# Created by Octave 8.4.0, Thu Dec 11 09:47:21 2025 IST <gamana@Samsung>
# name: rayl
# type: complex matrix
# rows: 1024
# columns: 1
 (0.47351236439790423,-0.94811066114458487)
 (-0.13346213526098255,1.1271661232037828)
 (-1.2666060420559397,-0.33761508134052032)
 (0.97540433161938001,0.016214335100011912)
 (-0.24070851095185261,-0.043792044277888714)
 (-0.61211820664450045,0.50900709861156079)
 (0.80646660652746316,-0.36437523557907914)
 (0.69962753790233478,-0.28665824256520189)
 (1.3271696614556063,1.548874929268544)
 (0.33880079579153405,0.9234200020129002)
 (-1.248420949953009,0.97706344006252666)
 (-0.46924375331191837,0.75309950356331934)
 (-0.32652837088135844,0.048841311551898803)
 (-0.30137748635154077,1.0945131163332527)
 (0.21762057065646859,-0.59682631134537723)
 (-0.48175988041095796,0.44614023714570139)
 (-0.2209130304932804,-0.25956668556514462)
 (0.71892364917126739,0.53137791806921642)
 (1.3878981428668844,0.64163706820066813)
 (0.12345823202052542,-0.27499761661937183)
 (0.12664602390721641,-0.79579947646977689)
 (-0.054184829351839936,-0.4842989754435793)
 (-0.53001805403715618,-0.56327201539303595)
 (-0.25910861544198521,-0.2671877138846665)
 (0.0019539818621883143,-0.51113827293263647)
 (0.63404587709362303,-0.45773799481095789)
 (-0.47967335786856929,1.461308277128045)
 (0.44930418534644945,-0.50411465384594545)
 (2.0530398636731864,0.24589252243444282)
 (0.16784281835086157,0.75149757242070325)
 (-0.31365722156879122,-1.2613445293041285)
 (-0.52059885818224338,-0.5159474487163549)
 (0.38574304573184243,0.22121426558609919)
 (1.3278057664219758,-0.11191513257531438)
 (-0.411221619423282,-0.4080185311634244)
 (-0.23441500096122772,0.40745399917874947)
 (-0.86481357185901309,0.71317537126296759)
 (-0.40823545156998814,0.099293755534284267)
 (-1.0293622628861696,-0.48460121404666601)
 (0.3202798192401286,-0.18687751895015026)
 (-0.04650598027276881,-0.72697077469978533)
 (0.1419973704609703,0.49290913243622581)
 (-1.7059790108452448,0.53051203765747512)
 (1.0700896477219193,0.48090169498643687)
 (-0.77031602003512922,-1.0367379122295917)
 (-1.2943335824639883,-0.59508519049351083)
 (0.3988244205732403,0.1311258312869252)
 (-1.0408567353981679,-0.3601818290743295)
 (-0.33642394263561509,-0.2190050581905964)
 (0.10463131651896326,-0.10897563128530813)
 (0.23575935070122284,-0.16306406737287299)
 (1.1645270857552463,-0.60737206398735877)
 (-0.16212478885900794,0.93990406465277176)
 (-0.61069053548565455,-0.67699803535507008)
 (0.67153365779232577,1.9820406134349091)
 (-0.88551029011237559,0.69512735693104044)
 (-1.2710907878238877,-1.6554601638656237)
 (-0.42595765239299366,0.41940848312922085)
 (-0.032115187502829878,-0.13633349137541068)
 (-1.6425516251667549,-0.78574344423852116)
 (-0.43927891945032072,0.57312591637003096)
 (0.036986335603072691,-0.10377256812510682)
 (-0.84468275816759208,0.26828103370747003)
 (0.74339313950446761,-0.61127361210356745)
 (0.23137477165400769,-0.69435290092343571)
 (-0.39393749884365692,0.29583443340784032)
 (-0.24049516038725668,0.030347150907149595)
 (0.43915083500581109,-0.47750169848048662)
 (0.36541562835614372,0.02716043515107211)
 (0.95046771987074341,-0.061150870575401084)
 (-0.0822391597484496,0.0599204415414505)
 (-0.35662006199591439,0.34275243979434417)
 (0.20122713349090521,0.65020691285920651)
 (0.97171602127560264,-0.30458979638847133)
 (-0.22258674978785162,-0.52781259055636065)
 (0.80063266248020071,-0.024617005016495941)
 (-0.51890522672821338,0.14790605442486804)
 (-1.1905137295069612,-1.3261927078439668)
 (-1.0921956399191286,0.6919689430833762)
 (-0.61115232770275607,0.35961561994453184)
 (0.85804184729237076,1.0993003947790909)
 (1.2970865650117214,-0.65477876923083778)
 (0.94468521298568631,-0.62313440060317749)
 (-0.85313238092422727,-0.15505086072767155)
 (0.60406546407430228,-0.52519438608179547)
 (-0.6649250669671074,0.46766923137862854)
 (-0.99784151916188935,0.89744106745379726)
 (0.39299416880412752,-1.5431474087790753)
 (-0.6525363686846255,-0.76912095517026446)
 (0.32300568406807739,0.8275215304359741)
 (0.26371090016458998,-0.023161340042638659)
 (1.0387333537913572,-0.69418424919076271)
 (-0.44744014731738868,0.18081056611492174)
 (-0.38037528701721213,-0.31797389322166003)
 (0.12065180485484421,0.18441645009599195)
 (-0.61912067056467901,0.21053352006075116)
 (0.81590794799215449,-0.52301148269685083)
 (1.1772816569180062,0.99935642997426632)
 (-1.2690431263880055,-0.32018952792337435)
 (0.019815717123086607,-0.34107024689466564)
 (0.77411091088367567,0.36862351990080189)
 (0.61499175064897271,-0.03875399139246638)
 (-0.66412202469878123,-0.81589879509069629)
 (0.445981194317628,-0.41327064420355814)
 (-0.940746346603613,-0.63413850261704185)
 (0.58483129674043277,1.1129794005628371)
 (-0.31059456014755227,-0.31276891503725435)
 (0.07267691740889981,0.061116774631119093)
 (-0.10572386643193049,-0.90399120159324076)
 (-0.60617478061833285,0.27843270269758191)
 (0.49035788111851047,0.3711669430095052)
 (-0.097885764452610741,0.041240544850155575)
 (-0.88872392651441301,-0.89650746932072811)
 (-0.23924535758877735,0.0097091867015704075)
 (0.88958063176286351,-0.39622390357584381)
 (0.66837004784685861,-0.70495200771819055)
 (0.11389821348558191,0.42312659857567625)
 (-0.94335729007332658,-0.53702989924139055)
 (-0.30270938949470488,1.1498759780325887)
 (-0.030347303830131067,-0.80653579670249265)
 (0.043874800159258986,-0.31788148165927882)
 (0.16475189357062581,0.98452080423098298)
 (-0.72708331709012619,0.2124966942253721)
 (0.1541191549017705,-0.46768370288619621)
 (0.83199190355741726,0.52556477824133552)
 (0.5861791267429548,0.22048325877947431)
 (-0.46041032020593564,0.9889540695593978)
 (-1.1242543589681846,-0.58490539031770128)
 (-0.33818123117072785,-0.36976589862026854)
 (0.57018006991007031,-0.32011748476550966)
 (-0.68846219255521124,-0.11946563235588986)
 (-0.30905186807448159,1.229198847263639)
 (-0.44061760007964446,1.9995692783327954)
 (1.2714029093570778,0.093812866508306225)
 (-0.048405184945742336,0.36854643168008927)
 (0.51640440534736076,-0.81544368258458977)
 (-0.65535061203061273,1.0375680070641875)
 (0.68887922761842035,1.2889714617185044)
 (-0.19777606340614501,0.52667984927197753)
 (0.23363725377178685,-0.84560455401060253)
 (-0.28528291094095543,0.19568058741706926)
 (0.41763057376395601,0.35111446554406073)
 (0.69664980787939457,2.0143496896960826)
 (-0.37160792897223865,1.3541696486913501)
 (-0.3120853421582781,-0.44018023495770842)
 (-0.45484165094885037,0.64634760929248114)
 (0.71497731777950346,-0.011470066379651644)
 (0.30064744037479035,-1.2950236348517203)
 (0.1664734567997733,0.49353343446418108)
 (0.31322710473347304,0.20273068425528065)
 (0.158809647251487,-0.48867396449084183)
 (-1.35363566941441,0.9028836208372899)
 (-0.50512611862221635,-0.22935517896616128)
 (-0.027301829083818202,0.47455032182975998)
 (-0.44137415801977142,-0.06731224681198511)
 (-0.0078648282153643834,-1.6321087957571436)
 (-0.19561431147212754,0.41735326599562766)
 (-0.68341073893399107,0.82992537943357114)
 (-0.54297597443275258,-0.038831329406610493)
 (0.080765999379794506,0.54849418969527419)
 (0.21309208902970811,-0.67735791800545808)
 (0.069545066711629966,1.2811816165512009)
 (-0.39920909447583486,0.11700753722396162)
 (-0.19784754949794248,1.1250365584413675)
 (-0.22520657028723789,0.76863702625312014)
 (-0.7240095851035464,0.351245140139818)
 (-0.23373956913332905,0.2127391446454257)
 (-0.0090355251097168354,-1.4598657764096017)
 (0.30510882975843667,0.64199695299128412)
 (-0.2436366926582548,0.1369319089110336)
 (0.3500535479766741,0.98450022417176408)
 (-0.093348970180900978,0.30962777860083007)
 (-1.8503310393342127,-0.015467973691513093)
 (-0.6140351442154679,-1.3709007353065841)
 (-0.57940754131478167,0.89750345602605219)
 (-1.9895609367633813,-0.17500571649599928)
 (0.57415979768250192,-0.49089613221968165)
 (-0.21517280352592211,0.75269607870728428)
 (-0.42198667434879611,-0.0050546470782022179)
