# Created by Octave 8.4.0, Thu Dec 11 09:47:21 2025 IST <gamana@Samsung>
# name: rayl
# type: complex matrix
# rows: 1024
# columns: 1
 (0.51894130263228821,-0.072434514632580715)
 (-0.011815372553890424,-1.1133504833045427)
 (-0.26427574856627623,0.97374555640897953)
 (0.25308115165017347,-0.85822487076077136)
 (-1.0436195057877558,0.045078208799691599)
 (-1.0207313110430734,-0.40198027797384456)
 (-2.040019602679894,-0.066545153289758185)
 (0.56555461003825713,0.70556737182370055)
 (0.16434160127051903,-0.070601491607344941)
 (0.69100836105802232,-0.43058789854406154)
 (-0.3481118222651392,-0.90089981587117118)
 (1.3360943513189016,0.014729958486806471)
 (-0.86014504516295642,0.19610198126211947)
 (-0.69256624967585911,-0.44647524923716553)
 (0.17233846417662724,-1.5599144137690464)
 (0.92162951685099714,-0.36445533111418604)
 (-0.29045401116335301,-0.55847215399960992)
 (0.0054098847165723885,0.99606945167306016)
 (0.56365317027535999,-0.39723264686033444)
 (-0.32853909900776368,0.070351915743903121)
 (-0.33679997597558958,0.45778840637417323)
 (0.43281870736119921,-1.0558309486105588)
 (0.0073888564591441108,-0.67770059616597078)
 (0.090093212537143919,-0.44550477283774342)
 (0.36281629604461824,0.51107182126089934)
 (-0.45358160466637321,-0.71843934836350409)
 (2.2155992507733702,0.7481858926830649)
 (-0.96684004476568264,-0.64304658209217536)
 (-0.28862258691328485,1.0372757303854434)
 (-0.56404720208650549,-0.013745304275541992)
 (-0.6227550140013316,0.43314210134756337)
 (-1.2326769889086266,0.16808256795778309)
 (1.2266157685844519,-0.71151256325001699)
 (0.43891681718962305,0.88738454808679423)
 (-0.13483469902088169,-0.36315021566971567)
 (-0.73673490224386684,-0.14765735615210884)
 (0.50837842457971927,-0.50373371436559655)
 (-0.10712226553040954,0.61960645415612925)
 (-0.88352860949988599,-0.17524073860442413)
 (-0.063284379720931039,1.0856412893465248)
 (-0.17161516441712465,0.41902252546113272)
 (-0.15174726167436053,-1.0314202465910702)
 (0.25825679044125155,-0.35995948998094301)
 (0.3549265293771201,-0.50205357833964703)
 (0.68259172618893893,1.0295751461807452)
 (-0.069240201024049486,-1.7790781875674395)
 (0.45952331020386389,-0.0056452488030256376)
 (0.90696407087647746,-1.0369634060717199)
 (-0.91136570428163777,0.27104285072032919)
 (-0.28868779659540889,0.28482368578660755)
 (0.088740659326748253,0.2191572936150909)
 (0.92849533228626246,0.23023673175410442)
 (-0.67614201185839384,0.071575872523601203)
 (-0.18779221519589706,-0.26565775540391096)
 (-0.87859964189792938,0.98442613770568266)
 (-0.83590043930970082,-1.0662510632875619)
 (0.32780021355021005,0.21982016995059125)
 (-0.50053550406400615,-0.09556814482101314)
 (-0.26731090278091885,-0.49440796187155978)
 (0.79424241505257287,-0.25693977352568736)
 (-1.6066083367594963,1.3572842034510284)
 (-0.2457326136408241,-0.78101250559432656)
 (1.1848836282291106,-0.19625989399816712)
 (-0.31121251002113093,-0.073197094790056511)
 (-1.383554603797593,-1.1112632601992471)
 (-0.58852129460676339,0.46392949323543131)
 (2.2687543796045051,1.0688595472008418)
 (-0.53719732079061555,-0.20765850770578656)
 (0.23195931083549509,0.69263691576896624)
 (0.29484014070226172,-0.56548176625821422)
 (0.26971335198952601,0.0081824804275392737)
 (0.045136911871455743,1.556462575805563)
 (0.20918530052984077,-0.59578328876036191)
 (-0.33306498958639669,1.1288555689595214)
 (-1.0281505328891847,0.82393633919986065)
 (-0.52411627337715461,-0.11783909840508122)
 (1.4718308509074738,0.68443659549376634)
 (-0.42178047565817589,0.70758926882647233)
 (-1.3466070338423735,-0.13532606816061121)
 (0.43337333085637408,0.47965098491831826)
 (0.59896192541434323,-0.69350070186989288)
 (1.9572012019380778,1.3349320079236402)
 (0.41600601181479946,0.2559978662532808)
 (-0.405594838577579,-1.2808359243012843)
 (0.91564995874741806,-0.12661223951009076)
 (-0.84696075985439945,1.108367355428785)
 (0.079574484669542422,1.33056532212247)
 (0.47568391934381216,-0.75013090996081544)
 (-1.1584090088469323,-2.1755286037386878)
 (0.45138587804724351,-0.7599576323126449)
 (0.18912947721647971,-0.77990889455378953)
 (-0.3436296693650196,0.55481248871549205)
 (0.81548977153512325,0.48372639730415323)
 (0.23144069882351115,0.89919308255764552)
 (-0.70253967117270277,-0.13786247656726086)
 (-0.61189344806096657,-0.2292903884632759)
 (0.2255116505446359,0.74589532079006737)
 (0.69518989274646015,-0.31603021149689142)
 (1.0025698318132341,-0.83643858528863624)
 (0.6742899651015184,0.21778831028588963)
 (1.6137406419277793,0.20172795679940003)
 (0.84577632901691102,0.94300268673111687)
 (-0.33606791581324308,0.26628296132089729)
 (0.58112380676174746,-0.32458401459589614)
 (-0.24916491040617558,-0.52243453348773294)
 (-0.50852985708931153,-0.47189825138405117)
 (0.12898474759729583,-0.1147716791657398)
 (-0.89971336928277423,-0.28883527293658073)
 (-0.46865958693155013,-0.0014353691360273202)
 (-0.18169350391963429,1.1717262410596183)
 (-0.57170655750489252,-0.75387340296868266)
 (1.079126496585386,-1.1633207136345802)
 (-0.94281889125187934,-0.33187852822952596)
 (-0.51616912819529381,-0.043292942809468882)
 (-1.2756466171215675,-1.2141485166310819)
 (0.0058539308222889108,1.168157719394056)
 (-0.52934211804592035,0.28996657461596298)
 (0.51197493025158736,0.69033720321411585)
 (0.73318484293486696,-1.0172195910991124)
 (0.31477657771512568,-0.69391218406093191)
 (0.43346729635388237,-1.4569960677817955)
 (1.2460520555313641,-0.14628620521285851)
 (-1.5172863153947567,0.34584843492504214)
 (-0.61040143912852707,0.47696466376280822)
 (0.14620300978670159,0.56343163422092468)
 (0.1915017421026895,0.34474055278173671)
 (-0.29590906326743383,-0.25191639511757957)
 (0.54079979026299385,-0.086784768670584933)
 (0.63428646749843076,-0.66605210604501086)
 (0.27335602140686593,-0.80038539910099193)
 (0.30751347299849258,-0.21289934296993071)
 (-0.34177076407269535,-0.35775408547551968)
 (-0.28737101881541438,0.29066052199800207)
 (-0.74632654745660543,0.64927027282837635)
 (0.77925754658066537,0.463238783293204)
 (-0.17168233378483899,1.3035432673071092)
 (0.76173983383621435,-0.10451063590400911)
 (0.51817703995204001,-0.64285752873501689)
 (-0.13908030524869566,-0.62032327899277695)
 (1.6713460100670021,0.074088327356378714)
 (0.16029626249046092,0.089245195952690579)
 (-0.83367033514151401,-0.57275156255343562)
 (0.28212575762036718,0.66314206942665721)
 (0.47454455027400638,-0.49085945073780096)
 (-0.85769683817556852,1.830717074378885)
 (0.532330361176508,0.48384107632543283)
 (0.61107389524813649,-1.1528252215071846)
 (1.1383145925947649,0.51042649558063058)
 (-1.2836211247620417,1.0118164921411115)
 (0.51553744436048543,0.055421930328044766)
 (0.51664645790404906,-0.5112521271202608)
 (0.99727967383784732,0.77172715287133253)
 (-0.78904768636841194,1.0682683931703669)
 (-0.78480685076936263,-0.312317933613868)
 (0.9858598768983543,0.62452401958823389)
 (0.32613037213374613,1.2555324501916916)
 (0.12982513742149407,0.18682423728563954)
 (-0.28847989877387026,0.36010222840420525)
 (0.11698259737752625,0.50375577886741474)
 (-0.23357668568102685,-0.29909098866313388)
 (-0.45384610707810219,0.18289947216737662)
 (-0.73542317852009709,-0.07025780916337554)
 (0.53493161244638432,-0.36845821309038379)
 (0.48326728846513822,0.27905401175597877)
 (0.99589364844952633,-0.54795939021854922)
 (0.12197317532141538,1.7190562987947486)
 (-0.94267767233619415,-1.0949714932322494)
 (-0.35241394304917539,-0.18961654621261467)
 (0.5359334707142005,0.83848422614263685)
 (-0.39986016455844009,0.94117821107821364)
 (-0.14390248283084051,-1.5192288374167688)
 (0.96909601532008371,0.98526476154817677)
 (-0.0052123790574929163,-0.40601410526571036)
 (0.93406383881402899,0.8957975352114127)
 (-0.88133843868802342,-0.32380792154043042)
 (0.2667724564064381,-1.1129700844376051)
 (0.71346065728223573,-0.54399279423209101)
 (0.53260509765331465,-1.1751579693196033)
 (-0.13685341234105175,-0.061325900714513146)
 (0.4889473651351004,-0.58087179921985865)
