# Created by Octave 8.4.0, Thu Dec 11 09:47:21 2025 IST <gamana@Samsung>
# name: rayl
# type: complex matrix
# rows: 1024
# columns: 1
 (-1.0193849243702398,-0.71945150118744006)
 (0.86115968425265055,-0.24097368585202322)
 (0.2033328142078128,-1.5259419262993352)
 (-1.2125721711820137,-0.1384197282750913)
 (-0.11258332090511677,0.57266385754767746)
 (0.0035262365590392006,-0.0026478467546391677)
 (-0.87349706447080888,-1.5280299975837168)
 (-1.1295845841657781,-1.0694703656655966)
 (-0.2588420909493479,-0.13967078466606744)
 (-0.30881682669840632,0.26669845013266363)
 (-0.51380513831751196,0.96527823166771909)
 (0.36506068684252563,0.42570338273026825)
 (-0.86219402990618832,0.7184699560079375)
 (-0.40997023727492649,1.0477973820585336)
 (-0.019931130955821358,-0.17626914764811094)
 (0.24297038299991325,-0.50233401058550431)
 (-0.58600129974522963,-0.77743835363823888)
 (-0.30892944162836466,-0.58823732428815478)
 (-0.36536428118755215,0.97154726522363433)
 (-0.7252929564499675,-0.36827014945051206)
 (-0.080558403212765972,-0.87340226624654893)
 (0.87217855098056152,-0.26863641073613248)
 (-1.0244227406569817,0.093085735178061346)
 (1.8312682665033686,-0.15714835166075547)
 (-0.14172444004322277,-0.077295484881163654)
 (-0.17801202331795732,-0.45406319975130693)
 (-0.79211563978015553,-1.6906961722367173)
 (-0.21187635787837297,0.42546513012148535)
 (-0.095179001514336045,-0.1254145235492132)
 (-0.3060568806627052,-0.73981426116460713)
 (0.31109416253296812,0.13637381021123274)
 (0.039682616734387721,-0.58398026795291758)
 (-0.46699816405805361,-0.55153168122664664)
 (0.52549018803784853,0.84483468472458656)
 (1.0603489401314308,-0.73897802034727778)
 (-0.20313234006876113,1.1850232956412614)
 (0.32410284613760842,0.67507940465069238)
 (0.23624253243459825,-1.3730633840794473)
 (-0.18359475004501374,-0.90250059709076713)
 (-0.015993474899231641,-1.1772120671408228)
 (0.29191707077115603,0.13750028015982624)
 (0.15959921442215752,1.3444678286581997)
 (-1.1722303596466452,0.27206100305473868)
 (0.60695035007163123,-0.1133888038390457)
 (1.2074252777137156,-0.3529104829339671)
 (-0.61735918788826427,1.2406102585703347)
 (-1.0517474968551337,-0.24713850274243926)
 (-0.77628934198840716,0.49999794808830772)
 (0.56635839078739958,0.23846058954722613)
 (-0.049459407858759644,0.18563240132528069)
 (0.43276517994722435,0.21591335756093716)
 (-0.93511521008560394,-0.20729818102017084)
 (-1.4460771024606212,-0.33724339840996054)
 (-0.84541597057569329,-0.80876808546456569)
 (-0.4390713980821459,0.086782590766500328)
 (-0.85891895868036872,0.96866222708217675)
 (-0.32896261376950564,-1.7189675855363062)
 (1.3286365022832105,-0.25573291874411941)
 (0.6896985628208756,-0.15649403959166192)
 (0.46115315811344426,-1.3112990409507372)
 (0.098749979729642515,0.17142443513920153)
 (1.3432871059452105,-0.032099059729348567)
 (1.0270591475623965,-0.08986808481186831)
 (0.41180362890547878,0.58355488631132202)
 (-0.77976172381948383,-0.18819517714360373)
 (-0.046992438872718423,0.45361345070159986)
 (1.0022860908906768,0.082828274012459291)
 (-0.10025727632134862,0.25138572523682035)
 (1.0729969172269054,-1.3982089149785213)
 (0.7490515734656239,0.83613296878126653)
 (-0.007550138135321377,0.27737293496263293)
 (0.38739322574864188,-0.0014532339482542234)
 (0.53561307548763115,0.2000083089262735)
 (-0.22603327421318301,0.59448378329856943)
 (-0.21132640877379999,-0.90650946269359833)
 (0.27292042273732819,0.16251552439451572)
 (0.8050938539529513,-0.8691831030848538)
 (1.2526063622074501,-0.31404329406332998)
 (0.14298427377431766,0.79731156972351958)
 (-1.2222531392001819,-0.34428690514420512)
 (-0.61665889862186662,-1.0107052547132529)
 (0.71967789348030908,0.57946982493939225)
 (0.37200697571133678,-0.20304270502193944)
 (0.68350091931060108,0.49201641938464913)
 (-0.012753120753037347,-0.088529178432055031)
 (0.58853894265636608,0.76092968561699581)
 (0.77669406044437528,0.6158305722223647)
 (0.5737647987133756,-1.2323564246425529)
 (-0.66673260493741238,0.57238233822072859)
 (1.4320406145824514,0.29377713694880148)
 (-0.87277312577506705,-0.25248727898822715)
 (-0.092839167940063305,-0.96557920701342748)
 (-0.42021909686029879,0.74069109801288646)
 (-1.0797981907505647,1.0055406149881299)
 (0.80215765483817547,0.94492918273456139)
 (-0.41817178456296444,-0.74550391716534326)
 (0.015820540047325138,-0.57859249824511927)
 (0.93126755732756672,-0.97970487142041474)
 (0.1358107144881035,0.62006758735431822)
 (-0.59196237051171807,-0.32706241645312639)
 (-1.1058571478845283,-0.52186121831443888)
 (0.046971633799076554,0.24987108422899956)
 (0.51607471675516225,0.66539867500171468)
 (1.0651750931418111,-0.35340987241168059)
 (-0.39958649700481264,0.15900848795879141)
 (-2.0035259958115952,0.49897054632027749)
 (-1.0265510591695903,0.13376768296253427)
 (1.2628745955987477,-0.73865199440250773)
 (-0.0051482019406460539,0.0021404681116355068)
 (0.11878557330238376,0.41373285434496704)
 (0.3692424856109856,-0.78862782995809833)
 (-0.70884854989470791,0.72250841481302208)
 (0.34237831303676924,0.56548944216047348)
 (0.73336635174055398,-0.072557907935213828)
 (0.35136510846010915,-0.65349168605463881)
 (0.94611099564900458,0.023583440078086382)
 (0.19411147677097645,-0.92361830932717393)
 (-0.37290949598899947,0.22600513102724284)
 (-0.011904826567980642,-0.63132465495961232)
 (0.13819957884458473,0.20088829069374936)
 (-0.032562863203069295,0.20484408924269321)
 (1.0213247979958124,0.89982517289316977)
 (-0.37026904084431916,-0.3015355130475324)
 (-0.24793408298149483,0.45067605055061183)
 (1.749365615765657,0.71526046764779516)
 (0.8246925333726447,-0.18794393053633907)
 (0.39876632473608581,-0.12212033662985838)
 (-0.32595738291655041,0.62922435314995906)
 (-0.14208967946593895,-0.60215649977686081)
 (0.36260138233463957,0.12915242116064865)
 (-0.6195476399419183,-0.47815291242697799)
 (0.073647033809912221,0.92720251265624465)
 (0.82415111814561626,0.65847619888816911)
 (-0.55785386977865636,1.3506646448316142)
 (-0.40602290360838056,0.14199854522652733)
 (0.64709924769164673,0.010583578904606372)
 (-0.46173082733549198,-0.063044347421875924)
 (-0.84463454265821281,-0.3267735893890894)
 (-1.3092342813647986,-1.3843219687934591)
 (-0.79032714443240992,-0.19510569966299607)
 (0.49074886878847968,-0.66884928340136518)
 (0.35767686458963771,-0.28995255068385245)
 (0.54718865231299774,0.3237363155735955)
 (-1.2603504982374694,2.0009430101809316)
 (0.81014868506588877,0.67661922575990174)
 (0.16733508256216553,0.17158589287742929)
 (-0.33262406189512744,1.2618988848925325)
 (0.50906236328139176,-0.33419167369476876)
 (-0.12106216553257537,0.74364192833638021)
 (0.053480929637074515,-0.40861310752970104)
 (0.51632519973161428,-0.47625593816830752)
 (0.22961978451425163,-0.065521050815606274)
 (0.64327741767054736,-0.38542318044612633)
 (-0.31496894226617322,0.054571866073971992)
 (-0.16036502966717972,0.44701787198277043)
 (-0.71642996073774867,0.78654918433393384)
 (-1.1503263097337848,0.12300014055693786)
 (0.97573127060444365,0.40376721952049416)
 (-0.54746781702508118,0.96520227560197835)
 (-1.1079831879297084,-0.90211962794694966)
 (-0.71846178602738275,-1.8018299698210831)
 (-0.10897598835614548,-0.22447668489274769)
 (-0.76228456084607954,-0.22545304984599102)
 (-0.63394742991000319,-0.25184159411222939)
 (-0.20882432133630294,0.13281987406660009)
 (-0.29220129177504583,0.68369950101749244)
 (-0.25551313422199418,-0.88536691710263538)
 (0.19214275070821754,-0.16043994631645561)
 (0.19036786651986537,0.43569584248991089)
 (1.0495258870519597,-0.28217781497362671)
 (0.026255114185225803,-0.47157007510207222)
 (2.1241288437197898,0.05997754041913983)
 (0.0053879828631488436,-0.32276812289687135)
 (-1.1368548557214906,-0.58469116335040094)
 (-0.42230958543657138,0.33986980428343316)
 (-0.18989496942168377,0.18700701886034654)
 (-0.31877156832484344,1.3244246962790149)
 (-0.90708932978020007,-0.51648408992536887)
 (0.40702749017847478,-0.050718152649947168)
