# Created by Octave 8.4.0, Thu Dec 11 09:47:21 2025 IST <gamana@Samsung>
# name: awgn20
# type: complex matrix
# rows: 1024
# columns: 1
 (0.64447224217880505,-0.76553158693117707)
 (0.70117652206809844,-0.75789498026649826)
 (0.60542122375772478,0.69621076419769323)
 (-0.79510056521131645,-0.75689303321866597)
 (-0.59917387140254164,-0.68678273003438206)
 (0.6582472681338255,-0.75373554629103456)
 (0.59989532600695816,0.71661346675524185)
 (0.64144165365864125,0.6595808311638206)
 (-0.76016147854681704,0.71104005780389068)
 (0.67387578423244299,0.68641370098329479)
 (0.690056342969527,-0.77448186708441824)
 (0.80104954875612755,0.71561689160758613)
 (-0.65763309919921564,-0.64901416064372497)
 (0.65403153927102831,-0.71090999794871124)
 (0.73351730681916683,-0.71067376829454221)
 (0.79584803526015246,0.70778490639404645)
 (0.71469096019677747,0.79564760249446609)
 (-0.65772861930901538,-0.75495371759786734)
 (0.72030521418642157,-0.78166595941293537)
 (-0.83174296812811055,0.6551369758047052)
 (-0.63969044432430278,0.70488123058779384)
 (0.65003318823221656,0.67729703841894717)
 (0.68587133539640366,-0.71031051696001046)
 (-0.6702615280851173,0.6162949867329981)
 (0.71301064624915034,0.74192579203154296)
 (0.76595907919876993,-0.70411796859783704)
 (0.74006465319907477,0.78219842180423294)
 (0.75255828421307003,-0.65364191967126073)
 (-0.71472426851823778,0.70657486287416593)
 (0.83290744545046369,-0.69295778787190165)
 (0.56251120441937674,0.69989737211472869)
 (0.63365083418633705,-0.77729765748873447)
 (-0.60332528391649287,0.81252186660730508)
 (0.63033281817581588,-0.74670077585318528)
 (-0.65615389982951255,0.54969474929082152)
 (0.58732918033560788,-0.65852346883000146)
 (0.71021266988920018,-0.61739633125031568)
 (-0.83778301918940523,0.74160528279425797)
 (0.56211195121680779,0.78652033836065272)
 (-0.62280569192253499,-0.75847330689762993)
 (-0.76447714170097514,-0.75498321265592028)
 (-0.68119185873268384,-0.73034244752333422)
 (0.73798305122729158,0.65289008410458149)
 (0.83929597608447037,-0.73887735319595926)
 (-0.73653762515330456,-0.70928524386680447)
 (0.76270337018073076,-0.63665929734115467)
 (0.72548539424778058,0.71882882556348571)
 (0.68814622284797944,0.55779575881142562)
 (0.71388902168564661,-0.67266118300683986)
 (-0.67404127808765302,-0.82730434712887646)
 (0.70586761099996864,-0.76876314593422412)
 (0.75542758653723174,-0.69041935287835099)
 (0.7216774283206121,0.53215525263284169)
 (-0.8108926707303068,0.73041606152134941)
 (0.62915615059000352,0.74781604548291714)
 (0.63491429388110332,-0.8878392673503579)
 (0.61423744983987127,0.70556659000930344)
 (0.72949497925104312,-0.67557725083487641)
 (0.57158394756011266,0.61739483325424405)
 (-0.75790987690444866,-0.59334629184307219)
 (0.81530379356060423,0.65690147505503937)
 (0.70142214141379444,-0.64634864041418005)
 (-0.66253195525316699,-0.58902208170453951)
 (-0.60465076234071302,0.7244899868170197)
 (0.74562623736569611,0.67204397580930875)
 (-0.81700445727048088,-0.86718463626353648)
 (0.63870532985998207,0.65025597962692172)
 (0.87296676917535421,0.7392384384610805)
 (0.6947611232264399,-0.6807095519477051)
 (0.80380164869670401,0.83576085246438203)
 (0.75667893498907279,0.71735634409973426)
 (0.70954048104353473,-0.80994836639902656)
 (-0.70494355971175915,0.77207006014221302)
 (-0.66304355948490956,-0.73487400419707982)
 (0.71271719483863394,-0.8008405064824754)
 (-0.55649891878502278,0.71279836774580829)
 (0.79876703121687709,0.8752762760247621)
 (-0.80147124611616161,0.60407733540260289)
 (0.64610807348905441,0.5929113766498515)
 (-0.64441520452314505,-0.62266784527619845)
 (-0.72139230805471455,-0.75757942885897711)
 (0.64473331707809967,-0.72980631584362488)
 (0.77953966691129206,-0.64055788540749869)
 (0.64035546858755532,0.74446851380022006)
 (-0.67177383406052105,0.71668338946684074)
 (-0.75835983254271055,0.72462810734850758)
 (0.7342789377863066,0.78970871383033836)
 (0.79818860198296226,0.64202804848724537)
 (0.69261325011722263,-0.74747237239153641)
 (-0.68746465760033781,0.68947548443486206)
 (-0.63115452682774476,0.68298150206193009)
 (0.70801484052533969,-0.65554385424870232)
 (-0.76740340760482617,-0.69365068602585678)
 (-0.80141939553816355,-0.70897811024695656)
 (-0.78876320882708228,0.72376515288430199)
 (-0.59365264526289219,-0.6385927327223726)
 (-0.81525289654270006,0.92501542975747697)
 (0.65817746380965336,-0.66830732440933494)
 (-0.80352665477400675,0.67560188017157985)
 (-0.75529141417737611,0.75918786365419)
 (-0.76871424187106696,-0.71955314656485336)
 (0.6471791295391498,-0.68733031315829551)
 (-0.74883787007091418,0.63936375471493179)
 (-0.84452544838560084,0.76270580188878467)
 (0.6583681802610194,-0.69091262381164642)
 (0.72121022074480368,0.56467366013242726)
 (-0.61193127518825685,0.71713414400740905)
 (0.79669253215762426,0.74861391463680449)
 (-0.71959656997689525,0.70309804838684531)
 (0.786412022803195,0.73078590452726511)
 (-0.70066991641800502,0.64927919848738358)
 (0.77736595129287123,0.71919377131469364)
 (-0.78768731248507651,0.78709978396708158)
 (0.58552317691043509,-0.71795214342185842)
 (-0.73117372895748645,0.7302331496686012)
 (0.7489734914886611,-0.73905124081907669)
 (0.56336214020709674,0.62358676011025804)
 (-0.72440039588749872,0.83156302565808926)
 (0.66408599540341984,0.72749280736280109)
 (-0.73015265271204466,0.69087564804974455)
 (-0.72641558968408937,-0.71553168000991407)
 (0.74508696509726757,-0.77473488026835025)
 (0.71206064251753642,-0.60399507242331651)
 (-0.61191776840542855,0.60893685474952708)
 (-0.73898461785563507,0.71768956637148806)
 (0.70353700794747909,-0.76242594589648993)
 (-0.6791200558986652,0.64992451767029358)
 (-0.70155522173022333,-0.75194540915715724)
 (-0.7605365881110483,-0.79720476724244116)
 (-0.66643233650617861,0.69332892280660574)
 (0.70824937259311582,-0.79470085517035982)
 (0.62948595379619943,-0.73778598510318871)
 (0.66905290518852945,0.82573323033568735)
 (-0.73008933875134363,-0.64936459282411207)
 (-0.74675253624179694,0.71309490517213436)
 (-0.7759243851818679,0.75781793920150864)
 (0.63036545906684738,-0.76754243930408061)
 (-0.72703805093548968,-0.71658998947837937)
 (-0.55354448502100362,-0.69877283106189059)
 (-0.81384975181192531,-0.6501334340730448)
 (0.8136218718664161,-0.60214515111607858)
 (-0.85192314707734307,0.67072925226851199)
 (-0.68340605247397612,0.76697008971027703)
 (-0.80406723322522078,-0.73285548695462877)
 (-0.78592587594628094,0.67290414839803037)
 (0.72153377137641272,0.59731245390832832)
 (0.75563005013903461,-0.59243962505436643)
 (-0.6478047777332816,0.69731677917547041)
 (-0.76341255988648804,-0.70670787213112007)
 (0.66450661104959563,-0.74521843255558151)
 (0.73232670551333112,-0.67032212004283842)
 (-0.6929252763128716,-0.60438096568889677)
 (0.76203118746928333,0.73418375208758491)
 (-0.69816704980192124,-0.77926579135130081)
 (-0.76788910747701311,-0.77372073014578346)
 (-0.77312607592763627,-0.59860153893938528)
 (0.70333711620875938,0.72850523674018242)
 (0.70068156415727445,0.63304058456463086)
 (-0.76420413684657851,-0.55326299102990961)
 (0.71279325831599161,0.85411522625536884)
 (0.64457880830136716,0.6879763897400788)
 (0.65160912914531288,-0.83067262508878237)
 (-0.78739413781484213,0.64944142984501252)
 (-0.65673032727868297,-0.65687669473062948)
 (-0.57657837100053477,0.77590408881503792)
 (0.67218658898782924,-0.78032006169216683)
 (0.80268585296598649,0.72153240367491656)
 (0.64616170317433352,0.75728122662972042)
 (-0.72695594090967608,-0.72068302386866756)
 (-0.61818094638263932,-0.6638663959617771)
 (-0.81255312209129404,0.73927035852906753)
 (0.69790779510347123,-0.69988313830028037)
 (0.66237680583316672,0.73071716703127487)
 (0.70763129484771747,-0.73043814480904756)
 (0.59305564438574665,-0.69451921606680456)
 (-0.61450517170927077,0.70720925333607865)
 (0.6253670026010486,-0.80470935046480008)
 (-0.73859018682772926,0.78867547431862661)
 (0.67916499527651397,0.66978040427131391)
