# Created by Octave 8.4.0, Thu Dec 11 09:47:21 2025 IST <gamana@Samsung>
# name: rayl
# type: complex matrix
# rows: 1024
# columns: 1
 (0.73088820024895085,0.54674020920073196)
 (0.48312962444737906,0.19392525657763748)
 (-0.96206920254481176,0.10667115216764855)
 (0.37471675743190402,-0.72710904640084484)
 (-1.0091013019182873,-0.67926664277137316)
 (0.10425458466037379,0.72361545161068563)
 (-0.20059798980626836,0.946312139188763)
 (0.53898489304206443,-1.3218601322376999)
 (0.30673133525330759,-0.21453628259785101)
 (0.8436923042120803,-0.27310767292777571)
 (1.0032706219218994,0.3996529870290102)
 (1.2432342735043456,0.038005006001375241)
 (-0.27945286555675097,1.5084244512396221)
 (-0.16721749030764685,-0.37696712992450554)
 (-0.19243469632950005,-0.29478345109153758)
 (0.054454795358731711,-0.2735222372503886)
 (-0.029067246073244971,-0.2391387986492024)
 (-0.56483698104917279,0.67696804464089289)
 (-0.22628166058756788,-0.23599488409140507)
 (-0.61735145279956716,1.4439562475207202)
 (0.47263767902368536,-0.42919711895457968)
 (-0.16922471932345828,-0.49839974006327747)
 (-0.67088790039890878,0.47051103355881113)
 (0.90662231500538071,0.087410458307304095)
 (0.59106030857075531,-1.3851498757989964)
 (0.26519305701648233,0.55596022881181195)
 (1.3177099598641697,-1.1188030497034935)
 (-0.36618697462811234,0.46448539868272087)
 (0.18848236784954653,0.31155206346214526)
 (0.92397469721878611,-0.13816360069838912)
 (1.8895556028918123,0.69934337273366087)
 (0.47773609809340811,-1.0806344985202507)
 (-0.3743413942591558,0.79242482012842386)
 (-1.0968020014145423,-0.50520305561613399)
 (0.10145550451372098,-0.60874012915850384)
 (-0.20383923906049412,1.1132371483521863)
 (-1.3547549628256312,0.5431977972590587)
 (-0.00011438809404347439,-0.20242933902975235)
 (0.58705075802397322,1.1235398712009357)
 (0.35457024457148417,-1.3425295569052418)
 (0.90750625738107471,1.8438292085489532)
 (0.31576312590922867,-0.56425018824715933)
 (0.2305378830478054,0.61057069544835352)
 (-0.62538796723315815,-1.7611029611498197)
 (0.54974953568649387,0.022217921546740793)
 (0.022508476619147538,0.087116911092954233)
 (0.23707453856503927,-0.36928459150949733)
 (-0.086752260941872161,1.2832473758416478)
 (0.12310136283096362,1.2248712882109289)
 (-0.063914706416940748,-0.58453441167223585)
 (-0.93613645406254775,-0.76127479902093753)
 (-1.2956751794206793,-0.20004965288536536)
 (-0.63551577684570393,-0.99148390731671043)
 (0.26471514434870491,-1.3347953605546068)
 (0.58087626197038189,-0.46122754436331548)
 (0.2796734598455759,-0.59970638355577055)
 (0.60923421765124142,-0.54413057615600102)
 (-1.1457954674079809,-0.35623216875679586)
 (-0.80689127903036872,-1.3334620249614137)
 (0.72980520398101401,-0.82122762464642818)
 (-0.13089668857932119,0.45434321462421251)
 (0.2549840026006055,0.68024576671357351)
 (0.95290759665485236,1.7740888615318169)
 (-0.50413602662889145,-1.2390571729950695)
 (-0.29382455167471511,-0.84568988732560135)
 (1.6927982246062747,0.39617143522181941)
 (0.63436302788075483,-0.96600339375504607)
 (-0.11759770497878091,0.62056685983539839)
 (0.12643070993433411,0.10548754470422726)
 (-0.7267662491587632,-1.0460566379929332)
 (1.3389957927723768,0.81537762853896512)
 (1.1935615963959179,0.52618923799413997)
 (1.1171747978697666,0.78395728765275696)
 (-0.75897398751251133,0.14667296199200786)
 (0.24657422412773933,-0.47129854439516228)
 (-0.42029238402782287,0.37518984496298435)
 (0.99845801686002522,0.11416781208386184)
 (-0.56497268698499048,1.0600306811713052)
 (-1.1014978916298808,-0.19169114741692211)
 (-0.78416506476466807,-0.9025692632434188)
 (-0.76237585967771238,-1.0205057910982593)
 (0.43343299186734119,0.10197924148608584)
 (0.5085356410106554,-0.2982325365408367)
 (-0.37358348897413318,0.10168126801545821)
 (0.5631908362996112,1.5253639460009432)
 (0.30433707379274166,-0.73816746200636152)
 (0.35293511243947873,0.34920899231135072)
 (1.44339535895708,1.0583786612356632)
 (-0.23703930749473956,0.40851642738535177)
 (1.9627441912433734,-2.0060720772432479)
 (-0.71617101514060244,-0.73880668760388102)
 (-0.47089653789664804,0.72045011003601744)
 (-0.21232442992837813,-0.80388027321483535)
 (-0.60059053669185536,-0.65359973403122806)
 (-0.018327832456861558,-0.050450024400342151)
 (1.4725616749679851,0.17124283838523668)
 (-0.09990734895291907,0.13544729982839909)
 (-1.3881719094631964,0.08899290500378676)
 (-0.89384777368238344,-0.33330818702500442)
 (-0.13418454852403697,-0.4978541941701482)
 (-0.75168601746945851,-0.39147606236278609)
 (-1.7080632512587124,0.17669576662623387)
 (0.69327054264677723,-1.2539280986501953)
 (-0.89131271354342012,-0.49938253862974602)
 (-0.34367227229797193,-0.069565257197459429)
 (-0.90370539011878526,0.72647249968748651)
 (-0.39192333769294829,0.51428410149004877)
 (-0.068718684562591503,0.66551432915556341)
 (-0.058887079965011052,-0.36001481806506663)
 (-1.264695607455556,0.77063113916933479)
 (-0.14613344440890297,-1.206600334858468)
 (-0.0059451090713662502,0.20980310554123496)
 (-0.24586440984126928,-0.43519768452632296)
 (-0.6906069490429767,-0.10550720353635007)
 (-0.78551977074811052,-0.42233794490799897)
 (-0.49294016201608953,-0.33926699484233031)
 (0.82014782360332106,0.10769700835369211)
 (-1.0196124496079171,1.324502867784112)
 (-0.83541090021106956,-0.29391647023903766)
 (1.1213981856952495,0.63721988357836046)
 (-0.31220196927347449,-0.14445115295133065)
 (0.96315076811000633,0.20063786070618483)
 (0.81444370415012057,0.79697810711304184)
 (-0.26456439932661396,-0.82459281399549123)
 (-0.30721923023665931,0.17746430233656324)
 (-0.69206291177789425,-0.17255418122130739)
 (-0.58036706978980357,0.43206180778140063)
 (-1.2392533111217057,-1.1428383007046217)
 (0.59880190134247602,-0.62467859568415107)
 (-0.43143713875196832,0.85824799452185518)
 (-0.78072684793823055,0.19904435082117528)
 (0.22253113689885684,0.60351128271030974)
 (-0.1056050735301276,-1.6710591482168637)
 (0.54294086512603235,-0.34504624981447179)
 (0.11115162556666469,-0.15062765695291519)
 (-0.69324827337251693,-0.13681857531659525)
 (-0.070168300256453764,0.4293062471025213)
 (0.28094058153505869,0.918420866892526)
 (-0.22266952788404662,0.59299101626250705)
 (0.16228265843432377,-0.87916024996899789)
 (0.17088485430440453,0.41254583678253282)
 (-0.66971952837878357,-0.10857550165400109)
 (-0.20599960517230248,-0.56032005068787782)
 (0.2452008314933842,0.50496161798532468)
 (-0.16831950483176833,1.0610656819980386)
 (-0.52632214006921563,0.82300026577338492)
 (0.31457148971774529,0.1755635297325252)
 (-0.77682805893084927,-0.51284852585586183)
 (0.48490040645580057,-0.6635303273413139)
 (0.86544744092464143,-0.93598681121420724)
 (-0.16120507867682271,0.44259235072557318)
 (-0.24407250922516452,-0.41847047232651136)
 (1.2918073521270941,-0.30506050038678928)
 (-0.24879655520728489,-0.52073976254773591)
 (-0.7163740611812387,0.14214930891229027)
 (0.11555461930485239,-0.89873028435381741)
 (-2.4237702721047798,0.70352137993804853)
 (1.0081521936306497,0.70298316910018932)
 (0.46565736723034873,-0.085536865654464223)
 (-0.8464044806690636,-0.20702484949926975)
 (1.0872699498675671,0.17929039203091363)
 (0.42313623896795227,0.32318919925169276)
 (0.96499404187931459,-0.44160393937592302)
 (0.78164512156626942,-0.31695475709126208)
 (0.42038230712698399,0.27097864677543848)
 (0.058562690415193019,-0.93871579424635754)
 (0.73858321859771237,0.63690548269514524)
 (0.55441166743647807,1.2457705145776192)
 (0.22042507822842738,0.14108950153428135)
 (0.70419674941894717,0.53535207054990064)
 (0.41314831075770619,0.047134053604888065)
 (0.21875114604359963,-0.030841019280646073)
 (-0.40975645182254311,-0.095415697526798182)
 (-0.28041976244209449,1.2786592874475478)
 (-0.85787692419084527,-1.6804627697582659)
 (-0.33732537089744663,0.016495956649746624)
 (-0.08266722070604704,1.090592041100495)
 (0.15848674039643393,0.088199408446872324)
 (0.070235621766382095,-0.0071686773193506553)
 (0.59417164162950109,-0.040242767477368879)
