# Created by Octave 8.4.0, Thu Dec 11 09:47:21 2025 IST <gamana@Samsung>
# name: rician
# type: complex matrix
# rows: 1024
# columns: 1
 (-0.44769363224121261,0.83917326842749929)
 (-0.33114931848721474,-0.61591191378150267)
 (-0.50379389918347961,0.38585767504718882)
 (0.8623068097018407,0.56811871369293998)
 (0.67291383549718908,-0.20360381826295096)
 (-0.21318630691119933,-0.95854884924499817)
 (-1.0047797673190981,-1.0860793138440923)
 (-0.84863073851475601,-0.21384576388932541)
 (0.21759260162564426,-0.50722171843576813)
 (0.010114431694751902,0.55391616180341807)
 (-0.53390493589053201,-0.64426925578713712)
 (1.3708395416465822,-0.93125830859839698)
 (-0.3623819915319354,-0.18130087933124472)
 (0.21325182223742656,0.49250390247544962)
 (0.52597915526986272,0.73021993402019714)
 (0.14996730434634939,0.24741028517071514)
 (0.69411303147531034,0.087299626196922664)
 (0.92131382789575056,-1.0372166378039052)
 (0.71279823576464452,-0.83879933150519692)
 (0.30725499622518548,1.4596397615362777)
 (0.65662880280953351,-0.27790670519871497)
 (-0.65227546617726995,0.37720926438752767)
 (-0.99436854278071507,-0.64271585681028054)
 (-0.36844208600713385,0.68563241866183389)
 (0.571681259647701,0.7378670438461723)
 (0.22157833521271517,-0.51141530310847261)
 (0.92736067985479309,1.3523656138654356)
 (0.18417259529759145,-0.61120905031159856)
 (0.13133671056909196,-0.30377727027530804)
 (1.0209686194140906,0.85205075873801284)
 (0.4971741242986738,0.43485837643793857)
 (-0.33849042278378522,-1.0919527339620503)
 (-0.81576846881494502,-0.57542571437706125)
 (0.24119516166702101,-0.69369774740964585)
 (0.38246948562612404,-0.25488559551968548)
 (-0.9593328079568636,-0.91313227756853521)
 (-0.38223673597055929,0.44522064432895248)
 (0.58804610847529259,-0.35710869890458874)
 (-1.1507310285046977,0.47358137548900825)
 (0.84178046768453441,0.27817028752523343)
 (0.23102052538096143,-0.42969819584200497)
 (0.19902687218238668,0.69625970324441488)
 (0.38501145360495603,-0.27581305066181516)
 (-0.80526845775980793,0.39891739981533575)
 (0.85076442396087815,-0.34820423989144567)
 (0.06710208479892682,-1.0639669540837928)
 (-0.17464560166213061,0.6571179958366804)
 (0.89817529223512782,0.92177738042647905)
 (0.47820808322622255,0.28875594332153565)
 (-0.89513016626747666,-0.37576534162162734)
 (-0.49101843154982061,-0.8182689292785631)
 (-0.49074528772738657,0.46150565999456816)
 (0.44272538955246959,0.86274623481440749)
 (0.95785586211966123,0.16781066402154654)
 (-0.41487091828828204,-0.40896714148724167)
 (1.1641671398429991,-1.2456350177418869)
 (-0.94346186694487633,-0.87177362143869697)
 (-0.41701419141202795,0.53013604721237706)
 (0.73332477880136948,-1.1885633058619007)
 (1.1174927871252376,-0.28065931378978082)
 (-0.22371952556318375,-0.58052265447718243)
 (0.95348381673341009,0.70818122494961067)
 (-0.5881581869361967,-0.21622923381693557)
 (1.311757657911818,0.0033338344108604367)
 (-0.72417742382250017,0.96743826063256677)
 (-0.62735968303931777,-1.1756995675572894)
 (-0.75073102853014084,-0.56602910090197145)
 (-1.2281361159795865,1.597393825282813)
 (-0.66268059670245039,-0.26367240446092099)
 (-0.74189988711920929,0.95149364416630355)
 (0.70328345333949494,-0.99559981433540989)
 (-0.70953646563003969,0.39599631385141543)
 (0.80371988048640475,-1.3131631752418911)
 (0.60720950440423738,-0.49991063618432596)
 (-1.174419976796218,1.0244823603966)
 (0.58769184205898928,0.63529624022219744)
 (-0.054561289454535755,0.8231071731947941)
 (-0.63996546981781,0.80966551831885536)
 (-0.28803937922916467,-0.85784537018388574)
 (-0.25793248564377402,-1.2056741085347227)
 (-0.17919389674559133,0.89219147141042154)
 (-0.35454195956031853,-0.85198303208686088)
 (-0.61786252920258489,0.7467702998081015)
 (0.77424533606358992,-0.16317320560670762)
 (0.41720905494705868,0.94560186849494765)
 (0.036967728127557276,-0.91900411757278833)
 (0.81034692047738643,-0.8320069846019621)
 (-0.6360356694049818,0.017921411468900805)
 (-0.19026296959953359,-0.81941608965575086)
 (0.53949300878040107,-0.36633013915425178)
 (-1.0244514391132504,-0.56566100963555654)
 (1.1648250307245986,1.1173021955431393)
 (-0.83961133623649209,0.64826430655512501)
 (0.44707004132228467,-0.36584536596614325)
 (-0.7395292373295892,-0.63317360352680563)
 (0.76423537516519391,-1.0325401975847506)
 (-0.74068086241930009,-0.4090099384029745)
 (1.0346868351321024,-0.74045039449446259)
 (0.9148597072308825,0.57949288983682223)
 (-0.23904155285946599,-0.41519748128258144)
 (0.35073131346975411,-0.45808268256988666)
 (0.61922230568985503,0.37340199811739172)
 (-0.46022136013259446,-0.30764026057664334)
 (-0.50391488795829498,0.51238950489757007)
 (-0.47362800088053869,-0.93862261966190408)
 (0.70983765799960574,-1.2156379419702343)
 (-0.22055153842089725,0.74471114595384191)
 (1.0550512495886133,-0.69890292751404337)
 (-0.76577714451706325,-0.38725442174885527)
 (-0.63749487708560215,-0.45299030095914766)
 (1.1357288877653475,0.52211221518519135)
 (0.54237646432638043,-0.49431294053012076)
 (0.58633977433583306,0.59006054164307076)
 (-0.78726129873446493,1.0207635168926517)
 (0.098128628693178843,-0.5544432946515826)
 (-0.89695380364303678,0.90351262138638277)
 (-1.0118209379502503,0.62480863864458491)
 (1.4139941406665573,-0.79075284599019291)
 (-0.67434545725869,-0.19347311016461702)
 (0.62980642202448678,1.3156307796198181)
 (0.63983640053720936,-0.62098988535928001)
 (0.28644167173564938,-0.56891611617511229)
 (0.338487674202126,-0.90320093344886299)
 (-1.2747622499749576,0.56810169306680292)
 (0.48310280295953795,-0.47902148559439389)
 (-1.6335167666737582,-0.16676797304471336)
 (0.56222403186249759,1.0105158263300593)
 (-1.0763092983633529,1.0072414472620967)
 (0.42934708076937778,-0.34418446399787406)
 (-0.52846666954138799,-0.51661089089926571)
 (-0.094027258328384766,-0.96501640512459486)
 (0.52034881920087206,-0.69696924141721373)
 (-0.35887003617928315,-1.4763934044573477)
 (0.25249164154662557,0.39243870765246452)
 (-0.96363355703383613,-0.67596170744222439)
 (0.55224557094342641,-0.91952902870013364)
 (-0.98030084420553021,0.6883773964301193)
 (-0.33883809008244625,1.0659824839979235)
 (0.35078553447245076,1.3104265156521824)
 (0.69795320330929489,0.61193124644600461)
 (-0.11111345282034357,-1.6288317172011082)
 (-1.0282133389434258,0.8644591227636429)
 (0.083150246105275938,0.86059725039419166)
 (-0.39064494579075199,-0.66529063889863815)
 (0.59606968633140012,0.26403990802273219)
 (-1.1128607022668375,0.55369618114500296)
 (0.27432573674859595,-0.51461896344447267)
 (-0.45085529159506715,0.68530658686132206)
 (-0.35319614894781448,-0.032937184237209982)
 (0.40599348339535118,-0.18565265932926528)
 (-0.66870349015778252,0.53259462576629246)
 (-0.27528537644948975,0.81671007858255051)
 (0.7827335457785477,-1.0120276458615407)
 (0.59880255815570282,-0.098140633011918166)
 (0.46559312527506652,1.0531145462770655)
 (0.87676187406559181,0.04601146811504514)
 (0.17560992370482054,1.1265145657193405)
 (0.33144187854057239,-0.01931038264269111)
 (-0.30525081886371741,-0.71874721089302696)
 (0.55161518728053938,-0.63981759156711104)
 (-0.4258896450546637,0.16091543735223263)
 (0.63830028771777969,0.2999444040678515)
 (0.79798018750802291,-0.56695596260776926)
 (0.54789485926039505,-1.0440509970836824)
 (0.38401721037537806,0.84868914667312612)
 (-0.84692095901466269,-0.20497680264972806)
 (0.72363417830683052,-0.64921056904762198)
 (-0.060614082759124832,0.75875155542353323)
 (0.29023393114102303,0.64577250646853357)
 (-1.0453919565411187,-0.95527833486746605)
 (-1.0507647694959823,0.66735775188018209)
 (0.57326136293565066,-0.81584339122140559)
 (0.40184753062823608,-0.47633528025257521)
 (-1.2072830202795639,-0.8318461465416791)
 (-0.026160092322206535,-0.31285197518259955)
 (0.99934485769113335,0.82675396004001145)
 (-0.40296483610389894,0.25706665972533654)
 (0.24394585637848926,-0.27031260257267992)
 (0.53926125434969208,0.97994199269005711)
 (0.58636671571181287,-0.19580530978218008)
