# Created by Octave 8.4.0, Thu Dec 11 09:47:21 2025 IST <gamana@Samsung>
# name: awgn20
# type: complex matrix
# rows: 1024
# columns: 1
 (-0.71437507968370395,-0.5891262434013842)
 (0.65672488225799464,0.82327103076196884)
 (-0.73363812292025921,-0.74758130987084725)
 (-0.69684992012169067,-0.78446822493352109)
 (0.66056751281704762,0.66420763952795914)
 (-0.7758933444720173,-0.69959632450607523)
 (0.63326311524547896,0.62662862384639095)
 (0.73780378492637011,-0.72516697831196864)
 (0.66938618889156409,0.73099524685417594)
 (0.71917612508591378,0.65126193912795005)
 (0.78703899175330561,-0.58349569350929187)
 (-0.69028288730904963,0.67810318475167353)
 (-0.75530271798535331,-0.63849940686389151)
 (0.71158720415053767,-0.63679327298121635)
 (-0.67948403860169893,-0.67920882496575352)
 (-0.58801129589888324,0.83251089437493109)
 (0.69291540843636945,0.72837099600688449)
 (0.80442066142706925,0.70344917727274492)
 (0.69393797004212676,0.69393438926138518)
 (0.71067451284074712,0.64306775657650717)
 (-0.74272956671956514,0.42582841415636929)
 (0.67348496641102196,0.76770608746917135)
 (-0.65487116438104664,-0.68286903614849059)
 (0.80675444712341848,-0.77626510598504783)
 (-0.70626779116483418,-0.73843848025079184)
 (-0.77131250280382468,0.61452165416489879)
 (0.68175908015752473,0.77420911285709881)
 (-0.73450872813920443,0.786004204915145)
 (0.61598479366518144,0.77215972018382251)
 (0.65642501244696561,-0.73513216410836202)
 (-0.63346603114349354,0.74809585479671825)
 (0.70455278771891872,0.65281644179893727)
 (0.69601241442522477,0.68414641714374258)
 (-0.70525057851581474,-0.68154553143147401)
 (0.71962340401150116,0.64536486217375744)
 (0.6398567878832544,-0.63594179475397994)
 (-0.63909148033029273,-0.64618015412771712)
 (-0.6335530061065735,0.68496330860108479)
 (-0.75406037142612647,-0.72453308002539418)
 (0.71027321402253041,-0.72008956661230084)
 (-0.81371577734009715,-0.7318501963456373)
 (-0.7477490411494967,-0.68299084429127743)
 (0.74833029228899084,0.79566263670977289)
 (-0.73543708792840889,-0.61590068804879283)
 (-0.65013385175601435,-0.70460601962618807)
 (0.64818530966260957,-0.64994193867463779)
 (-0.7495519627646654,-0.57933310263890259)
 (-0.68929317331591278,0.74439504130647116)
 (0.75962782335303258,0.70782104285584646)
 (-0.69004281898520525,-0.759399625012946)
 (-0.69597905361806811,-0.74679377243301581)
 (0.71279258525655653,0.74449819183947774)
 (-0.63595516277239628,0.65844881384419018)
 (0.77377425359991425,0.73676445531135426)
 (-0.58275893372109167,-0.62789426784337443)
 (-0.74101101968996741,-0.66874797672456276)
 (0.60188417507056735,0.64141163596880546)
 (0.73408666372765685,0.62722783112515057)
 (-0.6584419600261846,-0.65201264871419617)
 (-0.71059295711338155,-0.65395288384486328)
 (0.73902425361443691,0.68178541032118423)
 (-0.7565947678390802,-0.73737795668404815)
 (0.68464147640473416,0.73845842662549999)
 (0.5787570869834604,-0.74097475204535646)
 (0.74946551301848374,0.64638143848371699)
 (0.61951780193991979,0.84618372078467208)
 (-0.65421467266420474,0.71331531998932074)
 (0.81092526572120294,-0.70274579779401147)
 (-0.83676211188740368,-0.79677344514543214)
 (-0.6365531461523426,-0.69366434751322026)
 (-0.7168760077575852,0.67383444675305471)
 (-0.74785321997600285,-0.75014215235612414)
 (-0.60272002849029416,-0.74428349648895797)
 (0.71135414110026007,0.61124026100807871)
 (0.58571734091709649,0.76751069765860902)
 (0.6707743045239547,-0.76933565144965721)
 (0.64400541567668323,0.61665204110557448)
 (-0.75946294966087247,0.59916964753866453)
 (0.79253122592428127,0.70482531763888157)
 (0.62688042460762838,-0.66173555034868969)
 (-0.77584150898738413,0.6917203683040003)
 (0.64335970300656808,-0.79101492875324331)
 (0.62944908708848057,-0.72135664987729264)
 (0.58817210816738452,-0.7111260114699961)
 (0.61104608631371737,-0.59923172484275566)
 (0.73615483141957727,-0.68785126957401321)
 (0.6223756816422521,-0.7005805743071839)
 (0.67710847100047478,-0.74488064117027375)
 (0.62580409552254102,-0.76731398001653539)
 (-0.65099801445585703,0.69809603652696706)
 (-0.70989924798943205,-0.60658204331104182)
 (-0.58492162663591329,-0.69615388167270265)
 (-0.68289574649033591,-0.7136081720853662)
 (0.6105250942038436,0.72296532844497474)
 (0.81779930935950551,0.83348148377455689)
 (-0.76669316345733562,-0.75243044175624207)
 (0.69325670317111987,0.62027557681092615)
 (-0.67149107594062674,0.68231006497182034)
 (0.71794044036951077,0.48312928876610439)
 (-0.77335696600055215,-0.67555480786131927)
 (-0.61457737648729627,0.628268042117481)
 (-0.88176888538733467,-0.73257943185625551)
 (-0.6820817556122043,0.63923796011261091)
 (-0.73402666384336623,-0.69560510923944319)
 (-0.65850293404374227,-0.65942098808586191)
 (-0.63223785378490849,-0.56761300478677335)
 (0.70245152586669934,0.52324053076462163)
 (-0.7078903406766166,-0.64222315895639281)
 (-0.70004650687634928,0.75112472798733965)
 (0.67792790919333601,-0.67699214352429748)
 (-0.70245691567387003,0.86195496170975583)
 (0.68002392146713209,-0.511116628701203)
 (0.73561802319262293,0.84406139420908843)
 (0.66712130440077477,-0.68326430349103429)
 (0.6807068541554111,-0.7157901057030579)
 (0.7750383214938793,-0.68035926893363663)
 (-0.82585515572624102,0.62132325043913927)
 (-0.71082755249673724,0.80725016639823743)
 (-0.85182154242613395,-0.65606129820494852)
 (0.61656882796259072,0.69830897505175415)
 (-0.58773442476474702,0.59315013563103935)
 (-0.73318897774317227,0.64540755644462633)
 (0.64484458626714292,-0.88929729415277592)
 (0.77973807757481284,0.73893314444809)
 (-0.64359873073552532,0.77777759337094676)
 (0.74781573570907078,0.63836287030326755)
 (0.8022601835702815,0.76487603671987059)
 (0.70834403376193822,0.79679804352680106)
 (-0.65918061232643688,-0.71228372106134452)
 (-0.78567170750320825,-0.87366078902455246)
 (-0.6568249228855122,0.76317810211929238)
 (0.74274292180315427,0.74634304052930844)
 (0.7330952803484474,0.64622232640212096)
 (-0.63258998703475711,0.62635781266492352)
 (-0.76442532941559616,-0.80789311323065283)
 (0.73421700966973824,0.74687751766594768)
 (0.68261433057938992,0.72958714635939315)
 (-0.7135746822379514,-0.74537735282438378)
 (-0.80548388567585583,-0.70529969264295622)
 (0.72787207102004969,0.74419056590027011)
 (0.74788593527742442,0.82937675579184689)
 (-0.67957287136573097,-0.79778001630135453)
 (-0.70505047576242996,0.68237703377103587)
 (-0.70109415444169298,-0.71992582884335687)
 (0.59693929694423864,0.57562580914966321)
 (0.8280918483822769,-0.55540685874597318)
 (0.7016819306325891,-0.68291439090170947)
 (0.6670305716706918,-0.65294030599120945)
 (0.62197236596436345,-0.7722715087693387)
 (-0.56640623726708128,-0.64175847774758632)
 (-0.69406494614788461,-0.66799811958507693)
 (-0.54860597097264741,0.65644191150116815)
 (0.73909742181168914,-0.7379223639731044)
 (0.76765806731410435,0.6948613791897944)
 (0.77101429836365709,-0.78482623090686565)
 (0.69344815345537525,-0.80193133451846854)
 (0.65211578967694417,0.5307131419290374)
 (0.67933712528904677,0.74013277242307185)
 (-0.73479255131502563,-0.64861736385279767)
 (-0.64625834637555668,-0.76540223394999107)
 (-0.73385821006641028,0.77286416103765609)
 (0.77963381450656488,0.53628998424657592)
 (-0.5588031114118045,-0.77098754042018591)
 (0.74587747875203669,-0.70490490447982401)
 (0.64221389179894617,-0.66459936303538203)
 (-0.60448145873661963,0.69922538630783448)
 (-0.70096908311218387,-0.6892576105435203)
 (0.7307278174205164,-0.72582867926430894)
 (-0.64539779266041464,0.82302696038195766)
 (0.73779910444896535,0.5510176876766486)
 (-0.86071863800685477,-0.691357482441045)
 (0.75677124031314658,0.65659728524724759)
 (-0.59831470697677025,0.71481783355042783)
 (-0.74085171822027152,-0.79763018456660817)
 (0.71664870062716735,0.8216983913591227)
 (-0.83763278611616787,0.67274056772146096)
 (0.58508851725803868,-0.81803852153616574)
 (-0.75092254456516982,0.67104702009865158)
 (0.79697257969843882,0.79330597890446219)
