# Created by Octave 8.4.0, Thu Dec 11 09:47:21 2025 IST <gamana@Samsung>
# name: rayl
# type: complex matrix
# rows: 1024
# columns: 1
 (0.29303700361702484,1.1815433321351803)
 (-0.50672303329207635,-0.48891084334680601)
 (0.32361801849291894,1.0397054667455403)
 (-0.9061572212545046,0.64976526665650369)
 (-0.19581533577478699,0.16171336290756255)
 (-0.033507673272923061,0.24420225589665898)
 (0.35298681633739837,-0.10807161657406147)
 (0.7965825285248116,0.57071578776677478)
 (0.011929349920011267,-0.56929504305596002)
 (-0.21611857707448831,-0.12105031724215889)
 (-0.17962908611366393,0.46742897557818519)
 (-0.076867531602057157,-0.13101256934295247)
 (-0.49045464359137392,-1.3177154176207664)
 (0.24108411847377054,-1.3197086621613634)
 (1.3936565510984353,-0.26885085864021885)
 (0.5681006307979064,0.012647567882430599)
 (-0.34544380617007425,0.36499053508225882)
 (1.0068386325272376,-0.62859701996646122)
 (0.56628661568897809,-1.1525193852835092)
 (0.74511949637793573,-0.8385513968101439)
 (0.32894420752299847,0.66542008020647669)
 (1.8358492840644498,-0.47446309277172505)
 (-0.62206620052602257,-0.15129684124187784)
 (-0.51629157874994169,-0.064764744260378065)
 (-0.22321756922685401,0.58580203403718434)
 (0.79557069680927162,0.33178937429997435)
 (-0.39274986960391867,-0.45397490541117436)
 (0.59776063418871717,-0.55667522511012324)
 (-1.1117399529853083,0.52130802906613694)
 (-0.48394111539524753,0.043434085595646238)
 (0.43103993095970328,0.56805908150972906)
 (0.8734578862402832,-1.2970587105956242)
 (-0.88080833947144122,0.024254992886934779)
 (0.022061712646192055,1.1870278304286375)
 (0.15405851815681076,1.0748519067875062)
 (0.6989940415921766,0.46453515480582419)
 (0.094415673459634919,0.31310458238608613)
 (0.3590439948930404,0.27625862089857289)
 (-0.87487690085137015,0.39631339148189965)
 (0.49735770904702253,-1.3406524916039793)
 (-0.28693894240569962,-0.75834100903517232)
 (0.13363566977353752,0.76803058716627093)
 (-0.1202600755029235,-1.7433400312904523)
 (0.41453988066313185,-0.73567527197570748)
 (-0.6798160780206427,-0.75032747059164551)
 (-1.0043793901890523,1.4043307945041925)
 (0.24199441118992576,0.17724467079192063)
 (0.25333743988486934,0.45498318010623096)
 (-0.59836131795708991,-0.86118302393863444)
 (-0.28077024377585535,0.21940962954852861)
 (1.1745263424512731,0.13996831481775396)
 (0.49575116767938288,1.0199835925437102)
 (0.032778708191796568,-0.76029788889460326)
 (-0.15934051161836005,-0.034240821903466181)
 (0.86286512897242384,-0.1591650613209073)
 (-0.35151085795015197,-0.47812191089924733)
 (0.10016169903694618,0.14342691441654287)
 (0.81381806668191792,-0.11714481610112099)
 (-0.32848054713825947,0.47993115495857785)
 (-0.81206278007124699,0.14600950824405912)
 (-0.60523863948811485,0.3642592043552888)
 (0.075685199502831868,0.66162263278473499)
 (0.54948025100693898,-1.5249583290727469)
 (1.2370799129175714,0.96388100394385479)
 (0.46210588318847901,0.71287093481248709)
 (0.8941607166590122,-0.0082007209643885637)
 (-0.8767899229286702,-0.56927622285649804)
 (0.49023019634142617,-0.35645884019956853)
 (-0.58301446628394815,-1.1879368681067048)
 (0.070980182790696233,0.15111809519222622)
 (-0.18672906122954402,0.68423943227764539)
 (-0.7172758011017335,1.3431064507437493)
 (1.0395927094198401,-0.192730611799943)
 (-0.30766911643889033,-0.45985779210721606)
 (-0.14482879368867174,0.85547112939822856)
 (-0.033957393362538106,-0.14928723878239447)
 (-1.1466742669729171,-0.53735197982700467)
 (-0.40295507183057472,1.2146381103456105)
 (-0.42403881027052193,0.8306411033203942)
 (-0.87869996923712268,-0.61103272103062034)
 (0.50193709833378075,-0.61000606901867349)
 (-0.85047268797005426,0.091012219132833305)
 (0.20456438100729535,-0.45498923750643705)
 (0.45064748851301395,-0.22555935017079745)
 (0.26980250052308846,-0.57726269146399822)
 (-0.62104606668288631,0.82235001203005664)
 (-0.30979136414017255,0.42222276683979049)
 (-1.9303799792865415,-0.73540103145634195)
 (-0.70175489597889196,0.13654697617520256)
 (-0.56703813644615353,0.33478248618223266)
 (1.2884599481751802,-0.78722567722744152)
 (-0.37082995855937173,-0.10523476197662479)
 (-0.3263025794340903,-0.94569329716275452)
 (0.23967871208232192,-0.67817746743740981)
 (-0.63469019023880024,0.32512070568469009)
 (0.61932312638769194,0.12693436612588974)
 (-0.055289018433765574,-0.30666554739895346)
 (0.92434334227275716,0.30796251992638585)
 (0.28729302543068241,1.0394390704116241)
 (-0.1504495094593451,-1.2372971005695295)
 (0.34029004007878361,0.51878633349995362)
 (-0.59879474855361636,-1.1021579812450404)
 (-0.13303515363165994,-0.44039036317165281)
 (-0.19035388405395148,-0.32764045226313865)
 (-0.73274461696082926,-0.26161560269849005)
 (0.62971162366833811,0.35309343105684554)
 (-0.97426696691550241,-1.7030251019519911)
 (-0.36567777926426454,0.3206992714281805)
 (0.50656985218300998,-0.35618462802398621)
 (0.32133870090563554,0.089596373108965247)
 (0.89065146776913406,0.63374475335008784)
 (0.63206049612694892,-0.17627587448415)
 (0.22434674310715139,-0.66103470661432973)
 (-0.052170320058103459,-0.48992402421564291)
 (-0.096743727825067238,-0.59358404599029913)
 (0.2542916061965575,-0.22180426030167852)
 (-1.6392368405625333,1.0765634142948421)
 (0.071100278215719764,0.17397188387422138)
 (0.83888846850759302,0.20313012116096635)
 (0.33496210281970623,-1.2884014580292162)
 (-0.24055680697884674,-0.022292246819040087)
 (-0.39762446456651152,-0.58462430172858204)
 (-0.27843723154808409,-0.70766396444278157)
 (-0.60145128859194696,-0.66861591062693115)
 (0.47123370015285532,0.82479045343557367)
 (1.2250831453445223,-1.0503500728737123)
 (0.77066281527431579,-0.15768971458281728)
 (0.49803620888998101,0.96363054192658271)
 (-0.071202515749694772,0.61069151126262633)
 (0.047407198590093347,0.22311655619146981)
 (-0.31550264827807017,0.54673057120179758)
 (0.18682276159323374,1.8669988408777809)
 (-0.43612217206952297,-0.10655593820057507)
 (1.4347982657333112,0.93788835660766701)
 (-0.068367665052581683,-0.83402283666269761)
 (1.3085213670085567,-0.71967118933039265)
 (-0.91780178159216652,0.61559173854405203)
 (-0.36799950638457102,-0.29214715239550015)
 (0.15493475535510332,-0.88562385186170989)
 (0.32338380416429879,0.81728254904179576)
 (-0.3555781597201354,-0.79015806830531832)
 (-0.66687188317785795,0.30928396794467072)
 (0.9390087776100482,0.70796299227754145)
 (0.43989751792293608,0.79805175859807265)
 (-1.1327464626468193,-1.151084636264158)
 (0.45866116489244485,0.80885290749364214)
 (0.3154609695194821,0.20822687083835431)
 (-0.35740401852048231,1.5121418888629912)
 (1.671230645494882,0.16614632566419496)
 (0.27010715688493009,-0.031189851472027089)
 (1.0402977031632783,0.44070554522984323)
 (-0.13564577172881123,0.26790834711643585)
 (0.69431810644166103,-0.71105234737939971)
 (0.089559543737672109,-0.90432386545436882)
 (0.4875840244592855,0.64826284206180063)
 (-0.40432453673995894,0.77403273949636853)
 (-0.19303165521874693,0.39380957652778575)
 (-0.30721538773714213,-0.49537117068480002)
 (0.92207926555302433,0.37653684362249723)
 (-0.90814557729024847,-0.73831983312448846)
 (-1.2745118838846503,-0.56689736414329572)
 (-0.34875873351310627,0.97719619013823988)
 (0.84099217863515219,0.04518165440020977)
 (0.097139613401240998,1.7741504019737584)
 (0.4849007426071737,0.098470864092634669)
 (0.36496023484537976,1.6226100994918671)
 (-0.055282249441335557,0.34114048344877301)
 (0.27421656627074487,0.38717281473989373)
 (0.72254979677019093,0.78255641721423397)
 (0.29626388685453808,0.10964410780933422)
 (-1.1791655875277975,-0.74251796686975147)
 (0.24775967198838686,-0.046763731491783339)
 (0.16638128120061663,-0.68774582691773567)
 (-0.039763115503673674,-0.99244133018746261)
 (1.0804538844420803,-1.4085708864615012)
 (-0.952728154728258,-0.11766808199186723)
 (0.090928004378595606,1.3158913020798904)
 (0.39225403815385018,-0.84709963828820856)
 (0.60240017599226547,0.19058462163257664)
 (-0.60801913281523745,0.55621520241598132)
