# Created by Octave 8.4.0, Thu Dec 11 09:47:21 2025 IST <gamana@Samsung>
# name: rayl
# type: complex matrix
# rows: 1024
# columns: 1
 (1.119692269350588,-0.26925580187558934)
 (1.8190978276746623,-1.0850295279900628)
 (-0.40097018215009428,-0.22012502446728857)
 (0.22963828359036836,-1.1524217940043948)
 (-0.49811126024182389,-0.22877096858501861)
 (-0.17896827153139175,-0.49129472333522628)
 (-0.26187627510850625,0.14699349610118473)
 (-0.047893624726149664,0.30081343640636216)
 (-0.36413350983175824,-0.87679488919553217)
 (-0.019783825100271657,1.2662704714097104)
 (-0.10613261840866089,0.87473661974501504)
 (1.47759687846332,0.98282049560762796)
 (-0.77889039456841369,0.84453684767328963)
 (-0.91026635198691186,0.20051953301459341)
 (0.26543532742897313,0.86765153684227725)
 (-0.49120191197807883,0.25869118913147016)
 (0.71149882480507398,0.074878302460210822)
 (-1.2936902406727504,-0.45844833112848132)
 (-0.60896537198007983,-0.24089673171145493)
 (0.43117930890840483,-0.69212120525448428)
 (0.21529262892256873,-0.83797696678632816)
 (0.20424139248377016,0.25786689372242083)
 (-0.64895304212498794,-0.35534752619723131)
 (0.82175490769520765,-0.63679560268241009)
 (0.12304434386438079,-0.37527744409937563)
 (-0.51288711936454723,-0.28023114308560493)
 (-0.062469126085563681,0.45578778165727896)
 (-0.96208793384018021,-0.4899849582574432)
 (-1.0360850663276688,0.80084700930318609)
 (-0.30695850552981618,1.1842944999686482)
 (-0.47324603553761097,0.8027534491646271)
 (-0.47988518198722274,1.3211726281711433)
 (-0.65610434878016499,0.48612682539445595)
 (1.1356237965736711,1.1126471930028361)
 (0.092939516215337248,1.59904337368505)
 (-0.36214509098757586,0.44919493579617653)
 (1.0281523076896781,-1.1251367960366117)
 (-0.77347738329079407,-0.71198305284514329)
 (-0.046775422841263348,1.317254843577959)
 (-0.56053692428250579,1.3866263091585793)
 (0.30850322818277109,-0.51063972396165458)
 (-0.88000244549062145,-0.055009023841395832)
 (-1.2085847605939026,-0.31999680778492134)
 (1.0277702576216716,-0.37390129321705867)
 (0.7820000169166792,0.38197756426940455)
 (-0.78351312474506551,0.6380260379335263)
 (0.33315830469914842,-0.18494079392716711)
 (1.5026883287234178,0.86600931862858754)
 (0.13865943377547862,-0.15954315197590407)
 (0.47736329335026978,0.77580747256406757)
 (0.32474407331520172,-1.1304693487637931)
 (0.42832804835654387,-1.0705914164670136)
 (0.016009494991823248,-0.13482399180835261)
 (0.20598578473590962,0.99171895864173853)
 (-0.028148615337534599,0.33374242598847681)
 (-0.87517575904535305,-1.6729525070434483)
 (1.4234804440984279,-1.0112509592350722)
 (-0.84583288599167927,1.0645229552820645)
 (0.52773343425427444,1.1160918099489456)
 (-1.4868004956889405,-0.20680247417312891)
 (0.42449006182081978,-0.056573321702159785)
 (0.075348956254139648,-0.4750831851593621)
 (0.49465204240471833,-0.57838242509364668)
 (0.76339835834185776,-1.1977682855729399)
 (0.65861453108539436,-0.46815725671768482)
 (0.5917814918740435,-0.54020635863962407)
 (-0.84910902906253372,0.49081287485915548)
 (0.043386114690505878,0.30439161388536506)
 (0.84109105743700985,0.20301502088554746)
 (0.66692594203139599,-0.087706098883233385)
 (0.82950986919038627,-1.9677128481847932)
 (-0.23459777911875812,0.75774227744940814)
 (0.7765499824805604,0.017919548998872714)
 (1.2387700956746928,-0.32309722534253715)
 (-0.31206439312129092,1.1334361529952608)
 (0.99860966994385292,-0.42123997257023776)
 (-0.12934331075446631,-0.44996618894201851)
 (1.0801739562170907,0.074771199861081383)
 (-0.43701284422409914,0.15572719643335073)
 (0.56984840245096524,0.77212163785246901)
 (0.18158322540037741,-0.16284724110077969)
 (-0.54755146834841584,0.19314643652983288)
 (0.88323159851328059,0.69575765706605797)
 (0.12611288576915169,-0.093473791049885763)
 (-1.327236578542045,0.81858859096207226)
 (-0.1456958278168633,0.29273704243727133)
 (0.82472653578878852,-0.51221593612282224)
 (-0.47710127342975844,-0.021298113465148205)
 (1.4730047402621533,-0.58161076903145681)
 (0.10978405426861765,-0.92998926295360973)
 (0.28138944894428475,-0.15288688169816028)
 (0.098866877122177774,0.33261541316972343)
 (0.32256806823354944,0.45165836772706169)
 (0.050134055001585298,1.2515917310690425)
 (0.91862694324979,-1.2999399230390503)
 (0.1388386247907932,0.17762022337556374)
 (0.80105489391475881,0.26191214976302413)
 (0.10534652699292119,0.47810825896806425)
 (0.77088266191993593,-0.67715223312667605)
 (1.0004351826111022,0.126787402371554)
 (-0.17659486023367613,0.42489881441078892)
 (-0.25379120921134535,-0.74540052429858383)
 (-0.9949425946223176,-0.82654750530122967)
 (-0.76301303738423776,-0.014385156352103246)
 (-0.44285463549167375,1.3318452001117149)
 (-0.1896622111529527,-0.055967061893082093)
 (0.55067578942164142,-0.70235003217113245)
 (-0.2215419133820391,0.81254385805448992)
 (0.73023226925375451,-0.21279845760213967)
 (0.53360938108262634,-1.4498101359942053)
 (0.18005571241261387,-1.1255567079244804)
 (0.79291434946197648,0.71511041592815594)
 (-0.29331021906631505,-0.027410490621988887)
 (0.13350081198139077,-0.551604398361217)
 (-0.73521381781493678,-0.88103204461340812)
 (0.49199767788711168,1.2533276386577028)
 (-0.89085548411684623,0.93914746625674173)
 (0.60547229270139336,-0.22448873312397305)
 (-0.32804844598266658,-0.13970959196059896)
 (-0.22467657806179131,0.11081862852995183)
 (0.46239924180725844,0.26046015828689184)
 (1.2456074812788878,-0.052433405964699809)
 (-0.23384760321264259,0.20686941148859)
 (-0.78481571447612408,0.50896269666395733)
 (0.280244992979369,0.80859503732803828)
 (-1.0645527404664319,-0.46907455838515894)
 (1.0997336085344729,-0.23492647403054723)
 (0.2635581167040042,0.083094008992008597)
 (0.46266759522764456,-0.29227284058541292)
 (-0.22295880373239263,-0.12772042410967643)
 (1.246375420173637,0.083720269409154557)
 (-0.33289544288057077,0.50729189309953893)
 (-0.28629622461813492,0.19398154259323452)
 (0.58886052797591171,0.68041062403582442)
 (0.032445381550411101,1.0972319996274749)
 (-0.65985854314163828,0.2218610479201252)
 (-0.30603513823116335,0.77355994243776405)
 (0.78440028625983516,-1.6399308085947739)
 (0.67211804417833798,0.11717992472867345)
 (-0.0061052258576818064,-1.7376284181155643)
 (1.3331425936600827,0.84639100874681306)
 (0.14977476033667381,0.12254936597417299)
 (2.0645636760977224,-0.3814735156677147)
 (-0.23591785941685303,0.49087321653209159)
 (-0.12575447940341589,-1.2444187118260404)
 (-0.11007410685662787,-0.17409032090952492)
 (-0.44869354514297388,-0.68452142661865434)
 (-0.56437116025234768,-0.10192351986441148)
 (-0.75470337833933565,-1.1822939085815769)
 (-0.29525650955819038,-0.31766624977081848)
 (-0.57965683416208669,0.1520113694577061)
 (0.49608149466277318,0.27836152902966416)
 (0.5649091130075572,0.42781162190426758)
 (-0.30374843488155912,-0.17767573210825788)
 (0.61237676952111963,-0.62848254581275309)
 (-1.0217281221198711,-0.064422787102526691)
 (0.50432710102006029,1.3962824428160481)
 (1.1720527182578158,-0.18977792605135535)
 (-0.037553427077574697,-0.29282105938104724)
 (-1.3424146864638682,0.70155481273581011)
 (0.19272788538975721,0.91999165333803745)
 (-0.16654916889414395,-0.55007788967740479)
 (-0.49204891097150855,0.32352725485893458)
 (0.6175350527387341,-1.6671327654450248)
 (0.078291892305165603,-0.26029826455506644)
 (-0.84203127289138502,-0.050001700600896204)
 (0.69604177209609674,-1.4880302193221595)
 (-0.30028945598635104,0.31324817459233789)
 (0.3012407606967003,-0.40614397619570802)
 (0.047663793845310429,0.026099253633226394)
 (-0.80466092362821706,0.29595767587736865)
 (0.47865840211225996,-0.60161358475596627)
 (-0.33528949425376187,0.12889105130220124)
 (-0.52519707208235267,0.59059096548882772)
 (0.24696179865352066,-0.079331052209501401)
 (0.041949721367570525,0.55562109473105781)
 (-0.50351379154381104,-1.1993582319379481)
 (0.94521304452921029,-1.3935287361394213)
 (-0.35922815170438288,-0.25753395529394535)
 (0.44006594581451869,-0.017459213340082214)
