# Created by Octave 8.4.0, Thu Dec 11 09:47:21 2025 IST <gamana@Samsung>
# name: rician
# type: complex matrix
# rows: 1024
# columns: 1
 (0.4236640717459294,0.53901923521602146)
 (-0.45680200209536609,-0.96464896819610679)
 (-0.60523981723575204,0.85136780454300953)
 (-0.17310280133888942,0.5706167469412351)
 (0.58551661410226896,-0.87691944824624457)
 (-0.12887302929733327,-0.48857856774369157)
 (1.1911206987806757,-0.97426347312792139)
 (0.75393813487280426,-0.1067071559077496)
 (-0.95995631769533429,0.61438671081238594)
 (0.32157577327681125,1.1660694107846228)
 (-1.3872545481391705,-1.1315956741663378)
 (-0.17826844413441512,1.6013873306971815)
 (-1.0448388867196323,-0.5840428473390491)
 (-0.5471207602689887,0.99579867377583153)
 (0.63328191973594805,-0.73856844794762355)
 (-0.41350424036947192,0.83485562846106665)
 (0.57108012628207194,-0.54125692026785277)
 (-1.1541198408578788,-0.71403276118580938)
 (1.0721986904142486,-0.7655965852005755)
 (1.0024633183709561,0.68945919176452486)
 (-0.70630546002252392,0.30432806106277155)
 (1.0716001091251139,-0.70639696270222063)
 (-0.057301140240811677,1.0894654263426793)
 (-0.36587543950027723,0.10422239114600143)
 (1.2304587710557655,-1.334018239352325)
 (0.59759447333453952,-0.7604900711177065)
 (0.32801336220032329,-0.50935438934361876)
 (-0.34807857736798492,-0.13385481515360514)
 (0.66414564801254861,0.24315513515995466)
 (0.98029251835289122,-0.63218875533035912)
 (-0.99651727388683753,-0.010887258209643702)
 (0.99892845619647386,0.67923471883903008)
 (1.0529210555470911,0.56735533384184467)
 (0.45991503189268246,0.86451397818823661)
 (0.98536725072338349,-0.53416702547391881)
 (-0.36780926419250154,0.6706746588037531)
 (-0.45486301186790445,-0.96716959351327469)
 (-0.76318789779644136,-0.78538916981775209)
 (0.39843712303127699,-0.85938326734724535)
 (-0.67562137554036761,0.77282035598200538)
 (-0.40140219538954997,1.2494367796210022)
 (0.9327977525131379,0.52461873252308178)
 (-0.65698908191306049,0.40324141923940304)
 (-0.72382782430185755,0.47994461121803933)
 (1.0059426208060394,-0.51602346060405058)
 (0.19545129768298686,-0.69622135465899193)
 (0.81300128542602512,-0.95344177906190541)
 (0.10759312979583407,0.37777765977293604)
 (0.58630900607785907,1.5810810877020325)
 (0.476614198771943,1.3866444502665474)
 (0.17363741617047507,0.91025927602396695)
 (-0.18941673778104651,0.48239033258484254)
 (-0.50666678996121295,0.85069937158031883)
 (-0.96081109702900147,-0.089245092242355439)
 (-0.86233343094296533,-0.46590342122832085)
 (-0.93568683423156285,0.7033877134869847)
 (0.91651650430292597,0.85050275277054888)
 (-0.43233897580391822,0.065475261852867256)
 (0.54190896957848789,0.31302095518760453)
 (0.72580996957710597,-0.57215920351752814)
 (1.0002707632246188,-1.2416679286298364)
 (-0.56312972033424147,-0.17620812322491575)
 (0.53274476362116152,0.59532828242463998)
 (-1.1383852031091177,0.58652486023728478)
 (-0.6039273664893432,-0.42768003939628491)
 (-1.0306355021469069,0.11122249239044946)
 (-0.4744088315276046,0.83972126351445964)
 (-0.46059641097866399,1.2688383689239637)
 (0.45642783117628238,0.51574830185935139)
 (-0.658917689509673,-0.44169598994623616)
 (0.69832786733635943,-0.63146838710823239)
 (0.95269668917678407,-0.00023255566966173813)
 (-0.85491006436382255,0.43682041350296075)
 (-0.74801019022342308,0.18558784930078553)
 (0.28093710445805847,0.25842949778631125)
 (-0.052546335694198781,-0.35945777068795204)
 (0.84209312833109384,-0.56003475849763606)
 (1.2028570551482229,0.80042595867058197)
 (0.87325240309411734,-0.7644631006086533)
 (-0.55826363629440645,1.1397433614424315)
 (-0.45158400460351811,-0.90802347736806233)
 (0.54979868779911689,0.82478173656424392)
 (0.72403717768537934,0.35388014735074874)
 (0.61474223120139004,0.57615831191848976)
 (1.0228642866981286,-0.68361658847637607)
 (0.47474717773209835,1.2067175186806398)
 (-0.55008817513412989,0.81072360719756997)
 (-0.47350827739350448,0.17028071490319657)
 (-0.59038455314414917,-0.0028765877349360425)
 (-0.68118709110079223,-0.25817730421788554)
 (-0.55845799054461753,-0.53625748927561812)
 (0.61902434882883539,0.016469615334773424)
 (1.0469733626740048,-0.37026328970850764)
 (0.72078750276282577,0.96810608113658192)
 (0.51937940253028403,0.57462168811697767)
 (-0.88551207646260788,0.62507536464322544)
 (0.070413641141665803,-0.30353916338507292)
 (0.38691023519006218,0.14643366949739048)
 (0.51196886794434371,-0.76706795908688141)
 (-0.025737969515678749,-1.2397907849300536)
 (0.88589420598171198,-0.57818732225842362)
 (0.72313388212987451,0.65504726623928033)
 (0.97486454494919517,-0.91120291015500776)
 (-0.11868066119906595,-1.1754113781820674)
 (0.87732335816298279,-1.2335880741471739)
 (-0.47808532830615613,-1.0630463823037637)
 (-0.49102058814617633,0.050561685001038331)
 (0.75797892730050309,0.42745200743083767)
 (-0.82363766474225586,-0.054867402037843183)
 (-0.59397787392070245,0.1385708451177409)
 (0.71442320680496407,-0.28067262925998537)
 (1.0037623615743949,0.38483458199323006)
 (0.20769019967795818,0.010630350027936025)
 (1.2410965187938483,-0.80814275868001073)
 (-0.48117217400197632,0.45492043820634986)
 (-0.91124262442195714,0.62382304808801425)
 (0.67976407924328131,1.3829446938045531)
 (-0.042114633620862388,0.14118716471501652)
 (0.55965508350679372,-0.54550593010600457)
 (0.40772538318574281,-0.13984753216569237)
 (0.37671103194266781,-0.45796966326782312)
 (0.48962372387443909,0.29779675551827745)
 (0.8640733947996081,0.54787300112480708)
 (0.020360014575309393,-0.82646834445970763)
 (0.54719185730983355,-0.41924092996013096)
 (0.033082888048465264,-1.2003821367072469)
 (-0.5437775993455527,-0.37952875436454836)
 (-0.82877320875634419,0.97100464731718428)
 (0.71649443395480272,0.049532249063408584)
 (-0.294461195725989,0.99575155758424105)
 (-0.1123340675843324,-1.3921333795417796)
 (0.8171550444807909,0.79725745105343293)
 (-0.79080664875685436,-0.063344029181826578)
 (0.65809954741399324,-0.75782593902437179)
 (-0.046305645462423745,-0.51175188590176102)
 (1.0106966725571416,-0.4133548372147462)
 (-0.7573188087441094,0.27911540020110315)
 (0.79450107136693071,-0.18698972791070068)
 (-0.2396239411162977,0.36522305323964743)
 (0.2835802096920555,-0.85152307447755349)
 (1.1337773736504604,-0.53385689697980188)
 (-0.32280124655729181,0.33148517006112244)
 (-0.38016969336399831,0.44519989416025385)
 (1.1634745848084063,0.81742399410249211)
 (0.25639156032408006,0.66709539758865066)
 (-0.26936491601392498,0.83284851385424286)
 (0.18358386082804345,0.3733131282335298)
 (0.94338144217357556,-0.34864954762021)
 (0.41704696896352617,0.50601994752101975)
 (-0.77804062354341241,0.44489200109469029)
 (-1.0217107935168268,0.51336959178626618)
 (-0.6200993221515444,-0.62771302881637736)
 (-0.65367844318248025,0.37178521436861839)
 (0.88458840845320019,-0.54016080663448973)
 (-0.67648647582984733,0.74129057324294545)
 (-0.19695727073467462,-0.82816988098356792)
 (-0.25130063496968336,0.86226342424329316)
 (-0.35982460287869367,0.58031228684101344)
 (-0.65308197514658684,0.81650853549709446)
 (-1.0248663710035111,-0.45866596907276991)
 (-0.53471357353054572,-0.22569159406355027)
 (-0.27333701491134416,0.82809809476223806)
 (0.70390650622075424,1.0486717215260029)
 (-0.83362045453308486,-0.056935439387203246)
 (-0.35622684607733546,-0.76446069446167098)
 (-0.6070208788515612,0.21689965531580896)
 (0.71499475370072119,0.79918233704887676)
 (0.15741176733424289,-0.36462105893506069)
 (-0.37113827926571802,-0.53592921531738802)
 (-1.0406855151748977,-0.41659759260102391)
 (0.76410843092195502,0.36154912276048495)
 (-0.82626187108307203,-1.2992296606222342)
 (-0.14542285586699266,1.0034287314541168)
 (-1.2043271053413767,0.8063228958333224)
 (-1.0491098073389127,0.93333224133653436)
 (0.85052671315912809,0.68330789163822647)
 (0.5378961648168864,0.42436079344952465)
 (0.085586044736017663,0.78321627781262926)
 (-0.40784526260945753,-0.45662454487388771)
 (0.57269579675052096,0.86837568606134397)
