# Created by Octave 8.4.0, Thu Dec 11 09:47:21 2025 IST <gamana@Samsung>
# name: rician
# type: complex matrix
# rows: 1024
# columns: 1
 (-1.412797478021635,-0.97574862660257811)
 (0.40537298482018203,0.60898558166157846)
 (0.0038386240815083683,-1.0592257008305372)
 (-0.012592516202437731,-1.1608321381450275)
 (0.48892061336876119,-0.30934305717339367)
 (1.0467737091860059,-0.75698080924071698)
 (0.538639949354489,0.57636337862390585)
 (-0.52346087850371847,0.91323109531538105)
 (0.93820808488658558,-0.79279473821116186)
 (0.2033657816351172,-1.2853055238874682)
 (1.0992827678120114,-0.49485107558307417)
 (1.0130884771986619,1.0053081605256533)
 (0.44483840233103478,0.76230416562804004)
 (0.67298226860691168,-0.63569326136514392)
 (-1.0832286692956152,0.68122709666417625)
 (0.20538181155985169,0.24803652335840437)
 (0.46285273944797573,-0.027398141116885877)
 (-0.91621461046531649,0.84548579661856993)
 (-0.015258809970453813,-0.80325626037567621)
 (0.18527035592459579,-1.0866858322986326)
 (0.86286027939346943,0.14673596655662385)
 (0.96110531319542225,0.17399921915199468)
 (-0.76466840173067052,0.41620544401693682)
 (0.36756135307941495,0.28589521184613342)
 (-0.32244583336576582,0.65144167315383872)
 (0.38598443220073575,0.73253665293134951)
 (0.78543286905909704,-0.88035071388664488)
 (-0.12707896932576071,0.41674269881438086)
 (0.35030777072777941,-0.24548540591236076)
 (0.19388702137508046,-0.66879163866654801)
 (-0.35584917041193864,-0.71538966657093028)
 (-0.28395866580461993,0.95315999494668724)
 (0.44447775482633956,0.86420363730893135)
 (-0.054590389811341483,-0.34358810469082379)
 (0.47149000658403545,0.3911936624564864)
 (-0.60163031101208264,-0.10195393873836359)
 (-0.7244566946499803,-0.49783622822881524)
 (-0.99464201816577669,-0.25142240397096466)
 (-1.5274212272347818,-0.69784964395611593)
 (0.68364496373763561,-0.58727497421539043)
 (1.1456297013332732,0.86124574941615883)
 (-1.5990695659832705,0.51172836069587413)
 (0.80902473775767769,-0.33069419152285839)
 (-0.65421219453395096,0.95828486044752292)
 (-0.81715729116568769,0.061535359851600635)
 (1.0549028110900571,0.54446466904628821)
 (0.19327766388761145,0.48068678110340246)
 (-0.59795970606251425,-0.53576605648818998)
 (0.39256321977719444,-0.92935852864467328)
 (0.763705782594441,0.79454494054416036)
 (0.44803796686872904,0.38910586074672676)
 (-0.93163409164667343,0.026400430557376287)
 (-0.69071335532030542,-0.73366957748612227)
 (0.7533030083042036,0.44620622875879756)
 (0.32022492444816769,-0.56524844283695885)
 (0.52826129646747266,0.17045698728595479)
 (0.94303241092251355,-0.95780247918167338)
 (-0.63255565296446681,0.42593137945309756)
 (1.0070655505059927,-0.30613010992205825)
 (-1.0166172583550943,-0.81159993940876263)
 (0.62323415113955938,-0.49862083494334369)
 (0.96286165522542499,-0.20219048007900248)
 (-1.0793748171638304,1.0682734679050925)
 (0.71490009483270045,-0.17871492575139175)
 (-0.67122243774361601,-0.3107198681479732)
 (-0.56688824762470558,-0.49671977073177198)
 (0.77656058503653214,-0.93911355224872251)
 (-0.4324588241819729,-0.66017145778294473)
 (0.24871735045030044,-0.64140768670270532)
 (0.40818161475095238,-0.46829833051384406)
 (-0.80386991895720761,-0.26966482795562996)
 (0.43212957771518745,0.92772979431994784)
 (0.81498636316957362,0.72929756139066237)
 (0.52132779686148301,0.25989991251948519)
 (0.10438788342455954,-0.36680329065640294)
 (0.69489447597489729,-0.42668394581626001)
 (-0.67143077163366249,-0.84476649075110855)
 (0.86280701329692644,0.92907478265527332)
 (-0.65753094968239867,-0.7319649525429599)
 (0.02145515171531108,0.21497389929983468)
 (0.70823933687921214,-0.27093841017367759)
 (0.071761974402878348,-0.2905244704639014)
 (-0.57977527601608991,-0.58018992780080958)
 (-0.88472841162448179,0.34260013376456661)
 (-0.89195539792509448,0.87137141762687231)
 (0.13490515230071404,-0.15782248063604898)
 (0.91506544934341938,-0.61385732603198595)
 (-0.35971289477508905,-0.77489494497810252)
 (-0.50735937105502382,0.074986546741623528)
 (-0.84247568647057847,0.059494203373015198)
 (-0.71872021751763926,-0.73958154029962908)
 (0.29816757424042273,-0.21447607524762913)
 (-0.60389852828034196,0.53179439961457264)
 (0.87255933959989118,-0.060211683200135424)
 (0.56575958002675208,-0.54175445676912948)
 (-0.051207358626236377,0.5806387779495914)
 (-0.51128252321394285,0.12097321833696756)
 (-1.3456547574985507,0.71501149621425109)
 (-1.2500984418219561,0.5009259296052726)
 (1.0172155816909187,0.5004562523118169)
 (-0.3255489016038004,0.73259000956249687)
 (-0.6074091199440963,-1.1448923127461645)
 (-0.11059346422123655,0.260202728535806)
 (0.77034931605409673,0.84661943023978414)
 (-0.6680048451757471,-0.30964302526432441)
 (0.052179505107828289,0.43525602430570598)
 (-0.53274033410657129,0.47125780297081521)
 (0.58171525913356315,-0.4951773974821006)
 (-0.94126552769750915,-0.26863734613906509)
 (-0.58822717067936514,0.72309961206165241)
 (-0.84784106235373213,-1.0084412267345464)
 (0.11581893166774959,-0.71711000776537392)
 (0.6243532838171727,0.18019778226655761)
 (0.52063572841948547,0.37732630002971668)
 (-0.13687583734690748,-0.61721667625256371)
 (-0.28986041263124224,-0.63488024964470746)
 (0.67115246473192391,0.68005453481653022)
 (-0.51398329516454377,0.25002458300607344)
 (1.2606083924575719,0.89239706138786246)
 (1.0320423789879118,-0.53751718854821984)
 (-0.61419520479989798,0.10077389643487822)
 (-0.81626564677995739,-0.59847246672279941)
 (-0.44168005545293476,0.12979959068193084)
 (-0.79564494729629465,-0.36861915279998547)
 (0.80418072891499559,-0.73560714408679817)
 (-0.53952952255712117,-0.73893885425164718)
 (1.3528402942412519,-0.60437364310793129)
 (1.0779809790818675,0.4045008980697668)
 (0.79895047633515603,0.23545681920520484)
 (-1.2875338214970595,0.66044495016539817)
 (0.45569770674912513,0.029024981365492808)
 (0.36285410732185253,0.18901728733495896)
 (0.94666676766696245,-0.85182997412661843)
 (-0.48466165235955538,-0.90545456777428546)
 (-0.93928973883810341,0.24813397114669306)
 (0.25197539589029727,1.1125901031270633)
 (0.38047904689903689,-0.16425307074803877)
 (1.3781628195266284,0.47605361189103046)
 (-0.31055706243616266,-0.95670614704667245)
 (0.63687587601733486,0.17103774999589949)
 (-0.52299284151331915,-0.43139335894522385)
 (0.78279696138720156,1.1618007821696197)
 (0.30301844403027245,-0.49924949841175004)
 (-0.56461881060320585,0.82229976791810711)
 (0.10263096026785806,0.65366338104076371)
 (-0.5932805302970019,0.36514826244017839)
 (-0.48230228069792125,0.82071688489344152)
 (-0.73956382822150468,-0.78862709594075819)
 (-0.38485858240012977,0.83145153608873668)
 (0.60589891992397782,-0.7061814816914348)
 (-0.80385519824622731,0.60058005014994509)
 (-0.42322212861729536,-0.50474053995834922)
 (-0.55143976685323759,-0.90579903258376415)
 (-0.54457396211065179,1.0567630203108147)
 (0.55289037474243075,0.33073998100278318)
 (0.74992949924040209,0.61725145331799502)
 (-0.93509186439715797,-0.55752863139291287)
 (-0.6819582989038856,-0.67398233226552196)
 (0.10023465656561328,0.23812196497140023)
 (0.95826638408745812,-0.8148302555573943)
 (-0.43766296596329846,-0.29253094048659878)
 (0.63554115936266231,-0.26879297704455712)
 (-0.2060055737874209,0.3998759917633381)
 (-0.56628609170910738,0.43020120062648443)
 (0.72182467092967084,-0.3727714628625779)
 (-0.62638296073034427,-0.3683381682656347)
 (-0.62791576156468276,0.48484573173016671)
 (0.50663262303690459,-0.48392197070232995)
 (-0.70140250750426303,-0.61229849122049751)
 (-0.85883080197864026,-0.58636479555963239)
 (0.87404251697055635,-0.34569804818751365)
 (0.54691985236261254,0.6508254789051463)
 (-0.047114714157524634,-0.32524697089193155)
 (-0.20877236399866494,1.0424466805719685)
 (-1.0435541636865819,0.42877207831421438)
 (0.3409451503247477,0.9142369602823831)
 (-1.0071590616258008,1.5851304327019549)
 (0.085138825385246031,-0.47446182211135729)
 (-0.059353906414311763,-0.85153585922915576)
