# Created by Octave 8.4.0, Thu Dec 11 09:47:21 2025 IST <gamana@Samsung>
# name: rayl
# type: complex matrix
# rows: 1024
# columns: 1
 (-0.1975927806605618,0.9586611680081889)
 (-1.2358651412679271,-0.88237876486063094)
 (-0.44269584657157757,0.14803208610117188)
 (0.55920290705647369,0.056642724468914551)
 (-0.80087159952776177,-0.79410097542428892)
 (0.40859002467385086,-0.23139800809275832)
 (0.46417456323112094,-0.16605287093770282)
 (-0.13440650520431538,-0.58004145992462786)
 (1.6321783699021633,-0.2328332760007551)
 (-0.44707921692645852,-1.1894405243815251)
 (0.8414918759882416,0.67367286923113501)
 (0.054699251533092519,-1.0292446367596155)
 (1.0818167005422055,-0.25962724744502275)
 (-0.47573536188303456,0.96421272715879758)
 (0.84130495462254062,1.0152229945718356)
 (0.24206956520036529,-0.28255029666280518)
 (0.0038459487728952219,0.23313327906031139)
 (-0.12292157736258991,1.9216511145705311)
 (-1.3166583481330605,-0.16365324999810715)
 (-1.2279761759787746,1.0383533579960744)
 (-0.87691038685237566,-0.28612131174530397)
 (0.12075990056912768,0.17795267034147738)
 (-1.3526030795504924,-0.97921459985866399)
 (-0.36273274689066437,1.0232775894390995)
 (0.44464117355433025,-0.27919365925048817)
 (0.049557543027891893,0.67399534242928993)
 (1.1938838264873,-0.35903927023718502)
 (1.0188653748457404,-0.5957169986761518)
 (-0.16495298532233665,0.34488250441296181)
 (0.59472785533555794,-0.89251403245934768)
 (-0.36183633297578954,-0.48190089746856546)
 (0.46211787587504027,-0.10131698007622195)
 (0.57776437606323505,0.26742733150401155)
 (0.021088061089764631,-0.41890059388262085)
 (-0.45832842576318622,-0.25448693952681478)
 (-0.56016120421838234,0.030475653706756145)
 (-0.75230315750568511,-1.3696624333904135)
 (0.48977210333042837,-0.12072458816372383)
 (0.52844593438313325,-0.49143262854873287)
 (0.10553837725779508,0.63293242411404504)
 (-0.15029071685000947,0.13955991652252689)
 (-1.5789244039335149,0.8607390423251835)
 (-0.51914459638111365,-0.96126985507952067)
 (-0.77559553961189998,0.27795341614722424)
 (-0.25834302773421952,-0.24115325472469662)
 (-0.53281904136845659,0.46710368062549246)
 (-0.19063543586405307,-0.23168933266621328)
 (-0.31771562155740635,0.93026533612175233)
 (0.34681509343359429,-0.55567950800630039)
 (0.96974514453888883,0.43293505203748583)
 (0.12655409530617978,2.0822232219567431)
 (-0.41331439518620683,0.16870907583377748)
 (0.48809337463155911,0.13069575892087335)
 (0.15024555432036635,-0.73722139646618456)
 (0.7083783987275587,0.22882682726568515)
 (-1.7993734747773493,0.21153915589344474)
 (-0.37215525770923846,0.10379646825395128)
 (-0.82457178613034121,0.08495170339731084)
 (0.96878347957467414,0.5385876272048955)
 (1.272218220485392,0.91899199105944362)
 (0.59283012749176145,0.39944847359453822)
 (-0.53700319274936092,-0.66271790899365268)
 (0.25378366806668207,0.01387550242741345)
 (0.055206571596844944,1.3711572542970267)
 (0.11461316156129375,-0.024630715124165953)
 (1.3606784336568554,-0.15166960907811233)
 (0.067824546160515142,-0.66989838533110757)
 (-0.4963951921987837,-1.8150195891927736)
 (-0.064288625814702349,-0.93601852682162101)
 (0.72134001093901179,-0.31195052632669773)
 (0.13044871510675149,0.28577932240967879)
 (1.1295112137606642,-0.89037358454158932)
 (-0.028480283053083335,-0.0090400656010405402)
 (0.0148536083777977,-0.67558211336417773)
 (0.83846669479756475,-1.2417960384984861)
 (-0.33321875488387248,-0.70608604179008827)
 (0.034452548443466013,1.1458305047253501)
 (0.11432974163135434,0.55707034773612263)
 (0.21730507529717058,-0.33281831898726821)
 (-0.64316691342793875,0.21758794162425729)
 (0.74223879084147748,0.51342144139454604)
 (0.41549198703871804,0.1234260980134475)
 (0.099764769532826814,-0.51364523248794858)
 (1.4833691926019463,1.1582965271577585)
 (0.31349923439020133,0.36864799257678826)
 (-0.57450871196854025,0.11977065222924585)
 (0.21035676073729143,-0.55511098379122159)
 (-0.82209230409454936,-1.1697073675832905)
 (0.75674085779561229,-0.24101340040729841)
 (-0.73232766610736766,-0.026845334068178239)
 (0.20001275376805402,0.064791701338434843)
 (-0.45739115677186282,-0.27668669051668049)
 (-0.46284922161373804,-0.44579173384868026)
 (-0.30061109582801993,-0.47637898677301904)
 (0.14702502510204465,-0.067289591390504416)
 (0.6781075807706598,-0.51819710038594913)
 (0.908507851818802,0.0060183178664550141)
 (0.30805257913137024,0.32986793458559011)
 (-0.018772264491636936,0.56685292435535628)
 (-0.3732667085390432,1.0300970597045946)
 (-0.035277512582008619,1.096751791348147)
 (0.040646241276108525,0.30162265087151074)
 (-0.037907297234081649,0.65764518507859093)
 (-0.79704678954940611,0.011032254777308514)
 (0.36068409280209474,0.13124619562600814)
 (0.067586622435326371,-0.6578542288740481)
 (0.3972561012111534,-0.32029694223682581)
 (-0.10807053157011481,-0.76560533256511054)
 (0.012999771916963151,0.24105829327030798)
 (0.94089183729936532,0.12914440566580082)
 (-0.48280004591240955,-0.87324133401990922)
 (-0.28422199054261443,-0.94351061783069157)
 (-0.62348535009794448,0.91797703749685322)
 (0.68208890669458322,0.22504653398551872)
 (-0.60772301234885784,-0.022943322288337065)
 (-0.96131907630488334,0.15958234692534573)
 (0.66331640008774961,-0.90215241827851411)
 (1.0907485074601193,0.59955845359253634)
 (-0.35712238120603118,-0.4917408150290335)
 (-1.0567854500908918,0.76570005740872515)
 (0.65314808070543751,-0.56304900471996877)
 (0.25120803772032663,0.039376781770752545)
 (1.758677476640647,0.55686763575618758)
 (1.1148165982923739,0.48271802611659909)
 (0.93016480497521337,0.60851070815733688)
 (0.13613784150608055,-0.73617192172090873)
 (0.31878946885257547,0.63199576044809413)
 (-1.3294363901551987,-0.12326846368555844)
 (-0.44217976505712964,-0.73080173972878881)
 (-0.26773084880821529,0.36708351248384652)
 (-0.24131679315785731,0.97068331730395174)
 (0.9659560571041057,0.48953861786813269)
 (0.88956976961482681,0.055437796002323292)
 (1.1395118374424729,-0.37796943312224007)
 (0.94430979353311661,1.1364095103451151)
 (-0.69513888872009266,0.034979001151255906)
 (-0.38842851703576914,0.10565987799293547)
 (-2.3947988079037081,-0.50218653963444615)
 (0.78487404119740123,0.73004310782580728)
 (0.72953785312756814,-0.28880012197033544)
 (0.75539192441180614,0.7694890028586836)
 (-0.84233751414124503,0.62260059741968021)
 (0.45334427923891329,1.6711102386043084)
 (-1.6303917431303154,-0.034776578441582218)
 (-1.3067107790237749,-1.0019589215705078)
 (-0.36221137875372411,-0.76616152233214752)
 (0.32747798608067241,0.42413662181208173)
 (0.22902845944313144,1.329907835225002)
 (-0.77190310443402299,0.30037323346662376)
 (-0.62375610263373582,-0.52272062572718181)
 (-0.77807813951667926,0.1200502285690136)
 (-1.2657046845618334,0.033204557437238602)
 (0.52089299650930221,0.75413891678867639)
 (1.129074158523458,-1.4849023615144414)
 (0.72254350100949305,0.90889868328177859)
 (1.3924484961758885,-0.589834487711419)
 (-0.006359577619109158,0.42762625482454358)
 (-0.1728249808725445,-1.9854868030697466)
 (-0.67321877997238566,-0.90675548029931519)
 (-0.24393130850782785,-0.2015813659518248)
 (0.60094375779139186,0.61626010601094316)
 (-1.2088290627210583,0.0076049583345572103)
 (0.1698975906153046,0.25397326961374911)
 (-0.57471993144872313,0.51233677660210419)
 (0.5074435639226994,-0.28859112443728185)
 (0.062762230998920199,-0.040626789952057679)
 (-1.1583014432752483,-0.61444972370462014)
 (-0.51729670177288956,-0.11628086619978797)
 (1.3011272022828722,1.0899323182713265)
 (0.37000844203952171,0.96762602256424679)
 (0.9208729512965419,0.72323694330662147)
 (-0.11462139599347883,-0.0679845870112009)
 (-0.64160327217030877,0.33072065731030809)
 (-0.30857205701497614,0.031170269917807275)
 (-0.71886312236890504,0.045979358088891531)
 (-0.15499431169270561,-0.4238195186019903)
 (-0.12591964209693762,-0.93245862380092503)
 (-0.25335934629823609,-0.93794251989213218)
 (0.093558658690417046,-0.3586120026782661)
 (0.64838395203736754,-1.008881424372603)
