# Created by Octave 8.4.0, Thu Dec 11 09:47:21 2025 IST <gamana@Samsung>
# name: awgn20
# type: complex matrix
# rows: 1024
# columns: 1
 (0.85723624067767512,-0.69184981662939071)
 (0.82398993145280963,0.61176685090727312)
 (-0.95232785667603026,-0.75131347834253026)
 (0.68043146165589019,-0.74051776550920612)
 (-0.6861432228207579,0.79502435511974601)
 (-0.68909164705160808,0.59898411187753198)
 (-0.69337389087273793,0.78468104941988037)
 (-0.70948752815768479,0.71824110852983969)
 (0.71545184941103146,-0.57558202800468949)
 (0.66514615031336322,0.66013092882211211)
 (0.72908137813458673,-0.78516078845922543)
 (-0.67145379059138921,-0.67732250498284774)
 (-0.91959441023136756,-0.66283461093837903)
 (0.6556007861591171,-0.64368264157583555)
 (-0.61529705144247515,0.7636127219342832)
 (-0.54724506010054663,-0.72109452299472676)
 (0.67306016176385663,-0.79485455193485444)
 (0.61561462931689759,-0.66627097630601839)
 (0.7499720240729435,-0.74217846964902578)
 (-0.6240714453022842,0.44656415158753909)
 (-0.73077287199470142,-0.76014651126484212)
 (0.57198086147954408,0.68376347624486256)
 (0.62214519567571402,0.68096859589744196)
 (0.60570015879208472,0.75667207873004283)
 (0.64763333220852504,-0.74841011676419023)
 (0.70671431568775378,-0.73026512055558268)
 (-0.64471412179578769,-0.71047077132845082)
 (-0.66258329156099838,-0.67604232204044112)
 (-0.77566836112613025,0.70972512328681092)
 (0.82129734275274524,0.70333761477730872)
 (-0.66141417740365438,0.64065651407719038)
 (0.56401947034697841,-0.74619763565880681)
 (0.68862003192415688,0.65145817741910983)
 (-0.73583178056983078,0.64710265374378029)
 (-0.69795515930112217,0.7502642570673147)
 (-0.73146341251269631,0.77500141627144747)
 (0.877602481108674,-0.63663345037037078)
 (-0.67240335210037017,-0.62155553098879246)
 (-0.68856755023861038,0.74926065745447423)
 (0.72665839210083061,-0.69682422796878385)
 (0.70827015210866695,0.59240153673473361)
 (0.60995588188300021,0.65877391653602779)
 (-0.69941023139236214,0.67172884231936303)
 (-0.86311694208368928,-0.67238788707402419)
 (-0.74569819105911228,0.7187531479506688)
 (-0.7108637184189337,-0.55386835364396536)
 (0.64916479966854546,0.69002567327097897)
 (0.72504192357617459,0.71037064359921764)
 (0.73416116919211938,-0.77460449445216895)
 (0.71862578480642969,0.77423856659217272)
 (-0.65863780827161544,-0.68359034690030507)
 (-0.71061207384817981,-0.71715816724722659)
 (-0.59854312520958408,-0.69443867305174756)
 (-0.68047711095581809,-0.61415135046751335)
 (-0.67057966762730914,-0.61957246016046752)
 (0.73314105714071687,-0.74969362659775618)
 (0.73881251995218089,0.76410101415577725)
 (-0.66815193129688932,0.67793819540617895)
 (-0.70472442297390514,-0.63534846992485849)
 (-0.69686728032875744,0.63762674268645669)
 (-0.67693880265982531,0.62553114097477958)
 (-0.57477056900039303,-0.79492712168999979)
 (-0.73837726031140172,0.62590984327499433)
 (0.70818863551608524,-0.5785771008911812)
 (0.78797422032574116,0.65709569638119358)
 (0.81111238437743005,0.57056785389425047)
 (0.71892172561731216,0.76559348363986923)
 (-0.78044574121064736,-0.6908345191855968)
 (0.74691617343626493,0.70123813689787173)
 (-0.8141741917255837,0.82449174362468436)
 (-0.81009651418961193,-0.55965364524394057)
 (-0.68322682967028037,-0.81021031492429718)
 (-0.76078438817048133,-0.75330999204985249)
 (-0.83064421139365785,0.67634648762190108)
 (-0.78164639395880886,-0.79325719547205298)
 (0.68236923978725605,-0.68809044164774524)
 (-0.71860841592680613,-0.81638491257710122)
 (0.81860913529993073,0.56649153158615906)
 (-0.73960087069381308,-0.67180464645202342)
 (0.71581211054203542,0.81546212843360932)
 (0.6152789730859497,0.6741791226139765)
 (-0.74839676302862546,0.71281856322506798)
 (0.77256082579994789,-0.77781771379102405)
 (0.49750056651370306,-0.84643732869915478)
 (-0.74603344098308644,-0.76283109278480032)
 (-0.71042854891434726,0.69270367857326931)
 (-0.70697462663684729,-0.75316652060872136)
 (-0.7547268484620927,0.60782972016310177)
 (-0.68971622958970014,-0.8483041925249013)
 (0.79538742760223224,-0.729876897937761)
 (-0.69864087363127481,-0.64195988914902091)
 (-0.63938770787906518,-0.627767598847223)
 (0.82288707327927113,-0.64807074806627107)
 (0.66909006274962668,0.7274675155234015)
 (0.68137549641689621,0.74231635491527093)
 (0.66334450622037067,0.67714791325338153)
 (0.74008914194467657,0.74832217877703167)
 (-0.62923665477175039,0.77484938930247416)
 (-0.57136786843993403,0.61819726076583159)
 (0.74438213958490473,-0.67311874055099197)
 (-0.7355793137604385,0.69637092304125137)
 (0.73168025281987892,0.6997849771400636)
 (0.63108407057245419,0.8185940071964688)
 (0.79067371784794793,0.65029915690594453)
 (-0.73439476195408804,-0.60629564612462994)
 (-0.72800678424391618,-0.70268721996090944)
 (0.65136298347126376,0.68298919370572408)
 (-0.62912367087308507,-0.70963266261921565)
 (-0.63125570849597656,-0.7138071268096472)
 (-0.56969704523886522,-0.71530241097887071)
 (0.69994048616142246,0.65396717250778691)
 (-0.71606922497191661,0.73328541279300985)
 (-0.71469732999312252,-0.79987477070943203)
 (0.8547751315401092,-0.76386637009291491)
 (0.78276504327723062,0.64838429255949048)
 (-0.63542195350181951,0.80915457432294169)
 (0.61700487028245876,-0.73939507872200583)
 (-0.71529384351691783,-0.66943147314646678)
 (-0.53516308712899385,-0.57390205415148721)
 (-0.69266851094982351,0.5987562160603046)
 (-0.71787520950737482,0.57210658988223306)
 (0.74993500375447542,0.73928660726694384)
 (0.68496765794588799,0.69470644328200859)
 (0.72983210092276807,-0.62907368180577927)
 (-0.75703433141560372,-0.69020478700621313)
 (0.65879974851855849,-0.66545308914046153)
 (-0.7222388626759918,0.60547452298837279)
 (-0.69164315916794483,0.80419184463527738)
 (-0.74439162059850883,0.58003041438561631)
 (0.6850370305318344,-0.7609257121062879)
 (-0.64537995572566009,0.76812755225678542)
 (-0.63633731348318601,-0.67399545080296741)
 (-0.58666974751297563,-0.76764611976036579)
 (0.61252003340626726,0.68023186741157471)
 (-0.74019561928992073,-0.65070078122621855)
 (-0.75559078770002674,0.61104210482081112)
 (-0.57426826895279559,-0.75645522871619975)
 (-0.70299291667031405,0.74414714038354546)
 (0.59452598300028336,-0.66844980127333331)
 (0.69838393701642543,0.74701762184898968)
 (0.71174991741657934,-0.72285074455152354)
 (-0.72616475790858226,-0.64380802419219618)
 (-0.75387277906927008,0.7471387216242702)
 (0.68919212150776565,0.85910284397767744)
 (0.73122839342105972,0.6873778895282705)
 (0.78463774148933974,-0.64686628680069214)
 (0.88737010926861348,-0.75769434540770009)
 (-0.73520891546128364,0.61518462908535454)
 (0.67645229279737129,0.54946850183837181)
 (0.69326839155395736,-0.70118697608947445)
 (0.67416421787058267,-0.79340384342425874)
 (-0.63638167783273325,0.76332564009230952)
 (0.77869847019729455,0.80017645979141327)
 (-0.82014494500089097,-0.7559721435521688)
 (-0.7667623519861646,-0.7598198965614591)
 (-0.66187219562503907,-0.74451816632336243)
 (-0.80101694332386231,0.7047152814283939)
 (-0.73690473608685547,-0.65485005598030033)
 (-0.75801512236153212,-0.74125979169340028)
 (-0.67865391518074303,-0.56988330400682197)
 (-0.66789263465877957,0.6702869206133204)
 (0.81758360581873357,0.89398823516227099)
 (0.64943870579355401,-0.63115373444651524)
 (0.6651328273772813,0.68713784234014808)
 (0.66926309585529964,0.66800346368830654)
 (0.68339587064460916,0.7571698353683195)
 (-0.6356887050893385,-0.68870527349687483)
 (0.83155249690705235,0.7485947994347304)
 (-0.70660383485307743,-0.73128529556408772)
 (0.62281277466616036,0.70664089420988441)
 (0.68757027698592343,-0.62843131669426977)
 (-0.65248598142157399,0.57784220586533319)
 (0.71003680535549185,0.6965429838190017)
 (-0.70533545665678121,0.69686783566995814)
 (-0.60749606541576817,-0.6048538471631898)
 (0.81219867610651142,-0.75845696717385991)
 (0.70004466202530757,-0.56372885860150757)
 (0.72499827608196965,0.7091119003666515)
 (-0.83477229038875189,0.68793565169325244)
