# Created by Octave 8.4.0, Thu Dec 11 09:47:21 2025 IST <gamana@Samsung>
# name: awgn20
# type: complex matrix
# rows: 1024
# columns: 1
 (-0.71060012741497347,0.72108713163242444)
 (-0.79505649856253813,-0.71176072303561921)
 (0.67430860421883598,0.57507144708526048)
 (0.62020662587971254,-0.72014583643466956)
 (0.75756983447824788,0.70083785560887157)
 (-0.74159175211026962,-0.68773248946739862)
 (-0.5601350720131234,-0.74439816815983839)
 (-0.80271129462368129,0.66785144624468529)
 (0.73419804689016155,-0.73366470747175538)
 (-0.6959691329605241,-0.70832476150374024)
 (0.67700239081372493,-0.67113767807767999)
 (0.74192337998405578,0.70586783085121652)
 (-0.6802132212318025,0.72528325179090158)
 (0.75560797983060968,0.64329994490073927)
 (-0.67363112938834724,0.69593558590286819)
 (-0.70566318216082091,0.7683039308981825)
 (0.67782231892967337,-0.80737709511800959)
 (0.60046035349938953,-0.68616071509489318)
 (-0.83011116169561716,-0.73267442152460915)
 (-0.70480556601336353,-0.79763626458379766)
 (-0.60759395620066114,-0.79113523342940784)
 (0.70499639057192287,-0.74839135154582825)
 (0.71624940268998949,-0.725220681333961)
 (0.68280736732230451,-0.75365822366438306)
 (-0.53649749371996525,-0.65794293413281779)
 (0.73280612767446962,0.78453614990428322)
 (-0.81475644080571352,0.78421914547503613)
 (-0.71189743845455045,-0.70329613902457566)
 (0.65513436088179333,0.76111072048288142)
 (-0.74586961459997436,-0.53155286633924748)
 (0.68019350309987203,-0.61915505989381225)
 (0.67954871086890156,-0.7296365294365188)
 (0.70364903978951732,-0.76890764718283755)
 (0.70636929891481381,0.71884832919293018)
 (0.68776341368068084,0.55139292435029796)
 (0.60468749569997338,0.67148481432867413)
 (-0.70344767038751799,0.83941043275290705)
 (0.73068566531028245,0.63984657394501743)
 (0.71204477971067837,-0.71872962982922906)
 (0.68769190755219056,-0.73005379211683397)
 (0.63541676003302927,0.74533131255351215)
 (0.60570001680090391,0.70200977344011339)
 (-0.78584933515887945,-0.76609435279773908)
 (0.71350436863833244,-0.65547099628735972)
 (-0.6678319561475724,0.61120529668934453)
 (0.6153874656894267,-0.75145592307020026)
 (0.72136774951658778,-0.59714486897309438)
 (0.66934598401113443,0.77406867547385305)
 (-0.72784886138561011,-0.79887640938493854)
 (-0.64581667479015858,-0.70820318007736627)
 (0.64413777140916639,0.69803164642463689)
 (-0.70977799132611274,-0.72507961283005873)
 (-0.82331746469996825,-0.69325405639571269)
 (-0.68197446791568983,0.72707789865218175)
 (-0.60850339970889034,0.74093230792208875)
 (0.73432189449858354,-0.77396041160159734)
 (-0.64048137885696088,-0.58372043154509368)
 (0.79757056063746168,0.68570544776555964)
 (0.64339818015026173,-0.6542009580377729)
 (-0.75650886588740385,0.68027271886030072)
 (-0.88568802540062663,-0.76134222011269659)
 (0.71432055990556254,0.6471034760429285)
 (-0.65789473944409171,0.82911013707037051)
 (0.67743843963522832,-0.72784713520928601)
 (0.64140055234411997,0.7688441401811803)
 (-0.85725851951968723,0.68010254931026604)
 (0.66209626149149914,0.68720480106756032)
 (-0.66748159883252145,0.75871912812045861)
 (-0.68444640226334275,0.76387049230254023)
 (-0.7427898898507721,-0.73634144328677253)
 (0.64296182381650391,0.89439857598743855)
 (0.62988388758190506,0.72001937926361481)
 (-0.81611277321627629,0.64289503786408175)
 (-0.78845982638984657,-0.8483430338341883)
 (0.69474642049370239,0.4913447689592817)
 (0.65375568010733376,0.64135971517838497)
 (-0.77807140568925959,0.7860164233181709)
 (-0.83230291464666262,-0.7551592199336814)
 (-0.73567672469122791,-0.64952428158705633)
 (-0.70787595513350199,-0.72770779883759729)
 (-0.82426557272994694,-0.80568433460929711)
 (-0.77738460482179716,0.67209778549344745)
 (-0.61179092389473133,-0.73697055972674974)
 (-0.87405076634358303,0.64920472623114056)
 (-0.58979173838990484,-0.56710345156483333)
 (-0.79521955569055136,0.70954627543852256)
 (0.70592173692125726,-0.8334632798147652)
 (-0.71188173917899866,0.83720427247587281)
 (0.70846943403145868,-0.68441016519729825)
 (-0.75371794159436634,0.7355850040640427)
 (0.75248268939136009,-0.6789043459229005)
 (0.66214061983768291,0.68174198826191346)
 (0.81188204833703592,0.61540690730358205)
 (0.65899913788550157,0.83048170956322998)
 (-0.6818869210592533,-0.62489672022651688)
 (-0.72976958218182642,-0.6131132520553263)
 (0.73969807871235393,0.66687123955986016)
 (0.78497829533116315,0.69724727399983144)
 (-0.76710368856051525,0.71336892628956439)
 (-0.81744797572693106,0.59761076467015695)
 (-0.73205643597630066,0.78107682293358449)
 (-0.76989649380053249,-0.72650437930358691)
 (-0.79060470921808845,0.69349451938514917)
 (0.53313239528339718,-0.6729409898345643)
 (-0.78730321333651021,0.7950822253652261)
 (-0.60051964354828891,0.58763374618241626)
 (-0.71863896320426612,0.58735566011927931)
 (0.56738752389562952,0.69801797602576887)
 (0.67624216139428805,0.59632685946189712)
 (-0.76809510418735039,-0.73235109942223842)
 (-0.65225018102950971,0.72963363842120654)
 (0.73476086928548867,-0.71906625149010839)
 (0.68948220496567714,0.62429786753369165)
 (0.68163550056077093,0.75009906342698074)
 (-0.68547113355078237,-0.6806907685678919)
 (-0.75842015984009203,-0.62678476785505588)
 (-0.73036636347596218,0.68098323341468014)
 (0.77876477973004521,0.6577000454846873)
 (-0.73699159501355738,-0.69217892415844151)
 (-0.72507984289012362,0.71935997215154157)
 (-0.6815273170017021,-0.80174664200438406)
 (-0.71693592599059131,-0.65388956512122298)
 (0.62550000305971398,-0.66718298163812961)
 (0.68000014977761092,-0.68222733780043365)
 (0.63878757573375866,0.80975358477256765)
 (-0.80122137381818659,0.62032264093545997)
 (-0.80256911889214266,0.66007148841622831)
 (-0.58609478335813381,-0.73349292856337955)
 (0.67689208409372914,0.58885409598913463)
 (-0.76006667815672613,0.59756438039197757)
 (-0.79352287043451497,0.72319666016726658)
 (0.72094219877259413,-0.58919524393139389)
 (-0.75608438511668374,0.87362205469515974)
 (-0.76481309116628027,0.76179614239667337)
 (-0.6475814091104074,-0.62171652418232537)
 (-0.75256086665669142,-0.74173584451183672)
 (-0.6184908323538626,-0.75570150764253108)
 (-0.66633315131515281,0.73966986408866287)
 (-0.83147991789427966,-0.74565631134810917)
 (-0.66886256841517866,0.63573811560006122)
 (0.74897800229148925,0.72967804287869864)
 (-0.67522442800040383,0.85502225222502326)
 (0.74744694634108222,0.69389190185950578)
 (-0.78024565591788608,0.6868659505916318)
 (-0.74155345360792468,0.78693125974234568)
 (0.65160551309781689,-0.67245460310420135)
 (0.84307853013797507,0.68376974746347585)
 (0.7223987771360737,0.80896956195949077)
 (-0.74458840976342033,0.60834351856695257)
 (-0.77734045870067281,0.674377600473691)
 (-0.79152503984424472,-0.69178388554728576)
 (0.73213121717091134,0.73960834099721817)
 (0.84985314648031896,-0.68447388752062699)
 (-0.65267778564802315,-0.78739021112396024)
 (0.8004879701482196,-0.83632572490500978)
 (-0.69777645068646577,-0.66651328896881878)
 (0.71657489784892536,0.76161690300530305)
 (0.68733746213657043,-0.79896071984359529)
 (0.80380668974022251,-0.74800694304922344)
 (0.7608412679190647,-0.71281714322930945)
 (-0.71774002199349152,-0.65439746675914312)
 (-0.65265561444722464,0.82385454994832052)
 (-0.71218726627937534,0.76160913665750174)
 (-0.73428037953668301,-0.76262192613681934)
 (0.86464145608483123,-0.72532004653787019)
 (0.76234073755624643,0.67957325656076295)
 (0.76064323413967194,0.74637194632019721)
 (0.74491701607367111,0.69348300039685806)
 (-0.85058336254216982,0.77472346493787825)
 (-0.68965235374660538,-0.66002262197404848)
 (-0.68301019535051277,-0.81159558994252956)
 (0.81608845614047654,0.62767272348642322)
 (0.67646235809182298,-0.74309767997322185)
 (0.66737779682663301,-0.62654146636657737)
 (0.68413776262805681,0.74227682090421554)
 (-0.79184533922745137,0.68539750797682542)
 (0.72543349019365277,-0.69584892904893669)
 (-0.78450459407706308,-0.7952757371637541)
 (0.7285405309069386,0.76394209235465349)
