# Created by Octave 8.4.0, Thu Dec 11 09:47:21 2025 IST <gamana@Samsung>
# name: rician
# type: complex matrix
# rows: 1024
# columns: 1
 (-1.1701614772457101,-0.46239448055716553)
 (-0.63783498977927144,-0.74225223832712328)
 (-0.76080298344392383,-1.1128687998119169)
 (-0.66690290298494048,0.63019907874461434)
 (-0.52312091221044299,-0.31446307933396861)
 (1.2457113108741513,-0.36406353291329563)
 (0.0951998150082905,-0.85103947632574406)
 (-0.81273859583198083,1.2567288777246499)
 (-0.56355663410865542,-0.53467557139299926)
 (0.81846911394703969,0.088925346387139337)
 (0.44131358225889572,-0.3045167742095698)
 (0.1825328488152288,-0.76811696289909948)
 (-0.74037786223190905,-0.77324717608615301)
 (0.7703913807586118,-0.82851281001014976)
 (1.1581547769225926,0.69457487590925104)
 (-0.080522412823516562,-0.32651426834601016)
 (0.27162139588450196,0.62158784214177254)
 (-0.20208581385696223,0.41295021526851972)
 (-0.45666841304750816,0.38544393008929645)
 (-0.22487053679702423,0.35276180283510322)
 (0.53226297182786098,0.99942686334994335)
 (0.33748126403799028,1.2580830760487056)
 (0.37557406919637537,-0.46874450486852415)
 (0.621656954525724,1.5796507102201311)
 (-0.70356913688225464,-0.70590750685688108)
 (-0.38022054088233914,-0.29987520384113642)
 (-0.43140968305082739,-0.29926441891062394)
 (0.47003025506677443,-0.74055919968265693)
 (-1.2759051137836637,0.8226674171651297)
 (-0.61161655304087725,0.52432729264359668)
 (0.50853733689632497,-0.10349256579447541)
 (0.58088522674613463,-0.07086787883163298)
 (-0.25129667380119003,-0.50011181683142902)
 (-0.4491616388564515,0.37620802570121598)
 (-0.95406928866409157,-0.95043757850030053)
 (-1.1897361624861738,0.71854071432999533)
 (0.53070002004985284,-0.5955072817985112)
 (0.98813121423806982,-1.2057575918900196)
 (0.62578852319763023,-0.4646271238601779)
 (-1.2363511342784019,-0.43696736215688342)
 (0.3765440587623784,-0.72768715181638022)
 (-0.17531191900730997,-0.81730796439558895)
 (1.1578464148919896,0.50784069321825887)
 (-0.048698366159962397,0.45806198952475297)
 (-0.026891851388455387,-0.26061196447296525)
 (-1.1630669843980905,-0.97028116656857644)
 (0.70322065173006187,0.39936138082121286)
 (0.80496775724922598,-0.22107212175268898)
 (-0.020233657151111528,-0.90732523700246048)
 (0.29209462203180203,1.2221732083307675)
 (-0.91851675376158348,-0.63120145512128145)
 (0.70220921062573094,0.58123719129118445)
 (0.58779748724751479,0.16977630903344554)
 (-0.37189160269080568,0.045927704946543774)
 (0.63446667877843232,0.93860485424337758)
 (0.52680802627557333,0.58764049882657787)
 (0.74371766750383261,0.53852573252777325)
 (0.18668830412975859,-0.43784412465060341)
 (-1.2856484170847062,0.30712032743480083)
 (0.60679393145440175,-0.0023913476715309856)
 (-0.66609129150439705,-1.0318539938791118)
 (-0.62990334907482315,-1.1244421376037042)
 (-0.50550309469873989,0.58553314234596543)
 (0.38213376958958084,-0.14651077123839146)
 (-0.39167657567040337,0.83981417042424)
 (0.84105050694488692,-0.27857220906980584)
 (-0.76323506497899651,-0.77428156282300176)
 (0.46470063304762493,0.42184114897717279)
 (0.78642153795795633,-1.421474720371759)
 (-1.1044819168503199,-1.1220295114253624)
 (0.3911278189462587,0.18705839167689398)
 (-0.8034021309452003,1.011615598393274)
 (0.25156369777145809,0.91143084304662492)
 (-0.53395668269574947,-0.48510054578877709)
 (-0.043904490562450826,1.2078290146480339)
 (0.67862015550012522,0.65280394817248011)
 (0.49792971115569051,-0.74258322627736273)
 (0.22814623712447923,-0.41398784665486443)
 (0.086032412645863476,1.1657776246907869)
 (0.95040137713063721,0.41818693951968022)
 (-0.3298661096706299,-0.66652213216451361)
 (0.68390913758937599,0.55647163834016378)
 (0.45115475567043756,-0.53775277467395566)
 (0.33226581808115674,-0.78318995002076919)
 (-1.2111697176974612,0.71157401596290437)
 (-0.61842155265015897,-1.0545514800293705)
 (0.11722690780129449,-0.27956686274989717)
 (-0.54747287682413925,0.39631553215627341)
 (-0.15707864915340075,-0.69171246606726788)
 (1.2250325859969613,-0.52443556209663722)
 (-0.29801906318073701,0.18409474811295423)
 (-0.33802202171928908,-1.1429738478121851)
 (0.93383483787683386,-0.88172822517850091)
 (-0.98644844969549128,0.96554970935711615)
 (-0.014855273916046699,-0.17597637929637644)
 (1.0369778028215695,0.94888793118214942)
 (0.81302142884759332,-0.42793516928214637)
 (0.97315769511759509,0.77244418456257335)
 (-0.8170410680602016,-0.58789307813819924)
 (0.96082573595344845,0.21349272774524047)
 (-0.95759841627971198,-0.057258522615745211)
 (0.49263602609568857,-0.66593589357261407)
 (-0.3152864776888249,-0.68032343298561637)
 (-0.34790740994363084,-1.1343683889461391)
 (0.54692729720303312,0.68445165735373548)
 (0.93608012218947889,-0.54116823643757528)
 (-0.1997329274941074,-0.6161674019917297)
 (-0.60890256632313577,0.076948453060032118)
 (0.53292284282308222,-0.9100857906415204)
 (-0.77849385721970921,-0.59555279170896391)
 (-0.73317835547970001,0.98649890937486506)
 (-0.67009261560018218,-0.54992743703201319)
 (0.13031722302336579,-1.1317953515103041)
 (-0.061717552604858894,-0.40544964914587123)
 (-0.4837853756754491,0.06895056197092711)
 (0.18281283056557651,-0.64237498568658158)
 (0.46604680925409847,0.89982584005832977)
 (0.049254966860311,-0.97714996077655747)
 (-0.68570106435032552,0.90157377295453089)
 (0.4172846298967956,-0.67334672839414944)
 (-0.63588457770458262,0.45431599713410231)
 (-0.58376642567448322,-0.84853838736300036)
 (1.1181009109586602,0.05148559892842941)
 (-0.38037473849385717,-1.5395429668705956)
 (0.58285910429737553,-1.1796058838312864)
 (-1.3246847816496816,-0.58672810252131491)
 (-0.19540046291836841,0.48540415315828445)
 (0.72329899402495523,-0.63122438264289271)
 (0.42856953926222729,0.77365493485308701)
 (1.119798306202934,0.93736737062135245)
 (-1.0396408826853736,-0.039381047390821489)
 (-0.774612355410634,-0.73773788051238409)
 (0.8318218432355321,0.50522330085820222)
 (-0.76174452988491992,-0.24571083978334002)
 (0.33755700901319396,-0.56805071849414313)
 (-0.33895565463423394,0.91810822199265474)
 (-0.3342473942879553,-0.57161133343790926)
 (0.1899773728016132,1.5643944353413812)
 (-0.5663976242352059,0.36633743454390622)
 (-0.92842206802354943,-1.0347663378720169)
 (0.85243102440136165,1.2677287755115474)
 (-0.72551323166197279,-0.011566997591979267)
 (1.5909392075678483,0.085540746007306212)
 (0.71977619435037332,0.39612870442202364)
 (0.27652813396309928,-0.40928759346217136)
 (0.46812759630977846,0.16467495146551375)
 (-0.10689424787145502,0.75482589848726755)
 (-1.1843461122891703,0.37209716802701504)
 (1.2077024476557436,-1.0042448249614113)
 (0.88825984165005911,0.68596297941976414)
 (-0.74507395709464741,-0.77566639846758978)
 (-0.8602878754997072,-0.10082771019050246)
 (0.73965439480854323,0.21944269701010893)
 (-0.40056369031996863,0.51116934023044125)
 (-0.81928010963032882,0.14770924503552002)
 (-0.22998002820425828,0.75375329699698179)
 (-0.82430210532775572,0.43729615568713459)
 (-0.71791279761939741,-0.68505959139838091)
 (0.95522200145394609,0.31089648431952072)
 (-0.51778132730571136,-0.083248830366543763)
 (0.43364468798814471,-0.33104919278916056)
 (0.47848349470601409,0.025540079779360403)
 (0.2078121785420487,0.39442394104904721)
 (1.2370716758252667,-0.75554916558236285)
 (0.35805992443869317,-0.32284169874302149)
 (0.0038513750963347082,0.17465766494309831)
 (-1.0237728770058678,0.73485341892535216)
 (-0.0058733448880247119,0.86162251590326389)
 (-0.71528279266210792,0.36953062959876387)
 (-0.8793694808134076,0.73234689423731392)
 (0.5812860290398878,-0.080633967200885392)
 (-0.82757761238829941,0.17706093081940272)
 (0.80937955206452861,-0.90273101320975968)
 (0.77660758106287808,0.057139281905982942)
 (-0.9421059611305953,-0.48169839045897267)
 (1.1510560616401639,-0.35126593389186783)
 (0.95401388582023794,-0.54596437599527026)
 (0.79622370708535395,0.44864955560571151)
 (0.53671300476049333,-0.54779273118619232)
