# Created by Octave 8.4.0, Thu Dec 11 09:47:21 2025 IST <gamana@Samsung>
# name: rayl
# type: complex matrix
# rows: 1024
# columns: 1
 (-0.69403302854764182,0.76427538574272635)
 (1.1219514995477153,0.1937632799319482)
 (0.28136067340926102,-0.23766247592370288)
 (-0.71685168313395853,-0.74905581920790498)
 (-0.21238388296509236,-0.047119100567127967)
 (0.81540184342602318,-1.9130853792537326)
 (0.85838102836168728,-0.016795491932250384)
 (0.34062837952595532,0.90689688497700471)
 (1.2099579514746375,0.22307066339845127)
 (0.82167352761920243,-0.47786985340539795)
 (-0.75866109679639959,1.2299982787914672)
 (0.63816844136768458,-0.80738967327952171)
 (-0.45862189236133605,0.13554129822142186)
 (-0.5722771298589362,-1.0699101286957886)
 (1.0105769224354462,-1.6398879995130518)
 (-0.72089181623258591,-0.36032110571127784)
 (-0.77789084168086919,-0.14480112342188661)
 (-1.3852246828756816,0.34151466036497102)
 (0.44700588288002718,0.88545883709793394)
 (0.55132241306660301,1.5168997258241856)
 (0.81844705437144438,0.44988944292249311)
 (0.53839373393003309,-0.81870434412030191)
 (-0.49911689177248153,0.040297831393988598)
 (-0.015276004857607106,0.6804233920966325)
 (0.5201612044155054,-0.29026704429227618)
 (0.67291291147693533,0.19258763996544892)
 (-0.054781948126670754,0.90660362870454669)
 (-0.14995699220373504,-1.6217404471803469)
 (-0.74120443226559785,0.8906697206828903)
 (-1.0212958278669642,0.15905462585267688)
 (0.84793267377772474,-0.78103035436834423)
 (0.17339205093068794,0.09522343018521201)
 (-1.2508740760860089,0.50892568575237385)
 (0.20627386205884923,-1.3738383968266339)
 (0.27921514014595927,0.09831280471711365)
 (0.27560201894246694,0.35976836291735759)
 (-0.56099801662799265,-0.37339312874436648)
 (0.087448155834266239,0.84702483855104138)
 (0.57715178422724422,0.0029050025232652543)
 (-0.69981738336965971,-0.30888077712082507)
 (0.031445834496343611,0.08204780588584111)
 (0.62711976346100229,0.13500234641987766)
 (-0.27239987637401947,0.058972896579926937)
 (0.3960206558323951,-0.19520091390478853)
 (0.19763301554480661,-0.22154412748138202)
 (-0.57166528783300241,-1.0069041429409809)
 (-0.59599857669846357,-0.71132200002275991)
 (0.54241801265318446,0.30325430732423575)
 (0.41091052271152201,0.2968782398872401)
 (-0.29364615984932324,-0.22370708789912713)
 (0.1209780126337367,0.36450092974509163)
 (0.61143238269166456,-1.0618177190053044)
 (0.33051195679521655,-0.80656592573842034)
 (-0.077465529164806202,0.6630303427264298)
 (-1.2805815281028385,0.51307174587112647)
 (-0.22746640090083853,-0.82261217132807651)
 (1.3458976864786685,-1.3706030915194751)
 (0.83424236831204845,-0.62479006906051782)
 (-0.94441248615269269,-0.21367183947391977)
 (0.050512711058855991,0.37210290385940692)
 (-0.53795535963867325,1.0078117006234832)
 (-0.6453259649500267,-0.53017469793665906)
 (-0.31327666357641737,0.045680820015600893)
 (0.47899990006076909,0.29363160040320768)
 (0.06753424597953428,0.64955220042328954)
 (1.099538135343729,0.30750735138164309)
 (0.34549332005401934,-0.26006064732061596)
 (-0.90778230421006412,0.41703284340285673)
 (1.4025181939737372,-0.26850526007121689)
 (-0.11644199966408419,-1.4307651299976358)
 (-0.2060648126178263,-0.066178374365964715)
 (0.19643091829886089,-0.85950525634427755)
 (0.21397620423242325,-0.5450284467597647)
 (-1.0795585836249413,0.075176548698515089)
 (-0.39478845500928539,-0.51238650531012064)
 (0.63036007694423879,0.023421025084538194)
 (-0.53187693780713963,-0.71750983212954289)
 (0.017612137630039194,0.13401886242488731)
 (-0.086644973408772558,-0.35327067461906059)
 (-1.1611298616232579,0.65469014888763921)
 (0.36916183445323014,0.87218071553616627)
 (-0.87680221161211747,-0.96702446204508052)
 (1.3722004821219502,1.0128094174296609)
 (0.84531611266511575,-0.18199019701464481)
 (1.0021763549488112,-0.28843027584187797)
 (0.39307562400637186,0.23977582795900301)
 (-0.6488140685067767,0.35072943774699278)
 (-0.3735311157812749,-0.56280522277067957)
 (-0.45493578623589981,-0.2961484464188906)
 (1.4870923264219675,1.525619095590651)
 (-1.4849765322662409,-0.34235216780063504)
 (0.98149250084209272,0.60139724693599006)
 (0.21597799283762031,1.5757539267453091)
 (0.47284131768572885,0.69560051071459639)
 (-0.25585029114180868,0.91147970080912522)
 (-0.28792622867458251,-0.51121984723839586)
 (1.3116725063323798,-0.31869866688853582)
 (0.85998582062796591,0.057261435449642017)
 (-0.21222639394798334,-0.37024860614091015)
 (0.013359901774054994,-1.3225760690272064)
 (0.12348014384603428,-0.72972940940059239)
 (-0.15232401492898123,0.12048094710594566)
 (-0.44254647122256879,0.64967001777207556)
 (-0.29805204620690151,0.43787318204533932)
 (-0.46978109842219823,0.60582002801441492)
 (-0.4119754336729175,0.51206985518921655)
 (-0.41189058770915793,0.91273869566613097)
 (0.071219576613525515,-0.75069352273615064)
 (-0.58147210780059477,0.45111806823329392)
 (-0.58095257200699313,-0.36705132327549589)
 (-0.93229917666072826,0.086648452587226588)
 (-0.0098103847414576228,0.84347324170959492)
 (0.27157842470041488,-0.44576686788251879)
 (0.68807245333054068,-0.26612185070247174)
 (0.25742656225571137,0.24522462844504697)
 (-0.80009352830025349,0.33683516043511297)
 (-0.95376366166152193,-0.13890687559599529)
 (-0.44207880684951395,0.18036755383825409)
 (0.1115084051926115,-0.32477639798295371)
 (-0.32265808356191289,0.17322525820642942)
 (-1.2699409993981949,0.18406659133035685)
 (-0.21022325415060938,1.4622562680387978)
 (-0.25800295832943732,1.3823300152095652)
 (1.6629563575486705,-0.56266907337105654)
 (0.47991965934092895,-0.76197205014610692)
 (-0.47917110228053733,-0.98070842717609885)
 (0.92428916161854258,1.0631573184880576)
 (1.2725805229942522,1.2625842882969558)
 (-0.56308449663804172,-0.11192785787652965)
 (0.28069718684039113,-0.37607280106627072)
 (-2.3817946172618565,0.16842664998667756)
 (-1.2787266678904432,0.18372427047918238)
 (0.99574386151465832,-1.2009044279996255)
 (0.81682432356460433,-0.0014368948480851795)
 (-0.35222396916263343,0.37053270436808006)
 (-0.14992038106576186,-0.03316240972551094)
 (1.0437581279775119,-0.98069788196635588)
 (-1.319536210029413,1.1787819349831581)
 (0.75796773468307943,-0.23896398866668189)
 (-0.14729135683912098,1.0109625516809346)
 (0.038038651986119554,-0.78010420435720818)
 (-0.57514785061092577,0.22415489961569246)
 (0.93769066798946632,0.65713962905005729)
 (0.30439965817439463,0.61237952666851714)
 (-0.32735895508627766,-0.51940598276697747)
 (-0.42496869670106502,0.89460192993790599)
 (-0.345496541401285,-0.13781683693104874)
 (0.65512371141410763,-0.53883771426865013)
 (0.57624412777920175,-0.34364734078298326)
 (-0.22015427932789206,-0.59583311664010652)
 (0.37691305747130666,0.99643845011938681)
 (0.54701092858152078,0.78686075622409835)
 (-0.87204483189891679,-1.655560346830522)
 (0.053679843664036331,0.6550112862863503)
 (-1.038496061805122,1.0234841459193167)
 (0.50691696748762483,-0.085548961026704673)
 (-0.93269858896559654,-0.27943323454280017)
 (1.2907616541764921,-0.88374699504837195)
 (-0.98745241664193584,0.520550811484918)
 (-0.059575323397679084,0.17277215931182544)
 (0.06402589015721305,0.6995743064650185)
 (0.22369523227624216,0.032244279011747853)
 (-1.0914418728685267,1.2533709295130804)
 (1.1638630952229385,1.0732818094388019)
 (-0.13123941488739885,-0.053586089145475656)
 (-0.051242739271376819,-0.052763825439297501)
 (0.61888366153468088,1.3231922402697538)
 (-0.028291721054031271,0.1138744551724275)
 (1.0786178355467402,-0.10011992246240131)
 (-1.0557690187135083,0.2961917310812382)
 (2.0844023652780175,-0.052539565598342497)
 (-0.89189571923934086,0.51262456299259118)
 (0.049821914288237984,0.33985387379270948)
 (-0.64689157983338996,-0.44623107694219477)
 (-0.083339716766442098,-0.14791875230359275)
 (0.4935873252569935,-0.51613797018274388)
 (0.24899243325001669,-0.54921619920223419)
 (1.1634737353044431,0.90434122737795708)
 (-0.20480987920943194,-1.743086313789278)
 (1.1103895665567574,0.26884009463147684)
