# Created by Octave 8.4.0, Thu Dec 11 09:47:21 2025 IST <gamana@Samsung>
# name: awgn20
# type: complex matrix
# rows: 1024
# columns: 1
 (-0.83761929935217982,-0.65392453605614098)
 (0.62522382980740776,0.73238131400056627)
 (-0.6352817760261481,0.60961608915999599)
 (0.67317121633460286,-0.76296772085826814)
 (0.70734479825695795,0.65889445248010614)
 (-0.67841607722576702,-0.89466416852724695)
 (0.68561932714530827,0.65024953911828132)
 (-0.71074442822654893,-0.73212535546165214)
 (-0.81425572540516544,-0.72012669787166717)
 (-0.6807105541898042,-0.77846120142977726)
 (-0.69580208631352647,0.71273438091888808)
 (-0.64405461846719025,0.74308876621428455)
 (-0.7940539650800934,-0.67522338754183608)
 (-0.7341541376689652,-0.67754406408751822)
 (0.80135585114307961,0.70542723895659121)
 (0.74642422093049043,-0.71354242997313211)
 (0.64177768982247729,0.82892730124702929)
 (0.73789324072025886,-0.65876459966337431)
 (0.56803536163557156,0.69397330736125096)
 (-0.69796472045093805,-0.81212537036584798)
 (-0.74551581025540514,-0.65139739493221338)
 (-0.71518476848476242,0.62778016704154127)
 (-0.73777993043656254,0.73682224398521567)
 (-0.64925841882854773,0.77843995883556294)
 (0.68945900916633207,-0.67280312845448964)
 (0.84960404756018304,0.693265476308637)
 (0.73641112044878165,0.64809233872152727)
 (-0.7131647063511477,-0.658942883624966)
 (-0.66724674343730594,0.63919834464503078)
 (-0.55297628754957628,-0.79487680372787373)
 (0.80191803803887007,0.77086981402326005)
 (-0.79371975190227895,0.70282002784636077)
 (-0.67523674823083668,0.66453022694316854)
 (0.76224899881333152,-0.62238751575368834)
 (-0.71886967325507944,-0.66553765944406651)
 (-0.52597829884591796,0.63614340117129253)
 (0.73102084084295771,0.71751638471832935)
 (0.69502923241211834,-0.70864324864015227)
 (-0.73854881251469384,-0.74931510642036403)
 (-0.83145858036625675,-0.82516810558530651)
 (-0.66200414274329844,-0.79856785181588297)
 (-0.66422624988577106,-0.58325368314183756)
 (-0.62705759201045086,0.55644747559753216)
 (-0.83833093780319523,0.83226754455790541)
 (0.63684036927290111,0.69954978146656854)
 (-0.7535204953887098,0.75358279817798701)
 (0.72238749406593306,-0.71346807227276332)
 (0.82851047082818119,-0.75616785401078679)
 (0.70382798412110448,0.56457624714565413)
 (0.76039655615688573,0.66254428461698067)
 (-0.60093265068665858,0.82746702689880092)
 (0.72208020555789021,-0.66799275098009747)
 (-0.62866293216835634,0.66542143580368263)
 (0.69829368308803919,-0.65295675057625824)
 (0.64289193755353646,0.76519010643396201)
 (-0.62870301517043614,0.76713681456662652)
 (0.71441949897628176,-0.64396011561605027)
 (0.6955089986619023,0.65910702068612803)
 (0.81835277377659277,0.70967249935150289)
 (-0.62149748568281249,-0.69923610076180343)
 (0.584553236319868,0.72139546449302605)
 (-0.68634960359456254,0.5478319061568977)
 (-0.77995742050692352,0.6879270331364078)
 (-0.79874538321141275,0.68069675462492851)
 (-0.64264956903021941,0.60873907336752098)
 (-0.72057221610384958,0.64903743751431042)
 (0.77865127679249568,-0.60414449729528186)
 (0.58782842540138158,-0.79533630248179676)
 (-0.81124986235014629,-0.80611173179011464)
 (-0.62847470023679342,0.76864476193807563)
 (-0.70420876927148757,0.6231075615772923)
 (0.72636171337714106,-0.56039133513302763)
 (0.69056114522617462,0.652497650986123)
 (-0.69899536868375312,0.70472304413316067)
 (-0.70825255140680632,0.71916795765414887)
 (0.69111454579737008,-0.7746738228424761)
 (-0.79420516535508257,-0.67702000865595802)
 (-0.7559824538834653,0.71530965296376536)
 (0.74616323640471016,-0.67947304733941893)
 (-0.68502722879100064,0.68131879165614573)
 (0.73237143415330663,0.76835826161384579)
 (-0.7400759244705315,0.68814195553269764)
 (0.67655139382968021,0.68509826603563762)
 (-0.75037903890269497,0.75012640245850204)
 (-0.67259122519350711,-0.73617025423185756)
 (-0.74382720262413449,-0.6994488601350044)
 (0.59183783571678994,0.75940286972151827)
 (0.59314656559754653,-0.57524269989899901)
 (0.70149495159581565,0.79076097062691197)
 (-0.54462681086738463,0.80054843597977865)
 (0.62884268062952553,0.68007389208654623)
 (-0.8202058116182851,0.7823707806083009)
 (-0.58260430297601717,-0.67065171315180883)
 (0.66089171437140137,0.70994766167199264)
 (-0.64742108454812342,0.8008645382210805)
 (-0.57183044430941488,0.5731146990498095)
 (0.73741356184968443,0.74794249109507316)
 (0.55217346390421296,-0.69192999803453237)
 (-0.75045722738918896,-0.65631330155776868)
 (-0.65002080814451046,0.73122851467307071)
 (-0.65552464166931168,-0.56617778647820516)
 (-0.68273191723995519,0.66748814664019895)
 (-0.68606545414631748,0.55754126618160305)
 (-0.76171017094487525,0.7126784634638802)
 (0.61804724619466844,0.75636610830070183)
 (-0.76440814076853492,-0.68199428581382437)
 (-0.70049261313259481,-0.75224392825798325)
 (0.62689337693671043,-0.8035020865918987)
 (-0.87286392475977881,0.69286906606219711)
 (-0.67178678159960736,-0.55298090794908261)
 (-0.68923945994496005,0.78997067877596405)
 (-0.65140510313507438,0.72017306011680482)
 (-0.62450341710709889,-0.76679374245717691)
 (-0.70516804288289625,-0.68803236044756244)
 (0.52619927383461107,-0.57233965793653407)
 (0.68805241308205445,0.70604948841221904)
 (0.71871914367632994,-0.73323241184919885)
 (0.77703405421658567,0.58021010525086736)
 (-0.81336227137527195,-0.58921137869475382)
 (0.49894863172226289,0.61191053853398203)
 (-0.70606488875906614,-0.7951209389642856)
 (-0.71720555770190575,-0.73481855516461936)
 (0.74923943105099866,-0.6214455694641654)
 (-0.70579504937480608,0.75349660591809842)
 (0.65532904611117471,0.58174690040582011)
 (-0.82983671766368416,0.68531924785412257)
 (0.76593773667352538,0.60491099738541543)
 (-0.72095921052970269,0.78794874539994142)
 (0.69188244913015462,0.67612132457431862)
 (-0.61237613732888452,0.59594264025196497)
 (-0.72741672002069646,-0.74692927446131008)
 (0.87988034521125158,-0.70731300280162057)
 (0.6517720742257701,-0.68461532424580895)
 (0.73148876404948915,0.75576629521403649)
 (0.73503165648044677,0.78221662140639903)
 (-0.66312326388678611,-0.63392596442750515)
 (0.72162243382679203,-0.67214562392106092)
 (0.67218975060040775,0.76085513176760255)
 (-0.58038843817275876,0.74838093551069929)
 (0.60742490422207696,0.79802709976149311)
 (-0.80606533183097828,-0.76576678970693723)
 (0.68920747652895398,0.84181630277732256)
 (0.73938142972347787,-0.70904769857438765)
 (0.70871266288555457,0.59185644932045367)
 (-0.80668638622419286,-0.74948031326742326)
 (0.7566460869522591,0.88028249679732351)
 (-0.7447719174846289,0.52066878311968245)
 (-0.66466186988145126,0.7880812767918095)
 (0.66484959242260411,-0.74691856766153419)
 (0.69006755060545821,-0.67567299094807387)
 (0.61168842163855119,0.67585944244335372)
 (-0.78425270249557844,0.70956835102214577)
 (-0.7216719177445986,0.70758002988687319)
 (0.66660408413766592,-0.79228686159110129)
 (0.7405556035833909,0.65803598096442795)
 (0.65320529588365117,-0.71110992132245388)
 (0.69566271022790183,0.76995001797056728)
 (0.82491525026666168,0.64720838635496403)
 (0.73731696747664732,-0.77573419306498415)
 (-0.64099002295027963,-0.76587876969351221)
 (0.70768486256128083,-0.67278656655321256)
 (0.61189177650184234,-0.77232493899723598)
 (-0.7210501029948756,0.65768826585371976)
 (0.64049828454517654,0.69724821021672434)
 (-0.70419623966882894,-0.6931211026048163)
 (0.89426482192663459,0.64938640273818438)
 (-0.60032727597442315,0.81753037710648135)
 (0.66203839366537875,0.80183786704935089)
 (-0.83404411168796422,-0.77342156444434496)
 (-0.800946436888063,0.79416083072540089)
 (-0.65325568403148382,-0.65416201306918942)
 (0.5615779352745297,-0.71924670707360872)
 (-0.74035236065095267,0.67673738828099717)
 (-0.5860079954614319,-0.72296490099084598)
 (0.70277321071658128,0.66023785364062904)
 (0.7838935963084962,0.66920471324090292)
 (-0.57922802597917911,0.70664755975806992)
 (-0.59508172291774097,0.701612385081403)
 (-0.79870692367453877,0.65269086824350253)
