# Created by Octave 8.4.0, Thu Dec 11 09:47:21 2025 IST <gamana@Samsung>
# name: awgn20
# type: complex matrix
# rows: 1024
# columns: 1
 (0.56789627093006589,-0.70034006630490453)
 (-0.63878820178210471,0.70061120936127685)
 (0.62165051400150129,0.77384492745601507)
 (0.79802133784088625,0.73056482268353484)
 (-0.60615654842106159,-0.6393475573175853)
 (0.72344836754657149,-0.68852069383921766)
 (-0.66496501060070579,-0.69561646532593457)
 (0.72178186829255309,0.72481963575432984)
 (0.63997002170839878,-0.69027051383035465)
 (-0.76479602918357226,0.64865934410715353)
 (-0.60338075089279353,0.7046642351215866)
 (0.82372836725772625,-0.7766960177002642)
 (-0.75748933920532424,0.65073529152640319)
 (-0.66894444878958792,0.68082429625934182)
 (-0.7887304663244008,-0.79916775793425721)
 (0.74894393676525928,0.84333206976016561)
 (0.85025930235282066,0.63278888114916088)
 (0.66503577325091368,0.78966665657726431)
 (0.58521241495326859,0.71482777949958409)
 (0.66738394052895211,0.59805859963945929)
 (-0.60725799466090269,-0.59488815461485745)
 (-0.53803625348058315,-0.66448097023109232)
 (0.59566445470696028,0.77350993181365713)
 (-0.80334751907154167,0.68765021987643182)
 (0.57788212430284236,0.71813049419582975)
 (0.64804460118456308,0.74378569577946119)
 (0.78902288474852622,-0.69370507066457832)
 (-0.70630681785886995,-0.72816197968133833)
 (-0.72960727185986962,-0.66843187928024461)
 (-0.80445472489145953,-0.74629504844730599)
 (0.64476527804879002,-0.6123738243134127)
 (-0.71023676656562484,-0.76592612467035259)
 (-0.80270968199381365,0.70180084699850054)
 (-0.70730424876362996,0.65848753052996944)
 (-0.68056410378473964,-0.68888428892919917)
 (0.56180062244440787,-0.78575816818782396)
 (0.72050370132850583,-0.72431350766152958)
 (0.86489217872266333,-0.70475990128027366)
 (0.68028595132141956,-0.62768822501782295)
 (-0.80508273260642094,-0.65179156838878138)
 (0.66966178923288144,0.618643769676962)
 (-0.63536615569331412,-0.66456858410723385)
 (-0.72660084001123026,0.67761917082179268)
 (-0.54428048663847339,-0.75983221839747561)
 (0.71459376700653676,0.6455965553889188)
 (-0.72980703548596237,0.68990362349866008)
 (0.6522589163408713,0.74188489122032875)
 (-0.73147467209747585,-0.74404402337155284)
 (-0.72274674844641218,0.53828659209100149)
 (-0.72334969756536227,-0.75993217949740433)
 (0.64503546267349765,0.74064030954216376)
 (-0.72204322602543913,-0.60214774316049846)
 (-0.81829922968900559,-0.72376261106098283)
 (-0.82097631846246455,-0.68139664686890877)
 (0.80915372332233682,-0.6539609218219592)
 (0.77950110226279834,-0.71124846766635064)
 (0.65530937270911338,0.72167533203077239)
 (0.68911339323953624,0.72166421079368881)
 (-0.76676899587893821,-0.80473785210628446)
 (-0.58250182667820016,-0.68431701891577579)
 (0.83299706958483599,0.65309532332369968)
 (-0.73709004376908316,0.65754025713813247)
 (-0.69233710930937575,-0.85035460612142422)
 (0.76485515157613082,-0.68383958805246325)
 (-0.67969369857640149,-0.56176926751839218)
 (-0.53848739206103491,0.78311647630471104)
 (-0.74326424332475849,0.73005239051699311)
 (-0.74583339356744682,0.71417489746406926)
 (-0.7722922376686423,0.63565937128122341)
 (0.66620681304558826,-0.60848341421948571)
 (-0.70491057437293247,-0.6391444055152331)
 (0.74516756941313567,-0.70376949858060778)
 (-0.58725271430646431,-0.7609418870805551)
 (-0.72178684380633185,0.55486622934557028)
 (-0.67536764217033962,-0.59957642447891224)
 (0.66252918655394311,0.8981878696008273)
 (0.76593778256463585,-0.86458602131012252)
 (0.74711342959964067,-0.75722798885932341)
 (-0.76243146688577579,0.58070880366572486)
 (0.67356473578160003,-0.69532788111734578)
 (-0.62169490415747419,-0.75842920213271181)
 (-0.67322534397467226,-0.68768341103666963)
 (0.70651681907538244,0.52440764739876999)
 (-0.76735588975691249,-0.59077794243476967)
 (-0.71547082448669996,0.72768238441105004)
 (-0.69123171798583338,-0.6806535964503907)
 (-0.66619095321781696,0.70453308360495182)
 (-0.76927001856185517,-0.74800132551158571)
 (-0.62679519546173679,0.78050042349795468)
 (-0.69694606448108765,-0.69739849264521991)
 (-0.63388802652831311,-0.78724930414244287)
 (0.66847343105998147,0.59942222580032589)
 (-0.75120213671295466,-0.719614176368498)
 (-0.63816506901108594,-0.54268946716269884)
 (0.66572966301870684,-0.6323474141285006)
 (-0.67156647675250358,0.66848911526346144)
 (-0.61817429014197134,0.64172429933253594)
 (-0.79454133158440121,0.78576271529612207)
 (0.69354210618959433,0.63421533042139544)
 (0.82006990752057018,-0.62321690482166703)
 (0.8035986709584737,-0.72411773014549541)
 (0.64102948062466025,-0.72005674722821345)
 (-0.67694895558351609,-0.72823696033633256)
 (-0.69058115291939959,0.73842217776396635)
 (0.67499054813333104,0.77901415429149057)
 (-0.70313874544500488,0.79648240388670433)
 (0.69112970074627778,-0.66530959041945326)
 (0.70506252066209452,-0.68147636047045712)
 (0.66986435574693304,0.67210035329878404)
 (-0.62155580849548842,0.8306663963551999)
 (-0.57887918216954515,0.65087160845323655)
 (-0.75947689235411964,0.70513409499966784)
 (-0.77834676339300934,-0.53945428962648645)
 (0.65265376792522023,-0.72835663381354077)
 (0.72378640771650227,0.83722186293693834)
 (0.75218376906241557,0.76237415464887082)
 (-0.65550050686870753,-0.73589830699783265)
 (0.70606747701417205,-0.54971217269804018)
 (0.6589376998123686,0.6338946440694776)
 (-0.74310712531515177,0.7366736424171052)
 (0.80680812206521457,0.69883109203560367)
 (0.80186319349837709,0.75044528547661982)
 (-0.72195025160258164,0.62447056358368558)
 (-0.77854601598037987,0.61925097378160232)
 (-0.68261444331478549,-0.78498777001203079)
 (-0.64931227301351824,0.5314449468106266)
 (-0.65752337350545043,-0.87278596982098988)
 (-0.69427314307422172,-0.7515026078199174)
 (0.69891045288280462,-0.6334709668378028)
 (-0.70855661649036106,-0.7133450515707529)
 (-0.59366997290528689,0.77544788033290502)
 (-0.74611976851499584,-0.74633535633596915)
 (0.67307442699592379,-0.70545917850787421)
 (-0.64390412656739326,0.71783680293554519)
 (-0.64482556409422676,-0.65705364618710171)
 (-0.65141832880745365,-0.7049547541030533)
 (0.63249687709977487,0.79193776015851847)
 (-0.7828288736913851,-0.67290506783812465)
 (-0.70762177816770855,-0.83448059854533063)
 (0.75301605243702596,-0.73587629935701093)
 (-0.66522784875033525,-0.58965360500160424)
 (-0.59488110052124865,-0.68336102285918587)
 (-0.69800147504778332,-0.70379991241260664)
 (0.75661824070777428,0.72109877977185788)
 (-0.86817342404294717,0.68949279923284834)
 (0.65406201657067775,-0.69112259641005636)
 (-0.77644212300801485,0.73789143992094586)
 (-0.68084140464253762,-0.75437899066207692)
 (-0.65550226405764911,-0.66340666367939194)
 (-0.68141057234689517,0.6900406553905003)
 (0.57573656731127054,0.69857665481826825)
 (-0.71199846334649686,0.69188332975773015)
 (-0.85999435855467088,-0.74511881102772448)
 (0.61175037014132116,-0.67280776458900138)
 (0.65451717815786481,-0.74318311547033933)
 (-0.79267917278846134,-0.57158731113995898)
 (0.71283181534161599,-0.73909099737233608)
 (-0.57850912358353324,0.72091035132473946)
 (0.69541638224400526,0.71673518358744803)
 (0.76130491647526322,0.82131207297576458)
 (-0.72173374085329911,-0.67945689349424954)
 (0.6987447688095122,0.73033583864429252)
 (0.72588808863271814,0.68118227123990105)
 (0.64100897575295324,0.69132801392520105)
 (0.62360771602573473,0.5700160572807178)
 (0.67451816392626984,-0.73861429891650232)
 (0.68610211421995659,0.77302187659056032)
 (0.72452932490199795,0.71668524989368554)
 (0.68987257060889884,0.69590284824639714)
 (0.63216864494417402,0.78089607980846798)
 (0.66589100539382928,-0.67995234964698892)
 (-0.60669831409509634,0.75970488567134009)
 (-0.6698429814500938,-0.74245081408169711)
 (0.7178903590465715,-0.55147470373527696)
 (0.64087925122338896,0.7384007422205332)
 (0.75697827422282127,-0.74751580249863625)
 (0.72328410124222364,-0.76211365094612449)
 (-0.71987302041394219,0.70471322553433091)
 (0.64600012395539164,-0.68128287200161886)
