# Created by Octave 8.4.0, Thu Dec 11 09:47:21 2025 IST <gamana@Samsung>
# name: rayl
# type: complex matrix
# rows: 1024
# columns: 1
 (-0.056124355772487727,-0.48687689927376065)
 (1.4602678344613633,-0.12725456517645251)
 (0.88422492799370023,-1.1363464205172273)
 (0.073015425724018423,-0.5525406269218105)
 (0.29883550797560732,-1.2884133772634132)
 (0.15279071058212992,0.48653761771241311)
 (-0.48144336821218053,-0.39599809053316654)
 (-0.039643299009614469,-0.34196982542648358)
 (-0.3759959840381808,0.86634500056756458)
 (0.51058787412824014,0.21575992154559906)
 (0.44749977162283866,0.24058154387300729)
 (0.87903547830140893,-0.35625779010149095)
 (0.95230916588786241,0.59754689487192092)
 (-0.17718394296003792,-0.75539928444574822)
 (0.21313446394628999,1.3904650493435937)
 (0.52873108345375031,0.27038007817271625)
 (-0.1795644293725383,-0.91611219723770576)
 (0.054446937273225637,-0.88121461599757733)
 (-0.69142076527114149,-0.46458261037608489)
 (-1.5158866182737221,0.59393441663028301)
 (-0.061018273900583592,-0.30512482912947192)
 (-0.18651778325716534,-0.67631319437998694)
 (0.19788497566936097,0.7372234930867918)
 (-0.38618768907859102,1.0173311824552167)
 (-0.02263106047137373,0.067295380438874591)
 (0.7703339599817961,-0.2712183127341613)
 (-0.73804120676689278,1.328395536633697)
 (-0.57457211037237133,-0.26891699731284396)
 (-0.89770264308866154,-0.23248929087188264)
 (0.1232135064697375,0.76181254444484625)
 (0.67730551711760101,-1.6752072239934785)
 (-0.30055706599915455,1.480867931786731)
 (-0.16698597372234275,0.39321672098416566)
 (0.52623326001976178,-0.083704599511931654)
 (-0.011562165185908468,0.59754200772799571)
 (-1.0664416589732828,0.14845155028006868)
 (0.1747401858604751,0.21472059763167786)
 (-0.17434543933307378,1.3096176572505893)
 (0.89106678383900451,-1.2338970332294956)
 (-0.11810195397908907,1.2103267113041427)
 (-1.211034992451689,-0.0035224211587697729)
 (0.16414989814160724,-0.82861462620980952)
 (-0.19886382074330083,-0.67625466727038308)
 (-0.62848272868731103,0.54745428021044951)
 (0.56442140568523003,1.6099179990971142)
 (-0.63156300412831934,0.069586162545329844)
 (-0.56132346174359271,-0.53040966768276743)
 (1.0504404274619477,-0.29626255729311252)
 (-0.96084408357886553,-0.60314020651079547)
 (-0.54923839039777755,-0.58161180729493434)
 (0.44041288413569113,0.84517990940205401)
 (-1.5520697523490268,0.47747079183083829)
 (0.31831806917667493,0.066393795106440223)
 (-1.0142825054313964,-0.85249650115309283)
 (0.0046940092544715539,0.3007928180267383)
 (0.23042262060857183,0.27177819549890253)
 (0.034848060325267952,0.083295113609658952)
 (0.29236668892428597,-1.3875789293175262)
 (-0.56224816539440992,0.11587210100681344)
 (-0.21216928728841428,0.86833985431643179)
 (0.2494929207321851,1.8326805165754618)
 (0.84707016735662233,0.023141769970777382)
 (-0.32566712367489575,-0.64835906858986192)
 (0.77117276237930421,0.13131054502424899)
 (0.30357310912970142,-0.2291858875804868)
 (0.87985137361465526,0.53991255302475671)
 (0.9406286419827985,-0.001116472298380411)
 (-0.42835825102347713,0.91677241770604279)
 (-0.75642708915451096,-0.22170365486381172)
 (0.53369897406139688,0.092654498341881913)
 (-0.26258102154159269,0.43238656411864373)
 (0.63467652778146633,-0.090365159455576771)
 (-0.994727690521509,0.20351742154364155)
 (-0.77301648520346999,0.043162532606828508)
 (-0.18986949872316911,0.72315255289009439)
 (0.063610036566788819,-0.62188553845549777)
 (1.7847235267296355,-0.014674214007932673)
 (0.81720120363314808,0.75777600617869501)
 (0.70618918841838285,-1.643874101695447)
 (-0.67463299542109301,-0.13609391392056597)
 (-0.20877227724754691,0.16630584951826663)
 (-0.72343722739088923,-0.30018239604131314)
 (0.011370708122144593,0.17798300470690859)
 (-0.71937608986590729,2.1070892746492298)
 (-1.0780169338763286,-0.27514558858256583)
 (1.4193417284126859,0.20527927428597903)
 (-0.26375374830542481,-0.05421622858175075)
 (1.2956454290493862,-0.0013151474740645819)
 (-0.018066113549167317,-1.4402463661921165)
 (-0.04373184998063373,0.59881817232933821)
 (-0.5589689762931882,0.47635292044344318)
 (0.66852785336121801,-1.3889413454756616)
 (0.97988173929893019,0.5987232815105602)
 (1.2748789119535049,1.2249409015868475)
 (-0.39718397438985198,0.594532226222659)
 (0.70653609726719568,-0.130655700489614)
 (0.52943721914754549,1.7648902156598867)
 (0.41214996887914296,-1.1953517288710445)
 (-1.8425699907955582,0.53640678902130867)
 (1.0449320623754037,0.40719213333882376)
 (-0.59694070858677151,0.98344971516499058)
 (-0.49109472823475842,-0.098758365538234777)
 (0.39868707836836936,-0.69377421962252561)
 (0.81714153779410248,0.593411138910233)
 (-0.37445174676835158,-1.6406371722577493)
 (0.47752450825229692,-0.9820870629258065)
 (0.82522124473592562,0.68154383897699822)
 (0.63593072518655147,-0.58689252707990958)
 (0.52926340261326943,0.80448589047927754)
 (-1.0115553837229725,0.86758832768618133)
 (0.23206259159760434,-0.028117278903770429)
 (-0.43968371788857719,0.89744234441465831)
 (-0.61723805749371707,-0.88158979692734407)
 (0.20794966471413107,-0.10672803985796264)
 (-0.3247483535287855,-0.84223306149838295)
 (0.62879376289234856,-0.11298864061991487)
 (-0.2339858151605918,-1.4770319508689351)
 (-0.49862594259476362,-0.66853154760946676)
 (0.60519498933609062,-0.062440992530963801)
 (0.59184411730646935,-1.1689673306144268)
 (0.61298888233034154,-0.59285442535115918)
 (0.230539408164815,-1.3174135397413314)
 (2.0806081057376957,0.39508906889980755)
 (2.470785311788307,0.13098810964546326)
 (-1.736777455808747,1.3048895360041215)
 (0.56736792644459155,-0.033260803890586832)
 (0.033194722141838939,1.0476839565287259)
 (-0.47991741049796088,0.65154273537740837)
 (-1.6214449667240347,1.2989172738848087)
 (0.081662149827315261,-0.21827529769795825)
 (-0.035721036811045742,0.33328555392106929)
 (0.05539244257248023,0.30057351743000621)
 (-0.057135733881191808,0.59109718495965136)
 (1.6585162990633224,0.13769010722718811)
 (0.77699278787313886,-0.93732971797296649)
 (0.25944283599798074,-0.14098251948129611)
 (0.3245611581516239,-0.61930741056918193)
 (0.52481892910287142,-0.10738130092468426)
 (0.12028530701735629,-1.3420448357830934)
 (0.13869121204505114,0.30553265987443279)
 (0.78857133050829831,0.2998313567991121)
 (0.007766302981190687,-0.30607725221813192)
 (-0.7530988741429292,-0.98508393378587766)
 (-0.37488489476087222,0.99926369717014407)
 (-0.0010011837418167913,-1.3090160542426883)
 (0.57245732984760989,0.68502123584220764)
 (-0.77042999140540014,0.82324351889281366)
 (0.6590345181245173,-0.061845546923602779)
 (-0.47837895512441209,0.034007632460770237)
 (-1.3498664536517064,0.61834349904286268)
 (1.1282725643732712,-0.17322665244310914)
 (-0.42027412884943366,-1.0493849892899383)
 (0.37640772608908507,0.39279689976817439)
 (0.47348558237123989,-0.0844703640966738)
 (0.28744197925596238,0.55631894810744298)
 (-0.086858211970446922,0.11784678585039264)
 (-1.0392906554460621,0.53301913314325466)
 (-0.079887516091316502,1.1084658462536483)
 (-0.66478906457556453,-1.4562658151125925)
 (0.067666682255445587,-0.49230197745953885)
 (0.43980139022197867,-0.62128414125162046)
 (-0.43408828694598872,-0.040063542088685844)
 (0.5150146452442611,-0.011035912272782888)
 (0.029625186285798855,0.53982020772577388)
 (-0.61106032562947821,-1.0498043085250306)
 (-0.3047175056910002,-0.35657619338669244)
 (-1.4037699557966499,-0.44336707962883748)
 (-0.17441452079204217,0.64870558784785204)
 (0.62533812028648916,-0.48289166240790093)
 (-0.39122206042887148,-0.43135748240683908)
 (0.52120039493362014,0.70298767998463685)
 (0.59247164174507017,0.45349830712113487)
 (-0.78760181376238658,0.96362989724535875)
 (-0.56326497563085687,0.19601218059154338)
 (0.3997629637368757,0.29475357690565462)
 (-1.1945584315645399,-0.11312855918867271)
 (-1.1388863472052182,-0.5478037204404359)
 (0.63683979986493633,0.24667219156928563)
 (-0.9445168061561422,0.68962333258308983)
 (-0.23694134805442807,0.95067455280057822)
