# Created by Octave 8.4.0, Thu Dec 11 09:47:21 2025 IST <gamana@Samsung>
# name: rayl
# type: complex matrix
# rows: 1024
# columns: 1
 (0.14485972803205857,-0.04103737038678474)
 (0.50877170966999485,1.0805827519004247)
 (-0.93255636586083068,-0.10664346404345199)
 (-0.35229373509910022,-0.16481914872041936)
 (0.50050471638150285,0.58651471200810579)
 (0.65146472766964503,-0.21114219914878812)
 (0.055168394624300288,-0.61104600189780434)
 (0.53495290222704994,-0.88260577984878064)
 (-0.085499326169665005,-0.28631202068529754)
 (-0.89026435941425885,0.50391288573906035)
 (-0.0083659800583455179,-0.12120317149350071)
 (-0.065144315613906822,0.63368265958148817)
 (-0.12769830229082788,-0.52400012450014899)
 (0.89681918436762487,-0.39168732169796272)
 (-0.21970359181631444,0.76674954384512928)
 (1.5048212788225306,0.19212069700320922)
 (-0.47655435847863892,0.1661196878247547)
 (1.1152093806224692,0.033663161837365618)
 (0.11911444227439026,0.0038640622956795656)
 (-0.41901433074989131,1.0285831838776942)
 (0.098442545724602815,0.74497895167736128)
 (-0.16523393351304519,-0.49566953122065271)
 (-0.61058450208115145,-0.89631768690668145)
 (-0.084438309931114286,-0.61317144278938129)
 (0.57012278107170233,0.00090850381237916888)
 (-0.46517759928221147,0.17930269229957685)
 (1.1640326475957232,-0.10852722868387166)
 (0.80853415228725489,0.3757367902873297)
 (1.1219066444677677,-0.1740140183554213)
 (-0.25396091221490219,1.0012180870730223)
 (0.70517555115164665,0.53684201598573433)
 (0.11066215346477924,-0.092002688386068635)
 (-0.61871008898916879,0.94631863714149378)
 (0.10979930470050236,-1.3212861681102113)
 (-0.00012121653949692668,-0.59626630394207214)
 (-0.084384179914757163,0.51435061920082092)
 (0.26544304801742108,0.34019187960433311)
 (-0.58762043604660175,1.484992094527577)
 (0.17426208812628091,-0.87992721008947994)
 (0.40495420225670326,0.49585838625262085)
 (1.469664310533648,-0.93689320007289101)
 (-0.36166078650270433,-0.14809187563202025)
 (0.45245270380258662,1.6372761192462022)
 (-0.46013591046544206,1.1279700167938496)
 (-0.12838431828930918,0.011881205408357617)
 (-0.66186057224274331,-0.44381740653438118)
 (-0.21306143944075562,-1.5338773250475883)
 (0.22578930884177595,-0.0094975934881857266)
 (-1.2391106085921781,-1.3321468537719188)
 (-0.078619352548972843,-0.98789359770119045)
 (-0.21530263632547864,-0.509807196762607)
 (0.53488388425282629,-0.16860884606479767)
 (-0.51052408977491648,-0.086880622425355908)
 (-0.90990117952173222,-0.22323978526711724)
 (-0.20145778218267316,0.52238159753610103)
 (-0.50954675528653115,0.67942499739058126)
 (-0.15938160790022837,-0.091230775384759377)
 (0.19518377679097126,-0.50204593155051991)
 (-1.2860093929218028,0.041796867729488207)
 (-0.054080934820986512,0.23791452417472947)
 (-1.0779807308636828,-0.34621940139139312)
 (0.11235532470989013,0.53462792194419495)
 (1.4444456440131312,-0.139952499952124)
 (-0.8767803955893958,-0.43429930515658971)
 (0.63907736795433823,0.66870229210525545)
 (0.62026082760159795,-0.030351994506547741)
 (0.53437120231425572,0.11468380923359839)
 (0.45550830754229454,-0.05843550330490363)
 (0.39070388535941403,0.31428028201020763)
 (-0.12071915519279604,0.34863099356550603)
 (-0.11380251858108516,0.31214988310753028)
 (-0.10394358465557733,0.10095099736340109)
 (0.32309168157941637,-0.52089370550490688)
 (-0.62229563091433526,1.8818608878971235)
 (-0.15692741550161346,0.16376108954796179)
 (0.41391455092197071,0.078863391643373026)
 (0.86283227678013241,-0.45814187809954876)
 (-0.89325141737841096,-0.9909850581844164)
 (0.80050260349873992,0.41177465774853084)
 (0.18799656823717567,-0.43105607020881176)
 (-0.89419702806508927,-1.0035090533812978)
 (0.6719624921803582,0.28919805186050784)
 (-0.43666248717564038,-0.82056999253161478)
 (-0.70423264337829816,1.1029102127314405)
 (0.3086945892943701,0.18648901923265185)
 (0.42923183858268349,0.77540864604676263)
 (-1.2194208372421056,0.95047782510898382)
 (-0.56031270295150837,0.25202568390834212)
 (0.31651813326713762,0.63594728849182769)
 (0.84482456392499117,0.44203352382082883)
 (-0.40172774985988347,0.26779628376672104)
 (0.0084424647706082823,-0.81642500362798909)
 (-0.39115862756915232,1.4539520252853906)
 (-0.42957864431958515,1.4839312780293032)
 (-0.30367279421716364,-1.570331768855258)
 (-0.26439356625211574,-0.42042776659959968)
 (-0.33613804887580406,0.22350861465838062)
 (-0.075104674917137487,-0.016570377286914708)
 (0.38366856845904762,-0.79679549937010574)
 (-0.47072723158312724,0.3537534773566916)
 (-0.03192004893491629,0.64051184326692001)
 (0.96749003922721,-1.3917891104784759)
 (0.87751461727678248,0.34550829296620988)
 (0.71975798253792955,0.10268329432487844)
 (-1.0531968937743941,-0.37422677412839239)
 (-0.40286278163314976,-0.66412585226839482)
 (-0.58805662282760263,0.50548487662207997)
 (1.253986328065714,-1.3324587174931724)
 (-0.94969282004283984,0.42955108700748451)
 (0.97736915985837713,0.29531365769919288)
 (-0.27931632636268949,0.89560439577678697)
 (-0.8344176589389618,-0.31872087482824246)
 (0.18423164690409471,-0.33235929414249815)
 (0.056777923759722848,1.0304138283790278)
 (0.22093774299635288,-0.085254561078672797)
 (1.71404336146689,1.0237369860242711)
 (-0.89011346851615458,1.6500788784174034)
 (0.75109480491822544,-1.0827591050263625)
 (-0.30602734639320722,0.20478239748754029)
 (0.89033372539863043,-0.96173588934480347)
 (-0.51625568111246878,-0.41196271665139028)
 (-0.17963123425947186,0.66945414765915578)
 (-0.91123975608039731,0.26687156219491359)
 (-0.43168811776192795,-0.12037206549688959)
 (0.17051064518490411,-0.81395518167073844)
 (-1.2390264387832026,1.7990923782336083)
 (0.51291401904245659,-0.63303653633569934)
 (-0.69960128130181509,-0.26705977919832724)
 (-0.79360895578928736,-0.37786969701472201)
 (1.582457197242332,-0.50682515597966737)
 (-0.15336095154717314,0.45603117072269905)
 (1.0098080509605007,-0.85521126392015678)
 (0.59874859190231122,-0.20127800523298664)
 (-0.40508920853121722,-0.1031182274440228)
 (-0.28509339873536982,-0.60068902952715519)
 (-0.28204510157057494,-0.090555172706819731)
 (-0.80390597703031341,0.52412662781277675)
 (-0.099009464591424012,-0.49375594466982198)
 (0.35369591118338223,0.19662960906284049)
 (-1.0950189432661601,0.27456143203720335)
 (0.69061281300133515,-0.61486010961662041)
 (0.65687681397920128,0.60672809490622848)
 (-0.24392591589941431,0.34447651684676667)
 (0.18601858952131756,0.6029911196461436)
 (-1.0795809318310221,0.22850771560398642)
 (-0.55249638009887825,0.45806097136471524)
 (0.04014657377140568,0.096106364517108606)
 (-0.22510700890483426,1.4452099009117942)
 (-0.25443861401442447,-0.93194388440326448)
 (0.44470182691573656,1.2445761386203553)
 (-0.28685899317540986,-0.51983620945153208)
 (0.093933309392243688,0.052302324886998416)
 (-0.17506410833571823,0.10804387933447919)
 (0.019866349837103836,0.27774801290292495)
 (-0.26118269175392894,0.99072506297171625)
 (0.20983797521001463,0.65173453331526576)
 (-0.40656081992922755,-0.32665032998597665)
 (-0.086102993018092433,-1.0577011664275262)
 (-1.5237519674196858,-0.16697330468754523)
 (1.0844641422811547,0.23266218431781355)
 (-0.35191223442826114,-0.14622262303495681)
 (1.2851501987085352,-0.40761197625858603)
 (0.3866760071096218,-0.46140957271510508)
 (-0.72665449082511624,-0.96287173497412804)
 (0.7567421625516817,-1.3303679822204864)
 (1.3268005697687366,-0.75352006355724521)
 (0.68317998280926373,0.59154437383654934)
 (0.25810082302772208,-0.087889611327787165)
 (0.12989919494932381,0.24770860059941649)
 (-0.73441984428805485,0.42691289361154794)
 (-0.19627425716968402,-0.39768742911265298)
 (0.20157370754268367,-0.46450362486455343)
 (0.63051213914064186,0.14016004724431469)
 (0.57052384383598476,-0.4265383538376773)
 (0.04901465210736522,-1.4008392468684274)
 (0.1401633831529347,0.21513924553089364)
 (0.22078381227239929,-0.53102684969678138)
 (-0.33907663776038932,0.083073135473847204)
 (0.6994722442208845,1.2163694655089259)
