# Created by Octave 8.4.0, Thu Dec 11 09:47:21 2025 IST <gamana@Samsung>
# name: rayl
# type: complex matrix
# rows: 1024
# columns: 1
 (-0.30354204940690055,0.17312061916085125)
 (-0.27626705196427737,-0.5599059213583083)
 (-0.06066581974413307,0.45377175259062685)
 (0.91567377509134495,-0.9644531097598209)
 (-0.78935912188281021,0.37816051348033075)
 (0.93167149986122111,0.65117196407258959)
 (-0.19814736677573466,-0.45877536255385176)
 (1.5477613213013264,0.044521875449404447)
 (-0.033125554951800237,0.25430407272934197)
 (-0.47783475374297502,0.79790495760880598)
 (-0.84759097382382831,-0.19151249591062686)
 (-0.87432606216110109,1.0157295700137938)
 (2.0829315737164769,-0.87034377226242154)
 (-0.25834566924367575,-0.74400129623177957)
 (-0.60397394761934475,-0.68204557593507398)
 (-0.92730881917794594,0.50270266007297537)
 (-0.060217037776894911,0.12957059676098429)
 (-0.76366076614412481,0.087393943981064204)
 (0.26369246225398729,0.3096769409202717)
 (-0.19047682058279938,-0.091201516890280415)
 (-1.013081881214692,0.76549547643184668)
 (-1.1138153943629205,0.38204496637705093)
 (-0.5378745975836956,-0.29317733842397575)
 (-0.043036058924722835,0.0012114511985809387)
 (-0.84290054310910323,-0.98007057639286255)
 (0.016842705358518478,-0.27679228172470627)
 (-0.038183453923246152,0.046247198829275388)
 (0.04548456869345989,-0.18394320212215415)
 (0.11176749386619995,0.19325873956313899)
 (-0.98018250124268169,-0.95116398558891335)
 (-0.29714285091154696,-0.48597108592504484)
 (0.8559839567428249,-0.28745610825514051)
 (0.050779009554136834,0.001443925488550598)
 (-0.073992051216429572,0.090962954967511916)
 (0.53962140949285342,-0.36561096400168741)
 (-0.12835149819080258,0.49672756597000522)
 (-0.1863679681288225,-0.33999069835111362)
 (2.0761077297221959,-1.4245485835117453)
 (0.67089057637600336,-1.0107341989542027)
 (-0.28948630704441364,-0.26973506908505512)
 (0.28852695701988917,-0.15319509194056433)
 (-0.90379685479153249,-0.020869043970491219)
 (0.75489959546893537,-0.4169221896074794)
 (0.8981788907362328,0.53962247356080895)
 (-0.54766587209627737,-0.47112205012863673)
 (0.80180127520824351,-0.48659863220838084)
 (-0.6292679449699079,-0.081997934221171576)
 (-1.3787029775958528,0.89261910263795885)
 (-0.19221508168299764,-0.44946837706986276)
 (-0.6224035222144666,-0.17846558426180101)
 (-0.32442059154206526,0.021392807963219101)
 (0.17190687658166187,-0.19943695661198252)
 (-0.75761848716647062,0.44431220988984593)
 (-0.11214739679219429,-0.45633875154546211)
 (0.095311295926608752,-0.63305722403838627)
 (-0.001864140657114155,-0.83542721903179873)
 (0.56531514037139119,-0.099476922890239072)
 (-0.33643651707756816,1.0497708065746658)
 (-0.85390113527273337,0.69076143022901115)
 (-0.6971012392316156,-0.20906252948524595)
 (0.26246779266214754,-1.0601180005549511)
 (0.35535840295388227,-0.59105318171339782)
 (-0.59489060090731427,-0.24013378986989234)
 (0.3124696479609741,1.0681317936756036)
 (1.1289816496849108,0.62604092866793071)
 (-0.20548849498543839,0.6808601139860827)
 (0.25031511876583251,-0.91065289524177939)
 (0.41094423696796534,-1.2568318819930235)
 (0.083996762577525641,-1.0406245925057531)
 (0.32199462985636629,-1.4258009602839414)
 (0.069147210972938994,-0.32312053893525283)
 (-0.086551881570196984,0.28162576270235218)
 (1.1530645182812582,0.37055949060010313)
 (-0.32152719235799365,-0.62258064704389326)
 (0.78460022789585671,0.39666201788465305)
 (0.043120622031136258,0.45137021583944964)
 (0.10159899837661457,0.4858151731861251)
 (0.73450281620510016,0.39923832638623646)
 (-1.9405164530670356,-0.48838468379229305)
 (-0.8171947228732549,0.10385459109974937)
 (0.59589264967538957,-0.68229203173694453)
 (-0.13187910185989382,-0.28789800273022897)
 (1.4601823521754436,-0.038819213237448413)
 (0.24217083980114398,0.55153827577610359)
 (0.046085308564759633,0.073543766268812205)
 (-0.15630983967695961,1.043638229324362)
 (-0.10689889587695139,0.72722683709684577)
 (0.60115278810026151,0.016183267224864184)
 (0.96060354532033898,-0.47373237522663153)
 (0.19825185222924238,0.13243702409636396)
 (-0.26058222445665552,0.31566601704612135)
 (0.15154438054081054,-0.59150379114060136)
 (0.39532216485632643,-0.70919794780869994)
 (0.21613395764205645,-0.44460442025142499)
 (0.76869227195755785,0.79052618905984728)
 (0.56821336264981637,0.1927617076347812)
 (-0.46638369173126182,-0.090129993793788582)
 (0.30582290922905658,-1.2793436690120377)
 (-0.48573349213314782,-1.0709572877340876)
 (-1.1333991364729217,0.27516959334256119)
 (0.62624965852194214,-0.098423157488182367)
 (0.55273279726259894,-0.4678497538582021)
 (-0.11921194422833226,-1.2811647601197116)
 (0.44159005345140784,-0.052684096273754033)
 (-0.68775563302379239,0.3736114223229603)
 (-0.75858801122533581,0.60258282740974511)
 (0.45849839327555464,-0.54043750904180254)
 (0.93684435617780359,-1.0401752297528515)
 (-0.57410626641035778,0.4709110112877164)
 (-0.30984954147841814,-0.74432038182791516)
 (-1.2891278212363497,-0.70817254647775019)
 (-0.67504826252846706,0.62902685337675823)
 (-0.54736378916427231,0.37180401571055405)
 (0.63323872608237797,-0.27769241601329897)
 (-0.79458684304203997,0.050946222135527186)
 (0.53331571925521082,-0.63353553970331677)
 (0.63805360462751792,-1.2610344789643015)
 (0.031002661068340043,-0.29615407551700801)
 (0.98808550587795763,-0.41998726133995512)
 (-0.18455112446055855,-0.066897833586822053)
 (1.2407995570547428,-0.64101938004661818)
 (-0.83308013312769469,-1.0892444501801999)
 (-0.35158819656967316,-0.86376378247361685)
 (0.47791303476293573,0.16793904351414118)
 (0.76880523016643021,0.25186802249349893)
 (1.5511111337248549,-0.47648606128011117)
 (-0.25080628303254093,-0.16849081440305055)
 (-0.30858763698088915,-1.2930296760729498)
 (-0.57941656002140174,1.6235710131657148)
 (0.15263947428134955,-0.013480464049842752)
 (0.98680114810648811,2.3878620197457656)
 (1.2663402263712189,1.0879714007145391)
 (-0.32298158638251662,-0.37800525538341601)
 (0.88896847283023583,-0.39990767647526071)
 (-0.0027155984395907107,-0.46986974444214091)
 (0.3194247583074884,0.74288205555829745)
 (0.4895952258153089,0.76206971579275073)
 (-0.046787761571449815,-0.37116462012655727)
 (-0.13445000525078352,-0.3495037640661226)
 (0.84040878192342894,0.035581119702129738)
 (1.1124529836443444,-0.15121550559918545)
 (0.53388095222799292,0.74842312775252828)
 (0.61507036376282442,0.093538635199615361)
 (1.1755671205497935,-0.80313784162466217)
 (-0.074268158128535683,-0.40716825437815884)
 (0.69341175110740916,-0.090096306685741867)
 (-0.38591779486889283,-0.47879543833781463)
 (0.14256714357755335,0.96546959525690834)
 (0.29636472018204796,-0.966186611206174)
 (-0.10332060843790836,-0.81714246879055685)
 (0.69313646542666474,-1.3917423579629551)
 (0.45137713405326035,0.62128669822154392)
 (-1.1628251186638401,1.5636529191664426)
 (0.75404006239928922,1.2918655870996028)
 (-0.23832182799211774,-0.03277373293381472)
 (-1.0747173112695678,1.050634461834673)
 (0.082710379908012263,0.20033437119645597)
 (-0.98997304461428837,0.23167474453100223)
 (-0.05530391955354888,-0.26068825139962848)
 (-0.23132168925010305,-0.052687064483990576)
 (0.23227110086517072,-1.0551608226744078)
 (0.16484525858756871,-1.1775526562961924)
 (0.73927925066620392,0.39389465031527771)
 (0.85817960302663399,0.28069876609505573)
 (0.73079966476748082,0.021118479028245374)
 (0.040700920865958293,0.1135177764667729)
 (0.51301761708687676,-0.38085113466457893)
 (0.46685321357602544,-0.95495714758560779)
 (0.15182093845618744,-0.54761507175923985)
 (0.94840251795115593,-0.031498073315803954)
 (-0.85949014028072002,0.53401386912523519)
 (-0.67770285461562696,0.094869380677460091)
 (0.31516367218814245,0.14179805671101436)
 (-0.018659726334409404,0.14577455823066127)
 (0.68067561450216707,-0.78426579350471459)
 (-0.90578238782608778,-1.716249432302636)
 (0.97850809592735644,-0.38998008481301261)
 (-0.45602603704178823,-1.4355131967060974)
 (-0.63590605691690438,0.36142526345151826)
