# Created by Octave 8.4.0, Thu Dec 11 09:47:21 2025 IST <gamana@Samsung>
# name: rayl
# type: complex matrix
# rows: 1024
# columns: 1
 (0.16063683398626033,-0.32387383821362387)
 (0.54972131494824805,-0.38725600081891087)
 (-0.028137160658497473,-1.0580573230186059)
 (0.15649078843963293,-0.76883594344156558)
 (-0.27595888746100994,0.38832811182936944)
 (-1.0431644354425611,-0.20460757359785375)
 (-0.02855347650161294,-0.58937163390248815)
 (0.021229323737373129,0.53296625157130428)
 (-0.14547395307940789,-0.16519327046101692)
 (1.0473877980292674,-1.3371207780947121)
 (-0.30112952320894426,-1.3891072561706408)
 (-0.7125377859261226,1.4413395165819778)
 (0.60152787540271857,0.53050304394944658)
 (0.33692535343351893,0.12764449707541312)
 (0.78006898379689704,-0.35945609774557297)
 (1.4189165887697759,1.488871552165679)
 (-0.3142250939821295,-1.9066063096303001)
 (-0.46066183375607628,-0.25483045878131971)
 (0.30700908019818518,-0.23893792307682624)
 (-0.92686027075189203,-0.94752981503781797)
 (0.68729805226798057,-0.0091426904420187638)
 (0.60465123889943284,0.80920945950017897)
 (-0.30054178189869274,0.79610327224696065)
 (0.40877373880742696,1.4108264031585653)
 (1.2509579701054612,-0.53601237349336395)
 (-1.2974302958501205,0.85169387926461293)
 (1.0268693437726031,0.96682814900452807)
 (0.12624017520887271,0.91469525520571149)
 (-0.4001605694084347,0.62257035410241701)
 (-0.24049080116972602,-0.16353210016513045)
 (-0.72218785436752631,0.51658275908911577)
 (0.57054044436913587,0.18505622646795442)
 (-0.85265995265201788,-1.1554201472999126)
 (-0.90084791236332951,-0.49029879879117289)
 (-0.439015620382052,0.42220170573780103)
 (0.60408593873875316,0.18547120269301634)
 (0.48911446394031993,-0.8686800283129994)
 (-1.7381985381289393,0.029733980220118639)
 (-0.42555662598245814,-0.86432408688213691)
 (-0.66430023846700736,-0.037882383126416397)
 (0.038611876251052807,0.0098582716975823634)
 (0.89437041151450103,0.3560001486957593)
 (0.50302382987662897,-0.16474933801896646)
 (-0.35961161945792763,-0.033694107434850268)
 (0.77611465583575945,-0.33370069510225231)
 (1.075334078823754,0.83628561893047837)
 (1.2840585110809617,0.43738048873335256)
 (-0.74881387055894999,-0.52409015288796601)
 (0.69136981528255792,0.9565505063511478)
 (-0.10874355283424975,-0.0080980896782749667)
 (-2.471402027622271,0.1987259214071444)
 (0.068233934519190589,-0.066758605870411589)
 (0.72506238212924456,0.38141081243324199)
 (-0.6404993321671576,0.0066601268213399845)
 (0.14349014519619807,-1.2910839152901443)
 (0.02176160638450108,0.12211286719481737)
 (-0.3812570480748807,-0.90956791213750954)
 (0.18224776974861051,-0.32055718024684793)
 (0.65235808327014122,0.90890882627005087)
 (-0.4642311498384426,-0.25849218106200433)
 (-0.87369682008294869,-0.48752930423767626)
 (0.40172974297795594,0.49938972973697227)
 (0.78004798147500998,0.34123720664549284)
 (-0.13289887600572059,0.95804837409474808)
 (0.36529568972484472,-0.22405575255606677)
 (0.60798152708843844,0.96012072184743424)
 (-0.38625988562129543,-1.4213194493014552)
 (-1.560321677680601,-0.14428603295336739)
 (-0.98792625359944553,-0.44109560603628201)
 (-0.70247312273464779,-0.13751781637798066)
 (0.33565268958818373,-0.75906902415596944)
 (-0.08985712390296989,-0.10419066662329944)
 (-1.0158066467656246,0.36108366889448973)
 (-0.94565712113627498,-0.55999745668301504)
 (-0.13452275415100706,0.71747936843903282)
 (0.76422084085354725,0.6539609783172623)
 (-1.6497458151694973,0.83544904799385455)
 (-0.096391505192434598,0.15302905939438455)
 (-1.6498205292122288,-0.00485217374763669)
 (1.1592786887387094,0.56984611603866564)
 (0.29227284685436239,-0.63051094758497028)
 (-0.22881443685716496,-1.4874284694787159)
 (0.47907884381294691,0.51825549312085428)
 (-1.299677888909843,-0.61519079023613443)
 (1.0873669279905638,-0.30850538360311597)
 (0.4348355494501881,0.86026548002252068)
 (-0.5396660026519069,-0.1460626005928897)
 (-0.40199290357401829,0.10138884513374846)
 (0.89923138450637841,0.1610156829291074)
 (-0.4233424814771351,0.50691426845602205)
 (-0.34874685674411648,0.80668411272305329)
 (0.20916734732263687,-0.031475372458879755)
 (0.87805846345815453,-1.1636417359924114)
 (-0.45944456555380753,-0.17373065831896176)
 (0.28049630934681169,1.5578517528290572)
 (-0.69231774757252795,-1.2494901824031586)
 (0.46375307147955919,-0.90281868944278343)
 (-0.55012073977603471,-0.30399303861189669)
 (0.73414258120842768,1.2519553718778671)
 (-0.077668774387781025,0.041752922390914278)
 (-1.2581573078655572,0.48836248585060443)
 (0.97660352787419857,-0.41924915522714412)
 (-0.46947302808165231,-1.0832035365388395)
 (0.6465559815378551,-0.48162304528877714)
 (0.39758702496484821,-0.029034228475340318)
 (0.92575612538644547,-0.35320886090367032)
 (-0.79765118589584927,0.80202234439097086)
 (-0.56622829147443299,-0.37440248853011915)
 (-0.35061981324134167,-0.31654745273012158)
 (-1.1711805753981028,-0.20701583467802598)
 (-1.0625184613143601,-0.42865148412510029)
 (1.3118667292815052,0.53995301809290996)
 (0.39012563372373965,-0.68991890103562203)
 (0.21682960307979932,-0.78058303462610779)
 (0.60705438847328408,-0.35681119925747695)
 (-0.33226531460181985,-1.790562224206286)
 (0.40995918754448413,0.60172858307922783)
 (-0.44148115090092521,1.2078483187386801)
 (-1.2334337687202994,-0.034138256098854347)
 (1.1751871789777595,0.2544582813783528)
 (-0.54005464382588664,-1.3129488289740898)
 (-1.3134525849967977,-0.046352336441830788)
 (-0.56310786814063418,0.33898383046940783)
 (0.64856962788901606,0.13871687015571726)
 (-0.01268397295254494,-0.049540388334505157)
 (1.3604970884345646,-0.043079035904820429)
 (-0.33602156653054283,-0.59150384587830673)
 (-0.54797786390272596,-0.14245793080730523)
 (0.49512262256198741,0.25735539591565887)
 (-0.34856649798392486,-0.3301121818662543)
 (-1.6749159095884947,-0.66611875738583526)
 (1.4753858339591464,-0.31437384287931402)
 (0.57727150225482116,-1.3500104787695362)
 (-1.7091576318580344,0.80665603214512127)
 (0.2464670166596738,0.03167986454711598)
 (-0.70441976487383506,0.67846394162609847)
 (-0.10744128244297413,0.58768765462247752)
 (0.61456604383125624,0.41209727846810618)
 (0.053286462866708406,0.21450775993513171)
 (0.34156406101397369,-0.48903199603564013)
 (0.34030312937888674,0.016717453222835771)
 (-0.55507207526221247,-1.2716543956459052)
 (0.20395628857233741,-0.088921101493503601)
 (-1.2546963503312902,0.52847778985719551)
 (-0.14865535760896764,-0.35791095637331527)
 (0.27943112773241757,-0.022307593345961385)
 (0.25821904454504274,-0.030238185070249474)
 (-1.2613621147171752,-0.20041145696084528)
 (-0.90867785959585357,-0.096625924493979332)
 (-0.43735119298070141,-1.3345069922917958)
 (-1.5421866767676433,0.64422016997567833)
 (-0.56306150313765313,0.95309259119607792)
 (1.586752278229715,0.31768769048727441)
 (-0.49661122834555677,-0.57721963625375428)
 (-0.33030577942231887,-0.22175947394133499)
 (1.4153755433176123,0.91248282463816122)
 (-0.30646644780598159,-0.6632602924648261)
 (0.15819223288389725,0.24725961902525448)
 (1.5483991191553774,-0.7721678225243811)
 (-0.071624673980704601,-0.082471776064064972)
 (0.069032746492865615,-0.49055164122338268)
 (0.21842660937134004,-0.29395981153619488)
 (-0.28124855057371206,-0.36348369673517261)
 (-0.32373344464203951,0.51551437301962)
 (-0.24890076634988839,0.99292124372046753)
 (-0.0063372896762165509,-0.62791897664721552)
 (0.91728479118436956,0.37800821028937959)
 (-0.23260363167427917,-0.42555524921278903)
 (0.050683293068141788,1.188438650501527)
 (0.082847249790013566,-0.72783159959761456)
 (-0.50862701308508007,-0.52122517073165975)
 (0.07370057386012073,0.22244019256393144)
 (-0.42708145718955037,-1.0045539166983999)
 (-1.1614686299097128,-0.67664410194777136)
 (1.1285362367098442,-0.14576624509681568)
 (-0.19177047358130256,0.32726940114134878)
 (-1.4091678710285702,-0.41778329174090051)
 (-0.1474912200571995,-0.67414845668580103)
 (-0.309111746903101,0.60060547414122634)
