# Created by Octave 8.4.0, Thu Dec 11 09:47:21 2025 IST <gamana@Samsung>
# name: awgn20
# type: complex matrix
# rows: 1024
# columns: 1
 (-0.67336253626334508,0.72680705018653691)
 (-0.7734938403663556,-0.67060045557921666)
 (0.69156462384306328,0.80367313760125114)
 (-0.63311319812994915,-0.69989106224678865)
 (0.70440209679921029,-0.57805228277184117)
 (0.71696655582907542,0.80914925478711797)
 (-0.78892285898352676,0.61438819048355964)
 (-0.61065821419440047,0.79544128073134512)
 (-0.52020805196353959,-0.61197246414040207)
 (0.69906943787896803,-0.6580862570006738)
 (0.72062884700585572,0.80067509811501825)
 (-0.82873933736132865,-0.82295649773994972)
 (-0.68389799837909959,-0.70915633754787688)
 (-0.76206624908746601,0.75719600140387489)
 (0.55837567045866587,0.60402520674839921)
 (0.77640525346623068,-0.73315039810206539)
 (-0.72141618480029657,-0.70879792990335155)
 (-0.74415678072301361,0.66114606590937464)
 (0.80405711268214908,0.72312815245099082)
 (-0.65780808080403608,0.81015497262112324)
 (0.74661900248546997,0.61741228018105421)
 (0.78131121595146047,-0.75210223897713957)
 (0.67637204895899727,-0.60031358585153682)
 (0.72818294581034249,-0.7152785658788442)
 (0.69173340924039062,-0.70315185979476635)
 (0.66948966987297454,-0.67962194052735914)
 (0.73075968331686247,-0.72523789844774278)
 (-0.66955371324120316,0.74865978923293919)
 (-0.60920587889745459,-0.55436018198913095)
 (0.76795767544227322,0.75411519913664438)
 (-0.63326439169507331,-0.71636954991332569)
 (-0.69221665076543026,-0.63999253970133985)
 (-0.7081008354715107,0.74943217750150304)
 (-0.66929641840231824,0.71848288227742196)
 (0.71011454466239643,0.72541932294760325)
 (0.6553685313960419,0.62763742587075022)
 (0.92705869302398469,0.64892222727183269)
 (0.7353134762987914,-0.73829654399395717)
 (0.81055286999874498,0.70892100389810397)
 (-0.73699167641240138,0.63859292438085791)
 (0.66466427571934716,0.74952664953890236)
 (0.68168470585119501,-0.82402645192027246)
 (0.82701845499029691,-0.78272801182300511)
 (-0.65190820317363152,-0.61814640382826469)
 (0.74624761460053135,0.59853837364977036)
 (-0.6792103621852571,-0.7118532179942143)
 (-0.70219079108954352,-0.72038178553309418)
 (0.58257871574837117,-0.70911060442240736)
 (-0.61071014876855234,0.66775207277538073)
 (-0.51609022035652541,0.68804455318472912)
 (0.69399735479337177,0.63297092740639405)
 (-0.72076454648898214,-0.64628996302242747)
 (-0.74415834683775883,0.69087421049420039)
 (0.76328243125544948,-0.70334334781701335)
 (-0.77576776847516393,0.75030445725945005)
 (-0.7015612284361169,0.75962134098663758)
 (-0.53829173393915364,-0.66497180406305056)
 (0.65797896251360444,0.71113148718982733)
 (0.71888652316043133,0.65865888999895794)
 (0.65562231552292827,0.70203577557327868)
 (0.70957492337780037,-0.78884713250089611)
 (-0.75530932354940017,0.75522060349278586)
 (0.77008013063845826,0.58368112618447243)
 (0.76550182872111916,0.67650906166965297)
 (0.84012066227530235,0.77033246821908052)
 (0.81999558636320335,0.76613358970650636)
 (-0.75316328880058825,-0.75963799768908746)
 (0.61284594796802572,-0.70794729502582743)
 (0.63435093287158018,-0.80268232883419799)
 (-0.79847454728631639,0.63020756029662039)
 (0.68195937342621527,-0.68638396107417443)
 (0.68457368991604861,0.78335340406545895)
 (-0.77352039395151106,0.67058839019932281)
 (0.61351354259054436,0.8161793437368402)
 (0.68810584785894047,0.71558841767553105)
 (-0.67678669022184479,0.62405364579285849)
 (0.64159404292875855,0.60355108756029408)
 (-0.72393704939977943,-0.72161340030276322)
 (-0.71294808600778536,0.72857099090907307)
 (0.67182843493807842,0.67302916454069128)
 (-0.74208678319367261,-0.71311201151253134)
 (-0.75909729003900395,-0.79002115743370727)
 (0.74076467378318633,-0.69125599624053591)
 (-0.77658401695935131,0.77567354088692075)
 (-0.84931231669660157,0.84374173430541055)
 (-0.69658909801505464,0.67415448642353037)
 (0.87991383453401106,-0.69801230681101445)
 (0.78305259403108884,0.83604994006597266)
 (-0.74720409624423478,0.61410137833252021)
 (0.62015065775694711,-0.71110464426754894)
 (0.84607399603195366,0.68337789356746126)
 (-0.78297995822774613,0.7515013233266149)
 (-0.76963821545221933,0.6591262889748174)
 (-0.71684864754573496,0.62139787929318424)
 (0.73848629774090324,-0.80453498594459505)
 (-0.75062917687246022,0.67274964976885643)
 (0.6522544610158737,0.63421733454040718)
 (-0.68582568339555683,0.78703469262719161)
 (-0.76030478930832512,-0.69997233714317908)
 (-0.71304274033038939,-0.61743923933605238)
 (0.71942954223457789,0.73954102306615943)
 (-0.60472034023876509,-0.77127831032140981)
 (-0.76951645994351414,-0.72176804444517195)
 (-0.84895628175090176,-0.71433492109934293)
 (0.65882549560986281,-0.68462974990491143)
 (0.68854901766209964,-0.67158569888155462)
 (0.57994980725981626,0.76806298230133041)
 (0.77160316357017411,-0.72965119911067977)
 (-0.69052431272521886,-0.69378100859830405)
 (0.60920726016474491,0.63312576826546096)
 (0.73802703929795754,0.70766613232918529)
 (0.60262072690382062,-0.67862164700208505)
 (-0.63122116847239407,0.6955224892186781)
 (-0.73091750419192758,0.81240235403023253)
 (-0.74430893138586041,-0.75593519354460348)
 (0.67194677355093602,-0.58239452833591476)
 (0.65977107452483996,-0.63625730117392121)
 (0.77748011010721074,-0.73372952615130216)
 (0.75388751398841014,-0.57678391691429853)
 (-0.81504923878141,-0.66566815642229615)
 (-0.7628742366516319,0.72002177226125164)
 (-0.63727699284603001,0.68576855301376927)
 (0.5602179474410699,0.68298336358126832)
 (0.66458451191263368,-0.71729339664880953)
 (0.61304540671121144,0.83638244171052989)
 (-0.73631278003811984,0.68417710237275198)
 (-0.74506716187542188,0.78571791694827953)
 (-0.67986529594533807,0.68898366634022246)
 (-0.56727645300462437,-0.64550890392358728)
 (0.60220471814811272,-0.6568898034242413)
 (0.71771857732210587,0.8267785514702215)
 (0.73082258928688815,0.67029233201475258)
 (-0.58132278333728915,0.78595541128277824)
 (-0.80552283282932313,-0.58582735582666656)
 (0.69115163105567856,-0.67263059522798907)
 (0.78889478641051747,-0.64315866159941282)
 (0.75558043601821023,-0.70281491337240531)
 (-0.69436094188258313,0.60525852713857409)
 (0.57704752227015832,0.66432771410408664)
 (-0.80028410017418583,0.75929774898141644)
 (-0.76300311851398672,-0.77316047386640041)
 (0.66888340737781138,-0.8024609663624358)
 (-0.73522446588230927,0.84306485485001614)
 (-0.7701592979175429,0.76237990959249347)
 (0.76728569823640291,0.75937862100776421)
 (0.68809982419784133,0.70307011775485373)
 (-0.65224864965421703,0.71565885637718807)
 (0.6853481760618384,0.67244776262119821)
 (0.72047237002013143,0.57758089412038183)
 (-0.58634850066872379,-0.60341077050370517)
 (0.70694048365814854,0.72686288623732154)
 (0.71790249964705244,0.83198554166512806)
 (0.64371811168378812,0.66537543209116157)
 (0.7235373636523158,-0.73489716689498341)
 (0.8477758543454188,0.7771536590892999)
 (-0.73680992260118461,0.73641968636086708)
 (-0.58516058712824492,-0.65038806755926415)
 (-0.61599417048207228,0.88446779267102127)
 (0.73201599158923603,0.73459527369088917)
 (0.73389071483750101,-0.70309308536502857)
 (-0.86108767481143378,-0.6764243597663413)
 (0.75626057572195116,0.76693537648654231)
 (0.77772202007959046,0.791576921205566)
 (-0.81973675324652084,0.78851572594500352)
 (-0.57350169493568759,0.84372982911493022)
 (0.74077874619676598,0.757034840030124)
 (-0.83731198695127218,0.69206395671445575)
 (0.73068162021625505,-0.69096559064364049)
 (-0.72904090660938992,0.68853610793404618)
 (-0.76613703287425239,-0.76204058651806661)
 (0.76444750103802339,-0.65546475492169809)
 (-0.68443056562861426,-0.71038296042832394)
 (-0.58189089781666092,0.5785634536854084)
 (0.59431128502992003,-0.51869727407137434)
 (-0.75135828643170899,0.7777544021166044)
 (-0.69935433723830298,-0.81953166434548541)
 (-0.59555951959745745,-0.62710085274325067)
 (-0.78066992465584406,0.85062792791975306)
 (-0.65231944775749218,-0.61495125918551141)
