# Created by Octave 8.4.0, Thu Dec 11 09:47:21 2025 IST <gamana@Samsung>
# name: rayl
# type: complex matrix
# rows: 1024
# columns: 1
 (0.81270733250383409,-0.24126112075394546)
 (0.29053988369987693,0.63702599143162719)
 (1.0152250056867644,-0.80069498225696523)
 (0.67628576409645347,0.73295655300956852)
 (-0.62980766768514174,-0.36307730741950106)
 (-0.29507333576008171,-0.68194734319192851)
 (-0.54394253648504998,0.37037982894926119)
 (0.050963054567307431,1.5550903463952888)
 (-0.0088294639595836166,-1.7782457093289235)
 (0.3628433670410689,-0.072023490583344923)
 (-0.88211513548585452,0.57240711763067065)
 (-0.75080026509850439,0.79800965282619241)
 (-1.5753551790038114,0.26964207604419277)
 (-0.070639169075137245,-0.21213486640554174)
 (0.095797885037256628,-0.25082034982277235)
 (0.78142752029580609,0.40532755020735539)
 (-0.13685346060129908,0.13436204747129041)
 (-0.52154634934754962,-0.59764496080673846)
 (0.29173985102417394,0.35812727292524543)
 (-0.25126769097516577,0.014067900870471994)
 (0.35995616707681,-0.16217784438977734)
 (0.10181473158079923,0.16464809776386191)
 (-0.42882030442954644,2.3656055956655648)
 (0.62779172739919464,-0.95384031195858432)
 (0.04539724779938889,-0.473184274045512)
 (0.17143495577359194,-0.48296932241140389)
 (0.8420041261967921,-0.32421404323150838)
 (0.14083691467949683,-1.1051707204558738)
 (-0.46823276014959736,0.011544639865585238)
 (0.88349610316071181,1.9669086978193275)
 (0.072586166027748755,0.64317423959127473)
 (-0.42132725158937351,0.4374193618043683)
 (0.51352210505224427,-0.67700430142450241)
 (-0.094618544431908008,-0.080961205177665529)
 (0.68717336687212671,-1.1745412184258128)
 (0.32437651527712008,-0.67961354800661766)
 (0.35036581048125237,0.39453416842018663)
 (0.47388655593355333,-0.16439779868526308)
 (0.46779333257546157,-0.28900296047826118)
 (0.21491070598410245,-1.2577216739242378)
 (-0.26818535864505905,-0.34180180036846169)
 (0.10830250024188859,1.2700572540760438)
 (-0.13606804202912853,0.6875940401653684)
 (0.099774180804382717,-1.3659712426447852)
 (0.63959458055365104,0.17127681679767504)
 (0.20808761716266971,-0.90284396094238728)
 (-1.246601349308178,-0.38089786624693756)
 (0.21186773187058403,-0.13054677078881385)
 (0.33050198355267851,-0.20623260543597527)
 (-0.49068982395790112,-0.69561194817944771)
 (0.26732258487389421,0.81217487557086843)
 (-0.27936796816980186,-0.43276525877511568)
 (-0.78973937428153551,-0.48624100745250409)
 (-0.55281648236379255,-0.65817320938327273)
 (-0.014152486443893331,0.7183922405624934)
 (-1.2590080901178657,-1.6183381514300561)
 (0.0061423886355882421,0.0014815499581098488)
 (0.3253407015675539,0.91669776193975394)
 (0.65774698091238037,0.035492174807715549)
 (-0.72368769377797748,-0.55990096814295165)
 (0.36447935069023113,0.89666578603722713)
 (-0.51673380946688563,0.28568314403239708)
 (-0.27935186229278497,-0.63309198677878475)
 (0.40773496421289857,-0.27491870476892399)
 (-0.031422994219369449,0.79260386599419597)
 (1.8900824405022425,0.86534157344378992)
 (0.31164264814404752,-1.1320250313547975)
 (0.67404808133647487,-1.6515208863724649)
 (-0.56487403038699902,0.049398741962697945)
 (0.23436331102695285,1.3717723812156444)
 (0.23243801126693342,0.42898929840188149)
 (0.51844207801001652,0.071446987816498747)
 (0.28473065160713967,0.8382994283298848)
 (0.29204750867938134,0.22671202994106757)
 (0.40158726712652715,0.89177025497604834)
 (0.17124358356679598,0.026020537550078507)
 (-1.4844266503420049,-0.4864810983005165)
 (-0.036609982128531601,0.12563014574412307)
 (-0.3520741926488008,-0.43700968955508057)
 (0.83393232375912363,-0.035185106770167895)
 (0.81018190971153292,-0.58493180679448986)
 (0.15344560606951499,0.2790036762441146)
 (-0.20854177482999267,0.2262876652837629)
 (-0.17398768238771484,1.0136178582153552)
 (-0.40391886614664851,-0.28124920010181476)
 (0.21269408286784167,-0.4025988928856683)
 (-1.0429463612939205,0.95587856035471919)
 (-0.43688087531220349,-1.2212232688995528)
 (-0.96899661109991475,0.59445651227207097)
 (0.42359299767378095,-0.2554446685426342)
 (-0.213081002934363,-0.014196603163269386)
 (0.45502223241298878,-0.16806050574701378)
 (0.081119300480140377,-0.72332454604991847)
 (-0.5589043984233204,-1.1824065156509214)
 (1.4346981160650905,0.3592720940097921)
 (0.057737202725843234,-0.36005650504172526)
 (-0.91963663726317579,-0.84903112202649667)
 (-0.30949360257983094,-0.66220922472035082)
 (-0.47935197887848557,1.6251800232591083)
 (0.83112224128430801,-0.068546368448158701)
 (-0.74968709177898085,-1.4558700165618139)
 (1.0215266404130237,-0.87946851175676821)
 (-0.33634676735063307,0.6146538529996296)
 (-0.066837637968649444,0.31708413998822504)
 (0.41897984330982274,-0.22088525939054773)
 (-0.11572423620320593,-2.0907769467708754)
 (-0.078992806277742647,0.32633172114600895)
 (0.54392673543243575,1.4211582450154741)
 (1.1855000454151348,-0.43228845279599787)
 (0.25921215291816724,-0.022429245191670527)
 (0.37730134397984638,0.69977893990238516)
 (-0.066616078848090649,0.14917994097796858)
 (0.55014900189423699,0.33846211365754808)
 (0.28029905156740142,-0.5130390465275102)
 (1.3616452218989021,0.16622471694531671)
 (1.2786415123910326,0.0089705075707112725)
 (0.3983391611538234,-0.66575667841090147)
 (-0.60609664203512836,-0.73234439292801534)
 (-1.1774914577646705,0.053756047368010429)
 (0.93824778861780533,-1.6509553077032781)
 (-0.15108579274603628,-0.10417602847303616)
 (-0.64774847405249913,0.19080383329372411)
 (0.04245983203927528,-0.64390568305883988)
 (0.61288000402578446,-0.87287391016619997)
 (-0.30714637886583246,-1.2479049603980632)
 (-0.725589184620406,-0.61593849046378757)
 (0.3439007806944433,-0.71831232827724201)
 (1.5578832286180055,0.49174978843322514)
 (0.35731293372194767,0.23226348067298336)
 (0.29524892051827567,0.042182178803634979)
 (-0.63082081523882694,1.540619788427029)
 (-1.0990183906283126,0.94104715859957655)
 (0.46337414430835788,-0.11385038051875995)
 (0.43258585932229504,0.27278312031720225)
 (-0.028097496651820375,-0.77960245970743147)
 (-0.14562277322532408,-0.0069893521279296988)
 (-0.23194644674592421,-0.0064098545804797125)
 (0.13344498881630223,1.0884075373964408)
 (-0.021212803299190841,1.435309050801183)
 (0.57851535773768248,-0.44484452695524812)
 (1.4437280285835892,1.2204209601275944)
 (1.1240154693749858,1.4022870237969063)
 (-0.48990000373010928,-1.3113838834353322)
 (-0.64452589108002756,-0.84081140624252226)
 (-0.9580243599555307,0.2745958967247028)
 (-0.35031864753308412,-1.3460157637808698)
 (0.80159608184284281,-0.041774724406839159)
 (-0.56878404369101798,-0.78384223702592026)
 (0.27348868414398536,-0.059005402942085325)
 (-0.13943830037518012,-0.084417076020380705)
 (0.18701395258323888,-1.1291981936819031)
 (1.4950816060221399,-0.93362716783883792)
 (-0.78806356921059462,1.5380016366501976)
 (0.73119582599424537,0.04839994708869011)
 (-0.27721783510448589,-0.68082902853575744)
 (-0.46440733667232303,-0.95113888145024184)
 (0.41459491111734292,-0.32105274436233733)
 (0.43718819760967476,-0.54989520230376887)
 (-0.41416036898024788,-0.8468823272589342)
 (1.32926961934832,0.024985621942485103)
 (1.2312897175610598,-0.11636923094613327)
 (0.4613883824304521,0.64557599481181849)
 (1.0936847246553798,1.2726370333435724)
 (0.71660703427470596,-1.372249480632024)
 (-0.070460750643816794,-0.91915948978936113)
 (0.18131650262936894,1.4234424068499685)
 (-0.27087926260191814,0.17963811444493119)
 (0.10241283131819595,-0.9875629095622287)
 (-0.075579292297724671,-0.30787346031339191)
 (-0.38519058358867853,0.37074689625308832)
 (1.0783534917869317,-0.086905408408365581)
 (0.4688694151453433,0.89746186891570934)
 (0.24139398699920744,1.0207806860860573)
 (-0.84374390005037581,-0.36723918342630502)
 (-0.339237006893639,0.31412926723106338)
 (-0.1617394517178416,0.50474618251794134)
 (-0.95056985179664089,-0.15461692436971075)
 (-0.19374299283390223,0.98691733923553393)
 (-0.57158693062597632,0.27137452212122259)
