# Created by Octave 8.4.0, Thu Dec 11 09:47:21 2025 IST <gamana@Samsung>
# name: rayl
# type: complex matrix
# rows: 1024
# columns: 1
 (-1.0642101810953557,0.18118479329624104)
 (0.0074061946628422026,0.21026635403998054)
 (-0.064589852740965042,0.24711731861988814)
 (0.59744403282397418,0.84634256237845495)
 (0.23760404189473266,-0.26364375056540673)
 (0.73980111679347305,-1.8347558015607817)
 (0.11402091983352469,-0.050311219517081174)
 (-0.85308226916072671,1.3937558773498488)
 (-0.70555153331246034,0.61742204133515532)
 (0.86516603967032935,0.069256173914663932)
 (0.37416670048803446,-0.33010380023901809)
 (-0.26107552681911972,-0.30904882789596122)
 (0.42037647829106772,0.13976238437162303)
 (0.56416711619335758,-0.81145529009339323)
 (-0.064733390108526745,-0.31607191751628572)
 (0.42634078574177359,-0.20568672942922939)
 (-0.066430627055074951,0.15001457960820991)
 (0.02642577466029537,-0.038844373788648315)
 (-0.61963297569051867,1.0084113398207737)
 (-1.1038208946172563,0.38921712310190876)
 (0.21366590979918679,0.61379118972758484)
 (0.38252965650401877,0.61294778211669931)
 (-0.65601332080499464,-0.42424449562969341)
 (-0.0007428692644141921,-0.73417421603489097)
 (0.95623289284263779,0.77234451688255401)
 (-1.4826434207409185,0.6182924122973058)
 (0.23164150086778595,-0.020345353233011662)
 (-0.071555191757448428,-0.42948937986120317)
 (0.76980860681858898,0.32223670538125049)
 (-1.1403752059755665,0.33064349862669418)
 (0.84041166493086683,0.16058488707165181)
 (1.0400426235136444,-0.28251617518858474)
 (-0.23332731446178884,0.8068071132176573)
 (1.7883812089883122,-0.19766231129888046)
 (-0.0039507928603245424,-0.31469704261264997)
 (-0.57275147368901003,0.26450808687724348)
 (0.43921371584640539,-0.66643419275753191)
 (-0.44454843265402988,-0.36487496105553552)
 (0.53248078534564858,1.1060048942253453)
 (-0.45297711384757672,-0.1411012976020149)
 (0.10706715047025996,-0.066935566377710962)
 (1.5779770713144803,-0.79625427085369438)
 (-0.066926719919888855,-1.5328564011046135)
 (-1.8814862654811058,-1.880442182143566)
 (-0.43588312653874844,0.18516361986717872)
 (-0.65145964480034213,0.84598405375733565)
 (-1.019904684227938,0.46868403020327071)
 (1.2192875511138233,0.58225346219670815)
 (-0.14369598360706129,0.48666894028654795)
 (0.27392243901923863,-1.0622601532240026)
 (0.097376672978971013,1.9038706505883458)
 (-0.66558526975481769,-0.92744886891184253)
 (-0.71468519939130926,-0.00098140997656009921)
 (0.077045930649267499,0.21652374061575097)
 (0.088907014930213579,-0.81906244114667759)
 (-0.83553742512470486,1.3021038999490229)
 (0.33457273117815312,0.5975619731744114)
 (-0.77622260046673774,0.86863116744957891)
 (-1.5907330231825267,1.3849078168627718)
 (-0.32094013065552041,0.42316379210888999)
 (0.22332618905597185,-0.75631908172541396)
 (0.090406823930499064,-0.40096271717790888)
 (0.11695484816819837,0.0068121141609746444)
 (-0.90882652772228067,-0.50704511367679772)
 (0.72631395262023768,-0.53105140372947524)
 (-0.42238106155051247,-0.14461808648465721)
 (-0.78394838031352565,-0.1430142927073248)
 (-1.0451679573924337,0.26051504745490783)
 (-0.82000787241167106,0.28499357400273745)
 (-0.40807003116014545,-0.28835392021478951)
 (0.30654336283745764,0.028447268240243961)
 (0.35862220522119115,-0.4092801231922546)
 (-0.12331488708215621,0.46209926659276734)
 (0.16953134951638499,-0.47902284712528503)
 (-0.4195538607222099,0.7365832475210351)
 (-0.26600989614775383,0.55346764773786516)
 (-0.08857568849465354,0.15079941456309603)
 (-0.15873701580429728,-0.27594241882918996)
 (0.88811439137793213,0.45893473778947663)
 (1.6954712385450506,0.61296144541377839)
 (0.62580011250070866,0.093511105780375081)
 (0.22401097333207243,-0.97012740853484336)
 (-0.72750357798967669,-0.73056263711570024)
 (0.60704932185254756,-0.53920080693451145)
 (-0.70133995357185352,-0.99849905952526441)
 (0.59346889443890827,1.358161291552002)
 (1.1061513270758767,0.13219433723369234)
 (0.53145240703510399,-0.38235640876056665)
 (0.61500346462225219,-0.0017621271383149728)
 (-0.81379908421751435,0.25764476981944184)
 (0.089789065167608179,-0.46695059137836181)
 (0.16040349040524943,0.2131524428708364)
 (-0.08847508664921365,0.32379664110094519)
 (-0.027064735302502266,-0.2765899133838613)
 (1.1488955298875423,0.63007699665572614)
 (-0.47432745447276692,-0.186728062876411)
 (-0.22391707339228012,0.24042982785512201)
 (0.045249678166678853,-0.51353470011496039)
 (0.80337134559073864,-0.67102559474369039)
 (0.13363447069681411,-0.32361721184544645)
 (-0.27945365657085242,0.36815037349170776)
 (-0.78141432050422388,0.51281917668872024)
 (-0.19069911210255036,-0.036625249462349588)
 (0.11940660014637022,0.55767694912814858)
 (0.50716851100932603,0.096109452984471072)
 (-0.049208557231569916,-1.504666836769712)
 (-0.32708441757080847,-0.2470675852314031)
 (-0.1127596956812969,-0.83394737517522133)
 (0.25034744284107147,-1.0117169228068081)
 (0.049352565592746839,0.086473992190277044)
 (0.70085353915983339,1.4776057393786772)
 (-1.4275657769608379,0.710985081359368)
 (-0.20524853667610576,0.30572087245395441)
 (0.34542369473192258,0.27592884116052507)
 (1.1549226655124003,1.0283935308526395)
 (-0.92164814080148183,1.1881704687403682)
 (0.71426771710516079,-0.68300398603840673)
 (0.034536179254536309,-0.51311418293373168)
 (-1.0084620033565828,-0.16584438058195522)
 (-0.063462007300163992,-0.48825426487537221)
 (1.2574312300744366,-1.5818296965887522)
 (0.57759949819121603,-0.08414684657700866)
 (-0.63760808546993009,-0.52322448403722188)
 (0.039057940558743232,0.95781949516857812)
 (-0.32112159564834886,0.45618395890625429)
 (1.1463170726811285,0.44655885437666071)
 (-1.256931123391277,-0.14840643771547535)
 (0.71796780027680773,-0.092061626812993069)
 (-0.56216519556496791,-0.21991372064845105)
 (-0.50810479887506399,-0.64375538496996598)
 (-0.65681304945926844,0.27164201163715096)
 (-0.52378193685073138,-0.35189797982063786)
 (-1.0481552455092464,-0.87706212239400805)
 (0.21567982309548167,0.8759904545025583)
 (1.4018429910354562,-0.11363716903829058)
 (-0.46645827613272256,-0.16431957022576943)
 (0.22734062587309567,1.3193573330188682)
 (-0.38261742975008523,0.027623045656140766)
 (0.50716459502042699,-0.65592083669804191)
 (1.0211420856704971,-1.2005455297076972)
 (0.6413353496238352,-1.4348419236235979)
 (-0.86105832783773928,0.36204116365968853)
 (0.50027602662258475,0.1785594878238877)
 (0.54240133520351563,0.60541293742516833)
 (-0.19499826914627755,0.74206045709145352)
 (-0.44014595785608879,0.042159388394400171)
 (0.61553539798750223,0.12722481140700032)
 (0.70394862719560702,0.12156243772694736)
 (-0.26555891209167604,0.93015702599690042)
 (-1.0680318543311564,0.33173326654691804)
 (0.65868204682666853,0.95436636990429213)
 (0.10445303101381087,0.74171630661108312)
 (0.3926603151279135,1.2725009362712183)
 (0.15329850199823764,-0.36327447428815457)
 (-0.80051535579418887,0.86204731655352229)
 (-0.03205980556133875,-0.56101720987601422)
 (-0.070948424694363743,0.46919279483729076)
 (0.56197205416664053,0.45200170905703047)
 (0.098506870097460481,0.39712188820225436)
 (-0.76277662764379517,1.9342755717832172)
 (-0.41129803379514418,-0.65436206128551655)
 (-0.37512342149118238,0.27897394509077467)
 (0.29839665870049753,0.17719421064514354)
 (0.82234308414765034,-0.20466553892515005)
 (0.93080573798710109,0.34902998946038982)
 (0.082581146279189777,-0.75645834018525693)
 (1.8839666438042704,0.054886268797335158)
 (-0.56819795984684718,0.9666423853131354)
 (-0.40814685045246235,-0.34991374944199616)
 (0.48860133825187657,0.089586470379099281)
 (-1.1804799340104171,-0.44392474745803295)
 (-0.22781106543183471,-0.41608762700304414)
 (-0.78617017040495907,-0.66569674696415126)
 (0.9121083743080447,0.96734878224868925)
 (0.089600920367437609,-0.13423830932624509)
 (-0.76709878660490904,-0.15585304128143534)
 (0.36932317198076259,0.50729482513610158)
 (0.057464027567803361,0.49485731824961132)
 (-0.95511543533609822,-0.58739954401785566)
