# Created by Octave 8.4.0, Thu Dec 11 09:47:21 2025 IST <gamana@Samsung>
# name: rayl
# type: complex matrix
# rows: 1024
# columns: 1
 (0.17769248879750321,1.2756865391356231)
 (-0.29492405099161961,-1.034957014297367)
 (-1.1922479429896449,-0.20501559511788886)
 (0.84326290650275149,-0.2007324217010657)
 (0.62114303214019084,0.57585761775062194)
 (-0.35725907886318276,-0.098622814702625211)
 (1.216415156292022,-0.73511694031477848)
 (-0.59254924404949916,-1.061221485623437)
 (-0.42539776729842432,0.47124955731174817)
 (0.49889481032345007,0.30636251304451212)
 (0.76268827047515431,0.093208273300334488)
 (0.73875686510168492,-0.40729285180319846)
 (-0.7007965457558929,0.0040351400640315505)
 (-0.19345455988532612,1.1692198963078817)
 (0.14384413710547045,0.44303514627994173)
 (0.7996489825140789,-0.69874719969268706)
 (-0.4896527221556673,0.73246993541405159)
 (0.37525624422208748,-0.43517618318214935)
 (-0.48310937738335313,-0.98955410457826398)
 (-1.8709146347170549,-0.042489761007160509)
 (-1.4198985580827455,0.75900879407825506)
 (1.0444276361058553,-0.49356359652430953)
 (0.50694673848276417,0.88831741245960538)
 (-0.33302545934891342,-0.88393166900602593)
 (-0.38143394327644592,-0.55800547907305109)
 (-1.850618836237143,-0.19321719467034149)
 (0.68157062290391013,0.2033460925224955)
 (0.46702612621711476,1.127241501402485)
 (-0.12795206286763483,-1.2863593380660068)
 (1.6648455816326617,0.55781561206619779)
 (0.34206392972762073,0.1282793419410076)
 (-0.37412718517454968,-0.73293674962946953)
 (0.043437109979259647,0.27814629730272794)
 (-0.079996954440961693,0.39323999324339454)
 (0.62491084942947928,-0.33591427963604292)
 (-0.38071261212491964,-0.935453817192754)
 (-0.020173987128716986,-0.80838201120041486)
 (0.44417479428188289,-2.2686113144099496)
 (0.41335280050203183,0.40038971115289079)
 (0.29404091240897717,1.0643797699607749)
 (0.92791210238759536,-0.79062619834343573)
 (-0.65633975886357465,1.3067127069537481)
 (-1.4014439140109651,-0.30668079229715006)
 (0.042209066913445031,0.48456437501217098)
 (0.044888619890966208,-0.32690351480987134)
 (0.41758484660102069,0.49572620196828621)
 (0.49908994135224949,-0.23668095351896831)
 (1.0718993023915231,-0.22859710665710187)
 (0.4763602555535526,0.62031885866181447)
 (-0.014991488490287849,0.17212703771375809)
 (0.65306038892255125,-0.63975877835264328)
 (-0.84337051808376629,0.32919148552906097)
 (-0.90674534933571826,0.28505535765658768)
 (1.5904301524146232,-0.48259760123249107)
 (0.42386937294653232,-0.19108984484153607)
 (1.0356128143204275,0.62928123364266308)
 (-0.48735085599828121,-0.58792574401130338)
 (-0.17200251773684364,0.19333300879613211)
 (-0.30031677743327401,0.3147003281566394)
 (0.75622193746206179,-0.13218260897870576)
 (-0.77248617989115909,0.10206670191848449)
 (1.4560133282340721,-1.7220144936315329)
 (-0.35367445673727482,-1.0019087687413046)
 (-1.0892518140540366,-0.45078108581035931)
 (-0.10263364576419209,-0.89364974624491356)
 (0.60499655317772727,-0.20230660121732941)
 (0.6752103084629657,1.2079018695175652)
 (0.8689409710793099,-0.30373820884636893)
 (-0.85041792339032884,-0.2972419484170179)
 (1.4680117235857861,0.26184249281114569)
 (0.26481635992682145,-0.87113125287097892)
 (-0.16832454245928685,-0.31547315664805198)
 (-0.11251971977893924,0.54967650374405408)
 (-0.46457560278917387,0.43442298117815048)
 (1.2171363239547626,0.79809780860756296)
 (-0.30300857844772366,1.2626513011369249)
 (-0.12051017321715968,-0.49425686963386067)
 (0.13975230880576389,-0.84679306601691096)
 (0.7707680333523983,1.6173468970280214)
 (0.82388471343097569,0.071712698315398116)
 (0.16675108047891785,1.0300267850396603)
 (0.66186235387743642,-0.16314386948784926)
 (0.25559156849749076,0.17320530930251393)
 (0.58750904890051447,-0.41676205309949987)
 (-0.27839859969877628,0.57467559003491564)
 (0.35384985538341435,-0.37818404558079549)
 (-0.77890999930374749,0.048100751704642231)
 (-0.36366369299031204,1.0084122839741765)
 (0.47444240233825602,1.1143718630761963)
 (-0.89374384724952116,1.1584426009433566)
 (-2.3815861696034517,-1.2513792276178326)
 (0.094642817184324185,0.46068698185054879)
 (0.93765109625031595,0.22563811181234866)
 (-0.80098962426022324,-1.110515786407394)
 (-1.5067656092702171,-0.43345932229351025)
 (-0.30230557851013462,0.49885860696385453)
 (1.2386603672115384,0.077907890454318007)
 (0.018425047202117933,-0.19052350515818176)
 (-0.34238251906318712,-0.41985388841931498)
 (0.72870289706827152,0.37200506550535384)
 (0.36001116047552506,0.9899350314462384)
 (-0.84251951574770811,-0.04372557409869704)
 (0.43763188197838887,0.90706387558363244)
 (-0.64191435217912574,-0.15988600258499097)
 (-1.1196105042294675,0.58307106726393254)
 (-0.58033396812574833,0.74128930591117592)
 (0.65242467333476517,-0.075285939008038538)
 (0.66415151606174394,-0.19462920560242369)
 (-1.1558513780716686,0.87694794093180162)
 (0.07951232361787125,-0.62713395649462766)
 (0.28290612791946201,-0.3505774354144976)
 (0.94531947677149653,0.5391805078430516)
 (0.80667840811325053,0.1502833384112558)
 (1.1200934219636294,0.024749632102961217)
 (-0.098472829626969627,-0.98572104448663911)
 (1.1117666780417494,-0.1405112066013357)
 (-0.20898997385093365,1.665275789420475)
 (-1.0455428868127536,0.014982336309394717)
 (-0.51843049180577483,-0.39186197813153367)
 (-0.15568593907902323,0.41237730084129715)
 (-0.52034951194736612,0.71420513663327412)
 (-1.1186839520815028,0.2262541379436952)
 (-0.03256473532344431,0.45551616523932803)
 (0.2058133676906331,0.65246287270861913)
 (0.60089045170339817,-0.11960100930175993)
 (0.15669863186603517,0.29107929031615282)
 (-0.67129185464579422,0.61737185787068083)
 (1.2891589176762941,-1.0304110480642881)
 (-1.197713137678974,0.032628577161821992)
 (0.66885797296811611,0.23062619636464446)
 (-0.42496801537358952,-1.1897295318811194)
 (-0.033165504517585237,-0.4685063800576883)
 (0.98460543679740564,-0.023987665688285476)
 (-0.73245331857894513,0.49025240039342555)
 (0.03761282751060796,-0.047534133769275774)
 (0.64116401494078734,-0.25394154691415805)
 (0.10294836011399766,1.3164163529869914)
 (-0.037457771883216057,0.16878934356093417)
 (0.14455159831622277,-1.2993437640404468)
 (0.20690977275668221,-0.42028359230147105)
 (0.34454447167418245,0.15412828960130909)
 (0.16425834271717316,0.62957173030659708)
 (-0.25329820542767301,0.093440315805039059)
 (-0.18172772145650029,0.86688647188198154)
 (-0.22024361501214046,-0.65361227076246253)
 (1.2872554778572973,-0.94313503305526092)
 (0.51126560584091074,-0.029483704267278116)
 (0.44572602147479945,0.44181120423858533)
 (-1.0655429813076587,-0.43770634927405799)
 (-0.093434303529934301,-0.22564209037799132)
 (0.48382002952574371,-1.1173377376491105)
 (-0.29950636955380738,-1.0651251304717404)
 (-1.2350113168528871,1.6831074371652406)
 (-0.89530488625811577,-0.1007819179986047)
 (0.26528548122526341,0.90739097412539071)
 (-0.26558963699532412,-1.6271810469780663)
 (0.21006641458302294,0.93567109835325302)
 (0.41457669517430268,-0.3444265254326398)
 (0.54097969511465738,-0.65435430168645825)
 (0.36580826792148063,-0.91308991807068374)
 (0.40346794287479915,1.4106208285068171)
 (0.34947022129186267,-0.1785507327742244)
 (0.27757389026146018,-1.3917025327934869)
 (-0.041489011945199883,-0.62132784831189802)
 (-0.046002211267210283,-0.076012150586380889)
 (0.52747747419145519,0.17961268295793723)
 (-0.17131004765715208,-0.053749065818438455)
 (0.2241936905871551,0.75470275022904265)
 (0.97732264380537814,0.20759051615141705)
 (0.38372625332575566,0.33147083128938998)
 (-0.77332278809923793,-0.63251266489361346)
 (-0.64919363692985654,-0.2767624833189859)
 (-0.66932550080654463,0.961722570106607)
 (-0.76171401899159752,-1.2633670979324347)
 (-0.035445205924157897,-0.74535983959456176)
 (0.53863482586453681,-0.97492723228079758)
 (1.415742874494113,0.38097830310182701)
 (0.5035563520372266,-1.1832712655105089)
 (-1.3256158079180578,-0.23569203298811237)
 (-0.020926658871120052,-0.26185291538880218)
