# Created by Octave 8.4.0, Thu Dec 11 09:47:21 2025 IST <gamana@Samsung>
# name: awgn20
# type: complex matrix
# rows: 1024
# columns: 1
 (-0.62201736353293491,0.67304681009119027)
 (-0.67433326211454148,-0.68213296217919939)
 (-0.70322493630035499,-0.80593389951207495)
 (0.7209669498686434,0.57781998000229784)
 (0.78500234135446134,-0.81363244754482988)
 (-0.64189838512837472,-0.80393753152081993)
 (-0.74856647332200321,-0.74683428220806847)
 (-0.65238620584423956,-0.64079463087077859)
 (0.73043952139214829,-0.77572206354022644)
 (-0.7937980636753863,0.77862450509123904)
 (-0.67590252754733426,-0.73192060673709081)
 (0.62744308064628129,-0.68814739457110197)
 (-0.70377086596530414,0.65034512916348453)
 (0.80715910406853864,0.54485177860112843)
 (0.74602839003036281,0.81186091720739961)
 (-0.77448927161957903,-0.75045238901410793)
 (0.81399373826031551,-0.66104123274931281)
 (0.75844965169553491,-0.71594665854417228)
 (0.71763177311617377,-0.77970811164209175)
 (0.57372555045201634,0.64046273909555684)
 (0.63149131174148743,-0.71868523092062275)
 (-0.70370594004069786,0.80704183034007748)
 (-0.6238743326464099,-0.6349265885420402)
 (-0.74655173964460553,0.73550440951002627)
 (0.68662327154431901,0.8885216017526355)
 (-0.5491057426233833,-0.78718102327206652)
 (0.68342052939162534,0.74440708065215966)
 (-0.59656723864682337,-0.66726290208873917)
 (0.71358794917807444,-0.75679695796111646)
 (0.75596710256161215,0.68810344459775341)
 (0.82403565983603322,0.64290102110171032)
 (-0.8521050370915263,-0.75271663163080782)
 (-0.6462225052668783,-0.80077895101355412)
 (0.78621328318204786,-0.6254589238625976)
 (0.69515352112954198,-0.61761006449171263)
 (-0.6632412264460843,-0.76040033790528294)
 (-0.77901994161343535,0.79172400532511877)
 (0.78359997755436894,-0.59877711635485087)
 (-0.63168145389519637,0.77044875004505142)
 (0.72950080815750351,0.76880691518530297)
 (0.76620612748255024,-0.70797202282345839)
 (0.65989032126504987,0.67019340107580094)
 (0.77630002027725953,-0.65738396424645007)
 (-0.79937499119395006,0.60160314588780228)
 (0.7480718718738284,-0.61854498217650256)
 (-0.61985522183993291,-0.6914501153417032)
 (-0.66092241974358246,0.60579241820166996)
 (0.68594071073693075,0.63972303914975259)
 (0.78802699576389179,-0.67575617114663988)
 (-0.64742453168162439,-0.87610561100984286)
 (-0.7487993221813346,-0.73351898342116084)
 (-0.61941937914371681,0.79740843747072954)
 (0.62923730135931843,0.74211031354952184)
 (0.79212457540987347,0.75251428718952962)
 (-0.54734560613243832,-0.77085308750282855)
 (0.6750639006386997,-0.70547718608069931)
 (-0.64979822315525404,-0.7534009261822886)
 (0.74741340211097806,0.63681461794375616)
 (0.84623747662974669,-0.72895077790604568)
 (0.65448580436728832,-0.71529720713927425)
 (-0.64546851962243124,-0.78943228540055599)
 (0.66152587025419896,0.72450196555560031)
 (-0.57547878111953965,-0.70598238031519134)
 (0.69197745386103438,-0.70940083419981503)
 (-0.72446710633653777,0.62898863349691181)
 (-0.74988465016131944,-0.79407610830559605)
 (-0.78281640109713968,-0.74394056656798679)
 (-0.74797782371550325,0.70427135275543717)
 (-0.71852035156854921,-0.65894451053251124)
 (-0.60350509631880311,0.67290858990652869)
 (0.82823221749666054,-0.74112774578829754)
 (-0.80836335696013173,0.702281831033299)
 (0.52460631656589685,-0.64913470284291352)
 (0.66184817077273839,-0.82843700487300365)
 (-0.74151242200739853,0.70268424330546086)
 (0.76691224583039974,0.71280134322575317)
 (-0.56371621944446249,0.6301376491023456)
 (-0.6788906762626773,0.61775058941490957)
 (-0.70368520991819172,-0.71393310888888484)
 (-0.71993279408689381,-0.55273495362828517)
 (-0.74904228418173591,0.75467233502573416)
 (-0.62428645843557629,-0.67163070057222529)
 (-0.77850578122586922,0.74889973210387195)
 (0.70466643177227861,-0.70081503228578024)
 (0.6881476985769599,0.72224870899139293)
 (0.73323903572143234,-0.58842284263109501)
 (0.65332575450337504,-0.78074681003328106)
 (-0.78416432772462197,0.75688583918877606)
 (-0.76565388620690022,-0.70961253421180237)
 (0.83949489711863812,-0.83933776834079288)
 (-0.67323600281041984,-0.59516940076888336)
 (0.58013995206598679,0.64384429106217855)
 (-0.61072857910750256,0.75777702666491986)
 (0.71715804079940015,-0.69747659174318066)
 (-0.68516147966795471,-0.60116298318986905)
 (0.54763893734224312,-0.72337676759012659)
 (-0.72612556423604913,-0.58542281443203525)
 (0.70446649429857455,-0.73535427593210567)
 (0.6696006385752834,0.66953398521945429)
 (-0.73718831197989265,-0.67553306982358852)
 (0.87939684599497736,-0.67075824068231304)
 (0.72361620052979336,0.72053328510186376)
 (-0.59517718186750102,-0.81242229347181705)
 (-0.788597187738313,0.57412634340303004)
 (-0.81437347274908078,-0.71243248718554653)
 (0.69775685664550713,-0.73384113787781202)
 (-0.80992611295470196,0.62763354170352259)
 (0.73706162665220343,-0.68418730909338699)
 (-0.57564366057115168,-0.69347207047899817)
 (-0.710771776826431,-0.58160656383247478)
 (0.78466550862352435,0.82027703946826946)
 (0.62869351280849106,-0.75141078466804301)
 (0.69985808396505522,0.74104468553159675)
 (-0.75692633756629724,0.67539367148930174)
 (-0.70254818112546802,-0.68453410391908698)
 (-0.73002890960537448,0.73973773777004204)
 (-0.76465600986485505,0.73208973518368847)
 (0.63702396879832934,-0.70311853393084645)
 (-0.73315891146560752,-0.63912591477861613)
 (0.657979489368542,0.63325712410025325)
 (0.80492783725895467,-0.63372332292758693)
 (0.68193748962386946,-0.81742486213568077)
 (0.74388280543922969,-0.70985944452585503)
 (-0.58695790640827261,0.67004240403449156)
 (0.71220908962171003,-0.69465823617235978)
 (-0.64265722871134767,-0.73707858958052574)
 (0.74953295961672728,0.69182116763459989)
 (-0.6072950454043784,0.80884754275978532)
 (0.63950453922656991,-0.61339136765799152)
 (-0.8434800718524853,-0.6902189057331054)
 (0.7250297147827498,-0.64694290892399919)
 (0.58863989293919494,-0.85797146582794392)
 (-0.58155469009415972,-0.78760714219818562)
 (0.74013572731718869,0.62666607116793416)
 (-0.60742387978040369,-0.57385811675248155)
 (0.7209276600888066,-0.72358127746334422)
 (-0.75277992917550995,0.6614442253088415)
 (-0.66672569771518153,0.70837809941929009)
 (0.71520527016573421,0.78006328818150006)
 (0.75812681824052297,0.74936326130357034)
 (-0.66114951085962081,-0.744614775772383)
 (-0.63181064222655214,0.71254064846542042)
 (0.88093067384476642,0.61273186471714125)
 (-0.74216173780927674,-0.74543000034510165)
 (0.63971142077827348,0.69300428545997061)
 (-0.7560902882280498,0.69077867081503719)
 (0.67770755917512493,-0.71377618811131527)
 (-0.76992422381285652,0.59051457636479698)
 (-0.73943586798621186,0.6717420500564466)
 (0.71857910128509306,-0.71877765476936939)
 (-0.73959193030132564,0.7986423073626765)
 (-0.72971016617755768,0.74329582698403163)
 (0.73838029548311679,-0.88642691357468273)
 (0.73905386012515228,-0.66280068565519534)
 (0.65660178386126311,0.60989811392927473)
 (0.64824410130306576,-0.74166175150773317)
 (0.82700892214152188,0.6168883398188334)
 (0.73080584136973981,-0.71475768031334552)
 (-0.60538307482796183,-0.6105329783403548)
 (0.58358515712947767,-0.81832382046809826)
 (-0.65515870152578592,0.65093166777406308)
 (0.72614359184203414,0.56379432380724848)
 (0.68223239188099483,-0.60771352245162991)
 (0.75974547221602584,-0.53552031362585995)
 (0.70689454521188255,0.62518841766678523)
 (-0.75057375433858431,-0.72499352353567759)
 (0.66914209752501852,-0.84708158079040108)
 (-0.72992375116243102,0.64428350382415733)
 (0.74199437528062495,0.67228156103124836)
 (-0.6365316550222363,-0.75052416403112066)
 (-0.77298330440957197,0.66575661539722353)
 (0.82448446181985013,-0.55330556037570067)
 (0.75595230891091969,-0.64004071833421916)
 (-0.73988681485554975,-0.70668035332384282)
 (0.70870328358975498,-0.6342830712772618)
 (0.7754541977653816,0.73613188907700622)
 (-0.67350972481060378,0.7121727975461829)
 (0.7773303520328364,-0.67928963201269321)
 (0.72352606758738391,0.63674742996766975)
