# Created by Octave 8.4.0, Thu Dec 11 09:47:21 2025 IST <gamana@Samsung>
# name: rician
# type: complex matrix
# rows: 1024
# columns: 1
 (0.91186980214244417,-0.87317913950447756)
 (0.64156897284612613,-0.75179053684076791)
 (0.21408206823376541,1.2669237518200143)
 (-0.45274305424705696,-0.54446372331634907)
 (-1.169522500610944,-0.60695466368167139)
 (0.17153106692456133,-0.55211116315991404)
 (1.0672890451593506,0.52441563703587302)
 (0.62349530794843067,0.50127155126064493)
 (-0.34083014439210557,0.62069293743751752)
 (0.16983382965147623,-0.17312309221334962)
 (-0.14883605243916942,-1.0603253316474421)
 (0.32818683261065007,0.14477141048970429)
 (-1.1678052200120337,-0.25927057919492968)
 (0.63903509910213407,-0.60875845223611647)
 (0.98282877232360599,-0.65013933650901357)
 (0.60518174734553387,0.94647119784439204)
 (0.8971044366776062,0.17991696137630564)
 (-0.36871955512419141,0.077069633200518961)
 (0.19059130085208137,-0.16370360229269143)
 (-0.73179510968499184,0.45480326247630554)
 (-0.57989634692445269,0.72181385458420633)
 (-0.023549073272516985,0.8426988581371494)
 (0.72260135471061082,-0.60823353515913936)
 (-0.90204140685793577,0.24054198168445284)
 (1.2493501253979347,1.2958920027853431)
 (0.24394928155665946,-1.0098277173729746)
 (0.81764159337738829,0.69630593401191587)
 (0.4704579016881264,-0.85350036314637301)
 (-0.26718395857198307,0.79533515696479418)
 (0.40036461034014736,-0.2615205016659492)
 (0.44205271365138965,0.24428966356584528)
 (0.25745997904358114,-0.39359579951512352)
 (-0.89206598854135732,0.11263223751298007)
 (0.63111841068690111,-0.40138832355404658)
 (-0.65113375036492283,0.49860507506124313)
 (0.20663493824641443,-0.3809977224562433)
 (1.1790732561935999,-1.2063543578172706)
 (0.27454204575631658,1.0704570323303748)
 (0.80058613164353198,0.66809745900267525)
 (-0.89452038634192244,-0.19484693633207356)
 (-0.41900121619469993,-0.42332692779005093)
 (-0.33926661193594543,-0.49033040094464941)
 (0.53248817499197998,0.33946436449042272)
 (0.69221543397013763,-0.74183419755943669)
 (-0.7822049182834826,-1.0905370461444244)
 (0.43037916026814371,-0.90337613396850691)
 (0.12261848284160926,0.72326535044622464)
 (0.53761348439179157,0.88160066390570646)
 (0.59802090003376729,-1.0384112017106113)
 (-0.92514778567378964,-0.61403657970834258)
 (1.0231791488960527,-0.64527984734725397)
 (0.079385069210755776,-0.70376189480177653)
 (0.80500099395997426,0.007352477123092338)
 (0.089200920024555541,0.61896670115005703)
 (0.80169854947805119,-0.28095539907301392)
 (0.6938432109704703,-0.60770078312793741)
 (0.71739711297593634,0.29169081135679142)
 (-0.073028202851916912,-0.65365927188199813)
 (1.1974892616784776,0.6092214746273058)
 (-0.47176384689801054,-0.31098072791695819)
 (0.30003224543057005,0.34586230341096158)
 (0.72313493968488496,-0.34108072847222143)
 (-1.0790621904124738,-0.81587065200150455)
 (-0.44576517240685765,0.79368917113474824)
 (-0.14426790243681603,0.57917361927373068)
 (-0.78276714388716406,-0.72682154626707984)
 (0.79630413924388999,0.56302818738585281)
 (0.67947310044501508,1.0315630187156826)
 (1.2817019397863942,-0.9119164769105198)
 (0.28694222988779089,0.9902890564632274)
 (0.59051341460525597,0.67438552708027899)
 (0.53696214201861081,-1.057130238403553)
 (-0.47586782248892434,0.6586310673799094)
 (-0.45910911114665881,0.30011571332454684)
 (0.92555009965266888,-0.27096879214059161)
 (-0.64678750343351332,0.32820927875523165)
 (0.53632796554940099,1.4212588071191732)
 (-0.77472858374596165,0.34102997581294342)
 (0.68633920567164175,0.53624410221648278)
 (-1.0560410362356061,-1.0173562007161232)
 (-0.63483758873647511,-0.6769252374440583)
 (0.4003984913370251,-1.4930350388942517)
 (0.6895260000917709,-1.0500739786391708)
 (0.27353652994107774,0.77854716453661665)
 (-1.073903965366372,0.88737874840122621)
 (-0.35379793431587525,0.65185991572962343)
 (0.16387158750274494,0.99086117995838152)
 (0.372031840750084,0.35695274503735386)
 (0.72600589358332479,-0.86401203394262416)
 (-0.81974875104983502,0.62722721142229398)
 (-0.16561025745568284,0.4388931158853242)
 (0.57734082869819026,-0.38256153799027204)
 (-0.90306151006007107,-0.57275660078489665)
 (-0.59488775763365398,-0.47839852498498342)
 (-0.13547441488102674,0.82672852297429789)
 (-0.71664253855710969,-0.47916869077675728)
 (-0.60198386775349888,1.0723462052371251)
 (0.16489191340774501,-0.3122119172076967)
 (-0.72762442417406881,1.0685120891293312)
 (-0.2995981627380917,0.98084492702220771)
 (-1.0172912136103345,-1.1710050737348703)
 (0.35800936645172882,-0.31387630206564537)
 (-0.39209565123581769,0.53332821197208224)
 (-0.8086225277274548,-0.12790698349681745)
 (0.56997725131447219,-0.31749657749791194)
 (0.30166070586573274,1.2047774766372241)
 (-0.075394165632851409,0.31266014711765511)
 (0.0049794478404486253,0.89937931376235869)
 (-0.4553348883265923,0.70964817010989212)
 (0.70717242469835151,1.1880707739161147)
 (-0.47414341772758706,0.9383195793742517)
 (1.2752763259594504,0.65874587169938514)
 (-0.50084933456152636,1.341179869052969)
 (0.39234373929263727,-0.47115830925331809)
 (-0.63523517990162448,-0.33929083432281348)
 (-0.13264678644130667,-0.49922326235465797)
 (0.67506018339959306,0.49354411241252016)
 (0.028773674938114002,1.229358971611239)
 (0.77226137660996441,0.53937496808147789)
 (-1.3634378979711712,0.55788073858232567)
 (-1.1844789368311825,-0.61358804621042062)
 (0.76181004234702465,-0.92655283472000693)
 (0.74123319516771302,-0.63952235697180104)
 (-0.86342048672679139,0.47616613496820603)
 (-0.94858403361089838,0.097225800581268895)
 (0.42783486630897916,-0.69295544702480927)
 (-0.80052021689622599,0.63768931499694981)
 (-0.36370804556075798,-0.66117071034806374)
 (-0.81742115158770323,-1.3333224998019841)
 (-0.55702673741693853,0.5425210011207825)
 (0.4647127511265936,-0.6041329462659395)
 (0.58169996193887585,-0.94790412949083591)
 (0.82177892899396665,0.61926901121179212)
 (-0.5083333472474022,-0.82756602633852994)
 (-1.325931456433959,0.67326423091599485)
 (-0.36501830270475677,1.0766592033686178)
 (0.9178334573911362,-0.37796048547778655)
 (-0.87432930064114578,-1.04581501703865)
 (-0.64497753880796349,-0.13567032709028054)
 (-0.77881700558255462,-0.89955199062939795)
 (0.11811396312784778,-0.59518418754961044)
 (-0.70150042113515942,0.35798897871168806)
 (-0.6189669900980983,0.62617561358891782)
 (-0.28378510295501436,-0.91445480070594842)
 (-0.54383019923684039,0.51458194367332433)
 (0.14408040011555662,0.0023784384433182121)
 (0.38997251431551772,-0.83984767808719218)
 (-0.96873465668107706,0.58747748621337537)
 (-0.075806575597263795,0.063020523102588197)
 (0.61693425997857121,-0.59773708462841602)
 (1.1073192088241577,-0.55806622159545483)
 (-0.65066927281970299,-0.55126804758488746)
 (0.15953548949725099,0.93544937316425081)
 (-0.8022072171544522,-0.49677992246541403)
 (-0.72317172854847955,-1.2392433110328829)
 (-0.71122304926040247,-0.53526845889510921)
 (0.45336944493975756,-0.02328778367214307)
 (0.12405707170822666,1.3902466699449207)
 (0.16554738887755516,-0.96307359001384785)
 (0.33729171950667436,0.15373670748513155)
 (1.1739330208782581,0.87092740817375791)
 (0.35993166771704693,-0.52153547525315269)
 (-0.71941555509883537,1.080649041056122)
 (-0.93105737379612463,-0.99003879708748566)
 (-0.26822577091584399,0.023576690986478813)
 (0.59151232396431941,-1.4819653375557238)
 (0.45229787154580459,0.45119204660870182)
 (0.94065942503547717,0.69394561059111526)
 (-0.49668052853427669,-0.69703958176555647)
 (-0.62237964852381511,-0.36101693744072161)
 (-0.73503500853420922,-0.26748842087107816)
 (0.6200841114063439,-0.34886970314974597)
 (-0.19985790662845332,0.48929061521989309)
 (0.73205088687652875,-1.4140503375924824)
 (0.86392294262100233,0.24746481023676237)
 (-0.48514220217938958,0.099675382210456853)
 (0.33306164486434242,-0.81130905476372339)
 (-1.1233932615455986,1.6646689471627472)
 (0.88406760417256114,0.82634506173391487)
 (-0.59351491794014521,0.6475512136187308)
