# Created by Octave 8.4.0, Thu Dec 11 09:47:21 2025 IST <gamana@Samsung>
# name: rician
# type: complex matrix
# rows: 1024
# columns: 1
 (-0.32125780078885446,-0.22104279198351229)
 (-0.65610757839817557,-0.57124524529759402)
 (0.73739873739169903,0.39107296377694767)
 (0.48692434170836751,-0.74534691413362375)
 (-0.52176623846288295,0.76877114203897046)
 (0.5778872206283352,0.72912634173153235)
 (0.3533422314599507,-0.2237507041218556)
 (0.85893141384674743,-0.78015071134359393)
 (0.29983198648801163,-0.91431095245822691)
 (0.29669212121351574,0.54619882820609489)
 (-0.56348579896616757,-0.90168151337158731)
 (0.75012415263609433,-0.79881800322685959)
 (0.47118105252462739,-0.18524480993828427)
 (-0.31390734995020281,0.61144097128931252)
 (0.30102719023720598,-0.69682479089144067)
 (0.46144160222303909,0.34602168175398396)
 (0.37010833635864537,0.53497324634232701)
 (-0.40064804855874558,0.57599602688186025)
 (0.59967198415260847,-0.43334665427914787)
 (0.85511988028217634,-1.0420443231264673)
 (0.75921180880467565,0.6344269433214339)
 (-0.48538318355870813,0.22183278907167278)
 (-0.96449367452469226,0.75234071291905436)
 (-0.10342928165391752,0.8649730496427015)
 (-1.0339111998662558,0.64934708897270965)
 (-1.1437037845792584,0.64500140250476545)
 (1.2028860409295195,0.080487069542092726)
 (-0.10671344717026299,-0.71851449218637964)
 (-0.26874393867000856,0.63148573742651193)
 (0.11559400572050743,0.78924876426791823)
 (0.63071628728463258,0.61765397382971909)
 (1.004264817713215,0.86922616140954467)
 (0.46348856259431681,-0.59270422552074886)
 (0.14208384650846467,1.0866393947379049)
 (0.67106161681704513,-0.82798896924148968)
 (0.64866966029291695,0.95796267724697137)
 (-0.44877229331976287,0.35200613111697077)
 (-0.85756591807085958,-0.43613706883229131)
 (0.81798412030199674,-0.27066862189599583)
 (-0.80702585544074767,-0.65308016534326474)
 (0.39001095399730623,0.19722381805772848)
 (0.11685414911459691,0.63571742231835471)
 (0.1996332245966119,-0.24356210553317817)
 (0.86817975138868431,0.69991029568839569)
 (0.081023545389401666,-0.1321229445883145)
 (-0.58091936841373804,0.46319066324305858)
 (0.56947524186366394,-0.58553730876855803)
 (-0.39825968188489691,-0.50988069760060273)
 (0.90561309869415341,0.72843124661679404)
 (0.20762525117812092,1.0858292811208574)
 (0.80765239353579554,0.36282228760619883)
 (-0.1440602499341892,0.7258790723835471)
 (0.93442791591952945,-0.52184026779275761)
 (-0.8263573397216587,-0.6636272156419164)
 (1.2803695198351224,-0.83661340484098368)
 (0.61885771505471809,-1.0884870888984266)
 (0.27824515200513722,-1.7323220467702163)
 (0.36189367639628794,0.24431879857651556)
 (0.68242513069930844,-0.28715634217164243)
 (-0.010082906407566206,-0.84539585036637543)
 (0.9267719686386332,-0.54141672800549101)
 (-0.70824488017783693,-0.66016382442878663)
 (-0.84344935376242103,-0.28430247701110112)
 (0.3157940577458343,0.11412116550709507)
 (0.40977358666076757,0.19826575304808805)
 (-0.76904755794745971,-0.87326528372583179)
 (0.19705691141634341,0.61804047075502011)
 (0.26580786670272716,0.76295923448705583)
 (0.39959442032582254,-0.80185870778383173)
 (1.0799044562165385,0.39148568528641126)
 (0.10402383801186921,-1.0943187542495576)
 (0.43085900139367789,0.32457129330278506)
 (-1.2014734733236825,0.25566132046071227)
 (0.44181302548066487,0.72381302111200685)
 (-0.7435739902568278,-0.60189662673285038)
 (0.050609212772865342,1.2089331339911835)
 (0.38336100478692975,-0.97201867712792578)
 (-0.63061110517140684,0.76360500259840014)
 (-0.88359725501230146,0.43548623521442525)
 (0.87502237931007809,-0.70158391593173086)
 (-0.59687658463815751,-0.47035898918591534)
 (-1.1118149545500202,-1.2472862580363913)
 (-0.2404122244957729,0.69807617676831124)
 (0.64847057612871772,1.2083406892959272)
 (-0.25698232544251004,0.34012538785367691)
 (0.18619345050623701,-0.45857718338038878)
 (-0.67223472317209421,1.3553049102673276)
 (0.84773197865596328,-0.82965162200875631)
 (0.35420264805941881,0.40869390209340584)
 (0.015551149763837646,-1.143119315823224)
 (0.17100759248024353,0.45466264530586309)
 (-1.0191761939424355,0.95455649474264126)
 (0.088109619666465244,-1.1792504585510255)
 (0.91953723097697271,0.59216750741419388)
 (1.1688328591803698,-0.88541254401240388)
 (0.74884109172382562,0.50257963016099583)
 (0.24170065632433907,0.1100754314898542)
 (0.19142117184006005,0.55170050424716022)
 (0.87858024573036264,-0.31369230415445953)
 (0.31076242885643363,0.55274468752555084)
 (0.33607624780704937,1.0016310705756439)
 (0.76177013308236652,-0.3232497198474249)
 (-0.013764158590397313,-0.89104993119357223)
 (-1.0140087477758883,0.4335051002396636)
 (-1.0377503672149258,-0.31258809363997364)
 (-0.89579453240969564,0.66569427830770111)
 (0.21401528904170475,0.58948701673640203)
 (-0.41464740277697132,-0.84477390501757954)
 (1.2266907345496052,0.010075750364387348)
 (0.5776711821101872,-0.38614002758150645)
 (-0.43770550447185591,0.7237902284222486)
 (1.121007337883926,-0.58091910830955373)
 (0.52062952483784197,-0.36670438388462467)
 (-0.86855825469247694,1.2336192707316103)
 (-0.90362116582324647,0.82305872217105303)
 (-0.054939390991534776,0.32453181015688026)
 (-1.0790775728403097,0.30972392617909816)
 (0.82104612126352183,0.14953544578222022)
 (1.0152517051502947,0.663950880538002)
 (0.39967680823714646,-0.47596944996253354)
 (0.40592649046632778,-0.69239899468784727)
 (-0.53700474613080729,-0.85361867902095512)
 (-0.85591679191948966,-0.7412063911807405)
 (0.74847023842518001,0.2288143839331534)
 (-1.0016067101697197,0.41826066304440157)
 (-0.85698955289729783,1.0508594089656031)
 (0.96370620263735407,-0.84162588982972186)
 (-0.40965327294187759,0.0096065992823475277)
 (0.60560675349464066,0.69683903667485325)
 (-1.0682884806699566,0.2533874711635723)
 (-0.52907769082570288,-0.57650527465932)
 (-0.013132943120837071,0.74386830158393757)
 (-1.6535307493407148,-0.64417691136091826)
 (-0.88621230226015324,0.60499377355709816)
 (-0.93581663321130626,0.42952147869290758)
 (0.27539274800668367,0.31211708015851047)
 (-1.0463903260730865,-0.44703540335132019)
 (0.70094943471506865,-1.3849259631721111)
 (-0.55362319578458863,-0.36108625953269247)
 (-1.1322582573381927,0.6798338876136818)
 (-0.62566603563123169,-0.62417533891808386)
 (0.25223898166515224,0.51144418305253747)
 (0.70616372581881981,-0.33731872751384134)
 (-0.9983372491733371,-0.41365400230063692)
 (-0.46899741944113638,-0.27711029819740796)
 (-0.94358619219327289,0.61485022845403825)
 (0.32913315229405776,1.0768024251777946)
 (0.32113396871376365,-0.84193834257289513)
 (0.40276084634792303,-1.1514806165393903)
 (0.91470682129859582,0.49886050540813404)
 (-0.76368972846377137,-1.2893332425835102)
 (0.93673589988293005,1.2197112835786976)
 (0.34700301749983675,-0.29393303788040559)
 (-0.71601155775878977,0.14242008107548326)
 (1.1248582719864857,-0.16532675694202931)
 (0.10204187585033297,-0.8529623606405462)
 (-0.18844183289341288,-0.28111511238366332)
 (0.75984688172106774,0.92111071342943696)
 (-0.43207171626732405,-0.65439013957199765)
 (0.35860691485690344,0.83800225488444291)
 (0.54442156991378965,0.77916271441716856)
 (-0.743216890318524,-0.88427608754455334)
 (-0.17582430958154063,0.10585512136465361)
 (-0.76147856185124585,-0.28041526439317055)
 (0.33976373291038692,0.36364492751441918)
 (0.40578746237576263,0.37450819297549359)
 (0.90173269733117323,0.41654871141467509)
 (0.35209252331509477,-0.77248540605341887)
 (0.54255228002055933,0.94974569430956657)
 (0.49689986439292144,0.69691208295239004)
 (-0.79195888609537868,-0.337068143754501)
 (0.4755925588455045,0.3971809186692547)
 (0.83212698254290762,-0.35451772805511328)
 (0.43530024661768291,-0.66687540838965587)
 (-1.0066249675770789,-0.49147294229760485)
 (-0.46579950488149324,-1.2889745317875256)
 (-0.5410206093508324,0.48930877970038217)
 (0.45932194390436409,0.93037766566158298)
 (-0.86362155024327159,0.27124382607707997)
 (-0.62636661590489662,-1.120071123130868)
