# Created by Octave 8.4.0, Thu Dec 11 09:47:21 2025 IST <gamana@Samsung>
# name: rician
# type: complex matrix
# rows: 1024
# columns: 1
 (-0.1481503328090189,0.48394956743734097)
 (-0.6072231034684471,-0.48042881108382357)
 (-1.2601388352994543,-0.83667750603929147)
 (1.2703835110832002,0.79594717877621979)
 (-0.40662089493785636,-0.81528732719450037)
 (-0.5776142171872094,-0.52946932116336298)
 (0.44540790171845779,-0.45595382973631726)
 (-0.84373209415618999,0.087782714895945579)
 (-0.63368825957530261,0.64987208920858341)
 (-1.1029836998043716,0.60129194648394813)
 (0.545457796404475,0.70958854270812755)
 (-0.094415890818260351,-0.16719152887099398)
 (0.69638094846451781,-1.0759844481250895)
 (1.039559769362292,0.69475576598325883)
 (0.18969837529856381,0.34294205843516445)
 (0.17886723809514207,-0.31066548589365128)
 (0.48415499163056602,-0.82500842601953761)
 (-0.63750832343767105,0.015158275975856117)
 (0.74534648116265001,-0.30093742508808757)
 (-0.37408797628792706,1.0047438445387866)
 (-0.69131970189795688,0.099649285170781032)
 (0.67764503831547651,-0.75789278482737965)
 (-0.57582455167481084,0.54633573733506613)
 (-0.10744265969916192,0.50442573906838128)
 (-0.69832792009517597,-0.22093631612409542)
 (0.88328115785277106,1.2905600805829827)
 (-0.79248499810014106,0.20544982268578582)
 (-0.48083996201016926,1.2167822479285175)
 (-0.29022844544537812,0.79492697632076914)
 (0.041471147581184309,0.57729145991002473)
 (-0.7676463749718675,-0.77869824148885092)
 (0.64969859790854079,-0.035562075306685925)
 (0.84017495902601935,-0.46028502083378686)
 (-1.395064526312946,-0.14268462072162658)
 (-0.87033830163164094,0.51050751867623079)
 (-1.190044890040078,0.20098549985259001)
 (1.1969658308444791,-0.78096850918224381)
 (0.22414848521428432,0.43020032215377102)
 (0.43281914959585061,-0.50305738513727316)
 (0.59635973845167878,-0.23321361088104173)
 (-1.0416789378804165,0.90282130556074025)
 (0.78898368991033718,-0.79746739919718934)
 (-0.64666768694643162,1.4152116523046372)
 (-0.54106168926048404,1.2806653442844886)
 (-0.91798134727379477,-0.70480175164289283)
 (0.7711392057983506,0.30992492503821878)
 (0.47780058656477203,0.41722849749784957)
 (-0.99501928441936738,0.69017840413536924)
 (-0.38269986736485451,1.0671796652294241)
 (0.22355404897535461,-0.63061617202895071)
 (0.77663010031318158,-0.86825379892816745)
 (-0.010494753441778581,-0.57607346790557634)
 (1.6700020350984932,0.055099862193668137)
 (-0.67888981253501601,-1.2005503213858879)
 (0.38626419433706771,-1.0124806244903664)
 (-1.1141423516795068,0.073896021239343135)
 (-0.40995796166571818,0.56494448881917803)
 (0.54394467496262122,-0.40641747284955532)
 (-0.79901367948800761,1.3635397803427414)
 (0.38763446292473641,1.247261257558183)
 (-0.49954531726732426,-0.66419820280322095)
 (-0.2485105181681683,-0.4501446426160931)
 (0.80399195682723035,0.69207854782620537)
 (-0.53597430872006535,0.75396656481471125)
 (-0.30781516417049865,-0.40728102118461335)
 (0.54449034931712781,0.91017580874757509)
 (-0.41813582366903163,0.53315129911170933)
 (-0.57198729066302989,-0.77309096141381706)
 (1.0321761750097838,-0.39963513386097749)
 (0.6176242674975011,-0.42743176582504649)
 (0.51264681929325417,0.64736205087436549)
 (-0.67938987271038809,-0.40311670213886941)
 (0.69777793404101252,0.20732094213583507)
 (0.9419455448465428,0.61721337636277762)
 (-0.5948118152085764,0.51850702583274311)
 (-0.064236888592945268,-0.43415463039729774)
 (0.55510641165134234,-0.41415755096288831)
 (0.85663162884485344,0.88176511361276688)
 (-0.59397632942024603,-0.87064462048163649)
 (0.37890087611184947,-1.045006452259249)
 (0.90410855258473788,-0.47368782877821819)
 (-0.63386088917376371,-1.3497708540678155)
 (-0.37220187529691207,0.56635016664403859)
 (-0.38743497171362334,0.66553788431709293)
 (-0.41212107717928342,1.0014559597250661)
 (-1.3820464212691954,0.54762897517386078)
 (-0.84583312273718225,-0.71355870075535499)
 (-0.76383188495455778,-0.83923698122976242)
 (-0.66000342764847697,0.76808961252060848)
 (-0.90529958362970775,-1.0153453078295325)
 (-0.93558256790763505,-0.29024172645046681)
 (0.59754697860541772,0.50159381779969681)
 (0.33277461212342568,0.46205781422638154)
 (1.2152065922141562,0.48231140406826817)
 (-0.71501924824426588,0.30755332367823179)
 (-0.51877451514027095,-0.37522370408999112)
 (0.69324906676414222,1.2361604700340378)
 (-0.77228137892430482,-0.96550284151592924)
 (0.66735556929518758,0.16153608363819555)
 (0.14527643949805827,0.38951501042305747)
 (0.81114680068167311,-0.59868273134429995)
 (1.0743975464635189,-0.67751203115948622)
 (-0.51282944465124247,-0.90620356178244288)
 (0.71591188924101556,0.56097133637702223)
 (0.45267530183961668,0.58304882626212218)
 (-0.8157285270616832,0.98763043662890215)
 (0.66178153080380475,0.83852536519521503)
 (0.72607537673552192,0.87775143099614183)
 (0.36642548289686694,0.038982277021974793)
 (-0.50741681064946575,-0.42638810253019299)
 (-0.41952216095497286,-0.86033798844000042)
 (-0.69972002998673244,0.77072203536983352)
 (0.5113742228435515,-0.36669445332070727)
 (0.6738527713625786,-0.5485710843395315)
 (-0.56442002431342642,-0.7520339552358174)
 (-1.4560829260444716,0.52637606658580838)
 (0.67790138996757865,-0.83539653125142477)
 (0.33416088502512975,-0.35291894243978239)
 (-0.33792926905751575,0.65698481758146776)
 (-0.78223572362934823,-0.77681176403283358)
 (0.88347449826139135,-0.6996580775091148)
 (-0.7006140019128323,0.44055581180719472)
 (0.53457642474566325,-1.3052441427365284)
 (1.2545173508485981,-0.87079599279977149)
 (-0.60407307851243719,-0.52048738543402517)
 (0.59209862389316625,-0.61525982382713251)
 (0.88023618293145045,-0.58805612475355429)
 (-0.73082216586090953,-1.0445309745519615)
 (0.7384976722689891,0.64780905526585886)
 (0.74733181825112927,-0.85944537867425708)
 (-0.57063385346258588,-1.2439521739657236)
 (-0.44865500131157571,-0.48542510681896239)
 (-1.2870285980120346,0.84911152424425695)
 (-0.069437199742513139,-0.56664551263331253)
 (0.8888447070130312,1.3347308686747874)
 (-0.29361592001495607,-0.32183549198419792)
 (-0.68607379753011466,-0.71995873459161397)
 (-0.45176774994531244,0.23639925926886166)
 (-0.48023025225095362,-0.46588535215214433)
 (-1.047091837541283,0.43684675003605017)
 (-0.57757824874566133,1.3444895566276001)
 (0.65878644683024667,0.35898184847785702)
 (-1.1716698660776674,-0.2026997531423046)
 (-0.097321524067448525,-0.33913856423638539)
 (0.73481080473608795,-0.78304049869211489)
 (-0.49819536924615698,0.44231726785962194)
 (0.3785348632935347,1.1088410899279069)
 (-0.098305095459293418,-0.5111104463373175)
 (1.0192861363819639,-1.2144220517336859)
 (0.42286320332808425,-0.51228234951811635)
 (0.59120858432682599,0.45085078524238131)
 (0.56892357167853158,-1.0315195478351957)
 (-0.0033759241770360826,-0.75279081328537356)
 (0.43928793876933864,-0.75133961993001241)
 (0.72428152919914113,0.65103717156554275)
 (0.62424441626649485,-0.45520318661596804)
 (-0.60675107720310772,0.43819342398213146)
 (1.1809705391857426,-1.089652003158752)
 (0.75501426387022108,-0.79568498358461692)
 (0.16521271885737443,0.060105109977259645)
 (0.17149449917311538,-0.47599330256124622)
 (-0.8172164864877498,-0.41036696036474352)
 (0.93403592940333924,-0.9192975919487324)
 (0.066561400554680183,0.14688641859527415)
 (0.062604800129557603,-0.96394323537177629)
 (0.58352115233931101,-0.46074330695019899)
 (-0.12032232750000248,0.35101793930976521)
 (-1.0043673658508421,-0.93832042038896402)
 (0.66850083040779518,-0.46374612725771686)
 (0.41864248110182362,0.35452403025400553)
 (-0.29922306588326897,-0.63529720585037108)
 (-0.040994717817327525,-0.51787547550443092)
 (1.1722994778869733,0.54250660850148169)
 (-0.82736165971356634,0.84857138629783824)
 (0.78518945605368462,1.0567460584763417)
 (0.55367816915357404,-0.6435324144651241)
 (-0.18225079623224391,0.092524508468276728)
 (0.58225032246405883,-1.0423303442697283)
 (0.933523860549477,-0.72914612808336721)
 (-1.223920821142813,-0.64577464706075094)
