# Created by Octave 8.4.0, Thu Dec 11 09:47:21 2025 IST <gamana@Samsung>
# name: awgn20
# type: complex matrix
# rows: 1024
# columns: 1
 (-0.88153666532934172,-0.75841461629543416)
 (0.77667904499341434,-0.68816564979550343)
 (0.68055334019614078,0.69496555807687288)
 (-0.72642759173263716,0.71074024321719831)
 (-0.67294862568125613,-0.72784178768994323)
 (-0.7339922704763101,0.85610197369512175)
 (-0.7429126007850666,0.58070777886471969)
 (0.7017648282773401,-0.64152836243409672)
 (0.82623612439443861,-0.7175381469551485)
 (0.69627343885927551,-0.64957347037719804)
 (0.61411482499741388,0.70162573509702164)
 (-0.62035982034033166,0.77697456629490724)
 (0.71329906496418038,0.76321866017009288)
 (-0.64600683356029998,-0.7202236945750462)
 (0.60454366987186448,-0.64154347640250475)
 (0.71514139047166458,-0.72890053406027699)
 (0.78034445665530261,0.74015829659315791)
 (0.77940745901592767,0.6569434326352791)
 (0.56027054421862765,0.68572538362296231)
 (0.71785412290223127,0.87477288576072088)
 (-0.71239047151697621,-0.67335761418452866)
 (0.67531269865182209,-0.77605711248437292)
 (-0.61091618544341109,-0.72649041661745495)
 (-0.5728642302981557,-0.79070783598361039)
 (-0.60609072423222121,-0.72552070919167932)
 (0.6226652932675274,0.75260341184824053)
 (-0.72611792740786218,-0.70195293716092866)
 (-0.84216225204005069,0.70012867483887786)
 (-0.63783305715143479,0.63596982217488096)
 (-0.65780226348614046,-0.83797360085721795)
 (-0.7532928134354766,-0.69592844706620804)
 (0.79558873188956325,-0.72835624607483684)
 (0.84207854111434743,-0.66323412726575215)
 (0.55355529476649556,-0.77624626041414302)
 (0.71992284055042244,-0.72330114676937562)
 (0.77586482042790217,-0.66189604849311312)
 (-0.606808083083481,0.6299895599316645)
 (0.7449502118830964,0.67823239616466025)
 (0.71156781702519634,-0.72910929833181426)
 (-0.634922224818951,0.72695230836982161)
 (0.82849311959867267,0.69584630154914351)
 (0.74280425947448347,-0.73045921092876664)
 (-0.69559756833838926,-0.75639194655201847)
 (0.69193372962451771,-0.7763420638819859)
 (-0.75142009611902316,-0.79160099744584689)
 (0.59541956979070254,-0.6311948546602717)
 (-0.7736847887995727,-0.71950857741067298)
 (-0.76428416227590124,0.74193029471569316)
 (0.66960619483720285,-0.70354983526814197)
 (-0.75231362647820799,-0.69546090322125131)
 (0.73113090091738242,-0.60053422213845342)
 (-0.86980737439123779,0.71068096582449702)
 (0.67661359008070554,0.68969132374948905)
 (-0.68208880332997623,-0.54230093237169907)
 (-0.71012895902494122,-0.83977716020382376)
 (0.58878288744923557,-0.74704459365696474)
 (0.71210158533940904,-0.77870768685519842)
 (-0.71877525531119035,0.66094185995213228)
 (0.7459067782719917,0.60197089554354644)
 (-0.70460745590454021,-0.78817370509950435)
 (-0.76722749447522554,0.70491117540517112)
 (-0.81855659818933946,-0.73293631812506388)
 (0.79297665775002268,0.7695502434389212)
 (-0.72328707399021874,0.56317189258369649)
 (0.68212909629586693,-0.67271680578852189)
 (0.71335859731849149,-0.5667220767739688)
 (-0.73809201023760573,0.80564240765729833)
 (0.62184525070674757,-0.67018984417268157)
 (0.61753126024380001,-0.67430564131421844)
 (0.72816335017859868,-0.70964490484101306)
 (0.79390658482180809,0.75679597309817337)
 (0.8052831015345695,0.71331151376272295)
 (0.52653850159100202,0.7028760849648551)
 (0.64087093388600724,0.62926897024470752)
 (0.80206643126330091,0.6786266063221762)
 (-0.64515680085126748,0.6797796305288778)
 (0.65607215582068723,0.75376978964421337)
 (-0.8457080203680839,0.79890360356414558)
 (0.73697886945948388,0.73430486919606675)
 (-0.69606062524462708,0.57992872410255714)
 (0.73537925686943462,-0.69439605530339443)
 (0.70611430485538973,-0.74346741847695241)
 (0.75606578606812269,0.76094423246250442)
 (-0.67672360727439773,-0.64618545225282009)
 (0.7355345250830676,-0.78446776455657619)
 (0.83333389977047423,-0.6524062382264838)
 (-0.59403641742519087,-0.78196121285901854)
 (0.77738563769029234,-0.72378192144483255)
 (-0.67752836118645021,-0.5880218712215185)
 (0.72327317966349003,0.71741429433899206)
 (0.69162283642694589,0.65467254957536081)
 (-0.74063258331584669,-0.69664409529700166)
 (0.75026905967808133,0.81444785329349001)
 (-0.71082835583176107,-0.64662565070308242)
 (0.67492599265058562,0.68857485737160595)
 (-0.65216036451316373,0.71421957524732005)
 (0.68083584329176861,0.79293285127587398)
 (0.6473828134514511,0.73520451083133254)
 (-0.64669027368234411,0.75047615572051063)
 (0.63915401215754775,-0.68765645824339039)
 (0.53092183640989699,0.7516173122809553)
 (0.65851507785248165,-0.65057257370737231)
 (-0.74787512138731482,-0.67836368377802825)
 (0.71794716836201411,0.82375825737269981)
 (0.74924929279315355,0.60609732573233832)
 (0.67262983215853311,-0.76337609778174909)
 (-0.61207599878367358,-0.70168927908994028)
 (-0.67265036634798958,0.65529704041225767)
 (0.69788311825697091,-0.65382549576617788)
 (0.78431331269561966,0.6688041644895838)
 (0.82373770824940085,0.79434717097904606)
 (-0.63334249926327346,0.65649173514817039)
 (0.51422722698490797,0.74507580005717844)
 (-0.67229746949761526,-0.72785589110158189)
 (-0.78007309279359816,0.67811836289953376)
 (-0.64380070795310684,-0.75444743379204748)
 (-0.66732402714303951,0.67093397170835867)
 (0.56428933639204248,0.77040987187442422)
 (-0.64514824545625715,-0.76513011980171286)
 (0.70248092669331275,-0.77199865432197334)
 (0.59699938315233858,-0.65241774841496691)
 (-0.72473539519374874,0.63439880563979445)
 (0.70969880809102426,0.77148705630672831)
 (0.63449439730735446,-0.63679178922665403)
 (0.75746587895183026,0.63310912028959454)
 (0.6375641804725356,0.59892945051109114)
 (-0.72505476663459034,-0.71766444444509514)
 (-0.66263383314151514,-0.85805912912006055)
 (0.73392708095503056,-0.65233150413575425)
 (0.76279367463142289,0.67946748715434446)
 (0.74125004015194207,0.7235854975664624)
 (0.67033204781227218,0.73591244675891232)
 (-0.62118336927341189,-0.73151850787173001)
 (-0.84537625683671414,-0.74070088217219976)
 (0.72453747783664835,-0.73385167903973036)
 (-0.72136246269744497,0.67971197133130912)
 (0.75759438854500083,0.69979694736382814)
 (0.75008024781432781,0.84590507523207237)
 (0.79487067027783009,0.7592942538172196)
 (0.66335003920156721,-0.61327127257136616)
 (-0.6310905214567708,0.75326823246623287)
 (-0.57051583320452837,-0.58568813104202899)
 (-0.68790579006036612,0.64969994492559779)
 (-0.66262036778270539,0.68102919462357836)
 (0.72480169687949858,-0.76536938723903403)
 (0.71297370630161294,-0.71844375711239539)
 (0.68555271972140241,0.85401374021412668)
 (-0.68614067931864398,-0.66885149941382593)
 (0.78683064377123246,0.62700714151735615)
 (-0.74839780100166542,0.65942936399901508)
 (0.60453607606371162,-0.6300790980732982)
 (-0.62313130330569533,-0.73481112749892585)
 (0.70633780655967637,-0.60650717116409103)
 (0.76076957190476624,-0.8338215927178152)
 (-0.74197304068998582,-0.76548009974222331)
 (-0.71439823260363355,0.78873807658640738)
 (-0.78588520226371084,0.67413020991244343)
 (-0.76976682482172354,-0.73745364639995759)
 (-0.81660894207371859,-0.7454046923260701)
 (0.77968773295221327,0.67658607860920483)
 (0.71099388431385946,-0.79111426802008245)
 (0.68343582649807355,-0.65945499433215449)
 (0.73351332959675497,0.68708905772880646)
 (0.70101467395489148,0.76959165091876836)
 (-0.72218801033667146,0.67931542035592252)
 (0.85710579420444666,-0.68853958567162166)
 (-0.71201850777881326,0.66338404925428385)
 (-0.68468237408552546,0.7232176428458793)
 (-0.70065473916932197,-0.73544299504825394)
 (0.6747962788047398,0.69920945070400864)
 (-0.58165498439510299,-0.7927625497882903)
 (-0.70121830731526269,0.84099225988600035)
 (0.67023841692496899,-0.80113660424315403)
 (-0.63747400446197944,-0.73037935862414005)
 (0.69921327374030362,0.75895054927226102)
 (0.66214046185700581,-0.74936420016823291)
 (-0.66870891949715361,0.72541882814613612)
 (0.75613322627246904,-0.84565507706442355)
 (0.72099715294322331,-0.81767725015819093)
