# Created by Octave 8.4.0, Thu Dec 11 09:47:21 2025 IST <gamana@Samsung>
# name: rayl
# type: complex matrix
# rows: 1024
# columns: 1
 (-0.22446601762232798,0.34761903228664048)
 (-1.196753814059383,-1.4132437916803251)
 (0.75154953223312149,0.88950006844729324)
 (0.51328409794563645,0.35969442417444153)
 (0.32620603806145165,1.6878934273308164)
 (-1.0365446673717553,-0.18501846587073112)
 (1.5938579112324112,-0.33734316026870514)
 (-0.53304471445136281,0.64146722698859415)
 (-0.28338020716787193,-0.27675897669707061)
 (-0.40394185608066824,-0.18086286462319978)
 (0.13519508957054607,-0.44901185591866466)
 (0.32902430411802996,-0.42400135786409932)
 (-0.54794094860871623,-0.13201061878303666)
 (0.55475679894386853,0.79816492206193856)
 (-0.53869376967419325,1.0267932744822097)
 (-0.89091072298297735,0.87265677900133309)
 (-1.6517319276440519,-1.6973118921431041)
 (0.49120021477330933,0.52316159957957986)
 (-0.86576427426169134,0.031389894330225376)
 (-0.031307023885210623,0.028103146711553888)
 (-0.030351033727340451,0.21242448432726352)
 (0.11030345642164699,0.36077396497878944)
 (-0.15468096043684382,0.28390744132083712)
 (-1.5489511276356733,-0.18109995613804064)
 (0.077385366735147371,0.38579824890326719)
 (0.79612562523782882,-0.11772213078618582)
 (0.59819395219381344,-0.56507119604516853)
 (0.21612733622671243,-0.44619257311157601)
 (-0.15354111442918045,0.44305034412863104)
 (0.52946304053670268,-0.11465731896289683)
 (1.0835963798714137,0.45612149040073097)
 (0.50507876873398228,-1.0987101589984016)
 (-0.6240114547450748,0.026004178115536736)
 (0.51024226253739891,0.16645704539451608)
 (-0.68502071845918988,0.21236667671055434)
 (0.78252444319114389,-0.46404045770254687)
 (0.38026683066886796,1.3113570586894951)
 (0.12669748794982669,0.41825818680939608)
 (0.31616848776155482,0.54846012108068842)
 (-0.32768730627525378,-0.61066817938012086)
 (-0.7516865355104807,0.74820582228457999)
 (-0.95768623161245814,0.89816345260901409)
 (0.53854711255279741,0.50411052788232191)
 (-0.2394886258582736,0.21414913576574238)
 (-0.13028742613393701,0.26398950228123014)
 (0.80711261450315774,0.13274534153616546)
 (-0.29606228213383123,-0.87302171743322221)
 (0.32323949367842758,0.19210489279082049)
 (-0.028827351156021946,0.4338795834272281)
 (-0.31747114275876032,-0.36132964998659833)
 (-0.81533761786979797,-0.039314365857749556)
 (0.96002775992418399,0.8424485533562418)
 (-0.78606613230335154,-0.35930744829687566)
 (0.8835803533018064,0.061796965482416977)
 (-0.18558877893651271,0.5805286808641128)
 (0.0084490616306421157,-0.14615173973679907)
 (0.1771989800563859,0.81825979518270009)
 (-0.028500803943895703,0.82858001731690756)
 (0.77430908633718798,0.89999269150216654)
 (-0.25792537941154142,0.31592085687533639)
 (-1.2064813053659291,0.29473318389256609)
 (-1.1648878808102303,0.17382766449436982)
 (0.34455474283074849,-1.0083485231678304)
 (-1.613578155761721,-0.033013991973077195)
 (-1.1976535683298783,-0.51935692615657469)
 (-0.22162970894049266,-0.32472837068828059)
 (0.62376190924822739,-0.71794762881660912)
 (0.018283675694409474,-0.97930059402989666)
 (-1.2208291305224872,-0.28276992894304265)
 (-0.32737747030967357,0.69809200573762664)
 (0.90003635897162437,-0.098462506011066875)
 (-0.15641163745302614,0.2905015948335461)
 (0.10999687296608798,0.39453109859794877)
 (-0.72669306872959305,-0.25400227522124341)
 (0.2976856479136214,0.040085966074017348)
 (-0.27677732421045576,1.547328487789466)
 (0.67488529036686762,0.501880598417622)
 (-0.53453390508173704,-0.70880115489296514)
 (0.38935800360964912,0.059853040224025766)
 (0.66421454915180034,0.99120026546071127)
 (0.5547711501979401,-0.038179246552925816)
 (0.62175652255140179,-0.76341306720758861)
 (-0.33235536859414039,-0.27916324436705298)
 (0.33587504335419499,0.51583875953251068)
 (-0.28154455410061785,0.47112684892588297)
 (-0.12160331758529336,-0.61076145582558117)
 (-0.72268019675926698,0.81650814285969908)
 (0.75488184411770232,-0.098225650465327663)
 (-0.85070228549614857,0.91321521837318342)
 (-0.14068373255574429,-0.32183425889965034)
 (0.7886457555346712,-0.2609644886378083)
 (0.15626600672092728,0.62726328562047973)
 (1.3704861635918699,0.1594753389661715)
 (0.85053235577942932,0.32889092733816749)
 (-0.31346021485386044,-0.17295104143546117)
 (-0.85872658024462845,-0.89944513196081211)
 (-0.046153573330479744,0.050919036796413519)
 (0.34932845018582059,-0.63916278902004497)
 (-0.75638549484685436,-0.32207630094411177)
 (0.15824740092183165,0.4685595570788037)
 (0.31699655609020744,0.36278107521911046)
 (-0.16168401903336671,-0.82262211980057931)
 (-0.52843490504713486,1.0856718383497301)
 (0.033179784638777694,-0.13434245575998918)
 (0.73932766439969577,-0.51716629321989926)
 (0.1111566621923246,-0.21887179186982886)
 (0.31494757432954168,0.24680342814605027)
 (-0.19829832853233192,0.14119103197958655)
 (0.21590209717028352,0.95871199238129201)
 (1.2134073641753749,0.63948918917218056)
 (0.54072321542178781,-0.32173828131552162)
 (0.98126399854879254,-1.6668295868866665)
 (0.63090701754909495,-0.22663878783018504)
 (-0.31740648726665877,-1.3426119225353048)
 (-0.70249790543264767,-0.96573591621711752)
 (0.81486854682130694,-0.73586520244462938)
 (0.68761620868774331,0.13556049844503321)
 (-1.1880983249646822,-1.3474729255184987)
 (0.55560274394271847,0.064591714913923154)
 (-0.62893378264656996,-0.06405331934382219)
 (-0.034635520456459679,-0.85185985455324187)
 (-0.86569494858806062,-0.50641718572169425)
 (-0.10351116090471803,-0.31250437413218701)
 (-0.22249698077406174,-0.16871073229324238)
 (0.50393075698192613,-0.032656833974767679)
 (0.30034886231844682,0.14325395986686495)
 (-0.35048582394743605,0.14831141255219527)
 (-1.3840353404792305,-0.22952588818507003)
 (-1.0497103019881866,-0.024060150255591495)
 (-0.41160790935730596,0.28794097313163214)
 (-0.027793863265794139,-0.84061280519271997)
 (-0.64781080843347127,-0.86248370076381042)
 (0.37259804716206352,-0.4030471449038569)
 (-0.42550424820021221,-0.19152343705495395)
 (0.18226992651406498,-1.0765762014608466)
 (-0.78513352562488892,-1.2004738498905472)
 (-0.45067147996107093,0.94449869010600307)
 (-0.94378408662032143,0.013013553888932439)
 (-0.64426466414684236,0.45895788518770364)
 (0.17277331231228399,-1.4037847061242923)
 (0.07113251019576862,0.1170287986809226)
 (-0.42800444524614001,1.7921886732199979)
 (-0.56419535884758509,0.60608431194651502)
 (0.68385582171754733,0.24397340226084155)
 (-0.98534762773014861,0.50051984278338912)
 (-0.54843500726987471,-0.063086532352551739)
 (0.1951935136108599,-0.2495484399954056)
 (0.75514576631517005,0.62117933504954992)
 (-1.3457976121111477,-0.16350644189185093)
 (1.0460248873680422,-0.11477539902592676)
 (1.1611295461626827,-0.92705728938275034)
 (-0.29692739291947839,0.31474773250583171)
 (-0.10662162244901929,0.92267422289230305)
 (0.25743107420292233,0.33406594655846689)
 (-0.83761060516540953,0.58601594008444935)
 (0.24102242172240462,1.7581106071643775)
 (0.26122927100213139,-1.0397578494702966)
 (0.49046914737261654,0.030485373889541034)
 (0.97142795029162932,-1.2931786516202413)
 (0.61978412921533621,0.86073539047419667)
 (0.78787331366234625,-1.0311002569335934)
 (0.56834634452281041,0.7568912373396296)
 (0.72832754062568883,0.28982177452916424)
 (0.33396148422902233,-0.0025658894119551801)
 (-0.072335017893194631,-0.6943023744808644)
 (-0.45813949315932634,-0.0097821846667311141)
 (-0.8641223635730102,0.52287074118844901)
 (0.66085707819079287,1.1444861595709359)
 (-0.85646483912617299,1.1691273606757409)
 (-1.4111718105857678,-0.014066160311594356)
 (-0.38901192542613972,1.4018283223625398)
 (0.20345369040470773,-0.97330099897685152)
 (0.45621103174821842,-0.62151804052515969)
 (0.97650579754275424,0.57902616511067118)
 (-0.00048558233434492504,-0.033684089034263821)
 (-1.333357961668689,-0.38259959552630873)
 (1.0152570636013181,0.88591966185104576)
 (0.073179221404989836,-1.0283005529559652)
 (0.54220065499323877,-0.55916313201337631)
