# Created by Octave 8.4.0, Thu Dec 11 09:47:21 2025 IST <gamana@Samsung>
# name: rayl
# type: complex matrix
# rows: 1024
# columns: 1
 (0.18142830388039138,-1.1445341507115219)
 (0.065892700515065683,0.51898509415659433)
 (-1.2646154175361497,0.2258432155468173)
 (-0.61023869213826809,0.18428371348191125)
 (0.30882235365030869,0.49790385786629571)
 (0.10167112502267907,-0.036324569750903771)
 (0.095393052549350932,0.69269644902077143)
 (-0.27518375812771567,0.078682642909074979)
 (-0.94526973959550042,-0.79420119661218413)
 (-0.38704458354420129,0.21368983792642376)
 (0.5228669474757397,-1.3981542455987028)
 (-0.056549542543498754,0.86349693593202625)
 (-0.39520900642054119,0.30718778286359477)
 (0.91460959067940217,0.65176322082007043)
 (-0.40634599891926104,-0.14714986594925825)
 (-0.17296580048312216,1.4294987931998286)
 (1.4843530707774046,1.0587784609306163)
 (0.68805300013768278,-0.29393411805620939)
 (0.94349443167652247,-0.87674308223931685)
 (0.27565648803824205,1.5924807536371888)
 (-0.41856557594994914,0.89288808552529852)
 (0.42724836334482419,-0.17278348676228192)
 (0.10443496675191741,0.59365125348013992)
 (0.60769979878508185,-0.035398536870495045)
 (0.35405039788373716,-0.50590650254487846)
 (0.37861624960359219,0.13157522309447933)
 (-0.98650934574602145,1.7027953710038304)
 (0.9431446617590501,0.57098741582152768)
 (0.279316360303837,0.43167974691452715)
 (0.9365961762556394,0.27374158836572376)
 (-0.5011536653419757,0.24073546315383715)
 (0.78043575606076387,0.010826259156862306)
 (-0.12999200985489673,0.23953451960483008)
 (0.079862956331225254,-0.47895427444999755)
 (-1.0243535765278218,-0.11584705447467064)
 (0.40810033982206112,-0.86155362995913087)
 (-0.30723045051962461,-0.59950318019212723)
 (1.3237113123744531,0.97133956327533588)
 (-0.14567478795994043,-0.0089678932012516449)
 (0.65813160110579705,0.27452727729524684)
 (-0.59423880967104226,1.0979943114375523)
 (-0.045966382332715161,0.63579891511752362)
 (0.30340836177591501,0.050341013403139262)
 (-0.5630656088150221,-0.87145171102046648)
 (-0.279145524334377,0.11731068799621766)
 (-1.058814581756873,-0.029926214370332271)
 (-0.028074759553357143,-0.80850643139650957)
 (0.29751153710188927,-0.053251049192646047)
 (-0.21266441188406285,0.43207757331717001)
 (-1.4231626967319624,0.35290374890445719)
 (-0.17625786356876832,0.24921103283643686)
 (0.84768468720224011,0.58349899926660509)
 (-1.3964404834825186,0.48771294117321701)
 (-0.29792586995283665,0.1715613014924447)
 (-0.41448246537336131,-1.8740992351887309)
 (-0.07929338550501841,-0.67913473221321541)
 (1.4666212337611351,0.50136277115180183)
 (0.058209851376629179,0.43095734211276637)
 (0.016250485444094076,0.88736224589768242)
 (0.78890032878747207,1.0540956912481199)
 (0.50554602004958071,0.73279486249376213)
 (-1.2161260001434082,0.75659184420531411)
 (-0.36624440843012362,1.3682020934773234)
 (1.6802605701211772,-0.011099931225378556)
 (1.5861507345669161,0.12386850950043427)
 (0.39820686036578012,-0.28204744090260847)
 (-0.059990240740531942,0.37762447292264634)
 (-1.0766157395126552,0.12300383656384972)
 (-0.57090773946654205,0.59409471581176843)
 (-0.15066418763232201,-0.067293079398703742)
 (-1.0226391018764793,-1.5762142317285981)
 (0.95901018448591591,-0.85930974517613345)
 (0.59697948518124699,0.22104944143271602)
 (-0.041301194778401329,-1.9615895992510577)
 (0.30026016908145514,0.46498766775690237)
 (-0.32081151870559016,0.21057936878404676)
 (-0.037174842311986547,-0.2159837840267072)
 (-0.6097025313085509,0.040449192566591963)
 (0.026661247213371875,-0.32869546110880099)
 (0.12066324249440824,-0.3716925695781787)
 (-1.1681032845051871,-0.99565425145022401)
 (0.10713100769586197,0.0073914228405573268)
 (0.46549539802253326,0.55495508905347191)
 (-0.069242532880615965,0.55674259568894302)
 (-1.3527942333379197,-0.25394823955932821)
 (0.95312914367804491,-1.2163292444441975)
 (-0.70951566732002469,0.10947028535692954)
 (0.42536206631307283,0.70139605898878221)
 (0.43262766695870591,-0.60307788043949229)
 (-0.55891879425560198,-0.24965613293130293)
 (1.0605216469300454,-0.64846531008296981)
 (-0.21613086057131192,-0.83201334383496528)
 (0.15974095115045384,1.8282560633826663)
 (-0.0078769938493864905,-0.20886304538042116)
 (-0.90928205772744686,-0.21793534150534699)
 (1.3438725792741344,0.079134336674170802)
 (-0.11649670814127056,-1.6094610852657616)
 (-0.059436278400065101,-0.6509005282065643)
 (0.36067355658699285,0.32239497109372872)
 (-0.98382042873668241,-0.63696402411172126)
 (-0.68620784261743883,0.33285523429108255)
 (-1.3275740427753779,-0.40696698638671686)
 (-0.72623795065439201,0.36187970757117116)
 (0.17249682563897584,-0.87246154705682954)
 (-0.24036042787771128,0.85861103226404667)
 (0.47364828884343652,0.24994837680848442)
 (-0.62975036157269404,-0.075648653750277683)
 (0.26727182324402476,1.1115073594093186)
 (0.89413493587779524,-0.46950297541746772)
 (0.37740497112562754,-0.13262585283016881)
 (-0.12181335842809349,0.48217058524332779)
 (0.57784072270121889,-0.45433463959815251)
 (-0.71264959692455254,-1.0599214181365351)
 (-0.53149363319013854,-0.67882933457343819)
 (-0.43918646939330208,-0.63540333635530821)
 (0.69868589249793589,-0.30293402689388838)
 (-0.34474994385811464,-1.0870032230762661)
 (-0.88483093291641457,-0.10675795438143421)
 (0.69579359608587033,-1.3272133787187352)
 (-0.52870718122356275,0.66338602579586559)
 (0.59604741264055827,-0.27190837280681412)
 (0.82237105134196431,0.32417610086910942)
 (1.0480157785766879,0.86042136888500842)
 (0.23635407743755701,-0.054939773414048237)
 (-0.090783904986753705,-0.4963362291901896)
 (0.12551210941290425,0.7559787365009305)
 (0.79723648907870259,-0.34677328813619968)
 (1.2254116656653344,-0.41399260925024522)
 (0.029552512730643715,-0.28554985505816788)
 (0.30916777712017934,0.50067999150672515)
 (0.93788619251930039,-0.25561042235071596)
 (1.0001638910833197,0.080537411262573966)
 (0.1723430276746265,0.52016770413822644)
 (-0.37097604977241838,1.5203981779742801)
 (-0.58555583148469847,-1.4478973171048135)
 (-1.0909207538281924,0.1447210967552095)
 (-0.44595357801562985,0.11086260616898122)
 (0.0048056956269522111,-0.26389839796921782)
 (0.22228787573210118,-0.36834397360899884)
 (-0.7469989795279669,-1.3966930640872004)
 (0.40949073133858377,0.30257040668312957)
 (-1.3748083255646064,1.8479107454065866)
 (0.85613790765034192,0.25747825481058345)
 (-0.99432885460852427,0.22341530713854824)
 (-0.20906363315351295,-0.0090782908194648598)
 (-0.31003047268023531,0.67290709602697718)
 (0.27938811566423633,0.44511186384150431)
 (0.17867772408123578,0.93697912580627252)
 (0.022565514030939537,-0.14554096748205975)
 (0.73326690306964593,-1.1515777148388151)
 (-1.3027471451761647,0.45627526831839593)
 (0.067909924240800362,-0.22988839339294639)
 (0.68935511341133893,-1.0576824496060073)
 (-0.3389327015458532,0.7169242281813113)
 (0.048648215228787983,0.40674612865241511)
 (0.13006634489925561,-1.5351246151326698)
 (-0.13868654992527263,1.0677961536707783)
 (0.23279163733267233,-0.89306158192023055)
 (0.66066331915586163,0.66716074466986519)
 (-0.26902707602749293,-0.16919634724612098)
 (-0.10121068838054667,-0.18411028135116916)
 (-1.6119597627895534,-0.094127001684349731)
 (-0.63564154725048849,-0.32001318826042502)
 (0.51927315684808883,0.07220091553478164)
 (-0.21629917440140681,-0.037164668304853571)
 (0.4536893720619648,-0.95195571982129534)
 (-0.80177159641516127,-0.35061406994883509)
 (-0.1432571751065988,0.30099106811352211)
 (0.024893466393997365,1.1561647990417443)
 (-0.069283870871777009,-0.42940109307643665)
 (-0.47889638189878325,-0.29819635255163612)
 (-0.2759603069172733,-0.31707009607932518)
 (-0.2850417326146002,-0.49770825523402562)
 (-0.47021914145908617,-1.3970947756495262)
 (-0.13428821179768169,-0.098652600117699801)
 (-1.035513035160434,0.27738141314723863)
 (-1.4298593431563653,-0.78934867768662076)
 (-0.033668175739553163,1.1177631122384404)
 (1.1538915573747053,-0.13406354915949681)
