# Created by Octave 8.4.0, Thu Dec 11 09:47:21 2025 IST <gamana@Samsung>
# name: rayl
# type: complex matrix
# rows: 1024
# columns: 1
 (-0.27698107500217356,0.43822950816855971)
 (-0.12702579357119353,0.026267015165281363)
 (0.058952740214178512,1.8935600342002306)
 (-0.7687821907872856,-0.13262736454034413)
 (-0.11851023550037407,0.60017981908901186)
 (0.11799680038737313,0.19950601722582745)
 (-0.041929787542872188,0.44489383050117948)
 (-0.58374607129832534,0.0048294383873847546)
 (1.2595591005341233,-0.0043202882941943965)
 (-0.25662069497205214,0.2431411816328691)
 (-0.44266434073499905,-2.0144334782772835)
 (-0.23638013885352296,-0.66671652708483875)
 (-0.6897336046443231,0.064975334581309108)
 (0.97633887605188352,-0.23325859143078553)
 (0.6611989277323661,-0.83859534897444499)
 (1.6688723453809184,-0.37130973017781155)
 (-0.86534865454332277,-0.21205558353800857)
 (0.57628612243340382,0.92525762226508823)
 (-0.90845298566086252,0.62311837098677736)
 (-0.41798601686949954,0.51421023688825818)
 (-0.40462913231802111,-1.3399248759268094)
 (0.21364817270640216,-0.48144439530011862)
 (-0.0083131662376690896,-0.53525060493756982)
 (0.50834224394792704,0.37011153175498551)
 (-1.0045921925339665,0.69879995133783135)
 (-0.27325160957622863,1.3290067637894012)
 (-0.61781139237203031,-1.0842705982659544)
 (-0.13403709115386292,0.55096621148620484)
 (0.094631011486554784,0.98702773316092118)
 (0.41694292773765618,0.3818990373649982)
 (0.6429045025416652,0.30537990835641027)
 (-0.32787080949935793,-0.071923404497746035)
 (-0.63992313319803995,0.90981428064209213)
 (-0.69377603949925737,0.69999400736731254)
 (0.20616253038330146,-1.5028876694667259)
 (0.41298284842029476,0.071132003623252615)
 (-0.34368120349915399,-0.62333305332881572)
 (-0.068363490540587435,0.38313745657143283)
 (-0.37600383058855169,0.53941507523513543)
 (0.27147254717870656,0.24660124891339028)
 (0.61362949239938847,-0.18980162649581908)
 (-0.86655871429593379,0.68926940707431184)
 (-0.74956900590307796,-0.55553978384532199)
 (-0.96111388740670911,-0.63031026680922486)
 (-0.13021198122346794,-0.32367752053939169)
 (0.78295504369527058,0.25357081030112211)
 (-0.55228859834905397,-0.053496426460755336)
 (0.49107842733094825,-0.17685951375792758)
 (-1.6651943911086937,-1.1700649310346842)
 (0.032930041261996057,1.522766610499604)
 (-0.75205403045918851,1.5591899425288502)
 (-0.6824320635732064,-0.063070720545757908)
 (0.72621317158984189,0.31377428980465316)
 (1.1219279889936846,1.4189080618615066)
 (-0.50149736943913925,-0.30411729475467014)
 (-0.55728341046007945,0.15863532573317907)
 (-0.014005350822372892,-0.46952282199910389)
 (0.60037591740767016,0.23624962608572023)
 (-0.41374744795931473,-0.4784469453208906)
 (1.043367731623466,0.27951010642840451)
 (-0.11010564018074054,-0.23229370623055434)
 (-1.1297340654763777,-0.11458539503676723)
 (0.7228004370606943,-0.77424872500241737)
 (0.30897924812589384,-0.44039748320061323)
 (0.62196694464925617,1.1767748452618312)
 (-0.031479938437042401,-0.17061397798987066)
 (0.92870933513752163,0.94731284102007096)
 (0.30958041819059223,-0.98214086174631732)
 (0.94963668054326811,0.068099712462873996)
 (-0.0047065477398758881,-0.10389007181405449)
 (0.53448748432327653,-0.50195708025315433)
 (-0.84672984357181624,-0.23517333371456406)
 (0.22590739400445786,0.73593247475679435)
 (-0.16222660281123946,-0.35821834408153486)
 (0.47542896300799742,0.24300495932077759)
 (-0.609734902194768,0.47786289183765912)
 (-0.0021892247068726889,0.49086003763020569)
 (1.8195751498848391,-1.2828863681627616)
 (0.36024292755938386,-0.25247295668464281)
 (1.017165783743047,0.24852620768294936)
 (0.41381825286369844,-0.65675234618841594)
 (-1.0659903050103439,-0.93571801412308797)
 (1.2905416997817953,1.0913555183431383)
 (0.19116429685260425,-0.53394842302386503)
 (-0.75846141658733668,-0.97808953302416235)
 (1.2681041925019085,-0.18287231181498043)
 (-1.0948807442128052,-0.80567293465239143)
 (0.2968388492230159,-0.0096515574805709492)
 (-0.55847211267196561,1.12969772038702)
 (0.18050705594510857,-0.31224312313359709)
 (-0.40006048611206879,1.1823267863829749)
 (-0.056035831490090143,0.46979227199250428)
 (0.77881394751308697,-0.98665083729840919)
 (0.38109539441322859,-0.48931499479703977)
 (-0.26078554418634114,0.94184051038499117)
 (0.24832266924386764,-0.86418014364124152)
 (-0.94053308567972582,-0.47467695139655719)
 (0.35882996402185152,-0.76991733685130215)
 (1.0498555028672782,0.50296520445790671)
 (-0.29014011535187484,0.32752598471546285)
 (-0.036370795190831334,0.21188186629165093)
 (0.51651661030532559,0.90432092133650821)
 (0.059135100861422096,0.95038138971133979)
 (-0.029995718970774576,0.76886939344657967)
 (-0.17449135440419145,0.31635176858514341)
 (0.41970725335662917,-0.19180347947004042)
 (-0.091315775282118899,-0.554069050952262)
 (0.10699704548224237,-1.0618817015594242)
 (0.13843243506193637,-0.49508540500468745)
 (0.67120982712819288,1.1089952394086349)
 (-0.77289759466675645,-0.11344275278761995)
 (0.019846696754145021,0.8752015572765226)
 (-0.31011493876644591,0.42327813583522467)
 (-0.19649050490061348,0.032766327405583925)
 (0.24563212946690488,-0.76512568316070295)
 (-1.1850649710191572,-1.2720164029057748)
 (-0.16696294538466336,0.57326227435409316)
 (0.31044416087740734,-0.11513452881256994)
 (-0.45204452464209277,0.46433000937107216)
 (0.53728417738443346,0.48713027116914137)
 (0.10168337242150344,-0.22265789678299563)
 (-1.2002629077336686,-0.13649170903075658)
 (-0.77940844977736878,0.17075649161676831)
 (-0.67265372413839164,-0.39243317000644368)
 (-0.49220902407499478,-0.20454344640008482)
 (0.057456767039683269,-0.1196809052537357)
 (0.13177539470364213,-0.7098007763012637)
 (-1.4552684884450691,0.11295114184471988)
 (0.81403687475719655,-0.24402422166871396)
 (0.32321092956954722,-0.22887481394179632)
 (-0.22159521777454458,0.27230170239352042)
 (-0.036999436756160436,-0.22330419621463685)
 (0.26821864872545792,-1.2134758961692822)
 (-0.9701850734925006,-0.64391576062973477)
 (0.11019032886234292,-0.73442860120434406)
 (-0.69490252082459425,0.97344077159307507)
 (0.51972883676432979,-0.42348792204007962)
 (0.080844997760874615,1.158233784357666)
 (0.74458153978881136,0.025203677795634538)
 (0.80014411662276719,1.1442213569710993)
 (-0.024410676767059769,-1.1914685827512104)
 (0.77960736406723607,-1.06558524190612)
 (0.93401800981211536,-0.76888704023222476)
 (-0.48378528197102172,-0.33535294492214457)
 (-1.0259895600512716,-0.75305682639997351)
 (0.33613084647269931,-0.7861631032388261)
 (-0.44742542315053113,1.7069586376607058)
 (-0.16598738715940997,0.4504016639201639)
 (-0.26087504430526592,0.089494032046204833)
 (-0.60984061258973532,-0.14003619419099061)
 (-1.0134004407349275,0.14396397765553187)
 (0.030303624433604168,0.1557896117532192)
 (0.24336659994450538,-0.44658338016651999)
 (-1.2060889409984958,-0.31855663215951163)
 (-0.70340689457915184,0.27201753948690804)
 (-0.490856062050403,-0.65625263791738631)
 (0.053120128810868639,-0.070148295590722262)
 (-0.30243284461718084,-1.1924091630003153)
 (0.84827332429657998,0.19962492962181921)
 (0.17288133769797215,-0.26487307374349345)
 (-0.46665954170496915,1.8473210000836624)
 (-0.2697089783935544,0.99686394465347816)
 (-1.1623298445730499,0.12963115004450232)
 (-0.12445063838054446,0.13402599420949537)
 (0.71655743646946446,0.42434729348841449)
 (-0.86368831963258952,-0.09390577558486779)
 (0.18858656606323021,-1.5854794597874158)
 (-0.40264627961464078,-0.29419845299593067)
 (1.2124583897209327,0.30836025123374611)
 (0.92761498735264003,1.078555709350091)
 (0.89742191806412541,-0.79477531947938318)
 (-0.57465615894511635,-0.12957039565148532)
 (0.28316144678476229,0.50279048674582438)
 (-0.92021566325568172,1.3407314143662918)
 (-0.33253326794645116,-0.77211165257671799)
 (-0.89893376001398173,-1.0201463090858303)
 (-1.1050070610838276,-0.56320898245258055)
 (-0.1951273950049815,0.23429553531421154)
 (-0.10060742597241849,-0.090939727273256374)
