# Created by Octave 8.4.0, Thu Dec 11 09:47:21 2025 IST <gamana@Samsung>
# name: rician
# type: complex matrix
# rows: 1024
# columns: 1
 (-0.098712036039419249,0.70636444741416893)
 (0.20541995299645263,-0.59034361492826659)
 (0.86508831199489555,0.55602049730109093)
 (0.3845199965368008,0.89381986007946368)
 (-0.55277724389072602,-0.67040612368429453)
 (0.051016447564096457,1.0044568175973916)
 (-0.65179216438575838,0.56136897334828884)
 (-1.3625371118844856,-0.70600906327767965)
 (-0.14148685718319537,-1.1017977752956036)
 (0.6855242642289332,0.84744251194794185)
 (-0.11535545444759043,0.65957691438669763)
 (-0.68764181072685959,0.5244542377727297)
 (0.3889811129440115,0.79762077297514322)
 (0.27356906439713802,-0.23448355311347788)
 (0.20912605668499262,-0.76897293900264696)
 (-0.72433277765744442,-0.23072114921005038)
 (0.6834233645240636,-0.98645489940250275)
 (-0.32690971061365387,0.25560268261609348)
 (-0.63463542208316814,-0.77723591942879933)
 (0.46075726838097453,0.91349817721626414)
 (-0.033214053519075942,0.45163276769379768)
 (-0.19806058411564634,-0.54287910092841607)
 (-0.98269584800642751,-0.86112725857676009)
 (-0.7117530294817761,0.70652889790021345)
 (-0.11249614140813119,0.7902227417405181)
 (-0.30285131337459015,0.93539604157648115)
 (1.3743595308953545,-1.0951286512990293)
 (0.8064832394161493,-0.3106410309116675)
 (-0.11712976766277927,-0.30033682670584189)
 (-0.88484540750006546,1.1384172004397701)
 (-1.3008879406531053,0.59519580146991924)
 (-0.98495001420877926,-0.53212628964283137)
 (0.62774972290971087,1.0381556635137925)
 (0.69792035543810849,-0.79288167701061696)
 (0.071406180834081678,0.71326405515536151)
 (0.77459757524674022,0.67400778231046821)
 (-0.80510917527495895,-1.0173474035064327)
 (-0.99192193075664892,0.074703625135858154)
 (0.51208351198485558,-0.69555953902302237)
 (-0.35232744430628399,0.25595395596511678)
 (0.019829741370702036,-1.11892137932744)
 (0.64937597938423264,1.0470427603684966)
 (0.20208204682340419,0.59444426238326753)
 (0.81464938271103249,-0.71124378829092605)
 (0.53925986356443156,0.93920306906817708)
 (0.1604543082153819,-0.52097048703732263)
 (-0.46045739133209657,0.4358704114152549)
 (0.71575497071569893,-0.74062133017098808)
 (0.73452029404183339,-1.0060586649963559)
 (1.0747135862107304,-1.0529250387208642)
 (-0.73226655246441819,0.43373276744909284)
 (-0.23157160351533917,0.87545260382470325)
 (0.24809725342618058,0.23348302327880169)
 (0.55934476140675338,0.40293691345024918)
 (-1.1583459621864007,-0.20428132119302506)
 (1.166436113631683,1.099280205497055)
 (-0.67199950975065992,0.53627936194103443)
 (-0.49090841760406972,1.0559753780320174)
 (-0.45148124340806606,-0.21113568132180438)
 (-0.36199711051098804,0.38896358897039973)
 (-0.38707463395369512,-1.3925773134101589)
 (-0.50685775512719944,-0.1484146683151856)
 (-0.53760721687547208,0.64386442335602301)
 (-0.38568163928359556,0.57422915339086877)
 (-0.19694293244225414,0.51211035886829448)
 (0.64952783419768068,0.17483405171865535)
 (1.0476193891099201,0.99621254121655745)
 (-0.67908074412200059,0.75821903338941921)
 (-0.18013829648848506,-0.97661609875687727)
 (0.19857008709987969,-0.59843357187298252)
 (0.14479046819355987,0.45180650419897916)
 (-0.24799722919677264,0.42672977311598187)
 (-0.90496489868799246,-0.44617478794868337)
 (-0.74744359895295964,0.43218867505745895)
 (-1.122388147339366,-0.40271982380077936)
 (0.43220154929846194,-0.96208185570940108)
 (-0.88253669035890792,0.73166670874623618)
 (-0.46254990591750134,0.68097189936010016)
 (1.207672585601951,0.97305635079591013)
 (0.042505800532457616,0.98219737132842133)
 (-0.83618753468018991,0.72480587421689857)
 (-0.82832732450646107,0.78353531965785894)
 (-1.4546642443073154,0.72607442036224679)
 (1.0738543125543862,-0.78626764556903872)
 (-0.87129078058246989,0.35166604051745814)
 (-0.44623004862871984,0.39681627765539351)
 (0.43770252257497316,-0.98763554396688336)
 (-0.9270410147419692,-0.63859478827140892)
 (-0.19578617730715642,1.3187251727652032)
 (-0.95670119570876899,-1.1297373184875017)
 (-0.72279357008620482,-0.44279896538228558)
 (0.45397646569880273,-0.99489238625803655)
 (0.54246753843942308,-0.97103009797239093)
 (-0.58955625416805479,-0.56316927366396707)
 (0.85943349709874817,-0.56321072472626732)
 (1.1046226235387242,1.2183624032457123)
 (0.25579712433431123,-1.317486864733918)
 (0.35826231679389364,-0.10499710383746069)
 (0.49053641604357384,-0.47646454982171121)
 (-0.61712778928871292,1.3072029741217608)
 (0.81768004812697237,-0.22792402981360887)
 (-0.61381007023984313,0.46435483063232097)
 (-0.10446416367446938,-0.11888001478057901)
 (-0.38262495691305348,-0.68649954816608938)
 (0.84380395487667081,0.72388848525142147)
 (-0.23569451297630328,1.2007559490246837)
 (0.51398361567107442,0.87261060715594518)
 (-0.34471829742866877,0.54331228807839749)
 (0.73484202465358572,0.46586668230144246)
 (-0.54083400037391138,-0.45926510230066159)
 (0.74832725460879457,0.66499556235485924)
 (0.33676948374424104,1.0613516757305426)
 (0.46483198232416933,-0.063040636923788501)
 (-0.39034100575313391,0.28126795174907815)
 (0.14601409683710997,0.48190648652135637)
 (0.44684635741221684,-0.96056289207056156)
 (-0.69681769820805828,-1.0009682662075823)
 (-0.80649823471236137,0.44833619511268308)
 (0.20280330692845999,0.11607970712151489)
 (0.81146850683655114,-0.89993298582657222)
 (-0.91755794764600207,-0.92750527868996757)
 (0.51152754270695877,-0.33113391495466798)
 (0.83228705371852052,0.59548104411258707)
 (0.41052801364529334,0.71265831487188125)
 (-1.0627365521484182,-0.4029655408611188)
 (-0.49280033700994091,-0.29424093434677961)
 (0.38034437357330592,0.24215022893390842)
 (-0.18195383667792031,-0.94540351881096352)
 (1.0940223267760791,-1.2100373687109427)
 (0.42221727791273739,0.23159734954657368)
 (1.0566244865847463,-0.74373185097979533)
 (-0.77979428136511775,0.744139143313306)
 (-1.0424391165999816,-0.071930234678708016)
 (0.76374964173777382,-0.34507061762354518)
 (-0.60332260429944218,-0.59448187996921598)
 (1.3530900308678062,0.41002140122536579)
 (0.67309949066287578,-0.75643538030108792)
 (-0.79494115520751873,0.85026281366085432)
 (-0.23370621489347296,-0.52495684943728826)
 (-0.6171684083571316,-0.36190757247445632)
 (-0.012846488634895459,0.56433592884335448)
 (0.29940564320992313,0.7474552685326562)
 (0.28234802615350801,0.98686093346334625)
 (-0.29728993051089431,-0.26193891879174341)
 (0.05889601546652147,0.26951641235046542)
 (-0.43060699475397035,-0.76341951851108147)
 (0.46673176754117818,-0.37484925791055834)
 (-0.07556733140137889,1.0003220383105411)
 (-0.17763802881282126,-0.92066509118017081)
 (-0.27866375578590752,0.63809498535233378)
 (-0.52815447301075835,-0.27109600819415813)
 (-0.40475357019518499,0.93589713666280949)
 (0.57438934049190227,-0.62505370983768183)
 (0.78554602945970498,-1.0886490005925704)
 (-0.62618876370565146,-0.86341639616414423)
 (-0.53347873337217366,-0.74608661533423126)
 (-0.9704212611117593,-1.451407643305918)
 (0.85235245457853059,-0.99194642467435523)
 (0.68015728041762569,0.48236319675068917)
 (-0.092076021530287377,1.2771657214309575)
 (0.75266262087558622,-0.24187417584799981)
 (0.039102565197200567,-1.1230441841097021)
 (0.118377942552614,0.3047399750769112)
 (-0.75359669354671599,0.30323279322337676)
 (1.1946278309983054,-0.028951040289460495)
 (-0.90893421558385856,-0.5011319648676239)
 (-1.5021136468448133,-0.63590672503629042)
 (0.035538021908587458,-1.1063102655168751)
 (0.048337598990186095,0.29758652702774291)
 (0.46803370006881051,0.32335677571225241)
 (0.75913616798058925,-0.92055025656047862)
 (-0.10253514494258514,-0.10032976497667026)
 (-0.36208532912773594,-0.0862661773277347)
 (-0.020687270395019136,-0.43668044935637218)
 (0.143384276761822,-0.63031874652748565)
 (0.43316477587169,0.27190355684548617)
 (-0.27147524724148409,0.56762002835744252)
 (-0.75284729278705864,0.82013652277592319)
 (0.28102257297773792,0.33737093272358787)
 (0.3596752228743168,0.97220917864811174)
