# Created by Octave 8.4.0, Thu Dec 11 09:47:21 2025 IST <gamana@Samsung>
# name: rician
# type: complex matrix
# rows: 1024
# columns: 1
 (-1.3569500225690097,0.14517827941624473)
 (-0.42172506470270127,0.5720613099832037)
 (-0.11276223173049321,-0.75275992449755025)
 (0.9706979490180544,-1.0436382566376003)
 (0.66833502973585279,0.42874956176705276)
 (0.55751341700601309,-0.43866501866939356)
 (-1.0653702061313683,0.016122072243051955)
 (-0.13276174713210764,-0.76215842304612658)
 (0.58411445263082873,-0.39649536749453129)
 (-0.63774085174149053,-1.3019408653826345)
 (0.19706175552606575,-0.55913880502298507)
 (-0.75609382998103292,-0.51893617175469653)
 (-0.57477685111814425,-0.79901182044419949)
 (-0.93295383705344648,-0.64472021048230865)
 (0.76069208147408673,0.46197869991985963)
 (0.27204743743826004,0.67520183241994802)
 (0.40768115929916471,-0.49684688907921304)
 (-0.28250751677182373,0.98055616006971402)
 (1.3011121400443733,-0.62814635834877086)
 (0.40331303569699473,-0.95235690387892391)
 (0.50228882747409509,0.46549866351566099)
 (0.47359085070867574,0.88238368309317794)
 (1.1012577096527596,0.77827686068285373)
 (-0.75278902512338275,0.5348131272283424)
 (-0.84363457435450828,-1.1228490312323454)
 (0.89905167397311236,0.85889527903380103)
 (0.3207723916857278,0.22917044794847474)
 (0.58373125893742728,1.2607282049417103)
 (0.45416080757655397,-0.73988076003113612)
 (0.84715530079265644,-0.052813894447861554)
 (-0.81770835439501666,-0.46452614216724541)
 (-0.79509405002490763,-1.0838741977974908)
 (0.58329225109471872,-0.75462991416185465)
 (0.1389833346998347,-0.64406785505140673)
 (-0.33014276108577278,0.40223907394372427)
 (-0.53111186979462799,1.0720372970974457)
 (-0.86545237571221678,-0.3558690420095923)
 (-0.57304687102128682,1.012267190525465)
 (-1.0791735120554593,-0.44088376272696439)
 (0.13938776510740647,1.1068787582126465)
 (0.61551462863084705,1.0441635162861873)
 (-0.11310544708857995,0.52178895398970315)
 (0.6336252142450487,-0.88972174011432403)
 (-0.65530640681699115,-0.10470881182964525)
 (0.65278155817573835,0.032080030343962784)
 (-0.4069267463627807,-0.20104206467069741)
 (1.0637568061027112,0.29772583722444018)
 (-0.80926952065823399,-0.57812972242243454)
 (-0.44897383925764417,-0.68381913476670064)
 (-0.0046447552182002916,0.48982683792747583)
 (-1.4220312050078505,-1.0037869749888737)
 (-0.20156175491569531,0.52454856269940797)
 (-0.45169646404241121,1.0207415170210807)
 (-0.98901014777259888,0.65882961679215313)
 (-0.52406732596407313,-0.86492754818059048)
 (-1.1942605136996469,-0.41273354462610984)
 (-0.71696987252905275,-0.13724262872596621)
 (-1.1603468395770049,0.59437084388783912)
 (-1.0994897629025067,-0.47729622944824901)
 (0.74919284326071889,-0.14092249847539867)
 (0.90427897559931047,0.58789930521962164)
 (0.51219922597964451,0.20227734924821586)
 (-0.93112892494704536,-0.401880094769204)
 (-0.24705746893653219,1.1425664396637183)
 (-0.9155889977379017,0.73668438868393427)
 (-0.050640406355217389,-0.042433878162522677)
 (0.62607093769506972,0.40351330615905989)
 (-0.52565100666649123,-0.0044578370925729693)
 (0.49938093410460915,1.1292653934338872)
 (0.70039533256880737,-0.48386717726300305)
 (0.041249157111789392,0.63770219412016416)
 (-0.4229733595334319,-0.63317738667842183)
 (0.05446793987076487,0.86744763412162018)
 (-0.64336827115970352,-0.37808450396023807)
 (-0.5006861385863115,-0.96926395593331249)
 (-0.41558409402686985,1.3248271621566254)
 (0.24279350980579806,0.70163661277198808)
 (1.1099800278703733,-0.96155863555807253)
 (-0.88564801134698379,-1.2565923352814179)
 (1.0300883366002218,0.63988549230478386)
 (-0.91706153797483925,-0.55811010500422187)
 (-1.2037493960003725,0.76625340293598765)
 (-0.9170115489195092,0.82830445344661308)
 (1.1140264489690241,-0.086019262354742332)
 (0.0364195475576084,0.52370779794053268)
 (-0.39980749013868322,0.36022018948336665)
 (0.85177288412105789,-0.45150002793601463)
 (-0.40052207193919154,-0.70938342388970521)
 (-0.11673355419556475,0.31173919384330806)
 (1.0344738318898035,-0.86096014767711482)
 (-0.74356143198690505,-0.51767929691224879)
 (0.59922011571000267,-0.31809314406563982)
 (0.84301799268806554,0.75202459755494011)
 (0.016912085230284257,0.4388612778458818)
 (0.46937634078909229,-0.64798864725903171)
 (1.0146313321672991,0.0032911366864279978)
 (-0.68737640002308431,-0.93364823533209662)
 (-0.83759675900166564,-0.96462856531601726)
 (-0.34150599926385533,0.4632364626123226)
 (-0.82800960357337883,-0.7391165135440434)
 (0.49918241553874232,0.39838442269750152)
 (0.4952926783920697,-0.99894694908639026)
 (-0.53714597443124168,-0.51864043201781174)
 (-0.33080696346313848,0.9329630409645624)
 (-0.074651416061307013,0.56934664918037781)
 (-0.80700250326700496,1.0886104303824131)
 (0.37937803938112108,-1.055260481075238)
 (0.83061475885462754,-0.51783529374586568)
 (0.55767537161045844,-0.47041903000462376)
 (-0.93579441388312112,1.0393190636543208)
 (-0.92018180186303167,0.23473844466490323)
 (0.83543700515435748,-0.77256141555076552)
 (-0.75960833030187591,-0.35935645427752538)
 (0.60379732581190171,0.71411200144284004)
 (0.07708239384633947,0.86875590149942394)
 (-1.0460769879811949,-0.53205428036629521)
 (-0.76242531359674226,-0.16161845181789725)
 (-0.38883969555037851,0.49702766618543043)
 (-1.0181206448468276,-0.13699697000794731)
 (-1.2424224755737638,-0.31483866014186868)
 (1.0820759772018496,0.1490088048567324)
 (0.90222741067780121,0.64894535911688345)
 (0.55757338577934601,-0.56412778671543917)
 (0.80041113406006315,0.69084538749193014)
 (0.79118144094263876,-0.44443862808228191)
 (0.71364197239029881,0.59001046732846663)
 (-0.19583381435533731,-0.56263939817428166)
 (0.55527506268513327,1.2641325442270723)
 (0.57420190234304369,0.66362854346255074)
 (-0.71229091582708914,-0.53316330342433305)
 (0.30558822947353681,0.72000973100290233)
 (-0.57893636503356627,0.32359497806521886)
 (-0.559881923635694,-0.74877219268212514)
 (-0.021290084200257686,0.97898557803027253)
 (-0.5260022397384545,0.84365024598297245)
 (0.70836281533549883,-0.49895843366502857)
 (0.045035843851971236,0.62826993344828908)
 (-0.94418804340326656,1.0563547379195402)
 (-0.37122225233048006,-0.83390477860763945)
 (-1.0985202423411506,0.43465620225536811)
 (-0.62106166508856409,-0.77495147737122694)
 (-1.0540691117001648,0.46532942462397597)
 (-0.4314930452003064,1.0460007754766747)
 (-0.87060336159010465,0.857911285146716)
 (0.32287502647348043,0.11198890311702828)
 (-1.0250796187535356,-1.016575197411427)
 (-0.20921460574249295,-0.89687669093059463)
 (-0.58865251776327521,0.75115347819540157)
 (-0.30577542271164332,-0.30829592088070995)
 (1.0435444159329013,-0.4808308353055491)
 (0.87702080592688092,-0.23471026833112996)
 (-0.2207965519857909,-0.44998410099100167)
 (-0.2841907709107655,-1.1901185958514846)
 (1.134319651744776,0.66096024346964133)
 (-0.97245537337947674,-0.5437167012427726)
 (-0.11555053873125357,0.53773607423979575)
 (0.97237231415675018,1.3449912504895034)
 (0.34734115489410466,0.53568683961011088)
 (-0.44195295117784439,0.9325444190855845)
 (0.53229574604468399,-0.76316441983237082)
 (-0.78357388122253591,0.88963389459356623)
 (-0.46123611248248753,-0.0144948178516838)
 (-0.86921962907928096,0.3199373999713947)
 (0.67273329404306448,0.042100876382353825)
 (0.65160184582673952,-0.30132645566686056)
 (-0.54584740556159606,0.40889090329569222)
 (-0.61578867839608775,0.044979201383407996)
 (-0.69939961968349662,0.22914833464511702)
 (-0.87377718535387849,-0.41472520686256398)
 (-0.22300799137896743,-0.76502704683092959)
 (-1.1546780967052577,-0.32379693620006206)
 (0.0031226364649543092,0.53272281740752581)
 (-0.91033663400981646,0.30200179784260323)
 (-1.279098614694604,0.62608711019976782)
 (-0.76722951273758,0.75190333488477357)
 (0.51145592526754868,-0.17712184901328268)
 (-0.40844276720942835,-0.928883443927774)
 (0.64228203809341933,1.0580908304957672)
 (1.1515031706752819,0.88114916816102162)
 (0.90680979204033074,0.45336893329298322)
