# Created by Octave 8.4.0, Thu Dec 11 09:47:21 2025 IST <gamana@Samsung>
# name: rician
# type: complex matrix
# rows: 1024
# columns: 1
 (-0.96062194997613548,0.14417360819775354)
 (0.57499824513765685,0.52379199991959247)
 (-0.49203642933106695,0.99023558406196333)
 (-0.12254952049877399,0.29590211597785049)
 (0.86899739681575583,-0.88078816628136014)
 (-0.5826190270528715,-0.38656789542490227)
 (-0.93039278936589853,0.4009545562550651)
 (0.96480028829055642,-0.96792868145934996)
 (-1.1103246322810083,0.31052286377192073)
 (-0.34569068902891892,0.46751116252667185)
 (-0.68885578366915001,-0.26845900202568596)
 (1.0117285648216299,-0.031757190154562576)
 (0.75394088255813541,0.53094027812326805)
 (-0.25310772230099227,-0.86971804281044185)
 (-0.65588733661243026,-0.97623224415692467)
 (-0.35607766033797994,0.63649228594498142)
 (0.27311569289235338,-0.30030318709859638)
 (-0.26000074571321008,-1.0119527243612954)
 (-0.48440124792056827,-0.48130182047820314)
 (-0.33576249859463114,-0.73477328711584133)
 (0.043289943001889652,-0.94909529686728078)
 (-0.19214717692086958,-0.76724258160877301)
 (0.32072722445143531,0.89327295619022207)
 (-0.52494046651158399,0.50774849900133656)
 (0.94071010841715541,-0.41892919406988227)
 (0.67335318233872132,0.44877877671934274)
 (0.4601190154089983,1.0639089164580613)
 (-0.40493553350493555,-0.24881754850014243)
 (0.88895232316235484,0.51433844357197711)
 (0.67690121990782726,-0.6641810911060122)
 (0.29415245877070978,-1.1573984261643879)
 (0.60928510760567001,0.63911194438547603)
 (-0.5965800447496129,0.61906883265713264)
 (-0.60541347681629332,0.99843788452408577)
 (0.26895701026376212,0.60028796390510841)
 (-1.2019978129035747,0.34941508318986947)
 (1.0480936416327185,-0.58791645130842385)
 (0.25089669232557016,-0.65450338241394634)
 (0.58252463879715588,0.84018042932220793)
 (-0.62342094595565734,-0.36912909488535972)
 (-0.46387015426531197,1.2433242989993651)
 (0.024757380324514189,-0.43415777526611904)
 (-0.88532171641253221,0.20846428760904961)
 (0.23399024229225213,0.27365634574483294)
 (-0.34569777574990013,-0.62206171856927939)
 (-0.78832886793623602,-0.26157826750612856)
 (-0.61808660467277698,-0.72796448874966335)
 (0.35970092584029717,0.55973312090759486)
 (0.19980448660066563,-0.97978354065310258)
 (-1.1442923601703499,-1.1200959153620966)
 (-0.079162432870553023,-0.82599542549636151)
 (0.32249089865994918,0.57660532194789615)
 (1.2878827016787526,-0.53402062150620044)
 (-0.97140183035334804,-0.33774699301340422)
 (0.34984587058816297,-0.9715116323034948)
 (0.078831100718772751,-0.49209413056964413)
 (0.12645347734650852,-0.51362787535988397)
 (-0.22336303755051418,0.98231000697726456)
 (-1.1785637020973656,0.66314262246618483)
 (-0.24172346152075996,-0.27753530582892938)
 (1.4724109361740356,0.80927754598725254)
 (1.3092721810137822,-0.76616160807016698)
 (-0.07291036154735131,0.63490930368211862)
 (0.21429422886814184,0.34086455976262053)
 (-0.80853244424806925,0.2075543470777374)
 (0.91927667677977787,-0.64076310144284532)
 (-0.44022387962560161,-0.89396653936171167)
 (0.57900220036649119,1.0608913372079181)
 (0.80129532382075785,-0.79750822405939603)
 (-0.6816951453802268,0.42869803857006772)
 (0.9525787669660486,-0.35787155995296488)
 (0.51305904020217896,0.83704834830834229)
 (0.74450553057116353,-1.0774944011566541)
 (-0.81698995762842586,0.32895484829025889)
 (0.84357398244816106,0.78647606945604076)
 (-0.45314095534519999,-0.56413885316645274)
 (0.7726056532273633,-0.43352069120366399)
 (-1.4627015018454732,1.1720524408997535)
 (0.71200935537766608,0.76804831564076337)
 (-0.59522657547062641,0.39300320500903529)
 (-0.73063111778220124,0.38358765243991522)
 (-1.1358009053180131,0.60727190430931277)
 (-0.53259862031796468,1.1464653128899704)
 (-0.51122334712882822,-0.43997721004347595)
 (-0.078470664911075294,-0.44708041791741876)
 (0.4671480784188648,0.48911377324211419)
 (-0.66174886275440681,1.0472982459052569)
 (-0.6956773264293773,0.71565489738056087)
 (0.51143932040816753,0.29045340698779326)
 (-0.29708594697434954,0.84761929512466294)
 (-0.20680112416081389,0.24759722946501542)
 (0.93591182404217887,-1.1540973874203853)
 (0.28412514103378783,0.77297230696801889)
 (-0.94253624643047584,-0.59198564282475097)
 (0.98445928684631245,-0.66478976320077132)
 (-0.82601761440368793,0.71275442304892822)
 (1.098442351063242,0.52636978976900817)
 (-0.56479693778953788,0.67104078660505251)
 (-0.61335687343636169,0.85074757052108607)
 (-0.37086019169619167,-0.22279707202698432)
 (-0.77901493960144208,0.42935916007917801)
 (0.36897053948201258,-0.66009492038703232)
 (-0.62067790595532135,0.74212766180942347)
 (0.46874821632155145,-1.0869649582522558)
 (0.39162768945395188,0.73467249294283921)
 (-0.2288182054717271,0.56780617815043244)
 (0.47383286461456159,0.33446796278782748)
 (0.64960455022857733,0.65818816534721603)
 (1.3999435631684998,-0.6481286737806955)
 (-0.25881178158342399,1.4443961717026355)
 (0.33755733343216937,0.46002756073681023)
 (-0.13193588099118417,0.59701978630164898)
 (0.074840983219660873,0.48129308405824028)
 (0.53460464189916235,0.64854691538023101)
 (-0.12990557768631458,0.61213609664682145)
 (-0.46992547012958841,0.63892761889258043)
 (-0.87058640353613537,0.46019601400680143)
 (-0.90954543931745679,0.57031915734895311)
 (-0.72199959695257732,-0.7034145363483163)
 (0.084482610275847997,-0.030338230719790003)
 (0.73815461573385055,1.1613361110660589)
 (-0.33177672693595495,-0.31783381377432518)
 (0.94271810561473357,-0.20459636784136442)
 (0.72032409026187594,0.55406409497145437)
 (1.0861789276653728,-0.95481016812633157)
 (-0.55908620939154385,-0.57890264562072757)
 (-0.73748318052978701,-0.65642276683507861)
 (-0.57189382104018482,0.13743771330202684)
 (-0.21618888906943581,-0.26012011425759884)
 (-0.11759045354702252,-0.66129221539359895)
 (-0.97471753332489341,0.40994995139882778)
 (0.94522725462957025,-0.49412321534252734)
 (0.45224293472524907,-0.30712926156402703)
 (-0.92300553741438662,0.92424835803564664)
 (-0.38415567321860178,-0.73218910207094146)
 (0.7181331054944865,-0.49616253095033336)
 (0.79383599047514619,0.2554148781757497)
 (-0.64829039687292511,-1.1525772883569929)
 (-0.70345478683039264,0.82833091458952612)
 (0.31375966472536981,-0.4289052213600853)
 (-0.64389424511413251,-0.16597702537186576)
 (-0.5241220161658513,-0.88422288530685411)
 (-0.68552777827500044,-0.82674569827184863)
 (0.70947897477876731,0.34159955328122488)
 (0.24633391142965488,1.2067412001035569)
 (1.1201811614853145,-0.52807567568034364)
 (0.43866852559739206,-0.015284695041335672)
 (-0.62073575832202266,0.43090338132247691)
 (0.77032375196098091,-0.52195445719378575)
 (0.071715907905676279,0.59787407010681404)
 (-0.78732095156489335,0.78630673665610984)
 (0.15851769240367955,0.49774570749150193)
 (-1.3285798893720617,-0.21458871450934958)
 (-0.35654444013159031,0.86991438848251357)
 (1.2473498655879254,0.37685693997177666)
 (-0.81988774354987048,0.74482757592344229)
 (1.1672480826291387,0.71524876180923624)
 (-0.22540247878526876,-0.72683608724574045)
 (0.35469060111294115,1.4812856165319552)
 (1.1519525924619578,0.25865132364851917)
 (0.86087133878725575,1.0270992716799541)
 (-0.62731406261305067,0.077778551484673719)
 (0.81695755071236242,-0.45444055182890974)
 (0.46090229537504757,-0.70361411653668393)
 (0.48481582353303687,-0.75055506288410223)
 (0.34913626647140322,-0.47909061901887745)
 (-0.056885210766938699,0.29927813905558587)
 (0.25571959011476708,-0.60334164823775083)
 (-0.61113412794148714,-0.32409426520318163)
 (0.3694842795280141,-0.56140889037404118)
 (-0.77674499679336151,-0.066494147308727325)
 (-0.97735254495320578,-0.81894833417542834)
 (-0.29689258700554977,0.82619319563867066)
 (0.89961324676551413,-0.062889366598551044)
 (0.40560787942880844,0.48004277716190785)
 (0.093684963653415332,-0.79983492399108558)
 (1.2834390577064869,0.64270835704802742)
 (0.81859295895363571,-0.36397209236747463)
 (0.38968312622149537,0.039965479981594249)
