# Created by Octave 8.4.0, Thu Dec 11 09:47:21 2025 IST <gamana@Samsung>
# name: rician
# type: complex matrix
# rows: 1024
# columns: 1
 (-0.76115186865811579,1.1566536607885709)
 (-0.8829535856315115,0.80258904831614719)
 (0.27697982965437351,-0.47552229459946327)
 (0.83042701772985117,-0.5339310218271307)
 (-0.17327672674291483,-1.4566190552735399)
 (-0.89515785800940029,-1.1309722114341343)
 (0.465695529218564,0.664577017242442)
 (0.31618455866624601,-0.21492790565692271)
 (0.69811882374288337,0.90636170584844911)
 (-0.30878994487702305,0.9206680672840839)
 (0.88062328555817082,-0.67175952549649831)
 (-0.59541644901065582,-0.30637902201318234)
 (-0.27250880418846796,0.49403149451573164)
 (0.95566276136020811,1.1872415822887088)
 (0.92521343681666313,-0.69171859880223319)
 (0.84402759767949298,0.42588657730878043)
 (1.5602431220555941,0.49948027140514362)
 (-0.099910388359860658,0.85971373731222345)
 (0.90363309417586624,-0.8487627089829749)
 (0.33102283952761336,-0.14119896051634212)
 (-0.93854762558214366,-0.37624753982679554)
 (-0.40912392204491393,1.3243648628790679)
 (-0.26937107892387513,-0.3846150271096207)
 (-0.760170117170203,-0.72717277056618645)
 (0.21134046801610207,-0.87675379165264922)
 (1.3371192079491847,-0.59521739482045866)
 (0.28226619374409101,0.47055675530433771)
 (-0.59554112235210843,-0.74500572938249465)
 (1.1322767079727214,-0.57594005544298388)
 (-0.77999928573458788,0.40781507414148499)
 (0.36813399402823133,-1.084580346794108)
 (1.1920195812106626,-1.1509329389962437)
 (0.60755851808681727,-0.88174007197157733)
 (-0.56153609308995645,-1.0078049263252302)
 (-0.7349306530726748,-0.62589113950790842)
 (0.74308473252497254,0.67521091752576967)
 (0.94892421186893028,1.0327190357700136)
 (0.080573985230338541,0.77302413108356061)
 (0.64454650633767696,0.3487377065870072)
 (0.15690482258089053,0.51597029964105778)
 (0.39032612299220742,-0.54902733115314617)
 (0.5454182412234464,-1.3264227045576518)
 (-0.61844915290572366,-0.36742524533821758)
 (-0.57097383971605187,-1.0391599714535569)
 (-0.61419739268301676,0.68799666670357429)
 (0.54915193876765889,-1.1598889426204877)
 (-1.2773768023788723,-0.5506598433615677)
 (-1.0323857224141468,0.21804252048916895)
 (-0.61947935698579282,0.71318093311386876)
 (-0.27277380729837203,-1.1147827987463845)
 (-0.93516006118772443,0.19526963066447167)
 (-0.067737684908272824,-0.12457026935760103)
 (-0.74117938458436239,-0.29449794535680174)
 (-0.56190388212371156,1.1804840368645921)
 (0.50127390952648532,-0.40967062276869781)
 (-0.62696599186891533,-0.31932831280187268)
 (0.42829336569274234,0.42445577544952462)
 (0.96580324351658109,0.76678113916536983)
 (0.93023745174147299,-0.44928492573727163)
 (0.37110622270625715,1.0508034397371238)
 (-0.74064332627326368,-0.54990868904100743)
 (-0.85676124283983612,0.91658133031467726)
 (0.68106210962810487,1.0515033607235842)
 (-1.1359177801425986,-0.76845456097087517)
 (-0.66056962632787641,0.59254983754407853)
 (-0.85511711063013052,0.9582446396104789)
 (-0.93919685950810461,-1.1690973294213798)
 (0.4159956642248806,0.58009530801807052)
 (0.1718680019735373,-0.85254524029649081)
 (-0.43786528233691629,0.45314537968125007)
 (0.66236462733306078,0.18259499996227718)
 (-0.42312064573439512,0.15088979933572919)
 (-0.14560354676661552,-0.5131176630587222)
 (0.6935709216928756,0.36212475625621693)
 (0.14913480441943361,-0.85956766349953595)
 (-0.69012907269346024,0.95593632156801489)
 (0.36323478694870248,0.84515484637391403)
 (0.58674395271153423,-0.48409037085273188)
 (-0.45004460870365165,-0.66067338118841723)
 (0.050204777085508023,-0.32468995201964868)
 (0.73957625752755407,0.85015026642802816)
 (0.80454557468543675,0.83137999362865311)
 (-0.63594335482149189,-0.6407729504630999)
 (0.45701492832905205,-0.69461683415237019)
 (0.70045831315354368,-0.94420515279946804)
 (-0.41646436342903609,0.98562860727856982)
 (0.18688520504717404,0.89777018467007585)
 (-0.65609345384230133,-0.80655562137479642)
 (1.3356496851409303,-0.88376931997108688)
 (-0.047307782275028076,-0.61181983063343559)
 (0.8267693577362869,-0.61518889311801073)
 (-0.5463556657125519,-1.0446531723873067)
 (-0.88111136230098031,0.9783701199425574)
 (0.62120393672309437,1.1414122449274497)
 (0.67753148857424084,0.58853522805717084)
 (0.023171964673287082,-1.1225442418470537)
 (-0.56045223058902116,-1.1850438272785253)
 (-0.44852979663698284,-1.275066309820605)
 (0.55843412665954273,-0.4618259382664085)
 (0.87035640515396673,-0.45900610952456483)
 (-0.56725590716216678,0.13658671930962044)
 (0.16301897890143346,-0.19844127236636655)
 (0.94739968837658883,0.57808264002388576)
 (0.21393376175091827,0.35647336812501085)
 (0.58380203727505264,-0.46131987776680206)
 (-0.83468759578625484,-0.77307193752921222)
 (-0.26127242238803122,-0.45774853362737161)
 (0.47798817547778455,0.39233804623699481)
 (0.98146373701477163,0.7931930253953432)
 (-0.82017677865798289,0.95313950394627189)
 (0.74074796989641056,0.73278814162136463)
 (0.45300123382419455,-0.47837981777347804)
 (-0.59381946348168291,0.75246148991869322)
 (-0.56840781762057313,-0.73704156989556036)
 (-0.4490389724450658,-1.0858471383652935)
 (0.89685639015554885,0.95508137829921824)
 (0.43746761233667542,-0.72268414736218656)
 (0.55774918831466236,0.41565396966761881)
 (0.59000996264006367,0.11811967776207061)
 (0.18800098240852126,0.48929695993260214)
 (-0.35364044573449582,-1.3254375608657498)
 (0.27703913157875587,0.12529566743738002)
 (1.3343461195644204,0.4657820128869638)
 (0.75011461762057807,-0.57198988249190219)
 (0.3398513858643602,0.60032553654672283)
 (0.50896240004083326,-0.78380440797941331)
 (0.56033520241678725,0.2965188940379041)
 (-0.65531536325243567,1.2920102493006667)
 (-0.91850474522917713,-0.95678752291046243)
 (0.49768651668379238,-0.76316166680518294)
 (0.4241656875343045,-0.7427229311253547)
 (-0.62126451567571883,-1.0143882535734243)
 (-1.1767480226284952,-0.45007092091139106)
 (0.4661748044202611,-1.0215055272801137)
 (0.92695578670862033,0.33075008048897458)
 (0.39413352279196723,0.38322048720478163)
 (-0.87934981720383432,-0.25288681571650384)
 (0.97255325125358105,-0.54196888960585921)
 (0.58152826982749684,-0.040661004686572577)
 (-0.83301275831128052,-0.82660031754014685)
 (0.2598593299634917,0.17499896780099283)
 (-0.68650762099593676,0.09781154148374227)
 (-0.70841819083600066,0.27471059563297551)
 (-0.47167661114737519,1.2052237663520486)
 (0.54375898960107605,-1.0106386792896944)
 (0.76402002268035063,0.45731329555414968)
 (0.73759620341989152,-0.51660090464811326)
 (-1.1387933292696835,0.8538050158487327)
 (0.91222915714888686,-0.14341152489226483)
 (-1.2593645946438057,0.55907044207840539)
 (1.1243544285989828,0.3762649761122342)
 (-0.95416628319970576,0.39824998517226901)
 (0.41777007674925687,-0.54038715854532504)
 (0.46243883974224864,0.50210163301211819)
 (-0.94632231587029725,-0.44100874273576507)
 (0.33929257790275852,0.88938758062186962)
 (-0.3046683330512715,0.58998001715238557)
 (-0.48369432595606732,-0.75819736186045095)
 (-0.40483167485466626,-0.96026215547104199)
 (0.76203632328792681,-0.47061998440100611)
 (-0.7403899128365603,0.84261359360769195)
 (0.70440157156979422,0.38144269864168789)
 (0.80810657163455968,-0.0059741882501014865)
 (0.57860823779082438,-0.21132109315466593)
 (-0.31732139163290085,-0.82142367368300706)
 (0.18043606948637289,0.13685316886982027)
 (0.53568672008136886,-0.28853030605972091)
 (1.2236836380890841,0.68466968683764728)
 (-0.84300976706705155,0.89842355654898265)
 (-0.54136763246012809,-0.62376711221939407)
 (0.80680948849054923,-0.74057718083135349)
 (0.6211664564758741,0.16284598689052568)
 (0.47336673598166878,0.66675484414891473)
 (-0.13087165016121205,-0.90959607935863962)
 (0.3740092540815228,-1.1530201906667525)
 (-1.0608340671147001,0.71476057519816005)
 (0.54759170336469798,0.36127268460828049)
 (0.9856725033772864,-0.52795714490867374)
 (0.25572409234878835,-0.66362135163145308)
 (-0.45288041254314093,-0.25427644008117234)
