# Created by Octave 8.4.0, Thu Dec 11 09:47:21 2025 IST <gamana@Samsung>
# name: rayl
# type: complex matrix
# rows: 1024
# columns: 1
 (-0.30329217316850399,0.03599235396675754)
 (-0.11920956680807791,-0.12535880158057922)
 (-0.78799753760804225,-0.61635239746099513)
 (-0.1256258455790738,0.88133182504787566)
 (-0.29356594694135568,0.67147343637968637)
 (0.12632282593711114,0.47600830353549123)
 (1.5392612622245876,-0.30974191230102865)
 (0.68863690768293517,0.092598140210454205)
 (0.25584146172765232,-1.778545311720555)
 (-0.13027676482031414,1.250652849703811)
 (-0.37472264151292695,0.10392903519293967)
 (0.69428996501266049,-0.01174962858281603)
 (-0.6177027422032777,0.13534624474936674)
 (0.93772821454063626,-0.22031928255119954)
 (0.26383114313414252,1.2235983464520475)
 (-1.0068466753773535,0.04081975344288169)
 (-0.36673207104155164,-0.8824862456123499)
 (0.74340004090726652,0.50842466021839483)
 (-0.040713364954073537,0.029232134732424944)
 (-0.85602910916975716,-0.2977270893253629)
 (0.33288055690999863,1.5638637087080782)
 (0.98307210233695219,0.49626760184991192)
 (-0.26660036705005713,1.1219899332697121)
 (-0.99693646669059865,1.033105549177282)
 (-0.68007824504403236,2.1769101458335411)
 (0.4230158865776355,0.9595306401791075)
 (0.29291835012266976,-0.38684230066405989)
 (0.16269181181297943,-0.035017648523548675)
 (0.22682664479400186,0.14738354645596327)
 (1.6994072557550208,1.0386973617658242)
 (0.15319318370740387,-0.47420013629876578)
 (0.91095269608906571,-1.1159442728971698)
 (0.59230868876192866,-0.049786296317657019)
 (-0.27318399575037411,-0.052159605421640415)
 (-0.16857174757982826,-0.27360418035251205)
 (0.43964488027251447,-0.31473113821849463)
 (0.11779119559432527,1.5205617839071528)
 (-0.40395043125468211,0.73129459366214367)
 (0.32292722550598651,0.64745770500053734)
 (-0.72736934943682452,-0.02285180105799578)
 (0.58857212949142301,-0.63490992186864581)
 (-0.33307251848371705,-0.18563814898022996)
 (0.68880246470512385,-0.62513911659343235)
 (-1.3396757378656585,1.0949248746398448)
 (0.85762194758814836,-0.30056824490087325)
 (-0.37385916256540941,1.2332740681326881)
 (0.31705927444191068,0.29606050998062167)
 (0.0050079246608271885,-0.10456910890569934)
 (0.29279732212649312,0.37442572356972303)
 (-0.49081421280910503,-0.27875014464369569)
 (-1.213121546349722,0.056635077637071984)
 (0.32635000355379484,-1.438562050813716)
 (1.0867073945060437,0.70084577708585305)
 (-1.0848692145286152,1.0166389000117246)
 (0.022868705410859058,-1.1581874845693019)
 (-0.16636964745431521,1.1441782897299988)
 (0.20100991456934941,-0.25855149696268209)
 (-0.27554177461886914,0.84184725330940879)
 (0.19824892201393715,0.28401842352175788)
 (-1.2835030789223336,1.0789616972839822)
 (-0.16654255104399623,1.1572584160186925)
 (-0.24760620049907836,-0.70140931126552475)
 (0.32150827682946609,0.37798011472273768)
 (0.14468147771580522,-0.13479023904724016)
 (-0.94968074022588089,0.77614228754599934)
 (1.2477792896830189,-0.0026601920062848672)
 (-0.48361231755653566,0.1534336960619479)
 (0.23972233065866005,-0.36285178712559513)
 (-0.67048103663980063,-0.15968615664361213)
 (-0.63723923007366023,-1.5448404407864635)
 (0.49992926903136092,1.7373365090038546)
 (1.9333784374334921,-1.235518746283556)
 (-0.95729137799615382,-0.57618867464123524)
 (-1.0915722110195476,0.7452293031283973)
 (0.78415020949056091,-1.0981272318788624)
 (0.75662676336212631,-0.2476064767843994)
 (0.026847183391059126,-0.56169745313990216)
 (-1.1619348794537689,-0.87997738766675215)
 (0.49127120327918611,0.39206732778895176)
 (-0.18848305799575779,0.54148081490392674)
 (-0.60960703763786817,0.52488460942045667)
 (0.81075344792662363,1.3391951740992252)
 (0.59540573888324555,-1.0871902838443082)
 (0.39886442364344687,0.2705128698068775)
 (1.1359991073891826,-1.4055985330543528)
 (0.33297561556758115,-0.83227165800765479)
 (0.022787781102585725,1.5612659370179784)
 (0.72931795661805299,-1.0441196452573098)
 (0.57204858879727682,0.76737268959010807)
 (-0.051621323327544655,-0.81657293319072521)
 (0.363452784858806,0.27443239670058833)
 (-0.22102995546442375,-0.50542710987535489)
 (0.52674456808272274,0.14213575520433086)
 (-0.48143742962330416,0.78252910115015739)
 (-0.51298583860654179,-0.44437443332078513)
 (1.4804575418507882,0.44892114707652053)
 (0.25431026283948877,1.2993248721695201)
 (0.21657875197810911,0.1426649205461058)
 (-0.012729407630562239,0.43272083187794785)
 (-0.041962700774510309,-0.77878914859251647)
 (-0.35415420783609963,0.42845309183689639)
 (0.68858509105485122,-0.36591274620008085)
 (0.32229490007341322,0.25882439987355443)
 (-0.13536200481733271,-0.38552478216554864)
 (-1.0018361641409135,0.18011768844355275)
 (0.38559748091048252,-0.8033028314872237)
 (0.071737879534086307,0.35935660724362684)
 (0.69271984470973513,0.40562362810127661)
 (-0.722042334386229,0.91019042517065052)
 (0.80992387635937324,-0.65038046167172436)
 (0.71236483645702386,0.44706110248850406)
 (-0.014966869586834852,0.30127726528520848)
 (0.30899063583723607,-0.82562890001895495)
 (-0.12415878151838405,0.063044138782407666)
 (-0.89950395932586225,1.2470664737394841)
 (-0.24326302713968156,0.91675126079437597)
 (0.81923631184321422,0.65015108553269174)
 (0.07281181553456112,0.22870286897589115)
 (-0.40273803212682374,0.30600164661330048)
 (-1.1109253899812765,-0.35001376325785594)
 (-0.52451419809183508,-0.097403606856234448)
 (-0.1588172544876405,0.91514584935569876)
 (-0.5496275743186837,0.45081947965076197)
 (-1.0975344926695938,2.0332848988622088)
 (-0.96313519562849403,-0.7641670262072281)
 (0.082719130849363498,-0.71553278838581447)
 (0.41316830192713977,-0.23507607905743816)
 (-0.066084525231637395,0.17156858593765234)
 (-0.24907895683977416,0.81119142044458115)
 (-0.16847892289208055,-0.8460181547945359)
 (-0.22731438917801339,1.7244870455347454)
 (1.1517196121993902,-0.63001438740938431)
 (0.067522079368515397,2.0106874371887944)
 (-0.17309939586392767,0.53681815565379187)
 (-0.27033743264394716,-1.2590877224261499)
 (0.6009844031712066,0.11655916422332524)
 (-0.48332393111502681,-0.17421614562536802)
 (0.59789350639728334,0.23182705677900203)
 (0.1622216786815166,-1.3240833212254648)
 (0.2316252050131889,-0.055657906695767034)
 (0.9028087702112475,-0.36386161147433344)
 (0.076102819404350153,0.073910216279287011)
 (0.44393506043657222,-0.072968286489546841)
 (1.4416741728882998,-1.8337704403146133)
 (0.36165815754176611,-0.1837343813185697)
 (0.11871685414033095,-0.14853754449066764)
 (0.81473402539264395,-0.557044271639065)
 (0.69500093437055432,0.71005363448062875)
 (-0.68395622280857415,0.048718267611520649)
 (0.74300134807316431,-0.081379180756146752)
 (1.0670189733646656,-0.89504995831481171)
 (1.4866464392374605,0.68732837173887873)
 (1.1768198201852689,0.61103465070215868)
 (-0.47236530582812275,0.74761107126573756)
 (0.47000485469165998,0.22553428532394604)
 (-1.1284168637783056,-0.49980257307236126)
 (0.40174764638310045,1.0491278850389694)
 (-0.79616123115467285,0.85152231441022419)
 (1.2036879721540659,-0.31641470481967665)
 (-0.25602761756877856,-0.58850467523437855)
 (-0.17454633810019088,0.34154910275789946)
 (0.040244523627382622,0.51185270975481234)
 (0.49938539119684833,0.097281510280054717)
 (-1.2238307741860286,0.57488648365482575)
 (-1.1236552034079095,0.69011718018678503)
 (-0.57565086507478813,-0.23044212652509563)
 (0.17452385625355593,-0.13584412584825151)
 (0.42329899073836769,-1.0150007529758249)
 (0.071579820137102512,-0.60344494049444508)
 (0.6467856475698599,0.50739258994472958)
 (0.4920479498030455,-0.15413439197584361)
 (-0.86934188611815311,0.7767918307345113)
 (-0.92700911492385529,-0.12858599450491376)
 (-0.88871513697421967,0.040928317556091776)
 (0.56805593945777544,-0.43667178231489145)
 (-1.1215807104494404,-1.0695325629366885)
 (1.1031442267902836,0.35014635149391743)
 (1.3989736470793117,-1.0364980665308403)
 (-0.49457532497579282,-0.33213237805970286)
 (-0.32108128632583932,0.063757846114173483)
