# Created by Octave 8.4.0, Thu Dec 11 09:47:21 2025 IST <gamana@Samsung>
# name: rician
# type: complex matrix
# rows: 1024
# columns: 1
 (-0.72376336547271092,0.57001261597159836)
 (-0.0066484310235149779,0.92005947657584319)
 (-0.71957140196296299,-0.46895531837107785)
 (0.62367522096554429,0.66086701664837388)
 (-1.3701329204624886,1.1218063105281029)
 (0.21954626685707818,1.1076118426955646)
 (0.71077050395227748,0.079305377436310054)
 (0.66623500073144937,0.6967914614775178)
 (-0.69588856936968801,-0.49935738446766897)
 (-0.40803341588186631,0.66281044260069044)
 (-1.035568188264117,-1.2494986368257879)
 (0.72422590357408356,-0.65282252844282296)
 (1.2380021462911803,-0.1736931549600319)
 (-0.83845101520182175,0.59490835696248479)
 (-0.17765399099547263,-0.84513274133044414)
 (-0.44005951840845581,-0.89823037960447338)
 (-1.4924802971246025,-1.4837787232081674)
 (-0.54777012942217629,-0.84468785105663946)
 (0.75798783865683061,0.96087223790160214)
 (0.71729525698531615,0.67161461669048106)
 (-0.60652435408735172,0.7265030133433088)
 (-0.068169171115478266,0.60820544140870147)
 (-0.74988137514522613,-0.35965503557756084)
 (-0.19788018302334157,0.41575634998684508)
 (0.87759727658949138,-0.95179958435031964)
 (0.73522324231538372,-0.52440651044950681)
 (0.17098106532818474,1.0967312416862021)
 (-0.81326503920302784,0.4648903041614687)
 (0.32643061214293134,0.34995433147379373)
 (1.1335947534226354,0.28822779024867673)
 (-0.6659896982242649,0.71175647798181874)
 (-0.5077623104488338,0.94833157742326457)
 (0.95754314538523722,0.195424477360233)
 (0.34914263416549363,-0.53303644187579424)
 (0.68044316806506033,-0.62712498459272037)
 (0.63207423526837037,0.21391774420842896)
 (0.7746034574425914,-0.28139210593052189)
 (-0.3714857578563513,-0.73420930476188695)
 (0.91235111644443778,-0.90446399183475923)
 (-0.18524372827995689,-0.83729151948047775)
 (0.14522902027820106,-1.046815305981355)
 (1.1102718679911363,0.46744609913072321)
 (0.34574211760498219,-1.170147835135019)
 (-0.52772550770973914,0.63309758150997242)
 (0.45794187028556749,0.48786293827274335)
 (0.93185645566837361,0.96376526083245062)
 (-0.89775348878236627,0.75531860139733376)
 (-0.57534964920013321,-0.3820375384542064)
 (0.10450945980532284,0.76275690264564444)
 (-0.08254571681305059,0.47194510165353387)
 (1.247660838759582,-0.33771389862978368)
 (-0.86309858242535775,-0.064528114953263715)
 (0.16570301035576845,0.16782250332233806)
 (-0.78511300383633942,-0.57032244381103925)
 (0.7476998923150826,0.75060669205913477)
 (-1.1446431840840536,-0.52329280419933544)
 (-0.3210701826622484,-0.77507889000072816)
 (-0.44663442007662235,-0.87345545513230149)
 (0.78429935958983776,0.55932179637651203)
 (0.68723506033116333,0.60904722746232787)
 (0.89715325417154901,-0.41883298484279724)
 (0.15035064332706266,0.66492589722448336)
 (-0.7232529636056455,-0.96363727696350687)
 (0.87085270020814354,-0.31454414400929742)
 (-0.71357708207985671,0.50713323561447943)
 (0.9600376192219604,1.0030666483421919)
 (-0.99382367549062223,0.38332017669500201)
 (-0.64953068118688317,0.40658115731784783)
 (-0.67052775193509317,0.41308092854080458)
 (0.293407505020085,1.0472051280009871)
 (0.76523364083741408,-0.39542946842418791)
 (-0.3788681050096725,0.56252169497352722)
 (0.55120736461928987,-0.5495541992854156)
 (0.14486059565598974,-0.66944153431718234)
 (-0.86468581550821266,-0.47672364468068656)
 (-0.80428683221137065,-1.0359539888714198)
 (1.1033692716613488,-0.56258146792580599)
 (0.45759367202240764,-1.0832269989062913)
 (1.0437181441041232,-0.4281696083492133)
 (0.66152041309007137,0.26420165507726789)
 (0.90453063689532864,0.73730662043388129)
 (-0.68411042974261893,-0.64901131535315126)
 (-0.79302903938875879,-0.15885065995017666)
 (0.79358168160947307,1.1192176898995871)
 (1.1630916216734217,0.24736481359924389)
 (0.36917527772602887,-0.87357224915864196)
 (0.64020752418866478,0.23876317891519241)
 (0.10373855652811464,0.070469314294170193)
 (-0.16502716446082721,-0.33722457859312371)
 (0.26149677068283517,1.1053054524506476)
 (0.83426770954350948,-0.4932304951012757)
 (-0.57074772553506281,0.97132245385676819)
 (-0.83767352920567173,0.96695919940032315)
 (0.63017383247998637,-0.56676765562014197)
 (0.16833319713024264,-0.77054999786853429)
 (0.12065183064505042,0.77255422139834629)
 (-0.37798254348995408,0.78496962884311794)
 (0.1017276156035845,0.055559955959915294)
 (-0.66912460039759791,0.035684818275861452)
 (-0.68547956824296863,0.75367535510223793)
 (0.30735647458734638,0.56191755332587623)
 (0.0095839566628238004,-0.69087464082515715)
 (-0.11607437940767895,0.88051211496512605)
 (0.4238630634745067,0.23573181697104711)
 (0.64680023684563492,-0.54783837668084767)
 (-0.69933978483744563,0.85531977924490543)
 (0.82388755794712321,0.93218880384976832)
 (-0.31294457080772697,-0.4398571901278604)
 (0.36405998794650962,0.73688256134086916)
 (-0.54713719614051814,1.0724854028733382)
 (-1.0891126743445421,-1.1217806345975934)
 (1.1114865737826376,-0.54144984170660959)
 (0.67678905513994325,-0.92342990237386158)
 (0.089425248444958666,-0.25066752437178685)
 (-0.016713829180793671,-0.81641789988384372)
 (-0.73887806750008378,1.0114860624876534)
 (-0.3532719804899016,0.75711912649539159)
 (0.79689763769063182,-0.92672611608078603)
 (0.47424027721427892,0.38413754932692973)
 (-0.67271807078355084,-0.63851638166470559)
 (-0.40900588928613496,-0.096190474599363196)
 (1.1574805190398627,-0.050574378650835361)
 (-1.80546852815699,-0.23032415500637304)
 (0.2470694510605696,0.79316946377995445)
 (-0.017261171965840039,-0.72106673690203849)
 (0.99766700353791848,0.092156545565294234)
 (-0.32917717822383041,-0.74233161179735974)
 (0.056480659874212032,0.15569341264751732)
 (0.63968392135904062,-0.30682230670308347)
 (0.78938305687921406,0.98515920320127115)
 (0.70416124495455235,1.548437140749312)
 (0.68607194012144668,0.25976551798595504)
 (-0.23440646432702722,-0.34373001849187074)
 (-0.70748929423694618,0.50881712315283778)
 (0.12181798457971987,0.37748653728029002)
 (0.82561194156496309,-0.71353581445378655)
 (0.76808034913894363,-0.98534297570674134)
 (-0.42908893794944697,1.2118231966402642)
 (-1.000876267825435,0.66415706871436397)
 (0.54861171504209949,-0.99346938134201013)
 (-0.56388697494519047,-1.6308400018198799)
 (0.63903604623984744,0.76355173573374802)
 (-0.41343414692022812,0.39482128400580357)
 (-0.73142862423748345,-0.83598688803312582)
 (0.74595876688095575,1.45417835423942)
 (-0.44942469810483132,-1.0196066869848086)
 (-0.023589016608512259,-0.46729354352822666)
 (0.35235710798133341,0.69739229535511549)
 (1.0475673761723385,0.8877008896907842)
 (-0.38225881117563532,-0.66188629499993579)
 (1.2658621538014352,0.19866927667088596)
 (0.256731745947817,0.65923678201151403)
 (-0.56348253469260356,0.5591031833920761)
 (-0.90371835435867565,1.1189462752778827)
 (1.287172524863903,-0.66813024611337124)
 (0.77892957679041064,-0.59282987591474623)
 (0.84216509773434711,-0.67669592995407735)
 (-0.25798092744236667,0.50080809782187652)
 (-0.23843348411238668,0.56637486372818069)
 (-0.35217278972934002,0.45284658528885974)
 (0.50427818795547019,0.32108025274714475)
 (-0.82776817752589893,-0.49329159720503135)
 (-1.2862894316263984,-0.624390279174873)
 (-0.98724271837931676,0.94347747475930743)
 (0.26536239541465534,0.049063256146042594)
 (-0.59200639935343025,0.56780721253908994)
 (-1.0714854247061218,0.097076105940296697)
 (-0.8664553480194368,-0.22382873103773404)
 (-0.87644314749123864,0.041476839181334213)
 (-0.4668426347980596,1.0931487241824054)
 (-0.39198107030935292,-0.52463705983087605)
 (0.76687670761777371,-0.88663594346791641)
 (-0.89078373700551494,-0.11808515806384196)
 (0.92176370148992948,-0.4284321135873238)
 (1.1333617185736684,-0.40752204493564687)
 (0.77551511162271392,-1.1532237485495396)
 (-0.73180186373340539,0.43970391883966942)
 (0.96548791657640298,-0.38498978652466009)
 (-0.81069188621808119,-0.88320431365885566)
 (-0.86751485008721729,-1.2148511800085227)
