# Created by Octave 8.4.0, Thu Dec 11 09:47:21 2025 IST <gamana@Samsung>
# name: rician
# type: complex matrix
# rows: 1024
# columns: 1
 (1.1151035226021013,0.55459216325352556)
 (-0.16484207225618519,-1.3222119987117207)
 (0.61146892046598489,0.80271118596780067)
 (-0.83018749450935048,-1.3881182734044839)
 (0.23427665760664035,0.67751080550077281)
 (0.71181084444280107,0.78478677140556186)
 (0.77015066494008277,0.62695928979880688)
 (0.34625062930036066,0.79107631752482943)
 (-0.57276853111365866,0.24853660895780785)
 (0.98827741104840494,0.14591584058902396)
 (0.29846698374975905,0.37499849565047721)
 (1.3919545668087272,1.1779565685505449)
 (1.2282234180925569,-0.37401549396622252)
 (-0.6957110652353603,1.0734022809446813)
 (0.98226696911561207,-0.53836010602322859)
 (-0.34168624844044526,0.80065501279166651)
 (1.1164829176921993,1.0227695694771819)
 (-0.19193373652939577,-0.66940020408753176)
 (-0.68822198115804034,0.50762837336069655)
 (0.73312738527296095,-0.60116629543103017)
 (0.50856914866703218,1.0244536113086213)
 (-0.17130733351281222,-0.19137980782781919)
 (1.043214107724572,-1.3864943928235907)
 (-0.34042222289623025,1.0340449519437795)
 (0.91757629322205769,-0.020059390311634173)
 (-0.94868688208652985,-0.50519624815696218)
 (-0.4415402015974676,-0.31140754579090907)
 (0.74797784248014776,-0.72062541417040205)
 (0.34822037827899638,-0.46277113068741066)
 (1.0849125092615055,-0.76369254762737138)
 (0.90147141804045772,-0.60912055987634872)
 (-0.76309187753365504,0.64068835260682522)
 (0.52852915501486786,0.51273470999087345)
 (-0.62746273040266121,-0.24885664698750468)
 (0.01365183052595953,-1.1169915371553429)
 (1.1196630849641032,1.0960048838363392)
 (-0.85612561508271978,-0.32564889336360536)
 (0.28564267570590274,-0.37990005745015432)
 (-0.86370839526479437,-0.59986755307602624)
 (0.70684219335985798,0.74104751992948914)
 (-0.26100031085909325,-0.5547644022599878)
 (0.47181089095975365,-0.1096279185983377)
 (0.66191069965296589,-0.4514961306025157)
 (0.72319296843058367,-0.58680072492490398)
 (0.26387898763121276,-0.20948895596357972)
 (-0.57101440259356673,-0.7937372951373397)
 (-0.075164884759541639,-0.71513148131727289)
 (-0.70768978303510688,0.42200640367515818)
 (0.90659477701005042,0.51515156087037295)
 (1.1878284761342299,0.42476286619632447)
 (0.84014619463922391,-0.95855325280486903)
 (-0.27645812803579689,-0.27768678655823026)
 (0.24870470946799864,-0.086677968993782079)
 (-0.31698219626639673,0.62242880593223693)
 (0.77441807861713374,-1.1189638972761307)
 (-0.44108036958269059,-0.0079753365966395984)
 (-0.39569292150490848,-0.62702559595695817)
 (0.87367475448515719,-0.70707365486127294)
 (0.79478655703847678,0.70333326781687922)
 (0.75989736526438389,-0.19679533796072307)
 (-0.14682169066378919,0.54893069341876544)
 (0.37423221812987162,1.2253721005509721)
 (-0.60485734392888069,0.35514402142023033)
 (0.32484856852889943,0.10891948105203894)
 (-0.4998925202886737,-0.23157358412894666)
 (1.4984313154581814,0.18314515584184476)
 (-0.58771916553348313,0.36906621166770781)
 (-0.5414853579622253,0.87590302225276939)
 (-0.28704364628882595,-0.64284265938321816)
 (0.74500536105332704,-0.58367781072244285)
 (0.76562973560469505,-0.44216812229499758)
 (-0.26991511519458117,0.045796683287281606)
 (-0.10475396598831094,0.39087460043098549)
 (-0.64637465524779725,0.46964273830968317)
 (-1.12207283845281,0.61858994405647161)
 (-0.38594563492845857,-0.093732148885661754)
 (-0.24979026835030571,1.1325679628027756)
 (0.40442504649573341,0.27193344762694616)
 (0.3739294814274372,1.023289562044926)
 (0.62388176471778434,-0.16014388258662091)
 (0.71927647944266848,0.0098293511510831322)
 (1.0714874578167799,-0.093655850879877378)
 (-0.68323687522469667,0.99842377758143064)
 (1.0188780138228635,-0.341132550579335)
 (0.82486961713594797,0.50386202618098164)
 (-0.86173656862065784,0.95729046368531334)
 (0.26282002285644029,0.93947918054740853)
 (0.072268923850839828,-1.6530047352932129)
 (-0.10607663087618158,-1.3197836656891522)
 (0.66803523897500794,-0.3189379464499747)
 (-0.1442190791579176,-0.97614882720081875)
 (-1.2990748718312253,-0.95716459282006716)
 (0.72078696155049893,0.26217515888629783)
 (0.85430211715558912,0.67761970186403797)
 (-0.60411345401068339,0.028482222973294391)
 (-0.85705657306881533,-0.28342836510316788)
 (0.64542207640910731,0.73454566931767273)
 (0.72632679897525487,0.94099659760657972)
 (-0.77661234793648415,0.098452999522161355)
 (-1.3601690661294512,-0.60233818538577533)
 (-0.61384793628539747,0.21599488559425967)
 (-0.15356759232765396,-0.32574732042640719)
 (0.2722359082117955,0.22857075064273441)
 (1.0841003242700999,0.73024976438136791)
 (-0.62812818989230756,-0.18878411898130543)
 (0.181358663526269,1.141372491237755)
 (-0.71119399488399482,-0.05415599585199582)
 (0.94873726133335734,-0.94005793983458297)
 (-0.5197287602069337,-0.92831702845959685)
 (0.22045056110189384,0.33369063547419436)
 (0.66691688781528158,1.1634524899738206)
 (-0.39316167800633967,-0.61056022606464255)
 (0.73417286211904398,0.96130204758183568)
 (-0.59842684389642242,-0.67217590403565808)
 (-0.74081641147083754,-0.61980362944194201)
 (0.4058209391823055,0.75120198139825689)
 (0.80077724792112659,-0.50900936521684281)
 (0.89760199086547032,-0.73272682452140681)
 (-0.3545797585283012,0.5675090774648156)
 (-1.2444154578523181,0.98886011243507199)
 (0.15020295187790278,-1.182044591423514)
 (0.75371107734607856,1.0917948810312652)
 (-0.66837881057190396,-0.7052273787709098)
 (0.35833247076563268,0.71123259882545453)
 (-0.47459491141890936,-0.63764269074624957)
 (-0.43107594833424773,-0.27287146198415141)
 (0.92448085351782949,-0.52035063703842832)
 (-0.53511328409934955,0.29523461769063819)
 (-1.2149166169918291,-0.59314681107967449)
 (-1.1924749042077536,-0.74665820706545094)
 (-0.60154214330594447,0.69626167809608375)
 (0.21192288966904788,-0.91624039148755632)
 (-0.76489027602340243,-0.008101889043103383)
 (0.74854790033419771,0.89104711147472626)
 (-0.41843667254373579,-0.8994609216745808)
 (-0.53210644383740191,1.0587411765845323)
 (-1.081751514343432,-0.72125655489288054)
 (1.0820486155707103,-0.43196119125953208)
 (0.64294596991096287,0.2282227386610346)
 (0.64378550275573299,0.32128850595539671)
 (1.2126258340074998,0.090429984088757909)
 (-0.43558807423872348,-1.0341810089652517)
 (0.10599288445366373,0.90819967244909661)
 (1.1040728138541041,-0.42098600314817369)
 (1.1953089981162537,-0.35370971710318116)
 (-0.65140122655415933,-0.84053607463731916)
 (-0.73907642427962172,-0.42321238091930963)
 (-0.19070109716814421,-0.38621401092367813)
 (-0.4138973194803236,-1.0438112668530475)
 (-0.81963038102440389,-1.0585643489844905)
 (0.8626996268838919,1.2097088215706258)
 (-0.17668724364262958,-0.20938468778364125)
 (0.12824490301675925,0.48282382339447771)
 (0.58905695806929603,-0.88276879216537119)
 (0.53211744924452153,-0.35100321694186593)
 (-0.59819905362693471,0.91153911052579228)
 (0.47588825031150328,0.48997174268662158)
 (1.0205892224914357,0.28987473623234383)
 (-0.44516732207477649,0.73504386281619438)
 (-1.1167502641486888,0.6206237377962851)
 (-0.57063191132813129,-0.032047617625047209)
 (0.044240018714410967,0.63692809417048191)
 (-0.4338207585368396,-0.19442817757150305)
 (-0.19391165846005992,-0.93983621738175716)
 (-1.0239275195530322,-0.46991724265777529)
 (0.99220461411251826,0.11112195590073615)
 (-0.56219670915053888,-0.90235329582389312)
 (-0.5026076872895151,-0.16314626047972816)
 (0.50100726662943829,1.5347176817259298)
 (0.29607114851784333,-0.50120829508069809)
 (-0.74730848696784502,-0.18739056537953064)
 (-0.33655562267090372,0.67941952428123464)
 (-0.64452365683411628,-0.8906473259191906)
 (-0.81921254280694444,0.65211836370082776)
 (0.41692456216510387,0.24512387370105382)
 (0.89859069633686284,0.17777899242389589)
 (0.029883217887834393,-0.18543981716766983)
 (0.78945835156188937,-0.12061500159059541)
 (-0.74241003486483903,-0.49594548232355895)
 (-0.55989161479038474,-0.66775159104826542)
