# Created by Octave 8.4.0, Thu Dec 11 09:47:21 2025 IST <gamana@Samsung>
# name: rician
# type: complex matrix
# rows: 1024
# columns: 1
 (-1.3113214099391159,0.52026327035071573)
 (-1.1423670814494109,-0.57778622071725183)
 (-0.090563963017094407,0.67022316767500878)
 (-0.40231372597921405,-1.1596753455449695)
 (0.17144706211274396,-0.89479408273044769)
 (1.6230055301136761,0.82998806238365708)
 (-1.2450225007491227,0.45162674407363151)
 (-1.0976866317780383,0.67048442153388588)
 (-1.3030398607680991,-0.71487167188367584)
 (0.65930307986947367,-0.73305638597928913)
 (0.80245983663913456,0.72969707831595321)
 (-0.35457976100927091,-0.11187751675767643)
 (-0.37892683831750384,-0.76509261804561801)
 (-0.42851471401837038,0.87165152536857982)
 (0.69576529046167701,0.2400811936834604)
 (0.12470927948299661,-0.27800331993795635)
 (-0.95722393603657441,-0.38216833350156504)
 (-0.51522108681097389,0.099907469301302509)
 (0.51906152744942335,0.62905865517945114)
 (-0.89769784773576144,0.55333326805936045)
 (0.78893928431428806,1.0999044960630771)
 (0.34549237097836971,-0.67255094793125236)
 (0.45972738874697994,-0.74790756160463712)
 (0.54790455859886966,-1.0692827019543523)
 (0.35808761442445058,-0.68672462819063951)
 (0.22812887195646683,-0.5591185531878039)
 (1.1395736561874643,0.43263073346207648)
 (-0.42288402248662915,0.77836670921246942)
 (-0.066195367872371791,-1.0832173438825436)
 (1.1316720100710134,0.49524625473828771)
 (0.054241278928069736,-0.7677067649618794)
 (-0.70451014154928859,-0.26538553802765474)
 (-0.48576208917661678,0.75658954296585956)
 (-0.50272892362290045,1.0103414183906041)
 (0.50884067760442142,0.423714087983248)
 (0.029240228925578093,0.57796115773982681)
 (0.93805770208062422,0.5674342859271071)
 (0.71494272945865689,-0.68740617415485061)
 (0.78338630516660679,0.92760889587470152)
 (-1.2013486329236887,0.71581157522963945)
 (0.18982965830771348,1.5378069144813495)
 (1.1991082799651842,-0.1151989420207723)
 (1.184286092901992,-0.40142268430835049)
 (-0.30135021917026661,-0.65151503877708483)
 (0.68282488493465954,0.59332372247952569)
 (-0.34311751956447056,-0.38715813028727653)
 (-0.78779586517763778,-0.16560409520059516)
 (0.62321904120055271,-0.46057076608053488)
 (-1.1007262279699681,0.83455393885439377)
 (-0.53786826691689604,0.82968206185320159)
 (0.51391511288202296,0.72732594731436273)
 (-1.3070058677713654,-0.49148850428766244)
 (-0.28106053841929945,0.70829046844738386)
 (0.66713281316071238,0.20350728598874865)
 (-0.79560985436507725,0.77853393308843699)
 (-0.66490136672146816,0.66667297485420296)
 (-0.49133585718798339,-0.4845707080309945)
 (-0.05112638480016013,0.58332122784074691)
 (0.86446730508125347,0.95726862438280436)
 (-0.077618523481912671,1.0384939324220137)
 (0.38173815202704814,-0.096130458794367823)
 (-0.45774526156513312,1.0921193553263435)
 (0.46138398084867149,0.62346480699059814)
 (0.79110060196125109,0.7950497997071192)
 (0.9163793894298764,0.86101006359557752)
 (0.81824390944389969,0.8158157667794933)
 (-0.51072302997428198,-0.0048528981431015805)
 (0.070413137471800669,-0.78518995119461565)
 (0.35237913386262165,-0.8320229375513073)
 (-0.7612711030697985,0.71904201696051095)
 (0.70722531264194399,-0.48717290138760661)
 (0.44749058389086938,0.57416402358746632)
 (-0.042770715701972162,-0.096217392224278941)
 (0.19402434725226334,0.43531391088541072)
 (-0.29912942461570219,0.49508083066124525)
 (-0.69241144498227869,0.25030181200032064)
 (0.64291503855771404,1.5486935136490045)
 (-0.8687814562485221,-0.37799830393975592)
 (-1.0746602043888676,0.36023277740743498)
 (0.70482202595316623,0.91773641947262086)
 (-0.28467017023988239,-0.56081160434140043)
 (-0.83422920443349768,-0.66271368076325976)
 (0.6341429563783354,-0.47084446897297183)
 (-0.73037483651597146,0.090051210575246454)
 (-1.0920916241844185,0.99816774234160222)
 (-0.7459779691250582,0.67522413529416248)
 (0.30693737611011002,-0.34976288111779824)
 (0.87735937747731563,0.67029042069123612)
 (-0.49559465865186714,0.48989907991248061)
 (0.69493572077994203,-0.37661716382246396)
 (1.0428639039481411,0.75011252869533973)
 (-0.96496025871999636,0.81274047369555835)
 (-0.60767653866255777,0.80289320781928075)
 (-0.58510579114689865,0.75177413025010997)
 (0.3139809640820676,-0.95527080726507929)
 (-0.5954969304208505,0.43239642390677757)
 (0.9045472660615711,0.60149818577195757)
 (-0.35281442456366768,0.6708722772157687)
 (-0.99007066639657249,-0.17122054913514828)
 (-0.39577310910712082,-0.88754750027226748)
 (0.26769127682222937,0.53135513663343414)
 (0.10914636343284626,-0.48991768911613864)
 (-0.854185180289327,-0.78591455332695781)
 (-0.96976662990355211,-0.77347604793592639)
 (1.1180138412782972,-0.23003181685540841)
 (0.68592379010439464,-0.6764313023367452)
 (0.85741927316628652,0.52945791395693542)
 (-0.37762772958482116,-0.55510834565964662)
 (0.052887393074091849,-1.0349603087195651)
 (0.98069107008961853,0.61942242903943123)
 (0.92918017017188126,0.96611298854968075)
 (0.58549529282683088,-0.77886378081014862)
 (-0.32990594348291091,0.50401010458848983)
 (-0.78605253161476496,0.73247569362748333)
 (-0.013558033122984925,-0.28622046620749131)
 (0.89005763757552914,-0.17051993536809212)
 (0.52977479743806044,-0.95431561734767234)
 (0.42186037548085836,-0.27947840148803532)
 (0.49060150923957613,-0.35190388333199718)
 (-0.79704707440765843,-0.29979237148495674)
 (-0.61770959551138604,0.062741941774675736)
 (-0.46652948771098413,0.64932453168202453)
 (0.055748398231302176,0.68961561463714183)
 (0.70267610021716853,-0.80876526215476396)
 (0.69400930747494904,0.3624885003127486)
 (-0.7985686124714384,0.48709808275228994)
 (-0.42987097047686718,0.67924131536223598)
 (-1.3089839596745991,0.50020167484223177)
 (-0.89628414506284748,-0.43605651670419221)
 (-0.026137550150042765,-0.57866647581414532)
 (1.1133141101896875,0.47866215713648586)
 (0.90095016961689289,0.61693511988139305)
 (0.089411711629515556,0.38356870202203991)
 (-0.64670292241733152,-0.40938327161620536)
 (0.94241966434531788,-1.383227625294936)
 (0.27917193783236754,-0.90489612888648452)
 (0.0758178378452396,-1.0636111064544553)
 (-0.51634804562232661,0.13547050904268956)
 (0.62873558697833865,0.35481908202116758)
 (-0.92712850733273333,0.82668626393573619)
 (-0.96197613771361912,-0.79541717995427641)
 (0.55727809606439993,-0.62874671075118393)
 (-0.84713653833429148,0.087839079147958243)
 (-0.78258572581878483,0.60494955379208826)
 (1.3134250939735819,0.55271135439660701)
 (1.3219221310909399,0.31192873020193557)
 (-1.2538271750765468,0.17259436503376557)
 (0.78699410051313756,0.52405180781973093)
 (0.7838164396844689,0.22187218908403294)
 (-0.61456741684143146,-1.4948950054659649)
 (0.33470746312381189,1.0693907187059515)
 (0.48486988717371166,0.75859419313371323)
 (0.90836432574529358,0.31873766499530803)
 (0.13892968979141823,-0.80277292436212888)
 (1.2040242461632835,0.34385853294978891)
 (-0.55011723951840208,0.97118684212373785)
 (-0.18618161363350152,-0.52127980462541224)
 (-0.61597227147540234,0.19820572508739934)
 (0.63259291943283102,1.1884283382974541)
 (0.46143263136160229,-0.70606683804998804)
 (-0.83952584632592431,0.070764449378499628)
 (0.88368477427949788,0.22574595743056436)
 (0.77111120306263925,-0.45056650929192782)
 (-0.47165785565333729,1.0792125112852349)
 (-0.77458434776186991,-0.2158946733690294)
 (0.45697372717059498,0.53993862012979343)
 (-0.4467041366655371,0.55219754453917658)
 (0.70825391000059901,-0.57266611795771361)
 (-0.46366006442972241,0.68041877371157677)
 (-1.1987855633394648,-0.70669105313982372)
 (0.51042934314828126,-0.6207695034401669)
 (-0.27159461835629017,-0.46069996582912942)
 (-0.13481435790891549,0.30549647158447685)
 (0.57505601649718929,-0.38555931508172858)
 (-0.6518174058312115,0.73766411501175655)
 (-1.019640491336598,-1.0683585049473332)
 (-0.80291873936482161,-1.1052903748615128)
 (-0.14515887906423119,0.25567650422945354)
 (-0.88614854176705471,-0.30788430560754532)
 (0.12267727481383885,-0.31828177749794245)
