# Created by Octave 8.4.0, Thu Dec 11 09:47:21 2025 IST <gamana@Samsung>
# name: rician
# type: complex matrix
# rows: 1024
# columns: 1
 (-1.2887727906865267,-0.84286195030969358)
 (-0.59318470024613501,-1.2881612102218765)
 (-1.0497170118544679,-0.26720547186743854)
 (-0.26762659463483118,0.25061502193297014)
 (-0.57331811159528445,-0.65117498571781673)
 (1.4557965628137648,-0.89343827532328379)
 (0.40006191991997664,-0.77353419362983122)
 (-0.29279317182909959,-0.56373762859191212)
 (-0.457749370557264,-0.48808165520881025)
 (0.47103882813954667,1.1419326597713559)
 (0.88135260106624591,0.44008770985069245)
 (-0.54662451933581602,-0.64424239668807715)
 (0.66015933005343419,-0.42696562960020767)
 (0.48803940796350836,0.46310125553625764)
 (-0.21809554037404782,-0.98418136864888162)
 (0.058671680648612057,0.39609412409938394)
 (0.38415777508821253,-1.2847456478793298)
 (0.41292612493702452,-0.93037169871835046)
 (0.93415380632362366,0.62110917644971941)
 (-0.61848134475797634,-0.91696902698425642)
 (1.1259320404658175,-1.02731581947147)
 (-0.027532149833598328,-0.1232368744575966)
 (0.33916722167393759,1.2938932470152908)
 (-0.33463880003278129,-0.89349311746195292)
 (0.19346034064020468,0.033801166310018407)
 (-0.41603970588362482,0.48777281688668972)
 (-0.41040687533158121,-0.73649269124554828)
 (0.1817410854538713,0.11158795818811855)
 (0.10704893062232718,0.83152951861877389)
 (-0.21624727928496981,-0.12510182729912914)
 (-0.29358029417501669,-0.46458972088477896)
 (-0.81169367132739789,0.54236003364874619)
 (-0.71616329706279902,0.97038521537129896)
 (1.2152399645890712,0.1336984906270321)
 (0.30375669078228174,-0.6757858030874303)
 (-1.0364686761955888,-0.42327860274812673)
 (1.2045242483113208,0.87623625982963627)
 (-1.0771077969841816,1.2181587093776378)
 (0.41268443124369741,-0.44903174135559704)
 (0.24798992404261538,-0.49293851233248859)
 (0.22588256643197202,0.074917566615562189)
 (1.047957613319874,-0.58367985470995187)
 (-0.1998953619258606,0.41317111217019925)
 (0.79701876425699669,-0.51789733647749203)
 (0.57674368733079195,-0.46208897219896861)
 (0.91476089884326695,0.024633911214599125)
 (-0.74055691082396591,0.61577829726989652)
 (-0.19295088503292002,1.1453217438818031)
 (-1.198124452432715,0.81059828743593143)
 (0.2455983893712993,-0.85954226100432363)
 (0.30487575007207562,-0.092156002019642927)
 (0.58748147752142887,-0.91597676687659402)
 (0.52008958836211716,0.41826002690344161)
 (-0.70297722414404273,-0.94230508980662997)
 (-0.82743745324054896,1.1263401055098516)
 (-0.46852589559930197,-0.48128266517818014)
 (0.88477349012960493,-0.053872969019171324)
 (-0.025598676573651613,-0.68757364141101296)
 (-1.1550511639069285,0.39724950945045762)
 (-0.96501548860220754,0.63029552352637741)
 (-0.57295583605328315,0.72950604115887985)
 (0.7770427292305695,0.36332305353945071)
 (-0.35395643840754459,1.2818209016175171)
 (0.86129592202360516,0.39780554255852341)
 (-0.80946554275913296,-0.77667386761624402)
 (0.3529386304744932,-0.52314024653976721)
 (0.47625377661137591,0.88355086224195056)
 (-0.51490488730566142,-0.33325283829049374)
 (1.1948631329575685,0.87868061728933999)
 (0.22970174779449676,0.21283506947998337)
 (-0.59930975906734352,0.59961077315117883)
 (-0.098780299638511815,0.12170056882223601)
 (0.6417290407401206,1.3243218024231489)
 (-0.69593513422854514,0.51608888671259989)
 (1.2645435376138261,0.69601999055384589)
 (0.97384319943329456,0.92488097731550201)
 (-1.2027909050494865,0.61615858844131366)
 (1.0750610717793561,0.60502620952839126)
 (-0.6296935273038442,-1.3708815614377254)
 (1.122151597001382,-1.3830788508043199)
 (0.64871109379992342,-0.40915276472358469)
 (0.042706884404710321,0.75689878475450301)
 (-0.24347916138644932,-0.85636672210754505)
 (0.75265434143870813,0.51272870196077425)
 (0.13885225204958504,-0.50932481378430217)
 (0.67054727982179985,-0.79881949708275213)
 (-0.69588863480359842,-0.85038655840176935)
 (-0.91958509170276548,-0.52580342486055298)
 (1.100527752331756,0.50285188040416129)
 (0.81994762317160153,-0.31648712025125791)
 (-0.77670770900189912,0.69802778361158391)
 (-0.63078289916942176,-0.10426554576521307)
 (1.0362931325848725,0.52360871479034454)
 (0.83828210588380381,0.6748019844790375)
 (0.23676169345669412,-0.63945719459520078)
 (-0.76490405170326548,0.99076736587865533)
 (-0.87133957758106984,-0.71779259478906121)
 (0.98806599034384035,-1.0875627246327739)
 (0.55589447740910403,0.44925055068151398)
 (-0.88073436641254987,0.89116110446917818)
 (-0.73331153456464837,0.36069517487081409)
 (-0.84303253525187127,-0.2986356953149229)
 (-0.88839551956037865,-0.69410334924985395)
 (-0.53545215360706333,0.84409571495994085)
 (1.3136177157112707,0.55502306219952735)
 (-0.4794705377161067,-0.4805335612505075)
 (-0.79702642334085039,-0.73397289797182297)
 (0.86933581176946062,-0.70296412333802538)
 (-0.93726921775827798,0.67722543225542275)
 (0.33373690786093907,-0.57942175309486887)
 (-0.79298105954711118,1.2367591477244197)
 (0.53926632187317525,-0.59925637757288941)
 (0.41119698036268221,0.38712179113118855)
 (0.50047485234143307,-0.71442310070699233)
 (-1.155406005349751,-0.006721739732432952)
 (-0.39417457397101519,0.75624874896197825)
 (-0.44426381541949184,0.15760096555637909)
 (0.60506427716010047,0.53917552546350556)
 (-0.89512425289682118,0.9348584808687771)
 (0.44087736617887174,-0.82387707542252786)
 (-1.1380532924596947,0.67809034509235699)
 (-0.72415912025363172,-0.72453624947899109)
 (0.48689685534313532,0.23052205101202697)
 (-0.41969500000822435,0.27052855538125498)
 (0.63171835717610081,1.351065051790779)
 (0.8743773645686459,-0.48581281664768694)
 (0.24357902585611074,0.11589563120503783)
 (0.66476980983525435,0.43887027818489704)
 (-0.81794457688993394,-0.21284525614957495)
 (0.30475506190746843,1.1378426529363035)
 (-0.5692565686620763,-0.12521194792768364)
 (-0.33628559654419543,0.64979093164928814)
 (1.4026824424147448,0.13027209896380121)
 (-0.76807079296933845,-0.14616684166724597)
 (-0.68677603057188685,-0.39450693942666121)
 (0.31331846727163093,0.95575874653836412)
 (0.045126252698078434,0.41462812508962399)
 (0.75868929901626514,0.28902944225823013)
 (0.7219705086654804,-0.4816420727578441)
 (-0.56328994406568578,1.0103961018498773)
 (-0.75855138433974878,0.74599726305456449)
 (1.0807109175235592,0.50694291552324067)
 (-0.54819705125186147,0.43990417581400881)
 (-0.768240244036827,0.53782246469300432)
 (-0.6085028903711287,0.76073794346904311)
 (-0.93185904903263872,-0.048566673321679077)
 (0.5044464075381494,-1.0930772294882056)
 (-0.74100018946473012,-0.90531558058047568)
 (-0.42445441022147334,0.6399819848744126)
 (-0.60684418180065736,0.36098313048224828)
 (0.20915121812672791,0.57987033800839993)
 (0.12728028376314238,-0.87408678716183563)
 (0.57553498101495637,-0.2842848143082245)
 (-0.56758096407474601,0.040580979166573272)
 (-0.53098618080748927,-0.99498923350095703)
 (-0.77773360390245871,1.0943019127519436)
 (0.54607371882279732,-0.56328164353688748)
 (0.26245860100384732,-0.23442105452537024)
 (1.0828971261340294,0.79195923826578229)
 (-0.13706976207526234,0.094716858932956977)
 (0.50037362825948106,1.1670087403244898)
 (0.46201619052074039,0.66124495922157422)
 (-0.25561842615480945,1.589282333857061)
 (-0.81861907615691909,-0.57110977147375752)
 (-0.78293115157708892,-0.77921530245098536)
 (-0.16100908795857333,0.7424622581385758)
 (0.40658994181665886,-0.64619915644732562)
 (0.92664793591472716,-1.0656379097387969)
 (-0.95937732971443512,0.56299872862804634)
 (0.86254327568918732,0.015203484136241729)
 (-0.86811187468796125,-0.23310611466612136)
 (0.25549401720294607,0.95149934840800343)
 (1.0787065751863694,0.98979472453036899)
 (-1.019609600923796,-0.64325036251164824)
 (-1.4670097948359291,-0.40201660414059859)
 (-0.82283077206522293,-0.69016646435284745)
 (0.76424065030687749,0.48354895895006172)
 (-0.92373130625749489,0.86870126671334214)
 (0.096438460094090017,0.89229613281503184)
 (0.31695694515964401,0.77381738383746679)
