# Created by Octave 8.4.0, Thu Dec 11 09:47:21 2025 IST <gamana@Samsung>
# name: rician
# type: complex matrix
# rows: 1024
# columns: 1
 (0.67699646473905606,-0.45221960075766615)
 (0.73075852654305351,-0.42324430674936731)
 (-0.46037023263508603,-0.76686762620820725)
 (0.71033282456286151,0.074523564522954444)
 (0.35640147842127817,0.59225364268416369)
 (0.47290933319666839,0.98439906704189417)
 (0.85634891065265573,0.71646586782897759)
 (-0.31960572761881528,-0.9270368256664594)
 (-1.1424015210295961,0.88712883523193287)
 (-0.71082079176572599,0.55829909665640176)
 (0.24830081969676582,0.51697146031927477)
 (-1.3296320857819475,-0.42088224041231798)
 (-0.64322396069180798,0.73743998880123152)
 (1.0843670519868556,0.28869320893291167)
 (-0.54347284584897226,-0.45095924778792396)
 (-0.60369701086367444,-0.67818514541514519)
 (0.96211463595639457,-0.77222867106552417)
 (0.67595234069758958,0.11342151625436686)
 (-0.28667682560305419,0.40253858130079267)
 (-0.13075506353588923,0.94561758798142326)
 (0.089633029741562648,0.10520829787739636)
 (-0.12843904409968071,-0.12790043604124968)
 (0.96871055691767038,-0.2131666288489758)
 (-0.702170961719078,-0.69501252376650224)
 (0.50049935068863272,0.44686004353101499)
 (-0.049680560999290801,0.55167962066880749)
 (0.62498673843556507,0.30707580824043235)
 (-0.89943224480219408,0.12149947293459751)
 (-0.33177889141075562,-0.86027786600121825)
 (0.41701282447501076,-0.62737885426241535)
 (0.0085850630723739441,0.48497313983884971)
 (-0.78768659445816291,0.74785263548287728)
 (0.1542251648005582,-0.7865469138440937)
 (0.12591559956921411,-0.67052581404950717)
 (-0.58111557796948188,0.66822984730662149)
 (-0.59072849238038394,0.66293031671557379)
 (1.1254721205225435,-0.4622248496944632)
 (-0.96025775484327114,-0.28282788482781923)
 (0.51578247254117437,0.64199025313893232)
 (-0.025463833835847688,0.42327855949934357)
 (0.62928321616989402,-0.30698112046513981)
 (-0.82097206332973172,0.65954577028225381)
 (-0.77535641886099649,-0.6554838952433073)
 (0.49944324339792989,0.87899840363784687)
 (0.055147041962968373,-0.14995101830950447)
 (-0.50846313223895456,0.87042508252011253)
 (1.1215777557457616,0.7658120168244269)
 (1.0084470319831436,1.0372376921169684)
 (0.20298466973095586,-0.44749054972815039)
 (0.91107786680787917,-0.19016637328326697)
 (0.2930298838685465,-0.81920609447635351)
 (-0.59950256389783374,0.50768181775917576)
 (-1.3880810178688319,-0.33959568609118629)
 (0.47577221564241573,0.41340849915466032)
 (1.0299536785913879,-0.39578714032155327)
 (0.25975426773068888,-0.29343647684294383)
 (-0.695771873277375,-0.72630562360805362)
 (-0.82616493629967236,-1.0326971243180427)
 (0.71766251960924188,-0.42487210819703547)
 (-0.52585296809987914,0.28654042864385226)
 (-0.29460870007598672,0.53991399219504255)
 (0.62339212160669266,0.64335957104382002)
 (-1.0753653084537893,0.88531549734186854)
 (0.69492156495536161,0.99892507553421372)
 (-0.6987588574595418,-0.18866671347213143)
 (-1.0254553314365547,-0.9292957421567507)
 (0.81264427844555942,-0.74947934399841931)
 (-1.334805872789679,0.70878107845777283)
 (1.0326575530936171,0.48928225845915818)
 (-0.71717575978246151,1.1601541516317464)
 (-0.16906995295160795,0.62473539236177233)
 (0.32492271215101365,-0.70406062906825628)
 (0.2846488561679994,1.0392862125155136)
 (-0.26491640265418737,0.8856522452535579)
 (-0.99962982152070978,-0.84609271342002801)
 (-0.44421671345636199,-0.46207159715429308)
 (0.95005437196504228,-0.83747428013484382)
 (-0.58940494133301247,-0.83687832313630572)
 (0.57050916981425537,-0.37855943271968195)
 (0.97145707073187393,0.85251585172898525)
 (-0.62451503829605692,0.72801207287610481)
 (0.75554867342687959,-0.53447568304974757)
 (0.68642847952287778,0.77042042433212654)
 (0.85631616670374644,-0.85251688879385634)
 (-0.5415750765075702,1.1621743529474804)
 (-1.069203892094019,-0.36327839595432437)
 (0.66705989749398764,1.2021643202458443)
 (0.80258720746377454,-1.0494083445363402)
 (-0.56486179290921001,0.53179806231443172)
 (-0.80474380797519318,-0.16392293616470893)
 (0.23404399481012733,-0.58615381400700839)
 (-0.77399641123092722,0.32701203517777538)
 (0.063560055523051773,-0.66673616156560822)
 (-1.1409112699945352,1.0483455708963088)
 (-0.62925935412873868,0.78876268679344441)
 (0.60565285748406672,-0.99848477213704201)
 (0.64128719989008032,0.415720823877545)
 (-0.73122910989786416,0.66680061760474374)
 (0.67444873708956465,1.0156052021672437)
 (1.0845298111168715,0.095484297327549095)
 (0.18937093646044156,-1.0687223813691946)
 (-0.43251559091226865,-0.23792446626667185)
 (-0.70447749244669211,0.62431877536892721)
 (-0.28273669103496801,-0.89934111213394652)
 (0.51155756088990301,-0.14941052033935426)
 (0.36433394049313916,0.72836352621072531)
 (-0.93288765792885431,0.39543613208467449)
 (0.82625169627955131,-0.93877286426666962)
 (-1.4753555188548,0.2641483975661808)
 (-1.1093418230550691,-0.873235501273677)
 (0.29762222989594644,0.62833153960152799)
 (-0.69202806443040776,0.47286228512421147)
 (-0.59084014324651557,-0.026031656949024817)
 (0.17349619712850212,0.14449291061575531)
 (0.14691315190471532,-0.50222813371122488)
 (0.61930661512846008,0.52292706459813409)
 (0.73880765422787009,0.87003607815868378)
 (1.064186823471611,0.026927264970618925)
 (-0.6178195183404932,-0.34136950467175853)
 (0.15549818591094544,0.53414063427807745)
 (0.51207231934955166,0.52438605909145941)
 (-0.80951463929200862,-0.097358910445445201)
 (-1.0815364759180106,-0.47954228379710095)
 (-1.0776670707417535,0.3159236393605051)
 (-0.67571354165752839,0.91075736799785001)
 (0.17085882204310604,-1.0623540478680797)
 (-0.49206044181550368,0.97488808957568795)
 (-0.25050385923168217,-0.94008720623514774)
 (0.5728784764164303,-0.3325497335979577)
 (-1.3664420560992407,-0.63799247324961672)
 (-0.44003180990418683,0.54119103531821711)
 (-0.40585345733287381,-0.25980523406927103)
 (-0.91314509579942116,-0.78894838582509474)
 (-0.59677292594256692,1.0790755272337909)
 (-0.89101342668671324,0.87710166006178147)
 (0.46216941108508558,-0.58281583267820514)
 (-0.69975928143482202,0.62418076816549817)
 (0.14298171398783305,-0.25970281957260732)
 (0.73170271831122469,0.82003449861113065)
 (-1.2698947189686547,-0.60022058626478136)
 (0.12942051492539344,0.56227828537309477)
 (0.6743341773998246,-1.026756169037899)
 (-0.40901518694067135,1.1458577377194297)
 (-1.0506906506632909,-0.60060431406144588)
 (0.79876089826952623,-0.7127708058305553)
 (0.59270721399167503,-0.74479626475097749)
 (-0.23396084761331687,0.73164896564163673)
 (0.68588403282422716,0.43943035465266866)
 (-0.64257219422156719,0.87206012993118787)
 (0.2031791906011709,-0.63451052788393669)
 (-0.89686268580850981,0.48728002960425099)
 (-0.77659237987220842,-0.43820034752436843)
 (0.62075248164413055,-1.0358020640888126)
 (0.81911143619439264,0.24844002615127636)
 (-0.34763208482681129,-0.24353011863061869)
 (0.41725989238919148,0.43392478600802298)
 (0.48414701473702204,0.37934896264560469)
 (-0.74304455281620285,0.85988468261041362)
 (-0.084966324229955537,0.14874468681088832)
 (0.73103991595466766,0.64563237696838383)
 (0.86252389177180799,1.0833358303256155)
 (0.011797177043504904,-0.018130595307003183)
 (-0.72161626024481362,0.73099990684279559)
 (-0.34002448508393024,0.076221808225672844)
 (-0.56905794344494454,0.85538801980429269)
 (-0.49821898719460894,-0.37792061054077514)
 (-0.55564891877708056,0.058771271292944738)
 (0.2625614028974218,-1.0808584342479324)
 (0.42402639478325255,0.47666865518523538)
 (0.320184238528545,-0.96605292978273583)
 (-0.15544917703328809,0.028427928117283285)
 (-0.51678493656158864,-0.3768508678628878)
 (0.53422769834394757,-0.071739220279589039)
 (-0.83737284557903968,0.73975549879953828)
 (0.13678675657461742,0.29028389548850386)
 (-1.3993454527141522,-0.4856036595099375)
 (-0.80871093120639692,0.54387666347505226)
 (0.8000385214408785,0.54003032632578352)
 (-0.41798881298782076,-0.58684224484352543)
 (-0.89331473993979138,0.3862111382346905)
