# Created by Octave 8.4.0, Thu Dec 11 09:47:21 2025 IST <gamana@Samsung>
# name: awgn20
# type: complex matrix
# rows: 1024
# columns: 1
 (-0.83729964952125446,0.7332320223110812)
 (0.64238880797722908,0.83673857111767758)
 (-0.70123786910451869,0.83871166267387509)
 (0.79370661687007094,0.81513348484356818)
 (-0.6724814894929485,0.60673241726128602)
 (-0.74864560211404751,0.89328268274189815)
 (-0.58387059014211218,0.69995105232517629)
 (0.66697539004356943,-0.86331575364237223)
 (-0.81699435685590938,-0.78113143716601674)
 (-0.78627172040219695,0.51271243147104562)
 (-0.69803008186316007,0.7314744328691154)
 (0.68654479183283823,-0.75994254649462245)
 (0.65079584730646511,-0.67317657251323437)
 (-0.80675183486314095,-0.52375102355693959)
 (-0.79322972868299568,0.6693749861404974)
 (0.745200195560907,0.70477017590192115)
 (0.73064665027524334,0.75117415646678298)
 (0.7147225629382804,0.62913486688403231)
 (-0.66072245355507297,0.67691404274383626)
 (0.73473880733367769,0.64753736581993548)
 (-0.76669633718012253,0.80082726455529352)
 (-0.59997820382289579,0.72401424429024364)
 (0.56217374018982735,-0.60307242028769281)
 (-0.62351436040957531,0.7477014289013465)
 (0.56361906807036832,-0.65267877013932352)
 (-0.7695692120578892,0.70846858986173133)
 (-0.9154822932498482,0.81449951716240399)
 (-0.66966739968880273,-0.86506622315488524)
 (0.67318877464318827,0.6866203276994407)
 (0.69075052661261604,0.5884337120327604)
 (-0.6867617543009541,-0.64518125643114754)
 (-0.77330901541910957,-0.73178699897128163)
 (0.85034753743830949,0.71550050640618401)
 (-0.63186203915325745,-0.65718250088747865)
 (0.77772338972242383,0.74363742870736005)
 (0.68469667451405647,-0.8496484922387828)
 (0.71235764577020511,-0.66104378129343333)
 (-0.71006365860599396,-0.75863369217163601)
 (-0.74656684961998165,-0.67542230601430142)
 (0.74540486533580841,0.79893291392135446)
 (0.6193196856223615,-0.79905758031033203)
 (-0.6288448190730912,0.75702518113924466)
 (0.65802057969167194,0.86358272907548983)
 (-0.71966600684484905,0.71718344565311942)
 (-0.68899359580907815,0.75511628783961027)
 (0.73702830080291215,0.69306574677669053)
 (-0.73321338937489888,-0.72541684352675606)
 (0.70514618762915793,-0.55487089149198554)
 (-0.73794072502270336,-0.70345374805301852)
 (-0.82149182292249123,0.72184879986309203)
 (0.68861530038439822,0.59245567146942613)
 (-0.73447652988126966,0.68488803958640343)
 (0.76110537447885152,0.63095961237677312)
 (-0.87436729801961621,-0.64940310545614666)
 (0.78367139830945376,0.67462361629638656)
 (-0.717303729822656,-0.82979108468058094)
 (0.68748049966454239,0.73165429443222529)
 (0.72272940372863603,-0.75932154258624651)
 (0.63922609041637612,0.63845305222067072)
 (-0.80513046500294894,0.63123820048207779)
 (-0.68498367231165846,-0.69172722662456965)
 (0.56833197725266749,-0.64944356547702764)
 (-0.57368084186477164,-0.71529118928536961)
 (0.87403089473717754,-0.80770373302028631)
 (-0.64726930022343387,-0.73661958493174773)
 (0.80533378198244387,0.68919912989633225)
 (0.82639631576837358,0.78731504133770436)
 (0.62261338590383652,-0.51042172399745089)
 (0.70958011851774727,-0.69848723615320885)
 (0.76064396287581015,-0.6814837409196659)
 (0.72934617289813664,-0.72410159226161031)
 (0.69892555792431654,-0.74712743736349074)
 (-0.79890674707337217,-0.6259589736883644)
 (0.65215385862802433,0.79275979796056484)
 (0.7339334529946917,-0.65397071750098801)
 (0.69026088439457245,0.63319042746829224)
 (0.62292778346141242,-0.61675974903279718)
 (0.82899527978176113,-0.63012196560304956)
 (0.65003549148092121,0.65904066737592559)
 (-0.83251689274761831,-0.70540060956413797)
 (0.7353412936602618,-0.65239868826086866)
 (-0.65212260823815882,0.58455411730589324)
 (-0.6570897256688456,-0.58304100514286972)
 (-0.66907890874920495,0.55407725867116842)
 (-0.73825832494212573,-0.75784443428595116)
 (-0.65983014505784432,-0.80224062844083377)
 (0.8076101153784353,0.66201796344766828)
 (0.73258137100466392,-0.69068275916244726)
 (-0.66230385567658456,-0.8617951503767729)
 (0.69392866722027557,-0.73673401198832567)
 (0.83985764546570907,-0.63355055939025462)
 (0.80653151819034929,0.72623701344441116)
 (0.72143631404239594,-0.77294535194107472)
 (-0.78031422728288879,0.81805902974969813)
 (-0.82299087409117222,-0.72680503442316857)
 (-0.65793334724280383,0.74622091927727485)
 (-0.6084061087270618,0.71899594499499297)
 (0.73723732252868535,-0.71699347712507999)
 (-0.68384256308620728,-0.71190765416779245)
 (-0.73248303414183713,-0.7575236649527628)
 (-0.73036218979575351,-0.69544286423764212)
 (-0.56027952150290505,-0.77111419511932422)
 (0.7267489440372884,0.77079811434900092)
 (-0.61713991621589137,0.58376223003997163)
 (-0.72891937420855013,0.73999519085853183)
 (0.7203531155045384,0.63874665950320342)
 (0.63508018394623234,-0.81122369785476112)
 (-0.65839974924883782,0.80688825984556445)
 (-0.68054365335337907,0.63618774317323146)
 (-0.64164938834753271,0.59229631712460729)
 (-0.72327880970535707,-0.60949981982319545)
 (-0.70222206660153874,-0.5692773881586245)
 (-0.64659403576216667,-0.77400264391910034)
 (0.69629489331747763,0.69279854702911559)
 (0.71593971610040497,-0.71711892618396811)
 (0.69489117969674064,-0.69247107503745031)
 (0.75909661362285852,0.85298689924847448)
 (0.73141537046710359,0.5958065062497665)
 (-0.6807244000521987,-0.72101663276525219)
 (0.71852011768896284,0.58954936293242344)
 (-0.76598229472653423,0.7056538402093)
 (0.74687795406992707,-0.6466344626193834)
 (-0.69627524964897569,0.7870154627298801)
 (0.80189796623535492,0.69913779369886053)
 (-0.70405134720904672,-0.66812887779055197)
 (0.70226384537573527,0.63203704907287594)
 (-0.84019612613544059,0.89438409306650635)
 (0.79372079748787949,-0.73484173677813658)
 (0.7104711019799147,-0.71600953474167373)
 (0.73131991475702363,-0.6635573805608006)
 (-0.67310999397020177,-0.62145152928894953)
 (-0.63544821093692772,-0.79244735371511443)
 (-0.68457737502519911,0.71936664484738888)
 (-0.71540643228974032,-0.60432721057596317)
 (0.68167521246324669,-0.62541848131278566)
 (-0.74473169507083348,0.68362623153109536)
 (-0.67656842714719112,0.70569216993524897)
 (0.7844361586685441,-0.7124842963951763)
 (0.71810419597924102,-0.7454723486527477)
 (0.66005960782368767,0.78372387667771259)
 (0.73553595517498704,0.64612613068114533)
 (0.63656004600667948,0.76558198408147715)
 (0.70339075835771558,0.76836292288613928)
 (0.69633075103948061,0.73106425550553578)
 (0.61180588340582454,0.69599288210217247)
 (0.6780817799026434,0.68500538278291034)
 (0.71888088040519993,-0.77982596061500242)
 (-0.86121850602658845,-0.62194033002413396)
 (0.68942738507539203,-0.72203568085530179)
 (0.79446015873400733,-0.77598907525816418)
 (-0.67635207289775379,0.79953946026377309)
 (0.60180613519999948,0.68319086897229186)
 (0.72422090070470435,-0.76103334946765688)
 (0.72095227495829828,-0.75110588825775038)
 (-0.72235519007643545,-0.68920373470919094)
 (-0.75053180920606066,0.77874453606705685)
 (0.6112854318311155,-0.72096736814651696)
 (0.7573873602357919,0.72017610707854052)
 (0.60073952252213247,0.70640002430278681)
 (-0.70789165976681623,0.74681043335469921)
 (-0.63766004141623933,0.68081949622940119)
 (-0.56953237948128321,0.79405396469701794)
 (0.66452337948006868,-0.76093089048176243)
 (-0.73958821970011324,-0.68718547376300609)
 (-0.61813645394490546,-0.73030318755154433)
 (0.77574896844739505,-0.84827794205480012)
 (0.64353200705053737,0.67585535438734612)
 (-0.64909552527339087,-0.57564055406756709)
 (0.76917528213963093,0.70347735962782398)
 (0.63673835903010678,-0.76448874053863858)
 (0.77308931072993081,-0.73846878133715388)
 (0.6417692702705261,0.70176213205177262)
 (-0.71964380450209742,-0.75815646406780679)
 (0.84429844046379554,-0.74860198126306432)
 (0.75692198151711598,-0.67018620470234302)
 (0.66853099113904602,-0.64148371586270447)
 (0.66920763319039667,-0.70167456467476719)
 (-0.6222973927973845,0.75289931481235972)
 (-0.74023524181063016,0.62516052656471988)
