# Created by Octave 8.4.0, Thu Dec 11 09:47:21 2025 IST <gamana@Samsung>
# name: awgn20
# type: complex matrix
# rows: 1024
# columns: 1
 (-0.83265663020373248,0.59250151823519726)
 (0.68296866457294159,-0.69023018346965392)
 (0.74051384131527642,-0.67363720580794495)
 (0.7206264893756078,-0.77725256091987194)
 (-0.72688031571927358,0.68685358480879155)
 (-0.70794768284271803,0.67466080329326239)
 (-0.68200978469963902,-0.80854882775520154)
 (0.78331200493694053,0.7468077865943834)
 (-0.544043087788041,-0.67278907324879167)
 (0.65531715114826605,0.8404711365351073)
 (0.78887414657237798,-0.6558303872674095)
 (0.74125998369828605,-0.77097205855593343)
 (-0.64132317818633611,0.6610489722917271)
 (0.73753615119226168,0.86407716347523833)
 (0.69892784033151967,-0.74618672784569684)
 (-0.5908653568108635,0.63310474130881644)
 (-0.77225426108033857,0.73962931002988508)
 (0.71730832187641758,-0.77723471633424479)
 (-0.69117924899273508,-0.7509181345804522)
 (-0.72880411240485921,0.65731336410378294)
 (0.70003986795300965,-0.61761061398807915)
 (0.60374686888156048,-0.77795334551163653)
 (0.75946674971796868,0.74078019942185347)
 (0.6271271134760984,0.70075842623769213)
 (-0.67330679481095113,-0.79071084629123922)
 (0.7783559013025203,0.77261476188051448)
 (0.76448700794653801,0.68051929616079621)
 (0.71131636895484218,0.75403458030197956)
 (-0.69606313068055625,-0.62664175085351681)
 (-0.71465011659771926,-0.71284286190779611)
 (-0.67193288471477375,-0.70088595632235084)
 (-0.76648677655819919,-0.81477711701741184)
 (-0.62969568104053764,-0.90252588369089493)
 (-0.82464446045115447,0.68417318355995549)
 (0.66635765133695635,0.66909565358847867)
 (0.67054729837753346,0.74458265085820508)
 (0.65802404222995647,0.53282095358228332)
 (0.70769961212165156,-0.52344427015748407)
 (0.65673133269429551,0.70495488279075558)
 (0.74687386841961545,-0.56153813130880259)
 (-0.77744502951294414,0.67708220855126122)
 (0.6859915889754935,0.87218775248325453)
 (0.70869714504935022,-0.71289154488376449)
 (-0.67496399128705897,-0.73929436022955286)
 (0.61589860441775746,0.62552472515031998)
 (-0.69430420559474393,0.70206480881019862)
 (0.67889120328466568,-0.6789063109216138)
 (-0.8683187178025491,-0.63110721538523007)
 (-0.72319475277563416,-0.73766553477717067)
 (-0.74757017928760638,-0.68805788442655835)
 (0.84456360808986519,0.71012536743317634)
 (0.74622797219184722,-0.70184265714591876)
 (0.69242815430268834,-0.76148385305849686)
 (0.59854215020944523,0.7763779127420195)
 (0.64758217339558632,-0.79706456151950278)
 (-0.82621757595573997,-0.69549360327935572)
 (0.69863109509814902,0.78964789448570682)
 (-0.74523429098897687,0.66464684663974527)
 (-0.64394037217083455,-0.82800203785052529)
 (0.72628047238758175,0.71811419910641339)
 (0.69499217881220965,-0.65678449563271257)
 (-0.72490792541834392,-0.71396629888918839)
 (0.70153652159556901,-0.72455587712551051)
 (0.74475815833204351,0.70399175964638194)
 (-0.70997691627728621,0.74240546712181066)
 (0.67327206149945984,-0.60581577361475181)
 (-0.64637520815133764,0.70555395886840999)
 (-0.66586447766611323,0.66576701223519541)
 (-0.70528744574403746,-0.7309740629915138)
 (0.79407318557986006,0.71151785988394078)
 (0.7532890496058493,0.70647616420745418)
 (0.63486066705998057,0.68492276058997403)
 (0.6687446645091184,-0.64996546883194517)
 (-0.68312099887032918,-0.71274374825338449)
 (-0.81843139678664623,0.83045380858572015)
 (-0.74124389020306736,-0.67488535000007432)
 (-0.69961441770988786,0.65109923555952565)
 (0.69185550752519687,-0.82759696446867714)
 (0.60620711318641574,-0.80586520636006853)
 (-0.72082312556387185,-0.81361272086117453)
 (0.66961202811795006,-0.72886291706783224)
 (0.63381548861192261,0.73002541677501898)
 (-0.64695795887307195,0.69458112853589005)
 (0.75651924425062844,0.78540637623594167)
 (-0.69771318859794762,0.69721731245194196)
 (-0.80356559640704095,-0.77355303528205432)
 (0.69607228734029802,-0.77211437032119445)
 (-0.74227771321717329,-0.78159246422879258)
 (-0.68821332662480184,0.72819553815364602)
 (-0.77817265848110195,-0.64347123113136528)
 (-0.61394669535118407,-0.62086771177758815)
 (0.72050480215670809,-0.63590778985435414)
 (-0.4444363181694071,0.58369357846895664)
 (-0.65646544743079838,-0.79084634525027719)
 (0.75673978857115842,0.71815461867788977)
 (0.75796515752021343,0.62056264219545954)
 (0.79718583181545721,-0.7956117467572662)
 (0.78315721397351468,-0.60783672680877698)
 (0.76239187334109293,0.67739735759205344)
 (0.73740611515300225,0.8201150917519211)
 (-0.6909082875655872,-0.68811957737404039)
 (0.78027142155218754,0.68753939563049093)
 (-0.8515189633316198,0.7713158050810206)
 (0.72293667208114798,-0.75846107837870957)
 (-0.7262743610029041,-0.73323189878915718)
 (0.8179691948876322,0.68903152256958178)
 (-0.78746343476693048,-0.68319708028298343)
 (0.67382096598067409,-0.68732261159052965)
 (-0.69313580339324266,0.72832644436324956)
 (0.71809000883130747,0.74147442897833948)
 (-0.60048328458010114,0.74679919470221356)
 (0.58079872483650019,0.75643816150398613)
 (0.58938928484247821,0.8364530605264322)
 (0.84435409741006318,-0.68857348019088149)
 (0.80789732772663347,-0.68203905699029022)
 (-0.58596590401264026,-0.70468913943290201)
 (0.68526725215533735,0.71458391849315306)
 (0.65938159398137597,-0.74672071937779183)
 (-0.77250584256511956,-0.70478261258202601)
 (0.67249196482463147,-0.68045749327728478)
 (-0.65358271330750772,0.79903461944260967)
 (-0.60899769513042623,-0.67058055988931264)
 (0.75805294481211483,-0.74836495727639063)
 (-0.57037391893611888,0.73050488789881796)
 (0.6662334515421463,-0.77369103247660531)
 (-0.80081160808204011,0.77666578513267126)
 (-0.86671975076348118,0.8180123007771628)
 (-0.72156993541747594,-0.58156203728955636)
 (0.8288842294874379,0.65404752026990143)
 (-0.68779722732851323,0.68802668438060177)
 (0.65359507785771298,-0.67026077612465595)
 (-0.78787522922591635,0.65932346985406087)
 (-0.8065070856797476,-0.68322265698901363)
 (0.60201151974597944,0.77019555464722089)
 (-0.77260459712704643,0.59215564783375729)
 (0.71412821955800188,0.70812480677499479)
 (0.73333355154954649,0.70567149416260844)
 (0.632842876988577,-0.7371438045347497)
 (-0.66891668919834202,-0.76681928323344861)
 (-0.6917681867650548,-0.63614196145271917)
 (-0.74531670096193292,0.85060684288184585)
 (-0.61322606241447208,0.68313740135108469)
 (0.55087253238750689,-0.71632534488630173)
 (-0.74981945692803165,-0.66934394582257195)
 (0.72519766662326313,-0.82744852442343686)
 (0.64851103609163097,0.5934758927579683)
 (0.7088665020218573,-0.68053404160281306)
 (0.71461698267887286,0.73282013011724922)
 (0.74463305928969725,-0.62807411222164844)
 (-0.62764254451959178,0.76947449854881445)
 (-0.73373770931614046,-0.72447575326062319)
 (0.756040220622332,-0.78809445885193663)
 (0.69913835415525205,-0.69186433995178187)
 (0.7196776665860628,-0.71521619830749628)
 (0.64007866789250889,-0.83518448724198846)
 (-0.71526515064385565,-0.81150080294328686)
 (-0.57739817709598995,0.73844269825491071)
 (-0.64277775433297846,-0.79099504858415726)
 (0.75152000160562127,-0.74431601297011241)
 (0.66079531959845039,-0.64062591656418055)
 (-0.68100592933757875,0.69491613355276993)
 (0.65576664052024769,-0.79671970812480475)
 (-0.802710336951448,0.59029737295508622)
 (0.70913575640856896,0.59876464897413184)
 (0.6069397295731328,-0.72726249934385601)
 (-0.70282678022093581,0.6637766901652713)
 (0.61085336379243049,0.8618107276910314)
 (-0.60883610975739133,0.69531861316198817)
 (0.67692821491995903,0.51092189803457522)
 (0.70269127712817936,0.68094258502582783)
 (-0.60967475440112251,0.68562927817614239)
 (0.73695228409248703,0.68876860170970577)
 (0.68767486525905985,0.60793508855411238)
 (0.74537726635163082,0.66770372197805627)
 (-0.76195403613566692,0.68943866795248321)
 (-0.64652943225350745,0.90188839677715182)
 (-0.70871133213727688,0.69041440585984215)
 (-0.71809743742637633,0.61595181959359468)
 (0.75140673705026328,0.70222652968290078)
