# Created by Octave 8.4.0, Thu Dec 11 09:47:21 2025 IST <gamana@Samsung>
# name: awgn20
# type: complex matrix
# rows: 1024
# columns: 1
 (0.58965677350791679,0.68781236921287792)
 (0.71084599853660346,-0.70678307572336574)
 (0.71632386246302526,0.72754867129052347)
 (0.71864788429250626,0.62931619742347988)
 (-0.69398051868874455,-0.66568393724311781)
 (0.81352822296552219,0.69021212483368843)
 (-0.62719425432902609,0.67496724096111704)
 (-0.80370653387518864,-0.74433942825103372)
 (-0.61791937391278584,-0.69076463286657541)
 (0.65829195004600516,0.56886969916612251)
 (-0.68146117689679409,0.62367370473939165)
 (-0.6802687064378965,0.74259311895555224)
 (0.62115082821288459,0.72489545391331767)
 (0.63143437421967041,-0.75407813228536036)
 (0.78558201866191935,-0.75707194410894763)
 (-0.58169570313741792,-0.82621126512993504)
 (0.75724610232558109,-0.68211518614724642)
 (-0.75733977060594782,0.68979949149253106)
 (-0.68040593896450285,-0.69097508456767698)
 (0.6761639126544553,0.69827028726625862)
 (0.80228904676133228,0.75598753762708015)
 (-0.61033580443365776,-0.74872279700969369)
 (-0.74394762606935383,-0.82452265324424967)
 (-0.66490395016527459,0.72691326738643125)
 (-0.72893259342841721,0.74573129381120906)
 (-0.79148934415866279,0.65731782797553018)
 (0.74042703222264461,-0.75621051494666536)
 (0.56770643001699284,-0.69325876577883827)
 (-0.8008980861688253,-0.69081885330898318)
 (-0.70785445757142329,0.68228999660977352)
 (-0.61212850602983815,0.75933685017685826)
 (-0.72256822146857014,-0.6781050452968086)
 (0.80084891856116691,0.63072572868493304)
 (0.78733404244328686,-0.66856555437764176)
 (0.62457573469347338,0.71103284244471832)
 (0.73258305141787627,0.70162481252908104)
 (-0.63602387672832206,-0.74805707942410471)
 (-0.79278771415804083,0.60000634755578142)
 (0.67095643761738866,-0.60943656441927851)
 (-0.67549895245106506,0.79085931942145493)
 (0.68780261546954002,-0.78518588436390202)
 (0.60453865492645442,0.7196766278520107)
 (0.72294213206281588,0.75081941459693102)
 (0.76796626639710563,-0.75262960236913978)
 (0.66248511661659526,0.62915989615699086)
 (-0.68445816631645018,-0.76921306345500662)
 (-0.63581812257493142,0.7621203900638166)
 (0.74300551613090948,-0.78514703286335275)
 (0.78610628707459607,-0.56012056153539103)
 (0.71243027229893874,-0.81501199693100335)
 (-0.67935472065173008,0.6008296743525684)
 (-0.70444884387527795,0.80559613459917467)
 (0.74990871795908753,0.63999900849411051)
 (0.76342282901668679,0.77918036831799775)
 (-0.62403546140828725,-0.77975466222753897)
 (0.69764034574721556,0.65032834721606181)
 (-0.67381841559662814,0.66007636048762031)
 (-0.79561637491010673,0.61762578832294868)
 (-0.58165659925360336,0.6965904389289147)
 (-0.84379964684869613,0.73199067217467884)
 (-0.76491275815482029,-0.78054780776634869)
 (-0.74688744317938582,-0.63984998841241036)
 (-0.74302871696162165,0.64957496732729392)
 (-0.72178421652873137,0.70791771160455819)
 (-0.61684264141927936,0.89155568619228387)
 (0.67073761731734982,0.67303484891976029)
 (0.76183952666357024,0.73924576752073867)
 (-0.69517224413298284,0.79441740137825589)
 (-0.77156775285183699,-0.66246580268144373)
 (0.68180101180417263,-0.65546339509433071)
 (-0.57498500258629348,0.64087609324538852)
 (-0.59037116921571153,0.53406736270026345)
 (-0.82799569426946418,-0.69601619831306727)
 (-0.73757426545454585,0.71265787661307534)
 (-0.77951017239928366,-0.65354483133127872)
 (0.81757784149987456,-0.627626916639898)
 (-0.71752408355313246,0.69749845724550186)
 (-0.64471220393309547,0.60921953345557545)
 (0.85445152079157427,0.72521168024942417)
 (0.76006989482025822,0.70569139461215113)
 (-0.5641423263840184,0.7716319240488777)
 (-0.66910331317862304,0.66107770234369645)
 (-0.8347617043944765,0.73331799210143811)
 (0.62319692774185431,-0.73872813596102782)
 (-0.68807319015095081,0.6492676185755949)
 (-0.71009035135088605,0.79558522719856639)
 (0.7053327566489479,-0.70205280785386415)
 (-0.75690507802910723,-0.68474423740583501)
 (-0.67239741547252496,0.72251457811436148)
 (-0.75921751506886404,-0.84366245962632758)
 (-0.78555979122551456,-0.57071374605462133)
 (0.82330546117915782,-0.7013331989763496)
 (0.70398921073186538,-0.71179403982493161)
 (-0.69465213441322504,-0.76706314962919364)
 (0.75697690927643813,-0.72960160106353289)
 (0.75630207597520283,0.7749186003446904)
 (0.58132114928780831,-0.71125293032614068)
 (0.7634493749857918,-0.73602543575232937)
 (0.69034631418843306,-0.6913074931380746)
 (-0.71983483243948165,0.5150681897834104)
 (0.82651577891342831,-0.81150397005476127)
 (-0.71556422924133201,0.73139758002430122)
 (0.66083988384982972,-0.70477188134400071)
 (-0.77006525089776223,-0.73006310611243397)
 (0.61619653614296432,0.77956026187947991)
 (-0.6252517978170925,0.83400843178856399)
 (0.63421370411339539,0.58346113409167433)
 (-0.71303639040289113,0.61905580100916979)
 (0.78198063233948056,0.69809079230643578)
 (-0.77355132370362134,-0.66889782944506648)
 (0.58680486946699684,0.65588323005651183)
 (-0.73447189982045469,0.63216429568658872)
 (0.69621368193924671,-0.90404119885881162)
 (-0.62684906993232137,-0.61037493500205542)
 (0.68361277701332201,0.70935584953123187)
 (0.70864630092727565,-0.61158209553236409)
 (-0.78764604686433404,-0.79715428507761477)
 (-0.62103578569653306,0.74861544161409688)
 (0.71271264677480539,0.84671544514786812)
 (0.79156337273580146,-0.79667149093541334)
 (-0.59809480635187851,-0.70984782274196168)
 (0.72590897991478687,-0.82753142411710245)
 (0.65456013559536552,0.65268791769782342)
 (-0.67635197585620765,0.68564939418430348)
 (-0.76916265144323426,-0.70892030220529234)
 (-0.65163093055014709,-0.6616589392599066)
 (0.81702026694349961,0.6529124851320921)
 (-0.63649547700381104,-0.62104910555033443)
 (0.64568274754738741,-0.68908523177523617)
 (-0.64634881653683052,0.75947218698391494)
 (0.72154734414798338,-0.79428788603859268)
 (-0.84141796795784107,0.73164664287931902)
 (-0.86090991567851927,0.58586994003042303)
 (0.65292834584382065,-0.66321671621691314)
 (-0.79985804313691533,-0.75509488831024929)
 (0.64720452561825115,0.7481351194656316)
 (0.81386966001090177,-0.68416329848901547)
 (-0.67855558448084974,0.60957790668507572)
 (-0.91986697231295811,-0.68734709982167019)
 (-0.70867211179290956,-0.72434965421587738)
 (0.64019168740566612,0.75422480109279089)
 (0.69485536140291482,0.65761786855374338)
 (0.67261559324630249,0.73207400560429359)
 (-0.6450991670049806,-0.76175374378610206)
 (0.74686855263979512,0.81738316024537394)
 (-0.68512462666771723,-0.76441777509368847)
 (0.63698405523067714,-0.62589100111414175)
 (0.7073406330511679,0.74902262970445643)
 (-0.70004237096863409,-0.65887038482714055)
 (-0.71241195839150318,0.75214830983846725)
 (-0.61833582974272328,-0.7090697800764133)
 (-0.71661371348966563,0.87709540248962925)
 (0.61752915828942212,-0.65814462659113204)
 (0.66722299035767407,-0.72212769698101464)
 (-0.62350759398283506,-0.77533960437901672)
 (-0.82889660880290339,-0.66335412476939537)
 (-0.61452508709703901,-0.58375343416820269)
 (0.70325457386170798,-0.62654116531075565)
 (0.6705760264980789,0.6785998130067683)
 (-0.70851408658375414,0.79293480571509423)
 (0.770051979618122,-0.79427146745752841)
 (-0.70235426494529007,-0.72467963225968224)
 (0.7727269233787285,0.78924448386811297)
 (-0.72336285119291788,0.74511344003612767)
 (0.80759507915105944,0.75360247053587703)
 (-0.62636687062487661,-0.81900407034152989)
 (-0.74849590370805608,-0.71226008415043907)
 (0.61646479378463326,-0.66506878085318577)
 (0.79299178825151873,0.59958895317291583)
 (0.77556300855586968,0.6442859234112831)
 (0.63207271651232466,-0.69947512641888532)
 (0.72696135197479328,-0.72600634443135992)
 (-0.64112680229403518,-0.73098764785173287)
 (-0.75188304744876622,-0.65003209936230388)
 (0.71276816977101132,-0.70749616702200424)
 (0.63600088944696875,0.64932767634995758)
 (-0.69639553929075482,0.69748857872401171)
 (-0.77053792821542877,0.71073495739457981)
 (0.63250138766977992,0.79076755208578142)
