# Created by Octave 8.4.0, Thu Dec 11 09:47:21 2025 IST <gamana@Samsung>
# name: rician
# type: complex matrix
# rows: 1024
# columns: 1
 (-0.70387799545814334,-1.2723333458436756)
 (0.86396881397599268,0.72817360986702306)
 (-0.59147127044606818,0.50049697848541086)
 (-0.3007809338196098,0.20988253524355491)
 (0.66110553988872445,0.90014036738929071)
 (-0.5363654108275604,-0.67421059959216856)
 (0.96692182324765041,0.84955909522473716)
 (1.1360596741397115,0.14370789618272062)
 (-0.61402714089565968,0.32442462907830288)
 (-0.17340766550882356,0.20148668569036385)
 (0.35910090545788248,0.83667495616160892)
 (-0.72846117170368829,0.51269767267200483)
 (0.98470607592270776,0.2295916066212858)
 (-0.68037053910484202,0.24349613242188745)
 (0.38545276360649816,0.65644479289905733)
 (0.48191881533331205,-0.0064919646876118453)
 (1.0149541220591283,0.77738095515131556)
 (-0.65163423165376644,-0.45718232413180365)
 (0.45807240820623801,0.86284640123554213)
 (0.0054756660055161333,0.47324600116390042)
 (0.61442987319956577,-0.66811507967875416)
 (0.31713202208855895,-0.64021691989006935)
 (0.52106317896482202,-0.59790174803429508)
 (0.70451756566849244,-0.94901318087870912)
 (-0.77090870189938476,-0.36736223052815503)
 (0.42993343808820261,-0.67169890051323666)
 (0.29283453087696049,0.40420832122972866)
 (-0.78468097472748055,-0.58469294390884818)
 (-0.66321849397640908,0.6650910733239378)
 (-0.23616471600988459,0.63026491461760226)
 (0.534654792128608,0.31354307708207696)
 (0.52920986788603308,0.5287272962423708)
 (-0.53326990674938357,1.166833835020072)
 (-0.95221105561089936,-0.71607804843676237)
 (-0.33384585807729644,-0.31876098438366313)
 (-0.32490683071778187,-0.41402525889372838)
 (0.81412360075436108,-0.19913190283308718)
 (-0.23510578648099861,-0.65154614725690174)
 (-0.24026612515410894,0.20181744410569891)
 (-0.77928361978395466,0.44461169218663332)
 (0.39129188803319609,1.0463646629954106)
 (-0.612676194996985,1.1018537920434972)
 (-0.26520298453037316,0.64156296050126149)
 (0.096046096223063704,1.0516220630736597)
 (-0.37597652420118288,0.86284437972627803)
 (-0.34271153261552328,-0.27604748473627344)
 (0.77308348430129481,0.97807549611469291)
 (-0.28177237990811432,0.79454655213935477)
 (0.021565825409163741,1.3135497347407621)
 (-1.0487742432968834,0.34470501958621996)
 (-0.57796216663722533,-0.90396293730122668)
 (1.1115440323011241,-1.1729611944261864)
 (-0.31417138924023974,-0.68954332348168768)
 (0.88626697175833213,0.92282309278633112)
 (-0.41843321478944517,-1.1537175520854663)
 (-0.90701599402979149,-0.67630213331589561)
 (-0.058341853358457596,-0.79818422966376379)
 (0.054884298398817449,0.47444819799060622)
 (0.53236013210271849,-0.82652571754503623)
 (0.95974619886675039,0.28947240755343634)
 (0.39259424524087277,-0.51367250219774452)
 (0.29918526375581855,-0.47758993679659034)
 (-0.78263542458755375,0.59041303442298587)
 (0.55188486745738463,0.68638502107001176)
 (0.42819499487247958,0.5524480497008577)
 (1.0913165029081107,0.77428398562467604)
 (0.62444873048726057,-0.78319811700941266)
 (0.77751248765725411,-0.17715945648625653)
 (0.89129202316937617,0.20869659774527566)
 (-1.4681515208861025,-1.3116185484759626)
 (1.0425982833973306,-0.65592879899136891)
 (-0.13403104251321551,0.64123501475099987)
 (0.37572816792232522,-0.95713829435600029)
 (0.10298871747935029,-0.61849318282546961)
 (0.90923930550069831,-0.53199436346080609)
 (0.78914146313132549,0.75941129594233792)
 (-0.60756112881399904,0.57719261144549727)
 (0.50482233407469435,0.36637369292205013)
 (0.8017484668661351,0.38705718582786119)
 (-1.1541457702746547,-0.67922572223686695)
 (0.63561540110797221,-0.14453490621084783)
 (0.62192414341937974,-0.65084017044189368)
 (0.41825955066548159,-0.60669260570409311)
 (0.4102857873613352,-0.28028515195337284)
 (0.048249058125011846,-0.93346892981196028)
 (-0.45374661038504938,0.81846481592482934)
 (0.54363941885139888,-0.62718138824257763)
 (0.0015757394285723092,0.58299018515093026)
 (-0.64087452898924702,1.2728522216655367)
 (-0.94581345924511961,0.57337576724161521)
 (-0.82635425255368467,0.76575517287281758)
 (-0.39892250974858706,-0.17286426530787019)
 (-0.44941319122368911,0.75840529554502756)
 (1.1026227584211039,0.94223063817149733)
 (-0.67529169141170398,-0.45829456432408611)
 (0.55378587665165768,-0.6979368395222536)
 (0.95111330579022013,-0.39949170549897545)
 (-0.52853046063158127,-0.89246545102924824)
 (-0.89495001029693755,-0.59211736402437942)
 (0.49341450461489711,-0.92057332538281711)
 (0.080166044873172235,-0.20497286252043206)
 (0.85815930300178134,-1.497791595531569)
 (0.73277970192613062,1.1178688655372282)
 (-0.68764922043145482,0.58795404284224539)
 (1.0190599435532843,-0.75956487131155148)
 (1.3922787186665815,0.86717896420987817)
 (-1.1377385174703709,0.79575484455446654)
 (0.77024879435323512,-0.96043482809208969)
 (-0.47847588674214936,-0.75541869621972835)
 (1.0522204340876764,1.3352936375595748)
 (0.75983856927198523,0.95672888444946114)
 (-0.80907088261677018,0.77009261606365265)
 (-0.5117193968244802,0.45540270856608994)
 (-0.59681328181388216,-1.3060089010090232)
 (-1.0740201304245405,0.81863222430769744)
 (-0.37437130513239225,-1.1987938453046378)
 (-0.4182603082417512,0.27504513470958414)
 (-0.82414475761714112,-0.82775511763529142)
 (-0.05190031324673211,0.27911720598247913)
 (-1.1798223992224797,-0.2839180315602447)
 (-0.77019622504426355,0.78535225823404708)
 (-0.53658482589588852,0.30987789894312101)
 (0.35340230035591197,-0.95426610627501174)
 (-1.2557715989406701,0.90402908887797773)
 (-0.67979370927587157,-1.0053159462988583)
 (-0.43960272333562866,0.79380430301757088)
 (-0.69328888536280375,0.37845724994275265)
 (0.67913304169906197,0.79829400332219169)
 (0.65409166971935084,0.088545992290329056)
 (-1.0449831721758567,0.22424319209961613)
 (0.46866330100159354,0.49600425086697258)
 (-0.17083381370474027,0.042583827455514187)
 (0.7338817050819515,0.37295529768420294)
 (-0.59968823519308734,0.68209607440837161)
 (-1.0100211590860457,-0.35932188232046325)
 (-0.56810581253899461,-0.39059457266062214)
 (-0.55262928403850931,0.82666996244884372)
 (-0.29235239432073723,0.46012883758468903)
 (0.36633835080248911,-0.02432761838952438)
 (-1.1162401652111367,0.7804784733585155)
 (-0.92606559204147065,1.411611915875153)
 (0.58758418545621682,-0.58249164501260731)
 (0.70082849407367775,0.68389743343538179)
 (-0.68665930617693338,0.47071684885913367)
 (-1.0339132849519059,-0.32037871735948964)
 (0.53165625524168725,-0.20824144332817338)
 (1.1533764700539868,-0.34691032041414388)
 (0.57035690348455026,-0.51537096784331971)
 (0.24728368793011951,-0.61705745496448161)
 (1.1768528584475955,0.97933349891301102)
 (-0.45844677026404246,1.5017569983610517)
 (-0.28931934713313007,1.0775583472715415)
 (-0.82393975461728231,0.54759753811057876)
 (-0.66185318290764994,0.33914538409760325)
 (-0.64798856675202454,0.61413054939335632)
 (-0.12519503479454153,0.51143618843365368)
 (-0.74097338754516939,0.70611233274531293)
 (1.0515845467299647,0.39487412055559257)
 (1.1600715556732566,0.31529628135607746)
 (-0.61481769980925716,0.60637556663424341)
 (-0.50204661467032796,0.95095013934697681)
 (-0.68579316844492821,-0.70931460796320767)
 (-1.2014449657468957,-0.51651098505301263)
 (0.39288757599093482,-0.70557820025627038)
 (-1.077486921712745,0.98103137666663154)
 (0.43355755966973514,0.91627984213797653)
 (-0.4412853174392406,0.70379160776042604)
 (1.5824353865636405,-0.4688984606881208)
 (-0.56204248421861813,0.5438964856160281)
 (0.9588992914456469,-0.39394470753020733)
 (-0.1021206414874451,-0.79983460927080885)
 (-1.0844310033613564,0.79223943712772582)
 (-1.2207855171804272,1.4408921469556248)
 (-0.71105125235325284,0.85952010795404843)
 (1.1500691767028954,-0.52574245073369341)
 (-0.95498806957248961,0.78871859204627615)
 (-0.372009393145663,-1.064088695562512)
 (-0.78704794228905384,-0.53878051126124216)
 (0.44424924561894241,-0.80335281376008072)
 (-1.8677378395138629,-0.43694173590606489)
