# Created by Octave 8.4.0, Thu Dec 11 09:47:21 2025 IST <gamana@Samsung>
# name: rician
# type: complex matrix
# rows: 1024
# columns: 1
 (-0.36205594991853418,0.26043745796364248)
 (-0.6150672475105482,-0.57409333842972077)
 (0.73034644469275145,-0.13360571616649736)
 (0.40874688943231763,-0.42588528904111111)
 (-0.55806900164358808,-0.78933153550528923)
 (0.85864030626751231,-0.4917845531566063)
 (0.85415747705494083,0.92437070904774588)
 (1.1533213334029875,-0.49870335845745262)
 (1.1830717035241263,-1.0113322957720572)
 (0.80289141396595953,0.9731607123035162)
 (0.56691713535206367,0.2405568202751065)
 (-0.94951089988406356,-0.66464500619472866)
 (-0.62342706037437945,-0.12357958740360703)
 (0.29317915145109597,0.47138180863102985)
 (-1.1564891862079378,0.58555124745697396)
 (-0.73832921560031339,0.8858008020456607)
 (1.0137248253581799,-0.051421479002613735)
 (-0.25096273731319263,-0.43128713726133161)
 (-1.0042899117160515,0.55923758406498369)
 (-0.68804020389027232,0.5412505159945834)
 (-1.0618110978165554,0.84441197113162192)
 (-0.67204069475337758,-0.45143328759807411)
 (-0.44192140867958279,-1.0890221173396137)
 (0.74233258146696623,0.70179425609660384)
 (0.5063139620610202,0.22707602797285936)
 (0.51127988661595913,-0.79331801245559874)
 (-1.0397939851619282,0.14090148433523475)
 (0.58818436511602612,-0.53706020227651252)
 (-0.53764027753801635,0.8974382135065827)
 (0.39470530691882466,-0.90474818955139069)
 (0.85553446853176751,0.80641075257724937)
 (-1.1485298453047408,-0.52141126240092417)
 (-0.34135293250657928,-0.38192020925428538)
 (-1.072873429653201,0.9354820644813735)
 (1.0371335175972893,0.60646160378669345)
 (0.73443539892468157,-0.8843448348202575)
 (-1.3631758058172894,0.5284488613945828)
 (0.46014107790371028,0.37776773270025477)
 (-0.85231986352222999,0.7796995713123831)
 (1.1400876207416013,-0.76995610240814649)
 (-0.50942427426085513,-0.25304842916604842)
 (-1.2346580723114413,-0.33052559959016925)
 (-0.51377297050427673,0.43673208507060057)
 (-0.66601590994995474,0.82300861591333008)
 (-0.95266667162705454,-0.50132144909749188)
 (-0.92267241138582123,0.86661659319506834)
 (0.67023796053856244,-0.28013136982710052)
 (-0.13037657065583413,-0.49432103695538604)
 (-0.63951991989529988,-0.8267851608685215)
 (0.90423981773852979,-1.0658425109598102)
 (0.18369466952250063,0.32714599801331351)
 (-0.4336134408831393,0.88881586248665179)
 (-0.23657424611237043,-0.84970063426498699)
 (-0.4165818571770149,0.58629456071824515)
 (0.28587066151720997,-0.74263376342720155)
 (0.84823949328330728,-0.47618311658001983)
 (-0.50826327645453451,1.1262125141956476)
 (0.88913416023937408,0.5945405633247649)
 (-0.22561205472882423,0.66044131521198435)
 (0.79297106702930131,-0.075950592105997194)
 (-0.21320759104074671,0.42118895676110746)
 (0.87459816186985773,-1.1380911347321816)
 (-0.11737233150602763,0.40275126969652852)
 (-1.2734961578803048,-0.72512542686621262)
 (0.49076923801341255,0.31999752729423503)
 (-0.81334585992091435,-1.0260467645106417)
 (0.51045062009320008,-0.78899758906625228)
 (0.80164993503681881,0.80441483908593925)
 (-0.69646259945571842,-0.38151285281110237)
 (-0.25901708835810366,1.0464785982888216)
 (0.68552627517077624,-0.095125644602642723)
 (-0.62709679039986965,-1.3403668826854003)
 (1.1053575567831797,-0.31639469879830784)
 (-0.10162227119079315,-0.70458729118278585)
 (-0.25131343260071376,-0.96381238073648889)
 (0.96172939599089791,-0.48885200839297321)
 (-0.39042739889424105,0.92538475730644709)
 (0.16749355279413092,0.72444391681000631)
 (-0.82475395430317167,0.77653097926585968)
 (-0.84118750746815285,-0.44988330739285665)
 (0.44453330125900747,0.81193589466895866)
 (-0.28691740383437603,-0.39022052115329509)
 (0.57292775846687194,0.56692852058386833)
 (0.56820796116117434,0.54183445345090608)
 (0.4703473163092845,0.1994766015629548)
 (-0.85869556600745922,0.80617214454443198)
 (-0.34431730206303196,-0.26847162850172385)
 (-1.0412133325958299,-0.49719777659048486)
 (0.62556889603916321,0.51086569958070571)
 (0.77203944733780749,-0.43025189092378413)
 (1.1920505800460615,-0.81518790733630964)
 (0.53357313470170742,0.93035879464328852)
 (-0.2622879637080911,-0.56010057779378353)
 (-0.76458138849971347,0.42928016710311301)
 (1.1901936463427736,-1.1014553790128077)
 (0.75412874258648843,1.0573920209057743)
 (-0.23687590717663126,-0.7323086145067037)
 (0.39732018456424001,0.8526239691097155)
 (0.45081137658545334,-0.14596962957170723)
 (0.4069819190932002,1.0333628950602334)
 (1.2703373215713061,0.87002994384446941)
 (-0.067946413954979301,0.46479260671959782)
 (1.289778991263034,0.73518857385512382)
 (-0.32332693443372773,0.66858407939997078)
 (0.96903775901467482,-1.2218476948984258)
 (-1.6305242754397649,-0.95862007166741336)
 (0.23050565354153396,0.61211766403548962)
 (0.18031675162950694,0.87484966131512265)
 (0.5124747399842815,0.59701920332210667)
 (-0.011796001424409619,1.0080884088310393)
 (-0.33642297108187408,0.32753482431611164)
 (-0.042749131362485593,-0.60352281902284166)
 (1.1689703622092522,0.79016770986656726)
 (-0.50436242525521024,-0.44019592236617028)
 (-0.65559107162405972,-0.68415370701113465)
 (-1.1101967320301263,-1.4812768511274015)
 (0.027155319540591444,0.3257931178088691)
 (0.18745525632745308,-0.5563106729940861)
 (0.20410716005939566,-0.92625939700299453)
 (0.96942590337593693,-0.95588412681785262)
 (-0.62711068307370887,1.3482300806884728)
 (-1.2300894283031432,-0.82234440396960429)
 (-0.43778429306393135,-0.80821417896076553)
 (-0.47193992623669212,0.62069998912564106)
 (-0.63306211515686672,-0.77709445864324311)
 (-0.77559882446847561,-0.95658844757204597)
 (0.6144550223794869,1.3159298057743563)
 (-0.52114739256204401,0.3519309220479917)
 (-0.0060858610574238137,1.2154026131542741)
 (0.94015372245159567,0.26082292003454494)
 (0.3892203090022785,0.26391810324112935)
 (0.22125826879947444,-0.12226979093406012)
 (0.83372241059415209,-0.52192337277080014)
 (-0.64030800852907144,-0.41525868053618031)
 (-1.0813446923295833,0.64394728701551385)
 (-0.50325295204536824,0.18139985416699386)
 (-0.5069982913361194,0.62127611367202007)
 (-1.1303518138732684,-0.59575548279223611)
 (-0.77487530873677013,-1.1195538374694107)
 (-0.26092437176309446,-0.31103462536030957)
 (0.73004157867086072,1.0850643495570622)
 (-0.64704726719101036,0.58879747263997895)
 (-0.84711599842706942,0.94584593210356849)
 (-0.20869022714743987,-0.38864318144870824)
 (-1.0372857959962409,1.0103449805161502)
 (-0.75114894950940059,-0.94761526981541722)
 (-1.2763365526386128,-1.1711935838081566)
 (-0.33721865590496303,0.14018818467137928)
 (0.57385423411101932,0.46954549005813101)
 (0.50921773504205647,1.0697545187433977)
 (-0.16473892392816919,-0.49716243164951929)
 (-0.44052683633554612,0.61420951396526524)
 (0.38421752317188046,-0.55019074472259588)
 (-0.69810321095041583,0.40960493076470372)
 (0.46220370246748466,0.48088258809474138)
 (1.2956569281012373,0.77143764083195998)
 (1.3206339088350707,-0.45243809486499281)
 (0.70552364684124358,-0.77657296464476899)
 (0.077442189444867471,-0.92570894444644691)
 (0.1143483178212848,-1.0255506920320507)
 (0.32559358592823778,-0.52734943348793339)
 (0.23872920193847463,-0.93758829547505629)
 (-1.3756141399742419,-0.20727081150104132)
 (-0.036838555867656053,1.0706999443935201)
 (0.42419993763309016,-0.88468261331249132)
 (-0.40473817184356986,0.9457301168404264)
 (0.0023706074656988374,-1.1224414275083481)
 (-0.41826741806786583,-1.1154832753864423)
 (0.14034036953053949,0.48136678160772783)
 (0.98429663689104485,1.1623788540175104)
 (0.97111671953733758,0.75436781612367221)
 (0.75447840742793526,-0.4178458952095373)
 (0.89207633963340749,-0.65001421289843386)
 (0.18540240166875555,0.2740878269112485)
 (0.70082827633187139,-0.071496290266509055)
 (0.50305873848490346,-0.33778553844453119)
 (-0.61152099067808596,-0.92606881718547862)
 (0.60147566368448779,0.57156909129901989)
 (0.50540168408804109,-0.18301011500212808)
 (-1.1475856342193507,-0.8616158167321003)
