# Created by Octave 8.4.0, Thu Dec 11 09:47:21 2025 IST <gamana@Samsung>
# name: rician
# type: complex matrix
# rows: 1024
# columns: 1
 (-0.46126943460176528,0.15521568650699877)
 (0.65085389276540928,0.75029341847277076)
 (0.51458626707736554,0.91145072104975511)
 (1.1767382576428587,0.85331845759555869)
 (-0.48051290381000339,1.4456681677194803)
 (-0.37321195625506126,1.0483889669631705)
 (-0.46111232292499171,0.79051763552996601)
 (0.82879317107782535,-0.79249192934594026)
 (-0.7891105056991885,-0.68657559942681501)
 (-1.1738043876112005,0.46871581899954784)
 (-0.58374320673237712,0.51242910955480836)
 (0.35147714284661546,-0.75644756656161061)
 (0.60820619738573967,-0.30444925145256019)
 (-0.88223965528177972,-0.42865773181852673)
 (-1.4280238383075055,0.69495120874212657)
 (0.6795402673394122,0.45394183678252936)
 (0.60628795246169376,0.52301964840483439)
 (1.0350613165383613,0.40531665508719089)
 (-0.43616996764381427,0.61152889047326475)
 (1.1500170576985598,0.15198684988629918)
 (-0.78733066469657798,0.48360680383260368)
 (-1.3703118845635891,0.33716513923081459)
 (0.72585256053076852,-0.12320404909636307)
 (-0.62325399769636969,0.67697806040317621)
 (0.020589349149742503,-0.38091407209105699)
 (-0.94510375353633758,1.119936722844441)
 (-0.23042737857870199,0.8926952624215555)
 (-0.4566108622644568,0.2029242852378049)
 (0.39407302526981625,0.64895281856628617)
 (0.45057097849367311,0.861213017315551)
 (-0.60560555526803728,-0.5245051633021971)
 (-1.2272497351868994,-0.60872300753549613)
 (0.077378168633522745,0.066814051384701909)
 (-0.38696605701262254,-0.82646410675930349)
 (0.76048755360575626,0.50189773619064493)
 (1.0119584238901473,-0.52787434133273237)
 (0.4043587059485827,-0.5416093405790291)
 (-0.46901267224039933,-0.2907411511954795)
 (-0.95339295916607292,-0.23306859813708469)
 (1.1129683850866936,1.1794981288016992)
 (0.1130457279285752,-1.0988124074493266)
 (-1.0335457231147904,-0.086500440310994464)
 (0.53593923604766203,0.30105453223165263)
 (-0.44699907347735501,0.75489840366114769)
 (-0.63365689121191904,0.89351275375764161)
 (1.2181202903378876,0.37825605624293313)
 (-0.48197407602887887,0.083869029114207683)
 (1.1606867678993118,-0.42876950302905414)
 (-0.70766287802584638,-0.71409006020047283)
 (-0.88801454932309654,0.67020402642338717)
 (0.53727231216363147,0.96334893504066599)
 (-0.088883590757813102,0.90318913126190603)
 (-0.22205906521064248,0.37381152534670459)
 (-0.8741064081518215,0.0053647144333127672)
 (0.4863962934220909,0.7212938312319721)
 (-0.65835696723580583,-1.0210270379795625)
 (0.69559142049735789,0.31558361705137306)
 (0.79862301546474113,-0.66501985276169395)
 (-0.31789962737288335,0.78749748129986297)
 (-0.96453961025829005,0.4030745317496861)
 (-1.159028218556361,-0.60892797712601565)
 (0.53977253250870993,-0.72331436799768967)
 (-0.7547901214896483,-0.92772137441319857)
 (1.1304708097716056,-0.59157806550468628)
 (-0.21854013732846261,-0.89361794605178146)
 (0.52911881140267369,0.28832083220440152)
 (1.033338696767018,0.49548473426321632)
 (1.1243293996484514,-0.70811348516560968)
 (0.66704567621077371,-0.92681648573750586)
 (0.64084347686144716,-0.095666763930372656)
 (0.67397100135171606,-0.94255372876588173)
 (1.191242104794733,-1.0293651911130881)
 (-0.36835786158827405,-0.31915490748935821)
 (0.68190690413548427,0.87799241847935028)
 (0.28372055766698018,-0.14642304606159201)
 (0.9259901088228073,0.86120610559430721)
 (0.45222802133731677,-0.36806592579116326)
 (0.49178259723967754,-0.86123522757404369)
 (0.72381914585964724,0.48008262010260672)
 (-0.14490547176795154,-0.12827091695710263)
 (1.419035985974,0.18761378023830355)
 (-0.3109480938805767,1.1005998275971893)
 (-0.20695594084250465,-0.67211100051631467)
 (-0.073288506156922922,-0.068242990064633302)
 (-0.44980937606294025,-0.91964582456054034)
 (-0.19583159862265764,-1.2251278216733432)
 (0.3445292675511592,0.55490119666549298)
 (1.1770401413094249,-0.70660985878969218)
 (-0.93358981247286688,-0.47534961280224508)
 (1.1915641013774159,-0.25290930438177045)
 (1.9182132399051537,-0.32214060084193952)
 (1.0588647789304186,0.6442694020167532)
 (0.37299510373761868,-0.55873424178660269)
 (-1.7350226882722146,1.1283147353254361)
 (-0.87496487162323799,-0.33132259107053164)
 (-0.07135309919805477,-0.037388224470798329)
 (-0.06812148928356275,0.22826229916238805)
 (0.82018808894324846,-0.35888747415888028)
 (-1.085123121592195,-0.34610494887271281)
 (-0.59431386924828056,-0.87959895962731949)
 (-0.95341431587271053,-0.49500405416431514)
 (-0.70476610827069197,-0.58055873870934849)
 (1.1671302121037006,0.40227183851451886)
 (-0.82381448840562554,0.28871014189200106)
 (-1.2067118265300567,0.81537695998137227)
 (0.88745723975044077,0.93067589547488239)
 (0.38335918071386943,-0.18780679214931173)
 (-0.79850579850531056,0.49598635477381919)
 (-0.90528289160737641,0.7602628739292453)
 (-1.0430325324757797,0.45571727545155982)
 (-0.34721145214509552,-0.38486993360455479)
 (-0.36662604490752171,-0.41509943760573587)
 (-0.47932068761779678,-0.094725819914266624)
 (0.094872853391137366,0.30342364709886405)
 (0.54435897090824481,-0.64489647277065165)
 (0.86669081155552674,-0.54485270601537383)
 (0.55248773334414769,0.26721149056478655)
 (0.73711157527223903,0.91361161861119822)
 (-0.34846557649703447,-0.8197062397286462)
 (0.32433565000406928,0.36821610111979064)
 (-0.32177779635919967,0.19410890241548187)
 (0.55598284883687021,-0.81609261335325034)
 (-0.046673481871295344,0.24883341686609295)
 (0.58550533592033138,0.75670540813729181)
 (-0.092431420732312808,-1.2338180270461008)
 (0.57402515491928141,0.40727179010353576)
 (-0.87088619057670191,1.0172210326506004)
 (0.65212169331803449,-0.91827501090534458)
 (0.053206330067736479,0.013980733544391419)
 (0.28334259452488125,-0.36566089794493556)
 (-0.38582809680935659,-1.0784520005114284)
 (-0.44841984858503348,-0.69018516148974074)
 (-0.09072516171927833,0.53108620428193676)
 (-0.80444107807337351,-0.55296759636149839)
 (0.97351950489929917,-0.55207736911887817)
 (-0.46418192926544555,0.040065648836597384)
 (-0.61103423677234103,1.0427665227146781)
 (0.25847830265848748,-0.6054382765419809)
 (0.59889910306971239,-0.53161664338994541)
 (0.24187228056042617,0.67519770124020317)
 (0.58891876764396145,0.96879378945042227)
 (0.62670198714293746,1.0227421290743692)
 (0.82084395799426824,0.79479518624235823)
 (0.70007643041592793,0.25303261390243648)
 (0.35674537647786936,0.65311503087866241)
 (0.44163398258177577,0.10136998455086274)
 (0.80478616975940531,-1.0504897721409989)
 (-0.73437068591539334,-0.2876941553161792)
 (1.3916484881889963,-0.57682947632549486)
 (0.86305983717990253,-0.3776446834335801)
 (-0.92478519994884378,1.1541880677832259)
 (0.73798108834624554,0.51450024967625152)
 (0.73281402683848018,-0.72147162959984801)
 (0.8480354568828895,-0.39904276308474029)
 (-1.0276788606298444,-0.50056683711619643)
 (-0.89617727486116427,0.34493867906449166)
 (0.96283547728349306,-0.083915452730519868)
 (0.44924603214922282,0.4867648298316129)
 (0.97299182307748655,0.58699772758361979)
 (-0.95251751565384324,0.35620895701524519)
 (-0.12757823555857378,0.97400703394765498)
 (-0.63024766245210451,0.66183516070129822)
 (1.2102010755825132,-1.1217881418940761)
 (-0.52868453501506008,-0.60792339137097329)
 (-0.47409360686928714,-0.65557895302893576)
 (-0.26524620111140673,-0.2904086163341133)
 (0.42190974900316203,0.30657000606549945)
 (-0.86691791197932055,-1.0146937690730502)
 (0.39231268724802182,0.70879355326739502)
 (0.091562411822363576,-0.52109359186441806)
 (0.069644062553124275,-0.63491223510396588)
 (-0.027894474046158857,1.0863716619449735)
 (-0.056106276011708478,-0.86151931410225413)
 (0.86681161342014046,-0.15415996641318519)
 (0.68870311979265986,-0.46644187924575919)
 (0.36898924315192183,-0.81922899728396803)
 (0.70401934225549934,-0.14578817670052135)
 (-0.43860122025286091,0.76815433611119821)
 (-0.6598556605467899,0.70885843975770724)
 (1.3474610511421201,0.4800213653650407)
