# Created by Octave 8.4.0, Thu Dec 11 09:47:21 2025 IST <gamana@Samsung>
# name: awgn20
# type: complex matrix
# rows: 1024
# columns: 1
 (-0.60105089547369783,-0.62912334103391876)
 (-0.69298615452567469,0.80433177322400118)
 (0.82333304173218613,-0.70780911607429842)
 (0.68630314634021017,0.55930882557065131)
 (-0.54963766362628241,0.72099215058203869)
 (-0.72058052337765455,-0.70929214977848742)
 (0.81731499563429288,-0.69036534623525203)
 (0.73624796076245203,-0.78740747230464947)
 (0.78624575077496495,-0.84559882506593143)
 (-0.67609486465635671,-0.76354524929588941)
 (0.6873272670284023,0.69891290622132241)
 (-0.56918741845663123,0.7889937983478057)
 (-0.5977115005239213,0.66902659165591216)
 (0.78079863645867242,0.78579627426822218)
 (0.70496429586822684,-0.75511645428410934)
 (0.63940383716035643,-0.66435743201563802)
 (-0.76669592637775474,0.64707748159956691)
 (-0.76806044206882518,-0.73754209648468383)
 (-0.63804195472640035,-0.80458137216091885)
 (-0.66145046554671927,-0.73889205524037926)
 (0.73901846505997704,0.6556867307586034)
 (-0.80517001697139634,-0.63799000660156391)
 (-0.72876291808321891,0.59974417061466845)
 (0.65212082567803276,0.73805649351991776)
 (0.66951593319740799,0.673953049975205)
 (0.78327236461082594,0.70087864327989746)
 (-0.69764492091947461,0.6040823152953998)
 (0.68114938396105196,-0.52943242338521734)
 (-0.85589824914309043,0.65454290668455573)
 (0.74116206276425112,0.66243250492221195)
 (-0.64304043037297087,0.64402906428062456)
 (0.72842966727350178,0.68609432477018384)
 (0.741362759322026,-0.75340840362865469)
 (0.84517801755971922,-0.59553941435377633)
 (-0.61872920548783883,-0.79974228434647276)
 (-0.65868779461876392,0.61447100309416214)
 (0.63673173456668475,0.69493484296322128)
 (0.51438562807417465,0.71190503251753057)
 (0.65989905287666839,-0.67140860617635889)
 (0.70590390078770604,-0.73717028310819033)
 (-0.81718924924939262,0.7236197376074569)
 (0.70027986417067023,0.77622583952723589)
 (-0.7147858514333697,0.70549859585643815)
 (0.68437168576529905,-0.80792485686129134)
 (-0.67132350187729606,-0.64292373279255066)
 (0.72212210586808734,-0.6269623676162166)
 (-0.68072457139201892,0.69072658380784935)
 (0.70532605517343716,0.66654937040832141)
 (-0.7109041756565736,-0.58815449653836138)
 (0.70262999650011071,0.63144460076418285)
 (-0.73609584549688334,0.763953181495727)
 (-0.65938439086157963,-0.65754157614974151)
 (0.63665122304540622,0.61160464259865932)
 (-0.78863835716924735,0.74423686883484463)
 (-0.73524454110085835,-0.75979970392699203)
 (0.63396472415211158,-0.66579650414034952)
 (-0.70158424576494249,0.69964665207625643)
 (-0.80681312913228687,-0.68001621415770863)
 (0.68305348955114908,0.66279958425398455)
 (0.64342823662371373,-0.60840987208923036)
 (-0.7394206335165987,-0.67547095290923487)
 (0.77698421814874497,0.69935918067617109)
 (0.59573984884893239,0.78677054247324629)
 (-0.65916377052004016,0.62688229110851224)
 (0.62520458266373558,-0.86952154393167236)
 (-0.60197495613440766,-0.76835035377464445)
 (0.84414729125490351,0.61906312141187292)
 (-0.68244644003459776,0.76166253089062541)
 (-0.80111394614753406,-0.68768947836364602)
 (-0.61298004013064966,-0.6206385644767114)
 (0.6473719963758966,0.71971926689569277)
 (-0.8628041671529344,0.61677701999290802)
 (0.7531398345633683,0.6628359435220661)
 (0.61764093049695368,0.67154263432752326)
 (0.6032766792485631,0.67476702333135519)
 (-0.64837540912160563,-0.79726918146379322)
 (0.74648661300429853,0.72176913020132316)
 (-0.72255666791233686,-0.68517072890457054)
 (0.79081186108809487,-0.63076149121189617)
 (-0.66987122058321147,-0.74102137441820437)
 (-0.62001413735319377,0.71163281072446505)
 (-0.70639109439429948,-0.84223529928563068)
 (0.67535768704865839,-0.717202877002868)
 (-0.8218833188711554,0.71333232974473137)
 (-0.69737866350976863,0.70040707075008424)
 (0.74651820823577753,0.70420471006325969)
 (-0.87226345027497565,-0.64282040800787477)
 (-0.73881959943693476,-0.72211084168664197)
 (-0.6407755002078328,-0.70734449017165446)
 (-0.74180069891648159,-0.72082890440909331)
 (0.76528436744889816,-0.68851119118517912)
 (0.81073603227834479,0.71186690158307053)
 (0.69048887279652238,0.78550938374272583)
 (0.68737642276325783,-0.67142159285510039)
 (-0.71567251425263712,0.61191920010849676)
 (0.79969074043817256,-0.68672276384061881)
 (-0.73718878638385221,-0.73234096740927701)
 (-0.75015633212393673,0.68562877770117492)
 (-0.68239386420796466,-0.87418136678645142)
 (-0.65607944881488356,-0.59940825195478364)
 (-0.80453984169836779,0.66710323099346891)
 (-0.61132988494091112,-0.6310878771018712)
 (0.63740401425764448,0.71685562124105773)
 (0.62042562996144612,-0.73699103327075144)
 (-0.71852704064330997,0.80887445144854209)
 (-0.75904233140295441,0.78120808621452942)
 (-0.63975063413159783,-0.75262820233995664)
 (-0.61938819549732638,-0.68180178438031125)
 (-0.72383608818701939,-0.62401971519608468)
 (-0.61026282466996373,0.59356464749542448)
 (0.72284338757114874,-0.55677819096728853)
 (-0.80560326870615717,-0.70302062897326711)
 (-0.74844334618815966,0.68162647918028341)
 (-0.6431208457585067,-0.64646727435054985)
 (-0.64714882950553854,-0.62133350160887146)
 (0.79494470069336032,0.70177535771795641)
 (0.68361788597744666,0.63883225643466224)
 (-0.70173011936024476,0.6876619813109216)
 (-0.71909521119025066,0.78203361442657005)
 (0.6826093163146485,-0.81801098797350902)
 (-0.80988372137282982,-0.66739796555193631)
 (0.68457124231843114,0.60530145482551745)
 (0.66776989780071749,0.82180617640385378)
 (0.68219613085267927,-0.77610336081864395)
 (-0.65484858591280748,-0.77752368701911356)
 (0.67528152760664695,-0.75777898786171516)
 (-0.85379186661454221,-0.65307455802323766)
 (0.66156645290540839,-0.66629330711746859)
 (-0.82350646493459312,-0.66227972470209107)
 (-0.84385632882859152,0.81332797209821139)
 (0.65480951380873664,0.57294874845771082)
 (0.66845212206748827,-0.72513557638697157)
 (0.77035602431060057,-0.79996568793246003)
 (0.87511074444024461,0.68828789476649799)
 (0.6943073845621045,0.66326647430072083)
 (0.75164382320610335,0.62338311414509251)
 (-0.75194747802163531,-0.78725434037868203)
 (-0.66919420649737471,-0.72833118252709816)
 (-0.73867594288490002,0.7318385002535398)
 (-0.77859155222257004,0.78578875681020643)
 (-0.71088677664645261,-0.63772775483141797)
 (0.68859860709813503,0.79032070519074193)
 (0.88097071997689858,0.73162934437431515)
 (-0.70748753851430746,0.79124787777671823)
 (0.78166229236348872,-0.64058118308908241)
 (0.77602278112084577,-0.66080423743439243)
 (0.62762210265393037,-0.78812364967828097)
 (-0.79202672959310016,-0.63082440724538325)
 (-0.66548660180432839,-0.66768812107257347)
 (-0.76752230738872129,-0.79222357491974293)
 (-0.68173916626973119,-0.65733494003517468)
 (-0.62160405243726591,-0.67512277977631374)
 (-0.65638752756907714,-0.72408948010267238)
 (-0.77634017337225281,-0.68231830591993392)
 (-0.83744094413648951,-0.7579287258698163)
 (-0.7152025138597119,0.61995541589730307)
 (0.4655563125524913,-0.66282567253380198)
 (0.60551594642931894,-0.66095982241740736)
 (-0.59513414574607437,-0.79161601945547011)
 (-0.66620368785449879,-0.5968845004806842)
 (0.69888940771646735,0.76666592613155371)
 (0.73241609120939566,-0.53606233484703247)
 (-0.76509399023085289,-0.65665921668130756)
 (0.71386880596987001,-0.54202757119132117)
 (0.65274920267416414,0.69902228649650888)
 (0.6070357262434477,0.78756500978863309)
 (-0.76929599199930465,0.61599581234500955)
 (0.75155302763329601,0.75064682750656597)
 (-0.70981426618802224,0.56963439174434516)
 (-0.64448320478160237,0.69095977481512372)
 (-0.69644903281743997,0.60922571508062973)
 (-0.60284715974280156,-0.69722799363996069)
 (-0.78332912068333571,-0.79133423348126142)
 (0.6542124943805262,-0.65357690836913895)
 (-0.74653092894936479,0.71525101507044386)
 (0.63162397600383435,0.740942695297369)
 (-0.56275122844875791,-0.62591695021573557)
 (0.67235964777911583,-0.73081916219127174)
 (0.7160226826999242,0.6168011608310503)
