# Created by Octave 8.4.0, Thu Dec 11 09:47:21 2025 IST <gamana@Samsung>
# name: rician
# type: complex matrix
# rows: 1024
# columns: 1
 (0.59526011064209317,-0.65920219723997642)
 (1.3839263142582809,0.41173191662287367)
 (0.9841317290676338,1.0166711185737374)
 (-0.62993590430324731,-0.73963842463348617)
 (-0.94502308865652496,-0.44758830724768495)
 (1.2632256934908168,-0.53038845937022661)
 (0.90431923085284982,0.098201001784709196)
 (0.76711308363412012,0.96305252377529971)
 (-0.71487333450163304,-0.67945395205554238)
 (-0.83398673653785571,0.3897918431160603)
 (0.77021606851476576,-0.75969039700991881)
 (1.4985118764593759,-0.64148906052699184)
 (0.45624462358108653,-0.72966653780253787)
 (0.80326824872943581,-0.49271813016058941)
 (-0.64628715857358843,-1.0110743885218454)
 (-1.065889178152216,-0.51188237279882387)
 (0.23239591001195414,0.52446046640809374)
 (0.50215486689258904,-1.1371759651072142)
 (-0.86377481414216273,0.76254468484522853)
 (-0.6719014977524117,-0.28366715267238385)
 (0.89196248292959257,-0.73295483617995416)
 (-0.093190613266010414,1.1508090479623037)
 (-0.61787332485054602,-0.71523096514348106)
 (0.56572884936218659,0.89330260399746053)
 (-0.87310895842493697,0.80369117392237643)
 (0.28312117413057425,1.0665532474873873)
 (1.1468901304290227,-0.6366245376909152)
 (-0.38689894805889152,-0.91757352056587016)
 (-0.80515849081886581,-0.49806423237918157)
 (-0.95555828108140251,-0.25020945300838754)
 (-0.5426006849826529,0.30234927490058922)
 (-0.52334425793226669,-0.69159209498544749)
 (-0.86836674939795111,-0.41407501746196373)
 (-0.80870812209011689,0.038083976194543234)
 (1.0076224127310347,-0.039363357310012004)
 (0.37187805731862406,-1.0369504208621012)
 (-0.96414790801734529,-0.71265768105978544)
 (0.55383735544777024,0.90778627649220867)
 (0.53426586366566087,-0.64362814099181909)
 (-0.13756895867034524,-1.3010864625495084)
 (1.0278683497926693,0.45647367574847625)
 (-1.2154115224027886,-0.42159363452326726)
 (0.6422591542175905,0.71165778888034337)
 (-0.61467428281534098,0.67002723687268284)
 (-0.7326599571655007,0.53478565147594048)
 (-0.89521642313162753,0.60492318787238331)
 (-0.42928320199768832,-0.68533544760289111)
 (-1.3539172821849681,-0.45972088963538288)
 (0.34873168381697611,-0.97624874911248205)
 (1.2332672103591373,0.11044729710600665)
 (0.62532438113207345,1.1732363933944892)
 (-0.24530098289084962,0.39211575752211908)
 (1.0165681853160551,-0.55033661421202829)
 (-0.24285702611211324,-0.76213673308048024)
 (-1.344537884196376,-0.79680201018472951)
 (0.50166251837862519,0.7314623701862093)
 (0.59321389795685575,0.60175704538584074)
 (0.89298816397884317,0.44536598587334619)
 (0.91879219963056635,-0.078658467387493658)
 (0.044545379753308856,0.68696279430992835)
 (-0.24349650441167514,-1.0990154874900218)
 (-1.3800984554693581,0.5363550447661164)
 (-0.49931245525797135,0.62806333443595941)
 (-0.78331619204167113,-1.0515611121561697)
 (-0.95254844181242215,0.31717413235451714)
 (-0.7018658238793839,-0.78128419826385331)
 (0.48295301033589194,1.0180238649248332)
 (-1.6445532241300469,-0.39625559824346657)
 (-0.4145086554434812,-0.088199689937972725)
 (1.1090014161002815,0.90859646950294692)
 (-0.10059185727808312,-0.83851934369169356)
 (0.52556054953303122,1.4272041775244744)
 (0.1248289303396302,-0.059251974982916886)
 (0.81914966446117865,-0.51218278205633228)
 (-0.81288668973081823,0.88353364577052829)
 (0.45816562511298264,-0.95119120739409291)
 (0.41437236286207724,-0.091678388836788)
 (-0.83378218446252705,0.77354420330572515)
 (0.60044360510952566,0.3971994072825209)
 (-0.61105302944120665,-0.15679377805726313)
 (-0.56531549963996397,-0.88986642082959377)
 (-0.54900021423705492,-0.49075571454019595)
 (0.38441165630095048,1.0019580696510797)
 (0.94935146836973261,1.3533527507724001)
 (0.29708380050508404,-0.14696891979467852)
 (0.73637827050042037,0.87957814351866326)
 (0.079570573493226215,0.58642582870091031)
 (-0.72230571701540347,-0.079315364698576252)
 (-0.55083793608476073,0.13969486991686567)
 (-0.17897278152541568,-0.71041930831187194)
 (0.11635107860295935,0.8747487182147915)
 (-0.54922849634094872,0.36353569114496587)
 (1.1040913721730381,0.3579518306914416)
 (0.38695637207147104,-1.1201278650193776)
 (1.2823419213342491,-0.45205259272912207)
 (-0.18010305459145359,0.39215675373252767)
 (-0.52559481875415581,-1.1936236714178694)
 (0.76405400344425622,0.61266769223028072)
 (-0.68507471763299399,-0.98039774129485513)
 (-0.72164670632789751,1.0298605879637335)
 (-0.82292122649191857,0.16395978430172803)
 (-0.080049314171645292,-0.94606752582351838)
 (-0.72716093990929698,-0.68340210613399621)
 (0.53787353798059045,0.91163431916244819)
 (0.71591780055876497,0.27834405090331266)
 (-0.52154110162246159,-0.98019577170950356)
 (1.048503893402231,-1.0975544590933688)
 (0.23407493621855682,-0.68804703084014429)
 (0.82556392443400828,-0.27452477120265012)
 (0.78450050146833372,1.2886159257063527)
 (0.56581516327953241,-0.16956361644149379)
 (0.81802255572426918,-0.55137344108443853)
 (-0.45018796098697261,-0.93841750585894235)
 (-0.83054247562167205,0.70810649731928976)
 (-0.87486223683710018,-0.22102124166802234)
 (-0.90122367347661025,-0.87267103425922266)
 (-0.73745362457424257,0.3495491365515514)
 (-0.018362423103678083,1.1195002826794525)
 (-0.91033455905729876,0.47949936927115588)
 (-0.79936250203123982,-0.18822480734766417)
 (0.033919406976394118,-0.6417581241041419)
 (-0.69131615402026969,-0.69166102688258491)
 (0.78835354678117864,0.66517243146525229)
 (1.2660103589842515,0.83478519886517222)
 (0.3302716123674827,-0.62046674861868101)
 (-0.71608794287695365,-0.20381692984145372)
 (-0.17403035657880717,-0.51693177206958085)
 (0.62110899629390104,0.37997267420613323)
 (0.84812763817283443,-0.63240009047420687)
 (-1.104781654876219,-0.86104567961883582)
 (0.30577651465061267,-0.43393028707466313)
 (0.68665636061103252,0.26978919329799617)
 (0.72392004253696129,-0.10958869416583705)
 (-0.78913207563483345,-0.58179351892398401)
 (-0.47033026627514396,0.23164994869702449)
 (0.58269943970260352,0.44531265231789319)
 (-0.14625902895077703,0.89396355428768359)
 (-0.34589222908035439,-0.58559998533129209)
 (-0.078112348319986091,0.87169741210175422)
 (1.1660114402260273,-0.76376460293696036)
 (-0.75743442763996449,-0.95452975680557839)
 (0.44218833101054644,0.96954069923030828)
 (0.74992726754761785,-0.040328201840009847)
 (-0.58252106281433969,-0.39080692532532763)
 (-0.54033696038680179,0.18864452993539815)
 (0.78427198515607477,-0.5695463459214013)
 (-0.4561485969683276,-0.65751953367392613)
 (0.38270083166758939,-0.69549922880822079)
 (0.6694284056724964,0.33749307259830297)
 (-0.96340899363145449,-0.83394790823803633)
 (-0.1812080092878906,-0.22859309009198669)
 (0.34435236366041783,0.45818308261541724)
 (0.41561119514694878,-0.23215045248081934)
 (-0.0458641280839579,0.77352359322674979)
 (-0.06637095915094815,0.74729650815782867)
 (-0.46277256291006108,0.80866223467445397)
 (1.3167803191772096,0.88775495849524511)
 (-0.60643247875822681,0.47687521928090792)
 (1.0228543367502227,-0.13864916931472587)
 (-0.40278892044070258,-0.93964991490140404)
 (-0.14962425547541824,-0.96852153236127358)
 (0.10809688329422526,0.52055651165680172)
 (-0.3727962755365824,0.55411144764596121)
 (0.35759042078877756,0.60823373834082195)
 (-0.25290983279120594,-1.2593895210080501)
 (-0.45801713891029544,-0.49675991321632768)
 (0.74376891172219106,0.73718728203655437)
 (0.77665655256463784,-1.870123467676424)
 (-1.0226523657354039,0.72542795135811811)
 (0.63631501450375572,-0.31820095887931954)
 (0.78086100082421983,-0.55116221397345599)
 (-0.63009163998547713,0.68459295752626426)
 (0.082697099846170935,0.4401777849536499)
 (-0.14176405140089923,0.26519633182817454)
 (-0.47666229868314647,0.2888913877922421)
 (0.79588478300685273,0.51655226366698925)
 (0.43783502612080505,-0.50558916237256613)
 (0.63969046807087937,0.55441341486674267)
 (-0.78086339081153788,-0.70359012465589554)
