# Created by Octave 8.4.0, Thu Dec 11 09:47:21 2025 IST <gamana@Samsung>
# name: rician
# type: complex matrix
# rows: 1024
# columns: 1
 (0.76325758352750606,-0.96428527205421088)
 (-0.11497112715658814,0.66313704410530216)
 (-0.33228985308871706,-0.43014249607490451)
 (-0.80002236729406095,0.49508670295312834)
 (0.2471887216297648,-1.1529004594133301)
 (0.55715931283968811,0.83169334136699624)
 (-1.1798200646430872,0.12722172188784986)
 (-0.68112387173296196,-1.2228701754762263)
 (-0.43620545528323695,0.9277023425034131)
 (0.74212428758263949,-0.34902687952607581)
 (0.31646803499727166,0.47119639748923564)
 (0.51679142222031205,-0.14531557060862846)
 (0.15831904396393448,0.43064316969107874)
 (0.84400084829240085,0.53701045236557743)
 (-0.71966231876571207,0.62509454715520985)
 (-0.89199854122147459,-0.21762705509097696)
 (-0.59000657767140263,0.36290537864368733)
 (0.81369633345591907,0.5850456313037018)
 (-0.67668353487776134,1.2104516162805647)
 (-0.72599685163978378,-0.92455159212500682)
 (-1.1480419082605464,0.43956483557405934)
 (-0.5270250314840399,-0.45011330305780306)
 (-0.75105158994694077,-0.39373741739661433)
 (0.69767581098681408,-1.0748612865303833)
 (0.93025175187604903,0.83631704828642228)
 (0.66327882011462136,0.26941948681739258)
 (1.0477299257682748,-0.77077850765706368)
 (-0.37910372282982058,0.48129685159532914)
 (-0.21622718573346089,-0.058742441780506874)
 (-0.38076178521559817,-1.230398442123684)
 (0.30286321342357903,-0.60402060688767278)
 (0.42828438205979891,-0.57519446516333572)
 (-0.76914938924166987,-0.20053295741212646)
 (-0.39170755276153968,-0.88166198181097433)
 (-0.6160532724726363,-0.24818719516219992)
 (-0.81064183020257086,0.63213327023343702)
 (0.55435168364836684,-1.439018281247167)
 (-0.35608386056326385,-0.51374286654279133)
 (0.8580202357151564,0.23221098046870947)
 (-0.49480371396062689,-0.95123059285646772)
 (1.4036703866345261,0.63314734386092208)
 (-1.4308813000982765,0.91132554254802645)
 (0.48587486482828923,-0.01399056395097989)
 (1.1989963989749644,0.26326558871387962)
 (0.27213395993370865,0.71740779609459926)
 (0.5677102105114793,-0.034945713926941235)
 (0.64973252943973947,1.2318137791055919)
 (-0.51899824122981875,0.59339532187632449)
 (-0.31944818591776381,-0.94143321729843366)
 (0.61875712746319156,0.64998341549651073)
 (0.70528854226377202,-0.40805733719881604)
 (-0.83534464734583991,0.98916116561966283)
 (-0.13137867177236545,-0.72946228100155586)
 (-0.58192053782133613,0.42845035956695604)
 (0.48040227037913219,0.33793583773074554)
 (0.67558803740619244,0.77440844744755877)
 (0.073204223763500831,0.73690818756822196)
 (-0.96868534507097803,-0.25701182193818339)
 (0.60403061542564296,-0.85513539297664054)
 (-0.35094935350411682,0.87089117848669484)
 (-0.45187555953634789,-0.094278310867411508)
 (-0.3689246308784197,0.48011509081579856)
 (0.42261468449275497,-0.70378828247140568)
 (-0.62122283479629137,-0.28083228540273081)
 (-1.015563779469717,-0.79263189586980365)
 (0.79805471447118204,0.23690739741267358)
 (0.55391878401361261,1.3083492494704043)
 (-0.97717147768694679,-0.74768957517187007)
 (-0.47771193627962061,0.14271873156246528)
 (0.41641205876999376,0.93543107265603664)
 (0.15531289512178631,0.06301086202790139)
 (0.3914469317906164,-1.0830155202515899)
 (0.83765327221860053,0.36676610993066605)
 (-0.86235782791873972,-0.80834329523522641)
 (-0.46802776122055073,-0.98655644150700783)
 (-0.86733888268469483,0.37665815474005271)
 (-0.74266681575279025,-0.6904496071236379)
 (-0.83165885844799892,0.021205007833463463)
 (-0.67950134949556473,-0.51303462973473646)
 (0.37514985034079806,0.71832875186664669)
 (1.6616466592696977,-0.49651332520256897)
 (-0.66261945167999747,0.15272829136472593)
 (0.40474376876775608,-0.90939115701469009)
 (0.52174859509131299,0.28806552914395811)
 (1.027093732545554,-1.18527074039814)
 (0.69387737181262044,0.6498278448632443)
 (-0.80302243663942341,-0.57875778176085624)
 (0.91262643850600167,0.40625782875985544)
 (-0.78428615863210382,-0.86616447126436935)
 (1.0504289085318319,1.1585618281671415)
 (-0.27415091543542036,0.27979069646421761)
 (-0.99602685164256322,0.34921856853431549)
 (0.47549563693869701,-0.46953934859992019)
 (0.17748450036887664,0.60883127569330353)
 (-0.40822158186144963,1.3932279570051647)
 (0.65546183948220826,1.2895691698863574)
 (0.52148313492902976,-0.80190572295373552)
 (0.86933061489819841,1.3145770256172615)
 (-1.0515833575083948,0.69541251187574837)
 (0.25877478482299587,-1.0030340381030824)
 (0.077303691874921532,0.67369973927250792)
 (-0.080911729796912468,0.53962008478313916)
 (1.0370658087825138,0.55152888424759383)
 (0.32946379841201756,-0.22547335224706666)
 (0.91646254601987409,0.70915567519162392)
 (0.47644913326163163,-0.067947818090218187)
 (0.26742978642099446,0.82476608217211766)
 (-1.1848467029435445,-1.0414992803348726)
 (0.22121897745896535,-0.76682974908894397)
 (0.19061337378208285,-0.49638973435098377)
 (0.68815500594382195,-0.92638737583742681)
 (0.64405243721504291,0.52973214749326614)
 (-1.0463540368311797,-0.32896428388676147)
 (-0.82594678289660817,-0.84585976924230921)
 (0.66225429935597835,0.54665712890623164)
 (0.45559879135236714,-0.69114087542345448)
 (0.38073577767766176,0.69837669966372207)
 (0.88480129525031859,0.23155863326859244)
 (1.0920196343218624,-0.47860637286559132)
 (0.42156656458479363,0.33383877345388963)
 (-1.0224569274227653,0.37958549216009874)
 (0.69893915023810926,-0.20816865332860546)
 (0.18423720453229717,-0.31240429196613406)
 (0.555729311087655,0.37416344830525727)
 (0.1090924840825053,0.38891726496590029)
 (1.2019286018637294,0.5179945395781349)
 (-0.78587351821359208,-0.96593855223819247)
 (-0.33714899480145899,0.22081334347101234)
 (-0.57151093118725893,-0.65381050704595223)
 (-0.54738341666964596,0.50705681651596424)
 (-0.51761863185307988,0.12093151673000149)
 (-1.1475797045750311,0.16654955549216355)
 (0.29037780001977931,-0.80699233024230799)
 (0.44261907808410011,-0.7715988165546428)
 (0.92253402649977789,-0.18221873033743857)
 (1.1298235187117407,0.49882012001759063)
 (0.55004853625135575,0.77485807187867961)
 (0.97277504353431521,-0.64152027679475787)
 (0.59239153854736604,-0.31452852621963379)
 (1.3303256446074465,-0.92670718073787817)
 (1.2066298960556234,-0.30472684324480631)
 (0.50088598549406738,0.54586166592804963)
 (-1.0534823411559975,-0.028676206631447432)
 (0.26246970154068289,1.0396099710064119)
 (-0.64661775402507948,0.72194415508359477)
 (-0.32747858910376515,0.98713925388186319)
 (-1.0216224877826436,-0.89799315509043742)
 (-0.79925270824009509,-1.2448120551430435)
 (-0.35779398766004605,1.2412470429768145)
 (0.13895212718891581,-1.0217025151615873)
 (0.38169802402239672,-0.15135619961169419)
 (0.60654858184992966,-0.98762295800155875)
 (-0.77940536270182326,-0.985472449324723)
 (0.63854148025907165,-0.37040930199640315)
 (0.57242592390672264,1.4234090348132504)
 (-0.34558554930255847,0.68040625762721796)
 (-0.51663059097350039,0.2963238831497581)
 (0.52295272375712365,-0.71029328564372674)
 (-0.95077128343885997,-0.43930669909502246)
 (0.72508245352337131,-0.45871321956511829)
 (-0.36953323815465311,-0.55879933710565544)
 (-0.90761026826066349,0.47157190197356685)
 (-0.66221651946766413,-0.85810351165161225)
 (-0.61241414001702443,-0.69009749006117604)
 (-0.31010062753613277,-0.72737421032046379)
 (0.61829929834449615,-0.81068346771480293)
 (-0.24638590803261873,0.52292658258896096)
 (1.3166191028711987,-1.0524464603343009)
 (-0.22521868138614792,-1.0540041261713067)
 (-0.30944533257610146,0.9526404758731184)
 (-1.3241209851894635,0.521173419954437)
 (-0.2360181483090108,-0.13976236695578098)
 (-0.78921604290213732,0.0064557301028163594)
 (0.77090615081307612,0.51052927200138698)
 (0.28829303601654843,1.2222977952208791)
 (0.68820500581749244,0.39301252259612657)
 (-0.037948182034324263,-0.76640856620593667)
 (-0.71461788985501806,0.51054115598350258)
 (-1.1067951867420605,-0.64844137106169608)
 (-0.083577407008065985,1.0373430262973748)
