# Created by Octave 8.4.0, Thu Dec 11 09:47:21 2025 IST <gamana@Samsung>
# name: awgn20
# type: complex matrix
# rows: 1024
# columns: 1
 (-0.72956799727772847,0.68494486183097369)
 (-0.71515719842634051,-0.64279574680602902)
 (-0.68950259697683591,-0.62779922821800094)
 (-0.72562419465541761,-0.76365221474358214)
 (0.64686838776677469,-0.70398106506736347)
 (-0.67169780857075512,-0.8412511843715984)
 (-0.90683079536856837,0.74221561585945961)
 (0.70331496139039229,-0.63298472845265585)
 (0.72245272361931789,0.71021924023712457)
 (0.63939495405799429,-0.68278732134714604)
 (0.82714845325270403,-0.71641783603816633)
 (-0.68196684071880342,0.77202097419116988)
 (0.62712647739425276,0.69802239104992247)
 (0.81767366866606961,-0.78981440782077916)
 (-0.67661657752959725,0.78344852811307586)
 (0.71511709884962105,0.76820592253225928)
 (-0.56954162937857444,-0.73460008556547995)
 (-0.56960099714165968,-0.76793499301977752)
 (0.71946900896328492,0.66969690233790968)
 (-0.66258496652724075,-0.66961097401790726)
 (0.74167519792541625,-0.78726988886575344)
 (0.72918482548409058,-0.71748435963744328)
 (0.77847280168764377,0.64099507106896381)
 (0.65174329967356326,0.69925325892231904)
 (0.61693575527155098,-0.64329345329427268)
 (-0.75156347274452073,0.68102101502108703)
 (0.58880268135717384,0.69789530390669208)
 (0.63151392289317887,-0.74028951955315203)
 (-0.74625492658706172,0.7624215498432384)
 (-0.76445333254977221,0.5725905661191496)
 (0.63725718581232349,-0.65246818966513476)
 (0.68628258684633159,-0.7135006252156173)
 (-0.75635260470311838,-0.58714857877118154)
 (-0.68221180704625761,-0.74371269554038033)
 (0.66976379237444505,0.72589980277207466)
 (-0.70287793880949967,0.74432029068772865)
 (0.70637572049163166,0.84655579468244246)
 (-0.71586954035771722,0.76263339910351124)
 (0.75724378718862251,0.65137121369243756)
 (-0.747104907251391,0.75918669374660286)
 (-0.65660780187661483,0.90900311395439248)
 (-0.78971329978785909,0.87752291008485539)
 (0.7872153324363842,-0.64787587933128188)
 (0.63592199252907156,-0.71751591771201306)
 (0.63013719340883401,-0.79260216677129658)
 (-0.58542007533793239,0.7082050646240643)
 (-0.77721160190996397,0.61262662317812389)
 (0.76152714292744128,-0.70978980888453203)
 (-0.56873423467238415,-0.6323533836598012)
 (-0.61603325804613129,-0.73215972387773298)
 (0.65821167592352214,0.67180114675318614)
 (0.78289323571360203,-0.68121597076795837)
 (0.79409047876564398,-0.82765622372098857)
 (0.73410313789173676,0.74293120560920867)
 (-0.74021523014101875,0.82419616038733456)
 (-0.65220434061670407,-0.72334282232982738)
 (-0.79451628613852532,0.69109464696098277)
 (0.61448790212410509,-0.76378318066775119)
 (-0.70905095657250428,-0.85078271986450649)
 (0.77852005541158831,-0.75075730970704713)
 (0.69989726033412991,0.67429231314175897)
 (-0.80067646845420881,0.67335875845216298)
 (0.67313201238639275,0.78934815885817644)
 (0.74740723292586786,-0.71898656432065333)
 (-0.72591582634036456,0.76193782678885791)
 (0.73285306429788322,0.73936676625273423)
 (0.8090864950283656,-0.62936582177563138)
 (-0.71641747292483282,0.76487000869853228)
 (-0.71657845786273022,-0.68638948741757133)
 (-0.76610794346773103,0.64114188691468965)
 (0.75662096263837586,0.83423329134299362)
 (0.81763778650664354,0.77246771079207499)
 (0.7704800885701435,0.71622000065912783)
 (0.66265058951467226,0.76912554946854161)
 (-0.50673772910230752,0.77891066499771999)
 (-0.68585734744522098,0.62776607388007666)
 (0.69793969287523405,-0.74933709728186249)
 (0.73552820884728898,-0.70849431338060231)
 (-0.646953328851259,0.60061838979529314)
 (0.69759265259966519,0.6611252034019639)
 (0.80522871515522965,-0.78557070550957653)
 (-0.66337861725805691,-0.63549562135737447)
 (0.69006296015541513,-0.78499779881868037)
 (-0.62242529402157154,0.68837511279646324)
 (-0.71606338943371073,-0.68868899862094346)
 (-0.60223982441571167,0.68109841462395848)
 (0.64176074613913126,0.71866619306025936)
 (0.62836255079553371,-0.6950147128283416)
 (0.63190696278393921,-0.70630360103880985)
 (-0.78276125267789687,-0.6972293235528485)
 (-0.67249087319319156,0.65156084105418288)
 (0.6319638277124684,0.59612721038698646)
 (-0.76717466652176747,-0.59215401471159512)
 (0.60276988398114406,-0.71316100485238443)
 (0.71445312577774589,0.70211033614421003)
 (0.81995001562697378,0.68747667358203002)
 (0.80666973531964692,0.87127883558171371)
 (0.64859190609466333,0.66847411467033713)
 (-0.76017137732489715,-0.71417027572838521)
 (-0.74877489082768123,-0.75178332365570677)
 (0.75373035463609339,0.6438822041633141)
 (-0.73702782257073329,0.78788124950163618)
 (-0.71118642816863942,-0.74267076169761692)
 (0.70638251638956451,0.59939872902931601)
 (0.77664512322535995,-0.64332553303300166)
 (-0.69349866289425288,0.68097336121846641)
 (-0.76366265749347095,-0.66404583091640934)
 (0.72981996990326858,0.58040987684002499)
 (-0.79791154594579927,0.60363894100036353)
 (0.72831920145085738,-0.79624834262078714)
 (-0.6309403013425755,-0.6414375374167548)
 (0.72546932224304761,0.68047183086270946)
 (0.74313220157995241,-0.62557962202803274)
 (0.74481785638986242,-0.73161273322805198)
 (0.71872740237528432,-0.60447408846174489)
 (0.69498402311159269,0.72116926985416763)
 (0.80379383321363718,-0.62039343837793481)
 (-0.74492849157852259,0.70026664065895028)
 (0.65087053636906356,0.69978643731432089)
 (-0.71218110336153428,-0.68441082421137467)
 (0.79676086829304016,-0.64258460562893416)
 (0.75742654576578838,-0.76713972062698421)
 (0.72795544573057691,0.74182576521642485)
 (-0.57208678662164847,0.70674756986442344)
 (-0.66650756683065226,-0.75426287900288369)
 (0.7187679537068099,0.66733256348633718)
 (0.79742165628477624,-0.78973060679213425)
 (0.77818075051131408,-0.64114802733036003)
 (-0.69026835027917555,-0.76405591806076345)
 (0.6886132699105717,-0.69961578184797713)
 (0.69108104569745099,0.62302688602347833)
 (-0.64761638172607272,-0.74373478146414462)
 (-0.72203789166602406,-0.62751864501566434)
 (-0.59326140550334183,-0.75590546520639323)
 (0.85591412923084143,0.73493958872850762)
 (-0.57480400462902259,-0.62185861318769609)
 (-0.70635794733802371,0.62477026148184334)
 (0.54207276812796457,-0.70165787446646477)
 (-0.64315900429615025,-0.74580641285518079)
 (0.74051235878938793,-0.59633783761535253)
 (-0.68961632492592528,0.75470408561199109)
 (0.68722571439282187,0.76664966722890149)
 (0.7377014565987231,-0.71540053975985574)
 (0.65512924205418233,-0.79336735186697327)
 (-0.5333307913262566,-0.70873547459632424)
 (0.75903726475688138,0.6475673703718976)
 (0.66927952736114271,-0.71160556038567202)
 (-0.75731288868437563,-0.69008813778777933)
 (-0.6870214846398226,0.68310995506265049)
 (0.77717601082819088,0.61648951744002056)
 (-0.53805108106234223,-0.70332341002580068)
 (-0.71473757240434843,0.55582799266794847)
 (-0.71389059085052542,0.63471499306168799)
 (-0.80623351278461541,0.70416719983494447)
 (-0.61950357002334511,-0.67519412228229081)
 (0.72691807521661245,-0.70584073115315771)
 (-0.72307376091285991,0.71895377153346574)
 (0.80342886370056799,-0.59130776718938804)
 (0.78033683727797232,0.71090889199323404)
 (0.59373297535463543,0.71585283734378247)
 (0.7421523091982698,-0.61839744752372017)
 (-0.75983707531785427,-0.75117962165888241)
 (0.81509622632459533,-0.68845295776594273)
 (0.69791381687279475,-0.61459650967103707)
 (0.77481158150946461,-0.62573399409352459)
 (-0.76030104158531198,0.74207640037563316)
 (-0.69836923859349764,0.62283887469071464)
 (0.72388906141271647,-0.71961689276121543)
 (0.62024395720624015,-0.70121377067321811)
 (0.59193901411143379,-0.74049857372176286)
 (0.67902913675216892,0.72050831251096337)
 (-0.65066377912067652,0.64536490790739509)
 (-0.68353409527417286,-0.67498282768043816)
 (0.73231468712426107,0.72950185738315187)
 (0.61707235865268228,-0.75235530302667164)
 (0.7121728757716389,0.68722980119384192)
 (0.742527780499597,-0.84105330653803789)
 (0.58679101695792335,-0.73272453608352628)
 (-0.73194432881077165,0.68422643144481154)
