# Created by Octave 8.4.0, Thu Dec 11 09:47:21 2025 IST <gamana@Samsung>
# name: awgn20
# type: complex matrix
# rows: 1024
# columns: 1
 (0.64733100993647807,0.73305859467295464)
 (-0.82083270154299059,0.69827758525519024)
 (0.75863104690957717,0.8154519331445188)
 (-0.82692960052727682,-0.6833960097129177)
 (0.80345741320806785,0.79018605251232188)
 (0.64179829807260602,0.70354486853899634)
 (0.73375210613150299,-0.71262010416533272)
 (0.66222920527807005,-0.69502285900214111)
 (0.73301729493115086,-0.67733391921111707)
 (-0.69130071255874237,0.69808251641327235)
 (0.65012895455045827,-0.74604188931952686)
 (0.76392404234006439,-0.79131212636916948)
 (-0.80823830039203326,-0.5920862813825144)
 (-0.58241505134867544,0.65564211212991685)
 (-0.68425556923655617,-0.77531745271786578)
 (-0.68633100425323368,0.69567735313951373)
 (0.73859648665711564,-0.8110647796607926)
 (0.64979383769546661,0.75473596548548927)
 (-0.60577612855458529,0.7100194091366927)
 (-0.73960187811205447,-0.64585142592700118)
 (0.74506283492106729,-0.69813574392343447)
 (-0.766421719365322,0.62247482625950779)
 (0.61818674753703373,0.6765000548098169)
 (0.67937903056323878,-0.6812236494056565)
 (-0.68034176300554516,-0.59315035891861623)
 (0.62849839334065727,0.73005891632194175)
 (-0.66694521815938734,0.60402063749749058)
 (0.71982311067778282,0.72199389875994224)
 (-0.72018456058223546,0.63456391808801538)
 (0.81452058239331571,-0.7586715265834878)
 (-0.70125210433109419,-0.68619653849765816)
 (0.67162897874429373,-0.79353702968637929)
 (0.64876494067822588,-0.60942512712861363)
 (-0.83015990749919388,0.73913370763177488)
 (0.68162687440129122,-0.82518673418393695)
 (-0.72620487118021171,-0.72413435132355874)
 (0.57402490804061679,0.74693524778890585)
 (-0.63147108042285416,0.60200222763909617)
 (-0.60281116082321706,0.63016165741170616)
 (-0.82791132935680134,0.62748934081528873)
 (-0.69173394502010976,-0.74750072280510904)
 (-0.84678435535968588,-0.60830851905637795)
 (0.61188288733241181,0.73698660758512013)
 (0.6721985519299537,-0.75247262936685877)
 (0.75683604081893741,0.65532478587872423)
 (-0.67460914301778296,0.6681545224494303)
 (0.60803673260107871,-0.82348293902569614)
 (0.72777148363273814,0.72164691328472119)
 (-0.55521526837433521,-0.65243353390823178)
 (0.67412673488674801,-0.61243598152818213)
 (-0.71624833350095152,-0.65274345247142462)
 (-0.73773319678632732,-0.81618542017863138)
 (0.87536294609044307,0.69126674736013438)
 (0.66112557772350122,-0.83215609503288657)
 (0.73233955585772459,-0.69938217245320355)
 (-0.69123547863471202,0.81014310347474827)
 (0.66697846202689948,-0.77791329767917594)
 (-0.614006264377015,-0.6167230386756879)
 (0.54376631660343033,-0.71867506185634333)
 (0.76316698884651857,0.76956340405702783)
 (0.72691954336774589,-0.826473919179468)
 (-0.72635073606554212,-0.70399891183874197)
 (-0.64619932742338126,-0.65782033272656026)
 (-0.67139007568438203,-0.70537325059120892)
 (0.70874756002663053,0.81094340357017847)
 (0.63807123510772967,0.59706102071889555)
 (-0.72139517496887451,-0.73563345822154558)
 (-0.64726923263908143,-0.65971127003170404)
 (0.70191329352466791,0.83325476616238359)
 (0.74985592716805105,-0.8394896370341719)
 (-0.70418341350631408,-0.70115913075413283)
 (0.67106831504534348,-0.74736052054585578)
 (0.73633897817382354,-0.70977054641297466)
 (0.69097080064423788,-0.83741925419010155)
 (-0.80989211100319958,-0.66529866932423032)
 (-0.64525699459599539,0.6219760373995471)
 (-0.59289681481454137,-0.83377449967221207)
 (-0.69294870573017331,0.68302357169822747)
 (0.60745595004820507,0.68259337772575512)
 (-0.67444192405608694,-0.70754165952478698)
 (0.69621031081479023,-0.69922900760929352)
 (-0.74042373610282242,-0.69767312330833087)
 (0.62657388502843903,-0.65455758319465318)
 (0.81916822836898029,-0.7960043085044034)
 (-0.74392729830400528,-0.74906860330850111)
 (-0.76884780051015256,0.67797328269156132)
 (0.74283025293405514,0.66729291022145953)
 (0.56919209916432878,-0.62310503438349329)
 (0.67818940252343118,-0.57065731899241767)
 (0.62470004333176898,-0.75274840620881456)
 (0.76884540276566171,-0.75144616462882752)
 (-0.71645983428153859,-0.83632970776465143)
 (-0.65352684816456019,-0.68090073906878268)
 (0.82034462107650863,0.69553669196170453)
 (0.72921252865155473,0.66075209484527342)
 (-0.75047872070124177,0.59724269168445976)
 (-0.84559666453561289,-0.6999750424847172)
 (0.85314152418085132,0.55663460588117741)
 (0.73170404928122768,-0.67231974494181157)
 (-0.76018144315241565,0.74811915507628424)
 (0.78575274153252717,0.7083609131593861)
 (0.72446287606966919,-0.71966034089073538)
 (0.63613105387723357,0.75706984192907101)
 (-0.64860117428763508,0.70936129468676179)
 (-0.70899221265946721,0.76463420943794491)
 (0.63904421396872757,-0.60630440094906835)
 (0.67391416753887012,0.6651702900807227)
 (-0.68313349431271486,0.7535270859424138)
 (-0.68911370062689903,0.67760482888343088)
 (-0.65246015949540215,-0.79055872430186602)
 (0.53678297252254681,0.65587035671376859)
 (-0.78435200625857449,0.87797372313501498)
 (-0.7126694083693299,-0.60071542801009059)
 (0.75109611166729606,0.73858303637569622)
 (0.63742346133296479,-0.61575727713095596)
 (-0.5991465494202467,0.70197378299169766)
 (-0.77137359369766734,0.6626684714375386)
 (-0.69074440605216447,0.59090065264270253)
 (0.73677652647900138,-0.6718688120665548)
 (0.6145594958789331,0.58865389450315253)
 (0.68911192596984683,-0.68418558129619633)
 (0.58995131610214468,0.75945725664441754)
 (0.73746742839278379,0.63771216825941035)
 (0.73581138496843446,-0.72079119458538021)
 (-0.50373213650523452,-0.82176701072476321)
 (0.75186945870414001,0.76999676229699721)
 (0.60461876066263454,-0.74031546182664465)
 (-0.80425438442064956,-0.75765635026549438)
 (-0.80752708938930806,-0.65667412880767406)
 (-0.73423450965179649,0.60001902595767254)
 (-0.69654133835841736,0.585789197787139)
 (-0.70903668405036036,-0.67028131247461253)
 (-0.64556139133473589,0.57096977110912239)
 (-0.79685109886670635,0.84424426141840714)
 (0.68164822612035669,0.60558544275473725)
 (-0.7405675198309698,0.81041621585762791)
 (0.69656580209738594,0.72274618950766711)
 (0.67699771917627294,-0.68199312511751964)
 (0.66335694401289491,-0.68112525979839345)
 (0.65177486899467318,-0.73036044557775637)
 (0.65381740530068255,-0.75047409946937027)
 (-0.72040572791707447,-0.6872308534595124)
 (0.68676594417847814,0.71170803440368813)
 (-0.70902496519875025,0.71879529014586585)
 (0.68037677351269377,-0.76985598177402692)
 (-0.69667584126283122,-0.80064044602231488)
 (0.76951985642492227,-0.71361050218413336)
 (-0.76313971865537034,-0.78666696758890331)
 (0.73544308588215368,0.63420923886627012)
 (-0.74586891426965762,0.62808188973467438)
 (-0.72935428268581837,0.74057344728134855)
 (-0.6399112823444717,0.87956279812228388)
 (0.70619532279550457,-0.82599587681593489)
 (0.75603077129596341,0.69192426722950373)
 (0.67014769460097967,-0.63303540979714978)
 (0.66609745471862802,0.65757604707357464)
 (0.71046240401859651,0.74711922420627563)
 (0.77794997971287105,-0.63875872467784567)
 (0.68668518935358469,-0.69046276592081457)
 (0.69012086521236915,-0.69409838661899126)
 (-0.68097150743800594,-0.65194425340781026)
 (-0.80647377130111342,-0.62208135551076393)
 (0.71009834878890354,0.74375221228885646)
 (0.61469561899616454,0.73536372511188652)
 (0.74358283571963057,0.73074629351369613)
 (0.67864357780802764,0.67650858865181696)
 (-0.6812541233056546,-0.72544514649394409)
 (-0.65887329123754412,-0.67835542194720988)
 (0.7463473496053955,0.62229611890017711)
 (-0.67611213109286072,0.68059866324021012)
 (0.65358024011369686,-0.68885159387821926)
 (-0.83890129581140394,0.71398676308983)
 (0.6795940573495084,-0.73028427728473966)
 (-0.74288469547168723,0.74644232631350949)
 (0.63162826205960321,0.67474059415345811)
 (0.70729605325487832,-0.66051740562191763)
 (0.70890845430696348,-0.83628806390574462)
 (-0.74322380690184353,-0.5648780622908065)
 (-0.7439896142431599,0.63530556591702225)
