# Created by Octave 8.4.0, Thu Dec 11 09:47:21 2025 IST <gamana@Samsung>
# name: awgn20
# type: complex matrix
# rows: 1024
# columns: 1
 (0.7239211961396913,0.70255493932836754)
 (0.75873523850937574,0.78108669540951314)
 (-0.69596202056201162,-0.67413388280377784)
 (0.63084904757937421,0.7543031726409799)
 (-0.60650513916510651,0.72707770427183727)
 (-0.67546911379394547,-0.77665250797543905)
 (0.66901896340836697,-0.55815604011513875)
 (-0.73544370772372536,-0.58920618173868233)
 (0.66442437416649547,-0.81357625445347415)
 (-0.6238719824560901,-0.59691537958897245)
 (-0.67770037273930239,-0.74238351497361266)
 (-0.73110197778196151,-0.66812049328353418)
 (-0.69398605536562763,0.70275522102923071)
 (0.62552340969870945,0.74215079208187351)
 (0.70059274087935841,0.74899308613843263)
 (-0.73716521800659229,-0.67259461355588956)
 (-0.73066278175832566,-0.70461347809898511)
 (0.56841250147269518,0.72151648627985232)
 (-0.61379255940916011,0.64774958649196657)
 (-0.79822176632122133,-0.79664012377542326)
 (0.66903160770508319,-0.8413868694906449)
 (-0.72858726874582835,0.70321119716575942)
 (0.63466768187998635,-0.59012254862769198)
 (0.81276335568305869,-0.73696713634255617)
 (0.65711655519760825,-0.71165655467856848)
 (-0.63060056007869081,-0.7844909566944186)
 (-0.66719802354562585,0.73894312201105739)
 (0.70791293010234535,0.71502609456939525)
 (-0.74590798523295831,-0.63244514185896172)
 (0.63859333421752407,-0.68293389932515935)
 (-0.75655844424618213,0.71208085950221922)
 (0.72056578565197005,0.72492714183590112)
 (0.7757411236675793,0.7425546268461537)
 (-0.74126120240184501,-0.69870525229535718)
 (-0.78721432968549743,-0.70024521636549675)
 (-0.6587956157210334,0.65299731497670843)
 (0.7342576702142114,0.78769556245995254)
 (0.59423112916228726,-0.67842687551366021)
 (-0.7348377821570713,-0.64645608119575138)
 (0.66431106968580744,-0.74263956793562358)
 (0.55374465516873606,-0.79528138602851373)
 (-0.75717876474239154,-0.75253737134543341)
 (0.75336453016124483,-0.75483296796590438)
 (-0.69288697239617936,-0.72663846785392761)
 (-0.73960601804653603,-0.84413568734850042)
 (-0.66641886212086376,0.57226835634255291)
 (0.69159112581639981,0.79602368460769313)
 (-0.73783886944155075,0.81589565489801597)
 (0.74812510909309626,0.72239745525053545)
 (-0.80001019343323065,0.74763096055101141)
 (-0.69507336251927021,0.64321497709399233)
 (-0.66024394638437955,0.65180409098561287)
 (0.69993353356257082,0.64655339023060243)
 (0.73052286705592306,0.78268749662621895)
 (0.84184886072818332,-0.66158277581055625)
 (0.72658696440619308,-0.65734090218843944)
 (-0.80494551588957797,0.7823321451753783)
 (0.7590295324181775,-0.77456994964762671)
 (0.64470601707148789,-0.64324357415556088)
 (0.73002461445167599,0.76628928351403935)
 (-0.68122110502540445,-0.68547888739514329)
 (0.76839192491174835,0.65810959360611798)
 (0.55521627168127152,0.73063417420176868)
 (-0.74741186242863356,-0.73315519201330148)
 (-0.75757265268267382,-0.75263807556608531)
 (0.67133313890760016,0.78553165833118022)
 (-0.55811010735544919,-0.70841777718370325)
 (0.65750829295386093,-0.81946193493116493)
 (0.76619807348487323,0.7136581315954349)
 (0.74412799068725988,-0.55401307736544647)
 (0.87368684177170008,-0.62914106072273412)
 (0.75653421497590934,-0.79142852005534592)
 (-0.66452971710904674,0.74488818411457114)
 (0.71431435182692582,0.84064216288379012)
 (0.72019038285680548,0.81904162639524791)
 (-0.6762007978695822,0.54383484889556599)
 (0.71172758145012316,0.76429847628658265)
 (-0.6935418280252007,-0.85909809565401596)
 (-0.64750320278974627,0.7923414681736991)
 (-0.74736167890815541,0.77985174385091816)
 (0.7213269034478742,0.79314185312864982)
 (0.74093340443090328,0.5924229478807238)
 (0.73486303829431121,-0.72461526320734826)
 (-0.695245448232506,-0.65927486933948853)
 (0.80069196569583989,-0.75039465253599291)
 (0.73432576516363568,-0.74595867176932706)
 (-0.62445457357108691,0.72346969669148264)
 (0.75324024554686431,-0.73209909992211375)
 (-0.71421290772323742,0.68855998758999026)
 (-0.75434101047252522,0.72082740878612883)
 (-0.59957991091422536,0.64178359851264677)
 (-0.73559010293516969,-0.71461747751667415)
 (0.70158386827511332,-0.72022279524415544)
 (-0.69864230632708968,0.79279855642208796)
 (0.62600501255106888,0.78077964372120157)
 (0.76586537947666344,-0.67656462017319186)
 (0.70228993525604477,0.62299911698169907)
 (-0.62980005887152068,-0.66159480214143507)
 (0.74687100787840477,-0.71099885890044656)
 (-0.64418020799890541,0.81718000800802026)
 (-0.79297190998273592,-0.63206246518098907)
 (0.62948176023457569,-0.64364727881631933)
 (-0.725403828742191,-0.72360164119210146)
 (-0.82446342632492375,0.79025793170659187)
 (0.80912364654879521,-0.80878311182189389)
 (-0.67649286814378884,-0.67894084736631966)
 (0.64707448101029041,0.71919599274960599)
 (-0.68853792198889752,0.53611431637681006)
 (-0.66224440140190954,0.7027744798598089)
 (-0.78196604167285311,-0.73570929009651953)
 (-0.67308323758181421,-0.69396983016703684)
 (-0.66651560897465689,0.62822795497487482)
 (0.5897560688612431,-0.65803017465896962)
 (0.80004967009844496,0.73994610377182302)
 (0.7128854481961906,-0.75184928261664041)
 (-0.70452503891629015,-0.68099194719879963)
 (-0.65862800251692211,-0.61772272259689343)
 (0.58239616222048451,0.70772203301030101)
 (-0.6834545291982923,0.61937142191336103)
 (0.66589390200570642,-0.69609112053255373)
 (-0.71368511305585436,-0.78693295556610099)
 (0.6874663882584473,-0.76751487959488074)
 (-0.55628776621298892,-0.63312168735322827)
 (0.72403044538925909,0.87133190468776056)
 (-0.78427596362110163,-0.69148809607458217)
 (-0.70745378297946382,0.6973964296933437)
 (0.78543109978234871,-0.80284159870654459)
 (0.71432355070163567,-0.60239200147273686)
 (-0.739080058369458,-0.58637067215657079)
 (-0.7621581912288008,0.77165617551545351)
 (-0.68517220951970059,0.76510805079737831)
 (0.79728226497890908,-0.69527326059060202)
 (0.64497816243916384,0.73879966101536454)
 (-0.7172888404472253,0.73418305814200591)
 (-0.64354912514497986,-0.67509482929517528)
 (-0.72006069230084879,0.71323548887337684)
 (-0.71800716075269622,0.73236899123165888)
 (0.67134656743861698,-0.74299930626376198)
 (0.70077969731475875,-0.61648585634706632)
 (0.75924861146459621,-0.58899101459078573)
 (0.65392379435671499,0.61287693245150832)
 (0.69924736399469145,-0.69268937847849765)
 (-0.59086768939900736,0.7371648819765102)
 (0.70661236031832364,0.70521307901294883)
 (0.62707028962897304,0.57934816785642296)
 (-0.66607333402539637,0.77052477969961231)
 (0.63958365446528764,-0.65024052195523252)
 (0.78830171360888446,0.70007798583463821)
 (0.66673468950338854,0.68033730247624224)
 (0.79179079464483904,-0.72519522941731207)
 (0.75646615477182255,-0.78325363635909928)
 (-0.6569819860399756,-0.7015070536974527)
 (-0.67071637782023352,0.68594870603407065)
 (-0.75443239585485011,0.70584456070009394)
 (-0.62849612398780086,-0.66811349243265228)
 (0.6682491765012798,-0.87043691610833651)
 (-0.58101343163048913,-0.67829927670000378)
 (0.60600420753565476,0.54510885722336289)
 (-0.80673498675575317,-0.70720639753536485)
 (-0.78931171628240282,0.57378292328496527)
 (-0.66351528529560655,0.87923732264477428)
 (0.61118826062419063,-0.84581580211184826)
 (0.70316192221771345,0.70922923983479802)
 (-0.79838017274526862,-0.82519616947447427)
 (0.70978543515550807,-0.64721428389473956)
 (0.6024222921414123,0.71606387896562873)
 (0.56351348097543086,-0.79378406361198517)
 (0.7793380417759378,0.71586823160791757)
 (0.68966707803984428,0.72480043828096496)
 (0.6754847419389336,0.74049042903936291)
 (-0.6725701502711372,0.84849358695827048)
 (-0.89502060882481571,-0.63440693213379062)
 (-0.67161555123536976,0.78207397891758645)
 (0.7049701962587146,-0.72439176971302877)
 (0.75229115557774717,0.68027789258085936)
 (0.66605938797423136,-0.7519252303284425)
 (-0.80770141542458174,0.70393969297973402)
 (0.51267081234010081,0.74295063132859995)
 (-0.6982954620773959,0.58873296778168815)
