# Created by Octave 8.4.0, Thu Dec 11 09:47:21 2025 IST <gamana@Samsung>
# name: rician
# type: complex matrix
# rows: 1024
# columns: 1
 (-0.35398449878485777,1.1935628903122326)
 (-0.5586344013297172,-1.2891209777985924)
 (0.23161385764029838,-0.50751508802889633)
 (0.18131978104545304,-0.70969695633640084)
 (-1.2716901858464142,0.21885814370695966)
 (-0.74068361818133832,0.53136721258228992)
 (-0.53609797319589625,-0.45400925778175916)
 (0.23331008173727566,0.12512476157948357)
 (-1.1306739391364782,0.30480216840290975)
 (-0.76003597605085893,0.50448743886120695)
 (-1.0870210046832276,-0.0095862875398137204)
 (-0.4862994012341692,-0.62049575303470694)
 (1.103305922682505,0.62330801904183919)
 (-0.7508441174309628,-0.51640802692905519)
 (-0.83349162222490203,-0.10928299781099654)
 (1.3232754763322236,-0.44619196942882838)
 (1.742450677836469,0.56517216237276413)
 (-0.89644259988972175,0.48254462214219129)
 (-0.40256640831900559,-0.23136416894719333)
 (0.39116313177900458,-0.79755154264408068)
 (-0.41631715910055855,-1.0514606917495806)
 (0.34204600862549495,0.55077674314389335)
 (-0.19476647597862623,0.88537639576760396)
 (-0.81479295602228918,-0.82652242045640867)
 (1.0137376797075466,-0.07157229478755045)
 (0.3631782569430021,-0.63198617089914355)
 (-0.79134659983031974,0.83418602081680771)
 (0.14967607883912426,-0.52546510297127769)
 (-0.38298273694073204,0.27999596193393816)
 (0.32466714310649392,-0.9337679260317816)
 (0.46974624543217114,-0.42140439136118757)
 (-0.99424199079721221,0.62512885643184113)
 (1.29870263425489,0.61230011399370143)
 (-0.56784957408812065,-0.80242766622377171)
 (0.70992125405014295,0.54698435069116602)
 (-0.67836953171170233,0.31132888796569502)
 (-0.63376761006593885,0.3437021836007651)
 (0.37314507081126008,0.64721153729606362)
 (-0.68621088309585465,-0.78929060190624334)
 (1.3433190923712879,0.7084036106157805)
 (-0.14496335183793932,0.40343505329678464)
 (-0.42749386279660812,0.33697960087409778)
 (-0.027729289272224789,0.50680653818103139)
 (0.60248160923675742,-0.14012654409032621)
 (-1.2399981091262635,-0.23416092896693952)
 (-0.91025944514941126,-0.69823214806488942)
 (-0.89234723497957602,0.33076306263171545)
 (0.35092196136848891,-0.39144422357297509)
 (0.39393932611570698,1.1797294086051009)
 (0.31213110557606194,-0.6211155665910314)
 (-0.68858005054801663,-0.20527951301631497)
 (-0.10655806778005095,1.0720102238429652)
 (0.74548246972692489,1.0421980349830033)
 (-0.32951339849876987,1.1616628220068852)
 (0.73425365220058358,-0.80209385942788702)
 (-0.28659010224126769,1.3508037430158746)
 (0.56431650518344867,1.532786346057541)
 (0.56033794091818523,-0.83219641299908242)
 (-0.33906409162984325,0.48136885948903602)
 (0.75083889533492121,1.2220706704805238)
 (-0.57360756838757809,-0.63311093193621248)
 (-1.0821291832671776,1.0435416943249325)
 (-0.68605871592804279,-0.92330496744828949)
 (0.53749139966044035,-0.4744906052447993)
 (0.625418025337525,-0.24849925699932898)
 (0.40397533962198462,-0.64457910149580677)
 (-0.50234686387202887,0.37151024187381199)
 (0.32940672384971925,0.71521935973201078)
 (0.77193291975586531,1.2001879980959087)
 (0.21562341195795684,0.6270160335925824)
 (-0.81418550013226665,-1.1171686251981858)
 (-0.25500226020154382,-0.78821677840767723)
 (-0.61356810657101257,-0.95860357225252213)
 (-0.70775094507895542,0.87572589225143926)
 (1.225329556270933,-0.51145433235763726)
 (-0.85517944091412323,-0.28836113205655145)
 (-0.399133720489456,0.77103335454298128)
 (-0.94199310731833286,-0.18429746006472236)
 (0.889365445041717,0.45712783891076048)
 (-0.64855287626440328,-0.11805448866465945)
 (0.43768113148102838,0.64320036562181138)
 (-1.1313171399166013,0.26826722677545495)
 (-1.0313379851247415,0.92199267575432498)
 (0.5141326601552807,0.79327057676437174)
 (-0.27754998404544473,-0.70171073876292411)
 (-0.069754713707351257,-0.91691585219979488)
 (0.60133241507090274,0.60970258413097933)
 (-0.81283597637016336,0.67367668689624072)
 (0.48719210510773003,0.65409126903003545)
 (-0.62658190999940766,-0.31586041627993988)
 (-0.47624227748572007,0.56552764272459188)
 (0.71953635504694702,-0.48124999809901781)
 (0.53462872018875884,0.85100288769903198)
 (0.49235851023219374,-1.0324511280459998)
 (-0.83275733939693963,0.41164255020716656)
 (0.27988555645245905,-0.82848955631699461)
 (0.3476270036230823,0.66523683454513771)
 (0.1250564501144435,1.0344294754665304)
 (0.70559454410341482,-0.34796595548700276)
 (-1.1863910367404999,0.7436026343412937)
 (0.61243717461572655,-1.3096374762915644)
 (-0.69188242389839294,-0.14598001993611709)
 (-1.1013677920957579,0.24082739001974796)
 (-0.99549231196987653,0.68694884074318996)
 (-0.75210704630205594,1.0270033131867788)
 (-0.17350546787822863,-0.8508716887879737)
 (-1.2299346945750622,1.4969011074752727)
 (0.54022462309296526,0.26211218038021256)
 (0.24701675243900006,-0.68113524755533961)
 (1.0590514230575252,0.70906349464157126)
 (-0.41421195004891365,0.64008721686072301)
 (0.70567173680859308,0.25206127886687646)
 (1.4706566855232297,-0.89274038251304111)
 (-0.79607057378719093,-0.2005432695890087)
 (-0.82832218117713463,-0.078182982127904532)
 (-0.44914489633992116,0.93107056849895709)
 (-0.97813517794879701,-0.51187841462044448)
 (-0.74882741219142901,1.0281072141846779)
 (-0.81915023635002937,0.35225859768976786)
 (-0.90447517675357447,0.48110417166282848)
 (-0.76216175616069182,1.0190574547676792)
 (0.71579726866780324,0.76605528745190343)
 (0.15767344289053203,0.32579403411845193)
 (0.16868173617501536,0.94339141747904109)
 (0.18279317431838041,0.67867929691005757)
 (1.009032748477938,0.68949503369902909)
 (0.84457971896968254,-0.10426436196036271)
 (-0.47200112242989534,-0.92454125138941745)
 (0.92003824213909913,0.84199774791580118)
 (-1.1546558852014392,0.17034972916930041)
 (1.2964302703137416,-0.22821699430019604)
 (0.50089759513963883,-0.95151859379837656)
 (-0.98291121243713131,-0.97837364439717089)
 (0.81858472781471414,0.4815855286620766)
 (0.60021601801100655,0.52519199402066108)
 (-0.24095409651281507,-0.70314371719952506)
 (0.63683941462350147,-0.36101952409392613)
 (0.47699846869524448,0.56100237343634451)
 (-0.22299898411148317,0.78432067085892254)
 (-1.1420631509573917,-0.34604748768180105)
 (0.60436014326243348,0.68342043209041581)
 (0.99325693133369397,0.34249307203797386)
 (-0.6145182314195009,-0.32869145277549483)
 (-0.53931629229623845,-1.1558486358342872)
 (-0.9807400799069117,-0.14858186769701276)
 (0.44269644856353091,0.95383265310636967)
 (0.84572610409831728,0.4288285880996181)
 (-0.77897180176299186,-0.99314816448254861)
 (-0.6281775346295293,-0.14224260974049055)
 (0.49859502620879281,0.85772761867747005)
 (-0.24141987042865246,0.35389587618277596)
 (-0.66118677124229919,-0.23109676123114808)
 (-0.56189492129483076,-0.47680203751650363)
 (1.0859543575426382,0.4562408571971126)
 (0.34163002770532536,-0.20881666621806519)
 (0.71976439971740125,-0.21514785049610008)
 (0.42668392219496892,0.99359311943524542)
 (1.002064477294849,-0.50826444974698504)
 (0.47501561993094965,1.0388132086682242)
 (-0.92166246532783425,0.8385034648776275)
 (-0.25451769523519169,-0.82040525974577916)
 (-0.089587362836895224,-0.48061354504902426)
 (-0.72911451328177113,0.22542245515926723)
 (0.87096006625366473,-1.1446981801750054)
 (0.19840499118714489,0.6603198928622287)
 (-0.72772235266664809,0.62782514754421026)
 (-0.56534205909622737,0.24034511483284246)
 (0.98203055111747584,-0.49582053794899172)
 (0.77832767962667893,-0.76646595509148208)
 (-0.65593223081269569,0.65229531791696227)
 (-0.84878648112671862,-0.20363148241851425)
 (0.36987871087013657,-0.61191490444479246)
 (-1.0037131443139211,0.35756688018821869)
 (0.32136151016247527,0.68030296245998134)
 (-0.066579711976191946,-0.56538442430643732)
 (0.3393512284978521,-0.5392481584912211)
 (-0.87433909335683502,-1.3998510405799909)
 (0.79848559495831295,-0.60384409284369367)
 (0.38710600244950599,-0.71019099024706278)
 (0.5617380070546073,0.72984498276334564)
