# Created by Octave 8.4.0, Thu Dec 11 09:47:21 2025 IST <gamana@Samsung>
# name: awgn20
# type: complex matrix
# rows: 1024
# columns: 1
 (0.63132062697598057,-0.67811282631824843)
 (0.65647425951828375,0.77855492759429323)
 (0.57967813645890387,0.80150247181361345)
 (-0.87996047020951285,-0.76027793826749845)
 (-0.69726465498745471,-0.6602455447139447)
 (0.68913679081475454,-0.59792777943096298)
 (0.77304666213283202,-0.70503446385119406)
 (0.56489975293964489,0.61436690535324745)
 (-0.71128367540531667,-0.76345658265027505)
 (-0.68174018335390862,0.79076129478863977)
 (0.72457215329631919,-0.75774286826470638)
 (0.77433184883768735,-0.69679035389906574)
 (0.66305952507390642,-0.79284102341897034)
 (0.72984189584871328,-0.67047416519544345)
 (-0.6930207896121594,-0.79714632302459199)
 (-0.64963341352512183,-0.58295677182967398)
 (0.7926708349140319,0.65081130274964316)
 (0.78901267969006073,-0.71322879423785757)
 (-0.64374859154563324,0.72045432602727477)
 (-0.77132899104446917,-0.76324979137306592)
 (0.67625602599154633,-0.68386312639266222)
 (0.61680075445113602,0.68269193727698407)
 (-0.65521266906299025,-0.52394122151163558)
 (0.63955997567409351,0.76460632045629329)
 (-0.6240825934916634,0.77938108332052791)
 (0.80762424515224662,0.66674983428095447)
 (0.70977298263039135,-0.5995574027874373)
 (-0.5949032525693656,-0.65904934129480086)
 (-0.73284525418081925,-0.77746002707125395)
 (-0.62151749719505089,-0.816227860371324)
 (-0.78897833031649511,0.7427864463653876)
 (-0.76647061672748407,-0.70671075201054723)
 (-0.66774874899124692,-0.6496120330899412)
 (-0.76546884892912914,0.79405076061382762)
 (0.67976179899372857,-0.67679664488965341)
 (0.7810746651129199,-0.70317270205430515)
 (-0.65787780580613242,-0.76007950998381624)
 (0.6837450968178973,0.66065433716966226)
 (0.58800473986279367,-0.72855438578056142)
 (-0.76905733471406346,-0.74255187536089629)
 (0.69237327847167141,0.73145089783051909)
 (-0.85174011789720139,-0.70858531855946238)
 (0.67272665561810019,0.74782970465728649)
 (-0.69200801761621178,0.64963540804768605)
 (-0.69706078307447372,0.8378698672448015)
 (-0.60262763017194387,0.55336284636974364)
 (-0.7766611816318888,-0.7385960245936134)
 (-0.77102200315551572,-0.65779914715216614)
 (0.71624865259744142,-0.7126719857189715)
 (0.85819950768591791,-0.79890762944962979)
 (0.64411756611635651,0.68048852030922402)
 (-0.74914685854174967,0.71326036778029001)
 (0.57510464667738426,-0.77231271973753246)
 (-0.61338011382985891,-0.76540360096973803)
 (-0.7913702085671438,-0.67601330747308319)
 (0.78261592218130338,0.65622649949628975)
 (0.605359220088177,0.68085181907250902)
 (0.75712184132405203,0.73219704582187273)
 (0.75627519910679453,-0.66264003448572817)
 (-0.77017539660811418,0.65733617265194799)
 (-0.7283895433766735,-0.68192055054279921)
 (-0.69451059403471849,0.75261099691894473)
 (-0.78110002956281965,0.69425617226782388)
 (-0.6963021301728235,-0.59730220816709534)
 (-0.66539830824489687,0.74998182242813383)
 (-0.71223012985990297,-0.67549713305199899)
 (0.86246366961664012,0.73721939089929056)
 (-0.77213448846180432,-0.70564321343727687)
 (-0.74873552967670121,-0.72214668019577943)
 (0.70164929322917069,0.6698277620717169)
 (-0.68826102229759578,-0.8864292921962631)
 (0.63104531078784953,0.68951548359703152)
 (0.72279299966166111,-0.66407408633713239)
 (0.72844594027568321,-0.76891468529630447)
 (-0.5469787304701621,0.62219654871513408)
 (0.73912894064339563,-0.7710632793806167)
 (0.85678779792637427,0.82159569899256468)
 (-0.6438344493082071,0.61898407922304699)
 (0.6866942990430458,0.6861099457353691)
 (-0.7332268680574211,0.80961055431283091)
 (-0.64958477908058454,-0.60385881674680242)
 (-0.62455841682601965,-0.73172465818837296)
 (0.85188199166421619,0.68178333083612885)
 (0.70761187290838889,0.7529834069222523)
 (0.76333240910954347,-0.67602782170566467)
 (0.7744442597047414,0.6240706281588615)
 (0.62327901170774402,0.72830658560925032)
 (-0.75555210077875745,-0.60736310596899146)
 (-0.67179296462057903,0.77721111459466496)
 (-0.76746890622854957,-0.69215029295774344)
 (0.79692923649017022,0.7825992467036389)
 (-0.65635439112637728,0.69871035485163868)
 (0.73875820887629429,0.77533687028488285)
 (0.62404030054234128,-0.78232930214929719)
 (0.72036457302908008,-0.67846618026319816)
 (-0.72568354244118927,0.70066474651555566)
 (-0.7020643074939249,-0.76136292861997501)
 (0.66473907960542145,0.62923586585310631)
 (-0.77304524616393999,-0.73896935255032814)
 (-0.63637591781058778,0.68968909539625545)
 (-0.74113584638767072,0.61536221969400273)
 (0.58008792175047175,-0.67372707059884207)
 (-0.63531045884237503,-0.7662565795545293)
 (0.67062672261221212,0.82109841580113374)
 (0.78653684153143977,0.7121924010493984)
 (-0.79724150792488635,-0.63398425561685978)
 (0.83090022811511854,-0.82691263429538386)
 (0.72400102359554253,-0.55535969131943341)
 (0.69163659443658021,-0.95079014287473174)
 (0.68628194962406353,0.69518036573223785)
 (0.75669757813253768,-0.79249606897201741)
 (0.68529880046339586,-0.67244753233351917)
 (-0.66598715103732475,-0.6026364579941591)
 (-0.64039485090145698,0.50341918169440469)
 (-0.76182218429329263,-0.57443171709066609)
 (-0.7380366066321471,-0.74651794106271763)
 (-0.76053625906178712,0.75247553890215002)
 (-0.74601787392248853,0.67641598079158616)
 (-0.67158478889511297,0.70836350990580232)
 (-0.75369505510582291,-0.75380124520925551)
 (-0.79105363457230116,-0.7274510471702279)
 (-0.70711846182798699,-0.82160344808330488)
 (0.74377875423663953,0.64326339239135433)
 (0.83000019442021322,0.90387257580735803)
 (0.74885193615385737,-0.66946621228171699)
 (-0.77847216643790085,-0.70193950656897464)
 (-0.76212281266477411,-0.78557127975944963)
 (0.67288240233807417,0.71452103898258834)
 (0.81012023176776005,-0.65993007406153059)
 (-0.70768926893915651,-0.65019370669031551)
 (0.74537916721880704,-0.83618023622275606)
 (0.70578593999525829,0.73951017207836101)
 (0.75133033623571166,-0.75078309826529677)
 (-0.7402936398332095,-0.60958859601515369)
 (-0.63321532122732982,0.77965153629597972)
 (0.82402746724503728,0.7473588043448649)
 (-0.68112685099926651,0.70477114561850585)
 (-0.80786901236215625,-0.71081886627633517)
 (-0.64239658859210358,0.61120069032904178)
 (0.83693166221111392,-0.60501146518546611)
 (-0.80320836690142738,-0.70888347172123034)
 (0.71843567668414698,0.66577912683175711)
 (0.71380559373572083,-0.83723329111007916)
 (-0.68539918066855798,-0.62824633722460765)
 (-0.69980736818956502,0.69256991497747844)
 (0.77862959180321156,-0.84552110270556335)
 (-0.71752438893081671,-0.72842435674636008)
 (0.72268038140763902,-0.63158457862234096)
 (0.72037303782641993,0.57962338416886661)
 (-0.66856758400196303,-0.75633145205245211)
 (-0.73801814974834279,-0.63103176359657409)
 (0.59159757840254978,0.7901784025247347)
 (0.74425161505829973,-0.71182207442716128)
 (-0.69702225363551751,0.75991469213805563)
 (-0.8334438894531937,0.78674349850191516)
 (-0.50241122104393077,0.74127981968295842)
 (0.66556721988534606,0.66505071137762439)
 (-0.68705766781521604,0.69092592808921804)
 (0.85920316999821356,0.5964962642559003)
 (-0.63350764944512272,-0.71754465567070835)
 (-0.70932494076536856,-0.61388757953252182)
 (0.51622862518242885,0.8356608254091763)
 (-0.75293266516204838,0.75217245333918936)
 (0.68890240424616511,0.67037951672331775)
 (-0.70256000830199028,-0.78096970619094608)
 (-0.82071319594058723,-0.79744204092779958)
 (0.66568552900645905,0.61142189939049907)
 (0.57954377735451956,-0.68644254437967589)
 (-0.69116516051071497,0.71329652014858747)
 (0.68594783121242009,-0.75546252959533122)
 (0.68508956458321713,-0.75238984818198451)
 (-0.82846519851317257,0.6851251938580204)
 (-0.67145840011120228,0.68591989427730971)
 (-0.71821032510628646,0.91291001083109113)
 (-0.84732202945800139,0.81347358689448401)
 (0.65320114678445906,0.78889781411325322)
 (0.68978975673465293,-0.66659507167768162)
 (0.56788458837744071,0.8718443827165665)
 (-0.76478089284441331,-0.65030877411599652)
