# Created by Octave 8.4.0, Thu Dec 11 09:47:21 2025 IST <gamana@Samsung>
# name: rayl
# type: complex matrix
# rows: 1024
# columns: 1
 (-1.1050806277965959,0.226832419068838)
 (-0.38493311540925379,0.18176442303776774)
 (0.58603038609559199,0.39659186232371108)
 (0.25134413254471233,0.022089460310770276)
 (0.38628907301805093,0.26681004376751394)
 (1.4934069740540914,-0.033698391387945614)
 (-0.048839014516177726,0.25753955117765448)
 (-0.32162581959625675,0.94649221002462425)
 (-0.36662225105879587,-0.64509149955330136)
 (-0.41252765079567205,0.38774313636817387)
 (-0.28807899996014297,0.070320703915780783)
 (-0.41201941060344777,-0.30411458985235168)
 (-1.4376532031586606,-0.38397063671211129)
 (-0.081239888044982334,-0.14505824870378359)
 (0.065331126196845973,-0.53698368176223377)
 (1.1972114206283992,0.38871075354708234)
 (-0.98924224433941665,-2.0360208544125209)
 (-0.33838555775116591,0.18797958647784024)
 (0.80891876539194407,-0.23431510558475382)
 (-0.35726490135716116,-1.8154147226393498)
 (-0.8429215176715612,-1.0183802176388863)
 (-0.16444491735528366,-0.85674559661357719)
 (-0.19211756133585567,1.0362275920995689)
 (-0.059973902928363521,0.94142312962831198)
 (-0.086854205190432063,0.20783014875238726)
 (-1.324660003831029,0.079652411156794889)
 (1.033602493845843,0.13894839427898492)
 (-0.16593834574333372,0.039862867152388473)
 (0.19383977143805936,0.93243094999817311)
 (-0.073018888732138576,-1.2230562451701936)
 (-0.91281446011547174,-0.042366478079157333)
 (0.52554083571056553,-0.10749765502853137)
 (0.76212713151539513,-0.72303759153420988)
 (-0.73652318108048165,0.65742087990022358)
 (-1.391860979066408,-0.88032417117241279)
 (0.45276325535363349,-0.10775312319871613)
 (-0.56036477704230525,1.4950767802365237)
 (0.66897892472058507,-0.056668476381379451)
 (-0.53355727874194558,0.41352279919861618)
 (-0.62159545884758338,0.71472129922240835)
 (0.43183182225200234,-0.29861936926377952)
 (-1.4828126372160144,0.52564169623104662)
 (-0.30408107556126013,1.1109300659933481)
 (-0.11118755845822972,0.23335644870601854)
 (0.24548007010596745,-0.4562102797132836)
 (0.63427705963530867,-0.58652510089448695)
 (-0.57564781590583147,-0.62833625096325629)
 (-0.085416719733981711,-0.39087849753896464)
 (-0.63722993360647817,1.1973342020982791)
 (0.14234344438429203,0.58178814854379879)
 (-0.97993464802026176,-0.18152993987598021)
 (0.020922651215001253,0.62813908664047602)
 (0.6495886412907188,1.5154506922688982)
 (-0.6127338301819748,0.39840691065821737)
 (-0.38133863149367042,-0.6441680168417967)
 (-1.3046551080021378,0.43158862337538684)
 (-0.73758563790918696,0.26118325634144018)
 (-0.086846598744151765,-0.39802639345876512)
 (-0.53772027289709334,-0.88925766746169099)
 (0.5206844400037105,0.69456155058842572)
 (-0.52818163356211278,-0.6886142100843502)
 (-0.77541708664090492,-0.32387658869977853)
 (-0.27015887081237439,0.86135882581876144)
 (-0.031396140171417619,0.35632554836730268)
 (-0.4380093409436715,-0.34420494215049124)
 (-0.45144600582293054,-0.26220613829509204)
 (-1.5211865567618377,-0.39309601626989432)
 (0.32155484298801523,0.37581545190142768)
 (-0.55812086839234099,1.0343028213613183)
 (-0.58356347966305999,0.31129760394513079)
 (0.072914320607947725,-0.75513360847564615)
 (-0.12201249050922752,0.011783635065123921)
 (1.8722497372142575,-0.32444329226002577)
 (-0.39548246827854328,0.37691606061413263)
 (0.30563155234996975,-0.47222673075019761)
 (-0.80057900049707442,-0.18924696516189443)
 (0.16288533187901755,0.80077964150640091)
 (0.98557472038517413,1.0434742787224394)
 (-1.0769391381791378,0.59411310103798309)
 (-1.2050508949634378,-0.88138241040520449)
 (0.40004144707374789,-0.96103389147582807)
 (-0.26237378940005696,0.048667487672552565)
 (0.24674200029563104,-0.3729353585660235)
 (1.175426100587702,0.44971833432748459)
 (-0.83395158449449469,0.030412665330731559)
 (-0.22936297225055047,-0.76403460924638567)
 (0.072647347099823859,0.23309016682396316)
 (0.32170390457127479,-0.14430173470865354)
 (0.355347335603799,0.99014838224741997)
 (-0.17623028190916279,-0.34463988383550581)
 (0.45445276913118604,-0.14832972730055113)
 (0.46676390562391262,-0.32688133891781251)
 (0.66530562733553378,-0.25345047767618467)
 (1.1351093088476505,-1.1598821131286905)
 (-0.73727604943535452,0.20694004908988156)
 (-0.53966157481016186,-0.71097735358893299)
 (-0.026099207694910254,0.051871256427106133)
 (0.1408720279907397,0.22269004827861036)
 (-0.58393046385401604,0.92902815615343715)
 (-0.20767509647282606,1.0756528318971641)
 (0.19855017207776771,0.27589311472631617)
 (0.50105305252832677,0.4241392227235638)
 (-0.44537049038738957,-0.17475382340616691)
 (-0.52296932098759075,-1.1709452593229508)
 (2.108966405385527,0.55414385943495548)
 (0.63348973853089818,1.5222990601932755)
 (1.2218484644502301,0.46294493260952146)
 (-1.3235459531122227,-0.43269985760362328)
 (0.1337402272944096,-1.2624634321958017)
 (-0.5950743075383701,-0.66517614647445955)
 (-0.98263936399602336,-0.37793226979944022)
 (2.1374112513599801,-0.23609119926148303)
 (-0.27269714204552087,0.016584084478269173)
 (0.030112459382943269,0.77917994867494789)
 (-1.0315382799674957,0.37602004150206586)
 (0.12452052354550769,1.3600409451717601)
 (1.2265504374388589,-1.0643179052291338)
 (0.18251696076649174,-0.32800771297819986)
 (0.97538389227021349,0.068925712160594066)
 (0.12022362291574692,-0.35932726749508381)
 (1.4998484649651067,0.33887305924049493)
 (-0.10308729066580764,0.14174032743834653)
 (-0.57010360169426089,-0.28736147063335027)
 (-0.71025499846600526,0.50555901322301067)
 (0.17522823396462853,-0.082453889421079812)
 (0.4479587109420895,-1.2887041481789114)
 (1.0582485537366346,-0.82099768549753471)
 (0.60854302429767693,0.47046865181466646)
 (-0.4050127372958125,0.56375542428091197)
 (-0.020147017134896306,-0.28010901303638464)
 (-1.0307643515236631,-1.1105402127489219)
 (-0.26119062761901218,1.0221151316983219)
 (-0.56783777830188398,-0.72124538948821026)
 (0.83925566624580272,-0.39220421676683548)
 (-1.1457734191156332,-0.22290481274737034)
 (0.2230433894531777,0.44562063451208755)
 (0.72292418861254115,-0.87462277440857739)
 (-0.47304143705437623,1.3255149171384912)
 (0.69821890648037122,-0.26519245020321142)
 (-0.78099635784191479,1.3544517769797504)
 (0.074857445754929919,-0.10146905702610495)
 (1.4562039417094719,0.53619618951898862)
 (0.58642953818302868,0.29989520439964512)
 (-0.66183622427876099,1.1996684395819637)
 (-0.55588556373092368,1.2336468833230709)
 (0.44163190967003285,0.93907252353418291)
 (-0.20446038264043298,0.13254545990932787)
 (-0.63823016075139949,-0.044553271635846103)
 (0.5337808469237344,-0.18643701282334713)
 (1.7486750979388916,0.4861759435939178)
 (0.0063051998817476029,0.93798125185691938)
 (0.16231750388449107,1.6792145053009)
 (-0.68916946587152905,0.75784512111043068)
 (0.21506277160703496,-0.35060487450738759)
 (-0.70507997730235239,-0.42605932745211295)
 (-0.34302624500602752,1.3605251562536294)
 (0.25362529664755229,0.66702624790705145)
 (-0.50059317860026109,-1.3462610177165819)
 (0.60586280838222595,-0.47525405491690531)
 (-0.13200454243237292,-1.1941810788398057)
 (-0.49428692717553424,0.61957564801769538)
 (1.1634566024307791,0.67665648694286729)
 (0.60613831383048788,0.066465580748274578)
 (-0.97432501689444417,-0.77647064843430069)
 (0.20793811933001741,0.38557697640800104)
 (-0.88521708867787197,0.098171823623744991)
 (-0.59678004321007827,-0.45887437854275626)
 (1.2087802598233872,-0.21828625373215627)
 (-0.65491903455000433,-0.38242216871517998)
 (-0.12165511135729119,-0.093611291563298102)
 (1.1904456045639735,-0.82002043901972632)
 (-0.1456597465377919,-1.0527011688208106)
 (-0.078554242041033048,0.27692141721827818)
 (0.99017825348691746,0.36920842197546105)
 (0.14276126762919972,1.5396514611509935)
 (-0.2663441089454216,-0.064818449423515986)
 (0.74845371972671304,-0.65210741949873319)
 (-1.193574991905322,-0.50122919828671586)
 (-0.14547174637292182,1.1489390366198109)
