# Created by Octave 8.4.0, Thu Dec 11 09:47:21 2025 IST <gamana@Samsung>
# name: awgn20
# type: complex matrix
# rows: 1024
# columns: 1
 (-0.78271942602625133,-0.76102667652438072)
 (0.72454010596438567,0.6849743239137982)
 (0.77781373210438476,-0.65633051553761124)
 (0.70864988873976231,-0.6351500398358112)
 (-0.72067805981668587,-0.67788123324431604)
 (-0.71670693145870257,-0.57252700787105559)
 (-0.74624430938207731,-0.85708456211998429)
 (-0.72905676726075952,0.63801821466976116)
 (-0.52502505345272654,0.74379982816904988)
 (-0.78811296060987357,-0.72886441365312105)
 (-0.67108304822184606,-0.77093837006852417)
 (0.74361335752878921,0.61811488474171172)
 (0.6732478665032694,-0.6871156906570749)
 (-0.5726748332617837,-0.63786636539496033)
 (-0.68416145852773602,0.76146965427737112)
 (-0.61706413631855639,0.73236126327643458)
 (-0.71861667902412452,0.79669096160889341)
 (-0.74359054327551677,-0.75084957081529724)
 (0.68761358671646156,0.59632810773610034)
 (0.70057420549104854,-0.63226404364482225)
 (-0.65057430881502587,-0.73810017485576962)
 (-0.75234801730496936,-0.76871033068728312)
 (0.68670679302420656,-0.77066432098873194)
 (-0.7643452711756018,0.61176785508882403)
 (0.67716503658416871,-0.66307856669623322)
 (0.65653758985148902,0.65603844604373618)
 (0.77566464287543258,0.68019395028057905)
 (-0.69506073419521541,-0.6987849656192221)
 (-0.72530962923342845,0.71676920012876266)
 (-0.69295962679656842,-0.61755224759863103)
 (0.60665099965108815,-0.64840426224195857)
 (-0.73156881941934615,-0.7212286935644725)
 (-0.84400948675457776,-0.77465787060376401)
 (0.64043426927095914,-0.63398955312847727)
 (-0.65831191400754629,0.78303305508320076)
 (0.80227240383475951,0.64489503214659105)
 (0.49933417432842964,-0.71584321076220103)
 (-0.66655714494501483,0.75147980833143568)
 (0.72250169512674045,0.62995166777394751)
 (-0.72663936406905838,-0.73161591708882145)
 (-0.8710187939379932,-0.74088725569782943)
 (-0.62434853028836457,-0.66432167591191416)
 (-0.7445997592058069,0.64335796005658097)
 (0.73036250554720861,0.75445724768520384)
 (0.65837097688102997,0.64604699953310973)
 (0.72969017562345506,-0.59679478111316064)
 (-0.63534783445285792,0.72847434745662976)
 (-0.70755674775365185,-0.78406903966902952)
 (0.67431138591737805,-0.80651873629029847)
 (0.71104293861219903,0.76086723386122412)
 (-0.53259891889286115,0.63705424408835165)
 (-0.67353747299237576,-0.72238802155117732)
 (-0.6629189600932569,0.69661021121913191)
 (0.77779110712910071,0.59283123198284149)
 (-0.73630696148635921,-0.76775766008012536)
 (-0.73931807318696363,0.72445422160534145)
 (-0.70174279770372583,-0.61527345582168302)
 (-0.82357668376173798,0.71510110088950951)
 (0.72578761026670202,-0.65850807689531754)
 (0.73553842682053827,-0.71402929755707778)
 (-0.60413703728313994,-0.72576000645211358)
 (-0.63484462891502558,-0.50628257344652983)
 (-0.78148501344641563,-0.72870210459112905)
 (-0.59739920835603044,-0.66046627868229246)
 (-0.77629958367413554,-0.64821247197744958)
 (-0.83331971695735996,-0.66976251377164353)
 (-0.73895311879638137,-0.61653750514996408)
 (0.76293670553092086,-0.6678327059064495)
 (0.69219908810010833,-0.66567979465341065)
 (-0.6890282681444253,0.73091637692653155)
 (-0.75784151009266332,0.66429948272318018)
 (0.75216741418108568,-0.79597658664376814)
 (0.72609913829354844,-0.77548949291927938)
 (0.73099145998887438,0.7306714725740141)
 (-0.83735844977939033,-0.64707376973321107)
 (-0.75176493825541091,-0.7099819291689351)
 (0.60511003393439955,0.85221293344737703)
 (0.70817943101097158,-0.69824127272774272)
 (-0.74998726921726155,0.71281610187467792)
 (-0.69031066518653172,0.81111288671235815)
 (-0.61346119631506013,0.76729876162349842)
 (-0.76194502980797107,-0.70826971475933553)
 (-0.74150865958862622,-0.72433243492101507)
 (-0.67517032395866083,0.64907535698672048)
 (-0.68944672212469127,-0.65418698784254248)
 (0.67154461456291337,0.62092348961942745)
 (-0.81062514021333121,-0.70156905229863697)
 (0.78574179760261798,0.66932044604420116)
 (0.65095290534943173,0.65722201748209952)
 (-0.67320169879772818,0.73874653593008155)
 (0.69054799303820447,0.5881299955445507)
 (0.61770003514106231,0.62953047627729308)
 (-0.67734242606754003,0.61522421287136309)
 (-0.67234601537925742,-0.77824383382650064)
 (0.75413284981553275,0.76224062582303287)
 (-0.66762018479678897,-0.66891529599816635)
 (-0.76549779883576197,0.73598623448847622)
 (-0.70161143576748108,0.76385790842550105)
 (-0.64316305898885395,0.68593171650307072)
 (0.80102078656830955,0.69395899072825185)
 (-0.66505652052617259,-0.7381183929065207)
 (-0.61134189091439373,-0.69702005802285416)
 (0.70168210157285082,0.66185897961079743)
 (0.6935644195424463,0.74100964958827364)
 (0.74854755493574676,0.69980462223817519)
 (0.80868158537272783,0.78140903218197699)
 (0.56677364878517478,0.64807222350609039)
 (0.67761750491755035,-0.66231532111076952)
 (0.70482516839747689,0.69329105751158959)
 (-0.70528676128559342,0.65422672860361719)
 (-0.66176203308087611,0.72705483275560523)
 (0.70291822587177544,-0.73316474674118071)
 (-0.69445586292685046,-0.68917879788221859)
 (0.84642474441016291,-0.68293077513996603)
 (-0.5968325560487352,0.70473615502075515)
 (-0.66833402146712173,0.70538772669928518)
 (-0.72036336234851461,-0.66182913528564957)
 (-0.74505195944574754,-0.83553456128904557)
 (0.73236440850067219,0.67380845578133308)
 (0.65727072008268628,0.6342712884572449)
 (0.70955678112826381,-0.77170104636046588)
 (-0.75591160979025396,-0.73305264274728987)
 (0.67531342909309922,-0.67983360457249731)
 (0.67864803445829769,0.62600826544959576)
 (0.70611878350295831,-0.76507002436362781)
 (-0.56168836336563677,-0.70557473353754607)
 (-0.71339292403813515,0.69476183820634652)
 (-0.62892005711142007,-0.6841586027415254)
 (-0.72234929912216539,0.77795701405263185)
 (-0.65925087016425077,-0.65300868501816112)
 (-0.6371257494905499,0.68066027801372031)
 (0.74842609091925538,-0.65175809184613431)
 (0.72018542756422754,-0.64330085638790802)
 (0.62664199663839926,0.63818081917292468)
 (-0.83832969698153681,0.67397880850978698)
 (-0.72493011253405704,-0.67081660482254157)
 (-0.80613092239713535,0.80850509488737055)
 (-0.59924141247003759,-0.79323530273023057)
 (0.60853269729245651,0.61953019792384656)
 (-0.73349772838666294,-0.74629667377043174)
 (-0.66069184785742585,0.7808999376370418)
 (-0.79744657204467151,0.6258641215498626)
 (0.70448670211150044,0.76182480224237703)
 (0.75065429872408307,-0.60434991986853304)
 (0.81746222660733159,0.7101286527875329)
 (0.71535198929444499,-0.69169423286680221)
 (0.71810987314266661,0.684374118139358)
 (0.65195617161373842,-0.79220344360265615)
 (-0.86388247166242393,0.75980037775863196)
 (0.82907603691027532,0.69909713405320262)
 (0.52421502092753824,0.73208695917716837)
 (-0.79057094806785499,-0.63983213315906085)
 (0.59326689851762404,0.6857885004944293)
 (-0.70310912690463179,0.63410078802205039)
 (0.55642554547080003,-0.74395966246300749)
 (0.70393772503065555,-0.71317870360692959)
 (0.85034113699567193,-0.76745497104234572)
 (0.79031449735059789,-0.77565118255236531)
 (0.69668307712499722,-0.74011561137876691)
 (0.61507514488440485,0.67545969441445075)
 (0.70945864845424433,0.71334201968123545)
 (-0.68133635296670314,0.72657060620908487)
 (-0.72648477325224359,0.69634465048146521)
 (0.76692785996033863,-0.80743147348804267)
 (-0.78634923849616645,0.59855280015649115)
 (0.60627983025698251,-0.77967891084996432)
 (0.70369838488071479,0.80667158036796238)
 (-0.77418956928311888,0.89971777153357202)
 (0.66691368681447172,0.71576611619368524)
 (-0.76055470034563388,0.56557603787195376)
 (-0.7309368784211201,0.79561531824642084)
 (0.64266261091934462,0.64764859453415202)
 (0.70986121489280551,-0.65189090602430722)
 (-0.68336722905698966,-0.6039336745522601)
 (0.65959439821655086,0.63928053848338906)
 (-0.65829403691531929,0.72163872676388541)
 (-0.64558267354654642,-0.67814306180795692)
 (-0.68150106150631296,0.81183660479292685)
 (-0.74708385411818701,0.58265921067182591)
