# Created by Octave 8.4.0, Thu Dec 11 09:47:21 2025 IST <gamana@Samsung>
# name: rayl
# type: complex matrix
# rows: 1024
# columns: 1
 (0.55948661760301976,0.33377101851391749)
 (0.24420488034875745,0.47304957972722161)
 (-0.97979522504447081,0.39306381644016475)
 (-0.45901445983613881,-1.2800380382861629)
 (0.18904206809762703,1.2995960216782658)
 (1.1566647913007206,-0.36778029910335375)
 (0.84876287668461048,0.48496582439525149)
 (0.99462048283182924,-0.018023849456440921)
 (-0.077992333791057855,-0.95278600963421434)
 (-0.16879064204600291,0.85175053485581975)
 (-0.24195740941555816,0.69594522093310096)
 (-0.28451997261055451,-0.50496566279000354)
 (-0.53511685132055609,-0.098460882607099953)
 (-1.4640321357029102,1.0137900084355458)
 (-0.45225860336573254,-0.23858286935857642)
 (-0.12809235598260899,-0.84305684646209444)
 (-0.12328374027665544,-0.31348635724059382)
 (0.7446961667905333,0.29203706658532191)
 (0.17639201451619174,-0.28092673093867815)
 (1.2868096753274401,-0.32736003849560363)
 (0.8370116521558193,0.85838129088954895)
 (-0.38621502358576337,0.88641765117156601)
 (-0.17139457697243879,-0.14894122157411019)
 (0.51655837808606964,0.48760320902149074)
 (-0.26386840612618778,1.7084638383154467)
 (1.0712555184512971,1.175116103646858)
 (-0.33066900245917807,0.27309832375362064)
 (-0.087686368319963959,0.34677920445490568)
 (-0.23869059977390467,-0.78676812730496493)
 (0.7228346610146813,1.019625175005149)
 (1.6135430190524223,-0.66260115905703909)
 (-0.37902801622979571,0.39675461377116522)
 (0.29073590029426549,0.047920672431005576)
 (-0.30178666723155256,-0.27005530441457892)
 (0.68483802426128015,-0.99252535750001747)
 (-0.13883456252453286,1.5536924163794306)
 (0.35946024931308995,-0.39175010847484282)
 (0.55905964677314612,0.95420111898713111)
 (0.13817565733516282,-0.21049416173412097)
 (-0.77199251224535859,-0.27076331462433695)
 (-0.56906862186425522,0.91375539780068549)
 (-0.17025376299432043,-0.46945737151522765)
 (-0.11935968732760899,0.80317060297779075)
 (0.1139019397548343,0.11819579286096872)
 (0.19437955712956506,-1.1749275767185559)
 (0.35661289681903641,0.090759777987356904)
 (0.068638244486614791,-0.10501803982335212)
 (-0.26188236851682523,0.7440832518425502)
 (-0.17601630893205547,-0.16567149247372634)
 (-0.1919675014808232,1.0815321599634915)
 (0.33095736445020396,0.20417528635623203)
 (-0.35234538019493028,-0.47468290938159424)
 (0.65859604468196553,1.4420274500983297)
 (-0.78596662242990023,-0.8097438967825672)
 (-0.35523216762207416,1.3203809716969539)
 (0.83362340933805557,-0.54748151444384485)
 (-0.37306624915812991,0.64911971930317669)
 (0.62252493849171797,0.030695689452206631)
 (-0.024771892185692715,0.27427546431874794)
 (0.62479989899067834,-0.023905402033997158)
 (0.52527079061320792,1.073698697295044)
 (1.0259354107324004,0.27788322269117344)
 (-0.040126817881869781,0.78417848009129454)
 (0.3635040749611182,-0.41513236831658712)
 (-0.36967201545849754,-0.30174788032695482)
 (-0.80131177662513231,-0.18515672274639344)
 (-1.0498388149454314,-0.54846136280093727)
 (-0.14803977958873937,-0.22482839713809094)
 (0.023992506833682925,0.66460067894531394)
 (-0.044117020322398864,-0.50330789837220868)
 (-0.073896971832078939,0.43514755464713833)
 (-0.17230269643408713,-0.098925711021972187)
 (0.4645443320395537,0.31046321920934672)
 (-0.56554511315837719,0.2427858356383028)
 (-0.32673465571689159,0.79211279155776149)
 (0.85994768725043269,-0.049331468321967775)
 (0.49861624491061785,0.1038178849479103)
 (-0.59864756264014229,-0.11543230301800197)
 (0.37841454807259967,-0.77156951481547031)
 (-0.89753436339470005,-0.072355216126099298)
 (0.010342448721785136,-2.0936865120784027)
 (0.25105421897729174,-0.058676649540035181)
 (-0.56025508329674034,1.1370774475803911)
 (1.2495268310117835,-0.3403444746358173)
 (0.37409359589948327,0.99254106489678628)
 (1.5122979996348047,-0.51243676651170555)
 (-2.097003003001392,-0.33391022253278757)
 (-0.29622481420797997,0.54880939260327777)
 (-0.50916267835831386,-0.38590253121164841)
 (0.41334216351366782,0.93082397695742825)
 (-0.051628151205906136,1.1643443298211738)
 (-0.27188358908476851,-0.59612082950587209)
 (-0.1711141077875622,-0.99801110237100787)
 (0.32122296915346188,-0.0022082667509021325)
 (0.70418839077065154,0.45811398613570503)
 (-0.90070807007688714,0.087530345717167779)
 (-1.2665420021760345,1.0516146796631938)
 (-0.49289683643220217,1.3281676053713827)
 (-0.12002382435676512,1.0917378913540727)
 (0.44793935260480894,-0.0039286136712561315)
 (0.44326436410568437,0.028154312977254931)
 (-0.61749510233737381,-0.13074901319071286)
 (-0.095894472554207633,0.4479370506163029)
 (0.15416544947521349,-0.88057965339398281)
 (0.61712177726514084,-0.6577107884612815)
 (0.29284451186225441,-0.34733337113648183)
 (0.45696643842215312,-0.2795810886635931)
 (0.44063302961321782,1.9491423988671652)
 (-0.62448612565750239,-0.36625439734237053)
 (-1.0291304455800288,0.052950424040333566)
 (0.73185802970673564,1.2234706297806297)
 (-0.48480834379311166,1.1333545015986779)
 (-0.34633089204291678,-0.16060927157707164)
 (0.42427497194463659,0.80189082922920285)
 (-1.4882145866195291,-0.37923742948345918)
 (0.36796266607293915,-0.046700508445477851)
 (-0.22462068823714484,0.16857841792032871)
 (-0.6516482992450966,-0.80782928515358299)
 (0.58612141938527773,-0.47331981026133896)
 (0.087503830885492601,0.061515170440248207)
 (1.1027420293639094,-0.91517593144960163)
 (1.9389640239512653,0.4385964936236163)
 (0.5236142814390955,0.77396915511349917)
 (-0.83386677724115288,0.35591249909829992)
 (-0.38379726002086823,0.40854607554890765)
 (-0.29412245015564631,-1.4521116830707714)
 (-0.58743042610564145,0.3858614361661894)
 (-1.2348704966735284,-0.30937672747274286)
 (0.13351313613123528,-0.87562529349136764)
 (-0.80169835178124349,-0.60553290936414639)
 (0.32412748744173808,-0.56883399263170042)
 (-0.13827491550623905,0.67459372428374464)
 (-0.89519343660751161,1.7144971520166881)
 (0.13349741006666471,0.88190029947556747)
 (0.48793519888676579,-0.21065209504357335)
 (-0.74601454931112754,0.50972762409291439)
 (0.7606014748148221,1.3020313812212958)
 (0.3840191052725398,0.29495624843301471)
 (-0.035528503039986115,1.7444464077556876)
 (-0.7090040489212448,0.80433539568118162)
 (-0.24665624093969057,0.28039368973795259)
 (-0.18861322736064112,-0.65965331645208714)
 (0.63248580547364242,1.6316289958099341)
 (-0.44146580286549597,-0.2869636148415563)
 (-0.37371278373073291,1.4949580596315184)
 (-0.020350389172666006,0.03097054986441217)
 (-0.36420004670731415,1.0841695637075346)
 (0.38326892457583484,0.5913893985549703)
 (-0.044598329171511686,-0.78461797389640275)
 (0.10187630290124239,-0.95535747956692352)
 (1.2747807560508648,0.39558169876550298)
 (0.61723364148482374,0.52989523158714047)
 (0.19917357922077242,-0.40040045560969251)
 (-0.086868199706361754,-0.27214025543109677)
 (-0.20502970026278688,-0.062161728118254156)
 (-0.028724770487132678,-0.14844674359079019)
 (-0.032130821955111522,-0.67199260437397013)
 (-0.80046454431621394,0.22100435063843954)
 (0.27189142740557004,-0.28238889371513409)
 (-0.057115384451075557,-1.0972565174358566)
 (0.86620520425081204,0.91752545765320537)
 (0.067346252255368083,-0.19346620896489217)
 (1.1830597850489644,1.3108816231517799)
 (-0.0042589790608761335,-0.53360036896189722)
 (0.89024919270703007,-0.2715195358674557)
 (-0.3061516489908086,-0.79230741122638049)
 (0.97052212068447408,-1.2940424911753567)
 (-0.1041464540763609,-0.15526818142103968)
 (-0.7995211053692951,-0.3517040042542342)
 (0.82282037242513695,-0.5070983626847686)
 (0.070006818196058154,-0.016112741913185073)
 (0.2929798085154714,-1.2426757147959679)
 (0.84488786164935159,-0.41850320138820174)
 (-0.19666247091424649,1.9862706411286601)
 (-2.0992677121153536,-0.73396451176569522)
 (0.3743180159816375,-0.68051610571111376)
 (0.46465779984844202,-0.13006494545877043)
 (-1.033426159993597,1.5397181754879417)
 (0.023748755149251122,-0.59680166209555541)
