# Created by Octave 8.4.0, Thu Dec 11 09:47:21 2025 IST <gamana@Samsung>
# name: awgn20
# type: complex matrix
# rows: 1024
# columns: 1
 (-0.69432647842481521,0.82960744186138125)
 (0.77023634185398293,-0.72898933137624322)
 (-0.69706547962479781,-0.70022686274134005)
 (-0.88619497541910675,0.57236593921175505)
 (-0.71523083850540159,0.69898281172458165)
 (-0.68952296907464394,0.60787153352508461)
 (0.60233152272193957,0.70981742938307635)
 (0.6442273879028424,0.75381808180591314)
 (0.58201473775027579,0.57467265710687587)
 (0.57164368547498001,0.71809505683139951)
 (-0.83153469697404381,0.70518730824997655)
 (0.70426382845170699,-0.73820192695490827)
 (0.64107804909720567,-0.71203048182058326)
 (-0.72300242488815492,-0.64713238177029153)
 (-0.71130946563508257,-0.83724811219747575)
 (-0.6147459879626741,0.80833723816371661)
 (0.74797291439361235,0.78595547673706012)
 (-0.78079190994049963,-0.72131047579175178)
 (0.64869884308319592,-0.61587351580442551)
 (-0.63365250440325438,-0.67903008255537178)
 (0.7305975311768057,0.7836781389367401)
 (0.74597626086650459,0.67219434021167224)
 (0.62249373325391055,-0.72664946978346434)
 (0.67668182087071349,0.64305602782211413)
 (-0.58341218636905612,0.65230062049373594)
 (-0.62517288453868813,0.73271024431978271)
 (0.75972546570114541,0.70014441260550564)
 (0.60479917509677594,-0.62925845158261617)
 (-0.65994837755425506,-0.64823386224064561)
 (-0.83949921026826768,0.77598974615072391)
 (0.65767263978089063,0.64674252017225764)
 (0.77104426190446596,-0.62324164657927694)
 (-0.67317912053111251,0.79423808964897047)
 (-0.79332168426015337,-0.63604348585022463)
 (-0.73957643601054335,-0.64077138034354142)
 (-0.71899779706602684,0.64527850981133206)
 (-0.63404019469414075,-0.59508270474066916)
 (-0.67725780996482643,0.56655781856849075)
 (-0.65758124134206986,-0.72344095146169662)
 (0.80145673498303305,0.7390296719618733)
 (-0.62094054367158202,0.71707397918169924)
 (-0.72599873394163295,0.7477033027585378)
 (-0.66940659702170446,-0.7121629097082548)
 (-0.67585704023738857,0.67984422118903587)
 (0.56423973731222998,-0.76016342548804239)
 (-0.69701231595313562,0.79394326490314338)
 (-0.77322205578990244,0.78484154389625338)
 (-0.61994265790082204,0.77405179251520206)
 (0.83180874011156447,0.68551104372555716)
 (0.82706582150971741,-0.67990255926047671)
 (0.71407378968941804,0.76842313502684756)
 (-0.70523719249891859,0.83530694883729673)
 (0.65165457455474396,0.68526024240422079)
 (0.6741485567546881,0.75511730105740071)
 (-0.54723664609815681,-0.62907348193857782)
 (-0.64123833329876434,-0.69786855131921677)
 (-0.65858953674931342,0.75652382949328545)
 (0.84905493165189971,0.72436561631265495)
 (0.67131006854152675,0.81084308063456967)
 (-0.71357321122318573,-0.70250205963560319)
 (0.71975379821398744,0.69180212171319289)
 (0.81948280100105797,-0.70922671984946839)
 (-0.72770122147847294,0.72940426142479686)
 (-0.58317121165709707,-0.6131043352758766)
 (-0.79597731654378778,-0.79636970196452062)
 (0.68561494066616802,-0.71036930407692334)
 (0.59568857542473874,-0.80133052120239645)
 (-0.72828261033030028,0.67058334531362784)
 (0.67469805987197107,-0.73442499380204551)
 (-0.76389830455648366,-0.78803804138782629)
 (0.70510606550873534,-0.64716482254949503)
 (0.73623452243995269,0.69942423122158226)
 (-0.79110817310490933,0.63912403929917549)
 (0.6880438143099441,-0.65153091561476861)
 (-0.68746658056734333,0.66169800328530726)
 (-0.70453761087931122,-0.67799187255014948)
 (0.63787874050587834,-0.636650503419249)
 (-0.81096016525466585,0.67942285893284871)
 (0.52584514021172502,0.66787002012752161)
 (-0.67197995999399041,0.75118433345980873)
 (-0.82953510201171887,-0.69140965330329007)
 (-0.7237809128470698,-0.5696690960764893)
 (0.71474310262456175,-0.58003958896140317)
 (-0.67779168902223286,0.72320643067178825)
 (-0.81981509695985744,-0.80549823668781273)
 (0.63827418105005407,-0.77259986538949421)
 (0.74649506619353723,-0.76778771032151227)
 (-0.69604008618869206,-0.70126125483928459)
 (0.81177199382531862,0.77524748696295442)
 (0.59022548383784035,0.74887684206346894)
 (-0.60397380780769638,-0.6667837029226199)
 (0.77299411514011784,0.67449616429138914)
 (0.72163285359310769,0.81331532383298577)
 (-0.61480389623684961,0.74247614457470912)
 (0.69903772279577858,0.63660752433855383)
 (-0.76740689358355607,0.74080983860666216)
 (0.70119848219048031,0.67355578316265108)
 (0.84257426036864269,-0.78757182153539107)
 (-0.64661834403095153,0.80502061578514839)
 (-0.79556722015041414,0.59586888224560952)
 (-0.53232322633996831,0.74725577816873123)
 (-0.63235598113004698,0.77446380837283124)
 (-0.73922575746620112,-0.73846781688775154)
 (-0.7630320517683894,-0.71113809177573095)
 (0.64158720907975642,0.69072217376795808)
 (-0.67000874678917943,0.71698682368111566)
 (-0.68822045174751745,0.6509183312575535)
 (-0.70925608434501008,0.72949211484106447)
 (-0.71870889019265993,0.68232708487115112)
 (-0.52732687793001076,-0.63088683735282269)
 (-0.64064994853162593,0.68205197238455351)
 (-0.6978290931063309,-0.75133773014830219)
 (0.7145881584291528,-0.72377707839373573)
 (0.74546323506214829,0.60161873736623361)
 (0.6821130113128453,0.77591359555407036)
 (-0.75776905112810478,0.7024005855937222)
 (-0.66712769738685362,0.81674313189793368)
 (-0.74752610158976074,-0.60520093248105711)
 (-0.68027048607992036,-0.61600472602864198)
 (-0.72334499576330102,0.55385232469962098)
 (0.72161377792807679,0.74973527209357005)
 (-0.73940300973241613,-0.73329423535536142)
 (-0.77486861161253517,-0.76558534568641912)
 (-0.67551900131591891,0.54574563313592572)
 (0.73201591551524114,0.78051071704712693)
 (-0.71384663908899149,0.775398244029606)
 (-0.73177306514720897,0.60765107603595037)
 (-0.74431625344959784,0.75094708699030088)
 (-0.75489032164724701,0.66820784606018535)
 (-0.78977082662829179,-0.66520931637012126)
 (0.58389976286039913,-0.7023057855575523)
 (0.72649848509305148,0.82394720455412074)
 (0.60633637113334404,0.77276094581766186)
 (-0.74935322229373302,-0.82933806754804007)
 (-0.82016426045486313,0.73209929688089104)
 (0.63112622088014403,-0.71677141075109707)
 (0.58927616215894041,-0.7942727719149707)
 (-0.71571245622149915,-0.58533736809948678)
 (-0.66208438923943491,-0.65173347372828949)
 (0.7898452879751745,0.76244249747377035)
 (0.7451724984308985,-0.7271621833761005)
 (-0.82544511242365037,0.69873404256319327)
 (-0.77294669949884398,-0.64520922123659619)
 (-0.73696811181607036,0.72229121917857886)
 (0.73953364765667262,-0.70625556718566462)
 (0.70028870546096744,0.74884708661626309)
 (-0.63110708492275192,0.76127757796029105)
 (0.65435693761665437,-0.71265224819456652)
 (0.51920805916866253,-0.62057190589983047)
 (0.71846563336399494,-0.65581206427949246)
 (0.77851958430780155,0.74377089651173456)
 (-0.65678844702531458,-0.59763225787958052)
 (-0.58067940311047894,0.72684238401326828)
 (-0.71097508109046215,-0.68973857072776135)
 (-0.57901861503025609,0.72389136778955343)
 (0.71479713012230162,0.820135773801972)
 (-0.79122292963627672,0.66953270167007373)
 (-0.63176459724300427,0.76463438705144759)
 (-0.75888534683991005,-0.64739888750084706)
 (0.73142991759252118,0.64058955815219387)
 (0.68811390266568695,0.7629467201387703)
 (0.66224740094625001,0.79613128888229856)
 (-0.69289265669715572,-0.57443937792915434)
 (0.83253209631998004,-0.67368107088845175)
 (-0.7173276342303031,0.74614587479365679)
 (-0.73148183411577428,-0.77069932999518787)
 (-0.69317100334046933,-0.76742537712537351)
 (0.68166566691005781,0.76167657281916779)
 (0.65409291543445347,-0.6617680408777511)
 (0.81655097237916485,0.60520159102158844)
 (0.8324921169366637,0.69482897778149633)
 (0.73513193905221552,-0.59638983818609237)
 (0.68692507431660521,0.66951779000859568)
 (-0.67674994627661056,0.71941771962451084)
 (-0.77512082903428747,-0.78950330165276383)
 (-0.65778793256849399,0.73677154755156549)
 (0.74069557301421762,0.67277057942025476)
 (-0.63541560193445557,-0.72324433824279954)
 (0.6644138877437219,0.6729102895721053)
