# Created by Octave 8.4.0, Thu Dec 11 09:47:21 2025 IST <gamana@Samsung>
# name: rayl
# type: complex matrix
# rows: 1024
# columns: 1
 (-0.25682967029740478,0.68404617742743445)
 (-0.3883299032497971,0.30673256002214888)
 (-0.93047772746744406,-0.22288271471322213)
 (-0.63489771033141984,0.5135731668895297)
 (1.0056840423378424,0.29677629293786562)
 (0.19564121967819784,0.24840282795277421)
 (0.46631331337030424,0.88724614135181989)
 (0.18970780470341503,0.79854184035981035)
 (0.66079305412503875,-0.76198860678094926)
 (-0.46109778542487057,0.31944714996083701)
 (-0.63935335833191054,1.5328963988722109)
 (-0.9414584555785992,-0.15040619450063347)
 (-0.49097747352503163,-0.10544736834447591)
 (-0.10247229050450841,-0.32885752020581621)
 (1.500322897272758,1.1819864533437219)
 (0.26901045118273681,-1.3294844430873649)
 (0.69226128707239054,0.014603317583275377)
 (0.2461996739480195,-1.1068506099068247)
 (0.47975531771895102,0.14100738774727578)
 (-0.41046064553005152,-0.59007818897141795)
 (0.73365462690754546,0.12159443665420616)
 (-0.67280947373279665,-2.0673585474124541)
 (0.52737224252609893,0.048502917996325501)
 (0.87737157198747029,-0.54344709940866676)
 (0.46774909279171539,-1.1386746421390062)
 (-0.26537411841739356,1.0513083907193073)
 (1.2555981054278302,-0.72632385788969711)
 (-0.25135775141241806,0.88823785418723311)
 (0.62990236197465477,0.2841419403238683)
 (1.1426946853057922,-0.31234749517595511)
 (-0.18180040399163405,0.67733812063290744)
 (-0.067695502754489406,-0.4478677224969172)
 (1.4084431823328258,-0.31316941440236046)
 (-0.36023253881400275,0.0055309985439311593)
 (0.244549433932223,0.15813413485256189)
 (-0.79839176074467777,0.41630769740241474)
 (-0.61542560941986557,-0.76083895933855761)
 (-0.80051038243763684,-0.73749744349974888)
 (1.116125662727552,1.0976817989603627)
 (-0.23805745247185053,0.71994967492143402)
 (-0.92373901453923934,-0.27325973878413412)
 (0.62001757568401861,-0.21139427842107131)
 (-0.59539011250411233,0.29496096852900811)
 (-0.92017866108645907,0.7981301274812076)
 (0.10340233779944641,0.8814330457619759)
 (-1.1745538094932557,0.32536495044183095)
 (-0.80744100266869412,-1.0952950630038774)
 (0.51038280871750696,0.71039190627119331)
 (-1.6578024021175812,0.52996847846506567)
 (0.27071940609575584,-1.9040682563869948)
 (0.26635843658782954,0.49671798047807902)
 (1.6867972063325207,0.079522614874870223)
 (-0.070021565928332849,-0.14751046817020563)
 (0.086309953609682744,-0.05316913101614517)
 (0.092345207750119562,1.8357854317089477)
 (-1.452666234088948,-0.76369906825372558)
 (1.0626559599158074,0.59034862798363807)
 (-0.59710641134736797,0.56936382676997777)
 (-0.23660892179420248,0.5804196653372552)
 (0.97720722515882785,0.90086844463867555)
 (1.5537480233055136,-0.40121907611632934)
 (0.38305174327882779,-0.20249591051277332)
 (1.252956810455675,-1.0981879209967949)
 (-0.99922964648404933,0.16035356592217193)
 (-0.69446176046477648,0.16249339323103901)
 (0.14098967273589258,0.69538674242148657)
 (-1.0075772888214289,0.85022023856944751)
 (0.29036963297523249,0.081899236231504177)
 (-1.0061382941846433,-1.1385987034165161)
 (0.18418966826509511,0.032549265535169958)
 (-1.0743592619363098,-0.94110054157735423)
 (0.63386691928719519,1.0776270167147919)
 (-0.18801676628159492,1.526782080088732)
 (-0.33038870111693242,0.34821956829734446)
 (-0.69876323936340601,0.31828046279558952)
 (0.91673682883660779,0.50234884736391705)
 (-0.38325786797711237,-0.0082368991004439507)
 (0.41067887250358859,-0.44561083818005065)
 (0.22496910101114304,-1.0175504789761864)
 (0.60332382496032677,-0.4418549135664871)
 (-0.11411879158337461,-0.054584035388895405)
 (0.960535447418573,-0.38861635602178851)
 (-0.69696390821375087,-1.1871664476970536)
 (-0.59292930919656373,0.41367429312646792)
 (2.3211506859117708,-1.1136194361964749)
 (0.64764938488262191,0.04418599858916511)
 (0.90513844043185943,-1.387617199895308)
 (-0.13369561990390477,-0.96316068370562102)
 (0.76261021625790826,-0.11061430705294001)
 (-0.90492301054560587,-0.24286008935343456)
 (-0.9694919332389369,-0.40538751794669636)
 (-0.25174621741100051,0.734432636662669)
 (0.3129588381898406,0.66678475053488628)
 (0.11068317183341429,-0.24782601154355699)
 (0.35487147944399422,-0.015990634722333835)
 (0.76154277246912239,0.77575954073447306)
 (0.53372900841379611,-0.036675282856868163)
 (0.16483073350324004,0.21117709174401642)
 (1.0006587906058029,-0.12047524785981151)
 (-0.49427367640468772,-1.1152208428869002)
 (0.49849267592721791,-0.056084458990236147)
 (0.3628868370932925,-0.66289757550767203)
 (0.020281612907415134,-0.028563962771215083)
 (-0.65208589115049609,0.93682391237215845)
 (-0.59334048638775871,-0.9372571015268536)
 (0.076957121332813738,-0.84802290012589543)
 (-1.2637144855342324,1.1031823837849017)
 (-0.11666928438505972,-0.59907949105711455)
 (-0.43500079162032018,-0.090258668190614955)
 (-0.74762623770746683,1.0306109119005931)
 (0.55574785026215678,-0.22820451616751888)
 (-0.47478184668366696,-1.0406095839335832)
 (1.276950070004786,-1.231659160496007)
 (-0.39998129793936776,-0.033635273517335917)
 (0.81569458928872862,-0.20051072404586207)
 (0.59865594821158163,0.7892521683038265)
 (-1.1868709174601522,-0.92176932312657245)
 (0.86210682409318506,0.41368848305002226)
 (-0.094499788676551844,-1.0437676751837435)
 (-1.1247906691476812,-1.4852193191871743)
 (-0.099012558997351535,0.034576233138396549)
 (-0.28788851236245994,1.5775221328007969)
 (0.29340289992257401,-0.81529664061337148)
 (0.0065431450158523752,-0.41293227628571338)
 (0.56703515211381561,1.6233212128897967)
 (-0.19661313448309148,0.17444119749719333)
 (0.44502660641424796,0.7956481851694942)
 (0.90348441522326095,0.42774255515846382)
 (-0.69058559536065312,0.42432940785208018)
 (-1.2625479778736581,0.06929889294696101)
 (0.56468689053027188,-1.3911794758232472)
 (0.82070903282797403,0.22560358846556899)
 (-0.37248275793774666,0.16562354802397272)
 (-0.95569369676309934,0.46396752695653842)
 (-0.041273548962285245,0.55756893680935371)
 (-0.59446105808936189,0.61152285396648987)
 (-0.78298036359166812,-0.66700125232667307)
 (0.64552303468091377,1.0168772863738034)
 (-0.88088619203493768,0.71012831712866997)
 (-0.059746566940106424,-0.26382164538733915)
 (0.41443337965324945,-0.73840426776903756)
 (0.52496066964632382,0.99784357060709894)
 (0.47640625165135458,0.067671240288064538)
 (0.063611930530460312,0.26307885486823562)
 (-0.095001403723901229,-0.079297918613806917)
 (0.08857510127484422,-0.24536740730893361)
 (-1.1281591774210189,-1.0323759207579775)
 (0.24456205859334518,-0.60192414861938204)
 (0.35413776328805791,-0.36872503715594629)
 (0.50545780489708569,-0.15786528581549553)
 (-1.169611618834882,0.040909229484176413)
 (-0.84771052733482666,0.42869890496737123)
 (-0.24966218844264704,0.3060700484398457)
 (-0.17421678486998071,-0.68680585756059198)
 (0.54914178095543398,-0.35071811513480355)
 (0.1341358218544263,0.097664086364686209)
 (-1.0927579651362316,-0.58399823239634996)
 (0.94497496094751976,-0.68196290785528513)
 (0.029382052586678441,0.12014039940255264)
 (0.035423094337518335,0.92908255689965202)
 (0.069821667933321896,-0.2530459232991687)
 (-0.37940758789299306,0.17855398781669912)
 (-1.4346789101916395,-0.41448501944289662)
 (0.92728395060266089,-0.49504697729809899)
 (1.1856114993066136,0.41625955148720389)
 (-0.11884587487552492,-0.39646826355772224)
 (0.60191310181918078,0.27778865408298786)
 (0.31164639428678431,-0.31458159873232561)
 (1.4661885367664058,-0.014825417443803834)
 (0.39595682783173414,-1.3940105450648992)
 (-0.85316585216548035,-0.30730586423609596)
 (-0.18068161315111486,-0.69901592057500539)
 (-1.3267802039090428,-1.7869521248923266)
 (-0.12538999525837524,-1.273101159227177)
 (-0.54643653506680523,-0.96860967908964635)
 (-0.73352246888594519,0.10973364061426943)
 (1.2435009829972214,1.2842703846783481)
 (-0.068026142024110364,0.31364539177834749)
 (-0.020817783308694354,0.30327773962248872)
 (-0.94640717690353293,0.43075959933799157)
