# Created by Octave 8.4.0, Thu Dec 11 09:47:21 2025 IST <gamana@Samsung>
# name: rayl
# type: complex matrix
# rows: 1024
# columns: 1
 (0.73596313553912085,-0.55583059738892338)
 (1.0154292001945235,0.36266179375890628)
 (-0.13748489428412583,0.48617803243938251)
 (1.025578142847599,0.41427779930403108)
 (1.5306461140721956,0.70129963729566003)
 (-0.29946927564557857,-0.99196237419234978)
 (0.088476777329999479,1.1144861797806735)
 (-0.97547993152630053,-0.45328262926492097)
 (-0.50335943963081731,0.14536625902815034)
 (-0.13974084374485507,-0.0041423971689943245)
 (0.75124639412123639,1.5322913734908516)
 (-0.5777658761991562,-0.95123776770925783)
 (1.0486198167802365,0.5424698193264883)
 (0.45904437498760481,0.21423954845598686)
 (-0.44502118367490084,-0.059629992166073759)
 (0.67766565754787456,0.45694381084937979)
 (-0.33552147196014659,1.576015539036542)
 (-0.77020668024911565,-0.92532140713939226)
 (1.1467731888161103,-0.73630773050200204)
 (0.262952658709946,0.16789276289554422)
 (1.118941541384288,-0.37481424764460153)
 (-1.0188296712390801,-0.57719286897696165)
 (0.1381282380678184,-0.33552897296909345)
 (-0.32720055589761066,-0.3547764464294173)
 (-0.48275095914772281,-0.68229973018752377)
 (-0.14001436538272977,0.40327073157823851)
 (-0.29253519022113983,-0.46270447073668008)
 (0.21648421398492051,-0.35115381329221868)
 (1.1172767431762871,-0.38920839016696751)
 (-0.0733243482276692,0.60906724263746159)
 (0.066081061677129904,0.68938621528841793)
 (-0.67327246367727223,0.78886283295110227)
 (0.42938849851287569,-0.42444826566134825)
 (-0.41026757682465365,0.2279683081280055)
 (-0.14624750989400162,-0.53486439847746181)
 (-0.31763114122623415,0.39233244520644317)
 (0.42121848311900922,0.94549252221224822)
 (0.28791718608101224,0.48536712440902952)
 (-0.52179959518148467,1.0267620689990338)
 (-0.33280072138096817,-0.67550767264690414)
 (1.0686301452122176,0.4748557079776527)
 (0.12719563506439413,0.14421646576893032)
 (0.74766553656077495,0.29608947000134939)
 (0.26197621667724497,-0.11254892973545551)
 (1.5747540355816585,0.82300928478298996)
 (0.90108819175538191,-0.058617113727348069)
 (-0.078687905678550968,0.15281410148517893)
 (-0.79020345054983943,0.36538626511361588)
 (-1.7108517218883934,-0.0048976210630043981)
 (0.02453436423185848,0.19688536373082777)
 (0.68623672695419147,-0.7567768761009056)
 (-0.30795592197782634,-0.28950321410200636)
 (0.019932718041491937,0.59366976392936399)
 (0.59025888960829398,-0.60288761206519836)
 (0.58440613773891292,-0.49178726336327533)
 (-0.74985060318163221,0.62509895910933644)
 (1.3481261673658613,-1.52765546307092)
 (1.3045010262859984,0.3935906344438348)
 (0.24915089800904644,-0.024795758201061405)
 (0.80246393683144857,-0.18484477977910363)
 (0.2818924600822994,0.72390844041432767)
 (0.18522082399535389,0.084949303096371179)
 (0.14112045335031845,0.086754404185891379)
 (0.38766310380234337,-1.4957729345457209)
 (-1.52466954645105,-0.69506795376535224)
 (0.4410320603876301,0.1186263266557471)
 (-0.37116280896175491,1.3899133837842541)
 (-0.9453695832315826,-1.0512774632363502)
 (0.72551503508198456,-0.084302714477788532)
 (1.8902465666992971,-0.21145094540289333)
 (-0.44084436771496444,0.88077959067922107)
 (-0.46625902051365653,-0.72667892372503329)
 (-0.46967820731889964,-0.61069961379302651)
 (-0.22802291961103255,-0.39684924548370909)
 (0.52836170805472393,-0.66130413937042343)
 (-0.80666615249712625,0.17557889566417484)
 (-0.48203748087970794,-0.37617696897069025)
 (0.16831093585852724,-0.12761955944002212)
 (0.59831230242879563,0.1608719300279555)
 (-0.55601028139808695,-0.81493333027474901)
 (-0.60242431273800257,-0.61346328658660731)
 (0.65419771881995104,-0.25146678054529609)
 (-0.04900725433246611,-1.5444581035048008)
 (0.094620204136766597,0.14897807481166214)
 (1.3491473698700476,1.1488704461071404)
 (0.46792698387899678,-0.41397846596474486)
 (-0.8807364363988468,-0.86975088098744258)
 (0.62357847000810007,0.73943878837160482)
 (-0.32407689683711305,1.1965472302369236)
 (-1.1461949752225193,-0.95628508702529447)
 (-0.18111178718094201,0.53477523634400947)
 (-0.53405664442482326,-0.13507505469900569)
 (-0.072736371024156504,-0.25738036720025537)
 (-0.75562485454781969,0.23079767461182882)
 (0.70977467558341278,0.90789984756150821)
 (-0.566833596557068,-0.41646853001432177)
 (0.45702694401028832,0.58167283357319133)
 (0.57711564923481884,0.18390020144101732)
 (-0.013138539930097365,-0.49584279054746594)
 (-0.96045248868119537,0.58702539351693783)
 (-0.84260214211976558,-0.24872219608524365)
 (0.040617599023384104,0.47555010967329736)
 (0.80193782074270747,1.0154456445101827)
 (-0.098096029845891719,-0.44638054880169997)
 (0.00095891948542525807,0.51614053855004738)
 (0.54934119425664596,-0.58602449688250258)
 (0.08264691448744256,0.17647794740064621)
 (0.95573695666742464,0.1394169467505334)
 (0.47777433567201999,-0.80202051592545398)
 (0.011507610209966546,-0.28103989693324188)
 (-0.45194746948976916,-0.51706253212378528)
 (-0.59681469516047092,0.34408818391443796)
 (0.070461100405567356,-0.25114410031915269)
 (0.24974493421266675,-0.79204992354068926)
 (-0.21147393928842506,1.3226468202541906)
 (-0.048377600626979711,0.41395753884384912)
 (-0.027422449833500395,-0.59265917261807843)
 (-0.68353680422508356,0.32394448053266306)
 (-0.083115382495208667,-0.83907394255644097)
 (-0.032197806848160149,0.24026161883725888)
 (-0.88413284187446051,-0.077446375540267787)
 (0.3904036268664593,0.012949562891053257)
 (-0.38190231915276085,-0.055071085028066791)
 (-0.69117539527750305,-0.23340505963522862)
 (-0.1361156922039366,1.2906036932859799)
 (0.12391491998126539,-0.40545392897897892)
 (0.90345637131359602,0.42714035548041129)
 (-0.42061894964737573,-0.40290462923088316)
 (0.51850542125763421,0.03280302078967634)
 (2.0471153078942663,1.4526209762191034)
 (0.35936260573912965,0.11651895492070129)
 (0.72137950200431233,-0.072315014337703598)
 (-0.17895923737213165,0.41797550701340797)
 (1.3582277812852108,0.5238530769990033)
 (-0.3290342221017864,-0.48343856679955094)
 (-0.42506267242626383,-1.2572792338047198)
 (0.81613486891795306,-0.62667426737729937)
 (0.48325478719648807,-0.42718823146923024)
 (-0.6894345293841937,-0.84725562118795983)
 (-0.59921189825092647,0.67860570103838769)
 (-0.20738757576999284,0.74498490871331358)
 (1.2837854774011799,-1.0195326787814993)
 (0.29995630580105714,-1.3253263158367923)
 (0.37793517077741656,-0.2901619887871657)
 (-0.28313899395862574,-0.027010388555916642)
 (0.35775295551835884,0.038693930629164625)
 (-0.35659861481009186,0.58678782980742394)
 (0.78199169869489427,-0.074385786199415604)
 (-0.18193721230161575,-1.2461745807969327)
 (1.5919651442518328,-0.27586070527734297)
 (-0.085379855212798811,-0.33543564473102727)
 (-0.26593634881277783,-0.70496069606254974)
 (-0.68617644013145485,0.37050260081619302)
 (0.88341812309334922,-0.88401325591374003)
 (0.18242333167945324,-0.46148057401874198)
 (-0.75777154183782414,1.0487193652484206)
 (0.079618710359134259,0.12777184433497332)
 (-0.90598998412734733,-0.27694768316486423)
 (-0.091629345924082603,0.31664382753759973)
 (-0.76255487822026169,0.61413313891404286)
 (1.0186206181308712,-0.15481332849155061)
 (-0.58083727436471222,-0.77621108671770533)
 (-0.82109658782868788,0.43555189787753135)
 (-0.033975156083488167,-0.44741883034959357)
 (-0.056505246743007498,0.46970923414320986)
 (0.17538637416781019,0.11104945203783664)
 (-0.40857721177925527,0.37365668128492974)
 (-0.061269862678045434,0.42471075103615297)
 (-0.18953754662028782,0.18778180209309525)
 (-0.38190023716105836,0.3406640271727549)
 (-0.050630799730669834,0.017956937635951867)
 (1.2771424473040978,0.44740522773210217)
 (-0.85564310736246485,1.5655624869945783)
 (-0.73393972745410885,0.42352808478975179)
 (-0.50212050062650848,-0.38555557263303153)
 (-0.71243003869148747,-0.45526813837323732)
 (0.60435631587704153,-0.32488620807150859)
 (-0.53590479865400953,-1.0617127861626183)
 (0.084401775185514852,-0.218942876696334)
