# Created by Octave 8.4.0, Thu Dec 11 09:47:21 2025 IST <gamana@Samsung>
# name: awgn20
# type: complex matrix
# rows: 1024
# columns: 1
 (0.74859905205485555,-0.64799848262970283)
 (-0.65373088613815911,-0.50599479875091757)
 (-0.77203126516046228,-0.88543510240806567)
 (0.61987009943897242,-0.74047153702264679)
 (0.70360139412395029,-0.64009566777563953)
 (-0.67913885706051247,0.75494231776141296)
 (-0.54594425205171215,0.7015305008149888)
 (0.61685621306618921,-0.80024543007232818)
 (0.73340573962241151,-0.60019917692241243)
 (-0.71152410229558904,0.72194700686304525)
 (0.67069898596998878,0.54793997024106933)
 (0.60111623255051683,0.85103292606513603)
 (0.79192782403040873,0.67153750219928787)
 (0.75751258863242688,-0.8019860125731737)
 (-0.74209870643593523,-0.68506106351621177)
 (0.69641750183574991,0.75938583254720982)
 (-0.52839665531902735,0.58037487952082589)
 (0.72779407638975557,0.74059282601666043)
 (0.57616680837725509,-0.65695518366105665)
 (-0.78822290466640244,0.69901870370690533)
 (0.62948319350585269,0.70013217143180295)
 (-0.74483254135519728,-0.77222092517972563)
 (0.69743607440319855,-0.81913934859194026)
 (-0.78306179573234025,0.8364240724394022)
 (-0.70102216638580273,0.65979343890271414)
 (0.70866483878363951,-0.66191808771467064)
 (0.59235617316085865,0.61517270129267088)
 (0.73133350897868532,-0.67722464248156133)
 (-0.55395100764146599,0.6841757096170541)
 (0.73684752312057522,-0.62112693152243348)
 (0.67746763919912212,0.76662566469546978)
 (-0.81900197875955583,-0.68271282250367393)
 (0.72120120835352575,0.59549626091155405)
 (0.70753791658061815,0.67483829935387141)
 (-0.73099884545527116,0.70567689127397171)
 (0.77064155652542388,-0.77618679691623127)
 (0.74829086068254602,0.67910058844501298)
 (-0.67269847076117362,-0.72562800446539188)
 (0.79646776362895966,0.71465979335547503)
 (-0.70858019112892567,0.71855645998114581)
 (0.62637683830877666,-0.72056797398356098)
 (-0.72519894107346716,-0.77046021132032905)
 (0.77432405061851084,0.69004630855989346)
 (0.79201992368859364,0.59747524743250535)
 (0.64589008147308913,-0.69919825743761443)
 (0.67529478784458263,-0.71221929492080094)
 (-0.69026344852919064,-0.74326275673499687)
 (-0.76380812762284878,0.65910531091782476)
 (-0.73932823621827326,-0.73770691551036816)
 (0.70889021492993176,-0.65865027564049539)
 (-0.64809117909870118,0.68372713842552624)
 (-0.69603841764508989,0.73391197827248489)
 (0.58754006164688632,0.63207134994251313)
 (-0.82437690869701841,-0.6347044011138846)
 (0.64427069968662598,-0.73637282202286525)
 (0.71920507405690093,0.69243772495080957)
 (-0.79632946145403216,0.68126875640949502)
 (-0.72208613340290395,-0.77216989480700715)
 (0.76758317936570897,-0.75940423709451521)
 (0.5879380898680433,0.80335997764163136)
 (-0.76735455866836355,-0.7609025375601286)
 (0.68442759710689738,0.6693329076962018)
 (-0.67285274987639754,0.66530658306179691)
 (-0.69894966332336306,-0.72608034445569802)
 (-0.68729925528713798,0.77112871057044075)
 (0.65625797128382768,-0.77534856737268343)
 (0.81371177722296273,-0.62717198290015708)
 (-0.58693532797440995,0.71749648522749521)
 (0.74080147076528291,-0.67463613448398563)
 (-0.65569062715255499,0.71980013784871577)
 (0.61494175095337567,0.64910119495053642)
 (0.62575661049212872,-0.77604239068229075)
 (0.70029225197683642,0.72383234756665737)
 (0.80726822571182033,-0.62400743915883727)
 (-0.61660152239842447,-0.81845599764294974)
 (-0.6976662215326066,-0.73265394747965729)
 (-0.62873317936120499,-0.72186845854202364)
 (-0.70658037776089377,-0.63085530121192246)
 (0.65613217809576474,0.69661850853845553)
 (0.68458872796961689,0.76275685128610105)
 (0.62847358359905581,-0.78271519005213297)
 (0.84861935547901024,0.56868444787058803)
 (0.68856356413559272,-0.61969512071753796)
 (0.76329198473180826,0.7562456126209921)
 (-0.72440604069935943,0.68309631886189526)
 (-0.59214291178415235,0.66247504817721281)
 (0.59186649280881742,-0.6807823031294048)
 (0.68773315713741878,0.76670811502565805)
 (-0.70922122351983574,0.71145068869346095)
 (0.79434751018278671,-0.72771272149366928)
 (0.59809604510000547,0.77963355645771903)
 (0.67203414934246108,-0.77482290421462541)
 (-0.75781766488018543,-0.74236281474848353)
 (-0.77389251162178174,0.59873187464502231)
 (0.72519826897518547,0.77234489871403855)
 (-0.69162295734241019,-0.63764326028461848)
 (-0.79459610707367268,0.71610767187142221)
 (-0.70594221832036619,-0.6909670036682255)
 (-0.61056115401543387,0.90368046705026095)
 (0.72312194376480754,0.69333956089199289)
 (0.76910168798264578,-0.78382043740686858)
 (0.78942414849983322,-0.71020658560387118)
 (-0.77398058492651778,0.6869510881927271)
 (-0.63918813621411485,0.62658252669264791)
 (0.86986686560084692,-0.71592148418428325)
 (0.85911836364202965,0.69042960518890606)
 (-0.65149985219355588,0.72767182004754305)
 (-0.78949083572280354,0.77080829997266931)
 (0.71028129346917313,0.68527939314551478)
 (0.73806072076907481,-0.63640792582223349)
 (-0.6118691125894109,-0.72424307007255917)
 (-0.72923009617409595,-0.8092461693066586)
 (-0.74281665948108366,0.64030867312257633)
 (0.73113771878829514,0.75329326239275451)
 (-0.70917395057397681,-0.71461368967586236)
 (0.65934739203647641,0.74007626493235645)
 (0.73055875797125203,0.81435497618348252)
 (0.79316406919302618,0.74761606288928795)
 (0.67836302422679073,-0.71407028721724075)
 (-0.71582467080048384,0.77532617488360367)
 (-0.73751865043874199,0.75131654142661952)
 (0.65990258684301595,-0.69213965652786202)
 (-0.64719994076720377,-0.75356554837381196)
 (0.79313646469060517,-0.72175763270549842)
 (-0.80648380880072523,-0.77580335664550881)
 (0.77127076952374152,0.82563335596272602)
 (0.73489591814240385,0.71084417403916067)
 (-0.65718845043337581,0.73821619901283841)
 (-0.8334697035882962,-0.6749105305501184)
 (-0.70120271028293768,0.73792455290603198)
 (-0.79264660442233903,0.83385918179296059)
 (-0.67481263029252792,-0.69454393937627656)
 (0.72408747015784192,0.63277669661913494)
 (-0.67538480135429801,-0.64617443039557731)
 (-0.62014493585052288,0.73868666305877018)
 (-0.64105591282455432,-0.69678825612760276)
 (-0.66725080317798846,-0.71343693251655582)
 (-0.75073052979842103,0.69393677108237628)
 (-0.62090411538121792,-0.50497410217628036)
 (-0.70847133662670092,-0.66702101480725662)
 (-0.7462037139181964,-0.7227530638081191)
 (-0.72009962136324701,-0.70573855362987048)
 (0.63957101477676404,-0.79128671550709972)
 (0.58885959442976077,0.67883875461940557)
 (0.63989080694070755,0.77743356910221173)
 (0.71275745978675265,-0.75997625788550782)
 (0.69918012458043477,0.6433399706141657)
 (0.75517349673931944,-0.64195598310495827)
 (0.76119305087859634,-0.78586260809246566)
 (0.79832707856868479,0.71100052211060871)
 (0.82111843344818192,-0.7102692293089129)
 (-0.71704681071344045,-0.8446630042529929)
 (0.64002175471844958,-0.677110739947405)
 (-0.71770177321569306,0.75577206586926171)
 (0.65895665978315721,0.72033040114203994)
 (-0.65615444247442001,0.76322679857722719)
 (0.76926159243686476,0.65607052380730857)
 (0.66506471193853334,0.67511235341633957)
 (-0.59572977368902191,-0.78229000850799113)
 (-0.80257026984862034,-0.56991522842890885)
 (0.57404259431278071,-0.70186185024287684)
 (-0.6817717603739244,0.77525935247616218)
 (-0.66811303600411664,-0.71026087254418124)
 (0.76260548618770663,0.78476182503607927)
 (0.79091092669694674,0.74977168881037071)
 (-0.69854474073757833,-0.67529022294883179)
 (0.70269579904347856,-0.88088061498700976)
 (-0.69789109739674515,0.62532771962694822)
 (0.710047382020494,0.63945678445785015)
 (0.51615097536960319,0.61844390800553528)
 (-0.70772505822466147,-0.59135075832842265)
 (0.72254720695683183,-0.71724755862873435)
 (-0.67619018997625513,0.71197963983305057)
 (0.71231074327871635,0.74272365729556233)
 (-0.61657514154108639,0.58681544099265337)
 (-0.61565495654548186,-0.73814844440879601)
 (0.71485917202187454,0.75991865101773048)
 (-0.61218265692499363,-0.77176168634118358)
 (-0.70817633964144233,0.79368655032740809)
