# Created by Octave 8.4.0, Thu Dec 11 09:47:21 2025 IST <gamana@Samsung>
# name: awgn20
# type: complex matrix
# rows: 1024
# columns: 1
 (0.75229112595769998,0.71459085210667272)
 (-0.7717350296281692,-0.6987392543848876)
 (0.65265332903769346,-0.71197380011452294)
 (0.79598757568727785,0.73911330424091293)
 (-0.68269655684629815,0.66851947778498622)
 (-0.76979528439929146,-0.77662318507421879)
 (0.86092301036015084,0.72066243912005434)
 (0.75387548934253568,-0.81176477568933092)
 (-0.59635887861847192,-0.68706280439192169)
 (-0.80423803030104013,-0.71812275839004314)
 (-0.60746737733089284,-0.70718717101836159)
 (-0.77405198009306342,0.77979946076999185)
 (0.87436311476130579,-0.8300960082999902)
 (0.67881128314549199,-0.63080268238231296)
 (-0.60630135815178676,-0.63703871131573564)
 (0.66980668180669456,0.69400014455771031)
 (0.76641977279661011,0.77923058703238524)
 (-0.72546386927349182,-0.6957675303633617)
 (-0.74803171311361083,0.70950853515548118)
 (-0.71778993539419922,0.65918970868432258)
 (-0.80679787342251663,-0.57279361622518388)
 (-0.73876311779547044,-0.7645764783198099)
 (0.80065079395045224,0.68748603551925025)
 (-0.63914162556319909,-0.49880728876670066)
 (0.62323861996477503,-0.78829049458697853)
 (-0.84362577415143636,-0.63205411081212814)
 (-0.62564964722429706,-0.56238446513434304)
 (0.71697735526661366,0.80439376718001709)
 (0.71283789476656623,-0.68969605234543896)
 (0.68684921157976364,0.67844948128264115)
 (0.6875675323526883,0.74467922128589592)
 (0.65441916203399897,0.62913921055953237)
 (0.64820185802993557,0.69181549547899246)
 (-0.65042301782194778,-0.64011154738061837)
 (0.71354863875249952,0.67497754831612178)
 (-0.69818338643265554,-0.68240363729026199)
 (0.68688658037545014,0.8000554328868128)
 (-0.76819052941141208,0.74094043555623834)
 (-0.64829211005387311,-0.7129845064106588)
 (-0.81816355998942702,-0.78559999650932455)
 (0.78186643837522007,0.76654288445454311)
 (-0.64465155814250963,-0.57280725670277455)
 (0.79708006698544898,0.73913217785649665)
 (0.57438798827233195,-0.70825110156746895)
 (0.69260884088302654,0.67084593657392355)
 (0.75124651293242506,0.83239684146325366)
 (-0.64916074736576046,0.70369546757022416)
 (0.81780974866149281,-0.69830734695767949)
 (0.84616319189951394,-0.71355559036244143)
 (-0.54398362380140419,-0.72969368503507837)
 (-0.66439421167608814,0.64863362506337396)
 (-0.7164857572651232,0.73248534116958364)
 (0.70540873188407582,0.81747402396156421)
 (-0.75792755794834654,0.74993512710423904)
 (-0.75215547434930341,-0.77885993921777541)
 (-0.74253382899375842,-0.61819102540945037)
 (0.70384449177844832,-0.73069758379083871)
 (-0.68736805239354637,0.69880156818206551)
 (-0.73160374989673094,-0.72072629167461344)
 (0.68467042482124973,-0.7965678855893602)
 (0.90303530036250612,-0.72467851781100001)
 (0.61651797911094797,0.65810293991324731)
 (0.80342826160497616,0.6385161089695236)
 (0.62411328458041859,0.71962785039286348)
 (0.66375663173661459,-0.61108652771540029)
 (-0.61434131017922977,0.70799634745934192)
 (0.74331051612863175,0.63345577578719159)
 (-0.66469746184351919,-0.69557191864014545)
 (-0.78369860577239459,0.76302805764413706)
 (0.71532076525278809,0.63064659965211789)
 (-0.71637352599317139,-0.6147547514239482)
 (0.7657424535685341,-0.75377269790666335)
 (0.79216529862852969,-0.66389149448278206)
 (0.61375504942339065,-0.76663599314233122)
 (-0.59452898358081385,0.65584735991361476)
 (-0.80995636132804072,0.77703938096877712)
 (-0.71732818062323322,0.65184769892992223)
 (-0.72896034850317648,0.73347006479432386)
 (-0.80419852994508367,0.62326052233617846)
 (-0.74070093917347601,-0.67531216156065033)
 (0.63278143574897006,-0.661753676864)
 (-0.69265347678501044,-0.58606427671341377)
 (-0.76710427807879111,0.70679088626265452)
 (-0.67308768595858615,-0.71382436015052042)
 (0.78629666429494338,-0.59935090178705552)
 (-0.71244712403486699,0.64120097999236159)
 (0.80289974151342514,0.78899523296005269)
 (0.72095221956683231,0.73145143201526652)
 (-0.84560910041054482,-0.73025568618522629)
 (-0.79587748070941688,0.70195832556849547)
 (0.76480431399628412,-0.73431721562284102)
 (0.63230020957153754,-0.66099081469516874)
 (-0.76289352567903768,-0.7998805251479354)
 (0.72048930280277523,-0.64664089512401868)
 (0.78088820764171629,0.81028766629648064)
 (0.7098228150634408,0.59545953153070275)
 (-0.71358528960688616,0.65230883793724126)
 (-0.72483591949606341,0.56920114497804231)
 (0.60651610652382115,-0.74836960923687823)
 (-0.87881551387730295,0.65871179298745541)
 (-0.63230531589101913,0.71189409459098496)
 (0.78247603783855035,0.76522650712970974)
 (-0.61729950316288851,-0.68858120682066681)
 (-0.6135632221950833,-0.80816811916946829)
 (-0.67529792870466532,0.74137890568367992)
 (0.68985517824225107,0.63604016802417052)
 (0.61537347364043105,0.79976147465637737)
 (-0.75099923137039959,-0.62389066037724561)
 (0.59798198838911465,0.65093328052778221)
 (-0.65468735183028715,-0.77949190505618793)
 (-0.61355067424519127,0.73510087388153456)
 (0.7545386339053014,0.62803124418715384)
 (-0.76298278291159694,0.55376554387564147)
 (-0.71934299414737113,-0.70713714328553101)
 (0.67412430965217374,0.62717307557754731)
 (-0.82201025982683651,0.73269288612897554)
 (0.80860772530186698,-0.59120498801359667)
 (0.77262989773763147,0.75242522689277491)
 (-0.73048390715793221,0.72669173712569546)
 (-0.67167431829827307,0.71449663278972131)
 (0.74590743378345259,0.73496007078507819)
 (-0.68745872832398347,0.68050272657692057)
 (0.6798018366059051,0.89564326232219427)
 (0.73475023312090493,0.67452549892274183)
 (0.62943486521284497,-0.59361165620282463)
 (-0.67313000009708324,-0.83742117650128178)
 (-0.64787457397000736,-0.75615761704262396)
 (-0.78934002476728149,-0.75214220499394691)
 (0.70824048692664376,-0.76720557319926963)
 (0.68759777666339994,-0.61886340945847629)
 (0.75536433490639632,-0.87176614930932328)
 (-0.76241942612796687,-0.78232754824906736)
 (0.80453689246571336,-0.78948867744792361)
 (0.68502590274202202,0.70677602102172388)
 (0.72090291574699117,0.79368773673931425)
 (-0.67493674993948249,-0.67899810800089111)
 (0.62738352030078304,-0.72392437938874421)
 (-0.61786765786604003,-0.68254137609652088)
 (-0.69252825922231243,-0.73328446864259056)
 (0.5336001247319756,0.74481070168310859)
 (-0.59312842060509929,-0.77855006723928977)
 (-0.71024000353451511,-0.77855880738533223)
 (-0.61338318671727565,0.79104015713485343)
 (0.76569466720263768,0.68919368481016452)
 (-0.63698839360951109,0.74275627373851227)
 (0.68585070553646321,0.84768562059443853)
 (0.75661888217773376,-0.70677683566143512)
 (0.72761550062116132,-0.66351365899297243)
 (0.73473385867463581,0.8539628209016924)
 (0.69612901447301823,0.69366473093761216)
 (0.69262562077152168,0.75982921127949365)
 (0.67205387963842689,0.79136439717348894)
 (-0.72365233663084449,-0.65557039540051476)
 (0.62896376960211786,0.75544764560122557)
 (0.84989149078567494,0.6288053889133538)
 (-0.74210445259796143,-0.76867067254787791)
 (-0.80633304359366942,0.65521539861045563)
 (-0.65617908839568628,-0.74737820562877355)
 (0.78108604657786274,-0.74065460588142118)
 (-0.7577095128833693,0.743030123737217)
 (-0.79252901211728433,0.67803323375661528)
 (0.6957626780238032,0.77333786814067773)
 (-0.69851080069570515,0.74057057008275418)
 (0.67834504932458406,-0.67908670778458002)
 (-0.53959828695470269,-0.69837036027610877)
 (0.60038159035609384,0.70562263813708714)
 (-0.75540802570546395,-0.63958978673872313)
 (-0.69148941953207255,0.71387789135559843)
 (-0.65496517726797054,-0.61305107522494284)
 (0.66424039214287922,0.73782987451300486)
 (0.83769984819236742,-0.73933126285741957)
 (0.77296010831978024,-0.73537777900178591)
 (0.75034608554283511,0.7188868827834517)
 (0.70518686496083982,0.65760711174448094)
 (-0.73553515598581276,-0.73624545583754053)
 (-0.75842331021191034,0.69927585031900197)
 (-0.80263645884043489,0.74217845363069435)
 (-0.8833747118114269,-0.80318822490165265)
 (-0.74082250932055393,-0.84129757767049085)
