# Created by Octave 8.4.0, Thu Dec 11 09:47:21 2025 IST <gamana@Samsung>
# name: rayl
# type: complex matrix
# rows: 1024
# columns: 1
 (0.21345713001111102,0.2432307958906855)
 (0.67136390660255896,0.3348445164020275)
 (-0.0067255081351627194,-0.15224951190509378)
 (0.046788255469320916,-0.73132537505960249)
 (-1.7778949869601437,-0.067218189086355129)
 (-0.21213071488542293,0.20022162353438552)
 (-0.32055000364293595,-0.3002765608813136)
 (-0.41911317790604441,0.23809670387873927)
 (-1.1218522075281461,-1.1264884121845553)
 (-0.093651210886124159,0.52304503762229704)
 (-0.87143691314229144,0.9916454860809425)
 (-1.1955919617293744,-1.0447201993773312)
 (-0.32945503897702066,-0.51407779257265784)
 (-0.38097963710953975,0.22195950052822877)
 (-0.97854110515784831,-0.92042439688674538)
 (-0.69441029448479963,-0.12134614502576618)
 (-1.5314405453697595,0.16683057111332356)
 (-0.45043533234522076,1.4017510946513105)
 (-0.15082151271817559,0.10594118268568391)
 (0.94955052535753826,0.43242156876974325)
 (-1.1652741484252731,-1.3121369759813786)
 (0.74517524109879818,1.7200572787613038)
 (0.64480445311347001,-0.17767402860824222)
 (0.84666351195178113,-0.67701483248706951)
 (-1.0846995824876335,0.52884305639890039)
 (-0.85144240739471688,0.83134919319438461)
 (-0.073116414603171281,0.3493615303827754)
 (0.3676018766558557,0.477222508019507)
 (0.26394701114903873,0.57591257113101435)
 (-0.43541550665461232,0.83786890791972124)
 (-1.1455980008532523,-1.0973321622816181)
 (-0.078507036238762457,-0.28736955046153678)
 (0.12521461821651741,-0.070731197393055403)
 (0.87187974508153099,0.6729399555592992)
 (0.41142033455063648,-0.90509590115529237)
 (-0.58921724860899294,-0.20590381457203086)
 (-0.84198377293264093,0.73033796510672588)
 (0.5436191355359149,0.51222554964891887)
 (0.92228609350555257,0.79276757461022229)
 (-0.13783179696781836,0.080305270907282233)
 (-0.45708174380125455,0.25930345939186428)
 (-0.55388574878662034,0.3407713372573189)
 (0.71193506341348745,-1.0268110831065813)
 (0.66457089317391616,-1.4946328129071675)
 (1.1246661657598152,-1.0595385957956625)
 (-1.6262963472582403,0.38583137052478789)
 (0.31291226210325968,1.1283176088102724)
 (0.56388776082387038,-0.72720734134657228)
 (-0.61023506170555797,0.62615502225307285)
 (0.2563276706513361,0.91245879637059424)
 (-0.13222822877277018,-1.3252838672586371)
 (0.78266037730908355,0.65750948910321394)
 (0.97996796742885761,-0.56588567275051449)
 (-0.92301616268264219,0.80712187584091721)
 (0.42795696174408815,0.69690006209200894)
 (0.58787969137771223,0.11006810956487342)
 (0.097567919777042558,-0.11914652443164463)
 (-1.108180363546404,-0.2801687795586974)
 (0.15355857825160657,-1.3336944454983906)
 (-0.44888572925503906,-0.67163194673217752)
 (-0.60867352581953771,0.40797746260095469)
 (-0.72902539642852071,0.74763982678337393)
 (-0.85495181194951553,-0.38445954664969861)
 (0.93035223022636093,0.66943389276730092)
 (1.26286934724985,1.4687119796901742)
 (-1.0256828418370336,0.8493656703893534)
 (1.2669421358848911,0.51550528066260215)
 (-0.82920089976497313,-0.90521625709733122)
 (-0.070379725079191324,0.34544906645164064)
 (0.2614537912878101,-1.3478849239939608)
 (0.17718648268112663,0.74502456152204877)
 (-0.074024333528825315,2.0716791214919636)
 (-0.13697980157988451,-0.15552742558772795)
 (-0.16644008545114247,0.85262835814696225)
 (0.44377988647791133,0.65118608496359764)
 (-0.11617368922317195,-0.53690030472760342)
 (-0.020879399303205204,-0.41516664310196194)
 (0.24610349443853197,0.49391060444362744)
 (0.77089490295706953,-0.10531822742528502)
 (0.80230655587909205,-0.45949913299254352)
 (0.3838905821450504,0.3915346138894002)
 (-0.41104402571497822,-1.0366862567307669)
 (0.21808542563231947,-0.5485285950068205)
 (-0.71372008641827211,-0.66930704330351498)
 (0.17785840101122305,-0.67684089641885448)
 (-0.1761250187013646,-0.32527758345187291)
 (-0.036651478649760982,0.29228344881902873)
 (-0.5917521877466051,0.54458365132885167)
 (-0.22026916641433747,-0.80208183661171617)
 (0.74174570599904122,-0.60473525212113965)
 (-0.37770561463659835,1.1518692252048859)
 (0.34851010733419657,-0.44333685116146454)
 (-0.78824446722150632,-0.76497553513159189)
 (0.024236849511467949,-0.14892548171896594)
 (-1.4023679896455112,-0.19448567040776865)
 (0.72719126659316047,0.62200826624729821)
 (-0.36368270388460272,0.90749443060399537)
 (-0.17664839461755524,0.37640405370663765)
 (-0.56107166427991839,-1.9516413381508673)
 (0.060451153011292669,0.8561648713392549)
 (-0.056263976668668392,-0.11266496844224685)
 (-0.25289989408281094,0.17571780332830228)
 (-0.075362500569397195,0.47888893510683472)
 (0.027486736586271487,-0.31529019227409666)
 (-0.03742286912225494,-0.084285224093034294)
 (1.0491204004179249,0.10011494949966576)
 (-0.20278862351804078,-0.008333321077290276)
 (0.63496282494844125,-0.60049876182081452)
 (-0.17829428544824755,0.68200512804838775)
 (-0.51670578444410942,-0.00020760323598301156)
 (-0.5582618514116735,1.3242123547767177)
 (-0.42031036295726376,-0.11282269671989162)
 (-0.042586413103862464,-1.1379089087381897)
 (0.25543071857695343,-0.27937595410449745)
 (-0.18469065546422753,1.0570941636764217)
 (-0.0276241362323143,-1.2832365327639863)
 (0.72766315004957938,0.4449082232940953)
 (-0.2226359433990025,-0.20136769920818315)
 (0.22102548749720174,-0.45754867185864578)
 (0.72603819679435255,-0.47260182303091286)
 (-0.56067480288463645,-0.19199668661398175)
 (0.36891199840486566,0.025369438165750963)
 (1.1130852470812369,-0.53699451573853629)
 (-1.0210284695622545,-0.87482231031179714)
 (0.84784305083504841,-0.9657442002037967)
 (-0.87299488553900884,0.25760632872491729)
 (-0.1631334345986036,-0.49197867985717914)
 (0.10079336942161332,1.2037515152371063)
 (-1.0122041287047621,-0.080173678922935698)
 (0.64324639298674602,-0.53785348410228861)
 (0.094967678829211921,-0.28350211142055265)
 (-0.18210800381603653,0.36671632670174803)
 (-0.445514878404357,0.87697308979550637)
 (-0.40358584581307344,-0.51054236096881822)
 (0.73367426042975359,1.0535015610838736)
 (-0.68258788419651806,-0.260548968697496)
 (-0.25018669492747525,0.67604965405656026)
 (1.0639656536493423,-0.98106128052470964)
 (-0.97709601539071989,-1.0713900619617134)
 (-0.99495022280925016,0.055940235187079468)
 (-0.31129192486949825,-0.34007982487517846)
 (0.97755642232430984,0.084453946255321266)
 (-0.30824244891855079,0.32785775816479712)
 (1.2323865554517675,-0.50194830195947526)
 (-0.014071361035646046,-0.78371934161914436)
 (0.56237004136978963,0.63546624686770459)
 (0.20811235289128549,0.082521827298753514)
 (1.7068336051006141,-0.23519067271209571)
 (-0.66179188158975555,0.44722829230252492)
 (-0.36354599295815615,-0.10953298188855679)
 (-0.0041824644462282734,-0.73079714773959037)
 (1.2625146495896649,-0.72527609535235249)
 (-0.75957335119465219,-0.054410344221829776)
 (0.61679518996291205,0.17496604248336328)
 (-1.1180459324464413,0.64475568310342379)
 (-0.46202769226122226,0.0077846840626086267)
 (-0.24881634911757317,-0.63525719199397024)
 (0.074081730323692085,0.077739530327954137)
 (-0.19700142882195273,0.40289459574583486)
 (0.0065906739626498539,-0.12289903619448851)
 (-0.33587656554122103,-0.089759292998654303)
 (0.15262121761030567,1.3320667163514721)
 (-0.32476620217976138,-0.62019901957277623)
 (-0.38175654783352286,-1.6236268649380712)
 (0.84318432710719049,-0.65568672616372015)
 (1.4670053833115264,0.52602923330837337)
 (1.0384020690935365,-0.67208706261108797)
 (0.61208690495589324,-0.0030601378044798344)
 (0.061731501492712115,-0.35193312068456634)
 (0.177402921526811,0.39918163458607514)
 (-0.078410809730649705,0.35857815070800914)
 (-1.2255291224797897,-0.21807026179373301)
 (-0.85144760597561064,-0.045424035480820746)
 (1.0501715469073545,0.49958719236200411)
 (0.05532072608662876,-0.20056873927276953)
 (0.98336870127231002,-0.10882893545129763)
 (0.40651664006684329,-0.79029874328602812)
 (0.67103500682545414,-0.50382587868602979)
 (0.71006919287973203,-0.89944988097051537)
