# Created by Octave 8.4.0, Thu Dec 11 09:47:21 2025 IST <gamana@Samsung>
# name: rayl
# type: complex matrix
# rows: 1024
# columns: 1
 (-0.61924313819264021,0.040219464433129681)
 (0.77542456705220997,0.37762576262762804)
 (0.093072118127734083,0.40209569596129047)
 (0.66177333095169699,-0.41622211025530154)
 (-0.2251806877310063,-0.54258073789103922)
 (2.0113437652034203,-0.26800784475632333)
 (-0.96987702166842205,0.43531212292559579)
 (0.44022055293539453,0.6931897031563069)
 (-0.45649670475869369,-1.162898201261972)
 (-0.39193862446824884,0.68327692063807755)
 (0.70843559921990995,-0.57240744011187494)
 (-1.0821554056067515,-1.5936597085108546)
 (-0.61189237016566012,0.094621866837197977)
 (1.045675812285779,-1.2816549729733275)
 (0.14466076394643929,0.20516901511544539)
 (-0.56973740495793546,0.0887408274918082)
 (-0.010673709290789202,-0.59942363344114002)
 (-0.70899162812775274,0.5606832851020761)
 (0.49338893581148396,0.85956194221088689)
 (-0.056717243900299294,0.20317764922745246)
 (0.81856601103115889,-0.26799661365765715)
 (-1.2392948958292958,0.26063598238793795)
 (0.38842463102430708,1.0670474644726602)
 (0.86781901659559169,-0.34439160201123414)
 (0.34139957233429757,1.0478311260688868)
 (-0.85411494173534341,-0.50922576571310174)
 (-0.33311514737328873,0.85132460890392303)
 (-1.1168099118222179,-0.51749115145502489)
 (0.10207873658341507,0.17915013320342291)
 (0.23266623713658285,-0.87205444722932168)
 (0.061514097227912477,-0.07446993797559287)
 (-0.40356982463545205,0.67301876235249769)
 (-0.72516270458727794,-0.22662991753836489)
 (-0.88561159126833267,0.51343648451858392)
 (0.87377637154784793,0.096045671440770641)
 (0.1198690935597508,0.092247438625400455)
 (0.22791757514498734,-0.79557238697139931)
 (0.45476745672515867,0.37664879576720073)
 (-0.09756358946770019,-0.21312470905856154)
 (0.36591999917264129,0.58396996708483018)
 (0.0037026709710265282,-0.27525553241683309)
 (0.22541823657108129,1.6473143977009845)
 (-0.42887628625062646,0.70088927775340826)
 (1.2516939732877554,-1.1085880101895211)
 (-0.23198158087836504,0.24350008407230181)
 (1.048383870851255,0.19491964513903787)
 (-0.2059884725804029,0.15804862635805969)
 (0.50532661794007139,0.026068663937420106)
 (-0.039123457029269393,0.036257730306301722)
 (0.26449914912598965,-0.18908321410920875)
 (-0.024544007223975317,-0.22577534369170643)
 (-0.27742044435288915,0.77722314432323714)
 (-0.076930500213941502,-0.23507617637234329)
 (0.41335517248587383,0.19612497492450923)
 (-0.68204900039923722,0.41232720365748815)
 (1.5242599377634691,0.6425181629261203)
 (0.33234779370104206,1.2283073042410262)
 (-0.22368182989503665,-0.80237253326455171)
 (-0.37740057920818365,-0.81165757751933665)
 (-0.10124141125559427,0.15281381347871054)
 (-0.67754309489806097,-0.22930675419052154)
 (-1.2831102175234896,0.25997315060055082)
 (-0.286905738717327,-0.56755699449154462)
 (-0.38928563900418062,-0.57215507930552734)
 (-0.77454144335677588,0.50452580961055937)
 (0.16723460481999711,-0.58249609196045016)
 (0.45184032581651162,0.19731362072706465)
 (0.51503709897802619,1.2322303594132578)
 (1.3734220477673242,1.0703756795448183)
 (-0.12101558710004293,-0.48023406802456448)
 (-0.52430071748450702,-0.21226817940488954)
 (0.29856622724242776,-0.17088247594601347)
 (0.63038264010150913,1.2026247252623876)
 (-0.36998056571030508,-0.15581778696405896)
 (0.59179742384335388,0.13753235766759661)
 (-0.5747215066506639,-0.89536528404314564)
 (-0.23330014254931092,-0.031774422740519989)
 (-0.74842187568943741,0.29046964065032066)
 (-1.1215065253876699,-0.76651019560892175)
 (0.11932041831474205,0.71225858012848364)
 (-0.5660157443359688,0.017294517353987848)
 (-0.26866992702277548,0.1429402514727004)
 (-0.36286715088666444,2.1502958372463858)
 (0.75410860165558935,-0.28507800730628707)
 (-0.69103260475235917,-1.0558356632535164)
 (0.20125945151544034,-0.78012163447936711)
 (-1.1751781897119982,0.63212345890522492)
 (-1.8604170328571128,1.2451293801750178)
 (0.38132299301104977,0.022302594732681785)
 (0.45041727915693852,0.1152240937123846)
 (1.4680443839959849,-0.53592869709906732)
 (1.3648085617875512,-0.11932643709481738)
 (0.023182408249090534,0.0094567258290376658)
 (0.36723440896490112,0.55218241827650427)
 (0.039050760422448039,0.64839395208009187)
 (-1.2051781125232752,-0.24817373731115794)
 (-0.460325986370833,0.40976838268283589)
 (-1.1423301449618584,-0.3076882528481823)
 (-0.13598110518027334,0.11855902886928715)
 (1.0412713481227109,0.90654121729178916)
 (-0.43828704433051208,-0.31428048840787032)
 (0.37159276537630692,-0.81621696758019535)
 (0.95917123322363307,-0.38979661379374458)
 (-0.10612034736470563,0.37367240388787859)
 (1.5298209903579287,0.73119904640792677)
 (1.0261321491583095,-0.51650347081418135)
 (-0.2813360868068594,-0.12514166453869863)
 (-0.98820287587663791,0.068707301093556994)
 (-0.14531623718785625,0.97845665700436313)
 (-1.5498154438784986,0.88387096800826059)
 (-0.90762545683908114,-0.4695214273862951)
 (-0.78671048806299937,0.054483739328505199)
 (-0.47793091838336627,-0.2535635919853178)
 (-0.31037259053710953,-0.034447510440185347)
 (-0.082259507800890863,1.0159146000272501)
 (-0.91437622876507996,0.7222757231690774)
 (0.42852589805903207,-1.1793963440044084)
 (0.62353453578196683,-1.6008287243350752)
 (-0.99450914347658559,0.0099980410392793151)
 (0.11954655734741607,-0.61810616690150755)
 (0.7253376565808316,-0.10215408213275257)
 (-0.22231391415356494,-0.12047437885436575)
 (-1.1911564258897509,0.045841269746143332)
 (1.2071216693763391,-1.1351092980195201)
 (0.67145247551561615,-0.47063694013869428)
 (-0.67021875375697659,0.074576300611827129)
 (0.35032979519431628,-0.25794965858092112)
 (0.13794070013550852,0.26773499678409785)
 (-0.73291792295680469,0.4863386914264437)
 (0.59139417944697503,0.16694819793326182)
 (0.29021150504741489,-0.01412567422999178)
 (-0.4574088866831959,-0.65052464553815204)
 (-0.0447528447718607,-1.077491448709504)
 (0.60797333604616399,0.67242791805195445)
 (2.4757061367465796,-1.2496100140123607)
 (0.83367659204147804,-0.15310554909348506)
 (-0.38477517877188794,-0.88476167366475511)
 (0.0059721753070465233,-0.50701808907093038)
 (1.1924704958635783,-0.70204819079195258)
 (-0.50046181959244007,0.53399826224194269)
 (-0.42863780048565447,0.88551915381460955)
 (-0.5566878988929127,-0.54146415111948443)
 (0.57965521951302346,-0.719312831250004)
 (0.88375861074085937,0.14279501308401177)
 (-0.6184999237740626,-0.18991115008990134)
 (1.737775695611663,0.10586660685726668)
 (0.75077152321179752,-0.35453660405037302)
 (0.24315343290280489,0.34182991916111849)
 (0.71531087697817841,0.35256682620880703)
 (-0.91323368703798169,1.604662366667883)
 (0.81946383930093214,-0.13306796864266468)
 (-0.46531073909006793,-0.058764165990757095)
 (-0.41864177498144883,0.0066692387902496375)
 (0.49616047604214641,-0.17128077668456562)
 (1.0264050950354822,0.10413302169133459)
 (-0.42858682794918385,-0.27882921485837903)
 (-0.5051013089952674,0.74977148477944477)
 (-0.23863788255874591,0.38208981434742245)
 (-0.32596118815153541,-0.45417243948867458)
 (-0.43296232302831861,-0.34011173513630977)
 (-1.1599321298989298,0.072553282508976635)
 (0.99548921953151792,-0.59126052165405829)
 (-0.92392219973954648,-0.33168134387753045)
 (1.2461935765166043,0.50739028020247567)
 (0.4403850252948372,0.071485135502515507)
 (1.7232334919447527,-0.52617007821878903)
 (0.99381886474314562,-0.24013776443766144)
 (0.28506184265281942,0.95578802218053205)
 (-1.2725971905565976,-0.086677683739670774)
 (-0.43418422665573175,0.46202107171227191)
 (-0.3866522278639789,0.13021706369314456)
 (-0.96321862367034261,0.3215582805515817)
 (0.81221402360444739,0.14169935999626382)
 (1.3892176371233,1.0377591734256504)
 (-0.25827980573915871,-0.29685070837147859)
 (-0.57998364763324295,0.57109246227849875)
 (0.94175183880440272,1.3697407557447883)
 (0.39276168770150199,0.31737579678209549)
 (1.3168920426637369,-0.27203233553530271)
 (0.15767177946520755,0.88834850722378467)
