# Created by Octave 8.4.0, Thu Dec 11 09:47:21 2025 IST <gamana@Samsung>
# name: rician
# type: complex matrix
# rows: 1024
# columns: 1
 (-0.49227668568023991,1.0636831374242171)
 (-0.4798314692050607,-0.38276529759149358)
 (-0.20527582872891609,-1.0566390337871692)
 (-0.85589478482462111,-0.72233176409692257)
 (0.45871811134490559,-0.92648465255965384)
 (-1.0073263683499858,-0.94460761581159203)
 (-1.4160266391146945,0.23265118394624429)
 (0.50013605037330022,-0.30838464198823545)
 (1.1093098650406259,0.1872747787781745)
 (0.77620375840926814,-0.53633074330770392)
 (0.79422841024657509,-0.7334806113047585)
 (-0.28315881950429789,0.65395608419698659)
 (0.86784290568828037,0.7994485078073168)
 (0.92934829794484863,-0.58831358176895132)
 (-0.23875083787046816,0.34568634542950832)
 (0.47158049289366943,0.9188411373981985)
 (-0.48880373452384296,-0.95851151980797633)
 (-0.7752979982322088,-1.1558453110530122)
 (0.38698259723445455,0.49531374965632008)
 (-0.63126632192451482,-0.58220725937538897)
 (0.36226068251477034,-0.38659474084744377)
 (0.94611757951045683,-0.19823279656133508)
 (0.8524405163801374,0.34747916998831768)
 (0.44119712040393566,1.3292410371914785)
 (0.2973590936543431,-0.31039536469304685)
 (-0.74679411074671076,1.1177900386657522)
 (0.47864397023556371,0.45488581455750843)
 (0.65410316830488646,-0.75916963798832759)
 (-0.56174274201754937,1.1131049849359109)
 (0.037434154115441209,0.96837858178943037)
 (0.85672342211915897,0.20557244924257778)
 (0.53184952174612099,-1.1129908559474768)
 (-0.78543776378615537,0.0093272204530301939)
 (-0.75208195610502071,-0.19821190130024774)
 (0.37075004859243449,1.1118150203322965)
 (-0.78389176792533599,0.75197008088873696)
 (0.82563802196509095,0.69522975784756103)
 (-0.20332267921653768,0.24712914995929908)
 (1.3037201985301374,0.23831528820647396)
 (-0.76368782915754685,0.90522201954386472)
 (-1.1498275759362642,0.86196937522346628)
 (-0.18734368492988326,0.65748180463247607)
 (0.72267708042612488,-0.12215038916545712)
 (0.77719828531700641,-0.52265382885181466)
 (1.0184943891203071,-1.2520433060082641)
 (-0.62767736242105243,0.75418513419257061)
 (-0.57423183447935811,0.82400148451716737)
 (0.028879768849101234,-0.40726845512883936)
 (-1.0025115565934732,-0.76139500390952886)
 (-1.0043934978443134,-0.22247845447153963)
 (0.38616673139386365,-0.051449569662644024)
 (0.19704426963814897,-0.42755324329588856)
 (0.32427111031922828,-0.49406714058706958)
 (0.93607169991995709,1.05741841213819)
 (-0.63262860829559109,0.74018488062565002)
 (-0.099241838169753849,-0.22937666705001059)
 (-0.71077829310763452,1.0063516052724644)
 (0.30490190348476021,-0.4774854015615333)
 (-0.23547640006214576,-1.0003266658317345)
 (0.73184004370068201,-0.30663081560640437)
 (0.47305398514230146,0.39730511936271695)
 (-0.53488589040309675,0.57533245934502852)
 (0.92496476274886597,0.19714231776884411)
 (0.70921709852150661,-0.64866049792775138)
 (-0.71038898522492055,1.1354686079510623)
 (0.21215743049123176,0.59373230892561679)
 (0.31112689244016506,-0.45627181426038083)
 (-0.27270645671850069,0.48403288561822355)
 (-0.57973926950779386,-0.57374909238542715)
 (-0.87324947245528306,-0.064355800296886201)
 (1.0936302171817043,0.22232996943834932)
 (1.0422845967341554,0.82915685819161844)
 (0.86846475158628555,0.76711065552429569)
 (0.92524194947699656,0.47670924125803632)
 (-0.55028424352799454,0.70671966437314515)
 (-0.66354509341097667,0.77736609997172035)
 (0.61180032934917039,-1.093397802574493)
 (1.1083544486902177,-0.51632678399828835)
 (-0.47936690530192394,0.64647272401891998)
 (0.74676904894053009,0.76589102968626266)
 (1.1775440555612025,-1.2987540931018824)
 (-0.94435345158289763,0.051414197038845422)
 (0.91925257074679134,-0.83801679681544106)
 (-1.0782819912822119,0.43771586257567235)
 (-1.1615112987505603,-0.31153739592424495)
 (-0.78623651209786161,0.33031960240501568)
 (0.94290742416601825,0.54874313827534182)
 (0.96763519130704823,-0.87266591347488376)
 (0.58117908538623475,-0.56489292327556007)
 (-1.235585374887312,-0.28869454747513523)
 (-1.3607976891719611,1.1175527801721095)
 (-0.060888944219859138,0.10045228833081812)
 (-0.45994814468643391,-0.60231447398045779)
 (0.64656291660826104,-0.44025811131095416)
 (0.75998588336269557,0.49530416670136623)
 (0.8294881868756746,0.25728031054015987)
 (0.89686731062668745,0.3541613296423084)
 (0.52504442947852414,0.74120719387335088)
 (-0.03094931540441942,-0.53109492470003783)
 (-0.83101168333851194,-0.342603778107824)
 (0.6364066544987047,1.1474513948539768)
 (-0.66052921682643428,0.31313239033052376)
 (-0.47613835836719554,-0.55872413166367896)
 (0.48925592813085056,0.36238344105692083)
 (0.81868159517072947,-1.4289600999520244)
 (-0.15167430589859388,0.46296883914077991)
 (-0.18120055460748483,-0.24369193812639919)
 (0.42008048252317975,0.34602327205339767)
 (-0.55826335907156011,0.066786801091555742)
 (0.88528864732025636,-0.61331583184444805)
 (-0.76187763007969656,-0.67652976371592555)
 (0.36236871860839953,0.79253839904658552)
 (0.75486497703686484,-0.37581313352564172)
 (0.79170990174931222,-0.40801267626624915)
 (0.74482972810572512,-0.68271479082572373)
 (0.56509061824827833,0.59194945471820481)
 (0.76332619799702139,-0.59337627583933594)
 (0.040130712298788951,1.3766889779122948)
 (0.53013891953477443,0.48410662680071714)
 (-0.81809827570330906,-0.35346273530588235)
 (0.74503642996700692,0.018501218915952855)
 (-0.064394693582822737,-0.71889796068392675)
 (1.0080912453255562,0.81039750529939925)
 (-0.40066335838979655,0.95344652961226828)
 (-0.37687301005282398,-1.0645983598651954)
 (0.78792564533028442,0.067690390061302064)
 (0.9368432436169567,-0.68891021454648449)
 (-0.040819696531802174,-0.9180790574052643)
 (-0.21907857804553921,-0.94219152095913061)
 (0.12001283226628423,-0.90799694101205863)
 (0.056980411493576633,0.69822725360875992)
 (-0.17881708989789222,-0.50446236409147849)
 (-0.92031857891531876,0.12404303002635952)
 (-0.71675847812590443,-0.41722623179397317)
 (0.59731525942767427,0.6443699063651831)
 (-1.1624950582206077,-1.0018047500410279)
 (-1.0778525650761877,0.57332273943819623)
 (0.65154066729901261,-0.87898321143652602)
 (-0.52159904900032505,-0.41868764097160344)
 (0.88285426346729823,-0.59994933866863298)
 (-0.56639751152850359,0.4080214816240052)
 (0.75512518000887496,0.7100649407123325)
 (0.75408426887437863,-0.15170038140769226)
 (1.0594505136841972,-1.3621704117817803)
 (-0.42940410682529773,-0.64469850400833029)
 (-0.086664676975735905,0.342022611751296)
 (0.50481196316090216,-0.60220359494827991)
 (-0.9927358916601754,-0.29055203328446449)
 (-0.42947029099191442,0.53737201191832529)
 (0.96008159293740769,0.8839637149763081)
 (-0.35037248458076603,-0.61608172855381138)
 (-0.48945569152869345,-0.21778363193514677)
 (-0.38110554129982921,1.4089888316049652)
 (-0.75373383653403003,0.60533610828483964)
 (-0.43215507038565865,-0.20564746006505746)
 (0.74942023863387464,-0.54281579008931868)
 (-0.24343402549444876,0.43543987542471213)
 (1.5544878923710803,-0.96446379390238968)
 (1.0127793514766044,0.30008944990697028)
 (0.76670826759156618,0.41822183721222722)
 (1.0492019189468125,-0.36988136671969041)
 (-0.48917868246842955,-0.2168833719681573)
 (0.99733955844218225,-0.25396758577927009)
 (0.71294356631276834,-0.42053001213071961)
 (0.8798576763689171,-0.53644354530541893)
 (-0.38244544731102725,0.2695134981855879)
 (-0.14349436366793467,0.66678744339870644)
 (0.54736552367016311,-0.48006884119910942)
 (0.096341244922473535,-0.94493872766218978)
 (1.0278373120321316,-1.0361377303720949)
 (-0.27927947831520517,1.1556128686889418)
 (-0.076764257251289908,-0.041258627961259391)
 (-0.012471896123402049,-0.74468235961151419)
 (0.45975600251142107,0.57984169129680141)
 (0.012606621143941787,-0.71435209473276418)
 (0.98830290491195594,0.94835197336264143)
 (0.79622704689228485,-0.49110866096370598)
 (0.72806374321847245,-0.68622695354375662)
 (-0.16627880484412227,0.40822796713887377)
 (0.85482342608249695,-0.62755608235662019)
