# Created by Octave 8.4.0, Thu Dec 11 09:47:21 2025 IST <gamana@Samsung>
# name: rayl
# type: complex matrix
# rows: 1024
# columns: 1
 (0.011612352546964466,1.6408517196513464)
 (1.096840873703808,-0.83530515692308205)
 (1.7216255537797547,1.0002950992455852)
 (0.55009119742732815,0.81892165504855341)
 (0.41536231016287367,-0.50814259480020174)
 (0.45960864982979871,0.65642403819347894)
 (-0.26083629376494338,-0.48418836973215457)
 (-0.12270763414606456,1.3008780860495088)
 (-0.94628507262725714,0.060766511122348987)
 (1.1095469489265011,-0.20747478533014646)
 (0.0078187978201446073,0.43022210257755222)
 (-0.4152300212636667,-0.7071896323643615)
 (0.2717599694674589,-0.46496828307491583)
 (1.2447149982383385,-0.16986566735869379)
 (-0.54838349903669614,-0.23497469462294832)
 (0.078762055379995144,1.9790460219921546)
 (0.19607470485353559,0.25912857101287828)
 (-0.52734565611589845,1.1173186223038898)
 (0.13196697919967132,-0.74183829024809667)
 (-0.14576513102843655,0.13415285662435097)
 (-0.25957622266554353,-0.60264610007961883)
 (-0.11892152217523289,1.238414819080401)
 (-0.86304222075540538,0.26520558418731782)
 (0.31406060206496822,-0.39998256521943132)
 (-1.0633329627119443,0.12622574804887471)
 (1.5696330878534579,0.35182703279747318)
 (0.43996349918481642,0.34991201873372951)
 (0.089950150542251694,0.7408631478405765)
 (0.43291958155146049,0.59629556861761313)
 (0.013234618780835122,-0.36121005134169037)
 (-0.23590775832598912,-0.36683865931402782)
 (0.97477824027849314,-2.0079616430101708)
 (-0.15493164540532611,0.43602040686896415)
 (0.36728846230388656,-0.25890626028183861)
 (-0.87815384463922497,0.12968811742293113)
 (-0.41179268871328245,0.012480290687401613)
 (-0.55924671341014498,-0.87772842162719267)
 (-1.0508509764943681,0.14721755948404863)
 (-0.30481853971598383,-0.049245799723921319)
 (0.28744753501733739,0.94679138577954691)
 (0.044225463547949539,1.2358715515968701)
 (1.5661567963233209,-0.57836404380389339)
 (0.22036237363387351,0.94723659798435822)
 (-0.18176693163844709,-0.095616306263754267)
 (0.45891791568763152,-0.5505527526873768)
 (0.31398721385899464,-0.14450699458262828)
 (-0.34955469418136431,-0.38748736550956464)
 (-0.30411497622337397,-0.093537525280009928)
 (-0.58844827607870542,0.99233203037192441)
 (1.0715292953674072,0.15962253996311659)
 (0.10780715492237458,1.4639642795944168)
 (-0.65032351697556767,-0.17552018764633118)
 (0.78936699783840614,0.57228467624118262)
 (1.3039811257984013,-0.25383162907647627)
 (-0.33450179907498978,0.23586713713083696)
 (0.17322126355297587,-0.56405783779804186)
 (0.22745005237340077,0.053266036596926594)
 (0.44739403822826362,0.04707934023325358)
 (0.1831487993379855,0.43543179553664607)
 (0.19259589339075428,-0.74678811985211402)
 (-0.49213873211381859,0.9970373549128595)
 (-0.12874667480040008,-0.31910862369179954)
 (-0.0086612640151180476,-0.43806359548457829)
 (0.36147054568773068,-0.26260820020948966)
 (-0.85675619956801385,0.79167721382686296)
 (-0.12565891641947441,-0.75633338993057442)
 (0.22909712950832659,0.14147546448926593)
 (-1.0772766725324474,-0.42520689856415805)
 (0.71323518952734566,-0.083705154935518167)
 (-1.4653087414754908,-0.71168955403285294)
 (-0.101120589640736,-1.7613345100856193)
 (-1.0804412823680607,-0.2350461769776741)
 (-0.3730088762562353,0.28586404876467658)
 (-0.44919821074031907,0.31778042048873967)
 (-0.022242200700933273,0.458902974116143)
 (-0.1240081885280727,-0.067906241037461387)
 (-0.6779167149562455,0.80235922343932931)
 (-0.53797569328901063,0.39101874796788988)
 (0.34247047957571342,-0.49631812933912289)
 (0.27750766478721872,-1.0578317798062176)
 (-0.095822957094220229,-0.30996041788566264)
 (0.1491933755734145,-1.2509252145727103)
 (-0.86470438631528623,-0.20600490780916714)
 (-0.41261831032930385,-0.25315952964591437)
 (0.67769851740705511,0.060181776177610447)
 (-0.11242650355289197,-0.75396852461420116)
 (-0.30295093111488614,0.19979124805674331)
 (-1.3377369598790863,0.13187652892629687)
 (-0.88207362516501608,0.61403172026417052)
 (-0.1115078446113843,-1.3099096405091899)
 (0.14101182583420513,0.17785249599623904)
 (0.088556644886018471,0.5731569130943539)
 (-0.19168080465609125,0.11731911494210454)
 (-0.27141835365948463,0.2125592369045968)
 (0.40230188496221325,0.02546706442218899)
 (0.2466900320396711,-1.2970191605196413)
 (1.1492718210065052,0.39014505988008064)
 (-0.88657882303038282,-0.21070093307026277)
 (1.0161174516043681,-0.30012494287889419)
 (0.32980041253722447,-0.32050738996598571)
 (0.83051444635615534,-0.0039015809987927308)
 (-0.32709404767962302,0.17216880158484837)
 (-0.32108687234205446,0.29790944749120762)
 (0.63011477678397532,0.73719214226873719)
 (0.36364728406509794,0.92742860121414994)
 (0.20941455855408528,0.48980123564148059)
 (-0.98570414226630021,0.07387269774659605)
 (-0.4601982128137323,0.62366270760885034)
 (-0.052182466184872489,-0.87306317411089918)
 (0.58343669047530822,-0.76336911090825843)
 (0.51440902953631706,0.0018427378428433339)
 (0.35596203086714967,0.32844410917189887)
 (0.057628046620158524,0.36425764592652904)
 (0.73693862572714175,0.51656018781721924)
 (0.050465645657947089,0.30084047861297059)
 (-0.17807513057237939,-0.31677913596583834)
 (1.6037900855465674,0.34463684314866483)
 (-0.63376839846305755,0.48767732742548159)
 (0.58373316663753549,0.55991477145304447)
 (-0.27340316528205383,-0.20004626565419004)
 (0.76344054180461618,1.0592005255203654)
 (-1.1377239223078728,0.16152285929144017)
 (0.25101861055488633,0.22453492956736124)
 (0.84590557393258203,-0.268256076071196)
 (0.11307562312632821,-0.139705237158913)
 (-0.64861935665706838,0.13131452525895643)
 (0.18992148830465219,-0.00052249722498243223)
 (0.73033132890518515,0.077133276458815347)
 (-0.48619850626786543,-0.030404142088126029)
 (-0.037766187787966379,0.091262702418238015)
 (-0.37239678095275208,-1.2662603985881069)
 (0.0079424673380964483,0.37098624201252373)
 (0.54315554040419789,-0.18750154498948582)
 (-0.6628580145790901,0.0077549990546822434)
 (0.50389241274611152,0.63765321053666524)
 (-0.91329218714521132,0.76880805129993512)
 (0.2892070566079068,0.21376371459967791)
 (-0.61175083624064941,-0.7412261590377851)
 (0.80110279999692824,0.14806284217743804)
 (0.82861288396083566,-0.77350379567296945)
 (-0.49911323214667291,0.33914456835522866)
 (-0.16218615383307014,0.56824969340212661)
 (-0.11222844986286434,0.45488264096292691)
 (-0.15494822472159372,-0.071395641349642908)
 (-0.37830512152325241,0.44686044470732628)
 (1.4642461371137219,0.29985200977959403)
 (-0.0067522132133520226,-0.00056984032945995265)
 (-0.84383163041884579,0.57003334621133872)
 (0.99360376372329751,-0.083217868157408337)
 (-0.15135832864032961,-0.82621442869271911)
 (2.5071215240933524,-0.0089412808651678777)
 (-0.18013595082769099,-0.32339187399366565)
 (0.33395700861445421,0.79909581122650908)
 (-0.51424974940950741,-0.35959748263995966)
 (-0.43780002156818243,0.43641904643660534)
 (-0.510375763934386,-0.76346567277179012)
 (-0.099469224528558636,0.35755808379005549)
 (-0.80109798210146166,-0.87126547760760986)
 (-0.086515054725757212,0.21132840724203578)
 (-1.2321930486759454,0.8969459378466752)
 (-0.16156959396939363,0.7543128476170452)
 (-1.9648710680162229,0.62575889577284416)
 (-0.065299387617629934,0.37336844847265421)
 (-0.2931456823041787,-2.0091916189346897)
 (0.2178936522324906,-0.071905999996351638)
 (-0.53049952776471809,-0.75971632898655794)
 (0.010440370605333704,-0.9580359186220746)
 (-1.3462931247907655,0.35973879615964077)
 (0.32083917200540979,-0.53647452884147584)
 (0.60318678611631638,-0.42964120507129511)
 (-0.10242061892183413,-0.057993085667107307)
 (-1.4732195981033631,-1.4385873712975319)
 (-1.2530044193962047,-0.78193887627532943)
 (0.36236878482453766,-0.066958755794268299)
 (-0.48453232276543096,0.27947738877724077)
 (-0.62289925517099654,0.95962854409483145)
 (0.465940919137797,-0.88717833382430977)
 (0.51303902369374921,-1.6005647185342049)
 (-1.7786961159662709,0.61614143027016965)
