# Created by Octave 8.4.0, Thu Dec 11 09:47:21 2025 IST <gamana@Samsung>
# name: rayl
# type: complex matrix
# rows: 1024
# columns: 1
 (-0.26306698329953293,-0.44631194462985802)
 (0.19030016694108526,-0.36265224082031605)
 (0.8090329575380476,0.76942189460462951)
 (-1.2078560037346207,0.029708653957328246)
 (0.2604104517867008,-0.80402085106686516)
 (0.14982491331379341,0.59780521713158496)
 (0.70741085325598041,0.062782003026887634)
 (-0.2105349175025919,-1.4502808216859022)
 (0.25728305624632375,1.1061404632330698)
 (0.29805016906617671,0.23638446898952484)
 (-0.77614905872182627,-0.49725405079136342)
 (-2.0087639836214111,-0.30686229934543441)
 (-0.9067087529714094,0.74798386476421175)
 (0.37943438208289199,-0.10129761178034141)
 (0.34239992132134234,0.81587632679408773)
 (-0.64150341146753176,-0.59637728846669558)
 (0.62383819224364023,-1.1710400461595523)
 (0.61025247854801234,0.073214986578658992)
 (0.48013891530598019,0.86866357639489344)
 (-2.2033897760315622,0.10372090693613312)
 (-0.94456813334363843,-1.0372926620799658)
 (0.44848955216616687,0.32022746396492402)
 (-0.30421270967279007,-0.96389289675192069)
 (0.0094008923360229257,-0.15347393428702719)
 (0.08505113570030487,0.98215626783546262)
 (0.54839050272826595,-0.76494219911427896)
 (0.19750080650765886,-0.092001394080826665)
 (-0.60564539735609646,-0.51178155466769293)
 (0.21485809452882448,0.85424611908890746)
 (-0.12685759881881428,-0.61981190288466392)
 (-1.0400141856059146,0.19844524205069969)
 (0.22552644500005828,-0.57410432483741858)
 (0.14250643333802848,-0.62572429402334129)
 (-0.42740074938696371,1.3904909555022686)
 (1.2557530155010639,-0.58423029389424697)
 (-0.20314687202403667,0.21324105926998091)
 (-0.3219945361068679,-0.062613708253452333)
 (-0.92689967508277304,-0.32129448205289213)
 (0.025433774299818523,-0.71428510202975992)
 (0.78372242034286088,0.78851695629085838)
 (0.62449263921606624,0.76646503129070875)
 (1.2436937668076968,-0.11001314997987077)
 (0.40802322111403994,0.54085444949275485)
 (-0.99120742296555342,-0.82859103725645222)
 (-0.039781039021872966,-0.61724237683453986)
 (-0.81922548269915674,-0.67048332194979943)
 (-0.2513208425019377,1.0889092455545615)
 (-0.82904380041395886,-0.0081952868463296413)
 (0.095183972990109056,-0.34699835501788917)
 (-1.1451450141990154,-0.28515381281084712)
 (0.29344094471868343,0.50488267336996639)
 (-0.14028717630267246,-0.16094485701591699)
 (-0.46895355215665768,0.10866149287326055)
 (0.87431710212178981,-0.86949723772908383)
 (-0.7797292798633445,0.17676480679599482)
 (0.43029341051499009,0.43875817730903915)
 (-0.47665458019150464,-0.35865693853974367)
 (-0.10687859061627214,-1.1668378576200926)
 (-0.95059580458978199,-0.14327206205249249)
 (0.22790995972894856,-0.67214397411370541)
 (0.82527356505005356,0.037533889107881913)
 (-0.60398843588006956,0.68241820730036284)
 (-0.23210766067438018,-0.17844209134554204)
 (0.039786039478952984,-1.1558051648167393)
 (0.20120465363665377,0.35492154027389866)
 (-1.4927733900955951,-0.17268609153138892)
 (-0.38979136993000879,0.36557073964547521)
 (-0.061767001699117113,0.32419052433429951)
 (-0.23463645419618923,-0.87839875773822818)
 (-0.7302288078972321,-0.28051491472432288)
 (0.603684355739741,-0.069810340888295519)
 (1.0833879212649558,-0.64515577838153093)
 (0.72795774126133939,0.024746290586888764)
 (0.041791512835772954,0.011934461188949339)
 (1.4994349129440923,-0.56527374363071381)
 (-0.58338455425731139,-0.16460571721357453)
 (-0.24589097010330474,0.25028164124578078)
 (-0.39973805686851005,0.76279262908172507)
 (0.41863620835671222,0.1016610543374166)
 (-1.0464700558168951,-0.63456439899069683)
 (-0.49914804840459887,-0.41424388407732965)
 (0.56367689880880323,-0.0020565202367281987)
 (0.11672276349925986,0.48838065802180769)
 (-0.056941696067318803,-0.5964996599795851)
 (-0.28681524021385779,-0.190964441252756)
 (0.34128246958848535,-0.50357156335851538)
 (0.3676575239972224,-0.94314013406238328)
 (-0.30680367733860386,0.037231807951657481)
 (0.36455252444438602,-0.072872357425959655)
 (0.81297823776747813,-0.50159432830770667)
 (-0.08364386471960554,0.10250686473694866)
 (-0.11274470232571654,1.2704557518277935)
 (0.14766096168075937,-1.0306418503118155)
 (-0.050065244816938526,-1.0938815528496646)
 (-0.00030948018150203649,-0.18981209220320494)
 (-0.98603313773891743,0.19594346477649671)
 (-0.79502781549048995,-1.1444440821212871)
 (-0.98985646155030671,-0.77398943419865573)
 (0.048717883873406448,-0.42630053991224004)
 (0.002525113519584371,-0.38709274988296738)
 (-0.55881121950093782,-0.49004367494273371)
 (-0.51279981418656251,-1.3493600115421849)
 (0.42102094855471028,-0.16703840327148878)
 (0.456140486509439,0.15798075315301258)
 (0.2373587693447656,0.062520864616065236)
 (-0.81329919754103241,-1.380933993311521)
 (0.80328181354115757,0.04005396361782676)
 (0.57232597909161931,1.7303514006043879)
 (0.12516619725928707,-0.45146805170092902)
 (-0.4768808974667067,-0.34807842264515443)
 (-0.76252220329746345,-0.17037428449670566)
 (0.7688354516903696,-0.922944800745645)
 (-0.9157581773918182,0.052649015164840551)
 (0.21205580114885819,0.77802668647168294)
 (0.13773241187920543,0.0019184442166877841)
 (-0.55640616787217367,0.24940142995306572)
 (0.36172595674435037,-0.32035397926622378)
 (-0.2628823495501143,-1.0064708480282192)
 (1.5154396124557952,-0.62506806402480108)
 (0.79525596071714366,-0.050863779698517575)
 (0.18115417344737883,1.1148557493792093)
 (0.30211605116247642,0.080479509299184113)
 (-0.13826327705801444,0.35095078829471776)
 (0.1118240155987596,0.38403864256323794)
 (0.12370411006919166,0.34499542298512975)
 (-0.81867040352155396,-0.0043605043579656999)
 (-0.71475809922868305,-0.46143043805298295)
 (-1.1223533402572272,0.92686955937597881)
 (-0.20069535449053449,-1.115576075870736)
 (0.028187302564573635,0.68200991143709344)
 (0.15229770935990655,-0.5147951190021911)
 (0.076469510537958238,-0.22294133264432131)
 (0.78356748788165387,-0.34255365972384766)
 (0.1967628782682723,0.25098355555198409)
 (-0.44547119253389555,0.73323870520367074)
 (-0.67042254423086667,-0.065233129981981774)
 (-0.40615476693978136,-0.47342364421644445)
 (-0.18667130067913135,-0.89719076033029954)
 (0.28444745332851412,-0.45304508666756177)
 (-0.20540217735244815,-0.42795994983056718)
 (0.45133268665361737,-0.24504843223532846)
 (-0.41605411152946764,-0.59186679871151748)
 (-1.4265981996660171,-0.36481161335545331)
 (-0.79583959057476394,0.87308968234019724)
 (0.32172019711635758,-0.077201465332060376)
 (0.35301082621019997,-0.50895088864761751)
 (-0.24305858661427621,-1.2151536785125625)
 (-1.0653489223149826,0.31559864965148382)
 (-0.24196844468300521,0.54613020510725541)
 (-0.74873842179374073,-0.34385214287913812)
 (-0.31935352842811099,0.43911090717335183)
 (0.84918147304200287,-0.17151625730691505)
 (1.4526960358857171,0.21247307720839459)
 (-0.85564382300155284,-0.25699101432633137)
 (1.4094710505996271,0.91976838112445025)
 (-0.80370982310331762,0.95093466637322732)
 (0.65982348731116891,-1.1114010221384878)
 (1.2831221813597629,0.037123915157472598)
 (-0.0058365094270633466,0.15700846862762111)
 (0.75160768146972523,-0.22408607819194676)
 (-0.31546210173861744,-0.41014723171791223)
 (-0.21687885443973412,0.36804381305820077)
 (0.74139518397410442,0.051207376241589608)
 (0.2831011953393181,0.661777331635507)
 (-0.6126922837309845,0.56032157754777834)
 (0.23582117195576513,-1.8848849046485059)
 (0.34597392743306749,0.91378631561241086)
 (0.016904719243541505,-0.46552625659601499)
 (0.70545937843718531,-0.10834821845757991)
 (0.49504231432867019,0.98476666417762471)
 (-0.14813641385779802,-0.0029567426416047954)
 (-0.53967965568836829,0.91196775549100129)
 (1.3773068476071155,-1.4129558996748512)
 (-0.21070125039937337,0.17919573527460442)
 (0.14513794256797291,-0.28610801846058609)
 (-0.90698789972786553,-0.47308986075652265)
 (-0.29458252662565981,0.71775006356756177)
 (0.005564131295695024,0.47584020997704546)
 (0.28740541674807718,-0.54770092457206965)
