# Created by Octave 8.4.0, Thu Dec 11 09:47:21 2025 IST <gamana@Samsung>
# name: rician
# type: complex matrix
# rows: 1024
# columns: 1
 (-0.55171473135126126,0.88493072374085513)
 (-0.92502146783491934,-0.28865169038350974)
 (0.74561950799684429,0.87058869160359798)
 (0.86692227669069066,-0.89393286533993555)
 (-0.091523703174791526,0.51531992714858132)
 (-0.90372521930435656,-0.078416907834900129)
 (-0.57654664175912873,-0.14612869868025793)
 (-1.1379502759957369,0.59385526561743684)
 (0.35207390698345453,0.12339516107766427)
 (-1.0040932492962882,0.38262841959833016)
 (-0.26656576554157957,-0.46110919505153175)
 (0.13119206312687184,0.17307577179939962)
 (-1.0721951885157177,0.60993226602959161)
 (0.8903951659441518,0.61554903055896903)
 (-0.37872868907921414,0.40792201742633488)
 (-0.57534803552372371,0.56447176299411739)
 (0.63832934702895106,-0.49259202967254007)
 (1.1608780590210985,-0.57390505938128489)
 (-0.46245189635845563,-0.74807738489701192)
 (0.03456874679151245,-1.0302996194585479)
 (-0.57242969651190068,-1.0175311819725645)
 (0.56991136119843122,-0.40546848986460426)
 (0.76572272244563799,-0.89643792843808967)
 (0.45030559418776223,-0.75937612170526281)
 (-1.0525770322331569,-0.57278325755723047)
 (0.41680181862853155,0.32005146914166988)
 (-1.309386720828797,0.83614365262624402)
 (-0.050600663014106706,-0.66714299953743206)
 (0.8794844000053148,0.74689746393316758)
 (-0.49822158665189314,-0.35639389647396963)
 (0.5586674676495671,-0.33000552119931637)
 (0.63126095606418509,-1.3190890956987296)
 (1.3937677038615068,-0.58722198716743712)
 (0.65067256419474617,0.9219739745531399)
 (0.76049641998106565,0.55156829422317488)
 (0.41750774058745321,1.0085437692504946)
 (-0.3735078650724224,0.50323624389822996)
 (0.9822994432588692,1.2300517242084441)
 (1.0595927944955754,0.074591162305832071)
 (0.5953785278697572,-0.31877124584348288)
 (0.45942609895252584,0.37710985780412642)
 (0.80925722092312791,0.94609506745280969)
 (-0.42910348614716953,-0.67354200615746984)
 (0.16533641813615119,-0.94486165519745091)
 (-0.46158296882746208,0.24672710829182054)
 (0.76582586685578335,-1.2877808787900216)
 (1.5634978885484356,0.10171485016109083)
 (0.65793908852533245,1.0544627905981996)
 (-0.50606864499696957,-0.71006530441744364)
 (-0.73406994002427328,-0.79842776032225105)
 (0.62373845383069293,0.60617744963361275)
 (-0.54409265862004141,-0.47555116819732013)
 (-0.64970398816714225,-0.96781266571013402)
 (-0.78129968030754671,0.41207348305715019)
 (0.38813801368561207,0.8592704523056105)
 (0.42595416098646854,-0.62461124490417053)
 (-0.76831169172948233,-0.70155069237168188)
 (0.50903773670749031,-0.34204817422198952)
 (0.28636381128783694,-0.14947132634263702)
 (-0.93568412274418233,0.86907467388355686)
 (-0.62300401597945676,-1.1612945063830047)
 (1.1701385840070502,0.53647890666143261)
 (-0.092336660741285853,0.41213256592552006)
 (0.1255721936036801,-0.79169298409593714)
 (0.21131364836527458,0.64746673370007291)
 (-0.66068415431534055,0.57629551694836767)
 (0.92825488068563977,1.2269331941620898)
 (-0.4847738960753698,0.28448330124852239)
 (-0.63527183107813134,1.0657594365723346)
 (-0.56702979823683231,-1.0492142610089892)
 (0.41150513917510984,0.77952413871830606)
 (0.52433338378541461,0.95536447917848488)
 (-1.2380132113845064,0.24779800729330975)
 (0.11715507649252736,-0.34968558708486436)
 (0.80321773657559237,1.1198581622525101)
 (0.71433200578124501,0.74428305371046011)
 (-1.142969898214391,0.14354545762744197)
 (-0.8418363088662093,-0.67745643474715989)
 (-0.23284666549615296,-0.30023759811930628)
 (-0.81042208795823856,-1.18272943446066)
 (-0.98443379755629445,-0.6160124018071691)
 (-0.23787060052683956,0.46907991620581529)
 (-0.80387687078656378,-0.30495694228292902)
 (-0.22560727247896928,1.0602599544583349)
 (-0.86692635349477509,-0.66829360706329943)
 (-0.86948879037956506,0.57937642712718118)
 (0.4262111241531818,-0.40718482697878172)
 (-0.97352335189107175,0.69836367578861691)
 (1.5272871721206982,-0.28145467054781981)
 (-0.59805853388760777,0.42282127152095061)
 (0.19927128652466972,-0.29926825837754201)
 (0.58631250276484193,0.94777958447387989)
 (0.4307753732980717,0.51839471946076909)
 (0.57852446197086826,0.35810086451812095)
 (-0.56877419520097006,-0.29098490789386389)
 (-0.5123417458588343,-0.097844834219331656)
 (0.56168585681710792,0.73858226449671616)
 (0.95210035823258898,1.0124737378151987)
 (-1.032896221665256,1.1438434572719087)
 (-0.69895230786503615,0.67786410558877397)
 (-0.69516731914922869,0.37032313233797542)
 (-0.82677308289869222,-0.52418094926869718)
 (-0.41762990541036032,0.44313743865737071)
 (1.4302362862651483,-0.57220447532840302)
 (-0.80597844024604814,0.77561496908383876)
 (-0.4794647762264051,1.1728319378150458)
 (-0.47911483806446648,0.65018090845893806)
 (0.72191908891599277,0.9161968482695908)
 (0.94061852892020603,0.95545080389100612)
 (-1.1143963695698345,-0.70256571089466446)
 (-1.0051513414812112,1.1495485311496749)
 (0.40186515782990406,-0.85691626094379292)
 (0.77195278105951015,0.7526705084597809)
 (0.37192540369796234,0.45186296350325017)
 (-0.35379107371841295,-1.0460671652458458)
 (-0.75412980299044341,-0.79321264361792465)
 (-0.41430653466390432,0.84165246898500068)
 (0.98673946571759474,0.94351191441231141)
 (-0.21253801508489387,0.13616226108169152)
 (-0.8577059119207443,0.84339179743319248)
 (-0.85839845844351936,-0.58942279571220735)
 (-0.35329857046120966,-1.0106199398588855)
 (0.83753065010969552,0.011784958161078773)
 (0.37426687705062778,-0.74662641073811653)
 (0.67467171641972823,0.412569956407419)
 (-0.48584560218057316,0.80923271798351981)
 (-1.0780481137048343,0.29194605669060558)
 (-0.43248800960985778,-0.89695185063389538)
 (0.82133228847351403,0.3811981055227095)
 (0.08303501736533786,0.71146341710405125)
 (-0.74628192928903014,-0.055390623602045441)
 (0.25343491795693307,-0.40763557780053838)
 (-0.55634218825094939,1.05598731720315)
 (-0.51053953817567543,0.49906137073018181)
 (-0.46948695291406145,-0.24482249241621462)
 (0.051654314774341292,-0.52939729527130064)
 (-1.0500223210530379,-1.3316399187337511)
 (-0.62699235812637244,0.73081965435522644)
 (-0.72763488835404966,-0.69470399786995685)
 (-0.46039304429618061,0.71967383776012417)
 (0.13836966736413653,0.73271616672363815)
 (-0.80271390912703078,0.62779427924137621)
 (0.73889625644333667,0.47861652146663636)
 (-0.93580714032507495,0.40115274503497211)
 (-0.34586881207325815,0.67936044752024694)
 (0.48920699691490005,-1.1198247998462025)
 (0.98030402938019789,0.73374063398739819)
 (0.53163743973014288,0.97031202545208894)
 (-0.40659595324902376,0.74000693634500769)
 (-0.88353846527783797,0.78893623861246098)
 (-0.62114665321513129,-0.10583663916404101)
 (0.8646531239809554,1.0861808345223525)
 (0.46104980217582447,-0.79322089956009023)
 (-0.33838166210236142,0.062464889256311357)
 (0.58811698962440673,-0.18660886511094515)
 (-0.81277299574250761,-0.97301674783528758)
 (0.68877968240911236,0.60662377589170946)
 (0.921491370569826,-0.32949001180598975)
 (0.43173970945661633,-0.16580459255067717)
 (-0.036451062543690349,-0.65367968000894328)
 (-1.0123859488231994,0.12219617916653031)
 (-0.62449391006070565,0.72942510374910641)
 (-0.06264143883981213,0.45382108944222332)
 (-0.49090554200099867,-0.57380341537165047)
 (0.21356245439938204,-0.14580540532566527)
 (0.30154905673911508,0.50289521182082109)
 (0.48935382058167748,0.90099141520576209)
 (0.97968370525146009,0.44042618020554614)
 (-0.42989631097480374,0.91321925720815722)
 (-0.059789218008634737,-0.64659523810758057)
 (-0.55535456472110412,-0.32921486791496124)
 (0.74585445050861765,0.54666630107752445)
 (-0.23580353531161663,-0.60588276272907926)
 (1.6196244946272478,-0.35496139294481077)
 (0.23529987647849099,0.4080875689467422)
 (-1.0905316990379421,0.48711514726265459)
 (0.75732807477994479,-0.9592536721994146)
 (-0.93442608334485655,-0.84497153118213375)
 (0.39528265801448581,0.60426552119119603)
 (-0.69356464357187819,-0.78012594365915422)
