# Created by Octave 8.4.0, Thu Dec 11 09:47:21 2025 IST <gamana@Samsung>
# name: rician
# type: complex matrix
# rows: 1024
# columns: 1
 (0.10497638774613964,-0.34124077658317276)
 (0.3990451288173128,-0.1667194506589682)
 (0.97688957797627785,0.47410227672184085)
 (-0.9602469993825008,0.63684301957863731)
 (0.35741853870714957,-0.12918728791313874)
 (-0.66691641014291636,-0.44206513768787503)
 (-0.77336570794149573,0.25910731625690181)
 (0.27372998964269923,-0.91745479815927355)
 (-0.44637374463004059,-0.66678332122970851)
 (0.35742374996190807,0.15304061320754492)
 (-0.18525829551859643,0.64241083544954392)
 (0.68889915787472589,0.52055168109687999)
 (-0.50203491888638974,0.28823173502502875)
 (-0.23953649023665086,-0.51173980602057445)
 (-0.61431213102777726,0.71915757166155037)
 (0.62322628756376508,1.1820055947005987)
 (0.64461067742809663,-0.86282019209349592)
 (0.42430301900867806,0.74998136216382116)
 (0.90027197504076362,-0.34818475929932824)
 (-0.54420029891206789,-0.10821681115608864)
 (-0.2864741012929411,-0.77363997044819288)
 (0.54193214252872979,-0.36341041003994817)
 (0.10902357692741721,0.020290372504008308)
 (0.63685459065544436,0.97694520616012759)
 (-0.016254653614584891,-0.61036222007940255)
 (-1.3592262596218205,0.50050618853960871)
 (1.2937519234340558,0.9788836880429318)
 (-0.52138785336358839,-0.42124206646058432)
 (0.51240116897341126,-1.0671552284008419)
 (-0.29649405427179093,-0.85107326362065949)
 (-1.227035429022062,1.1601771539221615)
 (0.20945692927804366,-1.0615361695368437)
 (-1.1811590736071298,-0.11959513129497334)
 (-0.51763177293329232,-0.46790742953591569)
 (0.61830029973957645,-0.34435948838006603)
 (-0.57781969996773497,0.50360611044441694)
 (0.69408896261483055,-0.83794940326906264)
 (-0.86260886032505069,0.41224165408539737)
 (0.95936014969225392,-0.54936481075786392)
 (-0.89993756897771904,-0.89154985395007291)
 (-0.053408068474395248,0.21952216844097291)
 (-0.42967336288331576,1.0589596131705596)
 (-0.9111958968758207,0.90555122654896092)
 (0.73232613132445368,-0.82476493920587346)
 (-0.4329177951704069,-0.30027880012240943)
 (-0.26198864567675723,-1.1549731266339651)
 (0.75885379059646207,-0.93974625466482675)
 (0.65319906999409594,0.61350794399471398)
 (0.86059545919595548,0.098219135676186009)
 (-0.81426671886081126,0.95950095491932341)
 (0.68468232619836611,1.0447189818473239)
 (-0.46502044497353151,-0.92691566742455733)
 (-0.69796787544169803,-1.2086167657822837)
 (-0.6452805456849573,0.36972964783028545)
 (0.29792446460375466,0.42495559504368752)
 (1.2273521953072084,-0.22054421735232321)
 (0.31730181862113011,0.50904710831112276)
 (-0.6363373238331973,-0.43054814955187465)
 (-0.54733533630750353,-1.0983646603577157)
 (0.68083311535767832,1.242781482844437)
 (-0.46774389884081724,0.18618730296818278)
 (-0.0016344679957750463,1.6140999775713372)
 (0.85744060212140205,0.77918425984491879)
 (-0.58005750458339278,0.68744944041483558)
 (-0.54920063586092005,-0.39719677880421161)
 (0.37799625867775988,0.46450328205050451)
 (-0.78418062078059414,0.11520931501186921)
 (0.33836143390569284,1.1851556164756576)
 (0.17111794623424703,-1.055235919225848)
 (0.59544247212375434,-0.89636170286502148)
 (-0.6926196352560724,-0.9392908517041888)
 (0.59446872279181084,1.0545583058351784)
 (0.92119746513683798,0.89445336226795025)
 (-0.77332498245883352,-0.24622355198511453)
 (-0.40769087680497873,-0.13372364401759754)
 (-0.55622046471219833,0.42929446191456078)
 (-0.49119934941716265,-0.73991616983902886)
 (-0.7907268699697978,-0.39267902619503681)
 (0.6687043959218183,-0.75313385681538436)
 (0.66911873998866178,-0.75220173713485217)
 (-0.93988506981123787,-0.73057516832590885)
 (-0.13205755806743916,0.084183676942710034)
 (-1.0773350110674911,0.55480897019886333)
 (-0.56503369685243243,-0.64409105010256307)
 (-1.1445222145824703,0.77949745126901415)
 (-0.97632172518973892,-0.59100735619611533)
 (-0.18141247476153322,0.59944055958424725)
 (0.500986967220169,-0.23191006364664585)
 (-1.2837511028415951,0.67668921287962558)
 (-0.75416621303846731,-0.68126180947992443)
 (0.81070525001166904,-0.44334233392358169)
 (0.30200809662454609,1.2749941801549394)
 (-0.98897155701309036,0.50725197891646712)
 (-0.86267236860715335,1.4813710907918936)
 (-1.3398871583719421,0.67400396394648765)
 (0.0025028017391652835,1.4451509228232005)
 (0.2493039682211004,0.97452902497625771)
 (0.3710970564279249,-0.45722923009412086)
 (0.87102431563658533,1.1907783105629723)
 (0.83001057296024006,1.402467095234804)
 (0.64349198501977822,0.38653278209433073)
 (0.95707325985078506,-0.65398444152964508)
 (-0.57428354799035197,-0.81037558406996479)
 (-0.88393602890394285,0.1936461932496763)
 (-0.32292378591853094,0.11242118217334991)
 (-0.69456355508693457,0.48095640145875407)
 (-0.59092082157973602,0.93497973467971807)
 (0.4499892549871205,-1.3367457858257816)
 (-0.76605247697375178,-1.3418530727557108)
 (-1.1456113617740322,0.50306683444791722)
 (0.17196811072067614,0.34552836517640478)
 (0.18287662796267162,0.78760147236008771)
 (0.39919130916068229,0.41468517770560426)
 (-0.68180233475564223,-0.60718374346064097)
 (0.64832059049203572,-0.058408036626258042)
 (-0.70324929222962251,-0.28876423117682704)
 (1.2163727534041504,-0.39434946066438847)
 (0.92485735119838219,0.13151442238668287)
 (0.71992024221110329,0.85468968561148584)
 (0.20286171828306798,-0.5411447109294002)
 (0.2879584965944294,0.26880220647126452)
 (-0.7479695570727678,-0.40718788497918973)
 (1.3643378022601655,-0.43600897696651209)
 (0.4936164610792998,-0.58438959185018835)
 (-0.37747467950336655,0.65914960923460231)
 (-0.78608230001800306,1.2374160367589051)
 (0.35818112460604085,-0.53585030265510003)
 (-0.001969263259414239,0.43598088082491115)
 (0.55381732780716442,-0.5512164984425848)
 (0.53127097939631729,0.43185176624626281)
 (0.57143391325058202,0.67678066371965795)
 (0.62667144984517331,-1.0385373290266828)
 (0.67333893658806465,0.62743317207113569)
 (0.46952472126753764,-0.046363088204358222)
 (1.1964053978416707,-0.27399766221648247)
 (-0.35402345879321473,-0.36990465257128102)
 (-0.62822491586475881,-1.2324633884494154)
 (-0.48707796001016795,-0.42556132641505368)
 (1.1872558684772625,0.48151428361900739)
 (-0.45823647429946923,0.64314385846243327)
 (-1.2354929345071388,0.78857181963339751)
 (0.24673458736879317,-0.34608072869722994)
 (-0.24857265143589358,-0.39888109765105251)
 (-0.95881122615431513,-0.58361111399066323)
 (-0.43552911766214891,-0.67739638364158061)
 (-0.023623229575354121,-0.69644167708275706)
 (-0.21257546461499946,0.18090009805134191)
 (-0.49198592190598767,0.38910469855338947)
 (0.92919265803569462,-0.64464611053628729)
 (0.23820335767843953,-0.36692219582696223)
 (1.067488634134798,0.42383351167810718)
 (-0.58192653905883907,0.33962485799071351)
 (-0.53891472403857532,0.29373824593319275)
 (-0.43773159945201223,1.3703456570153403)
 (0.43016378954388435,0.7903604514692022)
 (-0.48005036973392046,-0.86080003667978655)
 (-0.57756128084935732,0.84585594327487268)
 (0.091488446639976378,-0.37818884004647735)
 (-0.50748823942215548,0.68171220144688693)
 (-0.2348710057348132,-0.22359268662276813)
 (-0.038776665647327485,0.29920980033805877)
 (1.0994958724294519,0.89982645750174639)
 (-1.1433321485332082,-1.0596270625021449)
 (0.83543733637064921,-0.64374998057197763)
 (1.0231104298814149,-0.75120561853328349)
 (-0.23273403780641636,0.50420287223755489)
 (-0.76764979110324894,0.73063697115455795)
 (-0.98241298920455056,0.39697079705036459)
 (0.43499077160652333,-0.52219098463225877)
 (0.84879761701468515,-0.26672157577864608)
 (-0.39969157793061078,-1.0393615460118688)
 (0.46745479407921342,-0.56989446803594246)
 (1.3633903676691173,0.32556928540720731)
 (0.058122477226931091,-1.3289276049877137)
 (0.4065620048732923,0.61457125878457775)
 (-0.40307315970431012,0.85561978552405493)
 (-0.85326336288617433,0.50567611405757162)
 (-0.081919465876297864,0.18835445202157206)
 (0.17596784707906576,1.1332918842052029)
 (-0.19653979547823908,-0.99258941998219541)
