# Created by Octave 8.4.0, Thu Dec 11 09:47:21 2025 IST <gamana@Samsung>
# name: rician
# type: complex matrix
# rows: 1024
# columns: 1
 (0.12139391634274213,-0.38747720166259669)
 (0.76298683256754063,-0.04886218893520583)
 (0.12918165816023652,0.80387292387609921)
 (-0.70684025247170523,-0.93724296329866785)
 (0.66032424108012822,0.3805337241731202)
 (0.62351651130751562,0.048193791654243701)
 (-0.75637479064486357,1.1213344737303732)
 (0.83440912315650562,-0.68212873228381099)
 (-0.51167460250331598,0.45701370981135708)
 (0.78900652949891414,0.48587656165710458)
 (-0.25171975034695565,-0.9717925113716599)
 (0.081149734242430382,-0.3062051571122853)
 (0.64875367918436888,-0.43581603185275908)
 (0.22282908145649721,-0.36550196712115829)
 (-0.77244706100153748,-0.047514117138113765)
 (-0.81773426873942412,0.86190318118926335)
 (0.012728046112854524,0.45214187600881817)
 (-0.7072307795472379,-0.67131823128420343)
 (-1.0850280099959968,-0.8589440064187297)
 (-0.87425546620370587,-0.57115032978522717)
 (0.30655057358849258,0.80076011091776023)
 (-0.20559427797517332,0.79868849170114831)
 (1.1070526615855247,0.98047133319414548)
 (-0.20436749397087622,-0.71344551159166758)
 (0.25120495029264694,0.50957436524847477)
 (0.74370774767738335,-0.67391866278854995)
 (-1.2345409754118033,-0.64130296187435076)
 (-1.2708579977667047,-0.84831825801103278)
 (-0.38170574875276819,0.60583207391485816)
 (0.66041191301278124,-0.46744658741628764)
 (0.35185648706786909,0.40838989373883761)
 (0.85899550554125303,-0.52763117761815259)
 (-0.25310353134693825,-0.63624008192775894)
 (-0.0034054940993660798,1.4853154978255612)
 (0.82871874370894005,-0.28512566434612618)
 (-1.066450923657088,0.67049845529822361)
 (-0.92536470189935427,0.66693671948336819)
 (-0.534850127472555,0.68971825668538256)
 (0.23364712039349333,-0.23669775640972557)
 (-0.58596905704600588,-1.0956211942409482)
 (-1.1021308384608968,0.60306303412980644)
 (1.0078810524396857,-1.0980218304140066)
 (-0.50389661557738696,0.46521068089398793)
 (-0.11556451114668626,0.79758631811465674)
 (-0.51788510449796965,-0.31160044447790414)
 (0.66381627449251401,-0.3855280366078111)
 (0.23858722714199962,0.091251326552095807)
 (-0.83218987857955151,0.067984995491857547)
 (0.5934429370356944,1.1851479457478804)
 (0.84885006702985033,-1.0890879979173727)
 (-0.77291964623357789,-1.0134154184568875)
 (-0.96587456104256419,0.55002934060652142)
 (0.50652181753077996,-0.61069489516284814)
 (-0.5829902118941489,-0.85949691676581763)
 (-0.36572755365135284,1.3032944046059136)
 (0.13547413947100573,-0.55556148107326897)
 (1.0763143277690703,-0.51487218787456457)
 (0.56387889322469975,0.078018248346243296)
 (1.0288825992601736,0.1261613822544872)
 (-0.78734317295089018,-0.67414176390481639)
 (0.56308089017994223,-0.22747688550073025)
 (0.14682742370631305,0.067797207427788553)
 (-1.1319862175482733,-0.5916064240891854)
 (-1.0054214364677498,-0.75157186378960339)
 (-0.5443833832771271,-0.47236785047783952)
 (-1.0018076181051163,-0.21588339296709619)
 (0.48173493967832298,-0.57067878656498972)
 (0.63346701379763837,-0.646982027816422)
 (0.83744256069096279,0.0391817918962582)
 (1.258520166780734,0.88627560091937607)
 (-0.75840806762469104,-0.83999792835822229)
 (-0.18271211110502,0.8241810997961172)
 (-0.43761360490835155,-0.73996149551595425)
 (-1.1113614241814369,0.17871745118028087)
 (-0.50231386341162765,-0.70723637708556997)
 (0.3722806062564753,0.4712450748648872)
 (-1.057222266724249,-0.84656134085406554)
 (-0.81795316066739443,0.51854676656924625)
 (-0.9676401003732219,0.77715546112338563)
 (1.0416641949315164,-0.46840332818468217)
 (0.65088288430143382,1.311909506902103)
 (1.0291166176589923,1.1720813736254276)
 (0.45379663701673889,-0.020442971121564402)
 (-0.73132705162439426,-0.8042758091603478)
 (-0.64753356236724935,0.84849410129446579)
 (-0.7089960630037786,-0.8803716621146338)
 (1.1495107525309689,-1.0608722237114776)
 (0.65377467076128082,1.0977839362684412)
 (0.50499718314227082,0.51668831490413991)
 (-0.53144860115697756,-0.24093242476848364)
 (-0.66301889203361719,-0.45832591390892541)
 (0.95372211677576235,-0.63755901727839004)
 (0.47481473272452279,0.1698859002987666)
 (0.18677444810991717,0.70468907109916323)
 (0.077823872108839676,0.6321637176856888)
 (0.38306353594578746,-0.38864708625351119)
 (-0.25653821395222282,-0.79078669899177512)
 (-0.60962922535005526,-1.4303217991804311)
 (0.88319719592943624,-0.32926678330698006)
 (-1.0993687685250462,-0.88562042729005641)
 (-0.82386747705846064,0.29610155355073858)
 (-1.2148082675204015,0.59832528504523119)
 (-1.6842113522072855,-0.79639580818632849)
 (0.091199312421256368,0.5602639181977408)
 (-0.50695655013438157,0.73354052897150712)
 (-0.93216909063301445,-0.59690249115781824)
 (-1.5053252865751607,0.49470586017408835)
 (1.1460011253098186,0.81603832975500434)
 (1.1648153582225569,0.39951381429355565)
 (-1.0831476083791882,0.3698897256375655)
 (0.4290719686099112,0.68146590693850451)
 (0.61914046119995947,0.73949247288377762)
 (0.57673756894948836,0.60189441374639985)
 (0.60443476638147753,0.17890961865386981)
 (1.1660559481502815,0.029369221850915617)
 (-0.37160829279974039,0.65697096969669588)
 (-1.1744515987607818,0.718011359096423)
 (-0.2447875510921671,-0.75100740787181108)
 (-1.0756761644073221,-0.18682369515604014)
 (0.18048503295126395,0.83640399665922005)
 (0.73541825909247682,0.90802730586080782)
 (-0.7693332767931067,-0.88335813215204451)
 (-0.70197864252778241,-0.39049649905923067)
 (-0.80054665275805514,-0.66696193072250698)
 (-1.0406684099088779,0.71215083938443513)
 (-0.50652959942427023,-0.17114207447268831)
 (-0.6998761134931557,0.38602542465404305)
 (0.66854832007958964,-0.69293778809213702)
 (-0.54969192865279681,0.88429698755861597)
 (0.29085037383953272,-0.51534118489099567)
 (1.4897412740358185,-1.1773002647771946)
 (0.31513273166424283,-0.10597566327728376)
 (-0.61438728922826735,-0.98014417017220934)
 (0.30795381348535106,0.60113969944748824)
 (-0.67527835752443566,0.26922866146084229)
 (0.80014058952815026,0.77996994816778831)
 (0.16727821500877627,0.81564312352493318)
 (-1.3388230635884939,-0.18036471154024358)
 (-0.25937151506123934,-0.91147041525220784)
 (-0.80706562600697052,0.57159910378441492)
 (-0.91627461499713958,-0.77788252601929797)
 (0.95296849624632707,-0.71269366834032521)
 (-0.61258655390227523,-0.44834658195602395)
 (1.1813245012797404,1.483318536714322)
 (-0.85557423063988369,0.61104783712785982)
 (-0.8157502743490419,0.41324761120090892)
 (-0.88788934187481605,-0.17375505501060939)
 (0.54932366354823325,0.68948407358552477)
 (-0.27523896654413654,-0.32455438144620491)
 (0.32347831990806558,-0.46302767618758872)
 (-0.86928325395846473,-0.088247981950157983)
 (-0.49612809236303929,0.51502537813592952)
 (-0.73140694584949406,0.41202739990919635)
 (-0.29357590447723159,1.0193393955518877)
 (-0.65266753565865421,-0.28924276631755585)
 (-0.044209750747938481,-0.78854443356350901)
 (-1.0708282850646733,0.069656931672712252)
 (-1.2030470791752874,-0.77627758388132706)
 (0.39099354305734868,0.57625085081089433)
 (-0.61610826507799132,0.49211520669148628)
 (0.37694514214959474,-0.64692587695369175)
 (-0.81034993994642468,1.226130334460537)
 (0.81724431210918924,0.40176929478351453)
 (0.67525096270054619,-0.7675094654421698)
 (-0.50844006806064046,0.71435611663893495)
 (1.1464024827828503,1.1008862218592879)
 (0.76473511342316558,-0.76553473673891925)
 (0.47793386491088352,0.81880281834094193)
 (0.77605731353721907,0.56057599728436691)
 (-0.74716958781638765,-0.93230596370924246)
 (-0.60272652267215743,0.80638473277997624)
 (-0.79529646506973473,0.51623247056085497)
 (0.37995164155180872,-0.57358847650116918)
 (-0.23427245541662312,0.66206953721180373)
 (0.21175109586049395,0.4916317247377891)
 (0.40599761684776464,-0.38145944074790222)
 (0.5920780471293301,-1.4623210754553644)
 (0.57741171612390918,-0.6796063055957795)
 (-0.66960288485776298,-0.73685815318765491)
 (0.01383127516485827,0.40347236514535145)
