# Created by Octave 8.4.0, Thu Dec 11 09:47:21 2025 IST <gamana@Samsung>
# name: rayl
# type: complex matrix
# rows: 1024
# columns: 1
 (-0.58235758262338733,0.16699441576151061)
 (0.66448543263078863,1.1953258230856716)
 (0.17116674587525402,0.15637892005919882)
 (-0.24681390870995992,-0.056926460829111153)
 (0.83801927672293131,-0.62675414582109346)
 (-0.30555848536169139,0.6201640282162727)
 (-1.2790882791006764,0.54404045383449828)
 (-0.43511189014454305,-0.94032916132487365)
 (-1.3657663838739091,0.4461597649080849)
 (0.36336615034523267,-0.18286041684782181)
 (0.44111448638659922,0.29188846538352908)
 (0.24836447695100786,-0.077779144023483932)
 (-1.4743811817750654,0.40160760209450952)
 (-0.31599885228819158,-0.80348693638849578)
 (-0.9095657376728663,-0.7056512739801295)
 (-0.62377048279400937,-1.1522654369711161)
 (0.41791009188936623,-0.13462474442990183)
 (-0.07719075145411558,0.9315324555232668)
 (0.20472387776017706,0.35096997955143516)
 (1.7755578827923886,0.35755241394627157)
 (-0.32232110872081798,1.2284498984481111)
 (0.53494461787197456,0.0030343959679998145)
 (-0.67532058876609602,-0.43335808000143805)
 (0.065679914316162713,1.2742926748676937)
 (-0.19282052271140676,0.93847477803569479)
 (-0.35805671270914019,-0.24712798858810603)
 (-0.13675205939247845,0.23487519069529086)
 (0.1199309455717853,-0.21875932419083266)
 (0.95042648247057537,0.85513462387465988)
 (0.79558732052806347,0.25754257350375426)
 (-0.51988101454925917,1.1038650475105103)
 (0.043566484334500208,-0.089644448497588805)
 (1.0515692400015511,-0.55880489659714805)
 (-0.38636373184949324,-1.5584008672342604)
 (0.20989830241123442,0.34593825898810537)
 (-0.2844968941847566,-0.31573022375155474)
 (0.59451192968230904,-0.44708471881199829)
 (0.27727907289765819,0.36420004561682717)
 (0.40880161312572727,0.68302341758789376)
 (2.0409404449113597,0.17808025792505122)
 (0.0054510054405561004,0.80343006516292836)
 (0.56833009834523207,-0.55187861307587893)
 (-0.39784498500238857,-0.95385467185302897)
 (-0.35424127886964363,-0.68673115459132084)
 (-0.59928215526708017,0.17168929495519997)
 (-0.40845545581547382,0.71817177378010033)
 (-0.77884816787993205,-1.5376455215454219)
 (-0.44379615617770141,0.02425324780041882)
 (0.56265601559924838,0.79075215562183243)
 (-0.75255625221100408,0.42829345246934092)
 (0.63109940944913268,0.11859379464675196)
 (0.33891628731244194,-1.2896677768194631)
 (0.065380825980757395,0.28615665030096327)
 (0.8476233535773019,-1.4322359950921848)
 (0.49137364989260363,-0.0017381483893413874)
 (-0.28687584850317499,0.11455324351910769)
 (-0.31765225505776817,0.81117297455000437)
 (0.37215240749675466,1.3704936490234132)
 (0.51388947567563226,-1.7342558099067962)
 (-0.40806434267333958,0.74788092250439087)
 (0.33305255785623983,0.89585608743378997)
 (0.7371901147391805,-0.075371636479221737)
 (0.84997454022637842,0.4799106470645601)
 (-0.13497195860791178,1.1109299431663784)
 (1.0475739089620377,-1.2219302597112318)
 (-0.40446760293038908,-0.16719213082268272)
 (0.080567836872737608,0.63252994259142681)
 (-1.0988617151482631,-0.43752501765512969)
 (-0.92538944402090673,-1.2797682328675064)
 (0.7845243881606454,-0.37305682599667311)
 (-0.38502100763974001,-0.015430549917266306)
 (-0.0016090714749165125,1.0916541440358043)
 (-0.20031383835355027,-0.089235608632761601)
 (0.14905807192688436,-0.84675635147747774)
 (-0.6801349238615052,-0.28358524683256114)
 (0.60898830012336358,0.59383614699384579)
 (0.0035884231123509691,1.6429622612470691)
 (-0.53490225210415909,0.31131649868351113)
 (-0.82819432303281804,-1.5271884382899374)
 (0.39698951175476671,0.79264099246026432)
 (0.48686433408027896,-1.6913156370154849)
 (0.93979431189403528,-0.043161989772127651)
 (0.87553520671796936,0.029010880521682492)
 (-0.18220921445333138,1.8983184403710189)
 (-0.78827396914001935,0.11290836912285718)
 (0.48418396761328364,-0.26335460105603647)
 (-0.12231063447979906,-0.90329149814806065)
 (1.8547369584453881,1.0086322225922337)
 (1.0767469354828458,0.95786807609575664)
 (0.54024248932016306,-0.43899884782403903)
 (0.83432865396028222,1.1485771670944593)
 (-0.42466780014070793,0.23413956329003036)
 (-1.2607444599108883,1.0596012794673455)
 (-0.10684598494289668,-0.38305065749982625)
 (0.21986811036308904,-0.5264888069318342)
 (0.30992044569355909,-0.42216668632242488)
 (-0.81590663670157837,1.0469062058467602)
 (-0.47426075560860398,1.2981890611196236)
 (0.63099399086006469,0.57594935585518592)
 (-0.51357263398682018,0.2106428690163292)
 (-0.00092693138415411713,-0.28903944685831606)
 (0.3066047758301248,0.06084937687499424)
 (0.51431351433418049,0.83463323234527442)
 (-0.31215974936789048,-0.031741314544557891)
 (-0.2663271528167423,0.90477110361291513)
 (-1.4032635955797148,0.63333915199209612)
 (0.64811052918781797,-1.3895546794781399)
 (0.41520190807803153,0.88043773128157587)
 (1.1247009607757885,0.034311577331160525)
 (0.034227986508819808,-0.52557899536630681)
 (0.00088963075068047154,0.10488000888286375)
 (1.132257844383036,0.24666670796795775)
 (0.43216981613702488,1.0031557856872222)
 (0.34437649902903555,-0.46292936655175998)
 (-0.53921181666550311,-0.10994221986969988)
 (0.57992635839674667,0.20504953696951914)
 (0.89199629012727211,-0.9283710039072518)
 (-0.51032125230468406,0.46158851686539265)
 (-0.014538563819470163,-0.15067466693771187)
 (0.190286851661993,-0.98651337664005212)
 (-0.056269531514752946,0.59922151132158952)
 (1.4055063066204383,0.13061132260896635)
 (-1.1721327008395344,0.50564247374916604)
 (0.1957645627824677,0.273808094820851)
 (0.21897966275598579,0.83580241835611224)
 (0.26602070664797162,0.43332608929818273)
 (-0.64095708606480439,-0.6264352714703123)
 (-1.3994625988111187,0.33796333284684488)
 (-0.61627165520404159,0.56670173952275482)
 (-0.83178724937569815,0.56812853894428272)
 (-0.52876262428690024,-0.4858377501110237)
 (0.52740874289525852,0.088592751581293233)
 (0.48264125310166683,-0.065431686735180822)
 (1.7059602127222404,-0.03297712383211393)
 (0.99852535453108771,0.74833828686507986)
 (-0.31790262791817059,-0.12390488434777649)
 (-0.18295692992890888,-1.1250568020783933)
 (0.29775878345096729,-0.073563744358289759)
 (1.1135610292299924,-0.28861709634256094)
 (-0.22956769794235748,0.21288708237076298)
 (-0.010876073983940263,-0.16917280146299424)
 (0.68760260913927396,-0.81246613373177157)
 (0.38586990680908562,1.1559523054714691)
 (1.4643171617401958,0.067149110326099937)
 (0.82004522010826497,-0.97967341535613428)
 (-0.36244638800272183,0.56856870492680922)
 (0.11704648698554021,0.81349059542655422)
 (-0.61463979744460784,-0.80907195719049141)
 (0.6559395003389773,0.23645849379927666)
 (1.3897892520233353,0.31584937273982061)
 (-0.15630263466543995,0.56861217530467167)
 (1.708622124115333,-1.4729334413658057)
 (-0.42087518377723832,-0.79056423724939073)
 (-0.59462154741700557,0.10570376780561777)
 (0.35582754061039545,-0.96598770906863818)
 (-0.83519673783591308,0.11311325933681932)
 (0.25337773149342818,0.84413909638652962)
 (-0.16450013230011992,-0.1447597099525654)
 (0.051526748592659266,1.187757235184669)
 (-0.46040316126276937,1.8189222649099954)
 (-0.11443824182139849,-0.15327807837333535)
 (1.3669991688651391,-0.78280755917329525)
 (-0.94158826968853004,-0.22761042849014052)
 (0.10907312868547547,0.36223851085956299)
 (0.77401065413342707,-1.1985939983752794)
 (0.35954557595413439,-0.26695851546106231)
 (-0.10664236942244845,-0.47499844247282907)
 (0.29155314421790346,-1.6816195708873813)
 (-0.21664114329458839,0.88076673107637105)
 (1.2599761182585887,-0.41677292966622226)
 (-1.3750987383809086,0.50202571033524657)
 (-0.35361727751377608,-0.54630052391699124)
 (0.8252884973560235,0.020210136226642639)
 (-1.0051179995886399,0.76071481875118774)
 (0.072768909869724507,1.7132967414195557)
 (0.59449365282875388,0.34188857655683025)
 (-0.55998318092798183,-1.2683027262591748)
 (-0.2231849330565755,1.2640185708748333)
 (0.56937469820401532,1.0824153886064527)
 (0.33123063610231179,0.19281896020686179)
