# Created by Octave 8.4.0, Thu Dec 11 09:47:21 2025 IST <gamana@Samsung>
# name: rician
# type: complex matrix
# rows: 1024
# columns: 1
 (0.48424476032119174,-0.99975239076816691)
 (-0.62923788889871946,0.78054994043637593)
 (-0.042792792340820507,0.67875777155746331)
 (0.77355690180339276,1.1027564143491519)
 (-0.06065133115999688,-0.60842508737835388)
 (-0.36219959275676811,0.96114341053591956)
 (-0.44779143752681316,0.92655935789830701)
 (-0.39694679651829878,0.76841233826851718)
 (0.16160060905987139,0.33482167591152673)
 (-0.01171211466796454,0.11453765794600715)
 (0.87517661412020131,-0.54856029533993045)
 (0.81310001788409703,-1.0841415633458562)
 (0.56910626021860844,0.71167073058605668)
 (-0.6587571025715141,0.62316511930691398)
 (0.81882345652469168,0.95063628556165813)
 (1.0550176752098142,0.5732229206408217)
 (-0.92587167869699227,0.48937402456918333)
 (-0.54888835988095841,0.56562435306937275)
 (0.46252230300737973,-0.39453095662194615)
 (0.033711989338789106,-0.76687519737174004)
 (-0.67997775278128114,-0.049034369838972858)
 (-0.65053952804037585,-0.62964899086772208)
 (0.20076222836359037,-0.40267823715701989)
 (0.18028483212156515,0.73848632136615922)
 (0.71887242424117836,0.24988731536794634)
 (-0.74927975084788589,0.28728517077548221)
 (-0.0021453407059700558,-0.25121565908353016)
 (0.23639054398639525,0.3902950924048596)
 (-0.52614401583817672,0.56239619689619191)
 (-0.31678257794198067,0.82428815254526633)
 (1.1585087085802113,0.46380780006229638)
 (-1.1570199817227671,0.38627994151148448)
 (-0.37556681418078308,1.468269675202623)
 (0.68339420236347248,-0.042007477550738914)
 (0.67053308988826799,-0.12542491581393578)
 (0.62310147856472264,0.81568682626189148)
 (-1.089643403752913,0.83019265345080906)
 (0.59342674567734277,0.31840171220988339)
 (0.5518305197023311,-1.1812056626691794)
 (0.24955526060993408,-0.65057750063728592)
 (-1.020999574953535,-0.61029559408838296)
 (0.51501752156597058,0.84009834127194727)
 (-0.5292437492395099,-1.3901820208116635)
 (-0.98503577382032714,0.64079788753807743)
 (-0.98795273279878204,-0.65223084091322314)
 (0.83711252026630689,1.1991855512444292)
 (-0.49685712426061801,0.79108152027957812)
 (-0.60928067792379403,1.0519244797618865)
 (0.46214708129199283,-0.52245730705173765)
 (-0.94304188912432374,0.65687414981990688)
 (0.26940690598641215,-0.067810533186331179)
 (0.99474671726249386,-0.068610273518122322)
 (-0.6394603378955489,0.029598045050976407)
 (0.03575612120276328,0.93362865460085165)
 (-0.52108797274499552,-0.72794118973763466)
 (0.92384098598385544,-0.71427582150891977)
 (0.58195814555884962,0.5497056828210436)
 (0.12258963820630264,0.69118449868469845)
 (-0.40111905918329338,0.57537339435938739)
 (-1.39227667297249,0.24624304171036404)
 (0.63569725410514077,-1.4540019230748462)
 (-0.10360687777122185,-0.92367535153012947)
 (0.43642081451468429,0.26081426682298892)
 (0.25580681172455438,-0.5979754824068586)
 (1.2316434623690509,0.96638947558893096)
 (-0.77655569127412394,0.87723887851277527)
 (-0.79208190338440232,0.77311455848067256)
 (0.67069367202515351,-0.78524733680862657)
 (0.49756178643761573,-0.17610379081043701)
 (-0.7303205596917981,0.52503347835113612)
 (-1.0717533677860209,-0.76712497326633811)
 (-0.72566412455759965,-0.13406737118086826)
 (0.50346617774890046,-1.4668827015807304)
 (0.52429032210462678,0.53805792889960757)
 (-0.39506819173342045,0.74996562027402702)
 (0.56148174725268463,-0.99554605443265254)
 (0.59463970787893705,-0.64139968301833361)
 (0.17124336582381192,0.49355163106999855)
 (-0.39663466707458911,0.94650794770345326)
 (1.0397436903806176,0.27758303748944929)
 (0.32384811366461669,0.51810148967601144)
 (-0.6771079388579756,0.72862961983697028)
 (1.2954524141164685,-0.44483842090730702)
 (-0.31909062018434209,0.89493730891873857)
 (1.1136081450320277,0.36474140439818131)
 (-0.51129860197649413,-0.51143796749685932)
 (0.08076855323062665,-0.51147424495949712)
 (0.99374074774032894,0.92546544086940863)
 (0.48763059723148683,0.86657420860364065)
 (-0.8442907283565616,0.44934607504578039)
 (-0.577114963750749,0.52073279734113431)
 (-0.17127613627017141,0.63482347771862191)
 (1.3091512174229059,-0.96881038287215404)
 (0.2951142015363496,-0.57685520551495306)
 (0.5256616883346763,-0.44699092477070151)
 (0.76705040370249955,1.0820383511675238)
 (-1.0206816581316043,-0.94695301239807561)
 (-0.89860903489817834,0.59415185856778985)
 (0.54266412475790837,0.92677548423518352)
 (1.2342813445551484,-0.75860385083873927)
 (-0.43371713567000936,0.65888024580575011)
 (-0.3391868024948449,0.65353178387538924)
 (0.59539542650172095,0.64703682660482964)
 (-0.055720884546584193,-1.1249884146107123)
 (0.088632276678457828,-0.50738493702913268)
 (-0.38978650453023278,-0.25521675372543606)
 (-0.030728706496463545,-0.23968725470367175)
 (0.34390989383548098,0.15831463140971194)
 (-0.52663977816188823,0.65239853535470116)
 (0.2925556422575693,-0.22198846931644539)
 (0.76864051975808867,-1.0901035153975487)
 (-0.050160579171811409,-0.46195091310890202)
 (0.22250559978631346,-1.1537712603764634)
 (-0.95076540145436561,0.91842509001114525)
 (0.23887575077614784,0.41748262019262417)
 (0.44076779260687488,-0.80873095893271696)
 (-0.6973562713438316,0.58284187173746427)
 (0.81195501009047644,-0.93132985068156349)
 (0.3954155084570834,-0.86168399381384408)
 (-0.23609947349480487,-0.89490525514821295)
 (0.71907996805325347,0.78783700991827399)
 (0.26562632279299153,0.65446334834351672)
 (0.95572342888369022,-0.52505596764024176)
 (0.68816585746715608,-0.39374540130386215)
 (0.56227372404799958,-1.0192961824324629)
 (-0.5677589982588217,1.0725799037785082)
 (0.9032035663947614,-0.47661749648757856)
 (0.62340640949793735,-0.20517346719628379)
 (-0.20822109129930622,-1.0362566134623572)
 (0.19517663110734884,-0.93787557319940063)
 (0.13656755979590596,-0.94040343662942938)
 (-0.64232057170871781,-0.53974112927624007)
 (-0.097568867566905304,1.1207335887346681)
 (-0.42172566038235648,-1.181018492491726)
 (-0.24239163262962937,0.17475678721693449)
 (0.32030989886070704,0.65621331930606597)
 (-0.78535502444270455,0.90149567505342976)
 (0.84963921159125455,-1.3119695164248846)
 (-0.53614666972716374,0.26403941800273034)
 (-0.83015724579344163,0.012346169438173737)
 (-0.80611139838117674,-0.99631545063218496)
 (0.41389823254948088,0.60250982401694975)
 (-0.75158906678675552,-0.69538769655580146)
 (-0.48983092610458473,-1.1302910004521858)
 (0.53989135648774034,0.74728231825192615)
 (0.086643433217135912,-0.81855627480177495)
 (0.85893369482998227,-1.2052531091901721)
 (1.0430064159930856,0.68299311430353993)
 (0.82752774679318308,0.78955657922358091)
 (-0.56910325652883698,0.94129640865499264)
 (0.40734238683817714,0.82215347428263774)
 (-0.48759369320789936,0.65366611090664339)
 (-0.56651040513926043,-0.51578454509492944)
 (-0.60518195661250029,0.38952350850862338)
 (-0.036197948270028757,0.74720930561451293)
 (0.34382759521573913,-0.12920319158464877)
 (-0.73979030608903296,-0.70757401326009295)
 (0.56450011956054102,0.26936293604438255)
 (0.41703358114622091,-0.38496156203641063)
 (1.0822378380599,0.46344168950542436)
 (-0.78458865536167077,-1.0273751622439269)
 (-0.51380886100881873,-0.10854078664098013)
 (-0.89581334405369417,1.0193870927370845)
 (0.73456221681139777,-0.066498317801874207)
 (0.45234771538758101,-0.54257409797070721)
 (-0.55463079278088601,0.077812253599442827)
 (0.72382782489196706,1.4009098670922442)
 (0.74798157028903756,0.4751787414107862)
 (-0.020667260688273653,-0.3773657689174601)
 (0.61484164558458865,0.080148302103761837)
 (-0.58316845223204439,0.23179318104723279)
 (0.63860220790739641,1.1266909991700422)
 (1.796898314663903,-0.3603981343929753)
 (-1.1524291761469789,-0.069504552614468973)
 (-0.73780717216005498,0.23808572049888402)
 (0.44396836857429522,-1.3666491666258354)
 (-0.63215982120883307,-1.1980688046069954)
 (-1.0599582639171681,0.88493115539382372)
 (1.092387320352411,-0.56383903518647349)
 (1.2105817270504922,-0.073776254583554302)
