# Created by Octave 8.4.0, Thu Dec 11 09:47:21 2025 IST <gamana@Samsung>
# name: rayl
# type: complex matrix
# rows: 1024
# columns: 1
 (-0.62982835773029711,-0.84051538588274466)
 (0.96383405282289425,-0.49646906504000954)
 (-1.2341887110392782,1.2043169363151596)
 (-0.76135223418151243,0.12606388338710939)
 (0.76115847016296156,0.66688971860432444)
 (-0.63232307043486558,-0.96323962689413556)
 (-0.47105567882233412,-0.75182257249546725)
 (0.1842548453816909,-0.05548402586297764)
 (-0.13280773817756863,1.321733220550414)
 (-0.82508969807367127,-0.37158796128724614)
 (0.46000601614981862,0.66883082932316429)
 (-1.2107667763092242,-1.2139820142763751)
 (-0.52314694136635287,-1.0245704852428932)
 (-0.13030283486865762,-0.14742233976714497)
 (-0.86649807163079484,-0.045287204438639816)
 (0.36286641905009642,-0.30912746019612702)
 (0.33765219488259474,0.40077643864822493)
 (-0.74077761664702857,-0.39166761366416636)
 (-0.22420434137200493,0.15836841260633269)
 (1.2209368431103718,-2.0174524013428594)
 (1.1019066666587463,-0.6650091788723046)
 (0.11131828650743035,-0.33881317263899158)
 (-1.295171283891223,0.75638856898167339)
 (0.024758495952478976,-0.98364909567034897)
 (0.039212262180650936,0.39530532472837632)
 (-0.27492245166380957,-0.22739135124521068)
 (-1.5876302630703714,-0.42325451404818648)
 (0.8774203717151674,-0.44727408632318705)
 (-0.039561738916788464,0.09349994609475909)
 (0.24908266560887474,0.13121991398604102)
 (1.2456764140619914,0.1438041600264014)
 (-0.17590895494972314,-0.060750238640993125)
 (0.18004615361184292,-0.17602106844291945)
 (0.78983047005017926,0.101041703129093)
 (1.6006048827910651,0.37946321076706702)
 (0.56765532967321497,-0.078292149955018403)
 (-0.084420054790446508,-0.47654229897930572)
 (0.31806830001116831,-1.0576753976400191)
 (0.041899736708767898,1.2304535379506942)
 (0.65806552776970673,-0.58629520062258167)
 (0.27977801002664682,0.48220567693090621)
 (-0.3227509178745569,0.092809572750550823)
 (0.11407153342930748,-0.75690294173916772)
 (-0.84541240355673875,0.68008223199177631)
 (0.28427368616784177,-1.4487261373176343)
 (0.44490183529439303,-0.089637760428332214)
 (-0.28461665372610079,1.3861461561729151)
 (-1.0885862449395936,-0.77838362519794047)
 (1.7567474097960227,-0.35626310463691457)
 (0.22329646693771743,-1.1894679462887634)
 (-0.23659300943753409,-0.67287713118991044)
 (-0.1557810043283295,-0.4175242429871594)
 (0.35466726757042877,0.13254028412845095)
 (-0.20357035897772474,0.75316846035158069)
 (-0.13023157636052327,0.43576637937623852)
 (-0.9421487670196742,0.081640111906004342)
 (-0.81529990132364494,-0.21379615553514386)
 (0.34745627259421741,-0.60568663109865206)
 (0.72492516624028536,-0.81531430941770133)
 (0.30374208966307947,0.57797337473245192)
 (1.6737241818483959,-0.085722520732178009)
 (0.51498157755140761,-0.68764831207561372)
 (-0.28850017831957703,-0.0058011031585747941)
 (1.1609174175246548,-0.43606649957069776)
 (-0.83849561518519145,-0.0032810252700501974)
 (-0.90218239403959832,1.7642043042933044)
 (0.027980023541898769,0.84804704164977163)
 (-0.81915170466736886,1.3049473551757245)
 (-0.61808135853825086,-0.51988613749417623)
 (0.27610770650881855,-0.22561943090196412)
 (-0.48524775327468961,0.60686119819691842)
 (0.86387020992843078,-0.10384069050885886)
 (0.47011485723104984,-1.1741408675139067)
 (0.17193286422335946,-0.52232807855461494)
 (0.15974978124571459,-0.41522691339219298)
 (-0.41283943559580605,-0.30253517561589482)
 (-0.5564306343584251,1.2053440874529717)
 (-1.1220588273337326,-0.95652092367251784)
 (0.86951669202348514,0.6623915038260324)
 (0.52774550759328265,0.41286844899387959)
 (0.78792360771047054,-0.3119995219944478)
 (0.51523534413756733,-0.18869960628789947)
 (-0.94424262106685464,0.96793835306746523)
 (0.33634026139662515,-0.59707582620958566)
 (-0.080525412572212143,-0.22025099120827901)
 (0.67420951726876832,-0.21768314387124404)
 (-0.36971788342521877,0.39458980604230937)
 (0.60229058807099545,-0.76297837940434343)
 (-0.49979730109207532,-0.8806035201382838)
 (0.33130896901614826,-0.21137686756394866)
 (0.73297705514937395,-0.7888146636431419)
 (0.321631948961703,-0.97516965980511006)
 (-0.12497429672463736,0.40117174316352444)
 (0.43703968681725935,-0.22625867203580541)
 (-0.46659328594346761,-0.52275058348990111)
 (0.91034387795026495,0.71717398948682176)
 (-0.62022333650363037,-0.18619011931270643)
 (0.41250891606976214,0.78899116943223002)
 (-1.2122224593828594,-0.41436276544747919)
 (0.28092278583471075,-0.24479366754603482)
 (-1.1783735949163181,0.75585538159253129)
 (-0.6456590561327088,0.75068243489102049)
 (-0.92693353866869499,0.70336741401898628)
 (0.69903007364666658,0.17452172449094022)
 (0.11416103565464986,-0.22055815480423208)
 (-0.26761077957637791,0.60619807473775866)
 (0.9844275588505047,0.34222171646721472)
 (-0.56383388749971497,-1.0253421691489484)
 (0.40056568100132339,-1.6203514544804583)
 (0.095700403216989749,-1.0417266094718662)
 (0.042750673489270967,-0.15058812358589987)
 (-1.112203915051968,0.90095752852127664)
 (-1.1343175006104753,0.66681266388980664)
 (0.41914671456690505,-0.96904810392708041)
 (-0.42944486647068653,-0.34605125216655669)
 (0.16700302251358182,0.18786240211205532)
 (0.10638824498482141,-0.35526840871963283)
 (2.0543384793614261,0.55547169291960763)
 (-0.42414915249426133,0.55257873632465448)
 (-0.50287282416004353,0.80160565161437125)
 (0.17849238206122897,-0.98844115269654664)
 (1.0842407530623124,0.20117439649791047)
 (-0.43727584500464184,0.5913229830242277)
 (0.3849156315234285,1.013632193318696)
 (-0.44159252034914576,-0.75925848849377875)
 (0.18518305009471492,-1.4674124140442992)
 (-0.4734562069108248,-0.62114879430472492)
 (1.1011537096224504,0.10497534876536441)
 (-0.38941031473215448,0.71031595907988943)
 (0.18102765892055167,-0.51706100855892712)
 (1.3300531281900838,1.2672602897070799)
 (-0.26941915253299231,-0.48473093096879805)
 (0.42122755059474515,-1.4710957315267676)
 (0.49918199247619827,-0.56184098248127601)
 (-0.6582448345045161,0.59904833694648041)
 (-0.37947815074809843,-0.85647114686113657)
 (-0.05070248112389783,0.49432455758916005)
 (1.1944848185602326,-1.7884873353659603)
 (-0.96061989807981352,-1.0880041200412789)
 (-0.41262352207198461,1.0202834349982499)
 (-0.79125769486621755,0.4428617441494398)
 (-0.031766764887271565,0.39268282545228228)
 (0.76169821714996566,-1.0122327931083601)
 (0.95916628239032065,0.51759814850995522)
 (0.13422629824115126,-0.47833050231858976)
 (-0.19443827775703132,-0.89837667784498088)
 (-0.51191865049179563,-0.18623107235577049)
 (0.6038136643910037,0.1620151116191641)
 (-0.32477912660193192,0.15016559447731492)
 (1.0705989345332017,1.1763021081185021)
 (-0.54496362332759318,-0.82116523711708078)
 (0.36536232210764025,-0.28536892845020095)
 (0.54198683007901449,-0.483652629648819)
 (-0.12878210276696761,0.11306779811103068)
 (-0.45596270650854065,-0.59616523097127516)
 (0.15989539010668241,-0.11901147454268195)
 (0.68609282988089682,-0.78649734819765782)
 (-0.29667292050377886,0.36711868407360254)
 (-0.32064744889749547,-0.10269062245441545)
 (-0.013806248582195924,-1.3702942772110565)
 (-0.38372958736663004,0.58119592676118725)
 (0.77680102623491498,-1.0821666075192693)
 (-0.095662949151828491,-1.4868355828033586)
 (-0.24075173131156774,1.0630835981840727)
 (-0.43974786287031309,0.14310979295507331)
 (0.005959732180650934,0.82866111429816902)
 (0.85225873633181204,-0.65773064067516585)
 (1.0206662611980712,1.9265986934583645)
 (-0.48668668292010842,-0.17707068858728456)
 (-0.54421062370940965,0.085659587188240932)
 (-0.044915082101238124,0.72945399838548663)
 (0.40563136230472574,-0.44432549338027572)
 (-0.92285649453405516,-0.18493344579517945)
 (0.51888671376765949,0.27703931400858506)
 (1.1759179102597652,0.15468556061952476)
 (-0.61397441527616481,0.84031036417685745)
 (0.34311467064823487,-0.72235787265366946)
 (0.017220218601360304,-0.22963004165935996)
 (-0.79075597265234376,0.70699432173046672)
