# Created by Octave 8.4.0, Thu Dec 11 09:47:21 2025 IST <gamana@Samsung>
# name: awgn20
# type: complex matrix
# rows: 1024
# columns: 1
 (-0.7813746086504646,-0.75644318555959755)
 (-0.78620089725689646,-0.68759606834530818)
 (0.72613931967532108,0.56036207295719742)
 (0.63346265920834666,-0.64663273787679876)
 (-0.67878267599377773,0.63944060936032299)
 (0.66293848401241828,0.6613730474520092)
 (0.69825982111388041,-0.72648421587429401)
 (0.76662817200212419,-0.74686776691490631)
 (0.61063307762736385,-0.82118123756729455)
 (0.63221308052565384,0.69058467543560342)
 (-0.70741790139988525,-0.74680076966363385)
 (0.75371629874830359,-0.83514242310707121)
 (0.64878623052790763,-0.70892296634579854)
 (-0.59999673028165068,0.65291449783347766)
 (0.74246840322701468,-0.71457638348000641)
 (0.74304962672281505,-0.69828223281796042)
 (0.57521495112421572,0.81105851456119582)
 (-0.67337800435980755,0.70817277995733841)
 (0.85362203125196179,-0.77915249633902561)
 (0.72597727222977626,-0.67290847022464628)
 (0.81666461756701447,0.63319543056824457)
 (-0.68631048480946677,0.61476408902030044)
 (-0.63780524936512051,0.68762011433323456)
 (0.49925574436683973,0.67205834358928329)
 (-0.7432696909988511,0.79279554160188104)
 (-0.66544994259531531,0.74170364733065541)
 (0.65599720985433441,0.88344866238791098)
 (0.71399423419521901,-0.62385309454134563)
 (-0.73909413887713693,0.69627198225562326)
 (0.68527667175745788,0.78071913662315851)
 (0.61021706621919347,0.59223927343743221)
 (0.58473465178559525,0.61521059038070225)
 (0.70831231463258093,-0.66985989674092661)
 (0.78111041897169686,0.65578532834583381)
 (0.65839689419420822,-0.69312982997323158)
 (0.71199234451699955,0.64971119275542111)
 (-0.69117347011519215,0.81818305458656293)
 (-0.74219561755019448,-0.72157546505038139)
 (0.73687330110495475,-0.9303165571823232)
 (-0.75986962851472706,-0.7023636318471782)
 (0.77835118922274016,0.61906276138724359)
 (0.63901661798830456,0.6990360606426741)
 (-0.75119314318612895,-0.76774360754120308)
 (0.65985817801965752,0.71600104925020236)
 (0.68177200157796591,0.55528371489873085)
 (-0.65769762687338507,0.72123081342007112)
 (0.80723163827513555,-0.66777909993261009)
 (-0.58994535990324481,-0.62612308430385855)
 (0.57749610297930754,0.82486725558483909)
 (0.65759271714276246,0.676395205051457)
 (0.68274166851841112,0.7568860358779359)
 (-0.64264887431776729,0.7296340300635592)
 (0.68763835730360645,-0.76556776296187679)
 (-0.63201888493401537,-0.66202706161402636)
 (0.74451217040154127,-0.61223746161987802)
 (0.73240418319939993,-0.65034482861347165)
 (0.66799520501429788,-0.63521608478374814)
 (0.73845988596414047,0.72875698062818473)
 (0.73749985529312034,-0.73997333517795794)
 (0.70774631549812672,-0.77464354898459797)
 (0.79771002992541118,-0.72944322499090875)
 (-0.87481572216144254,-0.80306544802197433)
 (-0.74908592528136164,-0.71086184630468296)
 (0.67549034399552765,-0.71987763452418141)
 (0.67115015370314712,0.69638376423828774)
 (-0.65232951068050671,-0.72110798020827727)
 (0.78942989244562611,0.83635880833250642)
 (0.72658518648773929,0.80277538474193122)
 (0.7885737830029641,-0.75488549138590211)
 (0.72473208715814907,0.61936618359517592)
 (-0.59522837639711568,-0.73006532943155056)
 (0.71928579802720782,0.67110246195013534)
 (-0.65038804315221821,0.76184466409407214)
 (0.71135663661040849,0.62864861533944461)
 (-0.67187934246046954,-0.60192055369756781)
 (0.78945617089283759,0.71447777527936884)
 (0.65877157034267486,-0.63760938547236778)
 (-0.67648129728498763,0.7693406649682013)
 (-0.68325615128764161,0.71549529915051535)
 (0.70652481026529457,-0.69121991615770484)
 (-0.76171673611022395,-0.68548980585240815)
 (-0.62456233275109529,-0.72602460575763572)
 (-0.76037235100828282,0.72381409683212161)
 (0.75312523598020653,0.74776932055285683)
 (-0.57623369435895921,0.66916352199109819)
 (0.79443797167295316,-0.80204962239921584)
 (-0.64841555121309025,0.65104076895199436)
 (0.68102632961106502,-0.77478732637970449)
 (0.56588768818377455,0.6162298006743)
 (0.68932424977356677,-0.69604488301364376)
 (0.68552289889943008,0.81103832578307211)
 (-0.73494408625969543,0.70420818874104418)
 (-0.64989270527982068,-0.8638851460767486)
 (0.77967425361278619,0.67432970186084051)
 (0.62419412306620403,-0.77533665846488109)
 (0.68885683420987776,0.75654650911805765)
 (0.73763790281628061,0.66834724563148673)
 (0.66762106899215301,0.74145374278784726)
 (0.75081136037224605,-0.87534262024381793)
 (-0.75656000812496849,0.70757311371645781)
 (0.68964193266634399,0.53989748267408777)
 (0.66111111492136021,-0.71134773435410648)
 (-0.79188349319038409,-0.61625414416837698)
 (-0.74161818434471616,0.66626709586477761)
 (-0.66988142389224659,0.70408475943830851)
 (-0.72641429837197502,0.60300964561283654)
 (0.67826760511207596,0.73285731934985243)
 (-0.56196387421873895,-0.7636503205248526)
 (0.8765085010525907,0.6374275020464153)
 (0.76519189498641782,-0.65544411344926645)
 (-0.64319793545924608,0.66010413653420696)
 (0.80870248120945598,-0.58620538634495589)
 (0.68080094319203799,-0.72790612927893072)
 (-0.63930077757626791,0.7870349484080239)
 (-0.65396926181899784,0.64731897596568999)
 (-0.6538164115407058,0.66668688779806673)
 (-0.85679456953669031,0.78885181334670584)
 (0.74056363602968767,-0.65430576233147253)
 (0.7274821079107866,0.78850676420539889)
 (0.71908140183145564,-0.71799093250833268)
 (0.80168323905726979,-0.56065913031377901)
 (-0.65020776009099057,-0.78553962660446541)
 (-0.71095351773796589,-0.81846093723415114)
 (0.82435413948975556,0.7529742367550587)
 (-0.81488547698505309,0.74189573747517312)
 (-0.65450738497600047,0.77500163239294706)
 (0.82245841541107412,-0.66097477320662401)
 (-0.55694647122480923,-0.62485985875092531)
 (0.63336513332561739,0.61095327777985942)
 (-0.64954342382732588,0.70556467817647794)
 (-0.7169012729184645,-0.66924696357947699)
 (0.88767830137524117,0.58312523710616149)
 (-0.8173656311704125,-0.70662804246198196)
 (-0.77186352979759332,0.70789014360430769)
 (-0.8357066464750682,0.64232851800526469)
 (0.64657371489743287,0.70269451889460977)
 (-0.51160989369476906,-0.79183994652031797)
 (0.83440172718278616,-0.60489344348225749)
 (-0.75368538836325805,-0.59567587139474165)
 (-0.61153777631275186,0.60831185874429183)
 (-0.71951868296588017,-0.69118487980969068)
 (0.70353511390383083,0.76528555838500811)
 (0.67537097127454715,-0.8062517979284386)
 (-0.75453827851572319,-0.67802176782064505)
 (-0.76290036071719136,-0.60870347393886193)
 (-0.68198645487779019,0.8141751728556601)
 (0.72797531969617968,0.86177558800965481)
 (0.57336081928083815,-0.79742685778351352)
 (0.76749070526626972,-0.68163561870413381)
 (0.75917261162287819,0.7428082272747194)
 (-0.67554515652733471,-0.80598158643852014)
 (0.6992194427926669,0.72765620280415366)
 (0.56430291587622039,-0.66168348651393194)
 (-0.73557197911534644,0.75164231906770684)
 (0.64321210290425412,-0.68288917219347933)
 (0.66649986826913632,-0.65600500900378711)
 (-0.72366460935317145,0.7351491458273357)
 (0.63631595593645596,0.82366447153097)
 (-0.65410924321558628,-0.68996368628147775)
 (0.68891374698375052,0.71942560741579442)
 (0.80591023023099728,0.62215767954093903)
 (-0.77523832404865167,-0.76413538446472384)
 (-0.70998683773932247,-0.70840359699370636)
 (-0.67500108908845402,-0.67173646018218414)
 (0.68049026973170368,0.70583733443302543)
 (0.73908480471448734,-0.65157286475248877)
 (0.69031518023447047,0.66474940172195773)
 (0.70561966942112675,-0.66659813964743997)
 (0.76955429385186702,0.70666939194371714)
 (0.67617344667872659,0.76353475103560142)
 (-0.81430586863466892,-0.64537556452223555)
 (0.7105737249633477,0.74317002500691198)
 (0.58954260948053905,-0.75495095045924177)
 (0.79994520762783394,-0.76819095533666804)
 (-0.71892704266584917,-0.70719723140276269)
 (-0.69652276183899842,-0.75097682047852754)
 (-0.72759945174710694,0.67580789317090628)
 (0.71920554748873622,0.723592654278431)
 (-0.76451560130148799,0.72764945275668613)
