# Created by Octave 8.4.0, Thu Dec 11 09:47:21 2025 IST <gamana@Samsung>
# name: awgn20
# type: complex matrix
# rows: 1024
# columns: 1
 (-0.74089403109064411,0.74330350811699442)
 (0.67586471965682926,-0.72028834114711549)
 (0.76170218531656642,-0.66123454941180859)
 (-0.81649789027110375,-0.74442584082100227)
 (-0.86970916917632324,0.63960721070419768)
 (0.74479240711451822,0.70234480616128503)
 (0.54667388904145409,0.67436184988176762)
 (-0.71563267572570866,-0.67557543223298189)
 (0.74671870206081759,0.58638847117479775)
 (0.81024724350831523,0.63718120987818938)
 (-0.81285787609758242,-0.74798119765108095)
 (-0.69046224980455961,-0.734823313466341)
 (0.74878968055713524,0.83579716359897782)
 (0.77738210056708346,-0.733539169932794)
 (0.63632512681811149,0.83064176383621258)
 (0.70290821416914295,-0.79076484684396275)
 (0.71233221936672164,0.61705278853224388)
 (0.79047885626855785,0.81273376783886353)
 (-0.67812673104241261,0.63682886959633433)
 (0.72747024618598954,0.73412249633935023)
 (-0.60784535341988866,0.57630731951073877)
 (0.62446246231409219,-0.60379957830061071)
 (-0.66040017879765667,-0.81193651083758311)
 (-0.79140640746503521,0.73860412768578543)
 (-0.65368462687689,-0.62272494109812926)
 (0.700330069801537,0.6806590301315224)
 (0.67663443860976746,-0.66922753392564394)
 (-0.68428347324949823,0.70943193450191744)
 (0.75764313041750619,-0.81100081808914282)
 (-0.68109016133503797,-0.66358113676528641)
 (-0.68528966135016667,-0.83975472121869543)
 (0.71914310397191139,0.75680773019182912)
 (0.69616073951445145,0.73433908071677623)
 (0.68819107049419581,-0.72764756804122432)
 (-0.67284929047830422,0.69313692492787915)
 (0.77921377041729234,-0.80263224022373769)
 (0.83154991150982593,0.75061242230184222)
 (0.61645712204954706,-0.78447607581225032)
 (0.72383664744204934,0.75927013962029399)
 (0.67241997821555932,-0.71010543669773996)
 (0.79985711620058186,0.69716541486834593)
 (-0.85802912963156497,0.66421452027597605)
 (-0.70680362991234247,0.80580793875915713)
 (0.7029003315099378,-0.65235889041867379)
 (0.74673551897156953,-0.74249163877288082)
 (-0.70071752630309569,-0.56582442075087414)
 (0.76343385996731039,0.79217555400402651)
 (-0.83370990831392755,-0.65275731647672997)
 (0.70906657732435707,0.70457439073288719)
 (0.68530774495632474,-0.62517439173796374)
 (0.70788720813998285,-0.69291477207669316)
 (0.81500677114377429,-0.67632667400503887)
 (-0.72567902482859159,-0.78155124701316925)
 (0.84369226290967669,0.62752181272370755)
 (0.7569874304882428,0.752756205279695)
 (0.74283269171274746,0.76912364661025512)
 (-0.75904587094554332,0.63215014314115969)
 (-0.70393588227424264,0.65426497946940332)
 (0.77947870636790395,0.59151694609012662)
 (-0.63952254490736671,-0.65610231496821869)
 (0.77463937755268963,0.67283781227296791)
 (-0.81241063258155666,0.61244095004366694)
 (-0.741840512745222,-0.69243906571655545)
 (0.70196909672437069,0.70218862075502375)
 (0.57721162043161656,-0.6253594000396866)
 (-0.72342417184743835,-0.74624770871275992)
 (-0.66073534122756816,0.72541172505138896)
 (-0.83888676062177814,0.63093414882263377)
 (-0.63846650738241184,-0.71693177997416879)
 (0.77849229802957942,-0.68410329008939197)
 (0.79384499343193704,0.6466834400182716)
 (-0.70142497166193896,0.68388141387969092)
 (-0.64834095948963288,0.72404025034395392)
 (-0.62486562667357759,-0.70161035861356547)
 (-0.66965749360437932,0.73571714067923533)
 (0.59693223581758292,0.67919568042569456)
 (-0.74641517276770908,0.80799507518993263)
 (-0.69675927194803389,0.7300882841917129)
 (0.90040686668954861,0.73215129049302308)
 (-0.65787284765048304,0.72279949386887099)
 (-0.55629012231152819,0.78463496500899077)
 (0.75568061523584695,-0.64625838454922824)
 (-0.80116937366656049,0.66242989865190438)
 (0.7348060628321923,0.77304311922411784)
 (0.6340451787396596,0.71974046061893948)
 (0.8493825743982425,-0.89892584265941466)
 (0.7242885213411262,0.78844485045543344)
 (-0.84473804133496344,0.68355336444538195)
 (-0.65039975738974998,-0.74386732118633592)
 (0.70741809296763158,0.76898174900728433)
 (0.68305231103251107,-0.87095232401885336)
 (0.75357340539563955,-0.72071206306349955)
 (0.67793643663117564,0.73897603547218949)
 (0.72442497062476952,0.62696188613362125)
 (-0.64778218082461581,0.81555303500177467)
 (-0.82671017518167544,0.55904002843226497)
 (0.64159447557902582,0.62349197380938381)
 (-0.67103283509577172,-0.76940210551747035)
 (0.68563277197547656,0.77560891689302347)
 (-0.74005699845063666,-0.71162900299678433)
 (-0.79044877158938143,-0.56773127607816176)
 (0.58188368138210556,-0.79466455275823922)
 (-0.72067132941846657,0.86548099324938788)
 (0.75868356021100714,0.73257340592107656)
 (-0.77961014685375729,0.59567844641696455)
 (-0.71266237394906606,0.78378287668261692)
 (0.78855185446816134,0.74706785310055468)
 (-0.64170846644062207,-0.66281328935830386)
 (-0.74588880734902774,-0.59339625695596454)
 (0.62724473079528875,-0.78982817679421702)
 (0.65019974245784118,-0.6140109462093104)
 (-0.76311212336352019,0.73800288273958725)
 (-0.70446303637492169,-0.6853866161271388)
 (-0.80115805295100861,0.65712367259225246)
 (0.63330642500973333,-0.68395284240230592)
 (0.69533747573084859,0.64250632301473698)
 (-0.70160443958181906,-0.7016848312142111)
 (-0.69531797822488872,0.80037572701038218)
 (-0.61091055981317233,-0.78701375888762692)
 (0.77997081406939994,-0.78569490408010789)
 (-0.66668711876767273,-0.66528346530187177)
 (0.60924708581177522,0.64617981343626241)
 (-0.74189280762642495,-0.71563089938012026)
 (-0.82058066598694568,0.75933624281388601)
 (-0.73576171849075722,0.73786470394041725)
 (0.61067657153899491,-0.67702025512382724)
 (-0.68124655108639376,0.6348033309116905)
 (0.63562484569405919,-0.76613915963004509)
 (-0.58525698201451992,0.5948143345522654)
 (-0.87506036556407918,0.82820662768007347)
 (0.70780194983551037,-0.73090885964539076)
 (0.61233326894318307,0.84623058283289931)
 (0.84978790773088941,0.74261563852815382)
 (-0.66778741311349454,-0.74530989052583085)
 (0.66100136328188186,-0.52261681205212995)
 (0.46997829511318634,-0.56477394095716438)
 (0.75851097856585037,0.71814477609196936)
 (0.75923966890917183,0.75616334293250875)
 (0.81732864659715743,0.55266543920999778)
 (0.72683655622923682,0.71805986618618334)
 (0.80071744897578556,0.74077248614122537)
 (0.7697053461119272,-0.69573757076733966)
 (0.59564795293296147,0.688726737535862)
 (-0.76913542065882101,0.69372043564083918)
 (0.731612778939291,-0.56836503449383313)
 (-0.78240905466503563,-0.60571097149327247)
 (0.76883437207175553,-0.68359603316369977)
 (0.59427734643745977,-0.67234689324943087)
 (-0.56346800700438038,0.73882228211545165)
 (0.6723556959538568,-0.72839660378044357)
 (0.58729432354417821,-0.71137128567479369)
 (-0.62415401357148559,0.59197817952407861)
 (0.65331741867703497,0.82819836994502471)
 (-0.64044822216576325,-0.80453979937098841)
 (-0.7429906887658958,-0.79365962657667866)
 (-0.67990476636631592,-0.76604899199364285)
 (-0.71880836000535742,0.79743213779397826)
 (-0.81998745360507408,-0.66295314964597407)
 (-0.70011889873022015,0.74065223371120348)
 (-0.65078198881238669,-0.6593408276921614)
 (-0.52022674782818967,-0.74442758018947042)
 (0.80564701286845186,-0.67779928648661891)
 (0.77345278822476027,-0.75161585628435013)
 (-0.74557285886355107,0.73374584486835814)
 (0.77963648428804411,0.62320379328357833)
 (0.76612072476590276,-0.65826613815836188)
 (-0.68873611780892841,0.81012788534170965)
 (-0.64960083710873429,-0.65900852869616477)
 (0.70800317313195249,-0.71875859789126273)
 (-0.66177027795763466,0.6859234078268458)
 (0.77270680676219761,-0.7516235587083282)
 (0.5748550242439957,0.74072954992378159)
 (-0.8328818033923473,-0.67783957725558086)
 (-0.7026519114885903,-0.76873268089406643)
 (0.77187764135967418,0.71241551264588343)
 (0.67388793672716329,-0.83607419006516925)
 (-0.76711902697984913,-0.82805622748319607)
 (0.55684413882773642,-0.58582405423347728)
 (0.72147282602760043,-0.7220790352698413)
