# Created by Octave 8.4.0, Thu Dec 11 09:47:21 2025 IST <gamana@Samsung>
# name: awgn20
# type: complex matrix
# rows: 1024
# columns: 1
 (0.70866069455003866,-0.71609151955562389)
 (0.59756859420395492,-0.71990571159358507)
 (0.59251227433975728,-0.77876913146541871)
 (-0.75670232565429496,0.62139775306180356)
 (0.80005317380651586,0.80341842403003816)
 (-0.69783056853663705,0.79591980357316328)
 (-0.60182301319751708,-0.61132574008772178)
 (0.62149640926422478,-0.69163390774768829)
 (-0.69388256999915787,-0.68593429588914456)
 (0.668118271413359,0.74850858275401067)
 (0.67484246742622866,0.64087029716023758)
 (0.66284838740417884,-0.62058422575268235)
 (-0.64035595838131565,0.7898173115676852)
 (0.73670413269416013,0.6883542332670427)
 (-0.71368166517822818,0.6353974103836677)
 (0.76793154424907129,-0.68403172863998574)
 (0.72781930758206559,-0.74066027654971289)
 (-0.80220016080816392,0.75701282947716142)
 (-0.72574649345476028,-0.71278051683462318)
 (-0.66910816879693413,0.56048354062347117)
 (0.73377372849688582,-0.70701192739417429)
 (0.69524051494206174,0.68829658733160204)
 (-0.73182164110990633,0.62120317469266584)
 (-0.67969789891423571,-0.65247554276049646)
 (0.69932615930339648,-0.66604716221080107)
 (0.69649649207612563,-0.66181853279878033)
 (0.82370342752680947,0.67371845048372103)
 (0.60891507738636053,-0.7613717105852269)
 (0.68337935465398036,0.68353465672039149)
 (0.7113861285490356,-0.70012049245305263)
 (0.71855987347193739,-0.78932259299078011)
 (0.72545407545887008,-0.66451234800806536)
 (0.62077051096436353,0.74032460374874232)
 (0.66783318163249594,0.6092737332548297)
 (-0.67380799852275564,-0.74708545018661798)
 (-0.85463024019610589,0.76299947286080161)
 (-0.6631083067245902,0.72615267612781986)
 (-0.63153505469828841,-0.51983146638731015)
 (0.6937438895576844,-0.63621814658252251)
 (0.71442776733564428,0.62568854869676604)
 (-0.8068996686193568,-0.76720529593993936)
 (0.73137364965506124,0.73694101237693999)
 (-0.66831285412519392,0.63402414905478022)
 (0.70328532467881755,0.55373833203190159)
 (0.65685095275772409,0.76910404670909627)
 (0.78915601657439527,-0.73317577403937351)
 (0.65719879944875126,-0.57855268448862518)
 (0.6766738327186772,-0.69759534306705961)
 (0.70822023539061019,-0.71561770856798235)
 (-0.75440786758169143,-0.7203171335823515)
 (-0.71072970259795609,-0.67332722996058203)
 (-0.70967732498582181,0.69494517564004665)
 (0.69651755537963433,0.85732654198392355)
 (-0.67008948962523651,-0.64847640830546893)
 (-0.80149981708132911,-0.69646265977089739)
 (-0.68382326703224883,0.80854591115523533)
 (0.79334321560105314,0.78095648363708392)
 (0.55353265236658156,-0.74113112286125826)
 (-0.61534467680984217,0.79206851459437377)
 (-0.90661974290252334,0.7349733781686183)
 (0.61447691884499767,0.77021531598016457)
 (0.74048332550719254,0.72132059752497169)
 (0.73240053808639571,0.58137478489888328)
 (0.61744487061888154,0.67331522459855664)
 (-0.75307959809273961,-0.61252824206348599)
 (-0.82869651029879887,-0.69075644352010857)
 (0.72191806543431114,0.60724620288719033)
 (-0.72002405066262531,0.74158706696715981)
 (0.79006632010423217,-0.73202882822941162)
 (0.69940090163215962,-0.73925767259852704)
 (0.6957939335155775,-0.70797350019496419)
 (0.75100839976301237,0.65232221771902432)
 (-0.67830491854734942,-0.68169404711068748)
 (0.73787320751904073,0.8000363885624765)
 (0.77609465974928338,-0.78446401024605972)
 (-0.58666745764239558,-0.66123675171886465)
 (0.72124326365560976,-0.64867146616521598)
 (-0.72800165490349678,0.53776031269628555)
 (-0.73861157382410614,0.66241101362217825)
 (-0.70839556014680083,-0.710957474520168)
 (-0.79810171263858076,-0.58767908980443773)
 (-0.64658510510880618,-0.66111344089295465)
 (0.60332429055089143,-0.83507264856254682)
 (0.71014791338710404,0.5980035174793169)
 (0.6835881930512423,-0.65327964139372718)
 (0.59672652348731958,-0.74287333708443226)
 (0.77607908393878122,0.72000556365341695)
 (0.6374202073708265,0.87308579206790493)
 (0.66604835191151801,-0.63184680101109625)
 (0.73535141522033132,-0.73859861936172833)
 (-0.6979444157014707,0.64751335797999798)
 (-0.77738768121102519,-0.70388770457240113)
 (-0.84162982690016208,-0.73572833318375608)
 (0.71224555357212771,-0.69006478717698183)
 (-0.70374272223795542,0.64604889760679096)
 (0.65668864069498001,0.71787199894113718)
 (0.810769001770695,0.63626324062829687)
 (-0.67669348636680726,0.72210960342620656)
 (-0.63678488768084351,-0.81205252429392927)
 (-0.65986369160985103,0.68359235278953168)
 (0.76483452945254005,0.64918252205523952)
 (0.68389982823655404,0.7471653716910196)
 (0.65013361008280224,0.83419039936427042)
 (-0.7848412527554669,0.70522783689664892)
 (-0.62875484985597652,-0.64405445178514331)
 (-0.72279399536925504,0.55812256842577468)
 (0.66808581044133863,0.6962660856635613)
 (-0.65677122462828241,0.60160597917812464)
 (-0.78529386221321995,0.7861941483706163)
 (0.70518514546132327,0.79630978225991556)
 (-0.74549177586808668,0.72984883913005283)
 (-0.63459705501711883,-0.71117175262205123)
 (0.68158109873892769,-0.67288589211182281)
 (0.70417025393482446,0.63077124665856099)
 (-0.72358423886844681,-0.62907954646178221)
 (0.68152916579806544,-0.76735391343050385)
 (0.57467152451650705,0.78769161023002732)
 (0.73898330834441939,-0.5891692932194601)
 (-0.66291188800870426,-0.81190592814283657)
 (-0.80018776203152708,0.75407940249705108)
 (0.76785806533710899,0.81372389248266597)
 (-0.65933299801059564,0.83182728873401368)
 (-0.78279176084687685,-0.66530552539590515)
 (-0.54773851783718885,0.70086624017106525)
 (0.68808401142892173,-0.8346165387834874)
 (-0.70486628146715635,-0.78516239705608126)
 (0.77580881909882782,-0.58060437150367317)
 (-0.60289740550293891,0.71210316176524358)
 (0.73319462930469415,-0.73792601767139332)
 (0.67432342272230994,-0.75422489243101942)
 (-0.66112483512027309,-0.70114381518035662)
 (0.82045369644509869,-0.72908505832997583)
 (-0.78505253435795452,-0.58856241497572959)
 (-0.90799615644578147,-0.72482600655691098)
 (0.6820052703398598,0.65082781267090772)
 (-0.70807190298275557,-0.67256055622242517)
 (0.73526715662918951,0.6272301195991814)
 (0.58639244757641651,-0.71939497334981728)
 (-0.61076139618025793,0.65479820718709503)
 (0.71458430072251711,0.71653924868648255)
 (0.75318570902768966,-0.71934778802210686)
 (0.63562709239224746,0.75255983561249495)
 (0.75963495087456745,0.74546692730839081)
 (-0.71624388132667494,0.76629036444468479)
 (0.68111509033630191,0.62859933963742765)
 (-0.69951173797480581,0.8151048510350295)
 (0.70011071075068354,-0.68313818970284224)
 (0.71811967786033848,-0.6848726330821937)
 (0.78491900997384723,-0.73093226453232385)
 (0.7647515337577433,-0.70783554827758011)
 (-0.71646431800364163,-0.72144730054073358)
 (0.56227582865469972,-0.69676125980362802)
 (-0.76588299350910571,0.83844807492826279)
 (0.78630457436451329,-0.71810611838163196)
 (0.78655362969481213,0.66408321255524605)
 (0.65607195625051906,0.64412369759015886)
 (-0.74287711076160368,0.76628613274041513)
 (-0.61551191873904265,-0.80854018577983899)
 (0.67309723311599234,-0.77886926128191047)
 (0.75851576130450304,-0.67431975220100848)
 (0.73776346696053341,-0.6136658931881207)
 (0.77963028991307526,-0.69390230906409278)
 (0.73269462324749779,-0.70115117120117953)
 (-0.65106399987721375,-0.80443156676828997)
 (0.75788261573651594,-0.73362958760218755)
 (0.7515929352152495,0.82637830653302013)
 (0.74357381056878313,-0.79327364245306886)
 (-0.64631609008410218,0.72168835058183201)
 (0.63262891752783634,-0.71871707454560285)
 (0.64124098177224864,0.68084739767627522)
 (0.7363524816971222,0.83673936548389904)
 (-0.82818382408899915,-0.76919241055271692)
 (0.72762396802178042,-0.79771096989615176)
 (-0.70798689624710198,-0.68547117690393577)
 (0.77145932292720798,-0.74716349778990243)
 (-0.76490912021246615,-0.84152596609347086)
 (0.71045960783639595,0.56697699801505452)
 (0.58499398103528877,0.71051995738571971)
 (-0.78317003365319715,-0.4993274324144793)
