# Created by Octave 8.4.0, Thu Dec 11 09:47:21 2025 IST <gamana@Samsung>
# name: rayl
# type: complex matrix
# rows: 1024
# columns: 1
 (-0.12784752185597476,-0.16534503746380924)
 (0.47942021356594189,0.15165427569553583)
 (-0.31768952874522077,-0.46476597471929842)
 (0.19897056253933842,-0.91675440282363818)
 (0.19469423820680076,-0.09322132358165014)
 (-1.4112958824372266,-0.040753511841825629)
 (1.1011240192337444,-0.061524809678171644)
 (0.47903508857880894,-0.39982355486830012)
 (-0.15572617356826607,0.22209581512338966)
 (0.048257391463658567,0.10319887329182198)
 (0.33191969419740053,0.36823831299817922)
 (-0.98449995270442403,0.11477913530506917)
 (-0.36775532801152755,0.28885578556848224)
 (-0.85687265071049246,0.56734794617024198)
 (-0.71085743592383321,-0.083549856436799907)
 (0.070459635525494502,0.57012344124210035)
 (-1.4135979488643025,-0.85191414051091374)
 (0.41072167533221393,0.53479134560296204)
 (0.19111537911475762,-0.80240390806215811)
 (-1.4635665199950423,-0.014160767632606652)
 (0.5992873986882562,0.29038299425783942)
 (-0.62847170266349461,0.21905979833097347)
 (-0.4543527594262835,-0.093872111056803376)
 (0.3753842197663016,-0.095450407646855584)
 (-0.18127741827652322,-0.37652194863043376)
 (-0.57468888224416637,-0.31896852373340046)
 (0.88326662356630181,-0.43569565516614173)
 (-0.95491189665994436,0.46972653535299158)
 (0.53655744908930547,0.37151323421779703)
 (0.5179385203127046,-0.76969208130347588)
 (-0.6113782242075867,0.096154492623614141)
 (-0.61585579288907322,0.42844810255081567)
 (-0.65206349511235595,-0.21998270042292292)
 (-1.3003085520688986,0.13721759867107752)
 (-0.7650218998098135,-0.080087691710152786)
 (-0.070491914228223818,0.94794300073572901)
 (-1.7981558173225805,-0.054064357354619785)
 (0.60423946424001862,-0.10304624530010403)
 (-1.5861328048289396,-0.15412537518394875)
 (0.78699883167954288,-0.1711882873985649)
 (1.2399160308617878,-0.70523868670583023)
 (-0.026504745672428828,-0.064871491653802307)
 (0.16385194269789921,0.30549715059966592)
 (-0.010036452573918886,0.42932288494798637)
 (0.45352738144293386,-0.56317558601971129)
 (0.75981842832749513,0.81509493805162991)
 (-0.11955663643326331,0.19796421017048182)
 (0.24149883658138099,0.054632562372386506)
 (1.2899946504225672,-0.49511305438701053)
 (0.34359825509627534,0.73365526803768244)
 (0.83124976664955263,0.6854131694107215)
 (0.15954632982451322,-1.7046912148139817)
 (0.6482191036779239,-0.62509622590716685)
 (-0.14943576017461413,0.61575193270138828)
 (-0.46863708083193284,-0.60284202541651233)
 (-1.1056207657014572,1.0146237796584539)
 (-0.49949681761172671,-0.94780864546855526)
 (-0.4224916081149388,0.73524913281938153)
 (-0.48209567642472312,0.067558814964883529)
 (-0.42583910757000232,0.71897744610432746)
 (-0.063385057271094877,-0.11688138318940926)
 (-0.32331532861772672,-0.45854688088825146)
 (0.3256190859009479,0.58108911404305963)
 (-0.51994732713170611,1.0818821305590314)
 (-0.32954375344555709,0.86944933687735648)
 (1.4788694296988962,0.6883459495715234)
 (-0.51348646445739687,-0.27366188399516261)
 (-0.64659586467948271,-1.0576857861714832)
 (-0.87163679391913751,-0.045514741492562516)
 (0.40355783052680461,0.56273299393061815)
 (-0.8600422108461433,-0.40310200260806639)
 (0.52586201524649501,0.15632624661298505)
 (0.33585804594951291,0.69714460112487187)
 (0.698430523549608,0.23411217526891487)
 (-0.65486418345301423,0.38247278077960239)
 (-0.38418835523497064,0.63794052141857571)
 (-0.22723457265323738,-0.33667833721703971)
 (-0.41883486589050856,0.076796927435087786)
 (-0.06668234646631041,0.14904662656553155)
 (-0.28401359757041805,0.27357867289938659)
 (0.566576740445911,0.29945199791368171)
 (-0.6851037161992336,0.21535112612918625)
 (0.95654418567647748,0.52420537192740124)
 (0.34350579957769667,-0.8149574120926264)
 (-0.92477151832268678,0.026096883443168017)
 (-0.85133837390653022,-0.53121555590751146)
 (-0.61768575075308574,-1.3342735967865689)
 (-0.90894951404029323,-0.35161328207242226)
 (0.22868721504063377,0.73575081904584638)
 (0.11980584531245538,0.31129971610612167)
 (0.10883633208698751,0.54493394940526296)
 (-0.49347102210870541,0.19118817198300875)
 (-0.48108963642605462,0.54196139481980521)
 (0.61815572819123898,-0.78695105747853977)
 (0.4603612558881679,0.47382824589164529)
 (-0.78074488274797949,-1.1949043978971836)
 (0.84901453548724404,0.15558855210779871)
 (0.033168622768541933,0.74112153356700949)
 (-1.0602845462317552,0.62702993362729331)
 (0.99950339118680487,0.95160638862788194)
 (1.1488992796156641,-0.018836953709578386)
 (-0.73408022852173294,-1.0116957037336765)
 (0.37563734004681482,-0.22318472410391832)
 (0.15884258908300233,-0.28130129024988243)
 (0.0039232399199417012,1.3689699055516895)
 (-0.43771666647722351,-0.25986998999529154)
 (-0.013167961977587128,0.51267891564596546)
 (-1.4145392984963294,-0.05405725788323934)
 (-0.072719632176349941,-0.39087421288615931)
 (0.45612198028335404,1.076141912320419)
 (0.83754134348167075,-1.0256220536535505)
 (0.28192413762532254,0.15219359539857721)
 (-0.38816348165731285,-0.71175856349322586)
 (0.4473298554052661,0.40360407622650823)
 (0.50921929882373107,-0.67567690378319456)
 (0.22804975980000775,-0.96790975914401756)
 (0.13237663421863155,1.1856556521025809)
 (-0.26546028785839348,-1.1103293983941058)
 (-0.78040807629929876,-0.012396028522669411)
 (-0.33115991087956792,0.17671760609297921)
 (0.72447651021384896,0.67054518610076153)
 (-1.69668285290214,0.29153703750438431)
 (0.12508337533830111,-1.0429611923389188)
 (0.18153044670338353,1.0279162408360474)
 (-0.33917716459015707,-0.26084351298992009)
 (0.061905937746071692,-0.055530096937631591)
 (-0.03049618714265917,-0.72088053188183498)
 (-0.046091095498055623,-0.46338391649788252)
 (0.44832684036677628,1.3453137123318388)
 (-0.13690940207702412,0.54581254010020941)
 (-0.042356060411309085,0.0040264819836777384)
 (-0.20290046679281898,0.14568081410418998)
 (-0.57321219740659235,0.71451059338759249)
 (0.21407084183832048,-0.063034279456426937)
 (-0.91599079494374325,-0.89159040120842026)
 (-0.75666395142801879,0.89698359373073722)
 (0.70178191678942692,-0.10067570790609937)
 (-0.13780168514837404,-0.94737980372824016)
 (0.64694985988369735,-0.031395232898514813)
 (1.3556560374604469,0.41951607821317094)
 (0.062050839260902602,-1.7964388225383252)
 (-0.80271364754872254,0.69179974165780778)
 (0.51701745685056433,0.23289978709983256)
 (1.037900517809645,-1.0109658957602323)
 (0.76503324277152573,0.41807898912546448)
 (-0.15678393303840715,-0.30712395113640722)
 (-0.011063658267063403,-0.32692735552757146)
 (0.6131408479926943,-0.14113273120186792)
 (-0.7831911619716696,0.79027265214821019)
 (-0.56833777574760125,-0.36633301864475326)
 (1.9433852920227515,1.2347326926579045)
 (-0.14894059074423655,-0.12695377605039626)
 (0.12396723587501046,-1.8019152224579722)
 (-0.59945023676767739,1.0096104968322412)
 (-0.22086858136761719,-0.70930763077762082)
 (-0.45717748103856787,-0.43863695165241107)
 (0.36740026232337297,-0.31836325190133297)
 (-1.6795470933017265,0.27705881641167718)
 (0.34074793240359519,0.19348245256013558)
 (1.4591841417656188,0.10639773687428888)
 (-0.45955967980302581,-0.021946274423458673)
 (1.0741321274416278,1.7285983615743767)
 (-0.24015356317085015,0.24925727103886755)
 (0.51453217686225716,0.51968952309430272)
 (-0.35216608087698259,0.57474960494091665)
 (-0.18151680255833469,-1.1020822185034405)
 (0.26464392402080916,0.57014826133011032)
 (-0.34668030802904326,-1.8385964715052259)
 (0.73541284982760535,1.1567906361681786)
 (-0.6693147877349197,-0.11401721029415085)
 (0.38569567067139998,0.75006054363324492)
 (-0.070727362456460968,-0.52834583478344577)
 (-1.2412717477146107,0.49330614365405506)
 (-0.47656986744495289,0.18615888667149086)
 (-0.35386943147342215,0.52636228332747226)
 (0.20667830568472567,-0.52111403895878583)
 (0.67912155784645789,0.6610420375193734)
 (-0.27119306798651605,-0.93539391448971054)
 (-0.11014398964809646,-1.1193957527394691)
