# Created by Octave 8.4.0, Thu Dec 11 09:47:21 2025 IST <gamana@Samsung>
# name: awgn20
# type: complex matrix
# rows: 1024
# columns: 1
 (0.60370633800176543,-0.63397369865885278)
 (0.65559000995163219,-0.69704074594626853)
 (0.68878769808834606,-0.77980291285296022)
 (-0.74852763328072747,-0.74824534794111397)
 (0.62151637694319273,0.71314657766797285)
 (0.64296256611185332,0.72680259406903147)
 (0.51481795284970056,0.76191774212555607)
 (-0.6026120192300598,-0.70926117024422353)
 (0.76213457826095954,-0.78886200212574598)
 (-0.69464215132975049,-0.75361872923305717)
 (-0.61578272668911638,-0.67814896188369778)
 (0.76735143627938218,-0.59760828614422401)
 (-0.67125131188678799,-0.67407476518745446)
 (-0.68886541244513277,-0.67206076049318386)
 (0.6475594872403535,-0.73305332508166909)
 (-0.71029704795617177,-0.61411139905716672)
 (-0.70925262847758108,-0.67346765275032272)
 (-0.62202238207535476,-0.62976880131303903)
 (-0.68473510438779006,-0.78324235636207185)
 (-0.57220803725545499,-0.8431945890521374)
 (-0.78251245064297481,-0.74166001383318103)
 (0.67947324807453113,0.64227131521807923)
 (-0.73272364108071053,-0.85785414325573794)
 (0.69931854712090069,0.76115914528105033)
 (0.68386083364699246,-0.72035091161372133)
 (-0.78196870792663753,0.66167142954296876)
 (-0.73461129076334197,0.60450460150276053)
 (0.68501155846813,0.71206245520808431)
 (0.69258707950353382,-0.71215976564600225)
 (0.70080293605392452,0.78216130399018646)
 (-0.69301900307053332,-0.64348158842973469)
 (0.62506257155929712,-0.69575441570424235)
 (-0.62123033071727618,-0.69613716636296152)
 (0.772002382885001,0.62390193609344813)
 (0.80081359319842349,-0.66415645526261302)
 (-0.75308149888902653,0.69376894539476819)
 (0.78907235220091632,0.68034250809739216)
 (-0.80127228284485885,0.66903749491615283)
 (-0.73177243471291498,-0.63915681793727463)
 (0.60828750300450996,0.55090504518136796)
 (-0.75196054179724958,0.66616647209848301)
 (0.59160388994524771,0.79310994014523373)
 (-0.73402664067020351,-0.77044833644152444)
 (-0.69317822159631559,-0.75383246671905835)
 (0.58255277447871257,-0.72346634519127073)
 (0.61787746068963201,0.59323594203973207)
 (-0.70811351135675982,-0.76754748069059497)
 (-0.66811917916929275,-0.62008432000965674)
 (0.69283832632321629,0.67811397805205198)
 (-0.68468835877877587,-0.50211171234133567)
 (0.6879331507850871,-0.85308821688117242)
 (-0.62879034630291475,-0.76158770768470396)
 (0.72578186563484282,-0.64675005438511757)
 (0.73812928510260623,0.89873290444068887)
 (-0.72384465603048698,0.72967011370221679)
 (0.77651970556311978,-0.77564349847550151)
 (-0.62411588139074481,0.65739709767927113)
 (0.638767446518135,-0.7406363241202939)
 (-0.80104971615395337,-0.70954096402104616)
 (0.83734250748063976,-0.71149347285131859)
 (0.65837150903219299,-0.90467573459860551)
 (0.73344083685791006,0.76190479862997174)
 (-0.64943420611317271,0.73208515296660825)
 (0.7689077328283076,0.63036332337147649)
 (-0.74036403320648214,-0.77121544812761533)
 (0.71340604984178146,-0.73434127757422796)
 (-0.72219128881305439,-0.72371651542654969)
 (-0.65760501094461876,0.59599128629246989)
 (-0.71925270388212303,0.63103667741290603)
 (0.66044675041839551,-0.93641494962031357)
 (0.8020775097978079,-0.7176137158609891)
 (0.67023421332863087,-0.47995571763576106)
 (-0.60934424390893327,-0.65284173953097979)
 (-0.66261282179032732,0.65500058058322741)
 (0.70349481047536888,-0.66878106907008061)
 (-0.71324240063546407,0.72849894513461444)
 (-0.65027003796486416,-0.68389447195523745)
 (-0.70171372975159252,0.61415711654775929)
 (0.73415728786141898,0.75668696124635781)
 (0.68020571506116401,-0.69856205181510767)
 (0.86097241350142351,-0.73876584441405713)
 (-0.65233467195918016,-0.72152777727286144)
 (0.81102560220220643,0.71849706865341723)
 (-0.64164375291810893,0.65351752657487783)
 (-0.78094033515047923,-0.58424115810948862)
 (0.60754391468905788,-0.72611178649406205)
 (-0.74898551953264025,-0.77794633082567788)
 (0.70528742926504162,0.83896580174449198)
 (-0.69205651769635157,-0.67051078140178166)
 (0.70072813557580382,0.76169455190709601)
 (0.71123533216671475,-0.74716983787046054)
 (0.72162773071941089,0.81951683448411483)
 (0.73506934052961759,0.68024407004892085)
 (-0.80877456261250935,-0.68334760965357366)
 (0.76081662014846774,0.69979290515796089)
 (-0.67958435497740177,-0.82006228825076799)
 (0.65523795249550787,0.79297125721757222)
 (0.71850773367188581,-0.70887397040541544)
 (-0.7348984140711462,0.6990854863622098)
 (-0.80730124893877475,-0.60954124694343681)
 (-0.65274875602773141,0.64926207460546659)
 (0.7418733953770954,0.68631653255771274)
 (0.55885244073760576,0.71743406552828559)
 (0.73133439094585762,0.71549944314058489)
 (-0.57815692082288161,0.65343432447458838)
 (-0.68653922421855285,0.67999362549738196)
 (0.6892178150580619,0.65380658859704732)
 (-0.71004808652301266,0.67098649806367117)
 (0.64499741478654471,-0.6835588452330984)
 (-0.80751943670238047,0.78026520509676389)
 (0.75413355238150059,0.7107848568224332)
 (-0.67539112632897869,-0.7524938300645132)
 (-0.67179781368127101,-0.6374394342836458)
 (-0.80620049216476919,-0.69735175915295744)
 (-0.76462995736191974,0.66926084247953965)
 (0.77564886773489039,-0.77055185233407042)
 (-0.63825274983614821,-0.62626101124925582)
 (0.59794537275120696,-0.79992162001444744)
 (0.64502164249578864,-0.54015040823109339)
 (-0.6562349770770316,-0.69074362680821888)
 (0.66396260179138944,0.6979927305232817)
 (-0.78731552506393654,-0.76740311164156472)
 (-0.6833832295970671,-0.73595692452660511)
 (-0.77978902167247499,-0.74741018624169464)
 (-0.72538014790446592,-0.62431735790802667)
 (0.70195219603702386,0.62724018857762021)
 (0.62221262294747637,0.69955029409572256)
 (0.6007664568933867,-0.77311778469751036)
 (-0.70819908168391488,0.71790947528458193)
 (0.76898245809193222,0.6866963499939569)
 (0.72182378941707104,0.71705671384222713)
 (0.74620241020236178,-0.51336834859434488)
 (0.75921552868075282,0.5588420038421098)
 (-0.75053167306279811,0.77829808536975953)
 (-0.65217212947112113,-0.74026930765640875)
 (-0.77304051431014975,0.68086723296833729)
 (-0.8685003079871233,-0.68775891144639634)
 (-0.77737879716786906,0.6319901432800723)
 (0.63189417034373874,0.70310254927976934)
 (0.63386512000774353,0.67884748220784352)
 (-0.72576161748016188,-0.75517760018677427)
 (-0.71905812991255857,-0.69738938667522954)
 (0.825159620766719,0.77002771453353691)
 (-0.70994782319072425,0.74304309966496485)
 (0.76920932592400559,-0.76547758088526718)
 (0.83885137623557859,-0.65941905002904944)
 (0.6624216411441799,0.6256567502175816)
 (-0.62413151189451854,0.77404097209506595)
 (-0.78209459128202219,0.7773887051056575)
 (-0.68536413816804154,-0.67055593854273388)
 (0.66119715221110209,0.86379099995787367)
 (-0.52933845238758315,0.65610842412792603)
 (-0.75837581596851011,0.73042271233449385)
 (0.76232325817486446,-0.67049392399652263)
 (0.72070976458523672,-0.69532562693234168)
 (-0.77560678681847706,-0.78440142420865866)
 (-0.59238036916475012,-0.6579667421444082)
 (0.71377275192221767,-0.80517268800372754)
 (-0.66546926935627504,0.60710993322896056)
 (0.827151171451177,-0.72993608564344836)
 (0.67540007980646022,-0.72340922328407564)
 (0.90068835039278139,-0.64892495891842283)
 (-0.64755459681316185,-0.80069601082177888)
 (0.63571007167142979,0.68045348904868741)
 (0.82751241968234523,-0.63633313298875982)
 (-0.72701060206887258,-0.80913261584323781)
 (-0.72800735981263831,-0.58320444694097873)
 (0.81748967359009361,-0.63342360322679847)
 (0.61133285128380266,-0.70891167793452159)
 (-0.63514475960967498,-0.78258288019060984)
 (0.77820917642171206,0.73311916163408675)
 (-0.72641506130712163,-0.73023299653289253)
 (-0.73970136074321402,0.75112605797131216)
 (0.67305214066220409,-0.75722699590895803)
 (0.58828133563025331,0.71608093734764777)
 (0.679988976514322,-0.57747191678015075)
 (0.73249054025414961,-0.71396867429702526)
 (0.7303877368803966,-0.73688617786530131)
 (0.72829185825657627,-0.82431267428999311)
