# Created by Octave 8.4.0, Thu Dec 11 09:47:21 2025 IST <gamana@Samsung>
# name: rayl
# type: complex matrix
# rows: 1024
# columns: 1
 (-1.2101726241771344,-1.1143193256548676)
 (-1.3042618559190464,0.25485878290358244)
 (0.15404577493703836,-0.91437101594863002)
 (-0.91895728401614085,1.3029640657185368)
 (-0.3357223120059788,0.60446704837291054)
 (0.59049907203305307,-0.14416244970370193)
 (0.0042018219641905274,-0.47116409538938231)
 (0.78852413171407676,0.21348307653575166)
 (-1.453977950702966,-1.7908457915983715)
 (0.33749235133155808,-0.90961553476681123)
 (-0.011397189089608351,0.084841573123821998)
 (0.5967273818417701,-0.11831935097378843)
 (-0.19007015575475994,-0.99759491171839976)
 (-0.0022284388558155843,0.59704457467135852)
 (-0.39232503199719593,0.067206279506844907)
 (-0.56194715230130854,-0.98966264312485441)
 (-0.10148044409201873,0.34855679979985354)
 (1.1799572632636333,0.041169400155722347)
 (1.3652773837383849,-0.16025737831208098)
 (0.7910320463815641,0.59215041168990235)
 (0.91203826714382652,-0.8857106704525155)
 (0.21264326647130649,0.29163525142143387)
 (0.87303263769416994,0.64925605693445632)
 (1.2995165987296251,-0.26528483421380433)
 (0.2413494038366322,0.10130951311813127)
 (0.37387436255757295,-1.3097999130331868)
 (-0.20928276022940617,0.75038415087221821)
 (0.38526458741033931,-0.6210755522838276)
 (-1.9852148261328773,-0.99373214935281018)
 (-1.3421494067416433,-0.28015098244487735)
 (0.75995234386111821,-0.32372497033969605)
 (-0.0976605453297828,0.74447592373066618)
 (-0.60629367164514203,0.46715414102701847)
 (0.87849379804443917,-0.89127643063912609)
 (0.47712110840974559,0.41789704352132989)
 (-0.31634588266567165,-1.8355451849958633)
 (-0.25608630978206998,-0.95137399614605944)
 (-1.1295439523465216,-0.37501338703782622)
 (-0.78707237152546572,0.53075411067531908)
 (-0.11205023870638457,-0.155038501041315)
 (-0.42647452708709366,-0.69721748845320441)
 (0.11144604859099976,0.1619095818857095)
 (-0.077902650886606944,-0.35238348103318684)
 (-0.80543243806677678,-0.41805108351063525)
 (1.1308176185953416,1.1546753688116911)
 (-0.11679943642602814,-0.75727280285764409)
 (-0.39372022664879247,-0.70212172151792207)
 (1.0346200655866755,0.35351664051434228)
 (0.45388107525749016,-0.24556154389452606)
 (0.85455816468425172,0.2781334785937481)
 (-1.7827410850508161,-0.34089875879794085)
 (-0.51032479137321252,-0.44962056248670612)
 (0.33165286634737473,0.34032008785717643)
 (0.20024184128556025,0.12719847762701816)
 (0.66028515898187168,0.34217451813504113)
 (0.70619280787678562,-1.1509520271888702)
 (-0.0032234358391646234,0.26400188115450723)
 (0.18786401137642714,0.44616536626481551)
 (0.94932356673445428,1.0244316416320551)
 (-0.77941786439123961,-1.1638798331360309)
 (-0.23761608069805734,-1.0099439982411988)
 (0.75917631102437555,-0.41613141066272974)
 (1.0718112558824922,-0.79905452111019915)
 (0.42357434175571618,-0.5062114208484334)
 (0.28621491952217876,0.1682789826386353)
 (0.22578027627031527,0.46606206256264615)
 (-2.3174279412517018,0.78958479123876035)
 (0.21121292117382273,-1.2816160267645968)
 (0.066101317890294831,0.66537508231731091)
 (-0.91616958092887546,0.38124365787814202)
 (-0.26500185054729958,0.11643186516947011)
 (-0.40602914219853636,-1.4819988874978374)
 (-0.072228553277586677,-0.45927000719048161)
 (0.30869869129289207,0.96941298932817876)
 (-0.15012352021144304,1.3505555076733946)
 (-0.19849293691502412,1.6555926099488192)
 (1.8087514676275904,-0.86704302875047701)
 (-0.49002027823861183,0.58312491896951357)
 (-0.28812852920480758,0.30878243928506566)
 (1.4623390108654883,-0.88353404348721765)
 (0.32849095628946301,-0.30060428581537701)
 (0.29118376028790394,0.8691502807352447)
 (-0.14170770258967519,-0.28760001336589519)
 (-0.010651798482616742,-0.27530130860442348)
 (-0.51128489564255242,-0.6044136630313417)
 (0.40054496387347838,-1.5318488405252433)
 (0.2880379523212076,0.8498207655299459)
 (0.3364427057480206,-0.066036456196959886)
 (-0.22635002658911157,-0.053613285723393647)
 (1.1681670256444883,-0.36747754962177659)
 (-0.76417276871349193,0.76153332485401515)
 (-0.45308952438221733,-0.12240221431957671)
 (1.0209642019807326,-0.54220797777873564)
 (-0.41802629773433142,-0.53109054232226605)
 (-0.29250708473610004,-0.14836101351215114)
 (-1.2483255430274376,-1.0247797141953092)
 (-0.92205908210062804,0.18537976612905399)
 (-0.44791015212114837,0.031622440062971657)
 (0.76452987532716166,1.0162808854050203)
 (-0.9562253115342878,-1.2163891002611724)
 (0.33232422048332982,-0.61044477365288285)
 (-0.4618227326443487,0.38133542585927671)
 (-0.69215225592367347,-0.091891817095279549)
 (0.26062552315385012,0.85073308995329633)
 (-0.30556868564953987,-0.63017651013822928)
 (-1.3409344186509606,-0.17035965805332909)
 (0.0071329621701662488,0.19637887207665466)
 (-1.0845742603427382,0.86800368775609049)
 (-0.85040918588185554,-0.046933197095527346)
 (0.26537062577734344,-0.54020941001766243)
 (0.0033269013357002386,1.1802777909086508)
 (0.30859251268487775,0.41521818807815847)
 (-0.68383697256719655,0.27819563534122627)
 (-1.3097997685225118,1.8594283411491794)
 (-0.065393301433613216,-0.37183580177742792)
 (-0.34579061520279308,-0.62112298196789428)
 (1.294787877956094,0.94362521104069919)
 (0.48559607922553516,-0.078869978101413163)
 (0.31561516954725077,0.065907595509123423)
 (-0.088453927959554202,1.536351910020932)
 (0.72090658021714804,-0.53200269047495852)
 (-0.21903712645029333,-0.86271264041895046)
 (-0.26305734061603742,0.62218533636391116)
 (-0.49608671571593643,0.88520481727658329)
 (-0.039698898240451003,-0.24921015753271583)
 (-1.1758827689519809,-0.57286449603397382)
 (0.067998658687140057,0.55444452596197746)
 (0.52929292197638078,0.066919150531653093)
 (-0.27633275115730416,0.71147827710006928)
 (-1.0829333262246104,-1.2318391969091234)
 (0.76819016559010289,2.1497558908025072)
 (0.12104773831563742,1.4453505616225713)
 (0.14747850009472502,-0.40873240495535929)
 (-0.38072773998244241,-0.62541309935874112)
 (-1.4786898369233119,1.3730903045892278)
 (-0.19872828842167509,-0.047444220815680865)
 (-0.517587194425837,0.47432814358474529)
 (0.2154730288911138,0.014098604405011664)
 (0.48695507935813481,0.99472351904422585)
 (0.97232459524918191,1.1310397648416104)
 (0.32459923986732797,1.9130002613308377)
 (0.026864009373110041,0.078917074978922558)
 (0.13399327329541358,0.050112619874058378)
 (0.39076975235892991,1.2134064207671658)
 (-0.88105350253332315,-0.39248887337708738)
 (0.76223627415762929,-1.3380634993712737)
 (0.12829343166309204,-1.4337713002575252)
 (-1.753116841554436,0.091608767604326458)
 (0.14681177863072695,0.52165476828484969)
 (-0.60177838498496616,-0.64358763052080958)
 (0.44524846957365793,-0.42151617351269621)
 (-1.0878014088728003,-1.4143998039098586)
 (-0.51744435271018197,-0.23056368530614496)
 (0.31584832353725428,0.29560182106307692)
 (-1.0598317719081054,-0.0065265770900662101)
 (-0.45263707071170856,-0.17610752682247999)
 (-0.87283906807135525,0.60691562028362667)
 (0.91472359489164168,0.31185835345082819)
 (-0.54707325724956768,0.62153548910472767)
 (0.69964490755781117,0.15966362357629438)
 (0.69920394637719063,-0.16239267375233141)
 (-0.33544933956120415,0.10691822265819056)
 (0.71176699086952988,-0.28727845131055074)
 (-0.48031313146093707,-0.62873748107070315)
 (0.60527354445770154,0.99911711223311173)
 (1.2319564596403052,0.22407690794775881)
 (0.12681175281610318,1.0856432860929648)
 (-0.27665114423892012,0.14821742635870838)
 (-1.6737416788368864,0.64439655732534706)
 (-0.17846443582332361,-0.29729110169803025)
 (-0.53630344094172411,-0.77469082191725713)
 (0.22015869611084687,0.93526622571470996)
 (-0.44550506698561693,0.98760554614944063)
 (-0.52104794048111924,-0.017597836257676025)
 (0.33021950327975935,-0.71195677316124761)
 (-0.31573679564493956,-0.56401087280958073)
 (0.088316183710638957,0.021582041108425785)
 (0.18288209325750004,-1.0178394573762786)
 (0.31331319398479796,-0.33759885039444537)
