# Created by Octave 8.4.0, Thu Dec 11 09:47:21 2025 IST <gamana@Samsung>
# name: rayl
# type: complex matrix
# rows: 1024
# columns: 1
 (-0.44861783924519549,-0.33216824736002992)
 (-0.59368224730258257,-0.37140464614696633)
 (-0.56229493448929779,-0.0062967356375941974)
 (-0.62492331221821706,0.65595384055488692)
 (0.39425001975236418,-0.063921040317797356)
 (-1.2204848588358712,1.2381425504400041)
 (0.33459202531484455,-0.85855602086139948)
 (0.25825044915361262,1.010964078704951)
 (-0.15467852212743832,0.016729040144549207)
 (-0.24982391598188383,0.010119386695474158)
 (-0.90880744723847684,-0.74913479089018664)
 (-0.32748421851019716,0.4978222314558195)
 (-0.29266046246050681,0.16328474482133321)
 (-0.50784003790378229,0.24911306350038986)
 (-0.2698036134496985,-0.39427494784599937)
 (0.92952125681350273,-0.16733803925760421)
 (-1.0498765247634367,0.087310182803268133)
 (-0.99365012961589283,0.89897222053185954)
 (-0.36173555049545975,-1.0051530982253791)
 (-0.41152240368598375,-0.48703795963051161)
 (-0.35649294199344628,0.56001881430504741)
 (1.982745906675613,0.13500397974921907)
 (-0.29429034628864287,1.1965160766369867)
 (0.086703530078261232,-0.18239184501158764)
 (-0.51555218795158408,0.094390781027412718)
 (-0.70904267191471149,-0.1039325253146578)
 (0.074569202646997346,0.6544886356013111)
 (-0.14881469337761744,0.32751390173647965)
 (1.1860174176931544,0.37012174115020929)
 (-0.048933114477047374,-0.32407551862215733)
 (-1.2549757795296663,1.3245955390898747)
 (0.17801419880051977,-1.0007977122916507)
 (-1.4044005151700931,0.061484335992943895)
 (0.11710724195713407,0.87224299363076829)
 (0.77296639651929866,0.81495129194073146)
 (-0.58594087854239529,-0.69530541891568587)
 (-0.70434627914469528,-0.23895482318989389)
 (0.88514787399819417,0.33362091554213275)
 (-0.61146617337400411,-0.01761202654235916)
 (1.1256859362378375,0.5246551090052114)
 (-0.041409823210654194,0.094473359885915847)
 (-0.01636009041095865,-0.87795774579947783)
 (0.44032938143616485,-0.34997312846075501)
 (0.71875867999271548,0.36658214846779913)
 (0.081663854374693146,1.1465542338239314)
 (-0.13316261474049051,0.62501680519921377)
 (0.43436984836532466,-0.062102117477600749)
 (-0.12878690587225955,-0.68315243107925272)
 (1.3789120522756229,0.75358499909936749)
 (0.93406304384254601,0.68979292354049926)
 (-0.92880695050300355,0.62724178644696715)
 (0.15327275816562416,0.4879504737798922)
 (0.57612183935565064,-0.41309656809376383)
 (-1.2905206951669896,0.18311684890650681)
 (0.73435876920398202,-1.2879984482066633)
 (1.0392644443118928,-0.17127246596859647)
 (-1.6509000194484429,1.2134020674284871)
 (-0.67143106720259971,0.18065340825540918)
 (-0.11512813046513334,-0.42133042394269637)
 (-0.73960098148835485,0.058111465532224849)
 (0.97751209630435409,0.66225749310422743)
 (-0.41410327463046359,0.1417000541551626)
 (1.1056883263480226,0.37182393426138372)
 (0.58540469477827273,-0.31882251809883655)
 (0.52272633684450631,-0.93908768316169211)
 (-0.10680368531048229,-0.86480092608535353)
 (1.0654582460011373,-0.17373179275974437)
 (-0.0019311972571459113,-0.303436548784698)
 (0.59048808446365508,-0.11279969556920952)
 (-0.52390743771713388,-0.22379445567886694)
 (1.0309554415698936,-0.40370488410849314)
 (-0.70934433539874286,-0.55314630445284363)
 (-0.22078305398808906,-1.6193187377958664)
 (-1.1304935407781076,0.2689323909702398)
 (-1.3961167996027066,0.23114942995914922)
 (0.15409205373538212,0.40784075317690927)
 (-0.80635063267173146,0.10523742958148863)
 (-1.0412506777018629,0.11380970299905663)
 (-0.82247366099668306,-0.089992135597824596)
 (-0.43387115867998399,-0.53627856913738925)
 (0.22887397913157043,0.37896873508451673)
 (0.12192710113591787,-0.35507528747226602)
 (-0.79999506880979421,0.94677514012674002)
 (0.3425732905365716,0.720206949752623)
 (-0.68496599847682216,-0.38427370065182109)
 (-0.57542099876842201,0.25863947589703412)
 (-1.1186731969454735,0.60485606301715722)
 (-0.15030593502894563,0.31513133832101303)
 (-0.56784522191446229,-0.62727440759045971)
 (0.6260687738395635,-0.20014587294161448)
 (-0.59235645388446878,-0.39923642892904709)
 (-0.32784191888733194,-0.79228612526562292)
 (0.48031094647255917,0.45550956015462002)
 (-0.61524930544459067,-0.80405918157891443)
 (0.26520756936282958,0.12862106303578169)
 (-0.80236491214560379,1.4221294319294131)
 (-0.16036144996279073,0.085709428171893781)
 (0.11587453029987571,-0.64768237895847613)
 (-0.4197850003828949,0.93422351652627555)
 (-0.76103252770124408,-1.5123863022798041)
 (0.75230167677885129,0.56571589088092522)
 (-0.15863601470695687,0.021986284442084295)
 (0.053953652691219656,-0.28196626421922427)
 (-0.177114307142477,-0.2051301515748683)
 (0.6740474238333678,-0.8950826829776124)
 (-0.14194917737840146,-0.83112056878755536)
 (-0.17845624077271105,-2.1130790699545132)
 (0.34200139989340705,0.5071796064433064)
 (0.64767797099463387,0.45740954697517805)
 (-0.046118349379296861,0.099329075944306414)
 (0.1678978813335516,0.27590869991194583)
 (-0.57829596884088308,0.74968547203846647)
 (0.9045581600849748,0.75726765195542267)
 (-0.52951282380492948,-1.6239405301984684)
 (0.33441097814133292,-0.040441829165519111)
 (0.3439341337654393,0.30743948101078727)
 (-0.039733566725913744,0.30820911250790028)
 (0.47107987702959081,-0.013284406293531004)
 (0.079835041529112111,-0.17162924220552658)
 (0.87732126179273295,1.1719932722334381)
 (0.25121921574715322,-0.18084382185296649)
 (-0.21981398470540714,-1.2527556634366581)
 (-0.60344855465183755,-1.6141141133639296)
 (-1.3846936820748281,0.37564168552751942)
 (1.241364560564266,-0.16917119415128712)
 (0.1934908716139577,-0.31368886101918636)
 (-0.98030824074925349,-0.17113571670077776)
 (-0.13152847220771641,0.25141699582795918)
 (-0.53562765095542753,-0.52692524722968914)
 (0.24452510964717733,1.284264788967131)
 (-0.31417946859432616,-0.57220568548071182)
 (0.23397139644496451,-0.48902794577337622)
 (0.97389276443601935,0.11905272992015864)
 (0.5844720066327278,0.73687231592756985)
 (-0.45373563539534495,0.16586334946329423)
 (0.45089376987541863,0.25571265395593634)
 (-0.076052348767317535,-0.54498692818575734)
 (0.63771721743733756,1.2254710246633969)
 (-0.53203549408000483,-0.11825093557835434)
 (0.78344319370527626,0.33655732345300782)
 (-1.1939670116489043,-0.27048046020226751)
 (-1.3540146357676655,-0.95600660420185524)
 (-0.22145489625344519,-0.1935627656426693)
 (-1.2193675538170647,-0.45979706099249612)
 (-0.64595531963887054,-0.2386332261272871)
 (0.86368093261613677,0.32870339346124045)
 (0.18664829269220473,0.65151857786371159)
 (-0.10855967954507385,0.076733298390691387)
 (-0.064341414035570643,-0.75537289792824769)
 (0.79271982133194729,-0.2149460076111594)
 (-0.52055653476114339,1.1973265743110846)
 (0.5329606184395439,-0.66003421228788306)
 (0.89666152921629338,-0.474154820286326)
 (0.06197560291251264,-0.46260390543029911)
 (-1.1416203398834319,-0.26623067989305427)
 (-1.3411301453370199,-0.30023262534603268)
 (-0.85316627296511549,0.85964656240802095)
 (-0.039262453002085085,0.58584362782980814)
 (-0.059991118678715448,-0.1605603799160229)
 (-0.34451078663731,0.22382582269766046)
 (-0.15485959925219853,-0.46211466958238923)
 (-0.80382696391524122,-1.2306825000860875)
 (-0.0021712882997616534,1.1459956109333413)
 (-0.32726829310516914,0.87999034801467713)
 (-0.25286836980585536,0.64150870813294703)
 (-0.035981810833996763,0.86969565346256938)
 (-0.84589981488947363,0.38565896227948615)
 (-0.3041662993684181,0.20816651444228959)
 (1.0281541739959765,0.21770558426938458)
 (0.42383993471867276,0.34054210182956024)
 (1.3460232817010305,0.66797449098330008)
 (-0.51175133380301896,-0.60398132407965022)
 (-0.99067450338121432,-0.39377193244915021)
 (-1.0257842706033353,-0.071736075785530484)
 (-0.31885578822672267,-1.2531461089777121)
 (0.42778723673218821,0.75137611619089628)
 (0.02529350949539777,-0.66322028529768717)
 (0.63372085877447015,0.42369290255210151)
 (1.0361991081166864,-0.26523990210737081)
