# Created by Octave 8.4.0, Thu Dec 11 09:47:21 2025 IST <gamana@Samsung>
# name: awgn20
# type: complex matrix
# rows: 1024
# columns: 1
 (0.65887622331894402,0.65686195672731484)
 (0.6764770045670202,0.56551645686645224)
 (0.76400894257045748,-0.63658718571730688)
 (-0.7647819004083245,-0.74095309928010633)
 (0.70538829375020817,-0.73804072503625118)
 (-0.7685620699093082,-0.68014470815931738)
 (0.62963431198931585,-0.654165822678894)
 (0.90993276133309076,0.72415060888452731)
 (-0.73566946315236859,-0.79256600209910644)
 (0.68289489277273174,0.65000561953090452)
 (-0.57176685392571225,-0.66394017234955383)
 (0.65381663951964897,0.72241083933005001)
 (-0.6659124915672352,0.68337722507814358)
 (-0.65667830960695472,-0.81491416292732155)
 (-0.66085333057346984,0.78095137945534088)
 (0.56068968649090867,-0.84786436879867455)
 (0.67877357679638883,0.73111019068259508)
 (-0.76402303514557346,-0.61628184319617207)
 (0.8208295606734658,0.70869385561295672)
 (0.636092900928939,-0.82870192856504876)
 (0.73955131171716026,-0.7010907786770294)
 (0.62858237408372375,-0.60592253004523788)
 (0.72324675934666882,-0.6051955708102934)
 (-0.63372628097695183,0.63891633370168521)
 (0.64235156729385656,0.68753352472240048)
 (-0.69479123090611861,0.73945433248137971)
 (-0.77648089669509468,-0.64314920083812155)
 (-0.67575516866925034,-0.75671370020194428)
 (-0.61407817034865297,0.64156229703264844)
 (0.60628853885253298,0.76727405801386128)
 (0.52718569680333405,-0.63248742662247592)
 (-0.57562039911029084,-0.74727545810792295)
 (-0.733001115506136,0.80445462708769888)
 (0.59584992242462653,-0.60658796655284186)
 (-0.70269838947864927,0.74871758803200783)
 (0.79724576856020457,0.75948650869403922)
 (-0.7101276342049887,0.82170342048120681)
 (0.73280994332540139,0.71745097760935583)
 (0.69211816572256035,0.84151065678539028)
 (0.78910189230178818,0.77854328716657684)
 (0.6950762560458501,-0.61355750252383401)
 (-0.71957875570951535,0.67346014448206593)
 (0.63769340182663437,-0.69093911582074963)
 (-0.77016827123273368,0.6753129133124206)
 (-0.62107071995160468,0.82595694327969083)
 (-0.77031454360554785,-0.65587412351314134)
 (-0.63781042672611399,-0.70505561541337647)
 (-0.75556373885542616,0.77997731046686225)
 (-0.72250740335567365,-0.66341176847090333)
 (-0.70547774078938774,0.65400672026453477)
 (0.5985317891891907,-0.68334770768087871)
 (-0.70779321795166505,0.73135051733475909)
 (-0.73818114028874859,-0.77211671284330485)
 (-0.56798505227814455,-0.81291926443448803)
 (0.70632547768415277,0.63839106862806216)
 (0.69817236252390036,-0.68848002488754645)
 (-0.74056197714681327,0.59060259919378644)
 (-0.77274245270219877,-0.61025140708839143)
 (-0.70718000670285741,0.72380827099119149)
 (0.62947026772088621,-0.71024501034888643)
 (-0.69225851915996961,0.68167589456997013)
 (0.71656554962572483,0.79473188069016498)
 (-0.6688814834398582,0.60941657664379911)
 (-0.73425197672056142,-0.75655968181971711)
 (-0.68804371268289855,0.74645433415296403)
 (-0.68689464899731467,0.8295484158957579)
 (0.70199419418212283,-0.79642289793904519)
 (-0.76001330485504526,-0.63828576393972425)
 (0.69268231624596788,0.68842871855492094)
 (-0.87381374319355865,-0.63622214136976374)
 (0.6758611079171496,0.5912632520213168)
 (0.70280447033764515,0.66180654214399892)
 (-0.57281289160608395,0.67818987647601991)
 (-0.61701684476768559,0.70325510583438711)
 (-0.77293961987366577,0.70976758535839379)
 (-0.64049674232287035,0.68870524963730251)
 (-0.63990831822881955,0.69995404688074514)
 (0.66766420198863685,-0.60596370201467953)
 (0.66119064781658421,-0.63957118396587098)
 (0.65659957999124763,-0.86044734960144353)
 (-0.67955965984202904,0.86447637107790687)
 (0.61886307699796306,0.6850356323292035)
 (0.68591335897337202,0.74163912747136107)
 (-0.76042683876524619,0.66730810328922319)
 (-0.70880544040950832,0.66566731022317893)
 (0.77362671652101689,-0.6557116798433188)
 (-0.74055193048216961,0.72824490909256101)
 (0.76762231369041478,0.70012374340917993)
 (-0.69296911621094692,0.66092764332505238)
 (-0.69995815083227708,-0.68649398275261819)
 (-0.66340932158768062,0.77548366292666671)
 (-0.59381113668469987,0.73224502608910824)
 (0.71325788778674692,0.68965569348343037)
 (-0.62288034492136435,0.74474018423625932)
 (0.72126563277190137,-0.62894270984086731)
 (0.72487694046873974,-0.66287268899460072)
 (-0.57780086913642137,0.82162228622480471)
 (0.60911937695127549,0.65482758228446758)
 (-0.77563758385449422,0.73030600662226186)
 (0.75443160427437783,-0.71333031005398695)
 (0.69176211765103424,0.86855426466945951)
 (-0.65103639983731498,0.70208726245993613)
 (0.62440195239756091,0.77479582383363887)
 (0.66037108010525281,0.65031642219593544)
 (0.80910230144286621,0.58473160679865388)
 (-0.70964679078262538,-0.73324361218117229)
 (0.80370212481052772,-0.71199958196269053)
 (0.69862583671744916,-0.90385456400115594)
 (-0.6808242810290398,0.610663752691884)
 (-0.66374319398567305,-0.67043740900004545)
 (-0.65886208445888794,0.59371108123485716)
 (0.65761341200308565,-0.85223966284339414)
 (0.62749463120035798,0.71653018226081233)
 (-0.57826325112779253,-0.79566652254868564)
 (0.56629208977795786,0.69419614497130655)
 (0.7706725164414362,0.67984915518597944)
 (0.66471479563848945,0.89610972259614374)
 (0.74787958368022045,0.77509975551381372)
 (0.79672816123256063,0.73694479441112182)
 (-0.61553622375422834,-0.65621042188587519)
 (-0.63868492607538196,-0.71784893506881542)
 (-0.66727098421495767,0.78931078571986502)
 (0.69345779762910398,-0.78622376056472554)
 (-0.5253019675722147,-0.59268269123611339)
 (-0.58977272943586079,-0.65240624175399808)
 (0.74000612779604891,0.65113466969250744)
 (-0.67318279317034424,0.71354687743542911)
 (-0.66963561772679625,0.71798260958062898)
 (0.67938648932289059,0.71334940886185449)
 (-0.743307448535802,-0.70727938066254836)
 (0.58090615132953027,0.69627169672140954)
 (0.69003287278365533,0.66438504169965307)
 (0.7214649217973863,-0.8998396942277479)
 (-0.76416157999398837,0.71822092222641087)
 (0.65005886139517344,-0.76978470290243117)
 (-0.80173120328993974,0.63648196297569348)
 (-0.73346464236372155,0.6099978609552803)
 (0.80185253588816419,-0.73596315124265288)
 (0.82687390906034697,0.64705955960730677)
 (0.64689705579426315,-0.65032433496218711)
 (-0.55758273620057808,0.70991335915526466)
 (-0.57880409896889651,0.69235387217497424)
 (-0.7059271406318357,-0.71250532266425659)
 (-0.77052320824770715,0.71142368890873042)
 (-0.75998577114391319,0.74777879874630704)
 (0.74264050445824981,0.78586127985328269)
 (0.79719573185980663,0.56831695927117498)
 (0.63050421139699431,-0.63811960185740402)
 (0.78440525919315063,0.77989200668738334)
 (0.72292332965758566,0.7663928462749654)
 (-0.7644158499713487,0.63003321406304069)
 (0.65736587060896245,-0.81990524373113682)
 (0.78551992304549279,0.68322997127151863)
 (-0.81503419994015247,0.76433446883602207)
 (-0.6586600718657637,-0.71477400904368804)
 (-0.74309965649157061,0.57480667827077292)
 (-0.61088672411104461,0.79495903557807501)
 (0.78939851298734853,-0.71688055510944126)
 (0.59866939831716903,-0.74870227463714845)
 (-0.64578680894722051,0.51876009252931199)
 (-0.79247600980439858,0.714908573891326)
 (0.73377023794954921,-0.68795022149935992)
 (0.6369975244153967,0.68362069687285776)
 (0.68013950728027783,-0.71318002010992376)
 (-0.79662630595567985,0.74326736192577891)
 (-0.72405352814207491,0.68199699704118855)
 (0.76845590674415298,0.56781684357204654)
 (0.84417523598234101,-0.73325918499132814)
 (-0.79085688718437119,0.83412399800855996)
 (0.70491283274008276,-0.78019355524155709)
 (-0.6976938265738587,0.66625092750279924)
 (-0.64250111253072884,-0.72901204574852607)
 (-0.75554231007963513,0.71168964803138446)
 (-0.6961892472725163,-0.58883018485733274)
 (-0.59701525257396748,-0.65197910603245224)
 (-0.56317187475989794,-0.76526208599419498)
 (0.53574306615665657,0.72393238497541867)
 (0.66479211964419749,0.6713099509302507)
 (-0.75306092189085672,-0.72848620567426747)
