# Created by Octave 8.4.0, Thu Dec 11 09:47:21 2025 IST <gamana@Samsung>
# name: rayl
# type: complex matrix
# rows: 1024
# columns: 1
 (-0.47611785590324113,0.35069648650722646)
 (1.273317557330734,0.76598388361721081)
 (-0.56641599671121812,0.16324742632672698)
 (-0.90880328618806805,-0.48316235732656831)
 (-0.46912915849182707,-0.60933673737655958)
 (-0.096368566496838504,-1.0919657971073475)
 (-1.4468706440147221,-0.65868166854634369)
 (0.074105647930603702,-0.61419633816364494)
 (0.11921483058365182,0.045514209903908927)
 (0.23862530704051774,0.66102471071282565)
 (1.015623302494864,-0.4499130020342102)
 (0.15621513937854564,-0.13451678820526125)
 (0.24523867240968616,-0.11272417090283617)
 (0.32129917217282711,0.074196338848252497)
 (-0.22538862605510335,-1.4666704723973161)
 (0.54399761717774708,0.30050395279218545)
 (-0.15371109829036003,0.31710867897836525)
 (-0.1164554191346986,-0.088827944618608587)
 (-1.1390530833561625,-0.30224480127372444)
 (1.9871210271600985,-0.81458073265040354)
 (0.87015141396145823,1.5781837833320513)
 (-1.0571407548298337,-0.18098474170402901)
 (-0.75803193765575072,0.47023601166747087)
 (0.30618684441415428,0.68482804848523959)
 (-0.035035179213113721,-0.42135325544157409)
 (1.1977569366534042,0.83129657911381427)
 (-0.23550257228695554,-0.37639437354909716)
 (-0.016765468432836939,0.6554834469592008)
 (0.99698130106413818,0.30785674857272816)
 (-0.19415476133293963,-1.2536699674890501)
 (-0.56017098186469028,0.24890142225234393)
 (-0.56808455497322197,0.21824964555507864)
 (-0.519586712136617,-1.7706633472195943)
 (-1.2341474695238031,0.34028426064502215)
 (1.4648828971218268,0.60001427263262175)
 (-0.37289995312858659,-0.042007032579409409)
 (0.63651808421966571,-1.2161459668571903)
 (0.09192210872181189,0.39364432659694176)
 (-0.24440102469449979,-0.10313140908090415)
 (-0.17347407087427197,0.027850701595136126)
 (0.38434664909237187,0.41955545127027544)
 (-0.72992475508895116,0.25027073359072832)
 (0.50393847383586787,-0.64676905948866059)
 (0.94408993276392428,1.5102229210815734)
 (-0.26025492301508946,-0.11812985185027)
 (0.60008335608266594,-1.3394397677787793)
 (-1.1410176607320217,-0.79884319426131256)
 (1.1754936411337293,-1.5203634283671581)
 (-0.52538810545037351,-0.022464434101343578)
 (-0.41132743163550534,-0.58499234525852228)
 (-0.44014082023302109,0.93183430814141532)
 (-0.42120556291991557,-0.36960896555179218)
 (0.17716849501852339,-0.44115378525990911)
 (-0.44346620105610191,0.20624242521570246)
 (0.40722407690064516,0.28679574852146689)
 (0.36216388590590121,0.32387758932622379)
 (0.15585100685544045,-0.51787958252171729)
 (-0.61066686095959521,-0.94249804165661832)
 (-0.60593880448128057,0.91592958733398167)
 (0.25928360377528581,-0.37676908084496541)
 (-0.30500977560004222,-0.16159066880018785)
 (-1.1330714057838083,1.6505752468268475)
 (0.17680326867229151,-1.1430185105549182)
 (0.56672608042585082,-0.26653769504057312)
 (1.0562661202325558,-0.29834776876200481)
 (-1.2075777915345318,-0.18183122377345384)
 (-0.44034752549602219,0.98473919516293995)
 (0.30493025509650556,0.18255954759029464)
 (1.2514218659877965,-0.71957040234207015)
 (0.87880202916664629,0.068155026482979664)
 (-0.6436048086086702,1.3237319028103105)
 (-0.031303064884057458,0.52212278898068154)
 (1.2307451234604199,0.095911179648507816)
 (-0.21966383470853151,0.92031707290741727)
 (-0.8393306950858983,0.19132058860030826)
 (-0.66414261758177418,-1.7403520211205246)
 (0.023987677046045319,-1.4042444616123388)
 (-0.33683801887774495,0.32888441005866081)
 (0.37493402077174487,-0.033631891511599427)
 (0.45507200575482809,0.4698733622895549)
 (-0.10784743765577876,0.96845780404489124)
 (1.0067047108484624,0.15050106696114407)
 (-2.5239275768199709,0.50035386213443966)
 (-0.22463264207334208,0.20498841159314621)
 (0.62954097278935661,0.57567207933116449)
 (0.26650563857810355,0.94336826649337846)
 (0.42533417574577193,0.39921529095295982)
 (0.30736118104008064,0.84457096635072304)
 (-1.2689794648677626,-0.0054733734075800289)
 (-0.59396116191694381,-1.2889267140067533)
 (0.7301704295064253,-0.052919140371946116)
 (-0.43094453842147756,-0.60247938040767457)
 (1.1691086562534352,1.0991658437550731)
 (-0.33449553272180038,-0.13197463111373875)
 (-0.042954656264592127,-0.050430155205935391)
 (0.078213109387043289,-0.19051101248018754)
 (-0.58016771159366076,-0.58106146434107897)
 (-0.14777442078954114,-0.41562608105107257)
 (0.038574937850173276,0.032406136052916319)
 (-0.58788202727107053,0.55741474403169966)
 (-0.42492283852062002,0.99336965038346925)
 (0.40781123332089581,-1.1302160683317222)
 (0.55459833054542973,-0.25806541459855847)
 (0.61368406024274558,0.12783062261978778)
 (-0.37826909630873401,-0.19493489708416706)
 (0.60941726862119894,1.2184757411748002)
 (-0.17594706585783176,0.84277152383659915)
 (-0.56938961648853437,0.5280359267997472)
 (0.56681549465239023,-1.2112441662491575)
 (-1.0239528447783521,-0.20040624026280912)
 (-0.79560190816789311,0.60704096341830893)
 (0.76622022210455176,-0.30182283224950179)
 (-0.40040543049115512,-0.38288507951302181)
 (1.4019476151002752,1.0819595224672887)
 (-0.57645433017802028,0.23427689811191346)
 (-0.87051155863278473,0.83136982293764827)
 (0.60030420002102369,-0.96974752097987738)
 (1.3591071698332595,0.6668352302699867)
 (-0.40864855068580086,-1.099246231599798)
 (-0.29430978624331694,0.79407966534133567)
 (0.87610824599382475,-0.45972153892259765)
 (0.5526708977816509,0.63998454617432177)
 (1.0594576589537605,-0.079486391695460179)
 (0.86204748509781259,-1.043083072698094)
 (0.45235931711313776,0.55549931400759611)
 (-0.38780295149276667,-0.75890857035269088)
 (-0.86208317218799546,0.33645904801458737)
 (0.74599428284575364,-0.91165194658167714)
 (1.6316217418003824,-0.027385665658113068)
 (0.73835214050174991,-0.5152143628012098)
 (0.90709096280436252,-0.38405443854583987)
 (1.5293162040999624,0.15408567741188695)
 (0.4870762025068045,0.26274625754254965)
 (-0.27121701492346029,-1.2727660479525504)
 (0.0085589440557434782,0.85651204773435774)
 (0.25766311870388597,-0.055093789274753183)
 (0.30887510233505461,0.88254587671089202)
 (0.17239598434489806,-0.034148503225956958)
 (-0.65528667760635073,0.23583130971468033)
 (1.0136475180155939,-0.2229230980018137)
 (0.29802255786121246,0.79334557804107286)
 (0.0073421644274155318,0.91777262314713148)
 (0.89206952362820946,0.87186325603538317)
 (-1.248597421163304,-1.1158579805832356)
 (2.530482565760289,-2.3367928493977339)
 (-0.14476621887296393,-0.41745254952731348)
 (0.051323315469784303,2.4797397849439031)
 (0.47922874501653956,-1.7229415308099205)
 (0.33398014124262965,0.050380357791982133)
 (-1.0478777758729521,1.0182949628749294)
 (-0.2086573496884582,-0.30597803275033497)
 (-2.0634479483223749,0.40403562422800199)
 (-1.3065997835572301,-0.46837992447872467)
 (-0.91953863924806756,0.26421700083624561)
 (-0.78989993337854558,0.74152306795798795)
 (1.0734344588785714,-0.182320413271916)
 (0.50870594815361081,-0.55183817036110783)
 (-0.12875056460637191,0.73714207605066273)
 (-0.75765254876285337,-0.33156810971042638)
 (0.35603174279379834,-0.049178274278366213)
 (0.089504170111232129,1.2440783376106599)
 (-0.20132245490120942,0.63331910592922269)
 (-2.0549065063811458,0.61728553652365015)
 (0.93640845080008217,-0.85649376852969528)
 (0.25067513422386789,-0.73426969798787578)
 (-0.89766592809169343,-0.53863408296285242)
 (0.86632518582748241,0.39161368394264506)
 (0.083995700232952358,-0.47303580892366159)
 (-0.01403271558911201,-0.59772982886535819)
 (-0.69204105440040919,-0.21320519442251623)
 (-1.0191757094182157,-1.3093075280077595)
 (0.36424429392232116,-0.55787356243594366)
 (-0.28894807025948621,-0.55096392395124516)
 (-0.171198869323545,0.32968883603732857)
 (-0.37140515477732328,-0.05688255097988279)
 (1.7556522690799312,0.65514572167461849)
 (0.009875936710163763,0.070009172563956015)
 (0.9510407274974112,0.48689954142727265)
 (0.27762703463123539,0.94534467587389803)
 (-0.21309931423396716,-0.24512888081258938)
