# Created by Octave 8.4.0, Thu Dec 11 09:47:21 2025 IST <gamana@Samsung>
# name: rician
# type: complex matrix
# rows: 1024
# columns: 1
 (-0.12471888472599491,1.2989668481357119)
 (-1.2658143336679961,0.54252193593987796)
 (0.51098490468197011,-0.78327409842504903)
 (-1.1206362766057572,-0.55460463093824053)
 (0.29585867686271039,0.44821432970363673)
 (-0.78692112673256198,-0.25874817897738406)
 (-0.53603088457843973,-1.2689103619543465)
 (-0.47913229133250862,-0.67840420445062988)
 (-0.040680194433969419,-1.0682340066539051)
 (-0.18596360438519227,0.98150843051900694)
 (0.37449887083831268,-0.47536996493970407)
 (0.74212959274335277,0.60025429057416868)
 (-0.92175564670740129,0.66288395899675501)
 (0.67766269604770168,-0.92479303227776266)
 (0.62553117797246138,0.51702460031058706)
 (0.45523974537094247,-0.22011830494176446)
 (-0.74525434498344523,0.55844683777267901)
 (0.79008255468162858,0.48549105592914077)
 (0.35512172435770928,1.4399570333878771)
 (-1.1459070154813453,0.40206046998470679)
 (-0.56240453230054976,-0.94180081171130792)
 (-0.35559583703862085,0.74977743904683025)
 (-0.089843478565058921,-0.75067913997935098)
 (0.35995047623947768,-0.39523348380919326)
 (-0.23328355841114815,-0.12956713060305017)
 (1.0364645066813953,-1.2482194249621219)
 (0.83122030613029219,0.70665794548533223)
 (-0.017181410404275371,0.30718265847442872)
 (-0.81032541298054206,0.89589427476926142)
 (1.0161384384960179,0.19723988188549579)
 (0.18827491752247033,-1.0838531329582177)
 (0.15574261830264924,1.1071428128760012)
 (-0.85994192799646541,-1.1172370457072345)
 (0.54047828491035688,0.70643247089196937)
 (-0.17984044414950295,-0.37441558153015431)
 (0.39591882197307821,0.77610226033376062)
 (-0.53775866649845083,-1.1017491121550267)
 (0.69247869624895753,0.40424641866617828)
 (-0.60611026441016236,-0.83798314434510401)
 (-0.42457354312495382,1.3247888320738883)
 (0.35184527390398662,-1.0530054406414957)
 (-0.70163277329434459,-0.44063378655774454)
 (-0.66350152021890019,-0.42576904697964701)
 (-0.26267055478546286,0.38862625577744503)
 (-0.4380805449504957,0.68912145364345223)
 (-0.49794508498106521,0.71835260698266157)
 (-0.17640384687368738,-0.56862249248997609)
 (-0.0077674819809370188,0.49334207172188838)
 (-1.0986900829991271,0.14881339377616343)
 (0.15534401361025507,-0.66248799099943789)
 (-0.83160796174260865,-0.82095978598347208)
 (-0.088010298678233123,-0.9167037787671839)
 (-0.64658066026658301,-0.44576750413502964)
 (0.18391503320515168,-1.2025410106589249)
 (1.2579320503914426,-0.80873710869673743)
 (-0.19587484615343567,-0.20776447607645962)
 (0.77435888981602741,-0.64158825423969712)
 (0.16746651731551582,0.77495658123264355)
 (0.99743352530788654,-0.29839259983493588)
 (-0.94825598798395894,-1.0094362144844813)
 (1.167370876954418,0.8633050871661091)
 (-0.68995571913841736,-0.88816278358475964)
 (-0.37882391465199511,-0.095519738627293571)
 (-0.96144516473318631,-0.40771322518593567)
 (0.68471270496165326,0.6635292757209128)
 (0.78575507319819682,1.1609857772656644)
 (-0.58307295954718064,-1.1239626032353029)
 (-0.074684961692109392,-0.48549382460026613)
 (0.24505921603337891,-0.25927393265893606)
 (-0.88235273057533736,-0.76558664778736785)
 (0.49946979464086672,0.177879401110416)
 (0.61481249072615274,-0.43781860925137406)
 (-1.1909422066830337,-0.70262297301862353)
 (0.33613833562455975,-0.96872602578693789)
 (-0.89363360095436339,-0.82316050631627113)
 (-0.64122588082552279,-1.0411608121265836)
 (-0.49958503852287833,-0.57319757928235815)
 (-0.62068825817568585,-1.0197949906675741)
 (0.47127404274441009,0.96234713851708908)
 (1.2085615639318998,-0.62376811735847704)
 (-0.13643533526122653,0.37938356074276924)
 (0.30411607526312656,1.2431587608143797)
 (0.28083793245685185,0.57030304552294453)
 (0.60474479414574067,0.30197336276363129)
 (1.3191676938909005,-0.11335874369458898)
 (0.28153101777807732,0.52559173577160223)
 (0.364618379207025,0.83358033109327301)
 (1.1116699588834247,0.69005685665780814)
 (0.49261430649277443,0.65471457926544185)
 (0.99903740925314533,0.88379141329640576)
 (1.0857718144480188,0.2971393562229192)
 (0.52834306080834426,-0.77345144720418169)
 (1.0592139296843515,-0.85244437052607802)
 (0.80195013003976001,-0.37366669365765137)
 (0.9141493584949546,1.2772527403226284)
 (0.87060817840414539,0.30558175836770884)
 (-1.0875728957032569,0.81607861355941147)
 (-0.15948529597812758,-0.46374858565614674)
 (0.81824220410325677,0.78786315459724154)
 (0.88285527625559879,0.53594787086067308)
 (-0.53300481299873681,1.0624134281374726)
 (0.10535432111982826,0.18388233174310256)
 (-0.60735717564309388,-0.52096354516461651)
 (0.54277365383945031,-0.54969100698913054)
 (-1.0915426012568477,-0.78820703200496978)
 (0.48482646388084805,-0.7179934154626092)
 (0.014577119720914744,-0.40539501325593164)
 (0.46147769279093637,0.95469699287188159)
 (-0.77605615495294222,-1.0303295369853323)
 (0.87238840277498808,-0.070303174999418183)
 (1.0555001606340284,1.0497072795275686)
 (0.78722018437175523,0.1882130967345414)
 (-0.30739201548144157,0.651240504850227)
 (-1.0230048554078515,-0.8063040898206465)
 (0.066445395188863249,-0.45009954983811162)
 (0.3283325455881293,-0.5233198712270779)
 (-0.49437607961022212,-0.79452406284710841)
 (0.068599451411365586,-0.7735551848627199)
 (-0.13265108236491946,0.77269139231554296)
 (0.25470540398344277,-0.53829364478085284)
 (-0.90260046445575215,0.79292153427684475)
 (0.6974280473416461,-0.87306938431896497)
 (0.26422876344177681,0.42758124328451286)
 (0.89880505936411581,0.83001228133706839)
 (-0.97104146622301557,-0.51261889012196948)
 (-1.095468012364774,-0.30773202119822352)
 (0.98938535446447429,-0.25908855245311202)
 (0.58742275308720293,1.3032203258455368)
 (0.47789545190557409,-0.24357874129815887)
 (-0.96279892028607383,0.43232229815958978)
 (-0.98073450602672163,-0.72791921788287706)
 (-0.6419662734278887,0.66440117997791492)
 (-0.38873949910352634,0.26932201344317619)
 (0.48680832186901668,-0.1142221209978124)
 (-0.38938599602295021,-0.11089576581104521)
 (-1.3460409808918292,-0.38244276647311465)
 (-0.17956680172360037,0.66472011036622169)
 (0.49804986765546355,-0.48954039992028797)
 (-1.0033540921422137,0.84696817510853672)
 (0.96621886197540197,0.81497329730123935)
 (0.40325112037991001,-0.68797966210645556)
 (-0.065626765827994427,-0.73001850989804773)
 (0.43375135017208838,-0.44830161394654305)
 (0.22304150363029018,-1.419436255714922)
 (1.1823372254492339,0.96598417808402282)
 (0.40398506827811481,-0.15308150239804891)
 (0.12749111016520115,-0.83090411365726502)
 (0.24993193813132031,0.81206848425582545)
 (-0.33093235324411124,0.42340032491164487)
 (0.72923095113856962,-0.38711542985168912)
 (-0.99348157759952671,0.0041541419784124622)
 (0.28460027405452387,0.77629265535917913)
 (0.74437362752251512,-0.045595967180378505)
 (0.5651958971679476,-0.96739903522142923)
 (0.94968079480323286,0.37620204948938268)
 (0.30317964644122364,-0.67020747145891491)
 (-0.90671516703431509,-0.75981196286434127)
 (0.22753757093472782,-0.62793927356723622)
 (-0.41895145644706389,-0.087886116198208741)
 (0.67374372433836893,-0.43788506275528655)
 (-0.80087048740573086,0.77045718607060332)
 (-0.81756015277245198,-0.52491129620244747)
 (0.82133074310605481,0.61891192099532311)
 (0.43682831405816036,0.18656418969894498)
 (-0.88068108637580622,0.67058873623085902)
 (-0.50446511447674891,0.45382184732910413)
 (0.61862547830901315,-0.3948814602353975)
 (0.62340852382934531,0.86406007923806982)
 (1.0010116697192624,-0.38225956499356256)
 (-0.72786747309556876,0.21040339896419785)
 (-0.66030572836279466,0.50520322116324712)
 (-0.67680260048806395,0.8812456309367277)
 (0.22817043914648,1.1661708756067859)
 (-0.17414167236887518,1.0356547977198982)
 (0.63103689183748468,-1.0376015688717182)
 (0.49041230314614465,1.0103984380482429)
 (-0.60030743928851749,1.1411431925542288)
 (0.84970789670467806,-0.26897155189735966)
 (-0.17662784396588677,0.93612719585093362)
 (-0.14156589535391934,0.30127461579714665)
