# Created by Octave 8.4.0, Thu Dec 11 09:47:21 2025 IST <gamana@Samsung>
# name: rayl
# type: complex matrix
# rows: 1024
# columns: 1
 (0.2986456476900311,-1.8405011026821194)
 (0.61450870470497332,0.0026031719071620829)
 (-0.17897223822525424,-0.6020128566785593)
 (-2.3485875212963121,-1.5107066734396501)
 (0.9037211521293651,-0.096224705287135504)
 (0.39853583638825307,-0.025865684434094233)
 (0.58724693376882309,0.28305964454519661)
 (0.12794526391742436,0.57947626287839027)
 (-0.89807289485026942,0.57769131790720407)
 (-0.19565708644160473,-0.33106099086780227)
 (0.27456298791383488,-0.65411018829447465)
 (1.2945317182887315,1.1336226429472471)
 (-0.26583170658262212,-1.9615259794958124)
 (-0.82753513347300489,-0.46566030703293715)
 (0.16577367181993874,-1.2589797027895329)
 (-1.1605290253423448,-0.010100784325927536)
 (-0.35671518072461017,0.97772659227406444)
 (0.075774365534334032,0.35590836339191645)
 (0.17148376325516598,0.055100745418176618)
 (0.056414741700536827,0.092775823356003081)
 (-0.52067745555549605,1.0541263635456304)
 (-0.16637158485113679,-0.38624083695764477)
 (-0.37550173829570349,-0.42445088382853152)
 (-1.3010077234353137,0.050980547016839961)
 (0.87027395790739037,-0.23174056145966576)
 (-0.59967770343935989,0.16833830251007886)
 (0.84037914921574197,-0.10649238307299441)
 (-0.14654537149750274,-0.50938548849750243)
 (-0.9229900557884485,-1.2300387061685778)
 (-1.3900824998165429,0.42792468011903234)
 (-0.69212368528246682,-0.42007618532953295)
 (0.57056016669323117,0.73657485250203969)
 (0.85065034806281248,0.60228528888676114)
 (1.3116646614476553,0.72344589649073088)
 (0.94719398010875688,-0.97845876044344526)
 (0.34397750999300525,0.82757484301371009)
 (0.10230057016453192,0.91111452841779572)
 (-0.63652777088407086,0.2574828210987164)
 (-0.20140716842304646,-0.87273950830232239)
 (0.12380678094597967,-0.2497371168678465)
 (-1.0739846864011904,0.22893113093683287)
 (-0.087988216130284735,-0.22397404315865016)
 (-1.2354419233538256,-0.036207467068614552)
 (0.39556105167260386,-0.14508034438386846)
 (0.40164567344991575,0.055259935349802419)
 (0.16957589962421232,-0.78156445287827325)
 (-1.3201759351278932,-0.7569301145014351)
 (-0.31627402454537434,-0.42026274928586105)
 (-0.23048883202562565,-0.17495487036144802)
 (0.20818035013437791,0.35451257218379678)
 (-2.0363986251760084,0.24934598274065645)
 (0.37938137365371549,0.83613370889744942)
 (0.8769090570234841,0.21801983458754265)
 (-0.095234088860942478,-1.0611882636254688)
 (-1.196353558078338,-0.93852839047716552)
 (1.2202736030270962,-0.62421453811336813)
 (-0.55898352769602622,-0.46607458822149467)
 (-0.42720516818932297,0.22708422078789373)
 (0.29435392542110633,0.059500959204077261)
 (-0.94530720737373186,1.6199685775972192)
 (-0.79477472152326223,-0.32035226215416579)
 (0.23507097982566538,-0.43667593451159104)
 (-1.3030907278850183,0.23014262267497876)
 (-0.064792943926319457,0.46259208373397104)
 (0.27271046946375666,1.5332674511143005)
 (0.36500122470469054,-0.074368763577005947)
 (-0.18397246529516387,-0.75634910513451925)
 (-0.83891062290704754,-0.86323057855000074)
 (0.45299568123148393,0.87894626703403933)
 (0.32198213173180351,-0.15551050647412862)
 (-0.22937017566283294,0.27586475814848849)
 (-0.025764380551444921,-2.0625341948675633)
 (-0.21101023804281543,-1.0220732301129669)
 (0.0060488107509289457,-0.25087920261758623)
 (1.460988230025658,-0.014896814386406221)
 (-0.22423092487976412,-0.29756911964274335)
 (-1.178493718006169,0.020583005465682369)
 (0.049659889688304246,-0.16705729091985144)
 (-0.56171295097395002,0.13673431524154347)
 (0.64719674448877995,0.7628210763623976)
 (-0.65270930393504356,0.34365335983630496)
 (1.0441851381510658,-1.1128377614531528)
 (-0.34270738630186826,-0.36682098756104642)
 (-0.45703819343089991,-0.21212800541303381)
 (-0.79188420500345802,-0.47286189548683333)
 (-1.0284842834948202,-0.41068626850139056)
 (-0.57912503884312139,-0.25095191870235967)
 (0.47768234082641597,0.91806080867510209)
 (-1.0972081435075844,0.4675783706631344)
 (0.65570598249510936,-0.34211080668319671)
 (-0.86035731791625314,-1.163153036104984)
 (-0.8729861295359389,0.52274929441492035)
 (1.0740470523348162,-0.0013778988449345553)
 (-0.69801329853643868,0.87515364130697049)
 (0.049630022854404238,0.050532590901416305)
 (-0.54185584405862142,-1.2181630034177116)
 (0.44501011937031737,-1.0698500409430354)
 (0.83454562976166036,1.5003255885347153)
 (-0.61398322727996513,-0.38738736868012313)
 (0.11185183538480814,1.3552560358422718)
 (0.10514272088040136,0.59182134925479368)
 (0.21562074307880774,-1.1126005204991125)
 (0.84149099567044483,-0.11382224446400391)
 (-0.37456638639647327,0.010735168386199423)
 (-0.33260347505469401,0.0073170357704402944)
 (-1.3082778167042135,0.3020425990298885)
 (-0.40325869178925311,0.095622712546987648)
 (0.78893936088311079,-0.93309819691300011)
 (0.9306689153855352,0.0021818030622389739)
 (0.64489009213343462,0.40946565388200179)
 (0.43319904298144646,-0.10072899729410828)
 (-0.61850786378124778,0.44681403615238025)
 (0.57218047257168858,0.21258372667274894)
 (0.28828974734823742,0.028635252259105681)
 (1.236600212648258,-0.96827137811186204)
 (-0.23013933755571597,1.1051011871838541)
 (0.32624437557362651,0.15069839627723156)
 (0.1679121201274566,-0.95214009481975326)
 (-0.29562976716132167,0.4705386757851216)
 (0.02629911223197301,0.60579847787177266)
 (-1.0013487492437472,-1.2265505852500707)
 (0.036382764901224052,0.30535232570251841)
 (1.8544134035305202,-0.62988546023680037)
 (-1.1323098022496605,-0.52665025096865281)
 (-0.93665923152539521,0.18084092684089903)
 (-2.0380899125223255,0.0025666653855895838)
 (0.15343246541157829,-1.7143260820562811)
 (-1.0002847371615808,0.01056113832402511)
 (0.63692532896059428,0.23506685901051178)
 (-0.42135939172586684,0.5092535891515928)
 (0.10063379047734684,-0.26044276042901898)
 (0.18361531661325131,0.97978970999414017)
 (0.7684068245373048,0.0043341724156302219)
 (1.3439348877477051,-0.17618592724316895)
 (0.73420345907095663,0.5462693578536727)
 (-1.6910924470072168,0.0030399910053907631)
 (0.33901428945487044,0.26518055039776478)
 (0.14431393484009314,-1.2575819218227688)
 (0.78569519475347183,-0.86931519969715265)
 (0.69657105554341492,-0.2958903452037851)
 (0.72051936952352014,0.23068038892066084)
 (0.6583267450657001,0.46152708018625332)
 (-0.058177661924922783,0.11716725841755017)
 (-0.47377342241706166,-1.1850347692661432)
 (0.097091917012737811,0.55494205936896601)
 (0.22906709208549364,-0.56210987389782718)
 (-0.48368817886343118,-0.25920055664463648)
 (0.59045800455557107,0.27612361332257918)
 (0.46034407172347941,-1.0930187709119001)
 (-0.91173903326406369,0.24962110923477698)
 (0.12441275808653396,-0.65178468560406444)
 (0.1515277345089554,0.25770276194723901)
 (-0.98570883137292409,0.0548110217218713)
 (0.17740722421281435,-0.71036869478035514)
 (-0.11755917444979092,0.52162062731525205)
 (0.15571926983073292,1.4011527023844694)
 (-0.10543867976341129,-0.19732327759362631)
 (0.063859504241403464,-0.66406559104284035)
 (0.63479121498813462,0.6601612309854733)
 (-0.34948814432362518,-0.59094442387188462)
 (0.83024172158751264,0.10084659369857824)
 (-0.023793551524410456,-0.3243490387346496)
 (0.48433297584417234,-0.34792351911104469)
 (1.0613431656453807,0.095917062468701075)
 (0.32524249100142238,-0.91181491458426867)
 (-0.82442922720212841,-1.8703099150592681)
 (0.90871623772218801,-0.14134387656518022)
 (0.090678813410118589,0.32393621835470215)
 (-0.038030240688615824,0.30824108891790652)
 (-0.58262211079458481,0.35589533959043884)
 (-0.8691960339791962,-0.60580880340566368)
 (0.80857789718375828,0.19518338154840392)
 (1.3825565404015079,-0.10648268863347155)
 (0.28274016485011821,-0.52382668421164502)
 (-0.15523726806940402,0.91457235524218672)
 (1.2459083115968455,1.2848670183934596)
 (-1.4600073898347061,-2.3698483543746027)
 (0.18466756346009705,-0.33318597751341428)
 (-0.23076142933140412,0.58532746340700381)
