# Created by Octave 8.4.0, Thu Dec 11 09:47:21 2025 IST <gamana@Samsung>
# name: rayl
# type: complex matrix
# rows: 1024
# columns: 1
 (0.096032331286395933,-0.95171264389526367)
 (0.81112767537734543,0.54334722221461262)
 (0.18874897065865742,-0.90807087141111453)
 (0.60434423176574925,-0.28445471042586801)
 (0.26867097862968442,-1.0225527345908774)
 (0.62556935062662611,0.81842361010679021)
 (-0.77355597495027828,-1.0055418743998992)
 (0.63088229976807297,-1.546010289638555)
 (0.58532982069749695,0.39293672719109346)
 (0.22710601651069781,-0.22509361953408777)
 (-0.82876311884367526,-0.21355414755733831)
 (-1.5134148493643826,-0.8520035749840098)
 (0.48712517697482433,1.0833650970388806)
 (0.3813819425384366,-0.90688152051405013)
 (0.29133538638115752,-0.022032118346601265)
 (0.34148680280355276,1.1316290886104703)
 (-0.17894427767388046,0.60994116364889794)
 (-0.16860617646914722,1.3328576162379244)
 (0.64632435406156441,-0.29229377314798494)
 (-1.1238173274740624,-0.58036551977124451)
 (1.8294514987922499,-1.2803486324156181)
 (-0.48417728855456771,-0.37749128081305289)
 (-0.0028516063398316017,-0.0033082945660105386)
 (-0.84360161712387394,-0.58887034068465594)
 (0.025818137552591658,0.84516272866419406)
 (0.33882804104919206,0.38170041795033482)
 (-0.62370956835414426,1.0665085844719728)
 (0.67524075685946849,-0.16988910544218094)
 (-0.53300992242924194,-0.079200615214448045)
 (-0.7619086731671767,-0.205411458447947)
 (0.010782003247516769,-1.7127262048056224)
 (-0.69777954232465911,0.62495065011742201)
 (0.44400665515373072,-0.63157752418644919)
 (0.30402466550649027,0.80347671094421291)
 (-0.94453086297769751,0.19574708751309811)
 (0.3028768506931131,-0.39275418469895595)
 (0.88234221691191561,-0.13192919741714471)
 (-0.013041605130123583,-0.098931191102121174)
 (-0.3650206626643932,-1.1658239172781457)
 (0.43772863769639575,-0.19366573727263187)
 (-0.022361936124796422,-1.0799389309599197)
 (0.09349931219319163,0.90902197478901081)
 (-0.93927341108064621,-0.20990415536747858)
 (0.90742233373172099,-0.18786608022430606)
 (-0.39747852293743441,-0.25192177724640757)
 (-0.183630618557513,-0.29811897959312827)
 (1.5277539796364588,0.065337589834707166)
 (-4.257349540057187e-05,-0.40205290109809522)
 (0.041095118008650122,-0.3595735083169781)
 (0.24750831664626549,1.3335214102534709)
 (-0.30616947984031506,0.41914986511405028)
 (-1.0504743824028859,-1.2776169920482994)
 (0.85959261666137388,1.218597592360229)
 (-1.2434638603362367,0.42160009449122504)
 (1.1859500489357395,1.1262664333230585)
 (0.049126878224654724,0.72302759697473884)
 (-0.30603982775650235,0.67122282333605687)
 (-1.0913557817205586,0.43360323228223152)
 (0.15997677594396142,-0.687149212795933)
 (-0.75625485124112624,-0.83867254717577699)
 (-0.41452214605028981,0.61661191698739126)
 (-0.58851578663891146,0.19952839690438748)
 (-1.155937950065949,0.36974735456914631)
 (-0.55281337476411374,-0.2357996100713505)
 (-0.56960104300260217,-0.83842938949187706)
 (-0.064696228630355068,-0.078720341292212476)
 (-0.017288554414349705,0.32655359089124203)
 (-0.34322243281042797,-0.70005319730397908)
 (-0.83059153799958141,0.28496184298107313)
 (0.013915213645465475,0.082799144131852187)
 (-0.90879446347212456,-0.36088362621693365)
 (-0.23448463839814687,0.70180989990448017)
 (0.24146863352379644,0.24841499154243679)
 (-0.78503757332672175,-0.95154031778821635)
 (-0.063451250078117194,0.5516683470300785)
 (-0.20868924310530829,-0.80551514688652648)
 (1.3200983954333076,0.90156681650693127)
 (0.75086745470357386,-0.2069826852270672)
 (-1.2056664895806144,-0.35456128601543552)
 (-0.44324265322142531,0.035203116570578868)
 (-0.46218718402697323,0.10428462999191557)
 (0.20580410255053039,-0.89277951215430229)
 (-0.63650273962484782,-1.2016064397485979)
 (0.73395665490925954,0.34932080640464425)
 (-0.51484590628250682,-0.097499866797010892)
 (1.1265230550952079,0.22485585687056037)
 (-0.31875006239890952,-0.16452200016545132)
 (0.31877418114042272,0.96499602649140215)
 (0.20517192181467217,0.28071762981949661)
 (0.15582875295042226,-0.14466526165203775)
 (-0.49157468093594225,0.35873741001554749)
 (0.29788695655288833,0.31894187572752075)
 (0.097526411220599601,-0.51537581431356594)
 (0.097998049890374916,0.70624499075801528)
 (0.36916416749865777,0.58887738401050582)
 (-0.8686085920865827,-0.40416746747171173)
 (-0.3833084990439532,-0.45659031698271407)
 (0.74829867230629632,-0.42285069085135896)
 (-0.6984759164425175,-0.2219546369071812)
 (-0.51475150849438467,-1.1841100170281309)
 (1.1050254834047322,-0.39725530009598142)
 (-0.23393523073495107,0.26574030617871403)
 (-0.49895451161757653,0.7839305974072196)
 (-0.4373805553587829,0.60283418561503943)
 (-0.34666980248190138,0.19395239363024597)
 (-0.71579576025938163,0.50951126805288971)
 (0.13195780813063174,-0.31721141502159028)
 (-0.36331313805735177,0.32944861723724184)
 (-0.7123863695462257,1.1170587366815545)
 (0.16360830832568546,-0.12011664861176917)
 (-0.1567295592566057,-0.78293536473053138)
 (-0.39011886439724336,0.74220861148501793)
 (-0.38159759538671845,0.1166397392197272)
 (-0.51174593958853409,-0.25191377719392494)
 (-1.1248174857331956,0.87845996886045319)
 (-1.1754179199002059,-0.72049992157622178)
 (-0.016459295116877826,1.5622497992040851)
 (0.56258987049404607,1.0678625528095651)
 (-0.79814491844274027,0.53875057220873002)
 (-1.0902035628155922,0.13721350461878185)
 (0.0066074144460001316,0.37870223144423087)
 (0.27359487372762242,-0.94781774641078065)
 (-0.49889202775555497,0.15094118498368478)
 (-0.38206741503152103,-0.87767446874696797)
 (-2.0088535636930041,0.087274764247493586)
 (-0.45769646151204296,0.36204879732772294)
 (-0.57950143527884279,-0.96314647867867076)
 (0.90633636664020822,0.40677846429638337)
 (-0.77208014149366389,1.173766632686303)
 (1.0064588879933629,0.9034267942518619)
 (-0.49872197909560645,-0.25613413962125653)
 (0.25777452350200103,0.70334685489125814)
 (-0.12963425201940898,0.58630522416036657)
 (-0.81592299316515793,0.27477338420141656)
 (0.57757382527307866,-0.5625456012858554)
 (0.34022803285244846,0.88889646095157993)
 (-0.3520380288112373,-1.0984282098613094)
 (-0.074292396201607713,-0.41172086029211707)
 (0.0021748885517419714,1.2094798277290941)
 (-0.52932283655949008,-0.67916929830676753)
 (-0.13284381578029883,0.44939627789300518)
 (-0.29910940802802022,-0.13461625781174494)
 (-0.0032396164897495194,-0.84063837237604022)
 (0.26880459511859184,-0.1524027683701549)
 (-0.52878328305129774,0.63991779310970864)
 (0.06827189700500233,0.12244520438673168)
 (0.14627029131469682,0.67819226499904539)
 (0.57189524486828081,0.40600624028403898)
 (-0.036002295834159592,-0.55892621080654559)
 (-0.88280855829882365,0.681004628995034)
 (-0.32780805953224462,0.37624325438497791)
 (-0.10750016437450233,-0.61248511560783481)
 (-0.054692660281301819,0.71880739814530381)
 (-0.53893427619831058,0.3930017728751366)
 (0.10621594076995855,0.80731636530417938)
 (-0.4981267806751406,-0.020698905869813072)
 (-0.85450821452792169,-0.046969517579050324)
 (-0.45072525269854868,-0.20169612458506736)
 (0.7051107474155186,0.66296478294762806)
 (-0.81640961055163297,0.54275972400111239)
 (0.2352003895860687,-0.70466789041725508)
 (-1.1049013529818763,-0.2741390670656294)
 (0.3225823865152706,-0.34695591657012281)
 (0.42590013610013638,1.0894495915865812)
 (0.18515107271664222,-0.30712177200517576)
 (-0.79644918973322654,0.53912463536621413)
 (-0.9063751296505711,0.089151205220369123)
 (-0.65680153983196954,0.6874696372022282)
 (0.92688154324303496,1.3429779724808339)
 (-0.14410285411268536,-0.13601911403641209)
 (-0.13720767992840119,0.0023134430015222252)
 (0.12047987661966832,-0.13134505004503094)
 (0.40692261625824505,1.0552154631345472)
 (0.53522054497865901,1.199812301383802)
 (0.66204835559744246,0.69770004798551366)
 (0.31552724482649752,-0.39147778761343888)
 (-0.11198210196849664,0.52914214198808163)
 (0.62312225468498417,0.657589385875198)
 (1.0649397898775708,0.19196586692214207)
