# Created by Octave 8.4.0, Thu Dec 11 09:47:21 2025 IST <gamana@Samsung>
# name: rician
# type: complex matrix
# rows: 1024
# columns: 1
 (-0.99081804478430391,-0.091603097279263968)
 (-0.98915045639283916,0.69452957664477266)
 (1.4773487267023726,-0.48919142017642742)
 (0.04437308559835737,0.34311979598323039)
 (1.1467625074228593,-0.84976749576899335)
 (1.2849482135393238,0.67315431670226444)
 (-0.95033527072383606,0.93509800658343012)
 (0.64139430333610126,0.23181936970126668)
 (0.72137635564933356,-0.51888715052151024)
 (0.76916918350445351,0.86249377952326378)
 (0.19489449042551776,0.7169869694480675)
 (0.68594732436546524,-0.37725862006932465)
 (1.5225026211431294,-0.41430915295832049)
 (-0.3865120305222049,1.2409601226477218)
 (-0.8104429473992254,0.5099202586367384)
 (-0.50766728630308566,-0.90431189635627651)
 (-0.86628959370012248,0.28124829844951033)
 (-0.74381121232979963,0.66621065935956525)
 (-0.22688044195411142,-0.6100716069628086)
 (-1.0482507296518779,1.1043418604236499)
 (0.038030684716143737,-0.76009231003715838)
 (1.2050218480269195,0.91396135389436783)
 (-0.38173842655871337,-0.69074292335968623)
 (-0.438172673458957,-1.2505005423772919)
 (0.86041899971465274,-0.40429793458884516)
 (0.18514092607847535,0.44341233099031552)
 (-0.44298383703778277,-0.39043874224797859)
 (-0.71101502255757842,-0.7614826373870498)
 (0.36952962552106589,-0.80352707566886727)
 (0.73630373391963366,-1.2320390830916905)
 (0.36202383633325025,0.26469640751034634)
 (0.59544744966008201,0.40136667079514832)
 (0.20224484768443546,-0.71160331278024991)
 (1.033125095484726,0.0014616491592632785)
 (0.58552783638210759,0.92477108437024669)
 (-0.91056301343007462,0.85514027819018512)
 (0.94486332556302899,0.17685759082717983)
 (1.2247067292223064,0.42657005489222977)
 (0.36808532751753048,0.47340578772022962)
 (-0.051949103841309269,0.45376857002789694)
 (1.1828442425640406,-0.84775211411067275)
 (0.22768954251783907,0.49103625669123058)
 (0.49391867575914605,-0.012773335764824867)
 (0.17022628866778988,1.2027957730388903)
 (0.6691256013964707,0.22223593487888696)
 (-0.94859386103526089,0.84104839606441084)
 (-0.074867877592257215,-0.4361376527762163)
 (0.58567558534096009,-0.86431364689263535)
 (0.34711901302211434,0.40262396570357173)
 (-0.17359827777443443,-0.54142358843337246)
 (-0.66441477445139951,0.35112079068406193)
 (-0.36486112564557471,-0.53731869086684281)
 (-0.70752755586381633,0.045432301210571624)
 (-0.32381624194538927,-0.66672825692832127)
 (-0.52665809945018127,-0.52011719374852117)
 (-0.62983556272513874,0.76371705937314804)
 (-0.91552858402682091,-1.1516712716366868)
 (0.42911602073369221,1.2196747236367911)
 (0.70174370375032058,0.6348284593565946)
 (-0.57395634406067664,0.88743725783448568)
 (-0.054769252480748487,0.57879006095869512)
 (0.58744521185697463,-0.11488267402416347)
 (0.42958682232456324,-0.67070249286343719)
 (-0.34381076761863627,-0.56190602164249648)
 (0.71143684417426967,-1.4776147794264238)
 (0.99448246461837952,0.916949798673378)
 (-0.69522273267443602,0.74375091974728336)
 (0.081912838893789752,-0.75042364356796332)
 (-0.017411881770366594,-0.46823480003225071)
 (-0.54358587667921165,-0.65791751970109003)
 (-0.21524340443298262,-1.1419901355657673)
 (-0.50844452521333749,-0.8681388734758354)
 (-0.69471337302402092,-0.66227506813400949)
 (-0.26417699358441504,1.3898909256939551)
 (1.050883542611041,-0.52657840328448091)
 (0.8857612198001199,-1.0589298527377915)
 (-0.55591514494334759,0.20122502146052079)
 (-0.75372923608640441,0.35740219377198634)
 (-0.81188470194088103,0.36072271888382335)
 (0.63756197436540574,0.21916341836944639)
 (-0.73237813269209651,-0.54926518742869523)
 (-0.63878460830832795,-1.1027045046615327)
 (-0.4067118747308282,-1.0365067257889573)
 (0.90960563219650903,-0.43696623341947183)
 (-0.33046269401958855,0.55918633497871362)
 (0.09134542182186467,0.41747711793172815)
 (-1.3757278074391237,-0.70510034946916922)
 (0.92487524921919162,1.3110510570560709)
 (-1.1210578081730127,-0.25632075450906777)
 (0.52033837127601923,-1.0590693225284546)
 (-0.23188936913526637,-0.3929791223285547)
 (0.45657363393977463,-0.3159735276872056)
 (0.62741325163881145,-0.74389075980035047)
 (-0.73626999717329933,-0.98958277947423068)
 (0.45908658789664758,-0.31553213275067582)
 (0.35753564782576275,0.94411104109150257)
 (-0.77905242154843646,-0.26225525928389271)
 (0.58324688840861383,-0.98689173423299181)
 (1.1470527860681665,-0.35547922905549634)
 (-0.074577942679574016,0.16950790124956161)
 (-0.38773124288557509,-0.92926013345178693)
 (0.83324240328038213,-0.53313549620746647)
 (-1.344829495332351,0.48918928834672981)
 (0.12789188688815556,0.78399794623638275)
 (0.37205818648777728,-0.31954992979672708)
 (0.056638000250286757,-0.03616577311035403)
 (0.79579669044959767,0.74775150839040694)
 (0.35750409487204204,0.72846439858813161)
 (-0.13653299468906938,0.43785818041753527)
 (-0.088809592788538283,-1.0900961945063612)
 (-0.030296723530542247,1.3869517799114486)
 (0.63770018145232643,-0.27058979124345894)
 (0.82983411233393012,0.054355492297436581)
 (0.63842471125234512,0.79209293448839313)
 (0.64070370258285125,-0.6317681648551321)
 (-0.62433921552004179,-0.93818391890944941)
 (0.51058124637950475,-0.96449425386393917)
 (-1.146082123518791,0.66725086068504502)
 (0.33019820431357638,-0.65428562191973472)
 (-0.71400825393866718,0.020450978864579639)
 (0.44348193138734082,0.58827814805882106)
 (0.68768294629807514,0.21633205148933318)
 (-0.6786441543937265,0.52791225010783571)
 (0.81489143982186762,-0.49216769357738044)
 (-1.1640962369481589,0.61677444293278993)
 (0.40729448420962311,-0.70291260282243839)
 (-0.14950723312849384,0.78500381026697408)
 (0.58055254240736009,-1.0653798525496587)
 (-0.5341759664661293,0.4020408681703101)
 (0.90901348919974623,-0.44508639774001268)
 (0.46281479468855741,0.73807174509250362)
 (0.55485665636263704,0.6656761855299772)
 (-0.17498608294966217,0.54680430691762516)
 (0.81780168875365411,1.0298952315403169)
 (-0.08676395187299013,1.0636891878520638)
 (0.16471968184127872,-0.57496806555967162)
 (-0.40185186755508773,0.92899069374812782)
 (-0.00074793041418308448,-0.5676062767850113)
 (0.32705283427150672,0.1399643763840745)
 (0.47329422532571658,-0.3117345865556484)
 (-0.26136044796011848,-0.66074480324923668)
 (-0.42898542294934755,1.0878708091131286)
 (-1.1156152449214465,0.17120455491896164)
 (0.76501964346410145,1.0392610091360104)
 (-1.045769794127213,1.0429583572932979)
 (0.83052168193182507,-0.068855536228688952)
 (-0.11771248140335619,0.54868659567249434)
 (-0.72585296978679426,-0.5517591362643316)
 (0.6184002593494371,-0.87073072847823574)
 (0.47175983872786376,0.79998432400940056)
 (0.71503964931378017,-0.93419905679369164)
 (0.41576684882718984,1.0331827856081781)
 (-0.13480214579757865,0.97135488409220183)
 (-0.47632735371982204,-0.71278023898663068)
 (0.52944362787916399,-0.66607917191956323)
 (-0.42925863250190061,-0.28382603598309758)
 (0.11523723200759547,0.59634638950339958)
 (0.43548147989793456,0.40903714404739594)
 (-0.095555135128405189,0.058877912432840102)
 (0.19523332777143199,0.86074859072999965)
 (-0.78646717314876158,-0.83675513828685855)
 (0.880194302920419,0.50695260543542109)
 (-0.49914996045083831,0.80800378427288488)
 (0.51804023885230832,0.98237442326300484)
 (0.41889299680748343,-0.5300474709971047)
 (-0.65497540116295561,0.9943104018087805)
 (0.13796060522961739,-0.57117888578837506)
 (0.72429412224182044,-0.75955600471939144)
 (-0.77496523171451825,0.83951863220152567)
 (-0.8510612743356295,-0.60387154518850161)
 (-0.46699805617560719,-0.73770390333620484)
 (0.46895015152436925,-0.6955023309696311)
 (0.63080288342170932,1.0662468869410586)
 (-0.46623045883808534,0.88916985641077495)
 (0.7533246940666839,0.83296154473254636)
 (0.16855042042734061,0.41089200912724111)
 (1.1524547891140513,0.30346050997960478)
 (-0.52559385518629254,-0.43471438046998118)
 (0.9514642571727413,-0.78928582086679089)
 (1.0050893059032457,1.527965872616579)
