# Created by Octave 8.4.0, Thu Dec 11 09:47:21 2025 IST <gamana@Samsung>
# name: rayl
# type: complex matrix
# rows: 1024
# columns: 1
 (0.13796717480288534,-1.2315323401445637)
 (0.67082202031396254,0.90337943984135438)
 (1.0551487017652403,0.7024240898036711)
 (-0.076737205492311777,0.15545418398382604)
 (-0.47352121228686372,0.13453320333192684)
 (0.79005040482686151,0.7584168818643644)
 (0.94452947212987182,-0.56492067096976073)
 (0.28421953282615975,-0.16904926629855638)
 (0.92889635196951859,1.240236899392763)
 (-0.52586015659997476,0.14991012212186033)
 (-0.47186665949229201,0.76368122203201261)
 (-1.2523810574259642,-0.44172455234670877)
 (0.5709917306704404,-0.55978042674231321)
 (-0.047893942097219283,-0.26672529774839171)
 (0.53418664395683946,0.63915098221354549)
 (-0.5206252167383012,0.54654689792720346)
 (-0.026531056524030705,-0.62594309522593394)
 (0.0077825167071715468,-0.2572777738524159)
 (0.31117528880213341,-0.037516190217010054)
 (-0.68876286168613743,0.3462847817031951)
 (-1.1114935047662624,-1.2396542396404699)
 (-0.71494620674203047,0.41507258382057105)
 (0.71771726299734695,0.75193819280987895)
 (0.2605811538921009,-0.42523163989485702)
 (1.5308057050755486,-0.016647363495536305)
 (0.9178877996716196,0.80974023245208804)
 (-0.17680936249032769,0.16183813104204325)
 (-0.71260492365912254,0.54351426645374734)
 (0.39709340796822434,-1.0142312156257227)
 (0.14319002288482308,-0.51911421235555011)
 (-1.395831055133073,-0.45909573611379073)
 (0.067611371040793844,0.61030207608863063)
 (-0.73459233528557566,-1.156942756300384)
 (-0.72993277824980396,0.76911997393578169)
 (-0.75540208649462248,-0.72017604127763168)
 (0.1795419128023287,0.44650300490832595)
 (0.065557141141119213,-0.78121433389616002)
 (-0.12026807864104717,0.13848925394671416)
 (0.50116572478521682,-0.33698710549766958)
 (0.18124637370183105,0.34536428581376866)
 (-1.4959875497047803,0.44156860426433142)
 (-0.075795890736442578,0.33094330015048479)
 (-1.3059359224234819,0.79152117142257594)
 (0.67293503203833449,0.0077443866297673414)
 (-0.89016617046502788,0.040013286868698317)
 (0.17833685315561507,-0.18495591740102815)
 (0.81624409165954226,0.75200243039275783)
 (-0.24196999947160011,0.1930884450113298)
 (-0.16895449556543041,-1.2154856788790038)
 (-0.84575077070826687,0.01035445439890692)
 (0.56957467516073901,1.1061939469632924)
 (0.38137427108252692,0.57218276902771192)
 (-0.62820176411851825,0.63718618489548473)
 (0.50773942422403628,1.1303103465331614)
 (-0.082077001173536779,-0.59253578926581107)
 (-0.91294327863948277,-0.26808030534860283)
 (0.063444688070791289,-0.66789394147145242)
 (0.32631675558685919,0.54723600117881777)
 (-0.689192551459335,-0.79321492004603289)
 (-0.58858801162748209,0.48061839095464159)
 (-0.14616161615668477,-0.24894718423117407)
 (-0.71600210287497801,-0.7133069382103191)
 (-0.2460198798941387,-0.29724367169145166)
 (0.31887443023773476,1.3814041430673609)
 (-0.92579774481126575,-1.0532888379523579)
 (1.9284108565726903,0.98525426205036815)
 (-0.48353527589655687,0.73523206814733488)
 (-0.96535788730357108,-0.045200121762722034)
 (0.092069757838944166,-0.56875159372879791)
 (0.16001484303467278,0.18717086720781562)
 (0.19737024763171274,-0.24771871205350288)
 (-0.21034031432070649,0.11994801174486658)
 (-2.2897655563628407,0.23442131780297215)
 (0.13510652641176632,-0.044122168591861653)
 (-0.15466835068186047,1.1866572933955268)
 (-0.4631503111876708,-0.22380110074362236)
 (0.73422263513627761,0.74074441682724579)
 (0.22734110178807604,-0.20395392668249424)
 (0.79917514798130529,1.373756853226952)
 (-0.33837201838873621,-0.34157227590836936)
 (0.91203267282736178,1.1312877594013697)
 (0.31558212689978682,0.42945281454381556)
 (0.85305124559247414,0.44860740406701982)
 (0.87464744438630893,-1.7546878834775295)
 (-0.20787969959097818,0.26841581817589205)
 (0.06809402104586415,0.17659999053549391)
 (-0.76043660405118985,-0.20657010155226013)
 (0.70476559150939289,-1.3614284583756231)
 (1.1402708001496851,-0.42334341562031214)
 (0.18763491839198554,-0.15541765284690184)
 (0.21624436073051106,1.1442231021285092)
 (0.73886759602325747,-0.29725783682660867)
 (-0.63145965494311873,-0.24307128107720569)
 (-0.56332547946622546,0.84147483510193144)
 (-1.1490892383210762,-0.24687661056756388)
 (1.4867716243862463,1.0957863352605726)
 (-0.23752264608649032,-0.080850907084824175)
 (-0.072515760594859091,0.84420459492583277)
 (0.45866140294286833,0.36667942889906874)
 (-1.754593259696668,0.12149842934954858)
 (0.40986239987230233,0.041862392812933163)
 (0.55332342782313038,0.93741088824421215)
 (-0.2258951845245778,-0.14148245884159771)
 (0.084001898977146772,-0.52357004112086436)
 (0.21429936782172582,-0.39206385110850644)
 (0.20199377739232327,0.38073886863759188)
 (-0.32258327321740882,0.28056386265861749)
 (1.191635041026303,0.26472192595310157)
 (0.59239890626395897,0.38520329231799771)
 (0.020558191745501442,0.73080917413322855)
 (0.36766261752049834,-0.47071753167690811)
 (-0.21808784356661434,-0.2841935648127133)
 (-1.152303570511688,0.097776805554960045)
 (-0.094537348913619423,1.2435712069668685)
 (-0.80736065643599031,-0.44251648097229751)
 (0.34498320320864256,0.86801188769248427)
 (-0.15123707676724291,0.87614295438680778)
 (0.59844910790371919,-2.1984968256830864)
 (-0.81769832185783153,1.6411418531000401)
 (0.28482832946323478,0.28417550421170246)
 (-0.35978603885174576,0.20293498083444103)
 (-0.091597690888225336,1.4266258289395335)
 (0.50482749182641817,-0.64775419574296689)
 (-1.7411847302523524,1.1479335341815737)
 (0.54612395211913189,1.3302938339770021)
 (0.3358365291347214,-0.70522732669100652)
 (-0.55623678405988763,0.78307437841529537)
 (-0.19912795703919409,0.49270116110456008)
 (0.065358682884222266,0.18516041021110446)
 (-0.33292404761851058,0.8316035966749965)
 (-0.1577553144502114,-0.85280910825059209)
 (-0.58860870667706067,0.21874947906583439)
 (-0.95612002651346573,-0.31478065281083878)
 (1.0338941199270995,-0.26303470679541907)
 (0.48052067798942155,0.86034849957616233)
 (-1.7182510393329633,-0.64166353291297296)
 (0.083915093938894014,0.91831041836492777)
 (-0.48998665604431435,1.3027909116884819)
 (-0.33348303189677253,-0.71619249950061392)
 (-0.23343395471752892,0.072400134934712659)
 (0.4186017421293482,-0.23182577300712015)
 (1.3516865416990789,-0.31265285054622571)
 (1.2378360897780931,-0.1183433490342175)
 (-1.449257431297359,-0.37971858966905869)
 (1.1475618264473875,-0.92612432036205294)
 (0.29620442900578009,-0.39644590759075476)
 (0.43245748211848689,1.032622042680996)
 (-0.60212744906294879,0.43923253145375918)
 (0.53435824548810718,-0.010949587497712354)
 (0.17036780405644314,-1.1251344358245332)
 (0.21990018872442663,-1.4540507027584098)
 (-0.31028067427230238,0.14892644982432418)
 (0.51891604866168362,-0.16930028654745363)
 (-0.10746305795185973,0.25771118066659238)
 (-0.96542866435962749,1.2175574997995824)
 (1.0525669739414008,-1.0545361480815363)
 (0.059836344152739585,0.70224095060879388)
 (0.76610398629643839,0.086972872509385013)
 (1.0111228242963894,-0.77977543535096461)
 (-0.94251799864052166,-0.094695210239611916)
 (0.23857998601433,-0.34089643230418548)
 (0.41741911389645814,-0.719789244559493)
 (0.36136847050196297,-0.25697351224488041)
 (-0.56126491267044321,-0.62587079665392786)
 (-0.03257045901003125,0.57428724417024846)
 (0.055189387524853889,-0.012088646216758956)
 (0.73195775915748063,-0.010538344345241202)
 (0.50555456055668313,0.59794990966137518)
 (-0.083877888404100626,-0.19934310749863118)
 (-0.50248178992359349,0.56692298519393158)
 (0.63369087894026133,-0.72380646420988848)
 (0.022841080518916534,1.1698977749325483)
 (-0.17433944375258778,0.16196254706325844)
 (1.1932374587800865,-0.33873258422737007)
 (0.46276262377747085,0.47874473848652316)
 (0.37613000875730385,0.22017422810903964)
 (0.18724459148052963,0.11165572840463595)
 (0.75413422418716092,0.41236193992221298)
 (-0.82636053898552309,0.56678306484721031)
 (0.72547498560445001,0.051419062169897778)
