# Created by Octave 8.4.0, Thu Dec 11 09:47:21 2025 IST <gamana@Samsung>
# name: rayl
# type: complex matrix
# rows: 1024
# columns: 1
 (-1.0124371615570016,1.1134004089702383)
 (-1.9258911991427257,0.32568694170312873)
 (-0.12765179839403368,-0.089206093886848442)
 (-0.63093809083745989,0.4405794681028502)
 (-0.41867823047633046,-0.78699201943769592)
 (-1.0590103913332416,0.52247839126952411)
 (-0.059321496371122509,-0.1989018828174336)
 (0.9676705835509849,-0.38858934379105387)
 (0.088511234646844794,0.75624792078066916)
 (0.19928697012732963,0.2573006838008402)
 (-0.81421718773268215,0.92534377783209887)
 (0.4384543823247522,-0.23216500396148987)
 (-0.38110521144590237,-0.41745493235445874)
 (-0.69430664045170942,0.19654989726205593)
 (1.3540248107309674,-0.17382761116421119)
 (0.80705323754912106,-0.028448117752183422)
 (-0.66805976691039692,-0.21757208411596404)
 (-0.046174287758397145,0.22333171346273528)
 (0.24883029947925978,-1.1611376167405147)
 (-0.095662413434999372,-0.7319185426827407)
 (0.29700674800115001,-1.0295844817372855)
 (-1.3807163176283086,0.15757407894979958)
 (-0.050566157530247124,-0.68959106468134834)
 (0.042108490789888514,0.39892551058901049)
 (-0.30698285937147674,0.14460654448900936)
 (-0.30279565625916155,-0.635281342870059)
 (0.84562709619643939,-0.030965923705203513)
 (-0.83800035440061571,0.42312097168667628)
 (0.46317738422370924,0.18918122633494838)
 (-0.7701173756556321,1.1893512112933318)
 (-1.4100738135983564,-0.73800248643134525)
 (-0.56645236494570406,0.090585460205386853)
 (0.35302583481219424,0.72338464048076356)
 (-0.754274978762143,0.85813771054193588)
 (-1.1144372937311013,-0.45042371130678882)
 (0.79526532220224444,-0.63838289454122477)
 (-0.73440478471796122,-0.83229839538307171)
 (1.1047159633908652,-0.53064767774124011)
 (0.13611511381242217,-0.38849603756525874)
 (-0.21543625688962292,0.089686135399761654)
 (-0.2908453693219496,-0.27056215245301085)
 (0.21701058767067469,-0.023596071212077269)
 (-1.3038332872900451,1.3070674083877312)
 (-0.43908196261807958,-0.20050150973800879)
 (0.31166626712579637,-0.4771907671891702)
 (-0.93033636692671917,-0.2938787447441068)
 (-0.5221997757403577,0.79650609509333015)
 (-0.1611389388397356,-0.20352458286015404)
 (0.0038770151713971163,-0.051709370790312799)
 (-0.48079370861011245,0.89615846955892975)
 (0.16410065704325932,-0.80663678526990146)
 (0.56396240881033688,0.44090548839794513)
 (-0.27839547871944043,0.13769429025084351)
 (-0.99142789226336059,0.35118423027982115)
 (0.45531025903949035,-0.016267872781432879)
 (0.27427693109292633,0.85342743564294232)
 (0.47757287810913068,-0.055533635540402193)
 (0.61269584283575007,-1.3212837966226816)
 (0.67291269019240696,0.81806327193613604)
 (0.27355279822354434,0.315313187857924)
 (0.20404773340576965,0.064463911914387814)
 (1.2117981908550974,0.30717856694324958)
 (-0.087690186903980241,0.16472155369075547)
 (-0.068722536404352719,1.0412712973995173)
 (-0.19253784702664753,0.056717427371419993)
 (0.25308697762776772,-0.017015094592694568)
 (-0.26140607212293537,-0.39697163855681422)
 (-0.54564861573608447,0.61629312992075325)
 (-0.46002315448987835,-0.29041114866296519)
 (0.30545583075624205,-0.03138125905512959)
 (0.69191565431381541,-0.011780052243391348)
 (0.29045647039992822,-0.14097119854240342)
 (0.47655674169799489,-0.66653249742117737)
 (0.00027637291329180025,0.54883947957637913)
 (0.058703158600089012,1.099820513328136)
 (0.89598656459533055,0.82186670986379606)
 (0.25583642110392291,-0.91836273747429231)
 (-0.28954257652009935,-0.64982501485229816)
 (-0.57572526922411493,1.3752967890046675)
 (0.8544714423589882,1.1178459105459573)
 (0.57348543715178746,-0.56234106881186263)
 (-0.5115771052527387,-1.1486320793857125)
 (0.31012538894758929,-0.94368230016681087)
 (0.61881485264931357,-0.15564947882341365)
 (0.86853318311541838,-0.23501012370488933)
 (-0.15073209972008061,-0.16070590778866894)
 (0.645339470234917,-0.57669423580186374)
 (-0.0053018113919384713,-0.7606371063244759)
 (-0.47167702823518243,0.75236516454959379)
 (-0.37948491280259222,-0.53008045465741382)
 (-0.36686236163977759,0.2993102436014089)
 (-1.5743146083345014,0.041522850526575894)
 (0.52730241806021105,0.24701159850459303)
 (-0.97046098108191337,0.29868262630932679)
 (-1.3203645764660368,0.68936376948008293)
 (0.45432431503177684,-0.84924731219975769)
 (-1.1818828118211648,-0.85085823194225718)
 (-0.67986079890252449,0.66550743322437023)
 (0.94445116204693869,0.2116048138921538)
 (-0.5376098876183093,0.20033372276491207)
 (0.30737020403856585,-0.2614838471416121)
 (0.63082513613526836,-0.5035259911435559)
 (-0.24743721538816754,-0.54512033648005531)
 (1.8946370910963903,-0.38218997998614024)
 (-0.25012544604861014,-0.28934834732364528)
 (0.44306751205533773,-0.37799100241138467)
 (0.29131549815900126,-0.13529286176546429)
 (0.19667092444062462,-0.34527009981695911)
 (0.38514065962132765,-1.2750612366277048)
 (-0.23783109744600062,-0.37958621946734006)
 (0.35241090275706771,-0.11093408196254011)
 (-0.094995547559209512,-0.032693303437001484)
 (0.32276731450582813,0.13587599234780218)
 (-1.5840653233302564,-0.73756835631304463)
 (-0.38007067409875317,0.24579755194173344)
 (0.46405920595168193,-1.0623642300608485)
 (0.51388924294284044,-0.73715989062910159)
 (0.11467574476169462,0.90150361101570886)
 (0.2219816103910543,0.79387548318915102)
 (0.0036347153504540375,-0.18111004434115804)
 (1.6381930791942976,-0.383292324784128)
 (0.69887911464532082,-0.54623992702289614)
 (0.10147776364902361,-0.47599328370974336)
 (-0.26961680404414989,0.01169061213179623)
 (-0.16566828424257751,0.15443430643047767)
 (-0.89514274573560826,-2.5435668234023825)
 (0.25323552309500202,-0.25907753344100609)
 (1.08038048858521,-0.61103535012944066)
 (0.6539034858338737,-0.83623098900703274)
 (0.10861280143470906,-0.42077016514198928)
 (-0.18529089704677043,0.056834794922700854)
 (-0.26839472680001586,0.5033582340263506)
 (-0.51544194856318004,0.70577298693043788)
 (0.25109397062530886,-0.77164198169892018)
 (1.4447048585571753,-1.291735085729)
 (-0.47066714322241621,-0.26161419101447558)
 (0.19724294843855228,-0.93047017450361702)
 (0.42136381371340204,0.16961367341032449)
 (-0.50611841213187125,-0.84746981305046687)
 (0.31421354696284731,0.76895687826461168)
 (0.046944289328630956,-0.25775384286360603)
 (0.87831941111573897,0.69796016893210855)
 (0.1395573715856796,0.78010189473324965)
 (-0.052360263061236062,0.30700807575928557)
 (-0.28092246342278404,0.40896573969968741)
 (-0.39476537648002402,-0.25721164171414629)
 (-0.85916814609880454,-0.36982564599488676)
 (-0.54834978405290757,0.53794191658029156)
 (-0.11524764923974684,0.6497747298539156)
 (-0.33336205652907963,-0.49693310269035812)
 (-0.60726129201993062,-0.24419246440735112)
 (-0.31886150888765724,0.78231784336993271)
 (0.81454169604788684,-0.34067846983487798)
 (0.1019406801551877,-0.43483910657628605)
 (0.29794375673411355,-0.27253115899439673)
 (-0.53823848705111832,-0.3614547148572288)
 (0.22412831251080445,0.026929896792536448)
 (0.56963123085750478,0.91633164970630065)
 (-1.2178458850468026,0.3620729521360237)
 (-0.25862828603570748,0.19482289184542659)
 (0.86210175240685449,-0.78145122789254373)
 (0.078512185248380439,1.9069679650936164)
 (0.95985750475860798,0.51320491647485222)
 (1.2304847373163184,-0.21756061022627327)
 (-0.13002187984202673,1.7471651141900146)
 (-0.71770131408788562,0.28304076582667204)
 (0.46887564723198588,0.16768198077168633)
 (-1.5916847526617119,0.58721306944373719)
 (0.40603216419900218,0.86125526759061133)
 (-0.77464141281138199,0.16733156195667087)
 (-2.1329129257520747,0.9025124837522599)
 (1.4666379663631388,0.30484040117457611)
 (0.93248363102066611,-0.13793691587910889)
 (0.54395340383605317,-0.28408348534116634)
 (0.12160018596964434,0.68006010660378258)
 (0.49918564875943605,0.27370552912413715)
 (-0.55477365455354177,-0.17542345161295453)
 (-0.33544919370134196,1.7504206714822848)
 (0.71054828652163815,0.31377680444492451)
