# Created by Octave 8.4.0, Thu Dec 11 09:47:21 2025 IST <gamana@Samsung>
# name: awgn20
# type: complex matrix
# rows: 1024
# columns: 1
 (-0.64604056922560948,0.71542143635866762)
 (0.71752565124331313,-0.66222249202140271)
 (-0.77975983950245786,0.7421985858392478)
 (0.67013370448784115,-0.6548108999971447)
 (-0.67964426576550707,0.6684512029908366)
 (-0.69428835336529615,-0.73550440356104596)
 (-0.75697269807003387,0.593711300723334)
 (-0.74072399213203799,-0.71870383617268097)
 (-0.6725179410722445,0.72742954134381521)
 (0.82093299225595817,0.71428970167091732)
 (-0.84293363830808232,-0.84180346278782614)
 (0.63390616849863657,0.6324944519825052)
 (0.76360559021668761,0.69728233866929112)
 (0.68383564932764029,0.68633072077862056)
 (0.73168986674805636,0.80661279208247494)
 (0.65809697977721759,-0.71732326851432959)
 (0.55730216410531697,0.71569880576815437)
 (0.69906430612680992,-0.6486827577714771)
 (-0.55750531677114012,-0.76160663712443866)
 (-0.73951532875130921,0.65302968333007638)
 (-0.70790511286482316,-0.74550907041003078)
 (-0.53171627669569654,0.61009587213412608)
 (0.8778522811651831,0.91611371239974793)
 (0.67847526053737528,-0.81214767146915612)
 (0.75385785310501241,-0.71166072304082995)
 (-0.56472024361029871,-0.65935580013946304)
 (0.69561299844943869,0.77878732846984422)
 (0.64978737007981169,0.75006669705040263)
 (0.71880906220782548,-0.60308281034007449)
 (0.65434930359515442,0.64181354095936038)
 (-0.59217280217262003,0.87528791773626191)
 (0.61954040561488877,-0.79193259548682404)
 (-0.66313050519189065,-0.84103315425321756)
 (-0.67020033519919153,-0.64907859266987189)
 (-0.51970692600189738,0.68384840438086059)
 (-0.78938777780072311,-0.73961988998077322)
 (-0.77014271433338344,-0.70291492787980103)
 (-0.79700490220659892,-0.74396870603002818)
 (0.74877166300167697,0.68789160093698443)
 (0.72326745556684124,-0.72044318062807522)
 (-0.79492328930293099,0.57649391076292567)
 (-0.74108188900157379,-0.75805390530291195)
 (-0.61115976670062366,-0.83955540718497734)
 (0.61059767606478976,0.65424912592742013)
 (0.81795366135855629,-0.65324412686430866)
 (0.63585004980892845,-0.55235817094329431)
 (-0.71256342469567024,-0.83023343559484053)
 (0.63525782560519228,0.75325863879997546)
 (0.75838762804501192,0.73550643797402993)
 (-0.72346374606759689,0.71253413757757)
 (0.63937476290956419,-0.75951398296469574)
 (0.70174433407322201,-0.74607875715877459)
 (-0.77623776072480621,-0.73075700257952747)
 (0.82011139786080645,0.60291613625932794)
 (0.6794544055870656,-0.74646138783503835)
 (-0.57269810323064185,0.70959425291811717)
 (0.6215529546205224,0.60389650085196622)
 (-0.73442786675195149,-0.71512864964189538)
 (-0.68641408922918912,0.69357312620175482)
 (0.6502990291456594,0.7485052947976274)
 (0.79374076559590245,-0.85978183180164214)
 (-0.73409289947032397,0.61109891317950726)
 (-0.66884699845218265,0.59750556098495933)
 (0.58748037003783349,0.74104448592424466)
 (-0.62416366547626512,0.80314145689940719)
 (-0.68586590893160815,0.71464975415871479)
 (0.76799160684752077,0.71859658316733099)
 (-0.83540533567667841,0.68982344045400079)
 (-0.73009880996447263,0.66557896710359343)
 (-0.79009736460280755,-0.75209900932544427)
 (-0.70760831194726448,0.55361888147171301)
 (-0.69137172512180201,-0.59097801123075588)
 (0.64700999540083803,0.7770927548544958)
 (0.72747690717475899,-0.61584920938806809)
 (0.70287971787839887,0.73670280900987539)
 (-0.67304242562645422,-0.68104029444078296)
 (-0.79695087310197743,-0.78543734064086823)
 (0.84191127558569101,-0.69098191533523223)
 (-0.74534609218541115,-0.8289289822495467)
 (-0.79387839843573094,-0.77067409992599212)
 (0.64771555893108446,0.72451050656771843)
 (0.73852396697561495,0.69901572659949118)
 (0.62998003566141503,0.70451970679104781)
 (0.75668172275961088,-0.60463159724439552)
 (-0.69746900984224292,-0.7624594739494045)
 (0.65837394627986012,0.62598762330866675)
 (-0.72789539900721212,-0.69136004756815939)
 (0.688413893784519,-0.67468122202052616)
 (0.70309796698866101,0.78192124763831661)
 (0.65345484386533703,-0.62234960166887077)
 (0.75410619814351287,-0.69031948417786737)
 (0.65828004670566398,-0.72164859115974844)
 (0.67602562943417288,0.73772946006146478)
 (0.653272542732242,-0.76174007622637774)
 (0.69202113330000925,0.79186921910646701)
 (0.62527440557722813,-0.76235043085750531)
 (0.67800140170658529,-0.79182866579467981)
 (-0.8101672298188155,-0.61547245806380069)
 (-0.76127582793127502,-0.57726041649321413)
 (-0.72654499008259299,0.61617617017040049)
 (0.78850590197089154,-0.60884341482448567)
 (0.71262269219860053,0.80029270406290964)
 (0.67218285645470632,0.65466457778657816)
 (-0.68036331392438454,-0.63518424245286531)
 (0.82962825528392548,-0.66255411763235483)
 (0.69873900113811505,0.78708936499739146)
 (0.73150941101109035,0.6716358988307094)
 (-0.6486896233491195,-0.75549973665440084)
 (-0.72228987502442865,0.63489597938915954)
 (0.67690177749119962,0.54303986849882069)
 (-0.54367150774287465,0.65905313608793847)
 (0.74664702587782372,0.62188347951628664)
 (-0.73288204745677532,0.69019950905792349)
 (-0.80251152019559968,-0.68156962216754091)
 (0.61517524421441594,0.69042520239444394)
 (0.66468152929260171,-0.71720390709788384)
 (0.69781076078708226,0.68900003216641115)
 (-0.83313501283124181,0.80384337063346489)
 (0.61004195813409168,-0.73061520326830698)
 (0.76860483282402614,-0.71212891656037447)
 (-0.58112824496102866,-0.75316039377177679)
 (-0.65530477541169652,0.56572703847820127)
 (-0.74338731128235802,0.68389759170033693)
 (-0.78459300495244877,0.82133034732423205)
 (-0.62492911677891072,-0.69833058785441815)
 (0.64851171704243915,0.67238909628499499)
 (-0.67905206635715809,-0.77870566771002181)
 (-0.79090955739367841,-0.67336728330320839)
 (0.70778073290185106,-0.67574847814885564)
 (-0.79298521219400142,-0.67723516746929335)
 (-0.71491841550918611,0.66816628516707466)
 (-0.82208635437085964,-0.7118307677102631)
 (0.65681861366690719,-0.6401183308579419)
 (-0.64525813680723298,-0.72774710316568492)
 (0.6965630025082532,-0.68083460040283594)
 (0.74129167514191519,0.75090275931240014)
 (0.67568897121790572,-0.58448578386837502)
 (-0.70794173190567766,-0.75839488773131314)
 (-0.69864127796253062,0.79717635393308828)
 (-0.66576963726406257,0.72329712718648664)
 (0.75143077891155163,-0.63143225881847864)
 (-0.86540375171901951,-0.8248408494752828)
 (-0.73412933296570648,0.70446056162187265)
 (0.61988030341109557,-0.75461908030172176)
 (-0.70694924061505238,0.75901666952749891)
 (0.78107639798184125,-0.53703301555664951)
 (0.80050687845921731,-0.59572254289161752)
 (-0.61514374662820903,-0.78088858572245134)
 (-0.75890001548909403,-0.75066252029034108)
 (-0.67069010245964678,0.63564935271723799)
 (-0.75933501789428814,-0.76454282746860436)
 (-0.65979680876361058,0.66301000132595478)
 (0.75762613587508409,-0.54708133959415606)
 (-0.72707904441640692,-0.62623360004562667)
 (-0.70545471497176226,-0.72609452701059296)
 (-0.72261831748775196,0.56524152327186639)
 (-0.76665085098246843,0.72037765994054681)
 (-0.70695168477815429,-0.80721323297809755)
 (-0.72122287820593523,-0.65905697618482939)
 (-0.69841728049520391,0.74118191648947107)
 (0.761940995795506,-0.62346577651176771)
 (0.73289451503379455,-0.75177052303275116)
 (0.78402751904215728,0.71289879280260715)
 (0.73458491783171975,-0.73589946188307365)
 (-0.72528366008699974,0.60940988679215913)
 (-0.66901903212267089,0.69878909669357259)
 (0.55183755560171466,-0.64315995458958453)
 (0.6081526986992789,-0.51938926275412345)
 (-0.71052001156335221,0.7302189008435096)
 (0.76472482658248686,0.57531046452392287)
 (-0.68224817812363381,-0.63060526464162647)
 (-0.67084439641187543,0.62991726795685343)
 (-0.69488801775269993,-0.5871284069195658)
 (-0.76604548009468343,-0.74754317870510856)
 (0.62603207273549377,-0.60807313563414445)
 (0.71746707111077634,-0.8467286206039526)
 (-0.83015950509391956,-0.73040171671903353)
 (-0.7702738613749428,-0.63537122680978286)
 (0.76036640426855262,-0.73241024934284282)
