# Created by Octave 8.4.0, Thu Dec 11 09:47:21 2025 IST <gamana@Samsung>
# name: rayl
# type: complex matrix
# rows: 1024
# columns: 1
 (0.80788420554863494,-0.46026043196781818)
 (-0.14173274196677327,-0.64033326199840812)
 (-0.19886440075572576,-0.70892428013876707)
 (0.60263773024842937,-0.26571025808352872)
 (-0.85791197673455477,-0.90979040922346466)
 (-0.66711893389740662,-0.85784761678916022)
 (0.749763920959025,-0.10828467021433508)
 (-2.0210523210091402,-0.55935921344065453)
 (0.9187792128345571,-0.42782812443924167)
 (-1.2290437870877973,-0.67066179971528772)
 (-0.34414401730462318,0.25450230843728072)
 (0.16053239925141261,1.2583699704651359)
 (1.2767746429161724,-0.33986142096369198)
 (-0.34576110724575648,0.23447621721053513)
 (-0.92056087892249128,0.36872694992440153)
 (-0.099074166825014159,-0.54039165864587957)
 (-0.40043094327634354,-0.12059031251205066)
 (-0.31370150376207429,-1.364094427205218)
 (0.10965965759511881,-1.0849839066612474)
 (-0.49368451587583678,0.71136251418846974)
 (0.25331571503738881,0.1439252245497594)
 (-0.91844811519754233,1.0113767024492135)
 (-0.038355541601442944,-1.6206630713455465)
 (0.8442960714864538,0.42312889450378582)
 (-0.27754343703723833,-1.0489611560998386)
 (1.585844227725032,-0.13939189496734083)
 (0.036133546290087803,1.2084529866045952)
 (0.016599883419148587,0.53703422537560441)
 (0.0063006649017328525,0.22231623466318196)
 (-0.11586384098535651,-1.0048423584382089)
 (-0.11263396975099782,-1.3545057915652232)
 (-0.010126606300034702,0.33972300579878223)
 (-0.1776363011117735,-0.60009291878420246)
 (-0.97019769670623868,0.65230053154429446)
 (0.44463279670295397,-0.58708604632399375)
 (-1.0571150643416631,-1.1569083182185267)
 (1.3805340506295887,0.83964089690921306)
 (-1.3686403903573066,0.36394549664755715)
 (-0.10701955006611763,-0.4671397934886572)
 (0.37879477343259027,-0.65947117816735612)
 (-0.25591363105467901,-0.38742516712202402)
 (0.05590890835227641,-0.51011978858877094)
 (-0.74613103229905031,0.01080621270051052)
 (-0.36217720867482039,0.87425500852530968)
 (-1.6497310998797485,0.58021846107060859)
 (1.3881576734388612,-0.53550953264734291)
 (-1.3593530913152616,0.26340160814213631)
 (0.5525640989871311,0.66275649218873356)
 (-0.15108820547857604,1.2235059473963492)
 (0.061202745392071323,0.80378484979082598)
 (-0.1433032647316268,-1.5519236849328581)
 (0.856244919807154,0.62410223620918659)
 (-0.72733798131462279,0.92542344971381274)
 (0.08636047958952231,0.30114965453964698)
 (-0.15352606156635329,0.98699648988094235)
 (0.75613450010775285,-0.60353503058158253)
 (-0.12216646519017921,0.1925681630828826)
 (-0.13222896306879262,-0.28498668130568716)
 (0.96265353079242033,0.89283491217478506)
 (0.23395767367457754,0.75395279192183917)
 (0.54332828679621303,-0.16164531007471331)
 (-0.29242305462867713,-0.049568016988260979)
 (0.56956470827543404,0.051359002192793102)
 (0.8964123138266471,0.26243457352106564)
 (-0.62355535349102931,0.36919551269144957)
 (-0.48381431609436876,0.11234053582487269)
 (-1.1446321378972879,0.24077055098420586)
 (1.2408735157434003,0.33078504948048226)
 (0.41428988829921731,-1.6725194824432501)
 (-1.9677151615367874,-0.28213647695844313)
 (0.27747029110272126,-1.3437681788313118)
 (-0.018621892230849202,1.1165748197851533)
 (-0.12841385130514738,0.4742285505220506)
 (-0.44642831896069002,-1.2316842564431627)
 (-0.047775812808107554,0.21252868920695328)
 (0.77020851827819403,0.66682184467314387)
 (0.54963443715249238,-0.77808426842211609)
 (0.12524999017486144,-0.16867785300515997)
 (-0.12618350375275833,1.042833034422489)
 (-0.88712981367096178,-0.31566124079665797)
 (1.2813212285412097,0.14392753275836256)
 (0.98905251301390074,0.43596695577046335)
 (-0.26141694794381032,1.4629284613606814)
 (-0.10664310338248117,1.4850199299517177)
 (0.15678282131421339,-0.41206488251972084)
 (-0.010507688791918351,-0.32665949811769701)
 (-0.061993376074699152,-0.16767941778963522)
 (0.32768620423446837,1.1587809058795693)
 (-0.36313798723373991,0.71951796321986894)
 (0.24361540785341901,0.87746314829465843)
 (-1.3630271728266776,-0.73403778447186763)
 (-0.79173389481577461,0.087420422505846529)
 (-0.97823867675199905,0.79210443465409774)
 (-0.11303333593209504,-0.070289439489462216)
 (-0.019422932506824947,-0.29306837791893159)
 (-1.4188505020527757,-0.48349418393441407)
 (-0.29720516508664752,-0.044970891464162221)
 (0.64994741651876653,-0.34110737080865283)
 (0.97716236324164896,0.43667933871407427)
 (-0.37330634857042888,0.64401958640874102)
 (0.14512233080805836,1.3203465639199248)
 (-0.12146386679631377,1.0061839956353935)
 (0.60854280670585292,0.8651906152850235)
 (0.87175556992398251,-0.33690766185384041)
 (-0.48960735856032422,-0.82458058463600148)
 (-0.58896215928065132,0.17613065318545251)
 (0.57076319546218102,0.26973036146904233)
 (-0.45796305211148214,-1.1996637530235279)
 (-0.56232481209797303,0.70511426549785539)
 (0.66855247068818424,0.46227235145793699)
 (-0.5860719137591156,-0.78879860352656139)
 (-0.22321131847218276,0.70287595757929466)
 (-0.45501648961436869,-1.5776080067401828)
 (-1.8698737678883139,-0.86931624029713594)
 (0.57169651695125345,0.38201269758857404)
 (1.2997014110936602,-1.0943920872673907)
 (0.20521116896381322,0.68852385268589988)
 (-0.94642606984248068,-0.75229603261876621)
 (-1.1066070011157663,0.46129256982039174)
 (0.13321434982475749,0.10755797147790361)
 (-0.6820693108899456,-0.84300230406361831)
 (1.3821725031550636,-0.017153032068521923)
 (0.82145307329002226,0.38282802640704072)
 (-0.34008532044961576,0.40647591219424967)
 (1.092057051256732,1.10141760511997)
 (0.02589992066107466,0.61970974947172586)
 (-0.50562093566132937,0.33457541765268456)
 (-1.1372821703334752,-0.88079259174766955)
 (-0.11849365218031094,1.2566344775815552)
 (0.07840181032182808,-0.6264612233536988)
 (0.90066643760007858,0.30231458687601043)
 (-0.20406059564177509,0.16275105565756309)
 (0.095095897013468766,1.612051201301508)
 (-0.35259183580938797,1.1775776966112577)
 (-1.5581505863526135,0.048875105990528023)
 (-1.4410903910179746,1.0138356328967084)
 (0.75440561493101688,-0.28004033057582245)
 (0.30194590991430875,0.8566019000925309)
 (0.51795418296981466,0.14940940463398703)
 (0.93170683301104229,-0.3517121244799461)
 (0.94528889651858772,0.29394355737870143)
 (0.6515461546392225,0.64246707908729683)
 (0.33072299699551799,1.1048715642873019)
 (1.0173625305591625,1.1882839958450748)
 (-0.053260753110101144,-1.9332044803051587)
 (-0.53534278402986968,-0.43476776778806597)
 (0.37811140448606817,0.43763574434706398)
 (0.43296175621612354,-0.42137320683847757)
 (-0.19557599806934217,-0.34338676166825449)
 (-0.64328928020198428,0.38383674504078114)
 (-0.18731509291621876,-0.44341893177044278)
 (0.60872848780370936,0.80010420671146654)
 (0.34906753281533026,-0.72258101483538839)
 (-1.3686441998240235,1.0288336683749659)
 (-0.56860381350067135,0.28050058224640539)
 (-0.7286190074372465,1.6017910146818273)
 (-0.34888200143953768,0.26311684145814757)
 (-0.53032253514176286,0.79155239786134568)
 (-0.10816945558362753,-0.14608117078757157)
 (0.4937228551846935,-0.79464867658762706)
 (1.0136376663198905,-0.24558851501591039)
 (-0.6855371431812145,-1.5116607818480943)
 (-0.11319971867559431,-1.1095740811396886)
 (0.67549606521438532,-0.10879678361858852)
 (-1.5247387157984456,0.61697214901618891)
 (1.3122302714284209,1.0289460604847285)
 (0.036288165306512743,-0.78820957910220191)
 (-0.88322187454050183,-0.45386788569415537)
 (-0.16794398169425911,0.24918088161550489)
 (0.40440839110766469,-0.57032236614272536)
 (0.081856117478288692,-1.0882612939092002)
 (0.74469439471953647,0.33241936836803532)
 (0.14285398908765612,-0.066289868533124519)
 (-1.2489013952678418,-0.34001545644280512)
 (-0.50498448183118194,-0.034081416413100085)
 (-1.5987096608321221,-1.8844033083478922)
 (0.25079119776128661,-0.37915081613061047)
 (0.34621841712961809,-0.26168896325892188)
 (0.73422836840776373,0.48270456655577232)
 (-0.097788456718719663,-0.80390978789006917)
