# Created by Octave 8.4.0, Thu Dec 11 09:47:21 2025 IST <gamana@Samsung>
# name: rayl
# type: complex matrix
# rows: 1024
# columns: 1
 (-0.18110525728613067,0.55928193835655338)
 (0.094819361231962662,0.43908576558273749)
 (0.15137818480265353,-0.37066035639272021)
 (-0.051527651808393027,0.3032845150343042)
 (0.33192053767646618,0.49288027711450916)
 (-0.1451464178250983,0.054875710735899808)
 (-0.90296425814309855,0.2978791731693835)
 (-0.074297117728512108,-0.69010932521997204)
 (0.67535245309684422,0.054759482373602897)
 (0.23592186451223132,0.57806166397400283)
 (-0.7500564152033804,0.33808259650034422)
 (0.70874365887269608,-0.069141651926841852)
 (0.018755624026140727,-1.7377829212781015)
 (-0.87597429933874649,-0.4871683159142533)
 (-1.1588951468763204,0.30524183363030061)
 (-0.74512188255545686,-0.41983339947330722)
 (-0.29667229981659582,0.68193070067859263)
 (0.4966216739254129,-0.97067147314931257)
 (-0.038776808245416086,-0.13035517123966706)
 (-1.1098256011596774,0.016256309980231753)
 (0.92818805156039441,-0.24290853889005787)
 (-1.7748128191270611,0.34286727659902594)
 (-1.4283079822347291,1.5322893292047894)
 (-0.44366147234185571,0.93941991941347291)
 (0.44567620428295862,-1.0327965705997468)
 (-0.044601132174129247,0.15742868758984138)
 (-0.13619047904950901,0.21975309152696818)
 (0.49251392910115499,0.81591717865396662)
 (0.30556549776400305,0.1430259859174966)
 (0.23097709480728312,1.2958016430714356)
 (-0.29691212171717635,-0.052333396794193424)
 (0.61429618472620162,0.021214663989987004)
 (0.25254796643837352,0.024319732555741227)
 (-0.85153811594611295,0.84309090694611977)
 (0.38675716674904032,0.71436060054561401)
 (0.59513112023251913,0.47668652051611499)
 (0.98625028409298943,0.0095743336785071853)
 (1.1555539202247525,0.24504853609675553)
 (-2.3140160298766665,0.057173663618026449)
 (-0.80249991016794275,-0.29170200403553015)
 (0.59659535305667299,-0.57810369682364593)
 (0.26125666573184708,0.31600461993628642)
 (-0.40418497830853561,-0.78138148441216271)
 (0.73493643045045398,-0.10700134545310919)
 (0.18916364951221032,-1.1466245977945628)
 (0.87699616759087784,-0.71088124826199739)
 (0.99916350492249484,1.88544284349575)
 (0.31100051083813118,0.84731216548969013)
 (-0.61059934048978215,0.51385889441285471)
 (-0.85470692872813947,1.5684102276664129)
 (1.2511667266751259,1.8294211293115352)
 (0.21302677386105384,-2.3998517280549354)
 (0.52899643538687136,-0.98257418889204018)
 (-0.086380591428872777,0.39054870969593908)
 (1.0648806205346317,0.14803868601609038)
 (0.86387425620837544,-0.27414304309984106)
 (-0.07600948313629885,1.0189653915283534)
 (0.097619664044570287,0.80231919903812376)
 (0.11100748855817406,-0.26188354514326967)
 (0.14997748573152381,-0.39478954755510165)
 (-0.62538445789642483,-0.73633060629094238)
 (1.1937342919449627,-0.87884493153673848)
 (0.20789651308906174,-0.62919906742698517)
 (-1.5903210889461104,-0.36504092837855096)
 (-1.2202393098062627,-0.27198394041107238)
 (0.45577808292358751,0.054625477244686194)
 (0.32665669726216384,1.066970689668421)
 (-0.79040405429770499,0.78134481858027816)
 (0.29433632806640864,0.68156558542500179)
 (0.092769133294762801,-0.56719588498732543)
 (0.1658519365550698,-1.2995685672197874)
 (-0.49967217824946797,-0.053460155612727628)
 (0.68747098989366928,-0.58460292038255357)
 (-0.19074108380647695,-0.5133942658885543)
 (-0.3790341508904771,-0.90247004341879289)
 (-1.2924670968421847,0.67976957917260594)
 (-0.014623008812232219,-1.1713357680715863)
 (0.80443372444251382,-0.91127349251889644)
 (0.24951558193253465,-1.32406798050101)
 (-0.84181762606577271,0.58929480245706178)
 (0.061501108330979215,0.98194686071441717)
 (1.1669400082294372,-0.13074276365749049)
 (-0.3663292846475687,0.5719253921361922)
 (-0.12430339835333754,-0.58959254947174955)
 (0.5874338437297002,-0.18936933859821253)
 (-0.94204480199956131,-0.95321845447206299)
 (1.0022919245323769,-0.1374096291519199)
 (0.62064824276341635,0.70390019559822248)
 (1.0535196214649678,0.66722757155386114)
 (0.40390356013230777,-0.54415126540989323)
 (-0.064617302008056543,0.9821782003532844)
 (0.77708634640316454,1.1666180216558897)
 (1.0519547515541627,-0.66984962965108896)
 (-0.54419626636611262,0.33278107523629741)
 (0.72485510414334375,0.37484108989668341)
 (1.4281535642504943,0.54026526089902505)
 (-1.4286829085590051,-1.0374159477391176)
 (0.30968201530345846,0.45294835787748994)
 (-0.13420013215034049,0.1396268115701888)
 (-0.020233474154254416,0.63912350099165027)
 (-0.7038680146200913,-0.1433248774256109)
 (-0.16416107188789308,-1.7806841736198584)
 (-0.86432763412133984,-1.9232455583993189)
 (-0.4874707591783124,0.48763560783145699)
 (0.5594260297255278,-0.70243676985222336)
 (0.8927246360484361,-2.1548395792413886)
 (-0.71631555560079563,-0.31806701615986194)
 (-0.70125523370863263,0.44206739936284106)
 (-0.13113083251423244,-0.60514122215432198)
 (0.30381125690192057,-0.2639527194201432)
 (-0.43059606872700512,0.27991620538456402)
 (-0.10322641583273784,-0.037878297623873625)
 (0.12795507836647962,-0.72619660661231178)
 (1.2885559009166381,-0.22368551310221174)
 (-0.96533507215841285,-0.088716211180106475)
 (-1.0597287784272422,-0.34447589997204214)
 (0.20317000358519458,-0.12633958090957018)
 (0.68678562173092272,-0.45038660382180296)
 (-0.7003926908749577,0.26585470779551679)
 (-1.107834468046188,-0.40420662210077124)
 (-0.66728865224225331,0.0061261247991447609)
 (0.71138528536736279,-0.1824555323538733)
 (-1.2277972486494177,0.60365584329834454)
 (0.086995257659825187,-0.61482777756762208)
 (-0.20197367106341937,-0.019507481784577313)
 (0.27497604489302563,0.45628981491267273)
 (0.41968159033211749,0.66395670634184156)
 (0.75961061822894504,0.24219368399936503)
 (-0.50424765597909282,0.086529004041329682)
 (0.047045002629226423,-0.22461872558710058)
 (0.85530662654013334,0.22811075934460912)
 (-0.71824103772620762,0.87366339390802383)
 (0.061853185613858441,0.0048742175072497562)
 (-0.21074874527030646,-0.20785844551720101)
 (1.250309837976423,1.3046697011796553)
 (0.44222170149058426,-0.028687785301591912)
 (0.54332665011232606,0.32355827266251175)
 (0.74481851354268735,-0.77333496718309458)
 (-0.066617034234589895,0.36455062178399911)
 (-0.40509372619617445,-0.17894899272233303)
 (0.25386688950443037,-1.1060167704225079)
 (0.44981924100723647,0.31637247270225544)
 (0.36376443362640282,-0.77984812422276772)
 (0.49686496138278413,1.4246867102424363)
 (0.20893763435602325,-0.80878689112408853)
 (-1.8187485600845696,-0.96753049099326349)
 (-0.36328905689614077,0.33287133452138307)
 (-0.049173795325621911,-0.29979049064792684)
 (0.068969937246434521,-0.081276291718496041)
 (-0.65551074499839757,-0.38896362640313498)
 (0.25021701989643708,-0.80918389697913096)
 (-0.49362764797360192,-0.1599554016066628)
 (-0.16619139313675449,0.48593969185840113)
 (0.12694887805170935,0.41237899404721429)
 (0.39284616540197836,-0.51599202589142212)
 (0.26102690521454031,-0.2431162497653705)
 (1.3656560879944413,0.7903376188596527)
 (0.29598079611282146,-0.12657841029430911)
 (0.85455205055195993,-1.328750420841017)
 (1.2268954184407743,0.16983268686825581)
 (-0.48009752242129988,0.55322682189505479)
 (0.19122435591043357,-0.67623872178892563)
 (-1.2896901766973397,-0.65286501561549704)
 (-1.3756991394394986,0.45284428038617885)
 (-0.75544853460026251,0.72645805828132948)
 (0.82975958943189465,1.0783959958313556)
 (0.44182157651009085,-1.2651771494699018)
 (-1.0289874822933458,-1.2192643470203277)
 (0.41952876133740669,0.4516535758199125)
 (1.4169489346437527,0.070026980878178269)
 (-0.17511689846180883,-0.70442670412230224)
 (0.1224680211325662,0.055143809968778865)
 (1.2338170036227167,-1.28129576675559)
 (0.37616691609111869,-1.2697617768846587)
 (1.1585947130901055,-0.19282608967136083)
 (1.7741891558260843,0.30281252988617158)
 (-0.18055859321693546,-0.013303556162798019)
 (0.29247823731470624,1.3492941908721878)
 (-0.17779312295803665,-0.44487372813754578)
 (1.2980786496349928,1.2229588882460631)
