# Created by Octave 8.4.0, Thu Dec 11 09:47:21 2025 IST <gamana@Samsung>
# name: rayl
# type: complex matrix
# rows: 1024
# columns: 1
 (0.53974269539122022,-0.32909898042669655)
 (0.052637575282528742,-0.3777887205871292)
 (-1.3022993833550058,0.82149243367751157)
 (0.66291286135914196,-0.043608708083265391)
 (-0.63947028571371167,0.45404623685688461)
 (0.31082217269665935,-0.36541054243855331)
 (-0.047003517535176786,-0.75714186101318504)
 (0.18447975657086385,0.19327852257391132)
 (-0.59974832427367009,0.22419975341192963)
 (-0.40231820120544848,-0.052979396503748305)
 (-0.36932895911160502,-0.64928384384028559)
 (0.69733722051337399,0.26907803134439923)
 (-0.55708947511564877,-0.78171153842253216)
 (1.1672255732476078,-1.1890906257674714)
 (0.91549022122006385,-0.60595447407624381)
 (-0.51967496926833512,0.1768963216412888)
 (0.99422126038546144,-0.34178791488390936)
 (-0.81240205879928618,-0.78369348559241625)
 (-0.98733838885077774,-0.65116675652332445)
 (0.68292918683689252,-0.82164208720532383)
 (-0.11589946678372876,1.5915016033708025)
 (1.4844055433955901,-0.066123752263330893)
 (0.42698308795067008,1.2074352779779831)
 (1.051333561814856,-0.12323091938362007)
 (-0.52061434384916527,-1.2102019703368658)
 (0.54295303977762976,-0.4314541625816139)
 (0.0080750196679767738,0.45641744839922949)
 (0.58982663438901084,-0.17803210453984955)
 (0.15681847628337103,0.35862510719440449)
 (-0.41517111202996682,0.40154565424543331)
 (-0.52327713056528413,0.5629537719825024)
 (0.32342614756252902,-0.46036309717833651)
 (0.67651315912197141,0.47506901336047397)
 (-0.33180722563546267,-0.35216467259199474)
 (-1.0416288018136008,-0.12140563678947358)
 (1.4777130878521874,-0.43918798502799816)
 (-0.060488892853250986,0.45451699563350489)
 (-0.24007060494760879,1.3099866934462057)
 (-0.68585557727529201,-1.2031615117818468)
 (-0.11909619852745001,-1.2577829792172923)
 (-0.38459606432506954,0.45206003703526254)
 (0.17250517678507332,-0.083488650529045763)
 (0.19488147401247019,0.30638736072859291)
 (0.87865688627039906,-0.92782806922520533)
 (0.40105348849668321,-0.84371075264987105)
 (-0.13630855340797732,-1.4086707320498337)
 (0.011902864010750608,-0.28199250636123341)
 (-1.7182626254324909,0.92367459129337659)
 (0.78074112307582866,0.63555409474896274)
 (-0.028338662389413183,0.48111935840578768)
 (-0.71332536316978112,0.093783127553475176)
 (-0.095820730192483439,-1.0454474499962672)
 (1.2518717897721165,-0.78813452915207105)
 (-0.0099928994628362099,-0.051526473217710131)
 (0.69045419422141796,-1.0912808448538329)
 (-0.63981640123693606,0.4099528112232167)
 (-0.211579372244311,-0.68760131919718948)
 (1.0556251190940289,-0.050826800751856971)
 (-0.76731336396753091,0.4718947672716039)
 (-1.0290518957538322,0.84183720955380892)
 (-0.28046701154963538,-0.75288558152870777)
 (-1.047305270861828,-0.14229628944727374)
 (-0.94217627636040113,-0.30555612025355466)
 (-0.21967431538282645,-0.059421476861530986)
 (0.19113896673661179,0.92358830553543181)
 (0.36808975451696524,0.58933700591189342)
 (0.099598795448781086,0.73973110528658004)
 (0.1628749673273987,0.03369263013136016)
 (-0.99139142603808816,-0.14105134732439673)
 (-0.10240309191307037,0.47877790158597566)
 (-0.54566692887721469,0.0064143846116540004)
 (-0.77223123127394067,-1.0064646113633553)
 (0.46618317089987477,-0.54657256782406649)
 (0.37379377674484043,1.301755166901303)
 (-1.0679404459166779,-0.022566986924458132)
 (0.68791079280839362,-1.2363400234468886)
 (-0.15876547681067618,0.23105456960376483)
 (-0.81452942618420521,-0.17450319355918764)
 (1.2659383888703921,-0.22461316415324206)
 (1.5537210946141231,-0.21750504847614882)
 (-0.18522569534068076,0.54669054281078422)
 (-1.4827391486015253,0.021061958904067701)
 (0.054924972963708685,1.4436674113441654)
 (1.0641483816049584,-1.4013341314995695)
 (-0.75554891875242469,-0.42196304508872801)
 (0.066658612366014308,0.3058897783949831)
 (0.64231374982618916,0.29756986170047317)
 (0.3235159572235552,1.4662573868602573)
 (0.42500125547380119,-1.4019537413305858)
 (0.71230795288922599,-0.19753751294580607)
 (0.61288112816447538,0.31717771157616415)
 (0.21977758996657737,-1.1358604880044045)
 (0.74518178405589985,1.4316885884736528)
 (0.38600528422981784,0.00586716765203249)
 (-0.64887217963908284,-0.52005539004250223)
 (-0.76542638252841566,0.46614378272536816)
 (-0.14245728932996279,-0.10366744889470809)
 (0.71833018294639572,0.48722921383044149)
 (0.62338930024496864,0.042181700987305504)
 (0.72498407829219147,-0.087495145403637342)
 (-1.0310636080035291,1.1123964877456605)
 (-0.48800370994948755,0.74093401209023124)
 (0.35621134959324452,-0.71082398182581608)
 (1.0185128980403146,0.40847429841222088)
 (-0.49785510490792417,-0.51735799824358197)
 (0.028367479690402181,-0.15209135370583646)
 (0.77458571727384706,-0.5992005100461506)
 (0.093960006299191018,-0.33905654843895694)
 (0.27600163274119272,-0.11857396749853696)
 (-0.20111359310640445,0.52051813820589921)
 (0.22743010763097746,-0.21755885721868581)
 (0.65076702067852865,-0.42133348459874853)
 (1.1120712183264019,0.33550728209237562)
 (-1.0209497719217453,0.74659553236161114)
 (0.47427422879169973,-0.018040805584313035)
 (-0.51943975343636772,-0.77690423507326889)
 (0.51405544286587812,-0.34811612282201038)
 (-0.81984560421071373,0.46586144823361464)
 (-0.35692605584081205,0.46836672561923387)
 (1.8343975706168609,0.76494973507175057)
 (0.3916464019286886,-0.42753972154164455)
 (-0.029866586952853713,1.1761890504547781)
 (0.25958258764115782,0.56455548137373901)
 (-0.77657405211535924,-0.025050454027075009)
 (0.30837443088904115,0.39435618417802121)
 (-0.60206175219238234,0.44092209831687951)
 (0.43202255026393466,-1.3189625086281334)
 (-0.39760686160904168,0.82329182286466185)
 (0.26446844610421505,0.068316233427104314)
 (-0.15921837626357482,-0.75585030000463715)
 (0.37731926914866526,1.331292092389684)
 (-0.42925124424357186,0.078789622529712222)
 (-0.016560400501943004,0.21053285770804558)
 (0.33937461148933101,-0.72033618927406873)
 (1.2615545034460252,1.2981572753290833)
 (0.13509094864225354,0.0018788377798789613)
 (0.59297128556576884,0.21480563909021702)
 (0.85940165670753621,-0.065043337920178634)
 (-0.13291486606121783,-1.4644286835695768)
 (0.50424436174329246,0.81946869657605437)
 (0.13150650494733451,0.13855090388135677)
 (0.68502835277871754,-0.43938572661554032)
 (-0.19891164863650168,-0.39436474835260138)
 (0.40232025896775947,-1.6504551300013148)
 (1.0019434328734467,-0.45881599043847465)
 (1.3260823885233155,0.009896956353281805)
 (-0.52255199232822536,-0.83393847888092321)
 (0.038143132420639318,0.13155221937133491)
 (-0.95769981830806628,-0.088845453089005211)
 (-0.78349631257882912,-0.54157833631462482)
 (0.88627642273253648,0.17547216171204039)
 (-0.25924748092186234,0.70542712404888075)
 (1.1011293734521468,-0.37850140048031899)
 (-0.64421849603011705,0.055332723379726168)
 (0.024828824188080745,-1.2250135013937604)
 (0.79141407162527422,0.40223760964487099)
 (0.025250218175681516,-0.94923725134936365)
 (-1.7873349267000647,-0.69316290990227591)
 (-0.1776479869886558,-0.25230869129121886)
 (-0.18039877708160609,0.54478295712867053)
 (0.35332143755702428,-0.012373678947631445)
 (0.099544909025528594,-0.24088048612045515)
 (0.28543236590520066,-0.96516989932944419)
 (0.33585949225953216,-0.70688268761582407)
 (-0.84244913476251782,1.4047885938357165)
 (-0.41822196503389414,0.31002647037461112)
 (1.0999680963259837,-0.049213179385874883)
 (-0.10868522780983805,-0.097672249778305353)
 (0.37200076825367723,-1.1936757180746143)
 (0.60067394326677981,-0.44170488056960239)
 (0.084007238608435203,-0.33903266811392052)
 (0.264988675839819,-0.10023118203631917)
 (1.0337713000686131,1.5220463587158026)
 (-0.029758293316372725,-0.51345893611204296)
 (0.17848260240619784,-1.1869250708289052)
 (0.44708263582042451,1.4809484284489167)
 (-0.67258211312408434,1.1892958644224929)
 (-0.21893969163368526,0.30109178942746501)
 (0.63306138129329603,-0.0037582178953511347)
