# Created by Octave 8.4.0, Thu Dec 11 09:47:21 2025 IST <gamana@Samsung>
# name: rician
# type: complex matrix
# rows: 1024
# columns: 1
 (-0.61400120990391538,0.34313949031647795)
 (-0.51896535588513681,-0.92048161744938195)
 (-0.12068564061813694,-0.58476103738210017)
 (0.34296280544770896,0.34970087124036475)
 (-0.34305990067261821,-0.66584714265084499)
 (0.36851719666381066,-0.35285300815354204)
 (0.32561772500515179,-0.42528677451013835)
 (1.2761840982313732,-0.50459006507245419)
 (0.55031845274078062,-0.47101125503020008)
 (1.3166422588870725,-0.41580025384507058)
 (-0.55630075884143493,-0.66925837572698532)
 (-0.78719130391075953,0.8914503881094612)
 (0.68729798193901659,-0.46978704278790545)
 (0.35897056022835244,0.89651808331286764)
 (-0.62776561033778533,-0.50781518358078825)
 (-0.44306873814295261,0.30293074913453283)
 (-0.57094730188506637,-0.77027656326985539)
 (0.36307631912668203,-1.2961072743817414)
 (-0.3414653576780497,0.34341668624459126)
 (0.58517803760069997,0.78141333800750712)
 (0.77727958953087228,0.59197302132494267)
 (-0.77858257019092236,-1.0907373315720548)
 (-0.68879889131498229,-0.68457743919648739)
 (0.68351650862424584,1.0175043141462836)
 (-0.68682069581137728,-0.91499431057468794)
 (0.10389208422941328,-0.32258182738851959)
 (0.49164884818525495,-0.47488432003156417)
 (1.1777636537674154,-0.50565782009532489)
 (0.77660679798787458,0.66665252121857521)
 (-0.11363775759445838,-0.82520748969576319)
 (-1.271216778264092,-0.3099599307418246)
 (0.179054610286562,0.72587192643271337)
 (-0.12754742355034543,-0.6048814886790792)
 (-0.9672257889836372,-1.0842908518227996)
 (0.16190284053775661,-1.0005074858436065)
 (0.62432621054152382,0.70745235694208619)
 (1.2054258668198614,-0.35350040664385313)
 (-0.71511946189458764,-0.40480232657425563)
 (0.96124979841316072,0.94890364061305621)
 (-0.61931240754419181,0.12956005429015011)
 (0.75731520017294363,-0.92856466635908308)
 (-0.0062454310510293154,0.68555085520584003)
 (0.033048007204670382,-0.99743249467819495)
 (0.17338621960258105,0.2833601539722132)
 (0.44317281729485553,-0.092423801049691112)
 (-0.17036358245962635,-1.1963672690307003)
 (0.3943262047743662,-0.47954291516736747)
 (0.3021589114590878,0.1117524448627531)
 (-0.29010079231495661,0.30561101669125451)
 (0.87271023109230816,0.46224201805088538)
 (-0.45262475232849314,0.2671683120487563)
 (-0.49587901908543808,-0.88113747789467944)
 (1.3294423183106656,-0.29087414189685978)
 (-0.62674472284999772,-0.86884015205168097)
 (0.44346207224128475,0.71010404041921515)
 (-0.33957657447763867,-0.054380201782932541)
 (-0.48570403905772069,0.65462494362929891)
 (-0.98478250222792274,0.27570562446848601)
 (0.88872939771892245,-0.7561377161229238)
 (0.77065602927844501,1.0609796517465839)
 (0.96172585406303779,0.032996172839590276)
 (0.20678346933675196,1.1526681310886402)
 (0.6030589213407922,-1.0431924005827597)
 (0.64926786513706303,-0.53998834762979697)
 (0.23955272601273053,-0.79732365369525837)
 (-0.32495147534927527,-1.1462662000812798)
 (-0.43759694880416833,1.1744250723705236)
 (0.6535360056814048,-0.13460796858418739)
 (-0.63234968341680986,0.041060491942577493)
 (-0.83416213238313641,-0.3418448481934383)
 (0.83448932511365437,0.84691616917660151)
 (-0.39886690833852961,0.66626180430091742)
 (-0.19590764394026638,-0.74437997574717896)
 (-0.69509641383962439,0.78256173118420402)
 (0.75327085377176828,-0.50451372673045003)
 (0.47113328574358571,-0.74375593933820294)
 (-0.24820723642492468,0.56789124011150016)
 (-0.99377681016090769,-0.42409126509953188)
 (-0.68572931640247448,0.3026886437767205)
 (-0.37764702565559444,0.21546299437312649)
 (0.95671360550267337,-0.81146854028128901)
 (0.91339711627912323,0.68227184313440259)
 (-0.94782349318187198,-0.72580219970203286)
 (0.9752642809494978,-0.77893660352025784)
 (0.91773322353869369,1.0829881769342509)
 (-0.48207658546684423,-0.35932562015548114)
 (0.36797358973092603,0.48486433363159248)
 (-0.75816737948032831,0.81651868190160681)
 (0.054577859756550662,0.77308105052216836)
 (-0.29882234071142383,0.82797934921620331)
 (-0.79310167525389552,-0.5898672667788647)
 (-0.29486384095722856,-0.56422084819463847)
 (-0.67384595877922659,-0.24689769954833715)
 (-0.61836617855669562,-0.93646024529684779)
 (0.89819977919392247,0.38643998158779086)
 (-0.70032907938445466,0.24721262597140514)
 (1.0243202903953375,-0.13483994005532601)
 (-0.75138704055885031,0.088000852102125438)
 (1.0031481068188288,0.60888390903464695)
 (0.65169346736921374,-0.55098192196988449)
 (-1.0556209742054115,-0.01851442670098491)
 (-0.86590254368192376,-0.74585133323621811)
 (0.40611368317533691,-1.1879830052501843)
 (-0.95165748088360158,-0.72461813938559017)
 (0.86879854621960717,0.82039087297781987)
 (0.67720972848411431,0.21903401966056452)
 (0.23253084509542724,0.16852098460326206)
 (0.34527024128130068,-0.26833202656263011)
 (-1.0275899673535491,-0.19879676460121992)
 (-0.39985162027167842,-0.60409786417660505)
 (0.78623550652205798,-0.66346535602043433)
 (0.52474787335928275,-0.439272664630879)
 (0.49146157544913066,-0.74236700226760721)
 (-1.1385722502329985,-1.2007780438427986)
 (0.86999247401249336,-0.39445566646496677)
 (1.0590734474066381,-0.71487576069634551)
 (-0.32100864664924644,0.70552320300965354)
 (0.53054286516562443,0.71017550232815607)
 (-1.0379017030673734,-0.82382734811164504)
 (0.1323231825426176,0.72912800319186788)
 (0.26336309921352324,-0.30751856368572689)
 (0.48395726001724826,-0.85908823922270849)
 (-0.52154363860852859,-0.082955646149240198)
 (1.1853813841913268,0.83479438747371493)
 (1.0330818298584441,-0.54345742209965464)
 (-0.45298413031343965,0.13363940811696265)
 (0.19870795712960743,0.050610857873581702)
 (0.96188329971141706,1.0660492120192362)
 (0.26621371784188352,0.033779664713074101)
 (0.92037485374722738,-0.49825307269675084)
 (-0.97492386653679652,1.3681192474701884)
 (0.45525985877742003,0.67569438385415859)
 (0.45408694169263597,-0.65448511728194869)
 (0.77438863872987074,-1.161323610757574)
 (0.57582769541361223,0.99119414783740989)
 (-0.12736932007113921,-0.052046576316196434)
 (1.122827692307182,0.33751686920986007)
 (-0.96055227091569073,-0.065748067131672472)
 (0.47217612211236126,-0.85548816191018218)
 (-0.84588263646830641,1.425466910786326)
 (0.40161643730081564,0.62255035862472885)
 (-0.59787266125296901,0.88347835824195387)
 (-0.252951771019362,-0.40647891928865604)
 (-0.42230737201379276,0.73728044923979874)
 (0.91646136318612226,0.46420913539372255)
 (-0.15452482564265974,-0.5340409058116522)
 (-0.53037237155400696,1.2858973132088285)
 (0.75641293819867872,-0.48825699069740536)
 (0.68437851235641922,-0.20134649853512801)
 (1.3118000162061771,-0.46574223882976856)
 (-0.65154859025178002,-0.34803385423787814)
 (0.20109075641813451,-0.63154810900238112)
 (0.32696348173310746,-0.3185531725153628)
 (0.41962542425463661,-1.0643614376944761)
 (0.70504265732665328,0.80234862050741507)
 (-0.65909617814600718,0.061609509150329478)
 (-0.81948893415787927,-0.91008821101193815)
 (0.92746976069105269,0.33068780625826411)
 (0.07941441118971107,0.49750571244877706)
 (-1.0831742433057565,0.31736667268787183)
 (-0.3512602299370895,-0.37552576059851395)
 (-0.75955489637935936,-0.66733680371311499)
 (-0.94373547320335205,0.794659517939039)
 (-0.24266544928580391,0.79622115602512789)
 (1.0381467620684499,-0.57222074318028104)
 (0.6550994060920392,0.60807792271771111)
 (0.47468009832683944,-0.10376834501118559)
 (0.85029019610862056,0.13633297116436993)
 (0.30625533409882388,-0.26532296832665547)
 (-0.66120310156419404,-0.47559204072118516)
 (0.55020955958318385,0.45689347945126235)
 (-0.24515928507510587,-0.58796252356241729)
 (-1.1404061805725572,0.052713577650375987)
 (-0.046157395887019947,0.61654966960876922)
 (0.25545481545753496,0.86351047368871203)
 (0.93916023088325495,-0.43351710198121024)
 (-0.67845015771640849,1.1266308108435383)
 (-0.16807233339761896,-0.5606029792449857)
 (0.71815677232570774,-0.57856854533653579)
 (1.2147064025760583,0.95504000455071658)
