# Created by Octave 8.4.0, Thu Dec 11 09:47:21 2025 IST <gamana@Samsung>
# name: rayl
# type: complex matrix
# rows: 1024
# columns: 1
 (-0.66592820258421059,0.035616126197691444)
 (0.1047960137117957,1.1353964154266292)
 (-0.70812495895491345,0.39084282575236151)
 (0.40577595172946712,-0.29011023020873372)
 (0.20950173366381397,-1.2884118572680618)
 (-0.16378434031567529,-0.71688922578906467)
 (0.40119569881665063,-0.31241110166670172)
 (-1.4251085169108704,-0.28153523168559536)
 (0.19415094237834438,-0.48082806559597768)
 (-0.15371580750653419,-1.0760129406637331)
 (1.2489499179293533,-0.3063516337404259)
 (-0.24881165574922109,-0.16376892606205717)
 (-0.64289803997096784,-0.032413375551556933)
 (-0.77248519511292191,-0.42173492525088313)
 (-0.20452285392427547,0.24298765268503955)
 (0.051587128720688137,-0.093066652028267055)
 (-1.7281946948770199,-0.54340276101180573)
 (-0.49522667707146878,-0.024201757138389179)
 (-0.49708935577367963,0.82904281389017453)
 (-1.2269683323068319,-0.34689695878510179)
 (0.032373294886059056,-0.54097542570311985)
 (0.81515839874189222,0.088810268029029582)
 (-0.20111594003028332,-0.096101956586641821)
 (0.16839918505267576,0.42451020893443131)
 (-0.17120400740478967,0.28046405980139466)
 (-0.61637558535881876,-0.13493653036942688)
 (0.35146877921484193,0.58575919446403946)
 (-0.23479744951954373,-0.9739011974269689)
 (-1.4164856272681314,-0.21461691316222076)
 (-0.27083776517547514,-0.76506608271608179)
 (-0.72804008478925075,-0.54225268670169124)
 (0.61559417083543932,1.4692056881340645)
 (-0.13129972909235521,-0.99571960170023832)
 (-1.0826911734048938,0.78969785182428309)
 (-0.15898324200260089,-0.80830924986873565)
 (-0.50927671116114182,0.45052132830831515)
 (-0.10854120871453807,0.25370019670521837)
 (-0.21893122579031563,-0.32219431807172816)
 (0.35697680872316284,-0.41631457345811984)
 (1.4533289785492578,-0.50137992411554633)
 (1.1115348624596724,0.43354097708169437)
 (0.37819243063232055,0.59675464642560039)
 (0.91503149454438071,-1.0235343178429002)
 (0.13149248954894038,-0.84020963076972222)
 (-0.091220324983851853,0.060256928864068665)
 (0.39124214526953027,0.1629180975865806)
 (-0.9124718573726498,0.045891158302119817)
 (-1.1315540979930165,0.65155466024336506)
 (0.56182490795577322,0.18466206331779098)
 (-1.0676654157970336,-0.080056279847770528)
 (-0.30593388939848265,0.13044097169977165)
 (-0.53497559759263669,-1.2346798452041852)
 (0.17928212360322002,0.023809668776345994)
 (-0.27262133209854178,-0.43335347996791018)
 (-0.64785772568852618,0.73354074064712227)
 (0.77333474143123693,0.31278001516109877)
 (-0.36989922500017014,-1.0252901743446285)
 (1.064151361252798,-0.53783537170320073)
 (-0.90588122786323244,-0.10659349977267701)
 (-1.2807994114379078,-0.23262715522270994)
 (-0.26069754956719193,-0.7028425680038205)
 (-1.4242680508768299,1.0571417079780838)
 (0.79077136034388318,-0.085600650894263053)
 (0.81803449468884859,0.14481223625650008)
 (-0.07637394928607863,0.06811855971180894)
 (-0.50007500983878628,1.2477231700581657)
 (-0.56397236107472382,-0.64130840149931201)
 (-0.3712208519218263,-0.26850862339378223)
 (0.3969115669204456,-0.30826215241904809)
 (-0.085842799248782214,0.20055382071468078)
 (0.32601469821956996,0.52140398448288638)
 (0.34095361075059349,-0.47972010150075062)
 (0.59667349466584851,0.27568933632271692)
 (0.46786061787224814,-0.19516922339970172)
 (-1.3441321128751031,0.12502849389064175)
 (0.54376672800163361,0.64344377708735534)
 (-0.72166608335515947,-0.48773311300381278)
 (1.072592562136367,-0.33495810727879272)
 (0.88986715662293392,0.7508731688575343)
 (1.7415188278621705,1.158376031463118)
 (-0.014642374591114227,-0.65570789015347763)
 (-0.73282512384384657,-1.4468181424781223)
 (0.75939883046716883,-0.05105121018179376)
 (0.16305238631079141,-0.15579888844610543)
 (-1.2444775038131457,-0.11165268626545888)
 (0.3787539531261836,0.34191905601557898)
 (0.3288488902712231,0.21855587690592182)
 (1.806749013280929,0.63415102413999169)
 (-0.38588455073643946,0.046101062579004343)
 (-1.396108312119277,-0.28081909203236111)
 (-0.18344226164972338,-0.3331822426977587)
 (-0.18320060540492297,0.19202733476420417)
 (0.6262471072634157,0.89333088986018483)
 (-0.1428782889764918,0.1343096955027534)
 (-0.38113958442113294,-1.9948990231947166)
 (0.97179404266425806,0.24157247057306985)
 (0.30491495953581293,-0.3167532375054114)
 (0.81621464465904292,-0.96376503011543158)
 (0.29415669131369004,-1.6046916083914273)
 (0.9128022664553217,1.0135688087841916)
 (0.87727623317489678,0.62153230862393605)
 (-0.77753344577109418,0.53622418809378669)
 (0.22671273676757997,0.28055208966011325)
 (0.82688437626357558,0.36234301872245117)
 (0.71503593320960923,-0.21816068502730085)
 (0.44715087785006608,0.58414128025712231)
 (-0.50134183213686812,0.35797635338694034)
 (-0.032760905192048287,-0.098980977676901824)
 (-0.45681791731070265,-1.4130195519698883)
 (-0.21352792809973115,0.64412839016053258)
 (-0.090516006074634114,-0.99296021149375724)
 (-0.43071629467013756,-0.80590781666346456)
 (0.63796268834178793,1.5470929679798178)
 (-0.25098870683831032,-0.93917834846374815)
 (0.87753658157956949,0.28956268315589723)
 (-0.93861143843027717,-0.39992535931667617)
 (-1.7428276709331672,1.827720811572169)
 (1.2831496562998814,-1.1790949159022373)
 (0.97842736989029866,1.1802789148392625)
 (0.14260274717596674,0.40608525616706292)
 (-0.82388351365542378,0.41235771294997525)
 (-0.3424155726444052,0.21193332779235036)
 (-0.13966000098333275,-0.0022269602310487357)
 (0.81463086998954659,-1.2335040303656262)
 (-0.0054265272426673727,-0.45227573576800628)
 (0.76809586159025434,0.65810843588321333)
 (-0.61260826974678573,-0.58058430148552198)
 (0.38920299105354439,0.77840731049985612)
 (1.1552992487557543,0.93265643191343162)
 (-0.017692332387417853,-0.66522702999118533)
 (-1.7644038178369397,-0.3705475404416978)
 (-1.2099149326241796,-0.54939108981249463)
 (-0.6956440077931425,0.059217930682082642)
 (-0.32938748120611372,0.84344313224019274)
 (0.13164731024730705,-0.21323457908475266)
 (-0.33249151506913144,-1.2792760626315893)
 (-1.1871026423294047,0.38532486523081066)
 (0.50608826261850037,0.036312114016136737)
 (-0.58877136722243828,-1.6860743490059051)
 (-0.61754374761256281,0.35944576152108443)
 (1.1265193785054264,-1.1630222780157136)
 (-0.95462290391682125,0.30100641858344174)
 (-0.060616693439090458,-0.478941846820234)
 (0.90600608658195403,-0.89705799813310538)
 (0.80393427449491128,0.68980654472949887)
 (0.76118803690112391,0.7927705786164847)
 (0.26598630611870239,0.80801398365719157)
 (-1.1172325972156494,-0.58790683205054539)
 (1.0466597339125054,-0.51587988062390899)
 (-0.6111394609634544,0.53196374950532888)
 (0.072233174369840891,0.45279183738439954)
 (-0.10011404991465683,0.0048791534962901242)
 (0.41155407012780754,0.77682024377844261)
 (0.22037236450755834,-0.598272306068378)
 (-0.21876573269390504,0.36804036080868435)
 (0.36247486908710758,-0.10199500869657843)
 (-0.29702539910687298,0.92774377142461417)
 (0.14747644554490855,0.084332639529838743)
 (-0.23003687762349811,-0.40264326293393793)
 (0.68144551190612923,1.3050381956907273)
 (-0.098848837358383651,0.13451824045778382)
 (0.37552743432624736,-0.099764465461470525)
 (-0.63233277379917474,-1.0125026352247035)
 (0.61028201018027473,-1.1215234426455294)
 (-0.8148913640085893,-0.47153073806380491)
 (0.60305542872217699,0.18685735212200055)
 (-0.79221947976788398,-0.84528372088452219)
 (-0.00099697411120103219,-0.74655813258171788)
 (0.30885657413893536,-0.3129587927508713)
 (-0.59749095242138872,-0.22108256996961725)
 (0.1689788669023628,0.23314069589882991)
 (-0.59143923359597339,-0.78235401909444768)
 (-0.29868472236200622,0.078969712703491804)
 (0.63198476773318035,0.83795069165391711)
 (-0.74578786498677951,-0.52328809618114636)
 (0.34352390577552061,-0.1818710370372956)
 (-0.14072531539775579,-1.7627552343429231)
 (0.32039863721661466,0.86114591384727623)
 (-1.2779894867129193,1.2568132284317228)
