# Created by Octave 8.4.0, Thu Dec 11 09:47:21 2025 IST <gamana@Samsung>
# name: rayl
# type: complex matrix
# rows: 1024
# columns: 1
 (-0.29272150811597281,-0.89563496662162478)
 (0.49025099256657467,0.39334865800316199)
 (-0.21229528450529414,-0.69935674816004345)
 (-0.8730377974721879,0.85568338749540906)
 (0.2857292342098019,-0.33588464600555512)
 (-1.1121547578192592,-1.2139123308679967)
 (-0.14593015888577257,0.45964587937635759)
 (-0.43276369687878558,0.91703152645781816)
 (-0.033843867057066768,-0.94261931652241726)
 (0.091534202357743233,-1.7935247220840396)
 (-0.063556161576347012,-0.21462507186619623)
 (0.24122747996161537,-0.087569682865156998)
 (0.20851846555376463,0.31941520531419687)
 (0.58765332112627844,-0.34586128962164675)
 (0.58238142497020429,0.45165570134743327)
 (-0.43485846860823107,2.2768190834578963)
 (0.021346478594939711,-0.82909559814578948)
 (-1.6116282063694731,0.43631150581724143)
 (0.47686065230976288,-0.52736205442080752)
 (0.23477630304331781,-0.69827553459296787)
 (-0.55687555313101977,-0.2146051743917804)
 (-0.21616961530012077,-0.34292443849124277)
 (-1.4635071177793031,-0.15398587975775602)
 (0.090957204465658692,-1.1733308797965383)
 (-0.081110916433353497,0.56151642176318028)
 (-1.4687418226825406,-0.77147104005549738)
 (0.15958294937476455,0.16459003589392665)
 (-0.59437802954540908,0.35248043888976316)
 (0.67010272809531402,-0.048142541093799451)
 (0.52781245320492709,-0.40554644400134743)
 (-0.21765141224093379,0.58739340300595677)
 (1.2013086325777,0.90864850512928375)
 (0.056454935406540785,0.44444467104144392)
 (-0.71109766435175414,0.39211011811241098)
 (-0.59110976277009453,-0.53579770386429737)
 (0.057071492118572209,-0.71693724755413402)
 (0.20386676473360488,1.4961111198183037)
 (-1.5946147944703517,0.17716807327421535)
 (1.25600386152498,-1.1680431680073946)
 (1.6101188207166048,-0.097084255063642932)
 (-0.044062469192254206,0.5990817958600968)
 (0.60079258044657879,0.13862388989421687)
 (-0.38056859982198943,0.52208243812867838)
 (-0.57109774168541827,-0.73324517025521263)
 (0.49594229831939796,0.20333577997923691)
 (0.13325969864476361,-0.058512956590327028)
 (-0.442981203290849,0.60528133765808267)
 (-0.54722025280889219,-0.51360045361426454)
 (0.86775737522863616,-0.071314275240059954)
 (0.23648954380689696,0.10922750437776292)
 (-1.0629667659648554,0.11260440671468963)
 (-0.11197879186164844,-0.21489336778170415)
 (-0.33814890241095641,1.8261710491603975)
 (-0.63152016648265152,-0.053482158534975344)
 (-0.81550869523874137,-0.25475009308398766)
 (0.38813234174222633,0.45783266242338228)
 (0.84184617097739034,0.28482455740373802)
 (1.1090442576408706,-0.67025380192561013)
 (1.5289849206221628,0.70868427664324385)
 (-0.99902826222902918,0.55145827189867291)
 (0.0153737212852832,-0.10304132177728118)
 (1.055518132743138,0.49635727538084357)
 (-0.21441363992752846,0.26233833201101808)
 (0.45994178710497696,-0.89885785325046097)
 (-0.098363860337733366,-1.3106471877222172)
 (-1.1265888425013535,-0.76690267205959861)
 (-0.44004852677219752,-0.089876106500535541)
 (-0.53792292331891089,-0.3980286381246595)
 (-0.03458320293381012,-0.87963891693494933)
 (-0.48678678967010203,0.22654199113833687)
 (1.2316807502070379,0.46930308079465549)
 (0.1099496347977359,0.49092845897593562)
 (0.43280739347342495,0.40914491516246115)
 (0.84264815450254016,-0.93193047438432153)
 (-0.20390163492372221,0.17879772486098955)
 (-0.25913736001897403,-0.21458845912117394)
 (0.6531698317734812,-0.44166384553173849)
 (0.23462060477049868,1.1943491755107776)
 (-0.44091787289198608,0.66560521428969399)
 (1.0786442796404985,-0.10047881799366076)
 (1.6805664089316825,0.098883432499696222)
 (0.46351253057940062,-0.41474446235288304)
 (0.58045555061602172,-0.038054869806462777)
 (-0.005729798295980193,0.60704771396312673)
 (0.48976268113748167,-0.63204179838918917)
 (0.56891083962607203,1.4806167217424178)
 (0.16152633671617878,0.029330906573534821)
 (-1.7439717168434283,0.99187481760940477)
 (-0.21876718576841819,-0.4661474133669688)
 (-0.32332446109128704,0.36688999366945413)
 (-1.0356802541265058,-0.64804237865548298)
 (-0.17441128360753733,-0.24171107978937639)
 (-0.8063523284323264,0.44133106759557172)
 (-1.0071168329795097,0.80477800177567427)
 (-0.8162150364333689,0.78369340034963031)
 (-1.2047620747241301,0.275688450756222)
 (0.23970049096781132,0.79033898861125973)
 (-0.38105343491388521,0.26105464971503489)
 (-1.1184954366832927,0.077839981564633343)
 (0.045902022203275716,0.49747259737037058)
 (1.2444614284766087,0.6241638877232506)
 (1.6938252729402188,0.065958267320996078)
 (-1.2198434539331162,-1.2601226465592139)
 (-0.047645728652982708,-0.22084897880917054)
 (-1.6636400161517546,-0.1794521381567028)
 (0.57653162461607665,-0.1320328581487559)
 (0.055433389401922495,0.67340279301170924)
 (-0.83501564341380452,0.10288314942475463)
 (0.48134119197484654,-0.44036171669014729)
 (0.51326118258462572,0.24396274602100046)
 (-0.22586321516651797,-1.0046579797517019)
 (-0.52085373194846196,0.7273628971607754)
 (0.23508609893118548,-0.11096857027579581)
 (-0.15873061445418679,-0.11231488907535675)
 (0.33578168093001332,0.44516700420006455)
 (-0.25034957223578769,0.38356257481374501)
 (0.30980591848816857,-1.2808668299851917)
 (0.4010420148871191,-0.4241647626767906)
 (-0.87702001412697606,-0.48156188791114862)
 (-0.48281240186083829,0.25937926957796043)
 (0.32588262723659778,0.038132961022666584)
 (0.58364275065568472,0.43620882451537346)
 (-0.79211343650237043,0.1590555617585806)
 (0.23172337182139749,0.2201573482088621)
 (-0.087807026559197421,-0.91838849309063586)
 (-1.2350255400406254,-0.45039240478702613)
 (-0.15393099420285417,0.43156590602423484)
 (-0.34296129969171107,-1.7000535467602103)
 (0.55949487218884664,1.1158914390839461)
 (1.1616919448325163,-0.37016532667304558)
 (0.99654113265320388,1.4807339927312142)
 (-0.30401847059611542,-1.0557616148857325)
 (-0.72736753590816339,-0.02586078215652643)
 (0.16360148144393843,0.68478936976810134)
 (0.89961663326696528,-0.36141827168044011)
 (-0.087849968199844114,0.54326790129494906)
 (-0.1639603944907233,1.5028609156094646)
 (-0.79738263185214409,0.70310997972165901)
 (0.38571134287658548,-0.79010565536936284)
 (-0.18277409690877772,1.074309453659412)
 (-0.13696702403560329,-0.83187823104890679)
 (0.22722124174195751,0.51853527529479537)
 (0.064324698557387316,-0.37641838150347823)
 (0.16221060943063365,0.67714869657511056)
 (-0.19079605814666614,0.14227971162684014)
 (0.50913263488848859,1.0736820814175891)
 (0.92553380285733455,0.2406691227362876)
 (-0.20331940226512374,0.058530298479209708)
 (-0.13058139806099489,-0.73805977931784028)
 (0.67037415199101691,-0.95093170887760259)
 (1.1875117361129006,0.19840671677324906)
 (-0.1230318736460928,-0.57477574459223346)
 (0.256172030704926,-0.077360604572060981)
 (1.188206327419872,0.32163233893075133)
 (-0.53562711037153699,0.14883007657630143)
 (-1.2096995894463693,-0.65579859481763902)
 (-0.084581684070625857,-0.41298495763592646)
 (-0.75446569320821499,-1.4123122332259923)
 (0.27633150349474522,-0.60374653886140284)
 (0.03875171047198301,-0.16080892692110238)
 (0.0064380803000148035,0.41412664441994806)
 (-0.72089330049072176,0.029285409158548159)
 (-0.58744755690074002,-0.52904392073287942)
 (1.1112108962336147,1.5073506246713539)
 (-0.37374131330924498,1.6549429823979764)
 (-1.0559482868553021,-1.0495436987108517)
 (0.081370485956503091,-0.88540327740886093)
 (-1.3467705799697265,-1.1638282584163979)
 (0.71635295766122098,-0.49562064568498349)
 (0.65414464437693765,-0.36173275760102275)
 (-0.57843530489710038,-0.88737086465985826)
 (-0.91233632065344517,-0.64207184205472956)
 (0.070276267076517185,0.58556551354965869)
 (0.93213537256610346,-1.0853163152107199)
 (0.41407091352541348,0.0631101310951456)
 (-0.78176575059656417,-0.091016921726677746)
 (0.20268153544493978,-0.36982897764608474)
 (0.034633839358494511,0.56029608183631308)
 (0.50188981557262213,-1.6123785963635151)
