# Created by Octave 8.4.0, Thu Dec 11 09:47:21 2025 IST <gamana@Samsung>
# name: rician
# type: complex matrix
# rows: 1024
# columns: 1
 (-0.71430792328382942,-0.7691582119286966)
 (-0.74118350543181344,-0.11758495706092115)
 (-0.88240242865603213,0.49971731950975079)
 (-0.22689611211561173,-0.46798027058020891)
 (-0.1462741802260964,0.50857245583624455)
 (0.77631945293087568,-0.33006187983669549)
 (0.45187900641558654,0.602011020288865)
 (-1.0056306653984572,0.89376857345754979)
 (-0.41249224499033477,-0.84491661017218278)
 (1.0319606104135453,-0.052486622290381535)
 (0.63587275970173085,-0.48914306609094887)
 (-0.36038247749529373,0.8221185231790662)
 (-0.74435653746877506,1.1837819364149822)
 (0.57684797252201125,1.2147518906080963)
 (-0.14415792714810544,0.66214904445906786)
 (0.90256159929361424,-0.040015780828143277)
 (1.1247936416496107,0.8709729122121781)
 (-0.52489876586592099,-0.85917059589484368)
 (0.8190619223541693,-1.156318565869396)
 (-0.60874939327255106,-0.62530185908373437)
 (1.0828585824213144,-0.4005729239228964)
 (0.86691126746422786,-0.15174461255237065)
 (0.24630770542441852,-0.38020218803821515)
 (-0.62236176458232562,-0.68234083958145564)
 (0.039756733417260381,-0.67236616311328024)
 (-0.1619960712874714,0.7293646085788732)
 (-0.2395212146363912,-1.0015249330608458)
 (0.61921175975133336,-0.77056967985934)
 (-0.73191074574453685,0.67188987604037553)
 (-0.32904096096149738,-0.76521798695950849)
 (0.65579150031442734,-0.45717422467966656)
 (1.4980392463055698,0.082800380980698973)
 (0.46362351520039069,0.38243545639393306)
 (0.51428008462750219,-0.18531056477827271)
 (0.46312300153963204,-0.47935974587167607)
 (1.0427819666276283,1.4947789155300728)
 (-0.65986099639591222,1.1317256820393429)
 (0.76066664005792806,-0.70140181868173301)
 (0.99409367661032211,-0.64378591766668136)
 (-0.90434101623827667,-1.0499849554987686)
 (-0.82088958506765441,0.53130747563586767)
 (-0.3645830126737255,0.27002494902201357)
 (-0.46916971868342283,-0.24334557974092152)
 (0.5518867207088507,-1.0041052553871748)
 (-0.85175762142831213,0.73826554424552648)
 (0.44828948723729134,-0.64302119986041917)
 (-0.66868173218629678,-0.69918574765624109)
 (-1.3614575720470308,0.80950146910045839)
 (-0.52437527882008084,-0.58658913186914341)
 (0.81215519067152209,0.7767794531112362)
 (-0.71526467566972496,-0.91823931854445595)
 (0.97081590718752697,0.74753487470801516)
 (0.65231412463006699,0.61408598397797665)
 (0.72132997339297322,-0.5904787201878734)
 (-0.69915988425551023,0.094475631804989635)
 (0.97274616274410985,0.59269981743233213)
 (0.58861420110613327,-0.43056199146528923)
 (0.7730621413849964,0.90441789852964061)
 (-0.79161673637279673,0.40697390371358388)
 (0.71030800155951102,1.0276749868913739)
 (-0.88243174452173057,-0.97576020100726468)
 (-0.79469726213666514,0.42757020256218181)
 (-0.54980810017665915,1.0138701765682736)
 (-1.2893143345215403,0.57857786349884222)
 (-1.1442482382102512,-0.15945316061435966)
 (0.29363849637898665,-0.56841289172965714)
 (-0.72800808963961983,-0.90864092169885458)
 (-0.62216504657882954,0.017330895448640804)
 (0.57779640737253501,-0.72345674282112293)
 (0.0049423345750588266,-0.15073564290492752)
 (-0.23370884411268708,0.30686888649000416)
 (-0.42407133487947329,-1.0655808708174956)
 (-0.16221069546024247,0.36037650601980709)
 (-1.4015920774894992,-1.097978257632918)
 (-0.026945742522070382,-1.0488324497154915)
 (-0.31970804850711859,-0.9168360957053161)
 (0.35519229726044149,0.69771244465335025)
 (-0.85134908758365757,-0.20683614417057289)
 (-0.091629271641919391,-0.40652131630284594)
 (0.47110508622884356,0.48660265826805443)
 (0.77376677355528478,-0.71500693822588712)
 (-0.84950895413383587,-0.77747519968099721)
 (0.63246069662628801,-0.61458294130855906)
 (0.9939770071620847,0.68876819420955748)
 (-1.1162277739279487,0.45376698225541168)
 (1.3702523340985233,0.66008392854840281)
 (1.4442500899104098,0.69162133929011804)
 (0.79851328112831577,-0.22035883194244299)
 (-0.72935813275348171,0.78610756306881791)
 (-0.68864948799560355,0.50063199317114093)
 (0.22804374763944352,0.6657391308472036)
 (0.83937727125590722,0.83160222169358622)
 (-0.7434027717451489,-0.31933704860835299)
 (0.83538965606593507,0.72958638291936428)
 (0.87783105527590566,-0.60057336842102615)
 (-0.17294726983165587,-1.2703993334184023)
 (-0.61577603351755883,-0.47201196911127635)
 (0.60443115038514117,-8.8712054889417136e-05)
 (-0.41392301861745834,1.0551983137175154)
 (-0.95928925188431891,0.97169503501202714)
 (0.38440634651954153,-0.65158093057968203)
 (0.42436770246729055,-0.57212270511520302)
 (-0.46762035855030126,0.46936405949833626)
 (-0.77495134280290223,-0.90694351120576044)
 (0.5762476807680752,1.2907040748710734)
 (-0.099035388524453261,1.2708978837405274)
 (0.77691160207199417,0.011433681021763453)
 (0.50258043936809915,0.85001297251903829)
 (0.77860325150543708,-1.0559116971887448)
 (0.94748073985787307,0.3247754765291721)
 (-0.40753406351607385,-1.0811772441864707)
 (-1.3085105050964847,0.0060941461364840688)
 (0.22572574600206319,0.75542264952145433)
 (0.22029532471024316,0.37246190103039079)
 (-0.37935205893001794,0.49434761355804607)
 (0.21366491853350517,0.42267181140483751)
 (1.3300643842238629,-1.4007332311373319)
 (-1.1644789086619702,-0.47134504287793577)
 (-1.171753255494508,0.58438859116836017)
 (-0.49011055699142397,-0.52454052166803655)
 (0.48213890814194271,0.8789032346692851)
 (0.4001507268222555,0.58003408206655271)
 (0.45603575442759281,-0.63570160932280539)
 (0.40076837381584896,-0.81592647920914896)
 (1.0281576215325223,0.18687178751455558)
 (-0.94404992355762885,0.97397054571272135)
 (1.1618397242199832,0.82871109451090486)
 (-1.336370559532809,-0.81793392559722167)
 (0.22933344368607209,-0.23482055146053918)
 (0.49378641275963486,1.0052130533416253)
 (-0.44502399752105704,0.743220107559591)
 (0.86808513661280595,-0.78076259550140192)
 (0.76438981271368212,-0.48280041061800727)
 (-0.85065982601876178,0.96398159054106836)
 (0.4884894458246718,0.76167407151719191)
 (1.0025668235565695,0.73888346640334845)
 (0.79348509853899363,0.66322374659479433)
 (0.51346962885817393,0.69573707412824692)
 (0.66584035471868974,-0.87902420030637241)
 (-0.71666378984012091,-0.58436194094231286)
 (-0.29571785413080748,0.97289761747530834)
 (-0.72426972440722426,0.52597789486787638)
 (-0.82639704195706076,-0.75195108580796521)
 (-0.3564355528970648,-0.49171708500052297)
 (-0.02415326525533229,-0.017289895990959737)
 (0.73460695760862116,0.21626247888226158)
 (-0.60870770825083331,0.79348209577699536)
 (-0.96461095833473665,-0.47264399844431781)
 (0.69742353500911214,-1.2554299705177145)
 (-0.7288224551656286,0.41185905532952449)
 (-0.7811285738459226,0.86564659504657215)
 (-0.84397595737267128,-0.48046434258744308)
 (0.90220448571211431,0.49822153988144535)
 (-1.2344032318890112,-0.74555630769093784)
 (0.93980964537684986,0.28958366937904362)
 (0.47552322638239003,0.58114077973987821)
 (-0.42306071561846131,-1.3705025754855107)
 (0.97374695806252964,-0.11719162852332332)
 (-0.305823917014102,-0.58809105009288798)
 (-1.0014279825324808,0.2720017321421031)
 (0.71112003778285682,0.87208386053447495)
 (-0.81034451101209259,-0.98205594294042164)
 (-0.87061450477546798,-0.37326029978617414)
 (-0.87171671136698303,-0.89270278517375834)
 (0.83717782856598788,0.54032307435074833)
 (-0.60022219171868751,-0.12530367220053548)
 (0.67188765025633657,-0.86944004613372183)
 (0.45204495336831718,0.64976399929424689)
 (-0.2765548931723748,0.55604780523589081)
 (-0.11689673536967607,-0.40261232256824397)
 (-1.0549904247003743,-0.53097097393162063)
 (-0.82493798368554083,0.76590541653991973)
 (-1.0942302919583677,0.46789051958720129)
 (0.070567835011919877,-0.49519495377671152)
 (0.2921693391057899,0.82338498210631739)
 (0.46500924313829539,-0.58788224831530289)
 (-1.3973638044223549,-1.0691216056429074)
 (0.52300825960827924,0.031696066569479459)
 (-0.76345814522892597,1.1678663766855739)
 (-0.27959484959322911,0.12875268243203378)
