# Created by Octave 8.4.0, Thu Dec 11 09:47:21 2025 IST <gamana@Samsung>
# name: awgn20
# type: complex matrix
# rows: 1024
# columns: 1
 (-0.75873918895936643,0.58022414640805509)
 (-0.70829308181116324,-0.67985475748302537)
 (-0.6616775818174,-0.76011369174647814)
 (0.77036702844352378,0.69802414511639976)
 (-0.71171093462761847,-0.61351063546902207)
 (-0.67258898279958823,-0.70330820031789731)
 (0.56193670126349382,-0.62982943338405017)
 (-0.70000092930670987,0.55662110415684463)
 (-0.73315736079368721,0.67513998947404064)
 (-0.77812763604329382,0.70426660135705654)
 (0.71350809514196722,0.69159166958759399)
 (-0.79965847835282977,-0.68448754820621427)
 (0.88519026474890872,-0.67416100758543251)
 (0.73157743270860887,0.81834649902099565)
 (0.61670267909631482,0.67947628880851452)
 (0.7801908312303607,-0.73478412710221808)
 (0.66333395551847474,-0.64763940185536739)
 (-0.83131857935478881,-0.73360942157777875)
 (0.69922785461128401,-0.74398400774821749)
 (-0.75130120932313604,0.66488921216387065)
 (-0.67852543060638815,0.61425478932353705)
 (0.7778333168555126,-0.68862403964227414)
 (-0.66390855375784585,0.72816738585962071)
 (-0.64684830484383182,0.75732293901003966)
 (-0.55229415306789009,-0.83598740817591977)
 (0.74091478887038076,0.69415188805776307)
 (-0.64868881603978745,0.75491726711047547)
 (-0.74376069752054097,0.78704544788148856)
 (-0.74502865301431209,0.57990961317946121)
 (-0.74268734119935831,0.63203776214491492)
 (-0.79901726250041827,-0.73640103209023422)
 (0.70022005590802794,-0.82372537487384956)
 (0.66063365630157367,-0.58817090806237249)
 (-0.70332788504408672,0.61795933979643247)
 (-0.74950845461332527,0.77779133265429612)
 (-0.6842497770366287,0.60325252114994421)
 (0.66731167876197139,-0.73684117055240594)
 (0.78863162876783321,0.82702341971615323)
 (0.68691173498898928,-0.73893601290928823)
 (0.81866107846972702,-0.89335266500280697)
 (-0.72811970291253991,0.57225616894194076)
 (0.63729823861890111,-0.62826535999114141)
 (-0.72671567001486637,0.74655646898606098)
 (-0.88518423420964165,0.63459027262363732)
 (-0.65607890043915418,-0.67866073994376541)
 (0.75486081029181784,0.78996636045880353)
 (0.69638388699708698,0.75421966641265481)
 (-0.80103027512736114,0.65594459890413725)
 (-0.64635000967203127,0.72266670465708105)
 (0.69923841667958175,-0.74516132175611227)
 (0.75757301031608026,-0.67211221475695238)
 (-0.69646359253033507,-0.70879247484475782)
 (0.71540028552490664,0.55248372227807196)
 (-0.62303921082000358,-0.6926261507479422)
 (0.82135978680692945,-0.79313289413976185)
 (-0.59731872484222892,0.67724653857121331)
 (-0.77848196931966851,0.71567470732495886)
 (0.78554336807314462,-0.69059886986762475)
 (-0.66033361729800966,0.7395180574625676)
 (0.6938359460650475,0.67784283304658655)
 (-0.68740204625020429,-0.68328136796619321)
 (-0.8551883925892827,-0.80143762299456789)
 (0.71261466425826969,0.85304159933166701)
 (-0.67914646330020223,0.7577997735027201)
 (-0.64241706135899557,-0.79028597097555831)
 (0.76238378940288665,0.77687870739462861)
 (-0.64725676932599119,0.79001521756218906)
 (-0.75803338779980567,-0.67947106866807971)
 (0.68827121943636693,-0.59633839969225644)
 (0.71762348300310252,-0.66272072087362677)
 (0.6876864730619715,0.73870644524913509)
 (-0.64107348857905444,-0.71719235512730295)
 (0.70120046187619423,0.70857864246109925)
 (0.72115793824207353,0.73147813810487072)
 (-0.75787106094417189,0.6795696446518017)
 (-0.7302803932888402,-0.64756582939754481)
 (0.64863984110904149,-0.75740026687131345)
 (0.90977134574443153,0.73886074228972121)
 (-0.68798391660114044,-0.62626019833954016)
 (0.79674496227110159,-0.66482343717223369)
 (0.7057924119486777,-0.55149595919665118)
 (-0.67291255958282958,-0.79204052146976167)
 (-0.68300308280314814,0.57425836984476342)
 (-0.74207138074374734,0.87320266590297746)
 (-0.6414088094870658,0.71268676795434605)
 (-0.82686068202731444,0.73475487020446628)
 (-0.63778960954484176,-0.72709392358585667)
 (-0.67234026475218256,-0.70901596658772248)
 (-0.66454333281064593,0.80871348564572709)
 (-0.6315324322006679,-0.78205339077294322)
 (-0.78411625446994959,-0.67315279753607948)
 (0.73899514032911062,0.61865968038453456)
 (0.7524227908940383,0.67850330193532482)
 (0.66411797925860871,0.6533051830304758)
 (-0.71979649801710066,0.75668684803274688)
 (-0.82401789301696904,-0.69834332859453885)
 (0.8011455193517808,0.69891017545430378)
 (-0.47220820553156029,-0.70028874197257129)
 (0.80349219637107339,0.59744872071275212)
 (0.7049477236256646,0.70086904773732772)
 (0.69345113463530061,-0.85146753841121237)
 (0.70950212846510752,-0.61337673004453275)
 (-0.58835366896554953,-0.86538288874966041)
 (0.770249424548617,0.77183550578536819)
 (0.74830604456293104,0.59733117133907832)
 (-0.56870317140347371,0.62666308674628801)
 (0.72168651161268016,0.73428410270185074)
 (0.70252893154132634,0.80477660737521506)
 (0.6480877714074248,0.66177163863940547)
 (-0.55091254902405284,-0.77929625975959205)
 (-0.74850168137960216,-0.70528500468690625)
 (-0.73036829653783297,0.69046534575946039)
 (0.62423786189106101,-0.7491464823645545)
 (0.60036985313638558,-0.70549331939831061)
 (-0.75001507457184891,-0.60741001421022989)
 (-0.64838873008620312,0.62841462191131447)
 (0.69543730324865827,-0.76826801224105135)
 (0.71288729477403179,-0.79285778684411112)
 (-0.77948453666449558,0.69062754233603652)
 (-0.68778623926227322,-0.78822751490308862)
 (0.66020491359718714,-0.73397054873730527)
 (-0.7543440737959084,0.70352490997043282)
 (0.69891483388997444,-0.63520985631503268)
 (0.57489779613458114,-0.75170554497085551)
 (-0.74909539983421236,-0.79351276108423296)
 (0.65064783270512216,-0.75502133749224798)
 (0.59023214821410686,-0.73314092556661625)
 (-0.75580682978123259,-0.7524827352739224)
 (0.77586989575368015,0.73417533483648623)
 (0.73568987032182898,-0.80318153911274603)
 (-0.64174176608745837,-0.8945013945708975)
 (-0.86776340589796497,-0.67830954416076539)
 (-0.66082536298540384,0.79330496141159812)
 (-0.69925631120731013,-0.72262552778120082)
 (0.59440572935929548,0.71107793061805158)
 (-0.809759166996048,-0.78758601624370406)
 (-0.63461975526630765,-0.6643648602238772)
 (-0.6736502157847698,-0.60171397406055105)
 (-0.73180793937466859,-0.60270065877331069)
 (-0.63522718070722783,0.54403108445122716)
 (-0.73825798275937415,0.66302564824122212)
 (0.74063941859776372,0.72643515342622922)
 (-0.73655922949905617,-0.7839131568096811)
 (-0.68933598247565187,-0.73207573143931814)
 (0.62606234305074981,-0.73063451129071266)
 (-0.71119009941559153,-0.71736523238267069)
 (0.66255935376666153,0.66495100208452418)
 (-0.6691798500944055,-0.66634307213179056)
 (0.80126271197497556,-0.66118334855433614)
 (0.77830812665368809,-0.6664572264183608)
 (0.64920937136735646,0.61320677273869317)
 (0.76476363003038195,-0.7896645897418999)
 (0.87405850336985524,-0.6882959390023341)
 (0.68030145623344973,-0.73165659450070952)
 (0.69401044090659725,0.76689113890230376)
 (0.70713155328087396,-0.67870858495912301)
 (-0.80086737988329459,0.77911248011186296)
 (0.71449022820946639,-0.77364853800820144)
 (0.59186048197070784,-0.76606455585192412)
 (0.72797040089769816,0.72827003674406277)
 (0.73478650760711262,-0.72187898958914221)
 (-0.79051593344254356,-0.73758674487395748)
 (0.67518488385510445,-0.67830979387721246)
 (-0.66855601032525003,0.68671620450998427)
 (0.66441455684623985,-0.62998219756435625)
 (0.65719017527514545,-0.67575859879508171)
 (-0.72224146886969121,0.75886519013682419)
 (-0.72241187316357669,-0.65956993705894829)
 (0.76225403638461364,-0.77035682799621796)
 (0.71126527371874415,0.69106602550908036)
 (-0.857958428127787,-0.6984550499959743)
 (0.80745245215531714,-0.73107426691444521)
 (0.68736988932559495,0.74886206333130367)
 (-0.6379275026177309,0.70739531214686346)
 (0.71490535351816176,0.70228145581052615)
 (0.69386349111450207,-0.63008891995059657)
 (-0.64485167775407826,-0.61785733829020384)
 (0.72011335978546231,-0.80019253553695524)
 (0.64172039923629365,-0.73342774056073323)
