# Created by Octave 8.4.0, Thu Dec 11 09:47:21 2025 IST <gamana@Samsung>
# name: rician
# type: complex matrix
# rows: 1024
# columns: 1
 (-1.0199437270460048,-0.13283060617215792)
 (-0.094916879492110362,-0.20642509067962111)
 (0.50258660375633402,0.37635709546857082)
 (-0.67645527951875439,0.95573362208769619)
 (-0.23061574951040958,0.46726072144235081)
 (0.54391046502830731,0.71448151296731011)
 (-0.50753386265059564,-0.35060034829067671)
 (0.39296178902681989,0.26897049323621236)
 (-0.45957714912712611,1.0732226836678485)
 (0.86396659734870407,0.14534525445420471)
 (0.37435128091795067,0.67503541440903525)
 (0.62967933001807497,-0.59063159561958334)
 (0.78757523139557717,-0.25420115395167697)
 (0.72238989886563065,0.38195831426929117)
 (-0.49989255980195418,-0.780257821124688)
 (0.91236200915558174,-0.88534916494905214)
 (0.67963431909997862,0.51177548505303128)
 (0.4353579823109478,-0.94985703669139132)
 (-1.108345332119774,0.70007476030231308)
 (-1.1100311939022556,-0.70151241882781801)
 (-0.28595754552092939,-0.69009143559862518)
 (0.43124739289146302,0.046188174852658692)
 (0.37200509581836455,-0.23025304388282536)
 (-0.69333809800384116,-0.54241246372580376)
 (-0.32601832589059393,-0.57283650216221083)
 (0.66114639207608383,-0.72195064658902597)
 (-0.49178082869886386,-0.75965108348737287)
 (0.11878702919976525,-0.36141642484974101)
 (-0.90824783020905597,-0.87285006349432548)
 (0.45377826427005791,-0.10245740406471199)
 (0.94431979394068921,1.1597925328717613)
 (-1.0533845841547524,0.40003142248363316)
 (0.63264276714954781,0.46640419861433569)
 (-0.49753992486614801,0.53728110402292129)
 (0.012709761057552282,1.1512307342819579)
 (0.30166222572345675,-0.34378154077786788)
 (-0.15727558402487463,-0.22908994223317003)
 (0.97572204818085151,-0.2610076809227691)
 (0.19243345064441106,0.67635580934637551)
 (-1.2942072976569694,-0.70025476342686743)
 (1.7088147583793813,0.56229083856994944)
 (0.374103313168899,1.0066900199176487)
 (0.28712624249791074,0.58805672208567294)
 (0.31456580915186572,1.334926200609577)
 (-0.45842346704072412,0.77679568057829207)
 (-0.49737523776469356,0.28676774039231084)
 (-0.31131149012380721,-0.023917082755697067)
 (0.40109158217542168,-0.40720211935652767)
 (0.80957882572982309,-0.80097013266604344)
 (-0.51009143635464593,0.13771489575054943)
 (0.56258635636511878,-0.044226308417024962)
 (-0.22923995620655166,0.59906447736620483)
 (-0.69594948409211299,-0.1270099997815915)
 (1.0520177485458635,-1.3081001037999485)
 (-1.1888304455519925,-0.80641012785311594)
 (0.9504099710140157,-0.65570639342652215)
 (-0.36502626080990275,-0.25463477701468773)
 (-0.080329439499849109,-0.67876642986701863)
 (-0.58291593451818646,-0.92314011467674595)
 (0.54026781132859669,-0.70733980327514423)
 (0.66904915239998741,0.54695283717091636)
 (-0.55974573351809032,0.55520676386251788)
 (1.1907106125466878,0.81527955855330569)
 (0.1374948553829255,1.2732953547444761)
 (0.410548526188799,-0.58220752028879263)
 (-0.13024796714703019,-1.0203960264015022)
 (0.88031864739719179,-0.58884239960119222)
 (-0.47539769763543527,-0.0027183408203855786)
 (-1.0794333917628751,0.89483285237867516)
 (0.87737643862112535,0.97006687819707271)
 (-0.4506424410088859,-0.32197722153079072)
 (0.028596765206829911,-0.25484416080824279)
 (0.016266804853861838,0.96261299976382686)
 (0.94393768893345997,-0.63339793238713205)
 (0.6957126053757533,-1.4859516163923772)
 (0.0042044946589792076,0.39368089097690767)
 (1.5761391480946902,0.531214340997895)
 (0.34281297033153035,1.1220707417217421)
 (-0.36572153713159916,0.045647481975157583)
 (0.80197275804808732,-0.72040802551429373)
 (0.28727279857683347,-0.96051748308507756)
 (0.68907577507711815,-0.83531604815078819)
 (-0.62324524698096273,-0.54009611150650627)
 (-0.60508075500393077,-0.70313400228722167)
 (0.62849125663074301,0.10592547439170319)
 (-0.57067291343898119,-0.58154440424019205)
 (0.28944222460757846,0.40320799150635694)
 (-1.2301729515633275,-0.30735489987377734)
 (-0.60641583461453141,-0.81607875377538264)
 (-0.77047944168987903,0.70927213790181942)
 (-0.53364043030616559,-0.78687981822282771)
 (0.66242073767950971,-0.2630542967921578)
 (0.59163012792344272,-0.7752421109048292)
 (1.0596801636440687,0.63934747885013943)
 (0.46476958222561282,-0.50914283961825835)
 (-0.15500200357658184,-0.5687865155660039)
 (-0.59188545458205921,0.75271997234240196)
 (-0.78186618011392739,-0.51691587355040591)
 (-0.57671109033270962,0.77833547193324415)
 (0.47631693851025231,-0.8063473837820001)
 (-0.57338327682880519,0.56854159136875992)
 (0.52143743370375584,-0.29384612525616088)
 (0.38928145062923736,-0.43622814997923309)
 (-0.26844773855614512,-0.66289115035403656)
 (-0.13205138178116832,0.17160394362430487)
 (-0.67064062195237362,-0.0080804624254180446)
 (-0.0062237396659559074,-0.072902599255446468)
 (-0.73476728969141603,0.14001982020284387)
 (0.92199202560744098,-0.10136773315579867)
 (-0.47461326293687811,-0.71662235313029432)
 (1.5036913753318484,0.76551400298823968)
 (-1.1790612839118002,0.84854164297618029)
 (0.98858770425606335,0.67323652826522928)
 (-0.35886226219286022,-0.5887821040183161)
 (0.077331086441204594,0.45537934457542917)
 (-1.2327121012882527,0.65632534307107626)
 (-0.55128743788014223,0.88614041212296413)
 (0.23801957975301496,1.1090849154394764)
 (-0.024063577122590135,0.35348324514857954)
 (-0.06934179409491481,0.48757107495240104)
 (0.78525821368053628,-0.83558064189033232)
 (1.0051103184034829,-0.87456118965224261)
 (0.70598659531534236,0.90494101132095861)
 (-0.42952109536752175,-0.39262456670810003)
 (0.95900117708209198,-0.9024498230900494)
 (-0.9591821719248288,0.69689622612275581)
 (-0.78180819689352177,-0.79613522275352677)
 (0.79893439197031613,-0.63988783473899102)
 (-1.2213817799864801,-0.96950765838176456)
 (-0.13899480256596641,0.66701478084054833)
 (0.53246779363452923,-0.7924817288013013)
 (-1.0818791123543849,0.011555506484122402)
 (-0.6270704916332458,-0.64074189505807977)
 (0.78076908888780439,-0.71796190474871191)
 (0.51595714309425222,-0.52542883661405226)
 (-0.38359111495352111,0.5564634094458677)
 (-0.39327979505949728,-1.6249868188746788)
 (0.67847343204087451,-0.90907544193087886)
 (0.47189099494356634,0.012970180677196436)
 (-0.63654258087497728,0.46668840854758809)
 (0.69309009454481185,-1.1263138953525389)
 (-0.93000979560125685,0.7744320833896533)
 (-0.66747855926549571,-0.84281117437621433)
 (1.2356698325447362,0.9275781568334549)
 (0.96358063727389898,0.79862433360255392)
 (0.59687753721300907,0.45735516181975094)
 (1.3168010059979169,-0.66213586287811399)
 (-0.63415742498035055,1.1018733327156705)
 (-1.0134995098651149,-0.33732352316680275)
 (0.1639382704565201,1.6356047784233687)
 (-0.65651850853998184,0.34235226011003161)
 (-0.054609135425756905,0.80932371402880565)
 (-1.3791991962070662,-1.1193890784785008)
 (0.26440492541867333,0.50298385898439302)
 (0.17534204707596379,0.79306583338911496)
 (-0.45201130099613351,0.2718332082240128)
 (0.79969061771307026,0.84510601945593256)
 (0.93670095100149731,-0.81134124656430828)
 (-0.64575645915050095,-0.06664977541944278)
 (1.0606560479124345,0.58810502693835431)
 (-0.61276674322289892,0.61093612615527704)
 (1.2159740781605533,0.62657265047317601)
 (-1.1413692432718279,1.0336049341795357)
 (-1.0647709129944263,0.89369483509926528)
 (-0.71760965958126643,-0.74789911278010379)
 (0.080125059619068462,1.0832630295515653)
 (-0.47819202046361486,-0.77717746743581217)
 (-0.12052879102042297,0.70751892324246701)
 (-0.049942836220070175,0.7807689550141883)
 (1.044494379899688,0.58559497357168366)
 (-0.37183012860198639,-0.65336069643650496)
 (0.43193071062759741,-0.42662766352977005)
 (1.1752090447299315,-0.80527497652929181)
 (-0.59125743490863714,-0.72656800038598479)
 (0.11057665562230817,0.77245682490221168)
 (0.30797348492626547,1.0322692482755764)
 (1.4549722406383505,-0.77297058414519637)
 (1.0485256451026166,0.90832120252050041)
 (0.87998151110323208,-0.24271558159654694)
 (-0.64382934973866168,-1.1652019151993658)
