# Created by Octave 8.4.0, Thu Dec 11 09:47:21 2025 IST <gamana@Samsung>
# name: rician
# type: complex matrix
# rows: 1024
# columns: 1
 (0.16630529041942566,0.6596283393082073)
 (1.2272476562854882,1.144878563996204)
 (-0.034381017962669569,0.44457070086547279)
 (0.69813027421212226,0.85793040516872865)
 (-0.36480757189302082,-1.4392074409080171)
 (0.46761756773661467,-0.39100119204809014)
 (0.61204327222584365,-0.63157111361818574)
 (0.43027874252050341,-0.86785017732527669)
 (-1.0538785335123242,-0.09380207928561346)
 (1.035411085412324,0.4729003529441147)
 (-0.85795200314768016,0.11194922933842161)
 (-0.22994536709253671,0.37323048349713522)
 (-0.14556991103614231,0.05447305426605329)
 (-0.34795109147159869,-0.5941588779011906)
 (1.016561335324967,-1.0262247721028734)
 (1.2868843660047604,0.75706198980823247)
 (-1.2063819167553251,0.26584523128666659)
 (0.48732457033226917,0.77017296681720737)
 (-0.045814372908777434,-0.47543025903694913)
 (-0.80846099405440597,-0.72621539843018057)
 (-0.27289676961413778,0.96980679220387178)
 (0.19945407218993733,-0.73153946850455731)
 (0.44384607167485313,-0.87952929658164125)
 (1.3717404505262034,0.065847979560629821)
 (0.49313371653220384,-0.68510381241228502)
 (0.83625010589358406,0.40604470034629786)
 (-0.98532025207799545,0.69677127636602576)
 (-0.43924331843799558,0.30875084414929155)
 (-0.89774880576710814,0.62410363055838358)
 (0.97275164789517565,-0.14034324904192075)
 (0.60305393102207328,-0.51205570147651924)
 (-0.85139872274341066,0.71226990866587603)
 (0.65109308561472012,0.61374398621779092)
 (-0.49353311279171719,0.29581503915673224)
 (0.66670168482995695,0.4629230337855248)
 (-0.28762191955181282,-0.44727160076229422)
 (0.62198628049288485,-0.19394810635537424)
 (-1.0803077716808722,1.0217770406736262)
 (1.3546372810953233,-0.30954708775178086)
 (-0.29832347373032403,-0.0078640473666173327)
 (-0.67462767794128986,0.24647606438908681)
 (1.2503606047977014,-0.10643587858665604)
 (0.27066514747962173,0.23875291232001555)
 (-0.59629456468060038,0.39858593773472323)
 (0.82817761626093211,0.74629225949103895)
 (-0.40903645529602656,-0.99764583563876252)
 (0.8679454501897621,-0.073264844929546324)
 (0.83845406084807284,0.2096053515759313)
 (-0.78528096931036562,0.3515482402449327)
 (0.63140317477507735,-0.9341026436782468)
 (-0.53552363015318982,-0.54081279260753523)
 (-0.29186867523340365,0.56744633853463056)
 (-0.19358600967312248,-0.47459094468572394)
 (-1.0538786612036048,0.78352297050707631)
 (0.8067638631257037,-0.32724640761044493)
 (0.54010224017028585,-0.50937988049847782)
 (-0.075346132581431025,0.70049871682674159)
 (-0.84401531016222853,-0.99980011647653289)
 (0.26011495369203386,0.080291575527598177)
 (0.88027735365051329,0.3770560095096202)
 (-0.51650893376890294,0.71938632989192219)
 (0.53494911329999995,-1.0689016947296401)
 (-0.73781636317470778,-0.92738148637393081)
 (-0.49983384633393063,0.6546519671868436)
 (-0.96888316628493976,0.39975871055716022)
 (0.66194748852458418,-0.082034057596370447)
 (0.38547403536812425,-0.23429620069903839)
 (-0.34616518248211631,1.0660907494879461)
 (-0.63732508317834391,0.67635244592680799)
 (0.21455931638628603,0.70963179440807589)
 (0.25708991745091692,-0.47604005216762801)
 (-0.38302147881887183,0.68313650599657316)
 (-0.51301544445384328,0.46048070907046224)
 (0.60008360568767549,1.1061790179222775)
 (-0.88479344116511005,-0.31814861595834987)
 (-0.86403545080597322,-0.45008837112886846)
 (0.77592106338910805,0.62734754454270103)
 (0.58923765333729361,-0.84170319419176254)
 (0.80980189894604604,-0.49754128191306046)
 (0.50647091341332418,0.22783383872972707)
 (-1.2816038082462331,0.82136803723127061)
 (-0.47354007298882328,0.207072931222375)
 (0.59979099170423034,0.044865567442415266)
 (-0.77851667607143926,-0.2684599368258283)
 (0.53107289380958522,-0.31126029054414672)
 (-0.20503342840332414,-0.043102377882534293)
 (-0.2046705173368692,-0.85871245083720749)
 (0.13537074943110777,-0.700351532555201)
 (0.60108574741864018,-0.56013679757357915)
 (-0.20153388330061894,-0.22480578042599764)
 (-0.6167591277939839,-0.29004317023726844)
 (0.59822495241972551,1.1784214414660816)
 (-0.6524817185306071,-0.77441900640737549)
 (-0.41001915556896951,-0.81415370539985343)
 (-0.96822450951470462,0.53946593587398417)
 (-0.50564397263704097,0.95682263438768622)
 (0.44895412665244061,-0.31555762280143573)
 (-0.20520839237407035,0.94384892416901667)
 (-0.65357257212015774,0.72425732471679272)
 (0.33637257813516758,-0.86242445331550721)
 (1.099444302558332,0.4325187449270837)
 (-0.48776757060900999,1.0506359354254156)
 (0.56387748084035705,0.067610006794461025)
 (0.32106261058761454,0.77146180217523741)
 (-0.97311061507992247,0.63885673865883819)
 (0.020258120970073179,0.53045539350046822)
 (-0.41897423703853492,0.44678314032549865)
 (-0.36132182092834025,0.88339612162763004)
 (0.077086967844981397,0.15746451161594982)
 (0.45240037197330812,-0.36801103679097108)
 (-0.2125763381486914,0.46706860910970205)
 (1.0162798237785331,-0.49943721799163709)
 (-0.8189862170054879,0.50818029486925409)
 (0.93950223734832983,0.67214943264017879)
 (-0.21815719162603076,-1.2651521636379555)
 (0.57315123230712905,-0.39351197467463128)
 (-0.81489178401324003,-1.0996308890809159)
 (1.1690627496676895,-0.22267780912690632)
 (-0.59899866372502963,-0.82822214618806467)
 (0.55066553295932319,-0.76330115328864501)
 (-0.41789257916399919,-1.2791244511646165)
 (0.66570070011112303,-0.63439200650398631)
 (0.91298703521387237,0.60486311476598098)
 (0.35043733799292132,-0.0068878483704934435)
 (1.0922869674085725,0.060314669252364173)
 (-0.530063845342577,0.83643493759556953)
 (-0.63287923156324211,-0.28095353859515104)
 (0.48813395125617648,0.67025332297536955)
 (1.0359193640631024,-1.0386626994127821)
 (0.95017405472483141,-0.8046197896290781)
 (-0.64765798824908494,0.57578997565969425)
 (-0.53583802113469647,0.17815643311762114)
 (0.17094383752267417,-1.366123627594622)
 (-1.1830092712237776,0.54830290713009822)
 (-0.1020471908722575,-0.63078978933444518)
 (0.69929406803038052,-0.9319646951366729)
 (1.3657672228089139,-0.27428288024137848)
 (-0.48112990658910587,-0.30121359298837541)
 (-0.65475524717652411,0.82217235318438164)
 (1.1478656064885202,-0.81449388001627265)
 (-0.44164193259234374,-0.46243436500065915)
 (0.67735646340801625,0.66468007675159302)
 (0.077862253310294449,-0.872079002115274)
 (0.13007320589125188,-0.8462610025351065)
 (0.1710147717117918,-0.79160978759664991)
 (-0.47579825241194923,-0.53145680166867293)
 (-0.43085737578208688,0.4102917515522147)
 (-0.60013068969485206,0.41234944732074619)
 (-0.92432815505312105,0.55759376072946032)
 (0.26050867844918513,-0.74947189277239656)
 (-0.15675945765801769,-1.1353867015756509)
 (0.24232861069178385,0.43865285510719704)
 (0.62789848349770638,0.558442856584072)
 (-0.6155564451988057,0.76397526621111445)
 (-0.92741961838820108,0.90775881964762584)
 (0.76659379970075026,0.76705235652361214)
 (0.26612253227650684,0.61977254581257102)
 (0.59882251390325014,0.38896852112496566)
 (-0.19747175852946197,1.1110471366687573)
 (0.35994809176370546,0.81409123740705258)
 (-0.77044982907480031,0.0098004062953327975)
 (1.2047279463565344,-0.60097503529934504)
 (1.1257983339898474,-0.5876716674417557)
 (-0.64142120285752902,-0.66803352500314572)
 (-0.66880295155300462,1.08264041081401)
 (1.4340209416109249,0.25220415017422004)
 (0.90453158731025884,0.31588056745641779)
 (-0.66934548045073117,0.36220910591095123)
 (-0.37749473173143133,0.65612809984362819)
 (-0.56618337560067578,0.72394445022886211)
 (-0.59097720900827988,-0.23773094496071573)
 (0.96518246856700729,-0.24229370208504608)
 (-0.3035029741619325,-0.79921345091948026)
 (-0.45801560016919585,-0.69392483142570749)
 (-0.0024529551778159908,-0.33551807731438454)
 (-0.5933814147932025,0.55947483001080711)
 (-0.89399843573931226,1.0293913129467906)
 (0.035223980822830903,0.94229545746416687)
 (-0.79928884085382734,0.79305875948356841)
 (1.2457342145618147,0.82449839447936979)
