# Created by Octave 8.4.0, Thu Dec 11 09:47:21 2025 IST <gamana@Samsung>
# name: awgn20
# type: complex matrix
# rows: 1024
# columns: 1
 (0.70155821024971532,-0.68188136004546063)
 (0.76850224992579286,-0.71126954848672219)
 (0.76282805657856778,0.7765011048129703)
 (-0.80254324956189049,0.68822741680450605)
 (-0.65644503223042339,0.76284079512303238)
 (-0.71167158378823248,-0.85447933246869123)
 (0.66539648644863469,-0.71380148624280437)
 (-0.86899374025971776,0.66859262327562596)
 (0.61461290449886496,-0.6323724100983158)
 (-0.79892468202090616,0.72418198749612273)
 (-0.83119626755945342,-0.75307155538763904)
 (0.73175924820779781,0.75258320606366247)
 (-0.72059958427669069,0.72700504644828656)
 (-0.70193866956665985,-0.64537857250365782)
 (0.73833458679841923,-0.84776650111996188)
 (0.76710336014782576,0.80162852617688252)
 (-0.68782175539548462,-0.67564228903908929)
 (-0.57817726388513657,-0.76591958130584581)
 (0.6803464460448605,0.68878617654682661)
 (0.78881509463769983,0.76415681127926716)
 (-0.71647633080337714,0.67101516814148598)
 (-0.60556347238958164,-0.52571947602746405)
 (0.6707470106316511,0.68743524917965115)
 (0.76477998733670693,0.65573350122803875)
 (-0.69472210192270678,0.59442803733983951)
 (-0.67635327676109003,0.76117026181156244)
 (-0.73798666440924099,-0.64205627048170522)
 (0.71638513557340822,-0.77489815933021367)
 (-0.72852953483293825,-0.52648813258244787)
 (-0.61204504725728914,-0.69086896028911482)
 (0.72592434456837829,-0.65958124356249126)
 (0.72397220469747603,-0.72954414127791867)
 (-0.637087987543144,-0.82457901554739066)
 (0.66409930189627664,-0.67331386226174594)
 (-0.74159319615227604,-0.70872696663659618)
 (0.7076967803844284,-0.67467502402181923)
 (-0.65394153795424703,-0.60188723673445055)
 (-0.72702751035940416,-0.71105021188730733)
 (-0.7807484693034098,0.67013031267359591)
 (-0.75014353948191248,0.73370740151966496)
 (-0.73606795181689122,0.79455286125573488)
 (0.66234927284486356,0.67439359860170922)
 (-0.62793823754452505,0.73863448179913449)
 (0.61222625060660252,0.68682416858077155)
 (-0.69672540896401292,0.78598192432285208)
 (0.74841531973692665,-0.72326158038898514)
 (-0.67319979070288472,0.63211285082285529)
 (-0.75773709047818039,0.76715601968703029)
 (-0.67219033147612384,-0.6381150714060313)
 (0.69952484005386528,-0.7134984519075378)
 (-0.71051318561552468,0.72649579569999878)
 (-0.73667514656967181,-0.66099783062465656)
 (-0.75247655800952995,-0.80754781754516514)
 (0.57916773909594654,-0.62513339252742572)
 (-0.67013897640307019,-0.80747941292048597)
 (0.82214361471533559,0.70904370083112256)
 (0.4640170322163677,-0.75711754183932101)
 (-0.67970753194472178,-0.67333795987783884)
 (0.72343006083880002,-0.76893390615393487)
 (-0.69365169330828824,0.69519456680719505)
 (0.65995440317328546,-0.91642668782329595)
 (-0.6036919049747077,0.71351467023735904)
 (0.81863645508652239,-0.75075817228425334)
 (0.75422964324639252,-0.67044201479171006)
 (0.69898552725797392,-0.78216341462733352)
 (-0.72024443834905194,-0.7175934105079993)
 (0.7189079029729164,0.74257470801203451)
 (-0.68577825438911533,-0.69432891803979513)
 (0.64122078540286831,-0.77909935089369842)
 (-0.79863465770790221,-0.70284375605339788)
 (-0.73121540213918013,0.76910590255874989)
 (-0.77800157996856445,0.73872641236413239)
 (-0.7979334628629956,0.66842181743664997)
 (-0.74646771346781915,0.7586427693857658)
 (-0.58944074537017255,0.6910848854315087)
 (-0.67639602577714375,0.73992526630605315)
 (-0.68696355539857312,0.8334076085953841)
 (-0.74235690256426012,0.67439885485380713)
 (-0.63898615758160815,0.75510498247576952)
 (0.83293611019972214,-0.87496594683596784)
 (0.75038963413757287,0.76271287724859493)
 (-0.71379432029364231,-0.70203932374995304)
 (-0.71755712115415116,-0.62356305075195517)
 (0.64553777882813745,-0.64698398774287647)
 (0.66775705272809616,-0.73646552389015474)
 (0.68376277459603785,-0.71417410833633355)
 (-0.70826647098361128,-0.60226919094113085)
 (0.77392361992031167,-0.72025697881215145)
 (0.73504628047242282,0.81980498979992755)
 (-0.56696350772262738,-0.66493765646060099)
 (-0.75243608528276618,0.70430120284947673)
 (-0.74050896939652511,-0.74107700112763208)
 (0.63874267924886474,0.71203657914845997)
 (-0.77526219282824849,-0.61723365131202457)
 (0.65468086397750958,-0.58335557852709741)
 (0.6629485853075805,0.82199193768641954)
 (0.76549855052448657,-0.68948337738893339)
 (-0.70084455069612661,-0.6311340057283058)
 (0.62942789227210516,-0.71595065352244003)
 (0.74511524508523608,0.82660998420920384)
 (0.72742524577283052,0.57392599628426888)
 (0.78259942632266177,-0.55019055434742414)
 (0.81597226251544797,-0.75457884177703316)
 (-0.67452896431773246,-0.67453031551186249)
 (-0.6367655339556727,0.69525738834529061)
 (0.68857867087754565,0.76313773162352683)
 (-0.75914767987889209,-0.75667590697212483)
 (-0.71286273511289433,0.76570331842337658)
 (-0.69326950907375917,0.65076997943289128)
 (-0.61616635501313832,-0.71331870090192251)
 (-0.70176331535571501,0.77307757528080723)
 (0.73238118791603057,0.77224894350514073)
 (0.6248066482287471,0.85733911037058441)
 (-0.6468660690575101,-0.65141924937867168)
 (0.78785723024128407,-0.62567994014917594)
 (0.60150584432328436,-0.58414447869668051)
 (0.63005384686366872,-0.86379101658280288)
 (-0.59755635969040577,-0.838240298705626)
 (0.72068683209814322,0.78946214096680778)
 (-0.62722791164215264,0.80398965297532365)
 (-0.62237638588194499,0.80902145136873971)
 (-0.67262311335451852,-0.64606473862289671)
 (0.72917431090166684,-0.66198853844836558)
 (-0.73074631419763636,0.69193951505505924)
 (-0.77833072809214032,0.79071838098537595)
 (-0.71855564637666836,0.75040748420762537)
 (-0.62841252087807076,-0.64739218759070116)
 (0.74043437904762766,-0.70731264287523143)
 (-0.61973096639080094,-0.64750003819044599)
 (0.9078069528843169,0.73453284336108726)
 (-0.65728930404447594,-0.69159133359853975)
 (-0.83187085416653317,-0.70086322709698157)
 (0.55550747386799104,-0.81361433897734547)
 (-0.76173105056665369,0.79706008949603813)
 (-0.72737111448546088,0.64051599617455623)
 (0.7836050738307494,0.79523897915246189)
 (-0.74413903959794614,0.66775764241602376)
 (0.76773448613662676,-0.79870613551456104)
 (-0.63942143278453378,0.74546652918712575)
 (0.86139382583418056,0.61633976345798147)
 (-0.76025471269302825,-0.63196554657335768)
 (-0.71991505867065286,-0.67287159942044117)
 (0.67912519567353946,0.69590777420550842)
 (-0.74316777365578324,-0.70749226930367559)
 (-0.79197141324507825,0.6887720761004692)
 (-0.67881214563022396,0.73221567467717585)
 (0.63428431577167166,-0.63698780982135494)
 (-0.7404167390842793,0.67178729492755496)
 (-0.88667284569006477,0.6518668777081057)
 (-0.68661082689428055,0.7681438295242764)
 (-0.6657636154755926,-0.67202019423094816)
 (0.73295133011885705,-0.77315642852254085)
 (-0.6131825842981975,0.71132185329133102)
 (0.91309020439884658,0.6889859157928746)
 (-0.66047608553316317,-0.61499656738976749)
 (0.71621080648213764,0.74527055811859377)
 (-0.57537260755280606,0.70650740511707488)
 (-0.59020556509868649,0.70514491190480277)
 (-0.7227078843221999,-0.75198952457700374)
 (-0.85969461532661573,0.71341916335745525)
 (-0.72621276329464524,0.7856025235315276)
 (0.64832801389421035,0.67288570792573632)
 (-0.60008730800388865,-0.80314369802691654)
 (0.79315106891723186,0.66425693151083265)
 (0.56654723609351232,0.68416367218972518)
 (0.71205781359692921,0.60869565670100079)
 (0.59661930679399588,-0.69235609212763272)
 (-0.77458905481012053,-0.86852350570695847)
 (0.67954343436664699,0.73336210034135318)
 (-0.63632846666257048,-0.68033611241421388)
 (-0.72757008119541244,-0.81089645377908126)
 (0.56919028736315969,-0.7650953164248453)
 (-0.7350499603844548,0.62149152087323911)
 (0.73324913712820028,0.61630441550494464)
 (0.58431907061656829,0.67055071108190789)
 (0.8222725371813151,-0.65099124876876013)
 (0.71713103163750258,-0.69007619810125176)
 (-0.75118006746167443,-0.65400749641747713)
 (0.5279163922984339,0.64360314684148479)
