# Created by Octave 8.4.0, Thu Dec 11 09:47:21 2025 IST <gamana@Samsung>
# name: rayl
# type: complex matrix
# rows: 1024
# columns: 1
 (-0.44465493768504483,0.85390901439276745)
 (0.39781007803591073,0.090162207261999222)
 (-1.0462860464313599,0.55413049174699769)
 (0.18130384052934359,-0.45383080703538836)
 (-0.49051608435114097,0.51677988082111492)
 (-1.3318136963432463,-0.37838419902326209)
 (-0.33681177303723775,-1.3596434549753111)
 (-0.50126852519524889,-0.89302837804275126)
 (0.0043342748255751767,0.0392985856221892)
 (-0.01265549773420143,0.097530399163199166)
 (-1.0195445940590711,-0.9124361285590592)
 (-0.33488201794799921,-0.82561620754114906)
 (-0.35899311204654499,0.24028304765063341)
 (-0.31691695377735618,-0.040334978514212083)
 (0.086742737029295636,-0.8138641076539781)
 (-0.22709817783667904,0.27570970892264057)
 (-0.22961580788466557,0.19659477854312524)
 (0.42000840032352921,-1.1141348310978592)
 (1.3869398968179367,0.16890592315168329)
 (-0.68798178739875571,0.54191543781249907)
 (-0.53064087778938474,-0.87077835961561356)
 (-0.027771539160346415,-0.53639933809725071)
 (0.32407694834809342,-0.094654262524892993)
 (0.58623185944970735,-0.228025988326855)
 (0.86590987593131707,-0.3975633464528941)
 (-0.042733051537164446,0.93342378600248077)
 (0.9615287263421215,-0.15911428908958331)
 (-0.21423517588251823,1.1458937172185786)
 (0.24148221544166157,0.063027443713072034)
 (0.17585662530680105,-0.61540562149326739)
 (-0.30144416222687936,0.61488224426830684)
 (-0.05538198184897887,0.19126814464968017)
 (-0.82750265554840574,-0.51158298500822474)
 (1.1622550586994695,0.33300399288399252)
 (0.48858093169146399,0.27027142745312516)
 (0.074796790392082646,-1.7630158784036527)
 (0.89099939604114975,0.1776206285412158)
 (-0.19973939725793438,0.91777535819549305)
 (-0.11019750206822992,0.35851563939598763)
 (-0.12097506059966492,0.53406192255090756)
 (1.4114170254574396,0.12836911859300049)
 (0.06835082676396903,0.71148752605914267)
 (0.22017417940957232,-0.47545125799170218)
 (0.30766381138222876,-0.084772308082518996)
 (0.26121722156697963,0.52726878795479681)
 (0.33716484089363363,-0.10062688790691869)
 (0.17045371613189519,-0.011004166087288061)
 (-0.82817889066511197,1.3889184381468442)
 (-0.84732131629556495,-0.15658996779676959)
 (0.3695174513693209,-0.47096106508489555)
 (1.102807146120095,-0.038144123730368018)
 (1.2012423810496644,-1.4396946007956801)
 (0.3025265932919261,-0.050668415841913311)
 (-0.95346083769777401,0.44157282725121583)
 (1.2719643172341037,0.76648520392172315)
 (-0.51843959308790555,0.14829223385883133)
 (-0.57211954243276519,-0.46799898487439578)
 (-0.83048439658620143,0.59702861379720584)
 (-0.32748391269746152,0.48817097659904812)
 (1.331243461132231,-0.81681003583145784)
 (0.2835567369338623,-0.81292189878073629)
 (-0.41950581178275742,-1.3412735867721504)
 (-0.36999048191103578,0.20782679210942911)
 (1.3189535992550385,-0.94840956478563987)
 (-0.26167908501457138,0.39667260364869406)
 (-0.67378573720820123,-0.8900820290982987)
 (-0.40677639283496375,0.49041424330637612)
 (-0.45956645847782107,0.37842932036073773)
 (0.013076134752642243,-0.20652498354241974)
 (-0.070215069828052534,0.60965240657912867)
 (0.56643533056825113,-0.78606040716334025)
 (-0.29544693588187632,0.42736155238136964)
 (-0.3683673227977905,-0.0077783275110809569)
 (0.38882416655927499,1.3449441326722438)
 (-0.57693656586614606,0.29744997324565281)
 (-1.7324164395279138,-0.67985229701089001)
 (-0.26307438886431178,1.0197632872602571)
 (-0.53320959244960231,1.0701466984664985)
 (-0.7893369273720735,0.70462206213860201)
 (-0.80414700849208864,-1.70447624537718)
 (-0.49253751900208648,-1.1549132659598687)
 (0.12587214557539719,0.01951554311939762)
 (-0.37090883511129857,1.1799350246578755)
 (-0.14725895071144154,0.19524214421843819)
 (-0.041895733090342113,-0.64621190108500659)
 (-0.58370224668261161,-0.20629111022260629)
 (-0.22951723612333574,-0.67994019269900208)
 (0.80835823592654688,-1.3177522348432955)
 (0.14690047643680165,-0.73394197757488167)
 (0.28655583564337295,0.89453160612811289)
 (-0.63333514224165843,0.10170729452969313)
 (1.3479738933946335,-1.4905555572348339)
 (0.73735633495330111,-0.47852904871021595)
 (0.82813377528617882,0.70850999128182801)
 (0.69244882469595204,-0.67200199935273919)
 (0.42676549672053504,-0.36430800262052493)
 (1.2237958854790785,0.59744969236040379)
 (0.48221937408660509,0.27787738995747036)
 (0.04899624866671437,0.99362743867543535)
 (0.24446208579191631,-0.10394818975566143)
 (-0.041718387087491648,0.7699993565450991)
 (1.5103670113167786,-0.63107573551375529)
 (-0.29699346782794389,-0.63055087698690504)
 (-0.0018707848500357782,0.84598442513042271)
 (0.30011156169524977,-0.32596323932535554)
 (0.24340926786889738,0.45361563372556923)
 (-0.058626581965649224,-0.053867093353765258)
 (-0.32490475219962006,-0.92291440463743313)
 (-0.2031503594205934,-0.37591688267459816)
 (-0.8672983161801523,0.76086755466209455)
 (-0.78798083870670854,0.81296873265753267)
 (-0.068551375672833093,-0.78373668416468178)
 (0.36111270881178709,-1.0556988021600762)
 (-0.40319058130182167,0.54771959904379575)
 (-0.10496649980836514,1.5820432748485431)
 (-0.79827972703350536,0.35356314325926447)
 (-0.43078777628499287,0.20901433936623426)
 (0.22599652294389361,-0.74596511594676707)
 (0.92891036151249984,-1.1004363193075266)
 (-0.62342129847446526,0.36434017293842147)
 (-0.066962508283249539,-0.019720801526775765)
 (0.54706542995404961,0.37170933597269307)
 (0.74409325085418176,0.048220731483225421)
 (-0.35056724276243401,-2.0432531487651939)
 (1.0707628581983282,-0.19686077367779431)
 (0.90912343768001957,0.37841820306232055)
 (0.361761319098301,-0.98702404799239896)
 (-0.4295485051610578,0.83390214602145851)
 (0.21388170862510764,0.087141040074830908)
 (-0.51820874594923583,0.39998828531856606)
 (-1.9021186115344388,0.83472836593070188)
 (-0.61018692160713839,-0.92108592047650462)
 (0.12209565372132464,-0.68161827950136433)
 (0.34335184423954357,-0.62340022415986296)
 (-0.57463400192031444,-0.17405100884137695)
 (-0.049990665887573199,-0.53110815274054957)
 (-0.84939427534630019,-1.1122268833926432)
 (0.55634401340380246,1.079883260652003)
 (0.04185637024513874,-0.15868583689289092)
 (-0.017224476785870052,0.41690334952643349)
 (0.25109993774443473,-0.17660698450928813)
 (-0.23164462462342014,0.60910135465141468)
 (-0.97750433972612583,-0.71663765319990391)
 (0.46580853354213897,0.34224570512655211)
 (-0.50814615862457524,0.37986227014567109)
 (0.36248233275019776,0.75336531344836799)
 (-0.50340540593549488,0.2549235450624831)
 (-0.37849682790101608,-0.85052874526925537)
 (0.16959917050778195,-0.37590325116473966)
 (0.03073780781194152,-0.40793882473635201)
 (-0.17486924038722207,1.1178025529883675)
 (1.0479621424882892,1.0012252326290301)
 (-0.045479206766775492,0.13906234648922119)
 (-0.10471697223753,-0.34487198730432783)
 (0.3575733161894693,0.33487990058439099)
 (-1.9559482014657845,-0.25794666680719325)
 (0.15740228088846614,0.22134536342024125)
 (-0.40086492828689069,0.87339851877135832)
 (0.0063739731888560192,-0.5183339183951271)
 (-0.71108130884312926,0.71708108880312682)
 (0.20730975084947012,-0.734567973890211)
 (-1.0934624770735999,-0.46622119989791366)
 (1.1555690870631268,-0.58963191868757403)
 (1.2487479452936325,0.59898163743994159)
 (-0.76977574207855493,-0.40688187722957214)
 (0.4519042243285879,-0.786994856706413)
 (-1.1305953917657843,-1.0864581172693812)
 (-1.0187129625815419,-0.36508624969045061)
 (0.85099793990765615,-0.21591732419250792)
 (0.42692062660891683,1.3156309371816768)
 (-0.32458237194094164,0.47499892261345078)
 (0.46170581876176753,-0.045275876813239968)
 (-0.54667235076188081,1.0232434225330622)
 (-0.62971868492612992,0.29981790579543421)
 (0.93712375925663738,-0.47225589880303132)
 (0.19776890576238315,1.2795560055321564)
 (-0.75248083716748537,0.31716136738809292)
 (1.0281074107251316,0.13485722961473812)
 (0.13798423001038015,-0.029918422162910539)
