# Created by Octave 8.4.0, Thu Dec 11 09:47:21 2025 IST <gamana@Samsung>
# name: rayl
# type: complex matrix
# rows: 1024
# columns: 1
 (-0.39592794383410124,-1.0577375389441572)
 (-2.3484868524552613,-0.23767398241920135)
 (-0.06139176467092073,-0.044084163949296852)
 (-0.034141963450486368,-0.86741038153399075)
 (-0.60541197948055259,1.4006403312815647)
 (1.0324168009800723,-0.15673757137837313)
 (1.5156111242440722,-0.64097297589789504)
 (-0.23706159988283843,-0.67483406879662855)
 (0.29591636381533842,-0.087331367067609536)
 (0.053499368432234809,-0.014958760045029967)
 (-0.11077907728879149,0.62663793585207994)
 (-0.42960857939121427,-0.15008176682390245)
 (0.032421626212231852,-0.19961121416836769)
 (-0.62910983168571744,-0.96182329678793177)
 (0.33388819958179733,-0.47668468608139886)
 (0.57109866269644427,0.18891337560718552)
 (-0.10485041743136003,0.17826595599520573)
 (0.087483987217570044,-0.1218867506844092)
 (1.1055028809103806,0.55578143403230673)
 (0.43223381874853667,-0.38531200386673997)
 (0.23198935253487513,-0.54802407400425501)
 (-0.21947951989425904,-0.15505378939068801)
 (0.91325272556477177,-0.20289929743281515)
 (0.61509814887078096,0.14360242979675228)
 (-0.14249946323658305,0.25806513038067946)
 (0.050570027771733916,0.31224868374255588)
 (-0.23226587416732361,-0.1100237085126036)
 (-1.3692077109408487,-0.032100021031290504)
 (-0.011465897332828275,0.12085721979375849)
 (-0.039990827078958735,0.090723135930749987)
 (-0.75775925662723576,-0.73887189117828633)
 (0.542160513587154,0.083098909961461048)
 (0.10370663375168665,1.2427061977274585)
 (0.79175107592898775,-2.0420232451382723)
 (-0.1071326478385986,-0.68665408387989268)
 (-0.21451561443558434,-0.15850491220631793)
 (0.78386507970408448,-1.5982344182576929)
 (-0.28835136775926634,0.58549371996718635)
 (-1.2239877638772745,0.61232882456283277)
 (-0.75142315484575195,0.23042881585489627)
 (0.82778460645741325,-0.66035426476900128)
 (-0.36330224139743683,-0.31197635831923753)
 (0.66007056700760125,-0.42051651708883142)
 (-0.13375006719010107,-1.1839696064540697)
 (0.3821561567659616,1.3672638189110109)
 (1.572102395339849,0.45824435305953992)
 (0.56939381135980638,0.18712180905323492)
 (0.99227776197851647,0.98354369849256507)
 (-0.50890881450316727,0.51011080731034175)
 (-0.066481981404099624,0.13778802172381938)
 (-0.030997681948391642,0.54630005783325153)
 (-1.3834184531319389,-0.15293341384897008)
 (-0.42570692228768608,-0.95499168810293256)
 (0.42474138466017441,0.31590842029494426)
 (0.22520677792488408,-1.4646103925625704)
 (0.40097270808264174,0.36680429910736301)
 (0.70582744888552096,-0.18353682671793375)
 (0.76055907186846916,-0.13288098407093241)
 (-0.35730069863915848,0.7930209416559475)
 (-0.18352264636724225,-0.19369493759029188)
 (-0.67517753076429632,-0.50360998417783487)
 (0.49731943270386048,-0.7566334195605654)
 (0.80937107031501565,0.073705712714181915)
 (-0.02884465244514875,-0.32405629407694747)
 (0.013071465093803941,-0.42196215354162614)
 (0.71312079248202509,0.34448017633058736)
 (-0.050760848695907024,-0.83652867029794387)
 (-0.6587706707816513,-0.79555523900979408)
 (0.28709073680545949,-0.39804238076728482)
 (-0.56067317413566597,0.36080139602147815)
 (0.6043047241662205,-0.30162498921279507)
 (-0.4413670126861951,0.46599417346809408)
 (-0.57339112323075359,0.10175413764179997)
 (-0.39758157444341929,-0.77160070363465638)
 (0.72363584749902454,1.3647180104563637)
 (1.6671386875193392,0.024610404088860838)
 (0.58124831783567732,1.0939262563874623)
 (-0.0047069312768018845,-0.67350536940280226)
 (0.55715454284421939,-0.71401990004839189)
 (1.2184363030729133,-0.97810500421306457)
 (-0.77088031971346616,0.77122710552585216)
 (1.5099652351973116,-0.10613376741426606)
 (-0.60625525013047354,-1.1179372973764559)
 (0.64481391195663651,-0.30163606736047666)
 (-0.095555154433535516,-0.83879400586976227)
 (-0.14857949103310172,-0.58977179239612443)
 (-0.60098685259282003,1.0093718394699382)
 (-0.73391934070082399,-0.21610998257781583)
 (-0.57420401442204905,-0.18754221207497357)
 (-0.36962869054433517,-0.84528154108744902)
 (-0.096023731468479229,0.54990010164860925)
 (-0.6237496783442511,-0.81963208261573817)
 (-0.55601317012623708,0.06131904333971161)
 (0.50474250695068834,-0.16113783358273373)
 (0.053556731370538346,0.72858544589641827)
 (-0.18226705647701483,0.086908058253614834)
 (-0.0084173749918137197,0.56800859762696421)
 (-0.48113642556887548,-1.7077453635287054)
 (-0.68351342726452369,0.76202966270098427)
 (0.22460989271329401,-1.5455794595874039)
 (0.84660278805941735,-0.49749285474148081)
 (-1.0324591935160818,0.91738965705397058)
 (-0.18598987523615435,0.057331245852111953)
 (0.14332425310717489,0.19374322105417724)
 (-0.41646829379682482,-0.26090596603803906)
 (-0.27261893839342322,0.3225936414819891)
 (0.37890498777610782,0.25426565405102608)
 (-1.5143465466053074,0.56367032866732414)
 (0.39458598786730836,0.35778737472929323)
 (0.58161850897645728,0.77477594275126915)
 (0.91968924859712242,0.82893870083762256)
 (0.6485215494162484,0.42070285793314993)
 (-0.14717415163685421,-0.53945154467019907)
 (-0.25183830092773096,-0.57841865468298814)
 (0.36151252052776145,-0.0099961487907431201)
 (0.13414870107735066,-1.0662530748779298)
 (0.083417495485092752,0.43039922882373388)
 (0.28815585284282169,-1.0131989953249034)
 (-0.03345481442731614,-0.16160390496560223)
 (0.84879784651123802,-0.96645177351695355)
 (0.36153165309322077,0.39131329718494123)
 (0.50270926146943329,-0.64625667585817848)
 (-0.40621713000600995,0.86656970823923873)
 (1.3547745910633213,-0.25505089472452569)
 (0.12599239426295272,-0.25368666982270099)
 (1.2803112864904258,-0.74569529304160331)
 (-0.34828297682754361,-0.035104488750788948)
 (0.23618059193723281,-0.021863482924000172)
 (-0.16518120801136155,-0.19479740071474222)
 (-0.58638096736904677,-0.023145208037562814)
 (-0.90739722210070706,0.032159993926722308)
 (-0.39964706145537787,-0.19824312070763253)
 (-0.075749149641170355,-0.80962562181763675)
 (0.11774096167767417,0.40684821237728103)
 (0.97485213102380264,-0.15753726926511324)
 (0.560074773640023,-0.4701989645203003)
 (-1.6337509065354083,-0.78437277045127707)
 (0.24007383464440882,0.58549546985306722)
 (1.0450722950450935,0.099005288728679808)
 (0.27544003437358322,0.48664707440445998)
 (-0.9409666881962877,-0.060314552042492586)
 (0.10068929091586945,0.34529172413762643)
 (1.4290089601194367,0.4620265529862162)
 (0.36956345721484668,-0.64222327006197766)
 (-1.0556798176855327,0.38093196448756272)
 (-0.31543780065672544,-1.1310050379146821)
 (-0.16552870179994272,1.3689217597729868)
 (0.20381319839540363,1.1123909118470645)
 (-0.16599168722007576,-0.22585568474394221)
 (-0.12393015748261252,-0.44766977505460193)
 (-0.040151240370898039,0.23433232832991666)
 (0.060301517778121039,-0.41262894145912266)
 (-0.089897264056446935,0.30962705626838649)
 (0.95555217357811628,1.3557931807208505)
 (0.24224545523114865,0.83815761422056556)
 (-0.21621054520097918,-0.27777143335904847)
 (0.10538932217924002,1.1896319527286283)
 (0.66309458936642818,-0.96089482191189224)
 (-0.73420909299474846,-0.9439520283308509)
 (0.65409723989638302,0.58006426838598057)
 (1.0191852727087793,-0.25893376933699175)
 (-0.64123118010277724,0.72106262968565193)
 (0.82642273617212203,-0.65497642729550265)
 (0.53817967138910794,-0.4030678150127468)
 (-0.91625965042424951,0.12375652946338445)
 (-0.66624039101201848,0.68468088132963101)
 (-0.31762493918731727,-0.32173971753198582)
 (0.44681741201572384,-0.0079988823489423599)
 (0.080565326630929135,0.8252302797854254)
 (-0.60673181451220182,0.94506147428936282)
 (0.42547822253605561,0.97675909372756697)
 (-0.248801918584861,-1.540506446523684)
 (0.22135859029847538,-1.1081641406734712)
 (-0.64607628609577361,-0.23308037311850216)
 (0.23837249491351792,-0.68248636958129416)
 (1.5169420136940066,0.49788848229915639)
 (-1.0728235020079282,0.41744578059044979)
 (1.485854817189274,0.90772622734260744)
 (-0.84394893601328347,0.2673964686754054)
