# Created by Octave 8.4.0, Thu Dec 11 09:47:21 2025 IST <gamana@Samsung>
# name: rayl
# type: complex matrix
# rows: 1024
# columns: 1
 (-1.6659300310718854,0.24624753655431397)
 (-0.65532347761268239,0.46176612164235387)
 (0.42154579688365229,0.41159542485311068)
 (-0.090383770741333969,0.5016873538560277)
 (-0.12426242883260843,0.26637034425699058)
 (0.76264625960207066,0.078772075574098877)
 (0.060145039541128861,0.29175747544153174)
 (0.47755018724418674,-0.74147947739857623)
 (0.9010282014258626,0.69922350815933654)
 (-0.061686479893338086,1.5387772921396177)
 (-0.17225758488347698,0.75710008457613542)
 (0.75196613575442162,-0.83779204248284733)
 (-0.40905576635307178,-0.51630218917106552)
 (0.25480280725715121,0.56093239232953573)
 (-0.32569301979691173,-0.35595699602925962)
 (-0.56260343351259812,0.48138584733386203)
 (-0.36148281839128743,0.29395238518858607)
 (0.54005386226303287,-0.036749121057498446)
 (-0.38067093841348199,-0.69531541232879601)
 (-0.74448671380773779,0.20483426512776198)
 (0.04634832283324497,0.92791730079270607)
 (0.76154274511445086,-0.39267110588388621)
 (-0.41519107671530614,0.42785033671545375)
 (0.23274839475210965,-0.017418053006627882)
 (0.034994533036475289,-0.16263032258139096)
 (-0.058681064860205467,0.85582310786261639)
 (0.937342263366444,-1.131544277302148)
 (-0.0227966640366008,-0.27767097134533131)
 (-0.28475794422440004,0.49217572460366565)
 (0.17354567146605612,0.1255030608195952)
 (0.3523196057923787,0.77426960668428246)
 (0.11212490964765454,0.78878742401129076)
 (-0.87808161617357394,-0.09462252281333694)
 (-1.4615128027647246,0.41006854973734108)
 (0.55192309645597182,-0.68057169849361832)
 (-0.38760231358961772,0.00049221700356810727)
 (0.90136719897214701,-0.057527804578538733)
 (0.95304859146810839,-0.28934475755078487)
 (0.39494701376502322,-0.14597597686389824)
 (0.43798491390827332,0.841562511320472)
 (0.32857045066088597,0.43041840158281885)
 (-0.60823411268665917,0.1968608714516317)
 (0.88885071584039099,-0.053912086066177811)
 (-0.42558339692251423,-0.90499287055306143)
 (0.22814893813643577,-0.92061023037514478)
 (-0.30749619799768735,0.041764900734417854)
 (0.54275545926714153,-0.64129867548559094)
 (-0.53106046592859468,-1.0756489103458355)
 (-1.2585632222403327,-0.1700465201334469)
 (-0.96868630977123493,-0.94336825153134429)
 (-0.52163758655674597,-0.6856438980081363)
 (-0.86758230734114372,-0.56390821054669971)
 (-0.27459068773263745,0.30278694109023346)
 (0.5901561119632992,-1.2510211427922069)
 (1.3062817570291374,0.32494300841421314)
 (0.82698250764274728,-0.4802973184674792)
 (-0.34831288564802487,0.18688316525962592)
 (0.21116087667589969,0.3250187888532573)
 (0.61855590094291091,0.92769498103194903)
 (0.40366624098824966,0.24013646398477884)
 (0.92560061865054166,0.15435584788416851)
 (-0.25030685763157418,0.48549837081553887)
 (-0.046561235802674655,0.51423127502486154)
 (-0.14365168346656021,-1.0891544932088895)
 (1.506396382173947,0.10585256922338271)
 (-0.33236555290235481,-0.28135921993847779)
 (-0.31611764555005639,0.26727277750567413)
 (-0.86244224908000122,0.38152232164365851)
 (0.31819056931758505,-0.43449605750287446)
 (-0.31964913320337107,1.38951223184357)
 (0.2403200672453964,0.48518660885503601)
 (0.078519045508348179,-0.24861488100966658)
 (-0.58001922733022637,0.5048969175384509)
 (1.0971783308423095,-0.15307741099273092)
 (0.0031333126252956478,0.28521940474307467)
 (1.3340770644001427,-0.4781650734649584)
 (0.47439127523402169,-0.22245497742064158)
 (-0.019594495692222297,0.47589658147546809)
 (-0.017607518554502571,-0.36756332538177772)
 (-0.42377523131178019,0.054171216454692223)
 (-0.17736900867763969,-0.58100755996767983)
 (0.49518093129692903,1.4074561446164013)
 (0.74983096675323913,-0.73974603224932667)
 (0.30326232619947352,0.28275455826780366)
 (1.1202826709557621,-0.40049340350239382)
 (-1.0997930409727343,-1.2231350569624186)
 (-1.3605437400695135,0.084783890069720647)
 (-0.3806763008365236,0.042226231013264365)
 (0.38467049047974256,0.068338612324464698)
 (0.63638353137212833,0.40307381602979142)
 (-0.66544275726914781,-0.77470334907864979)
 (-1.1425752413912789,0.34933430159289813)
 (0.15806976593342834,-0.24172316942026337)
 (0.56216893748916696,-0.025857346324965114)
 (-0.27400045666819034,-1.1825734804962704)
 (0.40506097891045112,-0.23938679925523809)
 (0.17997525706734119,0.56885666951486358)
 (0.51699075163283925,-0.037042793670949509)
 (-0.46790725152963969,-1.2680747788380449)
 (-0.37545374125700393,0.63933426883779354)
 (0.80160596139661655,-0.85494933205475732)
 (-0.24198651148531855,0.56181662924089704)
 (-0.47795192609132181,0.41943956862439929)
 (-0.1344097676023906,-0.38407899501549964)
 (-1.0305078100989882,-0.11759279786202481)
 (1.0214026383149071,-1.005225796153044)
 (0.32976031439359377,0.23568546091704567)
 (0.62795787162537253,0.17703345343006191)
 (-0.042089879569111012,-0.1362889724684743)
 (0.036408160880144855,-0.0072939203837666406)
 (-0.27939833303098616,1.0515376528503946)
 (-0.52146000885871135,0.31178256371480872)
 (-0.12606500876320836,1.6286731451569874)
 (0.68968488168591546,-0.62667958544195213)
 (-0.89470118282342592,1.0231830943320022)
 (0.00012213589009711645,-0.097060383167402592)
 (0.61631111300599128,-1.0803474012502061)
 (1.2225506912606403,-0.21308411667862115)
 (-0.38932567856040762,-1.0667230160137788)
 (0.6039548730092672,0.51367689851009324)
 (-0.8238376005929795,0.069048650513606591)
 (-0.11203256648307214,-1.3088438129782671)
 (-1.5476837722526184,0.37357733954384298)
 (0.658310790226319,-0.075464793936558083)
 (1.120931210168737,0.10351519005226995)
 (-0.55447248797726079,-0.81054271170510594)
 (-0.47866138215377485,0.78431610893017356)
 (-1.2145533021095758,0.82635109600318291)
 (0.057397680476633017,0.67963413201377709)
 (2.0309558704759083,0.80724942028604263)
 (0.6048051401623864,0.40952681090421539)
 (-0.085560125169756057,-0.14593241301165652)
 (-0.14525924377474225,-0.98967988746050461)
 (-0.047895517301913604,0.38175739080003984)
 (0.43049179346947053,-0.74686004762333691)
 (0.51596863487865252,-1.2489110967781076)
 (-0.11800873563322606,0.3681737530521097)
 (0.070447484203881305,-0.30131268116032123)
 (-0.27840677239562611,0.78476296562703074)
 (-0.69127446546358751,-1.1284430128536052)
 (-0.38579156220512401,0.06059838192983738)
 (-0.44910046807717313,0.32521758005256346)
 (-0.016130430136258755,0.77800250088900968)
 (0.23006616079261208,0.15951537777260352)
 (-0.30566303865121075,-0.44915024965516265)
 (0.99683821021593455,0.6497976453427563)
 (-0.050562709906805448,1.0246397869215009)
 (-0.40363180387537073,0.052841974184031526)
 (0.25832643709097175,0.5968396118029522)
 (0.24562724732367264,0.32888694452599393)
 (-0.19901264380403816,1.4658101036742557)
 (-0.71635362679322478,0.51279723540408073)
 (-0.25751453511339834,-0.16878865302245713)
 (-0.81039537182683263,1.2310274491214237)
 (0.52787271104032962,-1.511836120209356)
 (-0.4715976760252818,0.75513793876399338)
 (-0.021047345861272646,0.14819240514046333)
 (-0.3699596014067964,-0.81090722107855917)
 (0.46349763012175599,0.62371991602221266)
 (-0.26640482681597577,0.37512596888133365)
 (-0.63648750348775895,-0.54278214303903194)
 (2.4285696518566997,0.41060385451055859)
 (0.33444980209915898,-0.68324065299105363)
 (0.77489793389574246,-1.6741301862604103)
 (0.83652395400834556,-0.29541073573589732)
 (-0.35832727321228192,-0.002000694398674896)
 (-1.109535560674463,0.39989314354790101)
 (-0.21538619517618227,-0.29267573039842121)
 (-0.84273482786324516,-0.20439333424025219)
 (0.21350763897319819,-0.69455540686210981)
 (-1.2429828718299571,-0.047805655052389651)
 (-0.33879857927455265,0.55398912258970046)
 (0.17980302815842678,-0.34377143483886685)
 (-0.19389880535142376,-0.15244362652220675)
 (-0.89570678046050445,-0.73821653642183949)
 (0.45929547596439974,-0.4528634320080836)
 (-0.27986486301211705,-0.600937211677389)
 (0.45559532072872494,-0.53394129834901538)
 (0.56375273724632768,-0.38748823708689262)
