# Created by Octave 8.4.0, Thu Dec 11 09:47:21 2025 IST <gamana@Samsung>
# name: awgn20
# type: complex matrix
# rows: 1024
# columns: 1
 (-0.56891675344672621,0.6618274808349901)
 (0.65980843424808344,0.81732268746999959)
 (-0.65800837052182859,-0.65621017468308851)
 (-0.82637176210694663,0.64153307480411703)
 (0.78640474041172881,0.65864626571452811)
 (-0.6395110264663344,-0.66224108478478394)
 (0.72366470884094591,-0.70656194014094553)
 (-0.64073573676666395,0.6214382186962758)
 (-0.71362664801263154,0.68326329062866364)
 (0.76095740233177556,0.56998119654426682)
 (-0.58571471651553209,0.60310295074775366)
 (0.76420089132909186,0.73678576054378087)
 (-0.64823096762007137,-0.65831112434934136)
 (0.75009417786169619,-0.67342205665021304)
 (0.75564200499774503,-0.66828468897196958)
 (0.59358393782725027,-0.7200404463216783)
 (-0.6654039618039127,-0.72579552951549586)
 (0.73111425354891257,0.73657395809747639)
 (-0.62692983011476899,0.79949646320690215)
 (0.7595674104740886,-0.74604581152657179)
 (-0.7780669927745314,-0.64808453565150492)
 (0.83779429228600044,-0.62514239102555735)
 (-0.66596452024716013,0.79243588031033518)
 (0.8427890658126036,0.70740688526881701)
 (0.64527555815211102,0.73718640776745381)
 (0.69064111531608108,-0.5877784812572413)
 (0.561045279762723,-0.74816408004272872)
 (0.56074245821390933,-0.66134250425425478)
 (0.80854719422659871,0.69883321683688338)
 (0.69542615899472848,0.70293851308027755)
 (0.59363407066867602,-0.81382370980339092)
 (0.76278347872985808,-0.58357151852268174)
 (0.67106058755394182,-0.71736533903159128)
 (0.77298371532977461,0.62018532815383398)
 (-0.84660074932048468,-0.75941030146565425)
 (0.70988688074483075,0.74562807559302668)
 (0.56180881304659414,0.75416117615034428)
 (0.63963075322129204,0.70588558795012724)
 (0.65007119243982614,0.68643783211536735)
 (0.75856357142900088,-0.73396617395664976)
 (-0.71404022183321436,-0.65233645014733554)
 (-0.69195934176251317,-0.74078225148105925)
 (-0.64800878293559239,0.65608070143352915)
 (0.6028028512072896,-0.62931650571123932)
 (-0.69256304193475671,-0.71366172123679861)
 (-0.74466538003236049,-0.65419662824359504)
 (-0.62578254420656099,-0.76010751684360212)
 (-0.69191189109046791,-0.76378833195361806)
 (0.60118241958773133,0.71808630530309581)
 (0.61289798588438404,-0.63204707013121875)
 (0.72032045741711026,0.73999912244131061)
 (-0.84174933076982295,-0.75161925418417908)
 (0.69793066252829383,-0.66695585768576215)
 (-0.66614338823024399,-0.71199090269347742)
 (-0.74023608334984425,0.76188899074116267)
 (0.57164584934601659,-0.77738201036053034)
 (-0.66488809804460547,0.64990489840834154)
 (0.6979077467956698,-0.67298408995081493)
 (-0.75867471675840004,0.68956623128842209)
 (0.71500760406513852,-0.59429345071025341)
 (-0.70322985032037111,-0.77586551325691799)
 (0.78320627185846148,-0.66303385414686189)
 (0.73514510133331001,0.77862417078271917)
 (-0.68454890409108204,-0.57090079441661634)
 (-0.80115599238393298,-0.63064547398091264)
 (0.81056435811254546,-0.69409050476553791)
 (0.73935424853995735,-0.86580204935847571)
 (-0.60280036161656492,-0.79010041219346694)
 (0.75483837943153953,-0.79652649095486849)
 (0.61994468495584121,-0.69452103415487521)
 (0.77196217773017894,0.72232969109411793)
 (0.76003382615125603,0.77154284268926032)
 (-0.72844890492347847,0.76378051478272169)
 (0.63400338164854486,-0.82012751438256482)
 (-0.76426766256120338,0.56650154649325757)
 (0.7333591237962519,0.70046039091662937)
 (-0.68298482342691647,0.79708906795471435)
 (-0.7458028208597407,0.73168252285369895)
 (0.71938772946999019,0.70644965603527055)
 (0.65429395721962136,0.92515394768431425)
 (0.59345728222285365,0.82443813132361965)
 (-0.69374891599304744,-0.7583629799918149)
 (0.78471721857047272,-0.82583724323780516)
 (-0.74120158440562023,-0.69029952591078725)
 (0.77025663981802328,0.74334406725922852)
 (-0.59944318344623415,-0.72629087938392001)
 (-0.68625266838940535,-0.79315470614315153)
 (-0.71087274076701634,-0.58053286081722588)
 (0.74385511429086359,0.70425554692357351)
 (0.64792647679856363,-0.75566151767082124)
 (0.67696946294764071,0.64925184006293446)
 (-0.60601324483555985,0.70678675923911716)
 (0.63598338307269531,-0.69746773967603759)
 (-0.70742934502301447,0.69033685161944669)
 (0.62130664528579027,0.69666557014909514)
 (-0.73471641259519349,0.61146207599440139)
 (0.62891430591194319,0.71591618151640513)
 (-0.73981760264835739,0.77697731802780123)
 (-0.70352150803050273,0.79867084513342279)
 (-0.89830209027958896,-0.76999332787907371)
 (-0.72655128896478849,-0.75179841290063554)
 (-0.69653992056226421,0.67813864413662539)
 (0.63746589828079758,-0.766373313936066)
 (-0.7444517866173781,-0.78670902564650835)
 (0.7386970761602426,-0.74535744224141642)
 (0.69659203916414725,-0.76710101749886461)
 (0.76728204890184115,0.70262558513312179)
 (-0.86657248486310612,0.8346235963041817)
 (-0.87302369270233771,0.63299692473621894)
 (0.69494505433463394,0.76836114985789861)
 (0.73049949486105736,0.61873494251031647)
 (0.6133740151849536,-0.74681011460480207)
 (-0.78054400740948016,-0.54474227451357504)
 (-0.69417560809752799,-0.61170101108125774)
 (0.64332385599372766,0.87568083463313506)
 (-0.65734400557707606,-0.63968601065451181)
 (-0.8974574351741329,0.71195850665396021)
 (0.60708861128140323,-0.63943528626859403)
 (0.5657462139689915,-0.79249617066799893)
 (-0.70999146521490553,-0.68082119629731064)
 (0.87415191987814,0.78764441207620728)
 (-0.65479150380319684,-0.77104368985684202)
 (-0.60417025120449319,0.77420429909217314)
 (-0.73178646839718919,0.69834106129111406)
 (0.71641184872226871,0.75928804404230399)
 (0.63741106851773821,-0.6640383506309413)
 (-0.69344919463427324,-0.78015744426943268)
 (0.65426410971207516,-0.66174847128317305)
 (-0.69379897123774015,0.72956186621560903)
 (-0.68729917942582253,0.59350586214167644)
 (-0.62784079338223775,0.78314897126991034)
 (-0.63976884488489183,-0.57550245026005276)
 (-0.58799956148499888,-0.76923484135790832)
 (-0.59317091663735422,0.76107688347219438)
 (-0.72871429086342321,0.78141485880863781)
 (0.62385671451977598,-0.69371727892122015)
 (-0.77743529533692546,0.78135689751021187)
 (0.57315473897960878,-0.69703911470665991)
 (-0.7147417341761243,-0.86076568774170792)
 (-0.80962593932611349,0.71885861990667477)
 (-0.68468575146179977,0.74609359748425841)
 (-0.70816377277413078,0.73944099449941492)
 (-0.91312080825147257,-0.81196554061597603)
 (-0.7815402345361192,0.66985284534265854)
 (0.76061395493440875,0.63422889702641572)
 (-0.80150226438604144,0.64188939319166627)
 (0.81874126939238412,0.67775098012515078)
 (0.68268089116236796,0.78535000728678417)
 (-0.64982985187450826,-0.69185972333519863)
 (-0.65989190655167418,-0.61864450050708908)
 (0.70222567478996445,-0.61534390122276017)
 (0.70170789736592754,0.68746147940150504)
 (0.59620563030713603,0.83298812023379332)
 (-0.68878803257311161,0.77262927294738304)
 (-0.64508598501861136,0.63143764563090043)
 (0.63649900187000319,-0.73821071102707359)
 (-0.76209170542331561,0.6857236608818722)
 (-0.74396603387911453,-0.66928434982997898)
 (-0.74515980250431557,0.74393295884745969)
 (0.61817877687972267,0.77491114444247811)
 (-0.74109158550351584,-0.73257067624770555)
 (-0.74988365577045923,0.6672068142412948)
 (-0.66746669717362173,-0.70379420350272848)
 (0.76524749486456078,0.87833975057449809)
 (0.80359148499771627,0.77530832851542875)
 (0.77212425891326775,-0.69693283586053623)
 (-0.79193570683055969,0.64803720226056716)
 (-0.7408892276321396,0.69005076093716378)
 (0.91431441201553132,-0.71122041840538297)
 (-0.64055462263122587,0.63783103564326804)
 (-0.62401965204005694,-0.61303857302548226)
 (0.62622419613275593,-0.84686545755509235)
 (-0.61751424472779104,0.75883173356609701)
 (-0.5777656469939112,0.76677661595557589)
 (0.70871680507382395,0.65658271327012074)
 (0.79070812146739478,0.69240120836676311)
 (0.67862331824423705,-0.69019570233851835)
 (-0.70097292561484359,0.67848761983212091)
 (-0.73364636830787666,0.71629516925037684)
