# Created by Octave 8.4.0, Thu Dec 11 09:47:21 2025 IST <gamana@Samsung>
# name: awgn20
# type: complex matrix
# rows: 1024
# columns: 1
 (-0.69885501513208592,-0.69093980803757604)
 (-0.803910307044582,-0.67416745183487836)
 (0.72925642589340323,0.56862094790246021)
 (-0.62750702961633431,0.75774299792924038)
 (-0.66379578687642549,0.73285210576367099)
 (0.65424080431774367,0.69408635650681239)
 (-0.60966444974478773,-0.74699707153942041)
 (0.60957427415798437,0.50905817860969937)
 (-0.67042038780283109,0.58796314330496147)
 (0.73974377596047247,-0.65531725718204981)
 (0.65311443752745302,0.66864072741148639)
 (0.66440064705180024,-0.65090914211915596)
 (0.70353758897022878,-0.63880448857902539)
 (0.76540859724268184,0.61677099200661645)
 (-0.82628374596974452,-0.75266937043432114)
 (0.64146332981547949,-0.69545486261770828)
 (0.75144865901565927,0.74587137906886747)
 (0.68497211313715511,-0.52080052710942293)
 (-0.74129485892925806,0.63233305186216815)
 (-0.8131606094531707,-0.69107703318645786)
 (-0.71767740090303411,-0.72697468259634446)
 (0.83201309186385053,-0.65614418855113077)
 (0.69846464200563785,-0.67091742297296775)
 (-0.62156452427244824,-0.7972463003256669)
 (-0.71446234668650954,-0.73310853498257655)
 (0.79080245044222031,-0.72080895313820248)
 (-0.72532853199757896,-0.57062218309399082)
 (0.63537965983747957,-0.70127590738065715)
 (-0.69079465558079656,-0.72269355315026307)
 (0.73806802030458074,-0.72389009828240813)
 (0.76576031185068882,0.66212840307199083)
 (-0.51749779355243453,0.72840437597389074)
 (0.7064924435019162,0.62657416823901257)
 (-0.65600580332702785,0.669120151639647)
 (0.66612941490134181,0.66755456250267275)
 (0.75441090288989177,0.81162680736507231)
 (-0.65285932134856517,-0.78151409356267421)
 (0.82512376716955949,-0.72264110019946914)
 (0.77811691494075708,0.62214128197036178)
 (-0.67895028435365301,-0.76796617678887868)
 (0.67132093795960379,0.74844163842520606)
 (0.56753585548642216,0.61335489225079509)
 (0.69229045742450457,0.68279826586319015)
 (0.75452851406448018,0.72675221285366565)
 (-0.67843884361815621,0.75568337107248107)
 (-0.70034157535801489,0.61227482920213872)
 (-0.59833837248939792,0.63515844185424775)
 (0.62690877550579627,-0.74615420340390759)
 (0.70837161067853527,-0.63714387776428749)
 (-0.82720108943680404,0.71365039092027227)
 (0.72182304209138914,0.74257120403360433)
 (-0.64102730878771419,0.63778308039686327)
 (-0.5816512549723456,-0.59301723901121495)
 (0.62888938345496903,-0.79378235606150671)
 (-0.8238937658810801,-0.63201869199842142)
 (0.64198005211564801,-0.72909914032454026)
 (-0.59192380810661727,-0.73558084954657077)
 (-0.73003413962460972,-0.75727551238427271)
 (-0.73900766539673779,-0.71615010958623737)
 (0.69903262481350925,-0.68419438997979276)
 (0.59592510137887822,0.71209893064952168)
 (-0.67785677045296178,0.83561760413615249)
 (0.74262693497576004,0.73281405381286058)
 (0.72844035532559015,0.70558359884425714)
 (0.76100391036824833,-0.64332646859187537)
 (-0.62204435704177408,-0.6876718844266726)
 (0.68722630339887225,-0.75260865837848578)
 (-0.72993331808673334,0.70637051362569758)
 (-0.78450537634027029,0.65601847966619176)
 (0.73096709411101846,0.71106806452811411)
 (-0.72465912096383178,-0.64855345638029283)
 (-0.65534849855806343,-0.76424922486895075)
 (-0.64475477952907967,0.75600655394923977)
 (0.619668836319762,-0.63372677542964262)
 (0.76598569453154386,-0.66673161568074346)
 (-0.62127299557895554,0.71730662833083303)
 (0.71050408361333861,0.77250391927820727)
 (0.641162124172169,0.7062118521522659)
 (-0.71739359007065284,0.75159665198025905)
 (0.64790798779855729,-0.74298324573011909)
 (-0.77732404121717258,-0.71028341802926609)
 (0.77978815755113895,-0.77779575688249936)
 (-0.80277834641219825,-0.63445075991198463)
 (-0.74986079110693327,-0.69582791193303672)
 (0.66338384633249825,0.60302407808896485)
 (-0.62216117373245516,-0.71098678954204197)
 (0.70167503092790218,0.803661335028937)
 (-0.80598931123977913,-0.69217038023585487)
 (-0.59534829892014496,-0.68691842634142364)
 (-0.54982366128991822,0.76746737254175013)
 (-0.72735324017373326,-0.79841129785461407)
 (0.70123948397405489,-0.64972806695898411)
 (0.77597183916136958,-0.6186447692801943)
 (0.69210533506548166,0.70425162514816753)
 (0.64991158547998462,-0.71415566126263197)
 (-0.70650497829839931,-0.67226770856759521)
 (-0.81634692079267646,0.71761661829959311)
 (-0.70150862773555556,-0.70489481453691905)
 (-0.66304837667759475,0.80529492574614214)
 (0.6803859487766456,-0.52327384803887533)
 (-0.60961877605443238,0.68688297549072164)
 (0.8316498529943176,-0.77452279853704975)
 (0.67896955117377344,-0.66829270223453685)
 (-0.78005268915537318,-0.62193842861833315)
 (-0.50822295829295372,0.84090530828242582)
 (-0.72518062224940649,-0.7193451031974637)
 (0.8200038542146697,0.6833817667600951)
 (-0.70770558361173452,-0.71597032442434849)
 (0.60015047339226135,-0.62225055671848351)
 (-0.67133550998002267,-0.63594122600593661)
 (0.657049676317777,0.68023994033963153)
 (-0.6251971736944909,0.77141649340845098)
 (0.82209710217383114,0.787581094192775)
 (-0.65734348388137542,-0.81907999485041816)
 (0.5080299557487078,-0.76791944081677688)
 (-0.73278321024828286,0.8058475697347296)
 (-0.65327080155548634,0.68819719177085459)
 (0.65615786803646836,0.74024717781594229)
 (-0.74273551603032761,0.68017587390454448)
 (-0.73270024568223802,0.63127395399719299)
 (0.85164575105463491,-0.70685000397857156)
 (0.67370617266461696,-0.6093429470485463)
 (0.70681179299499097,0.7101564955505818)
 (-0.78350638663950556,-0.80591889468475975)
 (0.75491478282666968,-0.8185761380189408)
 (-0.70890511848717819,0.63478886803126255)
 (-0.78829781424798206,-0.77711375497954405)
 (0.73276691834144192,-0.58254317971742953)
 (-0.7071838438607212,-0.81344832469465223)
 (-0.74352815450885934,0.67431297385666822)
 (0.72038266764628522,-0.7571235769310396)
 (-0.66106179435846202,0.66825051583564432)
 (-0.75138310915379325,-0.65862457724322321)
 (0.6421812409054718,-0.7164846591974221)
 (0.65123253898991029,-0.69439013388823467)
 (-0.62691151463277905,0.66234577719079257)
 (-0.62710989712178222,-0.7508808017670684)
 (0.80777763165750327,-0.6304366366760793)
 (0.82743693792691686,0.82851662762241862)
 (-0.70122098574509717,0.60123009560114271)
 (0.75227556392770767,-0.87135649567851159)
 (-0.75439288208771504,0.74953725473555011)
 (-0.67925365404321703,-0.82628407118747738)
 (0.72040157725209042,0.6916075639929713)
 (0.65655239316656533,0.76022717099032011)
 (0.7398802426013521,0.71432596072121668)
 (0.66634143162925008,-0.8393923619811523)
 (-0.64591014786621226,0.8245007133775818)
 (-0.71368173678187796,-0.70230591588696378)
 (0.75704820389178051,0.61803723436063462)
 (-0.64861111099334068,0.67194753943467711)
 (0.7709753041562678,0.86267401555526813)
 (-0.74756753553289945,-0.71955052127240526)
 (0.81932492100717291,0.73517075589831393)
 (0.77005931147690998,0.7582753916271272)
 (-0.67345318190516135,0.70011137345773855)
 (0.60939140717924944,0.72373368170847474)
 (0.79241944365238437,-0.7569093431399595)
 (-0.63460426855158636,0.66526590100024996)
 (0.70094889593979715,0.67989359845048858)
 (-0.65425901774187056,0.84981020868455015)
 (0.68947790230907957,0.82070208072886575)
 (-0.70762634298698091,0.59779715809155098)
 (-0.68760654876157534,0.71531418380472567)
 (-0.58745682013529743,-0.64111051483538672)
 (-0.7707266465282514,0.76150578430612548)
 (-0.759872843250323,-0.57257731027511516)
 (-0.69653792533229575,0.64709182573632629)
 (0.96330962118656638,0.72523019770532282)
 (0.61767117886495448,0.77494776556006251)
 (-0.67548032940220626,-0.74866739415284878)
 (0.75968732363354152,-0.5779768796105702)
 (0.72941110466621428,-0.69961187321981133)
 (-0.81189374300080752,-0.67097751873191125)
 (0.59703425006391986,0.57390252118254481)
 (0.70471078085239591,0.73404563068150031)
 (0.77277216744931498,-0.68140723698636796)
 (0.7041284411422255,0.70217725478909643)
 (0.69051965456418796,-0.74701628228229766)
