# Created by Octave 8.4.0, Thu Dec 11 09:47:21 2025 IST <gamana@Samsung>
# name: awgn20
# type: complex matrix
# rows: 1024
# columns: 1
 (-0.75895379904028226,0.67898780709269535)
 (0.74664950202370894,0.6640062541864642)
 (-0.63244625719774572,-0.62133294619065826)
 (-0.7857845873892485,-0.67580341856614279)
 (-0.71845048926530153,-0.69515636523669144)
 (0.67775719925451616,0.70805436183366366)
 (0.67194059029964526,0.70222686176215021)
 (0.67125446235490349,-0.77671661289409621)
 (0.81441181056970091,-0.63207099547804324)
 (-0.6783034967782321,0.62385205570019364)
 (-0.72939610925880383,0.74425001537548918)
 (0.83182208261846746,-0.61973113554796755)
 (-0.78357953728971552,0.76062667034039311)
 (-0.63519041705263313,-0.69731150436327816)
 (0.69755077442535351,0.67396800463887496)
 (0.65550743933132471,-0.63574909795361922)
 (0.73840328198163985,0.68847623028110994)
 (-0.62810785635898081,-0.68726361880496478)
 (0.64857023061062336,0.68350738666438426)
 (0.63832745046112171,-0.64536788973628501)
 (0.6949873071642102,-0.75405888357237416)
 (0.61226816643878634,-0.75467567878308894)
 (-0.6488355674542795,-0.76328217914292107)
 (-0.75855632476246038,-0.74327449756937525)
 (0.70169303898519475,0.79147513036043382)
 (-0.68266632532004545,-0.67397540324930638)
 (-0.70333104216214826,0.71168282717929177)
 (0.72242482957166976,-0.70844006333019405)
 (0.86616094951508382,0.77034525385776731)
 (0.64383349379775878,-0.7826553694148306)
 (0.60445766886690566,-0.64935646093853927)
 (0.67429987096597044,-0.72552993877177874)
 (-0.80745816718742036,0.87336742516605093)
 (-0.69679483914461138,0.78087646053693405)
 (0.75096396189811765,-0.7089666013332977)
 (0.76213836067842311,0.73341689131665333)
 (0.5624570325829501,0.78306917954170319)
 (-0.60784032041788727,0.60999415670697155)
 (0.77124830446348569,0.66678397263399791)
 (-0.74866873071540574,0.67910633934694919)
 (-0.76977628904930251,0.76083158017041075)
 (0.72656545150683827,0.81597402639179595)
 (0.66081966400563896,0.70885014899303889)
 (0.72722141220871483,0.81183209458718797)
 (0.6562773060071927,-0.73377812070000525)
 (-0.69106724360470873,0.68559918310537793)
 (0.77883789104609868,0.70822500300004065)
 (-0.64264941720287705,0.74902969007586939)
 (-0.70689784947885115,0.72430931402169862)
 (0.72351570108796359,0.76974255339060971)
 (-0.62322532458885782,0.61845987118171897)
 (-0.71239761326583895,-0.62943279509589722)
 (0.69664347834002449,-0.78795805841710964)
 (-0.68974543617304218,0.6580251858059637)
 (0.74778799318878553,-0.71993789829046562)
 (-0.75943605429596972,-0.68599803491832478)
 (0.6649915816601315,0.70941474143008576)
 (0.60002515020107128,-0.62267247042398122)
 (0.80469245867925943,0.63918333225007107)
 (0.60165773563767977,0.68448446872409741)
 (0.70696253612635107,-0.7290500713833673)
 (-0.87146750545459728,0.66167662220625711)
 (0.8674675430492399,0.69733481464278457)
 (-0.70454964043774304,-0.74368182900543844)
 (0.69018314884588428,0.75186628769666231)
 (-0.70249262741767138,-0.6828374802827476)
 (-0.71580498296315531,-0.70453178690589646)
 (-0.79794076379015255,-0.81515401138701737)
 (0.83713180935751441,-0.74212516860326416)
 (-0.84783741897088838,-0.72177735774899821)
 (0.74396951265379396,0.71245787831683938)
 (-0.50656605345721339,-0.68826418520250532)
 (-0.85429676584794489,-0.65173368419441124)
 (-0.72265212891829556,0.72612666041989238)
 (0.65808935280467085,-0.68660220285873996)
 (-0.62523001630120989,0.66317958712371305)
 (0.76045489430500657,-0.75390089244056269)
 (0.70271480777974382,-0.69038495575687742)
 (-0.62292571608650515,0.68656966004639075)
 (0.75418907561659387,0.76281866060695669)
 (-0.71004839409332943,-0.79766958717595715)
 (-0.51431026028602311,0.76610050979409428)
 (-0.59817897528617214,0.86263897746633056)
 (0.47871418926157783,-0.71529242788711112)
 (-0.61641453865387108,-0.81553669410944996)
 (0.62713829271083787,0.67530016334085918)
 (-0.6617638366964812,-0.72783263965411216)
 (0.86617004408943699,-0.7055693023707903)
 (-0.79819003063729377,-0.94453876301775974)
 (-0.5627613995562657,-0.76552457269228169)
 (0.68656348766022401,0.68487296492563954)
 (0.55817847285296296,-0.70382524775315036)
 (-0.77280001839579215,0.81210214681514958)
 (0.68814792068130604,0.73967749341590983)
 (0.57112244374401366,-0.62055684793580701)
 (-0.77234101386820908,0.66535361681984162)
 (-0.71650469716575771,-0.71446546836490832)
 (-0.77620507816298934,-0.74078619647047306)
 (-0.67804230066522608,0.64061653015680564)
 (-0.67542845337562196,0.77705939220982811)
 (0.73684575521550821,-0.59751336549353906)
 (-0.88360685574667996,-0.79338069428461666)
 (0.70715854195307304,0.70597458633336874)
 (0.72609531429716045,-0.71490779965833007)
 (0.71615294838928667,-0.65110266595391142)
 (0.63220426057228063,-0.89941463396408894)
 (-0.62449292260331912,-0.56778644187156879)
 (-0.63369907647153756,0.87842582015932835)
 (0.69679203508669874,0.82186838502756021)
 (-0.72358839293778743,-0.66544953724458156)
 (0.81869816854060207,-0.78812135752435142)
 (0.77804184020074441,0.593953162695954)
 (-0.65829511041770772,-0.7813563963530501)
 (-0.75513741589135019,0.70597755408314578)
 (-0.7152805516421108,-0.72097840593454698)
 (0.56374542083117829,-0.64641750296322276)
 (0.6855413557714759,0.68880933223514951)
 (-0.70130977850877496,0.75736573141909869)
 (-0.71429980277936023,-0.7448386290310125)
 (-0.79720379486179338,-0.68195474259905975)
 (0.78408550621113937,-0.65890712608506607)
 (0.69255933550837168,-0.7709381178716509)
 (0.78051605474450425,0.74010140385827572)
 (-0.63471855382463505,0.70732692988016799)
 (-0.69768913951441824,0.69381800638172986)
 (0.70123210721740037,-0.56463954679777884)
 (0.65317997195909805,0.65368738728459319)
 (-0.6419122612631355,0.69585928819954945)
 (-0.56163870128444948,-0.6036961009888101)
 (-0.6472473352448368,0.74470336287121508)
 (-0.66245867866254371,-0.66267957309224901)
 (-0.7915118077315566,-0.54932616092456699)
 (0.66901781552634143,0.76329091570519136)
 (-0.73538729765641042,0.64054223621222373)
 (-0.75430276552160191,-0.6156372945817945)
 (0.73348856867768775,-0.68989999289575521)
 (-0.77812250568518782,0.71072177616477616)
 (0.75083272623930675,-0.69947118389253737)
 (-0.75842815239193995,0.66194397239351821)
 (-0.62571129979004014,-0.7102957343667311)
 (-0.71469858940262121,-0.65846587634226716)
 (-0.75905087602404253,-0.60943911838300202)
 (0.77183085329858192,0.71471901272066352)
 (0.85902467400860438,0.75606223651851778)
 (-0.73791226399445942,0.61677955891345393)
 (-0.79440762309100743,-0.6282111179972989)
 (0.64605482605708808,-0.72784792373736074)
 (0.68952895016952254,0.6968480147556908)
 (-0.73255857229862897,-0.68756586869569769)
 (0.7214119757088171,0.70806036989396626)
 (-0.76641878579272593,0.64012722824264257)
 (0.64830280847836275,0.8122635506923358)
 (-0.72776662793539049,-0.59035362937184555)
 (-0.75124223818973823,-0.65552211302467245)
 (-0.5942356301167514,-0.68135003533760363)
 (-0.73368989569987986,0.65493741213237278)
 (-0.60204230053654872,0.74685616981281644)
 (-0.61594583999370556,0.70327414715967118)
 (-0.71162456432247001,0.5899762137264164)
 (-0.74956958282633845,-0.71714630643014776)
 (0.60008003835686308,0.79468041223019936)
 (-0.76019153857720212,0.65990465713217095)
 (-0.69087428330801426,0.60579543044529693)
 (-0.6749446228554048,0.62809912488984387)
 (-0.59196139390235492,-0.6169364250081063)
 (0.78224804683839377,-0.58408502815012708)
 (-0.65652171138869375,0.6248496885584558)
 (0.72406918342421345,-0.79681221394626256)
 (0.58234490892310653,-0.75330053613699299)
 (-0.73315974474643508,-0.64940536462995069)
 (-0.67569749204336071,-0.6682345714214758)
 (0.7563619954792703,-0.68511908761566964)
 (0.73441486304009906,-0.66740305669253119)
 (0.73833914074245954,-0.65692840861356894)
 (0.62514132439965298,0.58878949888524745)
 (-0.74212008856566103,-0.6444913117764659)
 (0.64546016121910199,0.66501060888893626)
 (-0.70097313585783416,0.59146758091214113)
 (-0.69113230605727305,-0.70821334436085936)
