# Created by Octave 8.4.0, Thu Dec 11 09:47:21 2025 IST <gamana@Samsung>
# name: rician
# type: complex matrix
# rows: 1024
# columns: 1
 (0.78980011838049791,0.45382358379462878)
 (-0.40305670280415401,-0.9155085587949976)
 (-0.79357935764270682,0.88399992348285039)
 (0.56640307050611738,0.48579994395013015)
 (-0.73250281534517392,-0.61414077962028479)
 (0.78602842232133796,-1.2791476862262772)
 (0.79224306974156078,-0.4108490911734351)
 (0.11608553894166729,-1.3287459770422052)
 (0.61451799338311153,0.59471049815848454)
 (0.657079138726957,0.50495251774489813)
 (1.1019483081061865,-0.17628135975112341)
 (0.45605226792359183,-0.47875235971629043)
 (-0.7142265236422467,-0.56729320917287085)
 (-0.23019727547000313,0.93970200766287648)
 (0.58358183690659593,-0.73463632466042705)
 (0.84535257831573363,-0.010553801081255643)
 (0.96244440031641609,-0.76300435233602193)
 (-0.61891503736704201,-0.78035903654244398)
 (-0.60834116752686263,0.53086812146355711)
 (-0.14373245070062335,0.35601201158548301)
 (-0.57268082056297309,0.69637117420994354)
 (0.90677762734394196,0.35308936198976004)
 (0.96801245752990406,1.2274552440594806)
 (0.53732345580742502,1.1892817024985933)
 (1.1310938939876185,-1.193759445354234)
 (0.85179694691281904,-1.0641790425467408)
 (-0.90503191909063396,0.7024289439759106)
 (1.3446573459268469,-0.70661106290438713)
 (-1.4405275205350478,0.27134546476887866)
 (0.70030374898569037,0.62728766860799212)
 (0.025175963665886925,0.54864291121388375)
 (-0.22552394851814467,-0.9923042170019658)
 (-0.58782702367771122,-0.4400217854013086)
 (0.76494156917212353,-0.47469698076036759)
 (0.024549210310809366,0.32220650153228136)
 (0.34002157450550274,0.46718947537444178)
 (-0.44873969716755102,-0.57250422396326028)
 (0.93272067491630994,-0.4202765367512431)
 (0.29642479428027557,1.0120426446338187)
 (0.35459264428823534,0.23570262126714822)
 (1.095577074027499,0.66501326985768916)
 (-1.5203579784138843,-0.64471575387376523)
 (0.67107459920759682,0.20405706192937434)
 (-0.64085097270011859,-0.39312188638292861)
 (0.65123241328302017,0.65296001492930189)
 (-1.1115520429049708,-0.60011438468850153)
 (-0.019173936407598985,-0.41358431118145422)
 (-1.0117172687188765,0.93146862205570835)
 (-0.27819060992062677,-0.43611139396304593)
 (-0.28552912279642101,-0.22928373973574254)
 (1.3721856316231156,-0.33759784250434988)
 (-0.63844661128436175,0.53268902973063803)
 (0.28154177432068217,0.54599043226045085)
 (0.79291832739321499,0.69740874295400901)
 (1.1427344587191528,-0.62749306819205009)
 (0.21822020888351373,0.51133393498197055)
 (-0.914021441464137,-0.52436112825134207)
 (0.69146117829312148,0.71844749735697944)
 (0.7600067449739959,-0.39761369352506637)
 (-0.645084023572153,-0.77201179943437037)
 (-0.80407594388792858,-0.15354103163188976)
 (0.78730249092220528,0.81780283087377437)
 (-0.90266317021763753,0.30675419779858815)
 (-1.2375421209354054,0.13937688368035817)
 (-1.1638113726811197,0.23848666337483954)
 (0.6250397770166326,-0.65532946111962043)
 (-0.93892065243630829,0.76961223781258647)
 (-1.0781629032651128,-0.71234301887775364)
 (-0.60543249560913859,-0.51867689551486573)
 (-0.43450283560837999,-1.5843179570758683)
 (-0.9979703049680041,-0.66762182668797887)
 (0.34998275605376628,-0.32883416457092995)
 (-0.29686369487284298,0.11010434729878212)
 (-0.72619020461003436,-0.90143658745352506)
 (-0.87534382423758195,0.5066210657505501)
 (-0.80901493117081513,-0.24595168005363754)
 (-0.73274358822223862,-1.1169913008282655)
 (1.0069130146345335,0.84718403126084174)
 (0.84691918740174588,0.76208072152851769)
 (-1.1722357395633467,-0.12484590874653689)
 (-0.68495204739434956,-0.7228341442260513)
 (0.52230221367376162,0.21620354186671054)
 (-0.89033174994372533,0.095048067421080962)
 (1.0811226229957849,-0.67131725342203641)
 (0.59945916732738724,0.85466769902379292)
 (0.036546403390746718,0.42517856876857624)
 (0.81854961086958289,0.29746938627026648)
 (0.48846687895191909,-0.36316805006643149)
 (0.39730987457014444,0.26724687419980364)
 (0.50421240137010881,-0.66239752628254256)
 (-0.18187525428734874,0.11132406561589708)
 (-0.7601236989854927,1.1081622622456391)
 (0.57275582293248317,0.65708391129300403)
 (0.86308770861199458,0.22747867204305933)
 (0.093667117413904488,0.75163042216248233)
 (-0.21667226327758421,-0.83850414997096712)
 (-0.86066408111483383,-0.13548886866859311)
 (-1.1426923757394967,1.1414257355148294)
 (-0.43811994889035011,-0.81416005348236686)
 (-0.76975723421543596,0.72349967999676457)
 (0.49417030772885784,-0.27797657420571031)
 (-1.0469972791445867,-0.58784261237652302)
 (-0.48882647468097584,-0.74355799631606634)
 (0.40852905034878223,0.84599003364159442)
 (-0.93544200639388619,-0.31002981937050583)
 (-0.32522214416909384,0.83119967611637713)
 (-0.4596059656828671,0.1371306623318565)
 (0.44489168293269271,0.94000168156154462)
 (-0.56370652319330561,-0.74087303230860857)
 (-0.53607688813524812,-0.63045281709042256)
 (0.59017576971744601,0.81080331504539005)
 (0.2632726722054608,-0.23985045766425259)
 (0.035201155078675758,0.26386003355397497)
 (0.79249924690226281,0.59724406891707649)
 (-0.37698425134213437,-0.88367024332907529)
 (-0.95994264673864815,0.53635904566376247)
 (0.23144524375909536,0.29791904074416031)
 (-0.86019106587528316,0.51600469980215369)
 (0.37710724475315627,0.68111065014665817)
 (0.36009698421980146,0.33120665434530266)
 (0.6253791063659716,-0.29794729536413012)
 (-0.6621760530873495,0.33496952988112982)
 (0.43509527214621918,0.36826724078292034)
 (-1.2864399764364995,0.77600907811805908)
 (0.95323890563456293,0.41731179857266781)
 (-0.88506040286983789,-1.1825135672000175)
 (0.30820837260786205,1.0068988406917567)
 (-0.23727304290575771,-0.41363893995109313)
 (0.55906306856025723,-0.037117051533312684)
 (-0.24009887964761276,0.28814955688329913)
 (-0.26688389844449512,1.1043233940584845)
 (-0.84379665964464023,-0.78110608322333852)
 (1.2234544478363758,-1.0796164083172246)
 (0.11424617900698417,0.37181995325222217)
 (1.1075681963586137,-0.77594194401186756)
 (1.196019165176033,0.64418244904429989)
 (-0.83221109755391309,0.55892377376375835)
 (0.67238398716935299,0.96265903484533266)
 (-0.31287335286306051,0.45170971060394549)
 (0.94428356202501895,-0.8725343763657829)
 (-0.43517687437604596,-0.37867679402006399)
 (-0.82646396057318239,-0.92203650138236692)
 (0.81654811441208897,1.1189047519304165)
 (0.33331049656606127,0.44173019453460771)
 (-0.53281052239060589,-0.57262241184087737)
 (-0.73897720233173014,-0.62381616916749272)
 (-0.83352364578331295,-0.72652233123798859)
 (0.85687088465728301,1.2262344215806131)
 (0.45687672442433225,-0.43898174637974918)
 (0.28946994475263743,-0.71249892806941939)
 (-0.74293434927235613,0.74737680341461976)
 (0.75948933564847254,0.25596012293653081)
 (0.59176203844548614,-0.54136332147871491)
 (-0.56913991669529618,-0.59883335676471439)
 (-1.0487793063369371,0.56518312605444176)
 (-1.121017784330121,0.94655765712221862)
 (-1.3964249283404875,0.9873811103324811)
 (-0.69000621422153052,0.58157490067570838)
 (1.1226740874796231,0.69769835968223459)
 (0.96104121440331858,1.0650616299284947)
 (0.55403866440744043,0.88604251984935067)
 (0.9046284890200984,0.3612213361073191)
 (0.63004148886243649,-0.61694937847096021)
 (0.12480522096309976,-0.52884642682833638)
 (0.31932474272686873,0.8138586980328969)
 (-0.73280101484121585,-0.9321373936870514)
 (-0.91590295686631706,-1.1343611019080495)
 (-0.30799842359083002,0.46307364087039277)
 (-0.31389485605857104,0.33029329866169244)
 (1.6305906028074828,0.48061407157987446)
 (-1.2650074809334604,0.55918558550434028)
 (-0.73441330266438287,-0.055879150567706926)
 (0.029302972054497611,0.9700887949094702)
 (-0.078519676315127046,-0.058233164601429514)
 (-0.78583930276073977,0.27897905657835032)
 (-0.047449273866799868,-0.67198593402995788)
 (-0.10350386182419394,-0.36801170769213387)
 (-0.54562454185321718,-1.2390626129754785)
 (1.158013839359074,-0.86484642469563533)
 (-0.77006146725467162,0.61263323228314326)
