# Created by Octave 8.4.0, Thu Dec 11 09:47:21 2025 IST <gamana@Samsung>
# name: rician
# type: complex matrix
# rows: 1024
# columns: 1
 (0.49215586561300073,0.65350592736820157)
 (0.56455342689241639,0.50080830417335398)
 (-0.41002412054058635,-0.40161549553808185)
 (0.1863815146907446,0.2600971970538587)
 (-0.038283766679332587,0.6180575096315708)
 (-1.158572442452493,0.78910525542766252)
 (-0.87031756939527205,0.74448183605998319)
 (-0.50262558091415599,0.6445561530956363)
 (-0.96390468831972975,-0.39595805033971621)
 (0.15939507671883624,0.58924824456915936)
 (1.2745458807249102,0.03608435220195394)
 (0.86862949329431349,0.52839552651017274)
 (-0.1926946121877991,-1.0168519432403653)
 (-0.65038277155848789,0.6848313050560858)
 (0.530606465766151,-0.915740046157833)
 (0.36330923351677585,0.93918009585022788)
 (-0.5688536867523023,0.72457240332614037)
 (0.50312098072873601,-0.68091324481476523)
 (1.1693339989137392,0.57906463684616027)
 (-0.11816346841522812,0.65323245017752574)
 (0.37984918634902792,0.39246853978875812)
 (-0.4229575481889345,0.090380012701637397)
 (-0.49207588733242269,0.40800612798362779)
 (-0.95205151567728397,-0.50068995914376235)
 (0.40862776351081803,0.4679701101979708)
 (1.1887928323603627,0.87888512623487924)
 (-0.92803838345076783,-0.82317466220647828)
 (1.0642516745541519,-0.62905920280958494)
 (1.3522135881639801,-0.57435742367945286)
 (0.45361721711672071,-0.97759486117542838)
 (0.61608792091155062,0.71001288604224899)
 (0.73954891149081314,1.189423910246207)
 (-0.80392237365734964,-1.0321216510383973)
 (-0.39368834160059757,0.64180236410139035)
 (-0.2628807589749908,0.83593587517498125)
 (0.62055030241664144,-0.86162352239296647)
 (-0.87070420278901306,0.64755241623161086)
 (-0.90239869285737206,0.62548740330644292)
 (-0.53860128025727749,-0.94772762337157723)
 (-0.78885602017356116,0.69508232760269861)
 (0.73309955923661407,1.5632416612243976)
 (0.80127164770533588,-0.73653967389419339)
 (-0.44981847610900322,-0.35960845785647383)
 (1.1274724045816995,-0.27550651659847158)
 (-0.81466946087954761,-0.22381202043466863)
 (0.58748573459041875,0.71260191096420211)
 (1.2648835175626578,-0.23009455264346645)
 (0.24164107051470352,0.30919356017358024)
 (-0.45875572393931435,-0.61260490211582719)
 (0.35909744172617292,1.3095079304776762)
 (0.25940954625965862,0.8629306515020756)
 (1.4270883863937713,-0.53052571269084381)
 (0.98398077265277029,0.50759855825746025)
 (-0.15666745042719665,0.083430143106972762)
 (0.91679931272747406,0.72246778184282001)
 (0.78539327748755672,0.80281195795324134)
 (-0.022200614792859452,0.36733654408771288)
 (0.77931468163158502,-0.36570596570471792)
 (-0.2503283756776859,0.64140211537740432)
 (-0.86937288129774837,0.308940318391353)
 (0.47882871360341639,-0.94435120971206077)
 (-1.1395780867089442,0.48497755485934035)
 (0.61879253667357159,0.49111143294864307)
 (0.47447752174836033,-0.045572818815099697)
 (-0.46662324349905893,0.57373569588335993)
 (-0.59004522697097039,-0.89741562134436159)
 (-0.35845287900446432,0.15616711341323286)
 (-0.51127787781643819,0.60413579259523931)
 (-0.78662353711818855,0.59955780008324833)
 (-0.15036812745192363,0.30996580911108607)
 (0.46202396781631361,-0.49438154172654136)
 (0.47597935220271914,0.97748965998108539)
 (1.4981304694847037,0.3114281986693147)
 (-0.29694342398456597,-0.57272459234435535)
 (0.96740338135469417,-0.58553245642817264)
 (-0.27104591520876808,0.65322999687637484)
 (-0.69680506670927878,-0.62895957929452206)
 (0.6687290624186577,0.81164877964042503)
 (-0.34887582159915287,0.49832865132808679)
 (-0.38883318649431053,1.063077261526916)
 (0.58526008678199515,-0.69133102465639029)
 (-1.1598399966080983,0.73751710390192138)
 (1.1260457593896884,0.56086771611331021)
 (0.43110856760375038,-0.021618240904720559)
 (-0.30850793472309379,0.59772329754827058)
 (1.4174620622974685,1.4175653192787485)
 (0.80736156719086671,0.48925003294876362)
 (0.85481476845298454,-1.0984297277751764)
 (-0.24565220461821569,0.98449980866132525)
 (0.11047443062360426,-0.16079743190602738)
 (0.67953646127971301,-0.65582270570616386)
 (1.0917863215708397,0.77706039441034469)
 (-0.61909767470418919,-0.099365801154541911)
 (1.1460177568937471,0.26433044559234276)
 (0.73807689442998037,-0.63229617551658424)
 (-0.50615130195736657,-0.68229116150227453)
 (0.48357148834565816,-0.49221780727823877)
 (-0.080168349847517362,-0.96749335850395179)
 (0.87215046936881468,0.37166479891919996)
 (-0.25811633874230011,-0.12225001544032782)
 (-1.4117125572723928,0.3974703685574793)
 (-0.69427585011414128,0.28241652167591591)
 (-0.71576554626480704,0.57435319719838474)
 (-0.9645890215835895,-0.40567407024874225)
 (-0.4412770230368096,0.60673359559961726)
 (-0.89959075385559728,0.72561433037063827)
 (-0.11923337432423342,0.2773956616216981)
 (-0.50058971514298245,0.51710312387728019)
 (-0.99270177405488935,-1.008371542696918)
 (0.59103536689939851,-0.83806834661112639)
 (-0.022096391792756909,-0.76437192235649032)
 (0.12979675887656505,-0.58486508912547042)
 (-0.29498966951475786,-0.39423163569774561)
 (-0.42116386271537415,0.62415603079917248)
 (-0.1386627148591543,-0.090396362499109262)
 (-1.0844676471683756,-1.0219705700930477)
 (0.34500123346741507,0.29079116061521881)
 (-0.55686611414569653,-0.071269392873999304)
 (0.0096658908833002488,0.29451072436493109)
 (-0.27057973037310301,0.56245341016025918)
 (-0.40369204109006795,-0.095747927774371605)
 (0.45497204757772564,-1.0510567452282342)
 (0.17773367213531233,-0.20646437906114218)
 (0.86901393844586683,-1.1751104198416844)
 (0.32729721173346749,0.94972993417836771)
 (0.67093747607375509,0.76538017589808949)
 (-0.27236331831870492,0.77391201353159866)
 (0.40067840281964384,0.7821854289791349)
 (0.79039799721924964,-0.4101527226299741)
 (-0.90706683759217599,-0.49334758207143925)
 (1.1184141474389657,-0.55688904295609176)
 (1.0085962306193756,0.49589815580461177)
 (0.9000301168338527,1.1316936349183544)
 (-0.56328957846833949,-0.78805795440927084)
 (-0.62419118711541677,-0.55472660375070404)
 (0.70017811281481557,0.85227386833378971)
 (0.61079264434540526,-0.34604812742293661)
 (1.1291857345822229,-0.23027774201223594)
 (0.81023551628135559,-0.72505938418706062)
 (-0.85011869242521254,0.94958065032378036)
 (1.0219913499117601,0.99185164137517723)
 (-0.86294249581140536,0.62963275784632322)
 (0.3308418158833365,1.1359641592988039)
 (-0.42023881931881135,-0.234870873248574)
 (-1.2078265292164161,-0.45973317026710064)
 (0.5063919228374113,-0.4198490357988911)
 (-0.65156782146729664,0.13322215445498009)
 (0.74766645803893761,-0.47495818989302374)
 (0.85498244152655911,0.47652622442252224)
 (-0.41616723914811943,0.56865693777130177)
 (-0.29888516686319522,-0.43131706779226275)
 (0.11495200381649444,-0.30552511653925862)
 (-0.90978716245516134,0.63626823516746789)
 (0.2357388965202617,0.25958052709640267)
 (1.0528536117982275,0.12063207789445524)
 (0.76182932823381277,0.90410684023689847)
 (-0.30125567439518386,-0.47305681027724544)
 (0.44002622985606826,-0.35889926688858248)
 (0.79420930997088457,0.10097634664358279)
 (0.62220939200521352,-0.24011326899110066)
 (-0.19567706305779328,0.54397051303558008)
 (0.53550495027075651,-0.73239626400087032)
 (-0.51847313275903539,-0.26771921592917813)
 (-1.1305071315498547,0.20624389456396169)
 (-1.2710692058663209,-0.38836443658661718)
 (1.0937735496265,0.87302983896220732)
 (-0.70721933927498759,0.2507028666135076)
 (0.72021262633052807,-1.0607135553487042)
 (-0.56581232642467494,0.77069381514832125)
 (0.32299244614977074,1.378578210687992)
 (0.1171291381385714,0.46361327904866323)
 (-0.90455845090619735,-0.69173183788906412)
 (-0.76405791922106925,-0.24331873331147785)
 (-0.55509331847137899,0.8992332043510155)
 (-1.1783722539859622,-1.3343528013707184)
 (0.033464940611876978,-0.040859971554405641)
 (1.2243040046092077,-0.56482327180610614)
 (0.33295984532261669,-0.66229499278402404)
 (-0.15657555186865421,0.27615956254788987)
 (-1.3676600489655741,0.4680466167592412)
