# Created by Octave 8.4.0, Thu Dec 11 09:47:21 2025 IST <gamana@Samsung>
# name: awgn20
# type: complex matrix
# rows: 1024
# columns: 1
 (0.96281730626512207,0.635437390076662)
 (0.62395940152990437,0.76272081550462389)
 (-0.65482569335866303,0.73110248538377187)
 (0.8615747262608604,0.58248235101071355)
 (-0.72060833505829858,-0.83170805705415252)
 (0.7107344226917881,-0.70484503540680032)
 (-0.78932201921900447,-0.51340165010907035)
 (-0.7410570741667537,0.74135018153895738)
 (-0.67431667972605436,0.78356787263590522)
 (-0.78151742216486508,-0.67481878480126289)
 (0.70145916201644376,-0.66910503101134322)
 (0.72092773185318626,0.65609672763476223)
 (-0.70380412974619533,-0.80467534185548339)
 (-0.56125034012260866,-0.80434946005189389)
 (0.68336559152173892,-0.72228074578713308)
 (-0.83607729841759437,0.73548921278310453)
 (0.71415310559512057,0.72256573097043764)
 (-0.75371752198545106,0.74652697526370071)
 (0.66865861209067579,-0.75947082514830422)
 (-0.58619198670511707,-0.67255999477491901)
 (-0.71713863413340984,-0.81387587230430103)
 (0.74021180192895109,-0.68181348959327759)
 (0.78415599610778042,0.64233906284628728)
 (-0.71662072979794622,0.72724589631307823)
 (0.70098274251638149,0.61778412566433782)
 (0.70876499171470864,0.68402705707481926)
 (-0.57038185970528987,0.68755317204095567)
 (0.68329881263211945,-0.745709075812239)
 (-0.73001800328917044,-0.75215396052173888)
 (0.76720826198589798,0.7081790718926475)
 (-0.58574535712903086,0.6581138442672898)
 (-0.76510985154559685,0.78506792351489241)
 (-0.67544312765273518,0.74651378687312919)
 (-0.66878318685077642,-0.6819660327000463)
 (-0.6520462566931885,-0.72126018288047078)
 (0.62554419883737877,-0.6316711172614552)
 (-0.74927342122372298,-0.5749204635876497)
 (-0.70845754266472494,0.70781414400858389)
 (0.66037576795591502,-0.74834705356369535)
 (0.61468401400911477,-0.78567548455417957)
 (-0.67053067455527238,-0.65487057315711195)
 (0.64906339795202239,0.63565514895855812)
 (0.81937694489928892,-0.57510656218198841)
 (0.63943561026993567,0.74275775771288222)
 (-0.57212797714128893,0.71761123975242247)
 (0.76134506768520405,-0.73110309870933032)
 (0.80943674413818578,-0.72882445987591626)
 (0.64344334450127372,-0.70902536399901006)
 (0.76388247326423042,-0.75048584652618533)
 (0.6901551084151708,0.6514625540550526)
 (-0.73514457623284213,-0.69555859580552537)
 (0.66554148234141564,0.78686307296906899)
 (-0.67422519937381165,0.75798931337075692)
 (0.62652388563420103,0.66019660934406399)
 (-0.59879088418540061,0.77206492704118235)
 (0.73046271750458169,0.70071214862973252)
 (0.78050979135695697,0.74625109217290564)
 (0.68099239833386849,-0.63777811770177661)
 (0.78222661436628393,0.69192913533064926)
 (-0.71531437061207881,-0.65349735891569671)
 (-0.69503075021259297,-0.7141746293404917)
 (-0.73067801490208628,0.60254150975121445)
 (-0.78096058736537544,0.69985580939952496)
 (0.78655653745119003,0.73009667814366241)
 (-0.56175837639103077,0.64199437636112733)
 (0.5126823566189449,0.73332673407787297)
 (0.57496296917600087,-0.65969451457134176)
 (0.64280639558282016,-0.6385374305061855)
 (-0.824795090700843,0.76786906918457853)
 (-0.70516350546580464,0.86019847801799454)
 (-0.62855832538372691,-0.74228373219472787)
 (0.61821031163441131,0.65530703704418292)
 (0.7461016686580294,0.75778554279629262)
 (-0.61082181805277436,-0.7859272934072592)
 (-0.60362983157236572,0.64850021507491895)
 (-0.69573085853197003,-0.67737099887086583)
 (0.62453323648374726,-0.79407156967981685)
 (-0.69006808853181567,0.70170510007763731)
 (-0.60849027148767165,-0.61609385598832711)
 (-0.74732707644651009,0.67606276495747852)
 (-0.64669540491922639,-0.56572509935138904)
 (-0.75650875179269761,0.67467986702255967)
 (-0.64184657422446745,-0.71445492840414626)
 (0.82461554329622533,0.57528045716596687)
 (-0.59574911187898305,-0.68863626327998395)
 (-0.61795513536758362,0.58179263775344414)
 (0.73264697056085237,-0.74799413086115873)
 (-0.7195983850669101,0.66153090054968922)
 (0.75362532920813263,0.71515058667886933)
 (-0.6518612370680158,-0.7879794827204607)
 (-0.68436339375321154,-0.76515812524236992)
 (-0.71310314615895298,-0.69887706525766102)
 (0.65785184590437906,-0.60959679732006145)
 (-0.64267503190418873,-0.68042723827707308)
 (-0.65517766683995271,-0.63280162991384126)
 (0.64260883572443084,-0.63757837951415008)
 (-0.6677610391084764,0.83666748935591162)
 (-0.8249460964196148,-0.75285991118168671)
 (-0.67908455926118438,-0.67552226975434748)
 (0.7861816785268384,0.89276222992845011)
 (0.61079895402564621,-0.63941837113910971)
 (-0.76971406775116358,-0.8198262647634027)
 (0.74229932962490075,0.73601618776327737)
 (0.70536655822903693,0.6491876557823274)
 (0.78400194013044011,0.75048224276908326)
 (0.62743431459669485,-0.62518115290296028)
 (0.69558232268551623,0.81749241958912089)
 (0.73275990398101531,0.75897141399414558)
 (-0.78993806970435765,0.75534643353897568)
 (0.70740356235520196,-0.74295357500666037)
 (0.74154334048782733,0.68159870193681704)
 (0.70064559134943194,0.75941414925924378)
 (0.64297939813884297,-0.67744524291148311)
 (0.55259272326568076,0.74077364416853198)
 (-0.65519376613510827,-0.72152221713173303)
 (0.74322346527193439,0.76893953481876676)
 (-0.79491643671783996,0.59403632719144417)
 (-0.89225867735288511,-0.67025625637895014)
 (0.67553418382551444,-0.81661822033395848)
 (0.70271136557049363,-0.66533907167041784)
 (0.72830312939621722,0.63055525170908311)
 (-0.84555113391880887,0.68209212437337563)
 (0.71376382877067723,0.7490938397905188)
 (0.69438256335969917,-0.62308308561894932)
 (-0.66466672999937881,0.76206615090393026)
 (0.75409629540432577,0.71448606763512301)
 (-0.62314489567632969,0.93158721355685481)
 (0.72237863114349599,0.70798609180056316)
 (0.68623780142943125,-0.70736383989424623)
 (0.68792697044412043,0.81705204449430713)
 (0.81590250668503961,-0.71874567840969572)
 (0.7025321220373999,0.70451183461167655)
 (-0.70619248820634328,0.63840827751889939)
 (0.57352126810172743,-0.65891176713672639)
 (0.69676486054730835,0.80028096548529493)
 (0.6982564985458628,-0.76558425494426985)
 (-0.76248306173671387,-0.79261943700423987)
 (-0.63108132876248024,0.65824005572110778)
 (0.78482788082374855,0.74868798969386219)
 (0.65817242012331734,-0.72922337448420071)
 (-0.71431109348129218,0.70753052966069019)
 (-0.74169930871433321,0.74659398878604988)
 (-0.72150876079410098,0.60139644960039229)
 (0.74897019401285658,0.74183724317688526)
 (0.64609278509514689,0.81501599536065938)
 (0.70192868173100653,-0.71631676298247571)
 (-0.68754692286881314,0.62063939124856637)
 (0.67837841056377501,-0.78054230794030555)
 (-0.78023587087298041,0.70181947270619616)
 (0.75399511923807705,-0.71333470731650761)
 (0.75772603649295911,0.62809947509417641)
 (0.77680370343169636,0.74724247705981728)
 (0.74759530257728857,-0.64558709488758748)
 (0.71388042539510066,0.78645170839610068)
 (-0.73855080660078876,0.75694188628948922)
 (-0.58565297905030544,-0.66586180575802856)
 (-0.63808031704859891,0.71204403992818066)
 (0.767556708154158,0.80118818610142606)
 (0.64736265114820446,0.6318254672249245)
 (-0.67939174595223406,-0.70795048957087969)
 (0.7611726915664071,-0.71138630843852613)
 (-0.65886997363128463,-0.70352964129274087)
 (0.76932480799179892,0.7807232212696984)
 (0.66770950943493668,0.73338519782817424)
 (-0.71926450423149668,0.69838441572972121)
 (-0.77901192538724717,0.59026890993137104)
 (-0.60133743928104089,-0.84660707311446104)
 (-0.80357745369976297,-0.85875746278869869)
 (-0.75098110277986674,0.72452950843781816)
 (-0.68592977185670723,0.77274834890530975)
 (0.72326822079976782,0.7814009813072611)
 (0.81247296983507233,0.70948023628634316)
 (0.67748789043406221,-0.7465028250370197)
 (0.70335377169644342,0.72941981545118573)
 (-0.62730634645498673,-0.68747521562419867)
 (-0.646546699715839,0.68435605761778862)
 (-0.59936221078623741,0.72715455355860292)
 (-0.71578916604574017,-0.76923592067950186)
 (0.77198306685168017,-0.62155388280103629)
