# Created by Octave 8.4.0, Thu Dec 11 09:47:21 2025 IST <gamana@Samsung>
# name: rayl
# type: complex matrix
# rows: 1024
# columns: 1
 (0.49370575564103736,-0.2877841823176075)
 (-0.10259327135240071,0.37788179133730748)
 (-0.35899787431204883,-0.15435978373564979)
 (1.031610135593426,-0.53441396812899156)
 (0.32425610837723606,0.11280844306107742)
 (1.8477175667521024,-0.24735783836388736)
 (1.0723014368777251,-0.40812897103995022)
 (-1.0241719643471274,1.5028199829948958)
 (0.9286045586050774,1.0041229769228444)
 (1.3149716282343564,0.56153203340976265)
 (-0.57010824117290826,-0.087755029016306829)
 (-0.44785776538129995,-0.91106769404388743)
 (-0.36935002586106858,0.57573363334347127)
 (-0.10689622469623618,-0.067857130993713224)
 (0.20878431676314149,-0.18362568097574791)
 (-0.076613417078768314,0.40971843877052683)
 (-1.1653337537632276,-0.52893633073693458)
 (0.15169719515157998,-0.96056701128190203)
 (0.08282509063135024,-0.23994327734815785)
 (0.25319178802203407,-0.19328110940083273)
 (0.60635540347782402,1.0057906769790348)
 (0.65812780852086805,-0.94894576870186287)
 (-0.21629734621596697,-0.81713727874886577)
 (0.44800216639711743,-0.91052820050986516)
 (-0.38550468394519599,-0.31243244760227151)
 (0.37091392074633711,0.11739494724058677)
 (0.66887356745804172,0.59225703421353493)
 (-1.1376932439381231,0.44324087263347728)
 (0.71537544610227688,0.8121556997310323)
 (-0.063306662452013371,-0.29295324568864312)
 (1.2415929583191827,0.86941545546959376)
 (0.73715999129010035,-0.79052504342258234)
 (0.5840173938024994,0.53170871343377557)
 (0.097819150204313671,0.32156688888963814)
 (0.33592837147245075,-0.71017671956291029)
 (-0.22572837202479057,-1.7227009445432877)
 (-0.23200532838782112,0.58630052327832805)
 (1.1030658668456721,-0.094486430306241376)
 (-0.46155820590786067,-0.70532788301129878)
 (0.16032998636860546,0.38319453064257886)
 (0.55177849302996285,-0.82255809606131403)
 (0.099509947038453311,-0.39712635010485742)
 (-0.41223569743056021,0.7994534157877432)
 (0.67101935985926997,-0.17438736064612612)
 (0.74957397313772556,-0.39988327729854628)
 (-0.15427708022156217,-1.176765320087664)
 (0.33473857130712037,0.22484494578084255)
 (0.70723663802639869,-0.37430802034865784)
 (-1.4576675086653166,1.7158981235289514)
 (-0.35379089517998713,-0.78553867372220965)
 (1.3852077338980191,-0.46179077261820184)
 (-0.44047721271238294,0.26146759589146251)
 (0.055149645591575813,0.19051349358572284)
 (-0.10085377151269423,-0.35219689399640541)
 (0.55237215876524381,0.64509809467280721)
 (0.59900037518210902,-0.57935067657405981)
 (-0.54197347280136143,0.32623372896034852)
 (0.29094686648253032,0.088035281272098573)
 (-1.2308945725379732,0.28145023602236319)
 (-0.64141597726098876,-0.75711379309671545)
 (-0.45538150118335619,-0.11567386150482672)
 (-0.071701986067352341,1.1295835770271641)
 (1.0388957091236737,-0.40490873668847788)
 (-0.43211134865548129,0.31705367158630426)
 (1.6843646463593518,0.70812125752160515)
 (-0.43971830874928519,0.19385287735742662)
 (0.32859191880954991,0.44791213213170894)
 (-1.7602070561930003,-0.70140535627615952)
 (0.23287579107195705,0.082488441075222227)
 (0.33236297138827409,1.5560934381492391)
 (-0.030745288322233777,0.92447012880564339)
 (-0.33046851213795425,1.6757872442611561)
 (-1.448926862973611,0.49807588408865788)
 (-1.066939392634028,0.62351531635031221)
 (0.28949452731276254,-0.90613507242904379)
 (0.49168536602088853,0.0024938529854321712)
 (0.38336385801900741,-0.3565306582608383)
 (-1.6945646375177055,0.60869459905374457)
 (0.52652795990962686,0.098246040096113429)
 (2.4188427780322357,-0.91535220986920574)
 (0.26210200939860873,0.063975388143494433)
 (0.0015672361393768153,1.0511740495372159)
 (0.51229386705546998,-0.5949736967731607)
 (0.55317731830500028,-0.76228304696124771)
 (0.019177481309918004,-0.29069254343407891)
 (0.074609115370597834,0.44740371416925945)
 (1.2068163983079889,0.35119703717926276)
 (-0.32482893647727051,0.23762620947308066)
 (-0.66417930911984979,-0.035452652334990453)
 (-1.1676108856653098,0.59773258891535119)
 (-0.43693124591119348,-0.0074505612920196806)
 (-0.37104210823641726,-0.25276108606397685)
 (-1.534992158447855,0.97929722862445501)
 (0.35412401542594529,-0.78900721252672512)
 (1.1504649972057042,-0.91392587103649314)
 (-0.25491852258681302,-0.0053112701630924214)
 (0.47691921472881782,-0.18702537125363924)
 (0.66787827973090086,-0.43020185971358321)
 (-1.1471451062064806,1.041259686316816)
 (0.42082604717083394,0.56923291209856619)
 (0.21532913947000615,-0.39148614836538659)
 (-0.7711374843087806,1.5051090009951071)
 (-0.014890076536809627,0.48190505634008268)
 (0.08519284401401972,1.1733695333113008)
 (0.078666584525749705,-0.52154344041821998)
 (-0.36742783096486253,0.12792839134137896)
 (-0.99394319694034772,-1.4784574971998294)
 (-1.1198877803964526,-0.486218112546836)
 (0.8085282457889188,0.76215981144219846)
 (0.61617437213964266,0.16580744268888312)
 (-0.68055948236973496,1.7152561829283837)
 (-0.103875128565454,1.0826678188588379)
 (-0.83881400958378505,1.4700545017442805)
 (-0.32303892239671606,0.7520429111015885)
 (-0.22304138410699742,1.134251102228069)
 (0.95391886746654508,-1.0282033462921103)
 (-1.5544550748007686,-0.025549314491042252)
 (-1.3224574742714656,-0.012317014683526195)
 (-0.5170538658145859,-0.87743478975304134)
 (-0.79898005728071975,-0.023963864173725369)
 (1.6602698163416316,-1.1265577428234543)
 (0.11188764146212417,0.06283984656366233)
 (-1.2628359646491591,-0.29788997402501483)
 (0.28128601412468923,0.9097299628067711)
 (-0.93859002091985011,-1.0476814796391321)
 (0.3504841012443326,0.21206328844210773)
 (1.3865694629353658,0.28828876283061999)
 (-0.82472021808981166,-0.35618523857579659)
 (0.59622949576891471,1.2960558442479406)
 (-0.23315276206169816,0.19793824732450938)
 (-1.1406505062917391,-0.092109107490341624)
 (-1.2098604378604283,0.12666202604010512)
 (1.3249303657617051,0.38524206478047612)
 (-0.1034614401548955,0.74079776731742619)
 (0.23451485512866427,-0.16575302238780465)
 (0.15365840335925457,-0.31182106417280459)
 (-0.33895317352808729,-0.0023288080886383067)
 (-0.49892507655785034,-0.52286029324078998)
 (-0.92942421867555858,1.4236850988549659)
 (-0.23387656829204653,-0.15916178546213275)
 (-0.80988997958755804,-0.12710341603073383)
 (0.58728553065245359,0.12987635188027688)
 (-0.31359567754024226,-0.35762816917492229)
 (0.17413891834638617,-0.49182750128660924)
 (0.33275758479300793,1.0389148652825788)
 (-0.5933692999092629,0.18972276699311094)
 (0.26414304795214089,-0.39254952535788085)
 (-0.58801667538287461,0.21536420687130636)
 (-0.19117742415118433,1.2367709877095447)
 (-0.63180763025167064,-0.10014535876007463)
 (0.309469780435914,0.12525279577765913)
 (-0.22869004473203003,-1.5593040772942643)
 (0.68755819229678961,0.4027762224200494)
 (-0.085972286374298254,-0.022189439601055239)
 (-0.56909817545100727,-0.23867220376331447)
 (0.28374751647581858,-0.94978521313911179)
 (1.2588836117934603,0.39733096991378442)
 (0.89252036450313199,1.1789469589085586)
 (-0.64425081621391689,0.85771855561979704)
 (-1.62289944704305,0.28668971027150325)
 (-0.78688404338664986,-0.54355856060721097)
 (0.62178082706766502,0.18803714860731299)
 (-0.57621569563308372,-0.36748478555132602)
 (-1.3246523863856821,-0.15221839603371656)
 (-0.43660242681043704,-0.54505818186785293)
 (-1.1698361712665251,-0.58453334403642365)
 (0.10147064541067603,0.096353151597162331)
 (0.10484251640430128,-0.53187830449704432)
 (0.46222915253228591,0.57284809869963849)
 (0.25343847977696388,1.8746136446752328)
 (-1.7759820304879024,-0.12174341228470154)
 (0.60414080161810391,-0.38222179696716141)
 (0.4074959097227755,0.075546557518744062)
 (-0.025936698138314174,-0.38094377277811248)
 (-0.88869654277112875,0.46339061383451707)
 (-1.826378141422015,-1.6459271802331497)
 (1.1172245352819974,0.87685541709151182)
 (-0.62297705685445448,0.36545083213955054)
 (-0.49221476809221665,-0.22490559819043296)
 (0.30710521414931735,-1.5278089656609486)
