# Created by Octave 8.4.0, Thu Dec 11 09:47:21 2025 IST <gamana@Samsung>
# name: awgn20
# type: complex matrix
# rows: 1024
# columns: 1
 (-0.67887470254914906,-0.67751620085284292)
 (-0.72963850117984641,0.81388093335893008)
 (-0.74475035030763714,0.65621537230671589)
 (-0.79463010304132808,-0.69271417950349412)
 (-0.71586895867603706,0.71830280216154863)
 (0.7422380015016673,-0.6123502461528062)
 (0.67479660467756064,0.61676033993108237)
 (-0.68355246522916757,-0.73981183754396951)
 (-0.77955893495261652,0.59091639276442698)
 (0.61811857359987898,-0.69207266734681117)
 (0.65744309849689908,0.7253074360928683)
 (-0.54678952709764861,-0.63529242449686008)
 (0.63158214063977913,0.72102174698213983)
 (-0.73478162272207792,0.64322282046564561)
 (0.74442908107300965,-0.66757303860958361)
 (0.83095175772081831,0.72552431730495037)
 (0.81855317415529294,-0.7281859352365172)
 (-0.65875280426245564,0.69250693174793088)
 (0.71111106087316445,-0.66554566855109676)
 (0.70027604892347428,-0.82015751010283466)
 (-0.68015981134065051,0.84103263712773324)
 (-0.63684903599615095,-0.77843787357416139)
 (-0.69203204099565674,0.77410725975260042)
 (0.60345985525517198,-0.78134013935544488)
 (0.80246221215391678,0.63356423038104315)
 (0.71811631137332366,0.57082699118543601)
 (-0.79934897417390582,-0.76245869262789823)
 (-0.75950280433291284,-0.7188331072655042)
 (0.60384459860072326,-0.69820008217482488)
 (-0.70276622509442754,-0.59686473242222748)
 (-0.71739336094734818,0.74512446827021439)
 (0.63170560117933805,0.6423174943801756)
 (0.70092645691910749,-0.6713746555526322)
 (0.7385882448870601,0.65782538399693657)
 (-0.69490280006642791,0.74954265688151256)
 (-0.68995564102123008,-0.64093872922658146)
 (0.68540110833176549,0.6749829011048506)
 (0.71855092264351728,-0.78305686336346414)
 (-0.65719754458917967,-0.74875854988964885)
 (0.61668786466402126,-0.63191632264454434)
 (-0.69627346297606774,0.73711096355422323)
 (0.68408703041127972,0.78864912274917154)
 (-0.75511549792177712,0.70577058674774451)
 (-0.76509502816495389,-0.55362749856848925)
 (0.71261253563810967,0.80269037670610133)
 (0.68710190999299814,0.7164646587159722)
 (0.75305676603268024,-0.69999963456745751)
 (0.78073483403656285,0.68418228806661274)
 (-0.71210380182699728,-0.78482789260041619)
 (0.78735267584045143,0.66753269044943553)
 (0.76654293542670526,-0.59100007313767966)
 (-0.5826134324863631,0.72009762747690031)
 (0.79480434037715675,0.70699414862508869)
 (0.68350696512772147,-0.67317309881859533)
 (-0.82711045723025811,-0.5981503972131017)
 (0.65473254184839635,0.82019408850297459)
 (0.62947403144137759,-0.78736019237255073)
 (-0.6687597035549252,-0.73433096354886274)
 (-0.64546099760426889,0.69423408394324448)
 (-0.75323740304203313,-0.60728538309047408)
 (-0.76177921908060708,0.80598559747606502)
 (-0.70233184318710395,-0.67875904492267181)
 (-0.68278187219055209,0.73813391656252059)
 (-0.5742344500472063,-0.78881431952505321)
 (-0.79109546764213357,0.71885505997215016)
 (-0.6424231704170944,0.78869587490048509)
 (0.69051569485322828,0.56448375322515387)
 (0.7519831316402269,-0.79780564454872871)
 (0.77349698152044255,0.7764079576285986)
 (0.76947798225977471,0.66886618342775739)
 (-0.72272413906853439,-0.76492770190786308)
 (0.79655502256854294,-0.70678217487412798)
 (-0.75262709868935407,0.66807415503944623)
 (-0.6328245344582738,-0.6343099418868372)
 (-0.72510862270514398,0.69690400278321785)
 (-0.66307132208112463,-0.80559883924546949)
 (-0.65370677125436183,-0.7484847744400025)
 (0.62208579052744584,0.74060507229369121)
 (0.7058590465109631,-0.74456011927608823)
 (0.64237012675893468,0.67242644801751661)
 (-0.75564510684730868,0.75126723676548435)
 (0.80143156017993211,-0.63965596183829154)
 (-0.71908078449190405,-0.86341308722656052)
 (0.79465158720317297,0.76652849913582188)
 (-0.63823001438694149,-0.68852746914187701)
 (0.7421812276618035,-0.65362723880208262)
 (0.79392340431615027,-0.81489026699195288)
 (0.86323066121625114,0.60143199956018556)
 (-0.76750511009896072,-0.76225473159554447)
 (-0.6978708279147342,-0.69602413773137872)
 (-0.67334445404683629,0.70011990082820141)
 (0.64951980261931008,0.66788912907593934)
 (-0.68434643027492437,-0.78922965852786908)
 (-0.65974402794669318,-0.63582245130714365)
 (-0.56431421843605545,-0.73451375420669629)
 (0.77340369492492012,0.81968988375733776)
 (-0.63633585715969632,-0.74533221829561169)
 (-0.67171869794490302,-0.78126239871561198)
 (-0.66308260430388288,-0.54311603680870668)
 (-0.67866071281973972,0.72489915884252309)
 (-0.73316947360158058,0.77105646256310068)
 (-0.77062964206988904,-0.76102408260755672)
 (-0.80379568391522538,-0.71019083641953806)
 (0.75257897115847183,0.80602044773536197)
 (-0.73580398539512459,-0.74533911541079312)
 (-0.66112199088824353,0.73573290543816849)
 (-0.78055677031944903,0.66238692341502636)
 (0.83586752684562982,0.81606352844657992)
 (-0.68191504183213814,-0.63259381678697235)
 (0.72955433297388539,-0.74954568300237279)
 (0.71005828484197808,0.62056563880129811)
 (-0.70822955065417414,-0.75893869604503927)
 (-0.70075856854095386,0.57541568091449835)
 (-0.68756411396526163,0.83785599026828261)
 (-0.78139616774826193,-0.64047411368660667)
 (0.78247872477068614,0.63307868347039975)
 (-0.74247338818212583,-0.65537335668294561)
 (0.63139850092821237,-0.76770356907470316)
 (0.63198888106200934,0.70985350259020363)
 (-0.60556889299774475,0.72583123801143612)
 (0.6472528373127675,0.83119395704489518)
 (0.5927430231837989,0.68846829508290108)
 (-0.71141748678961214,-0.71207389999221404)
 (0.75544971866640631,-0.69337013006025761)
 (0.81385666919446709,0.76572057212228395)
 (-0.80951587188656349,0.75186670039684589)
 (0.73282313323665227,-0.69621873921104604)
 (-0.66585334498764726,0.59234053949729026)
 (-0.69391241987951469,0.68309778216808092)
 (0.91053640559867677,0.72701130925208735)
 (0.76841177401849026,0.7618517096085542)
 (-0.82469507718500401,0.67132315874722903)
 (-0.75199797787047595,0.7520689627047592)
 (-0.86586930137750318,-0.63437081124304018)
 (0.61716648746262959,-0.60993073836170231)
 (0.81180788197833575,0.84560917164921112)
 (-0.74859892990041033,0.78565662438245476)
 (-0.63021666408319188,0.55011094272920624)
 (0.75152341029645531,-0.69955458636023593)
 (-0.60046059102096772,-0.87654097818117671)
 (0.66554474601779678,-0.8522400000669037)
 (-0.6827129912756813,0.6923359881940826)
 (-0.7433019429706702,0.70014745986447957)
 (0.72645747654057902,0.77192544795021223)
 (-0.7442892960422326,-0.76336658702323179)
 (-0.64884231303010498,0.77615447019692452)
 (-0.61274917448264499,-0.68319876685331504)
 (-0.8006072193599354,0.80101638536957798)
 (-0.61600217388176481,-0.82666513917938966)
 (0.64757673369525615,-0.72134792923564606)
 (-0.71053121367413941,-0.58380335641023196)
 (-0.80767590462570094,0.70668824305428835)
 (0.70995889804446843,-0.66761714479455658)
 (-0.6742713944880091,-0.6989253152045497)
 (-0.7597289551795382,-0.75432634533583753)
 (-0.66983516909283669,0.66622483652157194)
 (0.63828518177817251,0.66729208234912085)
 (-0.69375089863899975,0.64126658309292783)
 (0.73070972857960603,-0.6876157775738968)
 (0.7146696394354165,0.66950762812525932)
 (0.72634551324275987,0.84259071719251777)
 (0.80652016673379134,0.66299538263551472)
 (-0.59995525523344151,-0.78590670322871503)
 (-0.73827855620866134,-0.56193241091522295)
 (0.78844287587596684,0.61035493487475367)
 (-0.69059895424809392,-0.67532026130350065)
 (0.71220823981204484,-0.67345735877248536)
 (0.80800940240064012,0.73595767540825308)
 (-0.56556637889112094,0.69178484866470102)
 (0.80880111474380445,-0.6955672389866312)
 (0.72510251809607618,-0.7828297389821145)
 (-0.64184902717845804,-0.68314232006757736)
 (0.70344916379340472,0.7043826934179126)
 (-0.60275450332523983,-0.6775774331787584)
 (0.7331576449573608,-0.65630692859573392)
 (-0.51834408230987339,-0.75009528703079487)
 (0.75410472715051835,0.69016713792897255)
 (0.80999514364217207,-0.78382331021924367)
 (0.6560186688449855,0.75368043492829428)
