# Created by Octave 8.4.0, Thu Dec 11 09:47:21 2025 IST <gamana@Samsung>
# name: awgn20
# type: complex matrix
# rows: 1024
# columns: 1
 (-0.82726765869588725,-0.70118707270780256)
 (-0.78025132019160848,-0.72530206002921305)
 (-0.67698832304831513,0.78753365985901524)
 (0.73698595150385149,0.80657641741068375)
 (-0.77984871582945448,-0.69673364377007008)
 (0.67438219425321611,-0.58470497568036151)
 (0.75852113700825274,-0.7446596483146668)
 (-0.76885882934277239,-0.52223703728043502)
 (-0.73365648677142037,-0.71712261890097029)
 (0.65491974780636264,0.74380764710089364)
 (0.61818150703776775,0.76572179241621874)
 (-0.69747614451311646,-0.83140298003004121)
 (0.66309181555985863,-0.6787058184857736)
 (0.73775896410384822,0.78294254720165135)
 (-0.72420478160057156,-0.80364937419520821)
 (0.80236035662589578,0.71686291722325113)
 (0.69677295882506485,-0.69938795210277727)
 (0.67827938559100986,-0.79204314735498804)
 (0.70909104831560621,0.73283977679576107)
 (-0.78716523851052456,-0.70816528735456485)
 (0.77889066589155509,-0.66939602034570966)
 (-0.59924930517812902,-0.61763013174752102)
 (0.68106796838809658,0.69510316092331159)
 (-0.77617957146179106,-0.60233243597181607)
 (0.7304285547274787,0.63880057527885792)
 (-0.75206210599362411,0.62150390042523962)
 (-0.74553649690937907,-0.5380093671781444)
 (0.67336063400954205,0.72102038243681421)
 (-0.73038630064021415,0.69913023330896273)
 (-0.65715976832438572,0.7548306396480351)
 (-0.70858149409181581,-0.71889761845372291)
 (-0.64704810437225224,0.82345483482312187)
 (-0.69956734932656883,0.64467450583569375)
 (0.74708757727185005,-0.70540275697748234)
 (0.72101123749104379,-0.69978718512895377)
 (-0.76297309526287316,-0.67363847918767317)
 (0.74115288629570808,0.75089005459535085)
 (-0.66850830310977694,0.5012421781406855)
 (0.77741044757801447,-0.67289085954815009)
 (0.5941491967498046,-0.68844513960265818)
 (0.71001177607622334,0.84818971994997527)
 (0.72879562473913906,-0.59907194709801437)
 (0.81467353335877424,0.57449632061032563)
 (0.67914383931414279,-0.66873715332041883)
 (0.69912229693389094,-0.71976376404945286)
 (0.70936563511786976,0.76377361267679844)
 (-0.77055297324667849,0.59964442476057245)
 (-0.66872060206332218,0.71888493666313236)
 (-0.64133833447884725,0.66437686195160683)
 (0.8132513547886957,-0.7565875025982739)
 (0.72449056979670079,-0.69628962531553684)
 (0.61629787484263077,-0.62771435272884535)
 (0.76728159954035857,0.68518986415734173)
 (-0.65875505519355704,-0.76675193247388018)
 (-0.84127632799577157,0.80527146586127074)
 (-0.71075887914200997,-0.62980399972604428)
 (0.71669384742165476,-0.72561686732799979)
 (-0.739315971265047,-0.76544052763732551)
 (-0.80141832021002057,0.7304764125747657)
 (-0.70774868135513902,0.6040442407208535)
 (-0.69751945224156919,0.75681301664035106)
 (0.76230359740124043,0.75197845021914933)
 (-0.74613334729110881,0.79982507895065358)
 (0.70288597220169036,0.78436479047795971)
 (-0.61426400814522542,-0.64626467477287497)
 (0.71501493726660525,-0.60235486486068934)
 (0.73403607361698464,0.84846048465759027)
 (-0.65606771359620397,-0.74616837573810224)
 (0.75409829264744455,0.74767447548801647)
 (0.75871664376966919,0.76671772285206519)
 (-0.67587605531823969,0.66873263479397183)
 (-0.75261010996070432,0.66397405310474467)
 (0.62875720133221624,0.64220461060517631)
 (-0.77312343526677429,0.76204981488648471)
 (0.76651452526991903,0.8189692420106135)
 (0.73214236129130184,0.72245572836959904)
 (-0.66114659782537,0.68115108766800214)
 (0.63621963405432769,0.74702495510185651)
 (-0.7339731344199012,-0.77268222703364697)
 (0.68736397479720079,-0.79201924054440742)
 (0.65398020718774097,-0.64333173442894087)
 (0.74421427686161734,0.68826483562378371)
 (-0.79235755996300439,-0.70223687830674308)
 (0.66869061888745784,0.67005627469877804)
 (-0.72386178692397507,-0.67807791826347752)
 (0.70597388474594214,-0.65718033986971636)
 (-0.66828215247117706,-0.66033553147903268)
 (-0.70575970983423497,-0.64408994187407598)
 (0.70788641180731449,0.64278764609974925)
 (0.69202183075868373,-0.73686651101928702)
 (-0.70275465071286136,0.6271559350445286)
 (-0.68895132400535541,0.80210730837668753)
 (0.66959033479286911,0.55490572687662054)
 (0.72687495092853271,0.65221825378183373)
 (0.81131022654910701,-0.67905784485533671)
 (-0.77677451231318029,0.62526893273743644)
 (-0.64480151086692428,-0.71482498003875672)
 (0.78208328748385847,-0.72060053927860523)
 (0.65269036318218521,0.74726326517205255)
 (-0.62628380751965795,0.56808478078825442)
 (-0.82409470700256593,0.71940640624045626)
 (-0.78554304259739638,-0.75259083243580382)
 (-0.67324914511241651,-0.69213640589879766)
 (-0.72752241020231989,0.7261636011892767)
 (0.67238243196656611,0.69320099140906355)
 (-0.60064937295793086,-0.65624103286352842)
 (-0.67264049599446885,-0.72409112185775437)
 (0.78196269117028361,-0.72940422874590727)
 (-0.64072962680569479,0.7394570356552479)
 (0.67898550613878483,-0.73717026348208314)
 (-0.72023648931548578,0.70217118506527409)
 (0.59569016624144377,-0.59429959107923258)
 (0.74298519114542094,0.75224625703325665)
 (0.89412965385386622,-0.69525589162879631)
 (-0.63375724514428,0.54659991953855769)
 (-0.70835218673446088,0.69130806878127504)
 (-0.6528366012885668,-0.68040878780558289)
 (0.74928043494967778,0.61772988541388019)
 (-0.67547099027914959,0.68504840064819095)
 (0.66418140543078452,-0.74330738859877998)
 (-0.58078659551232947,0.67967242164712027)
 (-0.71203033043006692,-0.6149785177998871)
 (0.7603037993297328,0.59865742141747136)
 (-0.66303643074154794,0.68822729225291657)
 (0.68963571898540488,0.75560355377669697)
 (0.63383168678619417,-0.67839785411282882)
 (0.68716517463709559,0.69969196659427113)
 (0.86605757913854786,0.64033299906708108)
 (-0.60338472346551664,-0.78376617762634027)
 (0.74442758913136664,0.6787914017348784)
 (-0.8487856795689499,0.68848828709720078)
 (-0.72437881585257169,0.72486358251289118)
 (0.77205787495571232,0.79569067056687437)
 (-0.69149298555935379,-0.70411422105960442)
 (-0.67725260203992599,-0.79999271887047618)
 (0.71756554615069434,0.74061780811432509)
 (0.69141034807404278,0.77320710841699469)
 (0.59456479676711815,0.7997210873485413)
 (0.80400619579720134,-0.79111171464396246)
 (-0.68714941495080739,0.76357144069218652)
 (-0.77758580566980517,0.69213197903697998)
 (0.6060362277580702,0.62710520860054719)
 (-0.69258369336206249,0.71334448156829033)
 (-0.56216376347997177,0.67079943561021993)
 (-0.76149452211562418,0.63035544726196158)
 (-0.72967368696060697,0.72842560062924244)
 (0.67208524643035972,-0.74164153889916107)
 (-0.83767724387355902,-0.7911607181956859)
 (-0.74480347518421064,0.77109263669381867)
 (-0.64727949803983265,0.71059921724437936)
 (0.82762022697739346,0.78827880339756018)
 (0.7461760125566137,-0.67623160050526776)
 (0.74298879826477227,-0.75315662746702239)
 (-0.73023463009726086,-0.72008765519046924)
 (-0.68912271103474587,-0.77981173949781413)
 (-0.8076416725457034,0.83214201636647456)
 (0.7981782974527023,-0.701805195668469)
 (0.58077991520565764,-0.62467401541112511)
 (0.7287545385496339,0.81804300202073787)
 (0.7075657585963443,0.6722176922215064)
 (0.62195653691864405,0.70203547102437414)
 (0.71261422404703989,0.69361115074237167)
 (0.72740679264586405,0.72266655493557785)
 (-0.69536909187292095,-0.7711740371752116)
 (-0.69862209394761288,-0.75370307528873814)
 (-0.73642082393358077,0.73832045045078121)
 (0.66021566447000413,-0.82666177862284895)
 (0.6748924445752158,-0.66438061431366779)
 (-0.76805704754277415,0.66554960499073368)
 (0.69318305198306973,-0.78634027499532055)
 (-0.69469853647817492,-0.634402081349695)
 (0.77952075015074329,0.77787418632497229)
 (0.74216346196203586,0.66157749243614361)
 (-0.65317091470781241,-0.69507013162864018)
 (-0.73942019909932222,-0.72895825735972275)
 (-0.7182043642659911,-0.75273768322038404)
 (0.73953853578685314,0.72488169574596628)
 (-0.82669632919526603,0.77611890855104215)
 (0.71107706340868981,0.58362764039681303)
