# Created by Octave 8.4.0, Thu Dec 11 09:47:21 2025 IST <gamana@Samsung>
# name: rayl
# type: complex matrix
# rows: 1024
# columns: 1
 (-0.37826967899424135,-0.6972588125468161)
 (-0.40188185186908654,-1.1927295331219481)
 (0.42227443068654991,-0.82756082991654012)
 (0.61332197893865947,0.12631248373667159)
 (0.39653152448972351,0.66210425612271606)
 (-0.85332260473279975,0.56775721176075011)
 (0.74456029283115321,0.25005145924814254)
 (1.9429012697154009,-0.89941250111329096)
 (0.37468671654923869,-0.61279611879114271)
 (-1.3086784063350998,-0.11082788260443743)
 (-0.34816206805940486,0.40237580972017917)
 (0.35807280866836311,0.82073016917062191)
 (0.99968345013413751,1.0740534101639427)
 (-0.69234321394779363,-0.15775194139438625)
 (-1.3216235395961988,-0.76721438796271513)
 (0.60901526105201331,-0.6726028343247169)
 (0.74346961181464644,-0.36276937834042028)
 (0.61584521913624346,0.60876122314533776)
 (0.71402394611520092,-1.1695911054972217)
 (-0.36568288874567279,-0.37577672149004648)
 (0.19437103028783251,-0.083601838744980644)
 (0.10887562259130908,0.07880642726986993)
 (-0.24763409163624578,-0.5929046499896149)
 (-0.28234945891522994,-1.118248095822054)
 (0.32866776022662103,-2.2902253475924064)
 (-0.21267535861992914,-0.83061163843441166)
 (-0.99507262361072291,0.14933784762173963)
 (-0.10900783725969904,0.93436986169379299)
 (0.019162306784803157,0.1884747974359354)
 (-0.090211031834462302,0.56694329468662452)
 (-1.1858026531507435,-0.33704899415885842)
 (0.90183344479038485,-0.68556405077269167)
 (0.32590879806216411,0.3675745820181896)
 (-0.2624157904740495,0.48059078218237816)
 (1.4657671453190222,-1.7529340215397413)
 (-0.34812406260541423,-0.10871534895452099)
 (0.84942332993293657,0.53381920782385794)
 (-0.20091839421766791,0.028874727269746076)
 (0.029533747151103101,0.4753471036575827)
 (0.25581088270831864,1.5698608175198929)
 (-2.0813717056366681,-0.11022549048597496)
 (0.27127730176335241,0.48102984687750272)
 (-0.10012537956124606,-0.097437914307503537)
 (-0.21195229445178332,-0.98933688104275475)
 (0.31201748319843992,-0.96079734665394256)
 (0.93946975248187325,0.55194586328742556)
 (-0.21746790469857299,-0.19236415934037707)
 (0.46476632903163861,0.60863915747668029)
 (0.79535212173996039,-0.27492813562092783)
 (-0.046159444524543895,0.11427766104868109)
 (-1.2737613719239598,-0.49005422405044125)
 (0.021033620155441815,-0.23700365808894452)
 (-1.050199983046171,0.00096483903186905806)
 (0.38923952507233889,-0.54987845936832647)
 (-0.34464272808220914,-0.18279609160138804)
 (0.13813276763965365,-2.0363657855847705)
 (0.17181422562816218,-1.6299955950829994)
 (-0.071740963923446532,0.69842386712604165)
 (0.46551920477579928,1.1500092117172027)
 (0.24828616659956268,-0.44819461743448252)
 (0.52583508114144695,-1.3764299878799946)
 (-1.0227640438088401,-0.52999300291872797)
 (-1.5513891134952085,-0.70197054597441499)
 (-0.40523270885052176,0.25325281250050369)
 (0.047928784568982197,0.37704538031376583)
 (0.78013928699651947,-0.62300320219327199)
 (0.41006380350008753,-0.058517413382045386)
 (-0.93657934108965613,-0.25170739111134705)
 (0.88615944350215625,0.46283182117629895)
 (0.19694821738430596,-0.0015624935519623212)
 (0.45379660605099054,0.44824977910863123)
 (-0.21003652436232484,-1.0719381803218679)
 (-0.11830024073278564,-0.033264871272146911)
 (-0.35368584986685547,-1.5564848825474682)
 (0.37795135155053738,0.09332269828456155)
 (0.96695309442114619,0.51013296935219854)
 (1.1038154752343843,-0.76447919738321268)
 (-0.37134451324858442,-1.3797666180813581)
 (-0.76949191550313234,-0.4659611472562244)
 (-1.9264861546305767,0.55927788116850441)
 (-0.1446823916354627,0.88391651579226194)
 (-0.46493230616059061,-0.26445906673494018)
 (-0.42465998231578517,-0.78512303022632668)
 (-0.075053592049555598,0.20516999883189219)
 (-0.79596169178507425,-0.1200962342136575)
 (-0.088540020829774815,0.10123446335058382)
 (-2.0651957570192132,0.67741085063125295)
 (0.008083323472210413,-0.83505914498049372)
 (-0.36085618104942646,0.43624667175514314)
 (1.2672828392387592,0.039289007007377807)
 (0.24769859979920339,0.29397021842136617)
 (1.1429935060540712,1.3740384346997918)
 (-0.40975804949165751,-0.0052370255747896943)
 (-0.63186093665731624,0.091311641322825376)
 (-0.034060608973435519,0.28957833420306567)
 (-0.82165884906354958,1.1734247727632352)
 (0.41978325998488786,0.65614652410494401)
 (-0.61094935133559303,0.34533664484933191)
 (0.095573248116202367,-0.12727990806496814)
 (-1.7809485056552703,-0.10103600735484219)
 (0.38696314868146664,1.1327414837418712)
 (0.32510667113909869,-0.37136956741168586)
 (0.12426007263519703,-0.22837642930145993)
 (-0.2735767162090128,0.090601535340868136)
 (0.66003188640836985,-0.59002821185614263)
 (-0.44147654381271939,2.1015879586779769)
 (-1.1246208038200354,0.0024723332257072794)
 (0.0062418307843340737,0.27290501110296095)
 (0.15134440566323426,-0.70823187808209043)
 (-0.082581131010954656,0.10980958064435209)
 (-0.69032293704044845,0.69528577457109164)
 (-0.57356561961860131,0.55215843354754346)
 (-1.7529933932659918,-0.21178080040515868)
 (-0.97445905951209699,1.3743878229484894)
 (-0.022902448151654813,0.079095184707169391)
 (-0.3706673636282527,1.5040184974455841)
 (1.2467782613424541,0.37294949668475169)
 (-0.36381641735936859,-0.28233961103362809)
 (-0.21248512457037541,0.025232669763008697)
 (-1.2843210309242181,-0.40636366734282309)
 (-0.81379799010091181,-0.83078436299267389)
 (-0.94249279809519337,-0.16066812652760443)
 (-0.27958267783038249,0.19654918043366304)
 (0.23782420507619251,1.0859425103127784)
 (1.4062197781642845,-0.21800338674122277)
 (-0.97436849367902656,-0.030575383143539026)
 (-0.059836294583124117,1.0663197312669177)
 (0.20908885237266037,-0.1301661775782649)
 (-0.23978300722671056,-0.64554912566357447)
 (-0.27255954164932655,-0.3125639641149926)
 (0.86023066392254477,0.068796214226183039)
 (-1.1516492983813924,-0.56703599370289448)
 (0.85652633776176268,1.5583600541380735)
 (-0.42209220412172194,0.95552445157382526)
 (0.59335444727691811,0.09254604653407833)
 (0.32695090141248329,1.2235282301959067)
 (0.20241001030131817,0.91695024639682687)
 (-0.47916439787831483,-0.71349583524327487)
 (-1.1365527197949299,-1.1148058341490841)
 (0.027526712336995211,0.041403912287093995)
 (1.136169174639905,-1.0870751473787821)
 (2.1554339000932794,0.13238317238569186)
 (-0.41940582479246186,0.56520610809499672)
 (-0.0063289765007412402,0.45719206555307057)
 (-0.045100957318565671,-2.1104452693884141)
 (0.10495402765103928,-0.004971910237263337)
 (-0.8126181580532077,-0.21780821193047467)
 (0.82758952974255862,0.45925149447212149)
 (1.098276569605422,0.96121711591220138)
 (-0.78329612252545866,-0.21080828449035433)
 (1.1828650131611758,-0.23231444111806909)
 (0.113066673012876,0.082895776976368615)
 (0.11210939459107805,-0.72072471072259947)
 (-0.72350064959351934,-0.07212732053101889)
 (-0.22634756978947224,0.724904139563328)
 (0.63209602232818174,-0.12089955407470371)
 (-0.67740479563926337,0.4693375164004242)
 (0.98429532291138322,0.86003425866897254)
 (-1.6132590906104789,0.60558584496129308)
 (-1.1380643119330216,0.048293871925279896)
 (0.21387104526898743,-0.34225685489447871)
 (-1.1637615908187362,-0.36945066063407284)
 (0.67161589676758893,-0.42076360914813266)
 (-0.2659392935768774,1.6356919914715469)
 (0.36334663397935973,-0.1419472808387732)
 (1.8829591333413811,0.039247012793894087)
 (-0.59340425041066724,-0.67240737810726914)
 (0.059160494676535919,-0.43684402219922713)
 (0.6188717444177162,0.74310404047984668)
 (0.11490509447381261,-0.27893372365973124)
 (1.297544631248533,0.4213404257692997)
 (0.14178624692256533,0.034852446500629686)
 (-0.043975701132951739,0.68607592471712331)
 (-0.70573525692063488,1.1493966961041517)
 (0.74385671817723387,-0.86735222525928035)
 (0.30279534185573548,1.0674280775530371)
 (0.63073147607251567,0.20221290826330404)
 (-0.025401196146722343,-0.4831710399628959)
 (-0.92327951020654286,0.024688080315342309)
