# Created by Octave 8.4.0, Thu Dec 11 09:47:21 2025 IST <gamana@Samsung>
# name: rayl
# type: complex matrix
# rows: 1024
# columns: 1
 (0.19948205398510496,-0.054004393073562668)
 (0.30930611390982804,-0.25037732958419473)
 (-1.1232724671564001,-0.74035754777129559)
 (0.53905901098395603,0.28834306887804129)
 (-0.022521700551925539,-0.57187805027284577)
 (-1.2558710697831381,0.16113158884252043)
 (-0.061548536505231732,-2.4636301048415659)
 (1.0509802527054308,0.27000810396845554)
 (-0.80780114997838004,-0.3801271826004734)
 (0.75224390350288606,-0.1184129038297998)
 (-1.3838809441887601,-0.8470826556942429)
 (-0.33165246604973064,-0.32635254502924504)
 (-0.18305950417653605,-0.013727168534950776)
 (-0.83489568515368107,0.59456109341244767)
 (0.64024995243488958,0.68053292291728507)
 (1.7223597276789437,-0.6392261884729834)
 (-0.39417572983397303,-0.18244255834889839)
 (0.048418664387244903,0.47510955204877497)
 (-0.076361042036271032,-1.4290956326466167)
 (-0.36110315466910148,-1.6512426477188233)
 (0.55082556906397429,0.0085479362722337138)
 (-0.96209197977786043,0.13726766057243894)
 (-0.26147393773023891,0.77270874321312943)
 (-0.80336014295285796,0.32903007147821761)
 (0.72923325918590376,-0.96396874340523164)
 (-0.30809956916032744,0.5367048826626879)
 (0.022232592000297813,1.1936565364769027)
 (0.38496712338476341,0.20433380495200087)
 (0.1816581459513357,0.20948593927149187)
 (1.4419100684069086,0.12477162588427559)
 (-0.58824115767241314,-0.5079720013419966)
 (0.32288243490882917,-0.9783227404289615)
 (-0.60704139553122249,-1.7429609277090261)
 (-0.082167735534524833,-0.58798216676718318)
 (0.2566076081816791,-0.27977374031521945)
 (-0.49456082197334622,-1.0737744012435642)
 (0.081923357313969047,-1.1178398433497616)
 (0.12411949771627755,0.20634278194157468)
 (0.26182615397626896,0.23174256025652401)
 (-0.24690387353110665,-0.020561562408029421)
 (-0.57499666631212731,2.5107724970182383)
 (0.82814967469859835,-1.5919838699417121)
 (-0.61272643076542732,-1.6243595388091761)
 (-1.2876248812059889,-0.25019334712537011)
 (-0.070875259767933463,0.75378490899540296)
 (-0.38221414803527221,-0.62408105935089353)
 (0.5870933858168319,-0.87225447785384902)
 (0.81311235645457569,0.013670494418845436)
 (-0.24995125957336539,-0.047539072174163907)
 (0.4454762240330663,0.088847907496553663)
 (0.30787524719942427,-0.26666705733835494)
 (1.6234492983280795,0.39985248540843965)
 (0.21056921879136803,-0.013302567622060349)
 (-0.19216668786714469,1.033095000851646)
 (0.28267456993286327,-0.33696477086337157)
 (-0.54281686340177704,-0.32383680325850983)
 (-1.0939973267094936,1.3722737705277486)
 (-1.3487321582042877,0.47392489109180852)
 (0.73537879499697734,0.010614088820651069)
 (0.51014456293871879,0.44653094730445286)
 (-0.024493702820413021,0.32395254767638954)
 (0.25773532142005856,-0.33778703424322293)
 (-0.82738110589702452,0.098007093175983107)
 (-0.067539230284826501,0.78602931584977176)
 (-0.99617419413003816,0.13033183808788684)
 (0.63480698290934456,-0.69366665369005442)
 (0.7798098701184506,0.47503999740533004)
 (-1.0617407940530568,-1.2581303666258876)
 (0.70927661062249614,0.042045007222054287)
 (-0.68582369662739096,1.7216477149732814)
 (-1.3357879247752631,1.1404247198495445)
 (-0.29349264526564572,0.85824276946396716)
 (0.23045038391501688,0.70927378490012161)
 (0.25572265340901185,-0.0067536308917264809)
 (0.87423647965446816,0.10312420942921502)
 (-0.98078089367850363,-0.17587864766363565)
 (-0.66823056533579739,-0.84491565786320444)
 (-0.30414658237983455,0.12309535556756063)
 (0.84305175881908012,0.060838667085246323)
 (0.99622634582349201,-0.12727741004873916)
 (-0.17112875115075754,-0.34294969701776756)
 (0.69139398301762744,-1.1580708021937984)
 (0.52737571315595078,-0.23136101948904528)
 (-1.3718794736209015,0.28210544256599435)
 (0.32959113720931332,0.24769389601328448)
 (0.51119662788824938,-0.48713149540843048)
 (-0.96389923933721833,-0.10680147236323401)
 (-0.03158116887158996,-0.25003700878728785)
 (0.11714937440847283,-0.26626831182474303)
 (0.66697111820982713,-0.8301940487967624)
 (0.11018382852550523,0.68794117544526567)
 (-1.2028642707321231,0.45193907459868976)
 (-0.23591091979996437,-0.061031096694283971)
 (-0.51511972961608299,0.083346202570429517)
 (0.43458477206405766,-1.8481839706581273)
 (0.42802254445394816,1.4959107966121779)
 (-0.10656304752086249,-0.14398084723575061)
 (-1.2928555844038607,-0.42668641887571312)
 (0.067811595161073601,-0.78997962753260642)
 (-0.42100015599869589,0.19352264369642172)
 (-1.241937955660914,0.18403888605307372)
 (0.19615714247202182,0.093149773939320016)
 (0.97124743590240503,-1.5223766291275853)
 (-1.081899002579414,-0.79682482581674563)
 (0.89597697106331298,0.32973367820849386)
 (0.59467718514238155,-0.48874256780011366)
 (0.29059315888886872,-0.60925996310058472)
 (-0.63943348203329531,0.38274104808514864)
 (-0.4679720680246216,-0.54748727329838098)
 (0.0018566288087741301,1.1408690853325303)
 (-0.57263674113391272,-0.49701068419221295)
 (-0.40059999253412321,0.56377711106701978)
 (-0.17555838900332732,-0.10910309037579041)
 (-0.23518700113254032,-0.48640771396851934)
 (-0.1360084168458201,1.3162774841934541)
 (0.62550432426135949,-0.64888454381730976)
 (-0.58195068405388173,-0.41612704324887034)
 (-0.20737237577795309,-0.79274690664077441)
 (-0.58565989873375801,-0.57261471296472788)
 (-0.24563931450263543,0.45889598790306163)
 (0.078818012012733807,-0.54285736271787743)
 (-1.1741927525572236,-1.7162080379676861)
 (-0.082753617803108789,0.24990506646329291)
 (0.43166349597154108,0.30098008907540696)
 (-0.36214929361997661,1.2681179166720287)
 (-0.32641510172205668,-0.051354292032444432)
 (0.54963978755681198,0.4292580683220259)
 (1.3004926745743877,1.04660072009482)
 (0.0071210592257080416,-0.070408202876715259)
 (1.6163613461889463,0.27851362212416519)
 (0.21285786662183809,-0.21626190379446419)
 (0.24993897903952694,-0.49655403813422733)
 (0.14541511568403281,-1.0359796455013235)
 (-0.86151501866257407,-1.0064264933914873)
 (0.45838844381186539,1.5363747838910182)
 (2.0100100187360552,0.69654367458333699)
 (0.22589664910526178,-0.2069714666780004)
 (-0.3657785765798755,0.045260246341087329)
 (0.58680711450129486,-0.40123452069846288)
 (0.83909108692092127,-0.59568207273407114)
 (-1.0323623529349506,-0.19792025761916621)
 (-0.13551378657796115,-0.51133842446565825)
 (-0.48577757654492676,-0.54077965057053501)
 (-0.037973379063110213,-0.84240822864996057)
 (0.59378833421303701,0.26475210742091748)
 (0.47036131967876244,0.19542954572319188)
 (0.15965964738473842,-0.61119100279450578)
 (0.49708561144266283,-0.67981953311033305)
 (-0.81367057946195565,0.7913622213841105)
 (-0.48045256371943634,0.12808250950905287)
 (0.10401457954415549,0.8426967943101431)
 (0.32865259648053741,-1.2751790942612775)
 (0.90777074855614692,0.092380879521242076)
 (0.015976444937858075,-0.31619304897171652)
 (-0.052915523777842172,-0.31762026596898041)
 (0.011598768339015603,-0.35360199871465026)
 (0.94061688605741456,-0.70784647048601002)
 (-0.28541547293874625,0.54679017231939664)
 (-1.3277809418173248,-0.072748642719422052)
 (-0.27024847747721958,0.76851396125885874)
 (0.92199543521646554,-1.1226786287421553)
 (-0.52161268854418741,-0.6307892704090261)
 (0.72955244354557802,0.31068320831745816)
 (-0.68965268543856106,0.21062466138686767)
 (-0.15464134487701481,-0.70705960519176991)
 (-0.18155020857023033,0.04411382771942865)
 (-0.30089319387815244,0.51112281251729974)
 (-0.016646705874233308,0.28714914072704922)
 (-0.72641157902353037,0.45586702801765128)
 (-0.32206082955021281,-0.10732049984238563)
 (-0.37879370695677245,1.0347822110713347)
 (0.30788404902968891,-0.13809470819681866)
 (-0.15823710162127447,1.5956160211940114)
 (0.8974444699883326,-1.3390108948656698)
 (0.46524684495436863,-0.1365860189482169)
 (0.35402392273389488,0.28864411426015019)
 (-0.61368942601904575,0.39562316392124197)
 (-0.62717811437123683,0.069759497032677031)
 (-0.54012864582021058,-0.11763105429494844)
