# Created by Octave 8.4.0, Thu Dec 11 09:47:21 2025 IST <gamana@Samsung>
# name: rayl
# type: complex matrix
# rows: 1024
# columns: 1
 (0.46304698817549067,1.045574698251249)
 (-0.48428337263563159,-1.5921776724443371)
 (-0.79674138963964403,0.0033871471289042554)
 (0.1689840283103452,0.037979546694455676)
 (0.27178411261583513,-0.59742463046906413)
 (-0.13003962896254273,-0.90827676310364236)
 (-0.63893593644913016,0.058539520552799318)
 (-0.38280751630635634,0.27036815234218758)
 (-1.2993223500636437,0.71151766651719428)
 (0.89031708512101959,0.11948501700053832)
 (-0.38426302214675978,-0.08251372168749399)
 (0.40495393112813899,-0.10828496805038829)
 (0.092776421506993778,0.36220414090040703)
 (-0.88033401822891766,-0.78157667645872775)
 (0.92411666460606612,-0.30276804940368818)
 (0.11588135333142036,-0.50131930374241906)
 (-1.0375833922819668,-0.74318986337628856)
 (0.13729512893248413,0.98540737431496517)
 (0.27395306565516248,0.21772051961021097)
 (-0.1908604864811452,-0.31206366803202445)
 (0.31731728131954995,0.074844087990932645)
 (0.3270652333420665,1.5587223386308819)
 (1.2524382669536678,0.25963896468619113)
 (-0.10512432976281193,0.28206415727173895)
 (0.094768228818800482,-0.62618313017668181)
 (-0.77207664065848092,0.59630960990038706)
 (0.0064251169839691993,-0.077665594367592572)
 (0.38385235363071391,0.25441257234638714)
 (-0.0067573942633255557,-0.83419484508202046)
 (0.85945098741160009,-0.31861936199194174)
 (0.66433956016300644,0.53625273937051099)
 (0.76830008992976562,-0.15450387264684134)
 (-1.1016731962125614,-0.67141456992672355)
 (0.6094108414461703,-0.092167446055921254)
 (0.35316711712746746,0.052381945358862092)
 (0.42565900356851843,1.096078437558049)
 (-0.98044388464664434,-1.1405544826238077)
 (1.6476129328970521,-0.75954741101143464)
 (-0.53154579141961256,-0.62464636376816374)
 (-0.57313760848330331,0.43445727651646959)
 (-0.026827977032429728,0.19052351136888648)
 (-2.0283210491516561,-1.2316216551918666)
 (-0.30745575928359536,-0.94330186917311587)
 (-0.096331149397307692,-0.78593890730370286)
 (0.31982672647755184,0.4899477792473953)
 (-0.10669990481787768,-0.14660699176800085)
 (-0.51757254109109974,0.50928527592727291)
 (0.5175752884287903,1.0775504213745315)
 (-0.29879324079274211,-0.90591179949843048)
 (0.34251584548340636,0.56072043465043597)
 (-0.054292074531523543,-0.27661416139654771)
 (-0.34209809241775252,1.0700239487241385)
 (-0.16699981267431091,0.76645934960321638)
 (0.49589387584103028,-0.3101186967679429)
 (-0.08183475730590517,-1.365737054539566)
 (0.17920019399095213,-0.21336709609590557)
 (-0.23023924509089128,0.8915252456221372)
 (-0.22728269784670513,-0.98753401870074708)
 (0.36753522253446846,-0.029632283187265768)
 (1.650555733394329,0.60003259908612261)
 (-0.977655561819184,-0.045075472931570271)
 (-1.0299863979293944,-0.12710215516500167)
 (-0.40244894684459809,-0.64820756339894248)
 (-0.028722056745845957,-0.12752246288599783)
 (-0.96064996529897406,0.34161513871505955)
 (-0.084497773259997244,0.44009775617740471)
 (0.99730573722503646,-0.22771959302693862)
 (0.38812069235941615,0.27555608080655636)
 (0.45082873459169304,0.33250213137954654)
 (-1.0699011095939068,0.2834545978464571)
 (0.42750246014703613,-1.4143352621379401)
 (-0.0055109936411329441,-1.2542693035937056)
 (-0.96527641546039533,-0.20471708399832023)
 (-0.20027974740570115,1.1276067200246738)
 (0.17882193530697979,-0.62537988798367938)
 (0.097986540959696833,0.56532383370868011)
 (0.33972357483850546,-0.034563763102346046)
 (-0.46597973464872244,-0.097479108077659443)
 (0.24208768958010141,1.6478530780535448)
 (-0.56747678394186107,-0.17455840190499167)
 (-0.57089414854777354,-0.59147495581843967)
 (-1.1042267520047204,-0.39430734911547599)
 (0.25070283162621099,0.61472417420370273)
 (0.17034058995665247,1.3816768354708855)
 (-0.34623728589450542,1.8330489538261232)
 (-0.26327408478025738,1.2698623238219615)
 (0.42322211212071592,-0.83028263207509945)
 (0.41056559603003123,0.67432261838704877)
 (0.063024993750731284,-0.4883957977293511)
 (-0.72969935229256444,-0.31797901183908828)
 (0.46489091926414455,-0.354216728052624)
 (0.019509757289683405,-0.58167693410878274)
 (0.51707675204613723,0.19186266941796165)
 (0.058949034553538948,1.8697994229780455)
 (1.0232975559570294,1.8113677896950249)
 (-0.57821931849814101,-1.5155242068096868)
 (0.51436981492531708,-0.90037363632973899)
 (-0.42935766860963626,-1.0344443661443969)
 (0.042236881096414491,-0.81307254398543582)
 (0.96584514261991949,-0.37627742875818376)
 (0.72730767175073996,0.52528018143505772)
 (1.2352966279730309,-0.75730308740470509)
 (0.45390772190452128,-0.62731527230788386)
 (-0.40518742553807863,-0.10168411080098541)
 (-0.56588702470030139,0.76366430124943485)
 (0.73913762206724121,-0.90045671740304201)
 (1.1212066192501329,-0.10763514154974085)
 (1.0597264567113893,-0.20670379362499686)
 (-1.3298382193477825,0.75334307458122507)
 (1.2312681698164667,0.78481096791511362)
 (-0.73854854972763129,-0.82961703859448088)
 (-1.1908080096865006,0.4062355068661756)
 (0.47135557104192211,0.27934399318200059)
 (-0.11742917003291556,-0.52694246763013741)
 (0.29457454478138273,0.63356706528924045)
 (-0.75368978535866793,1.5478362967974211)
 (0.73717327454221115,-0.38920974260039809)
 (1.1160147196390942,-0.26099519164600521)
 (-0.65233305209380665,0.045259098415820431)
 (-0.86687217125070237,-0.39309505115967974)
 (-0.12249764984594019,0.49635769661719503)
 (0.18788370722994241,0.61520685424637322)
 (0.49182367015114103,-1.5917273864760744)
 (-0.0083996505495114171,0.79051026587950446)
 (0.72792195069661647,0.12967552770377733)
 (0.71515426803911475,0.89101076250531097)
 (-0.33886081772703697,0.77591964653819079)
 (0.3763042888808934,-0.22978492422171085)
 (-0.45121540656891251,0.26654323336758218)
 (-0.63806615139765566,-0.19747483842599212)
 (-0.13225560226669683,0.18604194830159762)
 (-0.68813045250262994,0.23673291123171686)
 (-0.23713320866767285,-0.16156097207472264)
 (-1.450487761330054,-0.85311652153016126)
 (-0.74010575638116416,0.52933278029896758)
 (1.0238639744621505,0.46174137155710182)
 (1.0129409928007904,0.17420846740310647)
 (-0.32937622803226335,0.76076105583293896)
 (0.78202436855672808,0.10270972669178741)
 (-0.076396457211478461,0.13781598679627896)
 (0.79505115953758787,0.41472371478670322)
 (-0.0070047953857517442,-0.29570855457087175)
 (-0.024592882115697878,0.57679674875445064)
 (-0.29932511699570974,-1.1955884577240172)
 (-0.28848781362188636,-0.790884590058616)
 (-0.52191445973815254,-0.4345779003311005)
 (-0.72336574311498691,-0.52359894785321526)
 (0.8413503261080898,0.63514215527958318)
 (1.4389897926268422,0.65874270929403422)
 (0.19691881784331194,0.38318185175279224)
 (-0.70427452978941274,-0.28315595563715013)
 (1.1755652521244659,-0.55470556281376271)
 (-0.3438385390334564,0.45671898466059069)
 (0.83741557201347994,-0.4345712946838598)
 (0.54881965514100217,0.48074161461264808)
 (0.34543033041983157,-0.31359034995449425)
 (-0.1071201881125588,0.5815095158258774)
 (-0.4225644250109869,0.86712627693514788)
 (0.50165918308160151,-0.38119107341840436)
 (-0.69907480929403742,-0.058730613954845579)
 (-1.049897947177999,-0.63678068641024788)
 (-1.0550438948907921,0.51879996573824572)
 (0.98342008855188812,0.22871655367913191)
 (1.059229550998503,0.13557494081775012)
 (0.037571698988072388,0.42395213066184151)
 (-0.18643395572907184,0.86262837063048459)
 (-0.53073563986434558,1.2532215679358392)
 (1.1154063945950008,0.057109873971378566)
 (0.23277793240901046,-0.32991506546116689)
 (0.48182482235074686,-0.49128358427759222)
 (-0.54952663150053183,-0.19942676274355009)
 (0.68660044696117783,0.60133326362184814)
 (0.17671010255737812,0.78715132800142906)
 (-0.30517158919848586,0.79579135394696721)
 (-0.096574151542510339,0.1693103203705327)
 (0.56455915426415926,-0.38052909248779332)
 (0.19008219440331045,0.18660704590351498)
 (-0.3645821095298431,-0.36377275570542583)
 (0.30448273198254139,-0.025267186090225546)
