# Created by Octave 8.4.0, Thu Dec 11 09:47:21 2025 IST <gamana@Samsung>
# name: awgn20
# type: complex matrix
# rows: 1024
# columns: 1
 (0.63547436547726766,0.77335855166521361)
 (0.6740549379795292,0.62985115533314073)
 (0.71908862386571426,-0.54032026404448341)
 (-0.64577353276394533,0.70381694635849579)
 (-0.75532090780067196,-0.639992320592777)
 (0.6712364091589923,-0.64903401182875631)
 (0.6944395223760651,0.70663268960737646)
 (-0.66057738643217467,0.90992209631942944)
 (-0.73063412313106912,-0.76443719708930002)
 (0.73106278729275975,-0.74908582469375706)
 (0.71306532837478864,-0.77771693113144669)
 (0.72339033611619441,0.87556913142112314)
 (-0.7169136454997963,-0.76033289642066149)
 (-0.70928289665468747,0.72984574966375437)
 (0.73357063937678857,-0.82671414521272268)
 (0.72783885702540163,0.67297391192644529)
 (-0.70655004447281899,-0.7689995687057527)
 (-0.75404425644906126,0.61179388711466365)
 (-0.62694913277407838,0.69296497588264694)
 (0.70252989194402604,0.76784242160497185)
 (0.66099712643628528,-0.74311496229341267)
 (0.65212803903034888,-0.76002368603473336)
 (0.7236789412871748,-0.72906395691685189)
 (0.825657322566691,-0.66641878196680349)
 (0.67857526973149207,0.61595275499226965)
 (-0.69200462799164575,0.58182295450315502)
 (0.60583668258495749,0.69452351342683327)
 (0.55192614626640601,0.70218683551983463)
 (-0.85504365861154952,-0.64694858977860081)
 (-0.74165975143240959,0.80510471234356662)
 (-0.72273066015444776,0.72446949315494835)
 (0.6818840550161257,0.76217386696006595)
 (-0.69319774632850806,-0.72664384300544538)
 (-0.79692494333415953,-0.59799340435265169)
 (-0.69711141351307782,-0.72174425533799191)
 (-0.58863391821081679,-0.74466614093994388)
 (-0.52946007355088742,0.59740461819162616)
 (-0.82645158552432985,-0.6028136286408381)
 (0.59058008943843088,0.63185039102783191)
 (-0.72878404780824035,-0.87254288822229698)
 (-0.76416448365258771,-0.68246215182239844)
 (-0.63425312381732279,0.68896469992933496)
 (-0.73000991485888289,0.76926077023473216)
 (-0.80591170880694196,-0.64505414488147717)
 (0.6998211598169064,-0.72227403260313916)
 (0.67070636823153695,-0.69462763758994273)
 (0.7189097095131759,-0.78873209673794198)
 (0.59155262282152488,0.60481808178227725)
 (0.88621446870526177,-0.648536457421787)
 (0.81053073824595745,-0.63311046035814711)
 (0.69070316477070026,-0.59079002411716353)
 (0.69642022418292582,-0.68581061415086453)
 (-0.72650613664787822,-0.72900384329847323)
 (0.79098717710613842,0.80437425628851411)
 (0.63084800220716963,0.78650922824920377)
 (-0.65619958526911537,0.68635237108208424)
 (-0.69706210704472782,-0.70658882961115221)
 (0.86031580248425499,0.63876513171346794)
 (-0.79160527965826299,-0.69709346932610394)
 (0.63157191409833013,-0.66756933039532496)
 (0.71613530553636384,0.83055268263803994)
 (-0.73071927276269033,0.68118549679989782)
 (0.60441095589426752,-0.63759442444129133)
 (0.77538970834947984,0.68500376589441747)
 (-0.70026901678794784,0.73109096625778958)
 (0.71616986732111976,-0.66105159451374818)
 (0.80995896242974408,-0.80395725061644796)
 (0.66106824590938562,0.64328471597431713)
 (-0.8121620951629589,-0.66416636614329361)
 (-0.82322976607983422,-0.67043784595655165)
 (-0.55462070988972545,0.61788334953904456)
 (0.71697355285361752,0.83553205061824398)
 (-0.72516148598104491,-0.73552456637374541)
 (0.70438345886145304,0.68258695455805329)
 (0.71900382075044544,-0.7146465441508798)
 (-0.63004165733496598,0.71034947839854323)
 (-0.73270673617011772,-0.74413044435814946)
 (-0.67813708192074651,-0.82104913409964297)
 (0.84800472559320872,0.7949480773960893)
 (-0.64557316837417533,-0.66913236324261016)
 (-0.73054341599670369,-0.72661490632113801)
 (-0.79968176033824778,-0.68770715465986276)
 (0.67647927156568666,0.64523657670701196)
 (-0.78482959738116453,-0.7051795292899824)
 (0.72571844981499944,-0.71968615046364937)
 (-0.69320773313891193,-0.69794204907377377)
 (-0.69022621043138899,0.63477382325550868)
 (0.67144128809303594,-0.82690118396635914)
 (0.70401751510537303,-0.57616312653337087)
 (-0.79830285125348488,-0.66149109355259061)
 (0.73944075706286505,-0.70842956591661754)
 (-0.74522615867528408,-0.73569865204245188)
 (-0.81931902655240529,-0.66925448398247589)
 (-0.60418920696658074,-0.72387224885035684)
 (-0.68378317602585126,-0.73971415594008294)
 (0.71130671296484427,0.74083900795143787)
 (0.65269604163841299,-0.7420317784370245)
 (-0.75335600876073427,0.55672704542618168)
 (-0.79837524702668317,0.73575577255981728)
 (0.72028903118256693,-0.67772156169901121)
 (-0.78916410977646989,-0.70765351765552931)
 (-0.76985513007596951,-0.67836937504934058)
 (-0.74287121416049917,0.68213691249678443)
 (0.75338663329677191,0.6543089607496706)
 (-0.78161274927147251,0.66080608422411102)
 (-0.62579571105473397,-0.67431100767809771)
 (0.63556361159194208,-0.82493206879573866)
 (0.58880201648028563,-0.74188773313096357)
 (0.83727498243935949,0.73942024459317635)
 (-0.71866341452040883,0.71765825341315348)
 (0.78187571549897306,-0.86988863198388788)
 (-0.68052371604115258,0.85042463857531558)
 (-0.79265469196353855,0.69279135172499073)
 (0.79238936703360752,0.67906773446603286)
 (0.73763263549120572,-0.75235092571545681)
 (0.71788903870650467,0.71871721720676407)
 (0.82298177599383693,-0.74820758014279209)
 (0.69129490853576669,-0.68511649696214538)
 (0.60790507241149838,0.79642346397430419)
 (0.77389963588000588,-0.54550692183660265)
 (0.76408599530191113,-0.63511524912296713)
 (0.68790271026378358,0.70015457558857608)
 (-0.64172817308376207,-0.73423070276789382)
 (0.61160911801058293,-0.72150784366994858)
 (0.77796610400541755,0.75664635555443038)
 (0.69560299619885257,0.62478504444994165)
 (0.66439217446330689,-0.77086623178642988)
 (-0.70599934689166988,-0.73065282915276619)
 (0.55442938422133059,0.63348989149877055)
 (-0.75367482734426838,-0.58981610810600227)
 (-0.68304839574550025,-0.74251970287692137)
 (-0.73621473692208128,0.75209318203020503)
 (0.69975861025740349,0.6252494405384047)
 (0.72046954690743692,0.72839495440159607)
 (0.80549388547895795,0.75335398125465936)
 (-0.56874513739005228,-0.68493509223674343)
 (0.72587652320833729,-0.73339455749995752)
 (0.65620520977448671,0.74942342624792424)
 (-0.68711341869284392,-0.7188424081689232)
 (-0.86055194757357312,0.61796450575440776)
 (0.74486225833627773,0.68270615549646274)
 (0.6919125138106782,0.66932865849569412)
 (-0.6479632202243677,-0.70298991030461577)
 (-0.75175643173115392,0.82976735950551084)
 (-0.80411878794546932,-0.73555713814538182)
 (-0.72123288511884709,0.66137520907186831)
 (0.63019223653723733,0.69778121292834816)
 (-0.66422045573832178,0.78155287019616015)
 (0.65057443431411632,-0.69057212885435026)
 (0.64695724443390346,0.52497977905549975)
 (-0.71556542619622421,0.56782070919803063)
 (0.63999799397947221,0.74574684126765711)
 (-0.79422043947027832,-0.75153035944380586)
 (0.74886109019838831,0.74922137314001092)
 (0.64841672883122126,0.72539600374285784)
 (0.69104406811503838,0.73619799415285314)
 (-0.80172279449320838,-0.72647446565138862)
 (0.73405575744640295,-0.64130499171344069)
 (0.7578142069665752,0.82224055851447653)
 (0.57653167617787993,0.65953035124184434)
 (-0.67227729867456953,-0.68848233123280222)
 (0.63260063037913428,-0.80341957051571833)
 (0.58670770943919981,0.64786966311060434)
 (-0.73745826745226095,0.74925980958238791)
 (0.60307032353492107,0.74136870853411796)
 (-0.82055726608488821,0.62569066770501824)
 (0.71910744585232944,0.63472944444506751)
 (-0.77805851228852396,0.65645915993488368)
 (0.8053632749513242,0.6635327352479391)
 (-0.72922815622418802,-0.76598344010920483)
 (-0.73973486077946138,0.78195460692569074)
 (-0.67208360303236814,0.77972607107997072)
 (-0.71331060992916384,-0.62524961201966822)
 (0.69125773954243586,0.69187797370851489)
 (0.81653316476209636,0.65356881437981074)
 (-0.65109327421648899,0.66285605478703336)
 (-0.63367766036167539,0.66668770657646192)
 (-0.68785712487701334,0.76784185242121639)
 (-0.75660088026963279,0.7201622611299594)
