# Created by Octave 8.4.0, Thu Dec 11 09:47:21 2025 IST <gamana@Samsung>
# name: rician
# type: complex matrix
# rows: 1024
# columns: 1
 (0.47129035515906381,1.2281347711670922)
 (-0.72831612038054883,-0.64123221768765593)
 (0.2507517443004158,0.56177667881201387)
 (0.73226917360154764,0.46135581232643608)
 (-0.42944141552825943,0.88951610507054724)
 (-0.33396493447882986,0.76551752798541273)
 (1.0372742297986031,0.59605041052768293)
 (-0.7873468029873758,-0.84129673748506639)
 (0.7587423256654211,0.89299625442585318)
 (0.059362120548059338,-0.77836705444461884)
 (-0.6374817282038393,0.88247213940129499)
 (-0.3552664848435837,-1.0642440432811902)
 (-0.77046270755590174,-0.96387077181266834)
 (0.50140841864238472,-0.76615205889238103)
 (1.1069023982375878,-0.77391312674340607)
 (-0.86378571874417398,-0.61830168039433131)
 (-0.25319660371764052,-0.40396193893556864)
 (-0.85777384702176573,-0.085187651545581333)
 (0.53161331672331968,0.69666214399183546)
 (-0.3340311535812247,-0.29072549408055259)
 (-0.85062893928462635,-0.77355706091436971)
 (0.21108169211508199,-0.55096473759076425)
 (-0.71605553857920057,0.94173851506229778)
 (-0.81366008939164625,0.1932934737537032)
 (0.24744988696598863,-1.1060458933749879)
 (0.65212633965716416,0.85589661963364372)
 (0.35825860273629362,0.70625174608795527)
 (0.20763359700302161,0.52611350777901478)
 (0.9805202476973558,-0.3286148636183584)
 (0.5754660028238251,-1.1170404363664774)
 (-0.66268528936785709,1.6651164959020455)
 (-0.37031191535129504,-0.46568252297033652)
 (-0.38724282480522654,-0.52482904114284723)
 (-0.94049025742920866,-0.22791903622957949)
 (0.86963798726217467,1.238529081651091)
 (0.35922002746179749,0.72994198893447171)
 (-0.91928190659113984,-1.3401968810434768)
 (-0.31152417688267497,0.5918009347563411)
 (1.5020234877037948,-1.5870311492065514)
 (0.50668862032006534,0.70999972707634096)
 (-0.51199615788318464,-1.0150200666487761)
 (0.9524165908506349,0.71202619487870222)
 (0.55135774221732414,0.71613534815457824)
 (-0.15625437613942339,-0.2631054816450199)
 (-0.31177985889213167,-0.0092076094926774321)
 (0.25207843566528326,0.66124272492063851)
 (-0.79584094023161689,-0.20837284773313186)
 (0.50862920565778358,0.76384706868826424)
 (-0.1574039961106975,-0.083488155184091181)
 (0.96311105335907454,1.1018760273305288)
 (0.70991695462235171,-0.90400224079892777)
 (0.97090755734813206,0.34340247940723256)
 (0.44764269846790766,-1.0568943756474676)
 (1.0663366125995684,0.60341952443264379)
 (0.69577993822419026,-0.26631001725903936)
 (-0.35956083758162577,-0.30414020997253438)
 (0.2502261213284977,0.57400856410547174)
 (0.15669023848941308,-0.64104794785814756)
 (-0.26115497760172401,0.47857181183875042)
 (-1.0625706832041746,0.37432215909497962)
 (-1.4456327467619126,-0.8732052553427937)
 (-1.0773183605299419,0.23876692338028582)
 (0.57431571220926125,0.06622122327715213)
 (0.54755118267011604,0.68015571825543719)
 (0.75390097097410624,0.98401571510953589)
 (0.40450211627421906,0.58410239506978312)
 (1.1908842567179638,0.41990718904021668)
 (0.94874697267474062,-0.70489653143430786)
 (-1.3175376163553891,0.65154503403146657)
 (-0.65014305890777635,-1.3432173313944653)
 (-1.2070159623605208,0.29169065056782639)
 (-0.68855306252943127,-0.63111907980488591)
 (-0.67126144414821964,0.72542030037578153)
 (0.64212690310995146,-1.372839850418992)
 (-0.83592418902337307,-0.54276684197903746)
 (0.0096380355276530494,0.39806514142556004)
 (0.21714174153904053,0.63798540726277209)
 (0.85038420038628648,0.096303620241709187)
 (-0.16759916207033138,0.93235591617663394)
 (-0.6732081562622132,-0.30876486031534234)
 (1.1097796710470265,0.48859233529515922)
 (-0.70541916355833023,0.15514410181575977)
 (0.31349792703200352,0.71944209707907913)
 (0.51692605422214022,-0.3682159590580073)
 (0.54254366833462309,-0.55258336337002933)
 (-0.21587639720040563,0.83945485193297031)
 (0.79515377306999702,-0.20365354865895602)
 (-0.22494597230713304,-0.56266991486708662)
 (-0.5744223051844759,1.0578065925757221)
 (0.42862363961724725,-0.63192906211263444)
 (-1.1773221878525204,0.55914266134326451)
 (-0.60789101174604376,-0.30265889503577725)
 (0.52021738609718149,-0.32748566629203485)
 (-0.43790475467426115,0.22875401904027426)
 (-0.1722508326517404,0.31062265683451623)
 (0.30331996094496905,-0.65572023270349467)
 (-0.06556484281303071,-0.98644289633979954)
 (0.62379707601147927,0.31970982251851388)
 (0.90921059594434039,1.069052717296834)
 (-0.6182830790611139,0.12836912248134935)
 (0.53113073975852565,-0.80610361719377521)
 (-0.35475766734641301,1.0331559279140683)
 (-0.48304158626484001,1.3051139289738434)
 (0.82186163556658254,-0.40693756079423393)
 (0.9388008841242953,-0.056205228380938221)
 (-0.47626831209825754,0.8546610046752281)
 (-0.022636716035774801,-0.49083616179432421)
 (0.83344755888056332,0.3427425570195991)
 (-0.98140889820892696,-0.79021159873038094)
 (-0.26459892280720432,0.22867346474762879)
 (-1.1909384531513385,-0.96698155368681937)
 (0.0061188566246686699,0.075445515169458396)
 (0.48628007892226477,0.91186965464356207)
 (0.73965472201418148,0.35300547417793571)
 (-0.74906213588176107,-1.0190095718224108)
 (-0.53401427062284379,-1.6507328506439407)
 (-0.71141798395112166,-0.43913662529797309)
 (-0.50339862799878798,0.62123368825870118)
 (-0.70386296251268543,0.67694316713902258)
 (-0.47853720092225394,-0.012259206226054614)
 (0.59886023986872416,1.1628750875425593)
 (0.75303342663303086,-0.51462083513420576)
 (0.64970153499972128,-0.10961877930859426)
 (-0.6475687701499131,0.2763050666811554)
 (-0.29377047158362063,0.96340378275692951)
 (0.72248305529267443,0.26694779039929217)
 (0.65168619827177232,-0.72793902225264717)
 (0.67190586059899693,0.44076422079614525)
 (1.2606795785491167,0.80411428946771657)
 (-0.35933686450061297,-0.3857938147847656)
 (1.2150568367289503,0.76904279613499094)
 (-0.47915388078755888,-0.4292265572779968)
 (0.29758804983804499,0.42325402970250936)
 (-0.81054715818383305,0.87679786763627576)
 (0.40250203698314019,0.11112429357173687)
 (-0.23966564488493497,-0.65325946087719422)
 (-0.44929891322818322,0.44212762624927732)
 (0.3762630805645375,-0.03491011906830252)
 (1.1033783258060743,0.08823197785050696)
 (-0.2587834439073714,0.79334274880502476)
 (-1.0022748846204452,1.2241232885779327)
 (0.9175439897198211,-0.51444362549131573)
 (1.1443919498527766,1.1982474074528895)
 (0.98921275331174674,-0.53539939817984195)
 (0.5650453329466989,-0.57263088045557509)
 (0.99677377061758232,0.469490567133239)
 (-0.41702149629856133,-0.33112818728337701)
 (-0.89119517363414413,-0.62697887608570979)
 (-0.36490454642207382,0.22459370580562318)
 (-0.1320929392014854,-0.99419445276339347)
 (0.87627531591448338,0.38047883154499412)
 (0.17026508657251471,-1.4373221487343502)
 (0.45283448124104642,0.67500245374119905)
 (-1.1929804474393046,-0.15009254355445212)
 (-0.7583033307573378,-0.30005605373923949)
 (-0.92918860514716328,1.0315353763378752)
 (-0.26293514564772752,-0.92923999654626077)
 (-1.0355342212279406,-0.7257873439335234)
 (1.5432525689459717,-0.15540014740899055)
 (-0.63461060084912391,-0.56435190079844433)
 (0.17434456145818683,-0.80844220203851114)
 (-0.52480072663715926,0.28914214588810505)
 (-0.46159030925832956,-0.99847466138849539)
 (-0.95421217415788995,0.22651985409369674)
 (-0.32592524119027033,-1.1345393205314016)
 (0.15273762602856278,-0.46113258938436286)
 (1.0417205851666804,0.8711891504910807)
 (0.78976162599707544,0.61058619428783323)
 (-0.56998077982144291,-0.74255896902056295)
 (0.83857244255070751,0.85004479074145523)
 (-1.1917421766305472,-0.57688194219323452)
 (0.25466714708503768,-0.67690033494764446)
 (-0.25291606074684592,0.37184274126722927)
 (0.43080568111141204,-0.47664218148583026)
 (0.75089095363749836,-0.27108668794001689)
 (-0.71448411369846465,-0.57963493842003311)
 (0.75268160689823937,0.35341877850882808)
 (-1.0074610739464163,-0.064365314277563257)
 (-0.64094509325964011,0.82391636866871543)
 (-0.31498359895473743,-0.70584542477104195)
