# Created by Octave 8.4.0, Thu Dec 11 09:47:21 2025 IST <gamana@Samsung>
# name: rayl
# type: complex matrix
# rows: 1024
# columns: 1
 (-0.15116792175272886,0.76199942537228516)
 (0.63388740478922312,-1.3282794062064978)
 (0.22790482895747588,0.22762308002569154)
 (-0.52004663298722298,0.44878208705726269)
 (1.2776741684442845,0.039951392865943181)
 (-0.82762040869287756,0.58825445269538923)
 (-0.93661447186672564,-0.41597081851753959)
 (0.56741018907659402,-0.69705201875465195)
 (0.22010278236302777,0.17299254320687757)
 (-0.15611150026095916,-0.21803381604719146)
 (0.2859957304854262,-0.88834959725480966)
 (0.26870919978414054,0.45367359132837537)
 (-0.63116127317757797,-0.20346155756626427)
 (0.96127002467388589,-1.1154721868171604)
 (0.35962577764295667,-0.68506195822718829)
 (0.42222143123375638,-0.72868523385035688)
 (0.20498453220010837,0.86665263634236467)
 (-0.83653902072251429,0.12883359862402294)
 (0.86165349369179622,-0.053645514788118742)
 (0.087181449231323926,-0.029770559560362779)
 (0.81982161500306971,-0.337792581090407)
 (0.39129298183767031,-0.45300988923664981)
 (-0.62322672397582612,0.73127269604109657)
 (-1.0019779498768244,0.40528973496820092)
 (0.04994679425854226,-0.95696688640323702)
 (0.16675280015911789,-0.60449287373012794)
 (0.2153941041522667,0.44564691557388314)
 (0.21264362191863492,0.50317842401683344)
 (-0.34644839337038125,-0.85443044313902261)
 (-0.18184433582610532,0.82366989155899484)
 (-0.47561817292655961,-0.57737867779890539)
 (-0.45226234157022704,-0.24004620218200767)
 (0.2131671980653784,0.006550458575703022)
 (0.19102497753587783,0.57840605368101539)
 (-0.2467749867098383,0.1571386365356052)
 (-1.6749475012481454,0.22127836036442172)
 (-0.020319760010634014,-0.53723114882438927)
 (-0.088395179753052583,0.15130318775972298)
 (-1.1898545850168722,-0.93387291406094386)
 (0.565435173545907,0.30807423558109726)
 (0.46858515926464883,0.010933798607195899)
 (-0.041770312929276944,0.060757357047445247)
 (0.95709813587682757,0.28107501106650212)
 (0.19795419650300861,0.70450475230742493)
 (-0.56600318085350976,0.061605838854844552)
 (-0.67124899374653046,-0.66374322718180045)
 (0.21150070306661065,-0.16723078758977952)
 (0.76378103575155298,0.52703193987171948)
 (0.22020187787610998,-0.60207371664491061)
 (0.1917367835352492,0.27937402129144839)
 (-0.29214547464047708,1.0964541982972389)
 (0.33301865486894039,-0.41835985215100385)
 (-0.58058659984050864,0.85029972551400212)
 (-0.34032748251279726,0.25948094481351786)
 (0.36311005147571895,-1.3670880106970156)
 (-0.61548309653166089,0.81043913661424472)
 (-0.61105636185477519,-0.60371177594254621)
 (0.14741591747703017,-0.14117038069489982)
 (-0.30335970320938682,-0.69194572077639216)
 (1.2070005799994687,-0.57355325950266933)
 (-0.55886662852798707,-0.66479526648039888)
 (0.17514127517061556,-0.64120020972125569)
 (-0.69902687492358162,1.4184305025961681)
 (0.34045072229512846,1.1548661909409883)
 (0.020623875796955904,0.52988403094461112)
 (0.0825374247810928,-0.33562512040878523)
 (0.13158895879620588,-0.19789775295176834)
 (0.13822404092756768,1.3068080192000198)
 (0.69280860629972907,-1.1878528228110334)
 (-1.1621145928815846,0.8126020266684707)
 (-0.46900154260095528,-1.131659683088081)
 (0.62126071543673089,-0.37881992238274886)
 (0.41256624473087156,-0.76159978018725671)
 (-0.095394741521546561,0.56019503782140123)
 (-0.41167817854507249,-0.6988504402950324)
 (-0.31631237638127185,-1.9595339098259199)
 (1.2484771201376619,-0.50836041795612852)
 (1.0692004180749333,-0.4350864747339232)
 (-0.0620295715843611,-0.032940375254712863)
 (0.11330880110602282,-0.96358500460880236)
 (0.20260936041176963,-0.068923194521019124)
 (0.13670235088219995,-1.0997708734285565)
 (-0.29970841452343122,0.49934704796198248)
 (-0.027171424803441174,0.52279411157885536)
 (-0.19570400044835456,-1.7424429148855929)
 (1.3951811848494957,-1.0261387069411034)
 (-0.078106967963493271,-0.08207965473234792)
 (-0.045913045369904731,-0.25954938907449032)
 (-2.2066049861633559,-1.5923138848795886)
 (0.77715438944734072,0.93703497636866029)
 (0.63562945750269007,0.56438339036786378)
 (0.39202597124089944,-0.97066925874537791)
 (0.39077874577823235,-0.053732117420381781)
 (-0.07166766045359417,-0.051326267593308064)
 (-0.56442711475788165,-0.29916696631457634)
 (0.16189673587503145,0.81144077334355913)
 (0.8300122640359775,-0.0054055846158558851)
 (-0.11278589892367079,0.355138886053393)
 (0.4207726091704877,-0.44401659510875807)
 (0.011957809951364945,0.39091517294402522)
 (-0.29099588108766128,0.31773523988936525)
 (-0.27356616630924169,-0.90127411255297463)
 (1.0952053049117501,0.67250963064736036)
 (0.16177544885432732,-0.16139771378699813)
 (-0.44650074510514159,0.32821215279165517)
 (0.02557789156456558,-0.98156642504713421)
 (0.13972669467554175,0.53124739703835089)
 (0.86136411934716639,-0.968016241408588)
 (-1.1935037253726719,0.34996201774116475)
 (-0.37943119652928609,1.3459950581044655)
 (1.0364378254243725,-0.2348178276674619)
 (0.44332031554478751,0.0062549580085852763)
 (-0.33318861927237586,-0.15466334076355709)
 (0.23081701153380507,0.91337231699234422)
 (-0.58275947482886847,1.22662372688223)
 (-0.50206674180186617,0.53852162459834341)
 (0.854523098802075,0.57124629485998246)
 (0.21812503021819712,0.17072565282657193)
 (0.042216095201361312,-0.28175664962097058)
 (0.32357166298239315,1.5525410534474919)
 (-0.27214140933257391,0.66614089861252568)
 (0.097283493688121156,0.037538722572951697)
 (0.21123921196096129,-0.65322240564794642)
 (-0.51527471537123948,-0.4354818263194884)
 (-1.2375504998340254,-0.41038877273609653)
 (-1.2647076284548489,0.74750767535916052)
 (-1.2038158678653974,-0.3566053439136313)
 (-0.11588609516070003,-0.8150289698239479)
 (-0.42044682063113803,-0.12985218996007522)
 (-0.51759488085900496,0.32954241812025364)
 (-0.62621902398864959,-0.26518751887985181)
 (-0.10306952615158568,-0.45504941718225811)
 (0.11743428146894413,-0.39221274602283757)
 (0.38116895856898358,-0.70401737608691761)
 (-0.60262531691626797,0.34306433875753461)
 (0.39635693299742736,0.68898768316410941)
 (-0.31533784053181668,0.31515940547765808)
 (-0.70124995096022591,0.43478795626675781)
 (-0.3358244566346556,-0.20631356868548961)
 (0.018646500175614367,0.68678558883898999)
 (-0.05996215454023357,0.37104808155881153)
 (1.2336065755984666,0.9245568807347474)
 (0.41323066649220891,0.038635148598672564)
 (-0.067249059851541282,-0.066860590915510082)
 (-0.61539885444080789,0.46271978113999357)
 (-1.0535045437011279,0.24805978623304692)
 (-0.62724663015895776,-0.42694035065847802)
 (-0.34899736268276776,-0.3311918327556404)
 (0.64651359724309465,0.92871718686154314)
 (0.70007881301943065,-0.048840843235334441)
 (0.17015032420975379,0.044962951635458617)
 (-0.72273505613974154,0.93822934914373868)
 (0.90541360052679065,-0.35551054774838275)
 (-0.652983814542208,0.17133231476644101)
 (0.026796084391208619,0.58696713642004084)
 (0.08147550997143943,0.35395331899894467)
 (0.17763972420278656,0.26489782335224576)
 (0.0020473755413219982,0.066905426816066066)
 (-0.81668769506251448,0.8364689900457597)
 (0.75334112443335577,0.15404332713890734)
 (-0.23155900970273363,0.57110531845358015)
 (0.57228862248081158,0.13392002262887606)
 (-0.045639096248947492,0.44240865317386169)
 (-0.80989509896338086,0.8682230560998494)
 (0.23145468796982394,1.5457342983992217)
 (0.22435740205050711,-0.36401049592009127)
 (0.7557670669632176,0.051942435474455984)
 (-0.44863413395856305,0.50277144948575991)
 (1.9134626934334686,0.84242358548124696)
 (-0.87002319639507752,0.39422721288114682)
 (1.1929870925121384,-0.26192611271398741)
 (1.2631358850345942,0.53072115344174176)
 (-0.3704636779717283,1.1043242828461584)
 (-0.30784116238978032,-0.42376994876650798)
 (-0.21845289827162251,-1.4199334868452769)
 (0.43135514720265283,1.1079873022083069)
 (0.011566806588250655,0.54986918444575816)
 (0.55431174675724226,-0.047477345925766967)
 (0.06973440829911802,0.20283985304063601)
