# Created by Octave 8.4.0, Thu Dec 11 09:47:21 2025 IST <gamana@Samsung>
# name: rician
# type: complex matrix
# rows: 1024
# columns: 1
 (-0.50247997444724346,-0.032370115047639952)
 (0.37301361767005903,1.2938285611738998)
 (-1.1441746872665972,-0.75018414438934689)
 (0.19879179429106164,-0.45682349066729411)
 (1.2686772708289635,0.67462680532092212)
 (0.66637217589483988,-0.73662082892269731)
 (-0.81541089476282025,-0.34589835123341567)
 (-0.48887783089737674,1.0533640231466159)
 (-0.94163277941774859,-0.65854944777639202)
 (-1.2963858999261959,1.116992734263025)
 (-0.30999261549557061,-0.42099026157562008)
 (-1.1216239891623618,-0.14565906898687797)
 (0.044570074324590349,-0.051763828103484073)
 (-0.53336411656370397,-0.26869797586686994)
 (0.62715821480589218,0.47020822554009928)
 (-0.033143846905836438,-0.48628682328497935)
 (-0.29072030087983669,-0.68056545978299865)
 (0.072682208531793052,0.57207856281210034)
 (1.0547555487056184,-0.33309789266995576)
 (-0.96263369136778509,-0.44315709282661397)
 (-0.47794408819159667,0.61114079474273197)
 (0.42681906053181806,-1.1009303810537141)
 (0.11814879553814867,0.38166654206009082)
 (0.24827998374370808,0.41869950474259443)
 (1.4284568295505142,0.17960403048071016)
 (0.13742684478519501,0.14719263485514739)
 (0.57314179302198354,0.61701837420200034)
 (-0.40696058586133793,-1.3584488647605701)
 (-0.40619260925353101,-0.63837099584652401)
 (0.45292113008968959,-0.7562946365372647)
 (-0.33680300955941367,0.36101033721464737)
 (0.82309201260644427,-0.090403986421062899)
 (0.68060797135514584,-0.59738609679017163)
 (0.064869494132531624,-0.84373067522546807)
 (0.41861221871676402,0.37408734595561799)
 (-0.15321255577807297,0.021766045856668789)
 (-0.97169518121382237,0.31363739687240955)
 (-0.36995118696620705,0.69614537319458103)
 (0.6759121326592934,0.55447916572360079)
 (0.058130215738113944,1.0059644416096125)
 (0.89565362974743412,-0.57258095349342819)
 (-0.92986179698341687,0.047137480939088372)
 (0.28057049817863233,0.65602507533897336)
 (-0.77096760856541913,-0.049800367612944485)
 (-0.45753656680838772,-0.63647340495517168)
 (0.85803916002499292,0.16965989090648226)
 (-0.76246660797552579,0.50343463255239929)
 (0.82787682736038204,-0.21085987083809593)
 (0.32570238557040188,-0.48578915392500255)
 (-0.42925435210097457,-0.95685153190948413)
 (-1.0705287485752144,0.2425264324812213)
 (-1.0950814188014022,-0.7476575627260299)
 (0.12769070814007411,-0.35116511618092183)
 (0.43029294542429214,0.67732999702759278)
 (0.42755028309261134,-0.59318834124156228)
 (-1.1133884532573473,-0.067800349249891423)
 (-0.38357618799486876,-1.1559326408424515)
 (-0.52287725718535283,0.89632733699208322)
 (-0.37860757377361443,0.79362270328760298)
 (-0.75827292866331664,-0.81981936449230008)
 (-0.4792685488519946,-0.60643947136498655)
 (0.48904103787686315,-0.62835287930608319)
 (-0.63762574676728667,-0.74142283681170673)
 (-1.0711936132617736,-0.24294626943901948)
 (0.51163135539526072,0.6095221461680298)
 (-1.4469365485706362,0.2787170527813827)
 (-0.8894170726898496,0.53916917814334253)
 (-0.81423775509892393,-0.66076023226714953)
 (-0.30555586834961784,1.1001821097395492)
 (-0.57218200934308006,-0.59039605017092089)
 (0.063178860448883767,1.1732570154313628)
 (-0.61468443778793658,0.4259751239545766)
 (0.2763250426161728,-0.42345625515084345)
 (-1.3895017247357504,0.39755676186766015)
 (1.0865988461781688,0.82021301140600311)
 (-0.73614674892276444,-0.29132596634071611)
 (0.35862919772201668,0.90242008641886229)
 (0.89271130547240363,-0.80396253323581135)
 (-1.364565702656849,-0.8705009024483138)
 (0.63269861243632508,0.9192964771381732)
 (-0.79049998884935235,-0.015678287489665266)
 (0.63945996636666824,0.14879614128736091)
 (-1.031709376351734,0.52726285801446815)
 (-0.59485320710464418,0.96303859806556114)
 (0.79361174831271131,0.51960758428528242)
 (0.78787953607804906,-0.0020822841377987067)
 (0.79117893848940801,-0.82763389891559214)
 (-0.46016296958586733,0.72398050534377267)
 (-0.33212384219744834,0.4447742964623887)
 (0.024783228443219701,-0.52279879398203166)
 (-0.8211749391850709,-1.1693008849745465)
 (-0.95405285239966975,-0.91975441463493846)
 (0.012281530307811261,1.0037329326446742)
 (-0.95258468358405701,-0.71337898228829411)
 (0.35822244413596055,0.45704770641886022)
 (-0.34488749501537708,0.68270306281293491)
 (0.30765352553691655,0.8238349959545086)
 (-0.39082737050688465,0.61905789381773768)
 (-0.41694562061634832,-0.16621849383959494)
 (-0.72243433361346998,-0.28063613307451263)
 (-0.94082692103426757,0.81596624244175764)
 (1.0155737113874796,0.50236485167714862)
 (-0.070240297209501978,-1.1265640938728791)
 (0.76534614039109772,1.1863016451106643)
 (0.64564045167594852,-0.18585076180553695)
 (0.35728307041178647,-0.30352279388512998)
 (0.25366088417729971,-0.17267682103665069)
 (0.26596425703669824,0.91590867863224501)
 (0.50746700284646729,-0.60957567715934557)
 (0.45034969173533479,0.80631482153317513)
 (0.76086638345482271,-0.47550094423339406)
 (0.041504434159467529,-0.65805676206624319)
 (-0.40379350509343914,0.68493182345108261)
 (0.5750946375494832,0.28883409076418931)
 (0.77381908326223892,-0.47195729766722483)
 (0.5127255232363539,-0.7924457687378712)
 (0.97672222600725822,1.4628522996709805)
 (1.3031472081580828,0.54612210257795157)
 (0.94491417380183174,0.68817850722936813)
 (0.27869547876726974,0.30233378423067869)
 (-0.41914039573855238,-0.2177517844566898)
 (-0.92642232012857084,-0.91106527851135488)
 (-0.40951820634278036,0.32575977202708972)
 (0.62242703488813611,-0.79920666191500345)
 (0.40937066649834153,0.33053822980392167)
 (-0.61993861304684228,1.2872414705246531)
 (0.31710238078000347,-0.917472424650152)
 (-0.58666727716782607,0.55611869513154111)
 (0.8089208366769467,0.63569075867297187)
 (-0.44197320429729675,-0.16183866830052179)
 (-0.16703268496887369,-0.52369323321439876)
 (0.583006123870913,-0.54999664801703285)
 (-0.76792709424304173,-0.59881015077474153)
 (-0.42576024491335634,0.1936117860061573)
 (-0.6746088084709716,0.20106336389413723)
 (-0.56728204542090477,0.010375696588129424)
 (0.94999991863820932,0.44981133430725656)
 (-0.20480218282757756,0.87295917575188187)
 (1.0981243058224881,-1.1170607045580256)
 (0.4811096877287398,-0.092562573087402289)
 (-0.2826050196236527,0.87410842169166836)
 (0.74474162133804023,0.37154171207839726)
 (0.63567246708410607,0.25925638570688747)
 (-0.66264757586236667,-0.083937016264664321)
 (0.2558744736390961,-0.1321107068308357)
 (-0.39401139274722974,1.1384931237324774)
 (-0.79533790427599715,1.3858679490570718)
 (0.0035460436333603629,-0.73038427661659533)
 (-0.83434477282877684,-0.75634370774328785)
 (0.51615373296582079,-0.88971002299991397)
 (-1.0901078537205071,0.68327253575588287)
 (0.41604022920536177,-0.3852903515650602)
 (0.81892607371346682,0.67560497651840079)
 (-1.1177544676603539,-0.77203948246791354)
 (-0.359289768783432,0.044680240802491888)
 (-1.3623492420881274,-0.48103198847479656)
 (1.0392673911141403,1.0259256906188639)
 (-0.34099582187079924,0.67391760669486767)
 (0.55772277776290036,-0.49817802188141558)
 (0.48159123866881814,-0.76716033782664028)
 (-0.44989890893563211,-1.3194595084830834)
 (-0.21849610991774482,-0.85010575642716824)
 (0.48672855317680258,0.73635959349680535)
 (-0.0094622034646304198,-0.44415145955945257)
 (0.50742227289021669,-0.84359118951328393)
 (-0.99850801663021405,-0.92215739532993335)
 (0.42204114616628718,-0.11339413092186568)
 (-0.75958003346416092,-0.60398881202752341)
 (1.0501464686984148,0.56669788589366377)
 (1.1483882394302003,-1.3507298556781278)
 (-1.1207733337790777,1.183124534281341)
 (-1.0847864883884908,-0.9526991568957377)
 (0.38070841780618436,0.63151836146689888)
 (0.25894829135596131,-0.5869258905007515)
 (-0.57526519868107673,0.56916727070412165)
 (1.0723839712295584,0.12468899437940106)
 (0.59429850602477807,0.33573244775468564)
 (0.61408996775320834,-0.85473041672362782)
 (0.40055310640275732,-0.078809882842971329)
 (-0.6245885022148211,0.53494896352277765)
