# Created by Octave 8.4.0, Thu Dec 11 09:47:21 2025 IST <gamana@Samsung>
# name: awgn20
# type: complex matrix
# rows: 1024
# columns: 1
 (0.57412159705864685,0.80667370851599873)
 (-0.61232237155557256,-0.65948180374413523)
 (0.7541657270994987,-0.62347414663236655)
 (-0.62541577530786285,0.73704455893869492)
 (-0.73918527174807169,0.69823097974007609)
 (0.72207837972514932,0.85271268090510699)
 (-0.81850001497982472,-0.78494707444378431)
 (-0.81111597159608595,0.6611467412828711)
 (-0.79277518162800764,-0.83059378987907784)
 (-0.73070373543953759,-0.65232210850763439)
 (0.83207138860393393,0.67206882506486687)
 (-0.8673845804765743,0.67061003458532886)
 (-0.74105357711238462,-0.72245550275927872)
 (0.74564462427813549,0.76025389686600853)
 (-0.63978787104701307,0.80198812243382767)
 (0.67788746720698023,0.68079444946166223)
 (0.67914718462933299,-0.79693282056260084)
 (0.82425463089446416,-0.60424421288150398)
 (-0.79546313263678181,0.92972068391422535)
 (0.66824093998899903,0.68708448961845103)
 (0.73300671853911414,-0.61736564305729869)
 (-0.75080318636637811,-0.66437818245346059)
 (0.62920426664385776,-0.70997719946314963)
 (0.65034464760681798,0.65834319235430949)
 (-0.6467949780206802,0.80807747176827471)
 (-0.63061233207008727,0.71864540531705579)
 (-0.67622168396965232,-0.75140932890866752)
 (0.7335837621263599,0.65994265347543013)
 (-0.67483886339936816,0.78332351659092714)
 (-0.64688468552463851,0.78304480686149525)
 (-0.76916487454501437,0.80288512871674811)
 (-0.67266037563514902,0.75677726327188433)
 (0.74644353237100747,0.75710538765974145)
 (-0.57992270586175176,0.60119946392338786)
 (0.68032445228043958,0.65717661602315858)
 (-0.70345340832710612,0.56249114557781554)
 (-0.75781252863621684,0.64702976263643186)
 (0.74758076541648044,-0.5425255114636065)
 (0.76808323444403792,0.76857724917363601)
 (-0.818894951368209,-0.67938678329155011)
 (-0.75731347656281089,0.69571774500867534)
 (-0.60206370484064609,0.76090981820655845)
 (0.64742705784918941,-0.63936162285838727)
 (0.75937175752197861,0.69251462899822069)
 (-0.68363526716854583,-0.68830144474418231)
 (0.77692064873702815,-0.72486139555032547)
 (0.63040952379955995,-0.72255260805689359)
 (0.87805423536093574,0.83042317123207099)
 (0.75052027054829518,0.65385763022801058)
 (0.76981007724763195,-0.85927952753973214)
 (-0.62503883117780901,-0.73362824752965772)
 (-0.60954940882454989,0.73148157149265924)
 (-0.77216595235881536,-0.69450654765299258)
 (-0.72416327534128644,0.66790469475101788)
 (0.76415672640024812,-0.76500333612337201)
 (0.66669876689508256,0.74224647549836553)
 (-0.57573693438533113,-0.77577227090460721)
 (0.69491951806438512,0.78177695184197971)
 (0.5810330248760387,-0.72793791541723052)
 (-0.69638890267483156,0.62980441651723973)
 (-0.70753452890697865,0.70009378945547984)
 (-0.54490338446682174,0.68391580778713013)
 (0.73510561517746131,0.66603670251245439)
 (-0.78593245518282706,0.70729349899799954)
 (-0.80874577195935704,-0.86334682790782469)
 (-0.61708768791513702,0.78405546154401284)
 (0.74739737279034357,-0.63823564036321234)
 (0.7522453554510331,0.6372327678423807)
 (-0.80433894957059937,-0.69367021560197506)
 (0.56072024890589778,-0.76551108912645072)
 (0.68940074708095433,0.68184846586461578)
 (-0.78887629424544803,-0.62550277454793823)
 (0.81210388150408108,0.62764483572491536)
 (-0.71609866726532956,-0.70035897377934342)
 (0.78923722003101537,0.64415631346773539)
 (-0.75470553765649262,0.72971209649031599)
 (-0.75080869171803855,0.72246399627416358)
 (-0.73950968647712878,0.73768210263160572)
 (0.66124071733927348,0.79663454054019622)
 (-0.74383867165775153,0.76454102623514142)
 (-0.74752790912149214,-0.65580642379801291)
 (0.71023881880760464,-0.65590878508290362)
 (0.85449359829749993,0.79862895800541223)
 (0.70417379775697031,0.75770500008783059)
 (-0.73534799960854536,0.69380088001285534)
 (0.62765671050847927,0.68650007592801554)
 (0.58186745043873112,0.71183110281070472)
 (0.72353933651546076,0.81576230865016897)
 (-0.77215848703323409,-0.73651580782115844)
 (0.56148877721073764,0.69811700733124238)
 (0.67898158251798746,-0.61181306499925936)
 (-0.71645281350432033,0.79604086025082565)
 (-0.7858991171295916,0.72922327947562127)
 (-0.47837148814167468,0.7781085766679966)
 (0.74660406242899935,0.61528884349355217)
 (0.66095413710365714,0.7259841563395234)
 (-0.7298167069079845,0.80277209861389054)
 (-0.59291438872900148,-0.62512523395196995)
 (-0.82131845026264627,0.6911362204545356)
 (-0.71248388498159265,-0.82510202094373108)
 (0.71123774416474417,0.67892532508888592)
 (-0.68474921416446843,0.73034323504509935)
 (-0.79853751342862944,-0.61335537925992401)
 (0.85015567691831873,-0.67173196746903863)
 (0.54010217955774165,-0.65909355814893822)
 (-0.72704349204830176,-0.70575995111971224)
 (-0.64193381313192854,0.6696616289166395)
 (0.76315709664832188,-0.61742773526031025)
 (-0.63718697240384292,0.84516468242601162)
 (0.74595594221063499,-0.75454979887299756)
 (-0.70608228427643527,0.68595899286727502)
 (-0.57014041357663559,-0.7714029402776017)
 (0.72330686522756849,-0.72679428049618866)
 (0.67662887338918021,-0.81406043923291338)
 (-0.75105073774022157,0.65033588632616868)
 (0.70763233352676269,-0.73844708077515553)
 (-0.71024233986214069,0.70534764788721194)
 (-0.63602567736270688,0.63858912881310337)
 (0.62194853667853378,0.73172679528027307)
 (-0.6549521341102631,0.79185096987784787)
 (-0.68962311982153179,-0.63580924204378075)
 (-0.69678457273592953,0.58720162664242581)
 (-0.75592186449735521,-0.68715811208286515)
 (-0.70086987054772831,-0.77566501061344151)
 (0.72918748902863184,0.68609345714817105)
 (-0.75983116235338022,-0.65980321973795275)
 (0.70323519126522183,-0.79011437814872332)
 (-0.65798678931492305,-0.73717254761628948)
 (0.72185097898937201,-0.71781716201163071)
 (-0.73639049545749602,-0.61857209115356138)
 (0.85426960355576065,0.77246963213251163)
 (0.63481059796211448,-0.73833236407270286)
 (0.78550693234707913,0.72144913675043265)
 (-0.6743614887177618,0.86422569901359769)
 (0.75782821351959206,0.69916020012903601)
 (-0.63876049323939599,-0.79426614956151331)
 (0.82147874137613242,-0.63101908253066463)
 (-0.77686234726557102,-0.60807104329065809)
 (0.74830185101286506,-0.73992238431697976)
 (0.7831516395800604,-0.67976045047358347)
 (-0.73749333357796687,0.82173292056578628)
 (-0.63202980762558292,-0.7507811833511937)
 (0.65364001433591634,0.72943180155783593)
 (0.69517054597118499,0.7846712095583579)
 (0.72743174306563119,0.77561701820508433)
 (-0.73017233830681794,-0.75469916167988338)
 (-0.70416570900746511,-0.63713498727303763)
 (-0.71637014137578436,0.80538707822588362)
 (0.71666974450181997,-0.74750201646207837)
 (0.59743396373407298,-0.74886937392531527)
 (0.61073668145484883,-0.71344535016355237)
 (0.66563715194528772,-0.74335239215379278)
 (-0.72881461705156425,-0.70616644737788081)
 (-0.65974431695354252,-0.79571859770006947)
 (-0.678958492180328,-0.65640087287950122)
 (-0.59734884769622387,0.61637100001824363)
 (-0.73438192438464112,-0.69867007235886747)
 (-0.8008447306252956,0.73924958916074957)
 (0.86663532243247254,0.80242701208759737)
 (0.76011320940336091,0.65475698102581237)
 (0.82061569530787593,-0.61691597985535918)
 (0.74818921596150767,-0.74224166349996412)
 (0.7086240840385909,0.73187919201980878)
 (-0.76349396058529184,0.5598616774864893)
 (0.74728505630664555,-0.77986725094086695)
 (0.57411653710146393,0.62857643489725645)
 (-0.8288676973426824,0.67775711200163324)
 (-0.67480858277810607,0.63625387397142719)
 (0.63993569798602301,0.69514234349906312)
 (0.81217174937133285,-0.59777882168344232)
 (0.6834883608687341,-0.78477708445572114)
 (-0.79339004686167014,-0.66823095564806023)
 (-0.63726512799047885,0.74111323916872451)
 (0.72290800584506676,0.63799845973674785)
 (-0.68671321580107969,0.80782785000042256)
 (-0.75392877936324065,0.63339259007172322)
 (-0.66197633495861041,0.58732794230604535)
 (0.66568181325052156,-0.69569492336773642)
 (-0.59251425952980841,0.76878626630693714)
