# Created by Octave 8.4.0, Thu Dec 11 09:47:21 2025 IST <gamana@Samsung>
# name: rician
# type: complex matrix
# rows: 1024
# columns: 1
 (1.3178000676237085,-0.012671599265878908)
 (0.62083448504696415,-0.67607334247506767)
 (0.80977193405842773,0.8175943453322021)
 (0.56172263229022268,1.5048829651569922)
 (0.0096453858160719386,-0.9849680253640769)
 (-1.0510327701183564,0.78881832564875631)
 (0.87355956934527157,-0.31932580946439421)
 (0.47598926731548941,-1.2533402907523397)
 (0.52899495515016792,1.1314945732016288)
 (0.18336313752984523,0.110702493975469)
 (1.3348546862997606,0.46825694214073166)
 (-0.19397284194055792,-0.67492936783405089)
 (1.1045455523637089,0.78746016684963127)
 (0.4816852456186031,-1.2686005921439962)
 (0.5280676775685047,0.72145962375567674)
 (-0.58114141865997682,-0.47839335368382141)
 (-1.1451778057377244,0.59860709219276464)
 (0.9579208919823311,0.3644276882846379)
 (0.30984604769095941,0.81257652201451691)
 (-0.93618544428156403,0.92297991776723975)
 (0.63607753073150486,0.80341464516243877)
 (-0.98377254552172666,0.73035407336683023)
 (0.55124212909481396,0.40946496654716164)
 (-0.64196044553110565,0.53556824034694661)
 (-0.19353916371404822,0.72882568032472006)
 (-1.2846421945911155,-0.076577322229764211)
 (-0.58339423945484792,0.3356947785774142)
 (0.28835018602335377,1.0820829495013671)
 (1.3999324136135587,-0.80871408714915427)
 (-0.084386730831365969,0.41980336661919948)
 (1.0076602072788092,0.48225493261715657)
 (0.43251529453263415,0.20894821769536887)
 (0.30856142546720255,-1.0048042072784642)
 (-0.38065369253869874,-0.64969790423857732)
 (-0.77420146182245664,0.44979776681093359)
 (-0.20814731804938641,0.1211034024266231)
 (-0.32583266782991921,-0.43693702153920239)
 (0.27215596573216366,-1.0157187462232389)
 (0.094742510552501741,0.2090562590075061)
 (0.58862154188403415,-0.6288129901924906)
 (-1.1201457448240251,0.12955583071755605)
 (0.61246546650710787,0.36287700088525532)
 (0.69664987220428798,0.51222135933483703)
 (-0.41694334829180496,-1.04858589490752)
 (0.12443808196796102,1.7176589338368853)
 (0.04788131344062968,-0.24057089880700083)
 (-0.30299083831963725,-0.1052519288647365)
 (1.0685883989133393,-0.60752874568194803)
 (-0.96914192612130423,0.97173612451126423)
 (-0.82761765854722524,-0.93313384821607959)
 (0.89658900142702347,1.2875037455842309)
 (-0.44182434683488758,-0.46013775671589452)
 (0.11797678705094752,0.39749724243044005)
 (-1.194674500728099,-0.051934382719997618)
 (-0.30503844355429377,0.6340599264492367)
 (0.74581478791053912,-0.3520618267397041)
 (-0.98634006021058984,0.23084042287658141)
 (0.94452804116426203,1.1489307572884673)
 (0.10908354705540457,-0.38752460321715321)
 (-0.49809715035278634,-0.6649247522471341)
 (-0.48415250238619656,0.92681346363919292)
 (-0.70113875212201293,-0.5287612574425371)
 (0.01283162026928622,-0.37255403654256147)
 (-0.59026255567619201,-0.74570385553903495)
 (0.66823801827341833,-0.80564719929769313)
 (0.87130530487247748,-0.23543754888790502)
 (0.54025936935621355,-0.73172318023589977)
 (-0.30901704187960488,0.71688750070310114)
 (-1.2141048698774264,-0.6425884025148777)
 (-0.14728835144249625,-0.69468430849655216)
 (-0.0068375317303702721,0.66182195638414509)
 (-0.33371148088567865,-0.28317941568584953)
 (0.061410754928528655,1.0919426929519203)
 (-0.55593863015886325,0.39000328342843704)
 (-0.27046172610275276,1.0288268008817205)
 (-0.55297679069596839,0.94974781370637729)
 (0.84699399698930644,-0.15207583267129787)
 (-0.40642880532794629,-0.87346214017701218)
 (-0.64959709938725352,0.6670261421091972)
 (0.35522691141274448,0.93446637626696849)
 (-0.54551885559594349,-0.61842146224205663)
 (0.92251283800974981,0.70756731489702118)
 (-0.69289117118214338,0.0031122936186105399)
 (-0.1818565116627204,-0.43866193960697253)
 (-0.69368091467783088,-0.49804109105422173)
 (0.78389788489120305,-0.19843541765477163)
 (0.76596661089732965,0.50201690167043178)
 (0.39467844383347628,-0.84799349901511634)
 (0.30738355112546795,-0.42778974723173741)
 (-0.26100771537077483,-0.69446115470116265)
 (-0.71466357474498754,1.1770307614295159)
 (-0.068597198352430472,-0.36013551734765126)
 (1.0020101172909246,-1.549674600844088)
 (-0.97439676846210865,-0.19205341450034902)
 (-0.017861134521551039,-0.17394638276270452)
 (-0.99658434118497141,-1.3578635265258356)
 (0.62285951041650656,-0.2319402413700262)
 (0.43832777919550053,-0.84539418678195499)
 (0.98410541439010069,0.33968707032777035)
 (-0.9975157963800142,-0.45698295675528666)
 (0.51604104315888433,0.47766673932252446)
 (0.62464884407333354,0.4390720323752218)
 (-0.099171895558641809,1.1546778686980401)
 (0.40642776456117313,-0.42134072244394349)
 (0.37332968517249543,0.77326403245707453)
 (-0.88241565734976846,0.76665532646904244)
 (0.041173650693484332,0.26877930180218496)
 (0.35185220179334209,1.1472154459438544)
 (-0.92013997719523388,0.68613836941825057)
 (0.5838556990367143,-1.0671995305545603)
 (0.32718064122898005,0.37877081378081667)
 (0.7357554590868951,0.10366924325997867)
 (-0.59496587474758533,-0.47398837205136546)
 (0.46975491567322902,0.025202644303644134)
 (0.75366774002368808,0.96138929544323981)
 (-1.0142959548960457,-0.60232249617155242)
 (-0.11564230721059315,0.83409040255354383)
 (0.4808213893426167,-0.33547968507668952)
 (0.61067982877684179,-0.90874112256416573)
 (-0.97709555160378725,0.27977159211256863)
 (0.46739219883827743,1.5675787791069833)
 (-0.16521493640059973,0.60804722338128647)
 (-0.6706640610844683,0.10994988186488808)
 (-0.18644937384411453,1.484120324542114)
 (0.57187941285155297,-0.5018495387145574)
 (0.65645157425027345,-0.0048634980256578864)
 (0.97358589820317787,0.85346025623357746)
 (-0.16018826937116987,0.68530428173042801)
 (-0.66358056773357288,-0.93428081853034417)
 (0.49738296197462045,0.468330479901306)
 (0.98016957532325477,-0.68125331678731949)
 (1.0493060314769413,0.073913526526681539)
 (-0.42489383050296203,0.95800072945859249)
 (-0.67051221834927444,-1.2808187818997137)
 (1.0640458072666146,0.31926627535121899)
 (0.7189758354692416,-1.0404349582472903)
 (0.82676868595649955,-1.5882012043617548)
 (0.63947086151677335,1.2937056795705937)
 (0.67806131636695011,0.54834752399254538)
 (0.31132854293145024,1.1945895848922152)
 (-0.74549260362161585,-1.5586104305648067)
 (0.96568669527865325,-0.42332780865021957)
 (-0.81799080104636124,-0.54907058691009047)
 (0.58210562647224506,0.37561531967130707)
 (0.75987445128250353,-0.86020922800298516)
 (1.0288916033145721,0.62904246967589228)
 (-0.55284683091624165,0.1555370121580453)
 (0.89512769518497315,-0.21716571460920459)
 (0.13883131111402799,-0.38006157521136619)
 (1.0582758649497557,1.0139263626389157)
 (0.71351312033906999,-0.25343222461991499)
 (-0.64236531010498177,-0.099723386782360646)
 (1.0987286644422898,1.295333855273985)
 (0.36060261836564961,0.35605310986801347)
 (0.022940645390978898,-0.75996535706545409)
 (-0.81905297996078441,-0.44115679314860401)
 (-0.96997132223553995,0.10658713485145904)
 (0.49805504116528526,-0.73083861179992904)
 (0.39181240186068622,0.68555091696029946)
 (0.89420550062334536,0.20752321180907218)
 (0.79441179200861267,-1.0677832911795169)
 (-0.58850142882905931,0.58998679421364786)
 (0.82354689366301936,0.52536513898775261)
 (0.15034540819189024,-1.2080216087324651)
 (-0.76159428796925144,1.0779690515349254)
 (0.40510140660541916,-0.71494533663337501)
 (0.75813339894834075,-0.62725841692589146)
 (0.60322645603682767,-0.27132187046312445)
 (-1.2534583824833647,0.39618213357774212)
 (-0.89013378381659825,0.88631365928979544)
 (0.48081581449490152,-0.66521586384191544)
 (0.17478498822780303,-1.114564874812221)
 (-0.58515189537931667,-0.63052588739578774)
 (-0.63351821666441643,-0.26505862905773175)
 (0.12307153427825662,0.54590989932534439)
 (0.78296906388254528,0.20000009246052136)
 (0.86413013511747649,0.67060010860694497)
 (-0.40377615372760151,0.51118786790441972)
 (0.043035942871183633,-0.033431128949210007)
 (-0.5877421475198793,-1.0218776907652911)
