# Created by Octave 8.4.0, Thu Dec 11 09:47:21 2025 IST <gamana@Samsung>
# name: rician
# type: complex matrix
# rows: 1024
# columns: 1
 (0.30049440869128552,-0.53203939075760709)
 (-1.1326099282272071,-0.39186298241887152)
 (-0.91097975127383912,-0.076401737966395933)
 (0.8597322765424632,-0.076379186932386656)
 (0.08933362189346486,-0.23942751268128101)
 (-0.517055600661389,0.77237795643443874)
 (-0.7101002658981298,0.48360235167197352)
 (-0.067161135544898221,-1.0706287873207139)
 (0.91485342099542188,-0.56030235465894662)
 (-0.70446715389617642,0.58905967529879555)
 (0.15666223470098781,0.37977480603286751)
 (0.36802254691424335,0.88856908782846977)
 (0.28811329037994116,0.66677471370105246)
 (0.31970166222307173,-0.51820541244524621)
 (-0.48562960829183099,-0.54307909771213736)
 (0.27465248655960572,0.68186176634303686)
 (0.22343648868726507,1.1415418717898937)
 (0.43713490085663043,0.74682602763544426)
 (0.70733088332050142,-0.073777491835787579)
 (-0.9480622910768256,0.90177601996366874)
 (0.86065800369750867,-0.011511328091328543)
 (-0.1366985816498153,-0.57342697468795312)
 (0.95301599635175416,-1.0294848471717921)
 (0.040843038356652178,-0.17878150849896726)
 (-1.3679784782402962,0.24222016112060796)
 (0.56543418660330991,-0.74509638973655146)
 (1.4849536328398003,1.6029229313572484)
 (0.67103348407511243,-0.13510614191140125)
 (-0.57242360554648386,0.91388803557299048)
 (1.0248391738720062,-0.017244168274863525)
 (0.78093289844268698,0.66222660629902486)
 (-0.26642235611575937,-0.77512042963547756)
 (0.64036787277048379,0.73316128272814707)
 (0.67422369770030022,0.55162452527166694)
 (-0.18979713317693203,1.2620017937643877)
 (0.7239654932674614,-1.2668965666755749)
 (-0.060778658186035506,0.79179807482668152)
 (-0.18138143456353778,-0.92849583548723147)
 (1.2901302785293325,0.93286864840055506)
 (-0.1564645525231485,0.046546060773060192)
 (0.73807666474819911,-1.0107363365389612)
 (-0.96152907808601085,-0.74396685924724504)
 (0.63606659182516856,0.70571998115258749)
 (0.30956452415763447,0.3177944652998852)
 (0.1820367339693818,-1.0741355553115495)
 (0.50155081143813196,-0.6506727291832064)
 (-0.43501693979946099,-0.59711330703106968)
 (-0.80202139772330183,0.70756998092684154)
 (-0.69432692925718698,-0.90276563628878992)
 (0.5628113922578647,-0.70231939169812574)
 (-0.29858579644506966,1.0025813096138259)
 (-0.55205156637775277,0.18911072085479286)
 (0.72278705229812412,0.67925067145694573)
 (-0.99849907913818314,-0.53392063189700889)
 (0.77106340889035008,-0.64992066696620099)
 (1.2160050306237513,0.71810342773016922)
 (-0.36392830351882977,0.39060463505230492)
 (-0.56949951237735519,-1.1019727141551547)
 (0.20553684469175149,-0.96133260146813748)
 (0.9068000056642479,0.94356161778941294)
 (-0.55466757544287393,-0.56675123289308005)
 (0.93555461824390496,0.67157469238285694)
 (-0.73402243651974397,1.1000230935883577)
 (-0.75441366644513197,-0.59536356482819452)
 (-0.87781766560257724,0.77219878766958494)
 (0.65529294022032314,-0.63327531155223382)
 (0.12516346688672558,-0.72687060198501641)
 (-0.74432822852680758,0.68067009098192388)
 (0.19814629662353045,-0.04131557841222265)
 (-0.28745601550802158,0.57404687452695147)
 (0.39451305638009332,0.81760156781240423)
 (1.1311817587863657,-0.53947770356091951)
 (0.29805943921240674,0.71761801858914098)
 (0.84285881077531988,-0.36497876125348228)
 (-0.70101401552200326,-1.1552393577600222)
 (-0.3303446888711441,0.48822212132297904)
 (-0.37594177007858243,-0.15363302651663013)
 (-0.18786543199059785,-0.91542944440240359)
 (1.192785533133297,0.27697108238588442)
 (0.68025684897549632,0.41412583027285632)
 (0.58668393931669571,-1.0109931190758852)
 (0.53556768818691458,0.56573054913643184)
 (0.92844529970897727,-0.27526958403666313)
 (0.5893434581191701,0.75061962889507905)
 (-0.57266637962538025,0.15639907550129065)
 (-0.19549308908544227,0.78169747901857001)
 (0.78131612460157551,-0.64753948223924673)
 (1.094855881633835,1.0542260089417577)
 (-0.58293672794052098,0.19832036247749582)
 (1.0430828057308568,-0.1216242590883041)
 (1.1254309855002367,0.87235762494837943)
 (0.43602594304613923,-0.53779519852046254)
 (-0.6999966962555404,-0.48634831119761146)
 (-0.65180388363319663,0.78664882572943673)
 (0.61510238630708935,0.44878601071895197)
 (-0.16048048842019985,-0.7752597262742118)
 (-0.85622277009929615,0.67877763564037208)
 (-0.44454799907102149,-0.37391059526264703)
 (-0.28263197648791838,1.519052370361238)
 (-0.11015605132259118,0.29256819604646278)
 (0.29565469392388477,-0.50926527587624137)
 (0.48494865009237015,-1.0994129823764218)
 (-0.7856233997952915,0.67865420663509113)
 (-1.3190126060758463,0.70413355541984579)
 (0.6446141133373483,-0.48908422124414919)
 (0.92732567721585468,0.70463716448829317)
 (-0.61468514905346694,0.82809863022720875)
 (-0.39206957253624181,0.3964124431224359)
 (0.96016157194097806,1.3526502131571598)
 (0.60482137009974324,-0.64927694302151562)
 (-0.28707244053328451,-0.48042066843491038)
 (-0.54306146237931807,-0.53359412796825823)
 (0.27224170040420242,1.1559897464915156)
 (0.21528941602724727,0.80473048802721936)
 (-0.80494083329853228,-1.0592594429642919)
 (0.46284125771491286,0.74393329276757636)
 (0.42129285295621788,0.14393124745461724)
 (0.45323763123201316,0.64136060145813367)
 (0.43476909030491784,-0.94224608789294362)
 (-0.54811612390506481,0.7393317731540866)
 (-0.90503602766790625,0.36975940602231805)
 (1.2029857138346376,-0.1834775954972917)
 (-0.68496844207138885,-0.70708343515747929)
 (0.82074882974121022,-0.30836628933168658)
 (-1.2257928536772917,-0.45590026190249605)
 (0.90936228977066302,0.48651692431251919)
 (0.74880344192686255,0.30476060175473912)
 (-0.80681805548912389,0.58680748444285691)
 (-0.262700949583069,-0.066758484293812578)
 (-0.25316018799367357,0.86454504934221066)
 (0.20175153562501835,0.49229680610276305)
 (-0.048895696189203142,-0.83689424135907831)
 (1.1608213723448082,0.55886000747208275)
 (-0.77811628699322788,-1.0213421626146988)
 (-1.2094869919782996,1.0868841553666795)
 (-0.28025919392686127,-0.00083366785421437606)
 (-0.74483104238883435,-0.67294408787746274)
 (-0.84169642679313672,0.8076626463937101)
 (-0.32684473271933506,-0.60664395263879101)
 (-0.73003388525555157,-0.76088333038114697)
 (-0.63380516428823419,-0.87753470950289658)
 (-1.268744107926391,-0.20218957063611076)
 (0.32572484398370261,-0.70890638422626351)
 (1.0918615915845564,0.16556812028803924)
 (0.66566774358250358,0.25353969980698643)
 (0.48708913192413078,-1.0008946919308273)
 (0.86762368873512707,0.89810445656250149)
 (-0.051539852058092278,-0.48778328443968211)
 (0.48143582679300895,-1.1650821607902231)
 (0.38497259543263862,0.096931056093184614)
 (0.017490042546876194,-0.47559510396205124)
 (-0.51361838053506947,-0.51543378706844722)
 (0.9160892482943519,-0.51735628539550516)
 (-1.2203509766234104,0.5844300587527621)
 (-0.15712622572570012,0.2026376801227539)
 (-0.1023611205585423,1.2217197202116874)
 (0.5237916523994437,0.0064882377402815661)
 (-0.059154732633077897,0.28099930469291201)
 (-1.2020629102330167,-0.3478791667335932)
 (-0.20320328674668611,-0.63544759152060326)
 (0.57822872759761823,-0.88354995394924296)
 (-0.43005696946885408,0.14337769410563964)
 (-0.9944856090307741,-0.21313764564442295)
 (1.0363674707183201,0.63872174283103222)
 (0.60806172404955394,0.5128253731606004)
 (-0.49221694059837956,-0.32231383636285088)
 (0.56604038068857898,-1.1139005013724228)
 (-0.86241306563420783,0.63235433564040278)
 (1.0530048329358841,1.0280341635451513)
 (0.075102732679504625,0.92818355472924008)
 (-0.49000337996598481,-0.43107051001477309)
 (0.65799914019062156,-0.62367563961555406)
 (-0.34014080165278199,0.33783117881078045)
 (1.2050484827580925,0.26129683188896208)
 (-0.56077236226025107,0.87098931101866406)
 (-0.60066117085929682,-1.3026951117180898)
 (1.210117757049143,0.41600417988760996)
 (-0.82334620533325475,-0.10792688520175736)
 (-0.6628991787327454,0.81777267440412116)
 (0.15114016908204481,-0.48447127251995042)
