# Created by Octave 8.4.0, Thu Dec 11 09:47:21 2025 IST <gamana@Samsung>
# name: rician
# type: complex matrix
# rows: 1024
# columns: 1
 (-0.36640433179212284,0.18019943953984316)
 (0.91218306153459427,-0.17950807994492957)
 (-0.14730601054188197,0.036743565065286192)
 (-1.1552410504699908,-0.25844858152503619)
 (-0.10433234797078073,1.1623593593639678)
 (-0.89609587005803193,-0.97556981815605281)
 (1.5686495609177507,-0.19320962987176993)
 (-0.77050946153345712,1.4417614180851441)
 (-0.67181709010797841,0.78112560584591051)
 (0.68412988955455312,1.0918832205292264)
 (-0.071079594852612393,0.59233200097683181)
 (0.26417026973151225,0.76971348047137345)
 (-0.71307343475689833,-0.92155583906288863)
 (1.287925643869045,-0.70128941709215864)
 (0.56114538346182796,-0.39950068128145999)
 (0.67887418585845238,-0.81158506212628923)
 (-1.0029993290496251,-0.10132308216550207)
 (0.6506071062185883,0.83715009890348635)
 (-1.0994511513310625,0.49212184721765745)
 (0.94484609731461955,-0.42098834444620437)
 (-0.85666694757840145,-1.0191728765407078)
 (0.41004240632262218,-0.99640229191486118)
 (-0.23582034676536692,0.28668072323716154)
 (0.085227336092679795,0.69758712780331522)
 (0.8389944776060303,0.58109762634006201)
 (0.79963801120314493,-0.49801815132605598)
 (0.37759302304822062,-0.71565850022989974)
 (-0.58341318897878236,-0.59820909741575812)
 (0.81070590478542515,0.8060416664623723)
 (0.64179302954015727,0.49678492845657174)
 (0.22583777776890604,-0.49052020446399847)
 (0.4079502559980776,-1.11644257031667)
 (0.85025443162410252,-0.42638395686702624)
 (1.3667669754639415,0.28152638889118964)
 (-0.8640706206571187,-0.16798069422837081)
 (0.47064936463851781,0.46677883101087458)
 (0.83430075420715322,0.74653863918355956)
 (0.38581637104400845,0.13033173259103284)
 (0.056969190465519431,0.54657410605634416)
 (0.42250272328834765,-0.44918277042915117)
 (-0.63587452496418628,-0.10367083779518038)
 (-0.44779102022367157,-0.55109730907460919)
 (-0.38481348101061547,0.46513305697691126)
 (0.59804596977998958,-0.44696504331057607)
 (-0.55189601931778665,-0.30219725033995715)
 (-0.45466200542784319,-0.2181343108195738)
 (-0.78510279842930497,-0.32868754569999614)
 (-0.4428478216276423,-0.94455434598244592)
 (0.33075481190998746,0.45629172252522765)
 (0.33294382505374298,-0.66158363628306982)
 (0.067939769392648258,0.028447196918006328)
 (-0.3474584769859389,-0.11670069730985499)
 (0.64147431498011143,-0.36139436595961305)
 (-0.88249225802684295,-0.98425621979523858)
 (-0.52241109636849337,0.67808598319834479)
 (1.2016848908404103,-0.71337149477099682)
 (0.012329172557783305,-0.18084586188361723)
 (1.1556516174814653,0.011578810172298559)
 (-0.7829783044888573,0.8285648944796723)
 (0.46900940586188322,-1.0059115068916193)
 (0.035329808958039194,-0.21413093857449778)
 (0.60531833561406811,-0.73615019635722789)
 (0.58374733239492027,0.61467843728671112)
 (-0.84825054038565373,-0.47275289945320093)
 (-0.5644352969273656,-0.39109076791345831)
 (0.83262227193819149,-0.29789324410843698)
 (0.435986747979278,-0.405779293792288)
 (-0.35392776348296839,-0.64799508619985036)
 (0.68499812603609467,-0.37403765129429045)
 (1.3174107118655276,0.12199205781050948)
 (0.80419647300693953,0.23671760621079835)
 (0.22444694607492077,1.4450258235452045)
 (-1.2127495345563388,0.21126614346620975)
 (0.016347708944535466,-0.54311143930510797)
 (-0.96180915038576875,0.65882539788547134)
 (0.33044093611020126,0.88817474097881588)
 (-0.77740436932866275,0.461885970672822)
 (-0.94392911450486594,0.8346761815182423)
 (0.37434362616088174,1.0629444157576051)
 (1.4409183776159189,0.022980404824239353)
 (0.34049353081149936,0.057963708547816351)
 (-0.69059087991284784,-0.38981683458573635)
 (0.88305513516987633,-0.35252794900533529)
 (-0.69200465036238745,-0.80215838722487687)
 (1.077095101278623,0.0082626553092446375)
 (-1.0633255761807352,-0.29993832256565911)
 (-0.67148764534259997,-0.35906587937963885)
 (-0.50619569306489143,-0.64805158988012646)
 (0.52253962449744207,0.35549402162185822)
 (1.1730680721277622,-0.10433037320587146)
 (0.0013512242189263057,0.53338991805728631)
 (0.08136547899603673,0.28040624919951651)
 (0.96326641048305128,-0.47811832809126709)
 (-0.29227057866791661,0.43286718704290505)
 (0.24046791354942876,-0.051060724403685753)
 (-0.93299990958812973,1.4287887569215114)
 (0.38507470731084525,-0.033252511211803226)
 (-0.49124730769228331,0.81446777019208805)
 (-0.57138364875601955,0.53425830027270593)
 (-0.26979623353916071,-0.15023769403881049)
 (0.15863148437118144,-0.49683501807943797)
 (-0.36077655049690138,0.80133635643052004)
 (0.90997937343730884,-0.53696829694239223)
 (-0.91684480902774379,-0.56795652641594441)
 (0.77118173955387681,-0.71823466880370745)
 (0.54464660156382338,-1.2116313494652473)
 (0.55952274570701444,0.64007370979449973)
 (-0.55651023547480738,0.13967860297638526)
 (-0.7731975387105684,1.1488179338347659)
 (0.74331368551608357,0.94020461880132955)
 (0.80746086258540584,0.52462119862844947)
 (0.19573915394983349,-0.94080577206658522)
 (-0.18841039663974937,-0.51827358194216622)
 (-0.31283560102039376,-1.8508227045664571)
 (0.38730967761954804,0.30971530826159877)
 (-0.53375668072309712,-0.98691365419607613)
 (-0.94952161682557268,0.48133014060692769)
 (0.47753336565021454,-0.61378065132306836)
 (0.77968402096441392,-0.77669787414942537)
 (-0.58850607414009226,-1.0572225526785086)
 (1.5336320375858845,0.27537527751099222)
 (-0.73151444707875724,-0.011598846126124163)
 (-0.43974362222799718,0.10804704625790024)
 (-0.6691060653262263,0.25647509320105855)
 (0.86115580090065547,0.42228372918418611)
 (0.71548558261556838,-0.54672569010081062)
 (-1.0340315262330955,-0.25731028499887298)
 (0.9354121853471129,-1.2393355258075733)
 (-0.55574426461484117,0.66599729465050106)
 (-0.50967485389884915,1.332682483775095)
 (-1.3221062018227236,0.5135759876062379)
 (-0.85671495234310824,-0.0014561013249940746)
 (-1.0560891302752518,-1.1793975625433164)
 (-1.0541072180760356,1.256844887560348)
 (-0.39152969925617898,-0.045241990246860209)
 (0.78026473302576072,-0.84880402159578627)
 (-0.4902151118665708,0.544457674736325)
 (0.50427273586367927,-0.50951048154506917)
 (-0.37003192031325105,-0.97655794249370087)
 (-1.3156862258673447,0.76502458689981845)
 (-0.5230922726758791,0.64889194201215994)
 (-0.65525119235879958,0.17303714743863463)
 (-0.91935623290954238,-0.27740595313522681)
 (-0.5574632324068427,0.70326601761473428)
 (1.115523276097941,-0.15228627268873762)
 (-1.2899026202459001,0.26848161582684449)
 (0.27568764639555576,0.68985511326897131)
 (0.38105863310766075,0.42950714286076086)
 (-0.98094109602733148,0.1856543537733526)
 (-0.92671508074083719,-0.5257622142139412)
 (0.7410385183771826,-0.84905565893100299)
 (0.91474048537439701,0.34152749683179034)
 (0.2421962411126462,0.9907887152872179)
 (-0.61096017947051495,0.8509544539422994)
 (-1.1017022424530369,0.62290900171775543)
 (1.605796387172127,-1.0482395489384042)
 (-1.3223412271196051,1.5259011357611403)
 (-0.60961054966877959,-0.22239630251345197)
 (-0.80625782130178658,0.52677326620048004)
 (0.70373803960777914,0.78741559338675049)
 (-0.34505365131745314,-0.33910504581379919)
 (-0.53594912641264303,1.2941068547776153)
 (-0.33541091914342697,-0.10139344118637093)
 (0.76644212530400935,1.2648407257763403)
 (1.2577001741021285,0.84837339772339748)
 (0.90467914704814123,-0.3448684486709846)
 (-0.17286950529365835,0.68586175803819271)
 (-0.7539321215361765,0.73605854750471011)
 (1.2404868975226742,-0.57983641596578961)
 (-0.35570331020862633,-0.063536762940177238)
 (-0.13168657957417512,-0.79807341008303623)
 (0.82327420374561822,-0.5386826297002314)
 (0.019715958759919827,1.2026766540643004)
 (-0.24961393139985566,1.0530353153761713)
 (0.43083547510953335,1.0701245445000023)
 (0.97590119852700352,0.6663776686428583)
 (0.61913320368082558,-0.78130296863434345)
 (-1.1081364905697071,1.1242772372049097)
 (-0.7022907527713782,0.19060506334933847)
 (0.63650321101647167,-0.36064632808817321)
