# Created by Octave 8.4.0, Thu Dec 11 09:47:21 2025 IST <gamana@Samsung>
# name: rayl
# type: complex matrix
# rows: 1024
# columns: 1
 (-0.090432343307499705,0.096714935595215587)
 (0.74318396537403941,1.1929915937206543)
 (-0.74741978359400241,-0.65402394388565677)
 (-0.48873647881158405,0.67167534858703681)
 (1.4271233589363677,-0.78262790097729873)
 (0.11470848784138432,1.2340933214716125)
 (-0.25603932092558457,-0.50973856146411733)
 (-0.19723338233491702,0.68614567682709959)
 (0.89661946991605712,-0.73540021216525442)
 (1.2226036007260388,-0.38225793832141458)
 (1.0608730025209909,0.0711833963988317)
 (-0.24065864219801469,0.46139009436384193)
 (0.53014984370327678,-0.89643454975565384)
 (0.099909419514265574,0.084868539975115009)
 (-0.40750612661018726,0.027750586080274697)
 (-0.78712614146396609,0.55521684050761633)
 (-1.0087879875835566,1.1968413253467047)
 (-0.54928299465036567,-0.31685901837964842)
 (-0.21268271260312288,-0.23522221143414407)
 (0.50670772000257236,-0.93058312460069292)
 (0.36674164418199096,-0.016758873279464653)
 (-0.56201963220504869,-0.6260031292135938)
 (0.19199530074323123,-0.92574648574091178)
 (-0.2913481027829502,1.1384349926511375)
 (-0.24175712047613093,0.0093790786239121016)
 (1.2507570546177753,0.84833805621063629)
 (0.73543790367588824,0.64475111501005689)
 (-0.077696475205672244,1.4995082954145813)
 (0.43683293785300875,-0.49383042123329984)
 (-0.56870670786012334,0.94251059919115399)
 (-0.62156664270429018,0.68571902016478437)
 (-0.78909162304739322,-0.081201275727818933)
 (0.20502041313978456,0.66441001625725449)
 (-0.62219630117604308,-0.62346763850709042)
 (-1.3112440683770044,0.1316307970059386)
 (-0.016327440960734851,-0.94575592087980542)
 (0.4039269151319721,-0.13795705560412372)
 (0.12195776564369798,1.9852533029189816)
 (0.99007259236993606,-0.59643195073281752)
 (-1.2974549516343201,0.82243720984835034)
 (-0.063882585630442246,-0.63132066978016388)
 (0.1111553936598571,-0.73368450975297983)
 (0.60995694327265115,0.54582520595473671)
 (0.074840601736895732,0.25200272116314282)
 (0.34166715433897155,0.59779203808866632)
 (0.084658959934490463,1.2656181028274089)
 (0.46669999267337153,-0.086515133683388423)
 (0.82589770610410596,-1.2129306753030387)
 (-0.35612762337846082,-0.87539726128568407)
 (0.28605083593016739,0.33134452824746724)
 (-0.35770030265535185,0.24991423270246066)
 (-0.5218587624924268,0.99779997039499213)
 (1.3749307323688753,-0.032516106837706005)
 (0.32249613758636719,-1.3917241686234672)
 (1.3764246978089227,0.19208750594736312)
 (0.85276784600444955,0.37658593887363778)
 (-1.7462464000960742,-0.29668479090039057)
 (1.5955692231269731,-0.50220537148286926)
 (-0.98244992047522894,0.091847355759035687)
 (0.73248031575207595,-0.24155365836188947)
 (-0.34739302618221224,0.2609341556528505)
 (-0.067160868303104415,0.52656645523101564)
 (-0.45241169079017923,-0.54562847231871003)
 (0.70533452812887865,1.345923920284958)
 (0.61584522317034418,0.39875394340173081)
 (-0.85904579762036892,0.2828443313453724)
 (0.0037646405321322407,-0.29435670873053132)
 (-0.23590586363615831,0.21204953434259002)
 (0.95073739460399154,-0.57603284093536489)
 (-0.13185772379900695,0.33036425836925354)
 (0.83040779418622379,1.0112239714805342)
 (0.30190487193318138,-1.1460513376438517)
 (-1.8400045232373166,0.059172698930416989)
 (0.75846691183797044,0.73196014872150827)
 (0.69064016652233851,0.32435755989804754)
 (0.40571500960439522,-0.10568536497129058)
 (-0.5089244232699548,0.38349177651387312)
 (-1.0260404549265842,-1.3120141717494562)
 (2.2718497987423141,-1.7827690570685184)
 (-0.11966941479838791,-0.57252139795517643)
 (2.0308579996360985,0.63787936791389543)
 (0.71164624966227352,-1.5354008227504723)
 (1.2966145727549074,1.5617155272039538)
 (0.22348826266331259,-0.44748147358081669)
 (0.82118042424520943,0.72239808721726151)
 (0.15976964206337008,-0.92012440441987309)
 (-0.56167515906963916,-0.86979278087029122)
 (0.40857433914589586,0.89585860178206933)
 (0.6279863245675138,-0.029157905850516919)
 (0.84090302984725507,-0.21872098507065979)
 (-1.0658693472954019,0.91647717861220035)
 (-0.91923377265885176,-0.30560433815430926)
 (-0.36704262390968273,-0.81784087746638368)
 (0.4683632769913702,0.48990874520729194)
 (-0.48258378414575148,0.77161004837542535)
 (-0.01421979540071594,0.61973747113507194)
 (-0.5543127382418388,0.29840545578771427)
 (1.4247539720996083,0.029490329931582404)
 (0.44629076704448856,-0.22351658061405377)
 (-0.22587726686071702,0.19466864119250177)
 (-0.47311108221095938,-1.0474037939841883)
 (0.97449715365453538,-1.6509781113905451)
 (-0.12568126268866914,0.32002738054468)
 (0.91843713576815755,0.26980212313809671)
 (0.4560968742631113,-1.0856712972975251)
 (-0.86177037592662498,-0.31171213052771296)
 (-0.021283454666484902,0.74467884001706008)
 (-0.27979817683661917,-0.035764585021813192)
 (1.5407821683916003,0.76959928642061426)
 (0.92263705504381344,0.27128977708396457)
 (0.028718318108009594,-0.23417024368526088)
 (-0.29994806617246578,0.04662812706429581)
 (0.19610571369422933,0.52159865851109388)
 (-0.39815774853696051,0.5823731497910124)
 (-1.0123639196856196,-0.28583316998460956)
 (0.25237072405268274,0.40885616856840473)
 (-0.45769736824878049,-0.88419752116245742)
 (-0.4505440909349217,-1.2768815681269441)
 (0.14586063537164703,0.49104915634321644)
 (0.11557108633666491,1.0308511849970143)
 (-0.22982357492977712,1.3542569087704579)
 (0.43783620788711186,-0.055945271170895233)
 (0.053592771915366877,-0.61862291388689905)
 (-1.1406309711532701,0.46291119024311145)
 (0.10005030273969234,-1.023688073737576)
 (1.1222284816263628,0.63360322459262464)
 (0.27778708829660398,-0.77122881041725266)
 (-0.48325155269590991,0.66681746661252694)
 (0.65892340314352482,0.54348775806238392)
 (-0.50528446971331009,0.17673126870937869)
 (1.0667062174146684,0.45588728504856635)
 (1.2281933209122911,-0.942592578689605)
 (0.23471458373348308,-1.6556617330484129)
 (0.74244755091851244,-0.2072785132913138)
 (-0.083135619814085737,-0.72326414579721954)
 (0.39912404156144365,0.85212200112347758)
 (0.52315995078293898,-0.63584265350636793)
 (0.0042453080387041542,0.58458226530529012)
 (0.57480619721752979,0.92738131716769168)
 (1.3984066954287167,-0.83783023410611279)
 (0.44724755946811712,0.27421134782173961)
 (-0.81021773397010799,-0.23267961458142516)
 (1.3575887294219597,-0.92319195354674055)
 (-1.9119957770772997,1.3199570225727177)
 (0.0057650577617962828,-0.3613499041163688)
 (0.36126610477666932,0.73529722272858933)
 (1.3896132037936151,-0.53538247778759918)
 (-0.60843858783787386,-0.46991370199854876)
 (0.37312401994317229,-0.37142962706452848)
 (0.25297066832997056,0.096251159025385724)
 (-0.31823660965128042,-1.6524723802139727)
 (0.1067739109860199,0.98154844522176843)
 (0.74044548430452262,-0.78564893848000816)
 (-1.1027684477370818,-0.34104252647676425)
 (-0.6652847237863786,0.053538980242860801)
 (-0.85853271686196986,-0.27874675661133425)
 (0.61456661570999116,0.89664652545834267)
 (0.38016878786453284,0.5242513157365547)
 (0.19752073946927451,0.84742030329224749)
 (-0.71334532265048878,-0.2907527691484636)
 (0.94267417216378502,1.0223530646912919)
 (0.87695143252823493,0.89783550550170832)
 (-0.17364374178142628,-0.2650339297261336)
 (2.4034021767772642,1.5959464902641827)
 (0.052362374912309273,0.66952162818183703)
 (0.28099627044111647,0.28395147803915127)
 (-0.068363939202885818,0.022547859341804092)
 (-0.79749583678576752,-0.6566690438080679)
 (-0.46652689536052105,0.23987319089142714)
 (0.30734615549947786,-1.302863075367346)
 (0.98049049276548961,-0.007280841226593282)
 (1.3595280479395724,-0.68593010081103056)
 (0.010062603351485693,-0.014226542196871606)
 (0.12207653404344007,-0.57127380873709643)
 (-0.39944375860659265,-0.08803500720968685)
 (0.46981606231507439,-0.57675658091982462)
 (0.44425166604856281,-0.57532825461543446)
 (-1.015668650173239,1.0159967844081028)
 (0.96538569652090878,-0.76231372907314909)
 (0.11362203913608039,-0.30496053856402194)
