# Created by Octave 8.4.0, Thu Dec 11 09:47:21 2025 IST <gamana@Samsung>
# name: rician
# type: complex matrix
# rows: 1024
# columns: 1
 (-0.47161929409049996,-0.082566401092733499)
 (0.83916425375202652,-0.92699412837564754)
 (-0.54769586022572792,0.74819067053358046)
 (0.62992160156116017,-0.30812704882045805)
 (-0.77233268631400953,0.41380478406375143)
 (-1.3234557547668122,-0.59925272490489956)
 (-1.1831047446011853,0.94386461057250548)
 (-1.0183163686381818,-0.85567186575405252)
 (-0.25388456286854649,0.42775460148651318)
 (0.24823745977039055,0.46245394495988545)
 (-1.1615148693265218,-0.15208958463225353)
 (0.53893272186354857,0.25950143908643108)
 (0.62308630659086151,0.7935426962896176)
 (1.1167502716677962,0.72064955162500866)
 (0.0014280929874148918,0.42174387443909189)
 (0.80467497340003558,-0.47964505687784403)
 (0.67718519027931079,0.993963707634275)
 (0.19412758361227134,-0.2060275826252525)
 (-1.075844886206031,-1.1013895043080277)
 (-0.31288638145231024,0.75511508795314497)
 (-0.52670270397133601,-0.58205543921030489)
 (-0.19211129278242745,0.80769495442098271)
 (0.30015798276143163,0.27073310216573315)
 (0.8118937591718729,-0.49453402164474203)
 (1.1842043540252347,-0.97228714388674575)
 (-0.99188025483817344,-0.61586550314408683)
 (0.50474007879108385,0.41138419603083465)
 (0.94390763370524855,0.77841778374604043)
 (-0.016355826135183049,-0.48597068833563362)
 (0.9624775543133981,0.052675028851543848)
 (-0.37434480112876595,0.36995090984171203)
 (0.88317409737192465,0.010389959732014287)
 (-0.24793232471197788,-0.70622858388941834)
 (-1.1316399068535028,-0.8967469779684154)
 (-0.56116950566952484,0.56144112539892166)
 (-0.19075675687151181,-0.03931592053507918)
 (-0.13293419482511265,-0.74136480826521245)
 (-0.56638072205602319,-0.96551243578435864)
 (0.74273305588072425,0.33747436441659573)
 (0.06562406696149628,-0.37956743958314643)
 (-0.57267331249602083,0.84669289218780075)
 (-1.1385615887404807,-0.60333718200957653)
 (-0.15710632817084916,-0.44285107401904689)
 (0.090760378197713931,0.60256797760715997)
 (0.63422472473307445,-0.75600106230060315)
 (0.48149039923711656,-0.24180058604343391)
 (0.33103127904310031,-1.0151097366413062)
 (0.79799881164989472,-0.049283950617861061)
 (0.4945705728385994,0.64030515933807375)
 (-0.57420169254376585,0.87044413759777939)
 (0.66031673974010241,-0.66334238422290115)
 (0.59248167404408025,-0.75406903396448544)
 (-0.51845998503643953,-0.26278639442437723)
 (0.47137252629025411,0.36804717731965625)
 (0.90644841446523206,-1.3428116534324719)
 (-0.15465760466712142,0.79141458966371048)
 (0.0058588615625662088,1.3863017567587317)
 (-0.33713934232718484,-0.54358874536417834)
 (-0.1933807673872224,0.68378427488076066)
 (1.2354488980162373,0.30114882625762013)
 (0.55073183711472229,-0.39795092070700611)
 (-0.51040091771683826,0.44477959419146385)
 (-1.0103778504650505,0.86817309248166963)
 (0.062572910796114378,0.79096088007626908)
 (-0.88063585171801195,0.89136364750120034)
 (-0.48029524953967317,0.84980252083198315)
 (0.31360888469514636,0.90667079871444134)
 (-0.89437617606442665,-0.1836179293240105)
 (-0.5600993804573301,0.40484553632081505)
 (-1.0064904896973537,0.086113251896681509)
 (-0.67708075630047038,0.41558423297339853)
 (-0.24559978489606837,0.021929882103772835)
 (0.46527813362337156,0.62273485802385742)
 (0.73428777386228861,0.28655488239922544)
 (0.74245315316637117,0.76839420905231126)
 (-1.2814851951810466,-0.66605102108542735)
 (-0.12925524107435088,-0.73518205554142124)
 (0.22100900629838804,-0.73850905154242752)
 (-0.43638063019348494,-0.12215472286709259)
 (-0.76054055463148362,-0.59638698962577541)
 (0.96297529673535265,0.55421772729807883)
 (0.85221276438108751,0.17032441925178826)
 (0.96459303821191944,0.062364248281628454)
 (0.6819994438300121,-0.5168320966756359)
 (-0.90941960494310425,-0.62691546494238648)
 (0.51146673540273591,0.49426089098062087)
 (-0.20238975436222914,-0.56658345048992997)
 (0.45331896435434738,-0.35646947952563324)
 (1.1928305911083685,0.57583925674079217)
 (0.25961978458906154,-0.48792832946998788)
 (0.93643629399355033,-0.11578723271819269)
 (0.50970871582674582,-0.6910898586936508)
 (0.53569289584165281,0.54223618177101851)
 (0.47688229974952639,-0.39519034008447823)
 (0.39061503817945692,-0.056176541885240294)
 (0.44961082672611535,-0.46864957239358745)
 (0.53963568987026977,-0.35927336831175988)
 (0.031609929508044754,-1.2590354740112282)
 (-1.0217453020984864,-0.3334969301940825)
 (-0.61894585175482164,0.034604335625513405)
 (1.2830083129170262,-0.92083838583730093)
 (0.63146783972982345,0.85342016113204355)
 (0.60844633026495409,0.17283659509574073)
 (-0.53128973496499232,-1.0050099057578386)
 (0.3165275375475976,0.16333682283467316)
 (1.1316351533910454,0.5708851526262122)
 (-0.075409566983632437,0.98185394301442319)
 (-1.0780542511217697,-0.92663725663340391)
 (-0.7874431078820836,0.24001769459159417)
 (0.89951311317320515,0.68303884993506248)
 (-0.75934470738904281,0.71191800371188696)
 (0.63956288078604606,0.62788841013971575)
 (-1.360415371502385,0.22728043444589463)
 (-0.37622660136058944,-0.019174752720941934)
 (0.53040715053723864,0.28889581885562582)
 (0.70703650687865527,-0.14346531228646037)
 (0.60168539061880344,0.52146048461717809)
 (-0.75341291604292027,1.1763658478014527)
 (0.64353754476689362,-0.88483519667240507)
 (-0.09440122480562696,-0.7317775267880805)
 (-0.96519047337531538,-0.56134475155199093)
 (-0.74252859754495237,0.79443026035440567)
 (-0.58853002100373852,-0.019305623681532269)
 (-0.43088311799786516,0.48275811566024796)
 (-0.17004206095486343,-0.15157494244571748)
 (0.75036754976918552,1.4747124138583647)
 (-1.1172026321930533,-0.84974147131992717)
 (-0.70194296508518739,-1.1241459426411211)
 (1.2008107039984024,-0.72645018528701277)
 (-0.5179671833410201,-0.18680081268884327)
 (-0.44201308714316345,0.71718776672465634)
 (-1.1296066505709172,-0.21307981048953645)
 (1.1788028291656594,-0.12252707343684865)
 (-0.31625975807121437,-0.11575610152246606)
 (0.75147550941187369,-0.88766988318697182)
 (0.56537449692051256,0.99834733283522992)
 (1.0226792648935012,-1.3455636896422123)
 (-0.1781840402661265,-0.34668074538694865)
 (-0.65820172875207472,0.22606090810611718)
 (-0.53877145754585887,0.73089789145668793)
 (0.68204091885527407,-0.90552556143144836)
 (-0.67041681181925672,-0.54009300576553188)
 (-0.34337563466426396,0.62776990845723835)
 (0.29994379683643346,-0.18827290857133286)
 (-0.48448449682407735,0.91138576396223381)
 (0.54775220612370568,-0.67249601462593511)
 (0.83508281904312454,-0.44082420149041951)
 (-0.40698754109096213,-0.70780092837001296)
 (-0.65330296572027102,-0.79243618957612971)
 (-0.78551470372441023,0.27521306279360613)
 (-0.41271369430574112,-0.13548861176127749)
 (-0.54192690113778674,0.30438270023283037)
 (0.37664458173568049,-0.24306235651218808)
 (-0.90484180139627912,-0.43713057483401196)
 (-0.50057578226063659,-0.6793479113593891)
 (-1.1290206846957578,0.7247333752049222)
 (-0.38736846976192585,0.63491284212759813)
 (-0.27798639050064483,-0.8543690850038812)
 (-1.0328479422060197,-1.3841093491776268)
 (-0.85244600660439296,0.60148317278717711)
 (0.591732736505444,-0.4300880894014768)
 (0.92491747324740625,-0.47534234053818702)
 (0.14109796961868176,0.8746408257826952)
 (0.77913584284054704,-1.0141026941512021)
 (-0.69364416216594549,0.1922979254222138)
 (-1.2103432681388369,1.0179037811505309)
 (0.29059038008936405,-1.0841697250488076)
 (0.96723098936616747,-1.1377473957024882)
 (-0.24202021254897221,0.66006024754624593)
 (0.23861686100374174,0.79509071416806787)
 (-1.3646318137856308,-0.95737282410213287)
 (-0.86805714182352056,0.35169453524429972)
 (-0.74276095696568745,-0.44982386668245694)
 (-0.005370214058643269,-0.27099690323058867)
 (0.80161000157268969,-0.5410619505472436)
 (0.38554809811504281,-1.1831898075629792)
 (-0.81004958456729348,-0.80906705088070541)
 (-0.92890606031298462,-0.74649456954719651)
 (0.98646003512651204,-0.57474853452166696)
