# Created by Octave 8.4.0, Thu Dec 11 09:47:21 2025 IST <gamana@Samsung>
# name: rayl
# type: complex matrix
# rows: 1024
# columns: 1
 (0.041039271128297111,-0.33177329233679531)
 (-1.2857087432696126,-0.96294845303762822)
 (0.0030872736471480033,-1.2245580514866887)
 (-0.40486617889021181,0.68960592954050937)
 (-0.80663839582919084,-0.79658054737720085)
 (-0.89673725127159221,-0.56746686917969791)
 (1.3962916974761512,-0.93115489107019433)
 (-0.15121841753662363,-0.37326889828584581)
 (-0.9850274843469754,0.2119939594662078)
 (-0.001338125255980066,-0.45491210780333813)
 (0.40648786681704924,0.78466222798955587)
 (-0.92979731822173128,-0.075413542270855172)
 (-0.41531541302281844,0.34568599816866091)
 (0.35263922551709792,0.27126036680512855)
 (0.16084902422437697,-0.035384075474590285)
 (0.70072536570216504,-0.28413184790103657)
 (-0.55446535546801834,-0.75960118462211978)
 (-0.48878645072967042,-0.334327494767371)
 (0.11987401375395423,-0.0079896915486920642)
 (0.56397731662917516,0.67465402516016126)
 (0.39258109428738608,0.10718751051637487)
 (0.34132413723972077,0.43355613480461963)
 (-0.58511531750295953,-0.12386588136194276)
 (-0.42004992225304449,0.72599622992843926)
 (-0.23833625949755344,0.14419132412944169)
 (1.1234098386805815,1.1322090729962411)
 (-0.039858751275023807,1.352166846249975)
 (0.19474759639680206,0.90185368336357941)
 (-0.27531456172484903,-1.1493025949525681)
 (-0.055015781021173604,0.81836858677374291)
 (0.032120774691910325,-0.62607766608422477)
 (-1.457968841124113,-0.25807656031725812)
 (0.95496741895442405,0.58264185831784243)
 (-0.10510449096873503,-0.74656873716740879)
 (-0.72971554090480661,1.6024612509670291)
 (0.45764780435610952,0.42499442196266846)
 (-1.6408953244323425,0.55474402761764252)
 (0.71271064177206722,0.8450216927941181)
 (-0.26369302964766611,0.15347465430095936)
 (0.74439754418430648,0.75378016841553941)
 (-1.3546520012965293,-0.19850141938925547)
 (-0.51544135544497149,0.14944256269096931)
 (-0.62588966779810029,-0.091889261535269939)
 (-0.075493599021922791,-0.36867331491832356)
 (-0.69342339855498525,0.085892628883683542)
 (0.078136025717017707,0.046239715265552969)
 (0.67188071230166768,0.25960505438180242)
 (0.83527679503972674,-0.56171776197673251)
 (-0.48557515122422212,1.0229909052782395)
 (1.1750600946967142,0.19247922158049297)
 (0.38160566368416915,-0.077768234032302208)
 (0.32083567216348025,-0.037623769572573906)
 (-0.089388083208487124,0.022489639062566937)
 (0.33385439420979823,0.055580464894728815)
 (0.43404008680993156,0.84188868348378076)
 (0.18765479111269429,-0.73327141879201174)
 (-0.44328378854768768,-0.85150510915127664)
 (-0.80724086862778766,-0.24099319408910103)
 (0.89009194502102806,-0.25694763827477018)
 (0.064130194640031724,0.89030542722282746)
 (0.71536320255592367,-0.29663922221878247)
 (0.81232624487403049,-0.37872487055007409)
 (-0.16970169599601714,1.138309390730033)
 (-0.86436832887198178,-0.85648707284033188)
 (-0.15131373940796103,-0.4045122593042515)
 (1.324147355911117,0.5158330834831083)
 (-0.16178593671924049,0.58856807787702392)
 (-0.49129449017719901,-0.62103606938747802)
 (-0.39458266871654318,-0.097463358992115445)
 (-0.33829844193916281,-0.73411190124706782)
 (-0.27287182199168714,-0.82524532521331551)
 (-1.1312564213890381,-0.045068709289077136)
 (-1.7806649495106572,0.14447091590775529)
 (0.76350799426823968,-1.0987524629607111)
 (-2.2489761881624912,-0.03545117245558238)
 (-0.89397159083884548,-0.78943217463949966)
 (-0.78355199980647861,0.76929963316049954)
 (-0.19296433999173448,-0.37269464424052567)
 (0.30136094416321474,-0.30965542485415926)
 (-0.51043603070590016,0.38177835226953827)
 (-0.18397909930635378,-0.065542160071407035)
 (-1.4382449012096032,1.1910273547874775)
 (-0.24279956425699101,-1.0339993053911796)
 (0.95726525347921609,-0.85282334234059087)
 (-0.68880472968380357,0.078351840769443071)
 (-0.10366271007270778,0.6413484016494001)
 (-0.37190519923441995,0.10955986893518627)
 (0.16858079597729017,0.36048566884504651)
 (-0.016845932423782128,0.62232751225603056)
 (-0.77465443838464842,1.1026922485848802)
 (-0.13977192156517623,-0.44506116929805029)
 (0.32049463079450746,-0.18016215206017649)
 (-0.68487707297467071,-0.27430990938013222)
 (-0.32025335806550487,0.22094741035486759)
 (-0.67220527243483363,-0.73615955658925436)
 (0.27560539533245987,0.96890959422247891)
 (-0.44126018253859561,-0.45455380592518307)
 (-0.092630966979145982,-0.019554503643784499)
 (0.074770019658069287,-0.90373619990177945)
 (0.23914907675154218,-1.1576006855852059)
 (-0.32704479336488468,-0.15005127279015334)
 (-0.76959455605855309,0.6170563282672783)
 (-0.9542409787486843,0.94318856508823568)
 (0.57992868245192031,-0.1766181133262493)
 (-0.53674401771347979,-0.44113604327881334)
 (-0.51108077349855396,0.66589106647158702)
 (0.11824600722194356,1.1691720101573306)
 (0.52938618807926552,0.23960997415353302)
 (1.0098604356118055,-1.7259174587514199)
 (0.94229165752942223,-1.8469814193766292)
 (0.13526513001980323,-0.40411489394963862)
 (-0.19895371732965117,-0.14932036053309922)
 (-0.70781324871694062,-1.1327191338570683)
 (0.67784187015182396,0.18090405253704164)
 (-0.68182278504607563,1.0645233172120661)
 (-0.42439476816657851,-0.77263263121969938)
 (-0.51685498798152807,-0.62887350276335163)
 (0.4585535352910004,0.24449901802950924)
 (-0.10256154071344592,-0.61164209076748055)
 (0.1159636189759522,1.6183728448393517)
 (1.7552441965188041,0.12513174661748738)
 (1.0489778419061817,0.61494601880221078)
 (-0.9273073385193169,0.62013898503387321)
 (-0.97595154702385556,-0.37008323117580982)
 (0.90866706216358384,0.36698028619390788)
 (0.33635718451196744,0.99575156693499212)
 (0.60185553213064857,-0.38737520955050997)
 (-0.80474452431539856,-0.19724836017258585)
 (0.4096174759141436,-0.87336021830195287)
 (-1.1942053193036746,-0.35658092763762328)
 (0.60247017888363419,-1.7425467032701378)
 (-0.31066490141021091,0.57635666632213711)
 (-1.0534109056089767,-0.91004931267478228)
 (0.074611390806156974,0.74738318407382531)
 (0.58864034457452918,0.41782485752560228)
 (-1.5551289098555405,0.76700282860002)
 (0.36805580238051772,-1.1418394214080347)
 (0.19025457730102791,0.098791565445372279)
 (1.1080671733430407,-0.21985125344066453)
 (-0.095022206501693407,-0.65782466419230579)
 (-1.5057540758565011,-0.62209337260341968)
 (0.68572199001540568,0.31605652549408392)
 (0.35398577293821554,-0.10155670998351446)
 (-0.084301392477613923,0.70241774692483061)
 (-0.083577026512126062,1.0647344439561925)
 (0.34043169695548625,0.17711623420696024)
 (1.6541556874173853,-1.3228468112607892)
 (-0.26128706140757485,0.65886618834993693)
 (1.3824167919321859,-0.12368354816466653)
 (1.6670450285315639,-0.83078420175499823)
 (-0.15608481400683388,-0.42814968275034532)
 (-1.4907348925133617,0.49741639590842257)
 (-0.34714647685014999,0.022210299884421303)
 (0.57128207604925241,-0.87908125774783274)
 (-1.5195470412242198,-0.6816993497626509)
 (0.14718477570369132,0.47229352499812455)
 (-0.86777666994726466,0.52472966683243971)
 (0.25893706586267984,0.52760494501693078)
 (0.058294424378356739,0.102633289478925)
 (-0.17742868323446143,-0.85506988396180161)
 (0.41017376710754272,-0.74615293054056675)
 (-0.37426867355151627,1.6245752294811315)
 (-0.19348799537118161,0.40995397364026037)
 (1.1631521786577992,-0.021423912687431379)
 (-0.18664180143939973,-0.54767175854634931)
 (1.3518241593857896,-0.57550316481170838)
 (-1.0527444692798336,0.25661908623978391)
 (-0.49536390019329074,0.46363860931372564)
 (-0.5578177850590067,0.24100206566601792)
 (-0.33183420809756986,-1.2017453241866529)
 (0.25435288188460919,-1.2284410404874722)
 (0.42524106901281067,-1.2204011457944053)
 (0.67760441708785835,0.09366980218533133)
 (0.78530901421331822,-0.18094373947787556)
 (-0.29824278336201904,0.74402010368830396)
 (0.52365240396451262,-0.35795799379706905)
 (1.3245273651848857,-0.8254196130634196)
 (0.94540847961774921,0.50439835604676542)
 (0.32780013279423903,0.2677684287946015)
