# Created by Octave 8.4.0, Thu Dec 11 09:47:21 2025 IST <gamana@Samsung>
# name: rayl
# type: complex matrix
# rows: 1024
# columns: 1
 (1.2331787960507645,-1.3069251479117763)
 (0.50239880162257045,0.56056661580684963)
 (-0.13770741915105067,-0.48562860762478555)
 (0.80457856857022558,0.014144729764342279)
 (1.7216040013189313,-0.40838603516780714)
 (-0.40587383992592618,-1.431365889169653)
 (-0.10457323073689975,0.023275446755131345)
 (-1.0714382876960034,-0.81413149240176419)
 (0.49868027724159064,-0.84414218378766992)
 (-0.3256596687116422,-0.70736676248487385)
 (-0.26882822455578131,0.63365427042312517)
 (0.22842116667603679,-0.97679595954462228)
 (0.76490301091729074,-0.95129421525053881)
 (-0.71051887279631087,0.17044776394833849)
 (0.24392594479991281,0.3452652238497439)
 (-0.033773253642643219,-0.99784982928995847)
 (0.59153867374147839,-0.84235297885296168)
 (0.45202675360088229,-0.98633872692073943)
 (-0.56525186292541851,0.6272363537829827)
 (-0.77900072289795985,-1.1509532997400698)
 (0.14968631076625066,-0.99264313743685606)
 (-0.10234396110589511,-0.86077751695820015)
 (-0.24946914932624425,-0.7716562479266571)
 (0.0047057821392474386,0.53877862679038535)
 (-0.30551167441945576,0.94305835715037234)
 (0.74404487056942692,-0.13148537920678433)
 (0.89662461089934031,-0.11249120272848029)
 (-0.46249341054718696,-0.32505024492658707)
 (-0.0294786852117635,0.60868586253731438)
 (0.40735263597206395,0.045748529170445223)
 (-0.37784326000037655,0.4106971056931476)
 (0.32163892858049437,-0.65584569990472696)
 (-0.53458565047300122,-0.43759691064321449)
 (0.51126452783948306,-0.055676719111968226)
 (1.3697765423759272,-0.9073164880853386)
 (-1.349267279804758,0.34952829349787989)
 (-0.6818179426631914,-0.37864803201199249)
 (1.4779883557589968,0.81766245319007202)
 (0.41877833237241435,-0.01166173043135213)
 (0.65218740893549698,0.22922696132453613)
 (0.023295435386848973,-1.7813707257345217)
 (0.1152691434475456,0.1208702040226893)
 (-0.77573426074133411,0.74840042318932765)
 (-1.2956005441691445,0.21153403925452796)
 (0.1571584016789474,-1.0348052195686608)
 (0.45964923247918332,-0.73679457826868078)
 (0.36323709067887516,-0.44364584124782275)
 (0.85540301229287274,-0.57134493902238581)
 (0.860477754874439,-0.47802194127706155)
 (1.4715475049065725,-1.5758906923205374)
 (1.4805965550186535,0.75285019937594955)
 (0.79125003971314689,-1.207639894206918)
 (-1.5727135385398037,-0.042371027368513614)
 (-1.0675532621714869,-1.7237478942086404)
 (0.79523633803224936,-0.031580632673519682)
 (0.5734150306691862,1.0798181472167596)
 (-0.49935003549455659,-0.20595975079103354)
 (-0.42274696608710743,-0.36382405584912975)
 (1.1593852337410331,-0.54252826168410251)
 (-0.082128860011080523,-0.54881552533012568)
 (-0.075690794375338946,0.27581694324057676)
 (-0.075428570090949484,0.30419727448658113)
 (0.61851483329375612,0.69061287202588695)
 (0.041235921621343957,0.082736801020118586)
 (-0.016157037287643561,0.39571050889340997)
 (0.37195424797422677,-0.50553847137084673)
 (0.093232129386803586,-1.1127891609413494)
 (0.19915877241132876,-0.22304841045743443)
 (0.3421086213211359,-0.22185149400710519)
 (0.032210787227021836,0.40203538881328393)
 (0.27502679654727441,-0.24057883526885532)
 (0.48811941831686989,-0.95589269941359822)
 (1.0799649289951043,0.79791885984899813)
 (-0.028707799639480031,0.26412925044121527)
 (0.63619382187068718,1.2285968772448204)
 (-0.41263307855873776,0.046018927630963685)
 (-0.73387072543379184,0.88202226435736153)
 (-0.52734105756956795,-0.6786251353032261)
 (1.0917146969227025,-0.70842289470040332)
 (-1.8226614883699481,0.44248479187065837)
 (-0.88955938612363106,1.5324354539508929)
 (-0.7638602583790769,0.34953024642722597)
 (0.14266304295641064,-1.2626161727079821)
 (0.32782644804785632,0.6890793471021297)
 (-0.33141981775506324,-0.13494834941249562)
 (0.58121472325478241,-0.15016387144660054)
 (-0.23145059860801145,0.35261590471684634)
 (-0.19631760144456736,-0.37315184207889562)
 (-1.2339509678342897,-0.74406853491485581)
 (0.12821724949985114,-0.21965885079461522)
 (-0.56050542599788156,0.89326224519072828)
 (0.96203230131823914,-0.90941465864890414)
 (1.00683079783184,-0.59005802172899147)
 (-0.44382254515689096,-0.52530913956368686)
 (0.86854432285833383,-1.4395276787163169)
 (-0.074342005979999182,0.76331821946770095)
 (0.73658456248928517,-0.6804526631105613)
 (-0.34906289205541313,0.22916550726109614)
 (0.056990242132997693,0.64469343327365203)
 (1.3176727880392951,1.1149911234168415)
 (-0.17570103619342958,1.6102802467602491)
 (-0.13963808356451504,0.59477005938659233)
 (-0.28097716690219177,0.46196438875247636)
 (0.55723563308134927,0.47041527770810726)
 (-0.24718795820859374,1.442540741918636)
 (0.83425869288516441,-1.897477944193231)
 (-0.48882969382790675,-0.075840337414587927)
 (-0.62628765334970338,-0.76617180703558596)
 (-0.75552032472787145,0.3258404121169558)
 (0.41448968003685116,-0.85530583357943346)
 (1.2517684943768281,-0.21562056918488581)
 (0.38997494760871382,0.036202479873446713)
 (-0.837994160389681,-0.0008712829071056416)
 (-0.43746680952087647,-0.75896518601239737)
 (-0.25890124902817868,-0.9523217802331313)
 (0.064711470673732341,0.5721042910102212)
 (2.1155135216236336,-0.32575652318413961)
 (0.39068871631627655,0.25931491899560211)
 (-0.0097707556023801656,-1.5091583005511877)
 (0.80541541808579686,0.94473095752914582)
 (-0.43244967466742318,0.66621560918491918)
 (-1.6871994981370957,0.86100593191801511)
 (-0.32152751908188609,-1.1830064596111838)
 (0.60787888863781281,0.96412749667952657)
 (-0.10926436146647155,-0.11497510553539138)
 (1.87117903988573,-0.22659019910305123)
 (-0.39412458860903493,-0.56328405555685879)
 (1.0058981852990478,-0.013138318554662687)
 (0.73994200452362369,0.033133162508508396)
 (-1.4459442629056403,0.74213958629017762)
 (0.39373262779144863,-0.98138846023842952)
 (0.40615979734700697,0.044473146291116317)
 (-0.0037847313570682495,-0.73774757017225234)
 (0.55949025846635048,0.34298606470061432)
 (0.3734171665752043,0.79706649121946371)
 (-0.99080056512075643,0.51375323302562037)
 (1.3707777528237457,1.2288396521853759)
 (1.092467678890074,0.9780840049410946)
 (-0.42568999369079719,0.84700608714499848)
 (1.2432020014701386,-0.17823571893462886)
 (0.56031222889276067,1.4863551298579452)
 (0.46181672777711846,-1.1166806762525567)
 (0.79293585186671034,-0.31062220921399819)
 (0.55876267807499203,0.52377454836877779)
 (0.018909336601767607,0.33137583941851634)
 (-0.81676939315148633,-0.19967278607952599)
 (0.74746431777161026,-0.15945728341323478)
 (0.27537411443917781,-0.23382560557469989)
 (-0.29199057149096408,-0.53203038482952536)
 (-1.4375806235058617,-0.65652748804927219)
 (-0.032811798307811613,-1.0277886310984869)
 (-0.58211760243964772,1.1955141416204056)
 (-0.57978135459250779,0.16035399636435888)
 (0.68271238566901249,-0.47302973281763672)
 (0.1251893893446541,-0.60845769981039821)
 (0.95343581575158576,0.73386716342384395)
 (0.48855408983496412,1.1199692821428777)
 (-0.66131199823743647,-0.88775315236543317)
 (-1.0145303000699195,-0.60350600649302721)
 (0.89004724344412867,-0.98746995478123245)
 (0.78611596775003623,-1.5441843575384868)
 (0.026051087068416572,-0.11857661458273025)
 (0.91946977413372211,0.42113307248485077)
 (1.3852658966399556,0.17242734601503751)
 (-0.9565309358203371,0.020490058869255534)
 (0.60935285527669947,0.92410712860379907)
 (0.21854702491203093,-0.10632046220012664)
 (-0.17549893026417845,-1.0135980471782853)
 (0.82331723767771026,0.16103276629564128)
 (0.064855026688802719,1.2962290021925282)
 (0.20243550800805515,-0.63576349992678916)
 (-0.0082450627917005637,0.77991883614888491)
 (-0.67362582245293368,0.41316579030896761)
 (1.1534889578264487,0.1017847363198181)
 (0.053879886153577972,-1.2862467633841792)
 (0.527276661449399,0.82379456032210496)
 (-0.59855181861477336,0.061691395486508427)
 (-0.44135945309305075,1.1906782090620471)
 (-0.57780949509029045,-0.95454987842514949)
 (-0.72317718244521223,-0.76062738906271288)
