# Created by Octave 8.4.0, Thu Dec 11 09:47:21 2025 IST <gamana@Samsung>
# name: rician
# type: complex matrix
# rows: 1024
# columns: 1
 (-0.41839131166395788,0.54986740098763554)
 (0.38711791921576061,0.34185971512104957)
 (-0.68839854934336997,-0.27527564837293272)
 (-0.59801843250932141,-0.53496608375036891)
 (-0.48876691557203816,-1.0112971648111526)
 (0.27514051643941634,0.2685602186791724)
 (1.0571113618555641,0.77974557270998068)
 (0.59036236468517411,-1.0707184954689617)
 (0.61582863558745404,-0.41356098643581429)
 (-0.52557892795628458,0.41692035786635501)
 (-0.25056095311018012,0.66031787614596027)
 (0.63652066087381109,-0.29463021585877647)
 (-0.80304531422315661,1.0604024006254695)
 (-0.34186613752293155,-0.71251258394612349)
 (0.39442743373714251,0.57902355588173726)
 (1.3392584525903313,-0.61603969289969296)
 (-0.17308044219786464,0.41345955401663181)
 (-0.10474353771008915,-0.67926457519802541)
 (0.01560981997091343,0.31689515930637163)
 (0.84265683579136597,-0.17836771760069864)
 (0.59047888802408799,-0.72857112023545512)
 (0.42968191432209285,-0.43295310326376407)
 (-0.78870559258868889,-0.48591985635350599)
 (-0.1449496253032001,-0.6928999650233596)
 (0.25307318824752917,0.8495244481995714)
 (-0.17731191049961986,-0.82387895011419476)
 (-1.0893121067506479,0.35179472691824676)
 (0.93420893594912202,-0.51999041216038744)
 (0.7748399575668149,0.81294812179571274)
 (0.66940369937374189,-1.2857819911597992)
 (0.67577589633154089,-1.299865583995313)
 (1.0604289458220884,-0.16105244878953401)
 (-0.32318818239693081,0.6369773563611465)
 (-1.0426826914995226,1.6265540660392883)
 (0.88266696835285374,-1.0733954754101624)
 (0.91002096705926072,0.31232988787422328)
 (1.0985434115827197,0.16189163185404837)
 (-0.1076757000531868,0.59051506401828979)
 (0.78517580757124472,0.7050904287638653)
 (-0.86680930160508085,0.10073204356608711)
 (-1.3369174543459315,0.1991983149579184)
 (0.57313497863261531,1.1523201496561208)
 (0.76894851205222692,0.33073261014974753)
 (-0.18585830726684954,1.1643655249415954)
 (0.73746652252315736,-0.4957942553997608)
 (-0.65424726521700571,0.62608240831577699)
 (0.46793526407524377,0.42732686465310854)
 (-0.74955065166583079,0.086650031640737424)
 (-1.1058182128999501,1.0859030094045081)
 (0.12524261681022855,0.43972838519001523)
 (-1.2763403178159982,0.43359515907579954)
 (-0.077530556637081791,0.30881657561673781)
 (0.75529709871797357,-0.91026623449272093)
 (-0.57971513254634965,0.56871792847447766)
 (0.80502442978551192,-0.60977204131000151)
 (-0.79545490183138778,-0.23652610103495164)
 (1.2105843739740352,0.87235610010405285)
 (0.4340293104424453,-0.60152068912327183)
 (0.47454647999282151,0.13246211536853325)
 (0.718261604413443,0.39706561540582641)
 (1.0965442089562396,-1.333278252724504)
 (-0.30282769936222059,0.9701417066404685)
 (0.081065610616843087,0.84589853534238801)
 (-0.21238565677865703,-0.67607676716537002)
 (-0.56981215774549221,0.97406116840442891)
 (-0.80265045182816286,-0.486515940874933)
 (-0.52445456262655321,-0.46492117049514931)
 (-0.42996555618742449,-0.27537495078184704)
 (0.56230996580521042,-0.73748526827349314)
 (-0.85751822676726519,-0.057604459922826923)
 (0.33333087066391143,0.30107016628087591)
 (-0.61068076698377838,-0.89116928791558614)
 (-0.59305392840874405,-1.169257973561078)
 (-0.63495176714214707,1.1860394709678603)
 (0.69125813390972091,-0.94819534979788866)
 (-0.87297018235488311,0.43561100007783271)
 (0.63734404700325253,-1.2352181100561455)
 (0.062550124277230168,-0.78721476446254213)
 (-0.54483273910748764,0.98416885261187348)
 (0.64169842153421142,0.4463084297483792)
 (-0.782465578666382,-0.55091566882971288)
 (-0.0055149802356601052,1.1335406317177981)
 (-0.49760356717978693,0.82299323884419207)
 (0.73383178021817108,0.22373507552367244)
 (-1.2996333182774462,-0.73406406396167245)
 (0.70713162229211379,0.92033334200466621)
 (-0.28308093375860949,-1.0018341687834997)
 (0.54992456430913184,-0.33132747153335468)
 (-0.75391078501773401,-0.7749749740162406)
 (-1.0666693124189601,-1.0704339997646657)
 (1.056756437148338,0.76122333260188735)
 (0.56134913256326757,-0.68849899921786761)
 (-0.74792154039828651,0.62019871250686121)
 (0.45542446070658255,0.66946483009569024)
 (0.694497561989045,-0.44445481111184448)
 (-0.64532114160072718,0.76756514634337902)
 (-1.0041838442605884,-0.7232670522704896)
 (-0.49974127735101703,-0.89194429278660059)
 (-1.0414678876610231,0.54523402919275532)
 (-0.71240826139364855,0.3419990183004572)
 (0.2798537260347555,-0.54717275447943581)
 (-0.97882307426252002,-0.62549676831331114)
 (0.73725882379584173,0.60122065098852517)
 (0.27113423528544656,0.061628883873595941)
 (0.36400241853647514,-0.52688861362673789)
 (0.62816423942579525,-0.76292649125672096)
 (-0.71439583812382634,-0.86460816647662486)
 (-0.88133498272096322,0.81152363294593421)
 (0.32500037953781169,0.78800154931311883)
 (-0.35877278094501192,-0.95306258183701176)
 (1.5323531588190851,-1.0003447986569967)
 (0.56260924226113651,0.38816049977641731)
 (-1.1495923281735934,-0.097313037220519871)
 (-0.32234590873377761,0.8427774828701653)
 (-0.94360278869359515,-0.40555756690052808)
 (0.60319631629138559,-0.3268670687351285)
 (0.42580704627644195,0.9434638519339219)
 (0.088302453335250913,0.34315441685289938)
 (-0.32667174700240292,-0.83993001245262544)
 (-0.7189846844879203,-0.59771537624719817)
 (-0.21800134491232565,-0.76351655442219113)
 (0.33187457683870963,-0.11415809049080379)
 (0.56511374118196622,0.71150138700289833)
 (-0.031293567925703369,1.0201810129887467)
 (-0.46305526135339292,0.9226677103517511)
 (0.40738479555166529,-1.1449315590335862)
 (0.65257327775434604,0.90536743027306854)
 (-0.23505523648217,0.50108328866874174)
 (-0.2893098519524499,-0.70592562608056486)
 (-0.28213789107645554,0.34658808507848277)
 (-0.58462952571943827,0.18879239355415747)
 (-0.93642715971267609,-0.10440711841583078)
 (0.42746421188328299,0.60827250508975839)
 (-0.19113719143923663,0.11768804587182879)
 (-0.46288574078302835,-0.91046707274560068)
 (0.11243429987271042,-1.0072600833485128)
 (-1.2735829798735245,0.71780775610553382)
 (0.53289113801379928,-0.81127187344594964)
 (-0.33473382555191789,0.72615877299739995)
 (-1.1172826908353384,-1.1700900326811261)
 (-0.37417415791222147,-0.71146060660111243)
 (-0.92857320709940483,-0.59018583323571328)
 (0.95355866531748212,0.40497908904621888)
 (0.87581228099700248,0.89605593486690627)
 (-1.0209350882062578,0.77159254314192949)
 (-0.75321763699169653,-1.0849745255871615)
 (0.5335353846627886,-1.2084994863938061)
 (0.84720108213075829,0.47507404476969151)
 (0.17696445867537186,-0.69831112658109262)
 (0.75906995712793157,0.70850780402504787)
 (-0.36618485161271813,0.36675975574435676)
 (0.38923755695127987,0.59570992824487479)
 (-0.531366677083985,-0.22990601046396539)
 (-0.33158553163942994,-0.82152216944090373)
 (-0.9345075223201319,-1.288115841145193)
 (-0.59208664971958935,0.65742148785687071)
 (-0.67490351125503478,0.028539678606140484)
 (-0.5929019672921203,0.78075856051329273)
 (-0.52906980209166976,0.49576892642243303)
 (-0.64585557085348022,-0.56507795333235056)
 (0.27522524483768573,1.1486517185389242)
 (-0.089513265442733941,0.44577347370893505)
 (-0.93076571173834555,0.86953946356804968)
 (-0.91887308593151418,0.49344580038109714)
 (-0.73367071174370246,-0.20286784928560475)
 (0.4203229370166211,-1.0648363430570287)
 (-0.65355593227826925,0.295448017548533)
 (0.76787602963749069,-0.26846506526215719)
 (0.31005767636880616,-0.4491869618221786)
 (-1.0612281377343615,-0.47887775997502535)
 (-0.47485041215617207,-0.78564629045724743)
 (0.6340420649722619,-0.7991728282965046)
 (0.56209877313193335,-0.67525084424505999)
 (0.17385433786945664,-1.136983126893734)
 (0.6407647976844425,-0.36923842792883688)
 (-0.3266112262294309,-0.96690529464791375)
 (0.13188451714530525,0.7012087689722234)
 (-0.90601469158086001,0.25177436632907702)
 (-0.7559724740382785,-1.0881038521448108)
 (0.74590665221265096,0.54698925808021626)
