# Created by Octave 8.4.0, Thu Dec 11 09:47:21 2025 IST <gamana@Samsung>
# name: awgn20
# type: complex matrix
# rows: 1024
# columns: 1
 (-0.6658986270187548,0.73424529103436287)
 (0.71262234607270936,0.70965443401753747)
 (-0.69036333177006382,-0.78614997574390422)
 (0.6582743801072567,0.74982802200203047)
 (0.62613228225638295,-0.75265120024808363)
 (-0.86708682615250099,-0.71133216475053718)
 (0.7411291818353507,0.71724520072232867)
 (0.77983556252545017,0.63419763898520043)
 (0.77469461636814363,0.83442324774304821)
 (0.76244715066731761,0.69268405151278234)
 (-0.77874045042718554,0.68237366761957574)
 (0.69098372384647244,-0.60520080058716763)
 (0.71054445957732959,-0.60832418095501373)
 (-0.71752985190728746,0.5979070790535812)
 (0.52848749147417506,0.75674926673857579)
 (0.80024695751161778,0.74472063988601889)
 (-0.77002621994458198,-0.71367281147057648)
 (-0.6799854072397713,-0.86218291993449492)
 (-0.70652999628602686,-0.82858906929973142)
 (0.75779688855124416,-0.75944079216513871)
 (-0.65540107029261829,0.70480356409178635)
 (-0.71268523606102041,0.70950285583963701)
 (0.67159735677625187,0.68935691296992574)
 (-0.74572338624189116,0.79258772308332748)
 (-0.63375806501076903,-0.61874435026233887)
 (-0.76953560936497811,-0.74940099021741602)
 (0.73731492792392472,0.67970950622918591)
 (0.71548362303690205,-0.72467111992157829)
 (-0.6605532621909278,0.64039768536580421)
 (-0.76828476871739548,0.76966456492199953)
 (-0.74715692040312631,0.75375950709381756)
 (-0.67774587561283173,-0.7300704406144759)
 (0.66406429111689125,-0.84767907580972235)
 (-0.69750299895359802,-0.69859079124706469)
 (0.72658952423357848,0.67644763182712564)
 (0.71567246130957107,-0.79530371489930585)
 (-0.7699427694360016,-0.64172953446103598)
 (-0.75053906033445661,-0.76305231512942662)
 (-0.7140248672880396,0.73687601348659659)
 (0.80514898498815235,-0.70813085631413331)
 (-0.7389513618797422,-0.69734901372000391)
 (-0.67670558270288328,0.68948074884010346)
 (-0.69589958577379218,-0.72461973401514002)
 (0.74001806141957993,-0.87539010188103983)
 (-0.7969670528228463,0.61707548885312125)
 (0.69956279992010217,-0.85050582400416042)
 (-0.6789802339319474,-0.78965780076363046)
 (0.69528052716794753,0.77309203543313987)
 (0.73076452259567271,-0.77611727927176322)
 (0.80290268237768059,0.68999469820082382)
 (-0.67256392135511378,0.79904043523277046)
 (0.67115833862204954,-0.78038369593192858)
 (-0.77120718445046177,-0.77048942988251967)
 (-0.59771008592241903,-0.73910235746706421)
 (0.69609344187321853,-0.78128606424056379)
 (-0.75245180192173167,0.88609309053216023)
 (0.56422064655521209,0.64485771772185707)
 (0.7584928545214189,-0.70283274796307893)
 (0.7272678928480526,0.66096669705011368)
 (-0.71222089355409335,-0.60658875235932797)
 (0.74993888777741469,-0.67323504919117916)
 (-0.65802864222126312,0.68645292439124017)
 (-0.78415406664729215,0.6366898608975281)
 (0.79037170011939128,-0.74431728418840359)
 (-0.65433709212571334,-0.6819876282025259)
 (-0.64998722595895031,-0.53973243821537598)
 (-0.77204556632138654,-0.57190863732817854)
 (-0.55774460017082894,-0.6188122651198088)
 (0.68851407775565554,0.60856727835471802)
 (-0.69481645446909257,0.82096061766935935)
 (0.87828041811086932,-0.74438848031007943)
 (0.62540861792710989,0.63800018518309709)
 (-0.84042761918166087,0.72613379074591711)
 (-0.65158126357192758,-0.70658221812317079)
 (0.73388589374798952,0.59902860751833109)
 (-0.74656670725925134,-0.53527758284693372)
 (-0.77579889285831183,0.74425711199500699)
 (0.75325158155851679,-0.74163250945044379)
 (-0.80742780642429079,0.6773507921803823)
 (-0.82524731704286736,0.70479129432622556)
 (0.55107642954799307,-0.65900429158589591)
 (-0.63027060825283343,-0.72341542057553709)
 (-0.77580401673640309,-0.81014633221207077)
 (-0.63646084148594861,-0.64626040300281096)
 (-0.70001300926964316,0.66159070522916363)
 (-0.77644946599847375,-0.65627928239973476)
 (-0.54936281171670853,0.76861106942593416)
 (-0.78027476967659304,0.77549254517110733)
 (-0.73523540758644457,0.74338933784437944)
 (0.72779429677128293,0.72671257924007548)
 (-0.79538033353029503,-0.68698384134611823)
 (0.75329158307805455,0.68132361355677296)
 (0.7772691784244411,-0.72224456783101365)
 (-0.85699921202895468,0.85823598645450738)
 (0.55880269269963911,0.7004214934128361)
 (-0.71101297211813153,-0.66650836632742472)
 (-0.59650754340074885,0.67988440223554347)
 (-0.76759379232587877,-0.66728083133165317)
 (0.61457494739096918,-0.75274732475661987)
 (-0.59074320387010748,-0.73944517779249708)
 (0.65848770444169646,0.77641691820247993)
 (-0.69204051789351173,-0.82058520623726872)
 (-0.58772615559927721,-0.81119588193234426)
 (-0.79654297497765436,0.72843004885831231)
 (-0.8034655957648027,-0.64302708125650476)
 (0.72386815376003,0.75379167485058884)
 (-0.75690920076195678,0.68978843205010454)
 (0.88386164645926102,0.74628707880332901)
 (-0.81028897818125345,-0.72624263063016747)
 (-0.70180885703056717,-0.67532568713138008)
 (0.73591570612326485,0.8116103408947144)
 (-0.61421383227385262,-0.77594723627050555)
 (-0.68383538056707482,-0.74131278483725338)
 (-0.68886377104536611,0.76865519586253828)
 (0.7861051272814894,-0.64607356543594407)
 (-0.63142447153914238,-0.73827740654930218)
 (-0.67133652340551753,0.76770297001767995)
 (0.72361945325813037,-0.76399844452115384)
 (0.73085318213955186,0.64955953248827636)
 (-0.80913079676860966,-0.68980539646303041)
 (0.70252752921649098,-0.83293378969463927)
 (0.72625381265180189,0.68899311320924106)
 (0.70900219400660103,-0.66334062492639334)
 (0.66666218176566983,-0.78105162454499877)
 (-0.75136748960222965,0.77059733594678592)
 (-0.59685229023165687,0.75044689839778433)
 (0.74466329886456684,0.72182905021338295)
 (0.62470393891028819,-0.68670244606927122)
 (-0.72526970693379267,-0.68325279683434259)
 (-0.78621085113585798,-0.63004842959754359)
 (-0.79592421581579054,0.53213320269478659)
 (-0.66590390986664783,0.82597022394901598)
 (-0.78049022242769062,-0.72623640982002868)
 (-0.62380501766570196,0.65069760004088406)
 (0.67542529934897566,-0.69443998027731613)
 (-0.80853983860243739,-0.58541902970743254)
 (-0.69696703304617835,0.62771703857690153)
 (-0.68440302590368418,-0.81918144073207333)
 (0.83592655302308017,0.77150083471419639)
 (0.83274827442032806,-0.64456249251826048)
 (0.7254678367098002,-0.75493130564607924)
 (-0.70998070444402117,0.64326445842292401)
 (0.64945984863724715,0.74476991306790974)
 (0.49782909720441404,-0.66289436459400863)
 (0.90216050997880326,-0.59025971687772449)
 (-0.82610777292669635,0.68162285111509036)
 (-0.57470386059828105,-0.57688261293917431)
 (0.83434280797162552,0.75470397204603579)
 (0.69191920227798231,0.62569594938005524)
 (-0.70239432658847778,0.69376919579239249)
 (0.6499433179997075,-0.7175990118699761)
 (-0.74474990407026753,0.56171110154299364)
 (0.67567940176144015,0.5610230659717963)
 (0.81131246838223181,0.75256525718238387)
 (-0.56701422787043287,-0.74660336333660438)
 (0.76352907750009058,-0.79574033533536281)
 (0.83347734782806682,0.7267326608955742)
 (0.64146023888752868,0.73979129223438667)
 (0.78267683325150206,-0.65375067987212909)
 (0.61333848577421812,0.60936690130523208)
 (0.73058703775941991,0.78477419425213724)
 (0.736518063580334,-0.73830314316809387)
 (0.66396174724271428,0.71017179651515039)
 (-0.6798225293878396,-0.83654666703512859)
 (-0.63092554371478649,-0.64594806678660333)
 (-0.75159779745787403,0.78585356417752883)
 (-0.64951691562737324,0.78745687901723582)
 (0.68684697751009016,-0.73605378925508358)
 (0.7529676333085642,0.71250553612430068)
 (0.68207582616836171,-0.78743540791732358)
 (0.64885309373484124,0.7126874375287261)
 (0.7754645738766125,-0.73527890198989976)
 (-0.65693300560800394,-0.7397674304089874)
 (-0.6438478050061831,-0.7126513437657791)
 (0.73565459941861644,-0.71115140584393344)
 (0.70748528826349733,-0.6519778721052496)
 (-0.68326236096974824,0.64255154807393167)
 (0.63195226438922236,-0.67755186746636253)
 (-0.76314389787073744,-0.79258162677525845)
