# Created by Octave 8.4.0, Thu Dec 11 09:47:21 2025 IST <gamana@Samsung>
# name: awgn20
# type: complex matrix
# rows: 1024
# columns: 1
 (-0.74811715220810104,0.65008638073458547)
 (-0.7514558011945548,0.67643361685786307)
 (-0.60900455532152875,0.76171476816327288)
 (-0.72146178291927998,-0.77321563008193284)
 (-0.73470745330688048,0.64860995012885758)
 (0.75477860619610448,0.61074900260257203)
 (0.77877740742635104,-0.74002149561888364)
 (-0.63277864654303584,0.69052934648674591)
 (-0.64178897546444091,0.61805946806559375)
 (0.62969287392081985,0.72621092079146621)
 (0.766770863287911,0.75071181212803961)
 (-0.82540327061202123,0.75132068295708254)
 (-0.66469863934318762,0.63185188718088359)
 (-0.61167275705359903,0.73496886452336563)
 (-0.71899050415814492,-0.64744057735710314)
 (-0.5745006047727802,-0.71974957264889139)
 (-0.79819203741325484,0.71917081463595822)
 (-0.75306322368823686,0.824284395195232)
 (-0.61305245748135695,-0.67752474147204433)
 (-0.68409174083650459,0.59934119991304968)
 (0.71593758851625211,-0.67487167066676956)
 (0.76592864226361768,-0.70726516823944774)
 (0.78078121198085193,-0.63837363304187278)
 (-0.86747316036973721,-0.65805369747417064)
 (0.7066130300945952,0.69997551962812088)
 (-0.79424899701885054,-0.64266217400694592)
 (-0.79681752445305731,-0.7316235315157239)
 (-0.7886474336778555,-0.73080011868064321)
 (0.64016033614122869,0.85369405980259794)
 (-0.67721125211890465,0.62567521221286493)
 (-0.70534513508780294,-0.69444914550651882)
 (-0.66326704353109711,0.72499246948523388)
 (-0.79983310267152574,-0.60192763572858565)
 (-0.76702418561574937,0.78924670687968879)
 (0.7118298074884567,0.72370746123291751)
 (0.78800771243300127,0.58287520549692851)
 (-0.69762503740627235,-0.63410386415309428)
 (0.7309063960857396,0.70134543707243135)
 (-0.59575019998227818,0.81886816579405652)
 (0.81736720023501086,0.6825311028754657)
 (-0.59110777749120014,0.70222644328256689)
 (-0.8266326828315379,0.72453324023025001)
 (-0.69337870079757991,-0.69896744525847421)
 (-0.77166556443616785,-0.6663048595992408)
 (0.73812444598521387,-0.6409513564437006)
 (0.62832491899882248,-0.73733879164296878)
 (-0.66820019908362926,0.72586582018617718)
 (-0.71821139258532929,0.7877022221912019)
 (0.66991786450365398,0.87131788295797397)
 (0.58965179506505072,-0.68271471357407099)
 (0.72612525741357159,-0.7705950119356102)
 (-0.70591668516686612,-0.74716045382275587)
 (-0.7841503802311931,0.76405769408468882)
 (0.65359531745882671,-0.66637932381689691)
 (0.74053940009512764,-0.66446363659832974)
 (0.70673819996706833,-0.69193625783605794)
 (0.81960764709094114,0.7118744058764227)
 (0.72512931400920366,0.71088098718190817)
 (0.69015733404254631,0.66068017714806193)
 (0.62914192433472638,-0.7795080443558714)
 (0.60293552028661412,0.65317638973577852)
 (-0.80395233390887233,0.65008652286124646)
 (-0.82884684953318621,-0.78609938679917801)
 (0.77402394734157465,-0.75574223042257027)
 (0.64159023222532041,-0.62856747601248231)
 (0.73728547984286141,0.854354626203502)
 (0.78188207617300687,0.63304005550839348)
 (-0.72749110287908514,-0.71021131867388143)
 (0.77321964718349501,0.65604841507649547)
 (0.74951169326691636,-0.67083324439462644)
 (0.6825911146979371,-0.68821882342808005)
 (-0.85190216318891476,0.55619927925869583)
 (-0.6787142791779861,-0.66424842197534062)
 (0.76398768292853336,0.63803009699306767)
 (-0.71471623663100547,-0.65235931518728296)
 (0.7008291842057115,-0.60112806949251962)
 (-0.66924836492757733,-0.70860632528729506)
 (0.71888479994603505,0.65952891995472918)
 (0.78222955161671304,0.79945133171255156)
 (-0.49784209791615686,-0.65470410296934389)
 (-0.47782861389201536,-0.81219496585346329)
 (0.74358581970435134,-0.66972179349145866)
 (0.65352486953058408,0.70716348876507029)
 (0.74551403828258911,-0.7738585045549734)
 (0.73706683077217905,-0.65580764790891843)
 (0.65062594540352658,0.56592871214222651)
 (-0.67333826341129843,0.70968663386237218)
 (-0.61272649994796502,0.68920784553311043)
 (0.6986759305851008,0.75992831947183936)
 (-0.66187609856548912,0.66909467106101894)
 (0.7135542610873804,0.68986630477137656)
 (-0.73931652200041609,-0.6402283872082476)
 (0.6492640055725164,-0.73299420283372319)
 (0.60923774322588242,-0.70587319071324917)
 (0.70728926791157498,0.63437108882770754)
 (-0.84020132447514939,0.75293109557941751)
 (0.70464373336237573,-0.80183936065755868)
 (0.7036512153910125,-0.72434509427661831)
 (0.62323394971136103,-0.83153760118511633)
 (-0.82477252612013752,0.72679054697996737)
 (-0.82403488165297989,-0.8236647953379701)
 (0.77470784863805919,0.57835211282184751)
 (0.68833281131522694,-0.76154607570894206)
 (-0.70215600109564558,-0.59616719325984291)
 (-0.75689097230394742,0.53131726602981133)
 (0.76377673373776833,-0.67826300856018373)
 (0.70270852155378583,0.69206008749160464)
 (0.69328104396026313,-0.75194239628303172)
 (-0.86197364670950116,0.70965248521609114)
 (0.62031202587105416,0.76965074118301136)
 (0.73093552520398641,-0.61257066491458667)
 (-0.71837911712409608,0.72909726838957645)
 (0.59610833218856618,0.6532488498498028)
 (0.60820443439336302,-0.74352378527632368)
 (0.70592801157416751,-0.74719262697808042)
 (-0.64785314729812649,0.79612647895629296)
 (0.82813872881548445,0.68968446493150759)
 (-0.7856400106864464,0.83504629719219614)
 (-0.56341353772053815,0.58960658686394274)
 (0.71822286047869133,0.79240120320116514)
 (-0.76826638924633572,-0.72097229305399158)
 (0.73749407115607402,0.78471528444116567)
 (0.78235629212798541,-0.73796451810188712)
 (-0.7002905468912296,0.76373831544932402)
 (0.74480595629314672,-0.83722378215620641)
 (-0.71264833920307091,0.81318347292923276)
 (0.70626735350644643,-0.70259113622959468)
 (0.76321153996950242,0.77769030847640319)
 (-0.70402927530212933,-0.85680887280140761)
 (0.98228763890347559,-0.71377303382714763)
 (-0.72857104109070414,0.66286287192126347)
 (0.68284201610437489,0.62803266697518845)
 (0.7672759150508206,0.67488965645495991)
 (-0.70272467719512544,0.59673772012633131)
 (0.73333470826359537,0.61613978261143632)
 (0.77096929268544678,-0.79210955917296)
 (-0.72674641337739232,0.87937286939063786)
 (0.75333448070112929,0.64139146148902171)
 (-0.78667307527650898,-0.69117814502914376)
 (0.75354551839644035,0.69133125099961101)
 (0.62017931764659795,0.62439413400618338)
 (-0.73045194516387202,-0.6887288310392905)
 (-0.53358309584176811,0.74049598200593825)
 (-0.69403482563494934,-0.72711068647507782)
 (0.69792985640329486,0.6876362656119055)
 (0.81234344150933047,-0.66821451208865978)
 (-0.66799113898650675,0.66432834555820219)
 (0.7690474878414495,0.81000130111403446)
 (-0.82158598184280307,0.66782714020040435)
 (-0.65773371923847324,-0.79975342371269176)
 (0.7732089002123762,-0.70584307828972082)
 (-0.87406727904630288,0.697985101446709)
 (-0.82148796983444394,-0.64894511174863578)
 (-0.72743507597599855,-0.64387403064521997)
 (0.54981345857425434,-0.68172611609771938)
 (-0.63265526142738593,-0.71542910948569549)
 (0.63160742971314132,-0.70629143481622814)
 (0.66224831927543815,0.66431454940151702)
 (0.71621696840728688,-0.63095617327756603)
 (-0.66865493954534505,0.6635420987470082)
 (-0.71754140546992207,-0.62607545030087886)
 (0.77881104979239524,0.71471134561207861)
 (0.79270628588274439,-0.61774428028763761)
 (-0.67831747215065785,0.71723760656203817)
 (0.6628024276905754,0.74721771906188628)
 (0.6967385276831457,0.66297543048804841)
 (-0.80949681644009885,0.73237359464499641)
 (-0.6398386561468361,0.73544904258539634)
 (0.69245152280882472,-0.74759269223635871)
 (0.71026683614668196,-0.73179152515108459)
 (0.86233778164350494,0.66059185884859439)
 (-0.62936277936172513,-0.78846720686485572)
 (0.66632362975963177,-0.63413559379745299)
 (0.61378837513855433,0.78383356424044104)
 (-0.77055676538837514,0.70823571377210448)
 (0.75842950367279505,-0.73514627550008693)
 (0.72191586419953646,-0.72599223697706627)
 (0.6572108638753591,0.84746474556103979)
 (0.72559927643272037,-0.73309274385515988)
 (-0.66309776824141176,-0.746787410715544)
