# Created by Octave 8.4.0, Thu Dec 11 09:47:21 2025 IST <gamana@Samsung>
# name: rician
# type: complex matrix
# rows: 1024
# columns: 1
 (0.88156732422882067,0.99643973641749906)
 (0.56865770169781227,0.77220289022135313)
 (0.48348847766004299,-0.10759790793232871)
 (-0.41774187170227028,-0.093940955554373234)
 (-0.92705183013755199,-0.66569939125766953)
 (0.80023765967805061,-0.46242849975416622)
 (0.37768001503420523,0.48527414606195596)
 (-1.0846007364438566,0.41040598703249248)
 (-0.52734519214568532,-0.46476547529969409)
 (0.598610071401251,-0.5572705306008312)
 (0.42178676290699507,-0.26577201304349457)
 (0.59077226954090267,0.15524956743315443)
 (-0.30682922232875437,-0.89179706448628049)
 (-1.0418343848627611,0.63040691921432979)
 (0.39740951226949345,-0.83835333658895084)
 (0.69886973902242322,0.11706020362163377)
 (-0.23316678153499637,-0.68220690019121544)
 (-0.42333800531751564,0.30508993348421787)
 (0.11227801844775837,0.38363740301495181)
 (0.35321650598808518,0.59107652551676615)
 (0.27951095177807861,-0.053604677007658613)
 (0.86267700802602998,-0.32771479501234096)
 (0.023778638706828031,-0.34087679665689086)
 (0.81043546797050237,-1.1686786371775764)
 (0.73731169844848166,0.88443319818459532)
 (-0.70236502011806279,0.29485855757376533)
 (0.10173712787321477,0.055867627480812546)
 (0.229946868030726,0.44267620471469654)
 (-0.3971691277835025,-0.98404115397197844)
 (-0.46455938086377602,0.87786404787779282)
 (-0.26627296067887807,0.77196927361817891)
 (0.36487793791843892,1.0383915393321725)
 (-0.81975259317486393,-0.43055895189042631)
 (-1.404843216496984,-0.89319609438047909)
 (-0.67807243340833612,-0.2928318925636913)
 (0.13962089810245237,-0.78869383405263538)
 (-0.71711884496196765,0.21523399475737104)
 (-0.51462375228580215,-0.46937691372261098)
 (0.92806278943524201,0.032883528556416242)
 (-0.088866315215776981,-1.0690799204800057)
 (-0.50737989763662905,0.072293619661698061)
 (-0.24702714204209747,0.94028945076761206)
 (-1.1336736113667243,0.8768193745995293)
 (-0.23143933962330715,-0.65902097498948664)
 (0.36093336132281495,-0.63307448209520489)
 (0.94731225719299572,-0.59829321668571689)
 (0.731031166729184,-0.55325486082255204)
 (0.08371280046573859,0.64160100957403765)
 (0.52002874369743635,-0.35942919128872775)
 (0.7794734647449203,-0.65532973880248113)
 (0.32175260605294287,-0.61237794617500396)
 (0.13167856149194823,-0.39261930893076868)
 (-0.58400393134354145,-0.59632147030849247)
 (1.1351285732016314,0.59788367771893314)
 (0.28306059290503394,0.78473648893119619)
 (-0.82173464574335764,0.31307285447467509)
 (-0.62569261583400071,-0.21038143106130372)
 (1.0923740786533793,0.4888180018149651)
 (-1.3912009819067694,-0.72065354768386825)
 (0.93840831444137551,-0.18151981352847996)
 (-0.055453763892229058,0.21824142412079606)
 (-0.47148304467503777,0.69738610413388091)
 (0.18610804002346099,-0.92448900623775176)
 (0.59498477856535104,1.1067545146544624)
 (-0.57225780698125694,1.2709756084504382)
 (0.70081505374941155,-0.44380514753460237)
 (0.26991478766864618,-0.15502795987875251)
 (1.1711453706258548,0.8224393652945754)
 (-0.76895114473125259,-0.86863982733369072)
 (-0.90544849839058683,-0.22371958955225951)
 (-0.96431023023600859,0.61036307655633915)
 (0.34901617729083079,0.29755831123615106)
 (-0.71205574805999849,-1.2226325970449086)
 (0.82817461898705691,0.31666993385168868)
 (0.54788555630145452,-0.73373457182827406)
 (-0.40078825834114151,0.29257235007604399)
 (-0.44960206690847859,-0.71945162226739168)
 (-0.64120144254470746,-0.48898019654410407)
 (0.64736852558681379,0.76782978845520211)
 (-0.090905102723127407,-0.76190413456929584)
 (-0.56184642300324206,-0.37665759241304997)
 (-0.33320298052782604,-0.060545638680217534)
 (1.4926385178859847,0.17350706191266829)
 (0.16150567477465083,-0.39332529280612305)
 (0.61680396915139846,-1.0554270398668113)
 (-0.53368700279879855,-1.0381234772641763)
 (-0.70089675510606675,0.14982233703641268)
 (0.71382474798759787,-0.9901769071949158)
 (0.16601009294296359,-0.29419892703188383)
 (-0.91278848183188122,-0.007412569774772837)
 (0.90802283430986741,-0.087105881088542891)
 (-0.80060374516741339,-0.31279470172237167)
 (-0.59912092650409732,-0.80910667592171515)
 (-0.97811221363599143,-0.4004439905014861)
 (-0.13364327551038171,-0.53426140108692455)
 (0.82225625637131838,0.68210147184040359)
 (0.5374394789168615,-0.21324290309478838)
 (-0.058252762817874948,0.57559040938584327)
 (-0.51548909390350461,0.67360187961222406)
 (0.56440296584121219,-0.56183365633579507)
 (-0.34281106057157101,0.16826215039032438)
 (-0.79243892251631531,-0.21368434860384505)
 (-1.0041819317705385,0.47654497812744584)
 (-0.061015492874341937,1.0030337161451626)
 (-0.55621118996937113,0.7966151652950042)
 (-0.82851670523337373,-0.41559144121458708)
 (0.29985240998954116,-0.80446288755796624)
 (0.56339058478130022,0.092722812268948296)
 (-0.42012076867002945,0.73662479197016029)
 (-1.1250532700342806,0.41372867377775507)
 (0.64255536279746994,-0.59900147596364295)
 (-0.64276520501075396,0.5083050746829294)
 (-0.13756432250179351,0.9872031235508778)
 (0.65806407527466604,0.83793400802027951)
 (1.0647210641441462,0.094353906781804442)
 (1.1522575657864051,0.87976918277333271)
 (0.77664309298127998,-0.21104587344136633)
 (-0.077288583592832638,-1.0453698592000089)
 (0.5508248958801214,1.4812724518038076)
 (1.2664165290446774,-0.8861983313277505)
 (1.1545874651860528,-1.1336660430255845)
 (0.60707809389526013,1.0093644932688126)
 (-0.92447249492014549,-1.6240947585129257)
 (0.31521267069373216,-0.55342677078427827)
 (0.48948015572981229,0.61599094130818211)
 (-0.23386241755029774,0.15003497344561051)
 (0.57809134560726771,-0.72843953124661642)
 (-1.0024967321771658,-0.095633435725968163)
 (0.48594857839381522,0.73655755908574749)
 (-0.67538886333032044,-0.42113174360794492)
 (-1.4290028088107807,-0.64210833343435869)
 (0.34374650856198885,0.94188052915217635)
 (0.82518002516728095,0.8097488610474346)
 (0.84997497558195612,0.85878380891783168)
 (0.46187922769165779,0.37901204889847784)
 (-0.086461504700579672,-0.44510310020850763)
 (1.3321256832153598,-0.44266439512090183)
 (0.51156716247690637,0.32556236279069961)
 (-0.35627932600990464,-0.44016742641092543)
 (-1.5267899728078862,0.22747965822808436)
 (0.53643964861162519,1.4253593975115137)
 (0.31013156875817083,0.50431268248498173)
 (-0.1421311481644365,-0.35533531311751942)
 (-0.73475497458535755,0.39774613228616051)
 (0.1586781751651371,-0.39926730322581755)
 (-0.46176712979713991,0.65564008168357901)
 (0.4272363696231356,-0.089687488752662498)
 (0.13871571527911669,0.49650904271334068)
 (0.59741452663207117,-0.76784451664508357)
 (0.70765399909338833,1.5036123476675847)
 (-0.43903157760192113,0.51808606387303124)
 (0.9404885177280079,0.86540445707865155)
 (-1.0668292074910461,-0.60673399342003187)
 (0.56684868641825914,0.81792778149479961)
 (0.85952003113176256,0.59948943763681672)
 (0.76742813085398132,0.51673639216156275)
 (-1.1327732792993257,-0.64316848355308309)
 (0.53977933036646597,-0.24251806716903054)
 (0.74307648462712428,0.78478168357357414)
 (1.3693660886344226,0.9110594458663599)
 (-0.83610403486386198,-0.29981997524898146)
 (0.6616149687571875,-0.93521489014062542)
 (0.91577075560944876,0.27218550173280892)
 (-1.0610522410742163,0.21569480768765359)
 (0.51503651251530858,0.76288816054271635)
 (-0.68591274376713807,0.14872358933934671)
 (0.68888017979568095,0.25175704542983757)
 (-0.22596893175659588,0.28526487209268619)
 (0.19939581591612607,0.58460525090031867)
 (-0.55422530390364055,-0.34292213872368726)
 (0.17634241674189421,0.27657090751804403)
 (-0.97446708189985598,0.24026757181868663)
 (-1.2312879905357876,-0.041400037860375716)
 (0.58383293754337451,0.9461851010597303)
 (0.56990294013069931,0.65579490566510035)
 (-0.58403711015820259,0.70456250320452873)
 (-0.4292954258416028,0.59854559146944819)
 (-0.6012635796121738,0.80023237970738526)
 (-1.2761268084422503,1.2408000134786856)
 (-0.97429504049314231,0.9099326921796218)
