# Created by Octave 8.4.0, Thu Dec 11 09:47:21 2025 IST <gamana@Samsung>
# name: rayl
# type: complex matrix
# rows: 1024
# columns: 1
 (-0.63695234802321699,0.50997520747454084)
 (-0.84169219093334047,0.47409068778557828)
 (-0.67871173787915118,-1.1787453884874433)
 (-0.34884632390464704,-1.2811231573418536)
 (-0.99443210782543501,-1.2791675930322368)
 (-0.056994218765788363,-0.24592104938181925)
 (0.25272779521122324,0.66427806478019702)
 (-0.27077711292385132,1.485758564945193)
 (-0.042206015952382936,-0.82138982395795745)
 (-0.41107076813440796,-0.61788576962523334)
 (-0.83631184660666547,-0.81036610410759202)
 (-0.74478575680968429,1.4167633959520927)
 (0.090794514494262013,2.0756483644765371)
 (0.23839692956624906,0.50162750839720527)
 (0.12527236760589944,-0.91210249115894715)
 (0.94867483860762769,-0.93401416701370998)
 (-0.0285436244782315,0.012776122048577511)
 (-0.61334335122624606,-0.69997409699271862)
 (0.74586840368564655,0.56199854003179384)
 (1.4201511998108698,-1.4634882096219006)
 (-0.12897670348865276,1.3162041200118737)
 (-0.036289774506317971,0.19390633329755419)
 (-0.6723517445036048,0.079424833116724658)
 (0.87550387156502751,0.26603647256593022)
 (-0.0095205377122938931,-0.072822358822702604)
 (0.46852609387065625,-0.25021119150867377)
 (0.66591105090196179,0.58704712111101254)
 (0.89432474549015673,1.2719026452917894)
 (-1.6105387751366138,-0.37959602197560161)
 (-0.038694256700122609,0.68549691280007297)
 (1.7747757445831949,0.066423702854255362)
 (0.18892948150349581,0.66406568575604075)
 (0.082885672457347015,0.52268864991523079)
 (-0.60277669306381698,0.36963826512891357)
 (-0.10147947745653896,-0.4686151506631695)
 (-1.4058001177346604,0.37499171779083829)
 (-1.3484492371023999,0.41714506577621852)
 (0.89702443800196108,-0.58061740017434837)
 (0.12765006802845866,0.42927021605821503)
 (0.45958749312125119,-1.1696076306307555)
 (2.3262871878623437,-0.010738536980837043)
 (0.34982766357565181,1.1636848666914914)
 (-0.27052250340739503,0.83771703575771261)
 (-1.7002836369291785,1.0227868629420569)
 (-0.60049074500393962,-0.81834970739000434)
 (-0.19987020534599975,0.81066851255166905)
 (-0.14633457231683875,0.46722990535220232)
 (-1.0568624444872361,0.51785885037089918)
 (1.9107677368944902,-0.37920512319800237)
 (0.44496317507316596,-0.49664169343958053)
 (-0.78133700391826177,-0.54147895888005759)
 (-0.098700568227675353,-0.017376263636744327)
 (-0.32542155850060028,-0.3339358146350575)
 (-0.24164467366967302,0.64630799976743969)
 (0.007925448424456652,-0.21801320283756437)
 (0.25897588456906923,0.3095736970794824)
 (-0.65833039055233833,-0.04211103183370557)
 (-0.058858203053311714,-0.42781663852504426)
 (0.44811238294116296,-0.54066379697075673)
 (0.3867653286843199,1.0293380499427265)
 (-1.4122859802835701,0.025104751772005662)
 (0.022444493817500875,-0.044722931734970363)
 (-0.2286365896802704,0.75108820509607455)
 (-0.55000766900097164,1.3061089683086162)
 (0.76303839669267981,0.60114964289849959)
 (-0.72948702390560616,-1.5808885984740733)
 (-0.53249818607414345,-0.19586935550265328)
 (-0.65421056186877502,2.1634769290923517)
 (-0.27911075190574547,-0.34577380212031)
 (0.38371680054044643,0.77703119891436401)
 (0.55006723451382478,0.60862082995402977)
 (0.24520964804999909,0.5503931369653835)
 (0.53751520845998879,0.12023958252028452)
 (-0.085902309095709395,-1.2624538351575529)
 (-0.82672340571408942,-0.35536036471434029)
 (-0.059677086550154176,0.016793186310841781)
 (-0.75774927062985764,1.2009600653004537)
 (-0.45105617588634261,-0.1208991999169737)
 (1.6710157522306543,-0.21610472241381484)
 (-0.5027209874481966,0.23149554919698248)
 (-0.25944552305933199,-1.3340211211620088)
 (0.54542684063509939,-0.4113819023094123)
 (0.59781883664974167,0.5183835516582278)
 (-0.51617331697355806,-0.99197825112808236)
 (-0.86328085436592761,-0.3501899861522651)
 (0.10371205141477817,0.23640502319337742)
 (-0.77331076974773649,-0.85949223120786533)
 (-0.034809669123882045,-0.048716173613559371)
 (0.077365207436001171,-1.3569595865715802)
 (-1.1587466855199646,0.78913258370096084)
 (-0.53000965401582045,0.953515624697855)
 (0.52205182515321802,0.9679108451737839)
 (0.13455500349417371,-0.86719196915665553)
 (-0.41818170758039086,1.1199510923004732)
 (0.24894330628233219,-0.49293502721375593)
 (-0.17797169388576556,-0.50437773434494271)
 (-0.55721228056143257,0.95085701172594161)
 (0.13823722398046345,0.56831497415483756)
 (1.367909969001418,0.5642798182872022)
 (-0.20800043899873649,0.27049771747662543)
 (0.51702374719146016,0.83296842851894903)
 (1.0245622924128694,-0.45526692318486683)
 (0.079630740154528812,-0.032445414054176336)
 (-0.87132085042965379,0.48851473029550629)
 (-0.54520142333115995,1.3611421009295004)
 (0.50071111731763196,0.14006262449094492)
 (-2.3676987017533571,-0.22170359991898625)
 (-0.056565248163012727,-0.40025443848477155)
 (0.46461817989421611,0.87399517592601539)
 (-0.0036255193654535361,0.20841006702862008)
 (-0.88635634657223517,-0.76939117735303408)
 (0.34200793152003495,0.076565178241301907)
 (1.8362441000220922,-0.0072653484154531212)
 (0.19666336713146682,-0.79843721256662048)
 (0.54776245841182658,0.83810449628897254)
 (0.56935803235630689,1.1531422299374587)
 (-0.75588916526388639,-1.0955730252932661)
 (-0.9367978166882347,-0.52918337186685327)
 (-0.28726963739809513,-0.88706525040002449)
 (0.99854485957892358,-0.7951548414069548)
 (-0.041597915776718786,-1.0717239462021175)
 (-0.25146840440561763,0.024174302573646209)
 (-0.34386657083846323,-0.21499712240718888)
 (-0.53008556584191091,0.4413032588651804)
 (0.63501552728543798,1.0415633755965548)
 (-0.15722317657219742,-1.2327952121304033)
 (0.69736017297776631,0.79066524823055739)
 (-0.56870434305657502,0.065391035104071904)
 (0.092719791911395566,0.63212244477337165)
 (1.0461840186113442,-0.15528944097257791)
 (0.40118699774366223,-0.81718927338569514)
 (-0.13568994684553409,-0.28484280179225924)
 (1.0673278279813649,1.4548757788367865)
 (-0.80990867096333974,0.59554572088487989)
 (-0.16096087066328163,-0.48115566209979505)
 (0.24879888877206047,1.4175426826118422)
 (0.31464796825911345,0.1666231380470336)
 (-0.49484293506163074,-0.63932141911509222)
 (-0.42497056563195484,0.24307788086070609)
 (0.88713420298532986,0.77050709698587661)
 (-0.42454701541224638,0.13192626000335264)
 (1.918656193435653,-0.41643145396651682)
 (-0.43726896523473646,1.1756872749131064)
 (0.39931454057856719,-0.27961261569390994)
 (-0.41913633515886894,0.93456856532595578)
 (-0.58653269247147533,-0.30137844542957731)
 (0.11298241977643331,0.70811937431851257)
 (0.80211597300824855,-0.23926060402658544)
 (-1.3688119261939511,-0.26635808970715513)
 (-0.64720608853715644,0.32584254063510898)
 (1.6190041486182638,0.094023890801904764)
 (1.3249299095867628,0.013845317283533332)
 (0.45145624190123884,-0.3606199593117459)
 (0.13163860779371334,0.92876354741681766)
 (-0.27982349729517142,-1.5122087827893118)
 (0.45545685492965848,0.052998737945980062)
 (-0.8063176788157308,-0.43304578545666794)
 (-0.76169576680721063,1.2228434222902298)
 (1.2976432860181091,0.16183578145720456)
 (0.52733856656952838,-1.040799559219157)
 (-0.57186346553590472,-0.13625170446269369)
 (1.8112998539655689,-0.85712791994204496)
 (0.79276388319125668,-0.17675353809864119)
 (0.087031678737477414,-0.65915973671051531)
 (0.17578522761861515,0.68433468408922582)
 (-0.83744563919985271,-1.3034365636424223)
 (-0.086325657722884364,-1.2101529990983664)
 (1.0289820536884871,-0.80230918706833476)
 (-1.4887101769732018,-0.70544751819397056)
 (0.34112915040198993,-0.20530229344804479)
 (-0.42874516135984486,0.9366959058359422)
 (0.23213121516243673,-0.074777889034708764)
 (1.125613751511318,-0.68204051259528309)
 (-0.089669068689211359,0.07836925174156166)
 (-0.87790143740231819,0.091105225358543818)
 (0.70421440295864435,-0.072163985902066796)
 (-0.99981560491879706,0.20652769537977245)
 (0.11316449472661079,-0.35914776537088311)
 (1.3648221061110966,0.32457157117361723)
