# Created by Octave 8.4.0, Thu Dec 11 09:47:21 2025 IST <gamana@Samsung>
# name: awgn20
# type: complex matrix
# rows: 1024
# columns: 1
 (-0.70000221087707104,0.80681153745423273)
 (-0.77572783225940811,0.665098663114564)
 (0.7902188794303141,-0.85214256368491881)
 (0.74712828937582731,0.66416366699061924)
 (0.81131003511079303,-0.74520230794990194)
 (0.6933169196922776,0.58843528753118568)
 (-0.76120928516015518,0.70437745199556567)
 (0.7161109919862414,0.70720357056855865)
 (0.79433457344194691,-0.75828782185865207)
 (0.71219708410637672,0.64136476512075424)
 (0.78220768759299797,0.7834387192864749)
 (0.75831413020237493,-0.58051489853025562)
 (0.74347735201514387,-0.60911826478207509)
 (-0.79390207476014174,0.74145950936919025)
 (-0.67551485661387145,0.76517062685625103)
 (-0.67260998409644157,-0.77148000566355346)
 (-0.78434895376606661,0.67197854313331951)
 (-0.88586189265436199,0.80341085133652834)
 (-0.64925098636569967,-0.67740164130069458)
 (-0.73317152608043912,0.64063158213462679)
 (0.67426067462632677,-0.6240080502037435)
 (0.61512609471645108,0.7443456266369014)
 (-0.75203165753839918,-0.60367577127804561)
 (-0.68065299505602017,-0.71017600802613989)
 (0.7447662786068614,-0.71460476012206131)
 (0.71405070190435727,0.73383126136621823)
 (-0.69940394491457858,-0.69646602103960142)
 (-0.72522447324635919,-0.82936436184645268)
 (0.74171886395108877,-0.78762370821076522)
 (0.75164818196534944,-0.62519316540409564)
 (0.81040759398762241,0.65917566452796472)
 (0.7239062667756232,0.73573188075189155)
 (0.72501778799161509,-0.70453448983054145)
 (0.64766625141774548,-0.7827804631522588)
 (0.75654728298210849,0.77002470654762734)
 (-0.71306367565863849,0.79047478088549195)
 (0.6658336134434234,0.67676129074506242)
 (0.64653310551724419,0.70596091996688903)
 (0.5735566933030406,0.7334058058129268)
 (-0.76941364474280871,0.76112662117050423)
 (0.73678333198372048,-0.71928527651844909)
 (0.74497190308062211,0.61636763778220538)
 (0.70523859348907803,0.73332100558785795)
 (-0.73196833255031024,0.7582711393949606)
 (0.66970513037455426,0.75901170961772313)
 (-0.67259556645114904,0.56088578393822597)
 (-0.57090005285100232,-0.6303309513616725)
 (0.65154682637638106,-0.75562688638210562)
 (0.77029595424567143,0.70910745557853549)
 (-0.73830382040977394,-0.6995073160406462)
 (-0.59122747082425975,0.73482501299118708)
 (-0.7129624105450264,-0.66660417385832171)
 (-0.75453021966833544,-0.69161230247901695)
 (-0.64558611250219422,-0.79366712729003597)
 (-0.73990964395825454,-0.55838702248483096)
 (-0.70417403712357252,0.63281340484819859)
 (-0.67653617873648775,-0.60867890513271738)
 (0.71040753436006698,0.71846746073768775)
 (0.67220740313010274,0.60436097537823774)
 (-0.59239179431496702,0.65379668149488879)
 (-0.77022302458950498,0.69360864289649837)
 (0.75848208740234813,-0.78428902278963397)
 (0.74121715763339158,-0.61549837202643864)
 (-0.71124500757276243,-0.64326096347242179)
 (0.76310713573424949,-0.79611840435876913)
 (0.5725187194083774,0.61211487557430655)
 (-0.66455800575668711,0.66987296696580934)
 (0.74532526933391907,-0.66727074213581605)
 (-0.66818241224409947,-0.62013551686305168)
 (-0.79358153697757727,-0.68899187053085797)
 (-0.67899915357148943,-0.69465409512593757)
 (-0.7527722361224396,-0.71025254155397921)
 (-0.77550089532489197,-0.57793421939484402)
 (0.85480663866622897,0.75985307064069452)
 (0.79373836680382492,-0.8388437351192346)
 (0.75164430153653039,-0.79421207235519908)
 (-0.71570511135011161,0.6474967483849362)
 (-0.80122083756597007,0.68821833143276812)
 (-0.69016486449147441,0.64529824959126225)
 (0.73063242476595314,0.68996268851977904)
 (-0.69412908617132885,-0.70027567542634883)
 (-0.57870471305594107,-0.82666485256157252)
 (-0.8198222567216229,-0.73915713239251635)
 (0.80811049184457395,-0.66032127572504085)
 (-0.70950945167497881,0.77523540872966645)
 (0.6919358593071081,0.72542448927092085)
 (-0.65278249222928408,-0.67766961439965445)
 (0.79637372520938088,0.73313494083064579)
 (-0.6172319643717683,-0.7024017013097984)
 (0.67273908740955557,-0.67624115867055168)
 (-0.80560356037387182,-0.73640875788536952)
 (0.6801787922806436,-0.54740348732707611)
 (0.77660693135514802,-0.80883826976522755)
 (-0.70776036088122152,-0.5874153427484522)
 (0.73053543788444553,-0.70508205516091571)
 (0.59972612274179649,0.70067408024202371)
 (-0.66143700189012422,-0.78263997908537997)
 (0.70736976990055189,-0.74201148880903334)
 (0.6406450928553391,-0.55507274438539966)
 (0.76317514330530545,-0.58326323279053194)
 (-0.70520914911583732,-0.78177005329050098)
 (0.64742426774514539,-0.74743434205616022)
 (-0.64859543905889594,0.70613814870191582)
 (-0.65769665638591579,0.77179610109117114)
 (0.68792781087286958,-0.74693156673362504)
 (0.7278279545186922,-0.76559439417105934)
 (0.66067305616389371,0.6772124936407754)
 (0.61564133478409999,0.58123460218317458)
 (-0.59317220166814311,0.67352872150609222)
 (-0.66835164887216492,-0.73268525224077197)
 (0.62906932743478861,0.89554834627335189)
 (0.78604270107719254,-0.6618770882004521)
 (0.73449507541632142,0.71806070506046049)
 (0.88339776920387381,0.65641612291628793)
 (0.70735184074219115,-0.74107645794932375)
 (-0.75716513525293339,-0.69499784776309692)
 (0.68648299223410947,-0.73841260483023385)
 (-0.65787262605952768,0.69570319256733848)
 (0.78163869503346306,-0.72252618872051289)
 (-0.75744554007543052,-0.67779085989623544)
 (0.69858882862852623,0.70550319498332514)
 (0.68737869915128536,-0.74056235400973447)
 (-0.76896984958864534,0.76348644160786838)
 (0.64448701952961318,-0.75306546211816361)
 (-0.78674822934324851,0.70981439214786424)
 (0.78630773566410772,-0.770532037749321)
 (0.7455249124073865,0.67912482244357808)
 (0.61330403103694087,-0.63715821969751407)
 (-0.75730144995727555,0.73282937290257177)
 (0.64312321854384935,-0.85578499889599213)
 (0.66922373873283869,0.73550759671894195)
 (0.64601494962993145,0.5890885358911383)
 (0.66802253614969809,0.71341958988236165)
 (0.71013154609329954,0.80438511765898479)
 (-0.9229423399925849,0.69149311224203769)
 (0.73342837677136086,-0.72989736309115449)
 (-0.76169034854134277,0.75524537689180127)
 (-0.74929643161116755,-0.62502647724699267)
 (0.69658732448294236,-0.66616525779778268)
 (0.68392362167739851,-0.58561856247878197)
 (-0.56043073187877401,-0.69884858948338591)
 (-0.66830651335693381,0.71664209110368515)
 (-0.64325170675735288,0.70191884201937249)
 (0.71990169079515753,0.59714082080825792)
 (-0.64234845091404369,0.58148488597728787)
 (0.73871974314991329,-0.71295386840406849)
 (-0.72929153406742275,0.61600679552788451)
 (-0.69597845115699231,-0.74093200045495611)
 (0.68023023013072015,-0.57323787390075642)
 (0.73162245864104214,0.69133810157740916)
 (0.70578490455889431,-0.84867063235393136)
 (0.6807316273431081,0.65173917829147665)
 (-0.68257515966593996,0.65295139109408407)
 (-0.7950687191964384,-0.63895284833353727)
 (0.74621481917992016,-0.77717425204650481)
 (-0.7462333736472877,-0.77714735372894828)
 (0.77252518881346599,0.68303904207358646)
 (0.73244283958032386,0.6980960083961637)
 (0.6316215846529003,0.83871878389519183)
 (0.6942456302285297,0.747588771555598)
 (-0.74325831682792254,-0.7875762608231105)
 (0.64087416462657221,0.76860703481351367)
 (-0.71942510721133346,0.67692829129766274)
 (0.78628697418619087,0.59927673860393271)
 (0.63673940972784993,-0.75453344508184339)
 (-0.61173594605084536,0.70934676740098968)
 (0.71177520388776394,-0.75020417441259968)
 (0.58996421027061874,-0.81043959950114264)
 (-0.65247693219028979,0.72705059527743454)
 (-0.63032661434963744,-0.73883411719872449)
 (-0.6395009941871761,-0.68968601222217674)
 (0.73021150825458281,-0.74654123712335829)
 (0.69411265122323373,0.65879747137041589)
 (-0.68732249962643421,0.6738661796288048)
 (0.75259131970386139,0.82450845059124211)
 (0.71027442079246716,0.73799279976751453)
 (0.75956994366741448,0.5447420066828671)
 (-0.75807990084474686,-0.72400839035779918)
 (0.64989491879388772,-0.60589819865040806)
 (0.72248216776068719,0.6250211591631496)
