# Created by Octave 8.4.0, Thu Dec 11 09:47:21 2025 IST <gamana@Samsung>
# name: rician
# type: complex matrix
# rows: 1024
# columns: 1
 (-0.55929939769777093,0.15384955952803409)
 (0.79884326850525311,-0.32497118032074646)
 (-0.25986189947749982,-0.054835159845224829)
 (0.69629492596410825,-0.062568163135790944)
 (-0.64745911547122859,-1.200079657619191)
 (0.98656885812886363,-0.50860391612032418)
 (-1.0117406803475999,0.38914142089076836)
 (-0.45901107434640692,1.0307725205409386)
 (0.62004165548371282,-0.62205911043578299)
 (0.46215417430883299,-0.77456260450194281)
 (0.036507788227919794,-0.22005614338466545)
 (-0.1069667096902478,-0.53749583785055322)
 (0.48165389617970233,-0.1610644507561784)
 (0.10414485892646674,1.0076479995556884)
 (-0.70190665161241905,0.10120835996850752)
 (-0.3529992108486103,-0.70938736656603762)
 (-0.87532280062272894,-0.45335349365560845)
 (0.85906444144206173,-0.28887426652152348)
 (-0.51153190744766586,-0.36313721787710262)
 (1.2180369638957307,0.29798987291374585)
 (0.15734156803526728,0.97557263208659117)
 (0.40966133023524032,-0.24141040148278062)
 (0.65401702772634673,-1.1117959083254472)
 (-0.57514746610547862,-0.65819619498598481)
 (0.82711129599117406,0.25705022040044667)
 (-0.50411201178512655,1.0675709396603801)
 (0.4499811019906011,0.61041043808859341)
 (0.6310239643692378,0.36404513068424471)
 (0.18772340352415884,-0.59320851749803549)
 (-0.40913985522835861,0.25507440649372759)
 (1.0565330774060955,-1.3829794394623101)
 (0.68858975473452033,0.073779031975985732)
 (-0.76302958139011179,-1.2531795982578859)
 (-0.16745343819703593,0.27753332220890603)
 (-0.55581985675650425,-0.29598770138236896)
 (-0.19582683497172873,-0.58905385806081811)
 (-0.32628549367872101,0.83574917643390156)
 (0.76006394876705208,-0.032573308732866901)
 (-0.95604685287383151,-0.38058528634384897)
 (-0.83765648307940688,-0.17259874947641357)
 (0.2868649158253731,-0.75059799839734764)
 (1.5060485579728393,1.1359984341162321)
 (-0.92305948013318617,0.67068604984722713)
 (0.39945804917033817,0.49817601247541449)
 (0.56236420968171785,0.1266735833393568)
 (1.1519442911493627,0.9010496220804044)
 (0.27702830201018225,-1.4103045674841348)
 (-0.13291155793204568,-1.2175732481407384)
 (-0.94741954531623374,-0.81188365952130392)
 (-0.75156284261944428,0.88429062477469156)
 (-0.52003004985225965,0.58368499803039331)
 (0.66971950607240704,0.53127083164633593)
 (-0.52320169994883892,-1.0925119745437144)
 (0.20874402642214684,0.57921597180077666)
 (-0.85655355183483495,0.49373905446732069)
 (-0.34598642261541401,-0.41105624227461723)
 (0.92554577700377061,0.81661129027456691)
 (0.66214933325540071,-0.10561534291858532)
 (-0.92343812868512187,-0.48208116271612522)
 (-0.26103362997823809,0.32709796638100153)
 (0.43403849125002175,-0.26086231128581999)
 (-0.78284728501473999,0.52172768298054295)
 (1.1493060903245902,0.66697602404707856)
 (0.3283904573972784,1.0184353819198906)
 (-0.53036978149096825,0.44308366100395979)
 (-0.57249486902866031,1.0741801795339496)
 (-0.66079889394473623,-0.48957059227445127)
 (-0.69215214048589424,0.62710368710504938)
 (0.79582732264229217,0.3887695469606024)
 (-0.2173721666021419,-0.39288945748792448)
 (0.22837774445864001,0.81416446675995424)
 (1.0522862765942771,0.22225414560212342)
 (-0.42440484275433149,-0.32095797283234012)
 (0.35400991723492786,0.90715439920385821)
 (0.63021235347720184,-0.43921277300830852)
 (-0.22400548314089236,0.81089960936701089)
 (-0.59792547380706096,0.68223539851023896)
 (0.079025084590811215,-0.30445034276730915)
 (-0.68275294563199185,-0.29614609390760638)
 (0.66818164878188369,0.50791251354836819)
 (0.73778968616739027,0.51408983592577084)
 (0.47813084337347578,0.6375409345837123)
 (-0.63419898807626029,0.1687809253184186)
 (0.89540128848323874,0.1383513793536757)
 (-0.73301752449725077,1.0738288723070524)
 (-0.84396882342995649,0.23844551794463809)
 (0.018913052395025221,0.7984293190537286)
 (0.68426956814276929,0.033089536693040267)
 (-0.93819703545743571,1.4630654567649306)
 (-0.51024792169852662,-0.40097814916825508)
 (-0.46184346217214756,-0.37429000770095611)
 (0.65485676291770745,0.36680123780621787)
 (-1.0672858963777507,0.50446688919818183)
 (-0.99863676397493739,0.72634891619743103)
 (0.0092388105403174992,-0.9507710217291756)
 (0.29301428991436523,0.44249331781732687)
 (0.74816077904971223,0.36532232609915433)
 (-0.13745939366299018,-0.41148340825135754)
 (-0.33040101819045348,0.020125587507279941)
 (-1.0602669947751513,0.77820309368852014)
 (0.41815438601687704,-0.91616304704469775)
 (0.04776156685317251,-0.38226887357242928)
 (-0.95166545967297234,-0.45575546816017992)
 (0.81837286838857137,-0.037201689341033461)
 (0.43053310372068671,-0.43380066028476488)
 (-0.99615530683896591,0.49271597804105127)
 (-1.3150869690096352,-0.23375966511087742)
 (0.58554370441461467,0.58286497523427083)
 (0.49078194325754804,1.3412951206281298)
 (0.69366957904144178,-0.028756868924415369)
 (0.57389861441317869,-0.39531393656416647)
 (-0.19106625076309536,-0.42396668548336758)
 (-0.32093089090405491,0.14300144494816611)
 (0.26877181798959932,-0.075470918178923721)
 (0.62945941513479919,-0.63949202361910573)
 (-0.22430132383941359,-0.57811098464437993)
 (0.5456155676129858,-0.5433930817585918)
 (0.81257367563810212,-0.53423513509529674)
 (-0.55324504978902522,0.4690129735172332)
 (0.93882073271584043,0.3866667430235371)
 (1.3458651035936091,0.59759507084981112)
 (0.16873884763634817,0.96716252671833913)
 (-0.22725457795890747,0.48235570274379413)
 (-0.12219951492587097,0.46743734696701666)
 (0.010534832689997331,0.79966403141291631)
 (0.85317912749005731,-0.41766118420738557)
 (0.19338840169792368,-0.65951595045750555)
 (0.77509932265270987,-0.59837705176468181)
 (0.6314019159487736,-0.46108105375151093)
 (-0.040437686414234453,0.70830125631539387)
 (-0.27403537733889372,0.38907669829137803)
 (-0.40991540227495493,0.44912332259745658)
 (-0.68500921009587623,-0.89413263237697493)
 (1.0351967344823092,-0.45563792923597585)
 (-0.44988709879528443,0.67193415914370014)
 (-0.3819054052836548,0.75110833655756504)
 (-0.91565270462459047,-1.1524596547538863)
 (0.84848193808331251,0.49287332245337023)
 (0.40462329225413585,0.35762876515055664)
 (0.82090758197519242,0.75624943814778922)
 (0.94168502504011209,-0.85004410421734367)
 (0.17692050442784818,-1.1216831580853952)
 (0.44397375837483666,-0.65603500417874971)
 (0.77412727788201241,0.55911014153852767)
 (0.083990653680219518,1.4133110754735341)
 (-0.67128276792325337,0.73647087754140172)
 (-0.62533932092290101,0.18410962485962123)
 (0.067274897212218659,-0.41247295876686207)
 (0.14199305146362229,-0.80954753481768249)
 (-0.96558523249962158,0.56333238337285063)
 (-0.6713776744419262,0.16308272877903895)
 (0.99121730744320935,-0.77425274574287251)
 (-0.82220971915290364,-1.4908288826578671)
 (0.89677617950209554,0.85338921697088799)
 (-0.38756735293345068,-0.59798319049289816)
 (0.79399761732173368,0.78587998747637144)
 (0.26537549861794318,-0.66479762883799309)
 (-0.61880046057448501,0.56868173569007463)
 (-0.13369507859428592,-0.67121882996029791)
 (0.43679317178308202,-0.62061759945738104)
 (0.11817352395889236,-0.97933076477951975)
 (0.4545448305629981,-1.2068499303694886)
 (0.8171320454396459,0.89064752019194027)
 (-0.72828325696072227,-0.5543510078341356)
 (0.54216699757731179,-1.1769670895486124)
 (0.68920736544879024,1.1487553488161957)
 (-0.80408672619565247,0.33563016801362699)
 (-0.15502029329095429,0.926095076746835)
 (0.71528540783744587,-0.11822783368633827)
 (1.0532310711237909,-0.8892098981894041)
 (-0.94456393899563207,1.0306178212899619)
 (1.1206377251217297,-0.13325582629753013)
 (0.85449024431743537,-0.76242077525812935)
 (0.5383494429312381,0.24000077758195118)
 (-0.16193045704501996,0.71505631948815607)
 (1.3157049389416697,-0.85079359786578768)
 (1.0903800981436436,-1.1131983818119391)
 (-1.2210080404777288,-0.39977368303786059)
 (-0.0058761677934708878,-1.0990002471042606)
 (0.15383636524959066,-0.45969001781386043)
