# Created by Octave 8.4.0, Thu Dec 11 09:47:21 2025 IST <gamana@Samsung>
# name: awgn20
# type: complex matrix
# rows: 1024
# columns: 1
 (-0.66699158646669876,-0.71571383966732216)
 (-0.65576403698086583,-0.68404459057868094)
 (0.59132396889589933,0.68562034732157273)
 (-0.65472784986556609,-0.77109021583293835)
 (0.80897044680950081,0.73899222339960036)
 (0.58692653498305947,0.59088419847573082)
 (-0.71699823391699558,-0.70858877839660472)
 (-0.67404506026170186,-0.75125566400194477)
 (0.90781671432436961,-0.65938700434025155)
 (-0.66739061994724047,0.70180571235090383)
 (-0.67511147892579282,0.64750664921738976)
 (-0.67988348740020088,-0.77397162727832169)
 (-0.82887846048717673,-0.80418858940264726)
 (-0.72841288987037256,-0.83866682478550314)
 (0.70791589405346822,-0.55640391918578658)
 (0.63495432152019593,0.52539020250210289)
 (-0.6860930210220213,-0.73056646963209559)
 (0.65911375487580626,0.83376563971207918)
 (-0.66461266932574903,0.64871414842132669)
 (0.73152729133644745,-0.61264978824277527)
 (0.5779275119352193,-0.66336368228645393)
 (-0.64115855705777391,0.69559214819309789)
 (0.70778262877643694,0.66793288356215053)
 (0.69693901106364375,0.66891362976289215)
 (-0.63933236320719489,-0.68637478126423024)
 (0.77350471314884439,-0.69338165216645198)
 (0.62366735619125391,0.69685391236563876)
 (0.69030967530302412,0.65083204460018296)
 (0.79303585302743418,0.58641023454895103)
 (0.70534163957965701,0.82617635154279534)
 (-0.59621646584018717,-0.65696280219314906)
 (-0.65040989792251802,-0.74213018129141251)
 (-0.66670281286837463,0.70495595061678173)
 (-0.69214031736310322,0.70224884327598924)
 (-0.83513812829658751,0.53747843908371951)
 (-0.67011496681606653,0.6849037410678438)
 (-0.70956245927020301,-0.69841594115239214)
 (-0.82470470783652416,-0.55681200209114812)
 (-0.69836905864551824,-0.64015319640961255)
 (-0.74212743524958524,0.69568640891842937)
 (0.69068198189308427,-0.80842666962392939)
 (-0.83992540388023418,-0.77432279404578563)
 (-0.57078871368896733,-0.70052046467957418)
 (0.70071031359738445,-0.74611066342929611)
 (-0.80263394868203086,-0.79805301988297084)
 (-0.7730528683857758,0.56819032841083117)
 (0.80527022167246687,-0.68426839978967502)
 (-0.75730172595090628,-0.68282391052434188)
 (0.77057510209310676,0.6983018425772014)
 (-0.75139817778542495,0.70421365231156263)
 (0.69981587999584605,-0.70656805370760012)
 (0.66422813050927632,-0.63103654746026927)
 (0.61956117563265267,0.49296112586758745)
 (-0.88786065822806615,0.72985304705546439)
 (-0.62015241347164807,-0.87057707738773815)
 (-0.77402612776046509,0.76449165740509384)
 (0.67950157075966133,0.58345483859893865)
 (0.75502539133355051,0.63656516276723762)
 (-0.76115309988044644,0.70127199863199352)
 (-0.61342296533747753,-0.7167985836291737)
 (0.84190012353704313,-0.69614715105870151)
 (-0.61964145686329819,0.76534475711917116)
 (-0.77073538122617424,-0.67806069682115788)
 (-0.70215255137667876,0.57960331040156288)
 (-0.70590170631026672,-0.59978186191331861)
 (-0.86662319020721412,-0.72962091695843545)
 (-0.67135388176783128,-0.70369445150330023)
 (0.74042814411408564,0.68025480939759608)
 (-0.61991716198285363,0.72821659170592712)
 (0.7044097613416751,-0.81337784279619618)
 (0.66282859503960478,0.74099967359021346)
 (-0.79528245657380003,-0.67096361637367419)
 (-0.80858651921345259,-0.72903159005614937)
 (-0.59753035805887689,-0.66582882764899864)
 (0.72193367104363571,0.6325691315305032)
 (0.63289936872048591,-0.68021954452491085)
 (0.72703985412894501,0.76822633114999528)
 (-0.66877632403003107,-0.75974105625731014)
 (0.70921687357008589,-0.79798389198803588)
 (0.59127337094497234,-0.65062255477615716)
 (-0.64505692855211239,-0.79894002565398026)
 (-0.71325841350559904,0.79547318649467447)
 (-0.8192050921853663,0.71722796952258772)
 (0.7596526692817217,-0.75157006325159004)
 (-0.77185458090589687,-0.79050447073608798)
 (0.74380236791398269,-0.60259872897931221)
 (0.76496308447095962,-0.62524600382777518)
 (0.70053303856078231,-0.72317990862041426)
 (0.65502059134310164,0.75656044900157726)
 (-0.64791944970285442,0.61983368024915708)
 (0.67932808153451618,0.73812919265669685)
 (0.64168787498139124,-0.76944655111045879)
 (0.65164752678317617,0.64787443225688857)
 (-0.7623980611957506,0.80412510524240632)
 (-0.60632843784196255,-0.6793482213088855)
 (-0.67918720035851032,0.68278115965791042)
 (-0.8018225445940852,-0.79752750830896013)
 (0.64497543474398666,0.77762975874131013)
 (0.64056979215488186,-0.71525757779141574)
 (-0.67819397095283274,0.73741556037660627)
 (-0.68334657577053404,-0.73823619737755553)
 (-0.76521273091627373,-0.661965787025657)
 (0.61802906006005109,0.70655827582999742)
 (0.76572642886588937,-0.67335327883223617)
 (0.65258619506323057,-0.51324768864246462)
 (0.68178799192027206,0.81436194501270409)
 (0.60781300862510734,-0.69154054459085379)
 (-0.71683778163066803,-0.6384644362677443)
 (-0.64492976806368052,0.6402086019237111)
 (-0.84329235615928966,0.73136620975991262)
 (0.76799673057976192,-0.6776042314131544)
 (-0.61666026704892096,-0.81625306098275752)
 (0.7489135571047113,0.60314996139910482)
 (-0.71774766780638044,0.71103330501486173)
 (-0.71270830620293346,0.67384738781461517)
 (-0.7268320211698952,-0.72256536127687854)
 (0.71133630032685724,-0.76366207439623524)
 (-0.67663926113613715,-0.64831028948620228)
 (0.69106372078440581,0.65429651267539291)
 (0.75063650951113037,-0.66322458795120409)
 (-0.74634306248098858,-0.65368927267366106)
 (-0.80092654972767297,0.80998488248659228)
 (0.65496875592892434,0.70375076838818218)
 (-0.70123648665385185,-0.70503562707780576)
 (-0.64138511138704069,-0.79248335880552767)
 (0.64507370312398282,-0.68713677525344741)
 (0.76977221946379504,0.58724217078875152)
 (0.72411195787174987,-0.8154367459543338)
 (0.64142278716856638,-0.62853004244273936)
 (-0.76522035008835887,0.74141453000785751)
 (0.74148119825044412,0.66058798653180029)
 (-0.63700933580649077,-0.7107657697239822)
 (-0.7101499461674452,-0.74100608899275822)
 (0.88208452025353545,-0.86026161591844175)
 (-0.73543441549435462,-0.70019720805083407)
 (0.76925115401614341,0.7201202173953638)
 (-0.77154085902459391,-0.7710477360755551)
 (0.81027455219751454,-0.68565459522243133)
 (0.6830345046368681,0.7480561071416767)
 (-0.83881270055971324,0.79248441487349608)
 (0.61512614183739001,-0.7385532780800379)
 (-0.75492876881917537,0.6493666022032083)
 (0.64231957746019608,-0.80303249186928638)
 (-0.74100046634645167,-0.78052313074942026)
 (0.63639755430880296,0.61199321082491775)
 (-0.85025871781371798,-0.57481229693793057)
 (-0.67391173598919085,-0.70484395227601826)
 (0.76578481174807356,0.72936436814795724)
 (0.70432862545265484,0.51315875381131759)
 (0.80816701087354537,0.80212028161804549)
 (0.70177558500765169,-0.80555250681403945)
 (0.67275866560800435,-0.58867731767685649)
 (0.68634870897603606,-0.74002506841826765)
 (-0.80527403805416686,-0.69752719666285068)
 (-0.7122540270585842,0.56958777753439682)
 (-0.5979884209423898,0.73600524968122283)
 (-0.7755602684760865,0.89250769882953973)
 (-0.8225821053708835,0.69708975854883271)
 (-0.79959478611673229,0.69307162763095975)
 (0.70160260703504895,0.7746259867170745)
 (0.65563681062321966,-0.76201178541138792)
 (-0.79005494514850871,-0.69343362336367531)
 (0.66015666045080246,-0.79121823189653151)
 (0.70836654872953253,0.71760412692910036)
 (-0.80434075789781501,-0.6631869713173365)
 (-0.80049244983970591,0.79468791090632318)
 (0.75448611269261767,0.5877633617538004)
 (-0.68662667575194658,-0.71637524198528402)
 (0.76517433495900766,0.77737681479040133)
 (-0.58086049879071489,-0.58732999814743936)
 (-0.73636606169804741,0.73173434276187665)
 (0.74493353165593701,-0.74532714909908437)
 (-0.7493278094565663,0.81800209185493156)
 (0.66419298391891879,-0.63510761116635206)
 (-0.76376221595262539,-0.6687000960242041)
 (0.75606420241133387,0.74237933481639118)
 (0.82454150393527614,-0.66080165902541144)
 (-0.75704674444131348,-0.6977520757974297)
 (0.65419750074885008,0.7598925693382369)
