# Created by Octave 8.4.0, Thu Dec 11 09:47:21 2025 IST <gamana@Samsung>
# name: rayl
# type: complex matrix
# rows: 1024
# columns: 1
 (0.92884379141060269,0.38341460989502402)
 (-0.027502414121611751,-0.32586538903242429)
 (-0.19701845688866465,0.78403834146350504)
 (-0.88673162759970703,0.1798239784385724)
 (-1.0875017028289118,0.50949820421148351)
 (-0.35310003150900487,0.26720022022284623)
 (0.11650597405966168,0.55715610930151438)
 (-0.070672039941387432,0.42354168769727174)
 (0.64174549569698947,0.047959561533378825)
 (-1.0672322149858628,-1.6723287392006603)
 (0.32475469041286492,0.52581037520004603)
 (0.1573965691228402,-0.39621611106034349)
 (0.15377830861325181,-1.1800858059929984)
 (-0.90949535299463569,0.2313434704662094)
 (0.40298176592647905,-0.2491597239833028)
 (1.2891046091574481,0.59503054636252151)
 (0.84828890567691184,-0.20309347148035878)
 (-0.18455412209768929,-1.1219528924651563)
 (-0.63266501967048783,0.45237415622954719)
 (-0.10491663032767312,-0.49162904530544022)
 (0.030001435324595788,-0.3504616190429235)
 (-0.18824969040474779,-0.28235937248069193)
 (-0.64132891026698702,-1.8438119015520595)
 (-0.28508639674758574,0.0035621403196989532)
 (0.11378560901456236,0.66478497105393519)
 (-0.31485267456821575,0.0081991132689777646)
 (0.071729301898215914,-1.3163986924041393)
 (-0.47370430679751585,-1.2455610887108679)
 (0.058747160298540657,-1.542688177900255)
 (-0.088632002808491289,-0.076436290185059957)
 (-0.39897649652760797,0.44780339404076824)
 (0.59212469620005548,0.64838969428441851)
 (-0.05670675730195085,-0.7224074212337247)
 (0.40744610385730207,-0.52791550089541395)
 (0.31059181060373403,-0.53793474843523947)
 (0.052017093243124951,0.060971266113610006)
 (-0.27763011369287305,0.21075336682380638)
 (0.10241120395524389,0.65543591756523423)
 (-0.29637207295290374,-0.39158201295076217)
 (1.6219514907467218,-0.21111361842730214)
 (0.81597732851828586,0.40498376357250665)
 (1.5670093991571794,-0.38721112628679821)
 (-1.2418506614125084,0.52701591013408611)
 (-1.000365610960257,0.28924992962364493)
 (0.29248181797764938,-0.66915443954382003)
 (0.60696118887725303,-0.16193873509779005)
 (-0.8936212440199246,0.77915608648935353)
 (0.13273679915267936,0.43870568976161828)
 (1.6213287372298062,0.82068806492963287)
 (0.67295129167666201,-0.44878326386523959)
 (-0.48291481113154927,0.087186987766885993)
 (-0.50474348350161446,-0.48537828350444678)
 (-0.45468979543273619,0.30625958360652245)
 (-0.27178829678834981,0.49125691959699425)
 (-0.53447737654101235,-0.1961852704686072)
 (-0.77905377348402027,-0.46181717703495517)
 (-0.36390787188723156,0.1676982637461682)
 (0.29287336676221576,1.4978256488632278)
 (0.096466867496180483,-0.071393140774963407)
 (0.80137108349326414,0.94112806172314989)
 (1.3357272533508362,-0.9597141704280393)
 (-0.16231267437068125,0.56724126660692198)
 (0.17001109616976465,0.32508831396300664)
 (-0.40829919566196848,-0.79831576013204175)
 (-0.33050136950474007,-0.72059188128189322)
 (0.078603954081433058,-1.0044975815371728)
 (0.46582958776728695,-0.11520296719384954)
 (0.69278004982011221,0.91028570324515967)
 (-1.1870470701080347,0.19484920376829401)
 (-0.09569775394857466,-0.90914974475752919)
 (0.10157686856885462,0.16548310216750151)
 (0.2428242169902049,1.1707812131072055)
 (0.64377851268842234,-1.1625456181080758)
 (0.27528811191148139,-0.45368117275801678)
 (-0.092290780110997728,0.035728352363216809)
 (-0.88094064012527862,-0.077375654232363644)
 (-1.0921397199186895,0.59840727267713412)
 (-1.3394383500622018,-0.15401902005404022)
 (-0.45620764061990765,0.96202289290320286)
 (-0.00012287288904189175,-0.35826630622937194)
 (-0.35061197328995336,0.54571514739525051)
 (-0.15771967833980285,-0.10218592918699328)
 (1.7521689184946867,-0.31052008788296981)
 (0.48818593245996567,1.1224553084242781)
 (2.0652699786530246,0.34910618693988882)
 (0.21619324957692138,-0.014074817650442981)
 (-0.96324737795915372,-0.030012272239848148)
 (0.087384163914149382,2.0154543842643617)
 (-0.51878127872074853,0.21997864373066234)
 (0.82424872208827904,0.27024070066303835)
 (-1.0982214962402994,-0.014517249902137985)
 (-0.39848365831445698,-0.56110435640784129)
 (-0.39896377706851016,-0.22691731483800723)
 (0.092195195835059196,1.6527077550132572)
 (0.25346849061463461,-0.51891564005771651)
 (0.72243480967304519,-0.0061287232832143435)
 (-0.76446850722294912,-1.0782716054377641)
 (-1.3248136108849708,-0.51372416770812823)
 (0.7604083082758919,-0.08700987733882759)
 (1.8246689919589656,-0.34332999497955907)
 (-0.47807244732538201,-0.15566724603870064)
 (-1.4471208413185837,0.9359646735216014)
 (1.1427109977855554,0.55299244963591221)
 (0.16083956343285088,0.72497432924560246)
 (0.44162094182297978,0.31732514285307672)
 (0.057415187641790377,-0.508338445180047)
 (-0.075327747575062248,-0.57499359911919512)
 (0.63743832196928008,-1.2202798157876005)
 (-0.72828544075842228,0.30842891051169974)
 (-0.77972147076711895,-0.45375501971653742)
 (-0.67396914331992919,-0.88770638610640462)
 (-0.74765541746548214,-0.19966937993266459)
 (0.57551389381947748,-0.49744383170955464)
 (0.12127282447970063,0.11433349153738899)
 (-0.94188660403987745,-0.022831189243567029)
 (0.40114902123094387,-0.010381429427866545)
 (0.80875600553006444,0.41119958028956233)
 (1.2925729257697198,1.9152187435519545)
 (-0.10334013964752814,-0.64522672088148458)
 (0.64272982243221144,-0.25179063985588257)
 (0.56042708966883403,0.55671038324038602)
 (0.37664416587896099,-0.44999345156163462)
 (0.41738031065805498,1.0449157502127293)
 (-0.66122353948176238,-0.19921076839994603)
 (-0.07808404148568665,1.0222493719146284)
 (0.92731705413893939,-0.082053417734584522)
 (1.0426672193001121,-0.87261960255988502)
 (0.28530801001771944,0.13341806933038611)
 (0.22142619394226004,0.34895919513784146)
 (0.88713633363783417,0.24815271732397304)
 (-0.5402411978503846,0.21284659607204368)
 (0.29802157553466246,-0.20974911586981113)
 (-0.94198295262543363,-1.4265215726577105)
 (-0.46804260645540607,1.1041698128923176)
 (0.53709649484657551,0.96095908295865828)
 (-0.89413863928893778,-0.60490746751366087)
 (-0.48424235381361597,-1.224211499748751)
 (-0.47343439133509135,-0.25173019678158648)
 (-0.58569644328293502,-0.099015965608114181)
 (-0.80265032464123753,-0.04131335451279694)
 (-0.65450271834024931,-0.29405666674794884)
 (0.35253542128354015,-0.18735532603137167)
 (0.7023543876114704,-1.541002954058017)
 (-0.52242094064554101,-0.060759655595268275)
 (1.1486120764830732,0.11208980730838036)
 (-0.45881159695990742,0.70424396910788545)
 (-0.51303602804913873,0.25863116851323797)
 (-1.5700015611432983,0.14392840720289968)
 (-0.86869413621565861,1.1349184600857554)
 (0.16622344978588446,-0.091897100995623399)
 (-0.68210498530043828,-0.6429933634653352)
 (-0.29687229696493833,0.90152240808336337)
 (0.34659786626950112,-0.046901050218307649)
 (0.14051687669227003,0.76016901629009981)
 (-0.54611813898682438,0.31561750561399243)
 (0.27766030265203839,0.34529392778434115)
 (-0.72427463698443828,1.1370539549411505)
 (0.089403033682740579,0.092423807534287944)
 (0.77469206063458818,0.38313596055067034)
 (0.56228615437398388,0.29253859236784441)
 (0.48772237859710776,-1.1970857175569987)
 (-0.41821930953862102,-1.1976953909440418)
 (-0.42629638345523513,-0.8247779761029681)
 (-0.80104324546136363,0.25966681281143261)
 (-1.4833015931974352,-0.24226852971898349)
 (-0.31670952754834009,-1.0659303036090673)
 (0.7821404494036085,-0.00311936190835016)
 (0.92444727969060603,-0.7785936145997312)
 (-0.4996554233848709,-0.41030289897051464)
 (-0.19129485132883348,-0.23878247068040129)
 (0.29949180230654127,0.15862084023478645)
 (-0.38049510160996797,-0.16373489331961849)
 (-0.49131881405019984,-0.58971421037492222)
 (0.072298907153430902,-0.21157944446938243)
 (-0.61622094236608616,-1.6349593335757651)
 (0.0035125819481529041,-0.60077250112427372)
 (-0.46250891442892961,0.4731872967830224)
 (0.50311451686509168,0.99336040242082979)
 (0.80378923994633555,0.7273337043114545)
