# Created by Octave 8.4.0, Thu Dec 11 09:47:21 2025 IST <gamana@Samsung>
# name: awgn20
# type: complex matrix
# rows: 1024
# columns: 1
 (-0.79197210009460772,0.74080138095648496)
 (0.7398903063397092,-0.61976796353932317)
 (-0.74876218895767399,-0.73832835223091786)
 (0.62454611784300418,-0.71147938757401408)
 (-0.79399679677417856,-0.69569383457566725)
 (0.68212782328098964,-0.63170442975665098)
 (-0.67141958569655347,0.76354013506471596)
 (-0.6313706334917597,0.60028870018201608)
 (0.600239265642737,-0.72294053982386786)
 (0.70168407983771253,-0.66145451366058272)
 (0.63417813472481543,-0.6092007923805367)
 (-0.84547174099094891,-0.8164960746548755)
 (0.71854667631179148,0.635330434518245)
 (0.67913401886650016,0.82148795978389932)
 (-0.71270603868120752,0.72499313327537063)
 (-0.63976968505433729,-0.73259086272548357)
 (-0.81850626170497243,-0.85385128163162283)
 (0.628737675320449,-0.70638939356911301)
 (-0.81360643333484295,-0.74020051322348446)
 (0.8203173389776004,0.7522069425157224)
 (0.7759677217412948,0.75606725720616386)
 (0.73938948911038482,-0.67704675181537799)
 (0.73146115827000335,-0.74694729906820889)
 (-0.60901076968059242,-0.71327226034606794)
 (0.74459762600509238,0.71552732639473038)
 (-0.65484666152068638,0.70250431224801269)
 (0.75288146002168388,0.79544185076156315)
 (0.68194180489245149,0.67349085903173445)
 (0.70825668324023761,-0.75463481023733259)
 (-0.78219478362915063,0.66908330989976339)
 (0.76759592505856988,-0.69506804467767669)
 (0.75369425573740656,-0.65303659315648765)
 (-0.54596194262448283,-0.63092947399286448)
 (-0.606099430123334,0.68176432979029822)
 (-0.6565757875470446,-0.73323862982682098)
 (-0.76963187070977268,-0.65894937558510436)
 (-0.7942110433348738,0.64014260126530431)
 (0.76154393869890313,0.70024313816882211)
 (-0.63073718533953516,-0.74282113073859279)
 (-0.64375640947142032,-0.75424836444725851)
 (0.66514329852254439,-0.6887841312892744)
 (0.71890262275861483,0.54086362273119915)
 (-0.69493378817764628,0.90299718282816388)
 (0.69367342207905258,0.60449154769793556)
 (0.80119517033208787,-0.75660734973176447)
 (0.70541778808267697,0.75255375880126718)
 (0.83689712159213892,-0.7604494209668492)
 (-0.70500010690301207,-0.79605863154321066)
 (-0.70495830850233188,-0.67110068955464453)
 (-0.6669547362863284,0.6761766012535726)
 (-0.82485893665815913,0.63392225111366796)
 (0.78927954301642467,0.71690578108353331)
 (-0.80559599929762649,-0.56652037331385685)
 (0.7999978993517467,0.78667276947134646)
 (-0.79218590545967404,0.67970900422580227)
 (-0.76366512620374472,-0.68789963195336334)
 (0.77764929822240403,0.76828408292142769)
 (0.53293605658384513,-0.70249034817268952)
 (-0.64204929429555968,-0.78773971228072748)
 (-0.7198098160861105,0.76664185921350869)
 (0.72729582105731294,-0.71969025702657108)
 (-0.67030277706881947,0.56294345384801769)
 (0.61251059167035249,0.63081202436535921)
 (0.78595115635989821,0.81049363480168601)
 (-0.91468629298717874,0.65957132668272478)
 (-0.74509304488401384,0.70588602006223533)
 (-0.7517385203789253,-0.61292598807031096)
 (-0.62496608858149072,0.67993336673342786)
 (0.7116103836612937,0.74529949418918862)
 (-0.64477893280603071,-0.79598405042337073)
 (0.68677541328410752,0.58209474793083771)
 (0.80572857282848342,0.60873848930383989)
 (-0.68482181668808362,-0.77815481351248084)
 (0.79792394135863742,0.75598814677317461)
 (0.69174122823402995,-0.74217177214916141)
 (-0.73114622132936224,0.63404615741960257)
 (-0.78490542404441921,0.69419877170139865)
 (0.70954285064681888,-0.76031650461496714)
 (-0.6888179789245521,-0.63354368712947984)
 (0.58217190337975888,0.70301574736534667)
 (0.73523281026911724,0.69449728668519861)
 (0.73002680873117631,0.60463220527859496)
 (-0.75419609120344577,0.65553627242604018)
 (0.67681943738386152,0.71333583086105223)
 (-0.62123624736410066,0.77185542891137626)
 (-0.73561087998985353,0.67542296030575344)
 (-0.75869680493758074,0.78947750115474569)
 (0.56654214951828141,0.59582153372582114)
 (-0.66019399228334041,0.69569437862122085)
 (-0.71651782512248308,-0.76885600487160477)
 (-0.54239240627892549,-0.6533911382801183)
 (0.6999739352113451,0.61098200874689912)
 (-0.7243187183643065,0.75814308524897378)
 (-0.82720781789666598,0.65556787427104612)
 (-0.74928177048186995,-0.73929597693815785)
 (0.83567538121738549,0.69219167166972517)
 (0.71114109927745917,0.7539031303689494)
 (-0.77018783684467151,-0.69918080626054913)
 (-0.66232556479417792,-0.7444859274120289)
 (-0.74779543457586528,0.67532123528539922)
 (0.72073320707433919,-0.66110415983251691)
 (-0.78828420704524271,-0.63032329986006508)
 (-0.71218047162756914,-0.59333421737795711)
 (0.73321358419851634,-0.69078882677030362)
 (0.65161564226841417,-0.54925851918546187)
 (-0.74309951569475008,0.70278682882722543)
 (-0.61818116697238501,-0.57056066340474199)
 (0.72128243178640306,0.6759408030812506)
 (0.63013467898459041,0.62017216273872822)
 (0.71951870514736305,-0.73489923306836447)
 (0.76174269324350985,-0.67449079971361314)
 (-0.66712547395270705,-0.63263249081775808)
 (-0.75289373684583538,0.79595274538988814)
 (0.54168198207234097,-0.63479267808818218)
 (0.74750397497505994,-0.5522573420885557)
 (-0.6469977161449042,-0.76994516489094877)
 (0.71047777946850033,-0.59109341454037989)
 (0.71096726878920802,-0.73805017851661825)
 (-0.56971087441064627,0.71917521152665165)
 (0.71139201989456524,0.76349163926650843)
 (0.74484987431434413,0.79262094797920024)
 (0.85320101646676128,0.66869190567089332)
 (-0.6476756489793345,0.66206139547795562)
 (-0.74407952421580303,0.72632520147580126)
 (0.80234972950402261,0.81932321314207457)
 (0.77780892800453005,-0.72205239910429753)
 (0.57413339097170613,-0.70712369197951208)
 (0.69222190426797303,-0.70241059160282315)
 (0.71493260022861516,-0.70863890387164441)
 (0.83049396980363488,0.55559351351907738)
 (-0.83022296296385689,0.85267519851575357)
 (-0.61744870424083464,0.75684500427020229)
 (-0.7164276710842673,-0.62150197262600271)
 (0.73286421658643142,-0.58542174751737164)
 (-0.78253980196164763,0.76686175050497485)
 (-0.76215780494397023,0.69298290876018542)
 (-0.70886650046036592,-0.57655072014785591)
 (0.73266261832931479,0.63458548420600225)
 (0.66497605608919463,0.73798591913429001)
 (0.78644585659224775,0.70191515371221447)
 (0.75273283968236893,-0.61520876852984818)
 (0.75866124835134374,-0.90080845495202722)
 (0.77151028188729764,-0.79743464607134884)
 (0.6208384854646668,0.76451918424862153)
 (0.69386069394269145,0.88260921382734203)
 (-0.71844071643296781,0.59659786284748306)
 (-0.69450984598844967,0.76662979306477508)
 (0.71177576631779682,-0.83685656283626031)
 (-0.74141624278812335,-0.76062453756407333)
 (-0.76324900115525585,0.74469706490598753)
 (-0.83476922280540378,-0.75955324020981219)
 (0.76896398800455701,-0.75931272559655405)
 (-0.81232108508855549,-0.73363636910165375)
 (0.71179242701113321,0.7101066946277087)
 (-0.71656252531291065,-0.79409657860400329)
 (0.69639514963310178,0.70214914526482564)
 (0.78133576542476113,-0.65810967398351572)
 (-0.7101910361830065,0.77705110477734862)
 (-0.68033501573123556,-0.72155024039125748)
 (0.67666251298351887,-0.65379050686009432)
 (0.7034355557045372,-0.60458190189280725)
 (0.65566125098821704,-0.71186491969357069)
 (0.67114843659351975,0.8101692237014817)
 (-0.69042596200314754,-0.62730101841905272)
 (0.59418268827834175,-0.84382787324147401)
 (0.59138395168108027,0.79395649419737679)
 (-0.72478773905408844,0.66208404567779511)
 (-0.77491420152503265,0.67548091615855488)
 (0.71038469791454972,-0.77295271745033245)
 (0.8039313595027584,-0.68336771574237176)
 (-0.67792861564794737,0.80936768145418503)
 (0.77444653721532841,-0.68837482659909854)
 (0.65810378008982884,-0.69917533959928657)
 (0.68513769132157143,-0.73205961871295788)
 (-0.65073039496389673,0.61068481373337402)
 (0.77897584863785463,-0.7169654563295853)
 (0.7930850156411875,-0.69990985072420164)
 (-0.76832327392182664,-0.72087722945906263)
 (0.64858438172300326,-0.78087932877510358)
