# Created by Octave 8.4.0, Thu Dec 11 09:47:21 2025 IST <gamana@Samsung>
# name: awgn20
# type: complex matrix
# rows: 1024
# columns: 1
 (-0.74183390457478615,-0.77406486804998431)
 (0.64528473593511948,0.74598714941117783)
 (-0.64659911376186197,0.67207786619177723)
 (-0.7576469260256814,0.5583687749203925)
 (0.66052765536866598,0.7386542437557525)
 (-0.64101272292430322,-0.69014467926946133)
 (0.78565886439788757,0.66958731905092139)
 (0.71102000554966494,0.71330320952328075)
 (-0.76857563175674837,0.71639293073419497)
 (-0.66539115975398722,0.81216022302734836)
 (0.59382174984401459,0.6564388196333889)
 (-0.73150548908169,0.73133027571329756)
 (0.74897287167103022,0.7734141887348468)
 (-0.78498421055624568,-0.63420202453394603)
 (0.6632524569218915,0.71037718766104052)
 (0.76175578295552848,-0.6000572995489567)
 (0.64991115380791231,0.71825849608529713)
 (-0.68413705030496486,-0.7132860119387463)
 (0.71624179169205482,0.70839751027161613)
 (0.69242288022085419,0.60885581946228229)
 (0.62079247846823649,-0.66801749358499363)
 (0.68294217699921134,-0.82289296036330661)
 (0.70119388952385753,-0.68601076447979115)
 (0.6062926194505609,-0.74715028592623245)
 (-0.73598247494970537,-0.76504053080831447)
 (0.71369067208741332,-0.73515869010520463)
 (0.7266307996232596,0.75411835286626461)
 (-0.76742945381581318,-0.80703575467209643)
 (-0.68616073176798265,0.72140928840560992)
 (-0.67138785629352848,0.71014621536603662)
 (0.67564670153525297,0.75612802196868367)
 (0.72816883978648517,0.83798806184315433)
 (-0.75395999936403757,0.69536506634142414)
 (-0.77490019658431342,-0.61707829147054016)
 (-0.77422730044264831,-0.81316069999779694)
 (-0.59986455218865398,-0.74750136935151823)
 (0.76225425725681506,-0.59387374573600493)
 (-0.62308436362165542,-0.76386206362911957)
 (0.62784695230200394,0.68786156295886625)
 (-0.75292211546140253,0.71813550293566031)
 (0.75015573559579751,0.76716390592338968)
 (-0.59725100566722611,0.72923290395797857)
 (0.85731462996745667,0.78528363619789543)
 (0.64203318785687102,0.73112242583022014)
 (-0.70263402703291034,0.59639454155848748)
 (-0.67757113916394862,-0.6622061309428664)
 (0.70562290599275468,0.82164490049915218)
 (-0.61417425827050887,0.71780351421555455)
 (0.73786905904513223,0.73948004517856036)
 (-0.75188980978649045,0.69155221077256479)
 (-0.7675466567257333,-0.77546990159774498)
 (0.66623127514791181,-0.8007757873002368)
 (-0.65079091214440343,-0.72312723247001431)
 (0.79908846527643673,0.60720544696532741)
 (-0.59247461273347446,-0.69512855697892617)
 (-0.64253019555764146,-0.64025301659460587)
 (-0.67601468590373737,-0.75257009531990082)
 (0.68039653850260717,0.85190392367194978)
 (0.73939691309975442,-0.65439053631055988)
 (0.76518817482232715,0.81811581616834606)
 (0.78447172614666705,-0.76452981909618356)
 (0.51207159533244484,-0.71393859522674508)
 (-0.73158912938517773,0.72276664768363563)
 (0.5538294576335282,0.64634233059866975)
 (0.66441138382678044,0.62421786129175061)
 (0.69371798104813742,0.77719011741456134)
 (0.70544172699982666,-0.70444773618853174)
 (0.57473217984065206,-0.59893603668681572)
 (0.72851429314042138,0.65834502149353413)
 (-0.65647565793978824,-0.69833359538430362)
 (0.69355506472749073,-0.74286802501774984)
 (-0.83755664066121982,0.81379440899588951)
 (0.730191668781908,-0.73394002070152986)
 (-0.71776777959461291,-0.72078394231138299)
 (0.68309466565028631,-0.58297985927068319)
 (0.79808763569944519,0.63453183365438881)
 (-0.79367269349079705,0.71914751945541788)
 (0.67242299063099042,0.79429701518950235)
 (0.72921105435909583,0.65973860271477247)
 (-0.64454436388121561,-0.72300640745560174)
 (0.75262994709236375,-0.76701595607455431)
 (0.68592960084917043,-0.76844571255351868)
 (0.78703177087773224,-0.71614545881868807)
 (0.57934976008302974,-0.71187908699675995)
 (0.71491418561937436,-0.83663294086624107)
 (-0.79349997669870531,0.7688380733776955)
 (0.73594428106530629,-0.70916598219300553)
 (0.64615287979230063,0.73410907552654359)
 (-0.70643942334954035,0.72520230906193905)
 (-0.72670075374344234,0.68804932586912038)
 (-0.67424324526569468,0.66161889896318682)
 (-0.65100093880341392,0.80141878720401927)
 (-0.68217222270021327,0.5893009106456214)
 (0.65470547463481865,0.88207939835120086)
 (-0.67754980540549881,-0.67352140820440043)
 (0.77616223374314419,-0.67942577327570608)
 (0.86837686684875359,-0.83502636268458863)
 (-0.64312291654345211,-0.69959917396214399)
 (-0.6980135310949509,-0.74782073234856983)
 (0.69952582509264705,-0.76714821444841186)
 (0.83394160300495335,-0.6949163981197346)
 (0.77578646538068319,-0.64416335791565416)
 (0.68093840076471579,0.71153819705073973)
 (-0.83421803035391839,0.49113349966367181)
 (0.71019861142522145,-0.58569348368622198)
 (0.62914206813166651,0.71556249135245387)
 (-0.76061896421415753,0.68301473939098956)
 (0.71152601886814526,-0.74446163808127386)
 (-0.62707064641772836,-0.75714172931371859)
 (0.63105573979251339,0.70429980859508756)
 (0.61757434770078634,0.5980723710204624)
 (-0.6332541388403522,0.71638740860354522)
 (-0.75097373682262758,0.79398001692753239)
 (-0.70929882159510338,-0.72914642732241786)
 (-0.77890626960289588,0.67761756439547471)
 (-0.73446616357365646,-0.69180522902251018)
 (-0.70441355774548309,0.63368656275974056)
 (-0.78600676716856199,-0.70281704783048482)
 (-0.62511605958596372,0.72989888454905594)
 (-0.78423528427013267,0.67348612017101128)
 (-0.8014706293448538,0.71449415463397858)
 (-0.85675565496815687,0.7038959794236761)
 (0.65641101484976427,-0.80098920362875681)
 (-0.77579335016566076,0.72258955292238347)
 (-0.73956817064804148,-0.69727772478214534)
 (-0.68157250900004285,0.79949051047460395)
 (-0.77055297742910134,-0.72557883886059849)
 (0.69342100932929918,0.78298284341596869)
 (0.63616355339772812,0.66105998637172847)
 (-0.62302896839676103,-0.77154538339172229)
 (-0.67748674601467451,0.56734326894843301)
 (-0.6920599147745703,0.65483491952474782)
 (0.73189542413925401,0.65056261072983856)
 (-0.71387080493372312,0.74052000601230128)
 (-0.73534965554300391,-0.76134277282415241)
 (-0.79490179442643272,-0.7298893620553798)
 (-0.70324134054950704,0.67260940399937552)
 (-0.70722728496426368,0.76842952623096217)
 (0.71461032390244295,-0.6581962606410694)
 (-0.86527184674445812,0.71416190747432839)
 (-0.75759896047915309,0.63684681984903513)
 (0.79815205558483815,-0.63251678138405576)
 (0.71507556534736993,0.7994668209521032)
 (-0.63824143998616678,0.73311690631781712)
 (-0.65200350629442272,-0.72959442837500532)
 (0.89501797666445504,0.71254491525309305)
 (0.64515063323677824,-0.60844101727847955)
 (0.67971479066417839,-0.70599971831560915)
 (0.63043238698523463,-0.70538399050178546)
 (0.78410687136537005,0.62301237361130457)
 (-0.73949305507871177,0.75431286843164891)
 (-0.7040352130730414,0.63153549257759867)
 (-0.69230033816285597,0.73457877255153192)
 (-0.74975168034587047,0.62248039512539854)
 (-0.74734620607027968,0.67549428354015528)
 (-0.75018132882761224,0.71488638491972989)
 (-0.55328684033759745,0.81052102070500154)
 (0.65797946051234923,0.70590904155173939)
 (0.60779063392976929,0.90867358828527944)
 (-0.77660074943903001,0.70416796445876517)
 (-0.74466360348619176,0.89458760223307254)
 (-0.73601860530927177,-0.63678725747141762)
 (-0.80260539905350337,-0.79703399646151396)
 (0.77246048248492549,-0.81975345938189981)
 (-0.75515620817932982,0.74864187247508185)
 (0.76758782531193592,0.65771768625827409)
 (-0.77183029518728452,0.66422728202414227)
 (0.69089494766670978,-0.62394616044495654)
 (-0.60734669177972922,0.90856001339818082)
 (0.64542873953631918,-0.69215808168380211)
 (-0.64011549062159134,-0.71222297206484841)
 (-0.70078889702831038,0.7335015364230022)
 (-0.78609644897955544,0.62742543061925504)
 (-0.67508395272187383,0.81548884113176634)
 (0.71825737856567839,-0.70364261013205831)
 (-0.71711095432085037,0.75928352925538722)
 (-0.65532201846400506,-0.64430104228868401)
 (-0.67348425155813862,-0.69097118032112037)
 (0.6242618488885715,-0.64676572416887523)
