# Created by Octave 8.4.0, Thu Dec 11 09:47:21 2025 IST <gamana@Samsung>
# name: rician
# type: complex matrix
# rows: 1024
# columns: 1
 (-0.55296303384869105,-1.0179825952763315)
 (1.017332513989083,0.30811719512742253)
 (0.650269834768469,0.54267920316579321)
 (-0.61364851316094049,-0.74953633116561635)
 (0.15169320782774198,0.44431752268362501)
 (-0.96342345491348835,0.12345556421668497)
 (0.73106610353272616,-0.010525535345713655)
 (0.90888038170849683,0.82687745910807597)
 (-0.45410603624295642,0.50696942385070798)
 (-0.19657207195166976,-0.70877970119801681)
 (-0.59810207708992502,-0.75185990592141749)
 (-0.24366631842619377,0.2329474239150314)
 (0.5684841125351181,-0.62689753135089177)
 (-0.9642891368448897,-0.41746205553490034)
 (0.7770837767347214,-0.21604806388642761)
 (0.37622925358002313,0.53256086621132426)
 (0.054792458137138456,-0.41883650252367316)
 (-0.30872776302249538,-1.1342874667898153)
 (-0.6164777028382955,-0.20584618250377354)
 (-0.14116338756815008,-0.29598234047485528)
 (-0.45011265494851782,0.96015451447055955)
 (-0.93820328109009465,-0.58961683405627929)
 (-1.0954915420593547,1.3665600781769287)
 (0.22428174132963624,0.59223320659892575)
 (-1.2182278182424118,0.81124480501332386)
 (-0.68512807828545508,0.68195130085686662)
 (0.02462609825026546,0.58398114469910389)
 (1.4200796383984016,1.1426950489075121)
 (0.95276585911607758,1.0556067894684626)
 (-0.99087834876848357,0.16100077618262637)
 (-0.79795970801092619,-0.40815078069570726)
 (-0.75716097584969866,-0.62738671572356552)
 (-0.90178943044186188,-0.32747175604620815)
 (-0.16105589978176585,-0.58210584575627378)
 (0.6008008132466236,0.38969350855874879)
 (-0.18793319402374301,-0.25531054524520991)
 (-0.64617786854643799,-0.61403529071836915)
 (0.86255822926352177,-1.1188204889384639)
 (0.42839830191499967,0.33380440167331532)
 (0.40889645939771102,0.19390746555179691)
 (-0.41427757053878211,-0.64699541980534303)
 (-0.47003810332803087,-0.28639749239805989)
 (-0.78508912982913492,-0.88972795928522541)
 (-0.77763735144179269,0.4471520770537345)
 (-0.3644753222674566,-0.5865914526121131)
 (-0.4395718008389683,0.22532500146401477)
 (0.58383275250244671,-0.28593020596927249)
 (1.0777046891497988,-0.56509390907678569)
 (0.85075083102242099,0.23845522485251114)
 (1.3018223045958588,0.44812306447063976)
 (-0.31339242943715084,-0.36059056887592145)
 (0.62251194442639091,0.25849659168776867)
 (-0.74142539974521537,0.41713834810684275)
 (0.26397227378632743,0.037681214881628664)
 (-0.62128709384077319,0.78063845456152736)
 (-0.97897412446604715,-1.0057038842856849)
 (-0.39962618923138482,0.1302238246903793)
 (0.46104303556237619,-0.31182440237898973)
 (-0.56033620438826381,-0.28742796012865363)
 (-0.27807684815408362,0.92626748048707919)
 (-0.69133908097714247,0.34172590432632216)
 (-1.1077638244377188,0.13487538626320067)
 (-1.0109121299000525,-0.057213035255074818)
 (0.44990202784150984,-0.2127422396770608)
 (1.1083218554509151,-0.78219810422854397)
 (0.64664795713209056,0.26169084247869867)
 (-0.56177260623123226,-0.59252577567160136)
 (-0.33653050845135568,1.4634660309947318)
 (-1.1494189873253333,-0.29464480894909079)
 (-0.32403568755116857,-0.54405590024172312)
 (-1.1375161989795366,-0.82730125566889789)
 (0.037093807044366461,-0.39617223928406087)
 (-0.52576992578991943,0.45200971954822317)
 (1.0627768051567446,-0.23283737534275728)
 (0.27821442966050647,0.86777447371380179)
 (0.29293219209795424,0.90729943490037468)
 (0.056008140151960512,0.54941090529631997)
 (-0.7009482991241609,0.10198589054966062)
 (-0.32983845799868883,-1.3423689811177684)
 (-0.73809789157115113,-0.86973939270941858)
 (0.74972682736421392,-0.25838486520197224)
 (-0.82816951978799924,-0.8818389809645899)
 (0.85206199821288486,0.75837184899463195)
 (0.0040209636021972354,-0.053205286698229742)
 (-0.41301855651056352,1.0827542195958848)
 (0.20685648534544654,0.92450223613413984)
 (0.2771922784848041,1.2184713729098262)
 (0.37699267095238392,-0.64255634018985575)
 (0.60243469784090287,0.46559571614826339)
 (-0.26220243441122465,-0.43697160387267636)
 (0.71106277512079141,-0.51440208714039426)
 (-0.47963128779789332,0.59323196002101197)
 (-0.10683463651923536,-1.0685457635164235)
 (-1.1868164835544128,0.29803458572632374)
 (-0.73292658235555475,0.66521335258373993)
 (0.8003939795092444,-0.84602796614001508)
 (-0.81604092003238071,0.17769810104036032)
 (1.1105735564417989,-0.2430037824241349)
 (-1.0425437051386595,0.62227812992185672)
 (-0.46372017305371616,-0.67997164437589852)
 (-0.86165115739302611,-0.72461884243163377)
 (-0.91404804705895515,0.72628447248220596)
 (-0.75839766890737126,-0.76068940624663473)
 (0.68389907651197668,0.97844770662353298)
 (0.68956437932359393,1.6726277334833453)
 (-1.7941569729514368,-0.844592323559194)
 (-0.16069759647328957,-1.1594196218329003)
 (0.75667751673811923,-0.69886732154818287)
 (-0.68480445073299234,-0.89085157422367012)
 (-0.45106713471213711,0.91272273679076932)
 (0.52412162064917156,0.67610491993459443)
 (-0.87585170912335453,0.6125985621240263)
 (-0.54822780411666794,-0.082783180448450705)
 (0.79770440722636304,0.67517826404203007)
 (-0.18245982692811855,-0.41401372788860125)
 (-0.59142072871924656,-0.54690462702854403)
 (1.0147656272150369,0.094005670506428163)
 (-1.1905719154288821,1.0533933179030448)
 (-0.7714289706337385,-0.25466266655895814)
 (0.97277548502756139,0.64342345401563783)
 (1.1035920235167374,1.0423619484713531)
 (-0.89544322984867353,-0.61663319546691631)
 (-0.72797236591001502,-0.86547918761117426)
 (0.50758861936485689,-0.51671328673336703)
 (0.92833455048344238,0.20747504773293252)
 (-1.1825413555248392,-0.44222313121765527)
 (-0.65073485461285818,-0.29677177640686098)
 (-0.66173144687718022,0.78515637344563016)
 (0.45944121962251072,-1.3435305390866334)
 (-0.30873161566132029,0.31264562464578)
 (-0.64267521910297443,0.89188052002061913)
 (-0.59168366216293367,-0.45103635753435267)
 (0.11447700875434053,-1.0687565333056313)
 (0.251558189084571,0.87592598172284619)
 (0.18605252912870671,-0.59431333744143355)
 (-0.96205618688737315,-1.3956853516673386)
 (0.38597468926645589,0.41331869150455242)
 (0.088893625384350861,-1.0921312233350196)
 (0.30960691464236645,-0.259583834471806)
 (0.017992658055031974,0.41538066410709179)
 (1.2243770027988399,1.0126594519058978)
 (0.47243404318181592,0.31615542851050726)
 (-0.85606656296984884,0.40344194476184569)
 (0.69644615061929227,-0.87355854572015534)
 (-0.96192385487762366,-0.3603510190613633)
 (0.7499852874532843,-0.5944572059697345)
 (0.84593257084116324,0.66769541309810643)
 (0.44253186312089432,-0.987735168715411)
 (-1.5417569868269425,-0.14741382512681311)
 (0.5630899786255259,0.15434444081554219)
 (-0.98621475620862498,-0.74883565435378907)
 (0.69075025073477969,0.90125848072198445)
 (0.67971928753153277,0.88502488839078808)
 (0.63074437043024345,-0.41681304175350087)
 (1.2275373892651382,1.187532837803349)
 (-0.58912556356018464,0.60278975924932232)
 (0.67409372066267226,0.30192392845354743)
 (-0.20403838275402006,-0.61576214218091441)
 (-0.27244110387945442,0.76689846624447833)
 (0.63013766196738497,-0.15059100081991264)
 (1.1702491525041192,1.0514157980605638)
 (-0.76409753753500997,-0.83676194945880311)
 (0.19480402690136683,0.1102462851310746)
 (0.63119065929434226,0.50534701348971434)
 (0.47818089287267268,0.5955188645570394)
 (-0.32284671533176429,-1.0253677865642492)
 (0.76850101489120648,-0.5562716149286554)
 (-0.42800873034262515,-0.77113353665249718)
 (0.69725141758841258,0.25435985750103862)
 (-0.59176391141445706,0.1689264015579037)
 (-0.45403639707160881,0.93901862618125809)
 (0.54599058516487353,-0.83400691862649323)
 (1.2670155598581325,-0.24262112936404712)
 (-1.6912005396784413,0.67770024187540823)
 (-0.54258520416315348,0.28966706998575975)
 (-1.0441202001546142,0.47803704551969112)
 (-0.907761210983139,-0.95730836421860555)
 (0.050972764679083987,-0.32586320157288362)
 (-0.49360402716833529,-0.69820925564496861)
 (-0.56187943841166876,0.56374052729126922)
