# Created by Octave 8.4.0, Thu Dec 11 09:47:21 2025 IST <gamana@Samsung>
# name: rician
# type: complex matrix
# rows: 1024
# columns: 1
 (-0.52655841207166454,0.33927172971001313)
 (-1.256973288807101,0.8084259294826992)
 (-0.71844510732813527,0.73525501839633778)
 (-1.0465213232126287,-0.30722051871483153)
 (-0.74379553108235386,0.9534465763748039)
 (0.777077777390911,0.38641152250641997)
 (1.1251322592654962,-0.13788058357850236)
 (-0.34224937693946439,1.2858080157364522)
 (-0.92995516682945567,0.34755100709099135)
 (0.74673777591627533,1.2644344877809104)
 (0.44554662268064182,0.30307095347587043)
 (-0.18899594883709936,-0.0042110942958154679)
 (-0.50864084403350696,0.983766025614213)
 (-0.35429245134110299,0.52086632883896256)
 (-0.38567075718676286,-0.36810127716234814)
 (-0.93319410231671651,-0.34648068314781955)
 (-0.6224769839828217,0.46659771161269981)
 (-0.34061690519301124,0.7922624341424338)
 (-0.045372031687644365,0.18624381537462187)
 (-0.21475239928913392,0.44320533500414716)
 (0.77684791326731562,-0.56010430458519034)
 (1.0146867139804918,-1.0571805508459637)
 (0.55647436833999908,-0.32610074972480008)
 (-0.54606153447446759,-0.7643362796328842)
 (1.8408902820039872,0.76108126595978343)
 (-1.4357088909290319,-0.88476061217704816)
 (-0.29531756786409891,-0.91524361911038743)
 (-0.67239728868512216,-0.78564273024779974)
 (1.2735037204606372,0.60665024841071946)
 (-0.31947507591094981,0.053873201139755328)
 (-0.13158304946643035,-0.74217672634883036)
 (-0.22403646530140775,1.2455010926115007)
 (-0.83579493897307899,-0.56101263859849859)
 (-0.24999836879099743,0.65979447019231585)
 (0.16513970352664298,0.26843067471060322)
 (0.53354585933826604,0.9302503868783436)
 (-1.1083467191701728,-0.88021876634054941)
 (0.66853172739546307,0.030714072725626207)
 (-0.86153459213044992,0.50855244523599674)
 (0.87182844135678339,0.74654085361644751)
 (0.28536952796698151,0.69319796387946031)
 (-1.3783534031246956,1.035077265016819)
 (-0.033629406269225004,-0.63480284064586234)
 (-0.38442407204010987,-0.63564923052671884)
 (0.46957215188421897,-0.67199048323408184)
 (0.42156447341018044,-0.50678009041333572)
 (-0.50883662238482452,0.59214547674557416)
 (-0.79602653028232695,0.40438762666695249)
 (1.0196947790661501,1.2524241059180268)
 (0.51321039332190665,-0.48564233842294752)
 (0.73622414163516237,-0.31175262855302133)
 (-0.7440272215455449,-0.3790140778474228)
 (-0.5148909779348253,0.21369188881688286)
 (0.43441536228794064,-0.32990328712539418)
 (0.35296620457339767,-0.92016580103459167)
 (0.29772970975692103,-0.46873359968084582)
 (0.47430301400458103,0.54781120375681802)
 (0.13808394641351573,0.31704561734954573)
 (0.87117583138121446,0.29264753512372288)
 (0.75512985714252001,-1.3038316139088584)
 (0.20657552483626218,0.23312020026730296)
 (-0.98905951334529152,0.2812851433311731)
 (-0.65503477312783476,-0.27554221994189881)
 (0.50215948526409671,-1.0914880399674767)
 (1.5480789113610363,-0.24778800529630718)
 (0.93481602760393467,0.7263870698307523)
 (1.0856508602842967,0.6391661100306063)
 (-1.2482486787876637,-0.57275446069829539)
 (0.54037505871565328,0.43606192377805941)
 (0.40157234425262112,-0.9665142415136927)
 (0.70960347508229304,0.10536372797674359)
 (-0.7986705168711653,0.66193652192983088)
 (-0.12453529493413937,-0.11525378242345885)
 (0.36987722456940381,0.40521100258738746)
 (-0.7270114861777216,0.07888986388233199)
 (0.96330317787413422,-0.9837169690259876)
 (-0.70707389682718458,-1.1143395999257939)
 (0.16546216512801987,0.60307373390694941)
 (0.7830678302133165,0.30257582551821738)
 (-0.6279532616538247,-0.57827414327898763)
 (-0.82635199781987945,-0.55314292542253929)
 (0.72160806681971801,-1.3140004393293454)
 (0.69874954843768322,0.31533621766166242)
 (0.88513166228053641,-0.65816666000165636)
 (0.35165573519879584,-0.44922378837525639)
 (0.42152163716238766,1.0880850748548596)
 (-1.0003313986622269,0.5973681350621951)
 (-0.24633369468862859,0.31804678816220583)
 (0.34207775042406685,0.54070205390803283)
 (-0.65198834176569931,1.0239551147440791)
 (1.076843970749839,-0.51737299748531407)
 (0.030709076164118276,-0.9656680200137433)
 (0.60351230399852374,-0.42070679405013078)
 (0.76982359854592874,-0.40267190453288659)
 (0.56554189983789882,0.65838610570643519)
 (-0.6706446354333222,0.4093581429008899)
 (0.54282173954080826,-0.95389817398004706)
 (0.85251414049460439,-0.43040700960551587)
 (0.42369791853557065,-1.1896372201065661)
 (-0.76388817454305247,0.36555587135776657)
 (-1.367603279917925,-0.75621014877899628)
 (0.40155493298742451,-0.19434860513325794)
 (0.39308508395105202,0.072940491984373357)
 (-0.77337833579463122,-0.59725042153396857)
 (-0.4001631937082209,0.22683050994478021)
 (0.20672950867168099,-0.43649883906719827)
 (1.102712151170298,1.0397831261541612)
 (-0.017681009561759164,-0.65324872579167703)
 (-0.89930243633078089,1.3549839240015138)
 (1.4140313607729111,0.81485160639393917)
 (0.49854215301658289,-0.2739900243330774)
 (-0.9131875159342423,0.65481031297286496)
 (0.6708184720304613,0.80425371773993493)
 (1.0449712821791954,-0.24185334729396013)
 (0.59155012665763851,-0.43898898034578993)
 (-0.78669691631743466,-0.090345335143697192)
 (0.43384295050706667,0.83108114806543343)
 (-0.047765323828277306,0.77293829480427045)
 (-0.78447131175023788,0.43050275046664199)
 (0.87299312852468036,1.1021713913647164)
 (-0.36300580333417354,-1.0078899484748116)
 (0.92836695058924679,0.07872852020504173)
 (0.11419261973341782,-0.92369277495127844)
 (-0.41512959596329257,0.9008587969583548)
 (0.82486938867605097,-0.74897932883644014)
 (-0.74857123007649873,0.61652942710456371)
 (0.3884432930367871,-0.42596742246915903)
 (0.85581255281775415,1.3275278409201268)
 (-0.32358708495011368,-0.27492933156099142)
 (0.72510234031414678,-0.50954174986752498)
 (-0.24070884077519983,0.94583461194287755)
 (0.89849997333845955,-0.086154313367338142)
 (0.56890768384981172,0.32599292868621488)
 (-0.53959856076670942,0.40911986813696521)
 (0.82813925488985318,0.39371759554603997)
 (0.6272649031286599,-1.3906139185931206)
 (-0.37605798530716916,0.64424803296907462)
 (0.68582148584464175,0.58215820728559586)
 (-0.046636228069908289,-0.2877547120747857)
 (0.94396870442292435,0.98098553620239159)
 (0.34068073220962841,1.329426834751211)
 (-1.0530729945877608,-0.6086132278026618)
 (-0.9330494920398914,0.76291863890546974)
 (-0.58098278770454836,-0.95362602755478432)
 (0.84665568040928463,0.795227424461322)
 (0.37916252971043779,-0.41141782516552733)
 (-0.92356083009880408,0.44126721597586144)
 (0.2250575499326814,0.83465039789706186)
 (-0.50270964947519725,1.0606001959471814)
 (-0.68972540259379012,-0.65243448973063878)
 (0.93091152931178578,-0.00099101475172819198)
 (-0.78973741069715531,1.3707650830334324)
 (-0.88480924922883875,-0.6904407708446435)
 (-0.43063353633036072,-0.53361576186786497)
 (0.078164795680055854,-0.030395627205538036)
 (-1.0426583827029807,-0.9690047118599967)
 (0.54613213726817023,-0.93452355618772853)
 (0.32371658016961413,0.32594183668700727)
 (0.54255898140667691,-0.9619983829341876)
 (-0.84915755693729988,0.5989515985845596)
 (0.19478259272233597,-0.6901549613198279)
 (0.29312013358220773,0.74127290808559865)
 (0.30489605862381525,-0.4003800193005676)
 (-0.22973148507103264,0.92656661886003566)
 (0.61684984366896134,1.0335515054581046)
 (-0.039330767223015789,0.22918574308633696)
 (-1.1342579687130796,1.1547997263808354)
 (-0.42228413181266056,0.71860545076607807)
 (0.48516293322675946,-1.0335785627025553)
 (0.50765777270613888,-1.1252697395446156)
 (0.56197487916295397,0.55075399111586254)
 (-0.78410120102378833,-0.18087742598440748)
 (0.15716465969865839,-1.118192252257499)
 (-0.032506399000117703,0.72068283170367753)
 (-0.03730049527081003,1.11811904579953)
 (0.72765047198733246,-0.57706024240870257)
 (0.64302892719185678,-0.54260018401618404)
 (0.58585209976379071,0.50554515846596904)
 (0.68776547847514635,-1.1667465732287339)
 (0.025467947173363356,-0.22464325000439916)
