# Created by Octave 8.4.0, Thu Dec 11 09:47:21 2025 IST <gamana@Samsung>
# name: rayl
# type: complex matrix
# rows: 1024
# columns: 1
 (0.60213651111803201,-0.60399057263679234)
 (0.45194044512296655,-0.032462925744242144)
 (-0.1047822089034155,0.41948215062870964)
 (1.2533174133139164,0.72923719668085241)
 (0.14844984181448789,-0.58455037692566392)
 (1.6173131837830981,-0.70383365545767052)
 (-1.0723792586759524,-0.5117659405335615)
 (-0.57107727380607476,0.41773140987573742)
 (0.16240131539977795,-0.50148362212357855)
 (-0.48020126770350596,0.31277069460338375)
 (-0.31890008708538553,0.12863991855045775)
 (1.3827885827435251,-0.40861951055880674)
 (-0.39659979928376737,0.63570495947910977)
 (1.1250713889350443,-0.13403723897330733)
 (-0.28114623548173839,0.09683115497498794)
 (-0.34185312153072134,0.67840924375780742)
 (1.1793803801251459,-1.0026110452348107)
 (-0.64367230121159236,-0.38754266733712001)
 (0.40874636960813882,0.24226515400275583)
 (-0.087076785194190764,0.46193210549713465)
 (1.0426364689997363,0.29438275318915402)
 (1.1233334549302501,0.69407360997782852)
 (-0.29964539328586809,0.33402792658108932)
 (-0.69155978394497752,-0.37792475037857576)
 (-0.038979656671788848,-0.5069575537566231)
 (0.091868738935698538,-0.25718801174927641)
 (0.10886796653676745,1.1735012871616513)
 (1.0211833754746353,-0.6643481188226652)
 (-0.69500143019235472,-0.40630996333698166)
 (0.040545435596547157,-0.11051512318663043)
 (-1.0655512003274148,0.14845375240126163)
 (-1.3615054968541123,-0.18783607848469774)
 (-1.7113985024974174,0.22644941358356496)
 (1.2994713406490901,-0.48641431970958871)
 (0.43624447729156679,0.19137331157204826)
 (0.55270975047894111,-0.37614487522713358)
 (-0.49116628808886059,-0.34519614577478891)
 (0.27591233848811442,-0.59389211064316005)
 (0.79349067900943826,-0.70547375811752033)
 (0.49916736337044437,1.1543251028094355)
 (0.47999285271184272,0.49247129948874985)
 (0.30171160314797002,-0.28585645036850488)
 (0.49168162812233634,0.93313156355530791)
 (2.1850418710865078,-1.1006385484920804)
 (-0.78535687472020543,0.80328695303773479)
 (-0.010577362065717411,0.65968903260608092)
 (-0.43354173669391616,0.12205796486626355)
 (-0.18859807720960814,-0.24478721018408278)
 (-0.013273577143601972,0.34980844323315241)
 (-2.0289535221783215,0.13199755170286398)
 (-0.043306116861700827,-0.57218965431207691)
 (-0.20428076719461985,0.88604179745410661)
 (0.52269401707934815,-0.45755379074787222)
 (0.36727997088795272,0.76488224625175183)
 (-0.73077117097759536,-0.15113199304056157)
 (0.35798852159150207,1.2242203795646396)
 (-0.78133503766232626,-0.10168825307684159)
 (-0.46685668249307966,0.80977077678462461)
 (-0.97272165555686174,-0.78642495968431281)
 (0.89607130933551704,-0.50902261952182859)
 (-0.12619027562006357,0.47919393364316198)
 (2.2311220324640333,0.29353893485402571)
 (1.0094496794557628,0.77658700988569707)
 (0.19364204265064472,-0.11090847577156215)
 (-0.63287628821881259,-0.60112748979796859)
 (0.96082316219790931,-1.5128457488335609)
 (-0.80641595988541581,0.54236535030121658)
 (0.056586497342771713,-0.38915888235376633)
 (1.4189732445567278,1.194273938682352)
 (-0.13450907091288999,-0.32695037094605084)
 (-0.29490836224444494,0.37749295327262733)
 (0.20045847201055808,-0.20290571109634306)
 (0.23279176679839431,-0.84444291365505797)
 (-0.97692745628037003,-0.84858261117263489)
 (0.21558502286266495,0.33778606879375744)
 (1.2279203856541459,-0.49744036524748741)
 (0.54669492452832835,0.27343057300047169)
 (-0.60179241135457373,-1.0577382256883996)
 (-0.89311905643983514,0.6898853505160113)
 (-0.24327180639449264,1.1099151093781776)
 (0.53446473422756724,0.28428772609657404)
 (-0.017600161420997851,-1.2956636887198267)
 (-0.63294033658415871,1.1278312825482211)
 (0.6127586510008598,-0.35841615421145628)
 (0.65372299921864641,-0.2966028344969513)
 (0.28636308156574114,-0.24958213677379229)
 (1.289028190316986,-0.78352956219651371)
 (-0.67168501135588898,0.24754854504247364)
 (-0.68042971038337363,0.11689435065876863)
 (0.7628513319032898,-0.97638735682190803)
 (0.39770341095578204,0.69320224890027715)
 (0.9574393033929719,-0.056043487611322829)
 (0.30131402443407806,-0.55620373994486894)
 (0.20411750455931615,0.97419354300592542)
 (-0.89708488595169211,-0.89979996361708559)
 (-0.38762177925460839,-0.65025431577382919)
 (0.031694839366810862,-0.31841028449738995)
 (-0.32765951773572988,0.74252743242604324)
 (0.86290903902216454,-0.18316627491468068)
 (-0.36097065344203511,-0.53161880973033293)
 (-0.95411860116480351,0.22438476731184737)
 (0.62375893812460736,0.14081406445783565)
 (0.68345603666003263,0.77605669777763797)
 (-1.0627512521728861,1.0547582790159975)
 (0.62311506994317067,-0.078660237281787893)
 (-0.38094850333272218,-0.4304790556042129)
 (-0.078603466906884745,0.3658981973976369)
 (0.44784207602236259,0.066082652155431826)
 (-0.06546932098564065,0.54162229977607923)
 (-0.75724128127666712,0.20155166601246971)
 (0.62435188624369142,-0.76647417211313873)
 (2.2107179396638346,-0.58164443492675844)
 (0.22043500745313011,0.0038882302852159267)
 (-0.39214644825075562,-0.95672543287077871)
 (-0.17485623754092078,0.74248480923590043)
 (-0.10691343256144453,0.59158373389059227)
 (-0.30435232995031325,0.040342239620832665)
 (-0.68743298102232131,0.021455208749139532)
 (-0.25263033416226521,-0.067795172913318505)
 (0.49378068482605753,0.076382283822606922)
 (0.26870075093394219,0.54572028165682229)
 (-0.036725203082391987,0.14766572292795757)
 (0.61989695508970999,0.15248659570302034)
 (0.90177423585516947,-1.1575574519377529)
 (-0.91531799098055355,-0.21830383076178078)
 (-0.97570008869254043,-0.24630310757438584)
 (0.94383865324142247,0.17182482249071168)
 (-0.037921600698827787,0.15420759037896287)
 (0.53401229439028519,-0.58318651439848446)
 (-0.1313667048004673,-0.092887483878261748)
 (0.81837929489946903,0.33217427082996437)
 (-0.45120397891945407,0.85960479404698231)
 (-0.018144179323252074,1.2181750829583278)
 (0.51940599765470552,-0.2415307610977907)
 (-0.33891406491908455,-0.6946245544438141)
 (0.67553783077370633,0.0479451998779995)
 (0.15553319652955025,-0.53849478679203144)
 (-0.26654569701080394,0.76934265093573684)
 (-0.71311954359600238,0.36802123822458965)
 (0.054675150933899824,0.47317048070184842)
 (0.64404687391346926,0.35678472832212971)
 (0.077450649724495252,-0.13711036834346663)
 (0.081932912488960286,0.81697904580260428)
 (-0.014806535298172663,-1.3531116009748483)
 (0.71429463266956461,-0.78726957889746341)
 (1.1483717523193668,-0.74092362267885881)
 (-0.18723432047137337,-0.28561135645855262)
 (-0.69200831501273019,0.47517506606145965)
 (0.47114733193454228,-0.42203567646030737)
 (-1.0835725936530394,0.40064098063121306)
 (-1.6145670169323489,0.71744526972327627)
 (1.0246260649602588,0.9644446725735637)
 (-1.2151724930374419,-0.80137630436527552)
 (0.19533746049833253,-0.27347869713181061)
 (0.27354243994494537,-0.41395415380868977)
 (-0.05445611107402399,0.05485787139110989)
 (-1.1069929745481448,0.20074339143531578)
 (-1.6914955286924269,-0.20930091915923643)
 (0.72518991800101673,-0.03017045758413428)
 (-0.8486705403513799,0.46605561900283665)
 (0.7558598666166666,0.15838354297933011)
 (-1.1484185964537783,0.32117713775364443)
 (0.95259811597100486,0.069877643406137169)
 (0.27204360806184524,-2.1418281030247601)
 (0.81961530962030538,0.020824441933334381)
 (1.1528291059297127,0.35762162875468839)
 (-1.4918539537484925,-0.13558049263630034)
 (-1.1893116756817577,0.35705770175557411)
 (-0.52262468955277208,0.28585220564448766)
 (0.34496753064795282,0.30787458479525975)
 (-0.63200731120341258,-0.12712160219054086)
 (-0.61822045299032402,2.0385822324442771)
 (-0.55857157732758822,-0.6011935307196995)
 (-0.21877596233624919,1.2236772516986769)
 (-0.12403477858465062,-0.80029581156518725)
 (-0.013544035885337674,-0.10465750843008439)
 (-0.037534073499271903,-0.68182522373275201)
 (0.52155219593295665,0.97124054914302194)
 (0.77955538013849957,0.23546216985823493)
