# Created by Octave 8.4.0, Thu Dec 11 09:47:21 2025 IST <gamana@Samsung>
# name: rician
# type: complex matrix
# rows: 1024
# columns: 1
 (0.74726063316247471,0.76873544335653055)
 (0.087967613546507145,-0.45692782572935697)
 (0.59738028122498887,-0.51510418074874798)
 (0.35914376948964799,2.0792328472172579)
 (0.97190210337350713,0.5929248676460086)
 (0.8281664566844994,0.6901188899191274)
 (-0.53428698844654277,-0.91124359613809214)
 (0.7361156282447896,0.00064673997415370943)
 (0.64376638924139373,0.035902556591635215)
 (0.027829044191747698,0.58906515276165028)
 (0.40209599011751368,0.89625621306289038)
 (0.38768576827446705,-0.38020112923860111)
 (-0.43452332460224585,0.64011492499710865)
 (0.60758085089266478,-0.33223240658063391)
 (1.1959635768081431,0.3688880872054065)
 (-0.78279616869636115,0.55731224016447412)
 (1.2702694194878523,-0.89320620786130123)
 (-0.10299705033535367,-0.9730754177244505)
 (-0.43549568868254246,-0.59217934688082963)
 (-0.31744744388087615,-0.42862016070603753)
 (0.12891416271678496,-0.36163425053358406)
 (0.75139519956204359,-0.76446332103057846)
 (-0.45765918016020557,-0.22705535421884251)
 (0.71942154343982745,-0.8863878501787199)
 (0.32576932278931942,0.22855296590224389)
 (0.67368269923970292,-0.071336623379459785)
 (-0.47114491638832734,0.38018599712126067)
 (-0.15221375238897089,-0.82737723672584429)
 (0.24333277165409803,-0.30789803073622396)
 (1.0814043395436777,-0.91968488225229938)
 (-0.21637064398829609,0.29871698737396701)
 (0.78862240158142094,-0.56229463855233042)
 (-0.30391900292769791,0.70437833522387749)
 (-0.95522549701258552,-0.70454908640385239)
 (-0.49185437073042731,-0.63126076115735907)
 (0.6443461718947191,-0.67959336295709638)
 (0.97240519019468941,1.3046200472994054)
 (0.8276118629853888,0.47237756534577996)
 (-0.33490966070555733,-1.025362573203656)
 (-0.9613132277879799,0.68041104361579108)
 (-0.45662953329716044,1.1828547104325122)
 (-0.71093208379285089,1.6350881755425948)
 (-0.65866789913246981,-0.58321547594143552)
 (0.5830202131326766,-0.33969047414093412)
 (-0.96574687016504068,0.60917528766077789)
 (-0.44077644576950442,-0.75401656878343704)
 (0.72611119834753335,-0.77835901035732136)
 (-1.048970422279184,1.0030634517329313)
 (-0.49469888421186164,-1.1730904017269257)
 (0.98969341736835859,-0.61489818855615141)
 (0.093501289449565095,-0.82572023761484359)
 (-0.27419112332011186,-0.75978626676569794)
 (0.21227876928881373,-0.41677185244929071)
 (-1.0567867546449154,0.9506744112287786)
 (-0.59261061138912408,-1.0380609356669945)
 (-0.24111074217985845,0.58314476622466627)
 (-0.27299362046758413,0.02013164191541239)
 (-0.37683159352774698,0.32814863737671962)
 (-0.08385955980640232,0.22183960876597786)
 (-0.40286475572097252,-0.84479952636317202)
 (1.249883807270308,-0.75682761986447666)
 (0.24753607267510014,-1.3850698811617626)
 (-0.40122282524925729,-0.41289170353008259)
 (-0.053822261228206103,-1.481774997472177)
 (-0.721587244387352,0.48610902650627874)
 (-0.9428210557376675,-0.60939418807491097)
 (-0.31377740421826494,0.28126597704815259)
 (-0.84491420509657456,-1.1384470412136962)
 (-0.52615893046338147,0.062151535540315606)
 (0.47948095545737279,0.84762953735127333)
 (0.52122750975684473,-0.78870595009548483)
 (-0.90037649313608759,-0.87530314477337523)
 (-0.31624161096341308,0.028020525822772202)
 (0.84829934983689381,0.4507392478469075)
 (-0.23169101697151645,1.230969178397245)
 (-0.95864949796747778,0.40779816260791191)
 (-0.89144723051110297,-0.44240340746654838)
 (0.64235411645159868,0.44108832129811054)
 (0.7454326146793252,-0.46248919183990533)
 (-0.11233898944029735,1.0954318548869086)
 (-1.0923740517545848,-1.2848571902639956)
 (0.72493157311949219,-0.095693778743125901)
 (0.85735233288762902,0.48618367399455631)
 (-0.73254577884164651,1.239657507377687)
 (0.647098318205931,-0.32860236073926186)
 (-0.92381980103510486,0.20832823052934879)
 (-1.4445954885335242,-1.0069824048367002)
 (-0.0017674587337359604,-1.0204015186236468)
 (0.80971504805736294,0.40055802275237995)
 (-0.15889717140630244,-0.84225944188146873)
 (0.55228622662082449,0.62759332500131737)
 (0.39781308495332274,0.67463084563927223)
 (-0.41217615866554308,0.65145320327429013)
 (0.02000685102234373,0.45810420203858443)
 (-0.15048435277551075,-0.8133822573720817)
 (-0.47192311983822821,-0.65931807414997301)
 (-0.38791750962047095,-0.30111969070645411)
 (0.60382263485031462,-0.24960806232038987)
 (-0.76725747175716441,-0.55506873378964638)
 (0.23523610190284999,0.49119646141699885)
 (0.016876399771827144,0.69157608975043927)
 (-0.85465168961232107,-0.70849403851591797)
 (-0.94483712065255232,-0.58662172356291342)
 (0.58655881229422058,0.57451434171970461)
 (0.52875047539414788,-0.11319309086671167)
 (-0.71122763847052362,-0.37559482959666085)
 (0.21897685519914112,0.82421156429426756)
 (-0.3027868917906259,0.20996420483774736)
 (0.25078078971103335,-0.31995694589843826)
 (0.58784910406302471,1.0434442213240107)
 (-0.4949160560801445,-0.25393180622139438)
 (-0.56129281364102535,-0.98556941114622409)
 (0.56203410001156351,-1.1111026175679859)
 (0.47806065012163423,-0.41750792718657259)
 (-0.98603298074644119,0.060754172042897292)
 (0.49403347891459143,-0.10282630956243105)
 (0.71034669198619471,1.0060909567694154)
 (0.15851067989981948,-0.6980274649516931)
 (-0.37209961696943533,-1.1379221371702619)
 (-1.2590694725832727,-0.65445827232286635)
 (-0.11180102593969138,1.0511573089381299)
 (-0.56186708963292153,-0.76514304353380325)
 (0.66942539620191821,0.6078531000127837)
 (0.5309095224740642,-0.79790549480578499)
 (1.0461115696729077,-0.47937661852159652)
 (1.0025231350042008,-1.1826047503822985)
 (0.87594614868175702,0.37035968293891591)
 (0.19839934887538838,0.67141445762595975)
 (0.90434009312930874,-0.39970217869586844)
 (-0.49226038732601701,1.0124366396147095)
 (-0.18735155869995371,0.42036817915893321)
 (0.8157736770403865,0.91524339678662914)
 (-0.26912986454290494,0.65246350287282207)
 (0.69416725628975828,0.66196267896088212)
 (-1.1965431374422655,0.5842085653791389)
 (-0.67091403091953739,0.85123021142606059)
 (-0.66457803761412571,1.2125470074940934)
 (0.91660580136115954,0.60993688035439253)
 (-0.91242108802485256,0.347768843147363)
 (0.33511874184878382,-0.3807235690711574)
 (-0.34184347021568262,-1.4539420920197319)
 (-1.0424630352506112,-0.71116286036028287)
 (-0.41281300266080628,0.79685958233608178)
 (-0.6155251512980312,-1.2039346940998734)
 (-0.50517261173872507,1.0980029587568172)
 (0.77108789286929014,-1.2942115051885663)
 (-0.6845768696890695,0.18345097872104121)
 (0.23371568856719954,-0.39324566344567163)
 (0.4638509993680241,0.87857639394304388)
 (-0.77814425581308055,-0.51792756525636252)
 (0.36559137961630994,-0.66923865293811047)
 (-0.87682627045199568,-0.81044556463194806)
 (0.34574806339054603,0.91346842772274695)
 (1.0392435517409842,-0.12001088365506485)
 (-0.52249413303750236,-0.63592531471771352)
 (0.17040899057251779,0.1744047603470843)
 (-0.50059164884139173,0.024369080151971201)
 (-0.095319015225469594,-0.71046894487947931)
 (-0.94679516025693256,0.76810173301448181)
 (-0.69173814970287251,-0.11562673642116988)
 (0.49763519505960413,1.1101831680135212)
 (0.29281781985901612,-0.95890730341081998)
 (-0.20199776352383408,-0.61694252074998346)
 (0.51878973503478454,0.35464346852551853)
 (0.20885245835715543,0.89675122490366976)
 (-1.0170824053329643,-0.96070900688765881)
 (-0.56769688263139861,-1.4815856300935046)
 (0.17725612196056784,0.95922679465860694)
 (0.64669780824195966,0.94504935000788226)
 (-0.37632930277501497,1.363698859857811)
 (0.54583811917865521,0.50519472580137892)
 (-0.44015146544069012,-0.6785874896462607)
 (-0.82759886860093668,-0.90143311434728102)
 (0.6544245514117909,0.64923209975170992)
 (0.40060271312536971,-0.73830200196440021)
 (0.36509080119521004,1.3425377058750285)
 (-0.65980386871024999,-0.83016828747186155)
 (0.8308021573245683,-0.80873033594920485)
 (0.45044220537851154,0.87579680556320016)
 (-0.38225054699070149,-0.53482445967661396)
