# Created by Octave 8.4.0, Thu Dec 11 09:47:21 2025 IST <gamana@Samsung>
# name: rician
# type: complex matrix
# rows: 1024
# columns: 1
 (0.73794941644920242,1.4492352656503587)
 (1.0102486653775677,0.04470738188931983)
 (-0.61789635244666041,0.9183826938690608)
 (0.44373009566005239,0.41268460152402053)
 (-0.35332249828086104,-0.61815455701122501)
 (1.2065884697461777,-0.66409802451281497)
 (-0.66794318274759301,-0.50440369421816778)
 (-0.35466742147638419,0.65589699990523653)
 (-0.26079925018265304,0.48613958863313911)
 (-0.36897693564365236,-0.80084977634877941)
 (0.4523533350016426,-0.83237776783101469)
 (1.203321357110861,0.78825544664980396)
 (-0.260267257175402,-0.79401764816273002)
 (-0.78050821048785424,-1.0237838454284061)
 (0.43824988425138472,-0.60512059410007679)
 (-0.18083108612923116,1.005387839422462)
 (1.3224119482563959,0.65362742260741646)
 (-0.67032035949857005,0.71587402058026828)
 (-0.10978340105285356,-0.78981277121156157)
 (-1.1017020224535019,-0.19350567246971434)
 (-0.99756686824822349,-0.64835125382892622)
 (0.57884970753615916,-0.15773097285716209)
 (0.35910544581698345,0.59274967917865595)
 (-0.51596331035622833,0.64700288736779255)
 (0.33090993754517151,0.64536458732327939)
 (-0.046236609117496608,0.78187536489592346)
 (-1.1053328701315974,1.0367400514358815)
 (0.76312644455736689,-0.52751658974169668)
 (0.55233422602786808,-0.71427038841686818)
 (0.73983763306887051,0.59703189429214332)
 (-0.54611953583187933,0.60393295851382467)
 (-0.45782778203306573,0.605235237071298)
 (-0.45379305386553753,0.41418652862778643)
 (-0.84661873125463061,-0.7078031378391848)
 (-1.2367546471105992,-0.6873872226443507)
 (0.65191907495163837,-0.57200858608199301)
 (0.60449892458966181,-1.0650548160045656)
 (-0.50219833336718334,1.1584206835820994)
 (0.41921537217859284,-0.040117812640173417)
 (0.98306817873196994,-0.93778001586889825)
 (-0.29512239295062181,-0.49619032958016174)
 (0.71654930504095771,1.0321184934415524)
 (0.30243727352994082,-0.30989788381753586)
 (0.60366073649919405,0.28316973558141911)
 (-1.2339203213909402,0.87920340061807845)
 (1.0201648448755056,-1.0148987774368228)
 (0.94169923626588103,-1.1800134179703194)
 (0.82958909801677039,-0.74430940495239861)
 (0.1876910882402385,-1.2709437700618733)
 (0.24498140847145755,0.49393304499360524)
 (-0.88982375518191703,-0.64412966559046736)
 (0.39816502474538973,0.76091098768879661)
 (-0.025761196354607607,0.57058336135115428)
 (0.47566925046257458,0.66941058407437715)
 (-0.99106535764935677,0.66147304807826501)
 (0.66878378948341677,0.49289329170831514)
 (0.39969671143407703,1.1241032897505217)
 (0.54679900420527827,-0.61489752672675102)
 (0.66589768184883746,0.26372780417233399)
 (-0.77717717950050214,-0.089164870421636566)
 (-0.60348536677327391,-0.99956554902397488)
 (-0.92580884506083816,0.88207131418626372)
 (-1.0437558002794607,0.56116713800427043)
 (0.87657875232687399,0.47139995963654635)
 (-0.42411172828433041,0.31679015648552766)
 (0.71217762329607159,0.58146478618594888)
 (0.49153350625643388,-0.75296216667779703)
 (-0.028477861045144777,-0.11383693604162276)
 (-0.7788976734181049,0.31110405685557796)
 (-0.14550849537108834,0.65268665137406312)
 (-0.87424907983972167,-0.32858547482825518)
 (0.60427989503802493,0.37547184832804842)
 (0.69453845632053213,0.42465776025757646)
 (-0.47320953302167512,-0.80049491296400987)
 (-0.87534297361408897,0.59024058718708661)
 (-0.082317913598179582,-0.88193800159332691)
 (0.84072215745983603,-0.50153855771261524)
 (-0.24975348042272913,0.2634837933759589)
 (-0.89192936649998744,-0.21896835338825243)
 (-0.87827399794384675,0.59233289889183127)
 (-0.76929539884666609,0.094482500426816163)
 (-0.89217798408636639,0.064561090821584954)
 (-1.2212617720202092,-0.80605015628091392)
 (0.035323046022376514,0.920460249346988)
 (-0.30902293084474219,-0.5955380108825552)
 (-0.052334702377714967,0.18162074952361379)
 (0.47784406649126349,-0.37169372813226303)
 (-0.45891193681050541,0.35570379511372857)
 (0.16963378623606867,0.70790088110370242)
 (-0.40352839635566273,-0.65323200548467575)
 (-0.55968629219104815,-0.73031360789608568)
 (-0.76387138045175595,-0.41816376536318545)
 (1.1526127143416947,-1.4292150141290629)
 (-0.29171582514057254,-0.42914110596263849)
 (-1.3199996674339187,-0.8748301941450316)
 (0.2601845980696772,-0.26339370568929865)
 (-0.42141214957991296,0.22257482000416934)
 (-0.55577253314809194,-0.44585673042120905)
 (-0.58014749713298652,-0.59702275405775151)
 (0.25805025075405075,0.48791962053854221)
 (0.084071378944947706,-0.3480552360558628)
 (-0.35649016367395936,-1.301539415110883)
 (0.53972724392011062,0.70472815327627791)
 (0.15346217158501935,0.61573413905530616)
 (0.5429746632023299,0.75690871394381609)
 (0.48427351786199208,0.24815640579309456)
 (1.626010745465563,0.70633425581001053)
 (0.69200665990251686,0.48759916673735992)
 (-0.55569234830845149,0.020739709847609089)
 (0.42991735844923062,-1.5719797396220245)
 (1.0229622397236711,1.0293432494026822)
 (0.84065621287745262,0.73975059390856401)
 (0.76996636791514605,-0.63369248333120543)
 (1.1768411686703528,0.73669007480800186)
 (-0.50820176843791998,-0.52184800145616561)
 (1.0358188092816523,0.90572098724251859)
 (-0.17476677393694817,0.82710931141362531)
 (-0.7919204556161461,-0.19377564990898549)
 (0.069941850532000749,-1.1151106504062254)
 (0.46293193470829708,-1.1909509137696834)
 (0.48285896535295325,0.76615389955654811)
 (-0.22919806758417544,-0.26151864863536017)
 (0.7756516100327755,0.71923614573469763)
 (-0.043843120736184737,-0.62592457543172486)
 (-0.33368761543180542,1.2196240048426219)
 (0.42156900345269038,0.3564626717881681)
 (-0.11270273688254721,0.35034661925128302)
 (0.10371508967272849,0.57941742667123641)
 (1.0131205627013828,-0.79350457776318639)
 (0.48868754259443226,0.82659632162121544)
 (1.0235575137388637,-0.67900756106722393)
 (0.21854924626688671,0.13900650428293093)
 (-0.40032429956598192,0.61614714231687429)
 (0.99156022072917482,-0.73674309742461375)
 (0.805826470619465,0.53012529857783963)
 (0.31511443178113913,-0.59072713375015451)
 (-0.15897454762478214,-0.86163196345221715)
 (-0.26054912444739925,0.86483381678465077)
 (0.94476776063304158,0.32711933485252481)
 (0.64209544584541378,-0.19630029328518067)
 (-0.42830672385221258,0.83562420283369965)
 (-0.57720631420626789,0.50860841352154285)
 (-0.54717365321816913,0.41643494426220162)
 (0.50969759968037498,0.54727648841042287)
 (0.33511886859434598,1.2730839090428048)
 (-0.13499362230298906,-0.64782727564202292)
 (-0.59120208644197447,0.31400732798355901)
 (1.0255833499816289,-0.83466881189450626)
 (-1.2560648867786066,1.0214823426035748)
 (0.57344429738265057,-0.27590957420791495)
 (0.13472557549639025,0.62295824037190317)
 (-0.014440026716165566,0.77176431373773169)
 (1.0455883071354726,-0.32718342838054448)
 (0.46812550161917232,0.82014846022489185)
 (-1.0620242438559102,0.66274130459169767)
 (-0.60021962694671394,-1.1795436909544599)
 (-0.39811110350436146,1.0964750480788856)
 (0.4546628677887567,0.97103063455970151)
 (0.26631667722560315,0.64206124762098982)
 (-0.51211193521201892,-0.41246868158210215)
 (1.0627275454532168,-0.66510353945371881)
 (-0.55278652469390588,-0.85361357530735682)
 (0.37990109593282662,0.63651896031498745)
 (0.43514158814652643,0.056282916598436705)
 (-0.054311376864062566,0.23458073272873148)
 (-0.54427802947097792,0.94566740554622575)
 (-0.68224532324915355,-0.28452342439390266)
 (-0.83880058348056707,-0.70951732072928808)
 (-0.57496852294537459,0.88322693526608853)
 (-0.32420009850606241,0.62790998510929996)
 (0.054503075458558321,0.15410055885688514)
 (0.73578482287272096,0.45623275489153226)
 (0.64561310752548229,-0.46780718670858629)
 (0.78317243255291058,0.52246959268425908)
 (-0.9001162815230882,-0.3550228336973521)
 (-0.8683522444470968,1.3180371780240956)
 (-0.805795731339364,0.68866919404577831)
 (-0.76829099307852033,-1.352322305792232)
 (0.37068072200556934,-0.96596850600064077)
 (0.68071468326107654,0.94954321204822356)
