# Created by Octave 8.4.0, Thu Dec 11 09:47:21 2025 IST <gamana@Samsung>
# name: rayl
# type: complex matrix
# rows: 1024
# columns: 1
 (1.4118649527010021,-0.58922595876988126)
 (0.0097035529624440175,-0.50810609550100949)
 (-1.6281203947202696,-0.26537856170583418)
 (-0.57709951625363531,0.33416001922600902)
 (-0.8547452248331,-0.071927391929453799)
 (0.77575914757238917,0.69939443749647479)
 (0.78935050349979308,0.85408534749671616)
 (0.38280312572278674,-0.83898796437645784)
 (1.1395115739445816,0.056467367615960606)
 (-0.64613519361572747,-0.2804165839785816)
 (0.23943734919804616,-0.99091782202679424)
 (-0.37016582442575324,0.54262133426530945)
 (0.76050601525259509,0.67757284946650387)
 (-0.16407067453828122,1.1397174671738888)
 (-1.200065200339935,-0.88434449514876134)
 (1.2294367757005054,-0.58539609370300882)
 (0.66178022910665568,-0.40876803954237162)
 (0.75917265137592538,-0.3743011203834426)
 (0.99324403118131532,-0.147471754053838)
 (1.3740875704070623,0.31988838891495952)
 (-1.1541322567681433,-0.23100493710761116)
 (0.19251660135156973,0.21494403825736169)
 (0.58069941979427175,0.53036438810629727)
 (-0.019586468055370565,-0.68087477144282671)
 (0.040487676630296787,-0.57114517662513298)
 (-0.0890989185683978,0.019971982600484842)
 (-0.44242831660738924,0.42838909122124902)
 (-0.33817754096863328,-0.14411706111755443)
 (0.1999552485637692,-0.08490863808002394)
 (-0.20462779023455163,-0.48350417925782657)
 (-0.55812179596125,-1.9968258015633675)
 (0.0042851960065450334,0.35000752133864543)
 (-0.074945716477163846,-0.3081958803436905)
 (-0.54808981530852074,0.22261464102995301)
 (0.69263825208476282,0.79299425424513303)
 (-0.40769190619241696,-0.14611275743434088)
 (0.23982358099475462,-0.21244258543532321)
 (0.52361184576135544,0.30822360278912803)
 (0.63011307532477201,-0.4865544224524142)
 (1.3048648251883563,1.9087675166427076)
 (-0.33892616697167899,-0.20369158828152378)
 (0.14873474701365344,0.48905466443717138)
 (-1.3852791650305487,0.64305495242137511)
 (-0.39607569734994919,-1.2473345548604375)
 (0.79985323883553672,-0.49731217949565132)
 (-0.14980894767474739,0.85135852263306699)
 (-0.74658779939790487,-0.8661351329486624)
 (-0.22898485923857576,-0.059552831570383269)
 (0.02801143831419442,-0.33859905585833616)
 (1.027963714032107,0.62532117651720576)
 (-1.8065017867483719,0.959463809456232)
 (0.66218634763238371,0.71211883845818202)
 (-1.1581551567406134,0.34120948357525677)
 (0.11997610598461061,-1.4767515567674407)
 (-0.38699723090758997,-0.13585205659708041)
 (1.2614699793974467,-0.35761239657599686)
 (-1.1170806532075801,0.08110728452576399)
 (0.34972567808720745,-0.65493540385480331)
 (0.93391409570326633,-0.48524176271603547)
 (0.0085415161220657732,-0.37311985822712829)
 (0.58186931437468492,0.80249119597170715)
 (-0.020472126992486257,-0.073731973921144903)
 (-1.0863069195648636,-0.00082108261054081311)
 (-0.1789536002253061,0.085823466746049418)
 (-0.35484244828851896,0.011393334112427489)
 (0.20256309695968241,-0.30859029734851556)
 (0.66511679265945955,-0.53629070121741773)
 (-0.15478501853785753,0.96617746357060297)
 (-0.75996227026784291,1.3128659604980069)
 (-1.2281955128301183,-0.62759493357941565)
 (0.28577430811883731,1.3718135124629525)
 (1.059887734334195,0.17877844899428752)
 (0.63835715885535349,-0.83064325853776333)
 (0.50524904378658642,-0.91753462840210487)
 (-0.58339282488308952,0.26217252138940894)
 (-0.33354064069471961,0.55401232989463767)
 (-0.089198369814721387,-0.068994334734302762)
 (0.71022789097360395,1.0086532751820205)
 (-0.69967970750264219,-0.66255179368157457)
 (1.0250837576156877,-0.14001486885869391)
 (-0.46820032493405916,0.39235889387760325)
 (-0.35602862885206721,-0.28598043231482806)
 (0.42010360203219282,0.2950368535834878)
 (0.12459845692696477,0.17040485116219981)
 (0.12404183989564943,1.0280438459980799)
 (-0.62303080956825629,-0.68109079551705831)
 (1.6180938229370456,0.96599692361963363)
 (0.069234318176217613,-0.071371953065149513)
 (-1.4889854325162089,-0.47303783517654296)
 (0.15964051075737906,-0.87094885814934875)
 (-1.1340290159179012,0.87711536159787584)
 (0.36439418687676933,0.26611389247170042)
 (-0.33183315875003416,0.43515386540021639)
 (0.58094213603947975,-0.09058000641414396)
 (-0.56184631503253768,-1.3308381429617286)
 (0.34327689085214425,0.88438914984972405)
 (-0.28749530615800295,0.38958753811491892)
 (-0.017177953342216914,-0.017289889636751096)
 (0.36279844485721202,0.20632485546846926)
 (-0.091956656186099384,0.72856459384490979)
 (-0.73032189485541688,2.4433334288103818)
 (0.086063610087168063,-0.62391905744377252)
 (-0.62458591607276959,-0.40921860229556212)
 (0.52723203209515912,0.15516911480612977)
 (0.49705348588316861,-1.1147716562948973)
 (-0.6219690830752429,0.48723781014913864)
 (0.52446238738705442,0.22638555819907488)
 (-0.11405183092542741,0.16308134683305417)
 (0.33981460982519029,-0.2282433552403268)
 (-0.010529488489078254,-0.7606444493088993)
 (-0.031516770618137083,-0.23478168318058529)
 (0.48639644983433128,-0.069209042966640183)
 (0.98640059797585244,0.54274553580028762)
 (-0.23588194050169217,-0.27991617504555105)
 (-0.90564463363544057,-0.86878458020546179)
 (-0.36390006120811924,0.80204676702751565)
 (0.037985510219785135,0.66355145012842842)
 (-0.20185713381475118,0.051677922968358436)
 (-0.069938017502950423,0.69823969132316543)
 (1.2000010768402909,0.029234815891641452)
 (-0.82167279228837353,0.33019279977722277)
 (-0.38958183327362722,0.17556732091951827)
 (-0.82691567832241775,-0.036067684479895945)
 (-0.55914631324612651,0.35883723144365448)
 (-0.48433930923536339,0.66758582163684443)
 (-0.0633845069822455,0.07432787783193652)
 (-0.097412771000830622,-0.99625615319498162)
 (-0.73049411357060579,0.36297221190245943)
 (0.4614932920421414,-0.38035869927971888)
 (-0.22431681390414571,0.4163310280212138)
 (-0.088726332219799253,0.43632592709272583)
 (-1.5797555057091843,-0.60331661932943481)
 (-0.19551764563442897,1.2122175955801868)
 (0.79896757325979573,-1.1325096256812097)
 (0.82729730106483679,-0.53783649040318116)
 (-0.039557915840580438,1.2424698664165046)
 (0.32890380109453066,0.053045500399619944)
 (0.675600852190683,0.35318752784675589)
 (-0.50675934697365488,0.45587384925149399)
 (0.2813391243061576,1.0540519705353906)
 (0.39262863524389724,0.18354390197774728)
 (0.059805254954979653,0.03824966314544348)
 (0.65829206568396548,-0.52095034817213204)
 (1.2354435595978215,0.24145472296957254)
 (0.24661040721752162,-0.11173764614453577)
 (0.2750141484097639,-0.8647888871187277)
 (0.6581258287684375,-0.36193455945635411)
 (-0.76535557804330245,0.49089256867381359)
 (-0.95287020802448663,-0.77262763137992185)
 (0.780764368606787,0.4034813505854381)
 (-1.3482106504345925,0.12483180480862366)
 (0.42777488879008263,-0.65501626537407376)
 (0.3433148273778962,0.36132719764261245)
 (0.61815529780505796,-0.033975278285823973)
 (-0.14003481563399783,-0.72993731378068549)
 (-0.0071396992066603548,-1.9022327581034051)
 (-0.27343393956659423,-0.55454297686104936)
 (0.00038859965562720866,1.3108459958424898)
 (0.55272235304102191,0.52670000263402539)
 (0.20441297698230704,0.040452754636456034)
 (0.075616998665968604,0.63449277354045863)
 (0.51196854439565376,-0.25283352842206219)
 (0.71894013091187636,0.45037820580182036)
 (-0.060177735662474918,0.97307027465037876)
 (0.61470732352240098,1.4450357704754202)
 (0.58305963371996083,0.32393564588503421)
 (-0.1061720137801197,0.054453264497034054)
 (1.6087320544687955,-0.83243039322774892)
 (0.52800769176153017,-0.82160039689605036)
 (0.0068935498982848342,1.0115012484394605)
 (-0.46015907983849091,0.57072683499412946)
 (0.78482043599916751,0.061579817016873817)
 (0.055401278319303388,0.017369212149037208)
 (0.30023491337262781,-0.52045621104553175)
 (-1.2259834153565994,-0.91198971634269976)
 (-0.43659397796194793,-0.35946796052494606)
 (0.049869859981627712,-0.26671908297128466)
 (0.24360208244852322,-0.70231719463509201)
 (0.10174507637941865,-0.60946953932164449)
