# Created by Octave 8.4.0, Thu Dec 11 09:47:21 2025 IST <gamana@Samsung>
# name: rician
# type: complex matrix
# rows: 1024
# columns: 1
 (0.65488796842638664,-1.0201300225411798)
 (0.99372484150593854,-0.67144915426287199)
 (0.22916055602774135,0.48699388745656336)
 (0.55444263761392931,0.43578802419531493)
 (1.3929855485466216,0.64019314852831744)
 (0.7026780977699898,-0.33786775479111264)
 (-0.23050152887184527,-0.2885624150245365)
 (-0.43060822115279745,-0.61246913172579098)
 (0.39522088416156181,-1.2207637825110282)
 (-0.39766271644496881,-0.92627039203065942)
 (-0.90082531478121719,0.61829318221894758)
 (-0.51180364701454728,0.24801941169338385)
 (-0.89353380478729849,0.34926409979408685)
 (0.86467974813219772,-0.98247821592855944)
 (0.49110184382514749,-0.35750191566541151)
 (-0.57572992303098558,0.41978012340774873)
 (-0.49791408531760695,0.54068389786150028)
 (0.201810891432114,-0.63601660306996166)
 (0.29162862396563383,-0.56995169559737158)
 (0.89103450774447768,0.91200715840376856)
 (1.1359465596116356,0.9520675663793472)
 (0.27297234098977313,0.58866225207891021)
 (0.69405665915499315,-0.78843543524026416)
 (-0.23250425940125335,1.1810567570669079)
 (-0.87398117105294615,0.30862794285733935)
 (-0.68645895801053036,0.94800246762960538)
 (-1.1605706753099403,0.34359314253819601)
 (0.59856565318859167,0.56840211903460269)
 (-0.76578236224541074,-0.36808028378802882)
 (-0.78122983762610509,-0.9453876456747945)
 (0.78797656375923031,0.54323839209772939)
 (0.70780653802231974,-1.6305984438060146)
 (0.38853230086137502,1.7649325359916128)
 (-0.1337620221676924,-0.050613862833342349)
 (-0.41429065541762988,0.76312136221641136)
 (-0.5328278178606155,-0.48931617671918198)
 (-0.1711813743196175,0.51048992162863938)
 (-0.1791443513140662,0.39617709911247939)
 (0.37464699600920304,0.95384145945869936)
 (-1.0050011578784823,0.84094678825029301)
 (-0.16175597744535708,0.38431529535092057)
 (0.13886327564492179,-0.4966962753934801)
 (1.3307462404115107,0.25070233736742509)
 (-1.1786741563127763,-0.61555799894142238)
 (-0.50682173405513142,0.67053316539802077)
 (-0.46900702891579371,-0.16227882141887409)
 (0.030065958562065453,-0.55968016408396237)
 (-0.21948053356003336,-0.48297690296629991)
 (0.75377930888214539,-0.66584223670867004)
 (0.70934860316881887,0.4239645261314261)
 (-0.99212575863843055,0.83701902474028456)
 (0.82483132058096931,0.55268615940197796)
 (-0.72944556134187888,-0.46502153758506437)
 (0.2228388078509291,-0.12646641474319961)
 (-1.187921087338037,0.5835111462805157)
 (0.62266985509758865,-0.51535461850268094)
 (-0.34785981632508511,-0.11439972623692417)
 (-0.42123099282765691,0.97239307491149862)
 (-0.73269586597424174,1.1657454966263181)
 (0.64288296129745048,0.97179859675340152)
 (0.25728762586357951,0.47877139945075614)
 (-0.3352552843294207,0.81515514454376303)
 (-1.3885496949420335,-0.54410464347882526)
 (0.56320633008064491,-0.39172182425867186)
 (0.35967760753221317,-0.52075619693997199)
 (0.29283613913612694,-0.74078274472156447)
 (0.4709093378755152,-0.41731854456844303)
 (0.48867167108146381,-0.15057947106455849)
 (-0.14638246342116656,-0.53863941077354616)
 (-0.86466123196602696,0.14750009921830648)
 (-0.46342541112825675,0.076356542032996438)
 (0.75648524006853435,-0.74025268819887458)
 (0.56074603856576555,1.0023867979113932)
 (0.65662241369405838,0.58914165675020858)
 (0.34979698340405391,0.3260856842556436)
 (1.191122214855475,0.97598608990393287)
 (-0.53888742144677948,-0.49699771401352461)
 (0.13678865627525222,0.91947450522759611)
 (1.0350658377490241,-1.1677846620530687)
 (-0.69207265988713229,0.55950230936634693)
 (0.67616458869217044,0.31279927429897103)
 (-0.049524564733959386,1.2439449336585011)
 (0.49021116474270526,-0.60510121343568823)
 (1.1479737059988537,-0.52805000949322434)
 (-0.14712063204117579,-0.29469225564354384)
 (-0.73397856784933901,-0.71265446103617414)
 (-0.86809041214888638,0.68794707553186218)
 (-0.78625307395083288,-0.43565398893180518)
 (1.6138305565216755,-0.79569199949584268)
 (0.58648204292884754,1.2509915424310738)
 (0.42745605811209114,-0.34905633485046567)
 (-0.35378211307328777,-0.83708651810663326)
 (-0.95805594271381422,-0.48447345963075822)
 (0.031549734358600534,1.0115843806359845)
 (-0.85505737320700959,-0.40890924649893445)
 (0.25645205467108134,1.0113623458561523)
 (-0.70347083807690258,0.637050581035147)
 (-0.56735794391074135,0.51737818536612623)
 (-0.98989022112149416,-0.7023479363841949)
 (-0.65007376677435491,-0.34585350234566803)
 (-0.6134792458734154,0.69922373735899368)
 (-0.85568007523246226,0.90169823995993825)
 (-0.65921705398414132,-0.92056145545260115)
 (-0.7587270345935242,0.31767974996068404)
 (0.32972405911710279,0.9163586402986742)
 (0.038829543626250684,1.0850946513612381)
 (0.61361489622903242,0.82769417933279277)
 (-0.53231357621298403,1.0200469727534294)
 (-0.90995801150274647,0.21562467906844673)
 (0.679749390809681,-0.74741695810504938)
 (0.92329178047686411,-0.055070634917024963)
 (0.79725770075041447,0.15545607944243672)
 (0.61749714696151914,0.7814296920114403)
 (0.7284172778159772,0.20039996613274097)
 (0.29070554879895233,-0.82208391011089943)
 (1.0134935715417059,-0.36600182875503229)
 (1.047966528149552,1.3287396461867325)
 (0.64507365588518284,-0.62281800912831908)
 (-0.63091566735313354,1.2370392001287278)
 (0.11141072926332811,-0.33694895214071646)
 (-1.0711675832333827,0.36681150575917371)
 (-0.11486277786018681,0.33758816908821465)
 (1.0498736051342639,0.97637426456213749)
 (-0.074671313913922135,-0.21998383699345631)
 (0.7188598098373562,0.38824076868903185)
 (-0.49375759010111375,0.34957142536643582)
 (0.58712098768854704,-0.64600254669624424)
 (-0.40746710529021413,0.7309508367595694)
 (0.56214843680949511,0.64385592724386043)
 (0.38089400777861548,-0.37658697291588683)
 (-0.39854729319965243,-0.053057653394351117)
 (0.55523034068779342,-0.69631013332761427)
 (-0.77988869756903378,0.58164604510147222)
 (-0.94943692149088377,-1.1587987488122933)
 (0.31140306932276346,0.49892835105468741)
 (-1.0477846982903216,-0.93715119812517633)
 (-0.71009457602113535,-0.21266372911306042)
 (0.717430238681806,-0.61508141185675058)
 (-0.71332326106904542,0.77976443282641283)
 (-0.6434521060388223,-0.52589427043680126)
 (-0.53380601093709923,0.41854669892004709)
 (-0.43026071809664057,-0.70286082648148274)
 (0.90092902227253946,0.91198052719394207)
 (-1.4894222179173719,-0.80785359120070022)
 (-0.56645282292868249,-0.24964761252044859)
 (0.92793423610643555,1.1712946219077758)
 (-0.28601135709390724,-0.50566756255918777)
 (0.29994341012549636,-0.34296823830253792)
 (-0.46484847606378044,-0.19815746645508026)
 (-0.44413696842617767,0.83303250184110367)
 (1.1581639640235568,-1.0452014017602422)
 (-0.45355439817574161,0.36302636668615196)
 (-0.85021081025232503,-0.98096778644127169)
 (0.68120554332592254,-0.1653662806945379)
 (-0.83707762471062075,0.87684608810740483)
 (0.71486149559689993,-0.19178040468888663)
 (0.86379069029716316,0.93328058416227411)
 (-1.4413527851571337,-1.1694436175721052)
 (0.23498383802202416,0.47843992215533571)
 (-1.4381321903319089,0.032959662103203224)
 (-0.98098768699623418,-0.69520961051936681)
 (-0.93420655984314727,0.41619258374863094)
 (-0.51347414609570385,0.63715784237432971)
 (0.78689945415850049,0.78911518187185414)
 (0.8548533025643692,-0.56152078466283939)
 (0.63693789773698561,0.44561130539885763)
 (-0.61945718448036458,-0.29330434974384045)
 (1.1552906031719639,-0.10188291260964866)
 (0.17963798909993234,-0.57978939655476602)
 (0.73240006981315942,0.69379477938557721)
 (-0.58938133279058913,0.12390797452915536)
 (-0.40144107986980904,0.50889486680410423)
 (-0.3085045363107729,0.62619257195909062)
 (0.065819758823499219,0.62107704149226217)
 (-0.99563760694809034,0.67163150194147603)
 (1.0173766042344974,0.48249852450140157)
 (0.040994416708182491,-0.40919253878164547)
 (0.57877536449438793,-0.8061902966051363)
 (0.86971065035761908,0.7297221374913605)
 (0.85698363433603664,-0.36249770342770349)
