# Created by Octave 8.4.0, Thu Dec 11 09:47:21 2025 IST <gamana@Samsung>
# name: awgn20
# type: complex matrix
# rows: 1024
# columns: 1
 (-0.78431594610813948,-0.65346478089331483)
 (0.61070672277234461,0.62094575751499248)
 (-0.70250252175847827,-0.61857487919269771)
 (0.7401844389458051,-0.68364571867310919)
 (0.71726056406434313,-0.80144516253865838)
 (0.64676009184215455,-0.80429084712801202)
 (0.81784997336778797,0.69897457103209726)
 (-0.66674177014889457,0.71679960888822736)
 (0.71111024946070944,-0.76080576765850538)
 (0.66692639222285388,-0.6932635199545466)
 (0.70913231819424305,-0.58520864180774668)
 (0.69970404196841374,0.74666327954283074)
 (0.7730413032005431,0.73875027536855298)
 (0.71659768063668039,-0.78525545111571338)
 (-0.58046000801598652,0.62262037293072758)
 (0.66889181357909655,0.65815317165241316)
 (0.69673834559832515,-0.73470092863889036)
 (-0.66210390712673395,0.64768432261457332)
 (-0.80741730672814593,-0.70756034635914067)
 (0.73881528161484944,-0.71038212153508029)
 (0.7531986634408897,0.74740714641368478)
 (0.75108428714572606,0.72746754414268688)
 (-0.67620429318267727,0.68833118739078758)
 (0.62436381252468687,0.63738044792423643)
 (-0.88927970789076938,0.76950782346717073)
 (0.83374702555651148,0.62738082954647489)
 (0.68865624016591065,-0.60081656176449216)
 (-0.69203768605421012,0.62224394713977516)
 (0.80715267290120252,-0.7871140825807168)
 (0.83126348514406678,-0.51734519202206131)
 (0.64747100388412093,-0.67938219702180425)
 (-0.71249963320619192,0.71898425312091407)
 (0.69215131185712364,0.70597210105766384)
 (-0.78328920435205163,-0.62513885712115957)
 (0.72918722943391412,0.84137575669040321)
 (-0.66318955960774084,-0.77972147689685745)
 (-0.72406519524707758,-0.7948523249942766)
 (-0.72979285459553622,0.80456530177900387)
 (-0.72473200888659062,-0.63874426080697932)
 (0.64331841698735648,-0.87669717143446213)
 (0.81570059420135888,0.78372901400542561)
 (-0.65371080186701258,0.70554156712048732)
 (0.61695739989773146,-0.61766254216689087)
 (-0.78186295271473971,0.68601298251221088)
 (-0.84110889386167431,0.71083073445090283)
 (0.71333736940669634,0.67435376569764482)
 (0.73510499198987533,0.5554509586854981)
 (-0.70435828071382167,-0.78634158011593513)
 (0.63755620950268033,-0.60798160579945848)
 (0.71698436079802563,0.72367861130419919)
 (0.61204449196236943,0.74939232999114147)
 (-0.72338050332110082,0.70411483877228109)
 (-0.75777145745892249,-0.79749605248392663)
 (0.59432116315827765,0.56293629611091545)
 (0.78575659345292237,-0.74455447771557459)
 (0.81556958132925561,0.6996737247120336)
 (0.59238333704504265,-0.70002201943100584)
 (-0.70445799758874816,0.73209233662797712)
 (0.64857725682376632,-0.63238028277842839)
 (-0.81320398824509255,-0.88933284068588603)
 (0.74695076300109886,-0.66649463196298331)
 (0.78388937093964894,-0.65689298793881856)
 (-0.72571953734001671,0.58692548422433899)
 (0.77236632619289169,-0.66821472265900805)
 (-0.78835394626955202,-0.67449885753791572)
 (-0.60071498894630115,-0.82139602754868235)
 (0.5739282522981598,-0.73643900529964346)
 (-0.65193719725624721,-0.65331415756884215)
 (0.69104971054884357,-0.65581843993871736)
 (0.69570756468368233,-0.70908724774921761)
 (-0.55306023709107288,-0.83373327431779365)
 (0.61686551111147825,0.69550277894031254)
 (0.67020425829142116,0.63629806299538416)
 (0.6718210176481948,0.63715181512356245)
 (0.69334651104863243,-0.60964366337334575)
 (0.72027651126929704,-0.81260506112614639)
 (-0.75281438798416322,-0.78639141324804651)
 (0.6947136566010792,0.73007739600305388)
 (-0.73605216758259218,-0.78602381048678271)
 (-0.79320003616573775,0.80923177464767282)
 (0.67997207645282742,-0.69279741629514724)
 (0.64227423020918795,-0.69661051885432335)
 (-0.69714344426545627,-0.62719411368395583)
 (-0.71529235321230911,0.6184259057643785)
 (-0.70083051321573109,0.75217494237405469)
 (0.6585695158211301,-0.73252630920651596)
 (0.73136591231734238,-0.63092493201109012)
 (-0.68880080339712368,-0.73377944632855219)
 (-0.65322155126976333,0.73540859291319782)
 (-0.72314006398590802,-0.64234144309171548)
 (-0.76698864866171079,-0.84230006149246373)
 (0.75538625743134213,-0.6815782627905892)
 (-0.75982721010043686,0.72587168130662572)
 (0.66129248303013444,-0.71080558650307357)
 (0.66937677537454143,-0.60028085691678057)
 (-0.69067713028723665,0.79270887814960667)
 (-0.78142376233307387,0.86509704299418289)
 (-0.65252123108054827,0.67244265976021711)
 (-0.64226899453103126,0.83565768606344815)
 (0.76319622187133529,0.74471519962091826)
 (-0.69150572118667375,0.66647119978196545)
 (-0.84818263639639002,-0.8279458320254709)
 (-0.78875124352686266,0.73786713997535214)
 (0.68260166289973612,0.54793234263220014)
 (-0.81409429331011729,-0.67303879957205082)
 (0.74386846033207665,0.7017010361367032)
 (-0.76033276757184554,0.70532182515984754)
 (0.73026539706592408,-0.73271180920803358)
 (-0.68896873360730937,-0.61190437472539361)
 (-0.67656513149028352,0.68330563963344393)
 (-0.68039561682739058,-0.66347029311810413)
 (0.81816374201148911,-0.68435359951352615)
 (0.75831781734284776,0.78160192161076203)
 (0.71039218749628452,0.61702867376632198)
 (-0.7539325499253815,-0.68544203290405892)
 (-0.73589918463712212,-0.64051852325339698)
 (0.66192057263487891,0.79638224049828754)
 (-0.79305474667777431,0.62279986057869552)
 (0.77032274772230602,0.88769478803342117)
 (0.67966849246612882,-0.68298975556642294)
 (-0.67198066259080524,0.61628440734344903)
 (-0.72895599319219007,-0.73212181006783261)
 (-0.67008180934457562,-0.65175489493560634)
 (-0.60905415174242794,-0.74170396399430272)
 (0.74922305957119062,-0.76252206178956861)
 (-0.69306693762111793,-0.68569129278998453)
 (0.57638824438654246,-0.73893555698461688)
 (0.61432028288456486,0.68932495568121688)
 (0.75592246753959591,0.78891460948752745)
 (-0.59675036906471113,0.67761014404958286)
 (0.70891022188142649,0.86752728750799624)
 (0.76667646621152263,-0.70904008622708936)
 (0.65524422226040768,-0.70621817218463023)
 (-0.69391931071366109,-0.64605896425781162)
 (-0.78940525762295066,0.69130126661240143)
 (0.66871744182745008,0.64185370217283189)
 (0.59177425268207762,-0.60883357642952396)
 (0.60505957301344326,0.76206067295137903)
 (-0.64310639161652683,-0.759305903432684)
 (0.68864609710437263,0.66585593640491281)
 (-0.7666881633461502,-0.73734038185594242)
 (0.70302350369619071,0.75898713990542599)
 (0.58477241528547763,-0.67958271880464227)
 (-0.69696225595389716,0.82110871027238441)
 (0.73142749555426545,0.86609623398329583)
 (-0.66636912412177884,0.69717680848722152)
 (-0.71271364897722178,0.72727986592532146)
 (-0.64882620929881329,-0.5720770964750822)
 (-0.687536504631582,0.7105318705191751)
 (0.6778314109672835,-0.61861828190907842)
 (-0.67065380374106354,0.67899121948962138)
 (-0.67555022585601798,-0.73473345863714534)
 (-0.69946895280432453,-0.76289611488838127)
 (-0.77004972172517239,0.70729260175732744)
 (0.6073086369334797,0.72847680438283913)
 (0.76734935301770268,0.6992185308872193)
 (-0.79129843403965738,-0.66942671694914913)
 (-0.67402801081897956,-0.55716719640750312)
 (0.77008602533578119,0.6761215305185686)
 (0.83557237806800355,-0.67458974366824009)
 (-0.63238212378045167,-0.71420024926334025)
 (0.71886643741573164,-0.6105947669665589)
 (-0.71066940896205244,0.88168911398348337)
 (-0.64786169404306415,0.6678770454107712)
 (0.66153427595929204,-0.68852673818651811)
 (-0.57938458071859344,-0.75767906975620902)
 (-0.65980513714776734,0.72968194693019628)
 (0.75345437057306575,0.70547706285587763)
 (-0.68553611146422155,-0.74861436799327852)
 (-0.79908415807271072,-0.70494492603947922)
 (0.75463137144838177,-0.72096212395218662)
 (0.75584670486335748,0.62941060755285583)
 (0.74668687294931324,-0.60535386030432381)
 (0.67349510836185378,0.49599591523799136)
 (-0.81351469623559325,0.60297296830551705)
 (0.57749343640808859,0.75444630320360562)
 (-0.76905088037305114,0.77711815478270585)
 (0.75447339771352306,-0.70573553342111284)
 (-0.68779296462832562,-0.58252758112023895)
