# Created by Octave 8.4.0, Thu Dec 11 09:47:21 2025 IST <gamana@Samsung>
# name: awgn20
# type: complex matrix
# rows: 1024
# columns: 1
 (-0.65573167315024083,0.63144961036375236)
 (0.72328913214377955,0.65635172835867406)
 (-0.64156029852394891,-0.81813130068624762)
 (0.71974018704123055,0.61157552133322479)
 (-0.69065556978717224,0.72763504195954709)
 (0.80631763355938291,0.67976215656240302)
 (0.66470928209069879,0.70479633636986982)
 (0.71421162956983508,0.63299095622237167)
 (-0.66618909722384045,-0.51556340242072751)
 (-0.68146524584715695,0.60335691347466081)
 (-0.64330857736460967,-0.61186109619455209)
 (0.72247261890824377,-0.62754102831464997)
 (0.75101890926712789,-0.7676315107700129)
 (-0.71187831580953753,0.70507781086661936)
 (-0.61057079299266515,-0.81141582857440409)
 (-0.70612286807551405,-0.68334411249705107)
 (-0.62798434785522805,-0.79065881447344166)
 (-0.64542187086290026,-0.81973557117081564)
 (0.70096706366897077,0.56976399744617812)
 (0.67821011099287409,0.75575674919574221)
 (-0.71158947707441933,0.56730008782968189)
 (0.76159795739600877,0.64791316979309022)
 (-0.79546510577700735,-0.64999726895114784)
 (-0.62154882609357698,0.7552928692181291)
 (0.74264491357369389,-0.65463776237969185)
 (0.67463698459347177,-0.78312167467134353)
 (-0.72547203740325772,0.73196449383975148)
 (-0.84589788239599439,0.8908862991724964)
 (0.73674976966315187,0.72731936538708275)
 (0.71795108044519773,0.48133562014844511)
 (-0.65152977730839368,0.78092331753947464)
 (-0.63774049057118354,0.60824596372433981)
 (0.68817458454985281,0.77729185084450658)
 (0.69540919957501124,-0.65980812358142393)
 (0.67161064837032391,-0.67272134150490948)
 (0.55284428612917735,0.6543884034389239)
 (0.73496857036629626,-0.68476510066637242)
 (-0.63866409847521854,-0.7983305876142277)
 (0.65224962741694859,-0.76223262645851442)
 (-0.64656481908398455,-0.628089270820267)
 (0.77870887081649331,-0.79032781392839813)
 (0.54545843847183495,0.63618230119290031)
 (0.75157720092640501,-0.67799321803067636)
 (-0.64799810714239581,0.72371979204858883)
 (0.71436618778139571,0.71669484895389823)
 (0.71343376307890916,0.69515493253468286)
 (-0.64151508427735537,0.84262368203040028)
 (-0.72226345293837968,-0.73806575567067423)
 (0.75106146114478911,0.76501683983039948)
 (-0.62471448038971389,0.75596634260655982)
 (0.61231768136883413,-0.66030981975301539)
 (-0.71588293518343704,-0.68472345672761137)
 (0.69585312886206785,0.82341284688431415)
 (-0.74421874207511529,-0.6241438240260857)
 (0.71826142744808052,0.67733011022674416)
 (-0.83077635898324775,-0.75584595584124292)
 (-0.63089332151416866,-0.73046456107467683)
 (-0.69608281482518763,-0.82969180562909473)
 (0.67496307360328989,0.65321486377866422)
 (0.72439548363100925,0.61197160809835938)
 (0.79859424444069615,-0.7151605467159966)
 (0.72013899987121344,0.65045605064228373)
 (-0.72398847800521615,-0.71877473053417573)
 (0.6594318040905125,-0.73334244055178177)
 (-0.69269567589152947,0.69970963791233143)
 (0.82741049655912802,0.79717836518654417)
 (-0.67644026019665404,0.76566135823130599)
 (-0.66589528658972941,0.74818722264808235)
 (-0.72140023436775946,0.55556774433853684)
 (0.72539357943481564,0.79283957455173182)
 (0.62560620041026582,-0.60004912616956918)
 (-0.70026335315424759,0.82603351308514117)
 (0.72268939303386581,-0.72777103000699794)
 (0.60777725033124463,-0.63150843807796853)
 (-0.76117985329628368,-0.5934000442261107)
 (-0.65712074378028085,-0.54050354968019054)
 (0.68863168929536112,-0.74082261506542491)
 (0.65967466885461112,-0.6164352903353455)
 (0.75499936739120366,-0.71119035719277524)
 (0.62023104275708851,0.75868757859117641)
 (0.69275709576813294,0.59825169096629183)
 (-0.77714655899697727,-0.70964758557415752)
 (-0.63192415362949195,0.61363124457674445)
 (0.64379253015435522,0.66156298907875377)
 (0.65169885875793809,0.70959745890645642)
 (0.71681576043418205,-0.70128716862297813)
 (0.66396799079900115,0.78975693268609803)
 (0.67544806584154393,0.70663913772279985)
 (0.6528772727915767,-0.66281629749902116)
 (0.81130208323415165,0.71417022218724779)
 (0.74235268939925414,-0.63186055454992029)
 (-0.68906871199331099,0.77199653436659288)
 (-0.74268792181488907,0.57777872039720779)
 (0.69974129408944441,-0.59402443357020462)
 (0.62729306132095253,-0.65373979720071107)
 (0.68404691786613459,0.73102482216719)
 (-0.8312462496535391,0.64872074217428011)
 (0.75646678177770788,-0.64344366657831886)
 (-0.68480736698566169,0.81435255857300604)
 (-0.61426248601573052,0.71893169060023598)
 (0.79119545074122422,0.76062981280237096)
 (0.73404359453972245,-0.69385710122290467)
 (-0.70194874713201572,0.77082110121120806)
 (0.74721624457225533,0.60295065606220577)
 (0.65281065235130165,-0.65831326392837297)
 (-0.73060807744573497,0.62716562541133059)
 (0.80708512446064418,0.75113865630832444)
 (-0.8242199811638804,-0.56410543895663656)
 (0.67351824002808081,0.64431221665626093)
 (-0.72963585046816637,0.65182463209302188)
 (-0.55161909516140217,-0.75642026183604982)
 (0.62251102568075067,-0.71316831049553775)
 (0.69821410137072126,-0.77016803116783361)
 (0.67766047247434091,-0.70591662808100053)
 (-0.76692489179932632,-0.73937893035459201)
 (-0.6917475617296619,0.5302899264843397)
 (-0.67723967791881057,0.76956466642890042)
 (0.66732837907172382,-0.72464339392214461)
 (0.7180373999364279,0.66980899898014068)
 (-0.69676946225597192,-0.73174792655431731)
 (-0.80502543533160287,-0.67883518356242434)
 (0.59972466319724815,0.68234590741541534)
 (-0.84623025099436011,-0.71653166942023527)
 (0.81123621620356867,0.74163606861145415)
 (0.67206129494836164,-0.60544271760326551)
 (0.60107120833720973,0.76057525154554861)
 (-0.74153361919217942,-0.70481196308299721)
 (-0.83916613308696197,0.77521888830059549)
 (0.58846813829969558,-0.70421239952654424)
 (0.69197508095235039,0.7310516018738662)
 (0.72415309984639897,0.74996049617486116)
 (0.65516867763536324,0.72998223194300271)
 (-0.65551090149904512,-0.76442783315318541)
 (-0.70389721220367618,0.60093262103997214)
 (-0.83640413779053147,0.77056243599189123)
 (0.7948251184221542,-0.7148634249847664)
 (0.73376573779197352,-0.7307476945155098)
 (-0.6169737235024364,0.6379967413779486)
 (-0.73406456358884731,0.81532766578302629)
 (0.66730324401309005,-0.66152732534019854)
 (-0.70371158197034722,-0.78439001900717553)
 (0.64266752660874693,0.75655464111642601)
 (-0.69887930173858415,0.73902586104140811)
 (-0.75585070065998061,-0.76917692416580197)
 (0.7662784751017534,0.79381463966568644)
 (-0.75818901739181543,-0.73307069697748306)
 (0.7679920624549077,-0.66113999914174271)
 (0.61591911681174816,0.58478421252756141)
 (0.68524192682663598,0.6729415760183044)
 (-0.73088445615314779,-0.64982964896862061)
 (0.703830793008003,0.85212914199345635)
 (0.64669483651679704,0.7039676892698441)
 (-0.76804620613147978,0.75213643307198408)
 (-0.73099145858939241,0.71744006636235458)
 (0.69979294946158599,-0.77851586265983963)
 (0.73744315192795329,-0.65443748171711835)
 (0.76559671166029308,-0.6719640132944974)
 (-0.60475901663135201,0.71109960988056797)
 (-0.72301581018089989,0.79792820085930261)
 (-0.78974528960752732,0.72930872591024765)
 (0.72532786425094598,0.69146767486713367)
 (-0.63373818343982691,-0.73477504802875682)
 (-0.67573378126785133,-0.70709455254522435)
 (-0.72000365675107392,0.72014663846549809)
 (0.58585308618950049,-0.72961169843719265)
 (-0.72701965009228586,0.77171239492873733)
 (-0.67858979005115416,0.76132591784922865)
 (-0.59527520899408626,-0.67077807232989894)
 (-0.64033877937875805,0.71137466527570625)
 (-0.6073299473433218,0.74269531260424038)
 (-0.68372836739492016,-0.69833002953948842)
 (0.75637933403903046,-0.67063465125076371)
 (-0.64197751965013761,-0.62948221377369185)
 (0.66484992475590798,-0.75110814396606651)
 (0.75486272388318165,-0.73392168421367743)
 (0.65521652909576422,-0.68333347627135055)
 (-0.68830812075885062,0.62708257782917609)
 (0.58146899977866173,-0.75704857033922668)
 (-0.70646663193763803,-0.81570401088829902)
