# Created by Octave 8.4.0, Thu Dec 11 09:47:21 2025 IST <gamana@Samsung>
# name: rician
# type: complex matrix
# rows: 1024
# columns: 1
 (-0.21975929971272612,-1.3360635983885905)
 (1.1233607621342341,0.89772318294847619)
 (-0.44591634315086703,0.81764720307602845)
 (0.50421814872085313,-0.66360084647191175)
 (0.31340734384663099,1.0398145553902831)
 (-0.85496630951138952,-0.38684026590139786)
 (0.61910118446030582,0.67197686142690394)
 (-0.54911497182752111,-0.55305277795850405)
 (-0.87504212267322079,-1.3616273687690004)
 (-1.0702308364638242,-0.85834048926129913)
 (-0.53357693678028906,0.73135016085560289)
 (-0.86204645005493519,1.1222017425439179)
 (-0.55010795327301576,-0.30344295725964143)
 (-0.14897532026930779,-0.42171549219723192)
 (-0.077159256541555976,1.1290245023175498)
 (0.31556810660115731,-1.4780719232225659)
 (0.68322103856301775,0.59727172072573187)
 (0.2504259853887052,-0.7437708583692052)
 (1.2241167666991779,1.1130782091857707)
 (-0.49527405209954717,-0.45909018528847806)
 (-0.72363678161128253,-0.31854765612193475)
 (-0.9863378650048007,0.3141421352819847)
 (-0.54654946769343971,0.29670424913305393)
 (-0.27566427671536403,0.82386463205289551)
 (0.89635406013786323,-0.59849777438383578)
 (0.88324763338429624,0.90815065178478105)
 (0.23743369895846336,0.38265058709237643)
 (-0.87216628701381427,0.011852313279027304)
 (-0.56270855787510188,0.58714494656925043)
 (-0.48485167326172018,-0.82792427740512109)
 (0.41786897980570004,0.70252556774441177)
 (-0.83747527339398853,0.50014781125933161)
 (-0.4488752564079741,0.49711181885070665)
 (0.45626623258739585,-0.41195737826232448)
 (-0.41337819770359641,-0.78068733228198517)
 (-0.53058200053592353,1.3603289686744695)
 (0.56931427753689734,0.56831717141775395)
 (0.5823747161813615,-0.34900278302787635)
 (-0.57508980330493331,-0.62655600980921256)
 (-1.1777360184964101,-0.66695764832978199)
 (-0.40259847671720167,-0.41126497273182955)
 (-0.58602856146653104,-0.86831106613746134)
 (-0.3652472953258421,0.13661898247919424)
 (-1.0841136992101159,0.80603872807206378)
 (1.0203665456810322,1.4476136531724955)
 (-0.58115892151527548,0.8717016499434791)
 (0.21719635681832358,-0.5708199131751992)
 (1.624461386977468,-0.76432509389931447)
 (0.7456981179436224,0.049919693779264807)
 (0.3933386675351237,0.26218422085090698)
 (-0.42454551614284275,1.4390654096072368)
 (0.53341547491665064,-1.1773454519774504)
 (-0.80042949985463996,0.059751845129490444)
 (0.84496252421578877,-1.1646422179122911)
 (0.65322349132322755,0.85037831676574016)
 (-0.69548202896021927,0.63048507162969702)
 (1.1834361781026548,-0.72311576356340102)
 (0.77421075744826551,0.48944163319541589)
 (0.62807560396808393,1.2567499854880102)
 (-0.77233497106036941,-0.57882520846386465)
 (0.67367015154272958,0.64451119477445629)
 (-0.19524293894267028,0.4834367517620054)
 (-0.59460904753007171,0.60236578061874313)
 (-0.59866325792176434,0.4793685507627925)
 (0.17871116273486037,0.31926326171271879)
 (-1.4878387528079502,0.31735766627912954)
 (0.78482549916891209,-0.32812092332613219)
 (-0.21698368796824952,-0.74085571552916063)
 (-1.3251378041424948,-0.71636970822804158)
 (-0.81607620982436335,0.58028633212226433)
 (-1.0062928027838307,0.8004813191922423)
 (0.097468924112800337,-0.021100478735124197)
 (0.25230271299201168,0.11289514905303386)
 (-0.98410781747608234,-0.16663339286160672)
 (-0.96226187452377931,0.61603432137162961)
 (0.91878689507359335,-0.38588334650073408)
 (-0.47328287096584054,-0.90136086111373692)
 (-0.19912065795096012,0.38751700047209614)
 (0.85703983330104982,-0.12327690307006695)
 (-0.40488408957608452,0.079875535599143066)
 (0.43781880694340902,0.45138229053700074)
 (-0.42659844422641319,0.92953441181701746)
 (0.9886198283089247,0.56185736004377529)
 (-0.99564585142999495,1.0454958995460235)
 (-0.4151924467279603,-0.71455655526309514)
 (-0.87652007602185722,-0.3568712262974314)
 (0.48293376714061831,0.67989906198222261)
 (0.69538503458734191,-1.2129728250017688)
 (0.59847547856575356,0.41797616608229143)
 (0.31894827418905231,0.30939847415926286)
 (0.58405779658822121,0.65629177267036254)
 (-1.4124685354967883,0.58882723450008267)
 (-0.99789984035468304,-0.49738117291445866)
 (0.51130020683801913,0.59292660618697235)
 (-0.72635762028088036,0.40815377462857394)
 (-0.36933264591183501,0.79249651063919557)
 (0.81272491996195872,1.1425780172892186)
 (1.2586978548341101,-0.24640723652827479)
 (-0.70991752680226572,-0.56831753449596212)
 (-0.91063553596850011,1.1183918813329312)
 (-0.43612932852380282,-0.86944278957707)
 (-0.64162224833336867,0.24572656124796799)
 (-0.95823109758686131,0.96769627453394813)
 (-0.065189450259076895,0.15286758356604491)
 (0.26156974214679923,1.0423877342950862)
 (-1.0047112758703938,-0.53359644960900199)
 (-0.75193836232965272,-0.078296199650431941)
 (0.37095071131774521,-0.27116690010296179)
 (-0.41171919424346137,0.62765918187402392)
 (-0.8004143769715828,-0.61694517901885493)
 (-0.93870159133691011,-0.39267588190080521)
 (-0.12277420287608935,0.31774844806462421)
 (-0.37904645489532585,-0.6550511612187393)
 (-0.68306239674215141,-0.46527186322579245)
 (0.4778962364053399,-0.30132842631511242)
 (0.41580984400516563,0.70074209408484522)
 (-0.15840196386573213,-0.045495377918704685)
 (1.2293517648657004,0.05660035910904615)
 (-0.562906890884315,-0.36969015737287703)
 (0.77810875164217719,1.0868560935397991)
 (-0.28223371747635823,-0.52870288580095681)
 (-0.57929667645252003,-0.59856835680143217)
 (0.14608125538289007,-0.44466688490414485)
 (-1.0815822001359263,1.560992631311888)
 (0.36291821511993688,0.39045687305544224)
 (-0.69061371632535862,0.77107836862307433)
 (0.47713059627579002,1.1223043910663173)
 (-0.82378225002422412,0.64422118138355533)
 (0.78155972750459612,0.98804787100459046)
 (-0.74899684692880431,1.2012945739463325)
 (-1.5232188643972413,-0.7984937001811252)
 (1.2093402231406389,-0.76479567898622269)
 (0.35398380760053616,-0.39849485761992431)
 (0.39219088231924759,0.79217525062702421)
 (0.25847744563619646,0.27241678951339443)
 (-0.86295894947618013,-1.0611275733192667)
 (0.66047911701368023,-0.7388951891773482)
 (0.97572279186801247,0.19002671529385839)
 (-0.017622742464420832,0.4345324398389987)
 (0.70384186785884006,0.72076942285415968)
 (-0.29610884958888656,-0.32070885012209899)
 (1.1225132831978768,0.53638357318734631)
 (0.43917756728739765,-0.62126893022727447)
 (0.46670799019974801,0.40106868011306512)
 (-1.0591513342128014,-0.49040827418766125)
 (0.80395619442320509,0.70004584828831395)
 (-0.69164344250060372,0.59690609017393803)
 (-0.29337381808394752,0.45733102210418569)
 (-0.35035406535928026,-0.30271206375768611)
 (1.0134721433686835,-0.23408241835218085)
 (0.92972211463030674,0.10853130427188312)
 (-0.49112741035257046,0.93081876451837808)
 (-0.14730880720920839,0.43698963612317832)
 (0.047018353191199569,-0.94972459240202967)
 (0.79933345586369153,0.88506555580592239)
 (0.53869464806225864,-0.82916535332789654)
 (0.60192133143283111,0.62239815783421815)
 (1.0767118181822775,0.68977724458600131)
 (1.0364192390898077,-0.4797919170050875)
 (-0.84462045716847611,-0.25341768832255168)
 (0.53669753690007727,-0.57393415504040024)
 (0.99362528870572553,-1.0878309331181513)
 (-0.75331147559109313,0.46775397265155283)
 (0.1595360942546051,0.32484560720007372)
 (-1.2798401797710688,-0.027883232966589122)
 (0.51017821378359407,0.6568333320169305)
 (-0.98112764516220685,0.64151916125450326)
 (0.5210212991846257,0.69472388772179183)
 (-0.87483944956443582,-0.20371717921389715)
 (-0.2696566025562453,0.8435766456110021)
 (-0.63041674663649139,-0.20588987009488516)
 (0.1898826467989404,-1.1637201476528767)
 (-1.1957299675577793,0.50889411114967664)
 (-0.72235713909133226,-0.16246384791107327)
 (0.29952650855713847,0.21888514050066799)
 (0.059226846988278403,0.89490938266271647)
 (-0.64016508724539045,0.87128873869120571)
 (-0.60187344571827084,0.32302672693338419)
 (-0.27842838041385787,0.86379210096156833)
 (-0.54874410616583902,-0.73569499149941364)
