# Created by Octave 8.4.0, Thu Dec 11 09:47:21 2025 IST <gamana@Samsung>
# name: rayl
# type: complex matrix
# rows: 1024
# columns: 1
 (-0.75050725133607887,-0.79626366741957666)
 (-0.42729310215866123,0.568855640185428)
 (0.26348132451442402,0.074584962993877457)
 (-0.31845591668925138,0.90584016352400498)
 (0.75210585182246104,0.40272566206158977)
 (-0.26681468628065919,-1.2042135707652992)
 (-0.8035203662550009,-0.38133960701913583)
 (-0.75220791051681335,-0.68086174301014024)
 (0.29474823445350673,-0.1646801851723593)
 (-0.47285449225660897,-0.51339870012383093)
 (-0.16571089442265996,-0.91659131727742094)
 (-0.84990019581561582,0.063566141736087489)
 (0.19056253206997487,-1.0570393691949413)
 (-0.7878185560714831,-0.56897439343077616)
 (0.13055449360276344,0.61713222536252554)
 (0.22376064607442631,0.18051789453846007)
 (0.66668387411032759,-0.53376021529819151)
 (0.091200546760979329,1.0221828290626367)
 (-0.39166378401897578,-0.33221486317191201)
 (-0.57317171719648663,0.46330687557375272)
 (0.47776437632957974,0.70671362375415681)
 (-1.74513672475844,0.85640378683980423)
 (0.67419266840605785,0.2004218427955555)
 (-0.095287130998017999,1.2030979607966175)
 (-1.1193898065503873,-0.080231480328037397)
 (0.86042552748462664,-0.21653243352163992)
 (-0.064967368556643812,-0.59775253505913439)
 (-0.29964319888158764,0.89040545227314227)
 (0.21933503028362672,0.013602594976290683)
 (0.3974713316466158,-1.0501067214768267)
 (-0.20530021678570332,1.2804124123711986)
 (0.29340083263023825,0.36009875081937753)
 (-0.18527900575084189,0.2011874558014598)
 (0.13020511281525415,0.55873434674369971)
 (0.065476684532565388,0.73053289685349598)
 (0.045151241597091191,0.17765177696868664)
 (-0.46482839471837278,0.11280381260354835)
 (-0.55116822373894747,0.97408015609583809)
 (-0.30637234243195355,-0.31601041328021739)
 (0.42800979112406901,0.31048220817058014)
 (-0.57117602805292766,-0.6089671502781393)
 (1.16666168800674,-0.44431514820904366)
 (-1.4732194923564736,0.2803009559703532)
 (-1.2840996030390353,0.073134169845758379)
 (-0.89490049686187545,-0.55356487935045484)
 (0.081884533683134864,-1.1364661132028491)
 (-0.87398608513845599,-0.74642882470609817)
 (0.47244647477190072,-0.45898089729620761)
 (-0.090028303259672843,-0.21562440433113381)
 (0.20519905829325613,-0.81048452095877366)
 (-0.40076745969222743,0.47172875375585993)
 (0.55923387856547657,-0.31650313049239687)
 (-0.034787366160899336,-0.3164879079516173)
 (-1.2378000220401546,-1.5712085954586468)
 (-0.51278940833871345,-0.21373200049994986)
 (0.92263475784729532,-0.087021522482638447)
 (0.20910824149001125,0.57864734745998792)
 (-1.0489196328779757,-0.55879231836613308)
 (0.44846195541435591,-0.69164972171516714)
 (-0.93230762145357371,-0.61975995971752784)
 (2.0342133045259865,-0.44198331802051316)
 (-0.88329372741030709,0.85456930261080088)
 (1.4719915370430616,-0.15511579595262903)
 (-0.89165029145636687,0.43517215093171391)
 (0.025653469571385687,0.23209781674015983)
 (0.41788927572521806,0.561597025490846)
 (0.014426960322158705,-0.15798240679562708)
 (0.05454354225500313,1.2751005108879989)
 (0.29575513830450462,0.44956844730244971)
 (1.012891010214962,-0.2443254281791038)
 (0.24148927766968653,0.060722816801562843)
 (-1.3820677755181392,0.36191242565170456)
 (0.11949065621338265,-0.14496495134377799)
 (-1.0159085855545116,-0.394631060570306)
 (-1.199573503546318,-0.10890587397503826)
 (0.046639907121049928,0.19774145315180336)
 (0.36399729438678097,0.48257538500667485)
 (-0.15356160630630825,0.52049759954183517)
 (-0.60711044641145073,-0.57538030406212326)
 (1.0366726932148225,0.59359594292359696)
 (-1.0775187122964478,-0.78070199069635249)
 (-1.2519900118822695,-0.28336927839200726)
 (1.0483932652446208,0.20633604175499043)
 (0.57712735205226584,1.2776854052514222)
 (-0.29755818972980697,-0.51509324363393882)
 (-0.81636262247657232,0.19969654316716617)
 (1.9329016703428641,0.6844877025690298)
 (0.49220208392087406,-0.21505285039709002)
 (-0.21566661207118865,-0.34919925398057816)
 (-0.53301570898192552,-0.16322633671349418)
 (-0.66829660185635276,-0.26295773832210995)
 (0.45583808444232632,0.4697526981729877)
 (0.59980433010337419,1.1973692528720212)
 (0.1457230504337767,0.9953450663368606)
 (-1.6014588217807479,-1.0357504960967945)
 (1.5703606103366168,0.12982867280789034)
 (0.7333201082641656,-1.3190710350918406)
 (-0.086196838357789532,0.015442642325535799)
 (-0.40598788526342028,0.47800087190680723)
 (-0.86241843219432013,-0.39357419646824054)
 (0.69085649028248663,0.85085807013304826)
 (-0.31467763601150767,-0.059025723559524457)
 (0.01711379999981133,-1.1389001980489386)
 (-1.3656760723600194,-0.12824399322445657)
 (0.36348530775384469,0.29118728143097916)
 (0.29674819392046592,0.77875186570246768)
 (1.4499475236654933,-1.3791084814565633)
 (0.33831411841646969,0.50730993768774024)
 (-1.2768592085621573,0.85689192552928617)
 (-0.71606200239402651,-0.15969550300536944)
 (0.55440210303367898,-0.078182041574830913)
 (-0.017832298658854728,-0.075544670268900077)
 (0.49362153128615566,-0.26390179521822105)
 (0.32862170998644957,0.61165430488161054)
 (0.29327802335317887,1.432077012842558)
 (0.51687670673275898,0.40185414551944448)
 (-0.34660441999245972,-0.22665479927380039)
 (0.093555176319137914,0.21574784316881002)
 (-0.65203111877644715,-0.22720618225968175)
 (0.079300223814163268,-0.23338405910181112)
 (-1.2348077498508698,1.7859594291915037)
 (-1.0113340505449582,0.80448974886693869)
 (-0.65987897011321683,0.31300824240050562)
 (0.023754933898866404,-0.31755808790816387)
 (-1.5014259979483908,-1.0117313073660794)
 (-1.2826344347115874,-0.19999432829038966)
 (0.18051967334772445,-0.11334093932209677)
 (0.33945072259993003,-0.82197844058881031)
 (-0.32394521985419311,0.52983098478886481)
 (-0.52080808774162413,0.81397902913477216)
 (0.51483079870689297,0.63849084576552229)
 (0.39276770253757337,0.63352842122463215)
 (0.50153945872880734,-0.56428763972651907)
 (0.31806282689579524,-0.10434246456216348)
 (0.97456600104932734,0.64942236952363297)
 (1.8721523587504283,0.48198254596714885)
 (-0.49428779054920197,0.33027296442130055)
 (-1.0395883042300136,2.0175072691933975)
 (0.5284820921512392,0.17308675185417116)
 (0.76880347132543259,-0.25660478111192231)
 (1.6888470382847875,0.39756845715649702)
 (-0.54065670581352587,0.045483801525852796)
 (0.060518502607600472,0.36491209275987546)
 (0.067858936951237459,1.1545088412255153)
 (0.33949299823724743,-1.3384995366455414)
 (0.13153266603990754,-0.80457089204463772)
 (-0.13240885590979984,0.030379366853289666)
 (-0.648384979648996,0.083970040284035152)
 (-0.25115692598723971,0.22272024537858043)
 (-0.036288382080532228,-0.36990972152179968)
 (-0.15984708822651,0.10384474062678102)
 (-0.1747241574892433,0.51479110431060238)
 (0.35136649831294364,-0.032264874595707871)
 (-1.2361994263053744,1.0527789627007358)
 (-0.19329763442332798,0.5158023067451718)
 (-1.425912196549604,-0.091022871636395219)
 (0.61637608021867951,0.3082534292017543)
 (-0.35822632370716934,-0.073400439805605761)
 (0.1114079501662234,-0.46009119590875391)
 (0.94615769902986102,-0.63312169978148458)
 (-0.21473812175926224,-0.70385061487485046)
 (0.52592521301214745,0.38620231901355817)
 (-0.052902159796343717,0.43043769089312167)
 (0.3596517637187453,0.51639016513504121)
 (-0.87590677763601843,0.91005827034433795)
 (-0.63842485804407123,-0.57126031712441083)
 (-0.38205246614063221,0.46069383567714312)
 (0.64915853327819051,-0.36541040601258346)
 (-0.95726401994771315,1.049782117805397)
 (-0.46404159332243322,0.38014557032950713)
 (-0.020790926377509206,-0.29152231596593692)
 (-0.075795124934274399,0.020798257215029845)
 (-1.0148748641921448,-0.19374009912648682)
 (1.3481445416778786,-1.2673012018603576)
 (0.47498188161757021,-0.36280006453591024)
 (-0.50397701330621425,-0.80199156479498113)
 (-1.1116102361883289,-0.27657805574621258)
 (0.59058301457753892,-0.1939038824419442)
 (0.40434413939221903,0.045339069081094252)
 (-0.11667827764612004,-0.90129663101441715)
