# Created by Octave 8.4.0, Thu Dec 11 09:47:21 2025 IST <gamana@Samsung>
# name: rician
# type: complex matrix
# rows: 1024
# columns: 1
 (0.80469114377435469,-0.48381557627043836)
 (-0.74573572940269894,0.6990478051958684)
 (0.75419822534964909,0.83589955100713187)
 (-0.22685828383489817,-0.17813251537740263)
 (0.8004018038116798,-0.10484357439738862)
 (0.091819309886033373,-0.85518864630213709)
 (-0.5174955201455822,0.85094389276020732)
 (-0.70449302173518824,0.66207218081920349)
 (0.78348924927337271,-0.19842243512233193)
 (-0.29054154553898415,0.34612142678335367)
 (0.20509582102079804,1.2893835775820892)
 (0.15085918066118711,-0.11338598919687223)
 (0.43603041172607576,0.86048880228889435)
 (-0.2171705673178409,-0.59596938660075527)
 (-1.0166946491342483,-0.26300502799906822)
 (-0.43760818183129913,-0.88388951993743325)
 (-0.31768578439785849,0.60557900028524148)
 (-0.55392850765791368,-1.3742356842102479)
 (0.71689536471061899,0.56027494561317293)
 (-1.3664841167860142,-0.50896144010968114)
 (-0.67065320851813381,-0.50995164604959609)
 (0.61856529581000497,-0.6084930829373445)
 (0.93587115538182819,-0.81610157505081382)
 (-0.58021567501276661,0.6691679416051447)
 (-0.83631910920742725,0.71287934325460289)
 (-0.3330627215528339,-0.78955993960648119)
 (1.1581224213073102,0.44309593662429769)
 (0.47675987905473982,-0.87562549672871581)
 (-0.65196479036211874,0.82336184082889108)
 (-0.52807526941874416,-0.85627208734291271)
 (-0.24223536799611828,-0.72216608158506435)
 (-0.39198971761484475,-0.50408940869347696)
 (1.1638472806826985,-0.56539091900937066)
 (0.50312180327558587,0.58635142678022112)
 (0.77597088921049884,1.4895845875529743)
 (-0.55459755728328552,0.67292031740540104)
 (0.76372220922585166,-0.31067623967257985)
 (-0.80860564938122637,-0.46522621632720235)
 (-0.062322468314218393,0.47917418873446671)
 (0.87167781719571302,1.3062761643116347)
 (0.72709283220123511,-1.2294669942586136)
 (-0.78076523157910227,-0.25504752069206443)
 (0.31464121665056038,-0.84923200994546666)
 (0.34022249414164579,0.74052600661168988)
 (-0.96552098178388401,0.26118019773135803)
 (-0.14393662406266877,-0.68322215173496703)
 (0.60203758491682613,-0.56431837933451334)
 (-0.09865885827098364,0.6607433648575991)
 (-0.47453145828565513,1.2506135330655677)
 (-0.60728836896603533,-0.6762924687834988)
 (0.11953162724661132,0.76213089168400416)
 (0.73032916646849766,-0.41772556834022856)
 (-0.42806453994906984,-0.31907836306822951)
 (0.52207510059014284,0.22386596948223433)
 (0.99702288431602026,0.26368080944426503)
 (0.098756461533323292,0.72236886853118809)
 (0.29806611126613403,-0.29393233829381082)
 (0.62414202506397121,0.91976696310746242)
 (-0.10730140090473916,-0.83901919446533579)
 (-0.15464418177266764,-0.51351220754056182)
 (-0.052355380919115103,0.023110604439440803)
 (-0.44856730495795966,-0.43716159473039434)
 (-1.0355350233224585,-0.19721768354536168)
 (0.42144534690396068,0.6922426961724728)
 (0.67149255275028719,-0.45848447492325162)
 (0.56155789449220361,0.86779176094937094)
 (-0.83008562621630588,-0.26948064133402944)
 (1.0403361365576391,-0.78005672993576147)
 (-1.3933122516530889,0.30214393520839955)
 (1.3036029820894173,0.50371281744867979)
 (-0.44820001193898146,-0.32463828273471379)
 (-1.1535825513139812,0.61466371552429944)
 (0.78102468889135412,-0.99475522431445729)
 (0.11814947616385124,-0.33489120142115791)
 (0.92425743929245907,1.1254469051444378)
 (0.53556962663973506,0.27954875650953448)
 (1.1149815697889314,0.57960580776534254)
 (-0.68294919600842885,-0.66487058012633926)
 (-0.77027147240397842,-0.7906162702135856)
 (-0.49982979113374648,-0.85160004094822128)
 (-1.1103523905940436,-0.13651564274856465)
 (-0.57556459487913603,1.4749412253400043)
 (-1.0857303922950239,-0.47323443350533012)
 (0.36095233957018491,-0.739553477014537)
 (-0.63880971515898122,-1.0980793774446194)
 (0.56120842966473194,-0.63644221498260145)
 (0.54722345029879615,0.34908857996015946)
 (0.50196408236274304,0.70695736237999396)
 (0.158122059761439,1.2226525544853639)
 (0.89166968149279824,0.41497165393153645)
 (1.1313508737931088,0.37023944488294902)
 (0.49767682581288059,0.92611653374667857)
 (-0.35515795683800738,0.67919360987490762)
 (1.0003385146961421,-0.91101300635788618)
 (0.7995134442827303,-0.6468782603733858)
 (1.0970987457616814,0.38077587386777872)
 (-0.4337811909664428,0.4115840571643668)
 (-0.43387634916776791,-0.45018836948580537)
 (0.85913449004639209,0.96129124785207176)
 (-1.0287918590679319,0.43917235937559723)
 (1.0238809726847744,0.21319885650593218)
 (0.53313521578205403,-0.61227953635846155)
 (0.14778125774977835,0.86473145059923073)
 (-0.81109343143493273,0.84361202173001093)
 (0.27643184882224553,0.87420859440747756)
 (0.58820245042947505,0.64933593699070824)
 (0.60086800239739691,0.74816165627466957)
 (-0.69031157963627088,-0.59968978713302046)
 (-0.27969144440476434,-0.35183435146725706)
 (0.58049611465178663,-1.3598750717003358)
 (-0.37192906357959554,-0.15152532213846207)
 (0.66610197540207872,-0.62960073764577262)
 (0.54741451925207452,1.1462293133629002)
 (0.88707528292274651,0.70564721407386932)
 (1.1580148919535636,-0.31551883583469165)
 (0.39330277814654557,-1.0090946315019171)
 (0.35319337524164102,0.35930507763551506)
 (0.59576306398214929,0.55914435337063073)
 (-0.57805974528682957,-0.14041867049046106)
 (-0.46514756700150295,-0.35588529856991002)
 (-1.1595106981469216,0.71236622486945134)
 (-0.89887473911803828,0.52700910859090655)
 (-0.48022393350525422,0.61306604307773727)
 (0.73405355374026859,1.107488581931485)
 (0.54490743005929354,0.78820865363299042)
 (0.81284900866014231,0.89646036872566093)
 (0.81056322689028526,0.76596175094508678)
 (0.58868625757502679,-0.79980929502308407)
 (-0.84211208465466536,-1.0143278475929405)
 (-0.60439596233018111,0.79941716148870778)
 (-0.22440847498536046,0.45790197963258328)
 (-0.87144317414737882,-0.91362850068089563)
 (0.67854821683278288,-0.71246568693889001)
 (-1.1080717165486762,-0.7105688316294696)
 (-0.72409462841096117,0.96541274403463617)
 (0.93518835341062378,-1.1302285525104094)
 (0.2042514217815341,0.49947311405134132)
 (-0.61114501429711976,1.101828552086646)
 (0.6203295478535793,0.22725776153317759)
 (0.065079339210421194,0.95156729873693724)
 (0.95783273437179617,-0.83621793548917778)
 (-0.20280242968730772,-0.91444442775594426)
 (-0.97186997239802331,0.24777406154618914)
 (-0.72232269296712759,-0.035335750304158753)
 (1.0213101912972777,1.0214086787893097)
 (-0.23683775542844224,-0.22210906781261122)
 (-0.79242454632053128,-0.27800269327191346)
 (0.36636076135169449,-0.26477451991318113)
 (0.84007366662482907,0.91529067308356071)
 (-0.43895113118460566,-0.98708641841974232)
 (0.991146497293655,0.38259489710311972)
 (0.91192698264771821,0.75432927045585918)
 (0.8387344867481995,-0.5163863014504243)
 (-1.1460213885317934,-0.77298617102708533)
 (-0.69368595085883222,-0.96296256515868306)
 (-0.54607559475855727,-0.63293507671115734)
 (0.65830360770163654,-1.0601670407111423)
 (0.6923127888941345,0.39066590207847929)
 (-0.20885850139199197,-0.63635080007608957)
 (-0.043612523161195349,0.54351490125252455)
 (0.10299869198917228,0.96716898361943326)
 (0.13855548673928264,-0.58890708710667339)
 (-0.53835427016989179,0.25522256057127785)
 (-0.69236726643119728,-0.5586667168176267)
 (0.59442823075706852,-0.96833105135347686)
 (1.2947026427900732,1.1665553128252459)
 (0.33330075393210967,0.032968607801745514)
 (0.24448818297331465,-1.3321280813484031)
 (1.2073089195602391,0.60718526572754938)
 (0.03520304332843166,-0.81248681913200138)
 (-0.19325353254349711,-0.58172338339628715)
 (-0.46083735416421684,0.73143333551251732)
 (-0.53671847439598075,-0.94275175979899095)
 (0.90049104681252179,0.24927821164358094)
 (0.3126957619889949,-1.042136913573001)
 (-1.2998108139673579,0.1339181123913481)
 (0.78322624795239582,-0.47582755163175061)
 (-0.87980601851834095,-0.79269106242602927)
 (0.93455582623206446,-0.54871587445889569)
 (0.60210564649690446,-0.54493555641880242)
