# Created by Octave 8.4.0, Thu Dec 11 09:47:21 2025 IST <gamana@Samsung>
# name: rayl
# type: complex matrix
# rows: 1024
# columns: 1
 (0.93899619495964526,-0.59986243595384181)
 (-0.82120018659773542,-0.58662864706483542)
 (-0.80710032803072829,-0.02952643683069428)
 (-1.10914587547594,-0.082802181612833814)
 (0.30985523064723752,0.56440116110583305)
 (-0.29998039337979066,1.4434827234149445)
 (-0.012375816940109974,0.83022210972880717)
 (0.50702568493083033,0.1040196221299021)
 (0.86518618562591609,0.0024899554995274631)
 (-0.063061567987934108,-0.31437611723741227)
 (-0.025717058298043216,0.55228245508614515)
 (-0.31285780689865539,0.28832118721685929)
 (-0.83069779011607725,-0.039923826194161405)
 (-0.11635088642793462,1.0647439020892022)
 (-0.066146280039627303,-1.592939540629585)
 (-0.38257735067711596,1.2059880513312207)
 (0.58641296345195615,0.16961854482508745)
 (0.042738907673833815,-0.8704545869725312)
 (-0.64654657243888924,-1.2055171347595306)
 (-0.0027250191718660444,0.33043590731914996)
 (0.29232245429591563,0.7029289063637798)
 (0.60592035472545258,1.2235296043517645)
 (-0.80021935309182424,-0.10703291009608912)
 (0.24136504769397987,0.25688766167902521)
 (0.82257393444422111,0.45548180647351622)
 (-1.603437060969277,-0.91693389757431176)
 (0.23395060294047981,-0.59196157791650061)
 (-0.79827845123779406,-0.3323047700928668)
 (-0.46524774888231757,-0.10197723926132327)
 (-0.18605760590844633,2.0989526262345541)
 (0.74597976200007443,0.36632357310051467)
 (2.1083969184994453,0.57867907044493028)
 (-2.2158804749691967,-0.61711578483954521)
 (-0.97714393286911339,0.13554405689159466)
 (1.4377327574461867,-0.71588967407595794)
 (-1.1027912906531114,0.7429182229814858)
 (-0.23236827167874197,1.0726124055377229)
 (0.26006936071562847,-0.63657127117578771)
 (-1.0356043575401217,-0.36651137726465111)
 (-0.2359874300611258,0.31333378756059355)
 (1.0630058983613084,-1.5868863802160593)
 (0.45901658372021537,0.13133348689053306)
 (0.61318528564516295,0.089211847343351913)
 (-0.27822508349907282,-0.46089978473397863)
 (-0.17738604437161981,0.040903490350909441)
 (0.30864096725816614,1.2491335532218057)
 (0.87451675002441154,0.29160624499136106)
 (-0.17701202647071548,-0.060680388743061246)
 (-0.57915657028334677,1.2802717385412761)
 (0.58330002866599584,0.15867250727210055)
 (-0.20911959550200487,0.43737062063855825)
 (-0.37934379254775585,0.96728542115664884)
 (0.78678017878673745,-1.2985335866849275)
 (0.31963475308692801,0.55011817684455522)
 (-0.95974264910556961,-0.88161147191967859)
 (-1.0895734576714493,-0.79510817451137417)
 (1.4221117054861507,0.19327761535855248)
 (0.28478089435336268,0.41924370345930523)
 (-0.55982877090795968,-1.2894078005361809)
 (0.1384725118122962,-0.85485916161751807)
 (-0.10427746238846392,1.2213260817295744)
 (-0.057982755064669989,0.8352401784417901)
 (0.28913251542995572,0.089947670422753256)
 (0.10783419714909354,0.2702318830703912)
 (0.17507411407852974,1.026401027555206)
 (-0.48296353386928725,-0.49679384601824816)
 (-0.64506192840551146,-0.50426907112540209)
 (-1.0141666120209956,-0.59883598665216797)
 (1.5749114991842506,1.4282959723820436)
 (-0.83894179840980332,0.18673700848240221)
 (0.16741363064684356,0.47758616055254988)
 (-0.080006149804016657,-0.3357862599820563)
 (0.61388318014633581,0.28474750712318808)
 (-0.52742361034646601,0.02379142436563958)
 (-0.042909927906008574,-0.12666921978879131)
 (-0.67635476199099498,-0.25942317529108883)
 (-1.0700150715316408,0.23620800391961444)
 (-0.087499793964021216,-0.46906121087702135)
 (0.33061654422985842,-0.4301754432935494)
 (0.18201220464137213,0.53617314658808712)
 (-0.13506266271329259,-0.89234527670334363)
 (0.30744042343039824,-0.75630183380043459)
 (-0.35476519193627121,1.2684257438953122)
 (-1.1288379089731659,0.16164250911503431)
 (0.14975968536693257,0.15490802333272435)
 (-0.89982710185687453,0.060414069607248599)
 (-0.2046946047965538,-0.49278892372429361)
 (0.76188884680419744,-0.41339828528778655)
 (-0.30142740254978734,-0.86897871560561879)
 (-0.67334469791275997,1.3257534838920662)
 (-0.15320195614287851,-0.84724421848546427)
 (-0.1513994272001451,1.3303018138369205)
 (-0.34100484493395561,-0.14849197129510044)
 (0.44710044262823084,-0.63817149440405863)
 (-0.008173055304769139,-0.87578602328778099)
 (-0.35087914908716289,0.33800474556361404)
 (0.75336568524908132,-0.43395801039045323)
 (-0.79848567738426546,0.16957918963151064)
 (1.1145367899352163,0.50758316873458242)
 (0.40978534666822136,0.12881738145105287)
 (-0.9042434434275517,1.3602236593202286)
 (-1.5303109126965908,-0.63545826262014948)
 (-0.70063845832330962,-0.38750169651734279)
 (-0.28411466842175392,0.35327603734011093)
 (-0.16285402229991969,-1.0542135919196163)
 (0.96080990533413579,0.19765035748942472)
 (0.012703494305926627,0.29382904374361318)
 (0.21583445480788754,0.46807607879941482)
 (-0.63666402386801624,0.6669087379248847)
 (0.97209279263544979,0.86173727037496428)
 (-0.31850537447523886,0.86530006689970129)
 (1.6829279588187891,-0.33556011825959053)
 (0.53482681559654544,1.2447630514079233)
 (-0.5181874049860985,0.50337479323547274)
 (-1.0102637340667568,-0.32947443359915057)
 (-0.30143986471667827,-0.72207842714446446)
 (-0.053641778489410694,-0.08140354977654389)
 (-0.15934233860680286,0.76845222623099652)
 (0.87628533002878861,0.37247739248367051)
 (-0.60445416910057892,-0.80086719942702889)
 (-0.57847393966123239,0.51241427882848556)
 (-0.2239352423772778,1.0048212964950936)
 (-0.32326861799433015,0.70300861395070602)
 (-0.92236879422194229,0.41595324395053795)
 (-0.43684186159851723,0.17479757797514262)
 (0.65605096434376353,-0.31962822953449671)
 (0.12582483439514358,1.2012546187232325)
 (-0.671747913222141,-0.46801615274057362)
 (-0.92405317949198795,-0.15922577765235252)
 (-0.39535090500404635,0.46244333706053209)
 (1.083757351419087,0.75846313768152007)
 (-1.2353883645508039,-0.53404421717928874)
 (-0.37277772733145126,-0.85373674708042269)
 (1.3601269604087833,-0.04157002669168397)
 (-0.7360205992264548,1.0070384632100846)
 (1.0527833122709196,0.1972481255737909)
 (0.28361332230711955,-1.2750101921923063)
 (0.91155698717626199,-0.5004646940959957)
 (-0.17102424701311902,-1.0274847545044832)
 (-1.0002421077293391,-0.58738022587770899)
 (0.92879510786918151,0.24244127014344252)
 (-0.96950370490052906,0.31947407443025555)
 (-1.1801739757998353,0.29392491071990157)
 (-1.3600017663029556,-1.049692512210086)
 (-0.31241450761094636,0.55674889619602597)
 (1.0631908501454124,0.11666977434404513)
 (0.021545323145043427,-1.0719912356545094)
 (-0.073237249966640966,-0.36925727187782909)
 (0.27374084823681921,-1.2635407315418701)
 (0.085676112679313965,0.083349996682205829)
 (0.5780106042391614,0.30347310403427719)
 (0.43123726864079592,-0.34857996676534286)
 (-1.1412848047617659,0.35612917999024268)
 (-0.021346967519643073,-0.51500844015516123)
 (-0.41255267690337594,-0.4010007951164728)
 (-0.6312180434000727,-0.0023569622180856231)
 (0.89481253763858615,-0.11462753212348697)
 (-0.42925584337101941,0.92710270194941424)
 (-0.75168326575388023,-0.3229361749992733)
 (-0.13254651635461473,0.87214466503551913)
 (-0.74045782478191247,-0.89900260328968495)
 (-0.13564998164637665,0.12818052753666992)
 (0.76907342114027277,-0.028595392866132607)
 (0.70612802084372372,-0.21480888493797459)
 (0.80865689336987778,0.37215709121262697)
 (-0.50880266688874509,-0.034139408434536833)
 (-0.82720507139883948,-0.043200810340393525)
 (0.50784495398964968,-0.027806966853286791)
 (-0.9349124030056033,0.41685457441860035)
 (-0.0023057941425078665,0.64404699529065534)
 (-0.20294204223649726,0.5390175505935122)
 (-0.7516114308672075,-1.6285957826677453)
 (0.46181653273746281,-0.75541379387023366)
 (1.1992817965926248,-0.72467602365440797)
 (1.5004850916677617,-0.2211408972180785)
 (0.40358824420471623,0.17348020601370967)
 (-0.072532914495313683,0.32776778514264049)
 (0.23922526619972184,1.7977611627676986)
 (0.60947522081246586,-0.45950551016804742)
