# Created by Octave 8.4.0, Thu Dec 11 09:47:21 2025 IST <gamana@Samsung>
# name: rician
# type: complex matrix
# rows: 1024
# columns: 1
 (0.22687702964806061,-0.33450452186211715)
 (-0.37924341830295838,0.72885325647350341)
 (0.64483474416124953,1.0367156629056435)
 (0.88920284552252593,0.51287905950308199)
 (-0.50996654312323553,-0.9260813778759559)
 (0.63683445332718636,-0.20923730881449482)
 (-0.41818133920178224,-0.60577795309061144)
 (0.44257830649676844,0.73460191140456221)
 (1.0766173114649347,-0.13052560530111085)
 (-0.31359702483708746,0.96113325479292366)
 (-0.47043471824217337,0.10976720970643722)
 (0.81328061606708912,-0.70825649947575564)
 (-0.035931791703592231,0.83664107045162295)
 (-0.22024676815399105,0.71071187419364934)
 (-0.63289617375745855,-0.64726404925234271)
 (0.84158944376173972,0.78995189536534083)
 (0.082432537845278653,1.02803140964061)
 (0.6483949589186816,0.142783210745699)
 (0.80605500481773551,0.5990569429736845)
 (1.1026942049667754,0.66275190783268401)
 (-0.8124357425551213,-0.45552495918878699)
 (-1.1107474832816402,-0.29678750993150582)
 (-6.6635264123121596e-05,0.26314008384626053)
 (-0.45056536795630042,0.89829607165354175)
 (0.68788356593759192,0.64809526825270547)
 (0.65220311050036317,1.2297499644383536)
 (0.99008284655998169,-0.9302522186134986)
 (-0.45700081240172719,-0.8704775635437122)
 (-0.18012260728424384,-0.96665953369081037)
 (-0.65946763728829227,-0.43753771325034807)
 (0.32452409666775267,-0.13963082007307887)
 (-1.0868203664768541,-0.45377768847497946)
 (-0.74649323325344241,0.99409719205754699)
 (-0.49199180407317289,0.19234698101737416)
 (-1.4660878347772017,-0.94896173588920552)
 (0.72804302257415654,-0.58263628869259643)
 (0.70056324656556868,-0.24383122140585384)
 (0.46260266351732132,-0.46312581145969739)
 (0.9525350602360626,-0.48392253306258903)
 (-0.72006665164559558,-1.1021237083505151)
 (0.37415458766057563,0.8574188218663954)
 (-1.0618459461061724,-0.64057218685360595)
 (-0.593928440982882,0.54313066971564705)
 (-1.0571273325569706,-0.66733406044803756)
 (-0.026303017560977693,0.61297186961299333)
 (-1.1014171785243354,0.84504927158871368)
 (0.67835288205254207,0.56824592865993651)
 (-0.92234411002464123,-0.15647757104476395)
 (-1.2108921912219168,-0.33420017050296885)
 (-0.47203428460503816,-0.26300775619066452)
 (0.50081559851134416,0.51614517597736576)
 (-0.46186116641967268,-0.72027968430770428)
 (-1.1423344241839921,-0.49530060279212673)
 (-0.52769530420435573,-0.79634343393050622)
 (0.36040531746938437,-1.0102565321069679)
 (0.83467249248222719,-0.49274644616086161)
 (0.042079793555605982,1.4034716230349447)
 (0.17753378265300626,0.18841784498981726)
 (-0.84720356010265441,-1.3662618088414717)
 (-0.60491087739248806,-0.55929488554458939)
 (0.84107684450414366,0.052521601658006956)
 (-0.80699581863513414,0.38993753088197669)
 (-0.46120165321651851,-0.054153185908686147)
 (0.89925564200383334,-0.31206919892259483)
 (-0.52285481777300324,0.036402870447295788)
 (-0.6470588041554074,0.70968696263405595)
 (-1.0289988099539549,0.45152010313306062)
 (-0.76897173829723753,0.93482496271424786)
 (-1.2873062939724158,0.67382489832161863)
 (1.0523661972819094,-0.34293448703306223)
 (-1.6433832472039036,-0.72524572872603688)
 (0.97210498101995957,-1.3285950945063651)
 (-0.25609847104823491,-0.49642299697315073)
 (-0.004533551591150986,0.70530201000096915)
 (-0.36513270296718953,-1.0029836112801649)
 (1.1047298617385879,0.83936385404116731)
 (0.83013437003991675,-0.50752059809428174)
 (0.76434100210453548,0.11412622504222392)
 (-0.61773731639571894,0.62455281833413534)
 (0.56886963618770769,-1.0724667405463351)
 (-1.1628430405369869,-0.99666446506547712)
 (-0.20542726447393933,-1.1834180149119926)
 (0.30652022358521769,0.35947060677661824)
 (-1.2463300242108282,-0.58875687708835112)
 (-0.90032115758092401,0.67898956663195631)
 (-0.29414222695486902,-0.093251378217319256)
 (-0.75689780574222598,0.15219000956030676)
 (-0.39409124119725958,-0.74504162752024483)
 (-0.46712956893847946,-0.14377242656208275)
 (-0.092397901694808424,-0.091595280672615201)
 (-0.24810939254483366,-0.74918161015880791)
 (0.43407377523859692,1.130679499715642)
 (-0.42663869209723049,-0.95160978779923489)
 (-0.57349113274207497,-1.0511316413606593)
 (0.16140943961498355,-0.098881941499218806)
 (-0.5308213349951052,0.91812845903761886)
 (-0.76723560522808321,0.018089036366451094)
 (-0.64987896791171418,0.58785504752732221)
 (1.2255368566144773,1.3285193874871)
 (1.2506029441700663,-0.32941259226838882)
 (0.25518574388520365,-0.77086032769526081)
 (0.49322440888186336,-0.6158151756763155)
 (-0.099335372673795858,-0.42604187220945888)
 (-0.93562004211276417,0.47069771971615026)
 (0.12334548605918877,0.3613519421882056)
 (-1.3446795038189876,0.83192624412571892)
 (0.42598518275360542,-1.0301700857178928)
 (0.9263186297882462,-0.64105343155627437)
 (1.3050167665099488,0.52034259976360775)
 (-0.79869261914356116,0.42139325999780486)
 (-0.56915524291286745,0.26284234072878015)
 (-0.40452911608100733,0.66150355544598516)
 (-0.43662358186759925,-0.30332875727522418)
 (0.67287642830473482,-0.81421930612721716)
 (0.80072029527126687,-0.015441793853607499)
 (0.93345342394095498,0.34014060419032222)
 (-0.16575510591214893,-0.45803609638007947)
 (0.80128504423769786,-0.57790975016493895)
 (0.6011745954618154,0.11388022920303301)
 (-0.79810581695798555,0.83081526941488648)
 (0.78177555335184223,0.65390081099332464)
 (0.65831000477167345,0.91930020221973674)
 (-0.083338807960821826,0.75945384583189302)
 (-0.16641767531625754,0.52826929564308944)
 (-0.828818607800486,-0.71560835999741856)
 (-0.45759927150077062,0.68338091718743299)
 (-0.2862466625918908,-1.3003016641296257)
 (-0.56824741506894472,-0.56084106122026545)
 (0.90985258536895186,-0.71800388146129168)
 (-0.6609999800095635,0.37596917891894754)
 (-0.95926608109553746,-0.038762002111844773)
 (-0.50389853228503423,-0.71974159010065408)
 (0.84373367228941232,-1.1015429237516596)
 (-0.77294183816633599,0.57945925456469216)
 (-0.72918459200094587,-0.38392323322629179)
 (0.27158329712839602,-0.181076298291209)
 (0.6074220730271539,0.77147552165941702)
 (-0.094678023094091013,-0.95715218216152842)
 (-0.46113909771443967,-0.65183776428913576)
 (0.73079042130772887,-0.70978473736084602)
 (-0.34695545775251846,-0.75827331916442042)
 (-0.15714057356875855,-0.55723905874465451)
 (-0.63252705443265989,-0.53313203282293908)
 (0.56904891243127487,0.092237073185931551)
 (-0.32942938431774249,0.89703631640883796)
 (0.77836874953928659,-0.96311236819305668)
 (-0.60841008169310096,1.0697440158635851)
 (-0.66277718938767161,-0.58918004469999918)
 (-0.30208170684285279,-0.71324944443386151)
 (-0.077187269970575317,0.41934878780024609)
 (0.87064399926156866,-0.059414132063037084)
 (-0.1450631465880641,0.14323618254302792)
 (-0.22589308944288278,-1.1937673074179818)
 (0.55382693173806596,-0.58461171685220581)
 (0.51499326275979729,-0.6592599235838108)
 (-0.44154728081565842,-0.64155065190751603)
 (1.0027419832785072,-0.41910338667166286)
 (0.1539127277376976,0.09388518830693629)
 (0.74261863612049528,0.8949878513301549)
 (0.66502173734547987,0.38907405283972119)
 (-0.53469527127962901,-0.81715970698683382)
 (0.49555423809564852,0.64036265855894836)
 (0.70039888376322634,0.32131210000835664)
 (1.1621197320759822,1.0131287884758291)
 (0.48363027829387428,0.74608355026091366)
 (0.78219720174706986,-0.33506677689876174)
 (0.82563818841128311,1.0244062479725944)
 (0.49274932611443489,0.28008037119970819)
 (0.62661869128559899,0.99371801787798131)
 (0.20842983220951716,0.79636701983902458)
 (1.2283078953691253,-0.75228538527884758)
 (-0.53984848186939927,0.5449205784263923)
 (-0.211699019714645,-0.70772590084155296)
 (1.3331925464276277,-0.59054077894318713)
 (0.71416416733161781,0.60233208813291095)
 (0.55139218961959602,-0.92619276110960003)
 (0.375278150272776,-0.07432604702385559)
 (-0.44338408377227356,0.3866946027974788)
 (1.0605009470550402,-1.0417136089737602)
