# Created by Octave 8.4.0, Thu Dec 11 09:47:21 2025 IST <gamana@Samsung>
# name: rician
# type: complex matrix
# rows: 1024
# columns: 1
 (-0.11952056717273768,-0.59062106126980085)
 (-0.10597094242395563,-0.50088954223806514)
 (-0.72727539905406113,-0.81251622424721182)
 (-0.50087957806554328,0.31776888970434675)
 (0.5090395189305037,1.5068959679323581)
 (0.21253092082795771,0.27602829202935342)
 (0.8456137215191557,0.4412976763736558)
 (-0.93759421017785227,0.15680322399270524)
 (0.70113869974241172,0.51409949815451184)
 (0.29731735182478408,0.96942038829864763)
 (0.17372092170630621,0.90153937091027569)
 (0.40604622576306876,-0.82870587233791282)
 (0.48784356119844025,-0.90185322972023463)
 (0.10885393744443972,-0.91705634870646646)
 (0.31934198951867865,0.36305888074688275)
 (-0.9741841254039395,-1.0054830510452344)
 (-0.35731120412010958,-0.72051968204484629)
 (-0.70389536588204216,-0.68345732018367999)
 (-0.63320861777142201,-0.75072478660459563)
 (-0.63423651534851522,-1.342193046940326)
 (0.89336264112677011,-0.50711307480692325)
 (0.68264651873403204,0.69883573497172113)
 (0.57744669431784768,-0.85465002844997329)
 (0.0073768679232676382,0.47395764134153523)
 (-1.2181382496157203,-1.0448972533476302)
 (-1.1316767822257399,0.42848340299341198)
 (-1.0326169306322412,0.52821528310663712)
 (0.78947969944154206,-1.3642636752711947)
 (0.91744662258374732,-0.71783900491448305)
 (0.48865552366444487,-0.50404709471624431)
 (0.64068063630094174,1.2311307897094896)
 (-0.14785605787962164,-0.051072265259036485)
 (0.46147035784056473,0.49519252293169608)
 (-0.25987995059989555,0.24558982297925838)
 (0.31350141438433166,0.48660027111864601)
 (0.75049552137648745,0.62296885154515302)
 (-0.065064639220635212,-0.45737963261980719)
 (0.30418659653000074,0.51717940836921206)
 (-0.79747168599828366,0.42452271019442522)
 (-0.50412523466496073,0.31770687416349691)
 (0.33478445809996049,0.33652060270445294)
 (1.0244150352548536,-0.27359586279372988)
 (1.056021051157424,0.59641697616980016)
 (0.33908864393556704,-0.67799453482932537)
 (-0.64958124687526819,0.95210882475254044)
 (-1.3533727621311147,-0.11356452857301669)
 (0.11471631297001689,-0.87754404638093386)
 (-1.2960158004343041,-0.445068863942016)
 (0.53684608494968089,0.90603332576439366)
 (0.79299215687781133,-0.63843165454043138)
 (0.42085659240167583,0.86783326831102059)
 (-0.79103527638882076,0.44219585580311083)
 (0.33018621516557733,0.49889477276477268)
 (-0.2620778539163896,0.65265466455554599)
 (1.0858008050520747,0.83301076121145934)
 (0.11800265845722069,1.1395923715846252)
 (1.0242578469524461,-0.75265566556547503)
 (0.12307774989983022,-1.2999278820557847)
 (0.67243671951883011,0.5266820633672129)
 (-1.3446485105589197,0.3411723547222818)
 (-0.34993414832339753,-0.48682153300132303)
 (1.3016982077957597,0.5175782725034086)
 (1.1011652939719689,0.10048867578821574)
 (1.1085902709188871,0.61005005369919818)
 (-0.27153406245075173,-1.060349679072929)
 (1.307979260408175,0.58889632617389909)
 (0.74390868074861249,-0.74901993692585223)
 (0.63465900281787346,0.37639106236424758)
 (-0.78963890338659581,-0.74324922438649854)
 (0.89184015313347254,-0.95779023127679785)
 (-0.37216473374993375,1.023320261614729)
 (-0.1193790017618917,-0.15710927086582721)
 (-0.90230462954958723,-0.73059687613194491)
 (1.030798907930492,0.51742128486915262)
 (0.35018611931226629,-0.78101433471709403)
 (-0.55687963469714097,0.53545301215233998)
 (-0.0025148158547889515,-0.1594739934693577)
 (0.72716403653520245,0.68160568806564792)
 (0.63054463290521212,0.91028877216990078)
 (0.50150338769882885,-1.4177266279338105)
 (-0.16325155241501071,-0.66689214035081279)
 (0.40371398473078612,-0.28140090059841949)
 (-0.94714846167925426,-1.02110076234485)
 (-0.50546914703449131,0.46550325314027219)
 (0.27893651210827913,0.29587688232925874)
 (0.56282430822489515,0.74393819232843272)
 (0.013159562853572893,0.42264248304237817)
 (-0.053165875476383739,-1.1824911894651793)
 (-0.32704122653711282,0.79692181809366391)
 (0.49455570163007406,-0.011108740569768238)
 (1.0101803809821637,-0.96420822214408641)
 (-0.72218585290836579,-0.5882353154936113)
 (0.65149832197034618,0.46702861199770529)
 (-0.67178459232338894,0.42226247642878051)
 (0.35171630986880337,-0.45632993986181353)
 (0.56752876187889223,1.2585788981984671)
 (0.51088330615137523,0.073641223533642747)
 (0.68213941541612644,-1.1561472653304308)
 (-0.48963181692048979,-0.46179686189011121)
 (-0.37801534259103753,-0.39987647247002289)
 (0.37432550599639541,-0.70188488080606626)
 (-0.19191639960645807,0.0082435369140139436)
 (0.31262950690870994,-0.81237970849746377)
 (1.3444778686930243,-0.60234121421158027)
 (-0.039550860213629191,0.72435059799819146)
 (-0.92753931341541962,0.17259825979696075)
 (0.35804988101666185,1.093972986714256)
 (-0.29074893170483734,1.0473015519408979)
 (0.59025542964569377,-0.06948032824583894)
 (-0.54606256096718242,0.19904432096994992)
 (1.1631573268754318,0.32562568611541226)
 (-0.25603465514115192,1.0284033521048641)
 (1.0661565919963079,-0.42907125004337848)
 (0.24610652666990582,0.35325377450342377)
 (-0.84261855970327959,-0.94275101143985984)
 (-0.58753400343843376,-1.0130364824387483)
 (-0.6181527237830301,0.64910988942282299)
 (0.49258710098408198,0.73368515134015955)
 (0.26913934233548981,0.66983096964907873)
 (-0.55645364641756978,-0.77040161397855367)
 (0.80400709613736066,-0.29468162141378779)
 (0.41169409934316364,0.34203390286466678)
 (0.73028265769928424,-1.3990798439418519)
 (0.87702678858741212,0.74552366366437672)
 (0.88013282271457438,0.58257957563276275)
 (-0.3665098308060582,0.12360262554004602)
 (-1.2489425425191827,-1.1155609148691938)
 (0.51046416205085932,0.34449590069404612)
 (-0.0030376311859258501,-0.072121135891898613)
 (0.53583024602267915,0.47513300303005584)
 (-0.22732725681731736,1.2895290625181475)
 (1.1343592018692275,-0.31856506602101414)
 (0.29536274536442064,-0.68224466629149738)
 (0.90788518384711914,0.078024386839461335)
 (0.29286660896886008,0.21127409249944026)
 (0.046545847474673163,1.0567181819032481)
 (-1.1081227785256131,-0.74156183882627735)
 (-0.98994546925248761,-0.62539877854306392)
 (-0.94768964089925356,0.32091928077175591)
 (-0.2073197914083397,-0.44184673551861331)
 (-0.52420072970608811,0.7808345378808631)
 (-0.87335383361596319,0.29490771095223822)
 (0.87896521898960311,0.30385751599175131)
 (0.37613985417020862,-0.0062812932087189521)
 (0.5489953055725878,-0.98940237335496883)
 (0.42455598815398293,0.78841324777141875)
 (0.71465563462916948,0.54520929391645612)
 (0.53251837308126893,0.5598402792177245)
 (-0.94388504802040074,0.65550681778227837)
 (-0.95329695190427977,0.95579292552527462)
 (-1.7093307366296946,-0.39226270215305981)
 (-1.2665209412235414,0.79084687435597467)
 (-0.80963516535564639,-0.71530996784017709)
 (0.22384364883431357,0.78252013230519646)
 (-0.52093717404276574,-0.9509950063379784)
 (0.87792242555409283,-0.78601106005282639)
 (0.76869572179975021,0.81072748788205817)
 (0.83726338988990057,0.33123386011638767)
 (-0.037163821164653721,-0.80959307673856085)
 (1.1816198810285399,-0.57220894253372978)
 (0.13500040797720997,-0.080593290566558645)
 (-0.57440055182522454,0.65301278940806606)
 (1.2368973433817079,1.1376339130864199)
 (-0.2833906576260779,0.36265094926597602)
 (0.30520647224699043,-0.62193236151269748)
 (-0.61570305814032489,0.99703720291359366)
 (0.8325083901547663,-0.25572468638977353)
 (0.33097004416972958,-0.62958326690883659)
 (0.042572079057654033,-1.3422191656961697)
 (0.45636054528850523,-0.58555095471791774)
 (-0.76182817805025094,0.54898413830181125)
 (-0.26127028949623521,-0.45536094216389655)
 (-0.89020466094497497,-0.69354118086056427)
 (-0.43433340310611807,-0.24064953500647418)
 (-0.36190481405697406,-0.87483837004139442)
 (-1.1734478773159074,-0.61395799522214789)
 (-0.47048379797838652,0.61497198019909005)
 (0.44274991261856411,0.8278537640889958)
 (0.22917436369474958,0.43360414864861058)
 (-0.63763059704049385,-0.96607378715252534)
