# Created by Octave 8.4.0, Thu Dec 11 09:47:21 2025 IST <gamana@Samsung>
# name: rayl
# type: complex matrix
# rows: 1024
# columns: 1
 (-0.77412373798945511,0.34219165807136009)
 (1.1696856353877905,1.0569906481982099)
 (-0.43846038769317031,-0.13890233838652091)
 (0.32664103944106548,0.050157210099919608)
 (0.38138441447736904,0.30645705835348747)
 (-1.7487828961725189,0.2900326474912418)
 (0.2932404018232293,1.1863572178729569)
 (-0.12155325120325153,-0.214159385315456)
 (0.40122274274389969,0.20354779265503287)
 (-0.85792036236674729,0.48069243569826775)
 (0.38099717497070495,-0.27763909502517226)
 (-0.69267365393330971,0.45144135464053481)
 (2.0468501166642863,-0.57006607739749904)
 (-0.3604124904078686,0.081892784710831557)
 (-0.23078823009250937,-0.91461080581822995)
 (-0.4287444178847763,-0.31265861512571619)
 (0.040133816049843327,-0.023534401973478072)
 (-0.76411928617744229,0.82296352900217473)
 (-0.54582552486427394,-0.30254708105789557)
 (0.67548199797476349,-1.1351788602667152)
 (0.17522665659371972,-0.30219277045711612)
 (0.294458179415027,0.36014266636707631)
 (0.64693292921213141,0.46019273135591521)
 (0.28002219842997345,0.2771394524054448)
 (-0.3589524042426338,-1.0962046971597665)
 (-0.67097772117447185,0.21042653501338318)
 (0.65919345778717964,-0.66725586443481433)
 (0.12575871236786651,-0.33958053141736905)
 (-0.064628798686810068,0.38631990094562318)
 (0.20458531868055405,-0.56523763455239584)
 (-0.82430282886578876,0.6042276967118525)
 (0.022908726337793561,-0.17020994616628793)
 (0.23212118852586439,-0.73377567148445733)
 (-0.57342084643091529,0.42848931286493042)
 (-0.2116213305960018,-1.0377735587885357)
 (-0.47248938171663185,0.33050185480994071)
 (-0.80065546900980522,1.0851131826747982)
 (0.53897685128664441,-0.05399287405634462)
 (-0.44766446619929245,-0.82937767646054061)
 (-0.35226708143040897,0.72818078937139474)
 (0.28873288568350919,-0.24914681323889112)
 (-0.95811123108513307,0.5775754949168862)
 (0.56122180146390299,-0.7354392278819657)
 (-0.58057452926842068,0.83727339251552324)
 (-0.41871253589809665,-0.89418588580854175)
 (-0.91360098076971785,-0.76334512605556593)
 (0.10003916971917581,1.0721477110606594)
 (-0.3336771268288935,-0.85564942352136886)
 (-0.38549208404155255,0.7534182433958776)
 (1.0604073101755713,-1.5055950105434539)
 (-0.39399889657680665,-0.67762108857466452)
 (-1.7295832048974975,0.34206319254567064)
 (-0.97333031085283517,1.0688592719921184)
 (0.65222282586863578,0.094476160936706632)
 (-0.37979938807171948,-0.53903985617627648)
 (-0.76494313098647471,0.065384094202932175)
 (-0.72006707412235271,0.80168472699891669)
 (-0.087111569234610456,0.30438391008504467)
 (-0.547961252520766,0.20882310156090136)
 (1.2646547967344381,0.30403224715323257)
 (-1.2574464843075805,-1.1597329918518757)
 (-0.60424142242795054,-0.091244185383188126)
 (-1.3372022626967346,-0.21383184877539263)
 (0.1979768179244252,0.35398130656886384)
 (-0.61976398316841874,-0.036857157264913787)
 (-0.7016827128964922,0.057166281717478784)
 (0.44618704892706124,0.44873102786997271)
 (1.5963764072924875,0.24892624597764901)
 (0.27887702162760969,1.1760907739581306)
 (-0.16639140610857223,-0.083521541623944637)
 (-0.36906380476491085,-0.69507012818996694)
 (-0.32329593838340309,0.57269878717584344)
 (-0.83223045430706077,0.83188558192187878)
 (0.35858395694241013,0.11957792361359589)
 (-0.79217342080654296,-0.20703841054886124)
 (0.26277517300999698,-0.061832121039743781)
 (0.75346739959615405,-0.22667580178781571)
 (-0.049767846017835515,0.66731674141305941)
 (-0.2747513454399233,0.29365135833599199)
 (0.68041573370521291,-2.0163633090320348)
 (1.123165631490612,0.50393274303833213)
 (-0.10323120724474753,-0.28454344670676779)
 (1.1441252131481363,-0.42973792051935211)
 (0.99110375996008038,-0.03943515119357166)
 (-0.67456870330659047,0.17467334268084392)
 (-0.99759183724297462,1.2769396604468966)
 (1.2622614321657397,-0.38232768325938393)
 (0.45491877643186862,0.63622120000846649)
 (-0.2750522191288296,-0.30667396496426524)
 (-0.74038025391741213,-0.25893600515147885)
 (-0.12959640749211704,-0.17623919904473689)
 (0.19278935934625097,-0.3532286278417982)
 (-1.8974552147816386,-0.29877881209936286)
 (0.6172872358933541,-0.66732255574287014)
 (-1.3830074415687665,0.68277157806833566)
 (0.33010079265048442,-0.45744054678282786)
 (-0.77453200910451092,1.2600459475007588)
 (-0.9538526465013647,-1.0082041090497014)
 (0.19892774923358503,-0.07084213353682807)
 (0.035207191433254563,0.048508520723711292)
 (0.2927031502521239,0.24808800592226399)
 (0.4947896380549085,-0.36536829556281947)
 (0.68534623991214039,-0.13040352513543668)
 (-0.16415420586986357,-0.74831517727566066)
 (-0.081378760394350769,0.7003958365178391)
 (-0.11993323170773422,0.17804800494185397)
 (-0.27765410111961558,0.35439978303626513)
 (-0.67594755975000054,-0.45907672526622789)
 (0.15964689854779829,0.33396453878689403)
 (-0.5862745459057217,0.31452710481163754)
 (-0.368147266639689,0.3641600483822155)
 (0.097683102495200111,-0.046409046997709438)
 (-0.15782893709603663,-0.089949743196769794)
 (-0.064824489573493849,-0.49792569163077316)
 (0.58995518740449548,0.3783129854493299)
 (-0.25150505471697832,1.034097916630252)
 (0.55795308526538123,1.0000494657973298)
 (0.10882468633463044,-0.47263213720181779)
 (0.52005715514263073,-0.9218343802873239)
 (-0.37934659646097235,0.10043599801753347)
 (0.013497728656680946,-0.36948004817861435)
 (-1.7905009193482135,0.35364788907373002)
 (-0.68780347137990194,-1.4934154899758214)
 (0.94127110537319558,0.55215818789788262)
 (0.14010507240192027,-0.79967339331720444)
 (-1.0462113589416813,0.755389254153914)
 (-0.84240706922336783,-0.70787688242998437)
 (-0.56051392427962032,0.81761879485446609)
 (2.2217415245283694,-1.3341071595592939)
 (0.21501444102209627,0.95959762710002661)
 (0.11315777382546555,-0.400737976677216)
 (0.065633339839370503,-0.36803587915952751)
 (-0.26973105287378307,-0.27846453166193363)
 (0.94519282494880352,0.77748198072233654)
 (-0.4794492512994093,-1.1433707524212373)
 (0.73162971142242983,-0.0714485427780297)
 (-0.34655876456256007,-1.2458274057003964)
 (0.62370590789409908,0.24175991111608533)
 (0.75144366883713465,-0.60388147847072893)
 (-0.61523184428970701,0.4782029119519437)
 (-1.3229603393144993,-0.068784479866266124)
 (0.62177077481693277,-0.74731175322511101)
 (0.2351812091912561,-0.30593273866096332)
 (-1.7772927995606618,0.21341721576474615)
 (-0.34757793031219958,-0.61458433626766462)
 (-0.27931616211629062,1.7303984595849111)
 (-0.037614358735323594,0.78704128757618985)
 (-1.5262665967494777,-0.58421484658373068)
 (0.39248208218943459,0.39830514865057254)
 (0.5456474171748642,-0.67968925745556019)
 (-0.80057461065802826,-0.047253205637776907)
 (-0.25796373245340509,1.4497744793868872)
 (-0.072233559477998532,0.64616447615569172)
 (-1.083964924596402,-0.52893968581588302)
 (-1.0642504663123422,1.3329638736703624)
 (-0.52029222106939321,0.30293304064725707)
 (0.94223587558668886,0.59533045614416769)
 (-0.90698174788541341,0.60143918448371236)
 (-1.7719378814409315,-0.05112961440905317)
 (0.19166583077003571,0.50857196211947608)
 (-0.7686643225568861,-1.5930654750989157)
 (0.22543800547969517,-0.022287752937010311)
 (-0.25765396442034816,0.442537718169556)
 (-0.83275130342894377,1.1875007653093328)
 (-0.45783950798854911,0.15467525630342172)
 (0.46810785992396825,-1.0839239648848744)
 (-0.24444357258219454,-0.45368499891574587)
 (0.56981563000868773,1.6187444435568521)
 (0.18444383965704425,1.5450675942607051)
 (0.33625584526751529,-1.581937149720767)
 (1.1695220780761684,0.62040146281169051)
 (0.47247588047868611,-0.33562378211965632)
 (1.3378939790610032,-0.53757814550171412)
 (-0.66907728371138464,-0.28085046863888841)
 (0.18753547476472049,0.78852285560362079)
 (-0.098686480995954659,0.078144270085685127)
 (-0.81807411206107883,-0.28325582593871185)
 (-0.14930822305792313,-1.2424460527928436)
 (-0.11626127340396167,-0.18437236832476347)
 (-1.3709543585571256,0.027955639554124612)
