# Created by Octave 8.4.0, Thu Dec 11 09:47:21 2025 IST <gamana@Samsung>
# name: rayl
# type: complex matrix
# rows: 1024
# columns: 1
 (0.89543953977653756,0.4697433988037476)
 (-0.69542435893001908,-0.65635352230935817)
 (0.28275014490606609,0.16029735379574264)
 (1.7075299736354683,-0.92376888562104797)
 (1.5771662993205329,-0.63077252301320375)
 (-0.34817349507651035,1.1225899082659425)
 (1.3141867528729736,0.3883090692368899)
 (-1.0514846406712697,0.34200450947235878)
 (0.12343198347771484,0.18333758374010184)
 (0.71690681029179348,0.23127045416394329)
 (0.3422761865252793,-0.10335687545935207)
 (-1.0857939654338713,-0.39881156524952094)
 (0.071433690992156074,0.44681495692874301)
 (-0.52997090459164409,1.9090951826804246)
 (-1.3273025294896914,-0.31156123358803822)
 (0.6123938399151847,-0.30135564884129118)
 (0.011933152962079641,0.17014806420507081)
 (-0.10480804322047532,1.1071920788986547)
 (1.3080518171221955,-0.20541923233071857)
 (-0.7764774546264247,0.8275392758019845)
 (-0.98579881118691293,-0.35587797835703278)
 (-0.49565929747141635,-0.16579893626752604)
 (0.6632822655259013,0.80614839281099127)
 (0.84761215497643272,0.81953695874262811)
 (1.3443959818844995,0.096677303437355477)
 (-0.11299638613985311,-0.36089721229576988)
 (0.049625413914115089,0.068921205825374185)
 (-0.072970284757459036,-1.5995140502794341)
 (1.9670291059071219,0.48682209442881164)
 (0.072754348876618996,0.16241935577842218)
 (0.69424599632796979,-0.53338798006742361)
 (-0.6360309090539964,-0.40456045406521346)
 (-0.73919635882669488,0.64050243687534991)
 (0.54448546941353948,0.48689735114484245)
 (-0.44982849109187029,0.82102228695190427)
 (0.36636044021781755,1.5128738932550994)
 (-1.2400597475364989,0.3412339883560277)
 (0.048734175982599354,-0.45180831422913104)
 (1.2877249960976749,-0.49569800939971426)
 (-0.5359106843106124,0.2229500797080807)
 (0.69020612204186527,-0.58949523536131176)
 (-0.23832947110360564,1.1077796894532785)
 (0.031608628359657609,-0.37855851306067884)
 (-0.53018994964056021,-0.12449040508155956)
 (0.044736239139087391,0.11882068933152654)
 (0.61365502016499918,-0.2189562609364222)
 (-0.46465749610417989,-0.8295602692867492)
 (-0.60050590748284494,0.097081412294789338)
 (0.96522354456742254,-0.36465609290140588)
 (-0.19192991406132892,1.1030431791887794)
 (-0.32411865886099422,1.0983205619831309)
 (0.17261862607059797,0.47750878427438437)
 (-0.13290627277791953,-0.56584454106949722)
 (1.2154190274367742,-0.16723897061520798)
 (0.99838218354118902,-0.20673137263817254)
 (0.35850305395996473,0.63121975350534021)
 (0.18238619869923639,-0.86299256287370918)
 (0.43601906984106303,-0.13559259782226324)
 (-0.025474970053011914,0.99539111066432517)
 (-0.24975541141877447,-0.23411938162952481)
 (0.81825284508710494,0.49490673663449125)
 (0.15806009386007069,-0.33137713734930174)
 (-0.038674341811695781,-0.28809672749596771)
 (0.017762278379244753,-0.069759050383407975)
 (0.61359687690886333,0.57839021768762433)
 (-0.69885242331507147,1.5759722332918455)
 (-0.83487328685100937,0.49290763694049927)
 (-0.35798533421419265,-0.72752341757000771)
 (0.026909019789451954,-0.30904570970070022)
 (-1.1372006464921465,-0.5263818864630776)
 (-1.2571669059698867,0.5595852795007572)
 (2.1709301227752622,-1.0474551506853567)
 (-1.2177788099056488,1.3457557847076962)
 (0.45309396090479287,0.34210441282624943)
 (-0.30938151024989952,-0.14110046418119804)
 (-0.50158090731902272,0.59691855462345544)
 (0.14254231610230381,-0.15451192348765699)
 (0.56170719891848486,0.58119065093805677)
 (-0.11310787841360453,-0.6647197349931584)
 (-0.020829662190370191,1.4435701128608875)
 (0.28761584486503577,-0.11288909301952649)
 (-1.1784067172178001,-0.38835123637009372)
 (0.28744126390631586,-0.25558252452409225)
 (-0.36190735550050074,1.3573729066407068)
 (0.87457329307687837,-1.4248946284995505)
 (-0.35567615218192039,1.4678617346825833)
 (-1.4082152846239697,1.2735706813036154)
 (-1.0580775738075234,0.19040017663106251)
 (0.38409233778832352,1.534286224066673)
 (-1.2909891418110191,-0.42754513211253531)
 (0.428594241158055,-0.026255336264358997)
 (0.64022091411175697,-0.55135819748660109)
 (-0.88760109111701679,-0.3406585639589873)
 (-0.75619187956825495,1.2006188205292696)
 (0.59920084603656787,-0.16464669871339196)
 (0.91977534671103833,-1.7474876933705932)
 (-0.064000620277014586,-1.257522420075714)
 (-0.97875402840652914,1.3392813298033381)
 (-0.18719791449697074,0.4556116417685645)
 (-0.026778336899402039,0.3164771304292503)
 (0.30031205850110049,-1.1639090605757678)
 (-0.047012709733404434,0.92317328460261938)
 (-0.016925057582500014,0.16160017935941429)
 (0.063229036763321617,-0.46714456073586441)
 (-0.24547101423210865,0.20950960036607008)
 (-1.4347003230977848,-0.99746208832786287)
 (0.19242228488946883,0.12228655442588332)
 (-0.2898673665024023,1.7514623213080864)
 (0.087928125450581707,1.3298261653683072)
 (-0.99581401946970671,0.25128706858709965)
 (0.17269224173049641,-0.84395077628585691)
 (-0.10450344318435924,0.069460334705018209)
 (-0.41471160353428194,0.54574571213095424)
 (0.33864678504227808,-1.4469096424225061)
 (-1.03419517021007,0.13841392417187592)
 (-0.50628117372524684,-0.78850265552637344)
 (-0.88394355077381226,1.1340376894364579)
 (1.5229603615428655,1.651927189688424)
 (0.18765532548697444,0.35891882661218871)
 (0.96295479516471505,-0.73322998832401121)
 (0.33248338126405774,0.45422287868872746)
 (1.0303030572959107,-0.97795521751735304)
 (-0.56775717093111877,-1.242821597964626)
 (-0.35541713982297529,-0.50110374470189689)
 (0.29641074611672241,0.43542485590137364)
 (1.010596734257851,-0.76929796878569767)
 (0.38968294642138135,-0.62363645001139512)
 (0.69616524437584859,0.66744656297734184)
 (-0.024397847508747607,0.12557444960749997)
 (0.46774956237088522,-0.3466061485257606)
 (-0.40094104862360486,-0.86822713393380457)
 (0.18600460594888102,0.09216506411727049)
 (0.68018360614332518,-0.55931914800847837)
 (0.022654725262110702,0.11156186543421986)
 (-0.23466384762871184,-0.66701614812925203)
 (0.0060589348108706087,-1.1988197812677923)
 (0.60028569791034059,0.02784628759278418)
 (0.29156104897172397,-1.6517781708743107)
 (0.56388691066171881,1.3989194291582485)
 (0.85854586088236251,0.90990415412351899)
 (-0.13643658004433465,-0.23851311998811889)
 (-0.69782170944462429,0.31640562213522416)
 (-0.39887753763048234,0.73733530177316053)
 (0.37626821720084225,-0.13987609693589687)
 (0.81319183430432673,0.29620320902454744)
 (-0.33328785750435197,-0.17477852220566281)
 (-0.53759054735001499,-0.75036316018795912)
 (0.6854605579666011,0.041147172603871296)
 (0.87797637148981567,0.54668897199769462)
 (0.62291173012367451,0.81366657159122469)
 (0.77921054271135448,0.17382338018860649)
 (1.2612985126403196,0.25236094408264631)
 (-0.15072678124079997,1.1785455555820246)
 (-0.36961005521355339,0.030381163372029646)
 (0.55800412747903283,0.18698740052698326)
 (-1.3164861745435172,-0.61548618314497028)
 (-0.37510874272577405,0.47571015262563338)
 (-1.2111093266128703,0.62181662844839503)
 (-0.40638660377619762,-0.5439645905223679)
 (-1.6339091941992383,0.91526507035109161)
 (-0.16148802906141013,0.52676600262193152)
 (-1.1996658424765754,-0.36873357568156279)
 (0.53144800663541691,0.54629874421492419)
 (0.76596753997884115,-0.82208666944531095)
 (0.54868173349587301,0.34352348145285105)
 (-0.50588647365041095,-0.26658123873803574)
 (-0.9019436503950431,0.77931995296654932)
 (0.48633922224584791,-0.68143929798533243)
 (0.42122320481820108,0.23766842638436836)
 (0.41211809114309705,-0.46457038397674566)
 (0.01601700697570077,-0.35913459951766158)
 (-0.04200517587326863,0.11852483833641975)
 (-0.059975260154727206,-0.475218418294867)
 (-0.39338366917395162,-0.696082861437612)
 (-0.68272204519570534,0.071963440910212451)
 (-0.48761138328484072,0.44470658037348415)
 (-0.13789473566131516,0.6117749422348876)
 (-0.1128168118625843,1.1858470148973643)
 (0.60082549543589314,0.9527650963433647)
 (-0.3764062811264447,-0.0060019745725787554)
