# Created by Octave 8.4.0, Thu Dec 11 09:47:21 2025 IST <gamana@Samsung>
# name: awgn20
# type: complex matrix
# rows: 1024
# columns: 1
 (-0.6805546065248973,-0.729828454221498)
 (0.72735230092542635,0.71742067316042224)
 (0.69959011757992295,0.8727853423195131)
 (-0.63904532247123846,-0.67810611565633339)
 (0.74545004512068369,0.72302265636414365)
 (-0.69285215756545138,0.61691895542588049)
 (0.68452223731573347,0.5901065148491571)
 (0.74925152722347832,0.79557275082741707)
 (-0.72275349650070231,0.64709991524533084)
 (-0.73918843269331547,-0.68619094281981374)
 (-0.7331204455625504,-0.65599271778122525)
 (-0.67902494795043999,0.60445045761738125)
 (0.57975528858242653,-0.72071830068177445)
 (-0.72227553147485013,-0.79628653637585167)
 (0.70844250677532361,-0.69651699462166106)
 (0.75107673179799828,0.62442057530806849)
 (0.61656842783868693,-0.7765259822792544)
 (-0.80726953488962438,-0.74074757193023011)
 (-0.65716664695286719,0.86389073936118133)
 (-0.8652778186503961,-0.57240699083348479)
 (-0.66155794479000996,0.77430185678141683)
 (-0.8345132899350105,-0.74109433586946949)
 (-0.76760935644480033,0.74191682495862976)
 (0.71428867224086423,0.56735472931439701)
 (-0.76390167060579062,0.72210707828320875)
 (-0.72460159876700225,0.65387536120120693)
 (0.73432049222006202,0.71625567589848549)
 (0.6825548588966811,0.72345610960557705)
 (0.78510474243950534,0.79717417170903648)
 (-0.77307334801006788,0.79293403944385066)
 (-0.65375789839719622,-0.68882644809739202)
 (-0.61689450237695087,-0.7018609084445353)
 (-0.64764409557771507,0.50187202325645286)
 (-0.63498420928560328,-0.87305322103968219)
 (0.69431372233054534,0.715289385428036)
 (-0.71797637187152996,-0.7129386060724261)
 (-0.69626766041962806,-0.67667906855547155)
 (0.66473645147425875,-0.84682940249515892)
 (0.83935992381796576,0.67701004901949924)
 (0.65659206467379294,0.73080362374727059)
 (-0.81519067345923057,-0.69938065922164427)
 (-0.756678225381751,-0.69660990924209598)
 (-0.67330426043215486,-0.69409071450577065)
 (-0.70477060009026704,0.79511013617851412)
 (-0.66776217978286068,-0.7791335987904523)
 (-0.69537823529956722,0.75317728589906041)
 (0.5689835952490192,-0.72293182180592797)
 (0.66337136339309977,-0.76326145703676662)
 (0.62413285348089598,0.66429972006020988)
 (0.67729415754557498,0.57841288900428278)
 (-0.69702007039904734,-0.8227258640078976)
 (0.68191868043806814,0.66950374850541294)
 (-0.72049653287228654,0.66738228961298141)
 (0.58775783048183272,-0.7169830345945637)
 (-0.56553528280032406,0.71794371564919501)
 (-0.65230239741997509,-0.73466479270500795)
 (-0.7415505778064595,0.70382088016256161)
 (0.72801271741207574,-0.70961366713963647)
 (-0.74040500673098464,-0.68095936636781296)
 (-0.756259905932813,0.80157348192984323)
 (-0.52396995390743828,0.62755142005229136)
 (-0.70483254122171191,0.79145044212023374)
 (-0.77488414265835837,-0.73827615243576505)
 (0.67739599808427853,-0.50177487022885103)
 (0.65507131351034442,-0.77844248280997919)
 (0.71610858673129685,0.75272773093834311)
 (-0.73244895146071687,-0.72749738703107603)
 (-0.62470886151863381,0.64992055885230582)
 (-0.75136053824575344,-0.752882740476854)
 (-0.79695872007797752,-0.8776398758185876)
 (-0.70159937730152699,-0.68556181569695673)
 (0.70789226829223473,-0.78280892875945862)
 (-0.82209522995281226,0.76691985513743055)
 (0.67667259643158051,-0.60420251095364208)
 (0.66300853794030545,0.71376384045747576)
 (0.76264056919943901,0.76005159990606896)
 (-0.61901701714957469,0.65923656816290066)
 (-0.8804066663274499,0.70364207916695209)
 (-0.79406760479369132,-0.69017813042223208)
 (-0.80514690722765603,-0.71712083740777144)
 (0.85580104451551775,-0.75449218696093001)
 (-0.73824400663915912,-0.93753374673283507)
 (0.80941112197745424,0.66406511251427613)
 (0.77614350946989175,-0.6183447449140651)
 (-0.78066904411589844,0.72750822671328486)
 (0.64299394291476342,0.82176849648870509)
 (0.75312263497181253,0.69343791739558924)
 (0.717463523180074,-0.74874141352092582)
 (0.67049665160714289,0.6992361989730681)
 (-0.66027419151112199,-0.63718135995826941)
 (0.70136772331503261,-0.63338143786691226)
 (-0.75056937495372811,0.66354255387276095)
 (0.68830592023235315,-0.684305473022084)
 (-0.73382271753009765,0.75963811341360588)
 (-0.72597085073173984,0.77302487213554605)
 (0.61943261477638512,-0.75409782459743058)
 (-0.70351985779315829,-0.72581716651963712)
 (0.67293932797446976,-0.77208109538362435)
 (-0.63674983392324314,0.67388317618467297)
 (-0.75108353710500786,-0.62569238883494083)
 (-0.69077233344592703,-0.77517694606378418)
 (-0.75542144474619244,0.78763630326926803)
 (-0.63842419583455601,-0.71347766656166856)
 (0.63618164759841267,0.77779197464303695)
 (0.79951142450226276,0.6763770663479628)
 (-0.71062271311048453,-0.73174432658900512)
 (-0.69426724204182799,-0.77592049814925868)
 (0.7383269061627048,-0.73759264970632654)
 (-0.67325584290562035,-0.73200210753110051)
 (-0.69972109444914998,0.71423832838540668)
 (0.82624234048340528,0.6067387396882099)
 (-0.59133147064482716,0.74153567909808404)
 (-0.67858692091638195,0.67194034684519699)
 (0.61924482446200702,0.61830000438509281)
 (-0.80421240797319637,-0.66858436124463316)
 (-0.61215493615153327,-0.80709056268415991)
 (0.59968290242008782,0.61321821563113021)
 (-0.68830843925266583,0.67981092185859138)
 (-0.6990145508985981,-0.63037303784192278)
 (0.6257782931528808,0.69426513436832615)
 (0.70176166924084782,0.60198703993128988)
 (-0.67898103633066731,-0.83558613787645719)
 (-0.6977096929497244,-0.88215030444492259)
 (0.73667738210275358,-0.54013151216480104)
 (0.80992998545360695,0.67491734233118972)
 (-0.58706250236147539,-0.61537969310025353)
 (-0.81222655624706619,-0.68099395285230491)
 (-0.67776793657519985,0.72566875720774493)
 (0.65250435709002885,-0.66064381362575797)
 (-0.68300142559186627,0.60767402779873614)
 (-0.69414398481890482,0.62422961249543119)
 (-0.85939922067822094,-0.77357239924976573)
 (0.62324297117971261,-0.70687668039003348)
 (0.64593758697708203,0.73134475308598312)
 (0.71978496763654143,-0.80731163608831469)
 (-0.72845393639794498,-0.79475138072121165)
 (0.60393557717795121,0.55550370432768126)
 (-0.83858095100671304,-0.67560791687953614)
 (0.71147120240237671,-0.67773371431312179)
 (0.66294735349840739,0.70651074229733224)
 (0.5604865625956158,0.66085382567415818)
 (0.63294642398510603,0.55592749423406107)
 (-0.6260082150541334,0.63098826121603002)
 (0.77507121656244504,-0.68359892276218959)
 (-0.67491343682527305,-0.8614096365978704)
 (0.72013502092612025,-0.66891230257424761)
 (0.61392110740244565,0.70768455295592758)
 (0.60309905668294372,-0.6903616358514576)
 (-0.70859858851674395,0.74433900722652713)
 (0.71463935600523387,0.72053131967813644)
 (-0.7162164027460064,-0.62362234697017871)
 (0.68816528881762062,0.59090297125903879)
 (0.75687482195437861,0.6830877673230451)
 (0.75359984474162034,-0.59180366268555984)
 (0.77788335122928909,0.65722357290368227)
 (-0.82735833980341833,0.81540364041148461)
 (0.79730034837498276,0.71419654896845886)
 (-0.64198997461660068,-0.65379249124659988)
 (-0.87270483345263083,0.70280859378711746)
 (0.49499802511572843,-0.69188776500258187)
 (0.7296462983357227,0.76629903386334952)
 (-0.80659417644123055,-0.74080173017127537)
 (0.69390597565569456,0.6477966923379036)
 (0.68527969299657943,0.72645630112264348)
 (0.65303337503337544,0.7984825677304237)
 (-0.76342740772868756,-0.65755310630924435)
 (0.66804126582857459,-0.7585906449786205)
 (-0.73165092269135712,-0.62828684515455702)
 (0.6226493340508289,0.70774950512592005)
 (-0.66443023369378895,0.74127604008103676)
 (-0.75398799792479898,0.74129273388727135)
 (0.74904610766469093,-0.6449537694699039)
 (0.69212086004922369,-0.79996684066324375)
 (-0.71981097078645706,0.72313322671577984)
 (-0.67783429220224189,0.6602372109388388)
 (-0.75085548648384393,0.71426480855241958)
 (-0.69474595524485705,-0.74893671197962763)
 (0.73426206573777819,-0.74054885626367684)
 (-0.61078342657734896,-0.65078232167875927)
