# Created by Octave 8.4.0, Thu Dec 11 09:47:21 2025 IST <gamana@Samsung>
# name: rayl
# type: complex matrix
# rows: 1024
# columns: 1
 (0.69772725852784057,-0.24417155710736246)
 (0.50750241653725825,-0.86802079001759236)
 (0.22639353982399879,-0.70992879023476607)
 (-0.33637906209380319,-0.24126602274484557)
 (-1.4427439048097059,0.23202469084774668)
 (0.40772078439340464,-0.041850583869720542)
 (-1.3613515862796082,0.68944732559308197)
 (-0.026946594040044847,0.33226039400212276)
 (-1.0615559084190127,1.0213530513250051)
 (-0.99742199103786877,-0.50221322282051828)
 (0.19290031274548536,-0.28966833325684177)
 (1.5932351907529623,-0.58181393231256406)
 (-0.061896042195285939,-0.36671127300878581)
 (-1.2993479862677264,-0.42300854166574986)
 (0.3475152136447065,1.4225567081233454)
 (0.68091448963062751,1.70407421852267)
 (0.41252733859832635,-1.1372519895169666)
 (-0.12694138653258136,1.0032694188619407)
 (0.15853020246095301,-0.54222254241562418)
 (1.0099577249596328,0.83404188053974981)
 (0.027220417377874506,1.5051475777787107)
 (1.1681049652911988,0.085238430554342992)
 (0.86184326083198981,-0.051806540978134419)
 (-0.57882269970114342,-0.41483330726080569)
 (-0.10844911084675347,0.32035307339819463)
 (-0.79051471056956391,0.55698232741440756)
 (-0.73270601602133345,0.3499171704963735)
 (-0.68083193509740225,-0.49003206557695772)
 (-1.1020750424355676,-0.59894232016599003)
 (0.36993261727564475,-0.4254005405331126)
 (0.90706757795758763,0.33777835519452526)
 (1.0877742030797697,-1.5910063024145369)
 (0.62244926398428035,0.63360839450224871)
 (0.47452287752682298,0.22362001566110054)
 (-1.2868050185504829,-0.02643688300326108)
 (-0.71492065615513045,0.15807643837301238)
 (0.74494241585446874,0.75379369077828662)
 (-1.3160387928084776,-0.46357010101523149)
 (-0.71056876993862395,-0.66303123970318067)
 (0.65143627849179409,-0.034996386786525835)
 (0.69383354950771825,-1.0326101663216227)
 (-0.026955878509031361,0.29653262945311437)
 (0.36889421320554383,-0.62057494425866611)
 (-1.1568385201590106,0.89695355642012142)
 (0.054372396440180375,-0.16392668410987055)
 (0.70838887848322929,-0.27290128236292421)
 (0.40362365795561878,-0.79361315287509071)
 (-1.3159210975547957,0.14909199348417757)
 (-0.0157530931786245,0.22182173390799004)
 (-0.93406681410656689,-0.52099450581338846)
 (-0.021898867485476425,-0.64903975324009411)
 (-0.49557542882127859,-0.21275374026566488)
 (-1.6402662258386731,0.53124491510046201)
 (0.14680847748515402,0.062002829674919054)
 (-0.66017856113027784,-0.58251104495053052)
 (-0.90127775390334808,-0.99265859179116411)
 (-0.83994841001723541,-0.30526336746424776)
 (1.1494578287232815,1.6308876158926084)
 (0.085271915705554813,0.67827949486636008)
 (0.61425409158621191,1.3483002512667821)
 (0.29316598893157775,-0.37974367177589252)
 (0.54261737814990063,0.30409765302447428)
 (-0.11906786086396692,0.78195772745961023)
 (0.79303316933464507,0.64326173919166751)
 (0.06567822860623862,-0.98221562291473952)
 (-0.27320191187321596,-0.38203756872617201)
 (-0.17311385088209141,0.95158621824410361)
 (0.31546879013858675,0.58814487134621907)
 (0.36402952297431546,0.16558914806519742)
 (1.2796888876540051,0.34615221252203315)
 (0.64698452297776643,0.37595870663619979)
 (0.1836126009931579,-1.6591910289784129)
 (0.29330834148074436,0.23672792750868735)
 (0.58176575530172514,-0.096444105284100162)
 (-0.74258920454469068,-0.1961962937876825)
 (-0.18572787323042811,0.90736034486606676)
 (-0.53202329210167909,0.97104363863953791)
 (-0.1865816076516581,0.15823889728084817)
 (0.10800024911347758,0.36319858534121963)
 (0.23431701729648707,-1.0078493467881755)
 (0.064229317424814525,-1.2461626602063645)
 (-0.63634798666716685,0.1322694081416077)
 (-0.21361504924446184,0.99609975561533293)
 (0.4697302382202847,0.20978492261641388)
 (0.38257461077096411,-0.088870963264731734)
 (-0.90082447843863989,-0.37092893038573066)
 (-1.5467294447117803,-0.15853051791985895)
 (0.56648619112189258,-0.44427414197287751)
 (0.17362177022791961,0.59363276086871475)
 (-0.26803320989993995,-0.16586610106287319)
 (-0.40549655760009096,-0.74792579614250732)
 (-0.68674204406379047,-0.50990185605394667)
 (0.13696948144728532,0.6272605467347665)
 (0.062708058144033477,-0.064477697743528364)
 (0.36706458667673147,0.81035284618693781)
 (1.0248591861632013,0.51359020816446188)
 (0.43781601849601864,0.9833512281461001)
 (0.30263995639777996,-0.66659758304736949)
 (-0.78486872918041062,-0.1276201565020964)
 (-0.43826741588532359,-0.35541119329133508)
 (-0.50917512717200397,-0.77160661393388197)
 (-0.72376974049490117,0.30705126652026438)
 (1.1033292628867275,1.3039896075531141)
 (1.1631497328344231,0.2722313610373216)
 (1.3253032405400338,1.066261182986316)
 (0.16400626660489995,0.46684384109113941)
 (-0.75744921812903054,-0.49215165075595368)
 (0.64832013033517066,-0.022303539438118192)
 (0.92186366301391875,0.57273416591093507)
 (-0.50037486131633857,1.109558717447692)
 (-0.63265303378530124,-1.0120522095447184)
 (0.92201380645875419,-0.41632608997156689)
 (-0.054009767728136399,0.17169600528466056)
 (0.098673821204695283,-0.35774852500159382)
 (0.57831485585255527,0.17740052406771681)
 (-1.6951152855191747,0.10117799186681742)
 (0.19163750233018689,-0.98513314816680064)
 (-0.25323551473580447,-0.71369244002646015)
 (-0.25226638260890921,0.46621232612801489)
 (-0.40804691373380858,0.69103967810652911)
 (-0.2566160780550974,0.47888010900308725)
 (0.32006335452872575,0.70042581691765848)
 (-0.029713496114657623,-0.36577242110614794)
 (-1.1580937063270025,0.16207180129758775)
 (0.4553612187972389,-0.49717509443583197)
 (-0.68870372946823777,1.0201193901724421)
 (0.5777829585023555,0.29241362403470172)
 (-1.7575941611902457,0.97069582948563493)
 (-0.33014717200448795,0.67991543557994238)
 (0.22302323235287203,-1.3830098149502599)
 (-0.81656663947211761,-0.74645389351806157)
 (0.18842234324153545,0.031608372988109118)
 (0.029234065800401221,1.2142689875738468)
 (0.065459538971430753,1.5069448546952096)
 (-0.84762903137150669,-0.13713307420994497)
 (-1.2606013879746034,0.056271055668880687)
 (-0.10752484467870704,-0.12311891315245413)
 (-0.91505721435713416,-1.3076543589606235)
 (-0.18203529939220192,-0.92331966251398878)
 (-0.25892204531630225,1.0254559225016431)
 (-0.14545147911470374,0.56845780208675034)
 (-0.68514942349137076,1.427850928257147)
 (0.88405753059160341,-0.38994817736350273)
 (0.49497148144609721,-0.59984290639847138)
 (-0.0018702305823367904,-0.28643835409609708)
 (-0.11426502289376041,-0.26398035483787358)
 (-0.22413561730565376,0.27214975798650087)
 (0.21966092106403923,-0.82213570647618495)
 (-0.0070039425567133551,0.27654329402883759)
 (-0.89518242940575898,0.33138527672066698)
 (1.1506200085818634,0.20699242417213021)
 (0.49944624326180642,0.39172193287200274)
 (0.26180582317280399,0.045356393154412186)
 (-0.29044780121766994,-0.010311214216845332)
 (0.95192036609722719,-0.77246043363216732)
 (0.2331608017026007,-0.17827760664196488)
 (-0.51434674111967194,0.96970849971106243)
 (0.35145856335211156,0.77090579305880669)
 (0.75014839390170573,0.006263068841230679)
 (1.1809068770151214,-0.24739591283923462)
 (0.99122407273022739,-1.1265404621804143)
 (-0.02759290603822781,0.16281391182535729)
 (-1.1681669920648809,0.11511991262276622)
 (-0.38334835148117852,-0.8534366549659157)
 (0.48132295917453122,-0.17483318554527277)
 (0.70592084403602839,-0.37799534862730877)
 (-0.70328868231513297,0.022900482284311796)
 (0.3560541752111499,-0.34374368983720849)
 (0.71063917171719415,0.32142920664763397)
 (1.3738153548209937,-0.97318027662271489)
 (0.10334811812798217,-0.8965619254562468)
 (-1.2289002942228309,0.64713431092137719)
 (0.34030821563311575,0.11241833879156429)
 (0.36658286601947931,0.71026637089096367)
 (0.87685644286379527,0.91138613006338165)
 (0.54802574451852615,0.31331532980496274)
 (0.63483385927170022,-0.96970673047778821)
 (0.076434585909897851,0.44613354372457215)
 (-0.45425865874735716,-0.17397318297032346)
