# Created by Octave 8.4.0, Thu Dec 11 09:47:21 2025 IST <gamana@Samsung>
# name: awgn20
# type: complex matrix
# rows: 1024
# columns: 1
 (0.81306231601964929,-0.69950203222457019)
 (-0.75507408866947656,0.76823653331917685)
 (0.66749566834234053,0.67847089693484841)
 (0.71010849170021551,0.8272985923115882)
 (0.66574264758926527,-0.70751519491201986)
 (-0.68452917416433301,0.64171301239994771)
 (-0.53114745136643327,0.64001192121074479)
 (-0.70481530061417896,0.62268323055062824)
 (0.70836007071198481,0.65584842372365959)
 (-0.68585152365755564,0.70981264016517909)
 (0.67347078534848626,-0.56917602798608069)
 (0.56657108256644306,-0.66807287632988699)
 (0.65921291919214453,0.60681159629865489)
 (-0.76578918785395322,0.73971666188241869)
 (0.71124546799240274,0.70141920488147746)
 (0.7062965658638457,0.78928909027224381)
 (-0.69382724864110312,0.6284943014002754)
 (-0.62777693231382525,0.67941747762985527)
 (0.82036776545643886,-0.789235077568475)
 (-0.65181119339840732,-0.64014901717639328)
 (-0.69794994320885306,-0.57242379639531904)
 (-0.62691152051779719,-0.57039839102051115)
 (0.70381392068731086,-0.66324570398192673)
 (0.72896786697472771,0.78076512578832158)
 (0.64121680929853464,-0.68814730608608443)
 (-0.71326501157118072,0.6258498437144685)
 (0.69167748337273283,-0.68542481856836945)
 (0.74756874253915317,0.68090877898854396)
 (-0.71579803312463308,0.74464160373521771)
 (-0.68788508532845472,0.69874725374583602)
 (0.72575659767392819,0.56688364322548412)
 (-0.82008663643409896,0.70218982718276746)
 (-0.59162166932832227,0.69988535981130262)
 (0.70385047648834009,-0.82361362703910901)
 (0.62153467947775587,-0.64529705642982471)
 (0.71464689212798771,0.74998273642115609)
 (-0.74013952641913228,0.67537406572578629)
 (0.69064866859882845,0.68967856361499658)
 (0.77279612493270156,-0.70151032950252623)
 (0.683320059256041,-0.77236152305798944)
 (-0.66550106185164715,-0.63815030567500519)
 (0.67524464810442397,0.78170031203783974)
 (-0.80268133418019583,-0.69518391001128088)
 (-0.82177234118278397,0.70766062888739389)
 (-0.71618641848921816,-0.88777195847123802)
 (0.8302971158117427,0.78898175871224729)
 (-0.75285103099169037,0.63231602123196662)
 (-0.80969427474632227,0.6379401618085464)
 (0.6978334638858279,-0.74338296645888713)
 (-0.68677929694068585,0.69155060961171477)
 (0.66894862785229958,0.71528867195697488)
 (0.78862326709886332,0.6346288173797614)
 (-0.65435289945114006,0.61848543888701579)
 (0.75241917400368774,0.66312708680490173)
 (-0.85518806688694882,-0.67318903714157996)
 (0.62533114051374361,-0.70686596076389152)
 (0.6733463123810709,0.66381380406309831)
 (0.70477004274697685,0.77576188209965946)
 (-0.78287453421453257,0.70026259995085227)
 (-0.65560103917614176,0.73339578090531143)
 (0.64090209307512669,-0.70540107327571422)
 (-0.75286038371934527,-0.73161343177787341)
 (0.78160702042305075,0.70128583877240369)
 (0.76271900059833664,-0.72761898593875973)
 (0.62023592613048284,0.59615720034122244)
 (-0.6718930561305384,0.71324875709606161)
 (-0.62202081697682676,0.68052116571618559)
 (0.64906848349355817,-0.83226526065668516)
 (0.88533560927215937,-0.72950559009901172)
 (-0.76264999633968822,0.68270270553278944)
 (-0.92192992863438761,-0.77945105282209692)
 (-0.65013853115921438,0.69471834786928122)
 (0.83180414550345971,-0.73976724959376305)
 (0.66839191888834104,0.78803291471703341)
 (-0.63511211029031311,0.7063237523925745)
 (0.66780097062764754,-0.65309788642938704)
 (0.61287979458555442,-0.77477528294790154)
 (0.75331090803884915,0.8026975289890258)
 (-0.66686416750210276,0.68660305765172169)
 (0.77510172115192644,0.68579990631298271)
 (0.76140267376374693,0.74552064608664204)
 (-0.76986560018691186,0.71337816284788658)
 (0.70341748767897339,-0.77743316368374604)
 (-0.8083361063277108,0.67744700545098047)
 (0.76006408369574385,0.6015806608826032)
 (-0.73319197485750298,-0.79437138983194733)
 (0.68360626961804327,-0.67556881513378086)
 (0.67124759834404901,0.76693055360063223)
 (0.59274008855254368,0.65467015187274635)
 (-0.7505577788741189,0.76200269164898082)
 (-0.57984823088726734,0.65619116679239142)
 (-0.75599471554000375,0.66989456650561441)
 (0.77757035807055463,-0.53822526925083969)
 (0.74218693721424811,-0.62273406378026408)
 (0.74850549366051666,-0.64258372973001987)
 (0.74081478103050835,0.75285586451730957)
 (-0.76296667713139088,-0.78456564540516704)
 (-0.52935181326413416,0.67613014610886613)
 (0.69192039053477805,0.69411391948462997)
 (0.732209631744973,-0.64258788365792652)
 (-0.70159976413001801,0.67649203573031991)
 (-0.74973099032815738,0.68749473722612731)
 (0.67065793169807641,0.73568473952137803)
 (0.73266087226833621,-0.62706025396302945)
 (-0.64855455857704403,-0.71379827065424106)
 (-0.64762500264516998,-0.62469891508825126)
 (-0.79626106560706855,-0.59078347172073997)
 (0.7629753806318671,0.71978604257426426)
 (-0.69382528077177308,0.79276985846352377)
 (0.77143781373447329,-0.74763230790823609)
 (0.63300076016589124,-0.74162732968618328)
 (-0.69308486849789486,-0.81749824411227667)
 (0.69023145793635632,-0.76538959041735244)
 (-0.70111961103721765,0.81300503896529974)
 (-0.66806852102099357,0.69177264199021071)
 (0.70153391507798868,-0.73921954845568105)
 (-0.70497829632798847,0.69560928039139491)
 (0.69435696529459279,-0.63817116169604637)
 (0.65713467262959036,-0.66491594223130335)
 (-0.60142034123537047,-0.84040421274644583)
 (0.59577460768362389,0.57631808814481011)
 (0.77538862512596973,0.8918624748941899)
 (0.74542068274511375,-0.65168915553931062)
 (0.82686563447815686,-0.74802957026685823)
 (0.68222446816549098,-0.5735084970570834)
 (-0.65087175157005628,0.88299382039935415)
 (0.78908395949100973,-0.8168326890201737)
 (0.74991133771905294,-0.66494358152683486)
 (-0.61290015075368154,-0.71365389731000339)
 (0.61278364863148127,-0.70769908112003932)
 (0.71749250109508245,-0.74058276482895857)
 (-0.62063586795000847,-0.71058361040578788)
 (0.70569128785297364,0.60058408799195317)
 (-0.5827499442543701,-0.76655143988743268)
 (-0.71829566615941076,0.85332696567743171)
 (0.74553882289004725,0.6135429558087353)
 (-0.76408243931758779,0.7030889597436818)
 (0.65190333750055063,-0.71186173696492416)
 (-0.71245445248359673,-0.63820216073448832)
 (-0.80548933035548154,0.85384111361470649)
 (-0.72808520933361043,-0.74452782483385171)
 (0.59608538406274925,0.80934133501192085)
 (-0.72307164675342628,-0.72713477950935679)
 (-0.74472733862261675,-0.6744563462403429)
 (0.69349366552703351,0.68122124898605607)
 (0.53920542377257563,-0.68676532735334583)
 (0.85777818527880734,-0.70375018816322188)
 (0.74223045814853095,0.73837277660651535)
 (0.74223247608450027,0.57317391936352613)
 (-0.73067207999224548,0.77628009667243214)
 (0.69575229979411779,0.70082580542660355)
 (-0.73638788230368635,0.68803209212575456)
 (-0.74403098843651472,-0.66246385019063991)
 (-0.62926966823165764,0.76610380175235104)
 (0.79900331666109825,0.77903502356666232)
 (0.79288211764109628,-0.7139398322546715)
 (-0.6212429438645829,-0.70793169256274224)
 (0.70198894707832415,0.5995527269538613)
 (0.6060273156443704,-0.64293152194988379)
 (0.6757787585766083,0.5771869534407631)
 (-0.87418327192757905,-0.76468503668308008)
 (-0.72057987370552634,-0.7068711039822404)
 (-0.72281879011461481,0.61394898472753434)
 (0.65909410832543747,-0.69262489757767698)
 (0.73654357482270738,-0.59682845725006517)
 (-0.57849899890294232,-0.65308913367353771)
 (0.69416553732403452,0.7168304039737895)
 (0.77862893792578058,0.59400102668728405)
 (-0.78189075483759951,-0.59527170759444048)
 (0.73312209885529755,0.7029472394730647)
 (-0.60735156517732647,0.66430710239800761)
 (0.68546204077919715,0.73725432975407212)
 (0.7403447952635045,-0.65714927911537302)
 (-0.7433225900390662,-0.7386200447966611)
 (-0.81976128947343352,0.60979255928188081)
 (0.69308377725700487,-0.77845968147114908)
 (-0.78528721134711055,-0.6918905884600054)
 (-0.61594834480629357,0.69348393694975963)
 (0.72147653887744456,-0.54228507995233544)
 (0.6368762460175913,-0.70421668191674036)
