# Created by Octave 8.4.0, Thu Dec 11 09:47:21 2025 IST <gamana@Samsung>
# name: awgn20
# type: complex matrix
# rows: 1024
# columns: 1
 (0.68367768661306949,0.78082451168881151)
 (-0.75173050074179126,-0.72012112057854627)
 (-0.62343370957185829,0.71400395743855849)
 (0.76880307685221427,0.69494639384402535)
 (-0.6728253334001173,-0.61263308194084054)
 (0.73188600326115161,-0.69357537433249949)
 (0.62770561666716018,-0.74645511587839519)
 (0.67579302782408002,-0.68882233553256089)
 (0.74662290892547234,0.66451421604262517)
 (0.69955140889878575,0.69342495105275226)
 (0.68343185297875109,-0.73511537504208124)
 (0.72099611764783722,-0.73051033418722933)
 (-0.66634048380341215,-0.71705182217834273)
 (-0.67478827729004098,0.65115644545153883)
 (0.63479757964907779,-0.76258624637208761)
 (0.65995157611968625,-0.66944537796965942)
 (0.72728150490478782,-0.56686711717724092)
 (-0.73724115610215391,-0.66842712874507082)
 (-0.66884174478375413,0.81772536527346884)
 (-0.66953940555747482,0.76727898104558911)
 (-0.56551090694763873,0.7558660883149908)
 (0.76110109901243694,0.7192412970091)
 (0.71123341859934719,0.67751493889601067)
 (0.75539222841001308,0.80281453030144501)
 (0.68447815476487872,-0.72564883523992041)
 (0.65630432441772291,-0.74674091981402146)
 (-0.7206331279203525,0.74249338625136674)
 (0.74960583967453398,-0.77277790113523803)
 (-0.726065613437607,0.61156150283234012)
 (0.72815040586688551,0.5480648894130955)
 (-0.70996126637147583,0.63470122691733966)
 (-0.62774537317273316,-0.75476305157488199)
 (-0.7224582063706908,-0.71185949351111122)
 (0.64667150341184676,-0.67030870236071527)
 (0.70783166332492742,0.7710579182968561)
 (0.7642014242949513,0.7773374440863382)
 (-0.73314992134479684,-0.8190992332868503)
 (0.59830169802626554,-0.78905174008200696)
 (0.78465704329411634,0.65344340228897491)
 (0.78360383485452201,0.73875257558058538)
 (0.67761409290274388,0.68369255126860384)
 (-0.72845363296142662,-0.68930245555304048)
 (0.69921802141545508,0.60678574702484411)
 (-0.68170111187594129,-0.78518666865544906)
 (0.54350384989698997,0.63006260315516571)
 (-0.5804736301655633,-0.64487754932716101)
 (-0.71107810266046823,-0.77568140558794085)
 (-0.68155052630574142,0.62213013856007349)
 (-0.62113120869321004,-0.7740413042931048)
 (-0.76132698358903639,-0.65546169870751347)
 (0.76059682003285478,-0.6800628756414987)
 (-0.60829079240220918,0.6745610809718261)
 (0.71782924263908421,0.79811949708347751)
 (0.60893183866382206,0.67358791228012838)
 (0.61976845258626545,-0.66220507127667116)
 (0.75204160737845172,0.68867493077469)
 (-0.67475230188523527,-0.64110154513233386)
 (0.70611065665739436,0.70023925674728837)
 (0.63819879456231199,-0.72967428923953326)
 (-0.8773515967506722,-0.80561498410308574)
 (-0.7095464908245972,-0.67041092787044587)
 (0.69999736228725795,0.66362722638916982)
 (-0.75307244507858484,0.74325566642375807)
 (-0.68797627994901633,0.71539584233232401)
 (-0.69567434649473969,0.70146833779876328)
 (0.72683215673117507,-0.63977347176591604)
 (-0.67688957638306613,0.76161905885606129)
 (-0.84810194970849895,-0.65205409634883027)
 (-0.80808906555043025,-0.57736412453011687)
 (-0.69149636654048741,-0.79161488321442264)
 (-0.67786125477674342,-0.66625427599347087)
 (0.82309424965634193,-0.64191781904984857)
 (-0.88915761631314361,0.8184811714349095)
 (-0.59213212909630908,-0.71497946013400737)
 (-0.70051196760093937,0.60185630614001351)
 (-0.79156102464488431,-0.65019155893380676)
 (-0.72631641921277768,-0.7332312717841768)
 (0.71010080817419285,0.65562843103067125)
 (0.72899526974134699,0.69479384546092637)
 (-0.80045604011073612,-0.56122914200936391)
 (-0.69922303879612902,-0.65778044468724839)
 (0.73791255016690005,0.70207294528836661)
 (-0.74988648389639767,0.63900526061302132)
 (0.63374549533663527,-0.77207973211994119)
 (0.64868709228802768,0.85055996395023414)
 (-0.47216054891140935,0.7182411505520232)
 (0.65962488736326241,0.66624427879698611)
 (0.64409651407703417,-0.69688165302354099)
 (0.59016311466311966,-0.83104302639541849)
 (0.83479191489174698,-0.63102216218381835)
 (-0.78884012631309974,0.71669247111295842)
 (-0.7467967339295577,0.70536052255036819)
 (0.82017494442534356,0.74374759920498723)
 (0.60844572789390017,0.58973722376480187)
 (0.62756714168590433,0.74438522211653169)
 (0.75171528224446926,-0.65918346424118957)
 (-0.73531029785377933,-0.70081685049196618)
 (-0.6886674489982213,0.59447121769543088)
 (-0.66452566754620546,-0.74111294853185594)
 (-0.70666472416990611,0.5795047173521054)
 (0.87560159574699337,-0.65972314872389137)
 (-0.74387507407816222,-0.67248377057681852)
 (-0.63142982661541247,-0.55971597064978196)
 (0.81125116348739446,0.68947650872005473)
 (-0.73185753828511591,-0.71025717829359947)
 (-0.70956877086116166,0.72544597577990844)
 (-0.76999781238076348,0.70415645526843051)
 (0.75643722458015372,0.57505179817819574)
 (-0.8194787496657272,-0.79842030546463616)
 (-0.6562995441512971,-0.82256879529606264)
 (0.65551913619148183,0.59383758968292799)
 (0.66137356402955938,-0.70944082256327257)
 (0.83118275556965093,0.76897771177848429)
 (0.64083654294118009,0.60241360314395587)
 (-0.78369614428958823,-0.66757405833174122)
 (-0.62663103313801749,0.74498880061974448)
 (0.71765153881765231,0.66659783748783119)
 (-0.76823306192825869,0.72756288838986749)
 (0.68853989564036799,0.75868179497508037)
 (0.73230477344628497,0.63075695738048765)
 (0.66839085612820681,-0.72896411197813016)
 (-0.75108721440167403,0.59247480252286522)
 (0.64072809260026453,0.65602810269481493)
 (-0.85194935908543745,0.64107246443974553)
 (0.5901923973191836,0.65645582824674265)
 (-0.72890502212119668,-0.6543226283535023)
 (0.7230624969430367,0.65102414962900212)
 (-0.79006945432981346,-0.60647525621149612)
 (0.6210573814606235,0.67246865606931339)
 (-0.70949584338563765,0.76516185864629216)
 (-0.70486774525445206,0.62979130340084488)
 (-0.6797709525955753,-0.79207318833311824)
 (0.6954160180943435,-0.66577915465266602)
 (0.66433258021157338,0.60036993674774253)
 (0.64807786165284287,-0.72958130632990059)
 (0.67190029452204347,0.74694521972906736)
 (-0.56918129964317354,0.49073209085102143)
 (0.70463954544341534,0.65991360551482148)
 (-0.67948126126916641,0.77298599990906836)
 (0.68642827701604414,-0.57194071279117242)
 (-0.67250038193758999,-0.73813444372074477)
 (-0.6821885413720894,-0.71757663238793556)
 (0.79225751314485948,0.59570570289317781)
 (0.78609034253060261,-0.76044283705652227)
 (-0.69542483907373376,-0.73543077594203543)
 (-0.59190622473896437,-0.6438446265690474)
 (-0.66245950865261116,-0.65344214173330473)
 (0.76802917096748102,0.5984716300455204)
 (0.64921637140166966,-0.7321791902349688)
 (0.5828472739834939,-0.77050267805620243)
 (-0.60065629911852969,0.69384286579088317)
 (0.66012902038280163,0.65631965536541659)
 (0.70285178317633312,0.86543978450692516)
 (-0.71204417317391944,-0.73483362308538314)
 (-0.76076498955605087,0.64888092940597597)
 (-0.73653544659908721,0.76219439260579391)
 (-0.64953146316513888,0.7015182121648692)
 (-0.6541491109364157,0.69219472996833298)
 (0.78893292613601262,0.8391900483031981)
 (0.77801203631760929,0.73069280191280472)
 (0.67785550147675644,0.72425484717166244)
 (0.71798017233241307,0.5830318659474929)
 (0.79864844768809939,-0.74494347871692479)
 (0.67997086314497279,-0.78090774612523972)
 (0.68885132416551431,0.73223697877063421)
 (-0.60503365653454455,-0.6907694730000975)
 (-0.72325046518458325,-0.74562979693592135)
 (-0.76007798255596448,0.67420933310181719)
 (-0.82051389548932474,0.75193116113937231)
 (0.79644933960288167,0.75327965236358629)
 (-0.66810774685751284,0.72090476186820796)
 (-0.63006964882530592,-0.75277585361149724)
 (0.8511733386404835,0.73810227224502811)
 (-0.60732634858321055,0.67545273508877623)
 (-0.82195521613551736,0.59981555655207808)
 (-0.72273474127968707,-0.80844329578439444)
 (0.72206898385872265,-0.59029354185876592)
 (-0.73275734182496854,-0.64658874507475661)
 (0.8093082120359778,-0.72476430717220841)
 (-0.6990875223060834,0.61942787340582717)
