# Created by Octave 8.4.0, Thu Dec 11 09:47:21 2025 IST <gamana@Samsung>
# name: rayl
# type: complex matrix
# rows: 1024
# columns: 1
 (0.52894306311058137,0.3385167599088662)
 (-0.082770509651473562,-0.097558354171221523)
 (0.62268349520507538,-0.9532066134584779)
 (-0.22761423010555726,-1.5829229900192487)
 (0.61945649177593198,-0.66313399413440099)
 (-0.62384782606361688,1.0041701128333649)
 (-0.23898908152406331,0.28417751965847066)
 (-1.2274748689646962,0.58497984374772405)
 (0.11120455691419716,0.21549066016639762)
 (0.21925977055618917,0.11982659879684987)
 (-0.78751750630424855,-0.41348890021406115)
 (-0.97300891494965724,-0.025964388729449894)
 (0.73342890142478967,0.58230168704710428)
 (-0.56469931469923573,-0.53217300841480297)
 (0.60517709112833107,-0.37798977428368474)
 (1.0093405741742283,0.060956824026044576)
 (0.5557580106825053,-0.69278919738998002)
 (-0.50029703852826657,0.43960274200411259)
 (1.1013082427688019,-0.35917890694499804)
 (0.48546491895023336,0.83384496661544949)
 (0.4843600040648024,1.1616566468804086)
 (-0.18308613177821939,-0.20872751385366442)
 (0.60954346278987592,-0.48160637802308653)
 (-0.83773150776615468,0.3971315061125979)
 (0.69451270198122284,0.25194692106754535)
 (-0.20146450337541794,0.44875474943011778)
 (-0.76717617558894158,0.56509492482309842)
 (-0.033219909301420075,-0.31510366911628163)
 (-0.092059343785163006,1.334225483965326)
 (0.23329272706157508,0.49512836421302597)
 (-0.53449742060246253,-0.83940892056174177)
 (-0.52815591596183564,0.37225193689854891)
 (0.84474788424982639,0.35223892346925134)
 (1.5436339135652419,0.56748978873580702)
 (-0.019753191704312889,0.4395420223683944)
 (-0.86025504039802625,0.71862883939616906)
 (-0.026955904326009181,-0.2029607056078318)
 (-0.67427608520334981,-0.23734157387869964)
 (-0.30681955991937726,-0.24162073913208673)
 (-0.089735881011650032,-1.0278808931211465)
 (0.49710385308846017,-0.72886591809574708)
 (-0.029267904680856494,0.21339561654369502)
 (-0.2979014683823098,0.20410630204593425)
 (0.2238877248948492,1.3117736345704554)
 (2.6713317753416144,-1.3080696141452157)
 (-0.92326078635575448,-0.045508225018262183)
 (-0.069694058074532883,-0.79958320868694122)
 (-0.043033572925337715,-1.0419474757079872)
 (0.35499698153274406,-0.42622481073937002)
 (-0.80487139977434607,0.61075319227277258)
 (0.048203301155466116,0.59975650801446567)
 (0.65908777754642167,0.81042054063172442)
 (-0.58307041657403103,-0.58162832819664811)
 (0.89663227300495663,0.35115601948071495)
 (-0.053181583660325472,-0.12859041912571467)
 (0.1932100742579011,-0.44035881443141439)
 (-0.15760581026332049,-0.79537356198394793)
 (-0.34729706198680227,0.80497707449034483)
 (0.19880926172022262,1.4784387916159736)
 (-0.06496056895474156,0.7820543327892161)
 (1.1284214612870149,-0.83031674969517444)
 (-0.30843334244406767,-1.1543923085064858)
 (-0.85267444957670913,-1.227615080387892)
 (0.23740922060788852,0.20651347176598475)
 (-0.13549544995582907,-0.79413977640412148)
 (-0.72677169028100996,0.46897998156025844)
 (-1.581436820342254,0.8390111987671689)
 (-0.42132119320434319,-0.56714976845665688)
 (-0.17290419105037569,-0.75694784550153782)
 (-0.16795211828226753,-0.30730374175467101)
 (-0.8469208262857626,1.7870483179937244)
 (0.66630132510358464,-1.1996483684558545)
 (0.0362004291998127,0.75404905292550595)
 (0.16389194761504611,1.4907657991221774)
 (0.10751083689115998,-0.6387981609175537)
 (-0.086437346850414709,-1.5803273992475306)
 (-1.119540955612351,0.26603248972243326)
 (0.31250907262389904,0.1823463450733197)
 (-0.12187663732086626,-0.38853829882142599)
 (-0.1538247349126311,0.31360918348220551)
 (0.16566123064941332,-0.55085917991540634)
 (-0.7718222058446802,-0.010172653068944382)
 (0.32768165828235751,0.16973188661592903)
 (0.56979051591363383,0.067596856877134903)
 (0.078786209191883477,0.57487916353976232)
 (-0.6221256465478191,0.41080860954969234)
 (-0.30838020158805241,0.69609434934197356)
 (-0.35981146613454801,0.86393361429283066)
 (-1.2521510533341786,-0.065759993827164465)
 (-0.62393099797753226,0.1190223002721032)
 (-1.1065644886875758,-0.16227775043934672)
 (-1.0004293397458652,-0.9451851783550298)
 (0.023301246460333269,-0.35082152358269481)
 (-0.12094638925679402,-0.17784548999153799)
 (0.76268927593668145,1.2936360358845773)
 (-0.086322111300088544,0.5694670795778487)
 (-0.27807126482912342,0.27129558423267969)
 (-0.85276747327297775,-0.48281214449344251)
 (-0.70425172309010553,0.46541270596054463)
 (0.16336983896342205,-0.88091430491738654)
 (-0.59424264976600971,0.4334940021599788)
 (-0.65246838152497777,0.68190807421650124)
 (-1.239749970935681,-0.060302083088770164)
 (0.18807622000541996,-0.89662454850587214)
 (0.055492643250809992,0.95095240712388995)
 (-0.55895008637208898,0.95315134665587309)
 (-1.1258838295833808,0.93765337359018852)
 (-0.72834345881991158,1.306307630183313)
 (0.7608332895250387,-0.22384138704326889)
 (0.081786134088344564,-0.82671755550453618)
 (-1.8743546598910976,0.35974814833823554)
 (-0.17058223983993565,-0.99895739927564842)
 (0.2994584965778665,-2.2326392531727337)
 (0.030737522961736416,0.17696952310557118)
 (-0.048484746006249413,0.48569625944673411)
 (-0.73003663422952636,0.50229806241684116)
 (0.90111230454317992,-0.58199203885619188)
 (0.84091326674971967,0.24365616961919617)
 (-0.93897396759273832,-0.70654467243422203)
 (0.7825025864872901,0.43041681837969253)
 (0.58671758148347763,0.38523905935490699)
 (-0.41674128034383695,-1.2264339031906468)
 (0.44519732940681644,-0.73282096714304201)
 (0.29883842180045761,0.32211362503031882)
 (-0.43366868781571177,1.4990354650523372)
 (0.24050633199510282,-0.23186860201574608)
 (-0.51157787354154527,0.03328251861379819)
 (-0.14821213954114454,-0.057027521672164065)
 (1.2473749552756681,-0.7802407404215016)
 (0.68740515498851607,0.41144817844379383)
 (0.44711845083170298,0.24039760957396164)
 (0.11325614232545383,0.37016010309968733)
 (0.83185201257628905,-0.12893848800335361)
 (-0.31246461728475738,-1.0255675766361314)
 (0.39691921476076486,-0.36528699699895772)
 (0.48120162417864881,-0.14262875297549421)
 (0.18842819982454106,0.085630585759505218)
 (0.54606809960007374,-0.88472652177146505)
 (0.16735490835865227,-0.57437665120339287)
 (-0.77889451804481402,1.1408431011359852)
 (0.0285837351705336,-0.10346041226477264)
 (-0.52687336314832556,0.44181358794527037)
 (-0.18222497279826722,0.09395122714012033)
 (0.66928075801969977,-0.22773101006585589)
 (0.05319847594573221,-0.37158352854663335)
 (1.294308213490013,0.47698279735152793)
 (0.46406622206087073,-0.62292114699385981)
 (-0.72194731482963226,1.0491982640932576)
 (0.84486764388105651,0.010599157167116902)
 (-0.62046873440662575,0.41130133923142975)
 (0.048837429827468477,0.036644024020467354)
 (-0.24142618431625312,0.025727533719060391)
 (0.32977091424927529,0.41183962911329486)
 (0.75890712449129949,-0.23839678059702529)
 (1.0102487409983234,1.1956245659455251)
 (0.50089308277848821,0.69815162390589702)
 (-0.44731736360644281,1.2647534946761825)
 (-0.77630815896360206,-1.1878013721848342)
 (0.84011573438885834,0.36885164256828795)
 (-0.42161336346039452,-1.1365503399459187)
 (0.82924120918591937,-0.079614696619311254)
 (-0.31691555232242646,0.0076328345768228445)
 (0.67620433112985678,0.57515550110401203)
 (-0.46612110085694691,-0.63300362617642303)
 (-1.2771252548726777,-0.57644242533768431)
 (-1.1205535704239984,0.13735078761018721)
 (-0.55420205198125705,0.92405457437912342)
 (1.039505772553843,0.1222905289573879)
 (-0.41616005554373026,0.35510767496977058)
 (0.2528473241028884,-0.13593635718581426)
 (-1.1322906208379746,-0.60836598228131056)
 (-1.1427147294179143,0.24284434951201711)
 (1.3546929249270945,-0.9152755826582587)
 (-0.37508188325689557,-1.0321499055361543)
 (0.3477935179826101,0.88046271625518124)
 (-0.35805169399988002,-0.13778568966042995)
 (0.30751885828516795,-0.21108016416260972)
 (-0.79856788900613829,-0.066686347397915235)
 (-0.040574843706858932,0.43795079791987601)
