# Created by Octave 8.4.0, Thu Dec 11 09:47:21 2025 IST <gamana@Samsung>
# name: rician
# type: complex matrix
# rows: 1024
# columns: 1
 (0.56258520497082154,-0.57576055690762362)
 (1.0077829043875821,-0.16227652352944855)
 (-0.87975798404684524,0.58715257350520811)
 (1.0185592307897318,0.54730718380891608)
 (0.98476104050436253,-0.769314068442851)
 (-0.75307807814126559,-0.044191253536874975)
 (-0.25262041330354568,0.46410805572572311)
 (0.10338069770200448,0.54424543600898656)
 (0.36570544423550355,-0.67242434824653941)
 (0.61154885395052694,0.86257785613871651)
 (0.77343551762017859,0.38164322135307072)
 (-1.0071495944847784,-1.1612039955240054)
 (-0.6706700100508669,-1.5739463979208896)
 (-0.24087802581475032,-0.74650784172168017)
 (-0.76298591487189749,0.85450549618486871)
 (0.054943415802004986,0.4130401678067861)
 (-0.7862153076769578,-0.81001581314038273)
 (0.10085466670120713,1.4064113097805353)
 (0.81657909829678377,0.67981377886838468)
 (0.75095716760544318,-0.67486304200890368)
 (-0.47526722517525938,0.44925990368718521)
 (0.027235057393105194,-0.45077656776766384)
 (-0.41374715270398171,0.24877663814210688)
 (0.77317831452452834,1.2504946880750807)
 (0.22559851798855857,0.49134791543148248)
 (-0.94312355845758367,0.084556818707786752)
 (0.25931954732761286,0.66552193448276387)
 (-1.0874275872515911,0.55711680339644776)
 (-0.29622470619720198,0.65368698895123156)
 (0.85106430772310027,-0.73069312631542427)
 (0.7423506358811891,-0.20815674139111534)
 (0.6618409473205692,-0.68487539904188399)
 (-0.25078418309185346,0.95055430866506219)
 (0.32874697509138379,-0.69364845740199832)
 (-0.98257786140925851,-0.57385079267227923)
 (-0.32939805574220499,-0.44460007713102484)
 (0.38188892086085235,-0.5245818236772074)
 (-0.96012160757653853,-0.24148970768171607)
 (-0.38298194764885096,0.44137993945801957)
 (0.90968727451508236,0.036453261479209853)
 (-0.87594818502433558,0.91365863539695447)
 (0.74184994955548567,0.60339612924271757)
 (-1.0936277100343785,-0.0048430336529927676)
 (0.64261466669124045,-0.50805607673836017)
 (-0.53286315387454397,-0.076944356693559451)
 (0.93760636641012596,-0.24816459322002804)
 (0.94930616496504749,0.019240877664130074)
 (-0.69588319084925421,1.0130891022983892)
 (0.63071196614566583,0.98573975764327593)
 (0.37962006914404356,0.048365595229110686)
 (-0.23444650954596552,-0.82487973764574152)
 (0.3002811470883987,0.35766155423150947)
 (0.35631692361882156,-0.30944919238782226)
 (-0.3495603613498085,-1.0166990582036544)
 (-0.61770600913992524,-0.27310368960621711)
 (0.85321672254087955,0.39964956312650179)
 (0.92835814792713822,-0.74720917368648665)
 (0.74527533006113211,0.30228159492294043)
 (-1.0552835437405639,-0.5489340128826643)
 (1.0175488135732558,0.67125503455161506)
 (0.56129376612142634,0.23634921853349697)
 (0.46372457492068547,1.4222358860959474)
 (0.92036486160642816,-0.54321499645469662)
 (0.81606006274709397,0.50837641559690283)
 (-1.0424911161954884,-0.44213424910967375)
 (-0.47958444985352688,-0.37742068459665057)
 (0.78238608983298297,0.78776210039166228)
 (0.55844552164426764,-0.34360648920505998)
 (-0.53789434561386273,-0.31073684705828464)
 (0.39076054042874314,0.34142679286365479)
 (0.28852613111316683,-0.16076276954844082)
 (0.36989049440946992,-0.42476556333959042)
 (-0.49926795396471935,-1.0847653050751944)
 (0.54901241466794826,-0.16944862870087429)
 (-0.028401639360322806,-1.0482253851794203)
 (-0.11046500971504869,-0.73743137258867286)
 (-0.33299191342473444,0.7707792849832894)
 (-0.54263992498674019,-0.89306223317979683)
 (0.59547098895047157,-0.80798347090720835)
 (0.45638570459677114,0.30697778727011732)
 (-1.4434359570527842,0.93040436900206125)
 (0.74313347921639861,0.92873655599903771)
 (-0.54635036594970043,0.67106037522607664)
 (0.58994253695811016,0.86865589354705253)
 (-0.28503962406575084,-0.76001012942882396)
 (1.2032821914342096,-0.4126022619533351)
 (0.99305373884505399,-0.41518806658648383)
 (0.32979882697150786,0.13961197710011697)
 (-1.0272342402316501,-0.57275077463549984)
 (0.67691118117279381,0.76955480306251622)
 (-0.16351437292506665,-1.0504031569986489)
 (-1.1637816980425044,-0.62002901497279606)
 (-0.74773121365636375,0.95015344385586598)
 (0.61931260802870791,-1.0035958938708989)
 (0.57295804886336543,1.1259999356985197)
 (0.35178846738470709,0.57600362981187758)
 (-0.88105222016875095,0.23254639213561501)
 (0.69770416118643341,0.72105732793096022)
 (-0.0082378536747346187,-1.0000973122002565)
 (0.46880540832121548,-0.53196688523835023)
 (0.5192544745875044,0.45504656210203853)
 (-0.72725878272683331,0.20573787833195634)
 (0.90730229518047034,1.0817442121410963)
 (0.43887832887228811,-0.81252016242327185)
 (0.88500616783509256,-1.0132642294239962)
 (-0.23121953327606881,-1.2415951800536535)
 (0.44648533732716822,1.0906199348985262)
 (0.38807439384930154,-0.57630145873387417)
 (0.13208391670653682,0.42083580964097067)
 (-0.59499556056446778,0.10314021956965266)
 (0.2299402908199657,1.5209625839692746)
 (0.90500075099602639,0.97379906618168699)
 (0.74533091181738942,0.4484547302961015)
 (1.4169791409579948,0.85695395558202381)
 (-0.39544215955352785,-0.7788291687193345)
 (-0.58776683300676291,0.48927108073610487)
 (-0.38715205451170509,0.12984045982531781)
 (-0.010568717046683995,-0.65724971358483808)
 (0.61396000202232681,0.56592777510628856)
 (-0.81272862462090423,-0.3999866139184019)
 (-0.87972099257917913,-0.36508741552756724)
 (-0.30514196276831407,0.45031016392982837)
 (0.2039181513290434,-0.42504084829396599)
 (-0.13241785455240074,0.80400540300206946)
 (-0.55682785822755865,-0.070774981901602363)
 (-0.29447060322849833,-1.0010113659110664)
 (-0.20845617491598467,0.3617181599175564)
 (-0.04440889038763568,0.44881160467916703)
 (1.1476959922402257,-0.3863596339827356)
 (0.68887457913420991,0.56175359411151882)
 (0.82310458803311548,0.92080171718828596)
 (0.233945331461481,0.44296814351622704)
 (0.3085959937630734,0.9997320250718309)
 (0.13958543220808184,0.97506288005513286)
 (-0.73478820213445284,0.30334679170112067)
 (0.46528204358441283,-0.8433511362467202)
 (1.0033966217625947,0.22118945647149463)
 (0.76982410701069215,0.33453651791167066)
 (-1.2592865082481108,-1.1463297390133949)
 (-0.61966022036683988,1.045258573040434)
 (0.66712823165422275,-1.0895246449888618)
 (0.65048416370030049,0.54479938763035896)
 (-0.11671174656796746,0.81199522906885524)
 (0.30345336227011654,-0.87673626563589946)
 (-0.7977056473332087,0.67863025133795318)
 (-0.036122573999090024,-1.2442764470083352)
 (0.10171993617297186,0.12736764639151263)
 (-0.234475898954766,-0.43256208175919669)
 (-0.83347576981516347,0.081358087425427494)
 (0.80604683984697389,0.15772565654747961)
 (0.52460906898935145,-0.73658792577186927)
 (0.047666050085691608,-0.070171496672864986)
 (0.58215429001339591,0.6568793505981313)
 (0.70923677424712461,0.66747496935158335)
 (-0.5500720936881065,0.32573872092097783)
 (-0.7121254068335926,-0.52790232528659431)
 (-0.35442633923785749,-0.016569484531032047)
 (-0.86234822422635715,0.46544010249142298)
 (0.5122672640292919,1.2580354184048943)
 (1.1281638860971739,0.54124114239112542)
 (-0.42456054129919452,-0.76735100766709274)
 (0.32708014742409702,-0.78903958298811405)
 (-0.82788126216753266,0.83517240555282135)
 (-0.58165214866270865,0.031340371996181116)
 (0.64901922445414517,-0.79934640447693128)
 (-0.87167466928267623,0.48182979539212178)
 (-0.64462746974582474,0.88142611606609811)
 (-0.82472352869008936,-0.48764182785978427)
 (-0.31636087718708772,-0.080474816605561342)
 (0.65545513001383449,-0.24493870624388808)
 (0.82392620111313875,-0.27739520820279656)
 (-0.2987414189564046,0.44299868911125684)
 (-0.8384846774422956,0.22700026689244446)
 (-1.0631205501007992,1.1226680361525481)
 (-0.48009602443787208,-0.35764278835856328)
 (-0.31386966987908432,-0.62699833879255018)
 (-0.39742324231110626,-0.44927924282916831)
 (0.41818233285063927,0.071485315640246294)
 (-0.55136577248812668,0.59962931197478353)
 (0.6529658869767867,1.487127219826311)
