# Created by Octave 8.4.0, Thu Dec 11 09:47:21 2025 IST <gamana@Samsung>
# name: rician
# type: complex matrix
# rows: 1024
# columns: 1
 (-1.028107256460626,0.3709178441922002)
 (0.79920166679165416,-0.41258097894585027)
 (0.66480418243003481,1.0570057799452157)
 (-0.80358482079142457,-0.55259327545511516)
 (-0.77476232699342518,-0.8230640560996485)
 (0.050947296084615568,-0.51759238508863969)
 (0.79989508943030763,0.22495753293378717)
 (0.73229299436442896,0.71394155337519893)
 (0.45435432965811046,0.99086560885736974)
 (-1.0370639305568101,1.2497610691878718)
 (-0.91837830488207173,-0.662271141093006)
 (-0.62968033541192636,0.24000749344412431)
 (1.3903431305999103,-0.78209895130566331)
 (-0.32933398939328695,0.48193967366002488)
 (0.75819942441036647,0.22351535984614546)
 (0.62623339316861248,-0.62511872956969838)
 (0.54704964798159827,0.49155997353415587)
 (-0.22205009742919191,-0.742625143283976)
 (0.52678461304772117,-0.71972289848433979)
 (0.78463322207284181,-0.50210606484066855)
 (-0.40242794649058516,0.89826568290850761)
 (-0.92045569560469598,-0.59503419918211742)
 (-0.16639959142626704,-0.83852642578193559)
 (0.98626804116108913,-0.44045968162508348)
 (0.4941525458417908,-0.25759372101896738)
 (-0.22129921618374748,0.3198095834190724)
 (-0.95804674155092884,-0.74415911674074109)
 (-0.63924596714035342,-0.63985455113597944)
 (0.42082035605489393,-0.52348072071468688)
 (0.46142142203942293,-0.64928671704543872)
 (0.68731675900604461,-0.7669043664636056)
 (0.42214704668615716,0.6294138520579593)
 (1.240305277138839,-0.75971374877996722)
 (0.41320256758894114,1.1175283809058651)
 (0.66681549041346377,-0.69174761414864028)
 (-0.38885843665480718,-0.80006860921081735)
 (0.31828273666521273,-0.21555886175118905)
 (0.76930342718661637,0.90137496415641216)
 (0.31022734724955814,0.78599641943432419)
 (-0.86471639892307617,0.48548697561387177)
 (0.51965864220891966,-0.53816439667254568)
 (-0.64511778402231423,-0.43508158433826549)
 (-0.99535159215043867,0.86597673960374955)
 (0.70682608716042328,-0.51791211922572566)
 (-0.41582006462811,0.54975203980777998)
 (-1.1237110551611362,-0.4977532035727818)
 (0.6149495174098818,-0.72721703574740704)
 (-0.87453589265553699,0.54275708133147027)
 (1.1819547360610105,-0.69681392947270338)
 (0.61225105413211633,1.0389729678943329)
 (0.84756966303377046,1.0461791127349127)
 (-0.4094223833397117,1.189211751069285)
 (0.88608831524273857,-0.25253638032531106)
 (-0.60355743417095709,0.051390004117730814)
 (-0.50900746010847464,0.70636804635620876)
 (-0.18143192234297009,-0.051870858884420362)
 (0.36179403137764848,1.0490261538975418)
 (0.19800155843813788,0.80582742517520112)
 (0.53365580798040213,0.38209792607819099)
 (0.59504912571061819,-0.74476632462328951)
 (0.92578156006636325,1.0257979229018648)
 (-0.22563774600599526,-0.25449103661546035)
 (-0.35371369019955312,-0.59599340104366683)
 (0.85901509236777041,-0.69055533228716226)
 (-1.002829577407494,-0.72281009316299427)
 (-0.10187661991803329,0.17374519698673205)
 (0.066944543145648128,-0.38838718548202122)
 (0.32335274338437509,-0.49967192011461009)
 (-0.69129535444199264,0.37750927960357705)
 (-0.34011285804926633,-0.9865382194017267)
 (0.87237804453721268,0.63538655204034944)
 (0.58926326848748312,-0.1115775175903084)
 (-0.5829983642351525,0.68109737636202128)
 (-1.026316896565872,-0.62380417080788608)
 (0.42484833247854359,0.8970470369710829)
 (0.56476728891641903,-0.70895674082516891)
 (-0.83313359140817034,0.89850678263210537)
 (0.46366689656784421,1.292269062783165)
 (-0.55887927220628963,-0.93196051142051095)
 (0.94102617139713041,-0.62105456352511368)
 (-0.38696549293839361,0.21829453266785986)
 (0.028135982391195025,0.68461775898282906)
 (0.79794532921474037,0.42028672748017748)
 (0.019083165131641433,-0.73632298256530315)
 (-0.53940951068109766,-0.00072306289416662617)
 (-1.1617654317155706,0.50797433726365582)
 (-0.71017390662730673,-0.63645756647663765)
 (-0.59833314255229775,-0.64536362461720564)
 (0.31941905330958542,0.54510540643826833)
 (0.019505422188489163,-0.47748099293910173)
 (0.18986439714393838,0.95292549266297133)
 (-0.66176642750043357,-0.26809432586302939)
 (-0.35774605211302563,0.79252072172881571)
 (-0.35570873106533796,-1.1842825545541573)
 (-1.020026919650473,0.65372657082627861)
 (-0.6791442450348073,-0.1296733050667413)
 (0.69614275030681139,-0.91912933709823008)
 (0.24041449685241201,-0.78598106534516465)
 (0.28385004845214634,0.95959121866332475)
 (0.92840134075172831,-0.59282516464410706)
 (-0.98167752578595024,0.62178566523873968)
 (0.66440351774834538,-0.32272995450192743)
 (-1.0183313252907813,0.57547022122669178)
 (0.484251343610822,0.71907369921931386)
 (-0.71073299822373459,-0.43400042103481973)
 (0.24955194709334966,-0.39837024706387908)
 (0.91551800409389761,1.380863783170222)
 (0.45901484070940995,0.74635927521883705)
 (-0.67707760001668238,0.91162583766959682)
 (-0.14500785502882452,-0.38744385266574866)
 (1.0582721024096395,0.53866597715144426)
 (-0.1028914096524519,-0.2746630619384694)
 (-0.84342647473472654,-0.14134408586574143)
 (-0.2344939562769999,0.39118745315214487)
 (1.0710258881190859,-0.43060942568658078)
 (-0.40627147241802625,-1.2029849611363381)
 (0.20658245481190574,1.5225639470568058)
 (-0.079674544012068971,0.94702160103369182)
 (0.28302340989856456,0.9247438008085328)
 (0.96805038408859589,0.25388131529318819)
 (-0.077738628594348463,0.21259448521817967)
 (0.64388722383840036,0.25714936270969468)
 (-1.355392537533439,-0.15018518774888046)
 (-1.206850435395473,-1.0690917931405142)
 (-0.24737896498550116,1.4096199450068567)
 (0.016237607153558931,-0.81620882850596133)
 (-1.3036719928843095,-0.55972989058176803)
 (-0.77232448323608982,0.57466942599015369)
 (-0.065704892530425885,-0.72329955492633247)
 (0.9379528005869936,-0.78334646854572865)
 (1.1981944503943622,0.22460616324230676)
 (0.61001879310757479,-0.8001446585682207)
 (0.58370258527866459,-0.95884182380717164)
 (-0.78087359309844451,0.25951310566941976)
 (-0.11850822990962051,1.3027509432003646)
 (-1.0276398867878869,-1.2505809560243071)
 (-0.14020126566008712,-0.87978776641634049)
 (-0.66865798064906912,-0.22806205617342151)
 (-0.39815177606526064,0.90908689540673393)
 (-0.67464964669927063,-0.53825386299383093)
 (0.29761814363940836,0.36465631393923653)
 (1.1070230911957248,-0.65755580825830728)
 (-0.93898520734964008,1.0475558880875928)
 (-0.18418113654579493,0.79038834623318832)
 (-0.37977090050711471,0.50168912728200687)
 (0.3522989097486216,-0.50089936430325599)
 (0.62922436573667573,0.46499839184610903)
 (0.085303903350347432,-0.48273909274705062)
 (-0.99534807520447477,0.74473306266144745)
 (-0.65487830905419131,-0.55970207854206244)
 (-0.69619386413903039,-0.54841545687505899)
 (-0.45699843218627212,0.63109553543372088)
 (-0.81087488317344947,-0.24127994796082552)
 (0.42012342558787547,-0.76044059026971711)
 (-0.7442283420764324,-0.76441437767855702)
 (0.27557374834401571,-0.71469839701347571)
 (0.30218947633475357,-0.1911016037206611)
 (0.55347914953944,-0.46690267726113666)
 (1.1479463643204064,-0.3706662202796972)
 (-0.45209115670237282,0.38018527653429562)
 (-0.76088268109870116,-0.63149702714119116)
 (0.36959401434560363,0.39983795826642649)
 (-0.80283346892599416,0.055361016759600146)
 (0.74743518531660902,-0.13383127960210356)
 (-0.91748622484761699,-0.19758026688207475)
 (0.94604884553698421,0.54733749852758051)
 (0.93594879946554155,0.015748428811403981)
 (-0.90598150554962176,1.1913985887419583)
 (-1.0527449616744726,1.4207098458627647)
 (-0.5564501180784156,-0.19213564986536624)
 (0.34010663973340499,-0.13676630174152821)
 (-0.89361756036289508,0.80108486315640626)
 (-0.39433799544010845,-1.0959267548535891)
 (-0.7156690736306851,0.51090682046759628)
 (0.56779813395872092,-0.33928836176026284)
 (0.06361076058789783,-0.21682395424386558)
 (1.0445398739032152,-0.36152827365450851)
 (-0.70099808601702451,-0.6565587388211217)
 (-1.0862397631837548,-0.56002116526931045)
 (0.53079918048739849,-1.1494151976350935)
