# Created by Octave 8.4.0, Thu Dec 11 09:47:21 2025 IST <gamana@Samsung>
# name: awgn20
# type: complex matrix
# rows: 1024
# columns: 1
 (0.75848375693596071,0.69812823160857795)
 (0.56441560937067048,-0.72857540072258564)
 (-0.68324890766104962,0.63566579715239013)
 (-0.70161821768216859,0.68590366661994473)
 (0.66607459410656578,0.734570268991944)
 (0.71081035408677318,-0.62228864027084996)
 (-0.52458805645790307,0.67217006711601046)
 (0.70528877291949632,-0.58069183391453449)
 (-0.68558245029311526,0.890197343615869)
 (0.80510658027579829,0.75911933026789824)
 (-0.61364873429106925,0.73678079657991713)
 (0.72885214639043205,-0.7940819734343505)
 (0.78824500680223897,-0.65494304185813723)
 (0.78132306256494055,0.6378881615782297)
 (-0.77445592609127978,0.7064344266770477)
 (0.87157124421882703,0.62356123139214503)
 (-0.81157817182389436,-0.75797224039473288)
 (0.65063823779833452,-0.76784534411109895)
 (0.68047631651579132,-0.61421475569365225)
 (0.563711808704772,0.65090339196287694)
 (-0.62129259809748305,-0.70864324798104028)
 (0.72323359957992472,0.74593176187938148)
 (0.70871039485942477,0.66883526062118581)
 (-0.80437489328900325,-0.72256095811533472)
 (0.66378985677648294,0.75387300339894869)
 (-0.73171662916660318,-0.69753896365294488)
 (0.76097320518400413,0.71500627521228355)
 (-0.87006032510324116,0.6804809035139443)
 (-0.73431307478894059,0.67003688388370519)
 (0.64538175623653771,0.73146707896244956)
 (0.71850382093473963,-0.81353634746236447)
 (0.78580372061545534,0.78423954756872405)
 (-0.80660836818699211,0.7139287454591795)
 (-0.64058020347360656,-0.64673269632133112)
 (0.60996199382007277,0.65898321916198288)
 (-0.74807028573887424,-0.59092274879022944)
 (0.68002822204524094,0.75264619021604995)
 (-0.69894384941511578,0.73741263206553997)
 (0.55095630689308273,0.68292437685780194)
 (0.79445726286288798,-0.7169687252780802)
 (-0.61612450605573577,0.67980177967072675)
 (-0.84132658840163255,-0.6970800645024593)
 (0.80512585363850819,0.64700266552877017)
 (0.54005066960629622,0.66029035821348481)
 (0.73035399322125716,0.71351749898678085)
 (-0.79553028921897329,-0.74146019273887998)
 (0.70726362951331501,0.74720005756199281)
 (-0.61050015647532396,0.71790257081684028)
 (-0.74490203574704839,0.70956859899495783)
 (0.63543815751029953,-0.68949038191390344)
 (-0.68529401354830799,0.81936811037360746)
 (-0.7923107869687307,-0.62268121580343749)
 (-0.72482165741100946,-0.68662129339768685)
 (-0.66793879293423974,0.71441426133205543)
 (0.68645521358919126,-0.76942774429050653)
 (-0.64884087953965319,-0.71311524635336021)
 (0.78191290852632733,-0.68634701090548689)
 (0.7128664724285394,0.67525386672848353)
 (-0.65723463056926823,-0.66149685588491802)
 (-0.69723811587388407,-0.74481435270376128)
 (-0.76556718126447809,0.7392028621037714)
 (0.61419732646802994,-0.82187279467733887)
 (-0.6497206545535128,-0.71701915054205989)
 (0.62138075619467448,-0.63863785473808077)
 (-0.8112739748626614,0.58003080016785813)
 (-0.81533616906358009,-0.83499110857699732)
 (-0.72422459865682853,-0.61956783562830942)
 (-0.87937599842936931,0.66071923046013514)
 (-0.72000350398977386,0.73264321608199456)
 (0.66122526211256871,-0.75116135293088637)
 (-0.7248504052968574,0.72057106021468575)
 (0.78277829115466324,-0.66283304702617107)
 (-0.80127812211590632,-0.63953301453940692)
 (0.77855023452900485,-0.61542841243764124)
 (-0.78455439746770794,-0.67089224728620811)
 (-0.70299628095400557,-0.57604825306197127)
 (-0.67509981057205104,0.78785076572862001)
 (-0.69145795490715523,-0.63188396935046753)
 (0.67997595547194556,-0.82093819518216304)
 (-0.752508743164092,0.8754342921406415)
 (0.62499191772394846,-0.58362632998454378)
 (0.70972342031624291,-0.64761560611323654)
 (-0.74471247600463863,-0.73081693469994435)
 (-0.77287439131784486,0.7392008397109987)
 (0.70514068228499238,-0.59616084853137941)
 (-0.81334652059901791,0.95663409722303294)
 (0.70639093760518346,-0.6403174810966149)
 (-0.56674991994894641,0.72059233744777562)
 (0.79224335901371457,-0.59721072321518509)
 (0.86184269002383684,-0.64703415319680535)
 (-0.67765107488634835,-0.74331768461454661)
 (-0.71422843636445676,-0.74142815223156622)
 (0.79089818091784791,-0.79362146587382654)
 (-0.72076629142352067,0.74977573849059698)
 (0.79843139620932346,0.67299285050872426)
 (0.74148971931211516,-0.59520065496457319)
 (-0.75307574801642652,0.72099805568034647)
 (-0.71737279125633335,-0.70931657569991768)
 (-0.61244194977253286,0.78135727406454758)
 (0.68615644013825627,-0.73706022852917141)
 (-0.79885258961319316,-0.67066244224005722)
 (-0.65328783605055096,-0.78006738357635086)
 (-0.70499261382064271,0.67756462777253768)
 (0.76740742688255015,0.63503817816194119)
 (0.78703014456341214,-0.73627452367671975)
 (-0.77070585235086153,0.76861626236333169)
 (-0.87395157615016583,-0.64921645414643481)
 (-0.70803895363481528,0.73478838010839775)
 (0.84034843607569976,-0.77134103141190558)
 (-0.75882963796841851,0.59143738035187987)
 (-0.75487248742485002,0.59268172840235245)
 (-0.71559518118892185,0.79389563619567194)
 (-0.85774609354063247,-0.66277344146958272)
 (-0.57374504938198811,0.66537073903825217)
 (0.79131606497135087,0.70274720116076983)
 (-0.7837567125426893,0.70123243895979381)
 (0.73895305094503982,0.75116013284234073)
 (0.78583162851120769,0.64492081141147251)
 (0.67765543478041135,0.63679413455822254)
 (-0.64381316188127791,0.76974281069254435)
 (-0.67323869703680572,0.6301520785738508)
 (0.75120625403814278,0.81408345258051285)
 (0.80157424694313428,0.71369291986392613)
 (-0.62350204699414058,0.77774616987171952)
 (-0.72864858437525237,-0.75812549146835018)
 (0.67728638733685487,-0.68849088216652132)
 (-0.68980432242055012,0.68016033154758571)
 (0.60702482751552322,0.74573773607248584)
 (0.64521792699214064,0.80095736305047627)
 (0.69116433613015549,0.68504441676458072)
 (-0.70241809744314032,-0.6573287188612994)
 (-0.67887225303881049,-0.70626342726430458)
 (0.70497133480397722,0.78790144778884308)
 (-0.77511255135692081,0.7736203915378268)
 (-0.6275604571989799,0.72107431476440631)
 (-0.82175116386325109,-0.75974870717113308)
 (0.70294000447550631,0.65203534922108164)
 (-0.69453962733937358,-0.68923547578489641)
 (-0.62404147398692822,-0.72833404258443291)
 (-0.69972340242913966,-0.7116879390646158)
 (-0.73477213552262932,0.7160079304858914)
 (-0.81849049511849414,0.65400246976236687)
 (-0.70404094978791643,-0.80290976011571713)
 (0.69767065498212988,0.68765349355588068)
 (0.75340372500036656,-0.59647796257771379)
 (-0.74988840408459578,-0.69394897501484798)
 (0.74922475879015837,-0.68126969956681216)
 (0.70660531818196903,-0.70419908822524191)
 (0.67514734159930734,-0.60650369736598808)
 (0.59203900270772214,0.65763580579475089)
 (-0.74692109360368741,0.75451773056309901)
 (0.67633671768279346,0.80989209849845822)
 (-0.83939761003543345,-0.69528724193856584)
 (-0.72878696021029377,0.76237108999711101)
 (-0.67750958259118987,-0.79592717755212716)
 (-0.7404656193319421,0.64875486359126522)
 (0.78219456525731734,0.69041454077936337)
 (0.63975829610583668,-0.71302281344450713)
 (-0.58097344480637647,0.83225097141555215)
 (0.79856861864367479,-0.7389858953907138)
 (0.71881741851714154,0.70584072710169588)
 (0.8054703193723689,-0.75753043625070926)
 (-0.77194234049331978,-0.72943053297515359)
 (0.71118188134051508,-0.7926792145856425)
 (0.69128380275153722,0.68948010744453458)
 (0.69625884636587443,0.64251052466327518)
 (-0.68687988649818188,0.67690920425007006)
 (-0.62889273017289415,-0.69686643168930973)
 (0.72057934665182399,0.77655169199476937)
 (0.65850603317545064,0.61046635492848944)
 (0.6790188219873885,-0.6511769112847946)
 (0.74436319010666918,0.65249736832621408)
 (-0.7702244240908942,-0.63268671904773932)
 (0.79209953185230919,0.73828758827362195)
 (-0.67708023420469643,0.642233818378253)
 (-0.74861054555811379,-0.8546698953745584)
 (0.68481347303885665,0.70737885352951291)
 (0.8123201729672197,-0.76883557369362354)
 (-0.59307952149259469,0.76536683179022968)
