# Created by Octave 8.4.0, Thu Dec 11 09:47:21 2025 IST <gamana@Samsung>
# name: rician
# type: complex matrix
# rows: 1024
# columns: 1
 (1.1013170759539062,-0.67726735826802864)
 (-0.0046966142055621385,-0.45066543048920904)
 (0.86107738305562109,0.76022988334117292)
 (0.27479722231531023,0.1346757352834464)
 (1.7533120087936096,0.60361886816579446)
 (0.91546572383482849,-0.003241622147700296)
 (0.69904686263229077,0.74924842723653651)
 (-0.20218846275456354,1.0845746329431689)
 (0.42975866040697375,-1.5837613224185763)
 (-1.1722203922573469,-0.61021412115802298)
 (0.19910206635919614,-1.0036702382717246)
 (0.50644883133182028,-1.049507707913611)
 (-0.97602947443506904,-1.3448930880577064)
 (0.88786311914520566,0.46469324324859185)
 (1.1976014711888123,-0.95470646430625261)
 (-0.59622275854828399,-0.44063073969721694)
 (-0.017761608518437277,0.52913408619551605)
 (0.81359229845922942,1.287968991953959)
 (0.34077590145091452,-0.43018863720015132)
 (0.85652981685717577,-0.077087104362473402)
 (0.61038993953821163,-0.64628406094470703)
 (0.011477881719947347,1.0454317282929351)
 (0.36695833765316177,0.075400175694679189)
 (-0.77523102151163259,0.63587302605289298)
 (-0.37161356118622069,-0.66131422166137999)
 (0.3317540399655432,0.30112631143295265)
 (0.031964347823434741,0.35917784883566106)
 (0.86217361536744186,-0.75236293172802793)
 (-0.73245639543866814,1.121934459965221)
 (-1.0028592435496708,-0.8288651614155621)
 (1.1471107823818527,-1.2471927479672846)
 (-0.77424282462214755,0.68327301034239363)
 (-0.19210039809333754,0.56128219079534569)
 (-0.29085470599111463,-0.74615952555158249)
 (0.34856745010501394,1.019307048290661)
 (-0.75846585507176512,-1.0559483402634116)
 (-0.44752222636510003,-0.46582611200821628)
 (-1.0115959989285046,0.24857988403234887)
 (0.46502829582623251,-0.56154691803356693)
 (0.98446458251473434,-0.48508148809073515)
 (-0.72399359335219382,-0.31825370808250686)
 (0.91112927204444194,-0.74491445229499043)
 (0.50025078101974052,-1.0977197746810712)
 (0.78477457437207021,-0.010716847308522903)
 (1.0324846864848158,-0.93194474102487268)
 (-0.54448418391102027,0.1773654919801595)
 (-0.51338325346933222,-0.014831517970639668)
 (0.79522405577479172,-0.85219993512736669)
 (0.020412202957998671,-0.5923886794297053)
 (-0.75542697890746791,0.75640660000399706)
 (-0.83489866386622513,0.76164375135356821)
 (0.44395641797979601,-0.64789456698672099)
 (-0.36961540926542547,-0.18111088602376424)
 (-1.2704124416830933,-0.25943215916068429)
 (-0.67515439776260233,-0.99755450879894625)
 (-0.36236354142401489,0.93999050375899573)
 (0.53390816428858456,-1.285905073022739)
 (0.051902038995776972,0.10361304673252497)
 (-0.25390954729903153,0.93735046706514713)
 (-0.69766150845948305,0.69076677819927679)
 (0.27549262059432589,0.12467775989462632)
 (0.8441713794965483,-0.22159490440370344)
 (0.28512521348311526,-1.2904983905150351)
 (-0.88599778448956301,0.60587918326522261)
 (0.5717164119978414,-1.202513227941493)
 (-0.26980453627722434,1.1294693876484048)
 (0.53706075845774726,-0.93779696562140902)
 (1.3902172276747886,-1.1250674885185288)
 (-0.59529850631995707,1.0368837801453783)
 (0.12103919519069276,-0.21949179627200752)
 (-0.15706423108980377,-0.87605861345547975)
 (1.0551201144994842,-0.68119845566143911)
 (-1.1208548048791851,0.3545367786833743)
 (-0.24213160458850716,0.24356517241180461)
 (-0.35697179295518444,1.4332527243269291)
 (0.60897546107637079,0.86552556083051513)
 (-0.75671517037672098,1.0760340077203912)
 (1.0435074647183746,-1.1706283530515689)
 (-0.48040806413466763,-0.78461908672914349)
 (-0.88264718099360784,0.23305673307190283)
 (-0.32668464077047921,0.12514570342424203)
 (-0.43866973885442995,0.9774494758726443)
 (-1.2830918613239808,0.063525941571885847)
 (0.084589232959738164,-0.4013069767328894)
 (-0.91616194140555141,-1.0243612121034191)
 (0.69392208568621561,-0.24821210199934951)
 (-0.38792752865772118,-0.87354378812033551)
 (-1.0810255843369576,-0.25520100486619501)
 (1.0595896657315227,-1.447977523184079)
 (-0.70360551828853946,0.38341209869580695)
 (0.32591752181376982,-0.65280567292967828)
 (0.35167356538220862,-0.81534563985349584)
 (-0.30680180418477376,-0.87135599727615864)
 (0.29997575734014459,0.45268384985791554)
 (-0.22651101564368681,-0.48225219980292722)
 (0.36769598074613796,-0.66897775588195896)
 (0.76070841925486865,-0.5507844598310413)
 (0.11044736756884635,-0.50004519790208368)
 (-1.0718559767486069,0.086122004144433884)
 (0.52906842103959628,-0.43861573891388672)
 (1.4076669170149434,0.64621763899020357)
 (-0.88768391948329306,-0.46211128776408539)
 (0.50786999233723451,-0.46062073082649302)
 (-0.28017649659788285,-1.0115156603826874)
 (-0.55060857350030512,0.89000863395913099)
 (0.96670405340483379,-1.5986120012959195)
 (-0.70695509014459912,0.14257074297329619)
 (-0.53519898966237478,0.61533696118175762)
 (0.61715076281844428,-0.86176567056305586)
 (-0.45924611708986252,1.2947959410314118)
 (0.3665587841736847,-0.82328021367232906)
 (0.6410270167239287,-0.62519972522498635)
 (0.55298099426288994,-0.41201676153948286)
 (-0.9295597112987084,0.24594432001359362)
 (-0.85829172839394419,0.80683487514946473)
 (-0.32110625491355466,-0.30948949810854415)
 (0.51442015992125478,-0.71331670219229326)
 (-0.85352213311334157,0.60009796448145836)
 (0.54097943432544005,0.85949725545594668)
 (-0.26566048306759954,-0.80394394103153122)
 (0.24284760606489253,-0.050029447388004356)
 (0.77506580551032012,0.49747306588695678)
 (0.70244315864020312,0.76183912092632622)
 (0.51239155012320492,-0.49688145131931333)
 (0.94223269607142091,-0.84096336538100713)
 (-0.71875040376713695,-0.60728633976061752)
 (-0.33041824903219363,0.92478952756860067)
 (0.7550333890768739,0.51700851218466481)
 (-0.44839249464343178,0.62498420270766319)
 (-0.62328832844484128,0.88365064853729891)
 (0.67745561977914714,-0.61337768778415114)
 (1.1235498031770297,-0.45638242688621827)
 (0.64482776585537527,-0.90546300544352698)
 (-0.35809829904782381,0.8111947615075803)
 (0.30113554124856207,0.58450318241161825)
 (-0.3818236456751809,-0.11481057102311396)
 (-0.67162274200512739,1.0491106034270117)
 (-0.24868391648240001,0.33654359403626638)
 (0.076171606563784688,0.61946810849672351)
 (0.83959092376009026,-0.36364489683348888)
 (0.83849542455400994,0.55577481827035347)
 (0.61348184527047389,-0.52975672751729574)
 (-0.46224594674160457,-0.51969955677535851)
 (-1.0915289639362158,0.62937378928455934)
 (1.0799277861084131,-0.60990759859922061)
 (-1.1328085533757972,-0.73560453939983528)
 (-0.9547474058555685,-0.79950475367724616)
 (1.0551773748808557,-0.42370560772687094)
 (-0.493237729378044,0.9278169246629383)
 (-1.2083155565055042,0.89966540069873069)
 (-0.47536162717413633,-0.63538822169910536)
 (0.082430473588569197,0.96487134451468748)
 (0.74847480785369425,-0.54822237233227455)
 (0.7819120770035316,0.73641979455362094)
 (0.3012972714146448,-0.5267504858562293)
 (0.59425496551747281,0.24147718729958956)
 (0.82323235571437592,0.56911384133838339)
 (0.93165649992627952,0.14038916077497721)
 (0.6005337507428069,-0.68086862313231833)
 (-1.1610842414441418,-0.67012980475733563)
 (-0.54399066606657076,-1.4983648386509705)
 (0.14403958355621493,-0.38706098680460943)
 (0.25615994032671741,0.72017996082570224)
 (-0.86008978403199632,0.7208548316341794)
 (1.1844493245508834,0.32085898075279184)
 (-0.83165899997390969,-0.096147875630051061)
 (-0.2466585426967956,0.69916000073097639)
 (-0.97046085928491976,0.45371065366789415)
 (-0.32161809226185389,-0.82153871615041729)
 (0.78547988530216539,0.020005972967688745)
 (0.16022799307325908,0.62446891159648488)
 (-0.79159778364107092,0.60572587730946725)
 (0.46966774965996799,-1.4388215985559294)
 (-0.53815826119289756,0.22350595655514827)
 (-0.37928011778712334,0.78505573023805242)
 (-0.28327263419005222,-1.1361712713242427)
 (-0.34666274382076495,0.45271858964726125)
 (0.52675003191643244,-0.43627748798679616)
 (0.74569706820227122,-0.85265787685800687)
 (0.91274911897570155,-0.75182963880351683)
