# Created by Octave 8.4.0, Thu Dec 11 09:47:21 2025 IST <gamana@Samsung>
# name: awgn20
# type: complex matrix
# rows: 1024
# columns: 1
 (-0.72083204873260232,0.76050732797504517)
 (-0.79693184736080169,0.60409338378481436)
 (-0.68782334886317698,0.64414352961934618)
 (0.62209017652631649,0.55308977904018364)
 (0.67688153575924337,-0.75488113686883129)
 (-0.73009712489739476,-0.78663437939614678)
 (-0.72946064276164402,-0.83947433289490259)
 (-0.7783992262546946,-0.79602395538101733)
 (0.64263268069153479,0.71631361651909053)
 (0.57676219013779406,-0.71429239030444702)
 (0.62892061651498699,0.70526037788953688)
 (0.55695068270201253,0.71015978344901709)
 (-0.8371187798070765,-0.65103122238929056)
 (0.59099832747885572,-0.72833497753558896)
 (0.67241647586159103,0.70241529555435833)
 (-0.6356994031773946,0.76509132596032747)
 (0.78132500068130151,0.76865320035921303)
 (-0.71858836328449605,0.69162905289171794)
 (0.70713913768631287,0.76862316224015736)
 (-0.67907838110401497,0.84066350233741116)
 (0.70298204046356083,-0.74096251768540511)
 (-0.47267269749140284,-0.73623670424923471)
 (-0.66198510822769407,0.67305594804606539)
 (-0.65165570417737828,0.7048521363590553)
 (0.78252906633709307,-0.70183078766641371)
 (0.71078106899557414,0.75154657401846259)
 (0.75983849743576326,-0.73433314646600101)
 (0.673606674642237,0.80350648512976663)
 (0.8706010506874986,0.61480060023750238)
 (0.60647244390013166,-0.69050612020441737)
 (-0.58276536469300544,-0.72645705324199772)
 (-0.67597321609929162,0.70141323874358885)
 (0.5702641634962603,0.81706212377943643)
 (-0.69259075665071468,0.83354613968597513)
 (-0.72452682313765659,-0.67048078481443796)
 (-0.7187337635607377,0.62896980433489236)
 (0.7903528824711159,-0.7462554664529002)
 (0.58546574717670741,-0.69161726834472659)
 (0.63308322410538942,-0.6678578242655121)
 (0.63843760768451197,0.60833797360986264)
 (0.77513680520978212,0.72331011193793493)
 (-0.67983326552915502,0.60004733112999364)
 (0.60795024855683422,0.79428035840279909)
 (-0.6367491587109031,-0.63368818678778427)
 (0.69976481795555578,0.78354247004353439)
 (0.58102750536162928,-0.67555253085494016)
 (0.72974255174973923,-0.70553922653845147)
 (-0.66134786944793222,-0.69455728690223995)
 (-0.76126876831073353,-0.6981447741337824)
 (-0.77159098385175073,0.72842898297548442)
 (-0.70340590712673223,0.72131299772256829)
 (-0.70757665004832904,-0.66999687955338427)
 (-0.81590501503856938,-0.66986579568478055)
 (0.75357706117539525,0.74832450367081993)
 (0.66064722113496921,0.74277693614936269)
 (-0.71612678832472554,0.82692861892779479)
 (-0.61772641018507624,0.71863862153612523)
 (0.73520527408008751,0.70238412685370699)
 (0.69092901369449156,0.68531281370531216)
 (-0.68841449423944512,-0.67624981417799856)
 (-0.78137224329818866,0.76887072519242039)
 (0.71494852680891519,0.73932555443778802)
 (-0.79569222534688899,0.79307406822551663)
 (-0.68752453159381,-0.71894910446237381)
 (0.74396806627011991,-0.6163785989696936)
 (0.71185336839870517,-0.69001952789984311)
 (0.80716963162631583,0.73598145966756401)
 (-0.6766554250973692,0.6419263570522119)
 (0.77239612034483518,0.73802671276990062)
 (-0.64789163498379743,0.63144689963972112)
 (-0.73979284949437663,0.67367984239341527)
 (0.71357089117310191,-0.7651606419660224)
 (0.60702106701847769,-0.65971739187186051)
 (-0.66695765232746529,-0.78490680044225658)
 (-0.60603613370042964,0.73515776674517963)
 (0.78776993174182541,0.7337706441829025)
 (0.73346688572959495,0.80534476604372962)
 (0.7083924253368884,0.63907030502343609)
 (0.61431624660025874,0.80904418408584167)
 (0.67045151568764561,-0.64723562775884769)
 (-0.71820876090770158,0.67326670761947738)
 (-0.7061469338709121,0.69843808632141613)
 (-0.79405171843213163,0.73687488792128408)
 (-0.65530973364860157,0.71652702266255686)
 (0.74448562058778556,-0.65365836415743861)
 (0.68595861010634041,-0.73131460212282906)
 (0.70519622264848369,-0.78658545195058838)
 (-0.73360650992308174,0.66078721316712763)
 (-0.65009793013940509,0.83320598126749756)
 (-0.6733264303906098,0.77564289261586483)
 (-0.66105278969294823,-0.84576320210620648)
 (-0.6727875834866246,-0.79772497113087038)
 (-0.63423053247543237,0.67514013067842393)
 (0.6900975209473037,-0.75722395092082428)
 (-0.65961138372095673,-0.66974452115204952)
 (-0.73421598126603471,-0.60395089241683364)
 (0.63271201340778416,0.8309592814662754)
 (-0.76157972561298792,0.72951456284521399)
 (-0.67653171132157053,-0.81961964533521225)
 (0.72963800155980696,0.76305925568023059)
 (-0.76972274954605147,0.71982736453378116)
 (-0.70371618989688411,0.63453012374504758)
 (-0.69719054782025736,-0.743853718388369)
 (0.7182057801973275,0.74767285327806465)
 (0.71151886081584614,0.80264605474098438)
 (0.72786548769601889,-0.71498598768877253)
 (0.66110325651392077,-0.58044352302050228)
 (0.73698666158052173,0.71537627612927168)
 (-0.76379245381877081,-0.74588826918735285)
 (-0.72418798184105593,0.5592562306830885)
 (0.67933811214683248,0.70596562697345044)
 (0.71042535773913373,0.77790560192128388)
 (0.74985926858900565,0.64157332745035267)
 (0.64280236556212744,0.66771798232222779)
 (0.7272175235103685,-0.72455730683829778)
 (0.69810571869902449,0.5525581941178539)
 (-0.78758275260130173,-0.7338339546617545)
 (0.53761675933901243,-0.68108596586946646)
 (0.60251444533903609,-0.6380136903621435)
 (-0.76594594482598533,-0.55955031941426814)
 (-0.55462440591207474,0.84377440704491025)
 (-0.67827017749089769,0.65685418609791324)
 (-0.73744322415725982,-0.75479951916251586)
 (0.76620267828314936,0.70608216077265595)
 (0.7386126877544662,0.69206080875353504)
 (0.70097199801578902,-0.62089663105690662)
 (0.79543932633431291,0.53412495099269197)
 (0.57823632451212159,-0.68558341205648499)
 (0.79433037930825923,-0.70704136973709042)
 (-0.69605034839790803,-0.66354226980224029)
 (-0.65151063531707054,-0.62387793090243859)
 (-0.71402709230619321,0.73672492048036053)
 (-0.57396377238461371,-0.62103784103435811)
 (0.86779044096774505,-0.77434053337244912)
 (-0.64203419007914253,0.73644608571403603)
 (-0.71298631843755744,0.64386338141169375)
 (0.73150730079844262,0.63176698335025339)
 (0.74143007648322257,-0.73892338724288842)
 (0.60996225654181524,0.72460103110176921)
 (-0.66211485060600384,0.56071214993122753)
 (0.64660048143949811,0.62701319296669911)
 (0.73467121283761538,-0.64951520706929833)
 (-0.70278835832485964,0.75016097992810438)
 (0.5467839400333574,0.66567972825012878)
 (-0.70913781063481407,-0.84530776858882184)
 (-0.66272895780576047,-0.57244162272571431)
 (0.81117522651257468,0.5835647432870954)
 (0.72187453722914974,-0.68349242168490021)
 (-0.6418980180914502,-0.70777447500098112)
 (0.7462923357242417,-0.77896662925398719)
 (0.73728076789074237,0.65018280743421952)
 (-0.76056794972579489,0.70743967994129697)
 (-0.67039036295319321,0.7120571407610603)
 (0.71674490125657642,-0.74338294219437195)
 (0.82148458587501794,-0.75496713011894723)
 (-0.58940196601599337,-0.71417379745971776)
 (-0.63819021918569951,-0.70809954008799614)
 (-0.71264750527549237,-0.63561257992369702)
 (0.71354931753075379,0.68819590498906302)
 (0.71388845578349003,0.66654614597551831)
 (0.63540797737921317,-0.80052226145507588)
 (0.68523744485165827,-0.71288140372259745)
 (0.78069591901743607,0.64847666823153882)
 (-0.80126140994919215,-0.64021500447107016)
 (0.7169193004128116,-0.58432772029128677)
 (0.55533236944968112,0.62864596770118231)
 (0.70023615749579249,0.6124693202759095)
 (0.73199091305370878,0.74285149103819115)
 (-0.67220505326707369,0.75228981831144737)
 (0.71514034529949055,0.83427929574258275)
 (0.75903305224208384,-0.63103522525755518)
 (-0.65792711859357444,0.67310262501711349)
 (0.66496072865849232,-0.62329664574624499)
 (-0.65282450135224901,-0.67808385351434997)
 (0.68093718004151604,0.69848546972730097)
 (-0.68986502664078797,0.68005658906070665)
 (0.79830701801966941,-0.76730301096737652)
 (-0.73794691308025517,-0.61071370163629934)
 (0.80996548263198798,-0.75770967572032388)
 (0.58769594468468367,-0.73400555009006174)
