# Created by Octave 8.4.0, Thu Dec 11 09:47:21 2025 IST <gamana@Samsung>
# name: rician
# type: complex matrix
# rows: 1024
# columns: 1
 (-0.65267535187437975,0.37657401282055547)
 (0.3013500936491304,-0.26610904103849026)
 (-0.68557301146578786,0.67598430293405687)
 (-0.24963983054621736,-0.24012111444398981)
 (-1.1201575434177966,0.95742189122808674)
 (-0.92001055619774685,0.92376005010179341)
 (-0.30678958351400332,0.15972040671097656)
 (-0.582188778848579,-0.32373473941942377)
 (-0.71472676830562154,1.0279704030813426)
 (-0.77327868813442735,-0.72788037082169832)
 (0.30388995976288163,1.2442247521530623)
 (0.41265228850482411,-0.51765878704466362)
 (-0.38360248331376623,0.7296281453466541)
 (-0.51969394993039153,0.42617101073057817)
 (-0.23369800882465758,1.1537070851024409)
 (0.65680668243100804,-0.45682169791669974)
 (-1.2599813941282574,-0.17171735913472641)
 (-0.67384973749525434,-0.22006805938917035)
 (0.33098535881593472,-0.80332674858789133)
 (0.68383891273903008,-0.59744000778111284)
 (-0.92538008825288265,0.36834603228911611)
 (-0.18010321334437307,-0.5620819926834798)
 (0.13823283932538549,0.3912360092155131)
 (0.99920251793923809,-0.77112544486692558)
 (-0.13263018138492644,-0.062285013876895848)
 (-0.91816230395587684,-0.26821424412996003)
 (-0.62215419394020521,-0.28675709221122392)
 (-0.64542081803791196,-0.78014854604815009)
 (-0.23600976467161844,-0.36115092194183057)
 (-0.85879402702115026,-0.46576427594634701)
 (-0.32150683673192926,0.9912735413616155)
 (-0.39703271687117592,0.39450224785437082)
 (0.96284418396702032,0.45939394650355841)
 (0.20703282887339985,-0.57669726093552254)
 (0.91085734546627273,0.63628439708770212)
 (-0.36812160733861327,-1.0351763831879863)
 (-0.46931320492338258,0.67781538768491068)
 (-0.89066602715840748,1.0565771242398301)
 (-0.35467808683351987,-0.81843629755350411)
 (1.3959388536894424,-1.3296282295959028)
 (0.39773755111525977,1.4240416164672998)
 (-0.38431356092187086,1.0728767793665182)
 (0.88250686062070649,0.85737609068104836)
 (0.58595264974157901,-1.0894166335042863)
 (0.5807006821485452,-0.065624105676601263)
 (0.71464510261194225,-0.20929704565753632)
 (-0.87455285803985139,0.35485344890066434)
 (-0.1621597681336614,-0.22421341885523033)
 (0.41113932516182233,0.54004541669469064)
 (-1.0357364804634366,0.19637135899940972)
 (-1.3579077353563198,-0.67487866047422729)
 (-0.63181620210215184,-0.46824079441311306)
 (-1.0900963442171858,-0.27086933105987249)
 (-0.5140543144412788,-0.010669119370100233)
 (1.1136329351665264,-0.61840282028897597)
 (-0.38485621545544441,0.31547985815558016)
 (0.32855701076821614,-0.21340635715739925)
 (0.07935970606380538,-0.71365058746245047)
 (-0.7914522434962924,0.70475750664859549)
 (-0.9618725925938636,-0.43000211108845771)
 (-0.53514339318613979,-0.03635647161472455)
 (1.0835667236456379,1.2617661021191178)
 (0.45842744477153258,1.311668960246789)
 (-0.81267523234499051,-0.28903643711294602)
 (-0.71184314618508149,0.90104317175429471)
 (1.1451168267231684,-0.75849391069336802)
 (-0.7520494096587711,1.0634119552756338)
 (-0.042973183993240627,-0.58141989629128954)
 (1.0737587100492392,-1.3511162036973432)
 (-0.069888801073519358,1.2250783534753742)
 (-0.73740314368403448,-0.38709019728006117)
 (-0.51776488336688453,0.47627151372695664)
 (0.98860144901886549,-0.32585025962205377)
 (-0.49664223776561012,-0.68680125604236619)
 (-0.37933504731516754,0.12090321430293485)
 (0.29992995403988243,-0.32312755885212852)
 (-0.39635017802565342,-1.494329919960411)
 (-1.0168368517736479,-0.74690164542468085)
 (-1.0179380690785675,-0.68057893310796158)
 (0.52948376028949129,0.218707806666631)
 (-1.1486311416743782,0.94774087252597927)
 (0.49023979513988475,0.40410611098450816)
 (0.71355127780712957,-0.18392116983658374)
 (-0.38835252660322905,0.56578492924603041)
 (-0.56561489996952408,0.99930465246835287)
 (-0.77825580576339015,-1.3108349059439901)
 (0.49129502978287637,1.0938089032961213)
 (-0.68373244383672516,0.57065975901935428)
 (-0.76853730680242693,0.94610670509206185)
 (-0.92871932151171188,-0.81929895554312415)
 (-0.12490232469087026,0.72964637009466116)
 (-1.0780344994794233,0.77847068354169946)
 (0.72586929150994695,-0.78602549090828089)
 (-0.88930235208198749,0.34073904850894021)
 (-1.430905857309122,-0.00013654820689756875)
 (-0.73563869957463113,0.20001060476290072)
 (-0.45208186066211359,-0.72124854260937998)
 (0.1721317987585145,0.46932620611135167)
 (0.41409642082933995,-0.72216411078848119)
 (-0.24049563779849265,-0.65045181292101995)
 (-0.084260023874492815,0.24408206846804792)
 (0.46489293882496791,-0.018508704004157106)
 (1.1229719931234421,-0.92445105450184317)
 (-0.36095613462168447,0.6305753789869275)
 (-0.41262150522120006,0.89679135682344091)
 (-0.81529693033764161,0.18950865444148857)
 (0.67038882648809439,0.57410784076190113)
 (-1.0322498821843029,-1.197591843195611)
 (-0.43732087585886786,0.49368391608309187)
 (-0.66043890298758601,-0.089150795794881943)
 (0.8502063561655171,1.0231085123220534)
 (-0.23415515350665053,0.38763282567980073)
 (0.21508682209530738,-0.74010825815357884)
 (1.0758540365808393,1.1169659864405688)
 (0.38277899103814716,0.021173012725034884)
 (-0.67953144630717144,0.59604213778121451)
 (0.29398996083010842,1.2979460267593719)
 (-0.56388902784396544,-1.2216005708349622)
 (0.57485998678439909,-0.49710191264477094)
 (0.51973108841739935,-0.2061525096693628)
 (-0.78410679256077476,0.65342796596124186)
 (-0.4443883639823234,0.28262606723792838)
 (0.79808646026349306,0.55779309665686483)
 (0.32200223897603064,-0.6906564811125615)
 (-0.48294933089556846,-0.76243565311229966)
 (-0.60340167456996729,0.26960065838673541)
 (1.1818290886633187,0.21190330772887961)
 (-0.64129448300701619,0.47195034492393351)
 (0.5842676533750859,-0.66840487134029969)
 (-1.2776271485488853,1.1147295294225918)
 (1.2741577649140732,-0.47454166028791495)
 (-0.79471193959525277,-1.1688400940331845)
 (0.46359403484199768,1.2753840762493303)
 (-0.7923247001291166,0.95038117065774952)
 (-0.50332127230305612,-0.19030672919419356)
 (-1.1476504593473507,0.43223897429595559)
 (0.8380449036270915,0.029106699536638359)
 (0.91934007496367642,-0.333488389284256)
 (-0.34162862195270216,0.72704848836841485)
 (0.71903855271528694,1.0177852608916778)
 (0.6017041794782626,0.22123505182532111)
 (-0.37790753903175839,1.0711748585877909)
 (0.017856395896017917,-0.1291058777018643)
 (-0.59807893096526232,0.40602769913335202)
 (0.56312900438052682,-0.58461999099682482)
 (-0.81863474469339237,-0.61608429949416488)
 (-0.42751490332552,-0.24682077935068583)
 (0.46661548276699916,0.80346925805931313)
 (-0.56320348990732105,0.35299926853495284)
 (1.292171970613073,-0.78810332682991091)
 (-0.87235681771256712,-0.6104212509095035)
 (-0.73530608147793119,0.31766457564039541)
 (-0.13286560528585162,0.80337950392998114)
 (1.104247647277697,0.57616454595038968)
 (-0.20534692313842723,-0.941817988881956)
 (0.018519967684751948,0.64637367246675104)
 (0.72722037933828121,0.0049002807329700526)
 (-0.13229524650715838,0.42382441986806707)
 (0.28676541214224349,0.50083516972523201)
 (0.33171023091518592,0.85875997137563032)
 (0.41212526016906714,-0.51624979683155059)
 (0.47282843523708173,-0.16788997648074655)
 (0.84579125830514146,-0.9001554285813762)
 (-1.04859750198561,0.90905467561864761)
 (-0.3298401007768495,0.4700491027451173)
 (0.41019541165616247,-0.46830523694410875)
 (-0.86432647985127997,0.33304241077145585)
 (0.37719067569459008,0.38065970039824482)
 (0.34487005803127219,-0.61216314886982803)
 (-1.2625981055969167,0.13950435047296317)
 (0.54937703163857521,-0.36595269778981565)
 (0.4964425419652212,0.40136253274368761)
 (-0.062181956008477424,0.46957974234184807)
 (-0.96327195700276702,-1.1001619215087413)
 (-0.4996912856334087,0.38034988588116936)
 (-0.055803581390158702,-0.42094839268356121)
 (-0.30121587176677894,-1.1364543872300161)
 (-0.98144058105830745,-0.29861953852853651)
 (0.36689903924524692,0.48033027464145028)
 (0.068658092066088305,-0.97572957779618996)
