# Created by Octave 8.4.0, Thu Dec 11 09:47:21 2025 IST <gamana@Samsung>
# name: awgn20
# type: complex matrix
# rows: 1024
# columns: 1
 (-0.76504096899530905,-0.7485761197603733)
 (-0.72734967278070428,-0.74244588999950367)
 (-0.71634827669942924,-0.56309498632826804)
 (-0.64217813681842395,0.62279665088130742)
 (-0.54239749505056578,-0.8473815775000213)
 (0.80029390645616938,-0.7195769126186714)
 (-0.73896778436850441,-0.7067748263533945)
 (-0.74761098454475272,0.79749653439285462)
 (-0.71249749566713749,-0.60940784528569059)
 (0.65793607240159491,0.66423125507980985)
 (0.67069928478578256,-0.72911554431612369)
 (0.74049798228754748,-0.76089986861490355)
 (-0.74806705166730469,-0.6751828370234576)
 (0.66755640570019026,-0.57485718096452199)
 (0.56934184341679961,0.6040292274842447)
 (-0.79717362910898559,-0.75722997346275411)
 (0.66411732079789609,0.78326624525077904)
 (-0.65230252163978231,0.735004660247217)
 (-0.74870142975365095,0.78128748747754828)
 (-0.82252404863267314,0.8027761527929016)
 (0.84312905842249763,0.68838963299745848)
 (0.65354634312960036,0.73342191465248996)
 (0.76730114618212131,-0.80573613999540639)
 (0.71590660938206363,0.72300617948529711)
 (-0.63053620734817084,-0.66879933366139988)
 (-0.72390500457369122,-0.89080529293432087)
 (-0.71750654779890544,0.58707186268515166)
 (0.80646384207816779,-0.69181886347021704)
 (-0.70801604956923747,0.71952587032598525)
 (-0.67842303315963148,0.6942487767321055)
 (0.68524334893921168,0.69021431219458951)
 (0.59677233200204183,0.70405954901228629)
 (-0.78628227574554843,-0.67408345200940656)
 (-0.73434349490620732,0.57167725808831982)
 (-0.78952645881215422,-0.77975501839919892)
 (-0.71194078663866811,0.65991926293388836)
 (0.72405729515978323,-0.65199644645964727)
 (0.7594643365189746,-0.63082376544362562)
 (0.66005784013014279,-0.7045515773837755)
 (-0.69240680397052512,-0.75806173038745939)
 (0.71561062749474624,-0.74796329772459724)
 (-0.72200470819531937,-0.84254987194848741)
 (0.60055306946243325,0.62214003391506389)
 (0.69122392775647612,0.67740858863539111)
 (-0.77271859006990051,-0.62397603997214179)
 (-0.73706179328791266,-0.73001205738648711)
 (0.66311238655680305,0.80578007524954243)
 (0.68468198347002818,-0.64384038890123685)
 (0.80333840930040579,-0.8209497226183835)
 (0.73991489290525203,0.74944703059321005)
 (-0.63170195440320787,-0.64501210067943782)
 (0.73450741643206641,0.58733531836210917)
 (0.78448972099069658,-0.77793514305352673)
 (-0.78581680691806788,0.68183788452325245)
 (0.58774194431015159,0.71265806197503367)
 (-0.7055402112345347,0.77683100804935856)
 (0.69205136608929929,0.70071457574998619)
 (0.72145556370779695,-0.67449697533337383)
 (-0.72021977572408291,0.60439803345198106)
 (0.70961455050489441,-0.69015413688049809)
 (-0.76798779612972978,-0.60798572618019153)
 (-0.57810246054861847,-0.75635019407339743)
 (-0.67848755233214819,0.68000894256722544)
 (0.68647273704479628,-0.73471206477962747)
 (-0.6781699110127869,0.79067877016709587)
 (0.73605357175652042,-0.74467959462090405)
 (-0.7282799134579433,-0.59846815253158436)
 (0.64088078574394247,0.8110282568667565)
 (0.73118013288477801,-0.67835514563440225)
 (-0.60399893195583065,-0.70336145898296409)
 (0.62356643211957696,0.68485389634174909)
 (-0.57152919304150318,0.8063973336646908)
 (0.77143943761498024,0.65745083300754403)
 (-0.76331108153092098,-0.59063556167984277)
 (-0.679289429976492,0.67267507578641883)
 (0.80228561036901236,0.71483601517206408)
 (0.6703181588573156,-0.69316297003989735)
 (0.72087660342650595,-0.76047441998125986)
 (0.83210329034313801,0.62794616623315502)
 (0.69969755455564764,0.67828738534443822)
 (-0.67689238558564724,-0.67342580353208392)
 (0.61404913303173436,0.6713421950991515)
 (0.6659556444426169,-0.71255887170223353)
 (0.77612199755888045,-0.68747561564579152)
 (-0.57782166716616223,0.86102736133713653)
 (-0.69161515222402359,-0.79285342282629978)
 (0.67363297121690924,-0.62476088297530397)
 (-0.73302429725606644,0.68481418951345729)
 (0.73245070868914708,-0.60601474601766148)
 (0.78698012032961273,-0.67723966210913056)
 (-0.62400981336480932,0.71873001005899284)
 (-0.66181170881000417,-0.84406420437494678)
 (0.73859988337842541,-0.68225393280479485)
 (-0.67856870106490674,0.63876953462594965)
 (-0.77401101594199928,-0.75749051709018556)
 (0.76317605531881094,0.6670069471172333)
 (0.69317203509823677,-0.70275035749532211)
 (0.61859075385404094,0.61189694889756663)
 (-0.61673381319765352,-0.77695333075609352)
 (0.66452470438757627,0.62559037341001356)
 (-0.77117230678764492,0.85868462065594564)
 (0.67807430619471376,-0.86277996618409558)
 (-0.71418598183473836,-0.81420147337774107)
 (-0.62903547741142574,-0.8155151969447707)
 (0.74795967472758085,0.72295298563215105)
 (0.6722563515272888,-0.76344676231924602)
 (-0.62105414666007408,-0.71617776688834922)
 (-0.74341482806284509,-0.71607753918910932)
 (0.77491034024405936,-0.72441648920042123)
 (-0.69270581972018863,-0.72853325116934253)
 (-0.69641641830092915,0.68787221752987493)
 (-0.68910304770537634,-0.74174680610961818)
 (-0.81446584012764089,-0.73357315891025388)
 (-0.71823036943217222,-0.71541446224492378)
 (-0.76342230086004292,-0.66055241235340256)
 (-0.72270527933892603,-0.74409992799159785)
 (0.762907807393996,0.68814539770839533)
 (-0.74352736639879324,-0.62335679097150509)
 (-0.61561604602532782,0.6311370583071414)
 (0.66593737895345262,-0.71557791041240781)
 (-0.72181806301394003,0.66413980333738154)
 (-0.67287915145192156,-0.69960942099573764)
 (0.66048762106253267,0.70897956736401047)
 (-0.74621938086147532,-0.86106311324924878)
 (0.67178631442345282,-0.64498370897657098)
 (-0.74500834319762799,-0.68593233742765047)
 (-0.73065032528964435,0.77056258188692894)
 (0.75507559914887468,-0.6648045799170591)
 (0.75918368093489152,0.94357368878092407)
 (0.68725762284717551,0.69473778882285953)
 (-0.72292754863098463,-0.74850071254462902)
 (-0.69453517751637484,-0.71709743492383271)
 (0.59903010360469067,0.74634938135830975)
 (-0.68988326506227649,-0.68037754895797542)
 (0.6782781826177704,-0.64949864152102155)
 (-0.74888108056026681,0.79375505201490626)
 (-0.80504947073364785,-0.73249602466382746)
 (0.63466157300595016,0.67908947963067801)
 (-0.69327198487573749,0.70906736491877298)
 (-0.55774516212701031,-0.74572457442829443)
 (0.65936784137318394,0.77933018000126009)
 (-0.73653081480184768,-0.76589297111356713)
 (0.6956070302280396,0.5981906639525576)
 (0.82129760911689365,-0.743453583702536)
 (0.75161857823836009,-0.61917740303539825)
 (0.63319082084922484,0.6078942357621383)
 (-0.75887180333308524,0.73533082004274841)
 (-0.61088189954053707,0.57454929940328359)
 (0.66603974378092867,-0.57700524546404541)
 (0.63483317553858254,0.66015688203217959)
 (-0.63069884309883406,-0.51535666860076046)
 (-0.67015708204655655,-0.81650455714597769)
 (0.77688329501453413,0.82758154682447338)
 (-0.67813195959122174,0.80708259211375366)
 (-0.70870227461873325,0.71915972674677975)
 (-0.80242477844238536,0.60172680689677271)
 (-0.6828069560533826,0.7228000265467498)
 (-0.75767880068405447,-0.65071867535219619)
 (0.67792899693310316,-0.83489611427359789)
 (-0.70484214395848732,-0.78374563281648846)
 (0.76456178014922904,-0.7506930772710767)
 (0.84911188966002749,-0.76719231538513122)
 (0.69009590966084255,0.76174179776061302)
 (0.72986957381132933,-0.77094599387607488)
 (0.77145927116255153,-0.61904598565603752)
 (-0.83534885039391304,-0.71661352969633241)
 (-0.6712756439759251,0.69862928645920264)
 (-0.70577355747149684,0.75763276043923544)
 (-0.67298288356415226,0.58868115941212107)
 (-0.71891553829633226,0.6694570457177873)
 (0.76561721370305036,-0.65696080209834462)
 (-0.76631963624401467,0.75782957427057829)
 (0.57799746503049187,-0.80900549341613903)
 (0.72393957512923235,0.78742016913028068)
 (-0.77530862451310067,-0.71943348221108894)
 (0.60440043543597111,-0.70252860502805825)
 (0.73492760158049586,-0.66269042419170543)
 (0.78961890144726499,0.63729718849772299)
 (0.70428513944326465,-0.58049490316356211)
