# Created by Octave 8.4.0, Thu Dec 11 09:47:21 2025 IST <gamana@Samsung>
# name: rician
# type: complex matrix
# rows: 1024
# columns: 1
 (-0.8187323942437883,-0.56564693570253244)
 (0.7139368951724635,-0.69681682966507019)
 (0.48896372876402211,0.94133800742649543)
 (-0.69868405813694845,0.67151498344660365)
 (-0.60829439328286394,-0.52884580682881421)
 (-0.83743408338115177,1.0334585809089023)
 (-0.57256283259191687,0.33218125083411276)
 (0.54334078792607754,-0.62834267378933994)
 (0.50423870980403607,-0.35358082185961592)
 (0.49097689957202562,-0.67093559536000735)
 (0.27763500169777444,0.34696887707543933)
 (-0.38772070287273652,1.2468062782464151)
 (0.19491136164427691,0.4654104936440564)
 (-0.19812878456223076,-0.41934551994646124)
 (0.97185682504063742,-0.47683629077214862)
 (1.039219164358711,-1.182690869042448)
 (0.75464316841383106,0.11709108255263673)
 (0.7628709893895621,0.63877315638364707)
 (0.63962598481139987,0.59646428729858036)
 (0.59116635178659438,0.20825835606087267)
 (-0.6321810411588602,-0.44696339693253734)
 (0.48762534514501987,-0.99864365971619362)
 (-0.99644584044070195,0.12590664385298989)
 (-0.54485849666022301,-1.0579672252218022)
 (-0.86595789518507227,-0.51720481088804504)
 (1.1337331763399137,0.8933089657634038)
 (-0.76713022643338113,-0.46188345791076701)
 (0.14114977559668096,1.0833246276314541)
 (-0.63289956663059055,0.43991670886498602)
 (-0.59056611320470154,-0.74036199183803353)
 (-1.4738715189775078,-0.65128627399430505)
 (0.50703333035762133,-0.36960101320332983)
 (0.29920082690305239,-0.24208968074586024)
 (0.59309978179831035,-0.62715992282005772)
 (0.37744766052800283,-0.32397658183715039)
 (1.7388563095173266,-0.91425739207893342)
 (-0.56714480641047138,-0.10018297170935467)
 (1.228807397045294,0.69434130219664181)
 (1.0706597382984788,-0.80582928439246992)
 (-0.254546183839503,0.45670180391967496)
 (0.72887297039794119,0.66257199484029117)
 (0.88625450455376176,-0.85249541904252712)
 (-0.97294734721137643,-0.74257852749333308)
 (0.49789574083061616,-0.89765811793970363)
 (-0.75416830255298661,-0.97637515482027148)
 (0.72069517637761082,-0.84654282232176192)
 (-0.79636983837094899,-1.6661960066261248)
 (-0.92329186474371983,0.73599576151256074)
 (0.19966236727852663,-0.49853477162929638)
 (-1.2450609493740448,-0.67721368445716212)
 (0.73998136366981271,-0.41941306057575939)
 (-0.73232529555615722,0.70390406521199944)
 (0.38638314400794066,0.37810861705476367)
 (-0.5008203310398448,-0.4776351787997225)
 (-1.1026567936628051,-0.99192798912363089)
 (0.66201392075036103,-0.51663244358266747)
 (0.67777539088042382,-1.0177928014612916)
 (-0.029981180255171672,0.21787471501087585)
 (0.47307243938939991,-0.030758536745830817)
 (-0.81242672671979299,-1.1051374451528573)
 (-0.41109456447701614,0.37502164243063246)
 (-0.8823510747714719,-0.78038417383501557)
 (0.27158219178424892,1.1571790355114722)
 (-1.322564172584332,0.077502140284436249)
 (0.42571749794929697,-0.63861709351213758)
 (0.018447594235856235,-0.62181370263418367)
 (-1.0418018646057321,0.93044000051393649)
 (0.46541561831942097,-0.89287033293346174)
 (0.62742337084564059,-0.91893356659461622)
 (1.0329848265043613,-0.70947193365490124)
 (0.73560377371767649,1.0247660934223664)
 (0.77691162604383668,0.24877994028533656)
 (0.57544317334158945,0.8380701313705734)
 (0.94913144918915571,0.6316444714524988)
 (1.2037971396732263,0.48742556129994558)
 (-0.40677715674688708,0.7073102781358972)
 (0.59599085463921619,0.48225874852954498)
 (-0.94062335770474648,0.072378657736217766)
 (1.1095221440079897,0.58073835376635596)
 (-0.75113878034062764,0.63106370263947842)
 (1.0951367711289697,-0.043990812854289518)
 (0.42483696150243777,-0.69587484439463487)
 (0.19139861519316709,0.58022991065862528)
 (-0.84839551650459633,-0.97422075228655458)
 (0.59097109697065031,-0.60424240180035427)
 (0.35852136766656362,-0.80183185167888638)
 (-0.59841544646681766,-0.59600352971164017)
 (0.10962215976847309,-0.31034920081782713)
 (-0.96267167285091415,-0.61321961080276854)
 (0.88726741623681038,0.29874565751716836)
 (0.52200093280102022,0.65329824371684064)
 (-0.14840734622386631,-0.30166538739235105)
 (0.86644500424513804,1.302366295869434)
 (-0.6078557871037602,-0.30319869239249952)
 (0.8308187184479825,0.30761195271731684)
 (-1.2123528651312407,0.65952173723586172)
 (0.7179704040271393,1.2349167586860572)
 (0.63919062386308212,0.71480718428118151)
 (-0.7710231622744842,0.80605594414999915)
 (1.3396824895432742,-0.95361575252306752)
 (0.46653801190169186,0.091059191398866451)
 (0.3116804138438769,0.082932109319737518)
 (-0.66716770127617031,-0.73077804386065681)
 (-0.227917108685394,0.7570686007312859)
 (-0.1559460309103286,0.30442590134405889)
 (1.3004162475908503,-0.98641202598051037)
 (-0.13575150416029969,-0.89096619218480244)
 (-0.52690285956127747,0.45052003832995746)
 (0.46099341902246604,-0.21880980346792811)
 (0.19553819674357134,0.64739577675215132)
 (0.34316477812114782,0.26751123391919734)
 (-0.28063904479937163,0.68922790617952601)
 (0.24750676975427893,-0.030720634672535385)
 (-0.952570115846743,-0.079446247991957319)
 (-0.78308076933014958,0.52547267240792328)
 (-0.64698998615730852,-0.49909697231883682)
 (-0.55560454013361782,1.338696449002198)
 (0.37253734686993167,1.0108303899397302)
 (-0.53088974787608301,-0.57592867351713739)
 (0.32107406488655543,-0.56194829291717097)
 (0.56906689236015429,-0.49713800550935661)
 (-0.67874842343429509,0.95912833633948269)
 (0.67054490709099623,0.80062522493546984)
 (0.53165133894683825,-0.63215435975907597)
 (0.88139302002447306,0.47364063340579649)
 (0.25033477923106351,0.53923079743605618)
 (-1.2299160683457115,-0.16533674231308815)
 (-0.45533934931104564,-0.63792623344396793)
 (0.31241906461166974,-0.22060758272870323)
 (0.46158411048154013,0.67743911105505616)
 (0.92168776421287535,0.17129222874173095)
 (0.88109239402208217,0.72792252763971133)
 (-0.48384619671537149,-1.0275428482831941)
 (-0.40085670943742957,-0.8791277128156687)
 (0.91248884002332109,-1.1148642554758117)
 (-0.42196665670044203,0.67554599196739429)
 (0.61308686016565195,0.41303776701715289)
 (0.3536467758960925,0.18395413102767788)
 (0.56245034327103394,0.6721075592156569)
 (0.34324188871706213,-0.35345468870765256)
 (-0.3327508834630441,0.55208986507770375)
 (-0.94028875680256641,-0.38497732931185019)
 (-0.73012618811709507,1.1323293424519332)
 (-0.14212577216095537,0.45565420107310239)
 (0.55192627378382519,-0.70176250352180791)
 (0.61429643302888626,-0.90086634052149539)
 (1.0018376882220712,0.5467593616746107)
 (0.04459771931456033,-0.22369927322485497)
 (0.40215591142763801,0.43935853947135134)
 (-0.78434306414029165,0.43939690793425268)
 (0.76138241078151359,-0.69689599488347642)
 (-0.51362254593674805,-0.76372910434763019)
 (0.66422289619334862,-0.90168648121141104)
 (0.526105537939491,-0.37519183442850063)
 (-0.88756810861405422,-0.6184678290315474)
 (-1.0042239466384104,0.61698205587602362)
 (-0.9615913152241834,0.22293998052408004)
 (-0.61278719816597171,-0.79649184243814719)
 (-0.35639893806352263,-0.62959177069634897)
 (0.54661872199153283,0.45865192073499833)
 (0.74341689210209072,-0.25691695233353257)
 (0.33188895176479605,-0.81445338472535944)
 (0.75995469591038034,0.65475309705583296)
 (0.4341783195603896,0.46790077611336128)
 (-0.75690598605648973,1.1865758258505958)
 (0.68356692937948482,-0.47057203822632226)
 (0.22739413632785718,0.38942837170915345)
 (-0.41275030776788685,0.31170402971660444)
 (-0.38503617535711826,-0.44855005147624644)
 (1.3008984686272125,0.99497749357406851)
 (-1.1018760991265739,-0.47807296540913369)
 (-0.50260297729232606,0.87293470763092851)
 (1.0105974066774999,-0.18793170422189032)
 (-0.72960799829084078,-0.33693465765672537)
 (0.79416194457651323,0.57184263908918231)
 (0.92741024629173052,-0.86758917604030861)
 (-1.0141897420728245,0.97526101907182272)
 (0.94418106433889204,-0.8632803872834206)
 (0.99990875439449212,-0.74019143952409794)
 (-0.3189995185965992,-0.44520805663808199)
