# Created by Octave 8.4.0, Thu Dec 11 09:47:21 2025 IST <gamana@Samsung>
# name: rician
# type: complex matrix
# rows: 1024
# columns: 1
 (-0.7884124353826244,0.51184325375388184)
 (-0.21432078223473544,-0.89224306153495658)
 (-0.25530560938782221,-0.56224214679614992)
 (0.53687450882533416,-0.47613268008001747)
 (0.3497100658156248,0.24185837717031333)
 (0.4580829667033452,-0.58372663630986277)
 (0.97689291152391267,-0.55069314501748523)
 (0.34557860177261079,-0.84510761639707876)
 (-0.60061201633600902,-0.9159900262023758)
 (0.36464838819962886,-0.63665335801100842)
 (-0.5412004529809844,-1.0209355341128425)
 (0.59414887382098747,1.0791823469273603)
 (0.89785987580553195,-0.72153679544910265)
 (0.71099446672784083,0.55627491193204504)
 (0.039900447246277948,0.39478042300715849)
 (0.05895179855022846,0.1403684813054828)
 (-1.1283071956886945,0.40079105948388416)
 (1.1045127309138336,-0.67651235524961506)
 (-0.27994976381763392,-0.48703387054970093)
 (0.41112804639089601,-0.70070502483440178)
 (0.60889806708634842,0.14349729338761322)
 (0.57070545814371576,-0.49581557803810383)
 (0.70896641362430379,0.63023830713008799)
 (1.0108167505722303,0.86471085318233942)
 (0.54739468332814112,-0.015271175874364273)
 (-0.91656196274172697,-0.62177530459064956)
 (-0.59340845521616159,-0.21443719094298119)
 (-0.13115145771087688,0.68617974392994308)
 (-0.95437416120306018,0.9915282303411278)
 (-0.76527759466738954,-0.30133643844573488)
 (0.488438855448315,-0.49716771352581635)
 (-1.0803484820754761,0.70491951657275653)
 (-0.33796478961042831,-0.54543907724294882)
 (-0.86665320259206624,-0.29828201056689696)
 (0.78288423500531468,-0.40011993547627234)
 (-1.2488104056438627,0.68807188265086183)
 (0.59282384723609316,-0.31309035037573507)
 (0.77621285078153468,0.3701534390160226)
 (-0.92045073457115834,0.59213321672346186)
 (0.21794839265204236,-0.08240812071000142)
 (0.67927761648047102,0.82132167897482211)
 (-0.19162707270522145,-0.35025371504198649)
 (-0.57824279033427195,-0.010747960520593458)
 (-0.28826033022658792,-0.43233444229096007)
 (-0.61605218324697852,0.18327424257328587)
 (0.59507687505727114,-0.85514282621261095)
 (0.2230377488357988,-0.07253386693812415)
 (1.0082561297901047,-1.3577769325142297)
 (-0.60751671887980052,0.74958046420459179)
 (-0.93665979530686783,0.98765851062986498)
 (0.58784114693646594,0.66132328908644711)
 (0.37757296457231165,-0.80950151587487218)
 (0.18702628119982123,-1.1645617117766158)
 (0.61451317944666151,-0.33033060479501708)
 (0.8742564975183692,-0.96225012308337721)
 (-0.95329977130842081,-0.44999922619798888)
 (-0.53515987858683256,1.0762327514729439)
 (0.40955126297671368,-1.3904198863857513)
 (-0.64740142634532272,0.66765456135905832)
 (-0.80280933733281734,0.73722259713780036)
 (0.73993489978315019,-1.3633441181991448)
 (0.78058153900435023,-0.50484742913468361)
 (1.1409668993027653,-0.28083100537312033)
 (-0.6977091318831834,0.29230043659534877)
 (0.63415743150380333,0.65190011905028233)
 (-0.38822173862625775,-0.57484222995154455)
 (0.25666636595631731,-0.77384400383620044)
 (-1.3537780129833197,-0.53727706005859299)
 (0.27005367320297108,-0.87173378034739901)
 (-0.33712505288305117,0.52043057481156874)
 (1.570339960519938,0.39645990289191491)
 (-0.37722780900265596,-0.95993545478846487)
 (0.62381669694226027,0.48546751306253744)
 (1.1146334647235534,-0.7109637029717083)
 (-0.66225481027274091,0.6236206717349605)
 (0.83760335828243015,1.4346845347895143)
 (-1.2513943935006675,-0.55200130041603457)
 (-0.30105188934922439,0.2947971667667631)
 (-0.76203231871565646,-0.43161936949085555)
 (0.84356651827188323,-0.2687341828954839)
 (0.020956221398123864,0.79277103789654002)
 (-1.0192256182398685,-0.77543772393858046)
 (0.74936367097339818,1.3382636988862415)
 (0.69692848111856742,0.75509039557415525)
 (0.41588920066337842,1.106230157644128)
 (-1.0668151401191157,0.73811973594448022)
 (1.1577427015360304,0.48320543792732462)
 (1.1396510801369131,1.0706827196707354)
 (-0.14589270135327223,0.25993397871408402)
 (-0.30803187599291387,0.96498064859330102)
 (0.16323192039767609,-1.2500046616242413)
 (1.1291062939318732,-0.79881312293936524)
 (0.21814590562700284,-0.20131897622761383)
 (0.23909762586056435,-0.60798386119825032)
 (0.84397747060089301,-0.38478575209759491)
 (0.71670194625453854,0.76718016343116546)
 (0.48683719390598662,0.64335174740316869)
 (0.11502141194099343,-0.26712972125759138)
 (0.4775032972238788,1.4771075700652361)
 (0.72636056383432279,-0.78992461758365173)
 (0.12412280101638337,0.46738501551501477)
 (-0.10901692725369791,0.13036724144519943)
 (0.58918423753162985,-0.70719831455508864)
 (-0.77496496922922331,0.13529229080051774)
 (-1.4614756635274138,0.82747164781372962)
 (-0.43208603430911457,-0.19000018898303744)
 (0.69922360679360329,0.36187108218741532)
 (0.66352083436624687,1.2339642602030703)
 (-0.65163021654294451,0.64821804402550864)
 (0.27986001438924585,-1.1318252514693612)
 (0.62453842405317095,-0.80291402006028878)
 (0.75659579841562652,0.58013315395391796)
 (-0.77369980497704527,-0.43446389515153394)
 (-0.97827899665563489,-1.145210874048304)
 (0.4780442755983646,-1.0847194068245942)
 (-1.1011160170275449,0.49674601621037018)
 (0.67066477270709979,0.87912671861069303)
 (0.068857059370601187,-0.11497227137073346)
 (-0.25534516323842116,0.66064581031386149)
 (-0.68441708149772507,1.0152780562591146)
 (0.38942035151012561,-0.6909475967434231)
 (0.1887292619152558,-0.72771764887694168)
 (-1.0171073231066778,1.3882715538404498)
 (0.50206035259165538,0.21681762934202736)
 (0.80537761534863095,-0.64071955312538131)
 (0.43610105396833976,-0.47365473356804011)
 (-0.35648459309573555,1.2829364396492009)
 (1.001620343669932,-0.079002830326421025)
 (0.21368487697606481,-0.85745250152771879)
 (-1.0289645764169706,0.24990068660450421)
 (-1.3457813303528108,-1.1384374274944584)
 (-0.28087089424069611,-0.40595604163764432)
 (-0.13951145760656947,0.55126396065384009)
 (1.0009156508216992,0.72950688922094675)
 (-1.032412773246671,0.85796440856743028)
 (0.58937829773129491,1.2682619409242037)
 (0.65273250376652869,0.72332978717364627)
 (-0.37255361549497701,0.432663857393074)
 (0.801259617150617,0.77841864074103007)
 (-0.92887967044849229,0.23461241012681172)
 (0.31701717285957487,-1.0219217390460003)
 (-0.30171434506534006,-0.80938660552816288)
 (-0.88775860958320363,-0.94793075668910343)
 (0.55210973986354928,-0.21068674175598534)
 (0.30913491347559252,0.55731624525861834)
 (-0.75562499500416547,-0.37180291118197595)
 (-0.68141191029561965,0.31043698240415674)
 (1.1246471628071104,-0.9149414572622252)
 (0.76980564942453078,0.4068467548745297)
 (-0.51097470837346604,0.69430164140385087)
 (0.29325432840528975,-0.68164132643638575)
 (0.49279761386456622,-0.4232243117544322)
 (0.29756285192073251,0.30319513725150293)
 (-0.65740989533472916,-1.2257349603990801)
 (1.2162299446799041,-1.055395142719308)
 (0.81109628634938713,-0.49197202597175632)
 (-0.88739099468597227,-0.67181004197893512)
 (0.62015426493757886,0.52270384701676442)
 (0.59309018782421141,0.81331860442796233)
 (-0.55448866182090728,0.47052062110702875)
 (-0.72299697433874743,-1.0916778721334996)
 (0.16287521548091194,0.71297241513527698)
 (-0.34879590330050964,-0.7145749328059654)
 (1.0617053546004924,-0.073129407749995934)
 (-1.1111670291640627,1.0652788749944606)
 (-0.48758666180760568,0.19790628277120184)
 (-0.044032047794707263,0.54459990883271725)
 (-1.242389683952928,-1.1018920153362066)
 (-0.59219495090345209,-1.0305416741087721)
 (0.71506827592857014,-1.2356606093600635)
 (0.37854514669959194,-0.22960856086659809)
 (0.063142559783514296,0.70202112970930775)
 (1.1760739793340267,0.84567401180867141)
 (0.32284529923108124,-0.096331394307747231)
 (-0.55874501843791113,0.80085878650792719)
 (-0.6976419543320368,-1.0257454810949218)
 (-0.36540605200630832,-0.78889088202528934)
 (-0.55596449818221905,-0.31954659122699008)
 (-0.0040736544104334749,0.4486398389227092)
 (1.1072955030305245,0.11689131875415837)
