# Created by Octave 8.4.0, Thu Dec 11 09:47:21 2025 IST <gamana@Samsung>
# name: rayl
# type: complex matrix
# rows: 1024
# columns: 1
 (1.5649451853355913,-0.1959039238104292)
 (-0.33263443442206014,-0.93657922428503704)
 (1.7828932815432648,-0.87915118730844666)
 (0.90073339472208158,0.57249314793091977)
 (-0.10242987698393025,0.2471977036259666)
 (-0.088260952111453309,0.12792884717324093)
 (-0.28387582161802827,0.17263655108419804)
 (-2.1923095270795212,0.14167542203029693)
 (0.36625017944132698,-0.43642112984354187)
 (-0.10644789808342103,-1.4277508809874071)
 (-0.19534896817790912,0.22367042817820068)
 (-0.058872929272729135,0.48351367701784631)
 (-0.43056632000146966,-0.21225342869299679)
 (0.56957271866373949,0.31047755942264632)
 (1.2834630166652561,1.4363578148369047)
 (0.17538805801784518,-1.1057543181579654)
 (0.097182124196617134,0.16313736895289399)
 (1.2539505410234122,0.2631812200038281)
 (0.75043567575613834,-1.3290821207324302)
 (-1.1449247170172354,-1.2449598447219619)
 (0.15813942862338848,-0.05532936566396026)
 (0.13351076565273481,0.11888599743132329)
 (-0.28705524683052025,0.15880742192655045)
 (-1.459306539356662,-0.62982809465432088)
 (0.83675320793076369,0.75220212691569566)
 (-0.34820022954135726,-0.86844492901071835)
 (-0.25820810318516785,-0.10021582059703002)
 (-0.11335448202947951,-1.50718946496852)
 (1.0764364761738143,-0.5958232845728153)
 (-1.1286988855014433,0.87323420510564853)
 (-0.13595577749306589,0.60679804769452561)
 (0.34345689685761271,-0.43367248560851035)
 (-0.37643863922298487,-0.30786043332373986)
 (0.18194591070337232,-0.48903038627896944)
 (0.60628015417277492,1.3981847978054356)
 (0.079116416730693945,-0.24716854937808944)
 (-0.11475206127326452,-0.094556003692211302)
 (0.79974108315537573,0.76048374244340389)
 (-0.59798752521641496,-0.78940532942704322)
 (-0.52488214716492965,-0.71423600061625292)
 (-1.1599772407394775,0.020122584990601489)
 (0.61278187272322926,-0.66608447997436548)
 (-0.17247559229514831,-1.4000393755170766)
 (-0.024376243270714193,-1.0800898381469064)
 (0.2118618764557311,-0.37511778565150689)
 (0.030182621772844725,-0.46520391833920938)
 (-0.30001123757353076,0.97331194451875425)
 (-0.48520109984580306,0.31166047031115318)
 (0.86059015800360683,-0.42603030610325221)
 (-0.90638320798694982,-0.35071184798065275)
 (-0.56865035126056562,-0.71779918507991525)
 (-0.35174638650223605,-0.17667972673085724)
 (-0.72304199281004466,1.3320891313593202)
 (-0.75579217010449373,-0.52743829599566128)
 (-0.13076697089770575,0.0097044810316367913)
 (-0.49435304546853864,-0.99679654945234997)
 (0.13692459198270795,0.16959390438297955)
 (0.24147607386644629,-0.11689491861817372)
 (-0.86515563927764094,-0.32000600203932983)
 (0.39227173370166513,0.84530780102224867)
 (-2.3038200668571038,0.81047005345006884)
 (-0.69245404954902323,0.60294343350858615)
 (-1.0599031760317263,-0.19599650644729272)
 (0.40080545006761148,-1.1806108215354854)
 (-0.86814465217234627,0.77265641302814447)
 (-0.55732353189979478,0.43082028745810841)
 (-0.88139598134662456,-1.1832283053456625)
 (-0.61518153204878012,0.44838508435952962)
 (0.37185461103528378,-0.18825935964574608)
 (1.2706223328392587,-0.62890064844762028)
 (0.30139006113090849,0.21024273216186409)
 (-0.25676027849948163,-0.15862470751574018)
 (-0.065251094665116666,0.33155282788878782)
 (0.56790252816331344,-0.60611170214465004)
 (-1.0146730005860989,-0.84984221656455161)
 (-0.23511300161750054,-0.95721326571841558)
 (-0.75245923980376539,-0.40879977684569246)
 (-0.93110393924765011,-0.42999355868432576)
 (1.1640846886276748,-0.3194012711451743)
 (0.3529940625457717,-0.16490726274388076)
 (0.97676805236007402,0.0027011193862698235)
 (-0.23645349429569076,0.25591138533126762)
 (-0.50715229947471296,-0.084145291455938326)
 (-0.63980107541263642,0.57642190163286311)
 (-0.20230671134484646,0.026397838488180336)
 (0.45026997621287784,-0.64448867113943942)
 (0.15507947734273719,-0.50346663844377082)
 (-0.34511171303150812,-1.285062077880287)
 (-0.33954676020460317,0.19323136108319516)
 (0.61694644048156666,0.84427217261415655)
 (0.33772404358987823,-0.5696627337522967)
 (0.33137903644876598,0.42669634368393428)
 (0.22635988147700653,-0.6126614119042888)
 (-0.4815978120097455,1.2012598647236965)
 (-0.34196005599314017,0.33588535000720932)
 (1.5205466719910612,1.3795759599746542)
 (1.2130931491976764,0.27423042178066481)
 (-0.21107903486584531,-0.48113681234970529)
 (-0.6438097075189525,0.70664866932202763)
 (-0.47270219688088166,-0.094217979029711851)
 (-0.36189279630282839,-0.31683727044911264)
 (0.70371566226112647,0.42893890017671632)
 (-0.34279797202275453,0.52943323828935962)
 (-0.72251509744281794,0.35556627901155957)
 (-0.44146968069956771,-1.4371336330535305)
 (-0.276260275045774,0.84472685555035587)
 (1.4757334346735855,0.24739108626979711)
 (0.62407573552128404,0.070515854914435128)
 (0.48249564480701645,0.53423969739901234)
 (-0.12338082850099383,-0.2891571407700263)
 (-0.31899261690219471,0.024692083438316276)
 (0.72576258998074361,0.45855441603866454)
 (1.2952269155021168,-0.66350058347917318)
 (-0.22744591663538263,0.14492403035410259)
 (1.0135567463151292,0.71416701674028549)
 (0.85448750565209308,-0.39433349514186156)
 (0.094973803553109193,0.32522763404220645)
 (0.28300271956246925,1.1399918525725616)
 (-1.3239361345959555,0.78563456869503889)
 (-0.13227380351766935,-0.19756765842833637)
 (0.28663108059829623,-0.014314955952053177)
 (-0.45331771823839651,-0.15853745979442121)
 (0.16236418883155757,-0.47855772123039697)
 (-0.63212930087119212,-0.95293920136478927)
 (-0.09000585951701634,-0.89427433316862404)
 (-0.38451719393364481,0.74712084669903966)
 (0.017930622843093491,-0.57434318729888001)
 (0.60374385659764895,0.45128969829549864)
 (-0.11629284809220819,0.51647243819611877)
 (-1.1313264103755372,0.14694955283481304)
 (-0.54484666469550813,0.29483782011331233)
 (-0.19583996227495337,-0.33390926753734174)
 (-0.25377182042345664,-0.61630113728796454)
 (1.1473042029292642,-0.26155842716141864)
 (0.60800973627268351,0.24898221901712855)
 (-1.0497199615557482,-0.36965338580547397)
 (-0.082945396011055494,-0.78619653262830513)
 (-1.0837112768891237,0.95606110870510541)
 (0.84953160204346401,0.40533370877592212)
 (-0.36572934648278549,-0.20892692826632514)
 (0.12629992610035656,1.2635299838127796)
 (0.66147289164527412,0.3495102468582576)
 (-0.53306550556874543,-0.60878797474144308)
 (0.25581111544218577,0.37588667582325225)
 (-0.45948133867445445,0.47383354351395829)
 (0.74143456485493742,0.54591417542093756)
 (-1.3452194938116708,0.24419255668155537)
 (-0.35122510309510646,-0.31917874012276493)
 (0.38508215175763216,0.13649420566401574)
 (0.55606037341146675,0.89151874327948455)
 (0.13261681366836514,0.35683193685558806)
 (0.47152929003515165,0.7422323420330369)
 (0.81764464028406869,-0.13836709372592521)
 (0.41478685138975652,0.22040777060892097)
 (0.005972111169423977,1.055502755199031)
 (-0.41748773171581854,0.43654875682780137)
 (0.2758043618031733,-1.2040113402553767)
 (-1.1668723727260701,0.16994954871397039)
 (0.35007942588695234,0.53685662977441861)
 (0.53634274261976755,0.19056841469124314)
 (-0.16491628982933643,0.90458380079835043)
 (0.24800768781890123,0.5204926693559474)
 (-1.1439003586707792,0.19180057286693125)
 (0.25020560529325742,-0.073496432663234301)
 (0.31163308925709332,0.64357337689900607)
 (0.67915321223048408,0.4304534646452659)
 (-0.38622989837906818,1.1277835123182494)
 (0.70245964077442524,-0.048517406862288726)
 (-0.19742953901418775,-0.82899718814224954)
 (0.33092418023568232,0.96421136330134738)
 (-0.90564788819971898,1.2580113114801652)
 (-0.46802516501556196,1.463647868466956)
 (0.6162716270967209,-0.6379681121597639)
 (-0.46641476677186056,-0.062948797967940257)
 (-1.5827279091926525,0.47592939684968105)
 (0.64391119594426305,-1.0293342640710614)
 (1.5870464189734208,-0.86741209281611809)
 (0.047899523051771364,1.3292912189593293)
 (-0.76140357872611475,0.18503391099608135)
