# Created by Octave 8.4.0, Thu Dec 11 09:47:21 2025 IST <gamana@Samsung>
# name: awgn20
# type: complex matrix
# rows: 1024
# columns: 1
 (-0.79417826557988969,-0.7784184631112423)
 (-0.72952008375283195,-0.55201989098844351)
 (-0.70995797682921913,0.7026914001643686)
 (-0.73691694395217633,-0.61354371539869001)
 (-0.70874227147284574,0.46271388291974647)
 (0.617240997769405,-0.62874563918861104)
 (0.73356607710496624,0.79124038208907921)
 (-0.55932849126393913,0.63922366426517985)
 (-0.64582757805849222,-0.61979203943690209)
 (0.79221186966613943,-0.64427771509399778)
 (0.57032149970713197,-0.86165212489866017)
 (-0.64002520601174839,0.73787308477146185)
 (-0.75385582722770772,0.73182971079154169)
 (0.69986356019317109,0.69270400547396949)
 (-0.78353741326183646,0.71225508437517493)
 (0.77950240873126198,0.73057827261171049)
 (0.70209871250553635,0.71679020809099392)
 (-0.70519013772243444,-0.70630648608965896)
 (0.68575127741164099,-0.66124094101893816)
 (-0.70542514054736671,-0.73455903911475551)
 (0.79679961379860365,-0.79341636362061596)
 (0.68430662880915627,0.64730791686023736)
 (0.62570827237985616,-0.68230368635048033)
 (-0.72573363403224267,-0.786686391218824)
 (-0.71683389080593585,-0.66742944591087661)
 (-0.80091991165586252,0.70663530461521074)
 (-0.68591380937224811,-0.5667121950864098)
 (0.82721458695785477,-0.81599676977965074)
 (-0.77840323644794429,0.74567154457863694)
 (-0.75259389717484526,-0.77115298326636605)
 (0.76488797732880898,-0.76371364241746031)
 (0.6960967221289811,-0.83531228445527039)
 (0.66410119877773555,0.69036144866740512)
 (0.7364467765687065,-0.66175555753380955)
 (0.60829617160943561,-0.71646380560575129)
 (0.67847115922326717,0.61741542533884086)
 (-0.73704693205960892,0.77434760695379934)
 (0.68101388549391206,-0.81441346602119769)
 (0.61359268697849356,-0.61164926229813421)
 (-0.72479067629107652,-0.6014485640390772)
 (-0.75048252732974496,0.64087776793042706)
 (-0.74132780000023879,0.67097932074624389)
 (-0.7268147183630399,-0.66451658308961992)
 (0.55027982959371335,-0.71804208189300045)
 (-0.76524624815751452,0.67403045553592)
 (0.73499614515995049,-0.73595510920443641)
 (-0.73915439168620434,-0.73802058631269218)
 (-0.61863503622289162,0.74083657107730616)
 (-0.78764678801402299,-0.80415045481563163)
 (0.65394861903208557,0.69856733717138941)
 (-0.81160116172149399,-0.61683025875973918)
 (0.67872413740552417,0.83562455292998417)
 (0.6994893315275178,0.79255699530459578)
 (0.7807191456463608,-0.70456029012296761)
 (-0.65516400438853462,-0.59848320930624954)
 (0.81374218760499395,0.72102934854355027)
 (0.72496778264888517,-0.66856088399918445)
 (0.82774284748812998,0.75940684772952638)
 (-0.61997166486052679,0.56026736165517599)
 (0.63075417315793314,0.66659379664999818)
 (-0.71163743086774078,-0.75257134103607681)
 (-0.71527737086136445,0.8007152938630655)
 (-0.69753894247050985,0.71361259616632144)
 (-0.66146879455368923,0.56403694771436641)
 (-0.74936195677929962,0.80788184941083019)
 (0.79883394624363691,-0.68237999478437183)
 (-0.75332943697795662,-0.79337456534131767)
 (-0.7197989618028372,-0.81066886354965795)
 (0.65747350365886637,-0.75429272286775706)
 (0.57775284756725498,0.56888954517952239)
 (-0.57357540572680332,0.77341319418564192)
 (-0.82243138251556647,-0.60119334168515703)
 (-0.82003285284684191,0.63087807700122833)
 (-0.72098458324510384,-0.82168868149568364)
 (0.73280409620672449,-0.71918224736642655)
 (-0.72302265711099212,-0.72104687682147173)
 (0.72923243589572795,0.75660558881560724)
 (-0.66360684959320282,-0.84988039663612103)
 (0.55727127361225226,-0.77945291513777948)
 (0.69339965408423176,0.75723674342448899)
 (0.81795271992498386,-0.70823413641808242)
 (-0.60417561323939806,-0.8479383703479374)
 (0.78692786059761721,-0.67529111938972908)
 (0.63266270725945917,0.69287718309754265)
 (-0.7432050219045313,0.71515892070764819)
 (0.7208167551050757,0.59640437585048423)
 (0.82838187866334811,0.60159195173580438)
 (0.82272643781835308,-0.65917891373738691)
 (-0.74270922016913343,0.75854646256149427)
 (-0.63551844847876782,0.72661048368799785)
 (0.74961027606319641,0.65205684909588846)
 (0.63298332142682789,0.57971953266572585)
 (-0.8227735015346459,-0.75972862373272887)
 (0.66687386330367082,0.63091659808601275)
 (0.53162494241736935,-0.85958155297638061)
 (-0.64890141015780656,-0.62483380034193159)
 (-0.66211840564502111,-0.6784879197121223)
 (0.80443279316454608,0.66098367190442164)
 (-0.75483010866720834,0.69923138375825278)
 (-0.73664011021587683,0.72397334435264793)
 (0.63166274643957387,-0.68985429979359236)
 (0.66104331413165673,-0.83739903959938022)
 (-0.61280042492185438,0.62521792215479488)
 (-0.79892126342322978,-0.59188757438272399)
 (0.76409697460594206,0.72668876897338408)
 (-0.71629951829078953,0.73836425550670981)
 (0.6240420070486371,-0.77628490080071688)
 (0.73267678316282991,0.74561024992264424)
 (0.78636403826586676,-0.61812426628010908)
 (0.79846635629577423,0.65199690556070999)
 (-0.56243250263033562,-0.72992426313289616)
 (-0.60616689453913786,0.54271610567135209)
 (0.70048309950220156,0.8288400476562281)
 (0.6332962535956046,0.73122781971953621)
 (-0.72468413104612506,0.82924105561974415)
 (0.72488267030066544,0.75552633532321845)
 (0.66935837880497018,-0.67500014445936352)
 (-0.71158182771516321,-0.76823042905468819)
 (-0.64882202685496559,0.71054582766420937)
 (-0.66800120499554316,-0.74807345913431267)
 (0.79559381239334748,0.77037817481505289)
 (0.64787439786657763,0.75448369909135382)
 (0.59402239482145647,-0.60502147459784206)
 (0.81662320827285229,-0.73976944081889928)
 (0.65801064853233793,0.7515891183544845)
 (-0.67108834954105434,0.7372709737426375)
 (0.75882706791284094,0.79829397592389939)
 (-0.64002408045618508,-0.68043374759924391)
 (0.69545848394955756,-0.84505956891832579)
 (0.67458959825314613,0.69861792874111495)
 (-0.67331286653805067,0.73336038951716087)
 (0.71521830649107621,-0.74393129839684713)
 (0.66843437843312103,-0.68233105597213506)
 (-0.65821473981544176,0.68489268318354568)
 (0.71420593332632965,0.80236530037347731)
 (0.81220372570352772,0.77519612040498553)
 (0.70042763481085368,0.78290124359982305)
 (0.66052814769898438,0.59981078579754099)
 (0.76196101382187009,-0.67207583188754028)
 (-0.63651131823351614,-0.7043245324943499)
 (-0.61843555111089343,0.70865245840542312)
 (-0.82329479281707785,0.7650520633577943)
 (-0.71309038724145479,-0.67981715697081002)
 (-0.7283491307664568,-0.72325803460540916)
 (0.56910038294803866,-0.75611110353549604)
 (0.67217846647962365,0.65486711338739589)
 (-0.80463859843216123,0.76897328230680706)
 (-0.68926700505862648,-0.69436329046346101)
 (0.70155158579017596,-0.64127527888404712)
 (-0.72168620277373607,0.65696612582585634)
 (-0.66646694241120408,0.76726496654673837)
 (-0.73662559454685461,-0.69429973547159274)
 (0.68778093389192285,0.56633158144831197)
 (-0.74627092474604539,-0.68403110976497927)
 (0.62092171124813855,0.65300195273419481)
 (0.70085986419800173,0.56252197101845514)
 (-0.65791377959981157,-0.71848736674428126)
 (0.89803167725364474,-0.52998874261686679)
 (-0.63128664157367231,-0.71166468689184492)
 (-0.68437009141315319,0.67744291927082911)
 (0.70589307185155736,0.71336127557182172)
 (-0.57897890230449056,-0.73661511279659253)
 (-0.82307417905773184,-0.62714435205894792)
 (-0.68807439804576476,-0.73038908876047703)
 (0.70430530292061844,0.67883862598567157)
 (-0.70868602245897327,-0.73145858271306541)
 (0.68296214064103666,-0.70467152996522253)
 (0.63186867345486109,0.75266329293658973)
 (-0.78146355865587114,0.6457955734249371)
 (-0.62694009247256599,-0.6268771668988895)
 (-0.70535321556259323,-0.64450511450132775)
 (-0.68507610749310022,0.79620329258811517)
 (-0.7406619804469915,0.81721741934378545)
 (0.66385958728122629,-0.80773804386275061)
 (0.75042760756804272,0.68093701732578193)
 (0.76961940324102995,-0.59240601279049532)
 (-0.69109423228289046,-0.74165861473715267)
 (0.62325601673483222,-0.82347869696287668)
 (-0.62744874334674638,0.76870567928116573)
