# Created by Octave 8.4.0, Thu Dec 11 09:47:21 2025 IST <gamana@Samsung>
# name: rayl
# type: complex matrix
# rows: 1024
# columns: 1
 (1.0615984219310399,-1.1949148293554761)
 (0.9143880663777455,0.1784529858351675)
 (0.50895202269858664,0.065572917841369621)
 (-0.31190381953583279,-0.070440985010973581)
 (0.090807524284763019,0.17982808358798741)
 (0.60683931201392949,-0.83483084252433803)
 (0.27752223115759855,0.58764859685067838)
 (1.0581931956827495,0.37339516712552107)
 (-0.39558868319239976,1.3858762537999247)
 (-0.31006249202116598,0.14398872398677398)
 (-0.72305576347740352,0.91333844592292213)
 (0.77934896703110268,-1.662221390157941)
 (1.281995083920795,0.56927088962456862)
 (0.22088218535551696,0.49227331340427583)
 (0.79246954284806981,1.0526431483186818)
 (0.66884186949608126,-0.21085854410183028)
 (1.0785894916836898,-0.52573235755850756)
 (-0.39510202672573314,1.4664894970456728)
 (-0.35658341425548723,-0.95008625540008651)
 (-0.43836465611091746,-0.68379854979422727)
 (0.0093812432870877815,0.31033773059768138)
 (-0.88687580197263283,-0.11359607233679675)
 (0.51102745912819914,-0.017618719692306606)
 (-0.30371254472710729,-0.26412333556296352)
 (0.12104092924516882,0.22013285613844816)
 (-0.68034575407536035,-0.43439519204353355)
 (0.01326751177743285,-0.58445638597683058)
 (1.1129352489676525,-0.4439139227588626)
 (-0.25842566253441734,-0.57291980260246977)
 (-0.20508667495899327,-0.30118289276045257)
 (0.62197148521239387,1.0865948610448946)
 (0.6844240875800327,0.59782328733982215)
 (-0.7979251654067967,0.83532233348081064)
 (-0.52054389788868549,1.1104994466904694)
 (0.38440028529125897,0.44591065474196417)
 (0.041474678867757353,-1.2613150238836994)
 (-0.59039938801508218,0.29180060657003659)
 (-0.4717721333347592,0.039302087121377838)
 (0.46694601185809564,0.20317266370964476)
 (0.89443903413154213,-0.51759429626808318)
 (-0.44515104835436348,-0.013195694653332701)
 (-1.7327179669251591,1.1619055742179807)
 (-0.73299176452394621,0.94576968071838541)
 (-0.67158152511426494,0.78140404661174756)
 (-0.83210766350147625,-0.44285266680093638)
 (0.82886830877714179,0.80221140591371931)
 (0.60061999106296637,1.5613583969679738)
 (-0.26056846872858158,0.20746558795152883)
 (-0.6331551276932651,0.35334353042198463)
 (-0.98038838123411387,-0.98990155487150777)
 (-0.14037767475435992,-0.014792161350743863)
 (-0.64220750216349365,0.17495182544814403)
 (-0.33808305464288585,-0.33730127988433084)
 (-1.0071486328026875,0.49852415265348438)
 (0.35680187015492137,0.99625578629143674)
 (-0.41110078906021336,-1.002234680774496)
 (-1.2578562619612148,0.055985058894467143)
 (-0.16086454845745324,-0.16360721875879597)
 (0.81660737222685076,-0.12430953328603239)
 (0.22573615211609496,0.054234607921642225)
 (0.34159636332396076,1.2840148677908305)
 (1.0156780058822101,-1.4583231938582539)
 (0.096321262963178958,-0.088252361616658073)
 (-0.10038034038963101,0.66772486182954793)
 (-0.22054477965342614,-0.25278072698449677)
 (-0.37599616246431899,0.28700545807774291)
 (0.615386647222818,0.057424847304781645)
 (-1.3557708137443312,0.086128538244528596)
 (0.67571781259158148,0.023496030433273474)
 (1.042114197657299,0.080222846254982494)
 (1.5213871058726827,0.43070012629549637)
 (0.048706748339407802,-0.67252783073311262)
 (-1.4750143927633803,-0.47065485185572453)
 (0.64271004246110508,0.039809368340127049)
 (0.13974788415961331,-0.26408709840829109)
 (-0.18835512576112992,-0.16643842493000907)
 (1.1857865185566752,-0.6887953105236182)
 (-0.40357179897298229,-0.2779473552509118)
 (-0.37659781965707351,0.075408799797562515)
 (-1.1364564281619889,-0.52651390653601415)
 (-0.61549520657995838,0.71506494062311909)
 (-0.83804725625045329,-0.3323487243135585)
 (-1.1915828435454894,0.19913881762311347)
 (-0.97490925948049301,-1.2016850465946241)
 (0.0012084633239149989,-0.31183065768510232)
 (0.24831377477801705,0.12634638119815425)
 (-0.35332721857213378,0.66384813559044986)
 (-0.89602511434495358,0.21642287374605135)
 (0.068090329830608892,-0.48798555282529832)
 (0.85260226909767667,-1.4282273000690315)
 (0.22530975787474161,-0.17251120224504179)
 (0.33486121763180632,0.55747924255301617)
 (-0.40486869112569224,0.11522777552600152)
 (-0.44489626839891944,-0.1725353556642874)
 (0.26179160976205901,-0.35690215255169927)
 (-0.15507706291651935,-0.063152561882171943)
 (-0.96146630048399451,0.8377441363711482)
 (-1.0746951665151852,-0.10503228635837053)
 (0.92573456873076387,0.37728145612749014)
 (-0.39091033257351909,-0.15027181700382558)
 (-0.10125167053567663,0.22800499699147769)
 (0.063095378238860508,-0.21018559624302735)
 (-0.078480640547773595,-1.1955649541634288)
 (0.15587153046053523,-0.48431410470316594)
 (-1.4888552644306561,-0.19260359454390319)
 (-0.56897805696820536,-0.52266875433917026)
 (-0.11870866553785253,-0.63825859949487096)
 (-0.23607429108834155,0.8236109861476828)
 (0.4756822664134091,-0.92323092825279618)
 (-0.59214118584821951,-0.0046340953922579531)
 (-0.24441214530210537,-1.1169804240402108)
 (-0.66214088582541031,-0.21195756745236938)
 (1.2616181736154108,-0.26892090075781155)
 (0.12641159030970373,-1.0431916896917515)
 (0.21673383795223347,-0.34626392345356216)
 (-0.3995508359296609,0.022818666082075528)
 (-0.34145011771045841,-1.1118051381803582)
 (-0.9390022671565823,-0.13310414863526704)
 (-0.9364674530552145,1.1576149462869181)
 (0.14487790598599953,1.1396294005386753)
 (-0.29119617108344809,-0.44249170845325736)
 (0.65720971924175964,0.24731550613039016)
 (-0.24888864948641939,-0.59078567059628451)
 (0.22171043050989009,0.86877546623546897)
 (1.0252078812269383,0.6518706115614521)
 (-1.0197717916725255,0.77665149042260451)
 (-2.0197687647497102,1.2505031637943727)
 (-0.44052645340114299,0.6516490946392125)
 (-0.95846265247039653,0.5272764946768207)
 (-0.50651515619568821,1.4125760273117904)
 (-1.0484699405407532,0.73149485331327413)
 (0.13955017768324965,0.11577895311394523)
 (-0.49144447909096373,1.2023528776922585)
 (0.90401954584269484,0.060043050597998748)
 (-0.64986514748763968,-0.40078969557109356)
 (-0.025094787792046519,0.036878552552724951)
 (1.0588537576324215,-1.0542240610063678)
 (0.071339934205097211,0.87975206162980479)
 (0.13060186307734767,0.33286402126076287)
 (0.35379850768109966,-0.13663784368068926)
 (0.15992710038483837,-1.0786302423856766)
 (0.32289711018812534,-0.19835057579962306)
 (-0.15254083576677802,-0.67272259672272661)
 (0.43787878098226152,0.73492704167941847)
 (0.55505303553785512,1.3724034309213335)
 (0.19605072527620412,0.22270104152514056)
 (-0.7967047852325585,0.73299619382384018)
 (-0.025754903330924131,-0.2337625732134937)
 (-0.5475935460412078,-0.86152083188446316)
 (-0.053587272955425598,-0.052373436442462389)
 (-0.07752648422414693,0.69342837212288599)
 (-0.44803877702327422,0.22283574497443392)
 (-0.57545350460037659,-0.01489509601855854)
 (0.052856716933380898,-0.31986201226337807)
 (-1.3210974318288939,-0.18736502899860197)
 (-0.077500164708325492,0.96506339663401031)
 (-0.20887904942213362,-0.18983420236217149)
 (0.37980751238363719,0.32000809643097661)
 (0.12601924841412895,0.3747893986098737)
 (0.23372345602325945,-0.87373272501455523)
 (0.58060538881802015,0.45145888153364144)
 (0.051228421504294602,0.30181907284271225)
 (-0.62073661693569582,0.041973777952256874)
 (0.4691801784273697,0.54865167378045254)
 (0.20812630261586706,-0.492038832525442)
 (-0.4648368335176033,0.81450592170682301)
 (-0.17156566650415811,0.77621800906248972)
 (-0.98541083190699963,0.46440459701911679)
 (-0.76802073877859756,-0.10813161458093129)
 (0.13988725678652664,0.74995267505497676)
 (-0.61273295203138223,0.2065052343502887)
 (2.0255672848092048,-0.9647250801885453)
 (-0.29633105016064376,0.80520801375319984)
 (-0.45431291832374898,0.55131923490275547)
 (-0.33567465768068894,0.74844975312725193)
 (-0.56017173911055096,1.0052613544190072)
 (-0.46542972503340452,-0.34879886524870451)
 (0.58385496017311667,0.23808673177029033)
 (0.42240574761207667,0.11744247959499704)
