# Created by Octave 8.4.0, Thu Dec 11 09:47:21 2025 IST <gamana@Samsung>
# name: rician
# type: complex matrix
# rows: 1024
# columns: 1
 (-0.29576169369913718,-0.72236631361923398)
 (-0.64658819914034615,-0.93383394246877427)
 (0.36906460408031877,0.63644588456809181)
 (-0.013160671282992364,-1.2732572006476519)
 (-0.5899304385803209,0.63833614333092503)
 (-0.33602034090931604,0.36391878680276074)
 (-0.57158223428007626,0.59320197578316769)
 (0.59691473795591954,1.0109325072867994)
 (-0.4688377929332449,-0.33983811143419385)
 (-0.61710524978126324,0.64624208387930571)
 (-1.0986594057708463,0.5419411508791091)
 (-0.35820831551494914,-0.96936045851036345)
 (-0.65896423070275312,-0.55041906913130612)
 (-0.48082748336571568,0.80415502359211077)
 (1.3570723509733589,0.58937871495918959)
 (-0.019271271865965556,-0.611434340502095)
 (0.13984787481664798,-0.3061967177322501)
 (1.3131683354752108,-0.73523705920027993)
 (0.4279968028768058,-1.3247770303901194)
 (0.29103908818417079,-0.89677937700123767)
 (0.59926030218917614,-0.5720042572675873)
 (-0.9351864103412707,0.7731225341707032)
 (-0.18218135372129901,0.57930859128577494)
 (-0.53232859917710396,-0.46197197820893793)
 (0.65813759836507579,0.61208995866836136)
 (-0.76254715937594575,0.021390547000865845)
 (-0.086601736187090939,0.60790795387454044)
 (0.43505643521167947,-0.26803291397785989)
 (-0.24229659385016131,-0.28431578590621454)
 (-0.69980755899536562,0.42061770016029065)
 (0.48499621240846569,0.67768005252838259)
 (-0.60719750955288787,-1.1992206951073512)
 (-0.82695606587225901,-1.203621698302286)
 (0.51748815527629954,-0.80891761299128873)
 (-0.48748750900183058,-0.85860951133404118)
 (-1.2661874545436231,0.74481541470744128)
 (-0.47955953405072321,0.70155040692535264)
 (0.66170880510145547,0.625194289412772)
 (-0.63807282061160353,-0.67799367240380493)
 (0.5551582705733098,-0.15328631561079137)
 (0.99783989164347653,0.57928016019526196)
 (1.1376337556705352,0.098696756619988224)
 (0.81795893221184091,-0.38528587093757294)
 (-0.078351858991429435,0.6557218212314011)
 (0.59455769532946401,0.50480164676816286)
 (-0.58580388223199731,-1.1074251365918271)
 (-0.70823675581280621,-0.61234515480181084)
 (-0.031559435061770766,-0.149268019600522)
 (0.30824384795273263,0.64222516451463474)
 (0.52691693694369268,-0.38037209239602049)
 (-0.71156483202490661,-0.44585826824381453)
 (1.2157759798584562,0.75765897230796586)
 (1.2314454956312402,-0.72523380918445057)
 (-0.69002905708094475,1.2153219247067422)
 (0.073212575617287265,-0.046019473165348858)
 (-0.91851724046826677,1.0543968495177285)
 (-1.3439129966108276,-0.79815673538990861)
 (-0.0096615696901428127,-0.70941124977294279)
 (0.41093588226560185,0.72698401841036808)
 (-0.74249712267250556,0.34062708308156242)
 (-0.55473454373629982,-1.0754969388915052)
 (-0.70037021830032953,-0.9788895005709779)
 (0.42099800271296151,-0.22869129378172579)
 (0.28943755417344041,0.72759386953339744)
 (0.43411302516753075,-0.22313010931365224)
 (-0.58573664372427503,-0.59799394608185374)
 (-0.5910802909052012,0.51584275118891909)
 (1.177156817712627,-0.30772759642410946)
 (-1.0098928006447929,0.55840645500593766)
 (-0.71152082303076958,0.88771960718225451)
 (0.53854233688504816,-0.10637570657770762)
 (-0.63602903608455341,-0.88012499964410484)
 (0.5854962000278997,-0.61793776517899579)
 (-0.81984150176873027,0.92000115845786568)
 (-0.59894304067055704,-0.28595978496553365)
 (-0.55396623709908099,-1.1534032776852163)
 (0.74911870528865765,0.56192458249912924)
 (0.68017476389131715,0.79159121973356128)
 (-0.40540707370618634,0.79608222003067231)
 (-0.38054323298403092,-0.45270416459737328)
 (-0.57952465827935229,-0.73686217244678187)
 (-1.343145571341064,-0.62213774413275336)
 (-0.93356360083261036,-0.86583899736062409)
 (0.96257651431725444,-0.19325972265477503)
 (-0.39307447131064122,0.21442142507554152)
 (-0.074484419042473493,1.0832267967710951)
 (0.4260838318961539,-0.99820857746486236)
 (0.62631143990633786,-0.27751874418035527)
 (0.56603521093571185,-0.88512354175209773)
 (0.71720675977691917,-0.62166591519058523)
 (-0.81437031387604875,-0.66939456976022838)
 (1.2199048267835431,0.49371161800642827)
 (-0.62213085541043112,0.91411689543890218)
 (0.88684211392531431,-0.57972878391953053)
 (-0.36066192975512851,-1.0926338179173221)
 (0.37658810129551201,-0.77427654931858469)
 (0.76297993157547628,0.41746043363733965)
 (0.12655740099512519,0.94348164175706595)
 (-0.53259193598300314,-0.60854748329703345)
 (0.6763646847472784,0.34708522682674392)
 (0.78620618242295137,-0.36633298738358427)
 (-0.83713412869760195,-0.43136876712476924)
 (-0.24894462298712583,0.53871753097346164)
 (1.1676017405006278,0.35365638047019154)
 (0.33537168128576633,1.0053733140692895)
 (-0.031408572484085573,-0.71256834860978158)
 (1.0910202975477545,0.44037003991515705)
 (-0.94641144150964618,-0.7160950175037949)
 (0.99275706028929733,0.92283818037207876)
 (0.85560149535169194,0.67021792078603504)
 (-0.60469514933268842,1.1754923753422186)
 (-0.81344230774326487,0.82180746806776517)
 (-0.030553568654398261,-0.15280806117318627)
 (-0.70052040817807659,-0.36397065033875553)
 (-0.76668612330094355,-0.4299046013287019)
 (0.35623621973145059,-0.77617064732187946)
 (0.36045874826015234,0.52317231619919446)
 (-0.61477954323356021,-0.45471882174602091)
 (0.47374955329224705,0.35068672598306322)
 (0.88887798268737261,1.200120701032465)
 (-0.44550182253475085,-0.6862065437185173)
 (-0.64739598628594452,0.71961675310422557)
 (0.55014278118267912,0.42191337128514195)
 (-0.47380018258510315,0.038269763657164391)
 (-0.99669714238367368,0.27652770289973772)
 (-0.1308157189662873,-0.66269356259635837)
 (0.070353535162762715,-0.63964738436036184)
 (-0.46617386963956442,-0.5575067763947722)
 (0.33748146759787334,0.14213651081038797)
 (-0.15034539605084243,0.42707304473735441)
 (-0.89389070701763673,0.06122635201061799)
 (-0.50574701638980657,0.31978162169680202)
 (-0.27744755585391034,-1.3414254046945273)
 (-0.095430087922182494,-0.59221656838350811)
 (-0.50631971457520453,-0.80606334320869388)
 (-0.80151757881297869,0.67481832072054204)
 (-0.18962564263639997,0.41051496050970165)
 (-0.63999506265141148,0.76406001605494134)
 (1.1757702275969799,-0.84479049884906399)
 (0.69721152578752021,1.4024079770201581)
 (-0.045575493372202902,0.45167073116761736)
 (1.0015583946788653,0.31492577058042748)
 (0.91797420655020212,-0.14822980004017156)
 (0.58491812366255869,0.85798065797143064)
 (-0.92060096985619777,-0.87054618604218581)
 (0.78604463573478611,-0.65956911246006933)
 (0.58227584400138288,-0.73661425742671915)
 (0.94228436701509977,0.109467063136854)
 (0.67032820307476126,-0.46474096697405454)
 (1.0029833734899212,1.2909614271183623)
 (-0.53965779170180028,-0.7449484073892646)
 (0.67737804426626957,-0.66661566276783923)
 (-0.46957759663659149,-0.24151708038907047)
 (-0.55083217472600576,-0.82101081657386688)
 (-1.2400254095839598,-0.77471216152497668)
 (0.40225435154127392,-0.48753955002157906)
 (0.5307530768375448,-1.1633099707025629)
 (-0.48271797020163076,0.3171038984327007)
 (1.2305213426250368,1.0591064943853739)
 (-0.40836590356706315,0.92316501895723257)
 (0.26738551317607867,0.33573764969377645)
 (0.44121042407590871,-0.71471956112644675)
 (0.39342457815534976,-0.4716928063753198)
 (-0.33600408551940869,-0.058873522315742277)
 (0.80640230660849077,0.64096079641712167)
 (0.36524510479469768,-0.42487846901310861)
 (0.28496971985166358,0.51269144611179129)
 (0.99374200659024059,0.43865762377897621)
 (0.47913322078262921,-0.30354311322166572)
 (-0.68346478659550491,-0.57596201466635988)
 (-0.7761479549761604,0.7430804248142121)
 (1.0904613227658548,-0.36232020181593871)
 (-0.90094480272322897,0.66294165460023757)
 (-0.099274186758019606,0.3631105051161968)
 (0.94481401460222392,0.8745754859151369)
 (0.63020552846874489,1.2319188572068507)
 (0.30172547970322011,-0.88263000602992392)
 (-0.26785091141218681,1.0926875904623037)
 (-0.070803149186332737,-0.84719043181471676)
