# Created by Octave 8.4.0, Thu Dec 11 09:47:21 2025 IST <gamana@Samsung>
# name: rician
# type: complex matrix
# rows: 1024
# columns: 1
 (-0.1458246642812091,0.92364031914784261)
 (0.63264406542323814,-0.62915514049303001)
 (0.35247902972298828,0.65591261046815075)
 (0.33196766465004113,0.12688812248160297)
 (0.34826190936757861,1.2741291859981594)
 (-1.3293802875872682,-0.41014018572838562)
 (0.70945293360016004,-0.56471139297317929)
 (0.4896088377249968,-0.73898196080116607)
 (0.69417376755386773,-1.0557786963969693)
 (0.23073917680305023,0.99634913475704101)
 (-1.000209532547822,-0.90941588428770515)
 (1.315752743679826,0.12403078591088712)
 (-0.55010418247689552,-0.84497769667494027)
 (-0.030651790010935931,0.53717815227225785)
 (-0.34219636426189581,-0.86165487980564326)
 (0.81177081634238402,0.2351593533259963)
 (0.91395147837690083,0.42254392146190189)
 (-0.88846817439529668,-0.70610828919224211)
 (0.27191462651001957,1.0486910900692112)
 (-1.3068652647378487,1.2522336213759306)
 (-1.1138698519918788,-0.98666064693946631)
 (0.55452486050599781,1.0583108923322833)
 (1.4797793349453567,-0.58985807952476343)
 (0.39421504783896966,-0.33615096936669997)
 (-0.49086232740335856,-0.77005175881652366)
 (0.59775675290890984,0.56411453688180724)
 (-0.50965418244731453,0.92972884845968473)
 (-0.74638421485042405,-0.52803227434772304)
 (0.65502454727531145,-0.80683154346946984)
 (-0.17413093335611707,0.7242257605047363)
 (1.248316043660507,0.55773554589456942)
 (-0.62571276029849265,-0.75785536182368962)
 (-0.82764403103178208,1.1563669350919379)
 (1.0343603105512462,0.39594529468113565)
 (0.51183067452930731,0.10232921361940156)
 (0.71625619190492495,-0.42960021016137462)
 (0.45330723936789813,-1.0698015349065875)
 (-0.44495271448779095,-0.7079517145278138)
 (-0.67661916645425368,-0.34056333176976905)
 (-0.19509598497824107,0.18832491320616343)
 (-0.32463229440346192,-0.83046415658990247)
 (-0.079302691064598141,0.65597496317649373)
 (0.21114445539248392,-0.59581217029967259)
 (0.57920373475211873,1.6816018787793521)
 (-0.50305641678333735,-0.77753825788088315)
 (0.13314324060971022,-0.1956906317127291)
 (-0.64013668594770379,-0.23701075887562775)
 (1.0846532123334387,-0.71602066711427947)
 (-0.75488396698476934,-0.82370938486535272)
 (-1.0980231667026459,0.19842307548677696)
 (0.5026145297107476,1.1174284519638835)
 (0.4191745026449521,0.10002819260184154)
 (0.77495467383388006,0.80606735241170335)
 (0.47335438901480531,-0.48061558598653464)
 (-0.5885576864297003,0.83218881931952293)
 (1.0563713755824247,-1.165922288459234)
 (0.68693638093021592,0.44854528342608735)
 (-1.0963194228587301,0.22881466426265795)
 (-0.82313335257871867,-0.61292587669309484)
 (-0.31104962936900316,-0.098196630117408173)
 (-0.4605089939434443,0.40314289646542162)
 (-0.18755045362915701,0.97925352927777221)
 (-0.73456174992322876,0.34176028423084148)
 (-0.5088306584160075,0.16190914584558389)
 (0.87758808878023531,1.1851556673536825)
 (0.26268285867620567,0.43384554196168701)
 (0.72280971445854769,0.19199354274745667)
 (0.75610926797904454,-0.56525432629469619)
 (0.71547464869101596,-0.56570908500193662)
 (0.77848654990435517,0.49253192989406513)
 (-0.22738756012181938,-0.75112672642708322)
 (0.77884231704071183,0.28351357760620133)
 (0.27451776563108149,-0.55560014055900675)
 (0.20814071070599233,0.92579764460083647)
 (1.2618128688214214,-0.55517132760965271)
 (-1.0549592603473195,-0.018753299556098502)
 (0.74948962046430989,-0.26337713302551002)
 (-0.60215256910775983,-0.93463379597804175)
 (-0.83974526627325197,1.0208515027973886)
 (0.61671150182592371,0.90900447370739457)
 (-0.89109221748382439,0.12801693153763638)
 (-0.3251713480630522,1.2971802269080335)
 (0.95390514449148367,0.35424601823410851)
 (-0.69135415706565273,0.58165671199997249)
 (0.51339183678683764,-0.37352896570240091)
 (-0.33467294981166057,1.1976740445536689)
 (-0.91974154884252812,-1.0423796882671752)
 (-1.2238985376381595,-0.7253966361269466)
 (-0.062624464200328744,-0.85067824626500366)
 (-0.77828553784263854,0.93155510482913662)
 (-0.3849414313839718,1.1197672227723336)
 (0.067308141337986183,0.44246334788792802)
 (0.90507333748797802,0.49843103747612555)
 (0.79109743434560253,1.1936744539436881)
 (0.72431085677778562,0.40102630263097022)
 (-0.52718948743485183,-0.93540973991176946)
 (0.33253104827039992,-0.48040874815158208)
 (0.35418030768848252,-0.42446558836166071)
 (-0.50291357676888238,-0.76706696235760741)
 (-0.66854972939025381,-0.96135529175211754)
 (0.63219767090282797,-0.73985515129705226)
 (-0.25479443713346139,0.076079668802105135)
 (1.3381755412259908,-0.67701659229475808)
 (-1.2737037426517532,-0.7433270491025179)
 (0.50788386882675041,-0.23364938610088329)
 (-0.94661736558892884,-1.5580634567811549)
 (0.96183120247813014,0.59061473220119698)
 (-1.1888915269603333,-0.48684073534602063)
 (0.47262490281945274,-0.32167113055923896)
 (-0.81697476547284775,0.54854587135014865)
 (0.57470957780329246,0.27543628126840997)
 (0.8685809741304068,-0.24228156422091518)
 (0.96012641861502035,-0.65989942770274423)
 (0.65071482316148799,0.81764299422705455)
 (-0.69676748652492826,-0.76834133226973167)
 (-0.66859913437426588,-0.45281523789075145)
 (0.29054322082033202,-0.86945400184064248)
 (1.2948009877639146,0.79679454293262564)
 (0.70699966791548174,1.3408036566286934)
 (0.83615430151467163,0.13025800516014885)
 (0.17480035831791696,-0.35287871382099356)
 (-0.30062074733034394,0.87889404015468231)
 (0.60086072408335012,-0.097075439000783248)
 (-0.11508366142443732,0.39993490225854172)
 (0.51894417514779279,0.56854754653089845)
 (0.72129404327658486,1.0137087951063144)
 (1.6019710142959536,-0.2751687121616101)
 (1.1403498241433507,0.4483646024405496)
 (-0.83864802590084264,0.56767383972942809)
 (-0.46155077153452029,-0.51799694149806574)
 (0.82792379813583117,-1.1788167774172795)
 (0.48917241217721597,1.0408246902288791)
 (-0.76851848587588933,-1.4092958456358888)
 (-1.7095119925200675,-0.33879022115710955)
 (-0.6558448577924938,0.81983647664360348)
 (-0.74679612954956454,0.8819088113066117)
 (0.69233541230757489,1.0412007032110278)
 (-0.11807889114267356,-0.67643974797999074)
 (0.48402758223037951,-0.52264442410932266)
 (0.53025928073733708,0.84336530526717113)
 (1.249940340301436,-0.64376307537765687)
 (0.77086981849821112,-0.93103163017105073)
 (-0.47134979824734252,-0.3943758918347619)
 (0.64811236264512517,-0.012272502323479428)
 (0.96246176536730488,-0.81048670604221895)
 (0.76182619789137096,-0.48263659880040222)
 (0.67043455689944365,-0.70988105186689632)
 (-0.87867081585783602,0.66454902723113096)
 (0.66484659762301579,0.78600933429223141)
 (-0.82020756478417378,0.14008722669851309)
 (0.3048642281534571,0.84736404649537023)
 (0.45759408986407013,-0.10311477457435883)
 (0.094270289530636875,0.17673631664055595)
 (-1.2574636813361006,0.71934121910251414)
 (-0.07585037353376764,-0.47368381144995741)
 (0.68353810976693796,-0.30240606576659945)
 (-1.3290396801362807,0.92079604266804205)
 (0.38982665664968014,-0.84186560761789919)
 (-0.44729822035086536,0.44328018450049628)
 (-0.73365999603247234,-0.29004387492259637)
 (-0.10090211940487315,0.99369758365529748)
 (-0.93652000237497324,1.2456302338190959)
 (-0.35236062238340526,-0.7594606947839011)
 (-0.45668605838357768,0.30656317946151446)
 (0.50092756827463814,1.0123047283827509)
 (0.32433907722403443,-0.10360212874726024)
 (1.1128241990128864,0.46666713822106243)
 (-1.0356019101198111,-0.36263079986759972)
 (-0.98645645116134451,-0.05378979894139313)
 (-0.31878179003703555,-0.8576010482227725)
 (-0.53267823390509716,-0.43788035720187646)
 (-1.5840648011881664,-0.56261569651820786)
 (-0.8343502738859303,0.2279024841708252)
 (-0.97854814246437916,-1.2714338057436072)
 (-1.1616967785711356,0.73337511924068888)
 (0.53315154385592378,0.79356328051003477)
 (-0.59072994262572243,-0.32342939986623842)
 (-0.34746287541485199,0.83380755887770486)
 (0.54597087329742111,0.74262114323873729)
 (-0.32482623676721328,-0.16280914798288809)
