# Created by Octave 8.4.0, Thu Dec 11 09:47:21 2025 IST <gamana@Samsung>
# name: rician
# type: complex matrix
# rows: 1024
# columns: 1
 (0.500918201889749,0.14725699706868622)
 (1.0649657132726149,-0.66276390229150295)
 (-1.2864117295975175,0.8042720360361193)
 (-0.35214779727703166,0.27449844647931682)
 (0.80030981927470757,0.49195662591773165)
 (0.67156134964065239,-0.85343646357658554)
 (-0.42118156246673022,0.48697570326626094)
 (0.29457092102942034,-0.91746810737838436)
 (-0.47277391325648432,0.2907010957120244)
 (0.29071567878202487,0.7195325844050986)
 (-0.82216471135025015,0.6553607537052164)
 (0.91150446960254083,-0.86058116369862192)
 (0.3136960498382787,-0.98136154840087675)
 (0.52358137505948765,0.69160132523066797)
 (-1.117223681807632,0.99049694896043117)
 (0.78649091981478003,0.47384455592925012)
 (-1.3074662251344522,-0.89874254850509361)
 (0.89865420075317071,-0.51651587220595341)
 (0.52895008987239733,-0.88078423578216025)
 (0.10802638237101281,0.18982659812779917)
 (-0.48097018496336824,-0.31352799883204846)
 (0.78734343236071491,0.26379866321676554)
 (0.75326136329676607,0.91589168390948184)
 (-0.36695636804869602,-0.60550086837522255)
 (1.2225111410542082,0.37957872537816806)
 (-0.33685673359155038,-0.28254617475217264)
 (0.98925429073691584,0.27967987642124437)
 (-1.1488155151753419,0.50536981178693274)
 (-0.79747439496276051,1.1689525305194295)
 (0.83605078414707168,0.75827732023719574)
 (0.33088659584782382,-1.0939210264660915)
 (0.07671772888444045,0.54820277102565251)
 (-0.817462450343167,1.035102085693961)
 (-0.54052724320607293,-0.39985133507267562)
 (0.36196793308015629,0.54608034936075411)
 (-0.3465392254133608,-0.65226598461865715)
 (0.34757619771087994,0.45631625204104115)
 (0.036074707930258049,0.50935696219171067)
 (0.38848872155302033,0.44776312983507988)
 (0.53133569910740053,0.081854252009077866)
 (-0.70259340327582176,0.68116518148270055)
 (0.19182844007263625,-0.62451295427791842)
 (0.25239463867665324,0.41614692970747247)
 (0.63599704440001437,0.69723948563593752)
 (0.19851723306595442,-0.11465159212095259)
 (-0.35239699468473018,-0.41016572486634129)
 (1.1601152111171202,1.0041111712358324)
 (-0.40176750531678107,0.7303250341766887)
 (-0.4951161738171751,0.22933197655514029)
 (0.062409312132886086,-0.75567780413886432)
 (-0.96845522911521909,0.93040353952080035)
 (-0.28223703023487934,-0.51827953636612589)
 (-0.32569147030601925,-0.18058728877676627)
 (-1.2442806614566027,0.65761938879014759)
 (0.76393993538083482,-0.24898837016395914)
 (-1.0179105621581144,-0.49051853797444794)
 (0.57586042559898099,-0.047358263204804463)
 (0.6728251865268855,0.2479855418912254)
 (-0.45656120630123648,-0.32211842402268837)
 (-1.0099961526164771,-0.2279575539914811)
 (-0.94058944614968898,0.64207191687877396)
 (0.85310586395039423,-0.91231053995748279)
 (-0.75756592631926356,-0.56810921934722525)
 (1.1765893058123156,-0.84830073397993799)
 (-1.0171823246896168,-0.04479380287198903)
 (-0.23984669014352378,-1.3068922012986066)
 (-0.34621086280050384,-0.0052746349690688532)
 (-0.71750441450535918,0.80244763695834542)
 (-0.27016822355140779,0.65596529196969067)
 (0.94550383713236585,-0.63061151978491514)
 (-0.83900606077961026,0.71061827874964945)
 (0.3795433987615221,-0.74079777951763981)
 (-0.33696928910363461,-0.32090410508784578)
 (0.40820103220119103,-0.87659584978483363)
 (-1.1151958347880169,-0.55465672288816192)
 (-0.5694911986237039,-0.9751687707017429)
 (-0.80134452047565441,0.81169148503836563)
 (-0.5161713130679888,-0.69600138079643759)
 (0.99960753277389047,-0.48702939177182136)
 (-1.0184618180013894,0.56023023907966074)
 (0.51088954009872178,-0.60283260800299432)
 (0.28485649955522213,-0.59748514434745648)
 (-1.4836934319162818,-1.4771499330215641)
 (-0.13032146657300511,0.34679212886931521)
 (0.75375682361326335,-0.30123092412437524)
 (-1.0176878479556726,0.65701967966253516)
 (0.72321712731227217,-0.57558561574032285)
 (-0.1360196703528804,0.60397821394027607)
 (0.5185374209418927,-0.58948643520743094)
 (0.76889551843627246,-0.45569141548771008)
 (-1.0382630186932029,-0.56758258101151016)
 (-0.45903327796685106,-1.182861937492655)
 (0.13548920266086628,-0.50711742953619843)
 (0.039579361408307256,0.49525398581628782)
 (0.2023592438569074,0.73190287601870663)
 (0.88714124080522616,-1.310929130695222)
 (-0.57305188627770665,0.73185790719795729)
 (-1.051746800458627,0.15120223160502133)
 (-0.68882453207653149,0.16782498424342285)
 (0.68227190127682003,-0.93201852704471577)
 (-0.25747607060625727,-0.21146007822163154)
 (-0.36869758015841231,-0.3407828695014265)
 (-0.7861291207122626,0.37124065820713315)
 (0.60198082226205796,0.57531677362896794)
 (1.2657619661568196,-0.27914766015034959)
 (-0.90831730409304434,0.83366965990533215)
 (-0.24130396754031411,-0.73239681154629233)
 (-0.95408152294571624,0.295215344399063)
 (1.0439153871788101,-0.49414707989965378)
 (-0.78684683398494482,0.10563481992773949)
 (-0.1546377315369673,0.47664050255367724)
 (-0.2786521845740122,1.3472661848941643)
 (-0.37977323525430012,-0.86551199404693868)
 (-0.70239924317065761,0.86341379741766899)
 (0.023838742331162621,0.6782237332784824)
 (-0.9533840460983688,0.18863160654741817)
 (1.293168156718604,-0.13043292257401962)
 (0.60844652633323459,0.79910717189457348)
 (0.73231010554148956,0.78032792999798173)
 (-0.45380532341766966,0.36345659185506851)
 (-0.69203846543028713,0.51351308572636323)
 (0.38769573946022318,0.56068084459169987)
 (0.72961730812539538,0.64995656568270821)
 (-0.21962950558152755,0.98530304844007466)
 (-0.61699408189777527,-1.1402596584631215)
 (0.43141973447615861,-0.30758077472870177)
 (-0.89509627878931541,0.37215286150778548)
 (0.63797192228555455,0.67662385662507873)
 (0.34809326942657681,1.2422524110540452)
 (0.040493765471101173,0.61438336542410976)
 (-0.45552007060790556,-0.62727190858701054)
 (-1.0711470474981217,-1.0559255120001656)
 (0.17302566378756545,1.1372338146172845)
 (-1.1517378992554319,0.97151114308734177)
 (-0.5412912559693468,0.82584458768671842)
 (-0.76341141268775659,-0.31140779769787164)
 (0.21053558531756086,0.32170741523339413)
 (-1.0408194001683677,-0.27919533102937649)
 (-1.92483346687942,-0.5392003379478395)
 (-0.14881922050713925,-0.89141646617197989)
 (-0.95114912750819058,0.58610095397047746)
 (-0.58820855275563821,0.28225792551014744)
 (-0.67338465969327388,-0.25390397122157649)
 (0.50184763491541085,0.6266341567704492)
 (-0.36552782571127229,-0.27602750825997902)
 (-1.1647290314235244,-0.85486597040981294)
 (0.64690729210422604,-0.61771652929303666)
 (0.43770639917042448,-0.18995982133348049)
 (-0.10651984189902564,-0.46517387339295013)
 (0.54664841817707299,0.15505700792858007)
 (-0.39176192367667506,1.2952601321772477)
 (0.7181739278063346,0.043986376793283433)
 (-0.58355454286806285,-0.14991117580092822)
 (-0.7058499968180294,0.040748262756490572)
 (-0.62526269276952529,-0.20683356209365938)
 (-0.15004801500962947,0.54362572094691997)
 (1.3177568279127299,0.97074081680833324)
 (0.52831772393012677,-0.4620880328806804)
 (-1.3942295362695005,0.4199726367693325)
 (-0.030641155144053023,-0.79378333034852311)
 (0.031076727492922118,0.77309088796742298)
 (0.97475174475836068,-0.64179535630470053)
 (-0.52708777522076788,-0.09996747466050937)
 (0.86154357304616658,-0.96585029992305016)
 (0.60093721379057818,0.15576512364682493)
 (1.0498153349150778,0.50849660743181313)
 (-0.93146361414458145,0.80424770847141602)
 (-0.98142579622182113,0.42234730907924095)
 (-0.056147754472659267,0.49928752441178903)
 (1.4473298307944331,0.31723077837236635)
 (0.35003623966520275,-0.85556732795818635)
 (1.1427038985147091,0.79719798534549446)
 (-0.52619598924123556,-0.90964022814552425)
 (0.74047260600415599,0.54297219668156282)
 (-0.42483048981918925,0.0058349352138920008)
 (-0.43868194125768772,-1.092865476860055)
 (0.88335752099495479,0.87879329585987775)
 (0.2956745527362622,-0.52255660665117853)
 (-0.8055295294457494,0.67321139772841443)
 (0.79470518790893285,0.079055396796515465)
