# Created by Octave 8.4.0, Thu Dec 11 09:47:21 2025 IST <gamana@Samsung>
# name: rician
# type: complex matrix
# rows: 1024
# columns: 1
 (-0.505435059130105,-0.42581815016456398)
 (0.59265722568352852,0.38720643637464891)
 (-0.021087461290234533,1.1508870462750069)
 (-0.95602807713667037,0.70935480446060717)
 (0.61044286547169824,1.0822578411138974)
 (-0.18463821313045795,0.58333866559925063)
 (-1.0830515272371322,-0.46486302334528101)
 (0.40357970200577059,1.0210664800563791)
 (1.3414293126283732,-0.87216851649792348)
 (0.45203810073799455,-0.46169502780023763)
 (-0.38579689073437007,0.95139501631733481)
 (-0.26303595798798785,1.144185371365996)
 (1.203358522354145,0.82785322402577466)
 (-0.77517365185163678,-0.59157679708327415)
 (0.23510749478339532,1.0677234460188121)
 (0.40877934917832942,0.57467648366593305)
 (-0.43724260247746199,-0.84436032534246452)
 (-0.59838965713542958,0.60367678511797773)
 (-0.28561482251654652,1.0699894593260246)
 (-0.81844426235173873,1.0786887663810782)
 (1.4149532952498105,-0.81441954658589599)
 (-0.86863850580318125,-0.12733825762946005)
 (1.3165069822500353,-0.53915614945926116)
 (-0.12948197859449506,0.51178653838856114)
 (-0.71668486856241154,-1.3981228119331037)
 (-0.30886291754700257,0.25538468783220625)
 (-0.56931734605230633,0.73915499628182546)
 (0.72638458727575239,-1.1841984944333921)
 (0.96235866664164671,-0.41633086818141674)
 (0.56324440281563826,0.20876059394496038)
 (-0.5325407778468686,-0.96911752836171117)
 (0.95628506147151859,0.46034984619109659)
 (0.72325318389565973,-0.95349907157980129)
 (-0.53849036160045005,0.05250917719628731)
 (-0.82619145731280363,-0.34009856461185717)
 (-0.064320298133826059,1.0451118168182358)
 (0.483597287840208,0.64832545333944958)
 (0.72830466825204931,-0.58190160975337757)
 (-1.1230671050675216,-0.50972038148429422)
 (0.51108380440253642,-0.4053765486038064)
 (-0.7097925816650682,0.72748013738033823)
 (-0.522537158522561,0.69444168091546177)
 (0.56509016181185423,-0.2138135202898043)
 (-1.020197761295043,-1.2551632283904643)
 (0.77154716983999738,-0.58240620073103089)
 (0.36433346937049838,0.46436467080708843)
 (1.1156471246455648,-0.24769193314250365)
 (0.16865666592418119,-0.38095476759096281)
 (0.51394233961815328,-0.59281488096781754)
 (0.66334501431157933,0.035663952115610964)
 (-1.0186433559508798,-0.45962584079299529)
 (-1.1633776314658208,0.53955567020084394)
 (0.96777493290449068,-0.22535260287926934)
 (-0.6147313493444222,1.0564097073955714)
 (-0.36586648821222933,-0.56129894253613122)
 (0.57446654022656252,0.98643827819239882)
 (-0.044339741772166874,-0.54550638773960558)
 (-0.51285279471966438,-0.79602285878832313)
 (0.052271717944365248,-1.1198376583394922)
 (-0.79513525819080411,-0.80477672501784137)
 (0.81535432099748351,0.9508293324511724)
 (-0.36899621989378484,-1.4970524144571469)
 (-0.59254660835683015,1.0706211001252997)
 (0.48614054312678306,-0.66015757962324506)
 (0.23747303010556353,-0.9726929622095547)
 (0.76607094403235287,1.1499937097474064)
 (0.74920611533993819,-0.45289626270832695)
 (-1.2895589316020626,-0.71230586238145699)
 (-1.0433071724732348,-0.22441193866136344)
 (0.42074783758669732,0.77364739778161762)
 (-0.81220175354755719,0.032750913892519495)
 (-0.39720240631512055,-0.80266662452402082)
 (0.88583523231302408,-0.31268630531201397)
 (0.065813972011018962,0.80229159927304972)
 (0.65278918509832584,0.77255545809862292)
 (0.87276834659125657,-0.1011044546006315)
 (0.24131957114703417,-1.2173804005654527)
 (0.65067294925124075,-0.96668291203205536)
 (0.49248624472238456,0.1602716344971743)
 (0.72941513839824057,0.72458224772046775)
 (1.2439548260511182,-0.155938233756311)
 (0.13024111672716635,-0.46510917287828035)
 (0.46697626871380321,0.57492559291540779)
 (0.68497483077940025,0.3468574403263186)
 (-0.42907688024871193,0.89724136662512599)
 (0.4831845017924799,-0.62330427488955675)
 (0.017944655961133593,-0.52185231881549254)
 (0.57846507416976234,0.60753878932657002)
 (0.75208255475673924,0.46345083238930951)
 (-1.0592948000795539,-0.62814688076236747)
 (-0.75215036590752837,0.45117104595454571)
 (0.71093554943796577,0.59060956361314398)
 (-0.53464507279884055,0.54436150852129983)
 (-0.5331045098999776,0.39897431812636736)
 (0.4473851756246886,0.50213696095732352)
 (0.011335279150429312,-0.83836073414324341)
 (-0.88127132176162359,-0.16392753039620434)
 (-0.30834405212165306,-0.68696335411069864)
 (-0.97251839326348544,0.56774176026861956)
 (-1.0014217566269321,-0.39840025593434897)
 (-0.36222396392675976,0.1744139895176951)
 (0.79173355876937235,-1.3149541075157041)
 (-0.0019927426275891391,0.85445723758604064)
 (-0.03965674755725726,-0.43231763814585056)
 (-0.92007195102289185,-0.93304726209445743)
 (0.05086098209375034,0.63530959942520893)
 (-0.84582126742469121,0.48424788979373701)
 (-0.30582774627150372,-1.1632307120136594)
 (0.24593936848465489,-0.14310695560982065)
 (-0.25898484427547913,0.75023311484823285)
 (0.65822538842581124,0.90252644102276902)
 (0.05785707375668625,-0.86264127398068724)
 (0.2107746662798656,0.10154673754319007)
 (0.31720978262709421,0.63974009850236913)
 (0.21727010943936137,-0.43543635285048249)
 (0.45531107484433997,0.069955670769858536)
 (0.79978188656629112,-1.4734326125154256)
 (0.39823721594599609,0.63013338471713376)
 (-0.31013843079802694,-0.44091303138319327)
 (0.57547254584835539,-0.64774266900663502)
 (-0.56867552004205346,0.16984772852446789)
 (-0.40006130777216986,-0.66132125096094641)
 (-0.61131711391483134,-0.56642452022327239)
 (-0.041740696097352953,0.48838288760167992)
 (-0.58863533354953168,0.017332350082393533)
 (-0.84958692158125459,0.85365867802269491)
 (0.35152644239641145,-1.0363362174952482)
 (-0.15545622746478405,0.33036581084299277)
 (0.97181321403243259,0.75423597060353431)
 (0.024912970891843911,1.0103906858203424)
 (0.0081253048991550836,1.1479883935831805)
 (-0.8044472129826078,-1.002453444813741)
 (0.88446016687387752,-0.45309063117084369)
 (0.40445786670963302,0.60831628828902939)
 (-0.24774210849550299,-0.58758024889585814)
 (-0.5508615992819782,-1.1435123570456738)
 (-0.13392616858792328,-0.075823297971702744)
 (-0.45802096006699916,-0.49402808261033887)
 (-0.5556848846358502,-0.69626024613390824)
 (-0.74159484404520093,0.74579042398118589)
 (1.2753931638793659,-0.49422017688106751)
 (0.68561199520034033,0.72108248526768626)
 (-0.83523954995774452,-0.63072237813812726)
 (0.15101326208255,0.4006796796322048)
 (0.31107320630604229,-0.33190044584854261)
 (0.0013153264183026758,-0.6083012562675002)
 (1.2647061298490563,-0.075183897252752208)
 (-0.89430083616199241,-0.87932237519733736)
 (-0.87000797779395467,1.2494945687674053)
 (-0.34087426007754762,-1.1039922363884769)
 (-0.77271789738051433,0.66584035825668864)
 (1.0322885240240716,-0.58512923140735129)
 (-0.079287979411552773,-0.3751909046669385)
 (1.0008736812979615,-0.47612006934163298)
 (0.24331202559822906,-1.3505849472840366)
 (-0.46186482319456451,-0.97676212910246574)
 (0.65311222195156793,-0.99888186464279527)
 (0.37293423422408845,0.70783793385213478)
 (-0.69204414723943619,1.1183870339660498)
 (0.69258267241267701,-0.83547972679280991)
 (1.271644190051846,-0.10170791120350076)
 (-0.99229605814428723,0.016754349792168277)
 (-0.21357606418638064,-0.63289863069970842)
 (0.33153556955075597,0.012871490230180471)
 (-0.82267782497503927,-0.6374498025539157)
 (0.95464577222214364,-0.61341015083133932)
 (-0.62017355384966022,-0.061710610459344506)
 (0.70132298770531443,0.69313751430324344)
 (0.26140522461265764,0.42696575126319408)
 (1.3577523144856074,0.48542990866058305)
 (-0.68970643187551062,0.43558442016678267)
 (0.88204922080444814,0.24543500214830111)
 (0.61735297901078967,0.64938948906777427)
 (0.57136499541867303,0.80063163300160389)
 (-0.53673545325314387,0.65338953123646903)
 (-0.065580818599255367,0.079900563476812639)
 (0.052732184850688424,-0.81772326269857187)
 (-0.59361672077607852,0.38397873510733188)
 (-0.01505482397629232,-0.48188029183321346)
 (0.16321874853971194,-0.15570809400719868)
