# Created by Octave 8.4.0, Thu Dec 11 09:47:21 2025 IST <gamana@Samsung>
# name: rician
# type: complex matrix
# rows: 1024
# columns: 1
 (0.8479828995377936,-0.65834432080686889)
 (0.29082627056769794,-0.46072148040360061)
 (0.53500418425122087,0.76320776981856342)
 (-0.73616276760792088,-0.34395882737985695)
 (-0.47375297049178683,0.97276710964780078)
 (-0.34519563196402991,-0.60320469720771885)
 (0.31117428126890195,-1.0196946928945818)
 (-1.2556419239434979,1.0073933874330576)
 (0.1418495295746264,-0.40797205745549625)
 (-0.40525780391570965,1.0433678444411112)
 (-0.97474454136236266,-0.66461859916165122)
 (0.18891446770184947,0.22143004699297633)
 (-0.50348142430762133,0.69228384167311097)
 (-0.31800481622113513,-1.032724074725188)
 (0.68561506715154585,-0.42058392042816795)
 (-0.058092105554563456,0.74047219416465671)
 (-0.47285501815398218,-0.61182834769031724)
 (-1.1050385860815579,-0.52775332825559229)
 (0.51142252075924621,0.52468509536115726)
 (1.4485772001854844,0.66423613967022277)
 (-0.016961317742415272,1.0386800810617669)
 (-1.3201938235278732,-0.63642843693955486)
 (0.29377093420895473,0.64155455067654976)
 (0.55713000711517657,0.80371853906316493)
 (-0.38365879112940077,0.45613462443708813)
 (-0.75662423546194513,0.58962528135551595)
 (-1.0406550330639472,-0.71670054704605124)
 (0.5195162432750724,0.24366799267346648)
 (-0.089261251816183995,-0.81750830854736978)
 (-0.22770535448451601,-0.97937485927129098)
 (0.59438882480083088,-0.21176452869623716)
 (0.86816279976096145,-1.0595534868388055)
 (-0.69873749078184599,-0.97678958451618358)
 (0.7883302458594672,0.065397875742116141)
 (-0.68293056279639486,-0.82537895985131238)
 (0.85020222173522475,-0.049235224795825039)
 (-0.18690946788508289,-1.1842202024317532)
 (-0.26755200478428909,-1.0575874594858936)
 (-0.89051786366412666,1.0955811043581507)
 (0.094912909997253714,0.88059306557216455)
 (-0.36897027067899418,1.1066208892512612)
 (0.78758720855423814,1.0794145921347214)
 (-0.034218241747823369,0.50685080859243992)
 (0.8241155506611999,0.51102979909055368)
 (-0.82323692975638751,0.7203213108357136)
 (0.86608679277132306,-0.40119314864657862)
 (-0.18362530318348996,0.52038743797998666)
 (-0.43959369423499139,0.91145832763166301)
 (-0.62599954119391754,-0.77221947788374845)
 (0.45004295437881214,-0.0069258291936317717)
 (-1.2944129469511207,0.60941266997449728)
 (-0.72238633973391897,-0.37691686558856685)
 (-0.92437017575766012,-0.84157644742556137)
 (0.13392950843409096,-0.67433421915345515)
 (-0.10001231857508058,-0.69285489100015374)
 (0.75585455101886567,1.0007662564181352)
 (1.0084534175964321,-0.57448015751880588)
 (-1.1561054546882006,-0.445541445451273)
 (1.3214790866831136,-0.57335609662376519)
 (-0.94027068356121457,0.34139915301265755)
 (0.54680297330913996,-1.0385854850042511)
 (-0.12471991269966656,0.31387785322191142)
 (1.0355049462500228,-1.323060853855567)
 (0.33818146199368293,-0.95438441414710296)
 (0.85891060063213331,-1.2905866969541444)
 (-0.62638967273027779,-0.41998835254462263)
 (-0.15854631664660168,-0.069309830826578905)
 (-0.81095799228348708,-0.70003142975547372)
 (0.64932672952249493,0.4015813337643625)
 (-0.68925123025655743,-1.2023374996636946)
 (-0.10316605730614836,0.69693084731133603)
 (-0.58890134373723502,0.52200663451798301)
 (-0.50402283550208393,0.98329389995436745)
 (-0.20646039121766208,0.85408500533641285)
 (-0.62494804183479169,0.15684626429372395)
 (-0.45041028800340288,0.018545821901228693)
 (-1.074130861454978,0.39882844977015641)
 (-0.69558683319600867,0.1923532065903234)
 (-0.31457561561359859,0.8815160879217423)
 (0.88802111888863233,-1.0160672084149152)
 (1.2624428443762166,0.13533440495949645)
 (-0.36828619555494546,-1.1802857336480606)
 (-0.8016113793802323,-0.47727199111744001)
 (0.58650207316951286,-0.38046154729807735)
 (0.97891016183682367,-0.18271061570457076)
 (0.74861647986873869,-0.13407891281850826)
 (-0.27052530888060872,-0.36555742196765778)
 (0.57864607252265099,-0.53170747872658009)
 (0.96838068972033819,0.99899493778165382)
 (-1.3291021260424165,-0.15566922070555012)
 (-0.82199403596882936,0.064685046273421254)
 (-0.6147012069560055,-0.017804834267680425)
 (0.80663619897925121,0.2724924338472427)
 (-0.31167536996876571,-0.7741406723784463)
 (0.46461880874257777,-0.55248811819228472)
 (0.5631450224630804,0.43835540501570608)
 (0.73159900794674582,-0.44940625220848601)
 (-0.45875363401805724,-0.58275372558267546)
 (0.062692768218363171,-0.694278318722368)
 (0.26173537114693018,0.91131208330085345)
 (0.47346115394549565,0.21485906398414617)
 (1.0108215145756052,-0.33031192137047338)
 (0.49531664674041576,-0.99421154636018305)
 (-1.5712703400448353,-0.071852199201630773)
 (-0.42797271278633597,1.1195749179848642)
 (1.046039726220658,0.14141780068959903)
 (-0.046147985295097671,-0.31887170807741549)
 (-0.43152135128131763,-0.33142404688689142)
 (-0.42278092201309492,0.95402547183686282)
 (-0.84034098098753285,-0.61909918594224944)
 (-0.50951338482165642,0.77478940481332637)
 (0.25312146184822026,0.31689542450949293)
 (0.48717853949850398,1.0757343244685733)
 (-0.53375945723166074,-0.53028474586367069)
 (0.63656256695889923,-0.22757550051137579)
 (0.3689284962789473,-0.25430425914260768)
 (1.1414419888982075,-0.49269923990603376)
 (-0.58375819486296787,-1.0272849732374874)
 (0.40654243319755207,0.41736554227879658)
 (0.1859168751600874,0.67192557490440197)
 (-1.0355070635631112,0.65808931743041266)
 (-0.18323000305139894,-0.47811270363313352)
 (0.60785723956771243,-0.2816550781071715)
 (-0.72345056896969639,0.4169027603484996)
 (-0.35781700475582912,0.69068140415170132)
 (-0.46385381004460863,-0.031968997173618507)
 (-0.20544237042551527,-0.36842711553074314)
 (1.1249750872678672,-0.36821336020685097)
 (-0.35198167974611766,-0.48052203704363255)
 (0.7799057301607587,0.27352510695766552)
 (-0.86009359225863524,-0.95537569222781515)
 (-0.79704987282626838,-0.72990220889495105)
 (0.8268081998064879,-0.99557083913690325)
 (-0.70216765043876561,0.70634248887627538)
 (-0.95771926346088665,1.279050018193203)
 (0.68584027505686973,0.42409131801282096)
 (-0.2355825721548801,0.41159987010593202)
 (0.6538191862690178,-0.7074734554334422)
 (-0.63971876652285897,0.80047422607324692)
 (0.53212750713598478,0.41911665490447653)
 (-1.1573336282639637,-0.28534566649536958)
 (-0.53385105624316787,-0.74502981743816787)
 (0.059479644078900828,0.88590881951631617)
 (-0.6779637241485128,-0.68162238017321264)
 (-0.46910338653944195,1.548307513644934)
 (-0.33811239259073378,0.36430761635331588)
 (0.61884498460092374,-0.35379659402507346)
 (-0.47255490061532257,0.85091427685141119)
 (-0.5791694430221721,0.45815754640109857)
 (-0.80872072543077123,0.35654135801229392)
 (-0.49697057482643203,-0.37493302949404972)
 (0.68262958474343693,-1.2946604332192986)
 (-0.15897105548562646,0.96293590858046563)
 (0.74873032073833712,0.36881541747915986)
 (-1.0085713557831479,-0.80943215506934041)
 (1.0506836702471798,0.029840064619965578)
 (0.039662386402238237,0.93700574257157743)
 (-0.25721278436107065,0.37205748644974623)
 (-0.59910967755611222,-1.1099913467483231)
 (-1.3532887547875909,0.66471875439453476)
 (-1.2995126681479041,0.7797780461110384)
 (0.79847878747295065,0.1800092837875043)
 (-0.4011724302968121,-0.5599518751785868)
 (1.0451618517869268,0.91753051263124297)
 (0.77014893002719687,0.74362701344914384)
 (0.52259177002148904,0.46383933524198995)
 (0.47785705224016184,-0.94603156480394335)
 (-0.57139325247184503,-0.63014152994699746)
 (0.50681009486361106,0.92578630714927901)
 (-0.57383942337116245,-0.45853764231793581)
 (-0.10719763083614398,-0.91494785531512202)
 (0.28667249526941407,-0.19756475761481251)
 (-0.73951082182223626,0.8843563549908714)
 (0.011972621443004039,1.1941776721489332)
 (0.6809671798366026,0.62991238092391066)
 (0.8993652862702235,0.36905060007974294)
 (0.86889366117658329,-1.061075301212969)
 (-1.0319726448842745,-0.39517237368783015)
 (0.6467783072516391,0.3524912159740875)
 (-0.63935501391700122,0.10626731857992339)
