# Created by Octave 8.4.0, Thu Dec 11 09:47:21 2025 IST <gamana@Samsung>
# name: rician
# type: complex matrix
# rows: 1024
# columns: 1
 (-0.24343934141589091,1.0610884481340592)
 (0.59299773661506261,0.69865909755055833)
 (-0.89112651150346001,0.69261577364820182)
 (-0.54291756574059835,0.4503000524271733)
 (0.23991332795491382,0.48615011751845072)
 (-0.33577238775539092,0.046331033048620907)
 (0.41363184346718573,0.99182730474846648)
 (-0.67902849438387936,0.86450353595773866)
 (-0.48681372791087241,-0.44356824172290088)
 (-0.38897615926660356,-1.2306998083198986)
 (0.22035550324566136,0.50154490916481909)
 (-0.69652074894167793,0.51492550965336858)
 (-0.73339596308563482,-0.39505828865606762)
 (-0.67116681974412717,1.0426019131988349)
 (-0.93801021704623377,0.1581503527414484)
 (0.33336121931721091,0.2376480722342949)
 (-0.11715044120466972,-0.59649857137432805)
 (0.2364022951259474,-1.2256885942066282)
 (-0.83339241909210449,0.099397224970284359)
 (-0.46469055941446091,0.40295559062498554)
 (0.6751679757497695,-1.0939667175814662)
 (-1.2513161572516118,0.60849111235428921)
 (0.60545365782100147,0.84893127072520613)
 (0.74683476127469994,-0.81932230228832603)
 (0.68317873354031777,-0.9421204389825798)
 (0.14958584902561847,0.20199889383358424)
 (0.82394381053505561,0.74063592016790381)
 (0.88185050499560647,0.62541584050339138)
 (0.66078280932197619,-0.17934522060796018)
 (-0.40037101481560178,-0.74536129666807593)
 (-0.70231642294639518,-0.78674844988030612)
 (0.083859767329239943,-1.0757419159253661)
 (-0.32343701904374866,0.45088230794342032)
 (-0.11630733735624976,-0.67737488632748799)
 (-0.36224199640310423,-0.70098667032840356)
 (-0.70249916670941093,0.015509197730777524)
 (0.33688704727769314,-0.71606638068562101)
 (-0.82393043923521692,0.5686211850097318)
 (0.97995458690655524,-0.58320245052016573)
 (-0.90135542745688291,0.44314052495884937)
 (0.8649756380651662,-0.84596180988523673)
 (-0.65178218158254431,-1.0388160992873208)
 (-0.62041482679130877,-1.3529364037984959)
 (1.1479124345503662,0.10504606077828582)
 (-1.070151120877324,0.75933777364599075)
 (1.120693192794511,0.65723852485722234)
 (0.85629465910668834,-0.55627371299799255)
 (-0.32276503338350693,-1.0578139512360551)
 (0.58417540380606381,-0.52204448173675222)
 (-0.41309498832560271,-0.59676503691816296)
 (-0.45239952103717007,0.1304228992374471)
 (-0.099296701658850461,0.37734157744020663)
 (-0.21266252030902411,1.0662085890724362)
 (-0.70633528899703268,-0.46580488543827303)
 (0.72011129172631683,0.26116870248912849)
 (-0.85152291390268908,-0.61735110347463695)
 (-0.16596939198403801,-0.018582271695443381)
 (0.96218329890771515,-0.85477746036073288)
 (0.8321387860310745,0.99973060135366865)
 (-0.57360945447486988,0.72298922535301846)
 (-0.44936891314255545,-0.16943379564711269)
 (-0.77598548588897864,-0.93028926174445836)
 (0.87501829868410774,1.1134414420993635)
 (-0.99219827946966888,0.80651489750957928)
 (0.66327965383803034,-0.29703823766610338)
 (0.59871590576005396,0.77839242962074162)
 (0.66128118589968066,-0.95168011211269599)
 (-0.94058174696172081,0.060008676834356789)
 (-1.3056294525388612,-0.97755052264623599)
 (0.49315182464352231,-0.96765984658580995)
 (0.73973166942472768,-0.20684780276530257)
 (-0.57934998930727399,-0.31604759405307464)
 (-0.6791128509181491,-0.56111031921629351)
 (0.88636600105327934,0.40550760510204598)
 (0.99838963532763236,-0.45756814053015626)
 (-1.0178161527219352,-0.88665888153654249)
 (-0.64664822984727011,0.92965297681286441)
 (1.068453523834243,-0.54711312779203936)
 (-0.63837434730700959,0.4387535180144928)
 (0.61424480970193018,0.59287579051173478)
 (-0.67452085908800186,0.69674582016169229)
 (0.8944647926127951,0.63695071949193793)
 (0.44629473348309379,0.52806643778802176)
 (-0.19840163196875088,0.9260394754365413)
 (-0.88899729820037332,-1.711710446542025)
 (-0.59529800333484184,0.77180742222527288)
 (0.0094528613674325634,-0.41079598614218654)
 (-0.33943743659408343,-0.66521328389090162)
 (0.21534390725119254,0.54848888688794784)
 (0.2190789030044637,0.62780167765359574)
 (0.91481408319776425,-0.6987083227285511)
 (-0.81927490399172043,0.68926240380565673)
 (0.64727805303120967,-0.39329042857079904)
 (-1.2614013285569425,0.99321871614498236)
 (-0.046844247575757336,-2.0027474320757452)
 (-0.88577413919406855,-0.43135006390174535)
 (-0.63653263653779502,-0.38888886187670507)
 (0.90112458246638749,-0.15008543685841891)
 (1.0019513019565456,0.25484368316474104)
 (-0.6591130827896492,-1.2911920756699153)
 (0.097270311062675169,0.58448207992660728)
 (0.35043414121890015,0.51149171290000051)
 (0.13087966729057088,0.50042911771296772)
 (0.12452575843576776,-0.0071295850654363307)
 (0.51750359590426875,0.22373185031243017)
 (0.10416354724641819,0.73563297900111035)
 (-1.2262652136164121,0.38565139099522366)
 (-1.1514293531672362,-0.2686414370711529)
 (-0.32710539031586844,-0.84006134077011896)
 (0.86671243418667721,-0.74280907149857867)
 (-0.98306807686485875,0.27348641339764995)
 (0.52906756807091049,-0.83547735604120144)
 (-0.62851003806014683,-0.75668885175112266)
 (0.62629392101470027,1.1341831038390322)
 (0.20091039337579314,0.85922419579844478)
 (-1.0276163098583506,0.96988301045962555)
 (-1.1901567268039703,-1.3229480689118929)
 (-0.07027249541252778,-0.53814123116797696)
 (-0.57434020805411001,-0.19580298771829152)
 (0.33813479192487883,-0.075890365297782619)
 (0.53306672735961658,1.2147568935375117)
 (0.4773580028293572,-0.73533540487458815)
 (0.57147801798783648,-0.79695574168509875)
 (0.69402309141181795,-0.12143164076424257)
 (0.29268342246687451,-1.3942391761409567)
 (0.59127529141110613,0.2265534217682203)
 (1.035557811254372,-0.89603647275737563)
 (-0.49519524843186913,-0.8453972636725493)
 (-0.54319513306931355,0.4299344500356882)
 (0.80647007750451161,1.2343387765412217)
 (-0.90649420799399327,-0.22394734981478542)
 (0.62782050692433933,0.2589834275289965)
 (-0.44708110768057369,1.2754164018982121)
 (1.2402604744506365,0.54621058387066723)
 (0.36434990270795697,-0.81387275182263996)
 (-0.61777648074190694,-0.072438570412147185)
 (0.88714329068499287,-0.7225472837964152)
 (-0.04391345143833441,0.11180257064659502)
 (-0.49783594472897341,0.35165456074954682)
 (-0.078794334110106501,-0.56064846128474122)
 (-0.25813156488681277,0.72047407847313893)
 (0.96340035732189844,-0.76324191368403416)
 (0.48129780385795057,-0.67156168569420904)
 (-1.0664300669321245,-1.2871354414635221)
 (1.1076660731640224,-0.58154141707021667)
 (0.010144662382006231,0.99265095681899695)
 (0.11065865872016722,0.72384562201746427)
 (1.220342138585546,-0.91773717515982722)
 (0.93884109466209809,-1.2024953704874881)
 (0.78793385042681896,0.7910681681342091)
 (0.52841913108933036,1.3882545956734815)
 (0.69546451406222964,-0.54115075653672406)
 (-0.47466390483323528,-0.18216297754919311)
 (-0.78186760711551184,-0.80595833221345192)
 (-1.07366107420345,-0.31790246833218855)
 (-0.5748929851657798,0.22956109506197692)
 (-0.36653005101294234,0.080854773389852058)
 (-0.26835427241275983,0.53633190411329079)
 (-0.26837022038422809,0.5825741882314589)
 (0.55885190525134587,-1.3150863131846291)
 (0.85407992517657427,-0.14062346887725347)
 (-0.63892154548481706,0.88922295478347102)
 (0.52986468043490764,0.5774502023260355)
 (-0.33920935426775617,-0.32300350699856945)
 (0.84838165740867955,-0.49912710066751087)
 (-0.18557584609286065,0.028388492186172898)
 (1.5187917158803401,-0.31200295903788311)
 (-0.80969041329500757,-0.61629435827108869)
 (-1.0043659156535549,0.5371360473166592)
 (0.90479090361445114,-0.66550849651032917)
 (0.71783436370401776,1.139195503484824)
 (0.97139889967692594,0.50884340580419318)
 (0.17374993542553852,1.3616709657952752)
 (-0.35733872802759153,0.22421890942054906)
 (0.87670883160960811,0.5187978949251415)
 (-0.73712464158216839,-0.26012014603603018)
 (-0.60352141174046647,0.4434367970789802)
 (-1.4005152574157964,0.6468894189262262)
 (0.56990411589189538,0.97265343185926523)
 (-0.41836412702556758,-0.72348908870400952)
