# Created by Octave 8.4.0, Thu Dec 11 09:47:21 2025 IST <gamana@Samsung>
# name: rayl
# type: complex matrix
# rows: 1024
# columns: 1
 (0.65498558682586605,-0.18057512724935204)
 (-0.13599428070453157,-1.3146882205494375)
 (-0.93153812661989721,0.052102804557929538)
 (0.56266848951199944,0.86959126030274481)
 (1.4806114071675065,0.96083565601179188)
 (-0.0022368433395340281,-0.49920915963287082)
 (-0.063876592662333032,-0.12952999735811346)
 (0.53695943849665717,-0.8454069387354759)
 (0.062655645147705108,0.63239299296559137)
 (0.039402505401445159,-0.42355784106144967)
 (0.74706958547986912,0.42792571873891194)
 (-0.25196353704899566,-1.1790511556901155)
 (-0.23487814339648769,-0.50144440594657524)
 (0.42774950220205027,-0.27264990999420841)
 (0.75065089773114235,0.48139885163895157)
 (0.96626562992827114,-1.38777478987069)
 (1.1742172683011058,-0.39814543645501926)
 (0.68093196618263108,-0.25277521443307938)
 (0.24008308558232827,1.3322532855288522)
 (0.71832157378091899,0.062782644215925221)
 (-0.18183286673359766,-0.71901935945420348)
 (-0.22299370854188461,-2.0862514293647845)
 (0.22094816820241178,-0.57921386821009857)
 (0.76297828328356188,-0.05730884874588249)
 (0.055819185911803404,0.76290897786893264)
 (0.23836945596203185,-1.0058541790764952)
 (0.2986373094162002,-0.40022012911799348)
 (-0.45174829433570751,-0.36840176925447299)
 (0.13460338398866328,0.09770314851756659)
 (0.92680609205870412,0.18993530753109644)
 (0.56937728942426125,-0.28531855913079712)
 (-0.56928956929326091,-1.3205728478315291)
 (0.57877331950995226,0.81342517421929061)
 (1.5006444028316048,-0.77327417551694488)
 (-0.43853356954156536,-0.23758620028078065)
 (0.15563879200728095,-0.19864775406288523)
 (-1.322023529655477,-0.45570447020655996)
 (1.3265907062570521,0.7032822254040354)
 (1.1365126407024446,-0.6287333494005436)
 (1.291923441713744,-0.63678457796145338)
 (-0.3022422460150771,-0.68354985289040027)
 (0.17206455499295728,-0.43188877517092328)
 (-0.10410552767097681,-1.6173577600640288)
 (1.2091622672703524,-0.12017142333540809)
 (0.62929003414130458,0.92137539942203617)
 (1.2647751224451151,0.25191801567449956)
 (0.77950184987212801,-0.42445211736812433)
 (0.85170967351779614,-0.12611229006497571)
 (0.92891314667212443,-1.0084156250323586)
 (0.73736049888882127,1.6456731413086541)
 (0.10788415236592014,0.64174547650086855)
 (0.024551246138534009,0.1215079818598877)
 (1.0824616779626233,-0.33936984888363531)
 (-1.1805131020591864,0.18400370207055455)
 (0.81570882125868815,1.2583851865971507)
 (-0.21250921116370475,0.097495989361889038)
 (-1.4003306442791366,1.013017002119442)
 (-0.95906716483460674,-0.023569024679214845)
 (-0.26583224695727781,-0.16645633770149146)
 (-0.31094243062115279,-0.74442360028940469)
 (1.3426676206263661,1.1430253112117608)
 (-0.5867943757990266,-0.045423133401256033)
 (-0.17139529528263689,-0.50326318581450558)
 (0.44081143549360297,-1.2667349040600588)
 (0.40470446884533839,-1.443383716723877)
 (-0.14385379143735949,0.28208617349170489)
 (-0.87709983172280315,-1.123440140671758)
 (0.38044624627472834,0.20678986981832648)
 (-0.55767031582751514,-0.93856027572839396)
 (-0.27298116273545786,0.61994086803874504)
 (-0.5194899708639561,-0.72497868517992303)
 (-0.25527424377065705,-0.30299958604801031)
 (-0.44140069610296273,0.8533773885474546)
 (-0.9702122803995068,0.67530943088899731)
 (0.2923193899502195,0.53993279738909816)
 (-1.2424223748031096,-0.47135422591801285)
 (0.60591698829676621,0.19289792622930702)
 (1.5381436409824101,0.005998907300696632)
 (1.897133211445023,1.1773783858885967)
 (-1.0792128679485837,-0.52150086484687785)
 (1.4372950851364783,0.91536878192333737)
 (-0.45062463698466931,-0.59604409782220846)
 (0.01420529930350739,0.44380229408962607)
 (-0.32010339217931344,1.0791788622149823)
 (1.6040303537705816,1.6608732625952074)
 (-0.99721230358293456,0.63141764559458902)
 (-2.0238834539156034,0.060961499110924855)
 (-0.92972839149599773,0.052069883874821643)
 (-0.79363867424981394,-0.82919173070654562)
 (0.48359332207214017,-1.3737565214252123)
 (-1.399056793195415,0.47627122231616753)
 (-0.30814545096335105,0.31950576235922484)
 (-0.75160663021958329,-0.031751689924502058)
 (-0.717083192173399,0.7643556028943882)
 (1.4661651602329018,-0.13199087897169715)
 (0.043366200223538875,1.0155420390861705)
 (-0.50324209699468414,-0.86382225029425241)
 (-0.27567155475571453,0.37154809536610051)
 (-1.1278129781087665,0.7503702243646061)
 (-0.87593025137976144,-0.15990281741016477)
 (0.0052618228788192667,1.3090664047504499)
 (0.064475484097980484,-0.87625686138318581)
 (-1.5238178750026701,0.71471500932041776)
 (1.3741369227213263,-0.70496121666822931)
 (0.85180068227322003,-0.14105951303010611)
 (0.50190337937103791,-0.62723364438791429)
 (-0.56810021265658728,-0.59601074148702615)
 (-0.30591233368780568,-0.52998720715448744)
 (0.63929137565554328,0.72940476664687826)
 (1.2569259354482529,-0.20981739790830733)
 (-0.87805424091726469,1.1132500963679972)
 (-0.64419982998179004,-0.6453027493987441)
 (0.84356620635143775,0.91167247296176668)
 (-0.50218634800457784,0.20088334743328323)
 (0.64549895067909779,-0.26203910510479062)
 (-0.79551678122698222,-0.9002321296209953)
 (0.85106380415973515,0.68416942749526988)
 (0.1952561062478631,0.077326524344079495)
 (0.41030825342906491,0.38695365974542878)
 (-0.13147709650741674,0.24381063678220488)
 (-0.34333412024361865,0.02873724495028479)
 (0.52465128896668289,0.63619718404087766)
 (1.0461504055258992,-0.38329722430453056)
 (0.050513688543907892,0.36134472631515313)
 (-0.42803972588707717,0.50248211565393297)
 (-1.0635295386423622,-0.54677200845395213)
 (-0.041053746473491526,-0.2941261892744626)
 (-0.88451933586771492,-0.5380139281813664)
 (-0.17520376983380548,-1.0696442145175724)
 (-0.67850639803190183,-0.85415362881917167)
 (-0.57804680942448039,0.13541335730419207)
 (0.063314945785536911,0.070745611625117125)
 (-0.3223723713744352,-1.3367016184774569)
 (-2.399255775808216,-0.027945660214278911)
 (-0.35257468603383968,-0.53785855298909613)
 (-0.35161366753571754,0.50626962325406144)
 (0.71883050007801796,-1.4357256984275513)
 (-0.37036399188081814,-0.54521723472038752)
 (-0.37527037062310581,-0.45436715491267093)
 (0.093885773903858369,-0.13707937569595158)
 (0.77997844480549827,1.3134958425728216)
 (0.22408146705981905,0.0029278535996161981)
 (-0.25544470386798845,0.9987416723607202)
 (0.25137262077953426,0.94905539431227359)
 (-0.75858997348134161,0.60282124677825755)
 (0.25264148373465678,0.60056216628271053)
 (-0.067489567192140609,0.31707028115737546)
 (0.19176818747226224,-0.51317212541977297)
 (-0.91249867338486723,0.22318298826700822)
 (-0.069083913727951751,1.0210238436847348)
 (-0.0092755688088341226,0.29024075137027661)
 (0.32238131154199295,0.16688831067551307)
 (-0.050492270723623223,0.60310885461182195)
 (0.40607188406832617,-0.084724931606820264)
 (-0.14041827253820727,-0.96312707694263056)
 (-1.0710858048673031,-0.49763418392753056)
 (0.98517347713542647,0.47262048550502167)
 (-1.167384202996459,0.22716535430036305)
 (-0.17995580985622331,0.50481301722304905)
 (-0.55245706911466974,-0.16932716558889457)
 (-0.23208789480390085,0.85847276580906673)
 (-0.92005802130058068,0.55684609153752174)
 (1.3650295009154578,-0.1563864175885209)
 (0.43687199669453886,0.41774342594296959)
 (0.29685550318837017,-0.30499319025493121)
 (0.276519976254473,0.95551867141384239)
 (-0.83158192209572768,0.71114090772986782)
 (0.50666375515836615,-0.47882191036627164)
 (0.87885029518767022,-0.5426108531779481)
 (1.0891211922630626,0.84594673216120619)
 (-0.013572430853869444,0.57591105972822021)
 (-0.85207195793946799,0.11280941445116932)
 (0.019022193219630834,-1.3963335138775281)
 (-0.87701373383136194,0.22177705130796493)
 (0.74804624019963639,0.96484651921942532)
 (0.82734280595792475,-0.41233400227723538)
 (0.70550314620501142,0.43266879408379477)
 (0.82662729211018438,0.7914578862645073)
 (0.15020948777537027,-0.45352607285983071)
 (-0.068180511775929764,-1.4618852676868386)
