# Created by Octave 8.4.0, Thu Dec 11 09:47:21 2025 IST <gamana@Samsung>
# name: awgn20
# type: complex matrix
# rows: 1024
# columns: 1
 (0.7317874888738084,0.69221571391005465)
 (0.56259808190806349,0.78611577395365695)
 (-0.77451685545078575,-0.80504647772686011)
 (0.81568521167598496,0.74546981360665765)
 (-0.62866323043323358,0.68561593644119811)
 (-0.77778357909091422,0.82714104858653559)
 (-0.56080214945780504,0.72267955893582225)
 (-0.81981504139705064,0.62148132889234187)
 (-0.72206796805532591,-0.67933060304996273)
 (0.71409771713574943,0.56458757984036412)
 (0.65894835468068391,0.74702733891333273)
 (0.63185068126376676,0.73959667288837327)
 (-0.71838643278200542,-0.63641895034672624)
 (-0.7190658718374271,0.76215473679590573)
 (0.73714657119551685,-0.65233552341615997)
 (0.6660535892864794,0.79375885314850059)
 (-0.82974772428658339,0.71726006650944241)
 (0.78205822544750547,-0.7806004570014603)
 (0.75962004094853497,0.59497619812426539)
 (0.62957951416196101,0.70782878206400268)
 (0.67306345564341374,0.68376766287781943)
 (-0.68262661227891785,0.66038738107913875)
 (-0.6353480534183662,0.69102769822953636)
 (-0.61414669045276282,-0.71378740234997473)
 (0.64867905845287788,0.74402368621998638)
 (0.6483465777213735,0.6632037855677928)
 (-0.68614264656167956,-0.70506783649469917)
 (0.74794906643667769,-0.68912729921530713)
 (0.70138675666478112,-0.70533597791146707)
 (0.72591113157547293,-0.60751789133837131)
 (0.80552091885081312,0.76949002682193957)
 (0.67149078901126447,0.6803990882412666)
 (-0.5818595546393236,-0.70572881875563453)
 (-0.66467887266525649,0.77727853391172996)
 (-0.75897405538899465,0.78243821069520192)
 (0.77575935187426337,-0.72346443964923335)
 (-0.70687966207277497,0.70363866102594508)
 (-0.81356413906995495,0.72787619642228496)
 (-0.59378456882024488,-0.6782194755056008)
 (-0.58218792697178223,0.69480930880152103)
 (0.66893219758019162,0.76399317603563666)
 (0.59459748134009582,-0.6586284823813171)
 (-0.78368552908550626,-0.83360820975604621)
 (0.74028019699418768,-0.61093511778160781)
 (-0.73010390512281798,-0.6891686650749228)
 (0.68874667939169132,0.79399726207144905)
 (0.72215258813669736,-0.77053268219749427)
 (0.7045676815555828,0.65638772477640228)
 (-0.73552118647200682,-0.75231780637184353)
 (0.76780881057093486,0.70452788941735245)
 (0.57488550730160748,0.82527041920315591)
 (0.63529562618685631,-0.69876304873297479)
 (0.71205553134821031,0.72135804401505799)
 (-0.81092369071740611,0.74297520899651726)
 (0.65562963707398303,0.69448402581581503)
 (0.66634215702425714,0.76901607453744214)
 (-0.85864422816406227,0.85681423619280306)
 (0.63854786933637619,-0.75445501886314503)
 (-0.68464745662991444,0.74340281147252996)
 (-0.57976992139110495,0.76864673641419257)
 (0.85006193872941815,-0.71804560609162804)
 (-0.70118481963915757,0.68961645066674493)
 (0.75057469036507229,0.59158220190174649)
 (0.67022968568840025,-0.70990156481017008)
 (-0.77192506317917375,0.75581069893472297)
 (-0.75763311033703629,-0.77047089849239858)
 (-0.74121086714691653,0.68334149038719671)
 (-0.77265481465270358,0.68232426708228333)
 (-0.6097781572597063,0.68211126444335413)
 (-0.73105126770945217,0.72340774317066192)
 (0.70456914471500498,-0.82565273130762173)
 (0.79997097162243547,0.66406046550258091)
 (0.78868832637121822,0.69793870348087983)
 (-0.70932588266510632,-0.72404165326307113)
 (0.78927738690150573,-0.602704879932633)
 (-0.76894495536186203,0.81905838592663782)
 (-0.7374598191877032,-0.71682488231098007)
 (0.76372205899881818,0.67923901649171636)
 (-0.75192701740329815,0.59543333402425813)
 (-0.65136682824326009,0.59889088729126261)
 (0.66802647281676464,-0.80397340920784699)
 (-0.73286710750930195,0.78299411977172695)
 (0.72189843489603955,0.67051207297414395)
 (0.74244141462624447,0.73650040589950683)
 (-0.73326079146190992,0.63950771090680747)
 (0.76993735475650427,0.71261426982813936)
 (0.74221678222462906,0.85992603018325353)
 (0.56192919716636314,-0.61751825900841351)
 (0.74838666662495812,0.68265792730791697)
 (0.81541673223786826,-0.69717125307341365)
 (0.6563747016601863,-0.66368824169431517)
 (0.74375737332515357,0.57075739870363462)
 (-0.68431094007960669,-0.66493662882490345)
 (0.70118180991352586,0.7627341746211338)
 (0.80583040694608155,-0.6866739525551192)
 (-0.75500411367817255,-0.69267852115831996)
 (0.82071005400688291,-0.6530705530623333)
 (0.72820827990823955,-0.63652747221664374)
 (0.74505213869409659,0.57643805918672419)
 (-0.63763274357893784,0.52364533128508661)
 (-0.56389194402993281,0.55860937838679359)
 (-0.70383086430645214,0.71197461152277453)
 (-0.69020519276023773,0.84350596468110051)
 (-0.6755856285952091,-0.56629954704420971)
 (-0.66459802948844615,0.61764832497676825)
 (-0.7395473170916782,0.64020517765962204)
 (-0.64122341555127249,0.7368426630043613)
 (-0.70121645757897444,0.74208660845087226)
 (-0.65896376052262451,-0.59286811618377588)
 (0.68994618596958457,-0.63974722275669482)
 (-0.69769142836077536,-0.78432510655676213)
 (0.73239178468946198,-0.73753552412642331)
 (-0.74416514415663981,-0.58930591262901988)
 (-0.7366686121784406,0.90349065038676657)
 (-0.68413007414960103,-0.83517538758581811)
 (-0.6026273741159982,-0.74760993031990364)
 (0.72716907879008597,0.7597148982168449)
 (-0.76825551762958855,-0.70286555882005741)
 (-0.71416624204638979,0.75813158759597976)
 (-0.65673354672354667,0.74965312603383372)
 (-0.55493864425847639,-0.72512323192310535)
 (0.63299731644488255,-0.70905447151680301)
 (0.70705088611252132,-0.69996624901643434)
 (0.6847290722319892,-0.59258649787264084)
 (0.72608218511485068,0.78546605512214984)
 (0.74083675009775174,0.65242203075310357)
 (-0.74301468548837957,0.77131931327509984)
 (0.67810825904410932,0.74222208034224491)
 (0.68371684842201108,-0.77827186508929891)
 (-0.69861575721048741,-0.66906041877530154)
 (0.69689042373921695,-0.60802305685102453)
 (0.75782249930090606,0.71247430491800845)
 (0.6641737886439355,0.70038439276081821)
 (-0.76601251436514672,-0.59038085793898309)
 (-0.76610570747968643,-0.72111586584961607)
 (0.68332162919741612,0.62835863286901517)
 (0.73765491032784569,-0.68503969246726137)
 (0.63261320526028453,-0.65120765507738698)
 (0.63600656594296756,-0.6771547172117196)
 (-0.76703279837069849,0.79854305416246896)
 (0.65714322753696197,0.73595772788061442)
 (-0.55308589490374238,0.69590147040131356)
 (0.75908002012571485,0.64509788081026809)
 (-0.80377931051617413,-0.77825707175071035)
 (-0.658245305393094,-0.62133310087923665)
 (0.80453058297403302,-0.77149159065885198)
 (-0.73207554138827069,0.71472161434505466)
 (0.52652793944225773,-0.70206037107376007)
 (0.67001218790518413,0.67923450373147598)
 (-0.73697213277113294,0.6304099360866281)
 (-0.76186337941402626,-0.64387711574344897)
 (0.6783307749697608,-0.71701132839519488)
 (-0.80315781420057364,0.58256304506015555)
 (-0.78588871337263155,-0.70610839242616663)
 (0.6645811602907834,0.68410146977511155)
 (0.73444426131664953,0.88177034979915037)
 (-0.74896387389434216,-0.78288997484742295)
 (0.76246735430016421,-0.70576415459162456)
 (0.704719322370427,-0.62538781530149357)
 (0.68255679000112546,-0.74159739774718214)
 (-0.83860445985415089,0.90542256205233784)
 (0.63550026897006917,-0.63306708377554477)
 (-0.75957537359847815,-0.65382668575855873)
 (-0.74295119006817212,-0.67914715963763872)
 (-0.76533557744692049,-0.7528471337789886)
 (0.6036947060587976,0.70555635975535669)
 (-0.76623371719905087,0.6047717534050151)
 (0.84818299622533977,-0.65509237102083095)
 (-0.72331299148795114,0.78776967729673331)
 (0.75625587426118879,0.5795232616082413)
 (0.78435545129106987,0.72225951446059067)
 (-0.66202675215722684,-0.70383558086127762)
 (-0.77717710812792618,-0.72709936918242546)
 (-0.82384550385425981,0.64447992837819346)
 (-0.80774313152203014,-0.5412650812899793)
 (0.68883976526065493,0.65948764682577277)
 (0.79177147730207265,-0.73690536696941011)
 (0.66700111324758848,-0.82701287420293146)
 (0.64319531245179906,0.72735714535503104)
