# Created by Octave 8.4.0, Thu Dec 11 09:47:21 2025 IST <gamana@Samsung>
# name: awgn20
# type: complex matrix
# rows: 1024
# columns: 1
 (-0.66562188699131852,0.5373326619615999)
 (0.6461543465474181,0.73655390939226595)
 (-0.64577117087627123,-0.79607210737684087)
 (0.70957186080741186,-0.69931462272837808)
 (0.55322083156617963,0.76031281989544841)
 (0.71783802533051178,-0.54877651797994109)
 (-0.56760109877978582,0.78119880855539359)
 (-0.63823855020244824,-0.60934305812063982)
 (0.64602281405108963,-0.75219359201387082)
 (-0.61857849630946626,-0.69518561562432235)
 (0.73119626935533666,-0.76022721672497207)
 (-0.78629942256724572,-0.73722627622162717)
 (-0.59448434182958121,-0.68628520254974612)
 (-0.65183581609483721,-0.75372944984707435)
 (0.58087941673994437,0.73371874810402327)
 (0.76402065595781288,0.73086509980930181)
 (0.63787087421663946,-0.65057698365041705)
 (-0.70268473023562494,0.73922461084571844)
 (0.55049178040176938,-0.65962246865210261)
 (0.77365459864372643,-0.65670621516794148)
 (0.74247528948828945,0.60956116131447202)
 (0.76611345524598118,0.75247181620522419)
 (0.57721383639520307,0.7684146502596565)
 (-0.76737181300805801,0.55776649741179318)
 (-0.72250049160163132,-0.70645647276159784)
 (0.6386555090956374,0.58892500028430339)
 (0.76796380660429053,0.75277957720493571)
 (0.78213208552660607,0.7020558211257063)
 (0.68312175401584307,-0.72856141288708487)
 (0.75906001029112025,-0.69495515876279546)
 (-0.75505007631698284,-0.77536215825896881)
 (-0.62871149780844271,-0.85669881382737167)
 (0.74012642103200321,-0.74757214097405955)
 (-0.63245703763035821,-0.63678622530679285)
 (-0.79386725630632715,0.72934253739806321)
 (-0.67099943504724713,0.8017377362699899)
 (-0.56959293779125619,-0.69758460226461361)
 (-0.71644431316531931,0.67655164081850172)
 (-0.74054668807000223,-0.81285970326507473)
 (0.6981404096280257,0.65076183348345074)
 (0.77450414454724315,0.79470936035618456)
 (-0.78121686761341314,0.77246511547593277)
 (0.70841362355184834,-0.60174404132786397)
 (-0.73367324929203681,-0.73173313344615387)
 (0.62835876283886183,-0.73759082564149048)
 (-0.69054259620333913,-0.66383963884407549)
 (0.57154254019681694,0.59490131267166402)
 (-0.73443341428393072,-0.77366519311516868)
 (-0.68696828678690436,-0.75906864301259147)
 (-0.65905401992619439,0.63464906557702805)
 (-0.61627899591209689,-0.61035580760270181)
 (-0.71841144243766497,0.75303417320261834)
 (-0.71424752829848004,0.74301683946432917)
 (-0.75167688543336164,0.68024277111577736)
 (-0.60918783051350522,-0.8071549991578959)
 (-0.71016936998105473,-0.70500647300773311)
 (-0.65777084036479583,-0.65552974055913904)
 (-0.81901323640250656,0.74739036126766312)
 (-0.67220856358606318,-0.68620398216193612)
 (0.65744877849764372,-0.76043825952709088)
 (0.65051195525880356,0.65663521387432178)
 (0.82530820593758436,0.69392244006170556)
 (-0.64162508578082178,-0.68965721669368563)
 (-0.7364478948576898,0.78689610016475497)
 (-0.59693254066087653,0.76117017390880415)
 (0.63326006043297833,0.67442567017295529)
 (0.73335536561484127,0.74365430280149647)
 (-0.81005335337543849,0.69251537199697522)
 (0.76110768078267166,0.77760995003248101)
 (0.74378786055712065,-0.68561920722828207)
 (0.76513478077011265,0.72196568201593714)
 (-0.64746663416897743,-0.82065911849518669)
 (0.75284977812958809,0.64028282623650479)
 (-0.79093809896272282,-0.7292386725239326)
 (-0.78460944640254349,-0.77771032322964273)
 (-0.61740723182752122,0.67588512135253542)
 (0.65830799175547883,0.71285903824363839)
 (0.63763822140336091,-0.72525330913214903)
 (-0.63768990997169306,-0.70349221654911231)
 (0.62936822047700902,0.74170323813796757)
 (-0.66435937336454554,-0.79920938602741265)
 (-0.6170384644769551,0.68898145068603267)
 (-0.58718489616141134,0.71843063587773082)
 (0.61731639780558467,0.85606236690175308)
 (0.66473421562422963,0.72830284020060365)
 (-0.75359926894227236,0.64549574979264912)
 (0.6701879479329127,-0.72670127568518128)
 (-0.66711015714142241,-0.6073321909615822)
 (-0.57655830866561997,0.66029376648063354)
 (0.72334250937066469,-0.56316892524465401)
 (-0.6877938402765621,-0.55422892300300419)
 (0.76594496416520719,-0.71765343238510859)
 (0.72768060577154459,0.78376529911403525)
 (-0.78007369547495564,0.70722031439387756)
 (0.7247778470696884,-0.66129231300658475)
 (0.71258124015366509,0.68876964619283021)
 (-0.55566148573929897,-0.66939563679443803)
 (-0.66708773908749441,-0.73951958001126628)
 (-0.60577477344222774,0.75383573994262876)
 (-0.52811849921157417,-0.70899054330856703)
 (0.6565672957298726,0.67606612354064277)
 (0.70003565903102172,-0.72047041855398863)
 (-0.71260665184445771,-0.65458470589121986)
 (-0.58211116973827126,0.82168002651368843)
 (0.77446155372044256,0.71861415495777026)
 (-0.74520445178416683,0.70366028963351401)
 (0.90324617008984376,-0.73783622280474959)
 (0.73448462120729574,-0.67663477522897075)
 (0.72695972580736745,-0.67749769737776555)
 (-0.65523631849428754,0.6399125772805655)
 (-0.59043699803405292,0.5409304824301675)
 (0.69599479544909881,-0.67255263509712793)
 (-0.67130556284831755,-0.76957014157619508)
 (0.82308363655957795,0.68451376695207777)
 (0.73750927595683902,0.69059754698180176)
 (-0.74973576577452072,-0.86590580904348569)
 (-0.63111706425261926,0.67503180168730803)
 (-0.80892064112809636,0.66974385282769688)
 (-0.5886120496763676,-0.77944266720408251)
 (-0.70445329178730409,-0.63588505638700177)
 (0.64006963042026666,0.64450009794142193)
 (0.66526195744043604,0.65909697554269608)
 (0.73740390653579591,-0.84020133234433214)
 (0.71903652440115351,0.70350467966673258)
 (0.695281986410485,-0.75015936301182107)
 (0.74556548415100499,0.68226620490969558)
 (-0.65910348101302174,-0.85269717297793479)
 (0.74850110567594053,0.80527146244002612)
 (0.65289282756494249,0.65131624992691983)
 (-0.78296914226454706,-0.73506700718748896)
 (0.72965774254882176,0.73574979148842357)
 (-0.74775318836823668,0.63766444763176766)
 (-0.49038427971355292,-0.67133723284937641)
 (0.72928888627464084,0.77109732107204532)
 (-0.6350116013243946,0.67000277468442748)
 (0.70462698590771977,-0.61045714094245174)
 (0.72310452125002289,0.61682613140279829)
 (-0.58227157876760804,0.70782982407453154)
 (-0.75805810593550582,-0.71560839027531375)
 (-0.82929340617479919,-0.69318285753801612)
 (-0.61953048951042478,-0.71803031575199672)
 (-0.65029027340245038,0.70813687933583014)
 (-0.77010398658377621,0.6764758080655201)
 (-0.73150310768804916,0.73860022374193668)
 (0.7597608245362637,-0.76265803294495482)
 (-0.78872164898584496,-0.66606835425568989)
 (-0.6523409715604862,-0.61318118417918399)
 (-0.7890471566110715,0.71368796796689071)
 (-0.5726175285811631,-0.74967064506758652)
 (0.7713898082757159,-0.81824154160109019)
 (0.6500217035642023,-0.60170501853051572)
 (-0.70716061568633803,-0.66580649849424867)
 (-0.81307686943263513,-0.54923861892182879)
 (0.69497390144073501,0.77395657354155212)
 (-0.75537158974937113,-0.52287614479579381)
 (-0.62096647546019657,0.74639893396391377)
 (0.5325392274584172,0.64192223033010576)
 (0.83669533575948707,0.78530366569780086)
 (-0.65414090169475869,0.67943282924885218)
 (0.76962815219479719,-0.62888900033446149)
 (-0.62309877956425708,0.800313346745957)
 (-0.74811142382028017,-0.73562315632221942)
 (-0.65905128827720161,-0.68013384217545869)
 (0.59859116103877696,0.74206780654195026)
 (0.66701767350164121,-0.69198137741800303)
 (-0.76751030008716481,0.6871628068442901)
 (-0.60147002072786138,-0.6302604842698728)
 (-0.77344011151007963,0.71431730562369844)
 (-0.6430089917166244,-0.62211634590556175)
 (0.61567286195946835,-0.76798747205869322)
 (-0.64651197026303131,-0.78436315296333536)
 (-0.62565438848071553,0.66360467390752553)
 (-0.75995033053200733,0.67385254062172761)
 (-0.72758562861513876,0.5286541195650647)
 (-0.54262306935231708,0.76995644807137364)
 (0.72875981659399935,-0.84186760476642175)
 (-0.83526727985200144,-0.68835905302201239)
 (0.67846187606228503,0.72266659153056156)
 (0.74762210420200315,0.74133057719516304)
