# Created by Octave 8.4.0, Thu Dec 11 09:47:21 2025 IST <gamana@Samsung>
# name: rayl
# type: complex matrix
# rows: 1024
# columns: 1
 (0.28462901316499239,-0.1007540519176585)
 (1.4497267446732884,-0.20839375759332102)
 (1.4542459002577761,-0.1768028075978364)
 (0.79984277878843479,-0.10337002087178587)
 (-0.083519868714777235,-1.7577596770499904)
 (0.62048085292100386,-0.9488761985014379)
 (0.33312703811105848,-0.36198017657205095)
 (-0.79329510866509245,-0.42962569607734979)
 (-1.1774322072945678,-0.43034444044067038)
 (0.17172091796743205,-0.19665055258130715)
 (0.30811173876063069,0.008213469828869141)
 (-0.51083633873130985,0.15323434889376117)
 (1.1340500971772656,-0.22519659564025962)
 (1.0179172577504527,1.0482054792139284)
 (-0.57965419214141412,-0.21957792590072936)
 (-0.55428258448261714,-0.14703260079147515)
 (0.32827007286611365,0.65027752351620327)
 (0.1815010851289271,-1.0864842572016411)
 (-1.4194413862944164,0.071642397401075697)
 (-0.95591507577178836,0.61817731101203399)
 (-0.29239434658394869,0.32936643532430487)
 (-1.0713782165952068,-0.6321452449968179)
 (0.99352924798658115,-0.24355100909660354)
 (0.061651245167257937,-0.045278164414802022)
 (0.25723571306399751,-0.16131286940922407)
 (1.008145653085873,0.24954155146835327)
 (-0.94891491410513007,-0.62833094662378364)
 (0.3116587648980817,-0.24186833276518455)
 (-0.080355510786205883,0.095789239862065653)
 (-0.95325581878702226,0.95937112951001613)
 (-0.66413027924279888,0.024660992460083353)
 (-1.3519185780003522,-1.2300687909320447)
 (1.5150639567918867,0.069294676211017814)
 (-0.65467850360399504,-0.34892171510215331)
 (-0.62344969525712901,-0.16223761309234927)
 (0.26025428891865476,0.41585871334904234)
 (-0.29124500259642006,-0.36742134218624145)
 (1.0720799640182082,-0.15434611124346392)
 (0.52733607906117852,-0.20622484969935923)
 (0.39266485794690631,-0.034354015444018393)
 (-0.43802047979298919,0.22485225048743132)
 (0.40865499163014446,-0.4909313419365427)
 (0.15460071242629728,-0.34184423917683415)
 (-0.3770134234834035,-0.076962152497182246)
 (-0.82857847648618099,0.059143851192720087)
 (0.64278551345875323,-1.2287758281414531)
 (0.41545465619645267,0.96100939001896291)
 (-0.83678040976491463,0.18907909989112592)
 (-0.33594262382346962,1.8046586606228616)
 (-0.50348145512393017,-0.47788226034114339)
 (0.16811609591904481,0.9155896090954454)
 (0.53753136205286978,-0.47955287218057446)
 (0.6503489498014694,0.14928284698630173)
 (-1.0458302214977628,-2.1922480591240303)
 (-0.81137168749863808,-1.1539026054202672)
 (-0.23524913852789547,0.7639105547779832)
 (-0.556365272476263,-0.70362167278279364)
 (0.55407416010010668,-0.71658851116086586)
 (-1.3130861212809801,0.45262460989118741)
 (-0.86356759661542259,1.9715426166156487)
 (0.88518490991191168,-1.0376763760499659)
 (-0.59627588729208569,-0.33975451065785534)
 (1.1851179592352277,-0.41148635996163452)
 (-0.36019258987284253,0.17493519765168467)
 (-0.2757660764430625,0.95372472408230924)
 (-0.53483779959357858,0.20667075808391264)
 (1.3641206548182931,-0.11202310953077677)
 (0.40880543394766211,0.50798747146899692)
 (0.09696929554206718,0.40456630659236842)
 (0.26267499904079283,-0.57263080632297303)
 (-0.11676960810852942,0.16815969078534998)
 (0.51588718118690291,-0.3190653616064581)
 (0.30220499002460555,-0.54649596905960951)
 (-0.57813071999147481,0.30323743366865119)
 (-0.010136035705766586,0.10865759234611366)
 (-1.135147520700182,-0.077819486325042209)
 (0.069498528910458435,-0.80353267761984681)
 (-0.79041431869794276,-0.07199438196515473)
 (0.38798392624836953,0.036950029780327437)
 (0.029182877283298825,-0.84175025690532934)
 (0.42149778226786661,0.26863943802646073)
 (0.042509627640321623,1.5016091922690582)
 (-0.22724289619906779,0.95441054668173608)
 (-0.40578224285241882,-1.2337590234200038)
 (1.121357883414726,0.33018833235231237)
 (-0.29323090154016634,0.49411841021663944)
 (0.74209578686140809,0.63428092651247503)
 (-0.01618107767104715,1.0074729553396522)
 (-0.71847744899174115,-0.33633579042346956)
 (0.76193756587113515,0.41733961849079737)
 (0.18698892852951743,-0.14069644777907492)
 (-0.45185998995157578,0.023970521772670561)
 (0.5419173278048095,0.87586361375819521)
 (-0.45543264300105579,0.71814653714915244)
 (0.67423063917227311,-0.067722996124825019)
 (-1.1658758059878975,-0.096657118349685156)
 (-0.83129263905601836,0.99682374764577875)
 (-0.40730427367456529,-0.52087807414956111)
 (-0.4689519623029349,0.42998965721322091)
 (0.09510231524271498,0.22292311572117443)
 (0.71896938160790713,0.39421083620078112)
 (0.006466200102736408,0.27874431622248724)
 (1.0825794823914636,0.26229207108658198)
 (-0.040485393500115707,0.48482868005245938)
 (-0.088944601514616861,-0.63805318579758308)
 (-0.47404482707695289,-0.78108839533357277)
 (-0.53608916291626596,0.34332998839323181)
 (-0.63143860864653711,-0.75739298938331356)
 (-1.0411087716071457,0.0010240962306391488)
 (0.21443854722611233,0.94471419474688023)
 (0.10231614268336117,-0.022776314040739896)
 (0.1662426797854919,-0.30699768483327522)
 (0.31321974207963166,0.88370587510802578)
 (-0.47264306676088541,0.16556826518086246)
 (-1.2189320122230736,-0.54670873601064329)
 (0.32370284975479857,0.10134578390379201)
 (0.18004054076841619,-0.36661865164863144)
 (-0.41978850107262528,-0.21328670361643903)
 (0.35092245560523611,-0.11786078449434302)
 (-0.34892270593099906,0.56432491499673498)
 (0.33810169115861155,-0.41195407933205674)
 (-0.24542523730851734,-0.75194692381625927)
 (-1.063214083147848,0.21522684375541112)
 (-0.61898983476953306,0.1573552631082728)
 (-0.30852646877408663,-0.65444076313994437)
 (0.13842566949867233,0.49140065727252058)
 (0.96392353306054268,0.1716768185660234)
 (-0.11524595882740812,-1.0053050526022698)
 (-0.12436123847007757,-0.50483067474444976)
 (-0.5734874444271465,-1.7957488996031714)
 (0.41411096340929032,0.79958025338459104)
 (-0.42838479317119116,-0.034927084593084218)
 (0.54125646300556096,0.35711651689446278)
 (0.011156834123054682,0.61550406211821562)
 (0.65431359379589471,0.63934976117558284)
 (-0.37345137577788678,0.092907255070000305)
 (-0.13369404429452969,-0.72797302289694854)
 (-1.5674779091470614,2.1347755693729331)
 (1.3603149582529623,0.88020737720160702)
 (0.67708124831651262,0.46829932210211667)
 (0.50170410399753496,-0.097453608676390413)
 (-0.08829364120105887,-1.390752191317397)
 (1.1411427297362926,0.93681249436725933)
 (-0.22583769406230741,0.8039515886834212)
 (0.93008425245096982,-0.63953895942730932)
 (-0.61678025407846893,0.3000993580370902)
 (0.9242070429592818,1.1633349809350051)
 (1.0427041222141891,-0.40938447800455158)
 (0.11464325244046722,-0.5378950734247141)
 (-0.22951183068743061,0.31860594842033663)
 (0.06157247864426843,-0.54085766887784703)
 (0.39156232107253069,0.1006490807900321)
 (0.34270968735866486,-0.7637452162324796)
 (1.2380872950651955,0.10046584906628708)
 (0.20050153113158678,0.16704193829580663)
 (0.73558941810645107,0.099228561073953558)
 (1.0282386368025982,1.3238487591783779)
 (1.6793961256104626,-0.66875975715728009)
 (-0.83118322239970743,-0.020563838202530049)
 (1.6117052063938275,0.3671667195997782)
 (-0.61659270787579423,0.52814080927901408)
 (0.30316687564361861,0.076976107556643358)
 (-0.034606764016195612,-0.69809112622155745)
 (0.13098878231250893,0.73603033776427895)
 (0.9847599984579386,-2.64782458813196)
 (-1.369909202757996,0.220033326877904)
 (1.1907406294878435,-1.157642642637271)
 (0.81916030221267666,0.072854939214851089)
 (-0.38092635406483705,-0.37629559044754762)
 (-0.38786503098914549,-0.80471130146326864)
 (-0.7004028391717354,0.14547283456369092)
 (0.12363741940663883,-0.43073682278961589)
 (-0.51034427801690152,-0.73119564697016715)
 (-0.6872717675176262,-0.9319210723202368)
 (-0.89675077886187882,-0.94365721509801326)
 (0.48768815485581574,-0.45780679716147121)
 (0.45373647250434712,0.38448308500289341)
 (-0.67205905778651798,-0.13568446696179715)
 (-0.80867240049092959,0.09121057579243369)
 (0.38627755620954096,0.1330690418683301)
