# Created by Octave 8.4.0, Thu Dec 11 09:47:21 2025 IST <gamana@Samsung>
# name: rayl
# type: complex matrix
# rows: 1024
# columns: 1
 (-0.026396510864541922,-1.0162248978179522)
 (0.32300555372279649,0.067005543620854896)
 (-1.3390032343042924,0.76511665148556041)
 (1.0359504211048312,0.59128752801638396)
 (-1.017802607556568,-0.15092979661014211)
 (0.43035326907841809,0.40852347245703025)
 (-0.047999386828096346,-0.43215241566951235)
 (-0.72306650320147225,0.030846167482602049)
 (0.16569334735148944,-0.79884236733718517)
 (-0.13431301248093597,-0.41280659231729899)
 (0.61494522558531162,0.067557125266933638)
 (-1.2674313646337221,0.2853990359168333)
 (-0.056244939058703314,1.1157383712438556)
 (-1.5485180731531618,-0.281309864042117)
 (-0.53775965593693487,-0.14109750354541589)
 (-0.85924942537453464,-0.28558997864045677)
 (-0.042347098119700721,1.7069488209655406)
 (-0.22016748526950153,-0.56580351104829663)
 (-0.88426088427495819,-0.52832550537981926)
 (0.49999608644957511,0.72040607350514818)
 (0.40060578386386142,-0.10707741381103902)
 (-0.49526745554249346,-0.15906828500785014)
 (-1.27238449211753,-0.77219802755576328)
 (0.24044949455707743,-0.29937015379847698)
 (0.098483187764948688,-1.1637601906037109)
 (-0.23542321976351188,0.70004004325911107)
 (-0.3998428975282059,-0.80775393248844052)
 (-0.40084678747479258,0.091075220572703286)
 (-0.044444718462874525,0.18448735806349464)
 (-0.48117555484063179,-0.53909899398797467)
 (-0.73826907667080621,0.053192347390951689)
 (-1.5659864182175942,-0.23046566913054112)
 (0.58989901356647445,0.20804480881321366)
 (0.65483624225654746,0.061417151053587193)
 (-0.53830180002438444,0.42891553081630468)
 (0.0041119924521590134,-0.31267611884189961)
 (-0.11715603397407073,-0.47216685092884647)
 (-0.13284621769078064,-0.12461674248812499)
 (0.2421432187967523,-0.1190449126017161)
 (1.015716452190137,0.65673430909256814)
 (-0.58134844786956552,-0.70629700030319043)
 (-0.49700590967099767,-1.6525684370000731)
 (0.61089787589354427,0.54339179310924546)
 (1.9632084076724534,0.65691007234137355)
 (-0.50793643985353787,0.21299034752277965)
 (-0.36186691473788402,0.042936357048704799)
 (0.23625249110872465,-0.79663714672497021)
 (0.70021262195394751,-1.4938640168152784)
 (-0.37210758807796351,-0.54312281668763784)
 (-0.59883914622333245,1.0158115942023194)
 (-0.26366212536639888,-1.1168637920102822)
 (0.17095290518276138,0.62603629739675759)
 (1.2021672541708852,1.3577233258658994)
 (-0.42698277891947828,0.42943530658388968)
 (1.7053224607097119,0.095822361319755411)
 (-0.27580498921086183,-1.6348690461556203)
 (0.46739590019237043,0.89187363791006646)
 (-0.34339977571662489,-1.2755954951708017)
 (-0.26138944493790794,-1.1497922578776725)
 (0.42318138129685046,0.64938912748814703)
 (-0.4028983917953558,-0.1079137118372592)
 (-0.69348592418845101,-0.53820435299178415)
 (1.0295458228225429,1.2182857136217267)
 (0.9043151005620137,-0.86444324578960996)
 (0.38228549516233545,-1.1905052919461294)
 (-0.51241779387745812,-0.26639488228699421)
 (-0.40022665560003456,-1.7206174276390627)
 (0.32078289693062922,0.42278264846072289)
 (0.4696709255257504,1.7179077999461478)
 (0.040673039820233542,-0.4218241620122295)
 (0.14879536695807649,-1.1162407986377696)
 (0.47103292762336557,0.62948249042941251)
 (1.3035532239589007,0.44085446902949599)
 (0.16848716052677115,-0.7510372411852958)
 (-0.7048251400338259,0.49574258384124259)
 (0.1719166275995615,-0.3137353583359862)
 (0.18745327910504853,-0.45538763136301796)
 (1.0028021024802765,-1.1780351865053673)
 (0.54643016704013736,-0.42707097195504495)
 (-0.75779653160892857,-0.40234958925365261)
 (1.0730350539215396,-1.639147441029551)
 (0.67372121877324842,-1.1506400774002843)
 (-0.58568927931058468,1.2039584350980803)
 (-0.19774598854200504,1.117481922039659)
 (-0.60595609542398277,0.871617365305834)
 (-1.2335135991135568,0.34887122666370463)
 (0.43997660666350169,-0.67155047825945002)
 (-1.171876449809095,-0.32070678174004102)
 (-0.746225579895893,0.90572224135319557)
 (-0.81876637942637065,0.9302923651520778)
 (0.024555897919936231,0.82570887363944467)
 (-1.2023878726688511,0.23170542085332824)
 (0.90055318092459791,-0.25445787345341619)
 (0.90782284616683506,-0.81720020830947904)
 (-0.095353072578259923,-0.50936941907369393)
 (-0.622008779025226,0.042639752480528259)
 (-0.11247247245696668,1.1342675078415709)
 (0.19651681203050725,0.77991950928019849)
 (0.15311645064153059,0.25789391021835345)
 (0.36365120863120903,-0.020483697543478868)
 (0.30434351061953785,-0.81990541287971275)
 (1.564609249301212,0.37038774133472374)
 (0.5630045929135038,-0.5262800633677952)
 (0.31135218714325752,1.7129502014520583)
 (0.965869463093459,1.330987966519652)
 (-0.060827244262050162,0.58688539347165691)
 (-0.46778463477247362,-0.31681543030139908)
 (-0.36652192169791192,1.2913906992031827)
 (-0.66456685973781593,-0.40409823701129743)
 (-0.82067204075550726,1.0407338074836676)
 (-1.2383642913172082,0.73810331343520819)
 (-0.89622689490804286,-0.82286009511173452)
 (0.031680258904983133,-0.092783034490642055)
 (-0.39992330484830629,0.92903172684147417)
 (1.3712747211896985,0.35752184076932569)
 (0.32679337578221762,-0.49059422978009887)
 (-0.46777263475574826,-0.27017278917668786)
 (0.016555377429877727,1.0069459901246478)
 (1.6339025252954347,0.018771998379410126)
 (-0.24243578474554367,-0.44674852091874434)
 (0.54889381510762669,0.24349415490667822)
 (-0.71217896303395878,-0.60629086330685977)
 (-1.2489281908940173,0.15101800008311661)
 (-0.50197292303542396,-0.83772945849809077)
 (1.2126036578235575,0.42878286426864665)
 (-0.83246212487099724,-0.19959467200747183)
 (0.26024114593543807,-0.93553879639234383)
 (-0.82744643898405645,-0.12564567174547836)
 (0.078608991005348239,-0.55657265454849336)
 (-0.14821703922691881,0.18134098033040791)
 (0.10483790783224817,-1.0888095459114562)
 (0.22166265457095516,-0.62515898317819263)
 (-0.68177516823306727,-0.11340264421758584)
 (1.1266461791358513,-0.63990339966555532)
 (0.075369513715981551,0.94435753869621619)
 (-0.31497904632481166,-0.0558678126770982)
 (-0.13675544891869784,0.33765641432964771)
 (1.1697504038620021,-0.050238692302623456)
 (-1.1493354614755056,1.616118043852508)
 (-0.05683452587165061,-1.1571690149166205)
 (-0.55000250980881538,-0.99470655255061746)
 (0.49574940813731139,-0.077860952240716569)
 (-0.081883270723848156,-0.28486494670460644)
 (-0.27576742335202015,-1.2592612648665706)
 (-0.97073317750416543,-1.0076417387271845)
 (-1.4370676646319955,-0.088876926987862537)
 (-1.0021712699168104,0.53493350032843401)
 (-0.99455673793646993,-0.67076548845716233)
 (-0.63823639187709813,-1.2959105954314221)
 (0.83715935417682918,-1.0115300301530925)
 (-0.40432633296459652,-0.83135998155759339)
 (-0.52252220812584216,1.0286988248184596)
 (0.6969700893306352,-0.040975952030210983)
 (0.41825427013514832,0.039994073098617688)
 (1.2535730387420743,-0.60719302217581106)
 (0.22136025697009667,-0.37424538994344292)
 (0.76416599910814353,0.23751590553266272)
 (0.43631912299379777,-0.63059811441050539)
 (0.28495972863617303,-0.51115574844985068)
 (0.36736990489381949,-0.58945815654573819)
 (-0.79027094088067629,-0.17969410954589082)
 (0.38063290485339957,-0.46371441901789728)
 (0.60132937885365256,0.57275148762003736)
 (0.7724512163824182,-0.94730216325612204)
 (-0.28423871451681848,0.15442427160413311)
 (0.59274345438643983,0.89347879404619102)
 (-0.27871187544619602,0.95106929192823098)
 (-0.22824968600597417,-1.1370918931554153)
 (-1.0871509599475873,0.88050734051445145)
 (0.47654820356666749,-0.82077147331295852)
 (0.92239009512634507,-0.11205436433642307)
 (-0.35799159481105985,-1.0949979072543468)
 (0.1698136972092959,-0.68727902873250524)
 (0.0032842045653384555,-0.74255485157451484)
 (-0.61442439958821815,0.37749241458420674)
 (-1.1113033961176777,0.41584759860869563)
 (0.45198157685308549,-0.15239301995493551)
 (0.36651579546334567,0.64754951716496201)
 (0.93524974265896543,0.69155221693687374)
 (-0.21292499178083318,1.0797768499624685)
