# Created by Octave 8.4.0, Thu Dec 11 09:47:21 2025 IST <gamana@Samsung>
# name: rayl
# type: complex matrix
# rows: 1024
# columns: 1
 (0.41483379766616812,0.79882034927398526)
 (-0.28683959712483686,0.27871041946492348)
 (0.060965512372730804,0.29205163063133271)
 (1.0593387705218067,1.0212715758302071)
 (-0.4617331415771877,0.17886588563985381)
 (-0.55132569158458899,0.6461857411530405)
 (0.13321946598698908,-0.22325451394782847)
 (-0.8774669714808474,-0.12288255125645725)
 (-0.97356205648112004,-0.42071528564026689)
 (-0.37782969975398761,-0.53741657593581571)
 (1.2571527010212202,-0.50031951921723961)
 (-0.48531091416457856,-0.52918503536428785)
 (-0.52825552355593153,-0.51743722155684446)
 (-0.56089603513083397,-0.61296578787667555)
 (0.76059806428585519,1.1351997821809119)
 (0.48138810123958231,0.042644026303298249)
 (0.87362156742036778,0.31478349544182715)
 (0.25978225808750238,0.3881846980794697)
 (0.82887229907472193,0.038595400645977274)
 (-0.34856177624782736,0.1194403208905723)
 (0.40014484325295757,0.7108819891560787)
 (-0.41967148567937479,-0.62846247566044577)
 (0.027620530683380107,-1.4457580390523697)
 (-0.88866994147203771,0.56110940286316191)
 (0.43156367652814459,0.79831698848095844)
 (0.51928478915884058,-0.73251902080752429)
 (-0.43334740739277999,-0.13794166187989257)
 (0.18594247909570871,-0.90231892928223734)
 (1.1088161364742302,0.76008882423941193)
 (-1.2285848660910788,-0.50634869582055586)
 (-0.47176112062158421,-0.47778003585084267)
 (0.11821481815356449,-1.4330197559940439)
 (0.53393080070532306,-0.76112483941699771)
 (0.81425160022793364,0.43029250259374169)
 (-0.39414455551305577,0.85982666243785699)
 (0.61609062940238424,-0.052900358702802019)
 (0.28538073992908169,-0.30972589362185915)
 (0.094984068532760396,-0.41237011765692255)
 (-2.3672686927276456,-0.61212402093237694)
 (-0.18250968606655918,0.17342180659517351)
 (0.73723941812431859,-0.41319123648299982)
 (-1.0624359859660468,0.33058595974685084)
 (-0.039049333369866226,0.14336362211329712)
 (-0.95745381431654131,-0.13936511456264256)
 (0.6786207156948505,-0.36202559806634316)
 (-0.69730677188982138,-0.016543738519335494)
 (-0.23123096213869287,-0.47021073114460588)
 (0.82048701097374477,1.5003754875461757)
 (-0.73822127208147303,0.58307945400507066)
 (-0.058624414466585173,-0.45148729430835888)
 (-0.44915089359352645,0.067553639236646229)
 (0.50881312833883408,0.10419108589057399)
 (-0.65491813356731476,1.8241204442077139)
 (0.31513052637101135,-0.718007126612632)
 (-0.047620159914597344,0.01925522474953862)
 (-0.26730551440117906,0.22382621283704612)
 (-0.13762303633359707,-0.34980648876463966)
 (-0.20021550859154941,0.7466129653563196)
 (-0.18603687484888887,-0.88931615144480547)
 (0.3676651756372713,0.21148340730674819)
 (-0.8282618972354221,1.3537830800649775)
 (0.58505708910205412,-0.0083407323729860483)
 (0.42894963422426313,-1.3714779812618101)
 (0.1438718232774121,0.74056303553512315)
 (-0.8770313537216019,0.44887553234454236)
 (0.36962090983703833,-0.85401549521314657)
 (0.60209660184138691,0.63452303033941471)
 (-0.2404530128269235,0.77681479091789796)
 (0.07451849310578107,-0.63380102619306078)
 (-0.22455299731457304,-0.32290937375100837)
 (1.0607111908618121,-0.079345193893060162)
 (0.41093722465373533,-1.0676593139153632)
 (-0.45039994489625268,-0.098401729984178038)
 (-0.20474032769356626,-0.11898566737530031)
 (0.72212819543767348,0.81985421841224615)
 (-0.42452453187165246,-0.19045957261580687)
 (-0.62833441468570639,0.01203736929259247)
 (-0.98124954987595736,0.69141319534874535)
 (-0.25393783752442434,-0.15102238169536689)
 (0.22538383752687963,-0.20349925643594152)
 (-0.78286498770620205,1.259229899851751)
 (-0.57906809889854682,-0.25248104871498583)
 (1.6506099519690367,1.4641429628399631)
 (1.1745213165935566,-1.1698950491724531)
 (0.03979260296689735,-0.72593790585491558)
 (-2.144328743261247,-0.61401208536760721)
 (-1.5104137722290378,0.5326714627416137)
 (0.11304082848117125,-0.29125367226751819)
 (-0.15446214737591418,-0.019721658052024763)
 (-0.17395354179238826,1.085361918620865)
 (-0.51238694887681024,-0.48990210439239101)
 (-1.396394082671452,-0.3334619979173572)
 (0.094738636333080384,-1.0256165050418926)
 (-0.45631036130872171,0.1554983164412802)
 (0.20161451373241479,-0.065298608784379084)
 (-0.699883957529287,-0.39361890223897178)
 (0.47226502926159369,-0.33416030679300607)
 (-0.50172801742652851,0.51402190072536336)
 (0.029908457071316952,0.87497721314309518)
 (0.96470163995046176,0.26344669801125398)
 (-0.24871678347752518,0.21952475841073693)
 (-0.71795416957725722,-1.0757433355574755)
 (0.72187879035739133,0.54695070393697343)
 (1.5327895375172156,-0.34959321745447869)
 (0.41024254543435951,-0.20843842751581548)
 (-0.41343983561025599,0.60305380573843426)
 (-0.35661710135534974,1.1692290440160789)
 (-0.63419356408571004,0.86905047543755465)
 (-0.68105534053098082,1.2943389191698045)
 (-0.15700346058337494,0.25672698941664196)
 (0.20739977512348398,0.18649529579581428)
 (-0.6289877964565106,0.33996602423462086)
 (0.55795336566108389,0.095558116762651774)
 (-1.0864550265368518,0.36153849933029714)
 (-0.21361008308613896,-0.26201979290876748)
 (-0.070505122004670073,-0.7286360171441334)
 (-0.2936892478966403,-0.081860695364990577)
 (1.3889645079501383,-1.3435108996187497)
 (0.09989481194719485,-2.0489648534795788)
 (0.31551988888020843,-0.21206304195061854)
 (-0.49062235457777259,-0.24521237820697983)
 (-0.33652164965237807,0.065461854241175482)
 (-0.35559175257472692,-0.25293837241889133)
 (0.15284138915639245,-0.13004982044151303)
 (0.13071605008497267,-0.7174030547701552)
 (-0.35303439885419691,-0.74070267364107312)
 (0.15840070915658866,-0.79537706951747456)
 (0.37647783931530243,-0.30008461434040412)
 (-0.99206690536283193,0.025833260025385829)
 (-0.30382880417070357,0.43401324388160045)
 (1.5483587764407325,-1.326974595521623)
 (-0.91370477059486466,-0.39511829667274728)
 (0.64190355961249668,0.24430269274827959)
 (-0.59615063414367331,-0.15384899257117396)
 (-1.0958877145487831,-0.19497990181003499)
 (0.17643238088817617,-0.6519389128187032)
 (-0.38903181723396363,-0.012360975279263414)
 (-0.1979270440301954,-0.14735441211420236)
 (-0.69036687251510609,0.81352714600109721)
 (-0.35482843378319678,0.0086804764943180235)
 (-1.0153351959064163,1.3123288871026597)
 (-0.74858150363842468,0.00013684906355931892)
 (0.10131697205459606,-0.05415966089058924)
 (-0.031840054241219024,-0.44607480933152122)
 (-0.56611615965425544,1.0141128416769161)
 (-0.76713058382785182,-0.068818847935230631)
 (0.95129736629597428,-0.34182497343707757)
 (1.1416184309631736,0.95515199547671981)
 (0.60756141003176611,-1.0735650285392129)
 (-0.29602062473115309,-0.91384142748268482)
 (-0.19883183101135088,0.25635822693418076)
 (0.11037077822551292,0.20390559035409414)
 (-0.051669158601609977,0.55708293044454948)
 (-0.29482471545826178,-0.30933631746884555)
 (0.4984707548754031,-1.0621480323230597)
 (0.24063291896798997,0.02594063037479985)
 (0.37042205581927884,1.0346411706369436)
 (-0.57640373662904898,1.596074890577726)
 (-0.11668653588838972,-0.31029233352225083)
 (-1.4618381431743619,-0.92096398793111811)
 (0.49531826500219983,0.54744241099862312)
 (1.6765623586591563,0.01158211654033614)
 (0.25666699743870075,0.051886715660856966)
 (0.44950401340673596,-0.96847694828742414)
 (0.11169858629227047,-0.62151434121711613)
 (-0.45579814963047205,0.075980107708843031)
 (-0.25898783230151978,-0.091278875019109168)
 (-0.78155835909913129,0.40750653895723382)
 (0.79069701355513455,-1.9955730165038399)
 (0.57598431645348824,-0.66836364610537757)
 (0.65332468738973981,-0.43877846765645057)
 (0.39247205792280487,-0.44099147592511162)
 (0.27178160656961686,-1.2217771700273234)
 (0.22659157868909424,0.14811067819173512)
 (0.0052915690879095506,0.093049894024670482)
 (1.893773934528217,-0.33997449219248066)
 (-0.70369799221724072,0.30414682820629813)
 (0.37083864006195388,0.0047391986549735199)
 (-1.2637733423526463,-1.0937012226158074)
