# Created by Octave 8.4.0, Thu Dec 11 09:47:21 2025 IST <gamana@Samsung>
# name: rician
# type: complex matrix
# rows: 1024
# columns: 1
 (-0.27036855884539263,0.81755117258737475)
 (0.87012574969738798,-0.48972246746515191)
 (0.36432132425157943,-0.39828161684811608)
 (-0.83523226953352803,-0.21077440664696023)
 (-0.78476569185719791,0.93677317190208553)
 (0.57129865988548956,0.38171217388895545)
 (0.72758162637752921,0.36144083169609154)
 (-0.12084283313018174,-1.2553215960253845)
 (0.011956900310611571,0.16026596779470387)
 (0.18905603091056994,0.72797018767726729)
 (-0.34218804453442941,-0.99798468455762523)
 (-0.61504979464518705,-1.394774210614659)
 (0.43423432145151047,0.31906508317894472)
 (1.0929811808662873,-0.87489733514453893)
 (1.1091718307292151,0.47465382036559522)
 (1.4686219007599424,-0.48744140967820143)
 (0.89109616175694206,0.21682982367262904)
 (0.20557863964319525,0.66418624557160144)
 (-0.61381026933268701,0.33917364801727207)
 (0.41517023580623436,0.86676440555721501)
 (-0.79161083073820215,0.62124088221724305)
 (0.2645873805125637,-0.19804277171240456)
 (-0.26494231220285619,-0.58757064121038893)
 (-1.1683572405790192,0.57817104402443253)
 (-0.3598447138688507,-1.2242566934978896)
 (0.81799151587553298,0.32939357732533214)
 (0.33080151473382841,-0.45035467683272307)
 (-0.60844135875349004,0.73834618832479726)
 (0.4034758198016351,-0.10020431795928469)
 (-0.32597261167539315,-0.6832886000609053)
 (-0.52943656322074217,-0.93180867990050664)
 (0.48472065412314613,0.90005892319638447)
 (0.37993255486350291,0.637366741136284)
 (0.73651666341152322,0.19230009192109648)
 (-0.78480825347139405,0.71011019480618875)
 (0.67282389430799938,-0.31001367387380052)
 (1.9917822584676355,0.40017701921803583)
 (0.44784617214756278,-0.68665950848429214)
 (0.88460009781963289,0.1245489275450391)
 (-0.06827805198003864,-0.045513383352768479)
 (0.78352022096087226,1.0585706420684338)
 (-1.3549157936343341,0.53234039935282107)
 (-0.0031061489249262775,0.38207599067551257)
 (-0.051427774226070255,-0.80760958026476992)
 (-0.038221932071609732,-1.2129004123046088)
 (-0.37030716719607992,-0.67932584744666247)
 (0.35254417133684091,1.0285947868138161)
 (-0.71663645058063319,-0.70887692939742386)
 (0.56189059436414412,0.47906877276548432)
 (1.3434603489374233,-1.0279281353325596)
 (0.78750881464481048,-0.74446019968750787)
 (0.44068606004581939,-0.9457977539782314)
 (-0.33125386270112556,-1.0739066073402279)
 (0.52091049784509236,0.36006430440944598)
 (0.95692844139329314,0.93814471860744375)
 (0.32146694303693912,0.63587348702806723)
 (-0.59030473867612687,-0.040735123435946707)
 (-0.55670231214204668,0.76083926514837108)
 (0.12169224823724997,0.5785523503339709)
 (-0.21513131048806894,-0.49440523438433442)
 (0.016522088759120368,0.83757905817963585)
 (-0.16849819537230964,0.99996626567294133)
 (-0.95069218692066371,-0.41654095562646881)
 (0.51963268186110811,0.067059361604488138)
 (1.1282799838097888,-0.63146254311283578)
 (-0.93803638964584102,-1.0355197038954236)
 (-1.0739033827644178,0.72816503559711165)
 (-0.75243925462471251,0.59532824969875575)
 (-1.2475925268453107,-0.74090866142240719)
 (0.17359782006160496,-1.0325153185101805)
 (1.3034672384009476,0.74318505292891879)
 (-1.2232664287480253,0.61845019397875289)
 (0.56471408464704242,0.5419316017991771)
 (-0.9722223499950472,-0.77108622500277402)
 (-0.91114876456772986,0.24339588469161372)
 (0.33778035822700009,0.56993983663859726)
 (-0.12688590361899965,1.0489667044130808)
 (-0.41534628268569401,0.75741838286895091)
 (1.4908866696916361,0.70407331581030386)
 (-0.37519713961726037,0.31467344148277349)
 (-0.77042374712272155,0.24610596653657418)
 (0.42601846457131354,-0.3026267452076753)
 (-0.36733721284312282,0.30787043833926009)
 (0.69698248310641941,0.19008300178405801)
 (1.0192970923885656,0.16771760223845034)
 (0.93530255440012655,-0.63944339101028635)
 (0.3358833776030144,0.31403585850690202)
 (-0.99248072040477531,-0.09197334814606839)
 (0.0054091940453634135,-0.32897563669177543)
 (0.61301357045575666,1.258891080569368)
 (0.23604938037671488,-0.61027934060089872)
 (0.46263343634020226,-0.79568775979942119)
 (0.22712428685404562,-0.013297459849054186)
 (1.0715420663114288,0.34393084229517085)
 (0.011079450187614637,0.65441445351145777)
 (-0.95921578887298165,0.39717592098854315)
 (0.1265049960033468,0.70973616887410951)
 (-0.58635430987764203,-1.0483741952367061)
 (0.34001177584535536,0.16689708762125544)
 (-0.67854166550010686,-1.135721185003602)
 (-0.58387124535053181,-0.64814781745062977)
 (0.56425685783162727,-0.72026548281172664)
 (-1.0475122211251513,0.40808625203735249)
 (0.94180168378399642,0.49517745066627361)
 (-0.59940259728029655,0.48153737242952577)
 (-0.73740194901684952,0.95909151712835294)
 (0.80147386143961696,0.64141441625920403)
 (-0.89409985765230904,-0.17714247833600172)
 (-0.66466199859189845,-1.0685754655832784)
 (0.41907303015610081,-0.86273022669119381)
 (-0.18634619543865191,-0.43631513699946689)
 (-0.63820492709012022,0.20684270004875135)
 (-0.2707448467522694,-1.4449835935957656)
 (-0.96468192532966812,0.87615443445280961)
 (1.6046834121357096,-1.1035588704925092)
 (0.66308753524783204,0.36923744075259818)
 (-0.54371649476127981,-0.13314674027009188)
 (-0.65768323217029767,1.5269367560928435)
 (-0.49461350850349861,-1.1000077801650501)
 (1.0693930904275313,-0.65767087936673319)
 (-1.32883004471546,-0.80763286430649583)
 (0.26253099958295012,0.58010905877680885)
 (-1.0731967765025832,-0.32787070024044768)
 (-0.56533712568784322,0.84838719178103106)
 (-0.3066359280673312,1.4707390867182897)
 (1.0650827078312595,-0.13494106087357066)
 (-0.88334420157018612,0.66518437107195683)
 (0.84140076412686604,-0.63267392157871527)
 (-0.88888333261508179,0.14310771280582218)
 (-0.61857154852235008,0.53974424796265297)
 (1.0620301631929321,-0.36260231767867901)
 (0.91299118238514387,1.2647016634264832)
 (0.8000301743177598,0.33066586380693702)
 (-0.58470659788524448,-1.0274703848079962)
 (0.4549985959670596,-1.0177685630047364)
 (0.58603870070556285,-0.66071178844136924)
 (0.22220819198619204,0.64057437799014938)
 (-0.30106346701051767,1.6704626965905127)
 (0.40984494459087739,0.96360875931183765)
 (0.0043627166525944117,0.75635608767570983)
 (0.98056978631060177,0.60023877831141714)
 (0.37966979415462276,-0.55899690122271151)
 (0.80528989272230111,0.67816524227423947)
 (-0.82349640923042011,0.17527845799839814)
 (0.61034381904218216,-1.1265337972629483)
 (-0.59480388362813652,-0.27732077988671167)
 (0.81839622952206892,-0.34515133382830665)
 (0.80217052773740394,-0.58143891218520471)
 (-0.65307373810383784,0.58111361910673986)
 (0.7281921592846281,-0.56329935307843271)
 (0.1551625487847535,-0.98291323648736117)
 (-0.61587740727229667,0.25774065984466343)
 (0.094186543338444062,0.46257413362693628)
 (-0.62785980545600906,-0.73191649560656769)
 (-0.7013037541878312,-1.1167073633312605)
 (-0.62386430282382876,-1.0157180551952179)
 (-0.71405576255428949,0.70537828467268426)
 (-0.95666464763905967,-1.0036749156011442)
 (-1.0365508926673754,0.72676469454309978)
 (-0.35132537135683206,-0.48684009222914792)
 (-0.76326115430584296,-0.79062900011094639)
 (0.81318258883475492,-0.90718465314200902)
 (0.93607120848588565,-0.46200701238124575)
 (-0.64103115540213107,0.7501742717838682)
 (0.66840011873709093,0.97100979530898468)
 (0.62014812925590679,-0.6943704193655813)
 (-0.72655381697880905,0.19909071012708685)
 (-0.57399952241670293,-1.0275387300734411)
 (0.86784259776474404,-0.17574006664388542)
 (-0.79873945859440354,1.2556584038847118)
 (0.43193842599376348,-0.73873145739710622)
 (0.83143657692618111,0.89638218710448769)
 (-0.78281274445494897,-0.096149338537838469)
 (-0.47449823060090673,-0.55456948041694298)
 (0.75958709715312778,0.92414501732367915)
 (0.28463296857238757,-0.34212549222025074)
 (-0.76501102056705772,-0.41537321598900867)
 (1.2964463262707979,-0.37537067346876229)
 (0.46589420007244331,-0.34184454373652173)
 (-1.2139570998569083,-0.78837074489079206)
