# Created by Octave 8.4.0, Thu Dec 11 09:47:21 2025 IST <gamana@Samsung>
# name: rayl
# type: complex matrix
# rows: 1024
# columns: 1
 (-0.6524128705530905,-0.10598246854096371)
 (0.65043064832747677,-0.44751582917219312)
 (1.391088013398214,0.29300179699290252)
 (0.53294299177032423,-0.86831998865890847)
 (0.18522479241884232,-0.2610116291511872)
 (-0.60057260600894702,0.63905498720019016)
 (-0.36859152465275247,0.22633172147929759)
 (-1.0898417689077999,-0.57333771903042352)
 (-0.36227378312816766,-0.34474927366322833)
 (-0.4157436422552227,0.53661726780816821)
 (0.1399335665279175,-0.43691415872840883)
 (-0.34710903279562599,-1.5379665988463254)
 (1.083805242552248,-0.41488138093167265)
 (0.57647199538343097,-0.77817864092513211)
 (0.042664686227366938,-0.34321605563430702)
 (0.6258728824815083,-0.095930650560598518)
 (0.14259049256925063,0.10850684266284713)
 (0.22549765570599967,-0.064725153160259688)
 (1.3515765476417116,0.25251018912235501)
 (-1.0040359564490684,0.4129893364493995)
 (-1.4299619979641394,-1.1995239755045062)
 (-0.43866620528565342,-0.4891059386396775)
 (0.5232827922157971,0.65328562181470307)
 (0.46172958612123494,0.44603327520388003)
 (-0.49927564113025152,-0.24856622540126577)
 (-0.24602882335867815,0.79850660365638537)
 (0.94319473187566372,0.13022820697720555)
 (-0.09470786277551374,0.20429403625914994)
 (0.024798180387179625,1.4992108015192303)
 (-1.0875083572650506,1.324907750511664)
 (0.77495053813661308,0.25616633375650583)
 (-0.49675195129559396,-0.22212767662740013)
 (-0.88311077635469681,-0.42942891915771764)
 (0.79675698155768904,0.67024407450701606)
 (-1.0535477136850506,-0.073921445840426869)
 (-0.81988485709044401,0.35266296292464744)
 (-0.79015525652436081,0.79966455012211468)
 (0.54344717301161694,0.089839252901640937)
 (-0.36182796251446397,-0.57667873071675135)
 (-0.3463549153298856,-0.84357782042546281)
 (-0.36191571398042655,-0.82281574617579412)
 (-1.2378505430869231,0.5899138086206952)
 (0.2463896548804253,0.34487112134635023)
 (0.25831155896390923,0.34543639040722285)
 (0.47391919800221483,0.34405062198836245)
 (-0.36891061913938306,0.19440883994377281)
 (-0.056099022502770768,-0.40421973370972125)
 (-1.426672189785515,0.25466132099743932)
 (-0.21569538270825361,0.66952040122013623)
 (-0.23349775195860734,0.37429501251901842)
 (0.44177732299918399,0.51545625376143311)
 (1.0613935477465293,1.5202250728280009)
 (0.60583613937820979,-0.35946533850328011)
 (0.91755605237593896,0.054360156051218189)
 (0.049275868325529951,0.12090031557020824)
 (1.0725385424050615,0.3357266132105719)
 (-0.20400602976229382,0.43658116432868371)
 (-0.029809227992306828,-0.26053377112599452)
 (-0.61800163234096028,0.30053810110348117)
 (0.88911227585250108,-0.57510450591956619)
 (0.36108206722313352,-0.76017720355671747)
 (0.34860185896663887,0.71365749592784677)
 (0.85513648295666467,0.41157497150447175)
 (0.94022698905779412,-1.1463672230870647)
 (0.77895761053383827,-0.0083582612950258706)
 (0.30875037771401825,1.0001608220447138)
 (-0.76048675577075331,-0.70926286205886124)
 (1.1070813770455292,-0.217312172175256)
 (0.27037511728073216,0.55358033404464446)
 (0.46713467439746859,0.78796160032271578)
 (0.31460911048410345,0.1558383555939864)
 (-1.541951726929621,0.18261402402043081)
 (0.35984766665990275,-0.58796575982344923)
 (-1.0056797302673119,-0.71786122511957717)
 (0.55965099716224342,0.64985278345373954)
 (-1.2905578189564801,-0.46620464612523632)
 (-0.50814629766368891,-0.75372768947592805)
 (0.24010329850704076,0.98220316967400079)
 (-1.0475844276158557,-0.61438678467843955)
 (0.87549554815041053,0.61933815850002394)
 (0.77380756005258489,0.084176542058400361)
 (0.40903838084380062,-0.4681016118907293)
 (-0.86580959494172061,-0.037276076826768811)
 (0.1210797280200166,-0.20945806299828268)
 (-1.1521851829587404,-0.51906917519451357)
 (0.59648480237779911,1.7653409811283867)
 (0.35151385400250434,0.21158835755217797)
 (0.51928349983026634,-0.96506021826411226)
 (0.29529850739340668,0.45757860190863986)
 (0.7098714830559073,0.44803473733567312)
 (0.0099138892159166825,-0.54133782900676652)
 (0.06945291542113563,0.87855169704056268)
 (-0.78136826134596193,-0.31153388480008848)
 (0.23359641994055952,0.94914885014381878)
 (-0.83071370261696065,-0.57718394936400097)
 (0.42838060090584185,-1.8491229024490106)
 (-0.56090509950476342,0.58081940737744386)
 (-0.62793859966119137,0.23927694470284111)
 (0.055835197576939444,0.62720712364530573)
 (-0.78682754811042344,-0.093671915779266202)
 (-0.46220130312433338,1.047043469462436)
 (-0.11375156835124085,0.18263162535177452)
 (0.064943588233501215,-1.198946987423176)
 (-0.64782339880880901,-0.3771249678397427)
 (0.26686459882287905,-0.35557115155999475)
 (-1.1443263674224726,0.27694860203949828)
 (-0.10798944360387641,-0.61070255389247596)
 (1.1139740487558245,0.30907475978733834)
 (-0.62633955586465251,-0.22680786320685847)
 (-0.59278756756429718,0.63212987688674327)
 (-0.28034228919759618,-0.29895209513192889)
 (0.46235885537957688,0.76345897789824535)
 (0.36777579260341881,0.56456379875794305)
 (0.71053917812951384,-1.7520574009004519)
 (-0.82679444858481665,0.12300728359269114)
 (-0.89389925297824591,0.067252198788930573)
 (0.37007648447504526,-0.094839202370817582)
 (-0.22449698896390829,0.89049403075934341)
 (0.72209976264635611,-0.90691268031548322)
 (-0.56702286076224162,-0.18395364697066779)
 (0.063562194727269539,0.13115613545812724)
 (-0.083069204527109392,-0.2285061669090119)
 (-0.86353029891965605,-0.44922493714038308)
 (1.1557704412884693,1.0502067146584557)
 (0.83530422218909706,0.48163117310678139)
 (-1.4308782220940315,-0.34580921933669118)
 (-1.0301907131280912,-0.69406182886960455)
 (0.80937019456026982,0.094314560673749492)
 (0.68454559594258646,-1.6022406233091342)
 (0.14400726576706316,0.57553700431203425)
 (-1.1407797850238683,0.019255603979405955)
 (0.12946201288741763,-0.38535972213709369)
 (0.18538861160538717,-0.29321768926419661)
 (0.43212034549656958,-0.33827130218309803)
 (1.0383416700868127,0.44731978490086027)
 (0.27439952051461725,-0.1165650206259323)
 (-0.13446519463776171,-0.60083756450126669)
 (1.5441712062399477,-1.301061789304979)
 (0.70337103220889652,0.76395384206986694)
 (-0.85634030871420619,0.70629231115233215)
 (-0.20900565541673718,0.27935282358274205)
 (0.10721109604676618,0.26169537142731536)
 (-1.6598762232866751,0.30264079917990905)
 (-1.6496527695775516,-0.21141740564852796)
 (-0.4571667732470599,0.010881262963979593)
 (0.6155383138290742,-0.23926701710137674)
 (1.2072798380051921,-0.42510690621626346)
 (0.62938161699793671,0.33212669805845813)
 (-0.055929304733363661,-0.60515932466443134)
 (0.62711008747851571,0.25249623152106304)
 (0.95077314893438447,-0.47464176069562325)
 (-0.29976512076333023,-0.9644910018146351)
 (-0.38767692891604932,0.31906765307450391)
 (-0.26810715431479126,0.93093513555746732)
 (-0.73009711013733036,0.53577359902794353)
 (-0.21003838955426024,-0.39562623346324932)
 (-0.64700491538301508,-0.035967205016993076)
 (-0.61728199729855904,0.34470520327774223)
 (1.1796951763121113,0.23921527693411682)
 (0.69973473463073332,-0.097642470874540588)
 (0.12105271478573409,1.1760211762250625)
 (-0.35537330356752206,0.96674697234387874)
 (-0.17387332316753534,0.10938062363954526)
 (-0.059676090970877615,-0.72116235822779395)
 (1.6508032077919934,-0.050883281318875762)
 (0.83576705511536975,0.21843248806258603)
 (-0.48651419600377477,-0.33117731326482924)
 (-0.24234972592350068,-0.35394167448500669)
 (0.20193632187004754,0.46264533033397137)
 (1.1221542352899694,0.62826553436920207)
 (0.43425446297277182,0.45006237824554429)
 (-0.62189612154115637,-0.81465000528127007)
 (0.4275174656082168,-0.24840418310631696)
 (-0.79990373039050278,0.32550924835876027)
 (-0.58251195892023744,0.51933165194538389)
 (0.30310185613627538,-1.0385205926657464)
 (-0.34942725142775422,-1.5707935482619231)
 (-0.67252642959297504,0.94205871425364662)
 (0.72523276671291736,-0.49108848596270194)
 (0.82376125823011637,0.29479257723692104)
