# Created by Octave 8.4.0, Thu Dec 11 09:47:21 2025 IST <gamana@Samsung>
# name: awgn20
# type: complex matrix
# rows: 1024
# columns: 1
 (0.78457666557049865,0.56577931988916408)
 (-0.62876582258173486,-0.71188509294465385)
 (-0.71993228704712275,0.612546112466546)
 (0.56808967396156651,0.66524195586022428)
 (0.76021285130959571,-0.6614827210392471)
 (-0.71469316814625872,0.64571275498299241)
 (0.67768699632808593,-0.72301840993891453)
 (0.67299980367111745,-0.58536961619257988)
 (-0.78140314049756432,0.82098313201013695)
 (0.57310195183249002,0.76985934349391372)
 (-0.60054017817084593,-0.6749563879680478)
 (-0.71656969473794385,0.62600192735664595)
 (-0.69973073615436276,-0.71923638223509645)
 (-0.65316735979904395,0.7137184971746916)
 (0.67120107582778299,-0.84878105626100764)
 (-0.69750596854710967,0.65080753391094626)
 (0.77598422366142539,-0.64353146213620382)
 (-0.68873377506519817,-0.66967876218206701)
 (0.79248216525147153,-0.83216751141489742)
 (0.65354886239906917,0.64647846150358501)
 (-0.71394379516329054,0.7943948124421637)
 (0.71135811170770535,-0.62768931854134935)
 (0.64486579060576699,0.60909658685250745)
 (-0.72204146428144944,0.78021431555148513)
 (0.77229632594701925,-0.82589925052156854)
 (0.70402083381122049,-0.73263406017813848)
 (0.81368440496965666,-0.63192880358067105)
 (-0.67165942666727807,-0.65919140802648191)
 (0.73479632941003681,0.68540000361630415)
 (0.8305499027083495,-0.6435997700084487)
 (-0.67479919056198334,-0.66318335683144547)
 (0.69179182896863078,0.63956995609227862)
 (0.58843278496595641,0.83132462372185745)
 (0.7171500504808267,0.84566449605052885)
 (0.85700423077235532,-0.70635516720309943)
 (-0.63537692912240262,0.73467885400591548)
 (-0.75696240755403188,-0.67293347717311691)
 (-0.6682453394672796,-0.68681337348406024)
 (0.66968267667325332,-0.56551702496422318)
 (-0.80278688186901659,0.72024791285954148)
 (-0.87467372140678423,0.64350196499297152)
 (0.76428848805852934,0.67566599952919137)
 (-0.69245049448360363,0.68401752367872382)
 (-0.62066653435942087,0.62027955465246032)
 (0.76156824820415703,-0.76975565684266534)
 (0.58722199662121854,-0.70429505698545947)
 (0.6022807292084924,-0.72505402928265306)
 (-0.78899265205440106,0.60403586964994604)
 (0.73632098947185765,0.81711383115761727)
 (0.6200438807610289,0.66844505398983389)
 (0.60027451247333929,0.73764580266926549)
 (-0.7313840911333318,0.71557986254861927)
 (-0.59766127420775217,0.79916988075742235)
 (-0.59796623252715464,-0.81167291480142834)
 (-0.92613654222551267,-0.70995866352241388)
 (-0.85189688314719347,0.71216041956862475)
 (0.79362925079158586,0.62483031943332001)
 (-0.66799013796691131,-0.68928849168921902)
 (0.68143885313527264,0.79181171504829484)
 (0.73083824938831021,-0.57943315007287233)
 (0.84577470600805738,-0.59564108376150349)
 (-0.59155657065758094,-0.88275254970768491)
 (-0.66331876456240457,0.71607074219906608)
 (-0.74255579774323399,0.67370021983577477)
 (-0.63595025351399137,-0.762427580537823)
 (-0.7850115650347852,0.82805074933139178)
 (-0.64378429566571771,0.65034079637167264)
 (-0.77677881538755655,0.65741147203886952)
 (0.73016492457372051,0.62780548252444079)
 (-0.6546872867792527,-0.68023480478183507)
 (0.66472357916569969,-0.70729700202892465)
 (0.95328071644637979,-0.77218173379900779)
 (-0.6441306990004444,0.70814561723777436)
 (-0.64090618286716894,0.83650131103622605)
 (0.81801586176135577,0.6084501113351567)
 (-0.80431582913491706,-0.64842013012593114)
 (0.67192844934691587,-0.6739794486132572)
 (0.66937117154277137,0.60429912451691437)
 (0.7307534364958671,-0.66541237188846725)
 (-0.57834448382751291,0.64893128618363471)
 (-0.59187378493460097,-0.69017142407024101)
 (0.76358940670008568,0.70385012413206283)
 (0.73164553503418706,0.68702621350745141)
 (0.78411979860717695,0.79119425947439204)
 (0.72786853427835263,-0.66754421471082304)
 (0.70369681395505479,0.67643273314842856)
 (-0.81101878644634362,0.65409846951776196)
 (-0.7703318332372191,0.68500638972507799)
 (-0.78856988479645229,0.61504599600774257)
 (-0.6586333017436663,-0.69228686098913994)
 (-0.7157311687669875,-0.72308153610262504)
 (0.76052783076317576,0.75636187558588386)
 (0.79886091516720348,-0.72385502395021917)
 (0.79066454421743881,0.86360810092520779)
 (0.68108872923051689,0.722305452844478)
 (-0.52422394132849381,0.6924746798425172)
 (0.66024653879236195,-0.7282731348441277)
 (0.84448386328046376,0.7188284464506326)
 (0.6651135371719511,-0.72063099486596471)
 (0.69804857161454659,-0.59207124154573942)
 (0.69576632718199471,-0.69903838614336244)
 (0.80303209924195251,0.58094546849545003)
 (0.82000876342585238,-0.51779332670151978)
 (0.55629253910846721,-0.78749534980722546)
 (0.70167066503154396,-0.66230263961108715)
 (-0.592286182692361,-0.70202050040491393)
 (-0.58740837022886461,0.63075480735256328)
 (0.62733186651188189,0.88808200644237534)
 (-0.74662672381459072,-0.80763346308309625)
 (-0.68081617576281606,0.74919034914553007)
 (0.58698878845349667,-0.85288252933042763)
 (0.82037604226755712,0.68910765241910621)
 (0.78860829885908323,-0.84908635377428088)
 (0.73785429055600793,-0.73909110520658028)
 (-0.83727860928757147,0.79444721990054912)
 (-0.68712333082641552,0.73602836853276998)
 (0.68610020389768878,0.66136025511713914)
 (0.80026206794221788,0.77953839376856382)
 (0.68034863541262092,-0.73283982554466032)
 (0.74727906327104054,-0.67497724640537538)
 (0.68947220842673229,-0.6284842274519038)
 (0.70034207065481846,-0.59253938503156467)
 (0.63433469300044276,0.68275720052815392)
 (-0.80652166867120911,-0.71459872883788023)
 (0.69667941191783933,-0.70301234173379101)
 (0.6808840071136627,-0.75666230485348662)
 (-0.73561001224668765,-0.63313708784172129)
 (-0.66524569417638646,0.67194936379128922)
 (0.77121257151632339,-0.69937933287408682)
 (-0.78071863023200549,0.70842020982303078)
 (-0.73369248022262989,-0.68791385101329006)
 (0.79340510314035062,0.7286592483650729)
 (-0.67702810027472615,-0.65196672082107465)
 (0.65079353962985986,-0.74988802506170327)
 (-0.68523984749674993,-0.71495688582498529)
 (0.69486419648769837,-0.57095857670929462)
 (-0.75541164858707166,0.63202355578367753)
 (0.77630381030747575,-0.78101961995569746)
 (-0.79979434561571039,0.74966672250350475)
 (0.65493955522324776,-0.76207808273949551)
 (0.72390947634261438,-0.73014968455082163)
 (-0.76087024091735433,0.73510411526461306)
 (-0.7943149804989611,0.80674595548947392)
 (0.6957154622420727,0.64332421413070995)
 (0.77391488541222875,0.63781448078471148)
 (-0.76014377698050162,0.61991746074396992)
 (0.7206560604389004,0.72411468567171111)
 (0.62917458687517247,-0.74594586952411412)
 (0.67657431625339948,0.65024156873815364)
 (-0.76553892023777859,0.69045051482571118)
 (-0.74579122201834047,0.64640137790091123)
 (-0.66791181514951836,-0.81138541218514049)
 (-0.74875777134840227,0.70990018481175743)
 (0.82149957609530866,-0.71926832473567515)
 (-0.66526097183396238,0.71350295305745404)
 (-0.67408715941100883,-0.63708074288078287)
 (-0.68820602513320106,0.64730993492015731)
 (-0.5582172790058223,0.75962081297344941)
 (-0.71372052213078474,0.73129475118341347)
 (-0.70233379325355438,0.74629442535622115)
 (-0.71727852175900098,-0.80790850201525777)
 (-0.75430743620323026,0.66070625252359116)
 (0.624297075963401,0.61624818476424092)
 (-0.69014575554300628,-0.77206895261515573)
 (-0.66281468185864723,-0.67544383970188193)
 (-0.69592740165259437,0.6777290135292573)
 (0.65549734790945569,0.58015756157577081)
 (-0.7979969149863203,-0.69755732901137779)
 (-0.70078365663933107,-0.70250348357594494)
 (-0.75171248295755344,-0.75056543906948148)
 (0.81292088130206908,0.79945353272669595)
 (-0.6936386059170716,-0.74314873213803523)
 (-0.69882250132903168,0.70816570473208995)
 (-0.68232481699140368,0.65232287729205196)
 (-0.71927616629353064,0.77329379392635778)
 (0.8274759693461271,0.69941088426851317)
 (0.7427368840095312,0.76471334251069689)
 (0.78703845161758368,0.84775112712442113)
 (-0.63267339955005497,0.86882209209285)
 (0.70198137184321019,0.76069459810959028)
