# Created by Octave 8.4.0, Thu Dec 11 09:47:21 2025 IST <gamana@Samsung>
# name: rayl
# type: complex matrix
# rows: 1024
# columns: 1
 (0.13481802419982403,0.77411432163128091)
 (0.33759799598649698,0.045278293552607346)
 (0.33107658895648173,-0.71506860273276596)
 (-0.21520986155207517,-0.74920884367570917)
 (0.16746207679639002,-0.27692179924557025)
 (-0.53732367206865517,-0.055997755147211004)
 (1.0048948608521671,0.12237557489133399)
 (-0.60282831290790506,-0.075478184807757642)
 (-0.3586641806489862,0.1039758979467558)
 (-0.30077078973799948,-0.43794317090409401)
 (-0.91021476170824467,-0.092849155507891967)
 (0.16965888212721214,-0.059887557074127032)
 (-1.0608198197860395,-0.026197868100062638)
 (-1.009192112494615,-1.3375669035709712)
 (1.0447022486471442,1.3261713970134892)
 (0.14789536542433274,0.18501728058903932)
 (-0.88225118427181226,-0.51117730844170051)
 (0.39802728791395381,-0.72266835731552959)
 (-0.12339114991143507,-1.1428568212787107)
 (-0.17085396187392612,0.37759158957598637)
 (-0.17188887956535892,-0.85687257330595756)
 (0.47725658413196265,-0.48901441257755368)
 (-1.0153749194987507,0.25761890659842357)
 (-0.6917629955863952,-0.95697455136955167)
 (-0.57307835873302559,-0.72231774168156437)
 (-0.87184406458724617,-1.1631228757615459)
 (-0.16248395302766869,0.45080559792496211)
 (0.077339693618055927,-0.85425166480769654)
 (-1.1730303006475318,0.67366978019747747)
 (0.59781113964917676,-1.7713617659254499)
 (-1.1495684672732078,0.37605933941205566)
 (0.37176111107070103,0.020421465994473753)
 (-0.12646889071874276,-0.41222604087206138)
 (0.83885313009559859,0.30209008926569775)
 (-1.0745376883832547,1.027342293213549)
 (0.45376111933776236,-0.45849021687950658)
 (0.12295863377213356,-0.5400038192914659)
 (-0.051244382631160212,-0.74367780368366465)
 (0.34341010090809426,-1.0448409339615226)
 (-1.2238281235837587,1.0598970492645876)
 (0.31575892095406377,0.71301545762525465)
 (2.1023434136937338,-0.41875915260019314)
 (-1.1234710277873083,0.77249426520050191)
 (0.4729261845967957,0.25752786821273765)
 (0.20334693143771751,0.11377851245864365)
 (0.41243755426234946,0.0036527826378797701)
 (-0.72665716530010349,-0.29664941402438277)
 (0.062724560532258222,0.75640467178695747)
 (-0.39574884992931014,0.3876567959855689)
 (0.94054501159380721,0.80972161540319365)
 (0.63288302978799649,-0.11141976424197386)
 (0.22799077428642822,0.15684385418762836)
 (0.014376981153195745,1.1804789291258873)
 (0.60231278930063348,0.34777366397975551)
 (-0.048579278788965785,0.61660881477243268)
 (1.24040400747058,-0.29989796145981495)
 (-1.2756577513240761,-1.3637795691207453)
 (0.19909445664977443,-1.260957677239289)
 (-0.092068256768835871,-0.34392223104837205)
 (-0.0050603371431632294,-0.9638022072093565)
 (1.481965461686422,0.082302920798292378)
 (1.638807244378965,0.53771523400541688)
 (0.13686735652982113,0.065313115217666778)
 (-0.092421748982388252,-0.87477548751360579)
 (-0.19379535498883305,-1.2104519408196333)
 (-0.67133063586483699,0.32013498512999516)
 (-0.84749641402921339,0.89730659955456193)
 (-0.31352138774621763,1.2393746350862886)
 (0.45508589870061111,-0.18020768844982085)
 (1.1678911498902362,-0.71944372845870974)
 (-0.70493387884918923,1.1020788002584845)
 (-0.29264471239397416,0.46477847810671746)
 (-0.56030356861733799,0.61119339042504495)
 (1.1272667867615151,0.9662096865395684)
 (1.3143558947522229,0.0092303047167100472)
 (-0.051129044981350819,-0.4514895360580039)
 (0.47422136229177225,-0.55160749738989645)
 (0.3409492886206863,0.85787463697210542)
 (0.65988303812047788,0.11565671782378917)
 (0.2599157186237584,-0.093882625559023089)
 (-0.8420472425707699,0.72907324495063541)
 (0.2648322304312537,-0.051574615086663014)
 (0.099756699631861734,0.78432695717039058)
 (0.56825845888297533,-0.46401805711140764)
 (0.42426556111181979,-0.68255781239197955)
 (-0.42948895367869117,-0.0087988078066648101)
 (0.28852792611882538,1.4013568299877726)
 (-0.86497218430232437,-0.55671349892326583)
 (-0.66423035861630964,-0.51023534488009648)
 (0.51566890693977052,-0.18677418711192725)
 (-0.19216901876827447,0.097862572576287429)
 (0.79738846616633507,0.2789083198322071)
 (0.62118668089385254,0.17775795931189711)
 (-0.36976367457662995,-0.056372926070053203)
 (0.72607123264229345,0.54821045065261764)
 (0.72343600000185049,0.6968944199863647)
 (-0.30123912442062911,-0.13514802280584071)
 (1.6265773503389833,-0.087662598523626234)
 (1.5327857066309893,-0.30474539493202402)
 (0.48749892261362848,-0.34213497656692082)
 (-0.04892137601893698,-0.047487354461190026)
 (-0.54363624061362625,1.9796681568164578)
 (-1.4283363157568454,0.3377883210327749)
 (0.44961234303930031,0.36668829403218017)
 (0.14514261921470387,-0.10688090841455114)
 (0.90430772726748454,1.6355103757788965)
 (-0.14966581997351452,0.72777592955009762)
 (-0.75603373938805452,-1.6008935958189785)
 (-0.62518525545943049,0.4025606131202083)
 (-1.4550486103480877,-0.40157536828533325)
 (0.59675541642092245,0.46711737161125499)
 (1.0262156926415051,0.028193763069335576)
 (-1.0731602649323544,-0.25659003922691348)
 (0.62479942680774991,1.2293113552402373)
 (0.42675257848245834,1.0901717364871988)
 (0.28710699153615632,-0.27914447559909422)
 (-0.94858421080950617,-0.55482591330461561)
 (1.4003542996467191,-0.2222577541966998)
 (-0.81855889356438927,0.75340701587263892)
 (-0.33821226035144492,0.078309890706064672)
 (0.00023095011325385828,0.97884997752411174)
 (-0.22725675694491401,0.15065144275427547)
 (-1.1239080345841077,0.66738536066086618)
 (-0.40964689197329474,0.65984091843728532)
 (-0.95070132160413923,-0.93109353713952225)
 (-0.37971635137243342,-0.45511813157300463)
 (0.36766742017025666,-0.95436938529755311)
 (0.17368732976184004,-0.89282248024157651)
 (0.25944916278527358,0.13124152365946673)
 (0.3977722657162765,1.3348799929290112)
 (-0.25303248308115001,0.50470849194011702)
 (-0.47990478067851705,0.66131346119195178)
 (-0.09268639688267799,0.9103884519614166)
 (0.088895400777621786,0.3710837773816078)
 (-1.2151719504071299,-1.6567641956466386)
 (-0.10342381283024338,-1.3762192585712771)
 (0.81937674486527245,-0.15269754162274896)
 (-0.86876938688503613,-0.51325180703215234)
 (-0.66225423338520506,-0.18827081917939276)
 (-0.17126761630076437,0.65507186115396254)
 (0.25975127214992144,-0.34375123918010098)
 (0.27979613278584747,-0.82796833010894944)
 (0.63330566552511636,-0.82449106522457227)
 (0.53189345874088201,-0.65287277200638016)
 (1.4132361202982462,0.32122128263084759)
 (-0.85443969618075677,-0.22455065701558502)
 (-0.48831211370963101,-0.97215156405825487)
 (0.62672695834471581,1.2675517155679068)
 (-0.083610430615483455,0.74953919253199808)
 (-0.15739737470458623,0.49471762101287187)
 (-0.28419296327325272,0.42628649999167323)
 (-0.17366567363245475,0.30697474078362219)
 (0.10343760963392623,-1.1347735159766577)
 (-0.038300913192796271,-1.3542144583070839)
 (-0.79789916996531218,-0.19533484334471413)
 (-0.10752952169894459,-0.18133901671231284)
 (0.13351112193486481,0.12766032545212996)
 (-1.2327499701718141,0.57265559307460445)
 (0.68678860404064046,-0.49792572665597656)
 (-0.2410956977549937,-0.68770546017632994)
 (-1.0182596486295004,-0.84207306570752516)
 (1.0026406299468618,0.60703300481493061)
 (-1.0926663810689536,-0.42511916368445324)
 (0.35789814159379385,-0.24162867348693429)
 (-0.29561086681886489,-1.0135572038580045)
 (-1.0868239023986648,-0.40542815200193294)
 (0.33823280752553103,0.86995774904186063)
 (-1.4261809684994715,1.0549552003410161)
 (-0.56621539840502344,1.6536868155331916)
 (-1.6920012447598576,0.088075720555595982)
 (-0.28679431379444725,1.2010755349149378)
 (0.37393775574538041,0.13185727673435182)
 (-0.49088960429803052,-0.87993353654955697)
 (0.71012646435951798,-0.65412437865151052)
 (-0.26876012245384273,1.4478863954557337)
 (1.2918037843302137,0.31989162250802633)
 (0.051870277554388777,0.14250580081119218)
 (-1.3330540440185765,0.50702774192942568)
 (0.94036145729114495,-0.43851894328318658)
