# Created by Octave 8.4.0, Thu Dec 11 09:47:21 2025 IST <gamana@Samsung>
# name: rayl
# type: complex matrix
# rows: 1024
# columns: 1
 (0.48619683565643035,0.39937547861691436)
 (0.67652643008479896,0.056548655059191044)
 (0.62762867389295984,0.51847283058778693)
 (-0.25756931280820861,1.1315312174339165)
 (0.45225306169549923,1.0050854644301901)
 (1.0282080982618982,-0.72328033512265555)
 (-0.82697424000528752,-1.5299655228411755)
 (-0.45945866410673064,-0.59981344020891236)
 (0.34305534150290168,-0.74149036599404727)
 (0.57467151130301841,-0.91595810430420055)
 (0.65257672304120584,-0.17713627110346969)
 (-0.52308908420478162,0.73348345675760951)
 (0.66984368134618433,0.12089869622134414)
 (0.44080799042892099,-0.90370318647743719)
 (0.0480682493561604,-0.19372527788848787)
 (-0.12475824419229123,0.040866964119249539)
 (0.74279345151672171,0.83526701229324984)
 (-0.45264523922088751,-0.93218379181257194)
 (-0.19071807496544915,0.19708247783083557)
 (-1.1803888675413505,-0.76985539242018186)
 (-0.59152608687349972,0.078337297124480565)
 (-0.093277524903244105,-0.28855450798058585)
 (-0.28610677635192239,1.0477409677776595)
 (0.71433369775750055,0.21996984646042991)
 (-0.19842625175026468,-0.37342454692861166)
 (-0.4129717450399098,-0.63199609414390978)
 (0.51887958474281493,-0.6893872401407759)
 (0.23521500718459915,0.1739541423667379)
 (0.42730640701792899,-0.75406065597299998)
 (0.56450150498422202,0.18107044374111603)
 (-0.030197349588926614,-0.92162360243118457)
 (-0.24358872664401165,-0.23662632488853186)
 (-0.33521730258944871,-1.3913670416562864)
 (0.92591783991660204,0.69882921089976724)
 (-0.89850941506093396,0.78921904454020464)
 (-0.79237812510684136,1.0038869766240746)
 (-0.26908712093040421,-0.35637211412755121)
 (-0.59689743582148447,0.22788150740529517)
 (0.44482338789187759,-0.66861401525691699)
 (-0.079106478909904937,-0.41152251139044949)
 (0.30008611947718872,0.13707989868098841)
 (-1.7708947385067155,-0.5198401645697891)
 (-0.13611426013082151,0.25608167438743612)
 (-1.432732999353886,1.2355427147815439)
 (-0.42696283348150743,-0.38627720024799173)
 (-1.9892477820198529,-1.136033424882773)
 (0.50129078630177248,-1.8645112536828159)
 (-0.18947768872577639,0.051694393918683773)
 (-0.1263609405764779,-0.22963086092167506)
 (0.63902707656191216,-0.48144310456804829)
 (0.5096202374769937,0.49349847901740984)
 (0.61190642723247524,0.58530387095448089)
 (1.0455693403394268,-0.94782301894445686)
 (-0.036510088596182322,1.6195948335265804)
 (0.89537940331475807,0.32850449332524934)
 (0.77400524435213935,0.55120733562837276)
 (-1.2705386949278648,-0.19703776758024694)
 (0.0029698024978198068,-0.88530785584528959)
 (0.37498259564569814,0.058754947151990061)
 (2.1105098875066322,-0.34056875943434317)
 (-0.32699911973975554,0.018989533696182226)
 (0.15666330975923556,-0.40589165339362687)
 (0.55312428863268215,0.10858589177019309)
 (-1.1520255831514021,-0.17577692101883075)
 (-1.0031646843176638,-0.71389960320753654)
 (0.0045185045118699696,1.7183484671988465)
 (0.56487615483826825,0.52565253500443465)
 (-1.0868931324260351,0.26301009521183544)
 (0.019859839861324363,-0.48676992539097641)
 (-0.48624360858949556,-0.29427660598262806)
 (-0.23723995555914146,-0.90637605843798441)
 (0.31452707764289167,-0.90664558139086227)
 (0.29465384315734566,-0.19722956866591451)
 (-0.49183505327003241,-0.61445781343218075)
 (1.7563438173366093,0.40762193437926142)
 (-0.46694250156967082,0.36323902090282251)
 (-0.39921521604709026,0.52149638058435221)
 (0.98040221207809952,-0.25968366334296933)
 (0.16779557072501894,1.1593053179870796)
 (-0.48228096187992608,-0.2375840135860405)
 (0.43261895422893715,0.09728238435527628)
 (0.48175237893219414,-1.7396870858867715)
 (0.33684953437430137,-0.39901388220745432)
 (0.94726127934714577,-0.1428890884070495)
 (0.035952100257469213,-0.14661910029586511)
 (-0.72666907904658384,-0.73494223766255551)
 (-0.57521733111427076,-1.1031406122545864)
 (-0.90262130566687593,-0.59337427218508743)
 (-0.12813096260978821,0.53415227219637718)
 (0.41428631085819184,1.408192923798826)
 (-0.25400742210894839,0.54560076671362157)
 (-0.0052511309223779445,-0.9752664987033528)
 (0.33826956196887231,0.16994717449680569)
 (-0.94051367719473355,-0.35874472861821577)
 (0.093862996233021717,0.46326261439077787)
 (-0.44971327758774582,0.17301676414970737)
 (0.9001759039104873,-0.64833104098021344)
 (-0.039182054781185166,0.39232661901820209)
 (-1.6463304626498954,0.8792980713945624)
 (0.20525645821971375,0.17052582203509256)
 (-0.050512780094479959,-0.19721345416896965)
 (-0.38337950205225846,-0.21150208168399232)
 (0.068179590324954076,0.16096061854618482)
 (-0.10757269581588014,-0.68799752854206331)
 (1.1681608897961415,-0.094684797185368819)
 (1.6423483539512076,-0.32779891192122979)
 (0.86370941328118589,0.83829115981067293)
 (0.82117861791587476,-0.19521830446755339)
 (-1.8003995105254829,0.097230032946906686)
 (-1.3557491624379403,-1.4048417347066384)
 (-0.16244606643317194,0.1609917242279959)
 (0.3490716187529308,0.3098747985615764)
 (-0.74872810534011969,0.22410193998762473)
 (0.83494997890092892,-0.12475486600305397)
 (0.29462008687453178,-0.088106375437232182)
 (0.82759627467969821,0.59847373838269957)
 (-0.6886396284874402,-0.55342622820369802)
 (-0.23235078341608706,-1.4628447975988852)
 (-0.70880770742739463,-1.4257468135393858)
 (0.096574452780540096,0.13389987976709422)
 (-0.94956579932142038,-1.0291220985778773)
 (-0.7283178573197383,-0.63258741703443488)
 (-0.018264478929085504,0.74529097274665146)
 (1.1204895940837836,0.19574893892612344)
 (0.18542325955599925,0.15340344924159993)
 (-0.50741778733408527,0.52068794184439349)
 (-1.4348056674750913,0.3209424402956611)
 (0.77909125496259013,1.080604667386504)
 (-1.5460854529414301,-1.5221651536178931)
 (1.6569339942937702,0.94133909176782748)
 (0.22948964050180976,0.59354809511053619)
 (-0.71543763074634092,0.42459906555254878)
 (0.21960238799060078,0.83693008001418212)
 (0.17685418431611455,-0.371255497368156)
 (1.6570028534010901,0.18619105686847492)
 (-0.10913415038988689,0.74029186692168847)
 (-1.291494282035639,0.079277676223389548)
 (0.14075415175898645,-0.20003793761171026)
 (-0.13783989150976059,0.10260417557052665)
 (0.45217826053300642,0.9664569214825145)
 (0.23198419143913274,1.7741709265817471)
 (-1.544841137226348,-1.6646357280316626)
 (-1.005386186821533,-0.64230575727351502)
 (0.55503186438644703,-0.64856952303901838)
 (-0.74260253283312561,-0.021403824317551612)
 (0.14764359075756381,0.50666843603086698)
 (0.48629244217257322,0.61977560011202859)
 (-0.48259101549887512,-0.00056533798156077619)
 (0.35507278392307229,1.016235966652477)
 (-0.75891958757298039,0.39788699895880636)
 (-0.090474552058756985,0.11284056564312531)
 (-0.33214300125482726,-0.39966914383586177)
 (-0.39201158650034607,0.21826289497754026)
 (-0.7044851225422748,0.098487807953608564)
 (-1.2603638090570553,0.1814752530530761)
 (0.88344676288507862,-0.099701580851773886)
 (0.99525067064063177,1.069718915165619)
 (-0.3724799749933978,-0.020591000293543799)
 (-0.28733332999090677,0.03737392889756383)
 (0.46110708772001113,0.38881483266886646)
 (-0.15136866701785007,0.79613227938937148)
 (-1.1515339352445353,-0.62395303277378733)
 (0.98319920630335755,0.55581169540292386)
 (0.28830021058579891,-0.60765934746929839)
 (-0.47945613020715011,-0.30810427884128916)
 (0.77918054611061216,-0.68354666329696212)
 (-0.27994738223854476,1.3854594723402631)
 (0.23539674623358148,1.1305988952829944)
 (0.42938581026261269,0.0091726936143689264)
 (-0.23993783526465273,1.2920261595125235)
 (-0.742403137382597,-0.36488957493744345)
 (-0.37760045246504481,-0.41205232941893688)
 (-0.094062947888152587,-0.2512651114061728)
 (0.86684038030800226,-0.24068097596777266)
 (-0.23307693989733219,0.0057543216846792922)
 (-1.0313172762155371,0.092606263917316745)
 (-1.0170107085675151,-0.11598062023038064)
 (0.38447347192436038,1.380677034195144)
 (0.34514018170933525,1.4552657239610358)
 (1.7722151365286063,-0.27201893919985887)
