# Created by Octave 8.4.0, Thu Dec 11 09:47:21 2025 IST <gamana@Samsung>
# name: rician
# type: complex matrix
# rows: 1024
# columns: 1
 (-0.52260441304146921,-0.72206096860573077)
 (0.62917385560084249,0.12216220135261058)
 (0.7870554286680691,1.1782845995760116)
 (-0.64840768496161005,0.55786106884337316)
 (0.87816626067479597,-0.58917623449046075)
 (1.4268377445337135,-0.23416366841947989)
 (0.92543242631839906,-0.075770379147841072)
 (-0.73432998212448763,-0.26079061576583329)
 (0.43422674701906483,1.2693563955872282)
 (-0.77367050656264036,0.29800196012011848)
 (0.39938131354208489,-1.3691227883068542)
 (-0.23472904753184798,-0.81418008995701618)
 (-0.17276463688096005,-0.24794488250787766)
 (-0.15621003798848021,0.71470078272270909)
 (-0.84685369409054512,0.43223392680216755)
 (0.24568268457929893,-1.1032979174969557)
 (-0.65536601800370009,-0.904320356739856)
 (0.28483665561325355,0.53236918892152829)
 (0.79872834444644969,-0.76480186937232997)
 (0.49205942636241329,0.79452542198283382)
 (-0.97305581429107624,0.82609124412229773)
 (-0.3690898371664027,0.47367951331247998)
 (-0.90748902457102387,0.74597674282594673)
 (-0.65724238179957317,-0.0071730659143202091)
 (1.3483384438778419,0.40047103078950119)
 (-0.63654454042094855,0.94065845983915375)
 (1.5300133944614833,-0.7961593764398236)
 (-0.51140614437340781,0.59218934634205989)
 (-0.016036546647850203,-0.49327809673084805)
 (-0.90678835540222358,0.28082513390816061)
 (0.56705313988766037,0.5936078366549784)
 (-0.14143746341349966,-0.78697977209546854)
 (1.1199642530568501,0.57075333829636921)
 (0.20965953904095683,-0.24862346060878884)
 (-0.76958514146312851,0.35455650994848731)
 (0.33573901667355283,0.50311815516143665)
 (1.0765617694400762,0.48609154113747127)
 (0.47864357900112836,0.12991174606833228)
 (-0.45648216229655569,-0.64915423127371497)
 (0.70465188890892427,-0.48045533434390164)
 (0.41930687688872681,0.58363288200422414)
 (0.13504290472228167,0.0054169664580983601)
 (0.58403597302253807,0.72028151218046743)
 (-0.80952973952122675,-0.64883656293971115)
 (-0.58741003321364338,0.77085069895287006)
 (-0.53485965221913567,-0.64386262393778038)
 (-1.0540491410007371,-0.19536852808426924)
 (-0.22146504473977596,0.32145785598911986)
 (0.46197765500690979,-0.31446736779486362)
 (0.95355649025820299,0.28730244213729644)
 (0.26767242279480463,0.077495715103312712)
 (-1.371515430939668,1.0311249356614596)
 (-1.1839033081764443,0.96360579684564185)
 (0.74915360476659187,-1.2602692132638575)
 (-1.3822325644945237,-0.7431402134598063)
 (0.58161700961192209,0.5706294602101053)
 (0.6836711538168796,0.57197892106503168)
 (0.82188016609090053,-0.041670284160699234)
 (1.2443695156014467,-0.32900767160385469)
 (0.030355204655965862,0.80641568465883362)
 (-0.69659128411170834,0.36864124430718048)
 (-0.4000291214821074,-0.31249729107273644)
 (-0.09740522564167664,1.0387883570785348)
 (0.60337386832456008,-0.37028844828830243)
 (0.030677932730221985,0.52845364253531046)
 (-1.1103104560991659,0.34708132578138468)
 (-0.55970140816933633,-0.58723230265586301)
 (0.64522948238627198,0.68475014840626025)
 (-1.093328429837654,-0.28741331268092185)
 (1.0023995852500382,-0.96279357136896881)
 (-0.62695745620216303,0.23629066384041142)
 (0.45893084439655873,-1.0363500755276893)
 (-0.59585857583317769,0.67132445951150899)
 (0.75285221974651195,-1.0989416594354569)
 (-1.0480941074752006,0.85012051427281743)
 (-0.67107267751165267,0.98589236574188033)
 (0.43028945164622906,-0.43489660739781483)
 (0.25721468681887566,-0.87762627849488806)
 (1.0335586199014504,-1.1858003926507013)
 (0.50119230430337403,0.21580522335454036)
 (0.39868406513743565,-0.34233611725695262)
 (0.39880170299641327,-0.48827288165972993)
 (-1.1400398449628066,1.717990204086949)
 (1.0054825100341913,0.012723047843604285)
 (0.25115077445393641,-0.80776856149772314)
 (0.73485704685516395,0.69235788576768831)
 (0.770754473516016,-0.80214196305512486)
 (-1.0467506361879515,-1.0670230943356924)
 (0.72503597042348755,0.92749117448923302)
 (-0.47648097979916937,0.80783255506707752)
 (-0.23256576783116706,0.88421640987117756)
 (0.39256896805958019,0.55191251258944063)
 (0.52079227302240083,0.93856640238645395)
 (-0.94772952989248893,1.00963907375013)
 (-0.35256570921986097,-0.31783861249467293)
 (-0.6602835158864957,-0.32918952506704907)
 (0.29387425231536018,0.1031213832646309)
 (-0.23394047708460261,-0.63352447545403368)
 (1.4095962997121889,0.91038645241571947)
 (0.2997270545069679,-0.44025816069050139)
 (-0.69271204631688621,0.77157249423235352)
 (0.33867985807179696,-0.31902378252407854)
 (-0.64705109014590967,-0.25219739382750667)
 (0.96502483521518301,-0.87851943161731605)
 (0.70067921767724994,0.054196811615798812)
 (1.0010880164572353,0.84474282022399028)
 (-1.0142640498194226,0.86085708913409154)
 (0.46599103275610809,-0.40592630203098157)
 (0.32509381446236485,0.62227177910129006)
 (-0.53726801733566487,-0.45241614521420759)
 (-0.73926448009593548,-0.81878880850222269)
 (0.40472732544438222,-0.60373044037671819)
 (0.80417845121895204,0.029115958224880778)
 (-0.63955653680959834,0.11979245326540289)
 (-0.86603412726401174,-0.63297771097885036)
 (0.31396786632795004,-1.019531289175188)
 (-0.82440807825792883,0.36483221290038564)
 (0.03432572542003734,0.49233162832711308)
 (-0.77886698128896181,0.75605455672749955)
 (0.37574579894774079,-0.41983296760382643)
 (-0.28387372254047233,0.85413125309961191)
 (0.44625689431910343,0.43509471943186684)
 (0.4625015978228218,0.10284872112677518)
 (0.34210930966694492,-0.92926584475512275)
 (-0.58065097561387902,0.73623631211570928)
 (-0.48675509806356554,-0.012912433627688791)
 (-0.93024063442186833,-0.61578379957718021)
 (0.55610561990555873,0.44622023715312009)
 (0.75373156453362411,-0.56748040682596324)
 (0.25641660544358547,-0.85142996337440602)
 (-0.3344650722738115,0.012770069661826922)
 (-0.036102207351524057,-0.38054198829713459)
 (0.6061118485671344,0.19920415156567634)
 (0.52874928197955295,-1.073092089468294)
 (-0.62702082877538623,0.64860964379338659)
 (-0.25784648593084153,-0.35403583713670089)
 (-0.33310184396254161,-1.2599245500874017)
 (1.0326260002948,0.34493541497191132)
 (-0.98966712797246648,0.59572029882165456)
 (-1.2731273876529245,0.84889912459802863)
 (-0.58465164128843017,-0.84366911672613121)
 (-0.77892117152666507,-0.65065385035244749)
 (-1.0851309572359482,-0.56895865344255947)
 (-0.012702845287193265,-0.024767266817791747)
 (1.6128051267836825,0.82851555767055141)
 (-0.33665854698846481,-0.54269323095259081)
 (0.06800171934806401,-0.40284232285772792)
 (0.55927692486363179,-0.60392918339485346)
 (-0.78174024081487337,-0.64835764412415731)
 (0.90621464849157851,0.3520429364441639)
 (0.34885073039096226,0.16901758326636462)
 (-0.21047218360858161,0.68518518118833227)
 (0.59861661257007082,-0.94048490634496529)
 (0.71078246727744809,-0.48220265539092133)
 (0.47828945421082869,-0.5423841810468828)
 (-0.78627086358316611,0.60515947359623934)
 (-0.85337640168935014,-0.80724145877343312)
 (-0.93049570527501402,-0.31211668443288687)
 (-0.64504738209355938,-1.1585633925131855)
 (1.045292996090617,-0.036171847188898099)
 (0.82290997996221094,-0.85679518919915865)
 (-0.4682584867697811,-0.98641930042888604)
 (-0.17688962038084791,-0.088578046133970439)
 (1.1079523850541817,0.5193301825853176)
 (-0.097039712750583318,0.86506748599132377)
 (1.0383758549425544,-1.0631169719038032)
 (-0.35049432568228767,-0.70790033524604468)
 (-0.52073058398705407,-0.64804348627652131)
 (0.19645286252915384,0.87814976116698495)
 (1.4338894507413915,0.91233105537349868)
 (-0.61068466272473465,0.97319244948629091)
 (-0.17667951379729407,-0.75394425739610249)
 (-0.52893988211661336,-1.0503270638603261)
 (0.90441980800432076,-0.63149502011054615)
 (-0.63569504151889134,-0.23890484227593867)
 (-0.5738245869770483,-0.60299525493951067)
 (0.56414597540233691,0.5625098578500215)
 (0.065022322758062634,-0.66946491137926933)
 (0.63732116554054208,-0.70523713104898611)
 (0.43690433091227993,0.33419871030623477)
