# Created by Octave 8.4.0, Thu Dec 11 09:47:21 2025 IST <gamana@Samsung>
# name: awgn20
# type: complex matrix
# rows: 1024
# columns: 1
 (0.76755952983366915,-0.8514616699688704)
 (0.73052437688300642,-0.62363877173010862)
 (-0.56999023327415466,-0.81318087814705309)
 (0.72728156141226652,0.83617089132735933)
 (0.66904722338909306,0.61104821655825614)
 (0.78490917029458429,0.64321219255052742)
 (0.67640803796346849,0.66640418992089689)
 (-0.72196226295313826,-0.68604382319969492)
 (-0.63502385086821378,0.68404829186326643)
 (-0.7886601221680144,0.7842087983510464)
 (0.6575308843616583,0.89277221234759596)
 (-0.75556339087351176,-0.71822440367750562)
 (-0.69051899616545609,0.70229818053963489)
 (0.7064888794995734,0.78649975948913542)
 (-0.71964876761211083,-0.77246469394595341)
 (-0.63505975510157031,-0.57868934150590323)
 (0.80200587478287622,-0.53870895571521871)
 (0.65230365646674338,0.685489895048642)
 (0.72381644538979173,0.81927677618248373)
 (0.88408438228330666,0.80805546302882381)
 (0.7725385080190732,0.68621180747420196)
 (-0.67621881346907287,0.77429426649663813)
 (0.59186365501323468,-0.58990585320014177)
 (-0.66834636443548179,-0.69637366654562216)
 (0.65950696607516279,0.70507987594359955)
 (0.74126415553990732,0.73492025817135698)
 (0.62388399832542285,0.74468480788870461)
 (-0.62832649280195541,0.70111603695927249)
 (-0.56548629095762948,-0.75482341333427327)
 (0.70413273993296788,-0.58303364018991699)
 (0.70651853459893321,0.70469435199762998)
 (-0.73219188279739333,0.69477120637722478)
 (0.80663573530289534,-0.67182221825556165)
 (0.84333295483314652,-0.79123900325534813)
 (-0.81699307685161104,0.75687655675307086)
 (-0.61720782608077662,0.74104168011581428)
 (0.76248911780040707,-0.92681284103437533)
 (-0.58948541901585116,-0.71031044870384652)
 (0.59872922419944052,0.62904532045792394)
 (-0.6913816997623986,0.79381943541408972)
 (0.56239524440273336,-0.72782754667667326)
 (-0.70881221914925086,0.6862292533068568)
 (-0.780383073527673,-0.62537965910480375)
 (0.67312415166278394,0.71140643790211189)
 (0.76618875814733445,-0.74521845365568551)
 (-0.8077219427726221,0.77875358056286836)
 (0.82628567045743506,0.74119991003173069)
 (0.77866855210835262,0.81372351527620534)
 (0.58459746684246716,-0.71139579594500402)
 (0.55970347773720608,-0.63434044137553425)
 (0.75638272543394158,-0.68100023167151358)
 (-0.83588189858469608,0.62966071102504284)
 (-0.83250017757231398,-0.72629427908498012)
 (0.73809470536774491,0.77647019876426482)
 (0.62011344616707054,-0.70661088778121328)
 (0.79477195329328432,-0.88145887585584992)
 (-0.77086905826724739,-0.68038517804656717)
 (-0.61142021608535591,-0.80828063955471463)
 (0.7613466711920307,-0.58517302869882348)
 (-0.6321976046619725,0.76912977582373632)
 (-0.70988859109911839,0.60892867934470418)
 (0.83102999654407539,0.5617871322029816)
 (-0.65180187137540202,0.83655487033812692)
 (0.72695795887405323,0.71046065422767468)
 (-0.68901259131064641,-0.64835543382586547)
 (-0.6847247794403869,-0.81642599699348062)
 (0.75355318215227629,-0.73340944030631272)
 (-0.76790874464447301,0.76147720756415038)
 (0.66506276734603775,0.67909976100180047)
 (-0.61407531636826573,0.55369473340946196)
 (-0.66831832360924515,0.84855151776979709)
 (0.63835371008684683,-0.73107551783415659)
 (0.80478623982868036,0.64746858704938925)
 (0.68413484981680694,0.73166655861361218)
 (-0.69386141516420397,-0.77148886530481742)
 (-0.57868859556011931,-0.6536967521288588)
 (0.58200676053133316,-0.65445390608525422)
 (-0.75867393521192938,-0.72135820837173681)
 (0.68067866825014534,-0.69597809113946341)
 (0.80510421617618266,0.64127553444878638)
 (-0.76395069048392306,0.75041428857155346)
 (0.68526518720858176,-0.66508793087788232)
 (0.71174319319007895,0.72788206307938885)
 (0.76539904196797204,-0.6288913551810924)
 (-0.72562773221352739,0.86315294276735166)
 (-0.69063763223455321,-0.71597277055754771)
 (0.74522808347745184,0.75984229391306479)
 (0.71232846151841678,-0.74522110133465858)
 (-0.7293264774534296,0.68218614600855121)
 (-0.748368686916139,0.67764505766007854)
 (0.7484956436403134,-0.75792720138735836)
 (-0.8017186776305093,-0.67174456050168618)
 (-0.71823642174521407,-0.77074462616166073)
 (-0.78824676111074821,0.67447136093919724)
 (-0.73984296600578003,0.725161996578638)
 (0.71119260004973683,-0.7447796762999791)
 (0.66354549992749023,0.63893794868153442)
 (-0.77508494326359012,0.75734362263372879)
 (0.68011907406934513,0.65867949533136794)
 (0.70020120780697215,0.72933136953153965)
 (0.68005900750144899,-0.67850611211062972)
 (-0.80103001325789047,-0.66871012263965213)
 (-0.77708580857735998,0.55716391238181162)
 (-0.60306983193853814,-0.68780388797643155)
 (0.69733856951413742,-0.47010467181263421)
 (0.65688409115253044,0.73752507666020439)
 (-0.64867307402022656,0.83451095450884072)
 (0.69901505616538961,-0.7235041374295158)
 (-0.70057875058836927,0.70266131170202673)
 (-0.74043480984443588,-0.75107476171760268)
 (0.59134657312694905,0.72298055279741125)
 (-0.76346990282206995,0.67888331470052488)
 (-0.6984897519800205,-0.67898375122665078)
 (0.74648451316076991,0.74603865437617545)
 (0.90792780396934869,-0.79319485246906019)
 (0.71738574529843224,0.64027334640801359)
 (0.65337762857518367,0.71994933526040428)
 (0.75035160785117327,-0.60755572437085148)
 (-0.6925727894934538,-0.68620579352959798)
 (0.62142288833544657,0.82651649759311718)
 (-0.72298313607317433,0.6723147307744014)
 (-0.80137357991075153,-0.70677955346301624)
 (-0.78973453450686071,-0.64179902628190288)
 (-0.69120552738822849,0.67523728015817996)
 (-0.68016037726386191,0.71661559259042484)
 (0.79415294260160652,-0.7446607034070023)
 (-0.68980230293786637,0.54442767506843781)
 (-0.82002392804892688,-0.52459007992228868)
 (0.78381165848999712,-0.74923209622705089)
 (-0.64039831649633872,-0.75849091310745864)
 (-0.63073324797150188,0.67770959876844061)
 (0.80467098216306598,-0.77803154802758412)
 (-0.76987818224223925,-0.70399362859008174)
 (-0.75013243858924428,0.63840002805101148)
 (-0.69228724124699448,0.67228618774582649)
 (0.81333140442651664,-0.76067235183842064)
 (-0.5749850734870543,0.77893010442757415)
 (-0.66107018535709139,-0.74701494790860157)
 (0.58680240599900202,0.74875047290630181)
 (-0.69639097964153329,-0.63749268621418775)
 (0.80188648405694907,0.78005540256170625)
 (0.78710196757104733,-0.69719649432311381)
 (-0.66849561403726543,0.59436125637162063)
 (-0.83175801850826347,-0.65397756285235864)
 (0.6639334131996224,-0.65258111516980721)
 (0.72098365585219071,-0.52838117295382958)
 (-0.71653986754554144,0.70065591364006907)
 (0.71330707574106689,0.74668683598581032)
 (-0.81699128908973206,0.67791426901511598)
 (0.68706820396596435,-0.7822103187583529)
 (-0.66597958232438503,0.63819338253264701)
 (-0.73985674984352479,-0.69491422354508314)
 (0.74463594362814933,-0.73682869999667966)
 (0.79711503972093423,0.71753989545707852)
 (-0.69126100989994821,-0.75469390150300886)
 (0.65993425805990358,0.746766946886258)
 (0.76417753429899349,0.74512473962765469)
 (-0.69498056460133384,0.66497273450331329)
 (-0.73824602953304985,-0.61871862355949947)
 (0.69097658737534517,0.69497427285054558)
 (0.79083909516859741,0.7433561252877452)
 (-0.6214676891245543,-0.70579691666812927)
 (-0.73311914884807916,0.62631064447759199)
 (-0.63106555328277192,0.63986701920656597)
 (-0.83282219174053673,0.67885409362892379)
 (-0.68541304155673188,-0.67010708326025203)
 (-0.59511218445616554,0.66883158141905774)
 (0.57853820880272422,-0.76253119610574671)
 (0.70362202519639772,0.74102162218805512)
 (0.71373257503453358,-0.73651803725344844)
 (-0.66777303118812759,-0.63522751646075326)
 (-0.79573464847863284,-0.65644295688448895)
 (0.7347710163127994,-0.67234383804739661)
 (-0.62050669215309284,0.69858079345683277)
 (0.70099057456860636,0.65175275368280572)
 (-0.6868563445400877,-0.73889587912105592)
 (-0.55193233032563938,0.65705574752162266)
 (0.72883290152196412,0.76935104594859949)
 (-0.8452775497722369,-0.73570474993665591)
