# Created by Octave 8.4.0, Thu Dec 11 09:47:21 2025 IST <gamana@Samsung>
# name: awgn20
# type: complex matrix
# rows: 1024
# columns: 1
 (0.7255272811402631,-0.76447028324815913)
 (-0.75955131673018494,-0.70247645168206074)
 (0.71431237941344172,0.65875955802154806)
 (-0.59954800160887212,-0.6750063955755099)
 (0.60832028676740868,0.76436458883521929)
 (0.75636815711964922,-0.74622338452335635)
 (0.72670332531946102,0.66315327144038216)
 (-0.74356647193308645,0.72701541784111767)
 (0.76616792698204161,-0.82562905141625009)
 (-0.66531789653530138,-0.68311230170123416)
 (0.67398866270186242,-0.64368384179919813)
 (0.69479449583662123,-0.73660680840237791)
 (-0.68035226979483421,-0.78465215743805683)
 (0.71329527734722276,0.73526175056132481)
 (0.79814674681867803,-0.79956685143499806)
 (-0.91729733720948869,-0.59527476907877308)
 (-0.59387574501663809,0.84185245142093845)
 (0.72644772095700494,0.74446615843153752)
 (0.65139815812215385,-0.73457372226656825)
 (0.88648919115040581,-0.7349622577334205)
 (0.77863862906192205,-0.80377180291944739)
 (0.80281533663196503,0.64213944004571122)
 (0.69484724438650758,0.7040637106448705)
 (-0.81086218802555321,0.68783138369599139)
 (-0.72920873485064963,-0.63861120443751462)
 (0.73499456885043046,0.78850696101192441)
 (-0.75266929770508884,0.66813841252623274)
 (0.69399503399301243,-0.74464889112800681)
 (-0.62400494677162111,0.6405412500858404)
 (-0.67637319830829901,-0.78023096654664981)
 (0.73688886480874005,-0.7922632110041572)
 (-0.67264796572466379,0.67577274729920811)
 (-0.53766728052629731,0.72529682736526935)
 (-0.62988997631985688,-0.66898238011953615)
 (0.64923266613603647,0.70936707479848105)
 (-0.72523420670534933,-0.87772269943460579)
 (-0.66721320903897452,-0.64630495221276996)
 (-0.68470095541859488,0.72653752951648298)
 (0.71903785019590716,-0.76317355842958357)
 (0.67309767494573158,-0.76019953113952998)
 (-0.73957732668673404,-0.76098124789736044)
 (0.66187571453721117,-0.78219310937479647)
 (0.69159094088353357,-0.64562564852821436)
 (0.7106396663872081,0.76602566058370414)
 (0.78099272138487619,-0.90700873519501779)
 (-0.62766015764974226,-0.73800802468791882)
 (-0.62187183724630068,-0.66133146931584919)
 (0.72713026875481845,-0.60846493163387949)
 (0.67617416348417703,-0.69982353612729042)
 (-0.69269664501951311,0.73542874752334786)
 (-0.63022148060340688,0.76241470083975427)
 (0.6971415740045257,-0.70040649276660494)
 (-0.74971759900689028,-0.66462986306679417)
 (-0.63856395661606768,-0.77718935599392103)
 (-0.65546690798875462,-0.71221039432320266)
 (-0.72864055849463905,0.63887182141605325)
 (0.61511226850157075,-0.59968783727556385)
 (0.55713846459210203,-0.59332145153238414)
 (0.68570111553816104,0.64684535498040163)
 (-0.74069604390586086,0.65929669771623023)
 (0.62766875448705284,0.54394695703429619)
 (0.76362330237901366,-0.74060952412395387)
 (0.68074489566642582,-0.69616048536939434)
 (-0.81562623703642245,0.66963274349507818)
 (0.71184932738358875,-0.67349262130165155)
 (-0.71106216067024952,0.66063344801301782)
 (0.60089877423450699,-0.65351965578329796)
 (0.69197888711169098,-0.65471031078177322)
 (-0.74913455909645177,0.67980676976107246)
 (0.71323527409599452,-0.62533686235928931)
 (-0.65147433494699447,-0.72430205741895459)
 (0.65253516956109381,-0.76867127890419706)
 (-0.62286052166612138,0.68130356626660737)
 (-0.63651322792580145,0.71194699224920355)
 (-0.60092078196514986,0.84156814133290891)
 (0.69641388804465654,0.67797772784392552)
 (-0.67369755915924423,0.74978391856746873)
 (0.68297137057380097,-0.69734224941267497)
 (-0.69382873479946616,-0.6756925238954683)
 (-0.76778008015531363,0.70391049730290767)
 (-0.81513507410347175,0.63640428381605441)
 (-0.79251143133633439,0.72249211504910094)
 (-0.73178317397574655,0.782853652864274)
 (0.5817075552418487,-0.60407547200599532)
 (-0.67901272545096869,-0.865396976046236)
 (0.6208855100955557,-0.80140320977995005)
 (-0.71614971149172102,-0.6316295711337836)
 (-0.75009171435851718,-0.84222569021704674)
 (0.71403051104388837,-0.7934335241375855)
 (-0.59876790288876136,0.73336256768110097)
 (0.64748973731159154,-0.7600529217560732)
 (0.76265385321122137,-0.64388116829960795)
 (-0.71369501324877471,-0.73023247169827943)
 (0.69368574305515629,0.59749903802601501)
 (-0.83555270437306872,-0.75296934620234623)
 (0.61999564078321079,-0.64538890016255634)
 (0.65966268582801157,-0.7354979236937651)
 (0.65163388542683409,-0.55206679800791025)
 (-0.71672829088074219,0.67971566955143592)
 (0.67063020641693194,-0.811745595973138)
 (0.70364233297775569,0.77980513330705925)
 (-0.80915770321607194,-0.67646420656824968)
 (0.61825822192135849,-0.67409200672890301)
 (-0.81532316682793071,-0.64241886028497608)
 (-0.64391684041389152,0.73160952634637455)
 (0.74165673709486124,-0.69892864687756628)
 (-0.69691470613417372,0.62772981116633031)
 (-0.71191091441180399,0.68963475224463533)
 (0.84032170004902951,-0.62671688181125984)
 (-0.75166261441385751,0.8394755706814282)
 (0.76722914068891535,-0.6645710549291709)
 (0.72450363196898393,-0.73672196362371289)
 (0.68755268987779938,-0.72031100703422313)
 (-0.92597707704463594,-0.75791348618720189)
 (-0.57310442219539559,0.78380599325084832)
 (-0.81782206721455253,-0.70268076551868885)
 (0.66615428680509658,-0.72858366034031696)
 (-0.66599842958451894,0.7197226924935326)
 (0.80762692864086172,0.76065885660362997)
 (0.73692116234300331,-0.66016462020035394)
 (0.7550203520010198,-0.63354322165226917)
 (0.72837030843751449,0.79401681642733712)
 (0.6764294078709342,0.75298379180267228)
 (0.70780902670655854,-0.65256492383997178)
 (0.67303644841410537,-0.68375496774136268)
 (0.80552195758400413,-0.77564901126044838)
 (-0.81142565760638119,0.69275080092805785)
 (0.79968531789037933,0.62675531673444373)
 (-0.77648192413334816,0.70196967159356494)
 (-0.67524009544923014,0.83673214089291847)
 (0.71546549318765484,-0.65625018886144437)
 (0.76020918663490944,-0.78562951696664829)
 (0.53482551407231849,-0.66841245594455589)
 (-0.59430218460520645,0.73205208717338277)
 (0.76711353777804225,0.62644282986072208)
 (-0.74776674196961612,-0.72014681343362652)
 (-0.84976520715678816,0.59090836543819591)
 (-0.7011244026450193,0.83945821031719481)
 (0.67527716597874821,0.71450414793902195)
 (0.53371220391395258,-0.63469940039057227)
 (0.67987382746276048,0.71682126854371131)
 (0.61096368907189602,-0.78715691883373684)
 (-0.69388555682089637,-0.6076839343626006)
 (-0.67041001596001826,0.79451889991482427)
 (0.74319279083275513,-0.72351222755976874)
 (-0.70446445513558253,-0.72224634193903703)
 (-0.66444532107479337,-0.79957427910535483)
 (0.64744017158259981,-0.7659006201159777)
 (-0.72091598931200707,0.6795388293025223)
 (-0.70655790485334258,0.67149759666146913)
 (-0.58956035783370431,-0.73191616811562299)
 (-0.6447207047838156,0.76468868031571979)
 (0.66977384983620236,-0.70592952112068019)
 (0.68008554614754646,0.70032516497598174)
 (0.5924496607642088,-0.70060254122952381)
 (0.79068652164285158,0.68472325994276828)
 (0.66606505088168977,0.63044817721620072)
 (0.64713002394800778,0.56768396012148936)
 (0.70458067364571664,-0.69751501770268076)
 (-0.6834467152905408,-0.70351815715951593)
 (-0.72692949491126257,-0.72302509398687231)
 (0.57300667970129193,-0.71626369337775553)
 (0.69078297067854422,0.55080613912988019)
 (-0.69439073725670553,0.60561220942769733)
 (0.66174856642559488,0.77423121843113607)
 (-0.86571621424930234,-0.5241057822230728)
 (-0.76340160443437244,0.69693837699325867)
 (-0.63941114558598311,0.78461436320081845)
 (-0.77368155943863259,-0.76113288803385037)
 (0.75109709727720941,0.72039030991961694)
 (0.79621882566237479,0.62546444075467644)
 (-0.72218872930829814,0.69431484887303418)
 (0.71852267071425713,-0.62562206206439719)
 (-0.71431033362025964,0.73430926498930982)
 (-0.8247245470361807,0.61707159908876252)
 (-0.71845167408419797,-0.65119725289214203)
 (0.72634269620111791,0.74774148049096945)
 (0.68455515365413089,-0.80934487772072194)
 (0.67015793681306068,-0.72362562822985799)
