# Created by Octave 8.4.0, Thu Dec 11 09:47:21 2025 IST <gamana@Samsung>
# name: rician
# type: complex matrix
# rows: 1024
# columns: 1
 (-0.91651496760284967,0.54188929282934462)
 (-0.99671185929372852,0.28821747347247778)
 (-0.69443939632174401,-0.35528758929752635)
 (0.45580889842504502,0.72669826036481289)
 (0.19975610373002844,-0.016986709962509353)
 (0.84377282819731136,-1.2342576683653543)
 (0.17671261641911595,1.2914716064882321)
 (0.47249114040147416,-0.21892177587362288)
 (-0.5252799401428474,-0.025308328836112864)
 (-0.91479510640476103,0.51029192091433773)
 (-0.91505392164555266,0.27273829695349266)
 (-1.0443213116915122,-0.11123569639676101)
 (0.74604728548372334,0.42576632258058444)
 (0.56412173000158428,1.0637384311825984)
 (1.3605430862972718,0.93009290668783084)
 (-0.29483840984143006,0.37250658388285784)
 (-0.59811096128638663,-0.70211768191175672)
 (-0.88360795477653786,-0.49159815322578115)
 (-0.37367390148460078,-0.032587336035018427)
 (-0.5552129734685719,-0.88968160097140336)
 (-1.0202118492834578,-0.46786526869301853)
 (0.9497551058539444,-0.54185066402363935)
 (1.2744133937308995,-0.85738161084236475)
 (0.53911291829576802,-0.38270993350546928)
 (-0.73899995153215492,0.53406052039948315)
 (-0.86402578654138862,0.28311709565808385)
 (0.46109503825138998,0.70361609927989777)
 (-0.76676359496358704,0.44608030411022559)
 (-1.1880055870914918,0.22881927757912696)
 (0.41033942925994638,0.57632588288171749)
 (0.46928860625074548,0.28313916634579356)
 (-0.77213267097166927,0.18013588545141113)
 (0.60177205602428041,0.8355302541882913)
 (-0.74833586395488449,0.74711969072985251)
 (0.73517905606050671,-1.0694959615522595)
 (1.0156173373826887,-0.81854099785380274)
 (0.16891591482013329,-0.87346297878670942)
 (0.002851837264294943,0.76147308663219759)
 (-0.71257829852408683,0.82432941664685877)
 (-0.89223005469654404,9.908925226115306e-05)
 (-0.90217716272027271,-0.7015667262820181)
 (-0.88937846272364351,-1.2410075846779378)
 (-0.60440761067423499,1.1015959208830657)
 (0.93612684999115015,0.79781661598515297)
 (-0.0295908439601133,-0.53727786868929406)
 (-0.29664808190008213,-1.0947984766820005)
 (-0.65188111502342894,0.28832453689913085)
 (0.7995163138610818,0.72309720553358814)
 (0.99702375555406497,0.82062675267148644)
 (0.23995529945578614,-0.51497215508988758)
 (-1.0643947560778888,0.39198407559779092)
 (-0.39173050831090711,0.54416367250192965)
 (-0.69146116248829925,-0.83712177393094789)
 (-0.99298241545298827,-1.0352598980556194)
 (0.094864688620196258,-0.71734356340665439)
 (-0.71559699913881836,-0.77770360191078491)
 (-0.96764548473354994,-0.5466499327091453)
 (-0.80177452025967177,0.21995887946509102)
 (1.0790402530707115,0.026462209429448991)
 (0.15946742011818979,0.084435373883422205)
 (0.62671099656826057,0.86111323834489151)
 (-0.042803642540536257,1.2257977913574643)
 (0.5359879760214824,0.11697373514533885)
 (1.2432606151097665,-0.28770472829476973)
 (0.32968519260930618,-0.72913958711604632)
 (0.3313329589697015,0.52447311422548648)
 (-0.23425362361204541,0.44707601437728839)
 (-0.042046293259358103,0.81897221480902926)
 (0.43581582988015977,1.2873255184749539)
 (-0.75064790437004048,0.71611351709678961)
 (-0.90377602588730332,0.65406460556955381)
 (-0.63667162022442714,-1.1746569721422817)
 (-1.1679194989687294,-0.05519098468042094)
 (0.43499700231862648,-0.65484057421038999)
 (-1.5814950442473614,-0.33672886908617161)
 (-0.39783355289765854,0.72279665582139174)
 (0.53649586543445393,0.88846593519367401)
 (0.78410271367651596,0.61469301617474437)
 (1.2063549877582276,-0.34171488848605108)
 (-0.89804705384576744,-0.15470334404856412)
 (-0.37441085412879949,-0.8249131424192494)
 (-0.94387266787179958,0.51739827700931784)
 (-0.51951835982209693,-0.30685982394531791)
 (0.57495925526726266,0.37857227523301029)
 (0.89626693214403863,0.098770620152530519)
 (1.2383417161827073,-0.53225875360217723)
 (0.8317498497762269,-0.15790421722808656)
 (-0.51684310856050597,-0.52090787672911343)
 (-0.72166080900503782,-0.97520796520796948)
 (0.74063594689608647,-0.047066183386817673)
 (-0.87019641976051287,-0.70213843793678266)
 (-0.24430950757617881,1.10904122942616)
 (-0.43500834285222034,0.30070752590886518)
 (-1.2424720178062316,-0.79542069177471642)
 (-1.0069071527441023,-0.020715955526264485)
 (0.82723767890728062,-0.2681428380655313)
 (0.71564573642230611,-0.46955792792602652)
 (1.0020458749489438,0.5980565014961694)
 (0.79734170362444423,0.93978122710372858)
 (-0.49121928886259969,0.74216991852817049)
 (-0.41627950272830538,0.035300647115664691)
 (0.5388461986499925,0.58255275763634995)
 (0.25661043595186916,0.69204678689032284)
 (0.35762985317522422,1.6175916219382598)
 (-1.4199212737086826,-1.1193011441026164)
 (-0.11488767537894715,-0.24316331050589315)
 (-0.069786296819396965,-0.59372385286285745)
 (1.2257375650094968,0.63995967289359523)
 (-0.86036135346258558,0.18631903789802523)
 (-0.76055064522748583,0.81592079144757357)
 (-0.70206636650874277,0.98646488239836927)
 (-0.35375392886885942,0.29001738365303026)
 (-0.67402048587803964,0.58548754183682905)
 (0.45730332745661911,-0.40059184347512994)
 (-0.59535260443375171,1.1386404601798525)
 (0.3449712236798203,-0.88909584866290281)
 (0.89908627088655535,-0.83907682547246576)
 (-1.4438560343763487,0.72375983475863126)
 (-0.56456701073292748,0.78937526442473027)
 (-0.6710683281998997,0.49134316170561382)
 (0.48160462755111577,0.78838898438586369)
 (-0.95732107710242031,0.78127650720097108)
 (-0.90225766136080399,1.208558985982688)
 (0.47719854799450828,-0.61504004106037868)
 (0.023906630117739636,-0.87950700787357472)
 (0.21090591354804544,1.0357356492929051)
 (-0.7930214896889578,-0.5155672205491999)
 (-0.48074245893799289,0.50467184664308218)
 (0.61924863316667467,0.72347472455187556)
 (1.0505110588354454,0.59764506265967032)
 (0.7337024294618375,0.29365696174147971)
 (-1.2000816836236154,-0.45701738611254028)
 (1.0213528580339108,-0.91168176563959225)
 (-0.082446679184125626,1.2383722190698712)
 (-0.68848837759325188,0.51860682576711448)
 (-0.18563427086601564,0.31424031407065739)
 (0.26908843058952109,0.67031616334354038)
 (-0.88084418367370976,-1.0574023771531589)
 (1.0742725854015736,1.2190251120261451)
 (-0.30816358204885697,-0.17830526417292714)
 (1.0660408143839433,0.78303359977504539)
 (1.4673426211502159,-1.0550025290618705)
 (0.66950387283073542,-0.60987469645836123)
 (-0.82175526931952825,-0.39335293673911931)
 (0.23259929020863984,-0.35843091797157095)
 (0.81995190897965142,-0.76625816405318248)
 (0.72753780854578221,-0.69694973454951992)
 (-0.94395681112746987,0.31213644510553501)
 (0.23397154415637544,0.017590857655433514)
 (-0.59551805934619162,1.0743113513251472)
 (-0.77911696134187181,0.59962009578453856)
 (0.021595074874525669,0.0017358641952721944)
 (0.45180278436301452,0.87832871491190789)
 (-0.76718394024564041,-0.45116409438825666)
 (1.2694794951017458,0.72217823453048191)
 (0.041461263217216326,-0.57556031010210551)
 (0.96694094013952159,0.95021715824983521)
 (-0.66567456454881835,0.95105103315397777)
 (0.27623501840427273,0.80256363158796939)
 (-0.78934631493352336,1.3776106119651383)
 (1.1083705212612012,0.24413462780006367)
 (-1.4184903603004817,0.25435413173755694)
 (-1.0683465132893302,-0.4700023824404892)
 (0.42833954802982421,-0.40823866268156683)
 (-0.79021430193608067,0.58885642422981477)
 (0.41815275596717238,1.0143467301973184)
 (-0.71474679586130363,-0.39842315643321585)
 (0.26594606125371567,0.60551460279058722)
 (0.20094845380581761,-0.87740084648992733)
 (0.83180090846240218,-0.51020918474153387)
 (1.250431588322428,0.35949037530690958)
 (0.19757482175865032,0.16114538659809713)
 (0.90569935160729476,-0.12768794437425279)
 (0.75405917100485242,-0.4766096512821375)
 (-0.14243856800920468,0.31033200278376039)
 (-0.39925664911048797,-0.59069919413876359)
 (-0.86857218705283656,0.78663721965731692)
 (-0.50065861776387055,0.68933632880573659)
 (0.58034853377645002,-0.061063286654031323)
 (-0.65102378927114557,0.95369348154791622)
