# Created by Octave 8.4.0, Thu Dec 11 09:47:21 2025 IST <gamana@Samsung>
# name: awgn20
# type: complex matrix
# rows: 1024
# columns: 1
 (-0.6052488237047966,-0.80879218289530386)
 (0.76857160485787057,-0.67696800829509118)
 (0.70939392990677874,-0.65767769695406897)
 (0.75992222996910619,-0.6773630352003247)
 (0.70708619260949379,0.68860093884074336)
 (-0.82107416666431043,0.79287975849485048)
 (0.76663191796627506,-0.62528649342195386)
 (-0.59380776665193469,-0.68533447775283074)
 (-0.69986506235418844,-0.66188666891162273)
 (0.84989565172171544,-0.72489666484335347)
 (-0.74460420247898917,-0.67262519182062297)
 (-0.70756040434777612,0.69542043914025842)
 (0.74051796618000976,-0.71686960479573159)
 (0.71993833582177325,0.64265643990174492)
 (0.67229243698544361,-0.7972712198552705)
 (-0.79050880432244375,-0.72350567744039995)
 (-0.81320405018366448,-0.70626422352332907)
 (-0.80331184371284325,-0.62809102871539157)
 (0.64815064436251235,0.80420142249523974)
 (0.58983988884174465,0.69891598659836951)
 (0.78876017036365464,-0.76067880907418461)
 (-0.66112431535412775,0.69719363247086386)
 (0.74931166656709913,0.73917058650421363)
 (0.58992764287414334,-0.59425189382625021)
 (-0.73016067559747599,0.73537638910446657)
 (0.58689417023120816,0.85476487913624521)
 (0.64899536180817241,-0.70737340386526415)
 (-0.70666462581912504,0.68417730407622623)
 (0.66630796360166711,-0.64696044329519797)
 (-0.77343423890790641,-0.67624321021107803)
 (-0.614727008767599,0.61435643934735173)
 (0.70183388666823876,0.58305904732311675)
 (-0.79963230449086065,0.7269505788431313)
 (-0.72502487942021043,-0.59415052240842647)
 (-0.67544333901655829,0.83761915309522716)
 (-0.73783775280602404,0.73122207019820973)
 (-0.67383598285971424,-0.63048910546340176)
 (-0.80682683342489603,-0.70152303106111225)
 (-0.73707377120460771,0.86856157596397687)
 (0.80192880909996878,0.72376581854604272)
 (-0.74050494123526189,0.71399030956853904)
 (-0.67778591126009713,-0.67302363924119923)
 (-0.71584342221524766,0.79680046578716934)
 (-0.75724019538879805,0.8115071735122662)
 (-0.77400229024018363,-0.87669756222287842)
 (-0.87171057580980793,-0.80173005663783325)
 (-0.70140414335764389,0.77500044165833526)
 (0.71476977203445724,0.63695941912107767)
 (0.7693849109401818,0.61959809312288872)
 (0.63736359003234999,-0.69571616583779916)
 (0.7365639989372692,0.82068536810514747)
 (0.66585723169345989,-0.76658832178664971)
 (0.67175677360319186,-0.64261071398810765)
 (-0.66754532038503911,0.71284144588613929)
 (0.70018908563060434,-0.7361533850235723)
 (-0.68947619352918532,0.75031660640855025)
 (-0.77105768036452271,-0.78701745280467561)
 (0.6559903945511969,-0.78271020428935523)
 (-0.74766891503579869,0.82245073539338709)
 (0.85108034667381827,-0.83579493695637552)
 (-0.74133053385686154,0.56273719210508233)
 (-0.69381516318328085,-0.71601052726296577)
 (-0.74422334520408173,0.56982635790205871)
 (-0.71046754230829401,0.64643977014947696)
 (0.52703306561823426,-0.85193269820660933)
 (-0.76815860838224481,-0.6960560342066574)
 (0.78912244203094939,-0.7661589576124137)
 (-0.70643253721137222,-0.6366480490035642)
 (0.80565497533318675,0.76689882975772339)
 (0.67164617499297352,-0.72683778784267294)
 (0.72944289534158302,0.79363457834902529)
 (0.69112917985983402,-0.78415636899330632)
 (0.83199693850505085,0.84760218375584695)
 (0.6937498456399771,0.68783005797120378)
 (-0.76197688512847406,-0.73603718186430434)
 (-0.69394722045521362,-0.55854212388492519)
 (0.63168623522634193,-0.6982905320055145)
 (0.78795421434014723,-0.69602236165192832)
 (0.75506643528113382,0.7424167915848956)
 (-0.74577310703526911,-0.73892742661998645)
 (0.75492772454412271,0.57821369489977192)
 (0.67771017448001081,0.68565842460087478)
 (0.84028765694113494,-0.75914780789387759)
 (-0.71905316084880644,0.6573057399274792)
 (0.66917585822392767,0.87944363503471268)
 (0.76391367680751943,-0.82011144354993715)
 (0.79676271834303258,0.63837311749461167)
 (0.59592708617061718,-0.80907679559328094)
 (-0.71942634456877719,-0.72013822770758995)
 (-0.75514866947177728,-0.64016814602593608)
 (0.75817987666931363,-0.69594847054059306)
 (0.71317219614824301,-0.62635627682325434)
 (-0.81651077491769442,0.86308499413566764)
 (0.6965304002630035,0.69614725960202817)
 (-0.74816588398789929,0.76292812889895834)
 (-0.74716267790074198,0.82261429699093214)
 (0.72013959494847102,-0.83478001794819223)
 (0.72691830181257211,0.7236861848952193)
 (-0.61628870747238285,-0.57478922183540682)
 (-0.60792620425542521,0.72354527612227859)
 (-0.67604594861764022,-0.61708920181543192)
 (-0.72742091397781206,0.82769256939638614)
 (-0.71467901446818449,0.69275030336132182)
 (-0.77716321929415166,0.78694966276395462)
 (0.76756725953219951,-0.85953910812611134)
 (-0.75256149995393318,0.75170466636198585)
 (0.71645567742554039,0.81720678213936404)
 (-0.8041041436268026,-0.69686833545961735)
 (-0.72831870028162582,-0.80483306022059187)
 (0.72699929664589924,-0.78153252334957557)
 (-0.70128302680009302,0.63997637183120892)
 (-0.69827318859008791,-0.66741976470749786)
 (0.78661517059857,0.81381569693951117)
 (-0.73940140955445188,0.60778659893170817)
 (0.67463662964409599,-0.64034406300550128)
 (-0.7700773157944496,0.75067658164605389)
 (-0.70864723622171633,-0.69470493422862412)
 (0.67123523857787271,-0.68343297523778279)
 (-0.69004890393400853,0.7184963563648461)
 (0.69131605045873123,-0.74101139843722597)
 (0.76520583441863943,-0.678787404342304)
 (0.63004399936480771,0.75907453688669091)
 (0.62545060974840694,0.68903796990506205)
 (0.85054537180144396,0.64519222464102199)
 (-0.66055322742299716,0.79511753316933986)
 (-0.66276179406234736,0.59826278058099791)
 (0.77754781766248249,0.70862268722511979)
 (0.62890725634290789,-0.79643136955668847)
 (-0.58371339812826961,0.66181464084723907)
 (-0.66221529683481939,-0.76676911732797581)
 (-0.65946700834521665,0.6489849043359921)
 (0.64080719317048573,0.53069260735134893)
 (0.68981666000249131,0.79032129936016338)
 (-0.73889399107654541,0.65109752674073729)
 (0.61953382684907576,-0.73936022852256811)
 (-0.73933590190909781,-0.78401389252711617)
 (-0.76031460837056242,-0.70110704496647946)
 (-0.65295186481235234,-0.6375324171124146)
 (0.6955516488612995,0.7663135632204352)
 (0.76771462630348397,-0.76846125712493218)
 (-0.67294554679529739,-0.76865315260590616)
 (0.57683394719895043,0.73516066795848312)
 (0.7286777151730417,-0.73726342983559812)
 (0.7429918924315928,-0.67654910857203177)
 (0.70148894730848188,-0.62505354642449573)
 (-0.77848443042344762,0.75065018963189012)
 (-0.73227765313578463,0.60156370106325596)
 (0.69751298775395709,-0.66018758670937649)
 (0.79192437474895649,-0.6127605562749906)
 (0.83336372095291988,-0.77564881541407915)
 (0.69013063197378111,0.74801086673249972)
 (0.70802128032381451,-0.7360445026715412)
 (-0.79666821700386314,0.80660364525974948)
 (0.59732938904488342,0.77703284239220949)
 (-0.76735286996593843,0.61350528891981781)
 (-0.65838092358695977,0.75250605955927774)
 (-0.61792819764574403,0.64094970779449778)
 (0.65446434354733574,-0.77200166885631327)
 (0.76370491612331348,-0.62183889799698089)
 (-0.59966620846078511,0.62231898266770636)
 (-0.65735906577056924,0.638480644301199)
 (-0.6228619841094476,0.69878736831514354)
 (0.62965941845881956,-0.67624427646706142)
 (-0.73051639130518697,-0.72444776992836801)
 (0.54195804921362312,-0.56654036842430788)
 (-0.87047813605757907,-0.72412621123301746)
 (0.68738676291948919,0.71930790951242585)
 (0.67042419774665896,0.7510975664798375)
 (-0.70740988887667133,0.67856373979012985)
 (0.7443897961882866,-0.7840587410082811)
 (0.76970500166492761,-0.66884663622298035)
 (0.6781265399142955,-0.6871005026297794)
 (-0.73674922733137826,0.69605463603191342)
 (0.63110646285120253,0.5633700783284854)
 (-0.67734166883404667,-0.76453852817250634)
 (0.73252221886233082,0.65612137135388204)
 (-0.6097564109435043,0.68592979982397262)
 (-0.65361488099412601,-0.7054986055583119)
 (-0.65811629812484762,0.75261748109641524)
