# Created by Octave 8.4.0, Thu Dec 11 09:47:21 2025 IST <gamana@Samsung>
# name: awgn20
# type: complex matrix
# rows: 1024
# columns: 1
 (-0.60409588050996799,0.71548314871225516)
 (-0.70652903545132228,-0.70687210211432339)
 (0.70094324857608725,-0.76266592776843944)
 (0.66605763292272779,-0.64630298119050844)
 (-0.62368500348888045,-0.71399759556447617)
 (0.72473790542048755,-0.62349877668267117)
 (0.71479928966052531,0.66700494555257883)
 (0.79437992539875768,-0.86883194118920992)
 (0.70287550164123402,-0.71478872454519282)
 (0.73599632271867532,0.73743298918515698)
 (0.64457838259475309,0.82249693840344074)
 (-0.6382962242989465,-0.67460726665912452)
 (-0.59228723052572629,-0.70451807833184565)
 (-0.59216864443732209,0.73194445985124268)
 (-0.6347476315975199,0.72530429262892637)
 (-0.79034010801401577,0.71988606226113372)
 (0.73175746309283052,-0.61687400132105141)
 (-0.69467036201741461,0.74496903594194497)
 (-0.73165426795669852,0.63185236603657713)
 (-0.71615776786886975,0.53807140024204247)
 (-0.70277129028672392,0.66739679594615109)
 (-0.5944759116590661,-0.8211139611066971)
 (-0.75831429455427213,-0.7389922382871601)
 (0.69757705138886905,0.63659190597209303)
 (0.85501556238525889,0.66513419850143063)
 (0.75944456940613914,-0.64920680874927039)
 (-0.60084112818238899,0.66464423636264947)
 (0.74750506191825361,-0.68239693371282051)
 (-0.82410840359025161,0.69375259489027352)
 (0.57121340461115999,-0.60269462152262521)
 (0.70526578580808941,0.78640420288166513)
 (-0.58935072690505086,-0.75782080741594748)
 (-0.72704907282854547,-0.63154822365099539)
 (-0.7756552597505777,0.72038189283529797)
 (0.69772436038146668,0.64582540047069026)
 (0.84182131429063278,-0.69744842200949841)
 (-0.59897513117999202,0.63550379282140768)
 (0.66505289113881561,0.588533909814832)
 (-0.69046412303581883,0.74468734527795155)
 (0.68364839761883489,-0.69959960818720912)
 (-0.65849394418766682,-0.77771689837639213)
 (-0.76132097454703174,-0.62116304030211267)
 (-0.6168391900056962,0.77975884411669816)
 (-0.70730456547776854,0.68283180964583745)
 (-0.59552876812711042,-0.91902762274232619)
 (-0.62141900396536209,0.83526265816374257)
 (0.75767484450860645,-0.63704150780904822)
 (0.63099366552058711,-0.61936808168345858)
 (-0.75028075292828666,-0.65686331774841089)
 (0.70798571060420024,-0.75273645842246339)
 (-0.71910455259607575,0.60733628342435941)
 (-0.72325994963245965,0.69448986570189386)
 (-0.6392533042843751,-0.57190833442853339)
 (-0.79133299209871455,0.71051198507090163)
 (0.76180195017996821,-0.70985793691360755)
 (0.72427741906711607,-0.75323924849894786)
 (-0.75142775150525154,0.74202696205696606)
 (0.71141057698669219,0.71554407004244014)
 (-0.62993484855326665,0.67315861583130454)
 (0.66920269793307341,0.73363359038291509)
 (0.76677415239380387,-0.71539110676174733)
 (0.81697543170119835,-0.70608220042964054)
 (-0.68980670781084463,0.65338953501510022)
 (-0.78211433883989501,-0.64658647290007809)
 (0.72005165051142295,0.72122056476857954)
 (-0.66074391187102999,-0.74603296730710267)
 (0.63920080319496786,-0.75886113825507007)
 (0.79512587177814864,0.67430045620594814)
 (-0.57074034437834087,-0.72469352110879715)
 (-0.67365016054520921,0.6941699164429308)
 (0.62785809769658452,-0.81083832394329458)
 (-0.64482454497972352,-0.65793785712030783)
 (0.85252392179632075,-0.66603370724445388)
 (0.70498679511286433,-0.83716297094291114)
 (-0.67748165327492138,-0.76259142323469031)
 (0.6044860493564963,-0.59397933263945091)
 (-0.67579626502972301,0.68162695249731686)
 (0.63749293062961665,0.70578288012576995)
 (-0.59813341654233954,0.698236331575108)
 (-0.71694150623980857,-0.81136697567243277)
 (0.59713655281880962,0.66792352978851832)
 (-0.82497119735850866,-0.79867659273481295)
 (0.69548155541780854,0.62876568840138192)
 (0.71992337309692733,0.66002466644429048)
 (0.66020896252974892,0.64464125524294258)
 (-0.68034970579332932,0.6603321110158159)
 (-0.60345086232467937,-0.76044396842283657)
 (-0.57175376212644902,-0.81699676128539966)
 (0.81139390961540692,0.78256570786958102)
 (0.7103427513903432,-0.7564185186416359)
 (0.68051898419795931,-0.70408682223756647)
 (0.69055438303677252,0.85298103649243728)
 (-0.60991193033087043,-0.78738832709531548)
 (-0.7666414510508458,0.76075148490725475)
 (0.789531680179972,-0.61016537188643771)
 (0.63706669606601951,0.65713316888918283)
 (-0.77364236499880856,-0.79779737706958542)
 (0.66197735568152227,0.73473141987695201)
 (0.73856811206723705,-0.65447380495913243)
 (0.65019808419604441,0.77260034455934468)
 (0.6683271966802139,0.77053462413268237)
 (-0.7319918513547593,0.61094679550479225)
 (0.7481706115760467,0.73898261421683353)
 (-0.88788202211366429,0.55210711908734389)
 (0.73141334304040873,-0.73150986749742919)
 (-0.83688710906702402,-0.77580850162594561)
 (0.80977134852622912,0.6178047703063092)
 (0.84416962654729599,0.72191127180183789)
 (0.75288371881700067,0.73287702244565389)
 (0.74373263907348619,0.60706058906793925)
 (0.68096644985195831,0.60427049385634546)
 (0.64611996473463895,-0.8691523956866386)
 (0.83718592070227793,0.68295796348792193)
 (-0.73804647051920369,-0.65433909183363148)
 (-0.83774251982410153,-0.69940060174601915)
 (-0.63560996573622364,-0.75763682273395916)
 (0.65563712843251631,0.74241941391789057)
 (0.74531929221305326,-0.67297648646267383)
 (0.77966415327499494,-0.83406505810258269)
 (0.69278649093733558,-0.70783975033661684)
 (-0.64747110436514976,0.67956607549518033)
 (-0.55466929008969668,-0.8226882570628602)
 (-0.73702660674907439,-0.6580264345381337)
 (-0.59970064868531092,0.72614119699006074)
 (-0.75116530460513042,-0.61047671636350287)
 (-0.66449746152179656,-0.74825611782526069)
 (0.78053114743565555,0.70917962144828517)
 (-0.68605783514624918,0.78343051229389193)
 (0.71456773923982375,0.71353278003201526)
 (0.67573144235862226,0.72801324028464465)
 (0.56657353511632835,0.71698071601678226)
 (0.67710965282282853,-0.66625368934818752)
 (0.65654596520558417,-0.76045946574970824)
 (-0.61923042950015805,-0.69984041806292663)
 (-0.67474320460646653,0.72260652397246461)
 (-0.64739232651814582,0.76716487994356042)
 (-0.68734486217380431,0.74468489550969164)
 (-0.79908073209826724,-0.66409285167997767)
 (-0.71989514861334059,-0.68047051317606921)
 (-0.81236813676168218,-0.89916825527575583)
 (0.89633287327797095,0.54185483207430962)
 (-0.78430676590481896,0.71292232789342258)
 (-0.68599601903838758,0.7018832055860027)
 (-0.7170849802253817,-0.64033529387979671)
 (-0.72475599297069671,0.70396681433244823)
 (-0.71487922818586092,-0.80487121400078909)
 (-0.50349060313280958,-0.61921153264152329)
 (-0.69790867038615367,0.5489527504426267)
 (0.50655132267703651,0.68633957545674895)
 (0.76848876815052392,0.68066465165591927)
 (-0.67084319773942724,-0.71365286265124428)
 (-0.81507500966849067,0.79767319430135708)
 (0.68002077426163809,-0.73367578729396232)
 (-0.73621228936958993,0.83746919620499982)
 (0.80052533642465928,-0.73002387827457027)
 (0.72809698670297263,0.59408856266140753)
 (0.73797396154610984,-0.73112706940396965)
 (0.84592638408100984,-0.71024161082876447)
 (-0.68209145393910098,-0.69377569879832024)
 (-0.66868488936948789,-0.79428225430336341)
 (0.74430184489122309,-0.66343836879558149)
 (0.75637786812535845,-0.71954734766083228)
 (-0.62520886640256423,-0.56580135347968463)
 (-0.74024635034269515,0.67685979176711675)
 (0.74997011524536306,-0.80352278605746164)
 (-0.71463294534935207,0.71740897063614872)
 (-0.77417394689478192,-0.64141421384177522)
 (-0.7900050650022874,-0.7101784965684913)
 (0.6004499007188403,0.76894454454825434)
 (0.61353533813861116,0.58514014324122854)
 (0.73079632334504951,0.67539970639497338)
 (0.64997053207417887,-0.68265852638681612)
 (0.71083612506563942,-0.74784116131577283)
 (0.72279236297188443,-0.79538099640529147)
 (0.7668933380016737,-0.5913876778685998)
 (0.56623914501741268,-0.55645348068984812)
 (-0.68798894734150651,-0.66261718329759678)
 (0.5854364239184191,0.68921014175166451)
 (0.61578338627890938,-0.65618550432913803)
