# Created by Octave 8.4.0, Thu Dec 11 09:47:21 2025 IST <gamana@Samsung>
# name: rician
# type: complex matrix
# rows: 1024
# columns: 1
 (0.77932109447164988,1.0398571296279169)
 (0.44931703159172559,0.055649955988686217)
 (-0.49374513159280442,-0.60142991207937702)
 (1.1041240320835009,0.58832940555829616)
 (-0.78959626660176208,0.72491080473941094)
 (-0.71016910562688262,-0.72840713575773042)
 (0.81725787047469822,-0.32085658402035544)
 (-0.42872172418246929,-0.44417345274843417)
 (1.1488536587492297,-0.5532309025101696)
 (-0.49109954820569462,-0.60465727121486201)
 (0.20593602429046123,-0.68366533464859458)
 (-0.07113304466949455,-1.0410887091968846)
 (-0.5930420348414932,0.78613953234890011)
 (0.90862617819692415,-0.19313439686902101)
 (0.60015886927614182,0.4392588654337119)
 (-0.22565668030295055,-0.72474638954105752)
 (-1.0666971488560744,-1.1722835071328863)
 (-0.18607669660988185,0.33906321022451752)
 (-0.58639174425786933,1.0695059485524974)
 (-0.40363867028509143,-0.33090259654521798)
 (1.096537070896445,-0.85026265904562248)
 (-0.28138239775388801,0.8847045615988296)
 (0.54516532436796461,-0.65812789899429092)
 (0.51336066003136449,-0.30801372204456751)
 (0.35752260118182932,-0.27230518372122903)
 (-0.4699182679939965,-0.77087366156906867)
 (-1.2207133449829535,0.23626784950531582)
 (0.69674214441636606,0.97434685301931101)
 (-0.19232692490316475,-0.52356664899072336)
 (0.35404598857852093,-0.82857682103934605)
 (-0.3898445086142478,0.61181708022411618)
 (0.71376182043532477,0.085964884798321206)
 (0.51911999120840657,0.99781682388806514)
 (-1.1358823956785085,0.0059266809040221524)
 (-1.0291253863994876,-0.65944629235643282)
 (-0.76290892229084228,0.67862406115491303)
 (0.26314696677780475,0.70342001172829804)
 (0.72670261184987672,-0.43725643446969714)
 (-0.28522481021116131,-0.26986016787105416)
 (0.83965193048735753,-0.70998304760459252)
 (0.86598217046181425,-0.49854987112408322)
 (-0.56508124360678613,0.35310199000112197)
 (0.1785578491917254,-0.61861339715300567)
 (-0.51021674549818385,-0.85525339514028986)
 (-0.4689964544591847,-0.28430034322850928)
 (-0.92401759432313213,0.47941431088776953)
 (0.53444865073858416,1.2066868120278076)
 (-1.3283490453981641,0.45642212261320803)
 (0.51702899575320294,0.86974362529293392)
 (-0.52422524865965692,0.56597055404255914)
 (0.51409324832865499,0.62067236216057886)
 (-0.51626538064469096,0.82069942776447913)
 (1.0196615709574453,0.49646209415878934)
 (0.75415740776971207,0.83174253641167251)
 (0.85627903567340757,-1.1395071739501781)
 (0.44494744397118347,-1.0000506357893322)
 (-0.1016809936734592,0.2072891583179762)
 (0.47909305000954022,-1.1246272180184518)
 (0.20478402983085553,-0.82988411504497106)
 (0.7641682797133138,0.14193039275911751)
 (-0.29193635505198695,-0.50026514506297637)
 (0.76997807207482061,1.0499473567542197)
 (0.59759321370729201,0.5387202534275074)
 (-0.76669049123221389,0.27225464088084417)
 (-0.36772453428656293,-0.58579467641245497)
 (0.93646080432409884,0.44514217726844774)
 (-0.78437276475103546,-0.85572955546801421)
 (0.42759777601063709,-0.49918131241423624)
 (0.31418575058314879,1.5161481610377843)
 (0.96417156111562219,-0.42649247129384082)
 (1.0804000635537117,-0.66764188157897086)
 (1.0204165651569952,-0.208105558105045)
 (-0.30091363036337726,0.89252947131058913)
 (0.81063262508058542,0.68074750518176497)
 (0.47156854779310847,0.48940437960591027)
 (-0.6260975099291689,0.65453115063298684)
 (1.4256818135620266,0.80171523312837278)
 (-0.13909122444010669,-0.68937432721584835)
 (-0.40648855493060976,0.50103409443979574)
 (-0.63078833532811951,0.58480817545879205)
 (0.030197443402571134,1.010597010829035)
 (0.62977448387355073,0.11254333045369902)
 (0.34446834851280816,-0.51868965418594359)
 (-1.1709283455755122,-0.65304774383607489)
 (0.35844426903880811,-1.5342075411840355)
 (0.61514321346157708,-0.87058764665652477)
 (-0.54323592869028203,0.84790299918397405)
 (1.0285540993816591,-0.63366243588550752)
 (-0.42223719208254484,0.58807660117247462)
 (-0.36526080280067824,0.34865198252126423)
 (-1.1849312187399643,1.1740768819371967)
 (-0.61251090997190616,-1.174931638699612)
 (-0.12644183620576052,-0.3974631468276375)
 (-0.40386046713489454,0.46834745098616171)
 (0.47314190282112095,0.80974254496277909)
 (1.1040695618369722,-1.1879583130472906)
 (0.38230475656415785,0.83458662915692738)
 (-0.034002376804163792,-0.36473080141167874)
 (0.90061057874644157,-1.1571493166111877)
 (-0.53398590214291197,0.17786864445704528)
 (-0.65041366789009136,-0.10347268989908237)
 (0.3477006229371602,-0.84046719083926402)
 (-0.83854719367226238,-0.44825633069120246)
 (-0.35950746153131752,0.66901403499969703)
 (0.95028228407246962,-0.80311529455808106)
 (-1.0458138660484708,-1.1773378689466696)
 (0.3112040976914191,0.79069417484740445)
 (-0.24212491648109841,0.11616309817793587)
 (-0.86649991821705041,1.2996425166848482)
 (-1.059777433932249,-0.77751886253497382)
 (-0.45913948640643698,-1.0770249936036702)
 (-0.013423782095564329,0.84027942813186041)
 (0.85090620676176343,-0.52633853900273997)
 (1.2441437228387333,0.70375997161982329)
 (0.49487670323219174,-1.1079944274304643)
 (-0.32523230912486345,-0.60043513370036328)
 (-0.33976585028865791,-0.77489280232454794)
 (0.77250632510872408,0.44397709004829561)
 (-1.2747301119170877,0.68486795552972501)
 (0.011354421784105062,-0.57354306224482188)
 (-0.67974031132861124,-0.34842890538807592)
 (0.071899124437326323,-0.58837062374105065)
 (-0.36403011284920028,-0.87971536514825854)
 (0.6836907977222193,1.2531734445064471)
 (-0.52482739970706627,-0.019483468992001207)
 (-0.71374517225190504,0.88780813688850668)
 (0.4187198464736761,-0.60081744896797251)
 (1.1823939915635238,-0.89671456133180538)
 (-0.50637928281591171,-0.46446017296552605)
 (-0.84818866580245367,0.57946791811168896)
 (-0.71636131661321512,0.66820337596105561)
 (0.76219620893743689,-1.2191648404321813)
 (0.95677385585845964,1.0023070657392763)
 (-1.0304423203557616,-0.012609085100474982)
 (-0.61414741155755626,-0.41951601804432742)
 (-0.19111680649334492,-0.14731820307568624)
 (-0.86820668500886955,0.89041437826948477)
 (0.45529142366984787,-1.0207356021665261)
 (0.66897581478443502,-0.66853496471580376)
 (0.52885634889017308,-0.71421094975675647)
 (1.04382610418072,0.097421980113933049)
 (0.81476050630530883,-0.91137448156638767)
 (-0.2203494585976426,1.1495661175814864)
 (1.1004145390364384,0.82039993104119191)
 (1.1785167744823362,0.81043974801220886)
 (-0.43532327103858626,1.0032684973363128)
 (0.31641860009645328,-0.35964570246796335)
 (0.88437188892891472,0.28778413525154245)
 (0.78336121429053818,0.87017098928120218)
 (0.56562678779296383,-0.17078029079259027)
 (0.89001041705060335,0.50109155544095696)
 (0.092617281523340991,0.061814412804776717)
 (-0.93667215326505993,0.38484040009133541)
 (-0.41969559012876434,0.66422742638254573)
 (-0.47759416894991308,-0.62582016804183183)
 (0.93304811518256847,-1.0025886424416313)
 (-0.74686433279799447,-0.57644599543441877)
 (0.84341639064425344,0.72062409648008086)
 (-0.70275152316595579,0.15205027945720878)
 (-1.4253006917785824,0.79748701047100079)
 (-0.033387189867437883,-0.037605228404587035)
 (0.66571465348223136,-0.011042494600053243)
 (0.32417232960231723,0.66669527804374484)
 (-0.41001173095045707,-0.89101033409662944)
 (0.70324061936814108,-0.2931408182902418)
 (0.31983431620152281,0.23332380884899404)
 (0.81348546715231895,-0.86949894414847206)
 (0.37403715491119238,1.2875876574879688)
 (0.72665745044230357,1.1585452053931009)
 (1.4884447812149182,0.53578860038526099)
 (-0.84372218137757071,0.75146909387843663)
 (-0.20874727983719493,-0.36761781617370443)
 (0.066889366954030166,0.1333176777053928)
 (0.29206752526068636,-0.56403579937596271)
 (-0.17806623666251614,0.69322780976832377)
 (0.40888314246858709,-0.55200971738361049)
 (-0.90378972407182923,0.39048502101742166)
 (0.35213659461735092,0.8369712739078683)
 (-0.90520338932598543,0.75382843172249347)
 (-0.084550540355026238,0.45584366110122104)
