# Created by Octave 8.4.0, Thu Dec 11 09:47:21 2025 IST <gamana@Samsung>
# name: rayl
# type: complex matrix
# rows: 1024
# columns: 1
 (0.65199126565656218,-0.50939221086746966)
 (0.028365828435974128,0.16768607201340244)
 (0.22556989600172683,0.95559087710614421)
 (0.19204305128686378,0.72831727483537789)
 (0.5732368769782008,-0.37687552131368407)
 (0.58404228828109006,0.15257607648118765)
 (-0.90942876898713321,0.067625483023725341)
 (-0.086174677500552077,-0.20081153803859719)
 (-0.5864717677076341,-0.56483208540974594)
 (-0.37244838265902652,-0.48687364960292551)
 (-0.42012509465730041,-0.18931037559766495)
 (-0.38629729329209561,-0.20754779276535926)
 (-1.6827439131634359,-0.38876246535288816)
 (-0.13794211254874081,-0.47551965104410976)
 (-0.48773734566043719,-1.0522882463374674)
 (-0.14916766021666986,-0.6108823468804081)
 (0.37521104722204118,-0.36627100923690864)
 (0.16148744011853933,-0.17077187598474924)
 (-0.18474101427582101,1.2102414541462818)
 (-0.34142750390539295,-0.36552896959589704)
 (0.237161851419742,1.3239677149644724)
 (-0.72528576137008549,-0.28270297449721105)
 (-0.47963779123682354,0.21534860355309865)
 (-0.43897100406064171,-0.60333896851769586)
 (-0.34476000600705536,-0.14275322143031743)
 (1.0941600988873375,0.56719000116841989)
 (1.2445993975875695,0.11118156582604566)
 (1.8949748459279359,0.26422055054497551)
 (1.2686215789136881,-0.6041696248982984)
 (0.98077033793270885,-0.10752564916212221)
 (-0.63759478892052279,-0.015019820675920781)
 (0.36007525412286806,1.0431126693656074)
 (-0.12752439576412128,-0.8036749307384119)
 (-1.3273801255804512,-0.97251510929952989)
 (-0.44526120861093166,0.69908287820250059)
 (-0.94276052207172401,0.88065610183032594)
 (0.50841150850820915,-1.0655123125346182)
 (-0.37541402357858961,0.54681474031025001)
 (0.62177186319413069,0.079186646512181713)
 (-0.94097900533321366,0.25383350592555032)
 (0.76252068322559252,0.093288557970423347)
 (-0.58683532350607537,0.67560862356475948)
 (0.99582375293521908,-0.41565276028458531)
 (0.52671079903626117,-0.081118835172245551)
 (-0.50108004988079724,1.0939859696303804)
 (-0.73749595428238668,1.3447125834277973)
 (1.1222252672204616,0.4106551322118997)
 (-0.40177558656626244,-1.9816708786559962)
 (0.76077242414701396,-0.035272505150913125)
 (-0.92629456720916181,0.45690724212135075)
 (0.77241264669657039,-0.043747692345387779)
 (0.85585924981884431,-0.055497514115942614)
 (1.4055021023688088,0.50710208177100924)
 (-0.48618526273327711,-0.37035935035768852)
 (0.064530241165997593,-0.21157403175778872)
 (0.0079866394489127579,0.72235678024237515)
 (-1.3438066934482027,-0.067109895791827912)
 (0.26366248600228293,0.94905359151963142)
 (-0.73506961493705247,0.82251540598131057)
 (-0.63922210222590281,1.4015632995570175)
 (1.5829517031958775,0.68461162326118341)
 (0.68122147480342099,-0.840379403370486)
 (0.90026548955123986,0.31390885022033937)
 (-0.98546209405913943,0.95997896632996671)
 (-0.43974009953238385,1.2438718716100987)
 (0.0047725782348158052,0.70499850954624366)
 (0.46778551254740997,-0.39985486258760883)
 (1.0727897665435291,-0.27929494171322761)
 (0.15572844652620232,0.30508143497437029)
 (0.20310324749339667,-0.30362384308377366)
 (-1.064565405338147,-0.84005535151359534)
 (-0.94228564879742427,-0.43400441162852865)
 (-0.90065383763851714,1.3040644523291756)
 (-0.33556162153183855,0.95033019845356514)
 (-1.3097637485881179,0.42596707438838577)
 (-0.69313768781719953,-0.59266626546293133)
 (1.0535111605023344,0.71507459243880156)
 (0.97612736328531202,-0.4104173413523709)
 (0.29695606558244669,1.174192072790027)
 (-0.46237048151463128,0.59792581205972573)
 (-0.28039308271464769,0.71671559536028617)
 (-1.281601934672852,0.93125533077233436)
 (0.47464392942268097,0.15214174203069231)
 (-0.22582468566533345,0.22869771703876637)
 (0.93674600251595985,1.0651607760984918)
 (1.7246169404951113,-1.3592058790069825)
 (-0.32885343038964332,-0.38013655002988489)
 (0.086703318385945388,0.5152649383484279)
 (-0.80210885719129066,-0.20499330731705867)
 (-0.24206908654848791,-0.10784455211590523)
 (-1.2055479051396132,-0.28526399228398891)
 (-0.92559038091319668,-0.60976528817008924)
 (0.57106906590914053,-0.074548778470715837)
 (0.72409296840194159,-0.78545477105074124)
 (0.63976936373910165,1.0674916489537081)
 (-0.95077491459748709,-0.26759069164984184)
 (-0.16121021543640343,-0.60344302722319132)
 (-0.36640504223965231,0.78315417761263784)
 (0.48417027531122137,0.40750786502954928)
 (0.30094366519144483,0.67698644739121328)
 (-0.84830099108196699,0.53513450891999326)
 (-0.85282568785962864,0.22861419669911653)
 (0.28565366448123897,0.73957048300884687)
 (0.13091846667027693,-0.47312304881105249)
 (-0.35301575625445114,0.95268497215815118)
 (0.83334428732243337,-0.81545341472943156)
 (0.74703165579853903,0.15525117332414246)
 (-0.32149861808681007,0.74431965449849713)
 (1.0736863268587555,0.0512427624018581)
 (0.63137970356539985,-0.053432048364342732)
 (-0.8403610615741316,-0.015305590769740807)
 (0.24839585729546321,-1.699554326990447)
 (0.08236997387331757,1.1282294462117597)
 (0.41664533035927648,-0.29625805460556337)
 (0.5220317414476896,-0.97923580335975413)
 (0.29913630440487382,-0.94159391660583291)
 (0.43259027250686177,0.65711887219480869)
 (-0.18575890633503434,0.038018505101342581)
 (-0.014286419684161805,-0.3185310634278834)
 (0.25594929496004515,-0.16238138067793231)
 (-0.38098176899861269,0.57084231475128699)
 (1.0044249218708465,0.76927175320523988)
 (0.79161369694575578,0.56173369078578494)
 (0.22589121664476117,-0.12682507375526295)
 (-0.17565428639938763,1.2933177330801024)
 (-0.18775034903281557,0.40870524221229282)
 (0.64217547608436543,0.82836960175447283)
 (-0.71039747098631367,-0.74716314194027866)
 (1.1130349958592622,1.2591124004963483)
 (0.046851379313276459,-0.51224937653801439)
 (-0.64274280619509838,0.95487580321359378)
 (0.14660551239586064,0.53696258026121035)
 (-0.90349563908596142,0.92327250976498232)
 (1.7874595354496172,1.207747893299151)
 (0.69499280261516305,-1.3693445646846791)
 (-0.99682345839589104,-0.4023189075803722)
 (-0.40781007005694703,-0.56187548756511407)
 (-1.1549879403545902,0.78943768070847908)
 (-0.72873611334290544,0.35070510730375026)
 (0.95652783993032142,1.2508853256839447)
 (0.090387558379969923,-0.10874329231548066)
 (0.58705168162045185,0.76399657956973255)
 (0.63503300773909799,0.034779098234205941)
 (0.44058739908369354,-1.4397173342238041)
 (-0.34877350795490614,-0.38583966088862698)
 (0.3141205880274282,0.94276799093851249)
 (-0.36617660740579383,1.0961456600601549)
 (1.0771313731769885,0.65232073467761564)
 (-0.3965373994838553,0.0033168772666929969)
 (0.37932386795786954,-0.61217505741695188)
 (1.578514805665673,0.90593612798041534)
 (0.81902623814681919,-0.68025170336606378)
 (-0.6875011511978607,-0.48394120336507684)
 (0.59979240612665596,-0.4916174928561457)
 (-0.21422426397327177,0.97025478868124082)
 (-0.13613229003118305,-0.40351599342607808)
 (0.16834916878000583,-0.67164385093726953)
 (-0.13447784793772988,-0.41182677629840081)
 (-0.17773318207700547,-0.16568292066146781)
 (-1.6127387788875587,-0.073301476626617013)
 (-0.13655281512310227,-0.1981198973533396)
 (0.79067818036806625,0.4208141571291506)
 (0.14112253233212207,0.1574879666267302)
 (0.29338454622384003,-0.3302010031615239)
 (0.47584532813958963,0.035001735645849019)
 (-0.66464411584886607,-0.098052824748966705)
 (0.5321200202115729,0.42983860722975725)
 (-0.092446266588089465,-0.36957401373189852)
 (0.71701292503297931,0.80681525929518894)
 (-0.26258129764071603,-0.033934108147515157)
 (0.67034287497985101,-0.0111467881984329)
 (-0.70866493912241002,0.23171444432112645)
 (1.1037087000822128,-0.54267486229027528)
 (0.56704080327251027,0.84498175374429607)
 (0.42655397260433731,0.22206805586131412)
 (0.53027051152064808,0.56968230843361911)
 (-0.67842742362590824,0.49867145689901587)
 (-1.3386965491020675,-1.1549610339884033)
 (0.65011403705763193,1.2805214416933672)
 (1.3763503571111511,-1.308297005972763)
