# Created by Octave 8.4.0, Thu Dec 11 09:47:21 2025 IST <gamana@Samsung>
# name: awgn20
# type: complex matrix
# rows: 1024
# columns: 1
 (-0.66738866347463977,0.63431875421851669)
 (-0.69882623418781742,0.71982328162124465)
 (0.69791183250364086,-0.62960275576905478)
 (-0.70672548991232587,-0.64569406487862746)
 (0.7433068906483723,0.64764167700652431)
 (-0.7933163203533049,-0.71204110849423452)
 (-0.79546117151452389,-0.82656920284291124)
 (-0.64683569097761062,-0.70177752184637598)
 (-0.7461070750940314,-0.7309396868838075)
 (-0.64938758187749746,0.67341347193197321)
 (0.7649917555842185,-0.85305149112155509)
 (0.7100124249250731,0.71533501326760573)
 (-0.69118601155718395,0.76696498973975769)
 (0.81113635597724665,-0.63249752787439373)
 (0.7394424624900755,0.62884525910404476)
 (0.75803652146626288,0.64700404343145745)
 (-0.66332481455484327,0.72893988759342976)
 (0.69305967478302333,0.67574114769993121)
 (0.78931089823405498,0.71089166841475282)
 (-0.71330765241457739,0.6990328180380051)
 (-0.60729753054065283,-0.78684898366245726)
 (-0.61388051467537319,0.71374015530810309)
 (-0.76647064775545004,-0.62442099570328002)
 (0.7274416513805797,-0.67239988075281809)
 (-0.72063284797958771,-0.74631207389526921)
 (0.75762600647023981,-0.73176821661059133)
 (0.6668207032296336,0.71550711370954712)
 (-0.67168444371181324,0.53567788860819998)
 (-0.67083182944163244,0.62332800119577292)
 (0.80737064118989921,0.69727107305318148)
 (0.71855037601550231,-0.83693732152421496)
 (0.57787849094567956,0.57422793164172992)
 (-0.68520020404645743,-0.64795917333566644)
 (0.74561999716047345,0.55139086680131411)
 (-0.56483054344811756,-0.70474102845652831)
 (0.82765411888332385,0.60090210230415508)
 (-0.61377107651400598,-0.6684398133127043)
 (0.69938154155087928,0.73265797040939062)
 (-0.6972133966004026,-0.77951609076494488)
 (-0.67443380429311872,0.68499371541797738)
 (0.84672971673883912,-0.75249504848339377)
 (-0.66325643511628696,-0.71016522084316491)
 (-0.66369035484389849,-0.76294398267671348)
 (-0.81365237610093621,0.70912812725073338)
 (-0.63279703111919161,0.66512461497140762)
 (-0.64666576918838525,0.73536667547894252)
 (0.6355956339073906,-0.75176062306686275)
 (-0.65025903553374709,0.80302454659971145)
 (-0.6597769117950022,0.79219062498054571)
 (-0.73651397074269143,-0.70302897985602253)
 (-0.71874332170951938,-0.70269406909315746)
 (-0.68512638185466157,-0.67303871956184802)
 (-0.63676077056631142,-0.63297860593344113)
 (-0.71169040657200167,-0.66266898807661112)
 (0.63654339976618157,-0.7303862216294924)
 (-0.82662342843349323,-0.68651594662224646)
 (0.74373030264501017,-0.68562495370260967)
 (0.74107830897872173,0.64473150393265977)
 (0.66637353151559053,-0.85356138913697843)
 (-0.67411236399339136,-0.79932842307291274)
 (0.70206002760317288,0.6994267422210535)
 (-0.66273316353874534,-0.79515014824767571)
 (-0.69886334524252303,-0.66346261966852182)
 (-0.75470776617595059,-0.8033298431328747)
 (0.75626332614223302,0.68535992282712754)
 (0.79564119477246364,0.59985270736447693)
 (-0.6930705844858901,-0.73566859159285869)
 (-0.75260142647191397,-0.80387054553106352)
 (0.7203162060830951,-0.69166575845001854)
 (-0.63172547514798394,-0.84625228278363296)
 (0.68238760051666147,0.73762627811390946)
 (0.65705122717202336,-0.66012991677522459)
 (-0.73951605469742321,-0.65831121073445775)
 (0.66305303678917449,-0.70210139549807504)
 (-0.79904184161981118,-0.73607054378525683)
 (-0.79251409258265082,-0.67818177250074796)
 (-0.66411657124128964,-0.79063550611116862)
 (-0.68961471821054643,-0.66426034774954645)
 (0.71818160535814557,0.69806034381062299)
 (0.70577032222272573,-0.76336580602115645)
 (-0.80520535832918583,0.77459264405735651)
 (0.56669402583747575,0.68673433335510614)
 (0.69097001480200548,0.73084386493988951)
 (-0.71886404400462889,0.7388805891461514)
 (0.75249827188082141,-0.69354332787354844)
 (0.66694514988134157,0.80353800545542187)
 (0.61506780842610298,0.7693682155695738)
 (0.69038061429995579,0.75123776950257148)
 (0.66504921859424471,0.72479544939469398)
 (0.72143042590013262,0.64294203623570501)
 (0.82977364947828436,0.68958993562277116)
 (0.64087800273285866,-0.73951630141707303)
 (0.68538615478782627,-0.75194373019340643)
 (0.7838693509393736,-0.67520999691954497)
 (0.70743101814914389,0.70396667560001991)
 (0.7650598706264522,0.65504990891736004)
 (-0.75677776659371399,0.60150545836047464)
 (-0.74617976045501488,-0.6266335397404057)
 (0.72854947986730789,0.78638211129551672)
 (0.61959407355357787,0.64436770722795167)
 (-0.78194370903501575,0.67648225192350109)
 (0.65264948988229698,-0.81414246312816885)
 (-0.74543611484880168,-0.68923822450716121)
 (0.64118153219668494,-0.60420536670421221)
 (-0.69378594706968577,-0.67965462220960959)
 (0.77566970944307934,-0.61904242647418917)
 (0.69824599488547923,-0.62387171404880559)
 (0.78308516895270519,0.71396712625281256)
 (-0.68283799161637015,-0.62906031406308704)
 (0.84803630004067687,-0.71886839173159034)
 (0.55607842377340522,0.91841685614257396)
 (0.62987761168474909,0.62474986224298723)
 (-0.69561837119082282,0.58357417701122705)
 (-0.76303564869886042,-0.67739946851933663)
 (-0.79909538301229077,-0.6074302273574842)
 (0.76606063161419169,-0.71492267925546271)
 (-0.67263997989382029,-0.86212801940363171)
 (-0.691793016932154,-0.69030211451849666)
 (0.5877536485256698,0.75337477141293252)
 (0.75122017999843371,-0.66517765687026198)
 (-0.80810594435951311,0.67403394559383123)
 (0.52617188050621611,-0.62605856993839804)
 (0.60310079742298595,0.67819963950624074)
 (0.73071769553135468,0.6227596503849786)
 (-0.7581300836450281,-0.63698344252679451)
 (-0.6739726476231509,-0.70519269060596002)
 (0.71749360835953946,-0.72029019114284898)
 (0.73112897553197143,0.6469692871686501)
 (0.75640433923657591,-0.61379679600230352)
 (-0.69384464985258065,0.71442669527472302)
 (-0.77652816330790342,-0.92477626375406485)
 (-0.54967791152849299,0.63418009960912114)
 (-0.71941017682808428,-0.79330726299194698)
 (0.84671521708722697,-0.71389140870057699)
 (-0.83676015759349864,-0.76312010942167252)
 (-0.73273274109561148,0.68863474293166616)
 (-0.73402356793835744,0.71065344046593493)
 (0.71031601876788164,-0.5995736226696029)
 (-0.83474824200280162,0.72171848820719064)
 (0.70024852381885083,0.69105127338051153)
 (0.71169205107608047,-0.77009341253920238)
 (0.74591798409389753,-0.63567338141925267)
 (0.77616805172896575,-0.64976696427791536)
 (0.69827061178258143,-0.75947335642412284)
 (0.78160223731048273,0.86976191243864276)
 (0.70776480823961152,-0.78931544745733384)
 (0.6908280437327754,-0.81195875320507327)
 (0.73123190915115133,0.78488862298859963)
 (-0.7081897373131798,0.63129952564004865)
 (0.79516607182383059,-0.77550296141048292)
 (-0.60490896493718616,-0.67733250115963806)
 (0.61367967939191714,0.74531279345128976)
 (0.61855846876628684,-0.7384032772786091)
 (0.75244200432103581,-0.62937097326666169)
 (0.74414524167267171,0.81469632994784535)
 (0.68973871537217479,-0.74180290117802594)
 (-0.69193810375428044,-0.72986219933145624)
 (-0.68523133774392742,-0.72481646838379754)
 (-0.8008460215575639,-0.67672504165406711)
 (0.6604693823654747,-0.69016816960188521)
 (-0.64424712079637103,0.70195243688520026)
 (-0.7023868155258135,-0.67574732845090002)
 (0.70420099994093777,0.783187671778238)
 (0.77844999001872062,0.69197661091749318)
 (-0.64186241611267592,0.7589513379357602)
 (-0.74867918729625305,0.78932850299208468)
 (0.77540860480524121,-0.7125192897248589)
 (0.72602277501852597,0.60237551058602801)
 (0.81042543924663668,-0.76643815373140278)
 (-0.72848419411873022,0.6256905611019552)
 (-0.65683881887312734,0.65981710783228853)
 (-0.54466317911707773,0.71030829219006131)
 (0.82188088846388918,0.76532673173445609)
 (-0.81133585134731767,0.80574510461998805)
 (0.82400165988170415,-0.77136704554976998)
 (0.6577274064366454,0.9007882698921752)
 (-0.71376449366966899,0.58489309729514816)
 (0.697318902679404,-0.71603795333562925)
 (-0.78634689575056871,0.66467025434114979)
