# Created by Octave 8.4.0, Thu Dec 11 09:47:21 2025 IST <gamana@Samsung>
# name: rayl
# type: complex matrix
# rows: 1024
# columns: 1
 (-0.66826236581171594,0.10037489113345743)
 (-0.34793649554869122,-0.12733559542103437)
 (-1.4459767837673325,-0.12731158150113897)
 (-0.051686216104471432,0.15579959087439998)
 (0.070391145699339824,-0.29408147624503622)
 (-1.0276003360213739,-0.0046255368747646353)
 (1.2605457150017014,-1.0250311528954898)
 (-0.15491370356632639,-0.44665708117697744)
 (-1.0132782730344814,0.51555422871957557)
 (0.014114996480653355,-0.088394959040587445)
 (-0.90370928502157255,-0.3084149435676723)
 (0.097547027792465602,-1.1949847410402437)
 (0.45456564257167609,-0.23394990938110127)
 (-0.57209196616745728,-0.48080877707943093)
 (-0.53938902813235268,-1.3921187974768823)
 (0.078448625181646303,0.69955879936741094)
 (-0.51808003737254771,0.34427452930702185)
 (-0.45337138799996518,0.086160029279424399)
 (0.67724295594383788,0.47312129500795985)
 (-0.82649364777327128,0.10984978764641895)
 (0.6728137147829818,-0.010402098608420951)
 (-0.35280811890585506,0.92237945593148007)
 (-1.248346786217595,0.16697347976304178)
 (0.19881997267557278,0.62804086570790707)
 (-0.13485903017712619,-1.1995437240180415)
 (0.33368204971068538,-0.38995712454433229)
 (0.32172426171160379,-0.33093278969307632)
 (-0.056795014955205773,0.056458965722578476)
 (1.0773275995940286,0.21142215813690668)
 (-0.65496139846402057,0.072552424333031718)
 (-0.92402755835690642,-0.45336543573158528)
 (-0.3874248558857683,-0.75418681009083577)
 (-0.059311963964123082,0.76805802928042455)
 (0.061146096203424982,-0.78116726027970995)
 (0.91589173027881154,0.25008076872760532)
 (-0.71146618483769453,-0.48529742464415737)
 (-0.26461606448886726,1.0075563481157752)
 (0.49012643928082111,-0.90142220189485922)
 (0.27162160062972673,0.61163432827215714)
 (-0.66987756821795397,1.0553306897959334)
 (0.11953373424246688,-0.75600044995652826)
 (-1.017471056981166,0.7681976803502919)
 (0.00075406168356956238,0.2972208536605615)
 (0.36113553909297347,-1.2942116372788353)
 (-0.047144006688211844,-0.15791697918189207)
 (-0.0082685627708692366,-0.89503118963915429)
 (-0.26372605534186222,0.82268028101593804)
 (0.45073226972843267,-0.32953472728339589)
 (-1.0028713909350737,0.32277774874997966)
 (-0.6502872962628421,-1.42238655145361)
 (0.29541070485350091,-0.30428580388625343)
 (-0.20640449449560516,-0.78009868336308175)
 (0.53818182877712362,0.54553782931455763)
 (0.22108851357081133,-0.75794221991640454)
 (-0.5181544904100247,0.90118496491428834)
 (0.37743734748928559,1.1604548547546669)
 (-0.55907239224455041,0.43920242225860173)
 (0.020717021161861138,-0.056742125248188918)
 (-1.5167010767184825,0.27522748315292367)
 (0.16463305984418217,-0.5924812789799706)
 (-0.80179998507565964,1.1389401070462073)
 (0.23517893389371269,0.86662503234182031)
 (-0.49390724931652535,-0.48605501815003821)
 (-0.22484431964343599,0.96734047612428165)
 (0.99060712022873254,1.4006561179759602)
 (-0.54414768643169209,-0.43191387690570049)
 (-0.22959927441474851,0.48631802186360862)
 (0.39718206610929024,-0.77929858254027051)
 (-0.72097065404532323,0.49404474299671264)
 (1.5798557397723292,0.28298382777359965)
 (-0.076482392620870809,0.43376003443201155)
 (-1.0230930211804323,0.73661877206449422)
 (0.66331433071282453,-0.62840454358868214)
 (-0.61073278299392719,-0.22328419970043042)
 (-0.078824505508404821,-0.055751552553156516)
 (-0.17019919224309388,-0.12229519987112254)
 (0.49299313630255659,1.5165392976457239)
 (-1.3670769258687541,-0.55782013635818861)
 (0.35106576303784581,0.57883681893290873)
 (-0.38187089581837508,-0.42218649602483949)
 (0.096702693531006287,-0.12727397374649124)
 (0.78668905378707421,-0.56776330659885621)
 (1.1858205523881464,0.15670783939867261)
 (0.24472128528053777,0.031850740214803941)
 (0.62483031609003592,-0.74998024527726526)
 (0.80521693739508282,-0.775306409713584)
 (-0.39095795494541036,-1.2969958467324061)
 (0.46911578114580554,-0.92894759880282751)
 (0.27967542521083893,-1.0993699468208324)
 (0.89630101907736992,1.5433588373384992)
 (1.4031719685795774,0.20926799245803707)
 (-0.36668235356320417,-0.89891001518502733)
 (0.60648806389948628,0.00016333934377571468)
 (-0.090293072083788561,1.5356573826733633)
 (-0.11297114826040289,-1.1250174708365859)
 (0.45154503714099581,0.11289472807098186)
 (0.2824669668924582,-0.12106778491773132)
 (-1.1278264267638476,0.46857492896348196)
 (0.86324203170832958,-0.56643114139013395)
 (0.98159064296213705,0.42794241703070496)
 (-0.21683720176658572,-1.6809325033652858)
 (-0.95278178057824059,0.16996637822536215)
 (-0.57373350407003576,-0.587521537016225)
 (0.06477599317380367,-1.3610272396136971)
 (0.79524913993914037,0.15448538058134981)
 (0.32176884156275981,0.39322671501749701)
 (1.2809741284597449,-0.73517875733525018)
 (0.36938109947566788,0.59666538381629064)
 (0.24466381193035408,0.16792562684618717)
 (-1.2187538808065053,-0.76845681468038407)
 (-0.069361726825840408,-0.25648668459194435)
 (0.47119643564657021,0.15667314752728415)
 (0.2365462127324155,1.4181391391531917)
 (-0.24504778709260813,0.30104576316629528)
 (0.79535315737816092,1.3732981845010419)
 (0.35908933855160396,0.7071765109831184)
 (-0.90179420129727605,-0.12905206796718727)
 (-0.30304314158811196,-1.7778977904100635)
 (1.2572141940580996,1.0742572095403462)
 (0.61538104554062345,-0.12655440768441978)
 (-0.34688424061179152,0.85573441799186645)
 (-1.7939805277623275,-1.4788593594482076)
 (0.52586823591360554,-1.3689094431727715)
 (0.15897678811683236,0.29608647783548725)
 (-0.87485784853419113,-0.31599562144330617)
 (0.8203704885616967,-0.49714030157931594)
 (-0.33574300422248915,0.28450833326361202)
 (-0.68872831958807068,-0.39591483940470207)
 (-1.065300918091038,0.23152424189669707)
 (0.037494435735353548,0.40327709565215264)
 (0.18362017636650629,0.30911067936193365)
 (-1.0889209423764554,-0.24458084918505885)
 (-0.08189126772423122,0.83788443742080454)
 (0.15961639420013826,0.27816532887030898)
 (0.16442707310268218,0.98942788537005533)
 (0.51360914993339257,0.86320981022702381)
 (-2.1475786350978594,-1.0489725094010258)
 (-0.31271002655654423,-0.58075527114580305)
 (0.1460110472223981,-1.6249951763779744)
 (-0.26608664253084102,0.92008514735526137)
 (0.0022274885213229845,-0.9506274767624292)
 (-1.17054360666294,-0.43155350786359697)
 (-0.25915161726921077,0.86708849913892783)
 (0.021378950080147896,-0.91396143124369955)
 (-0.72736420704393456,-0.014586071193622041)
 (0.061867152775348794,-0.51091016403434475)
 (0.57355195106395973,0.64909248048736501)
 (0.34550420820227751,0.84837566954918042)
 (-0.85301195047704337,0.82346810026084449)
 (-1.1666472054127364,0.041971420725970043)
 (0.10894294937905877,0.1908360169844763)
 (-1.5854276449167477,0.37722091342346631)
 (-0.44468708169388915,-1.6379234128881008)
 (1.4353525852734088,0.38293020794351795)
 (0.71705847877154927,0.87026089414583696)
 (-0.21912252332604865,0.15958934542272191)
 (-0.62281324661715698,0.57610959929134187)
 (-0.73318595732086322,-0.54183578883078232)
 (-0.61998939145517329,0.28894852152717143)
 (1.170907947966225,0.71295207333413546)
 (1.420072524972025,0.53890413476652288)
 (-1.232836006178317,-0.037069558056886054)
 (-0.95674290702261611,-0.9021933649656908)
 (0.93787649139362039,-1.381356403085537)
 (-1.5038940972219961,0.17788852283130752)
 (-0.58185884753711314,0.028008712073309405)
 (0.76831396534366447,0.40547661637502974)
 (-0.35975081900856298,0.23289948404999994)
 (0.30433993005238619,0.99741762214025376)
 (0.59224324949553686,-0.038197564334550238)
 (-1.4164670753619957,-0.79931773390748651)
 (-0.84980269794216845,0.47803471470937176)
 (-0.49262325411108276,-0.79650638815914998)
 (0.11890017087518823,-1.3238757681907209)
 (-0.41852327923876992,-1.000187961755725)
 (1.4020717104233769,0.19583412369924535)
 (0.035869796677411275,-0.39015731292972922)
 (0.10899493195847737,0.77054462454212191)
 (0.7165190550704259,0.69774327945528358)
