# Created by Octave 8.4.0, Thu Dec 11 09:47:21 2025 IST <gamana@Samsung>
# name: rayl
# type: complex matrix
# rows: 1024
# columns: 1
 (-0.57575594283705644,0.35614537577819044)
 (-0.46385865180846897,-0.76313986417848445)
 (-0.27659638246472473,-0.5793401964197793)
 (0.16779588403519963,0.35663850355603155)
 (-0.3484244598408221,0.20456365137013116)
 (0.79883677412774756,0.99291829977216439)
 (0.88617163449738279,-0.7329824707665914)
 (-1.8144688249274399,-0.34971272904899597)
 (0.37245751624738954,-0.45556274235288852)
 (0.5545575906453033,0.085297352212896582)
 (1.6441484560902468,-0.50757856722287709)
 (0.12263248989058068,0.50343701277783204)
 (0.41428525151702406,-0.71017518495383336)
 (-0.67021999912730723,0.63372333895831301)
 (-0.37255144583038813,-0.91229384526399493)
 (-0.25488745349755676,-0.78573196927357181)
 (0.5227642016271874,-0.73724869570199858)
 (0.15194442475251288,-0.60020683323274282)
 (0.94221936632367453,1.2042963893064915)
 (-0.26402613837659084,-0.13270051469199853)
 (1.0463450005637438,-0.0096030968948200846)
 (0.6027012655069155,-0.32149690809542369)
 (1.9930459164417325,1.8483947455812164)
 (0.58370430586368327,0.11060402914104739)
 (0.97954130311475773,-0.1164998080622473)
 (0.64766005525585923,0.54316288636785381)
 (0.21881401359987737,-0.16379261826273131)
 (0.57223236676027633,0.36001605249213708)
 (0.10735949666237138,0.51126440960378705)
 (0.010023635987553459,0.54428699910238465)
 (0.29339152714004618,0.86667889278500199)
 (0.63340520421657498,0.16947016215447)
 (0.82164036340474733,0.50617537914361832)
 (0.27277341467370747,0.076894654635770068)
 (-0.44440963504515463,0.80964978676027843)
 (-0.43756031757983288,-0.5775923880495879)
 (-1.2813865950897838,-0.53300160216365233)
 (0.92806841247564265,0.014351195593380106)
 (-1.3697563013742982,0.13321521285590043)
 (-0.58185634057512015,-0.2255100279454717)
 (0.64451777186264536,-1.2786733797405383)
 (-0.044383156814771535,0.27867347853613589)
 (0.87207307539613188,-0.84594997896406166)
 (0.35906793516236457,-0.095660738708604531)
 (-1.4876001840147945,-0.1430841259502672)
 (0.88741131566355813,0.61595305123714206)
 (1.5743495838275976,0.93044880067267244)
 (0.28891994350774208,1.7025470929112132)
 (-0.20932544803569339,-0.12809551936975097)
 (-0.38706175743518445,-0.48827650108731802)
 (0.6801397395221912,-0.93316969998121702)
 (-0.091799030449281269,-0.23434364104316258)
 (1.2867988518579243,1.0620684369573725)
 (0.2586873550213673,-1.1511910197700366)
 (0.6480725904818494,-0.15223898135796848)
 (-0.64765757072530261,0.36002515372644217)
 (0.57623782630035181,-0.083394020097834198)
 (0.27264006371335031,1.0950435940499084)
 (0.82840885220201332,0.78391360303438973)
 (-0.78913899589781777,0.21605944421025092)
 (-0.42312492078369357,0.022276547353174581)
 (-0.11577160783278261,-0.20505562200862021)
 (-0.120223652498303,0.55452961209512708)
 (-0.82590020636051165,-0.39409390016659951)
 (0.33747080096019777,1.1181060280421766)
 (-1.1132674255655779,0.063343579522931903)
 (0.12164462037326029,-1.6241201200484259)
 (0.20121220258436454,-0.1363305151320752)
 (-0.61569924949488986,1.2232588285350912)
 (-0.76107030139212861,-0.70076376343237812)
 (-0.23334673730458572,-1.0407937290675591)
 (0.76167095643534033,0.39028685731808505)
 (-0.6959294943094223,1.0149082365009436)
 (0.88164010471398435,-0.55357475424737546)
 (-0.90193475136754364,1.252815388514233)
 (-0.06314192702604729,0.31806901542261357)
 (0.83556090143095707,-0.47767963044279038)
 (0.43388725593116656,0.48251455046397479)
 (0.42076261941802728,0.071728939512406553)
 (-1.2901474470313317,0.29274321451421731)
 (0.16813541002814303,1.8180155123421944)
 (-1.3202327296079055,0.58922083507462486)
 (0.28619873522128703,0.80096327068111595)
 (-0.1267482249932004,0.44918257718738752)
 (-0.18247310409338782,0.58291932884010333)
 (0.75697157129140979,-0.10216661485523448)
 (-0.49978640124475793,0.1047661228557665)
 (1.1072879703192877,1.0051582666501229)
 (-1.108735645569316,-0.70532459118816926)
 (-0.091988338556951765,-0.44838998560030685)
 (-0.41358399945137192,-0.57055481308913936)
 (0.61436751273866519,-0.052784510157157627)
 (1.1339803023320689,0.80013614732632554)
 (0.23988589825880033,0.15426169988818164)
 (-0.37797355359339752,-0.72127750367005428)
 (-1.078249401890311,-0.2763241306313477)
 (-0.52390407846081732,-1.2547846843891999)
 (1.1868891709609386,-1.1553403662243329)
 (-0.67949616458803808,-1.2971623870848026)
 (0.59191272608840795,-0.14247139249948526)
 (-0.20622474971767799,0.68594124746492202)
 (1.5468135684686524,0.013066077696435863)
 (-0.82446839263915839,-0.54966977630397584)
 (0.42229068332055075,-1.3239432149544248)
 (1.0687129267657132,0.34415532313102049)
 (-0.13095540005713491,0.53751462276147322)
 (0.094972243184987371,-0.60198859468584631)
 (-0.66528322392370931,-0.79219557293699128)
 (-0.19720148511515651,-0.1227037080743789)
 (0.46519298047010643,0.59359299822793055)
 (1.4146678197997113,0.12621574712537542)
 (0.3013956948442531,-0.24977888169609383)
 (-0.3240251971102921,-0.78423406747180513)
 (0.1526358249005097,-0.99719488680490809)
 (0.57100144786114004,-0.41704133572706131)
 (-0.21044629722373864,1.2512884530370234)
 (0.16410249129200088,-0.36809680798222094)
 (-0.15425529588603282,-0.6256880127419967)
 (-0.43430012022825892,-0.33890610369236507)
 (-1.2926239308775895,-0.073029050774013449)
 (0.076203002464181768,1.1391429342497947)
 (0.30755854152898449,-0.072349441966652703)
 (-0.32944773167017649,-0.65122095639673383)
 (-0.94977612919034604,-0.16688578798064857)
 (-0.48582314319261977,0.68123737288260766)
 (0.25846637869044675,0.33087400110304865)
 (-0.22307654073433608,1.1029039118188506)
 (-0.46590851334248978,-1.3085091301890075)
 (-0.060328066094644694,-1.27697805428418)
 (-0.014105837758037532,0.69842670441416566)
 (-0.44658594676998037,0.53194398061040582)
 (-0.87500009027577497,-0.47575037751010718)
 (-0.17412337531212269,-0.98007361637426516)
 (-0.083984354537239847,1.224536929707617)
 (-0.70561588484428828,0.028847780210725649)
 (-1.1448107642035048,-0.73885463570845045)
 (1.2842885129406683,-0.77929838455365008)
 (1.3414870697659842,-0.52426885951788949)
 (0.35136534743906106,1.1210939686549803)
 (0.36552895873229785,-0.38042264108530344)
 (0.61911283503044212,-0.27074972996924485)
 (-1.3355888874528266,0.52327604003779826)
 (0.63620005161972248,-0.081718707404963897)
 (-1.6744316941920223,-0.29814115699963728)
 (-0.84145848056934636,1.95399513137296)
 (-0.13398777228647893,0.23181396648997157)
 (-0.17485138621378582,-0.74398925529960103)
 (-0.69449427611553483,-0.24899439246439506)
 (-1.2830341646155645,-0.0097777734645423386)
 (-1.5576153498351506,-0.98506292534192474)
 (0.20715338166275432,-1.3973317635567919)
 (1.7179731091248458,0.46209163402423048)
 (0.16334968869491179,1.1192683800134806)
 (-0.12737115172584759,-0.017603695589748121)
 (0.5785580062832052,-0.40285446745076448)
 (-1.9638339536777443,0.32671201765257307)
 (0.3041777194727055,-0.28852392613263472)
 (-0.021090390378513013,1.2141331701881675)
 (0.47247079448530099,0.28049769000558072)
 (-0.83275812148937522,-0.88712252144039916)
 (-1.2336217947536641,0.9712550577522715)
 (-0.63476867623724431,0.55935660840963031)
 (0.14614157556742563,-0.64303625456888591)
 (-0.081028436871766807,0.46917959090193889)
 (-0.78381870026984113,0.13694521731699677)
 (1.1856350720793305,1.1770894419041258)
 (-0.065454922707187557,-1.6959388495387606)
 (0.41611727837944401,0.3735610593767571)
 (0.080172218554291685,0.75375030235081131)
 (0.66501239952837254,-0.50246577362548472)
 (-0.18811689143703167,-0.30435496468031875)
 (-0.92489655410474236,0.14322878220879198)
 (-0.49833871888042008,0.37026734621041973)
 (0.41614852366012522,-0.05771536764992205)
 (-0.30114716976155331,-0.14162483591745467)
 (0.54578688847640378,-0.89464527913285552)
 (0.16491773285153644,-0.80686119248752475)
 (-0.063876429420397396,-0.8935239116189877)
 (-0.96514955559063798,0.39145012989831729)
 (-1.240229703871611,0.58576708247911369)
