# Created by Octave 8.4.0, Thu Dec 11 09:47:21 2025 IST <gamana@Samsung>
# name: rician
# type: complex matrix
# rows: 1024
# columns: 1
 (0.77061874081302284,-0.65705309412072566)
 (-1.0319956792662102,-0.42380003895430651)
 (0.79844422664744852,0.53961133844680775)
 (-0.25936653820686761,-1.4795242926825365)
 (1.1122323820707569,-1.0381455303898059)
 (0.41782120757048968,-0.9500422867923024)
 (0.70088545047158601,-0.5588056676078994)
 (-1.1557992385605165,0.85009483225794225)
 (1.1516879680839189,0.68571406179461758)
 (-1.1212760343640404,-0.40695996719280647)
 (-0.73051745492569353,-0.95139920267112565)
 (-0.4656326032753848,-0.60551458705912897)
 (-0.17904667086135984,0.50913867162364401)
 (-0.95218808688942258,0.94396566720240838)
 (-1.0281572444679448,-0.2212818542595219)
 (-1.1237318555624447,-0.55346456860758342)
 (-0.42924013359012825,0.38874734757009133)
 (-0.31493510230752486,0.19922079102821924)
 (-0.54396625730493176,-0.24962072571311694)
 (1.5139923825442909,-0.59385228038175475)
 (-0.58329006397210015,1.1775483898868486)
 (0.57173700043628495,-0.75806253460120265)
 (-0.33681778247253885,0.97021950136269641)
 (0.34344539908117233,-1.2172415962155738)
 (0.76900305287169668,0.84488713202722532)
 (0.52496526513226893,0.85885030404121143)
 (0.52699841335599218,-0.45298464940354999)
 (-0.49800171591380643,0.21909971810988776)
 (0.5451144284074747,-1.0552998164010701)
 (0.59873688078734899,-0.34953323197983643)
 (0.11782687595564614,0.22775252949238464)
 (0.4467328413629017,0.35637150593025346)
 (1.1675032095508737,1.0446799323174119)
 (0.55798638918758481,0.6048550641752356)
 (0.632455044330966,0.19812956322654435)
 (-0.41497456228910024,0.46219739558246131)
 (-0.40639487742811509,-0.82124221141048415)
 (0.67560333997938526,-0.11012019945201273)
 (0.37244301678172426,-0.84725071851056555)
 (0.98367407768680215,-0.18735860299966556)
 (0.78646010013605205,-0.49100490100177119)
 (-0.35662029391925015,-0.17694503099468145)
 (0.57484643393466095,0.68288163039091476)
 (-0.44339269245835972,-0.53241795965515226)
 (-1.0380619983095423,0.13353457114675299)
 (-0.63884095688654274,-0.53614383968010038)
 (-0.7501352132672946,0.5210939907634301)
 (0.36681293453040364,-0.71815103892720455)
 (0.59691329002020377,-0.71190094644559621)
 (0.96931055028972035,-0.61887750849798784)
 (0.72763589323304267,1.0238687218041533)
 (0.84747920580056713,0.36043328153931148)
 (0.28129674318988851,0.12058098582415919)
 (0.35394513060278499,-0.040173532551428803)
 (0.2198742621026627,-0.78271896824792886)
 (0.70481270226150572,0.46814616763489802)
 (0.57316267990239045,0.16453418171381076)
 (-0.5497350043427498,0.742146195051403)
 (0.31680211894893678,-0.15981420977144667)
 (0.36250975354339543,-0.44029040686223209)
 (-1.2871081085157061,-0.43458148135248298)
 (-0.42407792609892919,0.92528075665393206)
 (-0.070241625076915018,-0.1667625914012813)
 (-0.82374719640943983,1.1418311089963933)
 (0.71447591081336526,0.11590983496888074)
 (0.29514411554635611,-1.0491382587387195)
 (0.60394119209760166,-0.74292380395392499)
 (0.8981787302580162,-0.28097560538904404)
 (0.55923561660540078,1.0849936096500996)
 (0.73534308520470915,0.50784958854633655)
 (0.72333688997745216,0.0046576906293150366)
 (0.51094034533201782,-0.39499405285704714)
 (-0.87925332740832463,-1.1801284297898169)
 (0.40013029295254571,-1.0116793315329848)
 (-0.35156485644185353,-0.22546690369362232)
 (0.83602386391958705,-0.44978851290257416)
 (-0.41344918741037862,-0.47206587678637912)
 (-0.72274587901103016,-0.54030981059226768)
 (-1.0302178241388149,-0.75187289689467529)
 (-0.46262749042659684,-0.92883637354592463)
 (-1.5093814485237549,0.1322198003026015)
 (-0.24380573058723964,0.88394060266313002)
 (-0.83788810690193571,-0.93786863563397982)
 (-0.60506943751325948,1.0345288145628695)
 (0.84711651555804712,-0.68050982470354837)
 (-0.50478145456578116,-0.52660126157989628)
 (0.33694682993188907,-0.60154725150732857)
 (0.55000406411756464,-0.89568464090412359)
 (0.48604870131267885,0.022209484140485264)
 (0.89498467433044115,-0.71106852899629314)
 (0.11721557611943918,-0.23510127915706858)
 (-0.41019199036025111,0.70261374345373295)
 (1.2249352964908624,-0.070121369969610825)
 (0.77631656311322461,0.46438227126401743)
 (0.38180951468841828,0.61122493772352082)
 (0.4702480860018593,-0.24719014837136688)
 (1.1287772203977204,-0.23529581825095075)
 (-0.43783969068262046,0.67095922369127803)
 (-0.88357421877138698,0.74017601002181344)
 (-0.54994615462464647,0.82140467857022292)
 (-0.96184238907416075,1.3536848173467262)
 (-0.24895801817751123,0.29512128554878087)
 (0.33549834310572768,-0.61321951873381886)
 (-0.17072773181756296,-0.86019842754624432)
 (-0.62858870182712578,0.022311946325655696)
 (1.0297406202306822,1.0880529457955217)
 (0.92864448141461053,-0.9296663824222976)
 (0.73498101427483409,1.0353628438935087)
 (-0.014846960273296017,-1.1056773724173388)
 (0.43671711440388733,-0.76999820985418355)
 (-0.0055608281010485205,1.2977651242767965)
 (0.63567611056569584,-0.93777233234840729)
 (-0.33917159586209489,0.51882407704669964)
 (0.52714569966682556,0.7846663400678433)
 (-0.32853281100513049,0.48575549744543994)
 (-0.53871120630054703,-0.27783653312029266)
 (-1.0839007872924367,-0.92387978947785832)
 (0.59049361671700373,-0.72330359574340608)
 (-0.010056223904247097,0.89544667806794576)
 (0.22650299849186373,-1.0562269231135177)
 (0.40059955192900654,0.82167664270293417)
 (-0.91175189438183946,0.0336272173416719)
 (0.10127635592192585,-0.95851904819450673)
 (0.23698636631805783,0.68109990196867554)
 (0.25950088330337479,-0.73959688163633919)
 (-0.026226150847205976,-0.82256066280068096)
 (0.66448190761570303,-1.0012236745236227)
 (0.66283744806147848,0.43601887070395695)
 (0.72125659229872696,-0.93942966976742881)
 (-1.3511289773583379,-0.481631615970814)
 (0.40186740717547553,0.24922698053620193)
 (-0.56578007132791552,-0.43978178955045805)
 (0.57963868738910929,-0.67475887827213787)
 (0.83234604695030789,-0.72299364067661731)
 (0.77857460346528884,-0.881275342096974)
 (0.48566560215852811,-0.58041498561914273)
 (-0.12816179841017278,0.95767561525462841)
 (-0.16884424083293254,0.14319374987655981)
 (-0.84285880539403557,0.59699552038217507)
 (0.62556403418961359,-1.3816849447337116)
 (0.72362551341574721,-0.44594348818480545)
 (-1.3537126790610046,-0.51144817072537485)
 (-0.85517108104254924,-0.064956995790487027)
 (0.78244292643615698,0.16854664500252653)
 (-0.88946659015910767,-0.82008464749192611)
 (0.63635551895062681,0.66269956965080923)
 (0.25580899473701707,-0.46215285668884237)
 (-0.098942289240713688,0.30068128895966895)
 (-0.91916958248062541,-0.44512557990802065)
 (-0.24250132712722194,-0.37666285658608567)
 (-0.33391223398847053,0.52688913962207029)
 (0.48585396418208648,-0.31514175306128844)
 (0.51577021228366426,-0.48925859769881125)
 (-0.83624994249326501,-0.69786659776554782)
 (0.87326698900038413,1.2893464796060086)
 (-0.89725751609643645,-0.53800700107587329)
 (-0.79444688099047389,0.18352693725587838)
 (-0.82513476182544376,0.52397656859123043)
 (-0.5701343110857432,0.64892360147043016)
 (0.71086727531541949,-1.0881507115167384)
 (-0.51882179568151743,-0.44447107751451825)
 (-0.48190083335268546,-0.041740070894769665)
 (0.60349582878546726,0.93494839093955417)
 (-0.46657630089570906,-1.223140208215953)
 (0.21133684910196476,-0.71400769302221079)
 (-1.1807001076514692,0.61101777323757656)
 (-0.86786523181444819,-0.66873432280186873)
 (0.45255008542628172,-0.62391314154871147)
 (-0.39672799008491316,0.6141585288721636)
 (-0.18795182069315486,0.98483688515298129)
 (0.27062228598788263,-0.66960904672442778)
 (-0.45190902188854898,0.25563186286936201)
 (1.1903289676070801,0.69649338562270013)
 (-0.90831663849637601,0.66313162949364746)
 (-1.2146219682997885,-0.92549600805462184)
 (-0.63790583963504455,0.38946845083677561)
 (-0.96860740063230799,0.89288802824492519)
 (1.1582706168962993,-0.54196272955477487)
 (-1.0033040302503382,0.62038418390043859)
