# Created by Octave 8.4.0, Thu Dec 11 09:47:21 2025 IST <gamana@Samsung>
# name: awgn20
# type: complex matrix
# rows: 1024
# columns: 1
 (-0.78775683749464842,0.79325506335272067)
 (0.70719849296176618,-0.73653567941715603)
 (0.66266680315316595,0.68921849374293687)
 (-0.63508929199886954,-0.83898893613502679)
 (-0.72580734650992951,-0.69151284924010015)
 (-0.64499642063827023,-0.76130938300801432)
 (0.75323333301552553,0.70204612195382721)
 (0.77233171266374023,0.72536065298175445)
 (0.76430311408325802,0.66671360386834599)
 (-0.76668320016028957,0.71852079233162303)
 (-0.73045635539745357,-0.64025131726347295)
 (-0.6505201324289146,0.7391350702111138)
 (0.76582731939860704,-0.75249812655925907)
 (-0.63388723874976427,0.69762470058144699)
 (0.63584957315137114,0.75045755031192962)
 (0.8420509299127954,-0.7459750329179119)
 (0.66814766097192513,0.59997302559979748)
 (-0.66896223950800016,-0.76204185727795903)
 (0.62230037708620134,-0.83665879650049124)
 (0.66808027396331326,-0.72218237814048225)
 (-0.56740006951339406,0.71908904977773636)
 (-0.74587242512036478,-0.61133508524530833)
 (-0.6228141449737048,-0.68118500497427958)
 (0.82853578226182534,-0.71178780302983058)
 (0.74695959009374846,-0.57365252251689269)
 (-0.63775368009485578,0.76713416251452604)
 (-0.7688400770428504,-0.71414931726530684)
 (-0.72776016422734924,-0.68072069074757657)
 (0.73128130174386086,-0.6767770911168618)
 (0.73555553818900377,-0.7463226592335408)
 (0.85171066206050927,-0.70442595513630579)
 (0.66573719596959469,0.61574100409172861)
 (0.62390258579220903,-0.85755055435073135)
 (0.77548222158309088,0.6115557987816963)
 (0.70581358903781888,-0.68476704623057816)
 (-0.75316831129724282,-0.70549266173775604)
 (0.68459527524132902,-0.80523901842638446)
 (0.74367068916750401,0.68659759146500399)
 (0.78748594528021576,0.82647649821349756)
 (-0.75538324133235868,0.79203392009137652)
 (0.71078654690970622,-0.81679520768114955)
 (-0.747552604855379,-0.74037459609776413)
 (-0.63458929818289578,0.67692411993856905)
 (0.67519344242972978,-0.58653086719676373)
 (-0.8098184853348861,0.84650578936581811)
 (-0.83683867352489316,-0.76629751972607196)
 (0.64924067448783496,-0.74907341457838084)
 (-0.60996881404335723,0.83967158143734744)
 (0.71789931152018183,-0.65838832156804672)
 (0.68246195502366436,0.75915553200051034)
 (0.58918047412640384,0.83139080564641032)
 (-0.71413560881852878,0.72073836132613323)
 (0.65897085263403077,-0.68237203980115357)
 (-0.74529029815892167,-0.73773526864528693)
 (-0.69358491907925712,0.74287932282988756)
 (-0.66839951819304511,0.7155193970745064)
 (0.67491149346264634,0.65074827858673889)
 (0.72643498393228279,0.70244504746512537)
 (0.76979977906820818,0.66997259800607367)
 (0.59482605913541398,-0.68343599150468459)
 (0.6348385334938571,0.66184721883532194)
 (-0.67728722391195506,0.73855696834850093)
 (-0.76331242636965402,-0.73177942248965566)
 (0.76027758925990785,-0.77854824222937546)
 (-0.69486889012297059,-0.68707346087804766)
 (-0.83318469182318455,0.66246473131861605)
 (0.79241559490763691,-0.70223507325343282)
 (0.72623646180467893,-0.79186142424392758)
 (-0.73340162892485816,0.65290678337456376)
 (-0.73962037929855651,-0.54903228409104099)
 (0.69887173287192161,0.7514684692618071)
 (0.77558008602482698,-0.7630074527985875)
 (-0.63048991078293548,0.64268208506106017)
 (-0.66282295778598355,-0.71365411062570383)
 (0.7078899597441638,0.64777320065060129)
 (0.62473742182292391,-0.72373997585387784)
 (-0.59568245024699973,0.77097948321937437)
 (0.62767938450815342,0.75076247012643804)
 (-0.80789125638822257,-0.76648138680004851)
 (0.70137675162040991,-0.67299287160617405)
 (-0.67791910986159953,0.74797233536142871)
 (0.76068805431936015,0.86499429266340089)
 (0.65265911921223341,0.63962416423975998)
 (0.71540878247815698,-0.71261870135866889)
 (-0.62243955246234495,-0.79106576191417188)
 (-0.74499568022382767,0.59117670524807076)
 (-0.60169701736452375,-0.73656175531487167)
 (-0.71621443019768338,-0.68766462583358967)
 (0.80638829105200494,0.58814061499419668)
 (0.67779212328240168,-0.64469624326691077)
 (-0.76985427055160727,0.69432502037018429)
 (-0.79606091221629083,-0.59755910324940009)
 (-0.71970989018528109,0.8408357166681697)
 (-0.75086967072922384,-0.67614934691166606)
 (-0.70906785635146163,0.62560777690036595)
 (-0.69156700683497829,0.65264231522011962)
 (0.74422273130840078,-0.76169809445134939)
 (0.59802559003251621,-0.72671873488528416)
 (0.63678656052210902,0.78201068327341261)
 (0.75224580794379459,-0.66359830023151667)
 (-0.75151322182081393,0.69170666691130778)
 (0.78551345383027393,-0.71958384867187641)
 (-0.63257506340104996,0.66030371565076951)
 (0.70800185337556176,0.72241171792058367)
 (-0.76244562962606288,-0.58440799809514099)
 (0.76585777874136451,-0.70080125474069266)
 (0.70242913500765591,0.66825020317020167)
 (0.73303338976212229,0.67725303372894474)
 (-0.79233434535440528,0.77420966487508158)
 (-0.70118755401049926,-0.76734950155777326)
 (0.83822273863693819,0.69852940426004939)
 (-0.75955464897137792,-0.70662202483460457)
 (-0.50949322561854082,-0.69300310903426099)
 (-0.56902941094540738,0.72384941842463546)
 (0.7282269540174815,-0.70647059145761371)
 (-0.67140649437005007,-0.74909385843831355)
 (-0.72711859966343728,0.69624691247171666)
 (0.68136632796709462,0.76867878054906713)
 (-0.65077043403072932,0.7065651450297239)
 (0.74736052207471215,0.79155812389057112)
 (0.64505299955267636,0.7371249755398559)
 (0.76869036051142992,0.62414368707454881)
 (-0.63753269458844819,-0.82159628507831384)
 (-0.7768715025776568,-0.67120595388091087)
 (-0.78339394161676124,0.71856259819205737)
 (-0.63783308589453636,-0.6731539314113103)
 (-0.73995919400030952,-0.56340777915233953)
 (-0.55947453157743421,0.71854114917087741)
 (0.73423748127230992,-0.77573935353827239)
 (0.65156664323088243,-0.63538952707684571)
 (0.78509162951049838,0.64045469303663338)
 (0.68545291635723882,-0.65402570811394922)
 (0.7581436114164104,-0.61566865652638803)
 (-0.74943483710661229,0.67512885116051435)
 (-0.62548626839347654,0.71724537854288073)
 (-0.65040032630096456,-0.75905949710155873)
 (-0.84418915407680517,-0.77571923486239769)
 (-0.66681106755627595,-0.77467722145274653)
 (-0.84277955327138332,0.79147664205843005)
 (-0.74967508375075709,-0.74312655471104772)
 (0.60484348223434847,0.75413755768795565)
 (0.72778810838601027,-0.69634609036994988)
 (-0.7114115318429739,0.69047493221182143)
 (-0.74577783082386395,0.68071889978694777)
 (-0.72252051758080249,0.74790521843979774)
 (0.54607897049647258,-0.78239959543260862)
 (0.7134292446164654,0.67130794614072165)
 (0.77179228496808028,-0.70467325814291903)
 (-0.75211418395851903,0.72654671283995154)
 (-0.89096949593270824,-0.66677731622565395)
 (-0.78838623406624186,-0.67996018728037533)
 (-0.84814943196117232,0.65219397429581993)
 (-0.75180012957342113,-0.66165138966743731)
 (0.74526864327573428,-0.75374170675411167)
 (-0.68806774794399117,-0.65961449152065998)
 (0.63196148688245124,-0.70317604092678854)
 (0.75292007297686492,-0.75711020852264055)
 (0.65973217770890757,-0.62698626432736337)
 (0.75866724314289691,-0.663718171891304)
 (-0.73546334317289852,0.66091888880140859)
 (-0.72903523005161164,-0.72522528194946134)
 (0.79892577684472765,0.75328047790873298)
 (-0.75706499901470892,0.7366875660947575)
 (0.73660693844963765,-0.72516694454017372)
 (-0.73843354003070072,-0.63985405272867335)
 (0.61123279779468986,0.67664751050047944)
 (0.76381560754773581,0.68743983242569695)
 (-0.74738584544803621,0.75112076496694447)
 (-0.75368683671786463,0.61116991217587624)
 (-0.83239966452625258,-0.59242703954456366)
 (0.88242726216782807,0.68298162788531458)
 (-0.81264244635868033,0.6569533333485299)
 (0.70711489958934648,-0.75416471817798869)
 (-0.68410590731178078,0.74163417293406775)
 (0.62698092438950592,-0.60568424102083751)
 (0.66479782816686528,-0.67371125298623102)
 (0.72973115518505027,-0.70784278969236503)
 (-0.79607861874307162,-0.75895525967010169)
 (-0.66346666581963276,-0.48491037799796305)
