# Created by Octave 8.4.0, Thu Dec 11 09:47:21 2025 IST <gamana@Samsung>
# name: awgn20
# type: complex matrix
# rows: 1024
# columns: 1
 (0.67335308618376244,-0.712395362579751)
 (0.62194921728770403,-0.67937693927476484)
 (0.73444757268001193,0.79275808414026938)
 (-0.67949555369396475,0.60122333651086823)
 (0.667010352702469,0.8012798790284974)
 (-0.78735137150257373,-0.65458085114244979)
 (-0.69181868171327665,0.85402704776458638)
 (0.74464157018893684,-0.86179474899699982)
 (-0.72679787558659237,-0.75671578041911558)
 (0.76937663312890436,0.71306029391851711)
 (-0.63051125829570864,0.84647486289910923)
 (0.65989411215766147,0.75487548110860714)
 (-0.79810686557148636,0.74152787613927185)
 (-0.60693844647838291,-0.69427002192369558)
 (-0.79724402985302967,0.77891825833422701)
 (0.61097671108479923,0.70662585753671669)
 (0.73245004784113554,-0.62104458227249038)
 (0.7820198462386363,0.7536391314315235)
 (0.7044909136247004,-0.75049979128082223)
 (-0.71947746548564728,-0.68258302487345324)
 (-0.77076741143305472,-0.66703297983423016)
 (0.73685286359276247,-0.66796608942169089)
 (0.76632162347010535,0.82838322186013125)
 (0.60623346761939456,0.63095131613291766)
 (0.72634371387842167,-0.6766908605225912)
 (-0.6954760804965554,0.69772403073317457)
 (0.63496881271583039,0.65976064573577031)
 (-0.66458676354300994,-0.6827687053493412)
 (0.82418828203246441,-0.76430325597816573)
 (-0.70475180924477487,-0.73454783423357495)
 (-0.51089149383901389,0.72724575533033486)
 (0.66588872590675741,-0.75231362252228229)
 (-0.70315620426322878,-0.59163241194136063)
 (-0.66063193695694855,-0.67766053045974683)
 (0.75785333616796746,-0.64902568553310336)
 (-0.5713162246663519,0.66803126436458826)
 (0.66326296819461483,-0.80407308699544833)
 (-0.65013363499496546,0.62514571530186225)
 (0.74200476800238502,-0.77802047299468424)
 (-0.65761013293915171,-0.64241391793214642)
 (-0.65849863946863074,0.74237061639030699)
 (-0.73284200022169632,0.64263311063012207)
 (-0.69325616498940534,0.7190946790755034)
 (0.6456125814539897,-0.76692998416662272)
 (-0.83039384250362702,-0.73987556789591036)
 (-0.58256144898526285,-0.69306585911189256)
 (0.69681345975421771,-0.73761093412099787)
 (0.70218654847332229,0.73002611905336035)
 (0.86010615880534125,0.68935120776771586)
 (-0.74448652861644138,0.74954260853696353)
 (0.86015325561641698,0.75753162984026701)
 (-0.67295455004954652,-0.62014873725388475)
 (-0.55855308852658103,-0.72301790678906785)
 (-0.6732331146989341,0.8217975047359849)
 (0.72208468043861462,0.75015194214963454)
 (0.70143784476499416,-0.65489306976656592)
 (0.67830604186791288,0.75752639774733055)
 (-0.666245771163541,-0.71148592311295256)
 (-0.79851301375685191,-0.60539810088452295)
 (0.70161634099437853,0.70608617024930553)
 (-0.76249671751862524,0.76122361514204118)
 (-0.66074441324699351,0.65340435218806703)
 (0.53570276999640021,0.78813488447712188)
 (-0.78609169244371424,0.74207166868594898)
 (-0.73465044784418831,-0.75990566425879269)
 (0.81920941223501076,0.72360587537072341)
 (-0.65522003960185804,-0.61872974735407615)
 (0.65091677298542161,0.77704352669160082)
 (0.65584777883540635,-0.64416295760061337)
 (0.70589708943420248,-0.73947134564153105)
 (-0.66618173347674292,-0.67242583281701895)
 (0.71518986813051966,0.79668852002684309)
 (0.83303835298299811,0.61255011826828598)
 (-0.72356018799155231,-0.76861875621019171)
 (-0.74307272989438311,-0.70196915780128599)
 (-0.67087857382644045,0.73194799732881621)
 (-0.7881913444175751,-0.65368754779620875)
 (-0.81363506349806802,-0.67203574387105447)
 (0.73893840639735697,-0.7149207902387722)
 (0.74932457525096741,-0.74276249815637829)
 (-0.74351158685929419,-0.81087569051301345)
 (-0.85292195277953775,-0.47592622018402653)
 (-0.58317487115084565,0.65537605846608959)
 (-0.70386013785079438,-0.62712473564877147)
 (-0.76888744192805625,0.76609171675460053)
 (-0.6790926018141844,-0.74541109650692061)
 (-0.79591852306110944,0.60467300767488097)
 (0.72923435845565676,-0.65858260854117046)
 (-0.66270305290120102,0.70010546537765905)
 (-0.76724563486983755,-0.78272626582014393)
 (0.74114926451837104,-0.78935945348132353)
 (0.70396778430124918,0.70858724377430882)
 (-0.77621597110971141,0.60641953292928996)
 (-0.6712013737347331,0.76419207589948446)
 (-0.68563478960952395,0.80600286893502116)
 (0.71005421885028697,0.66550292137367573)
 (0.63914416872582658,0.71729839074517898)
 (0.66933128497368033,-0.67750194168875055)
 (0.58435344164790259,0.75620802862738123)
 (0.61392217960509465,0.65005872169286583)
 (0.61986336874572423,0.6989987360655332)
 (0.71280822001745059,-0.73904899770152477)
 (-0.7482824530953508,-0.62103361634441556)
 (-0.73677162103775184,0.68693135538748995)
 (-0.64412464209072839,0.7613390385281299)
 (-0.60336256977758551,0.68237362409495883)
 (-0.75501261810809162,0.69722404715283703)
 (0.73213325319590661,-0.72506487467414171)
 (-0.83386296407411242,-0.63839360262408862)
 (-0.6522554075622079,0.77390351169828309)
 (0.72826173546695383,0.83635809719884047)
 (-0.78788107158912513,0.77502728175213575)
 (0.6537441364766674,0.62634643597358464)
 (-0.71850504200712517,-0.71798933795408093)
 (0.85074158663075905,0.64339854221639792)
 (-0.72759793612144996,-0.72584983782552437)
 (0.78981397085392246,-0.68569614974020587)
 (0.80176190288611715,0.69261311337876375)
 (0.65484142684898183,0.69904764346038328)
 (0.80650216295705268,-0.70952768293239321)
 (0.69259734039532383,0.73172126540902138)
 (-0.7377014110289023,-0.69638361039419194)
 (0.72422132016054852,-0.74298551442643435)
 (0.75652073886565274,-0.51323334653715147)
 (-0.74705780881928918,0.70081828065676044)
 (-0.74444547912914016,0.79264868509873576)
 (0.5762671817468048,-0.74267214527561598)
 (-0.65265463027540771,0.83204726597509737)
 (0.73911886932426507,-0.79433298204211411)
 (0.65137630779328481,0.71573177419737233)
 (0.76110528650623432,0.82028012814043738)
 (0.82064284060055237,-0.73093806772131154)
 (0.59283369048413415,0.72499915456416841)
 (0.65093304417239095,0.85051666609410403)
 (0.75864111560500902,-0.75601246645285414)
 (-0.64611437809022598,-0.66990169410635092)
 (-0.76645510167988484,-0.65019355295566283)
 (-0.75237580356730094,-0.71140719512189499)
 (0.78861632313506491,0.694259332726338)
 (-0.75437123454091215,0.73427505381196123)
 (-0.79739152553462422,0.75865416973284083)
 (0.7616841793158875,-0.71282585010135391)
 (-0.74424944624592571,-0.67406654622277573)
 (-0.80578683932149542,-0.84193922253670817)
 (-0.65257294066553528,-0.80037833791504454)
 (-0.82388284401828726,-0.73867057404194325)
 (-0.7222718641947955,0.64222543184582359)
 (-0.72643374304545438,0.79046058050895884)
 (0.72568335793853078,-0.82174157018170368)
 (0.8140376646400328,-0.79498311326617355)
 (0.58281801935782407,0.75028331065510223)
 (-0.72706751535238812,0.68962885075247526)
 (-0.66313970092433594,0.7147651628687095)
 (-0.72367497549108339,0.71642027151679322)
 (0.6038218889175534,0.76384059948935767)
 (-0.70506059453106296,-0.69703426637726507)
 (-0.74850060026359488,0.64955337895386389)
 (0.80926528984143475,-0.71033888314757443)
 (-0.6970101124821243,0.68722571038669167)
 (-0.68513712170904018,-0.6774967306358316)
 (0.71605141752455614,0.73411893884106227)
 (0.59135410829155521,0.88414334982830389)
 (-0.75919487405190655,-0.62603010831923733)
 (0.72844573972281723,-0.70088915755311854)
 (0.62529503396580088,-0.66437080929157766)
 (-0.71062395952346002,0.69534669788648251)
 (-0.68076307107807554,0.55197699468017281)
 (-0.69575615700005222,0.6935062007432673)
 (0.74826738739957821,-0.74531546297754525)
 (0.69958496971736661,-0.73141296844924186)
 (-0.6586822624313754,-0.74680732201307765)
 (0.66610091387902559,-0.71519490380244377)
 (0.81573062858172396,0.63635589609978471)
 (0.79525998420384936,-0.67760336933479071)
 (0.80982072035927,0.61693977567714919)
 (-0.77430053929460962,0.61276275518962831)
 (-0.70287695555989116,0.74763050022357413)
 (-0.68873829113674656,0.68204717704076434)
 (0.6073420469340588,0.75459108475475478)
