# Created by Octave 8.4.0, Thu Dec 11 09:47:21 2025 IST <gamana@Samsung>
# name: awgn20
# type: complex matrix
# rows: 1024
# columns: 1
 (-0.83312241676233434,-0.63588544833007843)
 (-0.71837741778231534,-0.58146173515874555)
 (0.70146016295867464,0.68442161295108694)
 (-0.66741983952530504,-0.65889802310299217)
 (-0.62744776702891469,-0.85125102880382819)
 (-0.65961404642352806,-0.71002426012553232)
 (0.71833477576344507,0.70577135994018558)
 (-0.6682467910370774,0.55140731392182363)
 (0.59193392330150596,0.78973736135381944)
 (-0.75891049387430354,0.63927328054126753)
 (0.7465395284154186,-0.75493273572327679)
 (0.65433761151660974,0.70984619962884743)
 (-0.72319915629103826,0.67195129237231799)
 (0.84903913106607942,-0.597590436175645)
 (0.71950379937806552,-0.73503758072682157)
 (-0.6623270017493279,0.90112644693763055)
 (0.65291691275977737,-0.70802238872033518)
 (-0.70337891449971601,-0.82690076772653942)
 (0.65724040281996354,0.73747724426431072)
 (-0.56319813586629919,-0.64043117423462037)
 (0.65087826945894256,0.66852305124769107)
 (0.74204412108300732,0.64495870524236942)
 (-0.74475315694550193,0.72914507090026193)
 (0.67377086870121317,0.74906512712553641)
 (0.72573488089468863,0.65128677322297002)
 (0.81993125101470332,-0.78179351265114005)
 (-0.65181771307069802,-0.70016815750320605)
 (0.67545002206083715,-0.58821067944544292)
 (-0.77358633563077561,-0.7653585627559244)
 (0.71963996636163896,0.71236219749598562)
 (0.75671098337652454,-0.67879788579052103)
 (-0.67526952651558558,0.73699679570221743)
 (-0.74403813840638877,-0.59146134572699949)
 (-0.56256341966684342,0.84507349218640593)
 (0.85095064383267527,-0.70025027448939159)
 (0.73392353448701109,-0.76508688833421079)
 (-0.68379667014831202,0.77126445299991175)
 (0.81016786278450503,0.6570184059112576)
 (0.77768313983834059,-0.74933963370851264)
 (0.63370700013030312,-0.68856757895452914)
 (0.77360486469824652,0.86151967699081189)
 (-0.58985395148660513,-0.81656969664672996)
 (-0.73659527875613717,0.72955996373314358)
 (0.63698583380903107,0.64158705948492656)
 (0.70582812902361602,0.77020578934424444)
 (-0.78163107117074948,0.76689440056562641)
 (0.74070826117871824,0.7079150608703435)
 (0.66634319815323884,0.62655998791192713)
 (0.69737078130389307,-0.65234257072319168)
 (-0.71649858881261363,-0.64283971269020479)
 (-0.75261320715018054,0.73051208300522019)
 (-0.77521272361397586,0.78785704379223254)
 (-0.74639462409503909,-0.71417584953709812)
 (0.76757945188406018,-0.63101309493367153)
 (-0.77232384362634088,0.69333453283251134)
 (0.72523135987661358,-0.69234370533541056)
 (-0.63248232344704536,0.75731684746608019)
 (-0.73920163974802566,0.68689447016585892)
 (0.69041966557672607,-0.73418653847812887)
 (-0.75693309370671946,0.74180409418220716)
 (0.60587735868244141,0.69389603166210867)
 (-0.65686941050308856,0.81900083572051818)
 (-0.58676486045571441,-0.70225122736328449)
 (-0.6808371154064411,-0.67776633278487064)
 (-0.64440168209073523,-0.67959817046151816)
 (0.64559399563653941,-0.83365621151255631)
 (-0.69626503911800963,0.76726701423915289)
 (-0.59898641903873506,0.67167821233710456)
 (-0.69551640417628191,-0.76899794227056451)
 (0.76840056598204898,0.69777015717336932)
 (-0.68242183046614591,0.64381690044309747)
 (0.71910214135709893,-0.82696180629099358)
 (-0.84527058977925129,-0.71268553516259514)
 (-0.72285537795510424,0.71288467862043037)
 (-0.66441230821544162,0.76457325696049117)
 (-0.72453294331691021,-0.7484811075887009)
 (0.74014345939616266,-0.60546561378262864)
 (-0.68047469836990238,0.64240956738397359)
 (-0.69549096680681666,-0.6111720494223164)
 (0.67884230030560844,0.80820954883931717)
 (-0.66078502880231427,0.70475336906961639)
 (-0.71919472926117167,-0.7274847120803265)
 (0.62287775940927004,0.67620868645824017)
 (0.83780334376932886,-0.61266473604225413)
 (0.69263932229471115,0.67463346074107888)
 (0.69517703911485995,0.56237549176428614)
 (-0.68028362075822957,-0.692492132388137)
 (0.59860083687256627,-0.59934648205861918)
 (-0.57652077355746334,-0.73978326371043968)
 (0.73289857838719741,0.74974079240514968)
 (0.75144720077845029,-0.67486852973935052)
 (0.67371117587198659,-0.69740694112256829)
 (0.67643092059538423,-0.76225725954582291)
 (0.78792438825291011,-0.70475926417654922)
 (0.76139831844187589,-0.57649252368257176)
 (-0.62313195208017802,0.54962800588014016)
 (-0.74263484255925361,0.72572703622720569)
 (0.79383068812827351,0.59865349242105736)
 (0.71593108223660606,0.71589677556643794)
 (-0.68631289345431623,0.75801572435000986)
 (-0.66377007299362778,-0.58234908622505333)
 (0.67610972931648883,0.66331668413818934)
 (-0.63253439832877545,-0.68006832458149724)
 (0.61439125703904185,0.67623174899507632)
 (-0.64640907343429677,0.6352898518236767)
 (-0.7228577960303425,0.7253399281069397)
 (0.72488655487455045,-0.8120193630329573)
 (-0.66077516380761259,-0.71615253786009947)
 (0.63338995700515566,0.75480429724788078)
 (0.77050847653706889,-0.80283673795926536)
 (0.59511910961966341,-0.65842087882112288)
 (0.81017431560418074,-0.66192021254195854)
 (-0.65346117676901139,0.51391146486273231)
 (-0.66027788049494029,-0.58653782125957599)
 (0.505912157175336,0.70605025206180827)
 (-0.60277933889702306,0.80190822454878896)
 (-0.71636111605885777,-0.72707754193736129)
 (-0.84599388106393314,0.67505800965227558)
 (-0.75625314068803151,-0.78857223695458623)
 (-0.76434788513374663,0.90203860572944161)
 (0.61936515599965958,-0.64707513392877347)
 (-0.77357908834733047,-0.64348631062808082)
 (-0.78874947361266423,-0.81863155408114541)
 (-0.72131274798922784,0.81213852232171413)
 (0.64193425510539326,0.81855699641234669)
 (0.58351462277091193,-0.78072449864320281)
 (0.62661167007095142,0.71227446526114091)
 (-0.59922082855519465,0.75076523292499531)
 (-0.6762615383399625,-0.78572979252841357)
 (0.67882352352924669,-0.65776877599030115)
 (-0.73996565128227665,-0.76059535007223877)
 (0.72246894526127259,0.76199263327255262)
 (-0.69265084646500286,-0.69217890270522819)
 (0.7585626800064873,0.62227724578274002)
 (0.72578854663247194,-0.74931698189115126)
 (0.8089123097500257,0.78446124209382018)
 (0.76119042963806283,0.78605639869381105)
 (-0.81229001862290351,-0.77756039939821009)
 (0.62139925522717365,-0.56191477863628891)
 (-0.70051865617563269,0.73705834579585594)
 (0.69531270154749802,0.63886100447688277)
 (-0.67783437718532513,-0.79966589743183358)
 (-0.86268112560543919,0.64320732745942744)
 (-0.52526903353459609,-0.71520420376547711)
 (0.74350344094563781,-0.7057285690763847)
 (-0.76897627556307879,0.69081485700633682)
 (0.58139780797016005,-0.75089527835335035)
 (0.73189265028316519,0.60268398826711123)
 (0.61640203183547271,-0.70030574418277736)
 (-0.66811682353357826,-0.74008742221973156)
 (0.62535446034413533,0.63270531006197894)
 (0.67273975477522163,-0.84717376504511976)
 (0.65649553302972197,0.63252493089864437)
 (0.74627879610701953,-0.66851760256742621)
 (0.60430876785723375,-0.78739853412881733)
 (-0.59680735189439971,0.5257385334894934)
 (-0.58102486943531795,-0.72002743668031988)
 (0.73791831800381247,-0.81290540056742966)
 (-0.74730682420958405,-0.63034463089625326)
 (-0.72502233089004731,0.67767047461951169)
 (0.72422767976910829,0.69001964288690409)
 (0.63062861436795059,0.59055550515451194)
 (0.67550989593844313,-0.72905816487478747)
 (0.85190831307442794,0.69897811474615201)
 (0.70018196397791421,0.75823434202120987)
 (-0.63351049857107244,0.72973588148487756)
 (-0.69313103994596337,0.67280448014447247)
 (-0.75272361468643645,0.73157995969536249)
 (0.6851347069570578,0.74133300126893675)
 (-0.75433336151727814,0.64471643717930993)
 (-0.77743654752280378,-0.6492161831119434)
 (-0.76201420122510344,-0.70745112229733442)
 (-0.82675340200954106,-0.6405567314063898)
 (0.66374373786113483,-0.68556725976282851)
 (-0.844327980323064,-0.72839746398064287)
 (0.77142602020104234,0.67053706108729205)
 (0.69886482393879557,-0.59550234619008469)
 (-0.73079911569984546,-0.60766226250284616)
 (-0.76058894997226867,-0.69094564445477857)
