# Created by Octave 8.4.0, Thu Dec 11 09:47:21 2025 IST <gamana@Samsung>
# name: awgn20
# type: complex matrix
# rows: 1024
# columns: 1
 (0.75327922068727271,0.62982428624248699)
 (-0.58061123679548943,-0.68301199943784829)
 (0.69150823209613177,0.7664222154319662)
 (-0.82736658374989358,-0.75770754498463933)
 (0.63329502982672914,0.56639043071438788)
 (0.71587609022872833,0.81780669902902681)
 (0.71295883759367562,-0.74326711019205982)
 (-0.67368913927345564,0.69163393012060226)
 (-0.80801575852674812,0.76233814170289638)
 (0.67765899592771062,0.73625883872108544)
 (0.66962628776841548,0.75666931212957222)
 (0.63825774289475845,0.67763000435761678)
 (0.71107399503226565,-0.74843431986850217)
 (-0.72811394368741666,0.73690770507573622)
 (0.8286743262559837,-0.73586607790274217)
 (-0.74629662149903186,0.55989227527791063)
 (0.74210264144268734,0.73125320738650645)
 (-0.78358809076272584,-0.73273283304373205)
 (-0.76863326343813554,0.61757710113409126)
 (0.86475631333294722,-0.83381222450488079)
 (0.71653605290919242,0.68992160936957292)
 (-0.73744792805621062,-0.82372635946752293)
 (0.75638240977073357,-0.68850568449049343)
 (-0.50202853130826963,0.7480280103933874)
 (0.74032534162117314,-0.7930601071449177)
 (-0.56394963114292485,-0.62968253531521723)
 (-0.80455766060898726,-0.62232747591463911)
 (0.59085285915791919,-0.74119471214044008)
 (0.74782005226455361,-0.75863891234536052)
 (0.715560034506876,-0.84724153093716592)
 (0.54158525291597281,-0.56557460671192727)
 (-0.65662271605741218,0.53676898902376147)
 (0.67698612329400754,0.6329625087620363)
 (-0.76849140945854433,-0.78991465947915129)
 (-0.72640080402146123,-0.62030481113747771)
 (0.68723159967783365,0.61845421365806941)
 (-0.80138544273795398,-0.67063531728695813)
 (0.73546841215564607,-0.66565379682996539)
 (-0.69357382054621131,-0.69193918952557798)
 (0.74538545069379358,0.738184341845879)
 (-0.68280422977370947,-0.73947404938714267)
 (0.77005854558395415,-0.60028775449043748)
 (0.6783966118254362,-0.66311190839945011)
 (0.63562991472734698,-0.7893142059395013)
 (0.67122101627781616,-0.69015000934479109)
 (-0.79558326324977136,-0.68809633585017971)
 (-0.87461088786419394,-0.65842998557584442)
 (-0.71113621109445535,0.60446167962076791)
 (0.67021527796403213,0.67192688365278652)
 (0.57749395122795388,0.65286371646404506)
 (0.79447919482093499,-0.66124578910634335)
 (-0.69468488907186643,-0.80591212635227971)
 (0.71705136541127068,-0.72877829349567669)
 (-0.68630060646972302,0.82171454214871387)
 (0.71722385830538493,-0.69138066206668203)
 (-0.80499587034033171,-0.73353742297050928)
 (-0.62782783840666634,-0.6209346539066265)
 (0.69778326472441687,-0.77715423726854316)
 (0.69001149264855877,0.78019646142771226)
 (0.75111640102356414,-0.79206893072533413)
 (-0.62389701968645206,0.81306362006600075)
 (0.84944268110066978,0.69291518507634264)
 (-0.77430199808127242,0.72280822970070402)
 (0.59122894662108605,0.64209049909180671)
 (-0.75681727953482003,0.78320381436353703)
 (0.790960664008866,0.7380464572040617)
 (-0.70680552376685657,0.67326834141195957)
 (-0.64155644677854529,0.70153380185172753)
 (0.68763610940214825,-0.78650565309047071)
 (0.71032550940017236,-0.65281326640753801)
 (0.75277356654621752,-0.66078697912399675)
 (-0.71699787346438182,0.74178546897971442)
 (-0.57705976333669362,0.84855560299078392)
 (-0.74247677237966081,0.6647532157537116)
 (-0.79557985825833688,0.68296568786464718)
 (-0.80481575224452506,-0.65845817330710099)
 (-0.59538581996258833,0.71502002381123519)
 (0.72669761335327743,0.72412070564404907)
 (0.77166415750396178,0.87085102947024162)
 (0.7886094636180313,-0.79753538248374245)
 (0.57989300571123803,0.6344548381129459)
 (0.56101208279740422,-0.47123463386257164)
 (-0.60299376538719629,0.73642080339198412)
 (0.65552925224158909,-0.78502711837132155)
 (0.71662882083972801,0.67727448666865853)
 (-0.73547485960458159,0.7978648869055518)
 (0.77374997560100456,0.71558242388268334)
 (0.79874189823793718,-0.65049708345927426)
 (-0.6875539687371589,-0.72765635703463982)
 (0.82012226817789935,-0.63707871045576769)
 (-0.82131613141623605,-0.77909758884120284)
 (-0.75999829393450558,-0.75346317459858803)
 (0.76185005332551881,0.68529191163626357)
 (0.73835347962927134,0.60110939672975328)
 (-0.83677975116762671,0.68574598951210752)
 (-0.61602962022061125,-0.67909828711438047)
 (0.66368825647304797,0.6566882287060043)
 (0.76667320186339016,0.66902596631090883)
 (-0.79123482488608454,-0.69010166453049293)
 (-0.63314725005235484,-0.81555092556361508)
 (-0.73152014897426998,0.82138857354917094)
 (-0.73480621249976741,-0.80083321460086632)
 (0.61256715153464936,-0.58781926704938481)
 (0.75932317023095175,0.62557413707545828)
 (-0.74143128528674662,-0.80482951001785563)
 (0.75368992345152475,0.73001996180214823)
 (-0.66940949075743805,0.66245245026695943)
 (0.78709829181858071,-0.61897455795920919)
 (-0.67923268017768168,-0.72343331245383025)
 (0.63955510313440378,0.83133389623960596)
 (0.71155073014957182,0.6853823649233366)
 (-0.732941529086935,-0.62414748593973002)
 (0.62366396597368845,0.81286240919729502)
 (-0.73877815744853315,-0.71100094004555103)
 (-0.7603381144968101,-0.84302701341080888)
 (0.72996163227137612,0.62064912758483337)
 (0.60741595495091216,-0.80727661671652784)
 (0.65133110053505916,-0.70958179586226011)
 (-0.70485287430372678,0.74115794769826526)
 (-0.66843381614299413,0.72565542586173393)
 (0.80394495988521497,-0.69872738504044718)
 (0.86355383205498149,0.70503256817303994)
 (-0.8219711193103898,-0.79358326064433049)
 (0.69019451595673975,0.72721786426364199)
 (-0.71662063689357802,-0.66659574931209131)
 (-0.65213651115482685,-0.736385585783079)
 (0.60084750639681872,-0.59669723283785603)
 (-0.65656919614478693,0.67753028507104229)
 (-0.66121510483026957,-0.65318080417538882)
 (-0.63679770417943016,-0.76993944847528506)
 (-0.67346368231306675,0.62354110655472117)
 (0.66781768338644765,-0.61015324879273269)
 (-0.65216781697883663,0.70028107965472464)
 (0.66890549474440819,0.743124643241311)
 (-0.6773982325585195,-0.68325588644163804)
 (-0.82630645575749417,0.68368444656765981)
 (-0.57795993351479269,-0.81032163221517983)
 (0.73252757467563967,-0.71837054441571291)
 (0.64560247881604493,0.73108144071709491)
 (0.66916946436157898,0.83692888882511873)
 (0.694761824721424,0.78798056096606472)
 (-0.74397214049346672,-0.74408634939196994)
 (0.76093892260957707,0.71218264352881033)
 (0.79709553816557066,-0.80463196731149356)
 (0.4683593901264449,-0.76015292976289073)
 (-0.69540087522536509,-0.71608809800061923)
 (-0.63573497189560946,-0.70931940168848462)
 (-0.67244205468620877,-0.55257338473424744)
 (-0.65138128264403705,-0.72909865350951564)
 (-0.78219688169888879,-0.58247089854456768)
 (0.73551826191689906,0.6938028725042954)
 (-0.71730510000284431,-0.71286848955413806)
 (0.75637383744588738,0.68704358567284229)
 (0.58459823182160475,-0.66476085764752513)
 (0.69024433650937089,-0.74244318031344858)
 (-0.68178003904029838,0.6058251669853133)
 (-0.76902940637482164,0.72423404921998658)
 (0.68192293310636809,-0.68958640707054197)
 (-0.59324168487469142,0.71109193883201649)
 (-0.72370294555343107,0.76436073008870253)
 (-0.76860892559412175,-0.71009656923046471)
 (0.6767697348573648,0.76420001820380168)
 (-0.77418365850087634,-0.6484153991006365)
 (-0.71138152818214095,-0.74657069162038703)
 (-0.73363112680670561,-0.71291236811236214)
 (0.62456089091377121,0.76453066159149774)
 (-0.7608286576650054,-0.72667270225437752)
 (-0.79679247197905934,-0.70196717791956487)
 (0.78051248077679314,0.66555776876545458)
 (0.79110360873963248,-0.71038982552627139)
 (-0.85102310551139704,-0.58894777973819845)
 (0.7245691507743155,0.68135192968076075)
 (-0.6313589783354745,-0.6866691858994115)
 (-0.67131283368463657,0.80825536800763131)
 (0.68277847238974532,0.79313700620149663)
 (0.64082529544664402,0.78184486710419321)
 (0.70339108836936737,-0.6858943951786225)
 (0.69896580759895155,-0.70988246856277848)
 (-0.64340368186043995,-0.67593218996084903)
