# Created by Octave 8.4.0, Thu Dec 11 09:47:21 2025 IST <gamana@Samsung>
# name: rician
# type: complex matrix
# rows: 1024
# columns: 1
 (0.71093386418453164,-0.49769916848365509)
 (0.5109967347040647,1.1555412479515119)
 (-1.2215275286912519,-0.26976359490169516)
 (0.44602908548020592,-0.52102768058159132)
 (-0.73055137884058929,0.29515229695271805)
 (-0.54893213139657004,0.62346109062704369)
 (-0.86751790892040681,0.82082191634843293)
 (-0.37095916610632551,0.84716466224371134)
 (0.83414171505216295,-0.83404261842900806)
 (0.19373987137644183,0.54212394109209927)
 (0.0083581884978494725,-0.55748880824515457)
 (-0.44021814134391457,-1.4728568705764715)
 (-0.77630221188631077,-1.0660199495721625)
 (0.11353885101701161,-0.44464476608250075)
 (-0.32632051143598223,0.85705194949455432)
 (-0.78621194583174814,-0.64488680216669592)
 (0.088089557308183131,0.34346551487613897)
 (0.7121981566983101,-0.66219570954763995)
 (0.3662270570165484,-0.46843872250821789)
 (-1.1583694178306359,0.63975183859749762)
 (0.058437396670314112,-0.58532568517553418)
 (0.45963637766880966,0.60909594100625708)
 (0.17300720325561958,1.2756877104484794)
 (0.45194251728269197,0.42815632957596006)
 (0.27311660706179869,-0.79745723664968637)
 (-0.058880120494884752,-0.2151470293161398)
 (-0.57292417817503427,-1.520977567343309)
 (-0.39352975089276676,0.21693708738576511)
 (-0.61764469788540022,0.35407432951993345)
 (0.3877310055797718,0.67558004632194835)
 (-0.1380545547303301,0.33260624732940547)
 (0.10743472843445537,-0.11504439433775748)
 (0.5864950599681652,0.91601085196049514)
 (-0.86011413238922241,0.62944602774719371)
 (-1.1575301126812088,1.0781696362834778)
 (-0.075344808158369941,0.33139602261467593)
 (0.46736224433218759,-1.0900865292692345)
 (-1.0653456133459143,-0.54730045488458545)
 (-1.3120281613901912,0.6282388166513142)
 (1.3972535052430188,-1.0064274127701933)
 (1.04502009902253,0.51560710996015202)
 (0.35025330007339728,0.90886480126243641)
 (-0.90922418116207215,0.77369119281161913)
 (-0.79409173468124139,-1.2971596409970503)
 (0.4629497531496175,0.35748629408042143)
 (-0.51972917033412858,-0.9795664299654242)
 (1.1052799101745545,0.77160355333708908)
 (0.4185884888685657,1.1567868793067775)
 (0.96605951171263271,-0.78431849123026831)
 (0.23939031202193592,0.61613177084629545)
 (-0.69144263888425894,-0.32921395687392097)
 (-0.98665877430483473,-0.63859338137888955)
 (-0.70038751363949447,-1.5079525276516725)
 (-0.49941921924174737,-0.84009606610692245)
 (-1.0816531190928984,0.37937499085400256)
 (1.2752135913272025,-0.63639185280902244)
 (1.1464741142708132,0.86996813315387411)
 (0.059819051139101437,0.3233394358591799)
 (-0.80772620070149326,-0.18908961275720071)
 (-0.27620551391294329,0.75995289269602417)
 (-0.71660615996991806,1.0440486776031084)
 (-0.49323072530744921,-0.82819116990198749)
 (-0.58667927580128332,0.53770135266641317)
 (0.92802138594832062,-0.58683620149753124)
 (0.05182131745706732,0.17755359374879987)
 (0.34195784710872851,1.0464074383767041)
 (0.78202996199727581,-0.20482396429527971)
 (-1.2083021237713987,-0.80905581472242716)
 (0.81811342135746512,0.9962350497076885)
 (-0.46916253626072224,0.63459065808574133)
 (-1.1353881194295381,-0.80911870761587135)
 (-0.96213282785960996,-0.83461976959343209)
 (-0.88815789054779781,-0.75276949992973918)
 (-0.53526382729812083,0.84182753308516067)
 (-0.61380367229881472,-0.87732206866765861)
 (0.67925240818779808,-0.47128320359747689)
 (-0.45581409235937331,-0.5887469864826701)
 (0.92695218819139136,0.57044780762145919)
 (-0.93261997187764945,-0.75939949200063983)
 (0.11888047932522039,0.84672908049539708)
 (0.33540482216380141,0.14650211691474194)
 (-0.75288123246360883,1.0733243364015925)
 (0.32574445171340682,-0.42314282310530427)
 (1.0280592680122194,0.12239821247850674)
 (-0.15105424997367684,-0.89280962521742024)
 (-1.3515435426089948,0.76205796835735584)
 (-0.069915512516586592,-0.4599893009959185)
 (-1.0072167453513505,0.71567047749273105)
 (-0.83505892420810002,-0.41713446630107287)
 (0.80176925640460384,-0.58504205573506673)
 (-0.74609423943748188,-0.13946092277790595)
 (-0.54505288853690892,-0.76819474183142711)
 (0.877672988441485,-0.72550231995130854)
 (0.36660210479511446,0.28185150544849413)
 (0.26413738554162236,0.69963892576228404)
 (0.96226177148926939,0.89647915539457745)
 (0.49565957601688559,0.85083813477217962)
 (-0.89802030710939795,-0.15601850913530302)
 (-0.024367124694325781,0.68210535720326326)
 (0.67866303696234398,-1.1198941473406048)
 (-0.30152006933514558,0.071355785156999751)
 (0.668799940464049,1.034648701949739)
 (0.78826345506717932,0.67492842026773137)
 (1.0334349403770371,0.4772724843292156)
 (-0.39937400884418367,-0.59667430843985469)
 (-0.96561501270614847,-0.56019958776181489)
 (0.42000504818370848,0.35957875795773525)
 (-0.55752277379184167,-0.75776583032793077)
 (-0.19761544636134432,-0.42254965524037458)
 (-1.0200373017408766,-0.16043308689207891)
 (1.0437695169496499,0.69275055708675648)
 (-0.80524436605773986,0.64200269476968652)
 (-0.31674313208464827,-0.45548170093741597)
 (0.13258302700531444,-0.66266267543053248)
 (0.48209772389965916,0.44421751100029699)
 (-0.57173270723565561,0.22508337705411519)
 (0.71767529698636268,-0.31012607731484104)
 (-1.0707234601939017,-0.12403966742466288)
 (-0.76107826820191926,-0.28444102613872119)
 (-0.41686883074737358,0.37413555061510839)
 (-0.66908357705013799,0.70166232917848714)
 (0.43491405193785326,0.91315504411888726)
 (0.84337553354208272,0.76029902603863952)
 (0.79339965778853005,-0.38606096678046459)
 (-0.62950045824570822,-0.12068385218211047)
 (-0.12808728610449632,-0.56320883814212852)
 (-0.76099322957180604,0.67064959711020244)
 (-0.79089584637325505,-0.053995655627035677)
 (0.0062085786495308382,0.39723090378375608)
 (0.60502301086087562,-0.98758940948280838)
 (-1.1141481811816372,1.0724755957693037)
 (-1.3167783310779249,-0.48338165148950918)
 (-1.2677226488017292,0.19314439069483669)
 (1.0178946986287574,0.23985885568342441)
 (-0.83557407186823951,-0.38216892778939948)
 (-0.95953258092476168,0.72143593476097512)
 (-0.24217778216599636,-0.36127280776197618)
 (-0.27290179203189602,0.43610455985112695)
 (0.85910546175062652,-1.271053679377542)
 (1.1693011345379416,0.99749283239949171)
 (0.40527021433547067,-0.7445092406408822)
 (-0.36743931058249901,-0.63713516086395805)
 (-0.76757681030689073,1.3240163784783838)
 (0.84932678238665138,-0.016415924176399477)
 (0.70348095009948375,0.77025588528463096)
 (0.81464370598131652,-0.57893606788799179)
 (-0.046185258730669587,-0.65833439460033571)
 (-0.60494332314156396,0.59975702021926125)
 (0.24160457638300753,0.97493769195398383)
 (0.79945400769525454,-0.91931469818131073)
 (0.4841788789346877,-1.0891674079570237)
 (-0.60511713205344175,0.51584789117357877)
 (1.2663797250352293,0.2483867136132959)
 (-0.6386934300440108,-0.24935964650133324)
 (-0.94134866957099006,-0.38214829709008785)
 (-0.56064687865921059,-0.43565086293541683)
 (-0.59810838213806783,0.47837175835545581)
 (0.044422909293716284,-0.49911646505401353)
 (-0.59933498457409806,0.25453983918996692)
 (-0.75973914706540124,-0.57262637095113267)
 (-0.59693956261105607,0.37578961719551468)
 (0.053021322667596127,0.97338247056914784)
 (0.49806288495127982,-1.2527671797882873)
 (0.30129927124524092,0.57807862201567572)
 (1.025010207166867,1.1846530546536955)
 (1.0410631432580173,0.28488137725177398)
 (-0.41491371592503817,-0.94742316934056792)
 (0.60809740575118887,0.42091082783153444)
 (-0.92845172501160933,-0.28693986673755822)
 (0.50504785395066365,1.0676236747055574)
 (-0.054345996939333119,-0.50677463320560046)
 (-0.91229563712242667,0.65667788774231028)
 (0.62569650382696329,0.069044592265480931)
 (-0.017446239308512967,0.83775259844236283)
 (-0.80701188198580875,-0.66551727876092359)
 (0.40553490188535857,-1.3707833741906086)
 (0.44460373189770691,-1.0836843304021555)
 (1.0367215351142316,0.6931882011914674)
 (-0.14105347923663486,0.21442916541722684)
 (-1.0811299427425234,-0.20483106462168105)
