# Created by Octave 8.4.0, Thu Dec 11 09:47:21 2025 IST <gamana@Samsung>
# name: awgn20
# type: complex matrix
# rows: 1024
# columns: 1
 (-0.7650371253119157,0.68744413885765965)
 (-0.80239557197949529,0.72746708451435216)
 (0.63509136667524402,0.59597937391412059)
 (-0.7456071775882338,0.65990329842897089)
 (-0.74615311210747848,0.69959904924043836)
 (0.78858155642938665,-0.66042455304277425)
 (0.68265775828378672,-0.6832754564044633)
 (-0.7506296601156528,0.76659226889080678)
 (0.74840136971837012,-0.81107943868753385)
 (-0.72995644133172333,-0.62567655011412637)
 (-0.81134014125151355,0.71161242992186668)
 (-0.76773861229396134,0.62048140078372493)
 (-0.7100582058524415,0.70287998209814351)
 (-0.75756548613522401,-0.88024251479171578)
 (0.72785080171716166,0.66426033394981099)
 (0.71462510070089624,-0.71745279756597669)
 (0.78776608554633587,-0.73312020842196812)
 (-0.72022372604444018,-0.67832418401933536)
 (0.80597651947020599,-0.67606970167246749)
 (-0.60501781498600427,0.7154383435341839)
 (-0.73228635874223169,0.75247721116068056)
 (0.65002933474464686,0.68098247951235613)
 (-0.61372497394125891,-0.62528438743270076)
 (0.67890310864281311,-0.6946802527502296)
 (-0.69222105130584832,0.66782055409587981)
 (0.60635501997317065,-0.7218579112227157)
 (0.77087787580631262,0.66831314977457879)
 (-0.60336352643890045,0.73239287570267442)
 (0.79052647179651969,0.65256308811151931)
 (-0.63072564984661195,-0.71233594352258045)
 (-0.66241656439751739,0.67775523750118738)
 (0.7588175681405992,0.91601000272787947)
 (-0.72175084879785711,-0.83922988596266834)
 (-0.68524546511394724,-0.72613691757769627)
 (-0.77674557640511876,-0.82805086344969114)
 (0.6321232310993119,-0.69568270657822329)
 (0.59073223261811802,-0.73826427570691922)
 (0.63324902125521054,-0.68398473742137378)
 (0.75210351907128437,0.76751669345374562)
 (-0.59988829927715148,-0.76649799421761222)
 (-0.68018192250859844,0.72847415257432058)
 (0.64354615041432583,-0.7860434097763499)
 (0.7882197710234764,0.67720230314792318)
 (0.58066273677422564,-0.64849490278126665)
 (0.81790893401227371,0.78536621084397207)
 (-0.6212804236134738,0.63234557091646704)
 (-0.68071976613108442,0.75373630432367356)
 (0.6635982465434479,0.69786023874617686)
 (0.65984700487072867,-0.76533262551526027)
 (0.7310860143231831,0.75244285191216231)
 (0.76224942396205797,-0.61926633310744905)
 (-0.74095267741110737,-0.71291353145470615)
 (-0.67973039265816804,0.77304115418457253)
 (-0.78985192852391939,0.82150507910341797)
 (0.62482291423994463,-0.7686516253403799)
 (-0.52880503008373136,-0.67521843524049729)
 (-0.73056999461755201,-0.67122177647037107)
 (-0.65605754442656239,-0.78868087590766811)
 (-0.87703181587577106,-0.61846500718326991)
 (0.63435581484724957,0.73453965951649069)
 (0.7517753395911444,0.62464281903738461)
 (0.84435115177558473,-0.68591144925383529)
 (-0.62337894680096362,0.62680995206647705)
 (-0.78587003657646282,0.45817721801651445)
 (-0.59947857065898802,0.81381657696913556)
 (-0.86492833674997571,-0.81079788080545157)
 (0.63717119195665273,0.64749362966073021)
 (0.62499686478095162,-0.68506219784964095)
 (-0.81438939292126333,-0.68549178124087984)
 (-0.7357253831207875,-0.74291120301073099)
 (0.82686831154501061,0.618493157338321)
 (0.68143994425662946,0.63609937357611079)
 (-0.80424633637331699,0.77377411338891366)
 (-0.72381942020544454,-0.58518935149282802)
 (0.84184235929028572,0.73146085790950566)
 (0.67650149414043614,0.74490637329908005)
 (-0.65795868147193948,0.78172573308332172)
 (-0.74612892182882229,0.57123833034770322)
 (0.7180674235342962,-0.69459057750005415)
 (0.69967624922717297,0.80268713152469284)
 (-0.72980315380464933,-0.59459884215687775)
 (0.74321022365922784,0.69947715188207726)
 (-0.70838908051609562,-0.75645921042001696)
 (0.67648849302825154,0.78494359037166406)
 (0.64744176068487369,-0.70442706549718626)
 (-0.69632350884438232,0.71322867622380703)
 (0.73731328151677211,0.6644199908834082)
 (-0.74558801389247986,0.78558113169711308)
 (-0.68924397103380108,-0.80968629103189205)
 (-0.46079782430764493,0.65554333020000222)
 (-0.6471572310826843,0.60339314051270243)
 (0.71130841416191171,-0.65475931211202532)
 (-0.67885218148860282,0.59724791182248949)
 (0.65696595706243222,-0.65265290403425436)
 (0.66586627657872111,0.66801055670505449)
 (-0.72423901471050001,0.67707826181665298)
 (0.6761964971679576,-0.71068630490561469)
 (0.66777417325102106,0.66050035050085198)
 (0.8764868234890133,-0.72701774412965525)
 (0.82750655197556422,-0.67487939666908214)
 (0.71482428056915337,-0.6028307418284462)
 (-0.69474232850324136,-0.82463598723782239)
 (-0.66537635701872355,-0.82309982538576842)
 (0.61215396919927489,0.61767922956806842)
 (-0.82860117908516184,0.68569870020265322)
 (-0.65522224604835033,-0.7172425045039017)
 (0.71609800308208382,-0.69365298733124825)
 (0.65572308463650009,0.71544120874660155)
 (0.60236267795861287,-0.63937525124265859)
 (0.63443972754721045,-0.68305793427705253)
 (-0.60364597467979286,0.75687726848524273)
 (0.55826180235376954,0.75889092712038553)
 (-0.68462139514815035,0.62440666657855881)
 (-0.77709132555637161,0.73840669161088435)
 (0.6780623965713044,0.73531934807136434)
 (-0.7931247989239173,0.62518619798234742)
 (0.67288957137972927,0.69501171113151572)
 (0.77713949518109404,0.64479023454199758)
 (-0.72874482672346019,-0.80279891420438698)
 (0.79927395543618496,-0.7826086697550958)
 (-0.82058836181845785,-0.80320596251886534)
 (0.66178824060242503,-0.70720047501688388)
 (0.71035511144058561,-0.59981517339122437)
 (0.71250450284219635,0.6833435266826009)
 (-0.63518142030661118,-0.71563505444628583)
 (0.57902062647359021,0.78759039250221596)
 (0.78165187145443649,0.58735099694213755)
 (-0.71454681130133879,0.66357835198862514)
 (0.75462423546084967,-0.66609292020777944)
 (0.62834067112251468,0.7859373613892493)
 (-0.65048947676334568,0.77166867873711198)
 (-0.8263512478396593,0.72791348351624785)
 (0.69416851991320327,0.70205075785450355)
 (-0.72471396222579898,0.71306334622916279)
 (-0.68254067591690748,-0.8487718297562693)
 (0.70798066545932747,-0.63713284325037844)
 (-0.71215501404642134,0.65947819134118435)
 (0.65775787407721109,-0.69668609916656721)
 (0.66180013845844932,-0.69077614656179076)
 (0.75229735565079858,-0.66924559635871339)
 (0.73674025332292747,0.806214037130079)
 (0.68550878557679462,-0.8046057752568847)
 (-0.72547600674320356,0.69370139816469067)
 (0.79407975316505452,0.63236959011101113)
 (-0.70337722253955792,0.77223431321423275)
 (0.64855008104486478,-0.86903889152830349)
 (-0.75512917562850901,0.71049862484178072)
 (-0.75200716916758437,0.71241326329019439)
 (0.65532096032963327,-0.80990018051801915)
 (0.79418005928105018,0.67130738093674691)
 (0.70353436957939974,-0.62749360186694558)
 (-0.66970601756947723,0.64172087574188341)
 (-0.61624057110173502,0.68692396228880215)
 (-0.67564373261667432,-0.68979231926332274)
 (0.64020005464598295,0.76525721938819857)
 (0.84159834901560315,-0.74026669652055399)
 (-0.61060894025425627,0.74745462015976771)
 (-0.7462494990984635,0.77752976451408595)
 (-0.76848223633060764,0.69152875989471962)
 (0.6160208838860104,-0.68142014085067582)
 (-0.75875046572255811,0.56059642655362385)
 (-0.73487091995678999,-0.63412977971001971)
 (0.81567190547664847,-0.65487501773828216)
 (0.65102468612376874,-0.70679554952383816)
 (0.76900196216154626,-0.68653002920447947)
 (0.63676014527546865,0.64878821381678198)
 (-0.57842328605953186,-0.63720601162260315)
 (-0.60358602267226003,0.73289154555419378)
 (0.64920133191390716,0.78888688105946736)
 (0.71298533622693716,-0.62395087234529401)
 (0.65046469843139121,0.67776525130041021)
 (-0.74451990486138753,0.76403447532545188)
 (0.78369530772205576,-0.69819445284449599)
 (0.62479579517870065,-0.81201459988648783)
 (-0.73230652194995527,0.73772106513501212)
 (0.6907851318373226,0.76991598018138419)
 (0.62704173716171607,-0.77051592317883966)
 (0.79130955409303749,-0.67615956696790558)
 (-0.77856411543299764,-0.6528524048575125)
