# Created by Octave 8.4.0, Thu Dec 11 09:47:21 2025 IST <gamana@Samsung>
# name: awgn20
# type: complex matrix
# rows: 1024
# columns: 1
 (0.78706996775961946,0.6721586694438485)
 (0.735618885632777,-0.73220484449762702)
 (0.70657273988734015,0.6975667207401518)
 (0.57102097838441357,0.74787456725692281)
 (0.79770064560970255,0.71193572872018451)
 (-0.60008959471524548,-0.7574357337421298)
 (0.678254772524986,-0.63051673940472275)
 (0.74084461834756443,-0.77290011755990462)
 (0.73158735661052487,-0.58350257853280829)
 (0.71534945940115224,0.77963304979428183)
 (-0.57099689530873221,-0.71522597879792149)
 (0.67473399159212921,0.72875915161297589)
 (-0.75088232366882601,-0.73881129667879064)
 (-0.70657638888592611,0.63457825377141297)
 (-0.84011678848788496,-0.73464553709062286)
 (0.6637633352079958,0.7172836885079501)
 (0.72723739249086983,0.70278237171886626)
 (-0.77382383557112855,-0.67413898963418384)
 (0.6593488125326129,0.81450409598952944)
 (-0.6226777042406848,0.64951274631793243)
 (-0.68539436434167234,-0.80643011834956213)
 (0.68844232845474818,0.81471678133956427)
 (0.6633488791186456,-0.66130153444486472)
 (0.76951917646662971,-0.84515680718747666)
 (-0.63241432462256397,-0.64253765213934522)
 (0.82109716631940599,0.6460532987372134)
 (-0.75589031060225054,0.65238824241094606)
 (-0.66703826811918676,-0.73976455540258057)
 (0.67536896590048878,-0.65911866631957405)
 (-0.80472001938356319,0.66078800952879568)
 (0.56216172338898029,0.75793146242916665)
 (-0.70613387051983179,-0.59055180082481451)
 (-0.70504581742684014,0.80785969934103452)
 (0.73342321086252182,0.7522381655407655)
 (0.73322831542411326,0.78570149464593975)
 (0.71538858385730875,-0.74811800026028008)
 (0.71398757076338126,-0.76578459049254866)
 (-0.6611716661529996,-0.83450108491569841)
 (-0.78366487267751739,-0.74538891275979491)
 (0.74579233128767142,0.6900425854205483)
 (-0.58965470023290745,-0.68020021925390939)
 (-0.71039135695975919,0.63762538066542374)
 (0.63875997660474326,-0.63233291501813205)
 (0.71945725449716091,0.69522029424719045)
 (-0.73900711295936161,-0.66652310787223323)
 (0.75673177560233795,0.6889442258218178)
 (-0.71710470959303219,-0.63377155850319755)
 (0.77894425962427594,-0.79324987362162269)
 (-0.6102003164698746,-0.80378654664781701)
 (-0.76328018453175261,0.70205140099624774)
 (0.70870435186130398,0.67545296641504293)
 (0.70630684267208854,0.71742820061373491)
 (0.62966856940434179,0.69348799558867646)
 (0.75394762865957965,-0.58529961334995728)
 (-0.62201394507283603,0.68491037249744702)
 (0.78135484402315381,-0.80123644853064957)
 (0.7605020650324007,0.60015072515534718)
 (-0.76235960791872759,0.69690096320851425)
 (-0.74432527426595074,-0.776486449608082)
 (-0.79752606861557407,0.79722145611146722)
 (-0.58616786631287265,0.62914299025864828)
 (-0.84701072065488103,0.71997617916314682)
 (-0.67737517028162997,0.66464735045697187)
 (-0.74189584515885243,0.61672121761616561)
 (0.60498700263039862,0.74405674164047297)
 (0.69974351047314953,0.75060899643500556)
 (0.75156283984070127,0.74213029794959984)
 (0.65238653004214842,-0.68438144012026048)
 (0.60468067224925204,-0.7903923399891426)
 (0.54911979049488113,0.58194076063936429)
 (-0.75473170303328518,-0.77476647100136531)
 (0.66315654283128989,0.58180401762080991)
 (0.6978568641996109,-0.74522095242675424)
 (-0.83336214960236477,0.67366881977679738)
 (0.72771092326717279,-0.77446866902743317)
 (-0.66021073672341313,-0.63465483656512578)
 (0.69350164957685578,-0.73759208680675781)
 (-0.81238234384502861,-0.68929906607651303)
 (-0.6897447244190148,0.60307823328197208)
 (0.79367229618509005,0.79325629241372697)
 (-0.67868656605440725,-0.69060092898972536)
 (0.73506457464290287,0.60072830985404213)
 (0.62397001551079678,0.72218630180182186)
 (-0.66254683203903941,0.81366612738727873)
 (0.56365221127089016,-0.65352109745189879)
 (-0.65148701594742675,0.75294376804612262)
 (-0.76547923317605171,-0.63573054791854955)
 (-0.69038371271454113,-0.65395776283653806)
 (-0.87814724363337393,-0.80927016426918585)
 (-0.68234831120547301,0.86116656078815801)
 (-0.71796012727635083,0.63235715659942815)
 (0.69154013929286828,0.61873465109199777)
 (0.78594844676863906,0.67854595124991712)
 (0.79416055393508056,0.72012615497970278)
 (0.75925653971914542,0.72031731395741427)
 (-0.73779826687223282,-0.6155722650976323)
 (0.65699147951313486,-0.61998980520831615)
 (0.63521907061108984,-0.61714845104943683)
 (-0.64489964073879591,-0.68422745454430567)
 (-0.69782812607185929,-0.57670451244804366)
 (0.73404360171208272,-0.6580911213614743)
 (-0.88193100080390119,0.78234255788666862)
 (0.74094719178832191,-0.66367957280575585)
 (-0.81478180563629565,-0.6831554164944611)
 (0.72441614098918905,-0.68234690425889333)
 (-0.79528248421475789,-0.73931878450517341)
 (0.69896600511059204,0.73175542829106088)
 (-0.68530986762764878,-0.64712164025255625)
 (0.75624134826770739,-0.75917683047562623)
 (-0.72441250122737866,0.69374293283407829)
 (0.6557866304310872,0.86719357483916593)
 (0.68225731722218796,0.77776151530682303)
 (0.78181996116492813,-0.70551144379797082)
 (0.77396165754804425,0.71914222767082636)
 (-0.70069425920823947,-0.73481320073780376)
 (-0.57089039149585441,-0.7280676441129702)
 (0.58217742306675668,-0.76128052331768459)
 (0.74128096277637734,0.71160929866731959)
 (0.7321990295330898,0.61677825206492265)
 (0.80765858985359806,0.50322491443324913)
 (-0.68538978467972889,-0.79973142381260731)
 (-0.72039254373348227,0.63230544665525468)
 (0.6048542179511075,-0.69068754363368368)
 (-0.71032619498158178,0.71923126575435536)
 (0.70624511648082144,0.67612287023044415)
 (0.82921685069701589,0.72569312641293104)
 (0.81499061160893937,-0.6911491013060006)
 (0.79763750885564866,0.82100631521576672)
 (-0.62672565018155502,0.62322282498088233)
 (-0.6131311740980423,-0.81352698418688818)
 (0.77756024215293273,-0.79042231601220492)
 (0.69383961875195899,0.81456914062438723)
 (-0.69086016333117928,-0.77052423239305978)
 (-0.80267833179468751,-0.72943141421679969)
 (-0.78557964274279546,0.69074915137971082)
 (-0.59815245836989406,0.66654405148005269)
 (0.63025908973465739,0.7876847955634696)
 (-0.74223142458043279,-0.68030436714516318)
 (0.69237621691237028,-0.65645276902518035)
 (0.6280210190680735,0.74930561580129418)
 (0.61114251426363164,-0.66280835400306048)
 (0.77951105148972744,-0.58153112543940855)
 (-0.69997188597581983,-0.81966600631506847)
 (0.7240048056111158,-0.71455595040532593)
 (0.79099185218237145,-0.80804702290698383)
 (0.69515640436753923,-0.75209851783888493)
 (0.6661349655609442,-0.65893158946613339)
 (-0.67611271431355846,0.68759049628865931)
 (0.62965617015236108,0.74883608026739601)
 (-0.6496920669703723,0.74753848944522916)
 (0.66779276253706898,0.62375248030615238)
 (0.7193163705643888,-0.78403343129823544)
 (0.66631809899315286,0.67547088827232771)
 (-0.74692342671894818,0.61657079791419145)
 (-0.82344012691090096,-0.75090128833074021)
 (0.74330289367920543,-0.72866239203268846)
 (-0.6789555163173534,0.78226565872838205)
 (0.62109496890365934,-0.808008815431703)
 (-0.65395847755316583,0.6597991116742441)
 (-0.75919207152585266,-0.6602573936825058)
 (0.68547996904729314,0.73128496519255815)
 (-0.73020675714974448,0.59881451134104968)
 (-0.82186428727463801,-0.45973109449554694)
 (-0.71718961676070969,0.70691173701882981)
 (0.62221112010275237,0.72317027477090723)
 (0.68791934488805784,-0.56980460714914627)
 (0.63752689651269989,0.66139403930346718)
 (-0.62732680678972974,-0.73088405173692206)
 (-0.80834697755326024,0.66537940269764895)
 (0.71410988997380764,-0.77960324073163745)
 (-0.65240952046819034,-0.759342669674685)
 (-0.70227172216252864,-0.80838676321293823)
 (-0.60905625403819219,0.73103326429274729)
 (-0.72165685388935852,-0.52490333073007944)
 (-0.65569807840253957,0.61057241441850851)
 (0.57903512147410685,0.70129980194903474)
 (-0.75332140088921207,-0.82173676826093989)
 (-0.79923790634098224,0.60321250555465)
 (0.56876144267841489,0.6588487579314225)
 (-0.56901900510638059,0.72836965511045682)
