# Created by Octave 8.4.0, Thu Dec 11 09:47:21 2025 IST <gamana@Samsung>
# name: rayl
# type: complex matrix
# rows: 1024
# columns: 1
 (0.061716919517490566,-0.061012792485260779)
 (0.050425986518239235,-0.29791946043500317)
 (-0.36310409293206869,0.2450962151615711)
 (-0.39375166076045764,1.6688945833413207)
 (0.28456294996410991,0.48212512287668707)
 (-0.28844538187741942,-0.6257189153753685)
 (0.46395640994548576,-0.92175109088262386)
 (0.041151948356336732,0.36470173877122897)
 (-1.5527025158778112,-0.35291438229321836)
 (1.8699685453386401,-0.38076388753624668)
 (0.2854658321723747,0.29220824288068042)
 (-0.086421158050295044,-0.62117747726779071)
 (1.0546631820598091,0.5253280098244133)
 (1.1545725294660092,0.045927211638229437)
 (0.75039744617078774,0.8035873969107169)
 (-0.39797554995048068,0.85600673344156886)
 (-1.0709753053922739,-0.2278729199001564)
 (-0.28503575021739608,-0.88102721909047843)
 (-1.4180811914129778,0.058977203297153724)
 (1.0513970568452569,1.4495389217842887)
 (-0.15630408035209414,0.90035101017499852)
 (-0.11140753381541575,0.2981671689906113)
 (0.46206215191145855,0.35862098801507375)
 (0.12225138698205812,0.71890481186367006)
 (-0.10300206775564369,0.55728521771216921)
 (0.38814404093795263,-0.002444901993512244)
 (-0.49519901479224748,0.35171166123557407)
 (0.6774903694942378,0.25792170683002014)
 (0.71010020069189395,0.79910766053251625)
 (-0.23357488734046478,0.47182764747011735)
 (0.25057964652520781,-1.4382039492753655)
 (0.022623135622947543,0.47788639165135888)
 (-0.18432023385357904,-0.053181504314608719)
 (1.0047082707947435,-0.27041890306712418)
 (-0.3034488035527666,0.13676620004359238)
 (0.56091584657254356,1.6589792504514804)
 (-0.08353732321572184,0.18713043391768247)
 (0.39631140277440219,-0.17042701921783249)
 (-0.81646098604576989,1.591827161763063)
 (-0.32545036861444476,-0.4089560780631083)
 (0.6775057787460721,-0.11491989504030109)
 (0.92074423217752954,-1.6159341513070475)
 (0.0070211397350721794,0.51744234345595186)
 (-1.788534622390308,1.3467415280505226)
 (0.28060683290248722,-0.69652034424605758)
 (-0.39264626598547858,-0.10085086197344001)
 (0.81577731399299291,0.19180643211593146)
 (0.23422359410142782,-0.14540864963874009)
 (0.2981060357713699,-0.58301708820016884)
 (-0.79360278276647733,0.12180450633523981)
 (-1.135450684156448,-1.0998356984761766)
 (0.40191763711968398,-0.34490524307922277)
 (0.15432315906915756,-0.042461658957460721)
 (-0.28391183418876093,-0.24938893021727077)
 (0.93881352416187835,1.0899832245874554)
 (0.76477574675617721,-0.95867486154822112)
 (-1.232958674369085,-0.49415201533634556)
 (-0.9262319044799997,0.37177596368003385)
 (0.48014345266445724,-0.64047321592965534)
 (-0.14101378853794122,-0.37489015767967282)
 (1.6697829533768807,0.030065937011743871)
 (-0.64995643076572818,-0.26676039248473465)
 (0.66749504959748962,-0.088515489952616433)
 (0.57169437124034805,-0.52793518844374143)
 (0.24457572997814958,0.69190010145990943)
 (-0.15128799210368971,-1.1829526592642559)
 (0.024424671969867529,0.64122540827375674)
 (-0.39459964002179992,-0.62104911741166702)
 (0.51122346237853467,0.96841369559154533)
 (-0.035990560914505476,-2.084630834989829)
 (-0.24351145364191351,-0.64507866428502569)
 (0.35091291517215156,0.074953457321699724)
 (-0.21121023178709369,0.29091795206407106)
 (0.16428163859619313,0.62546237443475139)
 (0.10554974627363167,1.2783227071642671)
 (0.24063896763417414,-0.16848149977232069)
 (-0.38642543061480972,0.15976638416779876)
 (-0.85334225960539112,-1.0027997565386633)
 (-1.0527836953453054,0.57802356921989062)
 (-0.84048119914842689,-0.13870882188615252)
 (0.15422732882458923,-0.31793272207280476)
 (-0.10067913657663202,0.17988621230738921)
 (-0.75603035911500949,-0.28226023873779349)
 (0.06276427844531321,0.13888920395226967)
 (1.5184182094804763,-0.2159624977083594)
 (0.6653426522724224,0.66225927277355034)
 (0.2137520616485894,-1.0711103651026188)
 (0.48300939575473323,0.016134553231976739)
 (-0.40423541496690951,0.16664818254316013)
 (0.27790738121082226,0.26830143000529372)
 (-0.96628910806582935,-0.17668414660680543)
 (0.29322939550484373,1.616230662550622)
 (0.99298515993015024,0.31784564632900542)
 (-0.33319309989473778,0.96535196460492145)
 (-1.807823967078565,1.1820535214019838)
 (-0.10510462901859394,-0.25331958185576953)
 (0.62018264105902476,0.43224719015479152)
 (0.091918045076676128,-0.1036485032852832)
 (0.22672235700535134,0.2071748824372007)
 (0.41119226146462284,-0.46494426939533684)
 (0.89137033966887902,-0.051015329800819353)
 (0.59553829489366439,0.2784922155852293)
 (-0.27812384642644888,0.93628367356429854)
 (0.52480554770058052,0.54569958581872779)
 (0.67318158455370281,0.59379473470386435)
 (-0.09736354388057579,-0.27245750510809924)
 (0.58369727698964957,-0.26700650335456705)
 (-0.10778986996347206,1.00871020201362)
 (0.20557197338956268,1.0177501606152297)
 (-0.14986000253017689,-0.38950611554030673)
 (-0.84562273951728917,1.5067384821867034)
 (-0.83889086011180203,1.8641519297817051)
 (-0.55272304410418494,-0.70361545085358157)
 (-0.49520181804462726,1.531717971858841)
 (-0.33521998105995221,0.84827587798494497)
 (-0.46861626437974352,0.057992254803956145)
 (-0.13783318636640529,0.93215514838088054)
 (0.29938178688864159,-1.5609920210939192)
 (0.10639848778783892,-0.3422885491294495)
 (0.19217119206460237,-0.046097840270792084)
 (0.29561054499796874,0.26770683766260689)
 (0.21944244158748988,0.71226519445372394)
 (0.30412590047587962,-0.84986067113646935)
 (0.14700218718039038,0.43092459705250907)
 (0.55520073454596519,-0.27573599201301247)
 (-0.24135978659751298,0.20675003237533843)
 (-0.45228049617159605,2.0080793760403122)
 (-0.8433922762485363,0.74142112475216504)
 (-0.081619807905106825,0.27021628672581188)
 (-0.83415242690023483,-0.5064566911742826)
 (1.1193847465043496,-0.5194248219535903)
 (0.32744630368659078,0.3872514798275668)
 (0.68644899649516455,1.0186484778270144)
 (-1.0356430377667007,-0.55098630577637253)
 (-0.48157374790892482,1.1599386566812577)
 (0.69399154921826234,0.74846395882543615)
 (-0.28783530475608615,0.22523139188876967)
 (1.1431988407846976,0.63709897359828527)
 (-0.75357454232246768,0.35937716090981031)
 (0.10755616688747091,0.20499166760146617)
 (-0.11685673166942739,0.67786611989235901)
 (0.73602982614256507,-0.30068773967926049)
 (-1.6606419545096083,0.013774110900343306)
 (-0.11905893842280016,-0.39829470015267776)
 (-0.51822921590318871,-0.42013257730724046)
 (0.27230291834601866,0.08588130413880761)
 (-0.46047544230192428,-1.3455751465276573)
 (-0.17227142075605337,-0.37960542066186587)
 (0.49651361663701499,-0.672667362495039)
 (-0.35155319733011819,0.94240896019343201)
 (-0.22410532488919149,0.76330552864680934)
 (-0.10353579510150557,0.51185254541625358)
 (-0.50210461504030768,0.054284133030366527)
 (-0.1941133842264802,0.20901869948761118)
 (0.11568740510752396,0.86107107967517771)
 (0.68215578598746152,0.64819631506504372)
 (-0.48191786927070202,-0.14272004598540558)
 (-0.37280568043051698,-0.52660209334140329)
 (-1.0490132415146549,0.38135211870212249)
 (0.51078454964377629,-0.024777773019332039)
 (0.250132236096125,-0.46010979977991939)
 (-1.5242195360068718,-0.044392961426622968)
 (0.28148342977515617,-0.56096312327097164)
 (-0.81277277139383908,0.57907805745290886)
 (-0.23371679218702235,-0.3165525998122426)
 (-0.27191965235877763,0.8166312891943901)
 (0.52954010894083625,1.1649045543352183)
 (-0.58243347527134626,-0.73507569822546137)
 (-0.56464038451913279,-0.9659983159448231)
 (0.8144455943247525,0.89107521749424989)
 (-0.70785056159306592,0.13552682568206126)
 (1.2606103954914749,-1.3973740183198968)
 (0.59670054410533235,0.58484355479692507)
 (-0.23781579741617853,-0.41071565944578092)
 (1.0183566229910455,0.046534311313335353)
 (0.72512419296948716,0.24117347660347471)
 (0.71269942587545698,-0.61160451304204744)
 (-1.5645937022488443,-1.1551666037220554)
 (0.41297283054378925,0.52168744289315971)
 (-1.0780519031100204,-0.17881367757896088)
