# Created by Octave 8.4.0, Thu Dec 11 09:47:21 2025 IST <gamana@Samsung>
# name: awgn20
# type: complex matrix
# rows: 1024
# columns: 1
 (-0.8744717275097329,-0.69758928116240304)
 (0.74137006974123509,0.66584378151044155)
 (-0.70664133812109786,-0.69126086906177731)
 (0.76174241942584464,-0.76641548382969227)
 (-0.82193466224880607,-0.81979549103676619)
 (0.76966093688746551,0.56787810249106074)
 (0.71472236459767491,0.69656443843553772)
 (0.67873427449183721,-0.76896678941978092)
 (-0.73573197026229764,-0.72636069439131623)
 (-0.6467470312227106,-0.71349485258042367)
 (-0.71130806804317381,0.70667726393274866)
 (0.63868507678390174,-0.76544955637079515)
 (-0.71045182192349565,0.59697384368336304)
 (0.70780006814874064,-0.68410736312131826)
 (-0.6365310186432328,-0.78094903288548512)
 (-0.63335729540822017,-0.68408425147555318)
 (0.72194180246117545,-0.63237559813323707)
 (-0.80054200546179111,-0.69722991009376345)
 (-0.75492460506567827,-0.69534144420180422)
 (-0.6137555348227407,0.71732584463291582)
 (-0.78183657561276521,0.8367859956360828)
 (0.74536349304437299,0.65876976688901179)
 (0.52320981869572081,0.67328692000374502)
 (-0.68708600111851592,-0.66716242634489598)
 (0.55251581843770925,0.76474348046202367)
 (0.6934041291501607,-0.7047563263027421)
 (0.69648497091565831,-0.66147443358050639)
 (0.72690815796099539,0.52601035778329908)
 (-0.64098635172534157,-0.63879379928919011)
 (0.65546847055184354,-0.66663481672839153)
 (0.70533167219695614,-0.57234332425284817)
 (-0.77200150364759723,0.66219519772581548)
 (0.71236128347048777,0.60545442576921449)
 (-0.7886746482703354,-0.65988291867378757)
 (0.74575359339779901,0.76033913197400038)
 (-0.67617880806997743,0.63581643316289738)
 (0.73152954327522213,-0.74147204532510502)
 (-0.74339717045219444,0.72002178354782886)
 (-0.80044238718642657,0.62323604040087033)
 (0.87302126550010306,0.65058934670545376)
 (-0.75373829229826428,-0.75067457573400109)
 (0.50729080457658582,-0.7898223579116106)
 (-0.70097996719834443,-0.71598691893997246)
 (0.80429719487561102,-0.71103877496744206)
 (-0.73806222193518867,0.76107627704244196)
 (0.72279453361284396,0.74745465880104789)
 (-0.59771075146517416,-0.57570099409063613)
 (-0.71742356252712669,0.75563615074491763)
 (0.64589621748094983,-0.78742539449882598)
 (0.69724198899813028,-0.72307571490734646)
 (-0.75832116536432026,0.73303847764510821)
 (0.6746713813711116,-0.73748661153414496)
 (0.66228370949153326,-0.69811704969326427)
 (-0.71288628521722464,0.69016227947778841)
 (0.65491802998255411,0.81104701057564521)
 (-0.75732234166492496,-0.81113814280440488)
 (-0.72128169722366753,-0.77010716179963912)
 (0.55748093280608035,-0.72208870166401318)
 (-0.66407590696525409,0.63572949868692397)
 (-0.66786482674076364,-0.63458519333361862)
 (0.77096090687038876,-0.75794667057918097)
 (0.74538243701509932,-0.62424106780471489)
 (0.71025134853982774,-0.7054146956561036)
 (0.70754510910719681,0.70454938366425635)
 (-0.7496256601951452,0.78125268348392973)
 (-0.75258539063754359,-0.60409502788813441)
 (0.76133693091742161,-0.855635530719839)
 (-0.6036652589162147,-0.74120150424472286)
 (-0.83182854015550334,-0.59093171697355051)
 (0.75567687267674588,-0.83089419877171244)
 (0.76358636365238775,-0.69214275502557365)
 (0.79197988871390823,-0.72354377157114236)
 (0.74857427520783448,-0.63189092065728036)
 (0.63518265880374591,-0.7109130053421876)
 (0.72894817299681092,-0.86339043875661869)
 (0.51715412104858149,0.76458254767514433)
 (-0.63482778087326286,-0.69264158723945546)
 (-0.70883803476219276,-0.61299673212355099)
 (-0.71899283058020547,0.67155533598695172)
 (0.63164947469779187,-0.75535060927673559)
 (0.68356317310836401,-0.85005901742481116)
 (-0.62584016936130926,0.69317731488566992)
 (-0.64857428910922454,0.83561143793111636)
 (0.81003366348662831,0.61940571482439077)
 (0.73308735815173776,-0.80264755442200486)
 (0.76912968707946183,0.78896138197981214)
 (-0.66717419487160767,-0.83009526712027693)
 (0.68290827775287055,-0.69046174829084139)
 (0.61889669956066884,-0.64479527344435861)
 (0.65147063243187064,0.75006343598517577)
 (-0.7620195164019391,-0.58331566712921368)
 (-0.75859142924150036,-0.5780356712484046)
 (-0.67140572308597779,-0.72263368186521981)
 (0.67506944287164827,0.71835123097131182)
 (-0.80093527444835577,-0.60938689032129756)
 (0.7487637621262685,-0.714645133630473)
 (-0.72675607691936284,-0.52383924348708377)
 (-0.7088932940199093,0.67702982966788794)
 (0.69398891619485137,-0.73020274597095403)
 (0.69271210950842677,-0.66332790064193325)
 (-0.74533316140893846,0.7721581092824632)
 (0.63329136999775637,-0.58496201295509587)
 (0.66599176046520614,0.71599317875341362)
 (-0.73811830730533479,0.69011015247912089)
 (-0.55781510010232671,0.73174611842002113)
 (-0.85675305926394374,-0.65673988083161183)
 (-0.67986330496941483,0.81606078048257691)
 (0.65384670548361146,-0.72121624510040983)
 (0.77261425916215698,0.58799379884762759)
 (-0.77849453174686734,-0.68158096600143647)
 (-0.67726533133321776,0.73679808864532914)
 (-0.5468055515378345,-0.63471048365852867)
 (0.58612139675421426,0.67643603509974082)
 (-0.80667812101734215,0.6858680725443328)
 (0.80243048333185341,-0.59660403380028693)
 (-0.70653006421953291,-0.6029728679108628)
 (0.72652193453164282,-0.74357442788398742)
 (0.74155208981790066,-0.81025007669259486)
 (0.69342595042103561,-0.75533890770556289)
 (-0.70339155766163919,-0.63237377684551832)
 (0.73098483299731853,0.74686866180183542)
 (0.8152277564605932,0.68118887523842508)
 (0.76895551347119317,-0.73231101617843164)
 (0.79172216320976196,-0.71160821938109531)
 (-0.58181420296383313,-0.67425288995537114)
 (-0.72990764732191993,0.63136787077883616)
 (-0.74343415429166981,0.66857739740571476)
 (-0.74209728230314109,0.7475365319537941)
 (0.74748335736137195,-0.65389359266269653)
 (0.61803119150573416,0.82932354464396263)
 (0.80306134726000022,0.70842897527946391)
 (0.66339081567870306,0.65878485711154267)
 (-0.75377209400146372,-0.72179401774637175)
 (0.63425187182811715,0.61205587307819598)
 (0.68318197835533501,-0.77389408590707387)
 (-0.66492904076705694,0.69700586239229467)
 (-0.62850623817312401,-0.81323410568679855)
 (-0.68260046404860431,-0.75398442865864523)
 (-0.63627421456823063,0.67595524597804879)
 (-0.66397356119100071,-0.74015313101397606)
 (-0.8530072632529454,0.78106497023660748)
 (-0.64997386075533847,0.79987027552827961)
 (-0.61266511862666007,0.65690291182631122)
 (-0.62742253516597324,0.64999386356283217)
 (0.7373463811034765,0.65712730983348455)
 (-0.69646901872840572,-0.74063544918738478)
 (0.68912436430606427,-0.74590792615620805)
 (-0.74730381891120645,0.7601959852152228)
 (-0.73828480450142731,0.89729742494512943)
 (-0.76266405537395288,-0.63113940380760147)
 (-0.66407879240233958,0.75795974013157563)
 (0.67142144233541834,-0.83736983322377057)
 (-0.77639641643805035,0.63022694151675174)
 (-0.66596602864686971,-0.67200573365970895)
 (-0.78567096501636358,0.71221827610144639)
 (0.64725089466920493,-0.74659370382257761)
 (-0.60257596646655021,-0.78996522508789291)
 (-0.60241302296498123,-0.69656823768924636)
 (-0.72349537793092955,0.6928343478124932)
 (0.80681615762976677,0.7709802470837811)
 (-0.66312579554290396,-0.69437206545786634)
 (0.63208217584402893,-0.71140693095136975)
 (-0.66294247812589202,-0.82355294973868221)
 (0.71876770935635625,-0.79772489490005805)
 (-0.64956730459780387,0.60273809712074522)
 (-0.65295060191409393,0.66471657592559441)
 (-0.74397782798858514,-0.62413730551448465)
 (0.70070362289819221,-0.8053362032629976)
 (-0.64608993179904983,-0.77527211792798167)
 (0.74153158384904372,0.65254553864698139)
 (0.752999349955912,0.58101094360979821)
 (0.70106804069635698,-0.72974897784559412)
 (-0.80154514761367968,-0.66870719780903887)
 (0.72936467686204398,-0.73337748150568816)
 (-0.64917378610602272,-0.68527830434095938)
 (0.77622969093747396,0.75812086145423829)
 (0.76914969681380307,-0.59163683515706034)
 (-0.71253485383863391,-0.66668206393807228)
 (-0.69107778323118718,-0.69744727830164988)
