# Created by Octave 8.4.0, Thu Dec 11 09:47:21 2025 IST <gamana@Samsung>
# name: rayl
# type: complex matrix
# rows: 1024
# columns: 1
 (0.15268387129739258,-0.68467171382771286)
 (1.7214992049722939,-0.92234078186815782)
 (0.50054526661290644,-1.0935728837262781)
 (0.24344108087188793,-0.42536604206818535)
 (0.38981267436016787,-0.069895297563988767)
 (0.24198955062458916,-1.3272414513863287)
 (0.66624302165998484,0.48779492855127421)
 (-1.1410395769225805,-0.24261592446277169)
 (0.51145215150655898,0.60751008636426562)
 (0.85380526214314778,-1.0991079181250993)
 (0.5005288371917197,0.28099743438385177)
 (0.64193740611081396,-0.59654088519942972)
 (0.27131934472404795,0.6029777437738828)
 (1.9127753230818367,-0.25016377428789205)
 (1.5614575059217315,0.40346768867866023)
 (-2.5057022321176898,-0.24193091165845537)
 (0.6445876928572345,-0.1737314986615151)
 (0.30052957854250856,0.15438073709941341)
 (-0.14025858923606704,-1.1031963325890783)
 (-1.221433095966391,-0.5168186113345602)
 (0.10836735686290366,-1.8242242073537747)
 (0.36655028373773657,0.66016600478908694)
 (0.16198285378163918,-0.35795813317797703)
 (-0.070278744892584455,0.76857391957873578)
 (-0.47750881263289258,-0.13574265185723541)
 (0.027371678422841772,0.468174648539669)
 (0.79169927909792071,-1.1957477873292137)
 (0.32831591915209457,0.39039795868538096)
 (0.6429372066336031,-0.25993615891692234)
 (1.1959574260849077,-0.22654380871551427)
 (0.060761567682930839,-1.7403735613927296)
 (-0.50325537933819242,0.2928971608546293)
 (1.5386608672018571,1.4059994307465651)
 (1.5334968118414389,0.52294655596757111)
 (-0.27620862200688728,0.26061525948027037)
 (-0.47561365780070247,0.71781575819170462)
 (0.61303694849397827,0.1476081978025767)
 (1.0545333229399794,0.40347296724741472)
 (-0.088734420122686314,-0.311823554201899)
 (-0.35188996341848472,-0.23710093554389416)
 (0.43718623771167842,0.75873126278481262)
 (0.11681963815083468,0.86958472128066933)
 (-0.71710746477852283,-0.27808906930028854)
 (-0.56545720585558723,0.15319576726243092)
 (0.21809068481324989,0.65188916029934929)
 (-0.33471606884348876,0.29247823751145824)
 (-0.10972127422207967,0.072879076287206856)
 (-1.0939951360501685,0.65904174426251128)
 (0.75951326575073408,-0.045654188543283847)
 (-1.350890176173233,0.32071379927626553)
 (-1.2106331742636232,-0.55474167137679253)
 (-0.27935995090664012,0.11181888015681798)
 (0.94794014319113062,-0.72516123424257095)
 (-0.46933434799725499,-0.27514024596730519)
 (1.8867762338774057,-0.10755780534040327)
 (0.0071363361865275921,0.81150381846027497)
 (-0.6413596654582272,0.79851223753131784)
 (-0.47888053533776664,-0.17889923716135178)
 (0.63251678270225165,-0.55688325245375692)
 (-0.64799548504510174,-0.18266245194529743)
 (1.195066548468718,1.117735605094244)
 (-0.7445773316205504,0.065945445330814645)
 (0.10384570545780419,0.91479910823417865)
 (1.1035527514280812,-0.43843841680003204)
 (0.23878687679259988,0.1302137973911138)
 (0.054653027555139705,-0.39088007724596829)
 (0.36894438454911566,0.18662045990816639)
 (0.32489616083204148,-0.96684650884959167)
 (0.27863464756244583,-0.39382468695103001)
 (0.73152361918749642,-0.43086838160167884)
 (-0.64547570559840495,0.25681300843132504)
 (-0.33707021417416688,0.026755134242494594)
 (1.8584463060935748,-0.54267298006976838)
 (-0.11628689859641167,0.56241279032946201)
 (-1.5026143266991596,-0.12213539475131052)
 (-0.73779990622348302,0.029512289944098324)
 (-1.0145200070393905,0.38058519084288733)
 (-0.39373933148521545,-0.1889228017666488)
 (0.40734547224600581,0.26012148057797768)
 (0.88108585362534908,-0.16630430094566895)
 (-0.88106356681750553,0.31611226635406103)
 (-0.45018527697280697,0.50052421028908511)
 (-1.0975863751432064,-0.32751885115668633)
 (-0.23524349194191474,-0.94933527658042205)
 (-0.93227369359521095,0.2223499891230698)
 (-0.2515069725663146,-0.91969920329983412)
 (1.2449274132521368,1.3180591166011395)
 (0.63597179328381337,-0.86706971128226096)
 (0.12286643268601294,0.74460121277556113)
 (-0.60008466528484516,-0.39253405052476559)
 (0.93330284552005072,-0.63149629839000077)
 (-0.10167047609110058,1.2522824321383896)
 (0.52333641576688716,0.1414229845395901)
 (-0.15922363170541398,-1.4040602584874184)
 (-0.52667670635964303,0.5461087977589999)
 (-0.078667647930949491,-0.58960828274655086)
 (0.15246104842133179,0.41848226135323618)
 (-1.0528716235043398,-0.76748923828276083)
 (0.25075518257219898,-0.075120475412245161)
 (-0.047887876011557917,0.81693372777110729)
 (0.42238043185530433,0.3706499157467083)
 (-0.12183559115778508,0.38401543430163554)
 (-0.68525645745773334,0.8394288644854897)
 (-0.89306548807876551,-1.491179714381059)
 (-0.31542144736546218,-0.83024146194892556)
 (0.48911150218170568,-0.57055419051683198)
 (-0.37919353006188034,0.28714308825646101)
 (0.28715495601278535,0.31500550918839737)
 (0.14948886363498815,1.3534429564215786)
 (1.7291653242266296,-0.54301405679686265)
 (0.47682611039443262,-0.97954142615798179)
 (-0.064976123313443712,1.1458758630378116)
 (-0.20945329608960156,0.94040565543395127)
 (0.51150109360638196,-0.23898213769221516)
 (1.703990838174676,0.41811805158456961)
 (0.32380552083261038,-0.96923185512101007)
 (0.092231315167263656,0.20827878794481666)
 (0.57961604278701484,-0.68832972249273283)
 (-0.57375052199656829,-1.5013630045668345)
 (-1.0652285670228328,0.55274190671216616)
 (0.46950394954687225,0.766261339927367)
 (-0.3824230228051807,-0.47113663221513291)
 (2.3916703222345799,-0.30149829171284903)
 (-0.34598680735519144,-0.28360285642639066)
 (-1.1782876047634467,0.92060369752645455)
 (-0.52317061117811059,0.021044910631066061)
 (0.97786486335295086,0.025077302061912277)
 (-0.43957815755127821,-0.42413375730032615)
 (-0.81398918986357538,-1.1548106384771604)
 (-0.81319953810483092,0.22038133407419908)
 (-1.0726919958792676,0.66917523763697151)
 (-0.31395188293576431,0.25071235657611518)
 (-0.20183829271150755,-1.4957311047116595)
 (0.21127376489163568,0.12037346442243717)
 (-0.82238621749344043,0.21549868453969823)
 (0.52056026405040323,1.1622315243815662)
 (0.74758405467527367,-0.066563254177945452)
 (0.38129114942642345,-0.069737304013767654)
 (0.33862932708901294,0.94838619735760721)
 (0.014929645656159007,-0.66997411574613297)
 (0.77383567118396146,-0.63883132661989517)
 (-0.56462070601551761,0.28931760581416821)
 (0.04263086019670681,1.5099371987456811)
 (0.39293289952917859,-0.64266571281184159)
 (1.0705229696702614,0.22372901881103668)
 (0.10000578117344777,0.91347065142390327)
 (1.0378788418182121,-0.86624665817209845)
 (-0.56507841796453817,0.64994709731395528)
 (-0.029223585154427911,-0.87820671536207129)
 (0.8028560072044526,0.089733261183405133)
 (-0.77256967720926784,-1.1815263507486362)
 (-0.30520223195754526,-0.20979712469110545)
 (-0.11499432292119882,-0.87339313065480551)
 (-0.47892762924859988,0.94309105361026313)
 (-0.10012762341733111,-0.60072327735788456)
 (0.058167583399194589,0.80918934448926905)
 (1.6183004880620375,1.1938372205966954)
 (0.48975145918992369,-1.4984768194579265)
 (-0.2989618797437204,0.56667903454579438)
 (-0.52931112460859175,-0.36761372418583727)
 (-0.16505934693979876,-0.38870283282416684)
 (-0.81163657471768946,-0.5737122244277113)
 (-0.39271890274893173,0.406408842389127)
 (-0.51540229640216717,1.2380920177195238)
 (-1.8868565978438874,-1.0028050650054039)
 (1.0345162911653236,-1.3814140625782627)
 (-0.60652505618326935,-0.95464905080189921)
 (-0.57140200610752756,1.1954472841703576)
 (0.10292342806664578,0.46819849395798219)
 (0.30847876429700299,-0.93282981280072996)
 (0.85830128649193738,-0.7542116509418374)
 (1.1853398296089992,0.31247973043452931)
 (-0.90053282477129803,0.12152632091542298)
 (0.56773010918520761,-0.45181637093721144)
 (-1.2947622912074424,-0.61536516632382243)
 (-0.41769071776553479,-0.59445172488918907)
 (0.47057455757267552,-0.23778799472174209)
 (-0.29679096731348859,-0.032277299201904142)
 (-0.02486823893646898,-0.051120114750085592)
 (1.1697334422352454,-0.12414489846444066)
