# Created by Octave 8.4.0, Thu Dec 11 09:47:21 2025 IST <gamana@Samsung>
# name: awgn20
# type: complex matrix
# rows: 1024
# columns: 1
 (0.6393912473630976,-0.77563979357249768)
 (0.60193533545984457,0.67989969739368261)
 (-0.69122655157012602,-0.658792213128916)
 (-0.66525483157812149,0.79383401139165211)
 (0.69909925243571736,-0.7229169067571114)
 (0.74767560484053897,0.71220213986398484)
 (-0.57622086548268669,0.74117298637369522)
 (-0.72801807331729362,-0.7005734828518666)
 (-0.70093498437850499,0.68214722995575616)
 (0.74096362684453587,-0.74895693224473547)
 (0.72603411241880345,0.84789224698596055)
 (0.69421734713193772,-0.72705140122640866)
 (0.83783401745653352,0.6312125328585263)
 (0.5846920089311799,0.58038002534087574)
 (-0.77250309467322698,0.73118945011536562)
 (-0.72395983344501591,-0.76546034262378726)
 (-0.46945600590260728,0.78559715684763931)
 (0.78907679335780168,0.73409187594259173)
 (-0.79001786916377781,0.71153738956672385)
 (-0.72534827367842147,-0.67156390715145731)
 (-0.79854702662605381,0.76134829002758919)
 (-0.64595304749162874,0.72141152181752544)
 (-0.70863382705857902,-0.76602501291797964)
 (0.87389069309062828,-0.78231271831521443)
 (0.56759702611004226,0.74032473923238196)
 (0.70824237228989828,0.67143907171170136)
 (0.73300543340360502,-0.74128211735676808)
 (-0.70671281835545041,0.77622566945013849)
 (-0.65677739892216236,-0.73533383313188583)
 (-0.68814773847891364,-0.65426162275125888)
 (0.72287692781471569,-0.66212929914666141)
 (0.75647563103964677,-0.7076431382648769)
 (-0.73927666180947804,-0.678661453999992)
 (-0.67186604900596059,-0.7946162762558886)
 (-0.72587641413374948,-0.69577557909703913)
 (-0.80701623436637249,0.78915035811279755)
 (0.56438544822015846,-0.74494873756354907)
 (-0.87432615658171964,-0.5971788490146448)
 (0.80537233013897735,0.62737407443628601)
 (-0.66495665309140428,-0.57045232859407258)
 (0.71572683129058901,0.75782495411731265)
 (-0.73694615762708504,0.64770992238605274)
 (0.69387867190405195,-0.75212804323739402)
 (0.75929545794797637,0.73154186203833438)
 (0.78827198146911115,0.83252915689858309)
 (0.59648724165571587,-0.6423254665422955)
 (0.74986317922830636,0.57223981634800625)
 (-0.65893210272485347,0.70682814074757849)
 (-0.84305567698147166,-0.78789492857590004)
 (0.50837114521659066,0.76464110467544066)
 (0.7094765672213611,-0.76707098989756606)
 (-0.87901460415195787,0.64784513520259823)
 (-0.8129182541418688,-0.6308624219082779)
 (-0.70457493362870915,0.69839714775120065)
 (0.72104678656364651,0.64255517102420412)
 (0.67888355291274427,0.64613987857911703)
 (-0.81207617074145244,0.62947211673970671)
 (-0.71879840432788067,-0.68300621125678584)
 (0.74998097632089455,-0.6619734151724791)
 (-0.81598671718633931,0.70354865778190945)
 (0.64655858580783721,-0.75791187481272637)
 (0.63243743948651487,0.83200198828380623)
 (0.58911516921919671,-0.60708414515633202)
 (-0.76633883827967153,-0.84068685282193034)
 (-0.66179334148977187,-0.77658808632646703)
 (0.64672461722743191,0.67378452703669089)
 (0.74209105944996767,0.61966858026971161)
 (-0.84704684330734958,-0.69046873111637463)
 (-0.64813280038766885,0.8466381568665623)
 (0.69326598969030129,0.67479001715559261)
 (0.67604922357912656,0.67811581679177657)
 (0.78644836748332936,-0.75739888334448102)
 (0.65445057308472721,0.5657650298505853)
 (-0.72174492291652492,-0.65743692407769361)
 (-0.74304796862072675,-0.74628417580579198)
 (-0.63368623261739998,-0.72473883382828708)
 (-0.7806593792965919,-0.60577185904712594)
 (-0.6593996582810745,0.79509380149755804)
 (-0.80487323399203092,-0.64365783223767425)
 (0.72945970399676796,0.66461739263768671)
 (0.69702980393480596,-0.68198594942183877)
 (-0.63644635562042151,0.71070433777957165)
 (0.77203188206729267,-0.65528035978324917)
 (0.76259131990822682,0.66663420716478994)
 (0.72371450554536765,-0.81310276223392319)
 (0.67274027662595859,0.57174628822713636)
 (-0.61946502293826677,-0.80620511349980117)
 (0.72677676131598967,0.8439329802445551)
 (-0.69309010789127579,-0.68923441323563683)
 (0.67749086995217511,0.85025861672877334)
 (-0.74147368613238818,0.75907150147834701)
 (-0.73915258045478238,0.70163046158055831)
 (0.77122882033043327,-0.71495752457970951)
 (0.6458878296159235,0.74895568633677556)
 (-0.59714505363363712,0.79354315875713066)
 (0.71388544497933248,0.69363173944847933)
 (0.68081887212528236,-0.6381203204216771)
 (0.69178194950310079,0.57280880997899419)
 (-0.60626268596797595,0.77583153508704206)
 (0.6808449524630471,-0.69065917875225491)
 (0.57906434679687302,0.67715384784005406)
 (0.67527098418645193,0.70107607675745753)
 (0.68161051045976717,0.76769889051510454)
 (0.75121625356421606,0.61635305694306552)
 (0.66477937977409607,0.70398011529489324)
 (0.75105297307290209,0.69451155912749607)
 (-0.68001489561024042,0.62649670795766621)
 (-0.79293712205304523,-0.79703328243838978)
 (0.68285341060387572,-0.72350924616022805)
 (0.73844761701476613,-0.98131325344442633)
 (0.57849137553980867,-0.69710966057436852)
 (0.63709282886230423,-0.69017172238919333)
 (-0.65389781900322597,-0.678209423677964)
 (-0.80564212757863485,-0.65052482998443872)
 (0.65715101409450916,0.72799299209565893)
 (0.73069947139545521,-0.63614358640890367)
 (0.76666069299775885,0.74571077233791971)
 (0.79569253499024351,0.63484175366147866)
 (0.72192885814138819,-0.64370971091492069)
 (0.779427458728432,0.8146226904816446)
 (-0.7409195686827541,0.77657418766738373)
 (0.67374346885540126,-0.68916244213851063)
 (-0.73048391901071663,-0.60362628823786479)
 (0.5947430960683322,0.81626097508704532)
 (0.67694033509136597,0.7229733719925221)
 (0.73974898117451637,0.81047392959171849)
 (-0.82405289594190634,-0.56548390373547808)
 (-0.85082905509504014,0.74558309569146686)
 (-0.56594217594888019,-0.80550536571536335)
 (-0.72699810767724415,0.69027505735006334)
 (-0.75731656734142927,-0.71353040131234813)
 (-0.64078235746038992,0.69002486455419543)
 (-0.64580102161588004,-0.62263055384235544)
 (0.75345634688264451,-0.60946023373257741)
 (0.61082973484630698,-0.69491543906120345)
 (0.69680861148989159,0.83302992338940141)
 (0.68363918590356321,0.58567979817502758)
 (0.73318566880889491,-0.6036947451466701)
 (0.69012075783324833,-0.78430304833886688)
 (0.71547147387059784,-0.80378883410054736)
 (0.78935256902158479,-0.76704529907668129)
 (0.72793114856976004,0.66074215542732684)
 (-0.76157557520136232,-0.63958854439792712)
 (0.74170112894040419,0.70100512355241851)
 (-0.79762990475957762,0.72499288022805053)
 (-0.70113370158587185,0.71127576588868135)
 (-0.6670289526680413,-0.81438572195729442)
 (-0.69247991333137171,-0.79980256646608749)
 (-0.67394036673917534,0.64156847333139555)
 (-0.5523576965877034,-0.67378106259011283)
 (0.70549818966301636,-0.59721690453099274)
 (0.74805545929300843,-0.6652937883023925)
 (-0.7203136956295938,-0.5577786056688071)
 (0.66684667796113295,-0.62756048276929988)
 (0.65347430586438138,0.71714491637757638)
 (-0.67220514759164696,0.80484996955066657)
 (-0.75745053685354902,0.86236062492132726)
 (0.77416985587488407,-0.5877300891958388)
 (-0.65821135458630675,-0.75376487037810691)
 (0.75267282615100772,-0.64113680855777189)
 (-0.71484386270459355,-0.86967439989572937)
 (-0.75820127029361439,0.75661939971925585)
 (-0.69159582851650003,-0.7338553511580217)
 (-0.6154019254939056,-0.71141633569447527)
 (-0.69085989312447127,-0.75893936987289978)
 (0.75639537079938857,-0.65764780753332808)
 (-0.72905655750239151,0.64279999850857217)
 (0.79671636309058491,-0.75157845239273879)
 (0.85344989557997275,-0.69072438100900757)
 (-0.71128766205295602,0.71963957775869947)
 (-0.72085261933889011,0.85722249522658811)
 (-0.76354369303128011,-0.73016706097779505)
 (-0.73970158612950532,0.72733349898883937)
 (0.63130181273937314,0.71522632185466983)
 (0.78133553166734615,0.74125807792123866)
 (0.69857590181161255,0.8157292673882921)
 (-0.742578612706702,-0.7778635477920457)
 (-0.68744589301840031,0.69117448765964573)
 (-0.60216974773801701,-0.52082617880310422)
