# Created by Octave 8.4.0, Thu Dec 11 09:47:21 2025 IST <gamana@Samsung>
# name: awgn20
# type: complex matrix
# rows: 1024
# columns: 1
 (0.59623759126335396,-0.76582607668528735)
 (-0.70991775265938672,-0.7174320607141188)
 (-0.68100488103581192,0.78115352393471538)
 (-0.69329317558179859,-0.74885990249040968)
 (0.84604937954845572,-0.66233135262139431)
 (0.58596704722927062,0.75288113885401209)
 (-0.62741483768493944,0.67535395078101956)
 (0.66568479044205509,-0.68562620121622664)
 (0.86808196762426437,0.70390652680261823)
 (-0.7196737933560079,-0.55999278960730126)
 (-0.72615742476377265,-0.79450693196218647)
 (-0.64399005505117823,-0.75819890205281926)
 (-0.62451261930180602,0.83428473331487263)
 (-0.71586049067512147,0.58333991802388152)
 (0.66749417232794439,-0.71298675611448825)
 (0.70902214248573681,-0.69469305602036557)
 (0.73251245553660937,0.70987583703213808)
 (-0.69800436930413223,-0.69841033786373696)
 (0.66871112221214402,0.75611666766020402)
 (0.79614531860511206,-0.65611096898343857)
 (-0.76386792754636335,-0.7208251117718194)
 (0.63914716794833137,-0.75159838099274179)
 (-0.68104291968457742,-0.60439485254072745)
 (-0.67041012435760272,0.6820406009560247)
 (-0.59227783236956266,-0.68438245617177496)
 (-0.78758613016319967,0.77153958324545646)
 (0.81973572687904472,0.76950526399355579)
 (0.71529102754783402,-0.5765199913459963)
 (-0.72279660563864823,0.75114140708167854)
 (-0.69793578252896482,0.71057720629008192)
 (0.71948937733131557,0.64516769702768617)
 (0.81008028468323734,0.69218223106699872)
 (-0.72695391502866169,-0.82709207121162198)
 (0.70017788762548316,0.71369123923104172)
 (-0.67138338871489756,-0.78713700045167856)
 (0.70628056673628581,0.68940711192355331)
 (0.56996612864018681,-0.65161104624985355)
 (0.66047786486203797,-0.64701362330348999)
 (0.62242808111187953,-0.70384746923752162)
 (0.76030826740326585,0.71781447270078091)
 (-0.78522616826492153,-0.7576409407073329)
 (0.61645709494808421,-0.65467992566096878)
 (0.67597716819881426,-0.72769920869513116)
 (0.81781664520791564,-0.75564818776130038)
 (-0.71272315788587604,0.74780709191929562)
 (0.69938094823419039,-0.74833811594617761)
 (0.63354092766914349,-0.6982059623516742)
 (-0.66405859412366475,-0.68044538105611185)
 (-0.69816382558948265,-0.68576990972039165)
 (0.64197373106264821,0.70100439261451808)
 (-0.65846438021077358,0.76292036234185001)
 (0.68480088095837677,0.66858807340037285)
 (0.73675188538710934,0.60320105420511527)
 (0.68884752888142931,-0.77069877360551409)
 (0.67751527203038853,-0.86729855270066403)
 (-0.63941796353209479,0.72039198698905227)
 (-0.71162286241188621,-0.7481767706916268)
 (-0.6900877336886585,-0.61996322902502765)
 (-0.70149522967631051,-0.59491076899704698)
 (0.7028803972051999,-0.75476579173628433)
 (-0.68178184388752128,-0.7337989022221012)
 (-0.70344502737269821,0.67628439017131103)
 (-0.72649494948448701,0.73791796330041903)
 (-0.63791299871542062,0.74619954791653653)
 (0.70333079405865262,0.67228634704290702)
 (-0.6760866599902533,-0.61908915787401964)
 (0.57613684846551882,0.65377668875460682)
 (-0.68389233930218885,-0.73035827487207527)
 (0.7304226658767754,-0.72462364601982709)
 (0.82843914898889326,-0.7191618523396579)
 (-0.67106122714314809,0.6997913320643292)
 (-0.72296474977712366,-0.68153687968342169)
 (0.73926747128261772,0.79574773147700362)
 (-0.66881512466072846,-0.67868859382989699)
 (0.78964292298000205,0.78611631566644224)
 (0.7030110734620465,0.66357521859170954)
 (-0.67226728253919821,0.69297619054657578)
 (-0.7640705389490231,0.65185647980412265)
 (0.64230269261738082,-0.7086228947759371)
 (-0.59713426517924584,0.70655031299563553)
 (0.76343807003108799,0.69833275342495904)
 (-0.73769194198431953,-0.64992979210906698)
 (-0.57418290923328708,0.53187591543445678)
 (0.74781578934831039,-0.71922705741753457)
 (0.63664633984282903,0.76232783372381063)
 (0.68388635498590378,0.70955017829052658)
 (-0.81223333566484746,0.74314686846913947)
 (0.67692707821520048,-0.73595492862176115)
 (0.75785162707699438,-0.79487447309978043)
 (0.68111481943252483,0.80166696498404999)
 (0.66177254541582609,0.67078492682235391)
 (0.67609857471963619,0.73936303565935502)
 (-0.70103781145999144,0.60241633912715464)
 (-0.80223540370994673,0.71632810560217053)
 (-0.85884724908908294,-0.6805374589450538)
 (-0.82140628678351468,-0.75461795497327833)
 (-0.80051611808401091,0.73574910618892386)
 (-0.77748911923347075,-0.80225682237366813)
 (0.75582284816845458,-0.69935629776355512)
 (-0.68959719720668922,-0.64132711276285093)
 (0.80536135321252722,-0.65201274890555205)
 (-0.57470743428857385,0.59701664105107388)
 (-0.7417639592143106,0.77700471249101688)
 (0.75030880146354051,0.69664396903297476)
 (-0.71294691932829468,0.70512583329421019)
 (0.69350112330314839,-0.61529733837341538)
 (-0.70722687056111122,0.8122638907855525)
 (0.79459413279047186,-0.63476072876557166)
 (0.69967943192696735,-0.88730946454824844)
 (0.66017410751966765,0.64557160381419854)
 (0.83190919990798196,0.74299521952230463)
 (0.77152599027868696,-0.52311508562839193)
 (-0.69792423551053206,0.68521479012135245)
 (0.70550832574551625,0.86132817313200527)
 (0.66834788143997614,0.71069108054597396)
 (0.64766078232355717,-0.72900108164346822)
 (0.71525394537276943,0.71913537796628491)
 (-0.69694045162580764,0.81881926858634491)
 (-0.73692346563487077,0.84622223173677746)
 (0.74199645409857629,-0.71048467080925359)
 (0.70049926539004026,-0.63208084342747062)
 (0.70993879021029116,-0.74163095668060564)
 (0.60576795869014888,-0.80199967466625544)
 (0.67028782017812538,-0.61293277093578069)
 (-0.70403439201335849,-0.75615222047714281)
 (-0.64618604712224414,-0.77932489417677508)
 (0.62707076776897941,-0.84050400884239507)
 (0.62450488127181292,0.69659545227295749)
 (-0.79954991165827094,-0.70512438267096644)
 (0.72371417528446969,0.71925500798228581)
 (0.68109160975628447,0.69426586533373802)
 (-0.69429348754120823,0.68269580460730384)
 (0.59995039706584974,0.71612178621050249)
 (-0.77416238180773211,0.80682646966304628)
 (0.68486314302636619,-0.72692239073792098)
 (-0.78125261386679234,0.65669337227635927)
 (0.71218149850375023,-0.62449525626340585)
 (0.73174520595657433,0.65739010429221256)
 (-0.76630130970864385,0.79377539016252363)
 (-0.79209861263204384,0.70929402155481036)
 (0.68069402566891424,-0.60633906124606374)
 (0.72511728486158111,0.76761864063314977)
 (-0.80081173509002046,0.84832728943428648)
 (0.69750800559357129,0.74480391430859838)
 (0.73573077043291046,-0.73404402018582049)
 (0.75904425736656289,-0.63182472434472214)
 (-0.62741358751312737,0.63439021459656242)
 (-0.75528497142833728,0.6394255766102569)
 (-0.65256804910898547,0.64819715496523445)
 (-0.69524870246866377,-0.76806890173671327)
 (-0.65822716647870605,-0.80071229161097213)
 (0.6458563410309669,-0.72846215845874507)
 (0.75453234584461459,0.73383213640157496)
 (0.70453275681203753,-0.73937202411695424)
 (-0.64597443114536757,0.74155192348289933)
 (0.56512302379606205,-0.61465475358484001)
 (0.85594727853161556,-0.81521086408507526)
 (-0.76587027272661268,-0.83017968717803581)
 (0.84702405143853177,-0.77330137804523302)
 (-0.64655198049759366,0.78154440487020083)
 (-0.54579995227720646,0.65907151797190677)
 (0.63437343738556151,-0.60668797036138766)
 (0.71862402472867426,-0.64680270666259976)
 (0.75657027466111793,-0.68206483795294648)
 (-0.70717397981882479,-0.66912463520629817)
 (0.71873997167946091,0.71445769086804289)
 (0.78102169545399025,-0.84929425098037958)
 (-0.6731713500972264,-0.72950190542612892)
 (-0.73345033387582248,-0.70432944990023649)
 (-0.75259011314309632,-0.73063269415899379)
 (0.71881534480549691,0.57742419468892137)
 (-0.67487319298985959,0.74046785844172003)
 (0.69410493654776462,-0.74662673206971941)
 (-0.69036679941965939,0.75373948883662112)
 (0.77874389873714545,-0.51493450129108775)
 (0.79439624419491972,0.74632615520869017)
 (0.81202193988608851,-0.67940454576481069)
 (-0.71158353943822761,0.63299110278050685)
 (-0.70764020650246795,0.5840233193817902)
