# Created by Octave 8.4.0, Thu Dec 11 09:47:21 2025 IST <gamana@Samsung>
# name: rician
# type: complex matrix
# rows: 1024
# columns: 1
 (1.1413017517438064,0.88656091134958248)
 (0.33940922027473552,-0.66163276565776619)
 (-0.62299755844574423,-1.052121523793919)
 (0.34211815410821134,-0.93496358566810656)
 (1.0601193409257839,0.48367261342986412)
 (-0.47981474719672379,0.71383605350352042)
 (-1.2845852318100159,-0.75007725292173266)
 (-1.037706205053889,0.75935955315078596)
 (0.79484204846275608,0.49970061105485525)
 (0.37544766796777235,0.016100025686618391)
 (-0.81968701203853067,0.51519373904963262)
 (0.85140346129959088,0.9829613473377723)
 (-0.70358766677021756,-0.99852268055613502)
 (1.0281587322271264,-0.66247399814827512)
 (0.7177698632086853,-0.11038309616059178)
 (0.37858576013523593,-0.75350893570957955)
 (-0.35246989369075271,0.095246914909708491)
 (0.22256166740260602,-1.1398074011601063)
 (0.59315952462372556,-0.57434263618081927)
 (0.43158418622848482,-0.17305035629481944)
 (0.17904500335512044,-0.2918340835827436)
 (0.60407656330454607,-0.7073186203686942)
 (1.0402006953944518,0.69099130827015787)
 (0.65411400965943534,-0.52584949415589644)
 (0.18017851736111851,0.72296130878957565)
 (-0.43426033245530204,0.31429295535852031)
 (-0.80829739327732086,0.067283252365623381)
 (0.58117681864046333,-0.59114018261547252)
 (-1.1546117550249728,-0.50170597202707612)
 (-0.28787686275501023,1.2117819647557488)
 (-0.92714415833896791,-0.41962120516252455)
 (-0.42659103275939758,0.66381940702184039)
 (-0.064109548152269075,-0.38469507625105182)
 (-0.5827247476217563,-0.46059404530366349)
 (0.60065155570407114,0.88377464876699541)
 (0.59731506132586842,0.84968330914027446)
 (0.3187223758516321,0.020006220189250468)
 (0.56212558999112694,-0.28990686127744303)
 (1.2279058477802143,1.0488888623862751)
 (0.4232597319520372,0.45830342319210488)
 (-0.039231918022434031,-0.95523582686565911)
 (0.76182766367519084,-1.4615593711788193)
 (0.22947785457409567,-0.12228623191860624)
 (0.6178549164198287,-0.78065093420749265)
 (-0.4923431922515023,-0.65743815334547706)
 (-0.71877461820110056,-1.1412276263826995)
 (1.3560123907845321,0.47083954791084681)
 (0.38861890111475611,0.48550403669768777)
 (-0.42630545560134675,0.89886213459917608)
 (-0.11451449034282628,-0.24005933974253607)
 (-0.24476592081137649,0.69537931135980013)
 (-0.40147496083817935,0.81652716780447876)
 (-0.54146183049168495,-0.071162451626270218)
 (-1.0204931687315759,1.0202398406686037)
 (0.47536083919848959,-0.20014672751058668)
 (-0.50780015279210478,-0.14987764295001796)
 (-0.58564376891062686,0.52740050644627368)
 (-0.6995872888050414,-0.47314111757678856)
 (-0.84641384174952683,0.33565008118385542)
 (-0.62577562518695518,-0.84221739877872548)
 (0.043345151896857725,0.84640045159391808)
 (0.80388507393312147,-0.23730206392662445)
 (0.72439003169501348,-0.64989275367756394)
 (-1.094282402204384,0.27737425188836884)
 (-1.0885184506167669,-0.93301936754909864)
 (-0.20171086009919245,-0.54505425223914761)
 (0.768288643660616,0.48353435728207139)
 (0.89883677435737108,-0.67282161255029438)
 (0.27598661156800691,-0.71380241601646754)
 (0.67787556208539734,-0.38308364815523838)
 (-1.9552848064063846,0.54144295120215347)
 (0.47908312636134065,0.5332592630974855)
 (1.1687250609621926,0.34834030549439454)
 (0.68782448868228308,-0.89933193327158012)
 (0.66535598276340502,-1.3390889475839705)
 (-0.51110012672550154,-0.91915868524382871)
 (-0.41596499120320385,-0.9864049683780497)
 (1.290478725237302,0.67212356869797374)
 (-1.0341441923947379,0.23486827479567224)
 (-1.3954871923659558,0.6814802890492565)
 (1.2616050475067655,0.80266917328192511)
 (0.34624079318863871,0.20680540872650727)
 (0.61369394456820425,-1.2157012832440497)
 (-0.097904227749172817,0.45627995595245574)
 (-1.0993709675509948,0.035828156527744071)
 (0.83715812888719376,0.82099408827162168)
 (0.59624062839537295,-0.66233299898005815)
 (-0.61521526676434313,1.1005541712474791)
 (0.20633786872215107,0.02228852097998632)
 (0.64250688783236787,-0.26052705350725913)
 (0.14217864200210933,-0.86127985826072062)
 (-0.68159427332622047,-1.0225580211742011)
 (0.68908958237209039,0.36639358363929575)
 (0.29721748355645811,0.93738881326327728)
 (-0.8462300252182301,-1.0874623646033785)
 (-0.0323047810153064,0.36019164709350326)
 (-0.136915620152252,0.78893577430998851)
 (0.907819496081824,-0.61995906550597013)
 (-0.80285868508825997,0.4238473342405551)
 (0.34723072339971428,-0.50714733529900247)
 (-0.73248994306073911,-0.74061125370248526)
 (-0.35202835869169968,-0.22376715381392118)
 (-0.54164669355382167,-0.33210522235830331)
 (-0.46346673710844855,0.29525636967448132)
 (0.73279534338899088,0.36109756868514875)
 (-0.68166999237969772,0.35867505886741824)
 (-0.86356792989416631,-0.76447017102434822)
 (-0.52092397906066279,-0.036919530189255201)
 (0.86432114475428068,-0.64500647966100599)
 (-1.1917934466211446,0.36738117814825832)
 (-0.6948655312675287,-0.59526182352338197)
 (-0.8148778595842836,-0.51179801837533945)
 (0.57504603839520796,0.8537054004703214)
 (-0.3813270628600523,0.12194966641374444)
 (-0.87518221246684402,-0.44185919158482267)
 (-0.58328277763185632,0.41231875723705486)
 (0.95622204968544688,-0.057280806196533862)
 (-0.26325670599096951,-0.12824127221008941)
 (1.5067769289554094,-0.81115433394478975)
 (-0.89179670625476859,-1.0072971423961583)
 (0.48049648829549535,-0.20771902583054874)
 (1.1275766983232225,0.76778234115167543)
 (-0.82746390430633099,0.78715874967311983)
 (0.37984861057213959,-0.035270921749412876)
 (-0.78598598873891778,-0.28104069827984585)
 (-0.31941570654837187,0.15106729466133939)
 (0.52816423566481552,-0.21292793645569727)
 (0.62099419240734632,-1.4746695053759857)
 (-0.75291595844939707,-0.870154329380597)
 (-0.90082531177365355,-0.61252288580370728)
 (0.72622582848099293,-1.3586919715261612)
 (-1.0059086873496415,-0.96137760401244177)
 (-0.74187693080216399,-0.88379243910243099)
 (-0.63140419143518733,-0.11986492314724967)
 (-0.35384069822924397,1.0359496529184447)
 (0.68608486965956594,-1.1232695071350765)
 (0.37162005751698002,0.715578406603672)
 (-0.48037589843650663,-0.32687373939212327)
 (-0.019392739057470132,-0.95741209736191646)
 (0.56102127041538008,0.95891709427308203)
 (0.17664278572324177,-0.76223234965221143)
 (0.96596163008021818,-0.6958570219793826)
 (1.0708944153587445,0.77682768062554186)
 (0.12781776918790499,-0.97623695987989234)
 (-0.64608057654341366,1.5025927150648937)
 (0.041363431628786917,0.54013210086731411)
 (-1.2331051893196454,1.2445623146355458)
 (-0.60713283994464873,1.3827475484039846)
 (-0.73889872485385588,-1.1188831977201323)
 (0.5712879160430564,-0.57016625676195121)
 (0.89743666960546908,-0.02649073550281289)
 (-0.83215482712210243,-0.82013715936978793)
 (-0.52024270363870317,0.22378199144720462)
 (-0.85615098824969182,-0.34612712043201693)
 (0.53891872103715155,0.09421771480857094)
 (0.82862914131178145,0.44433618060673563)
 (-0.92879839219909555,0.81857518160908282)
 (0.74300481718239786,-0.83358409231154529)
 (-1.0620711507510256,0.88503302235646308)
 (-0.48032959073224474,-1.1257346485831565)
 (0.47514137173261994,-0.66641589251862954)
 (0.29540305504108866,-0.48922027066885987)
 (-1.1449323200639763,0.68379370895500724)
 (-1.1124104805083095,-0.10868169059257604)
 (-0.38155144830088933,1.0214992759074362)
 (0.03991604158667067,-0.15197209011170421)
 (0.5904419494765033,-0.65660664726494755)
 (-0.29590492900511894,0.91914731055430154)
 (1.1914652310760647,1.0549964517163535)
 (-0.93774926100789424,0.32764608802668238)
 (0.43643519991037327,-0.8638959604814227)
 (-0.51403405788847456,-0.63553439503455489)
 (0.31484822275848257,-0.22239663248763555)
 (0.84783170877215708,0.81628271670012864)
 (-0.89967509791979527,-0.74377723075290503)
 (-0.19316307579462116,0.40388997180967484)
 (0.3041690703673422,-1.3323265166145051)
 (0.75804547498457253,-0.57518292534017668)
 (-0.99249734372795972,-0.69338160029254381)
 (-0.59267044316757977,0.42173394593847996)
