# Created by Octave 8.4.0, Thu Dec 11 09:47:21 2025 IST <gamana@Samsung>
# name: rayl
# type: complex matrix
# rows: 1024
# columns: 1
 (0.60777352578479493,0.93265911564571558)
 (0.42575349614525027,0.017309379610986692)
 (0.56292500535607015,0.080435738170850812)
 (-0.058415026390430752,-0.51375423081434024)
 (0.26146945332667143,-0.2550166140345414)
 (-0.35118407895231812,1.0253940475137953)
 (-0.63864011992523939,0.70683532706723273)
 (-0.43364367752238508,0.22987609336794623)
 (1.2109947455411687,-0.44536842532592708)
 (-0.93720650926764049,0.58688149644435228)
 (-0.36038045348590841,0.29279190269138122)
 (0.61016336009685312,-0.37385156747412174)
 (0.12812213635225592,-0.51679450971441609)
 (-0.68531597949399592,-0.43961442496723102)
 (-0.41757112896213527,-1.2331970944868049)
 (-0.43093030051660064,-0.63687490647863243)
 (0.62418831923427875,0.89737487665578475)
 (-0.40983141188162769,-0.49284096143101214)
 (0.36565168845986562,-0.8978650129672775)
 (-0.022527076348526798,-0.69062274471451146)
 (-0.17907953065246474,1.6557532045876049)
 (0.13784372535230283,0.028483310036004399)
 (-0.72243612138325919,0.094656144955245991)
 (0.62622242301240338,1.202156030378122)
 (-0.62355711492199117,-1.4767162933722833)
 (-0.3624861768850216,0.080009850310743369)
 (0.56089412792724569,-0.77250843868273522)
 (-0.27722676999036983,0.74505735240602311)
 (0.75127427308093808,1.4875833138851318)
 (0.16625744098766282,-0.83977582631961123)
 (-0.088417870510068691,0.014584782007429589)
 (0.94201947474283065,0.50812895447799)
 (0.6242980972750779,-0.91566975230774295)
 (0.15559604680226938,0.14278841839157583)
 (0.2054957038388654,0.24503252879934273)
 (0.028897562405255511,0.38930282168423924)
 (-0.37257786422838068,2.2471882283923206)
 (-0.74212963655690778,0.38872181419397511)
 (0.13263295955908261,0.31044552926190488)
 (-0.58504850015530108,-0.93551169613219509)
 (0.028898624164410188,0.039080644218522899)
 (1.2291565705591114,-0.16332811911788458)
 (-0.19897732498825696,0.60715814894278364)
 (0.22364561299414698,0.85195994952970133)
 (-0.51866094604021062,-0.10983369276327179)
 (0.88086277692732307,2.0468478930615444)
 (-0.70862744017232504,0.71938672991993291)
 (0.97192256249679354,-1.4564835815073909)
 (-0.55593186651930182,-0.063812197520587338)
 (0.034974869298893374,0.028875005728012104)
 (-1.2307301777279167,-0.51976798934469404)
 (-0.1702832498609872,-0.41346665318455278)
 (0.14289938526826707,0.78637621939668434)
 (1.0231944589436923,0.19251655185095656)
 (-0.074078399770084236,-0.78969483035677224)
 (1.6105698082151045,-1.0450913720338164)
 (-1.3136045994387262,-0.081602037545988271)
 (1.0212399490139916,0.31381924092181945)
 (-0.53352298121898167,0.32665918490240875)
 (-0.13621676414087244,0.63226893468773104)
 (0.5110860120907339,0.43950922796208214)
 (0.099962386061723918,-0.073228137046271929)
 (-0.54775569576812688,-1.1492145690741318)
 (0.055380573979014552,-0.39226065651987307)
 (-0.13469534176613962,-0.23940626301657686)
 (-1.1799658246730931,-0.53427728624633408)
 (-0.28583791683351711,0.22496696283612938)
 (-0.027360663504569782,0.4302546231134205)
 (-0.39103112518492089,0.64712413393560608)
 (0.581957686044004,0.66481957208497755)
 (1.4572426791598903,-0.41539187340124384)
 (0.97427130370204373,-0.55040741511678648)
 (-0.36529811861317574,0.015716061614352156)
 (0.76486990956620593,-0.089257568240892204)
 (-1.239862126933555,0.18190807776300044)
 (0.30525920097863635,-0.72979313874310714)
 (-1.4211585899531192,1.2332939920452357)
 (0.57644258582975083,-0.84411355176270053)
 (0.3252617839561609,-0.3877350051547841)
 (1.1163547359225428,-1.350450395801515)
 (0.59121696514549926,-0.62447192918006555)
 (0.71450010177345058,-1.0542623943944149)
 (-0.83701289441170312,0.69704424774020335)
 (0.2355381314289518,-0.93800255413382372)
 (-0.14384804638842219,0.28681641186650431)
 (1.3754745841961662,0.53877277425027037)
 (0.75196308685186053,0.38593440527218897)
 (0.63600399159283116,0.15974950672397839)
 (0.0071410011736043055,-0.31128395274428977)
 (0.49351735448741429,1.4747269897843993)
 (0.19920610115998902,0.074459036936153272)
 (0.91958498789394127,-1.2257973585512234)
 (-0.10355922564814417,-0.040380521849225345)
 (0.88718745272305144,-0.61289127484014627)
 (0.45141765084130125,0.3075451876406069)
 (1.2318760196278871,-0.50999679099511419)
 (0.45587762734887977,-0.44575365134061556)
 (-0.39547629880988838,0.63006123457281249)
 (0.4617961734327013,0.54178143612763663)
 (0.48332150032396337,-1.241167649259912)
 (0.024979114940922253,-0.74579620967888038)
 (0.36122452898413426,0.031178933138992448)
 (0.41510971212085013,0.42608044707749904)
 (-0.16443785756086216,1.5292531743425943)
 (-0.067313621174553667,-0.39290425710560395)
 (0.080363073702340138,-0.94550026665062314)
 (-0.5944277672333621,0.63310560555897022)
 (-1.0901478098772988,-1.4729778064125443)
 (-1.0013645212534488,1.2980150456730197)
 (0.15493353080849698,-0.35665044580151833)
 (0.3088439345961248,-1.0550819096656943)
 (-0.86010521116522609,0.79547553863230558)
 (-0.22158803140908193,-0.56962601401258739)
 (1.2481543945775246,1.6318550708676345)
 (-0.18133521808641326,0.16342937059492776)
 (0.77100803785306649,0.1351331264785367)
 (0.90443444088914837,0.6972027703634972)
 (-1.5117593896267356,0.28232367257082713)
 (0.22472202285931786,1.0559021158047122)
 (0.086447914307664048,0.058006188867181369)
 (1.3033555777749737,-1.2650149068408474)
 (-0.95467888106114507,-0.34114635945572891)
 (0.35982523386216408,-1.0431155109616861)
 (0.13804978568590134,-0.44369884006511051)
 (0.4183073112958049,-0.87871595653223888)
 (1.5054528331211379,-0.080569395682021816)
 (1.6321805781493186,0.42771811859502573)
 (0.24697905052099084,0.63582637135025077)
 (-0.77332323901783362,0.015070094285571711)
 (0.61626267925247968,-0.96178734800966148)
 (0.24730169432797319,-0.19033933467339145)
 (0.42919391282089481,-0.06951131486504844)
 (0.073472091776268122,-0.60354901563922259)
 (1.1507706881497231,1.4863081953411816)
 (-1.9371147228109966,0.30816962161639916)
 (-0.037366627594551616,-0.27766366517739477)
 (-0.56393268255985463,-0.96021845909280901)
 (0.1105752427953669,-1.1255205611844996)
 (0.73584852803488821,0.54784923216012327)
 (-0.35013490599861757,0.57288215509676432)
 (0.10283787453290093,-0.26353405518907147)
 (0.8760108644214939,0.77067172369059733)
 (-0.10965809619697053,-0.84319208747041152)
 (-1.0340673562668152,-0.79045809928979194)
 (-0.53522542672483375,0.19935295030416517)
 (0.31701738396509149,0.96747968386390915)
 (0.81460766012609798,0.96605329244712179)
 (-0.77936514564013004,1.173715675287506)
 (-0.98005295064793119,0.0061302746400835884)
 (0.22040628517857208,-1.3662646322140564)
 (0.030531275705074745,-0.5400892149854164)
 (-0.92844752391728691,-0.29401775311718059)
 (0.67899510987796885,0.50296237150620737)
 (1.0509101863625514,0.30083636405378389)
 (0.66188900989622579,-0.013209960750316996)
 (1.2370515076166235,0.069018819550670796)
 (0.13356486034665344,-0.18775176294764112)
 (-1.376746891100507,-0.017585479977635377)
 (-0.76323561004581864,0.03530330555694744)
 (-1.3101662442106099,0.77452801073959798)
 (-0.7569759139287191,-0.17987917877316756)
 (0.33154064351607271,0.13293203833196701)
 (-0.78907833820700257,0.079945678571611778)
 (-0.065476223633342323,-0.70603013042175666)
 (-0.39895490262821109,-0.076952305366436963)
 (-0.11601843097550857,0.25995820592363889)
 (0.66119646789349162,0.50871282268493845)
 (-0.72343506267833291,-0.62745157804783169)
 (-0.22783248099251416,0.53032112001935416)
 (0.60976068512339565,1.6040842192421592)
 (0.20311198306882128,1.0334427272767521)
 (0.65629887127340381,-1.8424382246873292)
 (-0.67129857872120358,0.25217635627681451)
 (1.4176273401219084,-0.5833768347122934)
 (-0.48728748014491663,-0.22432007240109311)
 (0.61077459761211039,-0.67918006155491106)
 (-0.13824702920753398,0.13471086067375734)
 (-0.29880327943816365,0.39216543991468733)
 (-0.22138256940038553,0.12834946123009411)
 (0.14579123655621118,-0.95865808458922375)
