# Created by Octave 8.4.0, Thu Dec 11 09:47:21 2025 IST <gamana@Samsung>
# name: rayl
# type: complex matrix
# rows: 1024
# columns: 1
 (-0.43414724895733087,-0.77809918423122038)
 (0.60940450158722026,0.0074800372144719351)
 (-0.65784203254951468,-0.71241773723159008)
 (-0.2073278685827257,-0.45144820783924122)
 (-0.55777778365818387,-0.83977095665063173)
 (1.3982739710448995,-1.1270717101118775)
 (0.95682717164134246,1.1587431497367642)
 (-0.30877047136306285,0.1882207588025252)
 (-0.22132527628752197,0.25974999728489634)
 (-0.95461993052902738,0.59637140114270315)
 (-0.2962863833273468,-0.34560485455220202)
 (0.28630566531105606,0.82224271214162825)
 (0.45352998873266637,-0.83337051380281657)
 (0.20680361959167487,-0.24967922838927903)
 (0.0080513471770329859,0.16668792653217318)
 (-0.58280083237242575,-0.94946619608937388)
 (1.6814361683999077,-1.1728623383023928)
 (0.088452448109834547,0.007095892897097382)
 (-1.1969680603404216,0.7687866004347591)
 (0.38255781989804694,1.1170178398462474)
 (-0.47832403648719135,1.6929403244279921)
 (-0.19945545151699184,-1.6168094345475392)
 (0.15080639456102363,-0.93741590555736831)
 (0.91762666526633274,-0.022817986569855786)
 (0.50312753763521956,0.16675798845593454)
 (-0.32424292653871811,-0.12108782091527684)
 (-0.085844258037614085,0.70814733399057073)
 (0.13711473499295593,-0.21242169926374213)
 (-1.0732843511357326,1.5613763095510969)
 (0.09138372271854836,0.45636265078728722)
 (0.35568378337526174,0.21234363752238994)
 (-0.28128877832550364,-0.30450376878080104)
 (0.56898881845619653,0.50203552443360533)
 (-0.542204044568531,-0.8730126511404297)
 (-0.2579675198355933,0.068766224432681183)
 (-0.15502273370376471,-0.44481940804908771)
 (0.088693080827616927,-0.045849060815640517)
 (-0.44277294734523237,-0.46887615885632289)
 (2.6565182667942184,-0.6004226770941723)
 (0.74613118949947732,0.73406315657894639)
 (-0.52725769000750577,-0.83367348168865962)
 (0.66996715749812785,0.85008588495902249)
 (-1.3018112508545956,-0.27656270554695039)
 (-0.47282088514205056,0.17839490514549761)
 (1.081884493805106,-1.144112213787212)
 (-0.93793469377805716,-0.39235792518250634)
 (-0.28804767293202738,-0.82864124688021246)
 (-0.15004622608020821,0.20423290668033492)
 (-1.7618786997817986,0.16563771385613424)
 (0.12192104367244572,0.75708356064454574)
 (-0.29994301946131302,-0.34688944016919404)
 (-0.29099418211943578,0.19229607794709669)
 (0.36258353489806133,0.89003564158076842)
 (0.91466760075172171,0.42410632102074619)
 (1.169102786308327,0.42174722127257369)
 (1.5612526453964135,1.0801770892733626)
 (-1.3293014751378323,0.17851434168009572)
 (0.50712543045939795,-0.20942920288596389)
 (0.54902453734833923,0.67412846716221841)
 (0.60055175321999787,-0.51881941059751269)
 (-0.67914590187474433,1.1343952745471502)
 (-0.045438040690366291,0.085483769319491351)
 (-0.1873072152567406,0.80246542494727335)
 (-0.55221109941908808,-0.083357251374875541)
 (0.21226416036037629,0.68167905522001326)
 (1.5950499322152778,0.27026939466471045)
 (0.63395396376732172,-1.0115118172475965)
 (0.23033380193331712,0.21497105224043742)
 (0.6405129525765807,-0.20188764170565784)
 (-0.19935072042286661,-0.37804725587039478)
 (-0.0066470972432094988,-0.85841845159235475)
 (0.88194791174727505,0.85660915569902141)
 (0.30883769918975668,-0.12312507046353796)
 (0.60874678500734292,0.34130715531739275)
 (0.66889020669382648,-0.26840497951981718)
 (0.50472758710634902,-0.67587141378243043)
 (-0.22832137382124035,0.86509225169319448)
 (-0.38351635139983337,-0.5175244541801105)
 (-0.099094988833258568,-0.58481815237893908)
 (0.40754743135872057,-1.3334807151436801)
 (0.77814724424094073,-0.18696877951878449)
 (-0.96931514437728661,-0.59250722131084832)
 (-0.22105134459022352,0.89082389617869318)
 (1.2332627895634172,-0.22804805766472036)
 (0.46385518593948072,-0.19020690484323377)
 (0.18139871721022827,-0.13990612708073757)
 (-0.47033628829524637,0.22968442789542926)
 (1.0241339371229392,0.66365566955751998)
 (0.30418232214516622,-0.24060803919629475)
 (-0.83292322250992545,0.3410415823091435)
 (0.86663009397274893,-0.96210620980179762)
 (0.42337013801895657,0.70874721604305591)
 (1.3740753758704662,-0.73564442363969906)
 (1.2653935765511535,0.41048262756056497)
 (0.48468156088289882,0.0045610468149208938)
 (-0.51347376484163088,0.80669787993604747)
 (1.3752508291988741,1.0096958402471319)
 (-0.014459016678992277,-0.12296681213787025)
 (0.53824072362647035,-0.66827346698426005)
 (-0.9858628763364814,-0.16088605172592341)
 (0.29491353623141398,0.29669561583566822)
 (-0.064602157847062081,0.53412770914384877)
 (0.23442128272145987,0.71322700147247342)
 (-0.042398529652388245,-0.25266347979085657)
 (-0.27145680100426517,0.56671954926198753)
 (-0.92175209232439537,-0.34847396822000287)
 (1.039695571731158,-0.76646815767767684)
 (-0.75002284035896583,-0.81651767966936462)
 (-0.66037552118271747,-0.89882663098504134)
 (0.83286579846491637,-0.19841285145595949)
 (-0.27710825272995254,-0.44476552183635198)
 (0.73370051248601831,0.36746856189408228)
 (-0.34617703647492337,0.84277573737844758)
 (0.28753807600261527,0.49787772772484684)
 (-2.1876661388549183,1.1611543494600602)
 (-0.55091268063902532,-0.22893858576188594)
 (0.33035310878109148,0.34775307352343443)
 (0.16063350098558529,0.13005136363634426)
 (0.57368884702779888,-0.31224465824990366)
 (-0.23241454540246698,-0.62257665533258078)
 (-0.28810818710831332,1.5434911264668865)
 (0.15816433879687786,-0.26821024724664605)
 (0.095428340987409627,-0.35366113268666155)
 (0.32392813833169809,0.36819706202003266)
 (0.22452396805288843,-1.5361792143038726)
 (-1.1840231533005094,-1.029111137089441)
 (-0.29247557591002593,0.71179707488863531)
 (1.0689509648183728,-0.46768683775779263)
 (0.58215484745722379,-0.52647958128836092)
 (-0.7137085950290043,0.11174179088782471)
 (0.34393443318776251,-0.74714066906925303)
 (0.92296952969625257,0.62084439079180975)
 (-0.15316652106264694,0.080126947163606979)
 (-0.2330331467963257,0.26380237805997975)
 (-0.4668233103848114,0.6330012689697857)
 (0.39325411157818385,0.59581500436887291)
 (0.024654791602465202,-0.033726337873738903)
 (0.84033518251954109,0.15849231358407739)
 (0.046531945095435429,0.43350194424494637)
 (0.42196220334034357,0.61492860960068341)
 (-0.10170786239482366,-1.2361090758765916)
 (-0.40518644253321279,0.13468440331203224)
 (0.24151388053193248,0.66802647574397456)
 (-0.26665890932218977,1.0404008122012092)
 (-0.22051015003487626,-0.66208559915066745)
 (-0.35714173486732137,1.236564626911365)
 (-0.47691520728618675,0.071218565473709999)
 (-0.33726631472211877,-0.46439522567379932)
 (-0.16595610892844997,0.89069477708896105)
 (-0.051779794860841555,-0.58989401776725736)
 (1.0893522057522875,-0.58582307135760237)
 (0.064424902605183465,0.95943404173593838)
 (-0.50522657688245332,0.46603470416581866)
 (-0.59419816064686637,-0.4686847318491475)
 (0.61500021249423131,-0.88663960640046868)
 (-1.3729163981905672,-0.3110188491100031)
 (1.4136394615164227,0.19510749152802209)
 (0.16458668722177461,0.35763288444577557)
 (-0.24836734219530249,-0.31739258751638816)
 (-0.18879977162734951,-0.27644661131270393)
 (-1.7045612075094061,0.05836087824189351)
 (0.3199673452561953,-0.48580553939800963)
 (1.6275458370112361,0.79845597913897604)
 (1.0455611164833916,0.26032160492164202)
 (-0.82633835407472089,-0.11761477882830912)
 (0.8945123535765227,0.28987441097684435)
 (-1.2493101426897542,0.12713661371238716)
 (-0.55021602099146794,0.08152683820971654)
 (-0.91923061270442585,-0.33926883649890588)
 (0.55496612833687986,-1.0778420500663908)
 (0.3876964829993983,1.9273263483049003)
 (0.43205980707507641,0.74101727227367198)
 (0.28280702450918638,-0.77712249168253911)
 (-1.0995074734316457,-0.094262392535939821)
 (0.3500447528981987,-0.59457757940682643)
 (-0.28442957503990818,-0.039545710532014805)
 (0.34563712543715219,0.041633683088900864)
 (-0.02432929251466967,0.44313438789537507)
 (-0.18846315386691173,0.21012912063019104)
