# Created by Octave 8.4.0, Thu Dec 11 09:47:21 2025 IST <gamana@Samsung>
# name: rayl
# type: complex matrix
# rows: 1024
# columns: 1
 (-0.60139181055850011,-0.26635631418409006)
 (-1.2619315208039761,0.92813667294665658)
 (0.11603436092371926,0.03848355398009097)
 (0.11414775362842672,-0.10462415470732864)
 (0.58887850319754653,-1.1975488762171771)
 (0.40576379514193839,-0.3742526887220553)
 (0.7220436081043653,0.010423717327711468)
 (0.47491539455427123,-0.092378409677279477)
 (0.24752025845736492,1.2394717700029316)
 (0.99821059689989877,0.21257655510356621)
 (0.089278984244137161,1.319444247163839)
 (-0.80532032546871912,0.31299401000635285)
 (0.19815966423877751,-0.28473797849068555)
 (-0.066070901698759898,0.81973454153846181)
 (-0.14932627947571103,0.89271686692766328)
 (1.1771750223405113,0.0036587825509304395)
 (0.5881975542038419,1.4702598603201396)
 (0.85775615254586035,0.41161316146749316)
 (0.14079954006990911,-0.23420042114261538)
 (0.36572115250222387,-0.35764310020621187)
 (-1.6208734974117602,-0.64762357073118126)
 (-0.44271009282749341,-0.79833851586152416)
 (-0.45911319529925293,0.13703430887487328)
 (-0.36553217032085672,-0.70600878852573201)
 (0.69647980664592968,0.57450679589303677)
 (0.94964506250563063,-1.8098786999261285)
 (0.42165973932439171,-0.19664069166154699)
 (0.15282210973353594,0.29643566147221356)
 (-0.11395569160771821,0.54861590359990231)
 (-0.97616121750848273,-0.23459461118360381)
 (-0.84012036949741531,1.4223520085346835)
 (0.82650607587080971,-0.39774908847194956)
 (-0.80768924843441936,-0.81587522652629585)
 (-1.2070665005967751,-0.67176847221705716)
 (0.63045561115635318,0.73786111651963793)
 (0.063897014677828212,-0.75798062311618941)
 (1.2012070886029074,0.66500130186355411)
 (-0.15667160440661951,0.20833168740308658)
 (-0.38938850032500005,0.031033781244726916)
 (1.1591836435163319,0.63893543584216572)
 (-0.083176006768365729,-0.53665835626788749)
 (-0.29336966792256036,-0.61321819623374296)
 (0.7192318077518689,-0.33062354668012461)
 (0.27309695356530156,-0.58854290466559678)
 (-0.52117055884055796,1.3923975849922681)
 (-1.0200487435468584,0.21379124946410888)
 (0.59154063044503113,0.23798923609100905)
 (-0.53940070757227221,0.57134277990798088)
 (-0.4011489558967713,-0.17965833871625242)
 (-0.19828890035822982,-0.72993512563891083)
 (-0.34352833362637036,-0.80491673472474701)
 (-0.6547925097844598,-0.020270299027032535)
 (-0.27115592551182632,-1.6467878937558877)
 (0.10218909182726765,-0.95703269004642055)
 (-0.20815603091392171,0.086774403759355231)
 (0.17218061233390597,0.095215280540224934)
 (0.31549906538846173,0.51724965352916763)
 (-0.19389737396244977,1.2584593224828788)
 (0.41510017888807821,-0.53836080803566488)
 (-0.87173044022670743,0.54799407121327026)
 (-0.078000112353212039,-0.32550122320425773)
 (1.6041642410829637,-0.5968252762902061)
 (-0.44192967902634861,0.87984686255432887)
 (0.98180648462985531,-0.59400534675469197)
 (1.2808818444902059,0.52122558133736807)
 (0.61058976734391757,0.93437668351289949)
 (-0.063873063767327792,-0.22306176290097221)
 (1.4440357035475717,0.31111710017194072)
 (0.6490863226616217,0.56997115590361047)
 (-1.1533895223767459,0.78198224968787389)
 (0.33763740473142428,-0.58188461611948095)
 (-0.085887185271349864,0.74458812553518605)
 (0.26853776110079908,-0.49736942323759969)
 (0.8572530362238584,-0.27816438961404527)
 (-0.18935159716576355,-1.0278671862181723)
 (0.31696833529013446,-0.68590942505693175)
 (-0.053826761381977214,0.12136003996139093)
 (-0.89610481479093829,-0.58703233375458064)
 (0.096400340936857121,-0.41478219703416686)
 (-1.337864895177127,0.62627926172672188)
 (0.13693879413930629,-0.051682282620266175)
 (0.15553980388114194,0.27013940579331452)
 (0.14376340795685894,-1.1890198154915237)
 (1.5944727153086007,0.3544189427411677)
 (-0.119660171031061,0.067353968020844729)
 (-0.76129627599499472,0.057662195768890756)
 (-0.38473693961919064,1.4955543210402775)
 (1.3554558432779649,0.30203353613923523)
 (0.84176565376924573,-0.56627195964486265)
 (0.29779711702914291,-1.0677965597084018)
 (-0.49527855344311122,0.37502103470060888)
 (-1.5757638846699189,-0.63162865656307243)
 (0.38047112027766222,-0.15074487673820941)
 (-0.075384899467945701,-0.25814590477504989)
 (-0.74667762909936919,-0.53483607525151988)
 (0.014334811538296549,-0.38245005924571507)
 (-0.41180842375509824,-1.2521533108941487)
 (-1.0135257211822324,-0.59019327659785081)
 (-0.040999440478762056,-0.50417267347339689)
 (1.0047499010900298,0.23512238153908765)
 (0.42639598447605886,-0.65209409027103005)
 (0.14529900372369711,0.093953019447808983)
 (0.51239798358575583,0.51837373892846317)
 (0.57373009292606358,0.6597735669654996)
 (-0.12333523512657724,0.05777631824638757)
 (0.24877629908213947,0.53273806328306161)
 (-0.38516106965299263,-0.32706953132310074)
 (-1.5405964203459499,0.81155019725299427)
 (-1.2374834831085211,-0.62324557642489586)
 (0.26276455069706112,-0.57341966440926972)
 (1.463018112981769,0.99351043748337253)
 (-0.13541478120324513,0.89323594322753852)
 (0.44895998617085786,-1.3372766246777186)
 (-1.003690853054622,1.6490339537773575)
 (-0.6570004210024778,-0.19314161385613932)
 (-0.14083171271875988,-0.97168834297414186)
 (1.104296274970038,-0.065807499927129864)
 (0.72031494965119625,-0.33136363981360017)
 (-0.055848089495506154,-0.31466900583781088)
 (-0.26046447165446851,-0.43381463201979276)
 (-0.69805380960755659,1.1763996563854182)
 (-0.19727072321988537,-1.3154530058454779)
 (-0.58270042106195841,-0.92793930340376107)
 (0.32648231177752918,0.13370916692019313)
 (1.0967734400373224,-0.089156965573055191)
 (0.074537028021268159,-0.76515065214165778)
 (-0.92530642611445579,1.0753730200830172)
 (-0.92696130101499741,0.98578936816422769)
 (1.1079931298040042,0.69094796079451493)
 (-0.85781964401829769,-0.47477289584022503)
 (-0.75538224678593913,-0.088834670767881763)
 (-0.57958275019407335,-0.32120626116159157)
 (0.25232499022309046,-1.0612926263028639)
 (0.2712228490551794,0.087865730399869738)
 (-0.57544007087243609,0.26870610287427088)
 (0.042655710034471161,-0.78330327890643447)
 (0.11898702924871246,-0.13871528553898149)
 (0.9963944068439532,-0.69539661818742893)
 (-0.56186252755869559,1.2337206502947629)
 (0.6296523408514958,-1.0440806104631724)
 (1.0302002496617915,-0.42919279433095481)
 (-0.74242540514314259,-0.16485086823153505)
 (-0.4813798624950138,-0.6893025100946828)
 (0.085987612677055014,1.9150189797432633)
 (0.3582730299342074,0.48850077524034186)
 (1.5413734174141196,-0.023312652343804308)
 (0.2606000509046188,0.66767295336532129)
 (-1.3099378545973721,-0.10966239328401295)
 (0.20225522167495846,-0.19809990091343455)
 (0.11202094815793079,-0.64316636087535883)
 (0.23732075451720333,-0.57952454488955218)
 (-1.6305036866939902,0.56653612918847596)
 (-1.1580263246859952,1.1851060017179413)
 (-0.26237696049551956,-1.1371309452666249)
 (0.24273077891728884,0.27596577375175618)
 (-0.7137750028027805,0.31752466500094201)
 (0.59100223607491165,-0.65832264179127686)
 (-0.9835220627870277,-0.41370641750306814)
 (-0.033031607571837401,-0.49234846977574265)
 (1.1979717945564032,-0.40368660871435025)
 (0.15839362711738705,0.58957919316075025)
 (0.53297110006054449,-0.76373784567909275)
 (0.44204936557461977,-0.84881313674130698)
 (-0.4984642202890241,-0.31735219725870961)
 (0.028533419813235483,0.40210163961107359)
 (-0.048073118170393558,0.46130365785881938)
 (0.91172729709129618,-0.14117667512540755)
 (0.88693177607146856,-0.90269685822255097)
 (-0.088108887237517974,-0.29215821905098815)
 (0.62015630491413876,-0.044565979609867468)
 (-1.0632610628661143,0.0021227328866930684)
 (1.2363783598889106,-0.19221486686327949)
 (-0.12626437809421692,0.39284304781666296)
 (1.5184351334264921,-0.39777150827421104)
 (0.31318258853376957,0.56391032326643586)
 (0.71342377912386479,0.49915075008878601)
 (0.86943663150852735,0.10548362063166988)
 (-0.49195274797707139,-0.48862397872868585)
 (-1.1345212164304903,1.7758412579491383)
