# Created by Octave 8.4.0, Thu Dec 11 09:47:21 2025 IST <gamana@Samsung>
# name: awgn20
# type: complex matrix
# rows: 1024
# columns: 1
 (0.74744383726497521,-0.84101703436985575)
 (-0.6577103272199496,0.62034818679725956)
 (0.57000553636791185,0.59513535366606085)
 (-0.85336069553302729,-0.65037774195885023)
 (0.77007897604940911,-0.66402298035912899)
 (0.6742438891320478,-0.70764690308098765)
 (-0.66625563371879526,0.73889719033198742)
 (-0.73337944676593358,0.70736660845128496)
 (0.66129201569464102,-0.75249486424294731)
 (-0.59338865825919784,0.73227070099855684)
 (0.59499811485210785,0.66540859572602384)
 (-0.73767337969030544,0.67903118118783912)
 (0.68826191111449142,0.93140466085989426)
 (-0.70805559405429541,-0.64955909480483376)
 (-0.65486327639118913,-0.61992149888098558)
 (-0.85356308307285922,-0.71839654740635739)
 (-0.78917257385842599,0.6691417452482481)
 (-0.77164199630323393,-0.74929794207528522)
 (0.76175205711026261,0.70052378607423949)
 (-0.61536053542383518,-0.62686634068190361)
 (-0.71849483938654701,-0.59462956185149507)
 (0.67096702752135529,-0.53191387014677671)
 (0.69867776901209355,-0.66660240145920302)
 (-0.71772778589350261,0.77229976894150276)
 (-0.49902884060889563,0.73217036646151834)
 (-0.84416327159913485,-0.75208624421475689)
 (0.66942014734731248,0.75985450799106513)
 (0.78613524225573472,-0.78416493897926887)
 (-0.69049490176631401,0.68159198700941337)
 (-0.6380276333627537,-0.80530989307070622)
 (-0.75813813732644952,-0.78257942836307681)
 (-0.76491487089268473,-0.7197309001941864)
 (0.7974597219524866,-0.69561897255992911)
 (0.59973559742325955,0.63926718991444276)
 (0.57653150378635343,0.6759439849037997)
 (-0.67222773920592493,0.65966481214324835)
 (0.7650272912306193,-0.63686187096579661)
 (-0.74678835389738785,-0.72468424191899172)
 (-0.809198860594873,0.65984197786999421)
 (0.74325938805559388,0.7468282706639251)
 (0.58927080372274676,-0.71553129469266685)
 (-0.7347862604726918,-0.66995717756829321)
 (0.7453181641365606,-0.63655842829338438)
 (0.63168096713863264,0.73276919599725288)
 (-0.68478177526194339,-0.71336318688906064)
 (-0.84403047700802059,-0.74866851454457517)
 (0.67869544484368205,-0.6901998638218747)
 (-0.70086495017476136,0.79448152392953586)
 (-0.58230090077825791,0.68156467286491451)
 (-0.71597096405683425,-0.77823364076696211)
 (-0.77777185265350279,0.62904599939887818)
 (0.73292310494745716,-0.71406068612315132)
 (-0.63913283518878694,-0.74501845246295462)
 (0.74755846696072381,0.87711021909479903)
 (0.81344128619625222,0.79275459691919914)
 (0.7189009881359042,0.76032987691185161)
 (0.73356420926382049,-0.78908619440016814)
 (0.61498301093102248,0.61263275767229775)
 (-0.60827252257892028,-0.72870118907956605)
 (-0.63077809720652978,-0.77315221406999157)
 (-0.69935965835086378,0.58317606862184568)
 (-0.61371793957562581,0.73978968823623226)
 (-0.5846574537495679,-0.76591125921239445)
 (0.7279483353878573,0.89249531754014644)
 (0.66064638686835786,-0.6458437449987775)
 (0.69806200230120363,0.71221125114520079)
 (-0.66704820171300649,-0.70073679854587601)
 (0.53610085860708789,-0.70957460750209378)
 (-0.74856709412274991,0.83848411216050811)
 (0.5861447581299275,0.71126868992686731)
 (-0.73321326334552139,-0.70722360413618268)
 (-0.69270320545112996,0.74765152673034274)
 (0.73839046021173926,-0.77521832844323668)
 (0.61097733197184811,-0.68355808485307756)
 (0.73780551323615595,0.55916219024271441)
 (0.78018469924771938,0.69520993084328508)
 (0.75035341008967471,0.66297030332847939)
 (-0.67500657528773522,-0.52661548345854925)
 (-0.72918600274717527,-0.68078064174160857)
 (-0.71663965518062889,-0.74652303904239747)
 (-0.68799118805102089,-0.79385608072437241)
 (-0.71180277929698166,0.7050527056184166)
 (-0.78832982138649477,-0.84602446429397837)
 (0.58924283372171427,-0.64357291650596693)
 (-0.75482528130195559,-0.7289768051543567)
 (0.79300154680607815,-0.73711273460000593)
 (0.69185194282891405,-0.64946516116399766)
 (0.70076632970510377,0.68510239142743923)
 (0.67813441695193255,0.70803941367971734)
 (0.76770923609202191,0.72259294778060223)
 (0.66478368747423389,0.62513042374835615)
 (0.69531946768987918,0.71974071651487481)
 (-0.68486579371209155,0.6576206495122956)
 (0.60093913621971429,-0.7440022391279375)
 (0.66608521713560909,-0.81418481326064118)
 (0.66641106063883349,0.58183237451524339)
 (-0.76063912191045713,0.7396611741601834)
 (-0.74381610411532106,-0.73855865361675066)
 (0.79313682525590701,0.6908526846718781)
 (-0.77598961395918753,0.68234294974379661)
 (0.66864761201036682,0.63740876769641408)
 (0.73361567089681867,-0.73264276626714508)
 (0.70482147828444874,0.71653428886723902)
 (-0.61061695284707462,0.59229339327298369)
 (0.66495553890946124,0.65615161775099096)
 (0.73794838549732433,0.76990115289806949)
 (0.65714348491745855,0.71130930290793215)
 (-0.79880066992349175,-0.70917567431888395)
 (-0.63026660435725068,-0.69180635227943554)
 (0.6828724005971597,-0.67753430856430175)
 (-0.71446514932712668,0.73132766288997997)
 (0.72875183521558839,-0.7116075933742293)
 (0.52682531212193728,0.67543565179744236)
 (0.65031311930078683,0.77022173485982703)
 (0.73129910852358038,-0.72331435871192507)
 (0.7110970193203221,-0.60907550127604326)
 (-0.69749332711860568,0.75569171581733241)
 (0.70678298572041443,0.64241660344841645)
 (-0.64582480472537296,-0.72621756464228338)
 (-0.81207394949941158,-0.61192445570101961)
 (-0.74548588592817422,0.68076302072192518)
 (-0.76585947865899873,0.6638013303404019)
 (-0.68991627904505326,0.77446478476127301)
 (0.7575065936975709,0.74985817722787829)
 (0.75756828322473646,0.70530209137670208)
 (0.70089149308961918,0.64029301190242716)
 (0.57738105050868682,0.7377842051626996)
 (0.74111121525567869,-0.76251460351469058)
 (-0.69760099444421797,-0.77519548216279888)
 (-0.65767696177083457,0.66110284725598201)
 (-0.63030311301331055,0.7394409941114809)
 (-0.7346775944247057,-0.62320786770940451)
 (0.82159746919379817,-0.79797385030859547)
 (-0.77286719560708428,-0.76043136034768577)
 (-0.64545744319260701,0.80716851290022351)
 (0.71595770926297198,-0.64851796794798711)
 (0.52323204514427601,0.79199052358187116)
 (-0.68295308039207736,0.68148910966946852)
 (0.7264803320905675,0.71378390593049201)
 (0.74810010383569003,0.64626041645462262)
 (0.84964588213838121,-0.71171854314235283)
 (-0.82856234149211283,-0.74071091496092645)
 (-0.72831284359126935,0.72132010543498459)
 (-0.7482567963925687,0.69893073079759949)
 (0.79384180592855802,0.80229370728595362)
 (-0.67902174070982013,-0.78912926531736816)
 (-0.67862089974011841,0.79147027647969836)
 (0.74105047889372355,-0.7452865285862843)
 (0.746152832443711,0.77934764229674425)
 (-0.78848069981457503,-0.75881151023577464)
 (0.7549886098524401,0.77478963940481083)
 (0.70275601080008621,0.75641460277681183)
 (0.6050868241029701,-0.66148713899139711)
 (-0.69225992678218096,-0.72460969192605107)
 (-0.73083777490891544,-0.76600612377845256)
 (-0.67706085288914608,-0.86312737302128539)
 (0.69112713338239384,-0.73374928973081721)
 (0.61959442955271571,0.67128561979880186)
 (0.72478566781946785,-0.76160556824911618)
 (-0.68709498766177579,0.56928251453551915)
 (-0.779265511627241,0.66660272364145101)
 (0.66703120837908958,-0.66550721707286609)
 (-0.68235061566508848,-0.66478943349113839)
 (-0.69240328806141727,-0.74832669335842117)
 (0.76695606190389498,-0.67886725126005165)
 (0.72992194668272237,0.60791902376515439)
 (0.68764067650572114,-0.63790537107196787)
 (0.73421326862619107,-0.67549615723260859)
 (0.64415546834900073,0.73288822218241989)
 (0.7518038473737364,-0.66111797759459634)
 (-0.73289192714900186,-0.68830837775436127)
 (-0.62995384385419884,0.77496511902789433)
 (-0.63859387872770168,-0.74045266881506988)
 (0.71954534848982632,0.7458807065231291)
 (0.57118970720221973,-0.77924327011970496)
 (-0.71334762589238676,-0.65039493252840996)
 (0.68485220086167886,-0.69571937949476415)
 (-0.74004507644443474,-0.62860130321387953)
 (0.68756708234161878,-0.7263451876534639)
