# Created by Octave 8.4.0, Thu Dec 11 09:47:21 2025 IST <gamana@Samsung>
# name: awgn20
# type: complex matrix
# rows: 1024
# columns: 1
 (-0.65958566808384367,0.64984559060328095)
 (-0.74525942655111277,-0.71628595176694188)
 (-0.69442652679271422,-0.82561477669239136)
 (0.64874025427640691,-0.70385564536508771)
 (0.7149583185925954,-0.69677266304885821)
 (0.71643123850892743,-0.75673321171777674)
 (0.75208057938723516,-0.70674486635585487)
 (0.70629861196495214,-0.66138863569006323)
 (-0.60092728484131874,-0.6968563800523786)
 (0.77661418001228044,-0.65636386321096751)
 (-0.65880127172723879,-0.77408794387652824)
 (0.63303518332550757,0.65727114471025072)
 (0.74925725942368426,-0.67145731869226832)
 (0.79036510167771423,0.78274404487203508)
 (-0.69225498275222863,0.66383058045589816)
 (-0.69691212074802744,0.71892663725212635)
 (-0.57177850821456411,0.58138129107566439)
 (0.68516037320883671,-0.74123702766951449)
 (-0.7908891987530916,-0.69237648968883447)
 (0.72113564945930686,-0.81526861779133286)
 (0.65351734001197181,-0.7606802569163772)
 (0.7998947115722802,-0.75286882849124703)
 (0.75268138771939797,0.86072948614745093)
 (0.74943117625166533,0.73542091631887074)
 (0.6399962913501952,0.7488226901815539)
 (-0.71704823205514956,-0.69705494903519827)
 (-0.74619489529697147,-0.84054563373091906)
 (-0.71361786890203471,0.7064127129448059)
 (-0.64296465611216158,0.72841196686139642)
 (-0.64530782068887826,-0.71999384677342393)
 (0.74101671318142914,-0.71804849025104622)
 (-0.69964361326123192,0.77639860908396441)
 (-0.71520897997936672,-0.67177113292190782)
 (-0.78973407702987053,0.76457296756726822)
 (0.68850840006982883,-0.66146216938588898)
 (-0.63338935823494813,0.71892343604891495)
 (0.73788987808729445,-0.70653073021337987)
 (0.75455440723282274,0.6684247133698269)
 (-0.73091481197578179,0.71321571795775929)
 (0.80061781172442414,0.63148135447501008)
 (0.65716351210310364,0.76887040865454637)
 (-0.68604080176421478,-0.69226928715416225)
 (-0.69560200627694202,0.67520695649334583)
 (-0.64448008527741196,-0.7126515488677988)
 (-0.64688633021110098,0.79091974067113069)
 (0.65342692561209004,-0.63966635158918894)
 (0.69882192415262745,0.71790394426322024)
 (0.69585957251070496,-0.59871287919482341)
 (-0.70833779823392662,0.66360830821903538)
 (-0.72923641304415621,0.61224369896461261)
 (0.75125794615295161,0.71663701037888206)
 (0.71639662601624809,-0.75495472534671504)
 (0.68822060186076606,-0.51034350072599843)
 (0.78590764674665281,-0.64770332538632314)
 (0.78261894493980966,-0.86029811717219629)
 (-0.77494948893843196,-0.7283047060445399)
 (-0.80297246128104549,0.63793586983017492)
 (0.77594259203098692,-0.68751960058894213)
 (-0.71441660021169051,0.65428898437281913)
 (-0.73059860303317559,0.7347202581693113)
 (0.60065379709016131,-0.87292111821508689)
 (0.63953261062367506,-0.62873792791082139)
 (0.75392829423374541,-0.61975627307616799)
 (-0.89452754000834578,0.66675158556188574)
 (0.80874136534781105,0.80421342607736979)
 (-0.63699555301727351,-0.5481509699230801)
 (0.6748140980052959,-0.67117078139766073)
 (-0.63189057874987664,-0.67549205035952531)
 (0.60401153168677113,-0.69762230091524224)
 (-0.79145504673950806,0.83546931380538847)
 (0.69976662742409279,0.60708714521040386)
 (-0.67643781410024817,-0.71109301628093957)
 (0.73509602726107637,0.84912738248422959)
 (0.72406634632053513,-0.67820479598702177)
 (-0.74520133877684591,0.66769956778619477)
 (0.72028385121769434,0.73031017891022354)
 (-0.58408827957633602,-0.65450833256826324)
 (-0.60890414980395846,0.74097303837865869)
 (-0.6897256017745359,-0.7360565060077956)
 (0.73381033390670325,-0.77156557254111502)
 (-0.74261752627325384,0.74906654851092591)
 (-0.71313080341733315,-0.64420156414039853)
 (0.76537763825358918,0.77984005400540179)
 (0.62442943719525024,0.68417123082223863)
 (0.7581084080491165,0.71220396996334268)
 (-0.63068311745927119,0.83606835245289801)
 (0.6516538570595698,0.8183295014874814)
 (0.6596173958020064,0.71820569545073842)
 (-0.71876806921365355,0.75610179288141244)
 (-0.59290861087955515,0.72974736516838268)
 (0.81312752096369001,-0.61439752400348857)
 (0.708868648513305,-0.58499753936367516)
 (0.65749928100675403,-0.89435534707491149)
 (-0.8287455772760326,-0.72619619180483097)
 (0.74829587476754189,-0.74787779690288947)
 (0.68213530398797373,0.68749221713605235)
 (0.60403486185850153,0.71183704692787531)
 (0.72200628422282576,-0.85051143387262518)
 (0.71054710527084197,0.77424822815130501)
 (0.69064859128614842,-0.70553378647792531)
 (0.78140886136075793,0.61239286638388213)
 (-0.67919642671032943,0.63130872815025063)
 (0.5489477264604613,-0.68054846072893971)
 (-0.72656561905548134,-0.65552429383886157)
 (-0.68045437884204196,0.73878776166823523)
 (-0.70142885565574575,-0.78966275248094564)
 (0.77594018427494138,0.69266751282485683)
 (0.66653538825777003,0.71848889001212712)
 (-0.78199983482981006,0.74989040857198452)
 (0.73404371110283684,-0.67803598779819441)
 (0.7447152189479691,-0.71795093897543594)
 (0.72560597384973002,0.70819410270996541)
 (-0.70780970241243479,-0.76076227707917798)
 (-0.80383001644470864,-0.66173074572964419)
 (0.71535995241963346,-0.67338125487851253)
 (-0.76076929318036879,0.66897984768240826)
 (0.74962121083342115,0.80077044397910879)
 (-0.70333712533534443,0.6874631094414565)
 (-0.73368405892708732,0.86055943256980072)
 (-0.75361513005067304,0.71624385133506907)
 (0.69357887925039075,-0.62220224147469638)
 (0.69725286351377513,-0.73826414503849214)
 (-0.70207828371690706,0.64694271836358064)
 (0.66869353109208796,0.81212281662780794)
 (0.64317694932013014,-0.44287078944997355)
 (0.74110270960970881,-0.64267912477435551)
 (-0.640418138970829,0.72586407612180115)
 (0.8528584808054428,-0.84221386168068502)
 (0.66619215594424985,-0.78628563969879384)
 (-0.73481883775321621,0.68021857306566758)
 (-0.73503407926036135,-0.75396365307911761)
 (-0.77887286162736979,0.74516008542813994)
 (-0.69621474022868823,0.62598931680273351)
 (0.8330412210392808,0.70805800973182142)
 (-0.56927959836027786,0.76908430387336246)
 (0.67409149829881543,0.72252214730251629)
 (0.66668936518961319,0.565391073942489)
 (-0.79728796590336959,0.76151420506343492)
 (0.69992938764614554,0.58385933170989601)
 (-0.85923722064229402,0.7810492091173914)
 (0.5863826966809772,-0.66370445216001639)
 (-0.60606429619112445,-0.71848790340372004)
 (-0.7018333092861081,-0.56611612462077043)
 (0.77167854374043732,-0.56766550011843608)
 (-0.76945619944637023,0.66515871645343383)
 (-0.69316952046235081,-0.68287491354409025)
 (-0.73854980148708504,0.73768774547583249)
 (0.64821891423474132,-0.75970571743187487)
 (0.57222537330022538,0.72974252796248662)
 (-0.62671316750505279,0.6985726010000427)
 (-0.66495872359742081,-0.67851274718741716)
 (0.75904964334541325,-0.70350350953268626)
 (0.64891062365150087,0.68181843671815712)
 (-0.78029102849303145,-0.71036227543286046)
 (0.67653011688470266,-0.78921750196125284)
 (0.74614972735413965,-0.8613880266167393)
 (-0.72311323118870596,-0.80462838371389456)
 (0.67233389538873067,0.74414696541558345)
 (0.69533024646995156,0.74365629615490381)
 (-0.75030409820558419,0.73920590529273122)
 (-0.65646438144098773,-0.62666421903901237)
 (0.66128873846657776,0.77241001953647581)
 (-0.69503131348487135,-0.71340691219486041)
 (0.70843390175528542,-0.61290339773008962)
 (-0.71603000371092929,0.82039431930448981)
 (-0.66187000497000181,0.67518570531495647)
 (-0.75684954610618516,0.64910571385359006)
 (-0.78097650494235027,-0.78111261313137492)
 (-0.68341764122797288,-0.61762092055987117)
 (0.75133457333474951,-0.67624434247285448)
 (0.59353463708538645,-0.70107771464565782)
 (0.60350746842996839,0.71519271465700585)
 (0.68731256974111821,0.85534356739224471)
 (0.75501380134070673,-0.67262729851861136)
 (-0.67222657424047116,0.64138314879073643)
 (-0.73383039559416441,-0.67804147342239751)
 (-0.61054941965689835,-0.6978603270985565)
 (-0.51334175174433627,-0.75422734871383068)
 (0.66563806127010139,0.72301206127296236)
