# Created by Octave 8.4.0, Thu Dec 11 09:47:21 2025 IST <gamana@Samsung>
# name: rician
# type: complex matrix
# rows: 1024
# columns: 1
 (0.15281593314358113,-0.50441692646753478)
 (1.1067199180053107,-0.69664757319038673)
 (0.77746984726119972,-0.56472781136999262)
 (-0.96715540525819887,-0.79808911787234516)
 (0.56607657572134307,0.072160260636960016)
 (0.59784649966376646,0.61086461835474015)
 (0.1238272636614226,1.0032754166642728)
 (-0.51359070932940398,-0.53441281391403594)
 (1.2609500661257067,-0.89097080985339727)
 (-0.52482050629005816,-0.32174127976054123)
 (-0.23360700878150314,-0.78523270827204761)
 (0.70656764429630736,-0.50356944947574256)
 (-0.32277087870774807,0.13980815172071803)
 (-0.24371138620816657,-0.64842902091210131)
 (0.8299997421555616,-0.5256015290613083)
 (-0.86556700492087679,-1.2927523434079491)
 (-0.65530242671100791,-0.33033087622473212)
 (-0.43980413880738911,-0.98021073055204833)
 (-0.10078744867908816,-0.16722580218192035)
 (-0.79845269733053925,-0.60972303743729661)
 (-0.43025329381999367,0.24873146212433697)
 (1.3334533566294522,0.25256426631486562)
 (-1.2526848339110956,-0.66136744356240373)
 (0.35090104048537757,0.39564991337927141)
 (0.98810357790208303,-0.34145141003401475)
 (-0.23208289450325387,0.59539958305450558)
 (-0.34816266967048359,0.6049122252894984)
 (1.4249757482882739,0.1509413707726297)
 (0.67948085321296481,-0.80665323431407732)
 (0.29578523179415966,0.43154864011539723)
 (-0.65079596389788263,-0.95417293330354092)
 (0.86061071183611504,-0.95627442753652092)
 (-0.44350500360510864,-1.2270354823476903)
 (0.40839165361697616,1.6373692918963818)
 (0.1780451021795211,-0.099120896072616288)
 (-0.67686022212835306,0.70395177105472007)
 (0.73866453524871933,0.45059807442492789)
 (-0.48523412649728137,0.8646216871430622)
 (-0.51386219742310324,-0.96274046485445575)
 (0.95920253479946638,-0.12075650901935991)
 (-0.83112909097516419,0.47382284654200502)
 (0.89826896655642385,0.71031151444925067)
 (-0.87886420208191318,-0.60785346093238501)
 (-0.43312425078220596,-0.46648899217614992)
 (1.0337743164261761,-1.1203603392799115)
 (0.77092617009280717,0.45529304784398139)
 (-0.37377934573134997,-0.5102963113818938)
 (-0.80252598379030582,-0.30851208133161406)
 (0.96403583256144054,0.72688928532321351)
 (-0.4064394871377639,-0.45224103285849526)
 (0.098746029798107079,-0.23178685450061537)
 (-0.40239206074488792,-0.57517555364455519)
 (0.20638191423457844,-0.64942904770600351)
 (0.22490645500341777,1.2383226642868177)
 (-0.64973449713307707,0.27518256152596787)
 (0.064969196809172514,-0.94350257664448223)
 (-0.72041669155260313,0.087646744524136955)
 (0.79200708701361577,0.2163543696489032)
 (-0.56148912351154268,-0.50816401280892243)
 (1.0473707145875213,-0.1137174599385638)
 (0.55639955861289692,-0.91267839196443767)
 (0.55020515310125062,0.92718864122074907)
 (-0.92537132302420377,0.32490663370683603)
 (0.14853069798945873,1.5187308977965961)
 (-0.28691017573022393,-0.3590042726624193)
 (0.5442106331902814,-0.45146175491924406)
 (-1.059067935000402,-0.63860115747773594)
 (-0.76441953957963049,1.0494920275418103)
 (-0.49201142106717388,0.35697630115577172)
 (-0.017992483537860038,-0.49739794521361663)
 (-0.25504168713239989,0.006438021595220389)
 (1.0047881219805885,-0.628343157341266)
 (-0.52182097022991947,-0.38438965951037929)
 (-0.77267701585180804,0.7469433434780911)
 (0.052475016105989231,-0.27517545647362673)
 (-0.56970624877481402,0.86534418911100841)
 (-0.68682714626338481,-0.12428090861348623)
 (-0.60476448592175025,1.0413390759417853)
 (0.7688144321111644,0.28054808584677737)
 (0.55238796551255787,-0.50948513222307334)
 (0.1853430499360888,-0.82827743133862564)
 (-0.67732197691668128,-0.63824306544906417)
 (0.88028120556242007,0.28093954435437535)
 (-0.57902182849253958,0.53261797299328439)
 (-0.78781608581326568,-1.1465937294969109)
 (0.34158172496176431,-0.73992966168382091)
 (-0.55578566162717347,-0.098117863282783102)
 (0.61151893343941399,1.2480549734074975)
 (-0.54506091881739627,-1.0305748803717909)
 (0.39409576572276939,0.24928710063458701)
 (0.48662120231755812,-0.90578620351060046)
 (0.51718770211825504,0.56662272796690949)
 (0.062103705585681401,0.58514803116011271)
 (-0.66934740404358917,-0.35432267299167508)
 (0.79350955206804308,0.8123335975504189)
 (-0.23927083926731124,-1.0080722308629428)
 (0.35985732176487006,0.6518531806720177)
 (1.4250838098855803,0.070588029715120126)
 (-0.63813956691240592,0.88809487664044195)
 (-0.34286589278087709,-0.51784266941201518)
 (-0.26935966350393237,0.2079307490345898)
 (0.57375984177357897,0.81902158305469319)
 (0.25670442662692006,0.75310357955102192)
 (0.30917814327453957,0.22528616253657402)
 (-0.22705733179252327,0.29389192606654269)
 (-0.18809115143280361,0.44118061009267984)
 (-0.099613957921097118,0.6004099638640148)
 (-0.61899090096030984,0.48744879605771768)
 (0.73598415616532309,-0.64827762879204021)
 (-0.2255325513798867,-0.22508952710226687)
 (0.9640244476283758,0.55840161861044579)
 (-0.41199501409079992,-1.0223231067618692)
 (-0.60587870919171527,-1.0958847602481741)
 (-0.46343643621770919,-1.0030395560301948)
 (-0.30969771316178907,0.95509997021600346)
 (0.89351435778183319,-0.29312414414283716)
 (-0.68929697363724929,-0.77877961024929843)
 (0.47182448953406553,-0.68784070949514398)
 (0.3839072852892394,-0.56149190252638848)
 (-0.43074594822643597,-0.64288883711622802)
 (0.64551832274217513,1.3677868270801139)
 (-0.66400603123191893,-0.63249774208795273)
 (-0.34055671516713765,-0.57970976205911973)
 (-0.76685121908821485,-0.34930324455294098)
 (-0.79030413477848882,0.25081427530019129)
 (1.0131793360436174,0.16694126507712614)
 (0.66935969578349541,0.69164586902170477)
 (0.59084641248485403,-0.69590611794313029)
 (0.30038258465375495,0.53601012405147763)
 (0.15615585402932031,1.0013352691825177)
 (0.44012097775277292,1.1280036802256563)
 (0.7301125982138803,-0.79611070715084198)
 (0.23931488150799138,0.73740738230421554)
 (-0.42772508075311777,0.058724025202940983)
 (0.06450557175068361,-0.66672251208512401)
 (-1.4382787412900828,0.63254110159198906)
 (-0.56480514060607201,-0.70654727049712973)
 (-0.41373823241356134,0.58126921719992442)
 (-0.16821702324610799,0.65720827943228854)
 (0.8491413221576789,0.15003706301898573)
 (-0.16247595403226556,-1.2586920347437134)
 (-0.16466034544009295,-0.97172112132516486)
 (1.1837810246376379,1.5379424084447946)
 (-1.1257361272509383,0.70263084013846733)
 (0.5772287819334434,-1.2937303072367961)
 (1.0687752989480188,-0.51654463837667486)
 (0.21917881851730175,0.30172460718397992)
 (-0.24358221243980194,0.98066990189323566)
 (-0.84708054389162835,0.50836869984853605)
 (-0.40748427884337057,-0.71606853781627167)
 (-0.02661879772075737,0.48687362832992631)
 (-0.24093636044358901,0.91553712944959353)
 (-0.39405235373936631,0.64831101674739533)
 (0.69026582952862225,-0.68382813110666973)
 (0.4329063281758837,-0.69404542949142856)
 (-0.90214121915479217,-0.9834263388542368)
 (-0.5168380839503991,-1.022331112100447)
 (0.63872248255231889,-0.95189498871866907)
 (-0.56083046973767658,1.4020364218314585)
 (0.073438431759177886,-0.059794231087917295)
 (0.63219451368891189,-0.13939611679439942)
 (0.89587939362800473,-0.69111967447242773)
 (-0.69865721599449515,-0.48368754589539054)
 (0.98638706083502958,0.093096052456717038)
 (0.87917256991394177,-0.81820989365654351)
 (-0.6396070368032245,-0.88421007153069109)
 (-0.55299251496625756,-0.65478928095350386)
 (0.57377703588644191,-0.78322745989772746)
 (0.39201978043486407,0.081988134430996396)
 (-0.6555733185428696,-0.94327395580411055)
 (0.73191549835928627,0.44890239878865124)
 (-0.50296251378225643,-0.47597561806616678)
 (-0.68708551728967193,0.39447945027185249)
 (0.80284794564054041,-1.238684689659185)
 (1.2253680733600434,0.40203875633096736)
 (0.91554509801861839,-0.39045162590862414)
 (0.94572631578008926,-0.7850092947049534)
 (1.4436757664292124,-0.73727682765145541)
 (1.4448017016727748,-0.4345684219777981)
