# Created by Octave 8.4.0, Thu Dec 11 09:47:21 2025 IST <gamana@Samsung>
# name: rayl
# type: complex matrix
# rows: 1024
# columns: 1
 (0.096945906869690734,1.5470682563110063)
 (0.2036797832292786,-0.074902201819699046)
 (0.88704146340755308,0.70035431233241618)
 (0.25494726350746366,1.6020633328755725)
 (0.1043511857790656,0.34592145816294756)
 (-0.51805490353985573,1.1574107603122941)
 (-0.19303000356890071,-0.36840027509746903)
 (-0.059874421704710246,0.98203565233121148)
 (0.79028317459842001,0.6670821416981374)
 (0.38590975088110546,-0.044936274984797492)
 (0.15166807879491762,-1.6355327270268709)
 (-0.70773112983261288,0.40381851588703832)
 (0.73882519732522367,0.34826749633156717)
 (0.36514858190674243,0.0935340398215464)
 (-1.8245024049423648,-1.1919174003579851)
 (-0.57711234434382952,0.026370024996144326)
 (-0.5751530359929059,0.63721078316560076)
 (-1.0448822619073967,0.62226379446014712)
 (0.18966794376804222,0.54519132733460574)
 (-0.63743151562587785,-0.39584882919221642)
 (0.21904789577285708,-0.49916520148134924)
 (0.068491536155147748,0.093392023449532818)
 (-0.16017948703973969,0.51831026389362589)
 (0.25317322159112177,-0.41838880213215801)
 (0.11860614930592295,1.2429628156546155)
 (0.34698426120646425,0.25273253953975833)
 (-0.31565081786301286,-0.66438739524225099)
 (0.56457837193386773,-0.21647286620516831)
 (0.78266392577607202,0.61155321247155026)
 (0.7534791104209686,1.2778053422301683)
 (0.12939454356334937,-0.069256418894049404)
 (-0.22007698920782565,-0.79282649162414986)
 (0.92670907443952788,-1.0507338083661146)
 (0.081017745586263734,-2.197355113993388)
 (0.18702828248835493,0.44422769712090349)
 (-0.39716579975877481,-0.48030477092365448)
 (-0.16361481729180882,-0.24039246778185613)
 (-0.06691658511142759,0.01168662104163639)
 (-0.39810563835925994,0.64369021758617284)
 (-1.0182947150028188,-0.46491061091124869)
 (1.4051470536897006,0.27038316810178709)
 (-0.45823678511568866,0.55469631930358798)
 (0.77357770497955813,0.85189160403760356)
 (0.37662381518951232,-0.39169423566427436)
 (0.33018939745305143,1.7144707827296755)
 (0.17203558516766393,1.5364338461421361)
 (-0.14986323222235656,0.63419866953975113)
 (0.4808618945166741,0.065084441095250856)
 (-0.12380754486233768,0.33744054850493332)
 (-0.43137618858149585,0.045178742323579435)
 (-1.0793134307874352,0.66223444443974899)
 (0.19424584375776865,-0.15689365348598294)
 (-0.3912609833357471,-0.93046493438179978)
 (0.5467151375484578,-0.36438684898378199)
 (0.38711840874153686,0.26084940485359215)
 (-0.31257944587621206,1.0708025190762631)
 (0.41661807964982667,1.0275928525946556)
 (0.91166781911968453,-0.74537160784572865)
 (-1.1534829304976699,0.55160105284848093)
 (-1.1126849116757405,0.46376968700157911)
 (-0.65626612646033089,-0.38356021116936789)
 (-0.66796872398628981,-0.011234004488970606)
 (0.17418061203584842,0.20615195831060987)
 (0.049299363532760598,0.66709166090654826)
 (-0.050472332558617133,0.40591683856848393)
 (-0.042256420458190336,1.0181563097758033)
 (1.3017623484934213,-0.17699439741370504)
 (-0.26001470383947289,1.1201753693235528)
 (0.92025978894258675,0.25057843506374144)
 (-0.12091565956367423,-0.30448661711053954)
 (1.2787776230854511,0.54487069043612479)
 (0.12581436534680643,0.54207463955197466)
 (0.33514892431371257,-0.14539656616460384)
 (0.77328580073028297,1.0239693350976766)
 (1.1702804358097705,1.0297730176264985)
 (0.76633551926341492,0.5657638091159658)
 (0.95474959441634832,-0.37709133702735109)
 (0.13198660982797661,-0.31814288205069269)
 (0.21722252260136893,0.92338869644511878)
 (0.56166808680437941,-0.32375822422781542)
 (0.33137984252282326,-0.60896860544130926)
 (-0.36595265075339667,0.82209897878760707)
 (0.28934154027355152,0.73189551084661453)
 (-0.77379973323140783,-0.69862164783907577)
 (0.11788286935960135,-0.6706617956114761)
 (0.31692756689672408,0.44153833731173597)
 (-0.53744803792188511,0.20817052524508295)
 (-1.0647844475417541,-0.58347365965487763)
 (0.050115506456876513,-0.34586214541226207)
 (0.094349986365162231,0.43530340262354228)
 (0.5956980146197256,-0.62835384320908105)
 (0.59834475650506569,-0.71403614812795135)
 (0.50608369283943133,-0.48788856586734813)
 (0.9727862829793783,0.24438444148880661)
 (0.32489857263244437,0.34662963102691391)
 (0.42603059468032894,-0.29607831402143331)
 (0.79279840057444173,-0.34576392523338195)
 (-0.45659780870659417,0.69251529200194539)
 (-0.3456055108544413,-1.1721098522942104)
 (-0.071701127808162457,-0.41093099469571764)
 (0.21468610072204078,0.49086729097358095)
 (0.57330625411385239,-0.15415499928316975)
 (-0.2060647401577976,-0.095080816010347041)
 (0.56598226183670841,0.47856136126809623)
 (-0.63260803443657476,-0.083919790212629297)
 (1.2894984375173699,-0.72745134781392407)
 (0.87149514832026354,-0.50285239500390655)
 (-0.52450036837926806,-0.54165814453348393)
 (-1.4958064108980671,-0.70950155936739867)
 (-1.0143294410783255,-0.70819776541377955)
 (-0.25560287690330896,0.95269524050213228)
 (-0.31169121257236831,0.27075606108339634)
 (-0.44627206750647597,0.62288059231569459)
 (0.28280171204142052,-0.88885527222083716)
 (-0.39202480149090324,-0.16991715717829836)
 (-0.4531091544407348,-0.21552800845990788)
 (-1.2551918722514674,0.44709069669480545)
 (-1.1571372894853273,0.29158859334449949)
 (0.77045702466986699,1.3008039810974084)
 (0.53574575764622645,-0.064147394962502907)
 (-0.6573838845595491,0.40112461573246871)
 (0.66539728236222684,-0.3380146761956474)
 (-1.0477907934910653,0.48449086460384388)
 (-0.40296611104657931,0.62019761933112949)
 (-0.54538436657348166,-0.65826314831185262)
 (-0.4870067512432974,0.82335251953806088)
 (-0.72483525613180766,0.37890294784862005)
 (0.85945382020243899,-1.5586966599742813)
 (-0.25117031986080268,-0.19013046625374067)
 (-0.38875055233234129,-0.39311651415596133)
 (-0.029891702078773952,-0.76660024081318978)
 (1.8166168727530216,-0.92942421438172917)
 (-0.93856039228921362,0.65488885058235269)
 (0.6336808622963781,0.040710598383213392)
 (0.56179938543881003,-0.50478928391574407)
 (-0.80688741194489366,1.314493343128196)
 (-0.038605208401248613,-0.028598526812814738)
 (0.47034079775418469,1.1617870903247043)
 (1.1133672794890217,-1.4550606349281907)
 (0.288869636548435,0.32417998589808139)
 (0.35103468522296599,0.45656243775577476)
 (-0.92151434610065264,-0.21540154763221564)
 (-0.12286725608233146,1.1029682898361517)
 (-0.50285631204977821,0.45369340717317591)
 (-0.92639517390001769,-0.11716224534163822)
 (0.13090382490458613,-0.21942783179208664)
 (-0.41743594941722972,0.12295806585194358)
 (-1.2271343414125724,0.88280026289002389)
 (0.021704920161773777,-0.68277006649249339)
 (-1.744223015792089,-1.1294100519921784)
 (-0.53457506856110459,-0.25327236303047124)
 (0.15597856091699047,-0.99241184960011453)
 (1.0053199152539203,0.55511352195169361)
 (1.1615333540731061,-0.081453514299307805)
 (-0.29082264926026702,-0.66193636179205373)
 (-0.43450083347674728,0.98386386496121481)
 (1.6472386603736262,-0.13751763670273065)
 (0.98374360412408657,-0.69526888063002423)
 (0.73063823349950741,-0.097214132944471399)
 (0.0053391059452192469,0.774373214155478)
 (-0.29495772100916656,0.2520811272295424)
 (0.044829569781509968,-0.28189670930269395)
 (-0.50636800740360532,0.47555321755247837)
 (-0.37035198533747393,1.5177877820724379)
 (0.47603022641480375,-0.052422976659436488)
 (-0.35381720075076217,1.0335768947918296)
 (-1.0260109800370896,-0.13868191426220278)
 (-0.70253288046160933,0.054801124309231564)
 (-0.6000451995104219,-1.2496425138145433)
 (-0.14129801256315372,0.93688966622547887)
 (0.04442138838077625,-0.79980020533708185)
 (-0.39784164717434378,1.2090874065063881)
 (0.80030422437873716,0.21649308978883852)
 (0.48492400540424357,0.38269281402191929)
 (1.118837773176951,-0.35807599672234747)
 (-0.65188263844279359,0.98721230653603453)
 (-0.69469399579423707,-1.0575586634659218)
 (-0.11464611963178978,-0.46862422549562593)
 (-1.1340263579853336,0.49107958999557094)
 (1.8533689390381727,-0.54909287085913983)
