# Created by Octave 8.4.0, Thu Dec 11 09:47:21 2025 IST <gamana@Samsung>
# name: rician
# type: complex matrix
# rows: 1024
# columns: 1
 (-0.59124257510879885,-0.53294418237909791)
 (0.78773661497553327,0.85945797353202902)
 (0.46756973649544792,-0.41872577609065625)
 (0.86654908300057065,-1.2019022883003838)
 (-0.66249296207424258,-0.3953636357708612)
 (-1.0591910475021982,-0.40347346401043277)
 (-0.68397992044737044,-0.68943293051752197)
 (-0.62241896719574452,0.28850014798863499)
 (-0.55100983483263921,0.3267628299215744)
 (-0.49819550393422268,-0.6106421788516273)
 (-0.46765397044629958,-0.91477457514654192)
 (0.18090169377310289,1.1313823737031856)
 (0.78478305791702752,-0.24277592894701872)
 (-1.0541785911607513,-0.050805116908445802)
 (-0.3939706007357362,0.36592033135908164)
 (-0.74371397522480054,0.61046519217209472)
 (-0.65438332782531572,-0.12991422368397282)
 (-0.68629172311922748,-0.45385097942879604)
 (0.75642658590385159,0.92478756524424577)
 (0.56861812513780019,-0.34816379934706887)
 (-0.032310097521712655,-0.58294717223679116)
 (-0.51644671450219481,-0.16487634098030354)
 (0.77582850582858054,-0.28882063388186302)
 (-1.1799268895545474,0.80567070034265098)
 (1.018255085315189,-0.37706187586136042)
 (0.8797350136912756,0.28791623435672054)
 (1.3606261566608038,1.0521343702459904)
 (-0.62706212869802658,-0.43238426444307454)
 (-1.0552341581133291,0.88992803324880154)
 (-1.1880497331088686,-0.45335567843768682)
 (0.24632464516452823,-1.4523401536670604)
 (-0.41304357627275373,-0.27051834730707675)
 (-0.69751935409431287,-0.93659757469861915)
 (0.0039061382478887685,-1.46114636178386)
 (-0.61412672481787611,1.2023804966025771)
 (0.20617240892139871,0.51378075290645686)
 (-0.11175257757776241,-0.16243013485203023)
 (-1.3131473584266562,0.89393998402232366)
 (0.68578383735387427,0.30640202284820794)
 (-0.67201019364877046,-0.66160743084435303)
 (-0.80356956389963496,-0.5976085756167473)
 (-0.44956449152074374,-0.77036273565407321)
 (-0.54431851943821963,0.12929754458378401)
 (0.98746006798552866,0.40205608828608985)
 (0.78605871551988282,0.31486726740344606)
 (0.71266036988473969,-0.57492751658049801)
 (-0.61957902551053301,0.31373127636376374)
 (-0.71144618470088572,-0.55729607599826902)
 (0.5206276274238284,-0.86475274693925619)
 (0.89314594835984662,0.67301343738729946)
 (-0.95052834715888401,1.0090578852620893)
 (-1.1554971409749686,-0.28032421805986274)
 (-0.75127815617325289,1.1346836363624362)
 (0.57801376045924557,0.38853295493009904)
 (-0.19597374424892394,-0.39051109191520444)
 (-0.86952346449748841,0.17908283393559354)
 (-0.45627127159544284,-1.4000880436174017)
 (-0.72661978805337679,0.47677601382783996)
 (0.51104467878748994,-0.11481497045981168)
 (0.59030075470694854,-0.9044698235614641)
 (-0.51750045284918789,-0.87808959197417724)
 (-0.62961635997570042,-0.73270673291083532)
 (0.24455313020741967,-0.099234444046202824)
 (-0.83085778115273268,-0.37518366535514952)
 (-0.52402193447893852,-1.0574497669395464)
 (-0.30954973284181514,-1.2416277961025424)
 (-0.64888443256021022,-0.43653027088414775)
 (0.31589130900733503,-0.47740664316938591)
 (0.41826258231979968,-0.34256144882116973)
 (-0.62008575580951897,0.29039353358453307)
 (-0.82072556332798696,0.83084331723680849)
 (0.17089495352084683,-0.046299293176633768)
 (0.30204778384228809,-0.8300565177770074)
 (0.10349613350049275,0.78923549632827417)
 (-1.0547714227917402,-0.59222560215307996)
 (-0.93847272026691775,-0.43315881689287405)
 (0.35597748756228931,0.65244058300404106)
 (1.113351918311025,-0.69684340719311932)
 (-0.49727970473596517,1.1234673676830991)
 (-0.38332996503746702,0.58914597551458991)
 (-0.33712640165375563,0.75086264606890696)
 (0.12907587561837408,-0.94456662598047347)
 (-0.50967560698796222,-0.8778827182921729)
 (-0.68357715961882126,0.3455236649541843)
 (-0.58409211587787169,-0.15351680243249236)
 (0.88540061605363851,1.0408940324898843)
 (-0.62696651980547036,-0.54413627742360982)
 (0.63896085653579515,-0.089603198012325469)
 (0.82320037015474123,0.69768785076405937)
 (-0.6141795147940482,0.72167674010113314)
 (0.86834841121698725,0.64535813208453918)
 (0.39135358956870248,0.55679443481574453)
 (-0.60045040843433239,0.62921361907037776)
 (-0.89388483011147124,-0.73380890157550671)
 (0.23263327218429475,1.2506500465966957)
 (-0.51122854556401398,-0.58842909303325319)
 (-1.2191449563763683,0.4701429205210817)
 (-0.80839776003360775,0.8942566166381557)
 (-0.42155327613546528,0.6053339265882588)
 (0.37360577348969704,0.5189327572686917)
 (-1.1868558465553265,-1.2893536064548636)
 (-0.54249313385805031,-0.87463496260903573)
 (0.33650905515456431,0.61820807153977997)
 (1.0842205677290373,0.53103178428080433)
 (0.86243920559777665,0.89602076966756317)
 (0.89851738055430663,0.40130763254903312)
 (0.77702564306619015,0.65105178176363698)
 (0.97817712667151291,-0.67601168440878379)
 (0.64504010223377684,0.81523012399983363)
 (-0.65106501315059728,0.8964259166047992)
 (-0.42080888130867378,0.75123776865175096)
 (0.1316227453935303,-0.72797004945151578)
 (-0.90158471815780139,-0.17208450117236235)
 (0.45257510556395797,0.11860757537028854)
 (-0.45772266507598469,0.33894102070471654)
 (-1.0273652476672364,1.3586655135596775)
 (-0.47565912013566536,-0.87096292240066331)
 (-0.25904998019612557,-0.37450702947788617)
 (0.18716095313366582,0.31713115203781034)
 (0.12243148292798439,0.82050307931147692)
 (0.53402004081363785,-0.29950731472044045)
 (-0.980861153013736,-1.0069414837419521)
 (0.57177035390745967,-1.0882822334937514)
 (0.21076116877802448,0.41969190796821082)
 (0.45918040904177387,-0.4067451471780526)
 (-0.44167574073623084,-0.50655896115762222)
 (-0.99347036789051701,0.29559367036199463)
 (-1.0857675814426528,-0.91340533353894215)
 (-0.68915937729037635,0.42204283857614372)
 (-0.3493461353576478,-0.86486972826749764)
 (-1.093132434127627,0.52092045083136129)
 (0.207751094169631,-0.65671501789399944)
 (0.9033582335346545,-0.93198603959179238)
 (0.46705524668958959,0.51227649611241088)
 (-0.53089444184358947,1.4696171755537983)
 (-0.59124221700816204,-0.54829127915135445)
 (-0.39772438341325539,0.35536212560916641)
 (-0.73352016235642137,-1.034174929505016)
 (0.25134175608320641,1.4783842448636348)
 (-0.41666712174061804,-0.62211151959423938)
 (-0.70806963133462508,0.6503785202843444)
 (0.030567716712303405,0.94042815489449072)
 (0.61763971297089737,0.68439910394913672)
 (0.46216077207045447,-0.73660065668836905)
 (0.53780318952825468,0.40238262082646581)
 (0.60345954611081676,-0.92309262503301559)
 (0.20635589567458551,0.54857972002388755)
 (0.58241034301772354,-0.51357871893381468)
 (-0.58520273587978466,0.44958994245858636)
 (1.4124193043753619,0.20828213268996376)
 (1.0477773774168457,0.26045424246727195)
 (-0.375208114833045,-0.92622130485428333)
 (0.66464486543165635,0.53123091066745443)
 (-0.35961917382643616,0.58149263209443947)
 (0.63435779132328529,-0.49200480926337736)
 (1.0893850063741468,-0.84956053113418906)
 (0.91554049708950758,-0.30658712298113705)
 (0.033797739510195157,-0.70507108517235584)
 (-0.14513641217348833,-0.61861151822792171)
 (0.95896419864995319,0.75136324023783663)
 (0.71620711771242851,0.55550224071599885)
 (-0.72695740033758005,-0.087315805039036076)
 (-0.86572193988385482,0.54888003314444733)
 (0.58211449023118855,-0.26319784886689862)
 (-0.81244176435218474,0.52049465276733942)
 (0.72946356078664898,-0.64850639424060985)
 (0.56833944652903712,0.65303267661410158)
 (-0.48852095940578077,0.76594481470512477)
 (0.032342666437887441,0.44832791960253593)
 (-0.36547849976637925,0.70881743541259146)
 (-0.84265583335882233,0.35692008486863069)
 (0.20544378533343016,0.85621857629776477)
 (1.0574014557110165,-0.16737756355689898)
 (-0.33437673082313452,-0.3375905952401696)
 (0.4916052477999997,0.23785486866270536)
 (-0.11126209030525719,0.52638712282639522)
 (-0.70830763123762708,-0.094939858527207766)
 (-0.96080986985901096,0.3655311615921818)
 (-0.82331214676661213,0.57726560541810568)
 (0.35272076891189302,0.43383338656586218)
