# Created by Octave 8.4.0, Thu Dec 11 09:47:21 2025 IST <gamana@Samsung>
# name: rician
# type: complex matrix
# rows: 1024
# columns: 1
 (-0.61390343348361076,0.97395252041964031)
 (-0.50789689844377928,1.2333984425313527)
 (0.93431596538053752,-0.014300074858099199)
 (-0.95961335801395831,1.5096600693000692)
 (-0.51057335756711852,0.70320480098214477)
 (0.23240951468296633,-0.47997492467219283)
 (0.56524967000964543,-0.97369068924639279)
 (-0.59478872101532543,0.92481510792661659)
 (1.1684471218842525,-0.608964578283409)
 (-0.64369045401590308,-0.41024668009823928)
 (-0.49568476974160813,0.86589337411078515)
 (-1.1605006603187276,0.83795669599856593)
 (-0.57180032650538692,0.93376148228143119)
 (-0.12478083246284544,-0.89892015027943883)
 (0.8209186973053948,0.2495633211437549)
 (0.94865247249007967,-0.55160200668455339)
 (0.50208184178484005,-1.1911841737201632)
 (-0.68946346265176583,-0.37297800578527485)
 (0.58834650345753547,-0.4632736266860944)
 (0.067020142884537892,0.44256897474140661)
 (-0.83271328819239698,1.3200069435459294)
 (0.78042633797472649,0.52469337474688826)
 (-0.22838688496801973,-0.98305423753459942)
 (0.79300841399266575,-0.6105666282912926)
 (-0.872310062694171,0.57612796674317635)
 (0.50650099945322358,-0.13897994780998793)
 (0.32506918769739201,0.39412322397659139)
 (-0.82528274607837793,0.63535558635530232)
 (0.61791815474282574,0.30591166651452373)
 (-0.84263891775538025,-0.17211738431090373)
 (-0.73060956015783685,0.080591072515842133)
 (0.72464749112757088,0.50860593766108342)
 (-0.36085067994562997,-0.48998551559153952)
 (-0.15002003706018641,0.35905346330721777)
 (-0.68219653097870514,-0.4334987675543277)
 (0.40400253066884284,0.050144980727851229)
 (-0.061865315359895479,-0.9517722921451871)
 (0.46054567742381886,-0.30347003619479523)
 (0.72264422862719613,0.69454149147339028)
 (-0.34985051656758531,-0.56556306638187603)
 (-0.90673144438316766,0.34794949430562527)
 (0.5352120494564323,-1.397578267680414)
 (0.31243267373648353,-0.17228444065591103)
 (0.74621796685041031,-0.77918425379529221)
 (0.35215935527095499,0.41653421067554919)
 (0.0036444850343567703,0.72335574706759831)
 (-0.88316156782892397,0.63614107368694062)
 (0.76435867485404463,0.63520191881819421)
 (0.96774356609621215,-0.39827821536901808)
 (1.1520027437915445,0.16413083811915591)
 (0.83513799985006054,-0.45376535228961851)
 (-1.2031659174801883,-0.61761781605852484)
 (-0.36759299953389296,0.39540662246737529)
 (-0.75124000547285541,0.70932623917095627)
 (0.73707127331633215,-0.14429733348818963)
 (-0.667593617922426,-0.53110816646063141)
 (-0.29164492090833244,-0.45458813126750214)
 (-1.3452601987051986,-0.44609300722511852)
 (-0.58330849100712634,-0.52719556997400951)
 (0.6338188559257576,0.25060342566587973)
 (0.75350392441783964,0.28304729754919783)
 (0.42575256403645584,-0.85044650321765958)
 (-0.67466373640691923,1.2954492699495312)
 (-0.6296766220425527,0.76383603723930871)
 (-0.16213024659864855,0.57878667779441573)
 (0.071650580869543845,-0.64501076174578942)
 (0.73053472704560796,0.82015266738407355)
 (0.86164260114522551,-0.2271304290637991)
 (-0.332540232856328,-1.1572608332498147)
 (-0.49004097858114382,-0.4701030172480315)
 (0.38664708003560239,0.60762728030016377)
 (0.59903122407183018,0.78871638517198461)
 (-0.84847037698830052,0.43293822939219362)
 (-0.68738349604064319,-0.89581200544762274)
 (1.0205153763473562,0.36770773407805879)
 (0.98155294998832865,1.1184618397893833)
 (-0.60250256383484213,0.38965604721702124)
 (-0.40949437693539981,0.56926484375558528)
 (0.52146230420932205,-0.42405659528501349)
 (0.74762943625237988,0.30806396352450349)
 (0.021816707158151847,0.073274570588082705)
 (0.27060145572757799,0.44070557714936265)
 (-0.28515526619855891,-0.20953544130422908)
 (0.75314294952416894,0.10251713935965445)
 (0.56797745209673178,-0.88419001367202577)
 (-0.70938865164267706,0.99632891082654385)
 (0.23834798124545653,0.94776400834923713)
 (-0.98033550941082592,0.45794367193981667)
 (-0.98505700727999945,-1.3028410280153424)
 (-0.67099313357102663,0.01233535828861726)
 (-0.555660303247552,1.0080800058643624)
 (0.95498146873988454,-0.68590987267573977)
 (-0.52419311713670447,0.53277904225495654)
 (1.5187896759113924,-0.57923269156452872)
 (0.18509075686799392,1.0484056396464028)
 (-0.68949274570482644,0.75855284830957215)
 (1.0764450478079548,-1.3482955087734021)
 (0.52114377513561871,0.21596454477966492)
 (0.059265261290371685,-0.60347064109600967)
 (0.60227725583459557,-0.49160971517446306)
 (0.53847357748134184,-0.64288362876877092)
 (-0.53144877209620478,-0.61528310438992861)
 (-0.11993565597340139,-0.58376566464041901)
 (1.0869626253528302,0.98393087061806883)
 (-0.48298187030349404,0.6423358261364418)
 (-0.42523529325653642,-1.0195343386921589)
 (0.40212631684572508,-0.71390837813110763)
 (0.3799367752622837,0.51900717712638877)
 (1.040718413234706,-1.1095370378210498)
 (0.21015056294890413,-0.53149491735143917)
 (-0.84384188946906813,0.64385622499652484)
 (0.68114943585886945,0.44501650359851541)
 (-0.90592994780660985,0.85898620448581964)
 (-1.2010004409629231,1.0180475936349875)
 (0.29631716399493324,0.36112058985076201)
 (-0.86713333751313526,0.42619657432310365)
 (1.1344716433349296,1.1350028782583819)
 (-0.19890411729780616,1.1663152876181102)
 (-0.37596624454593797,-0.40735436078723619)
 (0.51656487688285435,-1.3413112282044304)
 (-0.93500861992631434,-0.54238899196155455)
 (0.51846482466465815,-0.88056047751517741)
 (1.1049668687317438,-0.4915768970791074)
 (0.24580126256104406,0.15843853355911947)
 (-0.21942881952429066,-0.77411558313183892)
 (0.63389001142881751,0.56978098078802075)
 (0.64306946385563857,1.1541731517989899)
 (-0.75179398199459546,0.67719485392572543)
 (0.15531125752616853,-0.95632881236437051)
 (0.57279465186738365,0.21273923779840792)
 (0.16491114742236312,0.83579071776090907)
 (-0.14838078371916474,1.0807728523998672)
 (0.5762287040465589,0.72027950418204034)
 (-0.71231122814636205,0.56285924096664675)
 (-0.97503281498647842,-0.227000214906739)
 (0.13808463694137907,-0.27608328143794142)
 (-0.81617728511084653,0.37286894374574076)
 (0.26910800266919538,-0.43316496036020918)
 (0.78114502985737377,-1.0266928109019082)
 (1.2386458821071984,-1.1929036546309657)
 (1.1929682440649638,0.29553926293034866)
 (0.54447745051809915,-0.54345305015997103)
 (-1.1695717739805898,0.3329665915089115)
 (0.24278436559959665,0.82420001537196841)
 (-0.76950315582833773,0.97921823866815971)
 (0.6396015291890419,-0.25056809069870811)
 (-1.8131855328783688,0.6209739966649136)
 (-0.06627224550787772,0.17974667279754578)
 (0.53367414658133605,-0.96465208307503592)
 (-0.25789780180727717,0.3569372136487361)
 (0.14835975120768774,-0.62623905620726772)
 (-0.84931694864140228,0.31903037257368311)
 (-0.30091804574480685,0.6597779972812774)
 (-0.49851988597904368,-0.17996745684889986)
 (0.3217469548914566,0.46358694148899288)
 (0.87051111061244768,-1.3441214699143793)
 (-0.38490658171156683,0.44228071221463833)
 (-0.2549044817739089,-0.02277737418983386)
 (-0.2330298883423354,0.36095362858136137)
 (0.38217195440491797,-1.2058357809454952)
 (-0.050736619352073353,0.73596156594218209)
 (-0.6334240677762264,0.055887674146452793)
 (0.77472331018834295,-0.37016249455051009)
 (0.74932326635425661,-0.078941426619120569)
 (0.47282136977377437,-1.1053455200636924)
 (0.10042403207992381,0.45862682300959767)
 (-0.62446913704176721,-0.67424958214980357)
 (-0.41080792862487181,0.86813980682422365)
 (0.60624888901372631,0.2028919509852963)
 (0.2145188819513881,-0.19595680961160192)
 (-0.033361252549202303,0.72037574031480212)
 (-0.54229097380874181,0.51549726736840129)
 (0.55277040566394819,-0.15288358303328606)
 (0.97966652399288057,-1.0606713817722775)
 (-0.49803603131932861,0.38249613353594525)
 (0.72777828723836369,0.49842267849636357)
 (0.83317856225759479,-0.99073284265287243)
 (1.6248026596213316,-0.31992998822774787)
 (-0.66956087934089537,-0.99457251485286613)
 (0.22819272569449678,0.1880623005797995)
