# Created by Octave 8.4.0, Thu Dec 11 09:47:21 2025 IST <gamana@Samsung>
# name: awgn20
# type: complex matrix
# rows: 1024
# columns: 1
 (0.80011782215410121,0.78403453323434347)
 (0.82652269639300424,0.83544871698915424)
 (0.72245515830708729,0.75044987308399991)
 (-0.74151808251004492,-0.63189808280061976)
 (0.84023861378297426,0.66784556544007656)
 (-0.71009053000641531,-0.76961320495131458)
 (0.70442567551547475,-0.64100182600107758)
 (-0.71874577827907427,-0.74222415707274469)
 (-0.57158429634860375,-0.6475190452635935)
 (-0.74587784282605507,-0.82807033089709281)
 (0.72514762550159517,-0.65699333705603979)
 (-0.66824336348918512,0.77576349464923255)
 (-0.64793299968435702,-0.72599871499873503)
 (0.65716127439159089,0.5502586854526379)
 (-0.74822675648096226,-0.87262999918943629)
 (-0.69031084872029846,-0.76758362805698976)
 (0.63515038340241381,-0.62872046225649303)
 (-0.58875657649049329,0.70988917316227418)
 (0.58750090407318056,-0.77522986700416441)
 (0.82518052681865461,0.64428420473824477)
 (0.81256674878056123,0.7302095956246788)
 (-0.77845952696899534,0.66634950367449963)
 (-0.72711537989983233,0.67494916529387916)
 (-0.68542732880158097,0.56946354998752213)
 (-0.74852681572960389,-0.62550157820658536)
 (-0.74919937634518718,-0.69490401852709016)
 (0.67971123904671316,0.77541929949512767)
 (-0.75783504555465209,-0.54549141686221703)
 (0.69822335268897584,-0.7971689252961458)
 (-0.65315170914698539,-0.78546048887800957)
 (-0.72824922891915911,0.73198453692793808)
 (0.64260720997818732,0.81704847229415911)
 (-0.66849040489209677,0.70271698968708918)
 (-0.63786494071271993,0.73678948507448372)
 (-0.79108818930494007,-0.60219842449774574)
 (0.64008468293080778,0.60183464130096398)
 (0.74600532710852319,-0.7034435230534386)
 (-0.65030618732224188,-0.67609984557414582)
 (-0.65259433373870634,0.74529465989110566)
 (-0.76643348762909413,-0.72404360458641603)
 (0.65958691749919607,0.71525898194049753)
 (-0.64025492893727898,-0.70167599017247606)
 (0.70915229839035365,0.74863938836042787)
 (-0.74982072245204945,-0.69256618246141044)
 (0.79295463880965356,-0.67215350820075426)
 (0.74024315576863975,-0.67232958624804107)
 (-0.64192839789652967,-0.68477941126982844)
 (0.744931763408894,-0.77802547368478425)
 (0.7042460661094665,0.68762397669350261)
 (-0.70253558261627125,-0.77715533390178926)
 (0.69281338671237014,0.72945937100472724)
 (-0.73289173171181532,-0.74716896817838074)
 (-0.64771887839019993,-0.66989821851767239)
 (-0.70242926082716017,0.6698609029501591)
 (0.66571271520082242,-0.65671207215056582)
 (-0.71826838099477908,0.55599252019358891)
 (0.58986060935331219,0.77040318238664285)
 (0.69862207963239242,0.6953130182305286)
 (0.73602041913458816,-0.87176344856994792)
 (0.64898850846505052,0.62008658250667426)
 (0.69819426262638939,0.65475413401010707)
 (-0.71832152870823751,-0.74199185208138241)
 (-0.71081544972758359,0.63332116007601358)
 (-0.73307509644806312,-0.64318074951004833)
 (0.64031635126088293,-0.66031400900975479)
 (-0.63086860105816878,0.69686896159533396)
 (-0.76968368519610686,-0.73477294592923648)
 (-0.6807811158065894,-0.68137108375707789)
 (0.72914476542116435,-0.71622710113918031)
 (-0.61738253547479316,-0.82121524618640951)
 (-0.85266246221991127,-0.57550530540520151)
 (0.70298397499891541,-0.71936141413027854)
 (0.7122721924613552,-0.75015188115390241)
 (-0.7459541200234483,0.77971628252776071)
 (0.72841811909857834,0.66830799291420784)
 (-0.63925137494231477,0.74577537532445004)
 (0.72097837914409069,0.83685956223028113)
 (-0.65042044250093611,-0.66248251202461372)
 (0.80860099726050327,0.55088169507120655)
 (0.78670764537640414,0.71820463072991603)
 (0.80214286189577511,0.54886775568200941)
 (0.79853435809439743,-0.58665033766175034)
 (-0.63889596570420437,-0.6374505123714127)
 (-0.75186783057962681,-0.73722123293470365)
 (-0.75519278922261512,0.6791308081308155)
 (0.62290523810149856,0.70784929178822176)
 (0.72263680662350371,0.62691102773314233)
 (-0.59292405783886903,0.69851160638044973)
 (-0.70540333717405046,0.59402100287351267)
 (0.61900274513041842,0.60244339624567633)
 (0.78761201379209733,-0.8097954699480735)
 (-0.68818651706316225,-0.69912622584329265)
 (-0.72286327341424461,-0.80028562612202114)
 (-0.69371018768864945,-0.70344035570109598)
 (0.6978988233067539,-0.749801829403003)
 (-0.66017857746443509,0.74295433800411803)
 (0.71867284499934292,0.64662319176943539)
 (0.7835896693793023,0.75980244508356387)
 (-0.66524730073583516,-0.69768422327277024)
 (-0.68031091910571528,0.77463161827181337)
 (-0.68373797054597252,-0.62246284557896525)
 (-0.6661125556551778,0.77238440542347808)
 (-0.74221760095937261,0.73466556993405441)
 (0.76077897113574422,0.66885173992693503)
 (-0.67562871021305071,0.59060643677686353)
 (0.70635151844446187,0.70137465472910221)
 (-0.88237617201990459,-0.77556552374130527)
 (-0.73041562679261562,0.62463923023575729)
 (-0.65545613024249438,0.72662513141428442)
 (0.62715120378040634,-0.5582380326160965)
 (-0.78190489502647298,-0.71840154798899947)
 (0.72701538165946589,-0.74132701623801744)
 (0.78954161672209655,0.75745981780513749)
 (-0.70453425880093368,-0.74115154000235273)
 (0.62176853971318524,-0.60113831048748834)
 (-0.79720745271089344,0.76377656053342069)
 (0.74057594615520261,0.68293811428132312)
 (-0.6792139737696361,-0.6999868384685124)
 (0.7782745447391215,0.81999938643029768)
 (0.57827576391938307,0.68795080933415198)
 (-0.6752458455073842,-0.65364939388538346)
 (0.74298498958534176,0.79134214134327174)
 (-0.74034367967084025,-0.65340443147216187)
 (-0.72877035831515191,-0.68547763568063569)
 (0.66390752577061685,0.59664179447909971)
 (0.63987542134395525,0.72755992493135191)
 (-0.7041220507047431,-0.6444466614499661)
 (0.77875927643557274,-0.62335623885404479)
 (-0.7197349949817391,-0.70473130734380074)
 (-0.74879554842802787,-0.75245858514105701)
 (-0.58679723664408312,0.82880451167654712)
 (0.61921765029390619,-0.79083854555762656)
 (0.69557373368426312,-0.73159039753240729)
 (-0.69156541578528308,-0.66770408826495276)
 (-0.66235476223924628,-0.71081614280524841)
 (0.48227725038500413,-0.74266918207684007)
 (0.66293377063406311,0.62367242183052007)
 (0.70689593969340325,0.64803103522889216)
 (0.64415556585640643,-0.77941257306045097)
 (-0.61791210739866587,-0.61211109013538856)
 (0.66338649374689651,-0.57014611540110582)
 (-0.83932548907131732,-0.70682446854753345)
 (0.71980632558819713,-0.68579578824073162)
 (-0.59555396863729604,-0.83423612719933882)
 (0.6439847750667419,0.70367709745644313)
 (0.74586795209226719,0.57371693858908912)
 (-0.84284049797830307,-0.71961893405853139)
 (0.71339219070234949,0.67902508030089326)
 (-0.72680553063083719,-0.68203627061327821)
 (0.64960868164501084,0.77177178895021026)
 (-0.61933854214425377,-0.79010030423577515)
 (-0.71913745483686042,0.71812783186130713)
 (-0.56201888724721139,0.69653826529990936)
 (-0.73541169855092181,0.68908109387187599)
 (0.59418402410783222,0.6733810361165008)
 (0.73626270083354728,0.7678800020267762)
 (0.6844110282992536,0.68721003844069539)
 (0.69613021656635132,0.64022285366028586)
 (0.75403109977667071,0.72604500412009809)
 (-0.76694052742499308,0.70875953543032777)
 (0.72465970106791289,0.62447493666519782)
 (0.63609407644847904,0.7311074139244722)
 (0.80694088083099103,-0.74254633673709058)
 (0.74190448357142103,0.68361194193753361)
 (-0.70132537143800566,-0.72718264604428284)
 (-0.83899137734046503,-0.82135334567706186)
 (0.75716621837841147,0.81349754750988867)
 (0.74145950974203223,0.67129630195993006)
 (-0.69826726647923187,-0.77017406575151404)
 (-0.72381959431409293,0.69920260114615795)
 (-0.79669678598125671,-0.65448372532432708)
 (-0.67182617566259362,-0.75516224252484032)
 (0.63633549585752014,0.69673849278075106)
 (0.56698941064470088,-0.75458679407350093)
 (0.56341030451299934,-0.65422830399657306)
 (0.73116611211310145,-0.77839921514567489)
 (-0.65288622086751746,0.72791789833129783)
 (0.76915660254770224,-0.66353181023122909)
 (-0.73689687076037358,0.68143913648144827)
