# Created by Octave 8.4.0, Thu Dec 11 09:47:21 2025 IST <gamana@Samsung>
# name: rician
# type: complex matrix
# rows: 1024
# columns: 1
 (0.03611556341728156,0.39775346170467663)
 (0.29042044024673785,0.10462555985574874)
 (0.33125241671772454,-1.5524547871039163)
 (0.60292038313764962,-0.49485408339385711)
 (-0.6401906081102966,0.69106074456212063)
 (-0.21855944566824176,0.37310742037680616)
 (-0.63622600846955224,-0.62533023850599279)
 (0.54654488073202645,0.29524827097331019)
 (-0.90269541931134611,-0.50783618867822411)
 (1.2671657561889822,0.50969539084484872)
 (1.0102124038991229,-0.87634423063944844)
 (0.45474310132164542,-0.63500442284796277)
 (-0.88650441392589141,1.760166844360862)
 (0.64779040996115356,0.89355968298691568)
 (0.85550469563874842,-0.59825355763024479)
 (-0.49355939763764078,0.90590840259441718)
 (-1.2326365521462057,0.24890425034927977)
 (0.5819401376040112,-1.3006775787035965)
 (0.00054068706789811571,-0.57760817561048317)
 (-0.17679281855912066,0.3829624341900536)
 (0.65946447479679959,-0.44962366104323592)
 (0.50419788888424111,-0.82668022009850062)
 (0.46497678862523012,0.7559402342163879)
 (0.5488504214851524,0.99345923476580533)
 (-0.6630865445034827,-0.29824867148546108)
 (0.35123954598813478,1.2430596251366741)
 (0.60798144989965164,0.31269827487545787)
 (0.70036861531091454,0.13027448586164103)
 (-0.65111246346832163,-0.5869567067778203)
 (-0.4871445193551206,-0.85815710647014598)
 (-0.7260762347410652,-0.29837981711381106)
 (-0.95508365914602089,-1.0371033650660297)
 (-0.6520099264713356,-0.59580905581134103)
 (-0.56331811634179585,0.62443536564148061)
 (0.079668172677865468,0.71605077120077265)
 (0.64285500967307119,1.0041106751424056)
 (0.4416744225342869,-0.077862038162636704)
 (0.87296194760560486,0.0023167769551321049)
 (0.2406711323763937,0.96755447939813743)
 (0.78331678835779828,-0.65144095184976281)
 (-0.53204407370959961,0.98512115555341262)
 (0.77786105278015927,0.062066318951995325)
 (0.46796897604874399,-0.029981839151664053)
 (-0.76875789532128513,-0.79492637646658848)
 (0.63503375122952666,0.7590291773334944)
 (-0.6299391320881309,1.2556654144944623)
 (1.1485872755259083,-0.16599334261285076)
 (-0.2213949808945069,-0.42412685787281312)
 (-0.34790632054016124,-0.8030824216944209)
 (-0.8652718742404043,-0.48731534175946278)
 (1.112924868048816,1.0623410094311607)
 (-0.11648513898872725,-0.8657950128655979)
 (0.02934222325542446,-1.0254136772134985)
 (0.19898310355932552,0.79581961067591966)
 (0.96229056218500753,-0.76135661632381191)
 (-0.38327230140983037,-0.27600895947166015)
 (0.3215316322404741,0.83146378334224169)
 (-0.83469735203016826,0.045981670423554943)
 (-0.83185631956309702,-0.58196804358468968)
 (0.31922078339953674,0.055273294786246263)
 (0.6180264360372365,-0.70464312595395007)
 (-0.13324184745280457,0.055724454629969507)
 (0.85392354381895852,-0.83382992420467739)
 (0.82028474827133491,1.1693415215739942)
 (-0.36008090370087414,0.83285128662397745)
 (0.55570426614788437,-1.6665593804102901)
 (-0.80281115640809098,0.71612782893001803)
 (-0.93343091777757192,0.27517472915236646)
 (-0.6050212386594146,-0.95091620665082177)
 (1.2040894210695137,0.79701262461205935)
 (0.29262175628866105,0.086338938073223764)
 (0.77835953542743419,0.69050943939218823)
 (0.7922180954141268,-1.3949894835514152)
 (-0.5664850095476327,-0.82421169945410722)
 (-0.66303409058604912,0.83537208103153426)
 (-0.34646127899072837,-0.755687287935215)
 (-0.5854405041414158,0.63444157317160876)
 (0.88539799673340691,-0.62482885463368132)
 (0.56847402483920761,-0.76878016758184409)
 (-1.0574275977875083,-1.0097521433393297)
 (0.48684141908253564,-0.27117390514384343)
 (0.7572884452609715,0.59959748933702406)
 (-0.7694377077961263,0.17393000016092636)
 (0.59648632417606351,0.48964944280932021)
 (-0.44978950851466787,0.27649272089770965)
 (0.0097998404297485187,-0.82491106166780837)
 (0.82280567518264303,-0.34685369022186296)
 (-1.0828812060525463,-0.77484936798821935)
 (-0.7919415901138902,0.83520777693885617)
 (-0.65858373803200909,-1.3146502650811613)
 (-0.67707333969411343,-1.1757866504155543)
 (0.72183774549024216,-0.56702535264562315)
 (-0.83287544156992477,0.57449170320402876)
 (-0.66252027135539138,-0.51317847104196346)
 (1.1930769169126756,0.071090417468314349)
 (0.63684558164661897,0.85745434636766071)
 (0.68887840281791224,-0.68395173339306359)
 (0.65848595576425573,-0.55445885141299112)
 (0.45914637102543704,0.45752653930025927)
 (0.74134510781150975,0.7021470628809795)
 (-0.66879242915005432,-0.49588102930992262)
 (0.53608394474661902,0.6855563541786609)
 (-0.91230370687116047,0.9262620904575819)
 (0.80321663850388958,-0.79053185270206783)
 (-0.946581565539244,-0.74520748691530758)
 (0.64377431775025484,0.76235023137326019)
 (-0.91105605270325785,-1.0774509325265851)
 (0.58412085031888894,-0.38087525638846115)
 (-0.5973651406492726,0.95747840767637515)
 (0.28795862797399319,0.50592211211684068)
 (-0.88598020507239539,0.68838314572547421)
 (0.71759290284971389,0.67322387602450151)
 (0.79753777839767914,1.0261618213615533)
 (0.38540189017794246,-0.6113561099974385)
 (0.19030698509820348,-1.1733024463622659)
 (-0.87952458085786345,-0.72313733264473645)
 (0.43193113139511408,-0.08705061731397204)
 (0.2463196265378112,-0.9279950199294944)
 (-0.19328162203634119,-0.35863259068572334)
 (0.65145560872213304,-0.37916869935748809)
 (0.13283381919956527,0.60801784418396831)
 (-0.37720676058427366,0.43975770562519106)
 (1.2599316175792095,-0.75971643269527822)
 (-0.7249762470027683,0.40016682886761679)
 (1.1040741175485107,-0.47094286820681353)
 (-0.7914939610990992,0.37253045992910333)
 (-0.43739691506261463,0.89003273302042496)
 (-0.75064656159826515,-0.79236846022278384)
 (0.34180381644907432,0.23058522606384577)
 (-0.32879464741761222,0.61253766910597174)
 (1.1183448521791157,-0.75447394546317637)
 (-0.33766899988379251,0.69759972935450798)
 (-0.91903225383461495,-0.5780492762356757)
 (0.72201312598904666,0.81322511336768144)
 (-1.1315581587806465,0.64202627507059928)
 (0.89920354188734786,0.31579681531019371)
 (0.51018072751601484,0.72755085563188304)
 (0.29762997486169573,-0.19490862145178356)
 (-0.96652712262429463,-0.23374011133746242)
 (-0.60346241477650997,-0.42301242018632706)
 (-0.95186940368002571,1.1525468407273864)
 (-0.38017947542965047,0.21053940909168822)
 (0.80516568683912548,-0.69161169445630399)
 (-0.99500825504876933,-0.93803013013357406)
 (0.53227614516186406,-0.97361613696301252)
 (0.30276730446067646,0.64143925614275188)
 (0.22272427317572224,-0.35827660040884884)
 (0.85921880065063028,0.62171462621190066)
 (0.30297313505783202,-0.44468955387266235)
 (-0.73814863140261722,0.36641049803975856)
 (-0.8451371377073813,-0.50821000115736492)
 (1.0058693553444393,-0.27955902511195585)
 (1.1033843906724246,-0.49223311033641742)
 (0.57404531209982834,-0.73291140386539144)
 (0.97104853847902528,-0.18840990009707664)
 (-0.8623258664245097,-0.83561289446556208)
 (0.16205213390091947,0.41394089017935132)
 (-1.2070860071458092,-0.46993085743152513)
 (0.64379947939280724,-0.38418792851627903)
 (0.32091459194454863,-0.58548943280133225)
 (-0.19958071038888364,0.29564773332814687)
 (1.1024699223484489,-0.60571063160838523)
 (-0.1489428106135553,0.50757976509412062)
 (0.8136695254533034,0.87298025729850537)
 (0.57637515012798912,-0.39166077672730853)
 (-1.2986163925736438,0.54507567814279378)
 (0.64479302559786578,0.66055265678432407)
 (-0.54544239696542229,0.50427701125430002)
 (0.98991495257675055,0.69729724598823051)
 (0.52402836460591595,0.54941137033320764)
 (-0.99834142464558984,0.43915623363378986)
 (0.20978624839383372,0.1142271830171662)
 (1.3190891570704579,0.6335506598178563)
 (-0.33370142085384585,0.93605512106661792)
 (-0.19382782405078713,0.69604020862523308)
 (0.084186840011693465,0.71654555602175196)
 (-0.7411754290800826,0.48921951012616727)
 (-0.71896173979722344,0.6514836910189814)
 (1.2163374936397329,0.21324226865095497)
 (-0.36503766706973373,0.46452461572447101)
