# Created by Octave 8.4.0, Thu Dec 11 09:47:21 2025 IST <gamana@Samsung>
# name: rician
# type: complex matrix
# rows: 1024
# columns: 1
 (0.65864542321001252,0.94681088330090191)
 (0.55428936964953923,-0.79782611392279801)
 (0.51912157756235766,0.13949866483452544)
 (-0.27392669368345879,-0.61984911543120802)
 (-0.11202123213962734,-1.0396428450027995)
 (-0.83033607004050791,0.58238298919919418)
 (-0.28075970960486091,-1.1509696891040657)
 (0.58361776100391849,-0.56197829528999044)
 (-0.35668480871451946,0.80072695435486596)
 (0.56723389227207721,-0.51301392817423008)
 (-0.5148728215591174,-1.1704884890272491)
 (1.1779018538961392,-0.3408979375695067)
 (0.68278036193473479,0.81831194796974516)
 (0.73376024591832689,0.035208723475914971)
 (0.6594416377058453,-0.86879290576079937)
 (-0.9199752264658454,-0.29165909543668006)
 (-0.31087976945775597,-0.72613727398568317)
 (-0.66879181398596266,0.3242363804176438)
 (0.72545338141449933,0.56305248203039293)
 (0.66176412725313094,-0.47689270665536015)
 (1.0240876930902985,0.076535259302418002)
 (-0.7665605838509375,0.38100375691436156)
 (-0.13052433740954447,0.14485103623282988)
 (0.66009290025103151,0.64098461129433593)
 (0.64406976670078375,0.17062466159761219)
 (-0.61592083827718791,-0.34999862175181218)
 (-0.72017526791776265,-0.75900973204688182)
 (-0.42931040596336778,1.5430344469222277)
 (-0.21103238509677746,-0.48157374216108784)
 (0.8499199091057994,-0.56159242619677707)
 (-0.20930978509917847,0.80596595222086842)
 (1.1203047730951974,-0.99711413253557513)
 (0.61117729407962129,0.67634966792359263)
 (-0.34304204223233697,-0.72116263016816129)
 (-0.90994395948257401,-0.61565297666130192)
 (-0.54301067185328666,0.083327870165589624)
 (-0.14231684147898915,0.66068637078605585)
 (0.42461565073694935,0.83549503016699989)
 (0.24093972262448238,0.36164912753012723)
 (-0.45507989469971299,0.93184621144938262)
 (-0.19391142358550401,-0.21740895612430594)
 (-0.21652271350782587,0.76944556846857148)
 (-0.87874508613759839,-0.33994529021873621)
 (1.0452103851418277,0.72090915910471387)
 (1.2022857621370779,0.5369308770021457)
 (0.87088812244148439,-0.4734655593088799)
 (-0.10345708599314207,0.024736655794940277)
 (0.34464520394998427,0.61394320785569967)
 (-0.33455185389546449,-0.74444259014248726)
 (-0.016350399191968457,-0.77259328688830564)
 (-0.70320038225793846,1.7802647476985869)
 (-0.89526395376101342,-0.18394956469262363)
 (-0.69668971930175316,-0.74265483025957812)
 (0.68407713406114434,-1.0513905767497276)
 (0.27603066639592133,-0.57251686164488091)
 (1.1335707763481866,-0.97571281094091356)
 (0.63577319898580387,-0.82209624668653258)
 (1.0696481740529182,-1.461357916140483)
 (-0.79461857562672178,-0.59201733499552611)
 (-0.68517647273139082,-0.66355070670093752)
 (-0.3330073055616492,0.91008339461744003)
 (-0.61539969051469035,0.22876027282268052)
 (0.47947716382160177,0.57462945282993227)
 (1.1104063601937439,-1.1475005975616455)
 (-1.1102490888803602,1.3493753888764999)
 (0.69042580287406619,-0.081588369669504557)
 (0.1941209618692078,0.62197171625863146)
 (-0.44999988166834143,-0.64608704197623246)
 (-0.42220775272092886,-0.73735503763548516)
 (0.79626918259049151,-0.62219450448976166)
 (0.68406868014622357,-0.65468723019366004)
 (-0.240390988633155,-0.42363019551826964)
 (1.0754153309377619,-0.88788464240579101)
 (0.52480321310943256,-0.086798871367046143)
 (-0.60107617978742323,-0.96922859448041765)
 (-0.65422389336122622,-0.18409177418253855)
 (0.87436544675424743,0.22270853998370738)
 (1.1748530937446389,-0.33196074230296213)
 (-1.0478122832853107,-0.58023014748865087)
 (-0.78159630540390912,-1.1495654260810928)
 (-0.78392915918274486,-0.59537767917118178)
 (-0.2654194619071924,-0.2584301904754856)
 (0.064363196367086234,-0.55501289626857941)
 (-0.26660897743130041,0.14844948197397437)
 (0.77229027548511142,-1.2031491120145099)
 (0.97029092887968982,-0.6618688791901931)
 (0.29002433148715517,-0.31873303908058431)
 (0.94653853419290224,-0.163633127804373)
 (0.44920520012044418,-0.45358129890595489)
 (0.76096370901131993,-0.79900587113247301)
 (-1.1521763833673333,-1.4300309553536659)
 (0.17814245333680889,-0.60320735814668813)
 (-0.8681205195430195,-0.31808971451915541)
 (0.77730006059393475,-0.75561412250107363)
 (-0.48267783501009659,1.4691933955852514)
 (0.21993968106164385,-0.93026935083496642)
 (0.54634941430592843,-0.70415110285293769)
 (-0.55007341884822736,-0.7327140349583855)
 (-0.25269618423356094,0.97078523449047971)
 (0.10924348751580462,0.51302308528049534)
 (-0.75664072277437,-0.82329654751909354)
 (0.38576790227588642,0.69457932954230395)
 (0.42031564758200995,-1.2305293413868579)
 (0.97795691240226845,0.43133717842324226)
 (-1.091139340843821,0.26309620987376675)
 (-1.1720713960463105,-1.5359541401734103)
 (-1.1531720636056617,-1.0716691117117092)
 (-1.0229578426047969,-1.1452275800785494)
 (-4.7707511989458773e-05,1.2210036139681621)
 (-0.65485359838741508,-1.0500148770989226)
 (-0.44572896293553715,0.42668743663822345)
 (0.10695588290006455,-0.45277040421810377)
 (0.19748358953226808,-0.60509614337503059)
 (0.88706611016399639,-0.91953563711010811)
 (0.30862688820969286,0.67697079501209434)
 (-0.14042798746192239,0.14134219163158249)
 (-0.77984352630919185,0.0031333977619202869)
 (0.42417982935064491,0.47979011146048989)
 (0.41211094372138163,0.30666693019267949)
 (-0.64600547991446755,0.44071055902355039)
 (0.58364558488026297,0.81352245807898516)
 (0.7172224758731266,0.58661606996595628)
 (0.75628215312598779,-0.44415932586651041)
 (0.02171970136200263,0.97986490670454252)
 (-0.36226697246848422,0.51575904717175414)
 (-0.54615080082362677,0.91743529771231069)
 (-0.12795916795762413,-0.94983504571733923)
 (-0.88322044415535328,0.065033362356499036)
 (-0.039103220712784104,-0.33929971226077021)
 (-0.12288950654739678,1.0144994235721709)
 (0.35501471991545741,-1.443488289791101)
 (-0.53550620889316747,-0.60293054805466451)
 (0.62547004617030777,0.98094421319355707)
 (-0.41007234694828565,0.36302400325677087)
 (-0.7394597564224159,-1.0211046137754425)
 (0.56982515371672493,-0.21717017006745704)
 (0.11550046694803784,1.4697917935360731)
 (-0.74216206483975655,0.56220930116718704)
 (-0.52225109375905276,0.55504270994695104)
 (0.22925631653239759,0.99593505919486902)
 (0.69665907631358959,0.94748038564829629)
 (-0.72044260537233451,0.55539247217960352)
 (-0.53622573305990318,-0.32924176918447912)
 (-0.74607202528288619,-0.63888982771630143)
 (0.6557170267891933,-0.16142184069565324)
 (-0.75193091665714684,-0.90104777124804691)
 (-0.56216654635652441,-1.0602898904906961)
 (0.70984697878034153,-0.72424213718438335)
 (0.70904733851672175,0.16834787875233165)
 (0.78120149215200851,0.91515254886703357)
 (-0.26981327413583356,-0.73048597348956201)
 (-0.62287429988252863,0.57123666543657359)
 (-0.57987744687832432,1.124398329295522)
 (-0.85246094582002807,-0.014976858518749525)
 (-0.31269886280343367,-0.7171841090644071)
 (-1.5515967872845373,-1.0951206717822208)
 (0.35140865522336906,-0.7767263608372128)
 (-0.35096832933185229,-0.66979039527169848)
 (-0.71388105482670439,0.85097773140701316)
 (0.55263575098060458,0.18103588102634544)
 (-0.24237380520093951,-0.22709952535632952)
 (-0.38828427995580311,-0.65382743756084127)
 (0.35629713914695949,-1.0610224832297477)
 (0.56247524584560016,0.056856853511570826)
 (0.68048006419017248,-0.41817572256233904)
 (0.088212170891283692,0.54297341800132815)
 (-0.36539851963844594,0.68038669578566835)
 (-0.30956455432965879,1.3387995181741541)
 (-0.18581699653063011,-0.54914701953817213)
 (-0.42133907760897837,-0.46095238421828499)
 (-0.49020781544292968,-1.0719207941768731)
 (-0.79436092538976666,0.77310501470913306)
 (-0.061054221160310174,0.4301107392627857)
 (0.51444407169226769,1.0775849724115418)
 (-1.0014452663023494,-0.30479451953269376)
 (-0.36690310602230508,-1.1442116161978566)
 (-0.65923177628436969,-0.20641278314877939)
 (-0.67149138528289698,-1.0344182485456739)
 (0.50673100301436069,0.77300627496976537)
