# Created by Octave 8.4.0, Thu Dec 11 09:47:21 2025 IST <gamana@Samsung>
# name: awgn20
# type: complex matrix
# rows: 1024
# columns: 1
 (0.73114278918807041,-0.88510827243932289)
 (0.71560382291634606,-0.47427076896412323)
 (-0.66939988955330365,-0.72138366732699766)
 (0.73660290512355608,-0.77180188356011037)
 (-0.61844234923274588,-0.63752623874846737)
 (-0.6734775770821797,-0.75102653255598706)
 (-0.68098676639667732,0.61132949483312859)
 (0.6979614050330063,0.70167375591006287)
 (0.80518222766702818,-0.87153452730793912)
 (-0.7177796955409016,-0.65548092329095631)
 (-0.6998374917502882,0.7299621435243655)
 (-0.69240219095834177,0.76156765413221927)
 (-0.68819313427435724,-0.66302932167104389)
 (-0.6619123887570455,-0.54525580219172809)
 (-0.66729827783513029,0.66982854149287796)
 (0.78025018688153569,0.80420055662072487)
 (-0.54018656095463724,-0.67876831885111777)
 (-0.80238114052864673,0.73886352577355052)
 (-0.72687514638941986,-0.73706013436002971)
 (-0.78645409310166059,0.70894211404976082)
 (-0.70198150803502934,0.72967655055045499)
 (0.73412537386013621,0.66961769087758194)
 (-0.6836450406154031,0.65989173543987811)
 (-0.71984311683866253,-0.72776427935988841)
 (-0.68387848674490048,0.62514941494782861)
 (-0.85774443445213744,-0.80912015470336829)
 (0.69033293015249364,-0.67049262797062048)
 (0.63668036484883106,0.63209159506496804)
 (0.66397448523547709,-0.82595842412377052)
 (-0.71460971301883625,-0.7027018503379473)
 (-0.75625038054255278,-0.76711496352554653)
 (-0.74590017178500645,0.83282614076702943)
 (0.73869833882482039,0.61470606763487456)
 (0.64390343954788976,-0.81686805821363162)
 (-0.64139741601705635,-0.74153136499338212)
 (0.80773292207355618,0.60361586598500572)
 (-0.64067179504410021,-0.58387554664800645)
 (0.84631939147645641,0.63847088302282584)
 (-0.72710877588869915,-0.60884174518602407)
 (-0.70861830973323015,0.72523329985382234)
 (0.55510144270961137,-0.67843629976556552)
 (0.82260018881062491,-0.68448074950050652)
 (-0.79247996448826075,-0.66242518610203449)
 (0.80592805029146675,-0.67077542569552495)
 (0.67106991279624661,0.67723200980197751)
 (-0.70604851233697619,0.72996282989699335)
 (0.65320881722688662,-0.69030659415699025)
 (0.68609647293150278,0.78696860108507405)
 (0.60035487725851833,-0.68157717659062522)
 (-0.80515635264118168,-0.70049662784799316)
 (0.65171887872521894,-0.67836289309107789)
 (-0.54667464488429507,-0.6802993834163622)
 (-0.63898729913059615,-0.58415285189949817)
 (-0.62813755180064856,-0.74402772826388552)
 (0.64606503976964258,0.71757961753599442)
 (0.81358282811944704,-0.6722684206375531)
 (-0.61853649454941151,-0.76287068749242493)
 (0.70374490653770405,0.59910747363915862)
 (0.84751176813199436,0.79412052182218851)
 (-0.69613302279406031,0.71898983093656443)
 (0.72092128603207406,-0.8269213359421117)
 (0.64226059682587311,0.70506972152363612)
 (0.74604892911483423,-0.79082402315193678)
 (0.795232217268945,-0.74090467951206573)
 (0.76204585857621909,0.83856598469412913)
 (-0.75375280268198053,-0.7224949727984139)
 (-0.72562553330320489,0.60353099887570061)
 (0.73854581221279481,-0.8199377633860403)
 (-0.67674389443368621,0.61407179717406524)
 (0.72999739177908407,-0.80390226425772249)
 (0.72304252464791585,0.62350034027982359)
 (0.69984412459402501,0.70635586095521075)
 (-0.65577263476972647,0.8325192951415441)
 (-0.63859142223007026,-0.69825170847026474)
 (-0.72106496366402528,0.57858730699380978)
 (-0.68781886246729473,0.79200104403698146)
 (-0.71042218210653951,0.6596285657714025)
 (0.59610175327551684,-0.70967705299312456)
 (-0.80868863692769133,0.63932817032397649)
 (0.69956467084540619,0.70033847861388909)
 (0.66291156160598597,-0.68356178124746059)
 (0.76104286601273263,-0.75309250885737422)
 (0.72098192055597332,0.71976179705486043)
 (-0.62434145510225902,0.71925197430122834)
 (0.70496192540478209,-0.71149449845875523)
 (0.64997394596513425,0.67817728866712768)
 (0.85715686540927771,0.72200242466611153)
 (0.74276862504386831,0.67709301444545855)
 (-0.68270797491136559,0.6077797564313534)
 (0.78819089093956007,0.66358282520240908)
 (-0.73089414635730487,0.72446529210357846)
 (-0.72638678820868108,-0.70824413136056519)
 (0.6221904745793374,-0.76586165407916296)
 (-0.64154588830597281,-0.73789188011933726)
 (0.65733021362733624,-0.75902547590034963)
 (0.7669677423941168,-0.7112607504481725)
 (-0.7634720083735802,0.63223031803822127)
 (-0.64775425706277656,0.71840370743750592)
 (-0.80088480761957559,0.71666921706354347)
 (0.67450381857259412,0.64298809490663056)
 (0.75274994621720503,-0.78549863199324754)
 (-0.65078033316779793,0.68300812009814138)
 (-0.75880881549038759,-0.77957645256953634)
 (0.72919605373151108,-0.69674490410872003)
 (0.53021518607497931,-0.66985179143646878)
 (0.78612235025163724,-0.65641033833120255)
 (-0.7994748041188946,-0.6527463703910783)
 (0.6724603569357992,-0.71640468246559963)
 (0.72577881842774072,-0.60999785633416126)
 (-0.65837130922926812,-0.8397821112651872)
 (-0.67787677043693462,-0.70217427599647342)
 (0.71333352026446695,-0.84617109518594524)
 (-0.68384942500746926,-0.68988342805994451)
 (-0.63272024268330473,0.69642971000138831)
 (0.60941997456055685,-0.85361910400279317)
 (0.70665502387225165,-0.70393827861190361)
 (-0.78828817506070736,0.73708174306919405)
 (0.75034278534667354,-0.79902848835648843)
 (0.7248721221473815,0.57376737183184534)
 (-0.67707220316453109,-0.69630631000978815)
 (-0.78276295752200553,0.73034345588932603)
 (0.63682951473195937,-0.71568015002244345)
 (-0.67620054355703096,0.73215401357812826)
 (0.77768704501407149,-0.7114861528002937)
 (-0.65040021798694525,0.84208889279113541)
 (0.73191523526123281,-0.7412608553323925)
 (0.61890482773482702,0.614313267012219)
 (-0.75359488217339043,0.68721344308077936)
 (0.72942749657346007,-0.69421720635720741)
 (0.61273306513325743,-0.76693664840674447)
 (0.60216047306735843,-0.76844368358649717)
 (0.85697839422151023,0.81006371973981739)
 (0.72411277740880797,0.70100002956774343)
 (-0.6517463552390117,-0.62304936630106189)
 (0.70843647195027193,-0.69471078951610565)
 (-0.62778313326797019,-0.74732765905428966)
 (-0.67127353965562164,-0.7385721980331591)
 (0.70900701401385635,0.65567969608881571)
 (0.70828602689965758,0.74617217376147438)
 (0.81324209629617594,0.78251206194347656)
 (0.66279155681154633,-0.77600680474757255)
 (0.7127431612757591,0.65593380453126893)
 (-0.72205246673022372,0.85801423394633147)
 (0.85072844019179428,-0.67511520584466289)
 (-0.59061382649696093,0.73105781312436779)
 (-0.68777114776019899,-0.78425915921791911)
 (-0.68287026141830942,0.68314614710663513)
 (0.69137223323921093,0.73550136518496845)
 (0.68576351786283396,-0.78790214176313811)
 (-0.81163012926108191,0.79353824091021363)
 (0.83976293674274172,0.65629986636887372)
 (0.66247195366857992,0.65551691513695154)
 (-0.72980116606231193,0.61051471706901639)
 (-0.78198590501622633,-0.74112741151628347)
 (-0.74800905235486659,0.67629278961587824)
 (-0.52441713389182587,0.65973448642995991)
 (0.6130961887096753,0.75373800554773052)
 (0.70334673636814715,0.72538779304451506)
 (0.80633766769398096,-0.77279995683062341)
 (0.74640652666478313,-0.62088669357277027)
 (0.74238185566365356,-0.72030159152476725)
 (-0.50381004079764957,-0.72655387439932817)
 (0.71597689110900598,0.74503763082318308)
 (-0.62040597170352796,0.70695395513558634)
 (0.57473841769652634,-0.63774438551536117)
 (-0.72116564659358651,0.70906856939371232)
 (-0.82188503167479576,-0.72901758358106672)
 (-0.65108560757680412,-0.7790369976014222)
 (-0.72938551491197223,0.58590483233589763)
 (-0.68508667659320255,0.64638355900565048)
 (-0.83762278286420089,0.71479047256012085)
 (0.78932894877991289,0.78622665717839157)
 (-0.81555387079765762,0.7000801231943099)
 (-0.69347475647440859,-0.60856852453554477)
 (-0.71290869682348412,0.7490385389079075)
 (-0.75818543143879857,-0.72694654715442353)
 (-0.80252145616171189,-0.7052249297283979)
 (0.81774131395550209,0.71832210856119005)
 (0.64641048426610792,-0.78209901164718976)
