# Created by Octave 8.4.0, Thu Dec 11 09:47:21 2025 IST <gamana@Samsung>
# name: rician
# type: complex matrix
# rows: 1024
# columns: 1
 (0.50291146167817669,1.1335743014653854)
 (-0.48179034126813741,1.0501672997747236)
 (0.82554838556980525,0.68803896516855489)
 (-0.78809761340969131,-0.31144746948310709)
 (0.89656735563635304,1.0800428693263777)
 (0.61646248648676472,1.0323729478520605)
 (0.97406586630397207,-0.31707976585527203)
 (0.78951078676541875,-0.91181647674385369)
 (0.67756429334562773,-1.1141984721181051)
 (-0.039482284699603576,0.64384199249805807)
 (0.49652913722518277,-0.82920132208697406)
 (0.33392262914665916,-0.87558497086221954)
 (-0.66680569647836641,-0.11332717858490032)
 (-0.69118893220887001,0.73318376404745789)
 (-0.393928260574962,-0.61264772297591563)
 (-1.0787577199578122,0.97393958138317749)
 (0.83376914417422066,-0.80055668372576838)
 (0.30803608964882251,0.26483647258067738)
 (-0.91586881423843047,0.35242424624474145)
 (-0.82097619137675837,-0.18657357231191946)
 (0.33792240122858042,-0.44808753271514834)
 (-0.70608133294294761,0.6130223261635519)
 (0.74088249986361632,1.0256025224092005)
 (0.47484865762313178,0.15196380166619428)
 (-0.53734591682522914,-0.38185700900099667)
 (0.82947268252164208,0.04525222659734468)
 (-0.70056857928338934,-0.42856706146434148)
 (0.03915791555886787,-0.085966640092341437)
 (-0.66192546388211071,0.55855524389152811)
 (0.77191881100122539,-0.70206229381063801)
 (-0.79946901797237657,-0.48684041869938943)
 (0.63301139725878453,-0.37471762908614648)
 (0.6486015342491972,-0.61298454932125213)
 (-0.7991099444897829,0.43927095365691887)
 (0.75255288637380269,0.084526297464793176)
 (-0.81701360327754335,-0.64243938978792958)
 (1.0745444634542436,0.57412569471807795)
 (-1.1573098935111341,0.65754402930066846)
 (0.06645774377944369,1.1196231845247646)
 (-1.2460610912344983,0.7480040828141028)
 (-1.1280895595974059,-0.09996031039630493)
 (-0.69754238301558402,-1.1895528362361194)
 (0.38248046103235467,0.3930930523890086)
 (0.74519402155737913,-0.41988924359347357)
 (1.0192874051192589,1.0427428930501788)
 (-0.63801220729938524,1.002111439323297)
 (0.46954370716478583,-1.2324333022627758)
 (0.41007592035866514,0.60606046605351971)
 (-0.071380766520693195,-0.47761340803719826)
 (1.0185658207432597,0.038818205855242871)
 (-0.58658759704278796,-0.58715349974976239)
 (-0.16347968034246363,-1.1512136044214825)
 (0.41945866072253613,0.79509437893980306)
 (0.98649208263970167,-0.63445845419164026)
 (1.0137802732333541,-0.95235120275977725)
 (-1.2063182685416589,0.30298878545278307)
 (1.4476767149988183,-0.82234892148600502)
 (-0.83647585026649252,-0.78168657471224734)
 (0.40426357726848378,-0.96713569632971841)
 (0.95958815682694221,0.032476291032509541)
 (0.51514888635014633,-0.1253208366039506)
 (-0.40505387163222173,-0.37751452350142867)
 (-0.30103719159252718,-0.44142702630435937)
 (-0.64046157286446104,-0.34340581136567383)
 (0.9152364689933068,0.65500045428606413)
 (0.20319457178668632,0.8127954343769439)
 (-0.45612754870269129,-0.8731725139350055)
 (-0.13027434805394067,-0.92891438812231153)
 (0.91156786335959583,0.31883918619492402)
 (0.96808259724884071,-0.28466889962297254)
 (-0.53828140475209496,-0.4267738607571866)
 (0.85293467096790054,-0.075643310715139189)
 (0.58040747472379284,-0.11294052003657695)
 (0.25595284438996407,-0.35187006181417152)
 (-0.97790401627965462,-1.1096061516167031)
 (-0.83743144318276264,0.88226791603403354)
 (-0.68754448125013623,-0.43244629087893249)
 (-0.84529212729749281,0.83536610344985218)
 (0.15233503851704733,1.1041551191248113)
 (-1.046429869531514,-0.75052376374820362)
 (0.63855875439806786,-0.7196837715246821)
 (-0.51392578367998887,-1.6938889066684029)
 (0.76334764093229723,-0.77141333685586999)
 (0.15202844936252538,0.10960060772429733)
 (-0.57236988521425913,-0.70321970211193996)
 (-0.54250163564965614,0.52652662901443659)
 (0.34892155757890736,0.17607094549690311)
 (0.87076889400359037,-0.80387397281396311)
 (0.22642112501276718,-0.15340317332981701)
 (0.51922760511172517,-0.69475555943094125)
 (0.64895214070529639,-0.60710650900393881)
 (-1.2173196287282386,-0.75615285604901183)
 (-0.037518424641238363,-0.30008917357948028)
 (0.49119952873736389,0.44433282928351253)
 (-0.092440980956028818,0.62862832735516994)
 (-0.3728916810300823,-0.17321687021545598)
 (-0.64417959560436966,-0.55461309074172682)
 (0.61996409347848436,0.54009409002768838)
 (0.56187072256561021,-0.50151032402125695)
 (-0.65792757628057719,0.46782413021709646)
 (0.77646768446088976,0.16721124375908908)
 (-0.097817860989852928,-0.16060661446885646)
 (1.1212951796437032,0.41048956757902699)
 (-0.78981374498591805,0.05908541286010538)
 (-1.1301986560243851,0.63791721444323179)
 (1.2554747732765199,-0.62787923481934205)
 (0.88757216594513832,0.52036188580360876)
 (-0.1953300067749752,0.89878050448453939)
 (-0.85488752007643787,0.41414608657702834)
 (-0.25852912214473156,-0.79682877808067476)
 (0.81735451073728016,0.51240551079672136)
 (-0.74752922496880669,0.26854061143505648)
 (-0.31869852412576249,-0.60105526371176754)
 (0.85046556272307838,1.3729568501682643)
 (0.57372217232570222,-1.3276884165696698)
 (-0.66923165942349716,0.68641419003108928)
 (-0.55662912621348715,0.88277577074268565)
 (-0.92875988502589557,0.51942650120090561)
 (0.36571423421097587,-0.40090655202740105)
 (0.71029298189172874,0.79773310798261843)
 (0.49709458589150751,-0.61588195759361475)
 (0.46866396243780534,0.70175326174913022)
 (0.46131836745504162,0.24076602591399965)
 (0.67398147976884382,-0.37323096411040668)
 (-0.62698441050412312,-0.76118634628948367)
 (0.73071553570363978,0.3422096081311955)
 (1.0954569999689414,-0.34575710347639255)
 (-0.37375369047849311,-0.33525169030841845)
 (-0.74359095430907685,-0.64213923447707399)
 (-0.30300847461832903,0.30380070113913638)
 (-0.11097211380643321,0.38503284815649397)
 (-0.99085733377034135,-0.87984495984692079)
 (-0.46766302816782701,-0.09868945692340636)
 (-0.611980848731002,0.58442550187577125)
 (0.37620807416449403,0.10368050459497241)
 (-0.52221037146500549,0.35288829146745604)
 (1.0481316334010466,0.81425419365654039)
 (0.61706863252434163,-0.22929695695462718)
 (0.47442081389192636,-0.059951950970172835)
 (1.2573050469037632,-0.66502132729319907)
 (0.16550982541998333,-0.34335112151058395)
 (-0.61839514815221119,-0.45468734696403196)
 (0.12404117582922258,0.90711953984449223)
 (-0.35557615481031868,0.34769324639040333)
 (0.63461288320651099,-0.84536528111380838)
 (-0.62339949964797636,-0.79403298737429218)
 (1.474043244116009,-0.27176443005736006)
 (-0.38702242430792672,-0.30310609413076756)
 (1.0761530370553469,0.26007126408922943)
 (-0.88045889739953298,0.71094003007245499)
 (-0.72367426205639873,0.83941624812279714)
 (-1.1320937495872048,0.53937035402090872)
 (0.78550376279170175,-0.67921520126391599)
 (0.21090829404821612,0.64175540170623635)
 (1.3477217842994014,-0.28807232758328805)
 (1.3409823116537978,0.515698385590037)
 (0.6788912383111565,0.32791935061062688)
 (0.64107978625383522,-0.57276493376807569)
 (0.36869507747822494,-1.0297196348553035)
 (0.59146548330067295,-0.68168938216451536)
 (-0.77446176197276329,-0.33468131564368508)
 (-0.16326304363796604,-0.24097377775523512)
 (0.8751956493042653,0.95573071633283202)
 (0.70169557050994236,0.45052540222399223)
 (0.87741225734662498,0.32174731759446779)
 (0.40996724152418373,0.66245791505036222)
 (-0.8758589270979682,-0.28227525836908357)
 (-0.6571160807607781,-0.38546105817857002)
 (0.38545065876919782,0.78235474324201559)
 (-0.82378715102544864,1.1258152255419061)
 (0.29384077012047699,-0.52647490629422844)
 (-0.71874590182970521,0.36557418760762339)
 (0.66208047453399421,-0.18881122007973228)
 (-0.94300991131044354,0.36687110239867676)
 (1.0157090109600422,1.0244120190930077)
 (0.52312011804105274,-0.7906744244922046)
 (0.58082721042618157,-0.52664865792109494)
 (-0.72365924943554483,-0.25147534037271546)
 (-0.67308754357519862,0.79851059684344694)
 (-1.5218011606741912,0.29984757055214184)
