# Created by Octave 8.4.0, Thu Dec 11 09:47:21 2025 IST <gamana@Samsung>
# name: awgn20
# type: complex matrix
# rows: 1024
# columns: 1
 (0.69866229814932679,0.74223806224658451)
 (0.89156185234882779,-0.68412227267731796)
 (0.61609767350687816,0.68751663893977411)
 (-0.758818757789817,-0.46436191407284277)
 (-0.77636661440448451,-0.70470279970515171)
 (-0.53674757141889673,0.66059168806910362)
 (-0.66091433336890337,-0.80305871728315648)
 (0.84335219657247595,-0.68984674651673461)
 (-0.63131733992031047,0.63296412448691552)
 (0.65558200239359021,-0.76312246521183325)
 (-0.69079230251272139,-0.53989036726001938)
 (0.78013435775465578,-0.69152667633953913)
 (0.71880188347563323,0.84843148593128503)
 (0.78280927667206224,0.65104087641283337)
 (0.59516840293407902,-0.75071987964045384)
 (-0.72401489001998565,-0.72104370943216012)
 (-0.79455756107097597,-0.78978777771623854)
 (-0.80816242487489165,0.64587087228733875)
 (0.62969877171018529,0.68514214674969887)
 (0.55582822646434482,-0.82582610411481649)
 (0.71547784818052418,0.8666750057403183)
 (-0.57911839943575605,0.74817401652989579)
 (-0.73603349452118216,0.74141760430528181)
 (0.6202471951206906,0.78142762009001399)
 (0.72746184205028652,-0.85256987656186045)
 (-0.66639140558716248,-0.79882684845722429)
 (-0.81249872177030402,-0.7196088564503581)
 (-0.65776586102590728,0.64402252453453912)
 (-0.75694653022575364,-0.66639467788669149)
 (0.67154130894070929,-0.66278334890719959)
 (-0.61612701877696385,0.70152461194628224)
 (0.66749219790506897,-0.71163263027944124)
 (0.71523260656485332,0.66197591189394878)
 (-0.63566745139560121,-0.6015303840802706)
 (-0.77928554862008048,-0.7184518923313129)
 (-0.6405823115353102,-0.83346297137595426)
 (-0.69191953587031219,0.65254724674880416)
 (0.69599035512297558,0.74160607844355086)
 (0.71769230113458027,0.6640879175159986)
 (-0.79062208201555739,0.79630110389121911)
 (-0.76053206529713235,-0.69933106737877948)
 (-0.73616960168474643,0.68105717478454586)
 (-0.76918013859304801,-0.74325360250948125)
 (0.67345211354146117,0.76077385874524517)
 (0.74074875497190562,0.70490576836508223)
 (0.66028364726316779,-0.72551298506311535)
 (-0.69475124828101764,0.85609548461352392)
 (0.71927691486418044,0.71151838860295746)
 (-0.7551021385693063,-0.66449374003830619)
 (-0.67462863602962864,-0.79381737538198449)
 (-0.67278738654716475,0.66335951360705714)
 (-0.60442069530233988,-0.70170266728420494)
 (-0.60850201336929011,-0.59818926335965095)
 (0.52594579303692135,-0.71086315649855236)
 (0.74193471074052442,-0.74860465911212226)
 (0.6292759566459023,-0.7858544482094576)
 (0.77901348732450137,-0.67830334619686139)
 (0.75740600187034857,-0.58966836435124403)
 (-0.84409199532529122,-0.75031296689129623)
 (-0.75942675298091511,-0.79983275238570528)
 (-0.75025002110767958,0.77065047036997869)
 (-0.69695826711342102,0.83060356940377134)
 (0.66547467729570076,0.81816715550489261)
 (0.61659586071666006,-0.78262396783317068)
 (-0.66340977478058971,0.84916533504500613)
 (0.67057742157483158,-0.76123584715718717)
 (0.59076276092272273,0.7637557700317128)
 (-0.78325364547767207,-0.69261027105992556)
 (-0.71301079159043879,-0.7243493469321759)
 (0.58650619503692369,-0.7542494043883311)
 (0.80376733961232538,-0.71475300736037672)
 (-0.65055261055232494,-0.62231196719899051)
 (0.77348456503097152,-0.80099558821386119)
 (0.62461645544399269,-0.57536261686857504)
 (-0.67424635997823579,-0.65957925533218675)
 (-0.75995871259152925,-0.66482223104213445)
 (0.60046696261950872,0.71549035493750368)
 (0.75051825609814093,-0.77246399394364895)
 (-0.82418714396775727,-0.78115570557437863)
 (-0.73222707424806266,-0.80615468076966801)
 (-0.75810337427320795,-0.6949619538969366)
 (-0.67504397849839237,-0.67199126087178596)
 (0.66772863083139544,-0.73431997274806105)
 (-0.64150495056626855,0.69594156498671023)
 (0.65868587995459071,-0.61859727597243441)
 (0.72996488064450504,-0.8250944845736915)
 (0.6903606987886618,-0.68557210197810514)
 (0.90033047192233429,0.9010664293532864)
 (0.69630979029509377,-0.69258427507510678)
 (0.5703689908614753,-0.66372035940007157)
 (-0.68429189622138187,-0.54872449609254537)
 (0.705701681719892,-0.70305399725624518)
 (-0.59825629950262194,-0.68244921037354123)
 (0.76894751982120779,-0.75205298963281531)
 (-0.64949477504941588,0.65868879203656772)
 (0.75111479930301861,-0.69760137194927996)
 (0.71015391468783773,-0.60454446057598177)
 (-0.76602233135671027,-0.74965721727155177)
 (-0.74452824416960883,0.74689244713343605)
 (0.72051549340035415,0.67157676944271549)
 (-0.77770518463719995,-0.86437160181638661)
 (0.72052243431759289,0.77334609659612297)
 (0.51541313458403548,-0.61100540001850845)
 (0.69691587979811709,0.64067091673341248)
 (-0.72717615130753155,0.60255094747472782)
 (-0.63947886883625948,-0.7054772217816333)
 (-0.85803272353365811,-0.8286978478478132)
 (-0.68210756582857968,-0.78532666904006099)
 (-0.7237473892122257,0.5835043312711149)
 (-0.63875339808215736,-0.65999672745618876)
 (-0.80519304159131444,0.72973236750961035)
 (-0.59630506498926827,-0.66032779667562991)
 (0.75546716313048745,-0.7377408456852127)
 (0.79308624097328884,-0.66199319685468649)
 (0.73107059306365207,0.5311505673094995)
 (-0.67309729808578922,0.71581727032173548)
 (-0.83503906826421614,0.65399947153731608)
 (0.65914943198785469,0.77700758925290814)
 (0.61318354933416064,0.73722986463448781)
 (-0.7711710042757961,0.80150224170031137)
 (0.7220002024944564,0.64934940606441494)
 (0.65000960525694185,0.70838042478277841)
 (0.57320266876162695,-0.67054954657022481)
 (0.71954753480722611,0.8427099375078525)
 (-0.66130494913502891,0.7101182493487046)
 (-0.69047228265531646,0.72907656077984262)
 (-0.73867078743027415,-0.71713606767867277)
 (-0.63997585128567203,0.70631046350072946)
 (-0.62679106950955155,-0.72534002232377848)
 (-0.63898972958801725,0.63421383135530474)
 (0.81221739824793082,-0.73803647603293066)
 (-0.67950616666486785,-0.74169914367690026)
 (0.56171018753647828,0.64669773738299097)
 (-0.63084350755229812,0.66540302328622647)
 (-0.61814573004547968,-0.64912291360663066)
 (0.66874147629401959,-0.9758976200981484)
 (0.67517544278886399,0.63117456845073694)
 (-0.63049729757945816,0.63545262187955431)
 (-0.72304120861315202,0.56187562124200507)
 (0.77039006069098404,0.6084518464599511)
 (0.74552533928254872,0.59732777387555014)
 (-0.68978814817232637,0.64027281301038341)
 (-0.5427849986123886,-0.6739090261878633)
 (-0.64216787179404256,-0.7953223299534099)
 (0.76853375317051842,-0.69809241198883165)
 (-0.66941831864472501,-0.62067592307024788)
 (-0.68010189173059699,-0.67573387308384869)
 (0.59838738346449105,-0.65170241909890225)
 (0.73763798737919295,0.66472402900839833)
 (0.65945890591883427,0.63712543098522423)
 (-0.8449076714214131,-0.60367176678841838)
 (-0.71522464910726036,0.72811976832114023)
 (-0.81278245128513815,0.58069461989348437)
 (-0.67595492141523283,0.68208917284123394)
 (-0.83352281498542458,-0.66046735679638835)
 (-0.67590357368981413,-0.7100105406229632)
 (0.66595413538777803,-0.70695828587838427)
 (-0.62787570910069657,-0.65233179412458986)
 (-0.72958778929839796,0.75483139980590797)
 (0.61791644160162207,0.5524955900729247)
 (-0.72463714096054455,0.68429015687772621)
 (-0.7211663559943341,-0.74484175806507813)
 (0.61011945981910132,-0.82529067048322857)
 (0.77767487479359565,-0.76344920831628205)
 (0.68275099256524063,-0.75772780194872347)
 (0.77016263718693212,0.75459837071780878)
 (0.57825081290844305,0.68412146273216623)
 (-0.71313545220230257,0.64761214274105106)
 (0.70289955528708492,-0.5908198706506691)
 (-0.6795285587327663,-0.59479069760871917)
 (-0.6164733778141791,-0.62213867621285857)
 (-0.66265525395314073,0.71072665691815673)
 (0.77496145179266829,0.82232281874041968)
 (0.76294413162169805,0.7109588755412104)
 (-0.69695901329346699,-0.64818479839460719)
 (-0.68415954066116114,-0.79991629553687726)
 (-0.79075940493359187,-0.65055516229207067)
 (-0.68762643844209193,-0.62942371251665463)
 (0.61752150493952829,0.70141304256203174)
