# Created by Octave 8.4.0, Thu Dec 11 09:47:21 2025 IST <gamana@Samsung>
# name: rician
# type: complex matrix
# rows: 1024
# columns: 1
 (-0.41448359765260684,0.41836811219263043)
 (-0.16045028128457428,-0.38134965209027361)
 (-0.97409270535296399,-0.90309117160677999)
 (0.44146098864492689,-0.81838230533928502)
 (-0.57914650547457969,0.24378947185346905)
 (0.89952286314080421,0.56658555489984364)
 (-0.87318964141525235,-0.73551611868509148)
 (-0.77925116840160413,-0.70707039516362258)
 (0.66944885730900894,-0.48578129982140017)
 (-0.80384366268902929,-0.041272027630334829)
 (-0.22751848860967266,0.87540138307013216)
 (-0.298515895800336,1.4721484437963923)
 (0.25319091406387373,0.84030720155053307)
 (-0.49548350973032163,0.37614288778478056)
 (0.091171443754817116,1.2617401773111427)
 (-0.87202815214852469,1.0352912863058146)
 (-0.32627989158361542,1.2040841736204573)
 (-0.36535912322212882,0.41765182473001883)
 (0.58545602957187726,0.2320324448373606)
 (-1.2182526356053947,0.73119472698110766)
 (0.23939893399299031,0.16621824760713308)
 (-0.40698412356886049,0.67375520262554001)
 (0.80386160763441039,-0.5484296221515409)
 (-0.8415315756351176,-1.0643338898772783)
 (0.61930671756304145,0.76794002100896608)
 (-0.30209640427526846,0.34555372221462904)
 (-0.84720815864596566,-0.54824546989874512)
 (-0.27565041819253411,-0.20330878204253763)
 (0.58866606628759055,0.18082479246473834)
 (0.049848957126256199,-0.90593100702995377)
 (-0.26442279368130955,-0.54741301063557168)
 (-0.70402857680536834,-0.80571514348542184)
 (-0.82320916953967016,-0.74025312575887603)
 (-0.7142055888281601,-0.85089138138444953)
 (-0.59340903959746949,-0.77726589488900777)
 (0.44152524152616762,-1.1709539205388546)
 (-0.8979903781919818,-0.25094020426934671)
 (0.71845297306243516,0.60193484225407956)
 (-0.37253719550302006,0.25415317573480406)
 (0.9787522763565667,0.43200659744363479)
 (1.0029109382387253,0.7714011505692393)
 (0.78893684000539133,-0.66130721345450816)
 (0.64243414431918089,0.6072579925555045)
 (-0.80781231716546009,0.45594935908265738)
 (0.90216024064955447,-0.42057059929116625)
 (-0.84893649192253551,0.66889223656384833)
 (-0.83263387832999713,1.3968635077265548)
 (0.05315358157333927,1.2782382179787863)
 (0.55342169574004174,-0.56451379721579364)
 (0.36905592181208069,-0.24114051572822226)
 (0.69500205945981486,0.47058099368728917)
 (-0.58359994087957134,-0.76816014993742265)
 (-0.97041550933724152,1.3037966386909094)
 (-0.91186677389445359,0.72923438365626592)
 (-1.2706763211067322,0.4393752825791547)
 (-0.80043682194523913,0.21883218524647013)
 (-0.61647493958334199,0.31160372358583971)
 (0.60990970786717014,-0.43191217373631841)
 (-0.39337014737739706,0.67621430665228466)
 (-0.70485050764563906,0.31602397817343714)
 (-0.48674501457566394,1.1141405782173306)
 (-0.93151585782058111,-0.51301262398127845)
 (-0.66268935781179561,1.0383117912933264)
 (0.84188501386643066,-0.88470586849651811)
 (-0.7899736904619602,-0.82328725377639744)
 (-0.96455360783177246,0.82207881536187632)
 (-0.51976088504466522,0.75918052974275041)
 (-0.79755500268809909,-0.67449425160753229)
 (-1.1544735924599596,-0.45447162698936217)
 (0.35387504983906387,-0.35464111745281518)
 (-0.88067922291952261,0.074690723124906155)
 (0.19881550657404509,-0.23273056221280877)
 (-0.71177696034489102,0.14817655308430377)
 (0.67494443374903523,-0.46256255087128573)
 (-1.0757173530771122,0.58025040490698709)
 (0.60623587596307482,0.62296584614805339)
 (0.83880080739415908,0.16804381572610189)
 (-0.64606024256752936,0.32827288472107929)
 (0.37827367619192043,0.25769708874556352)
 (-0.66849191032226751,0.70250679437493813)
 (-0.68436734097408924,-0.69451625524355431)
 (0.67195325308938858,0.26992872849312832)
 (-0.84107202185422558,-1.1107483861604754)
 (-0.66749642205592197,0.99023025852848001)
 (-0.59043385211841226,1.0495124190810252)
 (-1.4271915017873662,0.47525439498264294)
 (-0.51054693216050173,0.66211935289783386)
 (0.6992230269286166,-0.49436111804277161)
 (0.38003670938697842,0.41905387730223997)
 (-0.86188743637800291,-0.76834369901680222)
 (-0.76942951926703729,0.44905626811259841)
 (0.59804602190669875,0.09730248033986183)
 (-0.97198632189839329,0.58829740389104246)
 (0.092488256460181703,-0.20256123837137974)
 (-0.84523290016404684,-1.4833568011521672)
 (-1.3057770430127638,0.69586681079964241)
 (-0.89895524154987938,1.3937393581893163)
 (-0.47365845449527061,-0.54043354108938912)
 (-0.68872211200235023,-1.1617270926718937)
 (0.79940940938573812,0.79456255856580948)
 (0.48033272836977214,0.81818068331980098)
 (-0.69752477026301429,-0.31771612444472103)
 (-0.7143352064478532,1.4228868653921243)
 (0.34416810131638553,-0.68896946486891864)
 (-0.976534444452826,0.50124076171192644)
 (0.70107235453150329,-0.64150314424992982)
 (-0.015706070716304379,0.10470995883066465)
 (0.1223229310171744,-0.96684822485233102)
 (-0.82999078647128255,1.1290118784450778)
 (-0.089938847347661,0.7127032211557619)
 (0.2832625639454624,-0.25380605520204208)
 (0.81952978656119768,-0.71864891379688434)
 (-0.52954675294399012,-0.64386232356120154)
 (0.14065338689671064,-0.46230512428969056)
 (-0.52232169560584796,-0.3085805777813142)
 (-0.87642069606160011,-0.32773852094535122)
 (0.37646100512823438,-0.52712543084158225)
 (1.0420830579757978,-1.4193040518648243)
 (1.0272439597383218,-0.45191009123191472)
 (0.3463431668451844,0.20568751146056785)
 (0.75128214853848529,-0.86395099954325105)
 (1.1146289773538982,0.53465800493761018)
 (-0.68097452868421771,-0.23640188334030202)
 (-0.49540357392646983,0.65425936386391592)
 (-0.25244452061036937,-1.1010611037182396)
 (-0.91111148502668371,-0.61309238214805073)
 (-0.99733128084763623,0.27677346123400343)
 (0.0017276737233132833,-0.83928480551389906)
 (-1.0986722646315163,1.0771305649440226)
 (-0.37100333724957479,0.678602113118978)
 (-0.37472252038029508,1.4035319893979057)
 (0.99170164929774662,-0.10616437658260414)
 (0.55937014379334193,-0.72179343804689233)
 (0.21281740262082927,0.040728106358023708)
 (0.49421837735241914,-0.7233445462854966)
 (0.43691388160799299,-1.1580586026277488)
 (-0.85219035438701751,-0.38586217656277011)
 (0.52539608822780715,-0.77284937268502307)
 (0.97737907141586866,0.39985907623924499)
 (-0.21482309384674536,-0.71500434242204314)
 (0.58410164202468873,0.86622264853826825)
 (-1.3749815797823777,0.49383925428587311)
 (-0.4703433894356478,-1.3080783199374397)
 (0.59007123703591458,-0.097395463224231427)
 (0.55612806027611317,-0.53571016893469992)
 (0.64119188162250484,0.23014745931907693)
 (-0.17470838526926974,-1.0255067751038955)
 (-0.67312059088834808,0.23768137839825021)
 (-0.1563801201576315,-0.54871598434989943)
 (0.15893658086656592,1.1074854169332999)
 (0.50267575147666932,0.75936871089242275)
 (-0.0040171800509652689,0.3523858285976943)
 (0.37980566412558492,-0.75725073810577204)
 (0.53086109381106006,-0.97532539730311663)
 (-0.44258360864330437,-0.61810857358829896)
 (0.96784597576691689,-0.46146612189650088)
 (0.93240577997913476,0.41198486158070025)
 (-0.058733084810390468,-0.76642613596801823)
 (0.70608014630505367,-0.96523852276239541)
 (0.68646726107328537,-1.1752269081196536)
 (-0.21698032419259144,0.096207546326918636)
 (0.21457499327377788,0.8569257409324369)
 (0.20127567825370643,0.69092061952558848)
 (-0.67370418866710713,1.1941830041214099)
 (-0.53234034704441591,-0.10627674715121471)
 (-0.16909521580532272,0.89914066216892374)
 (-1.0727937522414202,-0.17231391080344921)
 (-0.4798218460963225,-0.73575110246726838)
 (0.77504154506374479,1.2182948496892303)
 (-0.7733020852066792,0.51111983047424947)
 (0.48315651566174084,0.74704485042140156)
 (-0.87320887733158159,0.97411049161350127)
 (-1.1956595012175222,0.15205378374664147)
 (0.39653924165885895,-0.28979701190469803)
 (-0.0052526183462203446,0.46654282533148239)
 (-0.57816882327117836,-1.0596479498032214)
 (0.56721281543363333,0.51323250275222532)
 (0.68403782772867161,1.3205740317008388)
 (-0.92707207964250427,0.67384578025115793)
