# Created by Octave 8.4.0, Thu Dec 11 09:47:21 2025 IST <gamana@Samsung>
# name: rayl
# type: complex matrix
# rows: 1024
# columns: 1
 (0.13854535397954948,0.48849257391212586)
 (-1.2106671130691125,-0.270807749813259)
 (-0.022260702556206848,-0.069879114297281844)
 (-0.13446357190415836,-1.1956402719442392)
 (0.28917585164917381,-0.75380957083806566)
 (0.21602845456584038,0.1146993470675742)
 (-0.24673415650375463,-0.26799382519508208)
 (0.58898021066161088,-0.19062251211261089)
 (0.15740719116705226,-1.4720344308399993)
 (1.8004855958545707,0.18970917102203277)
 (0.34043633222992553,-0.16769563933178031)
 (1.0575180162567455,0.3118277985647479)
 (0.39528924401291016,-0.39271931219633455)
 (-0.22283079393717098,-1.4788081094068213)
 (0.12701255180938392,-0.42192625508444775)
 (-0.28731655091910302,-1.0593127099051611)
 (-0.16160116823660842,-0.38606998876403864)
 (-0.61642799429533535,0.24124717285138611)
 (-0.23404511984354925,-1.3895162781760892)
 (-0.26283794138951144,-0.50739389791379252)
 (0.087103711316403681,0.076315457083271504)
 (-0.37858153290664953,0.0057587334220201847)
 (0.28338123600341852,-0.55307486108894088)
 (0.33163496993692776,-0.085422540649445461)
 (1.0921552442817051,-0.50839446162432789)
 (-0.35470730080931667,0.52710518673265261)
 (1.6511130586808016,-0.82641058092843522)
 (0.60816390789027064,-0.75839291392388664)
 (-0.25553912999179351,-0.84252451859664967)
 (-0.93815782593735408,-1.501842501215751)
 (0.37564712366575614,-0.64482700086981848)
 (0.2271463629416603,0.73675678060494998)
 (-1.238620929075775,0.14257576119558568)
 (-0.1164691163373987,0.92599460104530085)
 (1.3040035578052906,0.25026758967914653)
 (0.54109348241658262,-0.14051806990999638)
 (-0.1014292762905728,0.039221830987162282)
 (-1.0838934044220396,-0.33512770486464244)
 (-0.68115815773451649,1.1190171220434668)
 (-0.28726725982435591,0.14316851632588962)
 (0.59300182097120191,-0.050328888212781697)
 (-0.037568700429899654,-0.32060721407402248)
 (-0.81895314927890284,-0.76864547104107328)
 (-0.9259908660233922,0.24253782205037261)
 (0.90384527781734292,-1.1050790052491504)
 (-0.32279966359632617,-0.059714349016705359)
 (-0.1420771268350568,-0.071343534269423678)
 (0.46400562156743475,1.7281485127516798)
 (-0.83771923609478005,0.98437631895081368)
 (-0.41875063687510439,0.45084812951180353)
 (-0.63087273416344958,0.12767133576548584)
 (0.39017584475051337,-0.14957877370574305)
 (-0.12364844545167569,-0.8267600427517614)
 (-0.37304791447937774,-0.018962537116348543)
 (0.89276346081993552,0.24834580621700503)
 (-1.762355417305169,-0.2182491895081452)
 (0.19382847150301363,0.58057995708096488)
 (-0.49136938727556961,-0.78642398325568785)
 (-0.84050724501901009,-0.15693545442451612)
 (1.064735948639306,-0.3762355930823979)
 (0.62152386016059125,0.79085967792509404)
 (-0.27537109595671644,-0.80406874808369233)
 (-0.6651076391545665,-0.68488374331232604)
 (-0.4955568545443943,0.41908047796253595)
 (0.6202429497551345,-0.10647301247088248)
 (-0.34172526778078127,-0.64774069353070962)
 (-0.64017681303078455,-0.19212020272561003)
 (-1.0805500040343454,-0.16337495520221279)
 (-0.57865315441417686,-0.85484454828558576)
 (-0.05996423228272113,-0.67817494916983456)
 (-0.14711366383750435,0.97374926068678369)
 (-0.59285649466900636,-1.1350243290234836)
 (0.0676382317490343,0.30596802112190924)
 (0.023945216909072753,0.50000136315834176)
 (-0.33098528053510384,0.35538662480345623)
 (0.18076610866576909,0.72279481498334297)
 (-0.29339351340686853,-0.17578743928533133)
 (0.81005487735167314,-0.014573666610875058)
 (-0.017604349297465793,1.062118105913697)
 (1.0932427498246096,0.17190577899798615)
 (0.48850213409731669,-0.96624388588819132)
 (0.13187646719010551,-0.14916943447875294)
 (0.74895140166493812,-0.28477348734435481)
 (0.67583002624035249,1.7875064376666159)
 (-0.90721604594850391,0.59119390433168184)
 (0.49735963409714379,-0.12140742227728032)
 (-1.0499068267389671,0.092050111544072832)
 (-1.4813743569785474,-0.17801142907804146)
 (-0.16161124860783382,-1.2379128973634324)
 (-1.5151034796770371,0.88630696641902773)
 (0.49147104068830938,-0.15992429750409065)
 (0.28240861189247402,-0.78101459350998748)
 (-0.16169737049423027,-1.7843470584291774)
 (0.10838285544623893,-0.52744143354236139)
 (0.15333988261660014,-0.39664268783898682)
 (0.17187077377388593,1.9697504698690524)
 (1.4635391393275232,0.084824427603676367)
 (-0.65117798014330752,0.10482147612781029)
 (-0.0049264951223470244,-0.26467810663273705)
 (0.050427934873988056,-0.98313223409443617)
 (-0.44420233676314214,-0.68993142148421704)
 (-1.0498587350406945,0.17795476143018962)
 (0.23030560664561439,-1.0221074699379056)
 (0.0011454569596049957,0.79128250670789568)
 (-0.74631497412775116,-0.5769235176462163)
 (0.061087610469299058,-1.0445536478799615)
 (0.36035249573181072,1.1299010145294617)
 (-0.26002295448642787,-0.36020048510204328)
 (0.96275797693472498,0.08242476478017019)
 (-1.4598439277887731,-0.1665460839217775)
 (-0.46257712417743113,-0.09693731638640124)
 (0.2892722590833311,-1.5355304798667926)
 (0.086102545769267486,0.24722974950230284)
 (0.54933834626496592,-0.94367335872978764)
 (-0.23159408994773567,-0.28170589687456793)
 (-0.57004211274219063,-0.45550631779764639)
 (0.99488506579018587,-0.66297092599313567)
 (0.3525708818370239,0.99258968677107773)
 (1.3423466009211731,0.87574090393031789)
 (-1.9512029137292366,1.001609717631236)
 (-0.91733738609002458,0.46917772219371423)
 (1.7134035828699505,-0.60016696415040671)
 (0.44662499661185656,-0.64924626776827332)
 (-0.18770132776614187,-0.50132653047893827)
 (0.65091185746618874,-0.0036475968709826501)
 (0.82951108685009489,-0.85940005233298777)
 (1.3129159644451232,-0.031829689354055057)
 (0.013386412592223562,-0.68340193736766786)
 (1.1719306967533432,-0.77122261157358762)
 (2.1098258786151183,0.29982361685699455)
 (0.55954380931077508,0.54583500678217767)
 (0.71085002816185572,0.29280520366019136)
 (0.74175035686504986,0.69336289555474928)
 (0.21363324929217847,0.088049443917364065)
 (-0.51466333654165242,-0.3533238511031831)
 (-0.82284043920149119,-0.097428373700699289)
 (-0.25827430276674701,-0.19758453322680586)
 (-0.18525621434702919,-0.66435022700214319)
 (0.28247699387391978,-0.50982210326813426)
 (0.038831975851260248,0.24857645141066609)
 (1.0043481942835775,0.66390445387877473)
 (-0.28767943960938835,-1.2529902789253775)
 (0.39425790914806735,1.0753988949130922)
 (0.051418017552475562,0.21585250626912578)
 (2.1990319568073575,-0.5568652407323349)
 (-0.13380018141724725,0.70103107595136849)
 (-0.014633125389202528,0.070052220822444791)
 (-0.28040787733989953,0.30616484894216028)
 (-0.65624397706510518,-0.59789248098379244)
 (-0.11707358497995829,0.21826981518635469)
 (-0.3912958986371235,-0.48511269321469846)
 (0.042120510588799898,-0.93639510892165134)
 (-0.13125247304227758,0.49992621251488378)
 (0.79613167656837558,0.35228206202621182)
 (0.59683137575260514,0.99083430578778553)
 (-0.67146436421542266,-0.059194834490494008)
 (-0.6496591224131536,-0.043212367557529385)
 (0.29885870798013037,-0.029977006464996819)
 (0.39329116782779827,1.4026836421612203)
 (0.60564383469761729,-0.5012272446869116)
 (-0.83713282404907741,-1.1734451131721344)
 (-0.012183530790424668,1.0318731056516688)
 (1.1659119011263266,1.2726321203568893)
 (0.32701137132519748,1.0708816139816248)
 (-0.56799075739522742,0.84489468976337445)
 (0.59868628078194908,-0.67965706415987515)
 (-1.72522398383064,-0.38007093300592376)
 (0.81242702906527364,1.1834066469669065)
 (0.69159922750813518,0.21098667950708971)
 (0.34947670660853125,-1.4380255010496685)
 (-1.3645408651685971,-0.65661768504071782)
 (-0.55077325577306713,1.0523179348814824)
 (-0.020155608262176439,0.08577088959396853)
 (0.84731851307087847,-0.28770573451116244)
 (-1.042491544730094,-0.30866099360552957)
 (-1.0670526415836035,0.30026638345755075)
 (-0.73243775754644092,0.36662477436258828)
 (-0.743074095958838,0.26886155708694287)
 (-0.32647670831633024,0.51891864158783485)
