# Created by Octave 8.4.0, Thu Dec 11 09:47:21 2025 IST <gamana@Samsung>
# name: rician
# type: complex matrix
# rows: 1024
# columns: 1
 (0.75437919922448371,0.48850365663065309)
 (0.54393720487076935,0.49519064142642644)
 (0.43070942420064329,0.84144603557443376)
 (0.93762710276282757,0.092442346978404977)
 (0.87313150037329135,0.74138151580685596)
 (-0.73957582534260657,-0.23456169878732797)
 (-0.73242310522234011,0.77628668977945592)
 (-0.95959250772545901,0.19146325745730652)
 (-0.1070472029013714,0.34145663646995716)
 (-0.58124140172956307,0.81185294647105199)
 (0.49359712895346414,-0.16341520034522922)
 (1.3325647733986026,-0.5192242687073344)
 (0.85503477291031826,0.51612704050116998)
 (-0.5196359112852329,0.97052341419372579)
 (-0.45977762321293641,-0.52591100351818409)
 (-0.43223090846897771,0.4583865702335107)
 (0.72252559944746708,-0.85297531851820607)
 (0.67519305582965583,0.30667184713231821)
 (0.17420245533450179,-0.4800906122800313)
 (-0.83315080260804508,0.50426818558579278)
 (0.73420266674142143,0.17309372434770287)
 (-0.88368402934455037,0.48945970866677879)
 (-0.80748442330631021,-1.2231982106568793)
 (0.62473864335636131,0.59689922795418648)
 (-0.3769090108363144,-0.5050704827084449)
 (0.8025340131261266,0.73584468748207332)
 (-0.80516145970500508,1.0071751824111654)
 (0.36977295459990189,-0.51001688816742929)
 (-0.32123928713430783,-0.82967517206246144)
 (0.11204393767358389,-1.5628327732887737)
 (0.9913606245028026,0.60019993300334473)
 (-0.14437601738176464,-0.86692063123026031)
 (-0.11398100043099232,0.24488416831253854)
 (-0.8975146958830279,0.68533458720387619)
 (-0.51987178146796964,0.83531163714027912)
 (-0.48411048283254987,0.42498014288432429)
 (-0.30957989909395162,0.849434599839749)
 (0.17166967175208364,0.90683120298465414)
 (0.89028233105998611,-0.7606094684565754)
 (-0.6385794253697562,-0.068058108856081989)
 (-0.76858439616968144,1.3245555024311939)
 (-0.36092897371785315,-0.8283468353830612)
 (-0.41168229288144287,-0.84768654626492779)
 (0.79806573391322533,-0.93213357604997138)
 (-0.75967052103446742,-0.44382626961558075)
 (-0.37797964489209251,0.45510397168005784)
 (-0.98697580416397612,0.94596717751542936)
 (0.19924970745636761,1.5144659683756587)
 (0.64694082117935825,-0.50668216792614273)
 (0.62265374374468707,0.461268387097518)
 (-0.2309215939131985,-0.75203711596123402)
 (-0.23718213445487432,0.32414314250268061)
 (1.0250921950530425,-0.20496151491777043)
 (0.97280312556743298,-0.56861608132602104)
 (-0.2902152323179733,-1.0524409075537817)
 (0.66000767805241389,-0.47869877625332796)
 (1.0803301819095226,0.58378441208521514)
 (-0.71615721535064425,0.74379923906190404)
 (0.87517417903391292,-0.35127117699925425)
 (0.84978896359913991,-0.92906444061532356)
 (-0.96173353358194769,-0.52430854507718405)
 (0.68875657435068571,-0.50453304344868688)
 (-1.3040565261018806,0.5624227833801736)
 (-1.1558632977062202,0.71257184695831544)
 (0.0023490673720545502,-0.10524492261352732)
 (0.32129533519731585,-0.91830091607838904)
 (0.97613912824210747,-0.17222921971564459)
 (-0.59228482871670352,0.24896917395710164)
 (-0.77452981397135645,0.39438403732721439)
 (1.3940025006938028,0.78888055306213722)
 (1.5085433450080283,-0.99079792863976923)
 (0.98466070015078022,0.22637328779733468)
 (0.32223216566726792,1.025246566482263)
 (0.47363686715565129,0.60920847217544494)
 (0.98563261488522314,0.79579256680500887)
 (1.2823270125649835,-0.78722032955810239)
 (-0.30976525752541273,-0.96656908164728417)
 (-1.1497080989861743,-0.9577534545768569)
 (-0.4182757943815214,-0.83705449396355469)
 (-0.54257661709761329,0.64098892413267261)
 (0.78114033725072063,0.2434659568963578)
 (-1.2079987396007881,0.5165501955713897)
 (0.78475911308513113,-0.4512551004608446)
 (0.34492082143941005,-0.067602471389467261)
 (0.30097925143003285,0.71606804636786414)
 (0.56391929984961542,0.54682347236642714)
 (-0.52879093647897812,-0.076271892333875574)
 (0.5637074129374694,-0.23279066452518346)
 (-1.224609560810197,-0.22805067272643931)
 (-0.86040782236442892,-0.75114262720692793)
 (-0.58370326987303989,0.52103488167398793)
 (0.43117881254637219,-0.61072074598482973)
 (-1.0649023994897788,-0.60045485670148435)
 (0.5510097795359693,1.4156342660451835)
 (-0.21161283274933457,-0.31119198937059173)
 (0.18352161537291109,-0.25593740050463637)
 (0.44642022310862206,-1.071243458193655)
 (0.52696903930832939,-0.45958210416340783)
 (1.0843264922113256,0.27167233638881116)
 (0.74220993777989064,-0.70820026458800556)
 (-0.082049799133085743,1.5554910641119322)
 (-0.16431078034949062,0.52597196731508078)
 (0.49844530800172837,0.46056351530764372)
 (-0.95238362050397418,0.20759287018986811)
 (0.54856527635432606,0.66567808403378703)
 (0.52258986171728328,-0.9399704305691865)
 (1.0133557841964063,-0.45265677042146002)
 (0.0055341028523882008,0.81383116158425961)
 (0.71062939780160339,-0.9935130473426883)
 (0.85781130665248928,0.38132199575323544)
 (0.76315630228933895,-0.74434527978416221)
 (0.35946044289687412,1.1582727465576697)
 (-0.12748955590055394,-0.98052432455660177)
 (-0.70238174308195855,0.41115602545188196)
 (0.92094851400887501,-0.42186749629240639)
 (-0.74279747895658965,-0.51092388200323291)
 (-0.4475614607217166,-1.2897348976040843)
 (-0.82357344786342956,-0.57743871355406284)
 (0.68083739678376709,0.42853196345071326)
 (-0.70593976269146719,-0.8027003784422504)
 (-0.93187232324861624,1.2637869326553803)
 (0.67659510030069525,0.73813867846048475)
 (0.31404038781678523,0.29890215704650758)
 (1.2575304282616047,0.8420997385723793)
 (-0.8365765970818404,-0.69410711295724892)
 (0.90020824709918812,-0.39421676762815611)
 (-0.51315205802650277,0.54766883053990689)
 (0.47949417549864892,0.53615957319905438)
 (0.39376392154550688,-0.42688137477355648)
 (-0.75301843186014272,0.049961249801409757)
 (0.38923405793490184,-0.53336991995306415)
 (-0.91060610638111439,-0.96875509791248815)
 (-0.37023699156791179,1.5760703516324308)
 (-1.038313954759241,0.64329520582986577)
 (-0.29749297307831352,1.2250370272527669)
 (-0.78736868069777188,-0.53918067007307757)
 (1.1536074111498675,-0.36293875104020845)
 (-0.56240036523956416,-0.65224481239928211)
 (0.40109991220803998,-0.19826053157104653)
 (-0.30147310723910353,-0.28835572098231826)
 (-1.1868562694426494,0.50087725143604689)
 (-0.22729359683852624,-0.32250224504966685)
 (-0.69863617805552347,-1.0925718111845486)
 (-0.20808255252674018,1.1913844963359443)
 (0.99948500248809669,-0.17542387371746393)
 (-0.289198352971414,0.42589540339991933)
 (0.67318985305084755,0.39314446806596259)
 (-1.0012700207097101,-0.91897792949316381)
 (-0.18457948025491919,0.62767597416104304)
 (0.95225839129890377,0.95855277990814014)
 (0.20075629450166815,0.8139438596350681)
 (-0.34498065520921323,1.0633471716898566)
 (-0.28161543062226457,0.69994228310461903)
 (0.80241675300240611,0.71739082524054198)
 (-0.44173939310444699,-0.63250013203442335)
 (-0.23852772955924825,-0.66137437611278627)
 (0.97637361709408355,-0.61286656142341034)
 (0.61083940630289735,0.48159207302438178)
 (0.86179774154893529,-0.084232365024557498)
 (-0.74324874147504683,-0.58263855141923004)
 (0.1275757754258921,0.71823862608203104)
 (0.30319418530610109,-0.84263437605336122)
 (0.51220505697227736,-0.87901289679842143)
 (0.45042562083316678,0.66270779386017653)
 (-0.75314429282815587,-1.0615552810482107)
 (-0.31335561403105539,0.85713290202352077)
 (-0.35418955213910541,-0.97374097782064828)
 (-0.43609488815178282,0.49576075678969028)
 (0.57148078903711197,0.72888982175524986)
 (-0.5870489145798039,-0.34463917457708809)
 (-1.049668355968167,0.60880009396441859)
 (-0.65429353746078001,0.33456364888870149)
 (-0.35032706041783329,-1.0389708224998155)
 (-0.61441534192621239,0.58299463350753711)
 (-0.2584349756154033,-0.15558993459541506)
 (-0.8741308638385149,1.0050491816154885)
 (0.71454456754388163,0.71335690018596376)
 (-0.37415145143059952,-0.27207058199521866)
 (-0.80730294475932818,-0.37185268123472126)
 (0.76822770746045255,0.79530551853424403)
