# Created by Octave 8.4.0, Thu Dec 11 09:47:21 2025 IST <gamana@Samsung>
# name: rayl
# type: complex matrix
# rows: 1024
# columns: 1
 (0.13674153844559644,-1.332398616623133)
 (0.85602956391963936,-1.5110482202268511)
 (-0.30992933132350681,-0.34868003989805479)
 (0.56448520259321133,0.53228427100211306)
 (0.54328127046725672,0.31446333942294674)
 (-0.1158961694593446,-0.35680713565196565)
 (0.43232016824413799,-1.3522269931849473)
 (-0.15110807507690363,0.16175660947265433)
 (-1.1071282271521306,0.26937031580147214)
 (-0.16271954373984848,0.96407615227261156)
 (0.5591957359541424,-0.19651676013293012)
 (0.39398814410926675,-0.11253764159826737)
 (-0.88893078721571772,0.19537278584679857)
 (-0.32760182061155757,0.33691220387684201)
 (-0.42236949314304578,0.52347337895740431)
 (-0.71318156578509573,-0.072503816231113849)
 (0.86111073241487257,0.027055863813765957)
 (-0.017906132189760504,0.5373302802153892)
 (-0.056730794945454188,1.0786547414533079)
 (-0.50549302714396149,-0.44618888288460262)
 (0.7646415770800481,0.68217264089527019)
 (-0.59032833325650158,-0.39217972417608082)
 (0.54573867893815975,0.65190526543378224)
 (-1.8532662143339702,1.2291214703348889)
 (0.2360086699953699,0.54198299999929644)
 (-1.5966866675585378,0.15012644544425024)
 (0.59631181845924019,-0.18771877621787689)
 (-0.21610291381319433,-0.13862259828096804)
 (0.73705783127976332,-1.3094827003648226)
 (-0.55269133951810578,-0.17141240210013611)
 (0.93610063346840233,0.26552846540942165)
 (0.82319147242632518,-1.1595090719596317)
 (-0.19721818755671841,0.56203300095066955)
 (0.96839576537345518,-0.45609947113722499)
 (-0.28388317120935902,1.085894029535279)
 (-0.84867809634141023,-0.64946126583456065)
 (0.26856736512119772,-0.96737987731673658)
 (0.29596140368407908,-1.0076840972430037)
 (-0.10157581138634286,-0.38020074004494786)
 (-1.9171829161732474,0.047195900218637399)
 (-1.4277897167383879,0.76866169939148232)
 (0.50902187621249095,-0.50493126230874008)
 (0.22668996652707524,0.38899103970966115)
 (-0.58062551842860766,0.76417158271453001)
 (-2.0267183387307579,-0.12760392475178406)
 (0.38590878861687461,-0.45197941224950866)
 (-0.13757474773814393,-1.3308022805598294)
 (0.50949620533059792,0.82406221616932751)
 (-0.15722954440925871,-0.30060928808389331)
 (-0.42593449567961023,1.0978288446719346)
 (-0.25769657888598413,-0.32744000985312177)
 (0.47986612657094857,-0.48681600446663548)
 (-0.39879170241957462,0.7077283214942105)
 (-0.25103479086311564,-0.38855940251122545)
 (-0.15427359126820117,-0.96694230030467487)
 (0.88344630842109795,0.0059581419788297674)
 (0.8316521150303392,-1.0229427167723883)
 (-0.27555691535964244,0.64490730884084524)
 (-0.36218735664930368,0.83770153694163096)
 (-0.39466813534991563,0.37893409427080049)
 (0.092308659012413141,0.78514411722782329)
 (-1.3514822717282868,0.15913764125460084)
 (1.4050434052589571,0.60367858876897884)
 (0.3039219939534365,0.36505566212119361)
 (0.38326695918448273,1.5333250033415413)
 (0.82158700557756159,0.31541373557262542)
 (0.00030918007267799474,1.081422437058754)
 (0.58361064235175597,-0.19624489540219506)
 (-1.0898091555553673,1.3969819594552002)
 (-1.0545887402732124,-0.7158615975291085)
 (-0.28016891212940742,0.59219764371010042)
 (1.0866525548765615,-0.049384217165670541)
 (-0.056781523683230306,0.6108422607722902)
 (-0.71935327914028724,1.1037071272094112)
 (0.7214570266589323,0.7339762797529642)
 (-0.071681905361468956,0.32083087443270342)
 (0.44663612752184256,1.8574704078963498)
 (-0.4789768954960722,-0.36375542914227982)
 (-0.0061785822764095187,0.06193067077861733)
 (-1.2995877619896272,1.1748645874106476)
 (-0.83006044256680211,0.47104867517831844)
 (0.76982337711237248,0.4310639142240914)
 (0.42756937435657955,0.39381543676282599)
 (0.48670485605342284,0.16806123422958172)
 (-0.98622649033348775,1.1460245854143989)
 (-0.86941398791674052,-0.64843622074182095)
 (-0.28477557905718198,-0.6691955639962337)
 (1.0278596967099578,-1.4933547770488185)
 (0.31864902661729866,0.081144541627089409)
 (0.98597699535568906,0.16456153031397591)
 (0.86009500772306957,1.0367302971423638)
 (0.070395653638919198,0.85975095314577321)
 (-0.14002988515120116,0.45288022243293358)
 (-0.28928960411081456,0.47100567653159081)
 (0.15015949967988651,1.3945255900524918)
 (1.1625374654738045,-0.16940275740665656)
 (0.28622177159826334,-0.70159886801419236)
 (-0.57556597463604831,-0.302298633417172)
 (0.29945645163789059,-1.8442576294725874)
 (-0.39850057700797764,0.074939100693207306)
 (-0.35086532253151981,-0.65210072005060138)
 (-1.0547857496469919,0.59946723717330086)
 (0.63614947917782549,-0.93311207956743103)
 (-0.61629441749861669,0.394218494165885)
 (0.58877812755253589,-0.34163402710073482)
 (0.21914418125780619,-0.51433508137701067)
 (0.22725664867281473,0.67526719944877422)
 (-0.34070183495482587,-0.46214851386618661)
 (-0.23724649008238827,0.57899213493151391)
 (0.00019217285779493665,-0.50698879724646584)
 (-0.64707182692915821,0.73478098926018176)
 (1.1503382467570766,-0.072260372611915424)
 (0.46023410269503873,-0.33579472626716822)
 (0.15573463864361356,-0.48713740643976189)
 (1.0613686735862999,-0.44872838467752879)
 (0.67973294768825854,0.27557978393355437)
 (-0.14865641439863564,-0.58257771282518689)
 (-0.6947874182827174,0.68235268122453996)
 (1.3673796549948929,0.73702037739083859)
 (0.34761401447483942,0.15255398745074489)
 (0.60257952401670056,-0.57281960306413271)
 (0.013722573170297417,-0.050945223166776146)
 (-1.0639199572441633,-0.049468579389221445)
 (0.13775552001402963,0.31929364333667881)
 (0.43136326566347838,0.047454493871941478)
 (-0.045564300564179747,-0.05467523457787761)
 (0.21383899964650424,-0.21371809623939378)
 (0.84906909690299748,-0.21827141758951979)
 (1.529338888102094,-0.23398647132707451)
 (0.30603620620533123,-0.77693736703190353)
 (0.17305104847922417,-0.048315219615332639)
 (1.3808277494688397,0.18134597933362473)
 (0.11862430395057172,0.58065635667429372)
 (-0.4741499026181572,0.92818093087693176)
 (-0.53255243105951844,0.035822806318308198)
 (-0.43053012157712456,-0.59594139663681378)
 (0.0048507874250081073,1.1358524696639731)
 (0.29981266463809708,-0.58367914422785849)
 (-0.88823833277104502,-0.18175563055034388)
 (-0.1499472462972547,0.58178217180650704)
 (0.41310558376076217,1.2266448749731511)
 (-0.86897793792253586,0.98984750148463119)
 (0.43101075174714337,0.50748733639249943)
 (-0.5346034858701938,-1.0502114602086914)
 (-0.54486334212496479,0.059234273719618091)
 (0.29249682061740917,-0.30062755817318515)
 (0.1127156539172125,-0.33332969574401239)
 (-0.80993086501294465,-0.2559166375247981)
 (0.59752899666089432,-0.53409531819605927)
 (-1.0978475229133917,0.76839401950070452)
 (-1.102528547257029,-0.28994174446930576)
 (-0.10377750477457148,0.69003474910747153)
 (-0.20138713777439995,-0.28154198448056633)
 (0.74469990098334038,-1.2539360350371398)
 (-1.158784822634537,0.34908658568631018)
 (0.79486803667876704,-1.2875838143958707)
 (0.9176366494988546,0.46298188410145341)
 (-0.69305563826137218,-1.4489918433287634)
 (-0.77008805033147887,0.040626668069163208)
 (0.14379713047247755,0.34016461911321427)
 (1.1242141227397791,1.0178580135974951)
 (0.67442311537145183,-1.1473352016235636)
 (-0.17864648997544114,0.37690333079527)
 (0.25201162532925014,-1.1696046143931276)
 (0.61845332179100021,1.2404121413748863)
 (-0.30768652353510517,0.2316139158896364)
 (-0.57250280807763765,-1.7464046368818971)
 (1.0128045395923153,0.25675763594006756)
 (0.56409531644805166,-0.63430328600219632)
 (0.79603304648696471,1.1085145672920007)
 (-1.5789698912925041,0.8776534417202605)
 (-0.11928932190777966,0.1349884834355172)
 (-0.23176462684982818,0.33974434900876699)
 (0.39824469639068727,-0.4551587647441343)
 (-1.1767735741609919,0.78711998608874367)
 (-0.44082011669816129,1.2543054975205565)
 (-0.085113496530090441,0.22422836715946248)
 (-0.60683936873396527,1.5134588673002132)
 (0.15899367206849258,-1.187294204973506)
 (-1.3352747858995926,-1.0184187675346985)
