# Created by Octave 8.4.0, Thu Dec 11 09:47:21 2025 IST <gamana@Samsung>
# name: rician
# type: complex matrix
# rows: 1024
# columns: 1
 (0.48894773342807796,-0.45458968830679969)
 (1.1465643490750546,1.0709535166383277)
 (0.89560140678124966,-0.44781484231950408)
 (-0.53188041818719278,1.0215314405193101)
 (0.6669610399075987,-0.53345993820383741)
 (-1.0316311715601991,-0.71036644481705769)
 (0.88947639583449756,0.78504396806224652)
 (1.5218674891642798,-0.69408417763908026)
 (-0.81690277505248821,-0.5607315481397297)
 (-0.66439266489053794,0.7115089212749538)
 (-1.124609966589605,-0.9745725062973517)
 (-0.90133890758604263,-0.85141940879184197)
 (1.0876963453226054,-1.5380955602517541)
 (-1.0616913048420926,-0.60301060368667858)
 (1.2988375845020386,0.62319122680339523)
 (-0.40574765149029091,-0.04445854282893888)
 (0.53607775681748371,-1.0362853768571789)
 (0.34787292507112616,-0.42990502616975884)
 (-1.1323098882488511,1.0916767441146802)
 (0.13510225235489759,1.2525150376142271)
 (-0.86690529587872711,-1.0677206232099905)
 (-0.058477557324312979,0.85594083927348841)
 (-0.39619109278411946,0.34009045477771616)
 (-0.81278759759135522,0.57633151557726459)
 (0.18867512371923481,-0.60107758109043996)
 (0.51160251955100278,-0.034184344761109625)
 (1.3056592292848586,-0.98833830342042484)
 (0.37734959608115981,0.12538918097606586)
 (-0.29929653437091452,0.34029151457494644)
 (-0.075075931505123983,0.66878936415566992)
 (0.33720401497273966,0.4949063657827083)
 (0.33354582148238432,-0.13223339525038216)
 (-0.9654120336239661,0.55010834904201877)
 (-1.2529330256935578,-0.63910429654867595)
 (-1.0968155224348444,0.74714607776844932)
 (-0.8223715505591056,-1.0066632712396102)
 (-0.39524049626374141,0.42727760475439019)
 (0.42896257269879307,-0.57759680417290049)
 (0.7799799584410444,-0.94177525008304619)
 (0.2654664522438368,-0.8195868958753445)
 (0.79363282833353666,-0.6254349090740462)
 (-1.1496135405414298,-0.71092333982337241)
 (-0.29041748615745133,0.3249184256947294)
 (-0.5462542217632177,-0.90000568581265095)
 (0.81377829174400107,0.36167652519162408)
 (-0.93456368783654509,-0.8177800197896048)
 (0.54689585740863833,0.68952782275827207)
 (-0.77338481311786433,-0.21132742067124122)
 (0.90263142829827903,-0.86656810261521899)
 (0.96965541750453998,0.14812932632812448)
 (0.57205109771327556,1.0286001155839937)
 (-0.58250511366696722,-0.97219774124183256)
 (-0.51727569018513075,-0.67515587927699006)
 (0.67259895207389853,0.802658498273224)
 (-0.64490083169975843,-0.5576153734018674)
 (0.93331905727240971,-0.55979673342804226)
 (0.53953979227115489,-0.0045999836541779637)
 (1.2297464382211489,-0.091423045896156241)
 (0.68975287422011178,0.10003156635203442)
 (0.61898319513441635,1.746637483545157)
 (1.1029246600279727,-1.019199033955229)
 (-0.33545634884245007,-0.34199547637048594)
 (-1.0636500865071208,-0.15283778726830383)
 (-0.23921903847026332,-0.28035858033949296)
 (0.32164796970966159,0.049722891985734291)
 (0.55504298747697511,-0.11902700388590315)
 (-0.36262215090857042,-0.53015188917126166)
 (-0.22288967091320167,-0.83850664214676562)
 (0.5214906317289687,-0.030272432123899018)
 (0.73036597114558499,0.32349202572839281)
 (0.66279723068445096,-0.5576902361633016)
 (-1.0478747772529238,0.10514470225684841)
 (-0.099939722714217943,-0.42209235355086383)
 (0.024041805780812997,0.77140300957241825)
 (0.72270816851669117,-0.10304416785364706)
 (0.39665983293327461,-1.2473185076036275)
 (0.19750495522412082,0.97065293567015098)
 (0.30056363365045746,-0.42054448451165594)
 (-1.2143969789413647,-0.84526977723607377)
 (-0.42600633312559261,-0.15116286021633113)
 (0.89474368027780959,1.0648980653717166)
 (-0.46271317339493689,0.85871884973404866)
 (-0.96805780285206244,-0.71148035923577269)
 (0.78785679166293077,-0.63662453911007988)
 (-0.78324081758755515,-1.17732684838621)
 (-0.43936222622322829,-0.34077582137335061)
 (0.7945212857113888,0.84013067459029078)
 (-0.46829630208208717,-0.25733324546948821)
 (0.60297460139443515,-1.6446040818845891)
 (0.31225552938314999,-0.27730278260115876)
 (0.66610222967247701,0.63890225352957697)
 (0.99872847769160189,-0.58902017201077661)
 (-0.61741557745461928,0.16890417262466834)
 (-0.58816785582793019,-0.14116643112806143)
 (-1.0066405389846367,1.3338018129233926)
 (-1.0511487013073377,1.3619364057100427)
 (-1.6258022982938165,0.6387313676873192)
 (-1.0213538812548291,-0.88205880668659642)
 (-0.62975745266438343,1.1504441414986748)
 (-1.0540026622770458,0.84416504652394764)
 (0.68412801515912558,1.0034244728961947)
 (-1.3566069733898893,0.1633503185918016)
 (0.80497431324658986,-0.23353647987010967)
 (0.59768681629041509,-0.68184230077575803)
 (-0.48810984613394892,0.69370199839000934)
 (-0.78644999377300029,-0.50693266388553404)
 (-0.4722576985810259,-0.54853879088100554)
 (-0.74201169043206283,0.94727972206464517)
 (0.27319384470094382,0.20886024616876755)
 (0.2716249484954712,0.50912998337197268)
 (0.67146994587155784,0.9097081268003222)
 (-0.046160488613948614,0.35817122787533329)
 (-0.29550406563398546,-0.17360282787829065)
 (-0.10336180884900026,0.64963312834215858)
 (0.82493854820692814,-0.99645802649284609)
 (-1.0020552582570637,0.57802483096097335)
 (1.1735047296365393,-0.74584404516876779)
 (0.59546394119469392,0.65537110953781597)
 (1.0665884146274303,-0.25088848070094527)
 (0.38225851122066645,-0.4202191762943055)
 (0.50305524612463137,-1.4191358497310729)
 (-0.12383379731376087,-0.46901844338454679)
 (-0.75113424472278867,-1.137699705971889)
 (-1.0852155441848634,0.74150612971642671)
 (0.96508705427001784,0.4867678397036756)
 (0.72872820252779313,-0.46184634353606147)
 (0.76406052800793256,-0.10965941980861349)
 (0.060375137798044376,0.35181454207181206)
 (0.74900299930379544,-0.5339897102603397)
 (-0.33735617871128726,0.45908851379665155)
 (0.60809025499475811,-0.39821493655574647)
 (-0.2216733067023339,-0.46496991634912455)
 (0.75873261119107771,-0.081511090402756392)
 (-0.43086444128182905,0.44407601466253915)
 (0.60649078347972041,-0.5448604748939434)
 (0.8347589763014297,0.64914673536630063)
 (0.91691334789201995,-0.87662110730973675)
 (-0.96173140625672005,-1.2026176276262293)
 (-0.4179606230009279,-0.94820184577833855)
 (0.84508198554123304,-0.71869422745178602)
 (0.65082181398777128,-0.62821383412310827)
 (0.18897825212177694,-0.71207300822235142)
 (0.2714426422830637,0.35751654747895911)
 (-0.64778919807834423,0.98221579725972352)
 (-0.28914640568772787,0.053629059347448632)
 (0.72953033321344296,0.33497185138758268)
 (0.010003927560964354,0.87851094007430219)
 (0.21070465748030115,0.45043517647682046)
 (-0.87841309014240032,0.2015434639713542)
 (-0.3085864698882998,0.81804544260373468)
 (0.30446380295944642,1.0124598136697338)
 (-0.0013530801697365924,0.39571592883222684)
 (-0.47539109841391547,-1.4931231733520498)
 (-0.83072498483683488,0.56978536473576014)
 (0.12892514633352681,-0.44333306723531063)
 (-0.51773839185600334,-0.42699991571061358)
 (-0.97187564085922717,0.11273044374126029)
 (0.57511499982161085,-0.64130592550487464)
 (-0.17301424651978314,-0.77292085896136808)
 (0.94360900464027186,0.32342630106964682)
 (0.29590702729561863,0.24824719839393788)
 (0.74886437383123516,0.58150662134741415)
 (-0.86362237989408297,-1.5046123470134771)
 (-0.67404932948458618,-0.53648568194176516)
 (0.61085922957666683,-0.63956123896853168)
 (-0.52260458406194987,0.66147919605020455)
 (0.6180658317422002,-0.76692983793825997)
 (0.29946315098145504,1.0585324443156461)
 (-0.42038109099109056,-0.68667688338585564)
 (0.5270055322723507,-0.57696253976423451)
 (0.52522682603087578,0.16046935553133004)
 (0.4254145817594891,0.80195022184280884)
 (0.56456080074854298,-0.59313871472451418)
 (0.45539668232256175,1.2004936636568548)
 (-0.81783270090622917,-0.97621449737790433)
 (0.68455988483831365,-0.35715072566958606)
 (-0.72325468506622104,-1.1958955843701222)
 (0.047638476234355964,0.70470801330882527)
 (-0.755163677039139,0.57046232910811345)
 (-0.11267294345881321,0.056574718423721811)
