# Created by Octave 8.4.0, Thu Dec 11 09:47:21 2025 IST <gamana@Samsung>
# name: awgn20
# type: complex matrix
# rows: 1024
# columns: 1
 (0.72367313114180898,-0.65520464337187923)
 (0.67035667737471538,-0.81104820390084376)
 (-0.75524725589876252,0.58481825657491937)
 (0.709582067650112,0.70517241522398699)
 (0.64202642739352611,-0.73457696252299665)
 (-0.7729108608075419,0.73279447847687562)
 (-0.74793785773679144,0.77418067248939337)
 (-0.76747515576990566,0.82251885091131305)
 (0.71949703836112655,-0.7394155073067552)
 (0.73501985562862249,0.57521856335073895)
 (0.6295998836711505,0.57813951821016052)
 (-0.63205740476105388,-0.82174873680748195)
 (-0.63644494283498265,-0.74453198849909374)
 (-0.66519728576219783,-0.69629913304155311)
 (-0.69635889281900187,0.69753623579721069)
 (-0.62496339166022685,0.79709225129742378)
 (-0.64116376641702211,-0.71166219681779697)
 (0.69835628108098302,0.68181754160145447)
 (0.68297393711520404,0.67792346508053003)
 (0.63947578868766419,-0.66254865500200377)
 (-0.73788508809068631,0.64434018152011929)
 (-0.66787887417603609,-0.73888573385760614)
 (-0.7600200793177142,0.66780401849218285)
 (0.80227846420743243,0.61059364935473581)
 (-0.58002214909727889,0.68408013869368056)
 (-0.77360804107002656,-0.67651557641154481)
 (0.64946453125079806,0.73717060116782251)
 (-0.82502436215044472,0.75124241146895132)
 (-0.64749513683478666,0.74998450591443178)
 (0.90434194527113154,-0.87101549942687773)
 (0.72482585727478488,-0.64882311338646392)
 (0.77297437469241936,-0.80220985076078455)
 (-0.6476911005899314,0.64702864896090517)
 (0.76749244188862731,-0.67049178737067894)
 (-0.63464412583013907,-0.77298843121629668)
 (-0.71754132485619559,-0.82478695671244906)
 (0.82119153137791268,-0.60185012612817279)
 (-0.57057094406876385,-0.81691261073504584)
 (-0.69790503578635732,0.73321809028796514)
 (0.69679339196356838,-0.57777142088061961)
 (-0.61443628287737184,0.76580053322980002)
 (0.74876896790557801,0.69299954404712172)
 (-0.60402330717884856,0.68006751517066522)
 (0.66224646322443625,-0.70578725658071484)
 (-0.76435747652308328,-0.61319299188324483)
 (0.66000055967386484,-0.67951016653882945)
 (0.71735249386876143,-0.74551186369804501)
 (-0.70094983597064764,0.66857917071928008)
 (0.80357886194754746,0.64421263495800385)
 (0.77257103300146601,0.72680859691556265)
 (-0.7238856982060311,-0.69116301783785117)
 (0.7757647731500692,0.75396560115581646)
 (0.66580945124975,-0.68933034066360666)
 (-0.64127163853750768,-0.67548873839424617)
 (-0.67995940959534751,-0.73069928558090658)
 (0.64091695222949974,0.75924878814864982)
 (0.68388883772624931,-0.81204613540085147)
 (0.7227497584270387,0.57170188441414038)
 (-0.744971470005657,-0.68882118350076094)
 (0.8065932608328763,0.68529397071501597)
 (0.77625047444607886,0.80215337013466137)
 (0.69227018201039914,0.62708149898789833)
 (0.61425303065800985,-0.75785566293176332)
 (0.63048427487722591,0.77939789965693729)
 (-0.64691217422039382,-0.71568385664746692)
 (-0.68385038514831886,-0.62107281762772548)
 (0.85390314515676313,0.73779679526589348)
 (0.70933504515616808,-0.68108042168636218)
 (-0.74022033045665792,-0.77467658693420893)
 (0.6981756063720459,0.71361657286865599)
 (0.64331741055401626,-0.7205416610236367)
 (0.62627201991106674,-0.67434106574640895)
 (-0.65309884452403821,-0.63326542155671361)
 (0.65513355156634656,0.62585694906979827)
 (0.61861285623692142,-0.59783447214659391)
 (-0.72140852426538216,-0.85942414287218027)
 (-0.719482216635427,0.75066816876669318)
 (-0.59608085329798721,-0.75573902223734324)
 (0.77600394393795802,-0.66821371808788421)
 (0.59022743869442085,0.74233180335735327)
 (-0.84504952140001333,0.81208929923238127)
 (0.75527995788226321,0.72167379491037564)
 (-0.7526577156912766,0.83367220781100271)
 (0.80678915247484606,0.64784006935383587)
 (-0.70423676354594666,-0.80635508572137338)
 (0.70782113927653034,-0.69840669127049415)
 (0.78618187889455016,-0.58048324206729218)
 (0.6721039081993182,0.80767047917019807)
 (-0.78131823502445363,-0.69600886427011266)
 (0.59170997955323945,0.63772486009041385)
 (-0.78929730297378964,-0.81737231807955946)
 (-0.67157550342335115,-0.68442203302865678)
 (-0.69371064283501283,0.68473752908573471)
 (0.71241867498712608,-0.58686957051586475)
 (0.81451878035912295,0.69146603448238497)
 (0.73794003082162074,0.56767122470348752)
 (-0.64143623556557772,0.74898228280384793)
 (0.6611970496687688,0.74359842654463815)
 (-0.65188450131048925,-0.66079830526308836)
 (0.75096661022887334,-0.72453796963302386)
 (0.8564803706011892,0.68495525395223245)
 (-0.71638631544880194,0.70426167711977206)
 (0.59693224410790124,0.67924466405882844)
 (0.65319629505347188,-0.75920934360055714)
 (0.69362631738008884,-0.65368958863271831)
 (0.70505286239512355,-0.55417650699518406)
 (0.61485964502166479,0.72952822087920655)
 (0.79858156625584797,-0.7276430098887462)
 (-0.63105415215594041,0.69196646931752026)
 (-0.6697481199169204,0.80928782471206184)
 (0.710714225703588,0.69360130568860567)
 (0.66233640191379672,0.83399862023506333)
 (0.64766936450724499,0.68561145626436382)
 (0.69899441498811332,0.75352232809093089)
 (-0.68007132575559703,-0.75554284178200937)
 (-0.58994354069087218,0.81028389506673471)
 (-0.73491870318281594,0.7015860357519198)
 (0.68757421327435664,-0.589636897643527)
 (0.59569149251497455,0.76040537831655008)
 (-0.57509352060567942,-0.6402072179654128)
 (-0.67582626115776256,-0.73299468735658602)
 (-0.60706624699054379,0.72428375595421146)
 (0.71491464530328719,-0.72574989554229263)
 (-0.55059446598018735,0.66807204182479629)
 (-0.57027584664550912,-0.66358941389822823)
 (-0.62263426504799035,-0.80008309501824149)
 (-0.80886349656035605,0.76363653109664631)
 (0.74378272495201059,0.74114739247281802)
 (0.65711929631947463,-0.64222464594347217)
 (0.71167108075674912,0.75193763013323489)
 (0.79941548235603543,0.53773431467618793)
 (0.71981879267993509,0.84107615314180817)
 (0.7637047764866669,0.58023465053750845)
 (0.71231817757497562,0.66748184616951667)
 (-0.65236608334291857,0.76410411200218065)
 (0.75788507497706092,-0.71177244007759854)
 (0.69185538822443771,-0.62015342399045981)
 (0.67628051464961203,0.66969138621194158)
 (-0.60829327161526847,-0.73498019676241499)
 (-0.66898168322662133,0.65357642832029583)
 (0.65082694167555655,-0.65287266193232263)
 (0.55874749518830269,0.76674110348367186)
 (-0.58985836401309155,0.62124391903064247)
 (0.65382421693305259,-0.78606073095619111)
 (-0.79274686664609939,0.83282397150761267)
 (-0.72169249018130965,-0.69183933130504893)
 (-0.77170116800134492,-0.63399945943444758)
 (-0.72074342266883529,-0.58152408961893931)
 (-0.66174152366564476,0.72275719511058456)
 (0.69845565890398498,0.89416396182925806)
 (0.7000164875516921,-0.77190067190693856)
 (-0.77587273527351919,-0.69867091923285118)
 (0.80137873424766481,0.71532151232332841)
 (0.6695172905325486,0.77222924183561625)
 (0.73700114750752355,-0.68779386203421455)
 (-0.75524134359267669,-0.66759692852167218)
 (-0.67149327957643934,-0.76269102684367374)
 (-0.69012282952462634,0.65074884017553236)
 (0.70545272869729048,0.77597795395426239)
 (0.65399957957157673,0.75242272395365617)
 (-0.77051361700476462,-0.69431319362895738)
 (0.75211185551717885,-0.68475082616378113)
 (-0.64765637854129088,0.70899701669105974)
 (-0.72195871392610822,-0.67607617351185567)
 (0.7390933438853885,-0.74747432630664545)
 (-0.65566161570622306,0.64857539533991093)
 (-0.76579475181589407,0.68638332755719034)
 (-0.73414266619068114,-0.70670917870283667)
 (-0.64726518220936813,-0.74649407751286589)
 (0.79846426183714403,-0.58978887057200247)
 (0.67525953229211866,-0.60344715347211619)
 (-0.74668320054706405,0.76499636338592092)
 (-0.73397367512060208,-0.7130381212982505)
 (-0.72584233116184393,0.75717486371520282)
 (-0.6910067657202551,-0.67000332593345757)
 (-0.71438228877546672,-0.64536723209638069)
 (-0.63070072751204354,-0.75296352245977261)
 (0.80503463860692581,-0.79142134154160848)
 (-0.6674915310875309,0.81223788377502582)
