# Created by Octave 8.4.0, Thu Dec 11 09:47:21 2025 IST <gamana@Samsung>
# name: awgn20
# type: complex matrix
# rows: 1024
# columns: 1
 (-0.71801277096573812,0.60691824419850615)
 (-0.67860065187344321,-0.67771033281643667)
 (-0.64503625990898927,0.65201254231627215)
 (-0.78739948437203755,0.78028088085668179)
 (0.71060223495314123,0.75030387615385896)
 (-0.71257056684478859,0.64594790591871054)
 (-0.71253228689797687,-0.56885276601112911)
 (0.76512198283174793,-0.66967985768347671)
 (0.75681833425063583,0.61043978903960483)
 (-0.60159063190180695,0.57913099603798701)
 (0.73183684246625802,-0.57891877949757142)
 (0.79438026202526235,-0.67495935091525272)
 (-0.6883825166934735,0.71768233501230527)
 (0.61509503411914546,0.60123929595528991)
 (0.74899611150738665,0.82781601272013106)
 (0.66590628948438979,-0.74800753631699068)
 (-0.76474700548318963,-0.74637299074866437)
 (-0.54751270023607779,-0.70930473874194166)
 (0.75453267541036184,0.6681378384324792)
 (-0.67162097976290669,-0.78845321026185056)
 (-0.6645983089363583,0.71225507925002274)
 (-0.77417773905903953,0.76080098531994444)
 (-0.65640478719586037,0.65997174257202451)
 (0.75678221382626887,-0.6875794331950954)
 (-0.75056091497626165,-0.64403862173638537)
 (-0.78067255143732528,-0.81118516719462641)
 (-0.69705067289771871,0.63290088531260269)
 (-0.80086166201712805,0.53944597072195499)
 (-0.66876240863227288,-0.90105895132831249)
 (0.60133937864512021,0.81362860970767648)
 (-0.64458887947562538,0.46007330522260131)
 (-0.71215633677919565,-0.66248706613764596)
 (0.69251957552925802,0.63475229916240716)
 (-0.75267516633385467,-0.71900150011592467)
 (-0.81762017900339723,0.5695179836578278)
 (0.67112435822079508,0.64719138791440411)
 (0.76635587052165988,0.65933211541101355)
 (0.71852043079637207,-0.80466624913622131)
 (0.69173166357977711,0.83103114767070674)
 (-0.69183903155624271,0.7325194021164344)
 (-0.60515689998006117,0.70660749543713175)
 (0.56061738873850575,-0.7889614235389204)
 (-0.80812806306069729,0.60738624423919618)
 (-0.67499707029382927,0.77259987189440149)
 (-0.55156881168686478,0.70378816787637777)
 (-0.61438037691518788,0.65784553031062909)
 (-0.79644056701486543,0.84913320218853017)
 (0.79942449429657692,0.60113023329502424)
 (0.70001822530979663,-0.58578118931770273)
 (-0.71697049098000221,-0.67549675415349064)
 (0.62236144781368907,0.65756496408932941)
 (-0.80270662103160184,0.64740629759913781)
 (0.75662847967346714,0.78174990890414642)
 (0.8213198832498515,0.66507033147931083)
 (-0.63706637945393163,-0.63546202057123935)
 (0.7110157421018386,0.71799987740152604)
 (-0.75711403472382166,0.85775330755328905)
 (-0.81490227403646698,-0.64565533403023301)
 (-0.65569258330179736,0.63530250003504518)
 (0.77819542100153427,0.61075501850211722)
 (-0.67919726899602351,0.61986025027284464)
 (-0.59931158726842182,0.65878736965143081)
 (0.83920809725733392,0.76389746107850076)
 (0.65470203804826088,0.78930945074587655)
 (0.58125974494364774,0.65999149396025003)
 (0.71583809178506308,-0.76746194115847022)
 (-0.73247259364752826,0.64038675186423988)
 (0.65144946435505968,0.68846721751765372)
 (-0.6522678227325549,-0.61880551758947644)
 (-0.73830325383894801,-0.72185758990629001)
 (-0.73864557825760524,-0.66470331829151963)
 (-0.66420629093180117,-0.83350780149550219)
 (-0.73934865678821282,-0.61435080306499978)
 (0.52292619602646584,0.67713606649358415)
 (-0.7726501086018519,0.59086431350013957)
 (-0.65059800981198246,-0.79890522185216939)
 (0.74875619941217986,-0.75485978210880078)
 (0.6152023453514095,-0.70506238780904518)
 (-0.662738426061251,0.64350433393849316)
 (-0.70499410284115005,-0.78868325885821822)
 (0.70871623381681204,-0.69393840823582054)
 (-0.6489822895966032,0.62014843247733453)
 (0.69632971053966186,-0.75269230895228545)
 (0.82926525374567972,-0.79769933068237064)
 (-0.66172784482177571,0.58921958970100996)
 (-0.79406135854558424,-0.54877596520976679)
 (0.72310803192258077,-0.69310387957872122)
 (0.66209375846044638,0.67715063527164143)
 (-0.65806812618183719,0.74186749953593079)
 (0.69257737711125722,0.83102312915854326)
 (-0.66060602449831252,-0.66113194309737944)
 (-0.74984290585012725,0.90005687107765631)
 (0.58927588282480348,-0.68378323732190815)
 (0.72128091472756073,0.78573756038953024)
 (0.64101542418910096,0.7476309147101059)
 (-0.56558424037454869,0.67954793475159436)
 (0.77858780654001059,0.8153604779451149)
 (-0.68702345899901829,0.73710964928655009)
 (0.72924646784414104,-0.85139263080863559)
 (0.86151845712776565,-0.83772779448782531)
 (-0.60945081597407402,-0.5101273226091716)
 (0.55156299444821055,0.68018339871608346)
 (0.66946033201084343,-0.70982905116680339)
 (0.67773320466845621,0.67986360961133163)
 (0.69463124549528266,0.7947761439756269)
 (-0.67493428809786815,-0.83738052565699672)
 (-0.71819775442186984,0.81722334825063092)
 (0.56723999522416879,-0.74699831747488477)
 (-0.66853492387036362,0.76206928275315566)
 (-0.62174075266106665,-0.64833145628129785)
 (-0.762682938369309,-0.77221879830685203)
 (-0.83649806936599469,-0.71887696302835691)
 (0.71794502415085892,-0.71384099785724009)
 (0.71643281496136246,0.60993033972132515)
 (-0.71059141546033888,-0.70490145535181348)
 (0.76000083209292413,-0.68898611412369581)
 (0.53020824839697622,0.71633360721367567)
 (-0.57987252277458901,-0.78251719774557649)
 (0.63946968225690948,-0.77825633542789485)
 (0.64766480369316648,-0.62440161292464769)
 (0.67321797031549713,-0.75692852070479222)
 (0.71409247981750423,0.7211907483726876)
 (-0.7302680297861941,0.61982714622176605)
 (0.6388234021870981,-0.74824297436931975)
 (-0.76814519070328491,0.66446307404964067)
 (-0.63152294607890103,0.67198361491153302)
 (-0.65247968468440065,0.72353347022173453)
 (0.83550242322030777,-0.64071325619311692)
 (0.76594163409089244,0.70065615805020498)
 (0.81418929392061012,-0.81066613433856749)
 (0.65751216036820037,-0.65115347523367584)
 (-0.68840334733449549,-0.68684032070778867)
 (-0.74051894532651963,-0.77494648419399292)
 (0.61858165228486695,0.7946199799489152)
 (-0.67857454601904144,-0.67538469585068084)
 (0.66189758959336376,-0.79445440912361476)
 (0.70065601098945796,-0.67411619984061799)
 (-0.79146825575050261,0.65787219828196286)
 (0.62755930174691854,0.60885609013220376)
 (0.68363520888246343,0.74445764943075765)
 (-0.74298548260416142,-0.6959682468192594)
 (0.6260532053164114,0.75022769546502244)
 (-0.75812120526280713,-0.63680348080901583)
 (0.62009413835091487,-0.66130786181163481)
 (-0.71650401474609804,-0.8328748557569895)
 (0.77330903411927598,-0.66197681858345947)
 (0.6859738395458157,-0.658240508132376)
 (-0.73799019231477314,-0.80541304310796547)
 (-0.66293292610343402,-0.80210178850541469)
 (-0.76706897685610853,-0.66774785306252282)
 (-0.71124234830019506,-0.75811660349483367)
 (0.71350246377717752,-0.69128770565011066)
 (0.82175665844155599,-0.66591435662580922)
 (-0.82472417737071413,0.6457136636050983)
 (-0.64361055236401399,-0.77173745466036292)
 (-0.77632365539409076,0.69034347350239278)
 (-0.72006857576184002,-0.66539699143856024)
 (-0.69961440182042101,-0.76919919939125225)
 (-0.77502839320645323,0.75279268787245901)
 (-0.58491192623821053,-0.71997336699712111)
 (-0.66958659076809135,-0.69637653962397883)
 (-0.83138548887689467,-0.74368673121187745)
 (0.77149637071935528,0.69220658793145218)
 (0.68945846039770542,0.80452635259640948)
 (0.68995756549680454,-0.81470235657815548)
 (-0.79359864776693878,-0.70700972378299054)
 (0.73853675593975532,0.6135465145796406)
 (0.75994324151278736,0.87367492829939131)
 (0.76705194903663765,-0.82158121822407382)
 (0.80330970609692054,0.70423210775082834)
 (-0.71125006902407395,0.80138647614115233)
 (-0.68941392859283579,-0.75337890510222549)
 (-0.55060364920626725,0.60067941413605708)
 (-0.68591400946801229,-0.78503269128805164)
 (0.79853740851883936,0.64487938744789597)
 (0.67610153491427305,-0.83639605764622005)
 (0.74485724034800638,-0.72526672155765948)
 (0.63027430342968715,-0.68531738759915251)
 (-0.68047188409788628,-0.80367809948149693)
