# Created by Octave 8.4.0, Thu Dec 11 09:47:21 2025 IST <gamana@Samsung>
# name: rician
# type: complex matrix
# rows: 1024
# columns: 1
 (-0.054826175011628675,0.12544477284179018)
 (0.038391342285786667,-0.97598479873518551)
 (1.343531320448738,-0.68329086093893765)
 (-0.5682020661914402,1.2300189716031191)
 (-0.82789424789728794,0.65201759655313007)
 (0.7401493203845021,0.94215860635290027)
 (-0.32575547593263449,-0.14391115451611641)
 (-0.64284677397418655,0.045975490326865986)
 (-0.66362463580035946,-0.63698098812727744)
 (-1.4331822353644723,-1.0440576209201571)
 (0.12334721856816075,-0.11197368798747495)
 (-0.79210985686692492,0.45581769857445847)
 (-0.31427801344599088,-0.74648252198993448)
 (0.82542220912488817,0.37607773878827322)
 (-0.77581206885208731,1.1221838722199553)
 (0.98979078307788115,0.89533211188215289)
 (0.60142156818468751,-0.80413097435177772)
 (0.25731628036608889,-1.033824191990393)
 (-0.44570738373008528,0.79974990100111154)
 (0.46164328720756148,0.47243209238578726)
 (0.02251365413182687,-0.12400988167876906)
 (-0.13000304199435034,-0.1777686625371325)
 (0.44978782474261875,-0.97906363701296684)
 (0.6824580539872207,0.21808635725073361)
 (-0.8927731470346606,0.36543898780680306)
 (-0.43415317123249619,0.6033585765334466)
 (-1.0105892471978652,0.12994313070351693)
 (-0.0092034917869159849,0.53663688740861226)
 (-0.77015589789327399,0.75279617606097682)
 (-1.2828061362592478,0.61317248664782953)
 (-0.30354935199725719,-0.31014224076694552)
 (-0.59993044235923154,0.29448358711686368)
 (0.9962163224336581,0.34733987152763268)
 (-0.66149822253425439,0.36061222047171781)
 (0.76147195413492264,0.18594135153609331)
 (-0.82456834566077475,0.63165036426875953)
 (-0.91478640585010074,0.7211454003799489)
 (0.44334366504669975,-0.5901565518819003)
 (0.36926049674721317,0.51201264684389514)
 (-0.37568354562511347,-0.37812067009186229)
 (-0.55774364910659135,0.9421978871887674)
 (-0.63564201782719698,0.18711536829435968)
 (0.55080194908812419,-1.1398364959860874)
 (0.93112826583606889,0.80343022828975608)
 (-1.0964774338651493,-0.26372137185512728)
 (0.71447069476008096,-0.45355021960274122)
 (0.84323018237018132,-0.62111749182663978)
 (-0.041624680726654373,1.0474125821741933)
 (1.0484642977469352,0.61824842125900081)
 (0.91900964691539022,-0.69680804231395699)
 (-0.81755294164620851,-0.89084729427592213)
 (-0.42027145853567094,0.44310351827223915)
 (-0.14547710018028703,-0.39752668034701311)
 (-0.17418511786276134,0.48287934834306578)
 (0.4146123329565583,-0.79727152210267671)
 (0.56914879967249921,1.0667701886045688)
 (-0.70366393623219747,-0.40021491568146961)
 (1.2203395088994851,0.68495374777211016)
 (0.74797261509030855,-1.1065641793391316)
 (-0.5199518355465238,0.70984721177328836)
 (-0.87337695000836446,0.83766844025312126)
 (-0.59084293775735508,0.76749893769769229)
 (0.74198794595019224,1.0279876978074542)
 (-1.0621154093341436,0.075646809908275381)
 (-0.68923659522479575,-0.62887356462527)
 (-0.65526006030572459,0.5259270557378326)
 (0.43652273910613093,-0.4426227867306114)
 (0.52879879975284361,0.57422732330120829)
 (-0.97121170254916389,-0.36447148791775164)
 (0.29669054874105505,-0.61026031597930419)
 (0.5005411298226875,-0.32918680112978288)
 (-0.097845981124080633,-0.55131206718940451)
 (0.45500287723852273,0.17217912270904559)
 (-0.027804317919805421,-0.64259039832807152)
 (0.64702713611347373,0.43188749577853003)
 (-0.65827937468969311,0.78625675455167876)
 (0.1608911075116215,0.74070862801037285)
 (-0.98893178793485004,-0.41441998786689199)
 (0.22641981836446773,1.1988488886439261)
 (-0.86228917657920157,0.41535411421291801)
 (-0.1269945266455749,-0.23301310862038901)
 (0.071000941208442248,-0.72265218440995682)
 (0.95063342445682364,0.72085652819610579)
 (0.47130326863074978,0.49446749238872079)
 (-0.36457906238458826,0.31689016312030527)
 (0.86958111125836046,0.79181672805372449)
 (1.2944306427965111,0.79600845561993128)
 (1.1273812980353854,0.094553883081271661)
 (-1.2192625801517396,-0.23506601054059773)
 (0.27633991044896966,0.81236841647525959)
 (0.2407858902853599,-0.97029894258984228)
 (-1.0340639740497402,1.1406622877576003)
 (-1.0185115911007447,0.55297635793310562)
 (-0.69322941937812055,0.93084118211820766)
 (0.44823174800352394,0.087076760702407024)
 (0.64056731868132466,0.57500117676081908)
 (-0.56550148600931605,0.29513031055212369)
 (-0.8652517565884229,-1.4012675841392048)
 (-0.71687756787237855,-0.13111148510870363)
 (-0.85749808347077905,0.077453377538295398)
 (0.27106755564130097,0.38761297300384306)
 (0.093740325891497667,0.84706009140137839)
 (-0.6776590844216237,-0.061027356557849466)
 (0.66423821341236522,-0.34228772931056262)
 (-0.051703888657770813,-0.40266742358624702)
 (-0.55058953504883223,-0.75733435396085536)
 (-0.84733511723909727,0.26293587920020606)
 (0.59009454368337377,-0.80680689233378611)
 (-0.48499814452399975,0.66820196500957474)
 (0.50024086496717368,-0.50402069805518135)
 (-0.3961749732091922,0.39541909012825732)
 (-0.88935029200488802,-0.84956773621772996)
 (0.071358165348853128,-0.28279122843454285)
 (0.83711375582450831,0.15147544388508816)
 (-0.12067039680798886,0.80575301422527801)
 (1.0855382725714107,-0.2077399461689553)
 (-1.2965036874784652,0.88856025058734023)
 (-0.70324537551187782,0.086701487873507732)
 (0.68959137087747879,0.99870390126133501)
 (-0.40942131448138969,1.0278093102451649)
 (-0.88853490666079038,-1.1336816308850457)
 (-0.49094786425134834,0.42276023879277108)
 (-1.2919763395157551,0.015423674953331856)
 (-0.29340670385323431,-0.58008203800716807)
 (0.71672756080977218,0.73966725023248514)
 (-0.38463305989760777,-0.31866398180325772)
 (0.22223675723275454,-0.28526876206480006)
 (-0.85064884841548238,-1.1654777853926639)
 (1.0289311610272942,0.084612205581530653)
 (-0.25373217527687508,-0.30136746958267446)
 (0.82360154706304045,0.36157060722123641)
 (0.23950328914633121,-0.46256768377939084)
 (0.063220338313246693,0.42946181235234504)
 (-0.58791296742268839,0.45914782823919675)
 (0.46477657681220352,0.93073054854727844)
 (-0.45139107995554451,-0.5682168521392974)
 (0.763188395471881,-0.77359635389339854)
 (-0.59185092108864745,-0.9600421683383783)
 (1.185496096891397,-0.87754810428583696)
 (0.49653227493667829,-0.90521710736017713)
 (0.016729921765920919,0.45038498764183094)
 (-1.0371408139957463,-1.4311297918728578)
 (0.52185814451973933,0.81878885533354462)
 (0.56348691438242271,0.82670260113895033)
 (0.48071888787414463,0.86177699885178738)
 (-1.0160297103198643,-0.53614252899456083)
 (-1.0550657740376448,-0.94942311446374739)
 (-0.88096069904068985,1.1823584764285899)
 (0.32554986454449814,0.20108204953440251)
 (0.45201675088276616,-0.46382148445709936)
 (0.33816623726416312,-0.31541586728122301)
 (0.17218619147500525,-0.98448406871651717)
 (-0.34410022031964593,-1.1709541017878802)
 (-0.55410204485393377,-0.40732725367341943)
 (-0.92599915924528464,-0.80998116957523314)
 (-0.66940175011699188,0.92839592417019878)
 (-0.58564861940552082,-0.42536972314724125)
 (-0.36319206312626251,0.75975244918570783)
 (0.25848956660494438,0.66549447439615095)
 (0.89236720043461637,0.95577191158629304)
 (0.014780437517345146,-0.9184105862546238)
 (0.63328144963373134,-0.21459161604821833)
 (0.49949398762808933,0.95620999497925774)
 (-0.74848398681563455,0.36037104407980847)
 (0.94085948440661105,-0.71896542382780659)
 (0.63072276796509874,0.30736067354211705)
 (-0.45017829853595015,0.66409606882892969)
 (-0.42180466381259529,0.77612322475371054)
 (0.76346351786222866,-0.21982435574742126)
 (0.85899009835546214,-0.86988591395153159)
 (0.65707125399319555,-0.065899680205464828)
 (-0.71725236902154133,-1.2212977280081816)
 (-0.6203479404318698,0.49163704954705867)
 (0.24539295592736704,-0.10677579020284005)
 (0.047912408079611113,0.9509477689991086)
 (-0.13192727621461986,1.0311164200109544)
 (-1.0832010827785781,0.27173033550133058)
 (0.67676913235053293,-0.73570140174787002)
 (-0.44689559244356247,1.3089139075806557)
 (-0.1676601739634406,-0.46357914877019835)
