# Created by Octave 8.4.0, Thu Dec 11 09:47:21 2025 IST <gamana@Samsung>
# name: awgn20
# type: complex matrix
# rows: 1024
# columns: 1
 (-0.71706097139908997,-0.6778360151317866)
 (0.68111088627108107,-0.78966504921143554)
 (0.67964202909347815,0.8514496637455885)
 (-0.82236010523091663,0.66360017764912116)
 (0.71215382314675924,0.6885969503049526)
 (-0.7443664221800087,0.602055907116539)
 (-0.69067361021791918,-0.7571441818647997)
 (0.81656147651096944,0.6294224881092888)
 (0.65215100739571163,-0.74319989795322117)
 (0.75280023848283706,-0.68076220049374392)
 (-0.85825638777668889,0.78641896442479797)
 (-0.72884203686256055,0.84071953896073992)
 (0.61917841423522679,0.6463110155738846)
 (-0.6290237887044694,-0.60066206476144646)
 (-0.74992085357544958,0.59586396981278678)
 (0.63239637410912408,0.67217919578326735)
 (-0.70542756589654643,-0.80970080015935753)
 (-0.62595611150142827,0.73361260654010751)
 (-0.61120830439588214,0.74582756767173142)
 (-0.65743284760118259,0.72068606534710189)
 (0.71693550294536468,-0.59982963646713316)
 (-0.67234325009458973,-0.76204619482992997)
 (0.57710089633330708,-0.68399049684300661)
 (-0.71625197041753563,0.89345369764034011)
 (-0.87270935620412871,-0.7336930770543526)
 (-0.78752523735389446,0.85397874156432541)
 (-0.78620443589736089,0.73057459940859359)
 (0.6684879362517625,-0.66615260725268244)
 (0.67246670629166649,-0.7048429470328933)
 (0.63351454831876242,0.67780792540142554)
 (-0.59512265173433621,-0.6640723309709986)
 (0.73506449577880273,0.65071477952817214)
 (0.75059318428818822,-0.77157159346513027)
 (-0.72253712531004177,0.71070444356194151)
 (-0.71205216247809489,-0.71521236740356631)
 (-0.68650579051563343,0.62496921792102988)
 (0.62452686249671707,0.62265964666398455)
 (0.7125849049931845,-0.76480604823987686)
 (-0.57979447567249365,-0.70437006488715392)
 (0.58908053108341019,-0.65936591386725751)
 (-0.74433924752537661,0.68384480669249736)
 (-0.60291194736022669,0.69286480669319483)
 (0.66958905345122033,-0.64059284628408841)
 (-0.74499062349035794,-0.75569063270113712)
 (0.60213964723627533,-0.7924715798361246)
 (0.63632894407967044,0.71947601243130566)
 (0.63578188075600195,-0.76968496741221271)
 (0.72407651280423901,-0.68771797370109145)
 (0.75510427308209738,-0.68510122194632839)
 (0.75363218235692442,-0.65176592895409324)
 (-0.78032724236934636,-0.70798896983525617)
 (-0.63935521499522074,0.85755275032192946)
 (0.66372006282302554,-0.74249479890974723)
 (-0.72449065333582463,0.62467282610032648)
 (-0.6435421927768078,-0.72888049384363451)
 (0.67066862474659594,0.63532282081447911)
 (0.66485840632399951,-0.67382237093836672)
 (-0.81811969125030637,-0.73766981457505132)
 (0.77658497664460568,-0.69595793194910838)
 (-0.65694420220732086,-0.59395196091316382)
 (0.68277365013909319,0.73155515346060784)
 (-0.7774392001326681,-0.83113418489803481)
 (0.69551451418237564,0.73563009467056006)
 (0.84685281355610009,-0.77353968435600129)
 (0.64740069539384248,-0.65306261114170883)
 (0.76069598009439621,0.66767300255006057)
 (0.66286875581311233,-0.77498880760897026)
 (-0.69945895206330433,-0.74951955894131728)
 (-0.66721235579458549,0.61748570331072783)
 (0.74140065934174193,0.73007038919198086)
 (-0.73098796327589821,-0.72908026732611564)
 (-0.70940817550728341,-0.58306243138014224)
 (0.65844528627782806,-0.75619787761851021)
 (0.57552765240597692,0.65859769809365953)
 (0.79410901931843381,0.71184067563263487)
 (0.70647740988165364,0.64390798542350147)
 (0.7001816596680881,-0.66347331060690906)
 (0.60396757422184844,-0.67835281118322155)
 (0.74386540911829857,0.67614438981923175)
 (0.71330867047178215,0.68774707399379453)
 (0.77257284777637503,0.69963963337846036)
 (-0.66141344031912497,-0.75654428358716852)
 (0.69886801356968065,0.65365741808717404)
 (0.81597865395357239,0.61823703142201725)
 (-0.70095068222353019,0.63137070448197619)
 (0.70398704204615647,-0.83201198808365939)
 (0.73736462906773959,-0.67358824072630963)
 (0.73700353983935807,0.62840791907965898)
 (0.71867922715327226,0.76376769794418164)
 (-0.73801994160156603,-0.57030526596400766)
 (-0.51202092187315584,0.77695700871690987)
 (0.74188031776402419,0.68660587762646708)
 (-0.77531233633712759,0.66621184847096893)
 (-0.68085648814742294,0.75899045495415152)
 (0.61016469179741617,0.71295777955304074)
 (-0.70446926325016457,-0.70973345249141073)
 (-0.72072265809223068,-0.70280992939865394)
 (-0.70915738718190857,-0.71647826598639142)
 (-0.71752466145440053,0.78288273489002047)
 (-0.71928670170061404,-0.67331098049033489)
 (-0.6178177850957951,0.74074774135277632)
 (0.65114488714691476,-0.6478402536556972)
 (-0.75660048307170857,0.74127878317302343)
 (0.63778496959493425,-0.59576418005542964)
 (-0.74796615604658101,-0.76989605184441268)
 (0.6904826649033402,0.64826582737728022)
 (-0.74634876902456848,0.65203531919974322)
 (-0.63494544662133978,-0.75909000946149396)
 (0.78603823314136634,0.80492385995690008)
 (-0.68180715862412278,0.71359216301918382)
 (0.78317881465279482,0.62742986410163792)
 (0.62515821386981796,-0.77969689363399008)
 (0.69516097772605079,0.58648474229947833)
 (0.83101130189268813,0.74672454278555955)
 (-0.68425607043578884,-0.79052648215983612)
 (0.75121259365937731,-0.60567826796823854)
 (0.64252951882980514,-0.68502819386623293)
 (0.73217191832844808,0.63225728744083731)
 (-0.84343138456121547,-0.71585489583967654)
 (0.77372408195105247,-0.74949133916456989)
 (-0.69297571129566571,0.70619555435731918)
 (-0.61834060102227284,-0.5943624757815924)
 (-0.73867699126020969,-0.75144826343971205)
 (-0.76937429202768359,0.64620138897000723)
 (-0.62212805801585236,0.63021498875109183)
 (-0.65934754774523174,0.72053327172446457)
 (0.53100118235061022,-0.73317804079935334)
 (-0.71710204328077409,0.62906199388464956)
 (0.70441874928362025,0.71362245270231373)
 (0.7473824500201901,0.77501088476997659)
 (-0.79260013091002568,0.77483398069477971)
 (-0.78667658492400039,-0.76127701494682787)
 (0.71837837009932859,-0.60776051558309396)
 (0.69931425787205981,0.80000490895098486)
 (-0.70554884109082161,-0.70425411291039597)
 (-0.62087094055940883,-0.73796192336596911)
 (-0.66670048469634202,-0.72126503513113205)
 (-0.77625861666230667,-0.72341234311804981)
 (-0.70060755359181837,-0.63509310428358834)
 (-0.59671518768368814,0.72421237602207156)
 (0.72625687384362669,-0.86758317852568367)
 (0.67361379990745995,0.7415211083057438)
 (-0.7235630352027379,-0.64381071735088868)
 (0.59614461404952324,0.7696973004730141)
 (0.7013721353400072,-0.6282106765302311)
 (0.72397011866606975,-0.63440298400324702)
 (0.79958069524622355,-0.78914704947063452)
 (-0.66010092186860081,-0.643554977146098)
 (-0.80227176700981773,0.66657885700382746)
 (-0.62207616910622032,-0.7537607589515537)
 (-0.68053162006825008,0.69630149906232452)
 (0.65458783042935986,-0.63400859263345311)
 (-0.71696441753204654,-0.84135950653986014)
 (0.58478257325593064,-0.76037140563684202)
 (-0.69123325599427365,-0.59324846090747196)
 (-0.78426240451482476,-0.7950583315595201)
 (0.69270617441260041,-0.71292273820661811)
 (0.85149089853456328,0.77712421866461689)
 (-0.61909155553958872,0.67310861983224479)
 (0.84565640478704429,-0.64982407279968302)
 (0.7665825676717084,-0.70943646900476043)
 (-0.69354108557006289,0.87563772909080717)
 (-0.71091793844343942,-0.80440297439278896)
 (0.61532586903327358,-0.85188224536125412)
 (-0.77238003579174763,-0.67861550062045739)
 (0.56668103298428241,-0.63837717975338237)
 (-0.73164045504862729,0.66052517498721575)
 (0.64646054250092622,0.78999008969159434)
 (0.76640083517373669,0.56063938527696355)
 (0.67056983118305258,0.77371061810937514)
 (-0.83216732492540468,0.64287571657209452)
 (0.7806529217906697,0.78840233579942942)
 (0.7316087002765066,0.68997412242625245)
 (0.66628061200983413,0.74735134328566355)
 (-0.5847178252275298,0.67701783064428733)
 (-0.60663447351525612,0.69248057211532155)
 (-0.6370155964270503,-0.82010971743403605)
 (-0.64268050127489917,0.83613254010516291)
 (0.69387507286813177,-0.77586681158146065)
