# Created by Octave 8.4.0, Thu Dec 11 09:47:21 2025 IST <gamana@Samsung>
# name: awgn20
# type: complex matrix
# rows: 1024
# columns: 1
 (-0.69967077826745772,0.7295242067230393)
 (0.61963732668399629,0.67112665568581442)
 (-0.72116787265649218,-0.78694845236879085)
 (-0.64690424580734252,-0.66377106208839132)
 (0.68027285780691771,0.88659421967179808)
 (0.80372900875781594,-0.79381557166478456)
 (-0.71112044994373291,-0.650248348820612)
 (-0.67587739724340445,0.67091527348318003)
 (-0.79416071798550658,-0.64757627839257137)
 (-0.76670129797481434,0.6681699196092179)
 (-0.68760183269664077,-0.64419792361616368)
 (-0.66856869671808983,0.74640267655363979)
 (-0.73911401106760843,0.75111267878212695)
 (-0.75046072618468984,-0.65755364668821625)
 (0.79470789109106277,0.74961497272038491)
 (0.74695330935933668,-0.73974599415423603)
 (-0.67837273565870393,-0.74293691666546413)
 (-0.61831124818819971,0.56519026725704657)
 (0.66979459293378518,-0.75137630669189326)
 (-0.68576224913294914,-0.57626768265147932)
 (-0.68246703128133601,0.68751870629749423)
 (0.75294617168199074,-0.71040402838440797)
 (0.70550448888450523,0.65404437530188608)
 (0.6373101844233493,0.67607109100307006)
 (0.61768930858694426,-0.81180033067257606)
 (0.70363274053646363,0.63753969793568921)
 (0.58926694005669422,0.71201636099883736)
 (-0.74182775025482861,-0.65511054857882067)
 (-0.56258135372641482,-0.64383203909958886)
 (0.73376677820260794,-0.75877637211861282)
 (-0.72846482768232212,0.8054438701857638)
 (0.62247790226707389,0.67620308583200572)
 (0.7374805009676022,-0.75185423070344115)
 (-0.64181698423159417,-0.70562140827105457)
 (0.77816170733194745,0.72985550442843694)
 (-0.68368034467383532,0.71538461249837582)
 (-0.73260037436169378,-0.63743268921885732)
 (-0.77826860882779325,0.70746797855701138)
 (0.66954872413384936,0.58436929197739762)
 (0.66972664146800132,0.73935487445265757)
 (0.58205459019987149,-0.7067772760610711)
 (-0.83749864115928485,0.61368761276842199)
 (0.81046494666284308,0.64944764789871567)
 (-0.69907021129681435,-0.70555940933427885)
 (-0.68962669663507514,-0.81804790271510919)
 (0.79735442417942481,-0.86134966296718607)
 (-0.61716256675088899,0.72346789704249548)
 (0.65759797736175851,-0.78481498609103517)
 (0.84420838721066249,-0.71267061604502413)
 (-0.73733256800991376,-0.66005399412259502)
 (-0.73315045353169306,0.73885444588478122)
 (-0.55280037090343015,-0.61104651734881943)
 (0.81129267181305931,-0.85979733554836291)
 (0.59430485918570997,0.76614748861878346)
 (0.70643361821068884,-0.75365745810690421)
 (-0.73669735516734702,-0.66724889400362908)
 (-0.7858428467444869,-0.71966021916593614)
 (-0.70863759448164776,0.8815227353603704)
 (-0.74996790968173743,0.79554569422640098)
 (-0.80888875374412894,-0.7719787675463663)
 (-0.74339603135253807,-0.79592360813132668)
 (0.67437604464114587,-0.78242332537512116)
 (-0.76084390453138395,-0.70259148179149578)
 (-0.78926248271210087,-0.66451009504838421)
 (0.69269239562022067,0.83489197595000586)
 (-0.66732464979508022,0.77090688276750896)
 (-0.77781714678188907,0.79748397406099381)
 (-0.65385174055202955,-0.76964052940759209)
 (-0.66901202592897879,0.698472489002948)
 (-0.8179081440805912,-0.67704624890725729)
 (0.64065634935828364,0.69182774056411045)
 (-0.81424651910219004,0.63750645021016172)
 (0.7017220887558473,-0.68913777537428766)
 (-0.82103722084236508,0.65752623887376138)
 (0.70893001997311522,0.69226131693195669)
 (-0.60986276890728774,-0.77519074274069943)
 (0.69716659663344649,0.75395400612044305)
 (0.68481593029074628,-0.64566620629312321)
 (-0.70477769371271759,-0.8776984467779454)
 (0.74019495092179521,0.66645722870250335)
 (-0.67188085109723628,0.58081656076752464)
 (0.77944659811751738,0.7511274276736345)
 (-0.76681974083056159,0.77906425460424134)
 (-0.76140151370603504,0.66666375039641879)
 (0.64937756873773822,0.71509994615832073)
 (0.74114628530486271,0.76763687595249441)
 (0.69463505369934653,-0.69497100544878743)
 (-0.79740027640197564,0.63440202629151754)
 (-0.6825198016118279,0.71721969720277223)
 (0.75243967785254817,-0.50853667073375308)
 (-0.68970120039724547,-0.83369637775362415)
 (-0.65228963539791662,-0.68401671250626017)
 (0.63081697626268118,0.66329545267932588)
 (-0.87467504608863689,-0.58962321335609391)
 (0.74875265176060901,0.62170929168672717)
 (-0.71035590140301852,0.68469041634581562)
 (-0.78652499941783127,0.67968879676828031)
 (-0.6879899936320053,0.7464666426795824)
 (-0.69259400035198404,-0.6186481697257471)
 (-0.72904051200963993,0.77087129269964805)
 (-0.78331930099048797,0.72607925023880326)
 (0.64481322408013342,0.67654927588004621)
 (-0.67547369430004178,-0.77616252721918044)
 (0.70505367272823338,0.60132274720684098)
 (0.86396237923919472,-0.75498852303917974)
 (0.70308693470541483,-0.70106639450232311)
 (0.69484087899012015,-0.73293682995584186)
 (0.72323463825879375,0.75451445297264819)
 (0.56331965629966696,-0.73438783660623341)
 (0.6040858049923391,0.66787529731614603)
 (0.67461061670884681,-0.69357105057235802)
 (-0.82338893700535898,-0.68295265974092145)
 (-0.61351924996749585,0.71033986035793051)
 (0.78346383102472994,0.78587603023235231)
 (0.75287512598277484,-0.76730693733314326)
 (0.72424658785995244,-0.70380356761224072)
 (0.65324730754374927,0.71278669840106512)
 (0.78884363161048221,0.5951679186044897)
 (0.84739706424128014,0.64787980822371372)
 (0.80507125627945952,0.69645196427316691)
 (-0.58431931155727834,-0.57358714852531767)
 (-0.84805800846296098,-0.60976622596299401)
 (-0.64057687414952125,0.68493940209445758)
 (0.58922512284506579,-0.66046118770016637)
 (0.67217517492136025,0.72754773589493138)
 (-0.79186040724661932,0.71281663847219801)
 (0.73390967422116227,-0.79570659550022327)
 (-0.69369389675983506,0.84435762931469127)
 (0.73762795204516096,0.62020207849174347)
 (-0.71839417458943744,0.83670345443232863)
 (-0.75240084577323718,-0.71022457301918696)
 (0.68171509873025582,-0.70095935307268042)
 (-0.65396266147710003,-0.59676141389459181)
 (-0.62433920352697736,0.718759937414154)
 (-0.81691900780326243,0.68205728397430843)
 (-0.65854173127236615,0.78494547934632419)
 (0.73008041517157329,0.70681705624471181)
 (-0.72468797043159994,0.8922088120955658)
 (0.72833999074571132,-0.73889921645684864)
 (0.59049592119640815,0.69552192778336874)
 (-0.55851731881750299,0.71587824980798054)
 (0.61226282293709389,0.88614963859669638)
 (0.60736698696858593,0.65933137244492313)
 (-0.65750663841388357,-0.72304742256615551)
 (0.72408469127495845,-0.53402602539826649)
 (-0.76673054636677929,0.65002456212183168)
 (-0.66897378617486403,0.78134896808419818)
 (0.92304445553383463,-0.75268231566832189)
 (-0.73194765180887655,-0.66426601785100159)
 (0.62692928456070696,-0.83365148592858485)
 (-0.8193286113621816,0.64844565487342976)
 (0.62753067395663309,-0.80131156299889272)
 (0.70576727883048451,0.79246318598584065)
 (-0.65287334301133626,-0.72150846387952239)
 (-0.64645362898692937,0.61855585112697198)
 (-0.75094572281241934,-0.7751772299164571)
 (0.7255583677947044,0.69643371796408615)
 (-0.65477791554541209,0.59766616748216461)
 (0.67261709512331547,-0.68544172247860391)
 (0.65410914142944043,-0.6785365181636972)
 (-0.68317243186807752,-0.60187272743976727)
 (-0.750418127101382,-0.76203477601622671)
 (0.712103721866852,0.6514531878404286)
 (0.65905658886974383,-0.75590816996699772)
 (0.71357738455752784,-0.64264498648441981)
 (-0.82764522289218512,-0.63142649409650509)
 (0.63340981629721249,-0.69874569358095762)
 (-0.78955938875306897,-0.63491017667127148)
 (0.78998066230421138,0.66638574814919094)
 (0.82520399869854122,-0.74728089716616242)
 (-0.54519827420069722,0.65291897994154469)
 (-0.71174274019796668,-0.57090195385904652)
 (0.73347130048331888,0.62545566358030091)
 (-0.78340135955068047,-0.62992979600098398)
 (-0.7546619423348816,0.66031981594461431)
 (0.8177587268014388,0.73078040718626314)
 (0.77184509972216542,0.71830185321482332)
 (0.64891173258980805,-0.74561221871199101)
 (0.72746002540086419,-0.82637995326930924)
