# Created by Octave 8.4.0, Thu Dec 11 09:47:21 2025 IST <gamana@Samsung>
# name: awgn20
# type: complex matrix
# rows: 1024
# columns: 1
 (0.65234728625492533,-0.72056121558601394)
 (0.79656923872725416,0.76114476015903809)
 (0.72571369393428997,-0.70764185400184054)
 (-0.69104488869617042,0.64729060125975668)
 (0.60375629200180325,-0.74706473194132161)
 (-0.71228164282329387,-0.61688783305890338)
 (0.68188255123285291,0.72282210266321389)
 (0.63548480813668862,-0.76612066279338875)
 (-0.81101477034822256,-0.98013114255267331)
 (-0.76761104231212107,0.68549721881970738)
 (-0.69684969082292625,-0.64150241823505716)
 (-0.60388206721236171,-0.7192241932989718)
 (0.68512609305301408,-0.75892155965277774)
 (-0.7284868631059046,-0.68595437426667849)
 (0.62247178875746101,0.66676340723443328)
 (-0.66353561966497709,0.74531156670816501)
 (0.6713694918550015,-0.74378371781928865)
 (0.79858053152737629,-0.63766629394564667)
 (-0.57410925439690752,0.66218506421428347)
 (0.7178595196419828,0.63643714363603232)
 (-0.70051437869201616,-0.77200759203334912)
 (-0.71426532434770529,0.76689529093192776)
 (-0.73722242716279662,0.70083885247456368)
 (-0.613528359902484,0.58563627096961191)
 (0.75038867113560259,-0.74574839739949617)
 (0.7684850727703737,0.71083102934207376)
 (0.86080726051819489,-0.67489954613500303)
 (0.5256753232256981,0.69874264891741045)
 (-0.61444035549826059,0.71163842858724646)
 (0.75019959071032438,0.68915387615656476)
 (0.6282433327606689,0.75223108336532807)
 (0.77209217574203692,-0.63506367208127334)
 (-0.69541608968733615,0.8081860592013923)
 (-0.77701960594666941,-0.71803605948292715)
 (-0.64334211226390203,0.76360998469143382)
 (-0.62778087453121645,-0.60581952267100825)
 (-0.64699938031550297,0.63006135155479692)
 (0.74707430608980918,-0.82494059634854511)
 (0.62513134902582301,-0.713392474548177)
 (0.73922018330888339,-0.70500586379430374)
 (0.73525035216662638,-0.70545251455315972)
 (-0.757281172622702,-0.72636217100152944)
 (-0.73329496059353405,0.70077704454967094)
 (-0.7940131916758838,-0.80463010117443734)
 (0.63338768310286553,0.66098820512491219)
 (-0.66056077743112585,-0.54757648479255461)
 (0.6450719859908256,0.70494727703989213)
 (-0.72015188860112966,0.78331590300944542)
 (0.75912092429355182,-0.64937422873743)
 (0.65525634589597204,0.55859743071539103)
 (0.57870096631791168,0.63588126715859439)
 (-0.68635203844078807,-0.73981108006359719)
 (-0.61023090554960058,-0.75873473993609519)
 (0.53223885177187724,0.65546429092814606)
 (-0.67075755318159302,-0.66307620512004439)
 (0.7283043464582869,-0.82625950225185918)
 (0.75267120304216217,-0.8535366565336866)
 (0.65894722363577773,0.6035775206142252)
 (0.74033821999175442,0.65810760685775949)
 (0.63115438103360622,0.80378288150249477)
 (0.71091765102271198,-0.72954132574430941)
 (-0.82547935955791463,0.66276717019893316)
 (-0.63694028758089738,-0.77674736276744338)
 (-0.66556289211889397,-0.64601105047096297)
 (0.7908102731127391,0.61217588228418651)
 (0.73199653671223741,-0.62277298282744808)
 (-0.73527130773041616,-0.62806530886535261)
 (-0.71781728802266087,-0.6479622710923475)
 (0.67562865309663644,-0.69914649524566019)
 (0.79650024785633522,0.78088277367694214)
 (0.63141034218953329,-0.83630303190539612)
 (-0.70144100595944492,0.6603284406735449)
 (-0.79274814620065137,-0.7743881648961003)
 (-0.601219980627969,0.69853732412859981)
 (0.66735380274196943,-0.65979662940616357)
 (0.64733343814126443,-0.73354550406896846)
 (-0.74411296032143659,0.66083325107891322)
 (0.77341527558008383,-0.79312976002635005)
 (-0.56067536331679801,-0.67739874721817639)
 (-0.7347369731898149,0.7691608616237392)
 (0.77898828747702942,0.78313359076513922)
 (-0.55419354602160875,0.71649813165551157)
 (-0.70296528673410585,-0.62595227411272936)
 (0.73177929986781487,-0.83673386432181318)
 (-0.66519149714935832,-0.67361039760817831)
 (-0.69660266502537049,-0.85634783593702313)
 (0.75044549607762956,0.67926827234833653)
 (-0.76097252055557141,-0.68014147137808478)
 (0.66650019889941192,-0.78301997690776659)
 (0.77321794992049897,-0.72063231914246051)
 (0.75818871336517601,0.63800037547862953)
 (0.67628201213613448,-0.70787677967412621)
 (-0.79094444907717176,0.63144257843015383)
 (-0.7547432186073183,-0.68038750511778234)
 (-0.68304630997296956,0.67944465729011927)
 (-0.7578594037668499,0.72555197799260629)
 (-0.65936163857581376,0.74115668464240769)
 (-0.74539823422894325,-0.70454785321881352)
 (-0.74742730259479773,0.80502574612933309)
 (-0.60144358382062246,0.74615195102419773)
 (0.7346660716458473,0.70700093946988996)
 (-0.70931753062994118,0.64192714286429164)
 (0.76896959265024545,-0.81178984150587707)
 (0.68042754086052548,-0.73966199323170023)
 (-0.64166124838081595,0.59478411368736739)
 (-0.67230741168253028,-0.74945348662850064)
 (-0.76099601420786911,-0.66823135693192082)
 (-0.84233297619124214,0.65025484556094693)
 (0.67449205067461404,-0.70505147289002812)
 (0.70274747029730267,0.67472121563706799)
 (0.69281840756877244,0.64455936274955195)
 (0.82482757825276143,0.7484392373480323)
 (-0.73163966425922045,-0.66673168305528785)
 (-0.70728594621449836,0.73844054218851696)
 (0.8894364531670591,-0.63703943307288091)
 (-0.69110702331116358,0.8530808319875014)
 (0.69066873837217646,-0.56640741758931845)
 (0.78541483276290724,0.7792865846435626)
 (0.8101371578522476,-0.81266404368424994)
 (0.61597397839716062,-0.75288966506482446)
 (0.74967186327118673,-0.58391068983800054)
 (0.72214169728063238,-0.60913339037080405)
 (-0.81382856866947495,-0.74804079617232611)
 (-0.84278810491838674,0.69339237299157619)
 (0.91745860834651372,0.78777874958610572)
 (0.58597487672411008,-0.7391588076683433)
 (0.67180166162580479,0.72024659510788891)
 (0.75220870584476907,0.69166487376303043)
 (0.83357399894711937,-0.60757499929214376)
 (-0.74411444736064691,0.73896231194181827)
 (0.70337425482416438,-0.66455421299583151)
 (-0.67323490120092666,-0.55586837078945361)
 (0.65753627631476574,-0.73400167553586504)
 (-0.77611886150751941,0.6993994814869493)
 (0.67480736319087553,-0.69967608528542402)
 (0.65989182202371999,0.84163201452388159)
 (0.71726805638251845,-0.59246682575633325)
 (-0.79766936557887835,-0.73785796503554824)
 (-0.65096549162174555,-0.72354398418753374)
 (0.59265702142758081,-0.69708754116112348)
 (0.75663909428690812,-0.83487421412540974)
 (0.69174783027267261,-0.85034297963338534)
 (0.67847472948445664,0.73348120646023829)
 (-0.70236799193105093,0.74690245691044943)
 (-0.62458768098160711,-0.73225335860281371)
 (0.76883614000608314,0.64738361698138724)
 (-0.73619320996372117,0.74806842756709213)
 (0.73656562317282182,0.61428102807926244)
 (-0.63223234406428697,0.72115783338937378)
 (0.65759996437497514,0.66440851340091178)
 (0.52557456734820351,0.67680745909622775)
 (0.6110185098207046,0.79826344237523084)
 (-0.78751767942748874,-0.71093176490819865)
 (-0.83731011372288666,0.65427833418984815)
 (0.76222311184670222,-0.73342730903449183)
 (-0.70605463847502126,-0.65649539244695798)
 (-0.64287352182448831,0.6339556079909916)
 (0.66115095778785282,-0.68119811987938472)
 (-0.72058180634123392,-0.84919001827275253)
 (0.75274306225213572,0.70950214911693621)
 (0.54391028552640364,0.60118157506641512)
 (0.71371385039184831,0.8146720019178294)
 (-0.7587205772921406,-0.77636711793207047)
 (-0.69959708243846985,-0.72137672108367734)
 (0.67284849585357531,-0.7423874875976455)
 (-0.78515371602600836,0.81565420630335506)
 (0.73608756126858732,-0.81479725292058103)
 (0.57557157162748041,0.75985499970849202)
 (-0.70628649352543327,-0.54135971718278253)
 (0.69860037913610618,-0.90298274720731042)
 (0.74048969438680856,0.7277676814109123)
 (0.71000353388138016,0.73692363544246953)
 (0.61681700962456376,-0.67493671090083729)
 (0.66628091361380004,0.71098254083808243)
 (-0.68412200022833403,-0.76825677651701441)
 (0.67733269181679956,-0.68530888308855153)
 (-0.61840821909856591,-0.82782222906899328)
 (0.71097812125278037,0.64562340248408712)
 (-0.73999566029558983,0.79460875409434173)
