# Created by Octave 8.4.0, Thu Dec 11 09:47:21 2025 IST <gamana@Samsung>
# name: rayl
# type: complex matrix
# rows: 1024
# columns: 1
 (-0.51704969605751139,-0.079771114774813551)
 (-0.18774796558365936,0.62908167380573077)
 (1.4572399588940397,0.6374961995457773)
 (0.981044455710952,0.58330248903025483)
 (0.048877110529180201,0.052904449070439924)
 (0.52936727824011887,-0.16864827689623857)
 (0.49480135615684862,-1.1857021073156888)
 (-0.051371360002670008,-0.41562885335042066)
 (-0.51231333484922492,-0.53266015411047929)
 (0.88499473296287712,-0.39332455772820224)
 (-0.68211093597474193,-0.90411325248102004)
 (0.4246911667717409,-0.11962085316452342)
 (-0.36396252435647131,-0.63533306976168546)
 (-1.8083703183154185,0.23597667696894808)
 (0.18985701852744688,0.53891692250450174)
 (-1.6717160817366907,0.018656919416889628)
 (-0.74107783516593162,-0.031677524457564887)
 (0.20491772319303467,-0.05253649104213956)
 (1.9959351591024204,-0.34633732166908471)
 (-0.4273786134108965,0.35012866110653346)
 (-1.3491007187190336,0.17101288187652142)
 (-2.1262870501319293,0.0071784972441375494)
 (0.074966001774997112,-0.3017717858764476)
 (0.58119979518870146,-0.48604489044987165)
 (-0.98853866416383218,-1.5951249372982335)
 (0.57483116249249588,1.4619509394096011)
 (1.1842141703156757,0.0018351378883545433)
 (0.58266925850020002,0.068341137916308081)
 (0.087418968397803776,1.0823937817728193)
 (-0.34742691901613754,0.75134690143151228)
 (-0.49704166101817104,1.7336204070974519)
 (-1.078236076326323,-2.6275151782723274)
 (-0.57276855057578224,-0.0010136970520429611)
 (-0.67572185067881529,0.69716492062812929)
 (0.4453076574523549,-0.11715687890012125)
 (0.57801730884251268,0.97152418987852696)
 (0.17228853426204796,-0.37224176759063621)
 (-1.474857094889116,-0.044787052909617486)
 (-0.65845676910790985,-0.10238207685566725)
 (0.79788126137559368,0.17539720329497949)
 (0.25653551702311111,0.15992665817623503)
 (-0.88498043634407231,-1.0036106637414208)
 (-0.55847068081632378,-0.053923785994824114)
 (0.97967320647532086,0.63954858585872354)
 (-0.4808792934291225,-0.36330143685832406)
 (0.29840288787012947,-1.1689887445373646)
 (-0.15674117451199582,-1.0951997244092631)
 (0.72999601896527277,-0.28790472439253495)
 (-0.56199573646721712,-0.56520887340900872)
 (-0.076358061030733448,-0.038979312704878928)
 (-0.11368602065511746,0.36693912714537069)
 (-0.59831367449278294,0.47759341667440103)
 (0.29095469790330708,0.40922293683922228)
 (-1.0008283086337213,-0.16539062842530022)
 (-0.47934164025573855,-1.0250040575754715)
 (0.076739743087771581,0.0045766369535072265)
 (-1.0154077334183356,1.6024584708772438)
 (-0.46684765304534803,-0.67881023424112263)
 (-0.28581676332159289,-0.70809198763825165)
 (-0.56489785154462779,0.70082006083193027)
 (0.70361490061474929,0.083604541559560541)
 (0.31217161758916212,0.35701315109479048)
 (0.84703322022450833,1.1169957853145125)
 (-0.74368070360441296,0.37112050268340646)
 (0.017668163450820784,-0.64265404166625162)
 (0.90772701882929219,0.43450553949512039)
 (-0.51750126872743074,0.40780166872469903)
 (0.38906723119590231,0.18244041984527098)
 (-0.76170354373394356,-0.69681288359724747)
 (-0.7370809880736835,-0.22375294233586873)
 (0.08047492005010376,-0.740895531079242)
 (0.092028341878919673,-0.013141498914149868)
 (-0.44425692951822587,-0.69328497194503524)
 (-0.45415594059119002,-0.37809361506319339)
 (-0.042236802595030043,1.0787582987742566)
 (0.038104791176325432,-0.1582808868899471)
 (0.5094551414036963,1.131147932577856)
 (1.7092223471821626,-0.52398985950668109)
 (0.35187879790543386,-2.0050143258543884)
 (1.1815028388475932,0.9322059090214706)
 (0.95961833983493028,-0.2139044650130002)
 (2.1668165920424594,-0.26079141915612269)
 (-0.116546086921333,0.19626260616111435)
 (-0.40891036999038172,-0.83462027774906167)
 (0.53745048773116355,1.273542802034914)
 (-0.18385046949050965,1.0061593858295386)
 (0.03581397256468799,-1.2409482155389486)
 (1.3728146387991988,-0.041800841281345202)
 (-0.33908643740773159,0.72270702476902016)
 (0.026839262167557193,0.46352138310306568)
 (-0.17069451810349906,0.0014052130735779794)
 (-0.46924045947205717,1.3832967462385242)
 (0.81484746152616072,-1.0798262185340282)
 (0.34587630604337594,-0.26934029796743209)
 (0.051648519386784865,-0.15428933529424368)
 (-0.56644115744178558,0.58999724647346108)
 (-0.84755590381875001,-0.99036284094105265)
 (-0.062749407435759519,1.0977664625278791)
 (-1.6515403568286882,-0.11268554286336674)
 (-1.3779251589242185,-0.65910519990837158)
 (-1.9315065990516467,-0.77649263706043348)
 (0.57414839393250883,0.46535473555123918)
 (-0.37358015398221717,-0.27401455611054254)
 (-1.2741286389508031,-0.3375907949576189)
 (-0.66277426915001492,0.48721725413918904)
 (0.58066379278539715,0.24606969601603546)
 (0.75024961434058768,0.8305451281706866)
 (0.79020481958972766,-0.67559405883821355)
 (0.13218567732933048,0.14077101077556745)
 (-0.081518682660073102,0.32686884898353447)
 (-0.32692175294329506,-0.52170179743873979)
 (0.36627761561812922,-2.1317319420531584)
 (-0.064283507039524443,-0.044502447204078442)
 (0.093588521875042019,1.0123957483860497)
 (-0.3656791914769888,-1.3903922584515711)
 (-0.16728129804501779,1.4336504712787042)
 (-0.38664029140234635,0.59206149796872687)
 (-1.1029086202972795,1.5374624860365684)
 (-0.41387857463213484,0.1692924183752339)
 (1.6369004188676843,-0.18149724949916024)
 (0.56776232946553185,0.30775579565518646)
 (0.042298543373766151,2.1549161924964677)
 (-0.16026654205990196,0.05270568386807567)
 (0.014628066173899501,0.52875133272897701)
 (0.32689516694663706,0.15544139321441619)
 (-1.0868562070563292,-0.17161136528624893)
 (-0.34919102187686507,-0.66712205761836674)
 (0.57770944841346084,-0.43739202705295438)
 (-0.6826510731232297,-1.0313580995738114)
 (-1.215152061957979,0.32950089721735132)
 (-0.24951580229987042,0.377241278041832)
 (-0.27320678918289809,0.75615289661785023)
 (-0.99001614583272823,0.70192496642641211)
 (-1.3920455427641154,-0.83516204202330957)
 (-0.1659368160763342,-0.72587677197278766)
 (-0.57187181242755725,-0.48944746442802378)
 (-2.2574715208407401,-1.5297835703003926)
 (-0.68425864248305124,-1.2190866432187037)
 (-0.073983998231881787,-0.64052385658357491)
 (0.28437282052470525,0.26691773772950178)
 (-0.24154659979413964,0.46785325691552038)
 (0.48091303108432315,1.0871527416337039)
 (-1.4995699571199266,0.46061422843354827)
 (0.72969105283072144,-0.80133902721749162)
 (-0.12654380462477288,-1.3037634404552954)
 (0.38919619951151208,-0.045500016041999602)
 (0.078579906347317485,-0.59909920179938014)
 (0.69728936953680731,0.69013430266940412)
 (-0.23805752666029945,0.17924457547048978)
 (-0.03467879313346206,-0.021081858542144654)
 (0.25805923263044411,-0.32135808872123289)
 (1.2672984093189648,-0.23674582851981252)
 (-0.10584684601618732,1.5115147059471967)
 (0.55485056767158536,-0.6044170780914544)
 (-1.1130379111394504,-0.11106198007752677)
 (0.29099125572957879,-0.1007786011200663)
 (-0.67731453176279,-0.34247369850648735)
 (0.7731998929190641,-0.95232288185316738)
 (0.41930228924374685,0.4387313888982341)
 (0.35474795357406153,0.10128971050533261)
 (0.09386744997205132,-0.93314606070633421)
 (-0.50557000240811412,0.052458777776885429)
 (-0.56050840267059621,-0.93704548224654061)
 (-0.21422359518437142,0.10742372486248344)
 (-1.2801768666173154,-0.43827606305541539)
 (1.1938227549819893,0.69196442111648304)
 (-0.88848852044165705,0.25193140199750036)
 (1.1101022322438496,0.25067027959796911)
 (-0.026205339583280807,-0.79940224660228121)
 (0.38420852673348715,0.14430251231459335)
 (0.22913030964212594,0.93312922823380062)
 (0.68457851722529717,0.13473449238594909)
 (0.84030743775559813,1.137948369482829)
 (-0.2011444959707796,0.78107951714636559)
 (0.64361760804519275,0.42707160183083293)
 (0.09131168235110132,-2.2914368758370856)
 (0.14350756336611126,0.35255009871917442)
 (-1.122184612692517,-0.59898556455091523)
 (0.35280592819700241,-0.14841921106009548)
 (-0.32518851759691525,-0.757095276098671)
