# Created by Octave 8.4.0, Thu Dec 11 09:47:21 2025 IST <gamana@Samsung>
# name: rician
# type: complex matrix
# rows: 1024
# columns: 1
 (-0.028697268117743369,-0.61597974169798086)
 (-0.83296907113529151,-0.65865651406649572)
 (0.52180624688688959,0.89524632692562878)
 (-0.76017782116043908,-0.28125888408351313)
 (0.88074610914263496,0.83071905970430437)
 (0.74714905924898911,0.58618265728580154)
 (-0.94166492614009467,-0.3424310342784449)
 (-0.79475786174090102,-0.35634936682624535)
 (0.94837759910868891,-0.93115439225749341)
 (-0.51406313181785201,-0.13816005521972308)
 (0.39556507714579364,0.80491666807226503)
 (-0.59901308089800498,-1.0289780973614466)
 (-0.35747288263805033,-0.31978443967193626)
 (-0.50104816896066906,-0.65942468062900439)
 (0.6821101460449015,-0.70463690813288271)
 (0.37704988834203301,0.059517935240263969)
 (-0.31654775615558217,-0.30146749975577225)
 (0.75832413655171549,1.2074524137258564)
 (-0.70227239322353086,0.60675341543815331)
 (0.59104632436227988,-0.99289004853086604)
 (0.73662923546203296,-0.51011387275854059)
 (-0.59039197556152878,0.51975105265357979)
 (0.38483317121654104,1.1701586507327821)
 (0.66149751416757741,0.39747082390040983)
 (-1.0639439007374185,0.10587232730477997)
 (-0.1345434825769784,-0.55158623036778431)
 (0.71942067882693372,0.046368580223596301)
 (0.91742650435441231,0.90179597701484582)
 (0.75821108562287975,0.81998237554052544)
 (0.91441591233599429,0.3910647667637448)
 (-0.63788537759364672,-0.87610008689199226)
 (-0.82903525085408858,-0.97715526424069954)
 (-0.12839404133326154,0.99966462835697723)
 (-0.96413331759306142,1.3998965284602543)
 (-0.47743040138172133,-0.20633116604069343)
 (-0.58965684525600559,1.2373620486537351)
 (0.11664331449584418,-0.11269957521424341)
 (-0.065365032346263674,-0.62738288339566373)
 (-0.75565280338267082,-0.6326853157929202)
 (-1.0531328807243587,0.56879955806752014)
 (-0.027524539348657007,-0.21174855329545059)
 (-1.1437366227777324,-0.11340835558595819)
 (-0.79092985128182569,-0.61975791144659098)
 (0.91888625179782413,-0.67258795331352939)
 (-0.3557093000105086,-0.74660269318475458)
 (-0.33265380308877884,1.1513124032653632)
 (0.6203733162752243,-1.1948449804089891)
 (-0.25611536531577728,-0.68855586589436435)
 (0.24496823630781436,0.63362863110283441)
 (-0.60044224965096049,0.34698900149200135)
 (0.7417196828406013,-0.77559320366430506)
 (1.2064219095884599,-0.63999870872708409)
 (0.94298670700424914,0.64601820403454646)
 (-0.82762467663030637,0.48463643434663023)
 (-0.13198425130738575,-0.15092446563096931)
 (-0.58161068067522959,0.60678641563872315)
 (1.210913735191727,0.33174157325379033)
 (0.096195532565743314,0.71895612179345725)
 (-0.8093784346010382,0.95804381413531603)
 (-0.15608826925364336,-0.28842912196941273)
 (0.1848437075749812,-1.1262483495876521)
 (-0.20881509815258498,0.42943922943728924)
 (-0.55529135082089676,-0.80561611028972258)
 (-0.5071144717321121,0.08926176070627001)
 (-0.54623191537267679,-0.75597901719468885)
 (-0.3872943563903562,-1.0858671017296355)
 (-0.11317620146382987,-0.59493657958965307)
 (0.32069223356982585,0.84838229601613513)
 (-1.2645430499559653,0.36205089596672746)
 (0.9515983960989931,-0.70064278380854272)
 (0.68802665316428657,0.86830445181470395)
 (-0.90710173619933376,-1.3220429430657776)
 (-0.19963347074186855,-1.1122609243983799)
 (-0.81732512960016335,-0.58328770090544713)
 (1.2776365385199702,0.84304694092091192)
 (1.0046467038943103,-0.53161742747256291)
 (1.016132546200831,0.47001528311087765)
 (-0.53955587819151218,-0.96061224035363479)
 (0.31224190967107796,-0.46456837470906082)
 (0.97527427973728109,-0.24908843206916115)
 (-0.29186910324179649,-0.33194445412372819)
 (-0.41638318586425599,0.66322475927912672)
 (-0.82020454156662437,0.15574068146574027)
 (0.51602071252055937,-0.69417998252969459)
 (-0.37296756761597,-0.29683680598669276)
 (0.040946532464462893,-0.41202940042936564)
 (0.43103046446626436,-0.45453370166506724)
 (0.59202020796717436,-0.21986596002023878)
 (0.73204066046059735,0.46959062378077188)
 (-0.23136913345789142,0.21741254514076805)
 (1.1681468015248584,1.1824143200892923)
 (0.82344620409165326,-1.0857460273973278)
 (0.88568160139902663,0.55665608341783945)
 (-0.64581546211113139,0.37850950637307906)
 (-0.10075872538104222,-0.54876001884919978)
 (-0.90437866237879405,0.52833896306609296)
 (-0.71271109854040671,-0.40130176784975646)
 (0.62247755428959728,0.47594400457471858)
 (1.2395299938254707,-0.97318351414912818)
 (-0.32764818283177449,0.57050327152390001)
 (0.095100962415189366,-0.35396210371138936)
 (-1.2772644361438306,-0.093289803582602082)
 (0.68686530587348482,0.70095366970160433)
 (0.3028965710337817,-0.83358898616328858)
 (0.85766357308956276,-0.2455910847755774)
 (0.44693893664106216,1.1216781752472809)
 (0.22736117391547797,-0.14646691322818198)
 (-0.46656295968384681,-0.54131665673054108)
 (-0.884085062052272,0.16486072181023531)
 (-0.9141856110254819,0.55683325344523638)
 (1.5000411492579022,-0.6375206977524337)
 (-0.74075328237125981,-0.981802550903217)
 (0.75029853036626837,0.31609798282215373)
 (-1.7073498623503007,0.70273495018791188)
 (-0.4626802062606703,0.84731882786106105)
 (-0.69482417181671885,-0.50128456779065622)
 (0.24433348460052545,-0.45963970485791866)
 (-0.29244057692533931,-0.34637328010304702)
 (1.0971726891377069,1.1225191932203558)
 (0.53493804204317585,-0.45115789897500591)
 (-0.047337350418031637,-0.44538322180099743)
 (-0.39664713591749662,0.30382760960906424)
 (0.20472390137217078,0.94246621821917687)
 (-0.71258758996854143,-0.75008895636083484)
 (-0.74301979417071462,-0.34347395279903087)
 (0.72541974526673281,-0.07338761004925759)
 (0.23762990010663698,0.24156305002629658)
 (0.38999894014781272,-0.91429968913094717)
 (0.55829665094008352,-0.51124783421486608)
 (-0.31311783327150061,0.95825215230229954)
 (-0.068254091787731008,0.4811221153297115)
 (-0.26331890900357169,-0.22506743523546896)
 (-0.71409852636553972,-0.55161414038243128)
 (0.81126906013383648,-1.2265867332591991)
 (-0.5375398733094251,-0.64837264620304647)
 (0.58686497081155808,0.18989650455309701)
 (-1.4667388541571067,-0.97244868206195678)
 (0.83181867840841939,-0.2577118824709026)
 (0.65906444559359056,-0.094869586781860249)
 (-1.036303476820188,0.12811739867057054)
 (0.64287756736802926,-0.51990281608549249)
 (-1.0987591922328968,0.638910024911719)
 (0.098182695517333718,-1.2245371125063649)
 (-0.92755951058730424,0.028775741216106654)
 (0.3552802674028277,0.52327135085313081)
 (-0.23189968026915117,-0.54169847338680377)
 (-0.33155474310388222,-0.97834906927394261)
 (0.74890151098923285,0.59798517955625352)
 (0.89248355642469668,0.31370664064547232)
 (0.69488167493511843,0.2362604289508364)
 (0.50261523664729679,-0.8090923821476298)
 (0.13563037797065983,-0.38115602905406731)
 (0.48701473532681466,-0.60882978768710283)
 (-0.76937990739638351,-0.53344057308643145)
 (-0.36148301882662137,0.78993575124458171)
 (-0.53137677043810916,1.0799603076496633)
 (-1.030554144449739,1.2770937348151754)
 (-0.16881647000414307,0.87156673315114408)
 (-0.75860636905625323,0.26227324670369906)
 (0.28927336508994039,0.41873015867112506)
 (0.42971285554691468,-0.79020213425270325)
 (-0.74076768301176077,0.33633424628941044)
 (1.0630146309677688,-0.78391093642127019)
 (-0.088801370376558164,-0.49842496855804169)
 (-0.26764391196138687,-0.49568321188017755)
 (-0.36295905170848014,0.67323524050662531)
 (0.2260500850993174,0.49435740072049633)
 (-0.02187318677129832,-0.41408346696163523)
 (0.46810421743096192,1.0103676797837409)
 (-0.67475552397116112,-0.76716740980382836)
 (-0.81020678209992969,1.0885129090280548)
 (0.22320949205033003,-0.67213759200098766)
 (-0.78563779693915214,1.2528595976900381)
 (0.84355640968097056,-1.26500664740299)
 (-0.99808016830318813,-0.36413317408482587)
 (0.83175349405634158,0.4393129569685828)
 (0.90710269366441421,-0.45774688012703041)
 (-0.33601588252399289,-0.3895689258723723)
 (0.8038756360549375,0.53772087961578041)
