# Created by Octave 8.4.0, Thu Dec 11 09:47:21 2025 IST <gamana@Samsung>
# name: awgn20
# type: complex matrix
# rows: 1024
# columns: 1
 (0.69529801308931405,0.65459815581346692)
 (-0.75817911787361214,-0.66927976976702586)
 (0.80242533042826525,0.78560996711372399)
 (0.71784904943129091,0.74139710713197804)
 (-0.62497451200364651,0.70384530766625142)
 (-0.72565579337195374,0.721952538437032)
 (0.68326578473901933,0.67462202706664232)
 (-0.65285263411341776,-0.65986717129243722)
 (0.77690405069796165,0.6526222639936452)
 (0.67845061543589891,-0.78571553928667093)
 (-0.7017096221055612,0.81960221354234275)
 (-0.79962813343417105,-0.68682755908866)
 (-0.75140888149094265,-0.63700021076527902)
 (0.67385472720933992,-0.80087183052988975)
 (0.75905881134357123,-0.67073768150462543)
 (-0.70967414340688906,-0.72356875435166423)
 (-0.66648020552901421,0.74170171588973577)
 (-0.78118820259746635,0.69421938587194321)
 (0.79025418624199628,0.69496051799953529)
 (-0.73659188097781281,-0.6770189941617446)
 (-0.71788385876176708,-0.66138635156629055)
 (0.8245871698539482,-0.72793453719739387)
 (-0.65163927184119175,0.60771089995709249)
 (-0.56909727022895273,0.69910900528850117)
 (0.73449071552122269,-0.74328061054995598)
 (0.76990268909880966,0.80773837742536236)
 (0.62463068314429848,0.78281046550844957)
 (0.69855560388236992,0.71830790328990679)
 (0.69452091693503204,-0.6147725851781517)
 (0.77161247983098491,-0.62807429067289067)
 (-0.70648597564683624,0.66411196855845944)
 (-0.58562051131812831,-0.62994526803011053)
 (-0.57765965148446252,-0.72164940120316978)
 (-0.66873614124119851,-0.63686953428379667)
 (0.82041919295789167,0.67550374405374725)
 (0.82906568930637947,0.80602803742047235)
 (-0.64939576304486646,-0.82167950533848599)
 (-0.68817688216414163,0.57989483461895019)
 (0.68521016342621877,-0.67849976929891553)
 (0.70348997795746004,0.70397334434074377)
 (-0.75135451220434546,-0.63324823461956881)
 (0.72905365598967597,0.65483449221357981)
 (0.67125504440887118,0.74875168019860916)
 (-0.71702509115018653,-0.66318200581061304)
 (-0.76067833540618923,0.55573168959968045)
 (0.74244454999952048,0.74543254490684807)
 (-0.73537111738775029,-0.64919142198877833)
 (0.73444584607962904,0.72119944486449794)
 (0.70155639802141401,-0.62965615576493827)
 (0.68253593563202186,0.65083594527735955)
 (0.79787315840310447,-0.72355816459828937)
 (0.66815712986985265,0.91225992543557166)
 (0.73571396653026433,-0.78006380075198811)
 (0.77429726993843195,0.76554754428599692)
 (0.59731618181670965,0.68958664295698824)
 (-0.69143978986619414,-0.64726557191073908)
 (0.76785722464251327,0.78131183728672671)
 (0.66346822691852425,-0.81539616514174529)
 (-0.75366063851614629,0.69281003975663724)
 (-0.63154891115304612,0.74582350176758883)
 (-0.68639607429903526,-0.73996517707845189)
 (-0.64707711082836594,0.83829866560040633)
 (0.80975819436480223,0.73091337638371645)
 (0.79444488482932085,0.69587590982512448)
 (0.74586103499075418,0.65082028258343261)
 (0.65264998680856667,0.77656806441061976)
 (0.61114544397147519,0.72967541262840419)
 (0.80278789977473963,-0.86045897154345441)
 (-0.77131355137908097,0.6630883744533973)
 (-0.72735615234578077,-0.77681885638797499)
 (-0.74963089242834546,0.66734935398852946)
 (-0.71335534219742858,-0.67446118848651226)
 (-0.76782229975439431,0.68009118689231107)
 (0.81797747077267147,-0.75283587839178767)
 (-0.7291915695723411,-0.56608464299517924)
 (-0.60842976162900875,0.68027286677878818)
 (0.65343549465317641,0.78972590383546248)
 (0.69741902106496312,0.64971607970879519)
 (-0.69843285900099306,0.75227289501664252)
 (-0.73020633084150322,-0.70736495648682507)
 (0.62560029859313515,0.67459976422589751)
 (-0.76524815808623214,0.67781450560480772)
 (0.75034960772208903,0.69107282179326335)
 (0.64154857080073813,-0.67043293809765647)
 (0.72415807651975739,-0.66973960478151306)
 (-0.67890699259852072,0.70444882210515491)
 (0.76652269009824814,-0.71369794439114087)
 (0.60262046492048116,-0.71510462013283493)
 (-0.74375232942465397,0.81728356280775205)
 (0.71286266611835025,-0.7483478983452414)
 (-0.66113392370160184,0.66795173099658223)
 (-0.63063237096719438,-0.67285358054276723)
 (0.78485818054677137,-0.5676792452154662)
 (-0.70584519694104308,0.77664779718040566)
 (-0.71374834525965591,0.73444622658009795)
 (-0.75763201641621414,-0.67814776258080778)
 (-0.73445108612764365,-0.75899434491569318)
 (0.66621808196742693,-0.77666982687284791)
 (0.7553104916372797,0.84224171747605547)
 (-0.70149751452481246,0.73305329920394069)
 (-0.6664647171821737,-0.77290232525471358)
 (-0.73198153837593949,0.74642248098144037)
 (-0.72223306469883186,0.57347368545918476)
 (0.7006904554302511,-0.77268369125871805)
 (0.6661242368237088,-0.69608265044151574)
 (-0.77500694557884353,0.62409047096212933)
 (-0.68777908519592346,-0.65653133076436487)
 (0.73453467158532559,0.64400873350460286)
 (-0.77881108746833139,-0.86045687627319123)
 (-0.6321340589907013,0.63460688168706936)
 (-0.61004654966216088,-0.69446068129252847)
 (0.74060282860342985,0.6540511964821083)
 (0.70762864888037114,0.69807846583915767)
 (0.88158713870173022,0.79015352240332282)
 (-0.66537561458478522,-0.70431856931225623)
 (-0.675567308167207,-0.78195370625150407)
 (-0.67985282179590678,-0.78665522108221198)
 (-0.83717992819990017,0.58283734625189143)
 (-0.77940236970779209,0.79010798410903926)
 (-0.62087650393253857,0.70930744652950117)
 (0.5646655034078637,0.67902354989133829)
 (0.78214844910165637,-0.77745380399793618)
 (0.70452119027703441,0.72068916143483097)
 (-0.72672951370548133,0.7385813496094219)
 (-0.81617344281442716,0.71048600283252672)
 (0.78500051545967986,0.69539047434104728)
 (0.62846943472238082,-0.63145143945388937)
 (0.76207850159951751,0.69290634266754247)
 (0.71047489595127633,0.6362077179809027)
 (-0.76134932155732371,-0.76701073748222781)
 (0.64658543095141474,0.75977710721043801)
 (-0.70866711042433428,-0.69318219320626051)
 (0.77283731688658341,0.73042818100809914)
 (-0.67089560264330361,0.68866509967993639)
 (0.71073333716495557,-0.62296862298251732)
 (-0.83594842776321987,-0.67324251703799143)
 (-0.71700317711238892,0.80821874882928646)
 (0.72101463781583175,0.74359067610363139)
 (0.76970159744168443,0.69509458766055232)
 (-0.69757512631616336,0.74604944714194388)
 (-0.77018144201379357,0.65533197184239356)
 (0.7820293508115127,-0.74542873342113425)
 (0.82922083244089062,0.73569494782857636)
 (0.64791694390533228,-0.62303608662910992)
 (0.80224790922998745,-0.66180687024565332)
 (0.71217751026018739,0.7552092440605418)
 (-0.71013814926547747,-0.66053204583616953)
 (-0.67703446667477885,-0.68851198208999909)
 (-0.72604748589524881,0.68298183904796617)
 (-0.69698583777077494,-0.72843289649154841)
 (0.77817394627517444,0.61748915886262767)
 (0.75791129184769601,-0.65992179078645707)
 (0.72832476523654455,0.67556040143080154)
 (-0.66458567683820524,-0.62157419368048406)
 (-0.63296400778471351,-0.81362166083642318)
 (-0.751563571503018,0.77661495383041279)
 (-0.76393514384868921,-0.68572251328009515)
 (-0.68718576647560536,-0.71695774643432397)
 (0.69382061298580355,0.61310231182476327)
 (-0.58007169956647142,-0.75688684024816866)
 (0.66452817782146634,-0.73508830986151874)
 (-0.55720283756664646,0.75675474764261763)
 (-0.73361610351580164,-0.68730917070827946)
 (-0.64262511321638738,0.70038918743273859)
 (-0.73418768360809927,-0.7375957026153559)
 (-0.74166690722351691,-0.71490540309551875)
 (0.61147059217692268,0.72511409989085251)
 (0.61454418738788252,0.60334677208785448)
 (-0.73165784737860384,-0.69114005521760291)
 (0.76061657546814099,0.7444281776562035)
 (-0.7863378952282396,-0.61599854115254649)
 (0.73883533926916423,-0.60044823038362471)
 (-0.66341116925886823,0.79638743422853675)
 (0.75246902331711796,-0.68464677669751672)
 (0.71973151456813544,-0.58458225655722762)
 (-0.68869676985369166,-0.68863319001854828)
 (0.68649165508516441,0.74501130476457322)
 (-0.78226144388231866,0.6600982605961494)
 (-0.49168179766099507,0.78616242811667103)
