# Created by Octave 8.4.0, Thu Dec 11 09:47:21 2025 IST <gamana@Samsung>
# name: rician
# type: complex matrix
# rows: 1024
# columns: 1
 (-0.72529303035694259,-0.82990005834736535)
 (-0.12846094871769909,-0.60507507445371056)
 (-1.1115311982048113,0.29072019692828444)
 (0.60367217838733378,0.89302927508864016)
 (-0.18569729863431139,1.2845467509925945)
 (0.80205389029418916,0.043194659880130049)
 (0.87001289289066119,0.39066428855751867)
 (-0.01400545182139723,1.3965529640189414)
 (0.48351683532364598,-1.1493914093242585)
 (-0.40618190285151157,-0.4474308026923649)
 (0.48856283493167679,-0.016966034133942876)
 (-0.37735242236712413,-1.0111133278528321)
 (-0.69691881225292651,-0.969947377703828)
 (0.46465488697681889,-0.87714655038347267)
 (-1.2216152021391447,-0.30045122579364075)
 (0.90816452133631764,0.87220364159632102)
 (0.76889237043489322,0.22345732122812378)
 (1.0977701928648416,-0.58320884005077656)
 (-0.13630930828042362,-0.21793365822239183)
 (0.26526753538040337,0.2970364953481307)
 (-0.27970284348682717,-0.48360761315966949)
 (0.47116380256472035,-0.57192021859117748)
 (-1.0719448098827415,0.45253151099427824)
 (0.57157293074953242,0.57886214194791685)
 (-0.77441480900744242,0.21640594303749927)
 (0.65036569503190755,-0.67095334072013169)
 (0.17337859603088451,0.29713263339417767)
 (-0.36342228262847331,0.27024083036389179)
 (-0.59313868913677081,-0.96216306309021105)
 (0.91552644801062455,-0.23651751811941846)
 (-0.46657601035692292,0.77678190120530566)
 (-0.56678400021119935,-0.69679622684858777)
 (-0.1193935446232659,-1.2049768557022913)
 (-1.0828121969967266,0.11224783900399882)
 (-0.072803674686839293,0.98219264216245916)
 (-0.029946051008734473,0.18430433393247658)
 (-0.39358247793405265,-0.88118875032277755)
 (0.41036642611021434,-0.35577263654739044)
 (1.0720677916029704,0.045936602727101428)
 (1.1779927617721608,0.68963264111590861)
 (0.33616626757866386,0.11254382707139983)
 (-1.0286962745009842,0.5711656840686048)
 (-0.51310858654683233,0.88250257372966079)
 (0.77293347656337041,0.30033759392698217)
 (0.24460860645259619,-0.99357003089342244)
 (0.41644820550748729,-0.47671711129681771)
 (0.68790416210642746,0.35464592117323002)
 (0.57442896721760472,-0.30204268199402018)
 (-0.2815080489003296,-0.51938444088794067)
 (-0.0055350722939592478,-0.4698696035753186)
 (-0.43581406413247625,-0.10379018172704979)
 (0.35977086544015147,0.80534872668230473)
 (-0.5039989376151004,0.80350917035144431)
 (0.9393820602704579,-1.2217601706462651)
 (-0.47706991034981094,0.13630231895188452)
 (-1.0485276053277861,1.3802357730350261)
 (0.78601239211894158,-0.79084627715907752)
 (0.87909897962089034,0.87596861625517786)
 (-0.53709796754782546,0.40949556794262421)
 (0.36780478158038532,-0.43411927715944865)
 (0.28236243839883629,-0.53081457999576453)
 (-0.71293188807766272,-0.22556807734600606)
 (-1.0891540613402253,-0.62787062595891596)
 (-0.94971082480774394,0.48172241599816634)
 (0.42835346225969845,0.3341754470569262)
 (-0.17256414749008298,-0.95627342829678308)
 (-0.034974360825838491,0.77127855616800212)
 (-0.82233652867550633,0.70893043119244459)
 (-0.27645268861656735,-0.94318688767605086)
 (-0.82718219307654739,-0.49186935162343948)
 (-0.40785111280032682,-0.16467508267021025)
 (0.55966573466909353,1.0965986387390432)
 (0.55454320774727728,0.43833639510686423)
 (-0.95823987886466544,-0.62550104242571403)
 (0.35950445912313039,-0.51150675110717125)
 (-0.062975320182596051,-0.60022683269755461)
 (-0.78715558930100882,0.16934892599272666)
 (0.23945187291659201,-0.45304837074312132)
 (-0.057935178589377578,-0.94265949964681472)
 (-0.12318667067974914,-0.72278099088677306)
 (0.66772751922494522,0.48086233071285794)
 (-0.89630213550506999,2.0577020975025881)
 (-0.45800720489985264,0.85784440893259672)
 (0.71622368744418985,-0.75967665296692477)
 (-0.47686135058939561,0.12971947719669005)
 (0.66259703868218489,0.045679833178696283)
 (-0.093129092418877235,-0.36762082914418448)
 (0.61299259631889347,-0.11430217362951337)
 (0.73516933030345522,-0.7399226023604073)
 (-1.0985049825152282,-1.2566321674694005)
 (0.97477719965297016,-1.0490379287676674)
 (-1.0416483828059904,-0.038927766182969781)
 (-0.22915630775202861,-1.1826514664375172)
 (1.0893161124003181,0.39353911184461088)
 (-0.89492705868067157,-0.59834306616036648)
 (-0.46104495445539462,0.29562583990639701)
 (0.46413001725644049,-0.98889122579231348)
 (-0.82942015883715514,0.69267605597278281)
 (0.78123241749745609,-0.63742844210836913)
 (-0.34912862198247058,0.36844800338702316)
 (-0.40498723867078756,0.76226941407137305)
 (0.64961082093502975,-1.0453782818517001)
 (0.46997811010736296,1.3669058488640997)
 (1.329985183052445,-0.29591016046046115)
 (-0.87607596054160031,0.5682483697502384)
 (-0.48302685430507436,-0.60020935758991212)
 (-0.6676633433118071,0.17840177994954037)
 (0.67344183386684242,-0.54208459829678302)
 (0.42119910264716925,0.13823567447815449)
 (-0.37921569962907664,-0.76279746631363998)
 (-0.83869972187370267,1.0285901372467967)
 (0.46298684752075503,0.12674547155245494)
 (0.40640243482597382,-0.032441537353687683)
 (0.56743261143118795,0.6413119023273991)
 (0.56797186707433012,-0.3071179696162869)
 (-0.60328031159901796,0.87393721044182482)
 (0.48472442261861459,-0.38510887114483805)
 (-0.95482641999326101,-0.66117198284087886)
 (0.92972988175538607,1.0932702662667593)
 (0.24125333634930013,0.60500809598531891)
 (-1.2627200651052131,-0.62499854747172978)
 (0.64330602961887495,-0.47429547030304231)
 (-0.72048542789119852,0.50295848318025604)
 (1.0029000116944549,-0.30289462257121796)
 (-0.63573131638713221,0.75780534560033586)
 (-0.23154556962023387,-0.50996801497550026)
 (0.76040348847243489,-0.34725251816437619)
 (0.66194243545608722,0.40128783686812808)
 (0.42640285470003025,0.39167979640060757)
 (0.23583182809026226,-0.31155360503047247)
 (0.61406581070369626,0.0072839688051600238)
 (-0.55916747042045023,0.53140244872084408)
 (-0.37244632629277974,-0.42295989161677228)
 (0.54256337682581823,0.6462264172173664)
 (-0.76703858786559276,0.02579464227804068)
 (-0.75367854549684477,-0.78379677685645366)
 (0.59660080665542081,1.2685943209650099)
 (-0.41547797077963455,0.48175093597857166)
 (0.91885653866996342,0.71045077655420164)
 (-0.40388217686394856,0.76462758457359847)
 (0.0086759198921733116,1.060056250813971)
 (0.65756810604138938,1.0563740702810138)
 (0.51214919274608894,0.20346502107567788)
 (0.98717215076122677,0.13411469345862154)
 (0.41478930615723708,-0.44216531907509882)
 (0.061082456574752947,0.32598225492463861)
 (0.70211460217232413,0.63260436129140518)
 (0.67122793724014229,-0.75289945595452645)
 (-0.37184421308727877,-0.24830257546294174)
 (0.055154410093060817,0.037547575699546483)
 (-0.47395429940123401,-0.27602784860050233)
 (0.48237623065981178,-0.059871934353810163)
 (0.61894462296635533,0.53247512752769577)
 (0.33279808280565909,-0.22214840355464713)
 (0.22256742574473543,-0.83037977567666466)
 (0.48730095314338673,-0.41247645140280442)
 (0.22806478677757108,-1.1149361043022707)
 (-0.78851919140011595,-0.27015552468177789)
 (-0.3203308762774203,-0.052707169756029487)
 (0.34224866586274627,0.46314211795790572)
 (-0.983162771511637,0.62269664398921132)
 (0.47984056547697151,0.5525945689529328)
 (0.62929163489937245,0.50199241924970184)
 (0.997886671327612,0.57936976967675657)
 (-0.18922137543359574,-1.1033927249848738)
 (0.6151500401190082,0.71864906199295575)
 (-0.77073905491016936,-0.054368593899675799)
 (1.063421701796176,0.27004627408081272)
 (-0.81160292575336235,-0.16306586173660348)
 (-0.3348122650819676,-0.91589928366622941)
 (-1.208104866413082,-0.94820730324552005)
 (-0.54445331641933736,0.47500420829568651)
 (0.45626038948022279,-0.63877049894381188)
 (0.029626128505874455,0.39513565960526553)
 (-0.93623106254839739,0.55087254837051125)
 (0.7817408209295964,0.82095722803962334)
 (-0.58998367831858856,-0.31622793740897359)
 (-0.68826176877351519,0.67610360792281254)
 (-0.81111924678033009,0.9610131641513382)
