# Created by Octave 8.4.0, Thu Dec 11 09:47:21 2025 IST <gamana@Samsung>
# name: awgn20
# type: complex matrix
# rows: 1024
# columns: 1
 (-0.6993549718395865,0.64942420959586855)
 (0.76764542555297777,-0.6374284491612906)
 (-0.70573449842413327,-0.68684996043938762)
 (0.73781854118333678,-0.66922693034230873)
 (-0.70618367706891616,0.59617403942294389)
 (0.73110558922635427,0.68441516390474866)
 (-0.69687090038177379,-0.80908704351419503)
 (-0.66653349891823199,-0.75538912778496126)
 (0.57239392948215928,-0.58417629795277648)
 (-0.8387106464169729,-0.74574860845798585)
 (-0.68587588514763964,0.77870604138256239)
 (-0.56664972645895684,0.72514227412954113)
 (-0.73269850636802458,0.80456037527876401)
 (-0.75939402251498611,0.67272913513890353)
 (0.65098922309680063,0.77149079672834731)
 (-0.68966680398562352,0.80271817261426526)
 (-0.69457725470786191,0.68709782769330285)
 (-0.63177147304574177,0.64416700436408014)
 (0.7384860403456307,0.75275858875630819)
 (-0.77791416537208813,0.61484890985340779)
 (0.5967027522235796,0.69451757082610222)
 (-0.66627546838435547,0.76487452965701397)
 (0.7126901289390597,-0.74129154163764654)
 (-0.53522442158813499,-0.74891059740563426)
 (0.69645349057886208,0.69126422541745958)
 (-0.67186086451642968,0.62304255740002612)
 (-0.77761932778722875,-0.78793826724408)
 (-0.74186831753697924,-0.73583411999799064)
 (0.67075378824105925,0.76220045077513898)
 (0.62275462928209313,-0.6884706427975793)
 (-0.73850133120278671,-0.79602988704406275)
 (-0.7592556058024551,-0.69159948352651079)
 (-0.70684118719306943,-0.67570522046738457)
 (-0.74724007965100536,-0.6472026139069208)
 (-0.5042994426191818,-0.79640065032504437)
 (0.73717381217419153,-0.6552656762789647)
 (-0.70330040581399345,-0.85081938829803827)
 (0.70123795387971455,0.73611000724770059)
 (-0.78497938056385519,0.63962589947376847)
 (0.47782378407899739,-0.66664992746770069)
 (0.6745899665442554,0.61106583689583649)
 (0.74751772921172011,-0.70634823994825002)
 (0.76717716709624839,0.6452177951783854)
 (-0.68797331200374501,0.74333427404860586)
 (0.7093764022562129,-0.83757106935119985)
 (-0.73648867228915171,0.69970954663181895)
 (-0.70323801177292711,0.71525751522253145)
 (0.73276004946325213,0.72045959812730431)
 (0.58021607438394407,-0.6342446039194003)
 (0.72300408045827913,-0.77674561530278197)
 (0.68948106720009938,0.74565628981313181)
 (-0.77520509661806047,-0.59635701707651168)
 (-0.77332225309929115,0.68216420675391953)
 (-0.63021984596097336,0.68967914751094606)
 (-0.69476843096093033,0.69419931421142633)
 (-0.67518432747865353,0.63259659416260994)
 (-0.77509340162853935,0.64800247669549316)
 (-0.81459757810187361,-0.6680924266506163)
 (-0.73993113307318059,0.6970249916291571)
 (-0.78132470721737413,-0.6209213844305087)
 (-0.67603691289925427,0.74178672653055244)
 (-0.78486172257975495,-0.77823509426008752)
 (-0.68109098561467463,0.84701550589508923)
 (0.68767301473932196,-0.75889866003853279)
 (-0.78258697333357574,-0.71983314888798855)
 (-0.69391541001096579,0.76075726081417161)
 (-0.71708157904857861,0.71860209395481844)
 (-0.80950183687131794,-0.73578159024516288)
 (-0.67359070105284213,-0.69616910465033566)
 (0.79548753935032979,-0.7326026715274655)
 (-0.67067376450322091,0.70134155815399013)
 (0.58863229470792688,-0.7141563777864598)
 (-0.71711350953035413,0.7053450188089746)
 (0.67400298718762641,-0.84608601394357996)
 (-0.73700850670880813,0.70339092270294268)
 (0.51180730152525522,0.69356414059205396)
 (0.74023102143423336,0.65553603714771413)
 (-0.68979366587440005,0.65447276065899596)
 (0.65178431210877674,0.69883338593821764)
 (-0.68136125868039454,0.73562851076254376)
 (-0.72321263739120056,-0.62465253387279418)
 (0.75251737883501435,0.68309437852826393)
 (-0.65697080363643856,-0.77350655493246134)
 (-0.74669331264489314,0.72056185026881991)
 (-0.70643342672507625,0.75179164056445813)
 (-0.68040032355422253,0.72951236159551824)
 (-0.75847785019345593,0.70328912855700731)
 (0.60368119878317117,-0.66571966034385022)
 (0.6940283063382906,0.697587319048803)
 (-0.71280909025965145,-0.7640896427040188)
 (-0.78437577573976935,0.66327933806475992)
 (0.61741592022463609,0.67480734218078886)
 (-0.61889980934023625,0.66234675052420566)
 (0.70931421092671465,-0.74778989299036369)
 (-0.81126818120066968,-0.700553849711953)
 (-0.7082278150390573,0.67503252594045704)
 (-0.73078631135250538,0.64659980367897818)
 (-0.69426056368116107,-0.66086169040799947)
 (-0.76287205273195502,-0.56565852846145148)
 (0.73200102081752005,0.80186554010562272)
 (0.69702112180398834,0.82613243623957977)
 (-0.70712934887865031,-0.64037850457764656)
 (-0.6066381443318809,0.71378967059115905)
 (0.70814521832956157,-0.78001447364422694)
 (-0.68088189389433584,0.66911522726580286)
 (0.76099778541023155,-0.64478519629707787)
 (-0.66698675048096268,0.70127123670727143)
 (-0.77845828841408404,-0.5918729452182897)
 (-0.76770658600859809,0.67801680435076428)
 (-0.80536919019403053,0.66553642722505835)
 (0.74990181213651508,-0.68694931486563582)
 (0.65375889296248468,-0.83508213195488235)
 (-0.70715558581331905,-0.73840054101408326)
 (0.8529694705100298,-0.7391593042882828)
 (-0.65546120047633649,-0.75566487124724568)
 (-0.69371738861444165,-0.68778258576574924)
 (0.71808029206535195,-0.67818092431960719)
 (0.72012336981811942,-0.81990673025354766)
 (0.84333885441615786,-0.70724111630251218)
 (0.66337853139384095,0.58643994121240817)
 (0.78821963125005479,-0.77555456321228589)
 (0.68807924943979459,0.60205014793298695)
 (-0.74283880027520077,-0.7591634038183005)
 (-0.73090635583678754,0.5721765462539542)
 (-0.74905135748184748,-0.64843219068834301)
 (-0.75203805193641649,-0.59455221416741288)
 (-0.65825235763963141,0.91298340135096145)
 (0.75065810392331944,-0.63332506749439987)
 (-0.69184827614559863,0.67665194003443463)
 (-0.67490148706088793,0.68503976375169362)
 (-0.80672235629095013,0.75374093288269317)
 (0.73267055784374635,0.77837896811279716)
 (0.61070977946346627,-0.64527311882893434)
 (0.89477590559825448,0.77557741873603536)
 (0.70897302167671539,-0.77193876033315711)
 (0.55390250354557324,-0.71777315104397832)
 (-0.79723444756096784,-0.69692281250179622)
 (0.78616783395527723,-0.65268415641192323)
 (0.67792325353893612,0.67103031294687199)
 (-0.63041797140454114,-0.77508204531211411)
 (0.67338223023757016,0.77737920602218669)
 (-0.65028871843685898,0.62211680858721496)
 (-0.86346364124705299,-0.74317895066987827)
 (0.77959118656998805,0.64781055291252987)
 (0.63750218751596666,-0.60474103164790483)
 (0.72922944836668846,0.88213813053895451)
 (-0.7217708680870023,-0.75223007932841135)
 (-0.74312902309346984,0.66874686201216449)
 (-0.82389541770007357,-0.66190222589353909)
 (0.67034011093454604,0.61389168472167155)
 (0.72152368048548976,0.67594057445088662)
 (-0.59903125563916371,-0.48860139571301398)
 (0.65037556313474676,-0.63295894769699268)
 (0.64834456457110312,-0.63504247519643042)
 (-0.68423833734254025,-0.56240246016308026)
 (0.65799932300369757,-0.74984037964432459)
 (0.66905724884183571,0.73560850824521218)
 (-0.68331421193380415,-0.72454708972561332)
 (0.75800052857500733,-0.67239982098153561)
 (0.76635267413656505,-0.737601423693937)
 (-0.6405793329663696,0.71532445646242249)
 (0.64633830409935467,0.72193728734073648)
 (0.64019610012287653,0.70415067123580555)
 (-0.66753558257758017,0.77965669117037173)
 (-0.67056277940904763,-0.63918721441042103)
 (-0.69238692604822183,0.75281060566251723)
 (-0.71532998394842329,-0.75119397307127489)
 (-0.68774305931862068,-0.77437307690953738)
 (0.66108123405695196,0.73447722683364713)
 (-0.64787581840710795,0.73815456619728914)
 (0.66112554545692159,0.70533075844780857)
 (-0.64740719301844618,0.75342292795733956)
 (-0.70050795962860191,0.74792568850801688)
 (0.68241411136380181,-0.76908333672114437)
 (-0.69894268343045873,0.63716240606111996)
 (-0.76601487626474707,-0.62209598186578086)
 (0.69895147606083974,0.79130170923075449)
 (0.62794612827452712,0.73069545956738269)
 (-0.58823950545434334,0.81073192697008722)
