# Created by Octave 8.4.0, Thu Dec 11 09:47:21 2025 IST <gamana@Samsung>
# name: rayl
# type: complex matrix
# rows: 1024
# columns: 1
 (-2.5266980509269268,-0.59616385856235221)
 (0.2082803186837584,-1.6089724563896057)
 (-1.4942857249219832,1.2569219341116609)
 (0.25619312558467255,0.89166056082093004)
 (-0.66638711122982441,0.87243508494631217)
 (-0.63400209758517279,0.49105406867755574)
 (0.19728496602765433,1.7876107827050363)
 (0.35608108091897284,0.015033310863491911)
 (-0.58006174700610669,1.0135769200302298)
 (-0.7826891614201873,0.32831422076831973)
 (1.7932738088890403,-0.37603445386965906)
 (-0.99697686659901286,-0.023397543788653108)
 (-0.91460102853152558,0.37717587723195334)
 (-0.41078071180311565,-1.089942431296955)
 (-1.5540911154125361,0.22792339947280549)
 (1.453094232423449,0.21942534437682126)
 (-0.2328914901798142,-0.76493816862955577)
 (0.63151008195434066,-0.053965944486569717)
 (0.49140589900316062,1.0243785503668765)
 (-0.67388036526080053,-1.2995990293296449)
 (-0.4842592297145546,0.31669588517284675)
 (-0.31599545871597318,-0.93016996761667747)
 (-1.0843264704508431,-0.0042608458047845854)
 (-0.23015646354275227,-0.10331594897059725)
 (0.10528403621221888,0.43985891297940299)
 (-0.13996349859100021,-0.86431154604796212)
 (-0.49406969429384717,0.21884839150525515)
 (-0.015765819035270717,0.23583164298119788)
 (-0.30173196360324483,0.44064729111474488)
 (0.53021211270440416,1.1110138725960397)
 (0.52953397804658431,-0.8153817334277097)
 (0.39939654314513606,-1.4760977213659987)
 (-0.020475094356270613,0.068126035502624777)
 (-0.31324880242022474,0.7403562536769519)
 (-0.88810677645425362,0.60938899460612928)
 (0.98268146796008282,1.1531144573171657)
 (-0.036641165065357584,-0.91527195593763544)
 (-0.26311616719211639,0.39128303334229397)
 (-0.00090389496259102309,0.57808595438749533)
 (-0.80769570368769661,-1.164235867960973)
 (0.17914552683564189,0.82206776470142406)
 (-1.2797733009977139,0.28354313475482801)
 (0.22455772488187711,-0.54115095626008503)
 (-0.87942577382418541,-0.7676547111763371)
 (-0.68173142929058583,-0.19270145453951329)
 (-1.6109385169696633,-0.3284997061294479)
 (0.55523853365093945,-0.72541966435049388)
 (-0.60746910411438115,1.1755527175429277)
 (0.73357884975491094,-0.13524824328093438)
 (-0.44237429128682254,-0.53230079460722157)
 (-0.89130723405798429,-0.83784667860163931)
 (-1.0657273717254925,1.5114702148085954)
 (-0.66234368763285167,-1.2507411577618031)
 (0.014518526528858933,0.31196825140812406)
 (0.58246132807313589,-0.1978827941014227)
 (-0.55070032676480929,0.56067498469336374)
 (2.0195497788756809,-0.61560707659184211)
 (0.3256973969584363,0.49481727385738089)
 (0.70491878937383634,-0.37517399270856899)
 (0.81855802711113279,-0.86191281323683921)
 (-0.45891512227385112,-1.7329398983039597)
 (0.19679960419983611,-0.28107820966833563)
 (-0.96231639562481408,0.66913235322067444)
 (0.29075933221538819,0.2628903454518402)
 (0.45321686417969276,0.081698639239907833)
 (-0.56109189113901214,0.82361884878079716)
 (0.45251444298983645,0.021901660118704036)
 (0.21834346296982821,0.055234491634478577)
 (0.26564078807953129,2.7759731471511984)
 (-0.32374245833946125,1.0175159859717955)
 (-0.56385243948672525,-0.27159046044870633)
 (-2.4731671376377546,-1.7708522086926817)
 (-0.16223543003884178,1.4041264136575677)
 (0.9821079160895777,-0.34411867451980738)
 (0.63870528133601923,-0.55928677525101644)
 (0.54979467433377394,-0.83392460319378958)
 (-1.236479207346082,-0.26400984843858111)
 (-0.22960129703874807,-0.2649538799588661)
 (0.99422687435360602,-0.32729305559440913)
 (-1.5074301239709846,1.0263465858036975)
 (-0.38979643299199962,1.0332297280832605)
 (0.68409591022085603,-0.075159268671075252)
 (0.89724061077759265,0.44979153104409619)
 (0.36637063598955155,-0.03248610795672191)
 (-0.040857904410233792,-0.85439515255708631)
 (0.3699974277018151,1.5693527196780983)
 (0.62336847980553201,0.83172329947791102)
 (0.13861834108630955,-0.12230412347707098)
 (-0.46806921216004205,1.2212840903928588)
 (-0.40370826644461766,-1.628770510154957)
 (0.25867182737441691,-0.11754592192794638)
 (-0.27986898898308199,-1.4058206615052256)
 (0.50916281874574554,0.22615552907077768)
 (-0.081001903561266492,0.50392290818057217)
 (-0.58745271578719949,0.89935525610223255)
 (-0.45632731838881541,-0.36860596982685828)
 (0.11968382347693129,0.51217783185572252)
 (-0.34287021353011482,-0.41555142879140083)
 (0.27007256822482123,-0.10009274333707126)
 (0.68977246670342907,0.65230149655979863)
 (-0.093853469966115988,-0.92343864097098582)
 (0.60298145492231014,-0.50219697752096704)
 (0.47844217095619357,-0.60346149207121103)
 (0.89577944645267249,0.82143947607808521)
 (0.29441690459648662,-0.64323056149982416)
 (-0.74426137980562368,0.72019401115644377)
 (-0.33429509812500136,-1.0668539746646557)
 (0.53398418755173338,0.6936063090107788)
 (-0.052267531574338166,0.32564773217548337)
 (-1.044028415448188,-0.66350813033546618)
 (-0.1679265174624528,1.1688899397273729)
 (0.3476558777441055,-0.35732547317410518)
 (0.060586925950772696,0.93337505439295154)
 (0.45564997430901943,-0.23308463144116257)
 (0.92400487418139665,0.02346400515006597)
 (-0.96258754291745907,0.29043932640197362)
 (-0.46961687300563082,-1.6243985912165608)
 (0.38596208921905495,0.2925051532476397)
 (-0.38763259441703607,-1.2311641871785612)
 (-0.4774492875198047,1.4259116250798449)
 (-1.2863114011486356,0.10157192330878961)
 (0.20958685233333268,0.53479315767715097)
 (-0.87426483267700528,-0.031577200937800642)
 (0.69345943569903068,-0.92985332427323542)
 (-0.17999789395073301,0.9007527259140844)
 (0.87582207440404858,-0.81966049499154425)
 (-1.5152571594302902,-0.1871703158095297)
 (-0.56548611460630016,-0.1964785284431354)
 (1.5283923447877923,-0.41539893270103245)
 (-0.61080764498279105,0.82060409671161083)
 (0.61832529321170515,-0.58018089481694313)
 (0.65789236398955075,-0.55469059485761429)
 (0.53263048553979719,-0.46912674908387086)
 (0.69591451048115083,-0.55550177003792123)
 (1.2731321226970911,0.22613937336394596)
 (0.34626875184719108,-1.3546827792500333)
 (1.1300743215852511,0.45784287375550609)
 (0.071229954347170776,-0.76998788256552864)
 (1.2050400074043042,-0.81117040730004797)
 (0.68749808377168109,0.59579067249475126)
 (-0.23510531185465455,0.29261994611974174)
 (0.85528006935998513,0.075895899449189119)
 (-0.009905255239492039,-0.78741341648026308)
 (0.22657154690212797,-0.1515473546868957)
 (-0.33516602794937489,0.40917907695832934)
 (0.62712253725459721,-0.5512320722229398)
 (0.81045290256073454,0.068051937110416683)
 (-0.1989684767551568,0.25602878648292204)
 (0.047157368422296453,1.2208695915200134)
 (0.33507524249506704,0.84799433463214424)
 (0.15265883055280427,-1.0975248385579084)
 (-0.35303455673902989,-0.8476804445477677)
 (0.58986126196832567,1.3267189946116973)
 (0.40828603009202757,-0.066775078145904915)
 (-0.074848907888182326,0.18412449398516834)
 (-0.048480999972636052,0.22105356915817992)
 (0.3372772968331969,-0.31945449661174202)
 (1.2695194540256565,-0.62386107960765891)
 (0.74127184017007586,0.24194494421895227)
 (0.89986170631476969,-0.73660784257148004)
 (0.27076134933967594,0.40002640710318355)
 (-0.012694707895048882,0.22969708094380054)
 (-0.81028259698023075,0.23404766421265077)
 (-0.52901350018488891,-0.64180561172971007)
 (-1.1338931124175513,0.0077911282997534803)
 (-0.65042722551650867,0.047815249516287739)
 (-0.44631260940031525,-0.89995025677205687)
 (-0.65637112147175258,0.040647118294640738)
 (-0.21602579814561323,0.79883404181056417)
 (-0.99439906690458402,0.5798708111860128)
 (-0.16686303462228569,0.2817102215908846)
 (0.28520131238474139,-0.11786187952262583)
 (-0.68072980416989537,0.33604854280731311)
 (0.39867639046137576,-0.92376040780961599)
 (0.083082375906201822,-0.76034884347135068)
 (-0.97086826417874961,-0.30813455984643118)
 (0.99800151627209599,-0.66346652988145272)
 (-0.86135685972537013,1.0850498184130477)
 (0.39750949112744188,0.71370111664811309)
