# Created by Octave 8.4.0, Thu Dec 11 09:47:21 2025 IST <gamana@Samsung>
# name: rayl
# type: complex matrix
# rows: 1024
# columns: 1
 (0.88244836120941383,0.3811031173891834)
 (-0.080970983173499156,0.67500221161669005)
 (0.11731338892597254,-1.6221899784138969)
 (-0.42958435703118547,0.21461316456934088)
 (-1.0717416896114673,-0.35944773871232683)
 (-0.14850541282753116,-0.23843966234718644)
 (0.059950375611225293,1.0556033302434931)
 (0.14285388884750197,0.14612920490318862)
 (-0.24520078844895721,0.49678952691966483)
 (0.41966900129945695,-0.15201737306766436)
 (0.72059809679127729,-0.20717819385307451)
 (1.1642639445272225,-0.73711982465757586)
 (0.85564136096202725,1.1779092280353693)
 (0.57343375178137745,-0.40377785462169524)
 (-0.24543306594188025,0.55093715953062938)
 (0.046808744636049546,-0.2371411384510288)
 (-0.075095376255112312,-0.71100147026462091)
 (-0.5314188041390242,-0.22824720865553133)
 (-0.22110490917456188,-0.54767563092471772)
 (-0.62667248746352122,-0.22337419172647263)
 (-0.098584662021297814,-0.089225703243621585)
 (-0.055840403687306805,0.10726063164183869)
 (-0.22461249015325202,-0.46487120974387519)
 (1.459562245060074,-0.059686575478396731)
 (-0.63186031192018077,0.3376485911439786)
 (-0.04684282216668495,-0.46593432428710962)
 (-0.075836191022978089,0.4138066548064232)
 (-0.44990173133042471,0.6222327506088845)
 (-0.43279128958017671,1.1430515302440811)
 (-0.88261929895244862,0.0039402866563351124)
 (-0.040923896313579761,-0.43562497694307101)
 (-0.73407861786407169,1.4001487452217751)
 (0.65907495077278111,-0.14814641712635862)
 (0.91729899453653219,0.18223630509269989)
 (0.28427070010706973,-0.23897341914323209)
 (-0.56409834090315925,1.3706841704737538)
 (0.5365641449311328,0.8687718682892881)
 (-1.4827274507463803,-0.62242200333015785)
 (0.84940840980314003,0.23819658768448287)
 (0.30240531521024272,-2.1271757747343791)
 (0.1320013301621715,-0.44676910305616335)
 (-0.51269434673397085,-0.25406595374968133)
 (1.4541452036063949,-0.53190660912507792)
 (0.21586503270054144,-0.43094254979491564)
 (-0.17515419950704142,-0.52479561374728734)
 (0.14492203962631953,0.57998952818181404)
 (1.3759940078242701,0.074971002435175293)
 (1.9958875463043535,-0.15165198929269363)
 (0.40880522360300225,0.3811856888256176)
 (0.017419670830449374,1.5269430682435838)
 (0.19934872710730883,0.03710910235003495)
 (0.18013594878099118,0.17066162717953351)
 (1.0080323921336185,0.2650851042381871)
 (-0.34743733421445178,-0.24024597728769881)
 (0.60932576625731028,0.34440930724623586)
 (0.41825864918899103,-1.3316816984090207)
 (1.0142658877211912,0.24302502591670921)
 (0.14305282941711139,1.115567998222039)
 (0.083919772056717412,1.2440608114665279)
 (-0.76155553818678134,0.74996754570281476)
 (-0.25752789836597845,-0.14030224017169393)
 (0.45970234608715382,-0.22921029098730744)
 (-0.35221223690400311,0.16440560603131221)
 (0.18214809645904731,0.45286133303135245)
 (0.084216834626197334,-0.51076687597480996)
 (-0.037784167352748699,-0.83098611538731482)
 (-0.64588582212207657,-0.17381806439063083)
 (-0.014531583668789261,1.5778339621664714)
 (-0.49958282913668894,0.6848353079125532)
 (-1.5349070394169884,0.29643812555290627)
 (-1.3135186640517644,-0.052218792761344113)
 (1.2600466694885499,-0.084628221335708576)
 (-0.29865620689981476,0.074461197560042741)
 (0.16971044060745968,-0.16233253967368064)
 (-0.76504638653849732,-0.74844562984188046)
 (0.06684126825409159,-1.0254210487738311)
 (-0.82668865014378057,0.22001364211313168)
 (0.13391694819738273,-0.13508979570378624)
 (1.0544741969173959,0.19403403084784371)
 (-0.67159399114403884,0.44988623849918763)
 (0.32643921284595318,0.32445630825939137)
 (0.21468028228849423,-0.87745884269300067)
 (-0.8017098805172086,1.1686351497266965)
 (-1.6381749517570114,-0.31104141106597716)
 (-0.71565855438985393,0.85149310974095616)
 (-0.42703435871495299,0.023008611443482263)
 (-1.3373786820362215,-0.27232195414641158)
 (-0.62704110202844254,-0.026786748030077911)
 (-0.85437091680835053,-1.1115111841206935)
 (0.81967094570621235,0.29992999431205419)
 (-0.85412196456546952,-0.19899996447515844)
 (-0.26733261128432412,0.38027393377611612)
 (0.45400879212936152,0.55437246877335988)
 (-0.57372217627842237,-0.15751424331791364)
 (-0.58791624370841711,0.064294207216975707)
 (0.1174001063418115,0.42691989110116213)
 (-0.79358021560426306,0.40657140394602576)
 (-1.7172642598023899,0.47028308694483112)
 (0.060002130964174033,-0.34949733010548156)
 (-0.39144772341847445,-0.91494782107069172)
 (0.37331427702116854,0.42069565091532907)
 (0.2894877748403713,-0.81523499616828432)
 (-0.65684673363723023,-1.2467102541513553)
 (1.8491237721461293,-0.44556976796386349)
 (0.61093499277071983,0.14239613361719924)
 (-1.8304973852341073,-1.1798866024397003)
 (0.098529491554454729,-0.45162570351834946)
 (-0.85434910449030488,0.35260099566078584)
 (-0.04798064999488369,0.50081861862226962)
 (0.060873668371683287,-0.73790647613971472)
 (-0.29420614337498929,-1.8744021560285939)
 (0.97992153766327506,0.26547277798854418)
 (-0.0026640673518085745,1.6585875351383805)
 (-0.35810399689395922,-0.023294773429415688)
 (-1.2527539391105766,-0.16822660293172054)
 (0.035208106938006682,0.095174906050586899)
 (0.41677597762425445,0.24461592184991665)
 (-0.36363546582984807,-0.21824882694519335)
 (0.58222786370073365,0.025259788231142388)
 (0.57530528172848161,0.47945068937158491)
 (0.16594440181404882,-0.11668841550115995)
 (0.36509617947541939,-0.63629740284684921)
 (0.20718418303421526,0.53267068693355979)
 (1.0323809668263371,0.37852732824579544)
 (0.31862567391283625,-0.73548798193862586)
 (-0.043300428242231903,0.78499735338721865)
 (0.55537686841562639,-0.091331873680864872)
 (0.068850137219953284,-0.44160999663247791)
 (0.9853131169559789,0.48185031051035654)
 (-1.0328743323054135,-0.35547140440918867)
 (0.40015769745564045,0.73828079697975335)
 (-0.77648328403789879,0.0031758832139375248)
 (-0.46311966966942342,-0.32227492325097185)
 (0.13348265285322772,-0.27682666847193649)
 (-1.7533820378895895,-0.80339770605098737)
 (0.30724375789015251,0.38791481123929911)
 (0.087679352267539229,-0.34136991200332922)
 (0.75531715999127758,0.25769554459170618)
 (-0.20713003698405183,0.27113063129741971)
 (0.67896120944719185,-0.66573707388302761)
 (-0.52923192848606782,-0.11375809780567653)
 (-0.7310958771778473,0.37316023188062214)
 (-0.029741266814790723,0.37412798864005398)
 (-0.55150705563558655,-1.0735197421163074)
 (-1.0457849727701261,-0.070795211046762119)
 (0.17104676969752161,0.13259027964761674)
 (-0.49419017500488005,0.087145860515217222)
 (-0.61778163770308714,-0.29867890572494371)
 (0.47834843581844078,0.69954024699986828)
 (-0.24999949850550415,0.030222040377280573)
 (-0.30552462126119528,0.66578771509740975)
 (-1.1351503481363781,-0.32903369277372874)
 (0.96100943501387992,-0.35504395592321403)
 (-0.92243335378171509,0.42062618196233886)
 (0.47691452992267402,-0.055778115514989651)
 (0.34410967177374052,-0.65665150567162434)
 (0.94146730815778068,0.49620706016678234)
 (-0.14270515654862739,0.54774270401269121)
 (-0.14329089506256801,0.46121197161071792)
 (0.4189392369876932,0.8616931825549603)
 (0.21228633710858791,1.0514181822876409)
 (-0.40449035906004394,-0.12167995799044026)
 (-0.6505049100611906,-0.52134557655090452)
 (0.074200769605847205,1.3932170914961568)
 (0.8354066615801411,0.41863395637786616)
 (0.19930208323534451,0.094530063149711269)
 (0.76776097341612237,-1.2906602059753425)
 (0.6500422231813815,0.52891943640313943)
 (-1.0868123292457921,0.37852116869763613)
 (0.23723174738634545,-0.28138901409747785)
 (-0.44976796954109488,-0.27238200455687545)
 (-0.8043992646892919,-0.48488869881990593)
 (-0.7566861375725803,-0.2689169412820277)
 (0.07760965249361855,-0.26633288959344392)
 (0.040178020487684013,-0.51028710837393365)
 (0.042622679682708831,0.54367419476141299)
 (-1.0123673749360882,-0.49362143561642802)
 (-0.045105597204160006,-0.1115637766585361)
 (0.66132789731371266,0.28325752068734533)
