# Created by Octave 8.4.0, Thu Dec 11 09:47:21 2025 IST <gamana@Samsung>
# name: awgn20
# type: complex matrix
# rows: 1024
# columns: 1
 (0.68899095235060337,-0.60978126504192298)
 (-0.66960181662741591,0.73147160913584963)
 (0.79116071535898014,0.65954041282450282)
 (-0.83324337566389595,-0.81486349848648842)
 (0.67135772758395018,-0.75679002082707092)
 (0.68906908607341733,-0.78496118581258745)
 (0.93602814736526074,-0.61787816251358718)
 (-0.60127392405006952,0.61780093763312405)
 (0.65501471464364636,0.73906307264544513)
 (-0.66802598042680406,-0.71878179382984908)
 (-0.55547218973841672,-0.78321068515348613)
 (-0.69350837865309711,-0.74113427435360957)
 (-0.64457826634370685,0.78859980146473097)
 (-0.71616465677112773,0.68226376685773837)
 (-0.60236974245134334,-0.82585249825251017)
 (-0.60869531351501838,-0.66393408949631538)
 (-0.72938086419166837,0.76019689294005988)
 (-0.6793223132701246,0.77333242886616937)
 (-0.68366424609967913,-0.6350534345090284)
 (0.65787835826148344,-0.69508718143654979)
 (-0.6861969815405512,0.63359020915832798)
 (0.67304128510873207,-0.71208235734771463)
 (-0.70395407342527216,0.73563535169799854)
 (0.8044500457743875,-0.78297043706596259)
 (0.6681011420413252,0.69308274599817754)
 (0.64246521325132511,0.69764747398498927)
 (0.6636627753947768,-0.62585016324196463)
 (-0.64506201344187608,0.81396481678816701)
 (0.66078901718628191,-0.69315509568846856)
 (0.71048847445380292,-0.76427642106734772)
 (-0.63558780938134507,0.67472181009644649)
 (0.60237902319560566,0.75944323332661956)
 (0.60649372412246549,0.69230343138700612)
 (0.75391498464366336,0.60396272398580575)
 (0.68932771426836981,0.62852749238822936)
 (-0.69938710141389437,0.73524155567349447)
 (-0.68757170043515092,-0.72040046280408532)
 (0.60141941753990957,0.72449230090997896)
 (0.73046034398125237,-0.70116051909768307)
 (0.7376050830940587,-0.63666977016034887)
 (0.61615584777319565,-0.72789223520368262)
 (-0.78632035087540897,-0.70088249418720838)
 (0.67851331487824296,0.66827954447938942)
 (-0.56216802873428051,-0.66501783222528343)
 (-0.70164841745498652,0.74978213712378972)
 (-0.72373014756589416,-0.70327347442425292)
 (-0.72328331797757528,0.63256561088765162)
 (0.61498210124688157,-0.71371637121646869)
 (0.70649790029925097,-0.81184573689605277)
 (0.81140299757120216,-0.74678360013742828)
 (0.58858544460759377,0.5781027370673536)
 (0.7033942840397569,0.75712471167535567)
 (0.74211075299736262,0.81883720550595529)
 (0.60761912842117471,-0.62131406340323625)
 (0.723795146834598,-0.66336764135364468)
 (0.62238409034134812,0.74671960128470594)
 (0.62120183916668303,0.69928189496985171)
 (-0.69970229830794262,0.76566325290799464)
 (0.68782570934367182,-0.73149019149471428)
 (0.73678679541714942,-0.75928402820781093)
 (-0.77339491506979374,-0.61316354237967885)
 (-0.61958904736829279,0.72154802676985375)
 (0.84137463304487337,-0.7475700779882013)
 (-0.72329394716163586,0.6969382285888468)
 (0.7031746362413841,0.83863891914810618)
 (0.64212550386020795,-0.81751182921636101)
 (0.63923433501791382,-0.68500923184737639)
 (0.75830125863802755,-0.71513228986550992)
 (0.65678824460248064,0.69329923291160156)
 (0.6649299514361392,0.81868086904730519)
 (0.68184698767109775,-0.76982694726881629)
 (0.59648694632710364,-0.80726800571050439)
 (-0.73032936172650276,-0.74771869232680666)
 (0.6187678731720565,-0.73614464722266704)
 (-0.60341399396390094,0.77178575147185291)
 (0.57322043401676459,-0.68880078777308174)
 (-0.72362792083129357,-0.63629026422191992)
 (-0.69547619730193,-0.74221150885350073)
 (-0.77696859905585791,-0.61749535055216975)
 (-0.69931495090514839,-0.65247802422057266)
 (-0.77742350718592779,0.74556669451897373)
 (-0.51101032877081676,0.70829677692429049)
 (-0.73218912189669605,-0.67468646986875813)
 (-0.58239875699269894,0.75771538909452818)
 (0.74455943561052274,-0.54909897609625391)
 (-0.71741651289883246,-0.7557562449405627)
 (0.54801000750435958,-0.80251261452033629)
 (0.73589884426095875,-0.80237035774904997)
 (0.94530992239635858,0.73111713472352902)
 (0.66896975813853898,-0.68437386876562856)
 (-0.68098435316992822,-0.69574835514012467)
 (-0.60317401587456643,0.76289041042782235)
 (0.69573349582622535,0.62405790283340945)
 (0.57894332550979533,0.63321659035463407)
 (0.73980497288881675,0.6817952709748657)
 (0.78891234442360536,-0.65446216767985965)
 (0.75700134301670285,-0.74088047229095522)
 (-0.66900017517931454,0.67643149629543231)
 (-0.73113792889867901,0.69084710746260314)
 (-0.78919012626938789,0.69034263401039198)
 (-0.74813668708788383,0.78399739495692811)
 (-0.74769946365246143,0.69780453146827992)
 (0.70628825089334069,-0.79170145294621574)
 (-0.73765897372792333,-0.68369232818480041)
 (-0.74538943976663963,-0.67802499522044846)
 (0.5876729164383836,0.63997145475639194)
 (0.78445768554204287,-0.6024372642347442)
 (0.76165377259509304,0.7420473564527752)
 (0.75862819034117768,-0.81387661238409748)
 (0.65335266383874357,-0.78407312555859943)
 (-0.66482603124523754,0.78316766262753412)
 (0.73475933426413698,-0.66345437163549792)
 (0.68807929219689901,0.74031252340263265)
 (0.59093730090156682,0.75337681030949089)
 (-0.70054845862763204,0.75198184669162516)
 (-0.64995126001444614,-0.74511557517278915)
 (-0.840373157010885,-0.5842564578156203)
 (0.70976697172998371,-0.71352835451731478)
 (-0.68168568011015918,0.73354262632657563)
 (0.7947625693105167,-0.6491153516274405)
 (0.62565716303149421,0.68023931918303016)
 (-0.78541606438278322,-0.74790809446948225)
 (0.72096650205977508,-0.73311935040411114)
 (0.77827144554118421,0.66429595167456579)
 (0.67972491712169991,-0.57591435218035703)
 (0.74929058199019116,-0.82595333616819411)
 (0.7503476356306259,-0.76015353141595621)
 (0.69963231476442245,0.75220600876640831)
 (0.70388247669071857,-0.68042124669784398)
 (-0.76608474739790344,-0.71755471133744653)
 (0.67509162402392564,0.75135289795711058)
 (-0.78891700627152617,-0.74235239299927713)
 (0.73862084978680387,-0.60384888417974358)
 (0.72643170970202331,-0.5902665205430353)
 (0.6622095781403966,-0.77524180192672221)
 (0.74217161312759805,-0.65224920892869964)
 (-0.55128533489077314,0.58694836542746287)
 (-0.70938574652215369,0.68154482506289871)
 (-0.67299231198413356,0.64470276315455499)
 (0.75496525905489154,-0.73456610559444824)
 (0.78645378050193804,-0.74934985436540402)
 (-0.65491732710155104,-0.6323231242907873)
 (-0.75263306094587945,0.80066293623274842)
 (0.76343798829669163,0.75625232287897037)
 (-0.73700952018659915,-0.64312987700663893)
 (0.66358586705873801,0.77993643169824434)
 (0.56090334046109303,-0.6918394311048266)
 (-0.71359167217149255,0.73274369671402095)
 (-0.67306049861789374,-0.65856698881851905)
 (-0.73675150560292846,-0.71345864825785865)
 (-0.75563335682980748,0.70479457625582842)
 (0.71354225587165243,-0.69503728179046176)
 (0.7538271643909451,-0.70428126819353465)
 (-0.60121522809686689,-0.7065196503677923)
 (0.67777350896124777,0.81324451115314045)
 (-0.64057208764033868,-0.71871957754534443)
 (-0.80821478676138669,0.61018030493308006)
 (-0.67757983245737574,0.67105233387608354)
 (-0.72371078352463714,0.60255466391710855)
 (0.6015912648978945,-0.74514952711193783)
 (-0.74515416907046927,-0.68265221481791505)
 (-0.75887515630098301,0.59304187698616684)
 (0.67942995411392149,0.53441732064911507)
 (-0.7386438188679777,-0.75309827379102001)
 (0.78366748875856163,-0.70104092401809281)
 (-0.68297484088164528,0.66982089883747775)
 (-0.79780182507410424,-0.64470570444279796)
 (0.7756262042308798,-0.62332617139182045)
 (-0.66628878097227684,0.61176407286311385)
 (0.81655254856575954,0.5730169635418596)
 (0.69510399123482425,-0.76731167066894557)
 (-0.67632150768909693,0.71158849240927446)
 (0.86078498928041836,0.66922128295892502)
 (-0.70082710773225643,0.54183688318233147)
 (-0.71358739246717939,-0.64855017184694652)
 (-0.693872037400592,0.6960752558357719)
 (-0.7240865600051285,0.74497037995337445)
 (0.78750727989994496,-0.70314578690194263)
 (-0.81146028815196392,0.65087808477534315)
