# Created by Octave 8.4.0, Thu Dec 11 09:47:21 2025 IST <gamana@Samsung>
# name: awgn20
# type: complex matrix
# rows: 1024
# columns: 1
 (0.6817301878868679,0.68828075026705871)
 (-0.74204821242894503,-0.59751480990129591)
 (0.68827955069573921,-0.79613204277940541)
 (0.74919007189386977,-0.61127119168081645)
 (-0.66495918261100351,0.57372150662090693)
 (-0.75892248231127712,0.69580671844811837)
 (-0.57580615970128135,-0.62803667237117466)
 (0.73687148013574744,-0.75250115977383503)
 (-0.58413394512198036,0.74254249923908244)
 (-0.7411360322946785,0.77645550665621055)
 (-0.60962990691188912,-0.8364899557625648)
 (-0.68529601882375069,-0.70521039742490821)
 (0.56000941201564958,0.7285140818309509)
 (-0.71373201642096884,-0.64575999009919816)
 (-0.83554405914458285,-0.81130094753946247)
 (0.77059319127291437,-0.59918294760116164)
 (0.6389328667546128,0.65319777922746558)
 (-0.7025093899474194,0.73296154950630255)
 (-0.78227017415041733,-0.74647477619393399)
 (0.80741013603991374,-0.66768347252689397)
 (-0.68523745252427282,-0.89220493323480732)
 (0.6556506950364227,0.71130029371091397)
 (-0.69034999863541158,0.69684078228941826)
 (-0.67618076309344666,-0.73595070337902657)
 (0.72790540210372745,-0.62763840201034338)
 (0.7630149954053137,-0.79223566025080938)
 (-0.66672655567342187,0.6276902581349646)
 (0.72381492009914572,-0.55316911843579886)
 (-0.59889322453386984,0.80482284838447804)
 (0.55423523425965637,-0.75683084677877654)
 (0.72654299717046744,-0.71946898340468002)
 (-0.66058750683073619,0.72633801912011109)
 (0.66414946710347567,0.68538082296432179)
 (-0.70070802106269225,-0.70394354656103153)
 (0.70415949977132164,0.69025487774984884)
 (-0.80887634533524544,0.6636621324339077)
 (-0.83546863696348517,0.67266684292725032)
 (0.75885077020749736,0.62295738587169935)
 (-0.7265805682762394,-0.77837669042848456)
 (0.77017474330054359,0.74291874716919215)
 (-0.67624076513408826,0.690621374951505)
 (-0.74673761418762574,0.62013018429246503)
 (-0.71276701536553211,0.67035539846688719)
 (0.7529194631723759,-0.78166618821330924)
 (-0.81994482446675476,-0.7793019855563742)
 (-0.68081372699839127,-0.80216378746887895)
 (-0.726871663369967,0.6806788575338899)
 (0.78297250490051795,-0.74032614925370577)
 (0.70387521668754649,0.64363637527872608)
 (0.80588246210667336,-0.78408709852671044)
 (-0.84196325540979011,-0.74660830517611276)
 (-0.57768735795698678,0.5620395566082691)
 (0.69921678444132307,0.79438787665442767)
 (-0.61445809906144011,0.80888537192940857)
 (0.77432371007301937,-0.60241986062086761)
 (-0.60728852534533673,0.70762618528427756)
 (0.77234323376018921,0.61229840847514316)
 (0.71477046839546388,-0.60426127681828601)
 (-0.73308428321629404,0.77644356544219506)
 (0.80940397518925433,0.71020979356633995)
 (-0.73367182052619362,-0.76046209443928203)
 (-0.71198775303141459,0.63170946143062312)
 (-0.60157009819615104,-0.65450519907646632)
 (0.60304906249409629,-0.70804346214481761)
 (0.70026628691420412,-0.66930968399713864)
 (0.75946238335455452,-0.74216379854684178)
 (-0.67772502308992,-0.78648234424514374)
 (0.75951702686885147,0.75897769389532244)
 (0.68569970860917306,0.56599635244743174)
 (0.73851913708830352,0.75245258390421232)
 (-0.79481435771017406,-0.69647632828502515)
 (-0.64754720958381851,-0.76778429304687668)
 (-0.78436685287394892,-0.67345297374013069)
 (-0.73996192731589838,0.77066457259448296)
 (0.71602222259243253,-0.72765717445975775)
 (-0.64282026422294447,-0.71171915163709953)
 (-0.72192898281909024,0.71996024854862894)
 (-0.70029783634898812,-0.63524703811663108)
 (0.70559070547632019,0.67118973404222304)
 (-0.63262730904314834,-0.61205477361572669)
 (0.74848434749090575,0.6842822016580834)
 (-0.73242196747259181,0.63765227595807439)
 (-0.73262130057192965,0.74824241815527326)
 (0.59984425793435725,0.73283093227980989)
 (-0.65211348364280308,-0.69487641055645777)
 (-0.71638991155622578,-0.68561783490437622)
 (0.70959721220663652,0.66390256234181277)
 (-0.66488141162542991,0.67760841276042427)
 (0.77171958487727943,0.82116939946807133)
 (-0.79959426780062126,-0.91627442080514843)
 (-0.67009017349138533,0.86553521242201936)
 (0.66254583657107635,-0.66919838996530112)
 (0.65509014348094596,0.68808214996643358)
 (0.74990384877371008,-0.82344818706136658)
 (-0.79602168769716131,0.53233947671838944)
 (0.68342179623704713,-0.76568004951260082)
 (0.62250486140425354,0.71267303338153576)
 (0.6654077679969439,0.70451584458612049)
 (0.72687489644445891,-0.96708883366170928)
 (-0.65599553110348485,0.66455191133514635)
 (0.81803657117126527,-0.74551797998117242)
 (-0.71870657794278536,-0.78069401117917459)
 (-0.66689340618052506,0.80418605508223828)
 (-0.75980133303576025,0.60797043674356099)
 (-0.81823910107489206,0.69070202873510411)
 (-0.66249947852647828,-0.61419066915179443)
 (-0.79910230161186124,0.90827660738498461)
 (0.7091952599138126,0.68233813554282186)
 (0.79139144842598441,-0.81985209090525324)
 (0.70205334746530401,0.71355447117648596)
 (-0.70360345881922648,0.72219615566383877)
 (0.77412772881478442,0.7996203540899951)
 (0.70071373106865409,-0.70539319534106437)
 (-0.65765005823388312,-0.77600537804259395)
 (-0.80002188213485337,-0.65827750492361758)
 (-0.65336239403908158,0.7109720569932142)
 (-0.69957855588494089,-0.62982914106192156)
 (-0.60669171796843946,0.53263993304557444)
 (-0.49168865703660519,0.60304909619892111)
 (-0.76225634964192113,0.67647442483275244)
 (-0.67165875560731136,0.82194336389576761)
 (0.67381993903881865,0.67538292866130234)
 (-0.65815867397103089,0.76661558016112163)
 (-0.52752141944130415,0.65823749824269562)
 (0.78409501991298036,0.57630543048964644)
 (0.72228597814040219,0.71451137753962035)
 (0.82476341711709411,-0.77164466594632963)
 (-0.57249467340022375,-0.7247920641469755)
 (0.72120334995125579,0.75758754839207954)
 (-0.79597287638513126,0.72092481529092689)
 (0.86941256150041435,-0.83575864918918996)
 (0.77795647064170725,-0.63358855851935625)
 (-0.80584816948928606,-0.66724663543368734)
 (0.77921094918489597,0.7530657427240155)
 (0.71975902678100034,0.67215261884331423)
 (-0.65255669079463885,-0.73049664835386829)
 (0.77865185460181507,-0.66807334741299906)
 (0.73692791553422388,0.74250686305786162)
 (-0.75734792283164942,0.7988310216103055)
 (-0.82293539923285686,-0.81773331065996691)
 (0.77381904033725457,0.7999811735010196)
 (0.67724698627761626,0.71949544147682998)
 (-0.72791088830121298,-0.58152212732214081)
 (-0.66164923954679922,-0.66030198297789378)
 (-0.79960704166878394,-0.71359383968691981)
 (0.65719598963231185,0.59567700939412138)
 (0.66595506469849752,0.69123486782535248)
 (-0.60473061132941153,-0.84082112817612897)
 (-0.71293881554486982,-0.78082938079300002)
 (0.81515289352459364,0.56735059922989228)
 (-0.70730684935815624,0.84311409047256758)
 (-0.67540885050483757,-0.67713142435720119)
 (-0.56741571606321994,-0.62592972242777001)
 (0.72870732379928682,0.68444654363747248)
 (0.73343546713855146,-0.92279959656174726)
 (0.60309080425083728,-0.65927811950260051)
 (0.70535458488911884,0.6202337081063557)
 (0.73566771300043554,-0.72331774295244011)
 (0.62088962605147557,0.72118125002992095)
 (-0.69439261501587257,0.63433463859892614)
 (-0.63414826919571499,-0.63763455411013092)
 (-0.69485663086260252,-0.77913164335488083)
 (-0.60745948990448384,0.71151504000300747)
 (0.72924208053509132,-0.68425588629965695)
 (0.79776867635719895,0.63422897506471232)
 (-0.71309400707556359,0.8205805961560394)
 (-0.64285190920843183,0.86432797517770377)
 (0.82461495529786744,-0.64668765681749552)
 (0.59333955524309112,-0.6452525119557474)
 (-0.57823712321253673,0.78100206273327166)
 (-0.75360278170124539,-0.71385664420699202)
 (0.58145914881789784,-0.79208708720891008)
 (-0.77858515574652654,0.63498160734553943)
 (0.80413620771162087,0.84412735897597946)
 (-0.76925647042289624,-0.67276438815016637)
 (0.61796422982558719,-0.65610748713831235)
 (-0.62964031565833722,-0.79048896113448519)
 (0.62823583933145866,-0.75283572424487066)
 (0.53147454253165738,-0.62798017457487676)
