# Created by Octave 8.4.0, Thu Dec 11 09:47:21 2025 IST <gamana@Samsung>
# name: rayl
# type: complex matrix
# rows: 1024
# columns: 1
 (-1.1997002724988008,0.69573002138256301)
 (-0.95145684939474806,0.052225386205548285)
 (0.30914581813206499,0.44521242373198655)
 (0.060005137966764988,-1.1780323239430042)
 (-0.53648500937125088,-1.7072994882887227)
 (0.20229340545004687,0.095937976739699615)
 (-0.034794233956615142,0.039469948254152842)
 (-0.75437441293194196,0.197276037356377)
 (0.71157125078049666,-0.68749148966284424)
 (-0.57947691747620544,-0.36494025971882699)
 (-0.53298266714734677,0.27151296359131472)
 (-0.093777402642564289,-1.4105981450737639)
 (-0.74937131919923572,-0.53398656944796818)
 (-2.0339348905856918,-0.6249169212767719)
 (0.15915682674885029,0.81857749104182753)
 (0.79796351350071282,0.080675001830315451)
 (0.22005833355854018,-0.52233911082991369)
 (-0.45620390144435835,0.47824837326773667)
 (0.57860149389800952,-0.29860512068912165)
 (-0.11808359368479347,0.081780061621887376)
 (0.11443723173545359,-0.31847121284437707)
 (1.2725010361313325,-0.35270552368407676)
 (-1.372548417480012,-0.42276158041707901)
 (0.4648027609061175,-0.60107531294981775)
 (0.12120440459515486,0.6180189291293916)
 (-0.82474659247459714,-0.02413394680414388)
 (-0.32966684393264012,-0.12100234776473386)
 (0.32831128888307781,0.70217234809720697)
 (-0.37936322261641758,-0.28029398091718255)
 (-0.48468337044937099,-0.039315095395921984)
 (-1.6602487612884596,-0.74334058176612938)
 (0.17202242983272528,0.65044477168409176)
 (1.0145635401496442,1.0196095774976393)
 (1.0675756756416004,0.87119013411012047)
 (-0.74867148696528685,-0.28478272965087426)
 (-0.65496997673924418,-0.27011262864459662)
 (-0.068784215459531201,-0.22743142791060414)
 (-0.30569557192757557,0.1054467449035987)
 (0.14658960572137314,-2.1220226975605323)
 (-0.15326504999281076,-0.84108622487608853)
 (0.34585642306115372,-0.029844913365011411)
 (0.06792360161369615,0.31195453403435552)
 (1.0732399154239438,-0.5261749218771985)
 (-0.28721798043227942,-0.11753440917282654)
 (0.37973351081830098,1.0640669192277148)
 (0.83233884921060564,-0.40732197708202555)
 (0.27513764895918935,0.61673464085675656)
 (-0.65156368779484541,-1.1772092024508427)
 (0.94163754878971484,-0.15380604187514985)
 (-0.90905536763570571,-0.87273641917041955)
 (0.39957486726233549,1.1439430405876592)
 (0.027482667091367041,-0.58066201473188517)
 (0.4904109293591139,0.27833236915808202)
 (0.28962547324795973,-0.3369582181763322)
 (0.58091085001377452,-1.1050932374848195)
 (-0.67375596761577239,-0.79450896169560525)
 (0.93389492366882454,0.15968703804398771)
 (-0.10461806431217135,0.36368110909844664)
 (0.51320355014906194,-0.18153407772605507)
 (0.26909600077168533,0.23772390890570097)
 (-0.48815281422931983,0.30889320080877741)
 (0.1496799782380045,0.76576900681005333)
 (-0.67336553117268094,1.0681244810303514)
 (0.54255766526264004,0.63057812291198556)
 (0.44395423890692415,0.77279758896485062)
 (-0.62544245700234546,-0.92561118397201436)
 (0.23063143615877224,-1.121163722895399)
 (-0.0055487707362068747,-0.096826762462407234)
 (0.3673477028136215,-0.027305715752527021)
 (1.7530127256516994,-1.1984099498594614)
 (0.16069918876200262,1.4803223048355203)
 (-1.3224055171597007,0.57048920321352037)
 (-0.74858629287572254,0.17622054472334558)
 (-0.74502564996770904,-1.2120203934314082)
 (-1.3132918884901001,-0.45301649756835005)
 (1.1458807764138621,0.036296115144628271)
 (0.91743221499691818,0.73715721905711484)
 (0.43296369830612891,1.097612151546133)
 (0.065184989977692342,-0.6648311944692753)
 (-0.50756998008235887,0.71354727987373334)
 (-0.28060868693180008,0.030495756593617335)
 (0.034197710231590295,-0.98323321916775508)
 (1.4092737762384937,0.043820989838792124)
 (-0.37067023438708085,0.24841104017424503)
 (0.80000288428201727,0.61951670833522177)
 (0.21549055024685182,0.10722784796432867)
 (-0.64716094045759531,-1.0884867918697754)
 (1.1083656306405456,-0.86186509720836335)
 (-0.47967089075213487,0.91373560276394283)
 (-0.80033939789053288,-0.77089515354583105)
 (0.50117756256317991,0.65906420373869257)
 (-1.1830233707631612,0.32230869715178362)
 (0.22024462615963369,-0.52341668816740283)
 (0.83464092606341334,-1.0680268692613315)
 (0.38084464562969406,-0.55282810641702451)
 (-1.5418010557608437,-0.027287285668667893)
 (0.8610254493531021,0.90631265868793009)
 (-1.563831213326319,1.0631658634639904)
 (-1.1022999636324871,-0.45985102890092999)
 (0.49711828904646693,-0.23191848912244961)
 (-0.43499418386741573,0.19138621456903729)
 (-1.0818938901260835,0.10321245068694024)
 (0.33270415031258993,1.5127625392310438)
 (0.14610286215957219,0.72200267747657998)
 (0.037224966314890473,-0.18957851360067385)
 (-0.52092774732734082,-0.89109058237710825)
 (-0.97583600745662702,0.50133693138621616)
 (0.14926664645176579,-0.15970009762336684)
 (1.0329682046621969,-0.1550282736401144)
 (0.5818048593337275,-0.84846528510828922)
 (-0.97049793292502673,0.22532716877161052)
 (-1.0770920053579822,1.4533997781312895)
 (0.089727292400231834,-0.39909436851820157)
 (-0.51516083430047177,-0.76076499792051389)
 (1.0409563864995957,0.076784014453372906)
 (-0.59811897910455913,-0.26623144118295328)
 (0.94179455711068083,0.031354420364218871)
 (-0.98593566425120382,0.11950549058380466)
 (0.59789242958427447,1.0223530875547113)
 (0.16982257071565826,0.77247140492039756)
 (1.1114086461987016,-0.016774073330509065)
 (-0.17876786538443459,-0.43561565394143065)
 (0.95259044621789823,-0.61385553188091269)
 (-0.16343564501953028,0.61197304979806844)
 (0.4567472134413445,0.71931811628910591)
 (-0.028218768414733919,0.83405570855088018)
 (-1.0202719311015911,-0.53507275039568702)
 (-0.21862148928272696,0.0025129183261446281)
 (-0.19732605953861382,-0.96621639111739033)
 (0.54218280659250317,0.38821314282605568)
 (-0.6083899733163205,0.68551124393294693)
 (-0.025012064648513521,0.77794332364201235)
 (0.17346100658622071,-0.85732754140939216)
 (-0.090953766055707763,0.11762286809359798)
 (1.1954089762597022,-0.28662137615852007)
 (-0.19399783419419686,-0.41770045415815943)
 (0.85083620532245607,0.34322592771537774)
 (0.069349326183681184,-0.31738334384156269)
 (0.42026201596081275,-0.30869124204848825)
 (1.2420035308341606,-0.12289104218562685)
 (0.31194681601600727,1.0343398567109958)
 (-0.16592118386941673,1.1356342846626104)
 (-0.37002530154743363,0.68098118715619493)
 (0.2014039207378911,-0.24360812370038271)
 (-0.57822797637642553,0.22552888823725253)
 (-0.048852804900171021,0.79289617186904016)
 (-0.26919590252820302,0.098184494969316222)
 (-1.0130171255277443,0.79860172974830879)
 (-0.49152321563611623,-0.051710269611915716)
 (-0.33816349619614638,0.2749406893943962)
 (-0.24816247029888691,0.34589248091738811)
 (-0.40832050148158139,-0.38785872118632259)
 (-0.37310169700642681,-1.269226175297955)
 (-0.91449382148574254,0.17123106451483872)
 (-1.0073793940595035,-0.39640976773995656)
 (-0.42697301247439945,-0.157484691267368)
 (-0.319044385116103,-0.11621330225187436)
 (1.7622894764009638,0.26718320521177774)
 (-0.41633594702266435,-0.096697265933945398)
 (0.060012945122166081,-0.27210782732392536)
 (-0.45015818725544315,0.51259392889350186)
 (0.91712246465570679,-0.052177444407111195)
 (-0.07870868819353477,-0.19468127384311501)
 (0.065670421986356586,-0.29742360350907487)
 (-0.53097351226716771,0.78212450143878076)
 (-0.21980226495940461,-0.62615704262123284)
 (-0.3298772267703875,0.86652940719911653)
 (-0.59432784187051768,0.12516311218199702)
 (0.65599369147712372,-0.46943035210465645)
 (-0.60145679468322177,0.54419782647822312)
 (1.0116745893409891,-0.36242742603226852)
 (0.64968649385527955,-0.97455993320103751)
 (0.62855015577387841,0.032286753725483452)
 (-0.635102991225725,-0.56182545628475478)
 (0.1286913064819897,0.35479489381833984)
 (-0.59174318427577222,0.11652620789865351)
 (1.0675113486292045,1.0660683663496793)
 (1.1196295430892906,-1.6467463264959314)
 (-1.2947511346771972,-0.0058878497185108625)
