# Created by Octave 8.4.0, Thu Dec 11 09:47:21 2025 IST <gamana@Samsung>
# name: awgn20
# type: complex matrix
# rows: 1024
# columns: 1
 (0.7582449278335901,-0.7792776919644816)
 (0.66283338609820475,-0.72098486645140936)
 (0.7497156797303639,0.75413930453676914)
 (0.58388317218819241,0.72476610018761534)
 (0.78490843353179274,0.59482539527090561)
 (0.76414852537836009,-0.72237052756721121)
 (-0.56987304128697602,-0.68684178423189679)
 (-0.7855664497424647,-0.65809926200091706)
 (0.62297259108322123,-0.71628979660801007)
 (-0.71754465466118933,-0.65265588432055843)
 (-0.67092102423073485,0.75143292852538401)
 (-0.82729294938121278,0.66911198634331592)
 (-0.58739523887821377,0.66784400091423135)
 (0.70269134436401437,-0.66423671186358801)
 (0.64967299633112441,-0.65371803980641574)
 (-0.92679065226099944,0.72123638705079796)
 (-0.52334072740161719,0.75986810399040638)
 (0.65975552734204235,-0.56769946727626319)
 (0.72761288789889444,-0.73084344167949244)
 (0.63532202817568517,0.71999678499665032)
 (0.78154444547310953,0.76145499640741521)
 (0.78252505318538756,0.81860733437530886)
 (0.76994571673825596,-0.747587873637508)
 (-0.78333559966942556,0.77653974569634809)
 (-0.72497391693464863,0.7364396648310938)
 (-0.58478003379786825,0.77523649556400276)
 (-0.76636417020479553,0.58134793993456746)
 (0.6783063032111829,0.73062185627509146)
 (-0.71990910427423882,-0.68161463427256963)
 (-0.84873863277799577,-0.77031690475189507)
 (0.70296906587378483,0.75630775276901319)
 (0.69303872936018618,-0.68033522893500242)
 (0.63434119238451103,0.68039963622311017)
 (-0.70087455349731953,-0.71139989861591357)
 (-0.75172334415120623,0.61090920250574576)
 (-0.73409958182531054,-0.71898427673072529)
 (0.68340394295569695,0.75622260767775185)
 (0.68135414038866893,0.73865146108848911)
 (0.61316337707020652,0.60452224060285764)
 (-0.70818207883595863,0.69778324917083667)
 (0.69070786982272581,-0.67324628751739257)
 (0.57071198288759106,-0.73111219549601891)
 (0.71864446486429123,0.77044165524779518)
 (-0.76419622062697756,-0.77590826249973732)
 (-0.67738930253488971,0.78856051164080354)
 (-0.64481662928138017,0.66053580609014328)
 (0.70105639598823744,-0.66552924159250626)
 (-0.68234179893818026,-0.72530089833606137)
 (0.7155769162785216,-0.63621906287928875)
 (0.7081471134907309,0.72876854710380123)
 (-0.63047479329262945,0.64895289549250368)
 (0.64907732526578399,0.65186295876755107)
 (-0.56223596290263711,-0.71936249636667216)
 (0.80230842053945051,-0.68132794782962047)
 (-0.70336445962225524,0.76881838684044324)
 (0.64828625721753574,-0.71271167147786163)
 (-0.56466338652572357,-0.6910067847829493)
 (-0.71902821049041188,0.75517808275480669)
 (-0.66587260078176191,0.6857459846015157)
 (0.62823667395951699,0.71186580339930017)
 (0.7414277045044021,0.74607735723444157)
 (-0.62640665964768316,0.73567101678200175)
 (-0.84854842153344012,-0.55725994649023347)
 (0.56898887246431962,-0.74435418780562301)
 (0.68916391209626227,-0.68288967553372726)
 (0.60941912999044745,-0.65776131943258676)
 (0.80412495908408732,-0.75815230629995534)
 (0.70811017305168855,0.73731023240793447)
 (-0.63576439739431623,-0.67215266151410735)
 (-0.59803505639030563,0.6766088833792423)
 (-0.76509522865810309,0.61738921036780969)
 (0.66621833562935195,-0.70896562021776399)
 (0.61607432223635961,0.66906862571031889)
 (0.6714517947240759,0.61586988112291818)
 (0.64781760832541146,0.70650250007697746)
 (0.6616486324769798,0.66054719135348083)
 (-0.6679408350553474,-0.69227214601319287)
 (0.82064749985486118,0.6777946186793945)
 (0.70282725100041532,-0.71884311134415246)
 (-0.6681043781471272,0.82857350096805615)
 (0.79591264955447305,0.54933959152136769)
 (-0.77233972516125171,0.59888083231049771)
 (0.69874812104848916,-0.69184896572296595)
 (0.56716360156075274,-0.76053490864624529)
 (0.59431211778882509,-0.7177699124245982)
 (-0.70588927035329496,-0.56891504982216112)
 (-0.71516792360122383,0.6498349723074015)
 (-0.77869915196149664,-0.59109437542215981)
 (0.68076063482985871,-0.75027714343707064)
 (0.73312049735068385,0.71369611496678254)
 (0.76183026134149379,-0.77156147895079519)
 (-0.79380027312405899,-0.72453080515231238)
 (-0.73078056305688477,-0.63591689173434318)
 (0.72665163573080849,0.79177405142515223)
 (-0.60143915945705906,-0.64769324927965988)
 (-0.69787881707849453,0.68061589760899799)
 (-0.76742543352342762,0.74733487622125561)
 (-0.76657259105685782,0.80912630375234329)
 (-0.66467038102612441,-0.79678020446043929)
 (-0.74433505401742861,-0.60874255094109508)
 (-0.71320930570376051,0.71105997677669397)
 (-0.59261593361287501,0.69982412568911367)
 (-0.62472302859879891,-0.65909568629735737)
 (-0.66632508974578231,0.64084518382911926)
 (0.77081871359738841,0.64167593959132074)
 (0.68607380434598886,0.67503317565079846)
 (0.85882556828412637,0.6873999694582984)
 (-0.75885741695960152,0.70211634485694874)
 (-0.78568530745729148,-0.59293686757639841)
 (0.68356908787275139,-0.87444501011967024)
 (0.68386383020194086,0.73099427435971531)
 (0.60938786028578307,0.70591988967635988)
 (0.63332578316856791,0.67959464326304309)
 (0.79097620501892352,0.7687208638558749)
 (0.73422182541617065,-0.79323988237356158)
 (0.70083396238358076,-0.59609362311053637)
 (0.74841507390268791,0.76784036066663952)
 (0.75687847880619818,-0.67916280077426916)
 (-0.75815878821758642,0.74493333367207948)
 (-0.72443806672005695,-0.69165042912209929)
 (-0.60494500923878414,0.72486100089622207)
 (0.71364161018798034,0.77878462272781745)
 (0.68879407127217518,0.53203111597186337)
 (0.69812946415604116,-0.65261350474737934)
 (0.71559636084918254,0.6549698648229656)
 (-0.7165990137255458,0.67562699404301252)
 (0.72379900327471602,-0.75400861957066379)
 (-0.73459653337708652,0.61057544672865516)
 (0.72997203202708316,0.69129566428010503)
 (0.69225074485711691,-0.80208229893355099)
 (-0.7785400184841379,-0.79644294269949423)
 (0.63405358899641318,-0.68058690079280326)
 (-0.65291505407808259,0.76171550747961037)
 (-0.59909616391941567,-0.61177246487164272)
 (0.75251891213729349,0.66451478221431692)
 (-0.61398057356525193,-0.66531210533603558)
 (-0.65956450986620019,-0.76197800526705806)
 (0.77669133527734113,-0.80383220094794494)
 (-0.60290360504856366,0.72392444064424044)
 (-0.76650842928821838,-0.86318240604741958)
 (-0.69909885797330962,0.71757486521713254)
 (-0.67555527206887822,-0.6504203469102765)
 (0.75162115012508379,0.66979359675610251)
 (-0.63389774517978192,-0.57951380472766822)
 (-0.63959221729295312,-0.6982672457584953)
 (0.66385498048785929,0.84364307823355145)
 (-0.73369815594426024,-0.71198006118963952)
 (0.66803702880507543,-0.71986603627748702)
 (-0.65166002580482674,-0.68351074632410924)
 (-0.64269782910004691,0.66827172858990835)
 (0.60673060095050158,-0.80168495694068564)
 (-0.75658613802635732,0.73748776699261853)
 (-0.72391376179692735,-0.70082722834133493)
 (0.79596640643645944,-0.79716938278275817)
 (-0.69095845927567223,0.66312358979515107)
 (0.74872922060248359,-0.61403657186446559)
 (0.73403717022600301,0.69191884745907684)
 (-0.68551639405764697,-0.72685896156873631)
 (0.87544799219383729,0.56665367904462938)
 (-0.82460010925062555,0.79434177448246379)
 (-0.61354323985254877,-0.63434935539143389)
 (-0.81967781404733642,0.63412071535310544)
 (-0.79501081324722633,0.71384717361530325)
 (0.775137508251449,0.64069573990296447)
 (0.65923371136044651,-0.6940561254518669)
 (0.65986707823090485,0.79021495213850379)
 (-0.77278218191471681,-0.70779702273847922)
 (0.74511156763657616,-0.70901031160109507)
 (0.79582461579920394,-0.70524220662732118)
 (0.68624847049227899,0.81788065553920153)
 (-0.67110333797553834,-0.64953529052741754)
 (-0.90639987922170007,0.59349268254083098)
 (-0.68964223717461959,0.68574095991680661)
 (-0.67083584924434525,0.76186439181284804)
 (-0.77708409422750568,0.73452203936361349)
 (0.72321238165057566,0.69488245643741919)
 (-0.73927965508986082,-0.62462955105827245)
 (0.7178048715058879,-0.53769136161409448)
 (0.66982398097686846,0.74934248525692237)
