# Created by Octave 8.4.0, Thu Dec 11 09:47:21 2025 IST <gamana@Samsung>
# name: rayl
# type: complex matrix
# rows: 1024
# columns: 1
 (-0.21829038642218282,-0.39074645866334212)
 (-0.71197464498386864,0.45366892256224828)
 (-0.56251686752004293,0.16786441118143772)
 (-1.3138462627361938,0.12639417667636543)
 (0.94021627130379226,1.2579022357462368)
 (0.72780672504237753,0.53201333692406128)
 (-0.78752218958173847,-0.29418369120733934)
 (0.0044276841540019096,0.79728173206094399)
 (-0.46616994937222489,-0.027164188269707568)
 (-0.14529726551047517,0.20153205557030102)
 (-0.71812341400501556,-0.70626302673587038)
 (0.13717776489676195,0.15480469687023587)
 (0.79245531778555223,-0.40416044129134349)
 (0.073445653618980117,0.43816398956971148)
 (0.63422419947378417,0.37600383932231807)
 (-0.70163002604043911,0.038927258896563399)
 (0.45442533459142681,0.31315546024867907)
 (-0.76981660500968352,0.35609017235205997)
 (0.61830444191707756,0.73641742665282361)
 (-1.556118668296707,-1.649249299430577)
 (0.32244040688055819,-0.053820348746363045)
 (0.9589807412908653,0.27093730271321803)
 (-0.55469812487195191,0.86441781904396164)
 (-0.14369305739879568,-1.1695911506530878)
 (0.1801480731079439,-0.47360348414479325)
 (-0.18526262327156726,-0.66268257563397237)
 (0.84272555205033706,-0.92217434868485382)
 (0.77394878098645725,-0.46767564813317175)
 (-0.40305938911630507,1.0586333765601517)
 (-0.75826994754495525,-0.4444151932377578)
 (-0.272337330517745,-0.46294002334601636)
 (-0.13034870638393348,-0.22952593169497587)
 (0.91334718085523259,-1.2040633668205003)
 (-1.1989891422788754,-1.0670657504272403)
 (-0.42766589257489968,0.55371215721699707)
 (0.60032149758716191,-0.36416952056143737)
 (-0.83899145939003339,0.94422730887294204)
 (0.78610437384930365,0.64343957102410809)
 (-0.1959683743761739,-0.070620694285353752)
 (-1.1018330726951024,0.29457198780449328)
 (0.14480514742604619,0.4087130836954298)
 (2.1304772122788429,0.70649251180336725)
 (-0.082288926693337539,0.74675058957635354)
 (0.47347300787383167,-0.79706391642724506)
 (-0.43418257167248275,-1.3074768113472348)
 (-0.15990931718564724,-0.65355488528019035)
 (-0.14149934832391431,1.4889102349680545)
 (-0.27032137154936031,0.94446447762616292)
 (-0.55486760768760857,0.33819037874364427)
 (0.4092186591061861,-0.36589438100762545)
 (-0.43250216864909108,-0.19590770049874009)
 (0.63785194701375392,0.5040225643541999)
 (-0.89649743578299934,0.91155151094612652)
 (0.016586870528586539,-0.96898211588525274)
 (-0.00045670646737952514,-0.28949079385972187)
 (0.034591319690626905,0.023678351452968698)
 (-0.38609407294651843,0.75410767171175574)
 (0.42813364685799576,-0.18939419892400872)
 (-1.3599946208339593,0.74673520443852759)
 (-0.30711695009074008,0.27297053401228794)
 (0.28749174917519721,-0.51351752504232118)
 (0.90308272042590887,0.12204166368106972)
 (-0.68137975632200765,-0.11843779799597687)
 (1.3041343547728661,-0.38037530580145695)
 (0.56259654931656089,-0.22128660293627153)
 (-1.6814269671057018,-0.22440866788392611)
 (-0.18905075151828499,1.4899624340674338)
 (0.48642801220819432,-0.54965505109343482)
 (-0.45418252268122133,0.61820705315756053)
 (-0.49201241617652181,-0.34999814304904342)
 (0.63991266226148991,0.33034184068422673)
 (0.30449381433530176,0.16555777220055895)
 (-0.44073917404193241,0.15476269137217888)
 (-0.29199000122004415,1.4805332048306656)
 (-1.2596114321458955,-1.0903020381684199)
 (0.050529216296553214,-0.58216310820602568)
 (-1.0458882119115418,-0.17222310775504152)
 (0.11522434453514863,-0.91450461990816256)
 (-0.47203248974595668,0.0038624337657761354)
 (0.44587463415574857,0.071491058350193287)
 (0.057522939525798567,1.0566818432454526)
 (0.39847085099959156,0.56317076049159998)
 (-0.21966590185625939,0.96647886722816967)
 (-0.87371615375484479,0.54680125470733865)
 (-0.53897998157198523,-0.21640550998860064)
 (0.64448120500203299,1.0324423972917813)
 (0.12928858550003924,-0.11930334135158821)
 (-0.44917042413494113,0.36744491042521721)
 (-1.1414047754069405,-0.13845401676488422)
 (-0.30184686735354549,0.02892315255913111)
 (-0.10124360711853331,-0.67600239702680076)
 (1.2807849904044351,0.94775508754118354)
 (-0.2038947969504582,-0.87981115333357585)
 (-1.4499114864850213,-0.092890167592938666)
 (0.35519571610888601,-0.72940672145552166)
 (0.55537139576303352,-0.15462343731507691)
 (0.39781896997482291,0.38126859124076484)
 (-0.29205969017333527,0.35017365076099599)
 (-0.13439158041415844,-1.2715047008533484)
 (-0.66780976934951553,-0.32078082997823176)
 (0.035322287151319715,0.34356554661752603)
 (-0.28399390270409375,-0.42700337636180397)
 (-0.73936225883025164,0.13964177833586389)
 (0.35386626945198046,-0.3607892396145172)
 (-0.04342216308839103,0.059102040670347078)
 (-0.072131527879928214,0.5259445899399906)
 (0.36545811133593109,0.49821635567383904)
 (-0.83137523625222287,-0.34148786236803735)
 (0.7420564147959221,0.25927554738164349)
 (-0.82161274907430071,1.0070548902167975)
 (0.090853771260958838,-1.0957489695557281)
 (-0.80401781255708016,-0.79420013655446653)
 (-0.442031717974121,-1.8874606398629772)
 (0.059477912049029788,-0.085954790888667962)
 (-0.086576010895179967,-1.3812313090448023)
 (-1.625058508849925,-0.9982605389668705)
 (-0.9772557319573546,-1.3245379190786002)
 (1.6837407069174608,-0.25854545413461538)
 (0.30558665583366706,-1.3191372178257039)
 (0.11183214309074384,0.1733218892856091)
 (0.97826036260851068,0.18184922152528255)
 (-0.42349423210689063,0.90021238048822094)
 (-0.56826276102939155,-0.02384333688436896)
 (-0.77214775349977849,-0.044500256160961038)
 (-0.0092508164556883432,0.2354060298339887)
 (0.87968463098205096,-0.28694085362153277)
 (-0.21078561737648727,0.95353593402996473)
 (0.42921062961965095,-0.54606167196391064)
 (-0.074441385149132802,0.11137668288498638)
 (0.44203728546535748,0.77191136789674231)
 (0.25169262659912361,0.7367581368761954)
 (0.53960359827640436,-0.73038412646146511)
 (-0.74772324384408695,0.56869212652305856)
 (0.36573325139535645,-1.044315064309985)
 (-0.82151878763965702,0.28621512300857455)
 (-0.63734593057053002,-0.15490356611989214)
 (0.089378901088530471,-0.65994596240888459)
 (0.05039470521568945,0.5317361627616598)
 (0.71890966225235409,-2.1802360852072171)
 (1.1676473018648148,-0.86791393836024)
 (0.16283315496384573,0.48987333782360498)
 (-0.82326292024189129,0.031801116464364676)
 (-0.74111502650874206,0.37746329948003954)
 (0.64568418486846979,1.9401961009789799)
 (0.97356725770044261,0.34294222202101904)
 (0.61060000300905837,0.61810414501272404)
 (1.7864522978222483,0.050128785847797674)
 (-0.67257086429300705,0.13629306160012772)
 (0.18750196230244287,0.87681740341367564)
 (0.43730683964989353,0.21674517421378886)
 (0.18279038857913038,-0.37144089384426965)
 (-0.92212237278005826,-1.7390721456913059)
 (0.27275349185963083,0.61203698254255923)
 (-0.85475164873574994,0.98875296074747021)
 (-0.95350012951340601,-0.24547801327873908)
 (0.18027624782168433,-0.63669256884899239)
 (0.32806402469347401,-0.82662285335152164)
 (-0.27873802516040019,-0.16322470603607248)
 (0.80980085619229725,-0.54012875329862131)
 (-0.38866701307718099,0.98132996971170572)
 (-1.0234895976288703,-0.88215526723132309)
 (-0.27434773681611074,-0.10292632656638008)
 (0.27436074599044591,-0.54340913514227562)
 (0.64394028149652971,-0.5870101274270999)
 (-0.80250434756419131,0.096283388205087639)
 (-0.86390014804720794,0.16822085009252086)
 (-1.1928766497257399,0.11727662316590404)
 (0.37628626288348355,-0.17681554920899487)
 (1.6060503967295516,-0.019517076861800042)
 (0.36453674718455958,-0.94434210107176253)
 (0.22093932810701203,0.18831922154947803)
 (-0.049533241386938931,-0.37177997906890342)
 (-1.0197115928191234,-0.4694237381570443)
 (-0.22155674240948639,0.62912062960879755)
 (-0.10988776589254806,-0.79259876971915455)
 (0.17619776957747618,0.94114490922622962)
 (1.698397497447808,0.47166116190191887)
 (-1.4705815812878447,0.38799305130562323)
 (-0.40425510407879156,0.39013758748252741)
