# Created by Octave 8.4.0, Thu Dec 11 09:47:21 2025 IST <gamana@Samsung>
# name: rayl
# type: complex matrix
# rows: 1024
# columns: 1
 (0.97072768638843032,-0.52110713520241247)
 (-1.015319621755574,-0.3605766573541952)
 (-0.50078665852133186,-0.70749921956959927)
 (-0.93304416270340251,-0.55059558303301426)
 (0.91838497363970306,-0.98201584350225379)
 (-0.15249531742523287,-0.040822518097057975)
 (0.79140705893923424,1.1093203536143244)
 (-0.72380909157604201,-0.28597752373249574)
 (0.79344219121022896,0.17037209255844304)
 (-1.5500444306962091,-0.040096963789884144)
 (0.22415916175070005,-0.72799084017952653)
 (1.127069488375287,-0.82484091257011793)
 (0.36086162871747141,0.26107865353701343)
 (0.91017134201773686,0.12622693992851369)
 (0.84884862768303782,0.41536536047483819)
 (0.52324574507581267,0.84885219465956074)
 (-0.47327829575874664,0.53984762731986702)
 (0.65888882002433136,-0.3959158784641893)
 (-0.16999939664029129,0.73128153356327397)
 (0.70889883541252052,-0.90868479996651574)
 (-0.38114133117752824,0.98178759794899273)
 (1.1684439282038175,0.71949688837912418)
 (0.95882986275164517,0.215646592526407)
 (-0.65605601451833717,-0.48235881424808874)
 (-0.65685679713644607,-1.2778992053779514)
 (0.32386464456708891,0.18841724768994345)
 (-0.42245231178443987,0.39581072584591459)
 (-0.38070863899093182,0.59291531926655427)
 (1.20198876869792,-0.06925183504588639)
 (0.89179035727187195,-0.064725107747061916)
 (0.14324858421271019,-0.88176517366703377)
 (0.83620796285347776,0.20598280980442318)
 (1.1167691518450611,0.5060993631963876)
 (-0.46686275370442271,0.83425824543975824)
 (-0.47892350720953603,-0.20425240756228055)
 (-1.0834712245372145,0.40551192871910052)
 (0.31834079615080113,0.30810924529549344)
 (-0.5280777006437114,0.85542143349419875)
 (0.78384335209824407,0.29670309263566652)
 (-0.14686800551223592,-0.07786212072604462)
 (0.83715683073205938,-1.7334227753792275)
 (-0.14711163967988977,-0.23768876111679949)
 (-1.0248130551291441,0.6373189788115583)
 (0.13435172259216022,1.8671156766188719)
 (-0.35109080532620757,-0.059211366572044621)
 (0.096771257009455547,-1.3360657243153637)
 (-1.9010721851647008,0.040567101564136676)
 (-0.079634758735156366,-0.10815863541532293)
 (-0.48522981256022046,-0.14671630826756452)
 (-0.33128380641001864,0.97721491616120237)
 (-0.073422117154730043,0.0053694147255559932)
 (0.26054613889069411,-0.55515954433066761)
 (-0.70547582559314059,-0.81115257778685668)
 (1.1672824141317815,0.25540106175251853)
 (0.47356658645437322,-2.3078347871296261)
 (1.7213433182155407,0.57406045133720995)
 (1.4737834872163351,-1.5507974592999243)
 (0.79950119789617313,0.44033514693057019)
 (0.29619952506196778,-1.3723112513482547)
 (0.88338303664198214,-0.43372710696765809)
 (-0.58657978737091621,-0.71910480766078089)
 (0.40684323121961791,1.1115202330118974)
 (0.2280586601406151,-0.49809191988725648)
 (-0.97560029924035385,0.68462121124466591)
 (-0.47341033697939883,-0.20184332959359227)
 (0.59280476930098724,1.0096790061429639)
 (-0.93363220952804604,0.67548295866764918)
 (0.76011005740210491,-1.1413324766223285)
 (-0.31316327644688535,-0.51489589935994551)
 (-0.28669543354839788,-0.81660454559288509)
 (-0.13874039858319542,1.2061921444246082)
 (0.32663646262947238,0.5972583772592841)
 (0.01647341316179507,-0.55498227927177579)
 (0.43832093227359792,0.7832541765216674)
 (0.15660669596071838,0.53269698025378009)
 (-0.28595215098825927,-0.46473610176755525)
 (1.4182497699038905,0.39646666099919337)
 (-0.22002701113759415,0.29581772471922085)
 (1.3063982745598679,0.59142527473646966)
 (1.1669288572785279,-0.017192130007536166)
 (0.93842549040867207,-0.11094635372942807)
 (0.015599236945126105,-0.59242341957655409)
 (-0.072295314829352059,0.43867386239710149)
 (0.3792079687250427,1.7872738316283787)
 (0.33553830870476442,0.21645047254067182)
 (-0.61070931364804315,0.42915748656320718)
 (1.2316147454639836,-0.18220059052883575)
 (-0.32175350886844134,0.20875746084323199)
 (-0.13748590733236415,1.0026896522726358)
 (0.25259199429053597,1.2499872031391628)
 (0.88129208180541552,1.6647908756851253)
 (0.72456638745656443,-0.20225858099738142)
 (-0.90878242286825639,-0.028222374560933738)
 (0.38507138261732743,1.6508978465375295)
 (0.18045274344502349,-0.84508657410019306)
 (0.67389722291836829,-0.97145896832186718)
 (-0.54519080805934406,0.42380757723247586)
 (0.16414713172890805,0.053030421980504602)
 (0.92048688401481316,0.071545451957532258)
 (-0.12638896968197685,-0.61529880898609746)
 (0.63190200268610164,0.82077782913800201)
 (1.2049385289334109,0.78622602823552734)
 (0.95133059435226008,0.11668283733361307)
 (0.43363248876222849,-1.5387681944673293)
 (-0.32740190438587524,0.11566951646769551)
 (-0.4901154457151331,-1.5004714404947841)
 (-0.32053020326900356,-0.40803981387779581)
 (0.081659625025199301,-0.68304070842303843)
 (-0.10115609011583993,0.9149903438973559)
 (0.81704080693390158,0.29513337929247807)
 (-0.18504517352761604,0.58686917639937464)
 (0.17084692963513998,-0.6850240737030322)
 (0.35868017403204,0.44868674419133714)
 (0.36858902379749586,-0.42546498833477825)
 (0.21095311881411746,-0.52075095140808958)
 (-0.52540595745028429,-1.1577982687276609)
 (-0.40715761292146602,0.43866680365729016)
 (1.0662443834361253,-0.94416974004178877)
 (-1.2609111619591646,0.96494497110224864)
 (-0.41586967568437105,-1.291155647929191)
 (-0.27999951188034261,0.22657725961964176)
 (-0.43445228113729267,-0.51116526651168193)
 (0.77977865469868102,-0.24182488883008835)
 (-0.36636876614048108,0.33423757104221974)
 (1.1775835307095814,0.070891618071522333)
 (-0.52226552702391571,-0.89406103603990672)
 (0.28636884301583121,-0.2756221564875907)
 (1.1041763827430358,2.0303573226520606)
 (1.2814202024133516,-0.33297673007295014)
 (-0.13383831507484828,0.39181973503187323)
 (0.0048874601970989029,0.54158248176914081)
 (-0.022341950563282975,-0.81811256943223154)
 (-0.44152757655974412,-0.52911445049609496)
 (-0.34692515215263564,-0.71688145439070128)
 (0.67804824639929517,-1.4413283408066779)
 (-0.45703203701414019,-1.1698941552183668)
 (-0.060814924057605857,-0.90165313622284327)
 (-0.37990890090101326,-0.83125303594807254)
 (-0.7363962700352823,0.53770872167248929)
 (-0.54787997934174915,1.2449804601195535)
 (-0.69680393745630076,-0.73940759918966681)
 (-0.14336530551146798,-1.0017210217934092)
 (-0.25637800158649043,-1.1520095197370561)
 (1.0054084384767215,-0.88787981979604458)
 (-0.62374436518130538,0.96691527806327937)
 (0.40631491615105186,1.0719727101355607)
 (0.38773352075271955,0.041068695299067703)
 (0.4871803033491941,0.15968025705918504)
 (-0.30600895535118716,-0.93487488251643747)
 (0.16217222098148248,0.80569646117108729)
 (0.4365955421531581,0.4581151590283149)
 (-0.44554026318322715,0.34309325581688099)
 (0.076880472002213124,-0.44087005212130881)
 (1.7162716435855958,-0.18242878791005901)
 (-0.084676761581563065,-0.5853994057120282)
 (0.030419239224672823,0.84855295441800971)
 (0.087967571820924989,0.43414399783646052)
 (-1.8916153009779804,0.29502307521176863)
 (-1.2168912968340353,-0.19978847291507806)
 (-0.22874560971153474,-0.60903193613064799)
 (0.71939969486723754,0.28482006863839426)
 (-1.1567589105619014,0.019625882908719694)
 (-0.40112415796835388,0.10480492664038779)
 (0.16321319366541226,-0.44517172340977534)
 (0.51745018892400452,0.63569398246303288)
 (-1.2256876718137486,0.81159205384901545)
 (-0.61801021248656518,1.1270249086187725)
 (-0.87504130422088466,-0.29788075331135438)
 (-0.71478199774154572,0.091173055318875651)
 (0.51317925896409555,-1.3935611504397145)
 (0.099736882812053007,-0.17010534369971819)
 (0.18769854287649929,-0.77234443829871635)
 (-0.031079295037559629,0.27157964436695869)
 (0.35919085955652236,-0.061551209594330192)
 (0.30960989730586647,0.17753673662546976)
 (-0.43057378529243939,0.40023971286999793)
 (-0.63966797583105728,-0.6071721325085786)
 (0.84515879007561945,-0.59723079696425319)
 (0.18584267575810623,0.65560107814549351)
 (0.050302147127856633,1.2799088587446614)
