# Created by Octave 8.4.0, Thu Dec 11 09:47:21 2025 IST <gamana@Samsung>
# name: awgn20
# type: complex matrix
# rows: 1024
# columns: 1
 (0.67875977192570269,0.64476972122898835)
 (0.61633227144395097,-0.78883828718443871)
 (0.79945439379003225,0.63750012446379067)
 (0.57973794989729277,0.75958037166484249)
 (-0.59085490221829851,-0.77511874916418477)
 (-0.68944023911298802,0.69815696478472877)
 (0.77027399295780219,-0.64731024885988531)
 (0.63795989815167153,-0.6876591847699427)
 (0.68955899248631669,0.71731817674334875)
 (0.81439367367490334,-0.61165817953208934)
 (0.75935412506186928,0.74467762857947029)
 (-0.74350941468128062,-0.71959387400166164)
 (0.65699001783496835,0.83571727092343395)
 (0.72117601389895292,-0.60149296059942592)
 (0.49763498988721744,0.70266362426279982)
 (-0.54180398946308228,-0.73993133557565238)
 (-0.721793886651931,0.67626587057206256)
 (0.77792444717647624,0.74127361317491369)
 (0.65265534661235869,0.64936232565316787)
 (-0.6328669186263749,0.56736204246721711)
 (0.6147993456403642,0.63985893070545297)
 (-0.6800666921410029,0.66759824119482525)
 (0.57352602540103081,0.75017321261439429)
 (-0.7145648235988894,0.68025667952510982)
 (-0.73111051291833318,0.77437254170361303)
 (-0.74571939626342387,0.78324315827381963)
 (-0.69170488115413531,0.69189527555476704)
 (-0.75501166383097629,0.75961390223533043)
 (0.73730435682830442,-0.73749750320551277)
 (0.64307339365598071,0.67418659507872447)
 (0.66336187151593706,0.60953735660009667)
 (0.69517770988070604,0.77220505067955725)
 (0.647794878875808,-0.67413938540221652)
 (-0.74826450732132743,-0.77379893714144887)
 (-0.69119857522277395,0.69814252463305893)
 (-0.68395933501426398,0.74173117276207812)
 (-0.82190137872115188,-0.79096086786419362)
 (0.80826200935672987,-0.70321111856969587)
 (-0.76704213415483147,0.7135647047583048)
 (0.69091450292093393,-0.71243394092130985)
 (-0.64157934049415533,0.70337170464452181)
 (0.64320692185087802,0.77392335868354789)
 (0.72842582801971489,0.64000896608847468)
 (-0.69102467824150815,-0.69034763106661601)
 (0.81629738060017798,0.73690259208429532)
 (-0.73653673921869212,-0.83294837792302123)
 (-0.66792532349302813,0.7775227029723375)
 (0.81099328952681471,-0.80294268985226336)
 (-0.64026725360490644,0.67909880062944794)
 (-0.70189543781951347,-0.70624779148093286)
 (0.67327807457459554,0.69251413603057599)
 (-0.66732617713675346,-0.84417724578941)
 (0.66109139707252162,0.67971014520716977)
 (-0.77962018745461403,-0.77626180818078738)
 (-0.66163435052406838,0.59412909310790274)
 (0.66289720548015385,-0.61644571789223113)
 (-0.83646246402045454,-0.76014301210563695)
 (0.89983153341054911,0.7160466972078624)
 (-0.78558350611766636,-0.68520540867691282)
 (-0.63899024122547654,-0.72990220928550831)
 (-0.6752819272178463,0.65759990757344089)
 (-0.69020985513862998,-0.70038698017773948)
 (-0.74125057995049803,-0.72144862917486441)
 (-0.64997203487774935,-0.81365421569274765)
 (0.77069123495396763,-0.65706282726757315)
 (0.73254778972447077,-0.68090302480988518)
 (0.7393345067821373,-0.67727676202858744)
 (-0.6980755076100249,0.70662159023942805)
 (-0.66938310046604022,-0.75414529434247601)
 (0.71176387253053841,-0.77303947204387924)
 (0.75538312018919551,0.63539235416522222)
 (-0.66991886609691065,-0.74038640089281871)
 (-0.6882416152619163,0.55217256678975879)
 (-0.61171808956958051,0.74146800819771075)
 (-0.7512351517194269,0.63784346658066704)
 (-0.6984809344381101,0.73917304091059688)
 (0.64737864248615162,-0.71307947119411996)
 (-0.63191325974845525,-0.59978294178462443)
 (-0.71274864760268986,0.64559872116620343)
 (0.80728190925301813,0.60580750599641942)
 (-0.76634664966253963,-0.78047273079379587)
 (0.71109982424672313,0.78549943749734585)
 (-0.75864621644283592,-0.69987082624909602)
 (0.79286203257734122,-0.69029453851107447)
 (-0.71563424135013542,-0.71522948694622557)
 (0.67650074689712925,-0.63543165675341629)
 (0.62468038926878455,0.7260611306760385)
 (0.75000050906599813,-0.75221209717368243)
 (0.75771388403620632,-0.77944541649429255)
 (-0.68180445504985354,-0.60216010121104269)
 (-0.70015319484647376,0.75940636907833825)
 (0.75486938926103564,-0.7186418208395714)
 (0.77738818972495505,-0.78127396184183207)
 (-0.67271932697004133,-0.61903878234758969)
 (0.726437170404584,-0.77094819441370377)
 (-0.68679992216707719,-0.73478055966864741)
 (0.51716997554101807,-0.67616448871578649)
 (0.76436687611320753,-0.63999441917946953)
 (0.5792522688024716,0.73728974523938096)
 (-0.66308414667482152,-0.80076336468049081)
 (0.72550615657936046,0.72418878553767807)
 (0.85711622137590548,0.58800687428362708)
 (-0.74905661271155133,0.65575553981862522)
 (0.68384109161244166,-0.58793795656787928)
 (0.66809559390286588,0.76347908337713011)
 (-0.73862346502374931,0.75167964515588015)
 (0.65034707251845847,0.72146089034439509)
 (0.72497692524750879,0.80273941120494396)
 (-0.74181578446770902,0.79965539106460348)
 (0.73077676948525272,-0.6327275867683968)
 (-0.76178447322434417,0.61920668339609231)
 (0.62675281986456244,0.61034882602164853)
 (-0.70748097716753711,-0.58342825153735811)
 (0.66510570543958614,-0.66981733842995361)
 (0.81618808164220447,0.72417559440250656)
 (-0.77956981636871703,-0.6596308853408317)
 (-0.60072498417175857,0.78215676687558333)
 (0.68701511314217867,-0.68434883538414548)
 (0.7305691272946826,-0.75628560933168998)
 (-0.82202049660106857,0.81887404541709141)
 (0.69083094715760562,0.6239670852344873)
 (-0.69081810816909583,0.82906302655341912)
 (-0.70779446838094751,0.59470308343435241)
 (-0.68716389000550859,0.76202238803227162)
 (0.63724031330498132,-0.76811062725890866)
 (0.75805718549307477,-0.67045017299550724)
 (0.73541460133721015,0.59894836698341081)
 (-0.85325122691408728,0.79315309858713279)
 (-0.72889136741245031,-0.71851542158537962)
 (0.72581125054344431,0.78477233458134721)
 (0.68973523049207042,-0.78068988973382014)
 (0.63112861723361768,0.61450699798650799)
 (-0.77488713131871334,0.68816307010641464)
 (-0.68561336437359588,-0.62733411491077518)
 (0.66877258497716963,0.60927729319492629)
 (0.62721086349412758,-0.79500672516376003)
 (0.6323468890741093,-0.65439830494727647)
 (0.78848015694009521,0.78289350437929128)
 (0.62310256320770907,0.86303258535564653)
 (0.77833858919434151,0.70345875742774244)
 (-0.71677858614089751,-0.77530053043710612)
 (0.75711603464535582,-0.73102446080963934)
 (-0.6385057739657809,-0.75136727800023007)
 (0.67926205526316308,0.68303080175506536)
 (0.71512860856305183,-0.61096576527655932)
 (0.68189216245420048,0.89901444227869853)
 (-0.71976301900383877,0.70325698082497767)
 (0.72086676518050385,-0.74989032742096118)
 (0.70766828578329299,0.71428235216884184)
 (0.73032863437312989,0.71017742397790207)
 (0.55574687936572209,-0.76033572509702552)
 (-0.66965694576290435,-0.69623232185840245)
 (0.65933255883423059,0.7259366772593856)
 (0.65396920185911001,0.61566120077567998)
 (-0.70212944401754873,-0.61473861042720934)
 (-0.67595549697649615,-0.84570134650706741)
 (-0.63125733060284939,0.66556114182181503)
 (0.65005305304341765,-0.57073149982889604)
 (0.7355316037707772,0.71649873152480814)
 (0.69009763844282912,0.56926900831010374)
 (0.71345492536259381,-0.72928933114950634)
 (-0.70440497425187809,0.83160020299514825)
 (0.50263235310272425,0.6396675032908935)
 (0.72464601242284377,-0.73081600654863876)
 (-0.69780824044971546,0.69549113615056202)
 (0.64670415723858343,-0.66092197205533854)
 (0.61708261996215519,-0.65746753779097722)
 (0.67072077664198249,-0.87660138081086258)
 (-0.73560212046534357,0.73602556907264549)
 (-0.66215549281665764,0.49155707947156391)
 (0.66643365816115685,-0.72756343993971595)
 (0.6701191319412183,-0.74854885737142673)
 (-0.77933315955535498,-0.75109735557966262)
 (-0.82254647590802921,-0.66871976748739326)
 (0.81129692091282424,0.71437657754300876)
 (0.63137369877283578,0.70355784253313203)
 (0.81660442434786729,0.75241432676799269)
 (-0.68283753602598507,0.67802314449356105)
 (-0.76709119675953186,-0.67005643672618709)
