# Created by Octave 8.4.0, Thu Dec 11 09:47:21 2025 IST <gamana@Samsung>
# name: rician
# type: complex matrix
# rows: 1024
# columns: 1
 (0.59265306974202236,-0.18739228398683108)
 (0.83076780816020324,-0.34683331829739639)
 (0.90882884117314622,-0.66905986412349638)
 (0.10713176920814954,0.85959248823718126)
 (0.72026490419127542,0.97847069340792148)
 (-0.71692626713316354,0.63571786788703766)
 (-0.77845930104690331,-0.19692149464959174)
 (0.4317568138440695,-0.65070097696959284)
 (-0.84751209875382416,-0.80192157145199883)
 (0.94167315258162987,0.68327722657234113)
 (0.51450440994444957,1.0276883360475733)
 (0.38145884703234412,-0.89124487196445634)
 (-0.031368900482732859,0.45116392639599667)
 (0.58265459586082158,0.17360055110455222)
 (-0.37509711542595886,0.44657711879063738)
 (0.69186929044247925,-0.73329028558353659)
 (0.53712510072532327,-0.83439346721754437)
 (-1.1639070683449748,0.81999414951149963)
 (-0.72447421291072645,-0.56929031324550672)
 (0.27589220174962764,0.079451830153062772)
 (0.56493482678718898,-0.029163774461578418)
 (0.17130799096841917,0.3619774224906801)
 (-0.07804158074056039,0.33837256419722567)
 (-1.0191708996110549,-0.9401562491005051)
 (0.5260072665908293,-1.0628827344738219)
 (0.72656597248600296,-0.8368261543099762)
 (0.21077186160645689,0.62816041411339751)
 (0.77479696371601281,-0.75771119621573169)
 (0.60810967106076752,0.49511772571973667)
 (1.2085124161635199,-0.64039463370051419)
 (0.20254950898572477,-0.20387124377979604)
 (0.76273710153872987,-1.0725575027865613)
 (0.267161684513956,1.0609985031016722)
 (0.65243754919178409,0.83458990858577897)
 (-0.63062363871518001,-0.55490160514718112)
 (-0.17137560067622665,0.97015325987820011)
 (-0.5095381208424159,0.28199961236094861)
 (-0.41952092202966484,-0.2283075548157808)
 (1.0665699552196619,-1.1571563675041405)
 (0.6351815429321106,0.87458566224148071)
 (-0.60587794406001827,-0.84902134126232787)
 (0.7006931342029572,0.89141621448569697)
 (-0.50810170976892177,0.83165024775556717)
 (0.50497778617128763,0.52926442430936405)
 (0.84592881933370867,1.2572056216039078)
 (0.81824558007794268,-0.4023801688379518)
 (0.68580676791471062,-0.81487694950301903)
 (0.91967490895678417,-0.69917538114126243)
 (0.93580345416392818,-0.50943167825091806)
 (-0.15711278518834992,-0.76844919190216954)
 (-1.0797130367777168,-0.66798843773681671)
 (-0.14151516561065958,0.66620924084172128)
 (0.34209764666495424,0.40558523050714146)
 (-0.629455900293312,-0.7675792662776264)
 (-0.080042896648125042,0.098895058143187262)
 (-0.56908556252027875,0.44806073115759604)
 (0.73386014337748307,0.52551494824059686)
 (0.0094333983558189671,-0.71903568232034876)
 (-1.3531836255368836,0.7347980582579261)
 (-0.16317935239764625,0.67419291457070551)
 (1.0546707287718058,0.20601405722341337)
 (0.22986367400412488,1.278067386244623)
 (0.1786976022282481,1.1179892873641253)
 (0.30325599459990388,0.22585186604423396)
 (-0.28258412362578278,-0.79766790515457175)
 (-0.28531420747930203,-0.50442395160380282)
 (1.2833323334155473,0.098324192582970871)
 (-0.12040921955022796,0.12426366751833334)
 (0.94815592407977312,0.020284598653868446)
 (0.70676638452551688,-0.51396420430495515)
 (0.77095652155655348,-0.081589649409661902)
 (0.58266276953100904,0.55167370894308354)
 (-0.50003705289569789,0.071367797734323724)
 (0.80028696709631175,0.16188481730966442)
 (0.061619289860895488,-0.79613600620528646)
 (-0.49274799253593315,-0.26477699311391689)
 (0.49857767102918593,-0.43031091883545858)
 (-0.26133855679784451,0.47062484910579866)
 (-0.84039847829760095,1.1600320816504226)
 (-0.1699370960460371,-0.50805305161414005)
 (-0.78210369895289589,-0.46215513280713616)
 (-0.93632057620900555,-0.47239757291851603)
 (0.4858374896442173,-1.4400052762235931)
 (0.33992069665960611,0.74645666225809892)
 (-0.086529681974939321,-0.54641082560871679)
 (0.29132882474890098,-1.2219318165275004)
 (0.57502614619939729,0.258947506854876)
 (0.26511817462118714,0.41601514304405418)
 (0.9281703154440879,0.54608818433879014)
 (0.68275453876450831,-0.10448214762215136)
 (-0.73012085194983101,0.60670276150547653)
 (-0.89499656700423114,-0.70090543572075903)
 (-0.78511477173537014,-0.85320428297525797)
 (0.29999971612062903,-0.55312841544929792)
 (-0.52210878838427111,0.71301021892900918)
 (0.83962730596664836,0.53192717499079212)
 (-0.22768917972814046,0.33939922242124626)
 (-0.53458173440800349,0.68844081985852279)
 (-0.63444291724227364,-0.70553248550401504)
 (-0.66592501722037811,0.95748790439160958)
 (0.11219634656578625,1.0021116828557211)
 (0.60630952718719267,0.12927326910002682)
 (0.42994770908008051,0.78700647200984042)
 (-1.4769582016780192,0.67352329149690715)
 (-0.79936429074179494,-0.47173383524484092)
 (-0.69415259239698357,0.68574272212427623)
 (0.25149380214955513,0.30312635893437262)
 (-0.84619045992356179,0.36704078370292958)
 (-0.33320395213360954,1.5211135044319462)
 (-0.014964728830309568,0.097956065232360098)
 (-1.0095141724243426,1.0671484812287821)
 (-0.61011019852760173,-0.5214306982303113)
 (0.46058786994490752,-0.14425708732510759)
 (0.12712442053183531,0.99190256986339054)
 (-0.26658608619351393,-0.11722806276920854)
 (0.37545917923808547,-0.56679383212799217)
 (1.0564269033301228,0.81384867302844843)
 (0.6880404488120957,-0.35076183180453757)
 (-0.6623514115688659,-0.93610356612071233)
 (-0.61224886235616349,0.075830386587227239)
 (0.40662699409388581,0.85425224128261834)
 (-0.7531927602472428,0.75739920038793573)
 (-0.43702242614509468,-0.66993069577399489)
 (-1.1555432167776591,0.58600674022619703)
 (0.27530927374875475,-0.62024708780034277)
 (-1.0927281535512976,-0.45246586388521243)
 (0.71876963109358005,-0.36885151007122574)
 (-0.18260366169470149,0.68701396682857196)
 (0.21264408675686239,-0.52073110640063802)
 (0.13409655604390691,-0.9653392376490022)
 (-1.1118742724796937,-0.28683616207211643)
 (0.61339764416715203,0.26709004914498796)
 (-0.78670202868708583,-0.82042279706668531)
 (-0.80887912583371857,-0.67331453186290091)
 (0.52282820792790574,0.7267159920843459)
 (-0.31329498646734344,-0.7671660481143886)
 (0.45644633200704576,1.183891361302714)
 (0.56480731316554755,-0.59478548864518466)
 (0.20187846062315595,0.92208490394586839)
 (0.53344315731381464,1.1421959491299449)
 (0.87879913581429236,-0.74752402188453448)
 (0.78608389850803606,0.51032578111302418)
 (0.357847803222064,1.3235239725652714)
 (-0.65017728793864271,0.72645910839894223)
 (0.73202229608396974,1.0906875639993043)
 (-0.24030895701449606,0.911506158540907)
 (0.50587536666851418,-0.34168561619600585)
 (0.57961091565764367,-0.60377471619331136)
 (-0.15897658144453328,-0.275828138715837)
 (0.69541499474739832,-0.3856338334486159)
 (-0.70596816114550276,-1.0562035202994482)
 (1.2515329637746577,-1.0143400038139501)
 (-0.64708865707717755,1.1136363938609046)
 (0.84051855917946694,-0.40280492944919988)
 (0.71991922648080553,0.72879656314492347)
 (0.17208119166028185,0.74894449187237089)
 (-0.037986692841337794,0.35681726365748045)
 (-0.62454052578074348,-0.90156522916116777)
 (-0.22160869695169511,-0.68470149177041839)
 (1.0815212753576828,-0.83548553889393717)
 (0.50661908039332004,-0.25122456553297134)
 (0.47502202539058447,-0.053331191319912735)
 (0.47611259046887339,-0.53492896329430539)
 (-1.0552322129986917,-0.93013261916091272)
 (0.6383169843555162,-0.94250463017820929)
 (1.1008810423850985,0.8105884972016475)
 (0.38818765691021007,-0.51391672973670322)
 (-0.86324649316236535,0.8388839253886311)
 (1.1984139906989371,-0.50023052615992736)
 (0.85085127514715775,0.40087145984567174)
 (0.75713411553501475,0.79313567018705877)
 (-1.6228670704223713,-1.1413204938689439)
 (0.61739079630824523,0.082214190476421423)
 (-0.3952031885481157,-0.68948470718154864)
 (0.9771241245980371,-1.0913963629819663)
 (-1.0038742968062873,-0.50272151432651702)
 (0.52223902555232782,0.50871503541555285)
 (0.76701852681310323,0.60896878875537663)
 (-1.2538368692456952,-0.34125220824606717)
 (-0.80937143646033582,0.67193600803162667)
