# Created by Octave 8.4.0, Thu Dec 11 09:47:21 2025 IST <gamana@Samsung>
# name: rayl
# type: complex matrix
# rows: 1024
# columns: 1
 (-0.16260911043814491,-0.56744855532581751)
 (0.50305712277670367,-0.46662350824111071)
 (1.5799825052371441,1.540675746366831)
 (-1.4753909819099662,0.086971544910279808)
 (-0.24582602681031807,-0.2903985880588601)
 (-0.53442773244945252,1.5003606380970682)
 (0.46428757075357491,-0.33899136211913711)
 (1.9272004375501581,0.26779666361234988)
 (1.002001331022629,0.33339998424216905)
 (0.99534726777096416,1.0593847794038438)
 (0.8704113970137316,-0.92879123516015161)
 (-0.32322849545901633,0.15023933220627989)
 (-1.1115001194264895,0.40270798465137292)
 (0.095983530248869298,0.50732207649165573)
 (-0.5259397342962826,0.29812569160710806)
 (-0.62255792286674838,-0.30339160767992651)
 (-0.009894209759459982,-1.1045703266739872)
 (0.20770564192077268,1.4657118429612916)
 (0.17003122812325411,0.66112479404444691)
 (-0.29853572632817266,0.73238370650247409)
 (-0.8154254842755817,-0.55805439256639278)
 (-0.1606442230492196,0.096858274074922035)
 (-0.77091700484642622,1.6386010836327958)
 (-0.29196427903418032,-0.99342324489050915)
 (0.23293524524362558,1.0673020556385673)
 (-0.43754706805115023,-0.058008039806486944)
 (-0.85038477230135956,-0.094281812010786503)
 (-0.12206320330604181,0.11242322985584607)
 (-0.26548787290657611,-0.62342810266322579)
 (-0.1470524569702033,0.7805501292650544)
 (-0.27648900518015884,-0.4750091115882118)
 (-0.19672239919100309,0.82865948298002434)
 (-0.60361525602418742,-0.313622027852829)
 (0.60062852444028803,-1.124012996504373)
 (-1.1818596329819062,0.39207461576771385)
 (-0.57667907451304956,-1.3143561795024028)
 (0.18037408456131721,0.82414237750222419)
 (-0.25544884327887502,0.99623846954147832)
 (0.21682758794636758,-0.5209970170491095)
 (-0.99735001586683214,-0.033192156490087332)
 (-0.99059558057364394,-1.008751633723332)
 (-0.53133514788031289,-1.3569023315639099)
 (0.39991959381520126,0.6296664585566808)
 (-0.42303399004286502,-0.080384514524897699)
 (-1.2406214826037718,-0.16376975836260255)
 (0.14123498321123273,-0.84155924854514608)
 (-0.060433464942271531,0.63138059322940276)
 (0.50083840497905174,0.076787430246891497)
 (0.28019296748402556,-0.82681159468243903)
 (1.4803364749633916,-1.4955499321859982)
 (-1.3424735763046822,0.091288361912229221)
 (-0.48199952592767764,0.11084203733789694)
 (0.71256894067826715,-0.54497230394476825)
 (-0.48247475204634133,-0.61221655492536264)
 (0.83801408054606763,0.047822129752898679)
 (-0.58535880159717213,0.71917657792127099)
 (0.30016715328874494,-0.48733665525658748)
 (-0.52613902694725379,0.9293337159627485)
 (0.20828958965101324,-0.82936818218720898)
 (0.05082520735121776,0.46069724472845097)
 (-0.94254964615722847,-0.13002987547354855)
 (-0.39110267542674149,0.071309976411905757)
 (0.57015290323640477,-1.0499564965644543)
 (-0.46326022689881724,-0.33999166840815126)
 (-0.22611904400070287,0.42994086104488755)
 (0.72328579962188055,-0.98242753825153584)
 (-0.3005837313897296,0.72660954606024408)
 (-0.67546975719822377,0.61181968709149648)
 (0.28612448378686295,-0.5035370480492537)
 (0.57333477599571037,-0.20449286145332149)
 (-0.28430667519623243,0.69816186481572973)
 (-0.19655165332695312,0.41106144737408112)
 (-1.0442575649649566,-0.083873903867724753)
 (1.3300736186910762,-0.41209416644835506)
 (-1.7801674362019608,0.026478686526702266)
 (-0.74722694484565877,-0.15812454650318092)
 (1.5550506285917565,0.017785803503008957)
 (0.23772157618934228,-0.17809115672233392)
 (-0.95815811275579599,0.49763778901875522)
 (-0.0018215207269117184,0.20174215007910654)
 (1.1003693267183663,0.43561909031392398)
 (-0.29735900611596244,0.16343071570876461)
 (0.88035323947870636,0.70251117733000434)
 (-0.85081084589073708,0.16055462227543121)
 (1.2222342418458743,-1.8715097341768381)
 (1.0822549267177184,-1.1965366292855015)
 (-0.37460091945481344,0.030150968427378633)
 (0.37869635720443262,-0.21847764783745469)
 (-0.53856988579916909,-0.28220937707606208)
 (-0.21160798073851711,-0.011407332304419163)
 (-0.76180422494250533,-0.40933142041748527)
 (-0.4446978945631942,1.3477243408521113)
 (0.80513872381493812,1.1518090014318683)
 (0.53593925980039903,1.4029569967299054)
 (1.428733025663423,1.5357979880795292)
 (-0.46736099543712911,-0.69571071525335904)
 (0.74265294709296303,-1.0233101450682029)
 (-0.89179430298326712,-0.51307379212368698)
 (-0.41899191250778384,-0.63520842571517178)
 (0.65188045308126308,-0.72739410496153789)
 (0.31234139595801053,0.85561188803611121)
 (-0.47332515197247665,-0.54578755550710933)
 (1.0009977460757782,0.78160602419354708)
 (-0.18066187132257672,0.62626571443150791)
 (-0.53864110088512607,-0.32787335031356424)
 (-0.1799848528462468,0.2381270086331401)
 (-0.44776185695603299,1.1488753599635264)
 (-0.63199305140108786,-1.1005234076481536)
 (0.77658023989506508,0.99695798945511205)
 (-0.37878954018248223,0.34205279279813827)
 (-0.17329367432709691,-0.77433120363420582)
 (-0.59575907865171984,-0.4748044079718029)
 (-0.29848754150062545,0.11785159578865113)
 (0.85887509539216711,-0.57695582610750229)
 (-0.45398773187446151,1.2968945392138589)
 (1.6269092272948731,-0.11526193772001447)
 (1.112371121169178,0.6074576403782781)
 (-0.67292616305442599,0.53097658745470644)
 (0.7197879646594425,-0.43430956645343621)
 (-0.27810515928143598,-1.3322841765657261)
 (-0.75023918301286885,0.82955992274567925)
 (-0.21028753057284869,-0.64313259225408714)
 (0.54979803289302787,-1.1137441693952568)
 (-0.58186057889251241,0.16385361150212024)
 (0.14766033793358369,-0.83480758282981926)
 (-0.38021429256618944,-0.032664632798212884)
 (0.88490680678899591,-0.13558907182118551)
 (-0.067054913206682887,-0.88528305941594154)
 (-1.3943481216605533,-0.35256076355263732)
 (0.046518309688032167,2.1492322182273389)
 (0.44621808367415816,-1.5554455109605336)
 (0.22084339361510311,-0.34952425216178629)
 (0.47109397898753874,0.26254401071455008)
 (0.43787041707706759,-0.73145861923356215)
 (0.6281235451980639,0.63641881348361962)
 (-0.33970395789030844,0.87943607311955962)
 (-0.03306587626234378,0.52477119279756568)
 (0.95439548195053103,-0.57689418165598327)
 (-0.68919649182265041,0.85603928979304145)
 (1.7916131474773138,1.5845788207081068)
 (1.5195151972146581,0.21565935929555058)
 (-0.15223811776693832,-0.62020542600303674)
 (-1.3366298608565672,-1.4054615622176718)
 (-0.14136867075528936,0.23406785867110591)
 (0.033030025327634327,-1.2740093455893142)
 (-0.15227684059317953,-1.0375025152760524)
 (-1.6272306935536114,0.73302099489216699)
 (-0.90542083674808227,-1.0053177223351546)
 (-1.0884699735952537,-0.14939119516592969)
 (0.25772026910503626,-0.20863252778327188)
 (-1.5013438342313663,-1.1954836659624519)
 (0.12419823245688538,0.1833470579203893)
 (0.85324032635415337,-0.89500409441485973)
 (1.1004440258194106,-0.10038581971560134)
 (-0.61079938143175827,0.091152402773851005)
 (-0.18095329536432625,-0.54463944022795552)
 (-0.5452377742138681,1.0137772174485369)
 (-0.8725811350422592,1.7851284181199036)
 (0.84306554767968145,-0.34695825042007089)
 (-0.54884802123605758,1.0612517298302813)
 (-0.27260080423400079,0.086133194201741606)
 (0.93247429433675488,0.30748918879142229)
 (-0.67289803590166564,0.60062760871425525)
 (0.032682483275310585,0.033328539168083308)
 (0.31860977970390314,0.035761971124065678)
 (0.56455161609650983,0.090571648774731894)
 (-1.0109973845815596,1.7824616667249908)
 (1.1149081007960793,-1.263000660126671)
 (-0.4535720030799773,0.64736719394784448)
 (-1.0035155689938726,-1.3986137955863756)
 (0.085040909600539227,-1.02357588495595)
 (1.1223973285688866,-0.547802043144753)
 (-0.033388792401607137,0.30102914967727967)
 (0.32986110183797546,0.44159456633498573)
 (1.1416861309354203,-0.72591396671726349)
 (-0.41266438121177551,-1.5750126304499275)
 (0.53928607927406447,-1.468338585842516)
 (-0.52731091895801552,0.090418308060605496)
 (-0.62716312204738889,-0.19750839964025871)
 (0.2905171137621827,-1.3764926256764474)
