# Created by Octave 8.4.0, Thu Dec 11 09:47:21 2025 IST <gamana@Samsung>
# name: rician
# type: complex matrix
# rows: 1024
# columns: 1
 (-0.76020331944907382,-1.1890132283743853)
 (-0.6152543493408239,-0.067733725064830219)
 (-0.25436485674944243,1.3648566961760538)
 (-1.0873868958915547,0.023876535767175966)
 (-0.41484640114976884,0.63858581550041404)
 (0.115708307528264,-0.77726674432210019)
 (0.41249269758784923,0.1534290257506831)
 (-0.26070320211281045,-0.86439436797662417)
 (-0.77618888200713476,0.74984124094039473)
 (0.9150563908504451,-0.88561817694747968)
 (0.8603229905386629,0.46455161682274321)
 (-0.53354156125529928,-0.71687447259150516)
 (0.76408322551892593,1.0078177482165567)
 (-0.85845618106891686,1.1850222248592737)
 (0.49147913238447938,-0.30510789783299719)
 (0.87298430824570938,1.1792008012443913)
 (0.57803399869877858,-1.0198986300996951)
 (-0.68901456597844191,1.0082200267520733)
 (0.81605974033071027,-0.84323045196673541)
 (0.80279616820570354,-0.9155610068912815)
 (0.034257294401884908,0.75043180404631871)
 (-0.37462219593870316,-0.86708295712886063)
 (0.21180609771431644,0.18813944230474486)
 (1.2300288496035556,-0.30568748719144989)
 (1.0204774191054737,1.302902982161483)
 (0.94550886829980396,0.60857980518380683)
 (-0.8769301172592,-0.64837338678498668)
 (-0.77049658734784776,-0.58606861166847213)
 (0.52271104674346092,-0.32615559303065184)
 (-0.59247937940672202,-0.6211998053123069)
 (-0.15692818768073746,1.4476622428042898)
 (1.1874204951564318,0.98825000544794117)
 (0.39351141194348965,-0.27589070052221115)
 (1.0994718083249293,0.6092188419300032)
 (-0.87029660150291743,1.0163013989375125)
 (-0.64760240108979783,-0.67385442023196673)
 (1.2658342527073372,0.20909698302125246)
 (0.8958146699271623,-0.12978680626367867)
 (-1.2449406658579079,-0.81308659221274859)
 (0.33320612786916459,-0.27904874221200526)
 (-0.16470683795122937,1.0277627738641724)
 (0.0037394757905989673,0.39592344628846798)
 (-0.86112401433720831,0.37265078137063617)
 (-0.17204367740817447,-0.12678577639726871)
 (0.27987886968516745,0.79078132195657935)
 (0.62680181346427744,0.38487379399840499)
 (0.44188405616788651,-0.59287204673297023)
 (0.38046526564394473,0.88166055320519332)
 (-0.82594045056896792,-0.617727700185705)
 (0.37319345482615346,0.91841141371111612)
 (1.0607595753959369,-0.41813904565230309)
 (-0.54179660318782008,0.19262202746397447)
 (1.0241366085824315,0.96347028011308755)
 (1.023580130876893,-0.040706765405186474)
 (0.076574514999157572,-1.4889015846458684)
 (0.12618412098043033,0.14355593998039426)
 (0.72761245424541943,-0.79458524950265175)
 (-0.45117648389637255,0.24284643403385012)
 (-0.15807485968455376,0.76283014214118139)
 (-1.3490955581789719,-1.1478690839559691)
 (-0.84839670511253951,0.78976474663377949)
 (-0.8403186744262523,-0.85775001764546022)
 (-0.87509984302118404,0.1613014372304456)
 (-0.79543629420494433,-1.2014034755793603)
 (-0.5605410340415391,0.19603780655030417)
 (-0.99773150267163191,0.55495974679961779)
 (0.95083415162446872,0.85719702023776478)
 (0.12405223874601248,-0.39238313050991658)
 (1.1113997810735661,0.68274978053521185)
 (0.090085777560318769,0.2442567353268798)
 (-0.18481784928517778,-0.1999850185772408)
 (0.19282093422557944,-0.70469882644366832)
 (-0.39138675982206456,0.27684726021966782)
 (-0.74902655805181606,-0.37971850808523255)
 (-0.24337162789346817,0.63779977368159257)
 (-0.5776924249370583,-0.1676235613457106)
 (-1.4823945290493137,-0.4557430752390601)
 (0.51119791670557813,0.15543381247182106)
 (0.41879166780933941,-0.80945849215097254)
 (0.50003882371218011,0.57956583771880388)
 (0.059536245240888297,0.96315151307714131)
 (0.023941549980473431,0.41931128579270743)
 (-0.27161242221140258,-0.72292164267038395)
 (0.20610070882023851,0.84036650588069217)
 (-0.69796600935974584,-0.36684799506759369)
 (0.82000126555608022,-0.70802461428983343)
 (0.7730361014703524,-0.62419106656949763)
 (0.78807129817348864,0.43237111752974211)
 (-0.85774959151033703,-0.4856989233775475)
 (-0.5086342082179619,-0.37811407257205248)
 (-0.48136940270658513,0.71955730615267166)
 (0.49737471784084686,0.94556375990504893)
 (-0.72619238783006812,-0.76503438847150484)
 (-0.58952082628225688,-0.34521079166357077)
 (-1.0637857855420256,-0.63623534508652679)
 (0.29812936922403072,1.0570186127015473)
 (-1.0803099649242043,-0.2583456131983331)
 (-0.41918068455827784,-0.25987699087787575)
 (-0.7004303064918358,-1.2009004842817905)
 (-0.2357556538998471,0.69784915523360258)
 (-0.38225668737779284,1.065563333594068)
 (-1.0209452526028993,-0.017094293832715213)
 (-0.59078374496789199,-0.4690503771374176)
 (0.59207502041470417,0.76386287252547469)
 (-1.0016004245180752,-1.0856675381477259)
 (0.16965546775015827,1.3488705173415985)
 (-0.65632119214318907,0.34258987197984203)
 (0.88173708375749904,0.44700792407463597)
 (-1.3983844755489514,-0.42475587061995351)
 (0.91645250933097155,-1.1043229724356725)
 (1.234943173391063,0.38411956755279664)
 (-0.56362115436666027,-0.56768886297379284)
 (-1.315328097840057,0.20426195239967937)
 (-1.4438453201114667,0.34913776111565165)
 (-0.58063902146269863,-0.42431158441896888)
 (0.44194177537997387,0.4583313845270241)
 (-0.74452655450132843,-0.21147097688080235)
 (0.89421635072687244,-0.79927652435736707)
 (1.3004809958442323,0.71379334720186227)
 (-0.84545253800080522,0.70439815571733233)
 (0.92058176762101551,0.66597780984134136)
 (0.019624233234495747,0.85583026249733196)
 (-0.59791174957794391,-1.1188361617473164)
 (0.68649770684526645,-0.74118728774155551)
 (0.55283034762440941,0.5656372441347286)
 (-1.0742483217712766,0.85944510112732031)
 (-0.040225352516077728,-0.54244771527730073)
 (-0.90775686795289046,0.63232392492678979)
 (-1.0249821187914778,0.66597173041086566)
 (0.33929661832677394,0.34454400260247631)
 (0.78885372630802886,0.21519014284948962)
 (-0.85370862006471848,0.88798638484241554)
 (-0.87015511332956708,0.02360079010550159)
 (-0.035864282399754532,-0.50689503238193789)
 (0.59104743408924776,-0.40304074492999309)
 (0.61876864796866737,0.52199772626622187)
 (-0.52188867172238551,1.7283823679777921)
 (-0.33611026903563385,0.90546893268148643)
 (1.0437319522701365,-0.54878430918257015)
 (-1.0999749527503457,-0.49418040091295651)
 (0.14482925299041655,-0.33866903340680027)
 (-0.56078132058925889,1.4073721151093379)
 (-0.61651905928479767,0.56802882365836604)
 (0.4420871959394776,0.3477379367479308)
 (-0.22103450735348623,-0.065171104861341131)
 (-0.67894398523408905,1.065286824850773)
 (-0.24236945519884379,-0.4668888515949996)
 (-0.39145265557646136,0.54981175790132353)
 (-0.61075377672649367,-0.076611390396426615)
 (0.34817899231600197,-0.58079696511113621)
 (-0.2001668180150129,-0.8506440504750532)
 (-1.0722455261047372,0.3033787867358872)
 (0.94570677705908446,0.10082767114965463)
 (-0.56620180858640234,-0.72585981382025289)
 (-1.1662192065187349,-0.58423159521925516)
 (-0.29191538371925191,0.81223046156557976)
 (-0.042332523399707667,0.78852345200710627)
 (-0.44955976603035619,1.1044679802293325)
 (1.0107795645275219,-0.44690084767326371)
 (1.299326720632858,0.6129793222447073)
 (0.5034447357925439,1.1556925336157597)
 (0.59144492708685081,0.39762891276667089)
 (-1.2316029934500254,-0.70628017420632327)
 (-0.53541010417677826,-0.14824592926424074)
 (0.47363832461522637,0.7748574628966941)
 (-0.70714853731542826,-0.10408873585915152)
 (1.223852343472563,-0.54349070473088679)
 (0.50304883990770366,0.83573535935409604)
 (-0.63154312833450965,0.44212534815266236)
 (0.37633770857238241,-0.2515572788522959)
 (0.47796090847528938,-0.77297005215188164)
 (-0.55215534787188203,-0.47191165629331533)
 (0.33053445108921686,0.26847578117765458)
 (-0.26596186214298351,-0.46453715933562573)
 (0.70034116374402633,-0.813603419774246)
 (-0.5571279618949212,-1.3777152966894446)
 (0.84584869476870783,0.53402020902619651)
 (0.70568802184658574,-0.53510089935656824)
 (0.46485777390461636,0.35018690002018804)
 (-1.1647155632052191,0.71558354351310016)
