# Created by Octave 8.4.0, Thu Dec 11 09:47:21 2025 IST <gamana@Samsung>
# name: rayl
# type: complex matrix
# rows: 1024
# columns: 1
 (-0.83742993832340129,0.41208333141860132)
 (-0.16902146473742283,0.23723540483474362)
 (0.82477087582735242,0.23910828091314235)
 (1.7168252285712997,-1.0931985843943632)
 (0.86224227124399366,-0.084349116433410587)
 (0.59486793115755765,0.51705468907960739)
 (-1.0086144451761148,-1.2238479618734504)
 (-0.98930887442847915,-1.1454261763598708)
 (-1.1978868127864293,0.087614563523084277)
 (-2.0607275506613654,1.1011726728889646)
 (0.30428615817507748,-0.060236160022474283)
 (-0.75167595911217111,-0.80436285566980326)
 (-0.53894627311904286,-1.3781653152431179)
 (0.55425496761024584,-0.94640394177701437)
 (-0.66750138072533849,-0.048702445825717533)
 (1.6494611321053547,-0.87829658588017567)
 (0.31252486810719676,0.64418623242853434)
 (-1.644851371823977,0.87858421965993261)
 (0.23826343604983707,0.12009577336690963)
 (-0.20733979909726197,0.44204688083297961)
 (0.22651172398803054,0.68717253751771301)
 (-0.11648079560913899,-0.37253160667048085)
 (-0.91743599424074007,-1.4133997350011775)
 (-0.95200840998306557,-0.66958816785157171)
 (-0.3807047904293373,0.24188444027615613)
 (1.1701506355617881,-1.013160691729027)
 (-0.4273900648197233,0.015918283803918604)
 (0.1621576588407676,1.1716221715837221)
 (-0.41169269363555971,-1.4983338343520023)
 (-0.31134464912010346,-0.87531238394839606)
 (-0.18831956506383907,-0.74912617967314687)
 (1.4800119781902525,-0.050040396071071802)
 (-1.1831451465174292,-0.80878397934585133)
 (1.6652878537684028,-0.67513058893631472)
 (0.29009838588582015,1.0201556239444263)
 (0.82317392353043872,-0.66833426381402394)
 (0.19617899337845479,0.075809206567286846)
 (0.27195567797633557,0.52676995497632417)
 (-0.088234917213036557,1.3859839374874605)
 (0.02062197057552663,-0.16161340755490095)
 (1.1060992584156759,0.53143021817485059)
 (-0.51296093947472721,-0.36969452121440249)
 (-0.48520130467406675,-0.93909083293528617)
 (-0.18024517787489258,0.88222146680453406)
 (-0.36073786437690669,-0.2794744364454026)
 (-0.52164102518442013,-0.89859999933546786)
 (0.184588974898588,0.87860986970709098)
 (-0.73724173597667009,-0.47923269307013133)
 (-1.0828573975122886,0.61168343133627079)
 (0.36733413283978855,-0.24963273501238134)
 (-0.023058147399330098,-1.5330858759272337)
 (0.71538865512460492,0.52107387418463169)
 (0.64470457663020198,-0.41303869825496697)
 (-1.4259023682435599,0.031353025963527958)
 (0.4048175494334863,-0.18314459851773718)
 (0.056922308609694605,0.64898351877395655)
 (-0.11306908739308236,-0.44363124958296934)
 (0.18832979978866823,-0.45763451444831782)
 (-0.86374881861936259,0.50893030542234652)
 (0.79646173376918517,0.37604253264123655)
 (0.93510470935852008,0.66854195379222991)
 (-0.041519524592859736,0.15025375860662693)
 (-0.60826283082673005,-0.64608221571287372)
 (-0.45430493491547724,0.549589653244142)
 (0.40627267809850087,0.651358904410694)
 (0.50461052015611685,0.33575412661400167)
 (0.77284903941692618,0.90147442694264168)
 (0.91230642608303802,0.18355525225629626)
 (0.93405866771736834,-0.19533200354143659)
 (-0.40329473484352008,1.7050221858633674)
 (-0.39000436068541749,-0.22937151003472406)
 (-0.024994652612338963,0.74838059500145171)
 (-0.034809001817798155,-0.2453718831610765)
 (0.46524592069917425,-0.096721909657184219)
 (0.62754153292466763,0.12035513624700672)
 (0.14765392798559693,0.60518517251680681)
 (0.63545207381136271,-0.25126117935380743)
 (-0.54368673656213606,-0.37601773841111646)
 (-0.16584767881645968,-0.50933858156963174)
 (0.17972248769903632,-0.056032686418197752)
 (0.3073284295116715,-0.16108905309057164)
 (0.45702910166885158,0.106266548087357)
 (-0.53109354365423123,0.86843842848026287)
 (-0.35559943227584573,1.1021450900410665)
 (-0.66200906400644244,-0.73280779561383813)
 (1.3168290564779757,-0.70327259474090931)
 (-0.026382609377090138,-0.94893111934886143)
 (0.22736454204261447,-0.94050165012639497)
 (0.69676626868062541,0.23421735109884598)
 (0.1569999120652103,0.68975673024606832)
 (-0.59225752061428649,0.29664663980452588)
 (-0.54877458961957393,-0.86553399464702618)
 (-1.8271688068550305,-0.73241317361788805)
 (-0.04833208558228097,0.39243005261536074)
 (-0.68431005883994278,0.067668619721873435)
 (0.37911821893792597,0.067413740002816441)
 (-0.49064431327052582,1.0954521696399797)
 (-1.0548753632539696,-0.53428011886390991)
 (0.63044732152470717,-0.50439014764821499)
 (-0.12517969939813955,0.90419540138549559)
 (-1.0737082872307557,0.65781495117127764)
 (0.78092024534832927,-1.0832499908004534)
 (1.0066757259677881,-0.3955443442606385)
 (0.03988487739242097,-2.3895021184624623)
 (0.81959998648120047,-0.70420065765626183)
 (-0.34380771172000557,0.52496973443416028)
 (-0.14339798660570008,-0.24988482369300596)
 (-1.6412393639708052,-1.5148393883501181)
 (0.57807176662746107,-1.2849543736166391)
 (1.725619116959364,-0.068469234203270335)
 (-0.37159339640930322,-0.10530097955399911)
 (0.98154679787112364,0.23574128853583282)
 (-0.13010090663432006,0.027678958143864348)
 (1.4813927196270653,0.85496942078733595)
 (-0.71168808619563351,-0.5533715526619124)
 (-1.2816525442931879,-0.7724569260815255)
 (0.040285857841111578,0.44981469619820669)
 (-0.98299867638235894,-0.99696192245789705)
 (1.0305928176226908,0.18917335395448676)
 (-0.42514726920797996,0.79446120400978126)
 (1.080463323290074,-1.0865134372208891)
 (-0.26977971248352761,-0.020213569346203025)
 (0.1742246883352653,-0.11648109297524953)
 (0.75471604043092755,0.20794975762838297)
 (-0.066226427770511423,0.25866910682437844)
 (0.18943862420955254,0.47503699975466201)
 (0.66773066236186773,0.45485456446091216)
 (-0.40346846903366224,0.63547577478466621)
 (0.92415766318720427,0.55009507107332178)
 (0.66579895012342794,-1.4904332824486923)
 (0.33336413510982765,-0.77381013491118844)
 (0.08490315677365412,-1.2466163384092801)
 (1.1508616726727077,0.46507250703322689)
 (-0.86044191049231489,0.69065406199782897)
 (0.61318894462007978,0.033431980195124722)
 (-0.35021457339922213,-0.14374762815580708)
 (0.38123821899555455,1.3842278682792704)
 (-0.041458616398866943,0.46797183056685288)
 (0.031768873850642032,-0.13721684944178383)
 (0.25516045833174533,0.90968657033013467)
 (-0.3408558487843838,-0.23182790470252848)
 (1.2126126574704255,-0.29620615608190071)
 (-0.12608856077909966,0.19336349510284892)
 (-0.10328688129168162,-0.57052144655797854)
 (-0.28481231508307969,0.11810204802490967)
 (0.71475520735962061,0.31152079544621691)
 (1.011931836731353,-0.15622050582703556)
 (-1.4488045403916254,0.38291400378011531)
 (-1.4340562328339814,-0.96897018511491639)
 (-0.91270362749280864,-1.7096152944121605)
 (0.31772694542589985,-0.019221269029252613)
 (0.33064906185852938,-0.61225348975454497)
 (0.42977531423674792,-1.3568565951206959)
 (-0.53564530891718443,0.060610877408479952)
 (-1.0799026202124908,0.36926076884286813)
 (0.070270531528171282,-0.18032427242345148)
 (-0.14759715923907085,1.0587059965668941)
 (-0.64233433930350203,-0.20334256354839489)
 (-0.78271160575022736,1.7813092578531631)
 (-0.34893925930149855,0.75381047858451189)
 (0.13567317592957479,0.44755848329773512)
 (-0.57838450057208002,0.5997020250270324)
 (-0.27402283283729845,2.1312128359798272)
 (-1.3296840806848964,-0.90878356897037449)
 (0.402410180101897,1.3501076958154083)
 (0.8029071774314902,-0.19089726549579283)
 (-0.1461873969140407,-0.74536253783275408)
 (0.044913670745902856,-0.33325115916565956)
 (0.36042408071516407,-0.65708942021569638)
 (0.23359623944595409,1.0054845251598139)
 (-0.19122422393617342,-0.20900628695120174)
 (-0.11632669655156817,-0.35722730254427593)
 (-0.078248395353632094,-0.96510842802467622)
 (-0.45467858553288526,-0.3100526412837738)
 (-1.038296810290454,-0.52393697551790241)
 (0.13627713532375724,-0.15339951617361541)
 (0.057926323153928538,-0.11226632239451279)
 (0.64862958550406613,0.225654741253034)
 (0.57377701146071369,-0.045394737787110007)
 (-1.6510293576309951,0.36097847595237309)
