# Created by Octave 8.4.0, Thu Dec 11 09:47:21 2025 IST <gamana@Samsung>
# name: awgn20
# type: complex matrix
# rows: 1024
# columns: 1
 (-0.77164825862526354,0.62621242830104307)
 (0.6045429950764406,-0.72881325257481755)
 (-0.68913218689279965,0.64102808371816311)
 (-0.7673149317584701,-0.68057481049955659)
 (-0.72468099315736723,0.7401246453007454)
 (-0.7480628856925271,0.67518457796883102)
 (-0.68062373246931773,0.77500696452234363)
 (-0.62565911800352203,-0.84672963993515271)
 (-0.74190018863944041,0.74501509231073526)
 (-0.58931402278931,-0.57060899185857017)
 (0.64693788523147822,0.83437509349580552)
 (0.74737351602579072,-0.82369310088507941)
 (-0.74513880050649772,0.73172888234372235)
 (-0.76263541651796496,0.74342063309474771)
 (-0.66119281949008124,0.71068803289740035)
 (0.78232866061327488,-0.64477382769323599)
 (-0.7013141695536258,-0.61550604351746063)
 (-0.64800843116015661,-0.66471964018375163)
 (0.70822388073181264,-0.62054666032599026)
 (0.83247669397727841,-0.64756955609245825)
 (-0.5117738346984233,0.6723272895859006)
 (-0.76545496981219097,-0.6410538362045981)
 (0.71835733571014382,0.7480648876226712)
 (0.5861419425909965,-0.77954852864872204)
 (-0.62634287843898362,-0.71747168145308882)
 (-0.59989062673149285,0.66171315640019801)
 (-0.64742671021973763,-0.80217391936664928)
 (-0.71322960577941119,-0.82127511912330931)
 (-0.7404301742622682,-0.77479292777630415)
 (-0.6992621674573265,-0.83166517204923318)
 (-0.76286330222894416,0.67351098208207116)
 (-0.78493997653612246,0.60935011858039068)
 (0.71259905721784622,0.64144926911800992)
 (0.71341222918719349,-0.6655648359735179)
 (0.74709944002512485,0.77506628369499608)
 (-0.73160550821600667,-0.59159414176528635)
 (-0.64269826210591474,0.71999215212819778)
 (-0.72516512997138161,0.72180785054921148)
 (-0.65253143172410044,-0.73295214657977226)
 (0.72182041790314311,-0.7627224471242211)
 (0.61523557360132419,0.69038389571060799)
 (-0.78959452230789229,0.75547305445696933)
 (0.66386416218656807,0.63679486978932398)
 (0.66426278935917205,-0.76603724980869947)
 (0.75574237062224436,-0.64792269157793392)
 (0.72233961436515837,-0.84641868772585882)
 (-0.6085078259592992,0.72647775940991133)
 (-0.69714988353538754,-0.7806691316364478)
 (0.73003284112482814,0.61817179319908511)
 (-0.68997994628794945,0.78639922603944379)
 (-0.74877638014809211,-0.67675532341279454)
 (-0.66908124174385009,-0.67467319565840445)
 (-0.76788472622824566,0.70907392821927306)
 (-0.77472401208567387,0.74760987466479711)
 (0.54400332773652127,-0.81416885977632647)
 (-0.71809561005583677,0.75522103284005271)
 (0.58357346983774072,-0.76265759447349268)
 (0.56084727518239763,-0.79943113088266249)
 (-0.77402520616258685,0.54672574444540423)
 (-0.75153863960612843,-0.63357397605289856)
 (-0.69630898698978427,0.73834640666844809)
 (0.7117053046159646,0.7828090282150274)
 (0.70574658003743385,0.86399065268598352)
 (-0.66918270288654702,-0.67369534228628025)
 (-0.77556934391497268,0.64860648060743686)
 (0.82800025003877598,-0.74609774473434143)
 (-0.65381365818552217,0.59894678765437115)
 (-0.80612295472373885,-0.71084501809496792)
 (0.7012505944241253,-0.77178164796343851)
 (-0.7842508043765597,0.80611393188776814)
 (-0.757475361297684,-0.70186018976892184)
 (-0.69020063463036785,0.63991235192051688)
 (0.69721318670716126,-0.73940972263808691)
 (-0.73222566537864942,-0.71845472076136452)
 (0.7048783982373239,-0.65314681367891303)
 (0.74583978965643805,-0.68838330232503131)
 (-0.68757996690919454,-0.81509182110334211)
 (-0.62867372157688928,-0.70829024789833195)
 (-0.64719208295536879,-0.72866407673578459)
 (0.69524970602289227,0.7185104263819958)
 (-0.65312821254784492,0.75684569927058398)
 (0.70889600359031879,0.7340251499590601)
 (0.72991042980867249,-0.89270995016183896)
 (-0.65727185755478168,0.69793731865086395)
 (-0.72422625964774745,0.71096848273632385)
 (-0.76112027079511324,-0.58297208001090861)
 (0.69643655574936414,0.74172200982054415)
 (-0.63599044692790585,0.67055109341786823)
 (-0.73374444751540169,0.76434559929375023)
 (-0.63568470584749692,-0.61725248890111717)
 (-0.69389637790448799,0.62652264132128577)
 (-0.6112088242512359,0.76281798476730045)
 (0.49106259580442735,-0.63357743092296126)
 (-0.68682930709912271,0.68840054791734862)
 (-0.65110375589530722,-0.6728761747188553)
 (-0.62474395901548696,0.87589851058443879)
 (-0.60317588426185198,-0.68851197666619723)
 (0.70186761725574898,0.63676947036896736)
 (0.64352955611369544,-0.6406628196485229)
 (-0.7100783572043301,-0.88503762276364861)
 (-0.67686858006499762,0.63778180965753906)
 (0.74305358944846289,-0.67075846043379395)
 (0.78882045437877357,-0.67112425323408154)
 (-0.68189015313115942,0.61147423049332228)
 (-0.79506977400711576,0.7034423496838681)
 (-0.72866992033284284,0.78609590165312992)
 (0.72744658051025224,0.64595459147311962)
 (-0.6331393993836083,-0.73136963498741892)
 (-0.70989288550490448,0.69011792458346255)
 (-0.69918891247713644,-0.57439950941684659)
 (0.66720524993824959,0.73585965953135313)
 (-0.83371543471375076,0.52273876600204716)
 (0.77886402071679539,-0.63975320366677235)
 (0.75139139135810684,0.69285323284926381)
 (0.69456473289054443,-0.70140563040999193)
 (-0.71131754567484495,0.71204175463256492)
 (0.82956552695522756,0.68326872345555423)
 (-0.61931830858089065,-0.69136479391858408)
 (0.79798030972158096,-0.50460925486328068)
 (0.70262972849638849,-0.74462930019691376)
 (-0.6905816008543989,0.68388531082830617)
 (-0.6706817893706396,0.7609663438202775)
 (0.70008282498361774,0.77580200448333736)
 (0.71641880530947266,-0.6302784948135064)
 (-0.71714419282298847,-0.64458322815628788)
 (-0.55333923650746053,0.68650540892647494)
 (0.75143725007214235,0.68283583448236318)
 (-0.6919877684697644,0.67055883739111788)
 (0.75683918399517858,-0.59723317473081838)
 (-0.63203772006907999,0.75054029217331641)
 (0.58108085053948544,-0.66471911405975082)
 (-0.64162473950240695,-0.71592082871740126)
 (0.67987086863496016,0.72997272979390693)
 (-0.72112037223081993,0.76756927426584343)
 (-0.63236252061087528,-0.7154038446005565)
 (-0.66606395923165906,0.69753877262826447)
 (0.67095129105039575,0.68451452783942313)
 (0.80649758311838848,-0.7714501181293183)
 (-0.68512282887148268,0.77672474925957069)
 (0.73136902082287158,0.75233489154975564)
 (0.72856246831784521,-0.6690661475890205)
 (-0.74746194398841215,0.70083081154750104)
 (-0.82257241261382519,0.63923055506068482)
 (-0.63464311271895946,0.64398423823291018)
 (0.79162946486131258,-0.74076507455099128)
 (-0.76371654021177793,-0.7706307318012211)
 (-0.81679893839847972,-0.73639562374632672)
 (0.79473209606068695,0.66871219025779582)
 (-0.69482145440823695,0.76976024099179485)
 (0.7581121598230024,-0.7437539099907623)
 (-0.57403969212808226,0.7911024415723753)
 (-0.61193256652875272,-0.74159838852288995)
 (0.68599428025843867,0.74305228703394055)
 (0.77805735864697134,0.66110125084669669)
 (-0.79700708178919677,-0.68327157587408849)
 (-0.80057949871890122,0.71232033067755707)
 (0.76037620222886948,0.69710199886355306)
 (-0.59155960262031604,0.75178979620840924)
 (0.73189420540566541,0.55690733075376952)
 (0.68707220732638263,0.72169489875860682)
 (0.6791967303823323,-0.62999766202110785)
 (0.66186155439932892,-0.63077918368561259)
 (0.78891233075249467,-0.61321392561074062)
 (-0.72259599409275088,0.61748423176773604)
 (-0.74953885176113766,0.71180993270771575)
 (-0.81241245102626436,-0.71396903982254412)
 (-0.68201272339376717,0.76067880113159514)
 (0.6239003550495924,0.69675167687991646)
 (0.71062341433182341,-0.67848901133520967)
 (-0.77450181664988538,0.77760184967525325)
 (0.67770350167830606,-0.72173802925320629)
 (0.57178684209064101,0.75654942016148585)
 (0.75750341033692392,0.67982191222376631)
 (-0.802984518489956,-0.65797723050471957)
 (-0.70874295070249005,0.6730529120816483)
 (0.62982714610691248,-0.66488262152358879)
 (-0.70070387768326214,-0.58671860544076304)
 (-0.60441357560627307,-0.62285866248248001)
 (0.71543596129258036,0.83803721696595246)
