# Created by Octave 8.4.0, Thu Dec 11 09:47:21 2025 IST <gamana@Samsung>
# name: rician
# type: complex matrix
# rows: 1024
# columns: 1
 (-0.91316382271035723,0.26266367950649616)
 (0.37257203935465194,-0.91265797189362319)
 (-0.0095381202144725341,-0.94446708512369493)
 (-0.14760430858856671,0.54905922683155506)
 (-1.0557348583494477,-0.03746694597236977)
 (0.22960641925024744,0.52884960695471683)
 (0.35558472996261326,0.905566955515403)
 (0.4425788913184126,-0.094555079022624333)
 (1.048492270038307,0.65262764483645908)
 (0.99862987436584094,0.43198000110295653)
 (-0.94249765406081887,0.36066443170347451)
 (0.44663426934057071,-1.1035138750873004)
 (0.72494758614174393,-0.12814329972566119)
 (-0.72397365655269774,-0.10954134707395369)
 (-1.1962079063247246,-0.91282150347262081)
 (-0.52730232765600571,0.43106627704160416)
 (0.92620996724164972,0.83470153892635635)
 (-0.87781807734552908,-0.6623589523798521)
 (0.62689991470732398,-0.9257970935966231)
 (0.0034041464429890866,-0.81083999060393874)
 (0.62772239016939757,0.68456646895562367)
 (0.2727060908308907,0.23204751107426891)
 (0.075754150806832399,-0.79931857348007629)
 (0.23932291545534218,0.94130143020954815)
 (-0.40168816667826779,0.80900445430777912)
 (-0.54000322269901946,0.81389787883801912)
 (0.634989964326928,1.0900742454790411)
 (0.72648197448927798,-0.1454772947473405)
 (-0.67585487145560097,-0.333241384614964)
 (-0.77852182314901297,0.79515431175631446)
 (0.18999535569711667,1.4415417628572396)
 (0.781064859348089,-0.48856314987067095)
 (-0.9685622637111706,1.0554949615111768)
 (-0.79069880384921609,-0.39504853751387758)
 (-0.65166942174670495,-1.0870136798092083)
 (-0.56302826585625743,0.20852833592408615)
 (-0.76113867086097509,-1.0676640491566387)
 (-0.21261001711803718,1.0968522138598162)
 (-0.3851526312360074,-0.1473244233025649)
 (0.47916989170179575,0.85032881794226967)
 (-0.56327756623883607,0.081248503416965184)
 (-0.9113033490237672,0.81813021412871501)
 (-0.96176478598994275,-0.60297703000251124)
 (-1.178629182315762,0.53537847437148611)
 (0.35361234728880919,-0.78742318161563329)
 (-1.3302393721192265,0.13187323467628143)
 (0.18908770984723838,1.0351619501520857)
 (-0.35457019176009474,-0.028819186054551499)
 (0.45281928962560658,-0.1323539188432202)
 (0.39502457270073632,-0.57260899428404288)
 (0.70570514771369885,1.0594921546926814)
 (-1.136948992106098,0.33375083613445478)
 (0.75519544246193393,-0.26088753627942307)
 (0.92841146736352198,0.40212675417815125)
 (-0.59195902054233662,-0.69997502903695419)
 (-0.12818916040878492,-0.98271320191697809)
 (-0.65724503545657809,0.92231619723791602)
 (0.17085865497464175,0.54224578727770534)
 (0.67412195447691403,0.85159128752097069)
 (-0.12896547664045874,-0.50790501852004755)
 (0.50174621523199481,1.1024829465367465)
 (0.089331172119304608,-0.44645893315208973)
 (-0.59713924818048103,0.22999859532990849)
 (-1.0114623863764591,-0.045959050275273916)
 (-1.1104912891734833,-0.8497045578186766)
 (0.44005578115233462,-0.40209506295512482)
 (0.48889207225519837,-0.15536467984687471)
 (-0.42303620695298549,0.32946755413559337)
 (0.48099326338404697,-0.9685906530378714)
 (-0.72369858265332287,-0.7104847781142154)
 (1.1613813845511212,-0.99003159265974672)
 (0.92158148168968745,0.22008355505141403)
 (-0.28407985376651795,0.52400913909438596)
 (-0.2934929125926648,-0.93390396755158012)
 (-0.50755928476616496,0.83044330025704638)
 (-1.115244670332082,-0.53731530063868527)
 (1.455746921035425,-1.0561837236692402)
 (0.11033839681963981,0.92505074226825568)
 (0.25128023313840153,0.60819170567737291)
 (-0.68708722141984624,-0.049618614130404859)
 (-0.50330083568229256,-0.76076957641246223)
 (-0.085226385190515896,-0.30159564053162358)
 (0.946979999615151,-0.46223072122888575)
 (-0.66342804583877346,0.38662108437770482)
 (0.21026303647791017,-0.8127130592116012)
 (0.90191841131230821,-0.30008688367346892)
 (0.41270922764757567,-0.51278243275944879)
 (-0.62308363538331735,-0.028204274268964269)
 (0.58043188187397787,0.83399728680278173)
 (0.61134619724489991,0.10041639950069764)
 (-0.61960274114235936,-0.23758203623790694)
 (0.71410958731642982,0.94258512637288927)
 (0.26318454196144281,0.67901096423299934)
 (-0.029899100445040683,0.74121707630590516)
 (0.46262597128144684,0.47922452171613944)
 (-1.0359597333667041,0.60490141730737257)
 (0.47341289586983043,0.64959505031121578)
 (0.99758658145729162,-0.75243665635564139)
 (-1.1160564661311536,0.24464263864364877)
 (-0.26859666070734678,0.94206403670966987)
 (-0.94489102036295769,0.034979844047443642)
 (-0.45273706708474937,0.87188986483309028)
 (-0.72271814638194098,-1.0365333322642076)
 (-0.799085930777925,-0.080000861946206203)
 (0.81032500270103891,0.66054158110552885)
 (-0.33474701139579077,0.76217811756331455)
 (-0.48970410296301242,0.15216108732765415)
 (-0.57240613095147397,0.80492974999511391)
 (-0.69560629642586114,1.0487158898301701)
 (-0.61404152453865313,-0.34601781752245009)
 (-0.46190429103403674,1.3619616500903258)
 (-0.74480365578432672,-1.2218710933142238)
 (0.59415407532707987,-0.4478510220098838)
 (0.40493853611009678,0.66833743616635144)
 (0.1411397552894349,1.2921754128362235)
 (-0.82387487832166839,0.87123388422198678)
 (-0.30211273478780742,0.26725351769581307)
 (-0.59393495531916907,-0.064158145780069897)
 (0.097752193708010082,-1.0181692883009958)
 (-0.74725498112031419,0.36757831135681246)
 (0.53316504280075749,0.32350069067854603)
 (-0.71147625716481344,-0.64844010491762627)
 (-0.60268943541049913,-0.78820197813921655)
 (-0.59184252637836987,0.41207735142596869)
 (0.29363657255768855,0.78368385579824063)
 (-0.40085419360315849,0.43780475830666515)
 (0.35818599254479166,0.31470959165067314)
 (-0.30286514120472147,0.85923441627426023)
 (-1.0119837488278747,0.90537155924993051)
 (-1.1832086225231353,-0.30897132937262423)
 (0.45210161552056738,-0.17917887896470999)
 (0.31081195607076351,0.056282502874786283)
 (0.90154632215244002,0.45656378191748365)
 (-0.56416468599378888,-0.27773483592580339)
 (-0.63915617727077589,0.95509464319347992)
 (0.70303118389332886,-0.35053588239286226)
 (1.1740200322626884,-0.38060743674880865)
 (-0.070456348762723775,-1.0809519284812819)
 (-0.59733982699448529,-0.72946767011998992)
 (0.8045663378486736,0.40730414695421907)
 (0.33413765817501456,-0.40906631609532601)
 (-0.9424543587979215,0.70676790818073698)
 (-0.96754387027696653,0.16105118921006972)
 (-0.34974663753081142,0.84562260375940634)
 (0.36584067896155281,-0.91652422516407028)
 (1.0098263037460369,0.13024931128184708)
 (-0.24804587097656577,0.69361566133013608)
 (1.2723504898816589,-0.74167187838441762)
 (0.25961210204363899,-0.51016440559025966)
 (1.0484795544096506,-0.50150370526181931)
 (0.29140434356823136,0.69497766786539561)
 (-0.29734853552733909,-1.3363620494599191)
 (-0.4465689772152921,0.29434402464551879)
 (-0.89843390452067662,-0.99345561549159545)
 (-1.2677543429548677,1.444509910557672)
 (-0.06133464205239926,0.11611765311114995)
 (-0.87049799594475441,0.90424747904629588)
 (-0.43106860440324285,0.46050005924374554)
 (-0.52245153872512917,-0.62886537677872978)
 (-0.04638690744238122,0.65853482401882935)
 (0.43004509084738429,0.70354547155094038)
 (-0.021096103131238005,0.13063532610701029)
 (-0.2667981125533575,-0.46059733748151022)
 (0.70107872601471066,-0.84293343427650269)
 (-0.99786363850381143,0.74945459379430412)
 (-0.91310456373819204,-0.067071496454882029)
 (-0.63085827732533106,-1.2556373351088981)
 (0.80819157584105383,0.90976234984795412)
 (0.81874852946452248,-0.54375691615987543)
 (0.41662158729060134,0.32347859612302271)
 (0.70556461104385237,-0.15288400785708856)
 (0.75519066372159205,-0.43952797311810132)
 (0.66375204630571116,0.53837964101171965)
 (-0.19377410296944697,0.66425421619587499)
 (-0.97057100447828049,-0.51706358950195019)
 (0.049708941578384569,0.71130919397120018)
 (0.57166447611082705,1.324904175361453)
 (-0.056891227225736141,-0.55155418701320957)
 (0.14899562060695792,0.27593196727360769)
 (-0.46252482047559251,-0.20846389168671672)
