# Created by Octave 8.4.0, Thu Dec 11 09:47:21 2025 IST <gamana@Samsung>
# name: awgn20
# type: complex matrix
# rows: 1024
# columns: 1
 (-0.63995795603981176,-0.65334994611930852)
 (0.67238925801040195,0.62019521765348817)
 (0.65022066330428574,0.7063798228794449)
 (-0.70179016244684456,0.81296814848220256)
 (0.62975682574392522,-0.76554863838477849)
 (0.5880483843845834,-0.76942265816415845)
 (0.64332169203316103,0.74712230058199214)
 (-0.5686694356090799,-0.62018348162451042)
 (0.78599004162088892,0.57334758412628528)
 (-0.78424788252917488,0.69124025397528666)
 (0.5631104648305032,-0.63325428841732012)
 (-0.6636217722494957,-0.68718722754708761)
 (-0.64073850043277025,-0.69239778879355507)
 (-0.7242875555464009,0.75048439961847435)
 (-0.81877661638504229,0.7626493228879867)
 (0.63949706592776767,-0.71926725995635943)
 (-0.80781810141611432,-0.72273933174850935)
 (0.84910546178781066,0.6312034461516679)
 (0.67691727093729903,-0.81959548159631046)
 (-0.63826464505482128,0.64593644315037591)
 (-0.74551076619694168,0.82033195120121982)
 (-0.79146827288747434,0.68168125200181051)
 (-0.6612882040856457,0.77537399290957532)
 (-0.55688720021422955,-0.65274122537165302)
 (0.64478660335400062,0.65419734413791608)
 (-0.75646506140126146,0.68625047632808656)
 (0.77664546501944542,-0.77246897647715573)
 (-0.68525324513853969,0.77143928593633659)
 (0.6690028219820856,-0.66056613879790738)
 (-0.71319221717545089,-0.67451587678039904)
 (0.64915530702158875,0.78737673916873674)
 (-0.71595450832005791,-0.80840964257199266)
 (0.56596683358618083,0.76224314147518857)
 (0.65875773147299221,-0.68195339660110399)
 (-0.6487284776031953,0.75496795655756055)
 (0.61770116255817709,0.72021619859141461)
 (0.8360153001609355,0.69324877722328149)
 (0.75453872922687681,0.63663108055457518)
 (-0.65194007497780571,-0.69255625459576731)
 (0.68954779912289299,-0.75639589833379073)
 (0.68135754646661795,0.75349402337576221)
 (0.6155015151584079,0.66689414855536389)
 (0.75345572295149721,0.68398252958789463)
 (-0.68456498575949043,-0.73841980377220395)
 (-0.64511665680088415,0.75630039206252864)
 (-0.58602421820069217,-0.72474921661719016)
 (-0.66970136987005879,-0.63058587464664939)
 (-0.69196954198878469,0.71858328489174583)
 (0.64036842981083508,0.87680241094676281)
 (0.59923139690948224,0.53947126248058241)
 (0.64200271123220687,0.7383759503463464)
 (-0.72213011522864534,0.75934854205548286)
 (-0.67214533801286325,0.73497955357959954)
 (0.6348934698305746,-0.75839438994440955)
 (-0.65587653400748303,-0.7506136653988742)
 (0.69054040558235219,0.77809678573238705)
 (0.631568228532005,0.53487959960646125)
 (0.79350231801579785,-0.70351878033125037)
 (0.75073485499387971,-0.61349362498416704)
 (0.79655089814181146,0.81449519156950989)
 (-0.59160304893552107,0.74414276441560945)
 (-0.70318467980510901,-0.55594218995236844)
 (0.77143173492240547,0.79749214585581818)
 (0.68295279323223479,-0.67779242242570936)
 (-0.64975876742804561,0.77319346079842288)
 (-0.69753284992771225,0.66784429346502228)
 (-0.73512880667020519,-0.66271629942892518)
 (0.72839386664370953,0.76576580387191495)
 (-0.71580956912334892,0.77398981343858297)
 (0.78723809820250179,-0.65886719443881347)
 (-0.67485502519037621,-0.67471261240399039)
 (0.66702092825476922,-0.56301021795756712)
 (-0.80376749820895266,0.64724678052302986)
 (0.70600974261641125,-0.68175784653318283)
 (-0.68852394847574494,0.67497816298082103)
 (-0.75977636787672109,0.64058722314576799)
 (0.81459823034590573,-0.6036964299365668)
 (0.73218248716187051,-0.63453749158855821)
 (0.64520757659087158,-0.77105027963327399)
 (0.64364116148133843,-0.73849880139868473)
 (0.73402015124536968,-0.66738292639114316)
 (0.79483060441166886,-0.81246110061097332)
 (-0.52840166301642177,0.75400442024512715)
 (0.64386615210517661,-0.75860192231806145)
 (0.63745610003303854,-0.72613361960042055)
 (0.61528768499073905,0.69781917844943531)
 (0.84429175922938138,-0.65645475861546476)
 (-0.68866690229008676,-0.74299931707973599)
 (0.65190983004283298,0.66838170557420995)
 (-0.61941387623806143,0.68686127008543851)
 (-0.67282041241968604,0.55440770573872755)
 (0.74212251879197866,0.75730661486288764)
 (0.63619378352807754,0.60062460535719486)
 (-0.67840639559037885,0.60506539653881553)
 (-0.76339389802771218,-0.71188608588143698)
 (-0.69758925425975593,-0.69033594014998068)
 (0.59302785449813111,-0.71469093656464022)
 (0.75694635665560572,-0.56167014682726968)
 (0.83251220809784732,0.69990574143111206)
 (0.81845394956721773,-0.61885081415817511)
 (-0.61429624841477515,0.69428173881074795)
 (0.62167081348569053,-0.76157203216898228)
 (-0.72945208817760576,-0.68062450222929405)
 (0.78509946207930603,-0.80395304366935805)
 (0.71326052284322539,-0.60333893206895539)
 (0.73142221899748328,0.86127469663120748)
 (-0.65543770421012737,0.67237529958430342)
 (0.51709414965419143,-0.72668940860498599)
 (0.73935750595764327,0.69095887511439247)
 (-0.8371969860283246,-0.79591355408744957)
 (-0.72984912312808703,-0.71911866671048863)
 (0.75573229430402888,-0.74533473734733335)
 (0.77475503971855986,-0.79780626999809867)
 (-0.75314050911601693,-0.66804876204781671)
 (-0.73857634260148008,-0.69313562748259638)
 (0.64858523290469361,-0.7693393417068537)
 (-0.80496996347832483,0.68237590494606981)
 (0.72096039767852227,0.70400621895145366)
 (-0.55759376578943476,0.65212545554180334)
 (0.5546834039117704,-0.63832614271331156)
 (-0.77078098356228952,0.73982147518617758)
 (0.68056165702391525,0.60264068111121816)
 (0.75771444415513278,0.74691080688394962)
 (0.71619016532937008,-0.61570906819999505)
 (-0.68067038969194416,0.6213754700102655)
 (-0.86645138143018263,-0.75476882318106941)
 (-0.71090281036829894,-0.71987251951321596)
 (0.60447791915416416,0.64824220668734689)
 (0.6658006840019296,-0.70285651581786646)
 (0.70406734618331546,-0.72202874656705529)
 (-0.67753093144213905,0.71714649032223043)
 (-0.74619794589999933,-0.66083970197978725)
 (0.74522810299220599,0.85850605788574752)
 (0.65901028253804461,-0.73123653482846918)
 (-0.64120834689261608,0.66271898316898126)
 (-0.72622371231978999,-0.65509052144875979)
 (-0.68182527229055723,-0.68725070318934489)
 (0.55284604374547774,0.63769765058494288)
 (-0.61451379027275399,0.73519785198666276)
 (-0.77391330876923992,0.66918239477593422)
 (-0.64510134462609281,-0.75410054081702926)
 (-0.72984993833806233,-0.65507886843878171)
 (-0.6790575505644314,-0.56932772376606433)
 (-0.685871795415263,-0.74025002964549225)
 (0.69257876553763764,0.75362886939079921)
 (-0.67119113404323905,-0.61166640371165126)
 (0.77581241416636848,-0.87362839456192065)
 (0.84680516043494569,-0.67863703733598513)
 (-0.59792101593594582,-0.66001124641397235)
 (0.82193856933918863,0.69448468783488027)
 (0.66147734508349387,0.54840381142992478)
 (-0.60969466958986362,0.67875424266004913)
 (0.65247249036070376,-0.84267648597258304)
 (0.53913341999220343,-0.79956332939626873)
 (0.82445882369836421,-0.69852268360441561)
 (-0.62698054136269066,0.60243309321400262)
 (-0.70910596411275328,-0.79452891329222131)
 (-0.71035998878020779,-0.78598127775721982)
 (-0.64424187380932119,-0.71108268571656463)
 (0.6850258743074934,-0.65818596954071362)
 (0.70391498534583852,-0.69126126362721996)
 (-0.75663988410297756,-0.70609294144804435)
 (-0.78961489891747627,0.65622042799778157)
 (0.70143447739802678,0.68462150441095171)
 (-0.77964769251523891,0.70178522946783661)
 (0.64923727479669002,-0.71433585923722775)
 (-0.64841014837789768,-0.73201824539390448)
 (-0.76963528778720058,-0.53650335121502424)
 (-0.83921532711638092,0.67843582227373411)
 (0.7213948107746212,0.66630197947631775)
 (-0.73546503734406843,0.7570497085446517)
 (-0.7273251144199806,-0.71009032926375759)
 (-0.62470446289272297,-0.80392177685562261)
 (0.70435714216427736,-0.74672095597221144)
 (-0.67596708399705918,-0.65577576124126169)
 (-0.60745084925091741,-0.61498535169306245)
 (0.6001179607167938,0.54492017072892951)
 (-0.73516130728182605,-0.71885822092552365)
 (0.68088899332156572,-0.69589678593298421)
