# Created by Octave 8.4.0, Thu Dec 11 09:47:21 2025 IST <gamana@Samsung>
# name: rayl
# type: complex matrix
# rows: 1024
# columns: 1
 (0.54255216179655585,0.13716651770039018)
 (0.37325915261961434,0.30510851107862696)
 (0.10274814478218114,0.28647429388898304)
 (-0.0054713103286547493,0.1852410694850127)
 (-1.4419119672146763,0.80918417228302331)
 (0.49018405753683536,-0.7223518332768325)
 (0.42212049615324204,-0.64059025936076963)
 (-0.21077158764305901,-0.41846811309755649)
 (0.45392291979284011,-0.0049391879737538669)
 (0.019788592064753682,0.097218016231419055)
 (0.18479648494050677,0.5099113633722494)
 (-0.76832496319058674,-0.59964903809662073)
 (-0.71938947418049282,-0.70009278695542643)
 (0.36257552323931802,0.80246409889471315)
 (0.84536168178074411,-0.51960649738042886)
 (-0.21741886898006582,-0.66853272142109443)
 (0.25156121689059596,0.014203948796418731)
 (-0.21981243488165308,0.34686103068284863)
 (0.19976385477641212,0.23143404178298743)
 (-1.4411712060654178,0.74889634865792398)
 (-0.31971587667472601,0.50068327650453459)
 (-0.22129207520592853,1.3700011269891892)
 (-0.20719920755751023,-0.31450371003236233)
 (0.13162940127424266,0.9362982796567989)
 (0.12333325680092797,0.43210141888977716)
 (0.0014199958056615447,-1.6126155804029954)
 (-0.53482337028960369,-0.72634302572570819)
 (0.27151413527339935,-1.0373050401991297)
 (0.28643611112861583,-0.25922576046344997)
 (-0.70972629275118959,0.54160409687027378)
 (0.57698350619696648,-0.13038960696134816)
 (-0.62746954628305707,0.096150190777947453)
 (0.23784008789651223,-0.0040277333934371218)
 (0.30115388011810329,0.15395683408604596)
 (0.41489586929842631,1.054139066272328)
 (-0.24569808530581083,-0.23366599910227487)
 (0.5703388496633035,-1.0137146440733635)
 (-0.57212388218495147,0.99203656174153876)
 (-0.81071867247456875,-0.16419505060001716)
 (1.4058603828368679,-0.48254991824479271)
 (-0.28837483609118664,-0.34470304482045078)
 (-0.33717746998797493,-0.35256285474827587)
 (1.0124926962517609,-1.2392367991445334)
 (0.87669740970222543,0.6420172528560536)
 (1.2263074454602931,-1.1409361317052735)
 (1.1908111464848832,-0.49883933544403614)
 (0.0745360367137365,0.031831682503243697)
 (0.55614324381237801,0.74065647773347287)
 (-0.35618366033904858,0.49786180729555207)
 (-0.98741768736289814,0.37827732313420381)
 (0.91041008156202141,1.4884193463473032)
 (1.2292980825567938,1.5194912463250332)
 (-0.43352126927815726,-0.86343266051700118)
 (-1.4647951092219222,-0.085050680255721489)
 (-0.38093717050269188,1.013505314952539)
 (-0.065456799082915601,0.38842864527796983)
 (-0.76430402138367581,0.26011934890808264)
 (-0.77824064987885233,0.17178821440831549)
 (0.06048570139211612,0.41478310877364549)
 (0.61429366688385634,0.77139793197403761)
 (1.1279156575938345,0.079165387068645066)
 (0.64894070556375694,-0.40812338544740873)
 (0.10326802434104798,1.3680611414516839)
 (1.0994930109915055,-1.0359629687578285)
 (0.8435264674253411,-0.76866810357363113)
 (0.47629586847890437,0.30113203809704758)
 (-1.5940640107779669,-0.8715839908739631)
 (-1.5633379239073977,-0.71535491287033381)
 (-0.65467877667257002,0.217289396169522)
 (-0.63662521110689085,0.26147521953436997)
 (-0.078797977653656037,-1.218270155260728)
 (0.23373431592863203,-0.33837106293546637)
 (0.79246118752402128,-0.42555706760477441)
 (-0.719666550305889,-0.35455257362205411)
 (-1.7654442408519899,1.1297995101877354)
 (0.09148281668643965,-1.9525299065595807)
 (0.048596606469441306,1.4939415522375228)
 (0.070467977560200956,-1.1594289358223882)
 (0.26088388910051563,-0.50540232923843309)
 (-0.56202734168686175,0.19421214079200258)
 (-0.04436541144825433,0.17478953635833844)
 (1.0839414967642089,-0.84112878162984528)
 (-1.4324509004377306,-0.57641669513145888)
 (-0.67990956556017501,-1.6208975427634478)
 (0.65960495667554819,-0.3348637671146798)
 (-0.22135570611227634,-0.52983421305927436)
 (0.59237921103742197,0.46496047424035636)
 (0.31754884838087727,0.14802080845064536)
 (-0.45894369281954583,0.99644041571905428)
 (1.3456205592325643,0.54593249040721159)
 (1.9264570818925679,-0.1814781846086877)
 (0.060307347014027152,-0.12106466126889767)
 (-1.414461660996893,0.052818746968182784)
 (0.78623695634106205,-0.029902695621148168)
 (-0.15481546387370965,0.8321503898249214)
 (0.78547782481997963,-0.40928121563553388)
 (0.64833617610445371,-0.24059028552412035)
 (0.56169371756111652,0.051090464871391184)
 (0.65464867171685648,-0.27542893089695963)
 (0.34093921184209114,0.54762915890872432)
 (-2.0373637503985034,0.69656872395683689)
 (0.50547594364518433,0.97864383425778123)
 (-0.44248743968570942,0.27006654821865744)
 (0.69810609352788644,-0.74722774141797932)
 (-0.32574680616152085,0.46404815980576075)
 (0.30036360919728278,-0.061877446442511003)
 (-0.35447706328364093,-0.40892809531283125)
 (-1.1157221091573888,-0.34900416859827194)
 (0.38209262626119778,-0.30456352289431177)
 (-0.34523767003662081,0.56438200288534301)
 (-0.88310848963687838,-0.071312117771888783)
 (0.4902421205046652,-0.021816232880127601)
 (-0.22784075913982654,0.77417233980306865)
 (-0.16033704960613615,0.25885399193436953)
 (0.21758186624680009,-0.62575511972785802)
 (-0.79107936361156961,0.012269842313797741)
 (-0.55330167020361443,-0.94417011714449584)
 (1.6035551360921001,-0.48441274876665807)
 (-1.3597254610002101,0.19593083832571845)
 (-1.45021859445374,-1.4951547847852602)
 (-1.182136436657808,0.67785966688632937)
 (0.64305342302874857,0.16822273663403259)
 (-0.54208331437198831,-0.81860012481475608)
 (0.099327316258978282,1.2218754504465257)
 (0.18728785894165034,1.6314684607226493)
 (0.46806765794119731,-0.15332667532457364)
 (0.41084052570419821,-0.20839369184500817)
 (-0.059605109872871598,-0.84787622052269984)
 (0.43473118556270951,-0.55037729171701999)
 (-0.12869761707819094,0.70613215348082925)
 (-0.59453085002227002,0.45898796911678807)
 (-0.22204521876030553,0.20206761706010462)
 (-0.99350362251310242,0.87843910204191156)
 (0.10412148846404412,1.193380145036901)
 (-0.94430274582865059,-0.20785960218229188)
 (0.90047272081462049,-0.52925858888960009)
 (0.61565496701321432,-0.038407433683324887)
 (-0.64592430061531569,0.35306028891611252)
 (0.25007638009137423,-0.11493838185935559)
 (0.082342167518040688,0.47942556424160787)
 (-0.73151494294402541,0.33518402522201274)
 (-1.4540402213021779,0.027037279969897576)
 (-0.29978887041349755,0.069278049997841956)
 (0.43047970051052281,1.1288586093677779)
 (-0.48297727241626787,0.14563608514145954)
 (-0.13827465845608722,0.72024927130553384)
 (0.30940771322275162,0.6729122239365164)
 (0.57700276140881446,-0.26132977749654185)
 (-0.16194403622442233,0.97920628619490657)
 (-0.14852834377225227,-0.62766941174766289)
 (0.22763607026521809,0.21340335686384765)
 (-0.27233641375440004,0.48600694486444812)
 (0.48760246329379575,0.57715981015058671)
 (0.24183152088984688,0.36819406740081223)
 (1.1205840630941339,1.0485408122855659)
 (-0.19326672716232135,0.07491856425913046)
 (-1.5165242668178216,-0.68225495960753912)
 (-0.321686874076903,0.77801565694472186)
 (0.78788558096381389,-0.10140348258194437)
 (-0.30298777522253195,1.0593589753558521)
 (-1.1876247474244273,1.7237297188770113)
 (0.69360635154939154,0.27067415156452801)
 (-0.57948471093243437,-0.0073917586059799034)
 (-0.38918691807689132,0.46161459897252688)
 (1.4924956385507193,-0.46470016351963184)
 (-0.23489697288484354,0.17948206171181416)
 (-0.7597602018349382,0.91316483089792)
 (-0.31618321831077578,0.44908279093084502)
 (0.95162567238982676,-0.62705068116025486)
 (-1.8406201078230766,0.73993292315728432)
 (-0.81822355903332378,-0.193325462474428)
 (0.42959002267757695,0.89759558947529283)
 (-0.38547250894825308,-0.098233620510813302)
 (0.3056015198574098,-0.10538470363708598)
 (0.044976676143368866,1.5793980135687953)
 (0.065116581927687656,0.94064054449255219)
 (0.34742334687323395,0.80438788298873054)
 (-1.2419246603873997,0.27386577843920018)
 (0.5570556050459341,1.4921898135895517)
 (-0.14461268743190381,-0.070737859964118355)
