# Created by Octave 8.4.0, Thu Dec 11 09:47:21 2025 IST <gamana@Samsung>
# name: rician
# type: complex matrix
# rows: 1024
# columns: 1
 (0.89325668827053861,0.084267974021954795)
 (0.63125413374757899,0.77744677973617748)
 (0.6550660675462241,-0.37172500979341788)
 (-1.2867220636162369,-0.92938468644612904)
 (0.20456050943339943,-1.0551899535947458)
 (-0.0081476710156074966,-0.10580838567122448)
 (0.51483665591015704,-0.41695832489464968)
 (0.7590870162505533,0.7833391716551833)
 (-0.22743986702984959,-0.52339086093273313)
 (0.03069870250311324,1.2982291158848063)
 (-0.50245786566036654,-0.12736148188453855)
 (0.3168293722237277,0.43714941827378179)
 (-0.25080613347252789,1.4254000339188004)
 (-0.79174304928696959,-0.8469952368555772)
 (-0.40092311031775418,0.73974018923425211)
 (0.86798578946048188,-0.51462897855018608)
 (0.69176493834709629,0.62816338928334292)
 (-0.24791592386697406,-0.58936007866238416)
 (0.14283666545100449,1.2055907485553383)
 (0.76015726096052827,-1.1734147701436923)
 (0.46740454037924772,-0.18657612963518769)
 (0.85673649732312152,-0.12739023898819118)
 (0.96207148723263236,-1.1035768560003012)
 (-0.1545973419796336,0.99409645835909588)
 (-0.03492338186600491,0.93015673097579343)
 (0.24280429405048295,0.43976137846885366)
 (0.23368066787897546,-0.68352495184790885)
 (-0.24525420346849686,-1.1438721821161235)
 (-0.99602875454391282,0.49001850428627897)
 (0.35872788433503627,1.163068948930065)
 (0.84112277321856754,-0.66905605363382326)
 (-0.67795679729214808,-0.46521188816154901)
 (-0.8135968202889845,0.52898898711946241)
 (0.70839757231695488,-0.99924944997263387)
 (-1.1111154621072252,0.31198290420324948)
 (0.63738547260504852,0.83465552243078278)
 (-0.59211017974209779,0.8254809287678655)
 (0.17472297591508665,0.54808625551004164)
 (1.0631567744698587,0.056970677575699069)
 (1.1375579455941209,1.498485878217406)
 (0.30183272667883798,-0.754006841480516)
 (-0.13939241980375289,0.693510943508445)
 (0.52360022525032823,-0.73107168657074895)
 (-0.18062121120147434,0.68760572534951203)
 (-0.34405216630324964,0.7705579569195824)
 (-1.0516372673524532,-0.51030066675840358)
 (-1.1998384879784898,0.003351058713098154)
 (0.17601284812062862,0.38376358164221419)
 (-0.18363979462324104,-0.58856396283340118)
 (-0.58879331133195689,1.341037601315008)
 (0.6927573981629247,-0.58740266110503359)
 (-0.623891510745477,0.58668600561392181)
 (-1.2090880247118914,-0.62163230023989713)
 (-0.61267989788127331,-1.1976801133920254)
 (0.19904826677895887,0.81087706912827828)
 (0.95006939675667634,-1.3124606884356242)
 (-0.29504215368055886,1.3534656652371893)
 (-0.7331101291436195,-1.0019488693769967)
 (-0.80214047706712466,0.40284584079547325)
 (0.56914487175914519,-0.80809021860728358)
 (0.023515002198692958,0.88125961094232974)
 (0.61245460572474286,0.53910343796015914)
 (-0.30281454654902051,0.80401888070179861)
 (-0.85535512901166244,-0.34302027907547894)
 (-0.60411120180606281,0.73907638118847951)
 (-0.81308899246562438,0.27789213314036804)
 (1.0765009483859391,-0.61949964987345818)
 (-1.0732433967561288,-0.65998837521421194)
 (0.81222372513527463,0.13708986631292436)
 (-1.0087902718274409,-1.1578827363397615)
 (0.93175909698930737,0.77879318151689925)
 (-0.075689801319258204,0.33623438917786019)
 (-0.077721794156164814,0.63777432733762351)
 (-1.0390466450953517,-0.21546978362050112)
 (0.22329081946717397,0.49549994865746305)
 (-0.43598077561236193,0.71974856780293028)
 (-0.49423184021218175,1.1778345418491407)
 (0.69627471627204773,0.055858067560640323)
 (0.24545193284840211,-1.1650903266323414)
 (0.30898408321476112,-0.51971040973604665)
 (-0.45645747190066499,1.1122508789142813)
 (0.64330756073256079,1.0154924847354823)
 (0.053703185624628114,0.64791818169097248)
 (-1.0247889443227216,0.77827415963674551)
 (-0.39072693806191511,0.42603626556267021)
 (0.63629502242974634,-1.2665890204721519)
 (-0.53185109127655816,0.65792099404436)
 (0.3614788031280744,0.20530650458476479)
 (-1.3625187274996238,0.95302224820530412)
 (-1.4150889304517742,-0.44630332376443016)
 (-0.47434831169178665,0.86162994362398049)
 (-0.13586310380070937,0.27569884723389321)
 (0.67840745662140711,0.58598324743132912)
 (-0.75545461253428059,0.61851591566340047)
 (0.59629724307642817,-0.70380607194562628)
 (0.54903564882769074,-0.34261057453019711)
 (-0.9577070254192509,0.71416764297504043)
 (0.74455048951230995,0.32330662545599742)
 (-0.61631942060720513,0.52343621023324571)
 (0.5277205901674582,-0.7241701510519547)
 (0.56414375184084908,0.39111936962444832)
 (-0.68724190231442661,0.75298278227670623)
 (0.93280623169611565,0.64080692885996093)
 (0.9396445681253025,0.96012992940305497)
 (0.87538605577940831,0.66289528618556315)
 (-0.7307106262931401,-0.28232409312423867)
 (0.086406856419482883,-0.2383822334379509)
 (0.39098288329311787,-1.2465867874787238)
 (-0.64398061461198297,0.28699579100684536)
 (-0.86100186212893859,-0.24810905823426538)
 (-1.0713143949875557,0.77412833937407788)
 (0.40293938690971237,-0.66593367679587634)
 (0.60403123677488046,0.59731759254523598)
 (-0.30414073135435638,-0.88291655199204266)
 (0.50380094953037347,0.24635695936012464)
 (1.2942232011080184,0.34213688214874188)
 (0.26613764981754157,0.28728659392013495)
 (0.48071616467776834,0.35132013039849563)
 (-0.24841591362075638,0.40368156482486334)
 (-0.74967343987961355,-0.53691594453777369)
 (-0.5227584873321931,-0.13677184941487833)
 (-0.77860794787700072,0.60777820654036252)
 (1.1167636488229475,-0.089533535119106999)
 (-0.12197189994410446,-1.1144425641193594)
 (-0.16735170439895519,-0.55079136077060276)
 (0.70983722169586128,0.74624723801844395)
 (-0.95118312054755327,0.984316824415986)
 (-1.221135315306217,0.85637693755686961)
 (0.29124701093637151,0.74056990455174254)
 (-0.92306714702800607,-1.0207893305319244)
 (0.57333523083288063,0.070596012930312702)
 (0.87866392160282303,0.2322557216363782)
 (0.75830732283107072,-0.58322226368008134)
 (-0.9185663226387708,-0.25764646712088196)
 (0.80438955085089725,-0.84438179101549171)
 (-0.92050696656007858,0.88131102386146443)
 (-0.4496072409401688,1.477713838529966)
 (0.17728092981220284,-0.63622486327768812)
 (0.39295450023708778,1.1844002627782784)
 (0.25917430841817324,-0.47507933355554621)
 (-0.60159066948952733,0.81409384662467754)
 (-1.0253997516388602,0.58258517054443681)
 (-1.1746570839447461,-0.6122298744297614)
 (-0.59436517039876846,0.77687485620945762)
 (-0.94424060286982947,-0.00025342745661316446)
 (-0.0075246121961066448,0.11229952772429365)
 (0.51666160520438742,0.85014377982196987)
 (0.69239113432881605,-0.97078004914068661)
 (0.44738070712042743,0.74638897283581573)
 (-0.09201377900330239,-0.044212717360996176)
 (-0.45395492537138615,0.66230757094378778)
 (1.301210015189971,-1.2143758938719678)
 (0.76819764096492427,0.84023106923314472)
 (-0.77972118345443442,0.42066237226717984)
 (-0.44761663703595894,-1.3113975485692619)
 (-0.83374071924116466,-0.093356338106409198)
 (-0.77887505780366806,0.38066882768941462)
 (0.42476912668534439,-0.52436015824348314)
 (1.2806166665815397,-0.51182515317025623)
 (-0.56949967782858568,1.2649607864674164)
 (-0.59214707592149107,0.72322235895261544)
 (0.76499488651347769,-0.50386597159860402)
 (1.1906483843830471,0.86259079369873504)
 (0.47542233379137439,-0.50320745160003)
 (-0.50951784229630603,0.81001608701087968)
 (-1.2035945694278307,0.066688660019695867)
 (0.94086676961821569,0.80846900661946608)
 (1.2437206951693363,-0.41468082487042324)
 (-0.20363581523466012,0.80761005987203005)
 (0.098839988334822215,-0.39441176170271469)
 (0.047423729868050157,0.45762065782471623)
 (-0.73776864990547697,-0.13802046380049787)
 (-0.37962150720129328,0.65655380659359441)
 (-0.56660075915864272,-0.3917721462127331)
 (-0.68687153272465695,-0.59189209028710177)
 (-0.98995385676461556,-0.66680182335928917)
 (0.44458164899361452,0.42294850826930031)
 (0.51299734691486498,0.66032883037855661)
 (-0.510265558338727,-0.87240365669518649)
 (0.85275920367072344,-0.82269600284506983)
