# Created by Octave 8.4.0, Thu Dec 11 09:47:21 2025 IST <gamana@Samsung>
# name: rician
# type: complex matrix
# rows: 1024
# columns: 1
 (-0.7720828508469928,-0.35835056741096771)
 (-0.69630761245314687,-0.012113690906847496)
 (1.0568667313248652,0.87069408313214436)
 (-0.53927035635038101,-0.67878583236350798)
 (-0.78108574910322859,-0.48236698068605244)
 (-1.1923265116632549,-0.41039398602612204)
 (0.50293141072099468,0.77690162160849552)
 (-0.48611182355648469,0.3549091403426981)
 (0.48070163144435618,1.4373887052623773)
 (-0.32922384816661232,0.30879998424691035)
 (0.84465613773262072,-0.61792617534523231)
 (0.61346798999334073,0.57686937561558949)
 (-1.1300326208815197,0.86463477866468985)
 (1.1022627521015338,-0.34757345972625037)
 (0.5492261404015828,-0.10219725978801969)
 (-0.89022806238360386,0.40527225019812535)
 (0.37267243941970568,-1.0535897059966461)
 (-0.59935585303632843,-0.8710179081696382)
 (0.90239181394022783,0.085970040559617433)
 (-1.2526269154349055,-0.041547487539171146)
 (0.85952271125063351,0.67711584247835532)
 (0.75432041605875977,0.19691017905384872)
 (-0.23313478732531701,0.77968231123927267)
 (1.2030206998077864,1.219707183103929)
 (1.1092987713543767,0.091746911297484024)
 (0.72594687854800344,-1.3295606551351977)
 (-0.22236780304705189,-0.42468399264221041)
 (0.59012581036084122,-0.33117464981288025)
 (-0.98379606804704123,-0.59272061965855283)
 (1.1593956111307038,0.26972860962808126)
 (1.5654435179862811,-0.52968057971385951)
 (-0.63629426248197329,0.40852324006672613)
 (-0.81882582600571041,-0.26894296601677431)
 (-1.0340346930780742,-0.34798962239477599)
 (0.67474454638967118,-0.42890684416888897)
 (0.34652506058387544,-1.25221631074768)
 (-0.4875886980959554,0.43760343111719302)
 (0.28373946690428026,0.54120042774464494)
 (0.88963355877007833,-1.0428851843516593)
 (0.30103602229230159,0.089374789261307541)
 (0.75245008230858634,0.50835027064138194)
 (-0.58954345993007684,-0.95326212356163187)
 (-0.66236011085172541,0.29749649975474807)
 (0.31568220477702785,0.87228523582389395)
 (0.84396997686073427,0.3566403724281062)
 (-0.91875551817248247,1.2448728338017709)
 (0.47552816798838243,0.66836561402766115)
 (0.98481049069852822,0.61525701555154377)
 (0.76638945229186906,-0.46597387145327868)
 (-1.5754618305967707,-0.26493004505003193)
 (-0.7804296936557471,0.086344582994324626)
 (-0.84267499644436594,0.86168869616643551)
 (-1.0547868373297133,-0.57513331450657423)
 (0.47202756170272936,-1.0748064971350331)
 (-0.70548314874670082,0.69734971859266026)
 (0.20919201842819693,-0.64964043853175346)
 (-1.0734324269339521,0.60871973460539075)
 (-1.0702349421500834,1.0035338973635142)
 (0.81337856717607271,-0.74073586794030644)
 (-1.015348306226322,0.82821635988503495)
 (0.3207501413111209,-0.18696162766685809)
 (-0.67098672472899257,-0.18866773125120942)
 (-0.723969791005174,-0.63708592478879467)
 (-0.62362561570451558,-0.99341129641176684)
 (-0.61684064573787678,-1.0340125497801447)
 (0.9729247339046796,-0.68281864949098492)
 (-1.0801888321264299,0.619414595993661)
 (-1.1980935905828574,0.72388560352747633)
 (-0.6020351254601698,-0.16116870925587987)
 (0.57565285093363883,0.47770206363898665)
 (-0.60525355656433366,0.80185277337953076)
 (0.60831231005444741,-0.77574204409066105)
 (-0.67679638625341754,-0.70062875674540093)
 (-0.85519916259441997,0.39509793350772987)
 (-0.027279940443692752,0.77785140589521029)
 (-0.98484563500806055,-0.76897492080618468)
 (0.19461874243253077,-0.56922950871862321)
 (-0.58616422967022652,0.47251331677302982)
 (-0.92000812091898521,-0.56448826961970178)
 (-0.24511268453314816,0.94147507552283427)
 (-0.5462082387919216,0.47702949720748933)
 (-0.66627428235679964,-0.31571271293771519)
 (0.63532729999848558,0.59059273435110016)
 (-0.10390753113752813,0.19010941693484726)
 (0.71390290285209801,0.77544357323674951)
 (0.49248125770723333,0.83623991270221487)
 (-1.3078244794474196,-1.1103628239350858)
 (0.72052842662028371,-0.81137646216332915)
 (-0.32455600944228535,-0.42348035595824962)
 (1.2141737665480576,0.78641969435198655)
 (0.32556292181706298,-0.49311104973614978)
 (0.45839377721910807,-0.47027968105716106)
 (0.8394872462708568,-1.0710480557388491)
 (0.69778256807134886,-0.73525248605046756)
 (0.32741306804200282,-0.93203336386884805)
 (0.10315237170381841,1.0157861052588908)
 (-0.63979940736258767,0.88392561958911009)
 (0.29651323169126509,0.64593900471320287)
 (0.2920156658073616,0.22514409138494151)
 (-0.75383829235594857,0.43700939457669885)
 (-0.61351507264216165,-0.36462655082707929)
 (0.8927739784172628,-0.1982014284441907)
 (-0.36448479380009891,-0.74632307628778805)
 (1.6395891180257247,0.21644259963455181)
 (-0.52935540477870713,0.8890033999707373)
 (-0.64621220656655165,-0.11248264743672559)
 (1.0461993680100428,-0.69981262237027853)
 (-0.61927358160948609,-0.81243092038684162)
 (0.097103606498233186,0.83256626788587562)
 (0.96869296342633626,-0.87880763880911605)
 (1.3575021962457852,-0.41406995306021327)
 (0.90664281223615617,-1.0540581630235442)
 (-1.2316289583592515,0.71174330295328048)
 (-0.12564685144806742,-1.0006866722794268)
 (0.50894309342280686,1.1018766600583594)
 (-0.8856263676057986,0.12298518289255)
 (-0.74547268506768205,-0.31221660078103336)
 (-0.91909843911392775,0.94341781122866963)
 (-0.39922187367367828,-0.92234611611058503)
 (-0.59586010590038829,1.1304622571337526)
 (0.57981120380316697,-0.6048100711676444)
 (-0.50642766060985778,-0.58125974669944236)
 (-0.18356752068803328,-0.97807085860511822)
 (-0.81222422550279727,-0.026264611535880222)
 (1.0701403201989239,0.25763884153717509)
 (0.5337261858180582,-0.53678251609962246)
 (0.53632093667014802,0.94477037206380232)
 (-0.53303907039717435,0.68392578427749773)
 (-0.53121181615180069,-0.78126454341752716)
 (-0.084369282319530142,-0.39693941022955626)
 (-0.92015128504114951,-0.65570316282426755)
 (0.626891065292705,0.87434736489655107)
 (-0.3408086665151896,-1.1235199217033367)
 (0.72228534793513499,0.79440847457237829)
 (1.0884533772561424,0.16777373474118668)
 (0.57544239329614122,0.93515382035256467)
 (0.93783158205851969,0.66501514972249431)
 (-0.71186729817256522,-0.41696066284364297)
 (1.1510771694209188,-0.58505211421236281)
 (-0.60906793368299339,1.5477452368218347)
 (0.98330228020447596,0.44237381440408868)
 (-0.84219314802753864,-0.11110795503463594)
 (-0.83523818630482705,0.42961407709146671)
 (-0.46154858497256263,-0.42220312178394931)
 (0.89474137368917028,-0.90518644840527451)
 (-0.82027766295771753,0.46484109534122803)
 (1.1559681288685044,-1.0074658533546961)
 (0.6353082806364988,0.53870979109594341)
 (0.37090308442324699,-0.43714122953299656)
 (-0.80712122531195862,-0.49062359240244824)
 (0.9390638155720189,0.77488593968758346)
 (0.65671826365502139,-0.64335880216565811)
 (1.1571458334046107,0.77861924635949176)
 (0.74822621314370141,-0.85831943092422991)
 (0.60918095172573206,-0.49367951006357291)
 (-0.5246914191939287,0.88180937504130452)
 (-0.95032818687934684,-0.2124336154917762)
 (0.45280595358730996,-0.66722552626072373)
 (-0.52892935209396363,-0.75139277460378839)
 (-0.63429067665109318,-0.086803498335053797)
 (0.27913812924352088,0.4468057697326252)
 (1.4501961122215945,0.42090322684334724)
 (0.58573213097569798,-0.71837857712222863)
 (-0.43707482478782977,0.385022852789218)
 (0.45428190949422531,0.49004060754409928)
 (-0.92871200130043619,0.48205653510997465)
 (-0.55862667136762356,1.1706628924019595)
 (-0.85729293532112938,0.095654395861408226)
 (0.77520543005444298,0.91600711602460294)
 (-0.26366881759582278,0.43540635187922633)
 (-0.72704410354538385,-0.64403320634918582)
 (-0.20464126388399873,-0.69537332576170363)
 (-1.2060920049024073,-0.84180176222323544)
 (0.65140430366448265,-1.1801644993832059)
 (-0.90393910055124249,-0.43882917715444786)
 (1.0278813789309087,0.033254361113446929)
 (0.31608090482723894,-0.54429954428912253)
 (-0.97351002605460402,-0.62909657785361295)
 (-0.58464875659689719,-0.58530319910554351)
 (-0.7694487848041659,0.76315904759184583)
