# Created by Octave 8.4.0, Thu Dec 11 09:47:21 2025 IST <gamana@Samsung>
# name: awgn20
# type: complex matrix
# rows: 1024
# columns: 1
 (-0.81912396757923589,-0.58647231813438505)
 (-0.73910436961680259,-0.71741119542825937)
 (-0.74838644002562793,-0.73761926849633319)
 (-0.76571763241849611,0.75103954452821331)
 (0.63581693793222915,0.56649829903492299)
 (0.71364295366702846,-0.76499523882313736)
 (0.68681922545535867,0.80279878408246164)
 (-0.57309737683814355,0.75011787496404092)
 (0.68383357845611326,0.62015506324002545)
 (0.82135879265722189,0.73378259985858518)
 (0.63960118762377194,0.68351125542832403)
 (0.77214076001204046,-0.70180853027405177)
 (0.78916337561433958,-0.72545967970084524)
 (-0.72241925515661398,-0.59526950906040155)
 (0.83194624301568065,0.67715557443450058)
 (-0.76956485642103944,-0.76958702496982334)
 (-0.81567559144967161,-0.67550886479223682)
 (-0.73503266182961269,-0.71049088038080765)
 (-0.54816550906243644,-0.75439323278328319)
 (-0.5709354571302131,-0.75441328956152609)
 (0.65609569699791248,-0.73657260990823537)
 (0.73391439905247768,0.75384584968794122)
 (0.70266992962479524,-0.65944382483518837)
 (-0.67047297603408917,0.64654582733231281)
 (-0.79353538800091006,-0.64281889237166201)
 (-0.63347365444202375,0.64433469862206771)
 (-0.70776636216370381,0.59839055619883519)
 (0.67538327410869292,-0.61268194563670908)
 (0.63536149829687172,-0.77699110629924839)
 (0.76803901966679888,-0.80239874422387569)
 (0.55886794826248154,0.84186450273671987)
 (-0.64854797005007248,-0.74785024220845331)
 (0.76470582173487667,0.69311747411914848)
 (-0.67580348223834041,0.71131332919616019)
 (0.84522470209298406,0.71124987316690413)
 (0.69674639394494209,0.714155610760138)
 (-0.70105316640467175,-0.83771560115958876)
 (0.7690549859232817,0.61430321579181202)
 (-0.67260222818650528,0.60027696071112779)
 (-0.73132994294695786,0.65814750128315413)
 (0.73954544331089855,0.83206304178871215)
 (0.63661960100169379,-0.67173088646959822)
 (0.61016977671609252,0.65651996852420791)
 (0.80736372047016469,-0.85103522183577762)
 (-0.72281448525711933,0.64527075303966985)
 (-0.78075057886249433,-0.7148650271585284)
 (0.75874784438805454,-0.73026872017953715)
 (-0.7623952850836847,-0.8285431338099094)
 (0.78712986736599377,0.73140159087567014)
 (0.71489273361285832,-0.66265549861019712)
 (0.73516177521185133,0.65662061044346254)
 (-0.64172433418933661,0.78190264862422887)
 (0.71345735751092754,0.88692816411943309)
 (-0.74450583101612644,0.66485455320916653)
 (0.69805462564735288,0.74264721009838242)
 (0.79723806701652955,0.66050648958829428)
 (0.77250207203768495,-0.76700197171344342)
 (0.63500557785849143,-0.62545713868765906)
 (0.60695593728061092,0.69321652476080287)
 (-0.74185142010383154,0.64433816442254088)
 (-0.72766660661578442,-0.75116101970402971)
 (0.72652303233580096,0.68391235301829556)
 (0.63089974893032186,0.72786890250615399)
 (0.7518249424546285,0.56663079414826312)
 (-0.69821787430693838,-0.7101441994110832)
 (0.7610920502503159,0.62020867693046755)
 (0.7476068123070897,-0.71960835065629192)
 (0.74707489272376126,0.79641248394204789)
 (-0.63300866389947097,-0.71427753684976492)
 (0.65994071044393554,-0.73544109655687651)
 (-0.65638680553401951,0.56481623167814132)
 (-0.66661179551569838,-0.74727522351085596)
 (-0.65701363478556074,-0.73516698153556548)
 (0.8468441425929818,0.70558470874063772)
 (0.69794915728090712,-0.74290094416329588)
 (-0.69881400293368856,0.61872553735304203)
 (0.70687252561380942,-0.76876335404464968)
 (0.69932471526619533,0.52985915097367331)
 (0.6484511976024836,0.70817157254387408)
 (0.77112889088459846,-0.72975201452535965)
 (-0.66547151156948348,-0.60260780768870981)
 (0.73595361863848852,-0.65277440728429548)
 (-0.57352092218004336,-0.72870221583031725)
 (-0.74310056715055472,0.76324999328047483)
 (0.82286680838595494,0.75275891364417269)
 (0.57485152911224113,0.77581010287908736)
 (-0.6648327771427015,0.64832902977863571)
 (0.79631367039245859,-0.79781283571376349)
 (-0.70772046313555981,0.84987103708312284)
 (0.66853153634117335,0.69861754345549276)
 (0.7237662024713335,-0.53833682485789214)
 (-0.88546779180533153,-0.67418839611696191)
 (0.73924608766717292,0.69700385732063086)
 (-0.7357867896932524,0.69006890608367699)
 (0.65667397984398412,-0.71295099387815364)
 (0.69140316929184198,0.68141322427188056)
 (0.55174352337082122,0.56980468100176651)
 (0.54840465600632593,-0.57272432209103719)
 (-0.58352548655542424,-0.65812962120311469)
 (-0.87358424493856734,-0.80407024509033531)
 (0.70199548106022758,-0.66848098495107888)
 (-0.67735924099778311,-0.6916062368249265)
 (0.76978498086649172,-0.72486947250285638)
 (0.72219625150588196,-0.67254152454694671)
 (-0.85785887212867928,0.68348509068683672)
 (-0.66241963375370916,0.77815571678857431)
 (0.82259261424502084,0.69046169092839982)
 (-0.66941592356819446,0.78980045665250931)
 (0.73981161549868824,-0.81703456187915002)
 (-0.56452983000889656,0.74995524949518277)
 (0.64441767050138965,0.76439631227180393)
 (-0.72889863455856985,0.71357055388971613)
 (0.80121218070668243,-0.76641532072610441)
 (0.56853210943975752,0.60495621450287917)
 (-0.79252231452487321,-0.75303408380999892)
 (-0.75797779492824013,-0.6988900395819555)
 (-0.68569232396705837,0.61143056360362558)
 (0.85154109894999885,0.75789083189955397)
 (-0.6719738451041225,0.66889764788519979)
 (-0.76704440411991059,-0.62618309983204545)
 (0.65200670507448333,-0.78501676091863781)
 (0.81107893047315405,0.58423965763679031)
 (0.62941681231947211,-0.63265764913118994)
 (0.7945650166467908,0.75834652626677068)
 (0.73825305427390642,0.77358608282302932)
 (-0.91764822762487852,0.77517341970983344)
 (-0.77065682738155417,-0.71488796921415332)
 (0.6760613342883518,0.63358342837186699)
 (-0.64712483652888564,-0.68632008563040614)
 (0.72282339227472581,0.66368624154972256)
 (-0.79234672934087835,0.8682046322001119)
 (0.63965247681567483,-0.68016650612553109)
 (0.72039650093641183,-0.76940987931066074)
 (0.65069052303772734,0.62933049369147209)
 (0.69174547131207409,0.7661931509018115)
 (0.68755415841901857,0.63749203690508993)
 (-0.88502965352615459,-0.74771794579200246)
 (-0.64899355459378727,-0.80881254097475297)
 (-0.72202419171201548,0.80652567419902887)
 (-0.72704798982717311,-0.79778941588692676)
 (-0.74102710650852754,0.74674032540001278)
 (-0.68689148204716455,0.65558938960151292)
 (0.73118349535075544,0.77232992187823568)
 (0.76235013982922029,-0.75401372416301449)
 (0.76365885635746245,-0.70534948313415591)
 (0.66138495070687719,0.82183486374078263)
 (0.77874021334328103,0.77392285673831318)
 (0.62037819506291569,0.57015961203891696)
 (-0.71741311994216073,0.62889407665455666)
 (-0.61769263591091517,0.68597544454323833)
 (-0.69630425959153897,-0.6817929117506043)
 (-0.73323307013458183,0.64797534951593561)
 (-0.70600761686967206,-0.68096281879169607)
 (-0.79719563394973714,0.68244830502060627)
 (-0.64645955343867367,-0.78494251510130408)
 (0.57513211424045663,-0.71920037079224464)
 (0.80449082027020102,0.72713718261726268)
 (0.74678043710312547,0.86401687996456999)
 (-0.62547970063590197,-0.74891480188555792)
 (0.58295425067038886,-0.72593838483042028)
 (0.73702387996494112,0.73699820866854393)
 (-0.68266184849715672,0.77299094724995465)
 (0.78418232317886016,0.63744625186964821)
 (-0.7042548003024669,0.77675922901332328)
 (0.70266222792022281,-0.48228671241751642)
 (0.78063831433215114,0.8353715704403416)
 (0.78914983237403669,-0.71721664270462693)
 (0.66021770700719951,-0.67295967087354669)
 (0.77420339723434128,-0.69400029608009506)
 (0.69487133577208904,-0.59638172037203352)
 (-0.64904663745508184,0.68802760634558902)
 (-0.69236666197132068,-0.61794213111997498)
 (-0.63549484137066503,-0.56302130038859532)
 (-0.63507144372803737,-0.68187391075217507)
 (-0.75342935593157934,-0.64663989852674808)
 (-0.72978904786982191,-0.78510237509672232)
 (-0.71411343630566604,0.71302018063523542)
 (0.75647021627516819,0.67004258265423733)
 (0.6667721062995291,0.70061587024532801)
