# Created by Octave 8.4.0, Thu Dec 11 09:47:21 2025 IST <gamana@Samsung>
# name: awgn20
# type: complex matrix
# rows: 1024
# columns: 1
 (-0.62825971102703371,0.80888595467088786)
 (0.83547262506335729,0.66820708769515091)
 (-0.80971426349168907,0.7168094822893466)
 (-0.62424640999610481,0.55703020464591158)
 (0.65073458687697461,0.77086363996149176)
 (-0.74125414929303213,0.70677309487609496)
 (0.81758654242747109,0.7572295188995356)
 (-0.58571502621477645,0.74258849172022923)
 (-0.67410856587641721,-0.70192502539505797)
 (-0.65171790244207639,-0.70589708000461016)
 (0.60397531214907441,0.76124762200974028)
 (-0.65379951893588417,0.64520348139664307)
 (-0.7697520364727547,-0.81717094426104564)
 (-0.72828965495539022,0.76555298894187129)
 (-0.69315367501220548,-0.70463714560344159)
 (0.62308413173778943,0.64487050988284988)
 (-0.67194456323640528,-0.69707626042848825)
 (0.72166610046814494,-0.63891599685058198)
 (-0.67227887711149126,0.81512774002130317)
 (-0.82419262206388488,0.82262370149668329)
 (0.74104137373511103,-0.72886676759250846)
 (-0.77104137326457389,0.62452231199572061)
 (0.72034122895125463,0.76282950349068024)
 (0.67670191446448735,-0.73685468524613174)
 (0.61361418812725121,-0.87601997845450907)
 (0.73336388132038055,0.72554996130981986)
 (0.8597915690773259,0.71424548147319478)
 (0.61171638959304497,0.80933251363191461)
 (0.63228642219237807,-0.73089647386663381)
 (-0.80374424410427214,-0.64985207691414248)
 (-0.60962156786614885,-0.72338191045469502)
 (-0.78722353161277225,-0.69384627966921664)
 (-0.64689713888747902,0.6693276661657237)
 (0.43108629702441609,-0.65099077354626322)
 (-0.71925740212921196,-0.88033014711804947)
 (-0.74928117004758588,-0.76747762224611105)
 (0.71079913567361475,-0.68287637273316415)
 (-0.68452684708280953,0.69125664906718332)
 (0.65136760901603563,-0.72397568752234021)
 (-0.74414927335498737,0.64043210570699716)
 (0.85310726081049904,-0.64616055481637336)
 (-0.69877814034653418,-0.72553372123762228)
 (-0.75792989950044898,-0.80568087618759288)
 (0.65351957388838378,-0.73243264222371196)
 (-0.83113295597783399,0.73424604913652936)
 (0.64009539159931039,0.73548552589430427)
 (0.79825368173382061,-0.58691879728460816)
 (0.69061461879458474,-0.64731040153567332)
 (0.80708367901358613,-0.65550365699737467)
 (-0.70639080453454617,-0.65849170811753588)
 (-0.72129188467210781,0.65491002682083532)
 (-0.75155454868450489,0.61728024302858608)
 (-0.75801948626896154,0.61981776681355594)
 (-0.75039571848386788,-0.6934097883654059)
 (0.63051669605795846,0.70281882445097998)
 (-0.8457780348198306,-0.59988230045661284)
 (-0.85421332615438694,0.70765871824342019)
 (0.72313921922143765,-0.62086929002352464)
 (0.73796277053895176,0.69359018669938322)
 (-0.64304363524480557,0.75003617045511584)
 (-0.7413491237214076,-0.63739042509805532)
 (-0.73374230199607238,-0.68995836831915558)
 (0.59336013798230569,0.63111501500045275)
 (-0.62750584018472955,0.75976708019600581)
 (0.71705203846548426,-0.60593061828254635)
 (0.64130255808764625,0.64133362827244778)
 (0.62035198168260886,-0.69013289856136018)
 (-0.85204842977826156,-0.66306070578072029)
 (-0.77787593893294049,-0.67629009586195754)
 (0.78704075903778092,-0.7153385827735167)
 (0.70194879096679519,-0.63184844745585611)
 (-0.77924130537687442,-0.78441856182366665)
 (-0.66686660817114651,-0.83341914580615872)
 (0.67539170185999531,0.6632067104751288)
 (0.73161108052406032,-0.71759303637327132)
 (-0.76104532354036858,-0.63995103687311294)
 (-0.68606062305998439,0.62052645385113014)
 (0.55217652435881859,-0.64996425920440726)
 (-0.73476012146540648,0.71425247033101857)
 (-0.8125430299000288,0.7638222268755146)
 (-0.72712397742247847,0.80041782538119655)
 (0.69508958993649317,0.82228983730946925)
 (0.65901646621171406,0.75482756590415701)
 (-0.75538872025656911,0.68384720101462448)
 (-0.77996573129340585,-0.84998988031712952)
 (-0.83406801643586947,0.65852374837818373)
 (0.72997406300235512,-0.7331703179602912)
 (-0.77291351851860057,-0.63856836286504393)
 (0.8104129702630718,0.61010563195240208)
 (0.71361476131827362,0.7606359510538574)
 (0.68519288358685559,-0.75670085143480015)
 (-0.73611885222423035,0.71669140935289632)
 (0.64794604689613489,-0.60177157553620264)
 (-0.49290313817315312,0.69848115910224728)
 (0.67043916235753886,-0.73078070859202426)
 (-0.73046050102726701,-0.75772230208209779)
 (-0.69951373429825736,-0.63376303222935459)
 (0.80962026306920443,-0.78965221190250978)
 (0.56493336000204841,0.7228149220823028)
 (-0.776503835395014,-0.69875255097596489)
 (0.56122917357771929,0.79837470707002578)
 (0.72786968244981287,0.79716467044548667)
 (0.80045306727111587,0.75376274103262564)
 (0.59599276465938966,-0.55878561065473142)
 (0.69700242870545848,0.72945979893680779)
 (0.78782164421430578,0.75772640746650777)
 (-0.73788605296446663,0.79034957655840121)
 (-0.73504839344437101,-0.65594641314642366)
 (-0.6805670985713812,-0.83628816686513363)
 (0.73643522450388965,-0.71651558528656245)
 (-0.6236574596657487,0.67052521414593802)
 (0.62970574856545025,-0.70954724976812966)
 (-0.70285402696259947,-0.57772809506327871)
 (0.60122403020266668,0.63300824859357252)
 (0.73007384570182488,0.70759644288391987)
 (-0.7495732093197518,0.62899656309213836)
 (-0.76852233217816734,-0.7615526895367688)
 (-0.79587098182961624,-0.68544230762067515)
 (-0.67271459238961739,-0.72840343634170635)
 (0.71612070674782091,-0.65503456979826136)
 (0.68363477844008647,0.65519614355474032)
 (0.7463088408626104,-0.55973427483130067)
 (0.77172661710218793,-0.61776147848679397)
 (0.71799053799420898,-0.74169227014138739)
 (0.76671825720658515,-0.75299126454101661)
 (0.65030022723862124,0.75569454003610181)
 (0.73268834722961373,-0.72392326120811257)
 (-0.64951134184554682,-0.71418978367901909)
 (-0.70336452741669286,0.66196913508406274)
 (0.66756429229928438,0.71708973092261852)
 (-0.53260349553050923,-0.66187699319419324)
 (0.74639280866488078,0.70675719550973792)
 (-0.68775700210331303,0.79817483559028024)
 (0.6508258578925934,0.70617706456435314)
 (0.69040211206204216,-0.88914492167638659)
 (-0.71042190349532952,-0.77555996168332397)
 (0.7990588328331133,-0.75463975772873348)
 (-0.71876355288608318,0.66343451317959257)
 (-0.73282592888305309,0.75314697258931718)
 (0.73838175380510107,-0.62780505376652207)
 (-0.68700853916174986,0.65954228702372708)
 (0.77171671509147688,-0.60130659790417196)
 (0.63090589485550475,-0.76891320459095314)
 (-0.64128948307786171,-0.68615479696725845)
 (0.66030212419021783,-0.70484882724817621)
 (0.70154196660236956,0.83216166904169708)
 (0.71673450108314196,0.58039098106191167)
 (0.77947318741933624,-0.73710403581966155)
 (0.79197033554085072,-0.76987309043159546)
 (0.6906838815052645,0.60783790114211522)
 (0.61521643155692018,0.76132953008820847)
 (0.5690005646341405,-0.69194372403094317)
 (-0.6500216465958556,-0.83183367739087499)
 (-0.67706332420836146,-0.67466131468110824)
 (-0.61729795930361409,-0.79933789531961819)
 (-0.81204322391491401,0.70775404928892927)
 (-0.6880422170720325,0.67535393555677314)
 (-0.66921724945693917,0.83322089373225094)
 (-0.70370916398884831,0.72094461640966734)
 (0.68596403491730029,-0.80646610010699904)
 (0.65320228916032808,-0.63880835311889228)
 (-0.69668964408239675,0.70548714094911991)
 (0.7145515689367139,0.70844752072175232)
 (-0.70865544339820408,-0.68563525152760552)
 (0.82646656678277119,-0.70845627962837998)
 (-0.65451329139105829,0.71171236873261468)
 (0.59923416307359056,-0.80777275414163097)
 (-0.6511728345904011,-0.82816082113051337)
 (-0.70011768960917031,0.71372650187988529)
 (0.60631010675828101,-0.72376745596370318)
 (0.76370132987982398,0.65285250199261813)
 (0.80604167204394073,0.61615644080983645)
 (0.67876230750973066,0.684492471018598)
 (-0.70338072904601401,0.73125888869666678)
 (0.70315792337253757,0.73424995105055857)
 (-0.70195692131488852,-0.71674068353164055)
 (-0.57773503789296521,0.65435920488781807)
 (-0.59469553205754089,0.60302350912727531)
 (0.76023037701550478,0.71702321371111966)
