# Created by Octave 8.4.0, Thu Dec 11 09:47:21 2025 IST <gamana@Samsung>
# name: rayl
# type: complex matrix
# rows: 1024
# columns: 1
 (0.24209818037347092,1.1091464569826863)
 (-0.19084977540703912,0.31263810740473724)
 (-0.94584519385883581,-0.90975413330979971)
 (-0.050154180348157523,0.29158219906674976)
 (2.1119426130843579,0.76178496013369823)
 (0.28990265415443844,0.79177463031024997)
 (-0.68974068295561619,-0.75279647546442907)
 (-0.82184159508029242,-1.3013393521868692)
 (1.3633396829551461,0.88192099539269986)
 (-0.14941867876701209,1.0062272769415541)
 (1.3342262926359454,-0.1676923044520765)
 (0.31080719005230234,-0.83142298290045646)
 (-1.5680462386052065,0.38437171223098876)
 (0.10157483718559204,-0.46699563639336228)
 (0.57980839877430101,-1.1652993610769218)
 (-0.52278280096770247,-1.0005532323441388)
 (0.94585533195553873,0.41334804153790489)
 (-0.78751417283523095,0.58608496856833969)
 (-1.099976611766651,1.1329243830506068)
 (0.49768286424910368,-1.3254411128160868)
 (0.55093556743220706,0.24001932682111271)
 (-0.26336165698500008,-0.029085413947049429)
 (-0.66930193830068607,0.71392348167100572)
 (0.86055454011664423,1.0809197467485554)
 (-0.53713039471707069,-0.19615695164134103)
 (0.71871140963528268,-0.83050564242034097)
 (-0.56675552565744658,0.20324198947249883)
 (-0.28135853961547863,-1.0700578780008199)
 (0.65220556424217468,0.33879977583465393)
 (0.26191016588631144,-0.41275892682624127)
 (0.33876393688450041,0.5070647392300236)
 (-0.30594907483366757,0.070380646670993904)
 (-0.041036183544423954,1.1164685653943855)
 (-0.61389047047440504,-0.46456497903238342)
 (-0.11630816213349615,1.260699204905614)
 (-0.6869658270534067,-0.10963877884792)
 (0.08260849841691989,-0.40659247332698245)
 (1.3407844370879181,0.21478581390769569)
 (-0.42439804868816033,-0.45176727972277597)
 (0.64895820225544709,-0.43254195474077239)
 (-0.4960738244448395,-0.32973585055244625)
 (0.37452963596931399,0.4154337747943605)
 (1.5383183082137146,-0.64000827965311591)
 (0.96134213423991888,1.1795020151547191)
 (-0.087970448511523802,-0.8308939916808491)
 (-0.25695448533793308,-0.67914294908170214)
 (-0.27203347735675809,-0.59418608870677403)
 (-0.7492521707028863,0.61857565655522406)
 (0.06149802812440705,0.47578172693929155)
 (-1.3468089584560357,0.55336786792538428)
 (-0.28216856550619945,0.82114089612241226)
 (-0.26327364377443013,0.081820143394530531)
 (-0.39435892086082924,0.52730308414566818)
 (0.066939196164923442,0.76882348290041946)
 (-0.61067655028291645,-0.041256609402319011)
 (-0.68522009163301978,0.31690932272787292)
 (-0.45068071092311623,0.77688883022577249)
 (0.78005870030092583,-0.62403481646949421)
 (-0.78802187309247596,0.6540929443054242)
 (0.89731779844680226,-0.45773079695122243)
 (-0.11247964620639114,0.26669639519470612)
 (-0.73510308950011027,0.5495998591351885)
 (-0.12932212099060147,-0.7513114059048257)
 (0.1576564727698675,-0.36921274639505131)
 (0.53457881082394332,-1.1055679886081751)
 (-0.35973589333941858,0.49289310408810494)
 (-0.65878176467714733,-0.46366134830101069)
 (-0.46950177874603044,0.093592534541762362)
 (0.6132134340810893,-0.14424909425913607)
 (0.129436102257728,0.81897314904974272)
 (-0.24496846729893257,0.71391242216753859)
 (0.44549589134010781,0.068920203557379739)
 (1.1268978463139236,0.17202246949160865)
 (0.36971302073822582,0.41450872435707792)
 (-0.34487703483427262,-0.080380565525287717)
 (1.2256476620105345,-0.18833905578357402)
 (-0.060411730891830204,0.27463572501241129)
 (-0.92686402410276458,0.66327184665764927)
 (-0.7429928407832932,0.60088750451022632)
 (-1.1277063375111405,-0.64620006437522459)
 (-0.13192331462552942,0.08760955395994631)
 (-0.31487210529998166,-0.11177223231864314)
 (-0.088378967151251098,-0.89995150228308685)
 (1.0379615406841012,0.10523380924651732)
 (1.1232512555862375,0.76894176093457656)
 (-0.10485178025337288,1.0815608675444246)
 (-0.49264694077263499,0.60834909310902152)
 (-0.40759331860319958,-0.21507845203665321)
 (0.078928963761864979,-1.0495205419570017)
 (-0.35596066860745246,1.681111096711922)
 (-0.62712629396577313,-0.090381272433789295)
 (-0.18651016713940768,-0.085237389356224852)
 (-1.0460202459608783,-0.44464524735342753)
 (-0.46047838828515247,1.1046058688406628)
 (0.94117104008576691,0.3813938596812454)
 (-0.76559212878748117,-0.54283161460315599)
 (-1.2438130805894299,0.72207090153622411)
 (0.85468962505378687,0.66609297064271777)
 (-0.7490045191106034,-0.50766065095788604)
 (0.1259915648185399,0.4080640255007717)
 (0.022251836169554173,0.81561701313077206)
 (-0.53569224091367895,0.7311719836645646)
 (0.87844654906211428,0.72598508698545405)
 (-0.68717612891547697,-0.31547342031297676)
 (-0.74859856352149068,-0.92683141973649374)
 (0.13387937847755182,0.9148440241361202)
 (0.48413523918121854,-0.017950197733449247)
 (-1.197134475264173,-1.6079196173469352)
 (1.1106165773094259,-0.6293138526254386)
 (0.25437921245845074,0.19111290185780613)
 (-0.099468765641528567,-1.0587184017903857)
 (1.8864310905896344,0.53806394352987297)
 (-0.37604968847847225,-0.57879426329996653)
 (0.78290416578461308,0.70294968956614101)
 (0.79317307081215349,0.28913690514065105)
 (0.70659432760018448,0.076395960630376125)
 (0.41332000109643308,0.22502989597328449)
 (-1.1579289031151028,-0.57606099124579013)
 (0.51979135443629298,-0.11392478266098913)
 (-0.37810739383562225,1.115107423519895)
 (-1.1894005164433876,-0.94585101298982144)
 (0.73800965463595691,0.64052816126480483)
 (0.51788094778341232,0.12370541581879957)
 (0.50010703201731599,-1.3019827511948154)
 (-0.72084953311271094,-1.0611977251285369)
 (0.018119264515256389,0.28052829950121794)
 (-1.1032200121385363,0.28984952613860793)
 (-0.073862505034677534,-0.30098910400626311)
 (0.058253939311192049,-1.6394117334676936)
 (-0.45742979760877156,-0.65880877133461779)
 (-0.56470561733698443,0.11760776733183881)
 (-0.63010696255723142,0.26761127143495733)
 (-1.0655074495795243,-0.38170649155957487)
 (0.26526030863499672,-1.2156429629494341)
 (1.5876758092844319,-0.36323167366327214)
 (0.3625606656968528,0.34463993413694033)
 (0.082171006342411659,-0.023151241398521077)
 (-0.60348395179634995,0.33360245282355133)
 (-0.9972931454146593,-0.38864686802676329)
 (0.13110865142688705,-0.57608196669543554)
 (-0.53202658145206094,0.88906197360636596)
 (-0.07302865038491177,-0.56231257670593393)
 (0.55429865787286237,0.63352755979199693)
 (-0.53387445835965108,0.64014264748385097)
 (-0.17323805932538328,0.30113200223694714)
 (0.33102294067279309,0.33649343909355128)
 (0.071842742162070761,0.93858870811499517)
 (1.1435033796664578,0.52374928360244133)
 (0.06171273393989677,0.0089420064967194249)
 (-0.42455745307493864,0.50241594754626884)
 (0.29536079477863719,0.27843609172652639)
 (-0.44852188265568826,2.1645506399197743)
 (0.41953290738452992,0.17445022003643146)
 (-0.77272004050005183,-0.35530930971569075)
 (0.83913590955252981,0.48206593687826793)
 (-1.5885370579968607,-1.079549071133056)
 (-0.062741440175673985,0.4683945799774526)
 (0.87363571184996536,-1.162458845194267)
 (0.5490098219221673,-0.024362388104864741)
 (0.65338415614139889,-0.48353885825238224)
 (-0.31493799962203273,-1.0277938581739212)
 (-1.6760312613139776,0.35837076181507765)
 (-0.51510606094435563,-1.0166624662958221)
 (-0.24573093127519496,0.83276733597831765)
 (1.1550096964425274,0.73555132972072457)
 (-0.91258828360399014,0.21293936811343228)
 (0.60620487215490626,-1.2085750882108763)
 (0.09508588598012363,0.93106235101450441)
 (0.50273552585506875,0.2160839373440091)
 (-1.3613518124246005,-0.11828620872742379)
 (-0.3810524377940675,-1.1214870597234596)
 (-0.87584968967533616,-0.47926091874856314)
 (0.49180257189648113,-1.6416611290010938)
 (-0.3483867289160717,0.69399288041455265)
 (0.033973296052972835,1.3130160469268908)
 (-0.58302753547906117,-0.12871588871484721)
 (1.8090530199826058,1.0353685071165426)
 (-0.0041131498549683565,1.216270206314757)
 (0.1031486137030185,0.15697134774808372)
 (0.77019459554529124,-0.44708605075763697)
