# Created by Octave 8.4.0, Thu Dec 11 09:47:21 2025 IST <gamana@Samsung>
# name: rician
# type: complex matrix
# rows: 1024
# columns: 1
 (0.48491301209619359,-0.45284025653923471)
 (-0.73579212250016235,-0.60601736650027871)
 (-0.60309907590619605,0.70950604848743959)
 (-0.73542032337412067,-0.53562707482870853)
 (0.45901385798704597,-0.85897686950581265)
 (1.0441853700967454,0.81537700471766161)
 (-1.2104035193998772,0.57814568481240713)
 (0.85391997653058027,-0.9891883379355435)
 (0.73972246541190234,0.69495555562805889)
 (-0.36285997693770067,-0.15116705599126437)
 (-0.51758840340655543,-1.2293150832059767)
 (-0.68521934432882137,-0.25028192280218686)
 (-0.68960686449033093,0.65926950444339527)
 (-0.41122999205097743,0.71721963083776363)
 (0.61244294502341545,-0.74661431421284119)
 (0.50867983602080502,-0.31221223927908537)
 (0.44505990713502042,0.54275004611344113)
 (-0.30882201897069927,-0.29207748175432546)
 (0.41205807979177933,0.75902825813941199)
 (0.64657253293624251,-0.42663773318704934)
 (-0.63841629091614949,-0.62949982498297263)
 (0.62549205350476422,-0.45087959268074279)
 (-0.82507368289751337,0.05892910978932181)
 (-0.37999620788425459,0.58534912738057732)
 (-0.47472331802657086,-0.65624932615677301)
 (-0.88571482948315061,0.94938165024677679)
 (0.83785341744981923,0.81100864730670363)
 (0.82953812847045372,0.3002437458020657)
 (-0.58268914766936775,1.4860719492310395)
 (-0.57478501449749086,0.66291822549687818)
 (0.88058728565200173,0.34904833887023712)
 (0.92244817541973223,-0.14214655171531954)
 (-0.94597189107528168,-0.3623077866901136)
 (0.29167459974511956,-0.09680965428387063)
 (-0.63870748540944977,-0.68293643639199375)
 (0.65025781048646436,0.48220963926722321)
 (0.67075326536422308,-0.68442586452016874)
 (1.3121392443714788,-0.20802832504012025)
 (0.81610740999297138,-0.73319769258739231)
 (1.2167540746143943,0.42081293866779707)
 (-0.59677516913380169,-0.2959612818373451)
 (0.16602048727299995,-0.17073268898046617)
 (0.54669402022035574,-0.56567151261726523)
 (0.97850598492462981,-0.91897723078034632)
 (-0.1758286460434651,0.81136807291428781)
 (0.48486855318612199,-0.83318735085821471)
 (0.93535000549163305,-0.83305747919157724)
 (-0.69292291144112961,-0.75166907450495801)
 (-0.2955516753722579,-0.71623053620535437)
 (0.57435341711207033,0.28171092747395621)
 (-0.46531498952036016,1.4360605555768369)
 (1.0202902790124817,0.75273773705305858)
 (0.68589879844770263,0.87054134869494459)
 (1.3101894856017693,-0.49230186058287856)
 (0.16287736377599135,-0.30084090774457362)
 (-0.37409120398678014,0.95561077715977838)
 (-0.74173658244819907,-0.81273122146691168)
 (-0.5940918734827263,0.12946004356319768)
 (-0.32656767155401684,-0.72927303137674682)
 (0.7667635956893295,-0.67150947258779192)
 (-0.67641399347021536,-0.61500198150047769)
 (-0.54428560688185579,1.1579019095894383)
 (-0.10110563331226208,0.38381970329995191)
 (-0.90817652942903326,0.51097897789082458)
 (0.83092975923432877,0.14515243473871747)
 (-1.0319393394033276,-0.11403893793746278)
 (0.37436177196559145,0.5340934182937519)
 (-0.3505384780701305,-0.34209983790220033)
 (0.90232030675694697,-0.29424420560400227)
 (0.74932421150385242,-0.64676213127417392)
 (0.027518451594745363,0.52586166106287324)
 (-0.72654099347625856,-1.1625774836922829)
 (0.5952884585117858,0.36630739937964385)
 (-0.053791792271693895,-0.5966763088137168)
 (0.42764565740161281,0.98195147662016979)
 (0.67553399135778525,0.33604302539322861)
 (-0.97220445894683949,0.96889690723763455)
 (-0.5308371566023713,0.53297280776138245)
 (0.69084571486907675,-0.90066632809177105)
 (-1.4761869685080269,0.30082879448075317)
 (0.72151425486853737,0.74590472453830015)
 (-0.28187360628663932,-0.4367314369992335)
 (-1.6587946621104961,0.44346202769373966)
 (0.80263444684999719,-0.45359719133536525)
 (0.51943120219861361,0.43096796143527483)
 (0.84243004220765449,0.45050690863502107)
 (-0.77982528816270191,0.16965238782256814)
 (0.012110008685297102,-1.0254301257340184)
 (0.61595898921699443,-0.50430740244833017)
 (0.053045854519625985,0.49331856892414039)
 (0.84297776547045378,0.089303199047027215)
 (0.63792305381043068,0.7190513611297481)
 (-1.0832764934917931,0.93720660341529161)
 (-1.0865765524788029,0.29880569266483398)
 (-1.5252287254086927,-0.52956040806232152)
 (-0.42057710074325633,-0.24178538626438367)
 (-0.32380551337611851,0.77149084274672586)
 (-0.33972431228632094,-1.2234157933672676)
 (0.57843884327351902,-0.57368838777095932)
 (-0.32624875532631742,-1.0179152566397698)
 (1.1416489094129354,-0.58621931483677314)
 (-0.56215857252912305,1.1221460797827985)
 (-0.65139906604191955,0.74562493045902656)
 (0.43297083248200097,0.031925605374851312)
 (-0.61671444757990657,0.746715498979999)
 (0.89054221388917087,-0.16998178476245773)
 (-0.61218430866415852,-0.027010419458726787)
 (0.89378599198013164,-0.49861354560819554)
 (0.14318640058592258,-0.87613029017986543)
 (0.89720292289029957,0.31353639208596268)
 (0.24065088650257704,0.037389014269773757)
 (0.25756694679414677,-1.2188644217892206)
 (-0.2766871408078298,0.51476421998324284)
 (0.26746850354012414,0.74004600616524741)
 (1.1558371387917539,0.80449795733466811)
 (0.41432443735523627,-0.063621942583570318)
 (0.80998379076724725,0.35268597634391952)
 (-0.76979203977891342,0.25592261241849668)
 (-0.7341461547750272,0.91020569281924057)
 (0.65291383736915143,-0.54954242753729288)
 (1.0635402509761267,-1.0541890046833413)
 (0.55124483168352512,-0.91415136739771963)
 (0.65469599718206495,-0.21254425604539109)
 (0.30464324611298327,-0.90033154346995281)
 (-0.57906315698495081,-1.172007044920039)
 (-0.54735859755449212,-0.31642573642340555)
 (0.24369475618332226,-0.7281907989416172)
 (1.2517039482834806,0.13236259551400709)
 (-0.80252279906644042,-0.49712873862010698)
 (0.71005431874296265,1.3373891681092989)
 (0.71278792956582571,0.056342727456491992)
 (-0.81343648212072905,0.57349849928455876)
 (0.55272771304185297,-0.11336420568678884)
 (-0.63289381707449555,0.25070206322693267)
 (0.68020292961420548,-0.406851061884003)
 (-0.10538634214234793,0.70618811440559881)
 (0.56686980308531476,-0.90025459839125244)
 (0.049212480606802514,0.17965538558039229)
 (-0.40709337667213807,0.57743488581975433)
 (-0.4143454661800629,0.85572599446765873)
 (0.14043463509642812,-0.16888758831195744)
 (0.40773043295248629,0.65708756207619079)
 (0.15339475485230572,0.05075097617137455)
 (0.63420195672086654,0.51407132305499537)
 (-0.5809791576032084,-0.51904629749483466)
 (0.52756362095620679,-0.53274761222984146)
 (-0.1350239306833122,0.4286496599047569)
 (-1.1971821831479081,0.27693454619242397)
 (-0.51114314519506032,0.97327260914721037)
 (-0.83124336460954862,-0.99727327073194505)
 (-0.76916949539491131,-0.12570319553902809)
 (0.26375071819050427,-0.62400667064162474)
 (0.19547275206280387,0.41007193597832114)
 (0.26446918302760891,-0.69366273747420326)
 (-0.54737291290268553,0.59570029440121253)
 (0.031728503429008459,-1.0844096069980107)
 (0.98648069547233608,-0.086840341675667676)
 (-0.60495605109375739,-0.47331032620140523)
 (0.9872275133937275,-0.59299399799348496)
 (-1.1032560696022364,0.84561325611847471)
 (-0.57250929618577184,0.3849995682005134)
 (0.37395311188554675,-0.55974995348171352)
 (0.58277300930757425,-1.0840306552490095)
 (0.25949149808264432,-0.25465581251490205)
 (-0.95959419293104276,-0.60256266103251321)
 (0.86510588290073331,0.057432058414097487)
 (0.60710734535497246,-1.0511493033851829)
 (-0.45463839034155829,-0.85611056044433842)
 (0.073994647733266972,-1.0242350471951069)
 (-0.64375166394466166,-1.3576112978268478)
 (0.50953269947111623,0.54352032083534474)
 (-0.99373805499841694,0.256623796732451)
 (0.25849056965134759,-0.76159935634086851)
 (-0.22161228916903047,0.77653129220337735)
 (0.63836283328392773,-0.85707373808060527)
 (0.85793216254746996,0.30578598220901732)
 (0.54497215722691628,-0.27164274827638768)
 (-0.41175234784413245,0.60249783147501035)
 (-0.13975128490242633,0.71584998297730995)
 (-0.70273266243016197,-1.0582997355232238)
