# Created by Octave 8.4.0, Thu Dec 11 09:47:21 2025 IST <gamana@Samsung>
# name: awgn20
# type: complex matrix
# rows: 1024
# columns: 1
 (-0.79839210720381226,-0.82738148276373413)
 (0.60467997908592253,-0.62393180658305769)
 (-0.64753480211564429,0.62263258374677244)
 (0.70551836679577307,0.70082927968109565)
 (-0.58528737081789239,0.72949028405091587)
 (0.64616900056023518,-0.7325501365584709)
 (0.72265564849715291,0.80230342789840625)
 (0.82394646739971167,0.73102099835049394)
 (0.65552870893648152,-0.76658222329417947)
 (-0.63778909220299673,-0.68864823585091706)
 (0.71174361770360195,0.72102449739982766)
 (-0.77132218424111909,-0.6486587387283369)
 (-0.69697351239722238,-0.59709846640785214)
 (0.70838866218530228,-0.69218826970835545)
 (-0.66364924447810802,-0.65905022767257859)
 (0.77964461835219945,0.72314453907567455)
 (0.52392709706637097,0.73384498890093119)
 (0.78477593388914202,-0.6761994151138333)
 (-0.74070803717333122,-0.76667078911879905)
 (0.70462669583486415,0.79467646701657313)
 (-0.79526099895375157,-0.68078012968856483)
 (0.8338538879886418,-0.67414366100471834)
 (-0.74841719364424097,0.72950817465709117)
 (0.64332294547031776,0.6834866481549462)
 (-0.76130948588307523,0.54112628450719313)
 (0.6640118920987681,-0.6659942322273632)
 (0.8387655568671154,0.715941732956896)
 (-0.82412845072914032,0.49250164551479941)
 (-0.80748741914088451,-0.7076624498168087)
 (0.78698051561497717,-0.7572414626858609)
 (-0.71905485238607414,0.80062743682061466)
 (-0.64360848578593621,-0.68878460420844678)
 (-0.65172991572739303,-0.71221236982757663)
 (-0.77631277962927248,0.73494832963710577)
 (-0.86077037352732932,0.69183503540193747)
 (-0.63882320833688833,0.69484807975305263)
 (-0.57454162745633486,-0.70138802234017628)
 (0.78465447665881005,-0.8739449716601192)
 (0.70579449054980758,-0.74332971057661512)
 (0.63570602237460727,0.62539191965330132)
 (0.56756822151284747,0.87770365954089391)
 (-0.73256140309598994,0.77500002813976576)
 (-0.71284303381515102,0.56854532678853409)
 (0.6572161373297859,0.71889793423395199)
 (-0.68417092423045867,-0.77909376952318199)
 (0.63036488814884717,-0.74708496633182842)
 (0.52674816994359264,0.81078276843527286)
 (0.73862021127836031,-0.76125124255674803)
 (-0.84762456242412731,-0.83889201930493396)
 (-0.6368237433859345,-0.70433197228117761)
 (-0.79725205799692567,0.77799322305906038)
 (0.72163247690294152,0.64635025282670067)
 (-0.75204299373888717,0.68370870158666008)
 (0.8184793873530456,-0.71114204798553704)
 (-0.63734741732036237,0.71387118141557959)
 (-0.81217650019347309,0.70469460566140973)
 (0.70008654479589094,-0.68579110337166982)
 (0.64270545103107601,0.68417368065943973)
 (-0.77898181896867558,0.66560422069239911)
 (0.73368867266599913,-0.61167284296393609)
 (0.77833525427081141,-0.58803727645822157)
 (-0.74828939728753574,-0.57338288892779743)
 (-0.70389617114612868,-0.82761180133921775)
 (-0.60647910962903118,0.72119059910517191)
 (0.69959799130197342,0.77376945383905449)
 (0.71120541541188687,-0.82189623786702248)
 (-0.80260970939565945,0.65366489448716536)
 (-0.68834941452508813,0.73261772138003467)
 (-0.69531586808807255,-0.67907205560492168)
 (-0.80014970959641607,-0.56192780565219436)
 (-0.68935948790904622,-0.6865409595336659)
 (0.6950618858618558,0.67470234725682654)
 (0.77716671431269035,0.71465264486463442)
 (-0.69213847340149037,-0.73965026017562019)
 (0.72069271958130632,-0.75608224935136648)
 (0.67267012951586069,-0.68206602034374475)
 (-0.73251356999086736,0.72270249992068591)
 (0.64538998101709855,-0.74598639294598468)
 (-0.68171305725485509,-0.61769903032222073)
 (-0.73173261479946872,-0.52067189588573359)
 (0.67220582434433229,0.65135882161713066)
 (-0.76279577443616331,0.80252403358758839)
 (-0.82002525542854299,0.73864679734758054)
 (0.68109936305136198,-0.730088990905298)
 (-0.6734592515286929,0.73338739362178729)
 (0.7501377886813112,0.67791871849758301)
 (-0.74884498526947152,-0.80343700153887754)
 (0.70380101831071584,0.70599840147804493)
 (0.67059351714474025,-0.78983491504453873)
 (-0.8709139947434974,-0.64174097645519756)
 (0.77109720603287257,-0.6600024773142209)
 (-0.66201867006313098,-0.66581981905250831)
 (-0.71532924891655925,-0.76233168469848711)
 (0.71149889646743369,0.7768437924054562)
 (-0.63163136328975766,-0.83083585058087928)
 (-0.69151170134972995,0.75893351968718048)
 (0.70152127163181677,-0.73411450551041024)
 (-0.73643276649347633,0.7668506662965251)
 (0.68976317280680133,-0.65960874312497375)
 (-0.7095477172285658,0.79272269968148967)
 (-0.72399034961186792,0.64781778368771858)
 (0.7525953269761213,-0.65807913747712532)
 (0.69496464433638971,0.66650024788396178)
 (0.75301268386392128,-0.71067031010039039)
 (-0.73805314166430946,0.76071609271915563)
 (-0.6313839549486191,-0.80793769330206344)
 (-0.75071649612078328,-0.85573655349670585)
 (0.63573445618520097,-0.62537885905256951)
 (0.58953393334219717,0.6766990646842892)
 (-0.80838296648843988,-0.69554306186853376)
 (-0.71702386070430424,0.708494200971298)
 (0.67283927615846884,-0.71748519940894162)
 (0.62973539681881263,-0.76331192857660035)
 (0.78304848074759814,0.58843014807427318)
 (0.73977633725796343,-0.62980490783030263)
 (-0.81978187724285079,0.7660861189188809)
 (0.73472855812253968,-0.71245781542027264)
 (-0.65887695848633165,-0.66529748796496624)
 (0.60975982727250866,0.62557298439440112)
 (0.69372826528671727,0.59402556459150557)
 (-0.64907618581697479,-0.74889360883163514)
 (0.66517915800994531,-0.797526857951941)
 (-0.79246407557470078,0.62164841702952389)
 (0.70216867653492021,0.78846272172794518)
 (-0.64737796554306659,0.61905183425350852)
 (-0.74850772235412921,-0.6601117185971549)
 (0.63000012229980562,-0.85175465791171612)
 (0.75751675870905033,0.5664499174681239)
 (0.74798037092190306,0.75066316184016868)
 (0.69741346412300453,-0.78713054786593872)
 (0.6715862909483401,-0.71663083044462095)
 (-0.84165625766507346,0.66017818616816615)
 (-0.75540275693402559,-0.76873818118514647)
 (0.63857914116416148,0.81575243125259389)
 (-0.74704646700667166,-0.7732598993944324)
 (-0.5534566868711166,-0.63326022858950093)
 (0.69924665444295953,0.60343943018351698)
 (-0.64617613658149142,0.62339902203268871)
 (0.66397038268280073,0.65780292749250313)
 (-0.65301491917011134,0.72803692326217195)
 (0.68771650807798201,0.86321309173206151)
 (0.80474287561786739,0.78219927358241559)
 (0.61218478136965992,0.79680287597446164)
 (0.66420470317631242,0.775808246604761)
 (0.58429172995698431,-0.78650381945978709)
 (0.80788417217347797,0.65484088144535901)
 (0.76033902093192174,0.71144545689693284)
 (0.77230198442269737,-0.69515404226684674)
 (-0.8095187938929973,0.67184291939652196)
 (0.74413167463279861,0.75682092672179835)
 (-0.58371642654115363,-0.72069619747446512)
 (0.817082280776806,-0.71757377128894018)
 (0.65722258298428338,0.75007053794235801)
 (0.60383717361360933,-0.62494183499603007)
 (0.75403967866433208,-0.79075545627856048)
 (0.68799433495127171,-0.64868695075773219)
 (0.68204134608265965,-0.70378720382628723)
 (-0.82086981313843932,-0.79125116015180363)
 (-0.78457554053433587,0.73794065939335796)
 (0.72021407344960409,0.67921239927965193)
 (-0.74138074908011153,0.66257464137445987)
 (0.74370240217864569,0.75212042395797118)
 (0.65113313749850976,0.66689112810459028)
 (0.57305106833477382,0.67619775963253004)
 (-0.80208498364056768,-0.7677187525787752)
 (0.66429143487023001,0.67661664346785855)
 (-0.69104128145974386,-0.72004012435867137)
 (0.78258438885255399,0.7423291901427993)
 (-0.61348954558728197,-0.59065256841117497)
 (-0.70499697179658294,-0.66494890609846269)
 (-0.85092069726439601,-0.57578318749762969)
 (-0.79670086355002456,0.61880139955444702)
 (0.77576690507822565,-0.72812043574069885)
 (-0.71395523324821686,0.73993339259558644)
 (-0.80975615338811391,0.55837131199861112)
 (0.63587099502836431,0.85328997471687063)
 (-0.6960525747523596,-0.72278803615776832)
 (-0.83352443218352124,0.78049622443911693)
 (-0.76005105585859045,0.62231631453702407)
