# Created by Octave 8.4.0, Thu Dec 11 09:47:21 2025 IST <gamana@Samsung>
# name: rician
# type: complex matrix
# rows: 1024
# columns: 1
 (-0.83933372259318451,-0.4353241031016204)
 (0.17721143516483984,0.71211410388240082)
 (-0.813681833009686,-0.45144194947694216)
 (0.90599806357884272,-0.91429273436913094)
 (-1.1170913026651816,-0.53979800196022631)
 (0.70040013996763928,0.56886316164535866)
 (0.40037185988595886,1.2139177971359503)
 (0.67966339665385023,-0.42974685354206349)
 (-0.42970406593943866,-0.22834056046731677)
 (-1.4649229468069913,-0.65314017470376862)
 (-0.084396255627118555,0.58530278463723007)
 (1.1247458281133413,-0.60503818456967706)
 (-0.69731189130975613,0.90978824629382171)
 (0.25254752744311232,-0.98515938993455965)
 (-0.65935414561380168,-0.91513732836446793)
 (-0.28075112411449205,-0.42913733669490356)
 (0.68096208022823823,-0.091638354128933286)
 (-0.3282278305541016,-0.6541938331601016)
 (-0.21279763563520565,-1.1564668476022144)
 (-0.88643039536889678,0.61442990977864143)
 (-0.66385638134528646,0.57227987219140175)
 (0.51783116241089089,-0.10644046285846426)
 (0.41604822894616172,0.96076099337070864)
 (-0.33977847513365045,-0.82985186088378471)
 (0.23910882014590856,1.1730264588827959)
 (0.51891301255924605,-0.74813981296860121)
 (0.24023744286631565,-1.3415332401633653)
 (0.84898021199095597,0.45113338377647799)
 (-0.93522476231918861,-0.90541783644226703)
 (0.47576195278736505,-1.1060943653198223)
 (1.2768727291552775,-0.48535767515873085)
 (-0.61951527703822928,0.69078869508103513)
 (0.270059519480771,0.7583644349693478)
 (-0.60915296312498102,-0.77448811741586576)
 (0.37227955593850615,0.16737376637199106)
 (-0.82291013967152815,0.75065900569655031)
 (0.32053239178882453,-1.0544139703422994)
 (-0.33011908147695762,0.44994159279263995)
 (-0.36189927868042959,0.83024374455780126)
 (-0.22292025180537933,0.83463907307005492)
 (-0.80889238425454346,-0.3418049770930775)
 (0.66737201625331211,-0.21055547909810196)
 (-0.7224932483296882,-0.48838083263207666)
 (-0.14941706961438941,-0.54891584569321605)
 (-0.26483651789938406,0.26314310224725918)
 (0.86916921983374729,-0.1189328752682991)
 (-1.1322513775325713,-0.83335221944218707)
 (-0.85448323909442259,0.34254094968415821)
 (0.77235678553275477,-0.94389900737171362)
 (0.61397182553139995,-0.18753689021547365)
 (-0.70342909379395635,0.42985063832848203)
 (0.4091673380474925,-0.47603996680132377)
 (0.69149414796976094,-0.20455639143202037)
 (-0.77817582396114138,1.0671004867222129)
 (0.35827989407383182,1.1038307505181266)
 (-0.46510566858926722,-0.464171765397762)
 (-0.75536179944739623,-1.0353456884705805)
 (0.60155212598091978,-0.71849233888960273)
 (-0.058492461645139937,0.55269076351133983)
 (-0.87003303172247914,-0.0034088552300298169)
 (1.1315097436065518,-0.27328822283153337)
 (0.48667536007644163,-0.21735617914029326)
 (1.1332206901552073,-0.79529272961587394)
 (0.63185916508762696,0.47411365032793956)
 (-0.89531278779468926,0.31046026947005745)
 (-0.27868366493756014,-0.76711161321140375)
 (1.358902407960942,-0.27474897175071711)
 (-0.56872931155251527,-0.6900916998741019)
 (-0.20065524074655633,-0.30024932994352344)
 (0.95066163323170649,-0.3852569553208548)
 (1.0780830121704117,-0.96612605052401124)
 (0.60949426976965204,-0.50784726036174488)
 (0.71760867047618804,-0.57507749541596642)
 (0.60221328679288244,-0.43948471067266132)
 (0.15154036241964564,-1.0513112526898682)
 (0.61164241708309175,0.34960071033449081)
 (-1.3341790379550325,-0.52240092551689754)
 (-0.280715548886105,-0.78826137863619361)
 (-0.81800788152783444,0.45841756242802933)
 (0.39739208007627069,-0.76799412640585873)
 (0.53658131985608748,-0.52603798546211522)
 (-1.529820028548623,0.95073289520874793)
 (-1.0070082768747475,0.098336359681262642)
 (0.64761232600068808,0.58200386095990786)
 (1.0858530151302781,-0.070812611064106301)
 (1.0787682964366634,0.39016857080583789)
 (-0.62395018489258136,-0.56611366315437006)
 (0.10867188015755823,0.16399557464509829)
 (0.32484053280869518,-0.13650406161824485)
 (0.67108457152442968,0.81702908666620966)
 (-0.56980976818301343,-1.2839098275309075)
 (-0.33995386126692773,-0.3692669066461236)
 (-0.2424920336482628,-0.54033749973447331)
 (0.50850240088167609,0.7076764842276877)
 (-0.44966960410391399,-0.67833301270349045)
 (0.94503717919720343,-0.086623654767065517)
 (-0.46791865588673404,0.15389681833820773)
 (-0.30599097261788022,1.0007752430186367)
 (0.56940341550880236,-0.90815956477208659)
 (0.68415372068742086,-1.1780710807050281)
 (-0.069258666736521063,0.49229708331496635)
 (0.30352744112482133,-0.37748777189111549)
 (0.39559537999983507,0.29861824954173177)
 (-0.44453061080229012,0.4178841070767581)
 (-0.33647782381912472,0.69615625144030069)
 (-0.80087393331731538,-0.067969603830679015)
 (-0.54686381067466749,0.31247754595403415)
 (0.96726144800377345,-1.0108739296574316)
 (0.85837311646808989,1.1947443565079865)
 (-0.54026264766752086,-0.84035848232155008)
 (-0.36113738636333076,0.80858338540359131)
 (-0.52777120810340339,-1.0637323643052883)
 (0.40225842226243197,0.18213590927478968)
 (-0.17634259764333921,0.87947885716037266)
 (0.74579179008089769,-0.4058140748172927)
 (-0.60212459774420501,-0.54845001829637441)
 (0.41887932411655093,-1.1517319967989907)
 (0.90681825813704942,-0.12986776220905938)
 (0.82262396794584192,-0.63875139656539359)
 (-1.0129055582683719,0.10927718689053811)
 (0.2562142454417059,1.2014455921354066)
 (1.0206135191468007,0.54959045990685973)
 (0.27593307881200929,-0.10082547998727491)
 (0.52283662443355861,-0.65553537825046171)
 (-0.75715359759213818,-0.90608675611325928)
 (-0.3836939569362714,0.64171315341100454)
 (-0.53178946682186001,0.55838047610430352)
 (-1.1746951936829215,0.19896937090491373)
 (0.66638291647045911,-0.20360611944944218)
 (0.47978725394300376,0.52230779657555604)
 (0.71057326507877039,0.32919326214517958)
 (0.60746564409217707,0.60871769211428317)
 (-0.25689025981649843,-0.39756669768868275)
 (1.1732945961165919,0.57721640828849541)
 (0.61021739968879518,-0.61148470838701119)
 (-0.98820358183035273,0.84863541180401558)
 (-0.32878562985726234,-0.66594001335110808)
 (-0.47277281009911898,0.030002155878334075)
 (-0.63862588825981226,0.46013287642411294)
 (-1.1869250155497599,-0.81277047907218569)
 (-0.298174963587722,0.98955636278309522)
 (-1.1723313063043759,0.84897927970076992)
 (-0.53730904393085188,0.24449444586899488)
 (-0.75707308226530368,0.18201654867833073)
 (0.54135047931510649,1.1469949829247412)
 (-0.6706186498750043,-0.40508277694657513)
 (1.0237699778085827,-0.17219730527158988)
 (-0.49734664332751261,0.77795469238784576)
 (-0.12727394006199455,1.1703368568275008)
 (-0.87387592900484667,-0.64333660919972113)
 (-0.9535803966332741,0.79478784028448279)
 (0.24191197965178135,-0.51867167602588127)
 (-0.3536959086058914,0.41593677103033255)
 (-0.54681478321820665,-0.91137929343362067)
 (-0.70144677697443292,0.72546149126935722)
 (0.49127380866232667,-0.46616392566880954)
 (-0.41640924369417542,-0.35624496866488331)
 (0.17246629246990192,-0.70939550790713946)
 (-0.762765327475046,0.56990966168707813)
 (0.31763909396393192,1.2339884534286252)
 (-0.41234814846236345,-1.0213294783151803)
 (0.59766394769446984,-0.45568567455137488)
 (-0.36860860446905663,-0.93902627763170443)
 (0.61449373765742576,-0.21078532699032301)
 (-0.21801027587414401,1.1601512162367811)
 (-0.51337898819230698,0.20219313745873518)
 (-1.0068524226898363,-0.29092194963891199)
 (1.0027241611022952,-0.75966539856296922)
 (-0.5878667235140691,-0.59843285544589198)
 (0.99725858984599669,0.73224161713816294)
 (0.26426907914534298,0.50133180525042853)
 (0.28209790962560349,-0.25667743360422951)
 (-0.16336978298182753,-0.057285254053135573)
 (0.86343907868506919,-0.52758216987128104)
 (-0.53600189343121296,-0.41421973199831291)
 (0.62809550609320219,1.1270390458090211)
 (-0.14089748656902776,-0.52107181944659453)
 (-0.50538990605046186,-1.2080166519293072)
 (-0.34240673123180199,-0.4102629072853764)
