# Created by Octave 8.4.0, Thu Dec 11 09:47:21 2025 IST <gamana@Samsung>
# name: awgn20
# type: complex matrix
# rows: 1024
# columns: 1
 (0.66136433297695585,-0.72911834283675014)
 (0.72621612481393782,-0.59200149273742531)
 (0.7819738655219669,0.71355812557150333)
 (-0.68013229636681116,-0.77615788611534686)
 (0.74277983255996727,0.62698718541012666)
 (0.70992932223719629,0.58581360351677503)
 (-0.80033931518531598,0.69942436181242174)
 (0.79592561098993886,-0.62335276122425354)
 (-0.67008238015768073,0.7599342686990993)
 (0.74220328581489092,0.57730000067702725)
 (-0.68666751816656268,-0.75899390655424848)
 (0.66980650706245104,-0.60094459729601346)
 (0.7901292912749347,-0.75268742858152626)
 (0.71087229952254827,-0.70379170436893368)
 (-0.7586759129018984,-0.70634118332432194)
 (-0.76902544989923871,0.79270330362306529)
 (-0.69648924253125821,0.79947237243869396)
 (-0.70022904819297616,-0.64431315881397855)
 (-0.73396418459355972,-0.61702817748100847)
 (-0.72932947140499838,-0.64348519670083448)
 (0.73905432497880974,0.74295965386394847)
 (-0.83806191807118458,0.74659205660434613)
 (0.60146314547638513,0.73869539873520529)
 (-0.5700194078289299,-0.63279735111227076)
 (0.66751261127281236,0.57358682060148602)
 (0.69797422275875975,-0.84971320976604858)
 (-0.62192241942255433,-0.59092934275854381)
 (-0.56823550865733008,-0.78087207550338467)
 (-0.64754706901284431,0.6121699999120811)
 (0.63199694486729929,-0.73798568492715222)
 (0.73659395360153013,0.71983424777453175)
 (0.72980866416138468,-0.70601432326668401)
 (-0.64233693210069609,-0.65582689493281709)
 (-0.69607927106262946,0.69138750146018835)
 (0.59837558383153533,-0.72320160118761767)
 (-0.82393499004397253,0.63030435950894892)
 (-0.77270728439016145,0.848698912170741)
 (-0.59456736221997231,0.61765709265160074)
 (0.69717151881586858,-0.69776297121853015)
 (-0.70093626883969817,-0.65643793726586175)
 (-0.81360461648070004,0.61791011661308703)
 (0.81909693396304317,-0.78952122103568412)
 (-0.76648454806263933,0.80651112563745064)
 (0.6616301145636192,0.6629294687352919)
 (-0.73519070620538007,-0.70053892493676528)
 (0.69774317965312294,-0.70930217320972444)
 (-0.59124651401950923,0.57737062332539613)
 (-0.82640676461296592,-0.76580169562951173)
 (0.76772653781175637,0.57691980371419205)
 (0.7528873458641413,-0.66961272368662728)
 (-0.77329117985270912,-0.63183275999357114)
 (-0.78528916561392204,0.80031869007088963)
 (0.52460776852592805,-0.73493255188753326)
 (-0.74662161900853197,-0.6930651626611144)
 (-0.80352927708224731,0.94724918528042956)
 (0.60797899545185363,-0.72296229341742291)
 (0.7177027427877638,-0.75235086783492289)
 (0.71004635359668367,0.7049663447045893)
 (0.77938862503779172,0.79365138105667121)
 (-0.77483448357309326,-0.65554413358468)
 (0.64915097665617294,-0.74364271158215978)
 (-0.53950702186650379,0.70520068181695394)
 (-0.70823542492855474,-0.8170677507578169)
 (-0.76098479193031598,-0.68245919599309535)
 (-0.72760318271892499,-0.63796003326801798)
 (-0.75969742361333881,0.82021431801570555)
 (0.67158290028912937,-0.66972284052535813)
 (0.59054197236327999,-0.70433696535990498)
 (0.73340635003402288,-0.85171414735140394)
 (0.69612707853146438,0.76238440197931023)
 (-0.66057729193283887,-0.79565396793290477)
 (-0.62370835402441149,0.74850792840465663)
 (-0.69962587753019623,-0.78317542606168189)
 (-0.67295109776713735,0.67517813519475889)
 (-0.74111102645252525,-0.72773025602904684)
 (0.64216175664270836,0.72530665565964569)
 (-0.63273219630368049,-0.63560949828710434)
 (-0.73599281586320286,0.6254008935306784)
 (-0.80711562320104202,0.6692725668527143)
 (0.72409150004852718,-0.73928614499692624)
 (0.63868420259138503,0.6970404105024981)
 (0.66996991235598768,0.76385706367501427)
 (0.71284727587328101,-0.81241554758709789)
 (-0.71167044504661003,-0.69186618592003846)
 (-0.77212330454733102,0.82462595379049053)
 (-0.70535837189742168,-0.6735071642080851)
 (0.74062156013283742,-0.88911223476481038)
 (0.6948522488619181,0.70435544927106963)
 (0.65259120755088174,0.64006467073361373)
 (-0.63958115908945357,-0.71129033616716031)
 (-0.81701639860234332,-0.63066941488913408)
 (0.65055654564963683,-0.73128591196449844)
 (0.65827304229521322,0.76404934239754951)
 (0.74495896377748161,0.70740875208529908)
 (-0.82107876278341863,0.57308751541515845)
 (0.75556173603356525,-0.83891754388025375)
 (-0.6949368408784885,-0.66188595418319962)
 (-0.68250579504708897,-0.82748712821117276)
 (0.78553414429245849,-0.72187119361940844)
 (-0.67098497576135885,-0.64319271842345371)
 (-0.5330414803078537,0.70838059424010835)
 (-0.73136536191220125,0.85754754333566996)
 (-0.81046673363512678,-0.74673129569152596)
 (0.81307068844947383,0.79449739840604106)
 (-0.80711191035730356,0.90462462757192852)
 (-0.66680751572263697,-0.69212854686427538)
 (-0.61688906721818992,0.66699177866782078)
 (0.63625181192380331,0.71776812881072449)
 (0.74950410043538174,0.74183339700493445)
 (-0.7436502527592368,0.7140758786808441)
 (0.70235149440073086,0.62856159704492764)
 (0.59475503895504067,0.71447632392004246)
 (0.6647942421898827,0.61940782987131482)
 (0.63696407428153956,0.87380736371710233)
 (0.7100024568492288,0.80248120576750548)
 (-0.75965260313512228,0.69058472675412397)
 (-0.77084219984080005,0.74952941660397032)
 (-0.63779518399936508,-0.68119142622382844)
 (-0.66155790063508402,-0.72613139171675445)
 (0.73134611455014165,0.65052311613148828)
 (0.68691830253911057,0.62669125851540086)
 (-0.62292094609067461,-0.7715961726562921)
 (-0.63686083180323405,-0.68706160248415848)
 (-0.70721247205557047,-0.8114871948454867)
 (-0.61400911910037337,0.73519506144576519)
 (-0.6544241626828774,0.68396175218254407)
 (-0.49744950242105956,0.70524463997200593)
 (0.73204777696773948,-0.72034199259318832)
 (-0.70662826763786135,0.67031696716994249)
 (0.6390865438221337,-0.69543889431974726)
 (0.73766124998154603,-0.6743042133166286)
 (0.81060100574235938,0.71918421532877785)
 (-0.67417693950380231,-0.74274833939916984)
 (0.67698679489377578,0.73293695370211343)
 (-0.64665082845799127,0.7497861785422445)
 (0.6297418230802162,0.73005471464862881)
 (-0.87774923503312419,0.7365609766445077)
 (-0.72499812089961135,-0.82899129645866054)
 (-0.69803644823838873,-0.65119134857142014)
 (-0.64884146702581125,0.66399893976009405)
 (-0.65326927484933872,-0.76790976669495159)
 (0.8537439672482886,-0.76789033852502253)
 (-0.68008533729167275,-0.75811168309640986)
 (0.62806831809964514,0.66889694395640054)
 (-0.85325145637989119,0.60563616344929039)
 (-0.66902738461592459,0.77612512801169431)
 (-0.70652965201921669,-0.70729368795714898)
 (0.78479725391764743,0.56191630473000997)
 (-0.73297858872559152,-0.55775604591501859)
 (0.73006804274664394,-0.74368773712723213)
 (-0.67844298501525213,-0.69165524559896707)
 (-0.73856426280944598,0.73035218759568021)
 (-0.61877007111720217,0.78980033620589019)
 (-0.71437945434569416,0.76346479528152822)
 (-0.78434596125363054,-0.59098492647818057)
 (0.7342244262359453,-0.72346456280728821)
 (-0.73107450047946188,0.66704752432620784)
 (-0.75244473687292346,-0.72744746256394999)
 (0.66540068480541859,0.72351765818696911)
 (-0.69716438606122411,0.62878452320779032)
 (0.62154932705135579,-0.75842875621341299)
 (-0.68380286250799394,0.70911354861248677)
 (0.77800762571248916,0.61870390297366029)
 (0.61793440207622752,-0.65450742889288627)
 (-0.6906892850498223,0.80670715080409461)
 (0.69262934773363483,0.5873925715240127)
 (0.5709706701782219,-0.67584530470295257)
 (0.80995529793185117,0.62666354538050073)
 (0.71095958154441574,0.71020300858177454)
 (-0.71591533445586275,-0.73798299244485055)
 (-0.76991724938800554,0.77017290159043927)
 (-0.73611174896136389,0.74570868503470256)
 (0.77469134440905285,-0.71628489447155286)
 (-0.75618766293980344,0.6326933025482101)
 (0.69901719068747981,-0.73902403198263444)
 (0.64818903265756644,-0.55254059166721881)
 (0.69714415396335938,-0.74049864957194633)
 (0.78198592868662198,-0.68889076794384563)
 (-0.63923932951214391,-0.75633901993072694)
