# Created by Octave 8.4.0, Thu Dec 11 09:47:21 2025 IST <gamana@Samsung>
# name: rician
# type: complex matrix
# rows: 1024
# columns: 1
 (-0.32080494743148025,-0.47774407426638932)
 (1.4451631066959005,0.75591368893193023)
 (-0.095235151835693518,-0.28601712506675042)
 (-0.1936794106421742,-0.89971260481021842)
 (1.5442163687076569,0.40465800648920847)
 (-0.85103304224302123,-1.4336481125267144)
 (0.74076150744797065,1.0826610727819705)
 (0.41479463118600185,-0.87201996228802803)
 (0.40196314491036589,0.23849666597920025)
 (0.83482635881117018,0.37504763540654501)
 (0.54038275145654779,-0.57562678956889068)
 (-0.59814774934089088,0.65406619240350961)
 (-0.45653751509845231,-0.71510860527866571)
 (0.45825376312180199,-0.26311452554520354)
 (-0.63884218374168888,-0.62326014503231031)
 (-0.92997224679259372,0.40352037916192374)
 (0.97485163498059646,0.43780591608277342)
 (0.71466110613387457,0.29911006095332593)
 (0.077454252937617596,0.92197859337144772)
 (0.38733048047697166,0.4118724581062943)
 (-0.69193055031451878,0.59237813595152766)
 (0.93829228740645809,0.436348068617816)
 (-0.30468220360441789,-0.58826401970929187)
 (0.81417044650929626,-0.88852397740702438)
 (-0.69244521009438698,-0.30195468153077476)
 (-0.48530235979291753,0.62114812872901037)
 (0.67809866221427784,0.65681346129350604)
 (-0.37377495445952347,0.61087038059542187)
 (0.80633093194765459,0.21003531282258342)
 (0.23959735726229292,-0.61994236994717811)
 (-1.152589882089607,0.95126851003442303)
 (0.076304262721949678,0.94221153526320567)
 (1.1182342090331465,1.0840099211662779)
 (-0.23981365983846506,-0.69227639251682294)
 (1.2392554068430433,0.09958185808255815)
 (0.41852254071863154,-0.82874234124290647)
 (-0.22008395910716716,-0.88719601771434953)
 (-1.3117104165350695,0.94403215888418557)
 (-0.53590950850469354,-0.23479573192870548)
 (0.45535939177129414,-1.1113212810003872)
 (-0.35047723928528551,-0.6277540199344942)
 (-0.36166676221713079,-0.89537538143842599)
 (0.64211813775830473,0.68767367429526338)
 (-0.29743837357083369,-0.6356838877915576)
 (-0.48779457034570434,-0.63164629704446096)
 (1.2607629772908786,-0.41924329172287317)
 (-0.68428379680402407,-0.85236887001023254)
 (-0.8930864706916255,1.3673167204799319)
 (0.93458284423952365,0.11310972696814892)
 (-0.44718872464025594,-0.14929068532240108)
 (-0.47246093475628709,-0.34138795917459358)
 (0.7379815093678288,0.31017056167225987)
 (-0.4549985303518595,1.3425024149091793)
 (0.97626283680623027,1.0883806990948033)
 (-0.16443326442161882,-0.52627262168015454)
 (-1.3044699090005667,-0.43377373016639997)
 (0.33942204728451242,0.60334325527016297)
 (1.1465121852735505,0.81790964849872516)
 (-1.1254799932096891,-0.46042419200996398)
 (-0.80256689553337091,-0.44038965866534219)
 (0.76478789302571148,1.0126396063401553)
 (-0.94840340700635317,-0.50740753108960002)
 (0.53789955476058648,0.21083997275060007)
 (0.51105347436146709,-0.51618603218807457)
 (1.0073817803281588,0.57878939142804764)
 (0.63583688692488716,-0.042387410388832258)
 (-0.34541925710712301,0.52438988589972813)
 (0.91404534239772084,-1.0544640966959671)
 (-0.52925800492469322,-1.1787203215027571)
 (-0.11546897715498122,-0.75703743979789628)
 (0.10849839212035062,0.75721217422433917)
 (-0.83739004847520593,-0.38588072651992)
 (-0.40103384003542625,-0.59786835314793418)
 (0.68532818994255618,0.71554671036009554)
 (0.49037539953141496,0.41744048201632278)
 (0.70116419637184912,-0.65306505880408694)
 (1.1910766923745866,0.73756664688799911)
 (-0.5843585102544766,0.84753292656259749)
 (0.22452462031564105,0.53481378971400484)
 (0.8551153634861195,-0.76746456432441779)
 (-0.55455983902309014,-0.094189100935272441)
 (0.51816845402588718,-0.64198422970475211)
 (0.17259918430299687,-0.81082772184259233)
 (0.420098230803855,-0.79544096467971825)
 (0.77564946840008786,-0.6078817093169635)
 (1.0611799567449416,-0.27691409721249494)
 (-0.087616422698356011,-0.76010927947384666)
 (0.93887516915388181,0.66634972218256883)
 (1.5007938055944927,-0.72788379968199557)
 (-0.51331826828797378,0.88388603803088661)
 (-0.25636773236120847,-1.2207643472385619)
 (-0.42151848881016241,-0.15987149309489224)
 (-0.62101060423115051,-0.33213652930019677)
 (0.6879733731161688,0.82616606146665217)
 (0.32801129835575782,1.3319743533403718)
 (-1.1649693113207769,-0.36794241485171036)
 (0.049936607042393999,0.77371659352362099)
 (-0.60629689041343615,1.247694364899627)
 (0.64738269892420097,0.17695465967224533)
 (-0.22458968956162736,-0.66541712166800171)
 (-0.49181861952212791,-0.078246656217039329)
 (-0.42890789684985692,-0.19166086661345988)
 (-0.90308716785211707,-0.1020069323700179)
 (-0.17928949391313864,-0.59985424426777645)
 (-0.74502488018384994,-0.71858776342950814)
 (0.015324431110714465,-1.1217603821179014)
 (1.0617683502038364,0.92001254551892708)
 (-1.2770378140752723,-0.1360928221504869)
 (-0.29041204356345091,0.71835123255311228)
 (0.49520297402991381,-0.51418489526479449)
 (-0.71156271399247961,0.79433998952132767)
 (1.1787622727787026,-0.40318193189503254)
 (0.93410238472438223,0.52730015321498025)
 (0.96426045429961815,-0.32595141424333274)
 (0.7351245319306442,-0.70489580180943123)
 (0.48200144300261411,-0.35830627942440924)
 (-0.44919688567196975,1.0300839695605344)
 (-0.72357224027518341,0.65044893731519138)
 (-0.8036053963856864,-1.2063648219126792)
 (-0.10982504711011687,0.76549788585533363)
 (-0.7393233179527634,1.1833873920869662)
 (-0.87138117306569374,0.022579010998937277)
 (0.83547595451675716,0.10352045320085951)
 (1.2181188414376569,-0.038971551223910939)
 (-0.71935980367543362,0.45002376190767213)
 (1.1538850177371616,1.0324764946172846)
 (0.30273459983858308,0.75753025054173584)
 (0.98932851503095454,-0.23090345555002184)
 (-0.31043978567037606,-0.77900053807715741)
 (-1.0248879238781763,-0.57520917762948753)
 (-1.1103028136099118,0.35407170715272718)
 (0.86085159877940365,0.42146039391586698)
 (-0.12249766399346639,0.080651646909564875)
 (-0.76922214971030944,0.84776742274420369)
 (-0.71932922680613287,-0.57443237170101336)
 (0.2331685327659328,0.94015445972149414)
 (0.5614012330722532,0.42478162574462969)
 (-0.87674723310482694,-0.74976358760630335)
 (-0.57417055679723639,-1.015850341393485)
 (0.37153742451131255,0.55904492766706271)
 (0.31495813559321179,0.82748479770207428)
 (-0.099665295423179506,-0.42837625299361137)
 (-0.13185619655713068,0.57532341509266205)
 (-1.1211778696156476,-0.95996964114322059)
 (0.55845596824665644,0.85705025364124199)
 (1.5260454944153836,-0.46190153950825763)
 (0.4916079472233339,0.1675796942381674)
 (0.55532868806565872,-0.065980184740900005)
 (1.1959732017635418,-0.52304589818272629)
 (-0.25700417416433219,-0.094610895024155067)
 (-0.74234223987583348,-0.42181802428896797)
 (-0.95701630112210934,0.70464683967155106)
 (0.40553692117465739,-0.48152257299444218)
 (1.1641969928592546,0.3815461942004057)
 (0.4785250649716779,-0.86484343437170952)
 (1.0642859062429488,-0.52032528949548107)
 (0.31124506199464791,0.60157702177051675)
 (0.64660439858487451,0.88017007976585149)
 (-0.72175865088568469,-0.36235919840636444)
 (-0.84210670302059198,-1.7249669728725008)
 (-0.058950564785409165,0.46498025094225215)
 (0.34468707021522083,0.72175700603063253)
 (-0.20299679891667566,-0.67824683179506651)
 (0.40900526048314634,-0.95930343861962919)
 (0.19561954622258537,0.0063836328275010817)
 (-1.0693439139327834,0.71952155297275944)
 (-0.74422929426775908,-0.62825208151673118)
 (0.59957067886697379,-0.49162962723161568)
 (0.2343390516611332,0.63703317760951161)
 (0.17934481765258858,0.9670346371581463)
 (-0.88773959668119939,-0.90099156412828285)
 (0.83100618700695983,0.40970268223218648)
 (-0.042672028992837147,0.31653071361000695)
 (-1.0345189932579448,-0.83871390097528775)
 (0.6953501869142229,0.065442232533857059)
 (-0.58696472678388156,0.78359329336040173)
 (0.49659001110166512,-0.77527944288301043)
 (-0.99497192660227407,0.52250170910228499)
 (0.39988716544603597,0.77333181987733368)
 (0.89498903934638752,-0.60714128662069089)
