# Created by Octave 8.4.0, Thu Dec 11 09:47:21 2025 IST <gamana@Samsung>
# name: rician
# type: complex matrix
# rows: 1024
# columns: 1
 (-0.56924280947289618,-0.69167507346283486)
 (-0.81429683760748039,0.24690173402006294)
 (0.29397600502292409,-0.54127382466878826)
 (0.10875609249897639,0.79391382664200383)
 (-0.48048134595797859,0.071532422625352032)
 (-0.90108291035601085,-1.1074891901682413)
 (1.0808237712066944,-1.1149850578278901)
 (0.3191996223674779,-0.59176904489370241)
 (0.51697615351978166,-0.64334801032004041)
 (-0.27258341226613991,-0.3380953798943116)
 (0.78307565018219671,1.2634411710515021)
 (-0.95139392901316189,-0.089309037541641489)
 (-0.43381341156686914,0.87172984398692976)
 (0.62052250871756143,0.88676742902648575)
 (1.0831018914723569,-0.51347096245501633)
 (1.0761189536734386,-0.64007278373418863)
 (-0.72609849364779633,0.51069750453746887)
 (-0.3015843365336483,-0.489432140741691)
 (-0.37483855115115539,-0.62813767975327739)
 (-0.75514915873842237,-0.55012691682843851)
 (0.82895877470898305,0.51438834950563206)
 (-0.24776409954509093,-0.0065982421790123369)
 (-0.86417401957511664,-0.27792853698082726)
 (0.42040980935920763,0.40811364550171619)
 (1.2627970162954094,0.5689396727553433)
 (0.4818656114853489,0.060355870445994358)
 (-0.63180273569092793,0.32829174319988408)
 (0.66672879884986214,-0.6716641335833532)
 (-0.36298794016562236,1.1007750142127004)
 (0.39316868486606937,0.76561975862495157)
 (-0.34997794270426863,0.53008417299198329)
 (-0.063800609467613761,0.48204769714837026)
 (0.8794716849912354,-1.1410734287070889)
 (0.95105893887823445,-0.55388095094060907)
 (-0.4385161437383101,-1.1410637534702086)
 (-1.1907819337748375,0.35428125221431689)
 (0.84657624254289432,0.83545150921953082)
 (0.32956616430679042,0.37938773912140444)
 (0.48684053295965074,-1.112279880881613)
 (0.45102368948384586,0.015581512137906511)
 (-0.43387132457955913,0.64194710310920322)
 (0.44541832934698183,1.0364584844146087)
 (-0.64029057368375852,0.83786027484804415)
 (0.7819107350566662,-0.86091385970033241)
 (-1.0234400468184841,-0.26736443092833811)
 (1.1303976822789781,-0.94582146861323046)
 (-0.46310871941398918,0.43333312673281804)
 (0.24819412878976088,1.0350783293556278)
 (-0.88840676991621437,-0.73036471297830308)
 (0.24715225804546009,0.74394086502410639)
 (-0.87057090534477988,0.63477180773429387)
 (-0.026262316179181108,-0.07749955369767704)
 (0.70499041845454724,0.69114318117509632)
 (-1.1362957596646699,1.2075882836228908)
 (-0.55360726733361587,-0.14112184542106518)
 (0.77586531570793527,-0.36341874516102035)
 (-1.0159418616964482,0.73894517203204058)
 (-0.41833713372401893,-0.73748899988026961)
 (0.28994958355630707,1.200106445383494)
 (1.873089069536259,-0.65491188875548967)
 (0.19817358581910197,-0.63637582103489942)
 (0.26152250410291378,0.29779708448875231)
 (0.52873989915528852,0.59417861003076133)
 (-0.63958382732666119,0.56716839189501789)
 (0.78840145686115337,-1.0594461090407341)
 (-0.23295347958065846,-0.51416022798322825)
 (0.67439505815640766,0.28788638883320739)
 (-0.66019777657226186,0.40740206806666135)
 (-0.31503853632434026,-0.85405862351303719)
 (-0.72381031545753816,0.04281061699516181)
 (0.48333595866538526,0.53374181867876069)
 (-0.45373476693855064,0.64245073294949517)
 (0.43718062098244592,0.81327760028027607)
 (0.81926397007106777,0.83747597783980021)
 (0.36817181429983198,0.55513286821587193)
 (-0.94674418054110698,-0.37678623364607483)
 (0.75392891364314152,0.61231698713843929)
 (-0.7347701866590105,-0.66343227358076684)
 (1.3412717099017686,-0.9259795207719177)
 (-0.48131422274065006,-0.70319977719864346)
 (-0.9100417570125392,0.3054446524034613)
 (-0.85366887417568338,-0.45162626441612319)
 (0.56183144461373358,-0.60953669393924192)
 (-0.72869570442521425,1.3809154181690162)
 (-1.3271483988510651,0.63002500079440127)
 (1.0696113338136395,1.121633580699315)
 (-0.80483829634795412,0.075138959096343549)
 (-0.90588025124648008,-0.42924434855684113)
 (-0.76827947208282743,-0.90759035789064724)
 (-1.0429471845007299,-1.0422280184017831)
 (-0.12320575475194562,-0.58925040942330564)
 (0.043408227342183581,0.5751915248649162)
 (0.65621268949421641,0.61358448781565755)
 (0.99503893398862364,-0.39379725470427646)
 (-0.24670118353398243,0.14689733396140889)
 (0.54360480928998745,-0.8349482818484486)
 (-0.861905803432641,-0.32509845823957018)
 (-0.7191486281460292,0.95446829082304541)
 (-1.0728636004641245,-0.66803419098623495)
 (-0.36827207330938616,-0.7943094244190535)
 (-0.46917702721199073,0.86818760471544165)
 (-0.82320150440687168,-0.14381347850259674)
 (0.41780881122680313,0.48843226822724617)
 (0.57849679771524409,-0.30550770876685773)
 (-0.81919341670383283,0.56492550139225339)
 (-1.0039082634121768,0.61122981526523912)
 (-0.55539045196768078,-0.17974888984267481)
 (-0.32822910896662977,-0.46991549328800791)
 (-1.0189037372510037,-0.51993888326497861)
 (-0.1807821146851451,0.98289535502246594)
 (0.83113410853465264,-0.62924821700446731)
 (-0.060917602310647245,-1.134692040124855)
 (-0.71670438741885956,0.8940509935652855)
 (-0.85347967322775709,-0.45111961824653413)
 (-0.85481298280375217,-0.53629317932101805)
 (0.87641889835283082,0.068951067628950202)
 (0.40509598224782006,0.29691182647332948)
 (-0.15417176822047832,0.37837740162446232)
 (-0.98117382640668316,0.21874965295118959)
 (1.0555863239086312,-0.34991433456703613)
 (-0.73601458738541814,-0.76751419214383143)
 (0.42148226872468464,0.77097650019019248)
 (0.084341096619810429,1.0089761139906714)
 (0.32182122837816274,-0.4363149268923352)
 (-0.86466068567510035,-0.72202394563962946)
 (0.4223816956173887,-1.2269297111976556)
 (-1.0219860365897793,-1.0664899812034743)
 (0.27097618340151286,-0.80175295156416559)
 (-0.92201604783425117,-0.71887919004988721)
 (-1.0485166037027316,1.2229523892569683)
 (1.2095843629960905,0.681152493114764)
 (0.8447003996154806,-1.3042856280448922)
 (0.49560227868126583,-0.21532173364201665)
 (0.81893390687871515,0.86637127178280315)
 (-0.10666262644158625,0.41526042367419341)
 (1.3781519518522403,0.90422600546032406)
 (-0.67629675832314362,-0.095471372550967992)
 (-0.5901741317836654,-0.90083284321583734)
 (-1.2525425078761421,0.63789731229519653)
 (-0.3462624412295604,0.80991163247152242)
 (-0.39185996710871729,-0.85428631800264321)
 (0.69500367686612741,1.0472662506397017)
 (-0.24073396100666311,1.2787585860669015)
 (-0.70889258248164766,-0.10592285338137514)
 (0.70340103853402469,-0.61485200313283894)
 (1.1890584853414308,-0.058100587583538643)
 (0.45657872977403552,-0.31193996308430644)
 (-0.10593896839693118,-0.59803242967242842)
 (-0.20475579592091542,-0.14808451830350466)
 (-0.88217353411530919,-0.23548539960849485)
 (0.10029497893955466,-0.3175916788406884)
 (-0.46677410380256107,-0.69377549259669524)
 (-0.47482153839343016,-0.5614496640533323)
 (-0.50879242526206203,-0.13357212951894082)
 (-0.53668216127734658,-0.46268874453709224)
 (-0.74133424824252225,1.4748504929671449)
 (0.13443892177919808,-0.67557100830099093)
 (0.077727360423025749,-0.5991581904255523)
 (-0.3594308033218116,-0.69625278587520523)
 (-0.39532085125940641,-0.90838387770996309)
 (0.95716951441981868,0.89004435882005573)
 (0.44697477863448454,-0.15035435049065646)
 (-0.38262595943467353,-0.30746844896849418)
 (1.1350597789134111,-0.53117140894636794)
 (0.17484373226054675,0.46094199987358853)
 (0.49121802447445839,0.44228040799071355)
 (-1.1679623598854902,0.27432362943011152)
 (0.99807593497300151,-0.022948554413832367)
 (-0.67543284988115548,0.95384383713291787)
 (-0.99824074043271827,1.2926576013661979)
 (-1.2160683110251391,0.56776268205841007)
 (-0.53605950558223125,-0.15643585960587775)
 (-0.73181732585325099,-1.1296734921920604)
 (0.12400286755840351,-1.3224515990390506)
 (-0.5399859529878327,0.97182992276019442)
 (1.1455805028609185,0.79955994987124301)
 (-0.51910885599345225,-0.6055474407905137)
 (0.33240916327335285,-0.66416467894836928)
 (0.7912508428179813,0.44287722309387567)
 (1.0298087291833049,0.52380894708105519)
