# Created by Octave 8.4.0, Thu Dec 11 09:47:21 2025 IST <gamana@Samsung>
# name: rayl
# type: complex matrix
# rows: 1024
# columns: 1
 (-0.17492778098251999,-0.056446890427482875)
 (-0.052018232670108258,-0.095430227499893286)
 (0.2585679076144754,-0.10561627826236671)
 (-0.58398602536350086,-0.71508350381506303)
 (-0.4052361991761092,-0.22262061724877893)
 (0.53999303707220436,-1.3557348183465034)
 (0.25111190753562229,-1.3004383846134757)
 (0.50948155322405309,0.53893054825462539)
 (-0.11356423453340547,-0.0043866696939272518)
 (0.32153959463474296,-0.19297686001290898)
 (-0.092454889773147531,-0.48308875334065238)
 (1.1080509624319386,0.35025282748445469)
 (-0.043905093823591507,-0.31950219500132016)
 (1.0391082935493112,0.31531198014850714)
 (-0.28048188526592294,0.094893973042263755)
 (-0.30565873228283363,-0.43327505103688341)
 (0.091430518602217625,-0.60795374745778208)
 (0.17855371937292128,0.49643879710606187)
 (-0.08813026565188592,-0.89432224261979343)
 (-0.28980626472989257,0.61152941749099687)
 (-0.44174813325461548,-0.061591444891002961)
 (0.26509814740451604,-0.015378171242528674)
 (-0.19082098530952155,0.26859784668534903)
 (0.51146641155318839,0.092741303165081529)
 (0.790321905142504,0.80147289745439865)
 (-0.36052814448372239,0.36909929840381339)
 (0.69107492031475837,-0.46014874615015794)
 (0.91971344268271293,0.58369465886099614)
 (-0.11813547736820929,-0.44092200981268403)
 (0.56933722424620403,1.4213793495805427)
 (0.91014979727108336,0.910055456655536)
 (0.036258087992113608,-0.70286132978588145)
 (0.50915787492439102,-1.0127750612789783)
 (-1.9898187307944322,-0.22822164078720553)
 (0.45351851261191561,-0.11055899376589989)
 (-0.80326050003750682,0.25576075591234532)
 (0.24416235428933541,0.30082989421563266)
 (-0.46919514652159888,-0.1128244215207794)
 (-0.17472621908097724,-0.28217092622348633)
 (0.18059318118384632,-0.18915361972564981)
 (-0.37304453290078277,-0.79364959618589892)
 (0.32086620223295842,-0.38734441523963642)
 (0.42906509964699879,0.53147930607800109)
 (-0.2294542725902427,1.0247581319666781)
 (0.91970666559475078,-0.95039092344260179)
 (-1.4594492292207253,-1.0699112259942223)
 (-0.32492939077008243,-0.72554413308103782)
 (-0.40879256444815343,0.55888781832136902)
 (-0.6060027810839459,0.8052552315303636)
 (-0.16404300825070303,0.12148263304046755)
 (0.18448532169311826,-1.1869501446202944)
 (-0.28973582149528693,-0.65687775343490751)
 (-0.72822560952704873,-1.3724000554398457)
 (-0.017469425285948637,1.0319430194579213)
 (-0.46716613371653881,0.49252852170413119)
 (-0.25856511986836267,-0.26193927328026506)
 (-0.13889182603879574,0.85977414007998387)
 (-0.71225349919612824,-1.2378007604850778)
 (0.095669241083696954,-0.72595498525539459)
 (1.0263611869623526,-1.0358744120193946)
 (-0.24397590829411597,0.85606656014610971)
 (-0.47226199562995835,-0.31390403584086651)
 (-0.26431204137944325,-0.058519827210889483)
 (-0.40347591134358879,-0.21468896502266038)
 (-0.75855890405218629,-0.88499959898409508)
 (0.49599519956314631,-1.1846319008606976)
 (0.14044254129222633,0.34399561002068746)
 (-0.30509205360327346,-0.54569893334194175)
 (0.60573030741540368,1.2370342776229624)
 (1.0040111401180025,-0.43810217608569563)
 (-1.4420315168018119,-0.47003804617777084)
 (0.59204974073912053,-0.6543643956049785)
 (-0.0007226067564320704,0.38099089205994019)
 (1.1553154139533466,-0.46355017449310792)
 (-0.33100209946325376,0.812252408128605)
 (0.24998762254320933,-1.090526620065428)
 (-0.14233409048340839,-1.5987033429636259)
 (0.2727008297629186,0.97465170477309826)
 (0.6361896219440546,-0.79034458336709634)
 (-0.41184426416305447,0.98993955417456814)
 (-0.51296632368287809,-0.38065263217439949)
 (0.73155165318341897,0.056710594337904541)
 (-0.15313256415762339,-0.11067066227701237)
 (-0.15226005121769201,-0.22122508445484798)
 (-0.25833026367864076,0.39836775903869381)
 (0.32519182589181628,-0.588816154469328)
 (-0.54133071185828086,-0.63270204934349938)
 (0.38680232846611418,-0.017653516091945098)
 (0.45786526608451544,1.21436715717508)
 (-0.79085771734813792,-0.29231690091357271)
 (0.59106196890401264,0.92547519887911567)
 (0.01962207125249027,-0.90482590548845443)
 (0.34800862031619179,-0.058282022552572088)
 (-0.84301980642392182,0.39867586087652662)
 (-1.6666692966929748,-0.032816075768141384)
 (1.0386433011075931,-0.014205943384798303)
 (-0.17484349291603551,-0.36622884274714662)
 (1.3706419390254974,-1.1027277916473563)
 (0.25801359170531674,1.0088102021896375)
 (0.64158553101085769,-1.2722242713847476)
 (-0.014601266230735932,0.80799268083825848)
 (-1.6412612186940485,-1.0374146196368661)
 (0.45122310783394654,-0.60510455719476275)
 (0.4662499194930636,0.14193226400026707)
 (0.21422332213443737,0.34075273210179113)
 (0.81805230939946538,0.10097516926992806)
 (-0.042127194793666112,1.3030380820222165)
 (0.36568323138514158,-0.29865486144032471)
 (0.46715645260971955,-0.25479163783196729)
 (-0.85887163275549594,0.24866582354548677)
 (-0.39278299103476366,-0.99614096898767379)
 (-0.0071030888440669487,0.21170356387904304)
 (0.85343139647061617,0.28115521818494588)
 (-0.028374858846799134,-1.0614208027116001)
 (0.85755158582395807,0.86126727169979678)
 (-0.25162073127124401,0.6183633084678557)
 (0.4624583343668297,0.01632050862459275)
 (-0.90834335403289979,-0.97578752614745734)
 (0.57604886833061686,-0.0019854703131760298)
 (0.0085397222581329035,-0.46446369473902782)
 (0.25935278927833727,-0.77003376800617029)
 (0.41967290371788424,-1.4424892055511664)
 (0.35418634068373511,0.5741159529483546)
 (0.40468033732850667,0.51306306678995184)
 (0.82991202063253411,-0.09409816355834133)
 (0.50455523523238155,-0.59608491624742876)
 (0.74538969888344164,1.1657817050988077)
 (-0.22129768056418986,-0.078595885357197082)
 (0.84177725204886344,-0.30853841235489565)
 (0.77391768696027563,-0.52529664700018419)
 (-0.7176539181992575,-0.74078451249208921)
 (0.48245351693814376,-0.28085211041499158)
 (0.24943201291531536,0.23624634620720936)
 (0.92429213086597339,0.84532085162689696)
 (-0.23990482500250282,-0.40102702272310459)
 (-0.47653541990348697,1.3160448888376464)
 (-0.31868215084708396,-0.4845881566873077)
 (0.61059619762856276,-0.70789024326815264)
 (-0.040633353620626755,0.68449350051606994)
 (0.41544696384848556,-0.20620831513199031)
 (0.82797047389716405,1.0029819480521189)
 (-0.74536818409891115,0.70936890461352198)
 (0.58864980102787101,-0.29294630997448268)
 (-0.86298820774060514,0.63214551952059794)
 (-0.62167348281506185,1.3595358963287432)
 (0.42222217915579607,1.0193667935280766)
 (-0.5545347835100517,0.64508330633335575)
 (0.18747368124863384,1.6890874784309342)
 (1.2513276876985531,-0.069773466473946666)
 (-1.0898085560558819,-0.024124004488497053)
 (0.71068048450680354,-0.14604824535802885)
 (0.90322541798523881,1.1742640754525326)
 (0.4728217035762422,0.66586986522253155)
 (-0.28345414480536318,-0.10514185459513752)
 (0.60657761377743191,-0.27167781031734478)
 (-1.2841487373252207,-1.2256472763981978)
 (0.16685023296851248,0.97668989302741083)
 (1.0875230527541437,-1.6084717061016893)
 (0.86335025698865819,1.2304235493712914)
 (1.0290738645451389,-0.17588351058019724)
 (1.0342593215015801,-0.71645819937974986)
 (0.66690427637150207,-1.4357463679075557)
 (0.46457585551479424,-0.16742257271645783)
 (0.20052148511740772,0.49155681073472457)
 (-0.73542661116280794,-0.23448905085104443)
 (-0.37671708766557893,-0.50028673791072376)
 (-0.31913212969714949,-0.13039930412336825)
 (-0.19532725834633657,-0.51141776264530758)
 (1.5347536145016096,-0.31365076971568273)
 (-1.4163573955479125,-0.10101249044846194)
 (1.0986544228545023,-0.42032037859098187)
 (-0.53936691297754147,-0.59787301264244952)
 (-0.23916733414853275,0.54991550108059195)
 (0.16299275804469116,-1.3897079397575847)
 (-0.021738194027183355,-0.080465821617660929)
 (0.72302850063850022,-0.38239769508783117)
 (-0.18276992133140646,0.040163802204867108)
 (0.3313230253625189,0.24444930937331333)
 (-0.51933855570269316,-0.60949948808260535)
