# Created by Octave 8.4.0, Thu Dec 11 09:47:21 2025 IST <gamana@Samsung>
# name: awgn20
# type: complex matrix
# rows: 1024
# columns: 1
 (-0.8462302758935214,-0.73679454467904915)
 (0.73248851442398755,0.80534693068982899)
 (-0.82438445472802468,0.69533909928473736)
 (0.67581024315641691,0.59376393286581264)
 (0.61088790221331102,-0.7060063485188619)
 (-0.73638090503990206,-0.74028564112778505)
 (-0.73576045864876161,0.62240311364215606)
 (0.653395273603119,-0.64519921308093031)
 (-0.74843513026364084,0.73320649064774657)
 (-0.7290220811594077,0.59865710691596308)
 (-0.65440948138570021,-0.63250874882706787)
 (0.68303245960322823,0.74655035457132124)
 (0.6998564828564896,0.65715100327188369)
 (-0.73275263040268956,-0.66926522053444915)
 (-0.83011748253832396,-0.77616062258603813)
 (-0.60133382498732668,0.76732913561272797)
 (-0.68812447394571052,-0.73196313751478059)
 (-0.70993672071408798,-0.6522397092840162)
 (-0.59930477037165619,-0.83183501752709899)
 (-0.71050998053887338,-0.71606899960760906)
 (0.6595449742509677,-0.65441973547864918)
 (0.77365859796347158,-0.75116075106959868)
 (0.75501578545238968,0.67850806713631895)
 (-0.70064106801354087,0.74956549253290672)
 (0.73475344689119415,-0.77866479654001564)
 (0.70124905164362639,0.65718456194959918)
 (0.78403347084602504,0.66669462893039499)
 (-0.5205111847872711,-0.8153545968111815)
 (0.78814231260461054,0.72453964831661311)
 (0.76102997372613335,-0.75704725612952362)
 (0.63817984639766179,-0.76711587767447487)
 (0.62254107108262169,0.73897570624892484)
 (-0.64786411655448783,0.83568732115364597)
 (-0.67357034504001212,0.68665836039997286)
 (0.81656521957424322,0.55876543385927691)
 (-0.81538369283025836,0.65124498313833057)
 (0.68600021383575316,-0.78961992262292602)
 (0.81405227802171942,-0.73027981505059802)
 (0.64128808217191535,0.76786706082748801)
 (-0.63464715021045615,-0.69754950606110711)
 (-0.70467185815990052,0.67877465494008682)
 (0.76580227276447199,-0.90164935378940014)
 (-0.75837478326457974,0.79374987364538674)
 (-0.76537431421772362,0.73102467915759917)
 (-0.74609741466132684,-0.65920057036752266)
 (-0.71169355071576623,-0.71322747215056015)
 (-0.71216310426126295,-0.63136335829508217)
 (0.73460348075214987,0.62704919666956993)
 (-0.78550159496340299,-0.94477875571890968)
 (-0.71498651945621072,-0.61182543846162962)
 (-0.58485176129999827,-0.79051560717245728)
 (0.66634535769441661,0.69149939365055857)
 (0.60648010637074568,-0.70813546014172579)
 (-0.81277618833916321,-0.65419139423465489)
 (0.77152815419392395,-0.69342794093167659)
 (-0.66084696089862605,-0.71720877253009463)
 (-0.58266027357643235,-0.75759608125113909)
 (-0.72004172921179355,0.80222280228402576)
 (-0.72068313780860527,0.6126387617875374)
 (-0.67405743489830361,-0.76582067433140932)
 (0.75891902798075517,0.76004461896288988)
 (0.75884410205806985,-0.75997657892248083)
 (-0.59639077452712441,0.70598083676745305)
 (0.78408479991078006,0.63592413754150312)
 (-0.80342086736835006,0.62179053880589741)
 (0.65527277287418428,-0.74230639472883109)
 (-0.7416627083977001,-0.70493142455261593)
 (0.67847042836324001,0.69041560827235648)
 (0.66446017312150063,-0.67391478149318029)
 (-0.58692320235138018,0.71661363011552248)
 (0.80253959280801834,-0.72350236999066186)
 (0.63966985342538951,0.6820947507169981)
 (0.62274492051653585,-0.76499162641511731)
 (-0.73048039886978333,0.80331464075953252)
 (0.72803816859044534,0.75042898348131659)
 (-0.68887231138265836,-0.6635220153808089)
 (0.74749844601020954,-0.63640142006024814)
 (-0.81517181752959267,0.71372566373248703)
 (0.63776794779602797,0.63397913918092186)
 (-0.74044562267934,0.69624379590377672)
 (-0.7534966268872112,0.66975722234154722)
 (-0.65873435747446529,0.68647773483553864)
 (-0.70776492370795885,0.7662877523471342)
 (-0.65946308237883933,-0.7044988416447644)
 (0.65933096503488431,-0.72009627250091912)
 (0.7527077432964755,0.76622136779543448)
 (-0.76770709302462437,0.82630442226936074)
 (-0.67789589032306319,0.68768548008968544)
 (0.58903373871952558,0.71308162163868183)
 (-0.70862011002138259,0.70760414526832627)
 (-0.66734477209999066,0.63039252937610435)
 (0.67339508864843822,-0.74753207025296819)
 (0.68922374424273125,0.70220209010501133)
 (-0.59967613840169587,-0.75326085338616811)
 (0.81271670661233975,-0.57077032229898161)
 (-0.72025228304965294,0.7338738032117792)
 (0.67722353409580349,0.72123296546105786)
 (-0.65975994100844071,0.68327672350913482)
 (-0.781450263757969,0.76617903640942675)
 (-0.8666307865055185,-0.7531213634963636)
 (-0.6883225995238661,0.73569080976715806)
 (0.67822477468732612,-0.64525266313298191)
 (-0.71466492671944415,0.74987906935165016)
 (0.69928473289323034,-0.70845381938032814)
 (0.6762169036007265,0.6451857595536431)
 (-0.75157060058296643,0.72791045645230446)
 (0.68699851076528751,0.70974650469049239)
 (0.77953030479558472,0.78450467450538441)
 (0.65784259754659846,-0.87889586193882208)
 (-0.73013052863872918,0.71069298944784332)
 (0.6516131540909299,0.66138294828438537)
 (0.75610536550731311,0.75716487529259224)
 (0.74389322558940862,0.72027049827181711)
 (0.62759816383344291,0.63133666809648714)
 (-0.68505103618537111,0.6807504518415407)
 (-0.74369007993390279,0.59558419564907084)
 (-0.73866574115258743,0.68715386805250489)
 (-0.70404781546641115,0.74794596749120701)
 (-0.748013341806129,-0.69075400783631402)
 (0.8065276487694536,-0.70243184090385413)
 (0.65584462765331553,0.77264131956099646)
 (-0.63855911113490693,-0.69069450449009639)
 (0.64740524304615543,-0.7690574490097597)
 (0.80565082031637436,-0.68772404177196056)
 (0.69105332578458734,-0.74296040926492157)
 (-0.66574184973283312,-0.64783282620054261)
 (-0.69504743961501159,-0.80809450288033569)
 (-0.7168432994770062,0.65773356255151572)
 (-0.60557546724960487,-0.70374282908229491)
 (0.70525560715524838,-0.62764843371833012)
 (-0.72045916986220315,0.65582980964806059)
 (0.74710051360195839,0.73571162825141545)
 (0.64338435373449698,-0.76994156947678516)
 (-0.72865791824086634,0.66643011592143697)
 (-0.61210435898462046,-0.67852452263260932)
 (0.68602905880958764,-0.6864416281678376)
 (0.67391067011337202,0.7470308257883308)
 (-0.67763717658060063,-0.65292039666256463)
 (-0.83410301550876687,0.6861650422402007)
 (0.70350677510011472,-0.75738005698313815)
 (-0.89058938190268677,-0.74819261825907224)
 (-0.67953227052268195,-0.79431723537363141)
 (-0.68402222966658943,-0.78565083019435722)
 (0.64031919648056945,0.75187741885570025)
 (0.66014879921506098,0.72435281864872714)
 (0.71655430102165973,-0.81236771393316742)
 (0.80358508707640319,-0.67102214328505505)
 (-0.62158914484919214,0.7894779500064627)
 (0.79528744519795003,-0.80876420160532991)
 (0.58927961033924414,0.56983311633101685)
 (-0.75326042884780808,0.63508934507417159)
 (0.59406830608974759,0.60226547488179305)
 (-0.82960783239673641,-0.68524146995966873)
 (-0.75259640847978193,0.72043631686395848)
 (0.62368658263942622,0.61914143368857444)
 (-0.70820502879138658,0.74956849806870163)
 (0.6443441180218813,0.60776358420150223)
 (-0.76206288493161112,-0.81027184504158722)
 (0.63723654080839609,0.65845295575142537)
 (0.6434184617953671,0.69720554776782417)
 (0.75651090617343597,0.64104732739441539)
 (-0.72309170639304243,0.7135619147166804)
 (0.78965267489151758,-0.85616762645586908)
 (0.68152849201525301,-0.72422668026127812)
 (0.76071458231014621,-0.78769806795172026)
 (0.56559273168120816,-0.68894620073433543)
 (-0.80301483883890523,-0.60831096240161697)
 (0.59970288476260736,-0.68232376957790142)
 (-0.71740932080937225,-0.75425280620469581)
 (0.5628599104490446,-0.64346797012219092)
 (-0.76974225984916933,0.58861993478261188)
 (-0.86241438727448705,-0.66690193540793663)
 (-0.69559609474370077,0.65436616570310457)
 (0.76690578730662584,-0.67310300552793767)
 (0.62671553876604358,0.59960118557574293)
 (-0.55110223054561081,-0.63022899297211143)
 (0.62411967971570836,0.72862818659786044)
 (0.74340322885574517,-0.77190157557936823)
 (0.82352145501193963,0.61504682387609655)
