# Created by Octave 8.4.0, Thu Dec 11 09:47:21 2025 IST <gamana@Samsung>
# name: rician
# type: complex matrix
# rows: 1024
# columns: 1
 (1.163215812459335,-0.4209999399389644)
 (0.68924454524250511,-0.49695787591983437)
 (0.0016784041629548385,-0.75621728063856164)
 (0.48591038813162224,-0.65012471206632316)
 (-0.48872754046923489,-0.69966063739023721)
 (-0.68825767343283795,-0.46067928396664476)
 (-0.35896040665549267,0.85177508775413069)
 (0.83246232780058738,0.7852020994509219)
 (0.24018635503430108,-0.35746669981731372)
 (-0.081391827151671536,-0.039176555105822949)
 (-0.58211549623214931,1.0856485624150198)
 (-0.47211555174454295,0.38624903451494269)
 (-0.58564951524245801,-0.025292770754125171)
 (-0.37172291258272289,-0.34558155298407717)
 (-1.0066312512977982,0.66690744066618746)
 (0.42724763477586747,0.69091139068161256)
 (-0.42302407659201657,-0.48081958926986279)
 (-0.80533040199565364,0.59773399894737211)
 (-0.75448522371117122,-0.72986756863648861)
 (-0.66221750534134405,0.58807157084372441)
 (-0.75650613432658043,0.96529710469191055)
 (1.0920632391173617,0.6236926997514074)
 (0.080267198575995846,0.43420252628603051)
 (-0.87868950908662802,-0.32959044722319075)
 (-0.78059720959655399,0.84990246920726864)
 (-0.6678212666211385,-0.94575094833658602)
 (0.29964548924933909,-0.37434740148101775)
 (0.98734405990464813,0.45276027935556695)
 (0.693078387819696,-0.66791784704926815)
 (-0.57405859676571624,-0.13743237653645946)
 (-0.2075742565851762,-1.0081363993754962)
 (-0.11943176487898183,0.3317262935655062)
 (0.528804366593006,0.6679270884528703)
 (0.25753656732327074,-0.57437670850252864)
 (-0.10742091385957599,-0.20768862464594756)
 (0.42226047513104426,0.67773696232246949)
 (-0.6744683091408521,-0.15903579101009896)
 (0.93633184810940406,0.28060995525351684)
 (-0.53964918163392017,-1.1469459280387906)
 (-0.77431725095999604,1.0201045450031143)
 (0.53261132044308623,-0.87209507749215631)
 (1.0318346491293298,-0.24823710276146915)
 (-0.51305843481796831,0.0068995854497157505)
 (0.18484887084631452,-0.22831559916231603)
 (-0.068009120917917332,0.69192270718310322)
 (0.014728233290482118,1.0262716886401522)
 (-0.14257320774939228,-0.44920839439203086)
 (0.54334087265608433,0.55483887651831176)
 (0.24421690990683187,-0.19917867545845286)
 (-0.31971098675264437,-0.36786905062509684)
 (0.8495617452344153,-0.84378460001599542)
 (-0.28428046396615159,-0.63049203102022811)
 (-0.65928304820220296,-0.49560110513288125)
 (-0.77958777919623579,-1.2343242364498876)
 (0.20711681627227468,0.2331346030435863)
 (0.72590728812467264,-0.70960077213264694)
 (-0.74287288647681093,0.061005242988986463)
 (1.3332569769289258,0.66421345920134645)
 (0.45016340824907264,0.5857134742707677)
 (-0.34238834894774711,1.0392992444686264)
 (0.76120027329949469,-0.90598182536089378)
 (0.7503119850413299,0.84057997690438635)
 (0.81228029198713037,-0.90459034564001195)
 (0.20995476629755577,-0.070300571344319995)
 (0.57923974969317527,0.68404968065397742)
 (-0.89295787654633407,-0.82771212670706762)
 (-0.95580300096773274,0.59747683334857782)
 (0.63468894399747511,-0.4834797133244354)
 (-0.19997578712901945,0.49490600935357454)
 (0.53012408875798467,-1.1004130835277883)
 (0.42659006781968484,0.39586507496428397)
 (1.1969663684673637,0.20003520730804741)
 (-0.5684463573055637,0.87533398073476409)
 (-0.59134556330647381,-0.59149273109331169)
 (-0.55820737242241203,0.38655872346960107)
 (-0.63453933563539977,0.51042425232332078)
 (-0.23062870286365178,1.0765992661324058)
 (0.70221207102289906,-0.53313814236503909)
 (-0.17111473678770286,0.49675677828275733)
 (0.85547270634095729,-0.10653818653092195)
 (1.1178943198420486,-0.45110573107526414)
 (-0.16147290323467817,-0.83168003443686889)
 (0.71625903327490292,0.92986667327371098)
 (-0.11734239222397266,0.082532499357898331)
 (1.194783204623113,-0.9508352847706284)
 (1.126459745192627,0.80645404872893589)
 (0.046312730760363352,1.4584248350279232)
 (0.80044809026526154,1.1234453586327495)
 (-1.2859364540569032,0.43724051883511572)
 (1.3460691751179406,0.2924465447254555)
 (-1.0314104595369262,-0.410057368837002)
 (-0.30615984769406446,-0.43955933519216206)
 (0.34862893550515739,-0.17052005995707831)
 (-0.40738741165929077,-0.22336348859716842)
 (0.63179454324957907,-0.64608202696106498)
 (0.63935386323553645,-0.90616743153984203)
 (-0.95169910605099806,0.44305653168524434)
 (-0.49119396655661646,0.35629714376313065)
 (-0.90265475222144664,0.93238581747039639)
 (0.23801113729433054,1.3137395193045762)
 (1.0284261372580796,-0.9710873550756095)
 (-0.64180467012823184,0.24065392414496986)
 (-0.64238977931641084,-0.25327326441793246)
 (0.59576198703639804,-0.14293534007029465)
 (0.63861322940140242,-0.30987477686100612)
 (0.69203650509846315,-0.99968438776856572)
 (-0.37041975051490383,-0.13137844546531496)
 (-0.26359334669867557,-0.88562752465764749)
 (0.67921784789251627,-0.73605856957619997)
 (-1.0011855638633627,-1.1072606053385785)
 (-0.12988947294307096,-0.24273688501297486)
 (0.42138734054831395,-0.73814897335932139)
 (-0.58199461874678804,-0.880386207388132)
 (-1.3087561125259446,0.95757637454488465)
 (0.3457677214313154,-0.48793573665745094)
 (1.2726023797400601,-0.59201810384853548)
 (-0.99394400005966566,0.84607735313121768)
 (0.063486709017211151,-0.056971913657755592)
 (0.64229407576096564,0.37469450974502844)
 (-1.0772586190743156,-0.44245541291386242)
 (-0.45993444078871448,0.81347156395061093)
 (0.75559403078873699,-0.59504691682368249)
 (-0.37232161251012219,0.72741416556065219)
 (0.78733827342441209,-0.99866313595685607)
 (-0.14717617969444413,0.3138548001609302)
 (0.60336484697316006,0.034808606354618465)
 (1.1078739293075834,0.046366670423329981)
 (-0.3469829118070944,0.47639819683921902)
 (1.1880756091835645,-0.7426611643332045)
 (0.9919920736025879,-0.50732184168590544)
 (1.1921481551794215,-0.5884416891872053)
 (0.87034105599879708,1.1059490031307291)
 (1.0082587210039964,0.83750162550035478)
 (-0.82289969275591157,-0.27186950900234591)
 (0.35530923849311696,-0.99449915367721831)
 (-0.56696488319663141,-0.38808098127821017)
 (-0.40311808143970534,-0.38076564221778036)
 (1.1276671352944689,0.67539582556698174)
 (0.18927444199382182,0.74057153964728362)
 (1.4329713243297495,1.3502178550917043)
 (0.43134410202024154,-0.32059860366835458)
 (0.32041306300989264,0.76672698434748643)
 (-0.97223477517667156,0.62774262990439533)
 (0.81596946367035228,-0.9670058884980377)
 (-0.070348393495161365,0.79620903007167176)
 (-0.80332259366714087,0.16859626227069752)
 (-0.64519644582592139,0.60435304370942178)
 (0.86433328069061643,0.76351454730338764)
 (0.6927392809907007,-0.2206122067537665)
 (-0.19557073473428654,0.43139458400184671)
 (0.70953040487105568,-0.051588252011945057)
 (0.084326020609340357,0.75072313205873265)
 (-0.74041701588220254,0.94199624138940963)
 (-0.1864520163193788,-0.35208518733838046)
 (-0.71485067386931345,0.81974008556391187)
 (-0.74961329145825628,0.77527612461211337)
 (0.76835862007714573,0.57549225845402208)
 (0.45985676580055379,0.8748735814696712)
 (0.61546688687047046,-0.77284107564080218)
 (0.35657144855769862,-1.0093144198914179)
 (1.0084764507126696,-0.56740987804884002)
 (-0.69497309851120503,-0.4740528632673382)
 (1.1449245998316855,0.6466157066990047)
 (-0.56095839252643409,0.90966166077605681)
 (0.19112480005812044,-0.71803058443933931)
 (-0.40687587271849968,1.1651414126924617)
 (-0.60207265511604202,-0.48642988835273759)
 (-0.60222538060466868,-0.57700820230536753)
 (-0.52483288807944728,0.28036000955681628)
 (-0.37589895926122552,0.14710490253035535)
 (-0.43066188643546288,1.0035942273018903)
 (0.25085599552157556,0.89559016417390069)
 (-0.52168889291448783,0.70174990177065166)
 (-0.49479066776617781,-1.1294858477088829)
 (-0.3457136908300501,0.37765800305307162)
 (-1.0286988618326205,-0.9492489741340252)
 (-0.15671024118419574,-0.55127673272361954)
 (0.19066526183381421,0.6409006363302201)
 (0.65076851037867234,-0.98795847034359585)
 (0.54247630751858034,0.38789368579101002)
