# Created by Octave 8.4.0, Thu Dec 11 09:47:21 2025 IST <gamana@Samsung>
# name: rayl
# type: complex matrix
# rows: 1024
# columns: 1
 (1.1442120155464532,-0.47284436130206536)
 (-0.8257186188783322,-0.84045777036809988)
 (-0.6233103549190705,0.83119973422368532)
 (0.39928320256934657,-0.1212528581595472)
 (-0.12675566317678735,0.095501809866513382)
 (-0.052471127403589779,0.94898429912733429)
 (0.73608287047879628,1.5073993507166294)
 (1.3261220665369478,0.76936961816198801)
 (-0.90261917287624627,-1.1100336315524166)
 (-0.84756190953635357,0.76867663727177549)
 (0.49403019584866847,-0.91485374628326455)
 (1.2672806124738742,-0.62932050535187267)
 (-0.18139124678140589,0.89535004574820443)
 (-0.36608687066495554,1.0735103053459956)
 (1.0184092185597167,1.046343352467114)
 (0.92678205443892436,0.18073131035645018)
 (0.53976639995715114,-0.39763869849531414)
 (-0.95460848453966141,-0.48573343483480208)
 (-0.53303987914707995,-1.2740084970287833)
 (1.0000555341744592,-0.76255504551071007)
 (-0.034378779489908418,-1.1204091578735682)
 (-0.081571077262966696,-0.71018993195321678)
 (-0.88261506701490355,-0.20393100623443033)
 (0.36165161584218186,-0.62885911288836827)
 (-0.34625965840510531,0.057149168693516578)
 (-0.23735197196507268,-0.58559982293804436)
 (0.33629968819548306,0.65040976486899282)
 (-0.081558861725784637,-1.3932947689786861)
 (0.59670942828019835,-0.46540014059291063)
 (0.1289948673049367,0.73229572445912261)
 (0.25047131001188833,0.30063000129775747)
 (-0.93242185306200187,0.63666170078139839)
 (0.80707239649822571,-0.91737012702333065)
 (-0.95849716351841874,-0.46712338645740709)
 (1.0482399831334814,-0.054529453877193934)
 (-0.76292557270420835,0.29611829085529995)
 (0.70041362238859595,-0.6371373560814011)
 (-0.13835272376493246,-1.3059307149961448)
 (-0.054470466175716603,1.1061615356610885)
 (0.064553056003406342,0.0057710874936216482)
 (-0.33866480586884629,-0.58415133705610345)
 (-0.57609010639827263,0.29670702634333518)
 (-1.115905256961357,0.025161764081899296)
 (0.1487790395153602,-1.2520024500396438)
 (1.0797361401926402,1.0203672934300956)
 (-1.1528289488317232,-1.0844855173923549)
 (-0.097762756655227656,-0.053179247629927227)
 (0.19926537879003681,-0.68793857375662182)
 (-0.047161485593661595,-0.24305252018529996)
 (0.40644040553268035,0.77105552216767348)
 (-0.52514475273134842,0.11145464768276001)
 (-1.0627779043197305,-0.34506845861895524)
 (0.8783266892562227,-1.433878756731001)
 (0.77934633354637528,-0.21229848633991621)
 (-0.20817238171920235,0.52854329021508484)
 (-0.22912290519168721,1.4030979272567796)
 (-1.1696150904253924,-0.49185775772967122)
 (-0.54419576038220319,0.51322559072684726)
 (-0.0022512966990699268,-0.67824349496713787)
 (0.95185913180765058,-0.22753156577451805)
 (-0.11333575887785804,0.52995539363822264)
 (1.1345605450392307,-0.010758152228602103)
 (1.0455650359879491,-0.54473561248829405)
 (1.146217196353265,-1.1014008336052277)
 (0.24711387224253289,1.4379995337016873)
 (-0.72123295681263599,0.60210929934082247)
 (0.50290998627573535,-0.70809738978484948)
 (0.60421194507577336,-1.6543832351320673)
 (0.88581246650800527,0.71445472407406607)
 (-0.42767317996462284,1.7606936956918742)
 (0.54053882628591388,-0.14789790441533834)
 (-0.51525785419182546,0.22038914866929393)
 (1.3314828064157966,0.7792435343447579)
 (-0.1523768085000809,-0.62145487552819456)
 (0.003218400163346975,-0.01028753943742112)
 (0.5384373891579779,-1.4433866613298922)
 (0.74409770368036765,0.11688071741692063)
 (-0.86235072669504842,-0.047215938230799503)
 (-0.55932789614430933,-0.35488713312730463)
 (0.83600004766792402,0.41498677508560189)
 (0.15791293762348396,0.1371692772991886)
 (-1.129836744958838,0.53113063197143817)
 (0.3890637023003759,-0.88451552094767283)
 (-0.0337092924457848,-1.164163095654434)
 (0.51527508342033568,-0.782647176730904)
 (-0.42912421094156067,-1.1552648562013677)
 (0.22273994809257264,-1.1653399835783063)
 (1.448267502555532,-0.38193368469725897)
 (-0.31989790380084843,0.38394132591194546)
 (0.39111567252260343,0.34256455524497237)
 (0.34095631123307896,0.5112323818419604)
 (0.12097663665076616,0.31191339411595465)
 (0.54541356447925859,0.1672736937438595)
 (0.69180645158914922,0.20079036410962015)
 (-1.3040429653853405,-1.3712434294292501)
 (-1.3509323549083661,-0.10108930647882974)
 (0.63354228913365085,0.46857200901337093)
 (0.12143806216461778,0.90686375366159244)
 (-0.43128813092256235,1.0049830316984436)
 (-0.78340824296403588,0.44213754366574171)
 (-0.3767836254969314,0.37146955383660468)
 (1.7903183754381675,-1.2699044000339736)
 (-0.35613328536991085,0.32174874214211224)
 (-0.49930420812305387,0.23079524056224177)
 (-0.36954810125001586,0.5382334665590186)
 (0.57202678681262131,0.20637487847499569)
 (-0.014683017392724568,0.45183096300299386)
 (0.53785409313310528,0.49015631026042589)
 (0.02311221779980685,-0.44613094848386758)
 (0.0052110756134274572,0.34846850057653234)
 (1.4845209753442781,0.14128503608665499)
 (0.14234473621758126,0.29227863408160254)
 (0.55834759207813545,-1.8485944221180364)
 (-0.58648353088374705,-0.68940583279901668)
 (0.047738951795772824,0.18168776037417483)
 (0.48957999537692043,-0.35198562887494567)
 (-0.13077474381003629,-0.016869952947927251)
 (-0.82982184532115166,-0.88941568125320347)
 (0.22769906939130952,-0.82670248629885523)
 (0.60301105629909035,0.65068875316017316)
 (1.1523840303647179,0.16738834278591963)
 (0.80032315377454832,0.04511066553638432)
 (0.15852318494340542,0.38503250440258896)
 (0.81590752071249473,-1.5814871517270515)
 (0.31673951876280837,-0.84905134733260201)
 (-0.12917791800640721,1.7791858342919826)
 (-0.85723426763960542,0.54039563448637717)
 (0.19000056059308112,-0.82089733097196971)
 (0.94455115846116744,0.59428831604522059)
 (-0.53598313267427977,-0.36809454121707019)
 (-0.059473648928815903,0.29384775722312989)
 (1.3793957994647306,0.99128123094936571)
 (-0.67442412411727104,0.72104476274259377)
 (-0.12111904250145855,-0.15289668528127714)
 (0.38074095187089152,-0.098132974622602981)
 (0.58201104902308154,-0.68599667786887097)
 (-0.48387666071489827,-1.0400476762952138)
 (-0.20047908379837792,-0.20430260398105482)
 (1.0200212682403986,-0.28133209257025132)
 (1.0251939062807285,0.021033854779644034)
 (0.39671614794278359,0.81143375961403286)
 (-0.034278694610414183,0.042719338946404332)
 (0.47760381572665023,-1.1328233121878775)
 (-0.00086893730349022619,0.088441157712989327)
 (1.7056155767637278,0.094140233701889731)
 (-0.33001970895504895,-0.20095466490556113)
 (0.06912080507288948,0.89636091403272089)
 (0.37773979596501911,0.71725145773904564)
 (-0.91035675348129752,-1.2115881665170378)
 (-0.90768565365215226,-0.74017550963107825)
 (-0.32029707072464958,-0.6437942032299524)
 (-1.3508613787980344,-0.088618569694919991)
 (0.13175284027515274,0.013640123983779839)
 (0.013932173754522065,0.029448161589868484)
 (0.15589704119067277,0.84915114080040133)
 (0.24020491920181325,-0.92042312069818299)
 (-1.4875122296625563,-0.85964019073290165)
 (0.21512794482240144,-0.48433901699585774)
 (0.72048647247946951,0.068223146890508179)
 (-0.54127600807625442,1.0466827455181431)
 (-0.52929907596326653,-0.0044848636996678293)
 (0.17135264953171592,-0.98759043446736183)
 (-0.29769882899204131,0.18139146745442974)
 (-0.23819738631500384,0.19190693889511476)
 (-0.18976321384690686,1.2908462630810771)
 (0.47835668235686474,-1.2234413111895801)
 (0.17649439129908889,0.21082424471925026)
 (1.0743458351762196,-0.51505289234581775)
 (-0.78444012036203858,0.8228902590161169)
 (-0.21889729640504391,0.94221858267882608)
 (-0.012903644403208847,-0.86652170132703366)
 (0.78432227433472645,0.22742778548339854)
 (-0.086774288191991733,1.6575337798123675)
 (-0.66279867016277516,-0.72676556513167878)
 (-0.50148801100766094,-0.1842772740275862)
 (-0.051694316439317586,-0.26147240910897995)
 (-0.20729232843843984,0.58636299791113455)
 (0.75909657682114884,-0.3892202756381844)
 (1.4511509411365642,-0.13471133624386145)
