# Created by Octave 8.4.0, Thu Dec 11 09:47:21 2025 IST <gamana@Samsung>
# name: rician
# type: complex matrix
# rows: 1024
# columns: 1
 (-1.2269888269963658,0.66805353661935651)
 (-0.23770709527712813,0.90728784045414912)
 (-0.76228960586756933,1.0495258715113558)
 (0.12416241600190604,0.30949970986692976)
 (0.3452929091832222,-0.69411544554910876)
 (-1.0624532438522536,-1.0296996912275356)
 (-1.0025346863076825,-1.2818096344920633)
 (-0.46738490516653375,-0.22541244105099556)
 (0.36783320948520609,1.0481151290727555)
 (1.0064308975376102,0.1940816616775522)
 (0.55412085710548076,1.36192901973614)
 (0.8133714220824787,1.2708696018104955)
 (-0.99785673614901105,-1.350275956937415)
 (0.24121965136166038,-0.33956042028144129)
 (0.38954352579147444,0.43613236097452002)
 (-0.50687649234129739,0.56937058235298288)
 (0.79943513927713039,0.57511234281885604)
 (-0.3708186422179941,0.25403449669651657)
 (0.55384620289096997,0.49939441215236241)
 (-0.51339870628755446,0.52276229741946767)
 (0.84928139342844855,-0.59224299672080061)
 (-0.54049217338193078,0.19475435377083711)
 (-0.40076719238953629,0.61647657654070709)
 (0.010555238788798549,0.53020762505700225)
 (0.78210634254687184,-0.71469170697052953)
 (0.3677965667435481,0.89840136817361116)
 (0.1350480724628863,-0.73542422631735149)
 (0.98014608366684997,0.69494595984287855)
 (0.15765149461818762,1.029965870154661)
 (0.43267723717004503,-0.38842934498796333)
 (-0.34187943749005018,-0.36040893972924098)
 (-0.99152806202933219,0.76461229660708241)
 (1.0664978770131439,0.47695562539500075)
 (0.085401669110369588,0.41879022670944244)
 (-0.12427029889829161,-0.31142674056308778)
 (-1.1303091299426924,0.58186546848072207)
 (0.38997969487173406,0.47189765365915032)
 (0.24678712365322081,-0.35092325575033106)
 (0.55427150967258798,-0.85328164064052203)
 (0.78263286684547539,0.52438780847843192)
 (1.0211903215841525,0.88621101449358364)
 (-0.23492589315373338,0.63530195116290189)
 (0.96256533126986632,1.4066853281667404)
 (-0.59891596758409582,-0.77799021072335894)
 (0.39703482427836123,0.27563125953214995)
 (0.31295234284996842,-0.64554345038933547)
 (0.54338535981070668,-0.37449115160821911)
 (-0.87025569735172859,-1.0052773885858122)
 (-1.33019327340711,-1.3342394437994491)
 (-0.44368992685257902,-0.10666286642166986)
 (-0.79310772863226631,0.33230222779460439)
 (-0.62475387336054455,-0.6950700507751274)
 (-0.67222636789256274,-0.68145393180497715)
 (-0.14469222923242231,0.95551589955060601)
 (0.81577435260314091,1.0297082953506229)
 (-0.37531196020932778,0.78378990746150112)
 (-0.5385842885238008,0.043947737677008269)
 (0.83627945643570711,0.89988977340096021)
 (0.39559090373346972,1.5137923021493007)
 (-0.61886380507176875,-0.61843144484966173)
 (-0.54682173219535612,1.2025880555884254)
 (1.0811995814430786,0.89709418976401978)
 (-0.2899504563912309,0.58148190797333865)
 (-0.64464054660602743,-0.64805887356362746)
 (0.34476097246345005,-0.46553879128963493)
 (0.38716064155814622,-0.18513892027886492)
 (0.39857484537976445,0.85570002649171339)
 (-0.78780008711870142,0.60826904048038766)
 (0.39945832305496037,0.46220547939947448)
 (-0.89567012832041648,0.58763199027058111)
 (-0.20629341782350641,0.84237921443940234)
 (1.3041654285055071,0.097941906831074732)
 (0.23205343630106334,-0.59123170711870254)
 (-0.89022877756494445,0.13923636737294243)
 (-0.40149728787375444,1.3919715122169865)
 (0.57875574029786181,2.114709089519939)
 (0.25927390442043707,1.2989312912180717)
 (0.5422054019103808,0.6946266165122188)
 (1.2559552018580256,0.55934682769798538)
 (0.84013770730663984,-0.10262816981639267)
 (-0.64536594990155349,0.67016354835532954)
 (-0.7230971650748903,0.23495021424815291)
 (-0.53011474527201385,1.0335386386913481)
 (-0.83851026582757782,0.057499418544589787)
 (0.29847636685531148,-1.0324238981641982)
 (0.97212791603804083,-1.0085875236891413)
 (1.1324048001229787,-1.2475138678789151)
 (-0.12621252132471319,0.42806114064343737)
 (-0.54307624455416115,0.36090820928006784)
 (-0.12992805805148289,0.98044719395379321)
 (-0.22004485214493102,-0.41586214690015527)
 (-0.60195221865310022,-0.97012513246624466)
 (0.069318842507745893,0.76234257208257694)
 (0.69994153757205768,-0.33700211326278423)
 (-0.69673067233614061,-0.24636769002477388)
 (-0.47666789203051119,-0.57357002162577775)
 (1.1249048090441467,0.85809896321510615)
 (-1.2559314032142388,1.2359868807971259)
 (-0.58964602840742031,-1.0052357092978637)
 (0.12335411949542113,0.84545805200744573)
 (-0.79202664478539386,0.81095248059654623)
 (-0.24244488340331471,1.0000296896646343)
 (-0.53824967713997851,0.11228458727707527)
 (0.5310259363465818,0.47886554306779805)
 (0.77373527470508496,0.52332990035891891)
 (0.95795986295570401,-0.48075744083333816)
 (0.51849709445537706,-0.098379200275929002)
 (0.086949547469097666,0.71738631404295627)
 (-0.4048052000860996,-0.36092477912299287)
 (-0.42934323679203679,0.5809647975455291)
 (0.89799739130377898,0.55437528988991469)
 (0.63805040079354691,0.7564830472721048)
 (1.0538090575513015,-0.063122065197339816)
 (0.093471225100706712,0.6217033610846433)
 (0.67924997355456651,-0.84343990051062301)
 (1.1387934226604526,0.51957404151322817)
 (-0.96547568552623708,-0.59580028867336632)
 (0.32463403223269804,-0.02233522621358891)
 (0.25191189630878885,-1.1719515213781513)
 (-0.62157396543343191,-0.55576233508579953)
 (-0.28537481891411171,1.2166085082437863)
 (-0.58458172189130231,0.98301829254037454)
 (-0.38814613497406053,-0.49707793234640379)
 (0.36269650335090853,0.57253255536694614)
 (0.7787455052064175,0.88631485071248928)
 (1.3891639827368367,-0.58272545625728756)
 (0.66604995781946996,0.17878122444425285)
 (0.58216017632427075,-0.35281536626684851)
 (0.14083617945099514,-0.32795110554359475)
 (-0.63479257258022048,-0.55827227863597895)
 (0.14258605856399642,-1.0980057281755657)
 (-0.35391493274768204,0.64765493701391152)
 (-0.48163747667994067,-0.74825658901562653)
 (1.071273555296502,-0.21883736138023363)
 (0.32836462211754541,0.91285742314080398)
 (-0.7579516848283564,0.26961837138200961)
 (0.47667401182701113,0.80711076257607672)
 (0.70157794102863136,-0.2790253901535375)
 (0.58468485072407206,1.1644233000286921)
 (-0.25876834835560902,0.63744345538685576)
 (-0.068080162188772886,0.97985667214846572)
 (0.74002518323931898,-0.33185492972544228)
 (-0.71571743830656209,0.71746944115318856)
 (0.90452870839274024,1.03854058931988)
 (-0.80363039615854392,-0.7380809689975939)
 (-0.70682617557819694,-0.8163216805128336)
 (0.27432371303146763,0.46630116202115157)
 (0.8175854624122737,-0.95275718479094984)
 (-0.58025102990156507,-0.43408805023186692)
 (0.4986814663629251,-0.9808576735457184)
 (0.92790230707893184,0.51907903739394556)
 (-0.38707728230974564,0.40946230556909274)
 (-0.64066684902588389,1.1821360256312352)
 (0.14453381353593098,-0.52069047571339588)
 (0.6311703751628136,-0.46969059263389334)
 (-0.75461491994391228,-0.1528693736438399)
 (-0.40860763865044786,-0.79980770695612291)
 (-0.50260392273253718,-0.55095182376744023)
 (0.026509182534364212,0.42616627055954903)
 (0.76759188302625314,0.44711639141151105)
 (0.76136142326442124,-0.7321907304025761)
 (0.28330953524906516,-0.3338537509608876)
 (0.61628671987051054,-0.04411172279766773)
 (-1.3436107586159041,-0.7332389626371032)
 (0.32470319634517408,-0.68702823009684466)
 (0.53759512479899341,0.94668684506873202)
 (0.14263658804829116,0.72330747214894908)
 (0.41860049737037025,0.0301229258794663)
 (-0.98997231148589948,0.52124623870722109)
 (0.3314986067132612,0.45489724277942417)
 (0.74912833933141443,-0.89161257077944922)
 (-1.0173955310467406,0.55924118543479084)
 (0.70112136002303949,-0.097708958212225805)
 (-0.42469077315380172,-0.49580321445416203)
 (0.84756019234581692,0.91881934245612862)
 (-0.59066275113687161,0.37254078437474814)
 (0.76071257768552858,-0.40236319620960009)
 (-0.30784528521356808,0.51065823724368886)
 (0.82525563491906251,0.29679519472024674)
 (0.34829655786877295,-0.14487169802667182)
 (-0.70489284936913199,-0.51163639526344307)
