# Created by Octave 8.4.0, Thu Dec 11 09:47:21 2025 IST <gamana@Samsung>
# name: rician
# type: complex matrix
# rows: 1024
# columns: 1
 (-0.77464193080558386,-0.22686303383390816)
 (0.57031147498773382,-0.51833516967344195)
 (0.88662007030837797,-0.21439945345826228)
 (0.88299986964562005,-0.5402517331360237)
 (0.60983334652816001,0.87837708009096471)
 (-0.22090178552728695,0.51225285360812167)
 (0.70133927054910639,-1.0254898671924535)
 (-0.89554619654046153,-0.60849848147152541)
 (-0.2641632713964927,-0.59567517168700235)
 (0.94203662953519096,-0.93325201544555703)
 (0.13846416186241398,-0.078008863993771521)
 (-0.72657513169609922,0.88587319715428758)
 (-0.24406102847716296,-0.37083931062620179)
 (1.1345839842578205,0.33422498095733516)
 (0.62781395978931165,-1.1914694674288979)
 (-1.0016036941789557,-0.66180960268700417)
 (-1.1862799718974875,-0.30437633170753625)
 (-1.1389898523189368,-0.55329008260719248)
 (0.32187779420416018,0.5090175577713949)
 (0.9146480348068412,0.96879167077446804)
 (0.80041238922431346,-0.10593797329254151)
 (-0.98391416562852019,-0.066460149678577773)
 (0.74521680734033613,0.90695214039339256)
 (0.85329895657427968,-0.57195765906663265)
 (-0.40503291472753888,0.73273767708377147)
 (0.71441717481854483,0.75765533013979303)
 (1.1000992510246452,-0.46051532841978809)
 (-0.31778248042362478,0.65069521756537174)
 (0.63392166204022138,-0.7595393164894958)
 (-0.94674691228662988,-1.2522350177622523)
 (-0.63948401443577019,0.74537404750032843)
 (0.4408753914382601,0.97498813936485673)
 (0.068280949902537469,0.93173528602785716)
 (-1.0810991299578789,-0.45828226549382473)
 (-0.46337787062462582,1.2532284164509842)
 (-0.9880060735282713,0.48173088932926122)
 (-0.066589712706565607,-0.83214881472271585)
 (-0.63909805936122832,-0.53435007469740814)
 (-0.77007611074148774,0.2341465531364198)
 (0.82610926669535945,1.1016490765645779)
 (-0.87448557980746633,0.54955190698098966)
 (-0.82380365258277977,-0.50790891359061019)
 (-1.1551924997324812,0.98656079337135372)
 (-0.1177431371890002,0.34158195920307022)
 (-0.17141183998569709,-0.9585971641026233)
 (-1.2272839817627439,-0.088208376252420395)
 (-0.25467311083149147,1.0070883498361478)
 (1.2558672170189378,1.0032644303479961)
 (0.67880473563720212,0.66843361873345619)
 (0.75698640963360631,-0.65746806075269393)
 (0.31087999685678586,0.76416515269999485)
 (0.78547783787174175,-0.71228820686672134)
 (0.12519235991555333,-0.86055140613647008)
 (-0.87098188466129278,0.73861878207021914)
 (0.85491769143317486,-0.8377017905578068)
 (-0.21554677300834596,0.61828911607097536)
 (-0.50316009882749002,-0.82000158320121908)
 (0.44990973130354112,-1.0183684629100624)
 (-0.75383080070263164,0.60812825093374545)
 (0.74881946230091834,-0.27842558290562791)
 (-0.061856398981217475,0.78261303796491877)
 (-0.33500549441350053,-1.2249314108750928)
 (-0.38261763640666208,0.5307677272958744)
 (-0.58167289981077641,0.70044039788627555)
 (0.80097567346975407,-0.74144894962943597)
 (-0.54762788300408116,-0.92289961599892745)
 (-0.12622750605902283,-0.63600447556988216)
 (-0.46103872138979901,-0.50719147551047106)
 (0.3188482742095145,1.2877595578119647)
 (0.23418781128881253,-0.71240929931901342)
 (0.75578415234224705,0.46967390214090687)
 (0.59146453555282286,-0.27070889555356348)
 (1.4190619997397227,1.1520611071688522)
 (0.89720179404856149,-0.14149151520300302)
 (-1.082520200779026,-0.47367380671965942)
 (-0.22851408328939282,-0.87903887147261983)
 (0.77821719468397021,-0.38220472050425475)
 (1.1221489371626032,-0.35412019420030283)
 (0.92598401005095532,0.44148799222786589)
 (-0.12624956954697458,-0.29342423742784279)
 (1.0536881391631492,0.67675735017799921)
 (1.3759960764015107,0.49242256597844125)
 (0.87252359028296178,-0.96750661919318892)
 (-1.3198243326955854,0.40831205602220411)
 (0.33672141239368342,0.99055379825916989)
 (0.56138943528231444,-0.51179537612146075)
 (0.83997744922303297,1.2946757118710457)
 (0.63355221903651771,-0.56231324712584962)
 (0.017452296912619486,-0.43804117050656255)
 (-0.33507752599382451,-1.0675101816398722)
 (0.34601272064611549,-1.1967248170838052)
 (0.32753249023957776,-1.1269334028961056)
 (-0.51125626104225319,0.64416691890790789)
 (-0.13851797176867453,0.96278749375489292)
 (-0.3478377845676866,1.037620101375778)
 (-0.39697743120270573,0.58070724140144236)
 (0.58908226521643381,-1.4037652713686377)
 (0.739793605942761,0.60283075785502871)
 (-1.0920754518903246,-0.98164389201082214)
 (-0.60152901096209599,0.94631721371259558)
 (-0.1485419650001264,-0.10452100322273028)
 (-1.038511378632087,1.2552286666138672)
 (-0.029663697044670145,0.46335900805931868)
 (-0.33145456944396046,0.27041416418160469)
 (0.50376920598602815,-0.28663107460487552)
 (-0.48020633693624504,0.53265019075200026)
 (0.42093210972688361,1.0651332918852068)
 (-0.22599157605370129,-0.93944821993711103)
 (-0.22183809275370814,-0.10823509839344882)
 (1.1460892749126748,-1.0699353402738212)
 (-0.93740341285058304,0.63378889051586995)
 (-0.15320743226669245,-0.48628793062857534)
 (0.11105326760449866,0.56966173018714217)
 (-0.77845522775607123,0.1023659976836046)
 (1.0975317286699116,-0.64900573768551706)
 (-1.0488854182998253,0.587963530633274)
 (-0.7090145251142066,-0.29030179295204334)
 (0.21328698493324594,-1.5439315881339324)
 (-1.2498746011050128,0.99476350845605288)
 (0.80511039028208742,-0.34850395697931413)
 (0.0089049443671218587,-0.84264592281025141)
 (1.1471883261600651,1.2448415079612811)
 (0.46464425129411185,0.81366850392372503)
 (0.056553856379666811,0.7392204318515514)
 (-0.42775775839592811,0.92048362932021777)
 (-1.2787963983801764,1.1547210203304241)
 (-0.30558286403194929,0.49995607087048893)
 (0.17210932526513004,-0.43663778352923233)
 (-0.65658148690064233,0.64450201184789058)
 (-0.61111051895584123,-0.51892769306664688)
 (-0.28791579237091319,0.12262000113122505)
 (1.2324449274048845,0.87188040625054641)
 (0.49344407336975765,0.9490168281638256)
 (-0.39018948741225767,-0.14417967336272228)
 (0.74084363527492081,0.050787374410255826)
 (-0.85030348914126297,-0.18469726275367793)
 (-0.828329691712683,-0.92883465618901417)
 (-0.56242783981158828,-0.021788469232982777)
 (0.51158866455725593,0.28906681384472604)
 (0.25332959885500422,-0.63214898110541662)
 (-0.034956473464074211,-0.22725142006422927)
 (0.59769583863596276,0.31921563701338518)
 (0.82029245678659723,-1.2568976712319588)
 (0.93352188700220529,-0.18132469519937011)
 (0.68174032866695267,-0.28591272191912853)
 (-0.5874708062681494,0.81943419406469065)
 (-0.42886747017359017,0.85483221902182116)
 (0.19230602981710532,-0.88422842811948787)
 (1.2113586797441465,-0.021756072117080083)
 (0.62643278192138396,-0.39856072565745543)
 (0.42605132345439078,0.99235389262620832)
 (0.85188472724184416,-0.42420535205091991)
 (-0.55043976457008181,-0.20951361204928329)
 (0.29604381459222567,0.95662409117107128)
 (-0.75561913313845208,0.38085743445387465)
 (-0.56865784687490395,1.0693564235113584)
 (0.44496273821038779,1.1708000918428807)
 (1.0292998481577589,-0.85303432633129772)
 (0.11577033575293837,-0.28013753107492839)
 (-0.90639438733531941,0.45492257949224391)
 (-0.45114044074782644,0.29778850040863136)
 (-0.91018295427594675,0.53768236333908903)
 (0.62566204565765882,-0.32359435248271418)
 (-0.73984097571857188,-0.023884953109156837)
 (0.6231003764750721,-0.90869329096071028)
 (-0.57644714755200877,-0.3935445495827733)
 (0.24018050620625395,-0.14042553902467705)
 (0.92099778101623564,0.46641541957122146)
 (-0.95774157548140526,0.820156636163199)
 (1.3277349647566417,-1.259911614441434)
 (0.57747386071865836,-0.7974765611303839)
 (0.89427697830242581,-0.20537663126671624)
 (-0.57499129068770527,0.61841754923711378)
 (0.7376309176359962,0.66337978475419634)
 (-0.12071279872290108,-0.96128200180152357)
 (0.31779201296448245,0.80620363918134075)
 (-1.0298087602569701,0.533582397444748)
 (-0.52600727525799984,0.04702669218923286)
 (-0.78910737061173652,0.79331014777247855)
 (-0.5727300097463901,0.15121618365898151)
