# Created by Octave 8.4.0, Thu Dec 11 09:47:21 2025 IST <gamana@Samsung>
# name: rayl
# type: complex matrix
# rows: 1024
# columns: 1
 (0.67139028432966996,-0.3489193463107087)
 (1.5607814395267909,-0.43823819096386452)
 (-0.14381966233429663,0.40080160752463789)
 (0.8613113212272242,0.12989475494822877)
 (-0.21554697740174883,-0.6974179750821341)
 (0.87195041462867051,1.1893934064038714)
 (-1.3553315062282962,0.52605297697028364)
 (-1.3128288234388366,1.3536702590114962)
 (0.8316653673207679,0.93381021552533161)
 (-0.56237567140894984,-0.48871655189375124)
 (-0.48898779750475191,0.021005060862242242)
 (0.3965037239139334,-0.86795165752457504)
 (-0.61181371583036215,0.70356709595709732)
 (-0.40328148391173424,-0.2361481695621985)
 (0.45430561422326743,-0.27613590778378538)
 (-1.6482028034546659,-0.69632301579622302)
 (0.29040068304587929,0.01858458564480156)
 (0.38994371786166437,1.193117951930601)
 (0.6706537969287647,0.23155044302068956)
 (-0.22351913851389038,1.1546314993234441)
 (0.63400456416969619,-0.62213446890913715)
 (0.53245692493621288,0.37798371500090566)
 (-0.23562702889274723,0.43867994075024419)
 (-0.83808396588084988,-0.70822974343976708)
 (0.85009841850700418,-1.1693787499078598)
 (0.12705805657295727,1.0805158113219067)
 (-0.98051048898336868,-0.81024909815393009)
 (-0.39075250309462717,-1.3952975934254099)
 (0.40508570211114264,-0.64749965541054366)
 (0.071963433914876931,-0.21381931049395064)
 (-0.64817799408089338,-0.31254245219282034)
 (0.52969714231030962,-0.47514092791075874)
 (0.41344324880126543,1.211615063455354)
 (-0.87344825924155012,-1.0083458289235738)
 (0.66011954223229574,0.011707535836476213)
 (0.22469891811942275,0.70801193609380797)
 (0.9485452755352024,0.45122985858741371)
 (0.2803377860394054,-0.30031927874651354)
 (-0.89554950770342245,-0.57679160887195458)
 (0.029557707380585663,0.26436230629191937)
 (0.10128257997654,-0.9001903363928434)
 (-0.020100803329481165,-0.71628600738974413)
 (-0.91443376491201822,-1.6445614648703619)
 (-0.0033889291271923389,-0.077426109336449597)
 (0.41203757602366964,-0.19473708071149465)
 (-0.11263566257292555,0.085255003642312324)
 (-0.48725689212253342,1.9191237600334938)
 (-2.1754882251922956,0.33780648827873416)
 (0.73046299842755491,-0.58736396353195375)
 (-0.5183193116647028,-0.10922105613296984)
 (1.0660744998845839,-0.67596545284623788)
 (-0.53814024866167487,-0.13014699532731241)
 (0.95556835505027182,-0.010518956107299637)
 (-0.31428768424675047,-0.014646924536670852)
 (-0.43567494034077719,-0.77528128059590062)
 (-0.62762069998945491,0.40625946019919934)
 (0.67551559014883933,1.4817034720276308)
 (0.55982977129027522,0.47849228203870553)
 (-1.6460124515140211,0.10130033837768904)
 (-0.022940091909018773,-0.45419190499330309)
 (-0.16594877646390871,0.22263231709509357)
 (0.44957257153612917,-0.52310963803253352)
 (-1.0799193545421271,-0.14618342783378158)
 (-0.76490275390140972,1.0942938541353924)
 (0.31429173064678873,0.78037660250135854)
 (-0.027051459690141777,0.30849367174078357)
 (-0.43904149039477186,-1.2140555613812096)
 (0.11626556613729466,0.34847957233305898)
 (-0.24954238983940497,1.1055427225653847)
 (-1.2310007006587582,1.5288350386870417)
 (0.18085897420371247,-0.58143529605531741)
 (1.024465459060127,0.12863554241280067)
 (-0.47040816679068154,-0.1856595606169282)
 (0.45304746542676333,-0.14651903555140952)
 (0.37773219245877387,0.88112693847192258)
 (-1.498183692014452,-0.72721638967710678)
 (0.68333370914500069,0.9683552250228642)
 (-0.050057136371288724,-1.1927709714518893)
 (0.058628125546178828,0.45335801632618045)
 (-0.72863514990198086,0.91218960304897967)
 (0.57046351763391223,0.40118259674620604)
 (-0.11855427311728639,-1.1657532406963906)
 (0.83041529569505079,1.0766756659626517)
 (-0.75460290049335521,0.02031054241655289)
 (0.23206232852192266,0.8584683312608884)
 (-1.2815094631316097,-0.50349315166104913)
 (0.44345883666498132,1.3796073097298893)
 (-0.23382331708354409,-1.1452585797582699)
 (0.24875151535392673,-0.61501237951745014)
 (-0.0803274602121202,0.15846756284181288)
 (0.80472605792054508,1.2121613433703009)
 (0.74276796487998342,0.85551270425639836)
 (0.9172527240014231,-0.1480195422432099)
 (-0.51052841122063497,-0.16172192671337027)
 (1.2319011148956132,-0.59843357803531161)
 (-0.33529717067110915,1.17194296913458)
 (0.12494660093927985,-0.26465748587759769)
 (-0.44160681225843124,-0.66404569843339833)
 (0.78045369331466163,0.16848244517040678)
 (-0.61499758288438477,-0.067072819996916111)
 (0.011928928104753413,0.047087200066140603)
 (-0.081018979329991608,0.43763779898654509)
 (0.41514888693607238,0.30773531902740109)
 (-0.020158428850794885,-0.30949187500740394)
 (0.56867689699919044,1.253962045328221)
 (0.30240859644130469,0.23303490171627761)
 (0.30176421434904122,0.76616254144148266)
 (-0.82147952801966539,1.2088252427076229)
 (0.097136141845597657,-0.96143683857331341)
 (-0.96367106520327894,0.37023760467825234)
 (-0.35490186870692031,-0.45414762386114027)
 (-0.4146449700481088,-0.49169542726091015)
 (0.12776159217561933,1.5688682083219487)
 (0.14878817959456239,-0.52038193068610783)
 (0.98897252536754099,-0.58348485210789081)
 (0.88361546818886005,-0.38194221859123234)
 (0.97184036062569845,0.9409279416597407)
 (-0.54026034316672789,0.38578488350515039)
 (0.49761005903484579,0.048186331134540766)
 (0.078599324407752968,-1.2430491465263072)
 (0.44960076818519756,0.73918115636389625)
 (0.41045972965345628,-0.28843334597855358)
 (-0.41314754687990596,0.65642646976739827)
 (0.67181150187449856,-1.1574045557275612)
 (-0.74897598334240667,0.14257247152424646)
 (0.54932119182670203,-0.020963713285289287)
 (-0.69681354228746073,-0.55411536832118713)
 (-1.1136964353711378,0.10779147191157468)
 (-0.50524217793719339,1.350862227209328)
 (-0.16757881067642058,-0.50243941380486112)
 (0.055181444411357909,0.11620514953980904)
 (-1.2972620587369632,0.1671713129945539)
 (-0.16101771727471492,-0.11577855319505831)
 (0.14495398105846385,-1.0304033890889299)
 (0.97882590140481041,-0.56433240329781276)
 (-0.53486914019804932,0.82032655900337648)
 (0.10869882180994342,-0.23335839399228811)
 (-0.20589905219139046,-0.56925019027736345)
 (-0.56313075025061532,-0.32363897066883673)
 (0.44752431218704569,0.12779507660034214)
 (0.87259461311366637,-1.0393169058496095)
 (-0.063631583630424371,0.31894488441969654)
 (-0.16203400855120736,0.47031825397604815)
 (-0.22858565444842574,0.60671915802000498)
 (1.8580295097470685,0.16636684294118553)
 (-0.028714251974980454,1.0637550940097622)
 (0.58059983224421863,0.46006068080133261)
 (-1.1436624357276919,-0.85685859690581334)
 (0.52336286611620653,0.93682306259964376)
 (0.045792821943065776,-1.5602515499245944)
 (-0.15550513670304755,-0.26067762663333643)
 (-0.99287538190188862,0.53378937365471291)
 (-0.9779470064564737,-0.30206986327196367)
 (0.8977849121125695,0.44458229360092683)
 (0.51157779009693261,0.60297155413129577)
 (0.46299504292807769,0.7351639781630267)
 (-0.4070773391455087,-0.13054455953368241)
 (-1.1495714234791796,0.45056111658794751)
 (-0.026842033703690815,-0.65152439082427405)
 (-0.51653726714160486,-0.79112982728874415)
 (0.60319542346281763,-1.0990630129248531)
 (0.16100693276329386,-1.0871634175058622)
 (-0.350854839206581,0.67636173447803449)
 (-0.25375902260310146,-0.87678569106511084)
 (-0.19760184805269648,-1.0656235773894513)
 (-1.1485710298806604,-0.37621610218190837)
 (0.9867761973883511,-1.1000378499274184)
 (0.52531752989034053,0.28718209420228274)
 (-1.0341469693445515,-1.2054436225870422)
 (-0.46140473808466287,-0.67639133042366106)
 (-0.17009244127071041,-0.08332347767262574)
 (-0.049784710593830384,-0.79995382041715846)
 (1.1964666239374606,-1.5972645262038363)
 (0.075605541005723531,0.33832795530835041)
 (0.70845986986112319,-0.30999144007820301)
 (-0.60685659389302871,-0.31622912747007381)
 (0.51880791962242057,0.18624532769882152)
 (-1.0231111574158267,-0.60696489631271988)
 (0.15690080515702021,-0.22769515079794389)
 (0.25055684308134651,0.12954974927308494)
