# Created by Octave 8.4.0, Thu Dec 11 09:47:21 2025 IST <gamana@Samsung>
# name: rayl
# type: complex matrix
# rows: 1024
# columns: 1
 (0.31621611757555917,-0.18512788642331618)
 (0.75134053780818166,-0.19256231680504066)
 (0.22670776958844541,0.62014836654874417)
 (0.65339518038083044,0.010845342766769683)
 (-0.096065162357485578,0.5885037430555371)
 (-0.80032494932027554,-0.12789520627223766)
 (1.1739292216846977,-1.7454804378291973)
 (-0.32155041498995457,0.26219787089591001)
 (-0.39220936198202583,0.066436520832772711)
 (-0.59208781150833334,-0.41265276523161887)
 (-0.78690425502130823,-0.71870665830450908)
 (-0.71225391310732933,-1.493561156827405)
 (0.077729506496703987,0.46637775082510569)
 (-0.68942675863114666,1.2122013690643541)
 (0.43014008806880438,-1.1168859916097802)
 (-1.0792851710209295,0.17306163249423623)
 (-0.34372570253978169,0.44903406783489624)
 (0.28133572525553902,-0.60838664292786748)
 (-1.2400424313290643,-0.013849848779269647)
 (1.4765476703628615,-1.1674893184819937)
 (0.41380334358415494,1.4654373318184222)
 (-1.3185212608100692,-0.65553185717260198)
 (0.33721467490121204,0.37137184390117839)
 (0.02322567839003184,0.45929809501408814)
 (1.2690288920756567,-0.92139547946109512)
 (0.61097152910748842,-0.69310643999923305)
 (-0.79802489834158774,0.63578216720263814)
 (0.26334676291049219,-1.1151282348872926)
 (-0.15989128587273879,0.34965505637351113)
 (0.10902172068022534,-0.51642611441230202)
 (-0.73107525315120137,-0.51933681891602046)
 (-0.16206465193925976,-0.056780280342585809)
 (0.60550258569738524,-0.09121195427773493)
 (-1.6109403021229167,-0.96347309316371754)
 (0.045973467392960765,0.16290566884198132)
 (-0.29826851043048158,0.23534526256728977)
 (0.73013649116650914,-0.2925066569623469)
 (-0.35694889153300147,1.5806161227279967)
 (-0.94700654628977254,0.98400008427147134)
 (-0.46718193953117926,0.034670891388981745)
 (-0.33881131934831954,-0.25694025727559922)
 (1.0731014337400535,0.32139954705820106)
 (0.17949857106154879,-0.25457498302506854)
 (1.1262450091329885,-0.50820605211298386)
 (1.0549692468601364,0.88551444635012688)
 (0.21023287762856113,-0.55065360362351734)
 (-0.80263750061625028,-0.39754778362731086)
 (-0.77399028200893227,-0.50589751063443378)
 (-0.26002161316091255,0.67427363199178003)
 (-0.093899940457180364,-0.68361887641690777)
 (-0.82161060538357078,0.44018970288797221)
 (0.42753121774513508,-0.32518430041970819)
 (1.0847371052368435,-0.83085696671631837)
 (0.12320922184891625,0.79268200395776345)
 (0.2522419936242164,-0.51367517003852992)
 (-0.21353447790461472,0.74016937497250046)
 (0.81221751272298859,-0.19864747739708888)
 (-0.81288392663659659,-0.61622609061157196)
 (-1.1114655628959138,1.0248857155594542)
 (0.097625020182274008,0.27372360301429088)
 (-1.8717055098854736,-1.1205398431151672)
 (-0.20418614557637227,1.6333225321872911)
 (0.42311745621810226,-0.73189924288129105)
 (-0.72965467456460342,-1.0937705499360146)
 (-0.92666953710740352,-0.15425620957822506)
 (0.44329964342410078,0.65960851351648309)
 (-0.29193656263543571,0.91036214492354506)
 (-0.066860276331787261,1.1329804950116089)
 (-0.019625555398305516,0.84956033660836283)
 (0.048106957864797795,-0.72138080835633811)
 (0.72461858548439739,0.76202634354466237)
 (0.23437016945897732,0.49725664361387995)
 (0.63612000732718144,-0.52290632642107282)
 (0.20026183441684425,-1.00324514083205)
 (-1.1190344145520794,0.097149426881966927)
 (-0.24802859738196856,0.6858744963130321)
 (-0.88500530025617319,-0.44869478939850127)
 (0.29750570353103079,-1.1568012895143429)
 (0.013759410311798198,-0.32545835620621877)
 (0.8839306145170378,0.13106069247510471)
 (-0.1423993584834651,0.0400102797576374)
 (-1.7629921948654412,1.0310519471152397)
 (-0.10462996244775519,0.71570914595888979)
 (0.61833642778737241,0.13530764893903599)
 (0.21697884398399936,1.3285438212849043)
 (0.23893885585904998,0.17950171841183801)
 (-0.5311454207190639,0.62456619337995523)
 (0.53316408665932191,0.59270508829949642)
 (0.58975987240671124,-0.20081680662043247)
 (-0.016154021006378083,1.0636787202836948)
 (-0.2414401929427864,-0.72904433088510168)
 (-0.031381649586822435,-0.6616701147701316)
 (0.18418944602724219,0.78628371522135621)
 (-0.0038184471168483947,-0.24739939323752522)
 (1.1509892071431316,-0.44857082764897455)
 (1.2010318954459507,0.11587347491376143)
 (-0.037166930428854883,-1.3103875391704638)
 (-0.52606167006745475,0.071022569582038064)
 (0.24447536511653334,0.43213637899245283)
 (-0.18508350419288891,0.23154807555150123)
 (-0.25973299434052199,-0.82052422221144861)
 (-1.0432573885451946,-0.19440669699526053)
 (-0.0023597192471727091,0.88446673533774034)
 (-0.33529125779801117,-0.46213464880326405)
 (0.86205456444755879,1.6969744747624655)
 (-1.0270913067972371,0.31007536386165918)
 (0.46788513405561261,0.1091164564541646)
 (0.17590223993597237,0.19194921298745227)
 (-0.64983892742206617,-0.11853569581255802)
 (-0.0041401469992777828,1.1531524275599545)
 (0.81160735262836159,-0.052412136662620901)
 (-0.49347673087975535,-0.78976502182966102)
 (0.82507154582887787,1.0342698223681639)
 (0.27940465695568628,-0.73143507662215956)
 (0.10980503165012831,0.52590615161899479)
 (-0.49858677099380272,-1.4754294653177342)
 (0.93464124566570583,-0.37465758570269608)
 (-1.5601243867097361,-0.20752874593038828)
 (-0.32303549643099838,0.45721857545249522)
 (0.20686423537563947,-0.97768450502621873)
 (1.5602858911614406,0.29320315589117274)
 (-0.62061291358600235,-0.36488413837636985)
 (0.77891233215202971,-0.68566673488351015)
 (0.84674196490829889,0.22704620165414313)
 (0.65430343136400382,-0.1749921087288929)
 (-0.8753941747806484,-0.82178775861733122)
 (-0.011333673434823166,-0.83728859110281739)
 (0.48779716341058532,0.73896270431852029)
 (-0.52733840601491855,0.29895116509143699)
 (0.35231740297577085,0.66231030970025995)
 (0.177383046251679,0.39643012310158054)
 (-0.97542273546125469,-0.16096892624816539)
 (-1.8882453980645986,0.15864744984589896)
 (-0.51913300535903451,1.023735693380651)
 (0.45676771546307815,0.077926483777361305)
 (0.71106036897505809,0.23956002548589131)
 (-0.36704442030147083,-1.2525795386445013)
 (0.5851314377938106,-0.18635597195773135)
 (0.15459439647928963,0.005133131024451329)
 (0.19360386495236814,0.38479168686062426)
 (-0.36721217239994453,0.095988172002489353)
 (1.2900558365493304,0.23465308095394211)
 (0.77434209002448773,0.99753781050286938)
 (-1.6580007110748212,0.35459118939769807)
 (-0.37580934894576512,-0.87381330823094372)
 (0.11801290953493793,0.57781541337234332)
 (0.13787864047850307,0.65202549186077052)
 (0.57183743014748523,0.15567206222688842)
 (0.17584939024312007,-1.1546319283110367)
 (-0.19198512832240594,-0.89805707881155117)
 (0.38766789236989729,0.95071834835728408)
 (-0.43705835239490709,0.13404302492429887)
 (0.29643631543837468,-0.19093929821517303)
 (-0.48947064569143039,-1.101158483155674)
 (-1.3436685644742823,0.15461689428399739)
 (-1.3789178683164622,0.034526732756009149)
 (-0.99685075821674063,0.8054551092497112)
 (-0.34372237881161771,-0.94095966675654252)
 (-0.079955982494041122,1.2164929296918241)
 (-0.35718621149984453,-0.24602439427372427)
 (-0.3466060098503535,0.63434408028804734)
 (0.72012897360789141,-0.28712479487883391)
 (1.2499859603197978,-0.48933116324116616)
 (0.039992652447493282,0.98255158730490966)
 (0.20553510171433398,-1.2425163800801675)
 (0.62452885751007758,0.21164994881097918)
 (1.5168132001391506,-0.77112932394313738)
 (-0.032400701885797856,-0.53836991739416984)
 (1.169281610553297,1.1040904875124387)
 (0.024119060651109858,1.0196577009636583)
 (0.43795110756660621,-0.35347326525817518)
 (-0.19125634019042614,0.090761701077598678)
 (-0.6312812124923638,0.079801432398424299)
 (0.078424892118358236,-1.0966724028285006)
 (1.1266085254555562,1.0551445617747086)
 (0.087633874701029624,-0.55427111404521612)
 (-0.13516924339303132,1.012700681764706)
 (-0.57308458009633967,-0.52975891151113264)
 (0.38665832618878787,-0.84572735792505638)
 (0.13279321704986968,-0.4638327912913065)
