# Created by Octave 8.4.0, Thu Dec 11 09:47:21 2025 IST <gamana@Samsung>
# name: awgn20
# type: complex matrix
# rows: 1024
# columns: 1
 (0.64947353700988031,0.59066028734850362)
 (0.706665259036937,-0.60733666423940791)
 (-0.72801774477659853,-0.7584808626764139)
 (0.68075796219554874,-0.81903079621142671)
 (0.77858734317995082,0.70523164459917009)
 (-0.74223255465435622,0.67165999501070639)
 (-0.67591969896672743,-0.74334726643076843)
 (-0.73690740103718977,0.8181707502413289)
 (0.71379695707267266,0.82703685118032577)
 (0.76957295554181926,-0.69847599612982425)
 (-0.69719140637324306,0.74434809112719857)
 (0.87017720199890725,0.75179128836553)
 (-0.70581507501280105,-0.6173446129332727)
 (0.72963160453870091,-0.72824140155403216)
 (0.64961661113974756,-0.64765485522733079)
 (0.70932624202689176,-0.68023058310097584)
 (-0.66873301422279297,0.71476741433048685)
 (0.5483857643914396,-0.75853146032075547)
 (0.75231744800463574,-0.72340216514959443)
 (0.70545755430975599,-0.82952766319093629)
 (0.66535229545207275,-0.6842797534328966)
 (0.64986598116104843,-0.80876615539467689)
 (0.92214339311584981,0.84309292278146186)
 (0.71881536109350508,-0.63403136459961495)
 (0.79537695591477342,0.76358453380564639)
 (-0.69883354477862336,-0.79033049670003919)
 (-0.80964351725137362,0.5949766982521375)
 (0.74187361115676831,-0.92631714210753147)
 (-0.72370790856398093,-0.6417399494523921)
 (-0.78170776194026825,0.57446998049912934)
 (-0.64886412123266923,-0.66077171476356933)
 (-0.77116735106919765,0.66208953258672298)
 (-0.8165531567924752,-0.68645551803618754)
 (-0.84663571616306033,-0.55480317821137459)
 (0.76348237546140874,0.84087215292693174)
 (0.64861416913703218,0.73017906209203143)
 (0.78599695072625309,-0.70289135928717228)
 (-0.74222914100267934,-0.77825825061542364)
 (0.72493202571832449,0.69643235978017548)
 (0.74952337158773719,0.70279893349439038)
 (-0.74736188407430937,-0.71569656404380833)
 (0.6220398268407128,-0.73881374138205791)
 (0.70645210361718225,-0.83236866571399437)
 (0.66409420819771969,-0.75595109706468777)
 (-0.70459864451169407,-0.65432188081373821)
 (-0.78326028993574603,-0.81490470249250446)
 (0.78754759081103287,0.7852530672946052)
 (0.6599933761324791,0.70037715397192157)
 (-0.70182045287427308,0.66765070003830096)
 (-0.71716427623007739,0.71866805971126613)
 (0.65586379011044971,0.64886808731950174)
 (-0.69848695984847953,0.76922588983005868)
 (-0.64451182436758536,0.68685310591647419)
 (-0.578319898418585,0.6307191117976152)
 (0.76343776832891264,0.65197041036540981)
 (-0.74616504180776855,-0.77968655456267921)
 (-0.72808592093490676,0.64298577415988434)
 (-0.65762027176909843,-0.66894560103689737)
 (-0.67847640837614887,0.68559058640587278)
 (-0.7578510994667782,-0.72797148243579657)
 (0.66578023511863271,0.5617674635302955)
 (0.69836756921490384,0.69139043250504273)
 (0.74819338695060977,-0.62067111094148153)
 (-0.73718226522255392,0.59973267889581505)
 (-0.59266960526614787,-0.56211669202846126)
 (-0.66079061688969931,-0.69545625322421289)
 (0.7066140154231948,0.60775089329138976)
 (0.69567561717084625,-0.81299794771739975)
 (0.63150302383983936,-0.7278710811912823)
 (0.70330513309707765,-0.69976496016338763)
 (-0.57820672109199456,0.59217847628983344)
 (0.65037237982143703,0.80817784803321535)
 (0.77758120100604844,0.83123278071337292)
 (0.82435768900067785,-0.6956035473089629)
 (0.65920480771661016,-0.68170921508757021)
 (-0.60625083326336648,-0.76504943488329802)
 (-0.78107791003345783,-0.54951480598957347)
 (0.73161177211093864,0.66654728029372401)
 (-0.75125237207266005,0.61466240638169745)
 (-0.69190128657699157,0.61202773672835231)
 (0.78810095463223528,0.72311785237729687)
 (0.68473014812607558,0.65308280065506275)
 (0.81348548906656926,-0.71273865775291589)
 (0.5101832670970865,0.76967488208179979)
 (-0.72759056853044779,-0.6871912144673884)
 (0.70707255597240182,0.83533447068024724)
 (0.71250446242123944,-0.49463447621940759)
 (-0.73298880344460804,0.71959001304484549)
 (-0.64951535118330772,0.73278070933817752)
 (0.71303084608975309,-0.70857913002281947)
 (0.67498187718853009,-0.70096097799386448)
 (-0.80875904072346294,-0.7205995573147197)
 (0.76870914741216512,0.60849512358060509)
 (0.63710985650580365,0.73665617507718784)
 (-0.77117184992016641,-0.70924100319977701)
 (-0.74188275022251671,0.78056298771215527)
 (-0.76576165876484625,0.70285550594655077)
 (0.71045582754354664,-0.64730484887136486)
 (-0.70417883450110819,0.72730619438700861)
 (0.69026695383236347,-0.62832235217990962)
 (-0.81320909358268223,-0.68640140806933303)
 (-0.67384406459117685,-0.65711832900139744)
 (-0.64811891071851857,-0.7349397232218543)
 (-0.66586844269837586,0.57337881232295873)
 (0.78763833327459931,0.6292345393495008)
 (-0.65526550155634533,0.60896923022735971)
 (-0.61738240565403713,-0.80755163324169854)
 (-0.75617462705069283,-0.64178765619955702)
 (0.74610507719957164,-0.70770288862229702)
 (-0.82540958079172855,0.67470790855570328)
 (-0.78067355935538008,-0.82991545669981459)
 (-0.80148895530422459,-0.7522736007607369)
 (0.73721018469228106,0.73938668794325002)
 (-0.73826027358626134,0.6542428661191021)
 (-0.7330520593827341,-0.75426577072587175)
 (-0.66561115273216054,0.83620270854930601)
 (0.80278053871112265,-0.74666753579871681)
 (-0.74052847800311195,-0.8245732820483509)
 (0.8215836218372321,-0.78840115262952659)
 (-0.70437568897589664,-0.79152295359930758)
 (0.83504334128166158,-0.76407184650802573)
 (0.66837298608948503,0.68101437425241906)
 (-0.61078205433721555,0.74900482897713228)
 (0.65556153239089821,0.71671437337904409)
 (-0.74448469859985444,-0.74520620482258992)
 (-0.58552891658917539,0.64510009829487236)
 (0.78453882204077519,-0.71440364389392486)
 (0.78888520196412515,-0.83364206353878567)
 (-0.81159779325448489,-0.56130976849109604)
 (-0.65988176489637351,-0.79460757105403668)
 (0.66376813319014016,-0.72462950343265853)
 (-0.70395642655795254,-0.72783672820002354)
 (-0.658450691279162,-0.60912091809416857)
 (-0.74950550412101613,-0.79001592797492959)
 (-0.6400438663559237,0.71445471074725264)
 (0.77513081393786099,-0.68221587818455531)
 (0.72720585882644606,0.70178125880695419)
 (-0.76866028413945464,-0.63653996110454703)
 (0.75931805196221014,-0.65232187741921754)
 (0.7792476351312998,0.84752545375518906)
 (0.68777669752513848,-0.67028653707613051)
 (0.70357846050901518,-0.73223006837799054)
 (0.74904968382605863,0.67459871261317839)
 (0.6561753635525307,-0.60397821361882831)
 (-0.72565431499139244,0.68105314689864926)
 (0.71170767473236529,0.69237497489122835)
 (-0.76538939051253274,0.66671684735280423)
 (-0.6035114763463314,0.7313608076199023)
 (-0.73398272183116953,-0.60219194506098372)
 (0.73227207291169494,-0.78640562104296097)
 (0.7233697502852936,0.72602140599915865)
 (-0.63350833580873711,-0.64466334130006187)
 (-0.72043286058844591,0.78573676970397233)
 (-0.7683244435959723,-0.69941016713039283)
 (0.7314803905608025,0.72095041274709437)
 (0.77831055596382936,0.79096322182154255)
 (-0.66175507820965296,0.6847612919240702)
 (0.7798990399182687,-0.78938564523104759)
 (-0.61243774174837962,0.72404935622627697)
 (-0.69310534162737947,-0.73066184079232377)
 (0.68367899488728046,-0.72969349046402587)
 (0.73622029602890138,-0.69269393843852933)
 (-0.77750591163674099,0.69284126152401304)
 (-0.73790863604387769,-0.68191126837123361)
 (-0.81822789923250572,0.68858370649576361)
 (-0.71115443769438658,-0.74172042040725572)
 (0.64652600152146422,-0.69366589574067827)
 (-0.64297496566849999,0.581290520182423)
 (0.5799891246871528,0.78250918963841909)
 (-0.69544737897369713,0.63598842609846606)
 (0.66093397825967859,-0.57863830212805822)
 (-0.66441518880244832,-0.68401299632682)
 (0.59415524208565529,-0.68402746941256887)
 (0.61455722773134636,0.80019079408729188)
 (-0.74963711607429262,-0.64354313020861964)
 (-0.7458218696235418,0.62649110111735762)
 (0.65146785770233928,-0.64332991642303128)
 (0.88723084315969336,-0.66415967268503617)
 (-0.66797453335457291,-0.54773477779792135)
