# Created by Octave 8.4.0, Thu Dec 11 09:47:21 2025 IST <gamana@Samsung>
# name: awgn20
# type: complex matrix
# rows: 1024
# columns: 1
 (-0.77084128122145479,0.64101082495896455)
 (-0.62360085328068726,0.660877208597348)
 (0.79839339614926397,-0.62629533969517581)
 (0.66587736519762297,-0.7175583988887364)
 (-0.66992972197736111,-0.77393135892589349)
 (-0.64587823610810091,-0.70330865600743619)
 (0.68090781844382009,0.75392316264065218)
 (0.61905255360861311,-0.68162826402231869)
 (0.68137376149584639,0.67117572842345885)
 (-0.62420658416457797,0.66855437349924096)
 (0.74324024590091708,-0.76267939120009842)
 (-0.54937243968227523,-0.67650158622536982)
 (-0.68955328407989191,0.61151671335645597)
 (0.73945603413681849,0.71053207571095955)
 (0.72043904335220632,-0.69750037464341108)
 (0.77854778332986263,0.68405388232926101)
 (0.64583734714903884,0.65546899430782335)
 (0.67449160018076693,0.64280411097192414)
 (0.58918409250708137,-0.81478694046027855)
 (0.63466996367394746,0.58008441401555666)
 (-0.73084335012115687,-0.57739170497000447)
 (-0.75280161583436711,0.63525317732488895)
 (-0.68777677703586482,-0.62775663183280872)
 (-0.75379093863225877,-0.67636574393284576)
 (0.61513095538538343,-0.69618767677489612)
 (0.68382274924952258,-0.65567543336269885)
 (0.64660603107444825,0.77133988140899412)
 (-0.75034763709070751,-0.68841313271655602)
 (0.71782184953233896,-0.69521305665243727)
 (-0.6561407375070667,0.70095725041818391)
 (0.77120660029390153,-0.73190245901924156)
 (0.69948392467060139,-0.58957265375075263)
 (0.69852550000404523,-0.59832970189116841)
 (-0.71919130131699449,-0.75749119354570615)
 (-0.762097822902291,-0.70619916900472213)
 (0.70487310942498249,0.70276800976983234)
 (0.64869640755927827,0.75779333864764697)
 (-0.73445615110600615,0.72895029178171233)
 (0.70482149955961537,0.79144741881881853)
 (0.76749512440670953,0.748475942514782)
 (0.67832221964967709,-0.67158654855796174)
 (0.59400981776025241,-0.68639372011912958)
 (-0.61264968557686639,-0.65857971738269239)
 (-0.76237500110027523,-0.6607877406556143)
 (-0.6175918614969248,0.82364785825451903)
 (0.70492909723922659,-0.76742696378171382)
 (-0.58603680709072536,-0.64606850176330133)
 (-0.78166491974512342,0.63464837551275732)
 (-0.76913203654765705,0.6385347244457753)
 (-0.77343507750682705,-0.68422321468745351)
 (-0.71502775720453138,0.75740704414771287)
 (0.54626930922664041,-0.72813598934188783)
 (-0.62054802098193662,-0.71595134301665986)
 (-0.65674991326010268,0.64066573449472286)
 (0.64704000198751443,-0.71288039171238538)
 (-0.73461826097956429,-0.59919804509911956)
 (0.5457499690123685,0.6739662503927879)
 (0.70841753046401057,0.63694838413825416)
 (0.74041748627612103,-0.70785003292396442)
 (0.77287847624839112,0.77613369625224982)
 (-0.77456013124279721,-0.67193725824024697)
 (-0.60499625700454818,0.6730851630231276)
 (0.63927830062503732,0.70956652830521605)
 (-0.71186946809691765,-0.71084507910622263)
 (-0.77102201805487902,0.66333791099034756)
 (-0.78737261770394928,0.7593585557888457)
 (-0.76389154748688259,-0.77748849478608273)
 (0.66796705187707284,0.75743473875379397)
 (0.76558670435151654,-0.71758282631832637)
 (-0.72417440549282053,0.67519634328738765)
 (0.64182162048096425,0.71484488406596813)
 (-0.74376323101059538,0.64938955571417678)
 (-0.70499406809934162,-0.7489466409962755)
 (0.6941085405393087,0.68003651790205455)
 (0.80599267038246392,-0.59003736252105843)
 (-0.62736252959649319,0.69249752034839818)
 (0.60119043215640477,0.76706453151744658)
 (0.76736561581886398,-0.75942298615283577)
 (-0.76727889753799694,-0.77043422171727838)
 (-0.73899668021361642,-0.68392640823763529)
 (0.62440923052769082,0.710706881165027)
 (0.66409011014745967,0.71167334065940513)
 (-0.6926100371998728,-0.46704550043901427)
 (0.75182609219315422,-0.74614657325339584)
 (0.69024698647293925,-0.78537816436256591)
 (-0.78974355400574736,0.83837138791714649)
 (0.72769213478399286,0.75097448446341797)
 (-0.65956252379331759,-0.71833438137953287)
 (0.66548200573576077,-0.80888257842862354)
 (-0.68392647472299473,-0.64286976167576571)
 (0.70859753298350581,-0.73379306462715133)
 (-0.76799930496744651,-0.76169608185826931)
 (-0.58073782298765075,0.73769943606745492)
 (0.7127978565740597,0.68766948602236455)
 (0.77227315905076599,0.7044009614834833)
 (-0.66543785213378159,-0.66579572227387929)
 (-0.6372071387399153,-0.70446864373492346)
 (-0.67248595237128495,-0.74285671461557923)
 (0.7335172090254114,-0.71377293859408342)
 (0.66508561526322729,-0.70658511013620884)
 (-0.65704195060186277,0.64593228707013217)
 (0.79485607600684538,-0.69675416862667072)
 (0.75439483077506631,0.68906700011865663)
 (0.63619264636993134,0.6949942526483821)
 (0.68956534140453485,-0.85995578137800077)
 (-0.80136718133586027,-0.6660642187764807)
 (-0.6795384620411995,-0.76545354071681571)
 (0.78863211486062057,0.80341679902867824)
 (0.77080183079176923,0.64663590637575341)
 (-0.76406469831629797,0.53627828532176869)
 (0.74945945557690263,0.80150420357244145)
 (0.70407206357051844,-0.44700565665853148)
 (-0.76553681739094559,0.59792906262708145)
 (-0.88159812611382982,-0.71298211906722386)
 (-0.6650381878992202,-0.71037712717415835)
 (0.75763810743741444,0.67763568966198118)
 (0.82222828725916119,-0.69194035894127082)
 (0.73213656893509216,-0.80737760571220507)
 (0.77693837346359607,-0.66748885284525294)
 (-0.70791241059695209,0.63544688498261914)
 (-0.6680733678767129,-0.62605322432536914)
 (0.64150625743632728,0.67100545810754519)
 (0.73506810687173807,0.6626173499740261)
 (0.6016704340656035,-0.64297250879561918)
 (0.81217068076034682,0.71782986418520656)
 (0.69713918784099815,-0.79685959331098)
 (0.61358886955974046,0.62541224011559282)
 (-0.66580310333929482,0.73953712900067992)
 (-0.66369050859341472,-0.69832326664688948)
 (0.71347857068600329,-0.82728745929015624)
 (0.78129354218643732,-0.85483600890004319)
 (-0.57891698788281198,-0.73745666211241434)
 (-0.71770496395601824,-0.78311410983036223)
 (0.66737949456954371,-0.77068726042008417)
 (0.73019210813191748,0.64886224416433236)
 (0.66190406207141295,0.65172498896656939)
 (-0.78905823123668695,-0.72953847995857402)
 (0.6431807845132772,-0.59862495081885914)
 (0.75561763163252438,-0.70333597561084038)
 (-0.68344905684787882,-0.65030273578201947)
 (0.76307418592661214,0.77105382384840304)
 (-0.54412478189735625,-0.71401590144904004)
 (-0.7077952193298418,0.67195899291552474)
 (-0.66556086532558845,0.73248096171173815)
 (0.5730468195036823,-0.75241254218599485)
 (0.72036505643211768,0.78752598940373209)
 (0.69199744093714777,-0.77333760736602253)
 (-0.7628601521225532,0.69154929716307134)
 (0.63787584260811026,-0.75927936479584668)
 (-0.71179769789602976,0.72811581803619796)
 (0.7530473541371232,0.50960763297565115)
 (-0.66864554492558659,0.70025675683254052)
 (0.80609955579134951,-0.72682500156511698)
 (0.72964424169525677,0.80859157691204664)
 (-0.73584360050159681,-0.69950292424925853)
 (0.65377260056686115,0.8692572123649992)
 (-0.67068502693037257,0.78346785564318044)
 (-0.73729210899534392,-0.62896629219467592)
 (-0.58831881644047401,-0.77010297568106345)
 (0.74689240745847907,-0.79799687419385579)
 (-0.73735118522815402,0.65049128504979992)
 (0.56802473340892401,0.61444264019181916)
 (0.63442096055529151,-0.62519228020048168)
 (0.70838542064779475,-0.67453054071794349)
 (-0.71170245058058468,-0.68200465439485958)
 (-0.74972527880561701,0.77255604797067112)
 (0.79890369231316682,-0.77880132640767386)
 (0.74069954584555853,0.79422036037259547)
 (-0.82201153655433656,0.75658431191037256)
 (-0.70518386801474675,-0.66203533601148912)
 (0.78986552854835002,-0.63105340055595305)
 (0.66014498836730762,0.76230853380622099)
 (0.73939269197935076,0.73562300274876335)
 (-0.7576654129151994,-0.74900783582101149)
 (0.59927419389221792,-0.80908076079269498)
 (-0.73340652526047911,0.59856293236868585)
 (0.70344579001870189,0.60900842737890093)
 (0.65383257141896067,-0.72503413428269337)
 (0.76252111599683159,-0.71331357846927701)
