# Created by Octave 8.4.0, Thu Dec 11 09:47:21 2025 IST <gamana@Samsung>
# name: awgn20
# type: complex matrix
# rows: 1024
# columns: 1
 (0.73719098636437175,0.7788718846655005)
 (0.63721952637992285,0.72315430524195068)
 (-0.73779518001079403,0.6165739629648902)
 (0.68535269979735847,0.79894072585411913)
 (-0.84769629313569639,-0.84564644164102876)
 (0.71410883964207295,-0.65446078613150704)
 (0.67039444599518017,-0.86506887937515708)
 (0.71502009320425819,-0.7223018490930796)
 (-0.69594637686485072,-0.7176768382425488)
 (0.66792069958540923,0.80235254444678072)
 (-0.80790733055640518,-0.67707789133047502)
 (-0.66702411683974816,0.61423175318770296)
 (-0.78758154458814023,0.75200766370489336)
 (-0.77585502276534024,-0.70158261198825922)
 (0.68624722174325847,-0.80900569040541004)
 (0.76062859617286671,0.68259145316190517)
 (-0.80647984907949821,0.79796528151234647)
 (0.65815880020901418,0.77491275089772638)
 (0.79496392320890474,-0.6855668193892609)
 (-0.75466843018965191,-0.67610225907133703)
 (-0.75835803042528993,0.65018783187466023)
 (0.79421739267794822,-0.77809541176891783)
 (0.7299364825943887,-0.75711535073250913)
 (0.69377252620320939,0.65626255639056574)
 (0.76687476276303235,-0.75940173506040953)
 (0.69509755332078105,0.62360248756639058)
 (-0.74081029839140111,0.66590897865036802)
 (-0.75264752484931452,0.67726242476723753)
 (-0.73754962676592595,0.70041855072814718)
 (0.69195837677052163,0.65191413272858689)
 (0.72544486310164458,-0.62752186878473826)
 (-0.71335596036646753,0.72428183252021161)
 (0.66239848774462085,0.82544939880250701)
 (-0.79311131967918191,0.76700180211983615)
 (0.65392883914622102,0.6991206700672461)
 (0.68294096470603693,-0.76159588661630817)
 (0.78306948440072621,-0.64854463371999149)
 (-0.66687561116195471,0.65473302198765659)
 (0.77395977540934024,-0.57559777139131618)
 (-0.85864152488716416,-0.70986246968593447)
 (-0.58229003998809037,0.72736170019753144)
 (0.64362055633592652,-0.83201390151796339)
 (0.76822179388517475,0.82178608440190604)
 (-0.68332765677279073,0.65844211187739954)
 (0.69783009979691446,0.85424524449358274)
 (-0.71782374841034491,-0.749451408425861)
 (0.6071311313178982,0.62596592145999086)
 (0.6330562648307666,0.66885954633863787)
 (-0.65217348395260066,0.8335290978106985)
 (0.73526924171276653,-0.62154665276509746)
 (-0.66728204439263072,-0.65161602893405612)
 (-0.89546182931416385,0.55700527350533269)
 (-0.74019769040024141,-0.68116000721271885)
 (-0.65986068630209682,0.80448601522028662)
 (0.66379549277663308,-0.67590399822936209)
 (0.57693782528463333,-0.80550922549077297)
 (-0.76845630743513937,0.66882013002150065)
 (-0.63832585362681593,-0.66967008886316037)
 (0.69675743625250086,0.57234666089454711)
 (0.61248225095788733,0.76751277864257239)
 (-0.85641608389501678,0.79502817288288263)
 (0.76652587323221499,-0.70925154166014759)
 (-0.75187450022931168,-0.78041092825595093)
 (-0.77751052373214646,0.63828231606191765)
 (-0.6901488359065,0.76835627801403239)
 (0.6808225665505101,0.58761538786897838)
 (0.59506453453042463,-0.80200338432364404)
 (-0.65877323397279353,0.72996686970645697)
 (-0.8058183716571925,0.73751797446493705)
 (0.69169061098513296,0.79699288975635019)
 (0.66745111186125283,-0.73479345175214461)
 (-0.63884326248490675,0.72251124810719913)
 (-0.85574530700616613,0.7128521115305152)
 (0.6251409926684921,0.78849059377893482)
 (-0.86220261740958604,-0.57731706225892243)
 (-0.88882217113609119,-0.70492271230410353)
 (0.73822095516565023,0.69919633368885925)
 (0.7421059547138511,-0.77229153154625652)
 (0.73864488924894089,-0.64876022730145833)
 (0.71948674503086285,0.62253487518119111)
 (-0.77807512600817674,0.83575152202114789)
 (-0.71333147536004071,0.7394499645640924)
 (0.67172506304701685,-0.68656872905740252)
 (-0.75676442578349135,-0.76897764103562327)
 (0.75092817685493218,-0.70904065189627052)
 (0.72708510864276454,-0.6977536815802865)
 (-0.60403263222111037,-0.68601510795216236)
 (0.7646672700282624,-0.70789760074226782)
 (0.74471606244525157,-0.82607822471880277)
 (-0.64233355212324439,-0.75577188908302939)
 (-0.71348745217180165,-0.82379325617949828)
 (0.73770184622971047,0.7074929578733995)
 (-0.69078382343498579,-0.67494475636603479)
 (-0.66500948814809302,-0.76302882858162036)
 (-0.72193612201274215,0.62601435938883354)
 (-0.74378184827357141,0.61569848641591451)
 (0.71922023239465471,-0.65874320810186082)
 (-0.67664524060625852,0.76426763571022205)
 (-0.75756155099733591,0.68534981151424745)
 (0.67770214111983074,-0.47734271167790776)
 (0.63425563172431709,0.73308379957133774)
 (-0.6816152576750365,0.72334608156109192)
 (0.79729599454282762,-0.64496131037987769)
 (0.79688341713855215,0.65765831255183571)
 (-0.79375532752505618,0.71893507125269063)
 (-0.67249792229534644,0.73849245858605328)
 (-0.6811686589525987,0.62683599957201164)
 (-0.70648362742024096,0.68465763413921932)
 (-0.75972150102016123,0.70785218610794098)
 (0.74667851749605263,-0.60423706353688944)
 (0.62937110629347137,0.72949998149137074)
 (0.78889717517258706,-0.69952788001144162)
 (-0.61154002205510449,0.68526867793321788)
 (0.74435091786075902,0.57489502601375642)
 (-0.7769650360172381,-0.63356924366320899)
 (0.73664499663003058,-0.651129478778674)
 (-0.72848909579375376,-0.7305591334521061)
 (0.76397383337590929,0.70717411538028208)
 (-0.80980007272340826,-0.75821477009717075)
 (0.75717925012076592,-0.78499693972221418)
 (-0.66499802948343412,-0.77534400611619969)
 (0.67760647459412826,-0.61044390919610392)
 (0.68173640673928959,0.75510700414154286)
 (0.66305354503071823,0.6422117795467861)
 (0.66363206212553127,-0.78207234005415083)
 (-0.75920398707883396,0.58394456223851288)
 (-0.61917819949012742,-0.772582147533171)
 (0.69154986583949718,0.73761918417387329)
 (0.64761961865307871,-0.61908847316919302)
 (0.63201317866375228,-0.65007632738723553)
 (-0.70584448060747829,0.68714020646893015)
 (-0.62384348650794597,0.61178910799294373)
 (0.7344927151927898,-0.82964079530760637)
 (-0.76710164389418178,0.62991359175090789)
 (-0.71248023285343587,-0.66638645997845525)
 (0.67229197744385094,-0.75696508963621445)
 (0.63541119613132135,-0.65494535148057875)
 (-0.80261391050191433,0.81531145389048953)
 (-0.7777509894059198,0.73700359034829899)
 (0.74864066060127521,-0.71794351382744914)
 (-0.58599354388770764,-0.65939192249553291)
 (0.7478362241360017,0.71746505214801459)
 (-0.61369885633802346,-0.7704211856676475)
 (0.6796228284446727,-0.62562571760921548)
 (0.64289569130745061,-0.65034996709853798)
 (-0.70600870305479557,-0.66244865679017495)
 (-0.67040556496224291,0.60388747445048796)
 (-0.75211488453514508,0.69184458684767014)
 (-0.59435504465096389,0.80038503892425727)
 (0.61571917033428525,-0.61624457299709745)
 (-0.70111252913201316,-0.65303333999391722)
 (0.70720594395049907,0.6946816984777946)
 (0.81618184396762739,0.67691965587089276)
 (-0.6680446808910977,0.64866370681603025)
 (-0.67606435113487784,0.69994312042432716)
 (0.84831053148696101,0.85333187316090287)
 (0.68955371530823861,0.61748734883561962)
 (-0.73412778458356254,0.66137891409534422)
 (-0.77382791924139516,0.58153092549348606)
 (0.63430190668631048,0.60315215818884205)
 (-0.78954027910891245,0.80025578642189177)
 (0.68691444183415828,-0.74319209704020828)
 (0.66528914942016948,-0.61749211483897903)
 (-0.74035765392542796,-0.66755225903434001)
 (-0.70469421220550355,0.67770488506983662)
 (0.72515436744369788,0.66028939196620517)
 (0.56801068744435046,0.7144253997318889)
 (-0.62828474591707106,0.81860927988972565)
 (-0.69028157415270708,0.8065056884688494)
 (-0.70747170327520958,0.64970625735428222)
 (-0.68662868454053971,-0.76018589306898177)
 (0.72522298441130006,-0.81284956887394855)
 (-0.65448282337209984,-0.630871002838996)
 (-0.66442076207723233,-0.64443272936444018)
 (-0.76807662237743746,-0.64410316778993559)
 (-0.60314287890921003,0.67506273339950207)
 (-0.62607396041894736,0.7223532267277446)
 (-0.71875620563988085,0.68589455874454808)
 (-0.7388858413593824,0.72797827880930843)
