# Created by Octave 8.4.0, Thu Dec 11 09:47:21 2025 IST <gamana@Samsung>
# name: awgn20
# type: complex matrix
# rows: 1024
# columns: 1
 (-0.57179387303537865,-0.74578347115663512)
 (-0.69347787071229772,-0.74386620336845943)
 (0.64984341900119846,0.72332010121360146)
 (0.74681551862225837,-0.77129195010447593)
 (-0.65529361207051473,0.70935817579966742)
 (-0.6436596446280507,0.5473197972286723)
 (-0.84297501600250568,0.50807334018855332)
 (0.74680447956414642,0.60319817015499244)
 (-0.70691759201692073,-0.67336470727398057)
 (-0.68045980894215208,0.73188307595944235)
 (-0.62286364294071972,0.74192373340816897)
 (-0.72330703180593825,-0.79016810748314914)
 (-0.68030233852272826,-0.59366233587480821)
 (-0.68605688285102717,0.7796671569072392)
 (0.7721272405283407,0.82866491739050052)
 (0.64853088928432978,-0.74883431246146603)
 (0.62914264202330128,-0.71522463585752871)
 (0.80458658558871632,-0.68022185476032193)
 (0.75814258664547285,-0.68934878687777346)
 (0.65339105654729368,-0.72807846616819649)
 (0.70866499676909955,-0.75480913792791937)
 (-0.68222947164009851,0.60287444525330902)
 (-0.62230534656323189,0.75449228055446005)
 (-0.63637868360861372,-0.6236826744563132)
 (0.65111434117981903,0.60265989384446395)
 (-0.80613185287734357,-0.60620781946067936)
 (-0.66355812903061984,0.72926009181966445)
 (0.58448797096978256,-0.82978741151411284)
 (-0.69592763409657254,-0.71587277888444412)
 (-0.74447462145857413,0.6297579887854301)
 (0.57446941261275164,0.6187080043675528)
 (-0.61034081813931396,-0.65720413074490369)
 (-0.72666379062784991,-0.68402990518824136)
 (0.64506116753737297,-0.72904842693852712)
 (-0.67791466404600342,-0.65132435067533034)
 (-0.8162434048222329,0.72078448014982588)
 (-0.7300321584939774,0.58254298792903825)
 (0.6754189658478672,0.75601484213501302)
 (-0.75883010731148615,-0.77956604731740509)
 (0.71443245419082835,-0.70802012881803977)
 (0.70902151780116773,0.66991785684021787)
 (0.72091069429709675,0.72700465408264359)
 (0.75775828898098641,0.56060459249508021)
 (-0.69930833869206543,0.74897632233187617)
 (0.63436710184813061,0.59840410101542774)
 (-0.69085419267704817,-0.71674558822646817)
 (-0.60153899477749107,-0.66519456710798408)
 (0.63010745083802078,-0.85288261146934341)
 (-0.68166713178440042,0.72026381322080413)
 (0.65257338680642285,-0.82842041921299203)
 (-0.7225753065773769,-0.76791118428205274)
 (0.73873454839108266,0.74077162121033269)
 (0.65497294945906337,-0.71849046925096149)
 (-0.7470959062967869,0.61848848976699067)
 (0.71619033533691046,0.61828470441229255)
 (-0.62496058384520936,0.73326304859528491)
 (-0.65868418872392964,-0.72173403388420998)
 (-0.71765834318273747,-0.65969772242941405)
 (0.72231312536533243,0.67704447059566608)
 (-0.63224646664184836,0.71486193244238549)
 (-0.76202612888318599,-0.68018114242291261)
 (-0.72905068013046159,-0.78712990599810972)
 (0.69810220732501282,-0.56052460593926523)
 (0.70184237071379829,0.75573412213590352)
 (0.72473088616415204,-0.79927183922424683)
 (-0.64698899012488997,-0.58535560623975647)
 (-0.72358853064655515,0.78269773717568525)
 (0.62938199154148566,-0.79065640341312138)
 (-0.66070208722193291,0.69675323508855147)
 (-0.86388006419533181,0.64608725601368644)
 (0.71087990115715549,-0.661549481439626)
 (-0.76810716843852611,-0.68741412485966791)
 (0.75786231153093198,-0.76684736969017187)
 (-0.62631824312263584,0.72590151612196341)
 (-0.76533685011981134,-0.75760460627576176)
 (-0.85635623978780939,-0.72358035317819536)
 (0.60911029472123757,0.71744064111997319)
 (0.54925454616720992,0.65834070779886167)
 (-0.67506516312263654,0.65582644338884977)
 (-0.67588447624169135,-0.64177956306010109)
 (-0.73054959345468107,-0.68549777751858221)
 (-0.75631615531074015,-0.72578914507105996)
 (-0.69820997006896934,-0.83975555985202943)
 (0.66042484246999655,-0.63281641897573182)
 (-0.77609675976469417,0.59668405449783646)
 (-0.8154414304474118,0.81854884258446858)
 (0.65544006288467416,-0.63877020173884824)
 (0.71219546061268901,-0.64459897751881434)
 (0.76307215642187587,-0.65434103793019593)
 (0.57311929510487281,-0.69239799994421747)
 (-0.71110696537718565,-0.59894538166338274)
 (0.70984446783362387,0.7804773287097867)
 (-0.75395991092550763,0.73884897581423215)
 (0.66691087318567233,-0.70195059302703799)
 (-0.89868608704771247,-0.56670235880346298)
 (0.83903611615426898,-0.57326723561914483)
 (0.75696737579759288,0.66306430713634956)
 (0.72648059116628583,0.59130057588861773)
 (-0.75781762660012975,-0.71960707322858308)
 (0.72508850684130333,0.82237577517397686)
 (0.64188109498479851,-0.74782776191978018)
 (-0.68803360864374952,-0.6991241581423997)
 (-0.7270035012115168,0.81546164611743899)
 (0.60705090077813306,0.6949507919962018)
 (0.756999920814867,0.71208267542556225)
 (0.62693762642810325,-0.65991452029741726)
 (0.67057877595762228,0.59189771904743949)
 (-0.67846840332606295,-0.68936200080803978)
 (0.70221660969825239,0.73274203473375898)
 (0.6762646916299857,0.70052486726030483)
 (-0.76251407855804376,0.66783350744263215)
 (-0.70900363430093882,0.64008821895663748)
 (-0.61070593969227582,-0.8265905293579574)
 (-0.7091640602297784,-0.60833402108596435)
 (-0.72492108000911892,-0.56712352049623305)
 (0.63342177447173054,-0.66704876803202162)
 (0.69917233899124609,0.68248050205770483)
 (-0.68623255909961911,-0.70212869804732969)
 (0.74814668234632764,0.66326486631827286)
 (0.71357714463251409,0.64283215649745873)
 (-0.78750438905570364,-0.69793965880070663)
 (-0.59399662449149881,0.68188449271673623)
 (0.72035910288481253,0.70888691679144378)
 (-0.80889463168517795,-0.62908045953589853)
 (-0.80852977895412226,0.79257098832008577)
 (-0.69848629687643149,-0.74467878623337158)
 (0.77646660826950753,-0.76558918131444587)
 (-0.76979624382548251,-0.6556753491393843)
 (0.64535432898825529,0.75489976834227623)
 (-0.6904370483775869,0.64276514283379449)
 (-0.68688140584319968,0.71173563579007837)
 (-0.79486538401825313,0.69467183577866742)
 (-0.60113237322009883,-0.74911401950603795)
 (0.75841603444165895,-0.75119135037741702)
 (-0.80073622083723317,-0.72506962529553098)
 (-0.58618637356651726,0.7158778650562555)
 (-0.7753588044650922,0.68649576672103529)
 (-0.67662660103691208,0.73130001931512967)
 (0.77880000226776425,-0.61732858099723675)
 (0.75534776353069022,0.82325948717831565)
 (0.65833648640502462,0.66717984179273881)
 (0.63222934805763908,0.76364228655674482)
 (0.72170684190642642,-0.69801218314578928)
 (0.62770967149195545,0.86357468459423381)
 (-0.64536852367424713,-0.67348715569603568)
 (0.75682487322400049,-0.65443804089067548)
 (0.72659187116650459,-0.87622131279256399)
 (0.78696634512854657,0.72738964792786975)
 (0.69478367524712592,-0.67615296089959198)
 (0.77632593126501825,0.71145084294409933)
 (-0.65910082703657069,-0.6813905912209447)
 (0.78705908464945518,-0.71470935929605317)
 (-0.74013817973654594,-0.66239600991716019)
 (-0.63229076287288244,-0.61506716096045388)
 (-0.66251920762042271,-0.71733391654270295)
 (0.62917176725574198,-0.66133699650698463)
 (0.65974474335051769,-0.70439737652306134)
 (-0.77691213717856966,0.70199334424982063)
 (0.66516126153419031,0.64574820548562362)
 (-0.72409678955932655,0.58833824441744931)
 (0.66521623835197319,0.77424649878255214)
 (0.67071041407800314,-0.73399351894293985)
 (0.71200180295895388,-0.80388551617510207)
 (-0.56258442279769594,0.68452567534098052)
 (0.67919438185646785,0.76926978794209588)
 (0.78775059612713605,-0.49061427975353167)
 (0.73656183525961894,0.67550477995687164)
 (0.68165961019530219,0.66121589221547239)
 (0.57684241899260003,-0.71613691311913297)
 (-0.64863933985352817,-0.68965889505738953)
 (-0.8722434964300313,0.83855471513411006)
 (0.63264183872541313,-0.69056786812730631)
 (-0.69614192433355759,0.77303935942954038)
 (-0.59730143609224295,0.6762680210711024)
 (0.66639232351963751,0.56271177867796818)
 (0.65065474982570781,0.70089281738293951)
 (0.60424359899404401,-0.70171458137811626)
 (-0.65632782102859311,0.82881783353971139)
 (-0.51901772121548106,-0.80889120493987021)
