# Created by Octave 8.4.0, Thu Dec 11 09:47:21 2025 IST <gamana@Samsung>
# name: awgn20
# type: complex matrix
# rows: 1024
# columns: 1
 (-0.7047279201317862,0.7140162621083378)
 (-0.68090136239385235,0.73310945496225333)
 (-0.71058930643607499,-0.8371220274004495)
 (0.76065106139658778,0.68094031539997157)
 (0.61479232824873264,0.83296460811731798)
 (0.70391833631211109,-0.73109662181253898)
 (0.68439615222241212,0.61315070418768236)
 (0.7398751577284991,-0.75074584349072915)
 (-0.81720567882381201,-0.59733910502572318)
 (-0.69031732313035388,0.60086719573462943)
 (-0.72444096972344807,0.69151451206631409)
 (-0.72791745858964696,-0.69104987658732864)
 (0.76917525430680045,0.66887175669971666)
 (0.79805480485190228,0.60376091733897508)
 (0.82380987057919941,0.80452528744976437)
 (-0.57951369540144815,0.80691876582339295)
 (-0.7475614447577531,-0.76546692190133325)
 (-0.67966869034941224,-0.76210165848720646)
 (-0.69808522352838942,0.8445223424957764)
 (-0.67859472519255215,-0.71243813737753336)
 (-0.79265123167317642,-0.68268356304389166)
 (0.73232344231548507,-0.75237660090171377)
 (0.81944244388795451,-0.8675601276193502)
 (0.63886278821268683,0.7501652735218437)
 (-0.74092225012505297,0.68562293927448859)
 (-0.63258978404439081,0.73167824516597579)
 (0.74590641698514704,0.80466655443854462)
 (-0.68469527453797141,0.66632284769201466)
 (-0.57227016037193046,0.72567034974049993)
 (0.61588395405256913,0.75010920192865016)
 (0.50479064540886731,0.82705412774002296)
 (-0.65843347653483997,0.81886269253877475)
 (0.74245966848846401,0.7476332350530086)
 (-0.71545169752434001,0.84965859340221961)
 (0.74180582459449684,-0.67981358539245085)
 (0.68182316806800913,-0.6804444158627726)
 (0.82685425380244837,-0.68518358910261568)
 (-0.61294134472581574,0.68289347958445035)
 (-0.66993340990676775,0.82551394861866179)
 (-0.77824640134938328,0.69379928597111751)
 (-0.63552289307909016,-0.82228178147143338)
 (-0.65533376523117415,-0.75453607215264862)
 (-0.61420405367023101,0.68926910241567896)
 (0.70150966951817795,0.72889986706052412)
 (-0.74496503809594794,-0.71967629930206056)
 (-0.74272165939223878,-0.81655408695889931)
 (-0.72398212711605314,-0.64374560610792053)
 (0.74997097343816421,0.72398952343867484)
 (0.61943787757418711,0.66588608039740926)
 (0.63644307401868805,-0.67811691185767664)
 (-0.65809760757316671,0.73990017697760158)
 (-0.7729325181296568,0.68306690449500396)
 (-0.86795048480654746,-0.68752517498119992)
 (-0.65780150758815981,-0.5412205054092577)
 (-0.66602700900913048,-0.6778052835403463)
 (-0.76836084619881673,-0.52538807275784993)
 (-0.75940974186017096,-0.66869656684315004)
 (-0.90580460732285251,0.7051683568815108)
 (0.6770936403967428,-0.80484875476153683)
 (0.56588658852956508,0.70908115397657079)
 (0.73992461429746181,0.85211757680255662)
 (0.67034625748802801,0.67350703930363442)
 (0.65738358197001923,-0.66084694501455532)
 (0.69870589348184153,-0.67622751781567281)
 (0.75781481039064791,-0.7024011258354278)
 (0.69897398707203817,0.66847055553862589)
 (-0.82346839164246943,0.64671420503902077)
 (0.61128355650976196,0.71706811048389751)
 (0.57998369025243068,0.67302483980288985)
 (-0.79860854936500236,0.62040276048508636)
 (-0.80611008783039595,0.70646252279284927)
 (-0.71438995689335127,-0.56936085560931282)
 (-0.76853687552416716,-0.76221711702213102)
 (0.70201797906397645,-0.66957320687595745)
 (-0.62734912628107931,-0.63683295518746297)
 (-0.83821278893407447,0.6270194318846074)
 (0.67993750303893974,0.73392169512249272)
 (0.73217160794175395,0.60105719482392606)
 (0.67399009380254171,-0.65904243723139)
 (-0.76550896031941973,0.84099751403386336)
 (-0.63451583323873928,-0.58208748431941137)
 (-0.64866582814701801,0.71008377031897474)
 (-0.73036457318839043,-0.61046612093161468)
 (0.5830467598722846,0.79929099540511628)
 (0.7453085155484247,0.67417560649990371)
 (0.65750007346223649,-0.63381530346636095)
 (0.70309262649479198,-0.71400925427513795)
 (-0.66534800652334092,-0.72448168492402343)
 (-0.6833373200224967,-0.61408049569035572)
 (0.62892117425664595,0.69260859859607882)
 (-0.68389997707802475,-0.75687413496827394)
 (-0.7676315613628456,0.68815712725436839)
 (-0.83340221296292838,0.79210126677732262)
 (-0.74294060891522906,-0.73646432049180321)
 (-0.73268268428679884,-0.60960353498723929)
 (0.6812617420127195,0.69669578736795112)
 (0.68194348561563178,-0.69347037972847081)
 (0.68630639077189426,0.83690829036232117)
 (0.81693214357389132,0.69659070634307851)
 (-0.60620716890601023,0.73457140269632182)
 (-0.78515234585166849,0.73609794756559677)
 (0.71901729156373961,0.6844253998196852)
 (0.81639671989945339,0.63153950330763764)
 (0.72792700661837362,0.74134852808376372)
 (-0.81223266489518431,-0.75810419617868063)
 (-0.73328386900621778,-0.66706903372791237)
 (-0.63903081926888494,-0.7558229339337067)
 (0.76694433019740949,0.65528103857851994)
 (-0.74651763267417737,0.65179027958872437)
 (-0.76352013461525536,0.61489145331020001)
 (-0.72634066915565809,0.59288626388255272)
 (-0.70852914755596952,0.61585685624495157)
 (-0.61757157979204347,0.66299200776510925)
 (0.69064391867956676,-0.65310049025236594)
 (-0.65299467787784082,0.73642974494984059)
 (0.61495036618144339,-0.67616317836834305)
 (0.70436470082141689,-0.70262592628085252)
 (-0.59915644149088143,0.76723041971784667)
 (-0.71939276429947285,0.78644431779161705)
 (-0.6134912241010928,0.83330998567467462)
 (0.83297556909786463,0.71719761386930359)
 (-0.70197783928284119,0.72993658679493978)
 (-0.64225839305980192,0.69571762384123914)
 (0.70535101768342046,-0.72369066712553609)
 (0.74965593766716887,-0.83384922072734169)
 (0.63728225143411188,0.74829007280739246)
 (-0.54305182702986321,-0.83402463326228782)
 (-0.5971177029449064,0.65731339679887546)
 (0.63643260786705291,0.64638913217329408)
 (0.71609715251482708,0.51652442428067002)
 (0.72201183817672576,0.72667793420708593)
 (-0.70715234358079848,-0.62948698173040785)
 (0.73367641419298812,-0.76453123507869147)
 (-0.84623280095513609,0.70925258163284932)
 (-0.72284414504335481,0.59390526123085186)
 (-0.62297739002570274,0.63380471900298674)
 (0.79160256884244573,0.70948209444689569)
 (-0.66779705805447764,-0.7748394442163673)
 (0.5642758475225591,0.79912616446211582)
 (-0.68949169830346524,-0.77117133411193783)
 (0.8117737659871751,0.70646594585021683)
 (0.69220488855964057,-0.73424436639211921)
 (0.64049778684305414,-0.68646968357147231)
 (-0.59508663341575108,-0.63599299084524408)
 (0.56179174263313547,-0.69726743822745918)
 (0.68551688602534488,-0.76075575062237888)
 (0.74538956371438603,-0.77587173437695345)
 (-0.62890203838315883,0.71015132953081539)
 (0.70269623264215364,-0.70247530609283981)
 (-0.71156577025522416,0.68975631477941723)
 (-0.65481051311777383,0.63660252859921185)
 (-0.69823169806919483,-0.70380281096456276)
 (0.68070400853785595,0.74255086735571973)
 (-0.66458498326241133,-0.78412286039530443)
 (0.70720078813314768,0.70401671328815962)
 (-0.64046261512849612,-0.75756449053263331)
 (0.62925117388887586,0.78838073081605375)
 (-0.81634509852379233,0.78368791176209296)
 (0.72194926453710984,0.71891360879249466)
 (-0.7610240367059129,0.66313606216184429)
 (0.68423953130146431,0.7928435184990098)
 (-0.76809413523291692,0.75213308904441434)
 (-0.7701137776117416,-0.65093059906202189)
 (0.75545268959947343,-0.70745511848481524)
 (-0.67583614974476813,0.73957916876598861)
 (0.64182949728792238,0.70713600122676601)
 (-0.76422645941894252,-0.74678240208201807)
 (0.74715242256092596,0.6374234890835675)
 (0.864091902229154,-0.59773074315749553)
 (0.63226815136063252,-0.77534648587448807)
 (0.75865784079720588,0.78120621902932563)
 (0.69452746368942475,0.68610788172884851)
 (0.67658201113090477,-0.73432663791277586)
 (0.60395487675303217,-0.63683684647006955)
 (-0.56475168633633432,0.70249796113352203)
 (-0.69520259771397008,-0.71707541426279464)
 (-0.77311089591039472,0.77689758284336996)
 (-0.67820586610457545,0.76016026365067713)
 (0.62889971902490616,-0.7998371784130841)
