# Created by Octave 8.4.0, Thu Dec 11 09:47:21 2025 IST <gamana@Samsung>
# name: awgn20
# type: complex matrix
# rows: 1024
# columns: 1
 (0.69219621592144975,0.72084703286221552)
 (0.71479074746117133,-0.70885987549691021)
 (0.69924263022715683,-0.61624196901805872)
 (-0.70585168735228832,0.79892796922495524)
 (0.71453234377396235,0.75658521643448273)
 (0.73561192277875065,0.68656651465813334)
 (-0.69900489283129474,-0.64839560502937654)
 (0.72290030774956748,0.77508062633950325)
 (0.63561033461175065,0.80246704630229804)
 (0.56959419581276172,0.70669569053127945)
 (0.74954127855856179,0.67636084212128067)
 (0.77728605025359865,-0.60527466819719422)
 (-0.66932559282895765,0.69756161008887563)
 (0.66209820211874326,-0.62932918958750361)
 (0.85018849509832373,0.58481014807474774)
 (-0.69329724853666475,0.65824033734235288)
 (0.75660135856593691,-0.75187950140354176)
 (-0.69070719840315531,-0.70857513096384805)
 (-0.6761841550891684,-0.81068369639923388)
 (-0.79037275761935533,-0.78944822957237604)
 (-0.48486793460634159,-0.73021884208145416)
 (0.63940063011991866,-0.70762174815286683)
 (-0.68068639920974428,-0.68872533685459425)
 (0.74962563108552127,-0.61670019539530263)
 (0.62941458302131137,-0.71506344883994555)
 (0.70765040161387649,-0.72040668217069326)
 (-0.73293012321042328,0.76900058453477604)
 (-0.61437956876541511,-0.78351531513039896)
 (0.60460545103763264,-0.65415500915667524)
 (0.63198034501928957,-0.5984077238777834)
 (-0.69251184187341297,0.77690369075212251)
 (0.59139212459056678,-0.69507770193894358)
 (-0.74930770481411291,0.67298568040317064)
 (-0.79223556332026979,-0.69467079763606088)
 (-0.84374733864965268,-0.64549784300736102)
 (0.79939419147841306,-0.68065490827607666)
 (0.81170946921158338,0.72744569938760373)
 (0.73464045018517476,0.69408053725493457)
 (-0.74356776282420256,-0.79168529370448382)
 (-0.66265045382938759,0.76550636573391051)
 (-0.67744165830482006,0.80888451047547982)
 (-0.81390980034501181,0.66770954527736404)
 (-0.66593142516334902,-0.72616457172400262)
 (0.72643397241985896,-0.69560097185601044)
 (-0.74888542662534674,0.76354023758065603)
 (-0.64756863484443972,-0.59972468689966529)
 (0.81113821420038867,-0.65835061728433997)
 (-0.69210700579721829,0.72728260654572119)
 (-0.61261206631161425,-0.7450505191089396)
 (0.78426622468397023,-0.60310349122902118)
 (0.6894558062822348,-0.68236838564841429)
 (-0.76623715758530164,-0.7717898569045899)
 (0.63454683802256773,-0.7397981391275199)
 (-0.72371762321219035,0.60780624250895154)
 (-0.81123889522260495,-0.77684131985033322)
 (-0.76036103959157253,0.76641000286441163)
 (-0.68816103993453792,0.72919166149153536)
 (-0.73669098780717468,0.67466565231121467)
 (-0.72728256258705826,0.67110673746537108)
 (-0.70220450873230744,-0.78402765589186152)
 (0.74640240415600789,-0.5994251234151885)
 (0.75981144459568273,-0.58239618937651616)
 (-0.64874614591240987,0.68591219910381562)
 (0.72348666725464983,-0.68603359191348523)
 (-0.62369590098758798,0.79909009018248212)
 (-0.79326560550767289,-0.67056195725180923)
 (-0.60990384020251964,0.74745710485948147)
 (-0.57770811628746266,-0.67926080988174098)
 (-0.68194063375927882,0.91057336076786022)
 (0.7875757334661031,0.68154263236908363)
 (0.66786543945019661,-0.71298636747361221)
 (-0.88325477461427315,-0.66028666282744175)
 (-0.668783388453984,-0.7686905199791898)
 (0.72648468617015416,0.69200455376891734)
 (-0.79608762431013791,0.76221476319631354)
 (-0.71423138479400694,0.79584033337571125)
 (-0.69341676764182902,-0.56393824982748231)
 (0.5743557377728703,0.70083090287042982)
 (0.72888064882796899,-0.66185720563236949)
 (0.66340958581714338,0.72910937845250279)
 (-0.69136851354053419,-0.66401597376281318)
 (0.64172359763489506,-0.75333150970933138)
 (0.75620414100567024,0.66114030701070992)
 (-0.67368968041320376,0.65224309875541842)
 (0.63829991665557473,-0.77233030891020638)
 (-0.58727005257357423,0.64448468547865623)
 (-0.68336308822728353,-0.88566780565154768)
 (0.65785795625003585,-0.70651680006564355)
 (0.72722998553120077,0.88097082682929806)
 (0.70875268013547299,-0.65929336291902185)
 (0.74127401161249407,0.71208907609024841)
 (0.68159318803034796,0.67860672328077576)
 (-0.72939120826528869,0.80894590251271081)
 (0.6005090200744434,0.7517571858182569)
 (-0.72793467678677748,-0.67924360863566013)
 (-0.78915582573501952,-0.79671070044513004)
 (-0.69761335575172467,-0.68986559717699769)
 (0.78518735165477882,-0.66261286255982665)
 (-0.69099905589096555,-0.72641588169364357)
 (0.78249751251291078,0.6944944049667231)
 (-0.69989109121572413,0.77345869111424281)
 (-0.7041474798197529,-0.70648081380529015)
 (-0.68717826906611068,-0.69444052172654158)
 (0.75109231104859731,0.67536485480601804)
 (0.70375149281936866,-0.58281633831603452)
 (-0.65647843010936546,-0.65556338356097854)
 (0.68040943559613243,0.51317576224035788)
 (-0.68988009755124791,0.67376952707416071)
 (0.6910601904572693,-0.71183272741335069)
 (0.66313037037850164,0.67798066124737566)
 (-0.70202863590114328,-0.70289812474755653)
 (-0.67743150057999024,-0.7578434684230535)
 (0.74698225901185034,-0.70001720349421026)
 (0.75436015301375003,-0.61993293711337016)
 (-0.78692555435149525,-0.6215225593786331)
 (0.68124942749512107,-0.7162746432525845)
 (0.69026048185549549,0.61131107900874082)
 (0.69448502759508868,-0.82243606836709315)
 (-0.81133790582632881,-0.68316017633439663)
 (-0.71884805063013435,-0.69432796861980828)
 (0.73684592213856448,0.67324482859889367)
 (-0.77388800648623968,-0.58472545990988722)
 (0.56497209090770451,0.80858669756980994)
 (0.74625655510933286,-0.72434660664392148)
 (0.76001793482386615,-0.68629615054686255)
 (0.62448771118885005,-0.69460421965831176)
 (0.75937396691260306,0.83925705566016939)
 (-0.68162618637865169,0.68366997239521554)
 (0.63146863880930693,-0.71490164147382007)
 (-0.61468336128717793,0.72942194291212659)
 (-0.74369308020252245,0.66801120068707953)
 (0.87069819837706397,0.6222374419716995)
 (0.65252683515166288,0.62416182075897875)
 (0.70793763089902551,0.5861874926480688)
 (-0.68159396544702089,0.74024620792050311)
 (-0.65354805593197962,0.71563277050199625)
 (-0.70891412209533522,0.75073183282270628)
 (0.66280335906121601,0.70283113128876373)
 (-0.7378273849640784,0.66816596161668229)
 (0.76660127364997144,-0.62874675382498657)
 (-0.65489420718276792,-0.76678280330808202)
 (-0.70516826582891567,-0.66297967237571753)
 (-0.69553272457171389,0.69002639558380352)
 (-0.65504132893513178,-0.68960316607340155)
 (-0.63467997070066862,0.6942455700001614)
 (0.68965030235281721,-0.71741221307375169)
 (-0.69204277152717752,0.64654138681038142)
 (0.70932610670940266,-0.86427570234190754)
 (0.78096241105882214,0.66062857003905051)
 (-0.8458743852469699,-0.79088444887781595)
 (0.72672804510145106,-0.58792231701324615)
 (-0.71078229013336125,-0.68060362966481436)
 (0.68088718706056717,0.78753920705437408)
 (0.76233752009183597,0.75678886488305763)
 (-0.64199426619617839,-0.7903887747039815)
 (0.69145738781035604,0.71428347879744281)
 (-0.64179675479599918,-0.78483736959970307)
 (-0.78992859071730259,-0.92327513740206779)
 (-0.71869624355132156,0.76040777014833205)
 (-0.71238618605573567,-0.61119393435642089)
 (0.51847372840784989,0.76445207338949761)
 (0.63750801619339426,-0.76381441779533832)
 (-0.75592257349874692,-0.71456496209773168)
 (0.75393703010411162,0.62683556029170961)
 (0.65877772556704517,0.71100465943823687)
 (-0.6398712010223585,-0.54237992675252344)
 (-0.82216173436175177,-0.78798157568635574)
 (0.73769054722185712,0.60051660844756183)
 (0.76372536020985526,0.75039072193755096)
 (-0.66607490341036346,0.60972015150665015)
 (0.58944394381425036,0.67083946228385882)
 (-0.75009917222512434,-0.72075378290309766)
 (-0.65299373454922971,-0.69629285699752241)
 (0.68234133647184669,0.70607660883188395)
 (0.71559143523084401,-0.7038978981466335)
 (0.79747649208430582,0.64076200823678298)
 (-0.60298798538629261,-0.81564909785229545)
 (0.61931451492858025,-0.72875132153619371)
 (0.69665116378128156,0.78656071865465971)
