# Created by Octave 8.4.0, Thu Dec 11 09:47:21 2025 IST <gamana@Samsung>
# name: rician
# type: complex matrix
# rows: 1024
# columns: 1
 (0.74898605669384477,1.0159179537495211)
 (-0.35813268733710607,-0.33390189037049728)
 (0.25511207718316481,-0.96386376784013228)
 (1.1356526506511884,0.73012204351938126)
 (-0.086810889879264774,1.1474251585984825)
 (-0.6782508452432936,-0.058099874306646537)
 (0.25299966467221724,0.15623960690114469)
 (0.52607604894199655,-0.56336401317562779)
 (-1.0317514166328383,-0.45378851758407968)
 (-0.73600234353040106,-0.65175144635217874)
 (-0.95930516051845671,0.014116235174541747)
 (-0.81091900157316088,-0.076100298537248368)
 (0.97620169350612329,-0.68472087395281944)
 (0.87747752286726544,-0.53609620627157939)
 (-0.75771221415492573,-0.80434991488334706)
 (0.75336149930259033,0.59424469402980962)
 (0.91203823966580788,0.95379207692666645)
 (-1.0913791538489981,-0.51618960797276703)
 (-0.054014358545029582,0.12974514119583941)
 (-1.3687348685531093,1.0107643619796041)
 (-0.86774999412721743,-1.0491421746084335)
 (-0.38904503049271,0.12013222376018726)
 (0.7191679180733781,0.96371973475448836)
 (-0.74628463483364427,-0.3221660355744041)
 (0.92585340484906298,0.10743993526223533)
 (-1.0939966595121975,-0.69051408254533997)
 (-0.46272218604542392,-0.2702635811939903)
 (0.80683397023456149,1.3263018986179855)
 (1.0190591714579973,-0.33651377295769974)
 (0.64981682764756366,0.93234295383713117)
 (-0.10705357553393818,0.74083422155612122)
 (0.8536655066878398,0.84573566633263475)
 (0.53098717718914568,0.26129407501102797)
 (-0.56550230584077343,-0.078811710573918115)
 (0.81871563542160963,0.29750740210062504)
 (-0.68965600692204854,-1.0311417923090755)
 (0.68084973459671538,0.43462210449094829)
 (0.22760814201219831,0.84689014221668368)
 (-0.96079233721058621,-0.45032596117932583)
 (-0.29931285310180383,-0.26093455585096764)
 (0.31447014096268511,0.4018191370652876)
 (-0.98390658341837955,-0.17625668895377933)
 (0.70044317285026492,0.02123587131224014)
 (0.26985669593299311,-0.26072787204446768)
 (0.45421724825018039,0.73743162867531209)
 (0.80115918802756025,0.88973085032908028)
 (-0.97270253421572517,0.81166545425553416)
 (0.73584931307207446,-0.60173984360779631)
 (0.44653389322764797,-0.76087212944628679)
 (-0.64228739766086285,-0.52963594852114737)
 (-0.68155286237370361,0.021295351779004212)
 (-1.0270799962153503,0.77416503166526229)
 (0.6292906927222881,0.35526167309766848)
 (-0.39871541339191352,0.62582805395424068)
 (-0.97112829510452747,-0.85221032489617943)
 (-0.87060461115557863,-0.82150706753340164)
 (0.70790734460022231,-0.69250993928242555)
 (-0.55351611166098447,0.63414549572635337)
 (-1.0789371887862722,-0.10802498829292906)
 (0.56824486834350441,-0.76486975762723364)
 (0.52050648215604101,-1.2577170747429312)
 (1.4850937247230063,1.0835827945678245)
 (0.96839657024222192,0.72329570438064494)
 (0.90238640256249159,0.54555683841444302)
 (0.24071403697914412,-0.56174855654825184)
 (-0.70778845750585395,0.64635295320642028)
 (0.78158084857918542,0.77299193698499924)
 (-0.85099042204430475,-0.19491287303193339)
 (-0.50088989589236277,0.45952024908906891)
 (1.0676977758903288,0.78234710596961476)
 (-0.18525993148696696,-0.30980363030579028)
 (0.83104922678085336,-0.46997648670072795)
 (0.02476844458406724,-1.78960602043993)
 (0.4182148116170134,-1.0417536700828565)
 (-0.41692750087997593,0.52521651319424845)
 (-0.69578455959589969,0.88714915806557226)
 (-0.57012820324846214,1.7563976297825064)
 (-0.78704291362890577,0.56082164740271001)
 (-0.35905626743191366,0.31201995181998798)
 (-0.092114378255598484,-0.3934125642647231)
 (0.52514817147018766,-0.30051332031573552)
 (-0.6239621099205791,-0.99425201683347442)
 (-0.93787588666457244,0.37731815120187456)
 (-0.55943426944910668,-0.9262467673589051)
 (0.2142501310454753,-1.2713659455271533)
 (-0.73101947727040617,0.70560800203194729)
 (1.4037369956487207,0.80511852120212213)
 (0.39332324932769852,0.69359234014993421)
 (-0.35813048765381428,-0.48499615740833457)
 (-0.2255112520439822,-0.073410209172736773)
 (1.6356316034822063,-0.54540873823880376)
 (0.86011824666428738,-0.68762588370790056)
 (-0.54933230776159381,-0.64611633632451493)
 (1.1521570925887259,-0.59375871150731752)
 (0.54277403702765858,-0.087427438489589643)
 (0.04126326014597459,0.75469854008638515)
 (0.078655103148098121,0.38928546027547939)
 (-0.87844884690816083,0.47638518889991976)
 (0.73067945494235365,-0.59536690780176937)
 (-0.053695220396577426,0.56646292227410155)
 (-0.86942725585555336,0.55790652001596297)
 (0.56505698315229147,0.32510771790456072)
 (-0.87866204806346315,-0.24302934158063716)
 (-0.26747599549711565,-1.071563452520659)
 (-0.12931758134897076,1.1326123345285271)
 (0.61906397444403416,0.40262845255669538)
 (0.29218979632391479,0.61913441145959713)
 (-0.54263709987775877,-0.72402028191134882)
 (0.75951595524674631,1.0562504082676529)
 (0.23425014166023309,-0.48175855868198902)
 (-0.64288612519135302,0.36387336666282388)
 (1.1143990268933883,0.75570415123959733)
 (-0.61795763222856581,1.3034031400810233)
 (-0.89909100971851819,-0.36765082691742468)
 (0.29953396493687734,0.88087967158676639)
 (-0.6086039501843088,0.017691671848947987)
 (0.3120813090682224,-0.79096942837154049)
 (0.32377868766617596,1.1921672181617406)
 (-0.40437913961545768,0.38040722346120015)
 (-0.60853856412155594,0.31935418115981395)
 (0.55715600699531764,0.41678499176674505)
 (-0.38062942933029142,0.4324092403748615)
 (0.8128149898194994,0.39551734025978824)
 (0.98184002551682825,1.6854350151179478)
 (0.63651730224128211,-0.35175322230603934)
 (-1.2857320486360522,-0.85865205794640631)
 (-0.42793984451364264,-0.56762686576380506)
 (0.095215953303937284,-0.63268816211824253)
 (0.738406627230216,-0.25908353425865194)
 (0.68071192348211795,-0.82770162820559623)
 (0.4890301929619576,-0.43496010370302352)
 (-1.3319011585989107,-0.9658383703741914)
 (0.57576738457773868,0.0044687574088418391)
 (1.2747391549842295,0.74490465612897361)
 (0.56379272274240644,0.36309117666189344)
 (-0.27755144048336672,-1.0978611034094068)
 (0.4800203420507268,-0.78930242451639954)
 (-0.1511770648903818,-0.67389806952027742)
 (0.092720334312915098,-0.56984831730305707)
 (0.40505343195382149,0.95816000633868192)
 (-0.79971935580786502,-0.3514521014519249)
 (-0.55449473807262395,-0.55225446466325256)
 (-0.90984401914374624,0.49441835842946885)
 (1.4817328850410081,0.41710115453200547)
 (-0.74871391109607455,1.0098773596181927)
 (0.16225948935074019,0.84136825326760312)
 (-0.4660767570713904,-0.70651285337562397)
 (0.86766574072658531,-0.8814052499226106)
 (0.34848378945135244,0.26688654322684807)
 (0.51625005536928159,0.96598510785260927)
 (0.99050778170904796,0.63251597452781638)
 (0.80051272559367892,0.22834279697197724)
 (-0.17869702756565131,-0.97093319831323044)
 (0.843363381382638,1.5522653180369144)
 (0.75359098643907552,1.4428656931737287)
 (-0.88547638500878834,-0.5907424711351148)
 (-0.26780539397599379,1.1435954640187198)
 (-1.3158663458038546,-0.20423810862955483)
 (-0.004537315484619775,-0.55154878329130297)
 (-0.80051096437924507,0.69664481061012828)
 (-0.69165864610621952,0.726491794123719)
 (0.92532501559646896,0.55508481235225693)
 (-0.68821716859353488,0.30423092230524962)
 (0.37154272799074595,-0.17853641651113436)
 (-0.0039519292290329799,-0.70190020457128588)
 (0.80383966005542251,0.051493796516346502)
 (0.30312972496789548,-1.3858129703054176)
 (-0.68823183577179037,0.29541731020293027)
 (-1.3182414681500521,-0.58865165786543971)
 (1.0231722471219877,0.97296363291010446)
 (0.54233936475250177,-0.90030694847930259)
 (-0.15970739957324726,-0.90161700786505405)
 (0.62558694276246596,0.39225483749456547)
 (0.78153898677107192,0.48277795458917716)
 (-0.49109385569523645,-0.021259049331367602)
 (-0.40996439928020517,0.38325922833131082)
 (-0.68470422130630015,0.29787143530269738)
 (0.024839951865849891,-0.48367971612869798)
 (-0.49648679316017141,-0.21431404024540501)
 (-0.19037030141755687,-0.6827157830588565)
