# Created by Octave 8.4.0, Thu Dec 11 09:47:21 2025 IST <gamana@Samsung>
# name: awgn20
# type: complex matrix
# rows: 1024
# columns: 1
 (0.69267216997243453,0.80473055788354819)
 (0.69325441815687583,0.82622419532876701)
 (0.74678316543580614,0.85252957883065972)
 (0.79567503503208037,-0.65389407502973917)
 (0.66897277835108104,0.80221108850971923)
 (-0.75388124366956066,-0.72995387808515255)
 (-0.69780250725632065,0.63574652180216951)
 (-0.73273033981975944,0.71493494067374741)
 (-0.70588517398950879,0.78227296976361949)
 (-0.7368738416277314,0.76111179431386411)
 (0.58949584175622494,-0.81886641172192631)
 (0.62166860810935609,-0.67724990387427575)
 (0.63690315165059286,0.66742151261985694)
 (-0.70066157481267288,0.66544822947382554)
 (-0.79140027649911537,-0.675465448362361)
 (-0.79470818184295777,0.72625781461432337)
 (0.67526224051727601,-0.6020028864911865)
 (0.70324171082848941,0.72071738415614273)
 (0.80023780531678745,-0.7145439012751249)
 (-0.57491173858305156,0.76476632286474266)
 (0.78221449733218251,0.79484146207514472)
 (-0.66646443894211793,0.68963006899794277)
 (-0.76027399332768519,-0.63527760890339002)
 (0.69798874297828495,0.71444550467287049)
 (-0.67289279834610027,-0.79066274779387924)
 (0.74861125808581896,0.69882276023968526)
 (-0.81651377498599764,0.83317995993827187)
 (0.76761319984429044,-0.73757701413801113)
 (-0.82617155580547763,-0.64186664051505704)
 (-0.67610725584548248,-0.74917475462386063)
 (0.74513413543685814,0.66820531918008974)
 (0.77529871334080636,-0.6819823259581278)
 (-0.6331888833997571,-0.76031826094718102)
 (-0.74635850835706086,0.73860225173434824)
 (-0.69231444717550661,0.70684265718696293)
 (-0.73260987812748435,0.70770168246710996)
 (-0.70150713282274424,0.7066328950801104)
 (-0.78241401256015308,0.88817710583945497)
 (0.67563996533862203,-0.65885762983306995)
 (-0.62835353187880172,0.7331447639848877)
 (-0.6334380896013172,0.66531109593906201)
 (-0.73442094897664612,-0.73484335047631022)
 (-0.68739507543500045,-0.72525543331087416)
 (0.78268654898762635,-0.73664589042339601)
 (-0.74157746548749726,-0.88205960309050468)
 (-0.77141046572875138,0.80372877526076125)
 (-0.74203730983847338,0.72647376489288629)
 (0.83488043080630925,0.61736272565525674)
 (0.62298828736276146,-0.80074712170095508)
 (0.72228174800491218,0.86116199021673412)
 (-0.62718195372444141,-0.58168596678642837)
 (0.6831849521071357,0.72756840690250701)
 (0.72963748288045882,0.67425755554082656)
 (0.84995744201298407,-0.72166080220406703)
 (-0.76734780389848412,-0.7173143396392837)
 (0.69578744262362391,-0.51404396734923807)
 (0.61484433776255298,0.68127255775683482)
 (-0.63294864745646073,0.63576790501723435)
 (0.67615495698459027,-0.71886811955081165)
 (0.68387027776343923,-0.69858558820890471)
 (-0.75436683916736558,-0.85234497739890247)
 (0.63982123393470747,-0.74502024587093452)
 (-0.78471717412129438,0.65110603723119109)
 (-0.70249687114426007,0.61877642767444208)
 (-0.70096116448690293,-0.61566280560919373)
 (0.79077935978953828,-0.71566723860090886)
 (0.62927244291674389,-0.78565452579179029)
 (-0.83502670795199707,0.8410810255695278)
 (-0.72592854937194273,0.64670391696647211)
 (0.75500562904319835,0.73919508450308991)
 (0.82591478155880105,-0.79633542134076785)
 (0.74524962083490365,0.69698090201672436)
 (0.69351557380884488,0.72916435300089955)
 (0.71536569473208955,0.62577096791622799)
 (0.72901154618241948,0.68341583841582343)
 (0.61453200353655557,-0.81406539344326712)
 (-0.80107702024117677,-0.6788152957027106)
 (-0.63529260657359909,-0.78981172184938075)
 (-0.73154150325009371,-0.58353721436921413)
 (-0.62152641512624585,0.67938094601944954)
 (0.67973669051005137,0.7777005415659084)
 (-0.74635784478325762,0.68552337317445733)
 (0.64261764375871533,-0.78216970954448461)
 (0.64956519618700004,0.63580399907894081)
 (0.71848313736386871,0.74936721990244048)
 (0.7231815701687192,0.63436433669994752)
 (-0.67398026724172477,-0.75666762260693921)
 (0.88679275604311614,-0.64884903486935375)
 (-0.74941221327775742,-0.74930293460534059)
 (-0.69866589720728622,-0.7512947831338046)
 (-0.72363469013766202,0.7425253377546317)
 (0.66274521354564353,-0.66891220119963557)
 (-0.78567561942761976,-0.66070577735147218)
 (0.62816716476762191,0.70723702432564972)
 (0.81060079616642755,-0.61335983906712632)
 (0.72215453948569619,-0.7367753146685041)
 (0.65970871481828708,-0.70584988544653049)
 (0.84540646139227615,-0.76256416464387633)
 (0.71316728283100417,0.73435904039249544)
 (0.55691480855963671,-0.70892904543870316)
 (-0.67537329837233417,0.71066697859022654)
 (-0.71234995349971386,0.61691803480896157)
 (0.58235840660087668,0.7269521600397042)
 (-0.68946207566800399,0.69509306906061818)
 (0.72464010047814187,0.85214453798636203)
 (0.6863278131902798,-0.70311698192279648)
 (0.67819232422498055,-0.58880929257597869)
 (-0.56594263901050301,0.757492166971929)
 (0.82204059198935397,-0.82789331355075702)
 (0.75467997129092235,0.60237799883785326)
 (0.6918759666470049,-0.77605943129971233)
 (0.63671910594738523,0.71110020348916825)
 (-0.56676022509939372,-0.71471336914437933)
 (-0.69814651146027573,0.65585031756242251)
 (0.59120737025428938,-0.60418720918085311)
 (-0.88764468220344417,-0.70508268328253243)
 (-0.7209918908708316,-0.76279322301895236)
 (-0.80754541326655715,-0.66389708035234674)
 (0.66747934271144915,0.72109957405597824)
 (-0.68343269861161904,-0.77783372754629487)
 (-0.73080489803599014,0.76401821313686469)
 (0.74591561628271374,0.69969850495570396)
 (0.5921477332906212,0.74141327065222318)
 (0.61898838627075803,0.63587543898380949)
 (-0.52649272260955149,-0.75899515031127751)
 (0.77778110608742645,-0.66599074628980737)
 (-0.72234885478677846,0.73486815826871565)
 (0.77296751904957106,0.59902164783499268)
 (0.82134944221278261,-0.76565214624470457)
 (-0.73591952008176664,0.72461754841501635)
 (0.61557142013465749,-0.71729020617119144)
 (-0.7775651678042278,-0.65918054726234465)
 (-0.73869050684590165,0.54053967700481287)
 (-0.68452884855580876,0.68308926795533131)
 (-0.78019791595274834,0.66602078449365698)
 (-0.66350893541792633,-0.66412579196640842)
 (0.79046198013012159,-0.67627606785492245)
 (-0.73740427645341911,-0.7850689080977068)
 (0.81415856930588493,-0.79592157535624564)
 (-0.64906349812629016,-0.66885299979750978)
 (-0.76582823118925281,0.66988110956665947)
 (-0.6768470663345113,-0.58659499039998619)
 (-0.65199294950903552,-0.80174033377856802)
 (-0.66789420230747432,0.62253328522952889)
 (0.74793054559093419,-0.73416366743094663)
 (-0.6075175452667515,0.74647292615057914)
 (0.73491914771934563,0.68907246018427792)
 (-0.66551802788769931,-0.66154081161947209)
 (-0.78451859015399017,0.73363564798310521)
 (0.66818021255439675,0.7661513894986175)
 (0.66806052545496331,0.62303077521270989)
 (-0.64859822751568386,0.76512198084682004)
 (0.75798385927451051,0.70777578756135717)
 (0.68284847748208655,0.75855858045190727)
 (-0.63907454469361202,-0.69664977416922302)
 (-0.66477491494244023,-0.74242336152504051)
 (0.70566567468228458,-0.67302906301172138)
 (0.80395501032009886,0.70061427062842907)
 (0.81550420623318143,0.65808224913238123)
 (-0.6961483029280271,-0.8179348284538841)
 (0.73232341645372578,0.66060836795183442)
 (0.82907085664266156,-0.82919288665642865)
 (0.63560284905846565,-0.73066076322770468)
 (0.65693620556398924,0.75099944178456945)
 (-0.57634270672730814,-0.67334214758599731)
 (-0.6589082543264374,0.6873919726686577)
 (-0.72520357614863473,-0.85005351139316476)
 (-0.61050336163554719,0.66672078000154733)
 (0.68165890711837507,0.70103038783508831)
 (-0.71302068079789638,-0.693057572513889)
 (-0.7652452656898352,0.59459950282313057)
 (-0.69628615385823833,0.73925524063090919)
 (-0.67394824931369568,-0.72746867281072281)
 (-0.73903741289479086,0.71073517494216043)
 (-0.57371521291643024,-0.68316132304622457)
 (-0.68613532013679124,0.74286467213382523)
 (0.64890352887884084,0.64920252986715909)
 (-0.62706806172718188,-0.75412624354039615)
 (-0.87678592142162703,-0.78594054137362224)
