# Created by Octave 8.4.0, Thu Dec 11 09:47:21 2025 IST <gamana@Samsung>
# name: rician
# type: complex matrix
# rows: 1024
# columns: 1
 (0.095137444088062434,0.54531291245808222)
 (-0.10297722074418381,-0.59111898247076211)
 (-0.44938298364847229,0.61844678671105358)
 (-0.1709342850268995,0.33077192459058297)
 (0.99073653130848238,-0.41805732055624251)
 (-0.20459792186677839,1.3333112824730502)
 (-0.12435625436322528,-0.72076848557028439)
 (0.31521726884300599,-0.42916631926659837)
 (0.58853971673403016,0.3506942390275205)
 (-0.56679379813007846,0.42331474995312968)
 (0.40660616593487886,-0.67275806465899579)
 (0.81477197115231781,-1.1902837615693207)
 (-0.84318145011644119,0.89364850098865767)
 (0.46373972895724042,0.029114469332213122)
 (0.47974250898872101,0.95957340869731378)
 (0.62010057708337385,-0.69183853435988207)
 (-0.95138191182464849,-0.43891040298937439)
 (-0.33323842804045684,-0.65950493088496343)
 (0.45748658580207513,0.77857389139998801)
 (-1.3590139488107944,-0.65809312442828716)
 (-1.4504079036244419,0.79506440204374473)
 (-0.80920065898500326,0.64474631929862303)
 (-0.24009135047793537,0.065402510883302206)
 (-0.29630178294317283,-0.7953066050101032)
 (-0.97322447876708873,-0.70328145446564205)
 (-0.30419975103448837,-0.80319483777042688)
 (-0.21675703583475586,0.75136066336282292)
 (-1.083366661377805,0.83999019198865721)
 (-0.63019162913429105,-0.33554584571689888)
 (0.39463692869892514,0.50184473718481748)
 (-0.62867461360330112,0.73145813982885521)
 (-0.14573868964106107,-0.24484779903014392)
 (0.2349125890843983,0.37728345403310404)
 (-0.31597057724734556,-0.40730230239599363)
 (-0.48718418829224858,1.0213661334424693)
 (-0.080629792962448876,1.1923223596368095)
 (0.31232707894559875,0.74574848863617316)
 (1.6909165743989938,-0.3495061904992367)
 (-0.36524981177583055,0.96354220822767633)
 (-0.28713555626848608,0.61700350475205323)
 (-0.3521271232523282,0.28607311073685171)
 (0.6525568710150258,-0.73083455877516235)
 (-0.055309221446667944,0.73516826037229055)
 (-0.63034963877695482,0.7132092932010673)
 (-0.28269149275741345,0.66853042998073453)
 (-1.377855622751389,0.088418705990655044)
 (-0.63983291974836143,0.61774382242248804)
 (0.69326854103084301,0.14686741854440793)
 (0.69372390305224851,-0.45930187381053866)
 (-0.69343049281873814,-0.40442917134750422)
 (0.8557971142904186,-0.13150847417795491)
 (-0.042382661100733188,0.55489034413602722)
 (0.79059487258102479,0.78430681329051488)
 (0.63695019364668581,0.35007911388771651)
 (-0.43853975056830524,-0.93747585359405372)
 (0.41761275136564779,0.74183116921159398)
 (-0.65231693915154432,0.74691059886316691)
 (-0.88804957098451276,-0.71512200643511947)
 (-0.97382295037267408,1.1645842540653235)
 (0.45330313612975637,1.0595674000915687)
 (-0.90343321203821381,1.1156546280254021)
 (-1.1684677513279191,0.41499591718794193)
 (0.57092624606495568,0.66754242241851081)
 (0.23117073126547827,0.89306553781446607)
 (1.0764514443291078,0.8282890356997431)
 (0.87463760990874484,-0.53020421005423157)
 (-0.60253334942967729,0.40724458462292351)
 (0.4930497587798186,0.36448653819212617)
 (-0.78141125680463386,-0.26297646585884671)
 (-0.24459529104465971,-0.905317114329239)
 (-0.80254944617881874,-0.79776055134938195)
 (-0.51193874402203687,-0.95839197566338874)
 (0.18009752689628289,-1.1672647264883227)
 (0.80571922329852841,0.97711780158195438)
 (-0.63315438024777382,0.65992978630589161)
 (-0.30700766443769562,-0.64164167339326417)
 (0.11826998992571468,-0.080031098152230432)
 (0.72485992045111769,-0.53526910315395915)
 (-0.96779133049677224,1.0773907126966336)
 (-0.32528550608465845,-1.4512898624172175)
 (0.81043331019441978,-1.0172861443838817)
 (-0.78958685569395737,0.83061136796379209)
 (0.31232882672946383,-0.71611033247255762)
 (0.49684262799421802,0.38603039418570934)
 (-0.72628693045592096,1.0128884186154603)
 (-0.71682732068388377,-0.28732196139338617)
 (0.78006396747041029,-0.48093641210870486)
 (0.08596902199428591,0.82510974465425813)
 (-0.48218435480297461,0.25124456010773411)
 (-0.22468579986465051,0.4336610833331388)
 (-0.49905684135325112,-0.81186543238359954)
 (-1.1230835801603909,0.94318517329627982)
 (0.9378859436190069,-0.88509137081096656)
 (1.0347282871523178,0.70870367153617719)
 (0.13914107488146907,0.53843419846261487)
 (-0.5431361577380075,0.55745037241550299)
 (0.81918619538929094,0.64192705912690373)
 (-0.44586201609244014,0.53164265780697451)
 (0.60563946180327033,-0.53191105570351627)
 (0.55421747448166403,-0.49430950108100691)
 (-0.88030143757840318,-0.89656637610838563)
 (0.31063068331383725,0.61862300427424355)
 (0.70893186709401368,-0.092524279511965124)
 (0.59192988070110064,0.75907646964897046)
 (-0.080078715256543351,0.046931180628679528)
 (-0.71310298354633872,-0.57784945562081114)
 (-0.92880003575667003,0.60514254723997463)
 (0.43117284730856198,-0.56664360826277393)
 (-0.98404885895820471,0.9359111440366733)
 (-1.0636233530812875,-1.020453055366862)
 (-0.69993404898673861,-1.1590679667554364)
 (-0.78837977934557268,-0.81724342375474412)
 (0.35135651550429503,-0.99460584045374811)
 (0.37030695972095479,0.59406335629662932)
 (0.11606138585776504,-0.33330612481006877)
 (0.82649914440186922,-0.11760330448790252)
 (0.79265903170278906,1.2909378489118299)
 (-0.71900978627739087,-0.47030373482504773)
 (0.12445177978334104,-1.0858699773444429)
 (-0.039099357904892384,-0.94634571035177861)
 (0.45940360622664378,-1.256156613370395)
 (0.26707741884565545,0.50904292113252403)
 (-0.50820953040831274,0.41896759653750315)
 (0.41316693879038957,-0.49046148275109924)
 (-0.030166177486015106,0.43129227188333574)
 (-0.067187905596864828,0.61356802402700417)
 (-0.58263741385490175,0.74844925510897364)
 (1.0108626513400605,-0.4226825686041723)
 (0.043594606569170469,0.61939785402587355)
 (0.021700024176648791,-0.74137505747731014)
 (1.4309874865343124,-0.80606245712707636)
 (-0.74792087232900828,-0.64581749777119701)
 (-0.83273840066502414,-0.4770506551776369)
 (0.34118450824184593,0.22946472347865271)
 (-0.73855317737464043,-0.56435036240918002)
 (0.58206156547027021,-0.53202957914346782)
 (0.09881362700598631,-0.54650146689195533)
 (-0.97585936676805396,0.64533800859583201)
 (-0.22860788110020003,0.89519649242991928)
 (-0.13722185508834631,0.21456131011682625)
 (-0.8387282716516028,-0.8709723042988976)
 (0.30871301459123685,0.63988920330501253)
 (-0.30052923582770452,-0.93196287795013699)
 (0.5758204178095736,-0.61565278257545164)
 (-0.67381717769531102,0.030948549287962923)
 (0.44803183580434291,-0.72098879038094044)
 (0.65402839562041915,-0.54252511519903979)
 (-0.5542808315451635,-0.41439791005286913)
 (0.23171775635731068,-0.88397621172035223)
 (-0.82761173746163763,-0.57646979039537882)
 (-0.55864331278176227,-0.4411254365991289)
 (1.0718205736762538,-1.4365880778958591)
 (0.21959561520197426,-0.10865588856013311)
 (0.04421080248444724,-0.19081365772955061)
 (-0.64682953044447389,-0.67503978667071707)
 (-0.5226663151475397,0.0015446651354735774)
 (-1.0156210517856032,0.11739435682035682)
 (-0.19300203763532764,-0.57964249782361599)
 (-0.85820528685190933,0.82267980583840317)
 (-0.78295376800642547,-0.18418362836450419)
 (-1.020674043996856,-0.91139308215042458)
 (-0.46442725552255293,-0.28543144050442559)
 (0.40903213093950652,1.082349027247234)
 (1.0674520643402894,1.0642164478389269)
 (0.52535753126431017,-1.4472064435066581)
 (-0.81433011453847692,-0.78821800465203284)
 (0.4427183718739206,0.18867820301925278)
 (0.26437116716735709,0.41844882526310756)
 (0.36180747706475019,-0.62958706256193664)
 (1.2766225793543691,1.2783115827057894)
 (-0.15877980044812784,0.94203915975459429)
 (-1.1535100356244905,-0.89817713687835821)
 (-1.0735320650693905,1.7023442030272253)
 (-0.88979535590910031,-0.96532995930005794)
 (0.92108483172819078,0.36977298714110218)
 (0.35335623638228331,-0.25496337125144863)
 (0.29462496273884758,-1.0370265214903422)
 (0.57432864231624703,-0.90076196669735453)
 (-0.41800781348662031,-1.0700321673713968)
