# Created by Octave 8.4.0, Thu Dec 11 09:47:21 2025 IST <gamana@Samsung>
# name: rician
# type: complex matrix
# rows: 1024
# columns: 1
 (-0.47010007197752163,0.78356620947569611)
 (1.0427044568061286,0.80118513289406723)
 (-0.44085724481572924,-1.0514457722545814)
 (0.81095042857983746,0.74887919091542843)
 (1.1108894956590396,-0.9124524185745877)
 (-0.23935946105990444,-0.23281917807051369)
 (1.0043682984910862,0.53843550025859566)
 (0.52826485159758629,0.66902672550822717)
 (0.56182691388537209,0.35572077573812355)
 (0.58996968321268439,0.84398763577912361)
 (-0.35944649070338514,0.69112829431698763)
 (0.73916938840684965,-0.67891185335044513)
 (0.24221492358406094,-0.98008863460055928)
 (-0.36376768796772002,0.59119352172601669)
 (0.86900944331424346,0.36767716986655669)
 (0.57880442935902765,0.48837317334119096)
 (-0.77294329795536854,-0.29008436970164508)
 (-1.3270579411563144,0.17067991870968835)
 (-0.26998135304859761,-0.75212234209059414)
 (0.71981419367817234,-0.88038574638571476)
 (-1.2140622084516419,0.24014662103955947)
 (-0.60236226736219733,0.86424890437470858)
 (0.86737973490369535,0.27808968725019728)
 (-0.78908675845466292,0.55581158383479445)
 (-0.13324793122882558,-0.47570277365702074)
 (-1.0877635060282784,-0.13705748556653874)
 (1.3280950649162846,0.90463257572223654)
 (0.8838110697072965,-1.1086371961601564)
 (-1.269401032811049,0.27678600163236933)
 (0.090606288008958813,0.78529451885106072)
 (-0.5077777337856012,0.50562471209815796)
 (-1.3291461019658775,-0.6128979378228927)
 (0.40271407795212699,-0.62590251692989862)
 (0.094191102772369528,-0.85691600181426975)
 (1.5705080382215453,0.18035470557714894)
 (0.71788791254468198,0.37256566516692208)
 (-0.39063050349180201,-0.89841949859361692)
 (-0.5375990334339622,-0.68276640289497892)
 (-0.75363620348369875,0.4342574883654946)
 (0.39527575386475128,-0.93936164344556738)
 (-0.93059671092326912,-0.32823170532462337)
 (-0.56618628701199214,0.85392323598374265)
 (-0.62702130875720075,-1.1395686007240726)
 (0.35955375562843828,-0.81931089264393253)
 (-0.62129142062764431,0.9243634782650012)
 (1.2208864506885622,-0.75755907115350851)
 (-0.39163830239368869,-0.8455211050633753)
 (0.52623644528636193,0.30989238360104726)
 (0.41365713841068319,-1.5531983402724556)
 (0.89919673271329836,0.62981071161521718)
 (-0.22094733839972691,0.41685110662053348)
 (0.85570433276159652,-0.76703906147669243)
 (-0.35479295062704708,-0.10266440081243772)
 (-0.24414437687720364,-0.5512253054713252)
 (0.34269936553751834,-0.10958805515676354)
 (-0.23061353065608406,0.64133890490896783)
 (0.93104479314668898,-0.22936785151095423)
 (0.44497823314842555,-0.60563163460874248)
 (0.68232276159657868,0.62044538365908319)
 (-0.96073125057311481,-0.59989632265741688)
 (0.37937538916569041,-1.0132333948416532)
 (-0.96587374521548131,0.42930765950339395)
 (-0.52364590467402106,0.50333112680831127)
 (0.46049121786217639,-0.71971597703898149)
 (-0.385496289753335,-0.67350291979669996)
 (-0.98113229518364409,-0.53691588451552397)
 (-0.17556440587877536,-0.28868250410539575)
 (-0.98185991681944929,-0.41531315322647339)
 (1.1678954801656389,0.5951371851191708)
 (-1.0769995655632238,0.64700723994574671)
 (0.96901345856973098,-1.0655463176650186)
 (0.72195756725084081,0.85919996666829823)
 (-0.5484811355087994,0.22044686248516887)
 (-0.99478966042782635,-1.292745825719068)
 (0.60517692478046681,0.28858823106717013)
 (-1.0631143553815781,-0.42403134255763619)
 (-0.627265296143383,0.24512589023776243)
 (0.45803578987701377,-0.98555335430587321)
 (-1.027311778499139,0.56696784370911202)
 (-0.98519435824080837,0.72425302793116397)
 (0.16001138403430282,-1.1596158916224195)
 (-0.44888972245299252,-0.36301010367536246)
 (-0.43033242536345229,-0.17742986587352561)
 (-0.37075298407383367,-0.98048048596541437)
 (-0.44572202616855189,0.82669376386475468)
 (-0.20729097411011715,-0.61405647267559704)
 (-0.39651620762094253,1.0293526993177935)
 (-0.89881593063667775,0.84518009700950703)
 (-0.9263300997581656,1.2188346683475919)
 (-0.28034782474144154,0.12810037605208002)
 (-0.20803781002907884,-0.89427523740557679)
 (1.2149282158354953,0.81235008263792707)
 (0.83847134424175973,-0.45100516633196719)
 (-0.96078290662264809,0.40654268785458081)
 (0.70367417807250998,1.3305969324458751)
 (-0.75877845191975557,0.10649386285299206)
 (-0.54323605239029926,0.68269696980464678)
 (-0.73260579155310246,-0.89388330974942976)
 (1.0290891138937706,-0.95951647868852408)
 (-0.031224797976373619,-0.2916153744371851)
 (0.49741113359189876,0.68486218638422902)
 (-0.72988056922213462,-1.0849871110558311)
 (-0.36382248660165123,-0.84457631077580886)
 (-0.45602151496471516,0.33001593706182691)
 (-0.35380287261324228,-0.66569197201300501)
 (0.83361339868724393,1.4095423917137531)
 (-0.78749382198611606,0.76001790433749328)
 (0.71344587850036656,-0.15691121807904501)
 (-1.2413456844908815,-0.40331433558070678)
 (-0.97053266177364661,-0.75118606198477711)
 (0.67547500850186015,0.65492885837505588)
 (-0.52929341640450234,-0.80336447573155534)
 (-1.3961357392276001,-0.75718105959803339)
 (-0.40590797950329699,0.52664346433272058)
 (0.58327423986793381,-0.92290583759261868)
 (-0.34119833290480628,-0.51893428463360602)
 (-0.4256739848839623,0.69962866313558347)
 (0.36411504555760343,-0.087130487935338258)
 (1.1737382016894919,0.080674305782687417)
 (-0.78362598921638471,-0.73412374882572606)
 (1.0528414443849641,-0.58186152994566187)
 (0.67979052514965876,1.0598185531502835)
 (0.17022477990190799,-0.22996165732542961)
 (0.34314690198693526,-0.06657133526151443)
 (-0.79625728431064258,0.54220745634043976)
 (-0.69150955384686208,0.70115188147523244)
 (0.77256010893205962,0.80729910733029142)
 (0.72745823519338604,-0.32698833449618719)
 (-0.47055692987355835,-0.2925057648335927)
 (-0.5130349391022262,-0.60029940700244833)
 (-0.14997922342740977,0.33232788202351032)
 (-0.64471674225832443,-0.087288866932510256)
 (-0.57181147788718856,-0.24540173169811449)
 (-0.39135333173324621,0.35921194782879357)
 (0.55469582388496197,-0.96205435362491132)
 (-0.77825154970125177,-0.82769005179821609)
 (-0.42776731477258706,0.73098790608600495)
 (-0.68126405371364696,-0.41735339701496521)
 (0.92034300994787932,0.94088976218345555)
 (0.50509765139213736,-0.74886737711823026)
 (1.1193913914467957,-1.1743842779266171)
 (-0.73997591974938681,1.2404100301177863)
 (0.97393213131024348,0.73193000548643961)
 (0.80967684025677089,-0.11404599730895443)
 (0.61049591694606919,-0.92199213095427279)
 (-0.57205003030769475,0.90680648363408056)
 (-0.51458253117236352,0.093239781562107077)
 (0.32265258202603364,0.83758958720992049)
 (0.18295629083341608,0.59823992936039794)
 (-0.81289726709506205,0.55388858569721755)
 (0.5457720374585362,-0.71860009713463424)
 (-0.6849103967873148,0.067842321559324015)
 (0.99415957969937041,0.62443287540211212)
 (0.25498355595216193,1.2171685113607129)
 (-0.56028580391280691,-0.67534925479215158)
 (1.0003024919648917,-0.91594537786038133)
 (0.022087741418146178,1.1544578721922416)
 (0.29411503738695038,0.1846664794260772)
 (0.27853531379929508,-0.93415816662997109)
 (0.52073101678760658,0.50366182774035562)
 (0.098516376846760151,-0.065620493951153103)
 (0.84409569177641464,-1.1286815620747965)
 (0.86470459025203428,0.037821448651573775)
 (-0.79988105701228884,-0.78973857417679072)
 (-0.31631343643514476,-0.24405014521547286)
 (-0.10630961776654468,0.85492305056372986)
 (-0.82351061085956223,0.74229479092615391)
 (0.75403069030943892,-0.66567327352308769)
 (0.17763634297898281,0.6523532682938834)
 (0.085901460441744737,-1.1421831809316958)
 (0.47663619180984806,0.76760556358465726)
 (0.60843641307412821,-0.38690887007445546)
 (-0.50821576899003174,-0.84691739277745959)
 (-0.95221463427328523,-0.45402844178529078)
 (0.2078001169392828,-1.0457287360863714)
 (0.62679167258387591,-0.24567269736960148)
 (-1.4297036562840018,0.135637935043038)
 (0.20877375993143565,-0.87521767566711661)
 (-0.13032065981653326,-0.61889856496951468)
