# Created by Octave 8.4.0, Thu Dec 11 09:47:21 2025 IST <gamana@Samsung>
# name: awgn20
# type: complex matrix
# rows: 1024
# columns: 1
 (-0.77898526644046295,0.71938363604441347)
 (-0.74723141979466234,-0.72450932737013307)
 (-0.6690436496398684,-0.77131584262872643)
 (0.66436783331016058,0.65184297381097389)
 (-0.64564733975859179,-0.74095891119499724)
 (0.73274644733253391,-0.75342988497146457)
 (0.66101660424811137,-0.69243009574964165)
 (0.72943000831343574,-0.84570019525555273)
 (0.78673395052088568,-0.8204067802030649)
 (0.68072759008864836,-0.57237263927540183)
 (-0.66008521184259183,-0.64705408708621026)
 (-0.82912189454841156,0.7185332979295953)
 (0.71790520550094394,-0.69849968404655594)
 (0.6810887545149753,0.86007639277967329)
 (-0.69892979850953607,-0.74236730465296252)
 (-0.77365205173899942,0.52405012953361951)
 (-0.70576634466630661,-0.62124774464044819)
 (0.67206146478932927,-0.67851671018615234)
 (-0.73877338935261261,0.62349793931577657)
 (0.78089853550456589,0.66235824237976804)
 (0.74244650283086311,0.61094445060179869)
 (-0.65221410945677261,-0.87793759336296773)
 (-0.71525231861957905,-0.69130963025771475)
 (0.83083284296078697,0.76658727177894115)
 (-0.76499810825615788,-0.7592854026422563)
 (0.70383709159222629,-0.62317582255073867)
 (0.66602427188682733,-0.68857243941436874)
 (0.66520962454273791,-0.68815283728805987)
 (0.7049041434811808,0.79171225696385861)
 (-0.72476324621272337,-0.64483906015292558)
 (-0.7142824010261094,-0.72778625408967346)
 (0.70482815687869949,0.66981881926113007)
 (0.73944711329078816,-0.75474776141344635)
 (-0.72853182839119135,-0.78480935725936629)
 (-0.70465296619336626,-0.7192330676401425)
 (0.73961481441544363,0.70614169688396367)
 (0.64500824930396516,-0.60777833815881221)
 (-0.60650991605714477,-0.92339243937015048)
 (0.70779357879814231,0.65033940701166915)
 (-0.80853442936336284,0.71760928686465342)
 (0.76909527931721511,-0.66697990701193277)
 (-0.80967906047620875,0.7572887047225807)
 (-0.64537384974117185,-0.54368689735791942)
 (0.68900535280953934,0.73543343727053045)
 (0.71786434867549054,-0.69314786982270193)
 (-0.67136541702696462,-0.85072195336651668)
 (0.69063838574046266,-0.91134885475187499)
 (0.69819602891811605,0.73779371386058479)
 (-0.69350136298653531,0.60376512952606232)
 (0.73236332849255348,0.70507697294191485)
 (-0.68815808254562993,0.77189326993682361)
 (-0.83436204807042591,-0.82029751492980518)
 (0.79441391356382163,-0.7108453821966938)
 (-0.56369824560664428,-0.72164810949343838)
 (0.7368001167328101,0.59359541681503014)
 (-0.75155388126701217,-0.73524836494460388)
 (-0.79781636880069784,0.75175088445109439)
 (-0.81666474112718934,0.69157077535540434)
 (0.69070874124984027,-0.5427458085417356)
 (0.79610582658596618,0.75802931464344803)
 (0.74034104215873164,0.72167628101046577)
 (0.71450738040293726,0.78909956041892826)
 (0.72716454703099465,-0.7054907814215905)
 (0.71011680476892913,-0.66638660672752614)
 (0.75939981921362398,-0.76704846156416884)
 (-0.74250376335932056,-0.65054091936472946)
 (-0.66875213371259123,0.61811170363842249)
 (0.7962812193692792,0.73561866542903132)
 (-0.64792471698436516,0.68642994898192511)
 (-0.79837648199852107,-0.67598353131112499)
 (0.70540370724579959,0.78353337986429683)
 (-0.695334282347014,0.70246056177878591)
 (0.61263318116491927,-0.72351575691090098)
 (-0.67274818658966551,0.72024359145583772)
 (0.72928415731261742,-0.65908740422093182)
 (0.71324689771961125,-0.74506028977506877)
 (-0.6010190471725585,0.67306714718143135)
 (-0.6134478295295176,-0.88150756419471343)
 (-0.79514537392198936,0.68318236469309501)
 (-0.71209726293174913,0.70328116683400821)
 (0.65831083137127622,-0.83079875784673973)
 (0.70895800387566699,0.70857919624033505)
 (-0.58135740203447628,-0.67769793770185016)
 (0.75681130080354697,-0.64603440781368238)
 (0.76395141201799444,0.73891868772952107)
 (-0.74676649970316056,-0.49148489853510186)
 (0.72964226963884715,0.74061589789033067)
 (-0.79772571201243303,0.64634135792958902)
 (-0.6401922373891914,0.78543836634983732)
 (-0.79031534173676943,0.67825901459765192)
 (-0.68543424118064122,-0.7411528111796758)
 (-0.79566383351825343,-0.62054852563464102)
 (-0.69458798197298643,-0.70081955735400459)
 (-0.66014402091791125,-0.56135007732879505)
 (0.70504790686331831,0.72156857778492867)
 (-0.7130253502828251,0.71278565241969427)
 (0.77574516205718735,-0.69731749584868485)
 (-0.74516970939880356,0.66492109844733971)
 (0.62281649349898438,0.82226322808468877)
 (0.76608179668044774,-0.78503626581955976)
 (-0.69587486031207757,-0.65734070484107465)
 (-0.70663789882482497,-0.50768496452668965)
 (0.67020692840083607,-0.74317199988315841)
 (-0.81057753107611119,-0.65987776900931205)
 (0.71049526284037223,0.72718718017700967)
 (0.91023423980645046,-0.67659176011569111)
 (-0.63755174016741978,0.7408334347130574)
 (0.6943788694567582,-0.64427063536762974)
 (-0.61925147099249123,-0.74174690113475561)
 (-0.67768735760173582,-0.78187036076780214)
 (0.66377454867504493,-0.86415194523655403)
 (0.7291288539408417,-0.67510747524834513)
 (0.76821207041780504,-0.57234308107783327)
 (-0.665365802414564,-0.67324412992223237)
 (0.71025652278671658,-0.90197620076633667)
 (0.69021824889591166,-0.71828863451872904)
 (-0.72403757663233315,0.81039869069834802)
 (0.7039785888575445,0.56887899504093831)
 (-0.79980039901867195,-0.83151672810322896)
 (0.73204916222765082,0.64955058994311143)
 (0.59965567743110726,-0.73217146951804213)
 (0.78244894245900332,-0.52545729417536935)
 (-0.67338232202453097,0.67303591645157324)
 (0.67172401829402772,0.62926918086549066)
 (0.66506484122546161,-0.63206732189462966)
 (-0.70200926218928805,-0.77495461722112791)
 (0.71950986690941632,-0.80774543559865897)
 (0.65630591963754281,0.71149197643879791)
 (0.65995176689575086,-0.80115586089048274)
 (0.74689565767308896,-0.73427305932342779)
 (-0.76816152194649678,0.69880847898965304)
 (0.68051448797941316,0.63950581215128643)
 (0.76440646935809919,-0.77214882742447855)
 (0.71672317486702242,-0.75538620313109428)
 (0.69813306097882832,0.77571559704479709)
 (-0.75088573471086395,-0.6628752788064417)
 (0.57886216691363868,0.6914551900897975)
 (-0.70126070672555041,-0.63985307539025527)
 (0.79356594150477267,-0.63097490795454836)
 (-0.72641166816810365,0.69400490631183742)
 (0.73723106672619509,0.74382828256782341)
 (-0.70386484071614208,0.60958824122925381)
 (-0.63173059065786297,-0.70012329961405673)
 (-0.79490906281786788,0.62171380569649315)
 (0.77820318722293436,0.78002054805610843)
 (-0.80305433167685858,-0.77275384066052955)
 (-0.67241100496253614,0.73179202556830514)
 (0.72558214764436046,-0.6595831625350127)
 (0.7853052249422906,-0.68279388854230105)
 (0.67409980992320828,-0.62497844582516049)
 (-0.58307607589118693,-0.71727901222017565)
 (0.63050491524974195,-0.69276868194591013)
 (0.75268779562968158,-0.83451985895169223)
 (-0.6385756964662902,-0.70511075813354807)
 (0.67036125340896202,0.72425864039463816)
 (-0.61155087134801955,0.60156366994867583)
 (-0.85536196189141933,-0.73634468040379286)
 (0.72400890951630792,0.73512066814841703)
 (0.66265695456515517,0.62143721770187765)
 (-0.72809863930119079,0.77638979425789445)
 (-0.7463360735787814,-0.74590784932095544)
 (-0.72772212638908307,-0.54676194669288991)
 (-0.70993035655914039,0.65457591082079347)
 (-0.74128444060041954,0.6898461929407117)
 (0.69567598699594824,-0.4900612799099297)
 (0.66001106625503658,0.80642437286304403)
 (0.71954354572257628,-0.63691185298145647)
 (0.66952330248403036,-0.63894587253659085)
 (0.67152217033262829,-0.76393833256090371)
 (-0.82580551717307893,0.69768941522709316)
 (0.64522543019401846,0.70422392650452537)
 (-0.66965058628091045,-0.73947591839553928)
 (-0.64396836150497672,-0.63431502245475357)
 (-0.67343532672347772,0.63937860503593946)
 (0.85069061214431319,0.69238588281292002)
 (0.81431927338725973,-0.69751987859353903)
 (-0.71918999912970216,0.65864362889696004)
 (-0.8330880670422014,-0.77840036157153847)
 (0.73565878743722046,-0.66790295954329915)
