# Created by Octave 8.4.0, Thu Dec 11 09:47:21 2025 IST <gamana@Samsung>
# name: rayl
# type: complex matrix
# rows: 1024
# columns: 1
 (0.87518118363315855,0.44530604968228749)
 (0.1766634413155726,-1.1489433534040139)
 (-0.10367609743481883,0.26733300559145134)
 (-0.72209220848344802,-1.0103795730522753)
 (-0.31813102063316517,-0.36940888085735973)
 (-1.1093435600963921,-0.72258390803910322)
 (0.94926206981514083,0.7360524765832368)
 (-1.2728700116048082,0.041502114287876868)
 (0.20172507712027068,-0.10484850378442193)
 (-0.32328044131407702,1.0280529697472962)
 (-1.3535013294421958,-0.064251420482651422)
 (-0.31760688234762208,0.90786456250670722)
 (0.8116499556570772,-0.70613131383062744)
 (-0.13704267315719193,-0.40966069988888593)
 (-0.95733231813956199,-0.65105304629624527)
 (0.81180964198418082,0.35124986314655848)
 (-0.26450835645703508,1.3050730823457721)
 (-0.59147317943018662,2.2331206950300961)
 (0.12676032853850261,0.13751432183935253)
 (0.96532380295832876,-0.51536067431187138)
 (-0.16437228539861354,0.34110556709928724)
 (0.067061405306026806,0.39371485884962487)
 (-0.42504493702803381,0.19109058894036057)
 (0.63910773268616206,-0.70743532293361033)
 (-0.73078326271774974,-0.023890054023450957)
 (-1.0328887188530533,-0.62859864336393145)
 (-0.90328083366724421,0.6614812599565596)
 (0.43105634170617491,-0.48369568956808728)
 (2.2777143258715573,0.11219805540704053)
 (0.27295050124110903,0.32188131523618985)
 (-1.7425846660728226,1.4058753488276006)
 (0.74853618255665677,-0.13787593228133327)
 (-0.99036861112155905,0.89240878565653481)
 (-1.4123889987545859,1.0717855621612873)
 (1.0563600417587995,-1.4963293861269584)
 (-0.062820794555434656,-1.2906855266320338)
 (1.0125312715957675,-0.065643781854896499)
 (-0.24093170849612405,-0.50763338065488162)
 (1.7385098521483076,-0.43776891374389215)
 (1.3753888958713687,-0.51391856940670122)
 (0.38081914504946845,-0.34595788736309696)
 (0.049323472735407825,-0.9594234455744256)
 (-0.016041138570685287,0.53811028477075973)
 (0.39931443808168127,-0.60477437346076046)
 (-0.1679743132615078,0.61428713290579928)
 (-0.076132189166478542,0.29670996985641551)
 (0.3587275678299382,0.43871120322993917)
 (0.040987391202956108,-0.41839244454534863)
 (0.92953182405156931,-0.46284924757067492)
 (0.53647252995039141,-0.33756246048449412)
 (-1.2659651405165553,1.4904123021264764)
 (-0.45303628595063472,-0.050684258635610879)
 (-0.40742531067300003,0.76533849397332576)
 (-0.30121877588997936,0.10071926761807834)
 (-0.065602997180494504,-0.74622562729064756)
 (-0.017979002425788496,-0.26466324854474021)
 (1.3508175851828561,-1.0016913572174162)
 (0.21934508679509784,0.22837625927855498)
 (0.010145980132093252,0.45749026318074826)
 (0.5605529654969279,0.43133658679454806)
 (-1.3983980565573308,0.62607290069117005)
 (-0.071618929355611524,0.29268593735692655)
 (-1.3955552162507827,0.33142111262144969)
 (0.055089779622057189,-0.7335215812984901)
 (0.0097931963733879912,-0.86245671204097851)
 (-0.79186618064545855,-0.38951519053250072)
 (-0.12913060935794496,-0.53998259279782135)
 (-0.12335600985287395,-0.31056154388080082)
 (-0.25353354523348021,0.29479956179954053)
 (0.4321970390211145,-0.038000473872736473)
 (-0.68979572728592364,0.38693991796604799)
 (-1.2667775827214229,0.67612507509594277)
 (0.17802003091768315,0.081463002167505627)
 (0.94610857007070182,1.3099105913717974)
 (0.35599232119652202,-0.78821482411282739)
 (0.11861649904344655,-0.10297735791614861)
 (0.11651471282690347,-0.032877549196399361)
 (0.1611041891022095,-0.51313676799482333)
 (-0.089982391863544342,-0.71844896893373322)
 (0.21526429953533968,0.12058944805671287)
 (-1.1710625533498722,0.35236331210256638)
 (0.2575809827657396,-0.060967886858350306)
 (-0.15761949992647878,-1.0231531789781676)
 (0.075105932799698294,0.95629086932490481)
 (1.0403512317947832,0.2268502744914288)
 (0.27340931966202486,0.22765877053282488)
 (0.4606316086335322,0.58904741352979406)
 (0.41668992430453644,0.14420736263525299)
 (-0.52868699308366696,-0.82420873066843925)
 (-0.65379476117695856,-0.43699597307420929)
 (1.0137482135355302,0.12025919334464724)
 (-0.09060733372893251,0.11089459680283001)
 (-0.61340417868489672,-0.26444587848155449)
 (-0.53557121840803434,-0.60896162194359893)
 (0.76368713981249847,-0.33847496159327545)
 (0.37279082163099014,0.1899894622024712)
 (0.32004028158871883,0.16053516212309077)
 (-0.44112120090626583,0.34667077836123039)
 (-0.22065945674450388,-1.0526866780179067)
 (-0.12343742345090425,0.85348275214162028)
 (-0.66012898267521125,-0.3769923439345495)
 (-0.32114708698898026,1.2144284309890241)
 (0.13511576287869032,-0.10138729378474168)
 (-0.67412258796812674,0.18243216896859202)
 (0.57422954114131397,-0.20417867625410088)
 (0.28238961893691483,0.40210157654501677)
 (-0.67925497740473573,-0.76767136262546576)
 (-0.13921043500729841,0.98707482934069724)
 (0.77611376889189765,-2.0220173662844196)
 (0.0097988395666015193,-0.14158139600685365)
 (-0.51983034307646903,0.32027312057563417)
 (-0.46263537335372917,-0.15954561494214639)
 (-1.4332581918241036,0.30557037517515295)
 (-0.49076913059959948,-0.055114244214190616)
 (-0.31406479163970019,-0.188496517364311)
 (-0.33484671713872327,-0.12336891358683816)
 (0.60981325854229618,-0.25969382827447918)
 (0.19144861970820901,-0.61882265904339995)
 (-0.34509252854767725,0.84229885547207217)
 (-0.88833372703426727,-1.7776089970334255)
 (0.95211895610863895,0.18453937435044399)
 (0.16127567711831137,-0.80356968195575518)
 (-1.6282643195186792,-0.10226717583404488)
 (0.77061931949331419,0.092875941137895157)
 (-0.090094276121879618,0.01784499278199167)
 (0.35926475268159769,-0.15225191811111355)
 (-1.1454166011276088,0.69792234733692371)
 (1.4403352877419671,-1.4439259306405956)
 (-0.63797624026123945,-0.37249700943292474)
 (-0.60775443384070216,0.61216184160974429)
 (0.26330853893131428,-0.52616997472703964)
 (1.1560888863933647,0.17413922611858418)
 (-0.55689282951949259,0.69429526004324704)
 (0.25104184476227442,0.020337348132882627)
 (-1.014837531554456,0.44870479647214018)
 (-1.0758233865357751,0.52847996357902716)
 (0.99881640017848405,-0.025974706135192205)
 (0.042705983497069153,0.063479106194309076)
 (0.1049765720790998,-0.28171417915027097)
 (-0.28701816275534286,1.0161282819590975)
 (-0.75047986961300461,-0.057786347510132452)
 (0.60905189050251296,0.92938525057398558)
 (0.48858412038463911,-0.6313031911102075)
 (0.4387856243981354,1.0893345450712166)
 (0.089857805580449271,-0.20003054014446681)
 (0.15751417786601735,0.18952657359217651)
 (-0.48341574922335412,0.62423839655668056)
 (-0.24370898487370521,0.12262823839452922)
 (0.41554483466238851,-0.85656873392455912)
 (0.44187481296933273,0.28589884701562684)
 (-0.1090763493736292,-0.027472615402736787)
 (0.75697926609840327,-0.42184175424312353)
 (-0.095942078914480006,-0.010619068442149708)
 (-1.1571541128623539,0.035480426437325185)
 (-0.61618030677300584,0.85284623239444945)
 (0.10643018426266666,-0.2965920828803264)
 (0.12519521792790669,0.51437650978081162)
 (-0.090481604709081925,-0.4244475313580206)
 (-0.49344330109134416,-0.58572244613709379)
 (-0.3273422038760499,0.69640437240377895)
 (-0.67229425969748713,0.51631539189407361)
 (-0.77390957746474032,0.23093959918052198)
 (0.4392203078632172,-0.66163776515803974)
 (-0.30095514608386342,1.4885729883232504)
 (-0.70020730213062754,-0.93740795238777663)
 (1.4091288737927998,-0.025283563181640378)
 (-1.5263140388510563,0.6370508845125733)
 (0.038461542663764468,0.017368705000619294)
 (-0.17054365729893323,0.21699138288063724)
 (-0.25317421097497755,0.41869196579177664)
 (-1.0853067426181477,0.63947292791074739)
 (-1.0406893593764954,1.3031443006154715)
 (-0.34597158555292462,-0.034919620990050415)
 (0.72314279053924468,0.17263666291104091)
 (-0.78112110988597894,0.56666002957429806)
 (1.0199133089829875,0.43283467050463187)
 (0.99523761465044558,0.087299448621434295)
 (-0.20694739613060084,-0.033029222129372815)
 (0.1465253237686942,-0.098616343524493902)
