# Created by Octave 8.4.0, Thu Dec 11 09:47:21 2025 IST <gamana@Samsung>
# name: rayl
# type: complex matrix
# rows: 1024
# columns: 1
 (0.48542730440982573,0.21567296106297429)
 (-0.10677758839792978,-0.49418969139312058)
 (0.85626029152629946,0.25011083061377548)
 (0.77527483180245937,-0.16710341602336365)
 (0.21620360292266072,0.15085798487715474)
 (0.81897882085108709,-0.079711499293961541)
 (-0.10187739034707122,0.35159955017813732)
 (-0.8442843461411158,-0.31914240246392239)
 (0.80594496558842277,-0.74640034684488143)
 (1.4235774816484841,0.6893662995688894)
 (-1.834416735208392,-0.26390774433988462)
 (0.39678860360223356,-0.81030434114380456)
 (1.318910969360672,0.25327021427784213)
 (-0.76098817414168074,1.0870037887128416)
 (0.78194537025685495,0.011746826386680342)
 (-0.22689717137045848,-0.42772617066561391)
 (-0.55001160276768912,-0.50076618372224768)
 (0.7172039497656878,0.7005072535259792)
 (1.396958394836443,0.28890715130057742)
 (0.81224571870018036,0.064388645399599598)
 (-0.9462232692618997,-0.63822672121663548)
 (-0.16743500416167101,1.268091808350216)
 (-0.12289538936709654,0.52985359305329804)
 (0.63644721321055386,1.4565489347613318)
 (0.40013926405100086,0.46805661637213125)
 (-0.46364406065753588,-0.98653629093226902)
 (0.29261906064510923,-0.45688943745978094)
 (-1.3733299644978034,0.42286249652667701)
 (-1.3505401349774417,-0.064081987524729267)
 (-0.31026852782464559,0.21757950889920125)
 (0.58070267628055761,-0.018307083278555514)
 (0.10968251370971741,0.34838798175907526)
 (-0.6372626934464648,-0.14261501404743646)
 (-0.3255685044837241,0.74880309307900894)
 (0.74209468604636197,0.23750941362072547)
 (-0.17686777291478051,-0.35016489417061847)
 (0.17593416221971825,-0.26872478885791429)
 (-0.072920473179920203,0.33767879840255788)
 (-0.30041904726377783,-0.32151538743633784)
 (-0.17868945825102434,1.4929693925668288)
 (0.086729643698930659,-0.40749815919424193)
 (-0.68266508024751316,0.83550718349275366)
 (-1.919471524813029,-0.23057784052157682)
 (-0.77993480968040418,0.27580985723940316)
 (-0.93326041989057118,-0.1542847524479718)
 (-0.63976316988571014,0.6203566336388936)
 (1.1024165270534683,-0.41639858867276347)
 (-1.0861229228954248,-0.97874061315914873)
 (-0.54570163163466745,1.1429121497086736)
 (-0.48344821690102407,-0.62968669424338986)
 (-0.9510340243021248,0.31863313533295912)
 (-0.40862895028245538,0.60877445381742978)
 (-0.68659252784233227,-0.6142500796212268)
 (-0.40537832635718141,1.0920528000988599)
 (-0.041035003098867762,0.75707860052211806)
 (-0.48230420188277157,-0.17312506955487605)
 (0.35077449920007786,0.57213710890166292)
 (0.79157289843468781,-0.87249529270777326)
 (0.79805202896646155,1.0896731507690267)
 (-0.32754959423647245,1.6638396167273202)
 (0.061955287075895787,0.39257443758408128)
 (-0.26084961249262756,0.27390173824036573)
 (0.6159237287497803,1.1023090441099044)
 (-0.88467150189043209,0.75799040801841344)
 (-0.53379594385458973,0.47859566106558893)
 (-0.88667654146718977,-0.7840957761901004)
 (0.90209103036962524,-0.56125617707545983)
 (1.0558224096426365,-0.34091035300986511)
 (0.01666169351592179,-0.058136703804149446)
 (-0.53044175714494601,0.27171169735954642)
 (-0.56296244698007059,-0.45433556236659489)
 (-0.030114830957955252,0.51867927163835725)
 (0.46644077800374473,-0.70590003404972479)
 (-0.53993311257294385,-0.15287380802558487)
 (0.41801214880436688,1.6306580109728765)
 (0.79562850436329968,0.30158735421471305)
 (0.35057494125744659,0.71457657979842093)
 (-0.1016031619573291,1.1220126694778862)
 (-0.82388342908496548,0.11379936972734966)
 (0.43227472558346008,0.086669361079016183)
 (0.41597081057385749,-0.46939399133698573)
 (0.34581315907548005,0.028224703160347669)
 (0.66330721384683811,0.81133859295559008)
 (-1.4794986971957629,0.6376865008751631)
 (0.50263738742201258,0.12831490310845406)
 (0.21247304418221802,0.30880950589175105)
 (-0.079665156670308171,0.020282297485177906)
 (0.28697897248966808,0.18544485752570875)
 (-0.25784412052642441,0.94453076865726993)
 (1.1615858401781842,-0.58889835382642453)
 (1.1103560801939545,1.2660675489000366)
 (1.0145917013266836,-0.31429051900453381)
 (-0.73228840845714827,-0.18376797511729404)
 (0.022948371574691401,-0.5031889455695927)
 (1.382417878352882,0.25509215870699142)
 (1.1161201973550861,0.43151281103486383)
 (-0.0019468759544929992,-0.38254175560680093)
 (0.46808686874222577,0.93436393774601356)
 (1.2382086355872077,0.01960812820259572)
 (0.24611995846125057,-1.4069235848629267)
 (-1.1482412965058901,0.63840527335977548)
 (0.53771462232083678,-1.4823960439395183)
 (0.47966917936014197,-1.1861497768229572)
 (-0.32504070361679716,-0.11339552197654028)
 (-0.84295900887132436,-0.12190045819042206)
 (-0.47998467285008239,0.058088527202884044)
 (-0.68879024344544815,-0.42399994433783317)
 (0.63526502823382847,-1.0576732024277482)
 (-0.82240927631578498,-0.54997429864650582)
 (-0.84123747635332269,1.9573629676028301)
 (-0.041269987987603562,-0.99960207895353914)
 (0.53417459250215749,0.37300636617097155)
 (0.11968284312853278,-1.044680619220959)
 (-0.60502671854568613,1.4930201827329701)
 (0.047317048048837879,0.481962859765245)
 (-1.0635738814080176,0.41991919808388062)
 (-0.16942245862193583,-0.66526622566428739)
 (0.25124007999445325,-0.37116060389339994)
 (-0.30805778070438378,0.0062417740333818306)
 (-1.775908930414233,-0.97588890414934415)
 (-0.42610881022052011,0.11839844158807561)
 (-0.17999271637801292,0.087413164539500682)
 (-0.57498166034048581,-1.0841648697307158)
 (0.3653056426369703,0.45744016886879924)
 (-0.38076227394725948,-0.612812691516057)
 (1.0504777694554668,-0.058319558132878757)
 (-0.11211964865487895,-1.0448532590897521)
 (-0.34437144505192607,-0.80800625609267029)
 (-0.58185076425809978,0.2003357449924047)
 (-0.22026714111272494,0.7957699819261258)
 (-0.73810736883466843,-0.1800969689480989)
 (0.15550882250960985,0.81736422320722812)
 (0.60961343388422051,-0.23309179254518425)
 (-1.0445676793667911,0.41530072883262814)
 (-0.34254508335284628,-0.80373147195796313)
 (-1.0569586590225053,0.86661462597218653)
 (-0.1605020162866555,-1.3946526419526497)
 (0.3691831870053166,0.57428225924728415)
 (-0.0073793314337324833,0.75653615288013631)
 (-0.1234613177240883,1.2155642899690338)
 (-1.0858691107928855,1.0951097103353138)
 (1.2528411664240759,-0.71148613251785109)
 (1.0061701204865439,0.88067303275590547)
 (-0.55767103268686791,1.4098752183632361)
 (0.19036570115032667,-0.11013091818479373)
 (-0.68537874778480723,-0.00091379308489153432)
 (0.51591151968522786,-0.70190552961391639)
 (-0.37545968769362892,-0.23799055932836086)
 (0.08158345144754188,-0.2614345972802527)
 (0.064509157152271651,0.32572045843221065)
 (0.22752564305145034,0.96947488760232092)
 (0.055233309585286938,1.215863963198617)
 (1.2131221623736881,0.11959573697150094)
 (1.1928868634154173,1.7349163191537833)
 (-0.16118829902568013,-0.1153973997805148)
 (1.2147027290545149,0.52037098680014615)
 (-0.11810456537423926,-0.22363183469020009)
 (-0.23322217005975268,0.1971076209079268)
 (0.68859037728855033,-1.6446651711946041)
 (-0.051537736313453181,-0.36769029749943993)
 (-1.8233109331652009,1.280096617308403)
 (0.27060768645509792,0.1982818887532225)
 (-0.61420865510539113,-0.71422451211009963)
 (-1.1806662002122517,-1.3993331313683508)
 (-0.30787821365953016,0.25583942474942634)
 (-0.56981314846364683,0.033232487174161107)
 (-0.23146968601429305,0.12134696495572359)
 (-0.51619039046662285,-0.63886859865222256)
 (0.040080396462061352,0.85324382345489558)
 (-0.63371113326532558,0.9168052606809336)
 (0.48354036460276933,1.1133236368097608)
 (-0.10808176740034869,-1.1356214543990018)
 (-0.19919208057453375,0.66925753490580253)
 (0.038047941621545456,0.89484201380994854)
 (0.12275872793768233,-0.17838070634136993)
 (0.43495459463260766,-0.47248257487783207)
 (1.067432886671972,0.085371582735530471)
 (0.69566407971985955,0.70920260544256342)
 (1.5649395408623876,-0.9651381654214175)
 (0.038273830549720757,-0.063714501868710666)
