# Created by Octave 8.4.0, Thu Dec 11 09:47:21 2025 IST <gamana@Samsung>
# name: rician
# type: complex matrix
# rows: 1024
# columns: 1
 (-0.026099203500857593,1.0313207506154241)
 (0.57159893777581872,0.76988752252714077)
 (0.48364630704133299,0.57822798926997021)
 (-0.60653484459527063,-0.13403547148009465)
 (1.1329104524335873,0.47935682563437398)
 (-0.41100720373420874,-0.51363158206502091)
 (0.27392948317301358,-0.70951905802627535)
 (-0.94198658428270954,-1.1391184063816595)
 (-0.69063083832308414,-0.69673827416095202)
 (-0.68160523035846543,-0.61861990663094879)
 (0.33608561145114307,-0.30057370447583637)
 (-0.66745196449229305,0.96147518870646709)
 (-0.88970757272517753,-0.42290531487809191)
 (0.39755177061841285,1.1455736960153218)
 (-0.7001898003892888,-0.91549619196730769)
 (-0.49979091299725437,-0.70809395791489216)
 (0.9533451546243189,-0.79543516889701216)
 (-0.53036250070214963,0.50569021496179534)
 (0.45674077444501482,-0.47442778372189065)
 (0.90200761611450697,1.1760819060631527)
 (0.43105036413060338,1.054515472810343)
 (-0.39171267105084923,0.95060038352146758)
 (-0.071372897160136062,0.61503125809838843)
 (-0.49320368955332883,0.51300713826617195)
 (-0.45025137964188883,-0.51309421884670514)
 (-0.47495896738595383,-0.38367874166103427)
 (0.46441622777413433,0.98743340192643481)
 (-0.65360666789032429,-0.36752418569737877)
 (0.45709884402419049,-0.76590919973346727)
 (-0.52646519687014082,-1.2755548652422395)
 (-0.68445312246128731,0.48044695000559123)
 (0.42306544303748067,1.1594112138012997)
 (-0.66267954084049174,1.0709241100653581)
 (-1.0302858115608202,0.069463752649137567)
 (-0.9147960659449148,-0.7040241976088728)
 (0.58364153975518185,0.7216951102556447)
 (0.45852887939735298,0.3378899521515305)
 (-0.15477303300196543,-0.64009509987917923)
 (-0.42044336689983003,1.0290618043651893)
 (-0.23715624702834967,-0.71534249081342527)
 (1.0720962134364362,1.308006631911474)
 (-0.70657656911541533,-0.14444984596819338)
 (0.43452109130202576,0.51250090564430695)
 (-0.32596613355874982,-0.6395000853538626)
 (0.93973026659522785,-1.129224171691533)
 (0.46804721798710902,-0.60699133173316844)
 (-0.7409519146664818,0.057587715246839644)
 (0.2165828886521497,-0.2504419223372123)
 (0.78759997331099818,0.78319457879425847)
 (-1.1691405001099826,-1.0993840740021044)
 (0.71539229265924908,0.88936785897902526)
 (-0.83552553402903795,-0.94178018771745786)
 (-0.47247768991321898,-0.82063645927014184)
 (-0.60183721618971486,0.72919256974254754)
 (0.69254009050265508,-0.43102814678779566)
 (-0.57414904448812265,0.57373516224522902)
 (0.17930501449183411,0.50571396732365037)
 (0.84834627702158383,0.54143064044452516)
 (0.75163794258716432,-1.3888125991821343)
 (-0.095827335733249502,-0.014191303698347056)
 (0.71560073872074936,0.26738332826483824)
 (-0.12372319378835844,-0.52723726181427133)
 (-0.62719060862394216,0.32800656449806198)
 (-0.46601743156726994,-0.5716625805670047)
 (0.73787546061109033,-0.41257162579660422)
 (-0.088607914878967575,0.78399561104733984)
 (-0.86334435970026457,-0.69474864853539242)
 (-0.53406863108313629,-0.83669377582857518)
 (-0.22329991470776764,-0.72097823481327328)
 (-0.89664117872718452,-1.1400671810179908)
 (-0.89649795248291797,-0.18061685335885397)
 (0.9292909885976397,-0.82768595977367543)
 (1.0053794996431633,-0.51587836206903037)
 (-1.0060943272113831,0.12577056875879949)
 (0.66802864333157519,0.59130245432278628)
 (-0.84138465553771324,0.62766351143880084)
 (0.90567886482673621,0.54768510790216784)
 (0.24555073911834974,-0.82990403900320886)
 (0.807477561685086,0.038933437368034896)
 (0.3437399628404898,0.66707077677501236)
 (0.78949231117581342,-0.0417526395761878)
 (0.35929097048480518,-0.27805246796106842)
 (-1.0337503900416105,-1.0205327997245366)
 (-0.86062587982684935,-1.0823360990461939)
 (-0.99163951551186025,0.38631716073123851)
 (0.66324697159232149,0.099038780852410191)
 (0.65687674071858659,1.0188066821571109)
 (-0.66750125358478574,0.31489876940801659)
 (-0.51466849554988303,0.37459666875185321)
 (0.7416738132956362,0.64614517903946944)
 (0.38681129210362508,-0.20043870159306398)
 (-0.56996746572781043,-1.3818801136604697)
 (-0.60604922538648864,-0.78510662984602297)
 (-0.28041211084053808,-0.52448058437574574)
 (0.55755442964213497,-1.4513084497859037)
 (-0.53023076245410039,0.65194904980743174)
 (0.010399512795197186,0.82229666400871748)
 (0.48552322541047843,0.22040029397642316)
 (-0.97966196209200285,-0.26314325988625537)
 (-0.05565235364211954,0.43740750315134114)
 (-0.39912914577507891,-1.0857019818890481)
 (-1.1835235671290736,0.14554049149070425)
 (-0.42869423092522557,1.0249884698463008)
 (1.2241807438776422,0.83180829768467213)
 (-0.53103131411261439,0.1824061247961199)
 (0.75107855759339703,0.38242559838687729)
 (-0.13664817983351915,-0.58886360676321037)
 (-0.36027842114278263,0.67743670524451816)
 (-0.5409193610030133,0.90186988743806695)
 (0.32669711461246054,-0.17649209292625215)
 (-0.61501656191624443,-0.22621179982153489)
 (0.65858189258912625,-1.2606202140553857)
 (0.92687567858563691,1.0025222083919412)
 (-0.49895643443428844,-0.064516308345629325)
 (1.0814637302356565,-0.61706919636702751)
 (0.036899594247131795,0.97758920963305562)
 (0.98455997603718981,0.62739293231285742)
 (-0.24096336009177893,-0.68207745000972597)
 (0.57131462182824644,0.86431912605784678)
 (0.8839147877803043,0.67842099757176555)
 (0.033333593807942763,-1.1779678162972744)
 (0.6484981305884604,0.83247353782920863)
 (-1.0245404462851704,-0.72472277397079909)
 (-0.63707069170410302,-0.23635104107842561)
 (0.36424077429166879,1.0677618201623074)
 (0.063389768046032191,0.8277740783868015)
 (-1.046530389069348,-0.28138473360846039)
 (0.85434308299238249,-0.83646249919183313)
 (-0.55671904028489827,-0.32322842065369517)
 (-1.0999765548278202,-0.43106289105198808)
 (-0.092333354692955893,0.6480972328268455)
 (0.20425085030895301,-0.57419943801701301)
 (0.44699366186174255,-0.86325539328694467)
 (-0.42695515842124732,-1.2141779242597432)
 (-0.56342922496297121,-0.57508358611557198)
 (0.41868182543545718,-0.39210170631068764)
 (0.78591384152180987,0.43593730602546144)
 (0.8001812414555598,0.61854925280986794)
 (0.43426680458866285,-0.63859237988292694)
 (-0.92850332608601738,-0.65663674027680119)
 (0.23839464158204082,-0.91198112414741783)
 (-0.62131744586730731,-1.3794910753255794)
 (0.68156388719462646,-0.57188890570672879)
 (-1.1033326028207444,-0.90109571276740741)
 (1.2407951828676356,0.98488964540545298)
 (0.39628109866816891,0.36917092086529596)
 (-0.65801255160652572,-0.40818148084409761)
 (0.23793609331371526,0.57034483275015713)
 (-0.82590420012774635,-0.34839934515232801)
 (0.51361746258149199,0.7644866445163141)
 (-0.65923861325367072,-0.37666399965230113)
 (-0.31828012370973735,0.69183558035886439)
 (-0.49044753108688194,1.042096308476985)
 (0.35237486782150607,0.20278322497485624)
 (0.53459886154317937,0.33849291058655362)
 (0.22912498353815522,0.47226008344573089)
 (0.54746169019782853,0.85754329905018156)
 (0.97685648523367807,1.1886188122555692)
 (0.79962007094524945,0.36030974518992909)
 (-0.46851629112078319,0.75455908283827666)
 (0.39965116474290513,0.34413125587698229)
 (0.35100397409247391,0.76183083035932575)
 (1.5310702534577607,-0.3874848282626161)
 (0.89988128345554363,0.71029933580495941)
 (-0.87234611732735545,-0.68201176317009815)
 (-0.80285380266811446,-1.0121994992841097)
 (1.0895509540168276,0.53045609753650425)
 (0.83789118118417782,-0.063801183597522571)
 (-0.779187750787249,-0.93827330529144459)
 (-0.89988780508335053,-0.1007986761218525)
 (-1.0944153323262547,-1.0731830045013941)
 (0.076436678625456278,-0.69706150449609527)
 (0.14241987143886586,0.25569255296263005)
 (0.61697658699984748,-0.70723583330894046)
 (0.67537171981060706,-0.5731177283615585)
 (0.36655488487987187,-0.85425036591465475)
 (-0.53539037797180988,1.0161901272394904)
 (0.88773425965939257,-0.57968379569545136)
 (-0.39935588984741183,0.2855606271101831)
 (0.65921985765635094,-0.91139402593626839)
