# Created by Octave 8.4.0, Thu Dec 11 09:47:21 2025 IST <gamana@Samsung>
# name: rayl
# type: complex matrix
# rows: 1024
# columns: 1
 (0.36862320817685384,-0.515340704893544)
 (-1.6954749625138783,0.87199847459972213)
 (0.24745057771809581,0.69096797062881921)
 (0.27119428499808435,-1.062313551076836)
 (0.68131614595321055,0.40296896560766304)
 (0.62472423915762143,0.055850459866380708)
 (0.16926136100637823,0.47566381767026933)
 (-0.61517603080426264,0.38081317951148358)
 (0.10413963003462204,-0.12303575497326089)
 (-1.3413382708164905,0.239931898134086)
 (0.69321415157469823,0.32354872151866199)
 (0.59018567331007343,-0.91257833888548467)
 (0.26534308374222498,0.0088166081341415348)
 (0.36010544260307575,-0.171852484294542)
 (0.21452690595975993,0.14383644496144105)
 (-0.50738612939872385,-0.69457013691143099)
 (-0.36266763138456903,0.49644987248642625)
 (-1.1193300515709617,0.085067776287677033)
 (-0.3782228965708514,0.33159583119257641)
 (-0.75209769965402129,-0.55006833571941327)
 (-0.67794423414374805,0.11671699160378357)
 (-0.70356276985705701,-0.54937184219019541)
 (-0.8234421249643028,-0.52259906082132679)
 (-0.11216084910063433,0.25367522177499924)
 (-0.70514710674666814,0.7739091290977862)
 (-0.98040936897151487,-0.99421492104553544)
 (-1.0658484693016366,0.19955248086168342)
 (-1.0346543925610616,-0.58043183198844128)
 (-1.4707052164530559,-0.28415227634448681)
 (0.17257981109414533,0.88772042643256011)
 (0.58950324839420665,1.4499233620928305)
 (-0.25640473589422552,-1.0869743756857773)
 (-1.6063728200124916,1.319390404780612)
 (0.048766876440871541,0.037351900439134229)
 (-0.0030100275224325124,0.84097634082302197)
 (0.54942522791164294,-0.22910110958417937)
 (0.3828168245224618,0.52780755934909662)
 (-0.48523626609749271,-0.64849287049125204)
 (0.37438853643980069,-0.1477631075540024)
 (0.0037460453167735344,0.028719767390604473)
 (-0.12720749821049315,-0.2180304791868668)
 (0.72121144740009713,0.6549710694074472)
 (-0.77382039750517906,0.34451584188431739)
 (-0.82306411441427541,0.72896196960489257)
 (-1.8894949444419089,0.0037594001666589882)
 (0.23443556375132674,-0.29720419046301211)
 (-0.022055719206885226,-0.12536995114544863)
 (-0.17589475521307485,-0.65348404443010633)
 (-0.28370791898531011,-1.1212660574811459)
 (-0.32886071692752716,-0.46427295892183928)
 (-0.21306420613621524,0.43599735678964857)
 (1.370050522039836,0.4493311388068934)
 (0.87777225144586124,-0.082030220325101322)
 (-0.41906144263822315,-0.79105259492724178)
 (-0.1840976904544534,-0.75187570150655358)
 (0.54461679763457971,-0.52278892421179735)
 (1.6134892531090621,-0.18369877986756222)
 (-0.020079629883323236,-1.3228522880170464)
 (-1.3929189405869091,-0.78229804008255233)
 (0.074642291060408372,-0.58300785824893531)
 (1.4180079641332477,-0.36071275665715341)
 (1.1507252745800138,0.61884279878054538)
 (0.74008936965133199,-1.2103275952929224)
 (-0.28242096475056866,0.43889252789649225)
 (0.25030263418523291,0.0041593834278055436)
 (-0.14692657829335271,-0.96257822187940278)
 (-0.14405975429685303,-0.07168974894773919)
 (1.0303757318191122,-0.40812615582395578)
 (-0.38396702648362135,0.39967789900541029)
 (0.27502193115502793,-0.20971675159891542)
 (0.46442277236067148,-0.40582451685043169)
 (0.00064608934220625885,0.10525123719419477)
 (-0.71637161465525212,0.15774583020999605)
 (-0.25841608677944072,-0.42295491595446566)
 (-1.1309862605939165,1.3491810287583601)
 (1.5593983254947545,0.73438866068681952)
 (0.24389837921454108,-0.73642261719297519)
 (-0.045006746094610015,-0.26391400713514013)
 (-0.71934732189784534,-0.31893495937525806)
 (-0.041206084516064889,0.52537179799397182)
 (-0.52525420630563091,0.66780029876082003)
 (0.2910528190821971,0.63357662222034472)
 (-0.68275983208008162,-0.12491105014179188)
 (0.69163933367480046,0.87790223685988067)
 (-1.4533477206003123,-0.37158336337751174)
 (0.6915538410305635,0.21563157799334104)
 (-0.31073228567435784,-0.052785554683273228)
 (-1.023545886915179,0.08837364616612875)
 (1.3540091888274901,0.36098028754484945)
 (0.97537967797156866,-0.56775583794847506)
 (0.61089808805109602,-0.21514495475545772)
 (-0.48408152096750018,-0.72328110480114283)
 (0.69948474974708064,0.3851060178974588)
 (-1.0655965480530789,0.59743615674480022)
 (-0.36558438273816674,-0.21516845084146072)
 (0.69210784513786527,1.1680198551514007)
 (0.60188253029609728,0.077747597910488631)
 (1.17717635526152,-0.16900699379287654)
 (1.0258299555912114,-0.38195547137743346)
 (1.0215702035434784,0.32292750977303236)
 (-0.44007865095022236,-0.060392703111431606)
 (-0.14744644135316354,0.14937880049322511)
 (-0.75775310258192485,-0.64216328427428904)
 (-0.54721753604521739,-0.2581911768725294)
 (-0.41646832906042808,1.3228395047404446)
 (-0.073163829638168809,1.0116848612592402)
 (0.59536398561470949,-1.1604051162271365)
 (-0.012740171680405643,-0.96963356563215941)
 (0.70771691214986288,-0.46074881085399333)
 (-1.3738686558050484,0.20217794752555207)
 (0.58177315389926088,-0.3964294300253185)
 (0.97712126653167131,0.48544862606068234)
 (-0.75491054036669369,0.41104321957106571)
 (-1.0762596065734074,-0.27624393230560124)
 (-0.68563614040212473,-0.7729318528419864)
 (-1.5303187034151289,-0.75599894596416273)
 (1.4035771243541921,0.95176477575249407)
 (-0.015050684025959327,-0.53070289042695717)
 (0.31715043377049423,-0.042528370133518539)
 (-0.6149390687573828,-0.86027869222262354)
 (0.17522956848851967,-0.98537940257695178)
 (-0.58916879798512667,-1.6030517532826538)
 (0.44965933470984382,-0.19502263575821938)
 (-1.2760093013098741,-1.0837303092731969)
 (-0.83154900801289866,0.23376173757102309)
 (-0.13562140588283669,-0.36459809816208832)
 (0.75669776491821295,-0.29561824328913344)
 (-1.2837343810049899,0.23324921407934829)
 (-0.32006577220541932,0.25322285682758616)
 (0.11272703852002891,-0.58788158700149507)
 (-0.80739449923606532,-0.17556207010019625)
 (-1.468277856169117,0.73765992764308785)
 (-0.85828643455870901,-0.72936637456151543)
 (0.30994266876189203,-0.46394914292612865)
 (0.34065612442364512,1.5430257911401095)
 (0.35811044093593442,0.36588692752086521)
 (0.17234450727534828,-1.0454093363986683)
 (-0.41580897748197965,0.56216236367222017)
 (0.56264830242282127,-1.3543556652018667)
 (-0.52781923403725584,0.035373546415439772)
 (1.6678706397522058,0.43913255843044818)
 (-0.050990881962040213,0.84541901771103523)
 (0.45671517906374381,-0.57900751757621816)
 (-0.70083979885046288,-1.6325694846339309)
 (-0.75488693160035691,-0.11644977836288806)
 (0.71725102710825084,0.11857549836446035)
 (0.35859727362875365,0.64541510050202988)
 (-0.24116214059956845,-0.63330472647582914)
 (0.65387801616554753,-0.20665398015355069)
 (-1.0021046792647998,1.0986395180840789)
 (0.50223788956999083,0.29351097116517655)
 (1.1134763596505519,0.21364888393036635)
 (-0.84356734646739662,-0.22891883014422254)
 (0.65339577112897507,0.30739735926490647)
 (0.75980867299952237,-0.30516533432135073)
 (-0.22064325289295558,0.58430777093040387)
 (-0.18291169699438717,-0.23304614562471263)
 (0.91703149497957781,0.51396893904010688)
 (0.40671290644174507,-0.16226053503141133)
 (0.1532385146492227,0.19039873731217996)
 (-0.13756437582429765,-0.80308974793074395)
 (1.038380925192208,0.5832223998743411)
 (0.22754690806820976,-0.46497173954945581)
 (-0.75277751346486232,0.403442531226612)
 (-0.23473541426281838,0.54676752071943313)
 (1.2389943014925493,-0.76937148307634096)
 (0.29104071833697959,0.22998383929552393)
 (0.061991693933052733,0.10833287423516161)
 (-0.34702696814477352,-0.91268919282906547)
 (0.85839743377214828,0.45403484529614219)
 (-0.5545040835276327,0.1701917604518835)
 (0.59249401710920324,-0.45927889886198736)
 (1.6429286491083237,-0.2923372269220379)
 (0.3391694383670758,-0.17646028279615478)
 (0.26812465880733016,0.1952844833567822)
 (0.065000004748821477,0.28446753967087701)
 (0.38063827053013588,0.74308728596047202)
 (-0.32393297412441857,-0.07106487870518538)
 (0.65952993586661357,-1.0429171180454171)
 (0.66767550268731002,-1.4595053781402543)
