# Created by Octave 8.4.0, Thu Dec 11 09:16:06 2025 IST <gamana@Samsung>
# name: iq
# type: matrix
# rows: 2048
# columns: 1
 1.6000000000000001
 0.81741217677477895
 0.53812053356698397
 -0.42812692941925867
 -0.7737705401199878
 -0.99739959216031482
 -1.3708841653825465
 -0.64531547200634287
 0.31590671602424863
 0.72610466550790553
 0.98961189288312468
 0.89173695753970295
 0.749154243620751
 -0.126277206267076
 -1.0794599269865388
 -0.97667740455693652
 -0.92203355216466776
 -0.84909680209866956
 0.054455970544694823
 0.99153831704690321
 1.5338614353143079
 1.5160557123754062
 0.94462336461493135
 0.017648480643128749
 -0.89845989908127566
 -0.93566355795921996
 -0.96810813435476473
 -0.64702319695337762
 -0.089661145336106474
 0.50044297299076146
 1.4524760082306365
 1.5738343944166753
 0.70029174263479022
 0.25793199830174945
 -0.43674579739516622
 -0.8752101648306293
 -0.99406909454407066
 -1.1998691200655591
 -0.37106470728474383
 0.37077718740857579
 1.3409136284305851
 0.99932172244443662
 1.2730311537826249
 0.48226757712003088
 -0.30288023361216132
 -0.79657321781796253
 -0.9993770622619782
 -1.3395723871147742
 -0.36935141386161252
 0.37345288887648859
 1.2014921398173009
 1.5907757218952079
 1.3991467513723621
 0.43536466339879998
 -0.16272196520846155
 -0.70138649497904204
 -1.5742748128544564
 -1.4514444112676728
 -0.49911366156833592
 0.14590334067373942
 0.64819262069187789
 0.96849149417710867
 1.4961933763111284
 0.89642697852959907
 -0.030692720632091816
 -0.94660418569563576
 -0.94802428457192678
 -0.95822557211480941
 -0.61850621691532082
 -0.052923454120163547
 0.85117706439314356
 1.4762025206449945
 0.97634672945533696
 1.0776461366702739
 0.19960738160862385
 -0.75132312806823531
 -1.4278887287596094
 -1.5830241398668952
 -1.1600776873516347
 -0.19593694714062365
 0.40472606164912256
 1.3721487507852954
 1.5956604958378098
 1.2364758878073214
 0.42576039812640087
 -0.54043242017331783
 -0.81829530004591811
 -1.5999981156830194
 -0.81652712817408524
 -0.33487961217098988
 0.43049245230356209
 1.2395869245187088
 0.99750902515076378
 1.3696163510044093
 0.64306772540046753
 -0.31831357253800441
 -0.72715906615685566
 -1.583730187874117
 -1.4256661747372563
 -0.46686474663636957
 0.1277995015959035
 1.0812711747469574
 0.97700577919626508
 0.92143835717186395
 0.52938408740299536
 -0.055988358703845706
 -0.62091521972729924
 -0.95909896399592787
 -0.94704312407739244
 -0.58915019910744659
 -0.025782350915245302
 0.90049070340389226
 1.4979264829849168
 0.96772249425417678
 0.64585224921887574
 0.14101198650177535
 -0.50177110567169725
 -1.4535041840370972
 -1.5733902689753034
 -0.69919534082601087
 -0.15969265296119067
 0.70100144429140743
 1.401522477738907
 1.590241634363269
 1.1982432741466169
 0.36867565168859362
 -0.59552334020536735
 -0.83890731960218134
 -0.99926402882828158
 -0.79471385035233399
 -0.47992564452937803
 0.48694802899415618
 0.79750008827622731
 1.5990880770408948
 1.3382279905752121
 0.58867963255316214
 -0.23490011927419616
 -0.7519452059868672
 -1.591037145612771
 -0.87372121466920871
 -0.694372006313838
 0.16423604820363752
 0.70247959528018322
 0.98419470203205239
 0.906505872236266
 0.79645307925676112
 -0.14834850514954179
 -0.64936051767992853
 -0.96887257281824157
 -1.4953215357592782
 -0.55899496658575176
 0.020717374963544161
 0.59286423571776004
 0.94851151593640592
 0.95778549015728354
 0.61729952884911965
 0.082225300863896456
 -0.8532553218283726
 -0.92321742549042496
 -1.5616220074725362
 -1.0758298080703701
 -0.19717076303546693
 0.75349024285205801
 1.4289949622119771
 0.98916595154481612
 1.1583851774480025
 0.3110907764111292
 -0.64980640000646595
 -0.85838131514628802
 -0.99717367862900375
 -1.2349159990320133
 -0.42339286399912501
 0.54274303384716516
 1.3106823934518257
 0.99999528921032244
 0.81564015632847064
 0.3334331020884379
 -0.27053560075472688
 -1.2411380651270638
 -0.99761610861221961
 -1.3683453106370818
 -0.64081846411529619
 0.32071967929718814
 1.1651388064929256
 0.99004851051445419
 0.89034366212641014
 0.46550699135830681
 -0.20691439345004181
 -1.0830798756853361
 -0.97733185259986799
 -1.4733455869226157
 -0.52808142658504087
 0.092032983981153144
 0.62211752879892024
 1.5352516349797323
 0.9465491972583544
 0.94065505223745149
 0.01457942004615246
 -0.90251938671410703
 -1.4987877450246943
 -0.96733457478367735
 -1.0314876483942823
 -0.086603630204167628
 0.50309805648286454
 1.4545289362652838
 1.5729424375764296
 1.1169556674162675
 0.25308388935089982
 -0.70320796161439281
 -1.4027053906080471
 -1.5899689718068784
 -0.74788412868125476
 -0.22892857982199954
 0.3736261111647376
 1.3435866327617991
 0.99920398154940382
 0.79378135772453473
 0.29848911345229245
 -0.30580408578331203
 -1.2774801284892914
 -1.5991690879766041
 -1.3368804419785105
 -0.58639561635395432
 0.23639162971772915
 0.75295605345903283
 0.99455926362965252
 1.3967578428336804
 0.69215891566839305
 -0.26519959097254148
 -1.1257136655416835
 -0.98446532786158059
 -0.90585685224972345
 -0.7943224240416078
 0.094245825128639826
 1.040843016266684
 0.96925136938056977
 0.93402885820795134
 0.55772175493586962
 -0.022251750734397037
 -0.59409945894557603
 -0.94899651318043343
 -1.5317490435766834
 -0.61609138679793818
 -0.049858050913958639
 0.53458223094328505
 1.4780897616558093
 0.97567848098621912
 1.0740109454649969
 0.12170855002937817
 -0.75565558286782664
 -1.4300978298149887
 -1.5823031772721183
 -1.156689939088303
 -0.19292606540949148
 0.65204957082277293
 0.85916763922364559
 0.99705719862025732
 1.2333532015402291
 0.4210243326138623
 -0.54505236914609756
 -0.82005576228364152
 -1.5999830411738043
 -0.81475126332711434
 -0.53117729062208363
 0.27201278160118081
 1.2426862823635119
 0.9977208422924585
 0.85441940454648735
 0.63856769344871234
 -0.20195314414651017
 -0.72926272673208903
 -1.5844213146416966
 -1.4234301886878991
 -0.7426370234029136
 0.13084318561326425
 1.0848860255414638
 1.5642489983995427
 0.92024145753600073
 0.52677752192607508
 -0.094484377261987329
 -0.62331837253726197
 -0.95996331965004555
 -0.94605304094090492
 -0.93866757028764702
 -0.020871738287967782
 0.90454594423356471
 1.4996454768254734
 0.96694437685696777
 1.0296092684762668
 0.085074564858861945
 -0.80707811567802945
 -0.90971891406343963
 -1.5724909012748707
 -0.69699759914860648
 -0.15666183615691048
 0.7054128226039994
 0.87742812471887766
 0.99355785265223451
 0.74686444945741071
 0.36389494099378439
 -0.60007880746174169
 -1.3449183894812118
 -1.5986265291987838
 -1.2685551926833805
 -0.29702399601359247
 0.30726493315548692
 1.2789571067647321
 0.99952895764717375
 1.3355297444986494
 0.36506888685045302
 -0.23788258336530968
 -0.75396512742134258
 -1.5915487498723022
 -0.87222403267404025
 -0.43121512169653153
 0.16726305010571701
 1.1274573271333386
 1.57557381581631
 0.90520569861137001
 0.79218989788241467
 -0.15323778008408839
 -0.65169172040484546
 -1.5514046127550147
 -0.9334795565583065
 -0.55644722963027093
 0.038057718549696355
 0.95253325253401155
 1.5191668402586562
 1.5310376950257969
 0.98381086977188703
 0.048325171352531254
 -0.85740580254536991
 -0.92439260064993811
 -0.97534090919269134
 -1.0721895531382961
 -0.12018508648974423
 0.75781914301526732
 1.4311973289709796
 1.5819371051215989
 0.72186998516592915
 0.19141994114471486
 -0.65429120580400246
 -0.85995193962079575
 -0.99693837014674846
 -0.76986718688310551
 -0.41865480954949758
 0.34210026289422391
 0.82093309710364448
 0.99998115688567257
 1.3021767220219322
 0.33053772923106406
 -0.27348932174976931
 -1.2442315725813804
 -0.997823225944791
 -1.365793563917693
 -0.39769713668888385
 0.32552962088418913
 1.1684991707254808
 1.5847612805202818
 0.88894197826965471
 0.74046111142811433
 -0.21178330741235341
 -0.67918101253821317
 -0.9779770926331931
 -1.471423609139386
 -0.84075580239573522
 0.09693554799469864
 0.99922839698217869
 1.5366273701500459
 0.94555465629369806
 0.93667787740373498
 0.018416355340855305
