# Created by Octave 8.4.0, Thu Dec 11 09:16:06 2025 IST <gamana@Samsung>
# name: iq
# type: matrix
# rows: 2048
# columns: 1
 1
 0.81741217677477895
 0.336325333479365
 -0.26757933088703667
 -0.7737705401199878
 -0.99739959216031482
 -0.85680260336409153
 -0.64531547200634287
 0.31590671602424863
 1.1617674648126488
 0.98961189288312468
 0.89173695753970295
 0.46822140226296938
 -0.126277206267076
 -1.0794599269865388
 -0.97667740455693652
 -1.4752536834634684
 -0.53068550131166847
 0.087129552871511723
 0.99153831704690321
 0.95866339707144232
 1.5160557123754062
 0.59038960288433207
 0.028237569029006
 -0.89845989908127566
 -1.497061692734752
 -0.96810813435476473
 -0.64702319695337762
 -0.14345783253777036
 0.50044297299076146
 1.4524760082306365
 1.5738343944166753
 1.1204667882156645
 0.25793199830174945
 -0.69879327583226603
 -1.4003362637290069
 -0.99406909454407066
 -1.1998691200655591
 -0.37106470728474383
 0.37077718740857579
 1.3409136284305851
 1.5989147559110988
 1.2730311537826249
 0.30141723570001927
 -0.48460837377945815
 -0.79657321781796253
 -0.9993770622619782
 -1.3395723871147742
 -0.59096226217858006
 0.23340805554780536
 0.75093258738581303
 1.5907757218952079
 1.3991467513723621
 0.43536466339879998
 -0.16272196520846155
 -0.70138649497904204
 -1.5742748128544564
 -0.90715275704229548
 -0.49911366156833592
 0.14590334067373942
 0.64819262069187789
 0.96849149417710867
 1.4961933763111284
 0.56026686158099936
 -0.019182950395057383
 -0.94660418569563576
 -0.94802428457192678
 -1.5331609153836951
 -0.98960994706451333
 -0.084677526592261687
 0.85117706439314356
 1.4762025206449945
 1.5621547671285392
 0.67352883541892117
 0.1247546135053899
 -0.46957695504264702
 -1.4278887287596094
 -0.98939008741680945
 -1.1600776873516347
 -0.31349911542499787
 0.40472606164912256
 0.85759296924080952
 1.5956604958378098
 0.77279742987957578
 0.42576039812640087
 -0.54043242017331783
 -0.81829530004591811
 -1.5999981156830194
 -1.3064434050785365
 -0.53580737947358381
 0.43049245230356209
 1.2395869245187088
 1.5960144402412222
 1.3696163510044093
 0.40191732837529215
 -0.19894598283625273
 -0.72715906615685566
 -1.583730187874117
 -0.8910413592107852
 -0.46686474663636957
 0.20447920255344562
 1.0812711747469574
 1.5632092467140242
 1.4743013714749824
 0.52938408740299536
 -0.089581373926153132
 -0.99346435156367885
 -1.5345583423934848
 -0.94704312407739244
 -0.94264031857191455
 -0.016113969322028313
 0.90049070340389226
 1.4979264829849168
 1.5483559908066828
 0.64585224921887574
 0.14101198650177535
 -0.8028337690747156
 -1.4535041840370972
 -1.5733902689753034
 -1.1187125453216173
 -0.15969265296119067
 0.70100144429140743
 0.87595154858681679
 1.590241634363269
 0.74890204634163549
 0.23042228230537098
 -0.59552334020536735
 -0.83890731960218134
 -0.99926402882828158
 -0.79471385035233399
 -0.29995352783086127
 0.3043425181213476
 1.2760001412419637
 1.5990880770408948
 0.83639249410950756
 0.36792477034572635
 -0.37584019083871389
 -1.2031123295789876
 -1.591037145612771
 -0.87372121466920871
 -0.43398250394614873
 0.26277767712582006
 1.1239673524482932
 1.5747115232512838
 1.4504093955780257
 0.49778317453547566
 -0.14834850514954179
 -1.0389768282878857
 -0.96887257281824157
 -0.93457595984954878
 -0.55899496658575176
 0.020717374963544161
 0.9485827771484161
 0.94851151593640592
 1.5324567842516537
 0.98767924615859148
 0.082225300863896456
 -0.53328457614273284
 -1.4771478807846801
 -0.97601375467033502
 -1.0758298080703701
 -0.19717076303546693
 0.47093140178253623
 0.89312185138248557
 1.5826655224717059
 0.72399073590500151
 0.19443173525695573
 -0.40612900000404117
 -1.373410104234061
 -1.595477885806406
 -1.2349159990320133
 -0.26462053999945312
 0.54274303384716516
 0.81917649590739106
 1.5999924627365161
 0.81564015632847064
 0.53349296334150065
 -0.27053560075472688
 -1.2411380651270638
 -1.5961857737795515
 -1.3683453106370818
 -0.40051154007206008
 0.32071967929718814
 1.1651388064929256
 1.5840776168231268
 0.89034366212641014
 0.7448111861732909
 -0.12932149590627612
 -1.0830798756853361
 -1.563730964159789
 -0.92084099182663481
 -0.52808142658504087
 0.057520614988220711
 0.62211752879892024
 1.5352516349797323
 1.5144787156133672
 0.94065505223745149
 0.01457942004615246
 -0.56407461669631687
 -1.4987877450246943
 -1.5477353196538839
 -0.64467978024642647
 -0.086603630204167628
 0.80495689037258333
 0.90908058516580226
 0.98308902348526839
 0.69809729213516714
 0.25308388935089982
 -0.43950497600899546
 -0.87669086913002936
 -0.99373060737929897
 -1.1966146058900076
 -0.22892857982199954
 0.3736261111647376
 0.8397416454761244
 1.5987263704790462
 1.2700501723592557
 0.29848911345229245
 -0.30580408578331203
 -0.79842508030580706
 -1.5991690879766041
 -0.83555027623656908
 -0.58639561635395432
 0.23639162971772915
 1.2047296855344527
 1.5912948218074441
 0.87297365177105024
 0.69215891566839305
 -0.26519959097254148
 -0.70357104096355216
 -1.5751445245785289
 -1.4493709635995575
 -0.49645151502600482
 0.15079332020582373
 0.65052688516667745
 1.5508021910089118
 1.4944461731327223
 0.89235480789739141
 -0.022251750734397037
 -0.95055913431292172
 -0.94899651318043343
 -0.9573431522354271
 -0.61609138679793818
 -0.049858050913958639
 0.53458223094328505
 0.9238061010348807
 0.97567848098621912
 0.67125684091562299
 0.19473368004700509
 -0.75565558286782664
 -0.89381114363436787
 -0.98893948579507385
 -0.72293121193018939
 -0.30868170465518641
 0.40753098176423302
 1.3746682227578331
 0.99705719862025732
 1.2333532015402291
 0.26314020788366393
 -0.34065773071631095
 -1.3120892196538265
 -1.5999830411738043
 -1.303602021323383
 -0.53117729062208363
 0.27201278160118081
 0.77667892647719483
 1.5963533476679337
 0.85441940454648735
 0.39910480840544516
 -0.20195314414651017
 -0.72926272673208903
 -0.99026332165106024
 -0.88964386792993688
 -0.7426370234029136
 0.20934909698122281
 0.67805376596341482
 1.5642489983995427
 0.92024145753600073
 0.52677752192607508
 -0.094484377261987329
 -0.62331837253726197
 -0.95996331965004555
 -1.513684865505448
 -0.93866757028764702
 -0.020871738287967782
 0.90454594423356471
 1.4996454768254734
 0.96694437685696777
 0.64350579279766673
 0.085074564858861945
 -0.50442382229876837
 -1.4555502625015035
 -0.98280681329679409
 -1.1151961586377703
 -0.25065893785105681
 0.7054128226039994
 0.87742812471887766
 1.5896925642435753
 1.1949831191318572
 0.36389494099378439
 -0.37504925466358852
 -0.84057399342575734
 -0.99914158074923987
 -1.2685551926833805
 -0.29702399601359247
 0.49162389304877907
 1.2789571067647321
 1.5992463322354782
 0.83470609031165577
 0.36506888685045302
 -0.38061213338449551
 -1.2063442038741483
 -0.9947179686701888
 -1.3955584522784645
 -0.43121512169653153
 0.16726305010571701
 0.70466082945833652
 1.57557381581631
 0.90520569861137001
 0.49511868617650917
 -0.15323778008408839
 -1.0427067526477527
 -1.5514046127550147
 -0.9334795565583065
 -0.89031556740843354
 0.023786074093560219
 0.59533328283375719
 0.94947927516166009
 1.5310376950257969
 0.98381086977188703
 0.048325171352531254
 -0.85740580254536991
 -0.92439260064993811
 -1.5605454547083062
 -0.67011847071143504
 -0.19229613838359078
 0.47363696438454206
 1.4311973289709796
 1.5819371051215989
 1.1549919762654868
 0.30627190583154379
 -0.65429120580400246
 -1.3759231033932733
 -1.5951013922347976
 -0.76986718688310551
 -0.26165925596843598
 0.34210026289422391
 1.3134929553658312
 1.5999698510170761
 1.3021767220219322
 0.52886036676970249
 -0.27348932174976931
 -1.2442315725813804
 -1.5965171615116658
 -1.365793563917693
 -0.39769713668888385
 0.20345601305261818
 0.73031198170342548
 0.99047580032517601
 0.88894197826965471
 0.74046111142811433
 -0.21178330741235341
 -1.0866896200611411
 -1.5647633482131091
 -1.471423609139386
 -0.84075580239573522
 0.09693554799469864
 0.99922839698217869
 0.96039210634377858
 0.94555465629369806
 0.58542367337733436
 0.018416355340855305
 -0.90657037118891926
