# Created by Octave 8.4.0, Thu Dec 11 09:16:06 2025 IST <gamana@Samsung>
# name: iq
# type: matrix
# rows: 2048
# columns: 1
 1
 1.3078594828396464
 0.53812053356698397
 -0.26757933088703667
 -0.7737705401199878
 -0.99739959216031482
 -0.85680260336409153
 -0.40332217000396425
 0.19744169751515539
 0.72610466550790553
 0.98961189288312468
 0.89173695753970295
 0.46822140226296938
 -0.20204353002732162
 -0.67466245436658678
 -0.97667740455693652
 -1.4752536834634684
 -0.84909680209866956
 0.054455970544694823
 0.99153831704690321
 0.95866339707144232
 0.94753482023462876
 0.59038960288433207
 0.017648480643128749
 -0.56153743692579727
 -1.497061692734752
 -1.5489730149676237
 -1.0352371151254043
 -0.089661145336106474
 0.50044297299076146
 0.9077975051441477
 0.98364649651042202
 1.1204667882156645
 0.25793199830174945
 -0.69879327583226603
 -1.4003362637290069
 -1.5905105512705131
 -0.74991820004097443
 -0.23191544205296488
 0.59324349985372127
 0.83807101776911563
 0.99932172244443662
 1.2730311537826249
 0.48226757712003088
 -0.48460837377945815
 -1.2745171485087401
 -0.9993770622619782
 -0.8372327419467338
 -0.36935141386161252
 0.37345288887648859
 1.2014921398173009
 0.99423482618450487
 1.3991467513723621
 0.69658346143808003
 -0.26035514433353851
 -1.1222183919664672
 -0.98392175803403514
 -0.90715275704229548
 -0.79858185850933749
 0.14590334067373942
 0.64819262069187789
 1.549586390683374
 1.4961933763111284
 0.56026686158099936
 -0.019182950395057383
 -0.94660418569563576
 -0.94802428457192678
 -1.5331609153836951
 -0.61850621691532082
 -0.052923454120163547
 0.53198566524571467
 0.92262657540312143
 1.5621547671285392
 1.0776461366702739
 0.19960738160862385
 -0.75132312806823531
 -1.4278887287596094
 -1.5830241398668952
 -1.1600776873516347
 -0.19593694714062365
 0.40472606164912256
 1.3721487507852954
 0.99728780989863108
 1.2364758878073214
 0.42576039812640087
 -0.3377702626083236
 -0.81829530004591811
 -0.99999882230188708
 -1.3064434050785365
 -0.53580737947358381
 0.2690577826897263
 0.77474182782419287
 1.5960144402412222
 0.85601021937775568
 0.64306772540046753
 -0.31831357253800441
 -0.72715906615685566
 -1.583730187874117
 -0.8910413592107852
 -0.7469835946181913
 0.20447920255344562
 0.6757944842168484
 0.97700577919626508
 0.92143835717186395
 0.84701453984479258
 -0.055988358703845706
 -0.99346435156367885
 -0.95909896399592787
 -1.5152689985238279
 -0.94264031857191455
 -0.016113969322028313
 0.56280668962743263
 1.4979264829849168
 1.5483559908066828
 0.64585224921887574
 0.088132491563609597
 -0.8028337690747156
 -1.4535041840370972
 -1.5733902689753034
 -0.69919534082601087
 -0.25550824473790507
 0.43812590268212964
 1.401522477738907
 0.99390102147704307
 1.1982432741466169
 0.23042228230537098
 -0.59552334020536735
 -0.83890731960218134
 -0.99926402882828158
 -0.79471385035233399
 -0.47992564452937803
 0.48694802899415618
 0.79750008827622731
 1.5990880770408948
 0.83639249410950756
 0.36792477034572635
 -0.37584019083871389
 -0.7519452059868672
 -1.591037145612771
 -1.397953943470734
 -0.694372006313838
 0.26277767712582006
 0.70247959528018322
 1.5747115232512838
 0.906505872236266
 0.79645307925676112
 -0.14834850514954179
 -0.64936051767992853
 -1.5501961165091867
 -1.4953215357592782
 -0.55899496658575176
 0.033147799941670657
 0.59286423571776004
 1.5176184254982497
 1.5324567842516537
 0.61729952884911965
 0.082225300863896456
 -0.8532553218283726
 -0.92321742549042496
 -0.97601375467033502
 -0.67239363004398134
 -0.19717076303546693
 0.47093140178253623
 1.4289949622119771
 1.5826655224717059
 1.1583851774480025
 0.3110907764111292
 -0.40612900000404117
 -0.85838131514628802
 -0.99717367862900375
 -0.77182249939500824
 -0.26462053999945312
 0.54274303384716516
 1.3106823934518257
 0.99999528921032244
 0.81564015632847064
 0.3334331020884379
 -0.43285696120756301
 -0.7757112907044148
 -1.5961857737795515
 -1.3683453106370818
 -0.64081846411529619
 0.32071967929718814
 1.1651388064929256
 0.99004851051445419
 1.4245498594022563
 0.46550699135830681
 -0.12932149590627612
 -0.67692492230333512
 -0.97733185259986799
 -0.92084099182663481
 -0.52808142658504087
 0.092032983981153144
 0.62211752879892024
 1.5352516349797323
 1.5144787156133672
 0.58790940764840716
 0.023327072073843935
 -0.90251938671410703
 -0.93674234064043382
 -1.5477353196538839
 -1.0314876483942823
 -0.086603630204167628
 0.50309805648286454
 1.4545289362652838
 1.5729424375764296
 1.1169556674162675
 0.15817743084431238
 -0.43950497600899546
 -1.4027053906080471
 -1.5899689718068784
 -1.1966146058900076
 -0.36628572771519929
 0.3736261111647376
 0.8397416454761244
 1.5987263704790462
 0.79378135772453473
 0.47758258152366795
 -0.48928653725329929
 -0.79842508030580706
 -1.5991690879766041
 -1.3368804419785105
 -0.58639561635395432
 0.23639162971772915
 1.2047296855344527
 1.5912948218074441
 1.3967578428336804
 0.43259932229274561
 -0.26519959097254148
 -1.1257136655416835
 -0.98446532786158059
 -0.90585685224972345
 -0.49645151502600482
 0.094245825128639826
 0.65052688516667745
 0.96925136938056977
 0.93402885820795134
 0.89235480789739141
 -0.022251750734397037
 -0.59409945894557603
 -1.5183944210886935
 -0.9573431522354271
 -0.98574621887670111
 -0.079772881462333828
 0.85533156950925615
 0.9238061010348807
 0.97567848098621912
 1.0740109454649969
 0.19473368004700509
 -0.47228473929239162
 -0.89381114363436787
 -0.98893948579507385
 -1.156689939088303
 -0.19292606540949148
 0.40753098176423302
 0.85916763922364559
 1.5952915177924119
 1.2333532015402291
 0.26314020788366393
 -0.34065773071631095
 -0.82005576228364152
 -1.5999830411738043
 -0.81475126332711434
 -0.33198580663880228
 0.27201278160118081
 0.77667892647719483
 0.9977208422924585
 1.3670710472743799
 0.63856769344871234
 -0.32312503063441628
 -1.1668203627713425
 -1.5844213146416966
 -1.4234301886878991
 -0.464148139626821
 0.13084318561326425
 1.0848860255414638
 0.97765562399971406
 1.4723863320576012
 0.84284403508172012
 -0.094484377261987329
 -0.99730939605961921
 -1.5359413114400731
 -0.94605304094090492
 -0.58666723142977939
 -0.013044836429979863
 0.5653412151459779
 1.4996454768254734
 0.96694437685696777
 0.64350579279766673
 0.085074564858861945
 -0.50442382229876837
 -1.4555502625015035
 -0.98280681329679409
 -1.1151961586377703
 -0.15666183615691048
 0.44088301412749958
 0.87742812471887766
 0.99355785265223451
 0.74686444945741071
 0.22743433812111521
 -0.60007880746174169
 -1.3449183894812118
 -0.99914158074923987
 -1.2685551926833805
 -0.29702399601359247
 0.49162389304877907
 1.2789571067647321
 1.5992463322354782
 0.83470609031165577
 0.5841102189607249
 -0.38061213338449551
 -1.2063442038741483
 -1.5915487498723022
 -0.87222403267404025
 -0.68994419471445045
 0.26762088016914726
 0.70466082945833652
 0.98473363488519361
 1.4483291177781921
 0.49511868617650917
 -0.095773612552555232
 -0.65169172040484546
 -0.96962788297188418
 -0.9334795565583065
 -0.89031556740843354
 0.038057718549696355
 0.95253325253401155
 1.5191668402586562
 0.956898559391123
 0.61488179360742934
 0.077320274164050018
 -0.53587862659085617
 -1.479028161039901
 -0.97534090919269134
 -1.0721895531382961
 -0.19229613838359078
 0.75781914301526732
 0.89449833060686224
 0.98871069070099926
 0.72186998516592915
 0.30627190583154379
 -0.40893200362750154
 -0.85995193962079575
 -0.99693837014674846
 -0.76986718688310551
 -0.41865480954949758
 0.54736042063075829
 0.82093309710364448
 0.99998115688567257
 1.3021767220219322
 0.33053772923106406
 -0.43758291479963091
 -0.77764473286336266
 -1.5965171615116658
 -1.365793563917693
 -0.39769713668888385
 0.20345601305261818
 0.73031198170342548
 0.99047580032517601
 0.88894197826965471
 0.74046111142811433
 -0.13236456713272088
 -1.0866896200611411
 -1.5647633482131091
 -0.9196397557121162
 -0.52547237649733447
 0.09693554799469864
 0.99922839698217869
 1.5366273701500459
 1.512887450069917
 0.93667787740373498
 0.018416355340855305
