# Created by Octave 8.4.0, Thu Dec 11 09:16:06 2025 IST <gamana@Samsung>
# name: iq
# type: matrix
# rows: 2048
# columns: 1
 1
 0.81741217677477895
 0.53812053356698397
 -0.42812692941925867
 -1.2380328641919807
 -1.5958393474565038
 -1.3708841653825465
 -0.64531547200634287
 0.19744169751515539
 1.1617674648126488
 0.98961189288312468
 1.4267791320635248
 0.46822140226296938
 -0.126277206267076
 -0.67466245436658678
 -1.5626838472910984
 -1.4752536834634684
 -0.84909680209866956
 0.087129552871511723
 0.99153831704690321
 1.5338614353143079
 1.5160557123754062
 0.59038960288433207
 0.028237569029006
 -0.89845989908127566
 -0.93566355795921996
 -1.5489730149676237
 -0.64702319695337762
 -0.14345783253777036
 0.80070875678521836
 1.4524760082306365
 0.98364649651042202
 1.1204667882156645
 0.25793199830174945
 -0.43674579739516622
 -0.8752101648306293
 -0.99406909454407066
 -0.74991820004097443
 -0.23191544205296488
 0.37077718740857579
 1.3409136284305851
 1.5989147559110988
 1.2730311537826249
 0.48226757712003088
 -0.48460837377945815
 -1.2745171485087401
 -0.9993770622619782
 -0.8372327419467338
 -0.36935141386161252
 0.23340805554780536
 0.75093258738581303
 0.99423482618450487
 1.3991467513723621
 0.43536466339879998
 -0.16272196520846155
 -0.70138649497904204
 -0.98392175803403514
 -1.4514444112676728
 -0.49911366156833592
 0.091189587921087126
 0.64819262069187789
 0.96849149417710867
 1.4961933763111284
 0.89642697852959907
 -0.019182950395057383
 -0.94660418569563576
 -0.94802428457192678
 -0.95822557211480941
 -0.98960994706451333
 -0.084677526592261687
 0.53198566524571467
 0.92262657540312143
 0.97634672945533696
 1.0776461366702739
 0.19960738160862385
 -0.75132312806823531
 -0.89243045547475575
 -0.98939008741680945
 -0.72504855459477169
 -0.31349911542499787
 0.64756169863859614
 1.3721487507852954
 0.99728780989863108
 0.77279742987957578
 0.26610024882900052
 -0.54043242017331783
 -0.81829530004591811
 -1.5999981156830194
 -1.3064434050785365
 -0.33487961217098988
 0.43049245230356209
 1.2395869245187088
 0.99750902515076378
 0.85601021937775568
 0.64306772540046753
 -0.31831357253800441
 -0.72715906615685566
 -0.98983136742132305
 -1.4256661747372563
 -0.7469835946181913
 0.1277995015959035
 0.6757944842168484
 1.5632092467140242
 1.4743013714749824
 0.52938408740299536
 -0.055988358703845706
 -0.62091521972729924
 -1.5345583423934848
 -1.5152689985238279
 -0.58915019910744659
 -0.025782350915245302
 0.90049070340389226
 0.93620405186557298
 1.5483559908066828
 1.0333635987502012
 0.14101198650177535
 -0.8028337690747156
 -0.90844011502318567
 -0.98336891810956462
 -1.1187125453216173
 -0.15969265296119067
 0.43812590268212964
 1.401522477738907
 0.99390102147704307
 0.74890204634163549
 0.36867565168859362
 -0.59552334020536735
 -0.83890731960218134
 -0.99926402882828158
 -0.79471385035233399
 -0.47992564452937803
 0.3043425181213476
 1.2760001412419637
 1.5990880770408948
 0.83639249410950756
 0.58867963255316214
 -0.37584019083871389
 -0.7519452059868672
 -1.591037145612771
 -1.397953943470734
 -0.43398250394614873
 0.16423604820363752
 0.70247959528018322
 1.5747115232512838
 0.906505872236266
 0.79645307925676112
 -0.14834850514954179
 -0.64936051767992853
 -1.5501961165091867
 -1.4953215357592782
 -0.55899496658575176
 0.033147799941670657
 0.9485827771484161
 0.94851151593640592
 0.95778549015728354
 0.61729952884911965
 0.051390813039935278
 -0.53328457614273284
 -0.92321742549042496
 -0.97601375467033502
 -0.67239363004398134
 -0.12323172689716683
 0.75349024285205801
 1.4289949622119771
 0.98916595154481612
 1.1583851774480025
 0.19443173525695573
 -0.64980640000646595
 -1.373410104234061
 -1.595477885806406
 -0.77182249939500824
 -0.26462053999945312
 0.33921439615447818
 0.81917649590739106
 0.99999528921032244
 1.3050242501255531
 0.53349296334150065
 -0.27053560075472688
 -1.2411380651270638
 -0.99761610861221961
 -1.3683453106370818
 -0.64081846411529619
 0.32071967929718814
 1.1651388064929256
 0.99004851051445419
 0.89034366212641014
 0.7448111861732909
 -0.12932149590627612
 -1.0830798756853361
 -0.97733185259986799
 -0.92084099182663481
 -0.84493028253606539
 0.057520614988220711
 0.62211752879892024
 0.95953227186233259
 0.9465491972583544
 0.94065505223745149
 0.01457942004615246
 -0.56407461669631687
 -0.93674234064043382
 -0.96733457478367735
 -0.64467978024642647
 -0.086603630204167628
 0.50309805648286454
 1.4545289362652838
 0.98308902348526839
 0.69809729213516714
 0.15817743084431238
 -0.43950497600899546
 -0.87669086913002936
 -1.5899689718068784
 -1.1966146058900076
 -0.36628572771519929
 0.3736261111647376
 0.8397416454761244
 0.99920398154940382
 1.2700501723592557
 0.47758258152366795
 -0.48928653725329929
 -1.2774801284892914
 -1.5991690879766041
 -1.3368804419785105
 -0.36649726022122142
 0.37822660754836668
 1.2047296855344527
 0.99455926362965252
 0.87297365177105024
 0.43259932229274561
 -0.26519959097254148
 -0.70357104096355216
 -0.98446532786158059
 -1.4493709635995575
 -0.7943224240416078
 0.15079332020582373
 1.040843016266684
 1.5508021910089118
 1.4944461731327223
 0.89235480789739141
 -0.03560280117503526
 -0.95055913431292172
 -0.94899651318043343
 -1.5317490435766834
 -0.98574621887670111
 -0.049858050913958639
 0.53458223094328505
 0.9238061010348807
 0.97567848098621912
 0.67125684091562299
 0.12170855002937817
 -0.75565558286782664
 -1.4300978298149887
 -1.5823031772721183
 -0.72293121193018939
 -0.30868170465518641
 0.40753098176423302
 1.3746682227578331
 0.99705719862025732
 1.2333532015402291
 0.26314020788366393
 -0.34065773071631095
 -0.82005576228364152
 -1.5999830411738043
 -0.81475126332711434
 -0.53117729062208363
 0.27201278160118081
 0.77667892647719483
 0.9977208422924585
 1.3670710472743799
 0.63856769344871234
 -0.20195314414651017
 -1.1668203627713425
 -1.5844213146416966
 -1.4234301886878991
 -0.464148139626821
 0.13084318561326425
 1.0848860255414638
 1.5642489983995427
 0.92024145753600073
 0.84284403508172012
 -0.094484377261987329
 -0.99730939605961921
 -0.95996331965004555
 -1.513684865505448
 -0.58666723142977939
 -0.020871738287967782
 0.5653412151459779
 1.4996454768254734
 1.5471110029711486
 0.64350579279766673
 0.085074564858861945
 -0.50442382229876837
 -1.4555502625015035
 -0.98280681329679409
 -0.69699759914860648
 -0.15666183615691048
 0.44088301412749958
 0.87742812471887766
 1.5896925642435753
 0.74686444945741071
 0.22743433812111521
 -0.37504925466358852
 -1.3449183894812118
 -1.5986265291987838
 -0.79284699542711268
 -0.29702399601359247
 0.30726493315548692
 0.79934819172795746
 0.99952895764717375
 1.3355297444986494
 0.5841102189607249
 -0.38061213338449551
 -0.75396512742134258
 -1.5915487498723022
 -1.3955584522784645
 -0.68994419471445045
 0.26762088016914726
 1.1274573271333386
 1.57557381581631
 1.4483291177781921
 0.49511868617650917
 -0.095773612552555232
 -0.65169172040484546
 -0.96962788297188418
 -1.4935672904932904
 -0.89031556740843354
 0.023786074093560219
 0.95253325253401155
 1.5191668402586562
 1.5310376950257969
 0.98381086977188703
 0.048325171352531254
 -0.85740580254536991
 -1.479028161039901
 -1.5605454547083062
 -0.67011847071143504
 -0.12018508648974423
 0.47363696438454206
 0.89449833060686224
 1.5819371051215989
 1.1549919762654868
 0.19141994114471486
 -0.65429120580400246
 -0.85995193962079575
 -0.99693837014674846
 -0.76986718688310551
 -0.41865480954949758
 0.54736042063075829
 0.82093309710364448
 1.5999698510170761
 1.3021767220219322
 0.33053772923106406
 -0.27348932174976931
 -1.2442315725813804
 -1.5965171615116658
 -0.85362097744855803
 -0.39769713668888385
 0.32552962088418913
 1.1684991707254808
 1.5847612805202818
 1.4223071652314476
 0.46278819464257143
 -0.13236456713272088
 -0.67918101253821317
 -0.9779770926331931
 -0.9196397557121162
 -0.84075580239573522
 0.060584717496686646
 0.62451774811386163
 1.5366273701500459
 1.512887450069917
 0.93667787740373498
 0.011510222088034565
