# Created by Octave 8.4.0, Thu Dec 11 09:16:06 2025 IST <gamana@Samsung>
# name: iq
# type: matrix
# rows: 2048
# columns: 1
 1.6000000000000001
 0.81741217677477895
 0.336325333479365
 -0.42812692941925867
 -0.7737705401199878
 -0.99739959216031482
 -1.3708841653825465
 -0.64531547200634287
 0.19744169751515539
 0.72610466550790553
 1.5833790286129996
 1.4267791320635248
 0.46822140226296938
 -0.20204353002732162
 -1.0794599269865388
 -0.97667740455693652
 -0.92203355216466776
 -0.53068550131166847
 0.054455970544694823
 0.99153831704690321
 0.95866339707144232
 0.94753482023462876
 0.59038960288433207
 0.017648480643128749
 -0.56153743692579727
 -1.497061692734752
 -0.96810813435476473
 -1.0352371151254043
 -0.14345783253777036
 0.50044297299076146
 0.9077975051441477
 1.5738343944166753
 0.70029174263479022
 0.1612074989385934
 -0.43674579739516622
 -0.8752101648306293
 -0.99406909454407066
 -1.1998691200655591
 -0.23191544205296488
 0.59324349985372127
 0.83807101776911563
 1.5989147559110988
 0.79564447111414049
 0.48226757712003088
 -0.48460837377945815
 -1.2745171485087401
 -0.9993770622619782
 -1.3395723871147742
 -0.59096226217858006
 0.37345288887648859
 1.2014921398173009
 1.5907757218952079
 0.87446671960772626
 0.43536466339879998
 -0.26035514433353851
 -1.1222183919664672
 -1.5742748128544564
 -1.4514444112676728
 -0.79858185850933749
 0.091189587921087126
 0.64819262069187789
 0.96849149417710867
 0.93512086019445517
 0.56026686158099936
 -0.030692720632091816
 -0.94660418569563576
 -0.94802428457192678
 -0.95822557211480941
 -0.61850621691532082
 -0.052923454120163547
 0.85117706439314356
 0.92262657540312143
 0.97634672945533696
 1.0776461366702739
 0.19960738160862385
 -0.46957695504264702
 -1.4278887287596094
 -0.98939008741680945
 -0.72504855459477169
 -0.31349911542499787
 0.40472606164912256
 1.3721487507852954
 1.5956604958378098
 0.77279742987957578
 0.26610024882900052
 -0.54043242017331783
 -1.309272480073469
 -1.5999981156830194
 -0.81652712817408524
 -0.53580737947358381
 0.43049245230356209
 1.2395869245187088
 0.99750902515076378
 1.3696163510044093
 0.64306772540046753
 -0.31831357253800441
 -0.72715906615685566
 -0.98983136742132305
 -0.8910413592107852
 -0.46686474663636957
 0.1277995015959035
 1.0812711747469574
 0.97700577919626508
 0.92143835717186395
 0.84701453984479258
 -0.089581373926153132
 -0.62091521972729924
 -1.5345583423934848
 -0.94704312407739244
 -0.94264031857191455
 -0.025782350915245302
 0.56280668962743263
 1.4979264829849168
 0.96772249425417678
 0.64585224921887574
 0.088132491563609597
 -0.50177110567169725
 -0.90844011502318567
 -1.5733902689753034
 -1.1187125453216173
 -0.25550824473790507
 0.70100144429140743
 0.87595154858681679
 1.590241634363269
 1.1982432741466169
 0.36867565168859362
 -0.37220208762835455
 -1.3422517113634902
 -0.99926402882828158
 -0.79471385035233399
 -0.47992564452937803
 0.48694802899415618
 0.79750008827622731
 1.5990880770408948
 0.83639249410950756
 0.58867963255316214
 -0.23490011927419616
 -0.7519452059868672
 -1.591037145612771
 -0.87372121466920871
 -0.43398250394614873
 0.16423604820363752
 0.70247959528018322
 0.98419470203205239
 0.906505872236266
 0.49778317453547566
 -0.14834850514954179
 -0.64936051767992853
 -0.96887257281824157
 -1.4953215357592782
 -0.89439194653720289
 0.020717374963544161
 0.9485827771484161
 1.5176184254982497
 0.95778549015728354
 0.98767924615859148
 0.082225300863896456
 -0.8532553218283726
 -1.4771478807846801
 -1.5616220074725362
 -1.0758298080703701
 -0.12323172689716683
 0.75349024285205801
 0.89312185138248557
 1.5826655224717059
 1.1583851774480025
 0.19443173525695573
 -0.64980640000646595
 -1.373410104234061
 -0.99717367862900375
 -0.77182249939500824
 -0.26462053999945312
 0.54274303384716516
 0.81917649590739106
 0.99999528921032244
 0.81564015632847064
 0.3334331020884379
 -0.27053560075472688
 -1.2411380651270638
 -1.5961857737795515
 -1.3683453106370818
 -0.64081846411529619
 0.20044979956074258
 1.1651388064929256
 0.99004851051445419
 0.89034366212641014
 0.46550699135830681
 -0.20691439345004181
 -0.67692492230333512
 -1.563730964159789
 -0.92084099182663481
 -0.52808142658504087
 0.092032983981153144
 0.99538804607827247
 0.95953227186233259
 0.9465491972583544
 0.58790940764840716
 0.01457942004615246
 -0.90251938671410703
 -1.4987877450246943
 -1.5477353196538839
 -1.0314876483942823
 -0.13856580832666821
 0.80495689037258333
 0.90908058516580226
 1.5729424375764296
 0.69809729213516714
 0.25308388935089982
 -0.70320796161439281
 -1.4027053906080471
 -0.99373060737929897
 -0.74788412868125476
 -0.22892857982199954
 0.59780177786358013
 1.3435866327617991
 1.5987263704790462
 1.2700501723592557
 0.29848911345229245
 -0.30580408578331203
 -0.79842508030580706
 -0.99948067998537748
 -1.3368804419785105
 -0.58639561635395432
 0.23639162971772915
 1.2047296855344527
 0.99455926362965252
 1.3967578428336804
 0.43259932229274561
 -0.26519959097254148
 -1.1257136655416835
 -0.98446532786158059
 -1.4493709635995575
 -0.49645151502600482
 0.15079332020582373
 0.65052688516667745
 1.5508021910089118
 1.4944461731327223
 0.55772175493586962
 -0.03560280117503526
 -0.59409945894557603
 -1.5183944210886935
 -0.9573431522354271
 -0.61609138679793818
 -0.079772881462333828
 0.85533156950925615
 0.9238061010348807
 1.5610855695779506
 1.0740109454649969
 0.19473368004700509
 -0.47228473929239162
 -1.4300978298149887
 -0.98893948579507385
 -1.156689939088303
 -0.30868170465518641
 0.40753098176423302
 0.85916763922364559
 0.99705719862025732
 1.2333532015402291
 0.4210243326138623
 -0.54505236914609756
 -1.3120892196538265
 -0.99998940073362763
 -1.303602021323383
 -0.53117729062208363
 0.43522045056188929
 0.77667892647719483
 0.9977208422924585
 1.3670710472743799
 0.63856769344871234
 -0.20195314414651017
 -0.72926272673208903
 -0.99026332165106024
 -1.4234301886878991
 -0.7426370234029136
 0.20934909698122281
 0.67805376596341482
 0.97765562399971406
 1.4723863320576012
 0.52677752192607508
 -0.059052735788742081
 -0.62331837253726197
 -0.95996331965004555
 -0.94605304094090492
 -0.93866757028764702
 -0.013044836429979863
 0.90454594423356471
 0.9372784230159209
 1.5471110029711486
 1.0296092684762668
 0.13611930377417911
 -0.80707811567802945
 -0.90971891406343963
 -1.5724909012748707
 -0.69699759914860648
 -0.15666183615691048
 0.7054128226039994
 1.4038849995502043
 0.99355785265223451
 0.74686444945741071
 0.36389494099378439
 -0.60007880746174169
 -0.84057399342575734
 -0.99914158074923987
 -1.2685551926833805
 -0.29702399601359247
 0.49162389304877907
 0.79934819172795746
 1.5992463322354782
 1.3355297444986494
 0.36506888685045302
 -0.38061213338449551
 -0.75396512742134258
 -1.5915487498723022
 -0.87222403267404025
 -0.43121512169653153
 0.26762088016914726
 1.1274573271333386
 0.98473363488519361
 0.90520569861137001
 0.49511868617650917
 -0.095773612552555232
 -1.0427067526477527
 -0.96962788297188418
 -1.4935672904932904
 -0.55644722963027093
 0.038057718549696355
 0.59533328283375719
 1.5191668402586562
 1.5310376950257969
 0.98381086977188703
 0.048325171352531254
 -0.85740580254536991
 -0.92439260064993811
 -0.97534090919269134
 -0.67011847071143504
 -0.12018508648974423
 0.47363696438454206
 1.4311973289709796
 1.5819371051215989
 1.1549919762654868
 0.30627190583154379
 -0.65429120580400246
 -1.3759231033932733
 -0.99693837014674846
 -0.76986718688310551
 -0.26165925596843598
 0.54736042063075829
 1.3134929553658312
 1.5999698510170761
 1.3021767220219322
 0.52886036676970249
 -0.43758291479963091
 -1.2442315725813804
 -0.997823225944791
 -1.365793563917693
 -0.39769713668888385
 0.32552962088418913
 0.73031198170342548
 0.99047580032517601
 1.4223071652314476
 0.46278819464257143
 -0.21178330741235341
 -1.0866896200611411
 -0.9779770926331931
 -1.471423609139386
 -0.52547237649733447
 0.09693554799469864
 0.62451774811386163
 1.5366273701500459
 0.94555465629369806
 0.93667787740373498
