# Created by Octave 8.4.0, Thu Dec 11 09:16:06 2025 IST <gamana@Samsung>
# name: iq
# type: matrix
# rows: 2048
# columns: 1
 1
 0.81741217677477895
 0.53812053356698397
 -0.42812692941925867
 -0.7737705401199878
 -0.99739959216031482
 -1.3708841653825465
 -0.64531547200634287
 0.31590671602424863
 0.72610466550790553
 1.5833790286129996
 1.4267791320635248
 0.749154243620751
 -0.126277206267076
 -0.67466245436658678
 -0.97667740455693652
 -1.4752536834634684
 -0.84909680209866956
 0.087129552871511723
 0.61971144815431445
 0.95866339707144232
 0.94753482023462876
 0.59038960288433207
 0.028237569029006
 -0.56153743692579727
 -1.497061692734752
 -0.96810813435476473
 -0.64702319695337762
 -0.089661145336106474
 0.50044297299076146
 0.9077975051441477
 1.5738343944166753
 0.70029174263479022
 0.1612074989385934
 -0.43674579739516622
 -0.8752101648306293
 -1.5905105512705131
 -1.1998691200655591
 -0.23191544205296488
 0.37077718740857579
 1.3409136284305851
 0.99932172244443662
 1.2730311537826249
 0.30141723570001927
 -0.48460837377945815
 -1.2745171485087401
 -0.9993770622619782
 -1.3395723871147742
 -0.36935141386161252
 0.23340805554780536
 1.2014921398173009
 1.5907757218952079
 0.87446671960772626
 0.69658346143808003
 -0.26035514433353851
 -1.1222183919664672
 -0.98392175803403514
 -1.4514444112676728
 -0.79858185850933749
 0.091189587921087126
 1.0371081931070047
 0.96849149417710867
 1.4961933763111284
 0.89642697852959907
 -0.019182950395057383
 -0.94660418569563576
 -0.94802428457192678
 -1.5331609153836951
 -0.98960994706451333
 -0.084677526592261687
 0.53198566524571467
 0.92262657540312143
 1.5621547671285392
 1.0776461366702739
 0.1247546135053899
 -0.75132312806823531
 -1.4278887287596094
 -0.98939008741680945
 -0.72504855459477169
 -0.19593694714062365
 0.40472606164912256
 1.3721487507852954
 0.99728780989863108
 0.77279742987957578
 0.26610024882900052
 -0.54043242017331783
 -1.309272480073469
 -0.99999882230188708
 -0.81652712817408524
 -0.33487961217098988
 0.43049245230356209
 1.2395869245187088
 1.5960144402412222
 0.85601021937775568
 0.40191732837529215
 -0.31831357253800441
 -1.1634545058509691
 -1.583730187874117
 -0.8910413592107852
 -0.46686474663636957
 0.1277995015959035
 1.0812711747469574
 1.5632092467140242
 0.92143835717186395
 0.84701453984479258
 -0.055988358703845706
 -0.99346435156367885
 -1.5345583423934848
 -0.94704312407739244
 -0.58915019910744659
 -0.016113969322028313
 0.56280668962743263
 0.93620405186557298
 1.5483559908066828
 1.0333635987502012
 0.088132491563609597
 -0.50177110567169725
 -1.4535041840370972
 -1.5733902689753034
 -0.69919534082601087
 -0.25550824473790507
 0.70100144429140743
 1.401522477738907
 0.99390102147704307
 1.1982432741466169
 0.23042228230537098
 -0.59552334020536735
 -0.83890731960218134
 -1.5988224461252507
 -0.79471385035233399
 -0.29995352783086127
 0.48694802899415618
 1.2760001412419637
 0.99943004815055925
 0.83639249410950756
 0.58867963255316214
 -0.23490011927419616
 -1.2031123295789876
 -1.591037145612771
 -1.397953943470734
 -0.43398250394614873
 0.26277767712582006
 1.1239673524482932
 1.5747115232512838
 1.4504093955780257
 0.49778317453547566
 -0.14834850514954179
 -0.64936051767992853
 -0.96887257281824157
 -1.4953215357592782
 -0.55899496658575176
 0.020717374963544161
 0.9485827771484161
 0.94851151593640592
 0.95778549015728354
 0.98767924615859148
 0.051390813039935278
 -0.8532553218283726
 -1.4771478807846801
 -1.5616220074725362
 -0.67239363004398134
 -0.19717076303546693
 0.75349024285205801
 1.4289949622119771
 1.5826655224717059
 1.1583851774480025
 0.3110907764111292
 -0.64980640000646595
 -0.85838131514628802
 -0.99717367862900375
 -0.77182249939500824
 -0.42339286399912501
 0.54274303384716516
 0.81917649590739106
 0.99999528921032244
 0.81564015632847064
 0.3334331020884379
 -0.27053560075472688
 -0.7757112907044148
 -1.5961857737795515
 -1.3683453106370818
 -0.64081846411529619
 0.32071967929718814
 1.1651388064929256
 0.99004851051445419
 0.89034366212641014
 0.46550699135830681
 -0.12932149590627612
 -0.67692492230333512
 -1.563730964159789
 -1.4733455869226157
 -0.52808142658504087
 0.092032983981153144
 0.99538804607827247
 0.95953227186233259
 1.5144787156133672
 0.58790940764840716
 0.01457942004615246
 -0.56407461669631687
 -1.4987877450246943
 -1.5477353196538839
 -0.64467978024642647
 -0.13856580832666821
 0.80495689037258333
 0.90908058516580226
 0.98308902348526839
 1.1169556674162675
 0.15817743084431238
 -0.70320796161439281
 -1.4027053906080471
 -0.99373060737929897
 -0.74788412868125476
 -0.36628572771519929
 0.59780177786358013
 0.8397416454761244
 1.5987263704790462
 0.79378135772453473
 0.29848911345229245
 -0.48928653725329929
 -0.79842508030580706
 -1.5991690879766041
 -0.83555027623656908
 -0.36649726022122142
 0.37822660754836668
 1.2047296855344527
 0.99455926362965252
 0.87297365177105024
 0.43259932229274561
 -0.26519959097254148
 -1.1257136655416835
 -0.98446532786158059
 -1.4493709635995575
 -0.7943224240416078
 0.15079332020582373
 0.65052688516667745
 1.5508021910089118
 1.4944461731327223
 0.89235480789739141
 -0.022251750734397037
 -0.95055913431292172
 -1.5183944210886935
 -0.9573431522354271
 -0.98574621887670111
 -0.079772881462333828
 0.53458223094328505
 0.9238061010348807
 1.5610855695779506
 0.67125684091562299
 0.12170855002937817
 -0.47228473929239162
 -1.4300978298149887
 -0.98893948579507385
 -0.72293121193018939
 -0.19292606540949148
 0.65204957082277293
 0.85916763922364559
 0.99705719862025732
 0.77084575096264307
 0.4210243326138623
 -0.34065773071631095
 -1.3120892196538265
 -0.99998940073362763
 -1.303602021323383
 -0.33198580663880228
 0.27201278160118081
 1.2426862823635119
 0.9977208422924585
 0.85441940454648735
 0.63856769344871234
 -0.32312503063441628
 -0.72926272673208903
 -0.99026332165106024
 -0.88964386792993688
 -0.464148139626821
 0.13084318561326425
 0.67805376596341482
 1.5642489983995427
 0.92024145753600073
 0.52677752192607508
 -0.094484377261987329
 -0.62331837253726197
 -0.95996331965004555
 -0.94605304094090492
 -0.58666723142977939
 -0.013044836429979863
 0.5653412151459779
 1.4996454768254734
 1.5471110029711486
 1.0296092684762668
 0.085074564858861945
 -0.50442382229876837
 -1.4555502625015035
 -0.98280681329679409
 -0.69699759914860648
 -0.15666183615691048
 0.7054128226039994
 1.4038849995502043
 1.5896925642435753
 1.1949831191318572
 0.22743433812111521
 -0.60007880746174169
 -0.84057399342575734
 -0.99914158074923987
 -0.79284699542711268
 -0.47523839362174797
 0.49162389304877907
 0.79934819172795746
 1.5992463322354782
 1.3355297444986494
 0.5841102189607249
 -0.23788258336530968
 -1.2063442038741483
 -1.5915487498723022
 -0.87222403267404025
 -0.68994419471445045
 0.26762088016914726
 1.1274573271333386
 0.98473363488519361
 0.90520569861137001
 0.79218989788241467
 -0.15323778008408839
 -1.0427067526477527
 -1.5514046127550147
 -1.4935672904932904
 -0.55644722963027093
 0.038057718549696355
 0.59533328283375719
 1.5191668402586562
 0.956898559391123
 0.61488179360742934
 0.077320274164050018
 -0.85740580254536991
 -1.479028161039901
 -1.5605454547083062
 -0.67011847071143504
 -0.12018508648974423
 0.75781914301526732
 0.89449833060686224
 1.5819371051215989
 1.1549919762654868
 0.19141994114471486
 -0.40893200362750154
 -0.85995193962079575
 -1.5951013922347976
 -0.76986718688310551
 -0.26165925596843598
 0.34210026289422391
 1.3134929553658312
 0.99998115688567257
 1.3021767220219322
 0.52886036676970249
 -0.43758291479963091
 -0.77764473286336266
 -0.997823225944791
 -0.85362097744855803
 -0.39769713668888385
 0.20345601305261818
 0.73031198170342548
 0.99047580032517601
 0.88894197826965471
 0.74046111142811433
 -0.13236456713272088
 -1.0866896200611411
 -0.9779770926331931
 -1.471423609139386
 -0.52547237649733447
 0.09693554799469864
 0.99922839698217869
 1.5366273701500459
 0.94555465629369806
 0.93667787740373498
 0.018416355340855305
 -0.90657037118891926
