# Created by Octave 8.4.0, Thu Dec 11 09:16:06 2025 IST <gamana@Samsung>
# name: iq
# type: matrix
# rows: 2048
# columns: 1
 1.6000000000000001
 0.81741217677477895
 0.336325333479365
 -0.26757933088703667
 -1.2380328641919807
 -0.99739959216031482
 -0.85680260336409153
 -0.40332217000396425
 0.31590671602424863
 1.1617674648126488
 0.98961189288312468
 1.4267791320635248
 0.749154243620751
 -0.126277206267076
 -1.0794599269865388
 -0.97667740455693652
 -1.4752536834634684
 -0.84909680209866956
 0.087129552871511723
 0.99153831704690321
 0.95866339707144232
 1.5160557123754062
 0.59038960288433207
 0.028237569029006
 -0.56153743692579727
 -0.93566355795921996
 -0.96810813435476473
 -1.0352371151254043
 -0.089661145336106474
 0.80070875678521836
 1.4524760082306365
 0.98364649651042202
 0.70029174263479022
 0.25793199830174945
 -0.69879327583226603
 -1.4003362637290069
 -0.99406909454407066
 -1.1998691200655591
 -0.23191544205296488
 0.59324349985372127
 0.83807101776911563
 0.99932172244443662
 1.2730311537826249
 0.30141723570001927
 -0.30288023361216132
 -1.2745171485087401
 -0.9993770622619782
 -0.8372327419467338
 -0.36935141386161252
 0.37345288887648859
 0.75093258738581303
 1.5907757218952079
 1.3991467513723621
 0.43536466339879998
 -0.26035514433353851
 -0.70138649497904204
 -0.98392175803403514
 -0.90715275704229548
 -0.49911366156833592
 0.14590334067373942
 1.0371081931070047
 1.549586390683374
 0.93512086019445517
 0.89642697852959907
 -0.019182950395057383
 -0.94660418569563576
 -0.94802428457192678
 -1.5331609153836951
 -0.98960994706451333
 -0.052923454120163547
 0.85117706439314356
 1.4762025206449945
 0.97634672945533696
 0.67352883541892117
 0.1247546135053899
 -0.46957695504264702
 -0.89243045547475575
 -0.98939008741680945
 -1.1600776873516347
 -0.19593694714062365
 0.40472606164912256
 0.85759296924080952
 1.5956604958378098
 0.77279742987957578
 0.26610024882900052
 -0.54043242017331783
 -1.309272480073469
 -1.5999981156830194
 -0.81652712817408524
 -0.53580737947358381
 0.43049245230356209
 1.2395869245187088
 1.5960144402412222
 1.3696163510044093
 0.64306772540046753
 -0.19894598283625273
 -1.1634545058509691
 -1.583730187874117
 -0.8910413592107852
 -0.46686474663636957
 0.1277995015959035
 0.6757944842168484
 0.97700577919626508
 0.92143835717186395
 0.84701453984479258
 -0.089581373926153132
 -0.62091521972729924
 -0.95909896399592787
 -1.5152689985238279
 -0.94264031857191455
 -0.025782350915245302
 0.90049070340389226
 1.4979264829849168
 1.5483559908066828
 0.64585224921887574
 0.14101198650177535
 -0.8028337690747156
 -1.4535041840370972
 -1.5733902689753034
 -1.1187125453216173
 -0.15969265296119067
 0.70100144429140743
 0.87595154858681679
 1.590241634363269
 1.1982432741466169
 0.36867565168859362
 -0.59552334020536735
 -0.83890731960218134
 -1.5988224461252507
 -0.79471385035233399
 -0.47992564452937803
 0.3043425181213476
 1.2760001412419637
 0.99943004815055925
 0.83639249410950756
 0.58867963255316214
 -0.37584019083871389
 -1.2031123295789876
 -1.591037145612771
 -0.87372121466920871
 -0.43398250394614873
 0.26277767712582006
 1.1239673524482932
 1.5747115232512838
 1.4504093955780257
 0.79645307925676112
 -0.14834850514954179
 -1.0389768282878857
 -0.96887257281824157
 -0.93457595984954878
 -0.55899496658575176
 0.020717374963544161
 0.59286423571776004
 0.94851151593640592
 1.5324567842516537
 0.61729952884911965
 0.051390813039935278
 -0.8532553218283726
 -1.4771478807846801
 -1.5616220074725362
 -0.67239363004398134
 -0.19717076303546693
 0.47093140178253623
 0.89312185138248557
 0.98916595154481612
 0.72399073590500151
 0.3110907764111292
 -0.64980640000646595
 -1.373410104234061
 -1.595477885806406
 -1.2349159990320133
 -0.42339286399912501
 0.54274303384716516
 0.81917649590739106
 0.99999528921032244
 1.3050242501255531
 0.53349296334150065
 -0.27053560075472688
 -0.7757112907044148
 -0.99761610861221961
 -0.85521581914817602
 -0.40051154007206008
 0.32071967929718814
 0.72821175405807848
 0.99004851051445419
 0.89034366212641014
 0.7448111861732909
 -0.12932149590627612
 -1.0830798756853361
 -0.97733185259986799
 -1.4733455869226157
 -0.52808142658504087
 0.092032983981153144
 0.99538804607827247
 0.95953227186233259
 1.5144787156133672
 0.58790940764840716
 0.01457942004615246
 -0.90251938671410703
 -1.4987877450246943
 -1.5477353196538839
 -1.0314876483942823
 -0.13856580832666821
 0.80495689037258333
 0.90908058516580226
 0.98308902348526839
 1.1169556674162675
 0.15817743084431238
 -0.43950497600899546
 -1.4027053906080471
 -1.5899689718068784
 -1.1966146058900076
 -0.36628572771519929
 0.3736261111647376
 0.8397416454761244
 1.5987263704790462
 1.2700501723592557
 0.47758258152366795
 -0.30580408578331203
 -0.79842508030580706
 -1.5991690879766041
 -1.3368804419785105
 -0.58639561635395432
 0.37822660754836668
 1.2047296855344527
 0.99455926362965252
 1.3967578428336804
 0.43259932229274561
 -0.26519959097254148
 -0.70357104096355216
 -1.5751445245785289
 -0.90585685224972345
 -0.7943224240416078
 0.094245825128639826
 0.65052688516667745
 0.96925136938056977
 1.4944461731327223
 0.89235480789739141
 -0.03560280117503526
 -0.59409945894557603
 -0.94899651318043343
 -0.9573431522354271
 -0.98574621887670111
 -0.049858050913958639
 0.53458223094328505
 0.9238061010348807
 0.97567848098621912
 0.67125684091562299
 0.12170855002937817
 -0.75565558286782664
 -0.89381114363436787
 -0.98893948579507385
 -0.72293121193018939
 -0.30868170465518641
 0.65204957082277293
 1.3746682227578331
 0.99705719862025732
 0.77084575096264307
 0.4210243326138623
 -0.54505236914609756
 -1.3120892196538265
 -1.5999830411738043
 -0.81475126332711434
 -0.53117729062208363
 0.27201278160118081
 0.77667892647719483
 0.9977208422924585
 0.85441940454648735
 0.39910480840544516
 -0.20195314414651017
 -1.1668203627713425
 -0.99026332165106024
 -0.88964386792993688
 -0.7426370234029136
 0.13084318561326425
 0.67805376596341482
 0.97765562399971406
 1.4723863320576012
 0.84284403508172012
 -0.094484377261987329
 -0.99730939605961921
 -0.95996331965004555
 -1.513684865505448
 -0.93866757028764702
 -0.013044836429979863
 0.5653412151459779
 1.4996454768254734
 1.5471110029711486
 0.64350579279766673
 0.085074564858861945
 -0.50442382229876837
 -0.90971891406343963
 -1.5724909012748707
 -1.1151961586377703
 -0.15666183615691048
 0.7054128226039994
 1.4038849995502043
 1.5896925642435753
 0.74686444945741071
 0.22743433812111521
 -0.60007880746174169
 -0.84057399342575734
 -0.99914158074923987
 -0.79284699542711268
 -0.47523839362174797
 0.30726493315548692
 1.2789571067647321
 0.99952895764717375
 0.83470609031165577
 0.36506888685045302
 -0.38061213338449551
 -0.75396512742134258
 -1.5915487498723022
 -1.3955584522784645
 -0.43121512169653153
 0.16726305010571701
 1.1274573271333386
 1.57557381581631
 0.90520569861137001
 0.49511868617650917
 -0.15323778008408839
 -0.65169172040484546
 -0.96962788297188418
 -0.9334795565583065
 -0.89031556740843354
 0.023786074093560219
 0.59533328283375719
 0.94947927516166009
 0.956898559391123
 0.98381086977188703
 0.077320274164050018
 -0.85740580254536991
 -1.479028161039901
 -1.5605454547083062
 -0.67011847071143504
 -0.19229613838359078
 0.75781914301526732
 0.89449833060686224
 0.98871069070099926
 1.1549919762654868
 0.19141994114471486
 -0.40893200362750154
 -0.85995193962079575
 -0.99693837014674846
 -0.76986718688310551
 -0.41865480954949758
 0.54736042063075829
 0.82093309710364448
 1.5999698510170761
 0.81386045126370754
 0.52886036676970249
 -0.43758291479963091
 -0.77764473286336266
 -0.997823225944791
 -1.365793563917693
 -0.39769713668888385
 0.32552962088418913
 0.73031198170342548
 0.99047580032517601
 1.4223071652314476
 0.46278819464257143
 -0.13236456713272088
 -1.0866896200611411
 -0.9779770926331931
 -1.471423609139386
 -0.84075580239573522
 0.060584717496686646
 0.99922839698217869
 1.5366273701500459
 1.512887450069917
 0.93667787740373498
 0.011510222088034565
