# Created by Octave 8.4.0, Thu Dec 11 09:16:06 2025 IST <gamana@Samsung>
# name: iq
# type: matrix
# rows: 2048
# columns: 1
 1
 1.3078594828396464
 0.53812053356698397
 -0.26757933088703667
 -0.7737705401199878
 -0.99739959216031482
 -1.3708841653825465
 -0.64531547200634287
 0.31590671602424863
 0.72610466550790553
 0.98961189288312468
 1.4267791320635248
 0.46822140226296938
 -0.126277206267076
 -0.67466245436658678
 -1.5626838472910984
 -1.4752536834634684
 -0.84909680209866956
 0.087129552871511723
 0.61971144815431445
 1.5338614353143079
 0.94753482023462876
 0.94462336461493135
 0.017648480643128749
 -0.89845989908127566
 -1.497061692734752
 -1.5489730149676237
 -1.0352371151254043
 -0.14345783253777036
 0.50044297299076146
 0.9077975051441477
 0.98364649651042202
 0.70029174263479022
 0.1612074989385934
 -0.43674579739516622
 -0.8752101648306293
 -1.5905105512705131
 -1.1998691200655591
 -0.23191544205296488
 0.37077718740857579
 1.3409136284305851
 1.5989147559110988
 1.2730311537826249
 0.48226757712003088
 -0.30288023361216132
 -0.79657321781796253
 -1.5990032996191652
 -1.3395723871147742
 -0.59096226217858006
 0.23340805554780536
 0.75093258738581303
 1.5907757218952079
 1.3991467513723621
 0.69658346143808003
 -0.26035514433353851
 -1.1222183919664672
 -1.5742748128544564
 -0.90715275704229548
 -0.79858185850933749
 0.091189587921087126
 1.0371081931070047
 0.96849149417710867
 1.4961933763111284
 0.89642697852959907
 -0.019182950395057383
 -0.59162761605977232
 -0.94802428457192678
 -1.5331609153836951
 -0.98960994706451333
 -0.084677526592261687
 0.85117706439314356
 0.92262657540312143
 1.5621547671285392
 1.0776461366702739
 0.1247546135053899
 -0.75132312806823531
 -1.4278887287596094
 -0.98939008741680945
 -0.72504855459477169
 -0.19593694714062365
 0.64756169863859614
 1.3721487507852954
 1.5956604958378098
 1.2364758878073214
 0.42576039812640087
 -0.54043242017331783
 -0.81829530004591811
 -0.99999882230188708
 -0.81652712817408524
 -0.33487961217098988
 0.2690577826897263
 1.2395869245187088
 1.5960144402412222
 0.85601021937775568
 0.40191732837529215
 -0.19894598283625273
 -0.72715906615685566
 -1.583730187874117
 -0.8910413592107852
 -0.7469835946181913
 0.1277995015959035
 0.6757944842168484
 1.5632092467140242
 0.92143835717186395
 0.52938408740299536
 -0.055988358703845706
 -0.62091521972729924
 -1.5345583423934848
 -0.94704312407739244
 -0.58915019910744659
 -0.025782350915245302
 0.56280668962743263
 0.93620405186557298
 0.96772249425417678
 0.64585224921887574
 0.088132491563609597
 -0.8028337690747156
 -1.4535041840370972
 -0.98336891810956462
 -0.69919534082601087
 -0.15969265296119067
 0.43812590268212964
 0.87595154858681679
 1.590241634363269
 1.1982432741466169
 0.23042228230537098
 -0.37220208762835455
 -0.83890731960218134
 -1.5988224461252507
 -0.79471385035233399
 -0.47992564452937803
 0.48694802899415618
 1.2760001412419637
 1.5990880770408948
 1.3382279905752121
 0.36792477034572635
 -0.37584019083871389
 -0.7519452059868672
 -1.591037145612771
 -1.397953943470734
 -0.694372006313838
 0.26277767712582006
 0.70247959528018322
 1.5747115232512838
 1.4504093955780257
 0.49778317453547566
 -0.14834850514954179
 -0.64936051767992853
 -1.5501961165091867
 -1.4953215357592782
 -0.89439194653720289
 0.020717374963544161
 0.59286423571776004
 0.94851151593640592
 1.5324567842516537
 0.98767924615859148
 0.051390813039935278
 -0.8532553218283726
 -0.92321742549042496
 -0.97601375467033502
 -0.67239363004398134
 -0.19717076303546693
 0.47093140178253623
 1.4289949622119771
 1.5826655224717059
 0.72399073590500151
 0.3110907764111292
 -0.40612900000404117
 -1.373410104234061
 -0.99717367862900375
 -0.77182249939500824
 -0.26462053999945312
 0.54274303384716516
 0.81917649590739106
 0.99999528921032244
 0.81564015632847064
 0.53349296334150065
 -0.27053560075472688
 -1.2411380651270638
 -0.99761610861221961
 -1.3683453106370818
 -0.40051154007206008
 0.20044979956074258
 1.1651388064929256
 0.99004851051445419
 0.89034366212641014
 0.46550699135830681
 -0.12932149590627612
 -0.67692492230333512
 -1.563730964159789
 -0.92084099182663481
 -0.52808142658504087
 0.092032983981153144
 0.99538804607827247
 0.95953227186233259
 1.5144787156133672
 0.94065505223745149
 0.023327072073843935
 -0.90251938671410703
 -1.4987877450246943
 -1.5477353196538839
 -0.64467978024642647
 -0.13856580832666821
 0.80495689037258333
 0.90908058516580226
 0.98308902348526839
 0.69809729213516714
 0.25308388935089982
 -0.70320796161439281
 -0.87669086913002936
 -1.5899689718068784
 -0.74788412868125476
 -0.36628572771519929
 0.59780177786358013
 0.8397416454761244
 0.99920398154940382
 1.2700501723592557
 0.29848911345229245
 -0.30580408578331203
 -1.2774801284892914
 -0.99948067998537748
 -0.83555027623656908
 -0.36649726022122142
 0.37822660754836668
 1.2047296855344527
 1.5912948218074441
 0.87297365177105024
 0.69215891566839305
 -0.1657497443578384
 -1.1257136655416835
 -0.98446532786158059
 -0.90585685224972345
 -0.49645151502600482
 0.15079332020582373
 1.040843016266684
 0.96925136938056977
 1.4944461731327223
 0.55772175493586962
 -0.03560280117503526
 -0.59409945894557603
 -0.94899651318043343
 -0.9573431522354271
 -0.61609138679793818
 -0.049858050913958639
 0.85533156950925615
 1.4780897616558093
 0.97567848098621912
 0.67125684091562299
 0.19473368004700509
 -0.47228473929239162
 -0.89381114363436787
 -0.98893948579507385
 -0.72293121193018939
 -0.30868170465518641
 0.65204957082277293
 1.3746682227578331
 1.5952915177924119
 0.77084575096264307
 0.26314020788366393
 -0.54505236914609756
 -1.3120892196538265
 -0.99998940073362763
 -0.81475126332711434
 -0.33198580663880228
 0.43522045056188929
 1.2426862823635119
 1.5963533476679337
 0.85441940454648735
 0.63856769344871234
 -0.20195314414651017
 -1.1668203627713425
 -1.5844213146416966
 -0.88964386792993688
 -0.464148139626821
 0.20934909698122281
 0.67805376596341482
 0.97765562399971406
 1.4723863320576012
 0.84284403508172012
 -0.059052735788742081
 -0.99730939605961921
 -1.5359413114400731
 -1.513684865505448
 -0.58666723142977939
 -0.020871738287967782
 0.5653412151459779
 0.9372784230159209
 0.96694437685696777
 1.0296092684762668
 0.085074564858861945
 -0.50442382229876837
 -0.90971891406343963
 -0.98280681329679409
 -1.1151961586377703
 -0.25065893785105681
 0.44088301412749958
 0.87742812471887766
 1.5896925642435753
 1.1949831191318572
 0.22743433812111521
 -0.37504925466358852
 -1.3449183894812118
 -0.99914158074923987
 -0.79284699542711268
 -0.29702399601359247
 0.30726493315548692
 0.79934819172795746
 1.5992463322354782
 1.3355297444986494
 0.5841102189607249
 -0.23788258336530968
 -1.2063442038741483
 -1.5915487498723022
 -1.3955584522784645
 -0.68994419471445045
 0.26762088016914726
 1.1274573271333386
 0.98473363488519361
 1.4483291177781921
 0.49511868617650917
 -0.095773612552555232
 -0.65169172040484546
 -0.96962788297188418
 -0.9334795565583065
 -0.89031556740843354
 0.038057718549696355
 0.95253325253401155
 0.94947927516166009
 0.956898559391123
 0.98381086977188703
 0.048325171352531254
 -0.85740580254536991
 -0.92439260064993811
 -1.5605454547083062
 -1.0721895531382961
 -0.19229613838359078
 0.47363696438454206
 1.4311973289709796
 0.98871069070099926
 1.1549919762654868
 0.30627190583154379
 -0.40893200362750154
 -0.85995193962079575
 -1.5951013922347976
 -0.76986718688310551
 -0.41865480954949758
 0.54736042063075829
 0.82093309710364448
 1.5999698510170761
 0.81386045126370754
 0.33053772923106406
 -0.43758291479963091
 -1.2442315725813804
 -0.997823225944791
 -1.365793563917693
 -0.39769713668888385
 0.32552962088418913
 1.1684991707254808
 1.5847612805202818
 0.88894197826965471
 0.74046111142811433
 -0.21178330741235341
 -0.67918101253821317
 -1.5647633482131091
 -0.9196397557121162
 -0.52547237649733447
 0.09693554799469864
 0.62451774811386163
 1.5366273701500459
 0.94555465629369806
 0.58542367337733436
 0.018416355340855305
