# Created by Octave 8.4.0, Thu Dec 11 09:16:06 2025 IST <gamana@Samsung>
# name: iq
# type: matrix
# rows: 2048
# columns: 1
 1.6000000000000001
 1.3078594828396464
 0.336325333479365
 -0.26757933088703667
 -0.7737705401199878
 -1.5958393474565038
 -1.3708841653825465
 -0.64531547200634287
 0.31590671602424863
 1.1617674648126488
 1.5833790286129996
 1.4267791320635248
 0.46822140226296938
 -0.126277206267076
 -0.67466245436658678
 -0.97667740455693652
 -0.92203355216466776
 -0.84909680209866956
 0.087129552871511723
 0.99153831704690321
 0.95866339707144232
 1.5160557123754062
 0.94462336461493135
 0.017648480643128749
 -0.89845989908127566
 -0.93566355795921996
 -1.5489730149676237
 -0.64702319695337762
 -0.14345783253777036
 0.50044297299076146
 0.9077975051441477
 1.5738343944166753
 0.70029174263479022
 0.25793199830174945
 -0.69879327583226603
 -1.4003362637290069
 -0.99406909454407066
 -0.74991820004097443
 -0.23191544205296488
 0.59324349985372127
 1.3409136284305851
 0.99932172244443662
 1.2730311537826249
 0.48226757712003088
 -0.30288023361216132
 -0.79657321781796253
 -0.9993770622619782
 -0.8372327419467338
 -0.59096226217858006
 0.37345288887648859
 0.75093258738581303
 0.99423482618450487
 0.87446671960772626
 0.69658346143808003
 -0.26035514433353851
 -1.1222183919664672
 -1.5742748128544564
 -0.90715275704229548
 -0.49911366156833592
 0.091189587921087126
 0.64819262069187789
 1.549586390683374
 1.4961933763111284
 0.56026686158099936
 -0.030692720632091816
 -0.59162761605977232
 -0.94802428457192678
 -1.5331609153836951
 -0.61850621691532082
 -0.052923454120163547
 0.53198566524571467
 1.4762025206449945
 0.97634672945533696
 1.0776461366702739
 0.1247546135053899
 -0.75132312806823531
 -1.4278887287596094
 -1.5830241398668952
 -1.1600776873516347
 -0.19593694714062365
 0.40472606164912256
 1.3721487507852954
 1.5956604958378098
 1.2364758878073214
 0.42576039812640087
 -0.54043242017331783
 -1.309272480073469
 -1.5999981156830194
 -1.3064434050785365
 -0.33487961217098988
 0.43049245230356209
 0.77474182782419287
 0.99750902515076378
 0.85601021937775568
 0.64306772540046753
 -0.31831357253800441
 -0.72715906615685566
 -0.98983136742132305
 -1.4256661747372563
 -0.46686474663636957
 0.1277995015959035
 0.6757944842168484
 0.97700577919626508
 1.4743013714749824
 0.52938408740299536
 -0.055988358703845706
 -0.99346435156367885
 -1.5345583423934848
 -1.5152689985238279
 -0.94264031857191455
 -0.025782350915245302
 0.56280668962743263
 1.4979264829849168
 1.5483559908066828
 1.0333635987502012
 0.14101198650177535
 -0.8028337690747156
 -0.90844011502318567
 -1.5733902689753034
 -1.1187125453216173
 -0.15969265296119067
 0.43812590268212964
 0.87595154858681679
 1.590241634363269
 0.74890204634163549
 0.36867565168859362
 -0.59552334020536735
 -0.83890731960218134
 -0.99926402882828158
 -1.2715421605637345
 -0.29995352783086127
 0.48694802899415618
 0.79750008827622731
 1.5990880770408948
 1.3382279905752121
 0.36792477034572635
 -0.37584019083871389
 -1.2031123295789876
 -0.99439821600798184
 -1.397953943470734
 -0.43398250394614873
 0.16423604820363752
 0.70247959528018322
 1.5747115232512838
 1.4504093955780257
 0.79645307925676112
 -0.14834850514954179
 -0.64936051767992853
 -0.96887257281824157
 -0.93457595984954878
 -0.89439194653720289
 0.033147799941670657
 0.59286423571776004
 0.94851151593640592
 0.95778549015728354
 0.61729952884911965
 0.051390813039935278
 -0.8532553218283726
 -0.92321742549042496
 -0.97601375467033502
 -1.0758298080703701
 -0.12323172689716683
 0.47093140178253623
 0.89312185138248557
 1.5826655224717059
 0.72399073590500151
 0.3110907764111292
 -0.64980640000646595
 -0.85838131514628802
 -1.595477885806406
 -0.77182249939500824
 -0.26462053999945312
 0.54274303384716516
 1.3106823934518257
 0.99999528921032244
 1.3050242501255531
 0.3334331020884379
 -0.27053560075472688
 -0.7757112907044148
 -0.99761610861221961
 -0.85521581914817602
 -0.64081846411529619
 0.20044979956074258
 1.1651388064929256
 0.99004851051445419
 1.4245498594022563
 0.46550699135830681
 -0.12932149590627612
 -1.0830798756853361
 -1.563730964159789
 -1.4733455869226157
 -0.84493028253606539
 0.057520614988220711
 0.62211752879892024
 0.95953227186233259
 1.5144787156133672
 0.58790940764840716
 0.01457942004615246
 -0.56407461669631687
 -1.4987877450246943
 -1.5477353196538839
 -0.64467978024642647
 -0.13856580832666821
 0.80495689037258333
 1.4545289362652838
 0.98308902348526839
 0.69809729213516714
 0.15817743084431238
 -0.43950497600899546
 -1.4027053906080471
 -0.99373060737929897
 -1.1966146058900076
 -0.36628572771519929
 0.3736261111647376
 0.8397416454761244
 1.5987263704790462
 1.2700501723592557
 0.29848911345229245
 -0.30580408578331203
 -0.79842508030580706
 -0.99948067998537748
 -0.83555027623656908
 -0.58639561635395432
 0.37822660754836668
 1.2047296855344527
 1.5912948218074441
 1.3967578428336804
 0.43259932229274561
 -0.26519959097254148
 -0.70357104096355216
 -0.98446532786158059
 -1.4493709635995575
 -0.49645151502600482
 0.094245825128639826
 1.040843016266684
 0.96925136938056977
 1.4944461731327223
 0.55772175493586962
 -0.022251750734397037
 -0.95055913431292172
 -0.94899651318043343
 -1.5317490435766834
 -0.98574621887670111
 -0.079772881462333828
 0.53458223094328505
 1.4780897616558093
 0.97567848098621912
 0.67125684091562299
 0.19473368004700509
 -0.75565558286782664
 -1.4300978298149887
 -1.5823031772721183
 -1.156689939088303
 -0.30868170465518641
 0.65204957082277293
 1.3746682227578331
 1.5952915177924119
 0.77084575096264307
 0.4210243326138623
 -0.54505236914609756
 -0.82005576228364152
 -0.99998940073362763
 -1.303602021323383
 -0.53117729062208363
 0.43522045056188929
 1.2426862823635119
 0.9977208422924585
 0.85441940454648735
 0.63856769344871234
 -0.32312503063441628
 -0.72926272673208903
 -1.5844213146416966
 -1.4234301886878991
 -0.464148139626821
 0.13084318561326425
 1.0848860255414638
 1.5642489983995427
 0.92024145753600073
 0.52677752192607508
 -0.059052735788742081
 -0.99730939605961921
 -0.95996331965004555
 -0.94605304094090492
 -0.58666723142977939
 -0.013044836429979863
 0.90454594423356471
 1.4996454768254734
 0.96694437685696777
 0.64350579279766673
 0.085074564858861945
 -0.50442382229876837
 -0.90971891406343963
 -1.5724909012748707
 -0.69699759914860648
 -0.15666183615691048
 0.7054128226039994
 1.4038849995502043
 1.5896925642435753
 1.1949831191318572
 0.36389494099378439
 -0.37504925466358852
 -1.3449183894812118
 -0.99914158074923987
 -1.2685551926833805
 -0.47523839362174797
 0.30726493315548692
 1.2789571067647321
 0.99952895764717375
 1.3355297444986494
 0.5841102189607249
 -0.23788258336530968
 -1.2063442038741483
 -0.9947179686701888
 -1.3955584522784645
 -0.68994419471445045
 0.16726305010571701
 0.70466082945833652
 0.98473363488519361
 0.90520569861137001
 0.79218989788241467
 -0.095773612552555232
 -0.65169172040484546
 -0.96962788297188418
 -0.9334795565583065
 -0.55644722963027093
 0.038057718549696355
 0.59533328283375719
 0.94947927516166009
 0.956898559391123
 0.98381086977188703
 0.077320274164050018
 -0.53587862659085617
 -1.479028161039901
 -0.97534090919269134
 -0.67011847071143504
 -0.12018508648974423
 0.75781914301526732
 1.4311973289709796
 0.98871069070099926
 1.1549919762654868
 0.19141994114471486
 -0.40893200362750154
 -1.3759231033932733
 -1.5951013922347976
 -1.2317874990129689
 -0.41865480954949758
 0.34210026289422391
 0.82093309710364448
 0.99998115688567257
 1.3021767220219322
 0.33053772923106406
 -0.27348932174976931
 -1.2442315725813804
 -1.5965171615116658
 -0.85362097744855803
 -0.39769713668888385
 0.32552962088418913
 1.1684991707254808
 1.5847612805202818
 1.4223071652314476
 0.74046111142811433
 -0.21178330741235341
 -0.67918101253821317
 -1.5647633482131091
 -0.9196397557121162
 -0.52547237649733447
 0.09693554799469864
 0.62451774811386163
 0.96039210634377858
 0.94555465629369806
 0.93667787740373498
 0.011510222088034565
