# Created by Octave 8.4.0, Thu Dec 11 09:16:06 2025 IST <gamana@Samsung>
# name: iq
# type: matrix
# rows: 2048
# columns: 1
 1.6000000000000001
 0.81741217677477895
 0.336325333479365
 -0.26757933088703667
 -1.2380328641919807
 -0.99739959216031482
 -1.3708841653825465
 -0.40332217000396425
 0.19744169751515539
 0.72610466550790553
 0.98961189288312468
 0.89173695753970295
 0.749154243620751
 -0.20204353002732162
 -0.67466245436658678
 -0.97667740455693652
 -1.4752536834634684
 -0.84909680209866956
 0.054455970544694823
 0.61971144815431445
 1.5338614353143079
 0.94753482023462876
 0.59038960288433207
 0.017648480643128749
 -0.89845989908127566
 -0.93566355795921996
 -1.5489730149676237
 -0.64702319695337762
 -0.14345783253777036
 0.80070875678521836
 1.4524760082306365
 1.5738343944166753
 0.70029174263479022
 0.25793199830174945
 -0.69879327583226603
 -1.4003362637290069
 -1.5905105512705131
 -1.1998691200655591
 -0.37106470728474383
 0.59324349985372127
 0.83807101776911563
 1.5989147559110988
 1.2730311537826249
 0.30141723570001927
 -0.30288023361216132
 -0.79657321781796253
 -0.9993770622619782
 -1.3395723871147742
 -0.59096226217858006
 0.37345288887648859
 1.2014921398173009
 1.5907757218952079
 0.87446671960772626
 0.43536466339879998
 -0.16272196520846155
 -0.70138649497904204
 -0.98392175803403514
 -1.4514444112676728
 -0.79858185850933749
 0.091189587921087126
 0.64819262069187789
 0.96849149417710867
 1.4961933763111284
 0.56026686158099936
 -0.030692720632091816
 -0.59162761605977232
 -1.5168388553150829
 -1.5331609153836951
 -0.98960994706451333
 -0.052923454120163547
 0.85117706439314356
 1.4762025206449945
 1.5621547671285392
 0.67352883541892117
 0.19960738160862385
 -0.75132312806823531
 -1.4278887287596094
 -0.98939008741680945
 -1.1600776873516347
 -0.31349911542499787
 0.40472606164912256
 0.85759296924080952
 0.99728780989863108
 0.77279742987957578
 0.42576039812640087
 -0.3377702626083236
 -1.309272480073469
 -1.5999981156830194
 -0.81652712817408524
 -0.53580737947358381
 0.2690577826897263
 1.2395869245187088
 0.99750902515076378
 1.3696163510044093
 0.40191732837529215
 -0.19894598283625273
 -1.1634545058509691
 -0.98983136742132305
 -1.4256661747372563
 -0.46686474663636957
 0.20447920255344562
 0.6757944842168484
 1.5632092467140242
 1.4743013714749824
 0.52938408740299536
 -0.089581373926153132
 -0.62091521972729924
 -0.95909896399592787
 -1.5152689985238279
 -0.94264031857191455
 -0.016113969322028313
 0.90049070340389226
 0.93620405186557298
 0.96772249425417678
 0.64585224921887574
 0.088132491563609597
 -0.8028337690747156
 -0.90844011502318567
 -1.5733902689753034
 -0.69919534082601087
 -0.25550824473790507
 0.43812590268212964
 1.401522477738907
 1.590241634363269
 0.74890204634163549
 0.23042228230537098
 -0.59552334020536735
 -0.83890731960218134
 -0.99926402882828158
 -1.2715421605637345
 -0.29995352783086127
 0.48694802899415618
 0.79750008827622731
 0.99943004815055925
 1.3382279905752121
 0.36792477034572635
 -0.23490011927419616
 -0.7519452059868672
 -0.99439821600798184
 -1.397953943470734
 -0.43398250394614873
 0.26277767712582006
 0.70247959528018322
 0.98419470203205239
 1.4504093955780257
 0.79645307925676112
 -0.14834850514954179
 -0.64936051767992853
 -0.96887257281824157
 -1.4953215357592782
 -0.89439194653720289
 0.033147799941670657
 0.59286423571776004
 0.94851151593640592
 0.95778549015728354
 0.98767924615859148
 0.082225300863896456
 -0.53328457614273284
 -1.4771478807846801
 -0.97601375467033502
 -1.0758298080703701
 -0.12323172689716683
 0.75349024285205801
 1.4289949622119771
 0.98916595154481612
 1.1583851774480025
 0.3110907764111292
 -0.40612900000404117
 -1.373410104234061
 -1.595477885806406
 -1.2349159990320133
 -0.42339286399912501
 0.33921439615447818
 0.81917649590739106
 1.5999924627365161
 1.3050242501255531
 0.53349296334150065
 -0.27053560075472688
 -0.7757112907044148
 -1.5961857737795515
 -1.3683453106370818
 -0.64081846411529619
 0.20044979956074258
 0.72821175405807848
 1.5840776168231268
 1.4245498594022563
 0.46550699135830681
 -0.12932149590627612
 -0.67692492230333512
 -1.563730964159789
 -0.92084099182663481
 -0.52808142658504087
 0.092032983981153144
 0.62211752879892024
 1.5352516349797323
 1.5144787156133672
 0.58790940764840716
 0.023327072073843935
 -0.56407461669631687
 -1.4987877450246943
 -0.96733457478367735
 -1.0314876483942823
 -0.13856580832666821
 0.50309805648286454
 1.4545289362652838
 0.98308902348526839
 0.69809729213516714
 0.25308388935089982
 -0.43950497600899546
 -0.87669086913002936
 -0.99373060737929897
 -0.74788412868125476
 -0.22892857982199954
 0.59780177786358013
 1.3435866327617991
 0.99920398154940382
 0.79378135772453473
 0.47758258152366795
 -0.30580408578331203
 -1.2774801284892914
 -0.99948067998537748
 -0.83555027623656908
 -0.36649726022122142
 0.23639162971772915
 1.2047296855344527
 0.99455926362965252
 1.3967578428336804
 0.43259932229274561
 -0.1657497443578384
 -1.1257136655416835
 -1.5751445245785289
 -1.4493709635995575
 -0.49645151502600482
 0.15079332020582373
 0.65052688516667745
 0.96925136938056977
 0.93402885820795134
 0.89235480789739141
 -0.03560280117503526
 -0.95055913431292172
 -1.5183944210886935
 -1.5317490435766834
 -0.98574621887670111
 -0.079772881462333828
 0.53458223094328505
 0.9238061010348807
 0.97567848098621912
 0.67125684091562299
 0.12170855002937817
 -0.47228473929239162
 -1.4300978298149887
 -0.98893948579507385
 -1.156689939088303
 -0.30868170465518641
 0.40753098176423302
 0.85916763922364559
 0.99705719862025732
 1.2333532015402291
 0.4210243326138623
 -0.34065773071631095
 -0.82005576228364152
 -0.99998940073362763
 -1.303602021323383
 -0.33198580663880228
 0.43522045056188929
 1.2426862823635119
 0.9977208422924585
 1.3670710472743799
 0.63856769344871234
 -0.20195314414651017
 -0.72926272673208903
 -1.5844213146416966
 -1.4234301886878991
 -0.7426370234029136
 0.13084318561326425
 0.67805376596341482
 1.5642489983995427
 1.4723863320576012
 0.84284403508172012
 -0.059052735788742081
 -0.62331837253726197
 -0.95996331965004555
 -0.94605304094090492
 -0.93866757028764702
 -0.020871738287967782
 0.5653412151459779
 0.9372784230159209
 1.5471110029711486
 1.0296092684762668
 0.085074564858861945
 -0.50442382229876837
 -1.4555502625015035
 -1.5724909012748707
 -0.69699759914860648
 -0.25065893785105681
 0.7054128226039994
 1.4038849995502043
 0.99355785265223451
 0.74686444945741071
 0.22743433812111521
 -0.60007880746174169
 -1.3449183894812118
 -1.5986265291987838
 -0.79284699542711268
 -0.29702399601359247
 0.30726493315548692
 1.2789571067647321
 0.99952895764717375
 1.3355297444986494
 0.5841102189607249
 -0.38061213338449551
 -1.2063442038741483
 -1.5915487498723022
 -0.87222403267404025
 -0.68994419471445045
 0.16726305010571701
 1.1274573271333386
 1.57557381581631
 1.4483291177781921
 0.49511868617650917
 -0.095773612552555232
 -0.65169172040484546
 -1.5514046127550147
 -1.4935672904932904
 -0.89031556740843354
 0.038057718549696355
 0.59533328283375719
 0.94947927516166009
 1.5310376950257969
 0.61488179360742934
 0.048325171352531254
 -0.53587862659085617
 -1.479028161039901
 -0.97534090919269134
 -0.67011847071143504
 -0.12018508648974423
 0.47363696438454206
 1.4311973289709796
 1.5819371051215989
 0.72186998516592915
 0.19141994114471486
 -0.65429120580400246
 -1.3759231033932733
 -1.5951013922347976
 -1.2317874990129689
 -0.26165925596843598
 0.34210026289422391
 1.3134929553658312
 1.5999698510170761
 0.81386045126370754
 0.33053772923106406
 -0.43758291479963091
 -1.2442315725813804
 -1.5965171615116658
 -1.365793563917693
 -0.39769713668888385
 0.20345601305261818
 0.73031198170342548
 1.5847612805202818
 0.88894197826965471
 0.74046111142811433
 -0.21178330741235341
 -1.0866896200611411
 -1.5647633482131091
 -1.471423609139386
 -0.52547237649733447
 0.060584717496686646
 0.62451774811386163
 1.5366273701500459
 1.512887450069917
 0.58542367337733436
 0.018416355340855305
