# Created by Octave 8.4.0, Thu Dec 11 09:16:06 2025 IST <gamana@Samsung>
# name: iq
# type: matrix
# rows: 2048
# columns: 1
 1
 0.81741217677477895
 0.336325333479365
 -0.26757933088703667
 -0.7737705401199878
 -1.5958393474565038
 -0.85680260336409153
 -0.64531547200634287
 0.31590671602424863
 0.72610466550790553
 1.5833790286129996
 1.4267791320635248
 0.46822140226296938
 -0.126277206267076
 -0.67466245436658678
 -1.5626838472910984
 -0.92203355216466776
 -0.84909680209866956
 0.054455970544694823
 0.99153831704690321
 1.5338614353143079
 0.94753482023462876
 0.59038960288433207
 0.017648480643128749
 -0.89845989908127566
 -0.93566355795921996
 -0.96810813435476473
 -1.0352371151254043
 -0.089661145336106474
 0.80070875678521836
 0.9077975051441477
 1.5738343944166753
 1.1204667882156645
 0.1612074989385934
 -0.43674579739516622
 -0.8752101648306293
 -0.99406909454407066
 -0.74991820004097443
 -0.23191544205296488
 0.37077718740857579
 1.3409136284305851
 0.99932172244443662
 0.79564447111414049
 0.48226757712003088
 -0.30288023361216132
 -0.79657321781796253
 -0.9993770622619782
 -1.3395723871147742
 -0.36935141386161252
 0.23340805554780536
 0.75093258738581303
 1.5907757218952079
 0.87446671960772626
 0.69658346143808003
 -0.26035514433353851
 -0.70138649497904204
 -1.5742748128544564
 -0.90715275704229548
 -0.79858185850933749
 0.091189587921087126
 0.64819262069187789
 0.96849149417710867
 0.93512086019445517
 0.89642697852959907
 -0.030692720632091816
 -0.59162761605977232
 -1.5168388553150829
 -1.5331609153836951
 -0.98960994706451333
 -0.084677526592261687
 0.85117706439314356
 0.92262657540312143
 0.97634672945533696
 0.67352883541892117
 0.19960738160862385
 -0.75132312806823531
 -1.4278887287596094
 -0.98939008741680945
 -0.72504855459477169
 -0.19593694714062365
 0.40472606164912256
 0.85759296924080952
 0.99728780989863108
 0.77279742987957578
 0.42576039812640087
 -0.3377702626083236
 -0.81829530004591811
 -1.5999981156830194
 -0.81652712817408524
 -0.33487961217098988
 0.43049245230356209
 0.77474182782419287
 0.99750902515076378
 0.85601021937775568
 0.40191732837529215
 -0.19894598283625273
 -0.72715906615685566
 -0.98983136742132305
 -1.4256661747372563
 -0.7469835946181913
 0.20447920255344562
 0.6757944842168484
 0.97700577919626508
 0.92143835717186395
 0.52938408740299536
 -0.055988358703845706
 -0.62091521972729924
 -0.95909896399592787
 -0.94704312407739244
 -0.58915019910744659
 -0.025782350915245302
 0.90049070340389226
 0.93620405186557298
 0.96772249425417678
 1.0333635987502012
 0.088132491563609597
 -0.50177110567169725
 -1.4535041840370972
 -0.98336891810956462
 -1.1187125453216173
 -0.15969265296119067
 0.43812590268212964
 1.401522477738907
 1.590241634363269
 1.1982432741466169
 0.36867565168859362
 -0.37220208762835455
 -0.83890731960218134
 -0.99926402882828158
 -0.79471385035233399
 -0.47992564452937803
 0.48694802899415618
 1.2760001412419637
 1.5990880770408948
 0.83639249410950756
 0.58867963255316214
 -0.37584019083871389
 -1.2031123295789876
 -1.591037145612771
 -1.397953943470734
 -0.43398250394614873
 0.16423604820363752
 1.1239673524482932
 0.98419470203205239
 1.4504093955780257
 0.49778317453547566
 -0.14834850514954179
 -1.0389768282878857
 -0.96887257281824157
 -0.93457595984954878
 -0.89439194653720289
 0.020717374963544161
 0.9485827771484161
 0.94851151593640592
 0.95778549015728354
 0.61729952884911965
 0.082225300863896456
 -0.8532553218283726
 -1.4771478807846801
 -1.5616220074725362
 -0.67239363004398134
 -0.19717076303546693
 0.75349024285205801
 1.4289949622119771
 1.5826655224717059
 0.72399073590500151
 0.3110907764111292
 -0.40612900000404117
 -1.373410104234061
 -1.595477885806406
 -1.2349159990320133
 -0.26462053999945312
 0.33921439615447818
 0.81917649590739106
 1.5999924627365161
 0.81564015632847064
 0.3334331020884379
 -0.27053560075472688
 -0.7757112907044148
 -0.99761610861221961
 -0.85521581914817602
 -0.40051154007206008
 0.20044979956074258
 0.72821175405807848
 0.99004851051445419
 1.4245498594022563
 0.46550699135830681
 -0.12932149590627612
 -1.0830798756853361
 -1.563730964159789
 -0.92084099182663481
 -0.84493028253606539
 0.092032983981153144
 0.99538804607827247
 0.95953227186233259
 0.9465491972583544
 0.58790940764840716
 0.023327072073843935
 -0.90251938671410703
 -0.93674234064043382
 -1.5477353196538839
 -0.64467978024642647
 -0.086603630204167628
 0.50309805648286454
 0.90908058516580226
 0.98308902348526839
 0.69809729213516714
 0.15817743084431238
 -0.70320796161439281
 -1.4027053906080471
 -0.99373060737929897
 -1.1966146058900076
 -0.36628572771519929
 0.59780177786358013
 0.8397416454761244
 0.99920398154940382
 0.79378135772453473
 0.47758258152366795
 -0.30580408578331203
 -0.79842508030580706
 -1.5991690879766041
 -0.83555027623656908
 -0.58639561635395432
 0.23639162971772915
 0.75295605345903283
 1.5912948218074441
 0.87297365177105024
 0.43259932229274561
 -0.26519959097254148
 -1.1257136655416835
 -0.98446532786158059
 -1.4493709635995575
 -0.7943224240416078
 0.094245825128639826
 0.65052688516667745
 0.96925136938056977
 1.4944461731327223
 0.55772175493586962
 -0.022251750734397037
 -0.59409945894557603
 -0.94899651318043343
 -0.9573431522354271
 -0.61609138679793818
 -0.049858050913958639
 0.85533156950925615
 0.9238061010348807
 0.97567848098621912
 0.67125684091562299
 0.12170855002937817
 -0.75565558286782664
 -0.89381114363436787
 -0.98893948579507385
 -0.72293121193018939
 -0.30868170465518641
 0.65204957082277293
 0.85916763922364559
 1.5952915177924119
 0.77084575096264307
 0.26314020788366393
 -0.54505236914609756
 -0.82005576228364152
 -0.99998940073362763
 -1.303602021323383
 -0.33198580663880228
 0.27201278160118081
 1.2426862823635119
 0.9977208422924585
 1.3670710472743799
 0.63856769344871234
 -0.32312503063441628
 -1.1668203627713425
 -0.99026332165106024
 -1.4234301886878991
 -0.464148139626821
 0.13084318561326425
 0.67805376596341482
 1.5642489983995427
 1.4723863320576012
 0.84284403508172012
 -0.059052735788742081
 -0.62331837253726197
 -0.95996331965004555
 -1.513684865505448
 -0.93866757028764702
 -0.013044836429979863
 0.90454594423356471
 1.4996454768254734
 0.96694437685696777
 1.0296092684762668
 0.085074564858861945
 -0.80707811567802945
 -0.90971891406343963
 -0.98280681329679409
 -1.1151961586377703
 -0.15666183615691048
 0.7054128226039994
 0.87742812471887766
 0.99355785265223451
 1.1949831191318572
 0.22743433812111521
 -0.60007880746174169
 -0.84057399342575734
 -1.5986265291987838
 -0.79284699542711268
 -0.47523839362174797
 0.30726493315548692
 0.79934819172795746
 1.5992463322354782
 0.83470609031165577
 0.36506888685045302
 -0.38061213338449551
 -1.2063442038741483
 -0.9947179686701888
 -0.87222403267404025
 -0.68994419471445045
 0.26762088016914726
 0.70466082945833652
 1.57557381581631
 1.4483291177781921
 0.79218989788241467
 -0.15323778008408839
 -1.0427067526477527
 -1.5514046127550147
 -1.4935672904932904
 -0.89031556740843354
 0.023786074093560219
 0.59533328283375719
 0.94947927516166009
 1.5310376950257969
 0.98381086977188703
 0.077320274164050018
 -0.85740580254536991
 -0.92439260064993811
 -1.5605454547083062
 -1.0721895531382961
 -0.19229613838359078
 0.47363696438454206
 0.89449833060686224
 0.98871069070099926
 1.1549919762654868
 0.19141994114471486
 -0.40893200362750154
 -0.85995193962079575
 -0.99693837014674846
 -0.76986718688310551
 -0.26165925596843598
 0.54736042063075829
 1.3134929553658312
 1.5999698510170761
 0.81386045126370754
 0.52886036676970249
 -0.27348932174976931
 -1.2442315725813804
 -1.5965171615116658
 -0.85362097744855803
 -0.39769713668888385
 0.20345601305261818
 0.73031198170342548
 0.99047580032517601
 1.4223071652314476
 0.46278819464257143
 -0.21178330741235341
 -1.0866896200611411
 -0.9779770926331931
 -1.471423609139386
 -0.52547237649733447
 0.09693554799469864
 0.62451774811386163
 0.96039210634377858
 1.512887450069917
 0.93667787740373498
