# Created by Octave 8.4.0, Thu Dec 11 09:16:06 2025 IST <gamana@Samsung>
# name: iq
# type: matrix
# rows: 2048
# columns: 1
 1.6000000000000001
 0.81741217677477895
 0.53812053356698397
 -0.42812692941925867
 -0.7737705401199878
 -0.99739959216031482
 -0.85680260336409153
 -0.40332217000396425
 0.31590671602424863
 1.1617674648126488
 0.98961189288312468
 1.4267791320635248
 0.46822140226296938
 -0.20204353002732162
 -1.0794599269865388
 -0.97667740455693652
 -0.92203355216466776
 -0.84909680209866956
 0.054455970544694823
 0.61971144815431445
 0.95866339707144232
 1.5160557123754062
 0.59038960288433207
 0.017648480643128749
 -0.56153743692579727
 -0.93566355795921996
 -1.5489730149676237
 -1.0352371151254043
 -0.089661145336106474
 0.50044297299076146
 0.9077975051441477
 1.5738343944166753
 1.1204667882156645
 0.25793199830174945
 -0.43674579739516622
 -0.8752101648306293
 -1.5905105512705131
 -0.74991820004097443
 -0.37106470728474383
 0.59324349985372127
 0.83807101776911563
 0.99932172244443662
 1.2730311537826249
 0.48226757712003088
 -0.48460837377945815
 -1.2745171485087401
 -0.9993770622619782
 -0.8372327419467338
 -0.36935141386161252
 0.37345288887648859
 1.2014921398173009
 0.99423482618450487
 1.3991467513723621
 0.69658346143808003
 -0.16272196520846155
 -1.1222183919664672
 -0.98392175803403514
 -1.4514444112676728
 -0.49911366156833592
 0.14590334067373942
 1.0371081931070047
 1.549586390683374
 1.4961933763111284
 0.56026686158099936
 -0.030692720632091816
 -0.94660418569563576
 -1.5168388553150829
 -0.95822557211480941
 -0.61850621691532082
 -0.084677526592261687
 0.53198566524571467
 1.4762025206449945
 1.5621547671285392
 1.0776461366702739
 0.1247546135053899
 -0.46957695504264702
 -1.4278887287596094
 -1.5830241398668952
 -1.1600776873516347
 -0.19593694714062365
 0.40472606164912256
 0.85759296924080952
 0.99728780989863108
 0.77279742987957578
 0.42576039812640087
 -0.3377702626083236
 -0.81829530004591811
 -1.5999981156830194
 -1.3064434050785365
 -0.53580737947358381
 0.2690577826897263
 1.2395869245187088
 0.99750902515076378
 0.85601021937775568
 0.64306772540046753
 -0.31831357253800441
 -0.72715906615685566
 -1.583730187874117
 -0.8910413592107852
 -0.46686474663636957
 0.1277995015959035
 0.6757944842168484
 0.97700577919626508
 1.4743013714749824
 0.84701453984479258
 -0.089581373926153132
 -0.99346435156367885
 -0.95909896399592787
 -1.5152689985238279
 -0.58915019910744659
 -0.016113969322028313
 0.90049070340389226
 0.93620405186557298
 0.96772249425417678
 0.64585224921887574
 0.14101198650177535
 -0.8028337690747156
 -0.90844011502318567
 -0.98336891810956462
 -1.1187125453216173
 -0.25550824473790507
 0.43812590268212964
 1.401522477738907
 0.99390102147704307
 1.1982432741466169
 0.36867565168859362
 -0.59552334020536735
 -1.3422517113634902
 -1.5988224461252507
 -1.2715421605637345
 -0.29995352783086127
 0.48694802899415618
 1.2760001412419637
 1.5990880770408948
 0.83639249410950756
 0.58867963255316214
 -0.23490011927419616
 -0.7519452059868672
 -1.591037145612771
 -1.397953943470734
 -0.43398250394614873
 0.16423604820363752
 0.70247959528018322
 0.98419470203205239
 0.906505872236266
 0.79645307925676112
 -0.092717815718463617
 -1.0389768282878857
 -1.5501961165091867
 -1.4953215357592782
 -0.89439194653720289
 0.020717374963544161
 0.59286423571776004
 0.94851151593640592
 0.95778549015728354
 0.98767924615859148
 0.082225300863896456
 -0.8532553218283726
 -0.92321742549042496
 -1.5616220074725362
 -0.67239363004398134
 -0.12323172689716683
 0.75349024285205801
 0.89312185138248557
 0.98916595154481612
 1.1583851774480025
 0.3110907764111292
 -0.40612900000404117
 -1.373410104234061
 -0.99717367862900375
 -1.2349159990320133
 -0.42339286399912501
 0.54274303384716516
 0.81917649590739106
 1.5999924627365161
 1.3050242501255531
 0.3334331020884379
 -0.43285696120756301
 -1.2411380651270638
 -1.5961857737795515
 -1.3683453106370818
 -0.40051154007206008
 0.20044979956074258
 1.1651388064929256
 1.5840776168231268
 1.4245498594022563
 0.7448111861732909
 -0.20691439345004181
 -0.67692492230333512
 -0.97733185259986799
 -1.4733455869226157
 -0.52808142658504087
 0.057520614988220711
 0.99538804607827247
 0.95953227186233259
 1.5144787156133672
 0.94065505223745149
 0.01457942004615246
 -0.90251938671410703
 -1.4987877450246943
 -0.96733457478367735
 -1.0314876483942823
 -0.13856580832666821
 0.80495689037258333
 1.4545289362652838
 0.98308902348526839
 1.1169556674162675
 0.15817743084431238
 -0.70320796161439281
 -1.4027053906080471
 -0.99373060737929897
 -0.74788412868125476
 -0.22892857982199954
 0.3736261111647376
 0.8397416454761244
 1.5987263704790462
 0.79378135772453473
 0.29848911345229245
 -0.48928653725329929
 -1.2774801284892914
 -1.5991690879766041
 -1.3368804419785105
 -0.36649726022122142
 0.37822660754836668
 0.75295605345903283
 1.5912948218074441
 0.87297365177105024
 0.43259932229274561
 -0.26519959097254148
 -1.1257136655416835
 -1.5751445245785289
 -0.90585685224972345
 -0.49645151502600482
 0.094245825128639826
 1.040843016266684
 0.96925136938056977
 1.4944461731327223
 0.55772175493586962
 -0.022251750734397037
 -0.59409945894557603
 -1.5183944210886935
 -1.5317490435766834
 -0.61609138679793818
 -0.079772881462333828
 0.53458223094328505
 1.4780897616558093
 0.97567848098621912
 0.67125684091562299
 0.19473368004700509
 -0.47228473929239162
 -0.89381114363436787
 -0.98893948579507385
 -1.156689939088303
 -0.30868170465518641
 0.40753098176423302
 0.85916763922364559
 1.5952915177924119
 0.77084575096264307
 0.26314020788366393
 -0.54505236914609756
 -1.3120892196538265
 -1.5999830411738043
 -1.303602021323383
 -0.53117729062208363
 0.27201278160118081
 1.2426862823635119
 1.5963533476679337
 0.85441940454648735
 0.39910480840544516
 -0.20195314414651017
 -1.1668203627713425
 -1.5844213146416966
 -1.4234301886878991
 -0.464148139626821
 0.13084318561326425
 1.0848860255414638
 0.97765562399971406
 1.4723863320576012
 0.52677752192607508
 -0.059052735788742081
 -0.99730939605961921
 -0.95996331965004555
 -1.513684865505448
 -0.58666723142977939
 -0.013044836429979863
 0.90454594423356471
 0.9372784230159209
 0.96694437685696777
 1.0296092684762668
 0.085074564858861945
 -0.80707811567802945
 -1.4555502625015035
 -0.98280681329679409
 -0.69699759914860648
 -0.25065893785105681
 0.7054128226039994
 0.87742812471887766
 0.99355785265223451
 0.74686444945741071
 0.22743433812111521
 -0.60007880746174169
 -0.84057399342575734
 -0.99914158074923987
 -0.79284699542711268
 -0.47523839362174797
 0.30726493315548692
 0.79934819172795746
 0.99952895764717375
 0.83470609031165577
 0.5841102189607249
 -0.23788258336530968
 -0.75396512742134258
 -0.9947179686701888
 -0.87222403267404025
 -0.43121512169653153
 0.26762088016914726
 0.70466082945833652
 1.57557381581631
 0.90520569861137001
 0.49511868617650917
 -0.095773612552555232
 -1.0427067526477527
 -0.96962788297188418
 -0.9334795565583065
 -0.55644722963027093
 0.038057718549696355
 0.59533328283375719
 0.94947927516166009
 1.5310376950257969
 0.61488179360742934
 0.077320274164050018
 -0.85740580254536991
 -0.92439260064993811
 -1.5605454547083062
 -0.67011847071143504
 -0.12018508648974423
 0.47363696438454206
 0.89449833060686224
 1.5819371051215989
 0.72186998516592915
 0.30627190583154379
 -0.40893200362750154
 -0.85995193962079575
 -1.5951013922347976
 -1.2317874990129689
 -0.41865480954949758
 0.34210026289422391
 1.3134929553658312
 1.5999698510170761
 1.3021767220219322
 0.33053772923106406
 -0.43758291479963091
 -0.77764473286336266
 -0.997823225944791
 -0.85362097744855803
 -0.6363154187022142
 0.20345601305261818
 1.1684991707254808
 0.99047580032517601
 0.88894197826965471
 0.46278819464257143
 -0.21178330741235341
 -0.67918101253821317
 -0.9779770926331931
 -0.9196397557121162
 -0.84075580239573522
 0.060584717496686646
 0.99922839698217869
 1.5366273701500459
 1.512887450069917
 0.93667787740373498
 0.018416355340855305
