# Created by Octave 8.4.0, Thu Dec 11 09:16:06 2025 IST <gamana@Samsung>
# name: iq
# type: matrix
# rows: 2048
# columns: 1
 1.6000000000000001
 0.81741217677477895
 0.336325333479365
 -0.42812692941925867
 -0.7737705401199878
 -0.99739959216031482
 -1.3708841653825465
 -0.40332217000396425
 0.19744169751515539
 1.1617674648126488
 1.5833790286129996
 1.4267791320635248
 0.749154243620751
 -0.20204353002732162
 -1.0794599269865388
 -1.5626838472910984
 -1.4752536834634684
 -0.53068550131166847
 0.054455970544694823
 0.99153831704690321
 0.95866339707144232
 0.94753482023462876
 0.59038960288433207
 0.017648480643128749
 -0.56153743692579727
 -0.93566355795921996
 -0.96810813435476473
 -1.0352371151254043
 -0.14345783253777036
 0.50044297299076146
 0.9077975051441477
 1.5738343944166753
 0.70029174263479022
 0.1612074989385934
 -0.69879327583226603
 -0.8752101648306293
 -1.5905105512705131
 -0.74991820004097443
 -0.37106470728474383
 0.59324349985372127
 0.83807101776911563
 1.5989147559110988
 1.2730311537826249
 0.48226757712003088
 -0.30288023361216132
 -0.79657321781796253
 -0.9993770622619782
 -0.8372327419467338
 -0.59096226217858006
 0.37345288887648859
 0.75093258738581303
 0.99423482618450487
 1.3991467513723621
 0.43536466339879998
 -0.26035514433353851
 -0.70138649497904204
 -1.5742748128544564
 -1.4514444112676728
 -0.49911366156833592
 0.091189587921087126
 1.0371081931070047
 1.549586390683374
 0.93512086019445517
 0.56026686158099936
 -0.030692720632091816
 -0.59162761605977232
 -1.5168388553150829
 -1.5331609153836951
 -0.98960994706451333
 -0.084677526592261687
 0.85117706439314356
 0.92262657540312143
 0.97634672945533696
 0.67352883541892117
 0.1247546135053899
 -0.46957695504264702
 -1.4278887287596094
 -0.98939008741680945
 -0.72504855459477169
 -0.31349911542499787
 0.40472606164912256
 1.3721487507852954
 1.5956604958378098
 1.2364758878073214
 0.42576039812640087
 -0.54043242017331783
 -1.309272480073469
 -1.5999981156830194
 -0.81652712817408524
 -0.53580737947358381
 0.43049245230356209
 0.77474182782419287
 0.99750902515076378
 1.3696163510044093
 0.64306772540046753
 -0.19894598283625273
 -0.72715906615685566
 -1.583730187874117
 -0.8910413592107852
 -0.7469835946181913
 0.1277995015959035
 1.0812711747469574
 1.5632092467140242
 0.92143835717186395
 0.84701453984479258
 -0.055988358703845706
 -0.62091521972729924
 -1.5345583423934848
 -1.5152689985238279
 -0.94264031857191455
 -0.025782350915245302
 0.56280668962743263
 0.93620405186557298
 0.96772249425417678
 0.64585224921887574
 0.088132491563609597
 -0.50177110567169725
 -0.90844011502318567
 -1.5733902689753034
 -0.69919534082601087
 -0.25550824473790507
 0.70100144429140743
 1.401522477738907
 0.99390102147704307
 1.1982432741466169
 0.36867565168859362
 -0.37220208762835455
 -0.83890731960218134
 -0.99926402882828158
 -1.2715421605637345
 -0.47992564452937803
 0.48694802899415618
 0.79750008827622731
 0.99943004815055925
 0.83639249410950756
 0.36792477034572635
 -0.37584019083871389
 -0.7519452059868672
 -1.591037145612771
 -0.87372121466920871
 -0.694372006313838
 0.26277767712582006
 0.70247959528018322
 0.98419470203205239
 1.4504093955780257
 0.79645307925676112
 -0.14834850514954179
 -1.0389768282878857
 -1.5501961165091867
 -1.4953215357592782
 -0.55899496658575176
 0.020717374963544161
 0.9485827771484161
 0.94851151593640592
 1.5324567842516537
 0.98767924615859148
 0.082225300863896456
 -0.53328457614273284
 -0.92321742549042496
 -0.97601375467033502
 -0.67239363004398134
 -0.12323172689716683
 0.47093140178253623
 1.4289949622119771
 1.5826655224717059
 0.72399073590500151
 0.19443173525695573
 -0.64980640000646595
 -1.373410104234061
 -1.595477885806406
 -0.77182249939500824
 -0.26462053999945312
 0.54274303384716516
 1.3106823934518257
 1.5999924627365161
 1.3050242501255531
 0.3334331020884379
 -0.43285696120756301
 -0.7757112907044148
 -0.99761610861221961
 -1.3683453106370818
 -0.64081846411529619
 0.20044979956074258
 0.72821175405807848
 0.99004851051445419
 1.4245498594022563
 0.46550699135830681
 -0.20691439345004181
 -1.0830798756853361
 -1.563730964159789
 -1.4733455869226157
 -0.84493028253606539
 0.092032983981153144
 0.62211752879892024
 0.95953227186233259
 0.9465491972583544
 0.58790940764840716
 0.01457942004615246
 -0.56407461669631687
 -1.4987877450246943
 -1.5477353196538839
 -1.0314876483942823
 -0.086603630204167628
 0.80495689037258333
 0.90908058516580226
 0.98308902348526839
 0.69809729213516714
 0.25308388935089982
 -0.43950497600899546
 -1.4027053906080471
 -0.99373060737929897
 -0.74788412868125476
 -0.22892857982199954
 0.3736261111647376
 1.3435866327617991
 1.5987263704790462
 0.79378135772453473
 0.29848911345229245
 -0.30580408578331203
 -0.79842508030580706
 -1.5991690879766041
 -0.83555027623656908
 -0.58639561635395432
 0.23639162971772915
 0.75295605345903283
 1.5912948218074441
 0.87297365177105024
 0.43259932229274561
 -0.26519959097254148
 -0.70357104096355216
 -1.5751445245785289
 -1.4493709635995575
 -0.49645151502600482
 0.094245825128639826
 1.040843016266684
 1.5508021910089118
 0.93402885820795134
 0.55772175493586962
 -0.03560280117503526
 -0.95055913431292172
 -0.94899651318043343
 -1.5317490435766834
 -0.61609138679793818
 -0.079772881462333828
 0.85533156950925615
 0.9238061010348807
 0.97567848098621912
 1.0740109454649969
 0.19473368004700509
 -0.75565558286782664
 -0.89381114363436787
 -0.98893948579507385
 -0.72293121193018939
 -0.19292606540949148
 0.65204957082277293
 0.85916763922364559
 1.5952915177924119
 0.77084575096264307
 0.26314020788366393
 -0.34065773071631095
 -0.82005576228364152
 -1.5999830411738043
 -0.81475126332711434
 -0.33198580663880228
 0.27201278160118081
 0.77667892647719483
 0.9977208422924585
 0.85441940454648735
 0.39910480840544516
 -0.20195314414651017
 -1.1668203627713425
 -1.5844213146416966
 -0.88964386792993688
 -0.7426370234029136
 0.13084318561326425
 0.67805376596341482
 0.97765562399971406
 1.4723863320576012
 0.84284403508172012
 -0.094484377261987329
 -0.99730939605961921
 -0.95996331965004555
 -0.94605304094090492
 -0.93866757028764702
 -0.013044836429979863
 0.5653412151459779
 0.9372784230159209
 1.5471110029711486
 1.0296092684762668
 0.085074564858861945
 -0.50442382229876837
 -0.90971891406343963
 -0.98280681329679409
 -1.1151961586377703
 -0.15666183615691048
 0.44088301412749958
 0.87742812471887766
 0.99355785265223451
 1.1949831191318572
 0.22743433812111521
 -0.60007880746174169
 -1.3449183894812118
 -0.99914158074923987
 -1.2685551926833805
 -0.47523839362174797
 0.30726493315548692
 1.2789571067647321
 1.5992463322354782
 1.3355297444986494
 0.5841102189607249
 -0.38061213338449551
 -0.75396512742134258
 -1.5915487498723022
 -1.3955584522784645
 -0.43121512169653153
 0.26762088016914726
 0.70466082945833652
 0.98473363488519361
 1.4483291177781921
 0.79218989788241467
 -0.15323778008408839
 -1.0427067526477527
 -0.96962788297188418
 -0.9334795565583065
 -0.89031556740843354
 0.023786074093560219
 0.95253325253401155
 1.5191668402586562
 1.5310376950257969
 0.98381086977188703
 0.077320274164050018
 -0.85740580254536991
 -1.479028161039901
 -0.97534090919269134
 -0.67011847071143504
 -0.12018508648974423
 0.47363696438454206
 1.4311973289709796
 0.98871069070099926
 0.72186998516592915
 0.30627190583154379
 -0.65429120580400246
 -0.85995193962079575
 -0.99693837014674846
 -0.76986718688310551
 -0.41865480954949758
 0.34210026289422391
 1.3134929553658312
 0.99998115688567257
 0.81386045126370754
 0.52886036676970249
 -0.43758291479963091
 -0.77764473286336266
 -1.5965171615116658
 -0.85362097744855803
 -0.39769713668888385
 0.32552962088418913
 1.1684991707254808
 0.99047580032517601
 1.4223071652314476
 0.74046111142811433
 -0.21178330741235341
 -0.67918101253821317
 -1.5647633482131091
 -0.9196397557121162
 -0.52547237649733447
 0.09693554799469864
 0.62451774811386163
 1.5366273701500459
 1.512887450069917
 0.93667787740373498
