# Created by Octave 8.4.0, Thu Dec 11 09:16:06 2025 IST <gamana@Samsung>
# name: iq
# type: matrix
# rows: 2048
# columns: 1
 1
 1.3078594828396464
 0.336325333479365
 -0.42812692941925867
 -0.7737705401199878
 -0.99739959216031482
 -1.3708841653825465
 -0.40332217000396425
 0.19744169751515539
 1.1617674648126488
 1.5833790286129996
 0.89173695753970295
 0.46822140226296938
 -0.20204353002732162
 -1.0794599269865388
 -1.5626838472910984
 -1.4752536834634684
 -0.84909680209866956
 0.087129552871511723
 0.99153831704690321
 0.95866339707144232
 1.5160557123754062
 0.94462336461493135
 0.028237569029006
 -0.56153743692579727
 -0.93566355795921996
 -0.96810813435476473
 -1.0352371151254043
 -0.089661145336106474
 0.50044297299076146
 0.9077975051441477
 1.5738343944166753
 1.1204667882156645
 0.1612074989385934
 -0.43674579739516622
 -0.8752101648306293
 -0.99406909454407066
 -0.74991820004097443
 -0.23191544205296488
 0.37077718740857579
 1.3409136284305851
 1.5989147559110988
 1.2730311537826249
 0.30141723570001927
 -0.30288023361216132
 -0.79657321781796253
 -0.9993770622619782
 -1.3395723871147742
 -0.59096226217858006
 0.23340805554780536
 0.75093258738581303
 0.99423482618450487
 0.87446671960772626
 0.69658346143808003
 -0.16272196520846155
 -0.70138649497904204
 -1.5742748128544564
 -0.90715275704229548
 -0.49911366156833592
 0.14590334067373942
 1.0371081931070047
 0.96849149417710867
 1.4961933763111284
 0.89642697852959907
 -0.030692720632091816
 -0.59162761605977232
 -1.5168388553150829
 -1.5331609153836951
 -0.61850621691532082
 -0.084677526592261687
 0.85117706439314356
 0.92262657540312143
 0.97634672945533696
 0.67352883541892117
 0.1247546135053899
 -0.46957695504264702
 -0.89243045547475575
 -1.5830241398668952
 -0.72504855459477169
 -0.31349911542499787
 0.40472606164912256
 1.3721487507852954
 0.99728780989863108
 1.2364758878073214
 0.26610024882900052
 -0.54043242017331783
 -0.81829530004591811
 -1.5999981156830194
 -1.3064434050785365
 -0.53580737947358381
 0.43049245230356209
 1.2395869245187088
 0.99750902515076378
 0.85601021937775568
 0.64306772540046753
 -0.19894598283625273
 -0.72715906615685566
 -0.98983136742132305
 -0.8910413592107852
 -0.7469835946181913
 0.20447920255344562
 0.6757944842168484
 0.97700577919626508
 1.4743013714749824
 0.84701453984479258
 -0.089581373926153132
 -0.99346435156367885
 -1.5345583423934848
 -1.5152689985238279
 -0.58915019910744659
 -0.016113969322028313
 0.90049070340389226
 0.93620405186557298
 0.96772249425417678
 1.0333635987502012
 0.088132491563609597
 -0.50177110567169725
 -0.90844011502318567
 -1.5733902689753034
 -1.1187125453216173
 -0.15969265296119067
 0.70100144429140743
 0.87595154858681679
 0.99390102147704307
 0.74890204634163549
 0.36867565168859362
 -0.59552334020536735
 -0.83890731960218134
 -0.99926402882828158
 -1.2715421605637345
 -0.29995352783086127
 0.3043425181213476
 0.79750008827622731
 1.5990880770408948
 1.3382279905752121
 0.58867963255316214
 -0.37584019083871389
 -0.7519452059868672
 -1.591037145612771
 -1.397953943470734
 -0.694372006313838
 0.16423604820363752
 1.1239673524482932
 0.98419470203205239
 0.906505872236266
 0.79645307925676112
 -0.092717815718463617
 -0.64936051767992853
 -0.96887257281824157
 -1.4953215357592782
 -0.55899496658575176
 0.033147799941670657
 0.59286423571776004
 1.5176184254982497
 0.95778549015728354
 0.98767924615859148
 0.051390813039935278
 -0.53328457614273284
 -1.4771478807846801
 -0.97601375467033502
 -0.67239363004398134
 -0.12323172689716683
 0.75349024285205801
 1.4289949622119771
 1.5826655224717059
 1.1583851774480025
 0.19443173525695573
 -0.40612900000404117
 -1.373410104234061
 -0.99717367862900375
 -1.2349159990320133
 -0.42339286399912501
 0.54274303384716516
 1.3106823934518257
 0.99999528921032244
 1.3050242501255531
 0.53349296334150065
 -0.43285696120756301
 -0.7757112907044148
 -0.99761610861221961
 -0.85521581914817602
 -0.40051154007206008
 0.20044979956074258
 1.1651388064929256
 0.99004851051445419
 1.4245498594022563
 0.46550699135830681
 -0.12932149590627612
 -1.0830798756853361
 -0.97733185259986799
 -0.92084099182663481
 -0.84493028253606539
 0.092032983981153144
 0.62211752879892024
 0.95953227186233259
 0.9465491972583544
 0.58790940764840716
 0.023327072073843935
 -0.90251938671410703
 -1.4987877450246943
 -0.96733457478367735
 -1.0314876483942823
 -0.13856580832666821
 0.50309805648286454
 1.4545289362652838
 1.5729424375764296
 0.69809729213516714
 0.25308388935089982
 -0.70320796161439281
 -0.87669086913002936
 -0.99373060737929897
 -0.74788412868125476
 -0.22892857982199954
 0.3736261111647376
 0.8397416454761244
 1.5987263704790462
 0.79378135772453473
 0.47758258152366795
 -0.48928653725329929
 -1.2774801284892914
 -0.99948067998537748
 -0.83555027623656908
 -0.58639561635395432
 0.37822660754836668
 1.2047296855344527
 1.5912948218074441
 0.87297365177105024
 0.69215891566839305
 -0.1657497443578384
 -1.1257136655416835
 -1.5751445245785289
 -1.4493709635995575
 -0.7943224240416078
 0.15079332020582373
 0.65052688516667745
 0.96925136938056977
 0.93402885820795134
 0.89235480789739141
 -0.022251750734397037
 -0.95055913431292172
 -0.94899651318043343
 -0.9573431522354271
 -0.61609138679793818
 -0.079772881462333828
 0.53458223094328505
 1.4780897616558093
 0.97567848098621912
 1.0740109454649969
 0.19473368004700509
 -0.75565558286782664
 -1.4300978298149887
 -0.98893948579507385
 -1.156689939088303
 -0.19292606540949148
 0.40753098176423302
 0.85916763922364559
 1.5952915177924119
 0.77084575096264307
 0.26314020788366393
 -0.54505236914609756
 -0.82005576228364152
 -0.99998940073362763
 -0.81475126332711434
 -0.53117729062208363
 0.27201278160118081
 0.77667892647719483
 0.9977208422924585
 0.85441940454648735
 0.63856769344871234
 -0.32312503063441628
 -1.1668203627713425
 -0.99026332165106024
 -0.88964386792993688
 -0.7426370234029136
 0.20934909698122281
 1.0848860255414638
 0.97765562399971406
 1.4723863320576012
 0.52677752192607508
 -0.059052735788742081
 -0.99730939605961921
 -0.95996331965004555
 -0.94605304094090492
 -0.93866757028764702
 -0.013044836429979863
 0.90454594423356471
 1.4996454768254734
 1.5471110029711486
 1.0296092684762668
 0.13611930377417911
 -0.50442382229876837
 -1.4555502625015035
 -0.98280681329679409
 -1.1151961586377703
 -0.15666183615691048
 0.7054128226039994
 1.4038849995502043
 1.5896925642435753
 0.74686444945741071
 0.36389494099378439
 -0.37504925466358852
 -1.3449183894812118
 -0.99914158074923987
 -1.2685551926833805
 -0.47523839362174797
 0.49162389304877907
 1.2789571067647321
 1.5992463322354782
 0.83470609031165577
 0.36506888685045302
 -0.23788258336530968
 -1.2063442038741483
 -0.9947179686701888
 -0.87222403267404025
 -0.68994419471445045
 0.26762088016914726
 1.1274573271333386
 1.57557381581631
 0.90520569861137001
 0.49511868617650917
 -0.095773612552555232
 -1.0427067526477527
 -0.96962788297188418
 -0.9334795565583065
 -0.55644722963027093
 0.023786074093560219
 0.59533328283375719
 1.5191668402586562
 1.5310376950257969
 0.61488179360742934
 0.048325171352531254
 -0.53587862659085617
 -0.92439260064993811
 -0.97534090919269134
 -0.67011847071143504
 -0.12018508648974423
 0.75781914301526732
 1.4311973289709796
 0.98871069070099926
 0.72186998516592915
 0.30627190583154379
 -0.65429120580400246
 -1.3759231033932733
 -0.99693837014674846
 -1.2317874990129689
 -0.41865480954949758
 0.54736042063075829
 1.3134929553658312
 1.5999698510170761
 1.3021767220219322
 0.33053772923106406
 -0.43758291479963091
 -0.77764473286336266
 -0.997823225944791
 -0.85362097744855803
 -0.39769713668888385
 0.20345601305261818
 0.73031198170342548
 0.99047580032517601
 1.4223071652314476
 0.46278819464257143
 -0.13236456713272088
 -1.0866896200611411
 -1.5647633482131091
 -0.9196397557121162
 -0.84075580239573522
 0.060584717496686646
 0.99922839698217869
 1.5366273701500459
 0.94555465629369806
 0.58542367337733436
 0.018416355340855305
