# Created by Octave 8.4.0, Thu Dec 11 09:16:06 2025 IST <gamana@Samsung>
# name: iq
# type: matrix
# rows: 2048
# columns: 1
 1.6000000000000001
 1.3078594828396464
 0.53812053356698397
 -0.42812692941925867
 -0.7737705401199878
 -1.5958393474565038
 -1.3708841653825465
 -0.64531547200634287
 0.19744169751515539
 1.1617674648126488
 0.98961189288312468
 1.4267791320635248
 0.46822140226296938
 -0.126277206267076
 -1.0794599269865388
 -1.5626838472910984
 -0.92203355216466776
 -0.84909680209866956
 0.087129552871511723
 0.61971144815431445
 0.95866339707144232
 1.5160557123754062
 0.94462336461493135
 0.017648480643128749
 -0.89845989908127566
 -0.93566355795921996
 -0.96810813435476473
 -0.64702319695337762
 -0.14345783253777036
 0.50044297299076146
 1.4524760082306365
 0.98364649651042202
 0.70029174263479022
 0.25793199830174945
 -0.43674579739516622
 -1.4003362637290069
 -0.99406909454407066
 -1.1998691200655591
 -0.37106470728474383
 0.59324349985372127
 1.3409136284305851
 0.99932172244443662
 1.2730311537826249
 0.30141723570001927
 -0.30288023361216132
 -1.2745171485087401
 -0.9993770622619782
 -0.8372327419467338
 -0.36935141386161252
 0.23340805554780536
 0.75093258738581303
 0.99423482618450487
 0.87446671960772626
 0.43536466339879998
 -0.26035514433353851
 -1.1222183919664672
 -1.5742748128544564
 -1.4514444112676728
 -0.49911366156833592
 0.14590334067373942
 1.0371081931070047
 0.96849149417710867
 1.4961933763111284
 0.56026686158099936
 -0.019182950395057383
 -0.59162761605977232
 -1.5168388553150829
 -1.5331609153836951
 -0.98960994706451333
 -0.052923454120163547
 0.85117706439314356
 0.92262657540312143
 0.97634672945533696
 0.67352883541892117
 0.19960738160862385
 -0.46957695504264702
 -0.89243045547475575
 -0.98939008741680945
 -0.72504855459477169
 -0.19593694714062365
 0.40472606164912256
 0.85759296924080952
 1.5956604958378098
 0.77279742987957578
 0.26610024882900052
 -0.3377702626083236
 -0.81829530004591811
 -0.99999882230188708
 -1.3064434050785365
 -0.33487961217098988
 0.2690577826897263
 1.2395869245187088
 0.99750902515076378
 1.3696163510044093
 0.64306772540046753
 -0.19894598283625273
 -1.1634545058509691
 -0.98983136742132305
 -0.8910413592107852
 -0.46686474663636957
 0.1277995015959035
 0.6757944842168484
 1.5632092467140242
 0.92143835717186395
 0.52938408740299536
 -0.089581373926153132
 -0.99346435156367885
 -0.95909896399592787
 -0.94704312407739244
 -0.94264031857191455
 -0.016113969322028313
 0.56280668962743263
 0.93620405186557298
 0.96772249425417678
 1.0333635987502012
 0.14101198650177535
 -0.50177110567169725
 -0.90844011502318567
 -0.98336891810956462
 -0.69919534082601087
 -0.25550824473790507
 0.70100144429140743
 1.401522477738907
 0.99390102147704307
 0.74890204634163549
 0.36867565168859362
 -0.59552334020536735
 -0.83890731960218134
 -0.99926402882828158
 -1.2715421605637345
 -0.29995352783086127
 0.48694802899415618
 0.79750008827622731
 0.99943004815055925
 0.83639249410950756
 0.58867963255316214
 -0.23490011927419616
 -0.7519452059868672
 -1.591037145612771
 -0.87372121466920871
 -0.43398250394614873
 0.16423604820363752
 0.70247959528018322
 1.5747115232512838
 1.4504093955780257
 0.79645307925676112
 -0.092717815718463617
 -1.0389768282878857
 -0.96887257281824157
 -0.93457595984954878
 -0.55899496658575176
 0.020717374963544161
 0.59286423571776004
 0.94851151593640592
 1.5324567842516537
 0.98767924615859148
 0.082225300863896456
 -0.53328457614273284
 -1.4771478807846801
 -0.97601375467033502
 -0.67239363004398134
 -0.12323172689716683
 0.47093140178253623
 1.4289949622119771
 0.98916595154481612
 1.1583851774480025
 0.3110907764111292
 -0.64980640000646595
 -0.85838131514628802
 -1.595477885806406
 -0.77182249939500824
 -0.26462053999945312
 0.54274303384716516
 0.81917649590739106
 1.5999924627365161
 1.3050242501255531
 0.53349296334150065
 -0.27053560075472688
 -0.7757112907044148
 -0.99761610861221961
 -1.3683453106370818
 -0.64081846411529619
 0.32071967929718814
 0.72821175405807848
 1.5840776168231268
 1.4245498594022563
 0.46550699135830681
 -0.12932149590627612
 -1.0830798756853361
 -1.563730964159789
 -1.4733455869226157
 -0.52808142658504087
 0.092032983981153144
 0.62211752879892024
 1.5352516349797323
 1.5144787156133672
 0.94065505223745149
 0.023327072073843935
 -0.90251938671410703
 -0.93674234064043382
 -0.96733457478367735
 -1.0314876483942823
 -0.086603630204167628
 0.50309805648286454
 0.90908058516580226
 0.98308902348526839
 1.1169556674162675
 0.15817743084431238
 -0.43950497600899546
 -1.4027053906080471
 -0.99373060737929897
 -1.1966146058900076
 -0.22892857982199954
 0.59780177786358013
 1.3435866327617991
 0.99920398154940382
 0.79378135772453473
 0.29848911345229245
 -0.48928653725329929
 -1.2774801284892914
 -1.5991690879766041
 -1.3368804419785105
 -0.58639561635395432
 0.37822660754836668
 0.75295605345903283
 0.99455926362965252
 0.87297365177105024
 0.69215891566839305
 -0.26519959097254148
 -1.1257136655416835
 -1.5751445245785289
 -0.90585685224972345
 -0.49645151502600482
 0.094245825128639826
 1.040843016266684
 1.5508021910089118
 1.4944461731327223
 0.55772175493586962
 -0.03560280117503526
 -0.95055913431292172
 -0.94899651318043343
 -0.9573431522354271
 -0.61609138679793818
 -0.079772881462333828
 0.85533156950925615
 0.9238061010348807
 0.97567848098621912
 1.0740109454649969
 0.12170855002937817
 -0.47228473929239162
 -1.4300978298149887
 -0.98893948579507385
 -1.156689939088303
 -0.19292606540949148
 0.40753098176423302
 0.85916763922364559
 1.5952915177924119
 0.77084575096264307
 0.26314020788366393
 -0.34065773071631095
 -1.3120892196538265
 -0.99998940073362763
 -1.303602021323383
 -0.33198580663880228
 0.43522045056188929
 0.77667892647719483
 1.5963533476679337
 1.3670710472743799
 0.63856769344871234
 -0.32312503063441628
 -0.72926272673208903
 -0.99026332165106024
 -1.4234301886878991
 -0.464148139626821
 0.20934909698122281
 0.67805376596341482
 1.5642489983995427
 0.92024145753600073
 0.52677752192607508
 -0.059052735788742081
 -0.62331837253726197
 -0.95996331965004555
 -0.94605304094090492
 -0.58666723142977939
 -0.020871738287967782
 0.5653412151459779
 0.9372784230159209
 1.5471110029711486
 1.0296092684762668
 0.085074564858861945
 -0.80707811567802945
 -0.90971891406343963
 -0.98280681329679409
 -0.69699759914860648
 -0.25065893785105681
 0.44088301412749958
 1.4038849995502043
 0.99355785265223451
 0.74686444945741071
 0.36389494099378439
 -0.60007880746174169
 -0.84057399342575734
 -1.5986265291987838
 -0.79284699542711268
 -0.29702399601359247
 0.49162389304877907
 0.79934819172795746
 1.5992463322354782
 0.83470609031165577
 0.36506888685045302
 -0.23788258336530968
 -0.75396512742134258
 -0.9947179686701888
 -0.87222403267404025
 -0.43121512169653153
 0.26762088016914726
 1.1274573271333386
 0.98473363488519361
 1.4483291177781921
 0.79218989788241467
 -0.095773612552555232
 -1.0427067526477527
 -0.96962788297188418
 -0.9334795565583065
 -0.89031556740843354
 0.023786074093560219
 0.59533328283375719
 1.5191668402586562
 1.5310376950257969
 0.98381086977188703
 0.048325171352531254
 -0.85740580254536991
 -1.479028161039901
 -1.5605454547083062
 -1.0721895531382961
 -0.12018508648974423
 0.75781914301526732
 0.89449833060686224
 0.98871069070099926
 1.1549919762654868
 0.19141994114471486
 -0.65429120580400246
 -1.3759231033932733
 -0.99693837014674846
 -1.2317874990129689
 -0.26165925596843598
 0.34210026289422391
 1.3134929553658312
 1.5999698510170761
 1.3021767220219322
 0.52886036676970249
 -0.27348932174976931
 -0.77764473286336266
 -1.5965171615116658
 -1.365793563917693
 -0.6363154187022142
 0.20345601305261818
 0.73031198170342548
 1.5847612805202818
 0.88894197826965471
 0.74046111142811433
 -0.21178330741235341
 -1.0866896200611411
 -0.9779770926331931
 -1.471423609139386
 -0.52547237649733447
 0.09693554799469864
 0.62451774811386163
 0.96039210634377858
 0.94555465629369806
 0.58542367337733436
