# Created by Octave 8.4.0, Thu Dec 11 09:16:06 2025 IST <gamana@Samsung>
# name: iq
# type: matrix
# rows: 2048
# columns: 1
 1.6000000000000001
 1.3078594828396464
 0.53812053356698397
 -0.26757933088703667
 -0.7737705401199878
 -0.99739959216031482
 -0.85680260336409153
 -0.40332217000396425
 0.19744169751515539
 1.1617674648126488
 1.5833790286129996
 0.89173695753970295
 0.749154243620751
 -0.20204353002732162
 -1.0794599269865388
 -1.5626838472910984
 -1.4752536834634684
 -0.84909680209866956
 0.054455970544694823
 0.99153831704690321
 1.5338614353143079
 0.94753482023462876
 0.94462336461493135
 0.028237569029006
 -0.89845989908127566
 -0.93566355795921996
 -1.5489730149676237
 -1.0352371151254043
 -0.089661145336106474
 0.50044297299076146
 1.4524760082306365
 1.5738343944166753
 0.70029174263479022
 0.1612074989385934
 -0.43674579739516622
 -1.4003362637290069
 -1.5905105512705131
 -1.1998691200655591
 -0.23191544205296488
 0.37077718740857579
 0.83807101776911563
 1.5989147559110988
 1.2730311537826249
 0.48226757712003088
 -0.48460837377945815
 -1.2745171485087401
 -1.5990032996191652
 -0.8372327419467338
 -0.59096226217858006
 0.37345288887648859
 0.75093258738581303
 0.99423482618450487
 0.87446671960772626
 0.43536466339879998
 -0.16272196520846155
 -0.70138649497904204
 -1.5742748128544564
 -0.90715275704229548
 -0.79858185850933749
 0.14590334067373942
 1.0371081931070047
 0.96849149417710867
 1.4961933763111284
 0.56026686158099936
 -0.019182950395057383
 -0.94660418569563576
 -1.5168388553150829
 -1.5331609153836951
 -0.61850621691532082
 -0.052923454120163547
 0.85117706439314356
 1.4762025206449945
 1.5621547671285392
 1.0776461366702739
 0.19960738160862385
 -0.46957695504264702
 -0.89243045547475575
 -1.5830241398668952
 -1.1600776873516347
 -0.19593694714062365
 0.64756169863859614
 1.3721487507852954
 0.99728780989863108
 1.2364758878073214
 0.26610024882900052
 -0.54043242017331783
 -1.309272480073469
 -0.99999882230188708
 -0.81652712817408524
 -0.53580737947358381
 0.43049245230356209
 0.77474182782419287
 0.99750902515076378
 1.3696163510044093
 0.40191732837529215
 -0.19894598283625273
 -0.72715906615685566
 -0.98983136742132305
 -0.8910413592107852
 -0.7469835946181913
 0.1277995015959035
 1.0812711747469574
 1.5632092467140242
 1.4743013714749824
 0.84701453984479258
 -0.055988358703845706
 -0.99346435156367885
 -0.95909896399592787
 -1.5152689985238279
 -0.58915019910744659
 -0.025782350915245302
 0.56280668962743263
 0.93620405186557298
 1.5483559908066828
 1.0333635987502012
 0.14101198650177535
 -0.50177110567169725
 -0.90844011502318567
 -0.98336891810956462
 -1.1187125453216173
 -0.15969265296119067
 0.70100144429140743
 0.87595154858681679
 1.590241634363269
 1.1982432741466169
 0.23042228230537098
 -0.59552334020536735
 -1.3422517113634902
 -0.99926402882828158
 -1.2715421605637345
 -0.29995352783086127
 0.3043425181213476
 1.2760001412419637
 1.5990880770408948
 0.83639249410950756
 0.36792477034572635
 -0.37584019083871389
 -1.2031123295789876
 -0.99439821600798184
 -0.87372121466920871
 -0.43398250394614873
 0.16423604820363752
 1.1239673524482932
 1.5747115232512838
 1.4504093955780257
 0.49778317453547566
 -0.14834850514954179
 -1.0389768282878857
 -0.96887257281824157
 -1.4953215357592782
 -0.89439194653720289
 0.020717374963544161
 0.9485827771484161
 1.5176184254982497
 1.5324567842516537
 0.98767924615859148
 0.051390813039935278
 -0.53328457614273284
 -0.92321742549042496
 -0.97601375467033502
 -0.67239363004398134
 -0.19717076303546693
 0.47093140178253623
 1.4289949622119771
 0.98916595154481612
 1.1583851774480025
 0.3110907764111292
 -0.40612900000404117
 -0.85838131514628802
 -0.99717367862900375
 -0.77182249939500824
 -0.26462053999945312
 0.54274303384716516
 1.3106823934518257
 0.99999528921032244
 0.81564015632847064
 0.3334331020884379
 -0.27053560075472688
 -0.7757112907044148
 -0.99761610861221961
 -1.3683453106370818
 -0.64081846411529619
 0.32071967929718814
 0.72821175405807848
 1.5840776168231268
 0.89034366212641014
 0.7448111861732909
 -0.20691439345004181
 -0.67692492230333512
 -0.97733185259986799
 -1.4733455869226157
 -0.84493028253606539
 0.057520614988220711
 0.99538804607827247
 1.5352516349797323
 0.9465491972583544
 0.94065505223745149
 0.023327072073843935
 -0.56407461669631687
 -0.93674234064043382
 -0.96733457478367735
 -0.64467978024642647
 -0.086603630204167628
 0.50309805648286454
 0.90908058516580226
 1.5729424375764296
 1.1169556674162675
 0.25308388935089982
 -0.70320796161439281
 -1.4027053906080471
 -0.99373060737929897
 -1.1966146058900076
 -0.36628572771519929
 0.3736261111647376
 0.8397416454761244
 0.99920398154940382
 0.79378135772453473
 0.47758258152366795
 -0.30580408578331203
 -1.2774801284892914
 -1.5991690879766041
 -1.3368804419785105
 -0.58639561635395432
 0.23639162971772915
 0.75295605345903283
 0.99455926362965252
 1.3967578428336804
 0.69215891566839305
 -0.1657497443578384
 -1.1257136655416835
 -1.5751445245785289
 -1.4493709635995575
 -0.7943224240416078
 0.094245825128639826
 0.65052688516667745
 1.5508021910089118
 0.93402885820795134
 0.55772175493586962
 -0.022251750734397037
 -0.95055913431292172
 -0.94899651318043343
 -0.9573431522354271
 -0.98574621887670111
 -0.049858050913958639
 0.53458223094328505
 0.9238061010348807
 0.97567848098621912
 1.0740109454649969
 0.19473368004700509
 -0.75565558286782664
 -0.89381114363436787
 -1.5823031772721183
 -1.156689939088303
 -0.30868170465518641
 0.65204957082277293
 0.85916763922364559
 1.5952915177924119
 1.2333532015402291
 0.4210243326138623
 -0.34065773071631095
 -0.82005576228364152
 -0.99998940073362763
 -0.81475126332711434
 -0.33198580663880228
 0.43522045056188929
 0.77667892647719483
 0.9977208422924585
 1.3670710472743799
 0.63856769344871234
 -0.20195314414651017
 -1.1668203627713425
 -0.99026332165106024
 -0.88964386792993688
 -0.464148139626821
 0.13084318561326425
 1.0848860255414638
 1.5642489983995427
 0.92024145753600073
 0.84284403508172012
 -0.059052735788742081
 -0.62331837253726197
 -1.5359413114400731
 -0.94605304094090492
 -0.58666723142977939
 -0.020871738287967782
 0.90454594423356471
 1.4996454768254734
 0.96694437685696777
 1.0296092684762668
 0.13611930377417911
 -0.50442382229876837
 -1.4555502625015035
 -1.5724909012748707
 -1.1151961586377703
 -0.25065893785105681
 0.44088301412749958
 1.4038849995502043
 1.5896925642435753
 0.74686444945741071
 0.22743433812111521
 -0.60007880746174169
 -0.84057399342575734
 -1.5986265291987838
 -0.79284699542711268
 -0.29702399601359247
 0.49162389304877907
 0.79934819172795746
 1.5992463322354782
 1.3355297444986494
 0.36506888685045302
 -0.38061213338449551
 -0.75396512742134258
 -1.5915487498723022
 -1.3955584522784645
 -0.43121512169653153
 0.26762088016914726
 1.1274573271333386
 1.57557381581631
 1.4483291177781921
 0.49511868617650917
 -0.15323778008408839
 -0.65169172040484546
 -0.96962788297188418
 -1.4935672904932904
 -0.55644722963027093
 0.023786074093560219
 0.95253325253401155
 1.5191668402586562
 1.5310376950257969
 0.98381086977188703
 0.048325171352531254
 -0.53587862659085617
 -1.479028161039901
 -1.5605454547083062
 -0.67011847071143504
 -0.12018508648974423
 0.47363696438454206
 0.89449833060686224
 0.98871069070099926
 1.1549919762654868
 0.19141994114471486
 -0.65429120580400246
 -1.3759231033932733
 -1.5951013922347976
 -1.2317874990129689
 -0.26165925596843598
 0.34210026289422391
 1.3134929553658312
 1.5999698510170761
 0.81386045126370754
 0.33053772923106406
 -0.43758291479963091
 -1.2442315725813804
 -0.997823225944791
 -1.365793563917693
 -0.39769713668888385
 0.32552962088418913
 0.73031198170342548
 1.5847612805202818
 0.88894197826965471
 0.74046111142811433
 -0.13236456713272088
 -1.0866896200611411
 -1.5647633482131091
 -1.471423609139386
 -0.52547237649733447
 0.09693554799469864
 0.62451774811386163
 0.96039210634377858
 0.94555465629369806
 0.58542367337733436
 0.011510222088034565
