# Created by Octave 8.4.0, Thu Dec 11 09:16:06 2025 IST <gamana@Samsung>
# name: iq
# type: matrix
# rows: 2048
# columns: 1
 1.6000000000000001
 1.3078594828396464
 0.336325333479365
 -0.26757933088703667
 -0.7737705401199878
 -0.99739959216031482
 -0.85680260336409153
 -0.64531547200634287
 0.19744169751515539
 0.72610466550790553
 1.5833790286129996
 1.4267791320635248
 0.749154243620751
 -0.20204353002732162
 -1.0794599269865388
 -0.97667740455693652
 -1.4752536834634684
 -0.53068550131166847
 0.087129552871511723
 0.61971144815431445
 0.95866339707144232
 0.94753482023462876
 0.59038960288433207
 0.028237569029006
 -0.89845989908127566
 -1.497061692734752
 -1.5489730149676237
 -1.0352371151254043
 -0.089661145336106474
 0.50044297299076146
 0.9077975051441477
 0.98364649651042202
 0.70029174263479022
 0.1612074989385934
 -0.69879327583226603
 -0.8752101648306293
 -0.99406909454407066
 -0.74991820004097443
 -0.23191544205296488
 0.59324349985372127
 0.83807101776911563
 1.5989147559110988
 0.79564447111414049
 0.48226757712003088
 -0.30288023361216132
 -0.79657321781796253
 -1.5990032996191652
 -0.8372327419467338
 -0.59096226217858006
 0.23340805554780536
 1.2014921398173009
 0.99423482618450487
 0.87446671960772626
 0.69658346143808003
 -0.26035514433353851
 -0.70138649497904204
 -1.5742748128544564
 -1.4514444112676728
 -0.79858185850933749
 0.14590334067373942
 0.64819262069187789
 0.96849149417710867
 0.93512086019445517
 0.56026686158099936
 -0.019182950395057383
 -0.59162761605977232
 -0.94802428457192678
 -0.95822557211480941
 -0.98960994706451333
 -0.084677526592261687
 0.53198566524571467
 0.92262657540312143
 1.5621547671285392
 1.0776461366702739
 0.19960738160862385
 -0.75132312806823531
 -0.89243045547475575
 -0.98939008741680945
 -0.72504855459477169
 -0.19593694714062365
 0.64756169863859614
 1.3721487507852954
 1.5956604958378098
 0.77279742987957578
 0.26610024882900052
 -0.54043242017331783
 -1.309272480073469
 -1.5999981156830194
 -0.81652712817408524
 -0.33487961217098988
 0.43049245230356209
 1.2395869245187088
 0.99750902515076378
 0.85601021937775568
 0.64306772540046753
 -0.19894598283625273
 -1.1634545058509691
 -0.98983136742132305
 -1.4256661747372563
 -0.46686474663636957
 0.20447920255344562
 1.0812711747469574
 0.97700577919626508
 0.92143835717186395
 0.84701453984479258
 -0.089581373926153132
 -0.62091521972729924
 -0.95909896399592787
 -0.94704312407739244
 -0.58915019910744659
 -0.025782350915245302
 0.56280668962743263
 0.93620405186557298
 1.5483559908066828
 1.0333635987502012
 0.088132491563609597
 -0.50177110567169725
 -1.4535041840370972
 -1.5733902689753034
 -0.69919534082601087
 -0.15969265296119067
 0.70100144429140743
 1.401522477738907
 0.99390102147704307
 0.74890204634163549
 0.23042228230537098
 -0.59552334020536735
 -0.83890731960218134
 -0.99926402882828158
 -0.79471385035233399
 -0.29995352783086127
 0.3043425181213476
 1.2760001412419637
 1.5990880770408948
 0.83639249410950756
 0.58867963255316214
 -0.37584019083871389
 -0.7519452059868672
 -0.99439821600798184
 -0.87372121466920871
 -0.694372006313838
 0.26277767712582006
 1.1239673524482932
 1.5747115232512838
 1.4504093955780257
 0.49778317453547566
 -0.092717815718463617
 -0.64936051767992853
 -0.96887257281824157
 -1.4953215357592782
 -0.55899496658575176
 0.033147799941670657
 0.59286423571776004
 0.94851151593640592
 1.5324567842516537
 0.61729952884911965
 0.082225300863896456
 -0.53328457614273284
 -1.4771478807846801
 -0.97601375467033502
 -0.67239363004398134
 -0.12323172689716683
 0.47093140178253623
 1.4289949622119771
 0.98916595154481612
 1.1583851774480025
 0.19443173525695573
 -0.64980640000646595
 -1.373410104234061
 -1.595477885806406
 -0.77182249939500824
 -0.26462053999945312
 0.54274303384716516
 1.3106823934518257
 1.5999924627365161
 0.81564015632847064
 0.3334331020884379
 -0.27053560075472688
 -0.7757112907044148
 -1.5961857737795515
 -0.85521581914817602
 -0.64081846411529619
 0.32071967929718814
 0.72821175405807848
 1.5840776168231268
 1.4245498594022563
 0.46550699135830681
 -0.20691439345004181
 -0.67692492230333512
 -1.563730964159789
 -0.92084099182663481
 -0.52808142658504087
 0.057520614988220711
 0.62211752879892024
 1.5352516349797323
 1.5144787156133672
 0.58790940764840716
 0.023327072073843935
 -0.90251938671410703
 -1.4987877450246943
 -1.5477353196538839
 -0.64467978024642647
 -0.13856580832666821
 0.80495689037258333
 1.4545289362652838
 1.5729424375764296
 0.69809729213516714
 0.25308388935089982
 -0.43950497600899546
 -1.4027053906080471
 -1.5899689718068784
 -0.74788412868125476
 -0.36628572771519929
 0.59780177786358013
 1.3435866327617991
 1.5987263704790462
 1.2700501723592557
 0.29848911345229245
 -0.48928653725329929
 -1.2774801284892914
 -1.5991690879766041
 -0.83555027623656908
 -0.36649726022122142
 0.37822660754836668
 1.2047296855344527
 0.99455926362965252
 0.87297365177105024
 0.43259932229274561
 -0.1657497443578384
 -1.1257136655416835
 -1.5751445245785289
 -0.90585685224972345
 -0.49645151502600482
 0.15079332020582373
 0.65052688516667745
 1.5508021910089118
 1.4944461731327223
 0.55772175493586962
 -0.022251750734397037
 -0.59409945894557603
 -1.5183944210886935
 -1.5317490435766834
 -0.61609138679793818
 -0.049858050913958639
 0.53458223094328505
 1.4780897616558093
 0.97567848098621912
 1.0740109454649969
 0.19473368004700509
 -0.47228473929239162
 -1.4300978298149887
 -1.5823031772721183
 -0.72293121193018939
 -0.19292606540949148
 0.40753098176423302
 0.85916763922364559
 0.99705719862025732
 0.77084575096264307
 0.4210243326138623
 -0.54505236914609756
 -0.82005576228364152
 -1.5999830411738043
 -0.81475126332711434
 -0.53117729062208363
 0.27201278160118081
 0.77667892647719483
 1.5963533476679337
 1.3670710472743799
 0.39910480840544516
 -0.20195314414651017
 -1.1668203627713425
 -1.5844213146416966
 -1.4234301886878991
 -0.7426370234029136
 0.20934909698122281
 1.0848860255414638
 1.5642489983995427
 1.4723863320576012
 0.52677752192607508
 -0.059052735788742081
 -0.99730939605961921
 -0.95996331965004555
 -0.94605304094090492
 -0.93866757028764702
 -0.013044836429979863
 0.5653412151459779
 0.9372784230159209
 1.5471110029711486
 0.64350579279766673
 0.085074564858861945
 -0.50442382229876837
 -0.90971891406343963
 -1.5724909012748707
 -1.1151961586377703
 -0.25065893785105681
 0.7054128226039994
 0.87742812471887766
 1.5896925642435753
 0.74686444945741071
 0.22743433812111521
 -0.60007880746174169
 -0.84057399342575734
 -1.5986265291987838
 -0.79284699542711268
 -0.47523839362174797
 0.49162389304877907
 1.2789571067647321
 0.99952895764717375
 0.83470609031165577
 0.5841102189607249
 -0.23788258336530968
 -1.2063442038741483
 -1.5915487498723022
 -0.87222403267404025
 -0.68994419471445045
 0.26762088016914726
 0.70466082945833652
 1.57557381581631
 1.4483291177781921
 0.79218989788241467
 -0.15323778008408839
 -1.0427067526477527
 -1.5514046127550147
 -0.9334795565583065
 -0.55644722963027093
 0.023786074093560219
 0.59533328283375719
 0.94947927516166009
 1.5310376950257969
 0.61488179360742934
 0.077320274164050018
 -0.85740580254536991
 -0.92439260064993811
 -0.97534090919269134
 -1.0721895531382961
 -0.19229613838359078
 0.75781914301526732
 1.4311973289709796
 1.5819371051215989
 0.72186998516592915
 0.19141994114471486
 -0.40893200362750154
 -1.3759231033932733
 -0.99693837014674846
 -0.76986718688310551
 -0.26165925596843598
 0.34210026289422391
 1.3134929553658312
 1.5999698510170761
 1.3021767220219322
 0.33053772923106406
 -0.43758291479963091
 -1.2442315725813804
 -1.5965171615116658
 -0.85362097744855803
 -0.6363154187022142
 0.32552962088418913
 0.73031198170342548
 1.5847612805202818
 0.88894197826965471
 0.46278819464257143
 -0.21178330741235341
 -0.67918101253821317
 -1.5647633482131091
 -0.9196397557121162
 -0.52547237649733447
 0.09693554799469864
 0.62451774811386163
 1.5366273701500459
 1.512887450069917
 0.93667787740373498
 0.018416355340855305
