# Created by Octave 8.4.0, Thu Dec 11 09:16:06 2025 IST <gamana@Samsung>
# name: iq
# type: matrix
# rows: 2048
# columns: 1
 1.6000000000000001
 0.81741217677477895
 0.336325333479365
 -0.26757933088703667
 -0.7737705401199878
 -1.5958393474565038
 -0.85680260336409153
 -0.64531547200634287
 0.19744169751515539
 1.1617674648126488
 1.5833790286129996
 0.89173695753970295
 0.46822140226296938
 -0.126277206267076
 -0.67466245436658678
 -1.5626838472910984
 -0.92203355216466776
 -0.84909680209866956
 0.054455970544694823
 0.61971144815431445
 1.5338614353143079
 1.5160557123754062
 0.59038960288433207
 0.017648480643128749
 -0.89845989908127566
 -0.93566355795921996
 -1.5489730149676237
 -1.0352371151254043
 -0.14345783253777036
 0.50044297299076146
 1.4524760082306365
 1.5738343944166753
 0.70029174263479022
 0.25793199830174945
 -0.69879327583226603
 -1.4003362637290069
 -0.99406909454407066
 -0.74991820004097443
 -0.23191544205296488
 0.37077718740857579
 1.3409136284305851
 0.99932172244443662
 0.79564447111414049
 0.30141723570001927
 -0.30288023361216132
 -0.79657321781796253
 -0.9993770622619782
 -1.3395723871147742
 -0.59096226217858006
 0.37345288887648859
 1.2014921398173009
 0.99423482618450487
 1.3991467513723621
 0.69658346143808003
 -0.26035514433353851
 -1.1222183919664672
 -1.5742748128544564
 -1.4514444112676728
 -0.49911366156833592
 0.091189587921087126
 1.0371081931070047
 1.549586390683374
 1.4961933763111284
 0.89642697852959907
 -0.019182950395057383
 -0.59162761605977232
 -0.94802428457192678
 -0.95822557211480941
 -0.98960994706451333
 -0.084677526592261687
 0.53198566524571467
 1.4762025206449945
 0.97634672945533696
 0.67352883541892117
 0.1247546135053899
 -0.75132312806823531
 -0.89243045547475575
 -0.98939008741680945
 -1.1600776873516347
 -0.19593694714062365
 0.64756169863859614
 1.3721487507852954
 1.5956604958378098
 0.77279742987957578
 0.42576039812640087
 -0.54043242017331783
 -0.81829530004591811
 -0.99999882230188708
 -0.81652712817408524
 -0.33487961217098988
 0.43049245230356209
 0.77474182782419287
 1.5960144402412222
 0.85601021937775568
 0.40191732837529215
 -0.19894598283625273
 -0.72715906615685566
 -0.98983136742132305
 -1.4256661747372563
 -0.46686474663636957
 0.20447920255344562
 1.0812711747469574
 0.97700577919626508
 0.92143835717186395
 0.84701453984479258
 -0.089581373926153132
 -0.99346435156367885
 -0.95909896399592787
 -0.94704312407739244
 -0.94264031857191455
 -0.025782350915245302
 0.90049070340389226
 0.93620405186557298
 0.96772249425417678
 1.0333635987502012
 0.14101198650177535
 -0.8028337690747156
 -1.4535041840370972
 -1.5733902689753034
 -0.69919534082601087
 -0.25550824473790507
 0.43812590268212964
 1.401522477738907
 0.99390102147704307
 0.74890204634163549
 0.36867565168859362
 -0.59552334020536735
 -1.3422517113634902
 -1.5988224461252507
 -1.2715421605637345
 -0.29995352783086127
 0.48694802899415618
 1.2760001412419637
 1.5990880770408948
 0.83639249410950756
 0.36792477034572635
 -0.37584019083871389
 -1.2031123295789876
 -0.99439821600798184
 -0.87372121466920871
 -0.43398250394614873
 0.16423604820363752
 1.1239673524482932
 1.5747115232512838
 0.906505872236266
 0.49778317453547566
 -0.092717815718463617
 -0.64936051767992853
 -0.96887257281824157
 -0.93457595984954878
 -0.89439194653720289
 0.020717374963544161
 0.9485827771484161
 1.5176184254982497
 0.95778549015728354
 0.98767924615859148
 0.082225300863896456
 -0.53328457614273284
 -1.4771478807846801
 -1.5616220074725362
 -1.0758298080703701
 -0.12323172689716683
 0.47093140178253623
 1.4289949622119771
 0.98916595154481612
 0.72399073590500151
 0.19443173525695573
 -0.64980640000646595
 -0.85838131514628802
 -0.99717367862900375
 -1.2349159990320133
 -0.26462053999945312
 0.33921439615447818
 1.3106823934518257
 1.5999924627365161
 1.3050242501255531
 0.3334331020884379
 -0.43285696120756301
 -0.7757112907044148
 -0.99761610861221961
 -1.3683453106370818
 -0.64081846411529619
 0.20044979956074258
 0.72821175405807848
 0.99004851051445419
 1.4245498594022563
 0.46550699135830681
 -0.20691439345004181
 -0.67692492230333512
 -1.563730964159789
 -1.4733455869226157
 -0.52808142658504087
 0.092032983981153144
 0.99538804607827247
 0.95953227186233259
 1.5144787156133672
 0.58790940764840716
 0.01457942004615246
 -0.90251938671410703
 -1.4987877450246943
 -1.5477353196538839
 -0.64467978024642647
 -0.086603630204167628
 0.50309805648286454
 0.90908058516580226
 0.98308902348526839
 1.1169556674162675
 0.15817743084431238
 -0.43950497600899546
 -1.4027053906080471
 -1.5899689718068784
 -1.1966146058900076
 -0.22892857982199954
 0.59780177786358013
 0.8397416454761244
 0.99920398154940382
 1.2700501723592557
 0.47758258152366795
 -0.30580408578331203
 -0.79842508030580706
 -1.5991690879766041
 -1.3368804419785105
 -0.36649726022122142
 0.37822660754836668
 0.75295605345903283
 0.99455926362965252
 1.3967578428336804
 0.69215891566839305
 -0.26519959097254148
 -1.1257136655416835
 -1.5751445245785289
 -1.4493709635995575
 -0.7943224240416078
 0.15079332020582373
 0.65052688516667745
 1.5508021910089118
 0.93402885820795134
 0.89235480789739141
 -0.03560280117503526
 -0.59409945894557603
 -1.5183944210886935
 -0.9573431522354271
 -0.98574621887670111
 -0.049858050913958639
 0.85533156950925615
 0.9238061010348807
 1.5610855695779506
 1.0740109454649969
 0.19473368004700509
 -0.75565558286782664
 -0.89381114363436787
 -0.98893948579507385
 -1.156689939088303
 -0.30868170465518641
 0.65204957082277293
 1.3746682227578331
 0.99705719862025732
 1.2333532015402291
 0.26314020788366393
 -0.34065773071631095
 -0.82005576228364152
 -0.99998940073362763
 -0.81475126332711434
 -0.53117729062208363
 0.43522045056188929
 1.2426862823635119
 1.5963533476679337
 1.3670710472743799
 0.39910480840544516
 -0.32312503063441628
 -1.1668203627713425
 -1.5844213146416966
 -1.4234301886878991
 -0.464148139626821
 0.13084318561326425
 1.0848860255414638
 1.5642489983995427
 1.4723863320576012
 0.84284403508172012
 -0.094484377261987329
 -0.62331837253726197
 -0.95996331965004555
 -1.513684865505448
 -0.58666723142977939
 -0.013044836429979863
 0.90454594423356471
 1.4996454768254734
 0.96694437685696777
 0.64350579279766673
 0.085074564858861945
 -0.50442382229876837
 -1.4555502625015035
 -0.98280681329679409
 -0.69699759914860648
 -0.15666183615691048
 0.7054128226039994
 1.4038849995502043
 1.5896925642435753
 0.74686444945741071
 0.36389494099378439
 -0.60007880746174169
 -0.84057399342575734
 -1.5986265291987838
 -0.79284699542711268
 -0.29702399601359247
 0.30726493315548692
 0.79934819172795746
 0.99952895764717375
 1.3355297444986494
 0.36506888685045302
 -0.38061213338449551
 -1.2063442038741483
 -0.9947179686701888
 -0.87222403267404025
 -0.43121512169653153
 0.16726305010571701
 1.1274573271333386
 1.57557381581631
 0.90520569861137001
 0.79218989788241467
 -0.15323778008408839
 -1.0427067526477527
 -1.5514046127550147
 -0.9334795565583065
 -0.55644722963027093
 0.038057718549696355
 0.59533328283375719
 0.94947927516166009
 1.5310376950257969
 0.98381086977188703
 0.048325171352531254
 -0.85740580254536991
 -0.92439260064993811
 -1.5605454547083062
 -1.0721895531382961
 -0.12018508648974423
 0.75781914301526732
 1.4311973289709796
 0.98871069070099926
 1.1549919762654868
 0.19141994114471486
 -0.40893200362750154
 -1.3759231033932733
 -0.99693837014674846
 -0.76986718688310551
 -0.41865480954949758
 0.54736042063075829
 1.3134929553658312
 0.99998115688567257
 1.3021767220219322
 0.33053772923106406
 -0.27348932174976931
 -0.77764473286336266
 -0.997823225944791
 -0.85362097744855803
 -0.6363154187022142
 0.32552962088418913
 1.1684991707254808
 0.99047580032517601
 1.4223071652314476
 0.74046111142811433
 -0.13236456713272088
 -0.67918101253821317
 -1.5647633482131091
 -1.471423609139386
 -0.84075580239573522
 0.060584717496686646
 0.99922839698217869
 1.5366273701500459
 0.94555465629369806
 0.93667787740373498
 0.018416355340855305
