# Created by Octave 8.4.0, Thu Dec 11 09:16:06 2025 IST <gamana@Samsung>
# name: iq
# type: matrix
# rows: 2048
# columns: 1
 1.6000000000000001
 0.81741217677477895
 0.336325333479365
 -0.42812692941925867
 -1.2380328641919807
 -1.5958393474565038
 -0.85680260336409153
 -0.40332217000396425
 0.19744169751515539
 0.72610466550790553
 1.5833790286129996
 1.4267791320635248
 0.46822140226296938
 -0.20204353002732162
 -0.67466245436658678
 -0.97667740455693652
 -1.4752536834634684
 -0.84909680209866956
 0.054455970544694823
 0.61971144815431445
 1.5338614353143079
 1.5160557123754062
 0.94462336461493135
 0.028237569029006
 -0.56153743692579727
 -1.497061692734752
 -1.5489730149676237
 -1.0352371151254043
 -0.089661145336106474
 0.80070875678521836
 0.9077975051441477
 1.5738343944166753
 0.70029174263479022
 0.25793199830174945
 -0.69879327583226603
 -1.4003362637290069
 -1.5905105512705131
 -0.74991820004097443
 -0.23191544205296488
 0.59324349985372127
 0.83807101776911563
 1.5989147559110988
 0.79564447111414049
 0.48226757712003088
 -0.48460837377945815
 -1.2745171485087401
 -1.5990032996191652
 -1.3395723871147742
 -0.59096226217858006
 0.37345288887648859
 1.2014921398173009
 1.5907757218952079
 0.87446671960772626
 0.69658346143808003
 -0.16272196520846155
 -0.70138649497904204
 -1.5742748128544564
 -0.90715275704229548
 -0.79858185850933749
 0.091189587921087126
 0.64819262069187789
 1.549586390683374
 0.93512086019445517
 0.89642697852959907
 -0.019182950395057383
 -0.94660418569563576
 -0.94802428457192678
 -0.95822557211480941
 -0.98960994706451333
 -0.084677526592261687
 0.53198566524571467
 0.92262657540312143
 1.5621547671285392
 0.67352883541892117
 0.19960738160862385
 -0.46957695504264702
 -1.4278887287596094
 -0.98939008741680945
 -1.1600776873516347
 -0.31349911542499787
 0.40472606164912256
 1.3721487507852954
 1.5956604958378098
 0.77279742987957578
 0.42576039812640087
 -0.3377702626083236
 -0.81829530004591811
 -1.5999981156830194
 -0.81652712817408524
 -0.53580737947358381
 0.43049245230356209
 0.77474182782419287
 1.5960144402412222
 0.85601021937775568
 0.40191732837529215
 -0.31831357253800441
 -0.72715906615685566
 -1.583730187874117
 -0.8910413592107852
 -0.7469835946181913
 0.1277995015959035
 0.6757944842168484
 1.5632092467140242
 1.4743013714749824
 0.84701453984479258
 -0.089581373926153132
 -0.99346435156367885
 -0.95909896399592787
 -0.94704312407739244
 -0.58915019910744659
 -0.025782350915245302
 0.56280668962743263
 1.4979264829849168
 1.5483559908066828
 1.0333635987502012
 0.14101198650177535
 -0.8028337690747156
 -0.90844011502318567
 -1.5733902689753034
 -1.1187125453216173
 -0.25550824473790507
 0.43812590268212964
 1.401522477738907
 0.99390102147704307
 1.1982432741466169
 0.36867565168859362
 -0.37220208762835455
 -0.83890731960218134
 -1.5988224461252507
 -1.2715421605637345
 -0.29995352783086127
 0.3043425181213476
 0.79750008827622731
 0.99943004815055925
 0.83639249410950756
 0.36792477034572635
 -0.37584019083871389
 -0.7519452059868672
 -1.591037145612771
 -0.87372121466920871
 -0.694372006313838
 0.16423604820363752
 0.70247959528018322
 0.98419470203205239
 0.906505872236266
 0.49778317453547566
 -0.14834850514954179
 -1.0389768282878857
 -1.5501961165091867
 -0.93457595984954878
 -0.55899496658575176
 0.020717374963544161
 0.9485827771484161
 1.5176184254982497
 0.95778549015728354
 0.98767924615859148
 0.051390813039935278
 -0.8532553218283726
 -0.92321742549042496
 -1.5616220074725362
 -0.67239363004398134
 -0.19717076303546693
 0.47093140178253623
 0.89312185138248557
 0.98916595154481612
 0.72399073590500151
 0.19443173525695573
 -0.40612900000404117
 -1.373410104234061
 -0.99717367862900375
 -1.2349159990320133
 -0.42339286399912501
 0.33921439615447818
 1.3106823934518257
 0.99999528921032244
 0.81564015632847064
 0.3334331020884379
 -0.43285696120756301
 -0.7757112907044148
 -0.99761610861221961
 -0.85521581914817602
 -0.64081846411529619
 0.32071967929718814
 0.72821175405807848
 1.5840776168231268
 0.89034366212641014
 0.46550699135830681
 -0.12932149590627612
 -0.67692492230333512
 -0.97733185259986799
 -1.4733455869226157
 -0.84493028253606539
 0.092032983981153144
 0.62211752879892024
 0.95953227186233259
 0.9465491972583544
 0.58790940764840716
 0.023327072073843935
 -0.90251938671410703
 -0.93674234064043382
 -0.96733457478367735
 -0.64467978024642647
 -0.13856580832666821
 0.80495689037258333
 0.90908058516580226
 1.5729424375764296
 0.69809729213516714
 0.25308388935089982
 -0.70320796161439281
 -0.87669086913002936
 -0.99373060737929897
 -1.1966146058900076
 -0.22892857982199954
 0.3736261111647376
 1.3435866327617991
 0.99920398154940382
 0.79378135772453473
 0.47758258152366795
 -0.48928653725329929
 -1.2774801284892914
 -0.99948067998537748
 -1.3368804419785105
 -0.58639561635395432
 0.37822660754836668
 1.2047296855344527
 1.5912948218074441
 1.3967578428336804
 0.69215891566839305
 -0.1657497443578384
 -1.1257136655416835
 -1.5751445245785289
 -0.90585685224972345
 -0.7943224240416078
 0.15079332020582373
 0.65052688516667745
 0.96925136938056977
 1.4944461731327223
 0.89235480789739141
 -0.022251750734397037
 -0.95055913431292172
 -0.94899651318043343
 -0.9573431522354271
 -0.61609138679793818
 -0.079772881462333828
 0.85533156950925615
 0.9238061010348807
 1.5610855695779506
 1.0740109454649969
 0.19473368004700509
 -0.47228473929239162
 -1.4300978298149887
 -0.98893948579507385
 -1.156689939088303
 -0.19292606540949148
 0.40753098176423302
 1.3746682227578331
 0.99705719862025732
 1.2333532015402291
 0.4210243326138623
 -0.54505236914609756
 -0.82005576228364152
 -1.5999830411738043
 -0.81475126332711434
 -0.53117729062208363
 0.43522045056188929
 1.2426862823635119
 1.5963533476679337
 1.3670710472743799
 0.39910480840544516
 -0.20195314414651017
 -0.72926272673208903
 -1.5844213146416966
 -0.88964386792993688
 -0.464148139626821
 0.13084318561326425
 1.0848860255414638
 0.97765562399971406
 0.92024145753600073
 0.52677752192607508
 -0.094484377261987329
 -0.62331837253726197
 -1.5359413114400731
 -1.513684865505448
 -0.93866757028764702
 -0.013044836429979863
 0.5653412151459779
 1.4996454768254734
 1.5471110029711486
 0.64350579279766673
 0.13611930377417911
 -0.50442382229876837
 -1.4555502625015035
 -1.5724909012748707
 -1.1151961586377703
 -0.15666183615691048
 0.7054128226039994
 1.4038849995502043
 1.5896925642435753
 1.1949831191318572
 0.22743433812111521
 -0.60007880746174169
 -1.3449183894812118
 -1.5986265291987838
 -0.79284699542711268
 -0.29702399601359247
 0.30726493315548692
 1.2789571067647321
 1.5992463322354782
 1.3355297444986494
 0.36506888685045302
 -0.38061213338449551
 -0.75396512742134258
 -1.5915487498723022
 -0.87222403267404025
 -0.68994419471445045
 0.16726305010571701
 0.70466082945833652
 0.98473363488519361
 1.4483291177781921
 0.49511868617650917
 -0.095773612552555232
 -0.65169172040484546
 -0.96962788297188418
 -1.4935672904932904
 -0.89031556740843354
 0.038057718549696355
 0.59533328283375719
 1.5191668402586562
 1.5310376950257969
 0.98381086977188703
 0.077320274164050018
 -0.85740580254536991
 -0.92439260064993811
 -1.5605454547083062
 -1.0721895531382961
 -0.19229613838359078
 0.75781914301526732
 0.89449833060686224
 0.98871069070099926
 1.1549919762654868
 0.30627190583154379
 -0.40893200362750154
 -0.85995193962079575
 -1.5951013922347976
 -0.76986718688310551
 -0.41865480954949758
 0.54736042063075829
 0.82093309710364448
 0.99998115688567257
 1.3021767220219322
 0.52886036676970249
 -0.43758291479963091
 -0.77764473286336266
 -0.997823225944791
 -1.365793563917693
 -0.39769713668888385
 0.32552962088418913
 0.73031198170342548
 0.99047580032517601
 0.88894197826965471
 0.74046111142811433
 -0.21178330741235341
 -0.67918101253821317
 -1.5647633482131091
 -1.471423609139386
 -0.52547237649733447
 0.060584717496686646
 0.62451774811386163
 1.5366273701500459
 0.94555465629369806
 0.93667787740373498
 0.011510222088034565
