# Created by Octave 8.4.0, Thu Dec 11 09:16:06 2025 IST <gamana@Samsung>
# name: iq
# type: matrix
# rows: 2048
# columns: 1
 1.6000000000000001
 1.3078594828396464
 0.53812053356698397
 -0.42812692941925867
 -1.2380328641919807
 -0.99739959216031482
 -1.3708841653825465
 -0.40332217000396425
 0.31590671602424863
 1.1617674648126488
 0.98961189288312468
 1.4267791320635248
 0.749154243620751
 -0.126277206267076
 -0.67466245436658678
 -1.5626838472910984
 -0.92203355216466776
 -0.53068550131166847
 0.054455970544694823
 0.61971144815431445
 0.95866339707144232
 1.5160557123754062
 0.94462336461493135
 0.017648480643128749
 -0.56153743692579727
 -0.93566355795921996
 -0.96810813435476473
 -0.64702319695337762
 -0.089661145336106474
 0.50044297299076146
 0.9077975051441477
 1.5738343944166753
 1.1204667882156645
 0.25793199830174945
 -0.43674579739516622
 -1.4003362637290069
 -1.5905105512705131
 -1.1998691200655591
 -0.37106470728474383
 0.37077718740857579
 1.3409136284305851
 0.99932172244443662
 0.79564447111414049
 0.48226757712003088
 -0.48460837377945815
 -0.79657321781796253
 -0.9993770622619782
 -0.8372327419467338
 -0.59096226217858006
 0.23340805554780536
 0.75093258738581303
 1.5907757218952079
 0.87446671960772626
 0.69658346143808003
 -0.16272196520846155
 -0.70138649497904204
 -0.98392175803403514
 -0.90715275704229548
 -0.79858185850933749
 0.14590334067373942
 0.64819262069187789
 0.96849149417710867
 1.4961933763111284
 0.89642697852959907
 -0.030692720632091816
 -0.94660418569563576
 -0.94802428457192678
 -1.5331609153836951
 -0.98960994706451333
 -0.084677526592261687
 0.53198566524571467
 0.92262657540312143
 1.5621547671285392
 0.67352883541892117
 0.19960738160862385
 -0.46957695504264702
 -0.89243045547475575
 -0.98939008741680945
 -1.1600776873516347
 -0.19593694714062365
 0.40472606164912256
 0.85759296924080952
 0.99728780989863108
 0.77279742987957578
 0.42576039812640087
 -0.3377702626083236
 -1.309272480073469
 -0.99999882230188708
 -1.3064434050785365
 -0.53580737947358381
 0.43049245230356209
 1.2395869245187088
 0.99750902515076378
 1.3696163510044093
 0.40191732837529215
 -0.31831357253800441
 -0.72715906615685566
 -0.98983136742132305
 -0.8910413592107852
 -0.46686474663636957
 0.20447920255344562
 0.6757944842168484
 0.97700577919626508
 1.4743013714749824
 0.52938408740299536
 -0.089581373926153132
 -0.62091521972729924
 -1.5345583423934848
 -0.94704312407739244
 -0.94264031857191455
 -0.016113969322028313
 0.90049070340389226
 0.93620405186557298
 1.5483559908066828
 0.64585224921887574
 0.088132491563609597
 -0.8028337690747156
 -0.90844011502318567
 -0.98336891810956462
 -0.69919534082601087
 -0.15969265296119067
 0.70100144429140743
 0.87595154858681679
 1.590241634363269
 1.1982432741466169
 0.23042228230537098
 -0.37220208762835455
 -0.83890731960218134
 -0.99926402882828158
 -1.2715421605637345
 -0.29995352783086127
 0.3043425181213476
 1.2760001412419637
 0.99943004815055925
 1.3382279905752121
 0.36792477034572635
 -0.37584019083871389
 -0.7519452059868672
 -0.99439821600798184
 -0.87372121466920871
 -0.694372006313838
 0.26277767712582006
 1.1239673524482932
 0.98419470203205239
 1.4504093955780257
 0.79645307925676112
 -0.092717815718463617
 -1.0389768282878857
 -1.5501961165091867
 -0.93457595984954878
 -0.55899496658575176
 0.020717374963544161
 0.9485827771484161
 1.5176184254982497
 0.95778549015728354
 0.61729952884911965
 0.082225300863896456
 -0.8532553218283726
 -0.92321742549042496
 -1.5616220074725362
 -1.0758298080703701
 -0.19717076303546693
 0.75349024285205801
 0.89312185138248557
 1.5826655224717059
 0.72399073590500151
 0.3110907764111292
 -0.40612900000404117
 -0.85838131514628802
 -0.99717367862900375
 -1.2349159990320133
 -0.42339286399912501
 0.33921439615447818
 1.3106823934518257
 0.99999528921032244
 1.3050242501255531
 0.3334331020884379
 -0.27053560075472688
 -1.2411380651270638
 -1.5961857737795515
 -1.3683453106370818
 -0.64081846411529619
 0.20044979956074258
 0.72821175405807848
 1.5840776168231268
 1.4245498594022563
 0.46550699135830681
 -0.20691439345004181
 -1.0830798756853361
 -1.563730964159789
 -1.4733455869226157
 -0.84493028253606539
 0.092032983981153144
 0.62211752879892024
 0.95953227186233259
 1.5144787156133672
 0.58790940764840716
 0.01457942004615246
 -0.90251938671410703
 -1.4987877450246943
 -0.96733457478367735
 -0.64467978024642647
 -0.13856580832666821
 0.80495689037258333
 0.90908058516580226
 1.5729424375764296
 0.69809729213516714
 0.25308388935089982
 -0.70320796161439281
 -0.87669086913002936
 -1.5899689718068784
 -1.1966146058900076
 -0.36628572771519929
 0.59780177786358013
 1.3435866327617991
 1.5987263704790462
 0.79378135772453473
 0.47758258152366795
 -0.48928653725329929
 -0.79842508030580706
 -0.99948067998537748
 -1.3368804419785105
 -0.58639561635395432
 0.23639162971772915
 1.2047296855344527
 1.5912948218074441
 1.3967578428336804
 0.43259932229274561
 -0.26519959097254148
 -1.1257136655416835
 -1.5751445245785289
 -0.90585685224972345
 -0.49645151502600482
 0.15079332020582373
 1.040843016266684
 1.5508021910089118
 1.4944461731327223
 0.55772175493586962
 -0.022251750734397037
 -0.59409945894557603
 -1.5183944210886935
 -1.5317490435766834
 -0.98574621887670111
 -0.049858050913958639
 0.53458223094328505
 0.9238061010348807
 0.97567848098621912
 0.67125684091562299
 0.12170855002937817
 -0.47228473929239162
 -1.4300978298149887
 -0.98893948579507385
 -1.156689939088303
 -0.30868170465518641
 0.40753098176423302
 0.85916763922364559
 0.99705719862025732
 0.77084575096264307
 0.4210243326138623
 -0.34065773071631095
 -0.82005576228364152
 -0.99998940073362763
 -0.81475126332711434
 -0.53117729062208363
 0.27201278160118081
 1.2426862823635119
 1.5963533476679337
 0.85441940454648735
 0.39910480840544516
 -0.32312503063441628
 -0.72926272673208903
 -0.99026332165106024
 -1.4234301886878991
 -0.7426370234029136
 0.20934909698122281
 0.67805376596341482
 1.5642489983995427
 1.4723863320576012
 0.52677752192607508
 -0.094484377261987329
 -0.62331837253726197
 -0.95996331965004555
 -0.94605304094090492
 -0.58666723142977939
 -0.020871738287967782
 0.5653412151459779
 1.4996454768254734
 1.5471110029711486
 0.64350579279766673
 0.13611930377417911
 -0.80707811567802945
 -0.90971891406343963
 -1.5724909012748707
 -1.1151961586377703
 -0.25065893785105681
 0.7054128226039994
 1.4038849995502043
 0.99355785265223451
 1.1949831191318572
 0.22743433812111521
 -0.60007880746174169
 -0.84057399342575734
 -0.99914158074923987
 -0.79284699542711268
 -0.47523839362174797
 0.30726493315548692
 0.79934819172795746
 0.99952895764717375
 0.83470609031165577
 0.36506888685045302
 -0.38061213338449551
 -1.2063442038741483
 -1.5915487498723022
 -1.3955584522784645
 -0.43121512169653153
 0.16726305010571701
 1.1274573271333386
 0.98473363488519361
 0.90520569861137001
 0.79218989788241467
 -0.15323778008408839
 -1.0427067526477527
 -0.96962788297188418
 -0.9334795565583065
 -0.89031556740843354
 0.038057718549696355
 0.59533328283375719
 1.5191668402586562
 1.5310376950257969
 0.98381086977188703
 0.077320274164050018
 -0.53587862659085617
 -0.92439260064993811
 -1.5605454547083062
 -1.0721895531382961
 -0.12018508648974423
 0.75781914301526732
 0.89449833060686224
 0.98871069070099926
 1.1549919762654868
 0.19141994114471486
 -0.65429120580400246
 -0.85995193962079575
 -1.5951013922347976
 -0.76986718688310551
 -0.26165925596843598
 0.34210026289422391
 1.3134929553658312
 0.99998115688567257
 0.81386045126370754
 0.33053772923106406
 -0.27348932174976931
 -1.2442315725813804
 -1.5965171615116658
 -1.365793563917693
 -0.6363154187022142
 0.20345601305261818
 0.73031198170342548
 0.99047580032517601
 0.88894197826965471
 0.74046111142811433
 -0.13236456713272088
 -0.67918101253821317
 -1.5647633482131091
 -0.9196397557121162
 -0.52547237649733447
 0.09693554799469864
 0.62451774811386163
 1.5366273701500459
 1.512887450069917
 0.93667787740373498
