# Created by Octave 8.4.0, Thu Dec 11 09:16:05 2025 IST <gamana@Samsung>
# name: iq
# type: matrix
# rows: 2048
# columns: 1
 1
 0.81741217677477895
 0.336325333479365
 -0.42812692941925867
 -0.7737705401199878
 -0.99739959216031482
 -0.85680260336409153
 -0.64531547200634287
 0.31590671602424863
 0.72610466550790553
 0.98961189288312468
 1.4267791320635248
 0.749154243620751
 -0.20204353002732162
 -0.67466245436658678
 -0.97667740455693652
 -1.4752536834634684
 -0.84909680209866956
 0.054455970544694823
 0.61971144815431445
 0.95866339707144232
 1.5160557123754062
 0.94462336461493135
 0.028237569029006
 -0.56153743692579727
 -1.497061692734752
 -0.96810813435476473
 -0.64702319695337762
 -0.089661145336106474
 0.80070875678521836
 1.4524760082306365
 1.5738343944166753
 1.1204667882156645
 0.25793199830174945
 -0.43674579739516622
 -0.8752101648306293
 -0.99406909454407066
 -1.1998691200655591
 -0.23191544205296488
 0.37077718740857579
 1.3409136284305851
 1.5989147559110988
 1.2730311537826249
 0.30141723570001927
 -0.48460837377945815
 -1.2745171485087401
 -0.9993770622619782
 -1.3395723871147742
 -0.36935141386161252
 0.23340805554780536
 0.75093258738581303
 0.99423482618450487
 1.3991467513723621
 0.43536466339879998
 -0.26035514433353851
 -0.70138649497904204
 -0.98392175803403514
 -1.4514444112676728
 -0.79858185850933749
 0.14590334067373942
 1.0371081931070047
 1.549586390683374
 0.93512086019445517
 0.56026686158099936
 -0.030692720632091816
 -0.59162761605977232
 -0.94802428457192678
 -0.95822557211480941
 -0.98960994706451333
 -0.084677526592261687
 0.53198566524571467
 1.4762025206449945
 1.5621547671285392
 0.67352883541892117
 0.1247546135053899
 -0.46957695504264702
 -1.4278887287596094
 -1.5830241398668952
 -1.1600776873516347
 -0.31349911542499787
 0.40472606164912256
 1.3721487507852954
 0.99728780989863108
 0.77279742987957578
 0.42576039812640087
 -0.54043242017331783
 -1.309272480073469
 -1.5999981156830194
 -1.3064434050785365
 -0.53580737947358381
 0.2690577826897263
 1.2395869245187088
 0.99750902515076378
 0.85601021937775568
 0.40191732837529215
 -0.19894598283625273
 -0.72715906615685566
 -1.583730187874117
 -1.4256661747372563
 -0.46686474663636957
 0.1277995015959035
 0.6757944842168484
 0.97700577919626508
 0.92143835717186395
 0.52938408740299536
 -0.089581373926153132
 -0.99346435156367885
 -1.5345583423934848
 -1.5152689985238279
 -0.94264031857191455
 -0.016113969322028313
 0.90049070340389226
 0.93620405186557298
 1.5483559908066828
 1.0333635987502012
 0.14101198650177535
 -0.50177110567169725
 -1.4535041840370972
 -0.98336891810956462
 -1.1187125453216173
 -0.25550824473790507
 0.70100144429140743
 0.87595154858681679
 1.590241634363269
 0.74890204634163549
 0.23042228230537098
 -0.37220208762835455
 -0.83890731960218134
 -0.99926402882828158
 -1.2715421605637345
 -0.47992564452937803
 0.3043425181213476
 0.79750008827622731
 1.5990880770408948
 1.3382279905752121
 0.58867963255316214
 -0.37584019083871389
 -1.2031123295789876
 -1.591037145612771
 -1.397953943470734
 -0.43398250394614873
 0.16423604820363752
 1.1239673524482932
 0.98419470203205239
 1.4504093955780257
 0.49778317453547566
 -0.14834850514954179
 -0.64936051767992853
 -1.5501961165091867
 -1.4953215357592782
 -0.89439194653720289
 0.033147799941670657
 0.9485827771484161
 0.94851151593640592
 1.5324567842516537
 0.98767924615859148
 0.082225300863896456
 -0.8532553218283726
 -0.92321742549042496
 -0.97601375467033502
 -1.0758298080703701
 -0.19717076303546693
 0.75349024285205801
 1.4289949622119771
 0.98916595154481612
 0.72399073590500151
 0.3110907764111292
 -0.64980640000646595
 -0.85838131514628802
 -0.99717367862900375
 -1.2349159990320133
 -0.26462053999945312
 0.33921439615447818
 1.3106823934518257
 0.99999528921032244
 0.81564015632847064
 0.53349296334150065
 -0.43285696120756301
 -0.7757112907044148
 -0.99761610861221961
 -1.3683453106370818
 -0.64081846411529619
 0.32071967929718814
 1.1651388064929256
 1.5840776168231268
 0.89034366212641014
 0.46550699135830681
 -0.20691439345004181
 -1.0830798756853361
 -0.97733185259986799
 -0.92084099182663481
 -0.84493028253606539
 0.092032983981153144
 0.99538804607827247
 0.95953227186233259
 0.9465491972583544
 0.94065505223745149
 0.023327072073843935
 -0.90251938671410703
 -1.4987877450246943
 -0.96733457478367735
 -1.0314876483942823
 -0.13856580832666821
 0.50309805648286454
 1.4545289362652838
 1.5729424375764296
 1.1169556674162675
 0.15817743084431238
 -0.43950497600899546
 -0.87669086913002936
 -0.99373060737929897
 -0.74788412868125476
 -0.36628572771519929
 0.3736261111647376
 0.8397416454761244
 1.5987263704790462
 0.79378135772453473
 0.47758258152366795
 -0.48928653725329929
 -1.2774801284892914
 -0.99948067998537748
 -0.83555027623656908
 -0.36649726022122142
 0.37822660754836668
 1.2047296855344527
 0.99455926362965252
 1.3967578428336804
 0.69215891566839305
 -0.26519959097254148
 -0.70357104096355216
 -0.98446532786158059
 -1.4493709635995575
 -0.7943224240416078
 0.15079332020582373
 1.040843016266684
 0.96925136938056977
 1.4944461731327223
 0.55772175493586962
 -0.03560280117503526
 -0.59409945894557603
 -1.5183944210886935
 -1.5317490435766834
 -0.98574621887670111
 -0.049858050913958639
 0.53458223094328505
 1.4780897616558093
 1.5610855695779506
 0.67125684091562299
 0.19473368004700509
 -0.75565558286782664
 -1.4300978298149887
 -1.5823031772721183
 -0.72293121193018939
 -0.19292606540949148
 0.65204957082277293
 0.85916763922364559
 0.99705719862025732
 1.2333532015402291
 0.26314020788366393
 -0.34065773071631095
 -1.3120892196538265
 -1.5999830411738043
 -1.303602021323383
 -0.33198580663880228
 0.43522045056188929
 1.2426862823635119
 0.9977208422924585
 0.85441940454648735
 0.39910480840544516
 -0.20195314414651017
 -0.72926272673208903
 -1.5844213146416966
 -1.4234301886878991
 -0.464148139626821
 0.20934909698122281
 1.0848860255414638
 0.97765562399971406
 1.4723863320576012
 0.52677752192607508
 -0.059052735788742081
 -0.99730939605961921
 -1.5359413114400731
 -0.94605304094090492
 -0.58666723142977939
 -0.020871738287967782
 0.90454594423356471
 1.4996454768254734
 0.96694437685696777
 1.0296092684762668
 0.085074564858861945
 -0.50442382229876837
 -0.90971891406343963
 -1.5724909012748707
 -0.69699759914860648
 -0.15666183615691048
 0.7054128226039994
 0.87742812471887766
 1.5896925642435753
 1.1949831191318572
 0.36389494099378439
 -0.37504925466358852
 -0.84057399342575734
 -0.99914158074923987
 -1.2685551926833805
 -0.29702399601359247
 0.49162389304877907
 1.2789571067647321
 1.5992463322354782
 0.83470609031165577
 0.5841102189607249
 -0.23788258336530968
 -1.2063442038741483
 -0.9947179686701888
 -0.87222403267404025
 -0.68994419471445045
 0.26762088016914726
 1.1274573271333386
 1.57557381581631
 1.4483291177781921
 0.49511868617650917
 -0.15323778008408839
 -1.0427067526477527
 -0.96962788297188418
 -0.9334795565583065
 -0.55644722963027093
 0.023786074093560219
 0.95253325253401155
 0.94947927516166009
 0.956898559391123
 0.61488179360742934
 0.077320274164050018
 -0.85740580254536991
 -0.92439260064993811
 -0.97534090919269134
 -1.0721895531382961
 -0.12018508648974423
 0.75781914301526732
 0.89449833060686224
 1.5819371051215989
 0.72186998516592915
 0.19141994114471486
 -0.40893200362750154
 -1.3759231033932733
 -0.99693837014674846
 -0.76986718688310551
 -0.41865480954949758
 0.34210026289422391
 0.82093309710364448
 1.5999698510170761
 0.81386045126370754
 0.52886036676970249
 -0.43758291479963091
 -1.2442315725813804
 -0.997823225944791
 -1.365793563917693
 -0.39769713668888385
 0.32552962088418913
 0.73031198170342548
 0.99047580032517601
 0.88894197826965471
 0.74046111142811433
 -0.13236456713272088
 -1.0866896200611411
 -1.5647633482131091
 -0.9196397557121162
 -0.84075580239573522
 0.060584717496686646
 0.62451774811386163
 1.5366273701500459
 1.512887450069917
 0.93667787740373498
 0.018416355340855305
 -0.56660648199307451
