# Created by Octave 8.4.0, Thu Dec 11 09:16:06 2025 IST <gamana@Samsung>
# name: iq
# type: matrix
# rows: 2048
# columns: 1
 1.6000000000000001
 0.81741217677477895
 0.53812053356698397
 -0.26757933088703667
 -0.7737705401199878
 -0.99739959216031482
 -0.85680260336409153
 -0.40332217000396425
 0.31590671602424863
 0.72610466550790553
 1.5833790286129996
 0.89173695753970295
 0.46822140226296938
 -0.126277206267076
 -1.0794599269865388
 -0.97667740455693652
 -0.92203355216466776
 -0.53068550131166847
 0.087129552871511723
 0.61971144815431445
 1.5338614353143079
 0.94753482023462876
 0.59038960288433207
 0.017648480643128749
 -0.56153743692579727
 -0.93566355795921996
 -0.96810813435476473
 -0.64702319695337762
 -0.14345783253777036
 0.80070875678521836
 1.4524760082306365
 0.98364649651042202
 0.70029174263479022
 0.25793199830174945
 -0.69879327583226603
 -1.4003362637290069
 -1.5905105512705131
 -1.1998691200655591
 -0.37106470728474383
 0.59324349985372127
 1.3409136284305851
 1.5989147559110988
 0.79564447111414049
 0.48226757712003088
 -0.48460837377945815
 -0.79657321781796253
 -1.5990032996191652
 -0.8372327419467338
 -0.36935141386161252
 0.37345288887648859
 1.2014921398173009
 1.5907757218952079
 1.3991467513723621
 0.43536466339879998
 -0.26035514433353851
 -0.70138649497904204
 -1.5742748128544564
 -0.90715275704229548
 -0.49911366156833592
 0.14590334067373942
 1.0371081931070047
 1.549586390683374
 1.4961933763111284
 0.56026686158099936
 -0.019182950395057383
 -0.59162761605977232
 -0.94802428457192678
 -1.5331609153836951
 -0.98960994706451333
 -0.084677526592261687
 0.53198566524571467
 0.92262657540312143
 0.97634672945533696
 1.0776461366702739
 0.19960738160862385
 -0.46957695504264702
 -1.4278887287596094
 -0.98939008741680945
 -0.72504855459477169
 -0.31349911542499787
 0.64756169863859614
 1.3721487507852954
 0.99728780989863108
 1.2364758878073214
 0.26610024882900052
 -0.3377702626083236
 -0.81829530004591811
 -1.5999981156830194
 -1.3064434050785365
 -0.53580737947358381
 0.2690577826897263
 0.77474182782419287
 1.5960144402412222
 0.85601021937775568
 0.64306772540046753
 -0.31831357253800441
 -1.1634545058509691
 -1.583730187874117
 -0.8910413592107852
 -0.7469835946181913
 0.1277995015959035
 0.6757944842168484
 1.5632092467140242
 0.92143835717186395
 0.52938408740299536
 -0.089581373926153132
 -0.62091521972729924
 -1.5345583423934848
 -0.94704312407739244
 -0.94264031857191455
 -0.016113969322028313
 0.56280668962743263
 1.4979264829849168
 0.96772249425417678
 0.64585224921887574
 0.088132491563609597
 -0.8028337690747156
 -1.4535041840370972
 -0.98336891810956462
 -1.1187125453216173
 -0.15969265296119067
 0.43812590268212964
 1.401522477738907
 0.99390102147704307
 0.74890204634163549
 0.36867565168859362
 -0.59552334020536735
 -1.3422517113634902
 -1.5988224461252507
 -1.2715421605637345
 -0.29995352783086127
 0.3043425181213476
 0.79750008827622731
 1.5990880770408948
 0.83639249410950756
 0.58867963255316214
 -0.23490011927419616
 -0.7519452059868672
 -1.591037145612771
 -1.397953943470734
 -0.43398250394614873
 0.16423604820363752
 1.1239673524482932
 1.5747115232512838
 1.4504093955780257
 0.79645307925676112
 -0.092717815718463617
 -0.64936051767992853
 -0.96887257281824157
 -1.4953215357592782
 -0.89439194653720289
 0.020717374963544161
 0.9485827771484161
 0.94851151593640592
 0.95778549015728354
 0.98767924615859148
 0.082225300863896456
 -0.8532553218283726
 -1.4771478807846801
 -1.5616220074725362
 -1.0758298080703701
 -0.19717076303546693
 0.47093140178253623
 0.89312185138248557
 1.5826655224717059
 1.1583851774480025
 0.3110907764111292
 -0.64980640000646595
 -0.85838131514628802
 -0.99717367862900375
 -0.77182249939500824
 -0.42339286399912501
 0.54274303384716516
 0.81917649590739106
 1.5999924627365161
 0.81564015632847064
 0.3334331020884379
 -0.43285696120756301
 -1.2411380651270638
 -1.5961857737795515
 -1.3683453106370818
 -0.40051154007206008
 0.20044979956074258
 0.72821175405807848
 0.99004851051445419
 0.89034366212641014
 0.46550699135830681
 -0.20691439345004181
 -0.67692492230333512
 -0.97733185259986799
 -1.4733455869226157
 -0.52808142658504087
 0.057520614988220711
 0.99538804607827247
 1.5352516349797323
 1.5144787156133672
 0.94065505223745149
 0.023327072073843935
 -0.90251938671410703
 -0.93674234064043382
 -0.96733457478367735
 -0.64467978024642647
 -0.13856580832666821
 0.50309805648286454
 1.4545289362652838
 0.98308902348526839
 0.69809729213516714
 0.15817743084431238
 -0.70320796161439281
 -0.87669086913002936
 -1.5899689718068784
 -1.1966146058900076
 -0.22892857982199954
 0.3736261111647376
 0.8397416454761244
 0.99920398154940382
 1.2700501723592557
 0.47758258152366795
 -0.30580408578331203
 -1.2774801284892914
 -1.5991690879766041
 -1.3368804419785105
 -0.58639561635395432
 0.37822660754836668
 0.75295605345903283
 1.5912948218074441
 1.3967578428336804
 0.43259932229274561
 -0.26519959097254148
 -1.1257136655416835
 -1.5751445245785289
 -1.4493709635995575
 -0.49645151502600482
 0.094245825128639826
 0.65052688516667745
 0.96925136938056977
 1.4944461731327223
 0.55772175493586962
 -0.022251750734397037
 -0.95055913431292172
 -0.94899651318043343
 -0.9573431522354271
 -0.98574621887670111
 -0.049858050913958639
 0.53458223094328505
 0.9238061010348807
 1.5610855695779506
 0.67125684091562299
 0.12170855002937817
 -0.47228473929239162
 -0.89381114363436787
 -0.98893948579507385
 -1.156689939088303
 -0.30868170465518641
 0.40753098176423302
 1.3746682227578331
 1.5952915177924119
 1.2333532015402291
 0.4210243326138623
 -0.54505236914609756
 -1.3120892196538265
 -1.5999830411738043
 -0.81475126332711434
 -0.33198580663880228
 0.27201278160118081
 1.2426862823635119
 0.9977208422924585
 0.85441940454648735
 0.39910480840544516
 -0.20195314414651017
 -0.72926272673208903
 -1.5844213146416966
 -1.4234301886878991
 -0.7426370234029136
 0.20934909698122281
 1.0848860255414638
 0.97765562399971406
 1.4723863320576012
 0.52677752192607508
 -0.059052735788742081
 -0.99730939605961921
 -1.5359413114400731
 -1.513684865505448
 -0.58666723142977939
 -0.020871738287967782
 0.90454594423356471
 0.9372784230159209
 0.96694437685696777
 0.64350579279766673
 0.13611930377417911
 -0.80707811567802945
 -1.4555502625015035
 -1.5724909012748707
 -0.69699759914860648
 -0.15666183615691048
 0.44088301412749958
 1.4038849995502043
 0.99355785265223451
 1.1949831191318572
 0.36389494099378439
 -0.37504925466358852
 -0.84057399342575734
 -0.99914158074923987
 -0.79284699542711268
 -0.47523839362174797
 0.30726493315548692
 1.2789571067647321
 1.5992463322354782
 1.3355297444986494
 0.5841102189607249
 -0.23788258336530968
 -0.75396512742134258
 -1.5915487498723022
 -0.87222403267404025
 -0.43121512169653153
 0.16726305010571701
 0.70466082945833652
 0.98473363488519361
 1.4483291177781921
 0.49511868617650917
 -0.095773612552555232
 -1.0427067526477527
 -1.5514046127550147
 -1.4935672904932904
 -0.55644722963027093
 0.023786074093560219
 0.59533328283375719
 0.94947927516166009
 0.956898559391123
 0.61488179360742934
 0.077320274164050018
 -0.85740580254536991
 -0.92439260064993811
 -1.5605454547083062
 -1.0721895531382961
 -0.12018508648974423
 0.75781914301526732
 1.4311973289709796
 0.98871069070099926
 1.1549919762654868
 0.30627190583154379
 -0.40893200362750154
 -1.3759231033932733
 -1.5951013922347976
 -0.76986718688310551
 -0.41865480954949758
 0.54736042063075829
 0.82093309710364448
 0.99998115688567257
 0.81386045126370754
 0.33053772923106406
 -0.27348932174976931
 -1.2442315725813804
 -0.997823225944791
 -1.365793563917693
 -0.39769713668888385
 0.32552962088418913
 0.73031198170342548
 1.5847612805202818
 1.4223071652314476
 0.74046111142811433
 -0.13236456713272088
 -1.0866896200611411
 -0.9779770926331931
 -1.471423609139386
 -0.84075580239573522
 0.060584717496686646
 0.99922839698217869
 0.96039210634377858
 1.512887450069917
 0.93667787740373498
 0.011510222088034565
