# Created by Octave 8.4.0, Thu Dec 11 09:16:06 2025 IST <gamana@Samsung>
# name: iq
# type: matrix
# rows: 2048
# columns: 1
 1.6000000000000001
 0.81741217677477895
 0.336325333479365
 -0.26757933088703667
 -1.2380328641919807
 -0.99739959216031482
 -1.3708841653825465
 -0.40332217000396425
 0.19744169751515539
 0.72610466550790553
 1.5833790286129996
 1.4267791320635248
 0.46822140226296938
 -0.126277206267076
 -0.67466245436658678
 -1.5626838472910984
 -0.92203355216466776
 -0.53068550131166847
 0.054455970544694823
 0.61971144815431445
 0.95866339707144232
 0.94753482023462876
 0.59038960288433207
 0.017648480643128749
 -0.89845989908127566
 -1.497061692734752
 -1.5489730149676237
 -1.0352371151254043
 -0.14345783253777036
 0.80070875678521836
 0.9077975051441477
 0.98364649651042202
 0.70029174263479022
 0.1612074989385934
 -0.69879327583226603
 -0.8752101648306293
 -0.99406909454407066
 -1.1998691200655591
 -0.37106470728474383
 0.37077718740857579
 1.3409136284305851
 0.99932172244443662
 0.79564447111414049
 0.48226757712003088
 -0.30288023361216132
 -1.2745171485087401
 -0.9993770622619782
 -1.3395723871147742
 -0.36935141386161252
 0.23340805554780536
 1.2014921398173009
 0.99423482618450487
 0.87446671960772626
 0.43536466339879998
 -0.26035514433353851
 -0.70138649497904204
 -0.98392175803403514
 -1.4514444112676728
 -0.49911366156833592
 0.14590334067373942
 0.64819262069187789
 1.549586390683374
 1.4961933763111284
 0.89642697852959907
 -0.030692720632091816
 -0.59162761605977232
 -1.5168388553150829
 -0.95822557211480941
 -0.98960994706451333
 -0.052923454120163547
 0.53198566524571467
 1.4762025206449945
 1.5621547671285392
 1.0776461366702739
 0.1247546135053899
 -0.46957695504264702
 -0.89243045547475575
 -0.98939008741680945
 -0.72504855459477169
 -0.19593694714062365
 0.40472606164912256
 0.85759296924080952
 1.5956604958378098
 0.77279742987957578
 0.42576039812640087
 -0.3377702626083236
 -1.309272480073469
 -0.99999882230188708
 -1.3064434050785365
 -0.53580737947358381
 0.2690577826897263
 0.77474182782419287
 0.99750902515076378
 0.85601021937775568
 0.40191732837529215
 -0.19894598283625273
 -0.72715906615685566
 -0.98983136742132305
 -1.4256661747372563
 -0.7469835946181913
 0.20447920255344562
 0.6757944842168484
 1.5632092467140242
 1.4743013714749824
 0.52938408740299536
 -0.055988358703845706
 -0.99346435156367885
 -0.95909896399592787
 -0.94704312407739244
 -0.94264031857191455
 -0.025782350915245302
 0.56280668962743263
 0.93620405186557298
 1.5483559908066828
 0.64585224921887574
 0.14101198650177535
 -0.8028337690747156
 -1.4535041840370972
 -1.5733902689753034
 -0.69919534082601087
 -0.25550824473790507
 0.70100144429140743
 0.87595154858681679
 1.590241634363269
 0.74890204634163549
 0.23042228230537098
 -0.59552334020536735
 -0.83890731960218134
 -0.99926402882828158
 -1.2715421605637345
 -0.47992564452937803
 0.3043425181213476
 0.79750008827622731
 1.5990880770408948
 0.83639249410950756
 0.58867963255316214
 -0.37584019083871389
 -1.2031123295789876
 -1.591037145612771
 -1.397953943470734
 -0.43398250394614873
 0.16423604820363752
 0.70247959528018322
 1.5747115232512838
 1.4504093955780257
 0.49778317453547566
 -0.092717815718463617
 -1.0389768282878857
 -0.96887257281824157
 -1.4953215357592782
 -0.55899496658575176
 0.020717374963544161
 0.59286423571776004
 0.94851151593640592
 0.95778549015728354
 0.98767924615859148
 0.051390813039935278
 -0.8532553218283726
 -1.4771478807846801
 -1.5616220074725362
 -0.67239363004398134
 -0.12323172689716683
 0.75349024285205801
 0.89312185138248557
 0.98916595154481612
 0.72399073590500151
 0.3110907764111292
 -0.64980640000646595
 -0.85838131514628802
 -1.595477885806406
 -0.77182249939500824
 -0.42339286399912501
 0.33921439615447818
 1.3106823934518257
 1.5999924627365161
 1.3050242501255531
 0.3334331020884379
 -0.43285696120756301
 -1.2411380651270638
 -0.99761610861221961
 -0.85521581914817602
 -0.40051154007206008
 0.20044979956074258
 0.72821175405807848
 0.99004851051445419
 0.89034366212641014
 0.7448111861732909
 -0.20691439345004181
 -1.0830798756853361
 -0.97733185259986799
 -1.4733455869226157
 -0.84493028253606539
 0.057520614988220711
 0.99538804607827247
 1.5352516349797323
 1.5144787156133672
 0.94065505223745149
 0.023327072073843935
 -0.90251938671410703
 -1.4987877450246943
 -0.96733457478367735
 -1.0314876483942823
 -0.086603630204167628
 0.80495689037258333
 0.90908058516580226
 1.5729424375764296
 1.1169556674162675
 0.25308388935089982
 -0.43950497600899546
 -0.87669086913002936
 -0.99373060737929897
 -0.74788412868125476
 -0.36628572771519929
 0.59780177786358013
 0.8397416454761244
 1.5987263704790462
 1.2700501723592557
 0.29848911345229245
 -0.48928653725329929
 -1.2774801284892914
 -1.5991690879766041
 -1.3368804419785105
 -0.58639561635395432
 0.37822660754836668
 1.2047296855344527
 1.5912948218074441
 0.87297365177105024
 0.43259932229274561
 -0.26519959097254148
 -0.70357104096355216
 -0.98446532786158059
 -0.90585685224972345
 -0.49645151502600482
 0.15079332020582373
 0.65052688516667745
 0.96925136938056977
 1.4944461731327223
 0.55772175493586962
 -0.022251750734397037
 -0.95055913431292172
 -0.94899651318043343
 -1.5317490435766834
 -0.98574621887670111
 -0.079772881462333828
 0.85533156950925615
 0.9238061010348807
 1.5610855695779506
 0.67125684091562299
 0.12170855002937817
 -0.47228473929239162
 -1.4300978298149887
 -1.5823031772721183
 -1.156689939088303
 -0.30868170465518641
 0.65204957082277293
 0.85916763922364559
 1.5952915177924119
 0.77084575096264307
 0.4210243326138623
 -0.54505236914609756
 -1.3120892196538265
 -0.99998940073362763
 -0.81475126332711434
 -0.53117729062208363
 0.27201278160118081
 1.2426862823635119
 0.9977208422924585
 0.85441940454648735
 0.39910480840544516
 -0.20195314414651017
 -1.1668203627713425
 -1.5844213146416966
 -1.4234301886878991
 -0.464148139626821
 0.20934909698122281
 1.0848860255414638
 0.97765562399971406
 1.4723863320576012
 0.52677752192607508
 -0.094484377261987329
 -0.99730939605961921
 -1.5359413114400731
 -1.513684865505448
 -0.93866757028764702
 -0.013044836429979863
 0.90454594423356471
 1.4996454768254734
 1.5471110029711486
 0.64350579279766673
 0.085074564858861945
 -0.50442382229876837
 -0.90971891406343963
 -1.5724909012748707
 -0.69699759914860648
 -0.15666183615691048
 0.44088301412749958
 1.4038849995502043
 1.5896925642435753
 0.74686444945741071
 0.22743433812111521
 -0.37504925466358852
 -1.3449183894812118
 -0.99914158074923987
 -1.2685551926833805
 -0.47523839362174797
 0.49162389304877907
 0.79934819172795746
 1.5992463322354782
 0.83470609031165577
 0.36506888685045302
 -0.38061213338449551
 -0.75396512742134258
 -0.9947179686701888
 -0.87222403267404025
 -0.68994419471445045
 0.26762088016914726
 0.70466082945833652
 0.98473363488519361
 1.4483291177781921
 0.79218989788241467
 -0.15323778008408839
 -0.65169172040484546
 -1.5514046127550147
 -0.9334795565583065
 -0.89031556740843354
 0.023786074093560219
 0.59533328283375719
 1.5191668402586562
 0.956898559391123
 0.61488179360742934
 0.048325171352531254
 -0.85740580254536991
 -1.479028161039901
 -0.97534090919269134
 -1.0721895531382961
 -0.12018508648974423
 0.47363696438454206
 1.4311973289709796
 0.98871069070099926
 1.1549919762654868
 0.30627190583154379
 -0.65429120580400246
 -0.85995193962079575
 -1.5951013922347976
 -0.76986718688310551
 -0.26165925596843598
 0.34210026289422391
 0.82093309710364448
 1.5999698510170761
 0.81386045126370754
 0.33053772923106406
 -0.27348932174976931
 -0.77764473286336266
 -1.5965171615116658
 -1.365793563917693
 -0.6363154187022142
 0.20345601305261818
 0.73031198170342548
 1.5847612805202818
 0.88894197826965471
 0.74046111142811433
 -0.13236456713272088
 -0.67918101253821317
 -1.5647633482131091
 -0.9196397557121162
 -0.84075580239573522
 0.060584717496686646
 0.99922839698217869
 1.5366273701500459
 0.94555465629369806
 0.93667787740373498
 0.011510222088034565
