# Created by Octave 8.4.0, Thu Dec 11 09:16:06 2025 IST <gamana@Samsung>
# name: iq
# type: matrix
# rows: 2048
# columns: 1
 1.6000000000000001
 0.81741217677477895
 0.53812053356698397
 -0.42812692941925867
 -1.2380328641919807
 -0.99739959216031482
 -0.85680260336409153
 -0.64531547200634287
 0.19744169751515539
 0.72610466550790553
 1.5833790286129996
 1.4267791320635248
 0.749154243620751
 -0.20204353002732162
 -1.0794599269865388
 -0.97667740455693652
 -1.4752536834634684
 -0.84909680209866956
 0.087129552871511723
 0.61971144815431445
 1.5338614353143079
 1.5160557123754062
 0.94462336461493135
 0.028237569029006
 -0.56153743692579727
 -1.497061692734752
 -1.5489730149676237
 -0.64702319695337762
 -0.089661145336106474
 0.50044297299076146
 1.4524760082306365
 1.5738343944166753
 0.70029174263479022
 0.25793199830174945
 -0.69879327583226603
 -0.8752101648306293
 -1.5905105512705131
 -0.74991820004097443
 -0.23191544205296488
 0.37077718740857579
 0.83807101776911563
 1.5989147559110988
 1.2730311537826249
 0.48226757712003088
 -0.48460837377945815
 -0.79657321781796253
 -1.5990032996191652
 -1.3395723871147742
 -0.36935141386161252
 0.37345288887648859
 0.75093258738581303
 1.5907757218952079
 1.3991467513723621
 0.43536466339879998
 -0.16272196520846155
 -1.1222183919664672
 -0.98392175803403514
 -0.90715275704229548
 -0.79858185850933749
 0.14590334067373942
 1.0371081931070047
 1.549586390683374
 1.4961933763111284
 0.56026686158099936
 -0.019182950395057383
 -0.94660418569563576
 -1.5168388553150829
 -0.95822557211480941
 -0.98960994706451333
 -0.052923454120163547
 0.85117706439314356
 0.92262657540312143
 0.97634672945533696
 1.0776461366702739
 0.19960738160862385
 -0.75132312806823531
 -0.89243045547475575
 -1.5830241398668952
 -1.1600776873516347
 -0.19593694714062365
 0.64756169863859614
 0.85759296924080952
 0.99728780989863108
 0.77279742987957578
 0.26610024882900052
 -0.54043242017331783
 -0.81829530004591811
 -0.99999882230188708
 -1.3064434050785365
 -0.53580737947358381
 0.43049245230356209
 1.2395869245187088
 1.5960144402412222
 0.85601021937775568
 0.40191732837529215
 -0.19894598283625273
 -1.1634545058509691
 -1.583730187874117
 -0.8910413592107852
 -0.7469835946181913
 0.20447920255344562
 0.6757944842168484
 0.97700577919626508
 0.92143835717186395
 0.84701453984479258
 -0.089581373926153132
 -0.99346435156367885
 -1.5345583423934848
 -0.94704312407739244
 -0.58915019910744659
 -0.016113969322028313
 0.56280668962743263
 1.4979264829849168
 1.5483559908066828
 0.64585224921887574
 0.088132491563609597
 -0.8028337690747156
 -1.4535041840370972
 -1.5733902689753034
 -0.69919534082601087
 -0.15969265296119067
 0.70100144429140743
 0.87595154858681679
 0.99390102147704307
 0.74890204634163549
 0.23042228230537098
 -0.37220208762835455
 -0.83890731960218134
 -0.99926402882828158
 -1.2715421605637345
 -0.29995352783086127
 0.48694802899415618
 1.2760001412419637
 0.99943004815055925
 0.83639249410950756
 0.58867963255316214
 -0.23490011927419616
 -0.7519452059868672
 -1.591037145612771
 -1.397953943470734
 -0.43398250394614873
 0.26277767712582006
 1.1239673524482932
 0.98419470203205239
 0.906505872236266
 0.79645307925676112
 -0.092717815718463617
 -0.64936051767992853
 -0.96887257281824157
 -0.93457595984954878
 -0.89439194653720289
 0.020717374963544161
 0.9485827771484161
 1.5176184254982497
 0.95778549015728354
 0.98767924615859148
 0.082225300863896456
 -0.53328457614273284
 -1.4771478807846801
 -0.97601375467033502
 -1.0758298080703701
 -0.12323172689716683
 0.75349024285205801
 1.4289949622119771
 0.98916595154481612
 1.1583851774480025
 0.3110907764111292
 -0.40612900000404117
 -0.85838131514628802
 -0.99717367862900375
 -0.77182249939500824
 -0.26462053999945312
 0.54274303384716516
 0.81917649590739106
 1.5999924627365161
 0.81564015632847064
 0.53349296334150065
 -0.27053560075472688
 -1.2411380651270638
 -1.5961857737795515
 -0.85521581914817602
 -0.64081846411529619
 0.32071967929718814
 1.1651388064929256
 0.99004851051445419
 1.4245498594022563
 0.7448111861732909
 -0.12932149590627612
 -1.0830798756853361
 -1.563730964159789
 -0.92084099182663481
 -0.84493028253606539
 0.092032983981153144
 0.99538804607827247
 0.95953227186233259
 0.9465491972583544
 0.94065505223745149
 0.01457942004615246
 -0.90251938671410703
 -0.93674234064043382
 -0.96733457478367735
 -1.0314876483942823
 -0.13856580832666821
 0.50309805648286454
 0.90908058516580226
 0.98308902348526839
 0.69809729213516714
 0.25308388935089982
 -0.70320796161439281
 -1.4027053906080471
 -0.99373060737929897
 -0.74788412868125476
 -0.36628572771519929
 0.59780177786358013
 0.8397416454761244
 0.99920398154940382
 0.79378135772453473
 0.29848911345229245
 -0.30580408578331203
 -1.2774801284892914
 -1.5991690879766041
 -0.83555027623656908
 -0.58639561635395432
 0.37822660754836668
 0.75295605345903283
 1.5912948218074441
 1.3967578428336804
 0.69215891566839305
 -0.1657497443578384
 -1.1257136655416835
 -1.5751445245785289
 -0.90585685224972345
 -0.7943224240416078
 0.094245825128639826
 0.65052688516667745
 1.5508021910089118
 0.93402885820795134
 0.55772175493586962
 -0.03560280117503526
 -0.59409945894557603
 -0.94899651318043343
 -1.5317490435766834
 -0.61609138679793818
 -0.079772881462333828
 0.53458223094328505
 1.4780897616558093
 0.97567848098621912
 1.0740109454649969
 0.19473368004700509
 -0.75565558286782664
 -0.89381114363436787
 -0.98893948579507385
 -0.72293121193018939
 -0.19292606540949148
 0.40753098176423302
 0.85916763922364559
 0.99705719862025732
 1.2333532015402291
 0.26314020788366393
 -0.34065773071631095
 -1.3120892196538265
 -1.5999830411738043
 -1.303602021323383
 -0.33198580663880228
 0.27201278160118081
 0.77667892647719483
 1.5963533476679337
 0.85441940454648735
 0.63856769344871234
 -0.20195314414651017
 -1.1668203627713425
 -0.99026332165106024
 -1.4234301886878991
 -0.464148139626821
 0.20934909698122281
 0.67805376596341482
 1.5642489983995427
 1.4723863320576012
 0.52677752192607508
 -0.094484377261987329
 -0.99730939605961921
 -1.5359413114400731
 -1.513684865505448
 -0.58666723142977939
 -0.013044836429979863
 0.5653412151459779
 0.9372784230159209
 1.5471110029711486
 1.0296092684762668
 0.13611930377417911
 -0.50442382229876837
 -1.4555502625015035
 -1.5724909012748707
 -1.1151961586377703
 -0.25065893785105681
 0.7054128226039994
 1.4038849995502043
 1.5896925642435753
 0.74686444945741071
 0.22743433812111521
 -0.60007880746174169
 -1.3449183894812118
 -1.5986265291987838
 -0.79284699542711268
 -0.29702399601359247
 0.49162389304877907
 0.79934819172795746
 1.5992463322354782
 0.83470609031165577
 0.36506888685045302
 -0.38061213338449551
 -1.2063442038741483
 -0.9947179686701888
 -1.3955584522784645
 -0.43121512169653153
 0.26762088016914726
 0.70466082945833652
 1.57557381581631
 0.90520569861137001
 0.49511868617650917
 -0.095773612552555232
 -1.0427067526477527
 -0.96962788297188418
 -0.9334795565583065
 -0.89031556740843354
 0.038057718549696355
 0.95253325253401155
 1.5191668402586562
 1.5310376950257969
 0.61488179360742934
 0.077320274164050018
 -0.85740580254536991
 -0.92439260064993811
 -1.5605454547083062
 -0.67011847071143504
 -0.19229613838359078
 0.47363696438454206
 0.89449833060686224
 0.98871069070099926
 1.1549919762654868
 0.19141994114471486
 -0.65429120580400246
 -0.85995193962079575
 -1.5951013922347976
 -0.76986718688310551
 -0.26165925596843598
 0.34210026289422391
 0.82093309710364448
 1.5999698510170761
 1.3021767220219322
 0.33053772923106406
 -0.43758291479963091
 -1.2442315725813804
 -0.997823225944791
 -0.85362097744855803
 -0.39769713668888385
 0.32552962088418913
 1.1684991707254808
 1.5847612805202818
 0.88894197826965471
 0.46278819464257143
 -0.13236456713272088
 -0.67918101253821317
 -0.9779770926331931
 -0.9196397557121162
 -0.52547237649733447
 0.09693554799469864
 0.99922839698217869
 0.96039210634377858
 0.94555465629369806
 0.58542367337733436
 0.018416355340855305
