# Created by Octave 8.4.0, Thu Dec 11 09:16:06 2025 IST <gamana@Samsung>
# name: iq
# type: matrix
# rows: 2048
# columns: 1
 1
 1.3078594828396464
 0.336325333479365
 -0.26757933088703667
 -0.7737705401199878
 -1.5958393474565038
 -0.85680260336409153
 -0.40332217000396425
 0.19744169751515539
 1.1617674648126488
 1.5833790286129996
 1.4267791320635248
 0.749154243620751
 -0.126277206267076
 -1.0794599269865388
 -1.5626838472910984
 -0.92203355216466776
 -0.84909680209866956
 0.087129552871511723
 0.61971144815431445
 1.5338614353143079
 1.5160557123754062
 0.94462336461493135
 0.028237569029006
 -0.89845989908127566
 -1.497061692734752
 -0.96810813435476473
 -0.64702319695337762
 -0.089661145336106474
 0.80070875678521836
 0.9077975051441477
 1.5738343944166753
 0.70029174263479022
 0.25793199830174945
 -0.69879327583226603
 -0.8752101648306293
 -0.99406909454407066
 -0.74991820004097443
 -0.23191544205296488
 0.59324349985372127
 1.3409136284305851
 0.99932172244443662
 0.79564447111414049
 0.30141723570001927
 -0.48460837377945815
 -0.79657321781796253
 -1.5990032996191652
 -0.8372327419467338
 -0.59096226217858006
 0.37345288887648859
 0.75093258738581303
 1.5907757218952079
 1.3991467513723621
 0.69658346143808003
 -0.26035514433353851
 -1.1222183919664672
 -1.5742748128544564
 -1.4514444112676728
 -0.79858185850933749
 0.091189587921087126
 1.0371081931070047
 1.549586390683374
 1.4961933763111284
 0.89642697852959907
 -0.019182950395057383
 -0.59162761605977232
 -0.94802428457192678
 -1.5331609153836951
 -0.61850621691532082
 -0.052923454120163547
 0.53198566524571467
 1.4762025206449945
 0.97634672945533696
 1.0776461366702739
 0.19960738160862385
 -0.46957695504264702
 -1.4278887287596094
 -0.98939008741680945
 -1.1600776873516347
 -0.31349911542499787
 0.40472606164912256
 0.85759296924080952
 1.5956604958378098
 0.77279742987957578
 0.42576039812640087
 -0.3377702626083236
 -1.309272480073469
 -0.99999882230188708
 -1.3064434050785365
 -0.53580737947358381
 0.43049245230356209
 0.77474182782419287
 1.5960144402412222
 1.3696163510044093
 0.40191732837529215
 -0.31831357253800441
 -0.72715906615685566
 -0.98983136742132305
 -1.4256661747372563
 -0.7469835946181913
 0.20447920255344562
 1.0812711747469574
 1.5632092467140242
 0.92143835717186395
 0.84701453984479258
 -0.089581373926153132
 -0.62091521972729924
 -0.95909896399592787
 -0.94704312407739244
 -0.94264031857191455
 -0.025782350915245302
 0.90049070340389226
 1.4979264829849168
 1.5483559908066828
 1.0333635987502012
 0.14101198650177535
 -0.50177110567169725
 -0.90844011502318567
 -1.5733902689753034
 -0.69919534082601087
 -0.25550824473790507
 0.43812590268212964
 1.401522477738907
 1.590241634363269
 1.1982432741466169
 0.23042228230537098
 -0.37220208762835455
 -0.83890731960218134
 -1.5988224461252507
 -0.79471385035233399
 -0.29995352783086127
 0.48694802899415618
 0.79750008827622731
 0.99943004815055925
 1.3382279905752121
 0.58867963255316214
 -0.37584019083871389
 -1.2031123295789876
 -0.99439821600798184
 -0.87372121466920871
 -0.43398250394614873
 0.16423604820363752
 1.1239673524482932
 1.5747115232512838
 1.4504093955780257
 0.79645307925676112
 -0.092717815718463617
 -0.64936051767992853
 -1.5501961165091867
 -1.4953215357592782
 -0.89439194653720289
 0.033147799941670657
 0.9485827771484161
 1.5176184254982497
 1.5324567842516537
 0.98767924615859148
 0.051390813039935278
 -0.53328457614273284
 -0.92321742549042496
 -1.5616220074725362
 -0.67239363004398134
 -0.19717076303546693
 0.47093140178253623
 1.4289949622119771
 1.5826655224717059
 0.72399073590500151
 0.3110907764111292
 -0.64980640000646595
 -0.85838131514628802
 -1.595477885806406
 -1.2349159990320133
 -0.26462053999945312
 0.33921439615447818
 0.81917649590739106
 0.99999528921032244
 1.3050242501255531
 0.3334331020884379
 -0.27053560075472688
 -0.7757112907044148
 -1.5961857737795515
 -1.3683453106370818
 -0.40051154007206008
 0.32071967929718814
 0.72821175405807848
 1.5840776168231268
 1.4245498594022563
 0.46550699135830681
 -0.20691439345004181
 -0.67692492230333512
 -1.563730964159789
 -0.92084099182663481
 -0.84493028253606539
 0.057520614988220711
 0.62211752879892024
 1.5352516349797323
 0.9465491972583544
 0.94065505223745149
 0.023327072073843935
 -0.90251938671410703
 -1.4987877450246943
 -0.96733457478367735
 -1.0314876483942823
 -0.13856580832666821
 0.80495689037258333
 1.4545289362652838
 1.5729424375764296
 1.1169556674162675
 0.25308388935089982
 -0.70320796161439281
 -0.87669086913002936
 -1.5899689718068784
 -0.74788412868125476
 -0.22892857982199954
 0.3736261111647376
 1.3435866327617991
 0.99920398154940382
 1.2700501723592557
 0.29848911345229245
 -0.30580408578331203
 -0.79842508030580706
 -0.99948067998537748
 -1.3368804419785105
 -0.36649726022122142
 0.37822660754836668
 0.75295605345903283
 0.99455926362965252
 1.3967578428336804
 0.69215891566839305
 -0.26519959097254148
 -1.1257136655416835
 -1.5751445245785289
 -0.90585685224972345
 -0.7943224240416078
 0.094245825128639826
 0.65052688516667745
 0.96925136938056977
 0.93402885820795134
 0.55772175493586962
 -0.03560280117503526
 -0.95055913431292172
 -0.94899651318043343
 -1.5317490435766834
 -0.98574621887670111
 -0.049858050913958639
 0.85533156950925615
 1.4780897616558093
 1.5610855695779506
 0.67125684091562299
 0.12170855002937817
 -0.75565558286782664
 -0.89381114363436787
 -0.98893948579507385
 -0.72293121193018939
 -0.30868170465518641
 0.40753098176423302
 1.3746682227578331
 0.99705719862025732
 1.2333532015402291
 0.26314020788366393
 -0.54505236914609756
 -1.3120892196538265
 -1.5999830411738043
 -1.303602021323383
 -0.53117729062208363
 0.27201278160118081
 1.2426862823635119
 1.5963533476679337
 1.3670710472743799
 0.63856769344871234
 -0.32312503063441628
 -0.72926272673208903
 -0.99026332165106024
 -1.4234301886878991
 -0.464148139626821
 0.20934909698122281
 1.0848860255414638
 1.5642489983995427
 1.4723863320576012
 0.84284403508172012
 -0.059052735788742081
 -0.62331837253726197
 -0.95996331965004555
 -0.94605304094090492
 -0.93866757028764702
 -0.020871738287967782
 0.5653412151459779
 1.4996454768254734
 1.5471110029711486
 0.64350579279766673
 0.13611930377417911
 -0.50442382229876837
 -1.4555502625015035
 -1.5724909012748707
 -1.1151961586377703
 -0.25065893785105681
 0.7054128226039994
 0.87742812471887766
 1.5896925642435753
 0.74686444945741071
 0.36389494099378439
 -0.37504925466358852
 -0.84057399342575734
 -0.99914158074923987
 -0.79284699542711268
 -0.47523839362174797
 0.30726493315548692
 0.79934819172795746
 0.99952895764717375
 1.3355297444986494
 0.36506888685045302
 -0.38061213338449551
 -0.75396512742134258
 -1.5915487498723022
 -0.87222403267404025
 -0.43121512169653153
 0.26762088016914726
 1.1274573271333386
 1.57557381581631
 0.90520569861137001
 0.79218989788241467
 -0.095773612552555232
 -0.65169172040484546
 -1.5514046127550147
 -0.9334795565583065
 -0.55644722963027093
 0.023786074093560219
 0.59533328283375719
 1.5191668402586562
 0.956898559391123
 0.98381086977188703
 0.048325171352531254
 -0.85740580254536991
 -0.92439260064993811
 -1.5605454547083062
 -0.67011847071143504
 -0.19229613838359078
 0.47363696438454206
 1.4311973289709796
 0.98871069070099926
 0.72186998516592915
 0.30627190583154379
 -0.65429120580400246
 -1.3759231033932733
 -0.99693837014674846
 -0.76986718688310551
 -0.41865480954949758
 0.54736042063075829
 1.3134929553658312
 0.99998115688567257
 0.81386045126370754
 0.52886036676970249
 -0.43758291479963091
 -1.2442315725813804
 -1.5965171615116658
 -0.85362097744855803
 -0.6363154187022142
 0.32552962088418913
 1.1684991707254808
 1.5847612805202818
 0.88894197826965471
 0.74046111142811433
 -0.21178330741235341
 -1.0866896200611411
 -0.9779770926331931
 -0.9196397557121162
 -0.84075580239573522
 0.09693554799469864
 0.99922839698217869
 1.5366273701500459
 0.94555465629369806
 0.58542367337733436
 0.018416355340855305
 -0.90657037118891926
