# Created by Octave 8.4.0, Thu Dec 11 09:16:06 2025 IST <gamana@Samsung>
# name: iq
# type: matrix
# rows: 2048
# columns: 1
 1.6000000000000001
 0.81741217677477895
 0.336325333479365
 -0.42812692941925867
 -1.2380328641919807
 -1.5958393474565038
 -0.85680260336409153
 -0.40332217000396425
 0.31590671602424863
 0.72610466550790553
 0.98961189288312468
 0.89173695753970295
 0.46822140226296938
 -0.126277206267076
 -1.0794599269865388
 -0.97667740455693652
 -1.4752536834634684
 -0.53068550131166847
 0.054455970544694823
 0.99153831704690321
 1.5338614353143079
 0.94753482023462876
 0.59038960288433207
 0.028237569029006
 -0.56153743692579727
 -0.93566355795921996
 -0.96810813435476473
 -0.64702319695337762
 -0.089661145336106474
 0.50044297299076146
 1.4524760082306365
 0.98364649651042202
 0.70029174263479022
 0.25793199830174945
 -0.69879327583226603
 -0.8752101648306293
 -0.99406909454407066
 -1.1998691200655591
 -0.37106470728474383
 0.59324349985372127
 1.3409136284305851
 1.5989147559110988
 1.2730311537826249
 0.48226757712003088
 -0.48460837377945815
 -0.79657321781796253
 -0.9993770622619782
 -0.8372327419467338
 -0.59096226217858006
 0.37345288887648859
 1.2014921398173009
 0.99423482618450487
 0.87446671960772626
 0.43536466339879998
 -0.26035514433353851
 -1.1222183919664672
 -0.98392175803403514
 -1.4514444112676728
 -0.79858185850933749
 0.14590334067373942
 1.0371081931070047
 0.96849149417710867
 0.93512086019445517
 0.56026686158099936
 -0.030692720632091816
 -0.94660418569563576
 -1.5168388553150829
 -0.95822557211480941
 -0.98960994706451333
 -0.084677526592261687
 0.85117706439314356
 0.92262657540312143
 1.5621547671285392
 1.0776461366702739
 0.19960738160862385
 -0.46957695504264702
 -1.4278887287596094
 -1.5830241398668952
 -1.1600776873516347
 -0.19593694714062365
 0.64756169863859614
 0.85759296924080952
 1.5956604958378098
 1.2364758878073214
 0.42576039812640087
 -0.54043242017331783
 -0.81829530004591811
 -1.5999981156830194
 -1.3064434050785365
 -0.33487961217098988
 0.2690577826897263
 0.77474182782419287
 1.5960144402412222
 1.3696163510044093
 0.40191732837529215
 -0.19894598283625273
 -0.72715906615685566
 -0.98983136742132305
 -1.4256661747372563
 -0.7469835946181913
 0.1277995015959035
 0.6757944842168484
 1.5632092467140242
 0.92143835717186395
 0.84701453984479258
 -0.055988358703845706
 -0.99346435156367885
 -0.95909896399592787
 -1.5152689985238279
 -0.94264031857191455
 -0.016113969322028313
 0.90049070340389226
 0.93620405186557298
 1.5483559908066828
 0.64585224921887574
 0.14101198650177535
 -0.8028337690747156
 -0.90844011502318567
 -1.5733902689753034
 -0.69919534082601087
 -0.15969265296119067
 0.70100144429140743
 1.401522477738907
 1.590241634363269
 0.74890204634163549
 0.23042228230537098
 -0.59552334020536735
 -1.3422517113634902
 -0.99926402882828158
 -0.79471385035233399
 -0.47992564452937803
 0.3043425181213476
 0.79750008827622731
 1.5990880770408948
 0.83639249410950756
 0.36792477034572635
 -0.23490011927419616
 -1.2031123295789876
 -1.591037145612771
 -0.87372121466920871
 -0.43398250394614873
 0.26277767712582006
 1.1239673524482932
 1.5747115232512838
 0.906505872236266
 0.49778317453547566
 -0.092717815718463617
 -0.64936051767992853
 -1.5501961165091867
 -1.4953215357592782
 -0.89439194653720289
 0.020717374963544161
 0.59286423571776004
 0.94851151593640592
 0.95778549015728354
 0.98767924615859148
 0.082225300863896456
 -0.8532553218283726
 -0.92321742549042496
 -1.5616220074725362
 -1.0758298080703701
 -0.19717076303546693
 0.47093140178253623
 1.4289949622119771
 0.98916595154481612
 0.72399073590500151
 0.19443173525695573
 -0.40612900000404117
 -1.373410104234061
 -0.99717367862900375
 -0.77182249939500824
 -0.42339286399912501
 0.33921439615447818
 0.81917649590739106
 1.5999924627365161
 0.81564015632847064
 0.3334331020884379
 -0.27053560075472688
 -0.7757112907044148
 -0.99761610861221961
 -0.85521581914817602
 -0.40051154007206008
 0.20044979956074258
 1.1651388064929256
 1.5840776168231268
 0.89034366212641014
 0.7448111861732909
 -0.20691439345004181
 -0.67692492230333512
 -0.97733185259986799
 -0.92084099182663481
 -0.52808142658504087
 0.092032983981153144
 0.62211752879892024
 0.95953227186233259
 0.9465491972583544
 0.58790940764840716
 0.023327072073843935
 -0.90251938671410703
 -1.4987877450246943
 -0.96733457478367735
 -0.64467978024642647
 -0.13856580832666821
 0.80495689037258333
 1.4545289362652838
 1.5729424375764296
 0.69809729213516714
 0.25308388935089982
 -0.70320796161439281
 -0.87669086913002936
 -1.5899689718068784
 -1.1966146058900076
 -0.36628572771519929
 0.59780177786358013
 0.8397416454761244
 1.5987263704790462
 0.79378135772453473
 0.47758258152366795
 -0.48928653725329929
 -1.2774801284892914
 -0.99948067998537748
 -1.3368804419785105
 -0.58639561635395432
 0.23639162971772915
 0.75295605345903283
 0.99455926362965252
 0.87297365177105024
 0.43259932229274561
 -0.1657497443578384
 -1.1257136655416835
 -0.98446532786158059
 -1.4493709635995575
 -0.7943224240416078
 0.15079332020582373
 1.040843016266684
 1.5508021910089118
 0.93402885820795134
 0.55772175493586962
 -0.03560280117503526
 -0.95055913431292172
 -0.94899651318043343
 -1.5317490435766834
 -0.98574621887670111
 -0.079772881462333828
 0.85533156950925615
 0.9238061010348807
 1.5610855695779506
 1.0740109454649969
 0.12170855002937817
 -0.47228473929239162
 -1.4300978298149887
 -1.5823031772721183
 -1.156689939088303
 -0.19292606540949148
 0.65204957082277293
 0.85916763922364559
 1.5952915177924119
 0.77084575096264307
 0.4210243326138623
 -0.34065773071631095
 -0.82005576228364152
 -0.99998940073362763
 -0.81475126332711434
 -0.33198580663880228
 0.43522045056188929
 0.77667892647719483
 0.9977208422924585
 1.3670710472743799
 0.39910480840544516
 -0.20195314414651017
 -1.1668203627713425
 -1.5844213146416966
 -1.4234301886878991
 -0.464148139626821
 0.13084318561326425
 1.0848860255414638
 0.97765562399971406
 1.4723863320576012
 0.52677752192607508
 -0.094484377261987329
 -0.62331837253726197
 -0.95996331965004555
 -1.513684865505448
 -0.58666723142977939
 -0.020871738287967782
 0.5653412151459779
 0.9372784230159209
 0.96694437685696777
 0.64350579279766673
 0.085074564858861945
 -0.80707811567802945
 -0.90971891406343963
 -0.98280681329679409
 -1.1151961586377703
 -0.25065893785105681
 0.44088301412749958
 1.4038849995502043
 0.99355785265223451
 0.74686444945741071
 0.36389494099378439
 -0.60007880746174169
 -0.84057399342575734
 -1.5986265291987838
 -0.79284699542711268
 -0.29702399601359247
 0.49162389304877907
 1.2789571067647321
 1.5992463322354782
 1.3355297444986494
 0.5841102189607249
 -0.38061213338449551
 -1.2063442038741483
 -1.5915487498723022
 -0.87222403267404025
 -0.68994419471445045
 0.16726305010571701
 1.1274573271333386
 0.98473363488519361
 1.4483291177781921
 0.79218989788241467
 -0.15323778008408839
 -1.0427067526477527
 -0.96962788297188418
 -1.4935672904932904
 -0.55644722963027093
 0.023786074093560219
 0.59533328283375719
 1.5191668402586562
 0.956898559391123
 0.98381086977188703
 0.077320274164050018
 -0.85740580254536991
 -1.479028161039901
 -0.97534090919269134
 -0.67011847071143504
 -0.19229613838359078
 0.75781914301526732
 0.89449833060686224
 0.98871069070099926
 0.72186998516592915
 0.19141994114471486
 -0.40893200362750154
 -1.3759231033932733
 -1.5951013922347976
 -1.2317874990129689
 -0.26165925596843598
 0.34210026289422391
 0.82093309710364448
 1.5999698510170761
 0.81386045126370754
 0.33053772923106406
 -0.27348932174976931
 -0.77764473286336266
 -0.997823225944791
 -1.365793563917693
 -0.6363154187022142
 0.32552962088418913
 0.73031198170342548
 0.99047580032517601
 0.88894197826965471
 0.74046111142811433
 -0.21178330741235341
 -1.0866896200611411
 -1.5647633482131091
 -0.9196397557121162
 -0.84075580239573522
 0.060584717496686646
 0.99922839698217869
 0.96039210634377858
 0.94555465629369806
 0.93667787740373498
 0.018416355340855305
