# Created by Octave 8.4.0, Thu Dec 11 09:16:06 2025 IST <gamana@Samsung>
# name: iq
# type: matrix
# rows: 2048
# columns: 1
 1.6000000000000001
 1.3078594828396464
 0.336325333479365
 -0.42812692941925867
 -0.7737705401199878
 -1.5958393474565038
 -0.85680260336409153
 -0.40332217000396425
 0.31590671602424863
 0.72610466550790553
 1.5833790286129996
 0.89173695753970295
 0.749154243620751
 -0.126277206267076
 -0.67466245436658678
 -1.5626838472910984
 -1.4752536834634684
 -0.84909680209866956
 0.054455970544694823
 0.99153831704690321
 0.95866339707144232
 0.94753482023462876
 0.94462336461493135
 0.028237569029006
 -0.56153743692579727
 -0.93566355795921996
 -1.5489730149676237
 -0.64702319695337762
 -0.14345783253777036
 0.80070875678521836
 1.4524760082306365
 0.98364649651042202
 0.70029174263479022
 0.1612074989385934
 -0.43674579739516622
 -0.8752101648306293
 -0.99406909454407066
 -1.1998691200655591
 -0.37106470728474383
 0.37077718740857579
 0.83807101776911563
 1.5989147559110988
 1.2730311537826249
 0.48226757712003088
 -0.30288023361216132
 -0.79657321781796253
 -1.5990032996191652
 -1.3395723871147742
 -0.36935141386161252
 0.37345288887648859
 1.2014921398173009
 0.99423482618450487
 0.87446671960772626
 0.43536466339879998
 -0.16272196520846155
 -0.70138649497904204
 -1.5742748128544564
 -1.4514444112676728
 -0.79858185850933749
 0.091189587921087126
 0.64819262069187789
 0.96849149417710867
 1.4961933763111284
 0.56026686158099936
 -0.019182950395057383
 -0.59162761605977232
 -0.94802428457192678
 -1.5331609153836951
 -0.61850621691532082
 -0.084677526592261687
 0.85117706439314356
 1.4762025206449945
 1.5621547671285392
 1.0776461366702739
 0.19960738160862385
 -0.75132312806823531
 -0.89243045547475575
 -1.5830241398668952
 -1.1600776873516347
 -0.19593694714062365
 0.64756169863859614
 1.3721487507852954
 0.99728780989863108
 1.2364758878073214
 0.42576039812640087
 -0.54043242017331783
 -0.81829530004591811
 -1.5999981156830194
 -1.3064434050785365
 -0.33487961217098988
 0.2690577826897263
 0.77474182782419287
 0.99750902515076378
 0.85601021937775568
 0.64306772540046753
 -0.31831357253800441
 -1.1634545058509691
 -0.98983136742132305
 -0.8910413592107852
 -0.46686474663636957
 0.20447920255344562
 1.0812711747469574
 1.5632092467140242
 0.92143835717186395
 0.52938408740299536
 -0.055988358703845706
 -0.99346435156367885
 -0.95909896399592787
 -0.94704312407739244
 -0.58915019910744659
 -0.016113969322028313
 0.56280668962743263
 0.93620405186557298
 0.96772249425417678
 1.0333635987502012
 0.14101198650177535
 -0.50177110567169725
 -0.90844011502318567
 -1.5733902689753034
 -1.1187125453216173
 -0.25550824473790507
 0.43812590268212964
 1.401522477738907
 1.590241634363269
 1.1982432741466169
 0.23042228230537098
 -0.37220208762835455
 -0.83890731960218134
 -0.99926402882828158
 -0.79471385035233399
 -0.29995352783086127
 0.3043425181213476
 1.2760001412419637
 0.99943004815055925
 1.3382279905752121
 0.36792477034572635
 -0.37584019083871389
 -0.7519452059868672
 -1.591037145612771
 -1.397953943470734
 -0.694372006313838
 0.16423604820363752
 1.1239673524482932
 1.5747115232512838
 0.906505872236266
 0.79645307925676112
 -0.14834850514954179
 -1.0389768282878857
 -0.96887257281824157
 -1.4953215357592782
 -0.89439194653720289
 0.020717374963544161
 0.59286423571776004
 1.5176184254982497
 0.95778549015728354
 0.98767924615859148
 0.082225300863896456
 -0.8532553218283726
 -0.92321742549042496
 -1.5616220074725362
 -0.67239363004398134
 -0.19717076303546693
 0.75349024285205801
 1.4289949622119771
 1.5826655224717059
 1.1583851774480025
 0.3110907764111292
 -0.64980640000646595
 -1.373410104234061
 -0.99717367862900375
 -1.2349159990320133
 -0.26462053999945312
 0.33921439615447818
 1.3106823934518257
 0.99999528921032244
 0.81564015632847064
 0.53349296334150065
 -0.27053560075472688
 -1.2411380651270638
 -1.5961857737795515
 -1.3683453106370818
 -0.40051154007206008
 0.32071967929718814
 0.72821175405807848
 0.99004851051445419
 1.4245498594022563
 0.7448111861732909
 -0.12932149590627612
 -0.67692492230333512
 -0.97733185259986799
 -0.92084099182663481
 -0.52808142658504087
 0.092032983981153144
 0.99538804607827247
 1.5352516349797323
 1.5144787156133672
 0.58790940764840716
 0.01457942004615246
 -0.56407461669631687
 -1.4987877450246943
 -0.96733457478367735
 -1.0314876483942823
 -0.13856580832666821
 0.50309805648286454
 1.4545289362652838
 1.5729424375764296
 1.1169556674162675
 0.25308388935089982
 -0.70320796161439281
 -0.87669086913002936
 -0.99373060737929897
 -0.74788412868125476
 -0.36628572771519929
 0.3736261111647376
 0.8397416454761244
 0.99920398154940382
 1.2700501723592557
 0.29848911345229245
 -0.48928653725329929
 -1.2774801284892914
 -1.5991690879766041
 -1.3368804419785105
 -0.36649726022122142
 0.37822660754836668
 0.75295605345903283
 1.5912948218074441
 0.87297365177105024
 0.69215891566839305
 -0.26519959097254148
 -0.70357104096355216
 -0.98446532786158059
 -0.90585685224972345
 -0.7943224240416078
 0.15079332020582373
 1.040843016266684
 1.5508021910089118
 0.93402885820795134
 0.89235480789739141
 -0.022251750734397037
 -0.59409945894557603
 -1.5183944210886935
 -0.9573431522354271
 -0.61609138679793818
 -0.079772881462333828
 0.53458223094328505
 1.4780897616558093
 1.5610855695779506
 1.0740109454649969
 0.19473368004700509
 -0.75565558286782664
 -0.89381114363436787
 -0.98893948579507385
 -1.156689939088303
 -0.30868170465518641
 0.65204957082277293
 0.85916763922364559
 1.5952915177924119
 0.77084575096264307
 0.26314020788366393
 -0.54505236914609756
 -1.3120892196538265
 -0.99998940073362763
 -0.81475126332711434
 -0.53117729062208363
 0.43522045056188929
 0.77667892647719483
 1.5963533476679337
 1.3670710472743799
 0.39910480840544516
 -0.32312503063441628
 -0.72926272673208903
 -0.99026332165106024
 -1.4234301886878991
 -0.464148139626821
 0.13084318561326425
 0.67805376596341482
 0.97765562399971406
 1.4723863320576012
 0.84284403508172012
 -0.059052735788742081
 -0.62331837253726197
 -1.5359413114400731
 -0.94605304094090492
 -0.93866757028764702
 -0.020871738287967782
 0.90454594423356471
 0.9372784230159209
 1.5471110029711486
 1.0296092684762668
 0.085074564858861945
 -0.50442382229876837
 -1.4555502625015035
 -0.98280681329679409
 -1.1151961586377703
 -0.15666183615691048
 0.7054128226039994
 1.4038849995502043
 0.99355785265223451
 0.74686444945741071
 0.36389494099378439
 -0.60007880746174169
 -1.3449183894812118
 -0.99914158074923987
 -1.2685551926833805
 -0.29702399601359247
 0.49162389304877907
 1.2789571067647321
 0.99952895764717375
 0.83470609031165577
 0.36506888685045302
 -0.38061213338449551
 -0.75396512742134258
 -0.9947179686701888
 -1.3955584522784645
 -0.68994419471445045
 0.16726305010571701
 0.70466082945833652
 0.98473363488519361
 0.90520569861137001
 0.49511868617650917
 -0.095773612552555232
 -1.0427067526477527
 -1.5514046127550147
 -1.4935672904932904
 -0.89031556740843354
 0.038057718549696355
 0.59533328283375719
 1.5191668402586562
 1.5310376950257969
 0.61488179360742934
 0.077320274164050018
 -0.85740580254536991
 -0.92439260064993811
 -1.5605454547083062
 -0.67011847071143504
 -0.12018508648974423
 0.47363696438454206
 0.89449833060686224
 0.98871069070099926
 0.72186998516592915
 0.30627190583154379
 -0.40893200362750154
 -0.85995193962079575
 -0.99693837014674846
 -0.76986718688310551
 -0.41865480954949758
 0.54736042063075829
 1.3134929553658312
 1.5999698510170761
 1.3021767220219322
 0.52886036676970249
 -0.43758291479963091
 -1.2442315725813804
 -1.5965171615116658
 -1.365793563917693
 -0.39769713668888385
 0.20345601305261818
 1.1684991707254808
 1.5847612805202818
 0.88894197826965471
 0.46278819464257143
 -0.13236456713272088
 -1.0866896200611411
 -1.5647633482131091
 -0.9196397557121162
 -0.52547237649733447
 0.060584717496686646
 0.99922839698217869
 0.96039210634377858
 1.512887450069917
 0.93667787740373498
 0.018416355340855305
