# Created by Octave 8.4.0, Thu Dec 11 09:16:05 2025 IST <gamana@Samsung>
# name: iq
# type: matrix
# rows: 2048
# columns: 1
 1.6000000000000001
 1.3078594828396464
 0.53812053356698397
 -0.42812692941925867
 -0.7737705401199878
 -0.99739959216031482
 -1.3708841653825465
 -0.64531547200634287
 0.19744169751515539
 0.72610466550790553
 0.98961189288312468
 1.4267791320635248
 0.46822140226296938
 -0.126277206267076
 -1.0794599269865388
 -0.97667740455693652
 -0.92203355216466776
 -0.84909680209866956
 0.054455970544694823
 0.61971144815431445
 0.95866339707144232
 1.5160557123754062
 0.94462336461493135
 0.028237569029006
 -0.56153743692579727
 -1.497061692734752
 -0.96810813435476473
 -0.64702319695337762
 -0.089661145336106474
 0.50044297299076146
 1.4524760082306365
 1.5738343944166753
 0.70029174263479022
 0.25793199830174945
 -0.43674579739516622
 -1.4003362637290069
 -0.99406909454407066
 -1.1998691200655591
 -0.23191544205296488
 0.37077718740857579
 1.3409136284305851
 0.99932172244443662
 0.79564447111414049
 0.48226757712003088
 -0.30288023361216132
 -1.2745171485087401
 -0.9993770622619782
 -1.3395723871147742
 -0.36935141386161252
 0.23340805554780536
 1.2014921398173009
 0.99423482618450487
 0.87446671960772626
 0.69658346143808003
 -0.26035514433353851
 -1.1222183919664672
 -0.98392175803403514
 -1.4514444112676728
 -0.49911366156833592
 0.091189587921087126
 1.0371081931070047
 1.549586390683374
 0.93512086019445517
 0.89642697852959907
 -0.030692720632091816
 -0.59162761605977232
 -0.94802428457192678
 -0.95822557211480941
 -0.98960994706451333
 -0.084677526592261687
 0.53198566524571467
 1.4762025206449945
 0.97634672945533696
 0.67352883541892117
 0.19960738160862385
 -0.75132312806823531
 -0.89243045547475575
 -1.5830241398668952
 -1.1600776873516347
 -0.31349911542499787
 0.40472606164912256
 1.3721487507852954
 0.99728780989863108
 1.2364758878073214
 0.42576039812640087
 -0.3377702626083236
 -1.309272480073469
 -0.99999882230188708
 -0.81652712817408524
 -0.33487961217098988
 0.2690577826897263
 0.77474182782419287
 0.99750902515076378
 0.85601021937775568
 0.40191732837529215
 -0.31831357253800441
 -1.1634545058509691
 -1.583730187874117
 -1.4256661747372563
 -0.46686474663636957
 0.1277995015959035
 1.0812711747469574
 1.5632092467140242
 0.92143835717186395
 0.52938408740299536
 -0.055988358703845706
 -0.62091521972729924
 -1.5345583423934848
 -0.94704312407739244
 -0.94264031857191455
 -0.025782350915245302
 0.90049070340389226
 1.4979264829849168
 1.5483559908066828
 0.64585224921887574
 0.14101198650177535
 -0.50177110567169725
 -1.4535041840370972
 -0.98336891810956462
 -0.69919534082601087
 -0.15969265296119067
 0.70100144429140743
 1.401522477738907
 1.590241634363269
 1.1982432741466169
 0.23042228230537098
 -0.37220208762835455
 -1.3422517113634902
 -0.99926402882828158
 -0.79471385035233399
 -0.29995352783086127
 0.48694802899415618
 1.2760001412419637
 0.99943004815055925
 1.3382279905752121
 0.36792477034572635
 -0.37584019083871389
 -0.7519452059868672
 -1.591037145612771
 -1.397953943470734
 -0.43398250394614873
 0.26277767712582006
 1.1239673524482932
 1.5747115232512838
 1.4504093955780257
 0.79645307925676112
 -0.14834850514954179
 -0.64936051767992853
 -0.96887257281824157
 -1.4953215357592782
 -0.55899496658575176
 0.033147799941670657
 0.9485827771484161
 0.94851151593640592
 0.95778549015728354
 0.98767924615859148
 0.082225300863896456
 -0.53328457614273284
 -0.92321742549042496
 -0.97601375467033502
 -1.0758298080703701
 -0.12323172689716683
 0.47093140178253623
 0.89312185138248557
 0.98916595154481612
 1.1583851774480025
 0.19443173525695573
 -0.40612900000404117
 -1.373410104234061
 -1.595477885806406
 -1.2349159990320133
 -0.42339286399912501
 0.33921439615447818
 1.3106823934518257
 1.5999924627365161
 1.3050242501255531
 0.53349296334150065
 -0.27053560075472688
 -1.2411380651270638
 -1.5961857737795515
 -1.3683453106370818
 -0.64081846411529619
 0.32071967929718814
 1.1651388064929256
 0.99004851051445419
 1.4245498594022563
 0.7448111861732909
 -0.12932149590627612
 -0.67692492230333512
 -1.563730964159789
 -1.4733455869226157
 -0.52808142658504087
 0.092032983981153144
 0.99538804607827247
 1.5352516349797323
 0.9465491972583544
 0.94065505223745149
 0.023327072073843935
 -0.56407461669631687
 -0.93674234064043382
 -0.96733457478367735
 -1.0314876483942823
 -0.086603630204167628
 0.50309805648286454
 0.90908058516580226
 1.5729424375764296
 1.1169556674162675
 0.25308388935089982
 -0.70320796161439281
 -1.4027053906080471
 -0.99373060737929897
 -1.1966146058900076
 -0.36628572771519929
 0.59780177786358013
 1.3435866327617991
 1.5987263704790462
 0.79378135772453473
 0.29848911345229245
 -0.30580408578331203
 -0.79842508030580706
 -1.5991690879766041
 -1.3368804419785105
 -0.58639561635395432
 0.37822660754836668
 1.2047296855344527
 1.5912948218074441
 0.87297365177105024
 0.69215891566839305
 -0.26519959097254148
 -0.70357104096355216
 -0.98446532786158059
 -0.90585685224972345
 -0.7943224240416078
 0.094245825128639826
 1.040843016266684
 0.96925136938056977
 0.93402885820795134
 0.89235480789739141
 -0.03560280117503526
 -0.59409945894557603
 -0.94899651318043343
 -1.5317490435766834
 -0.61609138679793818
 -0.049858050913958639
 0.85533156950925615
 1.4780897616558093
 1.5610855695779506
 0.67125684091562299
 0.12170855002937817
 -0.47228473929239162
 -1.4300978298149887
 -0.98893948579507385
 -0.72293121193018939
 -0.30868170465518641
 0.40753098176423302
 0.85916763922364559
 0.99705719862025732
 1.2333532015402291
 0.4210243326138623
 -0.54505236914609756
 -0.82005576228364152
 -0.99998940073362763
 -0.81475126332711434
 -0.33198580663880228
 0.27201278160118081
 1.2426862823635119
 1.5963533476679337
 1.3670710472743799
 0.39910480840544516
 -0.32312503063441628
 -1.1668203627713425
 -0.99026332165106024
 -0.88964386792993688
 -0.464148139626821
 0.13084318561326425
 0.67805376596341482
 0.97765562399971406
 1.4723863320576012
 0.52677752192607508
 -0.059052735788742081
 -0.62331837253726197
 -1.5359413114400731
 -1.513684865505448
 -0.93866757028764702
 -0.013044836429979863
 0.90454594423356471
 1.4996454768254734
 0.96694437685696777
 1.0296092684762668
 0.13611930377417911
 -0.50442382229876837
 -1.4555502625015035
 -0.98280681329679409
 -1.1151961586377703
 -0.15666183615691048
 0.7054128226039994
 0.87742812471887766
 1.5896925642435753
 0.74686444945741071
 0.22743433812111521
 -0.60007880746174169
 -0.84057399342575734
 -1.5986265291987838
 -1.2685551926833805
 -0.29702399601359247
 0.30726493315548692
 0.79934819172795746
 1.5992463322354782
 1.3355297444986494
 0.5841102189607249
 -0.38061213338449551
 -0.75396512742134258
 -0.9947179686701888
 -1.3955584522784645
 -0.68994419471445045
 0.26762088016914726
 0.70466082945833652
 1.57557381581631
 1.4483291177781921
 0.49511868617650917
 -0.095773612552555232
 -0.65169172040484546
 -0.96962788297188418
 -0.9334795565583065
 -0.89031556740843354
 0.038057718549696355
 0.95253325253401155
 0.94947927516166009
 1.5310376950257969
 0.98381086977188703
 0.048325171352531254
 -0.85740580254536991
 -0.92439260064993811
 -1.5605454547083062
 -1.0721895531382961
 -0.19229613838359078
 0.47363696438454206
 1.4311973289709796
 0.98871069070099926
 0.72186998516592915
 0.19141994114471486
 -0.65429120580400246
 -0.85995193962079575
 -0.99693837014674846
 -0.76986718688310551
 -0.26165925596843598
 0.54736042063075829
 0.82093309710364448
 0.99998115688567257
 1.3021767220219322
 0.33053772923106406
 -0.27348932174976931
 -0.77764473286336266
 -1.5965171615116658
 -1.365793563917693
 -0.39769713668888385
 0.32552962088418913
 0.73031198170342548
 1.5847612805202818
 0.88894197826965471
 0.46278819464257143
 -0.21178330741235341
 -0.67918101253821317
 -0.9779770926331931
 -1.471423609139386
 -0.84075580239573522
 0.09693554799469864
 0.62451774811386163
 1.5366273701500459
 0.94555465629369806
 0.93667787740373498
 0.018416355340855305
