# Created by Octave 8.4.0, Thu Dec 11 09:16:05 2025 IST <gamana@Samsung>
# name: iq
# type: matrix
# rows: 2048
# columns: 1
 1.6000000000000001
 1.3078594828396464
 0.53812053356698397
 -0.42812692941925867
 -0.7737705401199878
 -1.5958393474565038
 -0.85680260336409153
 -0.64531547200634287
 0.31590671602424863
 1.1617674648126488
 1.5833790286129996
 0.89173695753970295
 0.749154243620751
 -0.126277206267076
 -1.0794599269865388
 -0.97667740455693652
 -1.4752536834634684
 -0.84909680209866956
 0.087129552871511723
 0.61971144815431445
 0.95866339707144232
 1.5160557123754062
 0.94462336461493135
 0.028237569029006
 -0.89845989908127566
 -0.93566355795921996
 -0.96810813435476473
 -0.64702319695337762
 -0.14345783253777036
 0.80070875678521836
 1.4524760082306365
 1.5738343944166753
 0.70029174263479022
 0.1612074989385934
 -0.43674579739516622
 -1.4003362637290069
 -0.99406909454407066
 -0.74991820004097443
 -0.37106470728474383
 0.59324349985372127
 0.83807101776911563
 1.5989147559110988
 1.2730311537826249
 0.30141723570001927
 -0.48460837377945815
 -1.2745171485087401
 -1.5990032996191652
 -0.8372327419467338
 -0.36935141386161252
 0.37345288887648859
 0.75093258738581303
 0.99423482618450487
 0.87446671960772626
 0.69658346143808003
 -0.16272196520846155
 -0.70138649497904204
 -1.5742748128544564
 -0.90715275704229548
 -0.49911366156833592
 0.14590334067373942
 0.64819262069187789
 1.549586390683374
 1.4961933763111284
 0.89642697852959907
 -0.019182950395057383
 -0.59162761605977232
 -1.5168388553150829
 -0.95822557211480941
 -0.98960994706451333
 -0.084677526592261687
 0.53198566524571467
 0.92262657540312143
 1.5621547671285392
 1.0776461366702739
 0.1247546135053899
 -0.46957695504264702
 -0.89243045547475575
 -1.5830241398668952
 -1.1600776873516347
 -0.19593694714062365
 0.40472606164912256
 0.85759296924080952
 1.5956604958378098
 1.2364758878073214
 0.42576039812640087
 -0.54043242017331783
 -0.81829530004591811
 -1.5999981156830194
 -1.3064434050785365
 -0.53580737947358381
 0.43049245230356209
 1.2395869245187088
 0.99750902515076378
 1.3696163510044093
 0.40191732837529215
 -0.19894598283625273
 -0.72715906615685566
 -1.583730187874117
 -0.8910413592107852
 -0.7469835946181913
 0.1277995015959035
 0.6757944842168484
 1.5632092467140242
 0.92143835717186395
 0.84701453984479258
 -0.055988358703845706
 -0.99346435156367885
 -1.5345583423934848
 -1.5152689985238279
 -0.94264031857191455
 -0.025782350915245302
 0.90049070340389226
 0.93620405186557298
 0.96772249425417678
 0.64585224921887574
 0.14101198650177535
 -0.50177110567169725
 -0.90844011502318567
 -0.98336891810956462
 -0.69919534082601087
 -0.15969265296119067
 0.43812590268212964
 1.401522477738907
 1.590241634363269
 1.1982432741466169
 0.36867565168859362
 -0.37220208762835455
 -1.3422517113634902
 -1.5988224461252507
 -1.2715421605637345
 -0.47992564452937803
 0.48694802899415618
 0.79750008827622731
 0.99943004815055925
 1.3382279905752121
 0.58867963255316214
 -0.23490011927419616
 -1.2031123295789876
 -1.591037145612771
 -0.87372121466920871
 -0.43398250394614873
 0.26277767712582006
 1.1239673524482932
 1.5747115232512838
 1.4504093955780257
 0.49778317453547566
 -0.092717815718463617
 -0.64936051767992853
 -0.96887257281824157
 -0.93457595984954878
 -0.89439194653720289
 0.033147799941670657
 0.9485827771484161
 1.5176184254982497
 0.95778549015728354
 0.61729952884911965
 0.051390813039935278
 -0.8532553218283726
 -0.92321742549042496
 -0.97601375467033502
 -0.67239363004398134
 -0.12323172689716683
 0.75349024285205801
 0.89312185138248557
 1.5826655224717059
 1.1583851774480025
 0.19443173525695573
 -0.64980640000646595
 -0.85838131514628802
 -1.595477885806406
 -0.77182249939500824
 -0.42339286399912501
 0.33921439615447818
 1.3106823934518257
 0.99999528921032244
 1.3050242501255531
 0.3334331020884379
 -0.43285696120756301
 -0.7757112907044148
 -0.99761610861221961
 -0.85521581914817602
 -0.40051154007206008
 0.32071967929718814
 0.72821175405807848
 1.5840776168231268
 0.89034366212641014
 0.46550699135830681
 -0.20691439345004181
 -1.0830798756853361
 -1.563730964159789
 -1.4733455869226157
 -0.52808142658504087
 0.057520614988220711
 0.62211752879892024
 0.95953227186233259
 1.5144787156133672
 0.94065505223745149
 0.01457942004615246
 -0.90251938671410703
 -0.93674234064043382
 -1.5477353196538839
 -0.64467978024642647
 -0.086603630204167628
 0.50309805648286454
 1.4545289362652838
 0.98308902348526839
 1.1169556674162675
 0.25308388935089982
 -0.43950497600899546
 -1.4027053906080471
 -0.99373060737929897
 -1.1966146058900076
 -0.36628572771519929
 0.3736261111647376
 1.3435866327617991
 0.99920398154940382
 0.79378135772453473
 0.47758258152366795
 -0.48928653725329929
 -1.2774801284892914
 -0.99948067998537748
 -1.3368804419785105
 -0.36649726022122142
 0.23639162971772915
 0.75295605345903283
 1.5912948218074441
 0.87297365177105024
 0.69215891566839305
 -0.26519959097254148
 -0.70357104096355216
 -1.5751445245785289
 -1.4493709635995575
 -0.7943224240416078
 0.15079332020582373
 1.040843016266684
 0.96925136938056977
 0.93402885820795134
 0.55772175493586962
 -0.022251750734397037
 -0.95055913431292172
 -1.5183944210886935
 -1.5317490435766834
 -0.61609138679793818
 -0.079772881462333828
 0.53458223094328505
 1.4780897616558093
 0.97567848098621912
 0.67125684091562299
 0.19473368004700509
 -0.75565558286782664
 -0.89381114363436787
 -0.98893948579507385
 -1.156689939088303
 -0.19292606540949148
 0.65204957082277293
 1.3746682227578331
 0.99705719862025732
 0.77084575096264307
 0.26314020788366393
 -0.54505236914609756
 -1.3120892196538265
 -0.99998940073362763
 -0.81475126332711434
 -0.53117729062208363
 0.27201278160118081
 0.77667892647719483
 1.5963533476679337
 0.85441940454648735
 0.63856769344871234
 -0.20195314414651017
 -1.1668203627713425
 -1.5844213146416966
 -0.88964386792993688
 -0.7426370234029136
 0.20934909698122281
 1.0848860255414638
 1.5642489983995427
 0.92024145753600073
 0.84284403508172012
 -0.094484377261987329
 -0.62331837253726197
 -1.5359413114400731
 -0.94605304094090492
 -0.93866757028764702
 -0.013044836429979863
 0.5653412151459779
 0.9372784230159209
 1.5471110029711486
 1.0296092684762668
 0.13611930377417911
 -0.80707811567802945
 -1.4555502625015035
 -0.98280681329679409
 -1.1151961586377703
 -0.15666183615691048
 0.44088301412749958
 1.4038849995502043
 1.5896925642435753
 1.1949831191318572
 0.22743433812111521
 -0.60007880746174169
 -0.84057399342575734
 -0.99914158074923987
 -0.79284699542711268
 -0.47523839362174797
 0.30726493315548692
 0.79934819172795746
 0.99952895764717375
 1.3355297444986494
 0.36506888685045302
 -0.23788258336530968
 -0.75396512742134258
 -0.9947179686701888
 -0.87222403267404025
 -0.43121512169653153
 0.16726305010571701
 1.1274573271333386
 0.98473363488519361
 1.4483291177781921
 0.79218989788241467
 -0.15323778008408839
 -1.0427067526477527
 -1.5514046127550147
 -1.4935672904932904
 -0.89031556740843354
 0.023786074093560219
 0.95253325253401155
 1.5191668402586562
 1.5310376950257969
 0.98381086977188703
 0.048325171352531254
 -0.85740580254536991
 -0.92439260064993811
 -1.5605454547083062
 -1.0721895531382961
 -0.19229613838359078
 0.75781914301526732
 1.4311973289709796
 1.5819371051215989
 1.1549919762654868
 0.30627190583154379
 -0.65429120580400246
 -0.85995193962079575
 -1.5951013922347976
 -0.76986718688310551
 -0.41865480954949758
 0.34210026289422391
 1.3134929553658312
 0.99998115688567257
 0.81386045126370754
 0.52886036676970249
 -0.43758291479963091
 -0.77764473286336266
 -1.5965171615116658
 -1.365793563917693
 -0.39769713668888385
 0.32552962088418913
 1.1684991707254808
 0.99047580032517601
 1.4223071652314476
 0.74046111142811433
 -0.21178330741235341
 -1.0866896200611411
 -0.9779770926331931
 -0.9196397557121162
 -0.52547237649733447
 0.060584717496686646
 0.99922839698217869
 1.5366273701500459
 0.94555465629369806
 0.58542367337733436
 0.011510222088034565
