# Created by Octave 8.4.0, Thu Dec 11 09:16:05 2025 IST <gamana@Samsung>
# name: iq
# type: matrix
# rows: 2048
# columns: 1
 1.6000000000000001
 1.3078594828396464
 0.53812053356698397
 -0.26757933088703667
 -1.2380328641919807
 -1.5958393474565038
 -1.3708841653825465
 -0.64531547200634287
 0.31590671602424863
 1.1617674648126488
 1.5833790286129996
 1.4267791320635248
 0.749154243620751
 -0.20204353002732162
 -0.67466245436658678
 -1.5626838472910984
 -0.92203355216466776
 -0.53068550131166847
 0.087129552871511723
 0.99153831704690321
 0.95866339707144232
 0.94753482023462876
 0.59038960288433207
 0.028237569029006
 -0.89845989908127566
 -1.497061692734752
 -1.5489730149676237
 -0.64702319695337762
 -0.089661145336106474
 0.50044297299076146
 1.4524760082306365
 0.98364649651042202
 1.1204667882156645
 0.1612074989385934
 -0.43674579739516622
 -1.4003362637290069
 -1.5905105512705131
 -0.74991820004097443
 -0.23191544205296488
 0.59324349985372127
 0.83807101776911563
 1.5989147559110988
 0.79564447111414049
 0.30141723570001927
 -0.30288023361216132
 -1.2745171485087401
 -0.9993770622619782
 -1.3395723871147742
 -0.59096226217858006
 0.37345288887648859
 0.75093258738581303
 0.99423482618450487
 1.3991467513723621
 0.43536466339879998
 -0.26035514433353851
 -0.70138649497904204
 -1.5742748128544564
 -1.4514444112676728
 -0.49911366156833592
 0.091189587921087126
 0.64819262069187789
 0.96849149417710867
 1.4961933763111284
 0.89642697852959907
 -0.030692720632091816
 -0.94660418569563576
 -0.94802428457192678
 -0.95822557211480941
 -0.61850621691532082
 -0.084677526592261687
 0.85117706439314356
 0.92262657540312143
 0.97634672945533696
 0.67352883541892117
 0.19960738160862385
 -0.75132312806823531
 -0.89243045547475575
 -1.5830241398668952
 -0.72504855459477169
 -0.31349911542499787
 0.40472606164912256
 1.3721487507852954
 1.5956604958378098
 1.2364758878073214
 0.26610024882900052
 -0.54043242017331783
 -1.309272480073469
 -0.99999882230188708
 -1.3064434050785365
 -0.33487961217098988
 0.43049245230356209
 0.77474182782419287
 1.5960144402412222
 1.3696163510044093
 0.64306772540046753
 -0.31831357253800441
 -0.72715906615685566
 -0.98983136742132305
 -0.8910413592107852
 -0.7469835946181913
 0.20447920255344562
 0.6757944842168484
 0.97700577919626508
 1.4743013714749824
 0.52938408740299536
 -0.055988358703845706
 -0.99346435156367885
 -1.5345583423934848
 -1.5152689985238279
 -0.94264031857191455
 -0.016113969322028313
 0.56280668962743263
 1.4979264829849168
 0.96772249425417678
 1.0333635987502012
 0.14101198650177535
 -0.50177110567169725
 -1.4535041840370972
 -0.98336891810956462
 -1.1187125453216173
 -0.25550824473790507
 0.43812590268212964
 0.87595154858681679
 0.99390102147704307
 1.1982432741466169
 0.23042228230537098
 -0.59552334020536735
 -0.83890731960218134
 -0.99926402882828158
 -0.79471385035233399
 -0.47992564452937803
 0.48694802899415618
 0.79750008827622731
 1.5990880770408948
 0.83639249410950756
 0.58867963255316214
 -0.23490011927419616
 -0.7519452059868672
 -0.99439821600798184
 -1.397953943470734
 -0.694372006313838
 0.26277767712582006
 1.1239673524482932
 0.98419470203205239
 1.4504093955780257
 0.49778317453547566
 -0.14834850514954179
 -0.64936051767992853
 -0.96887257281824157
 -1.4953215357592782
 -0.89439194653720289
 0.033147799941670657
 0.9485827771484161
 1.5176184254982497
 1.5324567842516537
 0.98767924615859148
 0.051390813039935278
 -0.8532553218283726
 -0.92321742549042496
 -1.5616220074725362
 -0.67239363004398134
 -0.19717076303546693
 0.75349024285205801
 1.4289949622119771
 0.98916595154481612
 0.72399073590500151
 0.19443173525695573
 -0.40612900000404117
 -0.85838131514628802
 -0.99717367862900375
 -1.2349159990320133
 -0.42339286399912501
 0.54274303384716516
 0.81917649590739106
 0.99999528921032244
 1.3050242501255531
 0.3334331020884379
 -0.43285696120756301
 -1.2411380651270638
 -1.5961857737795515
 -0.85521581914817602
 -0.40051154007206008
 0.20044979956074258
 0.72821175405807848
 1.5840776168231268
 0.89034366212641014
 0.7448111861732909
 -0.20691439345004181
 -1.0830798756853361
 -1.563730964159789
 -1.4733455869226157
 -0.52808142658504087
 0.092032983981153144
 0.99538804607827247
 1.5352516349797323
 0.9465491972583544
 0.94065505223745149
 0.01457942004615246
 -0.56407461669631687
 -0.93674234064043382
 -0.96733457478367735
 -0.64467978024642647
 -0.086603630204167628
 0.50309805648286454
 1.4545289362652838
 1.5729424375764296
 0.69809729213516714
 0.15817743084431238
 -0.70320796161439281
 -1.4027053906080471
 -0.99373060737929897
 -0.74788412868125476
 -0.36628572771519929
 0.59780177786358013
 1.3435866327617991
 0.99920398154940382
 0.79378135772453473
 0.47758258152366795
 -0.30580408578331203
 -1.2774801284892914
 -0.99948067998537748
 -0.83555027623656908
 -0.36649726022122142
 0.23639162971772915
 0.75295605345903283
 1.5912948218074441
 0.87297365177105024
 0.43259932229274561
 -0.1657497443578384
 -0.70357104096355216
 -0.98446532786158059
 -1.4493709635995575
 -0.7943224240416078
 0.15079332020582373
 0.65052688516667745
 0.96925136938056977
 0.93402885820795134
 0.89235480789739141
 -0.03560280117503526
 -0.59409945894557603
 -0.94899651318043343
 -0.9573431522354271
 -0.61609138679793818
 -0.079772881462333828
 0.85533156950925615
 1.4780897616558093
 1.5610855695779506
 0.67125684091562299
 0.12170855002937817
 -0.75565558286782664
 -1.4300978298149887
 -1.5823031772721183
 -1.156689939088303
 -0.19292606540949148
 0.65204957082277293
 1.3746682227578331
 0.99705719862025732
 1.2333532015402291
 0.26314020788366393
 -0.54505236914609756
 -1.3120892196538265
 -1.5999830411738043
 -1.303602021323383
 -0.33198580663880228
 0.43522045056188929
 1.2426862823635119
 1.5963533476679337
 1.3670710472743799
 0.63856769344871234
 -0.32312503063441628
 -0.72926272673208903
 -1.5844213146416966
 -0.88964386792993688
 -0.464148139626821
 0.13084318561326425
 0.67805376596341482
 1.5642489983995427
 1.4723863320576012
 0.52677752192607508
 -0.094484377261987329
 -0.62331837253726197
 -1.5359413114400731
 -1.513684865505448
 -0.93866757028764702
 -0.013044836429979863
 0.5653412151459779
 1.4996454768254734
 1.5471110029711486
 1.0296092684762668
 0.085074564858861945
 -0.50442382229876837
 -1.4555502625015035
 -0.98280681329679409
 -1.1151961586377703
 -0.15666183615691048
 0.44088301412749958
 1.4038849995502043
 1.5896925642435753
 0.74686444945741071
 0.36389494099378439
 -0.60007880746174169
 -0.84057399342575734
 -0.99914158074923987
 -0.79284699542711268
 -0.29702399601359247
 0.49162389304877907
 0.79934819172795746
 1.5992463322354782
 0.83470609031165577
 0.36506888685045302
 -0.23788258336530968
 -0.75396512742134258
 -0.9947179686701888
 -1.3955584522784645
 -0.68994419471445045
 0.16726305010571701
 0.70466082945833652
 1.57557381581631
 1.4483291177781921
 0.79218989788241467
 -0.15323778008408839
 -1.0427067526477527
 -1.5514046127550147
 -0.9334795565583065
 -0.55644722963027093
 0.023786074093560219
 0.59533328283375719
 1.5191668402586562
 0.956898559391123
 0.61488179360742934
 0.077320274164050018
 -0.85740580254536991
 -0.92439260064993811
 -0.97534090919269134
 -0.67011847071143504
 -0.19229613838359078
 0.75781914301526732
 1.4311973289709796
 0.98871069070099926
 0.72186998516592915
 0.30627190583154379
 -0.40893200362750154
 -0.85995193962079575
 -0.99693837014674846
 -1.2317874990129689
 -0.41865480954949758
 0.54736042063075829
 1.3134929553658312
 0.99998115688567257
 1.3021767220219322
 0.52886036676970249
 -0.43758291479963091
 -0.77764473286336266
 -0.997823225944791
 -1.365793563917693
 -0.6363154187022142
 0.32552962088418913
 1.1684991707254808
 0.99047580032517601
 1.4223071652314476
 0.46278819464257143
 -0.21178330741235341
 -0.67918101253821317
 -1.5647633482131091
 -0.9196397557121162
 -0.52547237649733447
 0.09693554799469864
 0.62451774811386163
 0.96039210634377858
 0.94555465629369806
 0.58542367337733436
 0.018416355340855305
