# Created by Octave 8.4.0, Thu Dec 11 09:16:05 2025 IST <gamana@Samsung>
# name: iq
# type: matrix
# rows: 2048
# columns: 1
 1
 1.3078594828396464
 0.53812053356698397
 -0.26757933088703667
 -0.7737705401199878
 -1.5958393474565038
 -1.3708841653825465
 -0.64531547200634287
 0.31590671602424863
 0.72610466550790553
 0.98961189288312468
 0.89173695753970295
 0.46822140226296938
 -0.20204353002732162
 -0.67466245436658678
 -1.5626838472910984
 -0.92203355216466776
 -0.53068550131166847
 0.087129552871511723
 0.99153831704690321
 0.95866339707144232
 0.94753482023462876
 0.94462336461493135
 0.017648480643128749
 -0.56153743692579727
 -0.93566355795921996
 -1.5489730149676237
 -0.64702319695337762
 -0.14345783253777036
 0.80070875678521836
 0.9077975051441477
 1.5738343944166753
 1.1204667882156645
 0.25793199830174945
 -0.69879327583226603
 -0.8752101648306293
 -1.5905105512705131
 -0.74991820004097443
 -0.37106470728474383
 0.37077718740857579
 0.83807101776911563
 1.5989147559110988
 1.2730311537826249
 0.48226757712003088
 -0.48460837377945815
 -0.79657321781796253
 -0.9993770622619782
 -0.8372327419467338
 -0.59096226217858006
 0.37345288887648859
 1.2014921398173009
 0.99423482618450487
 1.3991467513723621
 0.43536466339879998
 -0.16272196520846155
 -0.70138649497904204
 -0.98392175803403514
 -1.4514444112676728
 -0.49911366156833592
 0.091189587921087126
 0.64819262069187789
 1.549586390683374
 1.4961933763111284
 0.89642697852959907
 -0.019182950395057383
 -0.94660418569563576
 -0.94802428457192678
 -0.95822557211480941
 -0.98960994706451333
 -0.084677526592261687
 0.53198566524571467
 1.4762025206449945
 1.5621547671285392
 0.67352883541892117
 0.1247546135053899
 -0.46957695504264702
 -0.89243045547475575
 -1.5830241398668952
 -1.1600776873516347
 -0.31349911542499787
 0.64756169863859614
 0.85759296924080952
 1.5956604958378098
 1.2364758878073214
 0.42576039812640087
 -0.3377702626083236
 -0.81829530004591811
 -0.99999882230188708
 -1.3064434050785365
 -0.33487961217098988
 0.43049245230356209
 1.2395869245187088
 0.99750902515076378
 1.3696163510044093
 0.40191732837529215
 -0.19894598283625273
 -0.72715906615685566
 -1.583730187874117
 -1.4256661747372563
 -0.7469835946181913
 0.20447920255344562
 1.0812711747469574
 1.5632092467140242
 0.92143835717186395
 0.84701453984479258
 -0.055988358703845706
 -0.62091521972729924
 -0.95909896399592787
 -0.94704312407739244
 -0.58915019910744659
 -0.016113969322028313
 0.90049070340389226
 0.93620405186557298
 1.5483559908066828
 1.0333635987502012
 0.14101198650177535
 -0.8028337690747156
 -0.90844011502318567
 -1.5733902689753034
 -0.69919534082601087
 -0.15969265296119067
 0.43812590268212964
 1.401522477738907
 1.590241634363269
 1.1982432741466169
 0.23042228230537098
 -0.37220208762835455
 -1.3422517113634902
 -0.99926402882828158
 -1.2715421605637345
 -0.47992564452937803
 0.3043425181213476
 1.2760001412419637
 1.5990880770408948
 1.3382279905752121
 0.58867963255316214
 -0.37584019083871389
 -1.2031123295789876
 -0.99439821600798184
 -1.397953943470734
 -0.43398250394614873
 0.26277767712582006
 1.1239673524482932
 0.98419470203205239
 1.4504093955780257
 0.49778317453547566
 -0.092717815718463617
 -0.64936051767992853
 -0.96887257281824157
 -0.93457595984954878
 -0.89439194653720289
 0.033147799941670657
 0.59286423571776004
 1.5176184254982497
 0.95778549015728354
 0.98767924615859148
 0.051390813039935278
 -0.53328457614273284
 -1.4771478807846801
 -0.97601375467033502
 -0.67239363004398134
 -0.12323172689716683
 0.75349024285205801
 0.89312185138248557
 1.5826655224717059
 0.72399073590500151
 0.19443173525695573
 -0.64980640000646595
 -1.373410104234061
 -1.595477885806406
 -1.2349159990320133
 -0.26462053999945312
 0.54274303384716516
 1.3106823934518257
 1.5999924627365161
 1.3050242501255531
 0.3334331020884379
 -0.27053560075472688
 -0.7757112907044148
 -1.5961857737795515
 -1.3683453106370818
 -0.64081846411529619
 0.32071967929718814
 0.72821175405807848
 0.99004851051445419
 1.4245498594022563
 0.7448111861732909
 -0.12932149590627612
 -1.0830798756853361
 -1.563730964159789
 -0.92084099182663481
 -0.84493028253606539
 0.092032983981153144
 0.62211752879892024
 0.95953227186233259
 0.9465491972583544
 0.58790940764840716
 0.01457942004615246
 -0.90251938671410703
 -0.93674234064043382
 -0.96733457478367735
 -1.0314876483942823
 -0.13856580832666821
 0.50309805648286454
 0.90908058516580226
 0.98308902348526839
 0.69809729213516714
 0.15817743084431238
 -0.70320796161439281
 -1.4027053906080471
 -1.5899689718068784
 -1.1966146058900076
 -0.36628572771519929
 0.59780177786358013
 1.3435866327617991
 1.5987263704790462
 1.2700501723592557
 0.47758258152366795
 -0.48928653725329929
 -1.2774801284892914
 -0.99948067998537748
 -0.83555027623656908
 -0.58639561635395432
 0.23639162971772915
 0.75295605345903283
 0.99455926362965252
 1.3967578428336804
 0.69215891566839305
 -0.26519959097254148
 -0.70357104096355216
 -1.5751445245785289
 -0.90585685224972345
 -0.49645151502600482
 0.15079332020582373
 1.040843016266684
 0.96925136938056977
 0.93402885820795134
 0.89235480789739141
 -0.022251750734397037
 -0.95055913431292172
 -0.94899651318043343
 -0.9573431522354271
 -0.98574621887670111
 -0.079772881462333828
 0.53458223094328505
 0.9238061010348807
 1.5610855695779506
 0.67125684091562299
 0.19473368004700509
 -0.75565558286782664
 -1.4300978298149887
 -0.98893948579507385
 -1.156689939088303
 -0.19292606540949148
 0.65204957082277293
 0.85916763922364559
 0.99705719862025732
 1.2333532015402291
 0.26314020788366393
 -0.54505236914609756
 -1.3120892196538265
 -1.5999830411738043
 -1.303602021323383
 -0.53117729062208363
 0.43522045056188929
 1.2426862823635119
 1.5963533476679337
 1.3670710472743799
 0.39910480840544516
 -0.20195314414651017
 -1.1668203627713425
 -0.99026332165106024
 -1.4234301886878991
 -0.7426370234029136
 0.20934909698122281
 1.0848860255414638
 0.97765562399971406
 0.92024145753600073
 0.84284403508172012
 -0.094484377261987329
 -0.62331837253726197
 -1.5359413114400731
 -1.513684865505448
 -0.58666723142977939
 -0.020871738287967782
 0.5653412151459779
 0.9372784230159209
 0.96694437685696777
 0.64350579279766673
 0.085074564858861945
 -0.80707811567802945
 -0.90971891406343963
 -0.98280681329679409
 -0.69699759914860648
 -0.25065893785105681
 0.44088301412749958
 0.87742812471887766
 1.5896925642435753
 0.74686444945741071
 0.22743433812111521
 -0.37504925466358852
 -0.84057399342575734
 -1.5986265291987838
 -1.2685551926833805
 -0.29702399601359247
 0.49162389304877907
 1.2789571067647321
 1.5992463322354782
 0.83470609031165577
 0.5841102189607249
 -0.23788258336530968
 -0.75396512742134258
 -0.9947179686701888
 -0.87222403267404025
 -0.68994419471445045
 0.26762088016914726
 0.70466082945833652
 1.57557381581631
 1.4483291177781921
 0.49511868617650917
 -0.15323778008408839
 -0.65169172040484546
 -0.96962788297188418
 -1.4935672904932904
 -0.55644722963027093
 0.023786074093560219
 0.95253325253401155
 1.5191668402586562
 1.5310376950257969
 0.61488179360742934
 0.077320274164050018
 -0.53587862659085617
 -0.92439260064993811
 -0.97534090919269134
 -1.0721895531382961
 -0.19229613838359078
 0.47363696438454206
 0.89449833060686224
 0.98871069070099926
 1.1549919762654868
 0.19141994114471486
 -0.65429120580400246
 -0.85995193962079575
 -0.99693837014674846
 -0.76986718688310551
 -0.41865480954949758
 0.34210026289422391
 1.3134929553658312
 1.5999698510170761
 0.81386045126370754
 0.52886036676970249
 -0.27348932174976931
 -0.77764473286336266
 -0.997823225944791
 -1.365793563917693
 -0.39769713668888385
 0.32552962088418913
 0.73031198170342548
 1.5847612805202818
 1.4223071652314476
 0.46278819464257143
 -0.13236456713272088
 -1.0866896200611411
 -0.9779770926331931
 -1.471423609139386
 -0.52547237649733447
 0.09693554799469864
 0.62451774811386163
 1.5366273701500459
 0.94555465629369806
 0.58542367337733436
 0.011510222088034565
