# Created by Octave 8.4.0, Thu Dec 11 09:16:05 2025 IST <gamana@Samsung>
# name: iq
# type: matrix
# rows: 2048
# columns: 1
 1.6000000000000001
 1.3078594828396464
 0.336325333479365
 -0.42812692941925867
 -1.2380328641919807
 -1.5958393474565038
 -1.3708841653825465
 -0.40332217000396425
 0.31590671602424863
 0.72610466550790553
 0.98961189288312468
 0.89173695753970295
 0.46822140226296938
 -0.126277206267076
 -0.67466245436658678
 -1.5626838472910984
 -1.4752536834634684
 -0.84909680209866956
 0.087129552871511723
 0.99153831704690321
 0.95866339707144232
 1.5160557123754062
 0.59038960288433207
 0.017648480643128749
 -0.89845989908127566
 -0.93566355795921996
 -0.96810813435476473
 -1.0352371151254043
 -0.089661145336106474
 0.50044297299076146
 1.4524760082306365
 1.5738343944166753
 1.1204667882156645
 0.25793199830174945
 -0.69879327583226603
 -0.8752101648306293
 -1.5905105512705131
 -0.74991820004097443
 -0.23191544205296488
 0.59324349985372127
 1.3409136284305851
 0.99932172244443662
 1.2730311537826249
 0.48226757712003088
 -0.48460837377945815
 -1.2745171485087401
 -0.9993770622619782
 -1.3395723871147742
 -0.36935141386161252
 0.23340805554780536
 0.75093258738581303
 0.99423482618450487
 0.87446671960772626
 0.43536466339879998
 -0.26035514433353851
 -0.70138649497904204
 -0.98392175803403514
 -0.90715275704229548
 -0.49911366156833592
 0.14590334067373942
 0.64819262069187789
 0.96849149417710867
 1.4961933763111284
 0.56026686158099936
 -0.030692720632091816
 -0.59162761605977232
 -1.5168388553150829
 -1.5331609153836951
 -0.61850621691532082
 -0.084677526592261687
 0.53198566524571467
 0.92262657540312143
 1.5621547671285392
 0.67352883541892117
 0.1247546135053899
 -0.46957695504264702
 -1.4278887287596094
 -1.5830241398668952
 -1.1600776873516347
 -0.31349911542499787
 0.64756169863859614
 0.85759296924080952
 1.5956604958378098
 0.77279742987957578
 0.42576039812640087
 -0.54043242017331783
 -1.309272480073469
 -0.99999882230188708
 -0.81652712817408524
 -0.33487961217098988
 0.43049245230356209
 1.2395869245187088
 0.99750902515076378
 0.85601021937775568
 0.40191732837529215
 -0.19894598283625273
 -1.1634545058509691
 -1.583730187874117
 -1.4256661747372563
 -0.7469835946181913
 0.1277995015959035
 0.6757944842168484
 0.97700577919626508
 1.4743013714749824
 0.52938408740299536
 -0.089581373926153132
 -0.99346435156367885
 -0.95909896399592787
 -1.5152689985238279
 -0.94264031857191455
 -0.016113969322028313
 0.56280668962743263
 1.4979264829849168
 0.96772249425417678
 1.0333635987502012
 0.088132491563609597
 -0.50177110567169725
 -1.4535041840370972
 -1.5733902689753034
 -0.69919534082601087
 -0.25550824473790507
 0.43812590268212964
 0.87595154858681679
 0.99390102147704307
 0.74890204634163549
 0.23042228230537098
 -0.37220208762835455
 -1.3422517113634902
 -0.99926402882828158
 -1.2715421605637345
 -0.47992564452937803
 0.3043425181213476
 0.79750008827622731
 1.5990880770408948
 0.83639249410950756
 0.36792477034572635
 -0.23490011927419616
 -0.7519452059868672
 -0.99439821600798184
 -0.87372121466920871
 -0.43398250394614873
 0.26277767712582006
 0.70247959528018322
 0.98419470203205239
 0.906505872236266
 0.49778317453547566
 -0.14834850514954179
 -1.0389768282878857
 -0.96887257281824157
 -1.4953215357592782
 -0.55899496658575176
 0.033147799941670657
 0.59286423571776004
 0.94851151593640592
 0.95778549015728354
 0.98767924615859148
 0.082225300863896456
 -0.8532553218283726
 -1.4771478807846801
 -0.97601375467033502
 -0.67239363004398134
 -0.12323172689716683
 0.47093140178253623
 1.4289949622119771
 0.98916595154481612
 1.1583851774480025
 0.3110907764111292
 -0.40612900000404117
 -0.85838131514628802
 -0.99717367862900375
 -1.2349159990320133
 -0.26462053999945312
 0.33921439615447818
 0.81917649590739106
 1.5999924627365161
 1.3050242501255531
 0.3334331020884379
 -0.43285696120756301
 -0.7757112907044148
 -1.5961857737795515
 -0.85521581914817602
 -0.40051154007206008
 0.20044979956074258
 1.1651388064929256
 0.99004851051445419
 0.89034366212641014
 0.7448111861732909
 -0.12932149590627612
 -0.67692492230333512
 -1.563730964159789
 -0.92084099182663481
 -0.52808142658504087
 0.057520614988220711
 0.62211752879892024
 0.95953227186233259
 1.5144787156133672
 0.94065505223745149
 0.023327072073843935
 -0.56407461669631687
 -0.93674234064043382
 -0.96733457478367735
 -1.0314876483942823
 -0.13856580832666821
 0.50309805648286454
 0.90908058516580226
 0.98308902348526839
 0.69809729213516714
 0.15817743084431238
 -0.43950497600899546
 -0.87669086913002936
 -0.99373060737929897
 -1.1966146058900076
 -0.22892857982199954
 0.59780177786358013
 1.3435866327617991
 1.5987263704790462
 0.79378135772453473
 0.29848911345229245
 -0.30580408578331203
 -1.2774801284892914
 -1.5991690879766041
 -1.3368804419785105
 -0.36649726022122142
 0.37822660754836668
 0.75295605345903283
 1.5912948218074441
 0.87297365177105024
 0.43259932229274561
 -0.26519959097254148
 -1.1257136655416835
 -1.5751445245785289
 -1.4493709635995575
 -0.49645151502600482
 0.15079332020582373
 1.040843016266684
 0.96925136938056977
 0.93402885820795134
 0.55772175493586962
 -0.022251750734397037
 -0.59409945894557603
 -0.94899651318043343
 -0.9573431522354271
 -0.61609138679793818
 -0.049858050913958639
 0.85533156950925615
 1.4780897616558093
 0.97567848098621912
 1.0740109454649969
 0.19473368004700509
 -0.75565558286782664
 -0.89381114363436787
 -0.98893948579507385
 -1.156689939088303
 -0.19292606540949148
 0.40753098176423302
 1.3746682227578331
 1.5952915177924119
 1.2333532015402291
 0.26314020788366393
 -0.54505236914609756
 -1.3120892196538265
 -1.5999830411738043
 -1.303602021323383
 -0.53117729062208363
 0.43522045056188929
 1.2426862823635119
 1.5963533476679337
 0.85441940454648735
 0.39910480840544516
 -0.20195314414651017
 -1.1668203627713425
 -0.99026332165106024
 -1.4234301886878991
 -0.7426370234029136
 0.13084318561326425
 1.0848860255414638
 0.97765562399971406
 0.92024145753600073
 0.52677752192607508
 -0.094484377261987329
 -0.99730939605961921
 -0.95996331965004555
 -0.94605304094090492
 -0.93866757028764702
 -0.013044836429979863
 0.5653412151459779
 0.9372784230159209
 1.5471110029711486
 1.0296092684762668
 0.13611930377417911
 -0.50442382229876837
 -0.90971891406343963
 -1.5724909012748707
 -1.1151961586377703
 -0.25065893785105681
 0.44088301412749958
 1.4038849995502043
 0.99355785265223451
 0.74686444945741071
 0.22743433812111521
 -0.37504925466358852
 -1.3449183894812118
 -0.99914158074923987
 -0.79284699542711268
 -0.47523839362174797
 0.30726493315548692
 1.2789571067647321
 1.5992463322354782
 1.3355297444986494
 0.36506888685045302
 -0.38061213338449551
 -1.2063442038741483
 -0.9947179686701888
 -1.3955584522784645
 -0.68994419471445045
 0.26762088016914726
 0.70466082945833652
 1.57557381581631
 0.90520569861137001
 0.49511868617650917
 -0.15323778008408839
 -1.0427067526477527
 -1.5514046127550147
 -1.4935672904932904
 -0.89031556740843354
 0.038057718549696355
 0.59533328283375719
 0.94947927516166009
 0.956898559391123
 0.61488179360742934
 0.048325171352531254
 -0.53587862659085617
 -1.479028161039901
 -1.5605454547083062
 -1.0721895531382961
 -0.19229613838359078
 0.75781914301526732
 1.4311973289709796
 1.5819371051215989
 1.1549919762654868
 0.19141994114471486
 -0.40893200362750154
 -0.85995193962079575
 -1.5951013922347976
 -0.76986718688310551
 -0.26165925596843598
 0.34210026289422391
 1.3134929553658312
 0.99998115688567257
 0.81386045126370754
 0.33053772923106406
 -0.27348932174976931
 -1.2442315725813804
 -0.997823225944791
 -0.85362097744855803
 -0.39769713668888385
 0.32552962088418913
 1.1684991707254808
 1.5847612805202818
 1.4223071652314476
 0.46278819464257143
 -0.21178330741235341
 -0.67918101253821317
 -0.9779770926331931
 -1.471423609139386
 -0.84075580239573522
 0.060584717496686646
 0.62451774811386163
 1.5366273701500459
 0.94555465629369806
 0.58542367337733436
 0.018416355340855305
