# Created by Octave 8.4.0, Thu Dec 11 09:16:05 2025 IST <gamana@Samsung>
# name: iq
# type: matrix
# rows: 2048
# columns: 1
 1.6000000000000001
 1.3078594828396464
 0.53812053356698397
 -0.26757933088703667
 -0.7737705401199878
 -1.5958393474565038
 -0.85680260336409153
 -0.64531547200634287
 0.31590671602424863
 1.1617674648126488
 1.5833790286129996
 1.4267791320635248
 0.46822140226296938
 -0.20204353002732162
 -0.67466245436658678
 -0.97667740455693652
 -0.92203355216466776
 -0.53068550131166847
 0.087129552871511723
 0.61971144815431445
 1.5338614353143079
 1.5160557123754062
 0.94462336461493135
 0.028237569029006
 -0.56153743692579727
 -0.93566355795921996
 -1.5489730149676237
 -0.64702319695337762
 -0.089661145336106474
 0.80070875678521836
 1.4524760082306365
 1.5738343944166753
 0.70029174263479022
 0.1612074989385934
 -0.43674579739516622
 -0.8752101648306293
 -0.99406909454407066
 -1.1998691200655591
 -0.37106470728474383
 0.59324349985372127
 0.83807101776911563
 0.99932172244443662
 0.79564447111414049
 0.30141723570001927
 -0.30288023361216132
 -1.2745171485087401
 -1.5990032996191652
 -0.8372327419467338
 -0.59096226217858006
 0.37345288887648859
 1.2014921398173009
 0.99423482618450487
 1.3991467513723621
 0.43536466339879998
 -0.16272196520846155
 -0.70138649497904204
 -1.5742748128544564
 -0.90715275704229548
 -0.49911366156833592
 0.14590334067373942
 1.0371081931070047
 1.549586390683374
 0.93512086019445517
 0.89642697852959907
 -0.019182950395057383
 -0.94660418569563576
 -0.94802428457192678
 -0.95822557211480941
 -0.98960994706451333
 -0.084677526592261687
 0.85117706439314356
 1.4762025206449945
 0.97634672945533696
 1.0776461366702739
 0.19960738160862385
 -0.75132312806823531
 -0.89243045547475575
 -0.98939008741680945
 -0.72504855459477169
 -0.31349911542499787
 0.40472606164912256
 0.85759296924080952
 1.5956604958378098
 1.2364758878073214
 0.42576039812640087
 -0.3377702626083236
 -0.81829530004591811
 -0.99999882230188708
 -1.3064434050785365
 -0.53580737947358381
 0.43049245230356209
 0.77474182782419287
 1.5960144402412222
 1.3696163510044093
 0.64306772540046753
 -0.19894598283625273
 -1.1634545058509691
 -1.583730187874117
 -0.8910413592107852
 -0.46686474663636957
 0.1277995015959035
 0.6757944842168484
 1.5632092467140242
 0.92143835717186395
 0.84701453984479258
 -0.055988358703845706
 -0.99346435156367885
 -1.5345583423934848
 -0.94704312407739244
 -0.94264031857191455
 -0.016113969322028313
 0.90049070340389226
 0.93620405186557298
 0.96772249425417678
 1.0333635987502012
 0.088132491563609597
 -0.8028337690747156
 -0.90844011502318567
 -1.5733902689753034
 -1.1187125453216173
 -0.15969265296119067
 0.43812590268212964
 1.401522477738907
 0.99390102147704307
 1.1982432741466169
 0.23042228230537098
 -0.59552334020536735
 -0.83890731960218134
 -1.5988224461252507
 -0.79471385035233399
 -0.29995352783086127
 0.48694802899415618
 1.2760001412419637
 1.5990880770408948
 0.83639249410950756
 0.58867963255316214
 -0.23490011927419616
 -1.2031123295789876
 -1.591037145612771
 -0.87372121466920871
 -0.43398250394614873
 0.26277767712582006
 1.1239673524482932
 0.98419470203205239
 0.906505872236266
 0.79645307925676112
 -0.092717815718463617
 -1.0389768282878857
 -1.5501961165091867
 -0.93457595984954878
 -0.55899496658575176
 0.020717374963544161
 0.59286423571776004
 1.5176184254982497
 0.95778549015728354
 0.61729952884911965
 0.051390813039935278
 -0.8532553218283726
 -0.92321742549042496
 -1.5616220074725362
 -0.67239363004398134
 -0.19717076303546693
 0.47093140178253623
 0.89312185138248557
 1.5826655224717059
 0.72399073590500151
 0.19443173525695573
 -0.40612900000404117
 -1.373410104234061
 -1.595477885806406
 -0.77182249939500824
 -0.42339286399912501
 0.54274303384716516
 1.3106823934518257
 0.99999528921032244
 1.3050242501255531
 0.53349296334150065
 -0.43285696120756301
 -0.7757112907044148
 -0.99761610861221961
 -1.3683453106370818
 -0.40051154007206008
 0.20044979956074258
 0.72821175405807848
 1.5840776168231268
 0.89034366212641014
 0.46550699135830681
 -0.12932149590627612
 -1.0830798756853361
 -0.97733185259986799
 -0.92084099182663481
 -0.52808142658504087
 0.092032983981153144
 0.99538804607827247
 0.95953227186233259
 1.5144787156133672
 0.94065505223745149
 0.01457942004615246
 -0.56407461669631687
 -1.4987877450246943
 -1.5477353196538839
 -0.64467978024642647
 -0.13856580832666821
 0.50309805648286454
 0.90908058516580226
 0.98308902348526839
 1.1169556674162675
 0.25308388935089982
 -0.43950497600899546
 -0.87669086913002936
 -0.99373060737929897
 -1.1966146058900076
 -0.36628572771519929
 0.3736261111647376
 1.3435866327617991
 1.5987263704790462
 0.79378135772453473
 0.29848911345229245
 -0.30580408578331203
 -0.79842508030580706
 -1.5991690879766041
 -1.3368804419785105
 -0.58639561635395432
 0.37822660754836668
 1.2047296855344527
 0.99455926362965252
 0.87297365177105024
 0.43259932229274561
 -0.1657497443578384
 -0.70357104096355216
 -0.98446532786158059
 -1.4493709635995575
 -0.7943224240416078
 0.094245825128639826
 0.65052688516667745
 1.5508021910089118
 1.4944461731327223
 0.55772175493586962
 -0.03560280117503526
 -0.95055913431292172
 -0.94899651318043343
 -1.5317490435766834
 -0.61609138679793818
 -0.049858050913958639
 0.53458223094328505
 1.4780897616558093
 1.5610855695779506
 0.67125684091562299
 0.19473368004700509
 -0.47228473929239162
 -1.4300978298149887
 -1.5823031772721183
 -0.72293121193018939
 -0.30868170465518641
 0.65204957082277293
 0.85916763922364559
 0.99705719862025732
 0.77084575096264307
 0.26314020788366393
 -0.54505236914609756
 -1.3120892196538265
 -0.99998940073362763
 -0.81475126332711434
 -0.53117729062208363
 0.27201278160118081
 1.2426862823635119
 0.9977208422924585
 1.3670710472743799
 0.39910480840544516
 -0.20195314414651017
 -0.72926272673208903
 -1.5844213146416966
 -0.88964386792993688
 -0.7426370234029136
 0.20934909698122281
 1.0848860255414638
 1.5642489983995427
 0.92024145753600073
 0.52677752192607508
 -0.094484377261987329
 -0.99730939605961921
 -1.5359413114400731
 -0.94605304094090492
 -0.58666723142977939
 -0.020871738287967782
 0.5653412151459779
 0.9372784230159209
 0.96694437685696777
 0.64350579279766673
 0.085074564858861945
 -0.50442382229876837
 -1.4555502625015035
 -0.98280681329679409
 -1.1151961586377703
 -0.25065893785105681
 0.44088301412749958
 1.4038849995502043
 0.99355785265223451
 0.74686444945741071
 0.22743433812111521
 -0.60007880746174169
 -0.84057399342575734
 -1.5986265291987838
 -1.2685551926833805
 -0.47523839362174797
 0.30726493315548692
 1.2789571067647321
 1.5992463322354782
 1.3355297444986494
 0.36506888685045302
 -0.23788258336530968
 -1.2063442038741483
 -1.5915487498723022
 -1.3955584522784645
 -0.43121512169653153
 0.16726305010571701
 0.70466082945833652
 0.98473363488519361
 1.4483291177781921
 0.49511868617650917
 -0.095773612552555232
 -0.65169172040484546
 -1.5514046127550147
 -0.9334795565583065
 -0.89031556740843354
 0.038057718549696355
 0.59533328283375719
 1.5191668402586562
 0.956898559391123
 0.98381086977188703
 0.048325171352531254
 -0.85740580254536991
 -0.92439260064993811
 -1.5605454547083062
 -1.0721895531382961
 -0.19229613838359078
 0.47363696438454206
 1.4311973289709796
 0.98871069070099926
 0.72186998516592915
 0.19141994114471486
 -0.65429120580400246
 -0.85995193962079575
 -1.5951013922347976
 -0.76986718688310551
 -0.26165925596843598
 0.34210026289422391
 0.82093309710364448
 1.5999698510170761
 0.81386045126370754
 0.52886036676970249
 -0.27348932174976931
 -1.2442315725813804
 -1.5965171615116658
 -1.365793563917693
 -0.39769713668888385
 0.20345601305261818
 0.73031198170342548
 0.99047580032517601
 0.88894197826965471
 0.46278819464257143
 -0.21178330741235341
 -0.67918101253821317
 -0.9779770926331931
 -1.471423609139386
 -0.84075580239573522
 0.09693554799469864
 0.99922839698217869
 1.5366273701500459
 1.512887450069917
 0.58542367337733436
