# Created by Octave 8.4.0, Thu Dec 11 09:16:05 2025 IST <gamana@Samsung>
# name: iq
# type: matrix
# rows: 2048
# columns: 1
 1.6000000000000001
 1.3078594828396464
 0.336325333479365
 -0.42812692941925867
 -0.7737705401199878
 -0.99739959216031482
 -0.85680260336409153
 -0.64531547200634287
 0.31590671602424863
 0.72610466550790553
 0.98961189288312468
 0.89173695753970295
 0.749154243620751
 -0.20204353002732162
 -1.0794599269865388
 -1.5626838472910984
 -1.4752536834634684
 -0.84909680209866956
 0.054455970544694823
 0.99153831704690321
 1.5338614353143079
 1.5160557123754062
 0.59038960288433207
 0.028237569029006
 -0.56153743692579727
 -1.497061692734752
 -0.96810813435476473
 -1.0352371151254043
 -0.089661145336106474
 0.50044297299076146
 1.4524760082306365
 0.98364649651042202
 1.1204667882156645
 0.1612074989385934
 -0.69879327583226603
 -1.4003362637290069
 -1.5905105512705131
 -0.74991820004097443
 -0.37106470728474383
 0.37077718740857579
 0.83807101776911563
 0.99932172244443662
 1.2730311537826249
 0.30141723570001927
 -0.30288023361216132
 -1.2745171485087401
 -0.9993770622619782
 -0.8372327419467338
 -0.59096226217858006
 0.23340805554780536
 1.2014921398173009
 0.99423482618450487
 1.3991467513723621
 0.69658346143808003
 -0.26035514433353851
 -0.70138649497904204
 -1.5742748128544564
 -0.90715275704229548
 -0.79858185850933749
 0.091189587921087126
 0.64819262069187789
 1.549586390683374
 1.4961933763111284
 0.89642697852959907
 -0.030692720632091816
 -0.59162761605977232
 -1.5168388553150829
 -1.5331609153836951
 -0.98960994706451333
 -0.084677526592261687
 0.53198566524571467
 0.92262657540312143
 0.97634672945533696
 1.0776461366702739
 0.19960738160862385
 -0.75132312806823531
 -1.4278887287596094
 -0.98939008741680945
 -0.72504855459477169
 -0.19593694714062365
 0.64756169863859614
 0.85759296924080952
 0.99728780989863108
 1.2364758878073214
 0.26610024882900052
 -0.3377702626083236
 -1.309272480073469
 -0.99999882230188708
 -0.81652712817408524
 -0.33487961217098988
 0.43049245230356209
 1.2395869245187088
 1.5960144402412222
 1.3696163510044093
 0.40191732837529215
 -0.19894598283625273
 -1.1634545058509691
 -1.583730187874117
 -1.4256661747372563
 -0.46686474663636957
 0.1277995015959035
 0.6757944842168484
 1.5632092467140242
 1.4743013714749824
 0.84701453984479258
 -0.089581373926153132
 -0.62091521972729924
 -1.5345583423934848
 -0.94704312407739244
 -0.58915019910744659
 -0.025782350915245302
 0.56280668962743263
 1.4979264829849168
 1.5483559908066828
 0.64585224921887574
 0.14101198650177535
 -0.50177110567169725
 -0.90844011502318567
 -0.98336891810956462
 -0.69919534082601087
 -0.15969265296119067
 0.43812590268212964
 0.87595154858681679
 1.590241634363269
 1.1982432741466169
 0.23042228230537098
 -0.59552334020536735
 -0.83890731960218134
 -1.5988224461252507
 -0.79471385035233399
 -0.29995352783086127
 0.48694802899415618
 1.2760001412419637
 0.99943004815055925
 1.3382279905752121
 0.36792477034572635
 -0.37584019083871389
 -0.7519452059868672
 -1.591037145612771
 -1.397953943470734
 -0.43398250394614873
 0.26277767712582006
 1.1239673524482932
 1.5747115232512838
 1.4504093955780257
 0.49778317453547566
 -0.092717815718463617
 -1.0389768282878857
 -1.5501961165091867
 -1.4953215357592782
 -0.55899496658575176
 0.033147799941670657
 0.59286423571776004
 0.94851151593640592
 1.5324567842516537
 0.98767924615859148
 0.051390813039935278
 -0.53328457614273284
 -1.4771478807846801
 -1.5616220074725362
 -0.67239363004398134
 -0.19717076303546693
 0.75349024285205801
 1.4289949622119771
 0.98916595154481612
 1.1583851774480025
 0.19443173525695573
 -0.64980640000646595
 -1.373410104234061
 -0.99717367862900375
 -1.2349159990320133
 -0.42339286399912501
 0.54274303384716516
 0.81917649590739106
 0.99999528921032244
 0.81564015632847064
 0.3334331020884379
 -0.27053560075472688
 -1.2411380651270638
 -1.5961857737795515
 -0.85521581914817602
 -0.40051154007206008
 0.32071967929718814
 1.1651388064929256
 1.5840776168231268
 1.4245498594022563
 0.46550699135830681
 -0.20691439345004181
 -1.0830798756853361
 -0.97733185259986799
 -0.92084099182663481
 -0.52808142658504087
 0.092032983981153144
 0.99538804607827247
 1.5352516349797323
 1.5144787156133672
 0.94065505223745149
 0.01457942004615246
 -0.90251938671410703
 -0.93674234064043382
 -1.5477353196538839
 -0.64467978024642647
 -0.086603630204167628
 0.80495689037258333
 0.90908058516580226
 1.5729424375764296
 1.1169556674162675
 0.25308388935089982
 -0.43950497600899546
 -1.4027053906080471
 -1.5899689718068784
 -1.1966146058900076
 -0.36628572771519929
 0.59780177786358013
 0.8397416454761244
 0.99920398154940382
 1.2700501723592557
 0.29848911345229245
 -0.30580408578331203
 -1.2774801284892914
 -1.5991690879766041
 -1.3368804419785105
 -0.36649726022122142
 0.37822660754836668
 1.2047296855344527
 1.5912948218074441
 0.87297365177105024
 0.69215891566839305
 -0.26519959097254148
 -0.70357104096355216
 -0.98446532786158059
 -0.90585685224972345
 -0.49645151502600482
 0.15079332020582373
 1.040843016266684
 0.96925136938056977
 0.93402885820795134
 0.55772175493586962
 -0.03560280117503526
 -0.59409945894557603
 -0.94899651318043343
 -0.9573431522354271
 -0.61609138679793818
 -0.079772881462333828
 0.53458223094328505
 1.4780897616558093
 1.5610855695779506
 1.0740109454649969
 0.12170855002937817
 -0.47228473929239162
 -0.89381114363436787
 -0.98893948579507385
 -0.72293121193018939
 -0.19292606540949148
 0.40753098176423302
 0.85916763922364559
 0.99705719862025732
 0.77084575096264307
 0.26314020788366393
 -0.34065773071631095
 -1.3120892196538265
 -1.5999830411738043
 -0.81475126332711434
 -0.33198580663880228
 0.27201278160118081
 1.2426862823635119
 0.9977208422924585
 0.85441940454648735
 0.39910480840544516
 -0.20195314414651017
 -1.1668203627713425
 -1.5844213146416966
 -1.4234301886878991
 -0.464148139626821
 0.13084318561326425
 0.67805376596341482
 1.5642489983995427
 0.92024145753600073
 0.52677752192607508
 -0.094484377261987329
 -0.62331837253726197
 -0.95996331965004555
 -0.94605304094090492
 -0.58666723142977939
 -0.020871738287967782
 0.90454594423356471
 1.4996454768254734
 1.5471110029711486
 1.0296092684762668
 0.13611930377417911
 -0.50442382229876837
 -1.4555502625015035
 -1.5724909012748707
 -0.69699759914860648
 -0.25065893785105681
 0.44088301412749958
 0.87742812471887766
 0.99355785265223451
 1.1949831191318572
 0.36389494099378439
 -0.37504925466358852
 -0.84057399342575734
 -1.5986265291987838
 -1.2685551926833805
 -0.47523839362174797
 0.30726493315548692
 0.79934819172795746
 1.5992463322354782
 0.83470609031165577
 0.36506888685045302
 -0.23788258336530968
 -0.75396512742134258
 -1.5915487498723022
 -1.3955584522784645
 -0.68994419471445045
 0.26762088016914726
 0.70466082945833652
 1.57557381581631
 0.90520569861137001
 0.49511868617650917
 -0.15323778008408839
 -0.65169172040484546
 -1.5514046127550147
 -1.4935672904932904
 -0.89031556740843354
 0.038057718549696355
 0.95253325253401155
 1.5191668402586562
 1.5310376950257969
 0.61488179360742934
 0.048325171352531254
 -0.85740580254536991
 -1.479028161039901
 -0.97534090919269134
 -0.67011847071143504
 -0.19229613838359078
 0.47363696438454206
 1.4311973289709796
 0.98871069070099926
 0.72186998516592915
 0.30627190583154379
 -0.65429120580400246
 -0.85995193962079575
 -0.99693837014674846
 -1.2317874990129689
 -0.41865480954949758
 0.34210026289422391
 1.3134929553658312
 1.5999698510170761
 0.81386045126370754
 0.52886036676970249
 -0.27348932174976931
 -0.77764473286336266
 -1.5965171615116658
 -1.365793563917693
 -0.39769713668888385
 0.32552962088418913
 1.1684991707254808
 0.99047580032517601
 1.4223071652314476
 0.46278819464257143
 -0.21178330741235341
 -1.0866896200611411
 -0.9779770926331931
 -0.9196397557121162
 -0.84075580239573522
 0.09693554799469864
 0.62451774811386163
 0.96039210634377858
 1.512887450069917
 0.58542367337733436
 0.018416355340855305
