# Created by Octave 8.4.0, Thu Dec 11 09:16:05 2025 IST <gamana@Samsung>
# name: iq
# type: matrix
# rows: 2048
# columns: 1
 1
 1.3078594828396464
 0.336325333479365
 -0.42812692941925867
 -1.2380328641919807
 -1.5958393474565038
 -0.85680260336409153
 -0.40332217000396425
 0.31590671602424863
 0.72610466550790553
 1.5833790286129996
 1.4267791320635248
 0.749154243620751
 -0.126277206267076
 -0.67466245436658678
 -0.97667740455693652
 -1.4752536834634684
 -0.84909680209866956
 0.087129552871511723
 0.61971144815431445
 1.5338614353143079
 0.94753482023462876
 0.59038960288433207
 0.017648480643128749
 -0.89845989908127566
 -1.497061692734752
 -1.5489730149676237
 -1.0352371151254043
 -0.14345783253777036
 0.50044297299076146
 1.4524760082306365
 1.5738343944166753
 0.70029174263479022
 0.1612074989385934
 -0.43674579739516622
 -1.4003362637290069
 -0.99406909454407066
 -0.74991820004097443
 -0.37106470728474383
 0.59324349985372127
 1.3409136284305851
 1.5989147559110988
 1.2730311537826249
 0.30141723570001927
 -0.30288023361216132
 -1.2745171485087401
 -1.5990032996191652
 -1.3395723871147742
 -0.36935141386161252
 0.23340805554780536
 1.2014921398173009
 1.5907757218952079
 1.3991467513723621
 0.69658346143808003
 -0.26035514433353851
 -1.1222183919664672
 -0.98392175803403514
 -0.90715275704229548
 -0.49911366156833592
 0.091189587921087126
 0.64819262069187789
 0.96849149417710867
 0.93512086019445517
 0.56026686158099936
 -0.019182950395057383
 -0.94660418569563576
 -1.5168388553150829
 -1.5331609153836951
 -0.61850621691532082
 -0.052923454120163547
 0.85117706439314356
 0.92262657540312143
 0.97634672945533696
 1.0776461366702739
 0.1247546135053899
 -0.75132312806823531
 -0.89243045547475575
 -0.98939008741680945
 -0.72504855459477169
 -0.19593694714062365
 0.64756169863859614
 0.85759296924080952
 0.99728780989863108
 0.77279742987957578
 0.26610024882900052
 -0.3377702626083236
 -1.309272480073469
 -1.5999981156830194
 -0.81652712817408524
 -0.53580737947358381
 0.2690577826897263
 0.77474182782419287
 0.99750902515076378
 1.3696163510044093
 0.40191732837529215
 -0.19894598283625273
 -1.1634545058509691
 -1.583730187874117
 -0.8910413592107852
 -0.7469835946181913
 0.1277995015959035
 0.6757944842168484
 1.5632092467140242
 0.92143835717186395
 0.84701453984479258
 -0.089581373926153132
 -0.99346435156367885
 -1.5345583423934848
 -0.94704312407739244
 -0.94264031857191455
 -0.025782350915245302
 0.56280668962743263
 0.93620405186557298
 1.5483559908066828
 0.64585224921887574
 0.14101198650177535
 -0.50177110567169725
 -0.90844011502318567
 -0.98336891810956462
 -1.1187125453216173
 -0.15969265296119067
 0.70100144429140743
 1.401522477738907
 1.590241634363269
 0.74890204634163549
 0.36867565168859362
 -0.37220208762835455
 -0.83890731960218134
 -1.5988224461252507
 -1.2715421605637345
 -0.47992564452937803
 0.48694802899415618
 1.2760001412419637
 1.5990880770408948
 1.3382279905752121
 0.58867963255316214
 -0.23490011927419616
 -1.2031123295789876
 -0.99439821600798184
 -1.397953943470734
 -0.694372006313838
 0.16423604820363752
 1.1239673524482932
 1.5747115232512838
 0.906505872236266
 0.79645307925676112
 -0.14834850514954179
 -1.0389768282878857
 -0.96887257281824157
 -1.4953215357592782
 -0.89439194653720289
 0.033147799941670657
 0.9485827771484161
 1.5176184254982497
 1.5324567842516537
 0.61729952884911965
 0.082225300863896456
 -0.53328457614273284
 -0.92321742549042496
 -0.97601375467033502
 -0.67239363004398134
 -0.19717076303546693
 0.47093140178253623
 0.89312185138248557
 0.98916595154481612
 1.1583851774480025
 0.19443173525695573
 -0.64980640000646595
 -0.85838131514628802
 -1.595477885806406
 -1.2349159990320133
 -0.42339286399912501
 0.54274303384716516
 1.3106823934518257
 0.99999528921032244
 0.81564015632847064
 0.53349296334150065
 -0.27053560075472688
 -0.7757112907044148
 -1.5961857737795515
 -0.85521581914817602
 -0.40051154007206008
 0.20044979956074258
 1.1651388064929256
 1.5840776168231268
 1.4245498594022563
 0.46550699135830681
 -0.12932149590627612
 -1.0830798756853361
 -1.563730964159789
 -1.4733455869226157
 -0.84493028253606539
 0.057520614988220711
 0.62211752879892024
 1.5352516349797323
 0.9465491972583544
 0.94065505223745149
 0.023327072073843935
 -0.56407461669631687
 -0.93674234064043382
 -0.96733457478367735
 -1.0314876483942823
 -0.086603630204167628
 0.80495689037258333
 0.90908058516580226
 0.98308902348526839
 1.1169556674162675
 0.25308388935089982
 -0.70320796161439281
 -1.4027053906080471
 -1.5899689718068784
 -0.74788412868125476
 -0.36628572771519929
 0.3736261111647376
 0.8397416454761244
 0.99920398154940382
 0.79378135772453473
 0.29848911345229245
 -0.48928653725329929
 -1.2774801284892914
 -0.99948067998537748
 -0.83555027623656908
 -0.58639561635395432
 0.23639162971772915
 0.75295605345903283
 0.99455926362965252
 0.87297365177105024
 0.43259932229274561
 -0.26519959097254148
 -1.1257136655416835
 -1.5751445245785289
 -0.90585685224972345
 -0.7943224240416078
 0.15079332020582373
 1.040843016266684
 1.5508021910089118
 1.4944461731327223
 0.55772175493586962
 -0.022251750734397037
 -0.95055913431292172
 -0.94899651318043343
 -0.9573431522354271
 -0.98574621887670111
 -0.049858050913958639
 0.85533156950925615
 1.4780897616558093
 1.5610855695779506
 1.0740109454649969
 0.12170855002937817
 -0.75565558286782664
 -0.89381114363436787
 -0.98893948579507385
 -0.72293121193018939
 -0.19292606540949148
 0.65204957082277293
 1.3746682227578331
 1.5952915177924119
 0.77084575096264307
 0.4210243326138623
 -0.34065773071631095
 -0.82005576228364152
 -0.99998940073362763
 -1.303602021323383
 -0.53117729062208363
 0.43522045056188929
 1.2426862823635119
 1.5963533476679337
 0.85441940454648735
 0.63856769344871234
 -0.20195314414651017
 -1.1668203627713425
 -1.5844213146416966
 -0.88964386792993688
 -0.464148139626821
 0.20934909698122281
 0.67805376596341482
 1.5642489983995427
 1.4723863320576012
 0.84284403508172012
 -0.094484377261987329
 -0.99730939605961921
 -0.95996331965004555
 -1.513684865505448
 -0.93866757028764702
 -0.013044836429979863
 0.90454594423356471
 0.9372784230159209
 0.96694437685696777
 0.64350579279766673
 0.13611930377417911
 -0.50442382229876837
 -1.4555502625015035
 -1.5724909012748707
 -1.1151961586377703
 -0.25065893785105681
 0.7054128226039994
 0.87742812471887766
 0.99355785265223451
 0.74686444945741071
 0.36389494099378439
 -0.37504925466358852
 -1.3449183894812118
 -0.99914158074923987
 -0.79284699542711268
 -0.29702399601359247
 0.49162389304877907
 0.79934819172795746
 1.5992463322354782
 1.3355297444986494
 0.5841102189607249
 -0.38061213338449551
 -0.75396512742134258
 -1.5915487498723022
 -0.87222403267404025
 -0.43121512169653153
 0.26762088016914726
 0.70466082945833652
 0.98473363488519361
 0.90520569861137001
 0.49511868617650917
 -0.095773612552555232
 -1.0427067526477527
 -1.5514046127550147
 -1.4935672904932904
 -0.89031556740843354
 0.023786074093560219
 0.95253325253401155
 1.5191668402586562
 0.956898559391123
 0.61488179360742934
 0.048325171352531254
 -0.85740580254536991
 -0.92439260064993811
 -1.5605454547083062
 -1.0721895531382961
 -0.19229613838359078
 0.75781914301526732
 1.4311973289709796
 1.5819371051215989
 0.72186998516592915
 0.30627190583154379
 -0.65429120580400246
 -1.3759231033932733
 -1.5951013922347976
 -0.76986718688310551
 -0.26165925596843598
 0.34210026289422391
 0.82093309710364448
 1.5999698510170761
 0.81386045126370754
 0.33053772923106406
 -0.43758291479963091
 -1.2442315725813804
 -1.5965171615116658
 -1.365793563917693
 -0.6363154187022142
 0.32552962088418913
 1.1684991707254808
 0.99047580032517601
 1.4223071652314476
 0.46278819464257143
 -0.13236456713272088
 -0.67918101253821317
 -1.5647633482131091
 -0.9196397557121162
 -0.84075580239573522
 0.09693554799469864
 0.62451774811386163
 0.96039210634377858
 0.94555465629369806
 0.58542367337733436
 0.011510222088034565
 -0.56660648199307451
