# Created by Octave 8.4.0, Thu Dec 11 09:16:05 2025 IST <gamana@Samsung>
# name: iq
# type: matrix
# rows: 2048
# columns: 1
 1.6000000000000001
 0.81741217677477895
 0.53812053356698397
 -0.26757933088703667
 -1.2380328641919807
 -1.5958393474565038
 -1.3708841653825465
 -0.64531547200634287
 0.19744169751515539
 1.1617674648126488
 0.98961189288312468
 0.89173695753970295
 0.749154243620751
 -0.126277206267076
 -1.0794599269865388
 -0.97667740455693652
 -1.4752536834634684
 -0.53068550131166847
 0.087129552871511723
 0.99153831704690321
 1.5338614353143079
 1.5160557123754062
 0.59038960288433207
 0.017648480643128749
 -0.56153743692579727
 -0.93566355795921996
 -0.96810813435476473
 -0.64702319695337762
 -0.089661145336106474
 0.80070875678521836
 1.4524760082306365
 1.5738343944166753
 0.70029174263479022
 0.1612074989385934
 -0.69879327583226603
 -0.8752101648306293
 -0.99406909454407066
 -1.1998691200655591
 -0.37106470728474383
 0.59324349985372127
 1.3409136284305851
 1.5989147559110988
 0.79564447111414049
 0.48226757712003088
 -0.30288023361216132
 -1.2745171485087401
 -0.9993770622619782
 -1.3395723871147742
 -0.59096226217858006
 0.37345288887648859
 0.75093258738581303
 0.99423482618450487
 0.87446671960772626
 0.43536466339879998
 -0.26035514433353851
 -0.70138649497904204
 -0.98392175803403514
 -0.90715275704229548
 -0.49911366156833592
 0.14590334067373942
 0.64819262069187789
 1.549586390683374
 0.93512086019445517
 0.89642697852959907
 -0.030692720632091816
 -0.94660418569563576
 -0.94802428457192678
 -0.95822557211480941
 -0.98960994706451333
 -0.052923454120163547
 0.85117706439314356
 0.92262657540312143
 0.97634672945533696
 0.67352883541892117
 0.19960738160862385
 -0.46957695504264702
 -1.4278887287596094
 -1.5830241398668952
 -0.72504855459477169
 -0.19593694714062365
 0.40472606164912256
 1.3721487507852954
 0.99728780989863108
 0.77279742987957578
 0.26610024882900052
 -0.3377702626083236
 -1.309272480073469
 -1.5999981156830194
 -1.3064434050785365
 -0.33487961217098988
 0.43049245230356209
 0.77474182782419287
 1.5960144402412222
 0.85601021937775568
 0.64306772540046753
 -0.31831357253800441
 -0.72715906615685566
 -1.583730187874117
 -1.4256661747372563
 -0.7469835946181913
 0.1277995015959035
 0.6757944842168484
 0.97700577919626508
 1.4743013714749824
 0.52938408740299536
 -0.055988358703845706
 -0.99346435156367885
 -0.95909896399592787
 -1.5152689985238279
 -0.94264031857191455
 -0.016113969322028313
 0.56280668962743263
 0.93620405186557298
 0.96772249425417678
 0.64585224921887574
 0.088132491563609597
 -0.8028337690747156
 -0.90844011502318567
 -1.5733902689753034
 -0.69919534082601087
 -0.15969265296119067
 0.70100144429140743
 0.87595154858681679
 0.99390102147704307
 1.1982432741466169
 0.23042228230537098
 -0.37220208762835455
 -0.83890731960218134
 -1.5988224461252507
 -1.2715421605637345
 -0.47992564452937803
 0.48694802899415618
 1.2760001412419637
 0.99943004815055925
 0.83639249410950756
 0.58867963255316214
 -0.23490011927419616
 -0.7519452059868672
 -1.591037145612771
 -0.87372121466920871
 -0.43398250394614873
 0.16423604820363752
 1.1239673524482932
 1.5747115232512838
 0.906505872236266
 0.49778317453547566
 -0.092717815718463617
 -0.64936051767992853
 -0.96887257281824157
 -0.93457595984954878
 -0.89439194653720289
 0.020717374963544161
 0.59286423571776004
 1.5176184254982497
 0.95778549015728354
 0.98767924615859148
 0.051390813039935278
 -0.8532553218283726
 -1.4771478807846801
 -1.5616220074725362
 -0.67239363004398134
 -0.12323172689716683
 0.47093140178253623
 1.4289949622119771
 1.5826655224717059
 1.1583851774480025
 0.3110907764111292
 -0.40612900000404117
 -0.85838131514628802
 -1.595477885806406
 -0.77182249939500824
 -0.42339286399912501
 0.54274303384716516
 0.81917649590739106
 0.99999528921032244
 1.3050242501255531
 0.53349296334150065
 -0.43285696120756301
 -1.2411380651270638
 -0.99761610861221961
 -1.3683453106370818
 -0.40051154007206008
 0.32071967929718814
 1.1651388064929256
 0.99004851051445419
 0.89034366212641014
 0.7448111861732909
 -0.12932149590627612
 -0.67692492230333512
 -0.97733185259986799
 -1.4733455869226157
 -0.52808142658504087
 0.057520614988220711
 0.99538804607827247
 1.5352516349797323
 1.5144787156133672
 0.94065505223745149
 0.023327072073843935
 -0.90251938671410703
 -1.4987877450246943
 -0.96733457478367735
 -0.64467978024642647
 -0.13856580832666821
 0.80495689037258333
 1.4545289362652838
 1.5729424375764296
 1.1169556674162675
 0.25308388935089982
 -0.43950497600899546
 -0.87669086913002936
 -1.5899689718068784
 -1.1966146058900076
 -0.22892857982199954
 0.59780177786358013
 0.8397416454761244
 1.5987263704790462
 0.79378135772453473
 0.47758258152366795
 -0.48928653725329929
 -0.79842508030580706
 -1.5991690879766041
 -0.83555027623656908
 -0.36649726022122142
 0.23639162971772915
 0.75295605345903283
 0.99455926362965252
 1.3967578428336804
 0.43259932229274561
 -0.26519959097254148
 -0.70357104096355216
 -0.98446532786158059
 -0.90585685224972345
 -0.49645151502600482
 0.15079332020582373
 1.040843016266684
 1.5508021910089118
 0.93402885820795134
 0.55772175493586962
 -0.022251750734397037
 -0.95055913431292172
 -0.94899651318043343
 -0.9573431522354271
 -0.61609138679793818
 -0.049858050913958639
 0.85533156950925615
 0.9238061010348807
 0.97567848098621912
 1.0740109454649969
 0.12170855002937817
 -0.75565558286782664
 -1.4300978298149887
 -1.5823031772721183
 -1.156689939088303
 -0.19292606540949148
 0.40753098176423302
 0.85916763922364559
 1.5952915177924119
 0.77084575096264307
 0.4210243326138623
 -0.34065773071631095
 -0.82005576228364152
 -1.5999830411738043
 -0.81475126332711434
 -0.53117729062208363
 0.27201278160118081
 1.2426862823635119
 0.9977208422924585
 0.85441940454648735
 0.63856769344871234
 -0.32312503063441628
 -1.1668203627713425
 -0.99026332165106024
 -0.88964386792993688
 -0.464148139626821
 0.20934909698122281
 0.67805376596341482
 1.5642489983995427
 0.92024145753600073
 0.52677752192607508
 -0.059052735788742081
 -0.99730939605961921
 -0.95996331965004555
 -0.94605304094090492
 -0.93866757028764702
 -0.020871738287967782
 0.5653412151459779
 1.4996454768254734
 1.5471110029711486
 1.0296092684762668
 0.085074564858861945
 -0.80707811567802945
 -1.4555502625015035
 -1.5724909012748707
 -0.69699759914860648
 -0.15666183615691048
 0.44088301412749958
 0.87742812471887766
 0.99355785265223451
 1.1949831191318572
 0.22743433812111521
 -0.60007880746174169
 -0.84057399342575734
 -0.99914158074923987
 -0.79284699542711268
 -0.47523839362174797
 0.30726493315548692
 1.2789571067647321
 1.5992463322354782
 1.3355297444986494
 0.36506888685045302
 -0.23788258336530968
 -1.2063442038741483
 -0.9947179686701888
 -1.3955584522784645
 -0.43121512169653153
 0.26762088016914726
 1.1274573271333386
 0.98473363488519361
 1.4483291177781921
 0.79218989788241467
 -0.095773612552555232
 -1.0427067526477527
 -0.96962788297188418
 -1.4935672904932904
 -0.89031556740843354
 0.038057718549696355
 0.59533328283375719
 0.94947927516166009
 1.5310376950257969
 0.61488179360742934
 0.048325171352531254
 -0.53587862659085617
 -1.479028161039901
 -0.97534090919269134
 -1.0721895531382961
 -0.12018508648974423
 0.47363696438454206
 1.4311973289709796
 1.5819371051215989
 0.72186998516592915
 0.30627190583154379
 -0.40893200362750154
 -1.3759231033932733
 -0.99693837014674846
 -0.76986718688310551
 -0.41865480954949758
 0.34210026289422391
 0.82093309710364448
 0.99998115688567257
 1.3021767220219322
 0.52886036676970249
 -0.43758291479963091
 -1.2442315725813804
 -1.5965171615116658
 -0.85362097744855803
 -0.39769713668888385
 0.20345601305261818
 1.1684991707254808
 0.99047580032517601
 1.4223071652314476
 0.74046111142811433
 -0.21178330741235341
 -1.0866896200611411
 -1.5647633482131091
 -1.471423609139386
 -0.52547237649733447
 0.09693554799469864
 0.99922839698217869
 1.5366273701500459
 0.94555465629369806
 0.58542367337733436
