# Created by Octave 8.4.0, Thu Dec 11 09:16:06 2025 IST <gamana@Samsung>
# name: iq
# type: matrix
# rows: 2048
# columns: 1
 1.6000000000000001
 0.81741217677477895
 0.53812053356698397
 -0.26757933088703667
 -0.7737705401199878
 -1.5958393474565038
 -0.85680260336409153
 -0.64531547200634287
 0.31590671602424863
 0.72610466550790553
 1.5833790286129996
 1.4267791320635248
 0.749154243620751
 -0.20204353002732162
 -1.0794599269865388
 -1.5626838472910984
 -0.92203355216466776
 -0.84909680209866956
 0.054455970544694823
 0.99153831704690321
 1.5338614353143079
 0.94753482023462876
 0.59038960288433207
 0.028237569029006
 -0.89845989908127566
 -1.497061692734752
 -1.5489730149676237
 -1.0352371151254043
 -0.14345783253777036
 0.50044297299076146
 1.4524760082306365
 0.98364649651042202
 1.1204667882156645
 0.1612074989385934
 -0.69879327583226603
 -0.8752101648306293
 -1.5905105512705131
 -0.74991820004097443
 -0.23191544205296488
 0.59324349985372127
 0.83807101776911563
 1.5989147559110988
 1.2730311537826249
 0.30141723570001927
 -0.48460837377945815
 -0.79657321781796253
 -1.5990032996191652
 -1.3395723871147742
 -0.36935141386161252
 0.37345288887648859
 1.2014921398173009
 1.5907757218952079
 1.3991467513723621
 0.69658346143808003
 -0.26035514433353851
 -0.70138649497904204
 -0.98392175803403514
 -1.4514444112676728
 -0.79858185850933749
 0.091189587921087126
 0.64819262069187789
 0.96849149417710867
 1.4961933763111284
 0.89642697852959907
 -0.030692720632091816
 -0.94660418569563576
 -1.5168388553150829
 -0.95822557211480941
 -0.61850621691532082
 -0.052923454120163547
 0.85117706439314356
 0.92262657540312143
 1.5621547671285392
 1.0776461366702739
 0.19960738160862385
 -0.75132312806823531
 -1.4278887287596094
 -1.5830241398668952
 -0.72504855459477169
 -0.19593694714062365
 0.64756169863859614
 1.3721487507852954
 0.99728780989863108
 0.77279742987957578
 0.26610024882900052
 -0.3377702626083236
 -1.309272480073469
 -0.99999882230188708
 -0.81652712817408524
 -0.53580737947358381
 0.2690577826897263
 0.77474182782419287
 1.5960144402412222
 1.3696163510044093
 0.40191732837529215
 -0.19894598283625273
 -0.72715906615685566
 -1.583730187874117
 -1.4256661747372563
 -0.46686474663636957
 0.20447920255344562
 1.0812711747469574
 0.97700577919626508
 1.4743013714749824
 0.84701453984479258
 -0.055988358703845706
 -0.99346435156367885
 -1.5345583423934848
 -1.5152689985238279
 -0.94264031857191455
 -0.016113969322028313
 0.56280668962743263
 0.93620405186557298
 0.96772249425417678
 1.0333635987502012
 0.14101198650177535
 -0.50177110567169725
 -1.4535041840370972
 -0.98336891810956462
 -0.69919534082601087
 -0.25550824473790507
 0.43812590268212964
 0.87595154858681679
 0.99390102147704307
 1.1982432741466169
 0.36867565168859362
 -0.37220208762835455
 -0.83890731960218134
 -1.5988224461252507
 -1.2715421605637345
 -0.47992564452937803
 0.3043425181213476
 0.79750008827622731
 0.99943004815055925
 1.3382279905752121
 0.58867963255316214
 -0.37584019083871389
 -1.2031123295789876
 -1.591037145612771
 -1.397953943470734
 -0.43398250394614873
 0.16423604820363752
 0.70247959528018322
 0.98419470203205239
 1.4504093955780257
 0.79645307925676112
 -0.092717815718463617
 -0.64936051767992853
 -0.96887257281824157
 -0.93457595984954878
 -0.55899496658575176
 0.033147799941670657
 0.9485827771484161
 0.94851151593640592
 0.95778549015728354
 0.98767924615859148
 0.051390813039935278
 -0.8532553218283726
 -1.4771478807846801
 -0.97601375467033502
 -1.0758298080703701
 -0.19717076303546693
 0.47093140178253623
 0.89312185138248557
 1.5826655224717059
 0.72399073590500151
 0.3110907764111292
 -0.64980640000646595
 -0.85838131514628802
 -0.99717367862900375
 -1.2349159990320133
 -0.26462053999945312
 0.33921439615447818
 1.3106823934518257
 1.5999924627365161
 0.81564015632847064
 0.3334331020884379
 -0.27053560075472688
 -1.2411380651270638
 -0.99761610861221961
 -1.3683453106370818
 -0.64081846411529619
 0.32071967929718814
 1.1651388064929256
 1.5840776168231268
 1.4245498594022563
 0.46550699135830681
 -0.20691439345004181
 -1.0830798756853361
 -0.97733185259986799
 -0.92084099182663481
 -0.52808142658504087
 0.092032983981153144
 0.99538804607827247
 1.5352516349797323
 1.5144787156133672
 0.58790940764840716
 0.01457942004615246
 -0.56407461669631687
 -1.4987877450246943
 -1.5477353196538839
 -1.0314876483942823
 -0.086603630204167628
 0.50309805648286454
 1.4545289362652838
 1.5729424375764296
 0.69809729213516714
 0.15817743084431238
 -0.43950497600899546
 -1.4027053906080471
 -1.5899689718068784
 -0.74788412868125476
 -0.22892857982199954
 0.3736261111647376
 1.3435866327617991
 1.5987263704790462
 0.79378135772453473
 0.47758258152366795
 -0.30580408578331203
 -0.79842508030580706
 -1.5991690879766041
 -1.3368804419785105
 -0.36649726022122142
 0.37822660754836668
 0.75295605345903283
 1.5912948218074441
 1.3967578428336804
 0.69215891566839305
 -0.1657497443578384
 -0.70357104096355216
 -1.5751445245785289
 -0.90585685224972345
 -0.49645151502600482
 0.15079332020582373
 0.65052688516667745
 1.5508021910089118
 0.93402885820795134
 0.55772175493586962
 -0.03560280117503526
 -0.95055913431292172
 -1.5183944210886935
 -0.9573431522354271
 -0.98574621887670111
 -0.049858050913958639
 0.85533156950925615
 0.9238061010348807
 1.5610855695779506
 0.67125684091562299
 0.19473368004700509
 -0.75565558286782664
 -1.4300978298149887
 -0.98893948579507385
 -0.72293121193018939
 -0.19292606540949148
 0.65204957082277293
 1.3746682227578331
 1.5952915177924119
 0.77084575096264307
 0.26314020788366393
 -0.34065773071631095
 -1.3120892196538265
 -0.99998940073362763
 -1.303602021323383
 -0.53117729062208363
 0.43522045056188929
 0.77667892647719483
 1.5963533476679337
 0.85441940454648735
 0.39910480840544516
 -0.20195314414651017
 -1.1668203627713425
 -0.99026332165106024
 -1.4234301886878991
 -0.7426370234029136
 0.13084318561326425
 0.67805376596341482
 1.5642489983995427
 1.4723863320576012
 0.84284403508172012
 -0.059052735788742081
 -0.99730939605961921
 -1.5359413114400731
 -0.94605304094090492
 -0.93866757028764702
 -0.013044836429979863
 0.90454594423356471
 0.9372784230159209
 1.5471110029711486
 1.0296092684762668
 0.13611930377417911
 -0.80707811567802945
 -1.4555502625015035
 -1.5724909012748707
 -1.1151961586377703
 -0.25065893785105681
 0.44088301412749958
 1.4038849995502043
 1.5896925642435753
 1.1949831191318572
 0.22743433812111521
 -0.37504925466358852
 -1.3449183894812118
 -0.99914158074923987
 -1.2685551926833805
 -0.47523839362174797
 0.30726493315548692
 0.79934819172795746
 1.5992463322354782
 0.83470609031165577
 0.5841102189607249
 -0.23788258336530968
 -0.75396512742134258
 -0.9947179686701888
 -1.3955584522784645
 -0.68994419471445045
 0.26762088016914726
 1.1274573271333386
 0.98473363488519361
 1.4483291177781921
 0.79218989788241467
 -0.095773612552555232
 -0.65169172040484546
 -1.5514046127550147
 -0.9334795565583065
 -0.89031556740843354
 0.038057718549696355
 0.95253325253401155
 0.94947927516166009
 1.5310376950257969
 0.61488179360742934
 0.048325171352531254
 -0.85740580254536991
 -0.92439260064993811
 -1.5605454547083062
 -1.0721895531382961
 -0.19229613838359078
 0.75781914301526732
 1.4311973289709796
 1.5819371051215989
 1.1549919762654868
 0.30627190583154379
 -0.40893200362750154
 -1.3759231033932733
 -0.99693837014674846
 -0.76986718688310551
 -0.41865480954949758
 0.54736042063075829
 1.3134929553658312
 0.99998115688567257
 1.3021767220219322
 0.52886036676970249
 -0.27348932174976931
 -0.77764473286336266
 -0.997823225944791
 -0.85362097744855803
 -0.39769713668888385
 0.20345601305261818
 0.73031198170342548
 0.99047580032517601
 1.4223071652314476
 0.74046111142811433
 -0.13236456713272088
 -0.67918101253821317
 -0.9779770926331931
 -1.471423609139386
 -0.52547237649733447
 0.060584717496686646
 0.62451774811386163
 0.96039210634377858
 0.94555465629369806
 0.93667787740373498
 0.018416355340855305
