# Created by Octave 8.4.0, Thu Dec 11 09:16:06 2025 IST <gamana@Samsung>
# name: iq
# type: matrix
# rows: 2048
# columns: 1
 1
 1.3078594828396464
 0.53812053356698397
 -0.26757933088703667
 -0.7737705401199878
 -0.99739959216031482
 -1.3708841653825465
 -0.40332217000396425
 0.19744169751515539
 0.72610466550790553
 0.98961189288312468
 0.89173695753970295
 0.749154243620751
 -0.126277206267076
 -0.67466245436658678
 -0.97667740455693652
 -0.92203355216466776
 -0.53068550131166847
 0.054455970544694823
 0.61971144815431445
 1.5338614353143079
 1.5160557123754062
 0.94462336461493135
 0.017648480643128749
 -0.56153743692579727
 -1.497061692734752
 -0.96810813435476473
 -0.64702319695337762
 -0.14345783253777036
 0.80070875678521836
 0.9077975051441477
 0.98364649651042202
 0.70029174263479022
 0.1612074989385934
 -0.69879327583226603
 -0.8752101648306293
 -1.5905105512705131
 -1.1998691200655591
 -0.37106470728474383
 0.59324349985372127
 0.83807101776911563
 0.99932172244443662
 0.79564447111414049
 0.30141723570001927
 -0.30288023361216132
 -0.79657321781796253
 -1.5990032996191652
 -0.8372327419467338
 -0.36935141386161252
 0.37345288887648859
 1.2014921398173009
 0.99423482618450487
 1.3991467513723621
 0.43536466339879998
 -0.16272196520846155
 -0.70138649497904204
 -0.98392175803403514
 -1.4514444112676728
 -0.79858185850933749
 0.14590334067373942
 1.0371081931070047
 0.96849149417710867
 1.4961933763111284
 0.89642697852959907
 -0.030692720632091816
 -0.59162761605977232
 -1.5168388553150829
 -1.5331609153836951
 -0.98960994706451333
 -0.084677526592261687
 0.85117706439314356
 1.4762025206449945
 0.97634672945533696
 0.67352883541892117
 0.19960738160862385
 -0.46957695504264702
 -0.89243045547475575
 -1.5830241398668952
 -1.1600776873516347
 -0.19593694714062365
 0.40472606164912256
 0.85759296924080952
 0.99728780989863108
 1.2364758878073214
 0.26610024882900052
 -0.3377702626083236
 -0.81829530004591811
 -0.99999882230188708
 -0.81652712817408524
 -0.53580737947358381
 0.2690577826897263
 1.2395869245187088
 1.5960144402412222
 0.85601021937775568
 0.40191732837529215
 -0.31831357253800441
 -1.1634545058509691
 -0.98983136742132305
 -0.8910413592107852
 -0.46686474663636957
 0.1277995015959035
 1.0812711747469574
 1.5632092467140242
 0.92143835717186395
 0.52938408740299536
 -0.089581373926153132
 -0.62091521972729924
 -0.95909896399592787
 -1.5152689985238279
 -0.94264031857191455
 -0.025782350915245302
 0.56280668962743263
 1.4979264829849168
 0.96772249425417678
 0.64585224921887574
 0.14101198650177535
 -0.50177110567169725
 -0.90844011502318567
 -1.5733902689753034
 -1.1187125453216173
 -0.15969265296119067
 0.43812590268212964
 1.401522477738907
 1.590241634363269
 0.74890204634163549
 0.23042228230537098
 -0.37220208762835455
 -1.3422517113634902
 -0.99926402882828158
 -1.2715421605637345
 -0.47992564452937803
 0.48694802899415618
 1.2760001412419637
 1.5990880770408948
 0.83639249410950756
 0.58867963255316214
 -0.23490011927419616
 -1.2031123295789876
 -0.99439821600798184
 -1.397953943470734
 -0.43398250394614873
 0.26277767712582006
 0.70247959528018322
 0.98419470203205239
 0.906505872236266
 0.79645307925676112
 -0.092717815718463617
 -1.0389768282878857
 -1.5501961165091867
 -0.93457595984954878
 -0.89439194653720289
 0.033147799941670657
 0.59286423571776004
 1.5176184254982497
 1.5324567842516537
 0.98767924615859148
 0.082225300863896456
 -0.53328457614273284
 -0.92321742549042496
 -1.5616220074725362
 -1.0758298080703701
 -0.19717076303546693
 0.75349024285205801
 0.89312185138248557
 1.5826655224717059
 0.72399073590500151
 0.3110907764111292
 -0.40612900000404117
 -0.85838131514628802
 -0.99717367862900375
 -1.2349159990320133
 -0.42339286399912501
 0.54274303384716516
 1.3106823934518257
 0.99999528921032244
 1.3050242501255531
 0.3334331020884379
 -0.27053560075472688
 -0.7757112907044148
 -1.5961857737795515
 -0.85521581914817602
 -0.64081846411529619
 0.32071967929718814
 0.72821175405807848
 0.99004851051445419
 1.4245498594022563
 0.7448111861732909
 -0.12932149590627612
 -1.0830798756853361
 -1.563730964159789
 -1.4733455869226157
 -0.52808142658504087
 0.092032983981153144
 0.99538804607827247
 0.95953227186233259
 0.9465491972583544
 0.94065505223745149
 0.023327072073843935
 -0.90251938671410703
 -0.93674234064043382
 -0.96733457478367735
 -1.0314876483942823
 -0.13856580832666821
 0.50309805648286454
 0.90908058516580226
 1.5729424375764296
 0.69809729213516714
 0.25308388935089982
 -0.43950497600899546
 -1.4027053906080471
 -0.99373060737929897
 -0.74788412868125476
 -0.36628572771519929
 0.3736261111647376
 0.8397416454761244
 1.5987263704790462
 0.79378135772453473
 0.29848911345229245
 -0.30580408578331203
 -1.2774801284892914
 -0.99948067998537748
 -0.83555027623656908
 -0.36649726022122142
 0.37822660754836668
 0.75295605345903283
 0.99455926362965252
 1.3967578428336804
 0.43259932229274561
 -0.1657497443578384
 -0.70357104096355216
 -1.5751445245785289
 -1.4493709635995575
 -0.49645151502600482
 0.094245825128639826
 1.040843016266684
 0.96925136938056977
 0.93402885820795134
 0.89235480789739141
 -0.022251750734397037
 -0.59409945894557603
 -0.94899651318043343
 -1.5317490435766834
 -0.61609138679793818
 -0.079772881462333828
 0.53458223094328505
 1.4780897616558093
 0.97567848098621912
 0.67125684091562299
 0.12170855002937817
 -0.75565558286782664
 -1.4300978298149887
 -1.5823031772721183
 -0.72293121193018939
 -0.30868170465518641
 0.65204957082277293
 0.85916763922364559
 0.99705719862025732
 0.77084575096264307
 0.26314020788366393
 -0.54505236914609756
 -0.82005576228364152
 -0.99998940073362763
 -1.303602021323383
 -0.33198580663880228
 0.43522045056188929
 0.77667892647719483
 1.5963533476679337
 0.85441940454648735
 0.39910480840544516
 -0.20195314414651017
 -1.1668203627713425
 -0.99026332165106024
 -0.88964386792993688
 -0.7426370234029136
 0.20934909698122281
 1.0848860255414638
 0.97765562399971406
 0.92024145753600073
 0.52677752192607508
 -0.059052735788742081
 -0.62331837253726197
 -1.5359413114400731
 -1.513684865505448
 -0.58666723142977939
 -0.020871738287967782
 0.5653412151459779
 0.9372784230159209
 0.96694437685696777
 0.64350579279766673
 0.085074564858861945
 -0.50442382229876837
 -0.90971891406343963
 -0.98280681329679409
 -1.1151961586377703
 -0.15666183615691048
 0.7054128226039994
 0.87742812471887766
 0.99355785265223451
 1.1949831191318572
 0.22743433812111521
 -0.60007880746174169
 -1.3449183894812118
 -0.99914158074923987
 -1.2685551926833805
 -0.29702399601359247
 0.49162389304877907
 1.2789571067647321
 0.99952895764717375
 0.83470609031165577
 0.5841102189607249
 -0.23788258336530968
 -0.75396512742134258
 -0.9947179686701888
 -0.87222403267404025
 -0.43121512169653153
 0.26762088016914726
 1.1274573271333386
 0.98473363488519361
 0.90520569861137001
 0.79218989788241467
 -0.095773612552555232
 -1.0427067526477527
 -1.5514046127550147
 -0.9334795565583065
 -0.55644722963027093
 0.023786074093560219
 0.95253325253401155
 1.5191668402586562
 1.5310376950257969
 0.98381086977188703
 0.077320274164050018
 -0.85740580254536991
 -0.92439260064993811
 -1.5605454547083062
 -0.67011847071143504
 -0.19229613838359078
 0.75781914301526732
 0.89449833060686224
 1.5819371051215989
 0.72186998516592915
 0.19141994114471486
 -0.65429120580400246
 -0.85995193962079575
 -0.99693837014674846
 -0.76986718688310551
 -0.41865480954949758
 0.34210026289422391
 0.82093309710364448
 1.5999698510170761
 0.81386045126370754
 0.33053772923106406
 -0.43758291479963091
 -1.2442315725813804
 -0.997823225944791
 -0.85362097744855803
 -0.39769713668888385
 0.20345601305261818
 0.73031198170342548
 1.5847612805202818
 1.4223071652314476
 0.46278819464257143
 -0.13236456713272088
 -0.67918101253821317
 -0.9779770926331931
 -1.471423609139386
 -0.84075580239573522
 0.060584717496686646
 0.62451774811386163
 1.5366273701500459
 0.94555465629369806
 0.58542367337733436
 0.011510222088034565
