# Created by Octave 8.4.0, Thu Dec 11 09:16:06 2025 IST <gamana@Samsung>
# name: iq
# type: matrix
# rows: 2048
# columns: 1
 1.6000000000000001
 0.81741217677477895
 0.53812053356698397
 -0.42812692941925867
 -1.2380328641919807
 -0.99739959216031482
 -0.85680260336409153
 -0.64531547200634287
 0.31590671602424863
 1.1617674648126488
 0.98961189288312468
 1.4267791320635248
 0.46822140226296938
 -0.126277206267076
 -1.0794599269865388
 -0.97667740455693652
 -1.4752536834634684
 -0.53068550131166847
 0.054455970544694823
 0.61971144815431445
 1.5338614353143079
 1.5160557123754062
 0.94462336461493135
 0.028237569029006
 -0.56153743692579727
 -0.93566355795921996
 -0.96810813435476473
 -1.0352371151254043
 -0.14345783253777036
 0.80070875678521836
 0.9077975051441477
 1.5738343944166753
 1.1204667882156645
 0.25793199830174945
 -0.69879327583226603
 -0.8752101648306293
 -0.99406909454407066
 -1.1998691200655591
 -0.23191544205296488
 0.59324349985372127
 0.83807101776911563
 0.99932172244443662
 0.79564447111414049
 0.48226757712003088
 -0.48460837377945815
 -0.79657321781796253
 -0.9993770622619782
 -0.8372327419467338
 -0.59096226217858006
 0.37345288887648859
 1.2014921398173009
 0.99423482618450487
 1.3991467513723621
 0.43536466339879998
 -0.16272196520846155
 -0.70138649497904204
 -0.98392175803403514
 -0.90715275704229548
 -0.49911366156833592
 0.091189587921087126
 0.64819262069187789
 1.549586390683374
 1.4961933763111284
 0.89642697852959907
 -0.030692720632091816
 -0.59162761605977232
 -1.5168388553150829
 -1.5331609153836951
 -0.98960994706451333
 -0.084677526592261687
 0.53198566524571467
 0.92262657540312143
 0.97634672945533696
 1.0776461366702739
 0.19960738160862385
 -0.46957695504264702
 -0.89243045547475575
 -0.98939008741680945
 -0.72504855459477169
 -0.19593694714062365
 0.40472606164912256
 0.85759296924080952
 0.99728780989863108
 1.2364758878073214
 0.26610024882900052
 -0.54043242017331783
 -1.309272480073469
 -1.5999981156830194
 -1.3064434050785365
 -0.33487961217098988
 0.43049245230356209
 0.77474182782419287
 1.5960144402412222
 1.3696163510044093
 0.64306772540046753
 -0.31831357253800441
 -0.72715906615685566
 -1.583730187874117
 -0.8910413592107852
 -0.46686474663636957
 0.20447920255344562
 0.6757944842168484
 1.5632092467140242
 1.4743013714749824
 0.52938408740299536
 -0.089581373926153132
 -0.99346435156367885
 -1.5345583423934848
 -0.94704312407739244
 -0.58915019910744659
 -0.016113969322028313
 0.90049070340389226
 1.4979264829849168
 1.5483559908066828
 1.0333635987502012
 0.088132491563609597
 -0.8028337690747156
 -1.4535041840370972
 -1.5733902689753034
 -0.69919534082601087
 -0.15969265296119067
 0.70100144429140743
 1.401522477738907
 0.99390102147704307
 0.74890204634163549
 0.36867565168859362
 -0.59552334020536735
 -1.3422517113634902
 -0.99926402882828158
 -0.79471385035233399
 -0.47992564452937803
 0.48694802899415618
 0.79750008827622731
 0.99943004815055925
 0.83639249410950756
 0.58867963255316214
 -0.23490011927419616
 -1.2031123295789876
 -1.591037145612771
 -1.397953943470734
 -0.43398250394614873
 0.16423604820363752
 1.1239673524482932
 0.98419470203205239
 0.906505872236266
 0.79645307925676112
 -0.092717815718463617
 -1.0389768282878857
 -0.96887257281824157
 -0.93457595984954878
 -0.89439194653720289
 0.020717374963544161
 0.9485827771484161
 0.94851151593640592
 1.5324567842516537
 0.98767924615859148
 0.082225300863896456
 -0.53328457614273284
 -0.92321742549042496
 -1.5616220074725362
 -1.0758298080703701
 -0.12323172689716683
 0.47093140178253623
 1.4289949622119771
 0.98916595154481612
 0.72399073590500151
 0.19443173525695573
 -0.40612900000404117
 -1.373410104234061
 -0.99717367862900375
 -0.77182249939500824
 -0.42339286399912501
 0.54274303384716516
 1.3106823934518257
 0.99999528921032244
 1.3050242501255531
 0.3334331020884379
 -0.27053560075472688
 -0.7757112907044148
 -1.5961857737795515
 -0.85521581914817602
 -0.40051154007206008
 0.32071967929718814
 1.1651388064929256
 0.99004851051445419
 1.4245498594022563
 0.7448111861732909
 -0.12932149590627612
 -1.0830798756853361
 -1.563730964159789
 -0.92084099182663481
 -0.52808142658504087
 0.092032983981153144
 0.62211752879892024
 0.95953227186233259
 1.5144787156133672
 0.94065505223745149
 0.023327072073843935
 -0.56407461669631687
 -0.93674234064043382
 -0.96733457478367735
 -1.0314876483942823
 -0.086603630204167628
 0.80495689037258333
 1.4545289362652838
 0.98308902348526839
 1.1169556674162675
 0.15817743084431238
 -0.70320796161439281
 -0.87669086913002936
 -0.99373060737929897
 -1.1966146058900076
 -0.36628572771519929
 0.59780177786358013
 1.3435866327617991
 0.99920398154940382
 0.79378135772453473
 0.29848911345229245
 -0.30580408578331203
 -1.2774801284892914
 -1.5991690879766041
 -1.3368804419785105
 -0.36649726022122142
 0.37822660754836668
 1.2047296855344527
 1.5912948218074441
 1.3967578428336804
 0.69215891566839305
 -0.1657497443578384
 -0.70357104096355216
 -0.98446532786158059
 -1.4493709635995575
 -0.7943224240416078
 0.15079332020582373
 0.65052688516667745
 1.5508021910089118
 0.93402885820795134
 0.89235480789739141
 -0.022251750734397037
 -0.59409945894557603
 -0.94899651318043343
 -1.5317490435766834
 -0.61609138679793818
 -0.049858050913958639
 0.85533156950925615
 1.4780897616558093
 1.5610855695779506
 0.67125684091562299
 0.19473368004700509
 -0.47228473929239162
 -0.89381114363436787
 -1.5823031772721183
 -0.72293121193018939
 -0.19292606540949148
 0.40753098176423302
 0.85916763922364559
 1.5952915177924119
 1.2333532015402291
 0.4210243326138623
 -0.34065773071631095
 -0.82005576228364152
 -1.5999830411738043
 -1.303602021323383
 -0.53117729062208363
 0.43522045056188929
 0.77667892647719483
 1.5963533476679337
 0.85441940454648735
 0.39910480840544516
 -0.20195314414651017
 -0.72926272673208903
 -0.99026332165106024
 -1.4234301886878991
 -0.7426370234029136
 0.20934909698122281
 1.0848860255414638
 1.5642489983995427
 0.92024145753600073
 0.84284403508172012
 -0.094484377261987329
 -0.62331837253726197
 -0.95996331965004555
 -0.94605304094090492
 -0.93866757028764702
 -0.020871738287967782
 0.90454594423356471
 0.9372784230159209
 1.5471110029711486
 1.0296092684762668
 0.13611930377417911
 -0.80707811567802945
 -1.4555502625015035
 -0.98280681329679409
 -0.69699759914860648
 -0.15666183615691048
 0.7054128226039994
 1.4038849995502043
 0.99355785265223451
 1.1949831191318572
 0.36389494099378439
 -0.60007880746174169
 -1.3449183894812118
 -0.99914158074923987
 -0.79284699542711268
 -0.29702399601359247
 0.49162389304877907
 0.79934819172795746
 0.99952895764717375
 0.83470609031165577
 0.5841102189607249
 -0.38061213338449551
 -0.75396512742134258
 -0.9947179686701888
 -1.3955584522784645
 -0.43121512169653153
 0.26762088016914726
 1.1274573271333386
 0.98473363488519361
 1.4483291177781921
 0.49511868617650917
 -0.095773612552555232
 -1.0427067526477527
 -0.96962788297188418
 -0.9334795565583065
 -0.55644722963027093
 0.023786074093560219
 0.59533328283375719
 1.5191668402586562
 0.956898559391123
 0.98381086977188703
 0.048325171352531254
 -0.85740580254536991
 -0.92439260064993811
 -1.5605454547083062
 -0.67011847071143504
 -0.12018508648974423
 0.47363696438454206
 0.89449833060686224
 1.5819371051215989
 1.1549919762654868
 0.19141994114471486
 -0.40893200362750154
 -1.3759231033932733
 -1.5951013922347976
 -1.2317874990129689
 -0.26165925596843598
 0.34210026289422391
 0.82093309710364448
 0.99998115688567257
 0.81386045126370754
 0.33053772923106406
 -0.43758291479963091
 -0.77764473286336266
 -1.5965171615116658
 -1.365793563917693
 -0.39769713668888385
 0.20345601305261818
 1.1684991707254808
 1.5847612805202818
 0.88894197826965471
 0.46278819464257143
 -0.13236456713272088
 -1.0866896200611411
 -1.5647633482131091
 -1.471423609139386
 -0.52547237649733447
 0.060584717496686646
 0.62451774811386163
 1.5366273701500459
 0.94555465629369806
 0.58542367337733436
 0.018416355340855305
