# Created by Octave 8.4.0, Thu Dec 11 09:16:06 2025 IST <gamana@Samsung>
# name: iq
# type: matrix
# rows: 2048
# columns: 1
 1
 1.3078594828396464
 0.53812053356698397
 -0.42812692941925867
 -0.7737705401199878
 -0.99739959216031482
 -0.85680260336409153
 -0.64531547200634287
 0.19744169751515539
 1.1617674648126488
 1.5833790286129996
 0.89173695753970295
 0.749154243620751
 -0.126277206267076
 -1.0794599269865388
 -1.5626838472910984
 -1.4752536834634684
 -0.84909680209866956
 0.054455970544694823
 0.99153831704690321
 0.95866339707144232
 1.5160557123754062
 0.59038960288433207
 0.028237569029006
 -0.89845989908127566
 -0.93566355795921996
 -0.96810813435476473
 -1.0352371151254043
 -0.089661145336106474
 0.50044297299076146
 1.4524760082306365
 0.98364649651042202
 0.70029174263479022
 0.25793199830174945
 -0.69879327583226603
 -0.8752101648306293
 -0.99406909454407066
 -0.74991820004097443
 -0.23191544205296488
 0.59324349985372127
 0.83807101776911563
 1.5989147559110988
 0.79564447111414049
 0.48226757712003088
 -0.30288023361216132
 -1.2745171485087401
 -0.9993770622619782
 -1.3395723871147742
 -0.36935141386161252
 0.37345288887648859
 0.75093258738581303
 1.5907757218952079
 0.87446671960772626
 0.69658346143808003
 -0.26035514433353851
 -0.70138649497904204
 -0.98392175803403514
 -1.4514444112676728
 -0.49911366156833592
 0.14590334067373942
 0.64819262069187789
 1.549586390683374
 1.4961933763111284
 0.89642697852959907
 -0.030692720632091816
 -0.59162761605977232
 -0.94802428457192678
 -1.5331609153836951
 -0.98960994706451333
 -0.052923454120163547
 0.85117706439314356
 0.92262657540312143
 0.97634672945533696
 1.0776461366702739
 0.19960738160862385
 -0.75132312806823531
 -1.4278887287596094
 -0.98939008741680945
 -0.72504855459477169
 -0.19593694714062365
 0.40472606164912256
 0.85759296924080952
 1.5956604958378098
 0.77279742987957578
 0.26610024882900052
 -0.3377702626083236
 -0.81829530004591811
 -1.5999981156830194
 -1.3064434050785365
 -0.53580737947358381
 0.43049245230356209
 0.77474182782419287
 0.99750902515076378
 0.85601021937775568
 0.64306772540046753
 -0.31831357253800441
 -0.72715906615685566
 -1.583730187874117
 -0.8910413592107852
 -0.46686474663636957
 0.20447920255344562
 1.0812711747469574
 0.97700577919626508
 1.4743013714749824
 0.84701453984479258
 -0.055988358703845706
 -0.62091521972729924
 -1.5345583423934848
 -1.5152689985238279
 -0.58915019910744659
 -0.016113969322028313
 0.90049070340389226
 0.93620405186557298
 1.5483559908066828
 0.64585224921887574
 0.088132491563609597
 -0.50177110567169725
 -1.4535041840370972
 -1.5733902689753034
 -0.69919534082601087
 -0.25550824473790507
 0.70100144429140743
 0.87595154858681679
 0.99390102147704307
 0.74890204634163549
 0.23042228230537098
 -0.59552334020536735
 -0.83890731960218134
 -1.5988224461252507
 -1.2715421605637345
 -0.29995352783086127
 0.48694802899415618
 1.2760001412419637
 1.5990880770408948
 1.3382279905752121
 0.58867963255316214
 -0.37584019083871389
 -0.7519452059868672
 -1.591037145612771
 -0.87372121466920871
 -0.43398250394614873
 0.16423604820363752
 0.70247959528018322
 1.5747115232512838
 1.4504093955780257
 0.79645307925676112
 -0.092717815718463617
 -0.64936051767992853
 -0.96887257281824157
 -0.93457595984954878
 -0.89439194653720289
 0.033147799941670657
 0.9485827771484161
 0.94851151593640592
 0.95778549015728354
 0.61729952884911965
 0.082225300863896456
 -0.53328457614273284
 -1.4771478807846801
 -0.97601375467033502
 -0.67239363004398134
 -0.19717076303546693
 0.75349024285205801
 1.4289949622119771
 1.5826655224717059
 1.1583851774480025
 0.19443173525695573
 -0.64980640000646595
 -1.373410104234061
 -1.595477885806406
 -0.77182249939500824
 -0.42339286399912501
 0.33921439615447818
 0.81917649590739106
 0.99999528921032244
 1.3050242501255531
 0.53349296334150065
 -0.27053560075472688
 -1.2411380651270638
 -0.99761610861221961
 -1.3683453106370818
 -0.64081846411529619
 0.32071967929718814
 0.72821175405807848
 0.99004851051445419
 1.4245498594022563
 0.46550699135830681
 -0.20691439345004181
 -1.0830798756853361
 -1.563730964159789
 -1.4733455869226157
 -0.84493028253606539
 0.092032983981153144
 0.62211752879892024
 0.95953227186233259
 0.9465491972583544
 0.58790940764840716
 0.01457942004615246
 -0.56407461669631687
 -1.4987877450246943
 -1.5477353196538839
 -0.64467978024642647
 -0.13856580832666821
 0.80495689037258333
 1.4545289362652838
 0.98308902348526839
 1.1169556674162675
 0.25308388935089982
 -0.43950497600899546
 -1.4027053906080471
 -1.5899689718068784
 -1.1966146058900076
 -0.36628572771519929
 0.59780177786358013
 0.8397416454761244
 1.5987263704790462
 0.79378135772453473
 0.47758258152366795
 -0.48928653725329929
 -1.2774801284892914
 -0.99948067998537748
 -1.3368804419785105
 -0.58639561635395432
 0.37822660754836668
 1.2047296855344527
 0.99455926362965252
 1.3967578428336804
 0.43259932229274561
 -0.26519959097254148
 -1.1257136655416835
 -0.98446532786158059
 -1.4493709635995575
 -0.7943224240416078
 0.094245825128639826
 0.65052688516667745
 1.5508021910089118
 1.4944461731327223
 0.55772175493586962
 -0.022251750734397037
 -0.95055913431292172
 -1.5183944210886935
 -1.5317490435766834
 -0.98574621887670111
 -0.049858050913958639
 0.53458223094328505
 1.4780897616558093
 1.5610855695779506
 0.67125684091562299
 0.19473368004700509
 -0.75565558286782664
 -0.89381114363436787
 -0.98893948579507385
 -0.72293121193018939
 -0.30868170465518641
 0.40753098176423302
 1.3746682227578331
 1.5952915177924119
 0.77084575096264307
 0.26314020788366393
 -0.34065773071631095
 -1.3120892196538265
 -1.5999830411738043
 -0.81475126332711434
 -0.53117729062208363
 0.27201278160118081
 0.77667892647719483
 0.9977208422924585
 0.85441940454648735
 0.39910480840544516
 -0.32312503063441628
 -1.1668203627713425
 -1.5844213146416966
 -1.4234301886878991
 -0.7426370234029136
 0.13084318561326425
 0.67805376596341482
 0.97765562399971406
 1.4723863320576012
 0.84284403508172012
 -0.059052735788742081
 -0.99730939605961921
 -1.5359413114400731
 -0.94605304094090492
 -0.93866757028764702
 -0.013044836429979863
 0.90454594423356471
 1.4996454768254734
 0.96694437685696777
 1.0296092684762668
 0.085074564858861945
 -0.50442382229876837
 -1.4555502625015035
 -1.5724909012748707
 -1.1151961586377703
 -0.25065893785105681
 0.44088301412749958
 0.87742812471887766
 0.99355785265223451
 1.1949831191318572
 0.36389494099378439
 -0.60007880746174169
 -1.3449183894812118
 -0.99914158074923987
 -1.2685551926833805
 -0.47523839362174797
 0.30726493315548692
 1.2789571067647321
 0.99952895764717375
 1.3355297444986494
 0.36506888685045302
 -0.38061213338449551
 -0.75396512742134258
 -1.5915487498723022
 -1.3955584522784645
 -0.68994419471445045
 0.26762088016914726
 0.70466082945833652
 1.57557381581631
 1.4483291177781921
 0.79218989788241467
 -0.095773612552555232
 -0.65169172040484546
 -1.5514046127550147
 -1.4935672904932904
 -0.55644722963027093
 0.023786074093560219
 0.59533328283375719
 1.5191668402586562
 1.5310376950257969
 0.61488179360742934
 0.077320274164050018
 -0.85740580254536991
 -1.479028161039901
 -0.97534090919269134
 -0.67011847071143504
 -0.19229613838359078
 0.75781914301526732
 0.89449833060686224
 1.5819371051215989
 0.72186998516592915
 0.30627190583154379
 -0.40893200362750154
 -1.3759231033932733
 -1.5951013922347976
 -0.76986718688310551
 -0.26165925596843598
 0.54736042063075829
 1.3134929553658312
 1.5999698510170761
 0.81386045126370754
 0.52886036676970249
 -0.27348932174976931
 -0.77764473286336266
 -1.5965171615116658
 -0.85362097744855803
 -0.39769713668888385
 0.20345601305261818
 0.73031198170342548
 0.99047580032517601
 0.88894197826965471
 0.74046111142811433
 -0.13236456713272088
 -1.0866896200611411
 -0.9779770926331931
 -1.471423609139386
 -0.84075580239573522
 0.060584717496686646
 0.62451774811386163
 1.5366273701500459
 1.512887450069917
 0.93667787740373498
 0.011510222088034565
