# Created by Octave 8.4.0, Thu Dec 11 09:16:06 2025 IST <gamana@Samsung>
# name: iq
# type: matrix
# rows: 2048
# columns: 1
 1
 1.3078594828396464
 0.336325333479365
 -0.42812692941925867
 -0.7737705401199878
 -1.5958393474565038
 -0.85680260336409153
 -0.40332217000396425
 0.31590671602424863
 0.72610466550790553
 0.98961189288312468
 0.89173695753970295
 0.46822140226296938
 -0.20204353002732162
 -0.67466245436658678
 -0.97667740455693652
 -1.4752536834634684
 -0.53068550131166847
 0.087129552871511723
 0.61971144815431445
 0.95866339707144232
 0.94753482023462876
 0.94462336461493135
 0.017648480643128749
 -0.56153743692579727
 -0.93566355795921996
 -1.5489730149676237
 -1.0352371151254043
 -0.089661145336106474
 0.80070875678521836
 1.4524760082306365
 0.98364649651042202
 0.70029174263479022
 0.25793199830174945
 -0.43674579739516622
 -0.8752101648306293
 -0.99406909454407066
 -1.1998691200655591
 -0.23191544205296488
 0.37077718740857579
 0.83807101776911563
 1.5989147559110988
 1.2730311537826249
 0.48226757712003088
 -0.30288023361216132
 -1.2745171485087401
 -1.5990032996191652
 -1.3395723871147742
 -0.59096226217858006
 0.37345288887648859
 1.2014921398173009
 1.5907757218952079
 1.3991467513723621
 0.43536466339879998
 -0.16272196520846155
 -0.70138649497904204
 -0.98392175803403514
 -0.90715275704229548
 -0.79858185850933749
 0.14590334067373942
 1.0371081931070047
 1.549586390683374
 0.93512086019445517
 0.89642697852959907
 -0.019182950395057383
 -0.59162761605977232
 -0.94802428457192678
 -1.5331609153836951
 -0.61850621691532082
 -0.084677526592261687
 0.85117706439314356
 0.92262657540312143
 1.5621547671285392
 0.67352883541892117
 0.19960738160862385
 -0.46957695504264702
 -0.89243045547475575
 -1.5830241398668952
 -0.72504855459477169
 -0.31349911542499787
 0.40472606164912256
 1.3721487507852954
 0.99728780989863108
 1.2364758878073214
 0.42576039812640087
 -0.54043242017331783
 -0.81829530004591811
 -0.99999882230188708
 -1.3064434050785365
 -0.33487961217098988
 0.2690577826897263
 0.77474182782419287
 0.99750902515076378
 1.3696163510044093
 0.40191732837529215
 -0.31831357253800441
 -1.1634545058509691
 -0.98983136742132305
 -1.4256661747372563
 -0.46686474663636957
 0.1277995015959035
 0.6757944842168484
 1.5632092467140242
 1.4743013714749824
 0.52938408740299536
 -0.055988358703845706
 -0.99346435156367885
 -1.5345583423934848
 -0.94704312407739244
 -0.58915019910744659
 -0.016113969322028313
 0.90049070340389226
 1.4979264829849168
 0.96772249425417678
 1.0333635987502012
 0.088132491563609597
 -0.50177110567169725
 -0.90844011502318567
 -1.5733902689753034
 -0.69919534082601087
 -0.25550824473790507
 0.70100144429140743
 1.401522477738907
 1.590241634363269
 0.74890204634163549
 0.23042228230537098
 -0.59552334020536735
 -0.83890731960218134
 -0.99926402882828158
 -1.2715421605637345
 -0.47992564452937803
 0.3043425181213476
 1.2760001412419637
 0.99943004815055925
 1.3382279905752121
 0.36792477034572635
 -0.23490011927419616
 -1.2031123295789876
 -0.99439821600798184
 -1.397953943470734
 -0.43398250394614873
 0.16423604820363752
 1.1239673524482932
 1.5747115232512838
 1.4504093955780257
 0.79645307925676112
 -0.14834850514954179
 -0.64936051767992853
 -1.5501961165091867
 -0.93457595984954878
 -0.55899496658575176
 0.033147799941670657
 0.59286423571776004
 1.5176184254982497
 1.5324567842516537
 0.61729952884911965
 0.051390813039935278
 -0.53328457614273284
 -1.4771478807846801
 -0.97601375467033502
 -0.67239363004398134
 -0.12323172689716683
 0.47093140178253623
 1.4289949622119771
 0.98916595154481612
 0.72399073590500151
 0.19443173525695573
 -0.40612900000404117
 -1.373410104234061
 -0.99717367862900375
 -1.2349159990320133
 -0.42339286399912501
 0.54274303384716516
 0.81917649590739106
 0.99999528921032244
 1.3050242501255531
 0.53349296334150065
 -0.43285696120756301
 -0.7757112907044148
 -1.5961857737795515
 -0.85521581914817602
 -0.40051154007206008
 0.20044979956074258
 1.1651388064929256
 1.5840776168231268
 1.4245498594022563
 0.46550699135830681
 -0.12932149590627612
 -0.67692492230333512
 -1.563730964159789
 -1.4733455869226157
 -0.52808142658504087
 0.092032983981153144
 0.99538804607827247
 0.95953227186233259
 1.5144787156133672
 0.58790940764840716
 0.023327072073843935
 -0.56407461669631687
 -1.4987877450246943
 -1.5477353196538839
 -1.0314876483942823
 -0.13856580832666821
 0.80495689037258333
 1.4545289362652838
 0.98308902348526839
 0.69809729213516714
 0.15817743084431238
 -0.43950497600899546
 -1.4027053906080471
 -0.99373060737929897
 -0.74788412868125476
 -0.36628572771519929
 0.59780177786358013
 1.3435866327617991
 0.99920398154940382
 1.2700501723592557
 0.47758258152366795
 -0.48928653725329929
 -0.79842508030580706
 -1.5991690879766041
 -0.83555027623656908
 -0.36649726022122142
 0.23639162971772915
 1.2047296855344527
 1.5912948218074441
 0.87297365177105024
 0.69215891566839305
 -0.1657497443578384
 -0.70357104096355216
 -1.5751445245785289
 -0.90585685224972345
 -0.49645151502600482
 0.094245825128639826
 0.65052688516667745
 0.96925136938056977
 1.4944461731327223
 0.89235480789739141
 -0.022251750734397037
 -0.59409945894557603
 -1.5183944210886935
 -0.9573431522354271
 -0.98574621887670111
 -0.049858050913958639
 0.53458223094328505
 0.9238061010348807
 1.5610855695779506
 1.0740109454649969
 0.19473368004700509
 -0.47228473929239162
 -1.4300978298149887
 -0.98893948579507385
 -1.156689939088303
 -0.30868170465518641
 0.40753098176423302
 0.85916763922364559
 0.99705719862025732
 1.2333532015402291
 0.26314020788366393
 -0.34065773071631095
 -1.3120892196538265
 -1.5999830411738043
 -0.81475126332711434
 -0.33198580663880228
 0.27201278160118081
 0.77667892647719483
 0.9977208422924585
 1.3670710472743799
 0.63856769344871234
 -0.20195314414651017
 -0.72926272673208903
 -1.5844213146416966
 -1.4234301886878991
 -0.7426370234029136
 0.20934909698122281
 0.67805376596341482
 1.5642489983995427
 0.92024145753600073
 0.84284403508172012
 -0.059052735788742081
 -0.99730939605961921
 -0.95996331965004555
 -0.94605304094090492
 -0.93866757028764702
 -0.013044836429979863
 0.5653412151459779
 1.4996454768254734
 1.5471110029711486
 0.64350579279766673
 0.13611930377417911
 -0.80707811567802945
 -1.4555502625015035
 -0.98280681329679409
 -0.69699759914860648
 -0.25065893785105681
 0.44088301412749958
 1.4038849995502043
 0.99355785265223451
 0.74686444945741071
 0.36389494099378439
 -0.37504925466358852
 -1.3449183894812118
 -1.5986265291987838
 -0.79284699542711268
 -0.29702399601359247
 0.30726493315548692
 0.79934819172795746
 1.5992463322354782
 1.3355297444986494
 0.36506888685045302
 -0.23788258336530968
 -1.2063442038741483
 -1.5915487498723022
 -1.3955584522784645
 -0.68994419471445045
 0.26762088016914726
 1.1274573271333386
 1.57557381581631
 1.4483291177781921
 0.79218989788241467
 -0.095773612552555232
 -0.65169172040484546
 -0.96962788297188418
 -1.4935672904932904
 -0.89031556740843354
 0.038057718549696355
 0.59533328283375719
 0.94947927516166009
 0.956898559391123
 0.98381086977188703
 0.077320274164050018
 -0.85740580254536991
 -1.479028161039901
 -0.97534090919269134
 -1.0721895531382961
 -0.19229613838359078
 0.75781914301526732
 0.89449833060686224
 0.98871069070099926
 1.1549919762654868
 0.30627190583154379
 -0.65429120580400246
 -0.85995193962079575
 -0.99693837014674846
 -1.2317874990129689
 -0.41865480954949758
 0.54736042063075829
 0.82093309710364448
 0.99998115688567257
 1.3021767220219322
 0.33053772923106406
 -0.43758291479963091
 -1.2442315725813804
 -0.997823225944791
 -1.365793563917693
 -0.39769713668888385
 0.32552962088418913
 0.73031198170342548
 0.99047580032517601
 1.4223071652314476
 0.46278819464257143
 -0.13236456713272088
 -1.0866896200611411
 -1.5647633482131091
 -0.9196397557121162
 -0.84075580239573522
 0.060584717496686646
 0.62451774811386163
 1.5366273701500459
 0.94555465629369806
 0.58542367337733436
 0.018416355340855305
