# Created by Octave 8.4.0, Thu Dec 11 09:16:06 2025 IST <gamana@Samsung>
# name: iq
# type: matrix
# rows: 2048
# columns: 1
 1.6000000000000001
 1.3078594828396464
 0.336325333479365
 -0.42812692941925867
 -0.7737705401199878
 -0.99739959216031482
 -1.3708841653825465
 -0.64531547200634287
 0.31590671602424863
 0.72610466550790553
 1.5833790286129996
 0.89173695753970295
 0.46822140226296938
 -0.20204353002732162
 -1.0794599269865388
 -1.5626838472910984
 -1.4752536834634684
 -0.84909680209866956
 0.054455970544694823
 0.99153831704690321
 1.5338614353143079
 1.5160557123754062
 0.94462336461493135
 0.028237569029006
 -0.56153743692579727
 -0.93566355795921996
 -0.96810813435476473
 -1.0352371151254043
 -0.089661145336106474
 0.80070875678521836
 1.4524760082306365
 0.98364649651042202
 1.1204667882156645
 0.25793199830174945
 -0.43674579739516622
 -1.4003362637290069
 -0.99406909454407066
 -0.74991820004097443
 -0.37106470728474383
 0.37077718740857579
 0.83807101776911563
 0.99932172244443662
 0.79564447111414049
 0.48226757712003088
 -0.30288023361216132
 -1.2745171485087401
 -1.5990032996191652
 -1.3395723871147742
 -0.59096226217858006
 0.23340805554780536
 1.2014921398173009
 1.5907757218952079
 1.3991467513723621
 0.43536466339879998
 -0.16272196520846155
 -1.1222183919664672
 -1.5742748128544564
 -0.90715275704229548
 -0.79858185850933749
 0.091189587921087126
 0.64819262069187789
 1.549586390683374
 1.4961933763111284
 0.56026686158099936
 -0.030692720632091816
 -0.59162761605977232
 -0.94802428457192678
 -0.95822557211480941
 -0.61850621691532082
 -0.084677526592261687
 0.53198566524571467
 0.92262657540312143
 1.5621547671285392
 1.0776461366702739
 0.19960738160862385
 -0.46957695504264702
 -1.4278887287596094
 -0.98939008741680945
 -1.1600776873516347
 -0.19593694714062365
 0.64756169863859614
 1.3721487507852954
 1.5956604958378098
 1.2364758878073214
 0.26610024882900052
 -0.3377702626083236
 -1.309272480073469
 -0.99999882230188708
 -1.3064434050785365
 -0.53580737947358381
 0.2690577826897263
 0.77474182782419287
 1.5960144402412222
 1.3696163510044093
 0.40191732837529215
 -0.31831357253800441
 -0.72715906615685566
 -1.583730187874117
 -0.8910413592107852
 -0.46686474663636957
 0.1277995015959035
 0.6757944842168484
 0.97700577919626508
 1.4743013714749824
 0.84701453984479258
 -0.089581373926153132
 -0.99346435156367885
 -1.5345583423934848
 -0.94704312407739244
 -0.58915019910744659
 -0.025782350915245302
 0.56280668962743263
 1.4979264829849168
 1.5483559908066828
 0.64585224921887574
 0.14101198650177535
 -0.8028337690747156
 -1.4535041840370972
 -0.98336891810956462
 -1.1187125453216173
 -0.15969265296119067
 0.43812590268212964
 1.401522477738907
 1.590241634363269
 1.1982432741466169
 0.23042228230537098
 -0.37220208762835455
 -1.3422517113634902
 -1.5988224461252507
 -1.2715421605637345
 -0.47992564452937803
 0.3043425181213476
 0.79750008827622731
 1.5990880770408948
 1.3382279905752121
 0.58867963255316214
 -0.23490011927419616
 -0.7519452059868672
 -0.99439821600798184
 -1.397953943470734
 -0.43398250394614873
 0.16423604820363752
 0.70247959528018322
 1.5747115232512838
 1.4504093955780257
 0.49778317453547566
 -0.092717815718463617
 -0.64936051767992853
 -0.96887257281824157
 -0.93457595984954878
 -0.55899496658575176
 0.020717374963544161
 0.59286423571776004
 1.5176184254982497
 0.95778549015728354
 0.61729952884911965
 0.051390813039935278
 -0.53328457614273284
 -1.4771478807846801
 -1.5616220074725362
 -1.0758298080703701
 -0.19717076303546693
 0.47093140178253623
 0.89312185138248557
 0.98916595154481612
 1.1583851774480025
 0.19443173525695573
 -0.64980640000646595
 -1.373410104234061
 -1.595477885806406
 -1.2349159990320133
 -0.42339286399912501
 0.54274303384716516
 0.81917649590739106
 0.99999528921032244
 1.3050242501255531
 0.3334331020884379
 -0.27053560075472688
 -1.2411380651270638
 -1.5961857737795515
 -1.3683453106370818
 -0.64081846411529619
 0.32071967929718814
 0.72821175405807848
 1.5840776168231268
 0.89034366212641014
 0.7448111861732909
 -0.20691439345004181
 -1.0830798756853361
 -0.97733185259986799
 -0.92084099182663481
 -0.52808142658504087
 0.092032983981153144
 0.99538804607827247
 0.95953227186233259
 0.9465491972583544
 0.94065505223745149
 0.023327072073843935
 -0.90251938671410703
 -0.93674234064043382
 -1.5477353196538839
 -0.64467978024642647
 -0.13856580832666821
 0.50309805648286454
 1.4545289362652838
 1.5729424375764296
 1.1169556674162675
 0.25308388935089982
 -0.43950497600899546
 -1.4027053906080471
 -1.5899689718068784
 -0.74788412868125476
 -0.36628572771519929
 0.3736261111647376
 1.3435866327617991
 0.99920398154940382
 0.79378135772453473
 0.47758258152366795
 -0.30580408578331203
 -0.79842508030580706
 -1.5991690879766041
 -1.3368804419785105
 -0.58639561635395432
 0.37822660754836668
 1.2047296855344527
 1.5912948218074441
 1.3967578428336804
 0.43259932229274561
 -0.1657497443578384
 -1.1257136655416835
 -1.5751445245785289
 -1.4493709635995575
 -0.49645151502600482
 0.15079332020582373
 1.040843016266684
 0.96925136938056977
 0.93402885820795134
 0.55772175493586962
 -0.03560280117503526
 -0.95055913431292172
 -1.5183944210886935
 -1.5317490435766834
 -0.61609138679793818
 -0.049858050913958639
 0.53458223094328505
 0.9238061010348807
 0.97567848098621912
 0.67125684091562299
 0.19473368004700509
 -0.75565558286782664
 -1.4300978298149887
 -0.98893948579507385
 -0.72293121193018939
 -0.30868170465518641
 0.65204957082277293
 1.3746682227578331
 0.99705719862025732
 0.77084575096264307
 0.4210243326138623
 -0.54505236914609756
 -1.3120892196538265
 -0.99998940073362763
 -0.81475126332711434
 -0.53117729062208363
 0.27201278160118081
 1.2426862823635119
 0.9977208422924585
 1.3670710472743799
 0.39910480840544516
 -0.20195314414651017
 -1.1668203627713425
 -1.5844213146416966
 -0.88964386792993688
 -0.7426370234029136
 0.20934909698122281
 1.0848860255414638
 0.97765562399971406
 0.92024145753600073
 0.52677752192607508
 -0.059052735788742081
 -0.99730939605961921
 -1.5359413114400731
 -1.513684865505448
 -0.58666723142977939
 -0.020871738287967782
 0.90454594423356471
 1.4996454768254734
 0.96694437685696777
 1.0296092684762668
 0.085074564858861945
 -0.80707811567802945
 -1.4555502625015035
 -1.5724909012748707
 -1.1151961586377703
 -0.15666183615691048
 0.44088301412749958
 0.87742812471887766
 0.99355785265223451
 1.1949831191318572
 0.36389494099378439
 -0.37504925466358852
 -1.3449183894812118
 -1.5986265291987838
 -1.2685551926833805
 -0.29702399601359247
 0.49162389304877907
 0.79934819172795746
 1.5992463322354782
 1.3355297444986494
 0.5841102189607249
 -0.23788258336530968
 -1.2063442038741483
 -1.5915487498723022
 -1.3955584522784645
 -0.68994419471445045
 0.26762088016914726
 0.70466082945833652
 1.57557381581631
 1.4483291177781921
 0.49511868617650917
 -0.095773612552555232
 -1.0427067526477527
 -1.5514046127550147
 -1.4935672904932904
 -0.89031556740843354
 0.038057718549696355
 0.95253325253401155
 1.5191668402586562
 1.5310376950257969
 0.98381086977188703
 0.048325171352531254
 -0.85740580254536991
 -0.92439260064993811
 -0.97534090919269134
 -1.0721895531382961
 -0.12018508648974423
 0.75781914301526732
 0.89449833060686224
 1.5819371051215989
 1.1549919762654868
 0.30627190583154379
 -0.65429120580400246
 -1.3759231033932733
 -0.99693837014674846
 -0.76986718688310551
 -0.41865480954949758
 0.54736042063075829
 1.3134929553658312
 0.99998115688567257
 0.81386045126370754
 0.33053772923106406
 -0.27348932174976931
 -1.2442315725813804
 -1.5965171615116658
 -0.85362097744855803
 -0.6363154187022142
 0.20345601305261818
 0.73031198170342548
 1.5847612805202818
 1.4223071652314476
 0.74046111142811433
 -0.21178330741235341
 -0.67918101253821317
 -0.9779770926331931
 -0.9196397557121162
 -0.84075580239573522
 0.09693554799469864
 0.99922839698217869
 0.96039210634377858
 1.512887450069917
 0.93667787740373498
 0.018416355340855305
 -0.56660648199307451
