# Created by Octave 8.4.0, Thu Dec 11 09:16:06 2025 IST <gamana@Samsung>
# name: iq
# type: matrix
# rows: 2048
# columns: 1
 1.6000000000000001
 0.81741217677477895
 0.53812053356698397
 -0.26757933088703667
 -1.2380328641919807
 -1.5958393474565038
 -1.3708841653825465
 -0.40332217000396425
 0.19744169751515539
 1.1617674648126488
 0.98961189288312468
 1.4267791320635248
 0.749154243620751
 -0.126277206267076
 -1.0794599269865388
 -0.97667740455693652
 -1.4752536834634684
 -0.53068550131166847
 0.054455970544694823
 0.61971144815431445
 1.5338614353143079
 0.94753482023462876
 0.59038960288433207
 0.017648480643128749
 -0.89845989908127566
 -0.93566355795921996
 -1.5489730149676237
 -1.0352371151254043
 -0.14345783253777036
 0.50044297299076146
 0.9077975051441477
 1.5738343944166753
 0.70029174263479022
 0.25793199830174945
 -0.69879327583226603
 -0.8752101648306293
 -1.5905105512705131
 -1.1998691200655591
 -0.23191544205296488
 0.37077718740857579
 0.83807101776911563
 1.5989147559110988
 0.79564447111414049
 0.48226757712003088
 -0.48460837377945815
 -1.2745171485087401
 -1.5990032996191652
 -1.3395723871147742
 -0.36935141386161252
 0.23340805554780536
 0.75093258738581303
 0.99423482618450487
 0.87446671960772626
 0.69658346143808003
 -0.26035514433353851
 -0.70138649497904204
 -0.98392175803403514
 -1.4514444112676728
 -0.49911366156833592
 0.14590334067373942
 1.0371081931070047
 1.549586390683374
 1.4961933763111284
 0.56026686158099936
 -0.030692720632091816
 -0.59162761605977232
 -0.94802428457192678
 -1.5331609153836951
 -0.98960994706451333
 -0.052923454120163547
 0.85117706439314356
 1.4762025206449945
 0.97634672945533696
 1.0776461366702739
 0.19960738160862385
 -0.75132312806823531
 -0.89243045547475575
 -1.5830241398668952
 -0.72504855459477169
 -0.31349911542499787
 0.64756169863859614
 1.3721487507852954
 0.99728780989863108
 0.77279742987957578
 0.26610024882900052
 -0.54043242017331783
 -1.309272480073469
 -0.99999882230188708
 -1.3064434050785365
 -0.33487961217098988
 0.43049245230356209
 1.2395869245187088
 0.99750902515076378
 1.3696163510044093
 0.64306772540046753
 -0.19894598283625273
 -1.1634545058509691
 -0.98983136742132305
 -0.8910413592107852
 -0.7469835946181913
 0.1277995015959035
 0.6757944842168484
 0.97700577919626508
 0.92143835717186395
 0.52938408740299536
 -0.055988358703845706
 -0.99346435156367885
 -1.5345583423934848
 -1.5152689985238279
 -0.94264031857191455
 -0.016113969322028313
 0.56280668962743263
 1.4979264829849168
 0.96772249425417678
 0.64585224921887574
 0.14101198650177535
 -0.8028337690747156
 -0.90844011502318567
 -1.5733902689753034
 -0.69919534082601087
 -0.25550824473790507
 0.70100144429140743
 0.87595154858681679
 0.99390102147704307
 0.74890204634163549
 0.36867565168859362
 -0.59552334020536735
 -0.83890731960218134
 -1.5988224461252507
 -1.2715421605637345
 -0.29995352783086127
 0.3043425181213476
 0.79750008827622731
 0.99943004815055925
 0.83639249410950756
 0.36792477034572635
 -0.37584019083871389
 -0.7519452059868672
 -0.99439821600798184
 -0.87372121466920871
 -0.43398250394614873
 0.16423604820363752
 1.1239673524482932
 1.5747115232512838
 1.4504093955780257
 0.79645307925676112
 -0.092717815718463617
 -0.64936051767992853
 -1.5501961165091867
 -1.4953215357592782
 -0.55899496658575176
 0.033147799941670657
 0.9485827771484161
 1.5176184254982497
 0.95778549015728354
 0.98767924615859148
 0.082225300863896456
 -0.8532553218283726
 -0.92321742549042496
 -0.97601375467033502
 -0.67239363004398134
 -0.12323172689716683
 0.47093140178253623
 1.4289949622119771
 0.98916595154481612
 0.72399073590500151
 0.3110907764111292
 -0.64980640000646595
 -0.85838131514628802
 -1.595477885806406
 -0.77182249939500824
 -0.26462053999945312
 0.54274303384716516
 0.81917649590739106
 1.5999924627365161
 0.81564015632847064
 0.3334331020884379
 -0.43285696120756301
 -1.2411380651270638
 -1.5961857737795515
 -1.3683453106370818
 -0.64081846411529619
 0.32071967929718814
 1.1651388064929256
 0.99004851051445419
 0.89034366212641014
 0.7448111861732909
 -0.12932149590627612
 -1.0830798756853361
 -0.97733185259986799
 -0.92084099182663481
 -0.84493028253606539
 0.057520614988220711
 0.99538804607827247
 1.5352516349797323
 1.5144787156133672
 0.94065505223745149
 0.023327072073843935
 -0.56407461669631687
 -0.93674234064043382
 -1.5477353196538839
 -1.0314876483942823
 -0.086603630204167628
 0.80495689037258333
 1.4545289362652838
 1.5729424375764296
 1.1169556674162675
 0.25308388935089982
 -0.43950497600899546
 -1.4027053906080471
 -0.99373060737929897
 -0.74788412868125476
 -0.36628572771519929
 0.59780177786358013
 0.8397416454761244
 1.5987263704790462
 1.2700501723592557
 0.47758258152366795
 -0.30580408578331203
 -0.79842508030580706
 -0.99948067998537748
 -1.3368804419785105
 -0.36649726022122142
 0.37822660754836668
 1.2047296855344527
 1.5912948218074441
 0.87297365177105024
 0.43259932229274561
 -0.26519959097254148
 -0.70357104096355216
 -1.5751445245785289
 -1.4493709635995575
 -0.49645151502600482
 0.094245825128639826
 1.040843016266684
 1.5508021910089118
 0.93402885820795134
 0.89235480789739141
 -0.022251750734397037
 -0.95055913431292172
 -1.5183944210886935
 -0.9573431522354271
 -0.98574621887670111
 -0.049858050913958639
 0.53458223094328505
 1.4780897616558093
 0.97567848098621912
 0.67125684091562299
 0.19473368004700509
 -0.47228473929239162
 -0.89381114363436787
 -0.98893948579507385
 -0.72293121193018939
 -0.19292606540949148
 0.40753098176423302
 1.3746682227578331
 1.5952915177924119
 1.2333532015402291
 0.4210243326138623
 -0.34065773071631095
 -1.3120892196538265
 -0.99998940073362763
 -0.81475126332711434
 -0.53117729062208363
 0.43522045056188929
 0.77667892647719483
 1.5963533476679337
 0.85441940454648735
 0.39910480840544516
 -0.20195314414651017
 -0.72926272673208903
 -0.99026332165106024
 -1.4234301886878991
 -0.7426370234029136
 0.20934909698122281
 0.67805376596341482
 1.5642489983995427
 0.92024145753600073
 0.84284403508172012
 -0.059052735788742081
 -0.62331837253726197
 -0.95996331965004555
 -1.513684865505448
 -0.58666723142977939
 -0.013044836429979863
 0.90454594423356471
 1.4996454768254734
 0.96694437685696777
 1.0296092684762668
 0.085074564858861945
 -0.50442382229876837
 -0.90971891406343963
 -0.98280681329679409
 -0.69699759914860648
 -0.25065893785105681
 0.7054128226039994
 1.4038849995502043
 0.99355785265223451
 0.74686444945741071
 0.22743433812111521
 -0.60007880746174169
 -0.84057399342575734
 -1.5986265291987838
 -1.2685551926833805
 -0.47523839362174797
 0.30726493315548692
 0.79934819172795746
 0.99952895764717375
 0.83470609031165577
 0.5841102189607249
 -0.38061213338449551
 -1.2063442038741483
 -1.5915487498723022
 -0.87222403267404025
 -0.68994419471445045
 0.26762088016914726
 0.70466082945833652
 0.98473363488519361
 0.90520569861137001
 0.79218989788241467
 -0.095773612552555232
 -0.65169172040484546
 -1.5514046127550147
 -1.4935672904932904
 -0.89031556740843354
 0.023786074093560219
 0.59533328283375719
 0.94947927516166009
 1.5310376950257969
 0.61488179360742934
 0.048325171352531254
 -0.53587862659085617
 -1.479028161039901
 -0.97534090919269134
 -0.67011847071143504
 -0.19229613838359078
 0.47363696438454206
 1.4311973289709796
 0.98871069070099926
 1.1549919762654868
 0.19141994114471486
 -0.65429120580400246
 -0.85995193962079575
 -0.99693837014674846
 -0.76986718688310551
 -0.26165925596843598
 0.54736042063075829
 1.3134929553658312
 1.5999698510170761
 1.3021767220219322
 0.33053772923106406
 -0.27348932174976931
 -0.77764473286336266
 -0.997823225944791
 -0.85362097744855803
 -0.6363154187022142
 0.32552962088418913
 0.73031198170342548
 1.5847612805202818
 1.4223071652314476
 0.74046111142811433
 -0.13236456713272088
 -1.0866896200611411
 -0.9779770926331931
 -1.471423609139386
 -0.52547237649733447
 0.060584717496686646
 0.62451774811386163
 1.5366273701500459
 0.94555465629369806
 0.93667787740373498
