# Created by Octave 8.4.0, Thu Dec 11 09:16:06 2025 IST <gamana@Samsung>
# name: iq
# type: matrix
# rows: 2048
# columns: 1
 1.6000000000000001
 1.3078594828396464
 0.53812053356698397
 -0.26757933088703667
 -1.2380328641919807
 -0.99739959216031482
 -1.3708841653825465
 -0.64531547200634287
 0.19744169751515539
 1.1617674648126488
 1.5833790286129996
 0.89173695753970295
 0.46822140226296938
 -0.20204353002732162
 -1.0794599269865388
 -1.5626838472910984
 -1.4752536834634684
 -0.84909680209866956
 0.087129552871511723
 0.99153831704690321
 1.5338614353143079
 0.94753482023462876
 0.94462336461493135
 0.017648480643128749
 -0.56153743692579727
 -1.497061692734752
 -1.5489730149676237
 -1.0352371151254043
 -0.089661145336106474
 0.50044297299076146
 0.9077975051441477
 1.5738343944166753
 1.1204667882156645
 0.25793199830174945
 -0.69879327583226603
 -1.4003362637290069
 -1.5905105512705131
 -1.1998691200655591
 -0.23191544205296488
 0.59324349985372127
 0.83807101776911563
 0.99932172244443662
 1.2730311537826249
 0.48226757712003088
 -0.48460837377945815
 -1.2745171485087401
 -0.9993770622619782
 -0.8372327419467338
 -0.59096226217858006
 0.37345288887648859
 0.75093258738581303
 0.99423482618450487
 0.87446671960772626
 0.43536466339879998
 -0.16272196520846155
 -1.1222183919664672
 -0.98392175803403514
 -1.4514444112676728
 -0.49911366156833592
 0.14590334067373942
 1.0371081931070047
 0.96849149417710867
 0.93512086019445517
 0.89642697852959907
 -0.019182950395057383
 -0.94660418569563576
 -0.94802428457192678
 -1.5331609153836951
 -0.61850621691532082
 -0.052923454120163547
 0.85117706439314356
 0.92262657540312143
 1.5621547671285392
 1.0776461366702739
 0.19960738160862385
 -0.75132312806823531
 -0.89243045547475575
 -0.98939008741680945
 -1.1600776873516347
 -0.19593694714062365
 0.64756169863859614
 0.85759296924080952
 0.99728780989863108
 1.2364758878073214
 0.26610024882900052
 -0.54043242017331783
 -0.81829530004591811
 -0.99999882230188708
 -0.81652712817408524
 -0.33487961217098988
 0.43049245230356209
 0.77474182782419287
 1.5960144402412222
 0.85601021937775568
 0.64306772540046753
 -0.19894598283625273
 -0.72715906615685566
 -1.583730187874117
 -0.8910413592107852
 -0.46686474663636957
 0.1277995015959035
 0.6757944842168484
 1.5632092467140242
 0.92143835717186395
 0.84701453984479258
 -0.055988358703845706
 -0.62091521972729924
 -0.95909896399592787
 -0.94704312407739244
 -0.58915019910744659
 -0.016113969322028313
 0.56280668962743263
 1.4979264829849168
 0.96772249425417678
 0.64585224921887574
 0.14101198650177535
 -0.8028337690747156
 -1.4535041840370972
 -1.5733902689753034
 -0.69919534082601087
 -0.15969265296119067
 0.70100144429140743
 1.401522477738907
 0.99390102147704307
 1.1982432741466169
 0.23042228230537098
 -0.59552334020536735
 -0.83890731960218134
 -1.5988224461252507
 -1.2715421605637345
 -0.29995352783086127
 0.3043425181213476
 1.2760001412419637
 0.99943004815055925
 0.83639249410950756
 0.58867963255316214
 -0.23490011927419616
 -0.7519452059868672
 -0.99439821600798184
 -0.87372121466920871
 -0.694372006313838
 0.16423604820363752
 1.1239673524482932
 1.5747115232512838
 1.4504093955780257
 0.79645307925676112
 -0.092717815718463617
 -1.0389768282878857
 -1.5501961165091867
 -0.93457595984954878
 -0.55899496658575176
 0.020717374963544161
 0.59286423571776004
 1.5176184254982497
 1.5324567842516537
 0.61729952884911965
 0.051390813039935278
 -0.53328457614273284
 -0.92321742549042496
 -1.5616220074725362
 -0.67239363004398134
 -0.19717076303546693
 0.47093140178253623
 0.89312185138248557
 1.5826655224717059
 0.72399073590500151
 0.3110907764111292
 -0.40612900000404117
 -0.85838131514628802
 -1.595477885806406
 -1.2349159990320133
 -0.26462053999945312
 0.54274303384716516
 0.81917649590739106
 0.99999528921032244
 1.3050242501255531
 0.53349296334150065
 -0.27053560075472688
 -1.2411380651270638
 -1.5961857737795515
 -1.3683453106370818
 -0.40051154007206008
 0.20044979956074258
 0.72821175405807848
 0.99004851051445419
 1.4245498594022563
 0.7448111861732909
 -0.12932149590627612
 -0.67692492230333512
 -0.97733185259986799
 -1.4733455869226157
 -0.52808142658504087
 0.092032983981153144
 0.99538804607827247
 0.95953227186233259
 1.5144787156133672
 0.94065505223745149
 0.023327072073843935
 -0.56407461669631687
 -0.93674234064043382
 -0.96733457478367735
 -1.0314876483942823
 -0.13856580832666821
 0.80495689037258333
 0.90908058516580226
 0.98308902348526839
 0.69809729213516714
 0.25308388935089982
 -0.70320796161439281
 -0.87669086913002936
 -1.5899689718068784
 -0.74788412868125476
 -0.22892857982199954
 0.3736261111647376
 1.3435866327617991
 0.99920398154940382
 0.79378135772453473
 0.29848911345229245
 -0.30580408578331203
 -1.2774801284892914
 -0.99948067998537748
 -1.3368804419785105
 -0.58639561635395432
 0.37822660754836668
 0.75295605345903283
 1.5912948218074441
 0.87297365177105024
 0.69215891566839305
 -0.26519959097254148
 -0.70357104096355216
 -0.98446532786158059
 -1.4493709635995575
 -0.49645151502600482
 0.094245825128639826
 1.040843016266684
 1.5508021910089118
 1.4944461731327223
 0.55772175493586962
 -0.022251750734397037
 -0.95055913431292172
 -0.94899651318043343
 -0.9573431522354271
 -0.98574621887670111
 -0.049858050913958639
 0.85533156950925615
 0.9238061010348807
 1.5610855695779506
 0.67125684091562299
 0.19473368004700509
 -0.75565558286782664
 -1.4300978298149887
 -1.5823031772721183
 -1.156689939088303
 -0.30868170465518641
 0.65204957082277293
 1.3746682227578331
 0.99705719862025732
 1.2333532015402291
 0.26314020788366393
 -0.54505236914609756
 -0.82005576228364152
 -1.5999830411738043
 -1.303602021323383
 -0.33198580663880228
 0.27201278160118081
 0.77667892647719483
 0.9977208422924585
 0.85441940454648735
 0.63856769344871234
 -0.20195314414651017
 -0.72926272673208903
 -1.5844213146416966
 -1.4234301886878991
 -0.464148139626821
 0.20934909698122281
 0.67805376596341482
 1.5642489983995427
 1.4723863320576012
 0.52677752192607508
 -0.094484377261987329
 -0.99730939605961921
 -0.95996331965004555
 -1.513684865505448
 -0.93866757028764702
 -0.013044836429979863
 0.90454594423356471
 1.4996454768254734
 0.96694437685696777
 1.0296092684762668
 0.085074564858861945
 -0.80707811567802945
 -0.90971891406343963
 -0.98280681329679409
 -1.1151961586377703
 -0.25065893785105681
 0.44088301412749958
 0.87742812471887766
 1.5896925642435753
 1.1949831191318572
 0.36389494099378439
 -0.37504925466358852
 -1.3449183894812118
 -1.5986265291987838
 -0.79284699542711268
 -0.29702399601359247
 0.49162389304877907
 0.79934819172795746
 1.5992463322354782
 1.3355297444986494
 0.5841102189607249
 -0.38061213338449551
 -0.75396512742134258
 -0.9947179686701888
 -0.87222403267404025
 -0.68994419471445045
 0.26762088016914726
 1.1274573271333386
 0.98473363488519361
 0.90520569861137001
 0.49511868617650917
 -0.095773612552555232
 -0.65169172040484546
 -1.5514046127550147
 -1.4935672904932904
 -0.89031556740843354
 0.038057718549696355
 0.59533328283375719
 0.94947927516166009
 1.5310376950257969
 0.61488179360742934
 0.077320274164050018
 -0.85740580254536991
 -1.479028161039901
 -0.97534090919269134
 -1.0721895531382961
 -0.12018508648974423
 0.47363696438454206
 0.89449833060686224
 1.5819371051215989
 1.1549919762654868
 0.19141994114471486
 -0.40893200362750154
 -0.85995193962079575
 -1.5951013922347976
 -1.2317874990129689
 -0.26165925596843598
 0.54736042063075829
 0.82093309710364448
 0.99998115688567257
 1.3021767220219322
 0.52886036676970249
 -0.27348932174976931
 -0.77764473286336266
 -0.997823225944791
 -1.365793563917693
 -0.39769713668888385
 0.20345601305261818
 1.1684991707254808
 1.5847612805202818
 1.4223071652314476
 0.74046111142811433
 -0.13236456713272088
 -1.0866896200611411
 -1.5647633482131091
 -1.471423609139386
 -0.84075580239573522
 0.09693554799469864
 0.99922839698217869
 1.5366273701500459
 1.512887450069917
 0.93667787740373498
 0.018416355340855305
