# Created by Octave 8.4.0, Thu Dec 11 09:16:06 2025 IST <gamana@Samsung>
# name: iq
# type: matrix
# rows: 2048
# columns: 1
 1.6000000000000001
 1.3078594828396464
 0.336325333479365
 -0.26757933088703667
 -0.7737705401199878
 -1.5958393474565038
 -0.85680260336409153
 -0.40332217000396425
 0.19744169751515539
 0.72610466550790553
 1.5833790286129996
 1.4267791320635248
 0.749154243620751
 -0.126277206267076
 -1.0794599269865388
 -1.5626838472910984
 -0.92203355216466776
 -0.53068550131166847
 0.054455970544694823
 0.99153831704690321
 0.95866339707144232
 1.5160557123754062
 0.94462336461493135
 0.017648480643128749
 -0.56153743692579727
 -1.497061692734752
 -0.96810813435476473
 -0.64702319695337762
 -0.089661145336106474
 0.80070875678521836
 0.9077975051441477
 1.5738343944166753
 1.1204667882156645
 0.25793199830174945
 -0.69879327583226603
 -1.4003362637290069
 -0.99406909454407066
 -0.74991820004097443
 -0.37106470728474383
 0.37077718740857579
 1.3409136284305851
 0.99932172244443662
 0.79564447111414049
 0.48226757712003088
 -0.30288023361216132
 -1.2745171485087401
 -1.5990032996191652
 -1.3395723871147742
 -0.36935141386161252
 0.23340805554780536
 1.2014921398173009
 1.5907757218952079
 1.3991467513723621
 0.43536466339879998
 -0.16272196520846155
 -1.1222183919664672
 -0.98392175803403514
 -0.90715275704229548
 -0.79858185850933749
 0.14590334067373942
 1.0371081931070047
 1.549586390683374
 0.93512086019445517
 0.89642697852959907
 -0.030692720632091816
 -0.59162761605977232
 -0.94802428457192678
 -0.95822557211480941
 -0.98960994706451333
 -0.084677526592261687
 0.53198566524571467
 1.4762025206449945
 1.5621547671285392
 1.0776461366702739
 0.1247546135053899
 -0.75132312806823531
 -1.4278887287596094
 -1.5830241398668952
 -1.1600776873516347
 -0.19593694714062365
 0.64756169863859614
 1.3721487507852954
 1.5956604958378098
 0.77279742987957578
 0.42576039812640087
 -0.54043242017331783
 -0.81829530004591811
 -1.5999981156830194
 -0.81652712817408524
 -0.33487961217098988
 0.2690577826897263
 0.77474182782419287
 1.5960144402412222
 1.3696163510044093
 0.40191732837529215
 -0.19894598283625273
 -0.72715906615685566
 -0.98983136742132305
 -1.4256661747372563
 -0.46686474663636957
 0.20447920255344562
 0.6757944842168484
 0.97700577919626508
 1.4743013714749824
 0.52938408740299536
 -0.089581373926153132
 -0.99346435156367885
 -1.5345583423934848
 -1.5152689985238279
 -0.58915019910744659
 -0.016113969322028313
 0.90049070340389226
 0.93620405186557298
 1.5483559908066828
 0.64585224921887574
 0.14101198650177535
 -0.8028337690747156
 -1.4535041840370972
 -0.98336891810956462
 -0.69919534082601087
 -0.15969265296119067
 0.43812590268212964
 1.401522477738907
 0.99390102147704307
 1.1982432741466169
 0.36867565168859362
 -0.59552334020536735
 -0.83890731960218134
 -0.99926402882828158
 -1.2715421605637345
 -0.29995352783086127
 0.3043425181213476
 1.2760001412419637
 0.99943004815055925
 0.83639249410950756
 0.36792477034572635
 -0.37584019083871389
 -0.7519452059868672
 -0.99439821600798184
 -0.87372121466920871
 -0.694372006313838
 0.16423604820363752
 0.70247959528018322
 1.5747115232512838
 1.4504093955780257
 0.79645307925676112
 -0.14834850514954179
 -0.64936051767992853
 -0.96887257281824157
 -0.93457595984954878
 -0.89439194653720289
 0.020717374963544161
 0.59286423571776004
 0.94851151593640592
 1.5324567842516537
 0.61729952884911965
 0.082225300863896456
 -0.53328457614273284
 -1.4771478807846801
 -1.5616220074725362
 -1.0758298080703701
 -0.19717076303546693
 0.47093140178253623
 1.4289949622119771
 0.98916595154481612
 0.72399073590500151
 0.3110907764111292
 -0.40612900000404117
 -1.373410104234061
 -1.595477885806406
 -1.2349159990320133
 -0.26462053999945312
 0.54274303384716516
 1.3106823934518257
 0.99999528921032244
 0.81564015632847064
 0.53349296334150065
 -0.43285696120756301
 -1.2411380651270638
 -0.99761610861221961
 -1.3683453106370818
 -0.64081846411529619
 0.32071967929718814
 1.1651388064929256
 1.5840776168231268
 0.89034366212641014
 0.46550699135830681
 -0.20691439345004181
 -1.0830798756853361
 -1.563730964159789
 -0.92084099182663481
 -0.84493028253606539
 0.057520614988220711
 0.62211752879892024
 1.5352516349797323
 0.9465491972583544
 0.58790940764840716
 0.023327072073843935
 -0.56407461669631687
 -1.4987877450246943
 -0.96733457478367735
 -1.0314876483942823
 -0.13856580832666821
 0.80495689037258333
 0.90908058516580226
 0.98308902348526839
 1.1169556674162675
 0.15817743084431238
 -0.70320796161439281
 -0.87669086913002936
 -1.5899689718068784
 -0.74788412868125476
 -0.36628572771519929
 0.59780177786358013
 0.8397416454761244
 1.5987263704790462
 0.79378135772453473
 0.29848911345229245
 -0.30580408578331203
 -0.79842508030580706
 -0.99948067998537748
 -1.3368804419785105
 -0.36649726022122142
 0.37822660754836668
 1.2047296855344527
 1.5912948218074441
 1.3967578428336804
 0.43259932229274561
 -0.26519959097254148
 -0.70357104096355216
 -1.5751445245785289
 -1.4493709635995575
 -0.49645151502600482
 0.15079332020582373
 1.040843016266684
 1.5508021910089118
 0.93402885820795134
 0.55772175493586962
 -0.022251750734397037
 -0.59409945894557603
 -1.5183944210886935
 -1.5317490435766834
 -0.61609138679793818
 -0.049858050913958639
 0.53458223094328505
 1.4780897616558093
 0.97567848098621912
 1.0740109454649969
 0.19473368004700509
 -0.75565558286782664
 -1.4300978298149887
 -1.5823031772721183
 -1.156689939088303
 -0.30868170465518641
 0.65204957082277293
 0.85916763922364559
 1.5952915177924119
 0.77084575096264307
 0.26314020788366393
 -0.54505236914609756
 -1.3120892196538265
 -0.99998940073362763
 -1.303602021323383
 -0.33198580663880228
 0.43522045056188929
 0.77667892647719483
 1.5963533476679337
 0.85441940454648735
 0.39910480840544516
 -0.32312503063441628
 -1.1668203627713425
 -0.99026332165106024
 -1.4234301886878991
 -0.464148139626821
 0.13084318561326425
 0.67805376596341482
 1.5642489983995427
 0.92024145753600073
 0.84284403508172012
 -0.059052735788742081
 -0.62331837253726197
 -1.5359413114400731
 -0.94605304094090492
 -0.93866757028764702
 -0.020871738287967782
 0.5653412151459779
 0.9372784230159209
 0.96694437685696777
 1.0296092684762668
 0.085074564858861945
 -0.80707811567802945
 -1.4555502625015035
 -0.98280681329679409
 -1.1151961586377703
 -0.25065893785105681
 0.7054128226039994
 0.87742812471887766
 0.99355785265223451
 0.74686444945741071
 0.22743433812111521
 -0.37504925466358852
 -1.3449183894812118
 -1.5986265291987838
 -1.2685551926833805
 -0.47523839362174797
 0.49162389304877907
 0.79934819172795746
 1.5992463322354782
 1.3355297444986494
 0.5841102189607249
 -0.38061213338449551
 -0.75396512742134258
 -1.5915487498723022
 -0.87222403267404025
 -0.43121512169653153
 0.26762088016914726
 0.70466082945833652
 1.57557381581631
 1.4483291177781921
 0.49511868617650917
 -0.095773612552555232
 -1.0427067526477527
 -0.96962788297188418
 -1.4935672904932904
 -0.55644722963027093
 0.023786074093560219
 0.59533328283375719
 0.94947927516166009
 0.956898559391123
 0.61488179360742934
 0.048325171352531254
 -0.85740580254536991
 -0.92439260064993811
 -0.97534090919269134
 -0.67011847071143504
 -0.12018508648974423
 0.47363696438454206
 1.4311973289709796
 1.5819371051215989
 1.1549919762654868
 0.30627190583154379
 -0.65429120580400246
 -1.3759231033932733
 -1.5951013922347976
 -0.76986718688310551
 -0.41865480954949758
 0.34210026289422391
 1.3134929553658312
 1.5999698510170761
 0.81386045126370754
 0.33053772923106406
 -0.43758291479963091
 -1.2442315725813804
 -0.997823225944791
 -0.85362097744855803
 -0.39769713668888385
 0.20345601305261818
 0.73031198170342548
 1.5847612805202818
 1.4223071652314476
 0.46278819464257143
 -0.13236456713272088
 -0.67918101253821317
 -0.9779770926331931
 -1.471423609139386
 -0.84075580239573522
 0.060584717496686646
 0.62451774811386163
 1.5366273701500459
 1.512887450069917
 0.58542367337733436
 0.011510222088034565
