# Created by Octave 8.4.0, Thu Dec 11 09:16:06 2025 IST <gamana@Samsung>
# name: iq
# type: matrix
# rows: 2048
# columns: 1
 1
 0.81741217677477895
 0.336325333479365
 -0.26757933088703667
 -0.7737705401199878
 -0.99739959216031482
 -1.3708841653825465
 -0.40332217000396425
 0.31590671602424863
 0.72610466550790553
 0.98961189288312468
 1.4267791320635248
 0.46822140226296938
 -0.126277206267076
 -1.0794599269865388
 -1.5626838472910984
 -0.92203355216466776
 -0.84909680209866956
 0.054455970544694823
 0.99153831704690321
 1.5338614353143079
 1.5160557123754062
 0.59038960288433207
 0.028237569029006
 -0.89845989908127566
 -0.93566355795921996
 -0.96810813435476473
 -1.0352371151254043
 -0.14345783253777036
 0.50044297299076146
 0.9077975051441477
 0.98364649651042202
 1.1204667882156645
 0.25793199830174945
 -0.43674579739516622
 -1.4003362637290069
 -0.99406909454407066
 -1.1998691200655591
 -0.37106470728474383
 0.37077718740857579
 1.3409136284305851
 0.99932172244443662
 0.79564447111414049
 0.30141723570001927
 -0.48460837377945815
 -1.2745171485087401
 -0.9993770622619782
 -1.3395723871147742
 -0.36935141386161252
 0.37345288887648859
 1.2014921398173009
 1.5907757218952079
 0.87446671960772626
 0.69658346143808003
 -0.26035514433353851
 -0.70138649497904204
 -1.5742748128544564
 -1.4514444112676728
 -0.79858185850933749
 0.14590334067373942
 1.0371081931070047
 1.549586390683374
 0.93512086019445517
 0.56026686158099936
 -0.030692720632091816
 -0.59162761605977232
 -0.94802428457192678
 -1.5331609153836951
 -0.98960994706451333
 -0.084677526592261687
 0.85117706439314356
 0.92262657540312143
 1.5621547671285392
 0.67352883541892117
 0.1247546135053899
 -0.75132312806823531
 -0.89243045547475575
 -0.98939008741680945
 -1.1600776873516347
 -0.31349911542499787
 0.64756169863859614
 1.3721487507852954
 0.99728780989863108
 0.77279742987957578
 0.26610024882900052
 -0.54043242017331783
 -1.309272480073469
 -1.5999981156830194
 -1.3064434050785365
 -0.53580737947358381
 0.2690577826897263
 1.2395869245187088
 0.99750902515076378
 0.85601021937775568
 0.40191732837529215
 -0.31831357253800441
 -1.1634545058509691
 -1.583730187874117
 -0.8910413592107852
 -0.46686474663636957
 0.20447920255344562
 1.0812711747469574
 0.97700577919626508
 1.4743013714749824
 0.52938408740299536
 -0.089581373926153132
 -0.99346435156367885
 -0.95909896399592787
 -1.5152689985238279
 -0.58915019910744659
 -0.025782350915245302
 0.90049070340389226
 0.93620405186557298
 1.5483559908066828
 1.0333635987502012
 0.088132491563609597
 -0.50177110567169725
 -1.4535041840370972
 -0.98336891810956462
 -1.1187125453216173
 -0.25550824473790507
 0.70100144429140743
 1.401522477738907
 0.99390102147704307
 1.1982432741466169
 0.23042228230537098
 -0.37220208762835455
 -0.83890731960218134
 -1.5988224461252507
 -0.79471385035233399
 -0.29995352783086127
 0.48694802899415618
 0.79750008827622731
 0.99943004815055925
 1.3382279905752121
 0.58867963255316214
 -0.23490011927419616
 -0.7519452059868672
 -0.99439821600798184
 -1.397953943470734
 -0.43398250394614873
 0.16423604820363752
 1.1239673524482932
 1.5747115232512838
 1.4504093955780257
 0.49778317453547566
 -0.092717815718463617
 -1.0389768282878857
 -0.96887257281824157
 -0.93457595984954878
 -0.89439194653720289
 0.020717374963544161
 0.9485827771484161
 0.94851151593640592
 1.5324567842516537
 0.98767924615859148
 0.082225300863896456
 -0.53328457614273284
 -1.4771478807846801
 -0.97601375467033502
 -0.67239363004398134
 -0.12323172689716683
 0.75349024285205801
 1.4289949622119771
 0.98916595154481612
 1.1583851774480025
 0.3110907764111292
 -0.40612900000404117
 -0.85838131514628802
 -0.99717367862900375
 -0.77182249939500824
 -0.42339286399912501
 0.54274303384716516
 1.3106823934518257
 0.99999528921032244
 1.3050242501255531
 0.53349296334150065
 -0.27053560075472688
 -0.7757112907044148
 -0.99761610861221961
 -1.3683453106370818
 -0.40051154007206008
 0.20044979956074258
 0.72821175405807848
 0.99004851051445419
 0.89034366212641014
 0.46550699135830681
 -0.20691439345004181
 -1.0830798756853361
 -1.563730964159789
 -0.92084099182663481
 -0.52808142658504087
 0.057520614988220711
 0.99538804607827247
 1.5352516349797323
 1.5144787156133672
 0.58790940764840716
 0.01457942004615246
 -0.56407461669631687
 -1.4987877450246943
 -0.96733457478367735
 -0.64467978024642647
 -0.086603630204167628
 0.50309805648286454
 1.4545289362652838
 0.98308902348526839
 0.69809729213516714
 0.15817743084431238
 -0.43950497600899546
 -1.4027053906080471
 -0.99373060737929897
 -1.1966146058900076
 -0.22892857982199954
 0.59780177786358013
 1.3435866327617991
 1.5987263704790462
 0.79378135772453473
 0.29848911345229245
 -0.30580408578331203
 -0.79842508030580706
 -1.5991690879766041
 -0.83555027623656908
 -0.36649726022122142
 0.37822660754836668
 0.75295605345903283
 1.5912948218074441
 0.87297365177105024
 0.43259932229274561
 -0.1657497443578384
 -0.70357104096355216
 -0.98446532786158059
 -1.4493709635995575
 -0.7943224240416078
 0.15079332020582373
 0.65052688516667745
 0.96925136938056977
 0.93402885820795134
 0.55772175493586962
 -0.03560280117503526
 -0.95055913431292172
 -0.94899651318043343
 -0.9573431522354271
 -0.98574621887670111
 -0.079772881462333828
 0.53458223094328505
 0.9238061010348807
 1.5610855695779506
 1.0740109454649969
 0.12170855002937817
 -0.47228473929239162
 -0.89381114363436787
 -0.98893948579507385
 -0.72293121193018939
 -0.19292606540949148
 0.65204957082277293
 0.85916763922364559
 0.99705719862025732
 0.77084575096264307
 0.26314020788366393
 -0.54505236914609756
 -0.82005576228364152
 -1.5999830411738043
 -1.303602021323383
 -0.53117729062208363
 0.27201278160118081
 0.77667892647719483
 0.9977208422924585
 0.85441940454648735
 0.39910480840544516
 -0.20195314414651017
 -1.1668203627713425
 -0.99026332165106024
 -1.4234301886878991
 -0.464148139626821
 0.20934909698122281
 0.67805376596341482
 1.5642489983995427
 0.92024145753600073
 0.52677752192607508
 -0.059052735788742081
 -0.99730939605961921
 -1.5359413114400731
 -0.94605304094090492
 -0.93866757028764702
 -0.013044836429979863
 0.90454594423356471
 1.4996454768254734
 0.96694437685696777
 0.64350579279766673
 0.13611930377417911
 -0.80707811567802945
 -1.4555502625015035
 -1.5724909012748707
 -1.1151961586377703
 -0.25065893785105681
 0.44088301412749958
 0.87742812471887766
 1.5896925642435753
 0.74686444945741071
 0.22743433812111521
 -0.60007880746174169
 -0.84057399342575734
 -1.5986265291987838
 -1.2685551926833805
 -0.47523839362174797
 0.49162389304877907
 1.2789571067647321
 1.5992463322354782
 1.3355297444986494
 0.36506888685045302
 -0.38061213338449551
 -1.2063442038741483
 -0.9947179686701888
 -0.87222403267404025
 -0.68994419471445045
 0.16726305010571701
 1.1274573271333386
 1.57557381581631
 0.90520569861137001
 0.49511868617650917
 -0.095773612552555232
 -0.65169172040484546
 -1.5514046127550147
 -0.9334795565583065
 -0.89031556740843354
 0.023786074093560219
 0.95253325253401155
 1.5191668402586562
 1.5310376950257969
 0.61488179360742934
 0.048325171352531254
 -0.85740580254536991
 -1.479028161039901
 -1.5605454547083062
 -1.0721895531382961
 -0.19229613838359078
 0.75781914301526732
 0.89449833060686224
 0.98871069070099926
 0.72186998516592915
 0.19141994114471486
 -0.65429120580400246
 -1.3759231033932733
 -1.5951013922347976
 -1.2317874990129689
 -0.26165925596843598
 0.54736042063075829
 0.82093309710364448
 1.5999698510170761
 0.81386045126370754
 0.33053772923106406
 -0.27348932174976931
 -0.77764473286336266
 -1.5965171615116658
 -1.365793563917693
 -0.6363154187022142
 0.20345601305261818
 0.73031198170342548
 0.99047580032517601
 0.88894197826965471
 0.74046111142811433
 -0.21178330741235341
 -1.0866896200611411
 -0.9779770926331931
 -0.9196397557121162
 -0.84075580239573522
 0.09693554799469864
 0.62451774811386163
 1.5366273701500459
 0.94555465629369806
 0.58542367337733436
 0.011510222088034565
