# Created by Octave 8.4.0, Thu Dec 11 09:16:06 2025 IST <gamana@Samsung>
# name: iq
# type: matrix
# rows: 2048
# columns: 1
 1.6000000000000001
 0.81741217677477895
 0.53812053356698397
 -0.42812692941925867
 -1.2380328641919807
 -0.99739959216031482
 -1.3708841653825465
 -0.64531547200634287
 0.31590671602424863
 0.72610466550790553
 0.98961189288312468
 0.89173695753970295
 0.749154243620751
 -0.126277206267076
 -0.67466245436658678
 -0.97667740455693652
 -0.92203355216466776
 -0.53068550131166847
 0.054455970544694823
 0.61971144815431445
 1.5338614353143079
 0.94753482023462876
 0.94462336461493135
 0.028237569029006
 -0.89845989908127566
 -1.497061692734752
 -1.5489730149676237
 -1.0352371151254043
 -0.089661145336106474
 0.50044297299076146
 0.9077975051441477
 0.98364649651042202
 0.70029174263479022
 0.25793199830174945
 -0.43674579739516622
 -1.4003362637290069
 -1.5905105512705131
 -1.1998691200655591
 -0.37106470728474383
 0.59324349985372127
 0.83807101776911563
 1.5989147559110988
 1.2730311537826249
 0.30141723570001927
 -0.48460837377945815
 -0.79657321781796253
 -1.5990032996191652
 -1.3395723871147742
 -0.36935141386161252
 0.37345288887648859
 0.75093258738581303
 1.5907757218952079
 0.87446671960772626
 0.69658346143808003
 -0.16272196520846155
 -1.1222183919664672
 -0.98392175803403514
 -0.90715275704229548
 -0.49911366156833592
 0.14590334067373942
 0.64819262069187789
 0.96849149417710867
 0.93512086019445517
 0.89642697852959907
 -0.030692720632091816
 -0.59162761605977232
 -1.5168388553150829
 -0.95822557211480941
 -0.98960994706451333
 -0.052923454120163547
 0.85117706439314356
 1.4762025206449945
 0.97634672945533696
 1.0776461366702739
 0.1247546135053899
 -0.75132312806823531
 -1.4278887287596094
 -0.98939008741680945
 -0.72504855459477169
 -0.31349911542499787
 0.40472606164912256
 1.3721487507852954
 0.99728780989863108
 1.2364758878073214
 0.42576039812640087
 -0.3377702626083236
 -0.81829530004591811
 -0.99999882230188708
 -1.3064434050785365
 -0.33487961217098988
 0.2690577826897263
 1.2395869245187088
 1.5960144402412222
 0.85601021937775568
 0.64306772540046753
 -0.19894598283625273
 -1.1634545058509691
 -1.583730187874117
 -1.4256661747372563
 -0.7469835946181913
 0.20447920255344562
 1.0812711747469574
 1.5632092467140242
 1.4743013714749824
 0.52938408740299536
 -0.055988358703845706
 -0.99346435156367885
 -1.5345583423934848
 -1.5152689985238279
 -0.94264031857191455
 -0.025782350915245302
 0.90049070340389226
 1.4979264829849168
 0.96772249425417678
 1.0333635987502012
 0.088132491563609597
 -0.50177110567169725
 -0.90844011502318567
 -1.5733902689753034
 -0.69919534082601087
 -0.25550824473790507
 0.70100144429140743
 1.401522477738907
 1.590241634363269
 1.1982432741466169
 0.23042228230537098
 -0.37220208762835455
 -0.83890731960218134
 -1.5988224461252507
 -0.79471385035233399
 -0.47992564452937803
 0.3043425181213476
 1.2760001412419637
 0.99943004815055925
 1.3382279905752121
 0.36792477034572635
 -0.23490011927419616
 -1.2031123295789876
 -0.99439821600798184
 -1.397953943470734
 -0.43398250394614873
 0.26277767712582006
 0.70247959528018322
 1.5747115232512838
 0.906505872236266
 0.49778317453547566
 -0.14834850514954179
 -1.0389768282878857
 -0.96887257281824157
 -1.4953215357592782
 -0.89439194653720289
 0.033147799941670657
 0.59286423571776004
 0.94851151593640592
 0.95778549015728354
 0.61729952884911965
 0.051390813039935278
 -0.8532553218283726
 -1.4771478807846801
 -1.5616220074725362
 -1.0758298080703701
 -0.12323172689716683
 0.47093140178253623
 0.89312185138248557
 0.98916595154481612
 0.72399073590500151
 0.3110907764111292
 -0.40612900000404117
 -0.85838131514628802
 -1.595477885806406
 -0.77182249939500824
 -0.26462053999945312
 0.33921439615447818
 1.3106823934518257
 1.5999924627365161
 1.3050242501255531
 0.3334331020884379
 -0.43285696120756301
 -0.7757112907044148
 -1.5961857737795515
 -1.3683453106370818
 -0.64081846411529619
 0.32071967929718814
 1.1651388064929256
 1.5840776168231268
 0.89034366212641014
 0.7448111861732909
 -0.12932149590627612
 -0.67692492230333512
 -0.97733185259986799
 -0.92084099182663481
 -0.84493028253606539
 0.092032983981153144
 0.62211752879892024
 0.95953227186233259
 1.5144787156133672
 0.58790940764840716
 0.01457942004615246
 -0.90251938671410703
 -0.93674234064043382
 -1.5477353196538839
 -0.64467978024642647
 -0.086603630204167628
 0.50309805648286454
 0.90908058516580226
 0.98308902348526839
 1.1169556674162675
 0.25308388935089982
 -0.43950497600899546
 -1.4027053906080471
 -1.5899689718068784
 -0.74788412868125476
 -0.36628572771519929
 0.59780177786358013
 1.3435866327617991
 1.5987263704790462
 0.79378135772453473
 0.47758258152366795
 -0.48928653725329929
 -0.79842508030580706
 -1.5991690879766041
 -1.3368804419785105
 -0.36649726022122142
 0.37822660754836668
 0.75295605345903283
 0.99455926362965252
 0.87297365177105024
 0.69215891566839305
 -0.26519959097254148
 -1.1257136655416835
 -1.5751445245785289
 -1.4493709635995575
 -0.49645151502600482
 0.094245825128639826
 1.040843016266684
 0.96925136938056977
 0.93402885820795134
 0.89235480789739141
 -0.022251750734397037
 -0.95055913431292172
 -1.5183944210886935
 -1.5317490435766834
 -0.98574621887670111
 -0.049858050913958639
 0.85533156950925615
 1.4780897616558093
 1.5610855695779506
 1.0740109454649969
 0.12170855002937817
 -0.75565558286782664
 -0.89381114363436787
 -0.98893948579507385
 -1.156689939088303
 -0.30868170465518641
 0.65204957082277293
 0.85916763922364559
 1.5952915177924119
 0.77084575096264307
 0.26314020788366393
 -0.34065773071631095
 -1.3120892196538265
 -0.99998940073362763
 -0.81475126332711434
 -0.53117729062208363
 0.27201278160118081
 0.77667892647719483
 0.9977208422924585
 0.85441940454648735
 0.39910480840544516
 -0.32312503063441628
 -1.1668203627713425
 -1.5844213146416966
 -0.88964386792993688
 -0.464148139626821
 0.20934909698122281
 1.0848860255414638
 1.5642489983995427
 1.4723863320576012
 0.84284403508172012
 -0.059052735788742081
 -0.62331837253726197
 -0.95996331965004555
 -0.94605304094090492
 -0.93866757028764702
 -0.013044836429979863
 0.90454594423356471
 0.9372784230159209
 1.5471110029711486
 0.64350579279766673
 0.085074564858861945
 -0.80707811567802945
 -1.4555502625015035
 -0.98280681329679409
 -1.1151961586377703
 -0.15666183615691048
 0.7054128226039994
 1.4038849995502043
 1.5896925642435753
 0.74686444945741071
 0.36389494099378439
 -0.60007880746174169
 -1.3449183894812118
 -1.5986265291987838
 -0.79284699542711268
 -0.47523839362174797
 0.30726493315548692
 0.79934819172795746
 1.5992463322354782
 0.83470609031165577
 0.5841102189607249
 -0.23788258336530968
 -1.2063442038741483
 -0.9947179686701888
 -1.3955584522784645
 -0.68994419471445045
 0.16726305010571701
 1.1274573271333386
 0.98473363488519361
 0.90520569861137001
 0.79218989788241467
 -0.15323778008408839
 -1.0427067526477527
 -1.5514046127550147
 -0.9334795565583065
 -0.89031556740843354
 0.038057718549696355
 0.95253325253401155
 1.5191668402586562
 1.5310376950257969
 0.98381086977188703
 0.077320274164050018
 -0.53587862659085617
 -1.479028161039901
 -1.5605454547083062
 -1.0721895531382961
 -0.12018508648974423
 0.47363696438454206
 0.89449833060686224
 1.5819371051215989
 0.72186998516592915
 0.19141994114471486
 -0.65429120580400246
 -0.85995193962079575
 -0.99693837014674846
 -1.2317874990129689
 -0.26165925596843598
 0.34210026289422391
 0.82093309710364448
 0.99998115688567257
 0.81386045126370754
 0.52886036676970249
 -0.43758291479963091
 -1.2442315725813804
 -0.997823225944791
 -1.365793563917693
 -0.6363154187022142
 0.32552962088418913
 0.73031198170342548
 0.99047580032517601
 1.4223071652314476
 0.74046111142811433
 -0.21178330741235341
 -0.67918101253821317
 -0.9779770926331931
 -1.471423609139386
 -0.52547237649733447
 0.060584717496686646
 0.99922839698217869
 1.5366273701500459
 1.512887450069917
 0.93667787740373498
 0.018416355340855305
