# Created by Octave 8.4.0, Thu Dec 11 09:16:06 2025 IST <gamana@Samsung>
# name: iq
# type: matrix
# rows: 2048
# columns: 1
 1
 1.3078594828396464
 0.53812053356698397
 -0.26757933088703667
 -1.2380328641919807
 -1.5958393474565038
 -1.3708841653825465
 -0.64531547200634287
 0.31590671602424863
 0.72610466550790553
 0.98961189288312468
 1.4267791320635248
 0.749154243620751
 -0.126277206267076
 -1.0794599269865388
 -0.97667740455693652
 -0.92203355216466776
 -0.53068550131166847
 0.087129552871511723
 0.61971144815431445
 1.5338614353143079
 1.5160557123754062
 0.94462336461493135
 0.028237569029006
 -0.89845989908127566
 -0.93566355795921996
 -0.96810813435476473
 -0.64702319695337762
 -0.089661145336106474
 0.80070875678521836
 1.4524760082306365
 1.5738343944166753
 0.70029174263479022
 0.25793199830174945
 -0.43674579739516622
 -1.4003362637290069
 -0.99406909454407066
 -1.1998691200655591
 -0.23191544205296488
 0.59324349985372127
 0.83807101776911563
 0.99932172244443662
 1.2730311537826249
 0.48226757712003088
 -0.48460837377945815
 -1.2745171485087401
 -0.9993770622619782
 -0.8372327419467338
 -0.36935141386161252
 0.23340805554780536
 1.2014921398173009
 0.99423482618450487
 1.3991467513723621
 0.43536466339879998
 -0.26035514433353851
 -1.1222183919664672
 -0.98392175803403514
 -1.4514444112676728
 -0.49911366156833592
 0.14590334067373942
 1.0371081931070047
 1.549586390683374
 0.93512086019445517
 0.89642697852959907
 -0.030692720632091816
 -0.94660418569563576
 -0.94802428457192678
 -0.95822557211480941
 -0.98960994706451333
 -0.084677526592261687
 0.85117706439314356
 1.4762025206449945
 0.97634672945533696
 1.0776461366702739
 0.19960738160862385
 -0.46957695504264702
 -1.4278887287596094
 -1.5830241398668952
 -0.72504855459477169
 -0.19593694714062365
 0.64756169863859614
 0.85759296924080952
 1.5956604958378098
 0.77279742987957578
 0.26610024882900052
 -0.3377702626083236
 -0.81829530004591811
 -1.5999981156830194
 -1.3064434050785365
 -0.33487961217098988
 0.2690577826897263
 0.77474182782419287
 1.5960144402412222
 0.85601021937775568
 0.40191732837529215
 -0.19894598283625273
 -0.72715906615685566
 -1.583730187874117
 -0.8910413592107852
 -0.7469835946181913
 0.20447920255344562
 1.0812711747469574
 1.5632092467140242
 0.92143835717186395
 0.52938408740299536
 -0.089581373926153132
 -0.99346435156367885
 -0.95909896399592787
 -0.94704312407739244
 -0.58915019910744659
 -0.025782350915245302
 0.90049070340389226
 1.4979264829849168
 0.96772249425417678
 1.0333635987502012
 0.14101198650177535
 -0.8028337690747156
 -1.4535041840370972
 -1.5733902689753034
 -1.1187125453216173
 -0.25550824473790507
 0.70100144429140743
 0.87595154858681679
 1.590241634363269
 0.74890204634163549
 0.23042228230537098
 -0.37220208762835455
 -1.3422517113634902
 -1.5988224461252507
 -0.79471385035233399
 -0.29995352783086127
 0.48694802899415618
 0.79750008827622731
 1.5990880770408948
 0.83639249410950756
 0.36792477034572635
 -0.23490011927419616
 -0.7519452059868672
 -0.99439821600798184
 -1.397953943470734
 -0.43398250394614873
 0.16423604820363752
 1.1239673524482932
 1.5747115232512838
 1.4504093955780257
 0.79645307925676112
 -0.14834850514954179
 -0.64936051767992853
 -0.96887257281824157
 -1.4953215357592782
 -0.89439194653720289
 0.020717374963544161
 0.9485827771484161
 1.5176184254982497
 1.5324567842516537
 0.98767924615859148
 0.051390813039935278
 -0.8532553218283726
 -0.92321742549042496
 -0.97601375467033502
 -0.67239363004398134
 -0.19717076303546693
 0.47093140178253623
 0.89312185138248557
 1.5826655224717059
 1.1583851774480025
 0.19443173525695573
 -0.40612900000404117
 -1.373410104234061
 -1.595477885806406
 -1.2349159990320133
 -0.42339286399912501
 0.54274303384716516
 0.81917649590739106
 1.5999924627365161
 0.81564015632847064
 0.53349296334150065
 -0.27053560075472688
 -0.7757112907044148
 -0.99761610861221961
 -0.85521581914817602
 -0.64081846411529619
 0.32071967929718814
 0.72821175405807848
 1.5840776168231268
 0.89034366212641014
 0.46550699135830681
 -0.20691439345004181
 -1.0830798756853361
 -0.97733185259986799
 -0.92084099182663481
 -0.52808142658504087
 0.057520614988220711
 0.62211752879892024
 0.95953227186233259
 1.5144787156133672
 0.94065505223745149
 0.01457942004615246
 -0.90251938671410703
 -1.4987877450246943
 -0.96733457478367735
 -0.64467978024642647
 -0.086603630204167628
 0.80495689037258333
 1.4545289362652838
 0.98308902348526839
 1.1169556674162675
 0.25308388935089982
 -0.43950497600899546
 -0.87669086913002936
 -1.5899689718068784
 -1.1966146058900076
 -0.22892857982199954
 0.59780177786358013
 0.8397416454761244
 1.5987263704790462
 0.79378135772453473
 0.29848911345229245
 -0.30580408578331203
 -0.79842508030580706
 -1.5991690879766041
 -1.3368804419785105
 -0.36649726022122142
 0.23639162971772915
 1.2047296855344527
 1.5912948218074441
 1.3967578428336804
 0.69215891566839305
 -0.1657497443578384
 -0.70357104096355216
 -0.98446532786158059
 -1.4493709635995575
 -0.49645151502600482
 0.094245825128639826
 1.040843016266684
 1.5508021910089118
 1.4944461731327223
 0.89235480789739141
 -0.022251750734397037
 -0.95055913431292172
 -1.5183944210886935
 -1.5317490435766834
 -0.61609138679793818
 -0.049858050913958639
 0.85533156950925615
 1.4780897616558093
 0.97567848098621912
 0.67125684091562299
 0.12170855002937817
 -0.75565558286782664
 -0.89381114363436787
 -0.98893948579507385
 -1.156689939088303
 -0.30868170465518641
 0.65204957082277293
 0.85916763922364559
 0.99705719862025732
 0.77084575096264307
 0.26314020788366393
 -0.34065773071631095
 -0.82005576228364152
 -1.5999830411738043
 -1.303602021323383
 -0.33198580663880228
 0.43522045056188929
 1.2426862823635119
 1.5963533476679337
 0.85441940454648735
 0.63856769344871234
 -0.20195314414651017
 -1.1668203627713425
 -0.99026332165106024
 -1.4234301886878991
 -0.7426370234029136
 0.13084318561326425
 0.67805376596341482
 1.5642489983995427
 1.4723863320576012
 0.84284403508172012
 -0.059052735788742081
 -0.99730939605961921
 -0.95996331965004555
 -1.513684865505448
 -0.58666723142977939
 -0.013044836429979863
 0.90454594423356471
 1.4996454768254734
 0.96694437685696777
 1.0296092684762668
 0.085074564858861945
 -0.50442382229876837
 -0.90971891406343963
 -1.5724909012748707
 -0.69699759914860648
 -0.15666183615691048
 0.7054128226039994
 0.87742812471887766
 1.5896925642435753
 0.74686444945741071
 0.36389494099378439
 -0.37504925466358852
 -1.3449183894812118
 -1.5986265291987838
 -0.79284699542711268
 -0.29702399601359247
 0.49162389304877907
 0.79934819172795746
 1.5992463322354782
 1.3355297444986494
 0.5841102189607249
 -0.23788258336530968
 -0.75396512742134258
 -0.9947179686701888
 -1.3955584522784645
 -0.68994419471445045
 0.16726305010571701
 1.1274573271333386
 0.98473363488519361
 1.4483291177781921
 0.49511868617650917
 -0.15323778008408839
 -0.65169172040484546
 -0.96962788297188418
 -0.9334795565583065
 -0.55644722963027093
 0.038057718549696355
 0.59533328283375719
 1.5191668402586562
 1.5310376950257969
 0.98381086977188703
 0.077320274164050018
 -0.85740580254536991
 -0.92439260064993811
 -0.97534090919269134
 -1.0721895531382961
 -0.19229613838359078
 0.47363696438454206
 0.89449833060686224
 0.98871069070099926
 1.1549919762654868
 0.30627190583154379
 -0.65429120580400246
 -0.85995193962079575
 -1.5951013922347976
 -0.76986718688310551
 -0.26165925596843598
 0.54736042063075829
 1.3134929553658312
 1.5999698510170761
 1.3021767220219322
 0.52886036676970249
 -0.43758291479963091
 -0.77764473286336266
 -1.5965171615116658
 -0.85362097744855803
 -0.6363154187022142
 0.32552962088418913
 0.73031198170342548
 0.99047580032517601
 0.88894197826965471
 0.46278819464257143
 -0.21178330741235341
 -1.0866896200611411
 -1.5647633482131091
 -0.9196397557121162
 -0.84075580239573522
 0.060584717496686646
 0.99922839698217869
 1.5366273701500459
 1.512887450069917
 0.93667787740373498
 0.018416355340855305
 -0.90657037118891926
