# Created by Octave 8.4.0, Thu Dec 11 09:16:06 2025 IST <gamana@Samsung>
# name: iq
# type: matrix
# rows: 2048
# columns: 1
 1
 1.3078594828396464
 0.53812053356698397
 -0.42812692941925867
 -0.7737705401199878
 -1.5958393474565038
 -1.3708841653825465
 -0.64531547200634287
 0.19744169751515539
 0.72610466550790553
 0.98961189288312468
 1.4267791320635248
 0.749154243620751
 -0.126277206267076
 -1.0794599269865388
 -1.5626838472910984
 -0.92203355216466776
 -0.84909680209866956
 0.054455970544694823
 0.99153831704690321
 0.95866339707144232
 1.5160557123754062
 0.94462336461493135
 0.028237569029006
 -0.56153743692579727
 -0.93566355795921996
 -0.96810813435476473
 -0.64702319695337762
 -0.089661145336106474
 0.50044297299076146
 0.9077975051441477
 1.5738343944166753
 1.1204667882156645
 0.1612074989385934
 -0.69879327583226603
 -1.4003362637290069
 -0.99406909454407066
 -1.1998691200655591
 -0.23191544205296488
 0.59324349985372127
 1.3409136284305851
 1.5989147559110988
 1.2730311537826249
 0.48226757712003088
 -0.30288023361216132
 -1.2745171485087401
 -0.9993770622619782
 -1.3395723871147742
 -0.59096226217858006
 0.23340805554780536
 0.75093258738581303
 0.99423482618450487
 0.87446671960772626
 0.43536466339879998
 -0.16272196520846155
 -1.1222183919664672
 -0.98392175803403514
 -0.90715275704229548
 -0.49911366156833592
 0.091189587921087126
 1.0371081931070047
 0.96849149417710867
 1.4961933763111284
 0.89642697852959907
 -0.019182950395057383
 -0.59162761605977232
 -1.5168388553150829
 -0.95822557211480941
 -0.98960994706451333
 -0.084677526592261687
 0.85117706439314356
 1.4762025206449945
 1.5621547671285392
 0.67352883541892117
 0.19960738160862385
 -0.75132312806823531
 -0.89243045547475575
 -1.5830241398668952
 -0.72504855459477169
 -0.31349911542499787
 0.64756169863859614
 0.85759296924080952
 0.99728780989863108
 1.2364758878073214
 0.26610024882900052
 -0.54043242017331783
 -0.81829530004591811
 -1.5999981156830194
 -1.3064434050785365
 -0.33487961217098988
 0.43049245230356209
 1.2395869245187088
 0.99750902515076378
 1.3696163510044093
 0.64306772540046753
 -0.31831357253800441
 -1.1634545058509691
 -1.583730187874117
 -1.4256661747372563
 -0.7469835946181913
 0.1277995015959035
 1.0812711747469574
 0.97700577919626508
 0.92143835717186395
 0.84701453984479258
 -0.055988358703845706
 -0.99346435156367885
 -1.5345583423934848
 -0.94704312407739244
 -0.58915019910744659
 -0.016113969322028313
 0.56280668962743263
 1.4979264829849168
 1.5483559908066828
 0.64585224921887574
 0.088132491563609597
 -0.8028337690747156
 -1.4535041840370972
 -0.98336891810956462
 -1.1187125453216173
 -0.25550824473790507
 0.70100144429140743
 0.87595154858681679
 1.590241634363269
 1.1982432741466169
 0.36867565168859362
 -0.59552334020536735
 -1.3422517113634902
 -1.5988224461252507
 -1.2715421605637345
 -0.29995352783086127
 0.48694802899415618
 0.79750008827622731
 0.99943004815055925
 0.83639249410950756
 0.36792477034572635
 -0.37584019083871389
 -1.2031123295789876
 -0.99439821600798184
 -0.87372121466920871
 -0.43398250394614873
 0.16423604820363752
 1.1239673524482932
 1.5747115232512838
 1.4504093955780257
 0.79645307925676112
 -0.14834850514954179
 -0.64936051767992853
 -1.5501961165091867
 -0.93457595984954878
 -0.55899496658575176
 0.020717374963544161
 0.59286423571776004
 0.94851151593640592
 0.95778549015728354
 0.98767924615859148
 0.051390813039935278
 -0.8532553218283726
 -1.4771478807846801
 -0.97601375467033502
 -0.67239363004398134
 -0.12323172689716683
 0.75349024285205801
 1.4289949622119771
 1.5826655224717059
 1.1583851774480025
 0.3110907764111292
 -0.40612900000404117
 -1.373410104234061
 -1.595477885806406
 -1.2349159990320133
 -0.42339286399912501
 0.33921439615447818
 1.3106823934518257
 1.5999924627365161
 0.81564015632847064
 0.53349296334150065
 -0.27053560075472688
 -1.2411380651270638
 -0.99761610861221961
 -1.3683453106370818
 -0.40051154007206008
 0.32071967929718814
 0.72821175405807848
 0.99004851051445419
 1.4245498594022563
 0.7448111861732909
 -0.12932149590627612
 -0.67692492230333512
 -0.97733185259986799
 -0.92084099182663481
 -0.84493028253606539
 0.057520614988220711
 0.99538804607827247
 1.5352516349797323
 0.9465491972583544
 0.94065505223745149
 0.023327072073843935
 -0.90251938671410703
 -1.4987877450246943
 -1.5477353196538839
 -1.0314876483942823
 -0.086603630204167628
 0.50309805648286454
 1.4545289362652838
 1.5729424375764296
 0.69809729213516714
 0.15817743084431238
 -0.70320796161439281
 -0.87669086913002936
 -0.99373060737929897
 -0.74788412868125476
 -0.36628572771519929
 0.3736261111647376
 1.3435866327617991
 1.5987263704790462
 0.79378135772453473
 0.29848911345229245
 -0.30580408578331203
 -0.79842508030580706
 -0.99948067998537748
 -0.83555027623656908
 -0.58639561635395432
 0.23639162971772915
 1.2047296855344527
 0.99455926362965252
 1.3967578428336804
 0.69215891566839305
 -0.1657497443578384
 -1.1257136655416835
 -0.98446532786158059
 -0.90585685224972345
 -0.7943224240416078
 0.094245825128639826
 0.65052688516667745
 0.96925136938056977
 0.93402885820795134
 0.89235480789739141
 -0.022251750734397037
 -0.59409945894557603
 -1.5183944210886935
 -0.9573431522354271
 -0.61609138679793818
 -0.049858050913958639
 0.53458223094328505
 0.9238061010348807
 0.97567848098621912
 1.0740109454649969
 0.12170855002937817
 -0.47228473929239162
 -1.4300978298149887
 -0.98893948579507385
 -1.156689939088303
 -0.30868170465518641
 0.65204957082277293
 0.85916763922364559
 0.99705719862025732
 1.2333532015402291
 0.26314020788366393
 -0.34065773071631095
 -1.3120892196538265
 -0.99998940073362763
 -1.303602021323383
 -0.53117729062208363
 0.43522045056188929
 1.2426862823635119
 0.9977208422924585
 0.85441940454648735
 0.63856769344871234
 -0.32312503063441628
 -1.1668203627713425
 -1.5844213146416966
 -1.4234301886878991
 -0.7426370234029136
 0.20934909698122281
 0.67805376596341482
 1.5642489983995427
 0.92024145753600073
 0.84284403508172012
 -0.059052735788742081
 -0.62331837253726197
 -1.5359413114400731
 -0.94605304094090492
 -0.58666723142977939
 -0.020871738287967782
 0.90454594423356471
 0.9372784230159209
 0.96694437685696777
 1.0296092684762668
 0.13611930377417911
 -0.50442382229876837
 -1.4555502625015035
 -1.5724909012748707
 -0.69699759914860648
 -0.15666183615691048
 0.7054128226039994
 0.87742812471887766
 0.99355785265223451
 0.74686444945741071
 0.36389494099378439
 -0.60007880746174169
 -1.3449183894812118
 -1.5986265291987838
 -1.2685551926833805
 -0.29702399601359247
 0.49162389304877907
 1.2789571067647321
 0.99952895764717375
 1.3355297444986494
 0.5841102189607249
 -0.38061213338449551
 -0.75396512742134258
 -0.9947179686701888
 -1.3955584522784645
 -0.43121512169653153
 0.26762088016914726
 1.1274573271333386
 1.57557381581631
 0.90520569861137001
 0.79218989788241467
 -0.095773612552555232
 -1.0427067526477527
 -0.96962788297188418
 -0.9334795565583065
 -0.55644722963027093
 0.023786074093560219
 0.95253325253401155
 1.5191668402586562
 0.956898559391123
 0.98381086977188703
 0.077320274164050018
 -0.53587862659085617
 -0.92439260064993811
 -0.97534090919269134
 -1.0721895531382961
 -0.19229613838359078
 0.75781914301526732
 1.4311973289709796
 1.5819371051215989
 0.72186998516592915
 0.30627190583154379
 -0.40893200362750154
 -0.85995193962079575
 -1.5951013922347976
 -0.76986718688310551
 -0.41865480954949758
 0.34210026289422391
 0.82093309710364448
 0.99998115688567257
 1.3021767220219322
 0.52886036676970249
 -0.43758291479963091
 -0.77764473286336266
 -0.997823225944791
 -1.365793563917693
 -0.39769713668888385
 0.20345601305261818
 1.1684991707254808
 1.5847612805202818
 1.4223071652314476
 0.46278819464257143
 -0.21178330741235341
 -1.0866896200611411
 -0.9779770926331931
 -0.9196397557121162
 -0.84075580239573522
 0.09693554799469864
 0.99922839698217869
 1.5366273701500459
 0.94555465629369806
 0.58542367337733436
 0.018416355340855305
 -0.56660648199307451
