# Created by Octave 8.4.0, Thu Dec 11 09:47:23 2025 IST <gamana@Samsung>
# name: iq
# type: matrix
# rows: 2048
# columns: 1
 1
 0.60515314967079348
 -0.26757933088703645
 0.60515314967079337
 -0.85680260336409175
 0.036058340503170451
 -0.26757933088703667
 0.98679653937238487
 -0.7737705401199878
 -0.42010522672696088
 -0.97667740455693652
 -0.76197358843289098
 0.054455970544694823
 -0.66095491288473074
 0.94753482023462932
 0.31892536915557507
 -0.56153743692579583
 -0.9985576663829947
 0.72610466550790553
 0.89991984314001949
 0.9077975051441477
 0.98679653937238465
 0.1612074989385934
 -0.68814117224586857
 -0.99406909454407066
 0.17935501392598432
 0.37077718740857579
 0.9637408804343649
 -0.67466245436658678
 -0.00076736500861407635
 -0.97667740455693652
 -0.99590323237511935
 -0.36935141386161585
 0.51630187553582951
 0.99423482618450443
 0.6870267976200668
 -0.16272196520846155
 0.35361122716835897
 0.61971144815431445
 0.82788199261989504
 0.95866339707144232
 0.99847409117038255
 0.56026686158099936
 0.80666512125541268
 -0.94802428457192678
 -0.82702018425964863
 -0.052923454120163547
 -0.28527816079509682
 -0.56153743692579727
 0.41871200264625297
 -0.93566355795921996
 -0.98704394936000728
 -0.72504855459477169
 -0.84716133746730915
 0.85759296924080952
 -0.38640231949417558
 -0.089661145336106474
 0.2154614152901913
 -0.99999882230188708
 -0.60393062484249249
 0.9077975051441477
 0.92957295411873897
 0.98364649651042202
 0.88325162371234833
 0.70029174263479022
 0.45186966259101069
 0.1612074989385934
 -0.14452409467834526
 -0.43674579739516622
 0.7609787877609705
 -0.055988358703831516
 -0.82874185099002262
 -0.99406909454407066
 -0.91474828106395512
 -0.74991820004097443
 0.99863888959664804
 -0.23191544205296488
 0.072835130888845759
 0.37077718740857579
 0.634059560632665
 -0.15969265296119067
 0.9637408804343649
 0.99932172244443662
 0.51367074118915579
 0.79564447111414049
 -0.96414927247383364
 -0.79471385035234265
 -0.00076736500861407635
 0.79750008827622731
 0.9629172873478028
 0.36792477034572635
 -0.51761562011455653
 -0.99439821600798184
 -0.68591080477393629
 0.1642360482036235
 -0.63287203175829598
 0.906505872236266
 -0.071304391795586203
 0.23340805554780536
 0.51630187553582951
 0.75093258738581303
 0.91536727170487375
 0.94851151593640137
 0.98016283268951387
 0.87446671960772626
 0.68702679762006169
 -0.97601375467033502
 -0.41731779233287913
 0.47093140178253623
 -0.45323823806721858
 -0.70138649497904204
 -0.88397021715310997
 -0.98392175803403514
 -0.99189780074717793
 -0.26462053999945312
 -0.73760846374062494
 -0.49911366156833592
 -0.21396247916026584
 0.091189587921087126
 0.38781739206357746
 -0.85521581914818334
 -0.10493547390375864
 0.96849149417710867
 0.98629474709482945
 0.46550699135830681
 -0.42288870306631471
 -0.97733185259986499
 -0.75998219468248429
 -0.019182950395057383
 0.82959975734471325
 0.9465491972583544
 0.31601469873379551
 -0.94802428457192678
 -0.9998575018847834
 -0.64467978024643724
 0.21845776152962559
 0.90908058516579637
 0.8818081973056815
 0.15817743084431238
 0.25127553137023834
 -0.99373060737930219
 -0.51235335761857304
 0.3736261111647376
 0.96455539355974218
 0.97634672945533696
 0.86538522478011948
 -0.79842508030578996
 -0.96250208824059569
 0.1247546135053899
 0.5189281455033995
 0.99455926362965252
 0.68479319633608504
 -0.89243045547475575
 -0.9870439493600085
 -0.98939008741680945
 -0.89924955625485847
 -0.72504855459477169
 -0.48307112512406863
 -0.19593694714062365
 -0.32328573226248619
 -0.94899651318043343
 0.6621058348567973
 -0.049858050913987026
 0.97291362704571205
 0.97567848098621912
 0.92843705653776054
 -0.47228473929236653
 0.54491788372008809
 0.26610024882900052
 0.11256359432942846
 -0.3377702626083236
 0.92729241161337761
 0.26314020788369136
 -0.9537233602852011
 -0.99999882230188708
 -0.60148131058103105
 0.27201278160118081
 -0.60393062484248683
 -0.33487961217098988
 -0.034524566527187259
 -0.72926272673208903
 0.54748902268809918
 -0.46414813962684615
 0.92957295411873897
 0.99750902515076378
 0.75898381154481431
 0.85601021937775568
 0.65980243410195294
 0.40191732837529215
 -0.31455824529877263
 -0.19894598283625273
 -0.48575640675906639
 0.64350579279766673
 -0.21995516458155873
 -0.90971891406342786
 -0.88108336773961071
 -0.8910413592107852
 0.69147456057248458
 -0.46686474663636957
 0.51103476725282548
 -0.37504925466358852
 -0.96495924273552103
 -0.79284699542711268
 0.0053715297560473045
 0.97700577919626508
 0.9957632809772784
 0.36506888685045302
 0.7609787877609705
 0.52938408740299536
 0.24830337378897069
 0.16726305010568898
 -0.35504638522223064
 -0.62091521972729924
 0.20946266110028544
 -0.95909896399592787
 -0.9982092555350186
 -0.55644722963027093
 0.32473766826230821
 -0.58915019910744659
 -0.31747040782897623
 0.048325171352559641
 0.28674877834389367
 -0.97534090919269134
 0.7862542940161692
 0.47363696438451702
 0.99863888959664804
 0.96772249425417678
 -0.11408843738974658
 0.64585224921887574
 -0.92671681226430636
 -0.2616592559684634
 -0.21695984392310549
 -0.50177110567169725
 0.60025452691696923
 -0.27348932174976931
 -0.93126037583336918
 -0.85362097744857279
 -0.10188247042275954
 -0.69919534082601087
 -0.45050002278269863
 0.46278819464259663
 -0.42566819512619902
 -0.97797709263318722
 0.68925392602655566
 0.87595154858681679
 0.98076656270360296
 0.99390102147704307
 0.91412713582838767
 -0.56660648199307451
 0.51367074118914369
 -0.6423302896377806
 -0.074365698426512916
 0.9103551002125686
 0.88035646287310099
 0.15514587246881095
 -0.69258243610723424
 -0.99338275770275697
 -0.9409691150517755
 0.37647151477281421
 -0.57416995275079008
 -0.29995352783086127
 -0.0069062308541822806
 -0.80026942036837689
 0.57793347080836122
 -0.36363965359780637
 0.94251761959052915
 0.99943004815055925
 0.96291728734779902
 0.83639249410950756
 -0.88682375306288164
 -0.90455241285493049
 -0.20796173030008755
 0.65285502065077339
 -0.51761562011456874
 -0.7519452059868672
 -0.32618883937625204
 -0.94995980074298558
 -0.97985750431784746
 -0.87372121466920871
 0.76692062383185378
 0.97500104008487365
 -0.14148618368935256
 -0.47498807387394915
 0.4546057459877848
 -0.72080705811183032
 0.8846867284937584
 0.86073421449037835
 0.99170166301589102
 0.2601776877420115
 -0.61124433570766012
 0.49778317453547566
 0.21246303906392794
 -0.092717815718463617
 0.93181846452520023
 -0.64936051767992853
 -0.84878825808546021
 -0.96887257281824157
 -0.98552463682815961
 -0.46142715960880532
 0.42705643886636363
 0.97829625774311346
 -0.28233491333365301
 0.020717374963544161
 0.32183303479668407
 0.59286423571776004
 -0.31164311913308568
 0.94851151593640592
 0.99894025871852765
 0.64115327353555451
 0.82615642793918065
 -0.9109891421147539
 -0.87962748441830119
 -0.15362954335073706
 0.69368868033596887
 -0.53328457614273284
 0.5083939785619066
 -0.92321742549042496
 -0.99617609760654102
 -0.79097267063101617
 0.0084409156854071687
 0.80118876405724115
 -0.4173177923328662
 0.3622095638296921
 -0.52285837562992521
 0.47093140178253623
 -0.68143070381530291
 0.17028847612566869
 0.88753191917548446
 0.90389699651915167
 0.89857715128068705
 -0.65401678316449274
 -0.99802094220665827
 -0.55389425006308268
 0.3276392421862615
 -0.40612900000404117
 -0.66325519730728677
 -0.85838131514628802
 -0.76790462100639278
 -0.9746588744632797
 -0.41173115446567415
 -0.77182249939500824
 -0.54363038747502812
 0.71974243327150733
 0.039125630047652724
 0.33921439615447818
 0.60759392032490089
 0.81917649590739106
 0.95418370796813667
 0.99999528921032244
 0.59779672096999548
 -0.27644046604345041
 -0.93237435841533678
 0.3334331020884379
 0.032990711232170816
 0.73240532865648289
 -0.5487726593549993
 -0.7757112907044148
 -0.93013761930787031
 -0.99761610861221961
 -0.75597794531356421
 0.063648249201443158
 -0.65864840122301938
 0.94455120671081727
 0.31018445326869876
 0.20044979956074258
 0.4870973329339145
 0.72821175405807848
 0.9012540563331356
