# Created by Octave 8.4.0, Thu Dec 11 09:47:23 2025 IST <gamana@Samsung>
# name: iq
# type: matrix
# rows: 2048
# columns: 1
 1
 0.95326076620586331
 0.81741217677477895
 0.60515314967079337
 -0.85680260336409175
 -0.10798748872685082
 0.72610466550790553
 -0.54620409646762802
 0.46822140226297015
 -0.42010522672696088
 -0.97667740455693652
 -0.97255769945533388
 0.054455970544694823
 -0.66095491288473074
 0.94753482023462932
 0.31892536915557507
 -0.56153743692579583
 -0.9985576663829947
 -0.64702319695337762
 0.2154614152901913
 0.9077975051441477
 0.88325162371234833
 0.89173695753970295
 -0.68814117224586857
 0.46822140226296938
 -0.51498691486160741
 0.37077718740857579
 0.9637408804343649
 0.7956444711141426
 -0.00076736500861407635
 -0.79657321781796042
 -0.96333021840326272
 -0.92203355216466776
 0.51630187553582951
 -0.53068550131166847
 -0.24978974675651788
 -0.16272196520846155
 -0.88397021715310997
 -0.90715275704229548
 0.82788199261989504
 0.64819262069187789
 0.99847409117038255
 0.94753482023462876
 -0.32037957928655297
 0.59038960288433207
 0.31892536915557335
 -0.052923454120163547
 -0.28527816079509682
 0.97634672945533696
 -0.7853050539592259
 -0.93566355795921996
 -0.99855766638299481
 -0.72504855459477169
 0.10951311640544466
 -0.64702319695337762
 -0.38640231949417558
 0.26610024882900735
 -0.60637424912365256
 0.50044297299076146
 -0.60393062484249249
 0.9077975051441477
 0.92957295411873897
 0.85601021937775568
 0.10646160669493715
 0.70029174263479022
 -0.98654680508791737
 0.1612074989385934
 0.42149746129340016
 0.97700577919626364
 0.7609787877609705
 -0.055988358703831516
 -0.98046585238934292
 -0.94704312407739244
 -0.31747040782898966
 -0.74991820004097443
 0.99863888959664804
 0.64585224921887574
 0.072835130888845759
 -0.90844011502317967
 -0.88253094986404579
 -0.15969265296119067
 0.68925392602654534
 0.99932172244443662
 0.51367074118915579
 0.79564447111414049
 0.57542581511072144
 0.30141723570001927
 0.0023020932183935843
 0.79750008827622731
 -0.57668032211486553
 0.36792477034572635
 -0.94200366979757377
 -0.9993770622619782
 -0.68591080477393629
 -0.8372327419467338
 -0.63287203175829598
 -0.36935141386161252
 -0.071304391795586203
 0.23340805554780536
 -0.99838816415566489
 0.75093258738581303
 0.32183303479668407
 0.94851151593640137
 0.98016283268951387
 0.87446671960772626
 -0.76395780318866069
 -0.97601375467033502
 0.14300530760092806
 -0.16272196520846155
 0.98728903446803762
 -0.70138649497904204
 -0.88397021715310997
 -0.85838131514628069
 -0.92786582682140761
 -0.90715275704229548
 0.60759392032488957
 0.99999528921032244
 0.60270667751827289
 0.091189587921087126
 -0.93013761930787031
 0.64819262069187789
 0.84797579643587995
 0.72821175405807848
 0.99847409117038255
 0.46550699135830681
 0.78435396419772463
 -0.97733185259986499
 -0.75998219468248429
 0.057520614988206521
 0.82959975734471325
 0.9465491972583544
 -0.80757120990081976
 -0.94802428457192678
 -0.9998575018847834
 -0.95822557211480941
 0.21845776152962559
 -0.61850621691532082
 0.8818081973056815
 -0.052923454120163547
 -0.69036505634113388
 0.53198566524571467
 -0.51235335761857304
 0.3736261111647376
 0.96455539355974218
 0.97634672945533696
 -0.0038368160058314137
 -0.79842508030578996
 -0.96250208824059569
 0.1247546135053899
 0.5189281455033995
 0.99455926362965252
 -0.71439393018262132
 -0.1657497443578384
 -0.9870439493600085
 -0.90585685224972345
 -0.21096309853294973
 -0.72504855459477169
 -0.48307112512406863
 -0.19593694714062365
 0.10951311640544466
 0.40472606164912256
 -0.82529072569298034
 -0.049858050913987026
 0.76494721259890497
 0.97567848098621912
 0.41592259907073292
 0.77279742987957578
 0.54491788372008809
 -0.72293121193018939
 -0.037592029547473621
 -0.3377702626083236
 0.92729241161337761
 -0.81829530004591811
 -0.6088121604017056
 -0.99999882230188708
 -0.60148131058103105
 0.27201278160118081
 0.93070009365436368
 -0.33487961217098988
 -0.034524566527187259
 0.2690577826897263
 -0.98604036598681322
 0.77474182782419287
 0.4242789487687742
 0.99750902515076378
 0.75898381154481431
 -0.059052735788742081
 0.65980243410195294
 0.40191732837529215
 0.10646160669493009
 0.5653412151459779
 -0.48575640675906639
 0.64350579279766673
 -0.21995516458155873
 -0.98983136742132305
 -0.98654680508791737
 -0.15666183615691048
 -0.71224273251685499
 0.99355785265223773
 -0.17784495966932298
 0.1277995015959035
 0.42149746129340659
 -0.79284699542711268
 0.0053715297560473045
 0.79934819172794036
 0.96208462205960266
 0.92143835717186395
 -0.52023944861085925
 0.52938408740299536
 -0.68367397493892357
 -0.055988358703845706
 -0.35504638522223064
 0.90520569861137001
 0.20946266110028544
 -0.95909896399592787
 -0.99980097558199144
 -0.55644722963027093
 -0.8057571325940257
 -0.58915019910744659
 -0.31747040782897623
 0.048325171352559641
 -0.76593482025537174
 0.56280668962743263
 -0.41452642614610541
 0.47363696438451702
 0.99863888959664804
 0.7218699851659488
 -0.11408843738974658
 -0.85995193962079575
 0.38498633679420874
 -0.2616592559684634
 -0.21695984392310549
 -0.50177110567169725
 -0.73967757338202433
 -0.90844011502318567
 -0.93126037583336918
 -0.85362097744857279
 -0.10188247042275954
 0.73031198170342548
 -0.45050002278269863
 0.46278819464259663
 -0.42566819512619902
 0.43812590268212964
 0.68925392602655566
 0.060584717496686646
 0.98076656270360296
 0.94555465629370727
 0.31310105095444601
 0.74890204634163549
 -0.99886844535843011
 -0.6423302896377806
 -0.074365698426512916
 -0.37220208762835455
 0.88035646287310099
 0.15514587246881095
 -0.69258243610723424
 -0.99926402882828158
 -0.50971497319771586
 0.37647151477281421
 -0.57416995275079008
 -0.29995352783086127
 -0.0069062308541822806
 -0.80026942036837689
 0.57793347080836122
 -0.36363965359780637
 0.52154952634828522
 0.99943004815055925
 0.68255314321866201
 -0.16877596188281066
 -0.88682375306288164
 0.36792477034572635
 0.069773484752231343
 0.65285502065077339
 0.99811627435049122
 -0.7519452059868672
 -0.9159841062931755
 -0.94995980074298558
 -0.97985750431784746
 -0.87372121466920871
 0.76692062383185378
 -0.43398250394614873
 0.4131292768474466
 0.16423604820363752
 0.4546057459877848
 0.70247959528018322
 0.11561301172658989
 0.86073421449037835
 0.99170166301589102
 0.906505872236266
 -0.61124433570766012
 0.49778317453547566
 0.21246303906392794
 -0.092717815718463617
 -0.38923155116934799
 -0.64936051767992853
 -0.84878825808546021
 -0.73135951650067665
 -0.99838816415566412
 -0.93457595984954878
 -0.78340102697185532
 0.97829625774311346
 -0.28233491333365301
 0.020717374963544161
 -0.83216174413215693
 -0.94505404449062247
 -0.31164311913308568
 0.94851151593640592
 0.99894025871852765
 0.64115327353555451
 -0.22294841291494655
 -0.9109891421147539
 -0.87962748441830119
 -0.15362954335073706
 0.69368868033596887
 -0.53328457614273284
 0.5083939785619066
 -0.92321742549042496
 -0.99617609760654102
 -0.97601375467033502
 0.0084409156854071687
 0.80118876405724115
 -0.4173177923328662
 -0.12323172689716683
 -0.52285837562992521
 0.47093140178253623
 0.71546700626009307
 0.89312185138248557
 0.88753191917548446
 0.90389699651915167
 0.89857715128068705
 -0.65401678316449274
 0.48172677598880875
 0.19443173525695573
 -0.1110384861372592
 0.95043808879258174
 0.82268196381360825
 -0.85838131514628802
 -0.76790462100639278
 -0.99717367862900375
 -0.41173115446567415
 0.47633806457826483
 0.98824611464094247
 -0.26462053999945312
 0.039125630047652724
 0.33921439615447818
 0.60759392032490089
 -0.25869550669401586
 0.95418370796813667
 0.99995760315919946
 0.59779672096999548
 0.81564015632847064
 -0.93237435841533678
 0.3334331020884379
 -0.098828507048008718
 0.73240532865648289
 -0.5487726593549993
 -0.7757112907044148
 -0.42844367671940398
 -0.97861311857772648
 -0.97183897284212029
 0.063648249201443158
 -0.65864840122301938
 0.94455120671081727
 -0.10493547390374451
 -0.56913300896187546
 0.4870973329339145
 -0.63997474726332781
