# Created by Octave 8.4.0, Thu Dec 11 09:47:23 2025 IST <gamana@Samsung>
# name: iq
# type: matrix
# rows: 2048
# columns: 1
 1
 0.95326076620586331
 -0.26757933088703645
 -0.92900609941698054
 0.336325333479365
 0.036058340503170451
 -0.26757933088703667
 -0.54620409646762802
 0.46822140226297015
 -0.42010522672696088
 -0.99739959216031482
 -0.97255769945533388
 -0.85680260336409153
 0.82788199261989504
 -0.40332217000396425
 0.31892536915557507
 -0.56153743692579583
 0.48441433643541743
 -0.64702319695337762
 0.2154614152901913
 0.9077975051441477
 0.98679653937238465
 0.1612074989385934
 0.71331917142438028
 0.46822140226296938
 -0.51498691486160741
 0.37077718740857579
 0.9637408804343649
 -0.67466245436658678
 -0.00076736500861407635
 -0.79657321781796042
 -0.96333021840326272
 -0.36935141386161585
 -0.76197358843289098
 -0.53068550131166847
 0.6870267976200668
 -0.16272196520846155
 -0.88397021715310997
 -0.90715275704229548
 -0.21396247916027278
 0.64819262069187789
 0.99847409117038255
 0.56026686158099936
 0.80666512125541268
 -0.94802428457192678
 0.31892536915557335
 -0.052923454120163547
 0.76296659435509484
 -0.56153743692579727
 -0.7853050539592259
 -0.93566355795921996
 -0.98704394936000728
 -0.96810813435476473
 0.10951311640544466
 0.85759296924080952
 -0.38640231949417558
 -0.089661145336106474
 -0.60637424912365256
 0.50044297299076146
 -0.60393062484249249
 0.9077975051441477
 0.9920916021661278
 0.85601021937775568
 0.88325162371234833
 0.70029174263479022
 -0.98654680508791737
 0.1612074989385934
 -0.14452409467834526
 0.97700577919626364
 -0.68814117224586857
 -0.055988358703831516
 -0.82874185099002262
 -0.99406909454407066
 -0.31747040782898966
 0.56280668962743263
 -0.51498691486160741
 0.64585224921887574
 0.072835130888845759
 0.37077718740857579
 0.634059560632665
 -0.15969265296119067
 0.68925392602654534
 0.99390102147704307
 0.51367074118915579
 -0.37220208762835455
 -0.96414927247383364
 -0.79471385035234265
 -0.00076736500861407635
 -0.30288023361216132
 -0.57668032211486553
 0.36792477034572635
 -0.51761562011455653
 -0.99439821600798184
 -0.96333021840326272
 -0.8372327419467338
 -0.63287203175829598
 -0.36935141386161252
 0.21246303906394182
 -0.64936051767992853
 -0.99838816415566489
 -0.55899496658575176
 0.32183303479668407
 0.99423482618450487
 0.98016283268951387
 0.051390813039935278
 0.68702679762006169
 0.43536466339879998
 0.14300530760092806
 0.47093140178253623
 -0.45323823806721858
 -0.70138649497904204
 -0.1110384861372592
 -0.85838131514628069
 -0.92786582682140761
 -0.26462053999945312
 0.60759392032488957
 0.99999528921032244
 -0.21396247916026584
 -0.27053560075471322
 -0.93013761930787031
 -0.85521581914818334
 0.84797579643587995
 0.72821175405807848
 0.99847409117038255
 0.93512086019445517
 -0.42288870306631471
 -0.97733185259986499
 -0.75998219468248429
 0.057520614988206521
 0.82959975734471325
 -0.59162761605977232
 0.31601469873379551
 -0.56407461669631687
 -0.99871776062003026
 -0.64467978024643724
 0.21845776152962559
 0.90908058516579637
 -0.35217523621993413
 -0.052923454120163547
 -0.69036505634113388
 0.53198566524571467
 0.76296659435509939
 0.3736261111647376
 0.99604083802624588
 0.97634672945533696
 -0.0038368160058314137
 0.67352883541892117
 0.41871200264625297
 -0.36649726022122142
 -0.18086464573051755
 -0.46957695504264702
 -0.71439393018262132
 -0.1657497443578384
 -0.9870439493600085
 -0.90585685224972345
 -0.89924955625485847
 0.65052688516665591
 0.99829988554123306
 0.55772175493586962
 -0.32328573226248619
 -0.94899651318043343
 -0.82529072569298034
 -0.049858050913987026
 0.76494721259890497
 0.97567848098621912
 0.92843705653776054
 -0.47228473929236653
 -0.98753179411920244
 -0.72293121193018939
 0.11256359432942846
 -0.3377702626083236
 0.92729241161337761
 0.26314020788369136
 -0.9537233602852011
 -0.99999882230188708
 -0.9527959268197127
 0.27201278160118081
 0.93070009365436368
 0.85441940454650211
 -0.034524566527187259
 -0.72926272673208903
 0.54748902268809918
 -0.46414813962684615
 0.92957295411873897
 0.99750902515076378
 0.75898381154481431
 0.85601021937775568
 -0.83045570966328242
 0.40191732837529215
 -0.31455824529877263
 0.5653412151459779
 -0.48575640675906639
 -0.72715906615685566
 -0.21995516458155873
 -0.90971891406342786
 -0.98654680508791737
 -0.8910413592107852
 -0.71224273251685499
 -0.46686474663636957
 0.51103476725282548
 0.1277995015959035
 -0.96495924273552103
 0.6757944842168484
 0.0053715297560473045
 0.79934819172794036
 0.9957632809772784
 0.36506888685045302
 0.7609787877609705
 -0.9947179686701888
 0.24830337378897069
 0.16726305010568898
 0.88611349812894491
 0.90520569861137001
 0.20946266110028544
 -0.65169172040482393
 -0.99980097558199144
 -0.94704312407739244
 0.32473766826230821
 -0.58915019910744659
 0.82442307956011951
 0.048325171352559641
 0.28674877834389367
 0.56280668962743263
 -0.41452642614610541
 0.93620405186557298
 0.99863888959664804
 0.7218699851659488
 -0.11408843738974658
 0.64585224921887574
 0.38498633679420874
 -0.2616592559684634
 -0.21695984392310549
 0.99998115688567257
 0.60025452691696923
 -0.27348932174976931
 -0.99228306681626133
 -0.98336891810956462
 -0.10188247042275954
 -0.69919534082601087
 0.98578366236304771
 0.46278819464259663
 0.14604254134424832
 -0.97797709263318722
 -0.75798364069952995
 0.060584717496686646
 0.98076656270360296
 0.94555465629370727
 0.31310105095444601
 0.74890204634163549
 -0.99886844535843011
 0.23042228230537098
 -0.074365698426512916
 -0.37220208762835455
 0.88035646287310099
 0.15514587246881095
 -0.96414927247383364
 -0.99926402882828158
 -0.9409691150517755
 -0.79471385035233399
 -0.57416995275079008
 -0.29995352783086127
 -0.0069062308541822806
 0.3043425181213476
 -0.96166488978812192
 -0.36363965359780637
 0.94251761959052915
 0.99487433075577603
 0.68255314321866201
 0.83639249410950756
 0.63168301221953482
 0.36792477034572635
 -0.20796173030008755
 -0.23490011927419616
 0.99811627435049122
 -0.7519452059868672
 -0.9159841062931755
 -0.99439821600798184
 -0.97985750431784746
 -0.87372121466920871
 -0.68591080477393629
 -0.43398250394614873
 0.4131292768474466
 0.16423604820363752
 -0.98801033476922906
 -0.72080705811183032
 0.8846867284937584
 0.86073421449037835
 0.92613903012995313
 0.906505872236266
 -0.61124433570766012
 0.49778317453547566
 0.21246303906392794
 0.27496521772261423
 -0.38923155116934799
 -0.64936051767992853
 0.10035560692400715
 -0.96887257281824157
 -0.98552463682815961
 -0.93457595984954878
 -0.78340102697185532
 0.97829625774311346
 0.75698168450242054
 0.020717374963544161
 0.32183303479668407
 -0.94505404449062247
 0.80847539639604582
 0.5678704142573785
 0.99988223247719876
 0.95778549015728354
 -0.22294841291494655
 0.61729952884911965
 -0.87962748441830119
 0.051390813039935278
 -0.25276072413051021
 -0.53328457614273284
 0.5083939785619066
 -0.37789288814250754
 -0.99617609760654102
 -0.79097267063101617
 0.0084409156854071687
 -0.67239363004398134
 0.9612428924147971
 -0.12323172689716683
 -0.52285837562992521
 0.47093140178253623
 0.71546700626009307
 0.17028847612566869
 0.98728903446803762
 0.98916595154481612
 0.89857715128068705
 0.72399073590500151
 -0.99802094220665827
 0.19443173525695573
 0.3276392421862615
 -0.40612900000404117
 -0.66325519730728677
 -0.85838131514628802
 -0.76790462100639278
 -0.9746588744632797
 -0.92786582682140228
 0.47633806457826483
 0.98824611464094247
 0.71974243327150733
 0.039125630047652724
 0.33921439615447818
 0.60759392032490089
 -0.25869550669401586
 0.61245826520808466
 0.99999528921032244
 0.95232884322163303
 -0.27644046604345041
 -0.93237435841533678
 -0.85201809329117661
 -0.098828507048008718
 -0.27053560075472688
 -0.5487726593549993
 0.46006503773119856
 -0.42844367671940398
 -0.99761610861221961
 -0.75597794531356421
 0.063648249201443158
 -0.65864840122301938
 -0.40051154007206008
 -0.10493547390374451
 0.20044979956074258
 -0.99900971917850867
 -0.63997474726332781
