# Created by Octave 8.4.0, Thu Dec 11 09:47:23 2025 IST <gamana@Samsung>
# name: iq
# type: matrix
# rows: 2048
# columns: 1
 1
 0.60515314967079348
 0.81741217677477895
 -0.92900609941698054
 0.336325333479365
 0.036058340503170451
 -0.26757933088703667
 0.98679653937238487
 -0.7737705401199878
 -0.42010522672696088
 -0.97667740455693652
 -0.97255769945533388
 0.054455970544694823
 -0.66095491288473074
 0.94753482023462932
 -0.10798748872685082
 0.19744169751515539
 -0.9985576663829947
 -0.64702319695337762
 0.2154614152901913
 0.98961189288312468
 0.88325162371234833
 0.89173695753970295
 0.71331917142438028
 -0.99406909454407066
 -0.51498691486160741
 0.37077718740857579
 -0.42010522672696088
 0.7956444711141426
 -0.86615326963267925
 -0.97667740455693652
 -0.99590323237511935
 -0.36935141386161585
 -0.76197358843289098
 -0.53068550131166847
 0.6870267976200668
 -0.16272196520846155
 -0.88397021715310997
 -0.90715275704229548
 -0.21396247916027278
 0.95866339707144232
 0.99847409117038255
 0.94753482023462876
 -0.32037957928655297
 -0.94802428457192678
 -0.82702018425964863
 -0.052923454120163547
 0.76296659435509484
 -0.56153743692579727
 0.41871200264625297
 -0.46957695504264702
 -0.99855766638299481
 -0.96810813435476473
 -0.84716133746730915
 0.85759296924080952
 -0.38640231949417558
 0.26610024882900735
 -0.60637424912365256
 -0.99999882230188708
 -0.60393062484249249
 0.26905778268971947
 0.9920916021661278
 0.98364649651042202
 0.88325162371234833
 -0.72715906615685078
 0.45186966259101069
 -0.46686474663636957
 0.42149746129340016
 0.97700577919626364
 -0.68814117224586857
 -0.055988358703831516
 -0.82874185099002262
 -0.99406909454407066
 -0.31747040782898966
 -0.74991820004097443
 -0.51498691486160741
 -0.23191544205296488
 -0.21695984392310549
 -0.90844011502317967
 -0.88253094986404579
 0.83807101776911563
 0.9637408804343649
 0.99932172244443662
 0.51367074118915579
 -0.37220208762835455
 -0.96414927247383364
 0.30141723570001927
 -0.00076736500861407635
 -0.30288023361216132
 0.9629172873478028
 0.36792477034572635
 -0.51761562011455653
 -0.99439821600798184
 -0.96333021840326272
 -0.8372327419467338
 0.8846867284937584
 0.906505872236266
 0.21246303906394182
 0.23340805554780536
 -0.99838816415566489
 0.75093258738581303
 0.91536727170487375
 0.99423482618450487
 0.82615642793918065
 0.87446671960772626
 -0.76395780318866069
 0.43536466339879998
 0.14300530760092806
 0.47093140178253623
 0.98728903446803762
 -0.70138649497904204
 -0.88397021715310997
 -0.98392175803403514
 -0.99189780074717793
 -0.26462053999945312
 0.60759392032488957
 0.99999528921032244
 0.60270667751827289
 0.091189587921087126
 0.38781739206357746
 -0.85521581914818334
 -0.10493547390375864
 0.96849149417710867
 0.99847409117038255
 0.46550699135830681
 -0.42288870306631471
 -0.97733185259986499
 0.28380687130319676
 0.057520614988206521
 0.82959975734471325
 0.9465491972583544
 -0.80757120990081976
 -0.56407461669631687
 -0.99871776062003026
 -0.95822557211480941
 -0.82702018425964863
 0.90908058516579637
 0.8818081973056815
 -0.052923454120163547
 0.25127553137023834
 -0.99373060737930219
 0.76296659435509939
 0.92262657540312143
 0.99604083802624588
 0.97634672945533696
 0.86538522478011948
 0.67352883541892117
 -0.96250208824059569
 -0.36649726022122142
 0.5189281455033995
 0.99455926362965252
 -0.71439393018262132
 -0.1657497443578384
 -0.9870439493600085
 -0.90585685224972345
 -0.89924955625485847
 -0.72504855459477169
 0.99829988554123306
 -0.19593694714062365
 -0.32328573226248619
 -0.94899651318043343
 0.6621058348567973
 -0.049858050913987026
 0.76494721259890497
 0.97567848098621912
 0.41592259907073292
 0.77279742987957578
 0.54491788372008809
 -0.72293121193018939
 0.11256359432942846
 0.85916763922364559
 -0.60637424912365256
 -0.81829530004591811
 -0.6088121604017056
 -0.99998940073362763
 -0.60148131058103105
 -0.81652712817408524
 0.93070009365436368
 -0.33487961217098988
 0.10340909394795389
 0.2690577826897263
 0.54748902268809918
 -0.46414813962684615
 0.4242789487687742
 0.99750902515076378
 0.9721994811062209
 0.85601021937775568
 -0.83045570966328242
 -0.94605304094091414
 0.10646160669493009
 0.5653412151459779
 0.99879427926736775
 0.64350579279766673
 -0.90058801035737768
 -0.90971891406342786
 -0.98654680508791737
 -0.8910413592107852
 0.69147456057248458
 -0.46686474663636957
 -0.17784495966932298
 0.1277995015959035
 0.42149746129340659
 -0.79284699542711268
 0.86691927435109684
 0.79934819172794036
 0.9957632809772784
 0.36506888685045302
 0.7609787877609705
 -0.9947179686701888
 0.24830337378897069
 -0.055988358703845706
 0.88611349812894491
 -0.62091521972729924
 0.20946266110028544
 -0.95909896399592787
 -0.9982092555350186
 -0.55644722963027093
 0.32473766826230821
 -0.58915019910744659
 0.82442307956011951
 0.048325171352559641
 0.28674877834389367
 0.56280668962743263
 -0.41452642614610541
 0.47363696438451702
 0.98777222774170659
 0.7218699851659488
 0.84634488309812139
 0.64585224921887574
 -0.92671681226430636
 0.088132491563609597
 -0.21695984392310549
 -0.50177110567169725
 -0.73967757338202433
 -0.90844011502318567
 -0.99228306681626133
 -0.98336891810956462
 -0.88253094986404579
 0.73031198170342548
 0.98578366236304771
 -0.15969265296119067
 0.14604254134424832
 -0.97797709263318722
 0.68925392602655566
 0.87595154858681679
 0.83130970592959941
 0.99390102147704307
 0.31310105095444601
 0.74890204634163549
 0.51367074118914369
 -0.6423302896377806
 -0.074365698426512916
 0.9103551002125686
 0.88035646287310099
 0.15514587246881095
 -0.69258243610723424
 -0.99338275770275697
 -0.50971497319771586
 0.37647151477281421
 -0.57416995275079008
 0.79191076566087004
 0.0023020932183935843
 -0.80026942036837689
 -0.96166488978812192
 0.79750008827622731
 0.52154952634828522
 0.99487433075577603
 0.96291728734779902
 -0.16877596188281066
 -0.88682375306288164
 0.36792477034572635
 -0.20796173030008755
 0.65285502065077339
 0.99811627435049122
 -0.7519452059868672
 -0.9159841062931755
 -0.94995980074298558
 -0.97985750431784746
 -0.87372121466920871
 0.76692062383185378
 0.97500104008487365
 -0.14148618368935256
 -0.47498807387394915
 -0.98801033476922906
 0.70247959528018322
 0.8846867284937584
 0.86073421449037835
 0.92613903012995313
 0.2601776877420115
 -0.61124433570766012
 -0.99997055768587484
 -0.59902632941566003
 0.27496521772261423
 0.93181846452520023
 -0.64936051767992853
 0.10035560692400715
 -0.73135951650067665
 -0.98552463682815961
 -0.93457595984954878
 0.42705643886636363
 -0.55899496658575176
 0.75698168450242054
 0.020717374963544161
 -0.83216174413215693
 0.59286423571776004
 0.80847539639604582
 0.94851151593640592
 0.99894025871852765
 0.95778549015728354
 -0.22294841291494655
 -0.9109891421147539
 -0.87962748441830119
 -0.15362954335073706
 0.69368868033596887
 -0.53328457614273284
 0.5083939785619066
 -0.37789288814250754
 -0.96576012155713209
 -0.97601375467033502
 -0.86461514160246733
 -0.67239363004398134
 0.9612428924147971
 -0.12323172689716683
 0.18237385152714947
 -0.99502834951811658
 0.71546700626009307
 0.89312185138248557
 0.98728903446803762
 0.98916595154481612
 0.89857715128068705
 0.72399073590500151
 0.48172677598880875
 -0.55389425006308268
 -0.1110384861372592
 0.95043808879258174
 -0.66325519730728677
 0.045259074365704664
 -0.97326726303900257
 -0.99717367862900375
 -0.92786582682140228
 -0.77182249939500824
 0.98824611464094247
 0.71974243327150733
 -0.11713731374898172
 0.33921439615447818
 -0.92555906657122378
 -0.25869550669401586
 0.95418370796813667
 0.99995760315919946
 0.59779672096999548
 0.81564015632847064
 0.60270667751827289
 -0.85201809329117661
 -0.098828507048008718
 -0.27053560075472688
 -0.5487726593549993
 -0.7757112907044148
 -0.42844367671940398
 -0.99761610861221961
 -0.97183897284212029
 0.063648249201443158
 0.83301182226409876
 0.94455120671081727
 -0.10493547390374451
 -0.56913300896187546
 -0.99900971917850867
 -0.63997474726332781
 0.22444425114614314
