# Created by Octave 8.4.0, Thu Dec 11 09:47:23 2025 IST <gamana@Samsung>
# name: iq
# type: matrix
# rows: 2048
# columns: 1
 1
 0.60515314967079348
 -0.26757933088703645
 0.60515314967079337
 -0.85680260336409175
 0.036058340503170451
 -0.26757933088703667
 0.98679653937238487
 -0.7737705401199878
 -0.92900609941698054
 -0.99739959216031482
 -0.76197358843289098
 -0.85680260336409153
 0.82788199261989504
 -0.40332217000396425
 0.31892536915557507
 0.19744169751515539
 -0.9985576663829947
 -0.64702319695337762
 0.89991984314001949
 0.9077975051441477
 0.98679653937238465
 0.1612074989385934
 0.71331917142438028
 0.46822140226296938
 -0.51498691486160741
 -0.126277206267076
 -0.42010522672696088
 -0.67466245436658678
 -0.00076736500861407635
 -0.97667740455693652
 -0.96333021840326272
 -0.92203355216466776
 0.51630187553582951
 -0.53068550131166847
 0.6870267976200668
 0.054455970544694823
 0.35361122716835897
 0.61971144815431445
 -0.21396247916027278
 0.64819262069187789
 0.99847409117038255
 0.94753482023462876
 0.80666512125541268
 0.59038960288433207
 0.31892536915557335
 0.017648480643128749
 0.76296659435509484
 -0.56153743692579727
 0.41871200264625297
 -0.46957695504264702
 -0.98704394936000728
 -0.96810813435476473
 0.10951311640544466
 -0.64702319695337762
 -0.38640231949417558
 -0.089661145336106474
 -0.60637424912365256
 0.50044297299076146
 -0.60393062484249249
 0.26905778268971947
 0.9920916021661278
 0.98364649651042202
 0.88325162371234833
 -0.72715906615685078
 -0.98654680508791737
 -0.46686474663636957
 0.42149746129340016
 -0.43674579739516622
 -0.68814117224586857
 -0.055988358703831516
 -0.82874185099002262
 -0.99406909454407066
 -0.31747040782898966
 -0.74991820004097443
 -0.51498691486160741
 0.64585224921887574
 -0.21695984392310549
 0.37077718740857579
 -0.88253094986404579
 -0.15969265296119067
 0.9637408804343649
 0.99390102147704307
 0.51367074118915579
 0.79564447111414049
 0.57542581511072144
 -0.79471385035234265
 0.0023020932183935843
 -0.30288023361216132
 -0.57668032211486553
 -0.79657321781796253
 -0.51761562011455653
 -0.99439821600798184
 -0.68591080477393629
 0.1642360482036235
 0.8846867284937584
 -0.36935141386161252
 -0.071304391795586203
 0.23340805554780536
 -0.99838816415566489
 0.75093258738581303
 0.32183303479668407
 0.99423482618450487
 0.82615642793918065
 0.051390813039935278
 0.68702679762006169
 0.43536466339879998
 0.14300530760092806
 -0.16272196520846155
 -0.45323823806721858
 -0.70138649497904204
 -0.1110384861372592
 -0.98392175803403514
 -0.99189780074717793
 -0.26462053999945312
 -0.73760846374062494
 -0.49911366156833592
 -0.21396247916026584
 -0.27053560075471322
 -0.93013761930787031
 0.64819262069187789
 0.84797579643587995
 0.72821175405807848
 0.99847409117038255
 0.46550699135830681
 0.78435396419772463
 -0.97733185259986499
 0.28380687130319676
 0.057520614988206521
 -0.32037957928655969
 0.9465491972583544
 -0.80757120990081976
 -0.56407461669631687
 -0.99871776062003026
 -0.95822557211480941
 -0.82702018425964863
 -0.61850621691532082
 -0.35217523621993413
 0.15817743084431238
 -0.69036505634113388
 -0.99373060737930219
 -0.51235335761857304
 0.92262657540312143
 0.96455539355974218
 0.97634672945533696
 0.86538522478011948
 0.67352883541892117
 -0.96250208824059569
 0.1247546135053899
 0.5189281455033995
 -0.46957695504264702
 0.68479319633608504
 -0.89243045547475575
 -0.88540115604661895
 -0.98939008741680945
 -0.89924955625485847
 0.65052688516665591
 0.99829988554123306
 -0.19593694714062365
 0.10951311640544466
 0.40472606164912256
 -0.82529072569298034
 0.85759296924080952
 0.76494721259890497
 0.97567848098621912
 0.92843705653776054
 -0.47228473929236653
 -0.98753179411920244
 0.26610024882900052
 0.11256359432942846
 0.85916763922364559
 -0.60637424912365256
 0.26314020788369136
 -0.9537233602852011
 -0.99999882230188708
 -0.60148131058103105
 0.27201278160118081
 -0.60393062484248683
 0.85441940454650211
 -0.034524566527187259
 0.2690577826897263
 0.54748902268809918
 0.77474182782419287
 0.92957295411873897
 0.99750902515076378
 0.9721994811062209
 -0.059052735788742081
 -0.83045570966328242
 -0.94605304094091414
 -0.31455824529877263
 -0.19894598283625273
 -0.48575640675906639
 0.64350579279766673
 -0.90058801035737768
 -0.98983136742132305
 -0.98654680508791737
 -0.15666183615691048
 -0.71224273251685499
 0.99355785265223773
 -0.17784495966932298
 -0.37504925466358852
 -0.96495924273552103
 -0.79284699542711268
 0.86691927435109684
 0.97700577919626508
 0.96208462205960266
 0.36506888685045302
 0.7609787877609705
 -0.9947179686701888
 0.24830337378897069
 -0.055988358703845706
 -0.35504638522223064
 -0.62091521972729924
 -0.82874185099002262
 -0.65169172040482393
 -0.99980097558199144
 -0.94704312407739244
 0.32473766826230821
 -0.58915019910744659
 0.82442307956011951
 0.048325171352559641
 -0.76593482025537174
 0.56280668962743263
 -0.41452642614610541
 0.93620405186557298
 0.99863888959664804
 0.7218699851659488
 -0.11408843738974658
 0.64585224921887574
 -0.92671681226430636
 -0.2616592559684634
 -0.21695984392310549
 0.99998115688567257
 0.60025452691696923
 -0.27348932174976931
 -0.93126037583336918
 -0.98336891810956462
 -0.88253094986404579
 -0.69919534082601087
 -0.45050002278269863
 0.46278819464259663
 -0.42566819512619902
 -0.97797709263318722
 0.68925392602655566
 0.87595154858681679
 0.98076656270360296
 0.99390102147704307
 0.91412713582838767
 -0.56660648199307451
 -0.99886844535843011
 -0.6423302896377806
 -0.074365698426512916
 0.9103551002125686
 -0.63524559604554065
 -0.83890731960218134
 -0.96414927247383364
 -0.99338275770275697
 -0.9409691150517755
 -0.79471385035233399
 0.96536081904994131
 0.79191076566087004
 -0.0069062308541822806
 0.3043425181213476
 -0.96166488978812192
 0.79750008827622731
 0.94251761959052915
 0.99487433075577603
 0.68255314321866201
 0.83639249410950756
 -0.88682375306288164
 0.36792477034572635
 -0.20796173030008755
 0.65285502065077339
 0.99811627435049122
 0.55517139367099122
 -0.9159841062931755
 -0.94995980074298558
 -0.97985750431784746
 -0.046792177966206036
 0.76692062383185378
 -0.43398250394614873
 0.4131292768474466
 0.16423604820363752
 0.4546057459877848
 0.70247959528018322
 0.11561301172658989
 0.86073421449037835
 0.92613903012995313
 0.906505872236266
 0.73657130166022011
 0.49778317453547566
 0.21246303906392794
 -0.092717815718463617
 0.93181846452520023
 0.85282053973501504
 0.10035560692400715
 -0.73135951650067665
 -0.99838816415566412
 -0.46142715960880532
 -0.78340102697185532
 0.97829625774311346
 -0.28233491333365301
 0.020717374963544161
 0.32183303479668407
 0.59286423571776004
 -0.31164311913308568
 0.5678704142573785
 0.99894025871852765
 0.95778549015728354
 -0.22294841291494655
 0.61729952884911965
 0.35073841575927878
 -0.15362954335073706
 -0.25276072413051021
 0.99320532294327812
 0.5083939785619066
 -0.37789288814250754
 -0.99617609760654102
 -0.97601375467033502
 -0.86461514160246733
 -0.67239363004398134
 -0.4173177923328662
 -0.12323172689716683
 -0.52285837562992521
 0.47093140178253623
 -0.68143070381530291
 0.89312185138248557
 0.88753191917548446
 0.90389699651915167
 0.89857715128068705
 0.72399073590500151
 -0.99802094220665827
 0.19443173525695573
 0.3276392421862615
 0.95043808879258174
 -0.66325519730728677
 0.045259074365704664
 -0.76790462100639278
 -0.9746588744632797
 -0.41173115446567415
 -0.77182249939500824
 0.98824611464094247
 -0.26462053999945312
 0.039125630047652724
 0.33921439615447818
 -0.92555906657122378
 0.81917649590739106
 0.61245826520808466
 0.99999528921032244
 0.59779672096999548
 -0.27644046604345041
 0.60270667751827289
 0.3334331020884379
 -0.098828507048008718
 0.73240532865648289
 -0.5487726593549993
 0.46006503773119856
 -0.93013761930787031
 -0.99761610861221961
 -0.75597794531356421
 0.063648249201443158
 -0.65864840122301938
 0.94455120671081727
 -0.10493547390374451
 0.20044979956074258
 -0.99900971917850867
 0.72821175405807848
