# Created by Octave 8.4.0, Thu Dec 11 09:47:23 2025 IST <gamana@Samsung>
# name: iq
# type: matrix
# rows: 2048
# columns: 1
 1
 0.60515314967079348
 0.81741217677477895
 -0.92900609941698054
 0.336325333479365
 -0.10798748872685082
 -0.26757933088703667
 0.98679653937238487
 0.46822140226297015
 -0.42010522672696088
 -0.97667740455693652
 -0.97255769945533388
 0.054455970544694823
 0.82788199261989504
 0.94753482023462932
 -0.10798748872685082
 -0.56153743692579583
 0.48441433643541743
 0.72610466550790553
 0.89991984314001949
 0.9077975051441477
 0.98679653937238465
 0.89173695753970295
 -0.68814117224586857
 0.46822140226296938
 0.17935501392598432
 0.37077718740857579
 0.9637408804343649
 -0.67466245436658678
 -0.00076736500861407635
 -0.79657321781796042
 -0.96333021840326272
 -0.36935141386161585
 -0.76197358843289098
 0.99423482618450443
 0.6870267976200668
 -0.16272196520846155
 -0.88397021715310997
 0.61971144815431445
 -0.21396247916027278
 0.64819262069187789
 0.99983041623178193
 0.94753482023462876
 0.80666512125541268
 -0.94802428457192678
 0.31892536915557335
 0.017648480643128749
 0.76296659435509484
 -0.56153743692579727
 -0.7853050539592259
 -0.93566355795921996
 -0.98704394936000728
 -0.72504855459477169
 0.10951311640544466
 -0.64702319695337762
 -0.38640231949417558
 0.26610024882900735
 -0.60637424912365256
 0.50044297299076146
 0.73864388846083573
 0.9077975051441477
 0.92957295411873897
 0.85601021937775568
 0.88325162371234833
 -0.72715906615685078
 -0.98654680508791737
 -0.46686474663636957
 -0.14452409467834526
 -0.43674579739516622
 -0.68814117224586857
 -0.8752101648306293
 -0.98046585238934292
 -0.94704312407739244
 -0.91474828106395512
 -0.74991820004097443
 0.99863888959664804
 -0.23191544205296488
 0.072835130888845759
 -0.90844011502317967
 -0.88253094986404579
 0.83807101776911563
 0.9637408804343649
 0.99932172244443662
 0.94148750121272873
 0.79564447111414049
 -0.96414927247383364
 0.30141723570001927
 0.0023020932183935843
 -0.30288023361216132
 0.9629172873478028
 0.36792477034572635
 -0.51761562011455653
 -0.99439821600798184
 -0.96333021840326272
 0.1642360482036235
 0.8846867284937584
 -0.36935141386161252
 -0.071304391795586203
 -0.64936051767992853
 0.51630187553582951
 -0.55899496658575176
 0.32183303479668407
 0.94851151593640137
 0.98016283268951387
 0.051390813039935278
 -0.76395780318866069
 0.43536466339879998
 0.14300530760092806
 0.47093140178253623
 -0.45323823806721858
 -0.70138649497904204
 -0.88397021715310997
 -0.98392175803403514
 -0.99189780074717793
 -0.90715275704229548
 -0.73760846374062494
 0.99999528921032244
 0.60270667751827289
 0.091189587921087126
 0.38781739206357746
 -0.85521581914818334
 -0.10493547390375864
 0.96849149417710867
 0.99847409117038255
 0.46550699135830681
 0.78435396419772463
 0.56026686158099936
 -0.75998219468248429
 -0.019182950395057383
 0.82959975734471325
 -0.59162761605977232
 -0.80757120990081976
 -0.94802428457192678
 -0.9998575018847834
 -0.64467978024643724
 0.21845776152962559
 0.90908058516579637
 -0.35217523621993413
 0.15817743084431238
 -0.69036505634113388
 0.53198566524571467
 -0.51235335761857304
 0.3736261111647376
 0.96455539355974218
 0.79378135772453473
 0.86538522478011948
 0.67352883541892117
 -0.96250208824059569
 -0.36649726022122142
 0.5189281455033995
 0.99455926362965252
 0.68479319633608504
 -0.89243045547475575
 -0.9870439493600085
 -0.90585685224972345
 -0.21096309853294973
 -0.72504855459477169
 -0.48307112512406863
 -0.19593694714062365
 -0.32328573226248619
 0.40472606164912256
 0.6621058348567973
 0.85759296924080952
 0.97291362704571205
 0.99728780989863108
 0.92843705653776054
 0.77279742987957578
 -0.98753179411920244
 0.26610024882900052
 0.11256359432942846
 -0.3377702626083236
 -0.60637424912365256
 0.26314020788369136
 -0.9537233602852011
 -0.99998940073362763
 -0.60148131058103105
 -0.81652712817408524
 0.93070009365436368
 -0.33487961217098988
 0.10340909394795389
 -0.72926272673208903
 0.54748902268809918
 0.77474182782419287
 0.4242789487687742
 0.97765562399971406
 0.9721994811062209
 -0.059052735788742081
 -0.83045570966328242
 -0.94605304094091414
 -0.31455824529877263
 -0.19894598283625273
 0.99879427926736775
 -0.72715906615685566
 -0.90058801035737768
 -0.98983136742132305
 -0.88108336773961071
 -0.15666183615691048
 -0.71224273251685499
 0.99355785265223773
 0.51103476725282548
 0.1277995015959035
 -0.96495924273552103
 0.6757944842168484
 0.86691927435109684
 0.97700577919626508
 0.9957632809772784
 0.36506888685045302
 -0.52023944861085925
 -0.9947179686701888
 0.24830337378897069
 0.16726305010568898
 -0.35504638522223064
 0.90520569861137001
 -0.82874185099002262
 -0.95909896399592787
 -0.99980097558199144
 -0.55644722963027093
 0.32473766826230821
 -0.58915019910744659
 0.82442307956011951
 -0.016113969322028313
 -0.76593482025537174
 0.56280668962743263
 0.7862542940161692
 0.47363696438451702
 0.98777222774170659
 0.96772249425417678
 -0.11408843738974658
 0.64585224921887574
 -0.92671681226430636
 -0.2616592559684634
 0.61002896648465676
 0.99998115688567257
 0.60025452691696923
 -0.27348932174976931
 -0.93126037583336918
 -0.85362097744857279
 -0.88253094986404579
 0.73031198170342548
 0.98578366236304771
 -0.15969265296119067
 0.14604254134424832
 -0.97797709263318722
 0.68925392602655566
 0.87595154858681679
 0.98076656270360296
 0.94555465629370727
 0.91412713582838767
 0.74890204634163549
 0.51367074118914369
 0.23042228230537098
 -0.074365698426512916
 0.9103551002125686
 0.88035646287310099
 -0.83890731960218134
 -0.69258243610723424
 -0.99926402882828158
 -0.9409691150517755
 -0.79471385035233399
 -0.57416995275079008
 0.79191076566087004
 -0.0069062308541822806
 0.3043425181213476
 -0.96166488978812192
 -0.36363965359780637
 0.52154952634828522
 0.99487433075577603
 0.96291728734779902
 0.83639249410950756
 -0.88682375306288164
 0.36792477034572635
 0.069773484752231343
 -0.23490011927419616
 0.99811627435049122
 0.55517139367099122
 -0.9159841062931755
 -0.99439821600798184
 -0.97985750431784746
 -0.87372121466920871
 -0.68591080477393629
 0.97500104008487365
 -0.14148618368935256
 0.16423604820363752
 -0.98801033476922906
 -0.72080705811183032
 0.8846867284937584
 0.86073421449037835
 0.99170166301589102
 0.2601776877420115
 0.73657130166022011
 -0.99997055768587484
 -0.59902632941566003
 0.27496521772261423
 -0.38923155116934799
 -0.64936051767992853
 0.10035560692400715
 -0.73135951650067665
 -0.98552463682815961
 -0.93457595984954878
 0.42705643886636363
 -0.55899496658575176
 0.75698168450242054
 -0.06211655650361627
 0.32183303479668407
 -0.94505404449062247
 -0.31164311913308568
 0.94851151593640592
 0.99988223247719876
 0.95778549015728354
 0.82615642793918065
 -0.9109891421147539
 0.35073841575927878
 -0.15362954335073706
 -0.25276072413051021
 -0.53328457614273284
 -0.7639578031886699
 -0.37789288814250754
 -0.99617609760654102
 -0.97601375467033502
 -0.86461514160246733
 -0.67239363004398134
 0.9612428924147971
 -0.12323172689716683
 0.18237385152714947
 -0.99502834951811658
 -0.68143070381530291
 0.17028847612566869
 0.88753191917548446
 0.90389699651915167
 0.20646030966758724
 0.72399073590500151
 -0.99802094220665827
 -0.55389425006308268
 0.3276392421862615
 -0.40612900000404117
 -0.66325519730728677
 -0.85838131514628802
 -0.76790462100639278
 -0.99717367862900375
 -0.92786582682140228
 -0.77182249939500824
 0.98824611464094247
 0.71974243327150733
 0.039125630047652724
 0.33921439615447818
 0.60759392032490089
 0.81917649590739106
 0.61245826520808466
 0.99999528921032244
 0.95232884322163303
 0.81564015632847064
 -0.93237435841533678
 -0.85201809329117661
 0.032990711232170816
 0.73240532865648289
 0.98526328999226143
 -0.7757112907044148
 -0.42844367671940398
 -0.97861311857772648
 -0.97183897284212029
 -0.85521581914817602
 -0.65864840122301938
 0.94455120671081727
 -0.10493547390374451
 -0.56913300896187546
 -0.99900971917850867
 -0.63997474726332781
