# Created by Octave 8.4.0, Thu Dec 11 09:47:23 2025 IST <gamana@Samsung>
# name: iq
# type: matrix
# rows: 2048
# columns: 1
 1
 0.95326076620586331
 -0.26757933088703645
 0.60515314967079337
 -0.85680260336409175
 0.036058340503170451
 -0.26757933088703667
 0.98679653937238487
 -0.7737705401199878
 -0.92900609941698054
 -0.97667740455693652
 -0.97255769945533388
 -0.85680260336409153
 0.82788199261989504
 -0.40332217000396425
 0.31892536915557507
 -0.56153743692579583
 0.48441433643541743
 0.72610466550790553
 0.2154614152901913
 0.9077975051441477
 0.98679653937238465
 0.1612074989385934
 0.71331917142438028
 0.46822140226296938
 0.17935501392598432
 -0.126277206267076
 -0.42010522672696088
 -0.67466245436658678
 -0.86615326963267925
 -0.97667740455693652
 -0.96333021840326272
 -0.36935141386161585
 0.51630187553582951
 -0.53068550131166847
 0.6870267976200668
 0.054455970544694823
 -0.88397021715310997
 0.61971144815431445
 -0.21396247916027278
 0.95866339707144232
 0.99847409117038255
 0.94753482023462876
 0.80666512125541268
 -0.94802428457192678
 -0.82702018425964863
 0.017648480643128749
 0.76296659435509484
 0.97634672945533696
 -0.7853050539592259
 -0.46957695504264702
 -0.99855766638299481
 -0.72504855459477169
 -0.84716133746730915
 -0.64702319695337762
 0.92843705653776321
 0.26610024882900735
 -0.60637424912365256
 0.50044297299076146
 -0.60393062484249249
 0.26905778268971947
 0.92957295411873897
 0.85601021937775568
 0.10646160669493715
 -0.72715906615685078
 0.45186966259101069
 -0.46686474663636957
 -0.14452409467834526
 -0.43674579739516622
 0.7609787877609705
 -0.8752101648306293
 -0.82874185099002262
 -0.99406909454407066
 -0.91474828106395512
 0.56280668962743263
 0.99863888959664804
 -0.23191544205296488
 0.072835130888845759
 -0.90844011502317967
 0.634059560632665
 -0.15969265296119067
 0.68925392602654534
 0.99932172244443662
 0.94148750121272873
 -0.37220208762835455
 0.57542581511072144
 -0.79471385035234265
 0.0023020932183935843
 0.79750008827622731
 0.9629172873478028
 -0.79657321781796253
 -0.94200366979757377
 -0.99439821600798184
 -0.96333021840326272
 -0.8372327419467338
 0.8846867284937584
 -0.36935141386161252
 -0.071304391795586203
 0.23340805554780536
 0.51630187553582951
 -0.55899496658575176
 0.32183303479668407
 0.99423482618450487
 0.82615642793918065
 0.87446671960772626
 -0.76395780318866069
 -0.97601375467033502
 0.14300530760092806
 0.47093140178253623
 -0.45323823806721858
 0.72399073590501128
 -0.1110384861372592
 -0.98392175803403514
 -0.92786582682140761
 -0.26462053999945312
 0.60759392032488957
 0.99999528921032244
 0.60270667751827289
 -0.27053560075471322
 0.38781739206357746
 0.64819262069187789
 0.84797579643587995
 0.72821175405807848
 0.99847409117038255
 0.46550699135830681
 -0.42288870306631471
 -0.97733185259986499
 0.28380687130319676
 0.057520614988206521
 0.82959975734471325
 0.9465491972583544
 0.31601469873379551
 -0.94802428457192678
 -0.99871776062003026
 -0.64467978024643724
 0.21845776152962559
 0.90908058516579637
 0.8818081973056815
 -0.052923454120163547
 0.25127553137023834
 0.53198566524571467
 -0.51235335761857304
 0.92262657540312143
 0.96455539355974218
 0.79378135772453473
 -0.0038368160058314137
 -0.79842508030578996
 -0.96250208824059569
 0.1247546135053899
 -0.18086464573051755
 -0.46957695504264702
 -0.71439393018262132
 -0.89243045547475575
 -0.9870439493600085
 -0.90585685224972345
 -0.21096309853294973
 0.65052688516665591
 0.99829988554123306
 0.55772175493586962
 -0.32328573226248619
 -0.94899651318043343
 0.6621058348567973
 -0.049858050913987026
 0.97291362704571205
 0.97567848098621912
 0.41592259907073292
 -0.47228473929236653
 -0.98753179411920244
 0.26610024882900052
 -0.037592029547473621
 0.85916763922364559
 0.92729241161337761
 0.26314020788369136
 -0.9537233602852011
 -0.99999882230188708
 -0.9527959268197127
 -0.81652712817408524
 -0.60393062484248683
 -0.33487961217098988
 -0.034524566527187259
 -0.72926272673208903
 0.54748902268809918
 0.77474182782419287
 0.92957295411873897
 0.97765562399971406
 0.9721994811062209
 0.85601021937775568
 0.65980243410195294
 -0.94605304094091414
 0.10646160669493009
 -0.19894598283625273
 -0.48575640675906639
 0.64350579279766673
 -0.90058801035737768
 -0.98983136742132305
 -0.88108336773961071
 -0.15666183615691048
 0.69147456057248458
 0.99355785265223773
 -0.17784495966932298
 0.1277995015959035
 0.42149746129340659
 -0.79284699542711268
 0.0053715297560473045
 0.97700577919626508
 0.9957632809772784
 0.36506888685045302
 0.7609787877609705
 0.52938408740299536
 0.24830337378897069
 -0.055988358703845706
 0.88611349812894491
 0.90520569861137001
 -0.82874185099002262
 -0.65169172040482393
 -0.99980097558199144
 -0.55644722963027093
 -0.8057571325940257
 -0.58915019910744659
 -0.31747040782897623
 0.048325171352559641
 0.28674877834389367
 0.56280668962743263
 0.7862542940161692
 0.47363696438451702
 0.98777222774170659
 0.7218699851659488
 0.84634488309812139
 0.64585224921887574
 0.38498633679420874
 0.088132491563609597
 -0.21695984392310549
 0.99998115688567257
 0.60025452691696923
 -0.90844011502318567
 -0.93126037583336918
 -0.85362097744857279
 -0.10188247042275954
 0.73031198170342548
 -0.45050002278269863
 -0.15969265296119067
 0.14604254134424832
 -0.97797709263318722
 0.68925392602655566
 0.060584717496686646
 0.98076656270360296
 0.94555465629370727
 0.91412713582838767
 -0.56660648199307451
 0.51367074118914369
 0.23042228230537098
 0.22145204955192735
 0.9103551002125686
 -0.63524559604554065
 0.15514587246881095
 -0.69258243610723424
 -0.99926402882828158
 -0.50971497319771586
 -0.79471385035233399
 -0.57416995275079008
 -0.29995352783086127
 0.0023020932183935843
 -0.80026942036837689
 0.57793347080836122
 -0.36363965359780637
 0.52154952634828522
 0.99487433075577603
 0.96291728734779902
 -0.16877596188281066
 -0.88682375306288164
 -0.90455241285493049
 -0.20796173030008755
 0.65285502065077339
 0.99811627435049122
 -0.7519452059868672
 -0.9159841062931755
 -0.99439821600798184
 -0.97985750431784746
 -0.046792177966206036
 -0.68591080477393629
 -0.43398250394614873
 -0.14148618368935256
 0.16423604820363752
 -0.98801033476922906
 -0.72080705811183032
 0.8846867284937584
 0.98419470203205239
 0.99170166301589102
 0.906505872236266
 -0.61124433570766012
 0.49778317453547566
 0.21246303906392794
 -0.092717815718463617
 -0.38923155116934799
 0.85282053973501504
 0.10035560692400715
 -0.73135951650067665
 -0.98552463682815961
 -0.46142715960880532
 -0.78340102697185532
 -0.55899496658575176
 -0.28233491333365301
 0.020717374963544161
 -0.83216174413215693
 -0.94505404449062247
 -0.31164311913308568
 0.94851151593640592
 0.99894025871852765
 0.64115327353555451
 0.82615642793918065
 -0.9109891421147539
 -0.87962748441830119
 -0.15362954335073706
 0.69368868033596887
 0.99320532294327812
 -0.7639578031886699
 -0.92321742549042496
 -0.96576012155713209
 -0.97601375467033502
 0.0084409156854071687
 -0.67239363004398134
 0.9612428924147971
 0.3622095638296921
 -0.52285837562992521
 0.47093140178253623
 0.71546700626009307
 0.89312185138248557
 0.88753191917548446
 0.90389699651915167
 0.89857715128068705
 -0.65401678316449274
 -0.99802094220665827
 -0.55389425006308268
 0.3276392421862615
 0.95043808879258174
 -0.66325519730728677
 -0.85838131514628802
 -0.76790462100639278
 -0.9746588744632797
 -0.41173115446567415
 -0.77182249939500824
 -0.54363038747502812
 0.71974243327150733
 0.039125630047652724
 0.33921439615447818
 -0.92555906657122378
 0.81917649590739106
 0.61245826520808466
 0.99999528921032244
 0.95232884322163303
 -0.27644046604345041
 0.60270667751827289
 -0.85201809329117661
 -0.098828507048008718
 0.73240532865648289
 0.98526328999226143
 -0.7757112907044148
 -0.93013761930787031
 -0.97861311857772648
 -0.97183897284212029
 -0.85521581914817602
 0.83301182226409876
 0.94455120671081727
 0.31018445326869876
 0.20044979956074258
 -0.99900971917850867
 -0.63997474726332781
