# Created by Octave 8.4.0, Thu Dec 11 09:47:23 2025 IST <gamana@Samsung>
# name: iq
# type: matrix
# rows: 2048
# columns: 1
 1
 0.60515314967079348
 -0.26757933088703645
 0.60515314967079337
 0.336325333479365
 -0.10798748872685082
 0.72610466550790553
 -0.54620409646762802
 -0.7737705401199878
 -0.92900609941698054
 -0.99739959216031482
 -0.76197358843289098
 0.054455970544694823
 0.82788199261989504
 0.94753482023462932
 0.31892536915557507
 -0.56153743692579583
 -0.9985576663829947
 -0.64702319695337762
 0.89991984314001949
 0.9077975051441477
 0.88325162371234833
 0.89173695753970295
 0.71331917142438028
 -0.99406909454407066
 0.17935501392598432
 -0.126277206267076
 -0.42010522672696088
 -0.67466245436658678
 -0.86615326963267925
 -0.97667740455693652
 -0.96333021840326272
 -0.36935141386161585
 -0.76197358843289098
 0.99423482618450443
 -0.24978974675651788
 -0.16272196520846155
 -0.88397021715310997
 -0.90715275704229548
 0.82788199261989504
 0.64819262069187789
 0.99983041623178193
 0.94753482023462876
 0.80666512125541268
 -0.94802428457192678
 0.31892536915557335
 -0.052923454120163547
 0.76296659435509484
 0.97634672945533696
 0.41871200264625297
 -0.46957695504264702
 -0.98704394936000728
 -0.72504855459477169
 0.10951311640544466
 0.85759296924080952
 0.92843705653776321
 0.26610024882900735
 0.2154614152901913
 -0.99999882230188708
 0.73864388846083573
 0.26905778268971947
 0.9920916021661278
 0.85601021937775568
 0.10646160669493715
 0.70029174263479022
 -0.98654680508791737
 -0.46686474663636957
 -0.14452409467834526
 0.97700577919626364
 0.7609787877609705
 -0.8752101648306293
 -0.82874185099002262
 -0.99406909454407066
 -0.31747040782898966
 -0.74991820004097443
 -0.51498691486160741
 -0.23191544205296488
 -0.21695984392310549
 0.37077718740857579
 -0.88253094986404579
 -0.15969265296119067
 0.9637408804343649
 0.99390102147704307
 0.94148750121272873
 0.79564447111414049
 0.57542581511072144
 -0.79471385035234265
 0.0023020932183935843
 -0.30288023361216132
 -0.57668032211486553
 0.36792477034572635
 -0.94200366979757377
 -0.9993770622619782
 -0.96333021840326272
 -0.8372327419467338
 -0.63287203175829598
 0.906505872236266
 -0.071304391795586203
 0.23340805554780536
 -0.99838816415566489
 0.75093258738581303
 0.32183303479668407
 0.99423482618450487
 0.98016283268951387
 0.051390813039935278
 0.68702679762006169
 0.43536466339879998
 0.14300530760092806
 0.47093140178253623
 -0.45323823806721858
 -0.70138649497904204
 -0.1110384861372592
 -0.85838131514628069
 -0.99189780074717793
 -0.26462053999945312
 -0.73760846374062494
 0.99999528921032244
 -0.21396247916026584
 -0.27053560075471322
 0.38781739206357746
 -0.85521581914818334
 0.84797579643587995
 0.96849149417710867
 0.98629474709482945
 0.46550699135830681
 0.78435396419772463
 0.56026686158099936
 0.28380687130319676
 0.057520614988206521
 -0.32037957928655969
 -0.59162761605977232
 0.31601469873379551
 -0.94802428457192678
 -0.9998575018847834
 -0.64467978024643724
 -0.82702018425964863
 0.90908058516579637
 -0.35217523621993413
 -0.052923454120163547
 -0.69036505634113388
 0.53198566524571467
 0.76296659435509939
 0.92262657540312143
 0.96455539355974218
 0.97634672945533696
 -0.0038368160058314137
 -0.79842508030578996
 0.41871200264625297
 -0.36649726022122142
 0.5189281455033995
 0.99455926362965252
 0.68479319633608504
 -0.89243045547475575
 -0.9870439493600085
 -0.98939008741680945
 -0.89924955625485847
 0.65052688516665591
 0.99829988554123306
 0.55772175493586962
 -0.32328573226248619
 -0.94899651318043343
 -0.82529072569298034
 -0.049858050913987026
 0.97291362704571205
 0.99728780989863108
 0.92843705653776054
 -0.47228473929236653
 -0.98753179411920244
 -0.72293121193018939
 -0.037592029547473621
 0.85916763922364559
 0.92729241161337761
 0.26314020788369136
 -0.6088121604017056
 -0.99998940073362763
 -0.60148131058103105
 0.27201278160118081
 -0.60393062484248683
 -0.33487961217098988
 0.10340909394795389
 0.2690577826897263
 -0.98604036598681322
 0.77474182782419287
 0.92957295411873897
 0.97765562399971406
 0.9721994811062209
 0.85601021937775568
 0.65980243410195294
 -0.94605304094091414
 0.10646160669493009
 0.5653412151459779
 -0.48575640675906639
 0.64350579279766673
 -0.90058801035737768
 -0.98983136742132305
 -0.98654680508791737
 -0.15666183615691048
 0.69147456057248458
 -0.46686474663636957
 0.51103476725282548
 0.1277995015959035
 0.42149746129340659
 0.6757944842168484
 0.0053715297560473045
 0.97700577919626508
 0.96208462205960266
 0.92143835717186395
 0.7609787877609705
 -0.9947179686701888
 -0.68367397493892357
 -0.055988358703845706
 -0.35504638522223064
 -0.62091521972729924
 -0.82874185099002262
 -0.95909896399592787
 -0.99980097558199144
 -0.55644722963027093
 0.32473766826230821
 -0.58915019910744659
 -0.31747040782897623
 -0.016113969322028313
 -0.76593482025537174
 -0.97534090919269134
 0.7862542940161692
 0.47363696438451702
 0.99863888959664804
 0.96772249425417678
 -0.11408843738974658
 -0.85995193962079575
 -0.92671681226430636
 -0.2616592559684634
 -0.21695984392310549
 -0.50177110567169725
 0.60025452691696923
 -0.27348932174976931
 -0.99228306681626133
 -0.98336891810956462
 -0.10188247042275954
 -0.69919534082601087
 -0.45050002278269863
 -0.15969265296119067
 0.14604254134424832
 0.43812590268212964
 0.68925392602655566
 0.060584717496686646
 0.83130970592959941
 0.94555465629370727
 0.31310105095444601
 0.74890204634163549
 0.51367074118914369
 -0.6423302896377806
 -0.074365698426512916
 0.9103551002125686
 -0.63524559604554065
 -0.83890731960218134
 -0.96414927247383364
 -0.99926402882828158
 -0.50971497319771586
 0.37647151477281421
 -0.57416995275079008
 0.79191076566087004
 0.0023020932183935843
 0.3043425181213476
 -0.96166488978812192
 -0.36363965359780637
 0.52154952634828522
 0.99943004815055925
 0.96291728734779902
 0.83639249410950756
 0.63168301221953482
 0.36792477034572635
 0.069773484752231343
 -0.23490011927419616
 0.99811627435049122
 0.55517139367099122
 -0.32618883937625204
 -0.99439821600798184
 -0.97985750431784746
 -0.87372121466920871
 -0.68591080477393629
 -0.43398250394614873
 0.4131292768474466
 -0.47498807387394915
 0.4546057459877848
 0.70247959528018322
 0.8846867284937584
 0.98419470203205239
 0.92613903012995313
 0.2601776877420115
 -0.61124433570766012
 0.49778317453547566
 -0.59902632941566003
 0.27496521772261423
 0.93181846452520023
 -0.64936051767992853
 0.10035560692400715
 -0.73135951650067665
 -0.98552463682815961
 -0.46142715960880532
 -0.78340102697185532
 -0.55899496658575176
 0.75698168450242054
 -0.06211655650361627
 -0.83216174413215693
 -0.94505404449062247
 0.80847539639604582
 0.5678704142573785
 0.99988223247719876
 0.95778549015728354
 0.82615642793918065
 -0.9109891421147539
 -0.87962748441830119
 0.051390813039935278
 0.69368868033596887
 -0.53328457614273284
 0.5083939785619066
 -0.37789288814250754
 -0.99617609760654102
 -0.97601375467033502
 0.0084409156854071687
 0.80118876405724115
 -0.4173177923328662
 0.3622095638296921
 -0.52285837562992521
 0.47093140178253623
 0.71546700626009307
 0.17028847612566869
 0.88753191917548446
 0.98916595154481612
 0.89857715128068705
 -0.65401678316449274
 -0.99802094220665827
 -0.55389425006308268
 -0.1110384861372592
 -0.40612900000404117
 -0.66325519730728677
 0.045259074365704664
 -0.97326726303900257
 -0.9746588744632797
 -0.41173115446567415
 0.47633806457826483
 -0.54363038747502812
 -0.26462053999945312
 -0.11713731374898172
 -0.86151446198985537
 -0.92555906657122378
 -0.25869550669401586
 0.61245826520808466
 0.99995760315919946
 0.95232884322163303
 -0.27644046604345041
 -0.93237435841533678
 0.3334331020884379
 -0.098828507048008718
 -0.27053560075472688
 0.98526328999226143
 0.46006503773119856
 -0.42844367671940398
 -0.99761610861221961
 -0.97183897284212029
 0.063648249201443158
 0.83301182226409876
 0.94455120671081727
 0.31018445326869876
 -0.56913300896187546
 -0.99900971917850867
 0.72821175405807848
