# Created by Octave 8.4.0, Thu Dec 11 09:47:23 2025 IST <gamana@Samsung>
# name: iq
# type: matrix
# rows: 2048
# columns: 1
 1
 0.60515314967079348
 0.81741217677477895
 0.60515314967079337
 0.336325333479365
 0.036058340503170451
 0.72610466550790553
 -0.54620409646762802
 0.46822140226297015
 -0.42010522672696088
 -0.99739959216031482
 -0.97255769945533388
 0.054455970544694823
 0.82788199261989504
 -0.40332217000396425
 0.31892536915557507
 -0.56153743692579583
 0.48441433643541743
 0.72610466550790553
 0.2154614152901913
 0.98961189288312468
 0.98679653937238465
 0.89173695753970295
 -0.68814117224586857
 0.46822140226296938
 -0.51498691486160741
 -0.126277206267076
 0.9637408804343649
 -0.67466245436658678
 -0.00076736500861407635
 -0.97667740455693652
 -0.96333021840326272
 -0.36935141386161585
 -0.76197358843289098
 0.99423482618450443
 -0.24978974675651788
 0.054455970544694823
 -0.88397021715310997
 -0.90715275704229548
 -0.21396247916027278
 0.64819262069187789
 0.99847409117038255
 0.94753482023462876
 0.80666512125541268
 -0.94802428457192678
 0.31892536915557335
 -0.052923454120163547
 -0.28527816079509682
 -0.56153743692579727
 -0.7853050539592259
 -0.93566355795921996
 -0.99855766638299481
 -0.72504855459477169
 0.10951311640544466
 -0.64702319695337762
 -0.38640231949417558
 0.26610024882900735
 0.2154614152901913
 0.50044297299076146
 0.73864388846083573
 0.9077975051441477
 0.9920916021661278
 0.85601021937775568
 0.10646160669493715
 0.70029174263479022
 -0.98654680508791737
 0.1612074989385934
 -0.14452409467834526
 0.97700577919626364
 0.7609787877609705
 -0.055988358703831516
 -0.98046585238934292
 -0.94704312407739244
 -0.31747040782898966
 -0.74991820004097443
 -0.51498691486160741
 0.64585224921887574
 -0.21695984392310549
 0.37077718740857579
 -0.88253094986404579
 -0.15969265296119067
 0.68925392602654534
 0.99390102147704307
 0.51367074118915579
 -0.37220208762835455
 -0.96414927247383364
 -0.79471385035234265
 -0.00076736500861407635
 0.79750008827622731
 0.9629172873478028
 0.36792477034572635
 -0.51761562011455653
 -0.99439821600798184
 -0.96333021840326272
 -0.8372327419467338
 0.8846867284937584
 0.906505872236266
 -0.071304391795586203
 -0.64936051767992853
 0.51630187553582951
 -0.55899496658575176
 0.32183303479668407
 0.99423482618450487
 0.82615642793918065
 0.87446671960772626
 0.68702679762006169
 0.43536466339879998
 -0.41731779233287913
 -0.16272196520846155
 -0.45323823806721858
 -0.70138649497904204
 -0.88397021715310997
 -0.98392175803403514
 -0.92786582682140761
 -0.26462053999945312
 -0.73760846374062494
 -0.49911366156833592
 -0.21396247916026584
 -0.27053560075471322
 0.38781739206357746
 -0.85521581914818334
 0.84797579643587995
 0.72821175405807848
 0.98629474709482945
 0.93512086019445517
 -0.42288870306631471
 0.56026686158099936
 -0.75998219468248429
 -0.019182950395057383
 -0.32037957928655969
 0.9465491972583544
 -0.80757120990081976
 -0.56407461669631687
 -0.99871776062003026
 -0.64467978024643724
 -0.82702018425964863
 -0.61850621691532082
 0.8818081973056815
 0.15817743084431238
 -0.69036505634113388
 -0.99373060737930219
 0.76296659435509939
 0.3736261111647376
 0.96455539355974218
 0.97634672945533696
 0.86538522478011948
 -0.79842508030578996
 0.41871200264625297
 -0.36649726022122142
 0.5189281455033995
 0.99455926362965252
 0.68479319633608504
 -0.1657497443578384
 -0.9870439493600085
 -0.98939008741680945
 -0.21096309853294973
 -0.72504855459477169
 0.99829988554123306
 0.55772175493586962
 -0.32328573226248619
 0.40472606164912256
 0.6621058348567973
 -0.049858050913987026
 0.97291362704571205
 0.99728780989863108
 0.92843705653776054
 0.77279742987957578
 -0.98753179411920244
 -0.72293121193018939
 -0.037592029547473621
 0.85916763922364559
 -0.60637424912365256
 -0.81829530004591811
 -0.6088121604017056
 -0.99999882230188708
 -0.9527959268197127
 -0.81652712817408524
 -0.60393062484248683
 -0.33487961217098988
 0.10340909394795389
 0.2690577826897263
 0.54748902268809918
 -0.46414813962684615
 0.92957295411873897
 0.99750902515076378
 0.9721994811062209
 0.85601021937775568
 0.65980243410195294
 -0.94605304094091414
 0.10646160669493009
 0.5653412151459779
 0.99879427926736775
 0.64350579279766673
 -0.90058801035737768
 -0.90971891406342786
 -0.88108336773961071
 -0.8910413592107852
 0.69147456057248458
 0.99355785265223773
 0.51103476725282548
 -0.37504925466358852
 0.42149746129340659
 -0.79284699542711268
 0.0053715297560473045
 0.97700577919626508
 0.9957632809772784
 0.36506888685045302
 -0.52023944861085925
 -0.9947179686701888
 -0.68367397493892357
 -0.055988358703845706
 -0.35504638522223064
 0.90520569861137001
 -0.82874185099002262
 -0.95909896399592787
 -0.99980097558199144
 -0.55644722963027093
 0.32473766826230821
 -0.58915019910744659
 0.82442307956011951
 0.048325171352559641
 0.28674877834389367
 -0.97534090919269134
 0.7862542940161692
 0.47363696438451702
 0.99863888959664804
 0.7218699851659488
 0.84634488309812139
 0.64585224921887574
 -0.92671681226430636
 -0.2616592559684634
 0.61002896648465676
 -0.50177110567169725
 -0.73967757338202433
 -0.90844011502318567
 -0.93126037583336918
 -0.85362097744857279
 -0.88253094986404579
 0.73031198170342548
 0.98578366236304771
 -0.15969265296119067
 0.14604254134424832
 -0.97797709263318722
 -0.75798364069952995
 0.87595154858681679
 0.83130970592959941
 0.94555465629370727
 0.31310105095444601
 -0.56660648199307451
 -0.99886844535843011
 -0.6423302896377806
 0.22145204955192735
 -0.37220208762835455
 0.88035646287310099
 -0.83890731960218134
 -0.69258243610723424
 -0.99338275770275697
 -0.9409691150517755
 0.37647151477281421
 -0.57416995275079008
 0.79191076566087004
 0.0023020932183935843
 0.3043425181213476
 -0.96166488978812192
 -0.36363965359780637
 0.94251761959052915
 0.99943004815055925
 0.68255314321866201
 0.83639249410950756
 -0.88682375306288164
 0.36792477034572635
 0.069773484752231343
 -0.23490011927419616
 0.99811627435049122
 0.55517139367099122
 -0.9159841062931755
 -0.94995980074298558
 -0.82355349158424873
 -0.046792177966206036
 0.76692062383185378
 0.97500104008487365
 -0.14148618368935256
 0.16423604820363752
 0.4546057459877848
 -0.72080705811183032
 0.8846867284937584
 0.86073421449037835
 0.92613903012995313
 0.906505872236266
 0.73657130166022011
 -0.99997055768587484
 -0.59902632941566003
 -0.092717815718463617
 0.93181846452520023
 -0.64936051767992853
 0.10035560692400715
 -0.96887257281824157
 -0.99838816415566412
 -0.93457595984954878
 -0.78340102697185532
 -0.55899496658575176
 0.75698168450242054
 0.020717374963544161
 -0.83216174413215693
 -0.94505404449062247
 0.80847539639604582
 0.94851151593640592
 0.99894025871852765
 0.64115327353555451
 -0.22294841291494655
 0.61729952884911965
 0.35073841575927878
 0.051390813039935278
 -0.25276072413051021
 -0.53328457614273284
 -0.7639578031886699
 -0.92321742549042496
 -0.96576012155713209
 -0.97601375467033502
 -0.86461514160246733
 0.80118876405724115
 -0.4173177923328662
 0.3622095638296921
 0.18237385152714947
 -0.99502834951811658
 0.71546700626009307
 0.89312185138248557
 0.88753191917548446
 0.98916595154481612
 0.89857715128068705
 0.72399073590500151
 -0.99802094220665827
 -0.55389425006308268
 -0.1110384861372592
 0.95043808879258174
 0.82268196381360825
 -0.85838131514628802
 -0.76790462100639278
 -0.9746588744632797
 -0.41173115446567415
 0.47633806457826483
 -0.54363038747502812
 -0.26462053999945312
 -0.11713731374898172
 0.33921439615447818
 0.60759392032490089
 -0.25869550669401586
 0.95418370796813667
 0.99999528921032244
 0.95232884322163303
 -0.27644046604345041
 0.60270667751827289
 -0.85201809329117661
 -0.098828507048008718
 -0.27053560075472688
 0.98526328999226143
 -0.7757112907044148
 -0.42844367671940398
 -0.97861311857772648
 -0.75597794531356421
 0.063648249201443158
 -0.65864840122301938
 -0.40051154007206008
 -0.10493547390374451
 -0.56913300896187546
 -0.99900971917850867
 -0.63997474726332781
