# Created by Octave 8.4.0, Thu Dec 11 09:47:23 2025 IST <gamana@Samsung>
# name: iq
# type: matrix
# rows: 2048
# columns: 1
 1
 0.60515314967079348
 0.81741217677477895
 0.60515314967079337
 -0.85680260336409175
 -0.10798748872685082
 -0.26757933088703667
 -0.54620409646762802
 0.46822140226297015
 -0.92900609941698054
 -0.97667740455693652
 -0.97255769945533388
 -0.85680260336409153
 0.82788199261989504
 0.94753482023462932
 0.31892536915557507
 -0.56153743692579583
 -0.9985576663829947
 -0.64702319695337762
 0.89991984314001949
 0.98961189288312468
 0.88325162371234833
 0.89173695753970295
 0.71331917142438028
 0.46822140226296938
 -0.51498691486160741
 0.37077718740857579
 0.9637408804343649
 -0.67466245436658678
 -0.00076736500861407635
 -0.79657321781796042
 -0.96333021840326272
 -0.92203355216466776
 -0.76197358843289098
 -0.53068550131166847
 -0.24978974675651788
 -0.16272196520846155
 -0.88397021715310997
 0.61971144815431445
 0.82788199261989504
 0.95866339707144232
 0.99983041623178193
 0.94753482023462876
 0.80666512125541268
 -0.94802428457192678
 -0.82702018425964863
 -0.052923454120163547
 -0.28527816079509682
 -0.56153743692579727
 -0.7853050539592259
 -0.46957695504264702
 -0.98704394936000728
 -0.96810813435476473
 0.10951311640544466
 -0.64702319695337762
 -0.38640231949417558
 0.26610024882900735
 -0.60637424912365256
 -0.99999882230188708
 -0.60393062484249249
 0.9077975051441477
 0.9920916021661278
 0.98364649651042202
 0.88325162371234833
 -0.72715906615685078
 0.45186966259101069
 0.1612074989385934
 -0.14452409467834526
 -0.43674579739516622
 -0.68814117224586857
 -0.8752101648306293
 -0.98046585238934292
 -0.94704312407739244
 -0.31747040782898966
 0.56280668962743263
 -0.51498691486160741
 -0.23191544205296488
 0.072835130888845759
 -0.90844011502317967
 0.634059560632665
 0.83807101776911563
 0.9637408804343649
 0.99932172244443662
 0.51367074118915579
 -0.37220208762835455
 0.57542581511072144
 0.30141723570001927
 -0.00076736500861407635
 0.79750008827622731
 0.9629172873478028
 -0.79657321781796253
 -0.51761562011455653
 -0.99439821600798184
 -0.96333021840326272
 -0.8372327419467338
 -0.63287203175829598
 -0.36935141386161252
 0.21246303906394182
 0.23340805554780536
 -0.99838816415566489
 -0.55899496658575176
 0.91536727170487375
 0.99423482618450487
 0.82615642793918065
 0.87446671960772626
 0.68702679762006169
 -0.97601375467033502
 -0.41731779233287913
 -0.16272196520846155
 0.98728903446803762
 -0.70138649497904204
 -0.1110384861372592
 -0.85838131514628069
 -0.92786582682140761
 -0.26462053999945312
 0.60759392032488957
 0.99999528921032244
 0.60270667751827289
 0.091189587921087126
 -0.93013761930787031
 -0.85521581914818334
 0.84797579643587995
 0.96849149417710867
 0.98629474709482945
 0.46550699135830681
 -0.42288870306631471
 -0.97733185259986499
 0.28380687130319676
 0.057520614988206521
 0.82959975734471325
 -0.59162761605977232
 -0.80757120990081976
 -0.56407461669631687
 -0.99871776062003026
 -0.95822557211480941
 -0.82702018425964863
 -0.61850621691532082
 -0.35217523621993413
 -0.052923454120163547
 0.25127553137023834
 -0.99373060737930219
 0.76296659435509939
 0.3736261111647376
 0.96455539355974218
 0.79378135772453473
 0.86538522478011948
 0.67352883541892117
 -0.96250208824059569
 0.1247546135053899
 -0.18086464573051755
 -0.46957695504264702
 0.68479319633608504
 -0.89243045547475575
 -0.88540115604661895
 -0.98939008741680945
 -0.89924955625485847
 -0.72504855459477169
 -0.48307112512406863
 -0.19593694714062365
 -0.32328573226248619
 0.40472606164912256
 0.6621058348567973
 0.85759296924080952
 0.97291362704571205
 0.97567848098621912
 0.41592259907073292
 -0.47228473929236653
 0.54491788372008809
 -0.72293121193018939
 0.11256359432942846
 0.85916763922364559
 -0.60637424912365256
 0.26314020788369136
 -0.6088121604017056
 -0.99999882230188708
 -0.60148131058103105
 0.27201278160118081
 -0.60393062484248683
 0.85441940454650211
 -0.034524566527187259
 -0.72926272673208903
 -0.98604036598681322
 0.77474182782419287
 0.4242789487687742
 0.97765562399971406
 0.9721994811062209
 -0.059052735788742081
 0.65980243410195294
 0.40191732837529215
 -0.31455824529877263
 -0.19894598283625273
 -0.48575640675906639
 -0.72715906615685566
 -0.21995516458155873
 -0.90971891406342786
 -0.98654680508791737
 -0.15666183615691048
 0.69147456057248458
 0.99355785265223773
 0.51103476725282548
 0.1277995015959035
 0.42149746129340659
 -0.79284699542711268
 0.0053715297560473045
 0.79934819172794036
 0.96208462205960266
 0.92143835717186395
 0.7609787877609705
 -0.9947179686701888
 0.24830337378897069
 0.16726305010568898
 -0.35504638522223064
 0.90520569861137001
 0.20946266110028544
 -0.65169172040482393
 -0.9982092555350186
 -0.55644722963027093
 -0.8057571325940257
 0.94947927516166009
 0.82442307956011951
 0.048325171352559641
 0.28674877834389367
 -0.97534090919269134
 0.7862542940161692
 0.93620405186557298
 0.98777222774170659
 0.96772249425417678
 0.84634488309812139
 0.64585224921887574
 -0.92671681226430636
 0.088132491563609597
 -0.21695984392310549
 -0.50177110567169725
 -0.73967757338202433
 -0.90844011502318567
 -0.93126037583336918
 -0.98336891810956462
 -0.10188247042275954
 0.73031198170342548
 0.98578366236304771
 0.46278819464259663
 0.14604254134424832
 0.43812590268212964
 -0.75798364069952995
 0.87595154858681679
 0.98076656270360296
 0.94555465629370727
 0.31310105095444601
 0.74890204634163549
 -0.99886844535843011
 0.23042228230537098
 -0.074365698426512916
 0.9103551002125686
 -0.63524559604554065
 -0.83890731960218134
 -0.69258243610723424
 -0.99338275770275697
 -0.9409691150517755
 -0.79471385035233399
 -0.57416995275079008
 -0.29995352783086127
 -0.0069062308541822806
 0.3043425181213476
 0.57793347080836122
 -0.36363965359780637
 0.52154952634828522
 0.99487433075577603
 0.68255314321866201
 0.83639249410950756
 -0.88682375306288164
 -0.90455241285493049
 0.069773484752231343
 -0.23490011927419616
 0.99811627435049122
 0.55517139367099122
 -0.32618883937625204
 -0.94995980074298558
 -0.97985750431784746
 -0.046792177966206036
 -0.68591080477393629
 0.97500104008487365
 -0.14148618368935256
 0.16423604820363752
 -0.98801033476922906
 0.70247959528018322
 0.11561301172658989
 0.98419470203205239
 0.92613903012995313
 0.2601776877420115
 0.73657130166022011
 -0.99997055768587484
 0.21246303906392794
 -0.092717815718463617
 -0.38923155116934799
 0.85282053973501504
 -0.84878825808546021
 -0.73135951650067665
 -0.99838816415566412
 -0.46142715960880532
 0.42705643886636363
 -0.55899496658575176
 0.75698168450242054
 -0.06211655650361627
 0.32183303479668407
 0.59286423571776004
 0.80847539639604582
 0.94851151593640592
 0.99988223247719876
 0.95778549015728354
 -0.22294841291494655
 -0.9109891421147539
 -0.87962748441830119
 0.051390813039935278
 -0.25276072413051021
 -0.53328457614273284
 0.5083939785619066
 -0.37789288814250754
 -0.99617609760654102
 -0.79097267063101617
 0.0084409156854071687
 -0.67239363004398134
 -0.4173177923328662
 0.3622095638296921
 0.18237385152714947
 0.47093140178253623
 0.71546700626009307
 0.89312185138248557
 0.88753191917548446
 0.90389699651915167
 0.20646030966758724
 -0.65401678316449274
 -0.99802094220665827
 0.19443173525695573
 -0.1110384861372592
 -0.40612900000404117
 -0.66325519730728677
 -0.85838131514628802
 -0.97326726303900257
 -0.9746588744632797
 -0.41173115446567415
 -0.77182249939500824
 -0.54363038747502812
 0.71974243327150733
 -0.11713731374898172
 0.33921439615447818
 -0.92555906657122378
 0.81917649590739106
 0.95418370796813667
 0.99995760315919946
 0.59779672096999548
 -0.27644046604345041
 -0.93237435841533678
 0.3334331020884379
 0.032990711232170816
 -0.27053560075472688
 0.98526328999226143
 -0.7757112907044148
 -0.42844367671940398
 -0.97861311857772648
 -0.75597794531356421
 0.063648249201443158
 -0.65864840122301938
 -0.40051154007206008
 -0.10493547390374451
 0.20044979956074258
 -0.99900971917850867
 -0.63997474726332781
