# Created by Octave 8.4.0, Thu Dec 11 09:47:23 2025 IST <gamana@Samsung>
# name: iq
# type: matrix
# rows: 2048
# columns: 1
 1
 0.60515314967079348
 0.81741217677477895
 0.60515314967079337
 -0.85680260336409175
 0.036058340503170451
 0.72610466550790553
 0.98679653937238487
 -0.7737705401199878
 -0.42010522672696088
 -0.99739959216031482
 -0.76197358843289098
 0.054455970544694823
 0.82788199261989504
 0.94753482023462932
 0.31892536915557507
 0.19744169751515539
 -0.9985576663829947
 -0.64702319695337762
 0.89991984314001949
 0.98961189288312468
 0.88325162371234833
 0.89173695753970295
 -0.68814117224586857
 0.46822140226296938
 -0.51498691486160741
 0.37077718740857579
 -0.42010522672696088
 0.7956444711141426
 -0.86615326963267925
 -0.97667740455693652
 -0.96333021840326272
 -0.36935141386161585
 -0.76197358843289098
 -0.53068550131166847
 -0.24978974675651788
 -0.16272196520846155
 -0.88397021715310997
 -0.90715275704229548
 0.82788199261989504
 0.95866339707144232
 0.99983041623178193
 0.94753482023462876
 -0.32037957928655297
 -0.94802428457192678
 0.31892536915557335
 0.017648480643128749
 0.76296659435509484
 0.97634672945533696
 -0.7853050539592259
 -0.93566355795921996
 -0.99855766638299481
 -0.72504855459477169
 0.10951311640544466
 -0.64702319695337762
 -0.38640231949417558
 -0.089661145336106474
 0.2154614152901913
 -0.99999882230188708
 0.73864388846083573
 0.9077975051441477
 0.92957295411873897
 0.85601021937775568
 0.10646160669493715
 0.70029174263479022
 0.45186966259101069
 0.1612074989385934
 0.42149746129340016
 -0.43674579739516622
 0.7609787877609705
 -0.055988358703831516
 -0.98046585238934292
 -0.99406909454407066
 -0.31747040782898966
 -0.74991820004097443
 0.99863888959664804
 0.64585224921887574
 -0.21695984392310549
 0.37077718740857579
 -0.88253094986404579
 -0.15969265296119067
 0.9637408804343649
 0.99932172244443662
 0.94148750121272873
 -0.37220208762835455
 -0.96414927247383364
 0.30141723570001927
 -0.00076736500861407635
 -0.30288023361216132
 0.9629172873478028
 -0.79657321781796253
 -0.51761562011455653
 -0.9993770622619782
 -0.68591080477393629
 0.1642360482036235
 -0.63287203175829598
 -0.36935141386161252
 -0.071304391795586203
 0.23340805554780536
 -0.99838816415566489
 0.75093258738581303
 0.32183303479668407
 0.94851151593640137
 0.98016283268951387
 0.87446671960772626
 -0.76395780318866069
 -0.97601375467033502
 0.14300530760092806
 0.47093140178253623
 0.98728903446803762
 0.72399073590501128
 -0.1110384861372592
 -0.85838131514628069
 -0.99189780074717793
 -0.90715275704229548
 -0.73760846374062494
 0.99999528921032244
 -0.21396247916026584
 -0.27053560075471322
 0.38781739206357746
 0.64819262069187789
 0.84797579643587995
 0.72821175405807848
 0.99847409117038255
 0.46550699135830681
 0.78435396419772463
 -0.97733185259986499
 -0.75998219468248429
 0.057520614988206521
 0.82959975734471325
 0.9465491972583544
 -0.80757120990081976
 -0.56407461669631687
 -0.99871776062003026
 -0.95822557211480941
 0.21845776152962559
 -0.61850621691532082
 0.8818081973056815
 -0.052923454120163547
 -0.69036505634113388
 -0.99373060737930219
 0.76296659435509939
 0.92262657540312143
 0.99604083802624588
 0.97634672945533696
 0.86538522478011948
 0.67352883541892117
 -0.96250208824059569
 -0.36649726022122142
 -0.18086464573051755
 -0.46957695504264702
 0.68479319633608504
 -0.1657497443578384
 -0.9870439493600085
 -0.90585685224972345
 -0.89924955625485847
 -0.72504855459477169
 0.99829988554123306
 -0.19593694714062365
 0.10951311640544466
 0.40472606164912256
 0.6621058348567973
 -0.049858050913987026
 0.97291362704571205
 0.97567848098621912
 0.92843705653776054
 0.77279742987957578
 0.54491788372008809
 0.26610024882900052
 -0.037592029547473621
 -0.3377702626083236
 0.92729241161337761
 0.26314020788369136
 -0.9537233602852011
 -0.99998940073362763
 -0.60148131058103105
 0.27201278160118081
 0.93070009365436368
 -0.33487961217098988
 0.10340909394795389
 -0.72926272673208903
 0.54748902268809918
 -0.46414813962684615
 0.92957295411873897
 0.99750902515076378
 0.9721994811062209
 -0.059052735788742081
 0.65980243410195294
 0.40191732837529215
 -0.31455824529877263
 -0.19894598283625273
 0.99879427926736775
 0.64350579279766673
 -0.21995516458155873
 -0.98983136742132305
 -0.98654680508791737
 -0.15666183615691048
 0.69147456057248458
 -0.46686474663636957
 0.51103476725282548
 -0.37504925466358852
 -0.96495924273552103
 -0.79284699542711268
 0.86691927435109684
 0.79934819172794036
 0.96208462205960266
 0.36506888685045302
 -0.52023944861085925
 0.52938408740299536
 -0.68367397493892357
 0.16726305010568898
 -0.35504638522223064
 -0.62091521972729924
 -0.82874185099002262
 -0.65169172040482393
 -0.99980097558199144
 -0.55644722963027093
 -0.8057571325940257
 0.94947927516166009
 0.82442307956011951
 0.048325171352559641
 0.28674877834389367
 0.56280668962743263
 -0.41452642614610541
 0.47363696438451702
 0.99863888959664804
 0.7218699851659488
 0.84634488309812139
 -0.85995193962079575
 0.38498633679420874
 0.088132491563609597
 0.61002896648465676
 -0.50177110567169725
 -0.73967757338202433
 -0.90844011502318567
 -0.93126037583336918
 -0.98336891810956462
 -0.88253094986404579
 0.73031198170342548
 -0.45050002278269863
 -0.15969265296119067
 -0.42566819512619902
 0.43812590268212964
 0.68925392602655566
 0.060584717496686646
 0.83130970592959941
 0.99390102147704307
 0.91412713582838767
 0.74890204634163549
 -0.99886844535843011
 0.23042228230537098
 0.22145204955192735
 -0.37220208762835455
 -0.63524559604554065
 -0.83890731960218134
 -0.69258243610723424
 -0.99926402882828158
 -0.9409691150517755
 0.37647151477281421
 0.96536081904994131
 -0.29995352783086127
 -0.0069062308541822806
 -0.80026942036837689
 -0.96166488978812192
 -0.36363965359780637
 0.52154952634828522
 0.99487433075577603
 0.68255314321866201
 0.83639249410950756
 -0.88682375306288164
 0.36792477034572635
 -0.20796173030008755
 0.65285502065077339
 -0.51761562011456874
 0.55517139367099122
 -0.32618883937625204
 -0.94995980074298558
 -0.97985750431784746
 -0.046792177966206036
 -0.68591080477393629
 -0.43398250394614873
 0.4131292768474466
 -0.47498807387394915
 0.4546057459877848
 0.70247959528018322
 0.8846867284937584
 0.86073421449037835
 0.92613903012995313
 0.2601776877420115
 0.73657130166022011
 -0.99997055768587484
 0.21246303906392794
 0.27496521772261423
 -0.38923155116934799
 -0.64936051767992853
 0.10035560692400715
 -0.96887257281824157
 -0.98552463682815961
 -0.46142715960880532
 0.42705643886636363
 0.97829625774311346
 0.75698168450242054
 -0.06211655650361627
 0.32183303479668407
 -0.94505404449062247
 -0.31164311913308568
 0.94851151593640592
 0.99988223247719876
 0.64115327353555451
 -0.22294841291494655
 0.61729952884911965
 0.35073841575927878
 -0.15362954335073706
 -0.25276072413051021
 -0.53328457614273284
 0.5083939785619066
 -0.92321742549042496
 -0.96576012155713209
 -0.97601375467033502
 -0.86461514160246733
 0.80118876405724115
 -0.4173177923328662
 0.3622095638296921
 0.18237385152714947
 -0.99502834951811658
 -0.68143070381530291
 0.17028847612566869
 0.98728903446803762
 0.98916595154481612
 0.89857715128068705
 -0.65401678316449274
 -0.99802094220665827
 -0.55389425006308268
 0.3276392421862615
 -0.40612900000404117
 0.82268196381360825
 -0.85838131514628802
 -0.97326726303900257
 -0.99717367862900375
 -0.92786582682140228
 0.47633806457826483
 -0.54363038747502812
 0.71974243327150733
 -0.11713731374898172
 0.33921439615447818
 0.60759392032490089
 0.81917649590739106
 0.61245826520808466
 0.99995760315919946
 0.59779672096999548
 0.81564015632847064
 0.60270667751827289
 -0.85201809329117661
 0.032990711232170816
 -0.27053560075472688
 0.98526328999226143
 0.46006503773119856
 -0.93013761930787031
 -0.99761610861221961
 -0.75597794531356421
 0.063648249201443158
 0.83301182226409876
 -0.40051154007206008
 -0.10493547390374451
 0.20044979956074258
 0.4870973329339145
 0.72821175405807848
