# Created by Octave 8.4.0, Thu Dec 11 09:47:23 2025 IST <gamana@Samsung>
# name: iq
# type: matrix
# rows: 2048
# columns: 1
 1
 0.95326076620586331
 -0.26757933088703645
 -0.92900609941698054
 -0.85680260336409175
 -0.10798748872685082
 0.72610466550790553
 -0.54620409646762802
 -0.7737705401199878
 -0.42010522672696088
 -0.97667740455693652
 -0.76197358843289098
 0.054455970544694823
 -0.66095491288473074
 -0.40332217000396425
 0.31892536915557507
 0.19744169751515539
 0.48441433643541743
 0.72610466550790553
 0.89991984314001949
 0.98961189288312468
 0.88325162371234833
 0.1612074989385934
 -0.68814117224586857
 0.46822140226296938
 -0.51498691486160741
 0.37077718740857579
 -0.42010522672696088
 0.7956444711141426
 -0.86615326963267925
 -0.79657321781796042
 -0.99590323237511935
 -0.36935141386161585
 -0.76197358843289098
 0.99423482618450443
 -0.24978974675651788
 0.054455970544694823
 0.35361122716835897
 -0.90715275704229548
 0.82788199261989504
 0.95866339707144232
 0.99847409117038255
 0.94753482023462876
 -0.32037957928655297
 -0.94802428457192678
 -0.82702018425964863
 0.017648480643128749
 -0.28527816079509682
 0.97634672945533696
 0.41871200264625297
 -0.93566355795921996
 -0.99855766638299481
 -0.72504855459477169
 -0.84716133746730915
 -0.64702319695337762
 0.92843705653776321
 0.26610024882900735
 0.2154614152901913
 -0.99999882230188708
 0.73864388846083573
 0.9077975051441477
 0.92957295411873897
 0.85601021937775568
 0.10646160669493715
 -0.72715906615685078
 0.45186966259101069
 -0.46686474663636957
 -0.14452409467834526
 -0.43674579739516622
 -0.68814117224586857
 -0.8752101648306293
 -0.98046585238934292
 -0.99406909454407066
 -0.91474828106395512
 0.56280668962743263
 -0.51498691486160741
 -0.23191544205296488
 -0.21695984392310549
 -0.90844011502317967
 0.634059560632665
 0.83807101776911563
 0.9637408804343649
 0.99390102147704307
 0.94148750121272873
 0.79564447111414049
 0.57542581511072144
 0.30141723570001927
 -0.00076736500861407635
 0.79750008827622731
 -0.57668032211486553
 -0.79657321781796253
 -0.94200366979757377
 -0.99439821600798184
 -0.96333021840326272
 -0.8372327419467338
 -0.63287203175829598
 0.906505872236266
 0.21246303906394182
 -0.64936051767992853
 0.51630187553582951
 -0.55899496658575176
 0.91536727170487375
 0.99423482618450487
 0.98016283268951387
 0.87446671960772626
 -0.76395780318866069
 -0.97601375467033502
 -0.41731779233287913
 0.47093140178253623
 -0.45323823806721858
 -0.70138649497904204
 -0.88397021715310997
 -0.85838131514628069
 -0.92786582682140761
 -0.90715275704229548
 -0.73760846374062494
 -0.49911366156833592
 -0.21396247916026584
 0.091189587921087126
 0.38781739206357746
 0.64819262069187789
 -0.10493547390375864
 0.96849149417710867
 0.99847409117038255
 0.46550699135830681
 0.78435396419772463
 0.56026686158099936
 -0.75998219468248429
 -0.019182950395057383
 -0.32037957928655969
 -0.59162761605977232
 -0.80757120990081976
 -0.94802428457192678
 -0.99871776062003026
 -0.95822557211480941
 0.21845776152962559
 -0.61850621691532082
 0.8818081973056815
 -0.052923454120163547
 -0.69036505634113388
 -0.99373060737930219
 -0.51235335761857304
 0.92262657540312143
 0.99604083802624588
 0.79378135772453473
 -0.0038368160058314137
 0.67352883541892117
 0.41871200264625297
 -0.36649726022122142
 -0.18086464573051755
 0.99455926362965252
 -0.71439393018262132
 -0.1657497443578384
 -0.88540115604661895
 -0.90585685224972345
 -0.89924955625485847
 0.65052688516665591
 -0.48307112512406863
 0.55772175493586962
 0.10951311640544466
 -0.94899651318043343
 -0.82529072569298034
 -0.049858050913987026
 0.97291362704571205
 0.97567848098621912
 0.92843705653776054
 0.77279742987957578
 0.54491788372008809
 0.26610024882900052
 0.11256359432942846
 0.85916763922364559
 -0.60637424912365256
 -0.81829530004591811
 -0.6088121604017056
 -0.99999882230188708
 -0.9527959268197127
 0.27201278160118081
 -0.60393062484248683
 0.85441940454650211
 0.10340909394795389
 0.2690577826897263
 0.54748902268809918
 -0.46414813962684615
 0.92957295411873897
 0.97765562399971406
 0.9721994811062209
 -0.059052735788742081
 -0.83045570966328242
 0.40191732837529215
 0.10646160669493009
 -0.19894598283625273
 0.99879427926736775
 -0.72715906615685566
 -0.90058801035737768
 -0.98983136742132305
 -0.98654680508791737
 -0.15666183615691048
 0.69147456057248458
 -0.46686474663636957
 0.51103476725282548
 -0.37504925466358852
 0.42149746129340659
 -0.79284699542711268
 0.86691927435109684
 0.79934819172794036
 0.96208462205960266
 0.36506888685045302
 0.7609787877609705
 -0.9947179686701888
 -0.68367397493892357
 0.16726305010568898
 -0.35504638522223064
 -0.62091521972729924
 0.20946266110028544
 -0.65169172040482393
 -0.9982092555350186
 -0.55644722963027093
 0.32473766826230821
 -0.58915019910744659
 -0.31747040782897623
 -0.016113969322028313
 -0.76593482025537174
 -0.97534090919269134
 0.7862542940161692
 0.93620405186557298
 0.98777222774170659
 0.7218699851659488
 -0.11408843738974658
 -0.85995193962079575
 -0.92671681226430636
 0.088132491563609597
 0.61002896648465676
 -0.50177110567169725
 -0.73967757338202433
 -0.27348932174976931
 -0.99228306681626133
 -0.98336891810956462
 -0.10188247042275954
 -0.69919534082601087
 0.98578366236304771
 -0.15969265296119067
 0.14604254134424832
 0.43812590268212964
 0.68925392602655566
 0.060584717496686646
 0.98076656270360296
 0.94555465629370727
 0.31310105095444601
 0.74890204634163549
 -0.99886844535843011
 0.23042228230537098
 -0.074365698426512916
 -0.37220208762835455
 0.88035646287310099
 -0.83890731960218134
 -0.96414927247383364
 -0.99926402882828158
 -0.50971497319771586
 -0.79471385035233399
 -0.57416995275079008
 -0.29995352783086127
 -0.0069062308541822806
 -0.80026942036837689
 0.57793347080836122
 -0.36363965359780637
 0.52154952634828522
 0.99943004815055925
 0.68255314321866201
 0.83639249410950756
 0.63168301221953482
 0.36792477034572635
 0.069773484752231343
 -0.23490011927419616
 -0.51761562011456874
 -0.7519452059868672
 -0.32618883937625204
 -0.99439821600798184
 -0.82355349158424873
 -0.87372121466920871
 -0.68591080477393629
 0.97500104008487365
 -0.14148618368935256
 -0.47498807387394915
 0.4546057459877848
 -0.72080705811183032
 0.11561301172658989
 0.98419470203205239
 0.99170166301589102
 0.2601776877420115
 0.73657130166022011
 0.49778317453547566
 -0.59902632941566003
 0.27496521772261423
 0.93181846452520023
 -0.64936051767992853
 0.10035560692400715
 -0.96887257281824157
 -0.98552463682815961
 -0.46142715960880532
 0.42705643886636363
 -0.55899496658575176
 -0.28233491333365301
 -0.06211655650361627
 0.32183303479668407
 -0.94505404449062247
 0.80847539639604582
 0.5678704142573785
 0.99894025871852765
 0.64115327353555451
 0.82615642793918065
 0.61729952884911965
 -0.87962748441830119
 0.051390813039935278
 0.69368868033596887
 -0.53328457614273284
 0.5083939785619066
 -0.92321742549042496
 -0.99617609760654102
 -0.79097267063101617
 0.0084409156854071687
 -0.67239363004398134
 -0.4173177923328662
 -0.12323172689716683
 -0.52285837562992521
 -0.99502834951811658
 0.71546700626009307
 0.17028847612566869
 0.88753191917548446
 0.98916595154481612
 0.20646030966758724
 -0.65401678316449274
 -0.99802094220665827
 -0.55389425006308268
 0.3276392421862615
 0.95043808879258174
 -0.66325519730728677
 -0.85838131514628802
 -0.97326726303900257
 -0.99717367862900375
 -0.41173115446567415
 0.47633806457826483
 -0.54363038747502812
 0.71974243327150733
 0.039125630047652724
 -0.86151446198985537
 0.60759392032490089
 -0.25869550669401586
 0.95418370796813667
 0.99999528921032244
 0.95232884322163303
 0.81564015632847064
 0.60270667751827289
 0.3334331020884379
 -0.098828507048008718
 -0.27053560075472688
 -0.5487726593549993
 0.46006503773119856
 -0.42844367671940398
 -0.97861311857772648
 -0.97183897284212029
 0.063648249201443158
 0.83301182226409876
 -0.40051154007206008
 -0.10493547390374451
 -0.56913300896187546
 0.4870973329339145
