# Created by Octave 8.4.0, Thu Dec 11 09:47:23 2025 IST <gamana@Samsung>
# name: iq
# type: matrix
# rows: 2048
# columns: 1
 1
 0.95326076620586331
 0.81741217677477895
 0.60515314967079337
 0.336325333479365
 -0.10798748872685082
 -0.26757933088703667
 -0.54620409646762802
 -0.7737705401199878
 -0.92900609941698054
 -0.99739959216031482
 -0.97255769945533388
 0.054455970544694823
 -0.66095491288473074
 -0.40332217000396425
 0.31892536915557507
 0.19744169751515539
 0.48441433643541743
 0.72610466550790553
 0.89991984314001949
 0.98961189288312468
 0.88325162371234833
 0.89173695753970295
 0.71331917142438028
 -0.99406909454407066
 0.17935501392598432
 -0.126277206267076
 -0.42010522672696088
 0.7956444711141426
 -0.86615326963267925
 -0.97667740455693652
 -0.96333021840326272
 -0.36935141386161585
 0.51630187553582951
 0.99423482618450443
 -0.24978974675651788
 -0.16272196520846155
 0.35361122716835897
 -0.90715275704229548
 -0.21396247916027278
 0.64819262069187789
 0.99847409117038255
 0.94753482023462876
 0.80666512125541268
 -0.94802428457192678
 -0.82702018425964863
 0.017648480643128749
 0.76296659435509484
 0.97634672945533696
 -0.7853050539592259
 -0.93566355795921996
 -0.98704394936000728
 -0.96810813435476473
 0.10951311640544466
 0.85759296924080952
 -0.38640231949417558
 0.26610024882900735
 0.2154614152901913
 0.50044297299076146
 0.73864388846083573
 0.26905778268971947
 0.92957295411873897
 0.85601021937775568
 0.10646160669493715
 0.70029174263479022
 -0.98654680508791737
 -0.46686474663636957
 0.42149746129340016
 0.97700577919626364
 -0.68814117224586857
 -0.055988358703831516
 -0.98046585238934292
 -0.99406909454407066
 -0.91474828106395512
 0.56280668962743263
 0.99863888959664804
 0.64585224921887574
 -0.21695984392310549
 0.37077718740857579
 -0.88253094986404579
 0.83807101776911563
 0.9637408804343649
 0.99390102147704307
 0.51367074118915579
 -0.37220208762835455
 -0.96414927247383364
 -0.79471385035234265
 0.0023020932183935843
 -0.30288023361216132
 0.9629172873478028
 0.36792477034572635
 -0.51761562011455653
 -0.99439821600798184
 -0.68591080477393629
 0.1642360482036235
 0.8846867284937584
 0.906505872236266
 -0.071304391795586203
 0.23340805554780536
 -0.99838816415566489
 0.75093258738581303
 0.91536727170487375
 0.99423482618450487
 0.82615642793918065
 0.051390813039935278
 -0.76395780318866069
 0.43536466339879998
 -0.41731779233287913
 -0.16272196520846155
 0.98728903446803762
 -0.70138649497904204
 -0.88397021715310997
 -0.98392175803403514
 -0.99189780074717793
 -0.90715275704229548
 -0.73760846374062494
 -0.49911366156833592
 -0.21396247916026584
 -0.27053560075471322
 -0.93013761930787031
 -0.85521581914818334
 0.84797579643587995
 0.72821175405807848
 0.99847409117038255
 0.93512086019445517
 0.78435396419772463
 0.56026686158099936
 -0.75998219468248429
 -0.019182950395057383
 0.82959975734471325
 0.9465491972583544
 0.31601469873379551
 -0.56407461669631687
 -0.99871776062003026
 -0.95822557211480941
 0.21845776152962559
 0.90908058516579637
 0.8818081973056815
 -0.052923454120163547
 0.25127553137023834
 -0.99373060737930219
 0.76296659435509939
 0.3736261111647376
 0.96455539355974218
 0.97634672945533696
 0.86538522478011948
 -0.79842508030578996
 0.41871200264625297
 0.1247546135053899
 -0.18086464573051755
 0.99455926362965252
 -0.71439393018262132
 -0.89243045547475575
 -0.9870439493600085
 -0.98939008741680945
 -0.89924955625485847
 -0.72504855459477169
 0.99829988554123306
 -0.19593694714062365
 0.10951311640544466
 0.40472606164912256
 -0.82529072569298034
 0.85759296924080952
 0.76494721259890497
 0.99728780989863108
 0.92843705653776054
 -0.47228473929236653
 0.54491788372008809
 0.26610024882900052
 -0.037592029547473621
 0.85916763922364559
 -0.60637424912365256
 -0.81829530004591811
 -0.9537233602852011
 -0.99998940073362763
 -0.9527959268197127
 0.27201278160118081
 -0.60393062484248683
 0.85441940454650211
 -0.034524566527187259
 0.2690577826897263
 -0.98604036598681322
 -0.46414813962684615
 0.4242789487687742
 0.99750902515076378
 0.75898381154481431
 0.85601021937775568
 -0.83045570966328242
 0.40191732837529215
 -0.31455824529877263
 0.5653412151459779
 0.99879427926736775
 -0.72715906615685566
 -0.21995516458155873
 -0.90971891406342786
 -0.88108336773961071
 -0.8910413592107852
 0.69147456057248458
 0.99355785265223773
 -0.17784495966932298
 -0.37504925466358852
 -0.96495924273552103
 0.6757944842168484
 0.86691927435109684
 0.97700577919626508
 0.9957632809772784
 0.92143835717186395
 0.7609787877609705
 -0.9947179686701888
 -0.68367397493892357
 -0.055988358703845706
 -0.35504638522223064
 0.90520569861137001
 0.20946266110028544
 -0.65169172040482393
 -0.9982092555350186
 -0.94704312407739244
 0.32473766826230821
 0.94947927516166009
 0.82442307956011951
 0.048325171352559641
 0.28674877834389367
 -0.97534090919269134
 0.7862542940161692
 0.47363696438451702
 0.98777222774170659
 0.96772249425417678
 0.84634488309812139
 -0.85995193962079575
 0.38498633679420874
 -0.2616592559684634
 -0.21695984392310549
 0.99998115688567257
 -0.73967757338202433
 -0.27348932174976931
 -0.93126037583336918
 -0.85362097744857279
 -0.10188247042275954
 -0.69919534082601087
 -0.45050002278269863
 0.46278819464259663
 0.14604254134424832
 0.43812590268212964
 -0.75798364069952995
 0.060584717496686646
 0.98076656270360296
 0.99390102147704307
 0.91412713582838767
 -0.56660648199307451
 0.51367074118914369
 0.23042228230537098
 0.22145204955192735
 -0.37220208762835455
 -0.63524559604554065
 -0.83890731960218134
 -0.96414927247383364
 -0.99338275770275697
 -0.50971497319771586
 0.37647151477281421
 0.96536081904994131
 -0.29995352783086127
 0.0023020932183935843
 0.3043425181213476
 0.57793347080836122
 -0.36363965359780637
 0.94251761959052915
 0.99943004815055925
 0.68255314321866201
 0.83639249410950756
 0.63168301221953482
 -0.90455241285493049
 -0.20796173030008755
 0.65285502065077339
 0.99811627435049122
 -0.7519452059868672
 -0.32618883937625204
 -0.94995980074298558
 -0.97985750431784746
 -0.046792177966206036
 0.76692062383185378
 -0.43398250394614873
 -0.14148618368935256
 -0.47498807387394915
 -0.98801033476922906
 -0.72080705811183032
 0.11561301172658989
 0.98419470203205239
 0.99170166301589102
 0.906505872236266
 0.73657130166022011
 -0.99997055768587484
 0.21246303906392794
 0.27496521772261423
 0.93181846452520023
 0.85282053973501504
 0.10035560692400715
 -0.96887257281824157
 -0.98552463682815961
 -0.93457595984954878
 -0.78340102697185532
 -0.55899496658575176
 0.75698168450242054
 0.020717374963544161
 -0.83216174413215693
 0.59286423571776004
 0.80847539639604582
 0.5678704142573785
 0.99894025871852765
 0.64115327353555451
 -0.22294841291494655
 -0.9109891421147539
 0.35073841575927878
 0.051390813039935278
 0.69368868033596887
 0.99320532294327812
 -0.7639578031886699
 -0.37789288814250754
 -0.96576012155713209
 -0.97601375467033502
 -0.86461514160246733
 0.80118876405724115
 -0.4173177923328662
 0.3622095638296921
 -0.52285837562992521
 -0.99502834951811658
 0.71546700626009307
 0.89312185138248557
 0.98728903446803762
 0.98916595154481612
 0.20646030966758724
 0.72399073590500151
 -0.99802094220665827
 -0.55389425006308268
 0.3276392421862615
 0.95043808879258174
 0.82268196381360825
 0.045259074365704664
 -0.76790462100639278
 -0.99717367862900375
 -0.41173115446567415
 -0.77182249939500824
 -0.54363038747502812
 -0.26462053999945312
 -0.11713731374898172
 -0.86151446198985537
 -0.92555906657122378
 0.81917649590739106
 0.95418370796813667
 0.99999528921032244
 0.59779672096999548
 -0.27644046604345041
 -0.93237435841533678
 0.3334331020884379
 0.032990711232170816
 -0.27053560075472688
 0.98526328999226143
 -0.7757112907044148
 -0.42844367671940398
 -0.99761610861221961
 -0.97183897284212029
 0.063648249201443158
 -0.65864840122301938
 -0.40051154007206008
 0.31018445326869876
 0.20044979956074258
 -0.99900971917850867
 -0.63997474726332781
 0.22444425114614314
