# Created by Octave 8.4.0, Thu Dec 11 09:47:23 2025 IST <gamana@Samsung>
# name: iq
# type: matrix
# rows: 2048
# columns: 1
 1
 0.60515314967079348
 -0.26757933088703645
 -0.92900609941698054
 -0.85680260336409175
 0.036058340503170451
 0.72610466550790553
 0.98679653937238487
 -0.7737705401199878
 -0.92900609941698054
 -0.99739959216031482
 -0.76197358843289098
 -0.85680260336409153
 -0.66095491288473074
 -0.40332217000396425
 -0.10798748872685082
 0.19744169751515539
 0.48441433643541743
 -0.64702319695337762
 0.89991984314001949
 0.9077975051441477
 0.88325162371234833
 0.89173695753970295
 -0.68814117224586857
 0.46822140226296938
 0.17935501392598432
 -0.126277206267076
 0.9637408804343649
 -0.67466245436658678
 -0.00076736500861407635
 -0.97667740455693652
 -0.96333021840326272
 -0.92203355216466776
 0.51630187553582951
 -0.53068550131166847
 -0.24978974675651788
 -0.16272196520846155
 0.35361122716835897
 -0.90715275704229548
 -0.21396247916027278
 0.95866339707144232
 0.99983041623178193
 0.94753482023462876
 0.80666512125541268
 0.59038960288433207
 0.31892536915557335
 0.017648480643128749
 -0.28527816079509682
 0.97634672945533696
 -0.7853050539592259
 -0.93566355795921996
 -0.98704394936000728
 -0.72504855459477169
 -0.84716133746730915
 -0.64702319695337762
 0.92843705653776321
 -0.089661145336106474
 -0.60637424912365256
 0.50044297299076146
 -0.60393062484249249
 0.26905778268971947
 0.9920916021661278
 0.85601021937775568
 0.10646160669493715
 0.70029174263479022
 0.45186966259101069
 0.1612074989385934
 -0.14452409467834526
 0.97700577919626364
 -0.68814117224586857
 -0.8752101648306293
 -0.82874185099002262
 -0.94704312407739244
 -0.31747040782898966
 -0.74991820004097443
 0.99863888959664804
 0.64585224921887574
 0.072835130888845759
 0.37077718740857579
 -0.88253094986404579
 -0.15969265296119067
 0.68925392602654534
 0.99932172244443662
 0.51367074118915579
 0.79564447111414049
 0.57542581511072144
 0.30141723570001927
 -0.00076736500861407635
 0.79750008827622731
 0.9629172873478028
 -0.79657321781796253
 -0.51761562011455653
 -0.9993770622619782
 -0.68591080477393629
 -0.8372327419467338
 -0.63287203175829598
 -0.36935141386161252
 -0.071304391795586203
 -0.64936051767992853
 -0.99838816415566489
 -0.55899496658575176
 0.32183303479668407
 0.99423482618450487
 0.98016283268951387
 0.87446671960772626
 -0.76395780318866069
 0.43536466339879998
 -0.41731779233287913
 0.47093140178253623
 -0.45323823806721858
 -0.70138649497904204
 -0.1110384861372592
 -0.98392175803403514
 -0.92786582682140761
 -0.26462053999945312
 0.60759392032488957
 0.99999528921032244
 0.60270667751827289
 -0.27053560075471322
 -0.93013761930787031
 0.64819262069187789
 0.84797579643587995
 0.72821175405807848
 0.99847409117038255
 0.93512086019445517
 0.78435396419772463
 -0.97733185259986499
 -0.75998219468248429
 0.057520614988206521
 -0.32037957928655969
 0.9465491972583544
 -0.80757120990081976
 -0.94802428457192678
 -0.9998575018847834
 -0.64467978024643724
 0.21845776152962559
 0.90908058516579637
 0.8818081973056815
 0.15817743084431238
 -0.69036505634113388
 -0.99373060737930219
 0.76296659435509939
 0.3736261111647376
 0.96455539355974218
 0.97634672945533696
 0.86538522478011948
 0.67352883541892117
 -0.96250208824059569
 0.1247546135053899
 -0.18086464573051755
 -0.46957695504264702
 0.68479319633608504
 -0.89243045547475575
 -0.9870439493600085
 -0.90585685224972345
 -0.89924955625485847
 0.65052688516665591
 0.99829988554123306
 0.55772175493586962
 -0.32328573226248619
 0.40472606164912256
 0.6621058348567973
 -0.049858050913987026
 0.76494721259890497
 0.99728780989863108
 0.41592259907073292
 -0.47228473929236653
 0.54491788372008809
 -0.72293121193018939
 0.11256359432942846
 0.85916763922364559
 -0.60637424912365256
 -0.81829530004591811
 -0.6088121604017056
 -0.99999882230188708
 -0.9527959268197127
 -0.81652712817408524
 0.93070009365436368
 -0.33487961217098988
 0.10340909394795389
 -0.72926272673208903
 -0.98604036598681322
 0.77474182782419287
 0.4242789487687742
 0.97765562399971406
 0.75898381154481431
 0.85601021937775568
 0.65980243410195294
 -0.94605304094091414
 -0.31455824529877263
 -0.19894598283625273
 0.99879427926736775
 -0.72715906615685566
 -0.90058801035737768
 -0.90971891406342786
 -0.88108336773961071
 -0.8910413592107852
 0.69147456057248458
 0.99355785265223773
 0.51103476725282548
 0.1277995015959035
 0.42149746129340659
 0.6757944842168484
 0.0053715297560473045
 0.97700577919626508
 0.9957632809772784
 0.92143835717186395
 0.7609787877609705
 -0.9947179686701888
 0.24830337378897069
 0.16726305010568898
 -0.35504638522223064
 0.90520569861137001
 -0.82874185099002262
 -0.95909896399592787
 -0.9982092555350186
 -0.94704312407739244
 0.32473766826230821
 -0.58915019910744659
 0.82442307956011951
 -0.016113969322028313
 -0.76593482025537174
 0.56280668962743263
 -0.41452642614610541
 0.93620405186557298
 0.99863888959664804
 0.96772249425417678
 -0.11408843738974658
 -0.85995193962079575
 0.38498633679420874
 0.088132491563609597
 0.61002896648465676
 0.99998115688567257
 0.60025452691696923
 -0.27348932174976931
 -0.93126037583336918
 -0.85362097744857279
 -0.88253094986404579
 -0.69919534082601087
 0.98578366236304771
 -0.15969265296119067
 0.14604254134424832
 0.43812590268212964
 -0.75798364069952995
 0.87595154858681679
 0.98076656270360296
 0.99390102147704307
 0.91412713582838767
 0.74890204634163549
 0.51367074118914369
 0.23042228230537098
 0.22145204955192735
 -0.37220208762835455
 -0.63524559604554065
 0.15514587246881095
 -0.69258243610723424
 -0.99926402882828158
 -0.9409691150517755
 0.37647151477281421
 0.96536081904994131
 0.79191076566087004
 0.0023020932183935843
 -0.80026942036837689
 -0.96166488978812192
 0.79750008827622731
 0.94251761959052915
 0.99943004815055925
 0.68255314321866201
 -0.16877596188281066
 0.63168301221953482
 -0.90455241285493049
 0.069773484752231343
 -0.23490011927419616
 0.99811627435049122
 0.55517139367099122
 -0.32618883937625204
 -0.94995980074298558
 -0.97985750431784746
 -0.87372121466920871
 0.76692062383185378
 -0.43398250394614873
 0.4131292768474466
 0.16423604820363752
 -0.98801033476922906
 -0.72080705811183032
 0.11561301172658989
 0.98419470203205239
 0.99170166301589102
 0.906505872236266
 -0.61124433570766012
 -0.99997055768587484
 0.21246303906392794
 0.27496521772261423
 0.93181846452520023
 0.85282053973501504
 -0.84878825808546021
 -0.73135951650067665
 -0.98552463682815961
 -0.46142715960880532
 0.42705643886636363
 0.97829625774311346
 -0.28233491333365301
 -0.06211655650361627
 -0.83216174413215693
 0.59286423571776004
 -0.31164311913308568
 0.5678704142573785
 0.99988223247719876
 0.95778549015728354
 -0.22294841291494655
 0.61729952884911965
 -0.87962748441830119
 0.051390813039935278
 -0.25276072413051021
 0.99320532294327812
 0.5083939785619066
 -0.37789288814250754
 -0.96576012155713209
 -0.97601375467033502
 -0.86461514160246733
 -0.67239363004398134
 -0.4173177923328662
 -0.12323172689716683
 0.18237385152714947
 0.47093140178253623
 0.71546700626009307
 0.17028847612566869
 0.98728903446803762
 0.90389699651915167
 0.20646030966758724
 -0.65401678316449274
 -0.99802094220665827
 0.19443173525695573
 0.3276392421862615
 -0.40612900000404117
 0.82268196381360825
 0.045259074365704664
 -0.76790462100639278
 -0.99717367862900375
 -0.41173115446567415
 -0.77182249939500824
 -0.54363038747502812
 0.71974243327150733
 0.039125630047652724
 -0.86151446198985537
 0.60759392032490089
 0.81917649590739106
 0.95418370796813667
 0.99995760315919946
 0.59779672096999548
 -0.27644046604345041
 0.60270667751827289
 -0.85201809329117661
 -0.098828507048008718
 0.73240532865648289
 0.98526328999226143
 0.46006503773119856
 -0.42844367671940398
 -0.97861311857772648
 -0.75597794531356421
 0.063648249201443158
 0.83301182226409876
 -0.40051154007206008
 -0.10493547390374451
 0.20044979956074258
 0.4870973329339145
 0.72821175405807848
 0.22444425114614314
