# Created by Octave 8.4.0, Thu Dec 11 09:47:23 2025 IST <gamana@Samsung>
# name: iq
# type: matrix
# rows: 2048
# columns: 1
 1
 0.95326076620586331
 -0.26757933088703645
 0.60515314967079337
 -0.85680260336409175
 -0.10798748872685082
 0.72610466550790553
 -0.54620409646762802
 0.46822140226297015
 -0.92900609941698054
 -0.97667740455693652
 -0.76197358843289098
 -0.85680260336409153
 0.82788199261989504
 -0.40332217000396425
 -0.10798748872685082
 -0.56153743692579583
 0.48441433643541743
 -0.64702319695337762
 0.2154614152901913
 0.98961189288312468
 0.98679653937238465
 0.1612074989385934
 -0.68814117224586857
 0.46822140226296938
 0.17935501392598432
 -0.126277206267076
 -0.42010522672696088
 -0.67466245436658678
 -0.86615326963267925
 -0.97667740455693652
 -0.96333021840326272
 -0.92203355216466776
 -0.76197358843289098
 0.99423482618450443
 -0.24978974675651788
 0.054455970544694823
 -0.88397021715310997
 0.61971144815431445
 0.82788199261989504
 0.64819262069187789
 0.99983041623178193
 0.94753482023462876
 -0.32037957928655297
 -0.94802428457192678
 -0.82702018425964863
 0.017648480643128749
 -0.28527816079509682
 -0.56153743692579727
 -0.7853050539592259
 -0.46957695504264702
 -0.98704394936000728
 -0.96810813435476473
 -0.84716133746730915
 -0.64702319695337762
 0.92843705653776321
 -0.089661145336106474
 0.2154614152901913
 -0.99999882230188708
 -0.60393062484249249
 0.9077975051441477
 0.9920916021661278
 0.85601021937775568
 0.10646160669493715
 -0.72715906615685078
 -0.98654680508791737
 0.1612074989385934
 0.42149746129340016
 -0.43674579739516622
 0.7609787877609705
 -0.055988358703831516
 -0.82874185099002262
 -0.99406909454407066
 -0.31747040782898966
 -0.74991820004097443
 -0.51498691486160741
 -0.23191544205296488
 0.072835130888845759
 -0.90844011502317967
 0.634059560632665
 0.83807101776911563
 0.68925392602654534
 0.99390102147704307
 0.94148750121272873
 0.79564447111414049
 -0.96414927247383364
 0.30141723570001927
 0.0023020932183935843
 -0.30288023361216132
 -0.57668032211486553
 0.36792477034572635
 -0.94200366979757377
 -0.9993770622619782
 -0.96333021840326272
 0.1642360482036235
 -0.63287203175829598
 -0.36935141386161252
 -0.071304391795586203
 0.23340805554780536
 -0.99838816415566489
 0.75093258738581303
 0.32183303479668407
 0.94851151593640137
 0.98016283268951387
 0.87446671960772626
 0.68702679762006169
 -0.97601375467033502
 -0.41731779233287913
 0.47093140178253623
 -0.45323823806721858
 0.72399073590501128
 -0.1110384861372592
 -0.98392175803403514
 -0.99189780074717793
 -0.26462053999945312
 0.60759392032488957
 0.99999528921032244
 0.60270667751827289
 -0.27053560075471322
 0.38781739206357746
 -0.85521581914818334
 -0.10493547390375864
 0.96849149417710867
 0.98629474709482945
 0.46550699135830681
 -0.42288870306631471
 -0.97733185259986499
 -0.75998219468248429
 -0.019182950395057383
 -0.32037957928655969
 -0.59162761605977232
 -0.80757120990081976
 -0.56407461669631687
 -0.99871776062003026
 -0.64467978024643724
 0.21845776152962559
 0.90908058516579637
 -0.35217523621993413
 -0.052923454120163547
 -0.69036505634113388
 -0.99373060737930219
 -0.51235335761857304
 0.3736261111647376
 0.99604083802624588
 0.97634672945533696
 -0.0038368160058314137
 0.67352883541892117
 0.41871200264625297
 0.1247546135053899
 0.5189281455033995
 0.99455926362965252
 0.68479319633608504
 -0.1657497443578384
 -0.88540115604661895
 -0.98939008741680945
 -0.21096309853294973
 0.65052688516665591
 0.99829988554123306
 0.55772175493586962
 0.10951311640544466
 0.40472606164912256
 0.6621058348567973
 -0.049858050913987026
 0.97291362704571205
 0.99728780989863108
 0.92843705653776054
 -0.47228473929236653
 -0.98753179411920244
 0.26610024882900052
 -0.037592029547473621
 0.85916763922364559
 -0.60637424912365256
 0.26314020788369136
 -0.6088121604017056
 -0.99999882230188708
 -0.60148131058103105
 -0.81652712817408524
 0.93070009365436368
 -0.33487961217098988
 0.10340909394795389
 0.2690577826897263
 -0.98604036598681322
 -0.46414813962684615
 0.4242789487687742
 0.99750902515076378
 0.9721994811062209
 -0.059052735788742081
 0.65980243410195294
 0.40191732837529215
 -0.31455824529877263
 0.5653412151459779
 0.99879427926736775
 -0.72715906615685566
 -0.90058801035737768
 -0.98983136742132305
 -0.98654680508791737
 -0.8910413592107852
 -0.71224273251685499
 0.99355785265223773
 -0.17784495966932298
 0.1277995015959035
 0.42149746129340659
 -0.79284699542711268
 0.0053715297560473045
 0.97700577919626508
 0.96208462205960266
 0.36506888685045302
 0.7609787877609705
 0.52938408740299536
 -0.68367397493892357
 -0.055988358703845706
 0.88611349812894491
 -0.62091521972729924
 0.20946266110028544
 -0.95909896399592787
 -0.99980097558199144
 -0.55644722963027093
 -0.8057571325940257
 -0.58915019910744659
 0.82442307956011951
 -0.016113969322028313
 0.28674877834389367
 0.56280668962743263
 0.7862542940161692
 0.93620405186557298
 0.98777222774170659
 0.7218699851659488
 -0.11408843738974658
 0.64585224921887574
 -0.92671681226430636
 -0.2616592559684634
 0.61002896648465676
 0.99998115688567257
 0.60025452691696923
 -0.27348932174976931
 -0.93126037583336918
 -0.85362097744857279
 -0.88253094986404579
 -0.69919534082601087
 -0.45050002278269863
 -0.15969265296119067
 -0.42566819512619902
 -0.97797709263318722
 0.68925392602655566
 0.87595154858681679
 0.98076656270360296
 0.99390102147704307
 0.31310105095444601
 0.74890204634163549
 -0.99886844535843011
 0.23042228230537098
 -0.074365698426512916
 0.9103551002125686
 0.88035646287310099
 0.15514587246881095
 -0.96414927247383364
 -0.99338275770275697
 -0.9409691150517755
 0.37647151477281421
 -0.57416995275079008
 -0.29995352783086127
 0.0023020932183935843
 0.3043425181213476
 0.57793347080836122
 0.79750008827622731
 0.94251761959052915
 0.99943004815055925
 0.68255314321866201
 0.83639249410950756
 -0.88682375306288164
 0.36792477034572635
 0.069773484752231343
 -0.23490011927419616
 -0.51761562011456874
 0.55517139367099122
 -0.9159841062931755
 -0.94995980074298558
 -0.97985750431784746
 -0.87372121466920871
 -0.68591080477393629
 0.97500104008487365
 -0.14148618368935256
 -0.47498807387394915
 -0.98801033476922906
 0.70247959528018322
 0.11561301172658989
 0.86073421449037835
 0.92613903012995313
 0.906505872236266
 0.73657130166022011
 0.49778317453547566
 0.21246303906392794
 0.27496521772261423
 -0.38923155116934799
 0.85282053973501504
 0.10035560692400715
 -0.73135951650067665
 -0.99838816415566412
 -0.93457595984954878
 -0.78340102697185532
 0.97829625774311346
 -0.28233491333365301
 -0.06211655650361627
 -0.83216174413215693
 -0.94505404449062247
 0.80847539639604582
 0.94851151593640592
 0.99988223247719876
 0.64115327353555451
 0.82615642793918065
 0.61729952884911965
 0.35073841575927878
 -0.15362954335073706
 -0.25276072413051021
 0.99320532294327812
 0.5083939785619066
 -0.37789288814250754
 -0.96576012155713209
 -0.79097267063101617
 -0.86461514160246733
 0.80118876405724115
 -0.4173177923328662
 -0.12323172689716683
 0.18237385152714947
 0.47093140178253623
 -0.68143070381530291
 0.89312185138248557
 0.88753191917548446
 0.90389699651915167
 0.89857715128068705
 -0.65401678316449274
 -0.99802094220665827
 -0.55389425006308268
 -0.1110384861372592
 0.95043808879258174
 -0.66325519730728677
 0.045259074365704664
 -0.76790462100639278
 -0.99717367862900375
 -0.41173115446567415
 0.47633806457826483
 -0.54363038747502812
 0.71974243327150733
 0.039125630047652724
 0.33921439615447818
 -0.92555906657122378
 -0.25869550669401586
 0.61245826520808466
 0.99999528921032244
 0.95232884322163303
 -0.27644046604345041
 0.60270667751827289
 -0.85201809329117661
 -0.098828507048008718
 -0.27053560075472688
 0.98526328999226143
 0.46006503773119856
 -0.93013761930787031
 -0.99761610861221961
 -0.75597794531356421
 0.063648249201443158
 -0.65864840122301938
 0.94455120671081727
 -0.10493547390374451
 0.20044979956074258
 0.4870973329339145
 -0.63997474726332781
