# Created by Octave 8.4.0, Thu Dec 11 09:47:23 2025 IST <gamana@Samsung>
# name: iq
# type: matrix
# rows: 2048
# columns: 1
 1
 0.60515314967079348
 -0.26757933088703645
 0.60515314967079337
 -0.85680260336409175
 -0.10798748872685082
 -0.26757933088703667
 0.98679653937238487
 0.46822140226297015
 -0.92900609941698054
 -0.99739959216031482
 -0.97255769945533388
 -0.85680260336409153
 -0.66095491288473074
 -0.40332217000396425
 0.31892536915557507
 0.19744169751515539
 0.48441433643541743
 -0.64702319695337762
 0.2154614152901913
 0.9077975051441477
 0.98679653937238465
 0.1612074989385934
 -0.68814117224586857
 -0.99406909454407066
 0.17935501392598432
 -0.126277206267076
 0.9637408804343649
 0.7956444711141426
 -0.00076736500861407635
 -0.97667740455693652
 -0.96333021840326272
 -0.92203355216466776
 0.51630187553582951
 -0.53068550131166847
 0.6870267976200668
 -0.16272196520846155
 0.35361122716835897
 -0.90715275704229548
 0.82788199261989504
 0.64819262069187789
 0.99983041623178193
 0.94753482023462876
 -0.32037957928655297
 -0.94802428457192678
 0.31892536915557335
 0.017648480643128749
 -0.28527816079509682
 -0.56153743692579727
 -0.7853050539592259
 -0.93566355795921996
 -0.99855766638299481
 -0.72504855459477169
 -0.84716133746730915
 -0.64702319695337762
 -0.38640231949417558
 0.26610024882900735
 0.2154614152901913
 0.50044297299076146
 0.73864388846083573
 0.9077975051441477
 0.92957295411873897
 0.98364649651042202
 0.10646160669493715
 -0.72715906615685078
 0.45186966259101069
 -0.46686474663636957
 0.42149746129340016
 0.97700577919626364
 -0.68814117224586857
 -0.8752101648306293
 -0.82874185099002262
 -0.94704312407739244
 -0.31747040782898966
 -0.74991820004097443
 -0.51498691486160741
 -0.23191544205296488
 0.072835130888845759
 0.37077718740857579
 0.634059560632665
 -0.15969265296119067
 0.9637408804343649
 0.99390102147704307
 0.51367074118915579
 -0.37220208762835455
 0.57542581511072144
 0.30141723570001927
 0.0023020932183935843
 -0.30288023361216132
 0.9629172873478028
 0.36792477034572635
 -0.51761562011455653
 -0.99439821600798184
 -0.68591080477393629
 0.1642360482036235
 -0.63287203175829598
 -0.36935141386161252
 0.21246303906394182
 -0.64936051767992853
 -0.99838816415566489
 -0.55899496658575176
 0.32183303479668407
 0.94851151593640137
 0.82615642793918065
 0.051390813039935278
 0.68702679762006169
 -0.97601375467033502
 0.14300530760092806
 -0.16272196520846155
 0.98728903446803762
 0.72399073590501128
 -0.88397021715310997
 -0.98392175803403514
 -0.92786582682140761
 -0.26462053999945312
 0.60759392032488957
 0.99999528921032244
 0.60270667751827289
 -0.27053560075471322
 0.38781739206357746
 0.64819262069187789
 0.84797579643587995
 0.96849149417710867
 0.99847409117038255
 0.93512086019445517
 -0.42288870306631471
 -0.97733185259986499
 0.28380687130319676
 0.057520614988206521
 0.82959975734471325
 0.9465491972583544
 0.31601469873379551
 -0.94802428457192678
 -0.9998575018847834
 -0.95822557211480941
 0.21845776152962559
 -0.61850621691532082
 0.8818081973056815
 -0.052923454120163547
 0.25127553137023834
 -0.99373060737930219
 0.76296659435509939
 0.3736261111647376
 0.99604083802624588
 0.97634672945533696
 0.86538522478011948
 0.67352883541892117
 0.41871200264625297
 -0.36649726022122142
 0.5189281455033995
 -0.46957695504264702
 0.68479319633608504
 -0.89243045547475575
 -0.9870439493600085
 -0.98939008741680945
 -0.21096309853294973
 -0.72504855459477169
 0.99829988554123306
 -0.19593694714062365
 0.10951311640544466
 0.40472606164912256
 0.6621058348567973
 -0.049858050913987026
 0.76494721259890497
 0.97567848098621912
 0.92843705653776054
 -0.47228473929236653
 0.54491788372008809
 -0.72293121193018939
 0.11256359432942846
 0.85916763922364559
 0.92729241161337761
 -0.81829530004591811
 -0.6088121604017056
 -0.99999882230188708
 -0.60148131058103105
 0.27201278160118081
 0.93070009365436368
 -0.33487961217098988
 0.10340909394795389
 0.2690577826897263
 -0.98604036598681322
 -0.46414813962684615
 0.4242789487687742
 0.97765562399971406
 0.75898381154481431
 0.85601021937775568
 -0.83045570966328242
 -0.94605304094091414
 0.10646160669493009
 0.5653412151459779
 -0.48575640675906639
 -0.72715906615685566
 -0.90058801035737768
 -0.90971891406342786
 -0.98654680508791737
 -0.15666183615691048
 0.69147456057248458
 -0.46686474663636957
 0.51103476725282548
 -0.37504925466358852
 -0.96495924273552103
 0.6757944842168484
 0.86691927435109684
 0.79934819172794036
 0.96208462205960266
 0.36506888685045302
 -0.52023944861085925
 -0.9947179686701888
 0.24830337378897069
 -0.055988358703845706
 -0.35504638522223064
 0.90520569861137001
 -0.82874185099002262
 -0.65169172040482393
 -0.99980097558199144
 -0.55644722963027093
 -0.8057571325940257
 -0.58915019910744659
 -0.31747040782897623
 -0.016113969322028313
 0.28674877834389367
 0.56280668962743263
 -0.41452642614610541
 0.47363696438451702
 0.98777222774170659
 0.96772249425417678
 0.84634488309812139
 0.64585224921887574
 0.38498633679420874
 -0.2616592559684634
 0.61002896648465676
 -0.50177110567169725
 0.60025452691696923
 -0.90844011502318567
 -0.93126037583336918
 -0.85362097744857279
 -0.88253094986404579
 0.73031198170342548
 0.98578366236304771
 0.46278819464259663
 0.14604254134424832
 0.43812590268212964
 -0.75798364069952995
 0.060584717496686646
 0.83130970592959941
 0.94555465629370727
 0.91412713582838767
 0.74890204634163549
 0.51367074118914369
 0.23042228230537098
 -0.074365698426512916
 -0.37220208762835455
 0.88035646287310099
 -0.83890731960218134
 -0.96414927247383364
 -0.99338275770275697
 -0.50971497319771586
 0.37647151477281421
 -0.57416995275079008
 -0.29995352783086127
 -0.0069062308541822806
 0.3043425181213476
 0.57793347080836122
 0.79750008827622731
 0.94251761959052915
 0.99943004815055925
 0.68255314321866201
 -0.16877596188281066
 -0.88682375306288164
 0.36792477034572635
 0.069773484752231343
 0.65285502065077339
 -0.51761562011456874
 0.55517139367099122
 -0.9159841062931755
 -0.94995980074298558
 -0.97985750431784746
 -0.046792177966206036
 -0.68591080477393629
 -0.43398250394614873
 -0.14148618368935256
 -0.47498807387394915
 -0.98801033476922906
 0.70247959528018322
 0.8846867284937584
 0.98419470203205239
 0.92613903012995313
 0.906505872236266
 0.73657130166022011
 -0.99997055768587484
 0.21246303906392794
 -0.092717815718463617
 0.93181846452520023
 0.85282053973501504
 0.10035560692400715
 -0.96887257281824157
 -0.98552463682815961
 -0.93457595984954878
 -0.78340102697185532
 0.97829625774311346
 0.75698168450242054
 -0.06211655650361627
 0.32183303479668407
 0.59286423571776004
 -0.31164311913308568
 0.5678704142573785
 0.99894025871852765
 0.64115327353555451
 -0.22294841291494655
 0.61729952884911965
 0.35073841575927878
 0.051390813039935278
 0.69368868033596887
 0.99320532294327812
 -0.7639578031886699
 -0.92321742549042496
 -0.96576012155713209
 -0.97601375467033502
 -0.86461514160246733
 0.80118876405724115
 -0.4173177923328662
 -0.12323172689716683
 0.18237385152714947
 0.47093140178253623
 -0.68143070381530291
 0.89312185138248557
 0.98728903446803762
 0.98916595154481612
 0.89857715128068705
 0.72399073590500151
 0.48172677598880875
 0.19443173525695573
 0.3276392421862615
 -0.40612900000404117
 0.82268196381360825
 0.045259074365704664
 -0.76790462100639278
 -0.99717367862900375
 -0.92786582682140228
 -0.77182249939500824
 0.98824611464094247
 -0.26462053999945312
 -0.11713731374898172
 -0.86151446198985537
 0.60759392032490089
 0.81917649590739106
 0.95418370796813667
 0.99999528921032244
 0.95232884322163303
 -0.27644046604345041
 -0.93237435841533678
 0.3334331020884379
 0.032990711232170816
 -0.27053560075472688
 0.98526328999226143
 -0.7757112907044148
 -0.93013761930787031
 -0.99761610861221961
 -0.97183897284212029
 -0.85521581914817602
 0.83301182226409876
 -0.40051154007206008
 0.31018445326869876
 -0.56913300896187546
 -0.99900971917850867
 -0.63997474726332781
 0.22444425114614314
