# Created by Octave 8.4.0, Thu Dec 11 09:47:23 2025 IST <gamana@Samsung>
# name: iq
# type: matrix
# rows: 2048
# columns: 1
 1
 0.60515314967079348
 0.81741217677477895
 0.60515314967079337
 -0.85680260336409175
 0.036058340503170451
 -0.26757933088703667
 0.98679653937238487
 -0.7737705401199878
 -0.42010522672696088
 -0.99739959216031482
 -0.97255769945533388
 -0.85680260336409153
 -0.66095491288473074
 0.94753482023462932
 0.31892536915557507
 0.19744169751515539
 -0.9985576663829947
 0.72610466550790553
 0.2154614152901913
 0.98961189288312468
 0.88325162371234833
 0.89173695753970295
 -0.68814117224586857
 -0.99406909454407066
 0.17935501392598432
 -0.126277206267076
 -0.42010522672696088
 0.7956444711141426
 -0.00076736500861407635
 -0.97667740455693652
 -0.99590323237511935
 -0.36935141386161585
 -0.76197358843289098
 0.99423482618450443
 0.6870267976200668
 -0.16272196520846155
 -0.88397021715310997
 0.61971144815431445
 0.82788199261989504
 0.64819262069187789
 0.99983041623178193
 0.56026686158099936
 -0.32037957928655297
 0.59038960288433207
 -0.82702018425964863
 -0.052923454120163547
 0.76296659435509484
 0.97634672945533696
 -0.7853050539592259
 -0.46957695504264702
 -0.99855766638299481
 -0.72504855459477169
 0.10951311640544466
 -0.64702319695337762
 -0.38640231949417558
 0.26610024882900735
 -0.60637424912365256
 0.50044297299076146
 0.73864388846083573
 0.26905778268971947
 0.9920916021661278
 0.98364649651042202
 0.88325162371234833
 0.70029174263479022
 0.45186966259101069
 0.1612074989385934
 -0.14452409467834526
 -0.43674579739516622
 -0.68814117224586857
 -0.8752101648306293
 -0.98046585238934292
 -0.94704312407739244
 -0.31747040782898966
 -0.74991820004097443
 0.99863888959664804
 -0.23191544205296488
 0.072835130888845759
 -0.90844011502317967
 0.634059560632665
 0.83807101776911563
 0.9637408804343649
 0.99390102147704307
 0.51367074118915579
 0.79564447111414049
 0.57542581511072144
 -0.79471385035234265
 -0.00076736500861407635
 -0.30288023361216132
 -0.57668032211486553
 0.36792477034572635
 -0.51761562011455653
 -0.99439821600798184
 -0.68591080477393629
 -0.8372327419467338
 0.8846867284937584
 0.906505872236266
 -0.071304391795586203
 0.23340805554780536
 0.51630187553582951
 -0.55899496658575176
 0.91536727170487375
 0.94851151593640137
 0.82615642793918065
 0.87446671960772626
 0.68702679762006169
 0.43536466339879998
 -0.41731779233287913
 -0.16272196520846155
 -0.45323823806721858
 0.72399073590501128
 -0.88397021715310997
 -0.85838131514628069
 -0.92786582682140761
 -0.26462053999945312
 -0.73760846374062494
 -0.49911366156833592
 0.60270667751827289
 -0.27053560075471322
 -0.93013761930787031
 0.64819262069187789
 -0.10493547390375864
 0.96849149417710867
 0.98629474709482945
 0.46550699135830681
 -0.42288870306631471
 0.56026686158099936
 0.28380687130319676
 0.057520614988206521
 0.82959975734471325
 0.9465491972583544
 0.31601469873379551
 -0.56407461669631687
 -0.99871776062003026
 -0.95822557211480941
 -0.82702018425964863
 -0.61850621691532082
 -0.35217523621993413
 -0.052923454120163547
 -0.69036505634113388
 0.53198566524571467
 -0.51235335761857304
 0.3736261111647376
 0.96455539355974218
 0.79378135772453473
 0.86538522478011948
 0.67352883541892117
 0.41871200264625297
 0.1247546135053899
 0.5189281455033995
 -0.46957695504264702
 0.68479319633608504
 -0.89243045547475575
 -0.88540115604661895
 -0.90585685224972345
 -0.89924955625485847
 -0.72504855459477169
 -0.48307112512406863
 0.55772175493586962
 -0.32328573226248619
 -0.94899651318043343
 -0.82529072569298034
 0.85759296924080952
 0.76494721259890497
 0.97567848098621912
 0.92843705653776054
 0.77279742987957578
 -0.98753179411920244
 -0.72293121193018939
 0.11256359432942846
 -0.3377702626083236
 -0.60637424912365256
 -0.81829530004591811
 -0.9537233602852011
 -0.99998940073362763
 -0.9527959268197127
 0.27201278160118081
 -0.60393062484248683
 0.85441940454650211
 -0.034524566527187259
 -0.72926272673208903
 0.54748902268809918
 -0.46414813962684615
 0.92957295411873897
 0.99750902515076378
 0.9721994811062209
 0.85601021937775568
 -0.83045570966328242
 0.40191732837529215
 0.10646160669493009
 -0.19894598283625273
 -0.48575640675906639
 0.64350579279766673
 -0.90058801035737768
 -0.90971891406342786
 -0.98654680508791737
 -0.15666183615691048
 -0.71224273251685499
 -0.46686474663636957
 0.51103476725282548
 0.1277995015959035
 0.42149746129340659
 0.6757944842168484
 0.86691927435109684
 0.97700577919626508
 0.96208462205960266
 0.92143835717186395
 0.7609787877609705
 0.52938408740299536
 0.24830337378897069
 0.16726305010568898
 -0.35504638522223064
 -0.62091521972729924
 0.20946266110028544
 -0.65169172040482393
 -0.9982092555350186
 -0.55644722963027093
 0.32473766826230821
 -0.58915019910744659
 -0.31747040782897623
 -0.016113969322028313
 0.28674877834389367
 0.56280668962743263
 0.7862542940161692
 0.93620405186557298
 0.98777222774170659
 0.7218699851659488
 0.84634488309812139
 -0.85995193962079575
 0.38498633679420874
 -0.2616592559684634
 0.61002896648465676
 0.99998115688567257
 -0.73967757338202433
 -0.90844011502318567
 -0.99228306681626133
 -0.85362097744857279
 -0.88253094986404579
 0.73031198170342548
 0.98578366236304771
 -0.15969265296119067
 -0.42566819512619902
 -0.97797709263318722
 -0.75798364069952995
 0.060584717496686646
 0.98076656270360296
 0.99390102147704307
 0.91412713582838767
 0.74890204634163549
 -0.99886844535843011
 0.23042228230537098
 -0.074365698426512916
 -0.37220208762835455
 0.88035646287310099
 -0.83890731960218134
 -0.69258243610723424
 -0.99338275770275697
 -0.50971497319771586
 -0.79471385035233399
 -0.57416995275079008
 -0.29995352783086127
 0.0023020932183935843
 -0.80026942036837689
 -0.96166488978812192
 0.79750008827622731
 0.52154952634828522
 0.99943004815055925
 0.96291728734779902
 -0.16877596188281066
 -0.88682375306288164
 -0.90455241285493049
 -0.20796173030008755
 -0.23490011927419616
 0.99811627435049122
 0.55517139367099122
 -0.32618883937625204
 -0.99439821600798184
 -0.82355349158424873
 -0.87372121466920871
 0.76692062383185378
 0.97500104008487365
 0.4131292768474466
 0.16423604820363752
 -0.98801033476922906
 0.70247959528018322
 0.11561301172658989
 0.86073421449037835
 0.92613903012995313
 0.2601776877420115
 -0.61124433570766012
 -0.99997055768587484
 0.21246303906392794
 -0.092717815718463617
 0.93181846452520023
 0.85282053973501504
 -0.84878825808546021
 -0.96887257281824157
 -0.98552463682815961
 -0.46142715960880532
 -0.78340102697185532
 -0.55899496658575176
 0.75698168450242054
 -0.06211655650361627
 -0.83216174413215693
 -0.94505404449062247
 -0.31164311913308568
 0.5678704142573785
 0.99988223247719876
 0.64115327353555451
 0.82615642793918065
 0.61729952884911965
 -0.87962748441830119
 0.051390813039935278
 -0.25276072413051021
 -0.53328457614273284
 -0.7639578031886699
 -0.37789288814250754
 -0.96576012155713209
 -0.97601375467033502
 -0.86461514160246733
 0.80118876405724115
 0.9612428924147971
 0.3622095638296921
 -0.52285837562992521
 -0.99502834951811658
 -0.68143070381530291
 0.17028847612566869
 0.98728903446803762
 0.98916595154481612
 0.20646030966758724
 -0.65401678316449274
 -0.99802094220665827
 -0.55389425006308268
 -0.1110384861372592
 0.95043808879258174
 -0.66325519730728677
 -0.85838131514628802
 -0.76790462100639278
 -0.99717367862900375
 -0.92786582682140228
 -0.77182249939500824
 -0.54363038747502812
 0.71974243327150733
 -0.11713731374898172
 0.33921439615447818
 0.60759392032490089
 0.81917649590739106
 0.95418370796813667
 0.99999528921032244
 0.59779672096999548
 -0.27644046604345041
 -0.93237435841533678
 -0.85201809329117661
 0.032990711232170816
 0.73240532865648289
 0.98526328999226143
 0.46006503773119856
 -0.42844367671940398
 -0.97861311857772648
 -0.75597794531356421
 0.063648249201443158
 0.83301182226409876
 -0.40051154007206008
 0.31018445326869876
 0.20044979956074258
 0.4870973329339145
 0.72821175405807848
