# Created by Octave 8.4.0, Thu Dec 11 09:47:23 2025 IST <gamana@Samsung>
# name: iq
# type: matrix
# rows: 2048
# columns: 1
 1
 0.60515314967079348
 -0.26757933088703645
 -0.92900609941698054
 -0.85680260336409175
 -0.10798748872685082
 -0.26757933088703667
 0.98679653937238487
 -0.7737705401199878
 -0.92900609941698054
 -0.99739959216031482
 -0.97255769945533388
 0.054455970544694823
 0.82788199261989504
 -0.40332217000396425
 0.31892536915557507
 -0.56153743692579583
 0.48441433643541743
 -0.64702319695337762
 0.89991984314001949
 0.98961189288312468
 0.98679653937238465
 0.1612074989385934
 0.71331917142438028
 0.46822140226296938
 0.17935501392598432
 -0.126277206267076
 0.9637408804343649
 -0.67466245436658678
 -0.86615326963267925
 -0.79657321781796042
 -0.99590323237511935
 -0.36935141386161585
 -0.76197358843289098
 -0.53068550131166847
 -0.24978974675651788
 -0.16272196520846155
 0.35361122716835897
 0.61971144815431445
 -0.21396247916027278
 0.64819262069187789
 0.99983041623178193
 0.94753482023462876
 0.80666512125541268
 0.59038960288433207
 -0.82702018425964863
 -0.052923454120163547
 0.76296659435509484
 -0.56153743692579727
 -0.7853050539592259
 -0.46957695504264702
 -0.99855766638299481
 -0.72504855459477169
 0.10951311640544466
 0.85759296924080952
 -0.38640231949417558
 -0.089661145336106474
 0.2154614152901913
 -0.99999882230188708
 0.73864388846083573
 0.26905778268971947
 0.92957295411873897
 0.98364649651042202
 0.10646160669493715
 -0.72715906615685078
 0.45186966259101069
 0.1612074989385934
 -0.14452409467834526
 -0.43674579739516622
 -0.68814117224586857
 -0.8752101648306293
 -0.98046585238934292
 -0.99406909454407066
 -0.91474828106395512
 0.56280668962743263
 -0.51498691486160741
 -0.23191544205296488
 0.072835130888845759
 -0.90844011502317967
 -0.88253094986404579
 -0.15969265296119067
 0.68925392602654534
 0.99390102147704307
 0.94148750121272873
 0.79564447111414049
 0.57542581511072144
 0.30141723570001927
 0.0023020932183935843
 0.79750008827622731
 0.9629172873478028
 -0.79657321781796253
 -0.94200366979757377
 -0.99439821600798184
 -0.96333021840326272
 -0.8372327419467338
 0.8846867284937584
 0.906505872236266
 0.21246303906394182
 -0.64936051767992853
 -0.99838816415566489
 0.75093258738581303
 0.91536727170487375
 0.99423482618450487
 0.82615642793918065
 0.87446671960772626
 -0.76395780318866069
 -0.97601375467033502
 -0.41731779233287913
 0.47093140178253623
 -0.45323823806721858
 0.72399073590501128
 -0.88397021715310997
 -0.98392175803403514
 -0.92786582682140761
 -0.90715275704229548
 0.60759392032488957
 0.99999528921032244
 0.60270667751827289
 -0.27053560075471322
 -0.93013761930787031
 -0.85521581914818334
 0.84797579643587995
 0.96849149417710867
 0.98629474709482945
 0.46550699135830681
 0.78435396419772463
 0.56026686158099936
 -0.75998219468248429
 0.057520614988206521
 -0.32037957928655969
 0.9465491972583544
 -0.80757120990081976
 -0.94802428457192678
 -0.9998575018847834
 -0.95822557211480941
 0.21845776152962559
 -0.61850621691532082
 -0.35217523621993413
 0.15817743084431238
 0.25127553137023834
 -0.99373060737930219
 0.76296659435509939
 0.3736261111647376
 0.96455539355974218
 0.79378135772453473
 -0.0038368160058314137
 -0.79842508030578996
 -0.96250208824059569
 -0.36649726022122142
 -0.18086464573051755
 0.99455926362965252
 0.68479319633608504
 -0.89243045547475575
 -0.9870439493600085
 -0.98939008741680945
 -0.89924955625485847
 -0.72504855459477169
 0.99829988554123306
 -0.19593694714062365
 0.10951311640544466
 0.40472606164912256
 -0.82529072569298034
 0.85759296924080952
 0.76494721259890497
 0.99728780989863108
 0.92843705653776054
 -0.47228473929236653
 0.54491788372008809
 -0.72293121193018939
 -0.037592029547473621
 0.85916763922364559
 0.92729241161337761
 0.26314020788369136
 -0.9537233602852011
 -0.99999882230188708
 -0.60148131058103105
 0.27201278160118081
 0.93070009365436368
 0.85441940454650211
 -0.034524566527187259
 0.2690577826897263
 0.54748902268809918
 -0.46414813962684615
 0.4242789487687742
 0.97765562399971406
 0.9721994811062209
 0.85601021937775568
 -0.83045570966328242
 -0.94605304094091414
 -0.31455824529877263
 -0.19894598283625273
 0.99879427926736775
 -0.72715906615685566
 -0.90058801035737768
 -0.98983136742132305
 -0.98654680508791737
 -0.8910413592107852
 -0.71224273251685499
 0.99355785265223773
 0.51103476725282548
 -0.37504925466358852
 0.42149746129340659
 0.6757944842168484
 0.0053715297560473045
 0.97700577919626508
 0.96208462205960266
 0.36506888685045302
 -0.52023944861085925
 0.52938408740299536
 0.24830337378897069
 -0.055988358703845706
 0.88611349812894491
 -0.62091521972729924
 -0.82874185099002262
 -0.95909896399592787
 -0.99980097558199144
 -0.94704312407739244
 0.32473766826230821
 0.94947927516166009
 0.82442307956011951
 0.048325171352559641
 0.28674877834389367
 -0.97534090919269134
 0.7862542940161692
 0.47363696438451702
 0.99863888959664804
 0.7218699851659488
 0.84634488309812139
 -0.85995193962079575
 0.38498633679420874
 0.088132491563609597
 -0.21695984392310549
 -0.50177110567169725
 0.60025452691696923
 -0.27348932174976931
 -0.93126037583336918
 -0.98336891810956462
 -0.10188247042275954
 0.73031198170342548
 -0.45050002278269863
 -0.15969265296119067
 -0.42566819512619902
 0.43812590268212964
 -0.75798364069952995
 0.87595154858681679
 0.83130970592959941
 0.94555465629370727
 0.91412713582838767
 -0.56660648199307451
 0.51367074118914369
 -0.6423302896377806
 -0.074365698426512916
 -0.37220208762835455
 0.88035646287310099
 0.15514587246881095
 -0.69258243610723424
 -0.99338275770275697
 -0.50971497319771586
 0.37647151477281421
 0.96536081904994131
 -0.29995352783086127
 0.0023020932183935843
 0.3043425181213476
 -0.96166488978812192
 0.79750008827622731
 0.94251761959052915
 0.99487433075577603
 0.96291728734779902
 0.83639249410950756
 -0.88682375306288164
 -0.90455241285493049
 0.069773484752231343
 -0.23490011927419616
 0.99811627435049122
 0.55517139367099122
 -0.9159841062931755
 -0.94995980074298558
 -0.82355349158424873
 -0.046792177966206036
 -0.68591080477393629
 0.97500104008487365
 -0.14148618368935256
 0.16423604820363752
 0.4546057459877848
 0.70247959528018322
 0.8846867284937584
 0.98419470203205239
 0.92613903012995313
 0.906505872236266
 -0.61124433570766012
 -0.99997055768587484
 -0.59902632941566003
 -0.092717815718463617
 0.93181846452520023
 0.85282053973501504
 0.10035560692400715
 -0.96887257281824157
 -0.99838816415566412
 -0.46142715960880532
 0.42705643886636363
 -0.55899496658575176
 0.75698168450242054
 0.020717374963544161
 0.32183303479668407
 -0.94505404449062247
 -0.31164311913308568
 0.94851151593640592
 0.99894025871852765
 0.64115327353555451
 -0.22294841291494655
 0.61729952884911965
 -0.87962748441830119
 -0.15362954335073706
 0.69368868033596887
 -0.53328457614273284
 -0.7639578031886699
 -0.92321742549042496
 -0.99617609760654102
 -0.79097267063101617
 -0.86461514160246733
 0.80118876405724115
 -0.4173177923328662
 -0.12323172689716683
 0.18237385152714947
 -0.99502834951811658
 0.71546700626009307
 0.89312185138248557
 0.98728903446803762
 0.90389699651915167
 0.20646030966758724
 0.72399073590500151
 -0.99802094220665827
 0.19443173525695573
 -0.1110384861372592
 -0.40612900000404117
 -0.66325519730728677
 -0.85838131514628802
 -0.97326726303900257
 -0.99717367862900375
 -0.41173115446567415
 0.47633806457826483
 0.98824611464094247
 -0.26462053999945312
 -0.11713731374898172
 0.33921439615447818
 -0.92555906657122378
 0.81917649590739106
 0.61245826520808466
 0.99999528921032244
 0.95232884322163303
 0.81564015632847064
 -0.93237435841533678
 0.3334331020884379
 -0.098828507048008718
 -0.27053560075472688
 0.98526328999226143
 -0.7757112907044148
 -0.93013761930787031
 -0.97861311857772648
 -0.75597794531356421
 0.063648249201443158
 0.83301182226409876
 0.94455120671081727
 -0.10493547390374451
 0.20044979956074258
 0.4870973329339145
 0.72821175405807848
