# Created by Octave 8.4.0, Thu Dec 11 09:47:23 2025 IST <gamana@Samsung>
# name: iq
# type: matrix
# rows: 2048
# columns: 1
 1
 0.95326076620586331
 -0.26757933088703645
 0.60515314967079337
 -0.85680260336409175
 0.036058340503170451
 0.72610466550790553
 0.98679653937238487
 -0.7737705401199878
 -0.92900609941698054
 -0.99739959216031482
 -0.76197358843289098
 -0.85680260336409153
 -0.66095491288473074
 0.94753482023462932
 -0.10798748872685082
 -0.56153743692579583
 -0.9985576663829947
 0.72610466550790553
 0.2154614152901913
 0.98961189288312468
 0.98679653937238465
 0.1612074989385934
 -0.68814117224586857
 -0.99406909454407066
 -0.51498691486160741
 0.37077718740857579
 0.9637408804343649
 -0.67466245436658678
 -0.00076736500861407635
 -0.97667740455693652
 -0.99590323237511935
 -0.92203355216466776
 0.51630187553582951
 -0.53068550131166847
 -0.24978974675651788
 0.054455970544694823
 -0.88397021715310997
 0.61971144815431445
 0.82788199261989504
 0.95866339707144232
 0.99847409117038255
 0.94753482023462876
 0.80666512125541268
 0.59038960288433207
 0.31892536915557335
 0.017648480643128749
 0.76296659435509484
 0.97634672945533696
 -0.7853050539592259
 -0.46957695504264702
 -0.99855766638299481
 -0.96810813435476473
 0.10951311640544466
 -0.64702319695337762
 0.92843705653776321
 0.26610024882900735
 0.2154614152901913
 0.50044297299076146
 -0.60393062484249249
 0.9077975051441477
 0.92957295411873897
 0.98364649651042202
 0.88325162371234833
 -0.72715906615685078
 0.45186966259101069
 0.1612074989385934
 0.42149746129340016
 -0.43674579739516622
 -0.68814117224586857
 -0.055988358703831516
 -0.82874185099002262
 -0.94704312407739244
 -0.91474828106395512
 0.56280668962743263
 0.99863888959664804
 0.64585224921887574
 -0.21695984392310549
 0.37077718740857579
 -0.88253094986404579
 0.83807101776911563
 0.68925392602654534
 0.99932172244443662
 0.51367074118915579
 -0.37220208762835455
 -0.96414927247383364
 0.30141723570001927
 -0.00076736500861407635
 0.79750008827622731
 0.9629172873478028
 0.36792477034572635
 -0.51761562011455653
 -0.99439821600798184
 -0.68591080477393629
 -0.8372327419467338
 -0.63287203175829598
 0.906505872236266
 0.21246303906394182
 0.23340805554780536
 -0.99838816415566489
 -0.55899496658575176
 0.91536727170487375
 0.94851151593640137
 0.98016283268951387
 0.87446671960772626
 -0.76395780318866069
 -0.97601375467033502
 -0.41731779233287913
 0.47093140178253623
 0.98728903446803762
 0.72399073590501128
 -0.1110384861372592
 -0.98392175803403514
 -0.99189780074717793
 -0.26462053999945312
 0.60759392032488957
 0.99999528921032244
 -0.21396247916026584
 0.091189587921087126
 0.38781739206357746
 0.64819262069187789
 -0.10493547390375864
 0.96849149417710867
 0.99847409117038255
 0.93512086019445517
 0.78435396419772463
 0.56026686158099936
 -0.75998219468248429
 -0.019182950395057383
 0.82959975734471325
 0.9465491972583544
 -0.80757120990081976
 -0.94802428457192678
 -0.99871776062003026
 -0.64467978024643724
 0.21845776152962559
 -0.61850621691532082
 -0.35217523621993413
 -0.052923454120163547
 -0.69036505634113388
 0.53198566524571467
 -0.51235335761857304
 0.92262657540312143
 0.96455539355974218
 0.97634672945533696
 0.86538522478011948
 -0.79842508030578996
 0.41871200264625297
 0.1247546135053899
 0.5189281455033995
 -0.46957695504264702
 0.68479319633608504
 -0.1657497443578384
 -0.88540115604661895
 -0.90585685224972345
 -0.89924955625485847
 0.65052688516665591
 0.99829988554123306
 -0.19593694714062365
 0.10951311640544466
 0.40472606164912256
 0.6621058348567973
 0.85759296924080952
 0.76494721259890497
 0.99728780989863108
 0.41592259907073292
 -0.47228473929236653
 -0.98753179411920244
 0.26610024882900052
 0.11256359432942846
 0.85916763922364559
 -0.60637424912365256
 -0.81829530004591811
 -0.6088121604017056
 -0.99999882230188708
 -0.9527959268197127
 -0.81652712817408524
 0.93070009365436368
 -0.33487961217098988
 -0.034524566527187259
 0.2690577826897263
 0.54748902268809918
 -0.46414813962684615
 0.92957295411873897
 0.99750902515076378
 0.9721994811062209
 -0.059052735788742081
 0.65980243410195294
 0.40191732837529215
 -0.31455824529877263
 0.5653412151459779
 -0.48575640675906639
 0.64350579279766673
 -0.21995516458155873
 -0.90971891406342786
 -0.88108336773961071
 -0.8910413592107852
 -0.71224273251685499
 -0.46686474663636957
 -0.17784495966932298
 -0.37504925466358852
 0.42149746129340659
 0.6757944842168484
 0.86691927435109684
 0.79934819172794036
 0.9957632809772784
 0.92143835717186395
 -0.52023944861085925
 0.52938408740299536
 -0.68367397493892357
 -0.055988358703845706
 -0.35504638522223064
 -0.62091521972729924
 -0.82874185099002262
 -0.65169172040482393
 -0.9982092555350186
 -0.94704312407739244
 0.32473766826230821
 0.94947927516166009
 -0.31747040782897623
 0.048325171352559641
 0.28674877834389367
 -0.97534090919269134
 0.7862542940161692
 0.47363696438451702
 0.98777222774170659
 0.96772249425417678
 -0.11408843738974658
 -0.85995193962079575
 0.38498633679420874
 0.088132491563609597
 0.61002896648465676
 -0.50177110567169725
 -0.73967757338202433
 -0.90844011502318567
 -0.99228306681626133
 -0.98336891810956462
 -0.88253094986404579
 0.73031198170342548
 -0.45050002278269863
 0.46278819464259663
 0.14604254134424832
 0.43812590268212964
 0.68925392602655566
 0.87595154858681679
 0.83130970592959941
 0.94555465629370727
 0.31310105095444601
 0.74890204634163549
 -0.99886844535843011
 0.23042228230537098
 -0.074365698426512916
 0.9103551002125686
 0.88035646287310099
 -0.83890731960218134
 -0.96414927247383364
 -0.99338275770275697
 -0.50971497319771586
 -0.79471385035233399
 -0.57416995275079008
 0.79191076566087004
 0.0023020932183935843
 -0.80026942036837689
 0.57793347080836122
 -0.36363965359780637
 0.94251761959052915
 0.99943004815055925
 0.96291728734779902
 0.83639249410950756
 0.63168301221953482
 0.36792477034572635
 -0.20796173030008755
 -0.23490011927419616
 0.99811627435049122
 -0.7519452059868672
 -0.9159841062931755
 -0.94995980074298558
 -0.82355349158424873
 -0.046792177966206036
 -0.68591080477393629
 0.97500104008487365
 0.4131292768474466
 0.16423604820363752
 0.4546057459877848
 0.70247959528018322
 0.8846867284937584
 0.98419470203205239
 0.92613903012995313
 0.2601776877420115
 -0.61124433570766012
 -0.99997055768587484
 0.21246303906392794
 0.27496521772261423
 0.93181846452520023
 0.85282053973501504
 0.10035560692400715
 -0.73135951650067665
 -0.98552463682815961
 -0.46142715960880532
 0.42705643886636363
 -0.55899496658575176
 0.75698168450242054
 -0.06211655650361627
 0.32183303479668407
 -0.94505404449062247
 0.80847539639604582
 0.5678704142573785
 0.99988223247719876
 0.95778549015728354
 0.82615642793918065
 0.61729952884911965
 0.35073841575927878
 -0.15362954335073706
 0.69368868033596887
 -0.53328457614273284
 -0.7639578031886699
 -0.92321742549042496
 -0.99617609760654102
 -0.97601375467033502
 -0.86461514160246733
 0.80118876405724115
 -0.4173177923328662
 -0.12323172689716683
 -0.52285837562992521
 -0.99502834951811658
 0.71546700626009307
 0.89312185138248557
 0.98728903446803762
 0.90389699651915167
 0.20646030966758724
 0.72399073590500151
 0.48172677598880875
 0.19443173525695573
 0.3276392421862615
 0.95043808879258174
 -0.66325519730728677
 -0.85838131514628802
 -0.76790462100639278
 -0.99717367862900375
 -0.92786582682140228
 0.47633806457826483
 -0.54363038747502812
 -0.26462053999945312
 0.039125630047652724
 0.33921439615447818
 0.60759392032490089
 0.81917649590739106
 0.95418370796813667
 0.99999528921032244
 0.95232884322163303
 0.81564015632847064
 0.60270667751827289
 -0.85201809329117661
 0.032990711232170816
 -0.27053560075472688
 0.98526328999226143
 0.46006503773119856
 -0.93013761930787031
 -0.99761610861221961
 -0.97183897284212029
 -0.85521581914817602
 0.83301182226409876
 -0.40051154007206008
 0.31018445326869876
 -0.56913300896187546
 0.4870973329339145
 0.72821175405807848
 0.9012540563331356
