# Created by Octave 8.4.0, Thu Dec 11 09:47:23 2025 IST <gamana@Samsung>
# name: iq
# type: matrix
# rows: 2048
# columns: 1
 1
 0.60515314967079348
 -0.26757933088703645
 0.60515314967079337
 0.336325333479365
 0.036058340503170451
 0.72610466550790553
 0.98679653937238487
 -0.7737705401199878
 -0.92900609941698054
 -0.99739959216031482
 -0.97255769945533388
 0.054455970544694823
 -0.66095491288473074
 -0.40332217000396425
 0.31892536915557507
 0.19744169751515539
 0.48441433643541743
 -0.64702319695337762
 0.89991984314001949
 0.9077975051441477
 0.98679653937238465
 0.89173695753970295
 0.71331917142438028
 0.46822140226296938
 0.17935501392598432
 0.37077718740857579
 0.9637408804343649
 0.7956444711141426
 -0.86615326963267925
 -0.79657321781796042
 -0.96333021840326272
 -0.36935141386161585
 0.51630187553582951
 -0.53068550131166847
 -0.24978974675651788
 -0.16272196520846155
 0.35361122716835897
 0.61971144815431445
 -0.21396247916027278
 0.64819262069187789
 0.99983041623178193
 0.94753482023462876
 -0.32037957928655297
 0.59038960288433207
 -0.82702018425964863
 0.017648480643128749
 0.76296659435509484
 0.97634672945533696
 -0.7853050539592259
 -0.46957695504264702
 -0.98704394936000728
 -0.72504855459477169
 -0.84716133746730915
 0.85759296924080952
 0.92843705653776321
 0.26610024882900735
 -0.60637424912365256
 -0.99999882230188708
 -0.60393062484249249
 0.26905778268971947
 0.92957295411873897
 0.85601021937775568
 0.88325162371234833
 -0.72715906615685078
 0.45186966259101069
 -0.46686474663636957
 0.42149746129340016
 -0.43674579739516622
 -0.68814117224586857
 -0.8752101648306293
 -0.82874185099002262
 -0.94704312407739244
 -0.31747040782898966
 0.56280668962743263
 0.99863888959664804
 -0.23191544205296488
 -0.21695984392310549
 -0.90844011502317967
 0.634059560632665
 -0.15969265296119067
 0.9637408804343649
 0.99390102147704307
 0.51367074118915579
 -0.37220208762835455
 -0.96414927247383364
 0.30141723570001927
 0.0023020932183935843
 -0.30288023361216132
 0.9629172873478028
 0.36792477034572635
 -0.94200366979757377
 -0.9993770622619782
 -0.68591080477393629
 0.1642360482036235
 0.8846867284937584
 -0.36935141386161252
 -0.071304391795586203
 -0.64936051767992853
 0.51630187553582951
 -0.55899496658575176
 0.91536727170487375
 0.99423482618450487
 0.82615642793918065
 0.051390813039935278
 0.68702679762006169
 -0.97601375467033502
 -0.41731779233287913
 -0.16272196520846155
 0.98728903446803762
 -0.70138649497904204
 -0.88397021715310997
 -0.85838131514628069
 -0.99189780074717793
 -0.26462053999945312
 -0.73760846374062494
 0.99999528921032244
 0.60270667751827289
 -0.27053560075471322
 -0.93013761930787031
 0.64819262069187789
 -0.10493547390375864
 0.72821175405807848
 0.98629474709482945
 0.93512086019445517
 0.78435396419772463
 -0.97733185259986499
 -0.75998219468248429
 0.057520614988206521
 -0.32037957928655969
 -0.59162761605977232
 -0.80757120990081976
 -0.94802428457192678
 -0.99871776062003026
 -0.64467978024643724
 -0.82702018425964863
 0.90908058516579637
 -0.35217523621993413
 0.15817743084431238
 -0.69036505634113388
 0.53198566524571467
 -0.51235335761857304
 0.92262657540312143
 0.96455539355974218
 0.97634672945533696
 0.86538522478011948
 0.67352883541892117
 0.41871200264625297
 -0.36649726022122142
 0.5189281455033995
 -0.46957695504264702
 0.68479319633608504
 -0.1657497443578384
 -0.9870439493600085
 -0.90585685224972345
 -0.89924955625485847
 0.65052688516665591
 0.99829988554123306
 0.55772175493586962
 0.10951311640544466
 -0.94899651318043343
 0.6621058348567973
 0.85759296924080952
 0.97291362704571205
 0.99728780989863108
 0.92843705653776054
 -0.47228473929236653
 0.54491788372008809
 -0.72293121193018939
 -0.037592029547473621
 0.85916763922364559
 -0.60637424912365256
 0.26314020788369136
 -0.6088121604017056
 -0.99998940073362763
 -0.9527959268197127
 0.27201278160118081
 0.93070009365436368
 -0.33487961217098988
 -0.034524566527187259
 0.2690577826897263
 0.54748902268809918
 0.77474182782419287
 0.92957295411873897
 0.97765562399971406
 0.9721994811062209
 -0.059052735788742081
 0.65980243410195294
 0.40191732837529215
 0.10646160669493009
 0.5653412151459779
 -0.48575640675906639
 -0.72715906615685566
 -0.90058801035737768
 -0.90971891406342786
 -0.98654680508791737
 -0.15666183615691048
 -0.71224273251685499
 -0.46686474663636957
 0.51103476725282548
 -0.37504925466358852
 0.42149746129340659
 0.6757944842168484
 0.0053715297560473045
 0.97700577919626508
 0.96208462205960266
 0.36506888685045302
 0.7609787877609705
 -0.9947179686701888
 0.24830337378897069
 -0.055988358703845706
 0.88611349812894491
 0.90520569861137001
 -0.82874185099002262
 -0.95909896399592787
 -0.99980097558199144
 -0.94704312407739244
 0.32473766826230821
 -0.58915019910744659
 -0.31747040782897623
 0.048325171352559641
 0.28674877834389367
 -0.97534090919269134
 0.7862542940161692
 0.47363696438451702
 0.98777222774170659
 0.7218699851659488
 -0.11408843738974658
 0.64585224921887574
 0.38498633679420874
 -0.2616592559684634
 -0.21695984392310549
 0.99998115688567257
 -0.73967757338202433
 -0.27348932174976931
 -0.93126037583336918
 -0.85362097744857279
 -0.10188247042275954
 -0.69919534082601087
 -0.45050002278269863
 -0.15969265296119067
 0.14604254134424832
 0.43812590268212964
 0.68925392602655566
 0.87595154858681679
 0.83130970592959941
 0.99390102147704307
 0.91412713582838767
 0.74890204634163549
 0.51367074118914369
 0.23042228230537098
 -0.074365698426512916
 0.9103551002125686
 0.88035646287310099
 0.15514587246881095
 -0.69258243610723424
 -0.99926402882828158
 -0.9409691150517755
 0.37647151477281421
 -0.57416995275079008
 0.79191076566087004
 -0.0069062308541822806
 -0.80026942036837689
 0.57793347080836122
 0.79750008827622731
 0.94251761959052915
 0.99487433075577603
 0.68255314321866201
 -0.16877596188281066
 0.63168301221953482
 0.36792477034572635
 -0.20796173030008755
 0.65285502065077339
 -0.51761562011456874
 -0.7519452059868672
 -0.9159841062931755
 -0.94995980074298558
 -0.82355349158424873
 -0.046792177966206036
 0.76692062383185378
 -0.43398250394614873
 0.4131292768474466
 0.16423604820363752
 -0.98801033476922906
 -0.72080705811183032
 0.11561301172658989
 0.98419470203205239
 0.99170166301589102
 0.2601776877420115
 0.73657130166022011
 -0.99997055768587484
 -0.59902632941566003
 0.27496521772261423
 0.93181846452520023
 -0.64936051767992853
 0.10035560692400715
 -0.96887257281824157
 -0.98552463682815961
 -0.46142715960880532
 0.42705643886636363
 0.97829625774311346
 -0.28233491333365301
 0.020717374963544161
 -0.83216174413215693
 0.59286423571776004
 -0.31164311913308568
 0.94851151593640592
 0.99988223247719876
 0.64115327353555451
 0.82615642793918065
 0.61729952884911965
 -0.87962748441830119
 0.051390813039935278
 0.69368868033596887
 -0.53328457614273284
 -0.7639578031886699
 -0.92321742549042496
 -0.96576012155713209
 -0.79097267063101617
 0.0084409156854071687
 0.80118876405724115
 0.9612428924147971
 -0.12323172689716683
 0.18237385152714947
 0.47093140178253623
 0.71546700626009307
 0.17028847612566869
 0.88753191917548446
 0.98916595154481612
 0.89857715128068705
 0.72399073590500151
 -0.99802094220665827
 -0.55389425006308268
 0.3276392421862615
 0.95043808879258174
 0.82268196381360825
 0.045259074365704664
 -0.76790462100639278
 -0.9746588744632797
 -0.41173115446567415
 0.47633806457826483
 0.98824611464094247
 0.71974243327150733
 -0.11713731374898172
 0.33921439615447818
 0.60759392032490089
 -0.25869550669401586
 0.61245826520808466
 0.99995760315919946
 0.95232884322163303
 -0.27644046604345041
 0.60270667751827289
 0.3334331020884379
 0.032990711232170816
 -0.27053560075472688
 0.98526328999226143
 -0.7757112907044148
 -0.93013761930787031
 -0.99761610861221961
 -0.75597794531356421
 0.063648249201443158
 0.83301182226409876
 -0.40051154007206008
 0.31018445326869876
 -0.56913300896187546
 0.4870973329339145
 -0.63997474726332781
 0.9012540563331356
