# Created by Octave 8.4.0, Thu Dec 11 09:47:23 2025 IST <gamana@Samsung>
# name: iq
# type: matrix
# rows: 2048
# columns: 1
 1
 0.95326076620586331
 0.81741217677477895
 -0.92900609941698054
 -0.85680260336409175
 -0.10798748872685082
 0.72610466550790553
 0.98679653937238487
 -0.7737705401199878
 -0.92900609941698054
 -0.97667740455693652
 -0.76197358843289098
 -0.85680260336409153
 0.82788199261989504
 -0.40332217000396425
 -0.10798748872685082
 0.19744169751515539
 -0.9985576663829947
 -0.64702319695337762
 0.2154614152901913
 0.98961189288312468
 0.98679653937238465
 0.89173695753970295
 0.71331917142438028
 0.46822140226296938
 0.17935501392598432
 -0.126277206267076
 0.9637408804343649
 0.7956444711141426
 -0.86615326963267925
 -0.97667740455693652
 -0.96333021840326272
 -0.92203355216466776
 -0.76197358843289098
 -0.53068550131166847
 0.6870267976200668
 -0.16272196520846155
 0.35361122716835897
 -0.90715275704229548
 0.82788199261989504
 0.95866339707144232
 0.99983041623178193
 0.94753482023462876
 0.80666512125541268
 -0.94802428457192678
 0.31892536915557335
 0.017648480643128749
 -0.28527816079509682
 0.97634672945533696
 0.41871200264625297
 -0.93566355795921996
 -0.99855766638299481
 -0.72504855459477169
 0.10951311640544466
 0.85759296924080952
 -0.38640231949417558
 -0.089661145336106474
 0.2154614152901913
 -0.99999882230188708
 0.73864388846083573
 0.9077975051441477
 0.9920916021661278
 0.85601021937775568
 0.10646160669493715
 -0.72715906615685078
 -0.98654680508791737
 0.1612074989385934
 -0.14452409467834526
 -0.43674579739516622
 0.7609787877609705
 -0.055988358703831516
 -0.98046585238934292
 -0.99406909454407066
 -0.31747040782898966
 0.56280668962743263
 -0.51498691486160741
 -0.23191544205296488
 0.072835130888845759
 0.37077718740857579
 -0.88253094986404579
 -0.15969265296119067
 0.9637408804343649
 0.99390102147704307
 0.94148750121272873
 0.79564447111414049
 -0.96414927247383364
 0.30141723570001927
 0.0023020932183935843
 0.79750008827622731
 -0.57668032211486553
 -0.79657321781796253
 -0.94200366979757377
 -0.9993770622619782
 -0.96333021840326272
 0.1642360482036235
 0.8846867284937584
 0.906505872236266
 0.21246303906394182
 0.23340805554780536
 0.51630187553582951
 0.75093258738581303
 0.32183303479668407
 0.99423482618450487
 0.82615642793918065
 0.051390813039935278
 -0.76395780318866069
 0.43536466339879998
 -0.41731779233287913
 0.47093140178253623
 -0.45323823806721858
 0.72399073590501128
 -0.1110384861372592
 -0.98392175803403514
 -0.99189780074717793
 -0.26462053999945312
 -0.73760846374062494
 -0.49911366156833592
 -0.21396247916026584
 0.091189587921087126
 0.38781739206357746
 0.64819262069187789
 -0.10493547390375864
 0.72821175405807848
 0.99847409117038255
 0.46550699135830681
 -0.42288870306631471
 0.56026686158099936
 0.28380687130319676
 0.057520614988206521
 -0.32037957928655969
 0.9465491972583544
 0.31601469873379551
 -0.94802428457192678
 -0.99871776062003026
 -0.95822557211480941
 0.21845776152962559
 0.90908058516579637
 -0.35217523621993413
 0.15817743084431238
 -0.69036505634113388
 -0.99373060737930219
 0.76296659435509939
 0.3736261111647376
 0.96455539355974218
 0.79378135772453473
 -0.0038368160058314137
 0.67352883541892117
 -0.96250208824059569
 -0.36649726022122142
 -0.18086464573051755
 -0.46957695504264702
 -0.71439393018262132
 -0.89243045547475575
 -0.88540115604661895
 -0.90585685224972345
 -0.89924955625485847
 0.65052688516665591
 0.99829988554123306
 0.55772175493586962
 0.10951311640544466
 0.40472606164912256
 -0.82529072569298034
 0.85759296924080952
 0.76494721259890497
 0.97567848098621912
 0.92843705653776054
 -0.47228473929236653
 -0.98753179411920244
 0.26610024882900052
 -0.037592029547473621
 0.85916763922364559
 -0.60637424912365256
 -0.81829530004591811
 -0.9537233602852011
 -0.99999882230188708
 -0.9527959268197127
 0.27201278160118081
 0.93070009365436368
 -0.33487961217098988
 0.10340909394795389
 0.2690577826897263
 0.54748902268809918
 -0.46414813962684615
 0.4242789487687742
 0.99750902515076378
 0.75898381154481431
 -0.059052735788742081
 -0.83045570966328242
 0.40191732837529215
 -0.31455824529877263
 -0.19894598283625273
 0.99879427926736775
 -0.72715906615685566
 -0.21995516458155873
 -0.98983136742132305
 -0.88108336773961071
 -0.8910413592107852
 -0.71224273251685499
 0.99355785265223773
 0.51103476725282548
 -0.37504925466358852
 -0.96495924273552103
 0.6757944842168484
 0.86691927435109684
 0.79934819172794036
 0.96208462205960266
 0.92143835717186395
 -0.52023944861085925
 0.52938408740299536
 0.24830337378897069
 0.16726305010568898
 -0.35504638522223064
 -0.62091521972729924
 -0.82874185099002262
 -0.65169172040482393
 -0.99980097558199144
 -0.94704312407739244
 -0.8057571325940257
 -0.58915019910744659
 -0.31747040782897623
 -0.016113969322028313
 0.28674877834389367
 0.56280668962743263
 0.7862542940161692
 0.93620405186557298
 0.98777222774170659
 0.7218699851659488
 0.84634488309812139
 -0.85995193962079575
 -0.92671681226430636
 -0.2616592559684634
 0.61002896648465676
 -0.50177110567169725
 -0.73967757338202433
 -0.27348932174976931
 -0.99228306681626133
 -0.85362097744857279
 -0.88253094986404579
 -0.69919534082601087
 0.98578366236304771
 0.46278819464259663
 0.14604254134424832
 0.43812590268212964
 0.68925392602655566
 0.060584717496686646
 0.83130970592959941
 0.99390102147704307
 0.31310105095444601
 0.74890204634163549
 0.51367074118914369
 0.23042228230537098
 -0.074365698426512916
 0.9103551002125686
 0.88035646287310099
 -0.83890731960218134
 -0.69258243610723424
 -0.99338275770275697
 -0.9409691150517755
 0.37647151477281421
 -0.57416995275079008
 -0.29995352783086127
 -0.0069062308541822806
 -0.80026942036837689
 -0.96166488978812192
 0.79750008827622731
 0.52154952634828522
 0.99487433075577603
 0.68255314321866201
 0.83639249410950756
 0.63168301221953482
 0.36792477034572635
 -0.20796173030008755
 -0.23490011927419616
 0.99811627435049122
 -0.7519452059868672
 -0.9159841062931755
 -0.94995980074298558
 -0.97985750431784746
 -0.046792177966206036
 0.76692062383185378
 -0.43398250394614873
 -0.14148618368935256
 -0.47498807387394915
 -0.98801033476922906
 -0.72080705811183032
 0.8846867284937584
 0.86073421449037835
 0.99170166301589102
 0.2601776877420115
 0.73657130166022011
 -0.99997055768587484
 -0.59902632941566003
 -0.092717815718463617
 -0.38923155116934799
 -0.64936051767992853
 0.10035560692400715
 -0.73135951650067665
 -0.98552463682815961
 -0.93457595984954878
 0.42705643886636363
 0.97829625774311346
 -0.28233491333365301
 -0.06211655650361627
 -0.83216174413215693
 0.59286423571776004
 0.80847539639604582
 0.94851151593640592
 0.99894025871852765
 0.95778549015728354
 0.82615642793918065
 0.61729952884911965
 0.35073841575927878
 0.051390813039935278
 0.69368868033596887
 0.99320532294327812
 0.5083939785619066
 -0.37789288814250754
 -0.99617609760654102
 -0.97601375467033502
 0.0084409156854071687
 -0.67239363004398134
 0.9612428924147971
 0.3622095638296921
 -0.52285837562992521
 0.47093140178253623
 -0.68143070381530291
 0.89312185138248557
 0.88753191917548446
 0.98916595154481612
 0.20646030966758724
 0.72399073590500151
 -0.99802094220665827
 0.19443173525695573
 0.3276392421862615
 -0.40612900000404117
 0.82268196381360825
 -0.85838131514628802
 -0.97326726303900257
 -0.9746588744632797
 -0.92786582682140228
 -0.77182249939500824
 -0.54363038747502812
 0.71974243327150733
 0.039125630047652724
 -0.86151446198985537
 0.60759392032490089
 0.81917649590739106
 0.95418370796813667
 0.99999528921032244
 0.59779672096999548
 0.81564015632847064
 0.60270667751827289
 0.3334331020884379
 -0.098828507048008718
 -0.27053560075472688
 0.98526328999226143
 0.46006503773119856
 -0.42844367671940398
 -0.99761610861221961
 -0.75597794531356421
 0.063648249201443158
 -0.65864840122301938
 0.94455120671081727
 0.31018445326869876
 0.20044979956074258
 0.4870973329339145
 -0.63997474726332781
 0.9012540563331356
