# Created by Octave 8.4.0, Thu Dec 11 09:47:23 2025 IST <gamana@Samsung>
# name: iq
# type: matrix
# rows: 2048
# columns: 1
 1
 0.60515314967079348
 -0.26757933088703645
 0.60515314967079337
 0.336325333479365
 -0.10798748872685082
 0.72610466550790553
 0.98679653937238487
 0.46822140226297015
 -0.42010522672696088
 -0.97667740455693652
 -0.97255769945533388
 0.054455970544694823
 -0.66095491288473074
 -0.40332217000396425
 -0.10798748872685082
 0.19744169751515539
 0.48441433643541743
 0.72610466550790553
 0.89991984314001949
 0.9077975051441477
 0.98679653937238465
 0.1612074989385934
 -0.68814117224586857
 0.46822140226296938
 0.17935501392598432
 -0.126277206267076
 0.9637408804343649
 0.7956444711141426
 -0.00076736500861407635
 -0.79657321781796042
 -0.99590323237511935
 -0.36935141386161585
 0.51630187553582951
 -0.53068550131166847
 -0.24978974675651788
 0.054455970544694823
 -0.88397021715310997
 -0.90715275704229548
 0.82788199261989504
 0.95866339707144232
 0.99847409117038255
 0.94753482023462876
 -0.32037957928655297
 -0.94802428457192678
 0.31892536915557335
 0.017648480643128749
 -0.28527816079509682
 0.97634672945533696
 0.41871200264625297
 -0.46957695504264702
 -0.98704394936000728
 -0.96810813435476473
 0.10951311640544466
 -0.64702319695337762
 -0.38640231949417558
 0.26610024882900735
 -0.60637424912365256
 0.50044297299076146
 0.73864388846083573
 0.26905778268971947
 0.9920916021661278
 0.85601021937775568
 0.88325162371234833
 0.70029174263479022
 -0.98654680508791737
 -0.46686474663636957
 0.42149746129340016
 0.97700577919626364
 -0.68814117224586857
 -0.8752101648306293
 -0.98046585238934292
 -0.99406909454407066
 -0.31747040782898966
 0.56280668962743263
 0.99863888959664804
 0.64585224921887574
 -0.21695984392310549
 0.37077718740857579
 0.634059560632665
 0.83807101776911563
 0.9637408804343649
 0.99390102147704307
 0.51367074118915579
 0.79564447111414049
 -0.96414927247383364
 0.30141723570001927
 0.0023020932183935843
 0.79750008827622731
 0.9629172873478028
 -0.79657321781796253
 -0.94200366979757377
 -0.99439821600798184
 -0.96333021840326272
 0.1642360482036235
 -0.63287203175829598
 -0.36935141386161252
 0.21246303906394182
 -0.64936051767992853
 0.51630187553582951
 0.75093258738581303
 0.91536727170487375
 0.99423482618450487
 0.82615642793918065
 0.051390813039935278
 -0.76395780318866069
 0.43536466339879998
 -0.41731779233287913
 -0.16272196520846155
 0.98728903446803762
 -0.70138649497904204
 -0.1110384861372592
 -0.85838131514628069
 -0.99189780074717793
 -0.26462053999945312
 -0.73760846374062494
 -0.49911366156833592
 -0.21396247916026584
 -0.27053560075471322
 -0.93013761930787031
 0.64819262069187789
 -0.10493547390375864
 0.72821175405807848
 0.99847409117038255
 0.46550699135830681
 -0.42288870306631471
 0.56026686158099936
 -0.75998219468248429
 0.057520614988206521
 0.82959975734471325
 0.9465491972583544
 0.31601469873379551
 -0.56407461669631687
 -0.9998575018847834
 -0.95822557211480941
 0.21845776152962559
 0.90908058516579637
 -0.35217523621993413
 0.15817743084431238
 0.25127553137023834
 -0.99373060737930219
 -0.51235335761857304
 0.3736261111647376
 0.96455539355974218
 0.79378135772453473
 -0.0038368160058314137
 -0.79842508030578996
 0.41871200264625297
 -0.36649726022122142
 -0.18086464573051755
 -0.46957695504264702
 0.68479319633608504
 -0.1657497443578384
 -0.9870439493600085
 -0.98939008741680945
 -0.89924955625485847
 0.65052688516665591
 -0.48307112512406863
 0.55772175493586962
 -0.32328573226248619
 0.40472606164912256
 0.6621058348567973
 -0.049858050913987026
 0.97291362704571205
 0.97567848098621912
 0.92843705653776054
 -0.47228473929236653
 -0.98753179411920244
 -0.72293121193018939
 -0.037592029547473621
 -0.3377702626083236
 0.92729241161337761
 0.26314020788369136
 -0.6088121604017056
 -0.99999882230188708
 -0.9527959268197127
 0.27201278160118081
 -0.60393062484248683
 0.85441940454650211
 0.10340909394795389
 -0.72926272673208903
 -0.98604036598681322
 -0.46414813962684615
 0.4242789487687742
 0.97765562399971406
 0.75898381154481431
 0.85601021937775568
 0.65980243410195294
 0.40191732837529215
 0.10646160669493009
 -0.19894598283625273
 -0.48575640675906639
 -0.72715906615685566
 -0.90058801035737768
 -0.90971891406342786
 -0.88108336773961071
 -0.15666183615691048
 0.69147456057248458
 0.99355785265223773
 0.51103476725282548
 0.1277995015959035
 -0.96495924273552103
 0.6757944842168484
 0.0053715297560473045
 0.97700577919626508
 0.9957632809772784
 0.92143835717186395
 0.7609787877609705
 -0.9947179686701888
 -0.68367397493892357
 -0.055988358703845706
 0.88611349812894491
 -0.62091521972729924
 0.20946266110028544
 -0.65169172040482393
 -0.9982092555350186
 -0.94704312407739244
 -0.8057571325940257
 -0.58915019910744659
 -0.31747040782897623
 0.048325171352559641
 -0.76593482025537174
 -0.97534090919269134
 0.7862542940161692
 0.93620405186557298
 0.99863888959664804
 0.7218699851659488
 0.84634488309812139
 -0.85995193962079575
 -0.92671681226430636
 0.088132491563609597
 -0.21695984392310549
 0.99998115688567257
 0.60025452691696923
 -0.90844011502318567
 -0.93126037583336918
 -0.98336891810956462
 -0.88253094986404579
 0.73031198170342548
 -0.45050002278269863
 0.46278819464259663
 0.14604254134424832
 0.43812590268212964
 0.68925392602655566
 0.060584717496686646
 0.83130970592959941
 0.94555465629370727
 0.31310105095444601
 0.74890204634163549
 0.51367074118914369
 0.23042228230537098
 -0.074365698426512916
 -0.37220208762835455
 -0.63524559604554065
 -0.83890731960218134
 -0.96414927247383364
 -0.99926402882828158
 -0.50971497319771586
 0.37647151477281421
 0.96536081904994131
 -0.29995352783086127
 0.0023020932183935843
 0.3043425181213476
 -0.96166488978812192
 0.79750008827622731
 0.94251761959052915
 0.99943004815055925
 0.68255314321866201
 -0.16877596188281066
 0.63168301221953482
 0.36792477034572635
 -0.20796173030008755
 -0.23490011927419616
 0.99811627435049122
 0.55517139367099122
 -0.9159841062931755
 -0.99439821600798184
 -0.82355349158424873
 -0.046792177966206036
 0.76692062383185378
 0.97500104008487365
 -0.14148618368935256
 -0.47498807387394915
 -0.98801033476922906
 0.70247959528018322
 0.8846867284937584
 0.86073421449037835
 0.99170166301589102
 0.2601776877420115
 -0.61124433570766012
 -0.99997055768587484
 -0.59902632941566003
 -0.092717815718463617
 0.93181846452520023
 0.85282053973501504
 0.10035560692400715
 -0.73135951650067665
 -0.98552463682815961
 -0.46142715960880532
 -0.78340102697185532
 0.97829625774311346
 -0.28233491333365301
 0.020717374963544161
 -0.83216174413215693
 0.59286423571776004
 -0.31164311913308568
 0.94851151593640592
 0.99988223247719876
 0.95778549015728354
 0.82615642793918065
 -0.9109891421147539
 -0.87962748441830119
 0.051390813039935278
 0.69368868033596887
 -0.53328457614273284
 0.5083939785619066
 -0.37789288814250754
 -0.96576012155713209
 -0.97601375467033502
 -0.86461514160246733
 -0.67239363004398134
 0.9612428924147971
 -0.12323172689716683
 0.18237385152714947
 0.47093140178253623
 0.71546700626009307
 0.17028847612566869
 0.98728903446803762
 0.98916595154481612
 0.20646030966758724
 0.72399073590500151
 0.48172677598880875
 -0.55389425006308268
 0.3276392421862615
 0.95043808879258174
 0.82268196381360825
 -0.85838131514628802
 -0.97326726303900257
 -0.9746588744632797
 -0.92786582682140228
 -0.77182249939500824
 -0.54363038747502812
 0.71974243327150733
 0.039125630047652724
 -0.86151446198985537
 0.60759392032490089
 -0.25869550669401586
 0.61245826520808466
 0.99995760315919946
 0.59779672096999548
 -0.27644046604345041
 -0.93237435841533678
 -0.85201809329117661
 0.032990711232170816
 0.73240532865648289
 -0.5487726593549993
 -0.7757112907044148
 -0.42844367671940398
 -0.99761610861221961
 -0.75597794531356421
 -0.85521581914817602
 0.83301182226409876
 0.94455120671081727
 0.31018445326869876
 0.20044979956074258
 -0.99900971917850867
 0.72821175405807848
 0.22444425114614314
