# Created by Octave 8.4.0, Thu Dec 11 09:16:05 2025 IST <gamana@Samsung>
# name: iq
# type: matrix
# rows: 2048
# columns: 1
 1
 -1
 1
 1
 1
 -1
 1
 1
 -1
 1
 -1
 1
 1
 1
 1
 1
 1
 1
 -1
 1
 -1
 1
 1
 -1
 1
 -1
 -1
 -1
 -1
 -1
 -1
 1
 -1
 1
 -1
 1
 -1
 -1
 -1
 -1
 -1
 1
 -1
 1
 1
 1
 -1
 1
 -1
 1
 -1
 -1
 1
 -1
 1
 -1
 1
 -1
 1
 -1
 -1
 -1
 1
 -1
 -1
 -1
 1
 -1
 1
 1
 -1
 -1
 1
 -1
 1
 1
 -1
 1
 -1
 1
 -1
 1
 -1
 -1
 -1
 -1
 1
 -1
 1
 -1
 1
 1
 -1
 -1
 -1
 -1
 -1
 -1
 1
 1
 1
 -1
 -1
 1
 1
 -1
 1
 -1
 1
 -1
 1
 1
 -1
 -1
 -1
 -1
 -1
 -1
 -1
 1
 1
 1
 1
 1
 -1
 1
 1
 1
 1
 -1
 1
 1
 1
 1
 1
 -1
 -1
 -1
 1
 -1
 -1
 -1
 1
 -1
 1
 -1
 -1
 1
 1
 -1
 -1
 1
 1
 -1
 -1
 1
 1
 -1
 1
 -1
 -1
 -1
 1
 1
 -1
 1
 -1
 1
 1
 1
 1
 1
 1
 -1
 1
 1
 -1
 -1
 -1
 1
 1
 -1
 1
 -1
 -1
 1
 -1
 -1
 1
 -1
 1
 -1
 1
 -1
 1
 1
 1
 -1
 1
 -1
 1
 -1
 -1
 -1
 -1
 1
 1
 -1
 1
 -1
 -1
 -1
 -1
 1
 1
 -1
 1
 -1
 -1
 -1
 -1
 1
 1
 -1
 -1
 1
 -1
 1
 -1
 -1
 1
 1
 1
 1
 1
 -1
 -1
 1
 1
 1
 -1
 -1
 -1
 1
 1
 1
 -1
 -1
 -1
 -1
 -1
 -1
 -1
 1
 -1
 -1
 1
 -1
 1
 1
 1
 1
 -1
 1
 1
 -1
 1
 1
 1
 1
 1
 -1
 -1
 -1
 1
 -1
 1
 -1
 -1
 -1
 1
 1
 -1
 -1
 -1
 -1
 -1
 -1
 1
 -1
 1
 1
 -1
 -1
 1
 -1
 1
 -1
 1
 -1
 1
 1
 1
 -1
 -1
 -1
 -1
 1
 -1
 1
 1
 -1
 -1
 1
 -1
 1
 1
 -1
 1
 -1
 -1
 1
 -1
 -1
 -1
 -1
 -1
 -1
 -1
 -1
 1
 -1
 -1
 -1
 1
 -1
 1
 -1
 -1
 1
 -1
 1
 1
 -1
 -1
 -1
 1
 -1
 1
 1
 -1
 -1
 1
 -1
 1
 1
 -1
 1
 -1
 -1
 1
 -1
 -1
 1
 1
 1
 -1
 -1
 1
 -1
 -1
 -1
 1
 1
 1
 1
 1
 -1
 -1
 -1
 -1
 -1
 -1
 1
 1
 1
 1
 1
 1
 -1
 1
 -1
 -1
 -1
 -1
 -1
 1
 1
 -1
 1
 1
 -1
 1
 1
 -1
 1
 -1
 1
 1
 -1
 1
 -1
 1
 1
 -1
 -1
 -1
 1
 1
 1
 1
 -1
 -1
 -1
 1
 -1
 -1
 1
 1
 -1
 1
 1
 1
 1
 1
 -1
 -1
 1
 1
 1
 1
 -1
 -1
 1
 -1
 -1
 -1
 -1
 1
 -1
 1
 -1
 -1
 -1
 -1
 1
 -1
 1
 1
 1
 -1
 1
 -1
 1
 1
 1
 -1
 -1
 1
 -1
 1
 -1
 1
 1
 -1
 -1
 -1
 1
 -1
 1
 1
 -1
 1
 1
 -1
 1
 1
 -1
 1
 1
 -1
 1
 -1
 1
 1
 1
 1
 1
 -1
 1
 -1
 -1
 -1
 1
 -1
 -1
 -1
 1
 -1
 1
 -1
 -1
 -1
 -1
 -1
 1
 1
 -1
 1
 -1
 -1
 1
 -1
 1
 1
 1
 1
 1
 1
 -1
 -1
 -1
 1
 -1
 -1
 1
 -1
 1
 1
 1
 1
 -1
 1
 1
 1
 -1
 -1
 -1
 -1
 -1
 -1
 -1
 1
 -1
 1
 1
 -1
 -1
 1
 -1
 -1
 -1
 -1
 -1
 -1
 1
 -1
 1
 -1
 -1
 -1
 1
 1
 -1
 1
 1
 -1
 -1
 1
 -1
 -1
 -1
 1
 1
 -1
 1
 -1
 1
 -1
 -1
 -1
 1
 1
 1
 -1
 1
 -1
 -1
 1
 1
 1
 -1
 -1
 -1
 1
 1
 -1
 1
 1
 1
 -1
 1
 1
 -1
 1
 -1
 -1
 -1
 -1
 -1
 1
 -1
 -1
 1
 1
 1
 -1
 1
 1
 1
 1
 1
 1
 -1
 1
 -1
 1
 1
 1
 1
 1
 -1
 1
 -1
 -1
 1
 1
 -1
 -1
 1
 -1
 -1
 1
 1
 -1
 1
 -1
 -1
 1
 -1
 -1
 1
 1
 -1
 1
 1
 -1
 1
 1
 1
 1
 1
 -1
 -1
 -1
 1
 -1
 1
 -1
 -1
 -1
 1
 1
 1
 -1
 1
 1
 1
 -1
 1
 1
 1
 1
 -1
 -1
 -1
 -1
 1
 -1
 -1
 1
 1
 1
 -1
 -1
 1
 -1
 -1
 -1
 -1
 -1
 1
 1
 1
 1
 -1
 1
 1
 1
 1
 -1
 1
 1
 -1
 1
 1
 1
 1
 -1
 -1
 1
 1
 -1
 -1
 -1
 -1
 1
 -1
 1
 -1
 1
 -1
 -1
 -1
 -1
 -1
 1
 -1
 -1
 -1
 -1
 -1
 1
 -1
 -1
 1
 -1
 -1
 1
 1
 -1
 -1
 -1
 1
 -1
 -1
 1
 -1
 -1
 -1
 -1
 -1
 1
 1
 -1
 1
 -1
 1
 1
 -1
 -1
 1
 1
 1
 -1
 -1
 1
 -1
 -1
 -1
 1
 -1
 1
 1
 1
 1
 1
 -1
 1
 -1
 1
 -1
 1
 -1
 -1
 1
 1
 1
 -1
 1
 1
 1
 -1
 -1
 1
 1
 1
 -1
 -1
 1
 1
 -1
 -1
 1
 1
 1
 1
 1
 1
 1
 -1
 -1
 -1
 -1
 -1
 -1
 1
 1
 1
 -1
 1
 1
 -1
 1
 -1
 1
 -1
 1
 -1
 -1
 -1
 -1
 -1
 1
 -1
 1
 -1
 1
 -1
 1
 -1
 -1
 -1
 1
 1
 -1
 1
 1
 -1
 1
 1
 -1
 -1
 -1
 -1
 1
 1
 1
 1
 -1
 -1
 1
 -1
 1
 1
 1
 1
 1
 1
 1
 1
 1
 1
 -1
 1
 -1
 -1
 -1
 -1
 -1
 -1
 1
 1
 1
 1
 -1
 -1
 1
 -1
 1
 1
 1
 1
 1
 1
 1
 1
 -1
 -1
 1
 -1
 1
 1
 -1
 -1
 -1
 -1
 1
 1
 -1
 -1
 1
 1
 1
 -1
 -1
 -1
 1
 -1
 -1
 1
 1
 1
 -1
 1
 1
 1
 -1
 1
 -1
 1
 -1
 1
 -1
 1
 -1
 1
 -1
 -1
 1
 -1
 1
 1
 -1
 1
 -1
 -1
 -1
 1
 1
 -1
 -1
 -1
 -1
 -1
 1
 -1
 1
 -1
 -1
 1
 -1
 -1
 1
 1
 -1
 1
 1
 -1
 -1
 1
 -1
 -1
 -1
 -1
 -1
 -1
 1
 1
 1
 1
 -1
 1
 -1
 -1
 -1
 1
 1
 1
 1
 -1
 -1
 -1
 -1
 -1
 1
 -1
 -1
 1
 1
 1
 1
 1
 -1
 -1
 -1
 -1
 1
 -1
 -1
 -1
 -1
 1
 -1
 1
 -1
 -1
 -1
 1
 -1
 -1
 1
 1
 -1
 -1
 -1
 -1
 -1
 1
 -1
 1
 1
 1
 -1
 1
 1
 1
 1
 1
 -1
 -1
 -1
 1
 1
 1
 1
 1
 -1
 1
 -1
 1
 1
 -1
 1
 -1
 1
 1
 1
 1
 1
 -1
 -1
 -1
 1
 1
 1
 -1
 -1
 -1
 -1
 1
 -1
 1
 -1
 -1
 1
 -1
 -1
 -1
 1
 1
 -1
 1
 1
 1
 -1
 -1
 -1
 -1
 1
 -1
 1
 -1
 -1
 1
 1
 -1
 -1
 1
 1
 1
 1
 1
 -1
 -1
 1
 -1
 1
 -1
 1
 -1
 -1
 -1
 -1
 1
 -1
 1
 1
 1
 1
 -1
 -1
 1
 1
 1
 1
 -1
 -1
 -1
 -1
 1
 1
 1
 -1
 -1
 1
 1
 -1
 -1
 -1
 1
 1
 -1
 -1
 -1
 1
 1
 -1
 -1
 1
 1
 1
 1
 1
 1
 1
 -1
 1
 -1
 -1
 1
 -1
 -1
 -1
 1
 1
 -1
 1
 -1
 -1
 -1
 1
 1
 1
 1
 1
 1
 1
 -1
 1
 -1
 -1
 1
 1
 -1
 -1
 1
 -1
 1
 1
 1
 1
 1
 -1
 1
 -1
 -1
 1
 1
 -1
 1
 -1
 1
 -1
 -1
 -1
 1
 -1
 -1
 -1
 1
 -1
 1
 -1
 1
 1
 1
 1
 -1
 -1
 1
 1
 1
 -1
 -1
 1
 1
 -1
 1
 1
 1
 -1
 -1
 1
 -1
 1
 -1
 -1
 1
 1
 1
 -1
 -1
 -1
 1
 -1
 1
 1
 1
 -1
 -1
 -1
 -1
 -1
 1
 -1
 1
 1
 1
 1
 1
 -1
 -1
 1
 1
 1
 1
 1
 -1
 1
 -1
 1
 1
 1
 -1
 -1
 -1
 -1
 1
 1
 -1
 -1
 1
 1
 1
 1
 -1
 1
 1
 1
 -1
 1
 -1
 1
 1
 1
 1
 1
 1
 -1
 -1
 -1
 -1
 -1
 -1
 1
 -1
 -1
 1
 1
 1
 -1
 1
 1
 1
 1
 -1
 1
 -1
 -1
 1
 -1
 1
 1
 1
 -1
 1
 1
 1
 -1
 1
 -1
 -1
 -1
 1
 -1
 1
 1
 1
 1
 1
 -1
 1
 1
 -1
 -1
 -1
 -1
 1
 1
 1
 -1
 -1
 -1
 1
 -1
 -1
 -1
 1
 -1
 1
 1
 -1
 1
 1
 1
 1
 -1
 -1
 1
 1
 1
 -1
 1
 -1
 -1
 -1
 -1
 1
 -1
 -1
 1
 1
 1
 1
 -1
 1
 1
 1
 1
 -1
 -1
 -1
 1
 1
 -1
 -1
 1
 1
 -1
 -1
 -1
 -1
 -1
 1
 1
 1
 -1
 -1
 1
 1
 -1
 -1
 -1
 1
 1
 -1
 1
 1
 -1
 1
 -1
 1
 -1
 -1
 -1
 1
 1
 1
 1
 -1
 -1
 -1
 -1
 -1
 -1
 -1
 -1
 1
 1
 -1
 1
 1
 -1
 -1
 -1
 -1
 -1
 -1
 1
 -1
 -1
 1
 1
 1
 -1
 1
 -1
 1
 -1
 1
 1
 -1
 -1
 -1
 -1
 -1
 1
 -1
 -1
 1
 1
 -1
 1
 1
 -1
 -1
 1
 1
 1
 1
 1
 -1
 1
 -1
 -1
 1
 1
 1
 -1
 1
 -1
 -1
 -1
 1
 1
 -1
 1
 1
 -1
 -1
 1
 1
 1
 1
 -1
 -1
 -1
 -1
 1
 -1
 -1
 1
 -1
 -1
 1
 1
 1
 -1
 1
 -1
 -1
 1
 -1
 1
 1
 -1
 -1
 1
 1
 1
 1
 1
 -1
 -1
 -1
 1
 1
 -1
 -1
 -1
 -1
 1
 -1
 -1
 1
 1
 -1
 1
 1
 1
 -1
 -1
 1
 -1
 1
 1
 -1
 -1
 1
 1
 -1
 1
 1
 1
 -1
 1
 1
 -1
 1
 1
 -1
 -1
 1
 -1
 -1
 1
 1
 1
 1
 1
 1
 1
 1
 -1
 -1
 -1
 -1
 1
 -1
 -1
 -1
 -1
 1
 1
 1
 1
 -1
 -1
 1
 1
 -1
 -1
 1
 1
 -1
 -1
 1
 -1
 -1
 -1
 -1
 -1
 -1
 1
 1
 -1
 -1
 1
 1
 -1
 -1
 1
 1
 1
 -1
 1
 -1
 -1
 1
 1
 1
 1
 1
 1
 -1
 1
 1
 -1
 -1
 -1
 -1
 -1
 -1
 1
 1
 1
 -1
 -1
 -1
 -1
 -1
 1
 1
 1
 -1
 -1
 -1
 1
 -1
 1
 -1
 1
 -1
 1
 -1
 1
 -1
 1
 -1
 -1
 1
 1
 1
 1
 -1
 -1
 1
 1
 1
 -1
 -1
 1
 1
 1
 -1
 1
 -1
 -1
 1
 -1
 1
 1
 -1
 1
 -1
 1
 1
 1
 1
 -1
 1
 -1
 -1
 -1
 -1
 -1
 -1
 1
 1
 -1
 1
 -1
 -1
 1
 -1
 1
 -1
 -1
 1
 1
 1
 1
 1
 -1
 1
 1
 -1
 -1
 1
 1
 -1
 -1
 1
 -1
 1
 -1
 1
 -1
 -1
 -1
 -1
 1
 -1
 -1
 -1
 1
 -1
 -1
 -1
 1
 1
 -1
 -1
 -1
 1
 -1
 1
 1
 -1
 1
 -1
 1
 1
 -1
 -1
 1
 1
 1
 -1
 -1
 -1
 -1
 -1
 -1
 1
 1
 -1
 1
 1
 -1
 -1
 1
 1
 1
 1
 1
 -1
 1
 -1
 1
 -1
 1
 1
 -1
 1
 -1
 1
 1
 -1
 -1
 -1
 1
 -1
 -1
 -1
 1
 1
 1
 1
 -1
 1
 1
 -1
 1
 1
 1
 1
 1
 1
 1
 -1
 -1
 1
 -1
 1
 -1
 1
 1
 -1
 -1
 -1
 1
 1
 -1
 1
 -1
 -1
 1
 1
 1
 1
 1
 1
 1
 -1
 -1
 -1
 1
 1
 -1
 1
 1
 1
 1
 -1
 1
 1
 -1
 1
 1
 -1
 1
 -1
 1
 -1
 -1
 1
 1
 1
 -1
 -1
 -1
 1
 1
 -1
 1
 -1
 -1
 1
 1
 -1
 1
 -1
 1
 -1
 -1
 1
 -1
 -1
 1
 -1
 1
 -1
 -1
 1
 -1
 -1
 1
 -1
 -1
 -1
 -1
 1
 -1
 -1
 -1
 1
 1
 -1
 -1
 1
 -1
 -1
 -1
 1
 -1
 -1
 1
 -1
 1
 -1
 1
 1
 1
 1
 -1
 1
 1
 1
 -1
 -1
 1
 1
 1
 1
 1
 1
 1
 1
 -1
 -1
 1
 1
 -1
 -1
 1
 -1
 1
 1
 -1
 1
 -1
 1
 1
 -1
 -1
 -1
 1
 -1
 1
 1
 1
 -1
 -1
 1
 -1
 1
 1
 1
 1
 -1
 1
 -1
 1
 -1
 -1
 1
 -1
 1
 -1
 1
 1
 1
 1
 -1
 -1
 1
 1
 -1
 1
 1
 1
 -1
 1
 1
 -1
 1
 1
 1
 -1
 1
 -1
 -1
 1
 1
 1
 -1
 -1
 -1
 -1
 -1
 -1
 -1
 1
 1
 -1
 1
 -1
 -1
 -1
 1
 1
 1
 -1
 1
 -1
 1


