# Created by Octave 8.4.0, Thu Dec 11 09:47:20 2025 IST <gamana@Samsung>
# name: rayl
# type: complex matrix
# rows: 2048
# columns: 1
 (0.49820157499078327,0.30693703836593295)
 (0.90353485734049521,-0.56000047554553467)
 (-0.28532342458689997,-0.22725357347977962)
 (0.40949325282844362,0.82452556684450651)
 (0.2721980609411962,-0.57797965338833102)
 (0.81014042327254876,-0.32506595372308572)
 (-0.29931862123164393,0.37750091445535122)
 (-0.14270849379880557,1.2354772012922721)
 (0.35248210391240192,0.64381066240274876)
 (-1.1945058073506458,-0.26902994973705463)
 (-0.098658651494129959,1.6747983790884213)
 (-0.40752858003521447,1.2521733301682187)
 (1.0233571781158637,0.20978880534197364)
 (-0.45267818719032887,-0.3731830963351761)
 (-0.76575386591032157,0.76219822155949757)
 (-0.0088679683634494272,-0.35465757679708626)
 (0.039781696215764467,-0.26286780421478673)
 (-0.04533512503186117,0.95030813423855331)
 (0.38794576501560163,0.63401509364265807)
 (0.30386069724300763,0.085191466254527629)
 (-0.70554122500912453,-0.32015663650161919)
 (-0.29659168476165532,-0.21263029009299927)
 (-0.60863265617987083,0.52719800863641197)
 (-0.14357367145788311,0.60180289306233348)
 (1.2444702313208675,-0.050442659308277807)
 (-0.089512228980873937,0.5289342418971158)
 (-0.18101873620300837,1.1629225908190104)
 (1.3078622038050629,-0.81175047676954171)
 (0.88565527217041051,-0.97817421142782424)
 (0.50806009333740587,0.24165583785621911)
 (0.84566191072509356,0.047060402246166422)
 (-0.27370685228058933,1.6887498059628776)
 (-0.94464976660537248,-0.18691586369636606)
 (-0.13221509987073665,0.4358166936956438)
 (0.45089168461144224,-0.15724537204752875)
 (0.43294006255846534,-0.70451549544889147)
 (0.40543368341683711,-0.92093193649480409)
 (0.18105907022843148,-1.6412941266235783)
 (-0.36346448963948635,1.185208146802224)
 (-1.3436156117902154,1.0985043273015722)
 (0.64933948699057642,-0.56118009632132781)
 (0.52277324165291628,-0.23439630657979579)
 (-0.24128969348542928,-1.1298198707403666)
 (-1.1486650000806418,1.0691376870408178)
 (-0.33113574937588214,-0.60696918780231979)
 (0.91197294494707304,-1.0666067196366604)
 (-0.92618279748944032,2.3090382948642674)
 (-0.69980276409664155,-0.31719148196619928)
 (0.18349470783244745,1.0824159457700688)
 (-0.09641796935686156,-0.78848571305491189)
 (0.065724267132969236,0.84099272449263518)
 (-1.0419465959880774,-0.75136936558008682)
 (-0.866128540938646,0.39037891323685514)
 (1.3203376481427185,1.3075730780861712)
 (-0.09141733024940181,-0.31568980261826485)
 (0.38530900322062694,0.71631601699258229)
 (0.3543344598492692,-0.57542791158004147)
 (0.025990497969348696,0.29651704540760415)
 (-1.3088015313813854,0.20525936414088147)
 (-0.074955416577008271,0.54394591371512047)
 (1.3021902066551239,0.75781235083514376)
 (0.16588715475979141,0.17196570986594162)
 (0.53629670073797753,-0.092434218937539725)
 (0.11078530471510441,-0.28798782236594012)
 (0.093340612533583653,0.15631449115833865)
 (0.55327558332203997,-0.80346771126754035)
 (-1.0527982378561846,-0.12572356455761696)
 (-0.29231972294638031,-0.26284358882177844)
 (-0.00010696093714721548,1.5235342589202976)
 (-0.8340665666560142,1.4110272743725323)
 (0.39252639661570149,-0.068127232371790039)
 (-0.2678263795899396,-1.4804599240491214)
 (0.27444113015884841,0.03464365739566292)
 (0.058868484711917905,-0.23227989918516886)
 (-0.16581171069951614,-1.8498433697487606)
 (-0.9251624011196955,0.53756855609210552)
 (0.54776270462711074,0.93487864958948008)
 (0.50212087683226747,0.17188663348516225)
 (0.026986482877988813,2.2635895174242306)
 (-0.68131307482942782,0.0027324973499364088)
 (-0.089635422681857424,0.22447862970184221)
 (-1.0362233814704278,-0.47880042796306382)
 (1.3744581935950348,-0.55256554812846648)
 (-0.38860169458122662,-1.4492256045803762)
 (-0.54726899324651013,0.7661943357118679)
 (0.22514234067835487,0.42643027678078044)
 (0.8772310608205216,0.38046947235287981)
 (0.25199552502435735,-0.57544590881224522)
 (1.1409386611223575,-0.022630485199359243)
 (-0.46109357612165924,-0.53438895878888393)
 (0.87513433104579108,-1.2090146269945756)
 (1.4555993599596142,-0.61144482071102746)
 (1.140063617818772,-1.0403145214402494)
 (-0.16109263662300005,1.4337233240212934)
 (0.20212348478725967,1.3902259585824315)
 (0.45422780870335694,0.51498626152257299)
 (0.20810901721321287,-0.55409027772157615)
 (-0.42369758750765907,0.0012747009950063288)
 (-0.50434105001777219,0.32696653062198894)
 (0.42558963252747195,0.87314576925714338)
 (0.39284523918202741,-0.27513279764566173)
 (-0.76786714266800526,-0.56691044365119581)
 (0.3091420154522061,-0.83023228125140958)
 (-0.24315797169289013,-0.41937484959677274)
 (0.56538392287662675,0.24122999491323283)
 (-1.011213647658435,-0.072161822288949865)
 (-0.47729891954423159,1.0780626989102287)
 (0.12443361813832564,0.41500877832992444)
 (-0.37093437052552558,1.1824714839077322)
 (-1.1080208786076391,-0.50882908915398084)
 (-0.62129280784950958,-0.66075647714222474)
 (0.35979425344776439,1.7280254145819578)
 (-0.45408093501196445,-0.73538537798379167)
 (0.51277008780405897,0.59993256317152654)
 (0.041842670826670529,-0.5952447821698994)
 (-1.1158787314015446,-1.0675147724745266)
 (0.66902635274433375,0.47954263772197125)
 (-0.18074738653686559,0.33840787144491363)
 (-0.26293682035471239,-1.329732435580457)
 (0.29888467293062293,1.0319054696583183)
 (-0.36256951223519845,1.3052551231666791)
 (-0.64930021313301134,-0.84356460705134573)
 (-0.20090751241958993,0.23897364641120208)
 (0.29129721395700359,0.038764239973345681)
 (0.51080944090985558,0.045059266276137898)
 (0.52361847620053714,0.49991810530295266)
 (1.0698186535991459,0.1332506627623492)
 (-0.25509224786387802,0.72868658098252781)
 (-0.094285565831414439,-0.49492483637349055)
 (-0.38696682519380526,0.046803632154114531)
 (-1.0041576059010606,1.9988858514546279)
 (0.7209121231993908,0.75894617932307673)
 (-0.042255436340820685,0.040354548117494983)
 (0.80542343031132613,-0.34546873845050624)
 (-0.82576938796730215,0.87729976002886045)
 (0.47756852311424841,-0.35062335472262446)
 (-1.2454554850092552,-0.50873075517096211)
 (0.72472290073128065,0.91498970451742756)
 (0.043574505388129944,-0.37138021017289263)
 (1.055031646659599,-0.25619252668876008)
 (0.54267147039700903,-0.62657426611729605)
 (-0.43277625208538378,-0.44564997248707011)
 (0.35834936818612828,0.2361930820913701)
 (-1.0310553945380343,-0.18914381559109811)
 (1.1661864913167936,0.21884983322958215)
 (-0.69961202456172011,0.26944703645110651)
 (1.3084753702153062,0.16607447761080099)
 (0.84018056140132125,-1.3196238799844877)
 (0.71433549378066263,0.49074451775069944)
 (-2.1313152836601152,1.3261726810203287)
 (-0.87301379073244134,0.35892857637811393)
 (-0.57039101862608854,-0.0050758738866984766)
 (0.18245685271500547,0.36246825875484523)
 (-0.26832335649048056,0.10128349230626515)
 (-0.00089487761616109456,-0.38946559974572442)
 (0.091161464950580959,0.48530167053714524)
 (0.2043331659342677,-0.26608798647241955)
 (0.16886503059440008,-0.17213016364559203)
 (-0.70106951260009687,-0.12507199850094169)
 (0.015224928444615933,-0.043522114440830297)
 (-0.22641003225946593,-0.41610834585107531)
 (0.24711777163562371,0.15489623126639329)
 (0.79821032091213262,0.81636026674175077)
 (0.0026427033947232096,0.39591822282485989)
 (1.0431684453034697,-1.2414658073994951)
 (0.59209714314733164,-0.37251644261917993)
 (0.37010464959488359,-0.83230921511746803)
 (-0.34701672299399533,0.69544104500915538)
 (0.42604315749977878,-0.64583973157769992)
 (1.6202360431694387,-1.1279448382026376)
 (0.037907139010794962,0.56560906370209607)
 (0.1805342809903005,-0.8799615363624006)
 (2.2812454150562167,-0.24800466977694266)
 (-1.9220236325429654,0.40321722069632776)
 (-0.1702094040559671,-0.27289043653544615)
 (0.95214627782970607,0.54409186052340053)
 (-0.059907023420911844,-0.26256422906182142)
 (0.43954632322282372,-0.48332366100280433)
 (-0.22427363476402695,-1.1106804003650204)
 (-0.56882267828502131,0.24721833201139284)
