# Created by Octave 8.4.0, Thu Dec 11 09:47:20 2025 IST <gamana@Samsung>
# name: awgn20
# type: complex matrix
# rows: 2048
# columns: 1
 (-1.0395587333561385,0.10777936492676402)
 (-0.87065946411959305,0.029368215826201329)
 (0.99045251005369106,-0.081410191943267818)
 (-0.88048237827779896,0.032006672372649286)
 (0.8645551310941596,0.075713343067917813)
 (-0.86408961902050385,-0.067129257517414817)
 (-0.9860279915505159,0.068785527395404708)
 (1.0107623664735181,0.06699385048578764)
 (0.92113031044925175,-0.083794067457603275)
 (-0.95800958044814299,-0.014907758000901786)
 (-1.1097921164217484,-0.0049630900833518357)
 (-1.0680506540396364,0.023119859843964804)
 (-0.94607871952316991,-0.046076971256691211)
 (-1.0256468478090883,-0.048587137751177428)
 (-0.99443268261989148,0.03983907940862657)
 (-0.89934851883872557,-0.071057894555426687)
 (-1.0356933544581275,-0.15203272511024113)
 (-0.93183128652728164,0.062573815295062965)
 (-0.96119648641771738,-0.022405298698521339)
 (0.89486306304607743,-0.084048980201762519)
 (1.0294534434755995,0.011600852036195767)
 (1.0266500074096194,-0.11888151861006134)
 (0.97475736358103338,-0.0092261200959786998)
 (0.9201383353964907,0.032474441490020489)
 (-0.98451043454969656,0.013279780889028363)
 (-1.0200835852364951,0.021042223543964615)
 (0.93503338821329152,-0.069647819802361913)
 (-0.89523967688638106,0.01538193570404311)
 (-1.1656927837419626,0.004501138517713092)
 (1.0783179743089153,0.050455413443573682)
 (1.0400724743060832,-0.062079340429269408)
 (0.98322328576591045,0.057630965248260946)
 (1.0815084847044949,-0.024285215723389424)
 (-1.046732416167393,0.013611586807054321)
 (-0.91134184695180498,0.054397491850999471)
 (-1.1706277113440855,0.046546333495630116)
 (-1.0285700992416662,-0.045616719375081487)
 (0.90989896123505443,0.0087993004504684225)
 (-1.0090421929173641,0.035366282706233772)
 (1.0420460473560649,-0.025477925184417927)
 (-0.97915187128854275,-0.030957742662771959)
 (-1.0291243755900916,0.044058878871248854)
 (-1.0493338342912126,0.016642259825452095)
 (1.0345988279628198,-0.096307555495064257)
 (-1.04772718396891,0.04147683917398369)
 (0.97049193771869691,0.039634086844571301)
 (1.0347205974955016,0.038972506830915528)
 (-1.0266925213094718,-0.070717714383927294)
 (-0.90378346551006838,-0.041097820032638656)
 (0.94073581162460096,0.094128764532078413)
 (-1.0185326719980308,-0.1127532538733837)
 (0.86473258680516174,-0.006712238783387255)
 (0.96261267877668022,-0.0035974052473198253)
 (-1.0960264256529233,-0.0034775618927175263)
 (-0.99948369984553831,0.06550303155002829)
 (0.99940724871000686,-0.027221744780095772)
 (-1.0681007335845325,-0.065787450106423423)
 (-0.95768087071963048,0.040597627079858103)
 (0.89570604161072676,-0.075822545966528557)
 (-1.0493698446672093,-0.12132312034829905)
 (0.90155302154930295,0.0098390768842562589)
 (-0.9988799892860013,-0.090944725085989636)
 (-1.1359285619669675,0.0016822902884609037)
 (-1.0009576604508497,-0.065944725541990171)
 (1.0032600838924801,0.022239258729761558)
 (1.0472675689347368,-0.059513140709961755)
 (-1.0204533959168713,-0.040680590483184051)
 (1.1998427475019808,-0.053476431420060526)
 (-0.99485418045975127,-0.078694320278765162)
 (-1.06873868996695,0.056528914919942441)
 (-0.95958857433222444,0.0027311973846762382)
 (0.96637597767094485,-0.06152590478967012)
 (-1.0677083770499545,-0.10293011969353182)
 (1.11610431242654,-0.077166606789972308)
 (1.1240945303213665,0.01352128411904251)
 (1.1832090251312897,-0.08987809961453154)
 (-1.1495357578560148,0.0084368525585254601)
 (1.0707129876660495,-0.053253716986434267)
 (-1.0127079581111769,-0.065067028998114784)
 (-0.94044895135692941,0.026907048630216476)
 (0.87230657553388991,-0.026378844891225731)
 (-0.84988608932730614,0.097262396229488943)
 (1.043682337053641,-0.021460736508161792)
 (1.1370686400669827,-0.12719657279864124)
 (1.0567912859945832,-0.046380348149788628)
 (1.0523922471217486,0.0011877830108689789)
 (-0.94213021927555252,0.06805155074337195)
 (-0.99668967138405029,0.028998573863677237)
 (1.0820591691086756,0.1146210745744291)
 (-1.0082315055135374,0.058984953597881529)
 (-0.96288500384464148,0.061367659489109376)
 (-0.94084936245616879,0.019790935199165121)
 (1.0504501795883834,0.091675537888687209)
 (-0.84242324188232187,0.054907274941977571)
 (1.0227387583194638,0.071035599780486583)
 (-0.95703078822707721,0.03567888216961454)
 (-0.86373722784588469,0.049967448801457565)
 (-0.94705816895953254,0.0086554229824015675)
 (1.0823882243951117,0.036358205221097277)
 (-1.0538965881092848,-0.002159458557162115)
 (-1.0227236977152945,0.089379764945049844)
 (-0.98655926320743792,0.10654458534008332)
 (1.017582533811165,0.0083756485986293434)
 (-1.011246670109494,0.1370248256463989)
 (1.0517486974493802,0.0011920105695396302)
 (1.0075432559252941,-0.11284513444947286)
 (0.96202822630060936,0.014251362417286167)
 (-0.95624425557366399,-0.011941481199043523)
 (0.92904607174547449,-0.016761315140837767)
 (-0.9853384725965898,-0.06208563124068122)
 (0.96119898684092353,-0.052288477828226314)
 (1.068115365972875,-0.0050135628251243118)
 (-1.0541134118613107,0.096885047216230535)
 (-1.1074958259297669,0.018036300040137662)
 (1.0255057306380058,-0.12334647672614583)
 (1.1159582769876697,-0.0037661281027257507)
 (-1.0316252061034739,-0.00080231194952058791)
 (-0.97326824609081275,-0.019634728852012586)
 (-1.0057517858358049,-0.0086790195646257642)
 (1.1382462863039358,0.054598536479033982)
 (1.0482824140174969,-0.0060854379247911568)
 (-1.0433796977480987,-0.011135841977943317)
 (0.97324523153426135,0.10250055419420862)
 (1.0296378695827859,0.03302556616654094)
 (-1.0946979631648979,-0.038904870308026397)
 (-1.0704972078444788,0.084991538087394056)
 (1.0207784464106828,0.07561341614576432)
 (0.93304548969527801,0.05931374439220112)
 (-0.897442558551106,0.022674927169843814)
 (1.1126610788777285,0.055521243208502283)
 (-1.0296712282330294,0.098279979557274133)
 (-0.97034468068798319,-0.0066012788653661367)
 (0.95763925236303604,-0.056539303708883937)
 (0.93041725542461262,0.094173375779004198)
 (0.97007724903893922,-0.060624160082552628)
 (-0.99019481862320613,0.067291682592788726)
 (-0.91984528123022313,-0.099261685068318131)
 (0.95649290543052445,0.00016111215249156453)
 (-1.0040883098039657,-0.0038099021461315812)
 (1.0949882477717778,0.069300778541069419)
 (-0.87756253360568814,-0.051668881812576707)
 (-1.0666338008857155,0.0573337830512783)
 (-1.022884486779355,-0.037592846728124081)
 (1.0016396543972204,-0.084022964764583957)
 (1.0108841269147892,-0.11092828527582675)
 (1.1262198114015944,0.037401782414957972)
 (-0.93579639088206457,0.12500400147484267)
 (-0.99771845586892838,-0.028970001370216093)
 (-1.046382101851203,-0.022568696138022586)
 (0.99276611032546913,-0.048579154325991032)
 (-1.0180280113638605,0.076678869463278787)
 (-1.1227363465741484,0.096953727060552608)
 (1.0303270002010219,-0.12214483567298698)
 (1.06944864999033,0.038140230143730913)
 (0.93554813124167013,0.030129813808144081)
 (0.97265835189301331,0.073291884673596902)
 (-1.1078128638153504,0.0082539761558702851)
 (-1.0816737623049979,-0.097892804849064208)
 (-0.95314741234948641,-0.048756884466027405)
 (0.95187153873155861,-0.021510970276186508)
 (1.0871368186424855,0.086540442032694537)
 (0.96371381183512006,-0.048250642484128248)
 (-0.94699842631504527,-0.0644300132449077)
 (1.0182342371403483,0.022373730534430619)
 (0.96641987098284454,-0.04194301643675135)
 (0.84939171295473481,0.048449692869306671)
 (1.0990022121087808,-0.01640622138827114)
 (-0.88153628436096187,0.058430074814490487)
 (-0.98884108897366219,-0.035774034309474262)
 (0.95274865222413019,-0.055076137940181819)
 (0.85552094895482611,0.00026506776505498769)
 (1.0005107145332055,0.0092406507909755693)
 (-0.97983665581793533,-0.13706063785839581)
 (0.91354887562327625,-0.047515491232804456)
 (1.2197946414906711,-0.034046190618312266)
 (0.94119514927442827,0.10849552750438683)
 (-0.96153773684872113,-0.056893118849296181)
