# Created by Octave 8.4.0, Thu Dec 11 09:47:21 2025 IST <gamana@Samsung>
# name: awgn20
# type: complex matrix
# rows: 2048
# columns: 1
 (-1.1761682340181128,0.17913177517705711)
 (-1.1449619051692226,-0.076184036698543525)
 (-1.0564375157878034,0.13887767890034605)
 (0.94531184288409786,0.083890583161087301)
 (-0.98210014670013024,0.029925355120728643)
 (0.96438407582208741,0.077937228342078405)
 (-0.96566316286252651,-0.0088857004121981106)
 (0.99998638197080492,0.11760498755401004)
 (-0.94696474498812933,0.066755152059370937)
 (-1.0282909154501618,0.013119686042409219)
 (0.97879438907193284,-0.067558470785041361)
 (0.90511162767212028,-0.015591392686099551)
 (-0.91815040323163777,-0.088776367523641833)
 (-1.0460240788230417,0.041706853818430999)
 (1.0447414314040844,-0.10182598918310407)
 (-0.91582259922721498,-0.014037936617916108)
 (0.97635003774572326,0.10237856731598566)
 (1.0122059198001974,-0.19594601017737459)
 (-1.0548874142602014,0.045344694357614138)
 (1.0011574565967363,-0.039779685863033598)
 (-1.0591242332850188,-0.14652560816365587)
 (-1.0922247959332676,-0.00045647064714977848)
 (-0.95035199346818211,0.10255793137770602)
 (-0.91475967588379292,0.051660334837912575)
 (-1.0447857148732722,-0.28912331581319595)
 (1.0789153604186581,0.042095325380198681)
 (-1.0030541610200221,0.031811406625991419)
 (0.97562043909773188,0.042289908533269499)
 (0.91727763809472984,0.046706583488307488)
 (0.9670225872631335,0.077322477864248368)
 (1.0408399239576975,0.048737141540733081)
 (1.0372120152183617,-0.038081250021593453)
 (-1.0612540728205959,0.10653214496290164)
 (-0.98804906787088786,-0.10884484352577982)
 (0.9684524001678434,-0.012027055835727338)
 (-1.0512089643614646,-0.094890926926408437)
 (0.96497948505853137,0.013211403442140116)
 (1.0182584534846348,0.12872709618820066)
 (-0.88362910329920552,-0.046271844544597991)
 (0.92951140529414589,-0.053817419213300847)
 (0.99668719111834003,0.10866861133043114)
 (-1.0259247659739315,0.053653398532726153)
 (-0.98022906935651166,-0.085910497767237901)
 (0.89605623254923394,-0.00060372470282958949)
 (0.954542213234433,-0.073987158258334601)
 (0.97302617097358612,-0.077371425352333087)
 (1.0323931677154679,-0.072182474675749606)
 (-1.019350220265782,-0.016974529653214301)
 (0.99135325928103213,-0.073756053764445842)
 (0.9973996748105074,0.0048109713033123464)
 (1.1339290188712232,0.037535570339808165)
 (0.82875768307407038,0.034336429374591269)
 (-1.1154045381686781,0.017542481592860076)
 (0.98504996843280079,0.050752127859126431)
 (1.0361527482217743,0.018256872821275676)
 (0.88307933713186149,0.017029004196157809)
 (-1.0072386879474811,-0.0424012742907421)
 (-0.99638699221789984,0.1283425922068207)
 (1.0048763268288319,-0.020481657302345455)
 (0.99019041204738123,-0.026499698861420524)
 (0.94743729921142139,-0.031896114065270424)
 (1.0499321972594011,-0.066043818449573258)
 (0.95324378481368843,0.085510175295942667)
 (1.0603460837872154,-0.13293638495302879)
 (-0.97872552837436189,-0.019693908478801706)
 (0.97832794464172779,-0.15179896195224557)
 (0.82751536976024209,0.02456125435103565)
 (1.0395082251687311,-0.052673417473987696)
 (0.80961478286765742,-0.045694531059228161)
 (0.94001981727137673,0.098706709173290622)
 (0.94888077955556294,0.030103601374984326)
 (0.92743127184445506,0.038592660529319714)
 (1.1065425655399708,0.02397093243582904)
 (0.98018119653191071,-0.1043106143614488)
 (1.1068271184541809,-0.037841983512228804)
 (0.90573166708742381,-0.046047215742191068)
 (0.98803143051066089,0.015050043560362228)
 (0.98815077008256835,-0.14813784768617624)
 (0.94716348445192056,-0.020862732506096146)
 (-0.90382842424696319,-0.020164337672337839)
 (-1.0463836898116352,0.076678149164887854)
 (-0.97892400006131586,0.048800206647810873)
 (0.99979053975231968,-0.014484585000612766)
 (-0.94929439496793389,-0.048031270697887651)
 (1.0020979155124496,-0.037420756453495074)
 (0.95849204822201584,0.057826062480929821)
 (-1.1265812460772069,0.054802243679305564)
 (-0.96891660415448755,0.063856929344370025)
 (-1.0621961215577373,-0.023329892083159817)
 (0.98402737366068971,0.12928937528803877)
 (-1.0750964744345803,0.020784822563689517)
 (-1.0935177935296034,0.045142492845986801)
 (-0.92191211547836915,0.0048737901548142649)
 (1.0118239992048219,0.030899674442170972)
 (-0.97178276181379053,-0.041537710967583047)
 (-0.99660695681673583,0.034005393775627848)
 (-0.94043619468558404,-0.093180098969573411)
 (-1.0251944352473781,0.023267154161846305)
 (1.0819665446098867,-0.013368242827657273)
 (-0.98100157835538759,0.065535347177399117)
 (-1.0534422663345497,-0.081763107702693322)
 (1.0055291375329549,0.022657699355323468)
 (1.0774961687232931,-0.073110188862233944)
 (-0.95800494466600616,-0.1633915211005981)
 (0.90450616834939634,-0.024018801424734327)
 (0.95847665483799971,-0.14919210181846354)
 (1.0010532203367093,0.077990497217705734)
 (0.85503569286837122,0.00698541917856967)
 (1.0461027350116543,-0.0035262271350180677)
 (0.97525186147938348,0.018932026499837974)
 (-1.0266490885706989,-0.0005465169234083457)
 (1.0719063788572485,-0.020762321778631521)
 (-1.003854161354695,-0.029951908430222579)
 (-1.0358842860814506,-0.0016016044724116937)
 (1.0913946353609403,0.18969124088957282)
 (0.94792364699945086,-0.11274039696069815)
 (1.097300849660211,-0.053000282286558134)
 (0.97436941521979126,0.12121328228213768)
 (-1.0732384844043814,0.0011097582937545601)
 (-0.83498727091362235,0.16792306728357345)
 (1.0309125619179302,-0.019925129703664606)
 (1.0028297427308466,0.065791215169518774)
 (1.0528423404606104,0.0017901770121767297)
 (1.0407827555478169,0.076810909734555011)
 (1.0105707242155906,-0.0054301949264949001)
 (0.99534485688099639,-0.044254197915517907)
 (-1.0645610076666334,0.046535491629345054)
 (1.0319077842244955,-0.10423696342239296)
 (0.98999645943529846,0.0093809403263087916)
 (-0.93488171199018311,0.029735547119281693)
 (-0.84910359312970962,-0.024738573962261125)
 (-0.98419694371335043,-0.12686301490103155)
 (1.1216712811350016,-0.016169864743439209)
 (1.0488620481253055,0.010548418711667932)
 (-0.93122332842611089,0.016653024374341293)
 (-0.98836251320179247,0.0018040425178366525)
 (0.96751389730752169,0.028554058596270377)
 (1.0683711572742423,0.050790015392552013)
 (-1.1252221744409627,-0.10168299631597971)
 (-0.93588947953738055,0.0048373937591594191)
 (-1.0316437038490571,-0.021769811642597336)
 (-1.050408957072728,-0.045872951064471694)
 (-0.9853684519459206,-0.068172592668240037)
 (-0.9557789306357809,-0.05935755735412819)
 (-1.0150720620753753,-0.066307512719317563)
 (-0.96457280731256068,0.028526679257784068)
 (1.0543790885341926,-0.088010980129604399)
 (0.96312666723436358,-0.07097573888533644)
 (-0.97622779072656363,0.016677118176869492)
 (-0.89589710237212883,0.088614217036526471)
 (1.109279838328848,0.11362341220277856)
 (-1.1617674178214967,-0.025760520524649451)
 (-0.85879498865761739,-0.038926100018822081)
 (-0.99098873933435472,0.10841299692167848)
 (-0.88955185093789324,-0.024464702390448345)
 (1.0557545966513056,-0.06980768236399898)
 (1.0014990303464799,0.0055479682481394078)
 (1.0371987173744426,0.04699020984483978)
 (1.1013420266833749,-0.08174018762619846)
 (-0.88728310617216566,0.081820541676146247)
 (1.006618022554018,0.019886439743707244)
 (1.0698391922990096,-0.077607924826971639)
 (-0.89609363933627184,-0.016069705434290895)
 (1.0633503594100528,0.044082406410745949)
 (0.93251069180149204,0.046575662278184771)
 (1.0347626804283958,0.045878208526112414)
 (1.0297393380732958,0.038519911987314151)
 (-1.0329657707946944,0.034282832980845633)
 (0.94458966960995783,0.01768489530325348)
 (-1.145532137393162,0.017743510433536412)
 (1.0247340118423476,0.011293591415956657)
 (-0.92857750531216188,0.06076787584051016)
 (1.0232182410616644,-0.059026593364361703)
 (0.93745051751641706,0.024738062693190607)
 (0.97946731368341056,0.16222298329389417)
 (0.93772059941529107,0.052328058341699471)
 (-0.94527588988957567,-0.13325198923684362)
