# Created by Octave 8.4.0, Thu Dec 11 09:47:20 2025 IST <gamana@Samsung>
# name: awgn20
# type: complex matrix
# rows: 2048
# columns: 1
 (-1.0814559547155902,-0.012473411109646252)
 (-1.0385957067865632,-0.07200921217427031)
 (-1.0586787962681337,-0.21955474550154391)
 (0.89274346537315541,-0.046124606609257414)
 (-0.98937253036904649,0.0097438493229241464)
 (-0.92248615686788416,-0.012383614625980872)
 (-1.0621109071443349,0.016739017062879152)
 (0.92701775861022273,-0.0076740718539947657)
 (-0.83917189319662278,0.056951459772016537)
 (0.91718871204058228,0.041445618659901429)
 (-1.0255568065037792,0.043257508342150336)
 (1.0292924772695824,0.014196190415071298)
 (-0.98875694683465309,0.027112534935793305)
 (-0.97182708782717975,-0.035323139692605553)
 (0.98855793302405282,0.12336407496870316)
 (1.0193937801566428,0.11701766562452949)
 (-0.97359166614216841,0.0056722398718319286)
 (-0.96490079933296236,0.023708781781031543)
 (-0.92720846645056509,-0.0014367084172019376)
 (-0.96022542401381084,-0.061436855492447706)
 (0.95693257104797058,0.09818174894213505)
 (1.0574104375949784,0.0089557111006490636)
 (1.0311554962227969,-0.079206263533976543)
 (-0.9534293649630331,-0.04467812212862713)
 (1.0973121763691025,0.099059965192881239)
 (-1.0582520847558643,-0.042535155508528599)
 (1.0128413612467906,-0.031929007949244484)
 (0.87714775795266464,-0.0026920061012563317)
 (-1.0503176141843653,0.034032819382998562)
 (-1.070041564870132,0.079608691831677611)
 (-0.87776487714774265,-0.013832243817220811)
 (1.0082238350555479,-0.048609782142105123)
 (1.0971156958199526,0.03417697385208144)
 (1.040103352080173,0.14811134536255563)
 (-1.0569585622448199,0.013666130313504582)
 (0.89201299559514824,-0.088428568352410739)
 (1.1494168895600614,-0.0050339579262155551)
 (-0.98636511922341175,0.0086009327642218598)
 (-0.90792374059786252,0.1077105581367329)
 (0.93898552182873396,-0.10144466420308491)
 (-0.93108929561200504,-0.10505730432941696)
 (0.96475081481826153,-0.022627075405535522)
 (1.0300104050833607,-0.037471319032800307)
 (-0.99452484383884199,-0.0063136566578681393)
 (-1.049231478303674,0.016821266187569267)
 (0.95454723830491672,-0.05434086035826903)
 (-0.95944489203355265,0.046608298521998409)
 (-1.1282340352357316,0.025017842751158682)
 (0.97421023001492291,-0.058834597947080763)
 (0.98759133769598173,-0.065923092697426952)
 (-0.98569151452000137,0.025067377352868393)
 (-0.90724446960012539,-0.038703681809815198)
 (1.0661056520013794,0.023802732357915742)
 (-1.040345266329602,-0.0036711338987200854)
 (1.0435462304196896,0.057590652047056205)
 (0.9456289041163457,0.044040301004996597)
 (0.93283838665841445,-0.016859696599328511)
 (1.0611312297051461,-0.10707489771295116)
 (0.96969722788497947,0.034922999979957167)
 (0.97212024885239745,0.087723241939010654)
 (-0.95784563917903998,-0.11719866931129606)
 (-0.96206443618831916,-0.085436698103546815)
 (1.0693253994156353,0.00062946778427019944)
 (-0.98413370715296911,0.019333895820968328)
 (-0.87727153285966131,-0.025761349581617479)
 (-1.0079358136129011,0.0078101830736299381)
 (1.048313679886427,0.029958169498131473)
 (1.0122547282202707,-0.04434419716921157)
 (0.98790848998459124,-0.079109336602351407)
 (0.95858528483159788,0.072461221045963115)
 (1.0911109875194851,-0.059163628340765918)
 (-1.0241274015339061,-0.12308762583664071)
 (-1.054012405467099,0.053737667479221568)
 (-1.1050836082727511,-0.0046635952515138258)
 (0.9478688818870068,0.067380453977431073)
 (0.99477234069362863,0.06036026677731441)
 (-1.0162787989838924,-0.10525261487866676)
 (-1.0141912044863499,0.097766234635380395)
 (0.98759000249755735,-0.00044810040049387027)
 (0.86239948482598117,0.02610183230649938)
 (1.1373054615610585,0.13277568568969883)
 (1.0469560175798422,-0.084530374630199065)
 (0.90514560140291822,0.01761907706601179)
 (-0.90027877727422501,0.1590069920242414)
 (-0.99729825543857176,-0.051990900363986292)
 (0.97895721054226492,-0.067114949685014053)
 (-0.96174946723696808,-0.015691223169497254)
 (0.78014270047004108,-0.02966749690324004)
 (0.95871273090263309,0.016002183803003243)
 (-1.054865901588516,0.034408126683724692)
 (-0.93622732784552276,0.021261785886500538)
 (-1.0277508647758193,-0.082701708719186695)
 (-1.0055452312973865,0.083769507709395064)
 (-1.1031816458577361,0.0016890443267593199)
 (0.85507915784793576,-0.059396298496366899)
 (0.88708753989545874,0.0048293962282054395)
 (1.0082199269453063,-0.022040111304048024)
 (0.92411025971982641,-0.13762118654143518)
 (1.0831689425633808,0.16111186321988097)
 (-0.88255895594866784,0.042318294055664021)
 (-1.031926346126272,-0.026218526581971758)
 (-1.0000423852017504,-0.093922637851580323)
 (1.0299003734793102,-0.015803241122254966)
 (1.0560353535968219,0.087199058162641119)
 (1.1317060817691655,0.09234636066013012)
 (-1.0854668142223276,0.085756361018276508)
 (1.0502855244160179,0.093258567270749743)
 (0.99625357246138069,0.0065912601436216595)
 (-1.0308213246999498,-0.045999821630086854)
 (-1.0212442390661247,-0.034526124136385561)
 (1.0669426296872471,-0.0045565265143922206)
 (-1.0163137855843563,0.036358978908419992)
 (0.98609126719001583,0.012654768231642405)
 (0.94935901730250261,0.047097389221501924)
 (-0.97556044264945996,-0.073373137204096467)
 (-1.0025842373621894,-0.06822486434448681)
 (-1.0728576569740971,0.005529087587995531)
 (0.93755790779093906,0.066773116085146786)
 (1.0584779873069801,0.0079880271811539633)
 (-0.94626011490459905,-0.045482062691080648)
 (-1.0235563563561012,0.09898541033800369)
 (-0.91760806984751242,-0.048193691791240063)
 (-1.0074287912260835,-0.039421478320596962)
 (0.9440531425485057,0.1040568862947589)
 (-1.062295664678832,-0.06695498484303844)
 (-0.89840634428688748,-0.021720113699083304)
 (1.0851385440524539,0.0087952192292192182)
 (-1.0767953363680502,0.070066840697013869)
 (-0.93189544625017517,-0.0024134142386841445)
 (-1.035666177930934,-0.057084844881498668)
 (-1.064693725937341,0.032023285186778383)
 (-1.0680859122257911,-0.038620255602922912)
 (-0.99601860464252179,0.05601002772018078)
 (-0.99815338948217658,-0.052781881505425621)
 (1.0091978376368647,-0.056586328481624461)
 (-1.0232542015430603,0.068374370844963644)
 (0.97815665893730985,-0.002990236160734479)
 (-1.1432614590464416,0.027289717018356766)
 (0.94851853256016561,-0.019134141765946175)
 (-1.0590187357449306,0.062110238025040988)
 (0.92115832203394854,0.0077484510350322253)
 (-1.0765692743277204,-0.068468549308598844)
 (-0.95766609390390434,-0.076013877467954405)
 (0.83563044149278154,0.048615611835130995)
 (-0.86351800631527553,0.044413060879233829)
 (-1.1045681014842659,-0.0033610836647686472)
 (1.0991433050996544,0.15382923994480391)
 (1.0125508482092003,-0.0086353123056383107)
 (0.86520949796149749,0.033768248329356966)
 (-1.0494738706673619,-0.011475081876620368)
 (1.0292106997471411,-0.0014013689398603112)
 (-1.0051059965470299,0.009185913721487882)
 (0.95653817789525841,-0.0054178261276506059)
 (0.93532763246192596,0.018226616279471954)
 (0.93243378391205356,-0.017986682787339378)
 (-1.0582410743967952,-0.10964423136331095)
 (1.0649773550335206,0.00031615546016783833)
 (0.98558956595562031,0.042935234132445453)
 (-0.87514069916998172,0.18889258712883092)
 (-0.85184623197440823,0.1216944411437503)
 (-0.99812084379928079,0.016811123209661716)
 (-0.8893378627768096,0.039361256222754777)
 (1.0775360341085465,0.075781393786365822)
 (1.0070670441358935,0.0076569872295470078)
 (-1.0791967654068122,-0.07986174706206578)
 (1.0579821683850124,-0.090430307505814517)
 (1.0363247202999872,-0.058018155526086759)
 (1.0964197071465835,-0.00049649325389329319)
 (0.94725036518850847,-0.021775463477348121)
 (-1.0964050591922008,-0.16145879697205864)
 (1.002204106911273,0.094676224844285534)
 (-0.94774693608919147,0.010399005869576372)
 (-1.1667687963696405,0.089824243744904497)
 (-0.93954948481172773,0.06174189329795593)
 (1.0296833776799534,0.064457349968560659)
 (0.90669054540335658,-0.041142096505587894)
 (0.96585643307463975,0.030625718608467401)
