# Created by Octave 8.4.0, Thu Dec 11 09:47:20 2025 IST <gamana@Samsung>
# name: awgn20
# type: complex matrix
# rows: 2048
# columns: 1
 (-0.92291461187676294,-0.0015150982746510991)
 (-1.0276610568065383,-0.10224858987584262)
 (1.0473752543840396,-0.023465902102456221)
 (-0.91085313369226373,-0.052290419591987693)
 (-1.0247033961902927,-0.011861656521874025)
 (1.0234712056084097,0.022418446909993332)
 (-1.0438092298875636,0.0559983135708838)
 (1.0594539255896711,0.078984106817285529)
 (0.8162530761350224,-0.068962018880308382)
 (0.84920367051224788,0.04672719070588964)
 (1.0973278328595428,-0.013129231672631756)
 (-0.95851264128573765,0.045075882769718079)
 (-0.9336334732589866,-0.10445371488483093)
 (-1.0817322320873581,-0.12502592744396346)
 (-1.0215295999188423,-0.033388936875463751)
 (-0.95171207696457161,-0.079436802275218585)
 (0.97371738342894298,-0.041149658639888127)
 (0.92699730477926834,-0.060437353324228477)
 (-0.96732635019817814,-0.0073434301051856395)
 (-0.93204680982211652,-0.062558941842719706)
 (-0.93860034074263798,-0.054375036912895705)
 (-0.97220508680196438,0.086927343066012797)
 (-0.95545755059950044,-0.044417830562144295)
 (-1.0039119135864811,0.022882788493283263)
 (-0.86769668919570098,-0.010049949878376971)
 (0.94966131592085579,-0.00026575700233619155)
 (1.0399453766833116,-0.047869143477166309)
 (-1.0482367891059345,0.039501429251468788)
 (0.9851010492767579,-0.070787323021969564)
 (-1.011494198162014,0.0326282721016595)
 (1.0799034861631067,-0.090439005473282263)
 (-1.0604319829705007,0.051431318936957682)
 (0.94811528070728068,-0.074075172616666338)
 (1.0805839869246299,-0.041509033018114816)
 (0.90673022311165041,0.010428045823956482)
 (1.0646032095527389,0.050887574770903325)
 (-0.96791669764672117,0.044520120393616795)
 (1.0073229245496116,0.035779348039100385)
 (-1.0802341482050652,-0.022881100739253885)
 (-0.9876097349664088,0.045697752631060747)
 (-1.0068134867656582,-0.0083006377330184337)
 (0.89875533015704168,-0.015911769229231487)
 (-0.96845853523655845,-0.036876925706411844)
 (1.0093180974220375,-0.043553068725114913)
 (0.96984071007010808,0.012276387804205514)
 (1.02712819200522,0.0014112295595543837)
 (0.86208145375343237,0.050802096108340522)
 (0.81892597792385236,-0.068422316948247519)
 (1.0585459976923253,0.075641093650266264)
 (-1.1090870167624445,-0.08629954799706456)
 (0.9762833266711225,-0.057132394510675449)
 (-1.0717698305444732,-0.061734143205844409)
 (0.96430508432554796,0.093940377906357453)
 (1.0506232451952466,0.051402708803410829)
 (-1.0683560271433312,-0.0058778309287773247)
 (-0.97023402631689071,-0.035096252563012159)
 (-0.95866423785625698,0.027068617128028539)
 (0.96407607982848464,0.092061404375582759)
 (-0.96402690221418941,0.063682057146103033)
 (1.0152351725837858,-0.047392368931903711)
 (0.98863194297681545,0.04132111228921781)
 (1.051909791873102,0.0045301459235367932)
 (0.99828210135079054,-0.004973276474755723)
 (0.98018658870454145,-0.11876894662645546)
 (0.93204334772080322,-0.068966425765264433)
 (0.9768851399741153,-0.01512983773075933)
 (0.95296992843414496,-0.0128340799250413)
 (0.77266397926682273,-0.057129665140749346)
 (-1.0648126109846103,0.095322929158198094)
 (1.0878336880957016,-0.019146641384774461)
 (-1.0396336748804185,-0.10436892329205552)
 (-1.0553699702087718,-0.0078441363118624957)
 (-0.96855907336780578,0.092232656168088331)
 (-1.1126497490744289,0.11574827337063161)
 (-1.0337739242595274,-0.0038521164778191328)
 (-0.88492103796429777,-0.023223574319287021)
 (-0.9448893509694718,-0.030316451888550984)
 (-0.95395804153523611,0.10575796249111469)
 (1.0061844283533481,0.010489309636263558)
 (1.0350244555388135,-0.0069048749607135826)
 (-1.0327759216223227,-0.079185719283436443)
 (1.0145332417659469,-0.050235553763513102)
 (0.98224678660931997,0.0090925164993908465)
 (1.0159659357124862,0.051286816030750526)
 (-1.1526727386328073,0.086336907838970661)
 (-1.0000540731088985,0.11877251715211593)
 (-1.0072748573987738,0.067257913188853352)
 (-0.96032502113487883,-0.045904602450263891)
 (-1.0010539166043499,-0.018321326401976399)
 (-1.046303145689629,-0.034152575213071724)
 (-1.064309183826883,0.068225355998506432)
 (1.029064084713402,-0.074667765103222636)
 (1.0290303312215954,-0.10283700237521227)
 (0.88514690900496074,0.05111355740468404)
 (-1.1575631511753623,0.1462404095405517)
 (0.93204939139379173,-0.10471598252413961)
 (-0.99245040070767754,-0.033398949644218474)
 (1.0668737575879508,-0.082395061447014195)
 (1.0521671303938702,-0.082940389071261125)
 (-0.97644561896632898,0.059618363104870342)
 (0.96791703602104018,-0.044153132261290966)
 (0.95568501988312349,-0.022599991014847731)
 (0.85969228612428916,0.087793477258429647)
 (0.95202455539241593,0.056334665848754566)
 (1.0878535957334061,0.0075702505189415292)
 (0.96870970172202686,0.013770775663409885)
 (-1.0215008164668722,-0.0049233085306845852)
 (-0.98561407821949609,0.11193080974114855)
 (0.93650775293517108,0.040953932667159174)
 (0.98801910378250624,-0.11443703913237671)
 (0.97195674668931531,-0.076179369520146104)
 (0.98749965950651863,-0.028611836413755094)
 (-1.0936133672968216,0.019379734007511969)
 (-1.0393256454845501,0.010682333417745401)
 (0.97486071170060318,0.0021165849044665432)
 (-0.9693467065849527,0.056175315062271462)
 (-0.89717767300883189,-0.045571998602652458)
 (0.83607515570544255,-0.068266060914062981)
 (1.0193825063870245,0.060586350063903588)
 (-1.0306335053126845,0.041315534439126188)
 (1.0785826603206305,-0.055664794459770545)
 (0.85549451847087399,-0.018130054663702943)
 (1.0191272020094846,-0.023126731719931286)
 (0.98730839264664061,-0.063232823689310241)
 (1.1714963130463061,0.011587297818300686)
 (-1.0083826613793825,-0.075441593334985832)
 (-0.88911064072710733,-0.028476873466715871)
 (1.056238282360942,-0.038913872643072264)
 (1.048076176380496,-0.054170776713359209)
 (0.91675663914755479,0.091287980339743988)
 (1.0220191237828957,-0.040588393813790813)
 (-1.0328452273311008,-0.084254427497374815)
 (-1.0779830287856857,-0.012338635026227594)
 (-1.0179002530373995,0.021756106068651328)
 (1.078873394014541,0.028413382158082718)
 (-1.0470708668426054,-0.041270244451359191)
 (-1.1335526367809523,0.11886825863745254)
 (1.0407974794828481,-0.029327818032959047)
 (1.0186338524165086,-0.031150365384100976)
 (0.87395115648374799,0.024870638034242883)
 (-1.0115459934510709,0.01513085939147521)
 (-1.0035944923392544,-0.072800128994338784)
 (-1.047222418844455,0.0042520683723524374)
 (-0.99351432334975986,0.026082831500839052)
 (1.0183670647831651,-0.024295534439812624)
 (-1.046835104196449,0.047932064897784676)
 (1.0866423431703507,0.1058364072482616)
 (0.80038196130491934,0.055911370395760877)
 (1.0382963969543952,0.057982214471261555)
 (0.99316630343457502,0.071600628206715242)
 (0.94040127983543975,0.0054133523462471895)
 (-0.84021812162478715,-0.085632400056957769)
 (1.0255919644455378,-0.090729694135444308)
 (1.0081461276670876,0.086829893412860043)
 (0.89782943598695786,0.040971401094586107)
 (-1.0067070872114714,0.042721596546553671)
 (-1.0368858516746349,-0.038765839844304609)
 (-0.97619038990553642,-0.088721523323252102)
 (0.94857695093451788,0.099778153291486815)
 (-1.0080071939746034,0.12883878427637915)
 (1.0466616528975514,-0.05561407558267422)
 (-1.0914260894201315,0.028626533237363444)
 (1.0458013531382171,0.06404633361502414)
 (-1.1218987552556881,-0.016756042914962153)
 (0.9495620928005748,0.0094211509191181979)
 (-0.92664606314739861,0.035869346352874032)
 (-0.92100359903030671,-0.07532850542733377)
 (1.0712938543711958,-0.055547740309893436)
 (-1.0755702371126801,0.0067100860480505779)
 (1.0728305134646949,-0.079012883354575625)
 (0.99463899635590658,-0.081338313933101591)
 (-1.0764111529367444,-0.050855992622366099)
 (1.049429505100764,-0.043243328443260065)
 (-1.0259531548673717,0.036557918060104604)
 (1.0694798210877048,0.027387148460209301)
 (-0.92192204629755936,0.1115733273481733)
 (0.96078183561662756,0.069672801703434678)
