# Created by Octave 8.4.0, Thu Dec 11 09:47:20 2025 IST <gamana@Samsung>
# name: rician
# type: complex matrix
# rows: 2048
# columns: 1
 (-0.91605570912379308,-0.20335238587131776)
 (-0.36025815043501697,-0.55294540968860417)
 (-0.009053151336469778,0.055567116779414755)
 (1.6477675676976258,0.13823561087286329)
 (1.6500845390449337,0.67601392564614771)
 (1.4795918700031825,-0.3700817382704949)
 (-1.1926524378210757,-0.33578282889602745)
 (-0.56843565511637051,0.47787367917708368)
 (0.57812702738562138,-0.55304039529531579)
 (-1.3477288063581152,-0.33448646249539976)
 (-1.0516186050109133,-0.15843724179731786)
 (-0.73076298416736218,-0.089611366027726916)
 (-0.90823348273579474,-0.29397857227502877)
 (1.4055058700240775,-0.42453673064895836)
 (-1.3366671674507451,0.20188455398751584)
 (-1.405397086397151,-0.46450407204955557)
 (-1.0455747496312886,0.064155742577031244)
 (0.84738270151270156,0.1671234684296323)
 (-0.8680671364457343,-0.27254197928778384)
 (0.30160850181475252,-0.43063621758409593)
 (1.0582696922779637,-0.39570839119461293)
 (1.0764087486136684,0.069721959935349145)
 (-0.12423037326662911,0.22041852776191742)
 (1.2007401363758032,0.21973736517492368)
 (-0.57291383841387811,0.0087614245713783061)
 (-0.47202517274221717,0.051904001410105614)
 (0.79235279594433305,-0.21396699098223612)
 (-0.74513391610022184,0.38897506340837784)
 (0.67982624860567453,0.13409585420854972)
 (-0.79926868784031879,-0.12626853403684721)
 (0.59989249265700395,0.37214197473252825)
 (-0.48422617875952256,0.25246611533531393)
 (0.85664924289333377,0.26050981156155234)
 (-0.96017431619156923,0.51359664718457798)
 (-0.68893969489887907,-0.68279410294623843)
 (-1.0727237511076226,0.37609209894396184)
 (0.82784421729503455,0.57662892757070128)
 (1.4166263638781806,-0.12302399888850647)
 (1.2141104038208592,-0.75235355682428429)
 (1.2739578265333333,0.1020596682808549)
 (0.71947555493307047,-0.19067928725020622)
 (-0.46370317626793695,-0.44586875940936316)
 (-0.67045299091929789,0.34609052776073557)
 (1.2180895031316425,0.11299685974962063)
 (0.96043560305943676,-0.29482025491955177)
 (0.48483658252715883,-0.020311448047249003)
 (0.75163670719726139,0.048522948683132838)
 (-0.71523653802679477,0.073192152256715201)
 (-1.1923130974209761,-0.29179023753992267)
 (0.95759879239142276,-0.044535654806612701)
 (-0.9008711211782543,-0.29717154469461154)
 (0.094937219203836909,-0.78057370130149029)
 (-0.68883798474880731,-0.90417720252972644)
 (0.49459498124250795,-0.0055294242907609672)
 (-0.35694800085322453,-0.10113504091474854)
 (-1.0472676027625687,0.49684574792118485)
 (-1.0554474540488918,-0.08918681995185275)
 (-1.2495897616507194,0.08900366197340584)
 (-0.52042493757272701,0.11779844778801089)
 (-0.66555476418408532,0.23868661329800572)
 (-0.78478544256564575,-0.35339824014953675)
 (-0.83780550064812076,-0.27060623887209323)
 (1.0231798680459789,0.57064392121233665)
 (-0.63699739756992813,-0.32038937641609599)
 (0.77726821263264567,0.10954044617890317)
 (1.584673755886677,-0.015069859869747971)
 (0.28018988267129263,0.10890777297373458)
 (0.62280376767745382,-0.079871388126805221)
 (-1.3947580830293647,0.066933147761408088)
 (-0.76579071875078986,0.50945423903475795)
 (1.2933506540295561,0.13161959589316982)
 (1.2839858809446185,0.48191943174434304)
 (-0.77971076594637123,0.36068308255006737)
 (-0.71281484128083616,-0.18178881765145963)
 (0.90751851297802688,0.3859294964631596)
 (-1.0094581392010424,-0.19857478310123242)
 (-1.3009559565825561,-0.14308957023129107)
 (-0.63682336179020882,-0.064993628338662415)
 (-1.3271767609491147,0.85956285663701393)
 (-1.1254373478376258,-0.47987684750394738)
 (0.73302445973831676,0.20941516342192723)
 (-0.50350219247814665,0.1690774958275944)
 (-1.1449135081053317,0.022560628126808618)
 (0.28229544951626073,-0.75054240039993436)
 (-1.2795308584632523,0.52403972623725337)
 (0.88021834595032544,0.10551685757013513)
 (0.83643311299179068,-0.34736815119944875)
 (0.65534027795571981,0.24280893310080542)
 (-1.6474777120412243,-0.42006345639574666)
 (1.2397672839542093,0.01350204553663621)
 (-1.4299171315501844,-0.19610526242473134)
 (-0.79050782773522699,-0.76293101572600452)
 (-0.60799094330086711,-0.16912853061575037)
 (-0.1198030636870745,0.12781227911463366)
 (-0.81444924340291813,0.15165623215815499)
 (0.53071941189059846,0.18826070658870298)
 (1.1637807667236579,0.27615209805655194)
 (-0.76012360908852605,0.039941441210741058)
 (0.68387558134677318,-0.74282574884629216)
 (-0.78661974168524518,-0.2671841076011694)
 (-0.89074409902701834,0.30195298936880344)
 (-1.3849416506941392,0.19024806752002599)
 (1.2455023588722471,0.034762987608464462)
 (0.32521652729697559,-0.45822719130872724)
 (-1.4560279534702325,-0.26358188261701154)
 (-1.2609081832009021,-0.2385918266170616)
 (-0.98519574576868119,0.97669572185136466)
 (0.075721906843590814,0.11810718488237543)
 (1.3725895716203369,-0.57891907265077536)
 (-0.40173108760972054,0.18040623615734638)
 (-1.1401193729461125,-0.059530709675832578)
 (0.74503167661651926,0.7952028823805104)
 (-0.90297424364608747,0.46054348077063728)
 (0.86048499441208237,0.15437507161382702)
 (0.95903381414525435,0.081151312997628455)
 (0.9884056253729655,-0.34655060015073025)
 (0.45804567382581968,0.12385789651446356)
 (0.6991225875320044,-0.24766759500191399)
 (0.64769844163394796,-0.39807101326268884)
 (-0.62359292123823673,-0.49108914305675061)
 (1.4623577431429577,0.47308140540495086)
 (-1.3513814446395709,-0.15154355043831258)
 (-1.1835736564104047,-0.21252043693658587)
 (1.5153917114147042,0.32688176926392426)
 (1.2614325397556994,-0.59884108334430752)
 (-1.0170727036625262,0.35154673685045384)
 (0.72867389049525932,0.11390749656228104)
 (0.86651870918710738,-0.45743311896414224)
 (-0.86994821018978741,0.19664418108623202)
 (0.69991834468069403,0.40596081367140091)
 (0.57638537224990505,-0.053923549785543846)
 (-1.285476264038691,-0.55731542763821618)
 (-0.94537473107667913,-0.10321070050913499)
 (0.81697271448774722,0.76870285777792235)
 (-0.98017851626441321,-0.52124107227091843)
 (1.2467650370220471,0.15517335694030415)
 (-0.78253464645381732,0.27050411357756804)
 (-0.93385982081590113,-0.32752190808334836)
 (-0.39825708375881436,0.088330900985842994)
 (-1.0799126610691658,-0.16612333802633616)
 (-1.028090105184857,-0.4071787715707807)
 (0.50428866081868384,0.36062043188034643)
 (-0.5446398563163608,-0.42653279613765693)
 (0.62715538546908389,-0.14916029319508595)
 (-0.55531255969572846,0.3993467879313457)
 (0.263260296385459,0.18482570818480465)
 (1.6288922724199382,-0.53818836605591247)
 (1.1726029216310305,0.49524779110045902)
 (-1.8342033646077787,-0.097670901962977438)
 (-1.1470312084735861,0.14044147435712034)
 (-0.71624954494512827,0.40825271824288989)
 (-0.75014152431739634,0.14173292090889802)
 (-0.28538616686772045,0.4991478651184153)
 (-0.62719276947380287,-0.21900021221737068)
 (1.1356030851667327,0.24477310286646414)
 (-0.99203358014051568,0.08275109328050409)
 (0.52439199155204141,-0.40590557225013069)
 (0.65499358577398314,-0.28192257639880369)
 (0.63359153148439407,0.39763033236402007)
 (1.0655469388356427,-0.33597861591804706)
 (1.0552726344276369,-0.045073349697167739)
 (1.0166065269872089,0.37189399604430373)
 (0.47646869239441747,0.35355192857899709)
 (-0.47294045286840408,0.17482039863002738)
 (-0.63658119697992666,-0.60416890962333158)
 (0.86456821342244439,0.39999459518950164)
 (-1.3451433037748741,-0.34623460821278085)
 (-0.28851477426471317,-0.17751371382090372)
 (0.47564732448824865,0.12896239794130288)
 (-1.5849836949482954,-0.11678197827156205)
 (-0.74389372071117799,-0.29141829562084587)
 (-1.4058259817426639,-0.23686651562111796)
 (-1.1213933936378473,0.083328979187700131)
 (0.90728551629982324,-0.087738630044577076)
 (-0.5719453871533754,0.4869822721847224)
 (-0.86798436455907768,0.46254293223820903)
 (-1.0541876158967254,-0.045434244672070655)
 (1.0963216429379705,0.018925100692455833)
 (0.66257463348234569,0.53850094973134111)
