# Created by Octave 8.4.0, Thu Dec 11 09:47:21 2025 IST <gamana@Samsung>
# name: rayl
# type: complex matrix
# rows: 2048
# columns: 1
 (-0.64443129727497417,-0.15596681088285547)
 (-0.54587192967248388,0.02253150434540524)
 (-0.090581607845159673,-0.083355226636626409)
 (0.11231930862659525,-0.32797894902266012)
 (0.17635711246657948,0.10492451845329109)
 (-0.22260203499383996,1.4809768831745123)
 (0.83347986877254754,1.1591369301901255)
 (0.0024808982057904156,0.0018595580020752645)
 (0.73859381365880661,-0.61001023265334575)
 (-0.14321017742908504,-0.70628542330321031)
 (-0.11769058113501253,0.28833573793072848)
 (-0.27691402831378464,-0.57680055955818543)
 (-0.65538424878961654,-0.74426647465634921)
 (0.15982992136837276,-0.25499757603468515)
 (-0.5426037538312718,-0.20867978873504694)
 (0.25790891501209667,-0.045490130496850398)
 (0.3460369576270399,-0.080970554288639141)
 (0.16020624336294959,-0.23766571595481897)
 (-1.519462250655863,-0.11267513393444151)
 (-0.11025222042278716,-0.35789800552253981)
 (-0.1469517810826603,-1.5219376413001653)
 (0.025002815950209031,-0.1611642065895369)
 (0.60539861681455043,0.060591712257588075)
 (1.0801621377085446,0.90094571023035863)
 (0.060906205838772091,-0.20829883459570833)
 (-0.66465220927176993,-0.88105757320315392)
 (0.87349135329911998,-1.0500759530761157)
 (-0.057033831721709213,-0.18708339914020086)
 (0.44272513573897593,0.72803750404944434)
 (1.6259194191642214,-0.39021653028636349)
 (-0.3155866704490789,-0.37235398241200279)
 (-0.42352067476494304,1.4285951102646359)
 (0.47992222667379592,-0.44899056221728456)
 (0.22900370248257487,0.59045539300483751)
 (0.86123547313350246,-1.0778530675002109)
 (-0.83649563361903556,-1.1838592341310148)
 (0.73222992676325827,-1.3809744283215701)
 (0.54299969189972008,-1.1066908833015485)
 (0.24944859279947257,-0.18879997311969041)
 (-0.80084708667271587,0.580746274819123)
 (0.43353189562553329,0.71451013322509482)
 (-0.39020565014732311,-1.007066104765767)
 (0.37096000555477082,-0.039409924914000354)
 (-0.69945791559687154,-0.78599758261026431)
 (0.60073986256959111,-0.36426046818216257)
 (-1.9904122086380609,0.17023556074451582)
 (1.3591292286682395,-0.032605617871218823)
 (-0.87564562767917753,0.32022037275927762)
 (0.54305493122349047,0.79992143300821161)
 (-0.3316124596457124,-0.43578594322156144)
 (-1.3221873925648093,0.12101863568988917)
 (0.034440540421038404,0.13369515027100104)
 (0.56213265424735448,0.44183481381814194)
 (0.99408468672992845,-0.19748339270522519)
 (1.4237517936859403,0.11970553417325304)
 (0.0089527823456406128,-0.32927559946259893)
 (0.23753428803522422,-0.88605298797145149)
 (0.91862951501031309,-0.46580023166706297)
 (0.55842301336207623,-0.59474499663471547)
 (-0.075690842482216969,0.2304188465045105)
 (0.019644630440855987,0.92939549193123139)
 (0.15000457943361373,-0.024876734999478952)
 (0.77987597399467401,0.88825759683049166)
 (0.67199701705486348,0.43904466998000258)
 (-1.2281886821319654,-0.28576122331069054)
 (-0.35907637113383273,0.23589231920017259)
 (-0.95623474617603832,0.4771428497806911)
 (-0.22400661088035248,-0.91104458906132257)
 (1.7252918995997761,0.3318766092581894)
 (0.78862581511613761,0.010603697013398458)
 (1.2062691228541449,-0.036135019684407105)
 (0.25883108184655224,0.19556936221537133)
 (-0.21314216902598762,0.3303119914828116)
 (0.32120741002019593,0.0060562245298252408)
 (-0.3539058657378692,-0.7821342810451567)
 (1.0677000222365975,-0.94322007666771424)
 (-0.40848308560364915,0.84454223135299189)
 (0.33220922068230346,-0.20476007683795938)
 (-1.0837618070110273,0.28096917738940647)
 (-0.73109251067214598,0.95287903527163631)
 (-0.63953312950489871,-0.50475582527087304)
 (-0.15788946873052692,0.31810310932085983)
 (-0.032004172729671126,-0.64972706451608597)
 (-0.58195371941615792,-0.2912162071107986)
 (-0.56825588491672585,-0.13580035457471848)
 (-2.6531326122011465,-1.2222337370964509)
 (0.15554846159252039,-1.9692680362546944)
 (-0.19365386258984951,-1.6451145967724365)
 (0.57962727915652446,0.052963612795329386)
 (-0.50086158014349302,-0.14816372976435405)
 (0.23446020794249567,-0.88003069175656279)
 (-1.0797042584920966,0.12319359683258771)
 (1.7061774861671282,-0.43123928229418185)
 (-0.44834071209685439,-0.48925002331314971)
 (1.6477766001308984,0.45930786426976561)
 (0.45916429481751719,-0.38679639146355316)
 (-0.06236764388058183,0.1111705268929281)
 (0.48259700158449537,1.4238804348987109)
 (-0.17871193750966852,-0.27635762109557582)
 (-1.2860222512457058,-0.010674603471492834)
 (-0.31855433399406041,-0.16571613168143812)
 (-0.18787133714491355,0.75399043042369895)
 (-1.4916184046145957,-1.1523691932540079)
 (0.18538156268609357,-0.46909128059526611)
 (-0.80001878016204198,0.58500069232883312)
 (0.35897774695272394,-1.3236933009248633)
 (-0.20607296544104342,-0.58816608888330657)
 (0.55879237231391421,-0.47896709676265858)
 (-0.10309255249397233,-0.011966335339917394)
 (-0.14016005222681122,0.22836977432512642)
 (0.29683100219035652,1.0631231478233643)
 (-0.36881264010352638,0.60914698734939654)
 (0.35495789214449031,0.21772575849279116)
 (0.64864210544135092,0.10719262807774209)
 (-0.067528377609507875,-0.53278486624556387)
 (0.23552885032522053,1.4871145756056769)
 (0.19617391512414314,0.14839677922637926)
 (-1.0894534411156211,-0.61361986036884786)
 (-0.77776090922328667,-0.84225482975302013)
 (-0.58276801712266124,1.3533075788867786)
 (-0.47707974619522669,0.4957759081010788)
 (-0.40446499801903352,0.39614670534384583)
 (0.10984890020501611,0.54121996505585257)
 (-0.70264744773215637,0.65464305184644223)
 (0.97983816396338375,0.086001981756101686)
 (-0.69188071062196643,-0.47689612345629301)
 (0.78070497793269,0.5647069580914521)
 (0.58825921998650155,0.5033218647076565)
 (0.7297918144123644,0.18493545427735103)
 (1.285525094217165,-0.36478886041628505)
 (0.7465845818228416,-0.36354605284795138)
 (0.35591612435359582,-0.024348669837067637)
 (-1.0458111248883613,-0.32391046418604419)
 (-0.10979789365209632,-0.73168409747425589)
 (-0.24972250143257935,0.31318902341630528)
 (-1.1765447358786736,-0.9354545898828226)
 (-0.817998951216932,0.27623435078150105)
 (-0.5741041308299355,2.108417830559016)
 (-0.90305915434589767,-0.45266215497851225)
 (-0.88736494009787481,-0.33489851406063004)
 (0.11028086465057492,0.18788009986063409)
 (-1.0112273056932213,0.83217122170736779)
 (-0.97851157510827569,-0.17382677070711025)
 (1.0475645126554731,-0.33861451427841438)
 (-0.15629812686049963,1.6867390258709674)
 (0.2720574688552107,-0.22708281430306199)
 (0.9771943529403323,0.12836764233108466)
 (0.27689879505616932,-0.85453889437937847)
 (-0.70078514689088967,-1.2082422888185542)
 (0.7235983939400713,0.081764768638770566)
 (0.19169216234528655,0.05710492171048745)
 (-0.27430907685151651,0.58263038607430329)
 (-0.25748735196017991,-0.93235211348697622)
 (-0.93626842874553107,0.75184693827832982)
 (0.064016911921674621,0.23793773538201854)
 (0.23753410092950172,-0.20543948020065139)
 (-0.93703256631791043,-0.34121783860830057)
 (0.017220404898480222,0.0016264787838105076)
 (-0.20959328941294481,0.34694552717855648)
 (0.35558428828726635,0.26967409097801281)
 (-0.1025013538972384,-0.11855386629957115)
 (-0.098826244113311257,-0.10212656932251131)
 (-0.69227031225285962,1.8745159972846754)
 (0.77812804492120236,0.39999250480469689)
 (0.12855651254294415,0.85215110935190919)
 (1.0908885430833368,-0.40991463741952539)
 (-0.9175250794478389,0.010476792111731619)
 (-0.75072737677103729,0.51885750596896618)
 (-0.67150497098350415,0.24214412184632025)
 (-0.74336590390247881,1.0937604874230809)
 (0.34939517518294716,0.67553136482232712)
 (-1.8478555946933573,0.42022201861878206)
 (-0.78410266140459384,0.45778925663196129)
 (0.80828728279167872,0.58865550001496403)
 (-0.56873299513548836,-0.31963148381901063)
 (-1.6036342351268098,0.32913782353477056)
 (-0.72239592435207833,-1.3961089021989261)
 (-0.61282159627998323,-0.67569314139385805)
 (0.92358982544748325,0.66464587952800336)
