# Created by Octave 8.4.0, Thu Dec 11 09:47:20 2025 IST <gamana@Samsung>
# name: rician
# type: complex matrix
# rows: 2048
# columns: 1
 (-0.50626624120535912,0.55498387888071909)
 (-0.97487179851887196,-0.31665853136423017)
 (-0.88660175858897772,0.58179595618539703)
 (-0.75672817599905318,-0.17793071520851167)
 (-0.7312369269010508,0.098988007234585951)
 (1.4722429083688149,-0.028240498643132685)
 (-1.0864872884447985,-0.26112599824793348)
 (0.79087957036640266,0.31450551734033505)
 (1.0525318878110546,-0.83862405121682504)
 (0.96344374495858476,0.24093055611660324)
 (-1.0409329923098656,-0.079340544290785686)
 (-0.66269268436242224,-0.20906855042927272)
 (0.54013980162303321,0.084485990555307533)
 (1.2454349728107901,0.062721469361580642)
 (-0.23298317505480415,-0.36965450637924807)
 (1.1072472611369339,0.32505372707117319)
 (-0.86600747630465968,-0.21019778849831691)
 (0.87781139810316,-0.057172466591819356)
 (-0.42208397331411573,0.032005916404496716)
 (-1.0059904220395726,0.44387555425441039)
 (-1.0225221570596685,0.49987408491315544)
 (0.66088309804600098,0.1334828443603438)
 (-1.2657710362912726,0.10554938788187812)
 (1.0071752123949109,-0.062651964656768533)
 (-0.9634353420435523,-0.24325220792662561)
 (0.81592097256711682,0.41592546118853202)
 (1.3425874314477022,-0.20694677484453258)
 (0.4085876591030142,-0.19546812928524632)
 (1.1657946726998789,-0.028917318784215669)
 (-0.95999497042463211,0.18482603359700306)
 (0.5751203591524231,0.0016284103623427919)
 (-0.41079091808673418,-0.37896454760998555)
 (1.1496552010357111,-0.056164581590870601)
 (-0.85719906059136342,-0.56796480181115938)
 (0.67100525121467869,-0.29102205893371891)
 (0.88381344033897369,0.0066898581001347893)
 (-1.0289886560087809,-0.3684988904044928)
 (-0.26903835182080538,-0.15047245455351765)
 (1.1476917597511516,0.032254136610621792)
 (-0.45616260438816519,-0.03155412465811154)
 (0.36384592919154768,0.31823237275390065)
 (-0.98564474703082861,0.3233158430036292)
 (0.6953848710481827,-0.002412732058133625)
 (1.445499244227799,-0.28402169479223538)
 (0.99450206901066029,0.47808516796951089)
 (-0.50566174735532365,0.089511775294901272)
 (-0.67725436485900936,-0.42102027234489853)
 (-1.1262847726977587,0.53004769962267662)
 (1.440899990082642,0.088146322874111435)
 (-1.1351489820239558,-0.45186659869460077)
 (0.44840405992099419,0.030280665313386811)
 (-0.87433129724773928,0.38771515856985639)
 (0.53674449935152746,-0.56473056873288718)
 (-0.98824207827156463,0.059626594637133171)
 (0.42764435996855987,-0.077661620523063191)
 (-0.80104850399223382,-0.21890719913790194)
 (0.80000646620688376,-0.14950993393061401)
 (-0.71270663635358489,-0.28788482925699976)
 (0.22253119386237241,-0.22116948006644244)
 (-0.51497925459310712,-0.62221287404150349)
 (0.49007217343447507,0.15340950788610574)
 (0.88988895084692499,-0.46089259373794778)
 (0.70040673583061386,-0.13425867276955158)
 (-0.95377054777814774,-0.56219127161566529)
 (-0.49830371512634997,-0.013317595688398194)
 (0.80621007619827478,0.33449325015743114)
 (-0.69538700239214712,0.46948688526041471)
 (-0.9806225709253924,0.15224876582545721)
 (-0.67458501264495219,-0.23283040431324628)
 (1.2481562025911681,-0.40610334641639484)
 (-1.1144406086194925,-0.25004623456979247)
 (1.3095137577597999,-0.47229144928523509)
 (-1.2753036675109206,-0.44021499800776565)
 (-1.1944706032702557,-0.17297273087107976)
 (0.54681401537960872,-0.063997116831122483)
 (1.3632853211939533,0.44567572009700807)
 (-0.66607260468140339,0.72891177800726104)
 (0.86642395258645155,-0.076929134604899557)
 (0.93101505111527327,-0.23772461646987189)
 (1.1310369898180452,-0.076132147405279696)
 (0.78127655108691751,0.17044490060664663)
 (-0.6751385916047814,0.2317684854417649)
 (-0.063909295665077415,-0.08732226885485099)
 (-1.2689904539895944,-0.4399022677789543)
 (0.4997742055599998,0.72626874014798426)
 (0.48500005203841823,0.088970027886072778)
 (-0.88592239229789294,-0.21694315712891446)
 (0.95207578831574324,-0.35302429598924451)
 (0.88056120531762772,0.54049780341643838)
 (-0.64919310855176915,-0.29713778957427095)
 (0.48803016916398423,-0.082503365627819625)
 (-0.47571851887029221,0.27766258576430536)
 (0.8323906804124297,-0.43171268512860139)
 (-1.2788567893778526,-0.068320978900338017)
 (0.41902786892018701,0.32669079784045807)
 (0.68595273129371681,0.1282238208001143)
 (-0.52414181866429321,-0.33657982227628802)
 (0.91618086336222293,-0.22460045967708159)
 (-0.22958851167089134,0.47544356478906152)
 (-1.4910688762866424,-0.702435095401028)
 (0.26853111156818621,0.050355130624393694)
 (-1.0085863126694572,-0.33728734051467513)
 (0.82974456804561414,-0.15732614914603379)
 (-1.3053994314514048,0.29977698101244382)
 (0.89069395885748881,-0.23608534786287205)
 (1.7001562139985209,0.045850721174704949)
 (0.85218481697295478,-0.35594631070551136)
 (-0.18000309090018285,0.41302798402940261)
 (-0.6979179028066399,-0.38886621640099533)
 (0.72636807071451037,0.033059846756314272)
 (-0.64851893269719396,0.32234855704654614)
 (-1.6412235864526652,0.16822831765752147)
 (-0.53269788049843969,0.039211966966659538)
 (-0.89793784030422696,0.11520903403109588)
 (0.71207746608412947,0.50356522895419975)
 (1.2063970776739308,-0.32620703507491489)
 (-0.57816496943930029,0.0091205099691698838)
 (0.12493689860754309,-0.5570648296389068)
 (0.57275829615272866,0.65771936683994525)
 (0.94882534548189923,-0.37582342991786177)
 (0.60380673860488354,0.067873328868147065)
 (-0.88937316054383619,-0.55316748339653687)
 (1.3372169821712172,0.1067831628144469)
 (0.12129114794496842,-0.085007707064885904)
 (-0.92010436315613642,-0.053376351067886144)
 (0.57610159342708822,-0.21950047765129749)
 (-0.7692403026618464,0.11206088803370756)
 (-0.58959787624149751,-0.1599994208266089)
 (-0.69096277159860098,0.44065901762620208)
 (-1.3755390234840514,0.33506971619341452)
 (1.0759757841684432,-0.31460537107193653)
 (-1.1805200983848194,0.54671531082368807)
 (-0.97230416544732123,0.24411940367731824)
 (0.64884058194928562,0.13439571274370737)
 (0.67708149240920368,0.71234927394107239)
 (-0.78184697031168804,-0.16142198944795955)
 (0.92895347219151714,-0.71271291048569585)
 (-0.80049676326827424,0.48437637027633335)
 (1.3960524844602924,0.12610284277418249)
 (-1.0487738309157637,0.29998846315669431)
 (-0.85518238686838166,-0.036935116623604367)
 (-0.58463298281449583,0.29669056241092528)
 (-1.2982946263899036,-0.37483198365906562)
 (0.50074027117074071,0.020497598076888994)
 (-1.0623419269722592,-0.18821183837586611)
 (-0.66000125996315717,0.2930114334153926)
 (0.64422885688746412,0.20404502963439677)
 (0.21488767910567286,0.072068549013486097)
 (-0.93224319700111002,-0.18382100483975358)
 (-0.56355449250801759,-0.093617006278234743)
 (-1.2804830810682031,0.38682824871516269)
 (1.3437975241513249,-0.52504718155136787)
 (0.45283752205608996,0.17545703417478192)
 (0.63089444878995848,0.032284485836528237)
 (1.0500124111785321,0.019217326825649465)
 (-0.63280804998606344,-0.23457284646263202)
 (0.63491594547622143,-0.55855092585747679)
 (1.3642707824325466,0.18406741383095818)
 (1.3397782957783757,0.46966334509092716)
 (-0.23866788808933881,-0.23841215144065744)
 (0.90310436472934219,0.089582413215629195)
 (0.56408802767926591,-0.44250619032102628)
 (1.2077816033890163,0.012818241877287265)
 (0.59382868607472572,-0.19873632540224481)
 (1.211355776157615,-0.24331589437530093)
 (0.55096524883669207,0.11143097744999567)
 (1.1522809154803948,-0.053711541727221333)
 (-1.0627957988215941,0.29421928312617501)
 (0.81993808922006528,0.35439931074193071)
 (-1.6067872540050518,-0.041448637225777074)
 (-0.75343191465777226,0.35123846498156908)
 (-0.72187883287458821,-0.13500355212326706)
 (1.1654383609221939,-0.27343800566610882)
 (1.0696140798921925,-0.39754688953732736)
 (0.55189497224359141,-0.048895203836489189)
 (0.65231823750871287,-0.70426125878111734)
 (-0.87568375571225376,-0.37496608398682679)
 (1.5556660105288942,0.24967566955259096)
 (1.544489755302429,0.62091822214207326)
