# Created by Octave 8.4.0, Thu Dec 11 09:47:20 2025 IST <gamana@Samsung>
# name: rician
# type: complex matrix
# rows: 2048
# columns: 1
 (0.35459998292901362,0.035838665766635081)
 (-1.5425545020216331,0.28138010152611137)
 (-1.0551089988271822,-0.030730810131634898)
 (0.76182259431539456,0.054152280331009849)
 (-0.54768235953381461,0.26832736450451378)
 (0.9994266586513737,0.31999232371041797)
 (-0.71510692533969955,0.12735493434952297)
 (0.85341930753833117,0.3202878774043133)
 (-0.68106005579676965,-0.83716351094048624)
 (0.81980668801266798,0.32022557650074435)
 (1.5922022344141944,-0.52741030570447334)
 (0.78754344405358578,0.038072167113575341)
 (-0.99751970458178618,-0.036825050471401527)
 (-1.0128500822012818,0.063089429659265242)
 (0.31691282718645464,-0.55996472151553145)
 (-0.82928392080995927,0.35354915355072292)
 (0.73355935201987399,-0.4597269906986356)
 (1.5905262610156894,-0.30072365521741135)
 (-0.86637873289025769,0.43507314101327799)
 (-0.57922763795648069,-0.032733192969939394)
 (0.85428866567391337,-0.3554721986989558)
 (-1.0891657992924704,-0.13224320793003619)
 (0.74467850721387696,0.27493667746891559)
 (-0.67538024755003645,-0.031026358202896377)
 (-0.75861203322941362,-0.1614170469319636)
 (-0.75062537239144389,-0.14884030285603889)
 (-1.0557861778832072,-0.27277803542244994)
 (0.62767878652909903,0.045801432868815342)
 (0.38925794190375351,-0.35359758476807235)
 (0.86333103594274674,-0.30324833911243687)
 (1.0267206898016084,0.17998280422627796)
 (1.2809343862920997,-0.45328905783057238)
 (0.90917713070141248,0.078900124850849768)
 (0.76860134848069972,0.34785619001278001)
 (-0.90435969072068312,0.30052412639656806)
 (-1.1475182094113396,0.17914973133780715)
 (0.78104740292520969,-0.12363804552163346)
 (-0.44051052628220544,-0.32226020846877274)
 (1.0153827908210564,-0.40473086498860816)
 (-1.0492822623521365,-0.15873770693011025)
 (1.0194427879470305,0.064053768616500611)
 (-1.168738661231135,-0.1790890513719478)
 (-0.28740016707266636,-0.37108122202576893)
 (-0.69689782211623341,0.25877160995235088)
 (0.58026517719457238,-0.2039166136103876)
 (0.74373241702390414,0.095085529473542527)
 (0.33276081927129664,0.1242518888744297)
 (0.70217942619561202,-0.21839664383964735)
 (-1.3139726476898426,0.12157520827760769)
 (-0.0053455926549180743,0.81297642375176349)
 (-0.4920679434260708,-0.013331577628158673)
 (-0.67759981774181388,-0.23385976642620848)
 (0.6683515897155301,-0.03223205767011459)
 (0.67312822563950081,0.037811236301266107)
 (0.38758614356427434,0.48897059240684382)
 (-0.20980043644365742,0.068929778195769772)
 (-0.70592815750919846,-0.23859130883057392)
 (-0.64608306921765402,0.081472243025257393)
 (-0.77071955225364963,0.064081052921854273)
 (1.2382293259376869,0.31721985872869268)
 (1.1159261135896463,-0.089014282621341534)
 (0.043068222598832029,0.040801785120051691)
 (0.98718705740680146,-0.43220727812778381)
 (-0.78281942075356337,-0.05950351364842886)
 (0.88258736110074043,0.099933488944558613)
 (1.4458111530603368,0.34064866586484854)
 (-0.65482141202312349,-0.42659755513711978)
 (0.59687385428851447,-0.25702598749026634)
 (-1.16852349870802,-0.54640348268100081)
 (0.86880766138187682,-0.41120038425829314)
 (1.2471916251675821,-0.078239436895064851)
 (-1.0923823467233327,-0.45621260800491648)
 (-0.32486966186493338,-0.57820666751034577)
 (-0.70151794376723764,0.47603348180953642)
 (0.66961712583870925,-0.44272150482839873)
 (-0.50891103248724345,0.31386841401647192)
 (-0.90826678000094252,-0.33618837567665366)
 (-0.43322688301669904,0.013661832138378953)
 (1.0109399236075292,-0.26488797863173769)
 (-0.94506710788117088,-0.28543444889519642)
 (-0.90259384320158453,-0.093667234557181803)
 (-0.74122532250204631,0.10924623678028611)
 (0.50714400409882465,0.074487261699801868)
 (-1.241342295604853,0.32985669325388195)
 (0.57257673375370322,-0.11819499798860449)
 (-0.95759409062590306,0.33741077280048409)
 (0.26268964628820746,0.10462436626168914)
 (-0.78530117553948708,0.005382308053606016)
 (-0.12836018788502379,-0.18620405377323052)
 (-1.0981892846026451,0.35874380390232585)
 (-1.1477768817806868,-0.3279697032910307)
 (-1.2566351052060458,-0.288855560956289)
 (0.95672599978782658,-0.48986067031776831)
 (-0.81363370819555403,0.2632983465726243)
 (0.6099433528654421,0.19309585042891975)
 (0.9388317623538549,0.14740896752015742)
 (0.80208263357328524,0.039998263660821952)
 (-0.9067285296327865,-0.39312828752068985)
 (0.81184679061280007,0.4037552001924623)
 (-1.1175709976157995,-0.2644100694684513)
 (1.0302669209118462,0.39758730702266781)
 (1.1091299835045998,-0.18248396867491565)
 (0.63140014853803672,0.3637441690101747)
 (-1.3148768598304235,-0.18600230619361632)
 (1.2530743396698887,0.23499149295498789)
 (-0.83670062438645465,0.27166716891587084)
 (0.88430156468622789,-0.044049023244438927)
 (-0.65907993769616102,-0.068763052287969001)
 (0.6681554214750548,0.51541403975313549)
 (0.80354687840484074,-0.3943321494833657)
 (0.83463675416702365,0.15070217245703812)
 (-0.27258656468711095,0.52801626021411996)
 (-0.86455223504688494,0.50236009417768157)
 (-0.89325287352886873,-0.34523187204171329)
 (0.87306305054424171,0.2734084891868459)
 (1.2938823395539953,0.0068981122319097992)
 (-0.95488840409637854,0.34216760588854717)
 (1.0759156317850396,0.1487726309563708)
 (0.70812213546600911,0.52930418944046953)
 (-0.85239494104372004,0.16931546592649108)
 (-0.58157660173821846,-0.0091017756035350027)
 (0.5509631857301085,0.19459946157216235)
 (-1.4989114356374809,0.6294090077768375)
 (-1.0137322258625392,-0.29575381564265424)
 (1.3482112390590195,0.43501080737248943)
 (0.52049025904927471,-0.70126065502281232)
 (0.98967651863135586,0.37477479751916071)
 (0.53914688240601349,0.49981002345653475)
 (-0.24441182093254732,0.29916418324922317)
 (1.0158216887272749,-0.019942691174029394)
 (0.82145835087767993,0.046551484696526181)
 (1.0705508200506855,-0.1683073333046419)
 (0.99496004460218668,0.42797525978347245)
 (1.4085942204461839,-0.13744374814258412)
 (-0.48745033371490576,0.2382162449909557)
 (0.78272028380579595,-0.478689377915962)
 (-0.94854630628560122,0.25572637649450664)
 (1.0492206382881883,-0.018789984539471821)
 (-1.0445072617350755,-0.59304752199421973)
 (0.68084177698361925,0.23069230498576068)
 (-0.74911075299526553,0.31157665562868053)
 (0.93427274970068008,-0.15614525185504818)
 (0.56661837122030012,0.010843145731347108)
 (1.1423429060471828,-0.65256286937522789)
 (0.42520965525404186,0.33041906472955473)
 (-0.74536287479473606,-0.16836558131899987)
 (-1.0327811935154678,-0.083163572342515854)
 (1.0044365931459605,0.26892002459212966)
 (-1.1061915789972849,-0.060304204609892754)
 (-0.96782254360217379,0.098755529842149276)
 (0.93719425080724528,-0.13000535389058759)
 (1.0799976419639352,0.15138619813362528)
 (-0.5189828171274411,0.0292367048300698)
 (-1.0330913092092762,0.40680146533779721)
 (-0.97625057835874929,-0.17714939381606082)
 (-1.2919226722965473,-0.14311578974593828)
 (0.73744110620549486,0.33494916147558285)
 (-0.84545848048547367,0.15304744752574498)
 (-0.80015662036331947,0.13500776019204513)
 (0.70381549289160594,0.85099315317575563)
 (1.1421172003699667,0.19122312156254398)
 (-0.95941645691623478,-0.70617986781726827)
 (0.46841244500464252,-0.36653094535633962)
 (0.60048525529315855,0.33970327262752742)
 (-0.80586191113341743,0.21150395667387009)
 (-1.2819214285418146,-0.15661414281986233)
 (1.0362077722531462,-0.31543043737423604)
 (-0.99156775116859708,-0.033275840760941866)
 (0.8869327868451331,-0.37145342635066647)
 (-0.95747152492337295,-0.20937100167841399)
 (-0.40035621163135893,-0.14933288040246806)
 (0.67366636515193901,-0.3270629636836333)
 (0.24952540708483584,0.42532691077868306)
 (0.62453133469284483,0.31607484816949188)
 (0.47774101687478832,-0.2672222969941036)
 (0.012227438718339201,0.060543351716390838)
 (-0.45601329723974432,-0.42724616971391655)
 (0.25682782195807352,-0.30592254771792293)
 (-0.47688080041216779,0.0027400503270071492)
