# Created by Octave 8.4.0, Thu Dec 11 09:47:21 2025 IST <gamana@Samsung>
# name: awgn20
# type: complex matrix
# rows: 2048
# columns: 1
 (-1.0545512207119541,0.0052898670342979024)
 (-0.95625941540293335,-0.066901779829591168)
 (1.010252318814731,-0.1209350874662202)
 (1.153356049388067,0.026576461120937919)
 (-0.97794553862981393,-0.093975295112594434)
 (-1.0358823199772473,-0.074185012741031633)
 (-0.97602793572175062,0.10145675978496232)
 (-1.0092959211147612,-0.071607739763651798)
 (0.98324123545862285,-0.072681414531539465)
 (-0.89936355704708815,-0.003713181591021283)
 (-0.997802133523914,0.07172045042794073)
 (-0.91642366408843845,-0.020065916137313219)
 (1.0058674678437534,0.019436666310543783)
 (1.0069879693862536,0.10403885769223063)
 (1.1267365088766277,0.11380252295602107)
 (0.90325063401811689,-0.040923891617360486)
 (0.857383169924542,-0.0019450776677528425)
 (-0.97361202738930275,0.022696948646544979)
 (-1.1121519120419459,-0.0028363039791153045)
 (1.085294499027784,0.077607993990369481)
 (1.0236188539370208,0.039497910918202248)
 (-1.0575035255179079,-0.0639114533355543)
 (0.88899622297529113,-0.07893035784642434)
 (-1.0002259990829032,-0.0047876673655279619)
 (-1.0215918482667616,0.032601980945484471)
 (0.96382472558902788,0.071643329763623823)
 (1.0570496044133775,-0.056473507904040356)
 (-0.93155060271127166,-0.079357181470654334)
 (1.1463236296034198,0.02356942883763891)
 (-1.0503038285231314,0.047014617233376452)
 (-1.0259264926493039,-0.036655870548347652)
 (-0.9030859714405165,-0.023261713583719951)
 (0.85882477222063192,-0.10316064803749235)
 (-0.95046629307602759,-0.06087709264044816)
 (0.98936481472236593,0.043944217195693247)
 (0.96164391424375539,0.042657747168647009)
 (1.0908571355396544,0.035061192911570026)
 (1.0005004207509545,-0.061361898734543507)
 (-0.93583909743201399,-0.0093964927305024443)
 (-1.0152571985758112,0.038370920788512564)
 (-1.1240023393629766,-0.056769936648453923)
 (1.0057960730783748,0.02653753838284538)
 (-1.011302270752148,-0.020079936118975156)
 (1.0401152865591319,-0.038318746543619872)
 (1.0412126142260199,0.079973052592225258)
 (-1.0718561771590165,-0.03297430468133658)
 (-0.99549754187627437,-0.046455228588791607)
 (1.064022834185864,-0.060469528044633715)
 (-0.97286807231986028,0.054020369707656474)
 (-1.1701962806982062,0.0099874585095978199)
 (-1.0624612194514644,-0.025112603246766174)
 (-0.9550815720131719,0.0078822009646386474)
 (1.0043924010164966,0.00014332501396727187)
 (-1.1084281911727021,0.12786951326541163)
 (-0.99460769888327771,-0.095471534693073304)
 (-1.0207265404544181,0.063563869063034947)
 (1.0354576048328237,0.0062919467431791351)
 (1.0447596550094351,0.03534538415955861)
 (-1.0215135098233641,0.10016500715668733)
 (-1.0586496265132637,-0.1102613692779936)
 (0.92245160856626185,-0.057911411090149884)
 (1.035287785924667,-0.038393838306908436)
 (0.97716087576139843,0.055733930639257467)
 (0.99240400452983946,-0.016645999643971645)
 (1.0830193428044705,0.14533632545889383)
 (-1.0451659783562024,-0.041271644654699756)
 (-1.0781013992062256,0.04687723455789998)
 (-0.96397880753204013,0.017746359999895989)
 (-1.0103961036927862,0.07395831817955377)
 (1.1537981688666346,0.061133711399254664)
 (0.9141530158015746,0.049063940438203002)
 (-1.0095935253462278,0.002165240671454047)
 (-0.99004193607114277,-0.0048483553132754147)
 (0.9301975343321226,-0.0022341307175256105)
 (0.89112525668368536,0.055201882520510406)
 (1.0599447358090794,0.1354730114646602)
 (-0.96116715024212984,-0.057968077807693578)
 (-1.0486446295591718,-0.10055497270521302)
 (1.0138753265780163,-0.007757760809590817)
 (-1.0640661668159328,-0.05993511942620941)
 (-0.98391276103409142,-0.12185258351221816)
 (-1.0940451545684711,0.031937543423949458)
 (1.0852821160025039,-0.13368073699673289)
 (-1.1078906101452315,0.070289197694585623)
 (1.1000006305583523,0.073999740511356688)
 (1.0458150382421865,0.19020341549032249)
 (0.95737916486995578,0.093793560948819021)
 (-1.0156758699896933,0.20331580348361605)
 (-0.95617243761985571,0.10868579858300804)
 (-0.93448886500815342,-0.020203979836556321)
 (-0.98976909192775497,-0.025294552046689296)
 (-1.0396121875669446,-0.13235467224068295)
 (-1.0562798505436144,-0.0050984129252426291)
 (0.9585086321994315,-0.024446073743947985)
 (-0.97140851088589619,0.014881211656193945)
 (-0.99268975197285036,0.048418912639797834)
 (-1.0175184869577216,0.022471037253059076)
 (0.97938343564929464,0.08092460474178681)
 (0.91810510641929211,0.034529504331021227)
 (1.0085863568808657,-0.10154321735105437)
 (-1.025142983338249,-0.011991762031913052)
 (-1.0674301159070665,0.070514028304328735)
 (1.0545708107674738,0.0026902731513596678)
 (-0.96684070525658761,0.066505271727567622)
 (1.0970155341319612,-0.10491807956852138)
 (-1.000809033443218,-0.024645849209283213)
 (1.0264580590105761,-0.16230504596799578)
 (1.0241322590241495,0.062037832161969356)
 (-1.0779785699169273,-0.14146113480526865)
 (0.9412507973123686,0.049212191791193953)
 (0.93918369132464985,0.027119712827662151)
 (0.91003747657691003,0.038255864644205106)
 (1.0822077750381149,0.080611472059713155)
 (1.0431677536023889,0.072383352273741958)
 (0.92388558396871812,-0.099012948770359821)
 (1.137102103658362,0.060777336734898969)
 (-1.0480637621394275,-0.1148587589194251)
 (-1.0421599561537109,0.021114616362085715)
 (0.95064083753004469,0.091652690082114699)
 (-0.97628184582988253,0.036547733381212914)
 (1.0545651748379046,-0.014367606056099123)
 (-1.0888480976443375,0.12371928495602265)
 (-1.0242478245232982,-0.0076900217869868785)
 (0.9920899431882686,0.059647576275495218)
 (0.96337728351467256,-0.10368331881756426)
 (0.90889620904638813,0.1017489523283121)
 (1.0133293621973527,0.068007163652016284)
 (-0.96644066495518888,0.097862049441191881)
 (-1.0144241567927821,0.026205176214213633)
 (1.1149727714679032,-0.033505471353456225)
 (-1.0062745712690371,0.11030675415045513)
 (-1.0237888579750665,-0.058627198192845315)
 (-0.94635392548299901,0.011815365046429015)
 (-0.97916589618892558,0.0045605265872170724)
 (-1.0774132876088192,0.13146887617029568)
 (1.0895296821551237,-0.038988335647497818)
 (0.94277647409274068,0.089974142559666459)
 (-1.0724402109029738,0.0035516612299781765)
 (-1.0189368820567375,0.071885671637971785)
 (-1.0336612189350685,-0.017574235245398282)
 (1.0300978102322638,-0.047465209917403189)
 (0.91790931795568931,-0.027759006744155903)
 (-1.0382558804316524,0.10126014124947209)
 (-0.92721168603987603,0.043976608764973717)
 (1.039113203660438,-0.082225921559795967)
 (-0.88640783868825768,0.0022521459919774382)
 (1.0357549517816307,-0.064721808176051318)
 (-1.1196490698310386,0.045618587723232094)
 (0.96736321930346214,-0.0048814958741869932)
 (0.94519557400422627,-0.17776998848461512)
 (-0.94961408076054599,0.12702306242787645)
 (-0.95714694951340118,0.04775220021241168)
 (-1.0412864471931169,-0.043543023504756612)
 (-1.1882518635847663,-0.043710110436623678)
 (-1.0722414975627823,-0.022424718434968349)
 (0.91516486237309347,-0.019769398531705569)
 (-1.0549240951198529,-0.069466860500077984)
 (0.99895684055892575,-0.03654900972468255)
 (-1.0470713269664147,0.073008761249322734)
 (1.0367249320577931,-0.018520213288555031)
 (1.071236296603951,-0.038640343669287043)
 (-0.96751880496154408,0.033998000335920535)
 (-0.93124466291139174,0.12279122913977357)
 (-1.0849130440806358,-0.037151828396187553)
 (1.0171948618039772,0.03394680181444882)
 (1.0533632482378461,0.041329166062616447)
 (1.0811659147957884,-0.09664689480236123)
 (-1.0158398810435565,-0.10233843508813789)
 (0.9029163776009993,-0.0046946678556664002)
 (-1.0456669099109894,0.019889246904812977)
 (-1.1098284634930322,0.091933414825546955)
 (1.0908804246213553,0.014591920363995495)
 (-1.0814723196838929,-0.0063923844218775703)
 (-1.1025964388889551,0.077143800881395344)
 (-0.93630096585797429,0.056639240668812929)
 (0.9347582652219445,-0.046071196356581488)
 (-0.97099847995652599,0.097493732068776873)
 (-0.99818387706708112,-0.11044471210765039)
