# Created by Octave 8.4.0, Thu Dec 11 09:47:20 2025 IST <gamana@Samsung>
# name: awgn20
# type: complex matrix
# rows: 2048
# columns: 1
 (-0.96867791966001227,-0.048222931024310155)
 (1.0388791669696653,0.10445153209173459)
 (0.96110316300489484,0.040900065192228913)
 (0.9392187865460726,0.060475655199217562)
 (-1.0146870873984943,-0.089124905820084657)
 (0.99943431371691294,0.0026913688263198437)
 (1.0422474392952255,-0.070866160962554894)
 (-1.1430769001344743,0.009273846640978578)
 (-1.151050940045397,-0.021372841853539794)
 (0.93588196566956783,-0.015682986377233653)
 (0.9323311118348987,-0.050703026917221429)
 (-0.99197378342515941,-0.0090859871675940031)
 (-0.93011630923725186,-0.052400438670831877)
 (0.95779216079574037,0.090656197381602577)
 (0.95040895448464469,-0.008065402623277932)
 (1.1240533489680411,0.028056714345650869)
 (-0.97922989661803272,0.065658737066891737)
 (-0.98744825117519441,0.015147022822847592)
 (1.0067201189856514,0.037137924358449356)
 (-1.123966411151645,0.0043337031922564611)
 (1.0087352372953446,-0.057123495379076211)
 (0.93853330727455053,0.036189249559947817)
 (1.0519791854303322,-0.01403132445589313)
 (1.0417605319558032,-0.0046150348639377951)
 (-0.94668750651428524,0.044698171472903718)
 (-1.0481734256373758,0.007419496453774807)
 (-0.99786011588046508,0.030644104556501607)
 (1.0338494963180385,-0.012931967492786299)
 (0.9417256253011963,0.081377262361102584)
 (-1.0417741964484302,-0.032685215957105287)
 (-0.95363500975930737,-0.061334613091910066)
 (1.0884471438176127,0.12949506567640387)
 (0.98952954053708397,0.056805870118921034)
 (-0.82855817272363208,0.027446133457217969)
 (-0.80126563005646023,0.018980066789870947)
 (-0.94771139908670521,-0.032258936484869716)
 (-1.1961764481878223,-0.063756012189658429)
 (-1.1149701972723292,0.018850648702318409)
 (0.90708888215424266,0.099065601225213878)
 (-1.097446037870027,0.0095050725483137779)
 (0.99914480237624859,0.015242427744822304)
 (-0.95754432582197069,0.018800163442558849)
 (-1.0503622967626658,-0.051004107858973552)
 (1.0263561509480827,-0.034964270762416538)
 (1.0941550748493434,-0.0073635888687595651)
 (1.0988822532782176,0.070704630890258122)
 (-0.92649463584001768,0.0028650501998904775)
 (-1.0888388826214059,-0.036237691772683975)
 (-1.070953963559736,-0.027410672644835623)
 (1.0661810812349397,0.014730411384776033)
 (-0.91484918598610898,-0.017075730791176743)
 (-1.1200916730554229,0.037228448439179863)
 (0.87476245344811987,0.057921575609341559)
 (0.99369531182452597,0.042438007615440483)
 (0.99800385358211574,0.013403519133575729)
 (-1.0649523605863678,-0.071137229518376879)
 (0.96264722112142731,-0.20143043530592922)
 (-0.94171301620430137,-0.031544640416297738)
 (-1.0395194173647135,-0.072855305911705123)
 (0.9721676787416117,0.088895280212080666)
 (0.91949717790017771,0.014481772005698402)
 (-1.1837657361317875,0.024559141475447743)
 (1.0475582455451176,-0.0024807812080774681)
 (-1.0409107252881653,0.021284691664960512)
 (1.071198847440983,-0.0029232942210868414)
 (0.92921990169277136,-0.0080059370374125135)
 (1.0026435279890669,0.032648872232896295)
 (0.89024433731602004,-0.038618430989634883)
 (-0.93770141143970831,0.031017286781714521)
 (-1.0235794253092518,-0.063660708399478336)
 (-0.94914687022618749,0.029021276384503709)
 (-1.0410676453596006,-0.080912989437819549)
 (-0.99723414306227487,0.12889965226004688)
 (-0.99524019854478063,-0.017219243614854045)
 (-1.0387866386106466,-0.091520483480456549)
 (-0.99809181394359725,-0.026250581834542253)
 (1.0747600178763406,0.04705824038174479)
 (0.94247443223720906,-0.15695187134163133)
 (-1.043500417017061,0.036818688154971156)
 (1.0134702008723757,-0.12272926181247351)
 (-1.0310158455412228,0.020560785470364305)
 (-0.92855827042835226,0.066228648830032558)
 (1.009720175998271,-0.010883030781092411)
 (-0.91514541527988524,-0.07729485557035265)
 (-1.014452022114698,0.069791277162347579)
 (1.097562905689385,-0.036076719263439659)
 (0.91856496637883533,-0.044387688457383459)
 (1.1179607941101437,0.18799171707730389)
 (-1.0009519147625414,-0.18364669124619207)
 (1.0409122536927125,-0.045022676366665355)
 (1.0398681391067113,0.06130178756854681)
 (1.082363525897867,-0.054063663470715097)
 (-1.0487117216014274,0.20611225578937004)
 (1.0167145925733692,-0.021872290182851382)
 (-1.0020396089312524,-0.060503296541595322)
 (-1.06378941542201,0.027186893397340452)
 (-1.0287069666869628,-0.080102575463935663)
 (0.92934620750877972,0.0060309881587014558)
 (-0.95156972440414167,-0.0020820953108068936)
 (-1.0067514386885619,-0.02001183288052627)
 (-1.007114356041855,0.12939564703541664)
 (-1.2000855120356442,0.097750453789692535)
 (1.069151844852817,0.020118440151517925)
 (1.0027586622598514,-0.026545217948027711)
 (-1.0291511188662616,-0.10042854542320832)
 (-1.1186371115803413,0.016152878090413141)
 (0.85451647302374401,-0.15015700039660565)
 (1.0848826014063004,-0.11445929619883584)
 (-0.98510906688807565,0.00099167804204465504)
 (0.90700777079918971,0.15775503223264975)
 (1.0529928390126184,0.017562303517588005)
 (-1.0031202344273265,0.075011607767385358)
 (1.0328294162096854,0.010267826481544055)
 (0.92943252238715779,-0.0063696910868015072)
 (-1.070484784699133,-0.0800702059172093)
 (0.93514861438828478,0.059839410558620569)
 (-0.95811036785318193,0.044981017245438043)
 (-1.02784227303149,-0.053421223480304703)
 (1.1355430574020833,0.059925519960680455)
 (0.99115644340173858,0.10894026262301551)
 (0.94943746003959406,-0.021836068023405444)
 (-1.0409939780955253,0.027772174694465385)
 (1.1413211189099455,-0.035955958451942265)
 (-0.92723417368876959,0.040130349344611765)
 (-1.0955267412812189,-0.065142189341496473)
 (0.85666402605376979,0.026194478659151241)
 (1.0135347569407296,0.14398040125728051)
 (1.026991464209277,-0.035090338174016654)
 (-0.90503181427254942,0.12767113089256901)
 (0.9888865547400012,-0.062288856779171835)
 (0.90242957218171638,-0.068870368686970926)
 (1.0310291861890757,-0.11983141899430966)
 (1.0176397610144292,0.066367654625524547)
 (-0.97369090752905441,0.00052893413481322276)
 (0.91337530216567842,0.18670226892282196)
 (1.0977530854510518,0.087454876930666559)
 (-1.0488580691661737,-0.054728137371041735)
 (-1.0567323610875354,0.012822923758420805)
 (0.98293242798326208,-0.044301511743910178)
 (-1.0600517116112933,0.024063572119702652)
 (0.98150037229341935,-0.0093008472328225747)
 (-1.1068369280266266,-0.028755853241832413)
 (-1.1194450280578443,0.10347263386544746)
 (0.94840767956477712,0.02741861468655838)
 (-0.91934012949191479,0.058409799048844739)
 (-1.036596886039844,-0.11998575047803908)
 (0.97056180875665643,0.029687192205414506)
 (0.94767479002224964,-0.0019170148439600111)
 (1.0572605743201486,-0.070537878522192524)
 (1.0298569785971372,-0.068273673811492491)
 (0.90579792993785846,-0.00042994297908316057)
 (-1.0196734024868657,-0.069479221275793562)
 (-0.95803441304055648,0.094160940590772901)
 (-0.88441449663197658,0.022633827490159877)
 (0.89357298118531681,0.090389058081701001)
 (-0.86657622924587063,0.037500142746712491)
 (-0.93158261820672961,-0.10528404800757812)
 (-0.83453210916560816,0.021997585190238412)
 (1.0010161062312579,-0.045557376798483679)
 (-1.0191330157012377,0.030069539546357611)
 (-0.9819169047153854,0.15479981891644679)
 (-0.96570563910145524,0.15600419023984791)
 (-1.0260972852929002,-0.024805992177460625)
 (1.0166759673194781,-0.19134326038006383)
 (-1.0130547257081657,-0.15266108720164892)
 (0.90627281037527585,0.078776793000078699)
 (0.98513064022129726,-0.027419083536886824)
 (-0.96540838822006092,-0.03922353291333279)
 (0.98206138943043308,-0.10857791536723226)
 (0.96710617129043619,-0.017577626533750501)
 (0.94548509334313457,-0.00010937784248721539)
 (-1.0718679170624785,0.045708231463631468)
 (-0.95213096646870365,-0.019185828786151118)
 (-1.048136053048782,-0.017263728526095017)
 (-1.0434389215521092,0.017273279053516496)
 (1.018517525289637,-0.040012534062611745)
 (-1.0702792280843987,0.10386267721426722)
