# Created by Octave 8.4.0, Thu Dec 11 09:47:21 2025 IST <gamana@Samsung>
# name: rician
# type: complex matrix
# rows: 2048
# columns: 1
 (0.21569164409744546,0.06017679686127142)
 (-0.93124894166364081,-0.063759206521334752)
 (-1.2409211290887761,-0.005890357267386636)
 (-0.81518011883306118,-0.19135488865886513)
 (-0.42545948034643211,-0.12200421641563973)
 (0.68607519203071077,-0.42170760059843598)
 (1.8533960282387438,-0.26060802509642877)
 (-0.72063135589929161,0.081237051299523841)
 (1.0637378796917178,-0.53548219924420049)
 (-0.27568297891386018,0.50847644606691889)
 (-1.5402099364967385,-0.14713657248337436)
 (0.58168012175070882,-0.07189539213509609)
 (0.49904918506441442,-0.35262399630691177)
 (-0.77726399472164009,0.056550815297579465)
 (0.96255150606469242,0.48893775849853394)
 (-0.7468272592081886,-0.40590937313351627)
 (-0.78276462522436663,-0.56663071140431021)
 (-0.87060595132487428,-0.21117081725880063)
 (0.8713894437023274,0.020807556244052325)
 (0.70328156417944321,-0.13199832034175088)
 (1.1777233378055512,0.10792945945411689)
 (1.2716857042980823,0.28533838005695378)
 (0.75997958116013931,0.56687734011586277)
 (-0.55593595641659044,0.1682072641141914)
 (1.5050171827083045,0.41597227868519732)
 (-0.9626635177871703,0.12103722180029829)
 (-0.5267554193035352,-0.44379941730809414)
 (0.98779180365761465,0.58687577166007732)
 (0.46819657205756249,-0.4111724625342813)
 (0.35066833527901575,-0.098301378258935396)
 (1.1126915305656948,-0.40993075539422541)
 (-0.77428271107727631,-0.0053686182765525546)
 (0.13444711164153966,0.8025875540464833)
 (-0.54130759822903829,-0.4792782084042802)
 (1.0861961171721,-0.70860689385237374)
 (-1.0546246677677797,0.36612508989113107)
 (0.9144767139983202,0.079888058157699587)
 (1.1648506400302971,-0.32382283501056802)
 (1.0220319756325638,0.11617505954413229)
 (0.6952614988156105,-0.38020248109830029)
 (-0.77683867557161179,-0.58305629734511755)
 (-0.8862675349140825,-0.047403588735267774)
 (-0.69568451225494177,0.25635892961889528)
 (0.37495544748281673,-0.25259752624537107)
 (0.70565570007003153,-0.33390137157129046)
 (-0.6021661410039183,-0.39589146358027921)
 (1.2764173785357571,-0.83962691378017229)
 (0.90362849487197394,-0.52698279625576172)
 (-1.084886196128666,0.0064001443922560367)
 (-0.85211331165509974,-0.1423806272215192)
 (-1.1640745927723086,0.20376001638688507)
 (0.7948051894992838,0.1286331175740435)
 (1.2203485904610885,0.33519339216268546)
 (-0.42449010890736916,-0.020149085066605427)
 (-0.61561192127263231,-0.17434501779085468)
 (0.56121089426197934,0.085842538972031271)
 (1.284611344688406,0.11617809514378194)
 (0.67168554836067673,-0.43438723847753069)
 (1.1091185847661067,-0.034278467621380995)
 (1.0345851227623997,0.20500070199359643)
 (0.70648932448079738,-0.32321609352413083)
 (-0.58010562746194605,-0.17889866519432249)
 (-0.53880554429892169,0.61708773822580298)
 (-0.6531544216324785,-0.0013754674517850887)
 (-0.10065015139580147,-0.30264416693606239)
 (-1.5650309237610933,-0.096513335425988167)
 (0.15791565660893636,-0.27363997116448407)
 (0.66243287942173978,0.021499636182246751)
 (0.30155943224144943,-0.67151146171690357)
 (1.2583523127297576,-0.21775390154943933)
 (-0.19844060630486293,-0.2567969500057195)
 (1.0520048425589748,0.058897213676766057)
 (-0.79893946596583143,-0.25829004293643804)
 (0.42241818492404687,0.045270471308707136)
 (-0.50793944462196039,-0.46162573193017953)
 (-0.97927762646471694,0.55749117411117033)
 (1.0703817440586481,0.33546371404479519)
 (1.5326012437112118,0.22506284371499422)
 (0.91496780555381774,0.44903428662692396)
 (-1.1560853953479475,0.060774007854749477)
 (-1.3432418238006014,-0.20663225679035002)
 (-0.47965724145640737,0.86275873452141605)
 (0.79987798814253463,-0.47426951311758292)
 (-1.5712794286978951,-0.00037054931042310402)
 (1.1422009295080635,0.25477028136966545)
 (0.57048339783178714,0.083562000726735114)
 (-0.82600345375235851,0.14013671747153472)
 (1.6112739169403096,0.076806361375891391)
 (-0.94396061601602854,-0.00024081173994110132)
 (1.0482991489931237,-0.05937746326280581)
 (-0.7671752034127628,0.16700378380880898)
 (1.2740640680935735,-0.28710740352192193)
 (-0.97112569869649035,0.71479927943307886)
 (0.76550303359800842,0.22545645072784359)
 (0.80175197411414045,-0.34705017781832875)
 (1.4368920865701007,-0.34876791262573642)
 (-0.55210759531086084,-0.59388500786094234)
 (-0.5190308712998013,0.10478540895405851)
 (1.1469226513344415,0.022224544100613787)
 (1.0149994760931105,-0.48104493861093667)
 (-0.58897509628128664,0.55267403719186214)
 (-0.62578873558686832,0.1139465944049272)
 (0.59947575904489292,-0.35336345700226401)
 (1.3615472145908032,-0.26255351831064844)
 (-1.2450547220217851,0.58203695060091176)
 (-0.97871549650033751,-0.54926049274276456)
 (-1.373685682900557,0.27646323569858339)
 (-1.3818011675426776,0.41003229862091473)
 (1.0052038002603996,-0.28055576634282581)
 (-0.95664735427254943,-0.76108048509974036)
 (-1.1971860485005204,0.26346297266654056)
 (1.1131239299176854,0.16293275978660643)
 (-1.0953189864396951,-0.15476727883128377)
 (0.78662655790745561,-0.16291522280408444)
 (-1.4283470844065083,-0.014118185463532974)
 (-0.73845451269390228,-0.30927640489582392)
 (-0.40183816570301689,-0.12285194460085001)
 (0.95982964195036624,-0.39784121751555007)
 (0.8619389778867439,-0.085208796987563215)
 (1.4168759278340404,0.20080622120910341)
 (-0.62184352305313195,0.074098191418646153)
 (1.328800781282905,0.60069836916447938)
 (-1.0194711113338832,-0.17477740419087801)
 (0.91928036916007749,0.047184342571426598)
 (0.90556242154643052,0.071706056125130965)
 (1.2645038581630546,-0.62544303608837992)
 (0.57332044721877895,0.82955290787622415)
 (-1.410282015055782,-0.21166922646459113)
 (0.70025622157906031,-0.75325963693722886)
 (-0.76043513828850984,-0.14019393337105507)
 (1.023985202554238,0.26699523834482147)
 (-0.23519719441599352,-0.4814723418729609)
 (-1.3029210468782155,0.26541510643458632)
 (-0.9644743826463249,-0.44644490169107209)
 (-0.69588178318629945,-0.011603166582457055)
 (-0.49753678939625845,-0.81952098103705207)
 (-0.6254056539413636,-0.14504309275626462)
 (-0.44714232716342339,0.52844813073666919)
 (0.71690661756511076,-0.00083999626550083451)
 (-0.58136427081986031,0.52934845577493983)
 (-1.6334288528234056,0.13131820206674194)
 (-0.67735862133415414,-0.24565432122121456)
 (1.1968525819158775,0.54817317006372424)
 (0.99835917149777886,-0.33216399746185371)
 (-0.991051496415155,-0.46565821943562202)
 (-0.40841731065008446,-0.20300201067685023)
 (1.0575105246959984,-0.16555778841218086)
 (-0.75001366849910678,0.14170533855343748)
 (1.0460706858089837,-0.52743457557678053)
 (0.056472697671132721,-0.52504015961923867)
 (1.2019379466292548,0.20849058873486095)
 (0.9837528877826146,-0.18854650704150069)
 (0.56086586444345077,0.060240864309348233)
 (-0.054368711104873846,0.24870000717836094)
 (1.0210839294571041,0.32947175907327209)
 (-0.87706987390731017,-0.074465893962483501)
 (0.41645086552335292,0.1939086166724488)
 (-0.41034866359929767,0.1584047398583576)
 (-1.0280935570617298,0.36594639227197084)
 (-1.2394468961493348,-0.12512962394507771)
 (0.4637758198024306,-0.46633126373296074)
 (-1.1028048091774534,-0.22885956080359895)
 (-1.7517113746871107,0.23754006609052647)
 (-0.9686565296912496,-0.17341799274916264)
 (1.2362769884045037,-0.033632831702234904)
 (-0.71765027643698698,0.51233833474305712)
 (-0.78989109080087183,0.28887619597422298)
 (0.8842277208252165,-0.62540554382355307)
 (0.89015531147733684,-0.17272144926353902)
 (1.0785628085874683,0.25918701862606586)
 (0.73837641306479318,-0.47446658419652704)
 (-0.53560528151257436,-0.076703032989553249)
 (1.053970826775193,-0.16879486024612572)
 (0.39676790222887542,0.16112652122770613)
 (0.70866994092985525,0.33841503222962616)
 (1.3179323889798655,-0.13084702724732247)
 (-1.0291805834692045,0.31219090276535322)
 (-0.63833959442678412,0.12366696557065554)
 (-1.2203936873787737,-0.28062886465940801)
