# Created by Octave 8.4.0, Thu Dec 11 09:47:20 2025 IST <gamana@Samsung>
# name: rayl
# type: complex matrix
# rows: 2048
# columns: 1
 (-1.5454174610639506,-0.098371704324404882)
 (-0.25880452632011253,-0.095323250048247446)
 (0.46904276549786628,-1.6706451320336271)
 (-1.0420964981729732,1.1216825104720318)
 (1.1167045217340645,0.63673346983934698)
 (-1.6919874546526896,-1.2063491304132758)
 (-0.14720419882801344,0.51911900449303461)
 (-0.82308691862120065,0.32777605867351373)
 (0.87425169689171245,-0.057287778968258936)
 (0.99517054101682589,0.29936583156844859)
 (0.11012008369196541,0.52539616230646269)
 (-0.41688561160952015,0.07051485826997704)
 (0.90940435239514783,0.44344600909179843)
 (0.31848628506078563,0.097512596513786728)
 (1.7195311785479153,0.14480469898550735)
 (-0.75370920830491894,-0.24824797082137873)
 (-0.25531458694876452,-0.52152164738391826)
 (-0.18299023268258813,-0.91464917622620734)
 (0.29486434164390873,-0.51174651957833639)
 (1.0433346293465231,-0.4700042166206046)
 (-0.045010842190946282,2.2136255100198525)
 (-0.33316790430355298,0.39583847613766054)
 (-0.2414031436063509,-0.56689868900155205)
 (0.66762836082104948,0.52822635908268512)
 (0.76271457271649734,-1.1511494793487196)
 (0.54817661541936713,-0.18886613399941263)
 (-0.28188342215684575,1.1534053619994473)
 (0.73834634040709612,-0.54015587002536125)
 (1.2105588160772669,-1.3268644296944423)
 (0.038677423864364395,0.22052991419174933)
 (0.37844221495301228,0.31455040575561077)
 (0.28771360721945299,-0.23708305433582025)
 (0.19170579329128346,0.74820836098287902)
 (0.92653110259212923,-0.21344515364523825)
 (-0.48544016225770764,0.15560252817963885)
 (0.30277347337621263,0.47479604510082207)
 (-0.51217421767729876,-0.77618898237408929)
 (0.41779541731989583,0.038538639402493108)
 (-0.49907522432315177,0.47823640119853617)
 (-0.56964687285637849,0.40069463914503278)
 (1.2357541744564107,-0.36896672652582413)
 (0.6295062430765358,-0.67742163082749562)
 (-0.26557429424520246,-0.23471105825506625)
 (0.057102137899218836,0.55444802967536067)
 (0.78910595467630085,0.5370286852452546)
 (1.3073731865457086,0.72893073870358172)
 (0.22102236763679975,0.033744820539983622)
 (-0.37597015895047109,1.1076213263381314)
 (-0.034234887609810874,-0.73203443870906937)
 (-0.1070912636352917,0.31925405107713117)
 (0.18548361300373981,0.43485108901052877)
 (0.49582636882782544,0.10860124773668341)
 (0.81485684431588334,-0.6595242453727167)
 (0.72288207288058393,-1.4309773241280992)
 (-0.03611435924627307,-0.58474815640375954)
 (0.090911765381662152,-1.1012164773303317)
 (0.65805070354590711,0.38474258036517306)
 (0.75785268044558307,0.37915058323398643)
 (-0.12578281908468228,0.15411390405137065)
 (-0.82068987010910033,0.15670325551081443)
 (0.39173541604400147,1.408747273007297)
 (-1.8653939905562105,0.37602536588891877)
 (0.714680049598165,0.20958139696636469)
 (0.15605306008532085,-2.023834928675019)
 (-0.57893953650600116,1.2715322119984476)
 (-0.62541335183304458,1.2801170390207424)
 (-0.61553672499754564,0.31835762570658471)
 (-0.1276766654388338,0.42386056718273835)
 (1.3327145565251595,0.65584742121656625)
 (0.94524729357776349,0.083162754882404488)
 (-0.077448123647475234,-0.9545911993613021)
 (-1.2296865918606426,0.088889748875248628)
 (0.083590482864392218,-0.059479100179660259)
 (0.84981304443897554,-1.851765441045186)
 (0.81859623372640711,-1.7752632093785108)
 (0.19969629029962296,0.039006285954649042)
 (-0.045187165303131667,-0.83369454589892311)
 (0.42919091083968403,-0.62434401452834531)
 (-0.5297553426119781,-0.84127665866856405)
 (-0.6771219946136825,0.57593010456056204)
 (0.20242838204241215,-0.85168247655006579)
 (0.75614634032832384,-0.4701965010674552)
 (-0.3498587660851516,0.22599037602448355)
 (-0.36179444055456861,0.69309518320742625)
 (-0.44702373056807138,-0.61290945029726995)
 (-0.078500141977688329,0.31309062002475269)
 (-0.22091970441547595,1.0978972661593418)
 (-0.5702435094256556,-0.067562735330254517)
 (-1.4180341359986515,-0.10436242974105535)
 (0.14932568376835259,-0.10051127733095211)
 (0.019960980842555518,0.021717460326953698)
 (-0.078319588435977042,0.072437699633759497)
 (-0.2317866749862012,0.65525169373655967)
 (0.28223753436403154,0.22555167863163672)
 (-0.9369853335676207,-0.053737996578013994)
 (0.016150157936494561,0.61909891313099052)
 (0.90793783436144981,0.47455252208993343)
 (0.38733669168590218,0.45219725671762478)
 (-0.027981603607098383,-1.5521706150804178)
 (-0.53688582125700313,1.0439911344580732)
 (0.13603653956199918,0.49120419464818293)
 (0.36406144930329432,0.96111174830660184)
 (0.57240607536214227,-0.68044781760510453)
 (0.2222589946526623,-0.3605401544018248)
 (1.3080704724477297,-1.1389480015146844)
 (-0.8902356908127933,0.24617856968981774)
 (0.30493304147910566,0.18388892277041607)
 (-0.19023578680085726,-0.0051462434946872538)
 (0.35482465244596878,-0.43720881414560614)
 (0.024264031404467454,0.046302369052838514)
 (0.46558061309973342,0.35860387280792599)
 (0.81485722064902,-0.71452712130428764)
 (-0.6540261367744431,1.2030258661885189)
 (-0.40552685197914567,0.94733654410255108)
 (0.80041633459231432,-1.1847456398310163)
 (-1.584321405051915,0.055090027205997191)
 (0.38160339191482645,-0.067146191136209094)
 (-0.11505989065730428,0.83945558122036679)
 (-0.22741547371114407,-0.21289582220649117)
 (0.38259194649598716,-1.622721527747282)
 (1.1590489430038604,0.098324296849813808)
 (0.57705959660547423,0.39307828292935243)
 (0.79940998287593334,0.27163595671885771)
 (-1.0762679590721849,-0.63588135238995058)
 (0.20385169485601431,-0.59822876286831839)
 (-0.078659223044580645,-1.1462442297141877)
 (-0.68479155744360531,-0.074935091417288033)
 (-0.76584918611262365,0.14424587325192592)
 (1.3495341069912938,-0.90667157243679752)
 (-0.43894724116419437,1.3142955390970781)
 (-0.28609287316402016,0.38526957171276521)
 (-0.41888092795222409,-0.73494097683865378)
 (-0.40572327067792946,0.16544983996308954)
 (0.74587146334825161,0.70142148531493342)
 (-0.34467413429057731,0.81697992694420107)
 (-0.38768119009814289,0.18154437349556379)
 (0.1315155468888981,-0.39307802011507298)
 (0.29820048121310982,0.84272003083221469)
 (0.91186122771259803,-1.4107635963300897)
 (0.8977118744649667,-0.30097518883040403)
 (-0.93570963779157379,0.65160252811918695)
 (-0.32963860996850919,0.51792584065473746)
 (-0.74838143205035146,-1.2144390464110573)
 (-0.067394899125970201,0.23593034671471499)
 (-0.0043009720414140173,0.57797494653721171)
 (0.60565853951733739,0.068041599055949462)
 (1.2341948565517769,0.40679655468779274)
 (1.2893350015963252,0.65797082119096006)
 (-0.43192024183350292,-0.31431950705467543)
 (-0.46048497921125997,0.57894216925417818)
 (0.10669944131192881,-1.0189641459543635)
 (1.1826086817222075,0.34374241126036909)
 (0.58484590316863716,0.8843700067836423)
 (-0.32310269109902029,0.15059835664506607)
 (-0.64748741634304408,-1.0967033931315138)
 (-0.42754243601635195,0.37433559185151083)
 (-0.48098570933831331,-2.1247791896741353)
 (0.72866125311803587,0.57773154702763396)
 (0.76308699285815895,0.60066435807757179)
 (-0.2843012621403862,0.12152696981984254)
 (0.25739651645763939,0.46486960017684431)
 (-0.58339386829364037,-0.19686686115601992)
 (-0.85418030019929037,0.44251918677640589)
 (-0.38512085880331776,1.1052431006031771)
 (0.71089520329329126,-0.57156680728796283)
 (-1.0463239014206138,0.65197276180308672)
 (0.41852472604990704,-0.22223356139413958)
 (-0.8464731670588197,0.091782443237916081)
 (-0.38262858355601465,-0.6658135531037126)
 (-0.63728180054952055,-0.013082534783195668)
 (0.39092337439516328,1.3785690474087551)
 (-1.0293262696968932,0.54885985435164997)
 (1.1431279616141894,-1.2531659799833894)
 (-0.17997662128644462,-0.17939656406216548)
 (0.069197327828349336,0.53215071774714418)
 (-1.4197871343211244,0.06425436422047727)
 (-0.39784522523527155,-0.073849696635139461)
 (0.35775589764153914,-0.65403568971948323)
 (1.1532254168535641,-1.0688163295415563)
 (-0.29751273203628464,-0.39623408241243924)
