# Created by Octave 8.4.0, Thu Dec 11 09:47:20 2025 IST <gamana@Samsung>
# name: rayl
# type: complex matrix
# rows: 2048
# columns: 1
 (1.1485035437726572,0.45222295954118846)
 (-0.26565554508150874,1.0592281890467965)
 (0.38673697250053435,-1.0400892670588133)
 (0.58540356242912528,-0.038683385029451185)
 (0.20196791782315021,-0.051954736122930979)
 (-0.41938557540672061,0.07354136292194563)
 (0.24099347752121164,-1.0724292247349392)
 (0.31800948677852148,-0.14871942881266353)
 (1.3438925937993977,0.88658498188780721)
 (0.51597929868952885,0.7450777544199747)
 (0.18210253181910535,-0.9933144179506409)
 (-0.23173439631716386,-1.205653231027088)
 (-1.524412842693222,0.60482082345510224)
 (0.067054386357960113,-1.0205330768391567)
 (-0.17903611222841198,-0.22954104575883896)
 (0.31536399935853876,0.64017337858624301)
 (-0.080544121438691968,-0.13974553449974972)
 (1.2570133663695393,1.2339550499102576)
 (0.71609333846798673,0.10190803817423155)
 (-0.42101480109250961,0.062446764323186875)
 (-0.51834248334273436,-0.85877215936620177)
 (0.41143497324626965,-0.84645166069043198)
 (-0.28322936030851925,-0.51184607535277649)
 (-1.6054486866280802,-0.15995073179876451)
 (0.45285937175305835,-1.2631435304824588)
 (-1.165989080959396,-0.086657100822275887)
 (-0.044598509526496126,0.57192363166707116)
 (-0.03282534559635663,-0.23832296046060639)
 (-0.1607817540681421,-0.21293956679784889)
 (-0.41735856989059794,0.20538113331114377)
 (-1.0201474808691344,0.27454979674248059)
 (0.11277024324766587,0.3936395971372732)
 (1.4862994631314868,0.76918674197614723)
 (0.92980237073624328,0.21453929655168391)
 (-0.43719591099869665,0.55823996672024523)
 (-0.072578196657040905,-1.0925854934393149)
 (0.79240581764154516,-0.33967427250115056)
 (-0.74866173980758965,-0.39352252054521664)
 (-0.9787138607028335,0.36038860895234703)
 (0.59015464778865556,-0.75303120996420869)
 (-0.46625210524538174,-0.53740157324118698)
 (-1.356485404507523,1.7813852161812456)
 (1.8243890134703591,-0.47652835076669281)
 (-0.060345669394042387,0.18544019761163119)
 (-0.31573502207564469,0.061987537923216186)
 (-0.019785360687799434,0.46065998185349266)
 (0.38059711803409041,1.1850296744441577)
 (0.35285201321833959,-0.026327568639364144)
 (1.6052493151366243,0.26420204258382463)
 (-0.41288842388806896,0.71298800947425711)
 (-0.23855412696522293,-1.3483101928444701)
 (0.5750126825836448,-0.11741071057635535)
 (0.18034833452110371,0.017913637011534669)
 (0.94627842718563793,0.40666972458391432)
 (-1.7650031217012383,0.72213994021463912)
 (0.15688846350857266,-1.1404239941501131)
 (1.4711551833403409,-0.41545915680138068)
 (0.54254999623301137,-0.15936406706063247)
 (0.25172831124668121,-1.8273595271703142)
 (0.085292244584871599,-1.2568307441730246)
 (0.44530525680627725,0.78703736301920335)
 (-0.12451170746300058,-0.20040635508332222)
 (-1.1895375252127487,0.056369086406225337)
 (0.15943470569229307,0.29575702311599478)
 (-0.68019488675884054,0.010018274115507417)
 (-0.98476366895545764,0.49863905710627654)
 (-0.3802663946902311,-0.59396977694840836)
 (-0.74534093898314224,0.28058964894697808)
 (0.02053810619614873,-0.46128967945665872)
 (-0.0001155430455663935,0.62417105907500914)
 (-0.93580626080005203,-0.020701856540715758)
 (0.25045649286404759,-0.72232890088607971)
 (0.088274662723245439,0.52439192827604275)
 (-0.5370897196260821,0.24508495730217286)
 (-0.4219631642816406,-0.99519174103047126)
 (0.73095783302111461,0.86841628687873018)
 (1.569310900104238,0.15622273573324835)
 (-0.22975479944622279,0.36392069462457322)
 (0.88587348328593429,0.71084448010502799)
 (0.44055806964819205,-0.32334736145087811)
 (-1.0122106796876071,-0.74864141991282629)
 (-0.22440977102475215,-0.47025888716798514)
 (-0.17781123351254857,-0.16568238883496347)
 (-1.4006169259541073,1.3049099872652503)
 (-0.42891575300811152,-0.39681909959102812)
 (-0.31115441761651852,-0.14990160841778288)
 (-0.23929077047488184,0.71085958471266397)
 (0.8831505591701595,-0.29317133945260482)
 (0.3181159375118775,-0.60943393925015166)
 (0.23923657472075749,0.42373197234015253)
 (-0.92212650482389269,0.22980133255671481)
 (-0.3291808347655435,-1.9180970078649275)
 (-1.3255154581292909,0.82284799731094549)
 (-0.10399765144918256,-0.25865557271070944)
 (-0.29143604329277734,-1.1792459360539171)
 (-0.083719606421284468,-0.90472445056995943)
 (0.075215481376392224,-0.70602950883591453)
 (-0.19336370772520325,0.14167970252890244)
 (1.0319750656685032,-1.0927026952257242)
 (-0.66916949252999836,0.04171622276007389)
 (1.2882615333870162,-0.66055108850185007)
 (0.63440258863737131,-0.41724592095913771)
 (0.88199282369473808,-0.60869475611968493)
 (-0.46585631910486947,0.42497052526106621)
 (-0.09728242796702849,-1.2895601040443376)
 (0.28063158370624169,-0.30821343536726037)
 (-0.34204601810649671,1.001119964204062)
 (-0.18186478861283281,-1.9745983033748271)
 (0.35061701083655339,0.27553607532263674)
 (0.70528579550250814,0.73098314950686305)
 (-0.016635888579460013,0.54268090117680723)
 (-0.36933041291562063,1.498940626851643)
 (1.449001184705702,-0.62525208536423149)
 (0.61137415704592468,-0.50214374889824431)
 (-1.2609719161348378,0.2924423248306276)
 (-0.051302195751884126,-0.042817207242588411)
 (0.70698104374717141,-0.81887649250458427)
 (0.77905926027299688,-0.55724114499713395)
 (0.7475373049143047,0.11826583431920827)
 (0.69998387395334827,-0.50051239034911255)
 (-0.45720442821357082,0.59226073862896578)
 (0.98401272726217925,-0.4903593031704514)
 (-0.8516673036120721,-0.24201865784639137)
 (0.71740318686457438,-0.38376665189498715)
 (1.0352645656943376,0.14787164205664358)
 (0.042863206663276671,0.38412956665231346)
 (0.4783693805047266,0.35938223678908726)
 (-0.78171769918236156,0.79835529956848172)
 (0.4737800788526948,-0.19815114935758715)
 (-0.018563486981218669,-0.61433661643968462)
 (-0.33839045966477405,-1.2715659628478408)
 (-0.15385382868372491,-1.4533072778589515)
 (-0.17402610919765585,0.39051210215896287)
 (-0.64850781562460669,-0.23423487848365002)
 (0.04734579238522453,0.12608552905598888)
 (0.80628994449422275,-0.22761283466598378)
 (-0.44045278930420001,-1.3918398842363047)
 (0.7873637286919255,1.4521977398925885)
 (-0.078939407809823808,1.6046038639959068)
 (-1.0675872505137156,0.9332257068249773)
 (0.017773842469995086,0.67838217173889137)
 (-0.92133274359250605,-0.11165330836535994)
 (0.35335505095540837,-0.19813807788342741)
 (0.075698819353601204,0.57324179420181343)
 (0.6245137087008239,-0.45614287626300498)
 (0.67007747374186544,-0.66919473732717949)
 (0.57360734063965724,0.61174444704400177)
 (0.40037731472471955,-0.01082573925360898)
 (-0.83618921661647028,-0.85610496054756313)
 (-0.30632780871352722,1.1038900747287035)
 (-0.57037326752604112,0.80483463850315617)
 (-1.0014745346785539,0.29688167643544694)
 (-0.27885810926154997,-0.79854836362585313)
 (-0.67315819926157461,-0.21175384865537153)
 (-1.6548261590015094,0.1983321621254375)
 (0.87136947299140788,1.0105480124634207)
 (0.72165765572556329,-1.2350970454633474)
 (0.84933212697247451,0.90359427241909407)
 (-0.92207557887407743,-1.0060968345206529)
 (-0.0025986177956599027,-1.232946443402273)
 (1.0158434773065348,-0.10988226584758078)
 (0.56523733836234713,0.55882192021139787)
 (-0.25614269716620303,0.070696914874013375)
 (0.40603135121381334,0.5832696784503224)
 (-1.4945773217896443,1.4518276510054962)
 (0.0042777757927499908,-0.19604940907828608)
 (-0.086428149875246385,0.078312057931593876)
 (-0.99816308464411529,-0.069733122215040036)
 (0.72878295608977128,-0.39194661484411603)
 (0.42603020611856346,-1.0801656215301603)
 (-0.59402754514089395,-0.3977948170194599)
 (0.002714232340141075,-0.076829135558470971)
 (0.97094061463363324,0.030613472708098013)
 (1.4324837769258887,-0.13331474494033915)
 (0.24847205265293357,-0.22481628696614678)
 (0.14948328667875654,0.28366885626121663)
 (0.73870936889362881,0.9251675778941606)
 (-0.11099905557401235,-0.23717832355962506)
 (-0.69482115887534324,0.029368233322019151)
