# Created by Octave 8.4.0, Thu Dec 11 09:47:21 2025 IST <gamana@Samsung>
# name: rayl
# type: complex matrix
# rows: 2048
# columns: 1
 (-0.21411502079800016,-0.38998324084613117)
 (0.69800882007815201,0.76479035417459784)
 (-0.7035005702470839,-0.48375236893093643)
 (-0.48656578712417925,0.086307316712566265)
 (0.51376705375776277,0.37167011334110295)
 (0.062965217790525344,-0.36737457673638779)
 (1.8979862597364536,-0.64810932737097682)
 (0.89450378606513414,0.028835784046522775)
 (0.38443536147472551,0.062322284689381766)
 (1.2474985933186595,-0.33331820827217862)
 (-0.073331407591565936,-0.12335290717394905)
 (-0.70009742767073901,-0.3568542875339385)
 (0.77107385835739994,-0.7281073095607381)
 (-0.19715967871021886,-0.11406416403867842)
 (0.93281776204146116,0.64173803301421328)
 (-1.5937321230139365,1.2194872719205891)
 (-0.55675518241196165,0.59420468987755082)
 (-1.0656628987307712,0.77420213325693121)
 (-0.091644506545299098,-0.80386969069085956)
 (-0.87825689060486545,-0.37139004468175801)
 (0.18892309470257623,0.46560312856016972)
 (0.052119439126508807,-1.595718776476946)
 (-0.11886275380871081,-0.61070043941976704)
 (-0.18313075254308214,0.35945286944643584)
 (0.56442310125518036,-0.28228327479998588)
 (-1.0799701938019013,-0.49987310277438241)
 (-0.80704653402269877,0.50912446258763944)
 (-0.19791116770573658,-0.35898063694569782)
 (0.81257857560176094,-0.12426221353143461)
 (-1.408030463191986,-0.23460915650445147)
 (-0.96738678212891738,-0.23075880177852776)
 (-0.4142865321882247,0.092252447428890577)
 (-1.426181668591562,-0.16557938122035429)
 (0.30193765863847116,-2.0377767588160864)
 (1.5111164966755493,-0.36983020571484654)
 (0.17826901293094596,-0.32237954241123112)
 (-0.45566538794082928,-0.41508157465452533)
 (-0.39019558566882379,1.1229602243162331)
 (0.30013580240173726,1.4448441358968558)
 (0.75911599154927178,-0.78933617189599659)
 (-0.072525171340698011,-0.44807636049078864)
 (-0.023388122817196034,0.41918216490594057)
 (-0.37263433178332933,0.29744511806082757)
 (-0.9357639721716019,-1.7020057097595231)
 (-0.023302325149848067,-1.1734724059649939)
 (0.73588731031857524,-1.534277920030064)
 (-0.37515013156282728,1.5259654842368524)
 (-0.093010574320375392,0.66332940008284413)
 (0.014369806830528454,0.13158600547474447)
 (0.94805156573178684,-0.25038954731884805)
 (0.20470370111412561,-1.0378621751757529)
 (-1.396843221372625,-0.4258177381905206)
 (0.61708529684393487,0.27714433831120083)
 (-0.73071919687758746,0.69912316099464789)
 (2.2759935857227869,0.011632370602679199)
 (1.5555837489299522,0.46545954295339148)
 (-0.44584048358334699,-0.032168420527381274)
 (0.45216519637533781,-1.6669404222953275)
 (0.57290074206685804,-0.50719525211706684)
 (0.58501143708426828,1.000297410113782)
 (1.3643838863628355,-0.6787799185313006)
 (0.44471791553117418,-1.0055186265741596)
 (-0.92355948413651134,0.055690201431647171)
 (-0.64348635723960634,-0.56007601537599394)
 (-0.35000894410144334,-1.2313238163603737)
 (-1.2862315341924002,0.66378881611943186)
 (-1.6239048406456438,-0.96610012093631237)
 (-2.2390667701102394,0.8158179958806453)
 (1.1395646492690061,0.58467755185264991)
 (0.5752021406374237,-0.53191835913490537)
 (-0.19614196306086415,-0.45133515377645567)
 (-1.0190127630087984,-0.7564477206253919)
 (0.14918633497026434,0.40808326902125436)
 (-0.53950519534696595,-1.2487465125311665)
 (0.2312575046452808,-0.087574712819595127)
 (0.042838361001145728,-0.48331865571271043)
 (-0.67949692923333416,-0.13603096078127483)
 (-1.2873631971260084,0.44159592875019921)
 (0.37779857283030838,0.98612792892200807)
 (-0.29070026307892494,0.23878564063889832)
 (-1.0240946941107834,0.84424953902037381)
 (-0.095319052923283271,-0.4972279356938164)
 (-0.20417409794794714,0.73921836029899424)
 (0.052517809421188402,0.33248037340045017)
 (0.47555332424020241,0.20625089065441785)
 (-0.35103770977988197,0.50572802953522333)
 (-0.25886852709052871,0.5742181630631209)
 (0.9853009257208275,-0.34976750010819641)
 (1.1244870596128567,-0.85983437536237473)
 (-0.1505645629056904,0.46669641528765787)
 (0.42343519703029325,-0.79043247317289855)
 (-0.50077302778681754,0.51128532629689871)
 (-0.2544574479206782,-0.072178877562861982)
 (-0.59206100674481876,1.3348513496465724)
 (1.3078368349026912,-1.5771625077892488)
 (-0.03944576547743197,0.13433665361433991)
 (-1.2903004702977081,-0.20100126596143622)
 (-0.53906340581378565,0.61874411592553225)
 (-0.77907157640640223,0.11909603720279256)
 (0.43131222036358502,-0.79072029491678819)
 (0.9001965200545804,0.62081080791726206)
 (-0.32649087661421033,-0.4764633429195877)
 (-0.19229033303363283,0.68040255047228182)
 (-1.070071764702794,-0.33944322398250981)
 (0.017762804216981062,-0.90879595676183922)
 (0.47271323665084031,-0.16372868041888089)
 (-0.63672234166702146,0.27602288325543084)
 (-0.88777692017443488,-1.0675743378482521)
 (1.2818875097745897,0.039893691072817407)
 (0.1544261888280441,-0.30016506964410689)
 (0.61986376357695305,-0.28534742257258777)
 (-0.13898707018519843,-0.25894902604188957)
 (1.0676003605791036,0.25885345637858381)
 (0.36230090394149861,0.70166319554551704)
 (-0.56490939896605963,-0.37887270982710319)
 (1.6855100187162382,-0.030772842227224033)
 (-0.88013766924919234,0.45641355576424497)
 (-0.14477970083650976,-0.19614243215339977)
 (1.5828191716336775,0.061178152179889402)
 (0.15617851230042804,-0.23344937342889086)
 (0.31215302429606834,-0.31707062966090677)
 (-0.4584593716486059,-0.068080285632225193)
 (0.44225109791842943,1.5300254512671905)
 (-1.8995699638841286,-0.21842177408028723)
 (0.021828558485713547,-0.064834035802632403)
 (-0.2519762183894993,-0.019998519338475105)
 (-0.18692627625826494,0.52524437832526483)
 (0.74244708094944112,0.029527880420280424)
 (0.45299351924258446,-0.19918260725045589)
 (-0.38313785106451725,0.17830602302991169)
 (0.80072128333099279,1.1973533322889385)
 (-0.23693796322006636,0.38901077143464236)
 (-0.86609589101826856,-0.31824831624294231)
 (0.054052020434705146,-0.038517020213884527)
 (-0.084002653477264266,-1.0979014820697144)
 (-0.037250390928405562,-0.31829036060182342)
 (-0.88103983239615946,-0.3088971000719225)
 (-0.54840311481178083,0.29674637763932277)
 (0.24517508153642556,0.20405300760375039)
 (0.41114253290561786,1.1360744128172915)
 (-0.87218248571056844,0.62080538997359802)
 (-0.72702199170145887,-1.9845203274493284)
 (-1.1770747890996121,-1.2795873444316461)
 (0.25328748884564606,0.94307949556928472)
 (0.10852869312788216,-0.75994294792039385)
 (0.50397474364193429,0.082268398015433619)
 (-0.22132437615310466,-1.2716140196838999)
 (-0.27500242397654057,-1.2009719014948053)
 (-0.8045410507972216,0.37282157449013226)
 (-0.4755773580508737,-0.15107209376149144)
 (0.02580561407465538,0.36948644523482649)
 (-0.47426685847390793,0.39964130510868617)
 (0.88544949753494251,-0.38363722679076734)
 (-1.9491158342816652,0.95889948704915817)
 (0.28195750203744852,-0.2527816057424368)
 (0.38802232488975169,0.76151199071823661)
 (0.90664412327586497,-0.60293135452012248)
 (-1.1624639878436465,-0.85004558717109824)
 (1.0774528003856747,0.45143771117668546)
 (0.82807604204493401,0.58442805941103992)
 (1.6548062719307803,0.23589230636285485)
 (-0.85177986322873733,-0.37040222218352936)
 (0.40504024689389573,0.73877478097039395)
 (-0.039616921188762463,-1.1190959959839346)
 (0.17230941586109,0.41102589278004115)
 (0.17813632958186043,-0.33260398412427949)
 (0.11821824481155635,0.54533620751459067)
 (-0.8358112592785345,-0.79217513676554163)
 (1.1301795463849229,0.7850993495150218)
 (-0.77160357095433563,0.24491148674885124)
 (-0.46912123748630008,1.4178245748909117)
 (-0.26387979379607662,1.0996835381209198)
 (-1.0358284147013688,0.96463882659643341)
 (-0.015054971420964102,0.056312787238766114)
 (0.53442131134480542,-0.1716126802834885)
 (0.52132920949948158,0.42040855863475401)
 (0.68360452610564093,0.31732262271344508)
 (1.1863419395522778,-0.11048118567742861)
 (-0.0350391910042928,1.0089390702046117)
 (-0.24935846838494111,0.81548221713250912)
