# Created by Octave 8.4.0, Thu Dec 11 09:47:20 2025 IST <gamana@Samsung>
# name: rayl
# type: complex matrix
# rows: 2048
# columns: 1
 (0.22082131110310885,-1.0514577655980908)
 (0.90308499116388519,0.1241062998689627)
 (0.62699966545533303,0.16244369846629153)
 (0.10147071182289402,0.2884294532610206)
 (-0.63968196570276126,-0.020575307376422623)
 (0.22973255338021414,0.661990085934128)
 (0.59755479512537835,-0.23096415922024427)
 (0.12760755525164474,-0.55389895300838599)
 (-0.3034872692157991,0.41463683514851241)
 (0.35709667879995355,-0.5969156298579642)
 (0.49853290115826882,-0.75089396902330596)
 (-0.93381209747411176,0.26583896765490539)
 (0.02142788414898621,0.47930425415362132)
 (-0.096695746001671329,0.34249267452581217)
 (0.15725822135512105,0.58322393567315234)
 (-0.37881854380357005,-1.3985718138674954)
 (-0.21367092740848384,-0.56253136810337867)
 (1.7081789523470485,0.47621420785539409)
 (0.11518343556169666,0.74622573953882476)
 (0.2228196746765447,0.93488147695068846)
 (0.056836356370833216,-0.031462042573093853)
 (0.23414281662750863,-0.96734645528440455)
 (-0.011257999426022826,1.1331965953322027)
 (1.0578956201763487,1.0296612464337118)
 (-1.1245175716263351,0.67786606440865127)
 (0.75308535599304749,-0.065856400206154547)
 (0.25046020420262149,0.81006372487869938)
 (-0.091892615581214129,0.81559682666873157)
 (-0.66179744040862232,0.89222884249067935)
 (-0.12221710518039271,-0.71766942256599842)
 (0.65806658993053757,-0.75802184730689226)
 (-1.7824969014718655,1.0628603977238003)
 (-1.5291524293070344,-0.68192820000971377)
 (0.034708801282160737,0.026576492510796152)
 (-0.39369527733155407,1.1382158886162874)
 (-0.83036483926104343,0.26059959883704115)
 (0.13078653245572963,-0.98084993600723669)
 (0.69669920520174256,-0.078383544484311812)
 (-0.23415279637473588,0.65626148301648402)
 (0.55710089023390008,0.68524239413515164)
 (-0.9600026778573183,0.5575622405163857)
 (-0.042083368007075433,1.0101454943380461)
 (0.92491730841822906,0.15416926170754952)
 (0.25734577533566239,-0.031221040392625996)
 (-0.11992534547207949,0.01516959479052276)
 (-0.66655871486873941,-1.047979096383749)
 (0.50466955624885879,-0.81652364712177283)
 (0.393847111150187,0.59138200570423249)
 (1.0658460914649872,-0.31052759399325125)
 (1.181885139495408,0.31131219437278346)
 (-0.84154216223412981,-0.33170591889024842)
 (0.07096747064927221,1.3832371424799292)
 (-0.92175613401045497,-1.148741435682487)
 (-0.66981040574482631,0.32278219484424858)
 (0.51431846222124622,-0.60428506583885555)
 (0.26722999968617767,-0.98729041585075439)
 (0.54995048562057647,-0.52557428124451155)
 (-0.71150310030520869,0.82556320603225564)
 (0.29783126234475155,0.17724903561716537)
 (0.52597593062064307,0.21134180834945354)
 (0.96132921995863663,0.55140012004924199)
 (0.79996475312250992,0.51191342964723163)
 (1.2746755342785017,-0.9692194688484963)
 (-0.31537469493921477,-0.0095770952916365368)
 (-0.2676691773581133,-0.21048614233128399)
 (-0.52306312196153293,-0.63612418938429516)
 (0.28016562761152913,0.81334922373861596)
 (1.0249592289550868,0.024313992866904888)
 (0.13742577241681553,0.67585336873041013)
 (-0.037303752577598832,0.59543187043525725)
 (-0.28771787979200236,-1.3493865143964179)
 (0.080983226651156745,-0.33376539532126942)
 (0.84685833245093034,-1.0777539143117862)
 (-0.88578499325587623,0.14565735278230146)
 (1.0203116903258325,-0.86777162924019191)
 (0.31947939209137205,0.15712013715314804)
 (0.55963557832487343,0.39877688212714768)
 (0.76822004310336311,0.016426861877601024)
 (0.70744059546421978,-0.3306022886370969)
 (-0.74743242074276961,-0.08390548324714811)
 (-1.057276582590988,0.94708463591434766)
 (0.96603220918038912,-0.52165396354445537)
 (0.10960206386094108,-0.016767852097123143)
 (0.62844827326159325,0.60524840918446798)
 (0.63767022292088893,1.0807935222578628)
 (0.43652321339440026,1.1561623954439386)
 (1.3205024478103227,-0.45321547724262468)
 (-1.2181870795534222,-0.86473400285104407)
 (0.58008765089363279,0.47614434703155495)
 (0.3181402164659437,-0.52697455554292894)
 (0.50166502184614958,-0.37545009384419592)
 (-0.65442658027573231,-0.18025117713035793)
 (-1.2513887297949251,0.43647969103860462)
 (0.24003530636528009,0.59895587601261913)
 (-0.69418969959612753,-0.6852577431153678)
 (-0.29777240441615704,1.5718324447818546)
 (-0.26287682061537632,0.02785914871328754)
 (-1.0104038157752238,0.25954210794473398)
 (-0.92400784516342349,-0.31121891427777931)
 (0.4365959094297529,0.77720658184390889)
 (0.65977832883451393,-0.77215164073096587)
 (0.11565548716057454,-0.22409500835551899)
 (0.63610111563316385,-0.5329746660201683)
 (-0.54072153562086978,-0.47827732896085651)
 (0.71528412382475137,-0.71536834825281703)
 (-0.355359030454931,1.064256644337271)
 (-0.64398059760276449,0.43989338662758787)
 (1.3480428968969029,-0.25021554071128771)
 (0.08181724513956333,-0.12494392507179283)
 (-0.4625467193848844,0.16695364756766737)
 (0.23570302629293807,0.45170880216286824)
 (0.4632417058813752,-1.0527521299275824)
 (-0.92244498558771615,-0.17188273483209635)
 (0.99590552360891649,0.012736459440779224)
 (0.95770162378501777,0.13533520637493002)
 (0.1409329847177144,1.8607691773022028)
 (0.73490271990163403,-0.069671979756559796)
 (-0.53510466892201369,-0.27787472604832608)
 (-0.79798804878336149,0.38523100363796131)
 (-0.23923815576056714,-1.9387775172042323)
 (0.24774681137926469,0.53767954863175249)
 (0.28393307710183041,1.6556822269275686)
 (-0.56287288476168962,-0.91858351944099681)
 (-0.0084820365757508169,-0.026659891822318232)
 (-0.089508605070434732,1.0091895712374892)
 (0.3081407490221959,0.97235236487015353)
 (0.6211992010506675,0.13511544544336471)
 (0.88828143271318272,-0.39197599895156648)
 (0.37860329925821445,0.087967591320796817)
 (0.97885087707229512,0.48629162606609821)
 (-0.019859384796418311,0.30066915477375078)
 (0.020015088403426643,0.32060332014372139)
 (0.065783230226622552,2.1329079694376745)
 (-0.90809090918039759,0.85665834390747431)
 (-0.58504932965210432,-0.20144170786417748)
 (-0.51759884439850323,-0.83683016457699311)
 (0.30907111666843717,0.65665632270266716)
 (0.51364803887435739,1.1532628509157765)
 (-0.47186410650241717,0.90240282029371155)
 (0.18038714258193753,-0.031445168206831783)
 (-0.84182688998507704,0.47252195487629617)
 (0.026470786685983155,1.028709290906257)
 (-0.090092229084535222,-0.81203653865013081)
 (0.14844141654641302,0.26715719322590253)
 (-0.86891943350660616,-0.70205911181509784)
 (-0.40281564511640511,0.035713067649303508)
 (-0.8260369074799111,-0.42512722963329602)
 (0.55861112612731156,-0.5631831964166748)
 (0.20255905340459596,0.50021911758169968)
 (-0.7407118698404398,1.4468167012148743)
 (-0.11481117240480165,-0.42125010763542925)
 (0.3845049670345202,0.10524534459771671)
 (0.30189063857585463,-1.1748124364352288)
 (0.32943807366146038,-0.012803909554903703)
 (-0.16255091698221691,0.62013707321601597)
 (0.30854462612729666,0.77746062418159934)
 (-0.019626529847840302,1.3009200701596755)
 (-0.91766696962313055,-0.46731050820561137)
 (0.056699234613569842,-0.95180658804742879)
 (0.18087542387581707,-0.4215581870337371)
 (0.76086945021869345,-0.49499332114901429)
 (-0.89505124634751909,-0.46621930890919555)
 (-0.29336054709328496,-0.63553387102623848)
 (-0.032800590064860642,-0.23483251393966098)
 (-0.14282442065211409,1.0008318222160255)
 (0.37934223962823538,1.0750203686215514)
 (-0.48468112903421129,-0.37940001396058343)
 (0.30621958280220907,0.50196867319816874)
 (-0.72498351997425348,-0.5024603582449737)
 (0.48420314601651632,-0.32766303462372492)
 (-0.92884588582192928,0.071896376733508266)
 (1.8390818097855592,-0.35904578880322224)
 (-0.22718475404009494,0.090851418834848111)
 (-0.80841948816254416,-0.7944015966590745)
 (-0.25694888010965655,-0.44649265654544995)
 (-0.68189214206241344,-0.66776923943838562)
 (0.72440901436317962,0.089452901827927173)
 (-0.55268195206961568,0.59188141081880485)
 (0.18794675304873731,1.2692189404389045)
 (-0.11760231125540242,-0.076864262205514053)
