# Created by Octave 8.4.0, Thu Dec 11 09:47:21 2025 IST <gamana@Samsung>
# name: rician
# type: complex matrix
# rows: 2048
# columns: 1
 (0.96786207772196442,0.86797143573204272)
 (-1.3304950639348982,-0.1841108940754641)
 (-1.1813298621850261,0.019851028260626753)
 (0.60445862884881807,-0.19917301926493616)
 (0.58060924320083507,-0.27605565111298846)
 (-1.535181305873865,0.1604034490148683)
 (-0.86063903825641896,-0.51596411648897189)
 (1.0478863158640346,-0.24487557101234209)
 (-0.48911169082902245,0.19749754680206516)
 (1.226140799342319,-0.32721432840558173)
 (1.138809334324195,-0.20098817389628199)
 (0.9169616638121123,-0.066854064811919925)
 (0.52909696092373082,0.10904920652615623)
 (-1.398873390094991,0.23208646169803063)
 (-0.74668777992171798,0.73095289041783118)
 (-0.9760412198269024,0.42505309225293558)
 (-1.4307143426096038,0.3376123495981927)
 (-0.7120370740144929,-0.26529994648270677)
 (-0.58449770652601907,-0.32182685964195051)
 (-0.83150269418074763,-0.4146737427370194)
 (0.70683448274816807,-0.29350034633322297)
 (0.27653264108025943,-0.27980235625389221)
 (0.82670065440372897,0.18383220102492936)
 (0.86982414464404023,-0.0182670030156293)
 (-1.2928386504749492,-0.23131921232388697)
 (-0.37168436025974433,-0.407147510282444)
 (1.0185413394850777,0.12748216018152478)
 (-0.85553655472480683,-0.42135046924551861)
 (0.6146556486249245,0.078298693854354812)
 (0.91973916961133062,-0.021785846045347352)
 (1.3564804406583382,-0.024504914265800311)
 (-0.8467435162654966,0.1466959511713144)
 (0.40703948680710533,0.46354790244841232)
 (0.097553024485831474,0.60090326562564345)
 (0.52612479255881706,0.84945439901440889)
 (-1.0719237196929097,0.11159078751308488)
 (-0.94938430226569437,-0.38791628350048496)
 (0.69871350312098568,0.34980250043304367)
 (1.1780483983992747,0.20479904009637884)
 (0.46275425753376875,-0.023258677394988866)
 (-1.0120305693413183,-0.227198413950289)
 (0.021390732913451727,-0.31679084871732233)
 (0.80326298956160969,0.28415123412476928)
 (-0.98635444189565524,0.066394479828282213)
 (0.48723728475656108,-0.22008090248961948)
 (0.50868042318268314,0.069171046487141591)
 (-1.3266872182575036,-0.15439659064251068)
 (0.84246897044246638,-0.26032519229460954)
 (-0.65504191889554531,-0.00043589132642449929)
 (1.5544117296271209,-0.08265286340908154)
 (-0.74946172547587375,0.21132695252579758)
 (0.96904406743362848,0.091587941658469604)
 (0.8743666402004201,-0.18345153959032842)
 (1.69370435329229,0.031787927675390751)
 (-1.1033264731436982,0.22499182865839898)
 (-0.69876132930602031,-0.53289843391999292)
 (0.074154874993471509,-0.16489524160620228)
 (-1.26350725952367,-0.40523751929719604)
 (0.49920963066096219,-0.19402087262781209)
 (-0.26518352214988872,0.27525047506340222)
 (0.33753138990113096,0.29336815208764216)
 (0.96215011838924491,0.12813509394864342)
 (-0.39688423569346487,-0.22649462093985645)
 (1.0506983166610904,0.15545212048568366)
 (-1.1812672599465264,-0.052122199382403853)
 (-0.99780122502234758,0.37445788877798081)
 (1.230817733799219,-0.010971489816230286)
 (-1.1587792056537805,-0.10311326367894334)
 (0.88774608456148585,0.29938088241973254)
 (-1.2554404480528674,0.26686880934302193)
 (0.63505945569115352,0.12039404793597899)
 (-1.0764695082585183,-0.52130239955157598)
 (1.5584130769720459,-0.21215672749812373)
 (0.62380495824486804,0.4023071595522304)
 (0.39412850534361582,-0.31633345278678587)
 (-1.1944735301686209,0.29478816187763229)
 (0.43340180983154236,0.018790675590509166)
 (-0.93183647207788023,-0.4916054632490155)
 (0.74785946125813629,0.037452187688054382)
 (1.2895844806870591,0.50023690406845089)
 (0.49057594956862888,0.13296760420626938)
 (0.87090688534533178,0.53812489636260485)
 (-1.1032456263301247,-0.10112274714542913)
 (0.70420261290158315,-0.016589681709762476)
 (0.95626313895237869,0.10055895158469949)
 (-1.3453364743480241,-0.34653725418632697)
 (-0.71415070315624829,-0.58765761149731011)
 (0.50780969613538007,-0.47815919465783185)
 (-1.2170265631203505,-0.38244506842760839)
 (-0.75338736495886349,-0.093027578870889652)
 (0.94807922401189271,0.2450351882874566)
 (-1.1705301855833559,-0.16822645085976828)
 (-1.0100687434085458,0.30688862868554312)
 (0.69680593379301836,0.4711780690048426)
 (-0.8495686878932337,0.1787745928430492)
 (1.0759214572395916,0.14038085247501686)
 (0.81508002257785095,0.71743534640278406)
 (1.4474226746130516,-0.39896077545147879)
 (0.77425035901740014,0.34627033633713905)
 (1.1204408217518056,-0.27930797444004257)
 (0.9685290701036009,0.13769784283079972)
 (-0.94682701511535416,-0.30196581857716664)
 (-0.34650835137347935,-0.29887569172242595)
 (0.28424713528275836,-0.017485599050867526)
 (0.40956367280601352,0.4028428485977753)
 (1.3242621211783485,0.16667834418131169)
 (-0.77115257130036308,-0.15532097095039094)
 (-1.1369172622670205,0.037262453243094101)
 (0.34571425828364744,0.34544732717725646)
 (-0.93632072927623866,-0.39027260938616193)
 (0.7537011026226873,-0.0663770393393915)
 (1.0591301541007716,0.4027179893909883)
 (0.15195825769196836,0.0016947172008644725)
 (-1.2614932245674835,-0.42647398999577074)
 (0.81800116578660553,0.2150362209047397)
 (-1.0798070481943571,0.1909375336950101)
 (1.0963958971693439,0.39148540368378254)
 (-1.4733487077779459,0.11786279099527947)
 (1.1692892745100594,-0.056694377906585221)
 (0.41957910408794291,-0.07328854716872811)
 (-0.83008620297882552,0.044961869167615097)
 (0.75679344720630315,-0.22601812051984138)
 (0.66491562669442694,-0.12016288607584436)
 (0.40226930226043017,0.21717287852406583)
 (0.79911063325353582,-0.36737661650009279)
 (-1.1322593591290242,-0.5518913701098469)
 (1.1961982806599074,0.071267094512254783)
 (-0.87776863718339482,0.086880089611254888)
 (-0.49029694603706259,-0.20278554629180104)
 (0.73943941065044549,0.29431406412194044)
 (-0.13848390078669937,-0.46796161082953291)
 (1.3368748008144427,0.10825012026811685)
 (-1.638161222928904,-0.52244783201585121)
 (-1.0392211322362166,-0.28803340260919957)
 (0.67221882046950709,0.20379224261463008)
 (0.94903645514602608,-0.35664015757885759)
 (-0.62545380703170217,-0.83513400136086058)
 (0.53710180868289426,-0.64861788780750762)
 (-0.76396888789719919,0.4836692774700948)
 (-1.1501749261290874,-0.061110525189686675)
 (-1.5137345893056815,-0.064361581831027401)
 (0.71448219072704799,0.29281141450167614)
 (0.82975342457533074,0.071543454982684496)
 (-1.1265770967595388,-0.28734410264151095)
 (-0.41390195918460787,-0.41809635860740252)
 (-0.67346654793588778,-0.13366625754784908)
 (0.60769281655442564,-0.24449480417468522)
 (0.70829829912589815,-0.38381583246249568)
 (0.45518747460826298,0.28567862264645538)
 (-0.56488940670487686,-0.051913025875274493)
 (0.67190723806678299,-0.076423822726527868)
 (-0.97014513524427071,0.23785345995524038)
 (-1.07705927759931,0.79093513500904278)
 (-0.0018333210202884365,0.71521299631785973)
 (1.148429468479726,0.29073921238960354)
 (-1.2587669028315938,-0.80389339796677528)
 (0.35126525967501865,0.096807208445718398)
 (0.43366333106988875,-0.3037652264258387)
 (0.55539576386791656,0.33192248775947203)
 (-1.1327840170900045,0.45893115396378426)
 (1.363046408751134,0.20218212920281667)
 (0.99537944185582439,-0.083094177866272739)
 (1.1710250614802455,0.22233165740178198)
 (0.78245246104265087,-0.45105876194988603)
 (1.0713752691813105,0.52699250812218812)
 (0.26627773687840139,-0.032861924715983551)
 (-0.92220083503035155,0.15898490157842254)
 (-0.70975355678848417,-0.033619574358182198)
 (1.2744178486070776,0.073215625862600192)
 (-1.5437006436394372,0.56887833575338775)
 (-0.71678995442034021,0.068842916508956506)
 (0.033133468370849295,-0.47990549889718087)
 (-0.80815929080494453,0.23310221918578777)
 (-1.2003161211183369,0.078215281039294038)
 (0.38810727396130029,0.10489884701423025)
 (0.91454415667425115,0.073238365487484788)
 (-1.0571568545576313,0.033628971122425383)
 (-1.3357812027351772,0.098166029283610054)
 (0.66369656175306235,0.080477200339321722)
 (0.63470219195137889,-0.16668791116223236)
