# Created by Octave 8.4.0, Thu Dec 11 09:47:20 2025 IST <gamana@Samsung>
# name: awgn20
# type: complex matrix
# rows: 2048
# columns: 1
 (1.1224347267656005,-0.007611049877816238)
 (1.0584695754061373,0.063009922982858763)
 (0.95213016152211227,-0.0017770701180574188)
 (0.98029140445607299,0.067333573622654408)
 (0.96322831317042357,0.031633332268176807)
 (-0.96354601382649929,0.018447650970066488)
 (-0.94365635711001516,0.11482170706381836)
 (0.89212472393562992,0.06453890424054208)
 (-0.95792002884728977,0.081301728351760597)
 (-0.9971276541034676,-0.01934232242433304)
 (-0.93429361209967898,0.037155861713761)
 (-1.0674220247343364,0.16075056633607895)
 (1.0585615131638257,0.055322323455102435)
 (-0.92045185779186378,-0.0017082424398102627)
 (-1.0442012532880343,-0.019400048050490448)
 (1.0272284633015814,0.042263024885936647)
 (0.94228190775463383,-0.060043765965030499)
 (-0.90493598567365507,0.029760416723588357)
 (0.87810057913161266,0.12286008398799593)
 (1.045028580359137,-0.17737268849830259)
 (0.97970250425939609,0.067227187093370971)
 (1.0091517513914081,-0.1059439493791256)
 (-1.0459646198583787,-0.019503157595453756)
 (-0.93286099661790156,0.079800380514385899)
 (0.93254330573491084,0.016475021995229152)
 (-1.0737422904096143,-0.035256145467076727)
 (1.0160978076307261,0.073034002549607846)
 (0.96387849178124207,0.050048939944171381)
 (-1.1037995580736712,-0.0025100090766102868)
 (-1.1034568438327741,0.050125630545383798)
 (-0.74348489947937435,-0.047167818014149557)
 (-0.97590800264204813,0.060148050811884506)
 (0.9347811114564577,-0.062063507960243118)
 (1.1265195170943552,0.060611246094915951)
 (-1.0165959958262181,-0.022027393184130085)
 (0.92405505246970865,0.1049673039047414)
 (-1.0445243832729656,0.021385704601934147)
 (1.0473638358659954,0.10398067756352523)
 (0.96889667562848703,0.060239334033957273)
 (-0.99968635863399069,-0.085399934732204461)
 (-1.0132426592395742,-0.0039389424685824003)
 (-0.96775799751914116,-0.048282644456668161)
 (-0.88571107031772001,-0.088977479740373733)
 (0.89039911078649081,0.094477655626777082)
 (-0.9390713997406217,-0.005597471881923566)
 (1.1038310934265727,0.028912496333972589)
 (0.9996793253699009,0.11833498207562561)
 (-1.0516801965047882,0.13054175764248177)
 (-1.0359227305084155,0.056548019977635561)
 (-0.99628310396095054,-0.10157818548569347)
 (-1.0532836427255245,0.074414376491786616)
 (-0.99618486994237121,0.018483439436283871)
 (-1.0210749232096055,-0.0060825320657368585)
 (-0.88104521753917853,0.027401517967683305)
 (0.90507201726095965,-0.12592283419534536)
 (1.0229988202949991,0.020048475019069326)
 (1.0188183586083193,0.011577276938618734)
 (0.88743677579535085,-0.002954355079734555)
 (0.94068532440420172,0.16783444761696237)
 (1.0044147290122154,0.060208273607185794)
 (-1.0035046154825831,0.08974829879543901)
 (1.0191422123137981,0.03795179320568328)
 (0.9856033010813251,0.03462182790772507)
 (1.0512757401155244,-0.035493558119565109)
 (-0.87327551837179573,0.0099770252912957328)
 (0.97247580829029701,0.065653928345261917)
 (1.0267152908644226,-0.052811718146150016)
 (-1.0165109516994104,0.12256082541860645)
 (1.1246817727792462,-0.023323044537254981)
 (0.935523394124115,-0.19135298528379349)
 (1.0209572642288078,0.075688724997233559)
 (-0.97879653450328985,-0.044230671824068153)
 (1.0477693095728036,-0.037928318436257442)
 (-1.2506271414697785,0.036354637020697016)
 (0.96886791258422489,-0.020461810255639909)
 (0.92827905968150892,0.022903223744149711)
 (-0.96237324966771176,0.002164293559885891)
 (1.0556378454232207,0.11075558860825206)
 (1.0451005986423501,0.0054267585037661489)
 (-0.99308961281598329,-0.097147852783720012)
 (-0.88203069484842855,0.040682194429347174)
 (0.9804362182973837,-0.078355700910348935)
 (-0.9951553125602377,-0.07127066653742907)
 (0.95920345472213342,0.090096959057837697)
 (1.0382679328433544,-0.017294696903648963)
 (0.90262172990593403,0.059647812474740214)
 (1.030588736109501,-0.044205087717300438)
 (-0.93151726462095907,-0.077535531310486516)
 (-0.94269381711965128,-0.044565902309968299)
 (1.1208861297362906,0.064595946082259589)
 (-1.0048979585079993,-0.013938730742423223)
 (0.93060296208308246,-0.12037999167258273)
 (-1.0265507050858795,0.06549381653279944)
 (-0.90130813147365307,-0.012649300344065022)
 (0.96644678698761077,0.021523052511393748)
 (-0.96597455347557926,-0.13838259967317393)
 (1.0189081290107493,0.073314770383439171)
 (0.95054094414748225,0.072225052410761784)
 (-0.98526403282202601,-0.039898812301726108)
 (0.9880934839748553,0.018498263739904913)
 (-0.90705241107110846,0.037974720593765734)
 (-0.98747228472333781,-0.10012471134066564)
 (0.90615676354609953,-0.10143434284936891)
 (-0.91461939291359229,0.064229728849658996)
 (1.1854700048718159,-0.061578314561954867)
 (-1.0616347438923959,0.044927122658714902)
 (0.97151758049188219,0.049290661340945369)
 (0.88578866559849379,0.018302712525605506)
 (1.0352368799694485,0.031782315305817113)
 (-1.0569268181928779,-0.13004298099922962)
 (0.94346461212147459,0.049634237102263612)
 (-0.96882856427154673,0.040754738034881402)
 (0.92877058007193247,-0.03169627037043285)
 (-1.0009563970064721,-0.076724131932800588)
 (-1.0173156018131639,0.064724407590365615)
 (1.1494446245118466,0.065028450681595171)
 (-0.99163010888685366,-0.099868436397118024)
 (-0.99659073130353792,-0.07078688690256961)
 (1.046036800189438,-0.093142102282706238)
 (-1.0000176298239576,-0.067510649162646638)
 (-0.99891218767539358,0.0048744552854153135)
 (1.1336989751982562,-0.083684526098143475)
 (1.0410982206065773,-0.0092808585674149201)
 (1.0519914493108031,0.041235925247897792)
 (-1.0091600147113522,-0.082994348078025471)
 (-1.0287792938681386,-0.0097726786814660363)
 (-0.95247467052408941,-0.10123458103159494)
 (0.99412800584059569,0.035193988194118987)
 (0.94971411456714316,-0.012196007724052375)
 (0.8838305284376925,-0.027883500046272616)
 (-1.0127600676861417,0.02869789781906806)
 (-0.93574018764718347,0.032343096690384952)
 (1.0657550419325696,0.013616439511650516)
 (1.0946415970495194,-0.13187537421631534)
 (-1.0900686706705873,0.0082810668545169747)
 (1.0425063078148411,-0.088572183095715351)
 (1.0333813875217075,-0.056173402164146881)
 (0.98442483398596659,-0.034608239603880507)
 (-1.0024293301032818,-0.097054819403361886)
 (0.9030554085345105,-0.075155547465568073)
 (0.96414900910004853,-0.12461206303594348)
 (0.9859349031274427,-0.084091612475046387)
 (-0.90480135989602339,-0.033641240437195484)
 (0.9436697263442636,0.02373419046913797)
 (-0.97169229491442621,0.015868020949074187)
 (-0.96708409967412701,-0.065084361805511373)
 (0.98131499008639511,-0.099877456214396601)
 (1.1497937808400915,0.10393224672781165)
 (1.0327532360878062,0.0068372920539385117)
 (-1.0484156117177159,-0.040523816319709499)
 (0.91769864202881357,-0.074419782920588248)
 (0.92932366425471069,0.04180744754289531)
 (0.95319893728747007,-0.029047568804016384)
 (-0.934567089342351,-0.034816737291099527)
 (-1.0035574686820266,-0.019212176829888447)
 (1.0683245732648461,0.18140203208730407)
 (1.0369857460774403,-0.24888831743377296)
 (-1.0018711505748237,-0.068109004005824217)
 (-1.1018930609327486,0.12625223871280442)
 (1.0139146588523142,0.014997010632442385)
 (1.0309256127386643,0.043288037021317297)
 (-0.930383123032273,0.0039201323651835134)
 (0.94568819586921737,-0.0063789616433562171)
 (0.84429049743782636,-0.012123821596721894)
 (1.0866585342827553,-0.091066914146668732)
 (0.93709146439410185,0.081216774769929695)
 (-0.95752543488324715,0.12807552084017501)
 (1.0226248402251812,0.096038794990419563)
 (0.97296309061585506,-0.10936688967949888)
 (0.94251841937043079,0.073974368414063948)
 (-0.96245012961866683,-0.036558722561680412)
 (0.93790751069749834,0.017103153280997412)
 (1.035295954735572,-0.085111833303003717)
 (1.1480282144150327,-0.026997706855065945)
 (1.0326900305369222,0.097631511050878153)
 (-1.0351381909923518,0.048587723276780598)
 (0.92959296063098318,0.19570231268523045)
 (1.0117522563732553,-0.028737567167873998)
