# Created by Octave 8.4.0, Thu Dec 11 09:47:21 2025 IST <gamana@Samsung>
# name: awgn20
# type: complex matrix
# rows: 2048
# columns: 1
 (0.92021982905438682,-0.018543117958476876)
 (1.0884420935132226,0.052703165700076542)
 (0.9776172332180767,-0.072192979665255994)
 (1.2297855062447058,0.047076580703468561)
 (0.98009552033620839,-0.00061870093670098199)
 (-1.0332195645457458,0.046268983289130955)
 (-0.97647001598530514,0.11075968736235731)
 (-0.99808150401542561,-0.10365870403434618)
 (1.0914605057649003,0.015193148194087206)
 (0.84893466007445362,-0.038315940062275455)
 (-0.92229944725810642,0.018231372695362475)
 (-1.0091500406228557,-0.0016815066895077436)
 (1.0365195233920961,-0.036534197826303808)
 (0.94129079967397633,-0.0077910083984663774)
 (-0.94873329359137726,-0.078911166242078931)
 (-1.0534989432481063,0.088670631122681531)
 (-1.0713153051201205,0.00089041230510708384)
 (-0.95750958375477413,-0.0023235728590673076)
 (-0.98123699637388306,0.081643450672118492)
 (-0.98626854585942181,0.019955646146372696)
 (-0.91686482264268043,0.077849200846471608)
 (-1.0525454287217897,0.055129750795478605)
 (0.97585598958011177,0.056237397495339583)
 (1.0856540460628321,0.021470506876586557)
 (-1.0259840709209849,0.24234406902847888)
 (0.93263909464626604,0.031569748765259614)
 (1.0205292919245095,-0.078236170944324224)
 (0.90496761793497937,-0.039056797135058982)
 (-1.0697802376258372,0.090258188881786452)
 (0.88346664346400328,0.031969113859463674)
 (-1.0387217935708533,-0.036129110209126396)
 (1.0136107094107116,-0.0039709524472995123)
 (0.9044403497948208,-0.072555236525708208)
 (0.9085494200695976,-0.031922354368831979)
 (-1.0511941577848261,0.010226045847096145)
 (1.0301425332403515,-0.019799690552391808)
 (-1.0072571993537403,0.069141710581442181)
 (-1.0074860480608507,0.048842979903491596)
 (0.96925589136181212,-0.078160960628933296)
 (-0.94156575297174427,-0.082331177745533557)
 (1.0221434874003459,-0.012269383638422053)
 (0.98887385697235963,-0.072641143741962622)
 (0.97030704849253313,-0.014098919804924552)
 (-0.98442765845844371,0.0072985931369421199)
 (-1.094719856826307,0.00050943528915235953)
 (0.98506412106722618,0.057913096876928416)
 (1.1030088407283645,0.049878982891716717)
 (0.83056205522425519,0.06827761022778589)
 (1.0518393175157821,0.027428835845632434)
 (-1.0640234292531687,0.00308738438944294)
 (0.892905461335046,-0.01568484615501017)
 (0.92074216968371647,0.0062825209519860098)
 (-0.93542875992733232,0.070708095771501459)
 (-0.93779776741147858,-0.059853532053163232)
 (1.0454670878855588,0.059735086842914578)
 (1.0594059561960893,0.025872386559002321)
 (-1.164393273081056,0.074038692701788755)
 (-1.0047604857058339,0.052786783493869484)
 (-1.0023009010090851,-0.030331413238545601)
 (-1.0625511937238312,0.019342066025309874)
 (1.0670503812237484,0.03838047441981917)
 (0.94571162276684262,0.083533088822784263)
 (-1.0312976470728303,0.1404267049179965)
 (-1.0824282638005829,-0.056678640403322045)
 (1.0017019989804283,0.067251865901494665)
 (0.87325902453014204,-0.11897464943372851)
 (-0.92576315424675582,0.0061956736298814999)
 (-0.99167732602113534,0.059439460606746389)
 (-1.0229440452347134,-0.098867235430443526)
 (-1.051300438761706,-0.052495914138490266)
 (1.175894321940864,-0.05984304737619435)
 (-1.0745859028077118,0.072326703045135485)
 (-1.0990623915835365,0.031503060118941779)
 (0.89741475946099492,-0.041136672472061715)
 (-0.96279079955247537,-0.01800750173767204)
 (1.0111570957576983,0.081341982571637994)
 (1.0322742295971954,-0.0066400926204455597)
 (0.92919773778249548,0.047946748385167298)
 (-0.94777823436106623,0.10164821468644747)
 (1.0585141888352434,-0.03604335792315104)
 (0.92483648624696213,-0.21088780556235098)
 (1.124726529036852,-0.060218063856863513)
 (0.98520542019974156,-0.024856425393891792)
 (-0.98116528888339216,-0.035188925938058738)
 (-0.88363790370140083,0.063770319940827644)
 (0.98500768547384665,0.0052138972364080228)
 (1.020170885120159,-0.074584755548555412)
 (-1.0098934029655648,0.070289194593266963)
 (-0.95745956154544531,-0.090956958883076061)
 (1.0445874834432782,0.083769361640151405)
 (1.058211356849021,-0.012539607260218933)
 (1.0723374583755059,0.017090493030387257)
 (-0.95982998916067774,-0.015126539929789427)
 (1.0095208633586468,-0.050327479037025294)
 (-0.95295144217516947,-0.025573240077868226)
 (1.0204254360082921,0.12814788254819343)
 (0.94439528848068222,-0.19720850483326713)
 (1.0615809475126163,-0.1726770341060514)
 (0.91922445694874055,-0.072306829425388075)
 (-0.987569687267846,-0.044680338656791087)
 (1.0142556659595539,0.07065013326147121)
 (-1.0605474429036534,0.085601509548289684)
 (-0.93984689075409855,-0.067194369448434071)
 (1.0065453413624779,0.09721815318418503)
 (0.94597037525576422,-0.06167579223248755)
 (-0.98794994448985962,0.035482978872912588)
 (-1.0337828781291156,-0.14467788142260321)
 (-0.95351682769173096,-0.064737622041771928)
 (-1.0219133302259438,-0.06410573767657092)
 (-1.0108864923919765,-0.14456910568954146)
 (-0.92460643798512243,-0.019929465597087092)
 (0.92435729910960085,0.055555512556918485)
 (1.0191799743549692,-0.023828151409318717)
 (1.0347175720310031,0.036570847534147591)
 (1.0571810891127604,0.062390754574211719)
 (1.0766926581199918,-0.012585310405127951)
 (1.0090902662181056,-0.044211265090138674)
 (-0.92027516061915471,0.012670756610967962)
 (-1.1241890184822201,0.0015025520968039796)
 (-1.0517230701911551,-0.072334274457759584)
 (0.99868343512613322,-0.072466514795933495)
 (-1.0181644590395358,-0.061804239032954622)
 (1.1088622739596925,-0.080222197089607192)
 (0.95877384072429062,0.10250520259974678)
 (-1.0839874835371597,-0.02787060203886374)
 (0.93620799417431688,0.069755243634024161)
 (1.0251465381110738,0.10340994540171729)
 (-1.0580827093126071,-0.12431251538253418)
 (-0.94181810393718579,-0.036008652203846775)
 (-1.0802653725709059,-0.069027655280844313)
 (-1.098356403373757,-0.050815376527939084)
 (0.93352078477882572,-0.085402533395254707)
 (-0.92841947035802475,-0.044825823508572206)
 (-1.0479791222329085,-0.1368385769473531)
 (-1.0652204614657483,0.071368396739598536)
 (1.1199435474776049,-0.070718246689697811)
 (-1.0265007482489312,-0.070041735597425311)
 (1.0879060958551172,-0.096560007389389441)
 (1.0417298263286261,-0.0043817419178680409)
 (0.95540336500717749,-0.13494614962492416)
 (0.94910248400156783,0.16123265418091567)
 (1.0719605857954488,0.065742696520386862)
 (-0.95871383569678625,-0.11525156825541392)
 (0.89514627634074539,-0.15115642840345342)
 (0.99412616783969232,-0.022058201942131136)
 (-1.0314187578305274,0.0045859601869425162)
 (1.0240195863192509,0.070914425428226097)
 (-1.0325549105535501,0.031402443017771613)
 (-1.0922146035903397,-0.030824218661515631)
 (-0.85117381470560938,0.091165526039323888)
 (1.124644826369908,0.035773627517153336)
 (1.057017282501129,0.043579803471155677)
 (-1.0797343562052149,-0.02068242528825992)
 (-0.98808218926657987,-0.010430508118390728)
 (1.0285390461173773,0.11023149037825347)
 (-1.0404277902633927,0.025678502759527617)
 (-1.0060285803951521,-0.12686972083102999)
 (-1.1448545605083984,0.023861256935659686)
 (0.94572972966756486,-0.012327230521232094)
 (1.0169126939966502,0.060950219488413816)
 (0.95664490012846093,-0.077556212474860872)
 (0.88907688788320416,-0.012302273723683324)
 (-1.0907444655557301,-0.010410927150302741)
 (0.84589096962383747,0.00029370219397410036)
 (0.9869104844498735,0.033411748863199607)
 (0.99430587858710273,0.014061815903203715)
 (-1.0594842885620472,-0.099823093801109875)
 (1.0981916013242392,0.053057123507425641)
 (1.0902624749218455,0.028667745152422493)
 (0.85442533351401007,0.063929781037202121)
 (0.88449308004256144,-0.078328020571052273)
 (-1.0607475074199537,0.047032533327955088)
 (0.94907890898112257,0.028640413034212848)
 (-0.8376111104970827,-0.026685330974813643)
 (-0.92906168566377934,-0.012480218950040504)
 (-1.0416505036476267,-0.17675872161974909)
 (0.86965358633354728,0.1073864449970255)
