# Created by Octave 8.4.0, Thu Dec 11 09:47:20 2025 IST <gamana@Samsung>
# name: rician
# type: complex matrix
# rows: 2048
# columns: 1
 (-0.41365766093206563,-0.097834308561730546)
 (1.2014523869528828,-0.069589552265895291)
 (-0.97533647659427614,0.3999230202096814)
 (-1.3601905994051882,-0.26319636653445233)
 (1.2294052703316065,-0.51362223601650947)
 (0.6855986870968549,0.4345499316974471)
 (-1.1465279660770404,0.4768217555073041)
 (0.79417987088751751,-0.26647474049265568)
 (-0.9676794563454173,0.16964284850353856)
 (-0.32133116772906578,-0.071820076615748352)
 (0.72280775720599821,0.54862129148216077)
 (0.2589015706063873,0.23328661581875582)
 (1.5514432148802504,0.25024050555780064)
 (-0.71754778373311978,-0.025129344999991338)
 (-0.84785477019787303,-0.34944120004749263)
 (0.22842273719809636,-0.22794868964979112)
 (-0.75427219811905677,-0.68045915529409495)
 (0.39430453257880704,0.069773015308064901)
 (-0.70188887640971365,-0.07640911273924858)
 (1.1517074339710316,0.36038652500951385)
 (-0.91668922940115005,0.90504208435891764)
 (-0.45341329899357607,-0.27867274850535528)
 (0.77983790189295732,-0.11645290591459409)
 (0.83477168439176674,0.17476186236179797)
 (1.0789786267802175,-0.11503085423997203)
 (0.57720825196528081,0.42545804339829912)
 (-0.19494810202902302,0.30812182746823286)
 (-0.79577029603573046,0.31804435435504247)
 (0.53514465540351708,0.3123978640929716)
 (0.60754215663342848,0.45711434306620585)
 (-0.75581797195832101,0.2795985003190804)
 (-0.945523095358618,0.31542608904076841)
 (-0.52331781399199107,0.014909167118439542)
 (1.7588826916639593,0.24812802184635369)
 (-1.118998749264779,0.63038624755420136)
 (0.22269911294230249,-0.056479916062290449)
 (1.2627711165748861,0.70013232451156004)
 (1.2703147111401172,-0.34719233435041619)
 (1.5251364859692003,0.78380202680675581)
 (-0.5229506823689225,-0.096438687719953994)
 (-0.69951682348096555,0.088135719298703286)
 (1.1246219905321371,-0.27765354476334531)
 (1.1935459963527872,-0.10381617244701589)
 (0.94514107114152324,0.25455158872614181)
 (-0.74383121763091475,-0.083987510319916456)
 (1.194180917304958,0.16912425122672456)
 (0.62374003791794586,-0.4445427994696613)
 (-1.359241908959723,-0.45711344126215092)
 (1.235120116594272,-0.70409337405010786)
 (-0.57621266468668053,0.15999287124990294)
 (-0.77257258877345725,-0.35130771601977129)
 (-0.7933636397238879,-0.16393907548584935)
 (-0.86040639995821422,0.0051518981504718505)
 (-0.74742537761438577,0.064042483589303936)
 (1.1404625113288942,-0.36807439937752634)
 (0.71224880461452622,0.22300147141791157)
 (-0.69895223283929986,-0.19780903520421519)
 (0.60724740262598154,-0.099532827209798141)
 (0.001907340605138641,0.14771435935782803)
 (0.69726086180414748,0.43956514306276162)
 (-0.55645520981452523,0.43259333611551765)
 (-0.98856961945882071,0.32449571038295111)
 (0.2627145493180354,-0.11411993039943266)
 (1.0132721931072439,0.7728013348188516)
 (0.69873838933485044,-0.30267706359058133)
 (-0.33443570864943861,0.11752126655366008)
 (0.58622030502867328,-0.17860130161991686)
 (-1.1860610165215517,0.43006852544772578)
 (0.7439231919242677,0.21939251156462714)
 (-0.68920648210619451,0.27457232589323294)
 (0.2722337799342136,0.69368674434283517)
 (1.1427542140874845,-0.080051309726566128)
 (0.74206876501266328,-0.022275760018708124)
 (-1.1767758036045444,-0.58037283633676828)
 (-1.328122968918573,0.34330298895315325)
 (0.79294304146189953,0.3218300074381279)
 (-0.70452789683490491,0.17058363555355893)
 (-1.1179325866586733,0.25081339655074875)
 (0.58340455831720461,-0.086886641362484432)
 (1.0298455132196929,-0.21863249723851133)
 (0.79548324841353912,-0.058530525767595994)
 (0.34332424999669542,0.45910717490196945)
 (1.4425035772155419,-0.51406828090077117)
 (-0.63084894036525818,0.69679427164651109)
 (-0.89222719834920694,-0.11048931185909795)
 (-0.36044018928714305,-0.31588895747457413)
 (-0.68249822633535162,0.59937754495016571)
 (0.68731376516336817,-0.059319396384971801)
 (-0.48989634382330033,0.26441052387371888)
 (0.54275877130885131,0.38771101183854079)
 (1.1896594290186187,-0.043262397799465002)
 (-0.71573882822438406,0.41502538391646154)
 (1.0438202440756497,-0.11008109849914072)
 (-0.57188207310246664,-0.41184603447759138)
 (-1.1854338515520235,-0.12571469577556718)
 (0.80993393312460982,-0.068110528719229166)
 (0.83969072494383168,-0.34912485458188458)
 (1.2064892744013118,-0.13480269043100249)
 (1.2505220840961859,0.20055818229963171)
 (0.74669102211385008,0.15263596093612974)
 (0.71346945760196223,0.12697321663875757)
 (0.95748708623568402,-0.079390374818346029)
 (0.67678480616647929,0.13488124433131868)
 (0.45162721826941243,0.54175619957593035)
 (0.67030993141484918,0.28069500795997804)
 (1.225433038359002,0.22213301196737692)
 (-0.90051863082768091,-0.11694800956661637)
 (0.96496003403230346,-0.083824174926440662)
 (0.73033785526307771,0.011793301805594061)
 (-0.83266598606851416,-0.066195945958057417)
 (-0.48197178994633705,-0.47185953223812899)
 (-1.59546818232622,0.093614589029816495)
 (-1.0538421260954824,-0.31021627810756103)
 (0.41895729444363122,0.55137828529772737)
 (1.0817518123855006,0.20647985298310392)
 (0.54867395114598838,0.075968371464461018)
 (0.83592957653706301,0.29453533930164894)
 (0.73866000794305653,0.19709283696451449)
 (0.60781808247697966,-0.34085184118634981)
 (-1.2442377815990895,-0.099764467642971782)
 (-0.89388153937832426,0.078514855027018937)
 (0.4622366301249588,-0.11411388086217233)
 (-1.1675122416679418,-0.86428902602429758)
 (-0.59944319086670306,-0.17760208921031981)
 (0.58185756154368817,-0.24798122820737187)
 (-1.3433772456246489,0.041310466613427625)
 (1.0003203353111778,0.85056302859979571)
 (-1.3023831494129257,-0.44603700586053774)
 (0.15445835650427397,0.38804722163431121)
 (0.61814916158533451,-0.15903752641554528)
 (-0.72576914683580807,-0.15714411343657722)
 (1.4416559005193585,0.070095046269059727)
 (0.93740537458160111,-0.41149620950252624)
 (0.66753711324843434,0.45020589776563058)
 (-0.17076991407540854,-0.77914608505685334)
 (-0.71041377432454411,-0.35339052687778977)
 (1.1908748852039217,-0.23765983514605576)
 (0.82341386698523178,-0.10366822030095495)
 (1.4353360829007618,0.422557964146626)
 (-0.75652921455062538,-0.081230128515943259)
 (-1.0620959996165582,0.2080257471738772)
 (0.54446309070678267,0.13279300740240757)
 (-0.33676282805994473,0.42335176395083091)
 (0.89503691456604051,-0.43452819094844719)
 (0.30381997863537591,-0.3073951488216416)
 (-0.8397654269369168,0.68109206124395338)
 (0.99204212250348367,-0.059488280852210265)
 (0.89657701565189329,0.12895145645532094)
 (0.79971051281338945,0.11864562181193207)
 (-0.77017262417695664,-0.037553508255868166)
 (-0.87072461418806479,0.71408266769716167)
 (-0.81856228548883303,0.029113071831284483)
 (-1.1545932493234528,0.016150237056977084)
 (0.87079448472796583,-0.75222725328164664)
 (0.39281344200896601,-0.54533273802367099)
 (0.21311098253074967,-0.10616458616191402)
 (1.4926897578984373,-0.53386828673576903)
 (-1.077188756616059,0.18517310375328738)
 (1.2131075792487354,-0.27654514155660925)
 (0.91425815306125435,0.230304376403275)
 (-1.4835503692325531,-0.16947322618735217)
 (0.62605386315391698,-0.29294012916106604)
 (-0.85456113407276735,-0.25415914300358639)
 (1.0792616261888339,-0.20372983157452709)
 (1.2310153775092796,-0.43510681374017485)
 (-0.10391514179770522,0.31949062922312998)
 (0.62975024965142312,-0.32297590987565589)
 (0.62845025213472816,0.027147237374826917)
 (-0.63496089295105584,0.084869003880618091)
 (0.83872269258040544,-0.60423410703550118)
 (-0.88155541856785513,0.23588904227662433)
 (0.11622451099499209,0.09493790885816987)
 (0.40393685186775885,0.67573754876686609)
 (0.66589164404125922,-0.10936099531797099)
 (1.4005808860325442,0.14409418827181517)
 (-0.150880480692696,-0.16819483981926314)
 (0.86253038955405348,-0.21123737103638018)
 (-1.4624443858996923,-0.69446205930205496)
 (-1.637282372499429,-0.6079698739847188)
 (1.0553569530681999,-0.014089360485643571)
