# Created by Octave 8.4.0, Thu Dec 11 09:47:20 2025 IST <gamana@Samsung>
# name: rician
# type: complex matrix
# rows: 2048
# columns: 1
 (-0.98883236550473053,-0.18795305261631054)
 (-0.68238018823289848,-0.36808903028619033)
 (0.89219659422901232,0.60597862901269872)
 (-0.73594760215754296,0.32439040070660075)
 (1.0832711821291108,0.090497469797373789)
 (-1.0432618693052689,0.35534845776941992)
 (-0.47852683205911772,0.56411592613645889)
 (-0.44169454131989644,-0.24135849981082222)
 (-1.5416074824873365,-0.63870504895800817)
 (1.0912340690131208,-0.015403130962628096)
 (0.83164033315078689,0.23378078394305823)
 (-1.1427992461749414,0.11055162369938334)
 (0.7401437659890826,0.10218041645190838)
 (1.3236876936478315,0.23166253830921546)
 (-0.97011980866965775,0.35138945144528494)
 (1.0859397796813832,-0.053578834895718602)
 (-1.1576252699631771,0.20562004659642016)
 (0.92493759798089814,-0.14949273189829093)
 (0.70285475565733269,0.32522105371998988)
 (0.81149557649784021,0.20190776550105827)
 (1.0810753935963329,-0.15300278697094308)
 (0.95250561654596289,-0.012639719679995916)
 (0.98571830608372035,-0.20221021411888945)
 (0.74744901722671364,-0.10082617383913951)
 (-1.4718809113396416,-0.15989917143680032)
 (-1.22417395572248,-0.34884126321083514)
 (0.4614729760893258,0.11999987255820445)
 (-0.61966536629966407,-0.44564113666817662)
 (-0.49588308476018306,-0.10216997281297467)
 (-1.1466038856584473,0.39790726223118372)
 (-0.63958984619820103,0.16022549564561189)
 (-0.25247471332342186,-0.11265973929331956)
 (-0.97270505368725768,-0.21053952683487559)
 (-0.25480649748591355,-0.34952013692834044)
 (-1.1544585790321669,0.037726738051183421)
 (0.63156254232943676,-0.15345184657517127)
 (1.1886829700760517,-0.18307452029963675)
 (-1.7182625029291745,-0.38422664892086467)
 (0.11509824654132828,0.29399358088475769)
 (-0.53355372537009638,-0.44560840893843745)
 (-1.1955959469433162,0.068878143983536422)
 (-0.51037364461082857,-0.14813660168719572)
 (-0.98386434777162168,0.2823395634147583)
 (0.89603600388867743,0.10244264648732111)
 (0.71528065797922769,0.4670700175039964)
 (0.85713227153988092,-0.31058659405542)
 (1.6326218731138216,0.70707114120090386)
 (0.26540835918221195,0.14200352401555552)
 (-1.1467448394443198,-0.067261000237075486)
 (-1.1873762572141506,0.0019965679607135758)
 (0.63522211846752796,-0.51659025335436159)
 (-1.0777240162251582,-0.79523580756582835)
 (0.71438877992738892,-0.29238589685317645)
 (1.1394455871735185,0.15209405034787596)
 (-1.5136349241474805,0.24682427739984922)
 (0.29852862149334869,-0.14151235713186502)
 (-0.57789575780294422,-0.73403154784342894)
 (1.1191874815392915,0.050738017597792923)
 (0.40169302526269929,0.022096328277966884)
 (0.66391619294793935,0.77097572185866914)
 (1.2231099891078627,-0.079295535519664867)
 (-0.97677464632244804,-0.18982906694627688)
 (-0.58438656998277594,-0.13401194212396006)
 (-0.50953486317806651,-0.011186774382141275)
 (-0.85226932032621916,-0.061195967577992672)
 (-1.257191588907735,0.4335551567376244)
 (0.96026482874200225,0.058667706398175472)
 (-0.8636112283324382,0.17161035757206775)
 (0.77492166880490065,0.05611937155147962)
 (0.0013425012775349909,0.30358027816706329)
 (-0.88496030345883669,-0.13329072299157568)
 (0.95345846140714885,-0.37523849770258422)
 (-0.82859694977811293,0.43639457926824049)
 (0.46273552665710349,0.066542623308057755)
 (0.74777292854415733,0.14736829857250483)
 (1.3792075681255054,-0.17813311855483255)
 (-1.5397634278359278,0.25236769366096612)
 (-0.82688641240535987,-0.073184707334271626)
 (-0.19004419030791908,-0.37693712343522146)
 (-1.200629503122068,0.046728217969539992)
 (-0.21128162609547951,0.24973204113033667)
 (-0.73336928534980783,-0.33059315517496513)
 (-1.0894062330072412,0.49837426438768856)
 (-0.87228265092326218,0.39937210394615963)
 (0.82998293480310414,0.15317562285150985)
 (0.50660545784243882,0.23898542669993994)
 (0.66183396016314489,0.4938044613004347)
 (-1.4613841991568532,-0.0291478368515261)
 (-1.6202868209810239,-0.27682230097490579)
 (-1.217720275720793,-0.30483411770191693)
 (-0.48273334514102462,0.44768304265592268)
 (0.50837586798276302,-0.12859806232416068)
 (1.1058213331137288,-0.65902421613452755)
 (-0.52719309850391927,0.75427330493010636)
 (-0.56540401696410081,0.2191957404975258)
 (-1.0448790352258905,-0.22736076782577164)
 (0.74131809542642069,0.10667874028961052)
 (-1.057295672019128,-0.2576234027887363)
 (-0.92802915478577008,0.27548408240248584)
 (0.6943451730244371,0.38044929450590381)
 (-0.54976307928380397,-0.050254320280800097)
 (-1.3994591910418563,-0.32893945624609444)
 (1.3136761987647747,0.30366335976609521)
 (-1.0695955388612526,0.4741879946331225)
 (1.0426838103470353,-0.49394534531704343)
 (-0.9265727692819834,-0.2893548677861259)
 (1.501498631567864,-0.45224643630768024)
 (1.1848258159958385,0.31618425761709218)
 (1.2821761523071451,-0.17957450828403804)
 (-1.0027011150552803,0.22802223178512535)
 (-1.0991617704585142,0.029129539363579787)
 (-0.54904068597215616,0.43168385007694116)
 (-0.45976257980001067,-0.039176738266997496)
 (0.74797202761516268,0.42550635781246365)
 (-0.71883438002726763,-0.30494656788259383)
 (0.88208102572797586,-0.3910854253266921)
 (-0.18878625281562933,0.13181898518773594)
 (-1.3594908931254102,0.029562444676776597)
 (0.73084454977721924,0.15290930311770304)
 (0.89356351859224459,0.067907013080419396)
 (-0.81367092475676095,-0.17923947396338016)
 (-1.1871930491429383,-0.040103780713931052)
 (-0.88556125867830882,0.39420310363506117)
 (-0.53080315645763698,0.12936966526118077)
 (1.0522432765094059,0.19227589812958293)
 (-0.71111264307981359,-0.0063646930544618927)
 (-1.0107094446475875,0.25497126575338042)
 (0.9775466733034317,-0.41236514557408704)
 (-1.6151001804172207,0.54535136336360746)
 (0.66477898012430636,-0.43129337825723707)
 (-1.0794570910889236,0.39018190799763663)
 (0.75285944651067371,-0.15409651497571411)
 (-1.119478882207144,0.21451550072111336)
 (0.84383762030981257,-0.12330219516264415)
 (0.26302722374767029,-0.11719602340113323)
 (-0.83226674064335104,0.13341146470077284)
 (1.5950856725072706,0.38501289902110708)
 (-0.51857941433026822,-0.51893118496687385)
 (0.58133772733444777,-0.057815372247708843)
 (-1.5424280295336885,0.83200461351482535)
 (0.49795088645705454,0.3304081120817518)
 (1.159464225603958,0.28396996563834137)
 (0.93582745781878862,-0.24203099506762776)
 (0.46837006429541983,0.48644216883386654)
 (-0.73913253350534724,0.30366587707131532)
 (0.93693153913180127,0.39446455218901444)
 (0.31279715534551433,-0.00027693816143533934)
 (-0.90818029830573466,0.17285222617966164)
 (0.59288591769495802,-0.091936387377186082)
 (0.60162572960547167,-0.23139848427451165)
 (-0.021585776085195407,-0.36900230620455376)
 (-1.0254727046630547,-0.10212471298594111)
 (-0.68930378318245211,-0.14405991546909089)
 (0.87055391228793599,-0.055960879657451466)
 (-0.57664714135151118,0.19907349575137298)
 (-0.84490795009938024,-0.11248746163074116)
 (-1.0651682870404595,-0.66724756366007554)
 (0.83019288196634311,-0.028593811555138331)
 (-1.3364294830547536,0.60398783573377035)
 (-0.76479025402337575,-0.016451167884771307)
 (0.55937556608446193,-0.16358452581177774)
 (1.4430734555240643,0.50363526005668402)
 (-0.64416540527889721,0.010425565499622848)
 (-0.70178996039249331,0.42737239881683359)
 (0.81780415639069659,0.11273527910620501)
 (0.58604948676323088,0.75506957278613185)
 (-1.0290656526382158,-0.30865284770461504)
 (-0.54338931654963529,0.32882774236692208)
 (-0.79519514178131478,-0.27174384169042726)
 (-0.35682236675469003,-0.6337329224860524)
 (1.554468703932367,-0.37241180581492328)
 (0.9200380533946928,0.19283844651026547)
 (-0.99265756552062234,-0.74909975052925726)
 (0.26569937657179754,-0.086361766283031272)
 (1.1873346670780156,-0.57846936319477227)
 (1.1690190045027045,0.54823860596167906)
 (-1.621447677156119,0.29196197474197971)
 (0.91499596726653631,-0.078194116905218061)
 (0.26972696784957584,-0.27839006251735976)
