# Created by Octave 8.4.0, Thu Dec 11 09:47:21 2025 IST <gamana@Samsung>
# name: rician
# type: complex matrix
# rows: 2048
# columns: 1
 (-1.2395281305303396,-0.021381147980617056)
 (0.60625571824804392,0.23335613608947742)
 (1.0594691847597009,0.40038938198751256)
 (-0.70015395101413214,0.21102055924879656)
 (-0.56407664348402864,0.0012908240092374922)
 (0.65530313581532962,0.75538772074909588)
 (0.7884586946674017,-0.020747816432379225)
 (0.86216070178124249,0.305724042899987)
 (-1.2485709297210748,0.34783300349615398)
 (-0.21015222740152739,0.25486374245437093)
 (-0.67828697820604944,0.33766883190492386)
 (0.94665624174879526,0.20006495441388153)
 (0.32265949886170675,0.39566446076814199)
 (1.0158234148293412,-0.1144757287293789)
 (0.76000723929710445,-0.19097711947911838)
 (-0.90813684502814662,-0.73375606454188047)
 (-0.50438132268918046,-0.16668685619545029)
 (-0.66845249155837538,-0.2702184973395152)
 (-0.34727925316607799,0.22119572909148488)
 (-0.72709567333394276,0.042577593528239858)
 (-0.52272722017219286,-0.25521668599327468)
 (0.44710692308760258,0.74475373044449078)
 (0.77089357764888011,0.77991064990197811)
 (0.85234815835024014,-0.23990746908599736)
 (-0.70803597780866601,0.074926010858235692)
 (0.18448635994782914,0.1462420414754334)
 (-0.93237315719785518,-0.10817048046698208)
 (-0.47579511971082267,-0.5096742088131988)
 (0.70687962889941991,-0.20969267886097087)
 (1.0015159295819054,-0.35903752439827991)
 (0.92252173073604682,-0.21213703704581022)
 (0.68116551799335634,-0.28295334123876936)
 (-0.98158557703843496,0.2975369780967832)
 (-0.85716752339137392,0.74290043610446466)
 (0.59374222574393998,-0.24496745722285243)
 (0.48288736322953346,-0.39530151979912737)
 (-0.75161603128718923,0.058498135108452379)
 (0.818221199429641,0.023257282686862991)
 (0.48689840978973209,0.25040588695898497)
 (-0.54482355615941291,-0.30560097640891676)
 (-0.75110154233598092,-0.13437584980296155)
 (0.80262160070898292,0.053918610829556103)
 (0.9972556674850046,-0.35358087541317229)
 (1.4045867290304992,0.4353734661468095)
 (-0.9150589707206721,0.36193987116150844)
 (1.4782224526697374,-0.42015836407646412)
 (0.81595455549781726,0.23734274971302025)
 (-0.95692802344723782,0.49547729726189343)
 (-1.0927400209111473,-0.45573598937436677)
 (-1.2875076667743353,-0.12269980691410853)
 (-0.083031886649926001,-0.37335079166675755)
 (0.94496840007554783,-0.1131779002582131)
 (-0.38515033245960717,-0.58167584765190927)
 (0.5965364493802876,-0.71718244879799331)
 (-0.65229846245334211,0.1180747863390251)
 (-1.1440908982070497,0.17062071492212358)
 (1.4005025389928121,0.0043994808440267468)
 (-1.8332590743256825,0.024566515405456551)
 (0.25717508364564179,0.29472646285593246)
 (0.50367809514997119,-0.18745603633705921)
 (-0.79597390272710111,-0.11416625125264571)
 (-1.4823249096644364,0.049154506288465842)
 (0.98194743437986054,0.34917601671325282)
 (-0.6200556103252558,0.43805198326561279)
 (-1.802723089671908,-0.13050551266764107)
 (-0.93660394091019383,-0.04502207366845018)
 (1.127914588429439,0.11525570060722078)
 (0.54874567384644535,-0.17472976852901215)
 (-0.89707514586229264,0.30350226095131944)
 (0.90720762996901572,0.011347310508988117)
 (-0.77822892208580741,-0.41407759916339648)
 (0.82061503082476495,-0.028663750947840044)
 (-0.75943007111119676,-0.1928369954704916)
 (1.0034401507475128,0.18221260634707484)
 (0.71843020102281052,-0.18763420549601487)
 (-0.93738681474604257,0.12748228126325464)
 (1.1882988972726207,0.082145149422666791)
 (-0.34734729398155284,-0.14425769669342089)
 (0.10575263441624072,0.062126635062998745)
 (-0.28532496817375819,0.47891055902902113)
 (-1.1731071154426607,0.1618315773015834)
 (1.0512451975137318,-0.18844498661951306)
 (0.38270243926789166,-0.17545771269143071)
 (-0.93665538087513123,-0.54575824952861685)
 (1.4505627352857284,0.26495135780747625)
 (0.77714245120225112,-0.32685239682988748)
 (-0.63978703835878503,-0.57620521104914069)
 (0.41962998060668105,0.45809695390344551)
 (0.28797242277073987,0.28939594285885056)
 (-1.2182912335359182,0.17617340081989863)
 (0.79953833056333046,0.042758963122058069)
 (0.86161893942049539,0.72470845669653638)
 (0.49336948268847619,-0.42147562504631508)
 (0.49196408232003774,0.29901498585267511)
 (0.62767686136241985,-0.29239428857171107)
 (1.0438620827297371,-0.49839411751307344)
 (1.5371705801511162,0.52435115735323168)
 (1.3537977209205283,-0.56654695854422921)
 (-0.32658306885089394,0.17180485693865952)
 (-0.536298560892012,0.27604509921803178)
 (0.91783537598161136,0.024702296575445919)
 (0.74278187349764246,0.13427036898830347)
 (-1.0725014562953812,-0.54959641827170891)
 (1.4768919766567659,-0.33008083220976225)
 (0.87422867248206304,-0.19588933880723269)
 (0.4207357192942256,0.030482729830798187)
 (1.0657633383257998,0.83104390167797015)
 (0.51434164730038534,0.53378990359936129)
 (0.94490657009783874,0.094352284271330855)
 (-0.91971204708065402,0.031126290944926912)
 (1.3835281133226203,-0.12493857105736991)
 (-0.70274395163446035,-0.53166525708871248)
 (-0.8594355648548081,-0.50961179872566043)
 (-0.57138145900651738,0.39552596389392902)
 (-0.53358275758696871,0.14929443629855346)
 (0.66413434770799185,0.44418938593282825)
 (1.3259919656595034,0.30341985366978852)
 (-0.66191261913805999,-0.09887640819602983)
 (-0.75047577887674677,0.35872487063863906)
 (-0.85926838180199994,-0.23489067534282465)
 (1.3961825223460322,-0.4391144956177449)
 (-1.0656429274903245,-0.059986686573217256)
 (-0.49011924067505563,0.56838270981329742)
 (0.39895848305255732,0.41143557694071753)
 (0.19500066945546679,-0.12854088533645186)
 (-1.2930138939209286,0.32876122234597266)
 (0.25741477056082585,0.48097669775566909)
 (0.73110329328460477,0.35339229336173983)
 (-1.1561311359779591,-0.11771078184745333)
 (0.52440986890168029,0.50967176705377004)
 (0.8888214387476352,-0.46113937103258978)
 (-0.61766665512393681,-0.264708006662706)
 (1.0767538941436747,-0.33082441508338339)
 (0.26317678594729677,0.10080759281178518)
 (-0.74807574219842377,-0.59553518357900792)
 (-1.1749169280893548,-0.12024299527408211)
 (1.1830992407309124,-0.41157068113821554)
 (0.32641754561574865,-0.059013093003959884)
 (-1.0990872903614819,-0.20387388613578614)
 (-1.0449316905182182,0.018829946900473262)
 (-0.68337295512960072,0.20835525942683103)
 (-0.96220341868612203,-0.18493319018977541)
 (0.53654054781001159,0.22146061456213642)
 (1.240302918155378,-0.81102799981750762)
 (1.1290994544859663,0.4926576026308836)
 (0.63432435166921941,0.45653940825556699)
 (-0.26985096696822874,0.57986431316887677)
 (0.5848270456500283,0.51133856544151812)
 (-0.99160236223691223,0.017305931668138208)
 (1.1767773260690149,0.60354601223304993)
 (-1.4431185226109626,-0.22365077633003574)
 (-0.98413480859547209,-0.3459678368234913)
 (-0.2096229429930877,0.14979123341846221)
 (-0.76494456013556844,0.56655056419816796)
 (1.2536031368670844,-0.2950454209106565)
 (-0.84086701926390561,0.17373535070025356)
 (0.4753703065809658,0.24930996365266217)
 (1.5022684297626814,-0.0805568838697409)
 (0.88402861306320035,-0.19452566949227706)
 (-0.95996241748791333,-0.44761332247536584)
 (0.76978738381125034,0.16457381109936273)
 (0.73521291290155777,-0.26333582260592359)
 (-0.58675080870103691,-0.29281730840815734)
 (0.15865429025028566,0.17504777926915194)
 (0.36461607347650993,-0.15593328198914247)
 (-0.51233833437335097,0.073720827776488654)
 (-0.93747147193211144,-0.27768188742234845)
 (1.3724270504624729,0.4650474998637944)
 (0.69826665560268819,0.33594010065119945)
 (0.76782304845783789,-0.27164059136788332)
 (-0.90820819154049937,0.4500354275881886)
 (-1.1099237846602859,-0.27009105106678732)
 (-0.86835570911832649,-0.26387315764885327)
 (1.260486350633691,0.043294829089211284)
 (-1.1205043862659352,0.11427122145751299)
 (-0.77250496496849141,-0.037881645824849548)
 (-1.2152126403440406,0.0582214388548776)
 (-1.1974872967324797,-0.35587654309271088)
 (-1.8266411488149887,-0.11266007718965043)
 (0.38931675737846161,-0.34928589148290184)
