# Created by Octave 8.4.0, Thu Dec 11 09:47:20 2025 IST <gamana@Samsung>
# name: rician
# type: complex matrix
# rows: 2048
# columns: 1
 (-0.71044773817475693,-0.16913718326050364)
 (-0.89780698148908467,0.47319109643757212)
 (1.3553285500797185,0.15172749776599587)
 (-0.85710661920670783,-0.33753834555250034)
 (1.1336901076836778,0.029201125309127232)
 (-0.63355088976229124,-0.064933835739447873)
 (-0.94287461215626334,0.095952887773293277)
 (0.56156122004503561,-0.73976379000994208)
 (0.47122093466836312,0.33791298399569769)
 (-0.79205276049806494,0.54272997234661624)
 (-1.4664769731232119,-0.34514465288963447)
 (-1.0119024735517228,-0.17959078710738702)
 (-0.93530791382125411,-0.21302414028343472)
 (-1.2272862539671199,-0.80336593830996117)
 (-0.6538461695463027,-0.11305278858443345)
 (-1.406935713715715,-0.14592414145356516)
 (-1.7203558026295889,-0.53893817349054018)
 (-0.88108471675630784,0.84481549788053889)
 (0.059239305164457301,-0.42692476962792381)
 (0.40941169209987371,-0.15502810912668297)
 (0.80974962455479849,-0.046162795262459505)
 (1.1037800462836218,-0.36602115867577018)
 (0.70508419887008245,0.030673780725928582)
 (1.1763860282653096,-0.18648045064298713)
 (-0.1960402795597419,0.38378260474931414)
 (-1.0280947501976336,0.052146486843923263)
 (0.7653321518729832,0.24020121972742461)
 (-0.69302426892534896,-0.005530334899522849)
 (-1.07728757955454,-0.048255097494286442)
 (1.0364267929485669,-0.45809305888525709)
 (0.83438780240579946,-0.27704284842131738)
 (1.1533935015904933,0.42834946363159321)
 (0.95819280235933657,-0.01183733591188129)
 (-1.0408886543901679,-0.14555869673156796)
 (-1.0282357358647871,0.36343347613169702)
 (-1.117933995986639,0.24660411600138132)
 (-0.41093454133275187,-0.2352746576280195)
 (0.72388766738700117,-0.20559982433195401)
 (-1.1999311096755587,0.20705131542401325)
 (1.3945509128087434,-0.16920876831298273)
 (-0.92607992644257564,0.31204657743516573)
 (-0.84000895140312282,-0.28865486309780342)
 (-0.78828960974436735,-0.033701119865783342)
 (1.4158505950146618,0.41800230731226845)
 (-0.62956329765703967,0.42109693561753797)
 (0.027154836209123179,0.16922916285299333)
 (0.082855891104209434,0.54089358046639857)
 (-1.1399416638711561,0.33669160158059686)
 (-0.94054800938871386,0.4476867839801692)
 (1.79006772301274,0.45703807667898966)
 (-1.0126203034945025,0.45482594927618852)
 (0.88149510066009795,-0.098012780850103357)
 (0.69900101426272743,0.47168889785053869)
 (-0.25548453563799567,-0.1093350068241942)
 (-1.5995487850583339,-0.46818393731804597)
 (0.6801647484681812,0.22960718923068579)
 (-0.91957641104004484,0.16730270176641773)
 (-1.0001476594017915,-0.57183598772159727)
 (0.5080353737076102,-0.041510224731982043)
 (-1.1418343264275499,0.44502462796825015)
 (0.82425514803495081,-0.33502890456921447)
 (-0.20661499824530349,0.24851206968713035)
 (-0.55727320774596634,0.23303540264428979)
 (-0.39543106340655043,-0.26386675406957955)
 (1.0992255885754427,0.33038534970136479)
 (0.73222709981153933,0.076460182831211809)
 (-0.82366924831062793,0.40600678541419999)
 (0.37858003083858444,-0.17969164754306091)
 (-1.4716444339654258,-0.61535426365865442)
 (-0.89686076042982277,0.5382173930051225)
 (-1.2718248084269135,0.3645618289361699)
 (1.0204606971975669,-0.019181792909517527)
 (-0.56729683980648571,0.026628662018515433)
 (1.4680617190697141,0.16298734893546982)
 (1.172008698584909,-0.12769802797755564)
 (1.3910445448167539,0.27883078106848591)
 (-1.3155706581202913,-0.59862918109341634)
 (0.47383100955252644,0.32004235370458151)
 (-1.1914902469484965,0.22924550084640724)
 (-1.073028151151971,0.36502594191150717)
 (0.67708305882808806,0.32394396285238336)
 (-1.0652619945814674,-0.26984310264524591)
 (0.56413310320717169,-0.065700946219257608)
 (0.71463294176355485,-0.18563975023041993)
 (0.96615720029734586,0.47475976124869151)
 (1.38052430096044,0.068192163344844708)
 (-0.3144607702823482,0.14636179889783785)
 (-0.6496395473951716,0.37143266099129268)
 (0.60353756176373308,-0.49945533499488909)
 (-0.74489352905095929,-0.21724043071984714)
 (-0.75118968574463196,-0.13746297110670222)
 (-1.0000828831566559,-0.29353189187842121)
 (1.0307546047357741,0.74231546256446557)
 (-0.84529980266584759,0.40887790761643511)
 (0.63705741207219302,0.099550104405374221)
 (-0.80675564828583979,-0.4033674342688911)
 (-0.92295996663241753,-0.61203416525388998)
 (-0.30168296518521176,-0.03061357871531389)
 (0.42041073804467111,-0.35308564027095912)
 (-0.19359114132735566,0.021806070516952061)
 (-1.1472740602212834,-0.033659863458761541)
 (-0.30371783500905059,-0.26258576536393791)
 (0.45137056709060952,0.24615435431236971)
 (-0.78904637776036946,-0.31160460382249089)
 (0.39935001548092819,0.11010023419102784)
 (0.98819662237718287,-0.40952752597536884)
 (1.6993518320950813,0.044076299859255597)
 (-1.294860896660355,0.2223928889112369)
 (0.39229887445089784,0.086987546554115086)
 (-1.1241307949365789,-0.16477339807048386)
 (0.74859615923742151,0.041590302846397011)
 (1.0971972525934299,-0.402253974824194)
 (-1.0886736559565746,0.44445183098941676)
 (-0.43569835756780961,0.50266020289198465)
 (0.86924385464112452,-0.21767278477838498)
 (0.7499838242515795,-0.17257833658468508)
 (-0.28636644983855397,-0.12151217257247898)
 (-0.3807908679966025,0.16571581094218601)
 (-1.510942299229149,-0.15198674401519746)
 (0.50446247853407034,-0.0083477658799910454)
 (0.87866949374166836,0.77580720523110513)
 (-1.0984935469895776,0.24555879070910894)
 (1.7587427678963392,-0.055500557897165979)
 (1.0444881692710117,-0.14681084090522156)
 (-0.74299845502483808,-0.040192741317522429)
 (-1.199815529755192,-0.074716224847578436)
 (0.66870076697498082,-0.59528020830794171)
 (0.50981454905163048,-0.0061838887177008174)
 (-0.67556164062830082,0.3117612925924565)
 (0.69291020861537522,0.18572671799013846)
 (-1.3442004672034202,-0.33677913476785254)
 (-0.85662436123409991,-0.46409858430395656)
 (0.87788228914380451,-0.8564036940806119)
 (1.4300352679173023,-0.2494583107613676)
 (0.91160805491005836,0.46141718414349397)
 (-0.94514190517622998,-0.19004293205526965)
 (-0.72939101422410013,-0.33910606238253005)
 (0.65520846695297841,0.1717798789566771)
 (-0.5134571419518571,-0.02888364809614416)
 (1.1668227628792234,-0.44931148361324447)
 (-0.77920421720580035,0.61676736769088158)
 (-1.3282650125155548,0.065925811978640989)
 (-0.52285592483488696,0.20002404309271399)
 (0.83188738880337176,-0.19362142788321382)
 (1.0612314556662874,-1.0951041177030703)
 (0.45823163783046117,-0.29961907049531711)
 (-0.67114929301091752,-0.57671695465807915)
 (-1.3519293338295859,0.080280097038435222)
 (-0.93892133494886398,-0.31914719384592022)
 (1.3348655572292036,-0.3810449463208106)
 (-0.49440124556302828,-0.26105421068839613)
 (-0.077150336519237306,0.0077832664307786788)
 (0.97935277201000093,0.094655559838022624)
 (0.65642903175882006,0.045373900338764497)
 (0.64650472368056588,0.13569337924043173)
 (0.71880462564888836,-0.34988500986568966)
 (-0.84413963254908508,0.13190375834322857)
 (-1.4352558594019396,0.05612250389083151)
 (-0.93558584182354321,-0.031609153362933712)
 (0.35792848571022362,0.20846174072664325)
 (0.9672633986191389,-0.085909242957217746)
 (0.35615654235439398,-0.35203906003259994)
 (-1.092329381231927,0.024649272001173547)
 (1.2124616016410563,0.2309023596311143)
 (1.3203688117789487,0.24728886860623248)
 (0.10640671313415528,0.48423197393660156)
 (0.94668224400603318,-0.2576755532472142)
 (-0.43640354180255148,0.38820747898397495)
 (-0.77971391400020329,-0.25262408702373096)
 (0.77342689414704435,0.26078144963362659)
 (0.92741425090291341,0.24230527347324482)
 (0.38874082927425679,-0.15664346632741027)
 (-0.90842032160311448,-0.32767027307717539)
 (0.26120144355781072,-0.57340657615748658)
 (0.56844155730859902,0.33976514430809618)
 (1.0349829308334122,-0.18799874441183381)
 (-1.4118244441896848,-0.25940974307381931)
 (-0.80972459378315864,0.14399007322595814)
 (-1.0882164729384405,-0.19374735099492263)
