# Created by Octave 8.4.0, Thu Dec 11 09:47:20 2025 IST <gamana@Samsung>
# name: awgn20
# type: complex matrix
# rows: 2048
# columns: 1
 (-0.98388733335712331,-0.11375843403950486)
 (1.1048587002645271,-0.054656720356427872)
 (-0.97277138245277173,-0.098468221513099571)
 (0.87579722867299004,0.031659902346361506)
 (0.99940843344251695,0.0038002895034185795)
 (-1.0141171681994758,0.061500168049630613)
 (-0.99603923048350074,-0.044098334734771399)
 (-0.93610623211694044,0.058457927242140696)
 (-1.0574140269840775,0.023848176966149378)
 (1.0338994318018844,-0.088028502489697485)
 (1.0323109063940545,-0.052738878476456863)
 (0.88805988737121055,-0.027517927657196246)
 (-1.063998338102254,-0.041994706640054585)
 (0.98995170880975558,-0.0090273301169932329)
 (0.9363948908077151,-0.047798344181208909)
 (0.89120688567533013,0.081910103822678257)
 (1.1448913243475114,0.087289708050490383)
 (0.82089666104076398,0.026106886776237143)
 (1.098558848932798,-0.034952379874969769)
 (-0.91453011730892986,-0.040782218185469933)
 (0.93017988218436187,0.061968138597908132)
 (-0.92907907231568365,-0.046392882766638575)
 (1.1085153319294465,0.01349872407842489)
 (-1.0027319255204548,-0.01667098633171445)
 (-0.95820571749495176,-0.045591991903133192)
 (-0.99304711078337615,-0.047941880350065878)
 (-1.0396317363478824,0.1078843912962781)
 (0.96844273114398682,-0.18323630681688613)
 (1.1003789288917394,-0.032726919045643531)
 (1.0616309231769399,-0.068314138829816295)
 (0.95450352246801418,0.11212080421425133)
 (1.0397699670223142,0.11243411047243433)
 (-1.0398900469624726,0.10174279309032784)
 (1.0350530927527195,0.11434467261404933)
 (-0.92825334370958557,0.078216340347723429)
 (-0.96809652219253484,0.11464648981642048)
 (1.1518735619188589,-0.025647134747807145)
 (-1.1050787241748177,0.13825864266442606)
 (-0.79845435561514022,-0.047156328158881815)
 (0.90634218472797756,-0.13878584906805502)
 (-0.94333254389577303,0.008572575361456114)
 (-1.1568674472956268,0.11788878061545571)
 (-0.95917544497314422,-0.01259649755575927)
 (0.9650269254135464,0.014587722050945244)
 (-1.0590139803474108,0.049296749244322507)
 (-0.90267937092665529,-0.033526577574080112)
 (-1.1025332656922402,0.064554957802670843)
 (0.93752978907512607,-0.033056358290223346)
 (1.03806343357371,-0.0090359627839618345)
 (0.98685164791040059,0.0088297699467087404)
 (1.052798086047295,-0.097182069730217494)
 (-0.92551598676958402,-0.044447943319350446)
 (-0.95071796953110088,0.036888065311753371)
 (1.0939958020082721,-0.073377998832571414)
 (-1.0224250023131498,-0.054537861915366984)
 (1.0538440551425239,-0.04656495849929454)
 (0.99665034299949207,-0.021397265735393065)
 (-0.99023082871888446,-0.00014555938600689303)
 (-1.0129936128551396,-0.044384134343286696)
 (-1.0474933357089056,0.078976761694337816)
 (0.98508144028361888,-0.012298722562804664)
 (-1.05674658417822,0.085035801276396053)
 (-1.0486100017839559,0.0061272821569789858)
 (-0.94363337537365066,0.032625840427117019)
 (-1.0759917394675484,-0.016335901835418914)
 (-1.0573034094129201,-0.054425041718881753)
 (-0.93931205805353979,-0.017820351358457599)
 (-1.022993060462797,0.074681458670861331)
 (0.95211509412888506,0.12981599340965991)
 (-0.98540177100172832,-0.035357120437146526)
 (-0.94951198454724695,-0.020645751114595275)
 (0.99512446830156953,0.11738086184629595)
 (-1.0279468210922005,-0.017206503036684178)
 (-1.0157910410179352,-0.048591656012274775)
 (-0.99727706320266374,-0.077115769229755993)
 (-0.9665645823274901,-0.10190443841901786)
 (1.0509395534518005,0.12862071677299655)
 (-0.94871748403408107,-0.0406470727145136)
 (0.99085433268036072,-0.10060140758131103)
 (1.1823139258960818,-0.071475756653250608)
 (1.0285829524448069,0.030213151192003691)
 (1.111031096636826,0.063246682391438588)
 (-1.1030287797646745,0.10212945855910066)
 (-0.92865622666929593,-0.038393057555534189)
 (1.0863218506126682,-0.035128109236365279)
 (-0.89235514973941288,-0.074646225237465322)
 (1.0719008345665049,-0.068883287497948947)
 (-1.0757754489569067,0.0057200930562087858)
 (-1.0411800703354925,0.0051297902069064394)
 (-0.99576882244627574,-0.079331358486766895)
 (-1.0122737270896058,0.044725468751201924)
 (1.1192726938441548,0.07769367171886174)
 (1.0240180116325244,0.014708486789488754)
 (1.0702907995422057,-0.011937613959672806)
 (-0.88761012030971309,0.037497870337364562)
 (-0.91885139997115917,0.08062748426473218)
 (1.1045474336351639,-0.04664849024297793)
 (-1.0861835098715602,0.06422944753565682)
 (0.95175458816188241,0.029973221455557249)
 (1.0488248454955289,-0.056966761558586487)
 (0.95673408235737956,0.060869032311801491)
 (-1.015722144302198,-0.098988226762225615)
 (-0.90121146930721396,-0.0025748317634345565)
 (1.0905524584573263,0.11099488831034554)
 (1.1018234623623682,0.079161401149594648)
 (-0.91118672464895256,-0.035444277501930736)
 (-1.1119648957558719,0.035586781139529039)
 (-0.96118892446178972,-0.026873187544202093)
 (-0.84019409676378687,0.091840308418587258)
 (0.99954731645863326,-0.078659111741058871)
 (1.0655121599200565,-0.0026731183169114744)
 (1.0176333735256771,-0.038372623947124422)
 (-1.0090042231138661,-0.10270084036422898)
 (1.0514187197126368,0.10775926005827821)
 (1.0675397245251628,0.060834659811319483)
 (0.96402859354765646,0.077235623183017216)
 (0.98760340202584751,0.11644914070313594)
 (1.0115027101706655,-0.014468157402165184)
 (0.89372592606619727,0.10399580206855186)
 (-0.99045333716733275,-0.094327663932199921)
 (-1.023362104870889,-0.035008723906507555)
 (-0.80899626316558271,-0.0066890209418442583)
 (1.1462866382956074,-0.16493781125299703)
 (-1.1729098283530353,0.01227569866806557)
 (0.95935630047428211,0.12090108246727399)
 (0.99801327157750208,0.039885977939442201)
 (-1.014890396988517,-0.052823201387151179)
 (0.93865962339732445,-0.12624079203691183)
 (-1.1394087455936297,-0.0011925151140164119)
 (1.0763594392461509,0.030181013626911998)
 (1.0227586981779317,-0.034034069804017485)
 (-0.92886799417948207,0.10907682654205748)
 (0.98474369128663708,0.11440145009025925)
 (-0.99150855098295576,0.068423077973892049)
 (-0.97023180730995628,0.013846889125935466)
 (-0.93983788414469815,0.024920392791476644)
 (1.0441582229677968,-0.034376127599106764)
 (1.0847229184178282,0.097597586462358929)
 (1.0194380115010246,-0.11839480211346878)
 (-1.0831909425319386,-0.059525804917934189)
 (1.0795552364862304,0.11409257362559283)
 (-0.98805478629165366,0.004841654069679454)
 (0.92024631879595375,0.0094895955979204805)
 (0.90835684578611886,-0.09975665634913021)
 (-1.0261175670390861,0.028073593741342287)
 (1.0144136090637206,0.043366213597503117)
 (0.98299420179595676,-0.14521462396702128)
 (0.93345251776817362,-0.014346369705735865)
 (-1.014764286241173,-0.077717354587227894)
 (1.0657865687175074,-0.0076145334335489716)
 (1.038119566323638,0.15197949660721466)
 (1.0357794983358151,-0.0029567545293483059)
 (1.0362824678342279,-0.18246955796651093)
 (-0.95488609269921021,-0.052103528981966241)
 (1.0009835797475224,0.2544971520860933)
 (0.84935067016899179,-0.023161569119965988)
 (-1.0556632010677505,-0.081787858085883888)
 (1.0337212149989454,-0.043072401305709801)
 (-1.1295312218726974,0.006471210722797039)
 (-1.0725383503303925,-0.066318784014858023)
 (0.92892226056716543,0.067998753408352042)
 (1.0464477000768186,0.042095278963790499)
 (1.0638674412484062,-0.10990256924254954)
 (1.047183387918238,0.13328758862721607)
 (-0.9609227970954447,0.17289129485408913)
 (0.99167708262853405,0.14995374936384673)
 (-0.96109219113474298,-0.047906922064500895)
 (-0.95767789477631293,0.011395753929792618)
 (-1.0845559923327677,-0.063852750958711471)
 (-0.99066138036716356,0.060435017474445796)
 (-0.8879538902013171,0.030962677215207002)
 (0.93562042938484025,0.041512476054096373)
 (-0.94463896949719584,-0.043097711057924988)
 (-0.96680456897890021,0.14000157429078761)
 (0.99458951638623905,0.059344144694236392)
 (1.0181256770105838,0.0043154991025333217)
 (-0.97008466913801894,-0.034067718690424284)
