# Created by Octave 8.4.0, Thu Dec 11 09:47:20 2025 IST <gamana@Samsung>
# name: awgn20
# type: complex matrix
# rows: 2048
# columns: 1
 (-1.0640735756465085,0.031409036688015243)
 (-0.91510538900510685,0.017428829570970871)
 (1.0093277239673286,-0.040422421863706974)
 (0.99811878209646421,-0.05197893689247407)
 (0.98370232040587025,-0.17102921025757864)
 (-0.94160790395134508,-0.01741614536777164)
 (-0.94200356297410104,-0.063249121462554389)
 (-1.0738014072034197,0.1546550068133728)
 (0.95824516028303541,-0.10289695930467171)
 (-1.0228308937842316,-0.16282735035532786)
 (-1.0311656999709939,-0.064796188275167269)
 (-1.0416771300082728,-0.011937271961145664)
 (-1.1398235191626793,0.0087256175263346076)
 (-0.91114194954675409,-0.022244855682528035)
 (1.0998198265518702,0.041489918942334947)
 (-1.0621281761140362,0.04400215393776169)
 (-1.0030384876847742,-0.019897529131167824)
 (-0.99194675291144385,-0.086262659509755479)
 (-1.0625751949785842,-0.087700832381902183)
 (-1.0560236575437745,0.021793391129452173)
 (1.082371831451888,0.053376480836440143)
 (-0.99804888406792802,0.097407211269762303)
 (-0.97217764580406574,0.076390614249595645)
 (-1.0299347816186288,-0.042188435745453279)
 (-1.002704632544676,0.068686294029329964)
 (-0.9229674989287302,-0.11259762657911719)
 (-1.0177544834215186,-0.017090265364183215)
 (-0.97002020626612051,0.022375635639656794)
 (1.0430090770079419,0.041756493080411822)
 (-1.0110162317470233,-0.14146433678914011)
 (-0.9680129614288232,0.032666890123357911)
 (-0.92230461334950342,0.038967941574087631)
 (1.0318472343774436,0.013979382624007622)
 (-0.89681778900615905,0.034868171714630511)
 (0.84041386819866171,0.086781431905726791)
 (1.1252708078062139,-0.0044900208094239662)
 (-0.99876138578025919,0.088869556124580404)
 (-0.96616772899941228,0.019863890515091895)
 (0.98125485028157511,-0.04893714513813837)
 (-1.0034731915984225,-0.089036649190694719)
 (-0.98452332801485043,0.069979987227000204)
 (-1.0345692741781185,-0.010032143857014113)
 (-1.1478485745992311,0.060307782391717274)
 (0.98040448973518579,0.029930901492008857)
 (-1.0009464507143944,-0.10753804929616627)
 (1.0748047753063275,0.014334115167190971)
 (-0.90450081994079856,-0.025838596785507557)
 (-1.0549958807783013,-0.0214780217071186)
 (1.0364223234017653,0.024101005515811846)
 (-0.88849414150225225,-0.040554339183406202)
 (-0.93606905070991697,-0.062566965699163507)
 (0.89786876393097592,0.0033785848877276102)
 (-1.0629887999279863,0.076730249786863172)
 (-0.94567839720035241,-0.14624297705250539)
 (-0.91016812400832703,0.058841570827942002)
 (-0.94171374897477089,-0.0030429526773964083)
 (0.9820563804684439,-0.0091681682577559164)
 (-1.0662005455390833,0.0075937846399370575)
 (-0.92370221835650224,0.077394669776152919)
 (-0.93939802613907308,-0.061750815725611523)
 (0.96329903393514982,-0.14620905520128288)
 (-0.93466348316737513,0.088729577120471179)
 (-0.92310613826967902,0.044859799715219389)
 (-0.96771761219910857,0.095373067008260537)
 (-1.0358613292335954,-0.054784364416051091)
 (0.89596304196250343,0.12014981862694574)
 (-1.0774167859716597,-0.027131414576893994)
 (-0.84746370356740652,0.10260764486822449)
 (-1.0839907532245565,0.051417745474904498)
 (-1.0023643170467045,0.020040008997819634)
 (0.84970024804385147,0.015323231905960145)
 (1.1307462961385799,-0.054672397899662176)
 (-1.0722552972527719,0.071417482551279221)
 (1.0063587591322498,0.00013479332283076608)
 (-1.0539700594400887,0.14519210085336429)
 (1.0229723286332155,0.13226974120965201)
 (-0.99703373406837592,-0.15421800400645105)
 (0.80140678866692583,-0.1432436373690251)
 (-0.90548114521824874,0.018022625233441947)
 (-1.1299954964992533,0.071868873627166568)
 (-0.94854853212056711,-0.013903500205969702)
 (0.98099239725240561,-0.08566502940284125)
 (0.93699012543373605,0.075115595519151174)
 (-1.0563921193973878,-0.035586922912693067)
 (-1.0370443235496776,0.041595002464569632)
 (-1.0475174548817083,0.014769246614193208)
 (1.0314198098661878,-0.0031489392387295204)
 (1.0075842836000919,-0.085550224765305424)
 (0.93585376904919981,-0.098757701862541708)
 (-0.96036883871977907,0.084454563194605106)
 (-1.0546031402635498,0.067407621268724321)
 (-1.1401811272982956,-0.0093946767072796353)
 (-1.0278578153820268,-0.12677012725871972)
 (0.91048393075838052,0.10043890228490066)
 (0.92476076811106966,-0.080468321835740583)
 (0.90245352995642492,-0.079903943252182266)
 (-1.0188288462838102,0.13860924269639327)
 (0.85963781164782227,-0.0043387094341937309)
 (-0.9302360140451964,0.030459821376323699)
 (-1.0811284151927498,0.083957805462848048)
 (-1.0739787240653544,0.015629473692050571)
 (0.92973194086377664,-0.012864054809111828)
 (-1.0280447390776615,-0.016565523901244633)
 (-1.0494541596098543,-0.038886073358106669)
 (-1.0689421544520585,-0.0084460640612871347)
 (0.91797486449312871,-0.0076417439386851213)
 (-1.0951549166457064,0.10774774358453228)
 (1.0014215670483377,-0.12061525290599405)
 (-0.96926747392598867,-0.12419159552451478)
 (-0.92710254409890147,0.0076578788713528162)
 (-1.0246424209620735,-0.028535612568309939)
 (-0.91150749136295484,-0.015920062921304708)
 (1.0433188313842789,0.045077462340700619)
 (1.07436013528201,0.078214859735152534)
 (1.0348191496856198,-0.12142153729860979)
 (1.0407945216082433,0.018595349597988958)
 (-1.1169792460333878,-0.056332459755967512)
 (-0.91045599095116947,0.019885796878330472)
 (-1.0295870877756637,-0.14132179283433816)
 (-0.97207187581401755,0.1812786128183993)
 (0.94298434265387188,-0.075066792785326075)
 (1.0501784847881805,-0.14907140537292407)
 (1.0520673600184303,-0.007898372161893456)
 (-0.88817008869861946,-0.064048813568675353)
 (0.96714783407752114,-0.034866947236769516)
 (-0.89933705483152815,-0.10097489011393375)
 (0.92629334638161753,-0.010020915039687071)
 (0.95486634821738647,0.071606418373177771)
 (-1.0010212493666122,-0.0089741933358565649)
 (1.0138203692144259,0.09096839260624863)
 (-1.0639518093986942,0.04139485433999196)
 (-1.1473756916490605,0.01409035732813501)
 (-1.0251130116280713,0.098307597287577167)
 (-0.89392781529800636,-0.063311670088648839)
 (1.0130413729012246,0.016262634591540513)
 (-0.89204989153535341,-0.014382546242229864)
 (1.0378552264999661,0.052173142480479086)
 (0.87971284414990758,-0.053411430434806423)
 (1.0272033763253765,0.034083273686980824)
 (0.98721646820638465,0.17609467955638203)
 (0.91856278438373351,-0.0072061505802313271)
 (1.060960398288062,-0.021319621914390796)
 (1.029912685928275,-0.0037086854683536855)
 (-0.88025777281728901,0.010532001959921912)
 (1.0358984158883919,0.041731952533742088)
 (-0.94125650761340318,0.040334709279138563)
 (-1.0501264882465113,0.071079591674993212)
 (1.0893932159934832,-0.060508606905989019)
 (1.0356027634147582,0.027568391224390032)
 (0.91029307142809956,-0.044266433343410544)
 (-0.97260533239693558,0.0021151367215402179)
 (1.0381419038962243,-0.088968946675973271)
 (-1.0791359022647595,-0.068285484087265258)
 (-0.97999121380922449,-0.024751182041720686)
 (-0.97027713987297393,-0.031728949416657298)
 (0.99450942717592827,-0.021314228698028462)
 (-0.90361496645112238,0.11363853918200745)
 (0.92695095707580133,-0.076976412418582357)
 (1.0790616990642132,0.048506215258430602)
 (-0.90930390974486996,-0.031167922148557261)
 (1.003225983875069,0.019556923131619719)
 (-1.131579850998808,-0.10138332959776473)
 (-0.8922502071610281,0.130794566665591)
 (-1.041156567422606,0.039706610290709952)
 (-1.1367144807733802,-0.038635093732694532)
 (1.0521295297208944,-0.029499529888087475)
 (0.88407359543962016,-0.11333237779970409)
 (-1.0033148982287443,0.13717578601499877)
 (-0.98387512381147768,0.15819300195413785)
 (1.1196434073731025,0.073466045292411242)
 (1.0197601324134706,-0.053261920514500793)
 (1.0390992227999538,-0.095996868993223877)
 (-0.98272231823292744,0.022446361832432354)
 (0.90807887226414397,0.092981587709237326)
 (0.93300866108365244,-0.035965952625966621)
 (0.91230694930145928,0.042045854328308478)
 (-1.016005668137288,0.17548903422811002)
