# Created by Octave 8.4.0, Thu Dec 11 09:47:21 2025 IST <gamana@Samsung>
# name: rician
# type: complex matrix
# rows: 2048
# columns: 1
 (0.45159927029684149,-0.38006956637616562)
 (-0.90555458000918909,-0.43058560313506417)
 (1.4683461978390953,-0.018638550446433141)
 (-0.38423936656007118,-0.1431837148118992)
 (-0.83667945267635835,-0.11039302176611418)
 (-0.39034939853773287,0.35576727248409923)
 (-0.81820515668517313,-0.29253269567485685)
 (-0.99878668004050186,-0.039973591053538961)
 (1.0024057920194238,-0.011110323699526161)
 (1.7002108779369693,0.56609267527473273)
 (-1.2311536587284071,-0.054381677250362942)
 (-1.5048930128985623,0.068477119568427211)
 (-1.1414268000068339,-0.68034847900424311)
 (-1.3611647647622791,-0.19528945467266312)
 (0.49392925648017866,-0.12757421563278776)
 (1.3845989258205755,0.38737636571255007)
 (-1.0983401965717516,-0.30046548287968233)
 (-1.1642973440938993,-0.140486001555992)
 (-0.85471642064662134,-0.31298374732672163)
 (0.36221018423123763,0.2446853265211914)
 (1.391774142314377,-0.6452091431927276)
 (-0.28816892865827903,-0.074077800876281144)
 (-0.15967996390585071,0.43930146254696861)
 (1.761649433606354,-0.04275066747321906)
 (0.75560150292948114,0.22500685308473456)
 (-0.74983473473924478,0.2709897778993085)
 (-0.74393172268231089,-0.33924397851841004)
 (-0.68878747416750319,0.10030390629648432)
 (1.1166731448962199,0.27553224027045414)
 (1.2432419926861589,-0.40596489816212267)
 (-1.0929382936705738,-0.42713328866068373)
 (-1.0872153276288639,-0.37281617431123204)
 (-0.62258653346743731,-0.56538576346618208)
 (0.13170487736906256,0.29272743063047074)
 (1.7998176400989183,-0.68104594070556257)
 (1.0510350021049566,-0.22328811602158338)
 (0.98287361126277317,0.13453906128731963)
 (-1.401992384185315,-0.20402569840008214)
 (-0.88958732373272686,-0.73463451469921048)
 (-0.58061931877404416,-0.6014773163201117)
 (1.5058845543646364,-0.3194843944025576)
 (-0.85825227329426113,0.28231171345323225)
 (-0.51390069001946559,-0.24537900311796884)
 (0.7589998757071893,-0.56062800913280431)
 (-1.452511853211496,-0.38607929292080517)
 (-1.2400104404814747,0.71474830288308167)
 (0.7218785874140663,0.34181997384384682)
 (0.73062101328425633,0.091989429411294885)
 (-0.21102957713075965,0.032267922714385187)
 (0.33286265642058355,0.51153375575632198)
 (-1.4472306334895093,-0.39362401220037935)
 (1.1291946525651799,0.53795312716193711)
 (-0.50943805798645314,0.70608439954403313)
 (0.73304755689464107,0.65714382436591368)
 (1.0815855302072543,-0.17881642873663531)
 (-0.53610834676110164,-0.59279496669928944)
 (0.55268007517582562,0.040703307980784434)
 (0.36160701116684824,0.14085482159297147)
 (-0.89118422985668655,0.054029641591589392)
 (-0.98678186110091104,0.2684654123766359)
 (0.1650295348697608,-0.090205105275191697)
 (1.2572034792312361,-0.54447703807068093)
 (-1.030904921135479,0.24372594918883375)
 (-1.601434377407569,0.23410122428480018)
 (-1.0706379411003744,0.17091325199206797)
 (-0.82992695478157064,-0.019453495160373351)
 (-1.6900805824786993,0.044082659945829009)
 (-0.84699953774002812,0.44764919935486985)
 (-0.57027227997663532,0.24670954386717131)
 (-0.3895515578376551,0.24613172056739724)
 (0.86811267151632665,-0.10372005193694817)
 (-1.0338399714637336,-0.2593645365672278)
 (0.44463215317263705,-0.081358335265827642)
 (-0.59460260208254412,0.30775148813917746)
 (0.39881958500576259,0.59492371540359479)
 (0.68093950415699989,0.05438197685989505)
 (-0.87464240540430982,0.68168672102713401)
 (-1.7203074594031458,0.012389577070102038)
 (-0.84534154634697312,-0.016437564143426689)
 (0.92156260507135701,-0.14931311316021328)
 (-1.5627785352125696,-0.52372664841278971)
 (0.99272293058888872,0.116633661811596)
 (-1.3038923475647906,-0.21553321775382597)
 (-0.45070840098297332,0.24443042607859758)
 (-1.3990453949757082,0.23928187043639809)
 (0.76094093888213332,0.62620916610797328)
 (-0.80286458716538855,-0.40396639808173113)
 (-1.2111004000452186,-0.13210481037965852)
 (-0.70042318811452686,-0.054874967103956021)
 (-0.96771299232055186,-0.031012226530308072)
 (-0.82341148900428074,0.24088969595921092)
 (-1.343659662999835,0.067019184484192959)
 (0.67973564761439642,-0.12267948378312381)
 (-0.52550344042770425,-0.02326254999151545)
 (-0.60386470008577109,0.4685171293989826)
 (0.58678537384718354,-0.31937758814488293)
 (0.35999502651164794,0.14254570920436793)
 (-0.70963328521621494,-0.25980662528288162)
 (1.1918412588998297,-0.39502009471095667)
 (0.37715116205569343,-0.35059531981174408)
 (0.63721058639831074,-0.32139240703504457)
 (0.54964160186120248,-0.17736605148133625)
 (-0.47463921711333396,-0.083297221650100728)
 (0.9752938995953403,-0.1118666281085528)
 (-0.54838950703988876,0.64728068812996142)
 (-0.43089751631706952,-0.12120006323752443)
 (-0.96555103697827727,-0.077452805065135022)
 (-0.76593144470264374,0.60117382871230529)
 (1.0183108666731875,-0.49629160065702937)
 (-0.77389552911494097,-0.047543615069166247)
 (0.80456846181550223,0.25419865261960389)
 (1.1737160993473086,0.41363099047512691)
 (0.0054053940980066661,-0.65493651306288803)
 (0.87824287366424958,-0.39044285283417351)
 (-0.90600958032471457,0.19397913588387844)
 (-1.2202641825859859,0.24155535304192088)
 (-1.5490865362899269,0.15793355944234549)
 (1.2090210869790201,0.98371944969142244)
 (0.68762746459969737,0.66342195221600508)
 (0.33262414671464258,-0.034959820589694837)
 (0.72660492030763146,-0.13395591370559345)
 (0.87136870885746753,0.58405114432850513)
 (0.87885288705899534,0.60315176566403594)
 (-1.6356831050040863,0.072174427683574474)
 (1.6081219335362618,-0.045490564700114498)
 (0.34291095596279597,0.05613782196169162)
 (0.043588513909361137,0.3980870831416487)
 (0.87028526486784197,0.39421536092046111)
 (-0.56007158711587257,0.18298155450750384)
 (-0.69889278063661819,-0.073427801291738579)
 (-1.748051782492245,-0.87253733501850861)
 (1.3506408787371054,0.030091216314669739)
 (0.91143614483245494,0.0094573005138614465)
 (-0.36392581925438106,0.52401295956606919)
 (0.68251734369457351,-0.086066168042038968)
 (-1.1369234160316448,-0.057675565247980676)
 (-0.93201346921144768,0.32122264644033832)
 (0.91063314509578286,0.42325614131808065)
 (-0.81009766657700899,1.0126951021105848)
 (-1.4611347881558052,-0.6445855093947207)
 (-0.60253985116758413,-0.43843184639209726)
 (0.81698967114282361,0.1166352908305489)
 (-0.93873877019903251,0.014751738834819504)
 (-1.1006937028509156,0.18140166367050212)
 (0.72991948978446197,0.26405754428599293)
 (-0.95194201507228948,0.23099479449397897)
 (-1.0744199940527857,-0.27420115034999548)
 (0.62951366594239622,0.11582549163123496)
 (-0.80164185141241673,0.3578858116788578)
 (0.92306712789354695,-0.17002026772554962)
 (0.25404024238562084,0.49316148168301077)
 (-0.72671836086333863,-0.80657977998473041)
 (1.0101334214155773,-0.24555930810921744)
 (-0.65698239113529877,0.0072065968646053474)
 (0.6676489716053271,0.43781349964337479)
 (-0.7945010867347303,-0.099348418109161216)
 (0.61273847504618439,0.36215953026801789)
 (0.39116080895556704,0.0510034190876337)
 (0.82305260923623569,0.005629829747234018)
 (-0.54944939530153558,-0.16562733318216596)
 (-1.3125352663414891,0.17821509386946105)
 (0.34797908104699105,0.0073381829234544513)
 (1.3668481582323015,0.033564700754627863)
 (-0.72987400719669793,-0.68454258802135814)
 (-0.53780511559393096,-0.26451672601002874)
 (0.97263736925071476,0.69251190949097363)
 (-0.95194354600866937,-0.085092426895166731)
 (0.89179143533621097,0.14480967822770577)
 (-0.33091059161576553,-0.11109252908203948)
 (1.106576031179777,0.10999018713839369)
 (-1.102900890923403,0.23172385582297347)
 (0.96913716448970255,-0.060391373275027256)
 (1.3517682218670117,-0.21638863969132813)
 (1.2591296929202427,-0.23822166708491516)
 (-0.91342086793171717,-0.40611368723161201)
 (0.081973059267462345,-0.61474587813762549)
 (-1.279706628099416,0.60559240875801268)
 (1.115699383468437,-0.10879145203172688)
 (-0.75642500746426189,0.27573931762389703)
