# Created by Octave 8.4.0, Thu Dec 11 09:47:21 2025 IST <gamana@Samsung>
# name: rayl
# type: complex matrix
# rows: 2048
# columns: 1
 (-0.3740359575359406,-0.32501240812942139)
 (0.47581787903960432,1.7964346093605508)
 (-1.9476487592778866,-0.6236452331764607)
 (0.7534490914751677,0.89943168287040598)
 (-0.51930987129573802,-0.49337236672824825)
 (-0.12015086424971309,0.042620556321970975)
 (-0.37957230070305326,0.84611490786169552)
 (1.0275247264901979,0.36415211515130907)
 (-0.25791564594739536,0.37845109623658785)
 (-0.28251769068490362,-0.67059905240500706)
 (-0.034896852478168858,-0.38168135382100543)
 (-0.82156041261709967,0.21567757405001001)
 (0.91236081400625624,0.05452745961213791)
 (-0.25708465609777598,0.62096334648381213)
 (0.40357006832614795,0.84983046279701535)
 (0.48247448094104328,-0.0027765071752196007)
 (-0.093566616242332978,1.0997327993215287)
 (-1.1859500969068966,-0.91129790717763504)
 (0.82002643227378047,2.0553219048702576)
 (-0.39894317436480431,-0.91098777075248927)
 (-0.62679529630890529,-0.29315681084406198)
 (-1.0059556577849045,-0.39574051597427568)
 (0.73091086318265841,1.0022684056319247)
 (0.0074863707662810881,-0.93432035496310362)
 (0.52406420255498831,-0.74222836544218496)
 (0.7528517849932469,0.68905788639780186)
 (0.91388394124996297,0.92627292362493407)
 (0.61922956183895916,0.60345224038686629)
 (-0.70460384924953301,1.5969853490424284)
 (0.11479242047183655,-0.24263283123246707)
 (-0.027463716862273696,-0.88011982791557741)
 (-0.53512496693170153,0.46923049730260669)
 (-0.082490991854803714,0.53429445318540159)
 (0.45507922116740923,-0.24865398065848809)
 (0.96510015326965881,-0.0033981111940295256)
 (0.50732363655756352,0.56995278366534918)
 (0.46584482649794412,0.12160234712510758)
 (-0.63174022734829871,1.1322322683514949)
 (0.072561717411960949,0.69612108899731961)
 (-0.85023424821771221,0.48838843449791891)
 (-1.3192812349562641,0.24949541562398786)
 (-0.40962936558236512,-0.7418590084057235)
 (0.63851759077780457,1.4157903780305181)
 (0.78601867271414372,0.78020763490810663)
 (0.49933351333908127,-0.12953938364096096)
 (-0.034738942024829168,-0.32888618612408299)
 (0.45634839576825531,-0.56208547685073851)
 (0.96314651392230466,-0.26935506276888732)
 (0.041313653209289397,1.1516703202265084)
 (0.91000271878202987,-0.22140695997275581)
 (1.4228982331380469,0.40046822134259469)
 (0.26810948988275352,0.13356065408011752)
 (-0.28444036504796177,-0.76113948787809993)
 (-1.1001915146502823,-0.48886843929706292)
 (-1.0756221486011481,-0.83337431861664335)
 (-0.54909413691083719,0.40685927817953083)
 (0.88404560974150681,-0.56804526394444732)
 (0.20181321092928303,-0.53793892964852774)
 (1.0838996373830629,1.2087237544104175)
 (0.0023097389076119708,-1.555381290747748)
 (0.83554013497658775,0.51267825347753715)
 (-0.041013943043414949,-1.3006940166752332)
 (-0.58073995896900343,0.29676584347871554)
 (0.6761039532600942,-0.73624013662163956)
 (0.96587747902267951,-0.13420327242712396)
 (-0.53115845517047833,0.50281901025501108)
 (1.0141098153880619,0.29991216397883691)
 (-0.085591069745801579,-0.41913729495754243)
 (-0.12842440192711232,-0.71513254163255557)
 (-0.35947813125791855,-0.29921092875910488)
 (0.46428697120145346,0.47328624951341841)
 (-0.40708055154591155,1.0241751943008788)
 (-0.99618606976448143,0.041870877234293856)
 (0.11617736339906132,0.30711230842232007)
 (-0.30992327508397821,-0.033420913878253702)
 (-0.90883076832184839,-0.29242341788780224)
 (0.66114776304915657,-1.7091038593896648)
 (0.36337694940328624,0.96565498527355498)
 (0.52335771016047417,0.076259411562332041)
 (0.99463055068199757,0.020685378771854869)
 (0.19229266197184625,-0.096794628760762377)
 (-1.1535207346378407,0.87891031712630152)
 (-0.35158335869900992,-0.01477134041679661)
 (0.481721069545409,-0.49816706844890285)
 (0.38101992513591121,-0.079981981404537578)
 (-0.18454069318822167,-0.0013772750015321484)
 (-0.29673477788822511,0.098243644178203499)
 (0.33532097568870955,-0.0049038981465541163)
 (-0.22093555265325393,0.67151867469400206)
 (-0.85001534609723683,-1.5195631740791367)
 (-0.69895358364626503,-0.49294384940146879)
 (-0.42854673599209192,1.0172833073126695)
 (-0.32654632723356858,-1.2699854349487276)
 (0.058728945206161565,0.33276204621457134)
 (0.76182879147590588,-0.43710402062900999)
 (1.0676946376246843,1.054889135091156)
 (-0.35200889654549911,0.73309428386586672)
 (0.0071973210500342159,-0.31676479726193379)
 (-0.54368088846981799,-0.073519154989109964)
 (-0.27507659161725889,0.85965997103209435)
 (0.46846184734605745,-0.71721210513978262)
 (-0.15971477398269782,-0.0083180028682993574)
 (-0.30729860474276349,-0.59408855188454202)
 (0.63326601028385643,0.63104760418388128)
 (0.42342386531206511,-0.1538589407421273)
 (-0.24725469483011653,-0.24278392060092033)
 (-0.099199134601944225,0.72611217909139458)
 (0.39540364814425788,-0.095059032443165839)
 (0.7236381120373625,0.3107861867344231)
 (-1.224799893497285,-0.73133979819070671)
 (0.078364477123814891,0.18504020926097878)
 (-0.11137452269746219,-0.36625458645074321)
 (0.5891349397036536,-1.3809020663120806)
 (-0.18943065238655618,0.18140127864965272)
 (0.094015848513290465,-1.1058281316946954)
 (-0.0023908109926446776,0.2582526594544306)
 (0.13389674633229093,0.046184464278281358)
 (0.21146971288477476,0.45155670863865011)
 (0.64837565281331788,0.20715351777419466)
 (-0.92474370967566499,-0.23469763682258168)
 (-0.66987251346751742,0.21297815664853326)
 (-0.25581279847817345,-0.32601302460543824)
 (1.2911659782677143,-1.1713368934540709)
 (0.48918520967960888,-0.96911000957678806)
 (-1.761688787449025,0.85770729838442072)
 (-0.47082694843978012,-0.75668907553134279)
 (-0.45061172930126892,0.64314357433940927)
 (0.80968619181440704,0.22307900276605652)
 (1.3236344046151225,0.11609556308271707)
 (-0.68798599939614258,1.3578385080658433)
 (-0.15553424492308915,-0.47207776913107841)
 (-0.19636652386000406,-1.3322461249103064)
 (-0.35285576031620436,0.59937735047348117)
 (-0.46898219776214572,-0.52914389866510225)
 (1.4141849184537409,-0.80047727116456724)
 (0.68148168242396978,-1.4809943010819739)
 (0.24114487918815231,-0.11552306318897596)
 (0.48795399813884938,0.12413869636738133)
 (-0.17573960022193516,-0.66875380076869295)
 (0.13045203023679994,0.10865779667407739)
 (0.90244230088984612,-0.0738736566382351)
 (0.11745550163638177,0.27738179292522408)
 (0.75586270500716957,1.9787117545590454)
 (1.9662198334756606,0.56981263052302145)
 (-1.7703897590764575,1.0979438972379532)
 (-0.17729806036778917,-0.49061851703599574)
 (-0.28526886796159034,0.15631859693752262)
 (-0.26420433660379544,0.306030290869241)
 (-0.065907744766185522,0.062402649331386804)
 (-0.91519671314607964,-0.51894227211803146)
 (-0.31063711856160636,-0.88260068088789667)
 (-0.7892242170173146,-0.11293743831873081)
 (-0.49749498221805533,0.3673846129484305)
 (-0.93849625388465019,-0.3022786867904354)
 (1.4600059250707478,-0.97058629393369045)
 (-0.23418387055179765,0.9383026671766842)
 (-0.99461070031000898,-0.56925601793218761)
 (-0.89965234150281115,0.2900430128341932)
 (0.64416392416970758,0.30178109547959164)
 (0.13299650798875387,-0.71947383288070588)
 (0.66669765954465088,1.0856705511968512)
 (-0.31713573651614024,-0.037368352293497317)
 (0.34897727991961136,-0.21040603918563536)
 (1.9208171227058097,0.24527412206686355)
 (0.39944941756574459,-0.016930453963273608)
 (-0.39853048471854957,0.84978862607168448)
 (0.43973885482092334,0.24402323663809788)
 (0.58334985384753291,0.31126674207816463)
 (1.0441652797950549,-0.69457881276744027)
 (0.98848891153061935,-1.055353621037783)
 (-0.33908846890752808,-0.30334704162681042)
 (-0.80641599286682919,0.75462564643016328)
 (-0.35047933674412973,-1.289010893494112)
 (-0.19839373122259699,-0.67697442278398845)
 (0.80861499203481169,0.66926285478323866)
 (0.23790943216993649,-1.0983481428197686)
 (-0.5714925554954583,-0.77120673567783582)
 (0.17682697106535264,0.41097147399145428)
 (0.46898503307085249,0.31646927740375214)
