# Created by Octave 8.4.0, Thu Dec 11 09:47:21 2025 IST <gamana@Samsung>
# name: rayl
# type: complex matrix
# rows: 2048
# columns: 1
 (0.020699378465107922,-0.51719927899517948)
 (-1.4382895147992061,0.43927146408534473)
 (1.403754742576159,1.2802243878275994)
 (0.30347517323472445,-0.36266393227498073)
 (0.60898895700940769,-0.024803740803241797)
 (-0.12558832155142305,0.57698238763291609)
 (-0.58320870895810573,0.40298179488696229)
 (-0.36978475259402027,-0.7032180943100379)
 (-0.41556251440665515,-0.73160323033754726)
 (-0.43262431169481425,-0.33368324926886062)
 (-0.37452447996034222,0.27115828531800745)
 (-0.031428213176884622,0.66860125279748517)
 (0.24230629120977468,-0.17872892940558904)
 (-0.45403764158039017,-1.0531630613352168)
 (-0.62023751634284108,-1.0261506046136677)
 (-1.0225425553217897,-0.44387485793555492)
 (0.10975162775590691,1.2970346548902867)
 (0.52017561573641513,-0.51835083317426545)
 (-0.1462001146306684,-0.17198777478415922)
 (0.57832719563405022,1.0641467987587687)
 (-0.62503549752940379,-0.030604062902797529)
 (0.60242154561413197,-1.9353682966034762)
 (-0.52162808952390327,0.23492475204564028)
 (-0.21350771387059339,0.74296427695545808)
 (-0.7587999486821253,0.56344700478199639)
 (0.60303052039600324,-0.12122785366337781)
 (0.255029063253635,-0.54575526724988987)
 (0.9844228831999503,-2.0198039569123343)
 (-0.64947290637330424,-1.26846707974164)
 (-1.4290966828792073,0.75677850894656151)
 (1.4793759145686947,-0.55376147215130367)
 (-0.15432174745426389,-0.27827128544176472)
 (0.18882841342980866,-0.57861258920150727)
 (0.26625367440517039,-0.030303513407331312)
 (0.19872061451529999,0.44202696202904856)
 (0.37272636046977042,0.15300524464397675)
 (0.88956356798639147,0.92216205538835616)
 (1.2915637324956395,0.37898408218032015)
 (-0.57613055739313701,0.28196497706176332)
 (0.12146524039107955,0.38009916763039514)
 (1.7697214931832168,0.2737207789681837)
 (-0.0754884449608276,0.29306689484619253)
 (-0.49342956459541087,0.2364471197876872)
 (-1.0200893883682824,0.64654329657108112)
 (-0.35440355093639592,0.033144686627444075)
 (1.0409712603585997,0.53664856769777758)
 (1.5001969824687365,-0.16630635633579682)
 (-0.086074633783310747,0.50281581127183961)
 (0.59056402874562108,0.95648525177414978)
 (-0.6655925722793703,-0.0099790955672251734)
 (0.27288333001097437,0.51893007607833652)
 (-0.35212524846052196,0.15717937398239068)
 (-0.12601592322611202,0.047283363071835137)
 (-0.41851190675250288,-1.0660857710221845)
 (0.12240932957949271,0.12465154802913482)
 (0.86549053060250636,0.03642088509679061)
 (-0.071656497163019806,0.30189090809942692)
 (-1.0262598575608219,0.21248627915798521)
 (0.75346750902334914,0.88914070933948797)
 (-0.40077261921116153,0.55861908258161563)
 (0.14835838399118709,0.79188234388567014)
 (-0.097851376146833119,0.11621243605809485)
 (0.48887201218481247,-0.55520161394843526)
 (1.6241438664273504,-0.71855709825458913)
 (0.20333085811737858,-0.26207929208297337)
 (-2.2225352455820531,0.46522525515087543)
 (0.26213193956801051,1.1737381583330819)
 (0.18132810545675926,1.0203301203813635)
 (1.9843086078936052,0.46231445108895963)
 (0.23167230780753759,-0.18220501785293972)
 (-0.37546769308334293,0.78841621481974888)
 (0.2948927230260493,0.0089415666277473018)
 (-0.138289539142989,0.68573770444833804)
 (-0.22866009701742315,-0.033499363934027276)
 (-1.4301281979381821,-0.22921784068507306)
 (-0.40234810207871929,-1.590108267203874)
 (0.10900710915218012,0.37574603300395848)
 (0.84245181210517417,-0.047743138737319613)
 (0.14500029725544122,-0.2042987811652946)
 (-1.0670774218991657,-0.5519974095316551)
 (-0.21107778385916423,1.3755292530427718)
 (0.018388612239317762,-0.014916475732384044)
 (-0.3795671904602051,-0.26453776075379831)
 (-0.36218021118936833,0.055927351966599148)
 (0.35736710396029425,-0.25208331579123822)
 (-0.012607679807579764,-0.72712081560155595)
 (-0.36896260732366609,-0.27807719924941865)
 (-0.99403558911045897,-0.67187452801403469)
 (-0.92980196970469975,-0.36894214959265148)
 (-0.60652953335063109,-0.78459094905573934)
 (0.1699392957185363,-0.23946879382703723)
 (-0.84728945766327013,-0.043456160370441949)
 (-1.0849926333974016,-0.47006590529685305)
 (0.35400272450418596,-0.38722708436481462)
 (-0.51506302984764829,-0.060284542417559824)
 (0.91459881362864681,-0.47716439334359273)
 (-0.94003277028691878,0.022913028400545817)
 (-1.4328892815184504,0.46085959420542744)
 (0.22813845531031812,1.1067636951076052)
 (-0.00022496647272566867,0.48179824153887146)
 (-0.36029446030824364,-0.017415945433645757)
 (0.51094078980015922,0.48073200923105763)
 (-1.7430170980336688,0.29449439647805226)
 (0.0094618368387164829,-1.0881110840252959)
 (-0.17050872250582397,-1.2495379055682716)
 (-0.10667712511239906,0.47829613962408662)
 (0.61888071445939197,-0.038831854023223894)
 (1.1134768651349498,-0.37934425359647972)
 (0.040583705673421705,-1.5582693735842312)
 (0.085459574440299307,1.1845291444788466)
 (0.042547858067672389,-1.7552488459738469)
 (0.53700217005091622,-0.5269745407267894)
 (-0.11762659587351032,0.51726052310955761)
 (0.6349955351132458,0.33260213758888435)
 (0.071974020756907231,0.37620437287746544)
 (0.22073478371918617,-0.37213584369097069)
 (-0.65279868616287562,-0.41775807972732204)
 (1.8572576375484495,-0.37365624984291912)
 (-0.44748366489071173,0.086925798167804255)
 (-0.35718556948239438,0.031296131650002994)
 (1.0362389915688688,1.2654193454552007)
 (-1.3143372104668491,0.24482410357444032)
 (-0.52559385241531609,0.64745168352567373)
 (-0.71211333629935325,-0.010408565119488029)
 (-1.3373447764640971,0.54470759795337553)
 (0.46928822655142111,-1.180704115600097)
 (0.46191767072124762,-0.39100869471852012)
 (-0.76161184129160209,-1.0469805302240176)
 (-0.52058778024164321,-0.27871714149529819)
 (-0.54433962670335267,-0.58110567824089265)
 (-1.3641728750678508,-0.2154038892635691)
 (0.90671525869964875,0.4258679406342869)
 (0.40771231053544149,0.69067430529707552)
 (0.78890741891465832,-1.1606336636443515)
 (-0.31357560076863439,-0.037256488678356084)
 (1.8021603832626507,-0.33736926538218787)
 (0.49177521885168218,-0.029016313478067681)
 (-0.42017967552547664,0.099034375421887991)
 (-1.0367719922224279,1.0092894831472965)
 (-1.8249926024137222,1.3790292289797366)
 (0.50091808802783688,0.23510524107002345)
 (0.099017672726344722,0.21357442416627218)
 (0.26901398691916101,0.72821964237469394)
 (0.37647180944903996,0.52468946410176787)
 (-0.66115781654482175,-0.34514364715640494)
 (-0.14963595464445018,0.88825986478909069)
 (-0.6045805884429778,-0.080224139110402867)
 (0.1207053836423501,-0.21790535162204866)
 (-0.67913930774761655,-0.7411592204915618)
 (-0.46915964274473876,0.48920664180883372)
 (-0.69041580165764149,-0.746154964303963)
 (0.74239403172066654,0.44740501636406305)
 (-0.55572088344971771,-0.17128336654422413)
 (0.51833246307701297,0.37424885485839782)
 (0.38607169893323512,0.81316631359180769)
 (-0.99458204014769602,-0.88951064770826926)
 (0.59663703911147481,-0.15244939353455039)
 (1.0797011148175568,-1.2802135926373359)
 (-0.27560963296934976,0.37983284821524149)
 (-0.11063949096419373,0.48181396659684617)
 (-0.99592836175116417,-0.65035741383941104)
 (-0.44317082723421336,1.0010488883417865)
 (0.1702991997753566,0.46623056217287667)
 (-1.0452051609504183,-0.16524111195450375)
 (0.86116322766795927,0.080916324865643569)
 (0.69041655905748245,0.29490627854535745)
 (-0.14558775988275161,-0.58603675516839526)
 (-0.16302826331505973,1.1789639198147819)
 (-0.41170104564266868,-0.35880778358129845)
 (-0.23131374465849858,-0.17801441973457977)
 (0.72565549606426849,1.6598920516715789)
 (-0.064990504804880611,0.17562955570846273)
 (-0.48796586414352522,-0.15401417451000071)
 (-0.731109187866955,1.2514400123820395)
 (-0.35801631321023031,-0.88429440209641874)
 (0.28144261222880218,-0.51512778955902472)
 (-1.0401165830295249,0.70642841765443454)
 (-0.27090218947278621,0.71370310513110014)
 (0.73439483665368654,0.63765401454850734)
