# Created by Octave 8.4.0, Thu Dec 11 09:47:21 2025 IST <gamana@Samsung>
# name: rayl
# type: complex matrix
# rows: 2048
# columns: 1
 (0.8261273435935812,1.020363507774829)
 (-0.40300640430443885,-1.6801732284102442)
 (-0.56459061415307876,0.32344593297816249)
 (-1.0110781717715973,-0.95370197496917375)
 (-0.54932005682891116,0.68614104523017605)
 (0.26166644712946591,0.79918100834449224)
 (-0.48444726473652688,0.81666171903672946)
 (-0.20198382101239482,-0.42133580901568024)
 (0.048082417868281518,-0.39560544634506239)
 (-0.19887970329223933,0.40939121374203008)
 (-0.53376779933849483,-0.44385015527819038)
 (-0.8933879524950199,0.20324845264406563)
 (-1.0995762416499797,-0.18665294245950184)
 (0.27957879010939651,0.30600647977373641)
 (0.097179173200119956,0.77319848417175574)
 (-0.29796613739964606,-0.10943610286219689)
 (-1.3807714461025937,0.13145348679312713)
 (0.227908906677876,-0.50267280535032111)
 (0.29814860585477421,-0.19991074897445141)
 (0.99075059057280723,0.16147207889420714)
 (-1.1190201528688875,-1.1453670471397617)
 (0.23826106189631202,0.34393824546918206)
 (-0.88813675985159357,-0.76368270584140541)
 (0.013266024237525069,-0.56162315499676552)
 (0.93347320844762227,-1.0144858000860302)
 (1.5199394839901841,-0.21741908352772454)
 (-1.9614136907944222,0.25171752976243017)
 (0.43567441685425401,-1.4615706557625721)
 (0.10159519761617211,1.2017210593245862)
 (-0.78530803957125472,0.51571287265348487)
 (1.0665303811578399,0.23879126903691139)
 (-0.15414420049709165,1.122770505072076)
 (0.32087291197733009,-0.70715276175520536)
 (-0.61868284117380568,0.20685265971394615)
 (0.20020889532320166,0.39168808445178699)
 (-0.62951157364017252,-0.77796426513196648)
 (-0.30340040346405833,-1.4134760220086056)
 (-0.46969308152955752,-0.83844670346174721)
 (-0.47033512015209539,0.19301136090901122)
 (-0.059457411677025389,0.54537568915021439)
 (0.28734882363123371,0.043459705526031664)
 (-0.084238449535483303,0.13411948405469939)
 (-0.2900916817471067,-0.23634845979072922)
 (-0.93284509115633596,-1.0569835040255466)
 (-1.0431422675970241,1.5932252544634908)
 (-1.0333699908716238,-0.13213368079875257)
 (0.41159418992226021,-0.67942982244186068)
 (0.44179202948165014,-0.58444383013433898)
 (-0.85387032802055352,-1.3421440345784945)
 (-0.6203578630656178,0.54122637779261795)
 (-0.10841503374141898,-0.1796699988756322)
 (-0.15744459133416688,-0.80402062554984366)
 (0.029713843475638255,0.5159971887905106)
 (0.46983202949756103,0.073732502336256014)
 (-0.70181319922836527,0.30591895176143508)
 (0.54591074754569369,-0.77999678470386491)
 (0.33879890590899525,0.087401566168458011)
 (-0.33940056729412982,-0.17127207913899226)
 (1.3429897627852261,-0.62168602601255263)
 (0.67168700650686075,2.2023118536263113)
 (-0.64638783942616851,-1.6645205026213783)
 (0.80037393111995148,0.70460025195612364)
 (-0.72488550872846869,0.46630314456851257)
 (0.020999977286169508,0.7064780056588541)
 (0.11560311703888417,-0.062151273485906926)
 (0.121209639540238,0.12511960562551849)
 (-0.50837649069788549,0.9642774609569611)
 (1.026471819686555,0.11418682565344337)
 (-0.44407867524467493,-0.66887306010089242)
 (0.90897860670423536,-0.49912513923847168)
 (-0.33157508699618965,-0.39286960697551676)
 (-0.0014103098642774289,0.81316998574321775)
 (0.1681177321984339,-0.12749426323007498)
 (-0.14782647410379351,0.51723183446606824)
 (0.66225873772119359,-0.72179666128769693)
 (0.10049651617862698,0.27517721588940602)
 (-0.24724464320379966,-0.64497293813835466)
 (0.26292584201571745,0.37075658945144097)
 (0.33290962209041353,-0.0574805204572683)
 (-0.68323599366160404,-0.50776537413476042)
 (-0.46398339639368363,1.7712849740717849)
 (-0.3219486798718702,0.84452020222107926)
 (-0.36754024781795613,-1.212502479891953)
 (0.40829531865932478,0.11948190077204814)
 (-1.1367449778694745,0.12441214456183444)
 (0.1660932785465665,0.63175054254462204)
 (-0.23262110455750418,1.114064003925717)
 (1.2482824835124691,0.47637765907835711)
 (-0.88869995066603702,-0.094793453036885841)
 (-0.234278833225954,0.38382097813738797)
 (-0.50928426572778585,-0.63029972947741519)
 (-0.1122385341082328,-0.1313041295764982)
 (0.75255286986808101,1.0286251907880914)
 (-0.064106112342857402,0.24306718253315493)
 (0.33914500446051166,-1.1419124087560721)
 (-1.3452335073713886,-0.37561699049306169)
 (0.38059007404631251,-0.99070533515114456)
 (0.059061244455921341,-0.14377184151790645)
 (-0.084666195441811878,0.46943791362414033)
 (0.89086042947553612,-0.20259426953317716)
 (-0.42630093674166503,-1.271430183892982)
 (-0.17340073036659653,1.4453615288330184)
 (0.091931355243192042,1.3624920776033034)
 (-0.69227489567386358,-0.25667630892323701)
 (-0.2508763600019519,0.32499657437809309)
 (0.074095865288516014,-0.75144283579926174)
 (0.032825863625082184,-0.23996297504153907)
 (0.044721610925306549,0.37229022258027905)
 (0.78706522390629952,-1.52058941482676)
 (-0.45194947656871909,0.47653363314743241)
 (0.00058544745145657406,-0.31528112997054636)
 (-0.25096531405864914,-0.60953848196294347)
 (-0.45035145274439625,-1.3200882069040327)
 (1.2001522016528323,-1.2295341203319194)
 (-0.98440830134181456,-1.1618741258674121)
 (0.45165773644496954,0.63374211254926283)
 (-0.93145738780016663,-0.48129219880045271)
 (-0.2864578860104165,-0.42620899260041817)
 (0.32174761277098868,-0.054404050297493997)
 (0.57617417409714311,0.54343502775400621)
 (0.24209022826749288,0.51962504529494669)
 (-0.31653211670969916,-0.26271641117387762)
 (0.18744328801478102,0.10822252556171878)
 (-0.32024399195053771,0.40433918342247871)
 (0.19452570948578121,-0.55889079163767164)
 (-0.1112347937094144,-0.66464826594398496)
 (0.51361482954189297,-0.12736611082859481)
 (0.59836493481327002,-0.83213757716968584)
 (0.94532358918407799,-0.54719606763363648)
 (0.38230968550640304,0.54198138247736494)
 (0.78149986790396009,-0.6837821712503267)
 (-0.063432445119006892,-0.2452959576889526)
 (-0.39452500108768124,-0.28470586544760285)
 (-1.2742367694609902,-0.085019143385267296)
 (-0.35383412623821126,-0.30864211068058095)
 (0.44038125449734428,0.40241313845293897)
 (0.13576846013103444,-0.44878217537726806)
 (-0.17994477975971407,0.077227928838628584)
 (0.020125731694816851,-0.093257226978794711)
 (0.70923799356341855,1.3388182833562328)
 (0.33952445986783503,-0.085965162397383055)
 (0.23585448493229372,-0.61604960385877261)
 (0.25350436887909855,-0.437096151679923)
 (0.53415105000145469,-0.83341494793901072)
 (-0.57521393629507067,-0.60155507462524505)
 (1.1265009555725884,0.78668989470762407)
 (0.48051037192617752,0.80661368118463361)
 (-0.54573821224046692,-0.43820958235779883)
 (-0.061109477048898526,-0.75632195055796592)
 (1.4034565709283338,-0.41040590105113572)
 (0.8100341495846215,0.15142757667605003)
 (-0.2158408219045703,-1.2605380420464021)
 (-0.70320597324769207,0.31237476912069589)
 (0.55792466820183206,0.96682680693114709)
 (0.38382818988513112,0.24860065533683576)
 (0.79256141071442032,0.29081267591147258)
 (-0.40450482453566278,0.50804770161753432)
 (-0.2565129223969978,-0.42028967089921776)
 (0.89837547328180278,-0.0086689829004600386)
 (0.19415572969189343,-1.0265042976476799)
 (-0.85919747407731994,0.58353657591005503)
 (-1.3406491369464042,-0.19530067790396652)
 (-0.38961802927875716,0.0033309041634574654)
 (-0.25452898024117004,-0.22941480707221587)
 (-0.15737150348530507,0.57684440479624211)
 (0.19931444038730659,-1.1594736843136111)
 (-1.2153758107145518,-0.60694042504680989)
 (-0.72794543947936385,0.23347635720266582)
 (0.067487452464420505,0.71947221323852983)
 (-0.5359698921738516,-0.15838775070591138)
 (-0.82927354473511661,-0.066207541207898651)
 (0.77231804583474217,-0.7701906974714342)
 (0.083334304766412626,-0.40688425283977753)
 (0.24854211483447999,0.25438227017549997)
 (-0.33422725200710002,0.26163036820677227)
 (0.93327122486426672,1.4201278760012999)
 (-0.80870838088985642,0.57681470021587689)
 (0.52390046085427411,-0.50250053874572254)
 (-0.40760378539326492,-0.18723006176955723)
