# Created by Octave 8.4.0, Thu Dec 11 09:47:21 2025 IST <gamana@Samsung>
# name: awgn20
# type: complex matrix
# rows: 2048
# columns: 1
 (1.0006136523463744,0.0013055653028679068)
 (-0.97108039509539701,0.035480273921119541)
 (-0.90806884534456223,-0.05425995153297835)
 (1.0876469694699775,0.1245964872084266)
 (1.0198210384776469,-0.0087288398915430724)
 (1.0026249248093986,0.081220583412189795)
 (1.0877857621373568,-0.099824564353260758)
 (0.90443806700554041,0.025703925932254804)
 (0.93656295071352569,0.090470358921662469)
 (-0.92320627892628071,-0.088229903500911977)
 (1.1447613330588393,0.13854454326128704)
 (1.1388160666400444,-0.0099740983844798861)
 (-0.88021139302139484,-0.0033147420929720058)
 (0.98968654983798487,-0.06967557338924113)
 (1.0383972220883517,-0.0051790342837891986)
 (-0.92815109783426208,0.12000095275703547)
 (0.93448083043195462,0.023997264273794214)
 (0.93405125401406996,0.066526004893240967)
 (-1.1384723157647183,0.036005458979714723)
 (-1.0784606499513625,0.071619087092537809)
 (-1.0039151395519161,0.0059377731292518023)
 (0.95511205799272214,-0.12707715141322068)
 (-0.95133319321487997,-0.01391773191414254)
 (-0.95433096484106983,-0.012238673127251791)
 (-0.95523846506743026,-0.0098062936978461634)
 (0.9881545295129075,-0.042214493419094744)
 (-0.93333505338477796,0.027720862291740152)
 (-0.95862629349274142,0.087565536030820304)
 (1.0367418800591091,-0.12412436959932159)
 (-0.9696783398436577,-0.026072472711149076)
 (1.0707915413181053,0.022057696332625002)
 (1.0164825453742552,0.1063560743298535)
 (-1.1645374142223479,-0.13356102943799722)
 (-1.0276750535336663,-0.050013552732609115)
 (1.0778177006975245,0.00013538360471294353)
 (-0.8927971764728917,0.14311518489657168)
 (1.0627095224443568,-0.086431935306425706)
 (-0.92283441639491048,-0.050964771305340807)
 (-0.99538747919665682,-0.04279561889386644)
 (-1.0546207988008214,0.030240113369809359)
 (-1.0049382891903151,-0.052032055563020735)
 (-1.0181456129773614,0.041722456368549946)
 (0.98818674366256598,-0.0022842558472066714)
 (-0.9710338095421821,-0.076553291307323745)
 (-0.99611742324760488,-0.0058426539681192434)
 (-1.1207803482405876,-0.025643381355268488)
 (0.91275169495113695,0.098691355045112672)
 (-0.99799089188511003,0.0015021461458393109)
 (-1.0400445992162122,0.018835246083225548)
 (-1.038157923988434,-0.074651946969975944)
 (-0.83568682454875531,-0.059133987429077009)
 (-1.1474791429613362,-0.076205828362100936)
 (-0.93229173696955447,-0.089531165832071366)
 (-0.82200412722916516,-0.07354852582354951)
 (1.006762474291228,-0.0095625230143116264)
 (0.96507364320430356,-0.16070770549592941)
 (-0.99523422673816886,-0.03411233419044641)
 (-1.0526989679414163,0.016179730290993118)
 (0.99730629781619262,-0.017677473170343388)
 (0.88353950225651101,-0.037602337329940706)
 (-0.94692478210496556,0.084256664895543731)
 (-0.97746972777905439,-0.031640608745440134)
 (0.89685584788790007,0.070255605881644409)
 (0.88890930933223422,0.045252266132252056)
 (-0.93366702647469635,-0.058428098156495495)
 (0.91714154817692628,-0.11274674222941812)
 (-0.97369978231268628,0.097796327772701641)
 (-0.99314174266427457,0.072822266956691944)
 (1.1032365001423725,-0.058576656152734455)
 (1.0803399021299467,-0.065565747246404543)
 (0.99883630751445307,0.054029298230285655)
 (-0.89854403931201499,-0.0050905125219702918)
 (-1.0894477722540521,0.0048701004758704763)
 (1.022362730878561,0.10590659977021347)
 (0.94577368265947381,-0.12444232602199019)
 (0.95625084282631956,-0.035311826802825221)
 (-0.94161831153743647,-0.10747427878314193)
 (0.9793562503605906,-0.13028801161800238)
 (0.89801012533315616,0.0016567617275062769)
 (-0.96970146817667402,-0.03147507710051127)
 (-0.96193590650382288,0.045936577313432488)
 (-0.97047433176170206,-0.024164216545579084)
 (-0.98028543852646211,-0.17791720577184711)
 (-1.0705735299151697,0.018428961256067144)
 (-0.97827203314706179,-0.069933149025229388)
 (-0.89187100811190367,0.0601383771584513)
 (1.0678333915882947,-0.037761259367380097)
 (-1.0473334157408121,-0.10044645860671118)
 (-0.98559810759165645,-0.01050153185681057)
 (1.0589642162883639,0.062567357667913007)
 (-1.0845869220406357,0.020668899284069009)
 (-1.1215988319428589,-0.0065573210163003635)
 (0.88768440167292351,0.088820020011010428)
 (-0.94741605516435567,0.078275881273617065)
 (1.0286748754395421,-0.0025262458106370357)
 (-0.88955097051386378,-0.0041239786952107739)
 (1.0758414603246111,0.043067648720536603)
 (0.97150416530045725,-0.020142403395427388)
 (0.95571842142539198,-0.053076574213403831)
 (-0.9976934463143281,-0.036331058817589738)
 (-0.99456819260312912,0.12704173801386492)
 (1.0948481570681332,-0.017241951466045628)
 (-0.99981653920966473,-0.070823392573152982)
 (1.0057629899071738,0.032547618246861802)
 (1.0338334095146764,0.10346990569258144)
 (1.0185234457992594,-0.058538607354348793)
 (-0.91979277513678115,-0.058456903880001632)
 (1.0378810884269976,-0.11257594203135671)
 (0.99439169384815318,0.009198003827817219)
 (-1.0629852951864742,-0.030207195676668099)
 (-0.98579704721352779,0.098988397790322799)
 (-0.99435505593940221,0.03429461562239685)
 (1.0123595025393544,0.079733746703523803)
 (0.99658249224915085,0.019457699728140036)
 (-0.94948510721838608,-0.078780561866811649)
 (0.90323707295438138,-0.015350085393858693)
 (-0.98476531007503598,-0.029068505915235118)
 (0.98521880648647142,0.024638982343139239)
 (-0.94610819428185533,-0.020145168437615428)
 (1.0589834716072795,-0.053322585696981131)
 (-0.91861895690075024,0.064541617444398874)
 (1.0974516585885294,-0.08693434140663453)
 (0.94616801227055014,0.14745143994967319)
 (0.89201340631031156,0.021462077364304666)
 (0.79443234653422379,0.050926238967342545)
 (0.8950423578927752,0.0041825698669088786)
 (1.0408458254620601,0.058805566802027157)
 (-0.92677837026694831,-0.093228472349204339)
 (-1.0420941787435596,-0.075293083043166051)
 (-1.078466986041613,0.075305580049930293)
 (-1.033845030799331,-0.079779782659195553)
 (1.1038355399551523,-0.066106313700441469)
 (0.90928967290990259,0.068274239875144568)
 (0.99713931652749199,-0.045076021785298945)
 (-0.84307129324241781,0.043405649094041016)
 (-0.86398483190212916,0.019609346998445916)
 (1.0202643475572644,0.024339417536806587)
 (-1.041420584178764,0.18152883911279397)
 (1.076818791258199,-0.026203474643077537)
 (-0.80280876238925691,0.031694302690624968)
 (1.0337702745008479,-0.036035151697282997)
 (1.0122210248124406,-0.081182452482840603)
 (-1.0595916617906576,0.003340653211050983)
 (1.0271854976618564,-0.011536158207689034)
 (-0.97649332747145801,-0.04656416135043271)
 (0.92327170708128348,0.032672729139292721)
 (0.90926513939627962,0.074941439753569025)
 (-0.96866497391329354,-0.066908001958855032)
 (1.037849401584382,-0.058895655627297074)
 (-0.98684552385435498,0.035756848948175414)
 (0.98585387639334121,-0.12058860804468574)
 (-0.90387322498327993,-0.010158652515864768)
 (0.94620138470779436,-0.099100301303330418)
 (-0.97309698066075789,-0.06185536128236481)
 (1.0071882904324336,0.080435332783674957)
 (-0.9077534890022636,0.004598161129473052)
 (1.0223852822600565,-0.12079948330694941)
 (0.9376325478494415,0.034908867319372115)
 (-1.0213093662361281,0.10407172206987554)
 (-1.0739599895015683,-0.14911337878129988)
 (-1.0592427140000484,-0.13972865758498662)
 (1.1612320318293821,-0.070394279811163529)
 (-1.0028793143926229,-0.042223059732012035)
 (-0.98609316753307352,-0.013841902203915119)
 (-1.0055270128506311,-0.059377010674885794)
 (-0.97520986531054454,-0.038136191389480587)
 (-0.88714143929399991,0.031571371553635652)
 (-0.9967827906673099,-0.049871652310122368)
 (-0.98834461050191946,-0.03592658289258048)
 (1.0359198959827152,-0.0398493214869374)
 (-0.96686357578442461,-0.0023670294874533417)
 (0.98037575454145076,0.080418885125119521)
 (-0.90557210671424837,0.0034245749940675996)
 (-1.0502504249992781,0.0024344993964021048)
 (-1.0895603527460083,-0.065524574499043683)
 (-1.0036690952866976,-0.0088120900986905989)
