# Created by Octave 8.4.0, Thu Dec 11 09:47:21 2025 IST <gamana@Samsung>
# name: rician
# type: complex matrix
# rows: 2048
# columns: 1
 (0.70965261900612986,0.2680220827149894)
 (-1.2308259728549793,-0.16384436179553968)
 (-0.978439838288228,0.048927549208350844)
 (1.636587995298443,-0.089932645567892697)
 (-0.95528212545086832,-0.05076135618597663)
 (-0.67065548011119636,0.25111153721114987)
 (-0.65135772708727768,-0.62895889504300972)
 (0.67817316927729343,-0.074404887771303926)
 (0.68052483816742892,-0.48056654347064381)
 (-0.95962888644968825,0.20499632270274856)
 (-0.64971277363724655,-0.049895709826023725)
 (1.1799329817779514,0.19276942033246572)
 (-1.3121232987967035,-0.21618562397676497)
 (-0.73069897349305291,-0.26937223354090789)
 (0.91540606934251767,-0.910720879046516)
 (-0.82726624370850987,0.086830200437536281)
 (-0.39108091289696029,0.093373737812803961)
 (1.2458714350332878,-0.58728280203919991)
 (-1.0430115204909018,0.31114082538361088)
 (1.0883045043117892,0.6509265492497639)
 (0.71371634836761821,-0.89511227341166122)
 (0.72202780505974751,0.26489739718960181)
 (-0.8141528146696051,-0.12371299746454578)
 (-1.2334472989939052,-0.81154148007838445)
 (-1.0037708244088497,-0.33674525215285206)
 (0.9383335968701243,-0.54099586968673663)
 (0.95866905302360717,-0.086509299599416528)
 (1.2210057186035082,0.67182919986325873)
 (-0.35936284276770625,0.39664669911830336)
 (-0.16918307834944057,0.18595840620019616)
 (1.1814220029816616,0.12037858579164736)
 (0.41716808470368355,0.4006534083330705)
 (0.48782288361224641,0.47209682444887913)
 (-0.60441236877032201,-0.30675722226756075)
 (0.74381391696457622,0.037043704662275599)
 (0.61771631674116101,0.65850206480909823)
 (-0.49648545511473224,-0.14240607883467371)
 (0.59648824731361638,-0.36595655730353688)
 (-0.84543281281826221,0.068502416415504322)
 (1.1386911243271844,-0.061701454455221814)
 (-0.95110773027976481,0.48454461382375585)
 (1.3354017300127579,-0.011230178282647219)
 (1.0891049885437787,-0.15804499866297306)
 (-0.40869113959646391,-0.15556640139675912)
 (0.78116111810434286,-0.073874392740743824)
 (-1.2466670525429213,-0.33681896731701122)
 (-0.79830626607759236,0.0085262417627245801)
 (0.6233685230396333,0.18805896496458691)
 (1.5792983323408176,0.08535068284530635)
 (0.66225310890834266,-0.085124530685419864)
 (1.4305498779149299,0.055357120208723638)
 (-0.5786311108971276,-0.040219909302860561)
 (0.93530215361067892,0.10576921894818049)
 (-0.9987246772995948,0.019824943919047735)
 (-0.97529056866159425,0.33804588265128382)
 (0.16685761542628541,0.34962017087361258)
 (-0.96519645439296597,-0.26415686801079569)
 (0.28312345845566778,-0.16400942063988463)
 (1.0614139540527749,-0.22963112938636415)
 (-0.74390877319971893,0.091329732990980281)
 (-0.79775086145958085,-0.6278169940249031)
 (1.3032502739911629,0.4086681465954739)
 (0.33385017590195176,0.025483494919337914)
 (-1.1404165381203433,-0.10633922727835196)
 (0.78372832681310722,-0.0073327623414627934)
 (0.59131897713461901,0.23627450534160499)
 (-1.0833919397600102,-0.11801106152616922)
 (0.96406233197874314,0.70483466486106783)
 (-0.49380899408772688,0.48066195826338615)
 (-1.0795949511976852,-0.0061578004068653849)
 (-0.37452609621961769,-0.19879354356460488)
 (-1.6615269759850051,-0.36261292792139488)
 (0.55793896744542848,-0.069768292497115511)
 (-1.0139645544897897,0.29230885488543151)
 (-1.2513409772736794,-0.62571712225861509)
 (-0.95465841097682147,-0.42826265744895381)
 (1.1536673581249781,0.42508592549306973)
 (-0.69439477855783471,-0.034791458997565361)
 (0.78828175767208974,0.23249143759302437)
 (-0.1323654570773013,0.63849966374656231)
 (1.2657442056470551,0.10127187534222923)
 (-0.72079970540434335,0.49565870747496577)
 (-0.92364888412384205,0.14502023081942539)
 (-0.74005577552229651,0.35186242957537905)
 (-0.83380498560156657,-0.78040406768586668)
 (0.96611121311040216,0.21475650919533976)
 (-0.85652683916696937,0.26959792380529907)
 (-0.37669803825188897,0.27493919453277277)
 (0.24129981338310758,0.07836627324486016)
 (-1.3695077615579381,-0.073901357555106059)
 (-0.78643277628616626,-0.16832150283567554)
 (1.2929535175091771,0.76748571710373525)
 (1.0496382057079172,0.048113683606327694)
 (-0.76504481147198256,-0.14576173441486157)
 (1.0809436650190585,-0.017526770173394941)
 (0.92501397670905261,-0.15559871472385775)
 (-0.73032216325061772,-0.015636717057224109)
 (-0.51709759186795756,-0.45761298202845702)
 (-1.2026890444115208,-0.031029161707847107)
 (0.78476073910383959,0.001327510488913799)
 (1.0478803495053242,-0.24097734174364144)
 (1.2602222745647289,-0.27334055298072368)
 (0.23514375370167728,-0.24074702940932044)
 (1.301558108618001,-0.080170807968973162)
 (-0.74254369674338605,0.31508191703693189)
 (-1.2394481418345498,0.03027829318333488)
 (1.1202161906302655,-0.086481208838035076)
 (-0.54107658767356692,-1.2372629756470708)
 (0.38185251718778107,0.60284293304925518)
 (-1.4770994317802286,0.048841465885098821)
 (-0.88798482909694698,-0.30619911489277157)
 (0.77225833024482027,-0.017811262895771583)
 (0.7447842035511496,0.065553613784199091)
 (-1.5067975982335613,0.18582812490129288)
 (-1.8015043124378394,-0.0084869967447952083)
 (0.96545125896107742,-0.11766459073750037)
 (-1.0232221845732539,-0.56719248949425405)
 (1.0076508451537141,0.070300196375853913)
 (0.8626271372039499,0.5578940676056251)
 (-1.2352005113626192,-0.30144602287843419)
 (0.91507754562550192,0.032053557128056319)
 (-0.90281291899700444,-0.0032672642391244166)
 (0.84799984787070493,-0.22515142126924312)
 (-0.55692471609285765,-0.24128535007282303)
 (0.8794844010838101,0.06184714921071572)
 (0.94576976465311358,0.074128216129070973)
 (1.2092334295185421,0.26963216403622781)
 (0.49147033556186515,-0.52876152621353645)
 (0.018958322141262363,0.23972336556134344)
 (-0.9839950857679356,0.33024544479886386)
 (-1.0131695412631265,-0.13400734411329163)
 (-1.1994352922558569,-0.1212020897327919)
 (-1.1895203406631407,-0.29800623892570394)
 (-0.86246250778804334,0.17163152358020822)
 (0.44640185851783853,0.2353420405283296)
 (1.212873125546478,0.01926193203937094)
 (-0.92303757988339008,0.59063194079971004)
 (-0.69792367408786726,-0.12702871603597429)
 (0.54930699588688814,0.12612529178233597)
 (1.0917359997718978,-0.43959316900165663)
 (-1.0144709319171223,0.23397663056996615)
 (-0.81422004415361915,-0.16813935213374054)
 (0.23786934542729565,-0.30929083292722803)
 (-0.80039201121786141,-0.33536384911961192)
 (-0.76040497497015169,0.025279485747206426)
 (-0.88800517190427131,0.039551127617252192)
 (0.64543497724253296,-0.11438579136222229)
 (0.80232910579094707,0.53341930080394839)
 (0.93672188927095135,-0.65368302012084034)
 (-1.0696537767554346,-0.31943556314958454)
 (-1.22430633199948,-0.01519416815666421)
 (0.66108945074354675,0.54311748770175605)
 (-0.3479499224962942,-0.31123871668596681)
 (-0.9822745923721512,-0.066739489361699156)
 (0.92959536501012918,0.073734937755433105)
 (0.41223326004773225,0.16486311859821631)
 (1.1303009824936256,-0.059454356793182214)
 (-0.46332903376268114,-0.32431412148075073)
 (1.4330087144780062,-0.39991965979630201)
 (-0.42893379600431536,-0.22106676505689354)
 (0.77953058969295919,-0.58834616178466259)
 (-0.8948724342359542,0.013070823381459679)
 (0.47050101184091492,0.54391743462309339)
 (-0.40504334661046326,0.56710753409339898)
 (0.2431432827090948,0.094532770879638128)
 (1.6241310040078534,-0.26677156650295608)
 (-0.65683814032468901,-0.41668731604223719)
 (0.7278365801425708,-0.024488037119003728)
 (1.0964715834301715,-0.052705879434314665)
 (-0.68280607202435284,-0.19718318361253481)
 (-0.615548464061072,0.18496755946068597)
 (-1.2761202688719211,0.47547702613139259)
 (-0.6032626249169929,0.081466039317886374)
 (-0.99777542065491676,0.055230460592004822)
 (-1.1372439506585603,0.29662051059892053)
 (0.38479184099116914,0.006664450201749347)
 (-0.29215090077750017,-0.04182859417464365)
 (-1.038318333390301,-0.18960307407327753)
 (-0.82174260917014852,0.067674242367790891)
