# Created by Octave 8.4.0, Thu Dec 11 09:47:20 2025 IST <gamana@Samsung>
# name: rayl
# type: complex matrix
# rows: 2048
# columns: 1
 (-0.68779475439572535,0.68424242310989492)
 (1.265515418341838,-0.19715665771587909)
 (-0.78882572359779057,1.0536570120394282)
 (-0.79896622657385596,0.38504392857965192)
 (0.31868550270307044,-1.1016317992189784)
 (-0.64870170647674619,-0.85305782159985077)
 (0.3031315027789227,-0.50862845881723395)
 (1.1954271030741921,-0.37008329038042059)
 (-0.21994829141333436,-0.2169787728578797)
 (-0.58438128893732122,0.17315930817067515)
 (-0.60114798864850405,0.46553515948030194)
 (0.95445404882048268,0.22787292516305641)
 (0.44308426614288859,-0.27234013791725387)
 (-1.4532381193364818,-0.13008107450951009)
 (0.088927535106386152,-0.027140671133497725)
 (0.58886223095541779,0.072895794722710849)
 (0.33779981527686059,0.021427929758368179)
 (-0.18513185260285728,-0.39291180976437001)
 (0.08454125219823995,-0.14846140129888621)
 (-0.27844828043887909,-0.18910137565482632)
 (-1.3279770822235455,-0.45379924197752908)
 (-1.374302716232495,0.68660640411584772)
 (-0.18795464221925196,1.3775168416082875)
 (0.55292204527028266,-0.94436683221656492)
 (-0.11863407144122882,-1.3053655140525611)
 (0.17822133652918898,0.41341479719224294)
 (-0.63192790336092697,-0.033601006598608645)
 (0.37705724856981315,0.095764940477571892)
 (-1.1593208846851415,0.13935989908676702)
 (0.79500043377367313,0.63486286773309175)
 (0.50889515480970804,0.11689282495320061)
 (-0.49932137585653347,0.28979359194150828)
 (-0.60136354496834399,0.075102898184062697)
 (0.33062092080310884,-0.28284072093151019)
 (0.43247621476038328,0.2147147082372515)
 (-0.27532268677388261,0.51595031912675959)
 (-0.10337427943118138,-0.63549943599846614)
 (0.75707844620586584,0.30107691324263414)
 (0.55414177118550545,-0.31739139930567706)
 (0.4643710798477379,-0.39162787834668783)
 (-0.95676021273685508,-0.65349170294088377)
 (0.17341562916430825,1.0135711896426538)
 (-0.84169602574105662,-0.99151483494826087)
 (-0.21376736074937144,0.70084409850616358)
 (-0.23445391162079665,1.0958976632346538)
 (0.17649673140607056,-0.083717284675527304)
 (1.2370732955770147,-0.49977382048945912)
 (0.5855609143470043,-0.13164433538717782)
 (0.97138638916742226,-0.48875879140558737)
 (-0.48555845899925265,-0.16826382919976351)
 (0.072576045747577131,0.30794714356681918)
 (0.10446048918791059,-0.88068825913025506)
 (-1.185641779666502,-1.0744564287795959)
 (0.36683048266379725,0.49578234138344002)
 (0.98471675815077664,-1.4159416259571449)
 (-0.49060227607227741,0.45810843255808892)
 (0.40731278674293908,-0.47626055627207686)
 (0.53868939287256434,0.36039840518747707)
 (-0.43665216315569289,0.052129384420368866)
 (0.37914911775944021,-0.56953045060014063)
 (0.43116459545062757,0.55670932164731268)
 (-0.032243804391486441,0.27008141099888183)
 (0.51050820665565499,0.88675770325595837)
 (-0.074701325268254404,-0.14342947282561858)
 (0.94448997388436473,1.313002254924549)
 (0.031506509718956577,0.85924136261798156)
 (0.47393877660412304,-0.99638519249798108)
 (-1.576515937375929,0.51820570028567559)
 (-0.19176916538137259,-1.2051606075462482)
 (-0.094002525696637668,-0.42078633377300828)
 (1.2120573534421535,-0.85665915912385593)
 (0.06917544405988281,-0.12923934925942548)
 (-0.36597653349549186,-0.69378122579461432)
 (0.42413865726584726,0.21379420839689195)
 (-0.30300325860897642,-0.46824247173108596)
 (0.80070407008314937,0.72817057157006237)
 (-0.4756947046334597,-0.17641424037519499)
 (-0.4954964108057614,0.10831314999859025)
 (-1.0159584666329857,-1.1406027597603481)
 (-0.47300123976088865,0.24511666812179569)
 (-0.18683659119775536,0.20343890800923645)
 (0.44700782533283856,-0.87834443910983762)
 (-1.3986065000503518,-0.96768308388050184)
 (-0.98919456822870633,0.087374205143803216)
 (0.6473092790194136,0.28282814750523055)
 (0.4299139936025112,0.75688067694373928)
 (-0.021573589214268166,-0.099023461377697061)
 (-1.3036380767051525,0.47277095354733856)
 (1.2777777182976222,-0.21625358514012449)
 (-0.17188363971170309,-0.0081306731808630101)
 (-0.86971291064534617,0.98262788960181413)
 (0.014355463616319336,-0.53804207835367823)
 (0.23311943072727306,0.12641015993880828)
 (-0.74450282486225561,-0.21690814616181761)
 (0.31748397686813851,1.0437538424710364)
 (0.55991320441938131,0.49580851683311467)
 (-0.79654259214777245,0.086135229045798151)
 (-0.21524791631355661,0.6162878002054023)
 (0.29489385008813018,0.61092171707791998)
 (-0.72406217648675208,-0.56492771736821223)
 (-0.25875733785637556,-0.81060317819715622)
 (0.43574731852445386,-0.42808996985512654)
 (-0.41105940632961285,-1.149377981221108)
 (-1.2209375641999802,-0.70770387373667953)
 (0.36606792257528376,0.30180714442941009)
 (-0.66987843345433862,1.2506046224074652)
 (-1.3669182880732647,0.53316940924693879)
 (0.52022913858583497,-0.74443507488339433)
 (-1.1857103802944751,-0.76561758303025207)
 (0.2858454742326294,-0.54945145570821174)
 (-0.32155841592570283,0.55918526443807171)
 (1.1243727649456881,-0.84454608667547826)
 (0.18698645718783755,0.45479769404011416)
 (-0.8606657167638363,0.72123314003028083)
 (0.17805743931451259,-0.52471391244264887)
 (-0.42081288652441168,1.2427232161221018)
 (0.7352560068754731,-0.33937433741549716)
 (-0.23580696663018069,0.17870385046657591)
 (-0.60649472557855144,0.39230940618888827)
 (-0.28029841137628708,-0.93037683212067934)
 (-0.084399007043005361,0.39122783474066758)
 (-0.61801786325705432,0.90215990398737511)
 (0.23648180996046445,-0.84762240756220353)
 (0.21640449063784223,0.31363221929640106)
 (-0.4197171724249007,0.6586323464891557)
 (0.39567870716913139,0.81769531828523889)
 (0.91162371045319424,-1.014051993977293)
 (0.53969895105303067,0.3521618412626864)
 (1.2018980045286778,0.23062352693599042)
 (-0.82545811521326407,0.48861599954134388)
 (-0.066650426497632448,-0.49941367174709039)
 (0.23023324543759893,0.19243241632469188)
 (0.71179620749416939,0.45877800915081907)
 (-0.46029382381234685,0.77393127572521492)
 (-1.5762859635383575,-0.60669801248022726)
 (0.18841550585465799,0.42937211798586922)
 (-1.286353885158825,0.26440703670703769)
 (-0.45880529778628998,0.33377650266219833)
 (-0.53026300003830473,-0.46908640257356243)
 (0.69892447576234784,0.50457105944958791)
 (0.32802544443145892,-0.54419919107821346)
 (-0.36121531054751205,0.40885194071644282)
 (0.36612436508216645,-0.99819437758258311)
 (-0.91936463293248405,0.17482229720115161)
 (0.65531680385418767,1.1136305277145746)
 (-0.23288827495615319,-1.6215215400249368)
 (-1.9703426426561448,-0.38537382608512749)
 (0.31794348842727316,-0.83304329784600273)
 (-0.41470187987829266,0.10153712041315877)
 (-0.95819042511178054,0.39076813100004604)
 (0.23223502956362035,1.5921237797667955)
 (-0.2214701812354119,0.83088648112335217)
 (-0.21063803321698188,-0.19889694308579267)
 (0.44246429989790609,0.11649178404278511)
 (-0.27483675697312043,-1.557968372757309)
 (-1.5193593847769498,-1.4045514177093457)
 (0.6048319973383387,-0.86286130931909688)
 (0.24169201250182409,0.40917405798223405)
 (1.5420787723450793,-0.52805069601117982)
 (0.80004262911208257,1.1189903524877607)
 (0.10589965738507047,0.33805230273393622)
 (0.28402408511646138,-0.3278781544088667)
 (-1.0937723538493638,0.03971889138959725)
 (1.447851846680936,1.1105522672145125)
 (0.010316753404147843,1.3522169420737307)
 (1.3151242153485823,-0.71999886658992618)
 (-0.0028063563861901318,-0.44748722095664611)
 (-0.8389850477790356,0.96984382355979215)
 (0.45731185812572289,0.54064355337347292)
 (-0.34634937589774389,-0.60198066701029396)
 (0.29296129556786321,0.58823053606780629)
 (1.002894316307446,-0.31395490926128722)
 (-0.68955399981162302,-0.53866607886838325)
 (-0.74307901243542451,0.064693458843630924)
 (0.093189616123199731,-0.083055065367781358)
 (-1.1003918665639503,0.85974989171658678)
 (-0.83052772843941425,-0.97503470340601206)
 (-0.43822940405855776,-0.69947485673324639)
 (0.4814036295742955,-0.061305809556658222)
 (1.5098150356667084,-0.038173510812300186)
