# Created by Octave 8.4.0, Thu Dec 11 09:47:20 2025 IST <gamana@Samsung>
# name: rayl
# type: complex matrix
# rows: 2048
# columns: 1
 (-1.1153462912120176,0.28875173101552482)
 (0.16625822269750667,-0.96795060878719041)
 (-0.32468936848512764,0.59302781411048777)
 (0.42803291133799759,0.33143652773084675)
 (0.59830494198729556,-0.026045651558364764)
 (0.42956601216159435,0.20078381076135426)
 (0.36098664556527921,-0.77457547922871117)
 (0.93817976615534804,-0.94372509866612753)
 (-0.11290094750821153,0.95347283149750583)
 (-0.65183141585815108,-0.95900661926041353)
 (-0.21027877742974177,-0.21684835632413157)
 (-0.21015025370277815,0.13866547198584869)
 (-0.45114960782233393,-0.20041775309979218)
 (0.010206071607595251,0.064552209169943003)
 (0.1179099581684472,0.02803380289668422)
 (0.40910499818279833,0.30447850552211908)
 (-1.7124790488296293,-1.5811350001941367)
 (-0.65118104147456279,2.0014530417210463)
 (-0.9982597272171162,-0.59764039810739067)
 (0.3235969566564732,0.34555235872931406)
 (-0.37796407723248815,0.19261851322696485)
 (-0.51631605430110572,-0.71616239681501226)
 (-0.82547043425696232,-0.37289450749658065)
 (0.087222047354242771,-0.16795841675726264)
 (-1.346663783598016,0.48371479366880354)
 (0.40289557664716374,-0.85614549941838214)
 (-0.38924770728450198,0.36612797462473146)
 (-0.52144888766740627,0.064230455136995476)
 (0.49876153007791052,1.1369579364604014)
 (-0.8678201437939167,0.088759211980451516)
 (-0.72926116096296734,-0.33286147395206139)
 (-0.06226736176769726,0.11383275194604915)
 (0.16695601939116067,-1.3260851228646988)
 (0.30790229808802466,-1.1869954769043249)
 (1.4993200829867068,0.73409191545245656)
 (-0.89398480260629276,-0.055017374830326038)
 (-0.87880405281022356,-0.5143375605406203)
 (-0.086862104836922749,0.77790161648998213)
 (0.12033965005621547,-0.95664712058200596)
 (0.44359758873644423,-0.18517326826542005)
 (1.3603905033119943,-0.067128690009903264)
 (1.0083116809741743,-0.47488354547023787)
 (-0.13806234573145409,-0.33064090260684281)
 (0.29326554659517162,1.1560547757089101)
 (-0.22393059843149701,-0.43781674361209566)
 (-0.58156160490326925,-0.4734029295978891)
 (0.079227496771321418,-0.37868791693349346)
 (0.33265634288942791,0.82841036061501527)
 (-0.23680956490929111,0.15525196462626736)
 (0.024831817187350724,0.99743627760449705)
 (1.4721559919274274,-0.68325719963770126)
 (-0.78654053540145563,0.93889153655644197)
 (0.15258897686734121,0.22993932223216632)
 (-0.19171984855795093,1.4831944069620822)
 (0.3851177947176978,0.48681579013875048)
 (0.42450681656439149,0.55129078723876579)
 (0.24402918240282864,0.29122134130522198)
 (-0.37888988379761279,1.053313556624371)
 (0.40168740459338476,-0.7187647212652396)
 (-0.43164311869555005,0.50267147926797906)
 (1.4937555189281924,0.29678583058097568)
 (-1.0901139430630298,0.1875354840876339)
 (-0.28437943365409246,-0.79139464885338417)
 (0.10184154593748032,0.41365624894680947)
 (-0.2542248209802464,-1.1526848882123091)
 (0.22195713265243819,0.1891788379618782)
 (0.99467480246402606,0.46699991634368815)
 (0.019895689706377586,0.43858678522074213)
 (-1.624292551885004,-0.25497274978705958)
 (0.0063245456607930644,-0.7655704746070644)
 (-0.26561202466859507,0.31118075009300411)
 (0.27282474168574672,0.49265958378793712)
 (0.25956756087989336,-0.45727720599261179)
 (-0.55986883942481802,0.89855866884517377)
 (-0.41524097586784942,1.284918322147)
 (0.42547827364418295,-0.17536552814070583)
 (0.7559589190145235,0.6303683007880182)
 (-0.33376965261440722,0.081154226707388977)
 (-0.084296674477286879,-0.48798839396170141)
 (-0.49191064817150337,0.098385001748288486)
 (-0.37664556087280554,1.3433909297045765)
 (-0.80357380216556795,-0.39490107490032766)
 (0.11089409417549209,-1.3639548072784795)
 (-0.24694943985552548,0.44439034447600029)
 (-0.30407993539235517,-0.83209799891458258)
 (-0.50749413715637415,0.52830078047051898)
 (-0.42533452411950412,0.25086635466382451)
 (-0.292246945129849,0.24548910919249731)
 (1.0298655158692178,-0.24801536687510242)
 (-0.26397710270006131,-0.47782267709551851)
 (-0.0317825528940315,-0.28008837493861083)
 (-0.19978701445413918,0.011380491109227675)
 (0.15385302571441017,-0.26280728224461064)
 (-0.8486539501785797,0.2399990051928359)
 (0.0087797739840770953,0.28027165944386129)
 (-0.36911209502776765,-0.52661653956318466)
 (-0.39327469306439788,1.2480215316146162)
 (-0.95516696739716123,0.66290213806869014)
 (-0.44810104297808523,-0.36670649546540124)
 (-0.4096077656550412,0.28267912763666203)
 (0.85862576926410106,0.74823517817848573)
 (1.1976934865367268,0.8831341845562829)
 (-0.76447418541916923,-1.4137089402681446)
 (0.31205761009961058,0.17954101350124455)
 (-0.81829516074180797,1.7719174305429912)
 (-1.6243312086364532,0.55554563186376082)
 (0.015162245641392338,0.074144698786841948)
 (-0.22348990909490521,-0.73371054606374086)
 (0.57666562319730497,1.6460462724290204)
 (0.80474961245227428,-0.64796565844557841)
 (1.006661275683558,1.5205600311439798)
 (-0.093948888153242191,0.16975232448559735)
 (0.71347044081122957,0.28430015663365116)
 (-0.048435735374433936,0.22965060393365375)
 (1.5080256477907663,0.024279264332485131)
 (-0.87443589985157155,0.98772851994596644)
 (-0.3080897687420493,0.46493604993976523)
 (0.78758484320569844,-0.11370538637665305)
 (-0.53984674629530482,-2.1084675215060842)
 (0.22569464778298884,-0.19353034500385793)
 (-0.16054797077164176,-0.11628270739291817)
 (1.0820274852046938,0.030409989764680675)
 (-0.23980266881183276,1.2369374195896661)
 (0.47110193164613706,1.3763463305181842)
 (0.33237052565629199,0.052534373801770361)
 (-0.70770634470795801,-1.004432231827215)
 (-0.91086755403384434,0.47196111047821582)
 (0.84577121001250188,0.16145520616248166)
 (-0.93247484849792861,-1.1306910929768657)
 (1.0965823738610558,0.016383284317838625)
 (-0.18651255395953367,0.66931872043576535)
 (-0.064909730366520119,0.37164226740629552)
 (1.1476243298466842,0.49309908671321673)
 (0.24148480938781863,-0.46140008212353145)
 (0.73422243338248216,0.73934857423838063)
 (-0.56526416086604692,-1.203861445980033)
 (-0.56609911718822636,0.34049278566368701)
 (1.2634134185058958,0.60665211104434413)
 (-0.81309168790734809,0.56341124947633714)
 (0.6387181688436121,-0.36449799674212452)
 (0.20253872696034952,0.24450027610299985)
 (0.73492545753032568,-0.029550197047562617)
 (0.50301444739195789,-0.85550429175684528)
 (0.27046241390753484,-1.0069467307943309)
 (0.50132339961757832,0.17284089330920077)
 (0.81255663662981503,-0.87463882564259476)
 (0.68123212933728916,-0.096228650302258037)
 (1.3221551965433451,0.35131742889128542)
 (-1.2541063538827391,1.6758489342741756)
 (-1.1838060247537403,0.8127910025077999)
 (-0.15788510917628326,0.053997585250895166)
 (-0.22358257870222506,0.2769119658532202)
 (0.53975435228646385,-0.91210721184131083)
 (0.81006647424087908,-0.17145794020896024)
 (0.33456815654678457,-0.12061597082854084)
 (0.26194796855172758,0.14942179561887642)
 (0.62293505537773497,1.1578295628864295)
 (0.57497930686185816,-0.33620844609552142)
 (0.34166065860844486,-0.89889357796886804)
 (0.14099789841250682,0.38428576778673229)
 (0.23264989772557212,-1.5873058515827907)
 (-0.61463579973364668,0.625808281381242)
 (0.61674139144198203,-0.32579489646631726)
 (0.024403651209749896,0.11619613587326191)
 (-0.54198299112788273,0.39590076409306096)
 (0.13705776833153296,0.20181040836068065)
 (-0.33595146681951199,0.89882838795741493)
 (-0.6187049251924156,0.081038900292707841)
 (0.23485257254698547,0.49260984848030276)
 (-0.060995977727553601,-0.83346375383386673)
 (0.13460988090543483,-0.050447441815292419)
 (-0.25355062166043946,-0.42386978927744756)
 (0.79420566296965978,0.18999198449205695)
 (0.056662347496346958,0.60714519832447222)
 (-0.81759152471608909,0.31724404906520565)
 (0.22480164551196546,0.07787754516829612)
 (0.61132186381272413,0.0042002329265452614)
 (0.39144624223647906,-1.2193621756755042)
 (0.348106613687169,0.4800902785009532)
 (0.59138081350196836,0.70609861358559467)
