# Created by Octave 8.4.0, Thu Dec 11 09:47:21 2025 IST <gamana@Samsung>
# name: rayl
# type: complex matrix
# rows: 2048
# columns: 1
 (-1.1401665982422913,-0.051000832122079502)
 (0.085654685529769362,0.66001026013344122)
 (1.1622180585284514,-0.20883620210023632)
 (-0.59078311059721145,-0.71703561702616458)
 (0.050702179583132612,-0.77713902064617357)
 (-1.0698698269537612,-0.021471275511650449)
 (0.60329287319995029,0.49487928281434701)
 (-0.056871041066815176,1.2791773548163416)
 (-0.36941250450324259,0.0305419869823319)
 (-0.25606648873047572,-0.93740293738331459)
 (-0.38556892303586132,-0.58815431545639918)
 (-0.7138648353152639,0.34086917561394259)
 (1.2412847161830216,-0.75372882951079723)
 (1.3807002629975362,0.14883767300988035)
 (0.024592933983634283,0.65827594381625854)
 (0.28395625287093845,-0.25232688207747406)
 (0.20211059156195466,-0.84701074543379029)
 (0.64240982713555617,0.53936013789382098)
 (0.09592756096806393,-0.3986675781987617)
 (-0.48693510549238483,0.22692099060521317)
 (0.31909073109947445,-0.81535754408194838)
 (-0.38527366072502989,-0.52287333634975286)
 (1.3700463468378774,0.132348914339489)
 (-0.59467997012735863,-0.082413726997904488)
 (0.18222225654630564,-0.32645399796437718)
 (-0.56360002885934046,0.19535839453785603)
 (-0.72514023320739784,0.83816270842573859)
 (1.0127131000994505,-0.07693116877783647)
 (0.95444743878376892,-0.26007703683070416)
 (-0.55736323768798135,0.17266462386878292)
 (0.34442532668816106,-0.072118777841555667)
 (-1.3149297537616569,0.41772949336036069)
 (-0.01337065941353407,-0.24595417634763639)
 (0.28255057647533577,-0.13683011848564094)
 (1.3882510999560262,-0.50961484242229227)
 (-1.2221213776663233,0.055591806511867688)
 (0.033585211246033787,1.5361343214850292)
 (-0.066273201000737914,-0.47684668167399763)
 (1.1591937854746281,0.2128675792259507)
 (-0.15921357222539448,0.35018961759089945)
 (0.26638129901627489,-1.0999417116451151)
 (-0.85833340131059588,0.58876645651383286)
 (-0.43366678233659511,2.2885252722152445)
 (-0.10460766176048977,-0.35641032897058395)
 (-0.69978685983595779,0.30861321501894468)
 (-0.12971415035282952,0.14539203882284299)
 (-0.14045500365415603,0.79399793009736497)
 (-1.1452474062724645,0.7539869261588007)
 (0.73518281948561282,0.45421454064119199)
 (-0.26181265244477653,0.97661135581150171)
 (-1.7951423396559127,-1.171340669823546)
 (-0.36441314266835206,-0.81201130833298041)
 (0.24155059583058866,0.80973104953902963)
 (-0.098354074415055101,0.48842762985026467)
 (0.094000505702490481,-0.26355311173723817)
 (0.5587694591916883,-0.22537036503840882)
 (-0.47118143305959664,-0.25854913598251938)
 (1.022743160797791,0.78472190817521437)
 (-0.56385401523629797,0.5505004393377827)
 (-0.041393264778821597,-0.69236009205251814)
 (-0.73696581786539483,-0.22475518192832383)
 (0.79864942777439574,-0.34183120699375641)
 (0.41371833713082179,-0.38070195443565713)
 (-0.10952568336670966,0.16365917087318563)
 (-0.998550226261531,-0.64940221031408041)
 (1.819136222417312,0.42291753521923409)
 (-1.3646553721205186,-0.76651832256630659)
 (0.70239642005781755,-0.87184321511318486)
 (0.29737400251463392,-0.81610439774371646)
 (0.2059892618216306,0.65388336922638579)
 (1.0860586317513203,0.12342553920774497)
 (1.0571682244227314,-0.35399859841115316)
 (-1.7871002663833473,-0.37932432179685588)
 (-0.89236990483977774,-0.36949702841169169)
 (0.148775404553185,-0.31647741210706981)
 (-0.36906798112532924,1.0443001254381046)
 (0.36439847102141482,0.095979112975097564)
 (-0.73516632703933449,0.14617462934465322)
 (-0.25598144139670981,0.75572743180213942)
 (0.28672679764950032,-0.43603437141616885)
 (-0.14557880855276759,-0.55859689091243481)
 (0.5058908102400701,0.33654025843326379)
 (0.21209322659629284,0.97434532840276034)
 (-0.34214127649429305,0.88593145054982325)
 (-1.1920352877809708,0.3581424564342337)
 (-0.79944713675443557,0.48695499585201713)
 (0.33574456160700955,-0.87579765807143706)
 (0.70520319139355481,-0.023845270794968985)
 (-0.15029242432060802,-0.18346151718137291)
 (0.40454032163580078,-0.27414778688073826)
 (0.87121409494323843,0.012499809138133464)
 (-0.29424531341456728,-0.66791337313474175)
 (0.40490581393917974,1.4276557298403381)
 (-1.0636375651563956,-1.5131534011053458)
 (0.11657928127515482,0.26677604677405492)
 (-0.64726171047576631,-0.93013787930041958)
 (-0.79560054085022847,0.52830473644186193)
 (-0.78921748552013926,-0.92437128421119452)
 (0.54581721379098325,-1.8939218333059911)
 (-0.24071418098119157,-1.0801662761529025)
 (-1.3380758672385797,0.026271571252616685)
 (0.61667921914105051,-0.13745959212670711)
 (0.21075726830925035,-0.20000744180891453)
 (-0.1738535133715825,-0.11698407311144925)
 (0.57845651636444395,0.85546491042503836)
 (-0.36441938877308888,0.62690525640022454)
 (0.472169433479187,0.56946507936766377)
 (1.0271440254333275,0.41102342583078749)
 (-0.88365784261164249,-0.24975688188643358)
 (0.90412965669604828,1.0275392383511508)
 (0.26532006623686494,-0.16045478362716561)
 (0.96014266278569693,-0.16438023360332374)
 (-0.40674332722497791,-0.52358553677855657)
 (0.014410305419055384,0.30048286275479352)
 (0.43977833663081534,-1.8928327823298532)
 (0.83898547257637934,0.38544290692741418)
 (-0.82817625397072892,0.51091461050358522)
 (-0.65368875114376856,0.19396102418284369)
 (0.78132783837191733,-1.3266030653055603)
 (-1.3523489581772061,-0.58477618692178046)
 (-0.92505975347205827,0.19923903597036996)
 (0.057055566496760426,-1.0651546486249366)
 (0.28631739282842011,0.40960513090752071)
 (-0.13739155059266867,-0.58752370665611953)
 (0.29612062842897263,-0.21133523844685562)
 (-0.66664489685610373,0.41662012616038702)
 (0.33759784522933961,0.46760743381041187)
 (-0.32341607587643817,0.88667702104562596)
 (0.61478889624211286,-1.2653969825120777)
 (-0.073115174588542733,0.75253128307483819)
 (1.1041420094372263,0.37294228528161649)
 (-0.078700158042535384,-0.58673449471024186)
 (-0.072343540323116337,0.4870571375059195)
 (0.40960090020955581,0.59455240671169196)
 (-0.49883388522102573,-0.9635675177761226)
 (-0.1275705886199674,0.48671200998068764)
 (-0.80338473680803923,-0.080117489780890463)
 (-0.81831126482335503,-0.9386267435204686)
 (0.64325386508899363,-1.1137872584200577)
 (0.29106550492042593,-0.45894003301820169)
 (0.99311340968539619,-0.084040505516430025)
 (-0.40572447785090782,-0.020844286090553076)
 (-0.58313762742346664,-0.74097714891855426)
 (-0.40921455294852876,0.79890929133725863)
 (1.2876729826135209,0.51215525151349561)
 (1.0113688812475807,1.4517184585915195)
 (0.7180518216968983,0.80022941083888777)
 (-0.46091509069912912,0.27076436880889704)
 (-1.1564369079334338,-0.23153611274577277)
 (0.79057004682622722,-0.28322877635476473)
 (0.015907725487219512,0.23052004906234599)
 (-0.1030563726982619,0.33467875475745856)
 (1.3006220839034148,-0.48444336716480313)
 (1.1401056164623775,-0.063956315893036506)
 (0.40816759604561698,0.43479630524323848)
 (-0.8028978903654268,0.42827525159038793)
 (0.31502124252746022,0.62807683328442721)
 (-0.96616078030704067,0.3164413693511765)
 (-0.24923132027861367,0.44127985154599753)
 (0.4846947055534242,-0.050028468969160592)
 (-0.046390865446615109,0.0069632313971601072)
 (3.1643162549192594,0.19610644120358434)
 (1.3320105750881095,-0.10282356495535824)
 (-0.45051402470739288,0.07944994027656431)
 (-0.14520276942494359,-0.18604620009639439)
 (0.50161051229308018,-0.66535020510889442)
 (0.68571651082507634,0.28578708618918569)
 (-0.49696399596201318,-0.39125753706243321)
 (-1.223664548022831,-1.169773147239944)
 (-0.29202170087074586,-0.39464183790993429)
 (0.19215408460344827,0.2519820908768487)
 (-0.2552150705249176,0.15018163427142758)
 (-0.2233584891936545,1.2205801849944233)
 (-0.77412430592692916,0.37693170299223017)
 (-0.53341732199204195,-0.6252133286337932)
 (0.18100884834632763,-0.79044672907651747)
 (-0.22141260619536801,-0.86612350169636398)
 (-0.00062616654839780519,0.20761051501832481)
 (-0.18087638442526277,-0.024590708316818907)
