# Created by Octave 8.4.0, Thu Dec 11 09:47:21 2025 IST <gamana@Samsung>
# name: clean
# type: matrix
# rows: 2048
# columns: 1
 1
 1
 1
 1
 1
 -1
 1
 1
 -1
 1
 -1
 -1
 1
 1
 -1
 -1
 1
 -1
 -1
 1
 1
 -1
 1
 -1
 1
 -1
 -1
 1
 1
 -1
 -1
 -1
 -1
 1
 1
 -1
 1
 -1
 1
 -1
 -1
 1
 -1
 1
 -1
 1
 -1
 1
 -1
 1
 1
 1
 -1
 1
 -1
 1
 -1
 1
 1
 1
 1
 1
 1
 -1
 -1
 1
 1
 -1
 -1
 -1
 -1
 1
 1
 -1
 1
 -1
 1
 1
 -1
 -1
 1
 -1
 1
 1
 1
 -1
 1
 -1
 -1
 1
 1
 -1
 1
 1
 -1
 1
 1
 -1
 -1
 -1
 1
 -1
 1
 -1
 1
 1
 -1
 1
 1
 1
 -1
 -1
 1
 -1
 -1
 1
 1
 1
 1
 1
 -1
 1
 -1
 -1
 1
 -1
 1
 -1
 -1
 1
 1
 1
 -1
 -1
 1
 1
 1
 1
 1
 1
 1
 -1
 1
 1
 1
 -1
 -1
 -1
 -1
 1
 -1
 1
 -1
 1
 -1
 1
 -1
 -1
 1
 -1
 -1
 -1
 -1
 -1
 1
 1
 1
 -1
 1
 1
 1
 -1
 -1
 -1
 -1
 1
 -1
 1
 1
 1
 1
 -1
 -1
 -1
 -1
 -1
 1
 -1
 1
 -1
 1
 1
 1
 -1
 1
 1
 1
 -1
 -1
 1
 1
 -1
 1
 1
 1
 1
 -1
 1
 1
 -1
 -1
 -1
 -1
 -1
 -1
 1
 -1
 -1
 1
 -1
 1
 -1
 1
 1
 1
 1
 1
 -1
 1
 1
 -1
 1
 1
 1
 -1
 1
 1
 1
 -1
 1
 -1
 1
 1
 -1
 -1
 -1
 1
 -1
 1
 1
 -1
 -1
 1
 -1
 1
 -1
 -1
 -1
 1
 -1
 1
 1
 1
 -1
 -1
 1
 -1
 -1
 -1
 1
 1
 1
 -1
 1
 1
 1
 1
 -1
 -1
 -1
 -1
 1
 -1
 -1
 -1
 -1
 1
 1
 1
 -1
 1
 1
 -1
 -1
 -1
 -1
 -1
 -1
 1
 1
 1
 -1
 1
 -1
 1
 -1
 1
 -1
 -1
 -1
 1
 1
 -1
 1
 1
 1
 -1
 -1
 1
 -1
 -1
 1
 -1
 -1
 -1
 1
 1
 1
 -1
 1
 1
 1
 -1
 -1
 -1
 -1
 1
 -1
 -1
 -1
 1
 -1
 -1
 1
 -1
 1
 -1
 -1
 1
 1
 -1
 -1
 -1
 -1
 -1
 -1
 -1
 1
 1
 1
 -1
 -1
 -1
 1
 -1
 1
 -1
 1
 1
 -1
 1
 1
 -1
 -1
 1
 1
 1
 -1
 -1
 -1
 1
 -1
 -1
 1
 1
 -1
 -1
 1
 -1
 1
 1
 1
 -1
 -1
 -1
 -1
 1
 1
 1
 1
 -1
 1
 1
 -1
 -1
 1
 -1
 1
 -1
 -1
 -1
 1
 1
 -1
 -1
 1
 1
 -1
 1
 1
 1
 -1
 1
 1
 1
 -1
 -1
 1
 1
 1
 -1
 1
 1
 1
 1
 1
 -1
 -1
 1
 -1
 1
 1
 1
 -1
 -1
 1
 -1
 1
 -1
 -1
 1
 -1
 -1
 1
 -1
 1
 1
 1
 1
 1
 1
 -1
 1
 1
 1
 1
 -1
 -1
 -1
 1
 1
 -1
 1
 -1
 -1
 -1
 1
 1
 -1
 -1
 -1
 1
 1
 1
 -1
 -1
 -1
 1
 -1
 1
 1
 -1
 1
 1
 1
 1
 -1
 1
 1
 1
 -1
 1
 -1
 1
 -1
 -1
 1
 1
 -1
 1
 1
 1
 -1
 -1
 1
 1
 -1
 -1
 1
 -1
 -1
 -1
 1
 1
 -1
 -1
 1
 1
 -1
 -1
 1
 -1
 -1
 1
 -1
 1
 1
 -1
 -1
 -1
 -1
 -1
 -1
 -1
 -1
 -1
 -1
 1
 -1
 -1
 1
 -1
 -1
 -1
 -1
 1
 1
 -1
 -1
 -1
 1
 1
 -1
 -1
 -1
 -1
 -1
 -1
 1
 1
 1
 1
 1
 1
 1
 -1
 1
 -1
 1
 1
 -1
 1
 1
 -1
 1
 1
 1
 -1
 1
 -1
 -1
 1
 -1
 1
 -1
 -1
 -1
 1
 1
 -1
 1
 -1
 -1
 -1
 -1
 -1
 1
 -1
 1
 -1
 -1
 1
 1
 -1
 1
 -1
 1
 1
 -1
 -1
 1
 1
 1
 -1
 -1
 -1
 1
 -1
 -1
 1
 -1
 1
 1
 -1
 1
 -1
 1
 -1
 1
 1
 1
 -1
 -1
 1
 -1
 -1
 -1
 1
 1
 1
 -1
 1
 -1
 1
 1
 -1
 -1
 -1
 1
 1
 -1
 -1
 -1
 1
 1
 -1
 -1
 1
 -1
 -1
 -1
 -1
 -1
 -1
 -1
 -1
 1
 1
 -1
 1
 1
 -1
 1
 -1
 1
 -1
 1
 1
 1
 -1
 -1
 -1
 -1
 -1
 -1
 1
 1
 -1
 -1
 1
 -1
 1
 1
 1
 1
 1
 1
 -1
 1
 1
 -1
 -1
 -1
 -1
 1
 1
 -1
 -1
 1
 1
 -1
 1
 -1
 -1
 -1
 1
 -1
 1
 1
 1
 -1
 -1
 1
 1
 -1
 -1
 -1
 1
 1
 -1
 1
 -1
 -1
 -1
 -1
 -1
 1
 1
 1
 1
 -1
 -1
 -1
 1
 1
 -1
 -1
 1
 -1
 -1
 -1
 1
 -1
 -1
 -1
 1
 -1
 1
 -1
 1
 -1
 -1
 -1
 -1
 -1
 -1
 1
 1
 1
 1
 1
 -1
 -1
 1
 -1
 -1
 -1
 -1
 1
 -1
 1
 -1
 -1
 1
 -1
 -1
 -1
 -1
 1
 1
 1
 1
 1
 -1
 -1
 1
 1
 -1
 -1
 -1
 -1
 1
 1
 1
 1
 1
 -1
 -1
 -1
 -1
 -1
 -1
 1
 -1
 -1
 1
 1
 1
 1
 -1
 -1
 -1
 1
 -1
 -1
 1
 1
 -1
 1
 -1
 -1
 1
 1
 -1
 1
 1
 -1
 -1
 1
 -1
 1
 1
 -1
 1
 -1
 -1
 -1
 1
 1
 1
 1
 1
 -1
 1
 -1
 1
 -1
 -1
 -1
 1
 1
 1
 1
 1
 -1
 1
 1
 1
 1
 -1
 1
 -1
 -1
 1
 -1
 -1
 -1
 -1
 1
 1
 1
 1
 1
 1
 -1
 -1
 1
 -1
 1
 -1
 -1
 1
 -1
 1
 1
 1
 -1
 1
 -1
 1
 1
 1
 -1
 -1
 1
 1
 -1
 -1
 1
 1
 1
 1
 1
 1
 -1
 -1
 1
 1
 1
 -1
 -1
 1
 -1
 1
 -1
 1
 1
 1
 -1
 -1
 1
 -1
 1
 1
 -1
 1
 -1
 -1
 -1
 1
 -1
 1
 1
 1
 1
 1
 -1
 1
 -1
 1
 1
 1
 1
 -1
 1
 -1
 -1
 -1
 1
 1
 -1
 1
 1
 1
 -1
 -1
 1
 1
 1
 -1
 1
 1
 -1
 -1
 -1
 1
 -1
 -1
 1
 1
 -1
 -1
 -1
 -1
 -1
 -1
 -1
 -1
 1
 -1
 -1
 -1
 -1
 -1
 -1
 1
 1
 -1
 1
 1
 -1
 -1
 1
 -1
 -1
 1
 -1
 -1
 -1
 -1
 1
 1
 1
 1
 -1
 -1
 1
 1
 -1
 1
 -1
 -1
 -1
 -1
 -1
 1
 1
 1
 -1
 1
 -1
 -1
 -1
 -1
 1
 1
 1
 -1
 -1
 -1
 1
 -1
 -1
 -1
 -1
 -1
 -1
 -1
 -1
 -1
 1
 1
 1
 -1
 1
 1
 -1
 -1
 -1
 -1
 -1
 1
 1
 1
 -1
 -1
 -1
 1
 -1
 1
 1
 1
 -1
 1
 1
 -1
 -1
 -1
 -1
 -1
 -1
 1
 -1
 -1
 1
 -1
 1
 1
 1
 1
 -1
 1
 1
 1
 -1
 -1
 1
 1
 -1
 1
 1
 -1
 -1
 1
 1
 1
 -1
 -1
 -1
 1
 -1
 1
 -1
 -1
 -1
 -1
 1
 -1
 1
 1
 1
 -1
 -1
 -1
 -1
 1
 1
 -1
 -1
 1
 1
 1
 1
 1
 1
 1
 1
 -1
 1
 -1
 -1
 -1
 1
 -1
 -1
 1
 1
 1
 -1
 -1
 1
 -1
 1
 -1
 1
 -1
 1
 1
 1
 1
 -1
 1
 1
 -1
 -1
 1
 -1
 -1
 -1
 -1
 1
 -1
 -1
 -1
 -1
 1
 -1
 -1
 -1
 -1
 1
 -1
 -1
 1
 -1
 -1
 -1
 1
 -1
 1
 -1
 -1
 -1
 -1
 -1
 1
 1
 -1
 -1
 1
 -1
 -1
 1
 1
 -1
 1
 1
 1
 -1
 -1
 -1
 -1
 -1
 1
 -1
 -1
 1
 -1
 1
 -1
 -1
 1
 1
 1
 1
 1
 -1
 1
 -1
 1
 1
 1
 1
 1
 -1
 1
 -1
 1
 1
 -1
 1
 -1
 1
 -1
 -1
 -1
 1
 1
 1
 1
 -1
 -1
 -1
 1
 -1
 -1
 -1
 1
 1
 1
 1
 -1
 -1
 -1
 -1
 1
 1
 -1
 -1
 1
 -1
 -1
 1
 -1
 1
 -1
 1
 -1
 -1
 1
 1
 -1
 1
 -1
 1
 1
 1
 -1
 -1
 -1
 -1
 1
 -1
 -1
 1
 -1
 1
 -1
 -1
 1
 1
 -1
 1
 1
 1
 1
 1
 1
 1
 1
 1
 1
 1
 1
 -1
 -1
 -1
 -1
 -1
 1
 -1
 -1
 -1
 1
 -1
 -1
 -1
 -1
 1
 1
 -1
 1
 -1
 -1
 -1
 -1
 1
 -1
 1
 -1
 1
 1
 1
 1
 -1
 -1
 -1
 1
 -1
 -1
 -1
 1
 1
 -1
 -1
 -1
 1
 1
 1
 1
 1
 1
 -1
 -1
 -1
 1
 -1
 1
 1
 -1
 1
 -1
 -1
 -1
 1
 1
 -1
 1
 1
 -1
 -1
 -1
 1
 1
 1
 -1
 1
 -1
 -1
 -1
 1
 -1
 -1
 1
 -1
 -1
 1
 -1
 1
 1
 -1
 1
 -1
 -1
 1
 -1
 1
 -1
 1
 -1
 1
 1
 1
 -1
 -1
 1
 1
 1
 1
 -1
 1
 -1
 1
 -1
 -1
 1
 1
 1
 1
 1
 1
 -1
 1
 1
 1
 1
 1
 1
 1
 -1
 1
 1
 -1
 -1
 -1
 1
 -1
 1
 1
 -1
 1
 1
 1
 1
 -1
 1
 -1
 -1
 1
 -1
 1
 -1
 -1
 1
 1
 -1
 1
 -1
 1
 -1
 1
 1
 1
 1
 -1
 -1
 -1
 -1
 -1
 -1
 1
 -1
 -1
 1
 -1
 1
 -1
 1
 -1
 -1
 -1
 -1
 1
 -1
 -1
 -1
 1
 1
 1
 -1
 -1
 -1
 -1
 -1
 -1
 -1
 1
 -1
 -1
 -1
 1
 1
 -1
 -1
 1
 -1
 -1
 -1
 -1
 1
 1
 1
 1
 1
 1
 -1
 -1
 1
 -1
 1
 -1
 -1
 1
 1
 -1
 1
 -1
 1
 -1
 1
 1
 -1
 1
 -1
 1
 -1
 -1
 -1
 -1
 1
 1
 1
 1
 1
 1
 1
 -1
 1
 1
 -1
 1
 -1
 1
 -1
 1
 1
 -1
 -1
 -1
 -1
 1
 -1
 1
 -1
 -1
 1
 -1
 1
 1
 1
 -1
 -1
 -1
 -1
 -1
 1
 1
 -1
 -1
 1
 1
 -1
 -1
 1
 -1
 1
 -1
 1
 -1
 1
 1
 1
 1
 -1
 1
 -1
 1
 -1
 -1
 -1
 1
 1
 -1
 -1
 1
 -1
 -1
 1
 -1
 1
 -1
 1
 1
 1
 -1
 1
 -1
 -1
 -1
 1
 -1
 1
 1
 -1
 1
 1
 1
 -1
 -1
 1
 -1
 -1
 -1
 1
 1
 -1
 1
 1
 -1
 -1
 -1
 -1
 -1
 -1
 1
 1
 -1
 1
 1
 -1
 1
 1
 -1
 -1
 -1
 1
 -1
 -1
 -1
 -1
 1
 -1
 1
 1
 -1
 -1
 1
 1
 -1
 1
 1
 1
 -1
 1
 -1
 -1
 -1
 1
 1
 -1
 1
 -1
 1
 -1
 -1
 -1
 1
 -1
 1
 1
 -1
 -1
 -1
 1
 1
 1
 1
 1
 1
 1
 1
 1
 1
 1
 -1
 -1
 1
 1
 1
 1
 -1
 1
 -1
 -1
 -1
 1
 -1
 1
 -1
 1
 1
 -1
 1
 -1
 -1
 -1
 1
 -1
 1
 -1
 1
 1
 -1
 1
 -1
 -1
 -1
 -1
 1
 -1
 1
 -1
 1
 1
 -1
 -1
 1
 1
 1
 1
 1
 1
 -1
 -1
 -1
 1
 1
 -1
 -1
 1
 1
 -1
 1
 -1
 -1
 1
 -1
 1
 1
 1
 -1
 -1
 -1
 1
 1
 1
 -1
 -1
 1
 1
 -1
 -1
 -1
 -1
 1
 -1
 1
 -1
 -1
 -1
 1
 1
 1
 -1
 -1
 1
 -1
 1
 -1
 -1
 -1
 1
 -1
 -1
 -1
 -1
 1
 1
 -1
 -1
 -1
 1
 -1
 -1
 1
 -1
 -1
 -1
 -1
 1
 1
 -1
 -1
 1
 1
 -1
 1
 1
 1
 1
 -1
 -1
 1
 -1
 1
 1
 -1
 -1
 1
 -1
 1
 1
 -1
 1
 1
 1
 1
 -1
 1
 -1
 -1
 1
 1
 -1
 -1
 -1
 -1
 -1
 -1
 1
 -1
 -1
 1
 -1
 1
 1
 -1
 1
 1
 -1
 1
 -1
 1
 -1
 1
 -1
 -1
 1
 1
 1
 1
 -1
 -1
 1
 -1
 1
 -1
 -1
 -1
 1
 1
 1
 -1
 1
 1
 1
 1
 -1
 1
 1
 1
 1
 -1
 -1
 -1
 1
 1
 1
 -1
 -1
 -1
 -1
 -1
 1
 -1
 1
 -1
 -1
 1
 -1
 1
 -1
 1
 1
 1
 1
 1
 -1
 -1
 1
 -1
 1
 -1
 -1
 -1
 -1
 1
 -1
 -1
 -1
 -1
 1
 1
 -1
 1
 -1
 1
 1
 -1
 1
 1
 -1
 -1
 1
 -1
 -1
 1
 1
 -1
 1
 -1
 -1
 -1
 1
 -1
 1
 -1
 -1
 1
 -1
 1
 -1
 -1
 -1
 1
 -1
 1
 1
 -1
 -1
 1
 -1
 1
 -1
 1
 -1
 1
 -1
 -1
 1
 -1
 -1
 1
 1
 1
 1
 1
 1
 -1
 -1
 1
 -1
 -1
 -1
 1
 -1
 1
 1
 1
 1
 -1
 1
 -1
 1
 1
 1
 1
 -1
 1
 1
 1
 -1
 -1
 -1
 -1
 -1
 -1
 1


