# Created by Octave 8.4.0, Thu Dec 11 09:47:20 2025 IST <gamana@Samsung>
# name: rician
# type: complex matrix
# rows: 2048
# columns: 1
 (-0.90011399314568885,0.10858339725316266)
 (-0.91386595393622594,-0.074979793069725187)
 (-1.0124214775163674,-0.74400047151365845)
 (0.64744572841540415,-0.46548480131821685)
 (0.89897568799776839,0.17998505883159346)
 (-0.76355713270187786,-0.20988209051379714)
 (-0.74965363012486941,0.12391493794042703)
 (1.2477439223661779,0.037688822389317096)
 (0.9307533878758858,0.62677177580740484)
 (0.78071538838333043,-0.57242349551087279)
 (-1.3353732375929128,0.24382855236777037)
 (-0.80309900733440909,0.2753941828767244)
 (0.55840156801465812,0.095658025047002257)
 (-1.1042764036955339,-0.11873187166464125)
 (0.97481536386586876,0.070862063888489743)
 (-0.80300499723860019,0.82580655406348147)
 (1.0274957860830436,0.15615769941433036)
 (0.10602874027014086,-0.14474843283141525)
 (0.45521320962627537,0.1420811833997708)
 (-0.35034820633907116,-0.48048170902387732)
 (0.9195353942739608,-0.14948893478819286)
 (-0.68257973574435959,-0.48135782353908441)
 (0.89304375401344405,-0.20075441995400803)
 (-0.73522944482140407,-0.1125561400889607)
 (-1.355176654443087,0.34521424924014127)
 (0.65553337822604996,-0.03416722382582494)
 (-0.30441074718808847,0.62777083022876357)
 (-0.36703593187699846,0.067807342995811273)
 (1.3116847983475486,0.21002210218235282)
 (0.31702088251949501,0.018182620736275329)
 (1.2704971210898093,-0.3139920802955371)
 (-0.30239480319871648,0.43864302770496588)
 (1.0301268825846668,0.17703456388742292)
 (-0.9593745707718484,-0.72949189090059052)
 (1.2019595191888386,-0.14146954137856113)
 (0.66223406983736077,0.11209544968990795)
 (-0.37934960627977021,-0.3696442356593449)
 (-0.94773248920339115,-0.67384507398029214)
 (-0.6281535074905954,-0.75044759202058398)
 (-1.1091095542683116,0.099503977240676111)
 (0.92916279079122621,0.21978938680123258)
 (-0.83717499143955132,-0.17284037369977706)
 (0.6952298401375232,0.23107469291935004)
 (-1.0936796021060915,0.27646171534061725)
 (1.0961145887666062,-0.46555005998511162)
 (0.9209964800003595,-0.15274338652443523)
 (-1.1476510237825039,0.54433191930415192)
 (-0.32073069512856622,0.14581457184549632)
 (-0.8566301226543227,-0.075826808790537173)
 (0.2548863946427421,-0.7279709898448774)
 (-0.60670187014380317,-0.4918962135771624)
 (-0.89280462729727528,0.72513528155748408)
 (-0.5458408145235738,-0.30344873187556332)
 (-1.1911708291312115,0.053143339777037932)
 (1.0102334673425466,0.29191025807995075)
 (-0.87358248885856682,-0.12810268116507112)
 (-1.1771880975717175,-0.10980984540859344)
 (-0.76241594942064594,0.05801497999453805)
 (-1.2017322796336456,-0.018331447858834216)
 (-0.68489256277838262,-0.19486142891057565)
 (1.1731803096604572,-0.31224116897786319)
 (-1.0680905697424399,-0.5447249856066072)
 (1.2070414441223911,-0.65866354171663899)
 (0.82330016632849745,-0.14432871238815817)
 (0.61876726664776571,-0.59018802554600391)
 (-1.1323514789877303,-0.27591474854515968)
 (-1.2232675111278888,0.0062589175172863181)
 (0.20109598387168814,0.0071303861132561517)
 (1.7344628400106803,0.0054831649328577524)
 (-1.262958665387397,-0.34340806206813779)
 (-0.049198063961391036,0.23353169110926311)
 (-0.79359471925728275,-0.064959797139573672)
 (-1.3979327547991052,0.61798228670714483)
 (0.48120517676741192,-0.66305187155438117)
 (-1.4431386721325992,-0.15279117223096103)
 (1.1798544240909732,0.085833184662180526)
 (0.55877242777182912,-0.080790506630122896)
 (-0.20775900337061581,0.13101136324329374)
 (1.1782415374469242,0.27582268479266003)
 (1.088707998717988,0.021674831838852514)
 (0.85526075146152414,0.33931926289731523)
 (-0.15122058947869799,0.37849980867255922)
 (-1.057754888685621,-0.040430938173125208)
 (1.3507329475766316,-0.55748063562273986)
 (-0.89431400624489221,0.27290075371950762)
 (-0.80430000426136861,0.3989944098672179)
 (-0.86282379672662579,-0.1333725863818731)
 (0.79989550597621129,-0.021108057256203884)
 (0.80122291626353026,-0.045726782478687625)
 (-1.0889376408345921,0.015452100249515564)
 (0.97182954938907107,-0.37610789547361656)
 (-0.67602614434620756,0.022294283402147001)
 (0.40982063862546664,-0.22835610933554901)
 (1.3513797114241564,0.13280408254520085)
 (0.63100703744564501,-0.031244662141283734)
 (-1.1668053157231884,0.9545525601567808)
 (-0.97602784483458982,-0.095093977694249057)
 (-0.79778153687790843,0.24475759043924242)
 (0.69508575225668245,0.22963357360540043)
 (1.3224261032175024,0.17338130696552762)
 (-0.97362640966672165,-0.37593765923604305)
 (0.79414778046621293,0.16624501305072947)
 (-1.0236498696098222,0.020518216714261229)
 (-1.3321298203351095,-0.37333264355596818)
 (-0.82964437976954186,0.28891229675284064)
 (0.49780194144173662,0.019786009976924826)
 (1.054429755767069,-0.5745984527463569)
 (0.99186385772408969,0.36938833476881783)
 (-1.2463442991854616,0.71124381925193769)
 (-0.33210424081383383,-0.40770257800933396)
 (-0.4001836838945062,-0.14658977370144746)
 (-2.0338093584595707,0.057269743660396825)
 (-1.2551875219021573,0.1479461299634221)
 (-1.4984866311431677,-0.43617052812162072)
 (0.92078549074849403,-0.5256727605050846)
 (-1.3528540607094519,0.22329411056419968)
 (0.3734474120055451,-0.34684272939704214)
 (-1.0102894099398081,0.01475028028382362)
 (-1.1377255860682289,-0.32326988299768672)
 (1.3133563398754924,0.15070498872771498)
 (0.41317434274134152,-0.080628023353116932)
 (1.2442343911613745,-0.09659469137526315)
 (0.51643612117900972,-0.099135514526458884)
 (1.0616673693851069,0.10856969501075978)
 (1.3294887983163144,0.29444114685174144)
 (-0.30390070136985314,-0.070338707612451284)
 (-1.0308308123561882,-0.32385119793432454)
 (-0.90676563335346261,0.63539441752984116)
 (0.57238278792823172,0.18299616170716515)
 (-0.78302305007190331,-0.48080631419242714)
 (-0.43373549995659161,-0.43139629857275102)
 (0.7947380825570376,0.66733202733710684)
 (0.90700900048890631,-0.13670855475633251)
 (-1.0152193568063892,-0.10903553084873645)
 (0.58850075062558505,0.056997765071880514)
 (-1.146901044040801,0.72464049061325897)
 (0.91696750761376455,0.058151180858636381)
 (-0.52554784698453638,-0.021352372424780386)
 (-1.0585548985913833,-0.098378781455593631)
 (-1.0962144567013465,0.23027081396748394)
 (1.5442054273281314,0.0528286417655425)
 (1.1539190421153489,0.87827118291323503)
 (1.5680779794493853,0.29141092833473853)
 (-0.13335408628680079,0.58075773268129549)
 (-0.57417991846385119,0.20768128670027119)
 (1.9034608455401556,-0.11288754563529799)
 (-1.212617333688037,-0.24312001174217979)
 (-1.211397385276046,0.0060042808881985476)
 (-0.5093499565484787,0.64622652873459885)
 (0.67521081777071645,0.2205227219023369)
 (-1.3710288291041228,-0.097209436052707474)
 (-1.0808117334066043,-0.070423141853546853)
 (1.0230187642361006,-0.14350846203735104)
 (0.87738689121711211,-0.52829574234382526)
 (-0.6660094886490292,-0.39899627219687889)
 (1.1335134504601165,0.11650243089586836)
 (0.75717589259278395,-0.0099659756357188944)
 (1.1329737856569972,0.32615567607191076)
 (-0.29459544729869147,-0.025028283167300918)
 (-0.81545651941747899,0.43290394642580116)
 (0.85146307122095877,0.25938381912155134)
 (-1.0914799321749087,-0.13795330700412595)
 (-0.84097026743930092,0.65181348345330747)
 (-0.92630826089720453,0.33162244787293266)
 (-0.941995361880684,0.23322181904536915)
 (-0.36937141874011287,0.50293670441909988)
 (0.044480873575734048,-0.14670968670614679)
 (-0.53199804964417852,-0.14260586572204428)
 (1.3161767270958791,0.092861199263465199)
 (-0.9459660968825474,-0.34809641090287596)
 (-1.0219919621982001,-0.39588323652538437)
 (-0.81215127271267396,0.062445422742267741)
 (-0.97952561102393798,-0.17678627897784255)
 (-0.48941703970300937,-0.15715100170423638)
 (0.89594962134714129,-0.16713991310056556)
 (-1.2323450897930781,-0.22591236313014276)
 (0.47539547612584415,-0.00017172563321131207)
 (1.0218158363610876,-0.16006116229085027)
 (0.78636308400065158,-0.10554172347315059)
