# Created by Octave 8.4.0, Thu Dec 11 09:47:20 2025 IST <gamana@Samsung>
# name: rayl
# type: complex matrix
# rows: 2048
# columns: 1
 (0.64867480156331203,0.54074900831916417)
 (-1.2064220308536282,0.22603939457447475)
 (-0.45425966812062596,-0.54627852730145843)
 (0.47162642787398129,0.38272369283605634)
 (-0.30898726877122235,-0.14999558128408827)
 (0.28938402891637949,1.1261826583236652)
 (0.35089701980868176,0.21168292150379159)
 (-0.2589011169274491,0.67468869601301706)
 (0.69797449522744515,0.17424903205213327)
 (-0.43880257921241439,-0.33203228908662102)
 (-0.017633707364414587,0.46631410520922006)
 (-0.12197419046508824,-0.19303854885085583)
 (-0.319174523294394,0.56555189840557196)
 (0.49212593038129399,-0.16680988116134959)
 (0.16721503164864557,-0.54772964221939957)
 (-0.52293532497291673,-1.2409071527275848)
 (0.83248857388499653,-0.52330156650850712)
 (-0.1999774063185942,-0.0010874529636875534)
 (0.49316221109619318,0.97647131592945091)
 (0.5718390165083661,-0.56420094134742549)
 (-0.22896960955876214,-0.18886328402161953)
 (-1.0616663501748635,-0.49025925972836665)
 (-0.73877473581425579,-0.24267134348808655)
 (0.45499306731829925,-0.70686405416246445)
 (-0.42928785024434224,-1.5295911490678562)
 (0.21028765206761282,0.64388928288476832)
 (0.51432541103820772,-0.50363725817712346)
 (0.50152966549172417,-0.90143919272865303)
 (1.1242181195616461,0.52567393514894767)
 (0.32858375873521151,-1.4640125779288344)
 (-0.13177694894734462,0.082124850627930998)
 (0.1976761830809082,0.03884422487612333)
 (1.1146168534701759,0.92035592202171224)
 (-0.13720565370447912,-0.45985861053864524)
 (-0.075323198662599469,-0.76991803091735189)
 (-0.16848431501807756,0.41924083084199304)
 (0.24730749272477615,0.25313157415491339)
 (0.8270479983362321,-0.67563718258942107)
 (0.75980724723496795,-0.30444744390180711)
 (0.59854924177688507,-0.68944518781673303)
 (0.44014961928652019,-1.2700974857490623)
 (-0.81765878429094285,1.0697242671498808)
 (-0.11988488344769593,-0.67517625875897247)
 (-1.2226688301035453,-0.50777407409939579)
 (0.62703405242146049,0.78009280407665815)
 (-0.4799822022087869,-0.35582601812015652)
 (-0.30524941633507974,0.067418623465282365)
 (-0.28373583659745361,-0.58530469730434165)
 (0.6067867217598063,0.47179261585181564)
 (-0.24428688678751553,-0.65522090450368775)
 (0.43964535248440523,0.4056933764863046)
 (-1.0763765384611186,0.1179901841099654)
 (-0.91512537363021451,1.3397638484938783)
 (1.2707883736643315,0.11001264056630183)
 (0.85145028629006891,0.55797600418713256)
 (-0.13046138109832792,0.064692383126979197)
 (-0.59296150267726455,-0.88625694704802294)
 (-0.16649381237534128,0.071725047992596908)
 (-0.26744366986615281,0.17078981140445879)
 (0.4492856796906699,-0.6814779079820239)
 (1.01058388367643,-0.82424780520823948)
 (0.51515369615347484,-0.23566033448094076)
 (0.77576724972490796,-1.0419808833565405)
 (-1.3022751222712272,-0.33432096305086983)
 (-0.39382129107995795,0.90112702948859413)
 (0.14417029382320024,0.30976951538990949)
 (1.59822433128081,0.43240005196793646)
 (0.73273567954450602,-0.088344401376364845)
 (1.0063222022664555,-0.19687864264672519)
 (-1.1472581329221556,-0.21006036021448393)
 (0.3171508534045922,-0.076984061542376109)
 (0.3396656225066188,0.081408899319333553)
 (-0.49293855646895751,0.67814545951076133)
 (1.3772883928543114,0.39785100185929534)
 (0.25940032742206226,-0.35160333852705539)
 (-0.021997073365354416,0.46906516819883143)
 (-0.32183759753860902,0.28074695651904663)
 (0.46092875471298855,-0.087768825157838584)
 (-0.35822857291883431,-0.56627372790927921)
 (0.90506469660930589,-0.30386527617115044)
 (-1.0690371445690765,0.369749065175903)
 (0.18925577941927743,-0.07209892348806389)
 (-0.63338430754426167,-0.79928263585133275)
 (0.013672299389357443,1.0127096011697436)
 (-0.9233016752163844,-0.1269215036483835)
 (0.46307057094430021,0.65478629079483519)
 (0.54076374645920611,0.10476164846192006)
 (0.98747767707907175,0.70476988646908945)
 (0.56592671543177719,1.0451306020832685)
 (0.61167625770750744,0.12877078211169349)
 (-1.1117791862854807,-0.12025420566638524)
 (0.14339330754868326,0.32213561865427076)
 (-0.76419411187240738,0.044123583132648872)
 (0.43562095925549099,-0.025057559757279288)
 (0.45196126646247564,0.40080317413967048)
 (0.17148289499373237,-0.53326801451053762)
 (0.73801496488658036,0.45215002315596847)
 (-1.3434763390599949,-1.6118498505666397)
 (0.48030864710205468,-1.62707403025469)
 (-0.26816963563739471,-0.49541007752387739)
 (1.0309542403299095,0.12538364264577589)
 (1.3502170116581738,-0.84533058266629091)
 (-0.14736738515000447,0.129857216727922)
 (-0.73048987483451588,-0.25025874898213363)
 (-0.43701041830707066,1.2265944146120935)
 (0.37336121176811704,-1.0738697968359261)
 (-0.070528076304891663,0.40026718823097701)
 (-0.91929893478871727,0.16630646422230003)
 (-0.26448445534912984,0.63556910805853339)
 (-0.99009449332193789,-0.49714301213953627)
 (1.381307508664104,0.034458678215076019)
 (0.53763130564759065,-0.25333159247777437)
 (-1.0976508441962005,1.3410586264997317)
 (0.27867028016791717,-0.73345064257338699)
 (1.0002865113408026,0.53604609241980405)
 (-0.28945931934596608,-1.1612301833201808)
 (0.053427245454947724,-0.11807576861949791)
 (0.21663716248874931,0.81217504201260748)
 (-0.03104612646769658,0.3998614374896689)
 (-1.0928023728296099,-0.029178952155443878)
 (-0.057687692687074223,-1.055389635233271)
 (0.42804694598393017,0.70535795839178161)
 (0.64300477556908198,0.55665336428306655)
 (0.31722320462128639,-0.40302661800614287)
 (0.1299362212368535,-7.844908285827663e-05)
 (-2.3240615587950684,-1.7650049894680502)
 (-0.29108641004848684,0.73624734493342026)
 (-0.042000613173230707,-0.40737681875199744)
 (0.29593165202908867,0.40400348302548594)
 (0.34285385514478411,-0.18380988789679856)
 (0.26238255269561184,0.035697534419189998)
 (-0.56852168257793023,0.5941195155342045)
 (-0.094779692147026848,0.67147396470623921)
 (-0.56843788506386284,-0.27174218601051259)
 (0.29081974584532877,0.19282319474310439)
 (0.044190142969928681,-0.12830335080749647)
 (-0.14781756018481068,-0.51736179803963223)
 (-0.52337469624937549,1.1917773170704524)
 (-0.94498577011344176,0.27711311861150972)
 (-0.16006773144949552,0.22722736469126922)
 (-0.13810937662717732,0.29062608266331619)
 (-0.038692012457499161,0.52448920458775161)
 (-0.29655506870991855,1.1759149128508453)
 (0.5248396267454577,0.70836078543856384)
 (-0.059276284575069164,-0.11795656436349952)
 (-0.42118198513755145,1.2017973979598275)
 (0.80576181004787883,0.1294044416140977)
 (-0.32814627652306255,0.23597621105798247)
 (-0.27465017551666027,0.67045188993843741)
 (0.10445148142589046,-0.40158658872768149)
 (1.047352142242445,0.38251926834239008)
 (-0.40765561416817286,0.1733192609065341)
 (0.54388836239435678,-0.19358529120622109)
 (0.47720218361447209,-1.661125203416798)
 (0.18612610105179075,0.2166490765906022)
 (-0.8087945413717752,0.70277420051683293)
 (0.45129073080475895,-0.98758857237928865)
 (0.23035398662399023,0.43166314530806676)
 (0.58321412729776512,1.2207917525572873)
 (-0.34066067046905713,-0.63258156799047449)
 (-0.25974346175843083,-1.2905775084613298)
 (-1.8709435697343428,0.15606907810684553)
 (0.8456951266789976,-1.0646320339640138)
 (-0.92741694196908486,-0.62835171708314974)
 (0.20093252042327442,-0.9488659167421809)
 (0.87567468010407401,0.48833945534512024)
 (-0.29656199597540156,-0.15436340136944801)
 (0.96762204728388146,0.75368756676269044)
 (0.30233979765260405,-0.89306961915773808)
 (-0.21645248981644821,-0.10164766953068501)
 (-0.074488745494629027,1.0694076190808328)
 (0.44340296773820648,0.59469906683168172)
 (0.8724739124869767,-0.5705215894943324)
 (0.027437503340935671,0.43425877615045083)
 (-0.22221579280623796,-0.77150677237812959)
 (0.32386255329913149,0.42493294258437792)
 (-0.61101084608620027,0.42002711843543244)
 (0.60246123573388044,-1.0657361536264824)
 (0.64118665628498384,-0.40651518068948733)
 (0.44935520885496594,0.18060179075686533)
