# Created by Octave 8.4.0, Thu Dec 11 09:47:20 2025 IST <gamana@Samsung>
# name: awgn20
# type: complex matrix
# rows: 2048
# columns: 1
 (-1.0725532411271486,-0.025683606801109163)
 (-0.97133730020895748,-0.050391074591961432)
 (-0.91940293471665535,0.04893123530461433)
 (1.0440323109516765,0.042525355455426329)
 (1.0854487959550467,0.043438891815383088)
 (-1.0853790058810775,-0.015678204189415981)
 (-1.0720790084368752,0.11832736842035851)
 (1.027755480462391,-0.013132454019620371)
 (0.98981021676473513,-0.10555344487097847)
 (0.96202680463474299,-0.026743158685255005)
 (-0.90554132441759227,0.050813582152887851)
 (-1.1168652985517673,0.00034913708068073218)
 (0.90673056366339766,0.068674017144699159)
 (-1.0344925264704363,-0.10494873902865182)
 (1.0499457732850526,-0.074871196006908572)
 (-1.0055861564616588,0.070004442214543341)
 (1.1086233266671044,0.011353619031819829)
 (0.9831095308153418,-0.026093711365963109)
 (0.99132188521899267,-0.056212125356830338)
 (-1.0582564709597899,0.035582978397609953)
 (0.96616088221750973,-0.0080089649794385098)
 (-0.99916369240290637,-0.033360016782210691)
 (1.036618623837577,0.014690385795919162)
 (-0.99266696123415388,-0.010473658210181759)
 (-1.0962337014132388,0.073686241809019754)
 (1.0470155621823334,-0.015092444327362578)
 (-1.0838889404447738,-0.0023604215116931212)
 (-1.1349661694165574,-0.1280684505065306)
 (0.9780847947233291,0.084854435254572411)
 (1.0390605071023642,-0.028440246092890489)
 (1.1021216148026307,0.17802090666383141)
 (-1.049253085641207,0.062643533083745429)
 (0.92692107810704993,0.14423770585933873)
 (-0.96645355083877316,0.09626463233493926)
 (1.1007155266499036,0.015333410969629738)
 (0.98970196761005991,-0.074043778258570184)
 (-1.0254594951100144,-0.012667937128610408)
 (-1.0494948246143829,0.030098085969603339)
 (-1.1319893798202165,0.048722738758220072)
 (-0.99833474003522871,0.089774683544740608)
 (1.0602742401147585,0.01676216572803859)
 (-0.99959007711795977,-0.064072418848773724)
 (1.0188076745955239,-0.048519763745379557)
 (-0.96200496389261814,0.019725089815378728)
 (0.99568620930570162,0.042495532820842369)
 (1.0189173685237276,0.034705525818536601)
 (-0.94755483562834331,0.037692466497301368)
 (-1.170626308200069,0.096225279624997467)
 (-1.0465185474115688,0.086507807974075465)
 (1.0220684507200388,0.090923622557875214)
 (-1.0070559494378981,0.13923836839640422)
 (-0.88383661155332305,0.010672865297436451)
 (-1.0261096668464098,0.0029160204231726368)
 (-0.92200404207860598,-0.045533570156399139)
 (1.0513936634980776,0.11127125137530716)
 (-0.88277183673417259,0.021502333035650505)
 (-1.0675151539776171,-0.030129421088103066)
 (-1.1096735304064078,-0.014120562914326604)
 (-1.014807958906762,-0.047385180519392868)
 (-0.92498180481440329,-0.06080687352061135)
 (0.92364366751343496,-0.015915452035806372)
 (-1.0383072644305555,-0.0051249447926298543)
 (1.0131415805872197,-0.029477910525752188)
 (1.0284679699991792,0.011374799337413621)
 (1.0494654794236402,-0.032897281927008727)
 (-0.9145358645920586,0.048387775887149376)
 (-1.0171184706175971,-0.090942085415761154)
 (0.98725708057092243,-0.053957627097266196)
 (1.0290593729963045,0.019946283925422262)
 (-0.95117251221385335,-0.084775727126974454)
 (-0.94796650486730683,0.037771813860360222)
 (-1.0661719882464731,0.002255133294335437)
 (-1.0929927239640254,-0.045107197428398728)
 (0.91208962536741756,0.02262832817223269)
 (-0.8619200210767799,0.054795559528077187)
 (1.0731339166425864,0.083573536195390333)
 (0.99967196440036921,0.094837110401127883)
 (-0.87806903393530777,-0.024605281540782484)
 (1.0430688620882724,-0.059923198288979254)
 (1.064903068660739,0.0082734212540019596)
 (0.9315327577046878,-0.17874251507268976)
 (-0.93528434598378041,-0.005642464907992242)
 (-0.98971574041836752,-0.090409892846511214)
 (1.0728621205754862,-0.07234079260435726)
 (-0.89380830871073724,0.14593819189085283)
 (-1.052833724189568,-0.049702276830669453)
 (-0.93276581042407414,-0.022855478436459839)
 (0.92208383437836883,0.12050059044724591)
 (1.0295165813843967,0.063657215379903639)
 (-1.1306198576059283,0.010400814301075948)
 (0.96144959729471013,-0.086219845305646997)
 (-1.0075995904770543,-0.06392856911943734)
 (0.9552669467409759,0.031735061322578272)
 (0.88523227120865522,0.012186277073540103)
 (1.0532901001838755,-0.045595097348347852)
 (-0.8790982516816126,0.064488066342497527)
 (-0.97443903052998693,0.010188175170074839)
 (-0.98342334606757864,0.14320664308675954)
 (0.99957746720102369,0.031124754324560674)
 (0.92426207290258189,0.078977051800453099)
 (-1.1126157262366032,0.05455788651780618)
 (0.93527620372806453,0.045908455941052917)
 (-0.90503775069879833,0.023502173385228753)
 (-1.1200083558821292,-0.12894802076404041)
 (-0.89079770585566664,-0.0011897040185102354)
 (1.0307246758027522,-0.09821790520826254)
 (1.0321460815468793,-0.052303375863915397)
 (0.93016167576601161,0.11642909701680977)
 (-0.85650323747960688,0.00015923656765904547)
 (-1.0611911833769947,-0.0013999937185512578)
 (-0.96137543532567749,-0.00038085826502032148)
 (-1.0537595242635376,-0.04319152544671543)
 (-0.7840949155743635,0.019693739453529681)
 (-1.0394994013439711,-0.082867365894059061)
 (1.2008155400358929,0.025054152869333424)
 (-1.0418254706016818,0.0067408773221048109)
 (0.93146043951650925,0.107905346630398)
 (-1.014352916406404,0.036912664889506015)
 (-0.97647818764163941,-0.014473126702699571)
 (0.99587118178804923,0.015134902698053856)
 (1.0182095321476234,-0.068772757802359211)
 (0.92918887057247923,0.080280545818419188)
 (0.96739971812669845,0.157602052262863)
 (1.0205729663789174,0.041771501789881538)
 (0.93460415416422016,-0.019969816122509049)
 (-0.91921364764234881,-0.087362040088303339)
 (-0.99932403339324083,-0.091532096207317948)
 (-1.0280023454084661,-0.1223058950681134)
 (1.0158357453724478,-0.1085027283887782)
 (-1.0748248698379121,-0.014711386642219222)
 (-1.1078007193128843,-0.1622018956022272)
 (0.92508136279067865,-0.025015148553467887)
 (1.0204705625388368,-0.021483658984859225)
 (-0.91777856695764526,0.081620462215127976)
 (1.0499799671111327,0.0042326766149220615)
 (-0.98898112391059689,0.041755181638816745)
 (1.0352102984795752,-0.031698131222340831)
 (-1.0476837922714879,0.11127344791955514)
 (-0.88540239756952943,-0.099913357996924176)
 (-1.0541963491749182,-0.11424303021008256)
 (0.95134263138859754,-0.077318948480545713)
 (0.96411156623292038,-0.003327174101214941)
 (0.97962683863100974,0.030728583899910102)
 (-1.0193434055119974,-0.043748312081806948)
 (-1.0269108266042777,0.016478790474192716)
 (0.92243667355940551,-0.036671888103912698)
 (-0.95880587972803144,-0.01425615969820395)
 (-1.0514268310405681,-0.027947315999369456)
 (-0.91337681215839872,0.088990448849695175)
 (0.96942700253004732,0.029137389123917085)
 (-1.0077726791113799,-0.055099446177088632)
 (-1.0565367484023578,0.02907641402069305)
 (1.0134853651333096,0.18262263766319084)
 (0.99519933380616543,0.058782116068891291)
 (-1.0511025116846724,-0.035815562664700783)
 (0.92194863427678164,0.049917546509269391)
 (1.0839453823138834,0.081253366176194594)
 (1.0722103247523456,-0.0030128876379750071)
 (-1.0876081944158627,-0.057802484052177555)
 (-1.1585573101046087,-0.098105150946026065)
 (0.93113982357572933,0.04510341679515132)
 (-1.072787614855373,0.0579601138290348)
 (-1.1081233205391972,-0.056426626080566214)
 (-0.95829348930821534,-0.038667932095477794)
 (-1.0844385141497659,0.026942463442091249)
 (-0.91022498076767444,0.015298111726073494)
 (0.9129971026073429,-0.023736435764844258)
 (-0.98661555085518216,-0.13794171489573342)
 (0.94565799609863554,0.034979677522397716)
 (-0.9783450658324907,-0.027925590678366721)
 (-0.97773671738833923,0.02920320980233046)
 (-0.95113529667109731,-0.011063173649678048)
 (-1.0345483266579625,0.1180760381472364)
 (-1.1308726037924979,-0.14380556673111464)
 (1.107411937313405,-0.022588677370122101)
 (-0.99500949786943993,0.083113421662941431)
 (1.1089586684162338,0.044728217308990292)
