# Created by Octave 8.4.0, Thu Dec 11 09:47:20 2025 IST <gamana@Samsung>
# name: rayl
# type: complex matrix
# rows: 2048
# columns: 1
 (0.57777686691143049,-0.090478121679284734)
 (-0.22871506326550237,0.60550154666755873)
 (0.78305917089778887,-0.050950907053675436)
 (-0.8112175003507619,0.090722049428466178)
 (0.7892643355417559,0.28852500575558959)
 (1.2965688812516687,-1.1260464508755066)
 (-0.5504080531378297,0.65613465497232837)
 (-0.68971214718928331,0.36632381223085936)
 (0.060193146109926064,0.30696375752351085)
 (-0.47131937696748527,0.98921353852520266)
 (0.15261020538432865,0.41446467243877216)
 (-0.740296021227976,-1.2315842059256206)
 (-0.024138727773875251,0.018776209051370247)
 (0.016398668383717802,-0.37463511797036864)
 (-0.83044835827043306,-0.83497165603218415)
 (-0.16749262871630866,1.0395636157890316)
 (-0.790007627361071,-0.90099324028096328)
 (0.39875418171758659,0.73887311839992975)
 (-0.40536308496418227,0.67950097590417491)
 (1.2134598372295462,0.41657734208608255)
 (-0.091212710958170282,-0.25426816215352743)
 (-1.6028572845640265,0.37846572551510893)
 (0.18121243536847151,-0.084842116634899448)
 (-1.0266188035761421,-0.89221306495109831)
 (0.1835894675179422,-0.57083661549442255)
 (1.0659975032735407,0.7809478517922217)
 (0.61800740402237675,1.178341886155214)
 (0.18029657394947854,0.13777420453916406)
 (-0.99866360674998078,-0.0040989543468079922)
 (0.49299138539974846,0.99883828862878798)
 (1.1816867308584911,0.46070051875022583)
 (0.88288865477456735,0.19818420430513545)
 (-1.345224275014812,-1.0656291789812553)
 (-0.59498629767275213,-0.31089137189649968)
 (-0.03429682483604745,0.19935644428501229)
 (0.82696213861589951,-1.63728942101024)
 (-0.81874082180795271,-0.97975665691039304)
 (0.0059781215625582347,0.35997421212474123)
 (0.95700960542235414,-0.50080576573580249)
 (1.0202238422568704,0.12193323376110457)
 (-0.037937384945199472,0.58972680970983082)
 (0.029469274041366914,0.94275622233155798)
 (1.5399843748239705,-0.040075916173195017)
 (0.15332603211774526,0.24200676464559009)
 (-0.5615526758074556,0.95005564456573266)
 (1.5368707529469543,0.10431517566359519)
 (0.91866069873060174,0.087763302533748422)
 (-0.63510059928774221,0.8084275734210552)
 (-0.14947034183904565,0.75197877165722671)
 (-0.12719320982704166,1.7157045702447951)
 (-0.58210990307538291,-0.23728500644597533)
 (-0.78871755653237297,0.071079420527973017)
 (-0.62099344715491456,-0.40541734142615704)
 (0.64475482167010945,0.061735323982085318)
 (-0.71382953576935082,-0.12867758220818759)
 (0.22366538915012857,-0.58034424524698913)
 (-0.33613196027808012,-0.29332193897929854)
 (-0.053297362842253573,-0.32386311422256997)
 (-1.8749155420801284,1.1642479594306676)
 (-1.7759836466560301,1.1535903634072242)
 (0.03143591960569217,0.68073500439347312)
 (1.7405114013721947,0.69655297406745531)
 (0.28973642525122489,0.78166826419113811)
 (-0.33210876076535473,0.66779067750620591)
 (-1.5702839785138714,-0.45934874502533984)
 (-0.3060723518856886,-0.73125415336767396)
 (-0.85667698155165406,0.8801981331985026)
 (-0.15092073380494309,-0.43917150840556957)
 (1.1116661677368103,0.31860828607520147)
 (0.082734991127324187,-0.097985353740331724)
 (0.19552495325105435,0.95271798981581657)
 (0.58744922052555437,-0.15781327024862729)
 (-0.80948282261547899,0.68287296034477285)
 (0.48880570729359563,0.28311035561943437)
 (-1.1649293738216879,0.041111176099861542)
 (0.38587019416756263,0.48864178066374325)
 (0.63586184434598503,0.04055940810605134)
 (-0.220117113818459,0.095685635318954174)
 (-0.2920241626397248,-0.15468945418423374)
 (0.64319860763149705,-0.51111163089433498)
 (0.52814876073122741,0.94531191436138162)
 (0.16665003860034977,0.02435405566735593)
 (0.0038358967820566947,0.49347754776404579)
 (-0.11689910016360129,0.76379161680556251)
 (-0.60169887474150152,0.21825137167315095)
 (-0.79973596097153732,1.0081176456668375)
 (0.70188152601943932,-0.42523619987962491)
 (0.050136816904222073,0.20611605829260074)
 (0.5637955082644458,0.38842332127900692)
 (0.56314133719706272,-0.071156927461812347)
 (1.4172807739606419,-0.3771942565517063)
 (0.059062520695800202,0.76168499390131883)
 (1.3993237110271621,-0.44207492891581357)
 (-0.088697470881116805,0.018735759957820054)
 (-1.0124211526564144,-0.053905311201565581)
 (0.51287416363332494,-0.73393448123534111)
 (0.73811652856829579,-1.4357209543752156)
 (0.91036412736872885,-0.70410463004937318)
 (-0.13016449681681458,-0.15963917946752942)
 (-0.32329221645798978,0.37727123162658988)
 (1.2682491639384237,-0.60071627279297291)
 (-1.2494599282316843,0.29155804340648617)
 (-0.78356002462453,0.094009420671282179)
 (0.014363948668884588,-0.65981255135226846)
 (-0.86505052933157911,0.83706987956889622)
 (-0.95799289599664406,1.5797817436061348)
 (-0.3249544948179971,-1.3160953639778439)
 (0.097484429740675851,1.0725749826897069)
 (-0.045182774421485147,-0.60173616419871923)
 (-1.1883805730748873,-1.1385955734425144)
 (-0.55722144164368625,1.0056280944872684)
 (1.100120229732185,-0.52850657558645597)
 (-0.86129707181763659,0.0557108987313873)
 (0.10812341959509182,0.73659852663744751)
 (-0.20473303670474693,-0.23551145105220506)
 (0.059842630143253438,0.14099137974908404)
 (-0.0001139626980525738,-0.2921914692067642)
 (-0.69793532637620948,1.0395148520196522)
 (0.60560364548253642,-0.46597805828924155)
 (-0.99771761525811498,-0.87564069841910053)
 (0.58590184244903287,0.43103870846222253)
 (-0.70089864178937378,0.16097886634711819)
 (-0.59092196947399334,-1.1082709523535268)
 (0.12949449164077789,0.17313387634742949)
 (0.74437814681066139,-1.0299881951367558)
 (-0.2764125061634225,-0.85163131503941536)
 (1.065250343779484,-0.59429652788194898)
 (-0.64240642790024938,0.74378021251413051)
 (0.31661487011263084,-0.20447790156809922)
 (-0.24033078302060129,-0.84994850421258428)
 (-0.27533540589861077,-0.72397669939317533)
 (-0.30889245645776631,-0.03313880185173386)
 (-0.67147496164845555,-0.57188605685667115)
 (-0.061093448491772361,-0.53689041636347457)
 (-0.3607907294362086,-1.166271267317454)
 (-1.2382424061699602,0.86707642418058917)
 (-0.41415419735085263,0.2553093184395796)
 (-0.097279115796945176,0.50148692392076355)
 (-1.8975322823322276,0.087191222277880884)
 (-1.0472340127664366,0.87341680361544549)
 (-0.2243946741240832,0.76390020607741582)
 (-0.59713107615095762,-0.8148253062292794)
 (0.3887115370426828,0.51432149120792492)
 (-0.7022064837794707,-0.17261309894486507)
 (-0.15000542740182968,-0.61787510614199659)
 (0.56670432727767683,0.37197729648394379)
 (-0.61489344844036231,-0.01304999828210158)
 (0.23018532157340357,-1.5880885008400678)
 (-0.66872158226281142,-0.73668390150811225)
 (1.0345237938143104,-0.29195329198775666)
 (-0.049841956065364651,0.27355629851903207)
 (0.26996538855239544,0.37986930038536482)
 (0.51651749100939337,1.8170911171383981)
 (0.30207802215196577,-0.32417018267574921)
 (-0.22118372922787419,-1.0139840144729491)
 (-0.29075733679113752,0.34436624880911298)
 (-0.56493368739983441,0.71666240871745612)
 (-0.7301574327618322,-0.31235429869969505)
 (0.61460677368978289,-0.014814286207184028)
 (-0.26957603476718067,0.68017930397650217)
 (0.35793937057052133,0.41019248370549188)
 (-0.028486353372291207,-0.6840432482482055)
 (-0.68488481075262764,0.56963820241273033)
 (-0.10034555641503271,0.24195344793613457)
 (-0.037103407312063616,0.60065130155117408)
 (-0.58983073418288956,0.36214452029720035)
 (-0.2376893881602955,-0.53629558863756532)
 (0.55954274821372574,-0.05552113087832513)
 (0.079856379085039605,0.38591788774214497)
 (-1.434889657979979,0.078068223627008895)
 (-0.45801693202623661,-0.59044782491923831)
 (-0.87605415434760814,0.29276341895826818)
 (-2.0135445293741121,0.28771349709238264)
 (0.15621077926087368,-0.14622875131333177)
 (0.08816734173030337,0.45163264284440208)
 (-0.69999587153905451,0.07874792577404606)
 (1.9006112813107336,-0.73297414705377661)
 (-0.64878978210996097,-0.33591335104518216)
 (0.24815712699595216,-0.10336628376168808)
