# Created by Octave 8.4.0, Thu Dec 11 09:47:20 2025 IST <gamana@Samsung>
# name: rician
# type: complex matrix
# rows: 2048
# columns: 1
 (1.4660108971446211,0.044170270177815205)
 (0.77460303079372284,0.36571469228790188)
 (-0.17142354712510566,-0.42925281553766398)
 (-0.69821408093596304,-0.18163069953529609)
 (0.78357318149080557,-0.0560252206050392)
 (-1.4239299677256518,-0.25424480751549539)
 (-1.2014308838592211,-0.28858569181964505)
 (0.97635153468133407,-0.095882799557903506)
 (-0.27811741920753841,-0.54332703701017215)
 (-0.94287326287108519,-0.12236395640702132)
 (0.99303816996438032,-0.24176072647989402)
 (-0.52774751434456701,-0.27675554719523393)
 (0.28055549308700434,-0.35505922217702351)
 (1.2265190382470577,-0.073997775481000935)
 (0.7609084259559894,0.10304081096592117)
 (-0.70566745446377732,-0.26073708119593869)
 (0.93914623273472786,0.048483218866823094)
 (0.28017972874145602,0.12269489260977909)
 (-0.21899207075007554,0.41316205408021112)
 (1.0393332468355276,0.24516692911056479)
 (-0.8884103690316848,0.66041844715963105)
 (0.89368976149105617,0.14556473671541625)
 (-1.0264552245926493,-0.24607659369858526)
 (-1.1355576019278726,0.31989443418881747)
 (0.84077484599961427,0.43406777340482755)
 (0.60709337601767333,0.10026174448227909)
 (1.1364859334239492,0.61111259040096022)
 (0.90407257104131267,0.436339384859665)
 (0.8097616793854524,0.32037992454560388)
 (-0.47673232001501642,-0.091107676450903979)
 (1.0440956675342978,0.18955815071918825)
 (1.4807022893669251,-0.14230721226717719)
 (-0.85680937933056145,0.51115872597507739)
 (1.6850169729769053,0.30684706561132474)
 (0.50365056272115383,-0.021583241749886801)
 (-1.5359679677251352,-0.46195005025656632)
 (-1.2467327300607285,0.17313933120124719)
 (1.1157350187378294,-0.6956097395820966)
 (1.5584648500492975,-0.43393986139992541)
 (1.3424511777144896,-0.39624005442752996)
 (0.91176566841867102,-0.52006314928400477)
 (-1.0056935504669282,0.040870602696489615)
 (0.76227341439166663,0.11865587097623934)
 (0.46771964303155966,0.30987225998808854)
 (1.0367411259546115,-0.20620760697824769)
 (-0.80802029853816648,0.87206450858584161)
 (-1.1047771057391722,-0.14321110898977385)
 (-1.5213927813808183,0.63219034323946488)
 (-0.88221599484409852,0.20573644139674241)
 (-1.1711365185660285,-0.34568463327362098)
 (-0.8349663895688999,0.27830442104790704)
 (-1.3233311792945481,0.26185446639495785)
 (0.36795494910391863,1.003806661037459)
 (0.96562972643778333,0.6626931863708847)
 (0.53266926690002592,-0.14462301649275433)
 (-0.70451457576613652,-0.11990268311617902)
 (0.98244637455744699,0.14483545464859246)
 (-0.86636595080781165,0.16413843898466068)
 (-0.66586454186848987,-0.25095566745865355)
 (0.79798469067306499,0.16358103202036078)
 (-0.82323998461066339,-0.34256585795258787)
 (0.92800577308229215,-0.24141368738672833)
 (0.57597992685851462,-0.17550246034067615)
 (0.46831809510825129,-0.91431456550223544)
 (1.3443402407652318,-0.41162849870269663)
 (-1.2042766244926364,0.44772533482417887)
 (0.70623389205031273,0.11805227921263796)
 (0.72825169041222326,-0.66691719834216812)
 (-0.44619506385779079,-0.041023435478799726)
 (1.2020395527135741,-0.07542598285191876)
 (0.72128034157883913,0.20356854384408088)
 (0.53562312041116589,0.094371863856825361)
 (-1.405971417348336,0.18915912624225514)
 (0.64033273236896127,-0.11617714251847713)
 (0.91494127675144143,-0.25700138321898186)
 (0.7554406136661751,-0.15294262029290678)
 (1.1570423031694816,0.66827042566584272)
 (0.26761743306518715,0.24188775755563555)
 (1.427667992380186,-0.016422694980285157)
 (0.7080555769643454,0.11817750829298647)
 (1.4764263016760573,0.10076020336112974)
 (0.66567569871857113,-0.27848669028087153)
 (-0.2566929854775799,0.44840241200581454)
 (-0.68648220101019564,0.52923853437483281)
 (-0.79025889177923281,-0.41622222018343558)
 (0.39029289162334518,-0.94917616945544314)
 (-0.94940522775400771,0.051735561873957198)
 (-0.92831164961763069,-0.1124647571795834)
 (-0.81313475292831006,-0.10742644291716109)
 (-0.73732989442268149,-0.32255950165410552)
 (-0.73931845681521868,0.0064346869712721255)
 (-0.34271425279825252,-0.4531395407834094)
 (0.45994032477133967,-0.78319380215771106)
 (-0.64380188440094277,-0.50080634594327433)
 (-1.1030969791181269,-0.029554093749402797)
 (0.579848871028672,0.0023557686438042289)
 (0.58559689401196968,-0.034258344614465627)
 (-0.48415061765591161,-0.30838614202104148)
 (0.74499576812213253,-0.068009137169563139)
 (1.2099409796059748,-0.42237119183203292)
 (-1.2347679742851265,0.44288456495634621)
 (-1.4720398080872581,-0.10244286548227176)
 (-0.59899076471095714,-0.34372748436155548)
 (0.12911401355289132,-0.160499510689953)
 (-1.0803242473669283,0.07409870675373216)
 (1.3970109189895932,-0.065355212713928662)
 (0.57962156017097466,-0.19677850913184755)
 (0.62837010037909513,-0.034394325794566458)
 (0.37841824374648619,0.42280136214509512)
 (-0.16864830306883172,0.57460265156899581)
 (0.72255337396373998,-0.42779679907077639)
 (0.50628295520504119,0.27128325885232019)
 (-0.63390302031246393,0.35172162057705159)
 (-0.80408482831729189,0.24848678441752597)
 (0.85603034423359925,0.077688363891754292)
 (-0.89067630098631623,-0.48439913737315421)
 (-1.6530712629018514,0.90036549356461593)
 (0.18844641753231506,-0.74611571042404556)
 (0.99687039477716144,-0.093403516820731697)
 (-1.4366647738120371,-0.12611722443595696)
 (0.72339513387087995,0.0061359287466247131)
 (-1.1893312541110486,-0.32263003141084368)
 (0.672967979563449,0.02848761702986179)
 (-0.63874660068109601,-0.57769426860220341)
 (-1.2589824689696336,-0.72269341503761708)
 (1.720540186806047,0.32154641725182925)
 (1.1945872867906497,0.073216969725440617)
 (0.40457160856645658,0.53134375019417723)
 (-1.1516055874225433,-0.36162075113197883)
 (0.95177080892922694,0.59650797658481824)
 (-0.85195462529873756,0.48012153808069036)
 (1.0207682680014032,0.85079613987305336)
 (0.90715019931738328,0.89240820979127755)
 (-0.87205903050129918,-0.12430670879248014)
 (0.78786198954845865,-0.32854648784435631)
 (0.54909349716542322,-0.1946474353324959)
 (-0.23530604514892861,0.26019948240311641)
 (-0.61700288715090534,-0.16397008699467844)
 (0.99857963631330104,0.15260875335701524)
 (1.1725862518095069,0.3958061569550837)
 (-0.36076400802408637,0.2377665091519636)
 (0.82008784604441143,-0.10355785678521325)
 (0.80786456219205816,0.094107818710801441)
 (0.8004725225626419,0.09690772065829914)
 (-1.1222840104110847,0.14189640378497048)
 (0.88881614760546634,-0.25814846846045597)
 (0.7131377657903395,0.16251143528667805)
 (-0.91626456047691573,-0.25573729594676847)
 (-0.6805031403424201,-0.0043377780121726297)
 (0.86133000033380436,-0.36549045179760575)
 (-0.61344735675499684,0.28636077545072897)
 (-0.58571480984305324,0.39066808239171463)
 (0.50472130803303217,0.48181339042030863)
 (-0.80485801524073797,-0.49906011817138979)
 (-0.32728181647041821,-0.015888320277833597)
 (-1.1906863336746261,-0.030044101848416504)
 (1.0709038772812787,0.50841807283997331)
 (1.3230536086986455,-0.4709904863270587)
 (1.152537698363485,-0.070674623008906104)
 (0.70014683230405084,-0.016060957512212332)
 (-0.61325648000994737,0.32007391483684394)
 (0.62770532887942521,-0.37177589743112266)
 (-0.60684621243223269,0.60834098273450654)
 (1.2032990192638595,0.78708505689066655)
 (0.60391236035026175,0.20826458250764299)
 (-1.1170408196137398,0.27368850807028067)
 (-1.0957052719297082,0.24767349180134676)
 (-0.87454444430821032,-0.22990464584928316)
 (0.37091659152350398,0.0032451574882902379)
 (-1.3383565511271398,0.31747494638029272)
 (0.60086819180600171,-0.1260318304477471)
 (1.0141778985303684,0.10026514487318464)
 (0.25217500139847171,-0.035540853367945283)
 (0.32186020150298145,-0.21377230541156952)
 (-0.80142097221573305,0.27941939080432815)
 (0.7606541685436411,0.093673644841377912)
 (0.26709661703404464,0.20964968592237032)
 (0.32699594244159458,0.6744257125925045)
 (0.98017493997895366,0.1865095961964279)
 (-1.2040804899377786,-0.31527742479258208)
