# Created by Octave 8.4.0, Thu Dec 11 09:47:21 2025 IST <gamana@Samsung>
# name: rayl
# type: complex matrix
# rows: 2048
# columns: 1
 (-0.20128596317773742,-1.0962254351037091)
 (0.18747913812312481,-0.75591999302411306)
 (-0.8532556951739052,-0.5944079920929044)
 (-0.41844145507141717,0.33848309509607599)
 (0.21696037760270398,0.60902352353242128)
 (-0.85682251403233645,0.34582200905773663)
 (-0.42710762250042111,1.0710826403724472)
 (0.32854020562682607,0.54464184410896421)
 (-0.65470813582362408,0.035704838757246955)
 (1.2665075177009109,-0.25406030201045388)
 (0.74640127721352867,-0.49027594385785206)
 (0.43523511193459913,-0.61323519699810536)
 (0.26654147529442079,-1.205189622158632)
 (-0.47302301422091331,0.5401039247219499)
 (-1.0371658852944767,-0.24446808389040606)
 (-0.3007991875600175,-0.39301845326536966)
 (-0.40098404512139535,-0.43001639222358995)
 (1.3743568176835195,0.37947102404774286)
 (0.45649321699667078,-0.1992541952200651)
 (-0.76886174391044415,0.41977242847693313)
 (-1.1332527402754753,1.2019481137853731)
 (-0.85182803036770982,-0.0067096267594518935)
 (0.083904791997342826,0.07116252558897472)
 (-0.40519196871674651,-0.51331658186334583)
 (-1.0978215840243075,-0.40687700378173458)
 (0.58608276035282736,-0.0039605894284538484)
 (0.026569748671779515,0.23451794746126214)
 (0.14462229532556597,0.19793203590899799)
 (-0.20406023620578281,-0.27619002175352497)
 (-1.0767367974779447,0.39065786120641172)
 (-0.19231144668307451,0.1072440245944547)
 (0.69361570552637242,-0.54864171493774583)
 (0.61464877567079212,-0.6601431987348283)
 (1.2524657389522134,-0.47402920543468169)
 (1.4031908624899252,0.27339713305783869)
 (0.97204396512489977,0.89206433639229932)
 (-0.68715352533069518,0.50949536725919486)
 (-1.2125625611924398,-0.19222656279358719)
 (-1.0317554057206151,0.96224647127161145)
 (-0.33699881078765709,0.78170652767291005)
 (-0.046189526955539011,-0.17486138662928466)
 (0.92905617126097562,0.12839396852336932)
 (-0.42957332270924659,-0.87550637776317441)
 (-0.68111274328018467,-1.8334700652814897)
 (-0.89948491875583092,1.0333949208704378)
 (-0.25832570205460792,0.6382794982029657)
 (0.61477321512020433,-0.26067959407410529)
 (-0.010876335573337139,-0.073416044098299299)
 (1.0506886512741274,0.38827505196277678)
 (-0.96736800902773912,-0.057662914568319054)
 (1.557460224248701,0.52369948710395886)
 (0.25554948242564007,0.4598372016942246)
 (0.30644719200390297,0.30932132608734991)
 (0.20148994028160108,1.4387561427575608)
 (1.3935883060461565,0.92710759050690028)
 (-0.60583354008116985,-1.1260476013486855)
 (0.17338274115234611,-0.2703130393511366)
 (-0.81075217817281975,-0.042653677252554853)
 (0.11271601837508446,0.56234465975777992)
 (0.077810615608343611,-0.40145612339257919)
 (-0.10003495797061274,-0.2608373041729023)
 (1.0810687608880321,0.21934988126948893)
 (-0.76178097380530796,-0.084165305576306276)
 (-0.44682508015344491,-0.27038333672420278)
 (-0.57761663757936788,0.29439926661590587)
 (-0.38428174959800215,1.225226575977562)
 (-0.46471655695935915,1.4252215379251678)
 (-0.21561893637728885,-0.7165128363618074)
 (-1.8976386803170968,1.2138107272751348)
 (-1.0362379374702042,-0.32053692058030442)
 (-0.47534576679171459,-0.49573576061360869)
 (0.34478437623156144,0.27350489145468193)
 (-0.8425132969620025,-0.11250953944712835)
 (-0.59141367422369417,-0.35579917385900917)
 (-0.9668111038506807,-1.3196888511189904)
 (0.54017683605791311,-0.095600273262486102)
 (-0.077820373277060151,0.75025733980949505)
 (0.17967668841292769,0.95074655727769286)
 (0.30729908528244898,-0.4402573376452833)
 (-0.64254403570503638,-0.010063511265717339)
 (0.24705710719013155,0.60256496390264525)
 (-1.7574221694046142,-0.39729536210536831)
 (-0.57372736513789613,-0.56458068654643179)
 (-0.43223986294300809,-0.19301819615564228)
 (-0.21660963154517904,-0.57545418276940163)
 (-0.90325245967426626,-0.97601322708071214)
 (-1.2331110776314045,-0.48256547445463133)
 (-0.16746657165868661,-0.047251647767548983)
 (-0.80771116130156173,0.72811741982442191)
 (2.0021840617209805,-0.11328034331242431)
 (-0.55968845151646995,-0.42761158474275368)
 (0.022343921249716018,0.01892854239593806)
 (-0.21913915039888443,-0.48027765610921042)
 (0.66689517234023321,-0.18344374408322428)
 (1.6926279130131265,1.0037226703667057)
 (0.77018581867972813,0.68139148297268204)
 (0.18394590565473029,-0.61555027404470686)
 (0.53141697427902845,1.466947185432985)
 (-0.060785766723842248,-0.49235722288065442)
 (0.60726145929123865,1.302770121444744)
 (-0.2632454803177981,0.19163254074669583)
 (-1.0657128366101365,0.77569724257114736)
 (0.19065165093020492,-0.68288588758399893)
 (0.442506722384226,0.46099974723934573)
 (0.028882919106623439,0.88489370661085642)
 (0.72505605364245862,0.77369366161835729)
 (0.63111721152646394,0.0087889666081432585)
 (-0.30092189008494352,1.2583187539287604)
 (0.90925720961673917,-0.33958856767016588)
 (-0.51607169289839394,1.3165453534727647)
 (-0.68648805933251134,-0.71460571814690999)
 (1.0578062423880719,-0.5683759677295197)
 (-0.68226469117201261,0.012116168068589526)
 (-0.00070887617105425593,-0.31915445279140275)
 (-0.83409407316811657,-0.94626432989419396)
 (0.057030539129710504,-0.84342785331548031)
 (0.13444834183653889,-0.73759027244726516)
 (-0.22225987084678644,-0.81283973890461469)
 (0.29991980443029148,-0.068520059610208059)
 (0.22368818511741831,-0.082768515335316303)
 (-0.49590385958738364,-0.28990315294270647)
 (-0.68189584401907877,0.65346747355301182)
 (0.045773054327484929,-0.84214395506132711)
 (1.1040713831991584,-0.71188469209913663)
 (-0.32717482055291447,-0.18570770034905665)
 (-1.1764775261530038,-0.54568914923016543)
 (0.24952517858652359,0.019851764616312259)
 (-0.31465640524949134,-0.11481175734580301)
 (-1.2855033545535406,-0.27540659071757506)
 (-1.0134955577068574,0.84982700185791515)
 (0.82028962888628654,0.65948818671341458)
 (1.185710703180394,0.743017811599332)
 (0.88559495316186532,-0.67388329261764857)
 (1.1712374316227843,-0.79438561688673648)
 (-0.54048180893201592,0.66740706555505525)
 (-1.326229560090032,0.3963048354393307)
 (-0.092769678430120781,1.1268893593392078)
 (-0.69398238318010363,0.40798382389668164)
 (-0.70558461511959003,-0.27998373073641802)
 (-0.68523285941728096,-0.2962149509430182)
 (0.00021914719289803765,0.58427084028681719)
 (0.25273362766456298,0.40812126796419257)
 (-0.4623414026567928,0.25840586066850407)
 (0.58331368561344721,-0.32357638788249815)
 (0.14443623907070607,0.33970864184314292)
 (1.1478947921663496,0.19799282621330569)
 (0.71591600798640065,-0.41296318963094247)
 (1.1432109891741606,-1.2267791040856961)
 (0.059533091370613495,-0.03823390264775095)
 (0.050574899303177559,-0.099715498103724334)
 (-0.083180757685225745,1.2850388882723083)
 (-0.029046139024908636,0.42415304371170792)
 (-0.94196864971051664,-0.54469897514651755)
 (-0.18910589311225212,-1.1395270167435299)
 (0.42333462602494765,1.6190687905294212)
 (0.76837982059063659,0.16630679868687714)
 (-0.71887881213728699,0.50023156259702495)
 (0.090826300500625026,1.0689557650058044)
 (-0.11932059533599605,-0.33793031717106226)
 (-0.16571819397476184,-0.23719292811745302)
 (-0.33704313675619779,0.42155697307017359)
 (-0.79122031814531757,0.90371233835431031)
 (1.3774494369705881,1.2255042450402573)
 (-0.73978186662026701,-1.2851040813074959)
 (0.76466351225422646,-0.38351850576193197)
 (0.64401935344985639,0.3788519764167867)
 (0.93866624638120111,0.051365813985474629)
 (-0.2367861918464732,1.1026018487005071)
 (0.31169623254066198,-0.6615166231396985)
 (-0.8260977938975278,-0.0099558925311157287)
 (-0.76307137622515342,-0.10185898433164543)
 (-0.33000673908059869,0.044586691976192749)
 (-0.34153980311356197,-0.955872120030274)
 (-0.40046740623800636,-1.5761366836128947)
 (-0.058616956986816543,0.13668718240089842)
 (0.54730043460473554,-0.58527110348973921)
 (-0.24563139601349659,-1.2410100072700112)
 (-0.39203318966979928,0.25313095722343543)
 (-0.469770296633928,0.34283415033698861)
