# Created by Octave 8.4.0, Thu Dec 11 09:47:21 2025 IST <gamana@Samsung>
# name: awgn20
# type: complex matrix
# rows: 2048
# columns: 1
 (-1.0068353041954077,0.11689109318098551)
 (-0.85456379830654339,-0.012719236989510999)
 (0.94268958315043772,-0.066879347383651422)
 (-1.0099844345321156,-0.11865592760601502)
 (-1.1340503713033374,0.01117592648029392)
 (1.1302773974789582,0.10098598002199502)
 (1.0425697630043225,0.091722910847938793)
 (1.0227993434847544,0.002053480370591599)
 (1.0617197115167714,0.039506550747483618)
 (1.073644332587538,-0.083656704052598937)
 (-0.94659179233910185,-0.10953581929801255)
 (-0.93887180779243806,-0.083755981566000726)
 (1.0695527018857112,0.012964532457862927)
 (-1.0007552831360225,-0.044511377821640316)
 (-0.9857689026252866,0.031408208384843227)
 (0.92542385911612046,-0.091174245600802561)
 (-1.0177528757871792,0.023302007137998362)
 (-0.99006826897901279,0.0018671161575742673)
 (0.92982007918647536,-0.013797862813014381)
 (1.1707592045622093,0.07286876570807492)
 (1.0018411326403356,-0.10846234981565746)
 (1.1001351409947564,-0.021894638649536266)
 (-1.0191632775881243,0.083896800729284335)
 (-1.0163259440232739,-0.0031795002558038946)
 (1.0471016246190343,-0.013101737053128332)
 (0.97069566642892524,-0.056568553153939799)
 (0.97582529085586922,0.011312803288952547)
 (-0.93485715289952565,0.12914351350574341)
 (0.92066686808777731,-0.024948188059047482)
 (-1.1484718966818448,-0.060078191389144109)
 (-0.91034079963883663,-0.16866858867615342)
 (-1.0106046231055343,-0.054889977845114728)
 (1.0413743933945854,-0.0069089376763968773)
 (0.88087293196505312,-0.031196413380104294)
 (-0.99674318288754804,-0.036657671367598052)
 (0.94399849168826844,-0.048076841193071526)
 (1.0501866249288194,-0.026376432395130451)
 (1.028168339746651,0.017123068947647535)
 (1.0210649199158002,-0.0092346065157926302)
 (0.9224425632040345,-0.064462554877665418)
 (-0.99628067556612154,-0.044608121574691829)
 (-1.0789048135816062,-0.04385835286259946)
 (-0.9370721278187375,0.08578212345922398)
 (1.0746538939538679,-0.0082698139739644742)
 (1.0343230525510512,0.1100746705111601)
 (-1.0651356995459023,-0.031222696087310643)
 (-1.0365118372503277,-0.071363154775005599)
 (0.98660010792234087,-0.033207522737669033)
 (1.0691245120109865,0.016362680342661529)
 (-0.97753026289706646,-0.078295994743836583)
 (1.1007409629001426,-0.025047206057587253)
 (0.91522634755044208,0.069357085864996851)
 (1.0503640909900323,0.04426753143258394)
 (-1.0114945510461339,-0.066976273650988336)
 (-1.1306005195103612,-0.041234187734536631)
 (-1.0524932329390393,-0.025753657892433029)
 (1.0506567445209547,-0.06794284032929955)
 (-1.0748239499732337,0.026192796174900296)
 (-0.92249184149975028,-0.14409703083867048)
 (-1.1549294668591599,-0.026431466894225503)
 (-1.0113297191028241,0.10521441985257772)
 (-0.99651759145305518,-0.092454709531841719)
 (1.0037777792728066,0.089588010216213376)
 (1.0731872352708312,0.098271936141686569)
 (-0.98899009795478132,-0.073781118175113486)
 (-0.98538047444571564,-0.054120016214740108)
 (-1.0259018375424398,-0.0096001482716509389)
 (-0.96496520658638962,-0.020653777640262907)
 (-1.0119171961630613,-0.10240723520693194)
 (0.98700098075135212,-0.094811920447938861)
 (1.0053831949604439,-0.036387178647338404)
 (0.98442362190080868,0.14095513532727755)
 (0.9332145533087487,0.12829390033199933)
 (-1.0703217322640108,-0.059674964557135259)
 (1.0576015328461807,0.079439000458244535)
 (-0.99078330612411669,0.083107539909777373)
 (-1.1465781928006549,0.12423998857647223)
 (1.1488466595340687,0.028078503764080821)
 (-0.99135559916295446,-0.07926695894258888)
 (0.97372309091401876,0.025585666597185242)
 (0.98024471744423802,-0.027453917699531351)
 (1.0335446882681105,0.010761647044185899)
 (1.0013769191638251,-0.0050439254637246883)
 (-0.99465950439448081,-0.0066885477982383855)
 (-0.98024249956304765,-0.090858514688036462)
 (-0.8675884133699352,0.12982479389456256)
 (0.96863041906519842,0.08971843644833799)
 (-0.99665815606779873,0.0095427940805718203)
 (-0.90305957261239045,0.020205855710259284)
 (0.94609515046897874,0.059053594327448514)
 (0.93262911560889705,0.12120824669778102)
 (0.86120043395843759,0.16237003892378404)
 (-1.0230857741259534,0.079534954991829332)
 (-0.9485072890607249,-0.1665378388386646)
 (-0.98291215063744075,0.020482327184278785)
 (0.95412492352656919,-0.076854189311964513)
 (-1.0454928807488402,-0.061656280125835086)
 (-0.9640750303447746,-0.045158742672672017)
 (1.1236619775960237,0.052315603480483003)
 (0.89564698536492815,0.018158149550896223)
 (1.014895533754351,-0.084494153116560569)
 (1.1119745492680133,0.082617984561600896)
 (0.90712234143268811,-0.034765323580943815)
 (1.0052444903429247,0.0022914522033282703)
 (-0.96529897154109412,-0.076028615393466947)
 (1.0262120288504875,-0.011665241981029336)
 (-1.0050276792049724,0.026292256308812541)
 (-0.98198195983389824,0.049899792803352834)
 (-0.95138585540459775,-0.11045743859681643)
 (-1.0102422879673754,0.025448469141701353)
 (-0.94281911289397669,-0.065492301368061417)
 (-1.0306211862210577,-0.021588786069835872)
 (-1.0934733726643311,-0.048345875050882142)
 (-1.0472648119154042,0.14998289434979556)
 (-0.99081549322061624,0.023008818751784163)
 (1.0094434362447668,0.026311556036185731)
 (1.0130367381092489,0.14362169511998277)
 (0.93033571851111962,-0.038747163018097996)
 (-1.1161365929457221,-0.09757469676032321)
 (-0.92954411883787746,0.079905541393610155)
 (-0.94335661889007005,0.065977098025475869)
 (1.1110101976627733,0.1374624034675391)
 (-0.88527358568057846,-0.032744784102183636)
 (0.89253579579014752,0.2061375314876345)
 (-0.94779485285371301,0.099887129980526845)
 (1.1419107196368252,0.012295161515081773)
 (-0.99213229708577866,-0.042483348851464701)
 (-1.074804884415878,0.065303374502090394)
 (1.0213818501692142,-0.024791290347535588)
 (0.97147441293116976,-0.10805444827854585)
 (-0.98267253609499294,-0.13030616010008128)
 (-1.009667589837165,-0.021894358668647741)
 (-0.9944913318433537,-0.019090693572380781)
 (-0.876766196469836,0.031232343583821168)
 (1.0887484548399613,0.056830692991929402)
 (-1.0666627368874531,-0.016989881021782876)
 (1.0053690786678504,-0.02019355879373072)
 (1.0938007986998142,0.052673325736706904)
 (1.0380489236667858,0.022359116852563445)
 (1.040118304953292,0.1057738654425695)
 (1.0352806030647963,-0.14992140229304179)
 (0.97919796123069414,-0.0018348926795801587)
 (1.042390293976045,0.046820109455589988)
 (1.1063879492967166,-0.12325954916016764)
 (1.1004601390154798,0.086179840351101128)
 (-1.1054430337031218,-0.08215641895720846)
 (0.95968492460344013,-0.12588270241348856)
 (-0.96076151956556921,0.070040350345309352)
 (0.9821296098510679,0.043653056178046837)
 (-0.91084020679428956,0.054358195539482401)
 (-0.99784119457383891,-0.071257740373053699)
 (1.0715517705184174,0.18000680515963308)
 (-0.97768349841238689,-0.017870165673610612)
 (-1.1113283800921394,0.029797250146630302)
 (-0.99225145845744211,-0.059405334579797575)
 (0.98640074650239828,-0.076772836039709455)
 (-0.99390704418017062,0.085347290080582811)
 (-0.95917562177551541,-0.048605203805223547)
 (0.86449680938941298,0.19126605586679668)
 (-0.88056013422476787,-0.041295002681670454)
 (-0.98415706595399055,0.10719594935918118)
 (0.99708823671689539,0.03526588999360817)
 (-1.005687650294617,0.011668318066060106)
 (-1.0144064903394079,-0.060893069126176397)
 (1.085910999931444,0.048575436048453338)
 (1.0506701368936704,-0.017729420723227109)
 (1.0018751981393186,0.023809667633913224)
 (-0.93519381732378604,-0.16845452556034077)
 (-1.0138424806850139,0.022393412533022933)
 (-0.96801201549509996,-0.074293325424384729)
 (-0.97891978629274568,0.039451092474230537)
 (-0.97864808040234319,-0.049648213281347033)
 (-0.93131534255955084,-0.022130639840262683)
 (-1.0320528688488728,-0.12471496132201727)
 (1.009337256487024,0.066527118272230248)
 (-1.0678809171793737,0.092774949826651867)
 (-0.86767447334826675,-0.070392383024976274)
