# Created by Octave 8.4.0, Thu Dec 11 09:47:20 2025 IST <gamana@Samsung>
# name: awgn20
# type: complex matrix
# rows: 2048
# columns: 1
 (1.0068810266834491,-0.046997242470212308)
 (-1.0829255472879455,0.094523942022947088)
 (-1.0202424973318818,0.027595128313711338)
 (0.96950750170278965,0.0022349548777772141)
 (-1.0039917922715806,0.050558212430237226)
 (-1.0268808516838979,-0.054665095830248193)
 (0.94812865540704194,0.02054854337576795)
 (1.113795839368112,0.066799886913851664)
 (1.1041921938116239,-0.0065578232900438543)
 (1.0852921961554123,-0.042523349556650381)
 (-1.2087541822834666,-0.1023699834567323)
 (-1.1020232837149841,0.12183565065776805)
 (-1.0871424608935751,0.05670594708243968)
 (-1.1076886720320056,0.048563741053225751)
 (-1.0060303430869142,0.054276514198965092)
 (-0.86815150814471487,0.011008537023255502)
 (-1.0583861174706946,-0.0066172752690118412)
 (-1.0103301589593006,0.15433529232761456)
 (-1.0807457310240087,-0.089067164435176427)
 (-0.95011196618011684,-0.0043731707906139528)
 (-1.0202582655389909,-0.041546042035840156)
 (0.94478026102490253,-0.12721107310991428)
 (-0.98082211593922541,-0.0048807616165321274)
 (-0.99785874631121552,0.022298504581022581)
 (0.99917322514386264,0.032130681093012051)
 (-1.0048490245468409,-0.091565114690144944)
 (-0.94344251241337951,-0.058677371377238156)
 (-0.92144648011260355,-0.045539709684120203)
 (1.1223488567084958,0.0021228554349197312)
 (-1.1485315159738776,0.081088687178672972)
 (1.2208910147874796,-0.10648995149536129)
 (1.0592677690279317,0.11940539642198385)
 (0.90413096306307206,-0.020299631019842595)
 (1.0691853617557139,0.023230365553957348)
 (-1.0358544701302905,0.079278729839812628)
 (-0.91915036769589342,-0.090796439864085587)
 (0.99552772295556091,-0.043006782557585069)
 (0.98538154340844875,-0.051740261605228349)
 (-1.0610169637053977,-0.11640480765557747)
 (-0.88805713271681652,0.16238585506354175)
 (1.1997792656470003,0.010535196604985642)
 (0.95823166049539532,-0.0063009182978493346)
 (-0.9028798736317547,-0.00047149215921861107)
 (0.93278272609283142,0.03803314918842042)
 (0.90912426506797739,-0.079337364022860193)
 (-1.017310416965916,0.014707380507207249)
 (-1.0489778579444868,-0.081145062346833205)
 (-0.9543707478283705,0.036085376842497095)
 (1.0232038674914596,-0.013597213995442354)
 (-0.95833558864888568,0.017990530598698543)
 (-1.0918824863194534,0.040589875648918132)
 (-1.0136366547354325,-0.034999869936063598)
 (1.1443827941290676,0.022143030085786365)
 (-1.0393395773121492,0.11533307599890047)
 (1.0099371864507771,-0.019910465547187187)
 (-1.114331841549054,-0.035018046967713448)
 (0.96265612960827163,-0.1376253471478189)
 (0.91413185623427229,-0.1811386637192279)
 (1.0100823780751362,-0.049554126552354388)
 (1.1675234913113905,-0.10529742420064006)
 (0.98049367466970727,-0.083966606461813892)
 (-1.1032760971679747,0.10716881492830239)
 (-1.0549081414101265,-0.0043108126370166163)
 (0.99720883367469682,0.039426557843100063)
 (0.92198559221580212,0.015589664532730994)
 (1.0865995475157308,0.031840636274407579)
 (-1.0360248202024709,0.013379173514644599)
 (1.0531593961315007,0.13184924457608779)
 (-1.0629867532903181,-0.022747925984621303)
 (-1.0111814724570198,-0.12006068629419503)
 (-1.0548272950833804,-0.033922266929790522)
 (1.0529177742593709,0.06478878986526336)
 (0.96905658804604933,0.054720584616312122)
 (-0.88712361109847493,-0.046099906759556296)
 (-0.97303278055487019,0.053182289819706033)
 (1.0930767351186839,-0.054689729320638425)
 (-1.0199053224134274,-0.019784890734645764)
 (0.99910752288169036,-0.085030169200852768)
 (0.97772617226762715,0.098601670865851504)
 (-1.0655826825932262,-0.028756395908946793)
 (-0.96432078191149895,-0.030161395596880355)
 (1.0031669038479538,-0.13906967693891381)
 (-0.97675465789371307,0.014384255727576609)
 (0.90816394502742814,-0.12046852298545015)
 (-0.94539761712931458,-0.027966503127670385)
 (1.0407973906909884,-0.14449994847626524)
 (-0.98494786434102832,-0.04442042868496858)
 (1.0427725117963815,-0.091047730933943763)
 (-0.96364882920717621,-0.08289743014796519)
 (-0.95804384999856307,0.11173781126161034)
 (-1.0189489100212243,-0.024780519325327072)
 (1.011091734956179,-0.092569195777126009)
 (0.86657769799005979,0.14218035717064448)
 (-0.80186263151789494,0.04116803235245417)
 (-0.86151887701210983,-0.067052481582990223)
 (-1.0123818453963465,0.04124293562579695)
 (0.99987963491010678,0.02534740551760635)
 (-0.98760368450896308,0.0085992171438769339)
 (-1.0113565803429752,-0.044713688416722762)
 (-1.0050144936575176,-0.067913840837201478)
 (0.99517435273353283,-0.11407141978400917)
 (1.0985513007110397,0.14473080480191733)
 (0.87166475828952095,-0.015440470172307342)
 (0.99376177546773092,-0.040552324004152873)
 (1.0743137443213946,0.023297006326775102)
 (-1.0853463074001621,0.03407774885500111)
 (1.052648208354366,0.044624844820599141)
 (0.8925726906511896,-0.0018700668448443311)
 (-1.0009005004741305,-0.074085182116866835)
 (1.0929952883718921,0.020017512263903817)
 (-1.0516173208787793,-0.0037828117542139227)
 (0.95455219171933914,-0.038131572944254268)
 (-0.95594072339559855,-0.026968685278178924)
 (0.86801670777626738,0.095656493235515117)
 (0.92200338480905131,-0.14832330551914538)
 (1.0132136792815638,-0.033871776716677397)
 (1.0289241508943214,0.011231114411490106)
 (-0.99396094914496858,0.049852403448187171)
 (-1.0732331185045232,0.063039311763518902)
 (-1.054443785585772,-0.061467435132909642)
 (1.0548194296647917,-0.043507371287043219)
 (-1.0824136739250967,0.0061345365370621442)
 (0.94998867889395433,-0.019631198104583941)
 (-0.95277857733257876,-0.117581458437036)
 (-0.84878392372807476,0.080942616317992599)
 (-0.9768887080190447,-0.076898378788230137)
 (1.1004398021258341,0.080158878832774727)
 (-0.9781610386714682,-0.063479421756977253)
 (1.1797017181198624,0.05555759341255273)
 (-1.0512261623405821,0.002708762588819311)
 (1.0819203260937293,0.15944945068210381)
 (-0.93391320915473863,0.039608052485117722)
 (-0.82072105933579964,-0.062939429111634221)
 (-0.98681473047325841,-0.0036282293289831877)
 (1.0824818158983123,0.047696376081676942)
 (1.0442653016473968,-0.079434315082444376)
 (0.89001816797227451,0.0013029003205369831)
 (0.99077000052399211,0.091698434491648842)
 (0.96289082095827994,-0.023418726985882338)
 (1.0772606456790914,-0.044909204660531471)
 (0.99310723178246629,-0.060978434558331143)
 (0.9920680517283853,0.039911081217524083)
 (-1.0438564329963471,0.0097988397315790753)
 (0.98746436223726552,0.03891953733493627)
 (-1.0213347989151029,0.10517513333190198)
 (-1.1161982515827424,0.055769321726500842)
 (-1.0312698316685831,-0.016993321387481771)
 (-0.99596674461661694,-0.0820306949385749)
 (0.97676953047439119,-0.012081712629204693)
 (-1.0330865369883784,-0.054285206585394541)
 (-0.9976057504065281,0.018110873078005407)
 (-0.95077576401921482,-0.040700893955456105)
 (-1.0358063110519393,-0.043183218764036378)
 (1.1223035253036933,-0.012100977684313577)
 (-0.85539365656652655,0.050931478549167825)
 (0.94035732113380044,-0.069636454545493692)
 (-0.9813476889025059,-0.031359182499149964)
 (-0.98733860939909057,0.10308864689459565)
 (-0.97387324323579172,0.014308569311911865)
 (1.07000851624374,-0.0021986195534577195)
 (-1.0139276900338468,-0.12171286105661401)
 (0.98909968855027242,-0.089330353050823874)
 (-0.99775976488053764,0.1561628535858208)
 (1.091172479934174,0.028235878417051254)
 (-0.97329331573663525,-0.040117792365184313)
 (0.86941439322254155,0.11912202713088105)
 (-0.99875481634438201,-0.077351152620872277)
 (-1.0990952348357943,0.022507276793188462)
 (1.0007048662536691,-0.048512322233681064)
 (0.99592901802675171,-0.0077448608759234806)
 (-0.9379565500138386,-0.07220829475989661)
 (1.0231027508607973,-0.015001020304904904)
 (-1.0344489146471658,-0.026891230912818771)
 (-1.0596120069393753,-0.008609479503588589)
 (-1.0303752854801822,-0.11156495436776939)
 (1.1124233038785147,0.1216361434706128)
 (0.97104072168133393,-0.011624648559663386)
