# Created by Octave 8.4.0, Thu Dec 11 09:47:20 2025 IST <gamana@Samsung>
# name: rayl
# type: complex matrix
# rows: 2048
# columns: 1
 (0.63973865795796436,-0.89708739797684711)
 (-0.098949899357236831,1.0260346935286828)
 (0.42502093123283163,0.25520895441702374)
 (0.88883512515208618,0.53514675657638)
 (-0.28408705392022093,-0.87992106002864401)
 (0.10747683667025844,0.29900274577060726)
 (-0.15651438771913598,-0.43544907758890627)
 (0.66959643095152288,0.31727426372820533)
 (0.16534352888881335,0.26500868885465001)
 (0.78505282332562376,0.088013566753046876)
 (0.16372009898447168,0.19339473520125816)
 (0.062711885139492399,0.13154986087854814)
 (1.1464045203417557,-0.49000471185483729)
 (-1.0769515890800301,-0.6064402679955001)
 (-0.036437868330588215,0.88623360733110135)
 (-1.4123667505002098,0.023430991887083641)
 (-0.19085223356885639,-0.24298970860433239)
 (0.30806409863468515,-0.30415817205355455)
 (1.6814660956118936,0.034929627389035038)
 (0.19053280246980797,0.72367315161622292)
 (-1.4441760061784024,-0.19063658894080357)
 (-0.9873450007847252,-0.58049914406677638)
 (0.44604549659778914,0.67406168468023497)
 (-1.0440053977878045,-0.49760701202016328)
 (-0.18248723191099153,-0.35447239689445242)
 (-0.012096481022762425,-0.24701672062481617)
 (-0.37446493377304751,-0.84288521035867825)
 (-0.53451674851246089,0.18524266596876185)
 (-0.65374762594471292,1.3148553794373881)
 (0.84137036477974048,-0.61893643102769336)
 (-1.0365909632109986,0.40628632111156598)
 (0.34974409616320551,0.24545638328647496)
 (-0.29315713486371625,1.3319368907343927)
 (0.87019766564938128,0.35958335952639625)
 (0.0017045825225596323,0.0020754751692698982)
 (-1.2190620118448934,-0.60245791364961454)
 (0.35565568889030957,0.31135298006712947)
 (-1.0027157532203419,-0.41953093006837328)
 (0.46062156215357425,-0.2641095158142242)
 (0.73886615434281,0.28259329473492567)
 (0.20034812509676106,-1.3212165334372119)
 (-1.5810523965735923,0.69569683936771176)
 (0.51955736497444838,-1.353905892953053)
 (-0.25982298327359482,-1.0388792198751673)
 (-0.1193172323750408,-0.12040773799307911)
 (1.2124046120952607,-0.79587076626338005)
 (0.5366141506298685,1.0965056514101212)
 (0.46792165367257399,0.56781824148654458)
 (-0.73160114297357015,0.68931619158948243)
 (0.93723124030417071,0.044175081357004389)
 (-1.5269161908856883,0.42792215597655375)
 (0.9098142824129134,-0.35233444898367899)
 (0.24233978683976184,-0.25933024034213592)
 (-0.33475918042902919,-0.029828004399477605)
 (-0.56614337545921001,0.18827397246654143)
 (0.1647110758579664,-0.025988692791245799)
 (-0.37995781957418667,-0.66793437854623861)
 (-0.095236253129859588,-0.33103755871681056)
 (0.14160355722309012,1.1888281221074934)
 (0.83174004860970274,-0.9864701825358847)
 (0.12617077742260019,-0.87822607055950419)
 (0.70144168796604844,-0.93818291689635847)
 (1.0618143437586767,-0.41289543179983274)
 (-0.44213100933890209,-1.6074041620669008)
 (-1.0446251783963461,0.47414834056709088)
 (0.44921521447433177,-0.38204106230819895)
 (-1.3807877050570998,0.27080681373798648)
 (0.81187656376001582,0.34008228059508383)
 (0.050902081523133316,-0.47898733291915913)
 (0.59932536814811899,-0.46156607214300449)
 (-0.63145201071739687,0.30854696050573144)
 (-0.15135386651601315,-0.54171047103056735)
 (-1.636450169006191,1.6061225914985524)
 (0.34646075037820184,-0.16883731896896656)
 (-0.42371744493241359,-0.50259486811877985)
 (0.56983521787953528,-0.17301428689970327)
 (0.78935372040431806,0.020905988608528943)
 (0.10724823641510604,1.5000097537511967)
 (-0.074034936665149223,-0.72562527853883596)
 (1.4101893089825981,0.14534642208188234)
 (-0.38263468690277885,-0.7759142670273339)
 (-1.2015859922468555,0.6966089771348164)
 (0.19500633050650173,-0.13392423389654232)
 (-0.15410946357447297,1.1785749731493345)
 (-0.45579593207967267,0.5359185895761257)
 (-0.54656072376653253,-0.24081750236594329)
 (0.63123895361390536,0.41550075153090676)
 (0.077131515701221884,-0.61184634608564947)
 (-0.079332646712195393,0.50634930642021625)
 (0.84543649666517706,1.3768676072425947)
 (-0.96755305295350269,-1.1355516176800835)
 (0.52876965131273956,1.0930129740550225)
 (0.14953897407538028,-0.38367298694874885)
 (0.31849093678349327,-0.76491038367312425)
 (0.85377236134004542,-0.59408729784953207)
 (-0.015279000896849547,0.051504480776810461)
 (-0.2814162844049804,-0.53473537889073108)
 (0.45412220465215575,-0.70997131467261287)
 (-0.13742118659162683,1.1044085253042657)
 (0.6457044492103704,0.19080510328525183)
 (0.12128826838267207,-0.1250062842992643)
 (-0.64991021633384194,-0.88094515638426485)
 (0.70279573919802552,0.42835432622238095)
 (0.30613226886118322,-0.47350197353085738)
 (-0.68252532819915068,-0.4696571163381662)
 (1.84306905086454,2.1018883560397885)
 (-0.53613714067878093,-0.85783542416740077)
 (-0.68765397271812456,-1.1277860879653598)
 (0.70664455249775293,1.1903479067959353)
 (0.072117620154682441,-1.7606460341133094)
 (1.2894254957317213,0.64285526396486836)
 (-0.10546259924820865,-0.11048147375647553)
 (0.37600337333390071,1.293836011159246)
 (0.30797752537951739,0.3435644131082729)
 (-1.4165598677461388,0.53336719296769231)
 (0.93630753978203562,-0.77306882626091256)
 (0.56557486012748526,-0.5102594472321218)
 (0.49996337304911281,-0.25492009938554616)
 (1.9509861743236587,-0.67872952884797411)
 (-0.7113402549256671,1.0541948479493033)
 (-1.3075795433490203,-0.55115474013074439)
 (-0.32277340248853181,1.0970551322915416)
 (-0.095335440475103547,-0.14184943488540433)
 (-1.5260879401907961,-0.70210413913583281)
 (0.25013461403180109,0.35912436549872923)
 (-0.28582351003793188,-0.24089385103556513)
 (-0.72354032674336966,-0.20398559774097305)
 (-1.6810397533619665,0.63745966118875108)
 (-0.73688035889959969,0.59356426540365603)
 (0.87229654825513525,-0.0016212154641494475)
 (0.20139097400684761,-1.0657527771970046)
 (0.96383863300670847,-0.72488033436635657)
 (0.46428951874804347,-0.053954961619540026)
 (0.1266308823397499,-0.20253085424644571)
 (-0.70041851648855191,0.10968736387678338)
 (0.39005322837235229,0.37257656588389526)
 (0.17803003854811006,-0.17793411734738279)
 (-0.82384996228145768,0.67652814000956085)
 (1.218476708762797,-0.93413932015000123)
 (0.985312390767354,1.0054538703114502)
 (1.0566411292864528,-0.21913615967448982)
 (0.58196990065997656,-0.65096339367439293)
 (0.55422688866580549,-0.97290958288069784)
 (-0.8739972347436008,0.37757869492704038)
 (1.0321412732985609,0.79004965536879634)
 (-0.1387273476979983,1.6886388045857015)
 (0.63078894313484779,0.87814105760562877)
 (-0.23439307995392389,-1.2002221153744435)
 (0.17863270956481489,-0.26627833429115627)
 (0.78822384853045402,0.87543992664664505)
 (0.55730739860437328,0.43458873420782745)
 (-0.031918609959230904,-0.69488653243849186)
 (-0.34192930256456933,0.53146485811831878)
 (-0.65019372347430782,0.95911633962364395)
 (0.3109991251499169,0.10099918020627353)
 (-0.42447730273624806,0.97943778156853945)
 (-0.36388164273173396,1.4008800488436928)
 (0.0060493026481328394,1.3310847720868291)
 (0.92832110959565906,0.37832230678486101)
 (0.49602090036200919,0.14257462247345223)
 (-1.4353508373928534,-0.056652163800001994)
 (0.7837399980041736,-0.77024599050267295)
 (0.79199018676354282,0.16922704259913343)
 (0.21284954490760497,0.1785977312351805)
 (-0.061992487898824944,1.4163980215343062)
 (0.15604981068160154,-0.35540789366624903)
 (0.06329384295744267,-1.080247644754101)
 (0.53157428777100568,0.81727787819725506)
 (0.11736056292802435,-0.4647401561856544)
 (-0.63661708204872225,0.97928466713188889)
 (0.16716655387595344,0.13271407817703046)
 (2.4637627602965111,0.56826703207470264)
 (-1.4203534684188783,-0.75780011960627114)
 (-1.6389941827653018,0.9335068457407425)
 (-0.84323206783680471,0.77818584236556043)
 (0.76730987440073828,-0.44173827909655988)
 (1.0436798978952522,-0.91886598860405511)
 (-0.4452745100376081,0.39540077599889373)
 (0.18145141015820737,0.022368780409781311)
 (0.086744589576124118,-0.13832035714899693)
