# Created by Octave 8.4.0, Thu Dec 11 09:47:20 2025 IST <gamana@Samsung>
# name: rayl
# type: complex matrix
# rows: 2048
# columns: 1
 (-0.29834287063004272,0.094649085987080966)
 (0.35137302751191357,-0.64152500655182909)
 (-1.205932202097755,0.26551162972212999)
 (0.96222990785164608,-0.23499682557194718)
 (0.52906127693884031,0.29366517675551124)
 (-0.7627803569314292,0.17012355074891936)
 (-0.79695431767083302,0.6947030002671537)
 (-0.49897245891323483,1.7107077065556344)
 (0.9161492155221983,0.48258225794240273)
 (-0.58826068223411598,1.3946577198573911)
 (-0.16059479198364135,0.60458659517738578)
 (-0.48186831505045941,-0.20829312769812902)
 (1.2385552705611955,0.049120237162077078)
 (-0.12512974092227583,0.61044216419741049)
 (0.50545625512730552,0.87715045583236528)
 (-0.12409736496723434,-0.6595287344501638)
 (0.9041093242972118,-0.3664433802862786)
 (0.63328204297139268,0.74884479853324382)
 (0.38255961203069322,-0.017331799921921066)
 (-0.90402656991358665,-0.15718368934278371)
 (0.42597084643434591,0.19461729891398025)
 (0.70336797107791016,0.16936379700867635)
 (0.43211501214164283,-0.055227705091746952)
 (0.0080921387037866024,-1.2433075595709386)
 (-0.018922181765922856,0.27222393732024386)
 (1.3609075440404759,0.35920885588815243)
 (1.3516503048996205,0.43900171132867821)
 (0.013020100458180479,0.73987419785000375)
 (0.051846042446674512,0.13867100062485446)
 (-0.57352322822176616,0.19285294067928149)
 (0.21543975060718884,0.066359322867412918)
 (-0.21037092182392508,0.51034653891372928)
 (0.98568919955144829,0.020397073785873507)
 (0.79917979758793423,-0.38627703411310915)
 (0.16345377608375491,-0.12147143639892864)
 (-0.60438605731470318,-0.61727052980120611)
 (0.46965524855131091,1.2526579309092405)
 (-1.0929227399442534,0.48558628334540904)
 (-0.90859628079734278,-1.2615901727360268)
 (0.39189171954550817,-0.53452816219058041)
 (-0.15030022029947521,-0.054695068709484498)
 (0.91394576730473875,0.591081207023194)
 (0.19838323715974474,0.72962513472569424)
 (-1.3993511615803855,-0.92644431538943195)
 (0.22668965115764272,-1.5397347031792004)
 (-0.37646587615750793,-0.69011535462767881)
 (-0.52525296500128504,-1.1015970585406227)
 (-0.131782787566912,-0.58408552589704932)
 (-0.91948294950899745,-1.009197880488319)
 (-0.32322844635329295,1.0442864810454284)
 (1.1733116471470744,-0.29299457289593261)
 (-0.18099706750060485,0.23965144872424646)
 (0.36388564080473684,1.1782229095416492)
 (-0.24096426957830547,0.57054281304682175)
 (-0.58424050193287336,-1.5021943447682711)
 (1.0035069937053365,-0.53797546329941803)
 (0.90355843656650658,0.072895780282141942)
 (-0.90590349722472618,-1.2972227203153708)
 (-0.3265752333215769,1.1443365764485376)
 (0.11231468231188822,1.3571956757002399)
 (0.57511135616596332,0.13956972981218535)
 (-0.59215059692256222,-0.9527377278601038)
 (-0.47654502954990857,0.066074049331043383)
 (-0.55641492151016902,0.44466480139371212)
 (0.46723836214930087,-0.21013688776297118)
 (0.085162936108347395,-0.74323918846085113)
 (-0.097558776025771107,-0.0048737206755269753)
 (-0.50160566733090128,-1.3510145970130061)
 (0.20642168928259969,-0.84765107185469601)
 (-0.95145976191063164,0.13282863637663703)
 (-0.077489892638764324,-0.78245602928925373)
 (0.33344452656647794,0.69249790591449767)
 (-1.554913734166274,1.3406617679003565)
 (0.37453789167882751,0.85728987530991052)
 (1.0104440931205616,0.95065645071359839)
 (-0.1799568697473885,-1.5703888028583961)
 (0.19950001459600825,-0.6783859541112135)
 (-1.5197171355967878,0.5828772331047396)
 (-0.63340290144912026,0.15615689082930842)
 (-1.2058649125193757,-0.41724386159048249)
 (-0.21205442755796344,-0.25875942792430312)
 (-0.57021949496293289,-1.2478423018839875)
 (-0.39001602061534174,-0.39222749939585833)
 (0.55683729076500943,0.09937026793739405)
 (1.3274584300310281,0.29295138110199748)
 (-1.0903351413399123,-0.79600795788454082)
 (0.02845988804211208,0.31840092624453675)
 (-0.90265124706813693,0.47955382305777272)
 (0.6937687620900983,-0.026289687694796018)
 (-0.80303831047656749,-0.044576679697795649)
 (-0.33053066669920106,1.576345806291771)
 (1.6919803385374055,0.14135203849414518)
 (0.33378360155882214,0.66156773305872818)
 (0.36036779428808413,-1.2176418142235625)
 (0.489278313759129,-0.022580023501189758)
 (-0.14883173296660304,0.98997000443723304)
 (-0.23284437280362164,-0.34770289795696374)
 (0.28549452533800995,0.54209792884471042)
 (0.58168983181778877,-1.0514555441694839)
 (0.55823964775611046,0.57888827931912168)
 (0.0059951893397758166,1.5385243744692232)
 (0.63314359722469649,1.0950350809651324)
 (-0.02700201372802935,-0.15478644235054587)
 (-0.55466285888966282,-0.87770921132185531)
 (-0.099466438503975033,-0.01451119564982912)
 (0.42719367034294614,0.25272007762754528)
 (0.13812438797766027,-0.74597063683699216)
 (-1.2882382270017849,0.040227051459059568)
 (0.31230252568399153,-0.29184557304497466)
 (-0.14479629501363331,0.1831263605842991)
 (0.25835308968762383,-0.65436316122383342)
 (-0.15808039066336829,0.11912964897874267)
 (0.34110821385799567,-0.44983869048879943)
 (1.525969893318142,0.00024374674096959881)
 (0.52347644413479844,0.37983638873901104)
 (0.67306951067356569,-0.041504407587934403)
 (0.74207526149600422,0.2498792190044487)
 (-0.52391971110810309,0.75720625206490877)
 (0.59999887323424372,0.83838642879712189)
 (-0.67659814595749268,0.22798938902638119)
 (1.1608791856957059,0.53393730431043984)
 (0.89286079616954017,-0.32675767323990801)
 (0.73825255282089208,-0.48897977261383163)
 (-0.39195292432147988,-0.40770449168062251)
 (-0.8719579898321218,-0.70471375664892399)
 (0.22095809842028885,0.60816451381116154)
 (-0.66057035099165007,-0.42699540911616612)
 (0.75470131109235983,0.26195245255644839)
 (0.37888613533706167,0.18017378770616124)
 (0.77211476240923094,0.1995430882419543)
 (-0.91265701030309498,-0.46341186394057837)
 (0.26561717124403117,-0.31552306085378257)
 (0.53750376201417471,0.75711069003369713)
 (0.50041425283088437,0.79611077243545736)
 (-0.472092646482135,0.98584671166017579)
 (1.6527900140352352,-0.54778050163753211)
 (-0.18664212324248008,-0.06338940055790554)
 (-0.019148972122304601,0.27255494869497543)
 (-0.63998219401948298,-0.2156144322962823)
 (0.10046449569665204,-0.77711132301445707)
 (1.5902586172562339,1.1256358483474005)
 (0.55282624330494845,-0.6220266168530213)
 (-0.00031503803735361691,0.94527731246899993)
 (0.84723844325067188,1.2790973626009401)
 (0.78891258417048782,0.32309746932783334)
 (0.9647446008162156,-0.41591602534372202)
 (0.12803392644412381,-0.2210862343960138)
 (-0.21690226520915418,-0.024357779985121723)
 (1.078121949926754,0.52666266334603751)
 (0.16917672171798778,0.16276172740377243)
 (-0.57207270278892219,-0.626309645692392)
 (0.57527522670954168,0.69563226308201886)
 (-1.7750012365074903,-0.7822189960788527)
 (0.99941712412519701,0.41470603705534215)
 (0.46568198232122288,0.16841556215673564)
 (1.142162419609515,-1.0974624108403002)
 (-0.30218660746162579,0.69758485234266854)
 (1.1552873210993313,0.10857506518442885)
 (0.51038287391260739,0.20759239543149974)
 (-0.560137172592727,0.1490033209525955)
 (-0.60351685908641806,-0.27215552050840985)
 (-0.3280760461549953,-0.26709554987775919)
 (-0.54862824876992167,-0.075405634506498342)
 (0.9637404493389391,1.0540946258521791)
 (0.78844393706430904,-0.0034539215106207835)
 (-0.67702053272424101,0.3993540434844573)
 (0.24273689956159203,0.13707957066306528)
 (0.73386322904978163,-0.46903599551537367)
 (-0.46325361952200866,-0.65157281373640341)
 (0.0056162391084576182,-0.41361735974065572)
 (0.66998253182340783,-0.26314052407790045)
 (0.2112965972041598,-0.39512194684423152)
 (1.0018621116572941,-0.076605791088972808)
 (0.7110591692153384,-0.44769901185280592)
 (-0.63016902654921125,-0.21043265426048904)
 (0.051618860513941822,0.095364113342455051)
 (-0.049695343098972916,0.022198830648530846)
 (-0.78697915904687643,-0.2193062770185629)
 (-0.35432655524990025,0.0022980276437899409)
 (-0.025054479384486662,0.31920574368153798)
