# Created by Octave 8.4.0, Thu Dec 11 09:47:20 2025 IST <gamana@Samsung>
# name: rayl
# type: complex matrix
# rows: 2048
# columns: 1
 (-0.20670795119378041,-0.29185363842531031)
 (-1.0806143941501207,1.3277747412927698)
 (0.22549874254053603,0.4913875190319647)
 (1.271749254633187,0.37945468214846545)
 (-0.25149936329892819,-0.30649389452559861)
 (0.29355798372620001,1.085149200354423)
 (-0.11490911384432553,-1.4869039967242756)
 (-0.020142198222321259,-0.2804433064536031)
 (-0.67866891507566629,-0.085470554139214602)
 (1.7886046259734842,0.04120628294179552)
 (-0.63247535972181601,1.4431464935782259)
 (-0.91725976020533351,-0.18573191790316615)
 (0.01941638008808827,1.0565107191586411)
 (1.3565720290198102,0.19428752089868201)
 (1.5520460918006742,-0.44276738349533468)
 (-0.44228995481877525,0.59459851522936835)
 (-0.6129747917137478,-0.31647314440128538)
 (0.76920614581907287,-0.62692431441146301)
 (-0.4415084377037331,1.2863557271470369)
 (-0.083523535879376692,-0.36829158603260176)
 (-0.16151221817903996,0.60444373398915974)
 (0.29109043666411349,0.31421947670674355)
 (0.25411570004679818,0.15732679498502844)
 (-1.1150770562429715,0.34961294693325984)
 (0.39548227636279404,-0.07476250737938217)
 (-0.022269675566120133,-0.49926273424988521)
 (0.18760994533096476,-1.2061339209662476)
 (0.43579868596804811,1.79210141720671)
 (0.45488976134697251,-0.33505905585988133)
 (-0.16333885904670928,-0.55167182691815619)
 (-0.44855409469303192,0.51225419546256634)
 (-0.16858855450021051,-0.044247499297961006)
 (-0.50303549116358259,-0.40280288090171701)
 (-0.60838849447825583,0.68972146366024856)
 (-0.17350969421574444,0.20021575962119537)
 (-0.050388852660998865,-0.79834339713650682)
 (-0.35431467562176733,1.5279124978799399)
 (-0.75617695467032942,-0.31800581474413381)
 (-0.79133214933321461,0.6783988987434062)
 (-1.1620702189681242,-0.045139240985635147)
 (-0.82993947335522877,0.12048321172322776)
 (-0.011973104099795099,1.7689313945391316)
 (-0.8112986287507733,1.2028297449214338)
 (0.13859175683299349,-0.16567974193143595)
 (0.73442437465683741,0.817534869882798)
 (0.50670301155379405,-0.46095271112074288)
 (-0.90842511205596888,0.71827920485190089)
 (-1.2990077257822072,-0.100812457853516)
 (0.31338946181432903,-0.2403956956931482)
 (0.92109237826071444,0.59853622890316749)
 (0.76872750665208622,-0.40069994670917192)
 (-0.021344840705773447,-0.57928353930118814)
 (1.9590254302032815,-0.20653763957163618)
 (0.75371650035518012,0.31711494073758584)
 (0.30864228941393068,-0.92185304696960901)
 (-0.56217069261399888,-1.1605843288113518)
 (-0.78991332442616768,0.59751296705323087)
 (-0.10421963967595155,0.17610348356922176)
 (-0.022300973308428118,1.3238616522360172)
 (0.17030292618110668,0.11065201004384188)
 (-1.0892117886713462,-0.8317575749960251)
 (0.18244645198447801,-0.3047234739301608)
 (0.40651896903155471,-0.9157485715518292)
 (-0.68913267838426795,-0.54599616992071198)
 (-0.038126620594442273,0.64176175508909739)
 (0.49254430439590552,-0.31081693085312928)
 (-1.4133151769905135,0.079087666742539198)
 (-0.26612641720681746,0.49728641531659123)
 (-0.28578706763886158,-1.4020164598029736)
 (-0.59158302963811438,0.45221761089281132)
 (-0.515782540823705,0.43210130075954012)
 (-0.54778194172567984,0.67663321785167307)
 (-0.55189035888119742,-0.53770151934487131)
 (1.0623711518564058,-0.70475916320631715)
 (1.2212390125340693,1.0312132100111522)
 (-0.77237043498611269,0.44012039987462864)
 (0.96671577770675765,-0.9827579541471827)
 (0.6683814106619953,0.64220901346808135)
 (-0.010172815834394928,-0.88012800028176119)
 (-1.0978553161513607,-0.64307495356460986)
 (0.54206574243648631,-1.6616056715469085)
 (0.26387190383060982,0.075602131071483544)
 (0.16548867256219774,-0.34719699111793501)
 (1.1866376510921828,-0.38272984817689787)
 (-0.46087459347569609,-0.09219381494258555)
 (-0.23237510796213656,-0.29638940442127887)
 (0.94671157702768527,1.21121684626569)
 (0.1583778196549579,0.25419246152237757)
 (-0.2792423815535971,0.31537425392350987)
 (0.46189252852471602,0.51087280797944734)
 (0.5984065270908433,-1.0558101134561044)
 (-0.94008118982003996,0.32354774678216325)
 (-0.84021531179967035,0.5732570420848091)
 (-0.21688552822544591,-0.20658080871496354)
 (0.40002257139547759,0.040926558254089959)
 (-0.42411232496451406,0.71948556630252969)
 (-0.14799037196790454,0.54557508617554273)
 (0.86199833929541836,-1.2925105075108128)
 (-1.4578515002541637,0.69911723942339177)
 (-0.016199941571350393,-1.1719956187762215)
 (-0.90593321796765713,-0.9894285862398805)
 (-0.48532088995384531,1.3143404164219847)
 (-0.20766816310811301,0.19296063052052451)
 (-0.1102864442149547,0.075676218258112882)
 (0.54428290495971665,1.7295062928721259)
 (1.2728437000375536,0.28060829538522825)
 (-0.11570999742524402,-1.1344016926776717)
 (-0.71978366077099276,-0.5902481984980662)
 (-0.58781442820509311,-0.59184104416565331)
 (-0.40423195735691919,-0.10081030320710271)
 (-0.044208355977256732,-0.25785265827730419)
 (-0.44600717754746888,1.1891985365748512)
 (0.8324401468412137,0.7508391133081157)
 (0.39076848572356843,0.45885456520036211)
 (0.37120160651242567,0.57238096250928749)
 (-0.43976321487930209,1.0727799045427053)
 (-0.62549434951341021,0.13380820692931691)
 (-0.2913659704621317,-0.41999899597338103)
 (0.66018034334197873,0.13670506292598245)
 (-0.39303819656528888,-0.15201904666750912)
 (-0.51426463401552258,-1.0165338491388132)
 (0.39179539191151386,0.79729696510538672)
 (0.42139680039022542,-0.37365400446657687)
 (0.64691841136928296,-0.81336338445630296)
 (0.096261990550827709,-0.13957475260230373)
 (-0.6253556953330266,-0.71165318196145011)
 (-0.32435821647869578,-0.44394813836259067)
 (-0.37039668135888787,0.27833331696487079)
 (-0.15497920113429497,0.14282373110458513)
 (0.3112787481784216,-0.46581578498194331)
 (-1.0106756605824714,0.21933902863001678)
 (-0.063010076203177293,1.0007415778067095)
 (0.34828655499228445,0.0096287386545938335)
 (-0.42064346428224791,0.34994223848725459)
 (-0.18367787209068473,1.3702460142799815)
 (-0.27084586803082933,-1.0289673206041909)
 (0.71991104518644755,-0.057422907361477357)
 (0.020364447344342763,-0.39347858605318198)
 (0.74989460412118225,-0.005663490634881304)
 (0.77557133172580572,-0.013530371121387552)
 (0.17608435934792893,1.1851737263331967)
 (0.20699773078534039,0.90575177001858698)
 (-0.53102349336504784,0.074806889095343124)
 (0.49865577416516149,0.92785577953189446)
 (-0.28165624424547958,0.68210633915096897)
 (-0.5694135003059434,-0.29429349010969535)
 (-0.67860674841715063,0.61225141643032255)
 (-1.0553435834234779,-0.75240495738548996)
 (1.2608945914371477,-0.40782153770084195)
 (1.8999668418603859,0.73961743222215548)
 (0.16436626319499384,-1.0197492890255038)
 (0.73056552849027789,1.3038276064771692)
 (0.66677754641293485,0.99786576599767429)
 (1.3140995986341708,-0.90768894483482288)
 (-0.21908640022394826,-0.12916058874518108)
 (-0.18584168037072443,-0.015190777636227674)
 (-0.6083491838036883,-1.091338696855918)
 (1.7329205244198302,0.23063200291146876)
 (0.42466122946700097,-0.10150674882626931)
 (1.1786447132816942,0.25280464473158154)
 (0.16751647535351216,0.76040895323606827)
 (-0.44569909668665425,1.4132309263541494)
 (-0.040586750982660819,-0.51991930550075571)
 (0.677528678771666,-0.47489031139076859)
 (-0.38610869802421877,0.34951502584612859)
 (-0.078070829659713112,1.0406637987890228)
 (0.73255699016519027,-1.8650521153892692)
 (0.14254730094997531,0.45027147277042956)
 (-0.12706847781538919,0.51798052783120063)
 (0.36669444019457281,0.13202001668485761)
 (0.026163487077739495,0.42376605435875364)
 (0.56903662869691618,1.2336472452273544)
 (0.052118287616100129,0.37314261115216318)
 (-0.081233391401866431,1.0078019824098146)
 (-0.2867556777279186,-0.18863775425404616)
 (1.0581816282633214,0.65956453012051774)
 (-0.62520980710814822,1.254122421736209)
 (-0.38257350951850994,0.7773828884664028)
 (-1.0996015007782474,-0.40988739230460114)
 (0.22748822815388728,0.84096272023720686)
