# Created by Octave 8.4.0, Thu Dec 11 09:47:20 2025 IST <gamana@Samsung>
# name: awgn20
# type: complex matrix
# rows: 2048
# columns: 1
 (1.009818787560453,0.10940297041673529)
 (-0.99123206344055126,-0.022189642558165062)
 (1.0647601487253533,0.013615039879183253)
 (-1.041495981790145,0.031032533882621373)
 (-1.0519065171518052,0.024835735025466897)
 (-1.022370647989685,-0.065396647319737919)
 (-1.0336695280904873,0.047830990801442382)
 (0.97599955685439455,0.15751559861122233)
 (0.96337160469486216,0.052405089331849411)
 (0.97312353706748489,0.0046795161666077232)
 (-0.95838937060756513,0.074668872495564323)
 (-0.91659541852870474,-0.01820987655499753)
 (0.95932589579201011,0.10845300287145887)
 (-0.94743585111598771,-0.018563941871361362)
 (0.95753268392137569,-0.043438095918127306)
 (0.92100221589844111,-0.049132114953057367)
 (-0.8273461919765055,-0.050529983519803472)
 (0.98177601988702079,-0.0093665592694258046)
 (-0.92114511181728975,0.018389047258275473)
 (1.0800443428726609,0.094490251634433586)
 (0.99405434782938029,-0.049254598895636562)
 (-0.95217760202946811,-0.018129480486779325)
 (-1.0299257707698399,-0.0045497788641102408)
 (-0.94066319187495229,-0.037067093065622891)
 (-0.90761371081624909,0.0071492547744420772)
 (0.99250466553121253,0.16498810927781352)
 (0.91509100002302257,-0.048106771589383736)
 (0.92724055004424155,-0.055453108102892737)
 (0.97797662528172524,-0.13649001973868435)
 (1.0707575482107847,-0.11803280646042713)
 (1.005343818859991,-0.098772899077939055)
 (-1.0938951656258395,-0.044879244253280388)
 (-1.0551830110614395,0.075756959952343328)
 (0.99279900693168199,0.066976524073103519)
 (-1.0326122266235973,-0.013779170401821717)
 (1.0046180291511779,0.038223678542812556)
 (1.0303901360624648,0.017121352728706653)
 (1.0431466851742508,0.017099495295041754)
 (-1.0001514108644063,0.045280055536384485)
 (-0.99301086508701053,-0.00033482417743750138)
 (-0.95953001231325308,-0.027920737664726338)
 (-0.97564370838130965,-0.018241894716755521)
 (-0.91241296680647332,-0.11708040458747654)
 (1.0470824745095195,-0.0055169925235032426)
 (1.1595228900975973,0.0025264757245331199)
 (0.9596406157016858,-0.047049663242914506)
 (1.0957119187923525,-0.044844953844572183)
 (-1.121116665535896,0.0050062704699885864)
 (-1.045095660839797,-0.11028560156766823)
 (0.89728040133565978,-0.0076090296861647038)
 (0.91212576652302613,0.10489185175916374)
 (-0.94564692272446771,0.029934991739212359)
 (-0.91716763435047266,-0.055082341993109712)
 (1.1189967024690826,-0.019762149859584174)
 (-0.9959278031517298,0.068827820526122102)
 (-0.84514730914472413,-0.10461964741908875)
 (-0.95571561199298838,-0.0075766925621490915)
 (1.1224557951477967,-0.084692586548661866)
 (1.0516594771498744,-0.072193762108703527)
 (-0.99096287219464341,0.080860916820860718)
 (1.044294170292225,0.10103239590129183)
 (1.0957208799212519,-0.029383667014070133)
 (0.96759632715724286,0.11076647599816769)
 (1.1113776314443429,-0.033717240682896742)
 (1.0041055805020129,0.030012285804989408)
 (-1.0117948885087034,0.052490884724964229)
 (0.90669911829209182,-0.056785329381529082)
 (-0.92088806107108057,-0.039149268256017888)
 (0.98870962622548608,-0.030191387060646557)
 (1.0738848029577726,0.030813598203335825)
 (-1.0513397489113558,0.074616611271962577)
 (1.0775606376150693,0.026957810916598979)
 (-1.0454552204638137,0.028094871642044491)
 (0.95799345338057251,0.0098263554288773956)
 (-1.0504480400117793,0.004615633264901174)
 (-0.91033648757516061,0.0065815181704990807)
 (-1.0168010642131791,-0.015370526306498501)
 (0.95081266753921934,-0.0014271871627704268)
 (-1.0479218976466125,-0.12623746956195478)
 (1.1228262902463295,-0.034423563781981838)
 (-0.92652001497127101,-0.14441237602880252)
 (-0.94218273252336771,-0.10164125893160277)
 (-0.96195142272437484,0.058529263658638697)
 (-0.97410065251747502,-0.090299067499045066)
 (-1.0338852353828891,0.011830095873261367)
 (-0.94970251429804542,-0.12599592659909886)
 (-1.1173711725259958,0.092369389616124953)
 (-1.0059157041910121,0.034366217333907191)
 (-1.0350503525793249,-0.074406171172616095)
 (0.99127120560510396,-0.039283046958030261)
 (-0.89436086809169635,-0.0091340857766282705)
 (-1.0258925934750436,-0.086223294935793032)
 (1.0977299323112057,-0.040241931822704691)
 (-1.0246735696475073,0.087708998527525381)
 (-1.2032307125371884,0.07774460829312653)
 (1.0421737371358186,-0.00084324991504792699)
 (1.0445856086780723,0.0044034513857359389)
 (0.92012514230607378,-0.088131179532682347)
 (-0.91465210920657569,0.0079857366160936919)
 (0.92413309870138438,0.051833636299893515)
 (-0.93106477617387995,-0.10088215675952211)
 (0.94627815472173005,-0.014866506595171703)
 (-0.94066429859590039,0.094198597392896113)
 (-0.83749171611027529,-0.058521445448084942)
 (0.9720666533473622,0.080114881841353125)
 (-1.0390091478169245,0.0054594408322055157)
 (1.094641450981537,0.023374447798757143)
 (1.0344774538881638,0.042442173169444236)
 (1.0494016927324608,-0.040231206140672188)
 (0.96606749925861213,0.13504213827737876)
 (-1.0367137961656805,-0.020505601587461456)
 (1.0026911121996267,-0.088214818810122927)
 (-1.0321697932585012,0.038431223487867899)
 (1.0722296535628464,-0.087036890310905404)
 (-0.92742766257370224,-0.071841559712058176)
 (-1.0341158379993534,0.11371121286274129)
 (0.96880045785712299,-0.023961916750788192)
 (-0.9606698943402322,0.054101818323888919)
 (-1.0227561353029877,0.0158447897661993)
 (1.0337964062242655,-0.094859717698624224)
 (0.98924709939175737,0.043892777299503125)
 (-1.0363828505750849,-0.0057073688205321084)
 (1.1397848723289858,-0.074708859147375489)
 (0.99832782296923228,0.028649154824991231)
 (1.0790425785047473,-0.026205339900752918)
 (1.0517499890778805,-0.037898914305323252)
 (1.0120257592689226,-0.032553451900101886)
 (1.0049474927316315,-0.0067886987295636379)
 (0.986822523777105,0.15693034766353653)
 (1.1209223572664062,-0.019245113766675079)
 (-1.0597315159352516,0.072415914195636533)
 (1.1659019200752399,0.0011236927237596708)
 (-0.99410059769593329,-0.040717736081644862)
 (-0.92910417828162783,0.053833770677295438)
 (0.84883119127118123,0.014976783580428484)
 (1.0072335127937453,-0.12664667518113612)
 (-1.0570000953723839,-0.089947278545385839)
 (-1.037402163777037,0.13558132085988159)
 (1.1689910532561361,0.062527153708929126)
 (-0.9118654143648689,-0.055735374793874887)
 (0.95892583310063984,-0.034366662721940895)
 (-1.0573096522524799,-0.10522135092763302)
 (-1.0322375147413858,0.1062612927358948)
 (-0.95200761394039524,0.02646255616319276)
 (-0.9086098085870099,-0.10810524413359052)
 (-0.84960277849907018,-0.18780328723657885)
 (1.0130919758402648,0.043215949963161089)
 (-0.95433666046376853,0.00050331640005749176)
 (-0.91530682632087235,0.035961702804134146)
 (1.0423669435906129,-0.082400716165496657)
 (-0.80030096482394741,-0.0087075752361957647)
 (1.0515155797599436,-0.093888870771453969)
 (1.1063119601174984,0.071658315379026949)
 (1.0745172107999317,-0.081307785790305287)
 (0.96209224454144671,0.0070281680725077572)
 (1.0116431069849035,0.019807270792077374)
 (0.92200810934733701,0.029938528553812512)
 (-0.98729135410866331,0.018948117651696704)
 (0.96723479987829508,0.033922530380932257)
 (1.0680016745862824,-0.014743035727222343)
 (-0.99886856886648079,-0.14402165258694524)
 (-0.97105197567287771,0.13562551133896256)
 (-1.0614829398418997,-0.040400437275154563)
 (1.0086575450655566,0.11396917967059186)
 (-0.93691257816059159,-0.14740958978773391)
 (0.9732703926345676,0.10117638681489174)
 (1.0448245067062589,-0.036576503801487206)
 (0.93867275695547359,0.083095727334498617)
 (1.0546232410434535,-0.030128253934113648)
 (-1.0215693510512294,0.038539341349613739)
 (0.98725624930420175,0.083705468395977534)
 (-1.1505405258220778,0.0040733500711997508)
 (-0.90817998545293266,0.075533914811903691)
 (-1.0166142566896001,0.064916875379220251)
 (1.0596559228370732,0.010671222291624791)
 (-0.91306811703045243,-0.085303991601093906)
 (-1.0808964624569801,-0.038279926827234731)
