# Created by Octave 8.4.0, Thu Dec 11 09:47:21 2025 IST <gamana@Samsung>
# name: awgn20
# type: complex matrix
# rows: 2048
# columns: 1
 (0.99573124940858637,-0.052365968906087662)
 (0.9397711653944657,-0.0030342982302949515)
 (-1.0260040833427897,0.014605722787770751)
 (-1.0156095943502303,-0.071302239976857668)
 (-0.96559397346715803,-0.038138830926326472)
 (-0.97868757920513261,0.088308753596741035)
 (-1.0221563608088295,-0.0092201264759838933)
 (0.99732343787222555,-0.052020865759563661)
 (1.0150890662663237,-0.089809356253594499)
 (0.97234658265837881,-0.10490301627500614)
 (-1.0223416046463325,0.039212321064164543)
 (0.97480688109120806,-0.019661980760844758)
 (0.99649562999895824,0.1554056231100879)
 (0.90493766665759701,0.1513928198309589)
 (-1.0648674868781154,0.21492623905128352)
 (0.99161486010565725,-0.0072520410010509214)
 (0.90799493726467018,-0.0093643580340606967)
 (1.0060470443042964,0.060655243959768172)
 (0.94076028090436981,-0.0061561960385943942)
 (0.91422120013400809,-0.042273505254161743)
 (1.0605326649000704,0.034944494952074072)
 (0.95281037045974182,0.066099920836662995)
 (0.95052091138312489,0.0018059197647929599)
 (-1.0054432077937681,-0.046842895445501818)
 (-1.10324777173692,0.12490578837647551)
 (-0.93834453881158453,0.067213878437923161)
 (1.0418768014233628,-0.032670370760748281)
 (0.95135101737371042,0.072280364191582583)
 (-1.1081228102882879,-0.097271421379062001)
 (0.92606364591811663,0.1200504366369589)
 (0.9709676242725005,-0.0089226818781181615)
 (0.94908137415318738,-0.071369074230647242)
 (-1.0608643595399148,-0.04919501393117745)
 (-1.0919542918710288,0.1000567064954878)
 (-0.97562795932541158,0.0067329500139952526)
 (0.98722542649567191,-0.092042834893093464)
 (-1.0506511880738998,0.046461826579090405)
 (-1.0903941382828317,0.029860587578181465)
 (-0.97774571317686643,0.034053006503457189)
 (1.0243815452444176,-0.17901546834892298)
 (1.0650765347870244,0.086859953287633518)
 (1.0017154442725331,0.014713942269981252)
 (-1.0508861417317141,0.065288046873542865)
 (0.94983383751867823,-0.055893016016163782)
 (1.0057115113421138,-0.031037736917065073)
 (-1.0513248220262819,0.009274620034763573)
 (1.0479931650054093,-0.022320052851355739)
 (1.0933247905844294,-0.043628944198650689)
 (1.094371379495831,-0.047186512908481582)
 (1.0041533336689752,0.033829481990611913)
 (-1.0504805413877845,-0.11686844354907355)
 (0.92433680604004398,-0.085573284088271417)
 (-0.96236013111410179,0.069129687385446018)
 (1.0267237167943233,0.15287074084069979)
 (1.0394043185199446,0.054968469531494701)
 (0.97101849853406919,-0.028274805918892795)
 (1.0412628365769987,-0.0048395893168365258)
 (-1.0752611254221989,-0.13054226500346222)
 (-1.0165136956944445,0.091485347089675109)
 (-1.0631067332583106,0.042548012241898817)
 (1.1220369804320331,0.061001978094975151)
 (1.0101506452214228,-0.049927259638638755)
 (-1.0480069699019716,-0.05236420061385029)
 (-0.92241807919163954,-0.081675378246839084)
 (-1.0581794014875625,0.20949565809034323)
 (-1.0966894755379746,-0.01202839182686883)
 (1.0360190331374814,0.053767249651747943)
 (-1.0315208208049935,-0.080306133027321105)
 (-0.83386204610041892,0.040898567781728824)
 (-0.98266426757379777,0.020575006458647457)
 (0.87808177275576349,-0.00040749358908813882)
 (-0.91674352979906737,0.041571426777600527)
 (0.89060985396467651,-0.13791524734336696)
 (0.87422870198379721,0.0079725508919855134)
 (1.0071232335832458,-0.011721199666835838)
 (0.91460377440874419,-0.056827043383757325)
 (0.97123918786003638,-0.019610363355377483)
 (0.91334974322638474,0.038242797673093361)
 (0.89951286336055969,-0.042650338477444059)
 (-0.98728572465193709,-0.079323387173023632)
 (1.0652885802361782,-0.13652214729559725)
 (0.9569168871135777,-0.057395583468509363)
 (-0.94344812577456072,0.10393371945892216)
 (-1.0257307099844826,-0.095012559772839386)
 (-1.0223385571130557,-0.060054118992804918)
 (0.89279427060196226,-0.028174211901495355)
 (-1.0415819229213126,-0.061433433238867755)
 (1.0540283046430174,-0.054702296799313599)
 (0.98959398559051803,0.025863932221347665)
 (0.8117415791378183,0.0015049812671833549)
 (-1.0015288525752866,-0.054246735414200456)
 (-1.1288239593792939,0.0082013484150983539)
 (1.0380019458162084,-0.01380911384509315)
 (1.0097110025958964,0.024885581824607993)
 (1.1032581559293104,0.033721451807642376)
 (-0.98767759024320523,0.014232298584641477)
 (-1.0748589248882914,0.042656904551820835)
 (-0.99927524757701391,-0.030943483366913632)
 (1.0211372303024691,0.040213692254736262)
 (-0.9785691946869346,-0.027267576607680706)
 (-1.045514067698611,-0.036796417338908032)
 (-1.0444939039989918,0.080421897746076471)
 (-0.94279194183759008,0.053234877644832125)
 (-1.0001570260558053,-0.11386939912632162)
 (-1.0143613657835848,0.067885884170866218)
 (1.0422269855122785,-0.098421414338792534)
 (0.94218663162048644,0.14192819794653552)
 (-1.0784859269102907,-0.02188774462439351)
 (1.0842116084761884,-0.035745521369793136)
 (0.8776369828823376,-0.0041033417975020617)
 (0.91753157033658539,-0.022743701326602347)
 (-0.90805318683162417,-0.03454148173377701)
 (-0.97801681032360499,-0.088416162908173404)
 (-0.97056658214249381,-0.059828742154015527)
 (-0.98320567452672891,0.061705742113983157)
 (-0.99849481645811045,0.025863085594174464)
 (-0.90180592174249297,-0.072256220903691437)
 (-1.0229797748496221,-0.1301588315690535)
 (1.0532251174140472,0.0072240244047947324)
 (-0.95057794006050944,0.015961895970986482)
 (0.92225338690611647,0.057089326630959794)
 (-1.1495741258406749,0.010035211343463071)
 (-0.91995204596215285,0.056361059580432096)
 (-1.0554412595162648,-0.059020621387572574)
 (1.0205040729181569,-0.003442430757063289)
 (-0.95966808537638726,-0.019265825590881885)
 (0.93265297273470738,-0.029189661456892991)
 (-0.96090351184351408,0.039212342685308793)
 (-0.9711625006204776,0.10186465492523625)
 (-0.98559179527408647,-0.12407854457557288)
 (0.96760482581298868,0.01255478578180628)
 (-1.0493252052941644,0.044720172957493032)
 (0.92312190724229048,0.080011430534864675)
 (-1.0437008359791387,-0.092805626273079991)
 (-1.0377620269703633,-0.024106638711031501)
 (0.9830790220703679,-0.017037015186087679)
 (0.99814534338776595,-0.010222061386208715)
 (-1.0127261635780964,-0.12023624183682968)
 (0.92229616385684787,0.054780457420554388)
 (-1.1102353387891644,-0.094950780362461587)
 (-1.0180241633937972,0.083097561137192869)
 (0.9292846212893543,0.092878841098880727)
 (-1.0028473571273646,-0.014594573530719954)
 (0.91294017697680596,-0.086628283428661468)
 (-0.88224489210378521,-0.0016245648104450422)
 (0.98303416963614143,-0.076584085917288103)
 (-1.0208739364376167,0.090445043966217484)
 (1.0075646869274022,0.020727425831070921)
 (-1.0851259402353814,-0.11161500049594122)
 (0.98003371531117578,-0.012945361929629425)
 (-0.94888351040341723,0.067247637896159701)
 (0.9718233630092844,0.011649330183078432)
 (-1.0171387720246277,-0.021018772993499284)
 (-1.0113466146058496,0.0057501550529013828)
 (-0.92098710782928295,-0.033776042769573966)
 (-1.1576275454159637,-0.010836213684148424)
 (-1.0252397352633666,0.066971683491576048)
 (1.0416908661227582,0.044399205403616686)
 (-0.90805998662600085,-0.041362636558296313)
 (1.0625197480253608,-0.026082539391370875)
 (-1.1264839068192851,0.12813940274037303)
 (0.98130950237748549,-0.19763451538631471)
 (0.89990673643526553,0.090642717342779983)
 (-0.98759793532653861,0.10647869130472748)
 (1.1022163228146364,-0.062469794054746799)
 (1.0573821907930951,0.09994351994988375)
 (0.92442694153434346,-0.0069077856828778268)
 (-0.86713988011191856,-0.022264794594889423)
 (-0.91624111056643842,-0.015114253897262503)
 (1.0123901949027179,-0.046048994421067489)
 (1.0641246639590729,0.11651843222463253)
 (-0.99303265368364735,0.055864939233867254)
 (1.0415688683633397,-0.049757203562565418)
 (1.0767749057113336,0.043311938828125451)
 (-0.95284062659201463,-0.016146169257372632)
 (-0.95004916667814399,0.039394309674818696)
 (-0.939837673797284,0.017936972308850677)
