# Created by Octave 8.4.0, Thu Dec 11 09:47:20 2025 IST <gamana@Samsung>
# name: awgn20
# type: complex matrix
# rows: 2048
# columns: 1
 (-0.92650478512748002,-0.048993709963603312)
 (1.0133948483694442,0.003666378382528937)
 (1.0461550621414981,-0.051990842884409208)
 (-1.0026998731818626,-0.04433393520761536)
 (1.0384888794095526,-0.017590380070601975)
 (1.0612617375437565,0.077544511798839783)
 (-0.89663497773068968,-0.091464867560157537)
 (1.042899880336678,0.022022667921819599)
 (0.99093416295470049,-0.10731131591232178)
 (0.8642918433044825,-0.052517599338427493)
 (-1.0945027371993983,0.025414131590880486)
 (-0.84001397141644152,0.024357009998719176)
 (-1.193768675982759,-0.040379486770623835)
 (1.0404055434681019,0.017552610309737923)
 (-1.0408543822951433,-0.13670895569468841)
 (0.87230235576599879,-0.13262989276938233)
 (-0.9985957030025534,0.055271162652356043)
 (-0.88313640478225075,0.065104151648175665)
 (0.98438123290192925,-0.03157612881376369)
 (-0.95653728201390165,0.053440802810350387)
 (-1.0571753576132239,-0.078168939961530681)
 (-0.98717401008473604,0.062086987241684655)
 (-0.87889952775439495,0.015187165733603489)
 (1.130872616563404,-0.056335955151489973)
 (-0.98782593539216046,0.10904441919336093)
 (-0.95772495124514034,0.049115592181448196)
 (1.0482746311876121,-0.074737624782230103)
 (0.87375807091182756,-0.046405453096360315)
 (-0.95728817433802371,0.048411043684570804)
 (-1.0972048100191594,0.11745348806546803)
 (-1.1120823282906958,-0.0060826958797658235)
 (0.97237046647862146,-0.01658252819779445)
 (0.91824520842088853,0.0071269208545551499)
 (-0.85972584789341544,-0.19254057906548214)
 (-0.93612574508070523,0.077467137409953341)
 (-1.0186971714994872,0.10768303462018909)
 (0.97756119437239986,0.053402872189643506)
 (1.0748308372951967,0.11425157910723367)
 (1.0295415251777433,0.12739010560909034)
 (1.043635221590566,0.048106261185086346)
 (-0.93618214967537083,-0.087586981008740961)
 (-1.1009374919504973,-0.15622902815042278)
 (-1.0982785914277842,0.15262430021909851)
 (0.90597914710384664,0.0011796234951977989)
 (-1.0318097724530071,0.043313808679376335)
 (0.99434406557827526,0.02296296949108247)
 (-0.97015989959322269,-0.057771865450474025)
 (-1.0443043627837374,-0.033064013499853821)
 (1.1389889284203631,-0.0085640169178218279)
 (-0.96455987204318039,0.11833930041256334)
 (1.0919626103215516,-0.057572508054391652)
 (-1.0359966559589231,-0.0091674558500148811)
 (-1.0153387095672828,-0.083317035873269857)
 (1.0353969252721056,0.02564503613837715)
 (0.98085242976461395,0.098062588003584472)
 (-0.81155075113975916,-0.0039516858602184745)
 (0.84807631596295308,0.070379002659624643)
 (1.1191151026859867,-0.062149845492393399)
 (0.99614286157493592,0.12087754119448767)
 (1.0130476531904493,-0.092014833496040671)
 (-0.99935475612846725,0.050389562666051185)
 (1.044397011193795,0.031919766862051793)
 (1.1508659703182411,0.094282211528006629)
 (-0.93540534696863387,-0.062962894074546069)
 (-1.0356866880653108,-0.03964035743165982)
 (1.0094811726991835,0.034349031133202347)
 (-1.0746125738328256,-0.057638482613942103)
 (-1.037605465272049,-0.021676290793336217)
 (1.0459565896507184,-0.0031741953337410291)
 (1.0264561860299355,-0.015110636556244526)
 (-0.97251932324453616,0.056403506781399382)
 (0.91894924231073249,-0.0076037054123199296)
 (0.99874601021957465,0.061204523823054385)
 (1.0227395375561334,0.018189544350718938)
 (0.95935741735384439,0.0010654400333010153)
 (-0.96960467406012107,0.074029009242500429)
 (-1.034672786982769,0.033573149434140588)
 (-0.93125460177091435,0.055707335710196065)
 (-1.0248751492319472,-0.07602040518731934)
 (-1.0785302673476727,0.099229363238495377)
 (-0.9729121554178316,0.0042034985447593287)
 (0.98469140405578626,0.0092739999164521518)
 (0.95066901163567674,0.0048035347737306194)
 (1.0607656163783843,0.21729270584677771)
 (0.99717582581898645,0.041475489506421943)
 (-0.99896192913816684,0.0044990966607723606)
 (0.79587766251591363,0.06296821821711944)
 (-0.96505311910316938,-0.069853239571922382)
 (1.0530125677167885,0.032907146047447759)
 (-0.97261102096708074,0.067665352026260159)
 (-1.1729346724531096,0.090497774252842375)
 (1.0142412749365104,-0.057061241124683006)
 (1.0765532517496237,-0.10784877637448963)
 (0.90407919830101402,-0.053224620240999623)
 (-0.98038240535228471,0.10976766893715342)
 (1.0440384270474015,0.12496125418430222)
 (-0.93531185962103036,-0.067506158173048628)
 (0.91185176763729781,-0.062646569696699031)
 (0.95632852622682774,0.097424279543693731)
 (0.99903651426848761,-0.10599080352946751)
 (1.0685353045062178,-0.056522749198524173)
 (0.9581964044715775,-0.052224186960108457)
 (1.0364780923647936,0.013931962552599101)
 (1.0075298848854581,-0.0037180614237169174)
 (0.91344574831771352,-0.036286055014726662)
 (-0.94635919452470929,0.052170245253672788)
 (1.0017558662102535,-0.0015228798226447201)
 (1.0665503836727033,-0.012778644574997887)
 (-0.97477207497484375,0.060287899506008047)
 (-1.0999575969167272,0.16521726771471656)
 (0.96512995926304856,0.017221589591206794)
 (-1.0133886485558146,0.042060847173274657)
 (-0.96514857664801135,0.041822364116508116)
 (-0.96585432655722736,-0.0055395973476655321)
 (-1.0601482180139168,-0.023754058908909359)
 (-1.0519620033316541,0.15520730319007114)
 (-0.96410179081768566,0.086627393416046972)
 (0.96647881616150488,-0.0016008051063560577)
 (-0.99715737515259728,0.022037097024390592)
 (0.98390813173047542,-0.067985095474462007)
 (0.96596730919225871,0.14149546568177326)
 (-0.9201100047832339,0.032734794692932438)
 (-0.87824509793498884,0.014470493927567822)
 (-1.1852152943882395,-0.0020694589013985007)
 (-0.90648932154409678,-0.01839209253617213)
 (-0.96426010705679877,-0.051073556181075258)
 (0.85386291500234812,0.09188299259147166)
 (-1.0156906426980821,0.040545783017092538)
 (1.0372680825395439,-0.054605653099070332)
 (1.0484811036495891,0.047727724310423505)
 (1.0444576862701831,-0.01735121212164038)
 (0.88914398165872299,0.045600656686375342)
 (-0.96950880240076154,0.012302156537437353)
 (-0.98437821622150823,-0.080018150700216562)
 (-0.93370307571528643,-0.024137437419691876)
 (-1.1190161156970997,-0.0028579552520011159)
 (0.97854783994374561,0.051190571065334228)
 (0.92009748661021906,-0.14201469228231559)
 (-0.90568359010642374,-0.028346816878543669)
 (0.9277992170212519,0.018018269694897889)
 (0.99501545593888241,0.14539492149884886)
 (-0.94871783187748426,0.13997783339632539)
 (-0.89980601335650445,0.061671481491737727)
 (-0.97544589105073043,-0.12584317043077764)
 (-1.0472344470152792,0.090865436074801201)
 (-1.0557797745414186,0.048671507271872277)
 (-1.0198649428346953,-0.0066817245807787974)
 (0.95221863110636773,0.12316063073386958)
 (1.0015877444283228,-0.0067414728609369997)
 (-1.0369814413714513,0.048940441589361672)
 (-0.93512707738101819,-0.0086171399678383331)
 (0.96375649511216332,-0.028055344366006936)
 (-1.0445649903007941,0.035276881479581454)
 (0.82695478708848735,-0.010436322692326635)
 (-1.0391236208206553,-0.061869210592560758)
 (-1.0303673109515747,0.11369806777295105)
 (-0.90046352942007879,-0.0078979286195457223)
 (-0.99659083864199693,0.15138389853422665)
 (0.99882900239286432,-0.0035778789635854571)
 (-1.0265778053524715,0.080471224656110119)
 (0.99323699045858016,0.015728305997246214)
 (0.892720563953178,-0.038319511103947705)
 (-1.0169156926061942,0.017130140490081214)
 (-1.0460293767636963,-0.01632542205125638)
 (0.92073551499118289,-0.12719714502640508)
 (-1.1139155499063065,0.071545135384843847)
 (-1.0764127954662901,-0.075377766152581849)
 (0.94900926640688299,-0.052687103379360778)
 (1.0533843087758126,0.15209844157601146)
 (-0.92206148786072828,0.026727919841452535)
 (0.99331351166399995,-0.034923742303309982)
 (-1.0619639776033383,-0.075019311056488694)
 (0.93558547285896121,-0.20330757978395519)
 (-1.0670798817641043,-0.043844257204006538)
 (1.022168889522328,-0.00040247813138602869)
 (-0.93812166006815856,-0.061145473397789779)
 (-1.0929215189643671,0.0036671775776902153)
