# Created by Octave 8.4.0, Thu Dec 11 09:47:20 2025 IST <gamana@Samsung>
# name: rayl
# type: complex matrix
# rows: 2048
# columns: 1
 (0.75100839216839343,-0.36249019413209693)
 (1.008074100132232,0.11146293750046656)
 (0.22075508269194768,0.99276338223518135)
 (-0.5067207438743373,-0.4677106489648124)
 (-0.54802041034298588,-0.39582802743304257)
 (-0.64799124796583629,1.2388601681627021)
 (-0.76403403745514509,0.8178388490298405)
 (0.22205573997433284,0.72172862203451271)
 (-0.91870535893908423,0.51566772658415716)
 (0.66073338159100281,0.87447702078669065)
 (-0.30526274447938923,0.68005456686038379)
 (-0.016139552187665853,1.2583952914208607)
 (-0.025241659730555501,-0.1053264746573904)
 (-0.040826366225910619,-1.3917933209309008)
 (-1.0034106184497324,0.47876916880967418)
 (0.45333152668082272,0.17248599630330025)
 (0.060390651721941052,2.1254202774183519)
 (0.82211104543396385,-0.047194670280838298)
 (-0.17041920565025806,-0.0082738329045817394)
 (0.32707731138476881,0.0026154080561243379)
 (-0.36006341086928523,1.6343375553118138)
 (-0.99694861323492567,1.0148252813299623)
 (0.84792227535328912,0.45801570926641016)
 (-0.96436788855156352,0.78542709193100713)
 (0.036844026121779345,-0.68431734996808979)
 (-0.21395296809208506,-0.11563779724331749)
 (0.73889639556555886,0.90464934218631332)
 (-0.17599201212307974,-1.4701343044368915)
 (0.71962107304231349,0.2029002354685259)
 (1.8741885653233061,-0.10424687484087858)
 (-0.24038485358193554,0.2422504446999976)
 (-0.6593609899131091,-0.26969236329159058)
 (-0.46688896764332571,-0.80393671305298298)
 (0.030285899199620225,-0.1909432329604806)
 (1.3208825587863438,0.3975503027345389)
 (0.29993680011534563,-0.23917414558097677)
 (-0.91038140684653568,-0.5850379345583373)
 (-0.023227752633032676,0.23560325223755058)
 (-0.46763112152749592,-1.5126571014286119)
 (0.028105616369989761,1.1062770865231013)
 (-1.079054648002497,-0.15887849838685156)
 (1.0018345821455885,-1.5633931797044622)
 (0.19579110201896738,-0.48064465789274902)
 (-1.0599945108554407,0.24328007795152501)
 (0.1981399182264067,0.93514077080044378)
 (-0.15456288973228163,-0.43087332347293561)
 (-0.0041258605080712234,0.97554297233028708)
 (0.54574994065201432,0.12659434288914637)
 (1.751344258742116,-0.56217153091689365)
 (0.024213698936273394,-0.33492116959362705)
 (-1.0784033581062711,0.40856757353505213)
 (0.70490067465601525,-0.16923241933493607)
 (0.9488225524455558,0.6618122240021832)
 (-2.0904303010297394,0.64735532159347864)
 (0.4550470414943163,-0.50775726221126671)
 (0.019649164082396899,0.11531239513511143)
 (-0.08096950379448857,1.1364923742051352)
 (-0.08925102929644603,-0.10349084779876817)
 (0.1194242314497497,0.34654286699145853)
 (0.63129493873132436,-1.5006055745882829)
 (0.6298928892321155,0.65397820950604413)
 (-0.39398439038016703,-0.45448147957182322)
 (-0.013880759124589172,0.25256641700490357)
 (-0.1262623286118871,-0.048989500269953225)
 (0.97940409442521803,1.4190256205055432)
 (0.040272113641625355,-1.8930083997224285)
 (-0.98142823076228036,-0.54625547464192248)
 (-0.38760052264062389,-0.97278458199691498)
 (-0.58609983133584787,-0.16524120452041702)
 (0.25988651136808621,-1.6903523210962432)
 (-1.3177269524545774,-0.35478733769011678)
 (-1.9588052290309179,1.5376630099600566)
 (0.18583615908057066,0.40356435832948756)
 (0.094309565594184047,0.44797929760081057)
 (0.83586877781013658,0.072341935990202749)
 (-0.39143278636435697,1.6295283853932332)
 (-0.75382363858354418,0.22414220491440867)
 (-0.15011320792332958,0.68214474667032432)
 (0.37465769667556109,0.50163816810041173)
 (-0.058754491925825207,0.96873626717338923)
 (0.47414129766590174,-0.2104126112957321)
 (-0.10844436165607076,0.067622235873453507)
 (0.36843379982130092,0.29507111849265955)
 (-0.14539812207370312,-1.1095886572137381)
 (0.12281427087611524,0.32120342960255049)
 (-0.7931036815262672,0.29805415100168775)
 (-0.5244109761474085,0.34694868899178199)
 (-1.5337061600755462,0.49039448023141785)
 (-1.3162344187907653,-1.1757519688116362)
 (-0.48818994114570113,-0.47716979025328693)
 (-1.2503656726014587,-0.83694638895421625)
 (0.1595538808086632,-1.3806690997252276)
 (0.2828006097840412,0.18422372354784566)
 (0.97654435008934837,0.32468163036081177)
 (1.3389139851596235,0.58981502116468798)
 (-0.19715948225213953,0.43963281736673321)
 (-0.44168721302774278,0.94205884233313042)
 (-0.037458798265185785,0.14633854563939189)
 (0.39282051306747828,-0.46010258286364331)
 (0.068939140733464202,-1.2836150555320003)
 (0.5828926186765726,-0.53457538298994933)
 (-0.021559076206037513,0.81665909036947437)
 (0.45990443942965598,0.2631948756503269)
 (0.62028781490982865,-0.92537353685531498)
 (-0.26165642515025467,0.23489565309243737)
 (-0.8687367787524779,0.25468695689078924)
 (0.62982582742370141,-0.34130053214536038)
 (-0.16581004062985777,-0.4457252393012765)
 (0.32708076572757483,0.76914978515789134)
 (0.17898374936784966,-0.74928661817939268)
 (-0.64772594933975081,0.33350651541222864)
 (-0.19367424540246242,-0.54271544867815169)
 (-0.14481325541493356,-0.39149587644981859)
 (0.48065194679188289,-0.55056592783008418)
 (0.59778659569292369,0.35696398870698437)
 (0.17449992834142272,0.5603046492341216)
 (-1.028119031877853,-0.29782635926147494)
 (0.2502728431956836,0.83143681206834541)
 (-0.18781520614564726,-1.1237772501801517)
 (0.26094502902216465,0.3446976340199075)
 (-0.092580224474310163,0.85492155265645653)
 (0.40344585309510456,-0.50791238323120047)
 (0.11935902285085065,-0.048028715440881727)
 (-0.16449394966624387,-0.10828787292780291)
 (0.41126791199942936,1.1173060438350209)
 (-0.097815459906193225,0.042585982960752847)
 (-0.084869271029877832,0.54588316210204213)
 (0.1572146313140339,0.35600328513811941)
 (0.38143992311979402,0.37903664998729086)
 (0.98947369275109431,0.17304950061839633)
 (1.1926191528582804,-0.89332105816639162)
 (-1.3447977811068941,-0.15247519545012533)
 (0.18342432676191667,0.13074865321417831)
 (0.84918114523299548,-0.27890586734434802)
 (0.05189624404562776,-0.84572487824882336)
 (0.83591283585259279,0.87349745448326876)
 (-1.0226495020419113,-0.48787485141277748)
 (-0.97867114537703048,-0.25388568280105211)
 (-0.32806779723274143,-0.018480065998528441)
 (0.58146449102593067,-0.91990369310409359)
 (0.005346628476287721,-0.13240327689010895)
 (-0.056669340757326284,0.18898137228082476)
 (0.81014306089319188,0.58398211688697921)
 (0.97472417332461947,0.2177578771501183)
 (0.36220651606249782,-0.1730269479253333)
 (-0.14059032021388856,-0.28205644185050616)
 (1.8664005582066066,0.82282203292719247)
 (-0.7119770582704168,-0.33185918623812516)
 (0.4617935575292364,0.028788430432771288)
 (0.2826718995955913,0.099122909507721721)
 (0.52416085023182446,-0.41564031746007174)
 (-1.4555568169868824,0.39535648781273003)
 (0.13390463981823453,0.04216303319264101)
 (0.46015099057325853,-0.15825812799758346)
 (0.67347737642859173,0.60574842764549641)
 (-0.28710382041992227,0.020561454004358107)
 (0.67786766243466889,-0.45186366642467235)
 (1.2754376513814336,-1.153543152422452)
 (-0.66691913092541766,-0.71014209478830825)
 (0.57500261384219553,-0.20176601247061116)
 (0.65970120606197746,-0.24669045346865939)
 (0.98743574921017507,-0.70370870181357836)
 (-0.89802267416989845,1.1843376832600614)
 (0.4834876500363251,-0.011856743590516715)
 (0.095584335798207562,-0.91546018219357428)
 (-1.6735992599288971,0.84438496979094146)
 (0.41086937966821696,0.041374012418252934)
 (0.25221043864184267,-0.17083043462117956)
 (0.43560554742758789,0.51048826313531259)
 (-1.2499775264667614,0.62711840499979099)
 (1.2123638000673904,-0.29823415708393236)
 (-0.29073003210101267,-0.72453267333700422)
 (-0.38900683467069119,0.070998446101612198)
 (0.47487688378057635,-0.97489220175832891)
 (-0.3670456646568131,-0.99308035066548384)
 (-0.68887503385099602,0.23129278170963033)
 (-1.4722995589791112,-1.0222912101133419)
 (1.2787625442545614,0.42094796339376084)
 (-1.0313699622938535,0.24590561216658027)
 (0.017312277599537029,-0.50021537784931225)
