# Created by Octave 8.4.0, Thu Dec 11 09:47:21 2025 IST <gamana@Samsung>
# name: rayl
# type: complex matrix
# rows: 2048
# columns: 1
 (0.92855272021211388,-0.39119530032614952)
 (-0.49791416491028206,0.38284703411824411)
 (-0.63568556953730992,-1.3493040903458742)
 (0.67840233792705462,-0.32657805894847947)
 (-0.24930937459378669,0.29818613687184292)
 (1.5055597304916501,0.097528414830776816)
 (-0.83489721775920667,0.17684468246625082)
 (0.64288975023053718,0.91455816109775945)
 (0.73916943178050543,-0.93780374727384974)
 (0.51753985302378425,0.0029409595298049867)
 (0.93695106498310732,0.11913001641333408)
 (0.15058474957310275,0.19820548556361856)
 (0.64733718919669803,-0.035381322827741139)
 (-0.6498781311913191,-0.60062265198446108)
 (-0.57742581527539227,-0.85750982265831055)
 (-0.20593395609759602,0.71586794842558865)
 (-1.1663181454601335,0.434177400052975)
 (-0.90325827186433438,-0.21645691022875266)
 (-0.087918061429821615,0.057501123968007481)
 (0.42131495621080417,0.19970232643621805)
 (-1.3399777327080582,-0.54074043151267404)
 (0.44709374816546343,0.63454742211967519)
 (-0.61282407380895287,-0.07053709489020582)
 (1.4398173701667105,0.64583756075096332)
 (0.075114833046032739,-0.63641506090640321)
 (0.25839714203559011,-0.40958349326841886)
 (-0.78266349138353597,-1.5898447356688916)
 (0.30291369770825899,1.1378959584652182)
 (-0.39576810278070079,-0.68288507413156085)
 (-0.074040659391683264,1.1285287603138723)
 (0.29883680325243828,0.24962747837253838)
 (0.29848705156822131,1.0564141065829846)
 (0.85424007774042665,-0.98153165787489782)
 (-0.52646435489596888,0.82078766163394823)
 (0.27518893623996343,-0.49419948398357599)
 (0.273093163815397,-0.55387056524561296)
 (-0.82988112405707859,1.6616515683852069)
 (-0.2948236182917679,-0.50639857019356538)
 (-0.048811659047413594,-0.45155011877388052)
 (-0.95582483062586499,0.9065398458716637)
 (-0.11330185201103936,0.99597039311567803)
 (-0.6240990009809172,-0.037184098460620464)
 (-0.32393046634797101,0.47776002751610031)
 (-0.90396228831196301,-0.47144704300847101)
 (-0.12501349089871033,2.4904573667626191)
 (0.079424714681071734,-0.26578312036515622)
 (0.14173340263253023,0.0268306910273464)
 (-0.038753246331586423,1.2299119958505045)
 (1.0933335967147086,-2.328247614781974)
 (0.39386383042787915,-0.44277387887362873)
 (-0.23706387448482225,-1.5917364133916319)
 (0.22066432890224538,-0.823036890404235)
 (0.99727800928198684,0.065872574233001302)
 (-0.19124881223905257,-0.30502986771075702)
 (-0.49094748410369704,0.66086190488585139)
 (0.90210224938213501,-0.2822842052927676)
 (-0.43697274664744312,0.86187258874799999)
 (-1.544763999030931,0.79770255130816414)
 (0.53817051719265629,-1.2111716032254958)
 (-1.7335767900972636,0.4277856022144973)
 (0.2000600359120451,-1.0800787202898234)
 (0.74598507808843939,-0.78047667765220263)
 (1.0408499259608941,-0.1525225966998692)
 (-0.32279214330237582,0.2386261530236331)
 (-1.1675531237824548,-0.015210388798830349)
 (-0.75343666010826604,-0.016843803891994726)
 (-1.0134867096329878,0.6217484258293724)
 (-0.59314311186946989,0.39027905505589155)
 (-0.31217867456228265,0.45235916522182906)
 (-1.2665168240145468,-1.7792693373502626)
 (0.26340308538756257,0.19045235018012613)
 (-0.15574270882988553,0.70868251242987257)
 (-0.12614060479194975,-0.37921421435809383)
 (-0.83909511918164748,0.046958202124255229)
 (0.04085016978347944,0.00059247372158358308)
 (-1.9253658911361211,-0.94489601292942649)
 (0.31000775552427184,0.40283196968482693)
 (0.89823702430934105,0.41976330220116337)
 (-0.53990225609420905,0.4169771480726121)
 (0.14319916531490584,-0.90645241887381278)
 (0.073610416680548726,0.29088427454257848)
 (-0.8342156390563652,0.63431776440587184)
 (0.72584186921830796,0.83085693002212435)
 (0.72964034854797921,-0.38569159881922244)
 (-1.0108476168858602,-0.52024881743709117)
 (-1.0811180789801675,-0.34784590356837047)
 (0.81709749197179182,0.61718937799956375)
 (0.40836912552113991,-0.38742768299231062)
 (0.11016711737699199,0.93904374649203715)
 (0.19655478139254376,0.4841745711621197)
 (-0.59979497684699112,-0.10818397239771764)
 (-0.83002863326974741,-0.14673679815821619)
 (0.91742038733073084,0.27931987923870916)
 (0.47006976823918339,0.39997321002311792)
 (-0.030849589999376346,-0.74214537354116805)
 (0.32366545006568553,-1.1033632131550064)
 (0.18601962706955716,0.28358750310375264)
 (-0.78147691147058906,-0.64846823205172333)
 (-0.50484061884955067,0.54078294356762402)
 (0.16826584951727322,-0.24071176615897799)
 (0.15428704257776807,0.80268857350389045)
 (0.10590766857772863,0.7424788065609188)
 (1.4862290934039675,0.1577399813669452)
 (-1.2161069378337921,-0.63696487656447742)
 (-0.67834043871191274,0.19296579322376251)
 (0.45040010064709163,-1.2590877544207304)
 (0.24847924707815441,-0.084782978606453854)
 (-0.098805952298862326,-1.3804986164987612)
 (-0.67261184790347639,0.81285014172604064)
 (0.91285198060878991,-1.176502821195287)
 (-0.54339636721924223,0.79602780685943098)
 (1.756388415859079,-0.21091582478934195)
 (0.35255874573456275,-0.9853088766478576)
 (-0.32103808271583711,-0.43430687423396863)
 (-0.12854920130220274,0.16990406089536447)
 (-0.80913027802663118,0.091211216004569828)
 (0.67704515777197161,-1.4805625800334634)
 (-1.0096087723420881,0.093700082052416922)
 (0.73636181444165238,0.45191740065491937)
 (-0.1998691598414864,0.93943498229040223)
 (-0.47382088227534425,0.039259482267667789)
 (-1.3786477810381907,-0.15988360836086399)
 (0.09997128470065092,-0.52395351061778606)
 (-0.71185207350264523,0.58307167777613933)
 (-0.31029685728831219,1.0689392840438183)
 (-0.78491198297546849,-0.59185535952290702)
 (1.2174715561774576,-0.55989049550190595)
 (-0.50721778058082168,0.29881077796445815)
 (1.2131101464481884,-0.73251944438635641)
 (-0.62613849485150763,1.1646236759342605)
 (0.32339635037229125,-0.10213137914097561)
 (0.86347187051150742,-0.23890010110953583)
 (-0.83915957289070298,-0.0016642309239247744)
 (-0.85887621170874306,-0.28269872633304999)
 (-1.0234468269780244,-0.70262909168583298)
 (-0.010040077177942672,-0.058645899179125542)
 (-0.31091196763677215,-0.40988059759089474)
 (-0.96645350646915407,0.53409519883086221)
 (1.0970967085413705,0.91771497298882487)
 (0.70767214210350926,0.4797538754495948)
 (-0.2011619899695255,-1.011833959183313)
 (0.75366158339506595,-0.095266864515991367)
 (1.4196994954089965,-1.4682133496641299)
 (-0.72032190372445393,0.38238112222191095)
 (-0.093671564983062852,0.89661784167710301)
 (0.16589284941524213,0.4470429954827097)
 (-0.38079349356961978,0.41204773089700064)
 (-0.17591059754488012,0.30733828700218374)
 (0.49601731183453973,-0.17411997225147863)
 (-0.73901124458907275,-0.037109424276071099)
 (-0.68031641421204747,0.40621095950519309)
 (0.84533016439528674,-0.26567346333724251)
 (0.73672927702425539,1.1453253470862037)
 (-0.14630573051385262,-0.0024491674482097878)
 (-0.74886429566487878,-0.92184424130799414)
 (0.094289640737829791,0.088609997040663399)
 (-0.17111414904790248,0.23521340946644181)
 (-0.52502172158799498,-0.63922749330468953)
 (-0.40505084161570581,-0.59423093333008858)
 (-1.4579070941870167,-0.7334175855170697)
 (0.97377776207810374,-1.0634646603524278)
 (0.20973371780543135,-0.31619988891942158)
 (-0.015311117278686429,-0.52865324050704821)
 (-0.62788524663107703,0.32444635339580413)
 (-0.53310004150769252,0.22381130644282271)
 (0.50242898849412898,-0.2445926571489854)
 (-0.38228505415911618,0.31011992006112693)
 (-0.51849436128485149,-0.082434678725726643)
 (0.87437883900766145,0.64216705560489795)
 (-0.32284060306241052,-0.83119898699218109)
 (0.12576412894204347,-0.62829494933695007)
 (0.2047558978161135,-0.092853318610625082)
 (-0.47226454559001463,0.79315698810820567)
 (-0.37645184125886133,0.045059200311875824)
 (0.42321133178851544,0.77392308122363762)
 (0.28702345716150368,-0.26245362902901476)
 (1.9847534882186522,-0.99841322097448026)
 (-1.1540786722769862,-1.2593925508217025)
 (-0.1507987429750863,0.1675084769796146)
