# Created by Octave 8.4.0, Thu Dec 11 09:47:20 2025 IST <gamana@Samsung>
# name: rayl
# type: complex matrix
# rows: 2048
# columns: 1
 (-1.205918862320652,0.87349071618755258)
 (-0.22909451391324365,-0.16997529599489178)
 (-0.98237529751008457,0.70866794628374508)
 (1.1809988914042857,0.3257177017008831)
 (0.36831861747120825,-0.18141440544656626)
 (-0.70329895570692447,-0.84101886394950176)
 (0.011616422959398657,-0.10530181346821338)
 (0.019661608730465647,0.009950978558497265)
 (-0.80088087224222104,0.021969164604950391)
 (0.25985962750709662,-1.071072214902888)
 (0.6807203731606063,0.077241820235039213)
 (-0.55213345377616008,0.10586254655519386)
 (-0.5609368116982113,0.22665489867262062)
 (0.44427568685776669,1.3085007520686158)
 (-0.24962352480983088,-0.053567207196807257)
 (-0.5880173986443421,1.0386445401520457)
 (0.61903958081018351,0.17866289460113782)
 (0.41897616244921349,-0.43320300771502368)
 (0.0063498371319021538,-0.28354253292715975)
 (-1.2684916556138262,-0.23469569718620459)
 (-0.15914860988960727,-1.0402809126964245)
 (1.179021925224025,-0.29797926689907211)
 (-0.59446160762492695,-0.29399885624957228)
 (-0.26599452666235468,1.0625370969770742)
 (-0.35372438777318782,1.0146392653422969)
 (-0.61016945573590431,0.27472493794562175)
 (-0.390917637854722,-0.29313244702392144)
 (-0.11959530980391166,-0.17214183011400638)
 (-0.84371005862994941,-0.33090554328355443)
 (0.34288797124273518,1.0063167008082661)
 (-0.45353752023003052,-0.33417012021103082)
 (-0.49034372591425945,0.05248854589770173)
 (0.57764509850613377,-0.33006299475842948)
 (1.0957420519389733,-0.11359582998906713)
 (-1.0063847174304426,-0.0069368424049978446)
 (-0.88974833689234345,-0.045937058246132305)
 (-0.68809526922358089,0.069576074764016504)
 (1.3309355311792122,0.70313997825361585)
 (0.88450877181650178,0.028049507442433595)
 (0.61532581728298263,-1.1697642357450688)
 (-0.36506765079265835,-0.6403778575342759)
 (-0.47231496304068471,-0.17967841422708561)
 (-0.30044602534786258,-0.10427043049294817)
 (-0.20301710078274637,-0.55199619237588415)
 (1.3612670697967564,0.54317013027663474)
 (-0.67348689051179622,0.53424937841635978)
 (0.02599789110867742,0.64096414123893297)
 (-1.0998929384567655,0.40550732544956014)
 (0.90788302123168318,0.20638106624356423)
 (0.95531239494627274,1.4073480009206583)
 (-0.92179595824662808,-0.82803291314073091)
 (-0.58476079045223583,0.53257179507350938)
 (-0.41223409739669081,-0.61015521776615389)
 (-1.3535010617952121,-0.81808349817900705)
 (-0.58536542124164836,1.1767260475456307)
 (-0.62094719212936855,1.7235932260627285)
 (-0.45990565253428045,-0.66718560477187716)
 (0.47717317242967583,0.74649804914855955)
 (-0.44025184553213342,0.566653535540942)
 (-0.37145018280485531,0.48079853100063341)
 (0.80777755779400973,-0.59220764337447895)
 (-1.0654597821628471,-0.78182623213275337)
 (0.19478218131719,0.43673955113993523)
 (1.0131624706787297,-0.82989029236376344)
 (0.555515447200991,0.29280588374662581)
 (-0.93474142805136928,-1.5562726310812913)
 (-0.92236806212008771,0.060021109456139719)
 (-0.69164182831236198,0.19836176152395482)
 (0.18305925619799951,-1.061988829546799)
 (0.87672787572240762,-0.57072282887521131)
 (-0.52580354840774213,0.67968501731374786)
 (-0.26807753246484067,1.1283462636168278)
 (0.2906565734371741,-0.72603223483241885)
 (0.97888058175146553,1.3693685468928609)
 (0.52160568068715474,-0.34485379498798657)
 (0.86168752418492045,-0.58663365482069119)
 (0.017030849465472762,0.74613194788736403)
 (-1.1289821575184738,0.32982191443666203)
 (0.024981275828634568,0.48835169093110409)
 (-1.3131703376575479,-0.42991675900066539)
 (-0.37378777104685446,0.16951544439370042)
 (0.82281757638222153,-0.84003062026914588)
 (0.33898814560807661,-1.5457028296554809)
 (0.29920905355969712,0.65490939675929616)
 (0.98093226381860299,-0.64712609351265826)
 (0.01643772297469008,-0.27559104146818403)
 (-1.4382603734592989,-0.020194341773385294)
 (-0.013712594867273593,0.12419621871901311)
 (-0.18932010298988228,1.6217733343556753)
 (-0.36487396544873812,0.55397346352064059)
 (0.52366967469727133,-0.035418005385802871)
 (0.71539693286894657,-0.2867910245396717)
 (-0.31582330747964793,-0.020538033886559243)
 (-1.1466035831428065,0.95987300050483504)
 (-0.14513804285872525,-0.38202459318489906)
 (0.6349266740653059,0.3310641496879666)
 (-1.0032758124302597,0.30227021476306631)
 (0.10500835791073754,-0.50259152488056869)
 (1.2523963125037849,-0.27198988771358745)
 (-0.51889582936843959,-1.1675176836465051)
 (-0.66048086264856787,0.85579670007694331)
 (-1.1077823052764952,-0.93619010635476729)
 (-0.69879484722907581,-1.5713656603698594)
 (0.0076481203423847104,1.2054791892592953)
 (0.188648252022626,-0.55488041553867262)
 (1.2300145240530747,-0.80338245341203984)
 (0.30465259461763294,-0.76574769837448553)
 (0.76799450793204227,0.077275980433243574)
 (-0.81334587643620249,-0.70487905139789908)
 (-0.45832494264258516,-1.2533920444535751)
 (-0.47388003152903618,-0.55372507939556703)
 (0.51934707475039799,0.054225956463859311)
 (-0.31144060040022209,-0.18910039598488726)
 (-0.88896306090798227,-0.59488162320295845)
 (-0.20595875215494408,-0.29487677858737027)
 (0.60577633988358282,-0.3245849865181103)
 (-0.091155907559763508,-0.13674288499814816)
 (0.55134969647333465,0.66932478550560837)
 (0.66661574463430173,0.44043287989027069)
 (-0.46358006382710976,-0.43383804968275774)
 (0.31240685885007952,0.17139422304258095)
 (-0.41573691631913523,-0.62321534943799384)
 (-0.2427693267108337,-0.89968346114049236)
 (-0.79924857747166012,0.23945127418888515)
 (-0.36777215876071034,0.40721490452986719)
 (-0.061383439740651767,-0.40934637006967151)
 (-1.2642383280177831,-0.67027427564309128)
 (0.30798309135164847,0.82196784894700026)
 (-0.98973278058157244,0.25203359375930157)
 (-1.3483221828193332,0.63210299127906522)
 (-1.4439710510449,0.13770489480554232)
 (-0.1980030344334793,-0.66958860043907853)
 (0.5369991498048835,0.2691398364752785)
 (-0.52763112786641198,-1.2874946160822305)
 (-0.54188810319703595,0.073511442171223282)
 (1.4293161141312585,-1.8038820143436192)
 (0.56361972616123679,-0.34972866962434407)
 (-0.68539177844185706,-0.21790194646862154)
 (0.076901951587207307,-0.35996822277990442)
 (0.060716025344184715,-0.26748024818701932)
 (0.093407335035739933,0.73930026936090032)
 (-0.57094473064673401,-0.95763271768441471)
 (-0.19532673472083367,1.479897122012976)
 (-0.18734797216570159,-0.68621186609694962)
 (0.78694553380103327,0.69106259154600091)
 (0.056712826602377676,1.2579019962356579)
 (-0.18899453164539878,0.014834713780793729)
 (-0.81493905517580056,-0.45042004733763791)
 (0.83465766395749064,-0.065674692417698965)
 (0.35714655924931132,-1.6152609873371879)
 (-0.061938030613182198,-1.4064900401660625)
 (0.68360303906475972,-0.85279527049087167)
 (-0.14977677660412256,0.15114891059784641)
 (-0.67659878523205352,-0.099739741501995965)
 (0.41968356920966227,-1.7200116104926533)
 (-0.63777323553811138,0.43822486392735033)
 (0.92711356127022004,0.31324242906086069)
 (0.55684197359714493,-0.022974149896478765)
 (0.36555328846032881,0.83895276865158119)
 (0.11857365700855071,0.60749157475054527)
 (-0.057172347201900682,1.0240509023579714)
 (-0.99684844486727486,-0.48910799666600313)
 (1.4033769580873237,1.3921754369976531)
 (0.25709574638061206,-0.41662804642938556)
 (0.021946643403122502,-0.19263559720538936)
 (-0.32082279945030656,-0.40239035422515373)
 (-0.9471543845528515,0.91239860085335978)
 (1.2522484174637138,-0.62844638859608548)
 (-0.73425107391509437,0.20735709267131558)
 (0.63641194552474079,0.74637532180845434)
 (0.81557916572968947,-0.032606892230956919)
 (1.0885678838801702,-0.99304965256319355)
 (-0.8673421943694628,0.97157846713664087)
 (-0.070432741658538744,1.5010630864746271)
 (0.27988566591307057,0.85408848718271591)
 (-0.46299091910427898,-0.47145163728520562)
 (0.55086966030968343,1.9621443590340821)
 (-0.48723554117489554,0.81381465640102424)
 (-1.036578604628017,-0.66833144704241143)
