# Created by Octave 8.4.0, Thu Dec 11 09:47:20 2025 IST <gamana@Samsung>
# name: awgn20
# type: complex matrix
# rows: 2048
# columns: 1
 (-1.0168514938282789,0.054742305535344031)
 (-1.1087771678646097,0.076688627598090489)
 (0.84806741315422918,-0.070131209386197629)
 (-0.91861602928781205,0.053174024091493771)
 (1.0376036262286144,-0.026391384587339931)
 (-1.0192973507475822,-0.040252961426507333)
 (-1.0073265580037527,-0.024806143581487958)
 (-0.98906547156819347,0.043953131337435711)
 (0.92384459361941906,0.17507640355384882)
 (-0.95632049845780842,-0.011667325406717732)
 (0.96555258990544068,0.10641287932416102)
 (-1.1094467480710528,-0.0073823144707630961)
 (-1.0145453959138673,0.088228180313173948)
 (0.92098887605399826,0.051046813566988064)
 (-1.112373480640062,0.071011265603817625)
 (1.0322649421033594,0.13123228777916282)
 (-1.0416415725800552,0.059755127967455572)
 (1.0059308891705496,0.14327746628311114)
 (0.87728991857752203,0.15013734284234975)
 (-0.97580275196288457,-0.081783496381405488)
 (0.99726999991609377,-0.019357857741105516)
 (-0.90691331322659396,0.11414962301612877)
 (-0.94429080615195726,-0.06437387338181276)
 (0.99995625729163651,0.038844370336279382)
 (-0.97901410625507235,-0.0014089359728527966)
 (-0.85214295965522269,0.023256475544147212)
 (-1.0820010049057021,0.020875180263837858)
 (-0.94271560035737967,0.032296818127518293)
 (1.0476335409239701,-0.038839662070076407)
 (-0.98757214839011642,0.031616567750564088)
 (-1.0627561535617092,0.01043499054232312)
 (-1.0786423176127307,0.061977564164846781)
 (0.90356796057229904,-0.17607505755961611)
 (1.0542501805898152,-0.10898471297028521)
 (-0.99157101652423041,0.0038352490322601965)
 (-1.0910979680787405,0.011207788013887249)
 (-0.98198960018676285,0.023858131670755602)
 (0.99947516199432918,0.10580264233033916)
 (-1.0225162020959169,0.051195863691038901)
 (1.0061805226807266,-0.16894019783818154)
 (0.95040210702302841,-0.022187398589105088)
 (0.97750549400362297,-0.033536014870417984)
 (0.92178997563189036,-0.075053131618638511)
 (0.98060167464284609,0.080716376591433062)
 (0.86803164538074784,-0.088779261066021742)
 (1.0481012368834364,0.027338199543014054)
 (-0.98563532617156824,0.066078192548851777)
 (0.98450162118097384,-0.059122364390977691)
 (-1.0393279592025058,-0.024170169144056484)
 (1.0127360559568994,-0.029355574329296974)
 (-1.0802769642833545,0.029870786630952828)
 (1.02596379831618,0.035771683603702413)
 (1.1128143719483943,0.091118668200373884)
 (-1.0356600578228146,0.10940235279892113)
 (-1.0431148729622959,-0.06576181337964962)
 (-0.81528025433634355,0.0022632512360251382)
 (-0.93789763937428106,-0.12188943832228168)
 (-0.92454376227796431,0.032436109581192023)
 (-1.1139672507061069,-0.052172620625869387)
 (-1.0183308250581853,0.14679468900784309)
 (1.0676224423270926,0.093213896482679887)
 (-1.1003797404338829,0.0082290797963769213)
 (1.0018852255906727,0.017640553434257758)
 (-1.0648909902226709,-0.0017219835582226763)
 (0.90164679920991486,0.15588892209382274)
 (-1.0592206849478822,0.03734721788371289)
 (-0.80466442455943599,0.099875748554598132)
 (-1.0284224951898233,-0.15309541243016525)
 (1.0665311649789686,-0.069473683385391879)
 (-1.1229766562070145,-0.03279104912980265)
 (-0.89628797083444367,-0.04279518605929275)
 (0.94231371040017309,0.014126455738661635)
 (0.86744269358922055,0.043222741857644756)
 (-0.91352438583080242,-0.10285727216640871)
 (1.0267465063995886,-0.076241962229907589)
 (-0.91676390435942789,-0.077490043715889814)
 (-1.0204392081073161,0.018352542699870186)
 (0.8950178685805853,0.063813632033301981)
 (-1.0446445554047645,-0.055732213331878014)
 (-0.94207822234864136,0.058012947482648659)
 (1.06887688723864,-0.037866445320968806)
 (-0.98402704934422214,0.071858499931125391)
 (1.0296691970293856,-0.06844440221692627)
 (0.95196920240855509,-0.040250308659299211)
 (-0.94197773538537266,-0.053036054191766102)
 (0.90066027255586478,0.011998716156476961)
 (1.0245908206007619,0.01195963762386943)
 (-1.0311419949526612,-0.024854187764865608)
 (0.89805280423024392,0.0043065751614087232)
 (-1.0069987032629493,0.027344921824917323)
 (-0.98042453463745693,-0.048677171103744241)
 (0.80846197774027906,-0.069164447628667788)
 (-1.0543465024651952,-0.011406231707995047)
 (0.98488600315828412,-0.06160547658905724)
 (-1.0586090224228535,-0.018591285367488674)
 (-1.0834218684944601,-0.044328523081459272)
 (0.96324053716531188,0.12403045412458769)
 (-0.95194463039036581,-0.15288266640944218)
 (-1.1795334883313944,0.049092683153792206)
 (-1.0293016155836121,0.048978661261488476)
 (-1.0664962599366918,-0.030380739405635144)
 (-0.98888854355617684,0.077386327379256381)
 (1.0613118497149456,-0.011259434558661928)
 (0.96021498568334296,-0.053085668748102104)
 (0.95315691336248454,0.10807245855287972)
 (-1.0564206390719695,-0.068989103950050396)
 (1.0092228603650932,0.038659587740071923)
 (0.99097307636912768,-0.065549517104821611)
 (-0.99072631975840941,0.090697236749778407)
 (-0.96959273484038055,0.14397047043595676)
 (0.92268243623585788,-0.10039610985955963)
 (-0.98599373471390217,-0.12951050833558217)
 (0.91106478066278063,0.0020512491630238225)
 (-0.93949010979286862,-0.1239261985790015)
 (-1.0153773098623091,-0.024278975014064716)
 (-0.98048224343465618,-0.1048742078649571)
 (-1.087855064134577,-0.1264254738569309)
 (1.0811772625692613,-0.060317664880651115)
 (1.0269708928746535,0.05938299939342611)
 (1.0011233581466688,-0.084399802004947427)
 (1.1169953308157206,-0.083216998254014962)
 (0.86026824082188147,0.019176197067321564)
 (1.1022244962722225,0.047740411639737808)
 (-1.017520777050938,-0.11297945714972626)
 (0.99263084661115353,0.035835207151648348)
 (1.0338081345138939,-0.16632221935115704)
 (1.0086705658540884,-0.011379560356338433)
 (1.0408088906915713,-0.1195895943444147)
 (-0.94461982853298998,-0.095442622159381443)
 (-1.0133629611081063,-0.043445286355554009)
 (-1.0139313316430345,-0.043308297194723996)
 (0.98362701276531372,0.011357279434731027)
 (-0.98561033523588104,-0.1247629358140096)
 (0.97336355293904464,-0.084720235722922865)
 (1.0456138565167175,-0.10478940973765903)
 (-1.0703557836841946,0.073379285332029642)
 (1.0143742420857436,-0.046612973861570636)
 (0.9808477731902534,0.029483623666595613)
 (-0.90279553691188352,-0.11750846091317667)
 (-1.0184948251667767,0.029126204197271417)
 (0.90566846771730747,-0.1678622504798378)
 (0.99324246541148142,-0.11384477041060495)
 (-1.051706024321696,0.15084717122534286)
 (-1.0883370573711892,-0.019139752919175745)
 (-1.0802748797238388,0.019800732872182564)
 (-1.0371294284595871,-0.0057572398632601413)
 (1.1267206932193357,0.060279868212459453)
 (-1.0984717852527783,-0.016937086228101462)
 (0.88337577993774508,-0.10276167289819226)
 (-1.1165141614798446,-0.019259112918376287)
 (1.0323254420216414,-0.12742758533211507)
 (-1.0626366071718079,0.051717408936176594)
 (-1.0442263583967941,-0.091374182780322763)
 (1.0350812339435043,0.03925047165110343)
 (-1.0281210815996027,-0.10206844266797194)
 (1.0407455218699242,-0.035310004813759184)
 (-1.0424563347139997,-0.0042977951425949897)
 (1.0937049821180027,0.0054959835991528344)
 (-1.1299414213973902,-0.074739863330243114)
 (-1.004195380780778,0.1068723133999283)
 (0.95579634968076144,0.021384915994004893)
 (-0.97691155698553733,0.040316974696963895)
 (0.98933277168658229,0.09128475345430638)
 (-0.99770647368221865,-0.22456444667617378)
 (0.97024755253901007,-0.0016074050773532971)
 (0.92361475650845448,0.043137059390849296)
 (-1.0814590328658023,-0.10368695502930554)
 (1.0510195762082171,-0.023325011535164919)
 (-1.1435980271743598,-0.0046719364524355862)
 (-0.92996896762074821,0.028994751501091705)
 (1.0655204343746609,-0.12075222102347734)
 (-0.98218173492510097,0.092563033798682484)
 (1.0008671206707243,-0.072363574102524614)
 (1.0609685482596221,0.17744836149327411)
 (1.0337993951639233,-0.031397119880838043)
 (-1.0374825010532756,0.038019039756178527)
 (1.1130086986909287,-0.071957044995956204)
