# Created by Octave 8.4.0, Thu Dec 11 09:47:20 2025 IST <gamana@Samsung>
# name: rician
# type: complex matrix
# rows: 2048
# columns: 1
 (1.1342155742824311,0.23657676099531785)
 (-0.82716499692666601,0.030805480401795052)
 (-1.0337442814031756,-0.015954768834107749)
 (1.1752482722073485,-0.10088443021758256)
 (-0.67708380635123855,-0.18780028785530667)
 (1.3027182112066622,-0.36114963357204427)
 (-0.87454438202789242,0.3288606713282875)
 (0.78147325275597079,0.11547123133285694)
 (-1.0191878393839502,-0.0010598125594622324)
 (0.2802323082152739,-0.60780102136028036)
 (-1.0479656809108642,-0.040961480198474974)
 (-0.29258903651499346,-0.018617057706464924)
 (0.79637023080543423,0.43335665084795982)
 (-0.47976063711012129,-0.12105827190759449)
 (-1.5937826814874176,-0.020130086869523025)
 (-0.70028266340702172,0.045584788422964609)
 (1.0717413042563306,0.15962419333639274)
 (0.92597206755465677,-0.06669307092350972)
 (-1.0221544906048439,-0.085211333101862657)
 (0.71337713112062462,0.30768182283660472)
 (0.75218682850783702,0.38404748968587293)
 (-0.20246174485115098,-0.63297620906432306)
 (1.1617846688521063,-0.088746687542774955)
 (0.66945183119056495,-0.37467060118947543)
 (1.1963137273768814,-0.48610056132623264)
 (1.4522409263807048,0.37271748920357717)
 (-0.5134697750042081,-0.027285192762790178)
 (-0.56524582187059269,-0.30807621647590122)
 (0.61939535814094593,0.25635333812933853)
 (-0.30193636936350088,0.14781014067824291)
 (-0.44080632321976326,-0.2445682766979651)
 (-1.2564980318683674,-0.1434307025154872)
 (1.2974510589450179,-0.66363444730565835)
 (-0.9067461771193881,-0.19923113856100144)
 (0.58253402393087383,0.045690251217782592)
 (-0.019404212832337953,-0.012261388455705471)
 (1.084102838113179,0.058655785808148724)
 (-0.70161132414997696,-0.0069557056001585483)
 (-0.23970312768752566,-0.16801364906064548)
 (-0.44415777900656883,0.018934221681458408)
 (0.91929213914624042,0.22683452638934032)
 (1.3421331371425043,-0.01901054532371475)
 (1.175551662079237,-0.21185381555294933)
 (-1.33410407586136,0.21156736122708125)
 (-0.59361042945173115,0.3315912163270609)
 (-0.79210537187740093,-0.071667440798236379)
 (0.57777048901098915,0.47182209340465103)
 (-1.1260033741984656,-0.51937504800713608)
 (-0.84666823974328564,0.40283380770380856)
 (0.30320704484646588,0.90339050947521482)
 (0.70004132860182389,0.27239631623959004)
 (0.495335640316729,0.16832952133445545)
 (1.327217782849945,0.02108811707361883)
 (0.051445173645618514,0.25149566112550537)
 (1.3809259069655901,-0.29586542551185324)
 (-0.90737352714353636,0.15260256752956294)
 (0.8746077493670551,-0.3556675064315728)
 (1.1229178025812532,-0.0038753739012545581)
 (0.520059621584402,-0.078931274534562432)
 (-1.0464881870877041,0.41016774737308326)
 (0.55461279329885538,-0.25509925934617317)
 (1.4287169570815106,0.020353276161997121)
 (1.1978638463207774,0.20386640114685423)
 (-1.890328467839729,-0.071998951535189898)
 (0.94915677883919258,0.33005629653123525)
 (0.36015967536143523,0.379498162791161)
 (0.32331847837014716,-0.51889811375333039)
 (1.1317046009213863,0.077913782767561612)
 (-0.87928649751101684,0.4376773926035204)
 (0.69001951632869951,-0.38487325526493238)
 (-0.55088901974640292,-0.58314229584815025)
 (-0.63405599514360389,0.071431592153107945)
 (0.65686974580152446,-0.62639388763003157)
 (-1.0740495895343227,-0.35204249356985096)
 (1.4909458178284778,-0.071173871402309991)
 (0.85517716934542232,0.24229546508416552)
 (0.18093004723010053,-0.20504615853846228)
 (0.41457657360276129,-0.48032822053341967)
 (-0.7565376844534214,-0.21928257661620729)
 (0.87053369221461174,0.28962573899044719)
 (0.93426923811662677,-0.010880100468643171)
 (0.87634997813139215,0.10273463168101907)
 (0.44435537206282982,0.086239674811722747)
 (-0.98505455614119442,0.67001593270641613)
 (0.88049113673001633,-0.062906221858657935)
 (-1.2719551539004526,0.45518868272036034)
 (-0.89042079168763977,-0.084693492764741307)
 (0.81008156232988071,0.2845685547470605)
 (-0.71501599233433644,0.06972503638082983)
 (0.49363736032219396,-0.13656992134177956)
 (1.7864004192521505,-0.23937232008191051)
 (-0.46760859532708782,0.33893449791425134)
 (-1.0485257649156909,0.16037334612590273)
 (-0.87966580206562228,0.29043126064591912)
 (1.1999509877177841,0.42177949584962532)
 (0.61915217959815716,-0.21310691658047384)
 (-0.46937975344337257,0.49391247212841533)
 (-0.98474987430291183,-0.39851330849296918)
 (-1.2953343918882851,0.77804703459241564)
 (-0.78216575497024232,-0.24804237347217048)
 (0.80972974236688322,0.25637947977919456)
 (-0.48489764745149411,-0.23735762744083697)
 (1.3809680473196151,0.33660662648957279)
 (-0.89107607416347578,-0.23527591890434693)
 (1.7176531882905821,-0.26043112722451606)
 (-0.48657111792982594,-0.72840065168933532)
 (0.84004934293068501,-0.3306694618277165)
 (0.66048016499196027,0.19754001471885563)
 (-0.94620836925611884,-0.41672532123357775)
 (0.7898550194992322,0.060428196777076656)
 (0.84764698975463726,-0.055323020396543916)
 (-0.83157753933714118,0.24163434786639773)
 (0.98326348334918345,-0.30872151566000172)
 (-0.40784089738322921,0.15697346493516634)
 (-0.86687642024685618,0.13980458380274149)
 (0.48849119836713606,-0.4964141707153974)
 (-0.86381306135117442,-0.34347802517878762)
 (1.3162941968782069,-0.0016434968429306241)
 (0.31377252723743188,-0.20322458370323876)
 (-0.038450146356959203,0.21865970357873366)
 (-0.80342389258104674,-0.36835606998647163)
 (0.62799463392701926,0.046620101504835434)
 (-1.2400905782521559,-0.51554696854478044)
 (-1.0623342051020068,0.020969334776691051)
 (0.73760908447666163,-0.26890553392757505)
 (-1.5869293658643313,0.17572567162599084)
 (0.80626172975321786,-0.51474361216750586)
 (-1.4363253503000566,0.36033071419897356)
 (0.60158797338759007,-0.095885489460853818)
 (1.1617220262130177,-0.13960836585574762)
 (1.1008799975774934,0.47881020138381081)
 (0.95436011473331628,-0.1449218692682904)
 (-0.89748276296481233,-0.58303122214644432)
 (-0.4607820842824511,0.2523817922134356)
 (1.3193933240267022,-0.16142308509458411)
 (-0.45227564915734281,0.26507514749142236)
 (-1.3568190310887298,-0.41257772501239409)
 (-0.4693359002040472,-0.026259080746803765)
 (0.20239375828520501,-0.078718633580387012)
 (0.69830600039359814,0.59320078555059041)
 (1.453010328937052,0.044379623858973843)
 (0.80529005720665348,-0.21641929868479121)
 (0.6566344906299888,-0.17241999674720923)
 (-0.72116502358650236,-0.097517832295637777)
 (0.78677968657141983,0.045140450878273015)
 (-1.0468634928629117,-0.3393111636304581)
 (-1.0963026018764901,0.1383076384420058)
 (-0.92660204556231474,0.2290947241663133)
 (1.0142925780430041,-0.35773526577798598)
 (-1.3401263763059297,0.36005525280778367)
 (1.3321733021163944,0.040992233304156217)
 (-0.86295289326652369,0.036706078717496836)
 (-1.055379500665901,0.29337460974316443)
 (0.62961678889613415,-0.024961900032974153)
 (1.2057627936930797,-0.37254177635382474)
 (0.3843068018849346,0.13283764339336107)
 (1.3815308373144186,-0.23854151341164115)
 (1.1064767251422094,0.20124301734998462)
 (1.0144735579140431,-0.22889294580237074)
 (-0.38799259041381151,0.26891389426425694)
 (0.70828335473949933,-0.2756906362188844)
 (0.53080926224252001,0.15225675478321377)
 (-0.68134016584397394,-0.053867733721030035)
 (-1.1491268138050006,0.28370804653903947)
 (0.72560319379785221,-0.31300338299969216)
 (1.5219395815632175,1.2247093343925595)
 (1.0607215673035946,-0.14940004040543758)
 (-0.51418055421693121,-0.32036681746408757)
 (-0.89114348467389148,0.0944547807490842)
 (-0.77287815537443405,-0.32787373848716889)
 (0.5760730054291392,0.19400057030772366)
 (0.34175780675788059,-0.40789946209787187)
 (-0.61058959721454542,0.30284665211445749)
 (1.1234787848767021,-0.0036678937775318911)
 (-1.3992904346704436,0.14735420569541879)
 (-0.65919111564518007,0.49291557078255294)
 (-0.77549145963870503,0.275206118105007)
 (0.90215195387091762,-0.22331578173629357)
 (-1.0104729599769442,0.21405058335673127)
 (-0.78664754238328582,0.29608810442703282)
