# Created by Octave 8.4.0, Thu Dec 11 09:47:21 2025 IST <gamana@Samsung>
# name: awgn20
# type: complex matrix
# rows: 2048
# columns: 1
 (0.97658593545645145,-0.037923339773055585)
 (0.96336081186420996,-0.013954971622893445)
 (-0.96544333227917078,-0.0041612063058711563)
 (-1.0320999174455654,-0.0019616107167146654)
 (-1.0395201570956145,-0.046238793001079394)
 (-1.0312703761081863,-0.045713927785428037)
 (-0.88912833701926974,-0.03694343046803316)
 (-1.0646945311516869,-0.011351316270562774)
 (-1.0270421617142527,0.0038742635043702229)
 (1.0544194131814288,-0.083663359826058298)
 (-1.0060004122372075,0.072110757060073846)
 (-0.88297688837514732,0.023732335594984943)
 (0.87704609249774479,0.15586735524119705)
 (0.93775943538539708,-0.01854410537272165)
 (-0.94031040784197639,0.065321562599668842)
 (-1.0973973888595234,-0.03430470581168505)
 (-1.0104128452949519,-0.016692955425427803)
 (-1.0247717930902658,-0.050225632059797888)
 (0.96489074127387442,-0.089555291820455032)
 (-1.0532262055573129,0.030688548316036582)
 (1.020706005843897,0.064520303207037638)
 (1.0804959234116975,-0.10653605492972212)
 (-0.98374547563547576,0.046602754723250261)
 (-1.0345984100417354,0.015203500322868536)
 (0.94453034073164444,-0.022839239624501476)
 (-0.87861082126864853,0.014656833802406686)
 (1.0281686152772092,-0.053163955843416544)
 (1.0133073288253975,-0.046330374696538522)
 (-1.0582294209239038,-0.10375888620351364)
 (0.97684166556799512,0.082005908474564737)
 (1.0788467729791824,0.02252636495908341)
 (-1.0266345408353965,0.04238831786022583)
 (-0.98593672873094895,0.0014936295446849905)
 (-1.0307420288881666,-0.10694640033497448)
 (1.1306500966646669,-0.0067656661315009846)
 (0.97181146127599027,-0.022251379458795725)
 (-1.111993714182929,-0.013243859417077381)
 (1.0377003892312107,0.034800802927580907)
 (0.96034359562551397,-0.047901556450545869)
 (0.89960852870949504,0.13939555729385206)
 (-0.90361766133881538,0.063637829952151628)
 (0.96281375826781856,0.11118520844690086)
 (-0.96743020542891767,-0.10134320716024839)
 (0.92755926217573503,0.083833760924598918)
 (-0.97350718654089019,-0.061090129203927673)
 (0.89038481916339851,-0.13343443381268494)
 (1.0630837386320522,0.023383089718871639)
 (-1.0604840038960788,0.022489260591178561)
 (-1.1549474017520667,-0.028323285258404409)
 (1.0401465637513287,-0.040291097272039937)
 (1.0251400888404829,-0.013903165875506924)
 (-1.0754513679669584,-0.097229767562584224)
 (-1.0229585036646498,0.067677737917746617)
 (-0.91846609959863346,0.01295455846821305)
 (-0.97111424717302286,0.061371525522104321)
 (-1.0057415093878541,0.076642400662117208)
 (1.0223740304016811,0.054945202394814929)
 (-0.93869013885903996,-0.080059618430024113)
 (-0.94472572064076976,-0.022321825180745422)
 (-0.97243936055905467,-0.026405196213112037)
 (0.95547223419046334,0.021032604925203459)
 (-0.99542258394434613,0.10660600541834396)
 (0.95713713104535458,-0.032492412381923984)
 (0.9493389234045434,-0.023070291109088904)
 (0.96041062858760151,0.10429280730697497)
 (-1.0378129141711709,0.016818699083483862)
 (0.95840139796924095,-0.031677743871362969)
 (1.0910702346400938,0.048888071500614)
 (0.93042645772790056,0.062272277955316827)
 (0.97627368063560094,-0.078718664600973778)
 (1.0021392628415151,-0.054741013294287655)
 (-1.0371136927548517,0.016703176393812122)
 (1.057112930409096,-0.0019350712293372909)
 (1.0080749088597687,0.0023324132294024673)
 (0.89615361318788878,0.0078254521151857846)
 (1.0290830403507427,0.092630379667654236)
 (0.95554059976233507,-0.0092213107587540907)
 (1.131911344281757,0.021954789474739597)
 (1.0517137434867128,-0.013263725423683974)
 (-0.93406611526308059,0.059248608275265582)
 (-1.0936533515351976,0.049555338951787986)
 (-0.98686583344190404,0.010848052992188523)
 (1.0905914067251707,0.013645558412791177)
 (0.9794342054906694,-0.022097055700504634)
 (0.92393081488723172,0.12204723129560163)
 (-0.99253693247213515,0.066028919359121988)
 (-1.095216067625115,0.16825079375474428)
 (-0.98563948428929782,0.028240561949177342)
 (0.86549516249714131,0.18740153691505235)
 (1.0823407173378607,-0.040969105428918469)
 (-1.0474211556402062,-0.11887550868226958)
 (0.8218593717419822,-0.012445786275804741)
 (-0.9031127672716569,0.018635342796243955)
 (-0.99186905495559952,-0.056425940699133592)
 (-1.0841076441732556,0.039643352944288737)
 (-1.1437808365234086,-0.081396752685187868)
 (0.95539722770311697,-0.096533430008286847)
 (-1.0389255716735137,-0.037462033311433371)
 (-1.0407279529114535,-0.03053027949477945)
 (-0.94010156671381628,0.0060895345239447042)
 (0.99849386055580958,-0.024905802909217192)
 (1.0162364041197616,-0.0015316785215677706)
 (-0.94413266675355445,-0.050490893608469617)
 (0.8965115303799408,0.0038472257289058941)
 (1.0871346303128733,0.10999246602846049)
 (-1.114939688917332,-0.10380804272639191)
 (-1.0047348151736002,0.0051390889356498423)
 (-1.0022702349918808,-0.034840607477025172)
 (-1.1329645473972176,0.11314271271074766)
 (0.92278017354887965,0.028358140910586443)
 (1.0859925464339621,-0.074943273765325613)
 (0.99026492379786568,-0.013446821426583653)
 (1.1780148226621663,0.032344218217151936)
 (1.0774574752664634,0.02774167331714485)
 (-0.96302803186814523,-0.085992379009157044)
 (-0.89427262295974863,0.11499776787160532)
 (1.0262059057595649,0.10556276194542125)
 (0.93319986605695215,0.071850141006711124)
 (-0.88376709239372875,-0.1115976588600361)
 (1.005491305983516,-0.013431223057682441)
 (-0.95349246754031369,-0.0073796463613162696)
 (0.90055198023404437,0.072078054685408385)
 (1.0482555870132237,-0.02287625989275191)
 (0.98576744222391455,-0.027752541393910979)
 (-0.97877696813575699,-0.12062086376637159)
 (0.92863858022798684,0.029220544128762901)
 (0.8708583872374791,-0.039160139969000092)
 (-0.97760573925418481,0.033330651521817578)
 (-0.95981125429545089,0.14270243062543853)
 (-1.0063050733480454,0.075193518456478731)
 (0.87552114715005258,0.073430912394494979)
 (-0.9694012923967924,-0.11868398952537665)
 (1.1077862641367755,0.050546324568633519)
 (1.0172260445765373,-0.034588934835475045)
 (-1.0272859781465089,0.11224221854067427)
 (0.89008774830992798,0.026470538034190406)
 (0.99430698940615803,0.0066372029882018728)
 (0.97341775549057774,0.0095713627825133388)
 (1.0195286552692087,-0.036369840925138106)
 (0.99799570726567999,-0.1021221989732209)
 (-1.0888214263862248,-0.055679375302808642)
 (1.0316175650200143,0.022692050729006367)
 (1.0050625315370036,0.05894016037562471)
 (-1.134372180753473,0.0336634001176601)
 (1.0505039553096258,0.027255598147818125)
 (-0.96552088027279692,-0.044088734249827524)
 (-1.0458351670167234,-0.0050180213674374382)
 (-0.99294401435758661,0.094017846409299471)
 (-0.99393674110042041,0.03524664348099716)
 (-0.89173088892008556,-0.07913227133459097)
 (-1.1228594361862581,0.12380689024174321)
 (0.91319501000525527,0.070018097564181314)
 (-0.96433728181885892,-0.025675166345716163)
 (-1.0269724723659424,0.092393519928109111)
 (-1.0432671040643706,-0.055072963332897143)
 (-1.0375532739204647,0.05986723077136779)
 (0.92688660069046735,-0.058554769960481881)
 (0.99807855568777393,0.12601569931611184)
 (0.98453202397725692,-0.033701444198571386)
 (-0.97917016941691504,0.026399877650468907)
 (1.0250723892253306,0.10506136928757968)
 (0.99749306254690839,-0.097059323657145355)
 (1.0045701940114655,0.034594468677778566)
 (0.90050791854365297,-0.040436087339295379)
 (1.0915203859952674,0.081605674260363692)
 (1.0682473646601469,0.038865617833840231)
 (0.95512656131952056,0.035103215765845484)
 (0.9105878855992916,0.036494549815915163)
 (-1.029797204782757,0.071674179893342099)
 (1.0677444461685972,-0.086447349772519375)
 (-1.130756957469965,0.0074900981714618566)
 (-1.0576809264771416,-0.042301455730084925)
 (1.1614915128297474,-0.027376643471118674)
 (-1.0432460632069409,0.10504434399249366)
 (-0.96133369506257682,0.010081456621438866)
 (-1.0715200489922727,-0.00074013945460186484)
 (-1.0782134678010713,-0.036535853659597765)
