# Created by Octave 8.4.0, Thu Dec 11 09:47:20 2025 IST <gamana@Samsung>
# name: awgn20
# type: complex matrix
# rows: 2048
# columns: 1
 (-1.1380820195316799,0.036945130210534312)
 (-1.0834329595641239,0.045404163934373236)
 (-1.0183491656561301,-0.00089786049235216078)
 (-1.0693763283477098,0.12726471013895077)
 (-0.88576607381529471,-0.0045705641308550126)
 (0.88743862732865542,0.10549953179625333)
 (-1.0237274757096477,-0.078383612434230338)
 (1.1680006959413187,-0.17405614140066084)
 (1.0151842798645676,0.14335351706558047)
 (1.0341855448359154,0.0041020693079921343)
 (-1.0702543370071222,-0.11304321472451236)
 (-1.0369626091370268,-0.091549544918505504)
 (0.97190914823673635,0.1224881958430601)
 (0.90091884095916774,0.11890872967624957)
 (-1.0361206463034349,0.028151689463787738)
 (0.98876111105173004,-0.01542941732978532)
 (-0.99456350570124175,-0.030899907416754246)
 (0.92665044696441201,0.085153812286009531)
 (-0.85802958546206787,0.0210024057232122)
 (-1.0036223883760611,0.048123621555750451)
 (-1.05090872411374,-0.083644242101699975)
 (1.1238325489798908,-0.14807510918757943)
 (-0.8466070802540423,-0.047284589038747438)
 (0.92906526312683413,-0.00024090791318437935)
 (-0.99356861774319205,0.052468318152344255)
 (1.0789399695169137,-0.042042878936576975)
 (0.96875335483514391,0.084545618491351282)
 (0.99222255642727497,-0.052822788206266763)
 (1.0013727315719319,0.032276558648002572)
 (-1.0971247208318646,0.0017082451885412566)
 (1.060527945191275,0.032648812007086546)
 (-0.93680873754677274,-0.0015323659463900951)
 (0.88851996167611891,-0.0032750750729873082)
 (-0.97900660652320171,0.0081817304710832348)
 (0.91348136341314035,-0.064850523317805706)
 (0.93882890418919329,-0.081687179575007401)
 (-0.90306288096667653,0.016995588126853377)
 (-1.0760734793002247,0.11605491532507989)
 (1.0116321364205594,-0.05601849466407384)
 (-1.0705198001660055,-0.047508340573810863)
 (0.97380020190378125,0.004076884006291648)
 (-0.98758101946083698,0.063390337637314345)
 (0.97105321102600262,0.025202676477440174)
 (0.94410296504446367,0.013680312436342377)
 (1.0386181762703697,0.03658801131652982)
 (-0.98790736203095053,0.0076639580095069744)
 (-0.99253170722838469,0.076899211836297679)
 (-1.0430763331245301,-0.11445799254558589)
 (0.96349168552566544,-0.041061995768035875)
 (-1.0186635022126678,-0.013782814712877723)
 (1.158374775064136,0.091765459545931904)
 (-1.0595224950861826,0.11354505778685467)
 (1.0547986082812331,0.11254246165690784)
 (-1.0048390296874807,-0.018072668505165691)
 (1.0121039555539677,-0.0023432454227584397)
 (-1.0683666597080443,-0.096663452391419602)
 (0.93774366949259169,0.093971487693489231)
 (-0.97731016649065017,0.00700625064625102)
 (1.0473175121668989,0.13570161572990533)
 (-1.1519464779440809,-0.02102012017699453)
 (0.85077479232464936,0.064027986563581038)
 (0.91976776468541255,-0.015246685859593679)
 (0.92336330651207532,0.020161326104319768)
 (-1.0265133879730544,-0.019614461102615145)
 (-1.0349058143279313,-0.032844230973573779)
 (0.95895981020629584,-0.014104203154278398)
 (-0.91772695105722413,0.073810362557774761)
 (-0.95959253690205648,-0.0047894037369532834)
 (-0.91745125400897864,-0.08619520217400789)
 (0.91749409622491518,0.018844826364806333)
 (-1.0004067082602566,0.064707657938650312)
 (0.97975918974250664,0.066356399760448145)
 (-0.83674756884840917,0.0430980985211823)
 (-0.94071062331438682,0.057199612967161945)
 (0.91220914135854592,-0.040112571084109094)
 (1.1426173610322907,-0.080384356759436948)
 (-1.0049246773653713,-0.055688713730365207)
 (1.0607436460195776,0.021721987029548015)
 (1.0587132645216086,-0.0089329521394662902)
 (0.96557852883507456,-0.061699976462214048)
 (0.89529556425322832,0.05653171586583472)
 (-0.97618375688109693,-0.01751520437515016)
 (-0.90556636495138609,-0.1255744969203961)
 (-1.0656977136130434,-0.012514666385333989)
 (0.94302605557038799,0.021111683371247515)
 (0.95117874686217863,-0.022029213382093345)
 (-0.91152837642315609,0.063919063107843732)
 (0.98127813557629417,0.0073522239214023873)
 (0.98541762967678814,0.07192352544330699)
 (-0.95642955005731989,0.040070961843734494)
 (1.0319609079231669,0.06678039302153177)
 (-0.9644406839887586,0.11990439290252018)
 (1.0424806974849574,0.016683047021842101)
 (-1.0463159658874919,0.027345813962678458)
 (1.0857159495694066,-0.076183546070495101)
 (0.93151434162292879,0.018734423647616388)
 (-0.95721827663013603,-0.077512572091630483)
 (0.88101047858908021,-0.083124319051146367)
 (0.95954181803320804,-0.09585279761162617)
 (-1.0361454786163726,0.087699476905569687)
 (1.0568091033540119,-0.047603819999508509)
 (-0.99380537011098957,0.1574448144492461)
 (1.2223627224836371,0.048688837523876573)
 (-0.85200951696621807,0.025298362321238829)
 (0.94129591408578106,-0.04023944965397272)
 (1.0284228805568041,0.07132205675089702)
 (0.94247606427964647,0.12092363946625247)
 (-1.1025058087576511,0.072187884370743596)
 (-1.0470687144312643,0.03516415783471212)
 (0.98883250074726958,0.076704653461170169)
 (-1.0115398177341801,-0.041319650904761071)
 (-1.0120304084642433,-0.061218288412326807)
 (-1.0232472611727057,-0.054498789429058531)
 (-1.0541058622518333,-0.045940922951584813)
 (1.0245493490108613,-0.11227842905964645)
 (1.0371061738562843,0.1278807382354156)
 (-0.9645062099456192,0.044347610417115463)
 (0.99529226376577085,0.11833455536557853)
 (0.93735430077048487,0.047161843451064528)
 (0.94331350762548649,0.0080681427823287074)
 (1.0239159414806553,0.012664496327898664)
 (-1.0332240009579496,0.052620799986633285)
 (0.95353232539398447,0.064787567826932041)
 (-0.91629272835527498,0.062449032305676028)
 (-0.97977929263695362,0.096979649815261568)
 (1.0317730478872593,-0.033950917142394239)
 (-1.0133434672730306,0.15737155069892961)
 (-1.0722139001650415,-0.063082096886864183)
 (-0.91166487845394051,-0.074372153863547938)
 (-1.1545053679279056,-0.1196349001737074)
 (0.98659400045000434,0.059738870608617184)
 (-1.1221768465746575,-0.010192406838747801)
 (-0.8849673504016724,-0.031359631416019426)
 (1.0488623967721051,-0.017109583250129186)
 (1.1028939958358794,-0.049461638026582745)
 (-1.0357239640217843,0.023797968346998918)
 (1.0318515108493,-0.075532071568165937)
 (-1.0295738447001714,-0.063676551099977066)
 (1.0775668221805983,0.098326534488959533)
 (-0.9638442542453407,0.099382086017562196)
 (-0.87637144325050775,0.084521964322800902)
 (-0.94504676715528591,-0.092410646361518592)
 (-0.95162718021227932,-0.051133634820707735)
 (0.9644394172853572,-0.054497103198926748)
 (-0.89175056562209809,0.12436836965647531)
 (-0.97341981608605366,-0.073225157702812294)
 (0.99087818175504982,-0.019001573649237612)
 (1.0373462146492889,-0.053565741411822743)
 (-0.95441648322405204,-0.074024778194546476)
 (-1.0347385340800324,-0.069228714241931194)
 (-1.0504906951835464,-0.088627530452159639)
 (0.90547986940202374,0.030885190626900094)
 (0.94037260627737884,0.05410685733362236)
 (0.93715402997162189,-0.11564006862174317)
 (0.9781383211209751,0.042690313306133293)
 (-0.99681496993178775,0.079115286636498708)
 (0.90735479043651512,0.089365292639095553)
 (0.8624541851467965,-0.06846385147807392)
 (1.0381997918949508,-0.093974442818399284)
 (-1.0559100095421119,-0.016416436479175643)
 (0.96957180344888316,-0.045847007256261868)
 (0.98099049304094754,0.013951530498559576)
 (0.985307056940389,0.049350453773919029)
 (0.932930870561542,0.057402279050866582)
 (0.98306688301698786,0.013964058035836228)
 (0.91611817144663621,0.0083634650260086957)
 (1.0098637464519895,-0.16750263773962895)
 (-1.0760536771970943,0.01686623433669996)
 (0.94216742886189175,0.12511227117925833)
 (-1.0470168071616797,0.059676744781954449)
 (-0.96954689031398522,0.001612297683534848)
 (-1.032705493808372,0.052077998215058624)
 (1.0710505929576031,-0.12213317972438352)
 (1.0290029456018757,0.082745436099156744)
 (0.93311739079293043,-0.029418937455166157)
 (1.0456033963598446,0.13409744580812241)
 (-1.0076381974560502,-0.044616298887624889)
 (0.9069706166923257,0.055529750152838245)
