# Created by Octave 8.4.0, Thu Dec 11 09:47:20 2025 IST <gamana@Samsung>
# name: rayl
# type: complex matrix
# rows: 2048
# columns: 1
 (0.60912695496281999,-0.38393502290441794)
 (1.7319778753395152,-1.2177448281705621)
 (-0.11244773949428784,0.65192478172627799)
 (-0.094206946722506887,-0.30462265192567867)
 (0.97627728811661751,-1.4589916945548218)
 (-0.35575061252508966,-0.58777150717312898)
 (1.4831611354623304,0.92506723273007618)
 (0.12484306325369296,0.58455662591613655)
 (0.42701778141358121,0.74018326261022238)
 (-0.24036833825055171,0.29482245173709404)
 (-0.48039178418160106,-0.42904496274480047)
 (-0.058510046856408975,-0.16000856899870694)
 (-0.062974225521598926,-0.29553952546033185)
 (0.81632922632846139,0.58085345087394447)
 (0.70593725815928199,0.075716299600452536)
 (1.1275539185453451,2.1510371206445176)
 (-0.19119377575665725,0.80055444650444374)
 (-0.061698700649467128,1.1884178585096772)
 (-0.98325824868334233,-0.022016133819680903)
 (-0.40977991549633791,0.48143304754190053)
 (0.98285283200213491,-0.56710220072087658)
 (0.13799912884321594,-0.34323671952940238)
 (1.5786814951888108,0.065872910474560606)
 (-1.3957618992569087,-0.26672150321614801)
 (-0.36328509906096401,0.57765667167185408)
 (0.24380342431429597,0.80879954806196441)
 (-0.71580894717771215,0.98202051979465577)
 (-1.0012105914441864,0.058667799418732618)
 (-0.018366801941970077,0.26798184111423806)
 (0.9418758222421294,0.63579229057083841)
 (-0.062692374227952791,0.67089321514698597)
 (-0.08185291103076299,-0.035863996647146894)
 (0.14237920379640406,-0.059149055019091519)
 (-0.062211702106242085,-0.38251288187457649)
 (0.27430449311224492,0.2151436472446874)
 (0.68372464028993729,-0.18769713783010833)
 (0.11930190984051006,-0.29473184291581572)
 (0.47128782121452323,0.38514736848305764)
 (-0.30392555300475987,-0.55274999343519382)
 (-0.26428358620895759,-2.2777085422905881)
 (-0.28504458721999604,-0.52157931015763059)
 (0.57031041342576705,0.1932246303603016)
 (-0.71985652384536958,0.66785970028998276)
 (0.2740221286599489,-1.1328018786846383)
 (-0.26053188728317617,1.0333814238636181)
 (0.82297002280521814,-0.67600181508256629)
 (0.60507909952939198,0.51717056707964548)
 (-0.76539521148162881,1.252029891355962)
 (0.4380080842075485,-0.7668013096796531)
 (-0.16114838420588184,0.24614812913215958)
 (-0.07122388939717654,0.24839121169585321)
 (-0.77010056491244372,1.6646062546024363)
 (0.065703590186271019,-0.028379689417642306)
 (-0.27424335822702606,-0.38123388897874882)
 (-0.089245200231866509,-0.25646300822099105)
 (0.11671025400679765,-0.24609040096132392)
 (-0.72735939754180012,0.26103049414457208)
 (0.094978663596296031,0.23934715126735565)
 (0.049023100827984847,0.85287861636320128)
 (0.89752198805892236,1.5614489295342655)
 (0.43133144941198742,-0.39461857843338716)
 (1.239688982315464,1.0821919074743558)
 (-1.2317099760276038,1.2666753001304736)
 (-0.23039937114518397,-0.44035347182411722)
 (-1.2653923995860348,0.57884649356436102)
 (0.8718832568092546,0.75697734483526458)
 (-0.42629864930564509,0.72559466913690163)
 (-0.53072753081245094,1.0122169943399506)
 (-1.1390045257537653,-0.40123878661919099)
 (0.57663338555442012,-0.20203338093750867)
 (0.42119943614133482,-0.25946387289056411)
 (-0.27937986643408319,0.22631409275620137)
 (-0.16609080050863556,0.19454676072654201)
 (0.16511235750414882,-0.74984001193925676)
 (-0.91813306186857391,0.066614906476657049)
 (0.72533194014432623,1.1864285246111697)
 (1.1146164218469099,-0.05490570259621122)
 (1.0462902216080199,-0.54203768162095656)
 (-0.17509300270795808,0.055074866247192933)
 (-0.82880864723495995,-0.64225601422387935)
 (0.077387660429403995,-0.5653682061813593)
 (-0.96913546711498644,-0.19080381159202353)
 (0.65746047076814085,0.46021087504204322)
 (0.23685972928847943,0.21191608320634653)
 (-0.47092872674316483,0.8548325883381549)
 (0.59580519085760064,0.073288687569981303)
 (0.24683108296371761,0.023227330785170679)
 (0.77605281714600327,-0.52420449169974048)
 (0.14189400551886058,-1.0438466036029672)
 (-0.45396003009747232,-0.55054091456870946)
 (-0.19108823170771763,0.15102617443581209)
 (-0.56742079829163095,-0.34319521295696032)
 (0.11160516426416359,0.16589391641037543)
 (-0.26110657636060647,0.11932089314777278)
 (-0.8465241739282946,-0.32253188850182291)
 (0.76986560557565586,0.67757385073068899)
 (1.1729024411757862,0.60035771707271735)
 (0.58447971211140071,-1.1364323376218286)
 (0.61385117197447425,-2.0559169053177491)
 (-0.60344521872807699,0.096856525767312296)
 (-0.21203273785865631,0.2165427719549991)
 (-0.41565386878996102,-0.41587032137668056)
 (0.31153059306440928,-0.64909455143872818)
 (0.49826430566819935,0.082618494004763052)
 (0.85024808058763657,0.64116466675623207)
 (-0.010690860485610012,-0.38420358875867927)
 (-0.63617736927967206,0.049362748208661371)
 (-0.062913676878733588,-0.68878243028328356)
 (-1.3051448653599418,0.1948584352115679)
 (0.32808606701223603,0.30489440451362337)
 (0.65821206679201438,-0.09401476956237588)
 (0.51389627940796334,0.28914744109375851)
 (0.13151393197820394,-0.15427082910045048)
 (0.43623957881360848,1.0013727956312244)
 (0.28135703222117098,0.39269524267588701)
 (0.31533075272371786,0.6108101677109059)
 (0.88583971636124947,-1.1868531885054909)
 (-0.55024175409074683,-0.61071424959461218)
 (-0.13248676666801515,-0.7430233373179701)
 (-0.44301031895003046,0.36742927447012408)
 (1.0866563382751835,0.16059639245876553)
 (-0.57648762563276634,0.30068455293182328)
 (-0.89857161155411702,-1.2297223194883919)
 (-0.17732306406827514,-0.37296248606818455)
 (-0.97047188271872986,1.1830577089241201)
 (-0.89796182323482021,0.98347792831164893)
 (0.91110093214731569,-0.58655354875168109)
 (-0.54640437785243645,1.5080771218968279)
 (0.13276302864078268,-0.42975904845658719)
 (-0.50581208762250029,0.4195333453722328)
 (-0.42965649155988417,0.024413657405812639)
 (-0.098840424531933493,0.46421868931992721)
 (0.45132506363609282,1.5949535117179272)
 (0.32079751313068755,0.89154679249251645)
 (0.11345331278783391,0.13778404682162076)
 (0.3197962745014109,-0.036766777530085018)
 (1.2005415378385491,-0.085402814876069905)
 (0.83889008787203012,-0.45298328458005616)
 (0.45672658309148256,1.1971642414007124)
 (0.56780673428520789,0.497934802861913)
 (-0.15742623361224217,0.43740045143149919)
 (-0.79110469810493544,-0.79131621203419766)
 (0.35756509775615314,-0.88304856161683731)
 (-0.10910395391192303,-1.4365502907609393)
 (-1.0634890142506805,-0.21407263864805898)
 (-2.176553828037934,0.16225187768358967)
 (-0.88378922494982604,-0.69472936999446866)
 (-0.42008166001081315,-0.4386837423327295)
 (0.24798966267377331,0.13747199709605692)
 (-1.1322073522259168,0.7819686711640218)
 (0.68865977921984256,-0.16618122941003979)
 (0.70932723814944876,-1.3446359715095622)
 (0.48234356306183024,1.2999186963505946)
 (0.95888218811823145,0.18957477528110581)
 (0.41462336518066478,-0.98151697398665461)
 (0.71843271775074313,-0.88365097603573139)
 (-0.37630276341213065,-1.049314875116778)
 (0.19927166821542833,0.023106064828510395)
 (-0.45116695561755116,-0.71820547532319157)
 (0.34442799771842486,-0.090480120616873924)
 (-0.31203164566802483,-1.276191756762433)
 (-1.3378927511765004,0.17452472284782855)
 (-0.12842863358351181,0.38500559968371034)
 (0.28028397681218603,-0.79946100725555147)
 (-0.10877401606135606,0.07307111183310161)
 (-0.28957723442430489,0.61355475233321644)
 (-0.79496030259585237,0.14263088569780008)
 (-0.51806313072133325,-0.66168967183304561)
 (-0.076661567957378565,0.670735469964863)
 (-0.21864293960673173,-0.25248245428909122)
 (1.0820071280642289,0.10323066721774805)
 (-0.65297642499214947,-0.49204638466630518)
 (-0.094046422725232989,0.71286945017738246)
 (-2.3685260149585581,0.15235803363780848)
 (-0.88145240987306162,0.7781169887093351)
 (-1.2379270507269453,-1.0801287949031593)
 (-0.49033646492397442,-0.60309963982595827)
 (-0.26335010393066982,-0.43625205544788309)
 (-0.11230740486918984,-0.84665266822548346)
