# Created by Octave 8.4.0, Thu Dec 11 09:47:20 2025 IST <gamana@Samsung>
# name: rician
# type: complex matrix
# rows: 2048
# columns: 1
 (1.3646411949490909,-0.049931807944896781)
 (-0.54353697829632097,0.037197386620166466)
 (-0.92507634167001496,0.35111848806350182)
 (-1.449806894480407,-0.38416065390396337)
 (-1.1293157927386535,-0.071873342182170855)
 (0.9645115548808032,-0.040516115599828997)
 (-0.51399651990561956,-0.61103261249617369)
 (1.3934569925388112,0.21106734804015459)
 (0.46294350208197721,0.025474813374790864)
 (-1.5837275513983622,0.23379854313332529)
 (0.47032560197324108,-0.32697252765181573)
 (-1.12977595657896,0.67649079763222508)
 (-0.84322463604377906,0.33442851284932179)
 (1.4351485574625595,0.35934719170260043)
 (-1.415945680641008,0.56595997534070686)
 (-0.33928440440587082,-0.10543828261822487)
 (0.52298205110732487,0.061619706983330053)
 (-1.3002419270366976,0.26408693211322842)
 (-1.0853568581440041,-0.25512770775079519)
 (0.64885529746386217,0.091902082551252651)
 (0.98975053402663737,0.53533418277800238)
 (0.68591059544551591,0.49133286827170619)
 (-0.95557904293374518,0.68707702622629085)
 (-0.17289938796399695,0.027149962925596838)
 (-1.2717020933547392,-0.31692478049612749)
 (-0.95918446506136668,-0.16503769084630443)
 (-1.00468402462854,-0.72605826894148884)
 (0.86829880462761211,-0.25312646274061673)
 (-1.6087443765142573,-0.12285854599300977)
 (-0.8783674663946347,0.76947543413278052)
 (-0.80861552450078089,0.42524791326057493)
 (-0.21025069286019149,0.69756906480379066)
 (-0.3501549149244374,-0.11442200626414716)
 (1.0918970106980339,-0.062081715375098399)
 (1.0075233847922318,-0.0094846652927465542)
 (0.24233646708168022,-0.43144099005906211)
 (-1.5909782569147044,-0.71327267453721854)
 (0.9650521921505496,-0.16533106214106796)
 (-1.3444719069035329,0.24238967269811906)
 (1.4839933980163167,0.033870597068448791)
 (1.0583698436233593,0.14344082605320699)
 (-1.0972807768528727,0.12991520481283611)
 (-0.81943906851068538,-0.059839928523686262)
 (0.48768824920305248,-0.71916457282578361)
 (-1.1478113522598903,-0.23239228923086117)
 (0.73578152125931773,0.067270051812763451)
 (1.1472024786619588,0.55003559589285078)
 (-0.97724028412650576,-0.015145212673647051)
 (1.0311944526632828,0.32875200831333995)
 (1.1781738950248672,0.061162128645138612)
 (-1.4482535439792312,-0.043849789481165156)
 (-0.98759622148100079,-0.38595283263868752)
 (-1.1738513415742517,0.4761885577979823)
 (-0.54716565934534911,-0.15607019941896447)
 (-1.3787924323979159,-0.21940513131437792)
 (-0.83603600782551546,0.13758242127878548)
 (-0.76738503850641582,-0.21802918940329963)
 (0.44394332752040022,-0.2488315524708638)
 (1.190162045846189,-0.3681504590397307)
 (-1.3039262448185069,-0.069145195012286512)
 (0.93528960678725892,0.027480039088306155)
 (-0.92439447569622102,0.36516565237809773)
 (0.53119401286768464,0.10345249495441171)
 (0.64056806280202538,0.044592051375847652)
 (-1.0352490687343512,0.011940688334947715)
 (0.86928574842200679,0.41778277424319615)
 (-1.5953542775620184,-0.59141464851564207)
 (0.43479639151100802,0.15249529463303294)
 (-0.5708396244291567,0.22416302716917816)
 (0.64729168809748883,0.26621409640295068)
 (1.080970949048019,-0.75512932136823219)
 (-0.43050898193088516,0.20956771077348241)
 (0.76333985714684383,0.4398506570854232)
 (1.83099457609709,-0.45000911772355195)
 (0.74151517789974375,0.12560104313442982)
 (-0.9921355344474303,-0.084561129619495121)
 (0.9723793862192982,-0.26447809612173923)
 (-0.98698463889800048,0.31033287813053606)
 (0.47508472472693031,-0.31901132038123686)
 (0.83532479081996935,-0.4028776252845146)
 (0.78874947151604591,0.21385324545597995)
 (-0.58362387660152293,-0.165456959034707)
 (-1.5475080574013678,0.16597993901814428)
 (-0.57098483760262742,-0.60553348918496763)
 (0.48094346268683646,-0.40862331392956691)
 (0.37570300405273077,-0.40324946233451869)
 (0.49967772423825429,0.10597000576742235)
 (0.77435668012176717,-0.57277586445937789)
 (1.0614899964767506,0.15535383895952842)
 (0.92484727728065108,0.55995741020900214)
 (-0.58891362956399529,-0.42863103385903206)
 (0.849831401978836,0.37138366092595315)
 (-0.63464534627050473,0.022278161765827448)
 (-0.44028279725349773,0.39512119621676906)
 (-1.1756393715093465,0.069227778094147624)
 (-1.4477268706497384,-0.42429738251954718)
 (1.309498774621511,0.30539097092462886)
 (-0.87575490535002509,0.31633133834916011)
 (-0.94157470891540895,0.22681111663565787)
 (0.6782430270346318,-0.27389903306348162)
 (1.2729214660811705,-0.20457066363086693)
 (1.2231516583765507,0.17957540821316792)
 (-0.56572720096786566,0.70767474101106664)
 (-1.0938281546714856,0.14698551920312553)
 (0.90792854143231083,0.17018098976273141)
 (0.92539694340164136,-0.31141886906997873)
 (-1.2998399155056342,0.22185273058648425)
 (1.1807238106105176,-0.24009830779522864)
 (-1.307719637665044,0.025468165860858878)
 (1.0078029060157914,-0.45838964926747366)
 (-1.1614266455230531,-0.20016560018234619)
 (-1.0114991871974639,-0.21827956218759448)
 (-0.92225726585208567,-0.78932375431754764)
 (-0.37563212249490474,-0.19137584293082205)
 (0.79065125808330361,0.37511142930303332)
 (-1.1344112636248675,-0.41576767146569565)
 (0.8555242926718083,0.12447701280230986)
 (1.1102049440921942,-0.15614895963970832)
 (0.83684991729623492,-0.10200291072631079)
 (0.56299450389943029,-0.20730497735513445)
 (0.71181371989019393,0.38297582324241508)
 (-0.35308572659913406,0.32879577720048087)
 (0.76248115296614161,-0.26681526764885638)
 (1.4271780890681067,-0.0059720728301224648)
 (0.49107647008841387,-0.15339721291628139)
 (0.61363580947657015,0.084339747379877386)
 (0.69264098576039013,-0.040382127620121624)
 (-1.1699798565433952,-0.26478522476061656)
 (-0.86184734921896078,-0.24188357394993759)
 (0.60458314412666692,-0.22728470673667603)
 (-0.94813716753946897,0.071495262904497481)
 (-1.0707238140202635,0.33052139020333515)
 (0.7066709640474228,-0.40631481082705145)
 (0.36950949619656803,-0.2469451231194493)
 (-0.55228799356554825,-0.026433582825027151)
 (-0.41025748943813906,0.21229700192621015)
 (-0.82090114488434029,0.13567313107709372)
 (0.74789727639766146,0.36045281119723982)
 (1.0763445227564401,0.020163753711474133)
 (-0.95673708006470959,-0.4439811886678604)
 (-0.42926059789156973,-0.13145305720445163)
 (-0.81997772908321453,0.3617876190463602)
 (-0.2275591026235132,0.08873432357499976)
 (-0.4070106624294999,-0.27953966229299171)
 (-1.4700171133556634,-0.52325109382713897)
 (0.94312064873112855,0.094305250613975905)
 (1.6364135966123516,0.23648923586523599)
 (0.66196296943655519,0.89697462908793224)
 (-0.73580879241173758,0.55874954646436192)
 (-0.73706446500164891,-0.47027576902653057)
 (1.5510536812611906,-0.065823509560619303)
 (-1.0246670186243916,-0.26958364086807596)
 (1.1104324738411286,-0.39696315156491824)
 (1.0540256383437459,-0.15926848682073275)
 (-0.89330842003713784,0.48119495470333462)
 (-1.1511529819602311,0.32154955098745375)
 (0.41889311266695661,-0.64976798927077672)
 (1.1410054384429611,-0.20736027878459107)
 (-1.5080028102320773,-0.26530636365428822)
 (0.93908439719602366,0.11840716044509415)
 (-0.79436057736765786,-0.51122873066969421)
 (-0.41215964708303976,0.21181150052186576)
 (1.0127439958172659,0.22971312489063958)
 (1.3099826295578756,-0.18315036697393661)
 (0.79445935940800239,-0.10345379162745701)
 (-1.4979411109952605,-0.086076963364041151)
 (0.44404398426655428,-0.10385926861832123)
 (-0.84770832915014638,0.35188431933976067)
 (-0.81929252754971016,-0.21547966984391301)
 (-0.19519354057612825,-0.02746315311499721)
 (-1.4188282060275568,-0.57125050782930831)
 (-0.37241297282327684,0.28683553901769115)
 (0.59416605553180135,-0.65782422825646081)
 (1.1494483958716515,0.18835333337125915)
 (0.64653267083654198,-0.013143159240698239)
 (1.4671569179257524,0.54829546002045659)
 (1.0773714706378525,0.33095875715004996)
 (1.1543579276675124,0.2393850197568026)
 (0.21675105571889386,-0.21858914429644188)
 (1.5228375611637222,-0.65800867274373209)
