# Created by Octave 8.4.0, Thu Dec 11 09:47:20 2025 IST <gamana@Samsung>
# name: rayl
# type: complex matrix
# rows: 2048
# columns: 1
 (1.1397974023344033,0.041795359961361821)
 (-0.98033745030952046,-1.3777330940103176)
 (-0.11691743616059587,0.94341126939896203)
 (0.071156492524342474,-0.74701873196372892)
 (-0.094018458178533479,-0.51553528510597069)
 (-1.0314273084417593,-0.29735641450143485)
 (-0.92812908095382396,-0.060208461508023253)
 (1.2144395353506641,0.77642478606812748)
 (0.46372124856788333,-0.13322714344525094)
 (0.081831290489758748,0.87396858214465034)
 (0.10789994089365046,-1.3533844830924409)
 (1.2202446571416801,0.15973357630524002)
 (-0.24418360390697358,0.89708558288460305)
 (0.076177460205928929,0.23547226370032789)
 (0.67953879864171596,0.68554239121811722)
 (-0.69987358061391891,-0.021661675248959161)
 (0.31292349320077234,-0.47545167450736753)
 (-0.87463509657451188,0.13453564381004735)
 (-0.16817187682346396,-1.4545763087953014)
 (-0.85680348401883144,-0.37759220507225016)
 (0.74160044948148596,0.31675807398938344)
 (-0.043490012369038843,-0.12485433862614997)
 (-0.80503175970484775,0.097653951140691239)
 (-0.02791126667425068,0.6441664115429826)
 (-0.42802898927958255,1.5869488791086028)
 (-0.5265598923489192,0.93113106778776789)
 (-0.062711278715294444,0.49940492318962482)
 (-0.52630406516274608,0.8544144523076761)
 (0.14191203572122663,-1.1678864765476167)
 (-0.28733494784109564,1.1751946176490469)
 (-0.75661647801747656,0.64444966592502151)
 (-1.3296205204525913,-0.8964432117132447)
 (2.0109088835394529,-0.88499910933166903)
 (1.3391148486402951,-0.32012579068852465)
 (-0.5628854379097995,-0.31271612766473728)
 (-0.32518878893735953,-0.90629079052656691)
 (-0.64772900605721717,0.43108137403681884)
 (-0.092825073477519546,-1.3663199932914778)
 (0.27513179641469776,0.33656391522145568)
 (-0.97784360174328622,0.060321531337598676)
 (0.84630789068311973,0.72364677672965394)
 (0.28715794282530982,-1.1469079506435378)
 (0.29056424197489145,-0.018522635274608411)
 (0.6647497407002676,0.2825019911298921)
 (1.3993316215331633,0.53349994410634793)
 (0.26509020998217403,0.38471984893989181)
 (-0.0012646076075925356,0.36617070427709064)
 (-1.59021961675773,0.026697265113151982)
 (0.039643898945953417,0.87154537552487699)
 (-0.64105111807762283,0.62409596458961047)
 (0.44083037897739236,-0.34211237535578559)
 (0.36778371781524577,-0.62340836749148032)
 (1.1454208908679702,-0.66314986237670759)
 (0.19983047320455893,0.52960884707962852)
 (-0.63161565366865613,-0.81354705503002522)
 (0.45766148417252672,-1.0029625221839287)
 (0.71846462067784844,-0.034232129063253333)
 (1.3591191027521865,-0.66657698864779169)
 (0.3677667506707612,0.71737452706872851)
 (0.12308121436730783,-0.51939520539003381)
 (-1.0914419989585267,-0.19263552969453424)
 (0.082947328475827489,-0.46282013433219155)
 (-0.39368195415604568,-0.31024925533010955)
 (-0.16660993906187915,0.16734402648459529)
 (-0.21675603017260306,1.1746838477361801)
 (-0.69728637753310607,0.59658329887597716)
 (0.25024484176551354,0.12742556323949433)
 (-0.41763955477026082,-0.62084014083652506)
 (0.87596826520799764,-0.32797735212747925)
 (-0.27621857289274288,-0.04981053943559717)
 (-1.429649846976768,0.99354366208510192)
 (-0.18862262475006233,0.6796112046613435)
 (-0.77592120515481422,-0.82404853858175897)
 (-0.41052363263758113,-0.21310526402166122)
 (-0.53816809934587462,0.010108496700018755)
 (-0.57810400531903727,-1.0241687480702855)
 (-1.3178865539791065,1.244016575154387)
 (0.79150137706186241,0.61946271008400167)
 (-0.68538469729918272,0.45404204561577272)
 (-1.7005328047030006,-0.61698972074378866)
 (0.77297742566059657,0.12691168041419487)
 (0.24252718289399852,0.26541621359748407)
 (0.54743679571783477,0.36929967575836936)
 (0.34345690669212464,-0.056103428373986401)
 (1.1708532655196697,0.63029677270844042)
 (-1.0166249888979397,0.3314802110010342)
 (-0.21471063943259899,0.42674929333809308)
 (1.3547364436600653,0.048056838926270974)
 (0.072824388704954141,0.41399442826512972)
 (-0.85625113743776304,0.89043572088004264)
 (0.76869280260703121,-0.59029638013402641)
 (0.1758526524050705,-0.43617163407116227)
 (1.0762274513314884,0.59300704194218334)
 (1.0187240987811557,-0.014814347631271185)
 (0.96959186668299824,-1.720333656079674)
 (-0.33330177822010459,1.0910494447712205)
 (-0.10882852034930382,-0.30021268025919301)
 (0.14284708678616478,0.22520702840711712)
 (0.88275410135083021,-0.33401972991075563)
 (0.87523764020521466,0.44354697409176319)
 (-0.59021059062148551,-0.27180588107057274)
 (-0.70543683587073291,-1.4901818880987994)
 (-0.049798880069791433,0.65450688207037166)
 (1.2508142097136541,0.13757998721374184)
 (-0.35826941176540394,0.70398282804210244)
 (0.2919040715430764,0.44990767595491554)
 (-0.21916692037944166,1.2475329119102232)
 (-0.55555340425506816,-1.1757895358808772)
 (-0.63439011134791479,-0.81261059390963331)
 (0.15166521489618101,0.17019798043020631)
 (-1.3231149896354746,-0.80244634404292747)
 (0.34010940652821309,1.6324268473641788)
 (-0.74526950393835478,0.5096045173219429)
 (-0.40471896985076711,0.051439966272433538)
 (-0.050806432671249485,1.1684295254289885)
 (0.3911873346769521,-0.11007587856674372)
 (0.3863639721928635,0.51964305631281249)
 (-0.54849139561971649,-1.7282135703214307)
 (-0.10790406110911926,0.585273038890334)
 (-1.0932406985981817,0.043810886846638065)
 (-0.14156393950473339,0.22817683069647882)
 (-0.56418323687274086,-1.1244174648199592)
 (1.6020297253530809,0.0018430602536705257)
 (0.42404825211558755,0.89481100537661074)
 (-0.56975359634660461,-0.60956043347888611)
 (0.064067065415991512,0.69402867986160566)
 (0.73586307238157245,-0.61324005285810934)
 (1.6341421461771046,-0.12923846599303276)
 (0.47055806957477014,-0.089413828171538548)
 (-0.32728816015044082,0.057981841142187227)
 (0.82667750612417257,-1.7414382208359871)
 (-0.50249957536223433,0.65503376024026116)
 (-0.32452428272477468,-0.19693829547882849)
 (0.26652141188858014,0.0064779912156162139)
 (-0.69026965223170622,-0.8481046710549226)
 (-0.19634160142483703,0.6706629505617957)
 (0.098892532029652785,-0.87368449331961351)
 (0.25881314919643361,-0.037406849884851517)
 (-0.90334471343989586,-0.22421768063610573)
 (1.3547609029561627,0.4615758892209208)
 (-0.28635923104234734,-0.37740417015847083)
 (-0.023797553091558989,0.53948581394486517)
 (-0.66445962146498883,-0.4051494077962004)
 (0.76930737170769603,-0.33636524715738814)
 (0.66960485412722226,0.15295994328923926)
 (0.26728269688947076,-0.091055262560875788)
 (0.14982388525378723,0.23427820143882302)
 (-1.1491423886012333,0.31332071735154032)
 (0.44292018805904471,0.041262894100470911)
 (-0.47082088028600527,0.44266442495390051)
 (0.46504592954830032,1.3443205283722768)
 (0.72956022321342295,0.20182274021818877)
 (-1.2830813815147049,-0.7171525423753462)
 (0.16001492822940858,0.029361253255902359)
 (0.89700145372062112,0.16281960935761991)
 (-0.071948690714320473,-0.0011002344085025929)
 (-0.92849336757211054,0.42027480511880666)
 (-0.87141799467472036,0.48935994087226731)
 (-1.1376954284724676,-0.45489206882217559)
 (-1.2997877119526986,-0.97517108944526654)
 (1.1702486289108809,0.72331033629420949)
 (0.58453641647907129,-0.70311099026929647)
 (-0.069512352328574695,1.2947641483403769)
 (0.13447441859059558,0.04475041796891191)
 (0.11323415048659995,-0.00098769878849908391)
 (-0.087388552092962826,0.27250355671070875)
 (0.3973631591747479,-0.96919535937272394)
 (-0.18533506117639287,-0.71234108027355802)
 (0.64540991536723169,0.66155419382506109)
 (-0.65470922642288465,0.4525059856934579)
 (-0.06758727803900838,1.3089052073177028)
 (0.26934020820586951,-0.32633694307621486)
 (0.97817520516840983,1.6829668006111371)
 (-0.66374783554186145,1.1762698855113294)
 (-0.7812957532846474,0.7518761934290521)
 (-0.27299685318431877,-0.092709848685733273)
 (0.15331445087385112,1.2941801221579894)
 (0.43247900288553087,-0.12188536136388649)
 (-0.8583396697039456,-0.57510566327754831)
