# Created by Octave 8.4.0, Thu Dec 11 09:47:20 2025 IST <gamana@Samsung>
# name: rician
# type: complex matrix
# rows: 2048
# columns: 1
 (-0.4039331405844116,0.49601586869002978)
 (-0.61422273599759847,-0.1493758908772414)
 (-0.43471032162331352,0.058259897188334589)
 (-0.92547341836965813,-0.38935087998774082)
 (0.11682064879861664,0.16103314083605016)
 (-1.2560385201926421,0.051887153728109044)
 (-1.301454489029594,0.093650666415092537)
 (1.3914966107725364,0.15785773798956362)
 (-0.87157315018923132,0.024639146183531854)
 (-0.8143126357319509,-0.0095321135766795236)
 (-0.96431075842390934,0.11627619996436747)
 (-1.0053699789093629,0.042206989236374941)
 (-0.57300195312969104,-0.37777891058146051)
 (0.66973559982989306,0.34490222704352286)
 (0.89739550561274739,0.12335889754580916)
 (-0.53055869744229134,-0.23442574279834294)
 (-1.1900307901447551,0.27552482999272288)
 (-0.90588592275503821,0.52779214844762179)
 (0.21867542904030823,-0.33398280148229448)
 (-0.31872648707248674,0.54888470654320298)
 (-0.18899277133811132,-0.41083985873715761)
 (1.0299233551047164,-0.3008958591059061)
 (0.82209614713255386,0.28120248960604144)
 (-0.42956958157354946,0.40200545614687161)
 (1.3023076991265543,0.21497371858290235)
 (-0.858198286614274,-0.18899429292848727)
 (-0.6660467934859664,0.47557452712922837)
 (0.78602682301061266,0.40626322049069402)
 (0.70720912751866838,-0.72437746147163573)
 (0.51161986034183626,-0.044648360532167766)
 (-0.79281399549364928,0.23143252007665704)
 (1.0869912239582733,0.035353731401705508)
 (-0.97807037900537774,0.32868278427894493)
 (-0.59668467749440313,-0.33278958207464826)
 (-0.99488073326368287,0.28158175602593832)
 (1.1011991645868848,-0.11993186146217771)
 (0.56989280741479087,-0.092944845813139762)
 (-0.86080546554306692,-0.16137052159172077)
 (0.078539305555322625,-0.47161040214197897)
 (-0.88827445767066626,0.58658457013497489)
 (0.77287968810429364,0.61611671937625989)
 (-0.9225606990687083,0.20502878743531641)
 (1.2927343651242407,-0.14823233112600825)
 (0.39554665551255624,0.45395816000801809)
 (0.62342505729486508,0.078692981916542462)
 (-1.3354775089750035,0.48027255112061462)
 (0.58848529216498091,0.62005507659408399)
 (1.1417538135847247,-0.54883960484071193)
 (-0.61388928465622272,0.22534243699281334)
 (-0.9644767876318443,-0.20644428180788835)
 (0.089443487484995754,0.23216213500932961)
 (0.27361239653448377,-0.30538711189187834)
 (-1.3921249777088232,0.050092825510138675)
 (0.9976105321697325,0.23707095112098794)
 (1.0169757253842517,0.0035671947798659306)
 (0.55536287657639416,-0.2765924714673258)
 (0.94395866473776813,-0.035315937118997665)
 (-0.68268832473972585,-0.8308065734558866)
 (-0.90098396781767276,-0.17989381518173561)
 (-0.95841234196758829,-0.021013208613332231)
 (-0.79010868056627037,0.128454590182114)
 (-0.92644136593946091,-0.24599287679928122)
 (-0.42269248493270267,0.39374167354000211)
 (-0.65643063769928545,0.35180825042684016)
 (-0.48988848708068855,-0.19050283513946537)
 (-0.75937906629899077,0.13706129333651271)
 (0.56815984649711748,-0.180260567025506)
 (-1.0409226074575253,0.08037168613427724)
 (-1.5090334717465819,-0.4879285676195127)
 (0.96011022999978335,0.15019820533241404)
 (-0.78638794297022208,-0.33118247973203424)
 (1.5959725703458516,-0.29104759925237339)
 (0.86400661006337087,0.10419574589829314)
 (-1.2856559782789261,0.12048660628973812)
 (-1.485643049721574,0.31353849314719967)
 (-1.4685314422424369,-0.44288754116283441)
 (1.450644163178173,-0.029866860700827291)
 (0.56844435544793037,-0.13277128670961319)
 (0.78973002186556918,0.50005334570411863)
 (0.7668743354369868,0.016638166243306267)
 (-0.32627537695892173,-0.26969548492713574)
 (0.29703385387502057,-0.5577313568330724)
 (-1.4797145113180779,-0.22312000730410902)
 (1.1507204000692881,0.17328167587074084)
 (1.5508574373312796,0.23510266682554218)
 (0.30441786913613089,-0.25291945303860719)
 (1.2274346954234829,-0.2363631703298695)
 (0.93495470837375994,0.18253161673937771)
 (-0.0048365727283071758,-0.16286715678131347)
 (0.62046236417800982,-0.47030166320052846)
 (0.74455768366175556,0.53142377828368115)
 (-1.3517643721831081,0.36891339333782358)
 (0.95017586359567674,-0.50071031130086796)
 (-1.0588527298994506,0.0093473508784514686)
 (-1.1462995132966842,0.39607061824154005)
 (1.8528121682229677,0.009916119645766228)
 (-1.0610100558527191,0.23156037548744138)
 (0.46624790016389078,-0.20893813355924565)
 (-0.9867895491197527,0.067093946614426872)
 (-1.4594426250987587,-0.3162988248094098)
 (-1.0171278558965926,0.21475978189552947)
 (0.4904888490815858,-0.34631482428125981)
 (1.4481706486500996,-0.36321127600384723)
 (0.36792272748004906,0.46962680797310996)
 (1.3087133490066767,0.67962570139478806)
 (-0.81885680879410339,-0.10704514283547044)
 (-1.1109683455328867,-0.037480142778914129)
 (-0.28469980795887262,0.10381223781532682)
 (0.88216944831758315,0.99230082707680045)
 (-1.238847473120831,-0.33107621144355209)
 (1.4560040302966595,0.26979165154398849)
 (-1.1272958273627522,0.14722954937254804)
 (-0.24449228779238463,0.49149433011948779)
 (-1.3254569322385539,0.041272481501443053)
 (1.1071214387445749,-0.38064471047896026)
 (0.77436569596360227,0.08894610611836351)
 (-0.8449341710101651,-0.3399717042887424)
 (-0.97591965042990514,-0.0077951966920660649)
 (1.1629370126225482,-0.18947508882909916)
 (0.24847829766922436,-0.11588483425239375)
 (0.64215129654198677,0.64459886895978347)
 (-0.86936077405550793,-0.42211737228181512)
 (1.2389141072312686,0.48439443357234613)
 (-0.97504211668079577,-0.15223016322073471)
 (1.0177221336336655,0.20837901217402138)
 (0.53977875007519338,-0.11947670585869495)
 (-0.6191605413922836,-0.026658121463358622)
 (-0.64043894082770314,0.55043525456202247)
 (-0.74170003850450461,-0.7327244678429452)
 (-0.76972833054462531,0.20657266881274522)
 (-0.91195668132965502,-0.038986013812453091)
 (-0.047103480920514973,0.3499237753804546)
 (0.66031606325077397,0.61672382061029618)
 (1.2364396042311465,0.66385039471924834)
 (-1.1267156999317565,0.01822135657239039)
 (0.96273557588149605,-0.095989180697424042)
 (0.75122898375717351,-0.21049687537904385)
 (0.87315677345914544,-0.064774024084676807)
 (0.91835858366761691,0.15875605811448307)
 (1.0810173619482968,0.51499577017078546)
 (0.45067198340647274,0.30788005950155523)
 (-0.75621438495417526,0.29032361411299334)
 (-0.54720611714054002,-0.1600956525984176)
 (0.98999067353687209,-0.047228103823532382)
 (-1.1094478826841858,0.28139421981495516)
 (-0.10588632606818837,-0.033963207557460906)
 (0.65476704399484476,-0.16705871845909434)
 (-0.99510124822299773,-0.0058255662128381437)
 (0.63950146289608478,0.60055760846351536)
 (-0.96190353469598311,0.36395094149051332)
 (0.8896278031936643,-0.82089302227543404)
 (0.79528568321293125,-0.31438426043830087)
 (0.78814711676285587,0.29161285438141704)
 (0.33297749224210449,-0.51702941116094492)
 (0.23041119225402862,0.19042731569403759)
 (-0.26114188662098869,-0.055302038088007287)
 (-0.72816341878482904,0.047054594006761888)
 (-0.37303870841102343,0.26407133311249709)
 (-0.99289130425311001,0.17069765880957732)
 (1.6505271911084183,-0.48611278652826506)
 (-1.1149831957227114,0.634369420168723)
 (-0.56833268170262341,-0.29048143123694781)
 (1.3760799992567843,0.52340608845834868)
 (-0.41097675217552143,-0.21435382813600509)
 (0.94239506725473721,0.50161371770516716)
 (1.3924528872143194,0.0010544523534270424)
 (0.61364013402763351,-0.022605914167747775)
 (1.374835243785471,0.39373056792803995)
 (0.65085096755053784,-0.60882940326074975)
 (-0.85274907254142662,-0.091334476720689464)
 (0.63016348545546219,-0.19678732702603391)
 (-1.0844610740449476,-0.59464606897348216)
 (1.4872623160447866,0.22968316345227444)
 (-1.0882843410543268,-0.048269357776190847)
 (0.99750133355471526,0.23141229244659992)
 (-0.26536026552063252,-0.66514466187223631)
 (0.98684599767715209,0.1839321673402696)
 (0.46195791226054156,0.67281752254476368)
 (-0.5595911798916049,-0.012348800924982089)
