# Created by Octave 8.4.0, Thu Dec 11 09:47:20 2025 IST <gamana@Samsung>
# name: awgn20
# type: complex matrix
# rows: 2048
# columns: 1
 (1.110961461828905,0.0033158545300430915)
 (-1.0157060588954967,0.084444740653527611)
 (0.95308963786655221,-0.023869506776173284)
 (-1.0606352988565426,-0.064787519000380156)
 (1.0383766356287194,0.026167647545688268)
 (-0.91021040774323436,0.043798810551603257)
 (-1.0492747261444109,0.037316283896131452)
 (0.97460485290867682,0.047147173882732027)
 (-1.0490714224287532,-0.015530100144821696)
 (0.94749778319423938,-0.077081676963663359)
 (-1.0935874609493264,-0.11192493518676408)
 (-0.96455433968512538,0.035963860891157905)
 (1.0969223884141992,-0.036670829174455785)
 (-1.0094688372856295,0.021277515274670047)
 (-0.99860037318881389,-0.056829978580621977)
 (-0.97124831790462285,-0.070908397571492948)
 (0.93241048610393573,-0.047217262509000914)
 (0.97459865213824626,-0.016845845200981285)
 (0.86305625444989631,0.019559711971133209)
 (1.0689047359641901,0.075871603358829115)
 (-0.96048620688267805,-0.13536782270617215)
 (-1.0896213494770641,0.025921879640641788)
 (0.92717680178841055,0.016686892714463348)
 (1.0013715801104068,-0.04954703057896781)
 (0.99665336938000848,-0.068465883590129839)
 (-0.99166651289435692,-0.0023868444828274256)
 (-1.0197885244532603,-0.088931664635290342)
 (0.93387983541887054,0.059406765083373725)
 (0.96153042617832607,-0.19191684871036213)
 (-0.92877438771458065,-0.0016600576751194579)
 (1.0484330224488028,-0.1550571057999377)
 (0.97979020365423564,0.00362064212897067)
 (-1.0095035678512942,-0.054490621951892741)
 (-0.90981066009061473,0.046016547498577517)
 (-0.96904984160447216,-0.0069324526821914869)
 (1.11969912257824,-0.0085382340347800612)
 (1.0165570849033387,0.01570477676891955)
 (0.98594992531229764,0.038332317232821683)
 (-0.97162741907313899,0.1074020509252291)
 (1.0026925294933178,-0.030568853049927937)
 (-0.97244724761645696,-0.12574161730974404)
 (0.98991429625056704,-0.12745657994165135)
 (-1.0477835942724256,-0.042870037821763345)
 (0.96398359118579613,-0.046354980473031868)
 (-1.0726097225368476,0.0055425973340284618)
 (-1.0634400336360426,-0.039864226884982652)
 (0.95677238504937157,0.039047766615623258)
 (1.0094750128040006,0.068635176182189381)
 (1.0043926476373057,0.047005205026477849)
 (1.1650063101405621,0.019523712169005447)
 (1.0766728657979598,-0.057415744440213107)
 (-1.0328542978629931,-0.026898674441005493)
 (0.81024695827532212,-0.11805525235295705)
 (0.99514399211793081,0.021456782225920897)
 (0.93727728727060333,-0.032025986452573277)
 (-0.92484128429704893,0.027385943266608998)
 (0.98419149856658317,0.015872515830935879)
 (-0.96423098798027629,0.045555209939225877)
 (0.99655433733982179,0.03952224615419641)
 (-0.97488623525122942,-0.057694216442883021)
 (-0.94584814601881828,-0.048598783877132901)
 (-0.94916232775600962,-0.028221066348014863)
 (-0.85953416510554959,-0.11416810896053423)
 (-0.98094452907628549,0.074141826392701435)
 (-1.0439366851762593,0.059667049075762195)
 (-1.0550524413967657,0.034894639810306986)
 (0.92227975838097009,-0.061616208137713402)
 (1.0200537096042872,0.041173933249980081)
 (-0.94820516139341282,-0.02850174838855182)
 (-0.94031485382958557,0.2755222050360035)
 (1.0114452134967951,-0.029182477709141497)
 (-1.0451847167033745,0.0095081603099712187)
 (1.1667128099417272,-0.23893752505884835)
 (1.0597300008307351,0.05503745598728739)
 (0.9691942443777769,0.053776393695289817)
 (0.96189669161919111,-0.056468840645459956)
 (1.2060442683995372,-0.016493296237240149)
 (-1.036740297409968,-0.029114798186614877)
 (1.0367950684699665,-0.010589322451352634)
 (1.0110996248932294,0.050749452671154306)
 (-1.0127427985118307,0.055513354176645983)
 (-1.0559187523797839,0.070881929688901821)
 (-0.92679289011454391,0.04153708664747658)
 (-0.97013489011048182,-0.091354746994071659)
 (-1.0536349236997613,0.1026500772337075)
 (0.91188924111072833,0.028944899073305188)
 (-1.0228938196641713,-0.01883308932447576)
 (0.91437465057938616,-0.10256741424798672)
 (-1.0588300773825119,0.072366551220058944)
 (0.87084286637602837,-0.035373765679829132)
 (1.0405599151616878,0.014538968250297586)
 (-0.99024791453522798,0.018864406775000848)
 (-0.81363659357141549,0.045993237973418442)
 (-0.9686556244910548,-0.058251500860588626)
 (-0.83213481111649701,0.025503701367233067)
 (1.1411890458793896,0.0092416811105431231)
 (1.1276612631729879,0.15396450414244744)
 (-1.0663965750581657,0.06223602313907714)
 (-1.0084973882113444,-0.055699607481152991)
 (0.85959721042616732,-0.061092599017905473)
 (-1.0095533101050684,0.18597895640430109)
 (0.96069525287454238,-0.044143621803005351)
 (-0.95875309991228097,-0.094518563252765489)
 (-1.0823559567254197,0.066773359611640132)
 (-1.0197627212859206,0.1620579881144486)
 (-1.0289329623009553,0.15628987245014783)
 (0.98849568215031236,0.2081070779539391)
 (-1.0145496013188124,0.15716161878781021)
 (-1.1015486269047901,0.0024157978602194347)
 (0.8479087708836589,0.036064871334804731)
 (-0.99834459604305503,-0.079592091605333717)
 (-0.9687144713984277,-0.074458363992631657)
 (-0.99569239996179326,0.046903876335588054)
 (-0.81705142167460643,0.029956501798017888)
 (0.9048177006092325,0.1397689448399462)
 (-0.96846103817214946,-0.024822581017442402)
 (0.88460655638758301,-0.065941786910403713)
 (-1.0502336981208753,-0.22031181852894172)
 (-0.96929821197772303,-0.011176361693972466)
 (-0.88059024921487605,0.028202338398225665)
 (1.1162285399395773,0.08531664348339367)
 (0.97268739172479446,0.018796177873368122)
 (-0.9424506158612791,-0.014174106001241174)
 (1.0221006269972863,-0.015685144622130828)
 (-0.96184017046976344,-0.019628587715197647)
 (0.94385594742887524,0.034403360263971339)
 (-0.97001176594087835,0.061693471694158591)
 (1.0005984427983092,-0.066206458008373922)
 (0.96515050533665037,-0.013003346539254746)
 (0.89581642876008405,0.039434554774588758)
 (-1.0551565217578518,-0.077673458540360188)
 (-1.0409260561515083,-0.064417362462849501)
 (1.0429824445506446,-0.065954250996353589)
 (-1.0483125392655162,-0.06110382064617087)
 (-1.1009647073615341,-0.047039202307831346)
 (1.0564870678255103,0.048133494160289801)
 (0.95363338227474614,0.018462997493273233)
 (1.0460749273070611,0.068023850947560846)
 (1.017990421697069,-0.040943838404048249)
 (1.0682523294754096,-0.080075980608809841)
 (-0.97469616443139107,0.0031972772955774389)
 (-0.94537426242403966,-0.056835883849184032)
 (-1.1462247456458854,-0.0045727683731676379)
 (-0.90789420387660202,0.014298815182409897)
 (0.9660997180259423,-0.048371568835542222)
 (0.95575587953113716,0.081866317639826339)
 (1.1122740171982024,0.02084569523148963)
 (-1.0131641170181793,0.075696414079098773)
 (-1.0827447996140573,-0.01804258948595815)
 (0.99912790115250238,0.012362000014562566)
 (-1.0760499726242894,0.0077003600524998472)
 (0.90404611278209834,-0.055336731441762183)
 (-1.0515376571123609,-0.039549090004755538)
 (-1.0472301116538918,0.030583562135402434)
 (0.98345624607101911,0.038858153873098752)
 (-1.014311861277013,-0.0014480456633305565)
 (-0.94607533228961094,-0.018515618621075279)
 (-1.069382674971038,-0.11943552828561328)
 (-1.1067055761412801,0.029124193971813685)
 (0.95840895584649066,0.036391010444333932)
 (0.95876907839898307,0.039194633209743035)
 (-0.98455452394735743,0.079636661506374135)
 (-0.91605825971948462,-0.0308979843380814)
 (-1.0013617897463694,-0.16374948329953132)
 (1.097728868077912,0.052466136919774989)
 (-1.0248115720698676,-0.02750854783618889)
 (1.0876975188748368,0.083071369192071864)
 (1.0083223044837031,0.063433372307025768)
 (1.1275860882013991,0.0056329867022316873)
 (1.0373842363295027,0.14995644279778694)
 (-0.96935637547600084,0.044245535737067007)
 (-1.0368535153852847,-0.070933890997321919)
 (-0.99333216488524201,-0.058355757244637964)
 (-0.90724676714305841,-0.08543337258304752)
 (-1.0481507729848258,0.080198597313010239)
 (-1.1332865263735943,-0.010763492520419013)
 (1.0611598704875593,-0.018154617428490068)
