# Created by Octave 8.4.0, Thu Dec 11 09:47:21 2025 IST <gamana@Samsung>
# name: rician
# type: complex matrix
# rows: 2048
# columns: 1
 (-0.63181663082284567,-0.29590754819314602)
 (0.63022198862776113,-0.6073293889517366)
 (-0.81512356653843832,0.30105020003796329)
 (-0.95928081528026787,0.24005977876647694)
 (0.41078189678115817,-0.61764080541781041)
 (1.1797167877063419,-0.13203657237391744)
 (-0.88840019355949662,-0.3670759827557476)
 (0.97772935880338629,0.5163479526172986)
 (1.0906961214966644,-0.5767328788876307)
 (1.2305578477735923,0.67283992253943647)
 (-0.0714980380263186,-0.052578386810524042)
 (-0.16773314337795486,-0.4218397401019307)
 (-0.98931854873380765,-0.47167441593353848)
 (1.0478088484901946,-0.079625634285207733)
 (1.3325355043590963,0.38621501212369047)
 (0.35125220068779428,-0.41678050524057531)
 (-1.089646438472484,0.52886539790698017)
 (-1.0499849772670882,0.14848348166335046)
 (0.25483701671491854,0.46445595291040465)
 (2.2826678873902408,-0.029713719897786706)
 (1.0743038380456844,0.42397597035538259)
 (1.1584682687619892,0.028421153574683021)
 (0.19177060874755458,0.19242242010763511)
 (-1.072506490822801,-0.11126005746203728)
 (0.83302933315558791,-0.36766766291981096)
 (-0.4239788598756018,0.52716046927666249)
 (-1.0835226341607045,-0.29433271634227631)
 (1.092185170720825,0.41545719056975738)
 (0.83229840778596897,-0.10381509718537527)
 (0.70993353025445383,-0.26189512046333402)
 (1.0000294315371401,-0.38596300318190879)
 (0.88880149749879245,0.73953125488732041)
 (-1.0327620729608129,0.65501785860964545)
 (-0.9884014768535756,0.44351941368909253)
 (0.90869506869441496,0.51654301203228703)
 (0.74862009980617872,-0.27289760780279959)
 (0.57402722099530035,0.70655596339589277)
 (1.5053221416382145,0.38750508162841291)
 (0.9976008504858731,0.30058184223983947)
 (0.82971468094038137,-0.097462475330897025)
 (-1.5887502306004402,0.085965269860967988)
 (-0.90710017017939937,0.7951365304780863)
 (1.578464321758771,-0.17300007580015472)
 (-0.93964438557610563,-0.03932089043396423)
 (-0.23231261748678578,-0.75389451153994935)
 (1.092774590034171,0.099823268921987285)
 (-0.71479063906988327,-0.52437947795850381)
 (-0.48651050013873298,-0.086138208833858199)
 (-1.780364192370711,-0.13656407338140983)
 (-0.61682172059421991,0.14082372780137742)
 (0.98516595413901753,0.16696803174727717)
 (1.4556737634748091,-0.40613546869872513)
 (0.75527756949089353,0.13713709549374531)
 (1.2736958427715215,-0.21138233484544849)
 (0.72177506356345211,-0.13078234433553446)
 (1.1783471556292664,0.29207428823778842)
 (-1.0748288797729033,-0.18847054378834088)
 (0.23612570236298147,-0.3129279538370166)
 (-1.1319176179550199,0.5157718563087117)
 (-0.50801763522128818,-0.18686794053492092)
 (0.68702110767616464,0.25889342888225186)
 (-0.6638959004246443,0.17979174232155298)
 (0.34648691043039426,0.30511467198058734)
 (1.3302826628438948,-0.73403294715039313)
 (-0.86281587134590843,0.76360064477652423)
 (0.9606572017305034,-0.14852678291445534)
 (-1.493567034694621,-0.27958347719397997)
 (-0.66637768322419044,-0.15053367243489663)
 (0.73718559840209319,0.22722992394947669)
 (-1.4397957961069499,-0.22484231150501344)
 (-0.83069357670446486,-0.30327167356018592)
 (-0.95374900208899271,-0.17577729873003423)
 (0.88106972252017857,-0.25803127180365459)
 (-1.0257775139635474,0.21640374431137444)
 (0.83906167008871291,0.10672233534986815)
 (1.0613451138769456,-0.1169701598486598)
 (1.1882191358756593,0.41688848495577135)
 (-0.88643242390926957,-0.071389588063675222)
 (0.91413758171406323,0.22938500879825646)
 (-0.74383736553415913,0.36626535926140708)
 (-0.51667777962835215,-0.078878129548562284)
 (0.75466749033206793,0.49440336435618149)
 (-0.079445266634807443,-0.27958975035028766)
 (-0.93575926375757557,-0.19733553002581139)
 (0.91248397172346019,-0.87607480418690475)
 (-0.33592168625741659,-0.6080532051475811)
 (-0.83730108221572708,-0.31098597334438721)
 (-0.59044285362873639,-0.37031580494608585)
 (0.22947393542512262,0.2201866257906287)
 (-0.61102128637830422,0.25654830089972647)
 (0.91634988040125287,-0.10355685164266934)
 (-0.6580466750823355,-0.25249796101947358)
 (1.5350174807159975,0.39827935315977098)
 (-1.1003583263668153,-0.049145311037499251)
 (0.91584737853397413,0.10054140023829373)
 (0.046269876933207166,-0.28132712625508643)
 (0.96364109058362635,0.22980263420064009)
 (1.4174522069121873,0.085912342897683486)
 (1.0265200871190112,0.31262943387743625)
 (1.2369634382779733,-0.12367462761919124)
 (0.82051825842787907,0.25356952175740538)
 (-1.0099869484858814,0.047593527907775081)
 (0.70325644634395046,-0.37518254785446098)
 (-1.3000899609647478,0.35742591384774697)
 (-0.82276664643161845,0.11727664110606283)
 (-0.88592808012860202,0.10121841362525889)
 (-1.4144299742666713,0.19109769843967297)
 (1.4205830430385937,0.18125471682035527)
 (-1.1564432014989046,-0.12863095127052507)
 (-1.3090101337300322,-0.040845228675690098)
 (0.76831455832330309,0.73095785719240136)
 (0.91349092833037415,0.49035133905486611)
 (0.51552046861211176,0.26448229243077531)
 (1.1577868139535017,0.54976518329331692)
 (-0.90443378321230317,0.33616047693305584)
 (0.43536867959640829,-0.024486010056971281)
 (0.73030577324545876,0.35923844883657763)
 (0.63469564227133257,0.5835426026245113)
 (0.68466584151318199,-0.11099504113392616)
 (0.31653094379621871,-0.33979705485086426)
 (-0.69427311472254039,0.42316509310550454)
 (0.91765403082953867,-0.25613732381360005)
 (1.3746244667474676,0.045026188393949118)
 (-0.96007580414540694,-0.14367742594236405)
 (-0.94782382660864695,-0.22902428681307646)
 (0.65749161507125953,0.18916559142870412)
 (-0.65651957926840276,0.023021389032635595)
 (-0.37431353054645888,-0.39650986848040426)
 (1.3874015179873469,-0.15751012627661337)
 (0.52064799377430127,0.32869008684019591)
 (0.20984570261502844,-0.21635130446431336)
 (0.78164040573066762,0.16222655683207673)
 (-1.286763784700202,0.075413799368967097)
 (0.70910393560292795,-0.41299020420091526)
 (-0.81172246210637578,0.63113606080893392)
 (1.1561736142847236,0.065930773451155514)
 (0.82861171454905214,-0.64215285233338237)
 (0.63694723870665804,-0.040278719567535287)
 (-1.005579426075816,0.19778031070960853)
 (0.11586649837446383,-0.046279815518745382)
 (-1.2250688296876007,-0.087767500476315263)
 (0.86963711348218109,0.54992631045571927)
 (0.46011501269073068,0.040895810914496726)
 (-0.69209273344701749,-0.37243321372767035)
 (-0.64438202363171149,0.66511027558123126)
 (-0.94348380638673446,0.079283916293280354)
 (-0.39173248287666801,0.25422875272074408)
 (-0.15331370174216985,-0.49651852900790422)
 (-0.83808000541605687,1.1677370095884205)
 (0.43257851189891505,-0.54844566744529621)
 (1.3542512745614965,-0.37921477879839777)
 (-1.0916284929675264,-0.087848142443076815)
 (0.22643591831506182,-0.42236243765433407)
 (0.32746158141345283,0.18716575525545773)
 (-0.15606433305678902,-0.38160799709344817)
 (-1.0687546012387916,0.29019008960216769)
 (1.0536383397451687,0.84752080889779946)
 (-0.99354971829104022,0.16671809734200005)
 (-1.3234460152084577,-0.15283095127619056)
 (0.99131834219956028,-0.14152437684281113)
 (-0.87939976164087708,0.11763298106109478)
 (-1.4177313859540099,-0.78049830735922265)
 (-1.1103544271641499,-0.12681396842153794)
 (-0.41197280480502285,0.013758256054201296)
 (1.0267662861677662,-0.050661621599655704)
 (0.87097843799851604,0.026649411322954081)
 (-1.8491611027015444,-0.073815362502324372)
 (1.38756763984513,0.2107769608488064)
 (0.61021707558739913,0.0010212363430725793)
 (-1.2645353176748766,-0.12443000238617996)
 (-0.82198282886614116,0.092121660885771922)
 (-0.3258179084951025,0.068273792316091431)
 (-1.046559098381556,-0.04675376690338718)
 (-0.68915079595952189,0.067901218366986871)
 (0.49561941420363015,-0.45594171202251366)
 (0.59358164498771471,-0.032730603117940134)
 (-1.3293641672295669,-0.20021927332152406)
 (-0.70977334648137635,0.070300789096800098)
 (-0.66881981843138871,-0.52216208781777884)
 (-0.45992500741916548,-0.31660911935527175)
