# Created by Octave 8.4.0, Thu Dec 11 09:47:20 2025 IST <gamana@Samsung>
# name: rician
# type: complex matrix
# rows: 2048
# columns: 1
 (-0.485525604524223,-0.20789712188691456)
 (-0.51977331265538962,0.090200729947426742)
 (-0.89897225389620994,-0.27877319305406906)
 (-0.29376053411167358,-0.42851258654641683)
 (1.0437058294076931,0.079923395419324847)
 (-0.84697443805808648,-0.38424986083932555)
 (-0.67562196136974872,-0.56700440784172357)
 (-1.2395262051513525,-0.33778615066126283)
 (-0.31826199805025168,-0.2661272332724387)
 (1.113377539111662,0.043186709776554776)
 (-0.39818765701112946,-0.61383429685681223)
 (0.79070533488444061,-0.13932931562966133)
 (-0.12832416854321904,-0.37830843995586155)
 (-0.59458615396870507,-0.36619917089312209)
 (0.14540946901729612,0.008770285627023788)
 (0.92196375175400291,0.3658191641097987)
 (0.68458242435151107,0.30385676410774565)
 (0.28869111472818254,-0.19443078047806964)
 (0.36445193870585468,0.3147655178362101)
 (-0.46737757353081028,0.26343284712462656)
 (-1.3342225330873605,-0.11045586260131628)
 (0.40930105701779673,0.37339256649394109)
 (0.81094762174256108,-0.08096612825124451)
 (0.50070808677303602,0.23393533765106461)
 (1.2425397177129018,0.24449998996383049)
 (1.1063257139275855,-0.49220447777172927)
 (-0.58340309759699882,0.11890732224440682)
 (0.72150242639537032,-0.21012053509703493)
 (-0.84312843316110042,-0.38396560921702155)
 (-0.42010578374248192,-0.82914523002697027)
 (1.0120253330439173,0.16437445772366102)
 (-0.90444347514797774,-0.14749297285246821)
 (1.6719139014416964,0.65245871084328633)
 (-0.66883971907480411,0.076758409785308956)
 (0.48026593035424342,-0.57465609845010723)
 (-1.3291657085954891,-0.1329393575586072)
 (-1.1251858872006277,0.54387787515778374)
 (-1.3631296041454883,0.012142690218351682)
 (-0.98632497481592607,-0.66608837826586953)
 (-0.70672466501643072,-0.54085301642665418)
 (-1.4409343649019302,0.46567647450085775)
 (-1.3430863094778793,-0.36470479413587109)
 (-1.2050447395191224,-0.34141916552850737)
 (0.92961313141485535,0.53993154256157827)
 (-0.37591576887774403,0.044738206264646529)
 (0.91076844226010656,0.20546198783190012)
 (0.5748870509286661,-0.11527179427911691)
 (-1.4224811100079786,0.030577338389591341)
 (-0.28034349311037088,0.016060646062478413)
 (-0.095117560145330904,0.43683828754316162)
 (0.97472522638299375,-0.038261681966472942)
 (1.3133679928612252,-0.20287859706488293)
 (0.48702509474986261,-0.073766568367366156)
 (-0.68169981844446381,-0.22454979290519447)
 (-0.95387235662961611,-0.28808015868343223)
 (-1.0462214478378944,0.72184509550720288)
 (-0.98283043189662955,0.12384372302515148)
 (1.5185933766689417,0.55927953714959577)
 (1.0008841019244155,0.056043493667143625)
 (1.0342036012605451,-0.25082089368412985)
 (0.93504818441083604,-0.16062639683352875)
 (1.1206643461665919,-0.13859912270004732)
 (1.0821063847827648,0.31306941675159627)
 (-0.52802482601370415,0.11136142049295451)
 (0.7127747078512976,0.83981830250839362)
 (1.3970533534435403,0.076384818904119009)
 (0.78274295592890164,-0.15994230125797571)
 (-1.599135000832967,-0.32330161607325175)
 (-0.66540679766050836,0.32440102915918811)
 (-1.3630180319701941,0.15205677502837792)
 (-0.40232845964401209,-0.087308794280996388)
 (0.77617577245279556,0.77613886286484579)
 (1.334656287062004,0.067981117666818761)
 (0.82909502183478823,0.066836551731977806)
 (-0.69659936079522977,-0.096478172303052889)
 (-1.0582649699980213,-0.052389955249188623)
 (-1.51330686777289,-0.24666536821043439)
 (0.9803500811418806,0.060991655295281784)
 (-0.97448661099406519,0.068587482616687276)
 (-0.38107062874028969,0.064064704490369245)
 (-0.96593245393336225,0.13203011407464602)
 (0.69638618139045627,-0.41430160909926889)
 (-1.4590310964856856,0.35587730386028954)
 (-1.1261278252243554,-0.74829628589108832)
 (1.0166940499504562,-0.059116628970824044)
 (0.34794704011387523,0.35380696169028519)
 (-0.71670748355603719,-0.17870139768809909)
 (-0.23251830882229474,-0.0027821304967455517)
 (0.90456097016554449,-0.043045601911425188)
 (0.064816531922247789,0.25893158213904366)
 (0.87923640029871386,-0.30988519812287252)
 (1.3418970499563501,-0.50412380960092573)
 (0.88863602826012289,0.36386515177409329)
 (0.33668258997685496,0.50872804074246025)
 (-0.58573711293433095,0.23526199143580909)
 (-0.60211552065414176,0.080628559624048898)
 (0.98137563520637117,0.049667309402999349)
 (0.66695300111268285,-0.044899453399099523)
 (-0.83085210873358539,-0.070196175871611255)
 (-0.89559370151564177,-0.15454639409049806)
 (-1.1330055120248201,0.53580951188548076)
 (-1.127819125786504,0.3556858021978293)
 (0.34239288439562687,-0.1084302984836031)
 (-1.2049404104948815,-0.13603333928261901)
 (0.45651091469591826,0.011292728050714219)
 (1.1598926906445595,-0.18916229248586999)
 (-0.049363911954191098,0.083097238754501368)
 (1.0445193024189194,-0.22354508087180353)
 (0.81561823922167642,-0.09574265397320722)
 (0.74345372806987642,-0.21892825873821098)
 (0.79467126554209566,0.49025858522872201)
 (0.83938925200371428,-0.023740735824460443)
 (-0.70579478784390415,0.44748738740073446)
 (1.0514713278146599,-0.52860226207463012)
 (-1.1089510643826359,-0.2229533074885065)
 (-0.6821842814531951,0.52033777384909241)
 (0.71031213581943486,0.31296256907597436)
 (-0.90576331037361713,0.20481793436744491)
 (1.1382563834542216,0.031128892151536469)
 (0.88706890257486504,0.10274038503446861)
 (-1.2041483942826372,0.15919702888856194)
 (1.0507929020976441,0.10176859019437452)
 (1.038531739004855,-0.72208233180903381)
 (-1.7454429154662492,-0.23370441409649712)
 (-0.32817800207206516,-0.31928870577191504)
 (0.56291760297403526,-0.099311342829358884)
 (-1.3796935268935966,-0.30271294685576161)
 (-0.88502750800570229,0.16201280493639214)
 (-0.81321773846865331,0.12919036617495044)
 (0.98095987560878484,-0.048839559666668045)
 (0.052912989731370708,-0.77015865633829939)
 (-1.128415122309258,0.37512400872225682)
 (0.87978078079217459,-0.043773280301403435)
 (-1.2420568891109189,0.54470952451100063)
 (-0.76952461238982584,-0.42030770493186664)
 (-0.4572315229114432,-0.056441864670726712)
 (-0.70467530810136292,0.14729069823798444)
 (-1.4338947513075793,-0.033650020975760635)
 (0.80672080178416361,0.33833836437328701)
 (-0.62396606396037546,0.29810493847711123)
 (1.3627966941535403,-0.1321803013355316)
 (-0.51224336274236648,0.06804822248047937)
 (0.63249751235063123,0.28178745467294164)
 (1.2748373689831531,0.20249187096665494)
 (-1.7021219279728432,-0.27472075304893434)
 (0.89597800204349809,0.48026580651170608)
 (-0.86901983683804174,0.25075155131326149)
 (0.60037048652781744,0.32925277967655314)
 (0.54421764120597438,-0.27896821827882762)
 (0.31237146931745763,-0.066785944534323571)
 (-0.43717068538708087,-0.16647659324802064)
 (-0.46861015949491269,0.29247216586365643)
 (0.31619333522929205,-0.30041063920245009)
 (-0.91077461357151035,0.46353417990996593)
 (1.3782108876405896,0.62883090606323566)
 (-0.75949656112894415,-0.5986061585150767)
 (-0.79438158148345062,0.22169928093499844)
 (-1.2319764738173502,-0.45004845200526006)
 (-0.88092046551865399,0.072181647524734271)
 (0.809204517034251,-0.33055777212594079)
 (-1.2488199019421868,0.18464323618833234)
 (-1.0188328849519552,-0.21613602379695523)
 (-1.0493516925230395,-0.39150141889799156)
 (-0.68104980291187178,0.35131728755887737)
 (1.4554208769272412,-0.079834901504571634)
 (-0.9908191288378434,-0.015858596876093551)
 (1.3191433201445202,0.68349577772863324)
 (-0.51588956490561488,-0.094415839540727797)
 (-1.2587229745754034,0.37673478761779916)
 (-0.51090428222611362,0.15970463962074657)
 (-1.0142130986652436,-0.18732894462260516)
 (0.94319815707476296,-0.01188951377562332)
 (-0.22731744536800247,-0.10870353424809909)
 (-0.93058408674720505,0.028161612367809927)
 (1.5395671578535586,0.32464812242679653)
 (-0.9012109614892424,-0.22329545976020682)
 (-0.6324754453157968,-0.33402407823618629)
 (0.47507506039434749,0.072418973896838254)
 (0.61364739737432228,-0.88626800397251682)
