# Created by Octave 8.4.0, Thu Dec 11 09:47:20 2025 IST <gamana@Samsung>
# name: rician
# type: complex matrix
# rows: 2048
# columns: 1
 (0.64352217150675728,0.87140878940958177)
 (0.18792223000648789,0.15697032811063472)
 (0.39995800957206018,-0.087026210560419315)
 (-0.2668369534746835,0.078828790317505282)
 (0.72380751458646764,1.0554186603081579)
 (-0.85567429249126792,-0.32331133555772462)
 (-0.4713351274779059,0.40149345193365982)
 (0.9443176286174052,-0.4704844696874968)
 (0.754248259092827,0.06443557135984683)
 (-0.84099787514104785,-0.24852588639670026)
 (0.57810018708463162,0.19199813557962178)
 (-1.023530183079814,-0.40929111621468767)
 (-0.50439002826952928,0.25105403425330075)
 (-1.6589913383331898,0.30745867967594759)
 (-0.9210619440312432,0.40607162828570037)
 (0.93653141667440443,-0.42615260569692209)
 (-1.1897165075394915,-0.0091000601738158438)
 (-0.64558858440179478,0.40256489111674271)
 (1.2719268158584163,-0.30275989528522551)
 (0.94212695430823534,0.50858322946454626)
 (-0.73931158031673727,-0.23625326267389496)
 (-0.7271594385002883,-0.21360891786918243)
 (-0.5515003660802047,0.38663801132605785)
 (-0.64465647846788277,0.14137889533133355)
 (-0.96155754857067377,0.27569524598632028)
 (-0.76593782263305543,0.31679007265784176)
 (-0.46769745282278052,-0.10027073383947564)
 (0.68699891615734709,0.48586115850599138)
 (-0.88725630647893006,-0.56926829265506229)
 (1.4149636281806668,-0.39578494523226448)
 (-0.413208374240569,-0.19244940405622266)
 (-0.4970975226071187,-0.31564460821379586)
 (-0.20175505246268144,-0.51502115046306174)
 (-1.1481191011220491,-0.1510501438574216)
 (0.99900152312358548,0.076666395124608766)
 (-1.0322063016039593,-0.15563711206554542)
 (1.0950442224856261,0.71027541368315383)
 (-0.16199172147884033,0.89174855842619138)
 (-1.1572213425001729,0.06685611238160051)
 (1.43952725480634,-0.1125469594192916)
 (-1.0566642377378133,0.42149339875522007)
 (-1.2883006829452721,-0.096659906015724537)
 (0.67094886664446229,0.62725042827240374)
 (0.55657602067198353,-0.026344929328036316)
 (1.0380502160752436,0.35231362850520137)
 (-0.99708802850849543,0.15163926833660535)
 (-0.69669772829683474,-0.023168777276505497)
 (0.70414800445775327,0.37510228905777848)
 (-0.16913259011080195,1.0635441165311676)
 (-0.95212059489758816,0.2415351002174114)
 (0.53986348456293598,0.77522041304393075)
 (1.0952481027405785,0.70356725703019762)
 (0.74843430517071119,0.13992757044294357)
 (-0.64248508856160513,0.18696656665147895)
 (-0.65994778439481061,-0.29265177592962249)
 (-1.4203360453326326,-0.20943776540829409)
 (-1.0061378867896407,-0.052309208734634016)
 (1.2937253283799182,0.27860309949278617)
 (-0.87867778941439756,-0.34880597931488827)
 (1.2312406349830445,-0.23688284791607828)
 (-0.64200757112907503,-0.26525655477535726)
 (0.80897915906704398,-0.2919118773097788)
 (1.2731745393801015,-0.153733667443717)
 (0.83368410607283661,0.035831661227094649)
 (-0.47353036035616686,0.19359838741141963)
 (1.234139290701012,0.30384346735138851)
 (-0.78814510965227369,0.47586767008420017)
 (0.51194358748617141,0.5574432815141368)
 (-0.99291696069209667,-0.51517727161510418)
 (0.92641577266138431,0.38841533264062506)
 (-1.0012293567708381,-0.46241920099046024)
 (0.29807609724115802,-0.88317691181518232)
 (-1.2214563652680543,-0.10266102492602136)
 (0.73436672544363168,0.23662953023753555)
 (0.84052904078537283,-0.7168387415686388)
 (0.11841824041932292,-0.24517244724279252)
 (-1.5113844127701375,-0.12840778778514073)
 (-0.45079379118781349,-0.13008053602268824)
 (1.3287497890463498,-0.47715442955285253)
 (-1.2955714427000515,0.56916278489955296)
 (0.97158558198045208,0.10868281792165901)
 (-0.75921755748063702,-0.043740299073726945)
 (0.8244171309390852,-0.65055467390610022)
 (-0.16520927258358686,-0.1451512963107722)
 (-0.96774808939841983,-0.52460014508795871)
 (-0.35255188278279204,-0.052465946091139685)
 (1.0100632487221126,0.35040541729151015)
 (-1.0515782975895851,0.25393537789854043)
 (1.1059132288105251,0.30577622407185001)
 (1.1304617017599412,-0.29840595670861553)
 (-1.3704512939806754,-0.56307039907763989)
 (-0.66462267966189403,-0.15232206395432721)
 (-1.0674480811490892,-0.14522609761832764)
 (-1.7130543894251131,-0.10700156930955487)
 (1.0485148999036908,-0.23897985425085599)
 (-0.93267231212450197,0.31328329706652425)
 (0.57437233069850901,0.080047838803639151)
 (0.54367461784669113,-0.49588120418982734)
 (-1.2886554998557969,0.39152519688128679)
 (-1.6051699244169306,0.16130602160234442)
 (-0.47199774303483261,-0.22813626948303711)
 (-1.0776884933166768,0.13624446208464935)
 (-1.4230670252050115,-0.060210567587585868)
 (-1.1042768920483015,-0.043449805904789293)
 (-0.59637727469329749,-0.047521970697664097)
 (-0.62345262332703255,0.055746811143408355)
 (1.2575355668509267,0.4192377555653003)
 (1.5453103042280025,-0.44021026155698129)
 (-0.97051040340133943,-0.47315674522425866)
 (0.77644907293582677,0.35526323052774317)
 (-1.0899906917077886,0.29747300902213397)
 (-0.5150029098561858,0.067566471782830248)
 (-1.0063032643059113,-0.45016038284897947)
 (-0.75312179815044122,0.41300535895087065)
 (0.75532668262248071,0.22520925159796432)
 (1.1119544889478372,0.0078500624829577845)
 (0.43321867027610139,0.34569733404080472)
 (1.1916192083940247,-0.67477058836719583)
 (1.1720878474405605,0.38474080884758804)
 (0.3626353560831852,0.25478150753326489)
 (-0.62905082161441417,0.057769750550407749)
 (-0.73236530051485915,-0.35600712559066755)
 (-0.89575825451333291,-0.1899232730788164)
 (-0.74189893271298946,0.41586629632744349)
 (-1.652521781837377,-0.9997756866621923)
 (0.0016511927749832678,-0.16676654014868941)
 (1.068850154740788,0.22621905250771271)
 (-0.81914798638414188,0.40592711464422088)
 (-0.26136440574688069,0.12547658931814548)
 (1.1141728762431853,0.62914489208350677)
 (-0.62158425123032868,0.09917835646789025)
 (-0.81205434490340911,-0.39616057124365806)
 (-0.96173666666965163,-0.74700042889126028)
 (0.54360905231425083,0.02256194770732357)
 (-1.1055650693365988,-0.3318380172969283)
 (1.3855375744607095,0.03419417359639236)
 (0.71465780908665344,-0.22082448666774693)
 (-0.4577478346930075,-0.20137358053252519)
 (-0.92187015517757009,0.6159418078041391)
 (-0.9051945864305565,-0.070651759864332919)
 (-0.87309865197021286,0.010716818344391822)
 (0.61540409903567428,0.038757021025904108)
 (-1.6825927253564736,0.39298973340735172)
 (0.65109180847118153,-0.57718160363908344)
 (0.57660966899736055,-0.29947644752628616)
 (-1.5443899983402352,-0.051593586728079829)
 (-1.0249118429004345,0.51268753244014564)
 (-1.3925514341479244,-0.16559379958394338)
 (-1.4804108990063194,-0.13902409417235834)
 (-1.0143045199775675,-0.53037504942913061)
 (-0.95124889890821818,0.34553581081515861)
 (0.8254926793954096,-0.4535776649502653)
 (-0.54151985912082845,-0.23453527939894636)
 (0.34235396561441034,0.42146398493169007)
 (-1.2563530061585859,0.95137045725949088)
 (-0.57375202193568531,-0.15879830130741512)
 (-0.60554494589757091,-0.24575663187447289)
 (0.84011842700354844,0.019120365056750334)
 (-0.90161008214487026,-0.024802188449083169)
 (0.89936232500531255,-0.022811655637325391)
 (-0.97168464409035904,0.076937096105602787)
 (0.41516643303142675,-0.5482888352097095)
 (-0.48121834667797148,-0.055598074793359188)
 (-0.87574971574377858,0.38915793229020662)
 (-1.5981087434894783,0.23392589032760527)
 (-0.53959525476130654,0.5837754296747627)
 (-1.3262121200540924,0.41398061043375683)
 (0.52841845163678602,0.28283552568579645)
 (-0.43253844893156523,0.64780411823181383)
 (-0.7820715076397633,-0.3543406383208425)
 (0.20961624198242323,-0.086383021510268734)
 (0.80677962536002945,0.58444682762608335)
 (0.78671065951407149,-0.30533808117663891)
 (-0.75460076478654303,0.1125753536168239)
 (-0.93641418516817265,0.24642122175157724)
 (0.57477576778159412,0.18907725237810985)
 (1.4000534891515717,-1.3356244845715617)
 (-0.81709296477524573,0.6335923327701839)
 (-1.060384347942195,0.009643795383871211)
 (-1.3601590629699098,0.53556262493793716)
