# Created by Octave 8.4.0, Thu Dec 11 09:47:21 2025 IST <gamana@Samsung>
# name: rician
# type: complex matrix
# rows: 2048
# columns: 1
 (-1.6860234964759997,0.33665835111552567)
 (0.86457910714417285,0.16286521245683969)
 (0.52088018584148688,-0.18656000362061831)
 (-1.0309259036413976,0.12431520194861806)
 (-0.79729943934315284,0.12601025925255757)
 (-1.4982061607030803,0.13213882070711416)
 (0.76103769495348284,-0.36073316568189356)
 (0.77246009844181807,-0.4557736705998785)
 (0.34052810159956781,0.39269134124811)
 (1.0676388992371639,0.13419074374375237)
 (-0.82057058813933192,0.10243287532296853)
 (-0.88389966184500823,0.038621783259879791)
 (0.37683248086983728,-0.19066562008200244)
 (0.82582694689940395,0.31317021771607789)
 (0.82054592925412873,-0.20396733664776712)
 (0.89136571837795042,-0.58061900965263136)
 (0.5252574590005703,0.5051333981093058)
 (-0.96087483616196467,-0.15860326494124699)
 (-1.0977657545095221,0.41831672644726559)
 (-0.68586182928728345,-0.30996440777380851)
 (1.0472970642532369,0.24595188885735836)
 (1.2572137871604863,-0.033103219433739145)
 (1.422268181795566,0.9251682638740869)
 (0.80938296728926307,-0.98816195752882752)
 (-0.25081650118996202,0.32132982068532046)
 (0.90738864467155689,0.17186746270217879)
 (-1.3267839941775676,-0.43194558493899493)
 (-0.88748176128536027,-0.34160794605241279)
 (-1.3220295267852447,0.077397927852945539)
 (1.0350081400434852,-0.20101588526685099)
 (-1.197754475385576,0.18365857065918251)
 (0.91616330366821819,-0.21342698888023962)
 (0.88665011241935832,0.025481482345519186)
 (-0.86440522799371311,-0.22465639610144425)
 (0.29184694577801906,-0.099666879962815716)
 (1.3540939039219975,0.7199552329622656)
 (-1.1338645820146529,0.12820250527506996)
 (-1.440235656311978,0.28467326179010699)
 (1.2731261871706163,-0.18146531879224026)
 (-1.6352285250535976,-0.063481955388752134)
 (0.49804644448997415,-0.12366701583224306)
 (1.2115259830185829,0.089169111912651616)
 (-1.593006302431192,-0.6467815126765446)
 (0.70147538248470787,0.24278263423423541)
 (1.1279981988683645,0.094556506501410231)
 (1.1931782866526897,-0.26112274282057119)
 (1.110036966447467,0.38930708501114747)
 (-0.53938570860147861,-0.82857290263023509)
 (-0.51268450539682053,-0.1343859316835431)
 (-1.2979128202184371,-0.037115457082573917)
 (-0.65731422910680637,0.065319682149733646)
 (-1.1678216248816784,0.33808161720844326)
 (0.093171676735317677,-0.22322872541753111)
 (1.0955676728845085,0.12056772534729693)
 (-0.806580032831819,0.22104860599260295)
 (-1.0114016182397458,-0.0077250548367772346)
 (1.7345086152833611,0.46453309116495728)
 (0.56455705101970255,0.055833434347527577)
 (1.0111751132046325,-0.048500501795954526)
 (-0.52453009689682073,-0.35230670542410036)
 (-1.210692806450294,0.17450937360468188)
 (-1.457730808941784,0.16306968462517249)
 (0.6483575514073967,-0.34917081641489273)
 (-1.113945851644131,0.46641153081175779)
 (-0.77094099030272467,0.34792179058877265)
 (-0.80300227706775051,0.21230134223627856)
 (0.68856842333073809,0.4351727645784973)
 (-1.3516886632377398,0.03383771743979893)
 (0.75549271262776063,0.10330664917347424)
 (0.71028204277638141,-0.46107183457536877)
 (1.2568384770699219,0.037571889647209977)
 (-1.5031955813337632,-0.15247229639193535)
 (-0.80041073257347428,-0.019755825873760832)
 (-0.7098594609870067,0.26165360890576422)
 (-1.4487743518506346,-0.39065434457623693)
 (0.059200375711075393,0.39253424451047569)
 (1.1776349518125568,0.65569869427515026)
 (-1.3620107655747029,-0.40646521919137996)
 (-0.49990285312321842,-0.85396266827488465)
 (-0.80859382374082445,-0.27788803601233475)
 (-0.73361039844815579,-0.24656354457045604)
 (-0.86419474880622493,0.2228288180110545)
 (0.8297163319415588,-0.78344511840585196)
 (1.2041037005139805,0.15470132433285236)
 (-0.59997904995511586,-0.21479114606865474)
 (0.88328147550966074,-0.15293271019462559)
 (1.1189850643876658,0.58265434997513998)
 (1.2741184834787713,0.11068329298531074)
 (1.0683279878795644,-0.49222892231546311)
 (-1.0811410620998176,0.19041129969497142)
 (0.55734402172412678,0.061518875061063155)
 (0.91142416492778699,0.26697664854682551)
 (1.4554896720220893,0.6533873765843633)
 (-0.60882497368796218,-0.15091046134449948)
 (0.76124149112861128,-0.42414478094033192)
 (-0.73050925581433823,-0.49711538184914622)
 (1.5257224696119214,0.23754843311446583)
 (0.838747977415643,-0.48541404323050436)
 (-1.2480902759347796,0.47962294492300639)
 (-0.39698554490226112,-0.4490379366708111)
 (1.1523119281501453,-0.059714445168944634)
 (-0.60460121348063578,-0.12042212492044994)
 (1.0195584750212681,-0.32566861769311845)
 (-1.185958478596308,0.2891650432947474)
 (1.0464972112992519,0.20393508550803227)
 (-0.91714467912781361,-0.30278741726083874)
 (-0.95280072050675213,0.022519467665193429)
 (-0.90192509489146433,-0.94890530532218331)
 (1.2075075983749732,0.14477238972513354)
 (0.95818099049562733,0.057691138529692362)
 (-0.81721886319678338,0.23280053183696106)
 (0.55927682027653125,0.3614808083602169)
 (-1.5175547627713515,-0.14436363490949852)
 (-1.1624879648563669,0.095813651871745051)
 (0.63574615594249151,0.077136389477870132)
 (-1.2704679869942908,0.54300132016580771)
 (-0.31668246395729771,-0.24163108139126349)
 (0.4939919353244337,-0.30546262933204094)
 (-1.0280000160843876,-0.1228263465996544)
 (-1.2561861462784834,0.046788124236745908)
 (0.97303811205390467,0.14462439838395316)
 (1.5115356230411297,0.088376309628214453)
 (-0.71623237748103774,-0.58463415422528286)
 (-0.6182126800483897,-0.36368988372905175)
 (1.8102040516822919,-0.016061963926699143)
 (0.53535069296712012,-0.7631580174295276)
 (-0.98087096669632245,0.27577371239582349)
 (0.12471197940277867,-0.94019000007354969)
 (-0.51664152722005596,-0.16783257368298612)
 (0.94629679609384998,0.22316314476910576)
 (0.60334586849521799,0.48281450651586433)
 (-1.2492559627985631,0.20081913948957769)
 (1.5348388736657035,0.15744725653398989)
 (-0.78432908662457146,0.29073446699602534)
 (-0.75182109838443656,0.59453789853080086)
 (-0.8340213482064408,-0.42179414901613244)
 (0.98315286933297896,0.44577757869700146)
 (0.66392648965049994,0.38223410262099333)
 (-0.72788408250881342,-0.096585585968316887)
 (0.015037735672500441,-0.40935495238662717)
 (-1.2448452765957336,0.20806294658295749)
 (-0.45194492999146413,-0.17656525742902671)
 (-0.94014910157770393,-0.48367293599181327)
 (-0.24261286084268718,0.72343706799908791)
 (1.0260931832652114,0.22252750700264096)
 (-1.2705400936716877,0.43980806169431352)
 (-1.2784170991794137,0.42071262180997238)
 (-0.46693663083294146,0.18402004979706291)
 (-1.401737454894155,0.16889554983223032)
 (1.0686512334235596,-0.33999361798063649)
 (0.40675447841793988,0.20121140835562654)
 (1.0365938294858821,0.59432988883288163)
 (0.95033685316457317,0.5219129360506497)
 (-0.98717654909507779,0.39291575441157922)
 (0.95695855831063004,0.58568392133816449)
 (-1.3066442082614462,-0.78517267621219866)
 (0.9699206313085601,0.4885627093134392)
 (0.82421814221880019,0.15887415923677628)
 (1.4647033416943183,-0.23766327200505116)
 (-1.3456109559429268,-0.16097757062784696)
 (1.2539958473036215,0.027054272824589071)
 (1.5987779430368199,0.13448931158433741)
 (-0.82132711178321993,-0.18490628188950819)
 (-0.82539002469884026,-0.17114330618104343)
 (0.15905924319059028,0.24946111084294773)
 (-0.59799650975640084,-0.11962613925322171)
 (-0.5479878133307029,-0.76879339957715387)
 (0.60653312510068835,-0.031697390562415155)
 (-1.1533516629744247,-0.14584245670662424)
 (1.2003580965269587,-0.51279731702370412)
 (-0.44441005602782208,-0.15362328814861159)
 (-0.71772595767762815,-0.12079892095030413)
 (1.1177169710987389,-0.1789273791339567)
 (-0.0096388404165361763,0.63531930572632)
 (-0.93301277885624012,-0.35403724205733056)
 (-0.85534287972965373,0.15784699939344729)
 (-0.9447119919675635,0.3637541911692545)
 (-0.49075367838543466,-0.20591019498972374)
 (0.21711653421611454,-0.063181524064834779)
 (-0.8762203101142817,0.099607854483670419)
