# Created by Octave 8.4.0, Thu Dec 11 09:47:20 2025 IST <gamana@Samsung>
# name: rician
# type: complex matrix
# rows: 2048
# columns: 1
 (-0.76322657070349831,0.16783205312756042)
 (-1.1869594190421229,-0.08982951243408413)
 (0.63284236853392484,-0.0085908334975893699)
 (-0.99579412764715347,-0.19375947186033232)
 (-1.2277403129580138,0.86297443010170938)
 (0.68978197326181068,-0.65462266813721059)
 (-1.1295571394968775,-0.078951478927327942)
 (0.78610215342407386,-0.36677895079129386)
 (1.0492855158312804,0.22554676545411259)
 (1.4437079039989591,0.17036577918387324)
 (0.63374634988371681,-0.58706549771562755)
 (-0.69881043472290771,0.24405064981097357)
 (-0.26797738912267766,-0.50073000174992333)
 (-0.78949363879686385,0.39774288164275756)
 (-0.7968475374325299,-0.41597744262493541)
 (-1.2629723464665346,0.085300431337011887)
 (0.85048973385737681,0.068649145311013821)
 (0.92186778912831802,0.0022367823035129072)
 (-1.0213271237146746,-0.042825402232493169)
 (-1.0816715408360444,-0.17140697269840008)
 (-1.323242367527611,0.34052397515302307)
 (-0.8893035769475397,0.19067109672475668)
 (-1.1872037684519539,0.48873904314347139)
 (-1.2977431886639086,0.44951368967370892)
 (-0.79436103472026987,0.080887382701170366)
 (0.69796770405479203,-0.36093748285466309)
 (1.0429438252179191,0.39187610511495258)
 (-0.76118438915719,-0.11600626190087514)
 (0.67122679909795635,0.21228468830876029)
 (-1.4422996422334611,-0.63754509171454632)
 (-0.25676700575327405,-0.092167870971232635)
 (-0.72105708944273106,0.35591819222889298)
 (0.3945627791808286,0.14002937469480559)
 (1.0533720689864894,0.30908213145432056)
 (0.89123994046075139,-0.54525174579103741)
 (1.2849612298770294,-0.49785726050114193)
 (-1.0586091190727458,-0.53866415029628845)
 (0.61848757423847212,0.26095395191708287)
 (-1.2847573309519038,0.77699979767244765)
 (-0.47369789689650182,0.081709761717951288)
 (-0.63169836445890082,-0.21258294526669491)
 (0.41127379576394502,0.14489227272698574)
 (-1.2603152601647181,-0.094956329466756917)
 (0.56827132626325771,0.20043679007096235)
 (0.24188467274858128,-0.0089066747047497688)
 (0.74185854071446,0.014668703773618038)
 (1.3481259940727575,-0.016805656363991332)
 (0.91844870178978644,-0.089639807039062547)
 (0.65192504311126209,-0.020161299733304737)
 (-1.4647376464109989,0.25398201009563626)
 (0.57351060986436364,0.21671421085144288)
 (-1.1291435560473175,0.45400733300001617)
 (0.73010286814789493,0.047891841825961658)
 (0.089880944380915651,-0.10695172106561297)
 (-0.72852397729385454,-0.42181264852472583)
 (-0.8218560591515186,-0.1048266313642562)
 (-0.78688333447691838,-0.11872138587852349)
 (0.7264615065155271,0.19459347741591157)
 (-0.84803827196928516,0.6668826733101908)
 (0.98181109636283925,0.77674066546967757)
 (0.75690429216422694,0.51514902319123201)
 (1.219470770534886,-0.037260733493857272)
 (0.37433928083385781,0.59578544743929529)
 (0.81449898829473422,0.30236284952240805)
 (0.65740008877112377,-0.11620842929991966)
 (1.1941257078420675,0.50085239278038685)
 (0.52454218211207893,-0.17527829464846728)
 (1.4247435813354983,-0.33482262294544451)
 (-0.70404024445369195,-0.12183161001654116)
 (0.4385232086213931,0.053781413150074203)
 (-0.9797940459551604,-0.40847897845253939)
 (-1.5722438835766264,0.021211199133468049)
 (-1.0231329703683916,0.0028053260015593459)
 (-0.77176565433121125,-0.30915003483833403)
 (-0.51448545558932812,-0.094573386601247644)
 (-0.65695290086341473,0.15921354060259552)
 (-1.0752062598721173,-0.35102395124044083)
 (-0.84817666943761405,0.34797200036786846)
 (1.2065547556780096,-0.33165158504244102)
 (0.72206130129604107,0.55711227379850414)
 (-0.62332801296697216,-0.16507231855368426)
 (0.85737036153155122,-0.16243988522820693)
 (1.2906206438633938,-0.69725855414405868)
 (1.1977800871223985,0.17446728787427343)
 (-0.99362121955287719,0.21592784871773543)
 (-1.0238928398395704,-0.26432407990993961)
 (-0.13607880848329601,0.012004907085780539)
 (-1.4936552389612796,0.28941113354715103)
 (-1.1689431518916047,-0.013570592419048171)
 (-0.79175346699920257,-0.011050937100021963)
 (-1.0903132613337843,-0.53124423177905222)
 (0.61042440559659905,-0.21666638710313832)
 (0.39228051043646039,-0.57949147376611698)
 (0.97584474575703783,0.35210578868762887)
 (-0.79116723462951577,0.11002913084389356)
 (0.32755050433150901,0.64372938619829556)
 (-0.85822805755494846,-0.24711643183491749)
 (0.54524922066187753,0.18923745992018418)
 (0.96357670863860923,-0.29078349398609971)
 (-0.56473496013139146,0.76412721594752053)
 (1.0078628610331728,-0.27487297867073229)
 (0.80474056679519324,-0.1342695943325001)
 (0.67732970975245888,0.22946359528142407)
 (0.60506161594065799,0.43109298936295076)
 (0.75210969157772189,-0.12762060386235807)
 (1.3286099893116154,-0.64529055797220292)
 (-0.80094970294701207,0.63326441802119382)
 (-0.8171482567752002,0.23463827636944098)
 (0.51650561575835297,-0.0085528728831887127)
 (0.84421701307490549,0.17402779569041352)
 (0.84490777635192915,0.19280917351847957)
 (0.53547779930860162,-0.0028936660938703169)
 (-1.0033959673948916,-0.76543862002666585)
 (-0.76102577711369757,0.1378092371492847)
 (1.1890389701544517,-0.72997847315996744)
 (-0.82831040451848836,0.34010633281146324)
 (-1.1165142022144061,-0.058856252599893168)
 (0.74539930501153617,0.67293784762454945)
 (1.1882584795658506,0.093707917530749515)
 (-0.69545990985843142,-0.24819505395926975)
 (0.74224101484106941,0.15317779156500083)
 (0.79311973892897625,-0.44835154508939462)
 (0.86266391680695553,0.42928078126319646)
 (1.1618524938017796,-0.41013118404240695)
 (1.3833337169278432,0.39595325404520881)
 (-1.2340976789898495,-0.20616208445077211)
 (-0.59046295534731641,0.14091014666581134)
 (0.51781142280561698,0.81272314564297654)
 (0.85886599569921573,-0.055404189611613537)
 (1.4262820624202566,-0.11709288979936988)
 (0.1958299873975955,-0.045862979265300981)
 (-1.2066283829161757,-0.66426708102755083)
 (-0.90816648388447685,-0.77637267796642584)
 (-0.51660085645999976,0.51228026641343771)
 (1.0909171407888525,-0.41946592738795363)
 (-0.97961464888375593,0.18327601404611032)
 (-1.0716903891188805,-0.12243529717208779)
 (0.64269094168989249,0.50455478551373922)
 (0.59606594537933011,-0.33678148978433325)
 (0.85384222947473665,0.067120971838078414)
 (-0.55740594076338934,0.40318809020998636)
 (-0.89058568724960685,-0.47667800766069868)
 (-0.98382198367754892,-0.2859959791537573)
 (-0.48353070961088807,-0.024910447854739566)
 (0.53628832732751852,-0.5186165433018336)
 (-0.88710159394106713,-0.094988030656392886)
 (0.84281791313383858,-0.25605711565460226)
 (0.65908106953522461,-0.32361270421851374)
 (1.4442808173568844,-0.19497359185408433)
 (0.59310840050684865,0.1417271878545473)
 (0.72653221210303109,-0.24614517780021503)
 (-1.5964205786099286,0.14780206183712802)
 (0.66253958823802095,0.37267680027961297)
 (0.64434689849694737,0.16038467383031724)
 (1.0875444339950078,-0.15377157897333371)
 (-0.73897726809182784,-0.085499082351381275)
 (-1.5240395619015901,0.28873567302319436)
 (-0.95918193839389188,0.054398973509567267)
 (0.98722508685616073,-0.38091679129802414)
 (-0.6322653025450482,-0.34875152997159531)
 (0.45709282521227618,-0.43150704435893983)
 (-0.19150942170060792,-0.44643529540366272)
 (1.0425468328971776,-0.59110683262083763)
 (-0.99897392500262661,0.28896595789962276)
 (0.90912350170351419,-0.5403395088369749)
 (-0.68457948748322361,0.67956048493191346)
 (-0.85322175866532968,0.69560086063237636)
 (1.002967290694222,-0.32014303662521343)
 (-0.86523970899261815,0.10919498440516469)
 (0.79148565886146016,-0.17018565452510856)
 (1.0738979349856315,0.63079813466211632)
 (-1.3084919600808096,0.1868833164222497)
 (1.2385191314185959,-0.33265373734626102)
 (-0.65096870987039324,0.52902183227948507)
 (1.0526852121234349,0.25358154995630072)
 (-1.0809839028975228,-0.15538540448765498)
 (1.178219340214719,0.045773213787919986)
 (0.6139637151271311,0.39192141356040233)
 (1.1341882805941412,-0.10200672744525488)
