# Created by Octave 8.4.0, Thu Dec 11 09:47:20 2025 IST <gamana@Samsung>
# name: rician
# type: complex matrix
# rows: 2048
# columns: 1
 (-0.86770565045983195,0.26347337284872924)
 (1.0464917536498592,-0.42881784313877436)
 (0.73313647752892375,-0.2321465786274611)
 (-0.76319933941465379,0.11902513022686184)
 (1.4801754585172313,-0.027592874549475396)
 (-1.0395421851910505,-0.24149848621850201)
 (0.68785878867405392,0.08192206327847032)
 (1.0681929065578202,0.73614778773435385)
 (1.2852570179174947,0.10145259711209759)
 (-0.79744761649629115,-0.68161053192916954)
 (0.68180001482591479,-0.89304284270296685)
 (-0.98517423661666625,0.21473979706165675)
 (0.62185949328402268,0.22311331736666676)
 (-0.82377992618901463,0.44421532576483452)
 (-0.14171449224369048,0.28791930931529475)
 (0.59747731801907977,0.61863435001941269)
 (-0.80422196977130711,-0.070088483447211303)
 (1.158313960698333,-0.066887846110257027)
 (-0.75166879338979642,-0.70322901372311286)
 (0.80738739075469701,-0.28020944192162694)
 (-1.2537693980899691,1.105814129843784)
 (0.91747756213729859,-0.025778237389943635)
 (0.51745167129512559,0.44496123642152074)
 (-0.54314992354853331,0.25961929383963861)
 (-0.95769459354520581,0.054721032930483526)
 (-0.93345018793950008,-0.36344823633323065)
 (-1.2267365984003853,-0.24341758795908383)
 (0.76197235678074182,0.22390520668277963)
 (-0.65111620726564101,0.026690672209639818)
 (0.20268899504515814,0.2581655109695189)
 (-1.0391285238635193,-0.41223063146750927)
 (0.63478412140451312,-0.27113643929472947)
 (-0.98974571192544158,0.3260090155211896)
 (-0.97791018479569636,-0.047625226275331722)
 (-0.8080401706592667,0.1382439056349169)
 (1.0722936619514718,0.37952532883575973)
 (-1.1233254603459382,-0.81099517279463795)
 (-0.69691461024090606,-0.16764143542223875)
 (0.92586686727663126,0.36917558414872687)
 (0.83626515292873926,-0.086788488630751448)
 (0.79185928326048349,-0.61078630367610198)
 (0.23951957067502827,-0.036301239048857882)
 (0.26158628074260049,0.14544719637648867)
 (-0.99748553594655265,-0.047736574425425879)
 (-1.0038672431338307,0.62191618024430095)
 (0.79377407960032276,0.3237498686405621)
 (-0.29210498949609431,0.080316580497669557)
 (-0.56776725590676858,-0.22694238850848011)
 (-1.2304447767908619,0.30237414599674611)
 (0.88218380335791335,0.20616463404124283)
 (0.72332929404146806,0.049498081883201574)
 (-1.1924138992713056,0.29862382667855519)
 (-0.87541100478480871,-0.39566796335977261)
 (0.6434569838826294,0.034063506130071877)
 (0.93984089937473714,0.28268664482246453)
 (1.0040878343111044,-0.15955180041989284)
 (0.54936959240103289,0.089738422167885828)
 (-0.69478367104925509,0.17567900226510522)
 (1.4226302602229897,-0.31071806529532453)
 (-0.68133253484095402,-0.24106041746787879)
 (-0.93940842496587074,-0.69390448125720061)
 (1.0205913314558186,0.28307966593131595)
 (-0.94630574885207253,-0.075734062867733917)
 (1.4649362888629593,-0.26284738021591625)
 (-0.7474451371554468,0.077741579300193583)
 (-0.76727625883931605,0.20390504002647267)
 (-0.8162216584266675,-0.24611111045781092)
 (-0.93303618588971071,-0.34143624660787264)
 (-0.65276918844327891,0.044260772486041877)
 (0.52164980742632405,-0.54336308023313462)
 (0.8252212162415723,0.39567921107513487)
 (1.317004364225336,0.33961760058200802)
 (0.94001097102750042,-0.032554064555986445)
 (0.94958235569425919,0.099426639253962321)
 (-1.2629059813862522,-0.5638092360693765)
 (-0.93402737792101898,-0.21524291774117535)
 (-0.63521128216393141,-0.37321964410849046)
 (-1.1572827241021661,0.090654519713656137)
 (0.93255461268732898,-0.34936833121142402)
 (-0.54460896083603172,0.53907576710168614)
 (-1.1429893506144932,0.26077885812161306)
 (0.41902731967004064,0.30273060589682593)
 (1.4138895014344002,-0.1540106777589057)
 (-0.89653895401757056,-0.1373645327506943)
 (-0.30134547914842846,-0.23202174386518118)
 (0.26201833685674258,-0.50772719200612726)
 (1.1071068084165629,-0.11777014714331815)
 (0.67584710624207445,-0.3201674680971362)
 (0.83123065430282317,0.3906540772899445)
 (-1.4272724567405235,-0.48893767474650418)
 (-0.54120658799915455,-0.30261483249202503)
 (0.90497929274182853,0.099540198916678951)
 (1.2814653139173979,-0.4242693230147786)
 (0.38742302619131247,0.64179794640807897)
 (-0.80849593371867423,0.32233966770111916)
 (-0.59629647234072758,0.26871704999016771)
 (0.58808403709273738,0.095505432662106052)
 (-0.91194993335040875,0.13587626769985317)
 (1.8625155809072211,-0.1096733907857467)
 (0.73214562762460222,0.14742044525942849)
 (-1.4691064422230808,-0.11518100432036704)
 (-0.15735192964661981,0.68093186001555484)
 (1.1086917062938226,0.51861646356261004)
 (-0.15127810529093055,-0.65870969753094566)
 (0.95109862106540888,0.2119288299076264)
 (0.57940095569507821,-0.17886805874613043)
 (-1.0062051759923007,0.21287359262067956)
 (-0.52333374765475305,0.15424571498340536)
 (-0.46809009824945313,0.38155527578562015)
 (0.80622444719700315,-0.082548259547336314)
 (-0.68447494285787314,-0.76962684675475468)
 (-1.1606993328285569,-0.48630831266722252)
 (1.1415129995175246,0.060301295207446648)
 (-0.64629589340109461,0.23462907094790711)
 (0.95491967159027802,-0.13560538091359955)
 (-0.93286399297462907,-0.64878937258681013)
 (-0.7815080898309883,-0.11705787465555303)
 (0.95423469584608278,0.057677421985313927)
 (0.57491698975482675,-0.15383077548951904)
 (-0.94846811472810832,-0.036639516323220975)
 (-1.1000192737895982,0.2285500101108511)
 (-1.0261180051944654,0.5165915225462423)
 (-0.60507589862548106,-0.43774001926461459)
 (0.91833894851773601,0.46280239066093865)
 (-0.3290456146326729,0.22566158953603246)
 (-0.85460621295945194,0.14833261884289733)
 (-0.60472568247592906,-0.1014241184972965)
 (-1.0965142572527631,0.020054968469364359)
 (0.87015650008346002,-0.33144512487201205)
 (0.6554209905472258,-0.11478427683786729)
 (1.2078856010303423,0.075299376100191578)
 (0.5517328185372492,-0.0069158173556366637)
 (0.70567005427227758,0.07809526668855854)
 (-0.12547277025907211,-0.27366388202254704)
 (-0.57988505325609652,0.21702624130465961)
 (-0.47816545194658472,0.28111872085718781)
 (-0.65162991142267335,0.26171395784078683)
 (-0.82914720312030232,-0.052808817756334434)
 (-0.97876644363387055,0.0083627295182580798)
 (-0.62840767133269282,-0.50637060617669905)
 (1.1758229424245721,-0.14657256450085454)
 (0.83003374438636668,0.3351059711330393)
 (0.4143281957326676,0.12370011416533411)
 (0.36015971195767149,-0.0098369838453419185)
 (-0.58286013695293315,0.45966295693077258)
 (0.98178993736857278,-0.044928576801815223)
 (-0.94568264948711378,-0.64876901588347469)
 (-0.62953101782302101,0.060439535094815547)
 (0.80810979176561015,0.045699468672835149)
 (-0.99152136455167006,-0.1992170463531531)
 (0.4531125038719081,0.069841876473311817)
 (-0.96855664019671028,0.071562478516213751)
 (1.2561205768610266,-0.49287418840019831)
 (-0.37679270167555473,-0.42760613423110616)
 (-0.59686900909272489,-0.094035171448808505)
 (1.0617744889354819,-0.20003863985439843)
 (-0.70214832249078896,-0.066123603052741231)
 (1.499381950162237,0.18990426430358198)
 (0.4627608500982382,-0.30857033394832684)
 (-0.73820623179353451,1.1748941196286067)
 (-0.61989366421757719,0.44700021316106936)
 (0.90429998685929758,0.21158220515731935)
 (0.55929503200436426,0.17462485532024202)
 (-0.61612275278857354,0.1439593306157391)
 (0.6020402945753367,0.12878276065916544)
 (0.23007883985569266,-0.24145825663349485)
 (0.66295213337069447,-0.44108420921720176)
 (-0.74566798516781874,0.56049594771039135)
 (1.2182175683806999,-0.15862548923984537)
 (-0.73576784486122582,-0.23094017909886688)
 (0.97726238646974695,0.40388096555615011)
 (-1.5316763895418046,-0.62819680626481733)
 (0.78536454737689865,-0.55673792038157865)
 (-1.2167752157538665,-0.1814200687785272)
 (0.94188230845245824,-0.0021239291249847379)
 (0.67677321805773671,0.14875312030718046)
 (-0.74944541032092804,0.1034600088018043)
 (-1.005490040994959,-0.38729822204245967)
 (-1.4978449309808815,0.07889633610060641)
