# Created by Octave 8.4.0, Thu Dec 11 09:47:21 2025 IST <gamana@Samsung>
# name: rayl
# type: complex matrix
# rows: 2048
# columns: 1
 (0.45467710395042688,0.11675792740223766)
 (-0.27053841978371479,1.1758834747860842)
 (-0.82309157446351355,-0.83847074463061533)
 (0.62627237195235963,-0.43976428238042231)
 (0.2325867017973498,0.99078404553761301)
 (0.61582257519650052,0.5295095592332727)
 (0.33604281315897466,1.0910480911035771)
 (-0.27556122564120283,-0.23572311435080781)
 (-0.37494217024225501,0.31715075206066373)
 (-0.6356751611974979,0.82163988783718711)
 (0.47154118750996671,0.19964099198935564)
 (-0.80442900887975521,1.1493365769202564)
 (0.63271575490554233,-0.39476246772847173)
 (0.8246489811089226,0.10433804608231623)
 (0.48942213945742541,0.76378439714177593)
 (0.8103106824669617,0.4578693073639209)
 (-0.078372898438665142,0.17623622840307018)
 (1.050393804038215,-0.21836152231704592)
 (-1.0268794832884938,0.24966302328727075)
 (0.76153517419720462,0.12886693995419657)
 (-0.39027805246877967,-0.14133257207241914)
 (1.0332961603047952,1.0550119881595195)
 (0.36379584275034677,0.88936931937139463)
 (0.67573727578603893,-0.21201749657455607)
 (0.55286057266894106,-0.92083807103309601)
 (0.48313111578243995,-0.76995138659705431)
 (-0.16483093742342611,0.65657612685517652)
 (0.10536396191762375,-0.5932541734104021)
 (-0.90727861382582276,1.0390194012441005)
 (-1.1811152464116366,1.2875121101598488)
 (-0.17717249944552113,-0.90124687766405565)
 (-0.47356338540350962,0.37095446947213534)
 (-0.3558905287209353,-0.30853158388272656)
 (-0.090643881278252195,1.0521992063753653)
 (1.3388486239069952,-1.4540837288616508)
 (-0.20577135754912987,0.82851031943703934)
 (0.15220787831844629,-0.51389599950148612)
 (1.6970604223337056,-0.19113611295585722)
 (0.15501793717116039,-1.1061120952658998)
 (-0.28759736219423498,0.82364577468044398)
 (0.10912077899887776,-0.9968869673900973)
 (-0.063026167530258539,-0.8165522999893513)
 (0.63859358341253081,0.33260063400293727)
 (0.38602287094049509,0.14793001329250416)
 (-0.026348339397844218,-1.4370980517436318)
 (-1.2652358101122994,-0.29371742502154152)
 (-0.16910305594338068,-0.6173027162544843)
 (0.16461405643103277,0.023528628859421974)
 (0.42184781709412073,1.8263154425614436)
 (-0.33683107464505635,0.56864406436493864)
 (-0.88837925507010362,-0.33954465101893178)
 (-0.41440405409693915,0.44776796662480062)
 (-0.26870768545912677,0.33814525322466354)
 (-0.15396448763823606,0.64649663284687231)
 (0.83761036986231863,0.5560509281605055)
 (0.56059494391216713,-0.28670128549753426)
 (-0.35519751085928553,2.0535960282536907)
 (-0.30278706844377218,0.017882421608501009)
 (0.36780978483674259,-0.96180921708210232)
 (0.079328942344873227,-0.49289559450914472)
 (1.290584083657955,0.48896600894183329)
 (0.62738036301454103,-0.72971692271726374)
 (0.53526958659156276,-0.76738437566779361)
 (-0.90893076590397426,-0.8383212973501788)
 (0.2020022883724287,0.27082738875783402)
 (0.1833556643590952,0.46919799524913086)
 (-1.1587263503679903,-0.16533653094411882)
 (-0.37560392794670361,0.2455939185917492)
 (0.34700760673861258,0.074948308419716558)
 (-0.98852972498906611,-0.19419009287493086)
 (0.26866815861631016,0.35962880452504781)
 (-1.0369324649441898,0.67019014101652086)
 (-1.4573812670065167,-0.16019186743295763)
 (0.09079928349265233,-1.7094300307423673)
 (-1.6890299727978633,-0.43877924071752605)
 (-1.3010241131327631,0.69314225001177532)
 (0.58016019338270441,-0.35368779092124258)
 (-1.0542633493000513,-0.56094015783138762)
 (-0.31871246320974533,-0.68301110475666094)
 (0.52203925864656031,-0.83097837372568983)
 (-0.71719200658988336,0.063106238079472785)
 (-0.58551954462619216,-0.36081647444484477)
 (-0.018818867168657792,0.20938498171793946)
 (0.62327054536116822,1.7945318084751964)
 (-0.12736269617387697,0.63457623694332199)
 (0.51663159650946255,-0.034768610466219679)
 (0.43364346118906105,0.42407141893477746)
 (0.20267326570971961,-0.10498325977564019)
 (0.88339774165319573,-0.88029323387264058)
 (0.15496494897543886,-0.32893752126488274)
 (0.84272095587097451,0.61542634161527887)
 (-0.34168179873718835,0.17562419942940483)
 (-0.28735035814969273,1.2383011729111797)
 (0.46133658184624232,-0.57986552259586432)
 (-0.3930069037459023,-0.33216709255864291)
 (0.048377517139510259,1.1696629391130791)
 (0.51486981657095443,-0.35939085078055433)
 (0.20908004109864076,1.3514324195175369)
 (-0.57871305621481051,-0.59379757552781454)
 (0.90281030443538401,-0.35839554807496971)
 (0.21418344722683916,1.4070911093522684)
 (0.45786146401469474,-0.17539823401248819)
 (0.91138998676579519,-0.38637658097555111)
 (-1.1080124828446838,1.0213699263908345)
 (-0.91688025021914976,-0.47367449141454832)
 (0.17114432581272337,-0.41675639609181858)
 (0.82551213174528693,-0.94502161281022568)
 (-0.48294604030925831,0.28691309919820768)
 (-0.15040049383327414,-0.82528741663716698)
 (0.12623155936903602,-0.67529070339567343)
 (0.66403745413849558,0.1062919711947789)
 (-0.52045424389716555,-0.25277952168021683)
 (1.1602320000487729,1.4707010181846365)
 (-0.17741041038523575,0.28758971536823907)
 (1.5719618866471776,-1.0661304903270397)
 (-0.22887876789932129,-0.1541424915147957)
 (0.40547538607009287,-0.54372993118770641)
 (0.23229560018810455,1.1969954679671269)
 (0.30972037009214887,-1.2006497349381409)
 (-1.1535766854726408,0.19159614695260049)
 (1.437976563542243,-0.15152638586852474)
 (0.56181091063169653,0.20882357074884567)
 (-0.3616150209479343,1.0205558803194938)
 (0.42163171373320868,-0.5821721102876658)
 (-0.69578382381980308,-0.73434265105613594)
 (0.070934215461039257,0.52720260742114755)
 (0.78150730963057613,-0.055008472306222446)
 (-0.60933978280835466,0.1449267918586826)
 (-0.51243055911969393,-0.58037336437355114)
 (0.12361818464209937,0.31477374389564095)
 (1.264106561317182,0.65788979099416034)
 (-0.2258236022397728,0.25207956005994531)
 (1.2133525060886912,2.0091298554234394)
 (-0.7434486566972156,0.49778524151617198)
 (0.75264340238065608,-0.30287034790206452)
 (-0.06784237764864913,0.15714788879780062)
 (0.65862484286791534,0.86936238478587757)
 (-0.47565299743739692,0.78757495757452822)
 (0.59157895694714291,0.083143187423605561)
 (-1.3777788281647942,-0.68197913975045299)
 (-0.28683617455720151,-0.58692970252985188)
 (0.78346386095182508,-1.1294064706759255)
 (0.19293753551353174,0.24219664465751076)
 (0.63505803823005047,0.072014454047466883)
 (-2.1143877892706304,-0.1642773829820518)
 (0.22678801432437726,0.56164680433739067)
 (-0.65042241557876612,-0.11947729241403363)
 (-0.48075811247227895,-0.54098853771758038)
 (0.77293529308838871,-0.99763922177458952)
 (0.91039976575678239,-0.7788252111444337)
 (0.57861945091372924,0.58229074696220662)
 (-0.78588669265123634,-0.37749451577202897)
 (0.23781406473351732,-1.7995201358204336)
 (0.40888953604711947,0.82406059409669319)
 (-0.597159056563909,0.60231506182836503)
 (0.48233001919522134,0.6458561257220321)
 (0.46681703275929837,-0.38918012124090967)
 (0.078206803414386392,0.4136625484725085)
 (-0.18898187527261853,-0.37471910797085761)
 (0.22935002632896484,-2.0506604116720362)
 (-1.7759758565347123,0.012805216739779071)
 (0.29510352327155737,0.39482397975031686)
 (0.35697286372483789,-0.49280060517254398)
 (0.65739461509474106,1.2916175046957954)
 (0.76654256110812313,-1.1387631623657861)
 (0.19890502212447014,-1.0152949167973715)
 (0.62877803288466816,-0.41592927274370983)
 (0.8535304136616706,0.2529032051820107)
 (-1.0168751039542296,-0.16197476966584101)
 (-0.34168044248233864,-0.49777165973679327)
 (0.54072047593867889,-0.08966876642894403)
 (-0.2516402914751929,-0.55960734110588406)
 (0.1802516286901017,0.14623762575239874)
 (0.019035128811676905,1.0705868928630347)
 (-0.6425472074464752,-0.16230812570004344)
 (0.3388405558390023,-0.13291177414259392)
 (-0.19987307585824157,0.27110806962089595)
 (-0.17544373890284864,-0.38228332694519412)
 (0.59007439622251467,1.1122295789979786)
 (-1.2115678733717676,-0.44143629649500404)
