# Created by Octave 8.4.0, Thu Dec 11 09:47:21 2025 IST <gamana@Samsung>
# name: rayl
# type: complex matrix
# rows: 2048
# columns: 1
 (0.48217777863090605,-0.14535632061234335)
 (-1.589342546727925,-0.18818779824836004)
 (-0.54260457351888436,0.13568947486088109)
 (-1.3718839562970027,0.2849923018019056)
 (0.38707131754593865,0.25360808616567954)
 (-0.30205230598800109,-0.99404860918545457)
 (0.76297881065403095,0.8519799777546887)
 (0.99466873706149139,0.49595066088571665)
 (-0.62037331167963394,0.016668490422140202)
 (0.56294681811679514,0.14703023630067305)
 (-1.5828607210223888,-0.45741786280199431)
 (0.036248201467235758,-0.5901758587139494)
 (-0.024935270544786465,0.16460054489926401)
 (-1.3985800312817362,-0.69381248547378993)
 (0.10971466111909579,-0.17364043339928181)
 (1.1068529219018859,-0.67026417712635122)
 (0.2551269927401284,0.13177905877644372)
 (-0.41838801837020506,-0.3142979558220077)
 (0.071559189282290589,0.93676387578337927)
 (0.61229329545830491,0.24704812913409835)
 (-0.32142059882260943,0.41139675814879206)
 (0.48596458927971292,0.26683214803648048)
 (0.32615813945483008,0.86250810264834821)
 (-0.33498856815144945,0.56500441353479436)
 (0.29264853337184948,-0.68313235797755767)
 (0.20494025442433728,-0.12253110560307004)
 (0.44481418829284963,0.083275467423436278)
 (0.38337532009379177,0.03774184562110508)
 (0.099007004478483276,1.0742487714057682)
 (0.33889405545884865,0.49653673767239936)
 (0.49325192449148952,-0.34902835610697286)
 (-1.3786475803487386,0.14110863105855637)
 (1.1006432966830386,0.048024107938406141)
 (0.013673975810211129,-0.23204109581348828)
 (0.62282743682119923,0.76079526804393283)
 (-0.033049310052838114,1.2690651872368797)
 (0.59277341714163856,0.11829704304601102)
 (-0.15777824372308577,-0.880496172694892)
 (0.5747557401302239,-0.25480254725437779)
 (-0.73380276453448534,-0.9996645813024907)
 (0.29390196366437038,-0.63025543030707043)
 (0.79009117267014717,-0.43998019797975124)
 (0.57199406919076246,-0.37089140199521797)
 (0.1522858701609805,-0.17413768522923406)
 (0.97868724876177082,1.1473989479601392)
 (-0.4020625547750532,0.81360119417048771)
 (-0.0049586084773586732,0.17655377221114008)
 (-0.067249414252183434,-1.0240170089937817)
 (-0.039166660184500081,-0.93383337125547738)
 (-0.58298306910400155,0.27803192387080505)
 (-0.35992719722998012,0.63537130448936174)
 (0.16462599707367254,0.050007914526937029)
 (0.037545985320901358,0.040661903871517614)
 (-0.97981991462150619,0.78703363790479131)
 (0.98077137677182202,0.96563026793233864)
 (0.52583663030428585,0.04838674329973118)
 (-0.75699218759009901,0.58761061835499262)
 (-0.57258864053069158,0.50604378106186554)
 (0.13464893379711593,-0.10000734359290368)
 (-0.28659209255159424,-1.0843700539275567)
 (0.3057530714274771,-0.37046388100619121)
 (0.096142350421600103,0.17658626119854492)
 (-0.066264272685725129,-0.65832962301550535)
 (0.88955659138288223,-1.0664802858662465)
 (-0.75820812269907745,1.4450427252779443)
 (-0.066367414937374539,-0.40014516696854546)
 (0.53032388168799782,1.0824099187552731)
 (-0.54867160298699635,-0.37145382446401137)
 (0.48303790512335354,0.6567675126916781)
 (0.050401479062218299,0.19753216633311552)
 (1.2278628042464756,0.74267712715505407)
 (-0.47227806092136126,0.15395476668535171)
 (0.84630201622502321,0.092462992205578423)
 (-0.037274298085231153,0.47279615665202662)
 (-1.3861871162517168,0.24364303030203407)
 (-0.22277766815440467,-0.68221768882772627)
 (-0.24679171298897465,-0.36757144939774739)
 (1.1361772470515423,-0.41654362056838412)
 (0.87072354858300138,0.82976307748732492)
 (-0.62305103410502227,-0.2310794187755735)
 (0.038804557451919026,1.2560818729895551)
 (-0.40697143889433568,0.13924881390640692)
 (0.47582611140768194,0.54033594969387011)
 (0.73933708157754174,-0.17900035676219267)
 (-0.37325657126861023,0.82970834967474161)
 (0.49278699232517387,0.35768091663132262)
 (-0.7602715125071835,-1.7508837764484413)
 (0.50299393752055777,-0.023928640699927433)
 (-1.1525574234243749,0.019104707101204443)
 (-0.072542105912934515,-0.96659802702887188)
 (-0.50079414434720115,0.37389564869043612)
 (0.48607819213505177,-1.000816648518527)
 (-0.52187065376915265,-0.0045056164268813944)
 (1.1319714116410933,0.99757644559388825)
 (-0.82383240923854328,-0.75196375440710617)
 (0.15013976793237713,0.67953527569805627)
 (0.12089829511005566,-0.68318955261717063)
 (-0.30261718540756977,-0.64165230888126312)
 (-0.44533711914049756,-0.14774885205594601)
 (0.92508928483080721,0.063034353897890097)
 (-0.78636714519654138,-0.055191483912658747)
 (-0.11280125178747194,-0.66972719884477516)
 (-0.10980866286742189,-0.44714573535579505)
 (0.1170574678934355,0.016691261864289205)
 (-0.54857866949725953,0.34116496349203529)
 (-0.48127707211124815,-0.1579333352192199)
 (0.6217339410328665,-0.50164475252632479)
 (-0.15825415854410854,-0.41393730883536384)
 (-0.1053454832343548,-0.66999931063590801)
 (0.2503823034973448,-0.66997515467229951)
 (-0.76869779734160781,0.60418824106771252)
 (0.50827918209049061,-1.1030976867101459)
 (0.94673071355126781,0.60074700690910043)
 (-0.89346006299932035,0.13825975594661313)
 (1.2715011428099519,1.0540097691026626)
 (-1.3451945803270546,-1.2444397520166297)
 (-0.18294097762974615,-0.19134406388815242)
 (0.006602500609717326,-0.005056942338253192)
 (0.19313728157583424,-0.37623792136913703)
 (-1.5658692883330116,0.33809272143329855)
 (-0.99966150514120233,0.20085202161366625)
 (0.36080875771108895,0.015126113630227972)
 (-0.15291323552072819,0.96515509991073367)
 (-0.43499842650357651,-0.29729966443992301)
 (0.32685790375782814,-0.57088535039574084)
 (0.52434515052383912,-0.68704337725040288)
 (-1.1657023958430273,0.23954098773473911)
 (0.43047939830994986,0.0089220172274671813)
 (-0.10911009637007556,0.49881765879705758)
 (0.09174154477450136,-0.039582823319675733)
 (-0.75702819042760705,-0.56721215715585183)
 (-0.39862830599312915,-0.62542802217127258)
 (0.45436264613125382,0.6492552713042441)
 (-0.18403537327431066,1.4308948945740505)
 (0.33978822865962627,-0.91145534762289149)
 (0.72502488070863425,-0.75128710253087216)
 (-0.22964699872607625,0.24185017082034466)
 (0.32114903896906327,0.91579726412906826)
 (-1.0945437729963008,0.98705126064821702)
 (0.38180509849045868,1.3674997698765494)
 (0.78800712460097078,-0.78166174292196888)
 (0.23547573785280049,-0.66771161399176282)
 (0.94784592309109883,0.55076857205837915)
 (-1.1151017186698362,0.92374468491802098)
 (0.22923812627863016,-0.46623010381636909)
 (0.073655074677078214,-0.29849990068665494)
 (-0.0022458464868375548,0.18943655822683053)
 (-0.52522154807851829,-1.2026646280764279)
 (-0.23586184063158375,0.62487674968344442)
 (-0.086122380518899463,0.1555577124668438)
 (-0.5214763156268023,0.97903176707280171)
 (-0.11909843061349044,-0.65043375653974045)
 (0.6282241751986285,-0.14003202517260463)
 (0.00467905259238001,-1.0250575772637585)
 (0.8186278146122159,0.70995131309895798)
 (0.41498840408314264,-1.1328086822154861)
 (0.2866076245108764,0.18133235367462705)
 (0.15709857177009265,0.11943830233674159)
 (-1.1380197493100752,-0.71619186721033135)
 (1.2332325706892722,0.08952594240078178)
 (0.30556058805032527,0.99073763583279084)
 (-2.1682687606937106,-1.0361082820679917)
 (0.41705393121120932,0.91487359913547917)
 (-0.86979087634975616,0.76565472098278364)
 (0.14499075338754278,-0.37990948514085132)
 (0.059843417146809345,-0.50477896970790304)
 (1.5008496706189158,-0.6142136872745273)
 (-0.013077615125094238,-1.0225273122270586)
 (1.1660113850503095,0.48769401506664783)
 (0.85094713962334723,0.17818203007074324)
 (1.2583660911829337,0.2631028136745176)
 (-0.40894509708854382,-0.22261303074164893)
 (0.75884792941302281,-0.43434530587458364)
 (-0.18792862645310587,-0.32054933389026741)
 (-0.53826163806877581,0.18593261820341198)
 (0.68952637583148235,0.66010466662686662)
 (-0.10412709196118262,-0.84911070287706747)
 (-0.15781961530302921,0.28671245705860482)
 (-0.62307787005043036,0.13320533058289355)
