# Created by Octave 8.4.0, Thu Dec 11 09:47:21 2025 IST <gamana@Samsung>
# name: rayl
# type: complex matrix
# rows: 2048
# columns: 1
 (0.64038933030625189,-0.45952867688703514)
 (-1.4191296051453268,-0.59843357923525164)
 (0.59394827398976513,-0.28948042843841032)
 (0.96639961134927377,0.49504281671138023)
 (0.32062698683871255,-0.5531162084883996)
 (-0.14910820225011298,1.015461955693757)
 (-0.15050970019138932,-1.073699366638758)
 (0.54053725072750247,-0.20752060810790526)
 (-0.8102927992525838,-0.66871448688864432)
 (-0.31940571859710265,1.0122648839083295)
 (-0.036763441604882895,0.57174311163324476)
 (-0.070205049817691739,-0.32155448198090658)
 (-0.049327058626248567,-0.16554775134217239)
 (-0.1212809646612114,-0.60391778606787583)
 (-0.30794537955912227,0.17827782134729553)
 (0.012259440858446017,1.1611719677755052)
 (-1.0465980762666429,-0.11946845991180023)
 (1.5770346468752641,-0.45309853368779568)
 (0.3093901577418931,0.26972839815861027)
 (-1.33527498574548,-0.80988451951590579)
 (-0.24493850229243194,0.013099656276728039)
 (0.061265169720497899,-0.47019433130257127)
 (-0.5723909740831763,-0.090296370772640314)
 (-1.0093289061900956,-0.85454753058609323)
 (-0.16427264846855977,-0.34054821273528296)
 (-0.87714223292680316,0.22665613799287149)
 (0.090421321548863065,1.7092185706095058)
 (-0.58498988875390689,0.70049040862189749)
 (-0.18753421288516281,0.092297218708617679)
 (-1.0277638668591118,-0.46467821005528093)
 (-0.11902854663847751,-0.70582900146381633)
 (-0.78363414489620353,0.0574077669358765)
 (0.049363509764085003,0.051708950936607635)
 (0.3445707462497169,0.042230799915432174)
 (-0.30252227800215642,-0.46002304848542974)
 (-0.6146819201923025,-0.29533574834561216)
 (-1.1418066433009797,0.23958148583391195)
 (0.71098784631311163,0.71511152213857432)
 (0.090310639397023676,-0.95349208352732573)
 (-0.28363969305583714,-0.56589452033626408)
 (0.94405891227955252,0.60052099114929547)
 (-1.3875573342851117,0.18526135893392684)
 (0.17604170249644888,-0.054622070802116639)
 (-1.2102215484112151,0.24318190073097648)
 (0.3054810596590356,-0.087271889524157042)
 (2.0146887240382525,-0.75554000224819395)
 (-0.38764828860809875,1.4681261074179868)
 (-0.51837964191651797,0.15979440927766228)
 (-0.49551902663623876,0.23985960832816761)
 (-1.2017559005891987,-1.0086302206735267)
 (0.94932128921084458,1.2662175385461401)
 (0.85889953123416873,1.5291971467730965)
 (0.19548673409248746,-0.35551079885958059)
 (-0.30990898024884628,0.024825568585716339)
 (0.92546910902257307,0.70292219363973174)
 (0.70160242488654434,-1.0142177045585719)
 (-1.1780430705593881,0.46308409950181378)
 (-1.672757162880864,-0.22503741458164891)
 (-0.49726606221847108,0.26418644785361678)
 (0.12572367813828478,-1.0101541706010557)
 (1.1364472241161174,0.46842286114460369)
 (1.403413187585359,0.074380354843732566)
 (-0.87089663407227469,0.26355918652259258)
 (0.24668414104873307,-0.64025137406501353)
 (-0.21307664838096324,-0.28631917564582765)
 (-0.070590294775430287,-0.85406456048514623)
 (-0.51855443622724406,-0.36951455122172899)
 (-0.66997240215793463,-0.311602805452105)
 (0.051674518121339871,1.8471873179084302)
 (-0.40306492508158093,0.43095473035111675)
 (0.20679380290732921,-0.59469363448623302)
 (0.50577829256681406,0.13274480554418075)
 (0.29437569022620552,-0.2337481807922128)
 (-0.19968299617432117,-0.74385434452753474)
 (0.14624418262545422,-0.25017823240458037)
 (-0.57566415952805527,-0.1324635627595977)
 (-1.0880162714946067,-0.56145117861318983)
 (0.85569522356557981,-0.6527026843250251)
 (0.082456405607404637,0.73391779985004646)
 (-0.40862523556092045,1.5660154266430941)
 (-0.03621408663989252,-0.3178951251921085)
 (0.9904242598373415,-1.4594747861265351)
 (1.0353627119250806,-0.10139433958290915)
 (-1.0256250067545944,-0.35153092876525499)
 (0.28718218307574778,0.2385000168602748)
 (0.40172065741277302,0.7037847865871123)
 (0.71181979555275454,-0.48092892694104289)
 (-0.38593638994734292,0.11925129091221255)
 (0.32882350192532772,-0.39769171116964813)
 (0.74961687009264,0.65691707883839079)
 (-0.41715375179052344,0.1751986419134017)
 (0.96891653779049958,0.95964978824912794)
 (0.52002722715802485,-0.45384856121363826)
 (0.93457205834274781,0.55212928104632431)
 (1.523992131152903,0.25025967643956876)
 (0.21620529035600375,-0.83784418768594993)
 (0.52083574085104978,0.035486365190409881)
 (0.26498300391090907,0.35433123843543968)
 (-0.27482027578564311,0.10837245078521797)
 (-0.14900623776496358,-0.62755677314156633)
 (-0.14069674995548939,-0.64931400593770361)
 (0.736142171166557,-0.031054849286186043)
 (-0.22923531520801316,-1.3101742113284804)
 (1.0587700928026618,-0.14972312272950455)
 (0.19530945791349671,0.088240232040982872)
 (-0.57473148933746177,0.44339235394931592)
 (1.1900511395133102,1.5766537930272986)
 (0.63049889839117723,-0.81798657051211454)
 (0.11689196947216095,-0.9635372243168171)
 (0.17639728905611871,-0.31867297399100536)
 (-0.16482174653951245,0.14375133720398472)
 (0.46487514773341082,0.73652844003960249)
 (-0.86301399151073277,-0.52219816140964148)
 (0.6142242466286234,-1.154329033511289)
 (-0.29365730450254579,0.44334107824946695)
 (-0.56667773942954447,-0.74510704986921827)
 (-0.062128511331139426,-0.35562757016083746)
 (0.31160187967062186,-0.80275755963671791)
 (0.29352918454185628,0.61383588760973873)
 (1.8782722901851987,-0.11685823157044718)
 (-0.53473755733809025,-0.15573512680501261)
 (-0.45266566251507234,0.35884852148766933)
 (0.33841726952003071,-0.083592288367777767)
 (0.29485449391609525,0.55982710425657956)
 (0.29994000888531103,-0.438243981559789)
 (0.51535921055565559,-0.46817878071152547)
 (-1.3943054111810005,0.11211950997723567)
 (-0.72272243328431718,0.45867038304980939)
 (0.74064601741896374,0.065421609355743052)
 (1.4450514995629511,0.79949481107644449)
 (-0.018084987806137265,1.7918542697544937)
 (-0.082862805676757245,1.3730555948803493)
 (0.79643908394221385,-1.2129991843895536)
 (-0.88320416286626746,-1.5643019391316975)
 (-1.1172793126308318,-0.58696412617385874)
 (-0.98963188229291243,1.3022140019137205)
 (1.69928118733716,0.53390357840537239)
 (0.2826435880997355,-0.31270362224587522)
 (-1.5205030898286116,-1.9293571088911792)
 (-0.40084671499455987,-0.97273258202490553)
 (1.7561405697589911,-0.13190539473142157)
 (-0.42851079845649637,0.53380835286135553)
 (0.60224110275651688,0.32398517728967918)
 (-0.27163160370849282,0.32598932283089377)
 (0.81181494730184156,-0.25550374870894088)
 (0.14855283079681283,-0.15018393826137177)
 (0.27515533077865068,-0.67114988593926339)
 (1.1255676378877499,0.27773523685128926)
 (-1.1216199337404797,0.20329854801977906)
 (-0.22455773039958504,-0.27809516683972507)
 (0.30148048828209389,0.17128538974756272)
 (0.1380191283751033,-0.95992061907240678)
 (0.096582562127239105,0.58058056571461614)
 (0.86532069484701646,0.57904923693717902)
 (-0.11561240511170047,0.56527549908592012)
 (-0.35709402601520895,-1.3477820503986877)
 (-1.2880891897735585,-1.0232971520866878)
 (-1.3488451200987084,0.84648329095787955)
 (-0.36061055050436247,-0.14043398050137595)
 (-0.92949813163369432,-0.93677091535531998)
 (-1.0270281256566527,0.25355686885243583)
 (0.28089907863520391,-0.96607832251411685)
 (0.51640307073530145,0.0059522779148954231)
 (0.3542217063091489,-0.3022817100648067)
 (0.7559871657426358,-0.79668097876985267)
 (-0.13246087542876517,0.30623446648419883)
 (0.015465103509815203,-1.8386392425525648)
 (-0.18609797971522385,0.09819211985395751)
 (-0.038007575601507651,-0.46064843027402413)
 (-0.57819204724487472,-0.17571118790352364)
 (0.64121290565318134,-0.2042481242886337)
 (0.43655922968330568,1.1119847482260095)
 (-0.20983853532061553,0.80186650989727504)
 (0.52662806226743331,0.13968795980325474)
 (-1.1290655430857928,0.53814313702873884)
 (0.046612485602099948,-0.69033395146631615)
 (0.31661036088800665,0.010797102673975429)
 (0.10251293450961159,-0.21068264189045041)
 (-1.0599637515617462,-0.097892900077363482)
 (-0.48390536604819639,0.31430396060014071)
