# Created by Octave 8.4.0, Thu Dec 11 09:47:21 2025 IST <gamana@Samsung>
# name: rayl
# type: complex matrix
# rows: 2048
# columns: 1
 (-0.51248383153146104,-0.18330747152742716)
 (0.15041140827570576,0.61104767339621313)
 (0.3439564226163016,-0.24193460669946482)
 (-0.54231253869213114,-0.68015446994071638)
 (-0.26901203677048724,-1.2657997471579232)
 (-0.52154368439714649,0.098287943606963801)
 (-0.63781340051833524,0.32823561903842369)
 (-0.98537344017474293,0.81685996448733433)
 (-0.27840191810160669,-0.47621908148597236)
 (-0.033528633429428099,0.56441130089936786)
 (-0.52806552049118016,-0.56325566287877649)
 (-0.013871449587077474,-0.66893825642484639)
 (0.0041084756290964636,0.17800716833000399)
 (-1.6615782650110635,0.090810816571697164)
 (-0.36522541102702061,-0.027509306040562034)
 (-0.3548314226210027,-0.66617559467091514)
 (0.022438510560087291,-0.97726269370414298)
 (0.57563409989677117,-1.1957110973530318)
 (-0.44608953015092906,0.18117333774244435)
 (0.51466842382575806,-0.48983641837180569)
 (0.51143786993949591,-0.32516400922246469)
 (-1.1521597998127626,0.1072062442861664)
 (-1.1134900298303874,-0.25993309656264996)
 (-0.026107942850166453,-0.19110688355232749)
 (-1.2268187457522004,0.6672829007091351)
 (-0.44647492684159812,-0.58177088423249179)
 (-0.95588474659845868,0.81779977770102052)
 (0.55696105532886131,-0.10932953845412033)
 (0.46295036660211214,1.2543433345441541)
 (-0.91949267160112935,-0.28783366381819991)
 (0.43117370330474458,0.71134246812064239)
 (-0.46402133862673217,1.280504006465718)
 (0.045701451285008431,-0.31994509256620796)
 (0.74780936096125439,0.011843522220963489)
 (0.93448433913483309,0.0073893400177580644)
 (-0.72209337755488789,0.31280387402338938)
 (0.3235193526680693,0.26840139350932846)
 (-1.0564371496236413,0.50755336646544347)
 (0.17874771852076973,0.018696858738784693)
 (0.073249488089151271,-0.44853109571199273)
 (-0.78882797415460437,0.17413929331876285)
 (1.0186785001978376,1.4163123341708759)
 (1.1091737417716858,0.81190905998314422)
 (-0.2434119108801808,-0.45838118906777792)
 (-0.27220138632656221,0.21158325512045589)
 (-0.29585869642334656,0.10444619497519632)
 (-1.506703124135337,0.66728860915764587)
 (0.13072120323408787,-0.24804705452887552)
 (-1.6579536004163926,0.25899589012558499)
 (0.83834711590692124,-0.39429089933181161)
 (1.6968291230443842,-0.20476465495310464)
 (-0.15351643459422881,-0.73113597876406733)
 (-1.678955111115449,-0.7795510303601566)
 (0.27405793671734191,-0.31455414739670251)
 (-0.1930870416287738,0.20039301555190675)
 (0.10190146322093063,1.4585394390218258)
 (1.4727887983911734,0.62447985829350938)
 (0.14708435752329257,0.19978383426554799)
 (-0.63908487289001237,0.61715585057981681)
 (0.56245146085828202,0.33389040760005018)
 (-0.052308456148499875,-0.26764591574005558)
 (-0.32268230710678147,1.1362657599064081)
 (0.30382166170470476,0.44748557135706452)
 (-0.69184027492686218,0.24748784158684109)
 (-0.047135258440206468,-0.34351551286096599)
 (0.68825548590519869,-1.6363595504082651)
 (0.64551433024542926,1.0423749522020507)
 (-0.83821352188564235,-0.67754829789953064)
 (-0.80455673161364893,0.028708784119145094)
 (0.12414853625493547,-0.25669765048800031)
 (-0.29450393618930643,0.74391646363373909)
 (0.64941601658388082,0.15101858062423446)
 (0.92890728065200689,0.53509029142359521)
 (-0.36508071765701094,-0.95553579345682649)
 (-1.0752434653761958,-0.017398992091461354)
 (-0.089666695258888429,0.30536739598429813)
 (1.2945600930956056,0.49361036613151466)
 (0.23540241070845783,0.47967556812193529)
 (-0.13206071718963175,0.23393413409565922)
 (-1.0400613977917286,-0.0040096188372670668)
 (1.0650914968662624,-0.30749732766979776)
 (0.94781970489749012,-0.79193875671138592)
 (-1.050671820634719,-0.79117514584908)
 (-0.23776046959642969,0.1129604096942039)
 (-1.8847904553209955,0.98020813751891245)
 (-0.68056321477252935,1.0923543182228685)
 (-0.61899681027412734,1.1837206458061851)
 (-0.94618007080545441,0.37734200606560075)
 (-0.72073432025272322,-0.26777185075261201)
 (0.21697524639516541,0.72297816294434636)
 (0.92155554093649628,1.3418131758830676)
 (0.097618471046652902,0.058428970001527941)
 (0.037044766308680102,0.49884468614015137)
 (-0.011615140481297043,-1.0671142847027655)
 (-0.83396953080123359,0.70681430826311242)
 (-0.55312664794758715,-0.85747571971923509)
 (0.31932384801686647,0.11357266382920915)
 (-0.013232848233094927,-0.24734169169447545)
 (-0.5530844136408154,-0.1583050333032687)
 (0.153764193979191,1.1280029056564189)
 (-0.09349317096820324,-0.27946824618298866)
 (-0.967779103999997,0.86093331537112394)
 (0.95483361437748993,-1.0527065387514452)
 (-0.10708256653413024,1.1946324189184996)
 (0.50664614832088284,0.53536867803975163)
 (1.5884048103593407,0.26779022931371588)
 (-0.31920990203071664,-0.82652963243776723)
 (0.28112481302878689,0.57773040101859585)
 (0.1603564455097026,-0.48022654491530858)
 (0.84028521206149065,0.5173021566435132)
 (1.624022424869054,0.68525306043841228)
 (0.41583469595858119,-0.17604437382545235)
 (0.33015229515950034,-1.6576545513425089)
 (0.3356238447084553,0.44320068423367392)
 (-0.088476229947205651,-0.003607462794774485)
 (0.61423452475539531,-0.10989850734337636)
 (0.18958866591375323,-0.071034627175103726)
 (0.076938035439287789,-0.70344563418360784)
 (0.37923348357848347,0.12575058112051163)
 (-0.45636020691139167,-0.17928522788706458)
 (-0.23164440709807163,-0.34977868118624744)
 (-0.12149085551715277,0.36245583062167613)
 (-0.10598498608325427,0.77669056420088267)
 (-0.40269615875941528,0.77007037828039238)
 (0.60893805880116514,0.013322307646251809)
 (0.44765130647757001,0.55445210880080065)
 (1.1189799019383273,-0.42379059864399016)
 (-1.0682691259858208,-0.22790770302958188)
 (0.089971749461026304,-0.76090720783017152)
 (0.70155747982390937,-0.27624255971644462)
 (-0.59928130890362596,-1.8057496948471206)
 (0.21068098852329215,0.38626146367543462)
 (0.44600199477244823,-1.0725019780182214)
 (-0.51051790999894031,-0.43846677324048555)
 (-0.52742505139869633,0.94208625260658196)
 (-0.036325103404619662,-0.10123993709104087)
 (0.10313783835641678,-0.73300681291929781)
 (0.85747214413574524,-1.0866831987742203)
 (-0.40407935656008792,0.52293702903264383)
 (0.1988350158020889,0.22084406810632473)
 (0.45278392873212081,0.80173062422492236)
 (0.33339577133989573,-0.681054339466171)
 (0.41947153001937332,-0.049089216439518635)
 (0.40366616536651523,-0.74153163750871098)
 (0.77885564207518221,0.31244100352828968)
 (1.1503932020808694,-0.17160117753494586)
 (-0.27789863399003606,-0.64829945170551662)
 (-0.66186588913736277,-0.58332354137459774)
 (1.4569214888880164,-0.34998564667105414)
 (0.17558379196489027,-0.54995623031468399)
 (1.7435586324488821,-0.57216709796257503)
 (-0.56903108561722526,0.11155133514271877)
 (0.59607721255746027,-0.3673851261542635)
 (0.67831212507732519,-0.13592146942003697)
 (-0.16833757122423193,-1.0599912720302027)
 (0.99765359470364012,-0.90465235662611665)
 (0.53105438559535623,-0.002906044844769039)
 (0.34781038535653103,2.2173949168002345)
 (-0.9256314293726724,-1.3060180580009388)
 (0.45882658992340658,-0.044894909282336574)
 (-0.10558899882923219,0.61311450035713855)
 (0.69483800900093118,-0.3227591387845094)
 (-0.45829060262963167,0.62520231130278969)
 (0.90335769845058655,1.0161442201634328)
 (-0.8849921427006523,0.092044647487460343)
 (-0.34193321843227603,-0.26102293482592903)
 (-0.22611807733097161,0.51845341598937988)
 (0.22796039952649874,-0.008729033974231741)
 (1.116307691591665,-0.37614273442598056)
 (0.65845163251004546,-0.13143318733824477)
 (-0.15169016298513643,0.15765061891875592)
 (1.2283549529914948,-0.44427452209956675)
 (-0.5142730215589647,-0.64855977733021619)
 (-0.31639359254276922,-0.20028595383187672)
 (-0.60044558474855536,0.20542097976568099)
 (-0.19907369544997283,0.11266808896988564)
 (-0.058257538878759556,-0.29901010230523078)
 (0.044037074502802309,-0.78098048329384206)
 (-0.99564613914052202,0.050897933186819497)
