# Created by Octave 8.4.0, Thu Dec 11 09:47:20 2025 IST <gamana@Samsung>
# name: rayl
# type: complex matrix
# rows: 2048
# columns: 1
 (-0.23387412502676799,-0.021472285433392756)
 (-0.15498131708554214,0.32154978260491629)
 (0.4170785656652613,2.204157310097179)
 (-0.42857966748606069,1.0329914388540509)
 (0.35408706950198954,-0.16249380193317634)
 (0.65994715233790247,-0.50094748890705454)
 (0.35474572480145317,0.81836165786101922)
 (-0.1282460039931006,-0.13444456063494345)
 (0.12417229040032152,-0.56870672640822761)
 (0.22595706849915051,-1.2671998452721533)
 (0.5488104967950731,0.41185019664332528)
 (-0.032468186247782554,0.50941947993105652)
 (-1.222805365271894,0.25516582152274497)
 (0.090661804417538766,-0.222322484798017)
 (0.41866105998588976,-0.15279271978951092)
 (0.67150433477537586,-0.42905617232138205)
 (0.95499326827263564,0.21353443862085233)
 (0.89986583854287061,-0.34581458732119374)
 (1.820083613717965,1.1464491590965782)
 (0.58609460330620489,-0.0032821449635637105)
 (-0.51133560305707537,0.17246412496808519)
 (0.11842717529910998,0.15281721081888622)
 (-2.1340539939915137,-0.54036185451307994)
 (-0.43682259638505322,-0.53503499955659672)
 (1.4405813377937835,0.730609679291777)
 (0.56595858869957638,0.1657509320016643)
 (0.22864817235883358,-0.58535483383987852)
 (-0.30100343619199893,-0.14419358621428516)
 (-0.49155122225022663,0.18989015441848944)
 (-0.20783311996936935,1.6476857334065798)
 (-1.2527625662909103,-0.26979218415565143)
 (-0.53169469619577026,-0.090209572584960263)
 (-0.72955266705587152,0.22907131524964205)
 (0.67679719667777616,0.15404959310947128)
 (0.4509109290951413,-0.43457843637506038)
 (1.2957822707994162,0.46129777719807358)
 (-0.79314761290515945,1.047871556412024)
 (-0.96100623423773956,-0.85277461610436567)
 (0.098692154110827837,0.41650742877365743)
 (0.57341960164025063,0.015059559021669576)
 (-0.54628056700100258,-0.49505267979673251)
 (0.84464309308185082,0.65508205818546605)
 (-0.21107561353423121,-1.3572281271366609)
 (-0.55115190417113635,0.088778930207260603)
 (-1.1084834686247897,-1.2530079592401819)
 (0.4832182636501165,-0.669031446809359)
 (-0.29704213295731186,-0.089498309327384701)
 (0.28197050006954522,0.82469857877031783)
 (-0.18217494679013063,-1.3543885531886781)
 (-1.3311292959042358,1.2771874139321544)
 (0.0047919965173272286,-0.56957111839200647)
 (1.2599383032007294,1.0026130713106274)
 (0.97080956640015648,0.87879847830195712)
 (0.42698012711522171,0.073329211119305501)
 (-0.047306396899333587,1.4889196263970885)
 (-0.092765670510085912,0.5925876651687535)
 (0.3959851458636699,1.5123468304212702)
 (0.2246002983198831,0.5911143874601531)
 (0.10706760688647497,-1.6566058933776067)
 (-0.38335502377593911,-0.65660268280171485)
 (-0.69221076777533308,0.4627282724131066)
 (0.78158236971072259,-0.24571656292700053)
 (-0.091460948428295968,0.84539304661350012)
 (-0.20658960051783967,0.63342755317546129)
 (-0.84404402821081126,0.26540710308562637)
 (-0.19393082476810442,0.70712756197977389)
 (0.77862017306644749,0.36974071575153711)
 (-0.077723098377742023,-0.18709110492113701)
 (-0.18777716463611302,1.1236132910323182)
 (1.0669624478560245,1.7362492610518294)
 (1.0518339555540002,-0.7907256303306327)
 (-0.44968192391984341,-0.76475821763382434)
 (-0.050250500590907618,-0.6707463422968315)
 (0.18805129849251986,0.80715109119240835)
 (0.78963139945963556,0.14345711261908969)
 (-1.2631161837916201,-1.0296524015730202)
 (-0.42866476915247709,-0.14355175462673903)
 (0.81107000845223731,1.2514081830401671)
 (0.2658655272961376,-1.4024317181382644)
 (-0.32361034280392242,-0.15907767898262531)
 (-0.59759543495925271,-1.0138688729793826)
 (-0.76541513130176497,-0.73488332094474063)
 (-0.4316649665596981,0.83098721070246806)
 (-0.67832692215486046,-0.9144453768811347)
 (-0.84410346044384987,-0.61418157800811202)
 (-1.1835968102207952,-0.20507437518745986)
 (-0.5011697804334625,-0.16003689207204977)
 (1.3458225364878345,0.51049471200160856)
 (0.039604182848934438,0.32527821523726569)
 (0.93862834816050944,-0.4354610302185361)
 (-0.6604271909115188,-1.1677487108763345)
 (-0.45872065272342477,0.43414786445070297)
 (0.99263335312723255,-0.90400200359854377)
 (-0.095325204742378891,1.1986521636105583)
 (0.56906459774393536,1.3584689117497271)
 (0.48448411056488683,0.91240837127472085)
 (1.5291468154811056,0.57036640071283962)
 (1.1233339825109714,1.6304354458731216)
 (-0.94960040979693783,-0.70844371817602103)
 (1.5131776207022116,0.50427768064297607)
 (0.54587916791803603,0.81813502547336436)
 (0.16505821503178386,0.5177163544601916)
 (-0.33136980529712867,0.40001246690499148)
 (-0.057199958558457373,0.50933809685318354)
 (0.26503383264178643,0.20745323322906187)
 (0.0030563005184327443,1.2027967930203105)
 (0.45505740669876465,-0.33689298381544425)
 (-1.0669961042588949,-0.23511690650565806)
 (0.138529385399419,-1.5920284981674451)
 (-0.63126081851332128,-0.12170444263815705)
 (-0.54856235393447528,-0.5902461950561273)
 (-0.74269050357302158,-0.15018670105898663)
 (-0.38107684053080731,-1.0059206546731254)
 (0.50432063881431344,0.42366990100179508)
 (-1.1059782749661913,0.68908995722151456)
 (-1.0412543923430337,-1.5176593503728122)
 (-0.71621542469434052,-0.2447456689899164)
 (-0.17692260858119854,0.071464241613029555)
 (-0.28588260505496388,0.53952351283710831)
 (0.85756030036025166,1.4908903784818586)
 (-0.049883121295114109,1.1309777919406576)
 (-0.55580358654813922,-0.20773068863046498)
 (-0.52079033187565582,0.58445793668089907)
 (-0.61290182856463682,0.11755500186004512)
 (0.89169516498018553,-0.44645181902261299)
 (0.89205419940039532,-0.5412235879753694)
 (0.3868948140876553,0.57630431470708066)
 (0.33682499853882586,-1.1135178390867722)
 (1.1241983460270326,0.4628915595980746)
 (-0.24646712996564132,0.64754762038926617)
 (1.0164367755607968,1.2450274703489153)
 (-0.65347348404864281,0.33099570131388401)
 (-0.70371123246933964,0.27653509926028286)
 (1.0813279269714655,-0.13597000810969367)
 (0.71901826942460711,0.57950507149762653)
 (-0.46621358729975859,-0.69185064720570377)
 (-0.3205459172169498,-0.60170230152761772)
 (-0.5285588617715623,1.0695947281612492)
 (0.084075806636697142,-0.40822954525917715)
 (-0.24428689780323637,-0.25696790042054746)
 (-1.1718100424152567,0.7600211128395753)
 (-0.26999075776290316,0.030482079622809591)
 (0.92916346786549608,-1.0334397653647402)
 (0.36809608413323375,0.29523897322418219)
 (0.72122678672959029,-0.58945396163626451)
 (0.093531439821445239,0.61030552648823244)
 (-0.72513403104672036,-0.15751559431656104)
 (1.3717947944815811,1.1091934478714669)
 (0.78230716330906802,0.30599527285384404)
 (0.17379690252376323,1.1175536221819715)
 (-0.3520513779402264,0.095797257834299196)
 (-0.48615662208676463,0.34762048160161818)
 (0.64738147700730919,0.28686104321173428)
 (-0.42539447289448967,1.1250237250026789)
 (-0.45187165297988097,-0.73184554553648018)
 (-1.3833096285261521,0.079148032895769063)
 (1.036612147807553,0.42983895025209495)
 (-0.062440931144537755,0.16060559814988437)
 (0.62940447651519926,-0.36002941647140135)
 (-0.41380503015309639,0.22848213002167247)
 (1.071045655690561,0.98668400661577249)
 (-0.10979693728553956,-0.29463825920836062)
 (-0.55948869847279026,-0.13048946467886685)
 (0.1529009962101236,-0.3399546207365427)
 (-0.8294520046031163,-0.83235155382382664)
 (-0.96612086717889933,-0.47218375102150528)
 (-0.19730100969451414,0.73161326132591131)
 (-0.42085822845846643,-0.070120123651983904)
 (-0.57883596102720125,1.4042155790249404)
 (-0.6343853068138694,0.7624841622393429)
 (0.042252870394048854,-0.067163984877023367)
 (1.5315435440125422,0.49284179900916769)
 (-0.77046143913094356,0.6142103630948591)
 (-1.0419709804106587,0.32120527061308785)
 (-0.27040145787137815,0.47119885286331459)
 (1.0144319828627386,-0.11910261917557358)
 (0.88805097815083789,-0.25427918253567677)
 (1.6791279778536337,-0.21777149627223885)
 (0.20501981241031081,1.0263474127619612)
 (-0.11062395202468843,-0.25042147385770719)
