# Created by Octave 8.4.0, Thu Dec 11 09:47:21 2025 IST <gamana@Samsung>
# name: rayl
# type: complex matrix
# rows: 2048
# columns: 1
 (1.4730667657623433,-1.4059495278323233)
 (0.36288807045704691,0.9250838537734225)
 (0.5912723307358726,0.14524697562284067)
 (0.37395626715762592,0.06804991280327799)
 (0.089283949414758132,-0.10496529030283014)
 (-0.36202040294258059,0.060527314772350502)
 (-0.057038659273101804,0.50832693170678112)
 (0.29361571359790428,0.11003202850272367)
 (-0.0053830386680847305,-0.13318522699972993)
 (-0.026980304395186911,0.53443098314715531)
 (-0.51147985401173668,0.54269205888276384)
 (-0.61365229124901088,0.63167052726490469)
 (0.93716806186148061,0.88095447646221259)
 (0.7724494588390709,-0.25638363068823894)
 (-0.016032236852993868,0.71983469150116519)
 (-0.26966046407168537,0.41509527000260044)
 (1.1554552491428081,-0.22118546405229009)
 (0.2211840351793134,0.073734378946538212)
 (0.50621219795274552,-0.015104995678021897)
 (-0.47847718542479711,-0.57130835155018633)
 (0.34459878861565296,0.92340389434997772)
 (-0.3111818974743219,0.26751967678017197)
 (0.2811352082668484,0.26668176684318629)
 (-0.88282069987851852,-0.4594772677190514)
 (0.15496409616165893,0.10436908138182081)
 (0.15416199249144652,1.3692589504886399)
 (0.75756497254923227,-0.13612876272861796)
 (-0.16308225935653314,0.77449236320633508)
 (0.99426247849150196,0.39739230976941875)
 (-0.20686702809119184,-0.1809831651109842)
 (0.46776430432544058,0.12481495352279068)
 (-0.6392669629897193,-0.38832864311836429)
 (0.25750568002170354,-0.23805603802847802)
 (0.49355902262312695,-0.75741970048165608)
 (0.63508828220319458,-0.53970094795621837)
 (0.89553870898639132,-0.77999057641682401)
 (0.3998167904816784,0.83505673937670277)
 (-0.71387000434397263,-0.61952651800171754)
 (0.58390639627351315,0.0053866883755357038)
 (0.43076539385224527,0.1728030321812819)
 (-1.3756070197514116,0.44876532259552254)
 (-0.18723615372300362,0.19469547336607637)
 (-0.74423265623207757,0.57006175879300336)
 (-0.46928971734652575,-0.97491296699771146)
 (0.49100298340588711,-0.62689347023325759)
 (0.11292370523575362,0.52827685346994913)
 (0.69163453842733369,0.24366820400712916)
 (-1.0134330070239841,1.2327993436460014)
 (0.58243844012966361,1.2150732339235681)
 (-0.13129573383572526,-1.16238631371321)
 (0.63872407523169572,1.0536176244955273)
 (0.39158899001239394,-1.1373310864634547)
 (-0.89279571939344649,0.75191188712200574)
 (-0.85576976269428007,1.2984550853814032)
 (-0.53131186342769177,-0.78349842056641439)
 (-0.21613213247046315,-1.1680032114382402)
 (-0.1132698798980275,-1.0529753934236643)
 (-1.1359499845145542,-0.34205860924071785)
 (-0.85351985072785219,-0.79502197460908242)
 (1.3911958981156929,-1.0229089583754798)
 (0.45912556290555512,0.47217199432546425)
 (-0.33535999672061551,0.61103691006194927)
 (0.1053460144007292,-0.55758335294405559)
 (0.002718185515117896,0.7560000805119691)
 (0.80102675220916697,0.27748330834592355)
 (-0.68501129374554115,0.5314336023211419)
 (0.17307585536398759,-0.030926892765730626)
 (0.26664249244311589,-1.2455426869842363)
 (0.88047536263347304,-0.42446718047897236)
 (-0.45265319280534982,1.448008545506297)
 (-0.48543304201219462,0.49587576936959232)
 (-1.6965280074889739,1.0857388222140103)
 (-0.94732731792245439,0.26624225430041704)
 (0.44432337501535885,-0.86789248392130314)
 (-1.187568342007663,-0.16377287193132051)
 (-1.5878782013273125,0.200105482690974)
 (-1.1040471127810818,-0.16233685790301716)
 (0.7340883272691392,0.20548354969871643)
 (-0.88177506676983375,0.048856361428996499)
 (-1.3789656763487714,0.60038286353159787)
 (-1.2623867218500227,0.41117755997368377)
 (0.2218223731501677,-0.33551099580312949)
 (0.41392557882189474,0.42908781901211418)
 (0.14450919884985913,-0.28008961756580736)
 (-1.1514396580902007,0.20315153002604736)
 (0.018264200078042369,-0.95135551925713679)
 (0.91641691597233488,0.3699955518832268)
 (-0.24830739478364827,-0.20206180440281202)
 (0.65474766228521242,0.37943100775331862)
 (0.58475129809993498,-1.382551968347685)
 (0.88290147219392334,0.44113362791827621)
 (0.047924334002223727,0.85982294105581525)
 (0.27490722153258451,0.25111517175732018)
 (0.39682421067851914,0.29587233592188661)
 (1.9454261678889766,-0.4395445587390121)
 (-0.044639045048828895,0.47078293645077285)
 (-0.65003245219432748,-0.2439390359307424)
 (-0.37567296450015247,-0.41010944870724148)
 (-0.21753128656819001,-0.29009611695172566)
 (-1.0947277879267117,-0.38134961491621933)
 (0.37886925061691507,-0.15645089539094167)
 (-1.1389549923003219,-0.89462400909619433)
 (-0.49723406763162026,-0.23411167206274275)
 (-0.4870124936710532,0.35070150452118548)
 (1.4083223822454205,0.99789239179764522)
 (0.96774200115374265,0.43354173424149056)
 (0.21405811662028199,0.44887855568304297)
 (-1.3506220319399622,1.1265615167461454)
 (-0.45840334785711845,-0.0082419855526189734)
 (0.6319442242464921,-0.83264114669967926)
 (-0.57717737204664643,0.46099051783419548)
 (0.31892788268707023,0.37008746636265666)
 (-0.41050104156515849,-0.12510273630340302)
 (-0.28049933195910687,-0.62221985441253036)
 (-0.5709348177992446,0.51329971118008999)
 (1.4176044125314693,-0.42949579991716058)
 (-1.3389112225166728,-0.98665958167015355)
 (-0.81664247068667328,0.14432492322465409)
 (0.66068352432834609,0.37672616455963964)
 (0.44417009256302858,-0.30013278611370386)
 (-0.23034982680455252,-0.55351329720246245)
 (0.6798356988527775,1.2370946001001597)
 (1.473704661733422,0.38921835690126005)
 (0.50192847917292627,0.59043855723468675)
 (0.043672261752181793,0.95995707308067502)
 (-0.32950537699228627,-0.92320062680359738)
 (-0.53707714939954809,0.30905875977601477)
 (-0.0095876637596261898,0.063411758834097443)
 (0.50120952607271829,-0.19612615406936118)
 (0.69380396367841768,0.39866028385301916)
 (-0.45407441733828841,-0.31695221954483166)
 (-0.50426858071861458,1.6294940793125074)
 (-0.38599565731550106,-0.96997136020387298)
 (0.020345776960923399,-0.40473751662816387)
 (-0.30466499569614741,-0.33079654963567801)
 (-0.016324272032423835,0.15188186595840594)
 (1.0688588346286314,0.056874805991171902)
 (-1.3461548018804976,1.0060457236127025)
 (0.8926002103264874,-1.6203250661620237)
 (0.79358409037355493,-0.017329210015281944)
 (1.0819298916973663,-0.049928799775967224)
 (-1.0233473801400459,0.42179548313229687)
 (-0.033514729066995756,-1.0443738549390629)
 (-0.5773629966671483,-1.5768895705800043)
 (-0.56832971778019259,-0.63536718019122163)
 (0.76895615969798281,-0.090130363837624808)
 (-0.8265639271065407,-0.19476416870637289)
 (-0.67405571097332706,-0.36853811573556711)
 (-1.4712289259025813,-0.6506503002256665)
 (-0.31114515079180249,-1.3391612758650104)
 (1.1775162137803785,-0.097733794995929352)
 (-0.024854935259667699,0.050434200354448525)
 (-0.6830879584113555,0.10107678353662888)
 (-0.20868754459506506,0.64055843515462696)
 (0.61227877817619458,2.0184612000758833)
 (-0.52916168664619201,-0.62734585518725794)
 (-0.38907900603160561,0.90603764734719283)
 (1.097552711045894,-1.1121245637717565)
 (0.36333858574140471,0.64360887648251597)
 (-0.97641602668858463,-0.66264984439851327)
 (0.064374726504627805,-0.072356619741487188)
 (0.070420087568860007,-0.34680235823231037)
 (-0.02673177143250317,0.34695361086374871)
 (0.093879918137124818,-0.16752330901318435)
 (0.53918777736351642,0.72927170981681766)
 (-0.29877245846997519,-1.1678713049649463)
 (-0.076263588478261618,-0.5908209291151415)
 (-0.8950233306231149,0.82481190083250655)
 (-0.81679784653926379,0.81314762701513088)
 (-0.15841977795428761,-0.33831600065754447)
 (2.1381628617198247,0.25825919389578611)
 (-0.93556878064263604,0.8229557820553085)
 (0.27750856150015424,-0.81139787093695148)
 (-0.72101426258136947,0.34576264090742476)
 (-0.81487725026643221,-0.038947709135783923)
 (-1.3778904541227774,0.15079885187180936)
 (-0.17004051250392116,-1.1022673328274524)
 (1.1518977712846863,0.12066093989803039)
 (-0.15808501817210985,-1.1335148048051917)
 (0.64412455376489097,-0.38121928706299646)
