# Created by Octave 8.4.0, Thu Dec 11 09:47:20 2025 IST <gamana@Samsung>
# name: rician
# type: complex matrix
# rows: 2048
# columns: 1
 (-0.93769234081421149,0.045308043896033011)
 (-0.63830559208026316,0.14260975405425314)
 (0.85142714606780401,0.20870155267442109)
 (1.1983015502595757,-0.1934429638591364)
 (0.79930904169118788,-0.1186244256112098)
 (-1.3619981645820733,-0.25999337306236703)
 (-0.38661159363763742,0.36461233767671453)
 (1.2100354386386598,0.15252012661068154)
 (0.72076019928290513,-0.10732107238345204)
 (0.50220452767109336,0.61277206224636871)
 (-0.75455822552152829,-0.38215746110932208)
 (0.37165150139205266,0.016155419348319568)
 (-0.61698675954115845,0.022826271931484638)
 (1.4226326124439441,0.73468600284807339)
 (1.3278711753582821,-0.037073677029898611)
 (1.2130612577498816,0.14861573126582303)
 (-0.53434908016723548,0.3128396314577705)
 (-0.81256022899794078,-0.7315285915781804)
 (0.58673360261152507,0.49756891818341559)
 (-1.0972224538230009,-0.4985779811201787)
 (1.271368049484823,0.2613397306702378)
 (-0.76653343745384439,0.0075776765177471388)
 (-0.76024191670319941,0.064502121782750735)
 (0.9317781793678912,-0.19869769146207644)
 (-1.3838092806832165,0.32894622828909409)
 (-0.94205307776275871,0.30173420597451406)
 (-0.72131098660440718,-0.13279575093905144)
 (1.4527554317732903,0.30421463047287078)
 (1.0515226411036864,-0.84698014174277036)
 (1.5391337646185241,0.68062515607318086)
 (0.27266915312562712,-0.062634537275857993)
 (0.38672598426983401,0.65933149926952361)
 (-0.71782455759240438,-0.4957854043524314)
 (0.78540896503226665,-0.41639764568708454)
 (0.66695687362271061,0.048382919476275772)
 (-1.1689377246358952,-0.093605432466530206)
 (-0.1731242270842186,-0.38817830264333608)
 (1.1934006134353201,0.28467569942221232)
 (-0.61665294875396404,0.16190176085423627)
 (0.37936295296467509,0.16117368979946514)
 (-0.79134826625349297,0.25800758923384631)
 (0.74732620631899904,-0.079055228354749957)
 (-0.67443082120391229,-0.46094481400275067)
 (-0.46185863783550801,-0.54844358926276693)
 (-0.93236430826324412,-0.57417324492726318)
 (-1.3647535871382699,-0.52041815961571547)
 (-0.4123873344490232,0.011058810033967839)
 (0.89011790151049208,-0.32867443344532721)
 (1.2880619680854717,-0.20481975534469848)
 (-0.84729268129071322,-0.19039161311800631)
 (0.5828745552969643,-0.46757825502507855)
 (-1.516796899416192,0.53338678033315601)
 (1.3997113706850026,-0.49449296976609558)
 (0.94985544566934965,0.023797057984372594)
 (-0.039430627107946314,0.55379149326412336)
 (0.13575189264766774,-0.47160321143651018)
 (1.5814182618545209,0.01832725415116877)
 (-0.52357275051117824,0.73535082833222132)
 (-1.073403920660486,-0.36005308987282725)
 (-0.39478254077545077,0.59359943407449589)
 (0.66924391283496698,0.17998295752098528)
 (1.3027595087702664,-0.34816696529483299)
 (-1.0598751235626778,0.13713649867826969)
 (-1.1264321387130811,0.13992151086215643)
 (-0.33422409972129841,0.44433181795327831)
 (0.68971810287607604,-0.06624606741165405)
 (-0.42855448594245926,-0.605184120118611)
 (0.68816659665180102,0.17267862750970076)
 (-1.1773414706687744,-0.34286805097045114)
 (-1.0784322720635362,-0.11673168168377615)
 (-0.42635729861802374,-0.31174028550381083)
 (1.2008894684763154,0.23441909724622439)
 (-0.77052947794173288,0.91936816736692617)
 (0.89205700146821698,0.40622504180055669)
 (-0.41931691792069214,0.50818589705567652)
 (-0.54534921529277414,-0.59409406522237185)
 (0.25890571876268653,-0.18961143212341333)
 (0.94685488500819648,0.33804878878980116)
 (-1.0936629633134485,0.35532861120859766)
 (-0.70034530396109274,-0.25804183534037983)
 (-1.0566765375575471,0.070069037974690065)
 (0.85363853035180681,0.13204262081900403)
 (-1.1771942774800859,-0.35012334458303634)
 (1.0192586169294531,0.059753820956175652)
 (-0.61232393059297707,0.16693872868385567)
 (-0.78600951512086314,-0.27892433221196972)
 (1.1125993884471956,0.031361556259382653)
 (0.92202414059986193,-0.48393280103537967)
 (-1.0834738627126821,0.26932563034727025)
 (-0.6399997245169794,-0.54622837216516751)
 (1.0824239871719266,-0.038066145378986525)
 (-1.4250097148266421,0.12337362605091629)
 (-1.053806647038261,0.030980315057350695)
 (0.56915299586392831,-0.35075272701261956)
 (1.0347639374618329,0.0045653189843643926)
 (-0.25643461939190626,-0.16850683432704555)
 (0.91846283840123466,0.03130292252897466)
 (1.0181142314869638,0.21072643666679025)
 (1.3610973265353996,-0.74117577952323999)
 (-1.1063902388525959,0.45109597602534796)
 (-0.93925762394393963,0.091529059278858071)
 (0.67945267539021625,0.2796341454202379)
 (-0.8096943540838174,-0.55448595134598511)
 (-0.81018747697510984,-0.19807740755383441)
 (-0.80770596621459179,-0.52022782226360909)
 (0.67017292236496195,0.16716177137392302)
 (0.85494800401459359,0.66190778236117009)
 (0.34736887287138318,-0.39368561089697635)
 (-1.0228603021127514,0.3621075565586151)
 (0.52616225755048229,0.65626162626649243)
 (0.9687038641429655,-0.087860284588756429)
 (-1.1649958112672558,0.44001141822543188)
 (0.7415464062936834,-0.60464254301751919)
 (-0.55936797588722809,0.26285837296782816)
 (-1.0728362200307171,0.28593718934739915)
 (1.3444949100376891,-0.027837595128420219)
 (-0.56282200746496547,0.12859581829753844)
 (0.67155690486586206,-0.22122655585592904)
 (0.93001430946061125,-0.36361047692870907)
 (-0.45210419950092123,-0.0033213730108518076)
 (-1.0454974009053015,0.36454692285322199)
 (0.58639768762856082,0.056104315952815384)
 (1.1317990184448712,-0.19406163220949338)
 (-0.76459230508486642,-0.22301331778836836)
 (0.6262164936072947,0.1401244500010482)
 (-0.80501217936565839,0.10274648947383555)
 (1.1942383346185899,-0.24560911441438057)
 (0.5467813194178901,-0.58758792257441883)
 (-1.1041311475936566,0.42659009413920168)
 (-0.94315581076041766,0.14953914528134704)
 (1.0673452895627515,-0.14689635276819593)
 (-0.89763031003089955,-0.54132271352632377)
 (0.5029173906984834,0.048702662374121998)
 (-1.1143594715844445,0.27004123607688663)
 (0.79803548335559715,0.33240159316242879)
 (0.45538320790565096,0.36661042869625876)
 (0.48745919791093395,-0.63642138612356325)
 (-1.1131387005759814,-0.18006878561391323)
 (0.61606881068475561,-0.49786397666853321)
 (1.0054511661943506,0.20282949831225544)
 (0.23912757639845261,0.073828564103352368)
 (-0.62207256238953068,0.15796749768216065)
 (0.054174571372783031,0.74205780159391455)
 (-0.77815302755156412,-0.4436327922044061)
 (-1.6742160116636349,-0.3733139950421504)
 (-0.90430129538042148,0.04760033386089367)
 (1.3078901461386754,0.33965914356152005)
 (1.0084383088820408,0.092139519655900004)
 (0.62558517747439757,0.5736862085528549)
 (1.3932935090569762,0.14735857267071126)
 (-0.88036470820806667,-0.074961485684074791)
 (-1.3054921591110036,-0.18517765301078304)
 (0.4268014475914142,0.42794184618371239)
 (0.39745398438140178,-0.24441351868971764)
 (1.0796611917388217,0.23091433863349636)
 (-0.71637135637514637,-0.2653092009695136)
 (0.93666894669542,-0.35254149127451151)
 (1.1679604566140085,0.18132241565971932)
 (-0.93691865391640117,0.45422228295520362)
 (0.38508272067403276,0.42030408990661255)
 (0.67564977299002071,0.29431634195933959)
 (-0.70962928464119857,-0.45603156128963496)
 (1.2600382561087982,0.47617396772613391)
 (-0.43551644000424128,0.21763003665292849)
 (0.82910854848423365,-0.18821330322883098)
 (1.1126686978079898,-0.17623223358499823)
 (1.2490404099080203,0.32213881428759572)
 (0.51852802738859438,-0.27849215530683891)
 (0.62387196609592688,0.22623808584360733)
 (0.38355699713516028,0.18570268595367101)
 (0.096116859314801739,0.057296641297656742)
 (-1.2097614005254165,0.26234724805847709)
 (0.11300240316123089,-0.39988394430842489)
 (-1.0568843165389443,0.48801973131571852)
 (-1.4231794608114401,-0.32834787532395227)
 (0.41477957773994828,0.035852409291011585)
 (0.58968449839688808,0.38860001347274581)
 (0.98645375887593079,0.17512767783638825)
 (-0.88757111907948794,0.33743287212815809)
 (-1.0136854722500372,0.29510284038836671)
