# Created by Octave 8.4.0, Thu Dec 11 09:47:20 2025 IST <gamana@Samsung>
# name: rician
# type: complex matrix
# rows: 2048
# columns: 1
 (0.69590518934806633,-0.6629283144781809)
 (-0.92071184662956029,-0.064795082419728894)
 (-0.84488228858597469,0.59236430367716597)
 (0.35074561192431519,-0.1569613530574486)
 (0.62392371834447313,-0.27616576621732403)
 (1.0494639989994872,0.37742439658663007)
 (-0.76975777584996119,-0.64617476252693107)
 (-0.25881430422997154,-0.99830665565089272)
 (1.1433016256707296,-0.43364664988210883)
 (-0.87944480383538781,-0.21249712188120515)
 (0.73752707679553842,-0.42889576658526474)
 (-0.44542011457746783,-0.16478306799834849)
 (0.30320882310450625,0.32166453403644801)
 (-0.84760683213342303,-0.059162100407595661)
 (-0.85837860239195918,-0.28884878745881271)
 (0.62487823853969704,-0.81192501621780766)
 (-1.0047407718950703,-0.018225722963147464)
 (-0.54157253231679203,-0.090495727898539172)
 (0.87374180042119676,-0.016314086134009118)
 (-0.6113335674245759,0.36642125435582501)
 (-0.60488910461830026,0.30614293486135558)
 (-0.500200424272639,0.021514445014766657)
 (0.61058432127073448,-0.22514729894937663)
 (-0.7741396664028678,0.79451860721747303)
 (-1.0297137218953198,-0.40560970040317051)
 (1.1259852975633715,-0.30071582184236351)
 (-1.7077767363995922,0.15891676400668917)
 (1.0774300338133764,0.089908904986317692)
 (-0.67498074459109914,0.25182616848540179)
 (-0.66145698037856815,0.47450732290429842)
 (0.35904639399264837,0.59929581115892439)
 (1.152644935499185,-0.26274880960019037)
 (1.0577907911746951,0.41633615088131304)
 (-0.43541349312145655,0.61249259987754989)
 (0.37721210367048424,0.068458736202127668)
 (0.77911795736091527,-0.22351323900956577)
 (0.52998476588213572,-0.11306525592806818)
 (0.73777553175595523,-0.23856590960992152)
 (-0.75361571425182017,-0.65383947354832472)
 (1.2256579237530307,0.14243820334514412)
 (-0.94661706894023567,-0.4469896192829812)
 (0.89375560509298124,-0.32307903000998106)
 (0.77525811563692382,0.030870388579363157)
 (-0.29317557409164907,-0.20858945642593371)
 (0.55158178457133711,0.11085343632693945)
 (0.90232567016561371,0.085065207057457237)
 (0.67270575452694104,0.60258182329637322)
 (0.63926434865096615,0.17353436827057794)
 (1.2021238182663472,0.24750835247773073)
 (-0.84125047345810888,-0.14218844742673262)
 (1.2096773174975444,0.22288144247355865)
 (0.64189178337000108,0.13249724334207391)
 (0.88373766666840803,-0.071560363738359986)
 (0.22119548289794744,-0.068282260399664882)
 (-0.78718830647962135,0.0043060966141458996)
 (-0.77382460210270221,0.36356935718000749)
 (0.7715306355085283,0.30209894717983798)
 (0.46021592013846058,-0.2336678459493281)
 (0.53702782946036831,-0.31101600428814064)
 (-1.0666078591509049,-0.11398700906002578)
 (-0.50164237924712696,-0.1808151054557702)
 (-0.77635121769660675,-0.010286516069115419)
 (-1.3234251089676903,0.16544760054059188)
 (-0.6776266218660647,-0.24255312492833528)
 (0.62434184425236272,-0.38351732948505562)
 (-0.98601745760672965,-0.36151226958239663)
 (-0.945700439072233,-0.30202207784214014)
 (1.167142589147186,-0.39729293168806223)
 (-1.1924899207407627,0.062328875755319202)
 (-0.59340630197789623,0.20126623017702613)
 (-0.50393210097401075,0.42166915954180512)
 (0.70866143908608858,-0.42903505196891534)
 (0.45712003494219666,0.37837582785194857)
 (-0.9227077835937102,-0.33661762823216412)
 (-0.52476979099189813,-0.48019678607338973)
 (-1.1825708080253365,0.16969214298085478)
 (1.3439583680471028,0.34859899389188509)
 (1.4968219514376928,-0.4913619241581893)
 (-0.64180708693963084,-0.72975343536123294)
 (-0.93675907149798743,0.13193143169535729)
 (-0.28588052384651186,0.24756299422899486)
 (0.82693305239295978,-0.42204325385220626)
 (1.3878756763379783,0.0047250511169227242)
 (-1.7324483011436009,-0.74853784082968056)
 (-0.75315847547270354,-0.50966312367259059)
 (-0.030404496128980663,-0.27434915320884745)
 (0.84890599187657589,0.13424480527391278)
 (-0.37241965554360623,1.0163203704423709)
 (0.6673599164094477,0.14160972714568079)
 (-0.92126424334090118,-0.29244857921556583)
 (0.58383588150317212,0.35994232763469525)
 (-1.5357798314556483,0.29627616292772596)
 (0.98177984780228256,0.3851059527273501)
 (1.1245775566882026,0.26143017422774761)
 (-1.0916396666936516,-0.23905185310659327)
 (1.2345187865845104,0.52598080826042037)
 (-0.50710283893264441,-0.51284986287807643)
 (1.3651490151671752,0.63178411450361904)
 (-1.0107938001484931,-0.22994822241948043)
 (-0.86674931962620572,-0.37578730772511548)
 (-1.4040631084248569,-0.027711048107548875)
 (0.586491525911639,-0.27045490938525574)
 (-1.1267204027563955,0.61695372099995804)
 (0.7527363899543793,-0.67827340750094633)
 (1.1424125973687429,-0.2003320961706766)
 (-1.1648260114482065,0.43276297469886876)
 (-0.13918242310584739,0.055770390900061917)
 (1.0457332095031286,0.12694542617689555)
 (-0.44984768770868239,-0.42106242705863128)
 (0.90464194430096079,0.068153838744044973)
 (1.1744826297618998,0.24532079215101341)
 (-0.83119505001664495,0.15304640423755722)
 (1.1637982965540927,0.13033137014674839)
 (1.2169203230964978,-0.10565551022791994)
 (0.42015819618529449,0.1036206724818776)
 (-0.576687052299097,0.17560756285022197)
 (-0.52139840001260052,-0.01001872215532262)
 (-0.38899228642309425,-0.37306771448317677)
 (0.51719594488644927,-0.43018176479641873)
 (0.7743989723572906,-0.083585989319071866)
 (1.1033322891756421,0.18751095961654493)
 (-1.1678521501364418,-0.86891692569358514)
 (-0.77462080227235885,0.43813492886641947)
 (1.1437699444840108,0.050693516534217185)
 (0.96938745598251497,0.35812650645264527)
 (-0.75283955463666974,-0.3339675137436432)
 (0.34173860079421425,-0.073912787035225802)
 (-1.5536101011391656,-0.073513886985268867)
 (0.61725965374574865,-0.45602402947923326)
 (0.68991886181014705,0.22911715353089837)
 (-0.67873546548816721,0.24028590083130447)
 (-0.033544683160263045,0.068823740539700501)
 (0.84919502528220081,0.59268903408342311)
 (-0.94662389161484839,0.85905109707494698)
 (-0.78188339365183579,0.12820035078357789)
 (1.435507820550761,0.069989407256056374)
 (0.71143747926708445,-0.55810443156108547)
 (1.3681401992772362,0.012486721235739306)
 (-0.76163519337785535,0.23846687592081975)
 (-1.0314132548348669,0.29188411818146442)
 (0.83420423213291062,0.36881231609359266)
 (0.81396646685812812,-0.33989833542694725)
 (-0.45328141988817938,0.28271588649897378)
 (1.0049249411590138,-0.0053700183111332379)
 (-0.68312737837883142,0.34841349833796292)
 (0.34703979665675699,0.040425415690615085)
 (-1.4443922780891598,0.27838736788538038)
 (-1.031980417148685,-0.027635256919781893)
 (0.4782738142688584,0.20915009466096066)
 (-0.28844071895724022,0.31052139538616275)
 (-0.40083354831028495,-0.16287480149119923)
 (0.5511809173660509,0.13735909453611422)
 (0.58108491636208015,0.43998536153622475)
 (-0.73866466800093544,-0.037231036248291161)
 (1.3271161782212892,0.12547956953781345)
 (0.92832760276644477,0.10548331037304488)
 (0.753820056009738,-0.74965798204581358)
 (1.2631089051486089,-0.11451860710510937)
 (1.0846502570722294,-0.13894099879682181)
 (-0.85456931302916794,-0.038714046226930109)
 (-1.1467640267100423,0.071781346194636428)
 (0.44348028738257028,0.11933232541202567)
 (0.75934265439874105,0.043039165359291989)
 (1.1056796395101975,-0.10493169059230144)
 (1.525099639165918,0.81613800747220999)
 (-1.0549677813586427,0.10660115922698006)
 (-0.22156389506543883,0.20367872732394052)
 (-0.39291055322750956,-0.3601282000072405)
 (1.2336455719664223,0.35848836319997418)
 (0.5643486143713623,0.026058626006326423)
 (0.98451654456872628,0.29400891525642214)
 (0.15644416966574859,-0.49533777450412619)
 (0.43371972002236125,0.3388321474738481)
 (-0.56254684693825108,0.029102892060279828)
 (-1.1614716763105746,0.58833043615760972)
 (1.1542978992971635,-0.35070897617270796)
 (-0.65834560231552219,0.26860038272673442)
 (0.72816738170476303,0.29024600080207252)
 (1.2019592473699268,-0.031102630939619794)
 (-0.36381255787840583,-0.12924347850088436)
