# Created by Octave 8.4.0, Thu Dec 11 09:47:21 2025 IST <gamana@Samsung>
# name: rician
# type: complex matrix
# rows: 2048
# columns: 1
 (-0.66594491860745753,-0.52687956893626875)
 (0.58693780868919609,-0.22327865809275582)
 (-0.79761884026718499,0.15475910420912162)
 (-0.22763866866856652,0.40999442993612362)
 (-1.1071734045488597,0.32205937997803058)
 (-1.1953320174940683,-0.095840605909148724)
 (-0.98448195331382016,-0.26484671934894183)
 (0.20072032463864331,0.79985552195755472)
 (0.83914098041773244,0.43012306322437677)
 (-0.41296502713073918,-0.33454509844051683)
 (-0.90137448070388093,-0.90455746850886642)
 (-1.2959201089976413,-0.16148961387509478)
 (-1.4959767512435067,0.021591088917918826)
 (-0.46198622118220861,-0.21837648671684801)
 (0.76805765421153471,-0.0097083835552250249)
 (-1.0348920426093484,-0.062751976922783684)
 (0.95934934410963257,0.34291337030583396)
 (-1.0389076418557135,-0.93669246871117995)
 (1.5531099027276491,-0.66950074286963124)
 (1.3846538960890746,-0.070331400580754044)
 (1.6058348905265813,0.25111729054628606)
 (-1.1600949216807361,0.12311095655052806)
 (-1.4039671485921024,0.032712359990902266)
 (-0.4758652254004167,-0.1938637862714139)
 (0.6689342263086463,-0.021302079431377564)
 (0.95897780941743727,0.34161531717195809)
 (0.48819675656232453,-0.63425646936147917)
 (0.4651292532719179,-0.042778857834574226)
 (-0.45170500555849979,-0.068085139876419148)
 (0.9584220810053613,-0.2059579876503124)
 (-1.0729326652197826,0.085847692921318289)
 (1.3840392923916554,0.061698189753143881)
 (0.33797618573644828,-0.1850941069810649)
 (-0.22110479711905884,0.024897302010005524)
 (-1.1571387768621701,0.37092126602264597)
 (0.12336196039382263,-0.51738150167020935)
 (-1.6913625830084307,0.12581952466401911)
 (0.24590639529275293,-0.35049552556668079)
 (-1.0171768530685095,0.0075613926477064173)
 (0.95480426746740155,0.15137008924582462)
 (1.1405407119744093,-0.11559608433180432)
 (1.0435615090628265,0.037694297999616821)
 (0.7150993131893193,-0.60671471946500155)
 (1.1255852279518523,0.093855293993328828)
 (-0.76600488454782822,0.15313200488137388)
 (0.67489002841103074,0.53325861105854544)
 (-1.0900317729960507,-0.033634833218889992)
 (0.74100372588485031,0.20731401585021741)
 (-1.074106061112444,-0.57377008644354532)
 (0.23773271158565257,-0.01470317660594647)
 (0.38116059124976331,0.086225272636704056)
 (-0.6031171241245199,-0.097451815124338606)
 (1.2264972134638947,-0.045919943121740643)
 (0.63654705586457982,-0.080449287020629312)
 (0.62981954166880638,-0.25236762381049416)
 (-1.4923758526710555,-0.5551311579006909)
 (-0.79218255213285582,0.85175871942984616)
 (0.87434318957063717,-0.33258621536922978)
 (0.73975608707328777,0.12845551515026837)
 (-0.58705299878237527,-0.29852542848803343)
 (1.3003083515230613,-0.19209472754608845)
 (-0.80710239849072574,-0.2039950359188287)
 (-1.1703867431494124,-0.12044690777158204)
 (-0.1469932893125897,0.10591323408527754)
 (0.61567718303240215,-0.22769265020387472)
 (1.2411068111266448,-0.24870040933221946)
 (1.1383403535639958,0.23564540530414432)
 (-0.6417596552992596,0.028044010575035503)
 (0.75676009904415098,0.075429465782123603)
 (-0.95952527294499113,-0.37767741216338602)
 (1.0745506350884146,0.69475673686593142)
 (1.3869712010028685,-0.085393904520149111)
 (0.59228242768357342,-0.33318897118375024)
 (0.48016774817455332,0.076433575311091906)
 (-1.0418226427316866,0.50872796661219366)
 (0.99642350656386736,0.090000719904661255)
 (-0.92093939885149578,-0.027248905570002358)
 (1.2925925813670034,-1.0604533721609397)
 (0.84216526936064351,-0.20202058583060153)
 (1.402029827917642,0.35053459640467793)
 (-0.28258332439001221,0.20866124122809493)
 (1.1928760889862788,0.25803686295840789)
 (-1.1383071135940617,0.53185972865470188)
 (0.26231894046312954,0.18148922326262129)
 (-1.0885395163537912,0.41118451419978358)
 (-0.59982212823934522,-0.56314292412868905)
 (1.015492917404679,0.22856733472269378)
 (0.87610731604806269,0.24852512331385235)
 (0.90921372076199947,0.21705346598145145)
 (-1.2493495438834739,0.064349588160450638)
 (0.98611623162834094,0.58269134559366931)
 (-0.93547002578212934,-0.6191149168914637)
 (-1.0884166321234947,0.010763255619297909)
 (0.94413187778435104,0.4064422508878513)
 (1.0433354126683343,0.44561809022217741)
 (0.8008135530822742,0.058092796026482499)
 (0.36882897332363535,-0.22834231440002428)
 (-1.5118696757291079,-0.30054280652022736)
 (0.61030726935137514,0.24529912876454413)
 (1.0492194080429056,-0.026711717174524554)
 (-0.58110978329280227,-0.31068601660285672)
 (1.2114613441559885,0.089825117134259211)
 (-0.60269328120390631,0.14197804129443908)
 (0.69752074898543781,-0.170269107600974)
 (0.37796797741204896,0.37394427658091178)
 (-1.1263801433059766,-0.19766312286367962)
 (0.37938840777591681,0.048174821563875841)
 (-1.0798013370116182,0.10146113145222579)
 (-0.48787899544197438,-0.59339245957770315)
 (-1.0727260918499681,-0.21956359051690202)
 (-0.82976101783141631,0.64161214987139814)
 (-1.0242780223617254,0.20451479305210249)
 (-0.68622313390428524,-0.54568752897594341)
 (-1.0015265714013368,-0.34374015723499046)
 (-0.8091807476228593,0.14005914196362146)
 (-1.1660627460715911,0.3944857231934164)
 (0.53574216988379775,0.28697496303517189)
 (1.3649784335468329,0.15069050639819023)
 (0.57482403152278572,0.30800021715279546)
 (0.30984456578928843,-0.099445719236050278)
 (1.1314259858277858,0.095821292725758567)
 (-0.21227212963153219,-0.072155063886179927)
 (-1.1894135722042121,-0.34935545464707757)
 (1.1389088849420994,-0.12171686813883745)
 (-1.442240728453748,0.083117891634746421)
 (-0.76707004821515312,-0.36401828242380918)
 (1.4691879988412719,-0.34265931990247384)
 (-0.94127226293110522,-0.011807562408831671)
 (0.89835822345501049,0.86513042970389353)
 (0.78634056752946779,-0.41139997982604598)
 (1.1641231771285012,-0.44008458141457168)
 (0.46026013402990196,0.15428524840851082)
 (-1.7498284611498653,-0.48337576841695035)
 (-1.0559327946216621,-0.1895158659334901)
 (-0.93213437825708945,0.13577835213264269)
 (-0.99002294589553119,0.2008940412423382)
 (0.94268035203309397,0.23870106357219492)
 (-0.14004535685696484,-0.092789603701993448)
 (0.5512228489082831,-0.40994328861549051)
 (-1.0358935895659078,-0.52593028731206104)
 (-0.96732333227024792,0.11255150625273418)
 (-0.032140184514043435,0.54797364808827309)
 (-0.93821373422009002,0.17338412532778075)
 (-0.94453134862751742,-0.19993880088636398)
 (-0.53519376298394161,-0.91375926063814383)
 (-1.4403550907099245,-0.26668069475944667)
 (-1.0204900855748709,0.33396878416726994)
 (0.61846376341029785,0.22275320470641247)
 (0.97617053810035226,0.27237522416544013)
 (0.69033833588253357,0.37786109559995917)
 (-0.94275452416416072,-0.2847232413383059)
 (0.50627038939640778,0.048028039224491163)
 (-0.078399532191797516,0.49974660305245805)
 (0.6358638316865185,0.63361123068150549)
 (0.8380729050241128,-0.034973086827814311)
 (0.64840697687475113,-0.074832505579875919)
 (0.9769599735374126,1.0709662081265381)
 (0.37136474659958518,-0.56160489889772724)
 (-0.22954600866084074,0.29152522368420808)
 (0.22354906261998708,-0.3163043271349244)
 (0.91345246587200324,-0.23800545393429792)
 (-1.4167012248422926,0.08106621444328295)
 (-0.57567919046677007,0.45733562152869722)
 (0.90123667890298298,0.33545056262993928)
 (0.78507338762716661,0.062452069142879575)
 (-1.0028094611365037,0.0484839880948153)
 (1.1850024179827885,-0.099773378741675134)
 (-0.15289907147309501,-0.10738892787151373)
 (0.9235634630970293,0.098636186340039761)
 (-0.59590026579449906,0.68984716396668277)
 (0.91842805385753623,0.2985226975226043)
 (-1.3312709204950863,0.15832103778273604)
 (0.31400229436108928,0.11970256673358612)
 (-0.2503718168429897,0.43704501104101673)
 (1.0469852448550869,-0.65315197983912032)
 (1.0788243020278112,0.33383601675704661)
 (-0.78212278245931111,0.10989606673945547)
 (-1.1590529162928858,-0.072861106069469217)
 (0.74119786488370099,0.1088529008464327)
 (1.6163969141648202,-0.42858507562464238)
