# Created by Octave 8.4.0, Thu Dec 11 09:47:21 2025 IST <gamana@Samsung>
# name: rayl
# type: complex matrix
# rows: 2048
# columns: 1
 (-0.47704889298636893,0.50938102173072164)
 (0.34153328292353308,-0.78206284412168958)
 (0.33009949929999671,-0.59723013851070306)
 (-0.51412546964656125,0.24907353471562962)
 (-0.45421769938111078,-0.28194797933250043)
 (-0.37594411344615247,0.029416293456174331)
 (-0.011114197447191035,-0.71567228427692109)
 (-2.3897967078811293,0.10783824182887801)
 (-0.61729285196651928,0.0096054892598264555)
 (0.61877830787336174,0.59862812523854292)
 (-0.79097923313385621,0.084684407964019215)
 (0.54466697730610913,0.99091388716542728)
 (-0.24258187346248086,-0.27781468098981627)
 (-0.69219142769651121,-1.315995261130201)
 (-1.3113227356774126,-0.46850388412894067)
 (0.34863512082818121,1.7511271780515818)
 (-0.45181515806808026,0.10011005913059952)
 (0.63448604544473963,-0.23320732794653493)
 (0.2791680288188918,0.25186755440238834)
 (0.64682928145396656,-0.023771486687942434)
 (-0.87405512380090777,1.8391555567226068)
 (1.1187334648451079,0.40314640985298456)
 (-0.67334375878346464,0.26956587238502056)
 (1.1318758924879013,0.98225190491547332)
 (0.94218539627436448,1.2285909468577643)
 (0.0031279542588275944,0.31152953896313773)
 (-0.9055126764428707,-0.88086766288162355)
 (0.74858252936059466,-1.6848967399948547)
 (0.37587187346935025,-0.3385130035146226)
 (-0.8051922316936807,0.56275362763380843)
 (-0.24919096542874658,1.0521888265373291)
 (-0.20143606933244584,-0.18129140760137924)
 (-0.40932641262483049,-1.0000675847406386)
 (0.22070180137026077,0.22390508237613238)
 (0.31846643166232858,0.7157457925732712)
 (-0.69634630147608123,-0.18938500319300106)
 (-0.59472318597222118,0.51810262955049147)
 (0.75055889127448383,0.50446080670769566)
 (0.72464715234364152,-0.069946539674763206)
 (0.53560892243307145,1.4443253898119128)
 (0.20550500867998631,0.028074788205465974)
 (0.041686577246961343,-0.58991336562879759)
 (-0.65040346915384872,-0.75503637349751629)
 (0.357834849233505,-0.49512534379695716)
 (-0.48862075100704033,-0.14095317095638588)
 (2.0035884236298074,1.763975741476173)
 (0.49726733461148392,-1.1317850864093222)
 (-0.56708454405728703,-0.15852723005288843)
 (-0.59113059597903272,-0.29860619468180832)
 (0.92142181425961933,0.39000211023295667)
 (1.0272497750935008,0.9171001223555808)
 (0.51848531365896544,0.020064061553103821)
 (0.69224647358638691,-1.1523720292039685)
 (0.65350192128257623,-0.27846204421125359)
 (-1.3541777812967162,-0.44073954103342355)
 (-0.2251103131186015,-0.14528136026073493)
 (-1.4212754765073499,0.76608863859907328)
 (-0.0068530536046114993,0.31294431059788524)
 (0.67814300272163752,-0.31970511860850398)
 (-0.29071784359393682,-0.38466568034106818)
 (-0.24071871179825291,-0.25958258587414867)
 (0.30138865601144454,-0.62064788690939565)
 (-0.46136405757980281,-0.66907760917378789)
 (0.95077923802286379,-0.29220866692610359)
 (-0.14570426798401634,2.3250423313719293)
 (-0.63641726269908894,-1.0621037020444459)
 (-0.25855373716514179,0.6568850598847974)
 (0.46612985289355974,0.6320309860890041)
 (0.40541685245804815,-0.46166591824244907)
 (-0.39911881019763662,-0.27944979894115679)
 (-0.083283028280916063,-0.58837612915392201)
 (0.80567243338813221,-0.022758633241374941)
 (0.28482451107877527,-0.78123525683169115)
 (-0.23622966770829423,-0.35119496483872947)
 (1.2674056049036548,0.32685549452118839)
 (-0.68231188798403786,-1.2044516035915589)
 (0.81917955806838227,0.82380667115877482)
 (0.482268127645891,0.15423745317731025)
 (-0.72546790888659596,0.14628304068173342)
 (-2.0006086495796565,-0.026635533165075314)
 (-0.2749064609006408,-0.017149694881698319)
 (0.012150361080641388,-0.89165592326113541)
 (0.74757298049904664,-0.95971339139560108)
 (-1.0262572557024419,0.31095947177638067)
 (0.663238829478902,0.45267498469120832)
 (0.90671095722149853,0.53171250037354967)
 (-0.17621207052709636,0.29993739363647121)
 (-0.62727732897951083,-0.56369747796337866)
 (-0.62106973947761313,1.7559907447088732)
 (0.58851346237439717,-0.88209437104556065)
 (0.89272176493090682,-0.91582004900974656)
 (0.51664411073992855,-0.2514706068154049)
 (-0.28418488959902316,-0.39048637901941413)
 (-0.66934762490960864,-0.33297353434456745)
 (-0.25293153886947645,-1.1938586063204639)
 (1.2294252957023788,0.15095356653412317)
 (0.10134644151806987,-0.079201487410232446)
 (-0.13378700599025078,0.088392910554268678)
 (0.94664612143435711,0.68463753849420916)
 (-0.10957592175682285,-0.91795529166681877)
 (-0.24781993125578569,-0.051125217729180383)
 (-1.3963770469865882,-0.66954858564999731)
 (-0.3699154063525284,-1.5328087897270966)
 (0.21277508170224499,0.20064254077084318)
 (0.056644280441803897,0.49100671039229787)
 (1.9753395469674175,-0.47047627342462794)
 (-1.6618728607436382,0.51744870230396611)
 (0.041555271437479432,-0.51437334405076163)
 (0.35404191799273932,-0.42511708853798336)
 (0.22822394945019084,0.6995173928778633)
 (-0.79447047079591582,-0.43206405887827415)
 (0.53628889532901314,0.92046570069174183)
 (-1.0519980810461715,-0.41432074634522148)
 (-0.32203111548635471,-0.17932173407290269)
 (1.0787698655909397,-0.75392234347284326)
 (-0.96482681414079008,-0.10037073354689528)
 (-0.70574690004225693,-0.84623438348169089)
 (0.12655623461522386,-0.80859598634753993)
 (0.85255130035152016,-0.15221577142124859)
 (-0.092266402696910083,1.1233827326054646)
 (0.19487279515566469,-0.17886465562028864)
 (0.98125754915199737,-0.80907974896694523)
 (0.21587427260776726,-1.1865671061838852)
 (1.0784965350258531,-1.7603359267228751)
 (-1.6894785220371527,0.8360101696959904)
 (-1.2694213232768283,0.0086662152773885996)
 (0.96553840365551902,-0.32313754449766829)
 (-0.84724718779993491,-0.11341649620358245)
 (-0.22946513255800677,0.84599816300099506)
 (-0.14181962358414574,0.23018648946533488)
 (-0.088171810093193623,0.41909209346833493)
 (-0.82963343842626058,0.21768342190062634)
 (-0.39137691958162857,0.66240943188362789)
 (-0.087095217502133684,-0.70063944931034872)
 (0.79207138422497825,0.67135158458974076)
 (0.12838969417297569,-0.51649526445659144)
 (0.28434895454793463,0.11350341001930465)
 (0.012939814569405763,0.83079574538117817)
 (-0.86343511014919394,-0.56370501891960956)
 (-0.16984771468381787,0.06804364470344644)
 (-0.087823362500045965,-0.928989107515788)
 (-0.15215165370666425,0.015284221484171212)
 (0.49333549114997122,1.55040126321046)
 (0.17879741183133255,1.2284360510615246)
 (-0.64453476969060897,0.45216827689916417)
 (0.34720316361264231,1.116339071736216)
 (0.06380911874873009,-0.44605171541117133)
 (-0.11448678349330614,-0.38067198738905189)
 (-0.48100999554926666,1.0741731067860816)
 (1.812441144931443,-0.48886293667175268)
 (0.31182698823016275,0.21127776782686009)
 (-0.68014337767043753,0.074139823014473957)
 (-0.32129445167872267,-0.27122795042198167)
 (-0.77590430995677817,0.24439399418863852)
 (0.19560520913250623,0.89479021544923221)
 (0.071455448419446344,0.12115957005414094)
 (-2.1195263314629256,0.25976508982094215)
 (0.99938212160838624,0.47718922482399773)
 (-1.338417535191889,-0.029152727971523046)
 (0.86485095444004367,-0.6278972111788379)
 (0.66001797132106643,1.2101498929854286)
 (-1.0044464314809654,0.24032075857958099)
 (-0.1971453694486405,-0.13483914813580675)
 (0.79261375267799417,0.46767946217502954)
 (-0.81270726559466933,-0.098442747634661473)
 (0.31820040071982669,-1.1816132698598862)
 (0.74765836061828306,0.91468497162430362)
 (0.70931549106512937,1.1506701906430539)
 (-0.6668973175592553,0.041264930641054652)
 (0.019158840836509317,-0.64498401483748402)
 (-0.378277851353232,0.12888019530483519)
 (0.78286855943866662,0.095387882181845157)
 (1.0297886550210436,0.22263262565376155)
 (-0.2527367731491954,-0.55424418752316751)
 (-1.1549167214975662,0.67072877333045378)
 (0.1045095770690115,0.36615360163868987)
 (0.46919285630203056,-0.017104190430380813)
 (0.23985545561677196,1.2099413237134828)
 (0.0027019557272006342,0.041871105035748979)
