# Created by Octave 8.4.0, Thu Dec 11 09:47:20 2025 IST <gamana@Samsung>
# name: rician
# type: complex matrix
# rows: 2048
# columns: 1
 (0.57032050642790999,-0.23055136144830587)
 (0.92810780692749417,0.21570933298462597)
 (0.70322395193007592,0.078189027794694596)
 (0.78206017698001062,-0.015771373590534578)
 (1.0424056550452085,0.22859305195275481)
 (0.71066717165309279,0.11316555460901263)
 (-0.50734541624846863,0.17473435858408448)
 (0.8562507131405408,-0.60038029325242837)
 (-0.91879759916775516,-0.68015842348011424)
 (-1.5358879054397723,-0.13429722319360174)
 (-1.0726275537411607,0.32809045367505763)
 (-0.88354206227247589,-0.52534613706832523)
 (-1.1162436106305271,0.053888404518863793)
 (-1.1329633842223441,0.0033457916841308005)
 (-0.79562143109674133,0.56773396108875518)
 (0.85853780343339048,-0.70507565880203382)
 (-0.81324178978410011,-0.41070795600083865)
 (-0.098870140328314093,0.047042865075432122)
 (0.44574826019485042,-0.49338938411293259)
 (-1.7443655300629997,0.1439271864745191)
 (0.90110211551269981,-0.52276770925788907)
 (0.35465040203384823,0.1715758446991793)
 (-0.29847617625747958,-0.34367939169630934)
 (-1.1273282117717538,0.12258223974890078)
 (0.46558260951179176,-0.41211710298139248)
 (1.3943348791368668,0.10328874355091947)
 (0.42134078753713461,-0.13472975795403616)
 (0.99346709527321797,-0.70943461868220015)
 (1.5422273319959612,-0.43268958777849253)
 (0.7055476706968884,-0.081624705660055669)
 (-1.1571158276984097,-0.10526248306689093)
 (-1.590451849439833,0.44533222356694641)
 (-0.81421291866217138,0.49758125022063027)
 (-0.97300688926991519,0.031363810363379513)
 (-0.78047584733775732,-0.19884975970577734)
 (0.28706691898438319,0.072168623017255962)
 (-0.85042602899491437,-0.17902384876830979)
 (-1.4370077479053149,0.047776710702302848)
 (0.98236492098748851,-0.20901884904717177)
 (0.90693695130316199,0.657344540256666)
 (0.45509515012283069,0.09484252669095232)
 (0.2855987309319642,0.38361754737589043)
 (-0.87108990930198005,0.14926578591882236)
 (1.1059358486214692,-0.23825207866406203)
 (-1.0704979967838957,-0.085957641205386903)
 (-1.2698653013895511,-0.18140128143275469)
 (1.2821146885531469,0.042284747807526966)
 (-1.3866693311186298,-0.19262867291441765)
 (-0.95618871608994516,0.17820694735313378)
 (-1.3044942364121672,-0.1466713237168164)
 (-0.54848372718223459,-0.53858617448510515)
 (-0.76908275512416802,0.33301585893098179)
 (-0.69326132787687456,-0.17249847888181113)
 (0.91001589334931898,0.51970314955591168)
 (-0.5581198610485818,-0.31324008378603635)
 (1.1671552328627732,0.29377309519612788)
 (-0.64907802291965178,0.19017716275370469)
 (0.81023181856441862,0.1984939461401512)
 (0.8619706182441893,-0.011853820796933104)
 (-0.51172236778184255,-0.22156859356331574)
 (0.80528660038769717,-0.16698907588430711)
 (-0.91973839967692717,0.095113364898903555)
 (-0.77808506926503074,-9.3386303874986592e-05)
 (0.28783617864941169,-0.68495525788030487)
 (0.67610755342364881,0.42367649338411839)
 (0.68188197364580072,0.19673075252339578)
 (0.66204763270790712,-0.82633787698600414)
 (-1.218928129335346,0.00024645946685768639)
 (-0.67271592654184842,0.46149220544340874)
 (0.9501028559092648,0.3378152154985215)
 (-0.66119953807084786,0.26295848072570954)
 (0.62724130852428095,0.48465458964115954)
 (1.5104642135673061,0.20417177041300524)
 (0.35235771357812129,-0.024876483180600435)
 (1.1002019456466772,0.48347199164518673)
 (1.0104306135370054,0.26617849562950813)
 (0.76912718827283433,-0.053940430217391408)
 (0.84563674298800751,-0.05887223393515794)
 (-0.5849186468309564,0.67836101914300795)
 (0.82645863874117387,-0.54835819473576353)
 (-1.670588893463226,-0.063132854522229873)
 (-0.93562652283556891,0.064117636340447634)
 (1.0463804297436692,0.042540791924342285)
 (-0.8583332101529616,0.17915905817875824)
 (-0.80535551734605748,0.15979461078026524)
 (1.2434733390224655,-0.96607050845405606)
 (-0.78057084523997244,-0.45712070995973392)
 (1.2347986269002189,-0.42518463034743287)
 (-0.52912543116134136,-0.034285812724873729)
 (0.85327023661512713,-0.082424976042140885)
 (-1.2853540872076012,-0.46653497386378451)
 (-0.028233690780877008,-0.40293861002408921)
 (-0.67106659344388486,-0.13615363476151005)
 (-1.1119064564878247,-0.11315237376625929)
 (-0.89990233689885746,0.24076801449351332)
 (-0.82256140840445069,0.31795957344725806)
 (0.76424792013380327,0.20805098276901127)
 (0.50750742395329673,0.024086496439321113)
 (0.46363770851192609,0.25201467601103961)
 (0.41702731740329374,-0.057040321076290895)
 (0.76147884682998657,0.2813965928658162)
 (1.4247572630470051,0.090989498944801184)
 (0.81984156463086999,0.35300465908841738)
 (-0.62581650577992576,0.79100311884104191)
 (0.747579211886363,-0.4459424944723554)
 (-0.87870803653580776,0.1021706926021853)
 (-1.2947920620405278,0.39896454842966522)
 (-0.62865683053372823,-0.17067165281576951)
 (-0.52433116719683748,-0.035305388271297852)
 (1.0482849571414621,0.08086824709467029)
 (-0.81058482930732179,0.075155818528443108)
 (0.71859579352581116,-0.17808876150379402)
 (-0.6256857525708589,0.020584561546308805)
 (-0.93989820966578586,-0.13147832095933695)
 (0.60368433347917905,-0.16664808351079421)
 (-1.1846655306041614,-0.26299053164526859)
 (-0.47954479139737882,0.48895735183305933)
 (-0.89235645517067697,-0.11839491031657372)
 (0.87967162391204834,-0.16607337842451564)
 (1.2197302837707666,-0.83950012484149394)
 (0.90326550254754012,0.21222002042247742)
 (0.69091380211959419,0.29027323477666289)
 (0.85897235744387967,-0.56612151744644468)
 (0.89048680237034661,0.11790665632615617)
 (0.62174219152063703,0.025863118841241463)
 (-0.90190126387496505,0.47910351658021455)
 (-1.0187460807359248,0.10714091527463733)
 (1.1783745439685642,0.53119998789968947)
 (0.24014280861265624,0.27083719027015063)
 (1.1544844825116671,-0.24741050400724374)
 (-1.3403216222959231,-0.0089216349161926629)
 (0.72044690726689509,-0.43763277515199583)
 (0.85937856507847243,-0.17381859372528988)
 (1.064637966703448,0.14671850410408446)
 (1.0219291333861567,0.63996245842834798)
 (-0.31778879247345559,0.16009501018136921)
 (1.3238772962817691,-0.1787361026469077)
 (1.0045884476616869,0.26445011040709171)
 (-1.340762089278734,-0.31173993403931355)
 (1.2761422894900016,0.33763807614172947)
 (1.173708553454365,-0.20445692663847018)
 (-1.3840691937983096,0.22973682192951828)
 (0.82552306465844472,0.22031754437218959)
 (-0.086858461509064733,-0.22126405536192992)
 (1.2427981666550034,-0.026277482710130657)
 (0.46564859380884965,-0.29420409715342227)
 (1.1101067071362549,-0.32509223717613389)
 (-0.38879216323622767,-0.35174492051239981)
 (-0.83974450198117867,-0.30736929851538852)
 (-1.2602078245275323,-0.46128312425747908)
 (-0.50466519424620171,0.69738790768555692)
 (-1.1299708793826033,-0.1575487277702706)
 (-0.92481322998647275,-0.57813415584324623)
 (0.52796643458344961,0.45556116299464788)
 (1.2429642029942942,-0.26028423311970444)
 (-0.63380821655585873,0.36960428704777709)
 (0.47612130519830742,0.48830501673065618)
 (0.85668339674642313,0.24806045403074567)
 (1.2375141357934378,-0.33466225367549907)
 (0.84451738314454328,-0.49510111969192511)
 (1.3528517691900435,-0.1405563201138901)
 (0.44334965135040566,-0.32122890353929145)
 (0.49461401309966296,0.27284673012554739)
 (1.5151363930321118,0.82272802377192122)
 (0.97733927109454455,0.30601283960179981)
 (-0.21058064336196647,-0.11032338548991998)
 (1.0512053893110103,-0.51966204105250202)
 (0.83806516511421103,0.36850063038323688)
 (0.65064863667009021,0.28979091253198558)
 (0.51455524811300768,0.69370935764658992)
 (-1.3628194779592788,0.30430706386921996)
 (1.0647249847671312,-0.24660175733787204)
 (1.0599756681925694,-0.46364391354122886)
 (-0.83005729299174924,-0.42385665882724261)
 (-1.0380512808555489,0.10357140229690612)
 (0.71830150730245212,-0.011569179286441704)
 (-1.3995299592313042,-0.38313608883751404)
 (-0.85027966832999602,-0.0050324664333208013)
 (0.67648088249495841,-0.34089664585937168)
