# Created by Octave 8.4.0, Thu Dec 11 09:47:21 2025 IST <gamana@Samsung>
# name: rayl
# type: complex matrix
# rows: 2048
# columns: 1
 (0.35632361251285855,0.34212392530867936)
 (-0.22411299534580498,-0.85895448435154287)
 (0.53552377448931576,-0.27559117156276985)
 (-0.53321716916370399,0.75427398622012198)
 (0.32129825623118125,0.65048422833418285)
 (0.50243841886287333,-0.88463126075226928)
 (0.69650875037663473,-0.65121056300212865)
 (0.88644377570504218,-0.8619659365074519)
 (0.34379916686925155,-0.23815105563280106)
 (0.057376981259780087,-0.67744949067428106)
 (0.73994529920737218,-1.5388249185696223)
 (-0.093856993370976805,0.54016049116859965)
 (0.6849082731805658,-0.89473005946536655)
 (0.4224776243923975,0.49423477954935147)
 (-0.11729900615978235,0.21475604454351141)
 (-0.44587715541692757,-0.73837176756031631)
 (-0.88554117941731625,1.4816084187265226)
 (-0.19641085278317283,0.14778272880341448)
 (0.46302316269682586,-0.94610620037110105)
 (1.2030490199120867,0.5970064782810357)
 (-1.0937571634690462,1.2308138026530853)
 (-0.36275698014639213,0.53673514210375217)
 (-1.3754055012745985,-0.41826113366283529)
 (0.75069267007108931,0.077618340925713708)
 (-1.8861105623747001,1.1010355952773743)
 (0.46619283294634312,0.41638084430430161)
 (-1.0543968511915667,-0.52702378552442541)
 (0.61073950240910591,-0.29184386056558131)
 (-1.3940862093996258,-0.65317401180927892)
 (0.13776054995839099,-0.45709018078058855)
 (-1.3409683621211372,-0.80169013525182609)
 (-0.76007523617262829,-0.65463002380240554)
 (-0.050939309160609306,-0.26522878694884472)
 (0.9010638336443707,0.97823652948289563)
 (0.18472742905740341,-0.31817158251597683)
 (0.35681210785845102,-0.31093026111298383)
 (-0.32934965202841582,-0.48494572506032757)
 (-1.4057322353740336,0.63441403967619325)
 (-0.58784386869965943,-0.46304907138214979)
 (-0.31920724131086725,0.3099328402704854)
 (0.0084857981159252513,0.68144514184315108)
 (-0.079440188568292033,0.36269153631510653)
 (-0.17313973739623145,-0.074708885372711947)
 (0.35158141201837867,-0.82478995923888188)
 (1.9544152961351611,-0.69073790979741467)
 (-0.73732420875086879,-0.67181580810865749)
 (1.1423483463599144,-0.20722293339607675)
 (-0.29230173828437328,0.46303316641280268)
 (0.2703975954982652,-1.2579634513328237)
 (-0.3183640966222912,0.41894805085443482)
 (-0.48351814656028369,-0.19429835102712617)
 (0.30805556023553682,-0.05423378082945509)
 (-0.25025731514863275,0.78715211593198231)
 (-0.55342413416398395,-1.0879078219172658)
 (-0.60467409150205109,0.6222702811534232)
 (0.26841631327408982,-0.21961575245024559)
 (-0.63361597158609684,0.22162141900092175)
 (0.71557689707657546,-0.22302454849063594)
 (0.32344497342698508,-0.21428365017042469)
 (0.37676615471670716,0.55088454615923266)
 (-1.2679125297522504,-0.43306123942018154)
 (1.7769264822291189,-0.20834008049954672)
 (0.11729682416226823,0.59251303104590625)
 (0.22786378865427653,0.18770111382999807)
 (1.0005122296515667,-0.13367655345228008)
 (-0.99387297072260783,1.1909435606909229)
 (-0.74606637895158112,0.34186090581890788)
 (-0.52993823438990717,0.45297506993997894)
 (1.6286954011343195,-0.41068767726526556)
 (-0.79583192739610997,0.12010719842468362)
 (-0.60852946861591406,0.79613436614186617)
 (0.35165980628005888,-1.5491972417190798)
 (0.66388219373219171,-0.34990968579125686)
 (-0.79764412932039674,-0.1593206039368936)
 (0.86189294646744907,-1.0428901148133407)
 (-0.33472416874554689,-0.14464503566518477)
 (1.5504492794745375,-0.02859589369411545)
 (0.72034687829727595,0.054576302725658721)
 (0.54828973187597896,0.18574906350577361)
 (0.0049169322422241042,0.025789615658603118)
 (1.1209763554944661,-0.52716398956268229)
 (-0.25467539812642753,-1.0206619327032527)
 (0.098077457718793795,0.76061984170090802)
 (0.50989366961172677,0.26846421878301729)
 (0.74380427539304894,0.44345310029894125)
 (0.47462646368805855,-0.060721505719403573)
 (-1.5362800805295591,0.16917355932392136)
 (-0.47724912432358924,-0.38585777676448246)
 (-0.024394672450886293,-0.23977081827131561)
 (0.43727776544436781,-0.97427960455869589)
 (-0.4195178722528296,0.55689157382221632)
 (1.0024275570184744,-0.56270768450532493)
 (-1.4213074115548239,0.76277514499708043)
 (0.27808800722838883,-0.19658604643315947)
 (-0.36676587376656022,0.37201264913809218)
 (-0.77215491726446839,-0.22996059428822718)
 (0.17176309034823511,-0.081598425214646345)
 (-1.3051475121613845,0.18623712983867838)
 (1.5995849749346871,0.38076374299312571)
 (-0.70422784748309675,-1.8368907145587576)
 (-1.0912033368956642,-1.3378761870304263)
 (0.50690977919639202,0.35753215299799485)
 (-0.26474293147227324,0.76129886317363804)
 (-0.4792835941042915,0.14030701171208249)
 (1.1264786195708676,-0.026698864859296963)
 (1.2387260944030141,0.77949894163458378)
 (0.64479481237134273,0.56730567477483906)
 (0.81574568627354904,0.32623806091439922)
 (-1.110319029636271,-0.37502861998327358)
 (0.10646012544520804,-0.8198206380298122)
 (0.010853121311217226,0.11473261833535904)
 (0.85555430959891376,-0.44381352463203705)
 (0.41019855335128086,0.91159932475354088)
 (-0.54736144515079943,0.34439922048088689)
 (-0.97146180710124841,-1.2857568990195856)
 (-0.30791262438101519,1.4363752516960464)
 (0.50400629156990795,0.42353915035108841)
 (0.41491494832291792,-0.51177621058628853)
 (-0.041415833668436874,0.94572540219874879)
 (1.2400090534427191,1.0555931417025455)
 (-0.73906168693730256,1.0231366848233632)
 (1.4188893883571183,-0.25828048511110346)
 (1.0229102394790814,0.82036620070266009)
 (0.50889286391700372,0.26582989440581611)
 (-0.96916224986019972,-0.17402208892727283)
 (-0.21956339869231359,1.394800183404129)
 (0.10396569089429678,-0.0011903186291908373)
 (-0.58251383702494253,-0.11653873831901969)
 (0.21869724323726358,0.5872493966424106)
 (-0.17765769962860076,-0.016645946339917984)
 (-1.3144965839619829,0.76899665788716032)
 (0.14534476103063115,0.45758944441734289)
 (0.24158851994459701,0.5500009859744861)
 (-0.66849146774538015,-0.14389574559006355)
 (0.079355090889720703,-0.98380856364580349)
 (1.6400261706843637,1.7648980245995103)
 (-0.25072972357436146,-0.29589345246498133)
 (1.5319986324822958,-0.98354893847257663)
 (-0.13426466249904126,-0.73840933351455706)
 (0.50802904813894778,-0.59850073937186465)
 (-0.0052840449775385448,2.5890549780508265)
 (0.18360102336029202,1.035238768069819)
 (0.096505927312884682,-0.10141686259606322)
 (0.46438984598798788,0.70157632547808224)
 (-0.49922047297898142,0.075811064308331955)
 (-0.17392836259542227,-0.44620573312710599)
 (0.27339887244582772,-0.61542386873445165)
 (0.95380869437851357,0.31932455300153662)
 (-0.059352750072119445,-1.592906882154518)
 (1.693852721806506,1.1370709460085631)
 (-0.60486106722465494,-0.11534658120194699)
 (0.37482171514493179,0.48026951279383312)
 (0.62089146442288445,1.235988992010179)
 (0.02079108059488546,-0.18370486040319625)
 (0.27673847882670072,-0.19122843702752287)
 (-0.66065799863415553,-1.3148891070966018)
 (0.33663419759253194,-0.70488382923029524)
 (-0.45563889013104591,-0.6082392138709235)
 (-0.54488121038937087,1.6564718891866479)
 (-0.41542940206892803,-0.92822841644938647)
 (0.027848510201729102,0.042228489341340651)
 (0.16573731189531998,0.82446780189883162)
 (-0.98552627210285537,0.31755027007723086)
 (0.37117091175745748,0.56131196249621629)
 (0.2314962622832617,-0.77227797950395538)
 (0.065351503058321755,-0.086606255037751975)
 (-0.82028145378160922,0.014822295327134241)
 (-0.57173335567786088,-0.26464681856064215)
 (-0.78825617842910134,0.95795328995285789)
 (-0.72671885282624926,-0.8549565038470065)
 (-1.2685004723849354,-0.21932146421296406)
 (-0.46154127371296638,-0.32129066071389467)
 (-0.68233904634132803,-0.80203811866177632)
 (1.1571688593475962,0.51407524585438746)
 (1.1062005928442584,-0.74729199766650123)
 (0.57952609391281074,0.16721648389509242)
 (0.7245989494033771,0.55725017104048902)
 (-0.20111804084292395,-0.0098383041906736409)
 (-0.094379550138513915,0.42578627688662102)
