# Created by Octave 8.4.0, Thu Dec 11 09:47:20 2025 IST <gamana@Samsung>
# name: rician
# type: complex matrix
# rows: 2048
# columns: 1
 (0.70090490111165493,0.23045178591382171)
 (-1.0092370185627484,0.25729968215210325)
 (0.85590009461630434,0.04397442147901065)
 (1.247198173469362,-0.078220299927358544)
 (-0.68331427070090889,0.52772515316838053)
 (-0.67578412645811325,-0.094270549544627158)
 (-0.75722385073021281,0.67114956189635711)
 (-1.398477965351657,-0.034630517627527058)
 (-0.70742259540328023,0.28176289835705415)
 (-0.55992099914807825,0.3824503782339162)
 (0.77711386378603442,-0.33686379335176159)
 (-0.81748233782946189,0.63290495529972357)
 (0.93852468921937082,0.70810878282331235)
 (0.64792196253833989,0.51733551547548684)
 (-1.1873329978325984,0.087063509394859837)
 (-1.1587682133819948,0.57581013125274294)
 (0.044386094072332627,-0.63470068867711626)
 (0.0071585699487212162,0.14379723408277817)
 (-0.60352130379277091,-0.0073493058066558857)
 (1.1089317603436393,-0.064943733267602624)
 (0.48966393065851227,-0.41199626224200275)
 (-1.456420597418858,-0.29946061193972384)
 (0.86636876588587297,0.44038175865902429)
 (-0.72170035213972983,-0.19251945435539869)
 (1.5571547996176562,0.29309165313920571)
 (0.97421893662055015,-0.36574831797692997)
 (0.45217128005999835,0.073564196963924341)
 (-1.0762870659180777,0.3200273273546666)
 (-0.48050629175278659,-0.036323853663259228)
 (-0.89961377996794323,-0.19678983877070114)
 (0.4970910280118554,0.74805750795499315)
 (-0.44137468538398233,0.56105785551408005)
 (-0.54681806328109284,-0.39670782210348948)
 (-0.98114469909824453,0.1742433764266256)
 (-0.58639749240057482,-0.27899605252337573)
 (-1.2091071322910376,0.097742282998768248)
 (0.65696745108680188,0.42155087525830487)
 (0.64527543361550976,-0.12761662341242022)
 (0.87302101620447159,0.17960506400551424)
 (1.381858090030029,-0.40920243247958477)
 (-0.97776506584821021,-0.047485560233247952)
 (-0.80053468486438506,0.55691511183958187)
 (-0.62494532879724829,-0.16564609730772054)
 (-1.091712864101112,-0.074454451430288296)
 (1.0378772881822653,-0.0033463746730214789)
 (-1.1052497129563181,0.24309173594693509)
 (1.3943717266956854,-0.28284091026473701)
 (1.0124987718323266,-0.2539038269869931)
 (0.11397245359931996,-0.44905715802632262)
 (0.94310511216100623,-0.39845418424164564)
 (-1.6031992001825808,0.60161191709583972)
 (-0.86578932222130855,0.044520894282324197)
 (-0.74669883133547099,0.024702085258006622)
 (0.93467032742125544,-0.19572423657081961)
 (-0.62367305807291129,0.31190397109421719)
 (0.39345651695265899,-0.16592425681014805)
 (0.83973229700407237,-0.020138366704613775)
 (-0.86746554464335435,-0.78584745659500765)
 (-1.107897431327352,0.46404751574296765)
 (-0.28916932675555829,0.033081670568839129)
 (1.0234096425819788,0.56089774208133336)
 (-0.74306525260452383,0.014099667833045899)
 (-0.48550053741470767,-0.33679743725044242)
 (0.77227197124396818,0.29122596302719933)
 (0.92843161197309898,-0.12472579865000324)
 (-1.1215707052522184,-0.49517213415917188)
 (1.0513472463944595,0.11375485514122458)
 (-0.16035048683558439,0.27961264378408102)
 (-0.5274268479463653,-0.052612701204302045)
 (0.62014765192760013,0.034324684980665029)
 (-0.77411289598751187,0.41870261960182281)
 (-1.5005687292442365,0.33820733106910961)
 (1.5253713843102896,0.35475144956197902)
 (-0.54269481064198766,0.16255761730854462)
 (-0.34810381748298347,-0.47362959054414167)
 (-0.30030318497792663,0.56171838048592138)
 (-1.4009319035252039,-0.20294735229156766)
 (0.83786665865507826,-0.12265946964768308)
 (-1.2352621791875387,0.24438718229614637)
 (-1.112055390934934,0.47881124707990536)
 (-0.56884518849904619,-0.6718932686644612)
 (-0.76975589459941107,0.28288795708661763)
 (-0.24322788317713651,-0.35365680199759419)
 (1.0952649368248963,0.088762332623079726)
 (1.0954513689875036,0.25369453880289572)
 (1.2627718531166821,-0.29984744472767211)
 (0.10038152987022486,0.13535086726544052)
 (1.0264916003772024,-0.19769204245539365)
 (1.0296837027645838,-0.28202546289472619)
 (-0.8817967060118016,0.022984828883664914)
 (-0.76329147065735781,-0.37884944634992962)
 (1.07259758608261,0.15863805367363973)
 (-0.32683919226110425,-0.14987827052872313)
 (0.37958637062633338,0.37433294854249244)
 (-0.3804381388189586,-0.31554488491457117)
 (1.0236578177910094,-0.79963937246317718)
 (-0.3924037654519773,-1.0939890376774757)
 (-0.52401676178822376,0.30351521973542994)
 (-0.61354629909334224,-0.025470148804763875)
 (0.5060367982659677,0.10835997568529383)
 (0.479054640489465,0.08062937749111114)
 (-0.96843972067907236,0.21350989803626511)
 (0.6991222633400811,-0.6595216963356868)
 (-0.91315933296225971,0.3558022461320115)
 (0.9671613621820313,-0.92172821069165123)
 (0.85256533582394467,-0.27085707589360369)
 (-0.88502546705632834,-0.31156704435730037)
 (-0.57245856312937049,-0.26275926886994294)
 (1.0140515668902232,-0.61528166221733005)
 (-1.17352238006014,0.31001237290692368)
 (1.0479777484778587,-0.15942552836975363)
 (-1.0630677632932197,0.33840514341072908)
 (-0.26243309789260194,-0.39551566026595719)
 (0.75946202466145685,-0.39882611252332284)
 (-0.72749288155675607,0.24534119090123097)
 (-1.1472911710059241,0.27319850568890403)
 (-0.63303078263235424,-0.057095467865970098)
 (1.100415180031066,-0.15594053650405512)
 (0.41804112651309572,0.013113585572671744)
 (-1.1543566985424136,-0.12762289899081766)
 (-1.2293467667556743,0.24094597434940532)
 (-0.69021279604611263,-0.046519279436983266)
 (-0.72403035438810737,0.29747189824685133)
 (-0.81601242530537044,-0.29236115798389117)
 (0.85921155871904598,0.11365152674388254)
 (0.64371056956556261,0.021376446449107866)
 (-0.85152226471454029,0.14895650518028175)
 (0.34065671264410036,0.16993886210152709)
 (0.61018351250220504,-0.21267997288043808)
 (-1.4684941726182708,0.093903372062615884)
 (1.3442138928068013,-0.15683003572484255)
 (-0.14464132944812569,-0.6414876652111634)
 (-0.61197067510633485,0.60263763285062821)
 (-0.87111869690045796,-0.044567458405130267)
 (-0.38280026337541229,-0.01068840178791005)
 (1.1127409751200421,0.32862516587576307)
 (-0.58734642340276877,0.088367578468909469)
 (1.1959604276461435,0.3371263837388434)
 (0.41972236473800228,0.22929937332002223)
 (0.85789365021187369,0.48617228382976996)
 (0.95000456922286181,-0.3627906845887548)
 (-0.44136289107746812,0.14253489570870165)
 (0.69513083981686608,0.16386583601690238)
 (-1.0771738174387715,0.41451511540545138)
 (1.005034784860551,0.037559634951832691)
 (1.0791575611028306,0.091428552278544947)
 (-0.86468359797955974,-0.37829147668133001)
 (-1.1457801889939569,-0.12679018582740456)
 (-0.60699247123908484,0.047284805511128992)
 (-1.256322025488269,-0.27789391576723371)
 (-1.0429449127624595,-0.82159462312874998)
 (0.57718984120439343,0.051467021974442279)
 (-1.4964499443886643,0.17489780251314693)
 (1.0455703731886545,0.17589440562420799)
 (0.68450153346338727,-0.24833357035598935)
 (-1.234613032334237,0.11117381507535345)
 (0.39768150113662593,0.14400475368880972)
 (0.9082986333032953,-0.23873285657437121)
 (0.63678761473407131,0.44420623987225871)
 (-1.1913709212920187,0.078554619836898834)
 (-1.0537579343797319,-0.27846661137967788)
 (0.67226076965885428,0.0030994197236872923)
 (0.37127245599753128,-0.25839042612207308)
 (-0.91903375048211211,0.023262203788952086)
 (0.49288772774139844,0.40157296357093447)
 (-0.15858723099169769,0.54089759062943665)
 (-1.0512974783672933,-0.18636273112933605)
 (0.58052499189483397,-0.14419955248912314)
 (-0.91382266830089787,-0.191888703875261)
 (0.72869448009220295,-0.37924023472981516)
 (-1.773074353807979,-0.34222170249012102)
 (-1.181552312155407,0.6076212663693511)
 (-1.4183500534792286,-0.14366263143744512)
 (-0.64220474745195233,-0.38720001718845071)
 (1.1735463394042571,0.54033058828080738)
 (0.9918897082482987,-0.18611590220313104)
 (0.055135613574198605,-0.18781159658596872)
 (0.77510955494907541,0.0080615909819455305)
 (-0.96688657631417307,0.33113254058213049)
 (1.089683110145053,-0.35561394085904913)
