# Created by Octave 8.4.0, Thu Dec 11 09:47:20 2025 IST <gamana@Samsung>
# name: rayl
# type: complex matrix
# rows: 2048
# columns: 1
 (-1.1229350637524502,-0.42862529092624835)
 (-0.017707230651613594,-0.43323713577279893)
 (0.70032572615096611,0.99841040379895774)
 (-0.22103388141915065,-0.17028601146909289)
 (0.82982039286952258,-0.60339115259016762)
 (0.59934167921224724,0.14455871389521846)
 (1.1552374269894869,0.059878474437040183)
 (0.097759974320407478,-0.94677202785597103)
 (-0.91911510865956858,-0.13027053016908802)
 (-0.57605301982637125,-0.11287857922761232)
 (-0.11238042693793399,0.60458007144810033)
 (-1.0261403180620043,1.1470433021943418)
 (0.5031436504639355,-0.85984543329451901)
 (0.19289418946140446,0.035638471264539839)
 (-0.19076630959387092,1.1398381592025053)
 (-1.2843257249707016,-0.17579357088028574)
 (0.71407780125836606,0.53335408655677508)
 (-0.83336409383839405,-0.21469782133176554)
 (-0.070565576710347716,-0.0089678226979770393)
 (0.95186972070129872,-1.9855096833704136)
 (-1.612949064218028,-0.53807828619427078)
 (1.7502526218794252,-0.73153273813050168)
 (-0.13352905467184845,-0.17821303318327764)
 (0.28797332052382202,0.09822596184081378)
 (0.048238717047309067,-1.0214403853588461)
 (-0.25957790855861373,0.54109151032532365)
 (0.6802640453650447,-0.074361076789755134)
 (-0.6832193957512207,-1.0081325497705653)
 (-0.64058547221677686,-1.5557396531596228)
 (-0.56049030059413851,-0.67504821718747987)
 (-0.096603765673701575,0.36075719014080282)
 (-0.49314080990900933,-0.38337388298955039)
 (0.14071752210166558,0.5950769634297316)
 (-0.090566344496249757,-0.37393238974470883)
 (0.001555550038539888,0.41399521589693933)
 (0.41919391073627582,-0.1179580659565683)
 (-0.26705455649541271,-0.12752958196103772)
 (-0.058714929365377845,-0.32043803144553251)
 (0.10307021042189544,1.1085146312610181)
 (-0.27492145464308643,-0.45695748165511735)
 (-0.53934252576906161,-0.47311256542159574)
 (0.71640798881262979,0.12102314278981485)
 (-0.42477141331740048,-1.6803891542340677)
 (-0.37602923069816963,-0.72476603222806124)
 (-0.74717958203151713,0.52547594725814673)
 (-0.12306274023032707,0.58347798249754623)
 (-0.45521964493772549,0.4654115438910133)
 (0.29820524778615781,1.3369742900704611)
 (-0.60663686236515757,0.33783491989459485)
 (-0.547610076127798,0.59024719654447699)
 (-1.5488091880387431,-0.46361525668970188)
 (-0.14159982306421054,-0.52423315866661457)
 (-0.63220390145409766,-0.72817861704244313)
 (1.4748143316323903,-0.20453711890211265)
 (-0.16137713297119458,0.43007965356976535)
 (-0.29463011276169043,-0.86600282417011498)
 (-0.50696776738317939,-0.022897309144577268)
 (0.064808484601107108,-0.18986782772725955)
 (1.5731160941870272,2.1087350441954849)
 (-1.1659348493227781,-0.12330198321821456)
 (0.18646529711875501,-0.22613780558523305)
 (0.1200970643914353,-0.52843236770431945)
 (0.22838191144863121,0.8113319282806184)
 (-1.0083282506712636,0.65673854018016009)
 (-1.3612452676836617,0.054845727647482703)
 (-0.56349192894677802,-0.19168357217561782)
 (-0.16278025773363516,0.39321563369114093)
 (-0.022831287173150867,0.80875617805987909)
 (0.68397781410732261,-0.1371684129920685)
 (0.19983498786887219,0.96230595650644135)
 (-0.76677447839639301,-0.60361937833980694)
 (-0.42124133780581247,0.58773168093916428)
 (-0.13476577468951834,1.4042561485323692)
 (0.091355244517086362,-0.15913318170403279)
 (-0.40038365812320342,-0.64401601385391527)
 (0.93901203241100173,-0.10039993250208065)
 (1.4217004803555833,1.6472369175654362)
 (0.86622383726397079,0.11461393873720832)
 (-0.34484830675982769,0.35237536430174832)
 (0.40236612041544983,-0.097052601728547433)
 (0.96535399826321722,0.63505073625468811)
 (-1.361506730812148,0.38449928893202856)
 (0.70572394021568241,-0.60669235985502057)
 (0.3944311029288613,0.072245162791765377)
 (-0.28129369558664474,1.0566020010378869)
 (0.26052768901251272,-0.035025984558593459)
 (-0.36939742016415789,-0.15803030701323775)
 (-1.4930040614390259,1.9943800401007459)
 (0.40007830919840709,0.39975900803677505)
 (0.12277368692262486,1.1413550482267456)
 (0.30666211413347916,0.44216925236182303)
 (-1.0864163688870714,-0.22228229341231681)
 (1.2351059548333438,1.7269862128558005)
 (-0.2353498830291402,0.52108423486374389)
 (0.9009582870916365,0.39282679813377391)
 (0.70037998016313152,-0.19791294459549058)
 (-0.46297567786836208,-1.1230355988258263)
 (-0.51106371841300968,-0.019871242720017602)
 (1.1797573151944405,0.29369835133462141)
 (-0.1193692641741279,-0.37820025002391966)
 (-0.51858968507036329,0.23644275710994692)
 (-0.20520147072039421,-0.021112341721104187)
 (0.72830434097628538,-0.43081303949858057)
 (-0.31335162668542849,0.59396723663260342)
 (1.2083186863719773,0.22649331508131265)
 (1.2397871300944932,0.55534247993643615)
 (-0.12295119926525223,0.39258352492961046)
 (1.0915194786329099,0.69923425787512283)
 (-0.29122255717855583,-0.1879243303699038)
 (-0.35419766193064117,-0.65213591881819011)
 (1.2008745562361725,-0.54995628940172792)
 (-0.56043525775896075,-0.30386090293950668)
 (-0.3747031638665364,0.074670572812793601)
 (-1.621559851251053,-0.38016248141703612)
 (0.80806021435118858,0.25042504061177573)
 (-0.42519558734532004,-0.56095567533177926)
 (-0.84822720008477093,-0.34909610385464901)
 (-0.40351469647016436,0.60363969916257965)
 (0.18601006021615743,-0.33600791143974973)
 (2.1761988041250691,0.93961370791046028)
 (-0.5767364944469533,-0.2858022556159513)
 (0.8460378097604726,0.67934981894203905)
 (-0.12782445474210982,0.98428152146388148)
 (0.46137562959806838,-0.72180392116803305)
 (-0.30951456909269737,0.62656840545288961)
 (0.26010388405770835,-0.19318143239843466)
 (-0.55049041238885343,-0.93146223198873312)
 (0.70131309617882742,-0.28541684546771201)
 (1.3208678609322475,-1.0042727028589351)
 (0.80502026772853819,-0.60858981860979744)
 (-1.0416507800959911,-0.55768452669719715)
 (-0.71663994035948264,0.13717035891509793)
 (-0.62524485507156946,1.4195982423463112)
 (-0.53217842814290306,-0.29677068086906344)
 (0.83710007439751311,-0.69662528536782886)
 (0.063457206536119748,0.12050271846884202)
 (0.058163376670526977,0.10024437818913619)
 (0.59017602281913772,0.24164471815174163)
 (-0.27068435445517913,0.73261193414197467)
 (1.1314707112624984,0.44965814747986282)
 (-0.094174705871512096,0.83662485221187621)
 (-0.23399513462129656,-0.79093037454591986)
 (-0.94284812968424481,1.0805883166121182)
 (-0.21281239755310594,0.50735921387033089)
 (-0.65301233139876225,0.31120735569091529)
 (0.5511398803621026,1.0564333150098097)
 (0.20402088583479247,1.3500844166075887)
 (1.4213533073302576,0.39557386522821986)
 (-0.62361780055996519,1.0839669143501709)
 (-0.48380956267510505,-0.049591293242909208)
 (-0.010009476801300999,-0.17012036688999657)
 (0.46381749823706331,-0.30254643518426633)
 (-1.6479987003536474,-0.87311827598880121)
 (0.99823344392153679,0.043929339304290611)
 (0.50882538542487343,0.28093797369784029)
 (0.22329827930182994,0.65723036044008298)
 (0.86377770638938223,-0.37915678096617383)
 (0.41598587960486416,-0.47703810729076729)
 (0.13096303534191756,-0.22050542742769341)
 (-0.25804684488406793,0.45298086005366617)
 (0.067634203623678571,-0.5248953659495269)
 (-1.5559192195152503,0.57804217278162595)
 (-0.76264489149132308,0.61200556188851341)
 (-0.85174625796071524,0.62141117436503557)
 (0.12454132068649608,0.65315833906251541)
 (-0.94274679124462502,-0.46581713328022428)
 (-1.3105472513359362,-0.22024452281030407)
 (-0.37346320484963319,0.6620629059571902)
 (1.0706142980096087,0.72185704214335245)
 (-0.93520249093465835,-0.52490355636148944)
 (-0.071844013519018327,-0.34077573282373469)
 (-0.39506884858619318,-0.58698037274549453)
 (-0.21006661256164952,0.14120786200881391)
 (0.030137598785723255,-0.95143695367842485)
 (0.4796471531299259,-0.10345764106056735)
 (-0.14804248700471145,1.0886772870825061)
 (0.093312231557020731,0.38501542946933165)
 (0.45650444224905856,0.46574394249754197)
 (-0.13095546844243106,0.22457427319898718)
