# Created by Octave 8.4.0, Thu Dec 11 09:47:21 2025 IST <gamana@Samsung>
# name: awgn20
# type: complex matrix
# rows: 2048
# columns: 1
 (-0.93195642715376592,0.027820895762216243)
 (0.99171976055281075,-0.024110044946745852)
 (-1.0167857766255779,0.040224272618996401)
 (0.96760894597767844,0.018192906605247233)
 (-0.95458273452965348,-0.0095435616291160187)
 (-0.97259391073454848,-0.0691445300878826)
 (-0.99678497392866861,-0.016997251547417689)
 (0.94159237316794619,-0.048559348589585903)
 (-0.95463832683328709,0.057945755532612109)
 (1.0060804523846447,-0.079921509259199594)
 (-0.96739751923141803,0.10785309940684434)
 (0.9500521806419322,0.015160889284818539)
 (-1.0465050818121844,-0.012186031937029518)
 (-0.98998650639288832,0.13108866982202574)
 (-1.0418924943619936,0.023657061135503265)
 (-0.99311073141857964,-0.011270804609557563)
 (-1.0825495146585373,-0.2060276206976214)
 (0.91248372860850724,0.077544676580329444)
 (-0.97464751259674687,0.032061827934040707)
 (1.0527914471674762,0.031522565388983056)
 (-1.1167699256133725,0.078040258922244393)
 (-1.0963989407818526,-0.053655077569301872)
 (0.99100940283538086,-0.12376264104842505)
 (1.0575731093836516,-0.079267466206947398)
 (-0.99096949508323917,0.028358197830735732)
 (1.1234804211747895,-0.12366295937795341)
 (1.0612464707070182,0.025007276327142083)
 (-1.0739078607640375,-0.00097092898021161719)
 (-0.9773462523235964,-0.1087949812693015)
 (0.99788398758554553,0.019616124374781396)
 (0.98708068095713242,0.16431910282760079)
 (-1.1213222977329296,-0.023781863415736723)
 (-0.98614467530903194,0.0807601085259671)
 (-1.1833320162159873,0.091560642562163355)
 (-0.91780557424206521,0.018090128949332897)
 (-1.0021890764845878,-0.00134196824686484)
 (-0.9491946831802236,0.13680654166381137)
 (-1.0260388323043783,0.06552448060427811)
 (-0.98455387722758714,0.051714769798046949)
 (1.023533400307131,-0.054024342294704431)
 (-1.0422962935679172,0.086708332125461585)
 (-1.0405548237660189,0.094247702675174599)
 (-1.0152097666389497,0.0024276470720009944)
 (-0.91099083243847956,0.039257543483965721)
 (1.0910214447369719,-0.0037522190230843602)
 (0.98538808974477621,-0.1221545243401508)
 (0.90263777087411667,0.082566149711267398)
 (0.91204919090007008,0.049276602590454757)
 (-1.0571470859952101,0.12102046498563253)
 (0.89773513718112929,0.10836849574664852)
 (-0.99896667223932634,0.022116229972926432)
 (-1.0206880393315889,-0.023887456681158464)
 (1.1277506264407224,-0.089975340489611741)
 (0.94237929281937627,-0.11008236104975731)
 (-0.94568757323231067,-0.082049156778986262)
 (-1.0547889116030764,0.026762967329569183)
 (-0.99368686072175527,0.11397080876333157)
 (1.0049631338457976,-0.038125670209474403)
 (-1.0207571826684891,0.0052715964695347816)
 (1.0408984459491506,0.10598948174561347)
 (1.058147003040653,0.0079815684886246491)
 (1.0033844646760846,0.013656769293677923)
 (-0.90353357756738573,-0.11696171388166601)
 (1.0039170025752295,0.052836884788443589)
 (0.89613160255573654,-0.09796737747498073)
 (-0.95529124800405396,0.065590885369201796)
 (0.98021280567376878,-0.049849211225315125)
 (1.1002213041798532,-0.011530073657702667)
 (-0.93501841173570899,-0.073705203484686524)
 (-0.96109810200423484,-0.060975260980233703)
 (-0.97476936370993006,0.083170774705864092)
 (-1.0037867051444747,0.060818848974904499)
 (-0.98175535104146028,-0.048562765725246156)
 (-0.88053760774518297,-0.090838138345956942)
 (0.99799165619821517,-0.10590058872682317)
 (0.94860335246653116,0.14487184973021833)
 (-1.0539220760314814,-0.015296862248540037)
 (1.0150743507176023,-0.013222570148895389)
 (-0.95615686168257286,-0.12998215890698392)
 (1.1558078675842556,0.023860907087980526)
 (-0.97507084210615935,0.1044215166906502)
 (-0.99943523205562212,-0.023076594416911993)
 (1.0369724179758371,0.17085456261448048)
 (1.0605803305216992,-0.0057932257351142533)
 (-1.0341836254805417,0.13324535684414721)
 (-0.97554933184074444,0.0077881326265283064)
 (1.0435152079319883,-0.10090314453022742)
 (1.0121853487168693,0.078434960048098037)
 (0.94075869339956564,0.078107881420426822)
 (-1.0193934204729356,0.0073682377578745311)
 (0.97383470014369455,0.015633322241535148)
 (0.94709149569953155,0.085042359271144577)
 (-1.062988031586201,0.076084540406794673)
 (-0.97125676416339124,0.058998996030177914)
 (0.93355728128242188,0.0064328495293079066)
 (0.97857540773350005,-0.099929630434801742)
 (0.98615995189741357,-0.027512511737606927)
 (-1.0305031726315339,-0.075584778456348256)
 (0.82184923817395661,0.054169735954449121)
 (0.96581677717548042,0.054659089957968691)
 (-0.9821558305173077,0.062902399960972688)
 (1.0505702048757459,-0.08829589487282348)
 (0.91562934192249157,-0.097851618282428582)
 (1.1200634086190693,0.011853277007852114)
 (-0.827648988704901,-0.1208926267582535)
 (-0.99052198624908716,-0.022583239298481633)
 (-1.0480390235981454,-0.027116349597088592)
 (0.95696350665636087,-0.040445904784145809)
 (1.0650515021918801,-0.034533404817298129)
 (-0.98996581555268048,-0.05537700458625)
 (-0.85768950094518237,0.078797633655614138)
 (1.0344390741287235,-0.064152966930903096)
 (1.081594331197183,0.066585651697802908)
 (0.94463704327335574,-0.095324788135931218)
 (-1.0430191256076422,0.031700867337476506)
 (-0.96404241628874388,-0.19696121474373449)
 (0.89890884470180565,0.0081451064231381886)
 (-0.94663756163619583,0.10421385976888023)
 (-0.981104784059187,-0.046645580076663203)
 (-0.99631034871835833,0.11969686476518014)
 (0.90843502599043768,-0.061715466570126713)
 (-1.0142853960391058,-0.02272119997887484)
 (-0.89148962752074834,-0.16644515247897457)
 (-1.0188893678733655,-0.047554556139780213)
 (0.86966922579083383,-0.095006785918631265)
 (-1.0187928708360625,0.082607693701612181)
 (-1.0270017166488772,0.10308768872225088)
 (0.99523321092636441,0.05408842689527904)
 (0.97490158450270192,0.00060421824923008515)
 (1.062118272869931,-0.036709118490096129)
 (1.07915554157228,0.027871218457944682)
 (-0.89870451340366764,-0.057184592422427495)
 (0.99309758512666357,-0.050915266968036749)
 (0.96255795435167169,-0.062839374981646545)
 (1.1508397348393142,0.031482277997038836)
 (-1.0651414441766553,0.078299177667240469)
 (1.0403995811158067,0.087003730344853564)
 (-1.0259865166462545,-0.040653683109994454)
 (-1.0514596372602767,0.030525074811424847)
 (1.0617770100715394,-0.086517655288194772)
 (-1.0327548422563428,0.093011212432370677)
 (-0.98809103059399184,-0.042019455916374703)
 (0.87036871665288251,-0.002687307500892991)
 (-1.0013554268727247,0.13397323836313521)
 (0.98972869193160284,0.0061863089330033384)
 (0.97919448412422427,-0.076118143180622849)
 (-1.1009102805202944,0.17031704138438747)
 (1.0984862141446996,-0.0062102913095878655)
 (-0.94366343596214219,0.043410905379446085)
 (0.99503163593069177,-0.070619578302630867)
 (1.0916555140262587,0.091704924906502089)
 (1.1116525380977054,0.011236932535615033)
 (1.0440936481526562,-0.024702866495869998)
 (0.91930211079505797,-0.091484911166681115)
 (-1.0575739378882987,-0.00038966942219360867)
 (1.0840321288245403,-0.07432279817580581)
 (-0.87634874656555006,0.031223351059715156)
 (0.97851387527779154,-0.003584061181055755)
 (1.1079475607319833,0.052003541731771741)
 (0.95967641770116341,-0.0084942771408378671)
 (0.97251992289663658,-0.056818565722240658)
 (1.0434273032628953,-0.18716054710845417)
 (-1.0986305581879263,0.04813300426757576)
 (-0.92056898583646407,0.0012978682074342093)
 (1.1240401799536541,-0.17622420399143704)
 (0.99606265321382537,-0.13382611167167457)
 (0.86069984122655963,0.023587876714697018)
 (0.95750134125894104,-0.049800014597754072)
 (-1.0140000570842791,-0.039915731022932832)
 (0.9926086426466374,-0.074766869358647361)
 (-1.0123621902006228,-0.13348504885345822)
 (-0.931441946418049,-0.051798355037984939)
 (-0.96450485027086486,-0.054652867683890043)
 (1.1084098438816374,0.022469931917944115)
 (1.0181587730109196,0.033921436945582938)
 (0.93050823361802049,0.036517405081639275)
 (-0.99305339110459201,0.023724026855579915)
