# Created by Octave 8.4.0, Thu Dec 11 09:47:20 2025 IST <gamana@Samsung>
# name: awgn20
# type: complex matrix
# rows: 2048
# columns: 1
 (1.0351184925780037,-0.049851336563797061)
 (-1.0164747916037569,0.043180049528415095)
 (0.88718009119875396,-0.082437626360134561)
 (1.0621643686529534,-0.085976611336606806)
 (-0.8423435404701991,-0.025884082937185665)
 (-1.0184534503461311,0.07993625683058217)
 (-1.0177754967916193,-0.026322864825311893)
 (-1.0444567359126549,0.078102214122346525)
 (-0.92732934284908886,0.071792795873125578)
 (-0.98562020418646112,-0.067527959786910841)
 (1.0488632809307108,0.15112351890371886)
 (-1.008826493698604,0.061303653217452958)
 (1.0403353606536405,-0.10542424965863949)
 (0.87095929932526162,-0.061898730253752213)
 (-0.99613894980258844,0.03505224898420916)
 (-1.0463497004613196,-0.0010222545843715724)
 (0.93993674388097859,-0.037372150731374759)
 (1.0376500755740332,-0.027946568107651365)
 (-0.94524900619730867,0.072110110351508647)
 (0.96284017492684015,0.049525264148380849)
 (1.1634600225302654,0.053582332114935884)
 (-1.0628055464758881,-0.066035002694087561)
 (1.0097800554845688,-0.077785574145187913)
 (-0.92851466195410104,-0.040454687890531194)
 (1.0915958972892139,0.099354254298771302)
 (1.0184657399689723,-0.01821301695374564)
 (0.97207984143486803,-0.045009370254942747)
 (-1.0263719594809315,0.091233916693656464)
 (-1.1022254842872434,-0.00022004045728055382)
 (-0.92826201741980485,-0.0018515262079257851)
 (0.88292502386932736,-0.030867564677560355)
 (-1.0594380296111787,-0.04878428937355532)
 (-1.0152346343545189,-0.12903517218925795)
 (-0.95966897982459209,-0.068716327262610746)
 (-0.99623528662457339,0.068530236525987817)
 (-1.0686469210026983,0.016846781632820437)
 (1.011767208779794,0.035516087708284141)
 (0.98881809575564272,0.069189148905374906)
 (1.0114718354887091,-0.050089687734376581)
 (1.021941798729431,-0.048023580272983049)
 (-0.87679686495783216,0.0030762467628877082)
 (-0.96018612914385737,0.0018496488116674593)
 (-1.0943674460014945,-0.0093615044344315754)
 (-0.94553407717504379,-0.11062528985988507)
 (1.0642525233351778,0.072705358314031063)
 (-0.92899440460166149,-0.067286802837533008)
 (0.94667702360175787,0.076608066617239887)
 (1.0807130880445348,0.054373141718263351)
 (0.97316139153542469,-0.036005430927135956)
 (1.0674343744692329,-0.0085241166828513622)
 (-0.90651180961883326,-0.018851580563101697)
 (-0.90703305744421736,0.11359118434970294)
 (-0.96735206530862927,0.0035235596991386739)
 (0.9944555838014435,-0.043771896742499296)
 (-1.0278905754462697,0.043400318360412332)
 (0.8350457140320966,0.11744992616356993)
 (0.95516194683758848,0.038698855828041792)
 (-1.0055086934343767,0.1627419437953585)
 (-1.0379921017762468,0.014947901070243533)
 (-0.89265867676905608,-0.042947348520686934)
 (0.99009693595213666,-0.19885324660052831)
 (-0.87506094274441015,0.091635954742043169)
 (-1.0272831026494078,0.15089704005239191)
 (1.0701510122179483,-0.037266745457554991)
 (1.0531846400678428,-0.041627794249499923)
 (-1.0721849142452995,-0.035686481636720405)
 (1.0170939766511813,0.039027010057227002)
 (-1.095043995414531,-0.040221364520904739)
 (-0.94670892837886489,-0.032657670494995732)
 (0.8752809605470766,0.065139195706672884)
 (-0.99169528129366225,-0.058672256566215192)
 (-1.102110561361104,-0.0071716413004742205)
 (1.1298882607670975,-0.013120696253002573)
 (-1.0577863601098498,0.021191562769805272)
 (-1.1269725020828536,-0.036397215057895359)
 (-0.99182925232517938,-0.037081976995662347)
 (-0.95259967984157734,0.039137213895768123)
 (1.046655610044656,-0.055227579768043093)
 (-1.1135968177052529,-0.13634909151570659)
 (-0.97151723046466343,-0.087240515380034994)
 (-0.91427588468206999,0.15105720608404866)
 (-0.98704826895845521,0.0060953690472452231)
 (-1.0163938335488047,-0.047243047801428267)
 (0.95348973970759543,-0.058988507531990891)
 (0.93593263421844919,-0.042215062260183414)
 (1.1025679444527916,-0.11909361030497352)
 (0.84378138110028877,-0.087112480931049036)
 (1.0158766221867894,0.003244444788177456)
 (1.124822747904795,0.093566274586829978)
 (-0.91754441852486113,0.052623641996455188)
 (-0.97067538401975451,0.0028605103557723089)
 (1.0849543767162593,-0.057252183577987038)
 (-1.1110464683365116,0.018566589089851451)
 (1.0842795141595734,-0.12145790715685943)
 (1.0101678095349051,-0.10433835414766877)
 (1.0305839716315639,0.12242520670773863)
 (-1.0038383572057774,0.029801706360108361)
 (-0.98360994079414077,0.086094758631010765)
 (-0.96374502242745297,-0.034190288371677306)
 (1.0759878675782355,0.066779006694882487)
 (0.9476039421768393,-0.11221951228657392)
 (-1.0076548264126644,0.076149290838110339)
 (1.0030822225975395,-0.027741023791954325)
 (-0.88725537097047402,-0.032986114564195382)
 (1.0259586943741565,-0.029551140155600883)
 (0.87721526768877256,-0.0084414766911878516)
 (-1.04471209792829,0.014815360235518937)
 (-1.0516020910081794,0.11032788184552991)
 (1.050613693936457,0.041547834916186667)
 (-1.0472582073220345,-0.030233657107396256)
 (0.97706298044306383,0.071905120212713849)
 (-1.0704306036868034,-0.10567934138531335)
 (-1.0444712495646054,0.056899627150206203)
 (0.97443083437455624,0.15574065112231306)
 (-0.94237716306027275,-0.023065790821230281)
 (-0.9760013808318686,-0.025867525736881704)
 (-0.9740609618780296,-0.046450322695232797)
 (1.0973907109873184,0.082864414522734534)
 (1.0897662847308882,-0.011891164771384181)
 (-0.95367844099145727,0.012722721527466792)
 (-0.96017322528572058,0.031690205656252558)
 (-0.95495366923679326,-0.024518336136319301)
 (-0.88217144008243609,-0.094192016143466201)
 (-0.95771518933060062,0.04113871940707628)
 (0.94559466869522235,0.090380890106200054)
 (1.0734910720414759,0.11416210719835934)
 (-0.95385737833693784,-0.037569428678494374)
 (0.99729621342210462,-0.10104508261069096)
 (0.96724379788720571,-0.013544850418101318)
 (-0.91121880203982497,0.049610096407322911)
 (1.041011641384598,0.019209956969861441)
 (-1.0837086500262094,-0.0354465229545134)
 (-1.0037095558090452,-0.028790429333639275)
 (-1.0136598567165032,0.0037935306500514621)
 (-1.0357679431362117,-0.099009999355321038)
 (0.969803232720436,-0.06203388303000068)
 (-1.0423062856088086,0.0049350813473371382)
 (1.0555179200121056,-0.14274211054449584)
 (1.0391959678518423,-0.036780882112466849)
 (0.97762186333190282,0.037251904249254994)
 (0.95878527886372855,0.1199480839148368)
 (-0.94880507826596427,0.027744806403297014)
 (0.96147400437282105,0.021208202155270688)
 (-0.89590632362008205,-0.030965204012742449)
 (0.93417855577297115,0.087222870598043262)
 (0.95163318728178492,-0.092679692097865154)
 (-0.96588380818628738,-0.050904112793583714)
 (-1.0266773178408746,0.12373122943942877)
 (-1.0311348200825581,-0.078125291433919122)
 (-1.1054566277423894,0.073879398663935239)
 (-1.1040843045273334,0.0015155601732384574)
 (0.98070586797099923,0.021775260230235845)
 (-1.0192547645756835,-0.072236988033697255)
 (1.112463887390849,0.18628150717492714)
 (1.1358839041277751,-0.023847304290327553)
 (-1.0067850408596217,0.059471485446176579)
 (0.93759677995745361,0.058074349527328796)
 (1.0279534115002318,-0.0496480394991261)
 (1.1226456988287941,-0.024252460364574985)
 (-1.0304665173307392,-0.019829354188741485)
 (-1.1376607184075156,0.11195595791826103)
 (1.0516561577719443,0.12147351258719424)
 (1.0194958709005673,-0.021092375504447293)
 (-0.92905171708761858,0.031142798965226443)
 (0.98801689930524683,0.0026307589931201837)
 (-0.95492049552686675,0.032956590089296543)
 (-0.92094098307572958,-0.1636389526523756)
 (0.96302372945049486,-0.03522450939636991)
 (-0.92228066283735555,-0.068782834899974415)
 (0.93776472060401916,-0.12028836512582404)
 (-0.98438348613349003,-0.15160920115065427)
 (-0.87409704534000099,-0.023512391933348017)
 (-1.0433907221084118,-0.059673801539390309)
 (-1.0705420760440436,0.032842442419523603)
 (0.92291130079068906,-0.033496476185683771)
 (0.83318154656037957,-0.048329797442052076)
 (0.95414027913006616,0.073365358719555518)
