# Created by Octave 8.4.0, Thu Dec 11 09:47:20 2025 IST <gamana@Samsung>
# name: rayl
# type: complex matrix
# rows: 2048
# columns: 1
 (-0.80227610977904529,-0.19736956183416221)
 (0.34756026496319586,-1.2246535294335315)
 (-0.23822171198175096,-0.063450824739579886)
 (-0.54774426968516399,-0.35943577591250037)
 (1.349478306683273,-0.49690927124112561)
 (0.17507130589348152,-0.49001223432727359)
 (0.13944163822633907,0.071698412288293906)
 (1.1765474664621907,-0.63662185473231336)
 (0.12273993643391519,-0.59415324780284717)
 (-0.22418188048995863,0.58782387108360001)
 (0.63947674612804095,-0.69534669092294188)
 (0.71847529254396902,0.77122288708958331)
 (0.8485932436430691,-0.28153197669141156)
 (0.68488276598075704,0.54478096618930016)
 (0.58080496533136616,-0.15870850467422612)
 (0.83979517233539036,-0.91371803889450431)
 (0.99664614713840238,-0.18930766134362881)
 (-0.0014516337828302871,0.77252868325485446)
 (0.88352511678394263,0.067684691734797547)
 (0.018728552485581994,-0.31813864941406994)
 (0.095514828980239289,0.15328418473180044)
 (2.4904973726086665,0.49344537173614017)
 (0.75305952526019537,-0.64190980009456555)
 (0.56054279462838597,-0.25579098952913021)
 (0.62742829932667588,-0.95798376140227548)
 (1.0619266994923291,-0.1945822881657685)
 (0.015772336592820232,-0.24553438557930327)
 (0.64144374724966524,-0.77342603494399431)
 (-0.72231678235247243,0.16488343137198841)
 (0.343205334344933,1.2617177670453725)
 (-1.0889955858867231,-0.49077071854627102)
 (-0.06920175635909398,0.27226629896812954)
 (1.0387005203181792,-1.3329379614665151)
 (0.23183524431554789,0.23260097134718014)
 (1.208719100240234,-0.18661583827845299)
 (-0.41540723358059156,0.56348231173517382)
 (-0.11597895124148749,0.44719641660096099)
 (0.11425079343238072,0.69204940656255509)
 (-0.52611045574631909,0.64809728848714676)
 (-0.96676547900221166,-0.36984337266064948)
 (-0.34474744247035449,-0.15929230858591784)
 (0.87500090096821259,1.6837604659460885)
 (-0.10925114337890476,0.64454378123586675)
 (-0.72793825657078648,-0.93464906494781441)
 (-1.2046143181366393,-0.30117509314308161)
 (-0.050814499702054386,0.80519120645805153)
 (0.033590178979222937,-1.5333866719684495)
 (0.39926189208298629,-0.6106585611268448)
 (-1.8148286768248025,-0.28829957654073041)
 (-0.58777776188586783,-0.20999509685033521)
 (0.31542316606031628,-0.062748987684892066)
 (-0.38798352874132402,-0.36885840992306457)
 (0.27844370564386595,1.141313301881685)
 (0.051718291422772338,-1.2977270451644713)
 (-0.52275777905896825,0.3111920311407087)
 (0.37216299596942709,0.15630574234971065)
 (0.68427878252535812,0.63624197655995185)
 (0.74025632697775923,0.28514781437043013)
 (0.43283662386769439,-1.0293268953157435)
 (0.47023286639172651,-0.018850820050114223)
 (-0.80405851462718458,-0.068723357471743088)
 (0.19518386741012714,0.30701407313382023)
 (0.1128792148082622,0.52848968145704778)
 (-0.31268539281017788,-0.50488264520665582)
 (0.101425935652063,-0.6272735009839645)
 (-0.34096509186344715,0.93123367739626006)
 (-0.75366143245483896,-0.1852450674487939)
 (0.43274853236724103,-0.13646995746533899)
 (0.61119778737190555,0.3266794186564424)
 (-0.38409473474613109,-1.012378118469661)
 (0.76882070095034216,-0.37975285883939641)
 (0.75519172416642089,0.38055130313996438)
 (-1.0932105332344928,-0.49191220593295054)
 (0.46050557150554555,0.17733885018534781)
 (0.51614148509209223,-0.85781617232790563)
 (0.03008438342894661,-0.5339879749426375)
 (0.13952234561598012,-1.3215080931685399)
 (-0.45524368298749929,0.27835203533268843)
 (0.070978848713932507,-1.4546722240651526)
 (0.21400236266587383,0.92850569423023455)
 (1.1968665228614053,-0.81323719402954353)
 (0.66204241200377467,-0.10811493998920611)
 (-0.39155514866616314,-0.76096361885879116)
 (-0.57954843861814509,0.49083570668402443)
 (-0.6954379877914828,0.2271345372537675)
 (-1.2643102987122086,-1.771673128488259)
 (1.1826861742953727,-0.51240128456813983)
 (-0.6117730689772708,0.55455407023536263)
 (0.20962531027424053,-0.94266696155772489)
 (0.10076393871283292,1.1665514046762389)
 (-1.4028683161574262,0.43364349720346906)
 (1.0744184321871539,0.55056150628349154)
 (1.395818075903188,-1.5942868585431895)
 (0.38999824372093089,0.99564760644424122)
 (0.72096262243615983,1.0059652163914941)
 (-0.78574289525990604,-0.13737629616085165)
 (-0.96694690125769078,0.34811363020471503)
 (-0.18249016908838361,-0.75719652802156834)
 (0.23579688713937455,1.1647482828873907)
 (0.7554105893759171,-0.43062546455910405)
 (0.17799478541643685,-0.16338575978162287)
 (0.50473599757396037,0.74602741456443378)
 (-0.33677295424903325,1.4891775427282847)
 (0.30029626832470518,0.7456347701385726)
 (-0.41469679339527432,0.88466572491071593)
 (0.30043871736035799,-0.50692396894150582)
 (-0.7169480862463703,-0.90613058330140284)
 (0.50746709519138189,0.48357677853122816)
 (-0.43490289433067192,-0.38514286141187876)
 (0.84070425444608132,0.34072788139787302)
 (-0.72269681431075561,-0.10709525660646896)
 (0.90704389134469654,-0.93505249496481391)
 (0.10259278095242359,-0.44468385098106711)
 (1.5996469009192773,0.34783082616150018)
 (0.17857647107497857,0.41217944653677913)
 (0.41441552571801737,-0.84898084736732493)
 (-0.48613627037018914,1.6300984100868301)
 (1.6483440783315955,-0.35855963392532914)
 (-1.4575383351450049,-0.0043941405966376572)
 (-0.78438891533632837,-0.96447791975689678)
 (0.22726014150387402,-0.37996212051060735)
 (1.4180842022006588,-0.094207350730628275)
 (-0.088766792454279458,0.024756427894945133)
 (0.18636375497299099,-0.50125485292419747)
 (0.18447336191294939,-0.21835982534597603)
 (-0.30716189661475152,0.20196403407225486)
 (0.99456417579731127,1.5179682070146969)
 (-0.14277746286963053,-0.55108256872540362)
 (-0.17488755256538555,0.12370195511738311)
 (-0.26252373496694642,0.2891344006053353)
 (-0.11400668925209083,0.58565744895486505)
 (1.4984574628445155,-0.30322344191294415)
 (0.57116354844668571,0.30064263134895292)
 (0.10666639088853895,0.32326943077783971)
 (0.53169210481587381,-0.75866520446913932)
 (-0.78529421180204351,-0.84144076184210181)
 (-0.39776985227553197,0.65729160195274983)
 (0.70028704239255302,-0.12997811503556511)
 (0.59891320709279094,-0.2918517379753211)
 (0.82942682432863035,-0.55153222381648437)
 (-2.3064749000085714,-0.47832040644445095)
 (0.070436976493112341,-0.59818288110180995)
 (-0.56099517953011113,-0.28655514519984038)
 (-0.026977957627555036,0.60319419631468763)
 (0.26359630537972711,0.22430501590905919)
 (0.6041425445261307,0.53022463235047224)
 (-0.089371698174901648,0.63660870867301367)
 (0.55834610581620836,0.32363088602706791)
 (1.1990199392444019,0.91352373483359173)
 (-0.56665333593692868,0.074973692655390126)
 (0.60286470861746044,-0.96016621595479212)
 (-0.98910826333091517,1.2467576328892314)
 (0.1313328623319352,0.056323080771126244)
 (-0.3695964217111315,-0.55485903240846723)
 (0.65973069506365933,0.26694576422156552)
 (-1.3565330272592082,-0.99618045622573315)
 (0.90008173928497892,0.11144837775681034)
 (0.10399192487203686,0.75242939293511091)
 (0.84773776460033834,-0.23826724500641946)
 (0.4366659807561678,0.044155171170663109)
 (-0.6734482326700939,0.42350819831585029)
 (1.0240130982118085,-0.62659419753124057)
 (0.41982715358979172,0.79154382205564944)
 (1.0022823871646034,-0.063992834213861052)
 (-0.096034172556700229,-0.078926527293607829)
 (-0.1038870011679605,0.68227684299763636)
 (-0.14763901722575401,0.61266002500730088)
 (0.19117290397169298,-0.87329813449765137)
 (-1.2424264830410821,-0.39300616781046505)
 (-1.1282873713808206,0.50372772168452018)
 (-0.22708401440714193,-0.065266364768910026)
 (-0.54095125529746901,0.49691388185057311)
 (0.28570005294706902,-0.29739083957487228)
 (-0.72543194390561105,0.15486319971627888)
 (0.037128675989523997,0.67177181330467506)
 (0.15289865922172211,-0.48275473548573594)
 (-0.20822950730741049,0.22832257487301333)
 (-0.23828838698525559,-0.074985281115068469)
 (-0.2309977373753612,1.1378011484974542)
 (0.96390914216119261,0.52447770118556858)
