# Created by Octave 8.4.0, Thu Dec 11 09:47:21 2025 IST <gamana@Samsung>
# name: awgn20
# type: complex matrix
# rows: 2048
# columns: 1
 (-0.88973670035338004,0.035912515555796658)
 (-0.97637778831093414,0.05759810728306524)
 (0.88685324893327477,-0.050406344008043717)
 (0.92074810931797169,0.033796053937381325)
 (-0.97695087516945867,-0.00022643417251447647)
 (0.87846161631527298,-0.061384702765348631)
 (-0.94903399320753024,0.088381910111741208)
 (-1.0600958041913799,0.080053497738672333)
 (-1.0124419070055271,-0.010486225291697992)
 (0.8750150573854345,-6.4571912540489793e-06)
 (-1.1174472009300234,-0.051474054298921317)
 (-1.0000391053547284,0.048794517876515522)
 (0.98688074119694624,-0.013462876447824733)
 (-1.0158976184580746,0.077931177982180411)
 (-0.95577677050427545,0.067305407197710068)
 (-0.96393091268205644,0.07507544570162239)
 (1.0551037415379207,0.033118576959738966)
 (0.8479533416031596,-0.027402497197004945)
 (-1.019723875976648,0.12305209162364317)
 (0.96010526860906631,-0.029309188471628212)
 (1.0354205854386727,0.047314999381202462)
 (1.0643614434966151,-0.038067138886488446)
 (1.107547952616982,0.16152295372021991)
 (-1.0831114766805878,0.12168663233059358)
 (1.0641138099727656,-0.063820015644994052)
 (1.1622023451120911,0.091410040123461045)
 (1.0073624411701636,-0.026207262018852373)
 (1.0790289273446225,0.042708075504881461)
 (-0.98397353543483101,-0.0087553741717705767)
 (-0.92162755015802234,0.081756160409229409)
 (-0.98597825281553519,-0.024425668425541069)
 (-0.87645286829088553,-0.046242147358389246)
 (-0.95224848795035033,0.041989861283575035)
 (1.0549536389102627,-0.07033426123262386)
 (-1.0178534785926829,-0.060072438159067987)
 (-1.0603186402730707,0.012889340142154966)
 (-0.95050682197483505,-0.060578905630273322)
 (-0.99537429943829558,0.0067260218947373628)
 (-0.97706992758175382,0.0085915394094364609)
 (-1.0015839387817396,-0.010279084877845915)
 (-1.0517955049167269,-0.011429316068577089)
 (0.98350013208989306,0.062481797706929715)
 (0.99489060118908379,0.067437649424531385)
 (-0.98880575440102791,-0.032604029351814487)
 (-0.99690216042468582,-0.057219303028856687)
 (-1.1446161541176505,0.060492353696695866)
 (-1.0437112917447764,0.0049358045203294794)
 (-1.0598782540562759,-0.019143265654500051)
 (1.0349392532488233,0.091231529431195238)
 (-1.159615340086412,-0.090817585999295514)
 (0.96790236073579206,-0.0259466946871869)
 (-0.96585079469189206,0.079768889399668974)
 (0.82482741281505279,-0.053067452206804616)
 (0.96805794228593656,-0.072706717836009987)
 (0.88499796313618118,0.048618464158608099)
 (-1.0086786939425127,-0.11831955145370605)
 (1.0838614359985703,0.12600058166296471)
 (-1.0593183277305203,0.098997706788602258)
 (0.98231956633773809,0.049728229166220307)
 (-0.95684869441837916,0.063206535784889592)
 (0.94228714768240596,0.037645918242783655)
 (1.0157882698920861,0.042342155296358902)
 (0.89457660334671596,0.037718814330276261)
 (0.94454403504884554,0.11585362527652343)
 (1.0846245542882738,-0.036885751164750874)
 (-1.0514681580883687,-0.007483103627559772)
 (-0.94800035760140011,0.10485272765279111)
 (-1.0575749509971002,0.1665757664017008)
 (-0.97103375036048323,-0.12295454226411376)
 (1.0155797232505028,0.061132951942957363)
 (1.062055460190013,0.028088485224497153)
 (1.0149834688707344,-0.013354114959112429)
 (-0.94898346484754237,0.096258112063273976)
 (-1.0216883859796653,-0.032846688658011325)
 (-1.1401408407055309,-0.043699442040678528)
 (-1.1406374961193251,0.0033101542486323379)
 (0.91465043644568389,-0.11698746674910182)
 (0.89016430470075358,-0.093728335926607162)
 (0.94628852490941062,-0.0084271850730309409)
 (0.9749736933848987,0.047757741029149765)
 (0.96608482450275579,-0.11900588520087241)
 (-1.0131015172044338,0.10935630404068411)
 (0.96918310275258224,0.013287764810484937)
 (-1.0340578250155463,-0.026663667986439283)
 (1.1160354427574419,0.0817764056709753)
 (1.0217607871042669,0.028112196794875172)
 (1.0036290422378629,0.039807235389668426)
 (-0.98876344156462337,0.091992052938700247)
 (-0.93789223556305357,0.024395116028841854)
 (0.93412538842151793,0.11171519034152554)
 (1.0102617267741221,0.080841545905025958)
 (1.0403374271071923,0.11729732778962049)
 (-1.0951821204875167,0.0082502756347839004)
 (-1.1062399094903892,0.010139769600632516)
 (0.95514693881247104,0.072643428491162509)
 (0.97464003366616481,0.10085098505304924)
 (-0.90982837154849805,-0.047022618186273679)
 (0.99854472228523039,-0.098286570809965279)
 (1.0247124006328576,-0.070716931334887753)
 (-0.94674225819832047,0.093252311493516038)
 (1.0629001997011684,-0.049667981596632001)
 (1.0839704065654965,-0.16252280330007535)
 (-1.0921313294858526,-0.0049622218401144964)
 (-1.0911643692565971,-0.1236078934643023)
 (-0.96802766371473292,-0.065109842991327133)
 (1.1408376367144357,0.043885239612971104)
 (-0.87931871234166592,0.055960225328342585)
 (1.0144385267743956,0.0033772078283590859)
 (1.1519756831500925,0.025311924428771639)
 (-1.0018938536291211,-0.039917536471066217)
 (0.93673789244677874,-0.057243908718715091)
 (0.99878002990234349,-0.1139641483454763)
 (1.0739407351934391,-0.042149907638394719)
 (-1.0528917690353938,-0.027271501798551118)
 (-1.0278528544528123,-0.08974389033782694)
 (-0.98494764264527757,-0.10891867128511604)
 (1.0322539117318479,-0.038827388803575114)
 (-1.089689374320358,-0.056516709172611423)
 (0.94473356754048676,-0.020723157164301759)
 (0.89911582952040003,-0.033820598359840137)
 (1.1290615134254351,0.027441345351414834)
 (0.95590316180423873,0.090170422374507911)
 (0.99738661142563168,0.057668260154457696)
 (0.96274554457893158,0.067328075024776599)
 (0.97521642118027674,-0.018483331554608903)
 (-1.0204056527741618,0.054936416524693513)
 (-1.075948431253027,0.035715989704098096)
 (-1.0896854857212313,0.051716790234406285)
 (1.0589438463615559,-0.056776679855928248)
 (-0.97660937331483966,-0.017539582071885305)
 (1.0169577657008744,0.063323301037559371)
 (0.98640348227427044,0.059584451982524392)
 (-1.0378667507246127,0.024071897495023253)
 (-1.065273067014211,0.099092954251031262)
 (-0.8927500242881703,0.09116210873020486)
 (-0.96971889537152889,-0.031706006355648374)
 (-0.93202040264230723,-0.027181244731813499)
 (0.98600524682829993,-0.12212190607367715)
 (-0.88297870127760458,0.083720627513558216)
 (-0.91877021018806004,0.0038185404721039402)
 (-0.99925514275311456,0.15064198618914496)
 (-0.86877140045747503,0.034030851873549248)
 (-1.0647568170002191,0.056651888895335137)
 (1.0163151821162526,0.026952699658741398)
 (0.92392192925857231,-0.011230861578856652)
 (-0.9082173387882424,0.032697203659239074)
 (0.99646644291751463,-0.075607760088947817)
 (-1.027343990949249,0.058757764150258879)
 (0.95585068267670614,0.11551264422916066)
 (1.0068518868173923,0.028520160730244538)
 (-1.0957383999235244,0.011968512294875444)
 (0.98442236742429312,0.010066421813625263)
 (1.1732330679031016,0.019864662561949419)
 (1.0732465665169797,-0.14317786106947736)
 (-0.9947012960259014,0.010018923606660797)
 (0.93965957594367966,-0.099404199801654047)
 (-0.98891061729273588,-0.12009814760747831)
 (-0.94455362577242108,-0.017038874760044977)
 (-1.0932892118077142,0.0010508684397944541)
 (-0.96614132103366224,0.052368604692540371)
 (-0.97362582994086888,0.0092292105264236441)
 (-1.0677473933879185,-0.13143096715647237)
 (1.1090452762520477,0.064761577197152809)
 (-0.94399059549431308,0.066802964378302562)
 (0.86353544902850565,-0.035819864163554795)
 (1.053978433275611,-0.14089903763389841)
 (0.98901403524832121,0.052205179899074042)
 (-0.95661135396073727,0.077330868545831807)
 (-1.0093252785660722,0.014579020712194397)
 (-0.96967831006133098,-0.033889616871066446)
 (0.94381227705387727,-0.1320615157907061)
 (1.0177219593699578,-0.01811127493600528)
 (1.0053974223342426,0.05723843150360497)
 (-1.0390730869440015,0.092478385349480607)
 (-1.041033395335857,0.041714858912692776)
 (0.94440955065962562,-0.078815533093506293)
 (0.93352675845084376,-0.067055589829845511)
