# Created by Octave 8.4.0, Thu Dec 11 09:47:20 2025 IST <gamana@Samsung>
# name: awgn20
# type: complex matrix
# rows: 2048
# columns: 1
 (-0.916075358405122,0.051533701664031054)
 (-1.0754723069674628,-0.024068220590797162)
 (-1.0386798785295255,-0.11200202379932037)
 (-0.88886194656905237,0.028920861823761086)
 (0.96339420290043887,0.039258885258631422)
 (-1.0330872616465556,-0.060242121881244032)
 (-1.0928288811008566,-0.054103888047526)
 (-0.9516912130264602,0.0086049048490668186)
 (-0.98056162984386996,0.028474646398305676)
 (0.9162563912833519,-0.081836930013631459)
 (-0.9832872641877004,-0.055517414123369871)
 (0.99370261224241407,-0.064748524723180642)
 (-0.946280483500477,-0.0011035755344847391)
 (-0.91713882204149144,-0.040014404699978724)
 (1.0404766144702258,-0.07533370373819219)
 (1.0803489445112342,-0.1293491596319214)
 (1.0129823690719661,-0.084567765453991875)
 (1.0485844024890487,-0.10451054414308332)
 (0.92760934830117547,0.0063390500872649389)
 (-1.0338558347878086,-0.01848302360874074)
 (-1.0948098361173781,-0.041550033832565419)
 (0.93776296668272097,-0.0018612905786005503)
 (1.0547247538906266,-0.054450820015557316)
 (1.1113519116284092,-0.071121629216087098)
 (0.94439958677371838,0.088905298283385698)
 (0.9614115468741109,-0.0077674382991926088)
 (-1.0888355767250917,-0.035743093745150209)
 (0.91149267973585235,0.020008406395249818)
 (-0.96935643245068925,0.01974598604883776)
 (-0.99971579211525641,-0.057921103118084849)
 (0.91239830257530086,0.12446084038662193)
 (-0.98217805858453511,-0.017336751420101333)
 (1.1137318344968639,-0.02738533036390985)
 (-0.98504460733629728,-0.078741782397214272)
 (1.1154776406607789,0.014799634821939536)
 (-1.0220537227639355,-0.010792594993862243)
 (-1.0081624402418106,-0.032321252884571543)
 (-0.96867346649258335,0.010958602730692824)
 (-0.90725052424690555,0.07444393318922353)
 (-0.99564123515913217,0.0011545245332224552)
 (-0.98114250560414462,0.068837697928969294)
 (-1.1733298589923005,-0.0026818501040394788)
 (-0.91924248432597144,0.011229115041672507)
 (1.0740111897392595,-0.049067560738889605)
 (-0.97202765904516741,-0.026304866670331717)
 (0.9659817523940476,-0.017876250800885861)
 (1.0739494036178747,0.025672169326902257)
 (-0.94420773432002969,-0.016970714290897339)
 (-1.0683191196155812,0.034402831238098307)
 (-1.0114851727904941,-0.15804882186123562)
 (0.99273098496474921,-0.057099754353454817)
 (1.0148640864634395,-0.031318499541327816)
 (0.94754176635952025,0.071067739651390432)
 (-1.0540506878182259,0.013658592481408464)
 (-0.94746171412003355,0.042007572139233652)
 (-0.99692004924053323,-0.030489797908103584)
 (-0.97916927910882889,-0.14199077070218055)
 (0.99910971518855152,0.057422106587719117)
 (1.0906675490034607,-0.13469675818058102)
 (0.99135111361965189,-0.12346268901551821)
 (0.95194658578385871,0.12138076649988948)
 (1.0092191603647853,0.11772420833514596)
 (0.98569949631021614,-0.036309393416432426)
 (-1.0688410601370451,-0.047916142815123394)
 (1.0053810523842839,-0.022300682751542705)
 (1.0080904795389616,-0.021165814803331587)
 (1.0221444107669504,-0.062672208076310604)
 (-1.0454508212070774,0.12773244134477446)
 (-1.1724754461190894,0.22888981038114578)
 (-0.93758942410221668,-0.033413801089047047)
 (-0.98521148324177676,-0.13521121958428267)
 (1.0717913015306721,0.048220592799624873)
 (1.019525485403054,-0.10039326614601835)
 (1.0883750864781054,-0.10831025763150609)
 (-1.1490248464019117,0.10770799137409931)
 (-0.91464128768869934,0.063921997551420445)
 (-1.1042693761042868,-0.093621178575638009)
 (1.0353775188837824,-0.073610092506086522)
 (-1.0441068263599913,-0.0021485331314119943)
 (-1.0249459587635166,-0.018922640009647655)
 (-0.9051936586744731,-0.040095303656066346)
 (0.93288659571341026,0.083623636459215361)
 (-1.0015610552082896,-0.021055388107822814)
 (-0.93201984187020404,-0.13691617728518909)
 (1.0468505390972489,0.068138607441206006)
 (1.181362250328988,0.087347924605817556)
 (-1.0000059496469396,0.0010709762041007332)
 (-1.0085874656498557,0.14153132942886346)
 (1.0339270780183523,0.10096646006468678)
 (0.97748938030637256,0.12053297544778363)
 (1.087492226859087,-0.018623539014028183)
 (1.1406361575637514,0.17207750382222831)
 (0.86589506998455501,-0.071458924462446824)
 (1.2012633148038832,-0.041627416610425794)
 (-0.93849721710651313,-0.0037104148540608624)
 (-0.99628665081132883,-0.06183150855773363)
 (1.0501881629833243,0.026526845820838887)
 (0.88582576160905702,0.030937625227881356)
 (-0.93810429162883902,-0.016353457974399167)
 (-0.94920688390170915,-0.0089472388796096574)
 (-0.94424906817893739,0.047229142017600145)
 (-1.0944946724138482,0.052672518779184933)
 (1.0184063854071139,0.0025972529660179978)
 (-0.89068130239647714,-0.022768134210929533)
 (0.94605842886659219,-0.054533523372009285)
 (0.93597224424561465,-0.098756135487807595)
 (-1.0740160244583463,-0.028064664169453919)
 (1.0952582196046536,0.093370290546030854)
 (1.0055851337731609,-0.036823788388166002)
 (0.94079698405509105,-0.032293904411066658)
 (0.96547856640116758,-0.053282799769906221)
 (1.0895846997780649,0.052561651987318339)
 (-0.98486878171612469,-0.015881551541070151)
 (0.96364658601936726,0.033291141711091772)
 (-0.98849367944019262,-0.13830638684861871)
 (-0.89093807045446816,-0.0021627183018670692)
 (0.93290590803791806,-0.036018031083205164)
 (-0.92980497031149789,0.082375849394386594)
 (1.1507369627670925,-0.073837441210256663)
 (1.0481014449259218,-0.12556518046600784)
 (-1.0600775251483456,0.0090222436584987808)
 (0.92579674345227991,0.056690700063471093)
 (1.0210706053896617,-0.05105764290570261)
 (-0.95593590764678527,0.0029006345810526314)
 (-1.1158048818530069,0.018404003686958579)
 (1.0537961484642087,-0.084929538331023346)
 (-0.93306932474711302,-0.047911408573512462)
 (-0.95815981019859708,0.045150738686434211)
 (-1.0451999014409654,-0.00035498890585898687)
 (0.90966161311469529,-0.1019613437087438)
 (0.98454611264869019,-0.00038861785230143517)
 (-0.97343559978402183,-0.21710228303119192)
 (0.98565298497728393,-0.153672220239605)
 (-0.93391251340864134,-0.042680729268573123)
 (-1.0556088017827761,0.0035496257313661801)
 (-1.1443292824335267,0.075194126691652777)
 (-0.9506662602804351,0.044322307215491547)
 (-0.93153910483736413,-0.099636811872295561)
 (0.8500330090959437,0.026455565773899504)
 (-1.0611842800254851,0.071742293811808744)
 (1.0637061231547773,0.15565851368714198)
 (-1.0399970584794485,-0.067007624278484723)
 (0.95475509468458974,-0.034899212910273272)
 (0.99581680436895348,-0.018978887625339752)
 (-1.1134580782163552,-0.10022000319001226)
 (0.97737246490483132,0.1385893448156548)
 (-0.99006422339021527,-0.014461430692670233)
 (0.96611495149518722,-0.066582532598536512)
 (1.0700569304186824,-0.022594738727150489)
 (1.0851772547770611,0.057569647886497502)
 (-0.99313936591338425,-0.017380408662728924)
 (-1.049896539587587,0.014721975672022065)
 (0.88452652248417818,0.0048825994755174055)
 (-1.0580458702097348,-0.19689893130389047)
 (0.92217594255909341,-0.042022964536986472)
 (-1.052211425813957,0.091748932553253337)
 (-1.0338817425197284,-0.01416723746138702)
 (-1.0280504191212414,-0.10600273008453907)
 (-0.89782702914919177,0.070548089578488279)
 (1.0390464948382143,-0.0342456815767044)
 (-1.1567849837986233,0.049982361096090951)
 (-0.9240934978475781,0.042765778667076502)
 (-0.91812382736469988,0.056792047228835574)
 (-1.0680979335034295,0.094228403101529815)
 (1.0375379578232953,0.070546569771516215)
 (-0.9902350363351976,0.044278062942833207)
 (1.0803049914843581,-0.027842285269900666)
 (-0.96775728016801821,0.049716141339361898)
 (-1.0394223600964023,-0.047017770043357145)
 (-0.98808874575176997,0.042194943093895446)
 (-0.91057032488748768,0.063093431943221631)
 (1.0120822575774984,-0.019925335006344452)
 (-0.96948111680919247,0.05485800481507222)
 (-0.99584089980445045,-0.079095246276047193)
 (0.99821952821468629,0.0270377000660985)
 (-1.0187227596394648,-0.012405309386914596)
 (-0.93545266410375716,-0.010132760795555151)
