# Created by Octave 8.4.0, Thu Dec 11 09:47:20 2025 IST <gamana@Samsung>
# name: rician
# type: complex matrix
# rows: 2048
# columns: 1
 (-0.85468953552997473,0.53941641449175814)
 (0.65515117718700422,0.3524752433821231)
 (0.83710926438017053,-0.23580379521227893)
 (-0.8107942876072709,0.027001250244533256)
 (1.1140739979613605,0.16501427310168024)
 (-1.1983750084325011,-0.027067608796846127)
 (-0.80712107764943442,-0.47499568766377759)
 (-1.282021079986696,-0.14875271939471069)
 (-0.48354365501299829,-0.26499750598954575)
 (1.0704964212770156,0.22817907105879445)
 (-1.4665117320802206,0.068537332801654305)
 (-1.9629531362169894,0.041841098963074183)
 (-0.53214815238528401,-0.053583445879752861)
 (-1.1902977192910733,-0.021638557407054643)
 (1.4606928702995832,0.30636772324904632)
 (-1.0533996721735999,0.48094134958696044)
 (0.86536416778931957,0.18511810232980414)
 (-1.0541495092282105,-0.12157089135080817)
 (1.1785106024720526,0.20283688729567029)
 (0.73001961851576569,-0.071110773450043768)
 (-0.74005010456764619,0.06143078814215535)
 (-0.9757460578239574,0.11298038255472093)
 (-0.7471672158141569,0.55382373499473692)
 (-1.0513797262658948,0.18078212660412227)
 (-1.0433087670394865,0.1836847664758873)
 (-0.53889599974030411,-0.33070942175223172)
 (1.1281787165565582,-0.085041493696684234)
 (0.88494334503140737,0.43306599796375184)
 (0.40721921544977768,-0.0074927881387897837)
 (0.90164887482236655,0.26967899727637995)
 (1.3056950357137629,0.2510464279898359)
 (1.1863129683419888,0.78248407719764468)
 (-1.29998927468348,-0.34782224289270769)
 (-1.2889567072567341,0.028926208228673322)
 (-0.77046769038048968,-0.037952266759581049)
 (-0.56293546407158646,-0.21103332250752571)
 (-0.3468253605154682,-0.071359179671093995)
 (0.98215952094951553,0.40675390265396377)
 (-1.1544438936459764,-0.019076784386896768)
 (0.66026112091939071,-0.10422528116072037)
 (-1.0073854508816242,0.1211646905375888)
 (-0.67741633278943381,0.084372508756917777)
 (-0.75748799321581617,0.13206201639420412)
 (-0.05924725880397852,-0.62744682946252639)
 (-0.98557758685988273,0.10432351995004102)
 (0.43834671077838339,0.17641602694265796)
 (1.1320851984863896,-0.2153654126759475)
 (-1.4773160198915019,-0.223031325825404)
 (0.56774341991349631,-0.011149261050193676)
 (1.2639254846769976,-0.35777914031901753)
 (-1.2172174505967854,0.23913970769611018)
 (0.80743835914763251,-0.30414569065666508)
 (-0.23469349264258432,0.066438646658568912)
 (1.5716844653607458,0.32679270090082613)
 (-1.0369813967420947,0.021949904662590704)
 (-0.65262632347257532,-0.13089267568091936)
 (-0.32720014529347241,-0.87744868415338118)
 (0.67050351526302165,-0.42461658578832928)
 (-1.0243421462552478,0.1924597522268848)
 (-0.60788315481052768,-0.46001399866969322)
 (-1.3864208593441796,0.059338516953991297)
 (-1.0857172585747716,0.20416126954582395)
 (-0.7488454385602954,0.58910055703028108)
 (-0.69031814976171813,-0.10532248125885418)
 (0.84279509474467951,0.34996605887673476)
 (-1.3650491821877897,0.28270740449565224)
 (0.68894636001715814,0.18674251840975728)
 (0.91426089319687531,-0.24835713737875953)
 (0.91434507781819963,0.26396868264335971)
 (1.085099550127236,0.15970450309532536)
 (0.84035775151665171,0.38919983154504373)
 (0.58853485162210828,-0.34575720010435562)
 (-1.3345200200858793,-0.44492602165647571)
 (1.062708489931512,-0.46255522090021495)
 (-0.30405337209379746,0.75887239443460486)
 (0.54478313070921314,0.31955224444896924)
 (1.1205657745107609,-0.46201087535736579)
 (0.79914819023205541,-0.41393372898570241)
 (-1.1869994429532706,0.63366475731043692)
 (0.15371232667956736,0.19795615837103153)
 (-1.0046646534588946,-0.23320872141148541)
 (-0.86698320529391959,-0.63556657172162567)
 (1.082003711084278,-0.095117027847240188)
 (-0.76595488463647565,0.22973724859970474)
 (1.3804972449737776,0.10534927341902009)
 (0.94385574147551221,-0.68274412562406483)
 (0.66348229059592223,-0.44232489758178256)
 (1.1226036655281666,-0.35202096022014956)
 (-0.79153548513745775,0.15588143628020817)
 (0.47372725844200642,0.076514082417930021)
 (-1.3518489772721203,-0.66073652716735376)
 (1.124377618601387,-0.18329526274778021)
 (0.77094664331598195,-0.42839769778647169)
 (0.11233740329264685,0.13836290789768638)
 (0.03159848571024293,-0.35736630423818538)
 (-0.080404641941485111,0.01303315540760156)
 (-0.68645108187686599,0.23758619566371758)
 (-0.6148476905008059,-0.27721598395093999)
 (-1.3056447526965125,0.02088187663739953)
 (0.88834344079383354,0.092130259648741275)
 (0.39500585281065753,-0.017366612909439597)
 (-1.0356074766847689,0.56476125898802376)
 (0.081552573180125099,-0.37665349047995106)
 (0.981058811411472,0.49528645522181891)
 (-0.69163758299287048,0.10305388504841552)
 (0.71493867898164287,-0.15173304090789924)
 (0.73843625324252837,0.10397040517531578)
 (0.9400732879455902,0.28242675199453759)
 (0.66177310165031678,0.10303686731186151)
 (-0.11238716829733975,-1.0933835545341828)
 (-1.4321959520951952,-0.25067086675174888)
 (-1.0452608459940982,-0.4859034753839277)
 (-0.89052499777538008,0.34197284971763886)
 (-0.65537952242871933,-0.34405325945418519)
 (-1.5126789865881831,0.05290085885724808)
 (-0.97464038521280494,0.17018684736110329)
 (-0.75487662482327467,-0.24596204637907679)
 (0.3265263425178262,-0.33093033461978205)
 (1.3211306992742078,0.40540572600280511)
 (1.4493764569598955,0.49102622165211657)
 (0.53470267309228903,0.18864225932796283)
 (-0.69810578685164748,-0.29817669471314151)
 (-0.67671314413260741,0.82095314421981136)
 (-0.45816595994947068,-0.095384019127440045)
 (0.72033737599019609,0.11730663039409028)
 (0.60126955421561767,0.57631031025534507)
 (0.87910291339105284,0.2687432820499347)
 (1.3085606690016927,0.2333503148905467)
 (-1.2541776753567158,0.10623164290880796)
 (0.97067634617132126,-0.35444797332541972)
 (0.32491553394760442,0.35067548844703422)
 (1.1912868084138055,0.15147193933828992)
 (-0.82886452199364247,-0.22045876001994802)
 (-1.1299799247285711,0.53743005563229873)
 (-0.36086380874543944,0.12181431219508511)
 (-0.83105923285951333,0.17392901787921772)
 (1.4320695544477964,0.63003436611435071)
 (-0.74692868339466667,0.11827667310771678)
 (-0.18371037337824214,0.07272635254878243)
 (0.50073117485864715,0.23283080175597864)
 (1.2114795859032594,0.084621960071248628)
 (-1.0749358037084507,0.72331074794069417)
 (-1.3285225781821524,-0.34174670943431312)
 (1.2748986068866905,-0.13414049150141846)
 (-1.1323253043910328,0.24482853086908316)
 (-0.68930236032089676,-0.11924800212803834)
 (-1.104257381264224,-1.2088833473075919)
 (-1.0920968766165613,-0.35799112206657763)
 (-0.24590939897216701,-0.39959713094463328)
 (-0.38809957898172021,0.20482440807520808)
 (1.3693707969570399,0.62583542267446524)
 (0.26644892666261699,0.32860304145948371)
 (0.65473292904616476,-0.19892668228360527)
 (-0.95516666483500234,-0.4160670688226234)
 (0.48136903708179019,-0.6681076785500264)
 (0.83958663716656878,0.14998539047569615)
 (-1.3153794871412599,0.12046984101712781)
 (1.0767377670985152,0.18911138861465762)
 (-0.72718858306712852,0.48546710890492811)
 (1.5559022842737003,-0.87234562149951533)
 (-0.99645448946779935,-0.35191362573386131)
 (-0.97503992663539185,0.59747387111692163)
 (-0.99903721927449318,0.048684620440480164)
 (0.51461457871058847,-0.30713594194924609)
 (0.00050937596691968956,0.38726628138070207)
 (-1.742127126324915,0.27197623493027429)
 (1.4355174345678288,0.34489334826958251)
 (0.64439369427342408,0.38257301760181545)
 (-0.87024595577248576,0.35428441173091535)
 (-0.86715262052418252,0.0054387924789572701)
 (-0.62394255348447603,0.16951095317878814)
 (1.0817806444163027,0.074337433660627325)
 (0.44514448606719009,-0.028697112359935405)
 (-0.88521460658488793,0.17990779323581105)
 (-0.36358720577318893,-0.15359283977843496)
 (1.7328994675560458,0.038186553798727062)
 (0.68472101257663642,0.20667796641631939)
 (-1.0217671708646265,-0.0037348208248640419)
 (-1.3470252960200548,0.065728611879446161)
 (-1.0948879163437333,0.14994392088532865)
