# Created by Octave 8.4.0, Thu Dec 11 09:47:20 2025 IST <gamana@Samsung>
# name: awgn20
# type: complex matrix
# rows: 2048
# columns: 1
 (1.0332802612159908,-0.082568954601361932)
 (-1.0047046875863967,0.14094934513640514)
 (-1.1346197062162502,0.055309864816514669)
 (-0.98482011971849459,-0.10787924083817753)
 (1.0452098589345626,0.22327155529743067)
 (-0.96564331090245437,0.010353371506772846)
 (0.99195589914572035,0.062557055644232834)
 (0.92898394673724427,0.021998460792296417)
 (0.99524466911101273,-0.039957821832809798)
 (0.98606138354127082,-0.078271295985959499)
 (0.87650536687190406,0.04987429541067398)
 (-1.0111683593295815,-0.18066713098999573)
 (-1.0370527265054004,-0.088883215337507995)
 (1.0767454963368654,0.066984018520199667)
 (0.96998691474075349,0.016202271796574751)
 (-0.98375042073022501,-0.02816950023506129)
 (1.1906871556763958,-0.023277192316791505)
 (-0.99666873111186438,0.02956432961714732)
 (0.99484434739565164,-0.06488073039701435)
 (1.0359336584791183,0.10551725032455544)
 (1.0764669292362108,0.13488804397852588)
 (1.1771858850134331,-0.18665975585010511)
 (-1.0439308398219738,-0.23286578425872417)
 (-0.94908549254990215,0.077177061938933006)
 (-0.9931107595406794,-0.12762184650330835)
 (1.0121472286044915,0.057457898843686697)
 (-1.0180590274743544,-0.032700188324223174)
 (-0.98286020244036054,-0.057615053846145139)
 (-1.0500647721863914,0.099289608833953769)
 (0.91597037450597485,-0.047697677544732253)
 (0.95718260523769871,-0.063360775811567349)
 (1.0900078863458544,-0.02535581469463008)
 (1.1086128054269051,-0.14635631589057815)
 (-0.97744358644392282,-0.099105797242871149)
 (0.90168881018127101,0.08429506666360842)
 (0.8756596420025855,-0.035168305680222139)
 (-1.0745788938314695,0.073411758493475684)
 (-1.088659129411695,0.073975774265578637)
 (-0.90215725425929671,0.018043152635704073)
 (-1.0685828567147113,-0.057468877321000866)
 (0.99122450061647027,-0.039784669198348221)
 (-1.0147733831613759,-0.02286644130265765)
 (0.92977442629595231,-0.025503612270327582)
 (0.98205740623625259,-0.050393623013254799)
 (1.0321079891139529,-0.017127546352351117)
 (1.000122613941711,-0.059093791131441559)
 (1.0866220176518968,-0.10197570309879432)
 (-0.95729594487539793,0.11606763149806953)
 (-0.98003029165850042,0.0054518912054212151)
 (1.0444542224680378,0.045164433059409911)
 (-1.0733844290183292,0.0088655089379941418)
 (1.1131677351077598,-0.083984197196069726)
 (0.95637986541781594,0.072446037531605792)
 (0.95688885909919508,-0.093018037024821296)
 (-1.0505286940523582,0.022580009483552363)
 (-0.98457909344908134,0.053430962687615394)
 (0.91261898311235934,0.090941056170747381)
 (-1.0245159075243866,0.0084043691171958642)
 (0.97273941803071751,0.14699792959223454)
 (0.85979518853539005,0.0091498353765637717)
 (-0.91110699137152928,0.012378275070654345)
 (-0.98809871611261679,-0.056747254117340634)
 (-0.90818996122066564,-0.007054144122428517)
 (0.98199956543194256,-0.11239524311104335)
 (0.8913399198888422,-0.062880565636109886)
 (-1.0742601565096268,-0.11059290657251822)
 (0.88048071053890276,-0.031954460582015738)
 (-0.96002367590523285,-0.091235178781024828)
 (0.92138099706919974,-0.095016674158841241)
 (-0.98312016617801079,0.09680081142204483)
 (-0.91056806995367723,0.007448714986350715)
 (-1.0118613560816474,-0.064280731151092646)
 (1.0242902297223664,0.060421226090201001)
 (0.82046860394950538,0.10720224785789734)
 (1.0491332805876252,-0.083917722198514802)
 (0.93075488103714343,-0.031263223560732523)
 (0.91814461088917221,0.075533855249853982)
 (-0.9239213376046187,-0.092633876360599318)
 (1.0288537506210442,0.0086362718237151352)
 (-0.93734397737537156,0.032790918315972195)
 (-0.96752292291056374,-0.089972067627931931)
 (-1.1120100877565136,-0.06440751925087794)
 (1.0546635333412828,-0.088881388112091217)
 (-1.139563969906308,0.06024334848727856)
 (-1.0163066369944498,0.086998781899041991)
 (0.92618060546984093,0.085879992867294877)
 (0.99581503237191338,-0.015907002076681626)
 (-0.97137922163521573,0.11624458160817371)
 (-1.0628278291455278,0.058232683312907686)
 (-0.97224389186919946,-0.042970385682341454)
 (-0.91900748265813259,0.10668003645587626)
 (-0.92088760869830655,0.069156191994427296)
 (-0.95224085675632275,0.03697044455466867)
 (-0.97558433679575174,-0.092594224950398818)
 (-1.0073741448342683,0.12779368550288669)
 (1.0325491267835996,0.064474732059071935)
 (-0.88615610055796323,0.031463423544144969)
 (-1.0422724998809216,0.0052505752263534745)
 (0.92594333107443394,0.094155215632721903)
 (-1.017418056517283,0.022298400631111211)
 (1.0739246034544332,0.020820371222520676)
 (0.98298367562976074,0.056087519862249746)
 (-0.93874839046625669,-0.045337537445163167)
 (0.94682262124302996,-0.077311205714185344)
 (0.9540503930912505,-0.21396444273156862)
 (-1.0998043974734577,0.079517564250207534)
 (1.1647696404241339,0.016748799239707193)
 (-0.95703994222022504,-0.15500868155954736)
 (-1.0582877950359537,-0.030728235110939237)
 (1.1312965560844404,0.061225234654087815)
 (0.98210914282771156,-0.11456045609396853)
 (0.90842644355327795,0.046933694395242136)
 (-1.0727690616704264,0.0073002140494413462)
 (-0.98091434899526897,-0.013696259108944215)
 (0.9452034713312899,0.0077906369331942858)
 (-1.1329102388613885,0.16041827363321084)
 (0.90245478532419798,0.096202924652630209)
 (-1.0091321304110714,0.14478666472579302)
 (0.90154551732510502,0.036299755180112907)
 (0.93016656583141599,-0.052858929044756711)
 (1.0483440383430211,-0.039184743315573235)
 (-1.1092551073923784,0.057977986309387469)
 (0.97344954839276621,-0.063083926523224962)
 (-1.0408519025878553,0.089721320715573621)
 (-1.0004882345073687,0.12836382541317132)
 (-1.0099840207353277,0.04617174251383082)
 (-0.94175420176870284,-0.0665614191086457)
 (-1.0641384579059583,0.035027527350199712)
 (-0.99175751412398361,-0.045507300004006053)
 (0.89529342697153291,0.0033482309254556858)
 (1.0519658263334253,0.074196813971366835)
 (0.98784803364123486,-0.032800943992502066)
 (0.97134808476205303,0.13732890740776357)
 (-1.0354148989674294,0.060858179895914466)
 (0.84099779700806032,0.050148807242854782)
 (0.9947422117338981,0.056263272395189273)
 (-0.92059881857239045,-0.12987909596101502)
 (1.027892509903009,-0.077507634013222165)
 (-1.1164504922871246,-0.012765356627884767)
 (0.91865350488478981,-0.047519915856204679)
 (-1.2101803305793599,0.036876963143132109)
 (1.0867460473204091,0.059027301960494195)
 (0.86722049787081978,-0.091326874352407203)
 (0.99764404801134909,0.011794049473896831)
 (-0.90447956197705159,-0.073382333300265279)
 (-1.0657067726159282,0.098859540707768173)
 (1.1220356606057624,-0.096568194037834496)
 (-1.0030672377669989,-0.067852161601070202)
 (0.99193973253673828,-0.11487140859112066)
 (1.0676306626229541,0.043613019695399699)
 (0.93132401330617476,0.015703335250178814)
 (-0.96305806806249461,-0.12678251843704144)
 (-0.73602737853378764,-0.038518348926466321)
 (-1.0363289418622224,-0.10344292796105969)
 (0.90240664563486761,-0.044739709047275193)
 (-1.0505050575741919,0.025804062508043471)
 (-1.0257015728423335,0.052470701778972832)
 (0.98532910056713074,-0.17617025881477297)
 (0.97921122380850845,0.055845986156877296)
 (0.99002945698700406,-0.086547517280784317)
 (0.98558175193466102,0.036431333394820367)
 (-0.93348090756531799,-0.065239549616789086)
 (-1.0199236304112271,0.10907170835185354)
 (-0.96892921966978507,0.079563590254666514)
 (-0.99585141942013111,0.00078033712080315446)
 (-0.96963550829975165,0.04310755589052629)
 (0.99443550068251585,-0.026653529976688087)
 (0.88723515018901933,0.042681411292516042)
 (1.0608406570768603,0.16243678091297398)
 (-1.0017856948937742,0.054817965266700103)
 (-0.86600519726617708,0.071434928270153561)
 (-1.0023602753448979,0.066599979359407521)
 (-1.0266620455943207,-0.060625665787104571)
 (1.0543059442418412,-0.06786295338593476)
 (1.038367255487183,-0.081292125783489697)
 (0.95058849082662134,0.061350000234581203)
 (1.0206448493796159,0.05195010848801429)
