# Created by Octave 8.4.0, Thu Dec 11 09:47:21 2025 IST <gamana@Samsung>
# name: rician
# type: complex matrix
# rows: 2048
# columns: 1
 (-1.3944286952307887,-0.17515259384571139)
 (0.92898566919341841,0.42000140398680685)
 (1.3501850066760708,0.17766688825564886)
 (-0.49072125536078692,0.27642813195388177)
 (-0.91151430240908815,-0.61037195288388069)
 (-1.1952755652472034,-0.3193325805719997)
 (1.5105366631770494,-0.020652208922584025)
 (1.2469749565939268,0.091703424395375058)
 (-1.2324087883865782,0.22344170052982817)
 (0.91189082252182441,0.15284642955033803)
 (-0.73817624082336297,0.58090766043627273)
 (0.52842397752904136,1.0895508523997224)
 (0.3641998010176849,0.046851817190629232)
 (-1.177993846317269,-0.27208056443885215)
 (-0.35578920197967312,-0.16781784742494726)
 (0.88660440879629565,0.19927259022811097)
 (-1.9149153667092127,-0.54341784476994437)
 (1.0064888565348389,-0.059358419204965845)
 (-0.88562586417076372,-0.33235639780976273)
 (0.6681572235088783,0.35589587629682229)
 (0.98751867634023205,-0.11129886545764257)
 (0.42334568361811176,0.38795037511185371)
 (-1.2673918598053671,0.40064705480958979)
 (0.7833841952663918,0.32480442837500034)
 (0.74118671684121429,-0.16790876622613143)
 (0.92267526657079013,-0.86550151267540143)
 (-1.2117426682734673,-0.3302835374084731)
 (1.4131751672218726,-0.043112043236018527)
 (-1.0975765087194718,0.12902909512830077)
 (0.52466860861953635,0.12544330397262959)
 (-0.77319455310187735,-0.59748746532457853)
 (0.59026385842882134,-0.02703106793810096)
 (0.50217484887969899,-0.3747627947939155)
 (0.50962169313016092,0.31855305704122794)
 (0.6792305220058672,0.046676664111827179)
 (1.205169583044106,-0.34340392572359929)
 (1.3509658633309654,-0.20654647065077786)
 (-1.0019470053157944,0.46197870765297289)
 (0.62891104578316837,-0.067499600192462428)
 (1.1576585080495609,0.86834715750296187)
 (-1.0357133526794444,0.25410941341680765)
 (-1.1360864833154021,-0.67038935559892654)
 (-0.59891437981763329,-0.40933330415942826)
 (-0.92883222535510046,0.29202725869153423)
 (0.79493261706507723,0.071495693724275736)
 (-0.78989413213479576,0.019911993270548999)
 (1.2281766315467799,-0.079596522690210295)
 (-0.81864990980138286,-0.53218238210422941)
 (1.3127297966721203,-0.067350411067758562)
 (1.219172135671998,-0.32985028889340506)
 (0.13439127257408079,-0.10790594180702082)
 (-0.21565748226469506,0.76941291800895162)
 (0.77470629068246388,-0.3325033823937254)
 (0.94251904399924735,-0.37583347148287327)
 (0.65359786873921166,0.33803407714062572)
 (-1.1142818664169742,-0.065529056618632855)
 (0.070270935952903235,-0.14452979450381917)
 (1.6309257133610042,0.012767475232270238)
 (0.49354273779139274,0.093913509465951617)
 (0.65911755181279841,0.65260398300112943)
 (1.0329579334766337,0.0073600597429322673)
 (0.72152666273329047,-0.13885410078330673)
 (-0.83441000729316928,-0.0092151581057304567)
 (0.96881031853648825,0.22583704415896511)
 (0.24438745965219244,-0.24745965348234489)
 (0.70269870967073644,-0.74549579634105967)
 (-0.5901430610527163,0.14029666431693275)
 (1.1828079301397674,0.36060862238245217)
 (-0.74276208641704811,-0.074745044744490577)
 (-0.90908514747816427,-0.071533140811204932)
 (0.65244764749514927,-0.023119085117046349)
 (1.4376805048929979,0.33466553385557712)
 (0.9290119759713269,0.41439036937557733)
 (0.56983777851786266,-0.10063231418801213)
 (-0.94712257520229459,-0.34741107195652382)
 (-1.0972625272011449,-0.075450611306413895)
 (0.86299378604174459,0.073975682475664523)
 (0.67908012265721052,-0.50559600382817549)
 (0.93090454758892116,-0.24185686071888171)
 (1.0615769459316184,0.36756621994263611)
 (1.8234325787072871,-0.72503009302070864)
 (1.3464935778833695,0.089717640783173278)
 (1.084892491540536,0.15537155716093742)
 (1.3465237176540643,0.52224571512358164)
 (-0.11956819364531002,0.13410661029478552)
 (-0.84599849333474542,-0.36320950540040792)
 (-0.15312089575934296,0.59498036044857072)
 (-1.4527479180040674,-0.20148730789310693)
 (-0.88670643947382943,-0.091752887215271375)
 (-0.95045215659176707,-0.07415481761315601)
 (-1.0453196861962897,0.013389225778736516)
 (1.1404771352526146,0.2084732276886678)
 (-0.43042073971660122,-0.0025534892213723414)
 (-0.26351592877491004,0.22807445286591438)
 (0.525635409522339,-0.23980826667308777)
 (0.98233227309827509,0.032714544269205774)
 (1.1596254438462141,-0.098078300110816155)
 (0.37865733357029024,-0.10679965530842626)
 (0.93554523824414149,-0.40755322231167551)
 (0.34159539019589302,0.020497600640403974)
 (-0.35902893007703685,0.081889629334548991)
 (-0.83581058782117734,0.091694078789854652)
 (-1.1700166875600173,0.93616585555316467)
 (-0.50804352211225501,-0.20878741657909408)
 (0.83874978825192226,0.7892680359851979)
 (0.98499580641026097,-0.38461907014754843)
 (-1.0217173949950302,0.060675451701359601)
 (-0.93892093285238831,0.14466295870413393)
 (1.1424112268556994,0.89200749798762013)
 (0.67605876377848817,-0.40729178974989899)
 (1.0461345330783534,-0.16332343263807766)
 (-0.73185461568796795,0.044614743332895335)
 (-0.66418762615387938,-0.03123089743493878)
 (0.35368173939267822,1.1606502059167858)
 (0.82568304518862601,-0.47218586680346025)
 (0.77163407724205024,0.34187383076134054)
 (-1.1933145524559967,0.35220469396666559)
 (-1.1539825108027,0.27946674140866556)
 (-0.80439480942104469,0.53571103876785353)
 (-0.88511985681951,-0.42483491018920888)
 (1.2744521392824417,0.19713352569757425)
 (-0.71320950555650464,0.024902845598585372)
 (0.9483565955650568,-0.39158587691298663)
 (-1.185152633544087,-0.42421392388923335)
 (0.81005188778381121,0.0052971538578420341)
 (-0.7797201024432534,0.36416449439630111)
 (0.67428693256290528,-0.023935907789016456)
 (-1.0093612636487288,0.083606229431890652)
 (0.65966594708935911,-0.53771437152215229)
 (0.69445680220027084,0.18408763972262618)
 (-0.21016658673715538,-0.47295093729946724)
 (0.69851959447240108,-0.22299143473057886)
 (1.3459835974505738,-0.15433215289743626)
 (-1.3565527909383528,0.56823591414437147)
 (-1.2800328254081297,-0.89200697385925409)
 (-0.52387504028543408,0.53240203479100501)
 (-0.87290806950860989,-0.37521051753700624)
 (-0.74904048692591207,-0.1823080969666421)
 (-0.89095637944140593,-0.076432249189603507)
 (-1.3215697331438432,-0.65710530996751915)
 (-0.91537993670989948,-0.0025833428812814781)
 (0.96290130413307295,-0.17298829438024604)
 (1.3547799890526087,-0.14289194197028263)
 (0.65391439039734855,0.44184373937994781)
 (-0.73320134693077199,0.13258135332475457)
 (-0.85570709498566933,-0.67585722077144261)
 (0.791486311381152,-0.34396827089922088)
 (0.99255246434287758,0.40674228151585129)
 (-0.66681006767834661,-0.18321459686520442)
 (0.6922180571051042,-0.1087432571649572)
 (-0.77388703382277835,0.13095379436744711)
 (0.50760488551330574,-0.4731247607902398)
 (-0.6321858412873167,0.13887618216998251)
 (-0.57735399668070009,-0.71598573272725807)
 (0.88917818966015283,0.352029519102868)
 (0.81536287191865464,0.19236273066790768)
 (-0.22759344083322552,0.42545482917616012)
 (0.58150268771746727,0.1879128887824458)
 (0.35294148215740662,0.62815875891489903)
 (1.1333501642841528,-0.23875492321215472)
 (-1.0729827320446972,0.25602441368357898)
 (0.97119828174924561,-0.16132267423510621)
 (-0.64044854367801951,-0.6617867107363371)
 (0.35519142791293634,-0.28743377281480709)
 (0.68855825192558529,-0.05373787053345213)
 (0.479390015559433,0.79632542090290281)
 (-1.1912739617544101,0.18703865167274972)
 (1.2015560842408639,0.59779301296071352)
 (-1.3062434201453867,0.20106690783629533)
 (-0.27136645457964681,0.17863215392390555)
 (-0.78338894345318444,-0.11398557618279365)
 (0.79652230167995486,0.21575408262742857)
 (-1.0771618396191185,-0.67787167035371521)
 (-0.51433830532139146,-0.35784540373349205)
 (-0.65333242413441339,-0.099356795298779998)
 (0.65309578661599677,0.20931177917371604)
 (-1.3325187395584033,-0.067237324105913057)
 (-1.0754463243054977,-0.03564827196528083)
 (-1.1598632404636697,-0.20369172039720812)
 (1.6882538579983173,-0.33201594801918194)
