# Created by Octave 8.4.0, Thu Dec 11 09:47:21 2025 IST <gamana@Samsung>
# name: awgn20
# type: complex matrix
# rows: 2048
# columns: 1
 (-0.94683650927015572,-0.046223798035489157)
 (-0.9209004593570782,-0.010674777184552228)
 (0.96030445133679998,-0.066280700840300855)
 (1.0299389412490401,-0.030139925106717588)
 (-1.125409823986965,0.017161816182734501)
 (-0.95119429319660131,0.0071656344448569375)
 (1.0657468541043047,-0.11039927899894278)
 (1.0385928591623474,-0.14033599409684214)
 (0.96553388797747774,0.02763102883622073)
 (-0.95597972484591487,-0.01032182927950928)
 (1.021997076299217,0.042965514277670674)
 (1.0519273608092385,0.094632688009226418)
 (-1.0677135656949193,-0.074493129758528537)
 (1.0026018255822047,-0.027745058073546727)
 (1.0004927134699848,-0.034552306857761103)
 (-0.97167558868480397,-0.026444019619029698)
 (-1.0443639027391374,0.077809377920249612)
 (0.90183499018497404,-0.045386276914161819)
 (-0.93627897622542222,-0.12050667902785586)
 (-0.86919704210003212,-0.02682792014403575)
 (-0.88496556528275339,-0.0930489289294094)
 (-0.99951318162765312,-0.043206897044053609)
 (1.0277868575432438,0.17794931741444264)
 (0.90314466307042007,-0.082820567948238388)
 (1.0839761870912323,-0.021332714891311232)
 (-1.0901945808913118,0.068445228588130264)
 (0.97829816121364255,0.092960283743779848)
 (-0.92376640154182132,0.041404280706359854)
 (-0.98019584315458363,-0.018300973776496789)
 (-0.98124023624868761,-0.067933247387009663)
 (0.99707194114946007,-0.069723558590712234)
 (-0.9694716516300339,0.07326658952893049)
 (1.0318572198817704,-0.062914695455170797)
 (0.89396258511332727,0.11913720805996689)
 (0.99919049711702268,0.050904479686085247)
 (-0.94467698897291952,-0.054423482743660025)
 (-1.1766343847970469,0.025021090407464933)
 (-0.9007748097883097,-0.1577456257183909)
 (0.89753388743851215,-0.037252976186602275)
 (1.0467554923985529,-0.012054834526875504)
 (-1.0435673375445189,-0.053414931144689405)
 (0.99532490956147679,-0.043822969225750262)
 (-0.94328472098193838,-0.045938338437308449)
 (1.0132325432652736,0.076846125215908778)
 (-0.93528950277264455,0.20124878617041164)
 (-0.98039725670840183,0.11780851608650141)
 (0.95647531711098599,0.0094324194567093379)
 (-1.0329523954764788,0.070291046861416198)
 (0.98700425831892713,0.07569121335692687)
 (1.1032335429977118,-0.076812232905252964)
 (-0.93538387292452585,0.080826115119589176)
 (0.96770169376203041,-0.16285701102881944)
 (-0.96688739514679045,0.08471019343588819)
 (-1.0858057037518365,0.026779165425364466)
 (1.0735344153158843,-0.1156210322730486)
 (0.80263318909049997,-0.098165968726266373)
 (0.86842506104714157,-0.048737332334451489)
 (-0.97026014307409136,-0.007003770159995315)
 (-0.9896724434017844,0.14901118919905601)
 (0.92063098395407528,0.041226664122188339)
 (-0.94620642313054382,-0.0030980093431572475)
 (-1.006733481683187,-0.092557116521628902)
 (1.0831355331859489,-0.045962378625441856)
 (0.91433184608238105,-0.015085040805063416)
 (1.0402022615618232,-0.19263903607607227)
 (-1.1567591998094029,-0.054639846291617805)
 (1.0740342946099661,-0.15112771025602845)
 (1.0814525114232909,-0.039162644181233532)
 (1.0727229006110313,-0.002862708321529784)
 (0.95550442747723963,0.012259862561670993)
 (-1.0772238898684432,0.057045483125002107)
 (0.96832441242818579,0.10342590169397055)
 (0.96413791355622358,0.056115477146951566)
 (1.0595767059760275,-0.081345005705544163)
 (-0.98873961342450511,0.010553089587085424)
 (-0.97164696224461733,0.025563265860017045)
 (-0.94720667904078559,-0.025843347399955859)
 (0.95376894000417423,-0.06855879786422879)
 (-0.88202498998323964,-0.011449552787716581)
 (1.0630521252404612,0.076636370103435672)
 (-1.0397012763075437,0.023874335435710346)
 (1.0259466395345029,-0.017359382702220958)
 (-1.0512545126103687,-0.020720283216901388)
 (-1.0972148423250425,-0.15747638813131265)
 (-0.99331140062682877,-0.022805260511926492)
 (-0.96278190619987636,0.066465862066559925)
 (-0.99630112457927988,0.073333357737565871)
 (0.99134573026596251,-0.063978586289193118)
 (1.0012092562870671,-0.023646444352560955)
 (-1.0219391128355986,-0.062907263603217453)
 (0.97785104033941828,0.026054569777679993)
 (0.96850667312030447,-0.0045507934075688901)
 (-0.97594257429531128,0.09354090181954082)
 (-0.90726552994141385,0.010318201150819876)
 (-1.0565459162850268,-0.098166532940476559)
 (-0.96165490095567241,0.06157709606565466)
 (-1.0563126810401919,0.056268961378198284)
 (1.0809216831311426,0.093336823851849715)
 (0.92581866576092087,-0.03955668368753093)
 (0.94959782180455299,0.059543088930457337)
 (-1.0016688939029446,0.0086886044842801099)
 (-1.0699864916323583,0.18022844785053788)
 (1.0519713763754568,0.053209047757375331)
 (-0.96728877770522792,0.025382035160699035)
 (1.0545089511493304,-0.10271466771719162)
 (1.0661932060812087,0.0058982327232724313)
 (0.9024586275605172,-0.11369800246724984)
 (-0.86873823655908422,0.035952047297671305)
 (-1.0007398678762065,-0.0064025119608450178)
 (0.97654983219840963,0.054841774324548842)
 (1.227367406931948,0.084863300503856473)
 (-1.0761422202585031,-0.07413478106632225)
 (0.92136161170649389,0.13544339076210299)
 (-0.90730434042450847,-0.037466098042321094)
 (-0.96283908899089765,-0.11188951268081933)
 (1.028619012543629,-0.080939055879677063)
 (-0.92973419433829574,0.035017360183756188)
 (-0.97032463308584282,0.10399593936735073)
 (-1.1611988995204001,-0.021965324946325842)
 (0.96121729652910093,0.07551329311075794)
 (0.93963137643245653,-0.12342020569350398)
 (0.95323225108067788,0.063826070791063047)
 (-0.85787633767218852,-0.060934364845689551)
 (1.0999244402217303,-0.017865684242428966)
 (1.0138593515115473,-0.01690218128272751)
 (1.02757374991297,-0.0254881012348829)
 (-1.0007399018520939,-0.010634671197306853)
 (-0.94875117004873988,0.0097719326028154769)
 (-1.0211963908229218,0.023520027689555884)
 (1.0344544938284799,-0.06521364311749954)
 (1.0955694533426332,0.10365376857328079)
 (1.0645407104453855,0.013047651163957993)
 (-0.78256601305170914,-0.064731484759020255)
 (1.0055075250353189,0.067287968889748084)
 (1.0950845677201377,0.026653126219572443)
 (0.81616588534768086,-0.072105641302002838)
 (1.0900686788257745,0.10563039257358041)
 (-1.1138651334949614,0.032914194899466093)
 (-0.92924527801601065,-0.10220311725977836)
 (-1.0543569330270017,-0.01487222770164074)
 (-1.1176324167923326,-0.02454894919923396)
 (0.94491709542547375,-0.020506904634938455)
 (-0.91987158079146647,-0.043405513597350447)
 (-0.94096423189283218,-0.045889037715982663)
 (-0.97945727507774638,0.018480377043524975)
 (-0.93984520402382543,0.067428440941140699)
 (-0.97991692117357787,0.019840267154589319)
 (-0.99966985595196578,0.061195516548652774)
 (0.93130956872229786,-0.090518039249678897)
 (-0.99099875204388976,0.032937371312958076)
 (-0.91260045337150097,-0.075924898023906659)
 (0.99169913568428569,-0.050463511653860253)
 (-1.0916833754829884,0.0098514519906724995)
 (-1.0604416562623404,0.0057274492249310268)
 (-0.97958147786259275,-0.13471645518475955)
 (-0.95055003427330809,-0.083766524430046507)
 (-1.0905855668374733,0.017604449054565922)
 (-1.0605380465514191,0.025580175955087204)
 (0.9198824749110398,0.20379087232121373)
 (1.120694686577862,0.074860327460524484)
 (0.85406732559837661,-0.063516656729981233)
 (-0.98217331463430291,0.034216419005432146)
 (-0.97803961572738796,-0.094261375193995009)
 (-1.1752439955106382,0.075698888324767705)
 (0.92910688314191869,0.047987522868477565)
 (1.0389045148057348,0.063424458791915314)
 (-0.93953383377097666,0.0111323966654221)
 (-0.9695533347649804,-0.018327997213576429)
 (1.0452507754861931,0.089302201659506808)
 (1.0070962168604001,0.15904104992360538)
 (1.0969900532905814,-0.0096071741128994984)
 (-0.99565432689692901,0.040629321687540736)
 (0.99018480617367033,0.011344263360962246)
 (-0.91090111630042281,-0.019958187799131197)
 (0.98231891804448035,0.043410948060634655)
 (0.93450698089971629,0.042773089229459216)
 (-1.0322590594187522,-0.011276748752109409)
