# Created by Octave 8.4.0, Thu Dec 11 09:47:20 2025 IST <gamana@Samsung>
# name: rayl
# type: complex matrix
# rows: 2048
# columns: 1
 (0.47180946803658147,-0.69992298643371353)
 (0.46157928395128056,0.2999756681156836)
 (-1.0676863741350224,0.39965117847600057)
 (0.8728216627837716,-0.2837717434014933)
 (0.087497530401993845,0.12862985720414194)
 (-1.1469458823298699,-0.60060996537024558)
 (0.29244350031617217,-0.67613284930176598)
 (1.3173363849967854,-0.95158918528589043)
 (-0.39615254254296867,-0.19779988363576517)
 (0.71549602692819314,0.4849209388115725)
 (0.94760821693736375,0.2091662672482823)
 (-0.12089958675348556,-0.5400508727446296)
 (-0.4045028627330034,-0.13137971286486544)
 (0.54082180764253429,1.4185766954472723)
 (1.062146585349361,0.73050944740848456)
 (-0.1055891231715532,-0.54303826438492442)
 (1.6865156500949652,0.37956289619346067)
 (1.0315375708793284,0.22217058021900543)
 (0.41413614400520937,0.035424867721255852)
 (-0.12219133791266641,-0.29218790772586295)
 (-0.10040632052906964,-0.90985220232029851)
 (-0.1494315565152336,-0.38621235791841074)
 (-0.83702066816114895,0.1636508057424933)
 (-0.57438137104409082,0.65296546493816576)
 (0.55668288444586478,-1.1654921010043162)
 (1.2042419743152162,-0.1074469587775856)
 (-0.19873998518066793,0.26692472961822683)
 (0.11340718477819327,0.43850248160680516)
 (0.26592400364342,0.0071168393587500763)
 (-0.87680018871187171,0.75918023813564384)
 (-0.82619173692469938,0.46219407618436203)
 (-0.34519363464470093,-0.61148015438395675)
 (0.51298850698728071,0.49698402730656221)
 (-0.12019578456117153,-0.077946709045485979)
 (0.8098172793199091,-0.35328459673033602)
 (0.50827587769830107,1.0195568468821705)
 (-0.5113750963501702,-0.5280287569542228)
 (0.10000692935661022,-1.2637896619229301)
 (0.12979182440360509,-0.41933535265299937)
 (-0.75207906106306421,0.39056361466942258)
 (-0.066464875116482358,0.5794860055320793)
 (1.6665367778923719,0.79180481478815889)
 (1.3583391328582051,0.48575273770858479)
 (0.29054676801173013,0.54956186602637647)
 (0.42352873747544556,0.63475414593551471)
 (-0.31565967037435716,-0.14408662252907603)
 (-0.67727264143555366,-0.42829395575331081)
 (-0.18856747341157198,-0.016781913031082559)
 (0.70838080577637552,-0.041953389868586946)
 (-0.18122329239216595,1.1135977087858253)
 (-0.0074455837682467123,-1.1423715059207644)
 (-0.47543009183434354,0.76443394789164476)
 (0.89697348260158971,0.03491489150224001)
 (1.2055102984532395,-0.10865181221512533)
 (0.46977761146397534,-1.0485496456228376)
 (-0.18051213778759134,0.62140728788123079)
 (0.61740278461483178,-0.53078733111299714)
 (0.60412285029288604,0.12568089971846513)
 (-0.61816765531168127,-0.3829192317593656)
 (-0.32116885557340258,0.97870147122400719)
 (-0.60619528281905988,1.0129808569846919)
 (-0.1558806897521447,-0.24751937625989892)
 (0.39303676669931709,-0.53234728951269594)
 (-0.45758542614413034,1.1964951158457033)
 (0.35265301343806743,-0.98765936066255411)
 (-1.059990856122996,0.62732115664502108)
 (-0.2001199750055033,-0.38355508738528232)
 (-0.46093755098712097,0.21243776056544525)
 (-0.58243481484064252,1.0786230603182116)
 (0.73770625077679619,-0.18538213263151404)
 (1.5029371453362601,-0.095103320864521806)
 (-1.1946161245440552,1.4633176620769839)
 (0.46606944228661035,-1.1437822023604771)
 (-0.20300816928433288,-0.34192071914769201)
 (0.60960996200831064,-0.070445087554682054)
 (-0.042495267697939834,-1.4655197333806551)
 (-0.826794419852519,0.44978185977240848)
 (-0.99479707200615664,-0.20674188518376735)
 (-0.25000199197753059,-0.13509458405700778)
 (-0.99442310344680895,1.3143504560951578)
 (0.79716532285349795,-0.067102215704524099)
 (-2.0475314497926345,-1.3755670095325592)
 (0.18987447834168766,1.1817802127504007)
 (0.68155582486940269,0.25442700215833108)
 (0.3794935951971391,0.22741094574533116)
 (-0.66188077141785107,-1.0973528457669135)
 (0.80109249346288847,-1.1304640180377004)
 (0.32746400015433685,0.037549054372995237)
 (0.01037433124772166,-0.56198460120277094)
 (-0.1333481106751957,0.71454751956535267)
 (-0.35184515138954481,-0.4702586390526462)
 (-0.32892131507016287,1.2062231102663905)
 (0.32193448959759596,-1.1116874180455516)
 (0.14474740871885725,0.46089396725943133)
 (-1.0532557859884477,1.6693268983854337)
 (0.91137215033715469,-1.3301275553794079)
 (0.54166443176792112,0.21597606246154627)
 (-0.094603779598825002,-0.0390246759409821)
 (-0.16233843057045647,0.019709466509420629)
 (0.53753269257276459,0.27648460237306582)
 (-0.058181755807013118,-0.350510618769101)
 (0.8087739289622955,-0.016837114227233895)
 (0.21084854728720862,0.82967366870769566)
 (0.90438861513365376,-0.15304775415568475)
 (-0.24598232032055029,-0.079384533293023196)
 (-0.0016619403548863117,0.085433032971348924)
 (0.79779412084092061,-0.73301380661689708)
 (0.051975989107562549,0.069756764308809519)
 (-2.3428969975207208,0.77975968775279414)
 (-0.82473394235740927,-0.45483201790759764)
 (0.51351081564313539,0.61039284293939022)
 (1.0015113357170207,0.31711505293897352)
 (-0.066300700654688224,-0.044437817248420317)
 (-1.4334515315843435,0.27575977223466858)
 (1.1628803977036215,-0.76770893669271856)
 (-0.38054847578289264,-0.33032030957469372)
 (0.88661478911640346,1.4581630975557893)
 (-0.35640195362143201,-0.28364364803852782)
 (-0.010895717442419498,0.18083297430470371)
 (-0.37262531598687831,-0.79450959283251832)
 (-0.48092737828917309,-0.39371827424689804)
 (-0.21910024252081786,0.096503266772994187)
 (-0.54341400356640823,-0.01644648161823652)
 (0.72548028133195419,0.31742430591520543)
 (1.1044419717992717,0.17267748132703262)
 (0.20193774154795061,0.54639948958381401)
 (-0.26491603679143572,-0.83793196998084596)
 (1.1690789814514966,-1.1413448802307284)
 (0.067259108703734471,-0.61977151365529337)
 (0.60431230015606807,-0.14135865751335291)
 (0.10284199328462515,-0.38812240551237925)
 (0.13548019183345264,0.24842646769106827)
 (0.37643688825012567,0.4941608437829037)
 (-0.59405026125185223,-0.4614425878789844)
 (-0.43885463617791176,-0.88426385259630547)
 (-0.1181212053956483,1.4430555545050749)
 (0.4380850447426517,0.82808128382319224)
 (1.0187788326030527,-0.75307463910882522)
 (1.3496406238916487,0.019098714646992889)
 (0.63387706562627977,-0.00060134001836650711)
 (0.80240449653932,-1.213222236648458)
 (-0.0017173953244715504,0.69106894861319668)
 (-0.098547440987123369,-1.2087319026301069)
 (-0.82832551550271305,0.10968619688065434)
 (0.84816558836649414,0.50385466706640136)
 (-0.036590528858384805,0.52026616392618596)
 (-0.31100446179857749,-0.046353602444726756)
 (0.11567359336910421,-1.1490958016791555)
 (-1.4266985145328892,-0.42729463374284538)
 (1.5448306074419564,-0.65382003276006639)
 (0.51321408134371227,0.053407859257656398)
 (-0.99645559393915384,-1.8666231937962481)
 (-0.66857774332458486,-0.041820231453821417)
 (-0.57807997953639356,0.18067436938760131)
 (1.4135983371709848,-0.98195954609675795)
 (0.06916954864619744,-0.82028266664378702)
 (-0.59830533215226211,0.87575357468407544)
 (-0.62953654157730088,-1.2200158910712364)
 (-1.4444009428826006,-0.39649821293517257)
 (-0.36358419369535916,-0.32236893965323471)
 (-0.075190618746328611,-0.13717396474109758)
 (0.081667185554222629,-1.3089786727797763)
 (-0.16672420006897345,0.15744739798961707)
 (0.98206118477359727,-0.92691806542623345)
 (-0.27394759499254462,0.30101678147220956)
 (-1.0335204759103023,0.77986213384944392)
 (0.26405862073648828,-0.42816085043586771)
 (0.51751292462794385,0.49777329893473043)
 (0.4027620665087121,0.42166766061863975)
 (0.83971307705695653,0.50805373531843701)
 (0.021194341831456,1.2313001252400351)
 (0.52308826421943566,-1.0290232659119649)
 (0.20073591367916183,-0.56520488796777557)
 (0.51946288064862034,0.83371617834716483)
 (-0.17944842526423616,0.35061003881417624)
 (-0.42683372660335872,0.28268754595622791)
 (0.3380235668537212,-1.04974049105407)
 (1.6043610490953879,0.45946388758538875)
 (0.59986091636122618,-0.7143536612581235)
 (0.77280841277911538,0.42304336769279821)
