# Created by Octave 8.4.0, Thu Dec 11 09:47:21 2025 IST <gamana@Samsung>
# name: awgn20
# type: complex matrix
# rows: 2048
# columns: 1
 (-0.93618399841727085,0.04713017086358548)
 (1.0684857642227763,-0.043221224807528213)
 (-1.0340240553917421,0.063449008029571138)
 (-1.0829485419231628,-0.018527458123742929)
 (0.99344054034154816,-0.0036024030992071114)
 (1.1152053237272792,0.058953193301996533)
 (-1.0129899500065358,-0.038033824256639315)
 (0.91368008698874537,-0.0078689633682285636)
 (0.97470990550080883,0.029286761774714839)
 (0.96291807737647017,0.064370927896473598)
 (-1.0402423423874609,-0.043357965728601622)
 (-1.0194785871144729,0.071190101145908832)
 (-1.0634108264252968,-0.021475971218617506)
 (1.0716486989759053,-0.087778128544604164)
 (0.92605643489575551,0.10528176264307601)
 (0.98381236982515408,-0.019473850507363537)
 (-0.97444151054839823,0.11887992831594665)
 (-1.004781170616406,0.026598580239463817)
 (0.95492874268883265,-0.067243582067829974)
 (1.0472703844892852,0.050491873333634585)
 (1.0595959606863603,0.033460593571878888)
 (1.0073632663889858,0.052382074671317558)
 (-0.97021861020958267,0.018101738865318625)
 (-0.89297456377199658,0.012674842712448679)
 (0.96275938979305464,0.10107048471594832)
 (-0.98700174324010359,-0.04802989370908517)
 (-1.0261927677789677,-0.022633286521304558)
 (1.0266751886104615,0.046048913512783389)
 (1.0097054684824298,-0.0097766819517201616)
 (1.0285388951697283,3.8962412435068632e-05)
 (0.94265696356895068,-0.025734214425086097)
 (1.0140971495158251,-0.0035325695240763983)
 (-1.078369108699599,-0.037814868858530755)
 (-1.1028264414301614,-0.038008377420409967)
 (1.2197448801845097,-0.020254899444738243)
 (0.96299230133614666,0.0050581193198467487)
 (0.99132904128471955,0.016707253772597398)
 (0.97133154864142024,-0.10850277259317279)
 (0.94446666670790713,0.046817789134975939)
 (0.93049783365482697,0.076654641406030885)
 (-1.0494644029288043,-0.11020049896996975)
 (-1.0898883098351835,0.023973703248476079)
 (1.0413704926852907,-0.055012112947883267)
 (-0.95804482947449521,-0.042329377410994337)
 (-1.1469003352960343,-0.036162266369851578)
 (0.93197168549168885,-0.037528772338658499)
 (-0.91873249318449801,0.052137990314417154)
 (-1.0212118642287309,-0.013561275746023137)
 (-1.0315609228372711,-0.077650616852556517)
 (-0.96328695796987396,0.044278476595346096)
 (0.98949649703172282,0.014820293907694689)
 (0.98816853640113422,-0.017685254227101838)
 (0.99329863414492392,-0.014145978205788879)
 (0.85439133908907816,0.040134751652557095)
 (0.97320097418216389,0.10216298015722672)
 (0.81722067437808743,-0.037173070925023859)
 (-1.0769056425136012,-0.019682448952348792)
 (-1.077263530199426,-0.019281314093532786)
 (-0.98710259437898318,0.045144427046929995)
 (-0.97462284666404675,-0.078673463878382935)
 (1.0404653049931716,-0.081822924767367647)
 (-1.08257279153422,-0.072623860896336961)
 (0.92300438106805494,-0.046913589730023381)
 (0.98361350929099756,-0.042637356315584733)
 (-0.97463868000840059,-0.01064677996923896)
 (0.96045619311951014,0.067979220481577812)
 (-1.0389725904850171,0.086182618851900678)
 (-0.99169714315088509,0.11184614480007292)
 (0.99852901265403593,0.041581330719977765)
 (-1.1233636700828256,0.058853048706681822)
 (-0.9056899293736167,0.0076546115092713321)
 (-1.0219520914251383,0.097307778845077866)
 (0.94092480812196233,-0.074413024229841293)
 (-1.0581232128047873,0.19934985107334718)
 (1.0109258324427599,-0.0012861525022422309)
 (0.99573682670324892,0.1333370710085709)
 (1.1072084842979102,0.010386228150599764)
 (-0.83335503163547597,0.072761039441761322)
 (1.0260936887751151,-0.036269078113469105)
 (-0.99561804101039841,-0.038785777261912888)
 (-0.97258081780771599,0.046639666640417854)
 (0.94019586185042248,0.048478471232010829)
 (-0.85786740135616379,0.0088001988194460947)
 (-1.0088404007958403,-0.015755899231506561)
 (0.9925867210903061,0.0026438941348197872)
 (-1.022602545391925,0.071517680647423601)
 (-0.95604223733210436,-0.092534622520498599)
 (-0.87971739394804804,0.095195919327770828)
 (1.0157534154214609,-0.089393927072329654)
 (-0.94515523925383815,0.033660387020472665)
 (0.95312578662739633,-0.082228925473676426)
 (-1.0768231327043709,-0.10017952034792177)
 (1.0339757589553684,0.044897351813286933)
 (-0.94545665728215489,0.024888270169603419)
 (1.0055300180483775,-0.073093915096583792)
 (-0.89947347129967214,0.098087482905308249)
 (0.9253350368087423,-0.028543164017443598)
 (0.97456602682809812,-0.027255457356663862)
 (1.0177049766327093,0.016475672399478968)
 (1.1045391456147298,0.066540595841847142)
 (0.93871068427394733,0.012322700645327301)
 (-1.0914379283523619,-0.067839251946499687)
 (1.0442587351312249,0.059629983369377741)
 (-0.97798956700180484,-0.012015589342125058)
 (-0.91827919590509388,0.080109125260179742)
 (-1.0797588176215067,0.088293087515183583)
 (-0.92451128837840779,-0.045174133382340734)
 (1.0758373199381883,0.045988453448075457)
 (-1.0732131158193638,0.049395544618113366)
 (-1.0224230511979355,-0.042635966445326599)
 (1.0672824972725423,0.022315761988256105)
 (1.0805987073814904,0.10923531999326529)
 (1.1264261381513434,-0.10705634158942685)
 (0.98000164318825189,-0.094813056118948968)
 (-1.0438123228256093,-0.071631743750438251)
 (1.0896629384838932,-0.017484677346546306)
 (1.0415115460597626,-0.12996376342717728)
 (1.1773267122064761,-0.019770526935395868)
 (1.0063908162077595,-0.050178732563636731)
 (1.1234832430509791,0.12119099976206837)
 (-1.072692731947394,-0.08051384738786381)
 (0.99259473678715127,0.014246162614634385)
 (1.0061917522279991,0.070610320244413535)
 (-0.90265783722951665,-0.081238963520772409)
 (-0.97215093215578097,0.10354560261868309)
 (0.97745499739797748,-0.050283557105100365)
 (-1.0674001577877956,0.051604181220829416)
 (-1.0118334676877028,0.012877643215928596)
 (1.1503720235310682,0.038144560084323126)
 (0.89424741552798204,0.18310503037893278)
 (1.0032219644521263,0.0031177421538880392)
 (0.88992012175642399,-0.053110383565541985)
 (-1.1035563285190133,0.10546439808082182)
 (0.9317888005471896,-0.021926281918008862)
 (-1.0124024413768127,-0.06595758730228525)
 (1.0547758805258776,-0.032111602521965994)
 (0.94516551698563001,0.01292745517072213)
 (0.96701506317513464,0.010635956500368995)
 (-0.93195953790900976,-0.088133813058161772)
 (0.93397783943950463,-0.027550453076678166)
 (-1.0230857146190866,-0.020873218422363459)
 (0.93771386484198016,0.059639466158610634)
 (1.0996720210706532,-0.017263664755509316)
 (-0.87467212294266472,-0.066749243010298137)
 (-1.0536881901555009,-0.13748753709456543)
 (-1.0443384345321856,-0.027720200013281699)
 (-1.1107862343809962,0.15633109949388213)
 (-1.0209592615020378,-0.12124587541996068)
 (-0.99007333180923596,-0.052318363241030591)
 (0.9582010394158752,0.071709145627703502)
 (0.93022160438472634,-0.063889659726450457)
 (-1.0302343624398289,-0.16682102896197437)
 (1.0682003544189034,0.15654613643197915)
 (0.99428617203510961,-0.076335593979389271)
 (-0.98404922554415841,0.088140360072230306)
 (-1.0330550056104104,-0.072204335156650576)
 (0.96423709995921303,-0.02650966578794825)
 (-0.98689601309612185,-0.025783107052439521)
 (-0.90770644972890835,-0.0051555365329580367)
 (1.1278363866970853,0.008276165882878871)
 (-0.9869647091907876,-0.10561090861059817)
 (-0.9690115548059185,-0.057000385138069758)
 (-0.98223783220122263,0.065720311829308639)
 (-1.0199882088443208,0.020917181443518361)
 (0.97077150462222694,0.011573938404082782)
 (1.0748558430882516,-0.010370102724346596)
 (-1.0309200489601107,-0.015054586524977154)
 (1.0002287394633296,-0.062676110549959557)
 (0.96203495867823641,0.087112219516325043)
 (-1.08842948765117,-0.060908193102367975)
 (-0.94080336710510637,0.14319655487199193)
 (-0.88666341859813436,-0.051123479774366667)
 (-0.97440720654597479,0.028708571383545673)
 (-1.0644968352930448,0.10511038709505412)
 (1.0526778098120786,0.067381449195598617)
 (0.96517717117050672,0.026034914401296145)
 (-0.99736617262359317,0.0033827143412433107)
