# Created by Octave 8.4.0, Thu Dec 11 09:47:21 2025 IST <gamana@Samsung>
# name: rayl
# type: complex matrix
# rows: 2048
# columns: 1
 (-1.0209561686078688,-0.11948600356947224)
 (0.10291185612778274,0.2322141774755791)
 (-0.84532630784835827,-0.31563674119154073)
 (-1.279527960208638,-0.26434642508541939)
 (-0.29419830794113244,-0.0737163077730741)
 (-0.24834478301377239,0.54966166678354522)
 (-0.69292031966267431,0.54772421983422048)
 (-0.27496012986137663,-0.16312191502002593)
 (0.70020415090686028,-0.55293046314696581)
 (-0.25867979602070806,1.1606108519070188)
 (0.52167479251975901,-0.35083767544169575)
 (-0.78966118940808694,-0.76220346968006869)
 (-0.21093281842987871,0.36509469935635852)
 (-0.032303792416463417,0.2059976998881668)
 (0.11389329672798626,-0.33799412227204101)
 (0.21557571896707825,0.064535837633927617)
 (1.1309619878513995,-1.6920667844685482)
 (1.4113723907751785,-0.34882623803955221)
 (0.032561052552652507,-0.096051283403199905)
 (0.96614008627987003,0.16072885476952944)
 (0.11983705245901229,-0.47239315237715779)
 (0.55215595758629776,-0.52752773569158851)
 (0.24247789243110593,-0.53908398862200457)
 (-0.32251020618841514,-0.5706843780560521)
 (-0.41920725531018954,-0.89615803611762035)
 (-0.30396385076257215,0.78122345933530835)
 (-0.50787427641078386,-0.12432177589219835)
 (0.55664709167872495,-1.1209383978067555)
 (1.0706880314442029,0.10176398948490023)
 (-0.45292467694161004,-0.0029812119197714236)
 (-0.44434193396137256,-0.78363097919764235)
 (0.076062304856861496,-0.40211549965703575)
 (-0.72970792399885798,0.70492427765692811)
 (0.7245625599339075,0.15824084732679317)
 (0.52613928424402523,0.54576078763962765)
 (-0.28251189136075511,0.85625342769923429)
 (0.59448932888046713,-0.28705091305948433)
 (0.66861198463639981,0.4841485628043784)
 (0.22805923605950365,0.92295147534832622)
 (0.49349890573092481,-0.68240629424009225)
 (-0.89926895842750521,-0.43725718553409254)
 (-0.44730847623588882,0.56321244654606595)
 (0.097417782907872855,0.67990507957707624)
 (-0.71753956782101769,0.49960127967965534)
 (-0.014525184717409602,0.32228735087659388)
 (0.41858434829673197,-0.90396013182483603)
 (-1.0830689222233281,0.65345806279123497)
 (-0.42304223031918592,0.39894516463007373)
 (-0.87251453825729297,-0.37886161049964917)
 (0.09064206390476244,0.52514029044769928)
 (1.1928070362451126,0.14480447513193004)
 (0.45091334333735505,0.27571538895066983)
 (0.62327747003973066,0.8309814188582979)
 (-0.011839097492877751,0.52857769265828625)
 (-0.6678230438772047,0.13185962418471059)
 (0.9349049233041643,-0.76895620153401723)
 (-0.91751615940655784,0.98446732541625104)
 (0.46407355196026906,1.3035288256982893)
 (-0.26009151616743387,-0.80058237806502919)
 (-0.021021215764270285,-0.26485936559129714)
 (-0.079594684473754243,0.63095189537303753)
 (1.6103269462679379,-0.39745162804137502)
 (-0.40057898222462929,-0.63256764436831725)
 (0.15496289092279414,-0.72424471328494999)
 (0.38058746117644165,-0.012342936336807405)
 (-0.39568118389336565,-0.6588807279859441)
 (0.17077308857370191,0.030735922907612404)
 (-0.30218207535401093,-0.89594113204983039)
 (-1.0779496206078147,-0.4970300003078601)
 (0.65353501954385318,-0.15932470389947639)
 (0.29696294532437006,-0.021511643479324695)
 (0.34900131836515702,0.57223362113796028)
 (0.31550367436420856,0.41234570655582764)
 (0.055259650562701448,-0.89875946813597551)
 (-0.35805916571948088,-0.3502349162481912)
 (-1.1532010917263564,0.3238755467272933)
 (0.17453414791892174,-0.10904280355121918)
 (-0.50240884487233439,1.2017260981143127)
 (-0.67758807065676374,-1.3072277123384322)
 (1.4009947547009403,0.061504616323153766)
 (-1.4469243133513199,-1.0417405918444305)
 (-0.49291242835556853,0.33192345097576842)
 (0.080731398369607743,0.65759886531039591)
 (-0.2979668689303967,0.65673470468783868)
 (-1.1057434313996863,0.18024732658757123)
 (0.068739993574584685,0.97092800569489845)
 (-0.4310031888278113,-0.26996557352447698)
 (-0.52527251700796784,-0.49392344314866338)
 (-0.24737456716179795,-0.13986926926905427)
 (0.084861361981995218,-0.26572640322194846)
 (0.23461236730766263,0.247774213125589)
 (-0.074841302133136237,0.71051915942220456)
 (0.56607922764307361,-0.27320919659663911)
 (0.3306495007348319,0.28436994591182285)
 (-0.22411079223749739,-0.58881877561439599)
 (-0.44429412243240168,0.38605838180481244)
 (0.91228342052756251,1.1026078750946755)
 (-0.11963277801586869,-1.394755602929735)
 (0.53184118976500816,-1.3439816411161494)
 (-0.35172600783226149,-0.32449405124164404)
 (1.2765735566697125,0.4463734740364379)
 (0.053743404723611859,0.34517157423929684)
 (0.32692299513245543,-0.15807703284830338)
 (0.91441175842252043,-0.264946874460181)
 (-0.74976235322576013,-0.71989100805196193)
 (-0.198381970271024,0.31887545404249723)
 (0.91933336319068937,-0.0016746689461385308)
 (-0.97570893064313891,-0.38346440553395766)
 (0.057816202579481363,-0.30481693007744126)
 (-0.0065143723302367009,0.53085822421045481)
 (-0.62350117736951116,0.6264336391725801)
 (1.0878692983795124,0.39518456663527879)
 (-0.58794539420766123,0.17958093691867208)
 (1.3805002078283097,0.18624724107612264)
 (0.93391960759251735,0.70825698746184906)
 (-0.44100185500168143,-0.68158337173296224)
 (-0.82232180005831446,0.091207469894950738)
 (0.48366946278839984,-0.17699703404517214)
 (0.66061168337326848,-0.36250310925181251)
 (0.38824802158676358,-0.011574178972233043)
 (0.17165059822358739,0.24648436008792463)
 (-0.33770752345127325,-0.50917030853267387)
 (-0.090907194710398334,-0.93292917647290552)
 (0.34327133683151345,-0.11684023276156283)
 (0.11780493361970135,-0.70048330433090644)
 (0.69346562513304055,-1.0576503274046498)
 (0.45152594736683976,0.59473490414179397)
 (-0.36163221723517597,0.31390781695374576)
 (0.36664018894287814,0.68328698457252379)
 (-0.022712497459182322,0.43353164890157786)
 (0.84852399960419378,0.69076378605269706)
 (-0.77315007306407135,-0.043165074407770732)
 (-0.5210471535212845,0.53570153901892914)
 (0.62108049321178649,-0.54994208572339565)
 (-0.22329970054345954,-0.013655155744697323)
 (0.30661528635021573,-1.2543326218320174)
 (-0.090578582689197565,0.19158107895774626)
 (-0.16338641014985497,1.0250059522098176)
 (-0.72724360560445223,-0.57515335795547995)
 (-0.046557749357536309,-0.25625412428718208)
 (0.065487328066369782,-0.41871232189440966)
 (0.039593592786827052,-1.2300079780505293)
 (-0.19837262137961759,-0.81253758933655185)
 (-0.63863764305227899,0.35420846164109027)
 (1.0117623749644966,1.0904443170973086)
 (0.35705600357615713,-1.6077855049543439)
 (-0.077847358844024259,-1.0177959175128075)
 (0.45391465501346695,-0.87923663713689826)
 (-1.6547272938349742,0.01679107399302936)
 (0.18103576208864866,0.16197754613099477)
 (0.66174781190398735,0.33729827103999166)
 (-0.1163065124639594,0.46601942531228746)
 (0.53657518088017697,-0.15293939609255366)
 (-0.53232527695921528,1.5912656675582879)
 (-0.83176297166814928,-0.010694840352183096)
 (-0.25302471991470576,0.77777508674914575)
 (0.61985936885716741,-0.76895614357362663)
 (-0.87324341535755157,0.39676030133038004)
 (1.5848644988221698,-0.51138435511758495)
 (-0.39896118917144985,-0.37885469132166644)
 (-0.91098916997718504,0.01839480440183135)
 (-1.3429440409086388,-0.33691864454438586)
 (-0.49785401963747528,0.013380681461558436)
 (0.84877349477150066,0.04931662216811341)
 (0.71909944417063998,-0.63712978477192406)
 (0.86849560324427677,-0.2936971599945476)
 (0.68853701795121813,-0.5147535015154987)
 (-1.3813059568923169,0.69435625511093424)
 (-0.32587234526830661,-0.56469924834562812)
 (-0.26646393206268121,0.89341245577359585)
 (-1.2162977946406368,0.90913481699504928)
 (0.9105348306535751,-0.14242129883929705)
 (1.1667205806512131,1.0159436865408844)
 (-1.5109453142224749,1.7588325657292885)
 (1.016079652289283,0.021760770645421083)
 (-0.70241660510559678,-0.0080471077216345381)
 (-0.42719543705677149,0.51786649401585905)
 (-0.72583307932075658,-1.2775884318393058)
 (-0.75442873606048222,0.029795978548665839)
