# Created by Octave 8.4.0, Thu Dec 11 09:47:20 2025 IST <gamana@Samsung>
# name: awgn20
# type: complex matrix
# rows: 2048
# columns: 1
 (1.1840273472921883,0.0903715932384071)
 (1.0063099605190493,-0.080422574035035485)
 (1.0223916912714526,-0.03358520237865447)
 (0.95231862174098647,-0.012097821672190786)
 (0.93140597542409331,-0.032306687689051393)
 (0.89981728737696498,0.036528854608061205)
 (-1.0477821257891802,0.14551880407244358)
 (1.0224597679890386,-0.010027522397136154)
 (-1.0431297112286246,0.047339299976682903)
 (-1.0152431241705824,0.097072354157134805)
 (-0.89337995867547626,0.057099683821013325)
 (-0.99986847032707082,-0.00050814055693228645)
 (-0.95103828913328892,-0.0087324115747635933)
 (-0.94976122316159584,0.0080159608236678986)
 (-0.976169812265546,-0.014619757566425418)
 (1.1364442488768174,-0.046286451709006381)
 (-1.0321409196653462,-0.0099915884676205109)
 (1.0590152363160197,-0.023903015570208231)
 (1.0243543076069623,0.053405348145767674)
 (-0.87725525441945662,0.0457828183463376)
 (1.0066020300887497,0.050069395557999219)
 (1.0186352827056953,-0.028492745049476766)
 (-1.1121100413117895,0.088765460201687685)
 (-1.1219021508149505,-0.088302390155947486)
 (0.82897710954483561,0.11389074171355934)
 (0.88825123029651887,0.032238333645655724)
 (1.0532944475259005,0.022571364359194032)
 (0.86932689091879833,-0.035876369366926335)
 (1.1128610056072661,-0.069834072438803518)
 (1.1093503756461749,-0.068205941748386678)
 (-0.96738985143167933,0.0010825238573902527)
 (-0.97333196112244746,0.090388429972319717)
 (-0.91642892903983553,0.022370704150740477)
 (-1.1046297206948779,0.025904345895980431)
 (-1.0787298249856245,0.0061243077006131984)
 (1.0669006606536136,0.058775062449105103)
 (-1.0492975072631125,-9.9989734071003318e-05)
 (-0.98184403148452448,-0.056592004693506309)
 (1.0132883462614526,0.013329042486203813)
 (0.93836025272505952,0.033482073355259913)
 (0.87408918840697036,0.023452373166561888)
 (1.0580248652059214,-0.032685234113925578)
 (-0.90656368577225255,0.049676114933465923)
 (1.0470216806032864,-0.00028710214619702136)
 (-0.99383542932935076,0.053751289308851383)
 (-0.86421350432585842,-0.0032532959992547256)
 (1.0656372832947707,-0.014310169964641302)
 (-0.92071982751363102,0.03089795244273762)
 (-0.94951896723015305,-0.0031350129099178004)
 (-1.0237640991946138,-0.03517994457480602)
 (-0.98271061250155167,-0.09446355659270704)
 (-1.0548529489635063,-0.11386430991153614)
 (-0.98900150932229192,-0.088797786908275556)
 (1.0287825859684974,0.029251500143440985)
 (-0.96715708104137643,-0.024866747597296429)
 (1.0521152924271546,0.027093120727161725)
 (-0.907872097498724,0.01428636445083098)
 (1.1198089950644252,-0.036417915377158126)
 (1.0807285163422862,0.087049473111074777)
 (-1.022676582975212,0.085967437753510373)
 (0.92061069496538195,0.046670012332302682)
 (-0.92643572615563929,-0.039988152633418504)
 (-0.9351211526248685,-0.02371504832443171)
 (0.96106405266509687,0.012072454934085841)
 (1.0212915986964304,0.023576944989087887)
 (1.0623913129277198,0.013733985554565767)
 (0.95985575847821047,-0.11333453457229362)
 (-1.077838408033216,0.0079431893455606424)
 (-0.92745687418549694,0.17235343426314989)
 (1.0747839409413869,-0.026689960552499527)
 (-1.0635769148107206,0.10784597236865051)
 (1.0537734094642519,0.0085146112164831041)
 (1.0109347716322452,0.037276291273927065)
 (0.98721979565757656,0.026012793126943674)
 (1.0753568386815446,0.070170307751831335)
 (1.1628021000532474,-0.019066751943827464)
 (0.86797569553069787,0.057051464698139376)
 (1.0613654254150218,0.035143952097637259)
 (-1.1008831205461587,0.106603248835272)
 (0.94841424799470364,0.094902876874653902)
 (-0.97601817583581463,0.064773836642588387)
 (-1.1048721861998128,0.080324106088804567)
 (0.98947662196257613,0.037542560280468651)
 (-0.93265291755307322,-0.071106903735547886)
 (-0.97254320311110576,-0.071064067107098325)
 (1.1323956784395957,0.031448936542288752)
 (-1.0355486505436935,-0.060696303060633651)
 (0.87462403126559074,0.054209299424450019)
 (-0.90018846269768493,0.062214803541581369)
 (1.0421211253948328,0.013269034911761131)
 (-0.96540698974374117,0.054913259459357155)
 (1.0499921942402815,-0.02530119637845267)
 (-0.9166177738652832,-0.077701420750835082)
 (-0.94518148007093938,-0.056466685310087854)
 (-1.1299694713823092,0.045824664826616637)
 (-1.0069026639547647,0.015932013776013738)
 (1.0540205761557975,-0.11289453047738551)
 (0.94425912746548479,0.082174179166412564)
 (1.0184479899397547,-0.056639008875750158)
 (1.0144738783235978,-0.02516258430211182)
 (0.98875363363885671,-0.0099673644941952189)
 (0.94589729774816045,-0.002740401566636368)
 (1.0216868140862068,0.028343002117726546)
 (-1.0148818729133751,0.055286403966571522)
 (0.97788665253259899,-0.0064896262242833394)
 (-1.0650890452045072,0.011868411612981529)
 (-0.96133170925614653,0.051173824682584426)
 (-1.1630066698578365,-0.071791094533795924)
 (-1.0792850106979199,0.10675126063354828)
 (1.0057112366805885,0.02062760303314919)
 (-0.98262139968749207,-0.083447627825279036)
 (0.93129651352641885,0.091662003774309095)
 (-0.98749796830011727,0.041583434719808181)
 (-0.95365304232086745,-0.010502481392100799)
 (0.99132815298554933,0.11657839055504503)
 (-0.80648077416975605,0.084338115329425145)
 (-0.89664899210959181,0.081017960598296579)
 (-1.0671616112255955,0.0042464619881191525)
 (1.0487238236689107,-0.042972216172902082)
 (0.83297645029200296,-0.079281737160585605)
 (0.96241085192426257,-0.063253625044122921)
 (0.91731610869730817,0.11956725399880229)
 (0.94915407226647097,-0.11061351341398513)
 (1.0426392189379685,-0.051732706229331155)
 (1.0180332097463567,-0.054576187072435035)
 (-0.98323057784353107,-0.028228884890962161)
 (-0.97671721361684904,-0.033847156072532601)
 (0.91023185039411714,0.019259209099525845)
 (1.0163619428388899,-0.04209877883547055)
 (1.1148394590982971,0.019053901946858149)
 (-1.0297462283038248,-0.00046202342893290633)
 (0.98394007430974872,0.010813381995931116)
 (1.1619324763255978,0.057750642775752703)
 (1.0473425757555965,0.019098833565185692)
 (0.86755073586677056,0.12995784960847243)
 (-1.0020198773887889,-0.027389762436662177)
 (1.1190472681472738,0.014698720866522234)
 (0.96244989195263697,0.011494730476694852)
 (-0.8810995643793228,0.010594760619312249)
 (1.0785929834448307,0.063916235629633)
 (1.0382305362975233,0.050831763676899337)
 (-0.91821136681305449,0.026372718505753085)
 (0.97201776988776523,-0.045731328834716589)
 (-1.0551573853252827,0.018509204423839267)
 (0.85362241036029896,-0.043660306575766319)
 (1.0092282682894258,-0.057504653392759002)
 (0.96920843374262533,0.1027823591618688)
 (-1.0005687283155631,-0.076348253081340287)
 (-1.0605308850048685,0.053881601815099281)
 (-0.99783182565092232,-0.15857249218225411)
 (-0.95602616706362908,-0.018784247129521914)
 (-1.1323665941706582,0.053716252107050014)
 (-1.0506624973821992,0.12222813983058725)
 (0.94360231154204277,0.17307712285915089)
 (0.87576043433603334,-0.012197437439490262)
 (-1.0544417247090561,-0.019045655373173594)
 (0.99858557727858765,0.049430432645492767)
 (1.0304623343056947,-0.031007066208232067)
 (0.93088876097980688,-0.013354227956344184)
 (0.97274336213205037,-0.079157447933296335)
 (1.0724647077888745,0.090448132920609811)
 (1.0405776766468846,0.018614275854382113)
 (0.94617349099487813,0.026952214947734667)
 (0.93816467653124092,-0.08593950023002353)
 (1.1069597999597613,-0.0074403222630401809)
 (-1.0790000134035471,-0.080759368964411798)
 (0.97385399555244911,0.0041910471514615298)
 (0.94916596180613244,-0.038212733738216625)
 (1.1239866801971794,-0.0049876747810884726)
 (1.0438445175245983,0.0091087779335745547)
 (-0.97321418626059208,0.060639040493828178)
 (0.87273528120334321,0.075590758045420467)
 (1.0340359060215931,-0.02254630970269568)
 (-1.003993107523931,0.082150732243241056)
 (-0.94581149960033328,-0.19654925822650193)
 (1.0240304006119152,0.030945695683760106)
 (-0.922684752522406,0.093033564451287132)
