# Created by Octave 8.4.0, Thu Dec 11 09:47:21 2025 IST <gamana@Samsung>
# name: rayl
# type: complex matrix
# rows: 2048
# columns: 1
 (-0.16140928143199226,-0.36685324687994675)
 (-0.456310230524889,0.93361432187737725)
 (0.37815368757827117,-0.42075081586907248)
 (0.45993964586547653,0.48804769877167975)
 (-0.92839256530397529,1.1509223225404077)
 (0.18237548595721981,-0.48030086549344075)
 (0.24505797923769751,-0.4862497517602366)
 (-0.2760125982059356,0.60323951046911928)
 (-1.1091725443993949,-0.26180343617781848)
 (0.17966454402487336,-1.577087848994039)
 (1.0138651837773591,-0.73319298432783997)
 (0.54584056050385721,0.67880825234351705)
 (0.56548920356991761,1.4610856096894151)
 (0.065371820422104376,0.027415843400544974)
 (1.4533336992019954,0.5388394456909944)
 (-0.70307069699199287,-0.62879148154912057)
 (-0.041742298390951928,-0.60408434981800085)
 (-0.72716557029839146,-1.2558968122458189)
 (-0.47875624307949805,0.038805103554584809)
 (-0.55446217824217336,0.19792984689104712)
 (-0.77593382479928241,0.26924804821526627)
 (-0.28919812452540666,-0.16996533092960095)
 (1.0393094187127965,-0.033148635859258674)
 (-0.13990195021619206,0.38385457939663914)
 (1.0832596417932283,1.0530791892580527)
 (-0.18698151650650158,-0.34417904594243798)
 (0.94034442683736097,1.5382774363189486)
 (-0.25132259471483842,0.070551233134943117)
 (0.72409839290898448,0.13665523675170524)
 (0.66133008190037057,-1.541427201388079)
 (-0.19153084092003084,-0.30636627980215203)
 (0.25136281788336029,-0.28679595538817126)
 (0.61748751214086539,1.259216726724276)
 (-1.0169259224033744,-0.44677096614299561)
 (-0.25200786357078631,0.35734055095013989)
 (-0.36193858708982946,-0.77836546268290074)
 (0.84514458660884761,-0.030251878694367761)
 (0.4561781575062025,0.56164092468007665)
 (1.576339327212732,-0.26515276573905433)
 (-0.88167026483972022,0.79864130924568966)
 (-0.64287193874130066,0.73771175943893885)
 (-0.44816654213497015,0.033666197263543966)
 (-0.49171676902651379,-0.085199324094077739)
 (0.19587971324807271,-0.53498252166328664)
 (1.1433299850389926,-0.049374801955584156)
 (-0.75667003825933954,-1.0029559813529725)
 (-0.34951912488939541,0.090971419904814624)
 (-0.2898985996523501,-1.4048033077732567)
 (0.16265793413535209,1.2742798986462041)
 (0.47176404642582398,-0.14132147153384386)
 (0.25270457544135738,-0.39442382968837869)
 (-0.52206567467264486,0.57181415268599045)
 (0.33428292778627444,0.85523449800710905)
 (0.18079274807691748,-0.071197702257079359)
 (0.35428866749125459,-1.2214140343194397)
 (-0.44460227676328734,1.8023809674366336)
 (-0.23900857761824604,-1.0769159950823626)
 (-0.56346855472511692,-0.46664931355753253)
 (-0.33586205612495895,0.25333658552499216)
 (-0.81432836739410885,-0.24673721492415485)
 (0.3840590384356698,-0.60959155678113375)
 (-0.80397893163453638,0.11015167001958243)
 (-1.0402307650163289,-1.4323498075838896)
 (0.29980918181035343,-0.29268275090802226)
 (-0.012982985924243913,1.2036622100162484)
 (0.37703397003065736,0.73909058075294587)
 (0.44936667369668237,0.25674946499648332)
 (0.1559499438944788,-0.47802738449409238)
 (0.57805072778295252,-2.0215371415822192)
 (-1.3919518108091273,0.19182214779957046)
 (0.68484557159602,1.7851861707314953)
 (0.99449376077287011,1.1152059964172221)
 (-0.39437897185400644,0.35580152413944477)
 (-0.1915359763153103,0.89887806478154653)
 (-0.57293143722457041,-0.19910669096197844)
 (0.74210480837771453,0.41339144821842816)
 (-0.37676710797343882,0.10767907297515432)
 (0.42861456900054257,-0.15666745215584546)
 (-1.1355680801519854,-0.88869597051918325)
 (1.167931453442558,0.46693521530106707)
 (-0.96432495643086091,-0.14193048694003993)
 (0.41543483962851036,-0.40925039179184031)
 (-0.42159340549400681,0.18424917081776868)
 (0.23572678422257753,-0.71315703110582118)
 (0.093340553562909226,0.025575270875617385)
 (0.51431526720971521,1.0698166397474702)
 (1.5768028283375741,-0.786552643408719)
 (0.22941887001955921,-0.27539162515056276)
 (-0.11138949488283137,0.4615373477171566)
 (0.49671709476743081,-0.49516204315979745)
 (-0.5779382449908218,0.11514297239742823)
 (0.20841848462357046,0.63415775500835414)
 (-0.55183077836399341,1.4095115821796136)
 (-1.3064598484533556,-0.030500184023704392)
 (0.2641655600988439,0.050177505418047219)
 (-0.22368150338489515,0.58946894775989389)
 (0.09877133900813112,0.2317174015884417)
 (1.0792482295170434,0.95376335436729409)
 (0.56403247775481224,-0.25200575016131582)
 (0.14877918503454141,0.069400545629323407)
 (-0.61115878350156083,0.2700104318473609)
 (-1.3345153153465352,-0.04458777274171552)
 (0.033653173859012959,0.50451354564856199)
 (-2.0495674726646871,-0.20676036517175728)
 (-1.9326972372755518,0.040169120805386892)
 (0.029949356257601031,0.1411356464614954)
 (0.12150659532792686,-2.1500341920984338)
 (0.2601467364299736,0.19092447008601787)
 (0.50495883920698093,0.19266457147703378)
 (-0.36952414099475889,-0.11887004793929794)
 (0.15581267543700511,1.524989323867838)
 (0.0075054322935702482,-0.31472813332244187)
 (2.1331462453157544,0.42101275354143519)
 (-0.28116966275163058,-0.24188491724836139)
 (-0.37350870610233733,-0.32505198768769655)
 (0.56516156505905335,-0.47589986340356866)
 (0.10360055231727192,0.55301641154486558)
 (0.49155304624115659,-0.77775086473398403)
 (-0.079862306113877665,-0.3876643160739951)
 (-0.77094424558997332,-1.4013678540221444)
 (-0.13208749786424129,0.16074211206211417)
 (-1.687860456252827,0.18727912788184103)
 (0.42003337944999897,-0.06210076162553721)
 (-0.72735925103728993,0.63429601262718538)
 (0.81217376991197332,-0.76988380648327104)
 (0.37046400091665871,0.46899756323127334)
 (-0.67048595559579405,-0.78993619480121013)
 (0.9014932088890365,-0.83145838671608763)
 (-0.43133667813195736,0.83318450696487423)
 (0.84820085974962567,-0.33302025188336415)
 (0.51362116411319247,-0.96279113369250047)
 (0.089395676006524247,-1.4475529676222461)
 (-0.16464949221269781,-0.38201403745221063)
 (-0.36031055998439587,-0.46511741613593977)
 (-4.9928517726752434e-05,0.83665710579794261)
 (-0.28144796272239408,0.24162873828166087)
 (0.31633869435323569,0.89521423353918683)
 (0.23966397549819002,0.051624483571134375)
 (-0.027217373321986153,-0.14609238555971277)
 (0.30270404288612873,-0.20307488853259584)
 (0.50896020465046177,-0.34151759475409948)
 (1.3489725350837998,-0.88636336504881119)
 (-0.48760980776260499,-0.73182139152592918)
 (0.6724327710770277,0.70151533609472261)
 (1.5469587869260815,-0.95385110105980642)
 (0.7711166968278107,-0.31113625712309656)
 (-0.82618127688893983,0.36887750955208937)
 (-0.7379482115961401,-1.0836360152378062)
 (0.17073464242339248,-1.5940860731201634)
 (0.31976414603253794,-0.99872686219931717)
 (-0.40681626087563666,-0.10106119788004175)
 (-0.61514394740680456,-0.051692039884572813)
 (1.1056754731527187,1.7689686304844032)
 (0.37687635116817081,0.62337885497883405)
 (0.57511932702954738,-0.73159288356584007)
 (-0.80658693843722695,0.4310955887068828)
 (0.82587383948863402,1.0688143458956494)
 (0.23895779762753991,-0.41074149996594528)
 (-0.57088019958202774,-0.023966492790502076)
 (-0.025291110756840589,0.79333013962558352)
 (0.19163264031308902,0.82032483252595678)
 (-0.13191685465004191,-0.48954053211447468)
 (-1.3639140939821872,0.75007523027576906)
 (-0.29351183842001499,0.093296125340278535)
 (-0.19755484395723133,0.25434665209355384)
 (-0.61255540813166043,1.5777698027361637)
 (0.3082438496876046,-0.61301133387357787)
 (0.41862474317767701,0.022177954194120598)
 (-0.81827272586782407,0.62758156671987853)
 (1.6326618671947366,-0.75889310591831893)
 (0.088951944526904969,0.32227317889592227)
 (-0.84881999345355941,0.1246474426977922)
 (0.46949972704085613,0.0095917563023925449)
 (-0.6848518396473714,-0.75684202213418938)
 (0.31398531434991012,0.35287608752807226)
 (-0.39482805120334302,-0.59752390343544481)
 (0.7636010688489453,1.1039543216106842)
 (-1.5214158451452131,0.088382180040209757)
 (0.4724618631470025,0.34797605389145525)
 (1.0617883924733633,1.1625303498224375)
