# Created by Octave 8.4.0, Thu Dec 11 09:47:20 2025 IST <gamana@Samsung>
# name: rician
# type: complex matrix
# rows: 2048
# columns: 1
 (1.0478352348772892,-0.23913016309650786)
 (1.2913382449187849,0.29091947738293217)
 (-0.3868667124274241,-0.36976441927482345)
 (-1.1559807698276128,0.28297300630910621)
 (1.0754621106896169,0.342841102289066)
 (1.2483401291148524,-0.44188953817604487)
 (-0.50253423888184223,0.2340137195854182)
 (-0.6675120344935942,0.036303730348561908)
 (1.1309152239406544,0.091525023968535429)
 (-0.56659283761664936,0.34255733099048929)
 (-0.60778972445112434,-0.82154979502698311)
 (-0.77958335920774169,-0.37804273933228894)
 (-0.51938884812450636,-0.35485124360790171)
 (0.23648949673909214,0.35792046016585599)
 (0.17061166165064445,-0.10522450062343007)
 (0.79020773580397008,0.0018147434192818915)
 (1.1690675120751868,0.15529605534660068)
 (1.3343592255787615,-0.13874040494491524)
 (-1.1574619758143176,0.45102200294478051)
 (-0.68037247721543248,-0.52488350518887605)
 (0.97458817015461696,0.40202545177276139)
 (-0.90973156038005065,-0.15511320657849478)
 (-1.0042289140436378,-0.7661032328634938)
 (1.1138936803411508,-0.26133706447069199)
 (-1.2776994962765951,0.54550140772170019)
 (-0.86347294653085982,-0.0091185691365316575)
 (1.2560513323517624,0.0097064648663474553)
 (-0.51470755603443497,-0.081519090165919697)
 (-0.94777498435929985,-0.40199321071656352)
 (-1.0699583777052413,0.13122133967727523)
 (-1.0054510352116064,-0.095030566016955628)
 (0.26051211778686123,-0.025388916397075783)
 (-0.82571529473528049,-0.89655124920477702)
 (-0.81929639744998728,-0.27465331122469677)
 (0.87013653431759574,0.37072029146213231)
 (-1.3367486120851553,0.34601565228649223)
 (1.0026309369472324,0.29916834948694471)
 (0.61248978080142136,0.17325889544295381)
 (0.70547839800397172,-0.079551741496226139)
 (0.42524412925351662,0.44574256486505076)
 (0.55270548382390094,-0.065245939062364824)
 (0.0063637923018503573,-0.20246153345174617)
 (1.549479037040066,0.42481920981978216)
 (0.87840205418456341,0.62999846662071124)
 (0.76644874144112018,-0.06399661225069829)
 (-1.2082502257014289,-0.010597392176611787)
 (-0.81500204674061316,0.61569313220993771)
 (-1.2970030501042742,0.090451219823524664)
 (-0.82702614071097746,0.044159438728567146)
 (-1.019465962515961,-0.24486025571191591)
 (-1.3259575677233035,-0.62851787999567632)
 (1.4031110406496645,-0.54933618294209841)
 (-0.50347226446827076,-0.28992311095250456)
 (0.49416835420207167,0.54071463584120449)
 (-1.6359648770560145,0.096370406863311858)
 (1.3965520008327097,0.035503772294797405)
 (-1.5077895433840971,0.030093910299900245)
 (0.60274793086483136,-0.20732071866474999)
 (-1.073552043079995,0.092333134836440442)
 (1.1070673655704386,0.21827600372380368)
 (0.2837940411884502,0.10211799030986757)
 (0.49354547374462338,-0.081061299591531619)
 (-0.91658187950711512,-0.32889076904942904)
 (0.94230688309774524,-0.2285149432126474)
 (-0.77201081441823649,0.31129912452079139)
 (1.0391326191164032,-0.72277493011592331)
 (-1.6208415970728236,0.17244317868506209)
 (0.83192486404703914,0.27685792065832993)
 (1.6254977803785386,-0.063885782210024319)
 (-0.68772256926748021,0.094735989215438687)
 (1.6018992278774085,-0.21939358999991329)
 (1.0157546991232964,0.041711204178949593)
 (-0.90569722564972532,0.30764927907626616)
 (-0.82998240705774107,0.11394986008555034)
 (-0.63439897120164968,0.49252326334609625)
 (-0.67073608516038175,-0.44247189664976239)
 (-0.55743914643076076,-0.13222234589688472)
 (1.3299381359153886,0.44850872135503783)
 (0.5807090130057273,-0.13544517793058175)
 (0.79967086160058731,-0.25400454911796116)
 (-1.5044214760327517,0.39029591322339863)
 (0.70612445208870367,-0.091144295945985734)
 (-1.4886455823938665,-0.3717386056463064)
 (-1.2799194178810929,-0.9631687160478638)
 (-1.0782422868863082,0.38754557372518694)
 (-1.0507253062650515,-0.47123706101800877)
 (-1.0578469094081273,-0.29909902987766135)
 (-0.62507040156364047,0.2157357785732035)
 (-1.3780829368165923,0.22200256410406677)
 (1.274058279084882,0.014686265899760348)
 (-0.60780028881892267,-0.043097119658539913)
 (0.64430541694957033,0.45494364263011616)
 (-0.62744050832624565,-0.11780785459266442)
 (1.1638886847201892,0.3888385979298134)
 (0.61956712428159666,-0.16104884730704883)
 (-0.1652967010683597,-0.30677146896565638)
 (0.63537313642507265,-0.082591784313038652)
 (0.66334396817874064,-0.73162318721170772)
 (0.81336069501640273,0.14476745667526347)
 (-1.0058005556110148,1.0745261592162683)
 (1.6008925774411478,-0.11164934230527929)
 (-0.22970447739197375,0.48965127456436947)
 (-0.90809830380757639,0.053926351921836195)
 (-0.47583609143321876,-0.37974912056013221)
 (1.6310388646589726,-0.48130527475189255)
 (1.0574754689149508,-0.061391456436931509)
 (-0.42990129089453211,-0.37568005966970175)
 (0.96975398211728037,-0.072431880763396864)
 (0.59708255087185647,0.60525209785490286)
 (1.3533720234669202,-0.10375803976574184)
 (-1.014882556806658,0.083064539598673229)
 (-0.93973326660841072,-0.46456252905854328)
 (-0.80689993634639323,0.05159321169116781)
 (0.94853637919064582,0.27858492632584131)
 (-0.49702630384875784,0.22409247701568766)
 (1.4994758035347564,0.59641793273008803)
 (1.408359748457537,-0.48897342112623249)
 (-0.60590420140801826,0.013552947234951292)
 (0.54914664825792658,-0.02407817916525486)
 (0.96608496456261284,0.15114145109402211)
 (-0.019890635452897043,-0.40760935969041273)
 (0.90138405961279211,0.13570953458191323)
 (-1.2652257561373976,0.11449071217408895)
 (0.99140155203663616,0.44942451793340088)
 (-1.65633314799649,-0.31384650822573518)
 (0.96490204111168021,0.72120889456196469)
 (-0.9914697181085228,0.27117251794769942)
 (-0.89405431290439685,0.29015299014211188)
 (0.72092948053711203,-0.14225868003363101)
 (-0.940617960087198,-0.58322953039276149)
 (-0.77043112803715208,-0.24671190645168414)
 (0.92503387314382346,-0.22434060791540761)
 (1.1534077939964367,0.27164868502742567)
 (1.0068452917685646,0.10355599474774053)
 (1.0897847345410019,0.27759323877252856)
 (1.1327963316741454,0.39745573167733628)
 (0.91884734147484715,0.65985663297077746)
 (1.4972394328953045,-0.10037474647339922)
 (-0.73053464033700233,-0.070913089896267933)
 (0.45801053023088717,0.1840754968763878)
 (-0.35439046802540564,0.42155575710472198)
 (0.72926963438498404,-0.31071430066123645)
 (0.5843600967948952,-0.1958470950616672)
 (-0.29064636815042577,0.069638815549094721)
 (0.40259487353339429,0.1788850877611127)
 (-0.98181857284347362,0.42111898636768413)
 (0.83576657829361944,-0.096989596952542514)
 (-0.67533164336941431,-0.32567104582804157)
 (1.4132435949147621,-0.13481636244707096)
 (-0.67866581094002865,-0.36307238252251056)
 (0.15679105008124494,-0.48791347828455389)
 (0.45197604320521811,-0.053109529495979739)
 (-0.90510757123272356,-0.50154777118868954)
 (-0.80707072562261772,-0.23118005984526674)
 (-0.71775718043668135,0.4047411765732481)
 (-1.153332746485761,-0.016378427692415123)
 (-0.80242141977902359,0.45151072554378779)
 (-0.84033048296982016,0.066403297768340405)
 (-0.3579963103453091,0.20848514490160841)
 (-0.024858963403415202,-0.036452693862772029)
 (-0.82751537253149354,-0.59972496548087706)
 (0.54179938250292625,-0.074959898602538405)
 (-0.9077743389753844,-0.0018903709210023481)
 (-1.414821986559784,0.049369197220509566)
 (0.857279237392363,-0.40006584521820515)
 (-0.88712911931706073,0.27608179608846151)
 (-0.62255878028010092,0.40901265509069468)
 (1.3929849215771326,0.39272009887827031)
 (-0.54287054186830497,-0.25475807922722965)
 (1.0967893753309448,-0.56104004866554447)
 (1.124358989111889,-0.13364677383535589)
 (-0.7484923814083787,-0.012174282545004789)
 (1.4114411569870993,0.17731626441671228)
 (-0.49089894893500624,-0.29135442721676313)
 (1.0677189308210036,0.37929790189835416)
 (1.8790157417428739,0.39306146865886415)
 (0.553674050157412,0.46572287395931228)
 (1.0172104847107801,0.54613834942872141)
 (1.1408358462595523,0.039888450591556136)
 (-0.40560439646188395,-0.025767759027496489)
