# Created by Octave 8.4.0, Thu Dec 11 09:47:21 2025 IST <gamana@Samsung>
# name: awgn20
# type: complex matrix
# rows: 2048
# columns: 1
 (1.0082655197968011,-0.084949331265971192)
 (-0.93262833762766417,0.038143478321060742)
 (0.99869717647818579,-0.022589689953210226)
 (1.0180743208988561,0.019841489208190351)
 (-0.97853338376799215,-0.017688123634927284)
 (-0.95395785117046705,-0.02288577588571546)
 (1.0706535170088918,-0.069586369238139587)
 (-0.92436852650163936,-0.015232679247262565)
 (-1.1224810621536327,-0.037714492298873407)
 (0.98016146588146791,-0.014303784383490496)
 (0.9738467948733206,-0.14312593615608046)
 (1.0303345296805346,-0.13075795433827941)
 (0.89847727935386668,0.0043519580964113532)
 (-1.0031088151633305,-0.050004660605828311)
 (1.0205590919715084,-0.020479356180031452)
 (0.82915029897035675,-0.09895884608246909)
 (-0.98874174929684522,0.1209000360553574)
 (1.0420605628557511,0.026482848737154965)
 (0.79799958656409031,0.073790202888007209)
 (-0.98341269297997735,0.091797691013461954)
 (-0.81349371467668941,-0.08637674991914035)
 (-0.88996660184573539,0.021256160939814417)
 (1.0284518451791285,0.092849165017374904)
 (-0.99678020452406102,-0.033031211970089965)
 (1.0604059549827447,0.10221424005779417)
 (-0.9639247124354684,0.045253288402488025)
 (0.92536784252954407,0.065575197179435968)
 (-1.1398198944250149,-0.039230662919726191)
 (0.91816225241241645,0.028805997910137285)
 (-0.87496603053067035,-0.020549279216580781)
 (-1.1417924634431018,-0.022875286672231075)
 (-0.98980884006939307,-0.049419397792549127)
 (-1.0921239787766579,0.026818155376082582)
 (0.94981475906646651,-0.050757367558150183)
 (0.91682439810892924,-0.021411079044082324)
 (-0.9634674261088938,0.02290221751457756)
 (0.98352014877257499,0.0046021562888383825)
 (-0.98776251312435082,0.058174558753763012)
 (-1.0434423379704454,-0.033017201828593974)
 (1.0129218828658382,-0.082210661912544336)
 (1.0316216317712268,0.07483218030302731)
 (-1.0539348965224142,0.09676017707713741)
 (0.92646149862715288,0.027610516326721485)
 (-0.90938517913674266,-0.040190389949581296)
 (1.0692920326786015,-0.010901038403096929)
 (-1.0052249959965185,-0.042115362270161327)
 (1.0254632558022463,0.10773459990125936)
 (1.0398582246338466,-0.10771642412945592)
 (0.77594849874739635,-0.058358653900802221)
 (1.0103744808767674,0.0026795869299851868)
 (1.0036778481192508,-0.0038854334837279264)
 (1.0653273778046837,-0.049905050735787077)
 (0.95022742197072652,0.06012884749378037)
 (-0.8568731124218445,-0.083758328708444879)
 (-0.87274929718606897,0.063640562159642908)
 (1.0034674885297823,-0.080696437950979999)
 (-0.89454591905962322,0.023455863599624784)
 (-0.98247001841594195,0.074675124632744602)
 (1.058732108798524,-0.06826019894099615)
 (1.1659932777406785,-0.016507712503219089)
 (1.0484208577105276,-0.0055087211850055138)
 (1.1117691820499833,0.006679597488614142)
 (-0.99584048776289047,0.05568898515374298)
 (-1.040382699061664,0.11452280963866215)
 (1.0591489233651419,-0.069491897479080064)
 (0.98297133181114615,0.081468445316822624)
 (-1.0735427164766762,0.12929124833569314)
 (0.89130976033352383,0.15993772904175874)
 (-1.0078629377298252,0.010180442244569538)
 (1.0807931459835323,-0.089876181587709311)
 (0.92404350242352007,0.03624416787288523)
 (0.92931555834155688,-0.020465621123571059)
 (0.99097986862415088,-0.044265412388520026)
 (-0.96386672245156213,-0.016199405051887557)
 (-1.0615031987970787,0.13724914654420431)
 (-0.93827383978686785,-0.12296118408617313)
 (-1.0445907269393979,-0.020460347297227344)
 (-0.95583776546876831,-0.051568091454302967)
 (-0.99286851620092431,0.017516495025200883)
 (-0.97457759132040866,-0.0015763652058498655)
 (-0.99239366062824086,-0.045669903219612916)
 (-0.87836713272017752,0.0058560914912074921)
 (-0.96817141812421159,-0.039078173133188364)
 (0.91517377721183013,-0.077596576048740679)
 (1.045254683508654,-0.011891110680806453)
 (-1.2727811010395169,0.03063128714670962)
 (0.98931089602082167,0.013597421422646772)
 (1.0229805077704868,0.064786420058016034)
 (-1.042858285478482,0.011591250273099291)
 (0.86820140399335144,0.072665446863932948)
 (-1.0179405038111005,-0.032555193513645705)
 (1.1020203915922118,0.030690509844956707)
 (-1.1192650197142635,-0.076273022179411079)
 (1.0690037203349227,0.064139857525494767)
 (0.95273623163026577,-0.1575847616375009)
 (-0.99486715332417197,-0.032228535403748822)
 (1.1442737580293738,0.10178156234686556)
 (-0.96465350545465745,-0.025481005122955709)
 (1.0300874946905501,-0.096239885575208531)
 (0.91357813513649166,-0.10561657249296763)
 (-1.0614736228668546,0.055478585200607625)
 (1.0260630865739062,-0.072028648019803201)
 (-1.0917209914163424,-0.0092084642777380352)
 (-1.0563431828784464,0.087745857225984047)
 (-1.1191142537448135,0.00046031219928032661)
 (0.95972819158153333,-0.083295480043807282)
 (0.9453620298498584,0.04271438868549738)
 (-1.1116045849612417,-0.080022282578263465)
 (1.0046681477382646,0.040468947423008814)
 (-0.92494721730194451,-0.0029639739195254297)
 (-1.1480912775994803,0.025550504836672795)
 (-1.1246897726061162,0.02841473973115359)
 (-0.87547822838635414,-0.021591023929138076)
 (0.95625628776332217,-0.030151552030591805)
 (1.051594858991133,0.075958484583840691)
 (1.1029349891201949,0.02880646290005795)
 (0.96511685980266637,0.0092350766836159365)
 (-1.0141798094877332,-0.043847679369763519)
 (-1.1928980400157916,0.0094739728682131999)
 (1.0379734627174015,-0.055622939372579616)
 (1.0575849734892473,-0.007818518489166237)
 (-0.89529233067579517,0.019876963204866191)
 (0.96875413421603795,-0.026026116973981529)
 (1.0050272584187254,0.028020400847064558)
 (1.0105543958277567,-0.016695295139718989)
 (-1.0700134985886385,0.011778753041094296)
 (-1.0373470936476479,0.036801509831423683)
 (-0.9654132569109628,0.018090897536148811)
 (0.94855548894068842,0.13543301994795762)
 (1.1366731888301931,-0.066151062243276423)
 (1.0126710132382637,0.072776695266038263)
 (-1.0120318538479929,0.013137017681935058)
 (-1.010847620794191,0.063657730217470884)
 (1.082125895987663,0.0032937516414028624)
 (0.98532278337202173,0.043377757269195655)
 (0.91693672684400673,0.035291647174190359)
 (0.87253585493709118,-0.030410546622137425)
 (1.0212599163706007,-0.042739802264918796)
 (1.0029586041994583,-0.09697295101654424)
 (-1.1355616961156705,-0.0095030773046267582)
 (0.98783428634419301,0.025358248478296291)
 (-0.97857820063433942,0.065658667416738217)
 (-1.0021308671180262,0.062055836166888811)
 (-0.96494237254660886,0.095126698485726607)
 (0.8986042908290176,-0.028217417503247352)
 (-1.0274167720653693,0.11205231455911102)
 (0.96032823442542914,-0.038253994204879918)
 (1.0231387879776723,0.037075089750504671)
 (-0.97154535081449844,-0.053810989914931467)
 (1.1068705696209349,0.015579177140857509)
 (0.9090614925560736,-0.060718780336592865)
 (-1.0170668107524925,-0.01605475178040076)
 (-0.98253658828397716,0.082572485173457721)
 (1.036853224320601,0.028232346177064202)
 (1.0853323336538327,0.0037734437813094499)
 (1.0428214592897382,0.052750698577670646)
 (0.97853098455105214,0.10207301237289257)
 (1.047702245490548,-0.037341993381675397)
 (-1.0695232108694819,0.057922391218592585)
 (1.0667283720276703,-0.10016398226141721)
 (-1.0190451370982938,0.10255557340562281)
 (1.0068698419188975,-0.07622965030602373)
 (-1.1299730662632643,-0.031665631329494071)
 (-0.87469446031081177,0.11192544742772435)
 (0.97266020262158281,0.041901925587555254)
 (-0.94682717402056826,0.031191621370316433)
 (-0.90841801379673071,0.011991563132418483)
 (-0.90259637821428473,0.043894251839249998)
 (-1.0665707474637356,0.072538578200965265)
 (-1.0064669644582764,0.09571648819958363)
 (-0.90721104472131997,0.14716634251046751)
 (-0.86971781459204134,-0.061401808017945071)
 (-1.0001110927262951,0.042104459002487632)
 (-0.9543661904032692,0.023425434071106352)
 (-0.98567368109359887,0.069957146085947358)
 (-0.87577795420899407,-0.072230533659582596)
 (-0.97098761466728467,0.14272304911461503)
