# Created by Octave 8.4.0, Thu Dec 11 09:47:21 2025 IST <gamana@Samsung>
# name: rayl
# type: complex matrix
# rows: 2048
# columns: 1
 (-0.37031318112863126,0.20328086542453205)
 (0.4894716659263742,0.87978297236939995)
 (0.53290295662279485,-0.52264944963941584)
 (-0.34706404926215906,0.055412415936587467)
 (-0.40704764155829953,-0.99551857833279989)
 (0.40072776910004998,-0.09999713339306962)
 (0.50570688740082681,0.12593449625981731)
 (-0.2645779369608216,-0.29781920898531139)
 (-0.36842774538840689,0.84668971736747567)
 (-1.1282763945787679,0.33828981327447971)
 (-0.67106646478815113,0.29382478588022531)
 (0.19957282308312432,-0.38552564656594374)
 (-0.11580347032752024,-0.20741121085545949)
 (0.58576567942238433,-1.0613848983536371)
 (-1.0171490146599811,0.13952606418503483)
 (0.52095247303822478,-0.39339694962093297)
 (-0.34276938907361715,0.019388054139412737)
 (-0.31452424955715752,-1.0358591467352769)
 (-0.795642966203156,1.3668531246649029)
 (0.44470586275470103,-0.76850866970034859)
 (0.28639335132449628,-0.21751449603605519)
 (-0.76989042498416183,0.19957494415764318)
 (0.88686651813857753,0.26226289858605739)
 (-0.51290486336206254,-0.25481781157724792)
 (0.19220507035954151,0.75782778955762342)
 (-0.723509631775058,-0.13154897561751269)
 (0.44831069933970119,-0.53135560817887462)
 (-0.39874461552962298,0.85984316116412374)
 (1.5485392009305814,0.32197492414052703)
 (-1.0408374706958208,-0.66710639075181821)
 (-0.29747401845927779,1.2669478446585836)
 (0.11535332012018902,-0.34396465771344342)
 (-0.55664970706629091,-0.27251736498905105)
 (0.50072165774244937,0.73475612882127739)
 (0.89626707395213157,0.32478062223081045)
 (-0.24229206283278468,-0.17531987254429826)
 (-0.2065243527204319,-0.78108928340043526)
 (-0.99623967603351105,0.5514547903166982)
 (0.252618129619325,1.2598854304171938)
 (-0.46394522730545407,-0.64954893231686628)
 (-0.1817251350996345,-0.80850340737597737)
 (-0.93230091684603178,1.4691061488842465)
 (-0.46444339167003551,-0.15586597188028226)
 (0.59847231074919049,-0.17921095342313006)
 (-0.29647090175286445,-0.088732315348606747)
 (-0.1965369425852492,0.30349017835301467)
 (1.0009175861627471,0.48726030501362011)
 (-0.26281729608488119,-1.1561092532440618)
 (0.99682965201054907,-0.49923040525370904)
 (-1.1157035782882141,0.67793723784729265)
 (0.0013560092541832689,-0.17514823148587844)
 (-0.8233043803035478,0.79002449209392223)
 (-0.48421860809157735,0.062169087370252465)
 (-0.030303238077057686,0.48696761466298377)
 (-0.4926036878690857,-0.074356757930614636)
 (-1.4850641216854052,-0.036364682008913768)
 (-0.75332120449458995,-0.58075262502251279)
 (0.028089468533355248,0.25331606135631929)
 (0.19551762097845368,-0.41157750643493951)
 (0.99302795742923711,-0.43034040781167432)
 (0.22046503984069485,-0.64301130996377365)
 (1.1037912070592122,0.50939102982805573)
 (0.17278269806682153,1.1685820457811917)
 (0.92190498361646256,-1.4871240842350102)
 (-0.24295841197656051,-0.42545889769459799)
 (0.26539119190087851,0.57169487082764325)
 (-0.056090267027191672,0.058065746632642794)
 (-0.85842387553487376,-1.0086948613974165)
 (0.23265775178374454,-0.74018993783388587)
 (-0.47467369454691,-0.61309237317020315)
 (-0.93323010017503427,-0.017471427452313074)
 (-0.24599997707696819,0.88882685519119098)
 (-0.075246532784281062,-0.013876756041673587)
 (0.63259569230052337,-1.5604221324804959)
 (-0.93993671492055431,-0.66022393666751378)
 (-1.0856420610413402,-0.2145832016353125)
 (-1.0437672100392597,-0.94686966399317773)
 (0.200233487904935,0.11685110512635739)
 (1.2817494910452583,-0.82050884570950877)
 (0.32744678417821416,0.39091125490373269)
 (-1.0140831029080217,0.67756736750344682)
 (-0.032519787169218044,-1.1227444357549745)
 (-0.8143136147013319,0.45071874600770201)
 (0.30396828869612241,-0.65930117228932306)
 (-1.0841421996768419,0.010521311059115628)
 (0.71551915832187529,-0.30154643292277256)
 (0.57751623905256388,-0.75639820178641204)
 (0.83635151188326973,0.77015393176008884)
 (-0.70313134849660452,0.63626409979915965)
 (-0.10622058569391329,0.10827541426550472)
 (1.0501207026956465,0.67629474165112657)
 (0.096684224227938945,-0.21210021235504531)
 (-0.89835544514149546,0.83429371591995805)
 (-0.069405076266191135,0.40639871235635128)
 (0.34539423239368328,0.9027841575232699)
 (-0.79497580688548342,-0.38045921227254997)
 (0.87425545076951594,1.0114922548863388)
 (0.37454979196097138,1.2009583187126562)
 (0.3931410860304092,0.26346719524336903)
 (0.068009035694471268,0.93564986820021978)
 (0.11353916101338526,-0.23973874538872461)
 (0.64593969338735058,-0.58396302978307968)
 (-0.22902179933845995,-0.2164867114906345)
 (0.30945656203136768,-0.18964345174099478)
 (0.37268814158334884,-0.73943625991358242)
 (-1.2330894249946924,0.18367022511629544)
 (-1.1877392186270905,1.2316321701268802)
 (0.60647010065903861,0.45721230093477055)
 (-0.42122057461735674,-1.2690949222525889)
 (0.6486623939827868,1.3597271012348526)
 (-0.43273842990552885,-0.59509841458381285)
 (-0.38649791551152302,0.36699647116483985)
 (0.2239679520322779,-0.88094775064230924)
 (-0.32401979445082574,0.78572764520291205)
 (0.3273975547773692,0.25628715970853438)
 (0.76564971083587907,0.076750002047304561)
 (-0.41989891894696973,0.085892542849479017)
 (-1.2612297180208742,1.0554441056330637)
 (0.38364292238615316,1.7326773565692832)
 (0.64998346738189661,0.93284005802578673)
 (-0.62194449608968128,0.13816471804224181)
 (1.4054763389136526,0.3977913474108733)
 (0.84070875058386008,0.84856305007145538)
 (1.5249797321689533,-1.4512878852473794)
 (0.034079987775608563,-0.23111857506394512)
 (0.62626037510160149,0.19290647847680401)
 (-0.35651405602012043,-0.49522727786092285)
 (-0.66765488846061094,-0.54600579723415987)
 (0.28189059704992553,0.89247303287446245)
 (-0.34696565727747325,0.076872167804726152)
 (0.86876213663199264,0.81236154418608209)
 (0.16511690742324495,0.68365607798372785)
 (-0.28147636240059309,-0.21887943389954606)
 (-0.26674801740920839,0.38311785259688264)
 (-0.045085430524425936,0.15437443821103006)
 (0.0036686670582963812,0.20371416136173234)
 (-0.70993851938489072,-0.12866057498062122)
 (-0.67884911571986384,-0.69336064704198086)
 (0.60567793708261053,0.19610302225804646)
 (-0.10028753073150591,0.31484078637342061)
 (0.75968761327887269,-1.5334542737058323)
 (0.11114031728739129,0.66172450903203262)
 (0.085136485912105986,-0.45149880190199476)
 (0.30285145965970733,-0.21826423353431118)
 (-0.51205482185188189,0.42123734434782323)
 (0.72215016428549084,-0.73824445321082821)
 (0.83120663662813066,0.073004536405169587)
 (-0.74969454841977312,-0.21932726159268356)
 (2.3392074144441519,0.81958270995318727)
 (-0.46197782502891022,0.89544154924340569)
 (0.41633943591850325,0.023833520923112802)
 (0.23124501916434867,-0.0063854583523227102)
 (1.005403046877567,-1.7115544287088056)
 (-0.066270014257861706,0.3800077052151431)
 (0.7001758240366408,1.1995033675969071)
 (-0.61930453560075371,0.11761700046815612)
 (-1.3155639332864046,-1.7495365053959833)
 (-0.34458534048380152,0.84179048530258849)
 (-1.1507785716997285,-1.3473525722296675)
 (0.15798889483165671,-0.087613024928394526)
 (1.0428305881843818,0.27216252106199224)
 (-0.78068276209721121,-0.76087904266387296)
 (0.47628941944027808,0.31091841209178661)
 (-0.083827847274504819,-0.33623225273168428)
 (0.34385060313847543,1.12975541290315)
 (0.4043907389453506,0.7220587083993113)
 (-0.77341194579161232,0.98414308296258501)
 (-1.7246670210895998,0.39118534786496711)
 (-0.2200325791511904,0.74772139222331502)
 (1.2535175423399716,0.19721153456103069)
 (-0.27971477834096148,-1.2978634279153949)
 (1.2747524324283881,0.52280973022782429)
 (0.35113635182210662,0.72448018849125595)
 (-0.17026833599775051,-0.40009221688189112)
 (0.8775657975290293,1.5917126759305609)
 (-0.65988155615610999,0.62682340567601369)
 (-1.2477287058839122,0.7725967833726114)
 (-0.033015503825369642,-0.81668574149475803)
 (-0.12428032351566159,-0.1996237703822292)
 (-1.0496731839880107,0.9115915957855083)
