# Created by Octave 8.4.0, Thu Dec 11 09:47:20 2025 IST <gamana@Samsung>
# name: rayl
# type: complex matrix
# rows: 2048
# columns: 1
 (-0.4860307159924977,0.073680243290214303)
 (-0.69832564413907205,1.0859604854564244)
 (-0.11673514626693247,-0.81185229683107063)
 (-0.22355306953550186,0.47300340335633967)
 (0.1693937457607082,-0.34631609844486999)
 (-0.63153600052695502,-0.22527130630437389)
 (0.58221021298490117,0.28800647204766616)
 (-0.051940729057409735,0.12441691185215897)
 (0.54204626096095121,-0.87361280926793872)
 (-0.08548638780702994,0.10791937841388607)
 (0.12978194549183894,-0.1823176777521516)
 (0.8463033176022946,-0.33651332798556499)
 (0.47650959404451532,0.1605616069670624)
 (0.68498342269817103,-0.37185966147504684)
 (-0.80209378920627539,0.35514581923480215)
 (0.076280880046055446,0.40632118835430209)
 (-0.31109452492451506,-0.075908053296994057)
 (1.1049400910097669,-1.0331165951831729)
 (-0.11610091532748,-2.1000904913024518)
 (-0.20355922322708855,-1.333173281836159)
 (-0.19828080800511269,1.0002498203124277)
 (1.4167502346173535,0.075130228914526337)
 (-0.24302085117748384,1.8203678013701512)
 (-0.51649233020155871,-0.33999750348549951)
 (0.22698891363178539,-0.074186386813080624)
 (0.70810091011917553,-0.60796686715299775)
 (-0.12006142436919247,-0.53613319604171095)
 (0.034452325741141432,0.27009593982391428)
 (-0.1890807017298497,0.076048295805184241)
 (0.34988461979130803,-0.23828868167679629)
 (0.23254239573359706,-1.1934394487916176)
 (0.77890940717111468,-0.80274272423258419)
 (0.75738239464661539,0.32171647284805271)
 (-0.016483654975795011,0.61820590009641596)
 (0.81524675739187147,-0.77107853161905293)
 (1.2615899252111664,-0.47133161576692079)
 (-0.77071104631295606,0.21839690108392484)
 (0.24273601670346928,-0.43242505134771336)
 (-0.70124658039043253,-0.88326302675211321)
 (0.43161613610901578,1.1599803575507079)
 (0.80401534772197036,-0.87238217143964158)
 (0.95632484623515945,0.78005505668286301)
 (0.24253493398036322,0.22730907020540198)
 (-0.45714024295535993,-0.21140761790236753)
 (0.11299663946934066,-0.18539300394982669)
 (0.55818043781844551,0.0056932028750468558)
 (-1.7258952878607285,-1.0873936187669848)
 (-1.0215264117719498,1.5176322703133205)
 (-0.99633394411715215,-0.16506227283111322)
 (1.3513360299771711,0.45425388055931093)
 (-0.40626033624097785,-0.44200128832203117)
 (-0.16070935547427659,0.10879904079362861)
 (1.0704396175945621,-0.027417221343934588)
 (-0.95169315923019437,1.7343734293058248)
 (0.62994478193995429,-0.20949450672591727)
 (0.68916331079883453,-0.51689525685934357)
 (-0.45803713038179639,-0.98109792585805589)
 (0.50788613870605659,-0.47301461085496704)
 (-1.18388259854096,-1.0558469218772861)
 (-1.0382493409100424,0.8827915147065668)
 (0.43902896561035454,-0.20582298439638272)
 (0.59487563908408325,-0.38066042946759926)
 (0.52269120269398961,-0.44512190014924513)
 (-0.59400793270929919,0.24396188307404795)
 (0.37490237909087581,0.62387344961723401)
 (0.7547422533250967,0.27354924093642541)
 (-1.1152355461811847,-0.70493639719078061)
 (0.11091455376049776,-0.19914320488512871)
 (-0.20744284044491701,-0.093375571830984647)
 (0.28569075857372306,-0.72705976144234985)
 (-0.3612623798355391,0.75543314010561458)
 (-0.26082293981562832,1.047554555761212)
 (-0.35685926614371988,0.90445067115596034)
 (1.494668709785109,-0.22878786377108698)
 (0.15132436050032969,-0.28835768327251682)
 (0.052584842243050489,-0.54260690877486983)
 (0.64273307347396791,0.61219597336498965)
 (-0.25772180577310433,1.2345383852740905)
 (-0.81053604647170163,-0.44410850342779828)
 (-1.3296210070708334,1.5156188535882835)
 (-0.31163433683607678,-1.1428440509078588)
 (0.54638904308503777,0.12864354483873375)
 (0.15307792899398617,0.34827208726351311)
 (1.062618457832553,1.2556119429300812)
 (0.75798166315369775,0.056640230723957928)
 (0.49754894774569414,1.1485201331378887)
 (0.063722353768199277,-0.0024835754746759513)
 (-0.13056413927709767,-1.1931734236056795)
 (1.1328764993046931,-0.68796042442452454)
 (0.038370706705958831,-0.54838237149076807)
 (-0.25158204312453003,-0.74445804979724572)
 (-0.29351855901517832,-0.10617089401508918)
 (-1.1668513895985251,-0.4180398950601702)
 (0.92191933196408593,-0.1307005094977966)
 (0.37652708837863785,1.0178179475803999)
 (1.4903204656093343,-0.3776983012219754)
 (0.01301839158209246,-0.97948339785398653)
 (-0.36109783048890909,0.73211202192690572)
 (-0.084979586689175671,0.1057110373101717)
 (-0.48939428318299749,1.1876899369190146)
 (0.040121900106400141,-0.26274843624515654)
 (-1.0103050544336927,0.18457257154080528)
 (0.7575562721867205,1.0064243699311188)
 (0.60159588234248262,1.1153818143428695)
 (-0.058087205090528303,-0.34197104469694606)
 (-0.050074140014805958,0.56820872723402849)
 (0.33071650839088157,-0.91306286677987913)
 (-1.517058772684768,-1.0347187060552985)
 (0.65870978699558014,0.69698645724020614)
 (0.65290389620217126,-0.37818567925053381)
 (1.0180797774676058,-0.19187647251602225)
 (-1.0438053559800775,-0.66516130759940761)
 (-0.78618793871441661,0.10222000851294104)
 (0.08848708262819352,-0.52328555297523649)
 (0.7461861875079836,-1.5047259838076261)
 (0.062104760407986501,0.9034209405373268)
 (0.7081304541301735,0.62872254657651039)
 (0.92832571552837095,0.0015488008858127729)
 (-0.50522945804703667,-0.59931109812084127)
 (0.13944083950874164,-0.14423425822841962)
 (-0.528244276878302,0.1890543812066029)
 (0.49484315580871657,0.99926198315046455)
 (-0.55670593503079846,0.20007793436396648)
 (-0.31404754582329636,0.10562504221802171)
 (1.2169747400473963,0.53109220378474131)
 (0.038170367124609528,-0.065253938672507214)
 (-0.17802936198048869,0.86690989782128669)
 (-0.089623806873129819,-1.0804018641914672)
 (0.4169243140371004,1.2598913387365482)
 (-0.59177268882108025,0.28627942832738906)
 (-0.48993080979473991,-0.19099887771430404)
 (0.65128812205680442,-1.1880814358336111)
 (0.10118624432893362,-0.59891623548030959)
 (-1.4035521006559797,0.88431448371004973)
 (-0.30141960662078293,-0.16124142534186411)
 (-0.21493696443364754,-0.40959445231238129)
 (0.35201092463541628,-0.59547753979069928)
 (0.45000838444432395,-1.2319369842037375)
 (0.093869449028288587,-0.84309128262584365)
 (-0.84995413782450113,0.64123604511438492)
 (-0.42637786534385774,-0.011555004344306502)
 (-0.35055260509537989,-0.3441628400511319)
 (-1.7121177339594746,-0.62314698688547443)
 (0.036237719646224013,-1.0230409562450933)
 (-0.64428206966742441,0.59980635748770106)
 (-0.95492709986949764,-0.72411013700576587)
 (-0.076214576989437482,-0.19684371957844721)
 (-0.89550154442294194,-0.50626415650214196)
 (0.11329636151824725,-0.53359237709804674)
 (0.20198595391125329,-0.3868761695121124)
 (0.96442688952717814,0.97553895781213673)
 (1.1762099148987917,-0.52933098142220825)
 (1.7116016214774936,0.14857509955313108)
 (0.35955818757479646,1.0346971343063773)
 (0.88795208741907938,-1.0958249546715357)
 (0.67828067865685493,-0.33193493010394542)
 (0.17431848163858532,-0.65167134670146742)
 (0.79211645130532171,-0.77367996829796393)
 (0.6451085483293143,0.29301968779570842)
 (0.8474722792215349,-0.45569382836420524)
 (0.38307290594863658,0.77370865853827886)
 (-0.27414169767909996,-0.14346255800376451)
 (-0.077027943352709335,0.21989498284792797)
 (1.0315982782625994,0.17622370675549517)
 (-0.048109434643519564,1.6940103375153039)
 (1.2993276323904857,0.46037010151582969)
 (1.0650969027803885,-0.068329018230483832)
 (-0.38739406942124111,0.82785325400794241)
 (1.1279752572802684,0.04573339061682187)
 (-1.1741298858497613,-0.16628569690540021)
 (0.24333184158026108,0.20688550546102116)
 (0.22671812647519624,0.27531581678244854)
 (1.4907744136115602,0.99044801559215423)
 (0.4928847916171224,0.071546217167046899)
 (-0.1913323752876632,0.19359280235419146)
 (-0.5310279461997226,-0.7785979473655863)
 (1.3571425823595988,-1.2971159288386005)
 (0.66230691937207031,-1.0610497948975073)
 (-0.25765842044887061,0.85865840837557572)
 (-0.092240850923168513,-0.17182031778515316)
