# Created by Octave 8.4.0, Thu Dec 11 09:47:21 2025 IST <gamana@Samsung>
# name: rayl
# type: complex matrix
# rows: 2048
# columns: 1
 (-0.85056417465535961,0.37824858134952977)
 (1.0002253086126549,0.25076325160562313)
 (-0.084486523386691506,-0.69568084302596922)
 (-1.1839065430157596,-0.25179665415597396)
 (1.0317157576514107,-0.073632730882522465)
 (0.26580375074704587,0.47563233292494411)
 (-0.25979818619433886,-1.1839169222309691)
 (0.1384571043163505,-1.4032013202465454)
 (0.11938323880491372,0.1830424567734763)
 (0.0907221666655878,0.42244644918930019)
 (0.31245282606654723,1.4773916226843304)
 (0.5495806943477165,-0.30289586791371625)
 (0.027541165321501318,-0.83155517814705626)
 (0.66221049227293594,-0.19921744540062356)
 (-0.11052020374515054,0.0020051857193725208)
 (-0.082427293423433676,-1.5354556984072039)
 (-0.10374564915784021,1.1817653577739655)
 (-0.28743051337845393,-1.1757800286588702)
 (-0.18729745821800947,-0.11761500961143097)
 (-0.018376306761701863,0.089374502245926857)
 (0.70420543209283859,-0.27722546092142047)
 (-0.18672357205591236,-0.65754035621284668)
 (-0.23342380498414325,1.3611917606272257)
 (-0.34287615069393051,-0.077088778931603305)
 (0.07633740446850959,0.4190366483897941)
 (-0.38453563238576288,-0.15213275087307152)
 (-0.73408798678775378,1.5248552163451501)
 (0.35162762876358189,0.056840742876708213)
 (-0.59457243512974656,0.52430767564847991)
 (-0.86426772957046716,0.5467692372215196)
 (0.91834884795266691,0.38276848759662419)
 (-0.93173560955701829,0.30653099472061068)
 (0.02773753799541016,-0.24971028282693039)
 (1.3368015022241957,0.33379480816885793)
 (-0.21194433412203731,-0.85489324079128359)
 (0.81264505332867787,0.95610034151270884)
 (-0.26105664211777968,-1.4700219306835676)
 (-0.5653015590371766,0.16008094164957665)
 (-0.41740121615262382,-0.15905466273280011)
 (0.1152197592461086,-0.71650667451840233)
 (0.028079748360302526,-0.3053297136808571)
 (-0.14765415106562998,0.71991283169079279)
 (-0.12576078037266264,0.72328900763307058)
 (0.16004103050502741,0.31547503588461506)
 (-1.671554761429987,0.33402431343462252)
 (0.67609346404243909,0.69014180580689544)
 (0.025042001323012038,-0.69609735320812149)
 (-0.19443966523975972,-0.33694662044623319)
 (0.098169777593998864,0.39222933063959564)
 (-0.21258275970596671,-0.35571811061640468)
 (0.73769822328629076,0.17730401428919917)
 (1.1440099227178568,-0.0027528362281193396)
 (-0.53242370869856992,0.83288543438044949)
 (-0.65239481728529103,0.049513051945402682)
 (0.9612003020424339,0.42858311938633342)
 (0.61796511865215609,-1.0006450183406661)
 (-0.14616501323537096,-0.30289032007379851)
 (-0.36208945570203144,-0.18591495325101542)
 (-0.87470317676587472,0.30751975502259116)
 (-1.1020686144614427,1.1617360769729295)
 (1.007373069469981,0.16544741693827908)
 (0.074612496194723335,0.30556097119098108)
 (-0.74478249157316911,0.49169746182835811)
 (-0.52503123813203578,-0.64599978974737404)
 (0.42420057586139409,-0.19408528513889953)
 (-0.98801150552391692,0.67324320296450368)
 (-0.15405490889420323,-0.0034237963252088995)
 (0.64064765254523071,0.59660794613550505)
 (-0.44879014336860712,-0.3651814015792762)
 (-0.213912586695406,-0.43782926424138535)
 (-0.42564989918053964,-0.75928474247468547)
 (1.1284084282694884,-0.23353813039998741)
 (-1.5878079470498296,-0.15163710064517938)
 (0.6323764679729571,0.4767873371988765)
 (0.32291606000913442,0.14329436880387608)
 (1.797220399264102,0.5786258902337218)
 (0.55843463956465378,0.47456410847478481)
 (-0.49073510414001886,-0.41186401870930683)
 (-0.0074210805200290485,0.17138682687541174)
 (1.7236510916817489,0.16343695228002816)
 (1.3646020326495178,-0.26569561337250724)
 (0.29670038954300121,0.10920260804382641)
 (0.07266059101964864,-0.44121942873367054)
 (-0.44210992993696441,0.35237846666549322)
 (0.34396266261363229,-0.82363842398394016)
 (0.87508760637634664,0.39325920806121889)
 (-1.150127308228329,-0.80940720803989841)
 (1.3482229944135324,-0.12972287825265674)
 (-1.0358157574137337,0.31232047755081305)
 (0.79715458937616601,0.33334630702024809)
 (0.50462121990259956,0.18041773345936277)
 (0.54584678669696185,-0.015091040900964242)
 (0.7558530403486744,0.86455236450146467)
 (-1.1100530465737,-0.092440194882750154)
 (0.68659958195015092,0.82735557369283275)
 (-0.33100618824948336,0.2550363877441823)
 (-1.1907877189599245,0.021179325289708815)
 (-0.38561567951209758,-0.12198629030544426)
 (0.79516542524101119,-0.42084821347005941)
 (0.1395455772215442,1.0238280001911875)
 (-0.36155768539561078,0.10494694719203465)
 (0.54877584943610169,1.2277716275314523)
 (-0.47296491837537807,-0.32402873157610218)
 (-0.039753188480103327,-0.78543274676502994)
 (-0.93335494139861253,0.11225132785166318)
 (-0.6967388748809844,-0.19928626791739368)
 (-0.87900809462665797,-0.46192367053449962)
 (0.029077251076830388,-0.53469185687390475)
 (-0.3050478892550641,0.21619287957345765)
 (-0.33671775206583121,-0.95783850351825428)
 (-0.30773993541237193,1.5353423629481844)
 (-1.0667741822200651,-0.70729959859039071)
 (0.22114962455329421,0.73091092955826575)
 (-0.42819841578404355,-0.42032750428386312)
 (0.7088378727786836,-0.24261639741700736)
 (-0.057676753833638066,-0.039934467561194391)
 (1.7631495702781272,0.03846750909494006)
 (-1.2766701370925326,-0.2364857842355689)
 (-0.40779653738028326,-0.89743020230275994)
 (-0.090204135393628329,-0.018645770654179803)
 (0.17123603008409546,0.40535189733764909)
 (-0.10722981262332792,-1.2396751250991855)
 (-1.0182394375302255,0.06324309236645026)
 (-0.20986029271391157,0.3785092492319212)
 (0.20533232893636513,0.61360056812837382)
 (0.7647020006323515,-0.51802436653211281)
 (-1.0488248582338517,0.62031659724202548)
 (1.018485687339429,-1.1180832081450975)
 (-0.93633094945553585,-0.62469653838377592)
 (0.44385005163284263,0.51879146636716944)
 (0.38084463318757994,0.89502041507320518)
 (-1.3032799256096632,-0.64232400934662426)
 (0.50557812744575381,0.95793438639431261)
 (-0.38297576846664599,0.54933564029103943)
 (-0.19332521325814542,0.91386232284299462)
 (-0.22804846960728808,-1.0473767041861703)
 (0.8406004801536342,-0.36518008303753691)
 (0.3885740366597214,0.47700099687220726)
 (1.1270920531786546,0.036690126169033555)
 (0.38961008376204864,-0.11909135213574101)
 (0.17428313480262461,-0.07510915170207054)
 (1.1430041233500063,-0.0091258690275594703)
 (0.61891144644447005,0.70705606470150029)
 (1.0398095869267194,1.3488733819028911)
 (-1.3130817222159057,1.2906089504397578)
 (-0.40772493992569003,0.16493529881387189)
 (0.71786642013713375,-0.67995263467519251)
 (0.41049517005353953,0.55017607987208061)
 (0.54866545410710477,-0.16102141585972865)
 (0.045908976059194591,-0.047360389673546659)
 (-0.23317941693345495,-0.18826417275624444)
 (1.454386507934788,0.79775195285820555)
 (-0.40430043889389256,0.44675339342739745)
 (0.27346980713291569,-0.24716289069484701)
 (0.45519949913992264,-0.49916787831365439)
 (0.36247911665094956,-0.31621917407150057)
 (-0.44214978302632862,-0.55253721422407454)
 (0.37833666116550302,1.2214407719820457)
 (0.42147517055099742,0.1063529084120883)
 (-0.2784310763364915,0.57704778410693025)
 (0.083889530779579738,-0.78895465041541635)
 (0.072783146311065611,-0.29528763905927685)
 (-0.49992688507143035,0.72340818410413821)
 (-0.33855191838313631,-0.41364749043529808)
 (-0.22298207534769438,0.96619757811443119)
 (-0.58929740342005132,-0.73915066313689037)
 (0.73872276948428095,0.44961455398743799)
 (0.78202794117482544,0.81757285220473119)
 (0.11536686996474947,-1.5864079295495079)
 (0.74487331912458199,-1.4339338859466744)
 (-0.071730982922958278,1.4584864124026711)
 (0.27766994991456434,0.68759243640491319)
 (0.080234152635655795,-0.80058121400083215)
 (-1.4067220518734451,-0.10468695794002178)
 (0.15567827936509945,0.23344672986487913)
 (1.528056227888007,0.75913660435537933)
 (0.2879525444663994,0.6197777722958302)
 (-0.084687238327661007,-0.79133988355345308)
 (0.93384019486049885,-0.78453606735580728)
 (-0.89677232505524018,0.091642741756795931)
