# Created by Octave 8.4.0, Thu Dec 11 09:47:21 2025 IST <gamana@Samsung>
# name: rician
# type: complex matrix
# rows: 2048
# columns: 1
 (-0.41596628436884892,0.19383336820713934)
 (-1.2154778740681031,-0.19931452165322408)
 (1.1580611706874702,0.24844012253301415)
 (-0.94205624374332952,0.53977975444156523)
 (-0.61621541768120991,-0.068732134053054755)
 (0.99746568210528808,-0.25452284547582033)
 (-0.66742242327649248,-0.31385909360229941)
 (1.0742837860945673,-0.24170406080026088)
 (0.89207828992797111,-0.27903558071265877)
 (-0.59737731067254818,0.0075053840846233044)
 (-1.1980416846947799,-0.12026951545642277)
 (-1.6872653938319087,-0.24932739295664744)
 (0.30549565543498247,-0.054232817584767487)
 (1.393321892552029,-0.22861628136833181)
 (0.1132593428597285,-0.042464826713622034)
 (-1.034361313470803,-0.33582302904322731)
 (1.0316058016430993,0.047843444980600856)
 (1.0681240509685321,0.20094649526998445)
 (0.85709362037448455,0.67542198147482779)
 (0.90750355870714228,0.5579939058504193)
 (-0.97080162706838713,-0.039184113610861701)
 (0.38279155010481275,-0.054614005009932319)
 (-1.4108696907709926,-0.94258284065170894)
 (1.3801624207052081,-0.46364402705962787)
 (-0.84689565390477173,-0.15444404648717308)
 (1.2402149246967822,0.77520888069908156)
 (-0.68604513211020712,0.41344454265196184)
 (1.0947168385992363,-0.40813286317744285)
 (0.52221664506407395,0.0054612240727438793)
 (-0.87811189983515536,0.19804575362804996)
 (0.48361387440693171,-0.093488031299103505)
 (-0.57412411287810139,-0.0067909129217792576)
 (-1.0656683140227323,-0.87586663182484104)
 (-1.209166802218046,0.44554717671906979)
 (-1.1099011865288919,-0.4146018564294256)
 (-0.96826712015925887,0.06052293601825473)
 (-1.3862117227741271,-0.13071524658480499)
 (-0.20563821762343104,-0.17987667712242972)
 (-1.4093091260581456,0.11734744703593107)
 (0.74477506536387506,0.043631455950315673)
 (0.82161424268387917,-0.41398033702690618)
 (-1.4022933913335029,-0.15944966894248899)
 (-0.64382038833228605,0.38826592832050949)
 (1.3273690634657611,0.33192770454944875)
 (-0.84772862143726024,-0.2264462083832795)
 (-1.4776232776318743,0.36387251118014186)
 (0.96014190920886366,0.47648780949085612)
 (-1.6704246361163029,0.25417940451910614)
 (0.65741949972191882,0.33443442418493047)
 (-1.1097751211785389,-0.11747857071043978)
 (0.94385902752033801,-0.0044594507900703609)
 (-0.57191604292095621,0.23886985734739996)
 (0.35931850620432926,-0.30491835844377146)
 (1.5908617743789399,0.31474529453154249)
 (0.91826718048914469,0.050676387358794171)
 (-1.2660909361992116,-0.30496660752288801)
 (-1.2141562296868595,-0.34966064724649831)
 (-0.83638976916442886,0.071655408496064291)
 (0.21622283097965289,0.39099720572712604)
 (-1.3555887961384563,0.039404053886297967)
 (-0.43747629558809709,-0.27670116004126893)
 (-1.3247523672083372,0.21843383981224698)
 (-1.1603307976279011,0.09009184544358563)
 (-0.71293619092408733,0.81788908426823925)
 (0.80954834096633865,-0.064021972236263519)
 (0.65523136620375211,-0.025654891611065486)
 (1.1351347139764825,0.82151507973198623)
 (-1.0085066150115678,-0.50168212695771552)
 (1.4091190248404599,-0.17182452876727347)
 (-0.78685549011450961,0.44553036620508396)
 (0.93078173287433208,-0.29231305049096445)
 (-1.4631625832864024,-0.30356246877523801)
 (-1.028688640376026,-0.59882683823140059)
 (-1.0289812621035304,-0.094120965891685796)
 (-0.4355791038825631,0.10324229266307075)
 (1.2130224509702672,-0.1916040881908114)
 (-1.0620434065341156,0.029996724192553569)
 (-0.83954759648527133,-0.74541975892663792)
 (-0.94611635018692009,0.10378647695524533)
 (0.92090791565473218,-0.21418918728323133)
 (0.16492776671541809,-0.050565187282298273)
 (-1.1332985688890722,0.42885815263894855)
 (-1.3319416196444518,0.65463933038202049)
 (-0.51813450210699785,0.24916229966060144)
 (0.68667461306137378,-0.36582143469211037)
 (0.70713111872221479,0.44828137817978819)
 (-0.13362606030751301,-0.46493805452127468)
 (-0.37658911327430805,0.33586165126360823)
 (0.20105212121777971,-0.61905818461199158)
 (-0.60721830405521948,-0.27438577749861592)
 (-0.56312479355461853,0.27223488320567235)
 (-0.68738099973563216,0.22165080566236825)
 (0.3138847365408346,-0.025515543153787436)
 (-0.63624959963975591,-0.073920690461709446)
 (-0.64462444939258989,-0.23242253713834529)
 (-1.2280962247750828,0.57796904316628783)
 (-1.1583885535074012,-0.11704296747394527)
 (1.1177862978360906,-0.31674402172222199)
 (0.4202951465730464,-0.1030425408236799)
 (-0.82109000087089656,-0.3841703244416429)
 (0.7870240327580269,-0.27092952002177817)
 (1.1853430221446868,0.40255394162975322)
 (-0.69264529732982327,-0.28910223577614325)
 (0.81938763981006546,-0.08371406983858086)
 (-0.71508447650494811,0.36271331979384175)
 (0.55166582675319886,-0.72648182814381346)
 (-0.76992900366962247,0.070058388859429471)
 (-0.6581008065712366,0.67715196162313218)
 (0.85840718170785746,-0.20251187799770129)
 (0.627307392537791,-0.33471257948973032)
 (-1.2711710070303297,-0.24301642191561443)
 (-1.1671030188339184,-0.40864362713077879)
 (-0.39600110599040411,-0.21316422054839149)
 (-1.3587552778269338,-0.52036013472724696)
 (-1.2755908010743653,-0.65571284956269138)
 (-0.87541505348469828,-0.4808073349497588)
 (-1.1163160397168357,-0.012907618348692723)
 (0.81218172325627636,-0.47753434307051557)
 (-0.4341057131186758,0.15346315296941215)
 (0.37691612501156141,0.61169038410400944)
 (0.67047639367843859,-0.079245290677956132)
 (1.422528260531819,0.064351914031375176)
 (0.71311640136533594,0.035326805751830906)
 (-1.2299064910043664,-0.2878332055967851)
 (1.3129816527953566,0.10478976721796009)
 (0.82210152849612239,0.83629862256186216)
 (-1.1114122173488092,-0.34720687206413237)
 (-0.52738255519662613,0.029528337539444637)
 (-0.92532832290431311,-0.39899104595341056)
 (1.1623466881166857,0.056501372525696238)
 (-0.55784086754721951,0.20401163329193597)
 (-0.48629133440907812,-0.16901372154805239)
 (1.3664266104527962,0.037254022287302103)
 (-1.2738060394667008,0.10273173155442794)
 (-0.66188217529354088,0.15101682268279276)
 (-1.04449945189218,0.39488017137428261)
 (-0.54045580859307085,0.45845017091762325)
 (0.40564857825187417,-0.091693552047090496)
 (-1.1317763485389749,0.037817403952185975)
 (0.62223397891776799,0.18632499259543334)
 (-1.1533367170845212,0.48075304999368129)
 (-0.74012566262493307,-0.10570029427452735)
 (0.31545423983101539,-0.40654883101455525)
 (-1.034156014502315,-0.23453536844582984)
 (0.57778619338256343,-0.0054071697293455092)
 (-0.57177587271737718,-0.6120809708752234)
 (1.2539465117466699,-0.033880026267156298)
 (0.99922686433921393,-0.11683259362019589)
 (0.19980686434625672,0.054879022879753055)
 (1.324487852526242,-0.55589046334537029)
 (-0.38784303662059005,0.076883149699814052)
 (0.94707823286295845,-0.98996576620887267)
 (-0.70642652174955867,-0.43105958739426137)
 (-0.58046514592808818,0.3250615345595288)
 (0.67280931144560618,0.29781764297557584)
 (0.46786453283163942,-0.066220558148200784)
 (1.3988537465101731,-0.012726919186620989)
 (-0.74726892606069584,-0.11088455434356838)
 (-0.64032967744949065,0.023624645190779326)
 (-0.81661233846280457,-0.058628950846858013)
 (0.49010148654394853,0.24523351578599561)
 (0.23471496276397152,0.2633422977808807)
 (-0.94436562780910294,-0.18915663860746251)
 (-0.20088256852002295,-0.59087663173793259)
 (0.34186526437462939,-0.38363646511078853)
 (-0.46796471037716236,-0.024475623064972404)
 (0.85824531314827335,0.040565776139775092)
 (-1.4273059650285131,0.51239927388330786)
 (-0.37783968405256496,0.36803643615241866)
 (-1.2160711881422221,0.20399995627028877)
 (1.7367632198198621,-0.71937803209245665)
 (1.1232470714953442,0.89152412971534367)
 (-1.3625595445671168,0.041702695501811722)
 (1.0838665251355935,-0.098368268610287204)
 (0.79931081095702405,-0.064450173615118733)
 (1.3558620404175561,-0.19262090109952779)
 (0.60152302529000445,-0.39034076407501844)
 (0.85344993452940043,-0.18896808601583573)
 (-0.40698734681284127,0.16234502442551474)
