# Created by Octave 8.4.0, Thu Dec 11 09:47:20 2025 IST <gamana@Samsung>
# name: rician
# type: complex matrix
# rows: 2048
# columns: 1
 (-0.80403495385562573,0.16528210533840601)
 (1.0693770181483946,-0.38479160159993847)
 (1.616705934253152,-0.83732866486639557)
 (-0.62140929349971952,0.5727784104500635)
 (0.68883638725920859,0.25073191276238355)
 (0.55504061882329636,0.8273068110288968)
 (-1.1615648664928757,0.089022000942188234)
 (1.3778851317591214,0.034784991694568189)
 (0.80689301313585271,0.05365598798603189)
 (1.2181927703711981,-0.021207300471198481)
 (-0.65837215767784896,-0.81924462167921897)
 (-1.014611286346675,-0.46729465236392581)
 (-0.67934030886262131,0.082624711536752563)
 (0.92357335294646126,0.85723066027033978)
 (-0.88747591008286486,-0.6463589972706314)
 (0.68306332279475102,-0.28436548725968008)
 (-0.57073258344113076,0.35390625007730292)
 (-0.69297497575793132,-0.83177838502304968)
 (0.40116413872918794,0.61666994345178472)
 (-1.1090405742991412,0.212222566924645)
 (-0.69620135493264956,-0.24698760715385179)
 (-0.57037554491864917,-0.20802450656373511)
 (-0.41891522698995137,-0.20741279498179288)
 (0.79053119603218081,-0.14431705246675916)
 (-1.0841084524852072,0.48894721912864414)
 (-0.99479889980987113,0.56828362377539199)
 (1.692960235725788,0.50365616675916802)
 (0.74834288085399836,0.3210961653044932)
 (-0.67407018207229186,0.37325522884080747)
 (0.19621323705881299,0.35162052324714316)
 (-1.1770796307244211,0.3714562150210744)
 (0.81624911180355819,-0.24816345964426897)
 (1.0783853006810071,-0.1496405226430883)
 (-0.83853291432620281,0.22184805578074537)
 (-0.86889467347465021,0.24910882746841334)
 (-0.56820714100721081,-0.68199741831518224)
 (0.44652696831469807,0.24921632952386427)
 (1.3393222924108552,-0.074507620083400491)
 (1.0800101413343148,0.30780864503981165)
 (0.67334541732377029,0.37467885396122808)
 (-0.43946114160260163,0.38324018838750112)
 (-1.4391460827180391,-0.42308552530639337)
 (-0.53127148947267999,-0.50165053652203739)
 (1.4328229744177552,-0.2188952192457051)
 (-0.81821944431426885,-0.20245423812640567)
 (0.34862465075886839,-0.38777093385333861)
 (-0.58846056593064211,0.5051365206267201)
 (-0.35449986305550285,0.34368754902828202)
 (0.96310511854305825,-0.013107035636631698)
 (-0.65730480919751644,0.29381707618871039)
 (1.3009909579321079,-0.36064308119408589)
 (-1.5143147859809749,-0.28736974115740005)
 (-1.1493847387157921,-0.62156895648065102)
 (0.44126528676400423,0.75365703225119751)
 (0.95832391367791858,-0.20623300537396574)
 (-1.2035989753348149,-0.18974090055437692)
 (0.53681420957787185,-0.2188597111246999)
 (0.75462016586954028,-0.25812827098105517)
 (0.7984848320315121,0.065971788896670075)
 (1.1148784368046352,0.47353235115438869)
 (-0.72325956346914322,-0.36947087587746286)
 (1.2183243570972326,0.42549904650577208)
 (1.1251026939971958,-0.61722211361959223)
 (-1.3185711982917923,0.54903443584348344)
 (-0.61497620704490574,0.19145412622348765)
 (1.4254719944458867,-0.2381825104746178)
 (-0.5030240498308256,0.071831590113612578)
 (-0.71358911832579075,-0.11892679534673642)
 (1.5847355656173063,-0.071393753703054147)
 (0.38951755446794495,0.29986361548979928)
 (-0.85540200237544817,-0.12761057784269847)
 (0.82724236150499375,-0.13715859314959447)
 (1.2395663190004362,-0.034023394662434446)
 (1.1368572748915085,-0.60775658222629658)
 (0.50862423465760143,0.22526452404646569)
 (-1.1614924938220659,-0.18101937225797834)
 (-0.86699120508082572,0.50130330053617589)
 (-1.0592057725056592,-0.26629635576588911)
 (-0.51536836342221037,-0.0048206349112458018)
 (-0.65641416854139312,-0.46834628877330281)
 (-0.8495392462563357,0.5008262888640006)
 (0.87568847831792562,-0.18604288149811288)
 (0.70516472930650353,-0.18666389905697356)
 (1.0834778500426299,0.41416274073423381)
 (0.96851637647500455,0.043675785687856253)
 (-1.6416336714733171,-0.16764474429982557)
 (0.46608080509392918,0.02134450837525715)
 (-1.0496506428324524,0.0088955278897958501)
 (1.3915765959905455,-0.43925263450174618)
 (-0.12741254861126006,-0.59014570275180178)
 (-1.5248363052471436,0.16382615483134122)
 (0.48598038875604926,0.3421904780577919)
 (0.95739320609065037,-0.45105920131073202)
 (0.51046875679431514,0.15829917044137901)
 (-1.2661628042505144,-0.27942216000555015)
 (1.586404532793289,0.14154665809410058)
 (-0.89415377748685676,0.065328049756561202)
 (0.035219299424938844,-0.22530807252156637)
 (0.8408514858632965,-0.085439308574794051)
 (1.1788924714562667,0.087562064876409024)
 (1.0871442796526938,0.16408399441819438)
 (1.2636745568647711,-0.031955189068503739)
 (0.34970983215901896,-0.16639965788232647)
 (1.467681163320866,-0.70378345944631504)
 (1.3011853737431958,-0.14607369885458016)
 (-0.57264817712804172,-0.053649683998707821)
 (0.35077615186374111,0.29616156960576301)
 (0.96159189278145552,-0.24904962557229191)
 (-1.3773852175676038,-0.049846992341188681)
 (-0.60615711675840844,-0.61182107179809087)
 (0.58446973225528764,0.38226673703308456)
 (-0.71142693666868129,0.63686850787260307)
 (-1.1482885588870471,0.1477228746051554)
 (-1.2545549952650761,-0.10416963339060947)
 (-0.36173332395263824,0.41321189949839909)
 (-0.63671174697847532,-0.83053206971364912)
 (-0.80949282189413951,0.3692664163573629)
 (0.96230534433844306,-0.048523351982228548)
 (-0.7779323594733385,-0.36662665289235624)
 (0.719171164542173,-0.35023812682290684)
 (0.031748541829596411,0.33657906821019978)
 (-0.97823727872489785,-0.11121240425473299)
 (-0.91771723609936795,-0.12041299151411015)
 (-0.87726243973002571,-0.5934677597343111)
 (-0.077388615742330247,0.058372244659722912)
 (-0.72121369754869069,0.067057079983503631)
 (0.83324821636366075,-0.016776475017671006)
 (-0.97189533021309471,-0.5833703792511421)
 (0.59748578358977,-0.28113177323970739)
 (0.66922957685429285,0.40739382932635065)
 (0.88520744911762705,-0.32947585675473201)
 (1.4513087775512901,0.1120248802303882)
 (-1.0144574824780275,-0.12735831565368536)
 (-0.92961730849695234,-0.093215668438829474)
 (-1.4774503519323465,-0.10778395021682495)
 (-0.91780440208522263,0.21871799139344261)
 (1.3179208955498625,0.17163664502479228)
 (0.5334962756430045,-0.053545877205646457)
 (-0.73297242934275197,-0.0067929482041470873)
 (0.66568835993981779,-0.15429946876550873)
 (1.371382005626534,-0.052187961976596982)
 (-0.40110981940022966,0.1256338286018526)
 (-0.59988244643546451,-0.28106390272475351)
 (-1.3359168097153589,0.056639044320280836)
 (-1.0884675775306381,0.20606066492254299)
 (-0.6633023781897579,-0.12235367699909173)
 (-0.88040991368346888,0.33632072957596265)
 (0.64468543785182364,-0.75725355636623326)
 (0.92332469915143101,-0.36058561368877906)
 (-0.81401883758163729,-0.27670284011664364)
 (-1.0976421283362603,0.013765849712294245)
 (1.1040366258871162,0.28059598651287282)
 (-1.1747272856517681,0.11170906462164566)
 (1.2661035684156561,-0.18561716010145826)
 (-1.1883749574137148,-0.49914093422920114)
 (-0.95077270122071034,0.60540056991596292)
 (-0.53199366452988217,0.027234122086520842)
 (-1.0492402670724781,0.12616679790285135)
 (0.59962440583912024,-0.24147354413087621)
 (-0.41050418588511273,0.30560879063740187)
 (0.69895845981532123,0.30381862208355837)
 (0.80351722552282967,0.06746326715375453)
 (-1.437378999783733,0.35728302155656538)
 (-0.65594621946256304,0.31738911125634561)
 (0.96475862866210482,-0.078570142167749796)
 (-0.48251902014138048,0.19413238675121444)
 (-1.2490236700873716,0.19253156733913979)
 (1.0385118029917129,0.14012175224985554)
 (0.7437595198990159,-0.090694858525031605)
 (-0.7596627508436109,-0.67011460332789818)
 (0.85663234422135637,-0.080783564277463984)
 (-1.0345392859076827,0.11266399850814107)
 (1.0459200984314985,-0.4809670923282689)
 (-0.99982672386865523,0.45348412391003906)
 (1.0191920814149786,0.044929069421650626)
 (-0.6831128411020988,-0.30787711636409615)
 (-1.2139856002826555,-0.14262499032477025)
 (-1.1395125552511185,-0.44515260341180313)
 (-1.1670673956230921,0.27873730164098698)
 (-0.58393667820776529,-0.21194373703790928)
