# Created by Octave 8.4.0, Thu Dec 11 09:47:21 2025 IST <gamana@Samsung>
# name: rayl
# type: complex matrix
# rows: 2048
# columns: 1
 (-0.33579808898806102,0.83098046330615294)
 (-1.3551538909888801,-1.439210500285715)
 (-0.70913610656345327,-0.13961040311396608)
 (0.22979130018846458,0.0025994496920129294)
 (0.69117999455916335,-1.1965326521812927)
 (-1.4200191418001449,0.22594384329169756)
 (0.19674064067286062,-0.53720235053851062)
 (0.90258915076963109,-0.12849948197899796)
 (-0.51141406371172948,-0.024337990206628416)
 (-0.34198742769973062,-0.66356569067684923)
 (0.57895354093570361,-0.81884046630194218)
 (0.3722308830659371,-0.69617021994145611)
 (-1.2008386793424959,-0.62650093373798899)
 (0.16042330783311184,-0.83506326976084444)
 (0.060917993507559928,-0.85719727771226706)
 (1.4949390100291466,-1.0686851421809944)
 (1.0224715940111722,1.157489061675111)
 (-0.37104838286851038,-1.4460631715345111)
 (-0.60904456347797309,0.76121565057646656)
 (-0.23403151541681175,-1.3340752834233314)
 (0.53387013548200346,0.16355597263291249)
 (0.54953586682478262,-0.24050254698566967)
 (0.43454844353792166,-0.21391578575189893)
 (-0.49874447516007603,-1.0398785221016813)
 (0.18407485353600173,1.0553561520713963)
 (-0.32919812488777245,-0.21013209743787489)
 (0.3734720942488447,0.19191682473532964)
 (0.37436881341448425,-0.071672820075269442)
 (-0.19820353046836825,-0.24260599465304183)
 (0.43832858660797031,-0.96772899866346829)
 (0.26879891846777615,-0.1627363119761652)
 (1.0126674119259769,-0.054723285858464935)
 (-0.038588177727209495,-1.3810751315895931)
 (0.93478928267604189,-0.83997953216935184)
 (1.7157934275572566,0.131895495559989)
 (-0.46699339144580504,0.43460556828466945)
 (-0.013645816731980277,0.63355253235362385)
 (-0.43490799267041652,-0.31445334098918731)
 (-1.4504574665087429,-0.45501928216633364)
 (1.2378819975999917,-0.3864627569808316)
 (-0.32591171903302535,0.70640739966196398)
 (0.76314734752302538,0.47516948211670407)
 (1.3786098323377405,0.5767852241731064)
 (0.48752851700160571,-0.71259720809788141)
 (0.67590326479160667,0.094618832666743605)
 (0.51637689777932183,0.73042424137077711)
 (-0.067085328026098914,0.90976430704053479)
 (0.4885811682226015,-1.3818493792596835)
 (-0.14221165180413625,1.1050614140131625)
 (0.44924793417681336,0.14064697989102731)
 (0.59160697709658217,0.19152410794877545)
 (0.48256476171412704,-1.2605148384805853)
 (0.37092748013971066,0.58853690193316444)
 (0.53842991985162114,0.88513193251077149)
 (0.46180689659782265,-1.4231121212312341)
 (1.4878169002121169,-0.17972110114757539)
 (0.2619836229888497,-0.34169708384303682)
 (-0.10820248962704559,-0.63716246891688544)
 (0.089579495886128346,-0.14989325378928731)
 (-0.77687204283834232,0.28579119192129976)
 (-0.25749268188478441,0.56120083112247154)
 (-1.2028160589365089,0.34893251259230523)
 (-0.70758105332195786,-0.38846181287509224)
 (0.84563016243837963,0.21027200936702284)
 (0.31227774649263945,0.8721617862297274)
 (0.033598823671779708,0.093647531020367394)
 (-0.054627427509785394,-0.050144563266322738)
 (-0.94384175639885226,-1.0075237268808528)
 (-1.0140341865833362,-0.30598889918005417)
 (-0.39281236043289453,0.64020873091332819)
 (-1.3452913968689288,-0.14800415687238533)
 (-1.3138376487731103,0.88386239270879652)
 (0.5476219794942867,0.1836009187331778)
 (-0.15695274144393531,0.93100708879140315)
 (0.68948818964402248,-0.66030713887349568)
 (-0.42705199039744252,-0.11180556813590994)
 (0.053079492139629626,0.30049406547363272)
 (-2.0161038023006057,-0.76228978367446165)
 (-0.28147513020816461,-0.83318430228777163)
 (0.19042373621394126,0.22878703122489558)
 (-0.69939440223021188,-0.44806544304190948)
 (-0.88761232656172651,-0.17689273434785141)
 (-0.64563237564266962,-0.04776661731319419)
 (1.1442543073190192,0.32434507736171103)
 (-0.034983379614070914,1.6938896628318412)
 (0.61867807614910375,0.55952545671976084)
 (0.35575191808069023,0.078770610714202521)
 (0.75213293444039531,0.99539818951754777)
 (-0.70252008387204778,0.86438279337035828)
 (-0.12203834331206985,0.48292171673933215)
 (1.0613261210906089,-0.95256129580551663)
 (0.69522031922009719,-0.88561140375870129)
 (0.62631328513583062,-0.43126434318020751)
 (-0.1608270705550405,-1.4856295818074414)
 (-1.3116960226796393,0.71542147520915567)
 (0.30041754250477742,0.58036345025588665)
 (0.61189403114801211,-0.6745716534164109)
 (-0.26203318628663197,-0.059194319470075182)
 (-0.52007044230614008,-0.22625722723542829)
 (-1.4183240596714752,-0.13759388551078927)
 (0.52223569807234027,1.2411840576397066)
 (0.37084256995970744,0.98701281285282616)
 (-0.35458833348837604,-0.58015556700006643)
 (-1.1648524688871531,1.0170383244038079)
 (-0.30880992748641373,-0.66091064982156611)
 (1.497975226191268,0.67819938764253995)
 (0.63857577503190821,-0.028724110806952169)
 (-0.60261757079488198,1.1004212908368893)
 (-0.46770187055994905,0.62565667604012232)
 (-0.15623827239306251,0.62647938600779796)
 (-0.66472381023616023,-0.054722312488561159)
 (0.18659489127541037,0.082147201744622839)
 (0.78223369680833099,0.85717842868460148)
 (0.30597671377499469,-0.54161092914921671)
 (0.35481206602546661,-0.4841873744873853)
 (-0.16363323933770116,0.1037441770276155)
 (-2.0300751017247229,1.2837683817793566)
 (0.99595801493739777,-1.0410818825863817)
 (0.35693290514703324,0.2114193062871578)
 (-0.34968119291746164,1.7455765345468164)
 (-0.068876048430958986,-0.36592036440848208)
 (-0.19510467943062265,-0.029045100441827273)
 (-0.21038899260492824,0.45234740874190349)
 (-0.046501982334478623,-0.29104958643632323)
 (1.2572958540276122,-0.75853413489948918)
 (-0.91156289855304751,0.91394381356491261)
 (0.61911680695991744,0.86024023304156871)
 (0.14794453122736026,0.80963154177553553)
 (-0.49749919610401827,0.045591065529581927)
 (0.26539897682508296,0.74646440626765487)
 (1.3681831043670016,0.47058136798085026)
 (-0.87386735303008378,-1.0939994692626085)
 (-0.44933027867908965,-1.7269305553263661)
 (0.36550438146448433,1.208835114241994)
 (-0.56246510825725504,-0.13946161444086816)
 (1.0575176548685659,-1.3979755818241826)
 (1.4845809353553183,0.67417831367321357)
 (0.17369174599458834,-0.07649205646908111)
 (-1.1580819543727139,0.26895279170579789)
 (0.20452354585107377,0.26252590373383905)
 (-0.30137260065676863,-0.30030966885460686)
 (-1.4301349836725199,-0.3730025624346448)
 (0.098456114437926512,-0.15940445762192204)
 (1.0496859889977641,-0.16057302616863123)
 (-0.27226703381986017,0.40587429953500892)
 (0.73186531602590488,-0.11402653078255827)
 (0.39728890770521769,0.55961383196640857)
 (-1.5534237002873637,-1.0299829972693411)
 (0.45671598478003494,-0.48971353451612082)
 (0.029880999675901781,-0.2721763250020639)
 (-0.70467320293755642,-0.52108916569601982)
 (-1.3190168932155519,0.40560408881053261)
 (-0.74967710917727848,0.16904576004124858)
 (-0.15471505472404479,-0.23209160636237655)
 (-1.3627826185603515,0.68805013822813488)
 (-0.8441944737877668,0.77569288856099783)
 (-0.41983640818092521,-0.28860780255663598)
 (-1.0304246817398992,0.83587099943945098)
 (0.11541498879982176,0.37730577750521027)
 (-0.39991977416354507,-0.18370337131134457)
 (-1.4862217115861833,-1.0878230422010946)
 (-0.56832251756006058,0.51238817444268348)
 (0.32962885838234057,0.90997178311556293)
 (-0.62463725508078927,0.31425861826131329)
 (0.035635374835707022,-0.019009706994621921)
 (0.072123699464838126,-0.25069586251352616)
 (-0.28955569496589534,1.2169955563458243)
 (-0.026918078130701125,0.7369613793867783)
 (0.17124528645624248,-0.96655945364929996)
 (-0.40401888173974526,-0.12094797562136488)
 (0.034070202471183954,-1.1028721941224713)
 (0.60349543937934003,1.0146310524889626)
 (0.14645645431402268,-0.63818892701062857)
 (-0.011672782633674461,0.35866814038920181)
 (-0.56044823449337078,0.94827953122224617)
 (-0.026126960202349447,-1.0229922853395952)
 (0.18723292181635839,0.19103096692389643)
 (-1.1009109738847462,1.0583134831934131)
 (0.38893162262900949,0.10735314941764897)
