# Created by Octave 8.4.0, Thu Dec 11 09:47:21 2025 IST <gamana@Samsung>
# name: awgn20
# type: complex matrix
# rows: 2048
# columns: 1
 (0.93122558142167167,0.05186712791818953)
 (-1.027229299589812,-0.016289927275696423)
 (-1.0213665894108586,0.11553549598442399)
 (0.92275158119591683,0.05181641424992315)
 (-1.051692721875453,0.036937620259213433)
 (-0.9606953673436267,-0.03917336169185133)
 (-1.1052717876346065,-0.077710089951869579)
 (1.1151804325522578,-0.12315245861386648)
 (0.92164771448432203,-0.08137459660327459)
 (-1.0019330956958206,-0.018185043645210175)
 (-1.0769931886643511,0.042078188136988569)
 (1.1408520344778887,0.096635110956009435)
 (-0.99086678374943893,0.058195501783157591)
 (-0.99090306561069319,-0.017694368697696795)
 (1.0088921298920879,0.066140651440065576)
 (-1.0466674622527619,-0.08220039460607699)
 (-1.1815485226289546,0.00329309362314945)
 (1.0188274503965831,0.067071747759279196)
 (-1.026317432929011,0.078998159573019644)
 (0.96567659145041707,0.024759938117004089)
 (0.96640047869346279,-0.0072915786898895066)
 (1.0061845495207566,0.10745144923665875)
 (-0.96811750289463228,-0.086348363365837316)
 (-1.0593771764366602,0.12232062922204488)
 (-0.99999693548675062,-0.14800621013061976)
 (0.92627973154246246,0.039004002519553105)
 (0.98672145184203219,0.028107122812948294)
 (1.1285618135633309,-0.035743231499300136)
 (-0.94887082825348856,-0.0022168408856194487)
 (-1.0609565935912435,-0.10329769172637893)
 (0.83967009647820523,0.10816335432460521)
 (1.0095497472059747,-0.09362973246729539)
 (0.99173085119664306,0.11896406812961645)
 (-0.86234298512479368,0.083518163698945422)
 (1.0029195841041996,-0.062063893333370784)
 (1.0486087782822837,-0.1036024926311076)
 (-1.0588254789272027,0.080234678478753568)
 (1.0235802982684699,0.062208630735501702)
 (-0.98039443071294186,-0.051175274225437564)
 (1.0966414288266875,0.054733877868526452)
 (-1.1301135254326482,0.042755800721609172)
 (0.93396874404011754,0.10868834817968497)
 (0.93279837188077375,0.036961637690729514)
 (-0.94669503626699725,-0.06653236073395323)
 (1.0024915466921158,-0.048951775387974981)
 (-1.0156706575894172,0.040376625445696424)
 (-1.0019483879846129,-0.036392351978608767)
 (0.97537059899891854,0.079652102519011558)
 (1.0329380634483121,-0.006664958851588524)
 (1.0695509197629274,-0.053229508193033216)
 (1.1097733031765395,0.040764840804125471)
 (-0.93850772908081947,-0.14712748036623799)
 (0.89121139902071522,-0.014478946344089859)
 (-1.0961319954274367,-0.10714727722612659)
 (-0.94382734589182937,-0.054154470678507996)
 (1.0193617111517104,-0.026389095168211071)
 (-1.0429673859485218,-0.11274300933705328)
 (1.0492776431622441,0.038582966417233217)
 (1.1124100127168406,0.038746159920420874)
 (-0.98874335352207021,0.022154977628461987)
 (-0.9861253440870863,-0.0015120964178119169)
 (1.1207913325895384,-0.18793982712200241)
 (1.0063297017056296,0.0072638558472667928)
 (-1.0623235584846176,-0.079903400226835258)
 (1.149999015094451,0.12760413292955283)
 (1.1158076295288979,0.090402829769021628)
 (-1.1518450493236998,-0.040508001249068941)
 (0.95807729252270146,0.029815052114623763)
 (-0.99701460848441736,-0.12984425278252548)
 (-1.078995268062779,-0.042436641262737149)
 (-0.88757480311113268,0.017829871587865472)
 (-0.95480611679732874,0.11007493786838887)
 (1.0070463251102075,-0.04455506299005145)
 (-1.0096664328193568,-0.058086805655679342)
 (-1.0353994245881613,-0.0079883379623590465)
 (-0.98009959452297879,0.082115911732171365)
 (0.9950159175731248,0.1268305229327864)
 (-0.98013510185141783,-0.027595258384710539)
 (0.85405378495699047,-0.00035161262552961862)
 (-0.93632179714921815,0.11525435876824984)
 (0.89190693671853971,0.0078155221923769235)
 (-0.95882144372338485,0.024297723928341283)
 (-0.89579792261066116,0.059658226774566982)
 (-1.0494409136791494,0.029846383368325281)
 (-1.0045555103403616,-0.075207111650606243)
 (1.1391659628995252,0.1076842510765596)
 (-0.97998261155193855,0.0013274056216197774)
 (-0.96061437220081758,0.019137839194538472)
 (1.0601125800640359,-0.056667341197725443)
 (-1.1452442160902083,0.01421585391793557)
 (-1.0072870613417848,-0.097464745223622515)
 (1.0613305832630806,-0.14219955698240241)
 (0.9482201451599418,0.0088874485632006207)
 (-1.0878995070253215,-0.003930794102462414)
 (0.99189032378694186,-0.091855358971240628)
 (0.93762462675834823,-0.018310146561744092)
 (-0.92374091357596799,-0.0052888915953128958)
 (-1.0145365656987411,-0.0048384410903674095)
 (-1.0305793720663556,-0.036275550567578203)
 (0.93477492334847445,-0.01085416669899505)
 (1.0378275446842284,0.031118956466998915)
 (0.97159734746230619,-0.16084677160782934)
 (1.0427503072617539,0.023955163882000394)
 (0.88963810794602316,0.025068810456243165)
 (-0.96672681994571663,0.079626833405370245)
 (-1.0032472277835167,-0.028078203599642838)
 (1.0484262684637291,-0.1133943566057569)
 (-0.88978360493930309,0.0078780292489149997)
 (0.98914420562368544,0.047226007253828785)
 (-1.0778337455045481,-0.052668579508995041)
 (-0.93268496200280193,-0.0050927130305298586)
 (1.0133130992019057,0.096168373651895844)
 (1.0554321756417142,0.17034996487936849)
 (-1.1068431746241445,-0.079813783853350195)
 (-1.0377828581421706,-0.080738417099624413)
 (1.011643038022517,-0.025584130935796534)
 (-1.0211985172727533,-0.082752082242812247)
 (1.0344120199667493,-0.017444707784427967)
 (0.97034825869070951,-0.093420412242860296)
 (-1.0790550747381553,-0.022525547964842484)
 (0.92400317220082284,0.11181824925330063)
 (-0.98278645237651829,-0.11134644691920548)
 (1.0121542196278073,-0.072912685342293157)
 (-1.028583999109689,-0.024628381681219599)
 (1.0185670942155101,-0.017427427754587724)
 (1.0669244838713805,-0.057063808614939343)
 (0.95391024281700021,0.032662824268677518)
 (1.0315364645622942,-0.069542981322366845)
 (0.94279967730330261,-0.012021414426795619)
 (-1.0393065822080054,-0.045525792030066972)
 (-0.98372279951188124,-0.0050164874345655095)
 (-1.0112379384994634,0.21711414564392292)
 (-0.92996237047341468,0.048440427795759994)
 (-1.0528019174784311,0.034649953635043036)
 (1.1007065705116565,-0.10598878460277142)
 (0.89790468100938758,0.0072750294917506529)
 (-1.0485386088745043,0.007737331974360555)
 (-1.0187046900758605,0.00018327168694037778)
 (1.0671624662902415,0.13436788991158408)
 (1.0123826166242458,0.11125841929387244)
 (-1.1615147578441596,0.10299675297541877)
 (-0.91294330483749953,0.0011206549885872028)
 (1.0311315412526703,0.014765700277739342)
 (-0.98864579772672745,0.020596060708473172)
 (-1.0623743159475263,0.077420464383739687)
 (-1.0211471335392241,-0.086281232668421109)
 (1.0216648784256481,0.10705710688957984)
 (1.1484195636564083,0.090230787206616619)
 (0.98934120171410989,-0.020469578232657357)
 (-0.86289589485681328,-0.03958112632466558)
 (-0.98418202604698279,-0.04521806838426351)
 (1.0494944845654259,-0.19427053195587907)
 (-0.96652517448772157,0.032674402135618369)
 (-0.9196671767822131,-0.086570625310074298)
 (1.0422923949453615,-0.020868961923130893)
 (1.0706988947679348,-0.062560334306174969)
 (1.0539611715223725,-0.021184147293532338)
 (-1.0358698787005944,-0.12366069105679656)
 (1.0777694264747684,0.050817931115992955)
 (-1.1332495888318141,0.13232826029591607)
 (1.0574536027483301,-0.06863042039674519)
 (-0.94292622208858634,0.068353631609788648)
 (0.97659488112200177,-0.0027522508294135755)
 (-0.97677107644224981,-0.077207449528497271)
 (0.97989612640551393,-0.064667093986084154)
 (0.99272818400986418,-0.1843518641900862)
 (-0.9221088460200596,0.091574202837496288)
 (1.1972203709903795,0.07466082455395924)
 (1.0745630181875923,0.052424192697928973)
 (-1.0720825181928615,0.10247349874573156)
 (-1.1284171160282772,-0.041950677958039431)
 (-1.0949796661305626,0.0093984617506694089)
 (-0.98421603027378457,-0.015896501525370442)
 (-0.92881881560262713,0.043310014260911439)
 (-0.98037805418263058,-0.060881412998669483)
 (0.76402828561722347,-0.070802875666415716)
 (-0.92797691993794451,0.043213380672601193)
