# Created by Octave 8.4.0, Thu Dec 11 09:47:20 2025 IST <gamana@Samsung>
# name: awgn20
# type: complex matrix
# rows: 2048
# columns: 1
 (-1.0992457599636196,0.095757087403988472)
 (1.0175380592096397,-0.023669384948292894)
 (1.1080161293184128,0.030417857724439553)
 (-0.97145486055596419,0.001012483896884772)
 (0.94885882551434753,-0.027844554119779943)
 (-1.0110101585821647,0.062328434687418471)
 (0.94749855624496759,-0.19076850241470911)
 (0.97707274834029978,0.041412304661117755)
 (0.89757834081125976,-0.057134588901545873)
 (-1.0109029843172814,0.036011989930060891)
 (0.99664139699936749,0.11321672002642105)
 (-0.92293783204207591,-0.041762511843011919)
 (1.0006876462177536,0.025567706301303634)
 (-1.0167718307696554,-0.12293112939620859)
 (-0.9427835934048775,0.048924208351211182)
 (0.99198451482206718,0.055590798516059525)
 (-0.92510919026441252,-0.048998117244056734)
 (1.0850041820334193,-0.12897744533161973)
 (-0.89517304854872515,-0.060067199454436199)
 (0.8947234575160401,0.01536916083908329)
 (-0.96558144564521042,0.040438974209357034)
 (1.0594014630034529,-0.011732726067119871)
 (1.0925014005695162,-0.13528613142958859)
 (-1.0832112578340549,-0.20452675695549152)
 (-0.98900262984951115,-0.066232756592557937)
 (-1.0500388897678379,-0.032613437912591074)
 (-0.89379377491035428,0.062019656388089185)
 (1.0206143803383887,0.033778284458560445)
 (-1.0206983548082451,-0.03572725419462968)
 (1.0400191582088778,-0.0062592069138350586)
 (-0.97043263327202967,0.041439562546348396)
 (1.1351498923951364,-0.11754279870686041)
 (-0.97989832174839275,-0.10320547423988036)
 (-0.95968706719624119,-0.047408344416219786)
 (-1.0382873677318909,0.069541311246681642)
 (0.99327659670258595,0.075356304337750202)
 (-0.98789714112390703,0.034474937939843769)
 (-1.0709131104938558,0.11437907340236918)
 (1.0445332605408302,0.018738765349882048)
 (0.90512777612662965,-0.042354772626979321)
 (1.0091482584888496,0.04610738718886162)
 (0.97907700069737502,0.14296747372336513)
 (0.99224286144251161,0.081068214578146003)
 (-1.017428519766536,0.082428883147274978)
 (-0.96087575788327162,0.12530318410593355)
 (1.0102939515171745,-0.13193243611583447)
 (-0.93932685045978204,-0.043897984172902131)
 (-0.99190519284573764,0.13494113085391687)
 (-1.0419329626728078,-0.060282379710617964)
 (1.0262672874576615,0.079848190030101643)
 (0.97620065395060496,0.066726570708372832)
 (-1.1027526715736762,-0.068689318307134567)
 (-0.95715471749084957,-0.082074541959228142)
 (0.93978150860529253,-0.06861892799838995)
 (1.0378753699280436,0.082730600425905548)
 (0.95251786240270275,-0.058816809318532462)
 (1.0100956757296848,0.081639587837538205)
 (-0.99336746889616523,-0.076906061321484948)
 (1.1325278284111824,0.11171369607822657)
 (-1.0920836332064892,-0.087791169402151009)
 (-1.0824707934894038,-0.023841329007894468)
 (0.91107501597099483,0.054598827470186531)
 (-1.0475017557948891,-0.010961730591188304)
 (0.92787620923469216,-0.013765242489855438)
 (-1.1000058450231247,0.082873856282547759)
 (-0.99104736233056356,-0.027585907911437821)
 (-0.99733798563232456,-0.0721933460766047)
 (-0.99447168916674133,0.0025787359670257888)
 (-0.99829882373892176,0.047422707309300177)
 (0.98646376732388452,0.051823362689456524)
 (1.0585848657611101,0.021749694315387893)
 (0.92764698288856584,0.11584780207393811)
 (1.0694967453410418,0.0072729850558069121)
 (1.0564119556589155,0.011488978610187236)
 (-1.0412384606235845,-0.071505502094380433)
 (-0.92742838994658761,-0.045661785928520576)
 (-0.97320659321159242,0.070332510399335899)
 (-0.95562139656729717,0.037749006931606072)
 (0.87590698658977162,0.070748550778966343)
 (-0.88487432709971725,-0.064031005542205269)
 (-0.96583133638960694,0.0049271973854638556)
 (0.97951502483089936,-0.1322181804665741)
 (0.93576661998146038,0.095803507344674341)
 (-1.0369297213912949,0.073612878603201315)
 (-1.0208772102360528,0.14188800369077315)
 (1.1281031265846033,0.014526530362737853)
 (0.9550071813150437,0.00042126423572609443)
 (1.0762071285957691,0.039718185093400318)
 (0.94736035807631669,0.0066033834877403125)
 (-1.0107815589260749,-0.021058656779500341)
 (-1.0707154210718368,-0.05413560928102025)
 (1.0444792219630221,0.063466806678149898)
 (1.1009684164103553,-0.024934757251470856)
 (1.043852480731706,-0.039197211120557296)
 (-0.95487389005230727,-0.010245067462009497)
 (-0.97640031702408492,0.0024022898594887893)
 (1.0066273641255292,0.054222648337501358)
 (-1.0390398601852413,0.026133766318266999)
 (1.0544816123891616,0.020779056349176973)
 (1.0097938657349772,-0.15722824210495212)
 (-0.86613527738488905,-0.1135203635669354)
 (-1.0942969474411115,-0.064568140909823865)
 (0.94506747524323031,0.10976794332326481)
 (-0.95450483819138632,-0.050579770663145784)
 (0.89864881114480566,0.054759772790090692)
 (0.93222809903812409,-0.017541949205564785)
 (-1.0413790628587059,-0.035457644981647239)
 (-0.99122409679680112,-0.012501006566961393)
 (-0.91863256619779099,0.0051627354842918062)
 (0.88001674066073832,0.04237595957686538)
 (-0.91361159269436321,-0.017630458681868352)
 (-0.95673940705534966,0.037931716986065685)
 (1.0788728443535898,-0.053799890557581401)
 (-0.90881781036266496,-0.10033483052828725)
 (1.0164178536849928,-0.031940036525011532)
 (-0.96933265173932748,-0.053719446421287925)
 (-0.8175429434760445,-0.088134800946024869)
 (0.92796888719903936,-0.0011841535272605055)
 (0.87142466124445206,-0.069783288609390842)
 (-0.94141247056351685,-0.019253323022414687)
 (-0.9908060194937186,-0.03465901917781377)
 (-0.87425579305622325,-0.00557646311838893)
 (-1.1015098057769841,0.066835374819121093)
 (1.0808966562481341,-0.050374192595589465)
 (-1.0489424118164248,-0.12681081632629951)
 (-1.0737731998034261,-0.02625779446255443)
 (-0.91266041151855726,-0.08792931418076011)
 (-1.0483580218921431,-0.051129766932304234)
 (1.036849387938527,0.051806199685160342)
 (1.0972273233464611,-0.060907238172004712)
 (1.1750509524945478,-0.013774577868747577)
 (1.010230292596183,0.02686696590450385)
 (0.8985544712760275,0.053659851122571094)
 (-1.0756662967410748,-0.070969473097370714)
 (-1.0080137992938545,0.05301050124994388)
 (-0.97558568335808971,-0.021568505215839074)
 (-0.98020741990567517,0.00033147071818908611)
 (-0.84108596069072927,-0.014066462700539526)
 (-1.0088704514781426,0.06676622053515445)
 (-1.0117732552741872,0.096009034753162914)
 (0.92336025244829534,0.032705750756584696)
 (1.0540230414203622,0.075480976312705117)
 (1.0651236953087664,0.0096115147878786805)
 (1.0141056082293443,-0.058685921959718924)
 (-0.95367740234410425,0.035451576179391486)
 (0.93394786047310641,-0.025821892614834641)
 (-1.0104910601837098,0.055202807855975734)
 (-1.0871428352475023,0.094754059007591956)
 (1.0072741999594328,0.0055033646323638099)
 (-1.0322401588101995,-0.10760650700891333)
 (0.98293353244643056,0.14242475977219965)
 (-0.97302151243578017,0.080758319168721962)
 (1.0110987507829385,-0.014917282026261908)
 (-1.0290144549258484,0.043663841670740888)
 (-0.95306762182897364,0.039413186499858227)
 (1.0000128003669686,-0.094884335803517461)
 (-0.90738849750951167,-0.053929781970506588)
 (1.0647204623635333,0.048925713230002908)
 (0.88970158690881107,0.1227805072989272)
 (-0.91616557646574948,0.012363370734526646)
 (-0.97394000519807722,-0.076076815881966908)
 (1.0480153491903923,-0.06835824679714754)
 (1.0167441174327339,0.032929594601967024)
 (-1.2240910716225024,0.090030967163779188)
 (0.97361988375042252,-0.040208202322399245)
 (0.98744712340122243,0.09029284801716847)
 (0.87828971535454947,-0.01201975048877911)
 (-0.87862279754931016,-0.033668061861470214)
 (0.97485255329019704,0.027938915660004327)
 (-1.1177067461064389,-0.040822769315529958)
 (1.0523298381964548,-0.020598426871578663)
 (-1.0314301656419358,0.061803598246374561)
 (1.0684655669872367,0.026298195018587503)
 (-1.144167390003592,0.042005947157979229)
 (0.98304517931483137,-0.035233288461189387)
 (1.0178845857451049,0.028230626195346165)
 (-1.1075502349302702,0.12033612831448331)
