# Created by Octave 8.4.0, Thu Dec 11 09:47:20 2025 IST <gamana@Samsung>
# name: awgn20
# type: complex matrix
# rows: 2048
# columns: 1
 (-0.82268913599054572,0.066630868686147982)
 (-1.0148205639323757,0.12283914870866763)
 (-0.90989532442271326,0.00060387866528992696)
 (1.1128979954797142,-0.043536171110083524)
 (0.93478607385400236,-0.21162401485731036)
 (-0.96347146024058805,-0.049775423549979755)
 (1.0603494464586818,0.017746408762323054)
 (-1.0110271019861814,-0.051664610979164229)
 (0.95084516752105719,-0.095306731192035227)
 (1.1254516352304886,-0.12382942317758948)
 (-0.98088093697963974,-0.033283105267792136)
 (0.92362216831160637,-0.010459701103054416)
 (-0.89988415653391463,0.066780666616734805)
 (-1.0397397763407181,-0.045960679466551156)
 (-1.0095715468799906,-0.010282343713522034)
 (-1.0728982272947245,0.054490061248626626)
 (-1.1129744810093796,-0.03663247712142087)
 (0.99856378249744182,-0.087042993897307575)
 (-0.94167798523026602,0.048346046927282893)
 (1.0279397222441917,-0.1195330246859348)
 (1.0731329124863889,-0.026206540595493079)
 (0.96103415354783417,-0.032283192633338606)
 (-1.0458941344507589,0.032568153331103765)
 (1.0904624720373548,0.0080495013633575287)
 (-0.97609490024196099,0.082638022194841287)
 (-0.98783233528244319,0.066659959879556224)
 (0.88571739253731741,-0.097197467369658674)
 (1.0266300148041076,0.0084207180626480454)
 (-0.98476131325898986,0.056997695097150962)
 (0.89802036316438782,0.089467087169970386)
 (0.97727416986777504,-0.047805478244357991)
 (-1.0388972116375172,0.064050022989789263)
 (0.94828217047796481,-0.16242450442787784)
 (0.93841094284869475,-0.0038092715916032182)
 (-0.91484668934232327,-0.018655432228488991)
 (1.0568732023358387,-0.021068110328809279)
 (-1.0107464834924098,-0.0073422198448746456)
 (-1.0809243804490316,0.0191118079810596)
 (0.9889080439211273,-0.069139480974478584)
 (-0.98226945220967743,0.0027784906022868534)
 (0.97671541338182888,-0.060779304909897004)
 (-0.82242280755531683,-0.013366494083519337)
 (1.0046460733982954,-0.10919515737813368)
 (1.0929982586998517,-0.036941184973779226)
 (-1.0310074027206677,-0.029299691053648182)
 (-1.0391841473277648,0.095124504180793323)
 (-1.0118179874056303,-0.11668945677622736)
 (0.98856032258564153,-0.14172054029025624)
 (1.0005069360113465,0.037299918866714576)
 (-0.83789343012785833,0.056834452096908683)
 (0.8752115556218848,0.039070779482136768)
 (-0.98317261818472423,0.023176665370640521)
 (-1.0722209499779152,-0.031427777417696548)
 (1.1090755723159862,0.076101891447696135)
 (0.81878962880520789,-0.014956311220938141)
 (1.0172525578653184,-0.056984347040998008)
 (-1.0195129973195849,-0.046895119175197675)
 (-0.87281622881085075,-0.1171042574975332)
 (0.91655318679630016,0.07698942343920355)
 (1.011230144705821,0.081213162663873711)
 (-0.97749452744530674,0.088531055507067816)
 (1.0514281381574118,0.075950039924690821)
 (0.96701042275117244,0.10773707225297316)
 (1.0257330819077726,-0.0094001323800741582)
 (1.032665793343797,0.066990662259140785)
 (-0.95697673298227048,-0.041010201680333168)
 (0.95744025510362829,0.061340632833583375)
 (0.96024914797902539,0.041307903906566766)
 (1.0047260098990669,0.04707514787400098)
 (-0.89461408116848551,0.0166388719550262)
 (0.92186328059200762,-0.087723867689898261)
 (-1.0460368961174518,0.1407863782157367)
 (1.0112908019251645,-0.04373670293128671)
 (-0.97296491947194685,-0.071108991818582851)
 (0.89810983161702129,-0.081522012574827482)
 (-1.1430608611666917,-0.078881923990990671)
 (-1.0167242027105736,0.026809719755965279)
 (-0.98139461677565643,0.046424664970240177)
 (1.0213463991671798,-0.0090188567809472431)
 (-0.89107725594660092,-0.077229721842792545)
 (-0.91699959139408538,0.049966051122783739)
 (-0.97604232849784356,-0.16526443199305238)
 (-1.0923983432539994,-0.062067342164350149)
 (-1.0906563824003579,0.059602912800071274)
 (1.0849348635196769,0.19403158689612168)
 (-0.91288760377907052,0.13009579682055411)
 (1.0417937608359555,-0.02193708422688247)
 (-0.94396725990588926,0.024540898525821416)
 (-1.0426587638890872,-0.039201283400423365)
 (0.99422712816909031,0.04311352872770053)
 (-0.95063955902638098,-0.17839605373191481)
 (-1.0678445576362674,-0.13174587591544823)
 (0.96530616127962321,0.0028949208406939277)
 (-0.97351188277082989,-0.1346327836757949)
 (-0.94588600683550927,-0.03703742164621323)
 (-1.0219073488969823,-0.068437969634613405)
 (0.76900703051200314,0.014272906400202144)
 (-1.0445552942937095,-0.0053115251396219851)
 (0.8667772026876901,-0.060922523999199708)
 (0.9502515073392046,0.063968396396692925)
 (0.90625766093393412,0.067238483455358364)
 (-1.0748200223285123,0.13244526994636535)
 (-0.95700961222093694,-0.0079472522429120535)
 (-1.060744185835433,0.042200820194734569)
 (1.0601654660319473,0.068725110517455806)
 (-0.89725009058706173,0.052715530705274787)
 (0.90398683184941819,-0.052207560285780066)
 (-1.0926947910299238,-0.022747924059321741)
 (-1.0447682292898464,-0.0031133288535107268)
 (-0.97688033057567258,0.072037166434580316)
 (1.0391696331634659,0.0066241981953445335)
 (1.038561466290451,-0.024730966239036475)
 (-1.065156703932354,-0.04484042178539252)
 (0.92787985178769306,-0.10107462465385504)
 (-0.92678487615358118,-0.033098841998054455)
 (0.97797175472979703,-0.060392230227230337)
 (-1.0232130672679667,0.13990413209984431)
 (0.96923962930421803,0.032276584409680883)
 (0.98737262220613975,-0.078463338698552806)
 (0.99107355515530016,0.063958319986901491)
 (0.95207363011625967,0.023494840067051288)
 (-0.96856786836804876,-0.10789449274815806)
 (1.0477919805225766,0.011346091016519648)
 (1.0655871654908815,0.026019020788996858)
 (-1.0050423669893336,-0.028618795295443034)
 (0.87301052351122965,0.04658883438831099)
 (-0.94018465467452539,-0.094744265720333634)
 (-1.0092578840094406,-0.020232616044394289)
 (-0.99302242762647863,0.0027728081468810688)
 (-1.0329542984040705,-0.04162709764739158)
 (-0.95943489376841817,-0.051011370692738173)
 (0.98337732975598524,0.052914725189986883)
 (-0.9962558202694014,-0.028328548984163145)
 (-0.9346098322593821,-0.053927136193373762)
 (1.0071934667155231,-0.044381125959546297)
 (0.97881494179084294,0.045037140053746545)
 (0.95032785871192937,0.024962038400247799)
 (-1.1205001480323973,0.02459591302424587)
 (-1.0364259775855202,0.037425137074325626)
 (1.0376247687064326,-0.090148671653662554)
 (-1.0640278400473946,-0.0053914100456949575)
 (1.0910494957174148,0.035559335121596772)
 (-1.1264076720166694,-0.016851655711577679)
 (1.0288599399484497,0.092566040741896172)
 (1.0999031997110629,0.03746702245423978)
 (-1.0391305146926326,0.0081145902994418494)
 (1.0559066471096044,0.1046516079104249)
 (0.8692425263773389,0.0034318887223089112)
 (0.89802700418101833,-0.036624032509734235)
 (1.162198290494505,-0.039350399820449078)
 (1.0350112094092105,0.062214777779584174)
 (-0.900749148015767,0.037728111572974232)
 (-1.0941494121927535,-0.10770361161755981)
 (-0.98627793089492066,0.054352172522020459)
 (-1.1487329986220902,0.013698279333565945)
 (0.99344858993501417,0.027418273368490231)
 (0.93034046050826891,-0.029085871644735334)
 (1.0064800455102432,-0.09817553359114535)
 (0.99419658174843861,0.13348522163569351)
 (0.86635876806917644,-0.027358684783473516)
 (-0.9442345819594874,0.1069789892865679)
 (1.0014069986396665,-0.11764717980976457)
 (-1.0030775322175798,0.05405567721890106)
 (0.93687456069937802,0.086936844678719663)
 (1.0752116662792275,-0.042129863883848429)
 (-0.96779042652072422,-0.081896803275846558)
 (-0.96204410290196418,0.07912716644741645)
 (0.98277984335869306,-0.06399706795321225)
 (-0.89519729997011255,0.044287713037745396)
 (-0.97543539255148726,-0.0622570967076298)
 (1.1070038830892455,-0.053134780094583181)
 (-0.98621143974392833,-0.06595548397580113)
 (1.0344442606628554,0.066575611816764801)
 (1.1703421152949498,0.038487456570982854)
 (-0.99498067281787794,0.029346150026572745)
 (0.98742254815900143,0.014186248374125951)
 (-0.90514837135874149,-0.024787797547813864)
