# Created by Octave 8.4.0, Thu Dec 11 09:47:20 2025 IST <gamana@Samsung>
# name: rayl
# type: complex matrix
# rows: 2048
# columns: 1
 (-0.94442689507171751,0.50249263223372054)
 (-0.72355170197573093,0.59348283721894124)
 (-0.044264738498392624,0.94015420279171469)
 (0.96760539103700027,0.86947518305308269)
 (-0.18001671532963492,-0.94029847300999092)
 (-0.31714803911545369,0.040399769213504112)
 (1.1151537224908072,-0.76782700918285429)
 (0.079573604024189282,0.70824566109239728)
 (-1.8786779373534503,0.27589528501046362)
 (0.81850480389654456,1.1346934422614114)
 (0.54743555006645972,0.47299452069752612)
 (0.34106450320331255,-0.25426844919120856)
 (0.034225559101469447,-0.48372826542690833)
 (0.26230169080103466,0.1503403183125375)
 (-1.1140904724991314,-0.037360352889650582)
 (0.611133960686008,-0.18780876769223853)
 (1.3333642425506242,0.30918129942236106)
 (-0.14492794515198829,1.2403047532837848)
 (-0.22427807306442687,0.7443029564456356)
 (-0.14551621674856169,-1.1039333006484253)
 (1.2707438498952215,-1.3262680221548062)
 (1.3012939119916649,0.57595813467158252)
 (1.4274991368979071,0.3149472600196544)
 (-0.67178946968885411,-0.89121726081666419)
 (-0.18586210530341235,0.32209490001149255)
 (0.39824425602780622,-0.21810959908695812)
 (-0.33593968842766708,-0.41284224095606686)
 (0.63801177050836533,0.77212902823812202)
 (-0.18614573079834232,0.42232119778736887)
 (0.62637570942953935,-1.2779449349930572)
 (-0.79257579419843227,0.3014501944821586)
 (-0.43023735802728325,2.174869585788338)
 (0.97229509490077948,-1.1629600163064628)
 (0.04886831236483781,0.81519132175030473)
 (0.70538003563205454,-0.31001743025153528)
 (-1.0026819732532894,-0.7987516215954884)
 (-0.13233904093215917,-0.89455707919470273)
 (0.82879064917209377,1.2836097198044782)
 (0.59233770896626292,-1.0535350561766881)
 (0.16428875727478126,0.080314476980342803)
 (0.62428711958307492,-0.41856558257972931)
 (1.5620168103108591,-0.1804839934559222)
 (-0.090032574433458259,0.30604568451329239)
 (-1.0857571607077519,-0.29834809689929914)
 (0.025817229384688289,0.23267928934805124)
 (-1.3771502185283286,-0.35847210024412896)
 (0.4982156792102973,-0.43895691350693211)
 (0.068443545904636971,-0.52992466053210485)
 (0.22197517264548747,0.72399172249560506)
 (0.019604286991343055,1.7310924866748674)
 (0.73833521040478733,-0.9073558325039488)
 (0.078623288851810691,0.07110366614420055)
 (-0.70660667002413058,-0.36388733370082599)
 (0.58971809455236179,0.30988987073665092)
 (0.11896592310671064,-0.64222326424534026)
 (0.10094215448310176,-0.2056601362407357)
 (-0.93631463649043889,-0.13367769029775148)
 (0.53073448030844772,0.30241622174050908)
 (0.39010088637730705,0.18667877974564451)
 (0.32875811500438301,0.66380512017452864)
 (1.0378533501018197,0.84012403122032808)
 (-0.92816636312058531,-0.6643968250103014)
 (0.75514537643147384,-0.34314260043763573)
 (-0.33876312503597877,0.15606358031016948)
 (-0.13567093203852734,0.26163592617217779)
 (-0.74912780149203273,-0.29452679114152402)
 (-1.381678417803166,-0.57445147288580034)
 (0.039286901911983488,-0.015983939300344353)
 (0.64254995695525452,0.66212796584428035)
 (-0.25127701070483183,-0.9746043926088076)
 (-0.068597425040066634,0.23838966442372386)
 (0.021431469210984065,-0.088148588816289883)
 (-1.348643774496892,-0.57085080246126296)
 (-0.033386001689458586,0.55409980483955179)
 (-0.22676343983287589,0.47337958325556012)
 (0.72551765110806454,1.2804880482594914)
 (-0.27024617641816107,-0.06223733353418822)
 (-1.2787107324766425,0.41369908715331172)
 (0.38957785120639521,-0.26612842527021086)
 (-0.2901824186819999,0.0032374769239949209)
 (0.60536384749882022,-0.15980966862311344)
 (-0.58371199106968918,-1.2192744320008899)
 (0.28041433523298664,1.0170968476938982)
 (-0.50745466219353219,1.126392280936906)
 (-0.33942191188521292,-0.12709053214538607)
 (-0.44381855232957218,0.61088774520014288)
 (-1.0335343082675088,1.3771345927469287)
 (0.75994219309829913,0.44551977237191637)
 (-0.26968478189211081,0.13005647211027152)
 (-0.28117451252145897,-0.28246822989331444)
 (-0.32689176851287127,1.4449178054402501)
 (-0.59397598627582615,-0.70618459599884165)
 (0.094882415139466519,0.72139096767198063)
 (0.003922024917755576,-0.8930120812225788)
 (-0.35083480935178207,0.92704972871029179)
 (0.6040761497893381,0.15460104511863554)
 (0.66891845050590104,-1.4414501733648479)
 (-0.018294799484062384,0.516682540726349)
 (1.2144297354363371,-1.0798968194468721)
 (0.81989788423052978,0.76657435706128341)
 (-0.9391815894628408,0.62287086201133568)
 (-0.32535998344397393,-0.21800112290447463)
 (0.53248853207611757,-0.32551860472397437)
 (0.15878733418762583,0.11464449660022935)
 (0.32720174126280394,0.28950381925316865)
 (-0.60830889242841868,0.072452711858706637)
 (1.994698225556951,0.28962957657493815)
 (-0.15625506919491128,0.36800449643461525)
 (-0.50741674719601393,-0.10762383998039643)
 (-0.84485968630142472,-0.24536452134130657)
 (-1.4867318714521152,-0.55861013816036931)
 (-0.62901839783993152,0.49883495110892423)
 (-0.70113122862769794,-0.87561268241529)
 (-1.1644248111519446,-1.2702273836702609)
 (-0.091696437259668029,-1.7463779824139856)
 (0.15516679458889515,-0.37262550396007504)
 (0.33916707548643205,0.63152461572034646)
 (0.24561822131955705,0.12973932322091603)
 (1.6605227623614971,-0.90459496856909716)
 (-0.20324506415774024,-0.12152665452430461)
 (0.21861928792499369,0.3243877661307018)
 (-0.23436575702139609,-1.0446825662775852)
 (0.50414773667672175,-0.49060826700862192)
 (1.2906516780875066,0.76320273591898247)
 (0.47874405184377627,0.71106774845721488)
 (-0.023958615224688687,0.89320203460402381)
 (-0.17906100504504693,0.18348891896455832)
 (0.5678534429103278,-0.18748671565639766)
 (-0.85900691439772381,-0.27099079802483372)
 (-0.84836650434523819,1.1376228342955426)
 (0.6479340337030407,-0.60863698972855651)
 (-0.35305468192633999,0.87247727461222691)
 (-0.41902867973701735,0.71363382843463086)
 (0.088489474582603589,-0.53797618813690407)
 (-0.46909752195957605,-0.44974807214271517)
 (0.23133479516798605,-0.85750651124491994)
 (-0.25658756278489697,0.31670617502427517)
 (-0.98403303250404084,0.4218894861033255)
 (0.49984453450733296,0.29347478165497487)
 (-1.1979018586298704,0.32027520810085364)
 (-0.20371890774145698,-0.68299328472948595)
 (-0.47858884396971069,0.41997281752979193)
 (0.18360862196784472,0.17147856417161239)
 (0.031503438217701143,0.69635127448222633)
 (1.1871836956274904,-0.3560933644301193)
 (0.12780669233607794,-0.94494072908266225)
 (-0.3859574902552016,-0.10175440708977583)
 (-0.84784424901718425,0.58278146547730791)
 (-0.055680127413161147,-1.0626661949055529)
 (-0.67307573909451179,-0.27273156486379807)
 (-0.3333881813067463,1.1248057167865972)
 (0.22124440963015921,-0.89995652240244439)
 (0.46261874573423589,-0.60920394398218003)
 (1.2196620978730046,-0.79712912971799688)
 (1.2774118685849427,0.043971719366876973)
 (0.054663781720394475,0.35163826602460641)
 (0.30238915613016903,-1.3901928042933913)
 (-0.20819805067777331,0.35711415279734543)
 (-0.93462814796980687,0.44762848432762886)
 (-0.20469296683997962,-0.56607538710537442)
 (0.49469423530761231,-0.87869982669020918)
 (0.39821372357556012,-0.72617809138338674)
 (1.1617846701223602,-0.36971634900039518)
 (0.53636488297166207,0.55205136549351652)
 (0.1863655988952132,1.0281293482729825)
 (-0.34804735222206978,0.34752198240968979)
 (0.54749706114165242,-0.27443924109558943)
 (0.81115973814959119,0.19436605134832344)
 (-0.58504706413854979,-0.15648133287013904)
 (0.39224172532476681,-1.134609755903754)
 (-0.39394788875175046,-0.35875828190642595)
 (0.54707798150209741,-0.31071129645948764)
 (1.1272412124650488,1.072643901666311)
 (1.5581254527315558,-0.047210348249856149)
 (0.10645440861852461,-0.0063586745470550999)
 (-0.13974228296019534,0.89002160989006518)
 (-0.0095430541024811404,-0.90969156962988662)
 (-0.062279227492304086,0.070708996404633379)
 (-0.05136750311794315,0.68700158599529948)
 (0.88933745119568486,-0.094273853003167332)
