# Created by Octave 8.4.0, Thu Dec 11 09:47:20 2025 IST <gamana@Samsung>
# name: rician
# type: complex matrix
# rows: 2048
# columns: 1
 (-0.77448491777941264,0.29618309024166256)
 (-1.1923506029023956,0.60174927325095307)
 (-1.3135994986695345,0.0017665508333599366)
 (0.79594614727825808,-0.10899849306801383)
 (-1.2396920673193805,-0.62965972031314954)
 (-0.42092610236358274,0.18481507375562362)
 (-0.79740682981425459,0.046667495398521677)
 (1.0020090834376221,0.038369012383449967)
 (-0.82267124102137934,0.020834178161705078)
 (1.3102560087087833,-0.47319190133014255)
 (-0.014483912852843561,0.2866099294488148)
 (1.2356748747568855,-0.4185346043192355)
 (-0.81369869125735783,0.75835021129596414)
 (-0.59947244882922102,0.38656449576475754)
 (1.0446981369480779,0.057930236326287542)
 (0.9434496076324701,0.72062118859067481)
 (-0.46268167634193103,0.15745901619747182)
 (-1.1223186208313383,-0.041442116792812331)
 (-0.88196111318456993,-0.025565415126256912)
 (-1.0933145705476404,0.14158312506618859)
 (0.91449710596686984,-0.20582685091643746)
 (0.7796769971824079,-0.10533624645133954)
 (1.2976142530402026,-0.66229543780201272)
 (-0.55240220868844847,0.66734927844147363)
 (0.69809241554333723,0.20507754171986278)
 (-0.76353532243021027,0.43310299160579013)
 (0.6745789766899345,-0.65501368365967017)
 (0.33979502907531556,-0.36678040919068333)
 (-0.62172889462558523,0.39795594439893828)
 (-0.49393211266281795,0.57646862087261819)
 (-0.89460166914680195,-0.046644922242912189)
 (0.43211337072784523,-0.63381898256161207)
 (0.40851589004997219,-0.47462327200811588)
 (0.70405066334185551,-0.17615843218830096)
 (-0.30515615017585529,-0.14926176729235474)
 (0.48591740654409465,0.77905313342101679)
 (1.7716962043261306,0.42182786273549139)
 (-1.2428474280453654,0.030978500847268498)
 (-0.96276045174012659,0.23599336048775443)
 (1.257916860786239,-0.57626369962807023)
 (-1.5048606876812562,-0.27390486580268647)
 (0.66083586598343769,0.026569763907616735)
 (0.90812047144841024,0.26925879137474795)
 (-0.60911843664841947,-0.77785526328290366)
 (-0.7871985635881007,0.42674620002812641)
 (0.39427670563314443,-0.20113090695096295)
 (-0.74194130913064504,-0.039668792786487939)
 (-1.018752954470443,-0.59217067644058052)
 (0.70995766228564883,-0.29866941005354797)
 (0.88887271363739218,0.21919805923811597)
 (-0.62825391155436128,-0.14863706851513248)
 (-0.97413721970391776,-0.30928440054578338)
 (1.585310136870131,-0.41562175655471756)
 (-0.78314879759962008,0.42844346264174404)
 (1.3260705067255136,-1.1716324595136824)
 (0.75151009755967402,-0.44480679989453226)
 (0.68050337323263022,0.23387664786163459)
 (0.58879271667087196,0.59182763227073187)
 (0.87891336627008465,0.54585873156710407)
 (0.72487453950614378,0.2554877485323378)
 (-1.071510928772029,-0.46377028756987576)
 (-0.85329412892902023,1.0488131522913851)
 (0.67988367740140432,0.39980528398773574)
 (-0.758320552393423,0.41856003085062604)
 (-1.0440886219176222,0.20983573103937997)
 (-0.98351186934020851,0.33433189245082945)
 (1.2176737802252233,0.63657171198944784)
 (0.2274560791496667,0.062933490921738763)
 (0.92784401412505668,-0.79453857386335314)
 (1.2126708618491417,-0.15343371630362487)
 (0.30190068127858383,-0.18362058100233711)
 (-1.1663642371426068,0.11814235928417301)
 (-1.4234217489756429,0.95844150052779575)
 (-0.45816644706584475,-0.43246475719485933)
 (1.0949473415416333,0.28442421663970946)
 (0.76416478500330953,0.84611153627576308)
 (-0.81257609505030104,0.028492843482961411)
 (-0.61229407970989058,0.13868620962181602)
 (0.77738625104264769,-0.26049725339011887)
 (0.84699123419982647,0.22241782234924518)
 (0.93054713469219708,0.18089113834660853)
 (0.86332549525779445,0.40158690037666417)
 (0.74297833987603035,-0.088409426924176512)
 (-0.27738722132972626,0.28491648347678677)
 (-0.77135112458973509,-0.033027339864984719)
 (0.95847890065788677,-0.099116672436867753)
 (-0.45391498952652348,0.58596548273579707)
 (0.94721670591063034,0.064083887330460873)
 (0.78374399527907768,-0.31301054632337894)
 (-0.42741342992472192,0.11039012631296115)
 (-1.1866535074564588,0.27684305576925139)
 (-1.3699335246140292,-0.046223026426466307)
 (-0.95319876772729251,-0.059209296742560216)
 (-0.84397500230324674,0.31897968048270542)
 (0.68887441242909531,-0.30456562260452963)
 (1.3419583207485486,0.08126435060838047)
 (1.0979522909373589,0.54911614013768084)
 (0.56863016570543889,0.05897773103263905)
 (0.87860904059932221,-0.53541946387243389)
 (-0.7909998892381459,-0.34100513985708975)
 (-0.45645759549360854,0.093919355127485532)
 (-0.79474788374963978,0.59781169142864587)
 (0.53463365370524762,0.33533153337507887)
 (1.3005954187264441,0.17222432237104282)
 (1.2241466153711489,0.3291345918545322)
 (-1.3389826515418284,0.30603830184398279)
 (0.82647912310952776,-0.11709749087985273)
 (1.4477515875223101,-0.027214929575623468)
 (-1.332824010317716,-0.045770065553665744)
 (-1.2236062608762817,-0.64110627728330394)
 (0.67028661486030261,0.76275804023895244)
 (-1.2850538607519619,-0.53423364979518473)
 (0.48937805370596915,-0.094608290163250869)
 (0.62944574879357706,-0.66405957651817582)
 (-0.95287463409066686,0.064960800630007129)
 (-0.77930222268813132,0.031428873638035155)
 (-0.86147157732666624,0.41902301720128993)
 (0.85203948263988338,0.84481730626383256)
 (0.65560733793084691,0.058713821972245561)
 (-0.90511511188860616,0.13374640010081792)
 (-1.3603110743757487,0.098802965116298463)
 (-0.85933532277446112,0.10464307424625735)
 (-0.34704265418101288,-0.36557494144752872)
 (0.70580197033435677,0.37902136794963026)
 (-0.84596128592749598,0.19937737432298994)
 (-0.54842930255299427,0.039597607163145566)
 (1.0297807772490732,0.33738785828641987)
 (-0.7771679341436053,0.16550830570866867)
 (-0.89025432667505655,0.35854450383231867)
 (-0.30612765834600186,-0.35761005515937416)
 (-0.76426073321133403,0.55026604600881668)
 (-1.1836858613488208,-0.2596922168367895)
 (-1.852716118451339,0.29814068427226492)
 (-0.71924641100591491,-0.22626678463183525)
 (1.1131078884030363,-0.0058077045956325679)
 (-0.80195329674186777,0.31374758103953854)
 (1.2447468514423077,0.33060513501682481)
 (-0.81757712812881245,0.55551431063735923)
 (1.1149649452388188,0.46685902258980161)
 (-1.3776634040409856,0.0066459680546698489)
 (1.2379328126610925,-0.022422915047429565)
 (-0.816887759122915,-0.45513341930340234)
 (-1.19558027264276,0.4693353823469596)
 (0.2345870125326458,-0.13656932004983069)
 (-0.9081422777637469,0.37696722012224576)
 (-0.89522163060956983,-0.49457633413310126)
 (0.89260650651906759,0.11313546654371491)
 (0.12897733851316695,0.31056425702440149)
 (1.514239402892168,0.039759173040235178)
 (-1.2109490333762432,-0.11923514662886582)
 (0.39603480096981997,0.12766902620752019)
 (-1.6317654882337491,-0.24434404713464822)
 (0.50489798645192674,0.42299728782608259)
 (1.2237410475644266,0.023525027196829505)
 (1.0933466885096457,-0.40924115998652416)
 (-1.314644055603015,0.32589479627047802)
 (0.61456484288373248,0.39976056870456816)
 (0.93579917964427228,-0.27500766306144547)
 (-0.75804710378231088,0.31024329026875275)
 (-1.4856128097111809,-0.60544782332240543)
 (-0.78153226849436275,-0.066933499423439041)
 (-1.0094718193083625,0.10676083480032664)
 (0.44846900104173931,0.080873219013396405)
 (1.0760408123629404,0.51742343728701845)
 (-0.62188488089509597,0.29458537228511988)
 (1.7717970141750037,0.25448862056569638)
 (1.1541186877055127,0.43617610511222227)
 (0.76173763703159147,-0.41230395355104849)
 (0.81747846553168602,0.41742521891901102)
 (-0.70833459235074603,-0.25796317180438977)
 (1.1412472129180742,0.11588537596442791)
 (-0.64813764349010161,-0.15559328731223721)
 (-0.6066924376180638,-0.51689593183169014)
 (-0.94257566672964832,-0.47133424630613446)
 (1.1132785720382969,-0.2985431811002594)
 (0.76567513709099677,0.15604872209305057)
 (1.4855254194755569,0.48133104096701118)
 (1.4893973963264275,-0.062133502670090768)
 (-1.1178682489871044,-0.49717535542810543)
 (-0.96008559578764907,0.039965563723811638)
