# Created by Octave 8.4.0, Thu Dec 11 09:47:20 2025 IST <gamana@Samsung>
# name: awgn20
# type: complex matrix
# rows: 2048
# columns: 1
 (1.0665366680666946,0.060493877860436064)
 (0.94219062639799123,0.0015757835641813677)
 (-0.93512101703764605,-0.012681290539308452)
 (-0.97365999502903566,0.14501220138037585)
 (1.0130233403314368,-0.039657181643999471)
 (1.1483023695277712,0.044356528421500452)
 (-1.0213291136082141,-0.013249810609749663)
 (-0.97267088015848024,0.057353382805681356)
 (1.0317536387860802,0.12238576444376524)
 (-0.8790343861721801,0.11596768176719724)
 (-0.94692620634438995,0.083022970313122613)
 (-0.95449945888147081,0.12180369636517936)
 (-1.0734538252570791,0.02393268318692203)
 (0.99766066129602304,-0.11857545011489717)
 (1.003488362634771,0.048906328823395039)
 (0.95332808434004634,-0.04514722069066638)
 (0.94148328289308392,-0.022590729721058033)
 (0.95575377305918796,0.064176629063465954)
 (-1.0871552767890433,0.058829727063646857)
 (-1.0513096275493323,-0.0045825112082978703)
 (0.9478217945060905,-0.10458206249350932)
 (-0.99735429356742933,-0.0021875104232479846)
 (-0.9093477077601968,0.12780618499217897)
 (0.86145533075577063,0.085708863469679972)
 (-0.99900843511469894,-0.057916590713978117)
 (-0.96148402257246235,-0.032711454336229843)
 (0.95891398722936005,0.034359856396103866)
 (-0.96052307517201274,0.04245519650356748)
 (-0.90964137184444505,0.063427557008807575)
 (-0.8954120226320742,0.029538414837640227)
 (-0.90753488376558145,-0.051313925849928992)
 (0.99573182620191414,-0.023616249697965223)
 (-1.1364050123942633,-0.057810904447030291)
 (-1.030654448526831,-0.10439617304862712)
 (1.0720713191760514,0.045667609058235706)
 (-1.0371460349257751,0.10649083873051275)
 (1.0090242555282218,-0.034049581973344296)
 (0.98185676706983238,-0.03624845767773268)
 (0.8418373200593906,-0.045759572704535269)
 (1.0785021675179305,0.014756129259492877)
 (1.0510066541013641,0.009177764816769041)
 (-1.0434926186303637,0.13632835513570546)
 (0.92274770475168322,-0.024312241988741087)
 (0.90639241454263175,-0.10930606880964906)
 (1.0973848586047235,0.026387541802889838)
 (-1.0665667735453916,0.11533877732319847)
 (-1.0282377097856286,-0.09270408327432722)
 (-1.016754329385662,0.12797516118796351)
 (-1.0842526496801399,-0.075166383315495036)
 (-0.98082897367493382,0.045970570725874925)
 (-0.84978329063123959,0.07898974471106554)
 (1.045474292180508,0.0012854339072086865)
 (-0.97380100797794067,-0.072713019834168349)
 (0.96149044320825594,0.15200536304919265)
 (-0.98629217830526861,-0.003793307090078888)
 (0.89147482711311465,-0.013692077029188818)
 (-1.1175256485680027,-0.039203436322487961)
 (1.0377257178085766,0.027686693169557394)
 (-1.116637820586776,0.019222766187519655)
 (1.0533908055329451,0.039235396968094499)
 (0.95401007880195821,-0.12766025667180267)
 (0.96397378695312919,0.084158819507964527)
 (-0.91807876570283609,-0.024550522775766154)
 (0.99719898765265835,0.062910363136660721)
 (-1.0964355399348535,-0.10272476673002942)
 (1.0103633903071374,-0.11643657140455146)
 (-0.95751097528728968,-0.12320371170897151)
 (1.0488025146817641,0.10620271580347734)
 (0.91862703207521279,-0.12638449446893815)
 (-0.97281576872738063,-0.066012336161581295)
 (0.93921648048295059,-0.0354134075737162)
 (0.87248026499484921,0.023294286512807322)
 (-1.0455945464162673,0.12403152121530114)
 (-0.96348240423904241,-0.03565593248424212)
 (-0.9416588231117502,0.030117671475666203)
 (-1.0985494042371933,0.024522984494798606)
 (-1.0291329800855749,0.081651481928383549)
 (1.016205926805088,-0.073602626683266989)
 (0.98119148384143418,0.02358713844839417)
 (1.0608870010329856,0.10672183453746407)
 (-0.93966755489365461,-0.036195070845305745)
 (0.8673793600262043,-0.0081300817611128767)
 (-1.1768687656355297,-0.071470740868509935)
 (-1.0333094550358233,0.033574184508668031)
 (-1.0540870137876022,0.1281331672381236)
 (-0.97186864501525028,-0.15015505435403387)
 (-1.069426208188258,0.0082955014886315678)
 (-1.0980918024703308,-0.13576907563155191)
 (-0.99054219891103557,-0.044371149526072878)
 (0.9516893515595537,-0.060291765346154227)
 (-0.91267333299834386,0.051197192287689423)
 (1.0083585589030282,0.013107226721333035)
 (-0.90946037683713965,-0.11398322355224443)
 (0.96419491709472016,-0.046919196074072994)
 (0.960012435351836,0.023022106819363359)
 (0.96593445445920678,-0.083305096268568177)
 (0.99351523742959769,0.069566146436159035)
 (0.95117969656647117,0.1052916751333739)
 (0.93740730955920659,-0.05752871204825203)
 (-0.99865402332525655,0.093569374253697879)
 (0.97170489775994562,-0.00824135837074263)
 (-1.0717795564688628,0.058769028884978362)
 (-1.032723428137456,-0.0053072764107237082)
 (-1.0151557558306885,-0.019977839871150298)
 (0.93713080608531363,0.12603907873589734)
 (0.99662885027744441,0.036970809712305444)
 (-1.0797865901726407,-0.042004731969822434)
 (1.1411067007817906,-0.061852770267678159)
 (0.90011423062384865,-0.027216726952322912)
 (1.0355449399307632,-0.023573922495807562)
 (-0.9953755397518107,0.0039209815742680711)
 (-0.99189654815038719,0.061083155615158806)
 (-1.02289750373984,-0.023288995304887372)
 (0.92633379804791893,-0.04530850821190352)
 (-1.0531668440814443,0.044460099804183188)
 (0.97264995930754572,-0.13405680954780172)
 (1.0439987890332099,0.060802151656296592)
 (-1.0383072192406759,-0.11959268986945809)
 (1.0263402794237113,-0.013320174046449848)
 (0.95324333383322191,0.033093720827160639)
 (1.1116739762841084,0.023055203241186973)
 (1.1011832213290107,-0.028086468387312796)
 (-0.99675043918097461,-0.044162852002416646)
 (0.92296872079032921,-0.0038942699845283149)
 (-1.0911723034157543,0.10693432729038573)
 (0.93782748552686124,-0.053813427994862141)
 (-1.002582642775558,0.11462820208773894)
 (-0.8722017370068651,0.071896686881963795)
 (0.94350262778435656,-0.028234135868959426)
 (-0.9727767672412565,0.0093387176663198637)
 (-0.87774146320767754,0.0016666167532482096)
 (1.0197077277636353,-0.068220778764134946)
 (0.88351963175316628,0.06256123734880556)
 (0.97711851911855552,0.051023075972654056)
 (1.0820499680591653,0.042693437219563347)
 (0.99944068363730965,0.12952302293844778)
 (1.0892728324748733,0.014350108219565545)
 (1.1353521014344881,-0.14711812246407427)
 (-0.98302850587767088,-0.03109508569249252)
 (1.1958563191194935,0.12091212875188731)
 (-1.1201780454590811,0.10220005402990305)
 (1.0163204377283659,-0.099155005625548145)
 (1.016728711549501,0.0013908458074685611)
 (-0.95257738138220305,0.023879545686840226)
 (1.0261023819796509,-0.037843565345163421)
 (-0.99583849689931547,-0.092540756981213446)
 (0.96833763492939462,-0.075248746369307812)
 (-0.88248966788114258,-0.12887228601343678)
 (0.8783681020325238,0.13229697555484773)
 (-0.95650105197629331,0.023143001392073287)
 (1.0506616204981174,-0.10343614371684491)
 (1.0587902467462498,-0.01248851586666333)
 (-1.1677773666255817,0.016463275266579081)
 (-0.96154520450437209,0.16846662818767622)
 (-1.0532441486753599,0.038268367991840968)
 (-0.91158734120952856,-0.05368158822472683)
 (-1.0291240171932343,0.047798272101475449)
 (-0.9031787597246328,0.074700650833358168)
 (-0.99448740472476826,0.028771542651163606)
 (-1.0988211393507825,-0.037891383321403911)
 (-1.0551050391206862,0.013663817568135967)
 (0.95436624856688401,-0.10558315676154512)
 (-0.99843246175056954,0.16090736644101525)
 (-1.0812466091225543,0.038888572786450748)
 (0.98014970353217346,-0.019864612057319899)
 (-0.97759051462123936,-0.038758479150738767)
 (-0.91688606881935697,0.0019549542455967227)
 (1.1308152233099786,-0.044058312501114569)
 (-0.99064000005525565,-0.043753064911259229)
 (0.98212644459445109,0.16288376197989349)
 (1.049001002243851,-0.023920725769177253)
 (-1.073276377073006,-0.011169378904750688)
 (0.98855602914891394,5.7175395480371739e-05)
 (-0.95781345209940427,-0.087076948210476346)
 (0.93287835236147831,-0.077912885771796017)
 (0.90374196647698712,-0.064258838196974921)
 (1.0167664960872864,0.0036579562650774426)
 (0.99199841467349581,0.018963559034645631)
