# Created by Octave 8.4.0, Thu Dec 11 09:47:20 2025 IST <gamana@Samsung>
# name: rician
# type: complex matrix
# rows: 2048
# columns: 1
 (-1.0301002861094795,0.41611444070417081)
 (-0.34954462151328825,-0.47022057916839544)
 (-1.1861911340134936,0.31074407225442169)
 (0.21405648638389518,0.26810568328741791)
 (0.71879192963139382,0.064031735156370284)
 (-0.93804596874815493,-0.59802367882086083)
 (0.69460461545220276,-0.096730139296894793)
 (-0.62029455747472872,0.28875847989872594)
 (1.007394720296839,-0.4383916067129851)
 (0.78856434401568098,0.15039995398104972)
 (-0.37146125935532037,-0.63649596674169151)
 (0.75449720670940179,0.23878691217917214)
 (-0.63228764883220501,0.68634257572299773)
 (-1.0509661337735257,0.72093406322591025)
 (-0.18377858115837475,0.080825945627623144)
 (-0.70940946917768644,0.14022216057906045)
 (-1.4140276035185262,-0.2455560965397055)
 (0.70241002563308697,0.079712977470727697)
 (-1.1477911922481248,-0.17877116017817662)
 (0.99172438493093718,0.27089697964312126)
 (0.65522551227161674,-0.10515540234638614)
 (1.1142803470415896,-0.42515390958581911)
 (-0.53707915720632737,-0.31372451578074834)
 (0.75639865039255938,-0.064928652951301402)
 (-0.088738847831281831,0.21378983138269228)
 (-0.56494508291404677,0.14804967199694435)
 (0.52909814524271614,-0.18565866949975288)
 (0.34666099816798668,0.18640513540652154)
 (-1.4190080796010718,0.80294531537694758)
 (0.89570385361905658,0.0058177394967501113)
 (0.74150240530284817,-0.73898785947091106)
 (-0.27097818537702567,-0.02206473063240923)
 (1.3469339335363015,-0.067907953976512572)
 (0.95436664932532778,-0.20257847415571625)
 (-1.1050002981993579,-0.12554658746228972)
 (0.65754583176350367,-0.32583055678482004)
 (-0.71359994878759991,-0.4703013546019495)
 (-0.80533157639643826,0.2094086327552234)
 (1.2112110577867392,-0.44864535810238154)
 (-1.0178317464576698,-0.633172564516023)
 (1.2524043198285337,-0.26479317185727486)
 (-0.69362525159174637,0.070954738844119056)
 (0.61992676015722792,-0.44947100036621063)
 (0.61770824925085099,-0.24370508392773307)
 (-0.22176243080903668,0.20390472830727724)
 (-0.98374594978685703,0.62917728514372406)
 (-0.48984647119170216,-0.14460196527650693)
 (0.55586767403653936,0.36778130234081302)
 (0.29784988663393563,-0.57217744978124951)
 (-0.56057164050404384,0.18152146353189783)
 (1.5115890241760446,-0.026530918310131688)
 (-0.66109092223916677,-0.52071838563204775)
 (-0.449411503028874,0.49718163409875848)
 (1.0154439963307778,0.013018424866202909)
 (0.6919150198865347,-0.10196969407606213)
 (1.2331130637663916,0.06943559626759499)
 (-1.1303235131890863,0.26995039327983028)
 (-0.86254254018025334,-0.12252918860456653)
 (0.79331932523778992,0.10456966597653682)
 (1.1982218800797799,0.3456825751305857)
 (-1.4042014746120204,0.20063075662065905)
 (0.61781341293648362,0.039977247296572857)
 (0.53351333267208223,-0.027051422675110071)
 (0.75693912006700215,-0.16995893314885277)
 (0.99953185108313636,0.34033022996191598)
 (-1.2441757624809149,-0.2425955501716818)
 (0.85934847718034058,0.25581159065912912)
 (1.2175136055572437,0.55722183799070801)
 (0.93622965016949034,0.39141132077871077)
 (-1.1449917054508896,0.61791513473174287)
 (0.8114197284046567,-0.032140549096953429)
 (-0.63489512407758131,-0.65489504884504213)
 (0.57914128583151203,-0.16313936069133059)
 (-0.66746538693746771,-0.32500347918323075)
 (0.67951019062347118,0.32448797358014525)
 (-1.0244915539146779,-0.19963363774400589)
 (-1.0794976216294438,-0.6741708533159787)
 (-0.78790796418009856,-0.064948887208903974)
 (0.69915423166731205,0.26910988350574944)
 (-0.75271915463419037,-0.11617509222569389)
 (-1.0305520856873698,-0.0083059735924636315)
 (-0.87057484206191516,-0.21561436486369606)
 (-0.64227366846535394,0.15686592387899662)
 (-0.80683522064119573,0.15387394471999144)
 (0.96370559460853311,-0.48328969769238644)
 (-1.0236266682686515,-0.25733156889102621)
 (1.0808417363112663,-0.82905294656933448)
 (-0.56626474979165664,0.20315332381523538)
 (-0.72076700328891241,0.66458265062581567)
 (0.70153476399471248,0.25572423166509789)
 (-0.58359900574956591,-0.63394377370468746)
 (-0.63898359837056395,-0.50081199182817471)
 (1.540076266784737,0.23194115454546679)
 (-1.0422163244951352,0.18277740208719209)
 (-0.64928786656887005,-0.38465106099791518)
 (-0.063529283414619608,0.18747429395942572)
 (0.66009303442754108,-0.4792249627595761)
 (-0.65634972777882061,-0.016970515966013233)
 (0.74276004156006958,0.11560271477639865)
 (1.2495819182521155,-0.26914257074843545)
 (1.1100868811056175,0.037997702755427999)
 (-0.69109353038264287,-0.087103083973484138)
 (-0.80485783892747409,0.39808209335775629)
 (-0.93693912134490775,0.042245891700756315)
 (0.63934289146853385,0.24393988189341942)
 (-0.51229295531285468,-0.010532204887015261)
 (1.2813651150920411,0.42647625256259664)
 (-0.4420873932923175,0.13257702183584433)
 (-0.72545301301626086,0.041612667108366919)
 (-1.2624147806022263,0.14439908676040672)
 (0.74373179620639607,-0.17702606593041298)
 (1.1648546833623616,0.069524733546926384)
 (-1.453421317619715,0.41663731331195886)
 (0.66566264727539837,0.14031478825790733)
 (-0.89729134864397342,-0.57671588115683725)
 (-0.0098075605526781739,-0.047476254902432687)
 (-0.96154514243472078,0.18640548155748438)
 (0.52782593907056385,-0.13067886633006365)
 (1.6965320940985187,0.081248715545924263)
 (0.98793781904842659,-0.30342146495843897)
 (0.89636506316878806,0.11734256555938127)
 (-0.77640858768981125,-0.10262409840154592)
 (0.20748957754986563,-0.29760296672986741)
 (0.87063897984003302,0.19323599194601718)
 (-0.84428763270063667,-0.070969653423022097)
 (0.74061771546806099,-0.30661344735703766)
 (-1.2560502420245516,0.10085453766548486)
 (-0.45458816222095894,0.37896732308159281)
 (-1.2511384235055401,-0.50673943744212069)
 (-0.78347863119756112,-0.20273106704007979)
 (-0.66643916107621393,0.27716546998084651)
 (1.1552938993214379,-0.10247587802102437)
 (-0.85070628436245399,-0.38429162557422353)
 (-0.960967631662065,-0.54770944045729431)
 (0.56531946148594181,0.22106384148089969)
 (1.1337538371356883,-0.50160285789458903)
 (1.0095427069716381,-0.29778187800515854)
 (-0.18874709046215143,0.32427029259949386)
 (-0.61014598369727002,-0.12278364505697377)
 (0.44352918808569963,0.18643435175349168)
 (-0.51984232649692175,0.014154891410781833)
 (1.102541186896181,-0.38263466716775785)
 (-0.77320976266966523,0.13457696407813186)
 (1.2885201812560914,0.25473382106713632)
 (0.88057403414645163,-0.35055974134823537)
 (-0.86765370453461421,-0.29786398009270126)
 (0.63890597169081098,0.35243053870288005)
 (0.53621341244774134,-0.10912513035395378)
 (0.37183599666205758,-0.51967140470239792)
 (1.0099272666968171,-0.39795833987394919)
 (0.44688316095563579,-0.32322090106780837)
 (-0.85321056807841655,-0.1843131545469005)
 (-0.69352620697958911,-0.043852531423611348)
 (-1.3695926634803346,-0.29279113930489792)
 (-1.0133738430272508,0.32050256502257685)
 (-0.02464967049190403,-0.34086636906073947)
 (1.064321853099556,-0.20213209591374251)
 (0.29880362165272201,-0.13272542061308246)
 (0.75285311453917381,0.20452692094229827)
 (0.75463717043626877,0.14269402173497697)
 (-0.90428194513416693,-0.045952583168685841)
 (0.9995340785045137,-0.1670775805694161)
 (-0.56388915097847236,0.018437192614156335)
 (1.1675259457576814,0.62150526921244076)
 (1.0692675996248151,0.14187659274864059)
 (-0.84717348015441774,-0.28412891938554974)
 (-0.49429596326779907,-0.3324103957720202)
 (0.56223440390281043,-0.005910954168489131)
 (-0.20844029541337583,0.2531319708883002)
 (-1.0414890109902519,-0.16560571912052813)
 (0.10929248125033231,0.27355186074824472)
 (-0.95722295993697926,-0.42564538857629503)
 (0.98488642621783151,-0.91085208101660675)
 (1.1602819579245915,0.15104016239610488)
 (-1.0863830754861199,-0.56205775398156965)
 (0.76223451222121719,0.61811613159029666)
 (-0.93938984535245018,-0.24991104722747254)
 (0.66135543285732123,-0.72941310503824708)
 (-1.4705184373403752,0.03811947606013423)
