# Created by Octave 8.4.0, Thu Dec 11 09:47:21 2025 IST <gamana@Samsung>
# name: awgn20
# type: complex matrix
# rows: 2048
# columns: 1
 (1.049223402292488,0.010364769352351179)
 (-1.0212147559848812,0.13814588562326108)
 (1.0789156560910973,0.09033132343881238)
 (0.94121806470291847,0.0089844980275639429)
 (-1.0189667366784245,0.1368313471538351)
 (-1.045726916161356,-0.051451106026519727)
 (-0.91557233300817742,-0.066378169814404461)
 (0.94858401315200536,0.13658722739731663)
 (-1.0660743518233518,-0.013601735325490133)
 (1.0102382709055928,-0.095346928461615132)
 (-0.85496289042403228,0.0085805174831985725)
 (1.0144106867586173,-0.041971492162257942)
 (1.0636881367745421,0.043304235898508125)
 (1.0564787030558034,-0.11244028081106419)
 (0.97677601063008457,-0.013660354862603681)
 (0.92926353976623177,-0.078887297980507032)
 (-0.96155915083054022,-0.0024256121762726585)
 (-0.84212815620815207,0.020328798129320244)
 (1.0121939644521845,-0.078890578069651357)
 (1.0987202551890292,-0.096863767644002702)
 (0.99578291902697413,0.10469358321975503)
 (-1.0359296248708629,0.052184754598676421)
 (0.90945607243405946,0.036808456893321038)
 (-1.0838071629803938,-0.16686649122069672)
 (-0.95962638709607284,-0.029439071555484343)
 (-1.0234649702921343,-0.031368349261539898)
 (1.0342915803108699,-0.041804064744929682)
 (-1.0822081879021652,-0.04294406338603398)
 (0.93583496510212183,0.02321988436998576)
 (-0.95294292479714748,0.013820987982773789)
 (0.96492832826254837,-0.0031930474204413966)
 (-0.95950996691591561,0.16623428069142987)
 (0.98457078298519474,-0.099086664178086911)
 (-0.8627815451658829,-0.02545393650751699)
 (-0.93209904033600621,0.017624872224740806)
 (-0.93738354450734629,-0.073388191828743371)
 (1.106227284973099,-0.020736285403786289)
 (-1.0800631089903745,0.037179214218307839)
 (1.0354775027734315,-0.034401782753245569)
 (-1.0918862805074963,0.17994368268278071)
 (0.95331113971301218,0.0052644530857281178)
 (-1.0277956758366145,-0.07394103251573296)
 (1.0082059057898058,0.079477341272100099)
 (1.0993971439371535,-0.05020384776337572)
 (1.1247675545853424,-0.024308164537383867)
 (0.92299712135299516,0.044761814522583682)
 (1.0683806458354386,-0.0054403594288399068)
 (-0.96515779895110709,-0.087234841591913651)
 (-0.88975991950306355,0.014986257910697673)
 (0.99895328262043981,0.036389607606169681)
 (-1.0202045802541893,0.001480798416209315)
 (0.95434226447458492,0.093872898854681364)
 (-0.98488904958659906,0.068556864404453674)
 (-0.99459771743698888,-0.027752224579816215)
 (-0.95168021810254178,0.017242746185140975)
 (1.0452740128143745,0.010172669540440334)
 (1.0699487228127507,-0.048144709241132594)
 (-0.90973139719942431,-0.048635746546939813)
 (1.0229713789885093,0.062271931224312675)
 (1.0503481067441804,-0.04381510573668123)
 (0.94525697099663419,-0.088250909697196289)
 (-0.9709354305018647,-0.049491463779852252)
 (0.93521958124818294,0.07282789348631484)
 (-0.89471998615750326,0.02722735584590712)
 (0.96602445146912252,-0.020509221649346016)
 (-0.92240174146011511,0.12415747455297116)
 (-1.0478385946672046,0.083912939315887156)
 (-1.0225117588996686,0.077327686002154464)
 (-1.0274654444298847,-0.07020450328628515)
 (1.0645510690046891,0.048412754945063086)
 (-0.99012071005399493,-0.0041558757019944876)
 (-1.0636680579156781,0.019733852250449054)
 (-1.0345407215311344,0.021050503331453346)
 (1.051454572764414,0.017694421834548873)
 (-0.94539997162026745,-0.026818301830067101)
 (-1.0636430031907489,-0.010227360762882861)
 (1.0443259422068374,-0.0035724330024508332)
 (1.0409476248657556,-0.068030448684168104)
 (-1.0909325010262536,-0.022020206396697981)
 (-1.0246676805272501,0.087983549575628692)
 (-1.0833248323452607,0.079609870049182629)
 (0.98949356674262434,0.038367717271533333)
 (-0.98773815455429481,0.055445570872648599)
 (-0.87116498023543842,-0.0080531605313954157)
 (-0.96896748196427462,0.049644376420848013)
 (-1.037879864650612,-0.036303737542310435)
 (1.1237816591679481,-0.0096556868584995181)
 (-1.0127753220292517,0.08708263961468822)
 (-1.0708773731829018,-0.081910541791361424)
 (0.91430576114944206,-0.10500948146833858)
 (-1.0280631486855112,0.019682784232741016)
 (-0.89478955636896051,-0.054242574724603712)
 (-0.9712540995898078,0.0040903081000037067)
 (-1.0334587253916112,0.12864875992551625)
 (1.0424686857341232,-0.025794508135933526)
 (-0.94465299559224281,0.14340812812469378)
 (1.0401519694242081,0.019474908226264808)
 (-0.97025619403916241,0.1701348026021311)
 (-0.99429928578403903,-0.0028788904965177903)
 (0.99549714453063132,0.039574817940717336)
 (1.0158621186800112,-0.032839765908193923)
 (-1.0359856205413278,0.051010902692217377)
 (-1.0917636057823175,0.01924471754453928)
 (-0.96694774087083812,0.0010497774955318567)
 (-1.0267236977254182,0.038113981054445703)
 (-1.0132335447755463,-0.02217076719474435)
 (-1.0133843478324398,-0.025210408788446062)
 (-1.0558192264474935,0.058001911695518805)
 (-0.92690268189685765,0.051336698628006799)
 (-0.95133423042207588,-0.021773858248354195)
 (-1.0787168710816311,0.12088045287391432)
 (-0.86488172355880844,0.013932406435030116)
 (1.0723961125253489,-0.070907715706832103)
 (1.0865655502505638,-0.032577482575714502)
 (-0.96358770758485868,0.077756310895732317)
 (0.95914272284608082,0.094825826546111061)
 (-0.95755558128339091,-0.022366660916534511)
 (1.0484942031611342,-0.05698828433710447)
 (0.96764293630143772,0.084944392904529376)
 (-1.0843779847384571,-0.089389192897845277)
 (-1.1214984445752165,-0.11570512449213251)
 (1.051409971199585,-0.1135849231400738)
 (0.87757682916283986,-0.059437804952369624)
 (-1.1395896103933152,-0.069620029258503566)
 (-1.0358567506293785,0.035349068884348446)
 (-1.04061762754312,-0.032722938500644574)
 (-0.98795569451780041,-0.15564590993978134)
 (1.0384678417618651,-0.019507956524442753)
 (0.96903734132414332,-0.097716830063245441)
 (-1.0117277280427457,0.016080472615043372)
 (0.97392599538054681,0.087562347825493242)
 (1.0785450412798507,-0.0096931551905696436)
 (-0.96744455110129857,0.0277116227933366)
 (0.93594993550960182,-0.053087332111801458)
 (-0.88397852227933893,-0.1216285491010992)
 (-1.0223719924723513,-0.008240674182846304)
 (0.996584747475313,0.029157344411551479)
 (-0.91495402321087604,0.025297930665231241)
 (0.97282355293337419,0.19918362054409455)
 (0.99892387331106047,0.099919761653292305)
 (1.1404415936746168,0.045455538159447695)
 (1.1272604250551215,0.047827677621229414)
 (0.9411486058795584,0.066022061721486933)
 (0.96630353818697368,0.0021203737308052475)
 (-0.96009028184994283,-0.040979473087074815)
 (-1.1864829348033985,-0.10109195525630064)
 (-1.0179452047995794,0.060931941928426617)
 (-1.1440876846974861,0.040420658005397125)
 (-0.93137716486746713,0.027476677553305257)
 (-0.9617251124505346,0.011248372076062857)
 (-1.1011783628485072,-0.044397859619206961)
 (0.99118713460737251,0.010869835203001246)
 (0.97209662984644918,0.062925687348028586)
 (1.1157803571559308,0.13316070882075434)
 (0.88009095678277949,0.093536132772398681)
 (-1.0648244892366923,-0.078503184559699596)
 (-0.91008637945381421,-0.035629338719705785)
 (1.0182872229612363,-0.032104363146365514)
 (-1.0626297614203744,0.00020969722754578444)
 (1.0542073228633477,-0.027835038690290904)
 (1.0260089411349997,0.062105577842489892)
 (-1.1029254677103353,-0.034613011070685595)
 (0.94962403229374781,-0.0210554417211893)
 (1.0566819819588675,-0.067829867801402807)
 (1.0248616987802819,0.023891605819025833)
 (-1.0117989420985138,-0.034544070482250423)
 (-1.0659841382452371,-0.017547316961404567)
 (1.0805742411670964,0.073274352491284014)
 (-0.95882927804649942,-0.02130632993503501)
 (-1.0628877727128301,-0.039342257189857892)
 (-1.0276723478347398,0.13521564972357589)
 (-1.0207122039650292,-0.0354612443630778)
 (1.0852619853270717,-0.0038936136481172385)
 (-1.015489889846759,-0.085294283025146744)
 (1.0282838196173232,-0.053271198782363062)
 (0.9890131442140534,-0.049125465292955271)
 (1.0248802162409998,0.074511851454386005)
