# Created by Octave 8.4.0, Thu Dec 11 09:47:20 2025 IST <gamana@Samsung>
# name: awgn20
# type: complex matrix
# rows: 2048
# columns: 1
 (0.91676850416690492,0.029458245123471161)
 (0.92698183500126474,-0.080482031676539653)
 (1.0226347563104419,0.13572352828672463)
 (-0.92729590770859371,-0.014751724450935637)
 (0.99655070456376549,0.11037392481597566)
 (-1.0338769476545495,-0.054509038161310301)
 (-0.92458160770659292,-0.085866967180387277)
 (0.90303760762094243,0.047912617908622529)
 (1.0867023589849469,-0.033953181798934799)
 (-1.0202128427041552,0.032234048336364)
 (1.020606058613045,0.13116241957190825)
 (-0.97882773446324278,-0.070371615244817651)
 (-0.94725325266674965,-0.0071654645926246697)
 (-0.94898958957397284,-0.031258736577488115)
 (-1.03696711102251,0.07525063507077967)
 (1.0013642933415892,-0.0011199895516670882)
 (-0.93495050181332351,-0.0079881409807008308)
 (-0.90362750382794088,0.087695792006470527)
 (1.013491524362361,0.074944538232480165)
 (1.0306247360870988,0.043930494995657952)
 (-0.94138767697567149,0.016424830847751752)
 (-1.0950840035691454,-0.052932242901011839)
 (-1.0184440701151773,0.119709185356005)
 (-0.94677215078814314,0.028110242936828546)
 (-1.0225217770192336,-0.064991086690876151)
 (-1.0553787147298057,-0.063130116897947799)
 (-0.91753855377836269,0.053314579946927634)
 (0.92661394396530605,0.14887546508540794)
 (-1.0039457142776913,0.033162829380622282)
 (0.88396979855399949,0.0024430821265697465)
 (-0.99166024191458602,0.1238492613850726)
 (-1.1007284022949453,0.12868029801242661)
 (-0.91277050212304112,0.02809359674269667)
 (-0.97574277075871352,0.0026774231590000501)
 (0.96073628493395624,0.13277187535583332)
 (-1.0322298887598804,0.04272340733378565)
 (0.88370190750102473,-0.013548244007911853)
 (-0.86883795199351499,-0.062922231941057699)
 (-1.0309793029372749,-0.14459252229566194)
 (1.0494499788906826,-0.079698212157186143)
 (-1.0260366022882592,-0.093508548967647778)
 (-0.92910457402849933,0.065236035751623844)
 (0.91817018560220143,0.048654038924554194)
 (1.0789119379079173,0.0025836436486645514)
 (0.98810900156482684,0.014890890987781756)
 (-1.1950898663143432,-0.04793634017724735)
 (-1.0265888440632909,0.039813545487846623)
 (0.9669135181368812,-0.12460956197928906)
 (-0.97049796120101783,-0.019761330584880849)
 (-0.91045623765519412,0.0001447789849198461)
 (0.95926892623631355,0.023947580065080777)
 (0.97601453488563128,0.018118051265496274)
 (1.0378746315171965,0.055455496683222694)
 (-0.98882470334115002,0.030486576591695791)
 (-1.1048852284593873,0.072073374957106542)
 (-0.9877253092337791,0.074056933028906938)
 (-0.92314000946776642,-0.059020402280836527)
 (1.0147044342543654,0.046328318648851757)
 (-0.92878728909967478,0.03888244798336974)
 (1.1560102356210391,0.065427365606241794)
 (-0.98123608617679392,0.044430970200730828)
 (1.1093593319883812,0.01541388202013845)
 (0.93123561583915859,0.026373494916721585)
 (0.91812897435511198,0.059891021362887799)
 (-0.98434033888123607,0.045912883851937279)
 (1.00043096217113,-0.009251668662850215)
 (-0.91688688536384566,-0.045342461373475834)
 (0.98944951459519004,0.069564879055078507)
 (-0.964911737366557,0.021593527989978864)
 (1.1481011979808078,0.064691454185743485)
 (-0.94127560401102139,-0.11249137816105551)
 (0.96908248018894916,-0.029435225683830057)
 (-1.0108789561742455,-0.069033154579410033)
 (1.0276589132286618,0.029900532374012079)
 (0.99811373537384596,0.054876119439842136)
 (0.9520984560539405,-0.018576932488535834)
 (-1.035640943658791,-0.026497932197799813)
 (-0.96383283680087239,-0.012312457762028049)
 (1.1013131729036034,-0.0013572016594492122)
 (-1.0550255414980101,-0.044925106296789363)
 (0.93379734897675748,0.087084299149257069)
 (-1.0089757963956172,-0.10865601268937904)
 (0.91777777087449852,-0.039508685711380769)
 (-1.0055702237268318,0.0086891012852192678)
 (-1.0089759075417866,0.057941598559686593)
 (-0.99837027434161374,-0.030428948154344906)
 (0.99848478297701893,-0.043359656072804204)
 (-0.99174663958606479,0.055484118114522085)
 (1.0234133474222973,-0.067165124043208443)
 (0.88948762719561991,-0.0058366790287434746)
 (-1.1078038824708794,0.12240810349011558)
 (-0.94609025180186057,-0.01674624009733269)
 (-1.1027491158837579,0.080294647324585217)
 (-1.0923893060493639,0.10021830601193549)
 (0.96087360956164913,0.096470708158619189)
 (-0.91921092264338899,-0.014435710778717034)
 (0.97405671924809512,0.084276182751270051)
 (0.88875248878406299,-0.0074894511830734438)
 (-0.95430522607889456,0.029560904772691705)
 (-1.0649386990626484,-0.073917202610126326)
 (-0.91286361672894034,-0.12849076287311714)
 (-0.93021606189842032,0.13024356287406746)
 (-1.046911007484097,0.057712705141898815)
 (-1.001692379999652,-0.03233539793963499)
 (-1.1088122792766948,-0.092720346216338845)
 (-0.95206248474533728,0.057473307481736069)
 (1.1353321411095576,-0.0471252253656562)
 (0.98322110322821488,0.079692870566410487)
 (-1.1389084289741562,0.018070841322457464)
 (1.0878827437278362,0.047440007225200684)
 (-1.16802491725871,0.012175918011403924)
 (-0.95879877552224413,-0.0018948387396043884)
 (-1.1172494526160188,-0.056551795503467145)
 (-0.99296850025741445,-0.13537128942856824)
 (1.0697880240688196,0.037435019218277521)
 (1.1074876938576697,0.098506486511100638)
 (0.96841376100782106,0.031695302644353746)
 (0.95140921143892188,0.10597293845372982)
 (0.99511164505130911,-0.029036410561485062)
 (0.96312389860022796,0.11709952717877506)
 (-0.99477302781778976,-0.087504109955955159)
 (-1.057275665031403,-0.031691523933198885)
 (-0.93140304623770742,0.058204922940048198)
 (-0.91260332067734518,0.044237196860411145)
 (-1.0498360565105811,-0.1304366557998882)
 (0.9430502065780072,-0.14314826139413486)
 (0.96322305825935262,-0.0028372995982687936)
 (-1.1539304606121923,0.076246344228862672)
 (-0.99328960076800132,-0.045508528409221136)
 (1.0390971542690286,-0.023108740842538982)
 (-0.91152141384334562,-0.018555214563750547)
 (-0.98699390156925415,0.040030698349461082)
 (-1.0207505665185712,0.0097895182092908942)
 (1.1049278777628562,0.019100639612272416)
 (-1.0538322160255347,0.01545316581321993)
 (0.97344460190046933,0.10548692907820748)
 (1.0275345650988639,-0.097660885875916578)
 (-0.99852807446350145,0.10224933370439025)
 (-0.99377921912357614,0.12892522844549373)
 (-0.97068760061615,0.12507068389622863)
 (-1.1004907163363098,0.046464637332813315)
 (0.98573084434365299,-0.093200786695217919)
 (-0.94114995616621022,0.059697282568501514)
 (1.0460219092544509,-0.11608711477513474)
 (1.0194234018479051,-0.015342032383162283)
 (-0.9729092679977277,-0.0092017246592463013)
 (-0.96051183649116512,-0.020151715076143897)
 (-1.0940576260735368,-0.02889446834552032)
 (-1.037475389984883,0.05630874661958768)
 (-1.0452854808489502,-0.01477954157109934)
 (-0.99757386122642133,0.12527502720970415)
 (0.96801993356777438,0.066605928698493952)
 (-1.0425016514617622,0.0051697598174184622)
 (0.95176730007326016,-0.09584776627401459)
 (-1.0064754276003032,0.20709418342792274)
 (-0.98402148084937491,0.0074081160095250164)
 (-0.87304922222157155,-0.03452057994850901)
 (1.0582089860806572,-0.062382770181093367)
 (-0.94854192176664398,0.16967194942167219)
 (0.89766414575407494,0.082348514355655836)
 (-1.0536154554094641,0.029556783716737256)
 (1.0240271794323379,-0.10264285481238007)
 (-0.97730670731415925,-0.051277839812581119)
 (-0.8168202874964503,-0.077965523551822277)
 (-1.1435826813971792,0.038168271113021714)
 (-0.97028616525965294,0.13183554307910392)
 (-0.9594544839935174,-0.058581613113787567)
 (1.0825155390759478,0.010178730452656382)
 (-0.92920650879139055,0.080856547959217082)
 (-0.99360879986436279,0.047278201327103961)
 (1.0385996920959706,-0.027992164931317523)
 (1.036393771188896,-0.052365121166738783)
 (0.8843980944678036,0.086785847985176745)
 (-0.83985840930336442,0.012326071112107206)
 (-1.0480475113189731,0.0023009324715883824)
 (0.98300032556218575,-0.060629950726207221)
 (1.0425198515186489,-0.039318705178872253)
