# Created by Octave 8.4.0, Thu Dec 11 09:47:21 2025 IST <gamana@Samsung>
# name: awgn20
# type: complex matrix
# rows: 2048
# columns: 1
 (0.98905356613085549,0.044602916817277738)
 (0.9853392471467205,-0.073224627485495505)
 (0.97867153733794032,0.019287072587341691)
 (-1.0744736507972361,0.090326234409179626)
 (-1.0541566676155976,0.017157675396501187)
 (1.0634847199880566,-0.030625945773001498)
 (0.96547823734059701,0.056932656892891634)
 (0.86124731835687984,-0.017444546501744845)
 (1.0336282364092326,-0.09040714702944487)
 (0.94588467616849037,-0.17493296124117635)
 (-0.93138247224109494,-0.068176208067531982)
 (0.90117068891123608,-0.097907533546226319)
 (1.0260205587909164,0.04073897216786232)
 (-0.96879040149795759,0.076862305083028631)
 (1.0954930766528006,-0.090891280603412727)
 (-1.0270091722240882,0.1059358114401967)
 (-0.96376296533164596,-0.028215162407230751)
 (-1.175869906154845,0.084217957357340376)
 (-0.90902870465795671,-0.093816694153419145)
 (-0.96503695310763338,-0.031694089131458256)
 (-1.0139020960533005,0.069992791069304103)
 (0.91052933362563404,-0.045378306200151916)
 (-1.0211029883263902,-0.0034723377904159955)
 (1.0711355572908909,0.076437481813764863)
 (0.98227079151111274,0.003981082277709015)
 (0.96334616298400133,-0.12556424424664195)
 (-1.070494253752645,-0.049604593953174292)
 (-0.7996768720648445,-0.052613549672863358)
 (-1.0332888058055667,-0.037511302904671084)
 (0.93147647490605101,0.017833060926629025)
 (-0.89583407999025555,0.038692728248312942)
 (-0.86267337736049376,0.057443841186467365)
 (0.98283377441900743,-0.082940831687527555)
 (-1.0045581416882023,0.023554623720029817)
 (1.1198678004552451,-0.032007704913316039)
 (-0.93658638286122797,0.047669927297784014)
 (-0.82613688367950155,0.00097830901497033954)
 (1.0493616421556391,0.0032402868929364221)
 (-0.98723579965510377,0.010652265069648198)
 (1.0093190397787919,0.039203863914589687)
 (-0.98452039466583163,-0.022300116121375394)
 (-1.0462200247141245,-0.11270212889939435)
 (1.0269424960395432,0.044381251277602049)
 (-1.0140702577027958,0.020881639357852876)
 (1.0552417093657041,0.016318086062551546)
 (-0.9476149938079762,-0.028388168114705955)
 (1.1132264106636065,-0.08171897816789736)
 (-1.0956887421015078,-0.0025008889153374961)
 (0.97584119128557634,-0.062917096893874411)
 (-1.0737720406908626,0.071325134391173703)
 (1.0182106253322629,-0.1995296342740569)
 (-0.94908773754627362,0.01085361753725699)
 (-0.98624145674364605,-0.068739149684876238)
 (1.1611361876919206,-0.057511753319009908)
 (-0.93459066298027327,-0.029671738628578456)
 (1.0941756515707874,0.084873833555942108)
 (1.0145560096160975,-0.00021393615123872878)
 (1.1110278838971301,0.00075136329702661165)
 (1.041029502973168,0.020029053474882305)
 (-1.0160108043516811,-0.02146532281326884)
 (-1.048890230312518,0.020532944557380688)
 (0.87306858873329451,-0.046151421980575195)
 (1.0867324354748,0.032472725355452169)
 (-1.0153087750672467,0.0078728454030485753)
 (1.0519904067682684,0.066388966500466454)
 (-0.89088062181547312,-0.023626951443575506)
 (1.1401636220774998,0.085883035025857535)
 (-1.0382556420258315,-0.00024602256453087814)
 (0.89309718539801075,0.057678632550538948)
 (1.0580028101292465,0.010260558640838354)
 (0.92612164164520294,-0.0070780154396505885)
 (1.0963674481661922,0.019411273190178973)
 (-0.99911998490685161,-0.14008980567807683)
 (1.0031780127270069,-0.034023688258380473)
 (1.0453058199075647,0.021207499195719303)
 (-0.99476401629367817,-0.012371592323236397)
 (0.98073606593731355,0.056999917221160802)
 (-0.88341649147713164,-0.08457040086674622)
 (-0.93625996515173981,0.077289285933184904)
 (0.9320982558523222,0.10888176339278728)
 (-1.1581452072162906,0.047675003485786807)
 (0.988632880196603,-0.045985855937952146)
 (1.0984868283957809,-0.01672306877379633)
 (-1.0713321688601045,-0.033954596874113681)
 (-1.0574353690030964,0.034260748485689572)
 (-0.96028201737026853,-0.040962886744912538)
 (-1.0043265346045007,-0.096717645021298523)
 (0.93610402228825773,0.022330980710222773)
 (-0.90158971687198453,0.029417243000170956)
 (1.0637356585312041,-0.12136718839068353)
 (0.89347358547473577,0.031181941503949945)
 (-1.1138413354118772,0.056970004650708186)
 (-1.0299927838447571,-0.033790319434400654)
 (-0.92635013722867388,0.10656030366420183)
 (1.0178189957068982,-0.018011639936339537)
 (-1.0302390462378384,-0.1008686636221055)
 (-1.1264123994527635,0.10036449163321133)
 (0.91787591455786066,0.0022926920321864647)
 (-1.0349515621231644,-0.052890317152744705)
 (-1.0043067316884038,0.025237340870203989)
 (1.1182709164301947,-0.10883782097973033)
 (0.97087960551367181,0.065868314518868917)
 (-1.0638163394707725,0.08672672895340168)
 (-0.80933437270593789,0.029913868570743653)
 (-0.91327780776695533,0.025116620943394452)
 (1.0752054099877109,0.025765893204467011)
 (-0.98929451338280727,-0.037705761135794415)
 (0.97860425369667026,-0.044571542597564684)
 (0.97219879530718967,-0.052984948999591532)
 (0.99833996670076253,-0.022890099249954002)
 (0.90904334454038094,-0.02780182561515436)
 (-0.98765672192196075,-0.04071312932546918)
 (0.98068362234780548,-0.07190986921081613)
 (0.93690189703606541,0.06533896705867992)
 (1.0534646912271346,-0.033372691009323135)
 (0.99841460396608894,0.05869671467253821)
 (0.88320216697826781,-0.045896627783825451)
 (-0.93987132553411301,0.019915379173597862)
 (-0.96866071602316395,0.060995876725555134)
 (-0.95500218418130034,-0.013017637601199596)
 (0.89857917643062657,0.049964823638893853)
 (0.89838081050507812,-0.030472887175207537)
 (1.0205728380293684,-0.088839142234942728)
 (-0.8301276426856844,-0.10978404985177287)
 (1.0284129520732057,0.017887847422262151)
 (1.0746732729166415,-0.027896792927317639)
 (0.94567690818838779,0.046014529853782231)
 (-0.86315336531807474,-0.19347672005165789)
 (1.1159703441812221,0.087691852647298535)
 (-0.94314420124874543,0.13324923335302918)
 (0.94628541561658175,-0.0020928848054848426)
 (0.95003905055400484,0.026667983259445006)
 (-1.1093123111081962,-0.018525246219016047)
 (0.93868536918168965,0.024445534666199868)
 (1.0171444864832466,-0.052571472937559316)
 (-0.90761786819577228,-0.023085539544351233)
 (0.95713743077384117,0.00097293713615497737)
 (-0.95169029170072839,0.025934463844767903)
 (-1.0078244639304925,-0.046453605626733702)
 (0.84884686209124238,-0.074900088881038704)
 (1.0847723630518877,0.043513511309493907)
 (1.0568396309984294,0.025159332802680602)
 (0.81822009243668581,0.042242109636478231)
 (-1.0910200331965769,0.1333957656602309)
 (0.89467422782060591,0.013986529340641419)
 (0.92750887180386798,0.045411787406708343)
 (0.94155869175381512,0.040093946823032148)
 (1.0984037970178255,0.076989258144316286)
 (0.94882083663619665,-0.0042514400157094749)
 (0.99435252385676687,0.084264107315436071)
 (0.9088563509910963,0.03624340583066557)
 (1.0493653465125388,-0.10292626694388191)
 (0.85294022146116866,-0.053813237365790356)
 (1.0421751220351207,0.033052535171816)
 (0.96702311234752036,-0.048420882518777998)
 (0.94868772816223967,-0.13562760981732422)
 (-1.1389736968307518,0.056665338281094595)
 (-0.99001697793836263,0.027282386230840144)
 (1.0760298386972369,0.093850614051312481)
 (-0.92983894110162524,-0.06026988022204377)
 (0.98367233370092699,-0.035182702592408653)
 (-1.1055624145217278,0.00429201770254859)
 (-0.94478876871125372,-0.077839604451364786)
 (-1.0330040343561102,0.037203794710753017)
 (-1.0639522748746535,-0.014928074609136179)
 (-1.0235491764110389,-0.092565308290335796)
 (-1.1590728342298924,0.050275527218834118)
 (0.90036840568828891,-0.024950272249287614)
 (1.021949031961251,-0.044938154373820476)
 (-1.0109335995064463,0.084268842169495289)
 (-1.1079983523916228,0.0053914569090610341)
 (-0.8846126503015378,-0.019492581607439836)
 (1.195990334395642,0.08278966117753081)
 (0.99020326360817668,-0.050375091895247671)
 (-1.1036962668799255,-0.019880405791152821)
 (0.98894398918029947,-0.022871542456416417)
 (-0.9491107292226284,-0.062302278530951563)
