# Created by Octave 8.4.0, Thu Dec 11 09:47:20 2025 IST <gamana@Samsung>
# name: awgn20
# type: complex matrix
# rows: 2048
# columns: 1
 (1.0158800168048865,-0.039411294938322294)
 (-0.98932317738888331,-0.12840853127787649)
 (1.0177337075285893,0.05557367559767569)
 (0.97985076815637417,0.056020237038781721)
 (-0.96166212536958406,-0.076780071268101324)
 (1.1029859393686734,0.084042894981556981)
 (0.97556930847406431,0.0180656442999701)
 (0.89316813682053331,0.0085972711583480292)
 (1.0252355432711626,-0.059504140569518554)
 (0.97620517503119209,0.018387276297016971)
 (1.0152789402108122,0.10164300027984047)
 (0.84460046418376655,0.0053324287342559869)
 (-0.93786963108726651,-0.0095049293697588941)
 (-1.0727392395155,0.018879271607815305)
 (1.07835660173519,0.045510862905019156)
 (0.93848277908927402,-0.080912769280016894)
 (1.093615529040239,-0.0047603260119649417)
 (1.1389618674240911,-0.10967610627938532)
 (1.0890366971543157,0.079552793100197611)
 (-1.0130086472211857,0.079629360907205946)
 (-0.96878688794930279,-0.015279061841903599)
 (0.90549883562761213,-0.026250227733106618)
 (-1.0850925887105689,-0.051598692343308578)
 (-1.0771920467540348,-0.046114592132427933)
 (1.0606765239043972,-0.036492943518272446)
 (0.92787703429745338,-0.032244270390117201)
 (0.99775078489356139,-0.018310071602298451)
 (1.0629859135709525,0.046997183640483359)
 (1.0210838511555747,0.031259700989686071)
 (-0.98323505563543578,0.1091590326819315)
 (-0.89733682784228641,-0.049826453984545271)
 (-0.95546516697386763,0.0087450249190795023)
 (-0.98908612853828148,0.027535359908817076)
 (-1.0770312763065109,-0.023582717033864681)
 (-0.93653091952792045,-0.14163924860137375)
 (1.006009966989138,-0.097113197814259006)
 (-0.9210932668161701,0.13292762034510261)
 (1.1447230875130745,-0.10537828369425528)
 (1.0134697713664784,0.040205191616265588)
 (-1.0013336235321215,0.10694978354388429)
 (-0.94043100237952959,0.080274400325850204)
 (-1.1101976662324313,-0.005510834593261532)
 (-1.0252724770613422,0.03929938457412633)
 (1.1304051185386377,-0.038924155755011507)
 (-0.96615476570381242,0.043930446545547314)
 (-0.8974246229953784,-0.003504888198168004)
 (-1.0312198565485717,0.048622112782974632)
 (-1.0582817476230855,-0.019793694087750016)
 (0.96387121416120014,-0.12342961956715899)
 (0.98326512330084803,-0.066035394549244314)
 (1.1151550782633666,0.094255000408077369)
 (0.96628089540471862,-0.044914762193668148)
 (-0.98994980321695059,-0.055170386678289121)
 (0.95137797647704847,-0.015098093243911818)
 (1.0087893558378389,0.03835579032639546)
 (-1.1101272855374225,-0.030147431607487375)
 (-0.99134154698374755,0.0071822088812884145)
 (0.82421271330346735,0.067064657569881073)
 (-0.88679891433144675,0.071793382158031591)
 (0.98401318454332765,-0.084619834561500143)
 (-0.90171182844647757,-0.080901383250161385)
 (1.0022627935023796,0.015138376990000361)
 (-0.98684231708879866,-0.085189025689187708)
 (1.0562334422459545,-0.04464449753362728)
 (0.93267025594425379,-0.070264927880511932)
 (1.011660683317843,-0.01156115108498958)
 (1.0424943637199164,-0.065849278552318938)
 (-1.1481850394339865,0.11047065597104525)
 (0.98837184550562107,0.014639324065606155)
 (-0.93566329108200774,0.0055610008140396482)
 (-0.94764582010394871,0.043047725171596933)
 (-0.80514112861265286,-0.019513657341496054)
 (-1.0434463259978477,0.056191691409723993)
 (-0.95021607957762289,-0.081108513669593332)
 (-0.9619910229205898,-0.052761784413022421)
 (0.93438207852853084,0.043204185027334176)
 (-0.99004147623529493,0.028421309047851985)
 (-0.92119579503160254,-0.099838310547179579)
 (0.99142862709204971,0.050588315563659642)
 (-0.98752124985909695,-0.010683000272536096)
 (-1.050300321411638,0.0084793874479119815)
 (-0.99314681756355983,0.12242962566128851)
 (0.90874667134298281,0.0039347050036886702)
 (-0.97266983868372325,-0.065568811456157935)
 (0.99497525815039578,-0.020689052629313497)
 (1.0066175447493835,0.0480215601939121)
 (-0.96138595127488391,0.064388720948968234)
 (1.0115470888517684,-0.036482771196384392)
 (0.92727923396191325,-0.092468978022647683)
 (1.0937200078072757,0.0079090941590734092)
 (0.96041946816773016,-0.12952163994875304)
 (0.94447328605216418,-0.043170023654377117)
 (1.0399900285826156,0.088517427938986468)
 (-0.90100800581032858,0.080513740444676463)
 (-1.0709161926439899,0.038200855316808079)
 (-0.92182349891870408,0.040801973206642465)
 (1.0754140983522855,0.096322328086024159)
 (0.99854385887045549,0.097998492590356368)
 (1.025061942559381,0.083102055539773498)
 (0.81950793085251006,-0.084305552155884117)
 (-0.93764048722802762,-0.076761792939698675)
 (1.0219215949591085,0.033916910207976783)
 (-1.0221715416728134,-0.093694904959107275)
 (-0.85503666142307855,-0.0041508619201796023)
 (0.97035959798164306,-0.11442386739269012)
 (1.0156068449564306,-0.027257009735386247)
 (1.0135489326427891,0.044114039570168823)
 (1.0523088786051844,0.058903694658219277)
 (-1.0227791887567896,0.065795481816434118)
 (-0.86535169923924027,-0.049152292671652477)
 (1.0307716185091682,-0.046695557142984623)
 (-0.96164991958768031,-0.077474247856963371)
 (0.94484489169121666,-0.073229782545511268)
 (0.96499821154444854,-0.00052278451200491187)
 (-1.0421176684798188,-0.15606859484500762)
 (1.0391039435521932,-0.056828657601373303)
 (1.1151706882148102,-0.081422501865149585)
 (-0.88360433910886405,-0.15665226137862451)
 (-0.98475765303399265,-0.13190397160957495)
 (-1.037757488078952,-0.013241856055314831)
 (1.0136908408512297,-0.0088548306463606258)
 (-1.0024755523879096,-0.063991502434036479)
 (0.96189546771360523,0.0041018596683537077)
 (1.019287879508342,-0.059076045691551039)
 (-1.0581964575305349,0.095206986768672189)
 (0.99372086326367981,0.044737095728540364)
 (0.87148876830696453,-0.060283327032090099)
 (0.98720996407142603,-0.037322272745444307)
 (0.9452207329021205,-0.11384902939193929)
 (-0.95009023176039675,0.098623932139082271)
 (-1.0387978422358108,0.01536809334575953)
 (-1.0169551631666833,0.0080272447008337463)
 (-1.0360515257910621,-0.10789327482985454)
 (1.0627516195391309,-0.046293564053019404)
 (-1.0110166425045821,0.14064765312791347)
 (0.98077189752796035,-0.14466195471010923)
 (-1.0108338942951343,-0.0029694198109855956)
 (-0.96083487973511494,-0.075317172216100764)
 (-1.0590252854700024,0.023579728790500375)
 (-0.9802233803374012,-0.0065345727847845418)
 (1.0951112821529883,0.061705226302106897)
 (1.0059695219658253,0.078013455167031759)
 (0.9883320711584338,0.070986380717529038)
 (0.99696323578233303,-0.051872523167821462)
 (1.0856938655247736,0.083545927639693041)
 (-1.1200954089466708,0.026487104577779821)
 (-0.94555105087117197,-0.074453702497952551)
 (-0.96895783411217318,-0.023518901964750493)
 (-1.1042431116458786,0.0047370732565631367)
 (-0.9925964677348138,-0.010596952382610084)
 (-0.96426872063973634,-0.085987450044516994)
 (-0.89846009290731366,-0.0146577128444085)
 (0.9837955658790335,-0.040255579487340001)
 (-0.95074493946055527,-0.11114934908827788)
 (0.97053214049190595,0.020823208858188322)
 (-1.0897129070435376,-0.043313671188124944)
 (1.0719296740615112,-0.085866188087803108)
 (0.99226574561841963,0.091566657102162274)
 (0.9523367372386693,0.11493481394627313)
 (1.0613155763890876,-0.018691386770426716)
 (-0.84570839428189026,-0.06015886223333216)
 (-0.93756501696631633,0.0031517624554639407)
 (1.1531482262978465,0.027247691498385004)
 (-1.0070924986619847,-0.12698298789202417)
 (1.0768176504302907,0.092508041117929138)
 (-0.97485893208121799,-0.015407408939825491)
 (0.88617172991312421,-0.00081382116246416728)
 (0.93660085856621911,-0.010134833926231962)
 (0.96724176978431764,0.17734555381322717)
 (0.99935424494931546,0.044434772921999405)
 (-1.0642744052988751,-0.015847917991415716)
 (-0.90850351710516264,0.065624567266737113)
 (-0.96219598567580522,-0.0034073267029160019)
 (0.92256998017387837,-0.11917283816515578)
 (-1.0235069197276419,0.096151344167293373)
 (-0.9237326542826525,-0.093180618672946205)
 (0.97055346291250522,-0.049559184739358331)
