# Created by Octave 8.4.0, Thu Dec 11 09:47:21 2025 IST <gamana@Samsung>
# name: rayl
# type: complex matrix
# rows: 2048
# columns: 1
 (-1.0269675250326251,0.09045738739231457)
 (1.3907111196545485,0.77039854317659795)
 (-0.11504179395463454,0.34654011325006412)
 (-2.1589636537527714,0.37581768240670493)
 (0.19151538810647342,-0.075067768868304074)
 (1.1871187111199442,-0.11123158403988918)
 (-0.085031224992298787,-0.28325386691036558)
 (0.61435086376118109,0.83461922227300145)
 (1.0853251122014413,1.7200310891706212)
 (0.26967110689016138,0.33392988744775459)
 (-0.30606259670689495,0.41783262038787833)
 (-0.56475312789778953,-1.0935981335101099)
 (-0.83849427233309815,2.2500118259731434)
 (0.92551750208071082,-0.55973174690964234)
 (-0.64908889730310815,-0.57594721886336708)
 (0.15451021638239984,-0.35118793486089517)
 (-0.19827208143804814,-0.38983380462594613)
 (0.21157382959791632,0.25528911872531795)
 (0.15351475876466547,-0.13808763739000718)
 (0.07043923091642551,-0.56295067627243645)
 (0.23631571954841213,0.93919979439403112)
 (0.11355850624704912,0.17716160826032804)
 (-0.48574595502131623,-1.2066524576126869)
 (0.52761560275272268,1.4972030630559603)
 (-0.60827237327078165,-0.57777142356307187)
 (-0.11090424479729434,-1.4986648428513354)
 (0.19577846594073589,0.40785909969327583)
 (-0.38584388857081497,-1.3176888992796971)
 (-0.68123766825538479,-0.40920024637205088)
 (2.1129470202002811,-0.33203374129762819)
 (0.18115425237334787,0.59703565987685581)
 (-0.34532031247259914,0.49735057475927158)
 (1.1996944293848812,-0.35821700987227273)
 (-0.53581997927278113,0.68587675498976419)
 (0.30091737965523635,0.21899096495908343)
 (0.54306819884661117,0.62810797277331187)
 (0.43560862249610877,-0.7027608882802826)
 (-0.5682539792563136,-1.8063767619750721)
 (-0.16474784097662606,1.4352677741718696)
 (-0.59755109869091172,-0.82612102389920306)
 (-1.1755047830390175,-0.37841605482782797)
 (-1.0923684723182219,1.2585576793951037)
 (-1.1919356486275305,-0.66853388757213772)
 (-0.74539861667445328,-0.3945539662149759)
 (0.067974822406686661,0.68639949704410663)
 (0.90464094644743154,1.0466811268372209)
 (-0.76478882492222822,-0.79611674263607091)
 (-0.47038713783973146,-0.69201993698120579)
 (-1.8019197190116842,-0.26383921965752766)
 (-0.18335933036042118,-0.028532679402487538)
 (0.73843264371285577,0.01802132143521552)
 (1.1890058450014829,1.1031874022789507)
 (-0.48487958363416989,0.20555007506911357)
 (-0.76216708441081349,0.197060738017903)
 (-0.72319682402047913,0.45505631706064248)
 (-0.93677806956527399,-0.31633686788530779)
 (0.64027777260597585,0.17239402501360673)
 (0.076683495205559879,-1.1380570654848656)
 (0.7939935827598319,0.36736847610856571)
 (-0.21883607099460634,0.23130637534112439)
 (-0.5843151664726981,-0.12903894334908703)
 (-0.11397964630985215,0.11097423057189267)
 (-0.08958776182309193,-0.85825209451375251)
 (0.27973643032043621,-0.35632694919208774)
 (-0.10522499833385233,0.14917448113033011)
 (0.11360195001609388,-0.22784262961061952)
 (0.69367293541663,-1.8606950199853667)
 (-0.6633787292083273,-0.12433826560405305)
 (-1.0728564570226422,0.43073299467482196)
 (-0.075249148384974901,-0.98094888946893699)
 (-0.41394606837085796,-0.25261357332710505)
 (-0.79637397054573555,-0.13173593459125529)
 (0.84637485832573367,-2.0067849458270839)
 (-0.59144825582862037,0.023135822302528704)
 (0.013218653984436972,0.6363558454234286)
 (1.5726839703393318,0.17713918573812479)
 (-0.55664102125526693,1.4008463236962585)
 (-0.34997943180128177,0.98818526091870817)
 (-1.3089119394313731,-0.60259675915385957)
 (0.12693596654008837,-0.37206513446653683)
 (-0.63666193538213067,0.31849444444132136)
 (-0.81412948623415549,0.91880938260730471)
 (-0.606989346552394,-0.1533363885186485)
 (-0.49910786683620167,-0.52117552282742996)
 (-0.28763485542840866,-0.040530986608005963)
 (1.3828477343868564,0.47532204154770785)
 (0.20007727743104589,-0.097064647336161686)
 (0.72405122061833105,-0.10032470702439604)
 (-1.0754874422808507,-0.52497648424452503)
 (0.60714472629785454,-0.44980386498821173)
 (-0.87747222413444481,-0.34887011526007738)
 (-0.51483403132701033,-0.44132863737720196)
 (-0.47538527452576163,0.19137059222597094)
 (-0.083473022166845767,0.14196229545389724)
 (-0.63038053142848949,-0.33176474239259468)
 (-0.068054419074897385,-0.40592963147701272)
 (0.24989694368535881,-0.070393805161922854)
 (-0.50891200298969452,0.28925783978324698)
 (0.27593006518039637,-0.45799769882700808)
 (-0.17249911989375444,-0.065106242707600653)
 (-0.93492420648210584,0.090166340157702557)
 (0.29777294787281472,-0.41852902103819212)
 (-0.2435842849760308,0.24158513840863455)
 (-0.79824673464948825,-0.32849262039336535)
 (0.37399930253272301,0.7741106221034455)
 (0.41887847352735774,1.0127953618503072)
 (0.21444846485204375,0.69251684212695941)
 (0.21397456408672655,-0.55850176097983517)
 (0.35906104073732042,-0.069612186138746313)
 (-0.40072806809862005,0.57706407836855922)
 (0.34242569835651704,0.23816706952730296)
 (0.76495048917826469,0.17159818424125858)
 (0.24047796523598572,-1.0231069654107794)
 (0.20748711183744831,-1.1118204247809018)
 (2.4155595078739163,1.0496873880307516)
 (-0.0023816107661976042,-0.28905087399544671)
 (-0.76046203030617876,0.59513915188266386)
 (-0.59953609733434055,-0.98049733052860666)
 (-0.48812055270789179,-0.60399546542718574)
 (0.40133922040469627,0.20126321579439083)
 (-0.8363133716004495,0.7754856960986023)
 (0.018049527693102526,0.35442387243760598)
 (0.70350147546895037,-0.64052734723589799)
 (-0.017532839819882511,1.1328849171668338)
 (0.50884186930691333,-0.20059643578202993)
 (0.26698160062833443,-0.87123468080111854)
 (-0.11216498658632067,-1.065366166202383)
 (-0.047835875081739171,0.64792142630093041)
 (-0.6662166012619436,0.39914462443868159)
 (0.43314540973003751,-0.25182860087755565)
 (0.37378321042874291,-0.55652434657228156)
 (-0.1885732892135619,-1.1462074058721645)
 (-0.76424993584626721,-0.7865282006379708)
 (1.3285574579373467,-0.10066834974376786)
 (0.54991054907849957,-0.7919389044971723)
 (-0.70153743395711821,0.51134913742905441)
 (0.26201332944447697,-2.2152346516398285)
 (-0.12521555062721096,0.65312947861138049)
 (-0.01161670342512636,-0.040163707810416276)
 (1.094122094982739,-0.092363141043090652)
 (0.0080313664183058429,0.53460113553184418)
 (0.0086852806467720301,0.58730963732401231)
 (0.09371728757222092,0.39504254088433488)
 (1.3649849840140376,0.57934046273728945)
 (0.8427650473822722,-0.26193361416307342)
 (0.83801238693397595,-0.036547688389919869)
 (0.074009265694420054,0.8949182152114421)
 (1.0094621082474797,-0.49757188775775252)
 (-0.74747093714985313,-0.035863434997927116)
 (0.34688912685058326,1.469568811859167)
 (0.28482971884209207,-0.92733888554420951)
 (-1.0448399723059001,-0.45594556585490653)
 (0.43033323053027883,-0.44206041168400267)
 (0.73451581150805023,0.41976396073712918)
 (0.93518268228313162,-1.5004310752087224)
 (-0.2660563140105256,-0.16382673193287214)
 (-0.069104491024587808,0.6126914495191591)
 (-0.29417826767131944,0.52647750311317243)
 (1.1242654172201485,-1.1109843340025951)
 (0.068369517997157778,0.2091311342050774)
 (-0.24777464195521093,0.41961923033981535)
 (0.67494826946926478,0.66982613330327379)
 (0.56008633107075101,0.67348670356129081)
 (-0.46776602616611063,-1.6081964573369656)
 (0.38568307675737806,0.58405364771475221)
 (-0.98477727521876757,0.58063151845257033)
 (-0.050971434164167051,0.070349709216473266)
 (-0.34112575484039076,1.1494903720719056)
 (-1.5276540269046273,0.036784883747315728)
 (-0.7002353762494169,-0.28072958540409348)
 (-0.26029321566652069,-0.0072073537969792496)
 (0.13933431687104755,-0.046409537378360476)
 (-0.011853071549585764,0.022907877722829775)
 (-0.45091754713716847,-0.77059179035614267)
 (0.46945912060921502,1.2282238492618578)
 (0.031620233586470377,-0.13621526120712199)
 (-0.56898647187050344,0.52742119173600888)
 (-0.15665179474573956,-0.23790506206146894)
 (0.32513743261893674,0.13173555223226591)
