# Created by Octave 8.4.0, Thu Dec 11 09:47:20 2025 IST <gamana@Samsung>
# name: rician
# type: complex matrix
# rows: 2048
# columns: 1
 (0.96266326506767008,0.89312321157081598)
 (-0.46213493850886322,-0.66267966046113935)
 (-0.89438218649591028,1.1376354778487168)
 (0.84787803299061271,0.20927071674470979)
 (-1.2720516567516538,0.18990268817969633)
 (-0.46709337065044609,0.64468886697838323)
 (1.3967103261035589,-0.052636077702619279)
 (0.71383207266819992,-0.1553080067228218)
 (1.5482138558175218,0.10672486367433376)
 (0.91750819287650875,0.51912639239182745)
 (-0.47916695681412969,0.16995744430713897)
 (-1.2731290471543839,0.15335780816392183)
 (-1.39116312474177,-0.33563373950246189)
 (-1.0211794310320739,0.23228209565179825)
 (-1.1404075616615952,-0.062928119204838262)
 (-0.96249592311508292,-0.51932755508632633)
 (-1.4454967210704952,0.29641745210834114)
 (-1.2835462263325395,0.20821780962254294)
 (-0.62681169320389929,0.13843127480668652)
 (-1.1452265017873282,0.08899030497562023)
 (-1.1895561463308075,0.062874494600596006)
 (0.72433347745020704,-0.84683931158256209)
 (-0.36815213462507557,-0.1739339596087868)
 (-0.65775055868568522,-0.16730721447413135)
 (1.2329351547975049,-0.11294444645790502)
 (-0.50226260054812943,0.0047498669483526509)
 (-0.31387313344879753,0.15095410231246442)
 (-1.3878208594926829,-0.19335943895662763)
 (0.63881975956115378,0.063668642909092688)
 (-0.86148807388455562,0.041982722902447304)
 (1.2333644671175794,0.09267068833851165)
 (0.20876449658214868,-0.17007073316433932)
 (0.94051474775074329,0.18614005416938265)
 (1.0713215734426382,0.55728140860923592)
 (-0.76675175237832194,-0.22104977828546787)
 (-0.5225256895308914,0.2022622514002331)
 (0.84835290870086288,0.19264269205522491)
 (0.76457450094214197,0.067784890131161554)
 (-1.0044498898109202,-0.046041863713200654)
 (-0.69963761560112847,-0.029700685762158799)
 (1.0166528401203947,0.12068016305422095)
 (1.5707190179088828,0.15866499679581558)
 (-0.99078953661990532,-0.11472152314962616)
 (0.64331687551573213,-0.1975192184715609)
 (1.7638092774386607,0.18096070828261468)
 (-0.89956236923359345,-0.04524675133555954)
 (-1.2081575450753688,-0.41887729411667907)
 (-0.53018839404920681,-0.77338221351832459)
 (0.87630492802386484,-0.90732094811436648)
 (-0.82355268769559509,0.078322481904858438)
 (-1.1981941552226951,0.26816857796948268)
 (-1.1552675828037693,-0.096615333166158807)
 (1.0186307406262993,0.14394649945168975)
 (-0.76834653134522357,-0.02535212665051545)
 (1.1059098403226169,-0.18467098444165586)
 (-1.002127858710304,-0.72615563602561217)
 (0.58818373395043966,0.24157038132573291)
 (0.72083044440022914,0.49378612660703824)
 (0.74140338512687409,-0.50415731143458198)
 (0.88307480933586391,0.097488251689703542)
 (0.21530762337829235,-0.038891850469308147)
 (-0.83042920667458131,-0.50458521930236333)
 (-0.67476401165465671,-0.033331441465152871)
 (0.20394611389190376,-0.076597586733738496)
 (0.30968332277103006,0.062261791382445607)
 (0.65719307994270193,-0.15487933749961022)
 (-0.29476553082493995,-0.091284234224159863)
 (0.7659855260832712,-0.25370919693003408)
 (-0.56149401976979751,0.53141326505397235)
 (-0.73334126824025936,0.6341205925721094)
 (-0.68784714201388186,-0.23894877505168638)
 (1.4946021230743078,-1.0171349568941725)
 (0.9882873391614877,0.36086092022687127)
 (-0.59197315319904908,0.036883948403010521)
 (-0.65270654650768867,0.57346648172471248)
 (1.0622631704486212,0.10187374968997701)
 (-0.42427578131326482,0.37866998319894901)
 (1.5262147774258858,-0.32800201465064954)
 (1.1950062802478323,-0.17078786554244177)
 (-1.2576517729019563,0.075808983804538682)
 (-1.011598965315633,0.48483511190475798)
 (1.3251776489424465,-0.033952159990874253)
 (-1.0085186990605284,0.27464425781430657)
 (0.86173126561091917,0.18630960035621894)
 (-0.8897519392325749,0.18203843116225657)
 (0.71386783327294756,0.17996871683466839)
 (-0.84782034958656893,0.042069820845265872)
 (1.3548734489646808,0.58992174466642322)
 (-0.80309842409880172,-0.15047643440773151)
 (-0.87015685749701355,0.046634806695560041)
 (-0.92200081447430338,-0.54422461248061227)
 (1.3412910858234257,0.27122185425361939)
 (0.81533056165314377,0.74144407278366631)
 (-0.92806888492020967,-0.32690576409360717)
 (-1.0057038413828525,0.2091426309157407)
 (-1.8728797102440657,0.12971572651613344)
 (0.30611732711132988,-0.19226658908863303)
 (-0.98365426941159928,-0.029418498056961413)
 (-0.51428249620916389,-0.13196430358114092)
 (-1.3268155816084835,0.06611437244663064)
 (0.75686260977843489,-0.075234831289204787)
 (1.1505675151262857,-0.02183005251106928)
 (1.224787178091453,-0.36776940269425062)
 (1.2152038915953023,-0.28041197974734872)
 (0.93773453387596917,-0.35060703570183743)
 (-0.91720453131186641,0.37395932902487405)
 (1.3284078869323901,0.0066015016721910217)
 (0.77694931793347966,-0.07965723201172438)
 (-1.4765607078779677,-0.25099779106593528)
 (0.88181571443164553,-0.15386224590580988)
 (-1.8831662378234306,0.20285265395866983)
 (0.98330766116692681,-0.016214658332774298)
 (-0.3147814134715855,0.4269825600873049)
 (0.55197253503407573,0.24646193918163453)
 (0.19972345302957728,0.26799773812409494)
 (0.78349509369692982,0.36356801227355023)
 (1.1684418716639104,-0.037189991534893718)
 (-0.82535065010385278,0.33266057700086221)
 (-1.3245696701218104,-0.0081670668922386499)
 (-0.74435398773302897,0.23018857801215215)
 (1.166842225619189,-0.44379410578091294)
 (-1.1106483472958137,-1.1572716169460795)
 (1.3052876941949327,-0.20176616354606317)
 (-1.2470685438892439,-0.26713071360446611)
 (-1.1071228374754052,0.094689594354884027)
 (-1.3018245440784226,0.34141031252924608)
 (0.63275350690897048,-0.33454907821436619)
 (-0.97914889818760786,0.039064313097421137)
 (1.3746081890176605,0.06339856430054136)
 (-1.0788679239304775,-0.16957156827473438)
 (0.51349153381902757,-0.17956057044886617)
 (-0.49433688996245451,-0.40920303913915479)
 (-0.81122922651456209,-0.39553238420295606)
 (-1.2826786126784617,-0.36492765771449287)
 (0.62346493371425871,0.15577370823649486)
 (0.51384172737815925,0.17083642622547821)
 (0.95849207423469229,0.0137919414892144)
 (1.0644330889021489,0.0067578090606600491)
 (0.4662550732457092,-0.58415540501457319)
 (1.3374116325191596,-0.16131680092591766)
 (1.215792030072222,-0.0045177981051657242)
 (0.61561632377311626,-0.13986161933956581)
 (-0.19580782753942561,0.44060330383480806)
 (1.0203018905224313,0.18486495243039822)
 (-0.65837852541258846,0.077544002047011326)
 (-1.040037430684112,0.92169217452666397)
 (-0.7551813557277659,0.29582422122127655)
 (-1.2706884483927992,0.23996365091027069)
 (0.9324579612094438,-0.14158864327883894)
 (-1.3280404233368126,0.63516116907104125)
 (-0.38574393473255336,0.90650545452975262)
 (-0.70976844727057165,-0.68430053548890457)
 (-0.81142603268229119,-0.032211913757179127)
 (0.47074402825307726,-0.45910749399146805)
 (-0.54925670211118227,-0.0099403794254528648)
 (1.5788554277217113,-0.60405590866631231)
 (-1.3254179525209757,0.73563893977686456)
 (-0.84033334586042396,0.45230351770391508)
 (-1.0822452853558711,-0.13628241661614693)
 (0.8544082852294641,-0.37727987525871615)
 (-0.81078119967687012,-0.075264746431153037)
 (0.2206447255420555,0.015750124445157592)
 (-1.7750944667968986,0.10071379996003096)
 (0.79236534315459639,-0.30090478032859952)
 (-1.1361554670112788,-0.17683621427785887)
 (0.74397087210058999,0.11439087902746212)
 (-0.45154771625875578,-0.071746031998999718)
 (-0.35412140752785293,-0.138144045121047)
 (0.37283969049626803,-0.40126647023622419)
 (0.45375646068042702,0.72126518307396958)
 (-0.57326210953235579,0.45990398285627732)
 (0.95950023338086443,-0.12403972294835433)
 (-0.94952316979910512,0.2149277028595204)
 (-1.0683683694529829,-0.25226144315787519)
 (-1.0127349206199165,0.13820762452696733)
 (1.4973142243449407,0.57291574991675709)
 (0.62144966284904335,0.41708097464105798)
 (0.76353850849238736,-0.089716852761635796)
 (1.6907369961534036,0.062123721365362108)
