# Created by Octave 8.4.0, Thu Dec 11 09:47:20 2025 IST <gamana@Samsung>
# name: rician
# type: complex matrix
# rows: 2048
# columns: 1
 (0.58898983286188489,0.23939656961475764)
 (0.69141055347874447,-0.31520372365485089)
 (-1.2084941976944681,-0.25370609716740239)
 (-0.94661088452186271,0.18296113650662427)
 (-0.70790921612197732,-0.47090628494825842)
 (0.97075477225291507,0.62708368735276121)
 (0.75439060472810293,0.073377965193634348)
 (1.3320084259398031,0.34372206406728745)
 (-0.74439943056345248,-0.34243462535347091)
 (1.022281066815748,-0.13507621318587071)
 (-0.48869387598536979,0.37493034084089588)
 (1.5028042459601432,-0.4555064328352324)
 (-1.2381658791525916,-0.043835417622124562)
 (-0.82556975507889085,0.12279747070010795)
 (-1.3196449040811102,0.011502593562021024)
 (-1.0524508007071478,-0.026136264894195127)
 (-1.1423833635216856,0.22448469276469676)
 (0.87215038184860494,0.60510721687610491)
 (-1.2200365668005342,-0.59397446089699057)
 (1.0526091887289764,0.4653236215301908)
 (1.025266808022957,-0.39408464403910842)
 (-0.34048298825391821,-0.14950941860638828)
 (1.2063000947635865,0.40641857658220631)
 (0.48410650654024384,-0.30549249966886571)
 (0.84499193955607854,0.075672809217697729)
 (-0.44495067675916167,0.13527966015427523)
 (0.626827630080803,0.065983130322643135)
 (-1.5508819269501983,-0.12863734760400922)
 (-0.45751030840886253,-0.038314649632028339)
 (-1.2719394578033236,-0.02288363444407928)
 (-0.85742424864258404,-0.78610333801414578)
 (1.6004506355155586,-0.33880249589236727)
 (-1.052178633297999,0.14111003558668442)
 (0.13324973717616506,-0.46879664278978411)
 (-0.34564967004404334,0.18301101597977756)
 (0.93311817636875782,-0.35491426887028521)
 (1.2170762777097957,-0.3936917169236096)
 (-0.36017569734007693,-0.071921326836898822)
 (-0.2115600094869251,-0.30937715485766676)
 (-0.69433432910224113,-0.16021097647761362)
 (-0.55741699609042572,-0.051073069179242363)
 (0.70607139324981172,-0.38781021827546563)
 (1.1423228958080638,-0.081505945805703403)
 (1.6404242113926166,-0.34623645602763725)
 (1.5966266475428763,0.57256511118736053)
 (-1.1055812918148571,0.21823036139235163)
 (0.45627567573522376,-0.5386283431277421)
 (-1.0011185396054567,-0.076019585150563701)
 (0.90792140800462939,-0.014811182684355977)
 (1.1136041998066337,-0.62006057180058149)
 (-1.0210941817325887,-0.023582179097057562)
 (-0.73540776819928078,0.097374278240323131)
 (-0.77295211787445384,0.1803210822114345)
 (-0.87595241097578913,0.40577118862353223)
 (-0.5758530464691014,0.039601914071627178)
 (0.10435656545553229,0.21025946405115989)
 (-0.057565572740521986,0.24353841761587283)
 (-1.360379497408692,0.69549912586894158)
 (-0.78699411244675255,-0.34471386136697163)
 (0.68744827942345899,-0.059539510035746465)
 (0.93792323281461565,0.011890260705948617)
 (-1.1820938707852306,-0.25172955722355045)
 (0.78582649519175762,-0.27962836713249162)
 (-0.92530462369549249,-0.14166411837090395)
 (0.92837880181004251,0.501713150223424)
 (0.76417959759484022,0.29635175146988352)
 (0.48168487762131529,0.37943810174266884)
 (0.81270919030934341,0.60170760350244601)
 (1.3448909099797919,-0.10983175767095621)
 (-0.79328158132576043,0.04555321021978586)
 (-0.68012389646334714,0.34957553353111764)
 (-0.71166339099584208,-0.14540771586075843)
 (-0.9372249546902619,-0.11768702722068528)
 (-0.85897069858835728,-0.11446258176458055)
 (-0.89051677109342786,0.99828267985174057)
 (-0.39397890345219116,0.22481447009040034)
 (-0.58729019957933426,-0.1243501890662462)
 (-0.701639995288733,0.51958860980735111)
 (-0.5263580187861614,0.16447981163498515)
 (-0.92077247049812994,0.4356137413896341)
 (0.024159970760556204,0.57332195880591375)
 (-0.64014719056973191,-0.070674619731524516)
 (1.4559435109219838,0.31816001980030789)
 (-0.86779115900474646,-0.45675666221315109)
 (-0.7798372810833204,0.067039389916378006)
 (-0.53613271400564511,0.35418914456314532)
 (0.99587333750007034,0.75817805852960196)
 (0.64653284624619456,0.34418597756216235)
 (1.6679897851138148,0.15339658208153439)
 (-1.1172640313643314,-0.36465798590916237)
 (0.56898345264639438,0.36504910138380031)
 (0.6002501216967826,-0.62135161097018821)
 (0.52572726190063057,-0.16888575462496222)
 (1.0236817231252802,0.36473598054457612)
 (-0.35973057411193499,-0.19398200261291965)
 (0.55666625218542831,0.4290341340391905)
 (0.67035982332057265,0.24330465511016738)
 (0.86335680523175495,0.14108191067235357)
 (-0.9052353000286204,-0.072003550261619018)
 (0.78423830172787645,-0.24106329080809236)
 (-1.2968382309247501,-0.2069857786251712)
 (-0.48746222994818339,-0.15713642379352213)
 (1.0537555952323174,-0.71199860976447793)
 (-1.2721250294612576,-0.60142525154410453)
 (0.95100158543374624,-0.071198766066034036)
 (0.72508668503246965,-0.18108169977837804)
 (-0.93181724981377656,-0.03700230525549604)
 (0.80365852064846233,-0.45346912602594003)
 (-0.43685976524324993,0.33091760352831717)
 (0.51010040902212284,0.5070801849005544)
 (1.4173834182632195,-0.012929634537008723)
 (1.5705293448257698,-0.35662721009924253)
 (-0.84994847410368934,-0.096541909620816893)
 (1.1004266168487327,-0.074949105055901868)
 (0.09167914682603473,-0.8625865700795442)
 (0.93196311634356777,0.1997047043937181)
 (-0.95205566615695592,0.061493205750760782)
 (-1.3212793575140713,0.18304324801495495)
 (-0.27345753059211975,0.23335117762137636)
 (-0.66720408021544186,-0.18917613781968695)
 (0.94928390287267139,-0.40982005253083936)
 (-1.2787555441977336,-0.032223582513401586)
 (0.7390042217503221,-0.056224577159234276)
 (0.93794419619869651,-0.2731924531620607)
 (0.81447308781505146,0.0042288777361386958)
 (0.85478120331895457,0.16673759618670467)
 (0.7231142380440061,0.13884691972245611)
 (-0.20480624978267448,-0.45621281855721363)
 (1.5653697496865431,-0.14305680962679176)
 (-1.1115703890269575,0.3589348039690296)
 (0.83332622863739692,-0.063525961876139431)
 (-1.2450817273242567,0.78077256170935194)
 (-0.83225767002984175,0.062882088917412648)
 (-0.92659481455438486,0.22623908379456792)
 (1.0721331251100257,0.013910682791009652)
 (-0.34266682719630892,0.34599010801513963)
 (0.85273356478760842,-0.0090048777373845871)
 (0.91337628629351075,0.35258758682028229)
 (1.2761180221651549,-0.010103803817090445)
 (0.47443178855728924,-0.67083171466052549)
 (0.50053018469941002,0.13458432082664765)
 (0.45001977854727621,0.57861615302477909)
 (1.1163474852380404,-0.094197547649547742)
 (0.035615191223569709,0.091350212215240867)
 (0.53750045357103127,0.53541016621789306)
 (-1.2704416269347458,0.20466466569620634)
 (-1.149028111766041,-0.30392041279385246)
 (1.1423085723101059,-0.019083863144897746)
 (0.40664939477062617,-0.35941719016093371)
 (-0.94403877133425573,-0.33542576846079558)
 (-1.0822438421479736,-0.22028654533785685)
 (-0.93906191618858459,-0.37977105515277609)
 (1.1488021667132382,0.23179399795505584)
 (0.86502094649582095,0.31274271767469697)
 (-0.84150121961861579,0.45320523743579616)
 (-0.5631249396548752,-0.13799873593578191)
 (0.35000707089823868,-0.23714864879746625)
 (-0.60963851567388083,0.25426484196386273)
 (-1.412395059828051,0.42126769278750703)
 (-0.83697032653206871,-0.42510820219731893)
 (0.73272297300319278,-0.7230420124843252)
 (0.99751585250756758,0.18467877354033199)
 (-0.53976598815866517,0.46558646727780201)
 (-0.73160423204218661,0.38982926223759545)
 (0.068986829656655702,-0.013275672132627134)
 (-0.81892349319237301,-0.24720249588721011)
 (1.1738754469599981,0.2770237673134287)
 (0.055353061796842074,0.6853321435277071)
 (-1.026414859924083,0.88713892332415079)
 (0.31157156819794818,0.0994807708241843)
 (0.32320665140909999,-0.19099937940828976)
 (-0.78863159716127473,0.54109147490323939)
 (-0.54609743076744344,-0.00060765383641374956)
 (-0.80785800764938009,-0.18282835324695193)
 (0.65045203355508641,-0.53834241792266901)
 (0.54596048185823609,-0.6802615926008182)
 (-0.69607989211621113,-0.18098726406060492)
 (-1.6897492583537441,-0.55713283295397131)
 (0.5508608476374407,0.11002975496095688)
