# Created by Octave 8.4.0, Thu Dec 11 09:47:20 2025 IST <gamana@Samsung>
# name: awgn20
# type: complex matrix
# rows: 2048
# columns: 1
 (-0.84532565495124423,0.011485381401836721)
 (-0.98446928484602192,-0.090948527019787812)
 (1.0888217250795786,0.022318987694941603)
 (-0.88343577354642322,0.00056495327999260211)
 (1.0530744465273145,0.098424434577727593)
 (0.89957382628172633,0.030748261110629883)
 (0.98858788839570078,-0.17703822630832064)
 (-0.98137258000380345,-0.019070955271396905)
 (-1.0476481083987326,0.08095876242239182)
 (1.1148210562032705,-0.10238731282742719)
 (0.90502276121116676,-0.013045449476083271)
 (0.94620365185673361,0.10375553634270825)
 (1.094122971682139,0.0066372796685862344)
 (1.0151935895559925,0.2104383422483406)
 (-1.0573013590243243,-0.045779642476982074)
 (1.1303258352491914,-0.024206169687275896)
 (-1.0414927330633106,0.022951584188795029)
 (-1.0590647529497099,-0.066013205814182463)
 (-1.0664849697913608,0.031933234722048141)
 (-0.96945587332771233,0.13467192429267927)
 (0.91750210163893153,0.052619700291207008)
 (1.0093068175557212,0.086711687313059768)
 (0.97673753234032257,0.12188060581047876)
 (-0.82188101992112417,0.016472628346110879)
 (-1.0040673064432102,0.0022760178751825718)
 (0.96655115019334226,0.10202436941991418)
 (-0.91528048305192933,-0.15168855577477475)
 (-1.1756880946719335,-0.14159981385890261)
 (-0.99944282649825289,-0.072114976844142628)
 (0.90418369477640403,-0.058307938601248922)
 (-1.0271359851831499,0.009005952891578935)
 (1.134056346147718,-0.022423616445736917)
 (-0.92249952939443014,-0.062840384937361188)
 (-0.9513756030536028,0.032232618232817131)
 (1.0033500448727282,0.060358740581334863)
 (1.1288328698202583,0.079397832216293568)
 (-0.92660895600172666,-0.024937194874548221)
 (-1.1035697045973656,0.067589799729832936)
 (0.97471454614518338,-0.011496504084662944)
 (1.0059410094140924,-0.10333083594238601)
 (1.053848604216437,-0.082397663629795212)
 (0.98012441535485428,0.022700162527757424)
 (1.0117730195781038,0.023489286696683181)
 (0.98204729275524938,0.049684479146880164)
 (-0.96713220240170195,-0.042596879008085189)
 (-1.0420983719597048,0.026720696613143052)
 (0.92934886311010256,0.021981251702602532)
 (0.88527452890370917,-0.08643725753202737)
 (0.99818531216839168,-0.10104788478719358)
 (-1.0583281000680971,-0.11579130294625058)
 (-1.0316572602811842,0.025950192096211695)
 (-1.0598019905432212,0.20035502609763786)
 (0.9911641800941059,-0.020500300328564154)
 (-0.99669933012956524,0.098006812163843438)
 (1.00267821000363,-0.054851153469631757)
 (-1.0635041435496304,-0.033693076894152255)
 (1.0395198425733967,-0.0089860231169460025)
 (-1.0678913885898627,0.15524310808701114)
 (-1.017745640171688,-0.026536070203456288)
 (-0.95618571727014212,-0.07778617947892133)
 (-1.0647644633571627,0.02572467795382026)
 (1.0067094531835377,0.023855018225316271)
 (-1.009322987507933,-0.044848630485724877)
 (-1.0324927914109765,-0.027732289995610299)
 (-1.0867690620782631,0.11382634769918663)
 (1.0909628210734161,-0.038205585398446977)
 (1.0024331547587719,0.11772210253375148)
 (-0.96338332954471606,0.082224371544963856)
 (1.0636441452930545,-0.1162036584221621)
 (-0.92948310446650184,-0.016826203532381692)
 (-1.0334024163251723,0.044626314916155159)
 (1.0865556081887702,-0.073953789481822269)
 (1.0277157456597359,0.070121568608956478)
 (1.0278775148737178,0.010979898485103114)
 (-0.9610027383276375,0.043141462959457921)
 (-0.92871439654621979,0.080232378159754397)
 (1.0142389189371674,0.17675888382258115)
 (-1.0335365563681955,0.0074272324229857399)
 (-0.82602617167669989,0.14445456353506861)
 (-1.0329397248401802,-0.00040186776936228393)
 (-0.9309276620285295,-0.031442804273384119)
 (-1.0180826336743336,-0.081130746569431811)
 (1.0837926266891422,-0.072623611172697763)
 (-0.94395775306236585,0.015470485100896287)
 (-0.93889115363910003,0.05702239072895824)
 (0.98223078931629781,-0.034457367201647153)
 (-0.95489513911440227,-0.034499064606203347)
 (1.0469341906834904,0.025881378926529437)
 (-1.0223013181920786,-0.027875829252611423)
 (1.002224477770842,0.068718878324724814)
 (1.0189853114362983,-0.10961326367499676)
 (1.0109762728711311,0.028576117532924262)
 (0.97531085596997991,-0.11503109677781992)
 (0.98661847495797261,0.017286313189464522)
 (0.99209369974730433,0.026930505349626984)
 (1.0156883694544101,0.069254796610760561)
 (0.99630816756132767,-0.032852366928803535)
 (1.0279247841614221,-0.15052037594374618)
 (-0.99739344541395414,0.014436939383023348)
 (0.88686343007496471,-0.024532605414204968)
 (-1.0718798135228926,-0.04015384419879954)
 (1.0052432058314322,0.080045737138534301)
 (0.92308630650890255,0.057041352397560953)
 (-1.0869554883619894,-0.083542280481529535)
 (0.9866293549790659,-0.11879019475538739)
 (0.98512258798692365,-0.025647738137528988)
 (0.9357078972229641,-0.14777941102265954)
 (-1.1639538108331706,0.06749018361149188)
 (0.98567564262740714,0.042727941352716327)
 (-0.917351034698629,-0.030495520380446096)
 (1.1320633600070464,-0.043513899961326707)
 (1.063960980314385,-0.076656397410867258)
 (1.0560011021194018,0.018669593252594655)
 (0.98533142846613542,0.10151914631967862)
 (0.92511497139137111,-0.089469745116683014)
 (1.0565205916784792,-0.014387750938192879)
 (0.88708118392345314,0.060726315298792057)
 (0.92230153353443134,-0.096020951724517398)
 (-0.86430005899438433,-0.16975795079451422)
 (-0.90048625516963765,0.067516144523974739)
 (-1.0661840286042867,-0.023422737109925471)
 (0.88606432358144671,0.12609989381411929)
 (-0.9678565508272402,-0.1269784404912942)
 (-1.1196530796765596,-0.025337610584625799)
 (-0.92101575459962071,-0.050976842281094559)
 (1.0019674432902874,-0.14898349877171047)
 (-0.99524182243618309,-0.028787128204020469)
 (-0.83982880719431785,-0.086268114376016114)
 (-1.0011320891630728,-0.031569043770132511)
 (0.90471688168265474,0.018357751403096822)
 (1.0724250640605093,0.011089700579035675)
 (0.96670681293292449,0.032512749929950964)
 (1.031096210353694,-0.034087282343027762)
 (-1.0809199849812934,0.034232107265881384)
 (1.0543656070462917,0.017658668813007893)
 (-1.0085540641285664,0.18548049814460121)
 (-0.87439484610878215,-0.017794097835697641)
 (-0.99451085429860031,0.18635591209032143)
 (1.0898536180911842,0.093923833060055209)
 (-1.0006266722354198,-0.06447156000455577)
 (1.0878088763185234,0.093077112035642048)
 (-0.96082853475706886,0.0208426129534269)
 (-0.94881955605704638,0.017224307389867414)
 (-1.0544560844901611,0.14798443634328548)
 (-1.0724514475263884,0.062910307581207747)
 (1.1300036410078977,0.052010837537111491)
 (1.0505061473286941,0.098067876729136749)
 (0.92860973643593203,-0.10093138059571992)
 (-1.0071494303181805,0.0019612546686381327)
 (-1.1319392797238277,-0.020011024585077149)
 (-0.90515343672471871,-0.044010239423801605)
 (-1.0068556147938519,-0.016999593285133313)
 (-0.97719429150477077,0.054392262146147334)
 (1.1048434744214091,0.016562438664036516)
 (1.0192865246303247,0.012008582026931093)
 (-1.1446709519917277,0.12679174437654189)
 (-1.0258230609818768,-0.035720415942061538)
 (-0.97505576552401696,0.15162955542214299)
 (-1.1139928596640181,0.058483483937120155)
 (1.0511237489662903,0.013349118497440322)
 (0.84168082786480936,0.025262904166165136)
 (-1.0771255075404811,0.028255100795566174)
 (1.1040428011985433,-0.020780466320313433)
 (1.0227800220025147,0.062575997237711609)
 (0.97834472590196508,-0.075218923780505612)
 (-1.0536277084703147,0.08549834276166221)
 (-0.96417030891058642,-0.061471088260684953)
 (-1.0763226641256096,-0.0085836848347607408)
 (1.0310004478597763,0.013026630548845168)
 (-1.059766357799935,0.11896693388596712)
 (-1.0456317675220232,0.049741997131847557)
 (0.86198371505608573,-0.0066478558577305535)
 (1.0339882323126299,0.035002960854865962)
 (1.0233132486975174,0.14424962322246671)
 (-1.0412785616186522,0.012376615556830122)
 (0.97054147984024519,0.061457637798825529)
 (0.9388116246943895,-0.028005831415036327)
 (-0.99253879714598126,-0.080644694687188517)
