# Created by Octave 8.4.0, Thu Dec 11 09:47:20 2025 IST <gamana@Samsung>
# name: rayl
# type: complex matrix
# rows: 2048
# columns: 1
 (1.3190491881469562,0.60406106742704446)
 (0.71422759011587877,-0.31896222765113369)
 (1.4249130924189113,0.51160698644827396)
 (1.6045422136276402,-0.07183008812483288)
 (-0.74492010913389861,0.37595894382231554)
 (-0.32729157716437374,-0.41043495205716646)
 (-1.0000135841046556,-0.32216797017600046)
 (0.55071651472709515,-0.91106955117919208)
 (-0.15139870986715986,1.3693120553566061)
 (-0.74569496582576045,0.72590707576424096)
 (-0.32362352454690912,0.94933672025988136)
 (1.0596106186400363,-0.41353810547761094)
 (-0.96149575707356527,-1.0571273901604186)
 (0.13534965496482879,1.0681956660801695)
 (-0.2787387740389119,0.87428537011421192)
 (0.019575293862310023,-0.4848011182285753)
 (0.043686963630738665,0.016339639145331732)
 (-0.12924152570740846,-0.73194794883644376)
 (-0.39319729556780852,-0.0788682137589026)
 (-0.14012929682579489,0.11481379450447439)
 (0.27011605177310777,1.0483675612448728)
 (0.31600406907837186,0.55530905145306009)
 (0.2117863335190408,0.021859364293252914)
 (0.7363865389934996,0.017960880022049156)
 (-0.097053817767784795,0.30993468669797292)
 (0.96053771357243878,0.49381892292642704)
 (0.25494840073998526,-0.61070730609283219)
 (-0.59749202889431485,-0.092801757557797293)
 (1.4909849167691476,0.70606105782680151)
 (0.8305134877092456,-1.20325530741181)
 (0.077121417846039958,-0.87363699808266293)
 (0.34894226172573228,0.38972989773918637)
 (-1.189175188759227,0.80033278229082794)
 (-1.3726654484677479,0.20037884288289476)
 (-0.27114502120247408,0.55229660314146389)
 (-0.37972956995609813,0.36910726487731949)
 (-0.55496089609756483,-0.17491765140202606)
 (0.87207023528595451,0.27478160714977601)
 (-0.57336008502393665,-0.62818198022438865)
 (1.4353772785151067,1.0983554399911983)
 (-0.20321829118496434,-1.3375752392549694)
 (-0.20791703222743113,-0.52654664534816775)
 (0.21566018869419315,-1.1675139553946972)
 (-0.029934880465901002,0.19250539964180138)
 (0.62941420636315126,-0.0640525624093536)
 (-0.82774885910914286,-0.85775337559269893)
 (0.53806407942762369,0.4631258072842297)
 (-0.27201991810728671,0.2709001450641188)
 (-0.19370818013550126,-0.39288256785143383)
 (-1.4406173546455103,0.57363499351143121)
 (0.23833761052670013,0.3947885580897596)
 (0.15261662993697794,0.9086321187786931)
 (0.062753003170102128,-0.074726873674138702)
 (-0.68871507738475035,-0.50816616153148109)
 (0.78319210031240549,0.40816897119441808)
 (1.3961463468475479,-0.26787253085741486)
 (-0.37836319472455937,-1.4004423155331056)
 (0.38738007214239495,-1.132230071969236)
 (0.97646524971711768,-0.35351163539420699)
 (2.4576563871990262,0.56892460393449351)
 (-0.20894470615404329,-0.65133149825800474)
 (1.0038352470073302,0.43379182915132519)
 (-1.1150272538496808,-1.7705427410776087)
 (-0.3184863045150913,-0.15489383196606829)
 (0.014034098297338062,-1.7722536410190244)
 (-0.33361738706749722,-0.73064838728738324)
 (-0.088649661350705233,-0.23381528712233687)
 (0.019833603682857835,0.42788901749855807)
 (0.2521904501808232,-0.7865722495877483)
 (-1.2537649114483969,-0.53167186431200908)
 (-0.5342849601455929,-1.1601829446062879)
 (-1.0870290158013596,-0.35896950977143549)
 (1.3940620681753817,-1.0232194589794728)
 (0.22569170861648044,-1.4061712996099112)
 (-0.28844772629065646,-0.53602600389175925)
 (0.57517563324482945,-1.009431024102496)
 (-0.71278071112071351,-1.3329859707771126)
 (-0.58854772849403658,-0.26271913240258604)
 (-1.0687021253530422,0.58040393421672332)
 (-0.14565470657555465,-1.4090459386248637)
 (0.36886598850154922,0.28729307270720322)
 (-0.14509269435932459,-0.88623013414057428)
 (0.94755674310234361,-0.89367206038456493)
 (-0.2191809393362168,-1.2479447579436977)
 (1.0883187133332728,-0.2892192749100298)
 (-0.022489525718243707,1.7038764528106076)
 (-0.10070954244110612,-0.55646112178240981)
 (-0.40816824670115742,-0.73755291898538877)
 (-0.22920741490437663,-1.0120027655742798)
 (0.22365951970681933,-0.099286835944693702)
 (-0.67563590422929554,-0.15248111539517237)
 (0.66704921162639852,-1.015372497787969)
 (0.10994581721682417,-1.1678956498332902)
 (0.53647600349840263,1.1346245353577447)
 (-0.77887836954275624,-0.8969863593493278)
 (-0.88803831620825802,-0.25275935601819943)
 (-0.040354965297279659,1.0010057356679938)
 (-0.45988625655151133,1.6130057445989698)
 (-0.36779007554873178,-0.17023258481982492)
 (-0.54610194174578441,0.67984422524176014)
 (-0.21752705169600403,1.7748546586804343)
 (-0.025185554449412999,1.1063500033647278)
 (-1.3104189067255516,0.19536314958883502)
 (0.40339988186319037,-0.58143381931380056)
 (0.040064866578294563,-1.4041539304727388)
 (-0.12566568084600616,0.51775589698903468)
 (0.76375536406183764,-0.30348345042507052)
 (-0.81993723961277343,-0.98896741205942951)
 (0.50215223494759931,1.3652266334178942)
 (0.25846748850853346,-0.69170519092015748)
 (-0.20182543895906513,0.34932115200237235)
 (0.56108235565137832,-0.84985473095198105)
 (-0.77107023913120187,1.15705391280101)
 (0.43346406117756769,0.63240213419776603)
 (0.0025190468666326095,0.25612810037292827)
 (-0.51736393120762447,-0.11336444964254552)
 (0.67538180444522633,-0.21891325839903317)
 (-0.13256509874974165,-0.13812417404568228)
 (0.43435565642119167,0.21941305445340545)
 (0.24531169300371347,-0.23223329854097988)
 (-0.54538044719777168,-0.12469539540415325)
 (1.140087385058667,0.3298014331916384)
 (0.65452350618534949,0.0036889772218808492)
 (-0.97594729083966714,-0.025872103483382147)
 (-0.28063877376936114,0.22964298461386537)
 (0.38052073846930612,0.52853770451533733)
 (-1.6611223250013893,-1.047866648839523)
 (0.49227283333544042,0.83644557176635881)
 (0.39111773267132793,0.72958119855648518)
 (1.2322673311559187,-0.14647149140595767)
 (0.33875967140076785,0.35086933897850209)
 (-0.68070862806038346,0.27182884099993221)
 (0.29719106630233882,0.092185130186064154)
 (-0.22192479029151971,0.68187469584815097)
 (-0.27597904437484988,0.21800884043976357)
 (-0.31160665903679102,-0.73050931971497901)
 (-0.40982536815166609,0.59201925696253721)
 (0.052528720574357451,0.270306508758835)
 (0.63133161201410826,0.67874233430073161)
 (-1.0741853184794354,0.15125922864913977)
 (-0.60018290015409637,0.018759375236978165)
 (-0.12468172656411187,0.61276418038064817)
 (1.194423629703089,0.43362817548539684)
 (0.24255454481034719,-0.73331757000740794)
 (0.11391622737126764,-0.85100104788201714)
 (1.1803979649245262,0.12268453918848321)
 (0.4205475203381146,-1.7855820208852184)
 (0.79464903551434007,0.42027041854479386)
 (-0.77225618105232141,0.17431222743013)
 (0.010392684615132628,0.23237532585355214)
 (-0.83708528495115919,-0.33647905233626096)
 (-0.28304201139383173,0.1655389978899251)
 (-0.74280700921795129,-0.40527089447391157)
 (-0.15486904982762273,-1.3489083634708086)
 (-0.71687153119737346,-0.11911748211632413)
 (0.68912967975856954,-0.040205118121728403)
 (-0.15923210404134486,-0.11305148860752193)
 (0.28917876668500592,-0.60043370734739709)
 (0.053940586635550798,-0.57747011181824492)
 (-1.0931883435975556,0.11364853130551371)
 (-0.38338404229831685,-0.18883858485819296)
 (-0.431715415706521,0.13541661713631842)
 (0.58520377905589505,-0.50952141223114822)
 (0.021534621498796643,-0.63801868721256183)
 (0.26653250012171276,0.0077540307066281929)
 (-0.29855622120428882,-0.18856687751638168)
 (-0.2451734391237354,-0.86852306976205718)
 (-0.38723114104948642,0.41073126862071557)
 (0.29725000110530864,-0.36225956908225854)
 (-0.21512813931935662,0.87956392803945105)
 (0.16617552923175211,0.58565084208178886)
 (-0.70290644717786599,-0.67722203459100594)
 (0.78990300985558892,-0.41471703817385852)
 (-0.4707710418480518,-0.41478101098050724)
 (-0.44839280918323748,0.21630903367328663)
 (0.3628442724307247,-0.28970577807344688)
 (-0.094666283471927765,0.034096186226816982)
 (0.21540978822356779,1.205800264773528)
 (0.58839154190744403,-1.1741422981753999)
 (-0.80361069386601502,0.79860943315115451)
