# Created by Octave 8.4.0, Thu Dec 11 09:47:21 2025 IST <gamana@Samsung>
# name: awgn20
# type: complex matrix
# rows: 2048
# columns: 1
 (0.91288518019216625,0.019915931316232649)
 (-0.96049418347985349,-0.070111199048309647)
 (1.0781664503247321,-0.026565114620868982)
 (-1.0812320709099397,0.12363028429612073)
 (-1.030129611073386,0.10141474572775387)
 (-0.88866060064221541,0.049157088297957549)
 (-1.0177477827193742,-0.11425072378630304)
 (-1.0137507579348477,0.152041578938413)
 (1.0939836102063027,0.14818772232386521)
 (0.95458206082911079,-0.077735217712728705)
 (-0.97650434374512751,-0.01807210308002619)
 (-0.9423735047015005,-0.072671964065638417)
 (-1.0458787135776222,0.011622381588649637)
 (-0.92951130459138054,0.044223733378008334)
 (1.0575512047398201,-0.10297094532675782)
 (1.0439367144913616,0.026734498389596531)
 (-1.1017577103161702,0.1129914421409934)
 (-0.97935435559114858,0.0084279370774784906)
 (-0.88326227507556065,-0.0046243174029184193)
 (0.86061350102456791,-0.030237255009196769)
 (0.88989281302306067,-0.044946014842971616)
 (-0.97364597131722708,0.096413835675132648)
 (-1.0736853252629754,-0.0032686802838895845)
 (1.1048158296033399,-0.046940782634336098)
 (0.99794668144583365,-0.10741638145893162)
 (-0.95050015674330046,-0.050294253493330769)
 (-1.121692031956528,-0.019921206575432625)
 (-1.1096782706417982,-0.0093506968137030064)
 (1.1089405482804984,-0.021436825868415683)
 (1.0235473571836766,0.01302199077737176)
 (-0.97244035871689216,0.03188877338968573)
 (-0.90733651549895078,0.034156555756298793)
 (-1.0200026438034209,0.097269029683926422)
 (-1.0689065524535737,-0.092528748445070808)
 (0.85531396833131401,-0.095180673554083162)
 (0.91825238225346029,0.062060675684186821)
 (0.98354599329765802,-0.043142898217224841)
 (-0.92623419067729917,0.04968575989943802)
 (-0.97152167309392934,-0.093885819464557874)
 (-0.97895893950234192,0.052585213559728852)
 (1.0943413065657563,0.029882634359570993)
 (-1.090521246734812,-0.036402918129890265)
 (-1.0450771183377494,0.010014905659072173)
 (1.003415349881279,-0.015718457410147935)
 (-0.9673250533678317,-0.082120455379306845)
 (-1.1173077284156918,0.0078063859860664541)
 (0.95088568682544472,-0.020493142030537845)
 (1.1062377029049193,-0.070209994074902859)
 (-0.99160151035628741,0.052426358263743748)
 (1.1128985147080814,-0.11066281404226215)
 (-1.0263191733674411,0.019831897297857216)
 (1.1426662184107046,-0.033492207540919763)
 (-0.8809931727710909,0.076005131850775731)
 (1.0495037468298065,0.096403755164913812)
 (0.9374239387443688,-0.020490705296780223)
 (-0.90901455102241979,0.021973896071070823)
 (1.0088128765762336,0.10067317954765756)
 (1.0124287944675423,0.076795916438064174)
 (-0.90698548819779878,-0.036966701784743088)
 (-1.0022981163935127,0.094795476447112198)
 (0.97566210152060751,0.065460755888326269)
 (0.93297860285243628,-0.077356557533936901)
 (-1.1126173988262273,0.04562648487148048)
 (-1.1204942694379705,-0.049885798369299773)
 (-1.0086403253347618,-0.01360389232684674)
 (-0.95158103857091236,-0.056919870789409167)
 (-1.0337239334836876,0.11816716617785675)
 (-1.0479626655213001,-0.080570223210680844)
 (-1.0492826320973421,-0.0057630045229417337)
 (-1.0194092533611057,-0.054269268526665186)
 (1.0318203194083986,0.051480127042237617)
 (-0.91023511836729576,0.077711943194164051)
 (1.073343964226688,-0.026896815501525857)
 (-1.0178252420685452,-0.021953068015723321)
 (1.0426502534190831,-0.028731150188004678)
 (1.0521086043288244,0.076720495425153787)
 (-1.0555186788781634,0.1018653868165465)
 (-0.97897959044791172,-0.20506592199852941)
 (-1.1186382155934185,0.055257830170592985)
 (0.9828855922917078,0.069465891393797663)
 (-0.98738123001801503,0.064070762533015427)
 (0.97912572720320501,-0.013853322360709984)
 (-0.97428354221792512,-0.051122456572420275)
 (-0.93264721494692771,-0.050012084844307372)
 (-0.88806976545206362,-0.080527446455337062)
 (0.95206692211542721,-0.03668641922521472)
 (-0.96829093852679138,0.067779837645322999)
 (-1.0537436579099912,0.0016073637190542991)
 (-0.99685530928617472,-0.087535756409253318)
 (-1.1072142945338341,-0.066596254024448229)
 (-1.0194315220595933,0.091067992555095525)
 (-1.0721285636317053,-0.059947139478925993)
 (1.0771180785280059,-0.0080497906397691919)
 (-0.99430992011500363,0.077600193139184995)
 (-0.9809825752357354,-0.033651302721166565)
 (0.97636293843281619,0.047094551694454478)
 (0.8477718833006086,-0.089930588071952144)
 (-0.99878794234500479,-0.03560362527360128)
 (1.0613295728474386,-0.087175807830632279)
 (0.94430894140669319,-0.029845963069589504)
 (0.90152513523454503,0.10050756379143687)
 (1.0398528901787725,-0.1417611642699666)
 (-1.0409472699258355,0.027256680576125226)
 (1.1375629326103247,0.033421622344680386)
 (-1.0021706994344781,0.072179168209698469)
 (-1.2411276469187724,-0.12612878874821717)
 (-0.91959884466515152,-0.11037842253038649)
 (-0.89755097001139506,-0.036789121500946584)
 (1.0189720131789226,0.11141264332952019)
 (-1.0444269956016388,-0.0033799701469517129)
 (0.98699479855824901,-0.079110432390622487)
 (1.0703264245175443,-0.045002228261509764)
 (0.98076337740555419,0.052367470663764432)
 (0.9422625012083039,-0.035871998231373006)
 (-1.019812322377025,-0.078034895802093426)
 (-1.0721626756748592,-0.0034633381724228289)
 (-1.0951360991387804,0.039617417602970675)
 (1.0366295183482768,0.038607692994835165)
 (1.1845930096893118,0.072688152772374712)
 (1.0344457042257293,-0.046548164949645358)
 (1.0173434278307363,-0.031153019498845969)
 (0.98713220384170486,0.030343159990723408)
 (1.095300040621467,0.15375766383596431)
 (-0.97129175664914269,-0.052653469828343451)
 (0.85955453289551043,-0.17531699409536661)
 (0.98892947176341239,0.039206577982022144)
 (0.98725102113376972,0.012272107753653212)
 (1.11805738620537,0.051883428560283419)
 (-0.9663276664991941,0.027557383870445012)
 (-1.0311298015189292,-0.0011460864103556988)
 (-1.0441853493399325,0.02313669948393051)
 (1.0392991761676234,-0.077017094470195446)
 (0.94058635156452186,0.16565765032735652)
 (-1.0268419463129388,0.073668964912499205)
 (0.97433971423807875,-0.022067836077424879)
 (-1.0133414869489827,-0.074090683038002619)
 (-0.92412812278242595,-0.054944538347086617)
 (0.93541038715059277,0.077084712181440404)
 (-0.89733895294130517,0.028808954873199358)
 (-1.0427207046237943,-0.018174582954776263)
 (-1.0923955014134266,0.031363406022680861)
 (1.0304181507418479,0.056626283282185767)
 (-1.0653223217386296,-0.072925638016789335)
 (-0.85436452355509784,0.096990918992185371)
 (0.98654989893866596,-0.062339269677811754)
 (-1.1884025179407625,0.12029986608280625)
 (-1.0382691662150074,-0.12656273030332049)
 (0.99686364113226711,0.043233194253562354)
 (-1.0471519574636734,0.085547905039321581)
 (1.0322031185835603,0.012022625273743766)
 (0.94424743273151091,-0.081767758664371817)
 (-1.0589455079534711,-0.059062508346339873)
 (1.0886475155138318,0.1770179671937169)
 (-1.0084355773415088,-0.078222181513186592)
 (1.0218332088162381,-0.0063797587912949663)
 (-0.94693533737977786,-0.0031580636602376098)
 (1.0215307731437364,0.0098620377981810843)
 (1.0659639927942057,0.069015169551220487)
 (0.9576283020852967,0.044626962133926619)
 (-0.88548576893578324,0.051649635825600074)
 (-1.0884234419488406,0.095959591297816088)
 (1.06596070666174,0.042476881886107848)
 (1.0817855910739491,0.10020349599246342)
 (-0.89878432112464879,0.099624993875654072)
 (-0.9653860809762832,0.048964430257548736)
 (1.0038569125096086,-0.048365112777705721)
 (-1.1623939993086738,0.018460461240581739)
 (0.92955435252753293,-0.017458279882711879)
 (-0.99847235969066883,-0.08402294964811885)
 (0.87505671542521068,-0.018382295723303486)
 (-0.91884991775212366,-0.027271540684056312)
 (0.94358338938757513,-0.075501461849317497)
 (0.89043822192635713,0.044492841146166973)
 (1.0415246213787808,0.030010488961016907)
 (-0.8721338632776503,-0.077401738864921688)
 (-1.1171540867111793,0.041614745044152635)
 (-0.97119850440160271,-0.012519847166826298)
