# Created by Octave 8.4.0, Thu Dec 11 09:47:20 2025 IST <gamana@Samsung>
# name: awgn20
# type: complex matrix
# rows: 2048
# columns: 1
 (0.92833970443808378,0.14688734771686168)
 (-1.0150966598726983,0.10365410591547618)
 (-0.97411420472739874,0.06808285258117501)
 (1.0088210180853572,-0.0059803067769264584)
 (-1.0364320810251837,0.0051066520516918198)
 (0.96774982533194842,0.027054636695648566)
 (1.0800551539710952,0.048190795023860714)
 (1.0002410867932638,-0.022738066013016225)
 (-1.0368077636974733,-0.045806519247278681)
 (0.87266736937510458,0.01585952973191752)
 (1.0680374947341549,0.067933853803252855)
 (-0.97618698286565841,-0.065488262499097061)
 (1.0320944881375751,-0.067400189873702762)
 (1.0509330045483307,-0.037240088418879491)
 (1.0508178978670233,-0.0019150880280654197)
 (0.89296283404100152,-0.047600786791630378)
 (-1.0316428375794895,-0.030321936078139617)
 (1.1734003573041429,-0.053103692530276081)
 (1.049288797856702,-0.078365236171450678)
 (0.96676862360065907,0.083072410347100611)
 (0.97339642721923669,-0.015067210720207223)
 (-1.0587539291842942,-0.061500114490761586)
 (-1.1236667620751404,-0.042648111885304985)
 (0.95964971505172947,-0.050262273903373247)
 (1.0027449367775725,0.08119300188817119)
 (-0.86406874563305303,-0.043796605912775829)
 (-1.0251817634785405,0.040998448168363205)
 (1.0368187383956506,-0.036119522270203271)
 (0.97665549131640672,-0.053066532920749948)
 (-1.0030060037378499,-0.039684185540920174)
 (1.0490719425396,0.040038847075080194)
 (-1.0283724697107424,0.031427686913803231)
 (-0.97958075454967009,0.069582165283775629)
 (-1.0823875811275769,-0.10582910811837001)
 (1.0517678652345248,0.012928056075688114)
 (1.0242476542281187,-0.087633054734673199)
 (-0.86229193328249476,-0.028687020286569567)
 (-1.0557350856783971,-0.061917593476645209)
 (-1.0474151548317092,-0.036032751410748645)
 (1.0010752699277825,-0.016524980287971579)
 (0.86548977792305326,-0.091133507879785039)
 (0.85908725921715168,0.020247112381255747)
 (1.0074881257739077,-0.038954263703426056)
 (-0.94005689684845761,0.0087366539750686045)
 (0.89701869544792701,-0.054606678399183921)
 (-0.99575431803007974,0.00046427436468877428)
 (-0.85884294103219017,0.10482657701648002)
 (0.9958653445875556,-0.028794865334478371)
 (1.0713936350111124,0.061963592199829103)
 (-0.95329619012157074,-0.073554520893773942)
 (-1.0220470366561907,0.0080264137024774022)
 (1.128644101587597,0.041816213354656469)
 (-1.0006854730785713,-0.060260354514879461)
 (-0.99599160460532854,-0.14574013822527407)
 (-1.0010560227451606,-0.013894053674107735)
 (-1.0171494949980135,-0.23099386036554206)
 (-0.99485829920749846,0.1408752223276763)
 (1.0067526764319403,-0.042418803876519473)
 (0.97252913388002293,-0.058405054464007171)
 (-1.036790278858581,0.049416683717448028)
 (-1.0795570305886446,0.00092668072781227197)
 (-1.0080717685575455,0.023904818730147631)
 (0.88673962772941262,-0.11447640078758006)
 (0.91687995452534254,-0.0020615655672546426)
 (-0.93635885243767514,-0.05215095407615792)
 (0.96096910767183841,0.095568621687254995)
 (1.098167686281609,-0.0020226821995691178)
 (1.0056494399231684,-0.062986819772937117)
 (-1.058104626267528,-0.0428173442213063)
 (-0.94647185142340706,0.049939245094821248)
 (1.0719106572417043,-0.0048286410288365337)
 (0.96070871444807682,0.044775290229245472)
 (0.96656534731532651,0.066967390309976602)
 (1.0246188550048081,-0.058581288941105175)
 (1.0530983008504329,-0.071939915397834495)
 (-1.0269512354031143,-0.0110526787760796)
 (1.0629394684328712,-0.089041447622186937)
 (0.93056411819406393,-0.084849200774901504)
 (1.0125300068335459,0.11607844416699967)
 (-0.83461246665267042,0.024632237411542347)
 (1.0099445217237031,0.083117686698985505)
 (1.0863591423293948,0.013227357564695293)
 (-1.0774678141014009,-0.085721485118437343)
 (0.84931377508598138,-0.035805138607138486)
 (-1.0017982703157275,0.10153564995430707)
 (0.96843789820901172,-0.034544370368771164)
 (-1.0546378481435668,0.038932109461830004)
 (-0.86052319740437677,-0.011403082673990697)
 (-0.99618543536153492,0.026783376996752047)
 (1.0611005015001833,-0.11235209594175409)
 (1.0312938157848579,-0.074293887888504537)
 (1.036595222891789,-0.082140339703888135)
 (1.0486780695634113,-0.028018530089304095)
 (1.0729088367078574,-0.035743565853462916)
 (1.0182956130270455,-0.065154382575798878)
 (0.90320250338148755,0.006224930490570409)
 (1.0343115669362084,0.044290499674815249)
 (1.0619274402710075,0.084121229755840646)
 (1.0630785102311977,0.0066238058710856584)
 (0.96703919070922328,0.0051569355593472444)
 (1.1834761257495596,0.062500878790107364)
 (-0.98995583356067618,-0.063929198785180233)
 (1.011525789547284,0.014496635119079568)
 (-1.0307390183700063,-0.0052075986266231422)
 (1.0095804363084531,0.052212641222461637)
 (0.96684355657043497,-0.12505729292330259)
 (1.0277005454856605,-0.16771663511689808)
 (0.92980354841072199,-0.0076607611335252389)
 (-0.96601649525010336,0.12673614355430923)
 (-1.0387273757725415,-0.027530427050458956)
 (-1.0196267832103789,-0.17901602971279085)
 (1.0841945997069207,-0.11940891781423663)
 (-1.1167042816077732,-0.0069495532647328084)
 (-0.89226910314105423,0.028741818202336372)
 (-1.1153833506561712,-0.074272771301043886)
 (-1.0104950139571187,-0.022268031566856774)
 (-0.99402642518643836,0.055435266502501336)
 (1.07264284008874,-0.13002027742747987)
 (0.99860093636925262,-0.047625876883586216)
 (-0.94651555665574971,-0.031698341136984158)
 (0.95355132849141344,-0.084956029676730438)
 (1.0882661233821243,-0.026832811660583059)
 (1.0331071679227966,-0.018222050750622647)
 (1.0729572698688352,-0.0038652738764568214)
 (1.0310554711910893,-0.029714641085970096)
 (1.0155384181330613,-0.10155269527990357)
 (-0.9381192030088763,0.048914304871324248)
 (0.95148725559618719,-0.07766411033182663)
 (-1.1198964004967695,0.022226494115807804)
 (-0.92268080680720888,-0.0048826181526401852)
 (-0.99808477590177458,-0.11527920968700248)
 (0.98813859015691241,0.18888974036703121)
 (-0.999166825990077,0.15167774749819163)
 (-1.1151413127107421,0.032507310772334055)
 (-0.91766262191323,-0.10301976665317213)
 (1.0307263887915719,-0.054319299740923636)
 (-0.97625543154412653,0.024513716688140025)
 (-1.0682315375253053,0.074164647728572258)
 (-1.0871674692061595,0.10695513218074848)
 (0.99125477815812846,-0.026241386233902132)
 (-1.0546809284549323,-0.0071643918602563167)
 (1.0368935200039,0.034968281765665722)
 (1.0461044491652614,-0.0317746222961654)
 (-1.0014779072760438,-0.031314661633351608)
 (-0.91597140686069511,0.069934297611675703)
 (-1.0086923362385827,0.014324173085640185)
 (0.87925063420354188,-0.11789568324334299)
 (-1.0204310235765919,-0.029430273288837874)
 (-0.93318181888413754,-0.097259919236459422)
 (1.0412777172291849,0.031331637991287638)
 (-0.96541304217568946,0.029605568665075979)
 (-1.0817699664996365,-0.056419185169958419)
 (-0.91820271396918285,0.040968533215919437)
 (-0.9468694362212885,-0.019008603307346141)
 (-0.96601341556226228,0.12312868260391965)
 (-0.92294360112835283,0.13402995281838917)
 (1.0242582235067013,-0.037963893285956084)
 (-0.89675320826863636,0.061865818175696176)
 (1.0608425691025412,-0.048404056951525443)
 (-1.0871189998305526,-0.058853936897607421)
 (-1.0069743505377025,-0.083854709086500279)
 (-0.90444015627565588,0.15674411189101381)
 (0.97434947069742917,0.026658115734327976)
 (-0.99746926767411215,-0.14641682175484752)
 (1.0123354342587412,-0.022263782454595819)
 (0.97980450907869254,-0.021540012957378642)
 (-0.95564554105876354,0.18319632465765673)
 (1.0475431168193643,-0.067036449270841389)
 (-0.96005273892798493,0.09319139369278151)
 (1.0447669348154289,0.017101491005996065)
 (1.0500584663366619,0.017871298203438631)
 (0.90992265920491044,-0.058982096470870438)
 (1.0143424636030027,0.12621023690876867)
 (-1.0325333667106682,-0.082653867666574399)
 (1.136085840298537,0.0537213716539841)
 (-0.88060408547573243,0.010802033544992555)
 (-1.0094495464130433,0.048458013440160992)
