# Created by Octave 8.4.0, Thu Dec 11 09:47:20 2025 IST <gamana@Samsung>
# name: awgn20
# type: complex matrix
# rows: 2048
# columns: 1
 (-0.9406415550093139,0.092125346208157835)
 (-1.0001824025405626,-0.031635581074444315)
 (-1.107028175883914,-0.10492040795866482)
 (-0.93961340913566138,-0.01510859023860452)
 (-1.0503071838621969,0.0459300197190382)
 (0.94226201577296709,0.083340428627426841)
 (0.91490135558914942,-0.12079545752669577)
 (-1.019727538169374,0.07821422257654323)
 (1.0116896787602139,-0.020913117395224133)
 (0.93959095609969989,-0.017200016661520223)
 (0.92687927470321929,0.11569357931532354)
 (0.91799382759494375,-0.03429666156862967)
 (0.9280414227095406,-0.0022423283284641756)
 (-0.94511746346373071,-0.0085091841088787822)
 (-1.0480272400060646,-0.028449024075456658)
 (1.0202322876021501,0.042384432412794097)
 (0.92770514652607239,0.0092968086835020902)
 (1.0517721159015465,0.069554981103162092)
 (-0.97450120612883595,-0.088863157201433118)
 (1.0095001341688177,0.051248297427182135)
 (-0.96057392339913628,0.0014119774971121392)
 (1.0266422565937305,0.018589873529708565)
 (-1.0685305708040609,-0.084888349816452366)
 (1.0272322605805229,-0.027729176210157649)
 (1.0562742195561421,0.021772862977763111)
 (-0.99816603815737093,0.053459159562646144)
 (0.96817462870378712,0.019163132782045296)
 (1.0442076837437635,0.034080404876783384)
 (0.95361052735200136,-0.028068779813573131)
 (0.97291545874202201,-0.083635914434523215)
 (1.070853607111746,0.015070930706944784)
 (0.95673180896955334,-0.055907459590823876)
 (-0.83921692171633089,0.094951790004594416)
 (0.98889313986502014,-0.039131011277922366)
 (-1.0061515588775443,-0.031355880714785268)
 (0.88644701776415613,-0.042300088515805162)
 (-1.045946921694205,0.087819744849766998)
 (0.97823028952895208,0.041831362769194712)
 (1.0005166319677248,0.14350498897364281)
 (-1.0141486477103407,0.044405378518407493)
 (1.038513216605909,0.10784261764083709)
 (1.1689644178696643,-0.085095861205921608)
 (-1.0763883742268021,-0.01359067317986375)
 (0.98098776049503889,-0.059460617241866798)
 (1.0658886053171446,-0.10692213092009764)
 (0.89560454724603522,0.1421237796619427)
 (0.99372216869774155,-0.01459843609318095)
 (0.83662376587171361,-0.0034055820061703055)
 (1.145778940661013,0.055165469536309658)
 (0.99440644774185871,0.1235614391192425)
 (0.98812869619701027,0.023529903145667722)
 (0.90808834357111512,-0.031162127865814016)
 (-0.9421439001542018,-0.017575529534553016)
 (-0.90673558912176055,-0.1086607083864944)
 (-1.0060724513457406,-0.04868892007406822)
 (-1.0198580256776948,0.045664048374173677)
 (-0.97942455844208187,0.054820963792311585)
 (-1.0825444126715715,-0.054590775965143459)
 (0.92995116751811813,0.013532515727502593)
 (0.96880190258858689,0.062623861747591339)
 (-1.0026910260677238,0.037665938606604686)
 (0.9944897596350919,0.033327009338336717)
 (-0.93712753691038131,0.044999469601153169)
 (1.0586819940190737,-0.057149251396146274)
 (-0.91699195308146608,-0.016613025907873842)
 (1.0638404024357662,-0.0045616246969968355)
 (-0.98291677673319566,0.054485092727961974)
 (1.0580637013409842,-0.00649740073039128)
 (0.95670204380984314,-0.028928689530343433)
 (-1.0930419926627004,-0.084259285934655953)
 (0.89692478631857586,0.020692794465003189)
 (-1.0285695537096686,0.0095401117535025472)
 (-0.9559918837140442,0.043952744288881636)
 (1.0481013654088163,-0.067071123908921434)
 (1.0951099600059391,0.061843969855695638)
 (0.76300523782957297,-0.14229966515560113)
 (-0.90191688731236119,0.040524077080080906)
 (-1.1756623739956527,-0.10419419246377429)
 (-0.95583551122861288,0.15562619253740553)
 (1.111149443352127,-0.039995229236526167)
 (0.8191770651843957,0.094873250458823333)
 (-1.0053429689910032,0.071280698308109638)
 (0.99378599882500818,0.060180593010759689)
 (0.9241604605759054,-0.044425888164269567)
 (1.0442335140671923,0.0036185080122429821)
 (0.94912946376815199,-0.1367026410288926)
 (-1.0260505857045727,-0.052766487931601935)
 (-1.0298790866333998,-0.044155401457508091)
 (-0.94489938362460102,0.075762459842370705)
 (1.0364475111846099,-0.034075415292683896)
 (-0.94220378327991272,0.10030582004883669)
 (-0.97958090046784352,-0.02849400042463042)
 (-0.8602702193676961,-0.099398098549190364)
 (-0.96050953419023255,0.052086846722479374)
 (-0.97308080271927833,0.061802277110161785)
 (-1.0108714455869572,0.052971459251685851)
 (0.90231025694093869,-0.0076814355894053669)
 (-1.0165159374167465,0.053425141629267626)
 (-1.0948468908610847,-0.021438422741900949)
 (-0.99629273865567169,-0.052259748631636842)
 (-1.1412708843654309,0.047935912367290244)
 (-1.0082560804079039,0.14707672780321407)
 (-0.99102799885068704,-0.1144674126352586)
 (1.0091760489615043,-0.09261243209021372)
 (0.97765808910340213,-0.072244114751652322)
 (1.0229492155728843,0.077082809655358853)
 (1.0485317491222952,-0.014226242649346139)
 (1.0025403803147908,-0.0019765286993375145)
 (0.97854455383452166,0.12973349500318671)
 (1.023878698627823,-0.052954731287218282)
 (0.88387425069560721,0.043365970641562376)
 (0.93166228051522659,-0.2145523769893817)
 (0.95123030914917306,0.074357010968255907)
 (-1.0443949539614099,-0.011429790115342675)
 (-0.90573953551576758,-0.094920378239568504)
 (-1.0054043068892646,0.029243254775621209)
 (-0.98593374571311143,-0.1322348889290626)
 (-1.0288444558123813,-0.017157734055476964)
 (0.94398199460810928,0.085677516631708722)
 (0.96908936778415944,-0.028855478131831338)
 (-1.0699789618830231,0.053073509928946272)
 (-1.1115733831723515,-0.0075487471619076173)
 (0.98004615857579103,0.043150632169793625)
 (1.0867138494302064,0.0066948036870763299)
 (1.0511767209824576,0.010309571624216857)
 (-1.0374948728383604,-0.028957986180878699)
 (1.0474682426497079,0.05954463404829359)
 (0.89175822278582595,-0.011135008525906404)
 (1.0266684495508698,0.046623748000580653)
 (1.0206572492586452,-0.14669543381443606)
 (1.0005497048288872,-0.0004410126826112161)
 (0.99413893412700549,0.0025427481428336477)
 (1.0558600827925488,-0.13359164270349541)
 (-0.98973277556380479,0.055494704399868124)
 (-0.87076504581936631,0.050068191046967803)
 (-1.0811737075234378,-0.079997812291345852)
 (-0.97065494953579523,0.0082424777103111604)
 (0.97621807706077979,-0.027795518440662803)
 (-1.0352361048971246,-0.0045906831533131815)
 (0.89428071045026669,0.033826724635789618)
 (-0.95399759400617712,-0.025042861994679963)
 (-0.99245759775983045,-0.029109418408290639)
 (1.0393805060436527,0.17184315269017991)
 (-1.0727978119443993,-0.097298846600014227)
 (-0.97790822331557847,0.032234648840967675)
 (0.81976149237526796,0.023264705956464321)
 (1.0087604046653647,0.016790852381511887)
 (0.95461703728392355,-0.039355895310776032)
 (1.0323217952389916,0.077450296313546635)
 (1.1679662188245479,-0.13591483231643348)
 (-0.91005954571962933,0.010388707992458552)
 (-1.1258103762708378,-0.036203558374358423)
 (0.95983721744275041,-0.016998289217280426)
 (1.157188917392439,-0.04309789963371248)
 (1.0854425598648905,0.068320358971250564)
 (1.0577253295454609,-0.0035073913086094873)
 (-1.1012647362623555,0.017577934211441999)
 (-1.0205177590282251,0.09969034429921049)
 (1.103031000234129,-0.13798046706826791)
 (-1.0408545173937713,0.093899958461940533)
 (-1.0754398362714568,-0.033353002180732026)
 (1.0384252172544508,0.027389003336566034)
 (-0.94329799761745536,0.067094125923124096)
 (-1.0610799366218493,0.086704199153150113)
 (-0.96110743511061025,0.013913983954180923)
 (-0.9206750229581917,-0.10878548854330182)
 (-1.0383613083938645,-0.05471571046022447)
 (-0.92600694212762968,0.019539164319542786)
 (-0.93511322902518346,-0.037693753908391747)
 (1.0182206526063171,-0.072508024660397213)
 (0.92131862957367161,0.075456390615405475)
 (-1.0160496696462575,0.064919748848897132)
 (1.1426901647960686,0.088884901304147279)
 (0.95321152763897954,0.013323707807940241)
 (-0.97917015319109002,-0.049697755622834884)
 (1.0006962729398494,-0.01563283677688115)
 (0.98745934436417648,-0.06213937109934109)
