# Created by Octave 8.4.0, Thu Dec 11 09:47:21 2025 IST <gamana@Samsung>
# name: rician
# type: complex matrix
# rows: 2048
# columns: 1
 (0.35653328448624544,-0.014635219450457754)
 (-0.71994038144015382,-0.07093814523054702)
 (-0.79199468304869713,-0.65656297522852847)
 (0.6367485248052871,-0.22391378232051645)
 (1.3436945383295824,-0.36635198299739075)
 (0.83595054060740603,-0.086569405635122262)
 (-0.418574862720962,0.0077033203069600984)
 (-1.2408351410734633,-0.11908328801467612)
 (0.32882169412960272,0.18398106801809838)
 (0.69959052214841999,-0.53629262001277811)
 (-0.77457834248036328,0.29935092317173145)
 (0.10735123658575885,0.27000913023656758)
 (0.96137951314062209,0.31424001181246403)
 (-1.2663186569743949,-0.25648824540865506)
 (-0.53723614291867761,0.19907723442583031)
 (0.50720631800511162,0.58325116338619232)
 (-0.97343820828833583,0.088015494164682143)
 (-0.70585460833327562,-0.4241299611013436)
 (1.8177203081263968,0.25000367914325333)
 (-1.02970155434257,-0.23359815892476474)
 (-0.071383086659011497,-0.20108069261593073)
 (-0.26554775530755093,-0.10165289141821074)
 (-0.65052765696143178,-0.16453191921890803)
 (-0.66327537178520701,-0.1946774721227435)
 (-0.84831986785126823,0.66818694150641667)
 (-1.4342537258385253,-0.57957203573435256)
 (1.5221464931519586,0.62170506782936341)
 (-0.49823219265748925,0.042985337574580743)
 (-0.53851426843262762,-0.60917130653471041)
 (1.4471693852948309,-0.40586998570192612)
 (-1.3239200330769243,-0.0821814291116299)
 (-1.136320904548862,0.25713436899944064)
 (0.38337406674783203,0.543840583922656)
 (-0.55868973779516784,0.26342918299263912)
 (-1.1989229215558463,0.54114786991179986)
 (0.81506756192720542,-0.048725985502289175)
 (0.89629690793073513,0.38777253666720307)
 (-0.30468832654528122,-0.030361852067485259)
 (0.64485584176667698,0.14544328222321187)
 (0.77265409844602417,-0.075117373179123439)
 (-1.2226894425919568,0.11748713389280761)
 (-0.84669032181241954,0.41759256062669264)
 (-0.73139124401230315,-0.13724588629454648)
 (1.1278259346318626,0.21252955564074649)
 (-0.057798811954064222,0.04926421823404966)
 (-0.38063899101205956,-0.46054306556003499)
 (-1.388725069451485,-0.022310603150687596)
 (0.99090011124562716,-0.42127804813539427)
 (0.90805968899306688,0.20066971855312543)
 (-0.54054849318830978,0.4455707438361321)
 (0.73122589261199478,-0.24051989060703952)
 (-0.79497041550299918,-0.27929091313401999)
 (0.99676883884491474,-0.34211816066340911)
 (-1.1012185244982553,0.32667448520693082)
 (1.0598045915912799,0.18344478673659617)
 (-1.1225646953586761,-0.0089210615063506221)
 (-0.88343551980198542,-0.12267532760253703)
 (0.81522405769166728,0.29418492895975057)
 (-1.3794026278584552,-0.0071152969974814257)
 (-0.69180235354742858,0.7409782699128703)
 (0.62664310924621591,-0.16955767777214839)
 (0.87373092912058958,0.31314238855882692)
 (0.3783662909451761,-0.39954483745496538)
 (-0.81949172938966264,0.27196404023342097)
 (1.3850285670241553,0.9050587108278948)
 (0.29897837426001228,0.14287425303272203)
 (0.62006169185457483,-0.18109900464113207)
 (0.59479626187863066,-0.13644456760145654)
 (0.48581432545804271,-0.048267458150500826)
 (0.39667206848582276,-0.39139738678598346)
 (0.85790370079106182,0.4854131482580516)
 (0.84774218904521847,0.45723746176828733)
 (1.1540807876944581,0.29221945546735156)
 (-1.1814278804907847,-0.36045813312258002)
 (-0.99345738495067404,0.4556488503759083)
 (-1.5392348922089725,-0.16116679356873467)
 (-0.38393641511494053,-0.12365781348030394)
 (-0.58992367833877324,0.28611069550214635)
 (-1.133246386750743,0.52206894160979)
 (-0.92186432513753436,-0.52195248290611074)
 (-0.60368250935150969,-0.67222414749572068)
 (1.0301651097512003,-0.12012672369015581)
 (-1.1990493549451742,-0.63429128063552975)
 (-0.68953622483517951,-0.43259701591997707)
 (-1.0063090857420502,0.20413403879674752)
 (1.5938719654784173,0.12469024548183059)
 (-1.3105394449996259,-0.20800226585825174)
 (0.20588826359213541,0.22808995780581259)
 (0.63502146890925526,0.061679991699872802)
 (-0.54985758201201484,0.47330382213527122)
 (0.41471322450239523,-0.52755867330295181)
 (1.4231297270455423,-0.75105074700474794)
 (-1.384385260818616,-0.39821336920559069)
 (-0.53808195018460014,0.46453884436735154)
 (1.1426997637650804,-0.46451097679422426)
 (0.86003853529787266,0.065117533263583188)
 (-0.67056180946778021,-0.27431719690029216)
 (-0.64638548923411931,0.24966866101399354)
 (0.95939830922250979,0.20285357514188662)
 (1.0712755522512238,-0.28261185781285297)
 (1.394256819640044,-0.38406839160806339)
 (-0.95753109614348197,0.26733297971244363)
 (0.54651435206700649,-0.016031351141058806)
 (-0.62521582174434664,-0.050452860930437979)
 (0.42007332784449919,0.019503016095370352)
 (1.0056831496751149,0.4476043514745025)
 (-0.28074379442796049,0.15856523218092811)
 (1.4207193054047491,-0.026109831096541879)
 (1.1615511928922175,-0.63035081961309192)
 (0.49272766174403415,0.099486387895452569)
 (-0.21651007979958403,-0.25090612417502017)
 (-0.95172021491341607,0.47955563803880413)
 (0.80470304871167253,-0.034736144952233657)
 (1.2017147740560374,0.19255032301007249)
 (-1.3769988182965147,-0.032922826967867351)
 (-0.34357350995151348,-0.091892075225047928)
 (-0.86531254804386737,-0.046795140239844414)
 (1.166979280702636,-0.54818141859069125)
 (-0.78041850380465683,-0.75480492770661789)
 (-0.86330420318019774,-0.3296113652226591)
 (0.5840124508126936,0.039931420530314482)
 (1.417842230258886,0.7761595851802896)
 (-0.8392604080956928,-0.16780655815205422)
 (-1.4566530583693695,-0.19260626319058236)
 (0.79168996111939216,0.0021309225015946416)
 (0.7668140769413625,0.16120326776816724)
 (-1.0523645057901967,0.73277619564868857)
 (0.60822698695908417,-0.07959634175952951)
 (1.4457285702308389,-0.12208415310932064)
 (1.0846976155200261,0.060937888566817436)
 (0.69302631082818122,-0.19345393426936919)
 (1.0933282475737924,-0.29222782574195288)
 (-1.2370945401423847,0.10672661766701155)
 (-0.42236653410697478,-0.13379612985340683)
 (-0.06711188001691204,-0.25306619489748966)
 (1.2762109934613135,-0.059571128109667117)
 (-1.4451425330261429,-0.21638021091942158)
 (-0.67913698406429379,-0.16917278811192887)
 (-0.61340207592949925,0.22693060631141973)
 (0.72391908358851031,0.26503483221017299)
 (0.84199178659717022,-0.35959024515388194)
 (0.97413779246415222,-0.27246182407390312)
 (-0.16595766421700908,-0.10049606053176063)
 (-1.1328441016516124,0.25607370229328108)
 (-0.54531210192979251,-0.32544916765232496)
 (-1.0815890569415996,-0.17219194823025977)
 (-0.60078087031418059,-0.20248248640927027)
 (-0.48742931586141619,-0.33442165824715592)
 (-0.64246467268521767,0.34107876491837102)
 (-0.71663294158628932,-0.28542117434482145)
 (-1.0109816292535247,-0.12711045994073361)
 (1.0702493757381104,0.35927203322128037)
 (-0.65859344053846247,0.37730618252963116)
 (0.47972517019828331,-0.28574023536343895)
 (1.2816775164585366,0.34536287442673191)
 (-0.83597365067252616,-0.37114082373171209)
 (0.037001985128919612,0.44113226219137591)
 (1.2273402182332978,0.090367798304395675)
 (0.86568314115015221,0.41353562394816684)
 (0.94168861032827644,-0.072055059299694413)
 (0.8427778847640075,-0.28770521078456274)
 (0.96330678033376349,-0.17498754956982576)
 (0.88017924797565017,-0.46091406530717394)
 (-0.5496953284043784,-0.10393044741946372)
 (-0.5022937357209063,-0.50450669817351557)
 (-0.49901614673411687,0.45205762608012406)
 (-1.1042256913858817,0.079423798875615403)
 (0.68538846008758691,0.33215195792193764)
 (-0.43170990956582572,-0.45957938408897292)
 (-0.780106991555375,0.47963866529336957)
 (-1.1364409403064868,0.38135514624377453)
 (-1.2822129911001252,-0.10865312173730973)
 (-0.60784116178121983,0.40809969744447477)
 (-0.71874295594088566,0.84340294972585417)
 (0.42750643623025408,0.05170778289526734)
 (-0.64086900720756834,-0.11373261947553684)
 (-0.6709137209760947,-0.40616263339986375)
 (-1.1549646645268501,-0.16144751725317502)
 (-1.0327055086314645,0.70385405717641392)
