# Created by Octave 8.4.0, Thu Dec 11 09:47:20 2025 IST <gamana@Samsung>
# name: rayl
# type: complex matrix
# rows: 2048
# columns: 1
 (0.4568935395884226,-0.39279115480801718)
 (0.049211243656756928,0.49864044971440019)
 (0.3142100379895284,-0.16133998263845939)
 (0.50151463397503715,1.3595691893788127)
 (0.045386248473238563,-0.83422062281753584)
 (-0.23013622201390627,-0.52704149218159213)
 (0.75613885723716545,-0.0066609663809494993)
 (0.74791326186972729,1.9370053410165073)
 (0.85804086087225218,0.095249040932657042)
 (1.299648032534088,-1.572533118644845)
 (1.2408627168849491,-0.59692784294132695)
 (0.035411770459143316,-0.8405928222132929)
 (-1.0590217148651304,0.030640843647628632)
 (0.24756678415891667,0.42967409349542368)
 (0.14760027150752419,0.89627486997005068)
 (0.040796342077266866,0.32970600180093079)
 (0.98261178669497728,-1.1647043838825617)
 (-1.3898135884440741,1.1170740456042401)
 (0.025461311313573407,-0.029994023831333962)
 (0.2270095147875294,-0.7173484309829854)
 (0.86710328881912857,0.89739535479128907)
 (-0.41935829594002799,0.75303712785619814)
 (0.16302809468570401,1.063222667134017)
 (-0.39070401523370257,0.88110152816799392)
 (0.49316094350470402,0.24765081846466808)
 (1.065405164003508,-0.063507499336226653)
 (0.87593139662470365,1.0199975760916049)
 (0.38654990182745458,0.46635967638570264)
 (-0.12725650027813568,1.7674697897561458)
 (0.1748417142534465,-0.9592678333892366)
 (-0.25225149452005918,0.63300355807765518)
 (0.53966989002522869,1.7478698557396297)
 (1.0866155719308717,-0.038089657486638749)
 (0.46376416492844735,1.2260767889926343)
 (-0.20156078681994097,-0.27802711183602902)
 (0.20618515986184746,-0.26864089451525747)
 (0.16516866110592274,-1.0154157596996505)
 (1.1394702093288054,0.25615234137614379)
 (0.32229034425135239,0.41536937349490188)
 (0.3489223471885709,0.9447672471642069)
 (0.85812878429349415,-1.4905519273625851)
 (-0.72814007479003973,1.4344005869684016)
 (0.2501721164952545,-1.0095048755471692)
 (0.48986853408768016,0.38925491989555344)
 (-0.25686369899129624,-0.2899347438078238)
 (0.41216614968424875,0.3016146190294714)
 (0.64132139129649901,-0.34691815695788786)
 (-0.36971098063891722,-0.46869288198108766)
 (0.36541486196467465,0.32883804666355221)
 (-0.36313682472718067,0.0088259156248633799)
 (-0.70677284123438366,0.49856090268448228)
 (1.1801907274259602,0.14372160697415498)
 (-0.19771795721921279,-0.32472158867923778)
 (-0.97606074778249019,-2.6769930780137097)
 (0.54995140110506591,-1.2354144195553025)
 (-0.67520898434254917,-0.3598504859387639)
 (0.63021185855876627,-0.79827371156317828)
 (-0.13613939277962717,-0.14926135956967576)
 (-1.111806398985123,0.12626194566418258)
 (0.37562820690829518,-0.57832425951398247)
 (0.36438238228686587,0.93877886811805511)
 (-0.8922042149397249,0.15092845458488377)
 (0.34960192065685963,-1.1257625183510662)
 (-0.38555737461646739,0.64535072274145255)
 (-0.35564286825080188,-0.062308817365495629)
 (0.38677890423005984,-0.41491108278559391)
 (0.66874132172503853,0.17728028965193762)
 (0.84421841021990651,-0.39933103707607059)
 (-0.70756519192101186,-0.055578911641245822)
 (-0.79888702787624988,-0.044914833538698178)
 (1.4773764294169878,0.53203283490705311)
 (0.90191286762086798,-0.038111417194769105)
 (0.66599828560418795,0.23954531351444253)
 (0.098417941076767615,1.2418578139154914)
 (0.67514562077953055,0.2983484638559884)
 (1.2921895048346526,0.59496966849740873)
 (0.79156388939172295,1.3735161555343649)
 (-0.28503824272618944,0.57542337977984293)
 (0.1544714460100621,0.093326722091686645)
 (0.5155519099479724,0.33787810746069968)
 (-0.34179061834654284,-0.6774610740439958)
 (-1.3153066771158071,-0.36898521362044817)
 (-0.53730592021425405,-0.062138865052202216)
 (0.045340649652498767,0.028660042520715679)
 (-0.05480004288865363,-0.61077618366081543)
 (0.24808825707075863,0.74777168523930426)
 (-1.1895912661076564,-0.43603024087854686)
 (-0.36065241997585851,-0.020962189628456255)
 (-0.57755557993399453,1.1369488974688526)
 (1.0863890575900057,0.9241291776018955)
 (-1.1236879582280999,-0.096218425183384484)
 (-1.4340359423964122,0.35806180081055156)
 (-0.027065954222590293,0.42338212517290197)
 (-0.36288152885293096,-0.41290143288269165)
 (-0.81093187696108004,-0.66783178673670174)
 (-0.44238249753086406,-0.43700618385203271)
 (0.62746304762934368,0.30729234627935664)
 (0.69748894604852529,0.44726364019701459)
 (0.57646117473880876,-0.15709661511433243)
 (0.01812649708524338,-0.61017399315013143)
 (0.00030657132237115018,-0.047921232342617436)
 (0.9786820141089746,1.7187967735200844)
 (0.094292078321205855,0.18494211741449779)
 (-0.16840051818634211,-0.7412562319231929)
 (-0.03537748818847878,0.46373377809949756)
 (0.80138435329949542,-0.65371156532328345)
 (1.1619372757371607,0.56060531071352437)
 (0.84438533326827669,0.10928976673515575)
 (0.2146955091279332,-0.35277924715434461)
 (0.17565337134630349,-0.10752078417942876)
 (-0.41676453132960178,-0.78695448556228886)
 (0.39904846643729336,0.63535811477565185)
 (0.5184054454298711,0.8526689697572023)
 (0.57352958409196297,1.4872103794358604)
 (-1.8887914453020831,-1.3611189263682788)
 (0.65742659927023361,-0.27399206424111949)
 (0.65202829947516483,-0.078255654341511313)
 (-0.23836912668925928,-0.81280951265441481)
 (-0.018805514533422839,-0.69498781692747935)
 (-0.4674600160937436,0.85467151603474956)
 (1.6471875188340506,0.30072644226503525)
 (-0.86816242536916532,-0.92585442216079494)
 (0.23657521230454995,0.25908985975625054)
 (0.7067784766457319,0.64710439342207449)
 (0.63063406771860586,0.91949466128349866)
 (-0.56010180558364764,-0.60912711689405319)
 (0.8667247406655979,-0.48940977616618697)
 (-1.3652483550127845,-0.51479079615488477)
 (-1.7150406317584754,-0.40921152238076935)
 (-0.33388590441953642,-0.34936290469713005)
 (-0.62199189292610024,0.31571559712624436)
 (-0.1135087014394328,0.079022560982264609)
 (0.23614748533892849,0.3956010870906761)
 (0.99752518626598141,0.17908516893665427)
 (-0.24350164689152851,-0.25020666593816776)
 (-1.2868375260984499,-0.49770987863242383)
 (-1.325812969106849,-0.40685453381629305)
 (0.49916891766758276,-0.83485849240435539)
 (0.35388355495958318,0.35989235891691496)
 (0.039869600317098706,-0.73818923171954731)
 (-0.17990061192285159,-1.0252225539033786)
 (-0.050726617124628275,-0.3225102086708056)
 (-0.26219795350748848,0.5063455642296264)
 (0.37866898406861293,-0.48191588181961309)
 (-1.428760510662032,0.91692866370628345)
 (0.6505743710143882,-1.4562672225131117)
 (0.33411141595535782,0.0029106854188714016)
 (-1.2011131413967959,-0.91824946190419665)
 (0.0063385372440391318,0.74168876122972582)
 (1.2518346614411864,-0.15068899961638479)
 (0.42821699410195208,0.3402187127247896)
 (0.25490576550676858,-0.88767539319806532)
 (0.17301938289286023,-0.33163814244304674)
 (0.54335578426809261,0.54665972312612865)
 (-1.2145464293804935,0.071513561405461681)
 (-0.22729692103748231,-0.52530323184740391)
 (0.55232994725613382,-0.063085188741885873)
 (-1.4779532103010788,-0.52766249513404695)
 (-0.088807050838299206,-0.05635228039712379)
 (0.76319703430235331,1.0246354727591493)
 (0.041697930865813027,1.0344317269447134)
 (1.5976635246357511,-0.56069076825004005)
 (-0.11726514900681689,0.67803159841239846)
 (1.6014923196043929,0.32278652879502073)
 (1.384728070558465,-0.24602864103065775)
 (0.5766991780220464,0.59441644563818596)
 (0.76574291411848217,0.52253186704131305)
 (0.30747870476425043,0.31539164161121125)
 (0.93469882343606103,0.7803162297766949)
 (-0.5626974007577128,-0.78879768188124766)
 (0.44384721522803844,0.72571083709037887)
 (-0.49796765156262834,0.075784791687260017)
 (-0.14487238256531226,-0.10731666193287678)
 (-0.14515625342972349,-0.97238027205403377)
 (0.26515514914652971,-0.098361403133318759)
 (-1.0188331569689406,0.56340299860477105)
 (-1.4509216225156449,-0.4094963597713131)
 (-0.63901647456025923,0.078871887948658528)
 (1.1130971334122894,0.9370434538141913)
 (-0.54344401799515518,0.17238755235756811)
