# Created by Octave 8.4.0, Thu Dec 11 09:47:21 2025 IST <gamana@Samsung>
# name: awgn20
# type: complex matrix
# rows: 2048
# columns: 1
 (1.0196308593630947,0.0021525893361061914)
 (-0.99535791723219302,0.04066286344780292)
 (0.98471140439038973,-0.051110705345832633)
 (-1.0135214830164647,-0.088878753500371277)
 (-0.98620887801595636,-0.093125612680190761)
 (1.0058133428888081,-0.018995446745803592)
 (-0.97607516765039959,0.15887629390972619)
 (-0.82109895280194578,0.026638987155767648)
 (-1.0130132948482324,-0.19621381143764305)
 (0.98901987808195302,-0.03084385517287222)
 (-1.0764070546717817,0.099336843430256505)
 (0.96590337958053762,-0.018299543178531018)
 (-0.93366037126010815,-0.12783671546173703)
 (1.0337929348917734,-0.070467649919641981)
 (-0.95296844908221501,-0.16966214717785777)
 (-1.043142821856863,-0.087335566280085306)
 (0.97911335089215124,-0.061773626862872105)
 (1.0947873062140259,0.025618151132651746)
 (-0.85022102307597158,-0.016392072985676392)
 (1.0897971916800007,0.071410004715863146)
 (0.92617879542509396,-0.12483162431128039)
 (0.92163002083301016,-0.14288468558240067)
 (-0.98307113105178912,0.046464563517850138)
 (1.0101745936476065,-0.04918452619955746)
 (-1.1576567695910736,0.042461486193692034)
 (-0.99635680422903883,0.10483349049507472)
 (1.1419998634123982,-0.02055237374896085)
 (-1.0522168458443657,-0.083585151005916125)
 (-0.93224771890668123,0.10022812034704016)
 (-1.0642435170464191,0.11154581006844433)
 (0.93352157032062544,-0.013291070019790749)
 (0.97377056600031386,-0.05217307306992184)
 (-1.0833305834638891,-0.013888868767717284)
 (-1.1024462694174875,0.034893542360765792)
 (0.98216066709662597,0.0081130548775782615)
 (-0.99936466704557259,-0.033168923949102695)
 (-1.0808909994079086,0.015325154065082275)
 (1.0442943150041146,0.09775612993183018)
 (0.97769204494686812,-0.003495129546378763)
 (0.9912672278584419,-0.051027079511935927)
 (0.99959238877744816,0.047897616558871169)
 (-1.1059023500170719,0.020405289592113091)
 (1.0134942467056469,0.087944873755365069)
 (0.83766805033683522,-0.02810715346647143)
 (-1.1262992099024083,-0.064305154630277958)
 (1.0549609884642148,0.0070645563886614958)
 (1.0563393888609338,0.026665433720065215)
 (-0.97684629205317908,0.050635456911755528)
 (-0.87937763633551946,0.029464145374135255)
 (1.1028973407980325,0.068863495055470084)
 (0.80740568178125305,-0.053103824946777171)
 (0.92597410016595338,0.016757378626663183)
 (-1.0607727090667256,-0.054713392421614604)
 (-1.1467345877665847,0.023225494434822243)
 (1.0127273353200941,-0.084150519618445246)
 (0.90397577306682997,0.099816448642801855)
 (-0.97558451849875194,-0.11785032743738809)
 (-1.0181238655981419,0.0090173107656340047)
 (-1.1136871548651075,0.071473425820837072)
 (-1.0171179547567681,0.0050255272820695389)
 (0.96342348165574121,-0.031821128732231328)
 (0.91526356114478746,-0.075047952202896812)
 (-0.89061189500762028,-0.050969783372445544)
 (-1.0347600962550865,-0.051730748482430956)
 (-1.024140778362707,0.11406816264417884)
 (1.0111194796786001,-0.10839673252133175)
 (1.0900636278183247,-0.011233993825100756)
 (0.9705820729013479,0.084619338199388161)
 (-0.96929940209161747,0.028200308412160702)
 (-1.0095259411098703,-0.067425700799251281)
 (-1.0436692607683584,0.087382020906707991)
 (1.0600769669593457,0.018871796143385244)
 (-0.92112898022839429,0.0086200077717541162)
 (1.0146653332132582,0.061617098451644925)
 (0.99469110340005207,-0.041756199975996749)
 (1.0937840932328788,-0.0034158796506807603)
 (-0.94080131194194105,0.11722966725898938)
 (-1.1009974917410705,-0.053214801425896234)
 (-1.1110720949023094,-0.013680720047931937)
 (-1.0292610175153041,0.018629569399773335)
 (-1.0556217245115194,-0.043055971069937547)
 (-1.0738505213972125,-0.076082547945338308)
 (1.0304761279823871,-0.0056672315532233473)
 (1.0372605279920983,0.11852309140514719)
 (0.97421621216997512,0.030698564114723714)
 (1.0117537140955051,-0.11888821695189247)
 (1.0562963916017929,0.055702828742071747)
 (1.0485909580622039,-0.06697330598135634)
 (0.98502123020607935,-0.029603776940598122)
 (1.0258742733786341,-0.095973182016436051)
 (0.99145853514807125,0.12958670849568757)
 (-1.0050355624376863,0.066411988080393849)
 (1.0130679258948267,0.22164539520656326)
 (0.99471609360040003,0.00045982719372169266)
 (-0.92734766458783324,0.041373292152550298)
 (-1.0446095807553262,-0.045198444207601669)
 (-0.9297131769291973,0.047534534532921474)
 (1.0762505392619155,0.094925524363378838)
 (-0.97976338780312378,0.058995593386743976)
 (-1.0149957278277877,-0.0031434066593513652)
 (0.96989751402165103,-0.03318829085357964)
 (1.0494557255616734,-0.076951763589930486)
 (-1.0262104047289651,-0.03244779556417636)
 (-1.0739461229198712,0.00036574075750530992)
 (-0.95185486344127512,0.0084782439033164562)
 (-1.0374164683069376,-0.1239340295417609)
 (1.1746982173678986,-0.00043530087739616496)
 (0.96364619504406046,0.10097469871069686)
 (1.0059111642174872,-0.088284591088846731)
 (-0.96981370562675906,0.013735966068302142)
 (0.885993996772934,-0.10332536308292817)
 (-1.0727634081935731,0.1064344522604944)
 (-0.97144844640810057,-0.0096852064877599193)
 (-1.1029211458224233,0.030283376496998859)
 (0.97155318823264947,0.05640493269831072)
 (-1.0964528153393667,-0.12113502202934304)
 (1.0381713535442902,-0.055897487605452094)
 (0.99287171425155518,0.011894993705534426)
 (-0.92043158512708978,-0.12746131688626242)
 (1.048988246577131,-0.069957003492392839)
 (-0.9502438143881613,0.052508311973185097)
 (1.0362748926702918,-0.10136269732620806)
 (1.0282140191580258,0.016231481631029897)
 (-0.79743715226416023,0.027843611406566)
 (-1.0079526998573913,-0.075929449643516223)
 (-0.99248281756496337,0.064232844944952822)
 (-0.85899142579243648,-0.049830164060215509)
 (0.92027327144136151,0.072799257569900841)
 (-0.98788771275505671,0.029569966395481914)
 (-0.95176894872108997,0.0047516284876365916)
 (1.0181743989986889,0.051569486547599033)
 (-1.0730620461467271,0.041307738547471988)
 (0.95946216964363606,0.068407916345059785)
 (-0.89014262275374156,-0.095737845974990743)
 (-0.97512995734976471,-0.09666742393971535)
 (1.0089672543680066,0.065935006175590408)
 (0.997047186097202,0.063328391067998049)
 (-1.0393689557127979,0.010338658478623057)
 (-0.92140379976768294,0.15468781359182948)
 (-0.87183134754668967,-0.15655976760723678)
 (-0.97938246927705619,0.057847801316909954)
 (1.162537965052578,0.032044166004493349)
 (-0.90509408868108687,-0.10342481336981674)
 (-0.9364851064149351,-0.071060897791170433)
 (-0.94607468966930086,0.042872706968636383)
 (-1.0877779560828453,-0.032913684918569761)
 (0.89468111190579347,-0.13529941091584149)
 (-1.0157060295487719,-0.053529802985055122)
 (1.0046735364576798,-0.034137040131927913)
 (-1.0466710756541904,-0.11024471348070733)
 (1.0007381050942814,-0.011839022618338697)
 (0.9674512877946605,0.0031213396568706424)
 (1.0070141838784761,0.12063190481844073)
 (-0.976880701552578,-0.10406371430383153)
 (1.0358263262428899,-0.080753637188360802)
 (-1.1326906609385574,0.011368393598881534)
 (1.0555779874730589,0.051228732538750044)
 (0.90128166810631916,-0.099667492229141064)
 (1.0131471542050272,-0.034251666275882137)
 (0.81658520655638933,0.017040101726777841)
 (-1.0362229732924464,-0.02115961999186447)
 (0.97196722251042111,0.062761880515019547)
 (-1.107883376328495,0.11556839515759068)
 (1.1030008592646334,0.16251672454188112)
 (0.96363423286618843,-0.071385544880774976)
 (1.042174035917939,0.10297246908767094)
 (0.95744849042984925,-0.051552723038606287)
 (0.96170218073827474,0.032307042814195081)
 (-0.98775673201275671,0.03286997052607956)
 (0.95401377837434531,-0.048037427564923962)
 (-1.0333090630529789,-0.041442434540633677)
 (1.110713490007013,0.026314454882214018)
 (-0.92690642347266428,-0.026888933675863452)
 (-0.94767596423973077,-0.059463277848797014)
 (-0.99067242246276244,0.079915617740416112)
 (-0.91298994248119492,0.0051505227970440083)
 (-1.00047751892986,-0.022643155615693571)
