# Created by Octave 8.4.0, Thu Dec 11 09:47:20 2025 IST <gamana@Samsung>
# name: rayl
# type: complex matrix
# rows: 2048
# columns: 1
 (-0.89458567308732206,-0.3933724935191511)
 (0.14528744909803679,0.066524885127184449)
 (-0.54892346079123822,1.6514239853192316)
 (-0.91363406094706789,-0.62858696696660121)
 (-0.022248916779125442,-0.054742254639445896)
 (-1.2414015697125118,0.2899270397182615)
 (-0.48238186253851012,-0.35792626881977219)
 (-1.0012634980803081,0.045172419709699436)
 (-0.41158440728556506,0.21459836848392336)
 (-0.81959272654380111,0.26346925134502241)
 (-0.92896462014764092,0.3706395453460361)
 (-1.0553779110505961,0.91460624002702862)
 (0.46780769179917775,0.4485670101809599)
 (0.33204368455083511,-0.70651174855611953)
 (0.56172706538900763,-0.74854964482201281)
 (0.21949514734268008,0.27017323766169471)
 (1.0535519495030488,-0.091925357193087351)
 (-1.1678260452142826,0.70621840093089028)
 (-1.028326813405644,-0.30032177243838831)
 (0.55835254220820185,-0.40152900498194671)
 (-0.83954499893914691,-0.35190121570318339)
 (1.7167445479327554,-1.0028621812963876)
 (-1.0284587244760477,1.2241311688381895)
 (0.97124636639059436,-0.083160619523333534)
 (-0.41672249670050443,-0.13055781085984011)
 (-1.0950591931583087,-0.38522091394632146)
 (-0.57088467786755936,1.1487604709052679)
 (-0.58449389150638953,-0.94283423139204847)
 (0.30352969170195149,-0.028725049268195045)
 (-0.06049301279300795,-0.7447811740431094)
 (-0.30467060284634012,0.17117073549232645)
 (-1.2813096675527671,0.23099619930043455)
 (-0.6288731914493727,-1.1135813325084432)
 (-0.73451242282371709,1.3283170565480609)
 (-1.5992635214578508,0.76860897051768151)
 (0.45403664281971728,-1.0853570079362793)
 (-1.3939878487334456,0.30218818610284964)
 (-0.40832350150706198,-0.73412993517202652)
 (-0.52124062109165292,-0.64131054875916416)
 (-0.62377897280654115,0.78769604659701675)
 (-0.01691563310784169,-1.5120471950433743)
 (-0.18091429548036769,-0.073859575747750011)
 (0.90873861322686045,0.56715073152419349)
 (-0.21764108964346268,-0.93657200997658352)
 (-0.35625655137303924,-0.0947288139801295)
 (0.79867718941716304,0.53208015838635236)
 (0.58245327943691372,-1.823118907052538)
 (-0.05066821803685434,-0.63790323488790523)
 (-0.5002301297475551,-0.3634384552234709)
 (0.45746011209593324,0.44708554008567708)
 (1.1932288414401209,-0.845968821316465)
 (-0.74760542753457027,0.20393527016150861)
 (-0.44832288831126182,-0.13447646013014916)
 (-0.62744794612449384,-1.8205350828700693)
 (-0.32943230788678363,-0.2000475339389563)
 (-1.7858724896116012,-0.3473294368333909)
 (-0.33796546323021204,0.05939004624390945)
 (-0.072637072395956237,-0.40223107871448938)
 (0.42033959172203256,0.5889982695283037)
 (-0.75542459554627495,-0.35096641669033379)
 (0.44091980288342775,-1.302159856870565)
 (-0.62949409530057232,-0.66019365797250906)
 (0.32117682803691666,0.84103648124613872)
 (0.69221946622814068,-0.43317179270250483)
 (0.37233272407297419,-1.5707925891922683)
 (0.35592174703486129,0.94429633575462546)
 (0.29958756512009865,1.2466242716156151)
 (-0.17491714292559987,0.67876737003411081)
 (-0.21627451560767907,0.20418887647220246)
 (0.64750034797295741,0.987569928628245)
 (0.44359662414235257,-0.14923891142078607)
 (-0.18579432709652005,-0.70764544905841209)
 (0.29670126593565149,-0.69935090279064338)
 (0.24647421638712719,0.97656089267739743)
 (0.20091016497061645,-0.50222139623985607)
 (-0.28753434537478934,-0.18622933861419)
 (-0.54966334938208006,0.37029297247485082)
 (1.4226369342394929,-0.064138016628000866)
 (0.76475495595184195,-0.45849822187986844)
 (-1.1417265022631855,-0.21835679828964824)
 (0.96801001159607936,-0.43916453629931251)
 (0.45483203128750271,0.58565078013500194)
 (-0.9144164837944726,0.15812219044812068)
 (-0.20291390686324992,0.65097316335816757)
 (-0.18660897709661473,0.48829689436628354)
 (-0.1959458768936643,0.53836775716200169)
 (1.0935824889578931,1.3357484670427988)
 (0.16137164177820632,-1.0896970391079226)
 (0.33116805590608672,0.25275952282817465)
 (-0.17859976014518411,-0.27016821988981171)
 (0.80663063219672804,-0.92365706114044066)
 (0.57015539752351974,1.2653012564853483)
 (0.81897351654251338,0.4974908042807431)
 (-0.20084403761670944,0.67006044223353622)
 (0.24331624141270053,-0.71847524763675985)
 (0.14254233143989437,-0.38301784874305156)
 (-0.18961608688775061,-0.86182749410500359)
 (-0.78460790713692041,-0.23394816375656202)
 (-0.05493190477173527,-0.74172098014043775)
 (-0.18773547710432467,-0.21289918856215415)
 (1.2156812381074495,0.44724133122101678)
 (0.083084419102538817,0.63755471615160642)
 (-0.21165720330797921,0.20885801727089223)
 (1.1791113976187881,-0.29165976386081532)
 (-0.012206424432759013,0.21346651080171583)
 (0.55255384954034636,-0.22031959887179409)
 (0.16197456593357329,0.15325555813522052)
 (-0.68977821932972871,-0.85812319678529869)
 (-0.22203936591153259,-0.5241261146965448)
 (0.029895640474658529,-0.58235956560535873)
 (-1.1680545200233434,-0.57115972836959583)
 (-0.80696948431478954,-0.11527510931976032)
 (-0.74691805849974091,1.1618413642019498)
 (0.40497473190949629,-0.20967297034933369)
 (-0.16905349588850971,-0.45088751371114566)
 (-0.87527240152519037,-0.51762884042883028)
 (0.43034718196717359,0.30752139203885548)
 (-0.7319208825528154,0.16243262118058907)
 (-1.0005636338318078,0.11446349190905558)
 (0.19813595066902925,-0.84840367652544246)
 (-0.037325147139021075,-0.078799022046181971)
 (-1.4024174991858491,0.68848260605217737)
 (-0.83180249050801947,0.40163344355508224)
 (-0.80655473705406222,-1.4710552121810949)
 (-0.065940523467741916,0.1420433742984078)
 (0.52572983800442785,0.20058039218369039)
 (0.48834566206717667,0.42258947034606714)
 (-0.094024576524099041,0.99227287057490443)
 (-0.078760736078574006,-0.031984578684776444)
 (0.36317833641316494,-0.042809594078013179)
 (0.088895988911266891,-0.95740797054519655)
 (-1.0894479512628936,0.61637992557822541)
 (0.043396247193178597,-0.099660644699422055)
 (-0.43901620570740618,0.029042004341862163)
 (-0.066961600656576026,0.084999342047556978)
 (-0.15206032818887127,-1.229321937647271)
 (0.63962448997769739,-0.7449752898988079)
 (-0.11747354347640274,-0.48417537387629728)
 (-0.36765703749753531,-0.02687774622487548)
 (-0.14947219015911095,-0.49367750347723732)
 (-0.85513360079369349,0.41348249836624612)
 (-0.34051600049781827,0.096892980018904062)
 (-0.18784625075206055,0.71168738630039319)
 (-0.12733593394772524,1.9810565777996867)
 (-1.7736978861259143,-0.3937765493939604)
 (-1.4077644851800291,0.28524320775174128)
 (0.061624889340419951,-0.49806309017699563)
 (-0.46232458144759447,-1.9901139653641666)
 (-0.44053270189557542,0.035886889009416709)
 (0.27980025036073863,-0.23161087869592534)
 (0.51271889328683451,0.45646433337977305)
 (1.0912870470375295,0.71688315946568004)
 (0.25393013491020033,-0.30084608107932437)
 (0.10955614223644354,0.6942977619265821)
 (-0.25262149335881295,-0.58471217600706826)
 (-0.38429643544075198,0.05322627257458213)
 (-0.54479000550357293,-0.78196275044609542)
 (0.029395509021681303,0.30690764933062398)
 (-0.038337202387623649,-0.4420026325752896)
 (-0.4170030715846148,-0.8473941559864665)
 (0.13291107399155089,-0.14688129805083311)
 (1.4237510705686927,0.0053022944936143906)
 (0.49576084114699137,-1.2057536069928281)
 (-1.6347920257949835,-0.58757950608125775)
 (-0.79188633946414755,-0.85648410790540963)
 (-0.85726254647479483,-0.30529923344139942)
 (0.41434256944341097,0.19530418612454861)
 (-0.2318326000520716,-0.062949233135073487)
 (0.2562182099416685,0.47598441053972129)
 (0.13967375020084691,-0.1215573582895885)
 (-0.31076922428707854,0.77048801118523969)
 (0.55128713304510002,0.73124404872646598)
 (0.11929350908046712,-0.20964659618340023)
 (0.50211659199507996,0.087755278284924854)
 (0.27294033945090401,1.2015842855129841)
 (0.33844718319553269,0.093435770721030209)
 (-0.53152465917668568,-0.10939666082654588)
 (1.5426783884088522,-0.32839705711330325)
 (-0.59775814681726869,-0.061893134379074226)
