# Created by Octave 8.4.0, Thu Dec 11 09:47:21 2025 IST <gamana@Samsung>
# name: rician
# type: complex matrix
# rows: 2048
# columns: 1
 (0.77156344390306675,-0.32531406119626433)
 (-0.62899092566242909,-0.46520941220757839)
 (1.3350536136335351,-0.62724857364496389)
 (1.0319199656720535,-0.35612394930500518)
 (-1.3828642119073336,0.1856529552383113)
 (-0.86420648386020715,-0.11425127622145614)
 (-0.70159430084874042,-0.3967672192399444)
 (0.66356237241621963,0.28209791905338649)
 (-1.2629789012926569,0.3225857729601464)
 (1.0697690022250761,-0.41911291454489347)
 (-0.64801642148908134,-0.16747083068903279)
 (0.8499535406858546,0.18182933673174026)
 (0.71453360805124655,0.025684076131408683)
 (0.42258715402668356,-0.45316741820382483)
 (0.59881047917347097,-0.17077998803135261)
 (1.1479342187253916,0.071095535148670147)
 (-0.92134756181357746,-0.38643402974107161)
 (-0.69021481857748934,-0.4572872729819914)
 (1.288131812588281,-0.42172164193994821)
 (0.57562298830131742,0.1216760712168138)
 (1.1033333245911563,-0.11977266853559164)
 (-0.055277876724583397,-0.43249529958277222)
 (0.61656575166136307,-0.62789410038628857)
 (-0.70457190504768274,0.15966796757147986)
 (-1.2281741398853483,-0.4509592113988074)
 (-0.78399736155443822,-0.29842254571003618)
 (1.0488844675164049,-0.15302206567993612)
 (-1.1788138782880735,-0.28765191776741783)
 (1.2613360901348529,-0.13587233479208841)
 (-0.90768207911912491,-0.052540422873231921)
 (0.84922267953130171,-0.17750450234103579)
 (-0.2511039137831077,-0.11221575340524879)
 (0.95305108661986582,-0.063142275442061191)
 (-1.2389958392844516,-0.067242481517058791)
 (-0.95558261436796321,-0.60746287199720628)
 (-1.0829114024569133,-0.74482505988666059)
 (0.4359118477700894,0.16526855815956831)
 (-0.78533812661267599,0.18913989585610103)
 (0.17176808939216326,-0.60111659459365119)
 (-0.68299862501637354,-0.050763515480764208)
 (0.17005180294745847,0.08995826725820337)
 (-1.4459306242360368,0.1184909659248051)
 (0.64660214460394483,0.18627629713338115)
 (1.5029282188673971,-0.44812100759319645)
 (1.1185112520013767,-0.33841919165737555)
 (1.0410545340070765,0.23388346610982969)
 (0.74793238149986208,0.022470358029099694)
 (-0.65974027488831088,0.17369980919579608)
 (-0.88307780854259721,0.17128237842985103)
 (0.77009983973156115,0.22626984592079408)
 (-0.75904854201350491,0.60466033385440821)
 (1.1791391984014892,-0.20903314965678826)
 (-0.94003092021280921,0.083779477560892754)
 (-0.90014798319518263,-0.27329969306708579)
 (-0.85218113217151314,0.087819997366435074)
 (0.48544045370957017,0.086703615700561468)
 (0.66851247280949955,-0.06279194650619728)
 (-0.8573609663969205,-0.1892020285500669)
 (0.54006013453826018,0.34922638630928304)
 (0.90042961539621968,-0.0054739774770688277)
 (0.83857813372077072,-0.16044289045715884)
 (-0.97973446513479245,0.19557736002839007)
 (1.2321629376725309,0.80273193250572761)
 (-1.2460644273387642,0.13858717263608306)
 (1.1503576492565089,-0.48874502883332699)
 (-1.3484145361122952,0.21218332029058873)
 (-0.90546246075879511,-0.18699332352403278)
 (-0.4614136088467381,-0.33409004592058467)
 (-0.39698559248501497,-0.83919360123813924)
 (1.0039157753076413,-0.16283180020715424)
 (-1.2796496441795098,-0.12447534285982492)
 (-1.2043378268987501,0.13881768464584407)
 (-0.5496068418806479,0.20111360571211287)
 (1.0847417472032794,-0.13963004068088666)
 (-0.51856754671989713,-0.23847327237513843)
 (-0.88129081669955767,0.39987196036436917)
 (1.0682190507649785,-0.084859217091940276)
 (0.58461368791500712,0.21302289444847183)
 (-0.69841081349908896,-0.33136773511053835)
 (-0.45876944878758952,-0.023315765229759783)
 (-0.49881344367802044,0.014940640839757083)
 (0.47153930688219176,-0.82260308989216602)
 (-0.9102277695767752,0.546328757107996)
 (-0.63853843721568626,-0.17024277168754767)
 (-0.30131728909331068,0.142177880628688)
 (-0.98778083138736483,-0.56742523957175517)
 (1.2464085018961002,-0.38441463968305895)
 (-1.5049050742069932,0.16780865145852716)
 (-1.521929508420516,-0.14406163783384451)
 (0.74165293257923437,0.20759231821907367)
 (-0.77322385937200933,0.65740722055539402)
 (-1.0858785788608194,0.019537243095323995)
 (-1.1428135882025625,-0.44612244512980143)
 (-0.53696869706424954,0.20594827203973717)
 (1.449231634725086,-0.28974796939373854)
 (-1.169624707084266,-0.06508217995070259)
 (0.7260458558662346,0.073348408839735826)
 (-0.93503613214330172,-0.028790131551355059)
 (-0.93912103564473137,-0.33912236498404769)
 (0.93346997516742625,-0.44274537675466402)
 (1.6039032971827101,0.30490615556355166)
 (-0.5070597532527914,-0.18228024288983311)
 (-1.0980523211113642,-0.25375503749628558)
 (-1.5739109793322408,0.092166448337790877)
 (-0.70702279240082999,0.17560307838383091)
 (-0.93376074818477572,0.016795076333836572)
 (-1.0301678785810788,0.29825254027665055)
 (-1.0215178132241751,-0.17981902842343672)
 (-1.2144064742772238,-0.33696991110074787)
 (-0.5000222124042164,-0.29669054840438902)
 (-1.0256122456442258,0.051113317714612722)
 (-1.334014211799031,-0.45247885711874913)
 (0.77695835094061427,-0.43741884118534619)
 (0.93691045703398712,-0.27961565034021335)
 (-0.2142754542618871,0.40207333941363238)
 (0.14895059790615617,0.012673957498300201)
 (-0.36695345027220427,-0.17139512012328373)
 (0.34008676640486812,-0.28485504797995526)
 (1.0008181444947399,0.63549830392968554)
 (-1.1421895552260284,0.24729298796576862)
 (-0.87428874423684033,-0.053391893734483144)
 (1.1325819295969743,-0.44212111427597273)
 (1.6110768405471814,0.12688417897931575)
 (-1.0034754338674434,0.59498481113028867)
 (-0.82344821795805223,0.31135252528946578)
 (-0.48767766505392829,-0.072470162272555774)
 (-1.1878202450497037,0.14611808955404065)
 (1.1288330260572543,0.21433297310554597)
 (0.66810822725608376,-0.13027997456139084)
 (-1.112436109952887,-0.99004699438194088)
 (1.2221696610932657,0.2311452219715375)
 (1.4370029013755503,0.32332383014559318)
 (-0.95555667125864885,0.30750058404114705)
 (1.0288392262648915,0.40125624741514143)
 (-0.52367011925712559,0.22544585434544112)
 (-0.99157105637943466,-0.11070794323570358)
 (0.76664245133704478,0.40964702618509463)
 (-1.2056930191872166,-0.1950955743441419)
 (1.1039076842519144,0.020681649173647454)
 (0.66981113742281373,-0.036076369457571172)
 (0.81786837617514441,0.46570121800768949)
 (0.87388159887649997,0.078389359918008092)
 (0.42012671864946449,0.24490228880458081)
 (0.59940726553615464,0.45129277622752517)
 (-0.62248703176693276,0.8413004806118507)
 (-0.58575707119176534,0.42079163534150005)
 (-1.1796938699866966,0.52512667351130693)
 (-0.91325235099627233,0.14992208414013397)
 (-0.73624188473621799,0.14228830124185435)
 (-0.24917137654343957,-0.3588729083127235)
 (-1.324688509120215,0.15711804592999534)
 (0.9606069806946137,0.04281059636986826)
 (0.69084307280907453,0.54043639129174681)
 (0.84043227323513459,-0.2930416460654714)
 (0.29347360392289668,-0.11033774555308318)
 (-1.4515801618151367,-0.50327164702615113)
 (-0.67503801577485922,0.072948727006820091)
 (1.003897022510988,0.34284193717602018)
 (-0.015771071078056975,-0.1832329777452055)
 (1.0599074175738494,0.34555338110047262)
 (0.30608083614608417,-0.43758106501175709)
 (-0.3153627912102408,-0.59648578536447028)
 (1.1774426958377384,0.27787895802964158)
 (1.0380700865516153,-0.043375035969947864)
 (0.78140509874997488,-0.07079471937604509)
 (-0.45986400111408915,0.39234669827246149)
 (-0.73769900338124106,0.17944657851172491)
 (0.73139502814078938,-0.15667333344867926)
 (-0.53853763491165996,0.13326450644232363)
 (-1.4133237490358037,0.28790209569546582)
 (-1.2310516531890223,0.20129001865679602)
 (-1.0837933435857106,0.37096191469705009)
 (1.066543503105625,-0.082064592851038801)
 (-1.3151025463363661,0.013480109992688253)
 (1.5614406571408543,0.3125197940257709)
 (1.0161299455148585,0.65246545645070464)
 (-0.038030162618524987,-0.14578234996615083)
 (-0.76626727258834137,0.046087442535723486)
 (-1.254241363000959,0.13638883932841953)
 (1.0628001979750723,0.049209432463759986)
