# Created by Octave 8.4.0, Thu Dec 11 09:47:20 2025 IST <gamana@Samsung>
# name: awgn20
# type: complex matrix
# rows: 2048
# columns: 1
 (0.95928301181239028,-0.060630104724258095)
 (-0.87414983999794238,0.080371851740856121)
 (0.96501748141039723,0.09113822882384906)
 (0.99566685503828345,-0.002365599595897952)
 (1.0978506513757558,-0.028650650320782758)
 (1.0163019765553865,0.010728956951518556)
 (0.93895736052986922,0.0097106806915818605)
 (-0.9688426268250262,0.041380866833537346)
 (-0.89199350749390227,-0.021004672379654175)
 (-0.9830825469635599,-0.010713863928888234)
 (-1.0105297310786256,-0.026546606901744416)
 (-1.039648689511709,-0.0050154283099306043)
 (0.96683191113396327,0.047998311969786558)
 (1.0619024931665606,0.0025267839825296977)
 (0.95586088462656049,-0.039368296096696037)
 (-1.031919283948117,-0.015332148629940191)
 (1.0390894450232455,0.079565917147272694)
 (-0.94395083456942641,-0.055633909141724461)
 (0.99371592523660857,-0.087851818147410582)
 (-0.9337652660452993,-0.068134444090998045)
 (1.0620535131004021,0.011929576524141061)
 (-0.94335337042734857,0.14513428423222335)
 (-0.88473675860646039,-0.065225456458902084)
 (1.0638950267708853,-0.11143281897747784)
 (1.0638174519092893,-0.08733538164741543)
 (0.90291721156121263,0.055721771780253088)
 (-1.0514104735922298,-0.061416812297019376)
 (1.0046992372672414,0.060970765907841389)
 (1.1720027126563513,-0.032248452065979281)
 (-1.0484534079093779,-0.11266880452085322)
 (1.13336338572616,0.041476353772830099)
 (-0.98549965695114183,-0.040746066721291649)
 (1.009806597270315,-0.08250995085569883)
 (0.89994933082336515,-0.0067037888405948459)
 (-0.99731885789697883,0.023301532423362997)
 (0.88239071980320249,0.031593757264905147)
 (1.0734048738130184,0.027969393376080572)
 (-0.98273651732613554,0.03804576672576316)
 (1.0745020400618774,-0.04693749210012009)
 (0.99725730304952664,0.0075034250053126932)
 (-0.91878539187042141,-0.053893126343007414)
 (1.0482054779449987,-0.028070416999787282)
 (-1.0552493956689508,0.14625759152239409)
 (1.0465358065393291,-0.003087609475386251)
 (1.0782563389031619,-0.015876459997118241)
 (-0.95045046514614584,-0.05696228883601178)
 (-0.98530260846248785,-0.036444984684869536)
 (-0.93666294840539199,0.01886435418818689)
 (-1.0269477199679695,-0.0022743654719388985)
 (-0.89229271797138543,0.10983568889681534)
 (1.1207325928524998,0.083696044203826314)
 (-0.99303805182894633,-0.029951429091112532)
 (1.1691709352295883,0.019516167715209851)
 (0.9338098495776973,0.051463925092653212)
 (1.0338935918673282,0.13982601637468109)
 (-1.2043982536306683,0.055132155025402779)
 (0.98627415177352973,0.086380118508244008)
 (1.0144496340330367,0.059774819754454346)
 (-1.0188908490943136,0.067606588156980826)
 (-1.0116687424307826,0.010920754265463217)
 (1.0301677539963521,0.064079015389235869)
 (-1.0397742758692279,0.016593207956569513)
 (-1.0176753784079011,0.058284629751441622)
 (-1.116990890408887,-0.014191674484890185)
 (-1.0005285915085673,-0.057872428642497344)
 (1.0695363981700821,0.039585493964856784)
 (1.0792309226967478,-0.023007687763209286)
 (0.95771553451579461,0.03788644667359619)
 (0.95433369088106623,-0.02927533163694318)
 (-1.0202299397576875,-0.080531446300550841)
 (-1.0086727228476842,0.053213827417633308)
 (-1.0614268321822167,0.019750310885870301)
 (1.0119412137851593,-0.05059162282943911)
 (1.1238290949093945,-0.079007011116926928)
 (-1.0099993848739606,0.096564367246505259)
 (-0.86759740532540996,0.018539268307983667)
 (1.0820741913634597,0.020141068775773513)
 (-0.96593425509702158,0.020250689495837752)
 (0.98659458836395608,-0.017078090147951402)
 (-0.99376663785808084,0.11362652167676729)
 (0.96937910970832764,-0.099922768457351457)
 (-1.0369935841170743,-0.06914503743546184)
 (0.90865504166728428,0.042163382122330818)
 (1.0134686408219384,-0.052210582394526077)
 (-1.1153327209676456,-0.18570979653111919)
 (-1.0590745599538576,0.0066886466328852498)
 (1.0314117808970586,0.1104014736001082)
 (-0.95388393461203647,0.10837150325510395)
 (1.1900562355873869,0.025389117215899749)
 (-1.0149679134626506,-0.00042349939681482571)
 (-1.0097108631026939,0.064431925160352482)
 (0.86720833230878025,-0.10976504363574208)
 (0.94238092023178166,0.047778250442124401)
 (-0.97049878141869261,-0.046887885983119111)
 (-0.83920097501449176,-0.18891672580669142)
 (0.97266125097734868,0.11589230570517151)
 (-0.97904097275801505,-0.010050362744996605)
 (-1.0041363775763776,0.072760066648835484)
 (-0.95573283934503683,0.03153620271090591)
 (1.0543616577314023,-0.015659526271216018)
 (-1.0415094969318635,0.030530513888175004)
 (-1.0197335158591097,-0.037861731945265847)
 (1.0523106240323483,-0.10941911092051496)
 (-1.031691704027651,0.040815765227133594)
 (1.0614903589351952,-0.0031546645408218493)
 (-0.82437800629965829,0.092108426592920956)
 (0.98034631477255374,-0.12191278716700522)
 (-0.97091240607509566,0.11138991110975148)
 (-1.0004415554726671,-0.075733245280914574)
 (1.0243497357010469,0.066734101850405458)
 (-1.0499404266441936,0.066635985374901216)
 (1.0476310841384671,0.088164376847667578)
 (-1.0179486303676033,0.066353295597905274)
 (1.0545158035123745,0.029765842421903745)
 (-0.78617674879570965,0.061028162772807697)
 (0.99390206811543413,-0.19998345999746953)
 (-1.0550789668905605,0.043891836798807531)
 (-0.98430527135793733,0.0090091806184925613)
 (1.0822162684324854,-0.034768937559464877)
 (-1.0265164385560386,-0.065801286998476524)
 (1.0451560003881895,-0.06684491925750842)
 (1.0351787377037791,0.014021386978235571)
 (1.0231853884931246,-0.077168190653396251)
 (1.0269831317234317,-0.018375209161051644)
 (-1.1073603035833699,0.035711785472320082)
 (-0.96650396775564629,0.15077433345272051)
 (0.98854859627195057,0.029593092335746474)
 (-1.0302716581404017,0.011073406111703493)
 (-0.96316081585869218,-0.012855620031762474)
 (0.98928293955688684,-0.047482850277353779)
 (0.94037968399689809,0.11026497890030243)
 (-0.89202889013135567,-0.025617677627641739)
 (1.0020188064505053,0.059338439469573817)
 (0.93062034235974855,-0.0084825909581290725)
 (1.0946799767320958,-0.11986129015942076)
 (-1.0020061657225825,-0.019066825116537511)
 (0.993552423554804,0.14756691598104443)
 (-1.0394935965756911,0.024911408308712812)
 (-0.96077936378990825,0.14817624848777244)
 (0.99988233212116528,-0.066870653241416542)
 (0.90067539847802303,0.12774188028352451)
 (1.028678743302873,-0.077473938186669339)
 (-0.85554004484860713,0.074745434232468599)
 (0.97411490050486416,-0.07662921024771048)
 (-1.0045195518775207,-0.036367419023506306)
 (0.90424745198607726,0.17124588168693852)
 (-0.98212226849541684,0.11460469364294015)
 (-1.0027992700418868,-0.031952270211065739)
 (0.8954412196865249,0.019406550994231258)
 (-0.98037920707742532,0.064694163056113765)
 (1.0432026533961594,-0.069969723219297786)
 (-0.98888557067168215,0.10012854265725686)
 (-1.1073386297437959,0.031817263430202192)
 (1.0083561049551752,-0.035838045493510613)
 (-1.0063327895933771,-0.060586608692459298)
 (1.0673299442130719,-0.023866085323494803)
 (0.92097831849335199,-0.064951062603220477)
 (-1.0366305400115146,0.11710225960180086)
 (-0.89378148052286932,-0.1640626468803989)
 (-1.0224651969251888,-0.074643489934885995)
 (0.94357988285704097,-0.034770724086518053)
 (1.0219401636746139,0.046130915555058598)
 (0.9829669811220848,0.11924961386465648)
 (0.96052457865598573,0.13029345033015532)
 (1.0265788511084428,-0.02637031525314526)
 (-1.0533518467090237,-0.14744648563895199)
 (-0.92166876329207259,-0.0012413775989961861)
 (1.0292613331042977,0.070645767591845099)
 (1.032384595846062,-0.13138195228306609)
 (0.91265939032146082,-0.012971401053552151)
 (-1.0315833535381067,0.084819662466675383)
 (0.92289054679094851,-0.0052938077960427848)
 (0.97675997636022804,0.13112302481471941)
 (-1.0771085962913767,-0.029795214822690305)
 (-1.2035510209926148,0.095013835583728834)
 (1.0480699556033761,0.02512411694791521)
 (0.99224420839729199,-0.041232635586398413)
 (-1.1101037731591212,0.062238815892901284)
