# Created by Octave 8.4.0, Thu Dec 11 09:47:21 2025 IST <gamana@Samsung>
# name: rician
# type: complex matrix
# rows: 2048
# columns: 1
 (0.86461703385769961,-0.16140999520708166)
 (0.86116160049432278,0.14792701543878709)
 (0.82698368968750502,0.036603170329466209)
 (0.95164612575388519,-0.92910478444346567)
 (-1.0605185385318303,0.57449876008392098)
 (-0.70226880272805092,-0.088126884005806691)
 (0.10673446455477686,0.03018609872387645)
 (1.0927910910731373,-0.065742541494397122)
 (-0.34037988360722138,-0.42463788482089376)
 (-0.78020027434041239,-0.49611385094081839)
 (1.278299930892268,-0.33909446098673041)
 (1.3290218090394177,0.11332047961384735)
 (-1.144620780419735,-0.2219585408214626)
 (-1.3761578653361664,0.0015309754601448694)
 (-1.1426701259524275,0.16640269066838986)
 (0.9192825828506942,0.18832706271529295)
 (-1.2846264393098472,0.013133425913685376)
 (-0.75509573097198235,-0.15392732610695223)
 (0.4495437886497915,-0.25872029713152611)
 (1.3533937977545027,0.019853926082394613)
 (-0.98585706896094738,-1.0493950350618435)
 (-0.74822933225524357,0.19349321697785343)
 (-0.96482604626279866,-0.45986984563071964)
 (1.0357646848868303,-0.23936133186197384)
 (0.52217755632429852,-0.1817680126672169)
 (-1.2505493892962551,-0.27372233820155417)
 (-0.64845353663404315,-0.070558775371606181)
 (0.84625709258255299,0.3028884999724879)
 (-0.7337702032036415,0.056117948724149214)
 (-0.97559275848708715,0.62162857822899464)
 (0.88157129921685506,-0.073411285791430927)
 (1.1812183326272052,-0.48724847416329531)
 (-0.90578196075379125,-0.30199640028509056)
 (1.3597591605352004,-0.050059783958242718)
 (0.50317509991910869,-0.3886360450755651)
 (-0.74022403819412586,-0.22721285271249717)
 (0.55616363553205517,0.37757240452395285)
 (0.3590404720589615,0.18474201912602248)
 (-1.1530055065284341,-0.41282923809170408)
 (0.93439933005219689,-0.24726167482212213)
 (-0.47398791328991169,-0.097839778727391011)
 (-1.1135829631556677,-0.52448614324886511)
 (-0.38064478692118142,-0.15497173717832702)
 (-0.82869173311476052,-0.15655586037394359)
 (-1.7451746501147083,0.17120154784086697)
 (-1.0128288672345609,0.28905318678954584)
 (1.1870513534509226,0.057629351419555462)
 (-0.86805308844788798,0.56024225681163264)
 (-1.7188964074136579,0.20531057264555469)
 (-0.1817270507686759,-0.072638802817592052)
 (-1.1262070065176517,0.38091479853445886)
 (-0.82967139129594913,1.0224877997654747)
 (0.83479158831434408,0.16675913827330202)
 (0.96100132411261208,-0.16207276422071151)
 (-0.3308293902013314,-0.20956192352117853)
 (-0.69500744726903751,-0.12109866335434982)
 (-1.0087821110475614,-0.18811180617897413)
 (-0.9147449875940098,0.31796933753276657)
 (-0.87057508511736348,0.1998641329514193)
 (-1.3448272683782854,-0.47240873109525411)
 (-1.1112821966381987,-0.10351630932892131)
 (-0.77590130909972377,-0.052209176520813)
 (-0.92210953541460594,0.2386830517898664)
 (-0.90630017914226946,-0.23087415665213354)
 (-0.5860228072993261,-0.42746407755606985)
 (0.91292660995895758,0.10456525977262365)
 (-0.52054012843448694,-0.34228932830876507)
 (1.7547817975752582,0.16913442684650284)
 (1.3359796004157105,0.036419798115325461)
 (-0.80024871296734335,-0.23371545099540225)
 (-0.76840055654947181,-0.26694931390044191)
 (0.94462100836879115,0.76648223480989863)
 (-0.89431785491176197,-0.24209718279882281)
 (-0.48575695769494531,0.24843107215916663)
 (-1.1931088613844782,0.030399566024394326)
 (-0.38002118400337609,0.22978714142281367)
 (0.3799599200665279,0.23253741952095061)
 (-0.92692601359606586,0.577147707647927)
 (0.94524630537206378,-0.16075753978058063)
 (1.3521163955055897,1.0930655328190015)
 (-0.76811862228058025,0.25037312305335713)
 (1.0404217689891326,-0.49708348472241859)
 (1.0229181564994374,0.15477838741869593)
 (-1.1070870781736146,0.60398523441471574)
 (-0.55624367292425481,0.18039003736103518)
 (0.69293655148796929,-0.57402943831054976)
 (-1.0915537683819352,-0.059088653885836541)
 (0.8705828774344524,-0.13779294213089963)
 (0.96894272831406192,-0.3231951630255267)
 (1.144826795672766,0.013649804180425471)
 (-0.48893566195677479,-0.24865936705954583)
 (0.56854242951279765,0.066927222939038786)
 (0.9426956175833523,0.11870457514869549)
 (-0.8137066027388119,0.054566189018830522)
 (-0.55667894491782288,-0.076192910248625886)
 (1.0821873860501143,-0.47267021052012281)
 (-1.1710551590065663,0.36985921198890104)
 (0.35742341819130719,-0.48285613302603414)
 (0.93681377349946204,0.50133243499667357)
 (-0.87434305941486534,0.26050387103562794)
 (-0.57372472745049019,-0.10690511600909919)
 (1.0472189168171793,-0.084476464935502815)
 (0.87664873496387863,0.74251069613103082)
 (1.3886492924776097,-0.078040838729383125)
 (-1.3172757204995089,0.16710851602701041)
 (-0.77757366528395955,-0.62091313204777054)
 (0.48580958286882103,-0.14217613056601511)
 (-0.80906280560046051,0.085492457553746765)
 (-1.2441546155786447,-0.18471991413577676)
 (0.82002552840600773,-0.22515946888794813)
 (-0.50303859538019902,0.02580557914582355)
 (0.64237213973911522,0.15592847964522707)
 (-0.83981149510175368,0.087649417613320138)
 (1.0116188279741336,0.28919114327335138)
 (-0.68014289493389479,-0.5090007530306464)
 (0.7482387826286222,-0.29622417275761942)
 (-0.66069006275735964,0.12365562342294363)
 (0.41029475630126716,-0.28308445617795536)
 (-0.72025712495412375,0.18619187728642952)
 (0.73310526841916634,-0.025637772928869294)
 (1.2404720245840231,0.37383653085230578)
 (-0.64485077070388808,-0.61216342538427315)
 (-0.92392265820199215,0.40644338586624329)
 (1.2492482950357957,0.44019175523870607)
 (0.88683435797699994,-0.36852058694591106)
 (-0.33215727504257553,0.26723340548376406)
 (-0.46493075363153902,-0.16506918448044783)
 (-0.70500270014597888,0.7011541351994125)
 (1.0361295237867183,-0.36620628488529278)
 (0.55184921438858847,0.42837511103697257)
 (0.87268885072974445,0.10254978779658269)
 (0.90428575502087249,0.18814444989350967)
 (0.43697771856394413,-0.31731067099061971)
 (0.78914328034753534,-0.33530782557648392)
 (-1.2206596124987985,-0.3703664709285735)
 (0.94321152767736971,-0.13171545949404984)
 (-1.2356766782387354,-0.59530461106791377)
 (1.4056571277861472,0.45103976591042633)
 (-0.99084721913643936,-0.033536145085783432)
 (0.48075338345787144,0.11818023296894864)
 (-1.1046435086298041,-0.04811469552648201)
 (0.77773784228746867,0.084219453168024483)
 (0.68297071128766951,-0.26920359604009869)
 (0.81937047687765641,-0.065291292494849745)
 (-1.2925700872766954,0.395020600593671)
 (0.80758375343398525,-0.22272088464823442)
 (0.97345587428087887,0.58117862059334024)
 (-1.207860629066194,-0.72483092379272485)
 (-0.24423861699289251,-0.14100395573272625)
 (1.2822045628395031,0.29093791612066966)
 (-0.69719926661870546,0.13732244643367356)
 (-0.63902123657038223,-0.6499903660507057)
 (1.3167048830161803,-0.28226043394640293)
 (0.94716811834289716,-0.3831800781167603)
 (0.9633053170592093,0.33937181256382293)
 (-1.2563177546650039,-0.25506935115917989)
 (1.3177733801912692,-0.076339011065028828)
 (-1.2922475619771854,0.25674490042135767)
 (-0.54513261402007762,-0.058146416938606955)
 (-1.0668687315456453,-0.099262958518020306)
 (-1.6112393905174127,0.61143978815232713)
 (0.69924296894080484,-0.079971743601083625)
 (-1.1049810490725294,0.31426611726197529)
 (-0.68148427343434637,0.35435376611972458)
 (1.0581756792275581,-0.29011970712346902)
 (-0.77559058444314977,-0.3742966846461841)
 (-0.50782893979773602,0.39313877595698815)
 (-1.4012566676553269,0.16828713170360635)
 (-1.5183577712747194,0.23097647696543006)
 (0.4986063399230608,0.25024956593012126)
 (-0.60774580123308608,0.060024900023894344)
 (0.77195504839075058,0.48904898351669146)
 (-0.65899226787861309,0.032563057378335494)
 (0.71916880820481066,0.45097980295524276)
 (-0.90372082167915524,-0.15448313079437873)
 (1.3053817643692338,-0.049052181629750405)
 (-0.90122788631606077,0.2604866032403359)
 (-0.61620413541134755,0.21104379450108421)
 (1.0872388246170896,0.83361765638190544)
 (1.2690912161889827,-0.22679091404506499)
