# Created by Octave 8.4.0, Thu Dec 11 09:47:20 2025 IST <gamana@Samsung>
# name: awgn20
# type: complex matrix
# rows: 2048
# columns: 1
 (-0.94973484269943098,-0.072539457850613831)
 (1.0763627525450701,-0.16981644482361288)
 (-1.1168265921920397,-0.17698520741172463)
 (-0.94810854536300837,0.046730415947685268)
 (0.92014296203162138,0.14736259049715977)
 (-0.93438762932594543,-0.051755889813161794)
 (0.92703288972898434,-0.069001300546049388)
 (1.0186426535035102,0.0030046155905876521)
 (1.0152151809727328,0.076671238360556254)
 (-0.98727610499889906,-0.048114285426111153)
 (1.1604617252402831,-0.17108564538614995)
 (-0.84812740006052523,0.0052029926774675743)
 (0.95787708011418282,-0.016467577554828645)
 (-0.93954747385980486,-0.0036105240912304506)
 (0.92871045790377615,0.046276736514298991)
 (0.96753210395316147,-0.010785642634559021)
 (1.0788811690417386,0.0083884553351262423)
 (-1.0256647676118962,-0.069636352201755999)
 (1.0955439920603021,-0.096747090190652155)
 (1.0521648515865778,0.05312550749589643)
 (0.92720112854909531,-0.064089304928790711)
 (-1.104440974168631,-0.013230340800549715)
 (0.90557935334327011,-0.050530915204348728)
 (-0.93242114191844161,-0.045345466170703258)
 (0.85926221353226406,0.069717252730889398)
 (1.0444741906019885,-0.040272639029996185)
 (1.0009644205582235,0.049567290624385085)
 (-0.96920515489426085,0.056816990448632844)
 (-1.1971037344675328,-0.054603500060624893)
 (-0.99806074626462504,-0.10445098275919658)
 (0.93331523353088897,0.011498257652426633)
 (-0.97388845377906785,-0.12684597342951406)
 (1.0713327082570872,0.018539406861187917)
 (-1.0814637409807104,-0.027702447010544654)
 (-0.9767380134935586,-0.081186455729245682)
 (-1.0695120046560376,-0.082160200167424161)
 (-0.90175895266422679,-0.025053573337949261)
 (-1.0747352998737749,-0.16736907242207022)
 (0.95872927988454981,-0.05019136767046966)
 (-1.051889418386446,-0.042742205750614271)
 (-0.97311103553818212,-0.02405079994010045)
 (1.0130659872866656,0.015125269656366278)
 (-0.9867316424538275,0.068605233776755065)
 (0.99589320775558554,0.028150964597746478)
 (0.94157070560864509,0.056078407385800499)
 (1.0698879961804089,-0.037068445681854294)
 (0.95636061096619629,0.12715356845466994)
 (-0.97233184096959779,0.031307948911882072)
 (-0.98355323847006071,0.051785523973775366)
 (1.1268256732215967,-0.037814567881087537)
 (0.93258523980537067,-0.088456981857948008)
 (-0.96394861503950791,-0.20905154253911964)
 (0.94496348838642175,0.018057897332992314)
 (0.99896034209485007,-0.0055956488090304285)
 (0.9893884876259732,-0.087249614151610436)
 (-0.98398861438532725,0.041117743196596099)
 (1.0780109914437779,-0.039477350773994724)
 (-1.0960732384950649,0.12936483141715593)
 (-0.97916776138330841,-0.064701056420293265)
 (1.0484636750306822,0.062586114766948295)
 (1.1402873965115066,-0.086754326067025073)
 (0.99415683001746047,-0.0027946486356820247)
 (0.94859684602307082,0.052223855748874393)
 (-1.1150138934603526,-0.12189723069909822)
 (-1.1086922475404415,0.051181247382081567)
 (-0.98253665837656867,0.10642793817823348)
 (1.076222544266505,-0.062867791708536222)
 (1.0870497698471104,-0.095236240974668124)
 (1.0622748455597726,0.087434005369893958)
 (-1.0249035859153992,-0.0378194285358536)
 (0.94993692979918554,-0.036455642030156596)
 (1.0272588784147132,0.0020260637889980256)
 (-1.0150124404319854,-0.0052639289751013714)
 (0.97790237803755997,-0.082262704274507409)
 (-0.96575280985247769,-0.024448158314158568)
 (1.1299377912895157,-0.019568734708622335)
 (1.0581310190755562,0.093744605202321432)
 (1.0322842078461361,-0.062863906622221799)
 (-1.0907291119348497,0.12596394252603998)
 (-0.94335728563212939,-0.068726894226419963)
 (0.96077429522110402,-0.0038578814899887016)
 (-0.93351638026233719,0.048792461794561738)
 (-1.0403083818695955,-0.046099938182160377)
 (-0.99081274953098841,-0.01892770139926828)
 (-0.90323449765323049,-0.021736048638818596)
 (0.90085560609276005,0.023269282811420617)
 (-1.0294036343439157,0.17499314974529004)
 (-0.92800877575352936,-0.1340029041127809)
 (-0.97027617750172857,0.049157406296361006)
 (-0.95935445380453166,0.083825314512643329)
 (-0.91726324497367429,-0.021124136933174685)
 (-0.89304140933547183,0.0050350029433341029)
 (-1.0409741513365172,-0.026568230436979808)
 (-1.001205798589065,-0.052870565287073179)
 (1.0353104122276844,-0.11619112150212114)
 (1.0292182180790481,0.040832670309741137)
 (-1.0373721979750601,-0.024896609461951526)
 (0.94624303286916112,0.11173387455185922)
 (-0.96676509974429559,-0.049997575886460366)
 (-0.98363119655398212,-0.0045730275249317521)
 (-0.90878722091860109,-0.0030335926759447237)
 (0.98968645743846073,-0.11429521386972906)
 (1.0678460760031108,0.01346197691006876)
 (1.0109096169747813,0.080065031683099253)
 (-1.1923417204059432,-0.10493854516124529)
 (0.90659565426017608,-0.020041493860235779)
 (-0.94382253670816518,0.059381307503334348)
 (-0.9987174966854232,-0.089349376492490029)
 (1.0164447402200372,-0.03418579981115806)
 (1.0360538676542945,-0.17557560578954803)
 (1.0782944357455384,-0.020953584334100356)
 (0.9508361905351157,-0.033866826660853194)
 (0.98682528704716443,0.18659270741281286)
 (1.0138304176312054,-0.0071000062420206421)
 (-0.92823645761744888,-0.093767275989610543)
 (-0.93405338836404961,0.08519000033654979)
 (-1.014572693504957,-0.031620980072727491)
 (-1.029025334656769,0.026171194534495221)
 (0.93304015863671308,-0.0876354786251093)
 (-1.018648735310083,0.039296247085874439)
 (1.0964272506498456,0.0077082555991582428)
 (1.0319905952775139,0.05122583466005895)
 (1.0816479948364708,-0.0357439480220633)
 (0.99599463688460976,0.00021055388772739587)
 (0.89044595742506971,-0.045026395038831032)
 (1.1246384472365956,0.10980146345213034)
 (-0.94432268379688977,-0.0011154977287701382)
 (1.0366874642971053,0.043113375227689606)
 (-1.1189307951671206,-0.00084367757640200255)
 (0.97403784080129097,0.051415716502089731)
 (-1.0240721006910782,-0.083494582929023786)
 (-1.003162320834599,0.0059974118376964506)
 (1.0146873691447116,-0.036670388202387667)
 (0.85451415236323047,0.052485120015200983)
 (0.95951423499374278,0.029720555584384092)
 (-1.0954196441364183,-0.014408368413493475)
 (1.0933556369078694,0.042338074422314631)
 (0.88723231325767826,0.17019789150481845)
 (-1.0349529352293081,0.03722813565594503)
 (-1.0309658011167109,0.011426102109995027)
 (-1.142737013259169,0.016847696850895256)
 (1.0379061288860258,0.022663951323808877)
 (0.97783216445591359,0.010824792681025548)
 (-1.0223429127697867,-0.071949843043977835)
 (-1.0593064485039843,0.088261394224136536)
 (1.1541130981714791,0.0051398568316621237)
 (-0.84519934532679086,-0.0045278931346218179)
 (-0.88962672587450042,0.033594618654679193)
 (-0.99138529554240884,-0.0074498943178731517)
 (-0.9098809772913502,0.046518517388168153)
 (0.84849923349454281,0.015862877962051238)
 (0.91563016045118018,0.010075433286043984)
 (0.87581536326570453,0.018213842384265589)
 (-1.0116093263314192,0.017166847004135226)
 (1.126293147534547,-0.0069302447531130159)
 (-0.98552054447664528,-0.031026803418683094)
 (1.1004863569885412,-0.053065633290904829)
 (-1.0742910230974283,-0.037577481478394306)
 (-0.96332264063610351,0.030613385215422791)
 (-0.96898076346918804,-0.015533154505002819)
 (0.98150232201311893,-0.055439709486924553)
 (0.98133631052824755,-0.011532655298196526)
 (-0.90406470702914477,0.063778474475451014)
 (-0.88515158506857705,-0.0016451230815255997)
 (1.0597305994642519,0.027298816553658109)
 (-1.0804065862822729,-0.024333540664962044)
 (-0.93786554449145854,-0.052022539536135629)
 (1.0495417597781869,0.060704104496758726)
 (-0.85526739419400433,0.042492776743466992)
 (-1.0804281579957831,0.0019321764038554845)
 (0.89855678550660278,-0.10740553779090532)
 (-0.89217024708169268,-0.04928846138779077)
 (0.98765932673751777,-0.073356300488223877)
 (-0.87392908110852063,-0.0063717428134932187)
 (-1.0650509971720119,-0.0086410413152359141)
 (1.0445470170431586,-0.0040100331527489676)
