# Created by Octave 8.4.0, Thu Dec 11 09:47:20 2025 IST <gamana@Samsung>
# name: rayl
# type: complex matrix
# rows: 2048
# columns: 1
 (0.81868444947528807,-0.26648041930305105)
 (0.59307702919959393,-0.32145761728852518)
 (0.15824722905893418,0.70363527664084247)
 (0.77995293078047079,-0.7586583136211178)
 (-0.1961190180940264,0.26823068821919149)
 (0.73154869090110441,1.3911367692863088)
 (0.16741703262344576,-0.053180945862583026)
 (-0.22123233707325896,-0.70222942849900405)
 (1.6478583375774594,-0.1940005753005857)
 (-0.80745644057338384,-0.29287603443694676)
 (1.0112461979378757,0.072623079413793076)
 (0.8767046877391923,0.45546666096836158)
 (-0.044465163115000747,-0.33106867729369521)
 (-1.5684094136488043,0.49000420625399083)
 (-0.15641327024530122,-0.10417738106566732)
 (-0.014010040108032902,0.29888424051399914)
 (0.10118109231002932,0.48250914276286733)
 (1.1459549751685023,-0.43421308867908492)
 (-0.32207115789594415,-0.6532784556712975)
 (-0.21334044772569971,0.34698353540788934)
 (0.64247375092276393,0.65470779324659201)
 (1.0175230410044676,0.080831023420536857)
 (-1.3177288663372566,-0.055988418082225787)
 (0.36456406129123559,0.15227817855160536)
 (-0.025715833951563079,-0.23106257416007253)
 (0.57245078947610839,-0.78711523282139406)
 (-0.0064671387467364018,-0.84381410219087782)
 (0.076829660219897442,2.0263529562572757)
 (-0.5249713370451482,0.55872884723345373)
 (-0.2078912952420903,-0.47253685600734141)
 (0.3264276524941509,-0.25946130878734225)
 (-0.23378352223163992,-0.34870168017444975)
 (-0.20608757611208917,-1.1465291813783327)
 (0.76615266204274168,-0.70961287715396948)
 (0.79018989876909351,1.323016617890425)
 (0.69988518187063675,-0.77060711319864683)
 (-1.2013814778556211,-0.94719308263388802)
 (-0.19057013744712614,-1.1137084321518371)
 (-0.18749344355682585,0.93422259259385787)
 (1.1826355095512013,0.10241779834305248)
 (-0.76226709596762721,0.47358154651822559)
 (-0.73207294320655059,0.43091684919732115)
 (-0.25434391587093319,-0.16927075963487748)
 (-0.094008809904826116,-0.12312387275008843)
 (-0.091021790665147623,0.83635696168402118)
 (1.9317779167828089,0.17861153021882653)
 (0.36721203079610448,0.33181471006321167)
 (-0.038004425931544815,-0.452596651685993)
 (0.060257681795145283,-1.1394743752010359)
 (0.25932412586125414,-0.17705688639854875)
 (0.77401741626201248,1.3846321600400351)
 (1.1445777344852663,0.17204551308505728)
 (0.0384319282757071,0.013780117787278973)
 (0.82636759966860596,-0.60123634436821227)
 (-0.77894808928742665,-0.28122994762826137)
 (-0.29010265204954511,0.18167180642446848)
 (-1.2236511793577738,0.6760781554634413)
 (0.18474192468945083,0.32542121643276894)
 (-0.056968124495266066,-0.26112919697728443)
 (0.33073495156766142,0.42089613839074064)
 (-0.35423568424352686,-0.295617317855567)
 (0.37111511064688796,0.76832966583704709)
 (0.56555374247906154,0.23063051241680788)
 (-0.11851343098802052,0.24436631103311246)
 (-1.0813761869861058,-0.99934932362511908)
 (-0.49995596504007556,-0.47877326899702544)
 (1.946639327260357,-0.45603353736567359)
 (0.014051019577166484,-0.98482031736246389)
 (0.52090601444184714,1.0828130750287321)
 (0.05219388707587088,0.076303468684111822)
 (-0.30042413431797316,-0.67486771273993129)
 (-0.26166447241082658,0.37725464499320505)
 (0.99007729333471128,1.5440194339791509)
 (-0.50694389231269421,-0.7640750021009437)
 (0.79881505527593077,-0.79238632707913204)
 (1.0029315885690973,0.92015467254419325)
 (-0.077805408223171321,-0.0083821753374060497)
 (0.59919668543426108,-0.73503194822410933)
 (0.099166888758930219,0.22916581250140269)
 (0.10156627722121704,-0.48607204558032141)
 (-0.31622065661545545,1.6355737632471015)
 (-0.23667876201792382,0.80647851206800936)
 (-0.12560132081932127,-0.40394500780689635)
 (-0.74476106439013745,-0.50327051827447888)
 (0.77131867063763693,0.30555622045525344)
 (0.076422286385114988,-0.40417831309250701)
 (0.23532555380973799,-0.017039160464154674)
 (0.13791304459134299,0.23609888374606608)
 (0.67073943947073045,0.13662804652144689)
 (0.48585664828990499,-0.21771320115644538)
 (-0.8966321543856467,0.61405141255337314)
 (0.15245230956364855,-0.31955106765384522)
 (-0.43899715873332612,0.67096843006848284)
 (0.94665853109178666,0.71378210951828769)
 (0.78265328470441209,1.1967779040419475)
 (1.3170689835180684,-0.84592831842288907)
 (0.48436571506116483,-0.14610005587050429)
 (1.0759651634171328,0.45300829589038205)
 (-0.2837154705984487,-0.76432454919478288)
 (0.093603743663589201,0.56253799547108863)
 (1.0009950945708301,-0.40428136941741233)
 (0.46466578501396844,-1.7620890393333881)
 (-1.8831662393352864,0.0097964118188342154)
 (1.0283686613895979,-0.17789393756919863)
 (0.049554062081014996,-1.0992911924056559)
 (1.0097771263429107,0.51950673696414185)
 (-0.69248054189639052,-0.95109911520518153)
 (-1.2089572058784466,0.020664638621844849)
 (-0.2728832856476871,0.34762230085796919)
 (0.19281227109631346,0.7769320168603665)
 (-0.91584233332151965,-1.0023721764916107)
 (-0.036819291751231782,-0.20955169759057135)
 (-0.019726078199062202,0.075685847687703658)
 (-0.7107402830744749,1.0108407899349177)
 (-0.15924775943130659,-0.39037392488501599)
 (-0.32115370336258342,-0.1034800064696156)
 (0.21645883718825429,0.013783404208008065)
 (-0.80547730271722295,-0.16877219417090483)
 (0.29758278534277904,0.46322919902216614)
 (-0.39462444284597409,0.48265688391709544)
 (-0.37546126908645766,0.072190139288692931)
 (-0.12866163312034784,0.50998042929863574)
 (0.8091652726835924,0.78925098696016938)
 (-0.83858102021264569,0.14451119443680344)
 (0.50509997668526374,0.93869691333263661)
 (0.12850236063120626,2.0321009468538325)
 (1.7245813452337388,-0.66626972112294813)
 (0.36211829915514665,-0.75267322194634589)
 (0.014486890218874036,-1.6052083216167927)
 (0.86006728871751592,0.54608475172482362)
 (-0.029458522577701676,-0.22087949224701278)
 (1.0103007705243028,-0.36690829020720911)
 (0.32958660225489866,0.96183625522891969)
 (-0.65363673095245733,0.10921678180157955)
 (0.36347842349460041,0.46799525714327311)
 (-0.46536560472205724,1.6513126234159075)
 (0.88506311785959191,0.5629576204451634)
 (-0.44311319417949491,-0.84303527910475662)
 (0.05479285064926584,0.46660647378991277)
 (0.80430342178156222,-0.03930510261234188)
 (0.61966184817856651,-0.59487250552520143)
 (0.71057708344691006,0.71289095511900002)
 (-0.57636256610287306,1.0273486218473553)
 (-0.16547930313637524,1.2736314239989375)
 (-0.3565345251045654,0.23623728600979593)
 (0.68810254991802577,0.5263518215472317)
 (-0.073473097213016758,0.6119467887238581)
 (-0.80457495883420937,-0.4593908568557839)
 (0.041361147637356169,0.46774150149754457)
 (-1.7000534673509955,-1.5047162445576769)
 (-0.035620888447220146,1.0362722999953768)
 (-0.24149085724776004,0.18099961213096671)
 (-0.51575544878211532,0.24180729621668895)
 (1.4516750243823675,-0.00044135639849973853)
 (-0.84332037156001893,-0.7198064241569283)
 (-0.96547890535618774,0.2634284987524898)
 (-0.79503112525617359,1.118358282379823)
 (0.85072146746555621,-0.5908147055367996)
 (-1.4977262687881148,1.3237506867693691)
 (-0.16312801767700671,-0.18607761641548956)
 (-0.34033283893561345,0.91761395836385773)
 (-0.10763271378262648,-0.86361750663248449)
 (-0.65079414477838571,-0.23298414110547785)
 (-0.62018561350708068,-0.11829521562901148)
 (-1.0238012885893699,0.1167690169334382)
 (-0.48963659259447823,-0.75877424248379799)
 (-0.62263149120181571,-0.42322220316253489)
 (0.19920878336944361,0.23897832097727659)
 (-0.15428778369872526,0.98139287960577837)
 (-0.94677767706896288,0.99729282668633179)
 (0.078165421113833081,-0.35327653252145513)
 (0.6806794196496202,0.6638268256563713)
 (1.2152715241959295,-0.40409352368745888)
 (0.93971178658446908,-0.15136606557290985)
 (-1.0753274917425069,0.21885178888451681)
 (0.13281607141664345,-1.1330560837248638)
 (0.042798246309702075,0.15732975260174081)
 (0.076349906305457294,0.81974103481518801)
 (0.83048682194811319,-0.14522638114436526)
