# Created by Octave 8.4.0, Thu Dec 11 09:47:21 2025 IST <gamana@Samsung>
# name: rician
# type: complex matrix
# rows: 2048
# columns: 1
 (-1.0119526140946269,-0.016662152398956621)
 (-0.70731812562135254,0.30444270632583209)
 (-0.6474545694948709,0.31972551939709826)
 (0.92716779752811396,0.017146054090021998)
 (-0.95835634180411733,-0.038573263045836637)
 (0.57900824057680789,-0.15764525041191227)
 (-0.79100251385190246,0.095469710868925889)
 (-0.11726142394369843,-0.024712039409982695)
 (-1.633422271437603,-0.55649286492965122)
 (-0.5862700013833535,0.56509134497911384)
 (1.0878056156715568,0.22101471036490991)
 (1.4719589747410255,-0.34196261510617393)
 (-0.27155893328607761,0.28924675891177037)
 (-0.93487767494567897,0.68803203572731508)
 (0.21534660450317833,0.23455589191755397)
 (-1.2752976624780623,0.54904580573196171)
 (0.91776137097707033,-0.097329696261562446)
 (0.62347686994249252,-0.13574105718194873)
 (-1.0700759452518995,0.086293026704285541)
 (0.77210638787465136,-0.13162727261637902)
 (-0.78978490364713283,0.14888069133100845)
 (-1.5697784210891923,-0.06052516425902061)
 (-0.86010495371389128,0.30322647372428913)
 (-1.1385491083393575,-0.44940240561150285)
 (-0.88001683270604913,0.32281842053408633)
 (1.0831398208528822,0.35768262228082426)
 (-1.6196438275548477,0.67666458080956893)
 (0.9356063283023679,0.07638775357172109)
 (0.73968435233143148,-0.13102276027824816)
 (1.092595900825001,-0.37377735639485704)
 (0.28665594026687735,0.52394294067178415)
 (0.95234161445535193,-0.14686544195316231)
 (-1.4001192991645879,0.47144997781598941)
 (-0.54004839709597185,0.13372017112369436)
 (1.1337605245549724,0.17752372483002082)
 (-1.2576922194692359,-0.35295102554805846)
 (0.39783166549727794,-0.20926704151366909)
 (0.10638999794351467,-0.79537936304888079)
 (-0.38779194137161549,0.095524924537896197)
 (0.77027237919573244,0.0067233765044077028)
 (0.34496666259741859,-0.27106936161704309)
 (-0.4979819314515293,0.43195159016823292)
 (-1.538077638976449,-0.38097998066791394)
 (1.0620669426873797,0.24325234865751028)
 (0.13564711586384004,-0.21709611848792931)
 (0.84484858939449969,0.20867019047611285)
 (0.66346676023046958,0.7614888198885067)
 (-0.940365034209381,-0.30911277845607699)
 (0.83186782122655789,-0.16098480238080329)
 (1.1793645108872559,0.40520240621644887)
 (0.70854196574461747,0.4419268398545726)
 (1.0421718672006104,0.19811080821568211)
 (-0.66105788169667046,0.32101575366642904)
 (1.0968028268866259,0.25032398066991773)
 (1.3097473941605664,0.01746993958529466)
 (0.9319765280128115,0.12619307629402257)
 (-0.41118695877205774,-0.057349076673063451)
 (-1.4877339108424583,0.10487347697343857)
 (1.45233902080698,-0.14101205945063777)
 (1.5362480549134476,0.078334472830690643)
 (1.5264522105607519,0.37622216623474003)
 (0.49621797484477936,-0.047989414425248691)
 (0.74137762000474261,0.19681193809786951)
 (0.63857559293318389,-0.060654486613112672)
 (-0.76539496903836879,0.29620371555003183)
 (0.78897275573496728,0.19295147974233426)
 (0.44533753058992204,-0.61760127490101346)
 (0.69408610294400763,0.31271347629287177)
 (0.12330580612663466,-0.10850096121696416)
 (0.17316036814979896,0.28637854264443857)
 (0.53291517208545836,-0.2769173348270223)
 (0.73109186653455482,-0.16859940717222369)
 (0.40255419140124504,-0.44909310213872344)
 (0.32351521586541376,0.1492740122350725)
 (0.57718481508330621,0.25431435598312807)
 (0.95058630437442249,-0.017832034898586861)
 (0.93298495459094755,0.18228481853886977)
 (0.95640262313288715,0.17959284362865119)
 (1.4765839378976402,0.51743079791539248)
 (-1.3073523979523769,0.26927473241405447)
 (-0.64827445041463805,-0.23796733496621075)
 (-0.60455798234761104,0.3013506033648678)
 (0.89080780397163306,0.67734354573481248)
 (-1.2890296221938378,0.014907257877084282)
 (0.76121233544817746,0.20669276887496227)
 (1.0369841437421077,0.76411997385667441)
 (-0.80323077976413249,-0.53655837033053488)
 (-1.2930892822762419,0.35214873218753728)
 (-0.51326951053941317,-0.55841958962720406)
 (0.77034052142036524,0.18625559214376422)
 (-1.0389081557464801,0.65544993977415278)
 (-1.3702489244521008,-0.13375375220344843)
 (-1.3671459021238062,0.20835471138265876)
 (0.99616399719954118,-0.57435740837992622)
 (-0.78872208236412522,-0.089556732093027641)
 (-0.4683189756592735,0.79532324610515337)
 (-0.50696934217620659,-0.10531770168094944)
 (-1.0842727357770263,-0.092393311441927556)
 (0.5951902683496153,0.047296486730279058)
 (-1.312401107685262,0.50456420881698283)
 (-0.67626346945221871,0.24157454565451877)
 (1.6377691415048781,-0.53663060899800985)
 (1.0027147504790168,-0.19740121476886885)
 (-0.72259408778933221,0.60850964212830616)
 (0.59909070401003939,-0.24414017807726227)
 (0.94078670649276419,-0.092183050309156203)
 (0.78429540084998295,0.03006628385176641)
 (0.99444001585456998,-0.41320129988122012)
 (0.61999331050995421,0.12151769945588053)
 (0.82915523314002815,-0.11923858886783104)
 (-1.3208376622140352,-0.083592279794139926)
 (0.65448198328993912,0.19651907532905219)
 (-1.3403622965519495,-0.080939475522679508)
 (-0.80321443504535639,-0.20969750905551002)
 (0.81766437402610581,-0.12046818300611958)
 (0.19376962749909588,0.49314270689593293)
 (0.46054090312831591,-0.041978968629450136)
 (0.62820510224615678,0.57914476745306875)
 (-0.78206150472453029,0.077308776784124858)
 (-0.38220525300403935,0.028486422500251279)
 (0.7834572399884282,-0.46236969381127307)
 (0.77057168591090353,-0.44028217299148098)
 (1.0236787501132565,0.001704903584844659)
 (0.41969400197809476,-0.43396496312444693)
 (0.90604990782659434,-0.46787159260245359)
 (1.1746886418985176,-0.25866009136850066)
 (-0.64063164715339882,-0.28427100845441217)
 (1.3793619502728065,0.39786652909009346)
 (1.1168406466245027,0.4284191772209619)
 (-0.082522082774328598,-0.39364139930980019)
 (-0.75044190428489577,0.49848294696702244)
 (-0.25327660488872139,0.24164753698393934)
 (0.99079329801156923,-0.68424519845731235)
 (0.94605970203141099,0.52411546370805973)
 (-0.52640813277374487,-0.18417819900347035)
 (-0.66689268839688376,-0.12517383543364038)
 (0.97751032573660868,-0.020788530867342173)
 (0.76194585002719395,0.025466195918309922)
 (-0.72746536644886617,0.26353340001653186)
 (-0.79237278135216416,0.16888263020319888)
 (-0.89001793280825414,-0.2497380194782973)
 (-1.1336920803552224,0.43712290465154796)
 (-1.3849512671346624,0.19109072734111274)
 (-1.0169373691877919,-0.16177591899388263)
 (-0.84210649885506372,0.23474553255063985)
 (-0.57104344738862156,-0.25917263437762889)
 (1.1095876754641985,0.53749632427694938)
 (0.72930457401919302,0.031207522105400457)
 (-0.99906009658889505,-0.22439439769624073)
 (-0.85779168745780565,0.37523973106393421)
 (0.45806781285303511,-0.065949826595606803)
 (-1.2353786879964661,-0.17347891691549472)
 (-0.42448666993633427,0.16511523305543313)
 (-0.71999510160372759,0.194648045950091)
 (-0.68390503997960572,0.51435154288468177)
 (1.2998222639665824,0.48105085861232882)
 (0.65988421730982139,-0.010305381056853394)
 (1.1131650345184674,-0.037833514251398803)
 (0.6507442433466587,-0.59133952671864021)
 (-0.86797605027720137,0.058003112377299118)
 (1.1268146267861872,0.32077971363626701)
 (1.2925895281103574,-0.46239695147641696)
 (-0.37123998200627162,-0.39592310300264466)
 (1.048082341587838,0.51471725449140571)
 (0.99131829311639708,-0.22701915078189827)
 (0.6477204750076927,-0.18326374986681579)
 (0.62201867460679772,0.18264178769198458)
 (-0.68343934838297071,-0.67443132558964702)
 (1.3045331553816428,-0.48130118035132724)
 (-0.64245944748585337,0.2273684675251644)
 (0.89357702649853799,-0.076304698007401001)
 (-0.73057403794185372,0.081021456578634382)
 (0.38997001194358127,0.32574333766598784)
 (1.3443618915542519,-0.18973286053716751)
 (0.25411865129593691,0.5226922642552525)
 (0.4671969282326105,0.49850890540983611)
 (-1.3034863283019282,-0.60557782874949817)
 (-1.0298522821561664,0.18254417775375084)
 (1.1572281881041837,-0.40896224604027498)
 (-1.3163235348341673,0.15338747193476482)
