# Created by Octave 8.4.0, Thu Dec 11 09:47:21 2025 IST <gamana@Samsung>
# name: awgn20
# type: complex matrix
# rows: 2048
# columns: 1
 (-0.9742186490284177,-0.039680396540079002)
 (1.0095712043881542,-0.052242139817777811)
 (0.86679235570695701,-0.12994626319246844)
 (0.93904223973101864,0.039089760489367173)
 (-1.001917972097734,-0.053103604542944688)
 (-0.97041100055332474,-0.022153356661594764)
 (-0.99078446732233438,-0.093391201174327268)
 (-1.0023828470505476,0.060629036957931183)
 (-0.92339948039217201,-0.070669525003894604)
 (0.91149297582541378,0.040619383388498208)
 (-0.92923656321365422,-0.02046043821528231)
 (-0.95413586437012499,-0.04250785931677583)
 (0.96915105679495439,0.039768041714740167)
 (1.1180103830947716,0.038339571318627141)
 (1.0735858476767293,0.0024140576138885986)
 (0.96362686293759414,0.013463118611029995)
 (1.0443082871894884,-0.056915739285096939)
 (0.98210805434127368,0.032696261396021324)
 (1.1410908334781624,0.018977141067544601)
 (1.0862557869097416,-0.021335686187517276)
 (-1.0402317165580395,-0.091437997257293069)
 (1.0254997194901585,-0.050849492891432847)
 (-1.0757834436464189,0.0089482657170210349)
 (1.0630005142025682,-0.077292938270971875)
 (-1.008455609260436,0.15610111117522504)
 (-1.007974104563905,0.067511309127356464)
 (-1.0728393738205779,-0.072839105872567075)
 (-1.0661694168117632,-0.034436084249033584)
 (-1.1690528521725112,0.0369989502099978)
 (1.0632154044716731,-0.044915552124533825)
 (0.92391954259349152,-0.1157321943643882)
 (-0.88767807748301064,-0.020608004036412202)
 (0.89675124171110354,-0.014674134122793982)
 (0.9572312927172294,-0.15744882747827982)
 (-1.0238606640493628,0.0094663670745838979)
 (1.0282339875951894,0.020174137179378174)
 (0.98436525874025138,-0.0084953292288142603)
 (-0.99184886901988378,0.024153319474715565)
 (-0.95226682196399204,-0.023482433281613663)
 (0.99282942530947604,0.022287068786125262)
 (1.0666563115609449,-0.067945329690915601)
 (-1.0472863141885411,-0.026624185547303725)
 (-0.96837569644668908,0.10758887738964547)
 (-0.94907106099555172,0.053173330367492715)
 (1.0438119606902312,-0.081975431025477649)
 (0.9863996644229126,-0.11249431678849542)
 (-0.97667455398538772,0.015476489274350497)
 (1.0313936623848703,0.031015957759914638)
 (1.0558955912743335,-0.0064606798884540356)
 (-1.0357888195301057,-0.042527600423965597)
 (-0.92515190497626942,-0.052349500941477459)
 (0.87859974167886057,0.091813203831491108)
 (-1.0300899380163673,0.072058915834279716)
 (1.0177141098998412,0.10008454969282854)
 (0.98445670870255697,0.11010654658284358)
 (-0.99623638549146309,0.031748323706386007)
 (0.98105678103765015,0.11848025633290282)
 (-0.87274036091446183,0.063713385080633525)
 (-0.99751622940718288,0.048581805039894531)
 (-0.9466579525203096,0.016236545572850779)
 (-1.0871283810008892,0.06135420547455929)
 (1.0320885967431672,-0.13162147046802936)
 (-0.9812090701111813,-0.035973268808413207)
 (1.1377950057688073,-0.11024169797763883)
 (0.99148158373150785,0.068245906413265098)
 (1.0106085683796098,0.0010428460013839794)
 (0.92033195592339923,-0.11262333666658274)
 (-1.0878877680903205,-0.08851310068100611)
 (1.0756813016244433,0.071890911392391219)
 (0.97709554328325743,-0.088513452350354044)
 (-0.97426087516795978,0.024300700156125146)
 (-1.0312273333110045,0.031216347064728624)
 (0.9425784531896827,0.026968830262164862)
 (0.93322378393847805,0.0060376078293301336)
 (-0.99763846313361992,0.06472053701257735)
 (1.105707910230981,0.024044287972454653)
 (0.97241919725178394,0.024075139078891028)
 (-1.0671752404903294,0.097245041430445087)
 (-0.97819899493846552,-0.042025222512472343)
 (-0.93541729837838761,-0.028200747192976362)
 (1.0108058848186234,-0.082442279170150637)
 (1.0765358543130474,-0.057020478575097872)
 (0.92705383581386058,-0.053334431825620032)
 (-1.0744861505432557,0.073146405302830023)
 (-1.0793372189118944,0.028796732507488459)
 (0.99154022429489086,-0.10526105501407619)
 (1.0409557809585592,0.019507912507935966)
 (-0.85816762984949901,0.068181337898437278)
 (1.0092860321859973,0.11467575044980355)
 (-1.0284418668738644,-0.01966545054588166)
 (-1.0780457677037685,-0.13254656997768188)
 (-1.0587873958122562,-0.15094244222198899)
 (1.0971192243217913,-0.039336772145117833)
 (-1.123788855460047,0.06967294063407295)
 (1.0014678308175098,0.052714842569633526)
 (-0.96323434504903793,0.0049371623755339062)
 (-0.95503916530286159,-0.086730633182786149)
 (1.0722951649874668,-0.016781167662476004)
 (1.0202573865337232,-0.057911225321491122)
 (-0.99669143175797026,-0.014268033850188057)
 (0.99981155795699161,0.11820961011975678)
 (-1.0215493886007845,0.022699899383353123)
 (-0.88767962259136257,-0.069984863885821896)
 (0.94439334495449334,-0.11870902410841651)
 (-0.95816545673164211,0.11182620905281127)
 (1.0292119849472912,-0.057931444386556952)
 (1.1034314379240704,-0.040633187338224873)
 (0.97033016070320577,0.048280353581493241)
 (-0.99575469219960011,-0.0053696653719071943)
 (1.0495335642399892,0.063289578205505015)
 (0.9856255255955273,0.012707033916351444)
 (0.94498437457812323,-0.13362679942680386)
 (0.95323380208429986,-0.05574862562523214)
 (1.0115380983249238,0.0012448751229351945)
 (0.96241891011175917,-0.041109946897047125)
 (0.99250316947679007,-0.041562623312318692)
 (1.1175534840881822,-0.0051998574020828822)
 (0.95938437299531465,-0.029896672783295282)
 (-1.0580674688640104,-0.069092281259217417)
 (0.82945293899204453,-0.10259686809222755)
 (0.99195360587227277,0.13819038274083392)
 (1.0076836777917595,0.023853925637612912)
 (-0.9825820003679111,-0.069455471064848395)
 (-1.0186450377230751,-0.042594553235987827)
 (0.91840607275044961,0.016620812743045121)
 (1.0171924894597901,0.041352387092932597)
 (1.0109670902381791,0.065060369752976119)
 (1.1085446898528846,0.13869446154876575)
 (0.92409863153033178,0.059890641316576593)
 (-1.1265091970227825,0.062873631652457893)
 (0.97922154160994146,-0.065498951322705834)
 (-0.94267248492786671,-0.012117218600256519)
 (1.0542827512964918,-0.095039712228493847)
 (0.91264860535075043,0.07207504824951666)
 (1.0042529406919039,0.017169380933968244)
 (1.0042621272331222,0.2156946276688001)
 (0.93856838473899629,0.060342257928178204)
 (-0.98127967344957789,0.051448395544768391)
 (-0.93452182138670148,-0.06124898989450666)
 (-0.97362519894936428,0.141064074214625)
 (-0.87829918533089146,0.060738932732716334)
 (-0.9547870235736281,0.13908290822314781)
 (-1.0076550358563763,-0.034277665356592178)
 (-1.0217471552538462,0.021299648603133298)
 (-0.98000301742909623,0.11788272243189993)
 (-0.92556651233366449,-0.052765939297920908)
 (-1.1832881653405058,-0.04601592945262814)
 (0.91583538404828391,-0.021831363572521842)
 (0.922348055899055,-0.025583383205765992)
 (0.95583122274726762,-0.051353630084599838)
 (-1.0138600585149966,-0.16460283621210692)
 (-0.86878843773521053,0.041183758824712743)
 (-1.0367744682017681,-0.08698771851871949)
 (-1.0165885355212241,0.0048990462901074422)
 (-0.93818382122110866,0.023498030567028799)
 (1.1623903998253984,-0.063392170417990792)
 (1.1470776511139831,-0.037279415754050783)
 (-1.0016885208135013,-0.07725439816926831)
 (-1.0635803039824361,-0.013838879719106299)
 (1.0737631971611306,-0.12236050785892515)
 (1.0996944792903169,-0.035495268207225525)
 (-1.031697950079062,-0.033787410051793088)
 (-0.91694287091644355,0.016002935044690744)
 (-0.94793182434402168,0.036276644334079858)
 (1.068946999765813,-0.036635385514092046)
 (-0.97682538367431992,0.084957739801653498)
 (-0.98643152734740469,0.005092274710314898)
 (1.1063557002237039,-0.014177759824967915)
 (1.0706697263780447,-0.079359391368914095)
 (1.0077845208571916,-0.066895960744266611)
 (0.97228395140288126,0.086780728717793479)
 (1.0277240146436495,-0.15786767437721469)
 (-1.0261700452595788,-0.10042459227003971)
 (-0.94400436923930309,0.074287222986240145)
 (0.95511785510263636,0.067062376788730324)
 (-1.0102837065519232,0.060531753066571131)
 (0.94607712861344417,-0.016031672414175302)
