# Created by Octave 8.4.0, Thu Dec 11 09:47:20 2025 IST <gamana@Samsung>
# name: awgn20
# type: complex matrix
# rows: 2048
# columns: 1
 (-0.98775325612710074,-0.0022884108833811099)
 (-1.0212468220374198,0.017299215257627423)
 (-1.0974561791684569,0.018772136225809838)
 (0.98751493841635796,0.039877393571922513)
 (-0.9701927535815843,-0.05715854545132272)
 (1.020845253176158,0.01236036199216705)
 (-0.93730713583749425,-0.024448828558076285)
 (1.0752867132621833,0.054690632716308397)
 (1.0082116034996789,-0.11637851121829068)
 (1.0078346113238241,-0.053356865709209902)
 (0.92063148687721852,0.0030579398258464034)
 (-0.97753427266084159,-0.016601987032498388)
 (0.96393393839927621,-0.035666278222824518)
 (-0.88907983838218529,0.061742616849949576)
 (1.0180443598270048,0.016114421587257729)
 (0.92305749442774176,-0.14081727819222287)
 (1.0794221366640697,0.14428631063336486)
 (-1.0707180663507534,-0.0040467314861740008)
 (-0.96974909924780039,0.028017912002565062)
 (-0.94861530553958329,-0.037511445955504104)
 (0.98635028054218643,0.06504554084863047)
 (1.0419768704636481,0.013150907330578622)
 (-0.93894263222502228,-0.025281593161519806)
 (-1.0102238760461362,0.032545948968301208)
 (-0.97170734181213714,0.1233521295620021)
 (-0.82740906224549848,0.026277686365700832)
 (0.97632559436879318,-0.075597202458461243)
 (1.0633170160234877,0.050239074306095005)
 (-0.98189505799345833,0.039101467845387781)
 (-1.0690974844578947,0.031625215906972613)
 (-0.99664893572281466,-0.06538533606970541)
 (-1.1008253050077064,0.035761275431043377)
 (1.039802994637669,0.085866377012856376)
 (0.97164694031185039,0.02619354051190317)
 (0.95742342968945271,0.072000763630636025)
 (0.96659249492886901,-0.044161780318443512)
 (0.98527281139298151,0.059876759145487381)
 (-1.018477324125836,0.034142318704139245)
 (1.0365897030933868,-0.071832783653919763)
 (-1.0895512486843462,-0.048939922254309695)
 (-1.0311723075638346,0.052139597980258447)
 (0.87640198495198041,0.023707246920870825)
 (-0.94164915019615369,0.015971354863002094)
 (1.0517652996460438,-0.032666723721254835)
 (-0.9602904809846724,0.027103646068995874)
 (-0.97474986459795021,-0.0049757049260207228)
 (0.8959965600564016,-0.082467033545023827)
 (1.0781351855047334,0.087204141598399301)
 (0.92629586561825605,0.0067907468010813838)
 (-1.062616430929423,0.085336892393488961)
 (1.0028635976687295,0.025375448296373251)
 (0.95633832712926503,0.150965785362003)
 (-0.95985681863378836,0.078722443208648185)
 (0.9757970854786342,-0.13396194981934165)
 (0.92610915858444487,-0.039163423482109445)
 (0.96913006002480984,0.11277849218656705)
 (-1.1070989680815435,-0.0034249856199676659)
 (-0.96524812988807185,0.031523915056197303)
 (0.96276935074786807,-0.061792789688847508)
 (0.99042666916863153,0.034706290020789753)
 (-1.0496484461391846,0.13064835058548663)
 (0.9892560273709089,-0.072229242549950598)
 (-0.97878970692201261,0.058955876928531561)
 (0.99315703468590943,0.020184348078618387)
 (-0.94091799126224296,0.0039080514741477784)
 (-0.88427316602087447,-0.017275416779388899)
 (-1.0649906617866089,0.057897677891480218)
 (-1.0607821903207622,-0.00061951971354984943)
 (-1.1354583396836133,-0.068070578067999807)
 (1.0659439626122842,-0.069063211777938019)
 (-0.92720340281165947,-0.088918559895205487)
 (1.0978901745012615,-0.02814302373886067)
 (-0.94630622314854507,0.070813964765990167)
 (0.94686630297711727,-0.020012032195016072)
 (0.85615957323050951,0.09057818970433211)
 (-1.0267156411641951,-0.083620581268732785)
 (-1.1014173486904519,-0.036006650212709546)
 (-0.98204976849639591,-0.039341621119458263)
 (-1.0721887376552459,0.019840637043836519)
 (0.96108359593149606,0.04374055799394632)
 (0.97556989300312624,0.098901766935926338)
 (1.0317663520339511,-0.077961378558063982)
 (-0.9184988811960586,0.0095500291992487163)
 (-0.99744736317166338,-0.01142614400980676)
 (-1.0757326529594473,-0.081565881789443462)
 (-1.0063149518049028,-0.043096501652440902)
 (0.87051910823487777,0.0022872347387319788)
 (0.91952988806582148,0.10215559263762999)
 (-0.95003243440821683,-0.063917872335566131)
 (-1.0239092580689904,-0.14485857813567496)
 (-1.032409909346105,0.042469185228052847)
 (-0.96005990323228796,0.058923449021554657)
 (0.99855403801786524,-0.04415268247949642)
 (0.90367458244145649,-0.13229464672017621)
 (-0.89579844964789079,-0.090331181254515461)
 (1.009444140074176,-0.042286550336742168)
 (0.93328277674685522,-0.037681191823473736)
 (1.0796409758443641,0.0068849157253775958)
 (0.92566729471941089,-0.04100811934964857)
 (-1.0212039570801261,0.13548098174126558)
 (1.0277629326956474,0.014148284953149518)
 (0.98549548883621063,-0.015398110494916179)
 (0.8741138545953252,-0.013663943451066399)
 (-1.0471566901717952,-0.021761503430428968)
 (-0.94096467194617639,-0.028855607625435899)
 (0.89455689995656962,-0.046385620511067489)
 (0.91721842089665717,0.0043380472955068701)
 (-1.0412927881828362,0.0035027631494119237)
 (-0.87013439529782999,-0.035490320875141763)
 (0.89000302369457429,-0.11123566524977371)
 (1.0410457568374565,0.084626185538237003)
 (-0.92940090903800887,0.071321863734648439)
 (-0.95486280086375064,-0.10768038755692044)
 (-0.99599890921170586,0.015298877004329792)
 (-1.0289158156291975,-0.026148280230438681)
 (-1.0255034393758067,-0.057696312999903035)
 (1.136474135720936,0.12091029113375246)
 (-0.88248295953803813,-0.064649782933459229)
 (1.0630152057272433,-0.0093121556585899976)
 (-1.1552214286162665,-0.073143375041007902)
 (1.0952926002566268,0.096296712108764324)
 (0.99078094357737756,-0.10062910839680035)
 (-1.0498411207515297,-0.0059161984675865807)
 (0.93416865733808385,0.077348822178750998)
 (1.0180572074731367,0.0093031640999119321)
 (1.013974936422134,0.16225676399087027)
 (0.90092828356288468,-0.12977661588817904)
 (-0.97094833551157156,-0.033301594374874399)
 (1.0248336850242625,-0.0018649318268600245)
 (-1.0259204465539598,-0.027669812311173294)
 (1.0623060981572319,-0.068401967460430549)
 (-1.1392538803307806,-0.019903059377465865)
 (0.87221349133009773,0.022751299404021208)
 (1.034749591408225,-0.017021627472925779)
 (-0.98627117298723888,-0.01864760992052068)
 (1.0915519826019744,0.0094262898627928988)
 (-0.96142937765988701,0.035857422187536403)
 (-1.0877258208131053,-0.07274205475537629)
 (-0.87203413633846849,-0.03318118090388554)
 (1.0580228465432984,0.014488217686344968)
 (-1.1728564658910705,0.10809892907025552)
 (1.0017129038524779,0.064187028921174824)
 (1.0693261188342447,-0.11729227566713146)
 (0.98962137500438097,0.04240708391860816)
 (1.1038016874273227,-0.10570083334736241)
 (-1.0022391071179166,0.090956680020672864)
 (-1.0596244619169308,-0.032836981958689331)
 (-0.95579517603954456,0.036726457253366096)
 (0.91775062391304729,0.035530271999926595)
 (-1.014367192172706,-0.12138493706471304)
 (1.0171141323138799,0.055810451220476953)
 (1.0133405837557301,0.049042803233761451)
 (0.98550892819985858,-0.0080251019851273597)
 (-0.92380734433126499,-0.03537114272933526)
 (-1.0407235309192131,0.030469907532710519)
 (-1.0458076813212607,-0.027786045621443274)
 (1.0125569664135279,0.11565290243142556)
 (-0.8543558333411011,0.060483581916996015)
 (-1.004057927373637,-0.034077765421424322)
 (1.0024190374344424,-0.075406574981589966)
 (-1.1131253729316521,0.089063024140962802)
 (0.95624149851138707,-0.023245699923365122)
 (0.92735394905214996,-0.089822071159729011)
 (-1.066070144942572,-0.082692746580263252)
 (0.98285725271500612,-0.0057403496787806173)
 (0.87535358460172186,-0.068579756365376374)
 (1.0227126274392515,0.012262771886574054)
 (-0.92627874507959962,-0.072027163919555395)
 (-1.0145857789556401,-0.10418391179878601)
 (-0.87534724579403478,-0.016128823204581123)
 (1.0195568256087846,-0.059193214785663986)
 (-1.0153791059547399,0.029539550003911737)
 (-1.0096256340366339,0.027068222850709985)
 (0.90796165231933335,-0.080588734149349611)
 (-1.0130331574060887,0.043027431654904164)
 (-1.0942043817320759,-0.13904813451948092)
 (0.85724587020549081,-0.20449678707905161)
