# Created by Octave 8.4.0, Thu Dec 11 09:47:20 2025 IST <gamana@Samsung>
# name: awgn20
# type: complex matrix
# rows: 2048
# columns: 1
 (1.0178372826535977,0.009091966077029617)
 (0.93200436913182416,0.11805142005809402)
 (0.97044277802147449,0.030230477351084313)
 (-1.061921918705004,-0.017764426197415348)
 (-1.0490570257940128,0.043886015110813498)
 (-1.043447393244596,-0.092834075868833729)
 (1.1525429917706442,0.030664118580941827)
 (1.0275729854827775,0.029206769286161789)
 (1.0856106723524015,0.035497327176715741)
 (-1.023028763497017,0.086447279540677699)
 (-1.0965893621335663,0.0035822205630746725)
 (-0.88663015791091304,-0.0045720616323484953)
 (0.88236423257160024,-0.12355600191896164)
 (1.2436846118211871,0.13329364724888965)
 (-0.99236257733019706,-0.005050197312522842)
 (1.1193419337167847,0.0047518092694886823)
 (-1.0671589532844126,-0.12630669640307407)
 (-0.91010308530572792,-0.015011195424881291)
 (-1.0777175540720125,0.075022605829421635)
 (-1.0789921238810947,0.098317876393456044)
 (0.97121539229935783,-0.10290842587175789)
 (1.0155423503258796,0.016771642441780324)
 (-0.99264157297455924,0.03795801642079985)
 (-0.9207451575308756,-0.13132788649874061)
 (1.0251563208958918,0.18259915862698872)
 (-0.91206081583405063,0.00043203227848241199)
 (1.1075453797114991,0.040508362240189687)
 (0.99132695691035788,-0.021119244152390804)
 (1.0182708383988612,-0.026360545240633235)
 (-1.0081794898566301,0.033141050553019337)
 (1.1467457752510173,0.01533176019329016)
 (0.98733322482034513,0.00221997970007212)
 (-0.94279339924964123,-0.06025509505545066)
 (-1.0052418900894493,0.054641897391966537)
 (-0.99041855767219167,0.0083500779228106239)
 (-1.0377699176264137,-0.097719816765824738)
 (1.0418084522728834,-0.003779568853884344)
 (-1.0778526484964768,-0.010161570779005286)
 (0.98291827296412082,0.043604968816129595)
 (0.95496860690159346,-0.023476999863415567)
 (0.93161610498169178,0.093009725187053305)
 (-0.91570626454110648,0.0026073197806543665)
 (0.99860765512903837,-0.090421150175553619)
 (0.94862576290358236,-0.11138952452596412)
 (0.87510247647260864,0.11111049079930718)
 (0.80142544693463269,0.06722154134414586)
 (-1.0984468650098611,0.10963885888132946)
 (-1.0532485785072869,0.0011883782119317711)
 (1.0542688622465344,0.012736575207321039)
 (1.0033618073762562,-0.042153934419262441)
 (-0.96001728002718656,-0.0054358187871551113)
 (0.86369309013985607,0.0096543946458537873)
 (0.99367602103960195,0.02391880797498222)
 (-0.95353361819829208,0.04635646259907978)
 (-0.96661430072039667,-0.032749619636493081)
 (0.8292620912173283,-0.026921462760417569)
 (1.0043721875457003,0.056349730649639752)
 (0.9887486083316539,-0.063899064477464837)
 (-1.0322851184742117,0.038130931701039192)
 (-0.97531889432078833,0.0030238317239949849)
 (-0.97887719566191267,0.086731288527955974)
 (1.0582329884844666,-0.0080548323888077738)
 (-1.0991976812970332,0.20631931013903726)
 (1.0864197727726368,0.017217361096675664)
 (-1.0883236667546121,0.065274098752972173)
 (0.99090843302910003,-0.16293587625626493)
 (-0.9257655998763461,-0.12800122047027004)
 (-1.158471303629435,0.058944904872758157)
 (-0.92252994300378877,0.14540478527607784)
 (-0.99401849836233191,0.00034373735331685992)
 (0.96007291950808693,-0.12576854886776695)
 (0.99921742174813477,0.027689842540488216)
 (-1.0646089707862796,-0.079943969822653185)
 (1.0605886450995698,-0.039378487490400911)
 (0.95374800376202273,0.032128166379154319)
 (0.99193859210519564,0.0071575651753925844)
 (-0.93776755294196534,-0.21356339590814036)
 (-1.1336313939217026,-0.053072155295211788)
 (-1.0376131880783483,-0.017766522152192096)
 (1.0457187093324796,0.011723834540557351)
 (-0.91554653722031443,0.046207048755615959)
 (0.97148746655421603,0.048157763138719202)
 (-1.1791702192078208,-0.076866406583912569)
 (0.9441570489116663,-0.03667887141429374)
 (0.98821455243401601,0.07990451498437412)
 (-0.91850221580214553,0.063887189855218254)
 (-1.0648002658643849,-0.085581077789514931)
 (0.94255405641203005,0.028891534963686197)
 (1.0725104192928476,0.01708515031971606)
 (1.0374252924413572,0.024936324888391821)
 (-0.90241453032989383,0.0056312000744568082)
 (1.1016645538087539,0.061112974853978708)
 (-0.86639968400379608,0.058731107475400779)
 (-0.88334674002420055,0.01094629452108495)
 (-0.99172443149891787,0.019415317226782303)
 (-1.0514199889187035,-0.064210999689903875)
 (1.167620882905205,-0.057436664864894474)
 (1.0129342102665526,-0.095105125440979099)
 (1.0586885820469103,-0.020883557536649892)
 (1.0139426033744703,-0.058362245793083335)
 (0.95201231570603173,0.033442697316995611)
 (-1.0166265054601611,-0.048014454905456611)
 (0.98957136220839115,-0.092091101244742596)
 (1.0359093258309158,-0.065376858939502056)
 (0.9864963196721046,0.085612213235823187)
 (-1.0164636253095809,0.052557951432729344)
 (-1.0709242055778718,-0.055330531656075467)
 (-0.90357141472051106,0.049146165607460171)
 (0.98910126478594473,-0.0080808195495017891)
 (0.93876012044914614,-0.064726513411723932)
 (0.95177740183285875,0.015313188581785148)
 (1.0856908158792469,-0.069464612134609069)
 (-1.0332314575504717,0.0055903881659130602)
 (1.1003309670476398,-0.019259751594780383)
 (-0.90400570008642789,-0.063014579213160379)
 (1.1100272916208052,0.11860370424722927)
 (0.92719338865506895,-0.031070524100288079)
 (0.9394456836753069,0.05203303027599069)
 (0.97156112201177192,0.10007508772898088)
 (1.0143255078685864,-0.0022106707420933001)
 (1.1566579642934571,-0.066190623728051651)
 (1.0105599253529547,0.028306550800009558)
 (-0.96244817520916404,-0.16868652707329596)
 (-0.95599249906225381,-0.063509357682330556)
 (-1.0836830317949058,0.13988333443336307)
 (-1.054462817311463,0.031402165867578311)
 (1.0060687060709037,-0.0023277672175336345)
 (1.0113213575565805,0.071619871153493289)
 (1.0224524380132187,-0.013241948316665392)
 (1.0228010018959055,-0.0050685745118222974)
 (-1.052962555482682,-0.052838721516555109)
 (0.98944345911818621,-0.048755167938307975)
 (1.0466361642504669,0.025106091022966473)
 (-0.99405576254470462,-0.10026355398376133)
 (-0.98128896038541802,-0.047272487470032813)
 (0.98891200909880417,0.12087953978559143)
 (-0.99379761873949446,0.03244894206132324)
 (-0.91875387440302891,0.11635616612621094)
 (0.96810779819672466,-0.082115607224914094)
 (1.0520898887886307,-0.050891784799122999)
 (-1.0020500078470727,0.034678117059480505)
 (0.94180525990218078,0.064475622756798204)
 (-1.02790054804124,0.11699444499879082)
 (0.85524196545628106,0.036705391933449495)
 (1.0049278862297091,0.060749081507940006)
 (-1.1183587571931584,0.033122711427016685)
 (1.0681444003915457,-0.00898630497768837)
 (0.99981401233545519,0.029748742137272868)
 (-1.054484521461486,0.075877609580984384)
 (-1.1171935902827095,0.042684047770762408)
 (-1.0713204264217522,0.015762335186859235)
 (-1.0147194182449562,-0.028912706554119524)
 (1.052380987594328,0.023725472456622258)
 (-1.0780598515180584,-0.10847126685327951)
 (0.93663212307823296,-0.096093787498586436)
 (1.0136171571876877,-0.11559242339576398)
 (0.99670629493444796,-0.14351746620286499)
 (0.91486610082759146,-0.12090505636223353)
 (0.95153853295517854,0.005098272810210764)
 (1.0429335793721732,-0.0039033767926034018)
 (1.0066745135989417,-0.1677774244759975)
 (0.96123888786117773,-0.021682631984895527)
 (0.93986130422211867,0.13611669070023155)
 (-1.0093250319227376,-0.17365000827565774)
 (1.1168827642141863,-0.042692979862467319)
 (-1.1040403124010216,-0.015324417048258543)
 (-0.93610770481281125,0.082579533112684456)
 (0.97098365120166474,-0.010533837098191617)
 (1.0462103381328034,0.052672057940018516)
 (-0.97426336487771747,-0.09437410463622202)
 (-1.0315841357394357,0.13064212675330447)
 (0.97809121681058964,0.08043418451795907)
 (-1.0102088513908547,0.13522769360189343)
 (-1.0002279658100617,0.030572785054572491)
 (-0.91921778207703109,-0.012734293753098697)
 (-1.0091799197600966,-0.058206269678240635)
 (-0.95887348011541507,0.14240863311532734)
 (1.1538054755363183,0.010963892495172451)
