# Created by Octave 8.4.0, Thu Dec 11 09:47:20 2025 IST <gamana@Samsung>
# name: rayl
# type: complex matrix
# rows: 2048
# columns: 1
 (-0.71121812494737724,1.1959447209851646)
 (-0.91692771562091546,0.96405382231048398)
 (0.69355239864955587,1.0287668320896506)
 (-0.68802698679015084,0.64443537183967881)
 (1.2955611672097658,-0.70471414151116774)
 (0.79954780372441514,0.75885280157238399)
 (-0.057538728849543003,0.61480669633844809)
 (0.12769274485218196,-0.27338820034738376)
 (0.3109559318578074,-0.10574694771434856)
 (-0.047081850698866348,-1.2133471807947362)
 (-0.062697071977894619,-0.5095589035594511)
 (0.030733200190666721,-0.28744412111048284)
 (0.33641206152456171,0.59959126371216087)
 (-0.82627279022657352,-0.97757612421702078)
 (1.1033334185774732,-0.76859355550078323)
 (1.1055039397371675,-0.11118711083209247)
 (-1.4168419857784078,-0.011260828402455824)
 (-0.2624061945999337,0.20470723608277533)
 (-1.2046331626321514,-0.45858522352629466)
 (1.6214995153908853,-0.014857620034457878)
 (-0.23213165139021597,-0.17930369501640911)
 (-0.83084733731254812,0.46775189911947967)
 (0.53548045946997169,-1.4739021010100233)
 (-1.4411059965896416,-1.3093343549625012)
 (0.57710887914094966,-0.91354084604544006)
 (0.68337860495238578,-0.53737399026115751)
 (1.4244450131124788,-0.06627046860676708)
 (-0.72387881047803138,-0.63737829866282147)
 (-0.35794473094286833,-1.2194466722083801)
 (-1.9336580571276727,-0.3445922626900817)
 (-0.15665125933807214,0.064225883490535762)
 (0.5750587714853348,0.48154005400366434)
 (-0.5637906458742169,0.54877599051244541)
 (0.024937346323414242,1.4272307111510032)
 (-0.12611019768051315,-0.62417378996273365)
 (-0.28032173581969344,1.6131529511025433)
 (-0.7823990831146036,-0.84803337021727043)
 (-0.75913339752343056,0.17445940581383867)
 (1.4125318976410524,0.15566884720804042)
 (-0.21133101130003865,-0.44603718634222694)
 (0.15337674012251784,-0.72376132106262248)
 (-0.0098600387094504617,-0.034302211713271254)
 (-0.050602686797176839,-0.71832618457972663)
 (0.80358497628146419,-0.071323535507308661)
 (0.64994409365219274,-0.39423172595415795)
 (1.1421971879622517,-0.082617622258378751)
 (0.0068963993323830144,0.23048609914112927)
 (-0.092878658482499946,0.41957000628852709)
 (0.066443851500853024,-0.043093467346606996)
 (1.0531940767023147,0.45898683132467161)
 (-0.1851195856434745,0.042659643412799625)
 (0.3126764005415123,0.05944342232054857)
 (0.53668313351290731,0.31213041322098722)
 (0.90801331295707877,0.39588457391730758)
 (-0.66128054994695129,0.39167772203027873)
 (0.19064342597312742,-0.38289660873678422)
 (0.52374961499879491,-0.79121112837298668)
 (-0.09865629560456203,1.3252404406584344)
 (0.98433832837428481,0.33831971021193352)
 (0.38088395972090938,-0.36197665104492355)
 (0.25904164022968912,-0.44424114683345101)
 (-1.0777706261553315,0.58102054320084895)
 (-1.2044048475233391,-1.2520152452354965)
 (-0.49376875787445473,-0.72236234637395325)
 (0.33314163353674348,-1.1910178955889943)
 (-1.3955233583741411,-0.32728878005721557)
 (-1.2049926232767618,-0.18857805551974627)
 (-0.20969246518179607,0.12290056197108047)
 (-0.6120302928981034,-0.47149757389595687)
 (-0.19331842403145233,0.37118703045382967)
 (0.94713754205777256,-0.28784420007754741)
 (-0.32309996557067272,-1.1920557294150265)
 (-1.0917452940186734,-0.46609265137238448)
 (-0.07038282609853945,0.01699557165839723)
 (-1.0007541214033389,1.7459358620989653)
 (0.38849545868417829,0.26963105174115765)
 (1.6547331651644193,-0.65665276819426888)
 (-0.077085351652156409,1.0915907949443848)
 (-0.76419920386513462,-0.99706937167406418)
 (-0.34835489499046379,-0.27994841564965206)
 (-0.62185344693049149,0.28104122688641653)
 (-0.32366313138552844,0.16974037503187725)
 (-0.17144119395988977,-0.15560366842398862)
 (-0.12972230104681412,-0.98738541904633181)
 (0.64735771871709014,-0.3538703194004752)
 (0.31139787218240333,-0.46086497059111498)
 (0.17472978208471115,-0.49436956606512483)
 (-0.077638770282046424,-0.11546252467349782)
 (0.51816656359104241,0.3439606341875055)
 (0.20774098021553128,0.86628426922499058)
 (-0.069449849092917154,-0.98641482627264121)
 (-0.054848494307655531,1.2252796916929809)
 (-0.38201089328524268,-0.1122942347744371)
 (-0.90070641394247242,0.0029689346489361816)
 (-1.3089478792466851,-0.76191317345996823)
 (-0.63513793040621747,0.21082074455298619)
 (-0.071989209749404606,-0.3799469009525458)
 (-0.10125719239321171,0.84936745220343746)
 (0.17107150065819801,-0.37443077850779616)
 (-0.15426338776165907,-0.37038616568120825)
 (-0.3102906002195609,1.2322745219393667)
 (0.5844794281625092,0.17820184749056531)
 (-0.46654439570532991,0.12830235382296559)
 (-0.75304529024596223,-1.2479202599335577)
 (-1.3478691975545674,-0.028345265346916285)
 (0.37733328548048273,-0.8280129389651677)
 (0.58572540972531628,0.44086788534135879)
 (0.12449818328814137,-0.029750046617254861)
 (0.68592795475317403,0.46983907435154554)
 (0.56673589531536084,-0.53939770602586756)
 (-1.3796684458688098,0.12454661478523132)
 (0.072200568870419216,0.76162731006570361)
 (0.16065121912398711,1.1752592197901746)
 (1.7153993539230918,-0.052834608710067704)
 (0.062481853157179613,1.4481788643453497)
 (-0.69833979521274525,1.9097812825198619)
 (0.06225748202388854,1.2638067892778195)
 (0.86744615126832436,-0.28773862920836485)
 (1.3634727250281318,0.14197448836770751)
 (-0.090344805500298622,-0.028957249817796696)
 (0.12192735814377458,0.0041318543272292714)
 (0.49669876742005897,0.70521105715049703)
 (0.4799258714697372,-0.64239527899832694)
 (-1.7514926776997586,0.17998781645670753)
 (0.18920527765504672,0.82487477475904991)
 (-0.40259166493358806,-0.8020802826604494)
 (-0.096628124861519504,-2.0663438050690695)
 (-0.28514099852054098,0.71330626426675359)
 (0.046754015305894868,-0.73290684030864184)
 (-1.0897997108248627,1.3220319544597701)
 (-0.066362126077965641,0.9915169308472207)
 (0.15692647221705094,-0.20110273749524366)
 (-1.197757039241228,0.6458536142491087)
 (0.99672522765317639,-0.28119623418708733)
 (-0.46317584048004601,-0.45424990494654816)
 (0.25308893387082015,0.41119222150068974)
 (-1.0086516722109913,0.34099910640893805)
 (-0.25023842574031285,-0.77281051964899761)
 (-0.10969665495074499,-0.31466441100760628)
 (-0.56156718354201118,0.60362554971098925)
 (-0.040779946902148784,-0.0185896775516474)
 (0.63202270207805178,0.50685942881104784)
 (0.24772425081356489,0.9604118870600924)
 (-0.16779468236576409,0.87495178689636077)
 (-0.70709508166793322,0.60641207726416357)
 (0.11918127310973355,0.27809729911803638)
 (-0.2804145265857565,0.0092321074280148803)
 (0.34780124639160487,0.14521266829016408)
 (0.12889596430415184,-0.3181810379186914)
 (-0.21866865262571639,-0.097573194661070714)
 (0.30664154265817312,0.1445516684838494)
 (0.26400954291623246,0.72817101092369896)
 (0.092770202259213036,0.53556262418668266)
 (-0.23669898931595049,0.090943704534736949)
 (0.90029058210196722,0.4139940629526539)
 (0.71257339862909785,-0.44895766984507035)
 (0.34658172487077116,-0.21277540346550555)
 (-0.28733875521465713,-0.508577133890316)
 (0.24397616249973403,-0.30482426181237254)
 (0.031011412375466545,0.73492399188655477)
 (0.033940077114563171,-1.3527883985631739)
 (0.65653973070151195,-0.80679692705770323)
 (0.56714277256624523,0.43085434410970358)
 (-0.6869708782841536,0.96934398900841101)
 (0.15177952035238701,-0.4249242126975426)
 (0.020057601152403792,0.41194404977227445)
 (-2.036064237476499,0.42662836827909778)
 (-1.2763756573901461,-0.047361162901907589)
 (0.25632331944494757,0.5399471168687745)
 (0.21299178271094193,0.3395819901064363)
 (-0.97961910398626884,-0.16133857384814448)
 (1.3179005528594807,0.068551781151630312)
 (0.30038491527862776,-0.59307398852945714)
 (-0.10801473249894231,0.60049958366267198)
 (-0.041519489655698218,-0.22029202733047926)
 (0.4621188352637185,-0.37242772977235072)
 (-0.032812291854492609,-0.23405462132013632)
 (0.72474079919327195,-0.37194258260312074)
 (0.20846472049615575,-0.070695920071261159)
