# Created by Octave 8.4.0, Thu Dec 11 09:47:21 2025 IST <gamana@Samsung>
# name: awgn20
# type: complex matrix
# rows: 2048
# columns: 1
 (-0.92318075143767953,-0.065546529901877301)
 (0.96805834306989391,0.0007143354591005722)
 (-1.0044864372407389,0.029966668622844386)
 (-0.94805630711610245,0.045203310293351895)
 (-0.99521221553342187,-0.04206542022589102)
 (0.99366879801689689,-0.031472721949345507)
 (-0.8806752701083066,0.11173173057975411)
 (-1.0652294156629991,-0.096073065244831349)
 (0.9593092627101405,0.012836320027105334)
 (0.85887717698216881,-0.037651477400342401)
 (1.0581143956060741,0.091456835460751826)
 (0.9477638785694632,0.028386956448705369)
 (-0.91423226527959101,0.068417989627920506)
 (-1.0119206013120168,0.057018599485977109)
 (1.0716664292426412,-0.10759190517462952)
 (-1.119468928150811,0.014948225202191572)
 (-1.0313590921463631,-0.099527069489027883)
 (0.94292110435440657,-0.032237908460159982)
 (1.0555366955199084,0.090270719783632769)
 (1.0129149862017142,-0.061338559774907125)
 (0.95707512566414454,0.0054837054753674314)
 (1.1170050699438507,-0.026502173521699812)
 (0.910502998506724,0.027752295400608824)
 (0.94149356759253655,0.087999820862472475)
 (1.053434956561784,-0.13371948791097557)
 (-0.96936492622481896,0.10795850496595588)
 (0.9873838916330745,0.072537181512341425)
 (-1.0459719746907097,0.039258768853428522)
 (0.98228795258359725,0.12040249116922828)
 (-1.0409844834535602,0.093447815818943347)
 (1.0310381442198877,-0.049018723400447994)
 (-0.99144752176262474,0.0080934406057421755)
 (-1.0417080574046809,0.098868707404001485)
 (-1.0116637105473145,0.079568037156951418)
 (-1.1038539433487184,0.074445600075792637)
 (-0.99762697237739917,-0.079118748296381075)
 (1.0548337407375881,-0.020520732227828523)
 (-0.96842024408019745,-0.042115603571545486)
 (-0.98617522043531258,-0.116725112965762)
 (0.83605068636339763,-0.037817056085881207)
 (1.0447400614818394,-0.0027165676399166193)
 (0.95096202238665195,0.077513138795437073)
 (1.0158468597563588,-0.071461613155898981)
 (-0.86453541579328808,0.04855375224494235)
 (-0.99593523231592018,0.091814726111416098)
 (-0.92740845571919051,0.032969553196704492)
 (1.0368417225346318,0.028211977868627905)
 (1.0313625505649637,-0.1040217290132881)
 (-1.0516809783618242,-0.022303084754476885)
 (-0.92126587439249708,0.11763837646298135)
 (1.0949039154333786,0.19848545549928365)
 (-1.0595224723265715,-0.037958984148964016)
 (0.99114001110895755,0.051389225394621985)
 (-1.0176291101548631,0.036880206165431133)
 (0.9037470048242926,-0.036326178666459139)
 (1.0389558736743514,-0.096510496244685232)
 (1.007216668673216,0.068473787976480946)
 (1.0268172292944169,-0.17027433233131772)
 (0.9504769125219511,0.030901937900026457)
 (0.95104095755323892,-0.0025483802061036652)
 (-0.99134215468754505,-0.061193793651190612)
 (-0.9145760305773718,-0.015018014936431269)
 (-0.94136422353602045,-0.037534219929526755)
 (1.0102492904591809,-4.5598165587237271e-06)
 (-1.0598453383840936,0.11479568986704435)
 (-1.0178722077337896,0.065421213141947265)
 (-0.9105311463196859,-0.019412652098708162)
 (0.92635034942753125,-0.096226584232640452)
 (0.88103970237346929,-0.11089636718033916)
 (-1.0472772696018045,-0.083285704332287547)
 (-1.135764813800868,0.057237271170520833)
 (-0.97063261589200023,0.10529709440582583)
 (-0.97789789414270401,-0.055938987895881732)
 (-0.97124535407927282,-0.061574767576936099)
 (-1.0380003439604364,-0.020655672488034571)
 (-0.93532463856372483,-0.02750936468353446)
 (0.94434912547882155,0.034649803326270677)
 (-0.98331044469895323,-0.055194402656320744)
 (-0.96875016605685405,0.042080969181914771)
 (1.0451142384244736,0.090363663630930041)
 (-1.0102653610786083,-0.058918725490024165)
 (1.0848846685055507,0.080193836084626088)
 (-1.0393121626439863,0.065536631908230211)
 (1.0165756022749748,0.017854480596426664)
 (1.0354843117074595,0.065912893567575057)
 (1.0398553914807911,-0.03433536804740072)
 (-1.1167869299312816,-0.00035856815166537565)
 (0.90537914987231338,0.060533853140589025)
 (1.044665593124545,-0.13505350095638796)
 (-1.1445187734702542,0.0083610220358106471)
 (-1.0136988940096088,-0.071342078193877417)
 (-1.0804126468599515,-0.037492930797601777)
 (1.0641522533419567,0.013875859075914643)
 (0.95389724322031355,-0.06705383353932183)
 (0.9169978904912307,0.018710906543550267)
 (-0.9052377196904412,0.01518425063755704)
 (1.167762637820962,0.063663683903067134)
 (-1.1020327975387876,0.029504032684158677)
 (-0.85588386482304546,0.051739243389770199)
 (-0.98952005714477287,-0.011284642517373239)
 (0.82248175840852888,-0.0076844819891787684)
 (1.2494788671891559,-0.10017474434798351)
 (-1.1083643229554279,-0.048510688696503435)
 (-0.98340339986047276,0.040071367481178628)
 (0.99686696999819335,0.019140373950896877)
 (-1.0448029105201773,0.069941533326518465)
 (-0.99809986974303655,-0.033190974404247453)
 (-1.1720887068098405,0.012163424837150929)
 (-0.89795413543169411,0.050666425522001735)
 (-1.0039468687193129,-0.042223725406160345)
 (1.0829036956619138,0.13435680900447641)
 (-0.99944238567520716,-0.018994252423726574)
 (0.97442138387236976,-0.0029552078010402091)
 (-0.98475539103849474,0.044022419467899331)
 (0.97706130724833595,-0.011104579416028203)
 (-0.99644541714309109,-0.023337543396684129)
 (0.98629964673992909,0.0021645985626038895)
 (1.0467053714724648,0.10174834926796195)
 (-0.9833555737116102,-0.056686843691470784)
 (-0.96250195711956432,-0.0069047175148247517)
 (1.0868530006920967,-0.013157963198226548)
 (-0.94042368390088504,0.075487377606154871)
 (1.0163049350323157,-0.022556473751565047)
 (-1.1795539758082478,-0.029262774213252209)
 (-1.0050815016106855,-0.0096461998978683919)
 (-0.95024678267931695,-0.046173719932623383)
 (-1.0392213271840878,-0.0089752081671137553)
 (1.0087639135855173,0.062968230274341883)
 (-1.0353178943349401,0.015957154897704991)
 (-1.0234017093798078,-0.026807698746688542)
 (0.94767382064057126,-0.083158657190417526)
 (-0.91908955546074067,-0.23245171861955921)
 (1.1185759014589927,-0.018685621875690769)
 (1.0121153415598156,0.06103692975885619)
 (1.0284210401705005,0.037286367305401538)
 (0.97523575152544517,-0.032920269294019852)
 (-0.909413662858373,-0.038443916032291026)
 (0.93768625428268171,-0.043644783870341521)
 (1.0133084111681614,-0.066487897535682364)
 (1.0115039701740436,0.014951277550044559)
 (-1.1050497242396384,-0.021111486288313414)
 (-1.0879111070186327,0.016450101562543208)
 (1.0898642967719594,-0.017865116327524768)
 (1.0430113435799397,-0.057400138265774073)
 (1.1533508491602484,0.16616044711491176)
 (1.0461382143629467,0.16830290474782547)
 (1.0409404194380321,0.013123706584402112)
 (-0.96387264423389063,0.023791201369481721)
 (1.085105919432346,0.11071736718356102)
 (0.96611661550456174,-0.0051712400593829652)
 (-0.96529242332420706,0.022365748233772742)
 (-1.0087041557935532,0.042180168433019145)
 (1.0104993937749009,0.055835333732093845)
 (1.0622941769523895,0.038025347479437283)
 (-0.92635654307547644,-0.11759824916736605)
 (1.0085436471554918,0.011215012939121881)
 (-0.99093471927576249,0.019521026224354358)
 (-1.0436143287263657,-0.025204601432635185)
 (0.98823808606661812,0.082729524554214895)
 (1.0593189303221844,0.16467956397680591)
 (-1.0244393961410394,0.076590996592692973)
 (0.96218582057758861,0.04111934629211994)
 (-0.9978428325500337,0.11856111256851679)
 (-0.8603687007241072,0.16202246691176159)
 (0.83777633027089538,0.056240767745663472)
 (0.96316628509561841,0.039902125378559875)
 (0.97963035906565565,0.087361357130308015)
 (1.0182062035092525,-0.0089996490501785195)
 (-1.0016459205068846,0.10909920664476731)
 (1.0918402084427474,-0.016571163639582529)
 (0.95799113758167631,0.022079783192659783)
 (1.0324119386818271,0.027495799506103088)
 (-0.98319155698579641,0.099182858124198803)
 (0.98019691936354447,0.018177027916583991)
 (1.031446313468704,0.031815326977486749)
 (-0.94751755722120812,-0.017715391597896646)
 (-0.98511371770086231,0.08254629906777898)
