# Created by Octave 8.4.0, Thu Dec 11 09:47:20 2025 IST <gamana@Samsung>
# name: awgn20
# type: complex matrix
# rows: 2048
# columns: 1
 (1.0429627388394456,-0.038868300679420237)
 (-1.2051646064342016,0.012916211228372068)
 (1.0032348038398504,0.008718519966718092)
 (1.1095145205387129,0.117136523288217)
 (0.97710280586414688,-0.049330343416086275)
 (1.0889327381509819,-0.047186574358091392)
 (0.98077508174872097,0.048834053365180541)
 (0.99424220625218607,-0.064614036719280718)
 (1.0321246408004063,0.073571663337691953)
 (0.95917598440167695,-0.021547767163507467)
 (0.84910160996074424,0.098005613632265565)
 (0.84328915399504056,-0.00071962260064089428)
 (-1.0523877002067799,0.074786143659642285)
 (-0.9086960702938558,0.034399058780082099)
 (-1.0288685698498912,-0.059894251810573312)
 (1.0077628564593089,-0.012025941116578535)
 (0.84319868247566387,0.032154535936399851)
 (1.1477710722732404,0.028671259317548149)
 (-0.95177673172969857,0.036860568898346706)
 (1.0004462898954409,-0.042489902912176247)
 (1.0082494740945018,-0.078406631718044184)
 (1.1451252883854892,0.1158750511020972)
 (-1.1102142180130028,-0.11072375466987372)
 (1.1418154388189914,-0.03957749360473526)
 (-1.0636591873545189,-0.018883521689545695)
 (-0.92162292081568431,0.0076653016455368889)
 (1.0071646596528498,0.03153552233823461)
 (-0.95110606428471189,-0.045272566767267194)
 (0.96627818409726496,-0.017695028000391435)
 (0.96690333147522889,-0.050903010603421256)
 (-0.92528189805724748,0.029003250751553834)
 (1.0030485829622187,0.024308211405432437)
 (-0.98048868131485589,-0.048987403249654136)
 (-0.88554522806748015,-0.060933868542474838)
 (-1.1113660968211687,-0.0049037482322190559)
 (1.093953728933363,0.055391101147297221)
 (-0.85519464233821074,0.07361712746372405)
 (1.0512016206945076,0.04229014684687462)
 (1.1285372561366156,0.11293663165697461)
 (1.0008710065937796,-0.071548628326136593)
 (0.95296953620362324,0.10704550274265622)
 (0.94989680499048357,-0.018488134547623408)
 (0.90480914923982625,-0.074441142799690704)
 (-1.0139860396311733,-0.022893562124410329)
 (1.1025593213109324,-0.11580252182467761)
 (-1.0264436590132224,-0.027174219657154958)
 (-1.0902291008695708,0.10821512136362144)
 (-0.91806527958813,0.003704760604772055)
 (-1.0649449069273069,-0.047109610853181383)
 (0.9298526623543929,-0.031521761817440055)
 (0.99087375933368893,0.054790333328697476)
 (-1.0412425992882728,0.072514541281882644)
 (0.99153006088866136,0.10168382623355386)
 (-1.027327383316853,0.01150464313497543)
 (0.9755938488976007,-0.021691697060898758)
 (1.0054487791486912,-0.10924825592727863)
 (0.9222803902035891,0.07310800136083262)
 (-1.0284064413019356,0.011184061150136414)
 (-1.0119539255981063,0.024807612902115271)
 (-0.88673967269963672,-0.13695497840519649)
 (-1.0648432930594018,0.034205421583406947)
 (-0.99771528820068112,0.044659648924140628)
 (1.1074031026955748,0.083742367927680125)
 (0.96633873396298764,-0.11278177524315487)
 (-0.94619756973928693,-0.014827106360101788)
 (-1.0149716705520029,0.074316034280184212)
 (1.0560893583632127,0.042918719555592087)
 (-1.0557650757894239,-0.022253399373507288)
 (-1.0989596339406427,-0.074707815517768769)
 (0.92826755192711574,0.010398195251273971)
 (1.1584604916402315,-0.073601237758691859)
 (-0.98789593915447627,-0.015796391093509259)
 (-1.0659072200120103,-0.034479659525456757)
 (-0.98143981035897565,-0.071299765044534488)
 (-1.034306215653116,-0.039902256216180404)
 (1.0079676660426788,0.078192469918968582)
 (-1.0736818353947708,-0.084450301500863523)
 (1.0905776277822925,0.061424262348182129)
 (0.92035731252586506,-0.014968798731691615)
 (-0.98666000774611617,0.019309132975241519)
 (-0.96907384416027065,-0.0025648316266892813)
 (-0.88693951108141034,-0.042658692437457485)
 (1.1631432371581325,-0.1162933011766628)
 (-0.88901877423211562,0.068798548305966087)
 (1.0366631914758138,0.035565076441302988)
 (0.99733229282662106,0.1124441852154426)
 (1.0245159886950213,0.046367522951770601)
 (0.95116886735439643,-0.092799932321996542)
 (-0.93750194979536983,-0.052018558307213483)
 (-0.94392416019417946,-0.020305576650231048)
 (-1.0392075038864759,-0.074494723739379681)
 (-1.0657706682130546,-0.030648791270460409)
 (1.0850504835179955,0.069049874207439285)
 (1.0371961348631125,0.053215195798041064)
 (-1.0621281573677781,-0.0076008746696994492)
 (1.0393039480883113,0.0034604262340448377)
 (-0.88686792303771811,0.04331628144648976)
 (0.97781211083244324,-0.062306021616165032)
 (1.0950621775931946,0.15148538620849783)
 (0.98754618552189088,0.11586801693849125)
 (0.88515340835667,0.091161086767528821)
 (0.94817283066806268,-0.088853000018714892)
 (-0.9861075220695219,0.027441553703272253)
 (-1.0394998415438661,-0.021886674409212929)
 (0.97159150217567869,-0.016646423217629353)
 (-1.0811043383743428,-0.10974406120901362)
 (-0.89000255373413217,0.0062665192396274523)
 (-1.0782855836065355,0.15378120569712528)
 (-0.8852372128492485,-0.030288454203781873)
 (-1.0408840012520348,-0.078329337348736983)
 (-0.82273477661109695,-0.022419170201987138)
 (0.97781439168997619,-0.017945603417532749)
 (-1.0362991331329023,-0.15683986940910197)
 (-1.0142240731450223,0.02739869849970087)
 (-0.95466650178868651,-0.030549261176782472)
 (-0.96580214464526315,-0.035158891695615001)
 (1.1519807143557999,-0.0017000794439085004)
 (0.99755662133884182,-0.093465952995865603)
 (0.98092250469302378,0.021440030762293963)
 (0.94652049653853343,-0.16056202896270555)
 (-0.93005652420999574,0.1323090192160756)
 (-0.97615034344304341,-0.0023276248516227974)
 (1.1873838230725482,-0.043936445754413883)
 (0.97114410549492181,-0.055339822084145077)
 (0.98858655623432745,0.21923011013676438)
 (-0.87138908204304277,-0.065509829718379972)
 (-1.0265377088600915,0.057284231468016401)
 (1.0254338936886138,-0.033413595178369719)
 (-0.96797415951888544,-0.03485303039727343)
 (0.96929548570742252,-0.031894299497964934)
 (0.99231926956095884,0.06970376116116471)
 (-0.85493540120023481,0.09076415048600095)
 (-1.0552802691213874,0.055343603772180797)
 (-0.95623907568766509,0.066491353209921319)
 (0.99178872130950901,-0.08173822117155731)
 (1.0131830009388396,-0.030333751887356139)
 (-0.92736657324139682,-0.084014121793028862)
 (-1.1779834163952931,-0.15542973034608712)
 (0.92126753840801234,0.1214146305039759)
 (-0.91736899367403457,-0.067177978450747092)
 (1.0231254018056923,0.0065048877312715346)
 (-1.0750625811038645,0.11056091373856605)
 (0.91092905187018414,0.034982995768622474)
 (1.0453554056847267,0.099268611573424606)
 (-1.0135539941944056,-0.017301963107306362)
 (0.95983579082281145,0.119049498426772)
 (1.0765069226392059,-0.072523797790610495)
 (-1.01533667869111,-0.01639473366884963)
 (0.96167122543213601,-0.087741234907489807)
 (-0.9303838276947255,-0.16356585552631941)
 (-0.91776588046884888,0.17835585105346499)
 (-1.0418899224795137,-0.020495562477670329)
 (0.98616989519158194,-0.095543339162283636)
 (-1.0625786135501025,-0.037016923528693235)
 (-0.91699491662463095,-0.033447280068377501)
 (-1.0891319075826851,0.042832887499357444)
 (-0.90349124113146018,-0.013266914041108753)
 (1.0004579628059682,0.10591537553973801)
 (-1.0789578151276618,0.066762933417969558)
 (1.0591128095571374,0.095129922298009512)
 (0.99116737435317981,0.0087140664282671972)
 (0.96197913469865215,-0.14014792876067816)
 (0.88682665485077172,-0.018731768941609276)
 (-1.0153596709401462,-0.027018566721069965)
 (1.0416600332395947,0.066891893532571398)
 (-0.88486647484884728,0.02414148917744979)
 (-0.96000122676145416,-0.13335298493022871)
 (-0.9215167922494536,-0.033339468593072644)
 (0.865275257118295,-0.11012962076325741)
 (0.98535134374771172,-0.029664186947102451)
 (0.94315591211067928,-0.060697951307770781)
 (-1.0590144803829959,0.012589410648402711)
 (1.0013960624718663,-0.066883701680498758)
 (-0.95315407629036386,0.077371591702658032)
 (1.0532605032900311,0.012767368825008488)
 (-1.0263845459595489,-0.018340028054494251)
 (0.88151795543940714,-0.041043933436853162)
