# Created by Octave 8.4.0, Thu Dec 11 09:47:20 2025 IST <gamana@Samsung>
# name: awgn20
# type: complex matrix
# rows: 2048
# columns: 1
 (0.93173317940663614,-0.052454469969739785)
 (0.98562827112689899,-0.011796241948405763)
 (1.0771082407691757,-0.049225477933645866)
 (1.0742339217645505,-0.053321300639641883)
 (-0.92384068516232765,0.057554379520502276)
 (-0.99576492746470857,0.081214429763856441)
 (-0.96143242112167226,-0.0029492983942339011)
 (-0.98776657308039861,0.0851758811126377)
 (0.96191654798237569,-0.054982393102817044)
 (1.036816197038406,0.078194774999147384)
 (-0.95313928170669682,-0.063676743768409982)
 (0.89902853234713398,-0.0011590680759820476)
 (-1.0171543354195218,-0.066428142327289094)
 (-0.93755202437030127,0.01026822924549102)
 (0.93848667769033645,-0.032679664243811003)
 (0.99721759674256505,0.05697771490256956)
 (0.79935850041693146,0.066967009390971957)
 (0.91937027489684464,0.016562037231672395)
 (-1.0231750761159102,0.18651668161935694)
 (1.0405532557913273,0.1147696576755468)
 (1.0048610380361755,-0.064859377901750587)
 (1.0459839065662055,0.00068728262201082425)
 (1.0644066222472621,0.067866417188148925)
 (0.94281463862649195,-0.041525465629576513)
 (-0.97825113262070351,-0.096196255208212747)
 (-0.93859354171782194,0.058387494320869038)
 (-0.92716368743671063,-0.015911032010103243)
 (0.96434437310883658,-0.079533749992954872)
 (1.0757898566244481,0.11145436364774003)
 (1.0467946781923769,-0.040794169662694703)
 (-1.0319140601502697,0.0056987126850230434)
 (-1.0687478225689655,0.14162993717481176)
 (0.94833104244901978,0.090987579944570421)
 (-1.0135034056547618,0.099506281370902561)
 (-0.92483353891926834,0.10157940281859859)
 (-1.0599073358453779,-0.08688809182456099)
 (1.028750308911796,-0.057203767049230018)
 (-1.112190957699752,-0.062102808643677933)
 (-1.030008685873212,0.051317776223968305)
 (1.0796804704695557,0.093795463695813042)
 (0.97476262039879857,0.043916113059044609)
 (1.0070788758332792,0.015538840256882012)
 (1.067912761466304,-0.0029796680418988503)
 (1.051009030837629,0.098132282201548848)
 (0.97215135483719606,0.15329106424419592)
 (-0.96394082704728135,-0.0071846667217199227)
 (1.118418263661783,0.036220281451544455)
 (-0.95490840237688934,-0.11246291135297713)
 (1.1269845894297279,0.11851130005172093)
 (1.0552473963066185,0.12173391429635481)
 (-1.0329601166337223,0.087120076144329456)
 (-1.05202203656486,0.16407659632081606)
 (-0.9594689694820322,-0.022730678726762436)
 (1.117551396065483,0.093565396434497419)
 (1.0086323022545156,0.11142039726236691)
 (-0.87792809632244717,-0.02312065532075145)
 (-0.99172289613819864,-0.026060897082814484)
 (0.96070304799928741,-0.011478923088819357)
 (0.98226521011880508,0.03731570145591194)
 (-1.0079723109416867,0.047007233842056392)
 (-1.1045503449728888,-0.032185469059165354)
 (1.1498464741189183,-0.035888917176018824)
 (1.009631638734205,0.090378488029267401)
 (-1.0655824198537627,-0.024765011003333469)
 (-0.97487350294919406,0.071292499535590345)
 (-1.0126753199222041,-0.13919470556590766)
 (-0.90075552940750114,0.12754406940233315)
 (-0.9929097598111214,0.11640108473371283)
 (1.0179556214683798,0.020419224047864722)
 (-0.99312785751050059,-0.062640317686452007)
 (1.0787582034800831,0.032354483345402994)
 (1.0449838920441714,-0.032156914967852078)
 (0.97618181863199449,-0.08603251788341687)
 (0.9565657573139017,0.062026504923917293)
 (-0.98837725411746535,0.13399567854058775)
 (-1.1003372535849214,0.0435341560238727)
 (-1.0103833895388985,0.030059557847719222)
 (1.0350346480036858,-0.004736701429182014)
 (-1.0761010039971257,0.065418609756567117)
 (-0.94604713307774435,0.0070930086589148511)
 (-0.94691572475427999,0.0092311495912722804)
 (0.87669806060292188,0.038192393540713077)
 (1.0326155601429829,0.027432482601946723)
 (0.98358533881460164,0.031804941807321713)
 (1.0941671968186915,0.078052180147477584)
 (-0.93101738029277559,-0.13476226609815992)
 (0.971007006591876,0.070722574644377215)
 (-0.91498967415860999,-0.049277921748649728)
 (1.0727104317375855,-0.011625179670727584)
 (1.0839847326165484,0.03736577004060803)
 (-1.0974433128292667,-0.019276158079509036)
 (-1.0258937496879124,0.024571146512965172)
 (1.0597246385621446,-0.088014262225861159)
 (1.1140590421176861,0.036222013227914615)
 (1.0501549611115277,-0.076445178780031209)
 (0.93698406017398284,-0.040187959288910335)
 (0.94301163519925291,-0.068387007315320741)
 (-1.0045527703968899,0.053784027122155534)
 (-0.98691098038804259,0.013376351377727722)
 (-0.93077408365076697,0.096755466710977039)
 (1.056108111730115,0.008631568555284316)
 (1.0204193525986824,0.056465735967552881)
 (-1.0465735681201156,-0.075168538457272061)
 (1.040257473274429,0.041338540013805408)
 (1.031301943768093,0.050551529732232238)
 (-1.0619963859602923,-0.065393923073927537)
 (1.0331432685988688,0.024736963597751176)
 (-1.023500446290748,0.0092601560317905202)
 (-1.0082559589758022,0.13104954386914197)
 (0.86215444151991338,0.0072015153993481773)
 (1.1884039689410517,0.0037513753587638519)
 (0.93347962407759333,-0.0083891455770714086)
 (1.1037745148853428,0.11378567897798551)
 (1.0293726244584813,-0.036080979161735027)
 (-1.0007692438675342,-0.092928383653602689)
 (-0.96585766761544933,-0.04602332529813797)
 (1.0186899043629605,0.053167947634095825)
 (-1.0341897972803769,-0.0013249037733748953)
 (0.95476976760831544,-0.088287459344208022)
 (1.1408679660732588,-0.030627481425812647)
 (-0.919518546472466,-0.07703229395004052)
 (1.0370153805629054,0.0070765863366554511)
 (-0.96657411653692205,0.14585354438640055)
 (0.99027821924372994,-0.062913525098582668)
 (-0.950422722046387,-0.09255642309587031)
 (1.0033123819454435,0.050994531779713428)
 (1.0553743776108795,-0.028919144490325056)
 (-1.0261984411567637,0.0053152177121926743)
 (0.93195548078554691,0.015038787242376115)
 (0.94218611091967586,-0.039985354794203627)
 (-1.0389114536033672,0.0061572146546023327)
 (1.0303755030042367,-0.062118437983255531)
 (1.0873219107340051,0.038549909843197172)
 (0.93200030953428148,-0.073841774136797877)
 (1.0641309466213509,-0.027782015457921777)
 (-0.98851921873091941,-0.013910096004235768)
 (0.91386877448753157,-0.014797989411835764)
 (-1.0395631532902057,0.020042854296050204)
 (0.79666969230177132,0.073014538585555622)
 (0.89407077093324361,0.0089532777566770187)
 (-1.0390667500275585,0.0044370319076260127)
 (-1.1238303249769572,0.022657343303686749)
 (1.0376018710278379,-0.035015987183147128)
 (-1.0190551785810285,0.028552365187400369)
 (0.98455330921014905,-0.08006611247404026)
 (1.0742086216617068,0.15807410964685609)
 (1.0129813632592453,0.056084862528294671)
 (1.040578558124829,0.076676740129854246)
 (-0.9819731436463448,0.012401986882082062)
 (-0.94777686069635647,-0.20593983681922362)
 (1.0561914000375743,-0.08762395654523826)
 (1.0453626486362482,-0.10917759758750362)
 (1.118448189430574,-0.050620165980882259)
 (0.99597769927845925,0.074945780596851558)
 (1.0264544332383603,0.07445373166790685)
 (0.97047597177194089,0.10121494654105732)
 (-0.92274700026781908,0.038566791849938158)
 (-0.95555543638703444,-0.093672804022356421)
 (-1.0802972418496901,0.053697690116262881)
 (-0.99805353959897636,-0.16699021994631943)
 (0.92696482890716136,0.032627355162149221)
 (-0.94939245425382923,-0.082165169484244224)
 (1.0901127217400011,0.0046021298795902478)
 (1.027625117441225,0.13244057674138188)
 (1.1039802846167084,-0.028225634226714376)
 (-1.1023142613914427,0.0176729196239599)
 (0.99739510499656681,0.17342555700998771)
 (1.0322040244407349,0.1203294658664885)
 (1.0204962584857569,0.032968794603463018)
 (0.92886666850158528,-0.086928088610985554)
 (-0.96492189714239951,-0.067719114622325799)
 (0.92081843462847057,0.10198232288160812)
 (1.1053316780098195,0.021693752912829586)
 (1.006482795853451,0.12894819876595862)
 (-0.93845770589767696,-0.062779037011077732)
 (-0.93827035536527736,-0.041017872902998846)
 (1.0075656258338255,0.006638278777952678)
 (1.0183185970297723,-0.00040604346927422194)
