# Created by Octave 8.4.0, Thu Dec 11 09:47:20 2025 IST <gamana@Samsung>
# name: rayl
# type: complex matrix
# rows: 2048
# columns: 1
 (0.55526381157526206,-0.14205506784823319)
 (0.4319435487522828,-0.15510109862823312)
 (-0.52091780144409194,-0.27597325765425013)
 (-0.44015668070875458,0.05621472987646893)
 (0.65581124326259288,-0.9902160897908302)
 (1.0297945908944439,-0.8306776378254026)
 (1.1172675959843843,-0.20291378595006865)
 (-0.19037885573210098,0.78438962346874475)
 (-0.15216436111181569,-0.30195389320171234)
 (-1.1262155256440167,-0.62669257947555124)
 (0.54776794285437758,-0.061420304424997837)
 (-0.72695444376424478,-0.39559162488114125)
 (-0.11795097770786572,-0.50634009091244736)
 (-0.2841498625022042,0.046575855141792341)
 (-0.45963674576464647,0.7110715322520812)
 (-1.2693894133508317,-0.15121726634173749)
 (-0.18055602632638426,0.31020419638627272)
 (-0.19060107357335593,0.12911818519943499)
 (0.67616375760674829,1.2933541806778297)
 (-0.60527879651937688,-0.37492346265153892)
 (-0.35821582039668254,-1.0084435191040777)
 (-1.0034592006512957,-1.2652324552625356)
 (-0.85811690799731222,-0.26580056581533706)
 (0.040054156440121828,-0.50429452224217064)
 (-0.33869502497181808,0.61706259543848407)
 (0.7911618597501312,0.11331757262232815)
 (-0.63195607380811913,0.10301927029932822)
 (-0.20396387416317022,-0.34352623536342147)
 (0.037935112102294617,0.58426322249489937)
 (0.40770734522584029,0.025149392859051965)
 (-1.313860752504195,0.76470014346019055)
 (-0.45652770024927369,1.3150394988952911)
 (-0.62232921327701474,0.52691656748047566)
 (-0.24141831276026046,-0.0326379685612007)
 (0.34322948799086939,-0.16148630089054128)
 (1.1811967814201847,-0.53086250145496205)
 (0.82926910729247361,-0.44450298400186578)
 (1.1153931542916089,-0.37977419323000888)
 (-0.99790607081874827,0.25943981254935106)
 (-0.3025859912909209,0.42016938624521932)
 (0.27099787466965175,0.24598148442445991)
 (-0.2278114709855284,0.45361513274609944)
 (-1.1929178701408514,-1.1011320440484396)
 (-0.017977984120054014,-0.32472585015197653)
 (0.86739132618884018,0.95947735373050025)
 (0.30364486006751223,-0.20551915790888006)
 (-0.41820950589775097,0.82072542900551593)
 (-0.31855169873996997,-0.35946536814768626)
 (-0.27671685585422501,0.53341966148214803)
 (-0.98989848147340009,-0.84517544796638155)
 (-0.20296516552763919,1.0410491276411955)
 (0.54756499601227004,-0.37728776273100956)
 (0.68612384130373849,-0.64482009973708043)
 (0.1360058598983051,0.34832071715928903)
 (0.01886744826208292,-0.35629928516260057)
 (0.2594469816412126,-0.83266130371156155)
 (-1.2335525542801076,-0.90607302569764869)
 (-0.40032488686642487,0.25264539354991827)
 (-0.10524993931790465,-0.78599062331435543)
 (-0.15596803012190621,0.22244776486611173)
 (-0.38856944943056299,0.12514460736745578)
 (0.68536948758862926,0.11151686512669066)
 (-0.50598994233145811,0.73283685053808933)
 (-0.29089427051049666,0.54888322461991113)
 (-1.5967609887105969,-0.019386771352344231)
 (0.49912720876636607,1.522887462371934)
 (-0.054757968842655783,-0.26910661939078473)
 (-1.0088043531911077,-1.9670475982305786)
 (0.6092794057521399,-0.62845609820414927)
 (0.2039626686399845,0.57487646847709939)
 (1.2114082904254302,0.41555616411816826)
 (-0.54063297102479935,-1.0581210698632779)
 (-2.1555543725705095,1.4717176237304377)
 (0.067098159510853655,0.045532851146273097)
 (-0.74306481505931665,-0.52368821947275657)
 (0.50317010451829747,-1.1018067582270452)
 (0.47245418451639065,-0.11395305413455714)
 (-0.23665839731300273,-1.0503514859429757)
 (-0.20483153621130504,0.34877116227353588)
 (-0.74314480514713155,-0.23852863624756429)
 (-1.2166259470014376,-0.48049910317058753)
 (0.2965682513462613,1.1740018749415981)
 (-0.81890721679947798,0.46723147915071656)
 (0.21720908535552819,-0.11373208496127457)
 (0.67933683231529352,-0.51199284303991033)
 (-0.053733088720678515,-0.26582744440677258)
 (0.83450938468291269,1.1236128810026398)
 (-0.68254820074046296,1.0321725013790759)
 (-0.46496060223153057,0.87109794160153353)
 (0.64057774323327243,-0.21822596496627916)
 (-0.012717837768890763,0.20393224879907834)
 (-0.70540146295109163,0.46261826416783358)
 (-0.84984496596197934,0.38337664364603524)
 (-0.72567985610360697,-0.43095387445533517)
 (1.2601875936287641,0.71828082984586994)
 (0.62538826231634537,0.24480011125054629)
 (-0.24868606168018786,0.86970374129675099)
 (-0.34613519446932872,0.57909951340268895)
 (-0.22744270467582117,-0.20452858790798348)
 (-0.51310064579306447,2.0877140932901757)
 (-0.82204870982740552,-0.15986985497641087)
 (0.40720068208349147,0.28357521609777347)
 (0.63701840189024661,-0.14867691960273785)
 (0.14128431858030138,-0.33313530323004248)
 (-0.026892250514759412,0.083007102411319381)
 (-0.81632718783366987,0.4085940430996145)
 (-0.089762693140109928,0.99191403137170253)
 (-0.86893288676849556,-0.44806889898124042)
 (1.9419620766402781,0.25207551632441189)
 (0.28731932421000711,-0.54110058250980075)
 (1.1991411401100138,0.15810909121752517)
 (-0.82608224947969555,1.0712615264969887)
 (0.11702795904953252,1.0061497701148578)
 (-0.37033702891540921,0.45359855957755441)
 (0.35706790320141069,-0.16083155949116562)
 (-1.1031401492914141,0.89292400986188669)
 (1.2710172535917235,0.44864884412324563)
 (-0.27336481122245337,-0.21617602015624435)
 (-1.1021654778739449,-0.12826813060971828)
 (-1.2022415064364083,-0.56431037396468464)
 (0.44613098253272587,0.39345609257068043)
 (-1.2250652431865501,-0.7784302746142775)
 (-1.3037461933672858,-0.75616342265478953)
 (0.016434391871140951,-0.98332423992873497)
 (-0.6542162909544047,0.21460209085334628)
 (-0.15418629264601874,-0.84783131845486059)
 (1.1816493281637328,-0.90567982660601176)
 (1.0236451645545321,0.16021824949170868)
 (-0.69819150786679174,-0.18500580253214999)
 (-0.050379699922537387,0.66539862824490803)
 (-1.747072938788411,-0.42201535514820976)
 (0.31249718542689442,0.14873460185056667)
 (-0.58382396741696607,0.4687023502517853)
 (-1.0363393755928225,0.0047639660386030605)
 (1.116806154811919,0.91880704485011799)
 (-0.50819643898966527,0.86904759416909583)
 (1.1330654657548762,-0.036094452542678526)
 (0.16187979981837433,-0.71338364516333463)
 (1.3358920996414396,-0.45919083425312801)
 (0.16194808124897611,0.90604042749395974)
 (-0.37844614686042283,-0.45809385703236671)
 (-1.0615208598000228,-1.3039146012073259)
 (-0.2356706340708789,-0.74837221959032518)
 (1.2663350322369495,-0.42123136712712644)
 (-0.85236481272734033,-1.1941407460392295)
 (0.47260020195675367,-0.559276561079875)
 (-0.75768537828559501,-0.3196937232974833)
 (-0.2793657839795457,-0.37089673715737559)
 (-0.44751668632805208,0.89487908441264608)
 (-0.67795638877088982,-0.71955311474576267)
 (0.19472502607318729,0.29725341226562313)
 (-0.55670391048052215,0.32011515840472748)
 (0.25863714972964313,0.37287368609532623)
 (-0.59363232895046014,-0.16081021549342048)
 (0.24578110482447946,0.089481781925974141)
 (-0.74612131225035527,-0.67030812779882654)
 (0.23752902301651144,-0.060720326480655763)
 (0.15045975255268323,-0.66649907195730806)
 (-1.7572061973384718,-0.20796234634305982)
 (-0.020173406151496188,-0.94523461172350531)
 (0.3205720346626692,0.92362843900880931)
 (-0.15262304735167839,-0.048871253058072543)
 (-0.26715175108647959,0.022228011786092808)
 (-0.37449098056884328,-0.13938933192071523)
 (-0.3058213716691805,-0.35975706960275472)
 (-0.85238727321162877,-0.022002106026468893)
 (0.026458165307900898,0.014898402904040356)
 (-0.92977161098915684,1.5691177489475014)
 (0.082047836979900673,-0.076773697461065077)
 (0.23817700733371935,-0.55046816881211802)
 (0.19585707370346619,0.93406843452336197)
 (-0.05054121624363591,0.22185879238419803)
 (0.39231571420468864,0.44769684837840823)
 (0.83307764918887384,-0.3015737206733699)
 (0.87535573050098681,-0.42760803503914341)
 (-1.0231316669070023,0.098684370867754626)
 (0.43317179205268302,0.66933042004462362)
 (-0.61859397997368237,-0.35601052648065035)
 (0.45284031050737938,-0.091092947144054026)
