# Created by Octave 8.4.0, Thu Dec 11 09:47:20 2025 IST <gamana@Samsung>
# name: rician
# type: complex matrix
# rows: 2048
# columns: 1
 (0.79199776043476366,0.41082520969905967)
 (0.86596921441346819,0.065796357169718073)
 (1.0405939235209321,0.13782918555403095)
 (0.63046251071971304,0.11944199747656667)
 (-1.1309700351830547,-0.37726682479643697)
 (-1.0523987189595267,-0.23319682605486178)
 (1.1286189470580532,-0.31930249354669943)
 (1.2587635018542565,0.036439391673895684)
 (0.35003502125634867,0.37045506487101432)
 (0.60133225975797056,0.37110215088022541)
 (-0.85898857255591055,-0.09640756076920165)
 (-0.97003947114730527,0.10825442141754846)
 (-1.1667767744226296,-0.054567971702966622)
 (1.0185319465120521,-0.3493224013605703)
 (-0.2094035454502079,-0.86828216251283963)
 (0.59434655914501278,-0.26186501235912019)
 (0.92171453471265075,-0.20338270818149359)
 (0.64638086465452371,0.2623592487227408)
 (-0.0812329717243917,0.15062716464775436)
 (0.86971974595788237,-0.16452955939568442)
 (1.0324894986718873,-0.038783645980983057)
 (1.063366506137458,0.039924900979020947)
 (0.7941700574633338,0.28215759509768917)
 (-0.9217912884241819,-0.075783034281908995)
 (1.2348791684180971,-0.26532280399104236)
 (0.81779376851319507,-0.12699103098400435)
 (-0.53339111722062071,-0.36477819785620119)
 (-1.0742061924017476,0.38422154556621685)
 (0.75159913061203276,0.077235768407494756)
 (-0.85039598534366079,0.11144002388244904)
 (-0.913684108683675,0.079295069405648524)
 (-0.7722628226899596,0.102573934905049)
 (1.424555826428203,-0.26329063720769846)
 (-1.027972771927196,-0.10595470878971409)
 (-0.8694631767613874,-0.29996937012250652)
 (-0.89013815176401589,0.24993891576230348)
 (-0.3370131816496813,0.11465513475955401)
 (-0.54661420080262801,-0.41471437110034676)
 (0.087907267679713241,0.19530495175867907)
 (-1.1229375130671728,0.2235981754210232)
 (1.0471253923795238,-0.14377852226775684)
 (-0.90662695593765985,0.18379844477276541)
 (1.0747274812180163,0.29852400347156227)
 (0.79862950814369982,-0.05574985284509569)
 (-1.2623236664722879,-0.128331067589398)
 (0.7583808574001728,-0.49386067077556972)
 (-0.81707878560949287,0.31633108995392467)
 (-0.61766950429513556,-0.22224750970873786)
 (1.2770117554203535,0.086696798937812597)
 (0.8846517039834304,-0.29293557096405753)
 (0.97042646328173721,0.31237415536072805)
 (1.1096077524627446,-0.69980396050945193)
 (-0.44004116991418746,0.14744631771332412)
 (-1.4930800985834751,0.5927799611522967)
 (-1.1482192540964733,-0.33950914214349737)
 (-1.0199980579614754,0.03361029689545917)
 (-0.25410805650293677,0.29181251456063978)
 (0.8643200998042071,0.31514290651735888)
 (-0.72426717606583713,0.30488654172530671)
 (-0.66286778696820514,1.1275301922946215)
 (-0.60382474579663525,-0.056124851451012002)
 (1.0487450808822532,0.14605164930033829)
 (0.48439422317282727,-0.57028172081485484)
 (-0.91169544235685585,0.73786782210720259)
 (-1.1520155020925333,0.01173833289248203)
 (0.87989691817854165,0.22151207501611556)
 (-0.36877987142556984,0.27657767117545412)
 (1.0211526443532237,0.11913771462839658)
 (0.77486912041597433,0.82985056833902271)
 (1.0453154294769813,0.48481415225018554)
 (0.84664208526476437,-0.39712389495316397)
 (0.85332628659925758,0.0046883287639632705)
 (0.71342105694662294,0.10687459354161868)
 (-1.3549290170470689,-0.047038924951736158)
 (0.80007235729102788,-0.15619102048722727)
 (0.72466375880747591,0.2136880530557459)
 (-0.79069054939438477,-0.088219971418924154)
 (0.93077770546826366,0.23377408856584064)
 (-1.1994526908451146,-0.292888603848522)
 (-0.5497414035750714,-0.0034306465437916093)
 (1.5260792439796467,0.10064646749354411)
 (-0.90861241343600263,-0.47549995639858916)
 (-0.86562802410394268,0.1325193881307728)
 (0.69901299641417225,0.18798873749211031)
 (0.46783247240127296,-0.10551651017169709)
 (0.76676962948129312,0.083666261423418029)
 (1.5201929920793305,-0.46308062842067593)
 (-0.98355645765576105,-0.85222025137732915)
 (1.3390203708721342,-0.15391388582274654)
 (-1.1620572093802242,-0.44621883252355632)
 (-1.1928119754776687,0.042433576448511014)
 (-1.5336647512628341,-0.093599037669192198)
 (1.8067959396195348,-0.51447104281409251)
 (0.62821813326761788,-0.20261178357777154)
 (-0.87005933884705045,-0.058884284150303452)
 (-0.54812564814442355,-0.5009927773753623)
 (1.1900683762810864,-0.48221582288132503)
 (1.1592436546147324,0.29306876205830834)
 (-1.0675960635360595,0.38320363126500984)
 (1.7984442584906977,-0.056022283965176022)
 (-0.76830212576924017,0.15206154378656375)
 (0.97364768878589758,-0.29316600668372422)
 (0.78491031316335247,0.10968316328133959)
 (1.2291404119663838,-0.36552388543835923)
 (-0.94671142967549593,0.084658509604459906)
 (0.83578779377245549,0.5314268071749072)
 (0.9467624152262698,-0.11156974722875135)
 (-0.15665216567419871,0.075968781151192058)
 (-0.37143601125280679,-0.24841172726482824)
 (-1.3338790159068967,-0.32584750980754384)
 (0.69361358150557539,0.76585915411003314)
 (-0.72550734780467163,-0.089607191934385724)
 (1.1976853261327858,-0.32552654598497677)
 (-0.28674397609860258,0.35929435050492187)
 (-0.41740028917267075,0.31957945694891843)
 (0.99988818409031388,0.010683522645301586)
 (1.0637716825529657,0.21531061170061222)
 (1.5176544144024908,0.36765388936635501)
 (-0.63254378597618521,-0.39736797049685646)
 (1.1257203378537826,-0.10704338594643877)
 (-1.3260127014399679,0.0080849523455686269)
 (0.56744522264349917,-0.37098528205265624)
 (0.35996019822066705,-0.31290331727254261)
 (-0.83439203490756075,0.6435136810668004)
 (-1.4309967163759865,0.088145327172784227)
 (-0.79866015258692047,0.37886861784390757)
 (0.60248508446316684,0.086840116012277341)
 (-0.47948541635038888,0.27975378838059128)
 (-0.90850018462907323,-0.013944877699932884)
 (-1.1359361273164383,0.29453170664473893)
 (1.3172129617545807,0.43205906853348403)
 (1.1633269860743265,-0.29409694094395528)
 (-0.87741564960782836,-0.017466022775383064)
 (-0.43666564491719562,0.31806749414452656)
 (0.67381200425522603,0.21338167634022681)
 (1.3563949733709884,-0.11001802373062057)
 (-0.36401609721520933,0.36836816465013178)
 (1.0390960229035242,-0.18580439810461721)
 (-0.7394350734546159,-0.14861558813712836)
 (-1.2626945694284362,-0.3849576714882233)
 (1.2351884938895223,-0.26701805775387127)
 (0.71895750380300083,-0.45069573664703733)
 (-1.1515775937947907,-0.027426709838914196)
 (-0.26123617427030521,0.46505726484176169)
 (-1.2537294787516717,0.25015571206717441)
 (-1.2112518932408305,0.4383150443134769)
 (0.82191008338218075,-0.16101251761779387)
 (0.651886213075626,-0.29897778953836956)
 (-0.75395222419548735,0.53810586540588246)
 (-1.0823533127764724,-0.16198601682632041)
 (-1.3592001275730223,-0.25514941063918006)
 (-0.95756666697628401,-0.075332106133671875)
 (0.19485797718014308,-0.45358314853867693)
 (1.0393506603016247,-0.41667251098584379)
 (0.69275816244630173,-0.012334079866421335)
 (-1.0724173500419103,0.55373172524791636)
 (0.55800485296894142,-0.15840221655594292)
 (0.47919359877880119,-0.40759169965752018)
 (0.97857301743895608,-0.10678536740621516)
 (0.51157012767610921,-0.12502263452786999)
 (1.2842694254325979,0.77800725554568151)
 (-1.0641477519590052,-0.54453036797018561)
 (-0.12243098098755956,0.35183594521977418)
 (1.0593138320084401,-0.12454524011497246)
 (-0.90726738018365227,-0.45646946748352368)
 (0.73204992766618027,0.38896657433512433)
 (-0.26266432137487949,-0.046825441036016657)
 (-0.88799094060301165,-0.2862445068428216)
 (1.0136994293871591,-0.42606173852037621)
 (0.90073395073149243,-0.59338463054842805)
 (-0.53762701283499936,0.070514443283742928)
 (-0.92840876365568825,-0.36462482259300777)
 (-0.58201379360066308,-0.35479722064316616)
 (-0.28389879339537849,-0.2639246952647501)
 (-0.92276399306243684,-0.35531073513530192)
 (-0.30896133603655618,-0.34067350580463679)
 (-1.4555285237121232,-0.064183217030831477)
 (-0.57498416447433587,-0.84657126199106048)
 (1.2764961463486759,-0.23405553809332968)
 (1.1920784494240242,-0.57372983257214072)
