# Created by Octave 8.4.0, Thu Dec 11 09:47:21 2025 IST <gamana@Samsung>
# name: awgn20
# type: complex matrix
# rows: 2048
# columns: 1
 (-1.0651679741219668,0.012254954927062162)
 (-0.88834969696289134,-0.05480304376328772)
 (-0.99536231868853631,0.054922697223589362)
 (-1.1192019149615873,0.10953428705692014)
 (1.0404689158018645,0.06822937446675123)
 (0.89492243495366275,0.088814195693263806)
 (-0.93784076722541387,-0.020983901927918627)
 (-0.96345003585950839,0.042830940521934202)
 (-1.0760138237588701,0.043952848441290909)
 (0.94412313182882857,-0.00049359738927968306)
 (1.0328772446700012,0.070590191336279209)
 (0.96580340424260702,0.039055695940144949)
 (-0.92018526323847383,-0.080674080796884595)
 (1.0065039150103079,-0.020316195853526713)
 (1.0880060180150426,0.057367957341648651)
 (-0.98880421875815572,0.035096258438714514)
 (-0.95875501148429576,0.0064959725342378823)
 (1.0074191730594499,0.079344224175151495)
 (-1.1637461792194495,0.0061855093906636851)
 (0.87840404755617674,0.040183364554311235)
 (-0.96078938591423324,-0.053444880049427546)
 (-1.0047302941844769,0.048758299355160878)
 (0.80608290340748279,0.10934328491811617)
 (0.91911667901594463,0.019996642438785569)
 (-0.83263368909258806,-0.0177528067317211)
 (-1.0435396573204425,-0.15437524279194489)
 (-1.1250244271538867,-0.067977911770717089)
 (1.105546819795965,-0.044024153942187422)
 (-1.0188125926126035,-0.03336690096165789)
 (-1.160895398545305,0.13727394477162214)
 (-0.9802189921699126,0.061486024913705375)
 (-0.97675518524330962,0.0036916062487491446)
 (0.99718228428185895,0.054205396546362618)
 (-0.98975753705566438,0.081092740322989409)
 (-1.0077379011277681,0.087785387473837781)
 (1.0202639174525994,0.0070656641032494864)
 (-0.97842351087098856,0.036438587568312919)
 (-1.0114307306599992,0.0091786764938773021)
 (-0.94839918409212787,-0.054210526854347324)
 (0.97239033409764541,-0.014723645447227159)
 (-1.0212556384509193,-0.064183485547428643)
 (-0.93610725280750551,0.07857364635122964)
 (1.0333889459641468,0.077479075499265332)
 (-1.1533770677629129,-0.027813366739990422)
 (-1.1637309311539199,-0.017031171821005792)
 (-0.94591358401090531,0.039363168023915429)
 (0.91145165382535864,0.063869559628466382)
 (-0.95426705135386225,0.14262383706922802)
 (-0.87394744085574616,-0.0068460455948443997)
 (-1.0388078555694535,-0.15649951022626443)
 (0.98491348989937344,0.017275849273648596)
 (0.95229013696976561,0.1669200716548665)
 (1.0956340590043276,0.040925482341685852)
 (-1.03467498711506,0.015134593385462389)
 (0.99670840019347318,0.026968297276640053)
 (1.0448446512274903,-0.047111540418595312)
 (1.0551608169441871,0.10665827232605099)
 (-1.0644733510267705,-0.1727177057775863)
 (-1.008896376046738,-0.01661871321678601)
 (-1.0024057181296966,0.026379870967978808)
 (-1.0604378246898141,0.037803358992476617)
 (-1.2046498765131468,0.063529864500085562)
 (-0.93530956535319532,0.052394565747245436)
 (1.0438034141943393,0.022531648678667287)
 (-0.99749658061472091,-0.078986807375761164)
 (-1.0064925603317498,-0.051930939373571988)
 (0.98250737398306742,0.038083363248495837)
 (-0.96574065934753783,0.10483385504647245)
 (-1.0113373464582436,0.19639230632942817)
 (-0.91169903177542455,0.038169066208135122)
 (-1.0358575594435648,0.12207832478771728)
 (0.88565008344268659,-0.025795245594133594)
 (-0.93150031215923379,-0.044843159662195563)
 (-1.0755280876270332,0.063633732151785374)
 (-0.99105057362442039,0.079597772881055309)
 (1.0596456120232496,-0.095503145904776834)
 (0.93944492800714752,0.034951998803396618)
 (-0.98799106823652127,0.046913913479272311)
 (-0.94997637088342068,0.080194609334742095)
 (-1.0715578845404374,0.012740221959467467)
 (1.0657980604278208,0.13507550418009573)
 (1.0125910651103462,0.085251069120757583)
 (1.0256902917388726,-0.037987035465759232)
 (1.0271891874931618,0.058607547453925872)
 (0.88962915369265505,0.18528003509265592)
 (-0.9763639181234588,0.059351986074309665)
 (-0.96184016704426245,0.023910685261480564)
 (-1.0033553559497719,-0.068587984963924237)
 (0.94911517581378158,0.1137115531886797)
 (-0.94622193292057033,0.0098064512153430618)
 (1.0507075274847086,-0.043893783928654569)
 (1.0590695780899537,-0.0035238491451512)
 (-1.0432251171097291,0.014690750104962572)
 (-0.95855059254891939,0.012215798941694285)
 (0.96427739151679481,-0.13849575749782259)
 (-1.01000317015039,0.015826396690394456)
 (1.0527534251397779,0.14376585636378042)
 (0.94191773913659271,-0.036192390129278933)
 (1.0416574045296596,-0.051714072741083209)
 (-0.99871577453402349,-0.06188180600873331)
 (-0.96847921612915588,0.15602179292624405)
 (-1.0132922079342768,-0.068183570751422826)
 (1.0855274962425709,0.089491894159315799)
 (0.9418242097025088,-0.11783026259975488)
 (-1.0238892258139609,-0.081307578804425004)
 (1.0019166143149811,-0.016294875594627164)
 (1.0318260742006518,0.12741962713959165)
 (0.89979324715197317,0.023046926490594553)
 (1.0338892394707342,0.039818839351754218)
 (-1.1154141206644148,0.014921032932297263)
 (-0.97911198050632287,-0.037672833933158838)
 (0.96615561911904935,-0.002802333470774885)
 (1.0902458154542969,-0.11293670771678191)
 (1.0110480863606743,0.10163444434712424)
 (0.99295916411830787,-0.046436173588203858)
 (0.96760335745671133,0.088033803838594771)
 (-1.0420662241529204,-0.051374719682204389)
 (-1.0523761525374733,0.0050293037626365795)
 (0.83733841514828,-0.030182850135484836)
 (1.01161375113117,0.045835951408643535)
 (0.94378071020644361,-0.063633852001240832)
 (0.95029324740701915,-0.0073351082773400111)
 (0.96887616760124873,0.023786789028982035)
 (-1.0685041091393532,-0.00073336915506025326)
 (-0.97882601844418671,-0.036815611893819593)
 (0.96083189341257769,-0.023491058012687652)
 (-0.9867124560816839,0.049895230418185922)
 (-0.90421855104464199,0.011331905763771626)
 (0.95413655689975041,-0.056562207832117475)
 (-0.90108195352128817,-0.012900105940588012)
 (-0.89934097631008969,0.031113966027124042)
 (-0.80575386266313531,0.0086098262130056141)
 (-0.95871116963843339,0.080486953005328266)
 (-0.95187916520527205,-0.096647276507346461)
 (-0.90412892649696863,-0.0022208612814928635)
 (-0.87852187672055371,0.034638168815346197)
 (0.89275762373597944,-0.1139777410264335)
 (1.1473932448591364,-0.14965550972888406)
 (1.0373125442020454,0.055992108043976835)
 (1.0783014019065886,-0.010718255335883588)
 (-1.0360064123930892,0.013452072460067297)
 (-0.92307441747011487,0.071935222857321166)
 (0.9784248896603045,0.06472066318935156)
 (1.0184982902598285,-0.0029039926249433416)
 (-1.0252230141944212,0.029599395250436446)
 (1.0700988018566568,-0.089687014416825361)
 (-0.95945382995302864,-0.12698133065643824)
 (0.93098460963401108,0.028537116466976528)
 (-0.97384732887346126,0.05604468823744168)
 (1.1049907443790445,0.027718097990662677)
 (-0.93548817175937526,0.043448161261115649)
 (0.87818263734296453,-0.017686990065136382)
 (-0.90835706974324781,0.03268016431949964)
 (0.99779204431859414,0.074086560041077595)
 (0.94079901530917098,-0.16833214925786116)
 (-0.9941617856277406,-0.04789881333441165)
 (0.95898306344170825,-0.017785120105408409)
 (0.97328583586559791,0.041992292424620076)
 (1.0990496915343899,0.076475792111388691)
 (-0.96183549688199077,-0.026399689139758733)
 (-1.0187539340467002,-0.10911166107719816)
 (0.93009781547694004,-0.021739161485295089)
 (0.94449274866983257,-0.14422890311158704)
 (-0.98534258390120022,-0.045332365657522217)
 (-0.97382440846911578,-0.098713404784191161)
 (1.1060028033124041,0.01275741664819832)
 (-1.0807434641757472,0.12509116342170629)
 (0.95599688937335592,-0.061249235157201855)
 (-1.067382084784553,0.042875223936895149)
 (-0.95450936815129073,-0.015865386323091934)
 (1.0228494219214501,-0.088685936560050471)
 (0.95347316832070095,-0.049681657076584097)
 (0.77338929388317779,-0.071660722470551788)
 (-0.95598761539714883,0.062197819467459725)
 (1.0432220593650723,0.082496626603627221)
 (-0.8581128335670124,0.06517492665898994)
 (-0.85843481919086362,-0.064546782051860582)
