# Created by Octave 8.4.0, Thu Dec 11 09:47:21 2025 IST <gamana@Samsung>
# name: rayl
# type: complex matrix
# rows: 2048
# columns: 1
 (-1.638680082480501,-0.58546320416390218)
 (-0.6349708802004761,-0.27908098465448394)
 (-0.5488855381122596,0.05040088377706909)
 (0.65443063250319899,-0.4172268639571779)
 (0.72559452459455165,0.43863815147323199)
 (1.4527603148387596,0.84603850030922512)
 (-0.054829234891407425,-0.15078127895259294)
 (0.6782658497868912,0.15753782722287665)
 (0.2293338742644643,-0.25340150818082391)
 (-0.8089205898040388,-0.58781144797315688)
 (-0.95078187305932715,0.14396403698077151)
 (0.075625568214210168,0.049979078306711958)
 (0.26173660236059065,0.25659027744318902)
 (1.0828171444838322,0.5080514619286618)
 (-0.053920195789335344,0.61493510885729841)
 (-1.2291241077751323,0.21576529492741164)
 (0.074823063041659879,-0.25530168534397185)
 (0.044104946676675374,0.5230745652999077)
 (0.62702424700959269,-1.0141645746347643)
 (-0.081021296843777679,1.0423653351372937)
 (0.64836510877554232,-0.032169457441350177)
 (-0.39822530664454703,-0.94214256257394735)
 (-0.55518443758042058,0.1855197958346293)
 (-0.16366398041598079,0.41942405502110441)
 (0.045074399976971255,1.2850148310164393)
 (1.3112881909469212,0.29527894906974489)
 (-0.7667937015140629,0.32520360434299356)
 (-1.4097793059866905,0.82893932191239816)
 (-1.2774463802328837,-0.19514871891080043)
 (-0.46134176896028439,0.56454022194580922)
 (0.41753023358243785,-0.46612813618523891)
 (-0.98781387112516084,-0.63105846269014165)
 (-0.057794258834556987,-0.62637737317679731)
 (0.14148109421866237,1.222425311217705)
 (-0.0069326016345115735,0.74423777284559611)
 (0.765853026906268,0.67332760437807704)
 (0.62299806854851258,-0.30669584686277923)
 (-0.73479901706112272,-0.77035184678950419)
 (1.0035135437016887,-0.14636997889975767)
 (-0.70040010478401005,0.5202853965597638)
 (-0.16205704615851288,0.10009267584060591)
 (-0.035738792589133359,-0.047583137385408772)
 (-0.4137687889007472,-0.8966733522561926)
 (-0.54361515638136038,0.59488221228919458)
 (-0.22522062115155531,-0.043668957861619902)
 (0.98901039211569441,0.58636823405425664)
 (0.96537541938165872,0.52055257466499161)
 (0.081387099314333744,0.60794693650590215)
 (-0.39733974770235553,-0.05353772990745146)
 (0.33962954748806179,-1.3844471039416899)
 (0.15311827650876084,0.65419102152745212)
 (0.42647017559589467,-0.96874060392254102)
 (1.0924520879486785,-0.3415651676587253)
 (0.081533753902536976,-0.35137635730173378)
 (0.18219912913335187,0.8798944824316477)
 (0.12156345423180492,-0.10946465687550114)
 (-0.26407141111699889,0.40865238581335728)
 (-0.60718040662036377,0.050035538951018192)
 (-0.029312780233008515,-0.2846581726190075)
 (-0.72295207018337793,-0.51145681033979484)
 (2.4601952432549887,0.77977000611715075)
 (0.45613839161410602,-1.4667069364088663)
 (-0.73096903005222391,0.57475520998644469)
 (-0.72858706212347091,1.1024172403277863)
 (-0.16521237954799628,0.67939270826237153)
 (0.61712279838682871,0.90505074462270418)
 (-0.91012416369798932,0.10815257893964024)
 (-0.0010723994559035869,0.15065698533796593)
 (-0.98641365425884542,0.97425634015063922)
 (0.023552510000013235,-0.054950144265244236)
 (0.1754799886124187,-0.19309378092350693)
 (0.38865066700995621,-1.0531313242040481)
 (-0.24414768174797608,-0.27417677932416457)
 (0.35304942792635874,0.40157287857724672)
 (0.38782860261490076,0.39782818974263717)
 (-0.14493250532288809,-0.12262615045472669)
 (0.044939261466823505,-0.14553555455193351)
 (0.049413350925153456,-0.15451540833016367)
 (-0.23384733221113199,0.15906675609913851)
 (-1.1809457030212067,-0.25955202339742556)
 (-0.13576876713277075,-1.0485064319648478)
 (-0.14885654355101557,0.19566829599420321)
 (-1.3027573508222321,0.16761226548294977)
 (-1.4772315825328424,-0.77626545726561935)
 (0.61695050557538622,0.41770910508840192)
 (-0.72064945967677241,-0.9310859873867332)
 (-0.035434011780600135,-0.39847822511924763)
 (0.20091443735919259,-0.84514945626678462)
 (0.050989493709963279,-0.71797547444020793)
 (0.41583737847234109,1.0555635970586759)
 (1.152984107373862,0.063982031237307585)
 (0.059111224280988799,-0.84474286323621162)
 (0.14100568891834525,0.042634026756074708)
 (0.25801496835756349,-0.41108197275624342)
 (0.33997345945728719,1.2534770528270145)
 (1.4886271759879046,-0.0086750137381086442)
 (0.070911518727270376,-0.0017932146415723454)
 (-0.088760794362464229,0.6418982827243469)
 (-0.018520493783536655,0.39777859113820002)
 (0.14353187136044518,0.80987087841697525)
 (-0.38870070778724808,0.1762856630380458)
 (0.35956303708286241,0.54769237445031782)
 (-1.1504976758379528,0.45042987406875218)
 (-1.3628772010095986,-0.056885086400725732)
 (0.38523335906750455,-1.1463874250050936)
 (0.40326025782807545,0.86717567793682826)
 (0.040532448408417028,-0.45211661868250036)
 (1.593135531656747,-0.74008707116803596)
 (0.4742623314917091,-0.11668811078750438)
 (0.92910351069011399,0.21600898412744596)
 (-0.11908950271147566,-0.66816671057192167)
 (-0.63970380619479916,-1.2098304124806813)
 (0.21429302703467495,0.89564204073190934)
 (0.090185013137652051,0.62084259639601247)
 (-0.22655329552316061,0.6182289963923816)
 (0.064931477324082554,0.60616797037890524)
 (0.69120877270803505,-0.38501713311176783)
 (-0.57879946768136903,0.15885876618247924)
 (0.9376011606118102,0.64985068200088125)
 (-0.67607190484225588,-0.90802623990430442)
 (0.35545688888929372,-0.38211484780034211)
 (0.94375497711878931,-0.45272722369014462)
 (-0.73730643137138097,-0.12974415024478803)
 (0.66332899984935767,-0.30246716174688165)
 (-0.85756520785814794,0.42692507994384127)
 (0.086712531149338024,0.17444645826559113)
 (0.47887333330990384,-0.47029257118835727)
 (-0.023022940415982299,-0.28097603436704666)
 (-0.40499791619393144,0.61326025146010765)
 (0.18672406240852998,-0.93852880914035708)
 (-0.89647403043038443,0.17934209843560267)
 (0.41110130665429867,-0.56222055245943559)
 (-0.70693572589368114,-1.2484735041848756)
 (-1.3443393604232958,1.1962113913228287)
 (0.32958857992458462,1.0819489061734118)
 (-0.060759998290326252,0.56677587707975496)
 (-0.49486592953113306,-0.72788592705786814)
 (0.55966256165953521,0.61798085350738585)
 (0.4117668642015026,-1.4313876438542164)
 (-1.4475115272144301,-0.05706091594827984)
 (-0.059451064396635701,1.7530270750458432)
 (-0.96379310790294426,-0.82149004128845837)
 (-0.35416350958343928,0.92544062589886689)
 (-0.93078479655078761,0.12204089348959084)
 (-0.49984806696748174,-0.79863613646134246)
 (0.272249596034702,-0.040238603927089021)
 (-0.095834914353708112,0.26333719042413456)
 (-0.37166517557758455,0.82696580770356065)
 (-1.0087357783312874,-0.24585416446330363)
 (-0.64235129796204227,0.80265920176623906)
 (-1.1154178599744293,0.19270806118955616)
 (0.6402542352378342,0.45851661643277902)
 (-0.45735998499623226,-1.7956899962457775)
 (-0.21609130291289755,0.71861489048321647)
 (1.6736950619732314,0.6557324584722134)
 (2.2294861698769761,0.28033562094091174)
 (-1.019923348963365,-0.39438430910093619)
 (0.63815948168671566,-0.3248622231247551)
 (0.62213506725075363,0.8474438010732922)
 (0.58254594715165919,-1.1957748456643484)
 (0.8900150575819753,0.12959459884788502)
 (0.30895632707394743,1.1098506606542959)
 (-0.091761025584548142,-0.57972357193967372)
 (0.35795221299634894,0.63385811227591804)
 (2.1981202817871646,-0.060433547988806936)
 (-0.5739255506396016,0.35642107357366154)
 (0.046290932224166248,1.2543319978321235)
 (0.42617038708563593,-1.283206036234378)
 (0.18039124465711434,0.20450317770835574)
 (0.82463070033241737,-1.4314861860933719)
 (0.12935244697893458,0.84268194052292567)
 (-0.38289828035337392,-1.1364247936870047)
 (-1.2483270438177159,-0.3066183293366449)
 (0.21740440750414963,0.078556940894213154)
 (0.09059076957537579,1.0341646102550197)
 (-0.54507411020217478,0.42547395576394748)
 (-0.69877720921382813,-0.67354677510815941)
 (-0.35369317978611586,-0.58870002866606064)
 (-1.080328586474419,0.28006022456418073)
