# Created by Octave 8.4.0, Thu Dec 11 09:47:21 2025 IST <gamana@Samsung>
# name: awgn20
# type: complex matrix
# rows: 2048
# columns: 1
 (-1.081286003612931,-0.13741325613370445)
 (-0.93438257671956226,0.064785839014498595)
 (0.98302176391717033,0.087492308570620181)
 (-1.0626508180918222,0.018345677089745681)
 (1.0376149826884444,0.063655584765442794)
 (1.0667639453738664,-0.0087236846153183941)
 (-1.0814458127543634,0.00028318600326952402)
 (0.93916520139334192,0.019898405958787436)
 (0.96739211543855119,-0.095017527322594691)
 (0.96586725081355174,0.07622367424868251)
 (-1.0838437203973061,0.073280684186519521)
 (0.89361294405249247,-0.19034679711747915)
 (0.9080459615520482,0.10271109407206996)
 (1.0220368426105368,0.020869390638794991)
 (-1.0536021898283814,-0.018953518423973529)
 (1.0312235371189198,0.019881247312782756)
 (1.06923510745023,-0.041841080510607018)
 (1.026598055043989,0.088490673628138283)
 (-0.93702046953466966,0.11389511170303596)
 (-1.1959010435776887,0.014562264845328935)
 (-0.87763589667871056,0.093901265890437721)
 (-0.93071539027344163,-0.066096484525359656)
 (0.93267647843476464,-0.077227285255402386)
 (-1.0008170327498942,0.086405820162558766)
 (-1.1080802680816686,0.067107049191043905)
 (-0.88094303400850194,0.12562513536521766)
 (1.0876359486053682,-0.055672800577782913)
 (-1.0409005949406784,0.045810000668002823)
 (0.93251865823438762,-0.045536793809133558)
 (1.0653398448146252,-0.030154889957722295)
 (-0.98012911139674175,-0.1172258845656413)
 (-1.0359961163703735,0.071076366875114982)
 (-1.1527297527797853,0.044604902383514382)
 (-0.9157546563763127,0.023458123900047641)
 (-1.0047739659514816,0.03535482031475843)
 (-0.95589747312839179,-0.14100024907280354)
 (0.95442818825680154,-0.054609555548089078)
 (-1.0535458750198421,0.095883916990231216)
 (1.0514805859476348,-0.013463867123347821)
 (-1.1633786089022078,-0.075264649468534492)
 (0.96463001512863455,0.037358092998557725)
 (-0.85877971889046689,-0.14193038486635626)
 (-1.0248586459916604,0.091569914023823043)
 (1.0354976093508168,0.0085950377085064478)
 (0.96321897646143906,0.066171576870026103)
 (-0.94179783905130454,-0.010937479729841807)
 (-0.93476328067746706,-0.016034508799453027)
 (0.96318604314103828,0.029895859015771093)
 (-1.1930154272923867,-0.12049699183880325)
 (-1.0269733333616231,0.11505424954225879)
 (0.99860105378294017,0.01303109793088047)
 (-1.1002979611617025,-0.0070043612113939715)
 (1.0111549454928725,0.10871073555081841)
 (1.0400064830152285,0.076091810641512506)
 (0.8934868800840341,-0.074744830565446507)
 (1.0323827923760369,0.12966446704280682)
 (0.84267452517734098,-0.048473972745151014)
 (-1.1143535158398095,-0.042600730398917146)
 (1.0668214830746403,-0.088026372010918147)
 (-0.88311149558983604,0.042513866169175484)
 (1.0401163765067678,0.092692009395079406)
 (-0.98990109062091924,0.036056855774236354)
 (1.0512387693316767,-0.028461129771739105)
 (-0.91003402290501079,0.00081112630905657863)
 (-1.0130178182239553,0.0099334931870579003)
 (1.0765239291549782,0.067576149763317522)
 (1.0750328630141353,-0.10558971404873568)
 (0.96858361577499297,0.11815540101671324)
 (0.99085950619693597,0.013332381931926174)
 (0.99290881005605058,0.10652178319947847)
 (-1.0791378252380022,-0.010724796682708006)
 (1.0471476403419189,-0.097193570765841591)
 (0.94953479621461889,-0.015717700308521928)
 (1.0445334850884,0.078524306892312434)
 (1.0148598415638095,0.03207146436961994)
 (-1.0421422303933843,-0.094309308801784134)
 (0.97153251278061459,0.12629894938560324)
 (0.90059578389698025,0.027868852995481714)
 (-1.0603379336328091,0.094478858211553968)
 (0.86257864404707951,-0.028382387429631235)
 (-0.95818951515508499,0.13597004775041169)
 (-1.069896488550752,0.14347743312560446)
 (0.97557044328727538,0.097832265754864103)
 (1.0282310762227072,-0.084516447542783216)
 (-1.1646155890832057,-0.14108235094590102)
 (1.018287776065393,0.009715516881854333)
 (-0.93456007791660667,0.034951538735026426)
 (-1.0545604755160447,-0.017216099721674084)
 (0.95645373272521594,-0.12192723938730061)
 (-1.0369361444445657,-0.10199811134456774)
 (1.0176378280272644,-0.01115134394072219)
 (-0.97136408545734776,0.080223938263751904)
 (-0.89407668354456493,-0.035367525486690338)
 (1.0917577537924061,-0.090988737577923529)
 (0.9141494627286525,0.070159850970081081)
 (0.97660866629924636,-0.0068076531491108976)
 (0.91959853379274115,-0.071712318724935581)
 (1.0086501750498766,-0.066975685905027962)
 (-1.0159803172337103,-0.063918315149028723)
 (1.0253376178927931,-0.05576999406036165)
 (-0.96486017148848657,-0.099006895932394076)
 (0.97393726870963793,0.013096012329433904)
 (-1.0584341898795793,-0.0058908179592435158)
 (-0.98745275851751813,0.098266177704511098)
 (-0.95966191189384886,0.022995253366007176)
 (-1.0561779453199847,0.059366446031580561)
 (0.9767351649417747,-0.10851637850328617)
 (-1.028135901193665,-0.040774546596262513)
 (-1.1592264379224162,-0.002953230440678677)
 (0.96183547340960029,0.032763334876997112)
 (-1.0363919214223667,-0.019337283471993569)
 (-0.97115808534971082,-0.077872968252209102)
 (0.85347707236430137,0.088096665286565401)
 (0.97634238332500878,0.057695858358058107)
 (1.0852223906770473,0.11116677247341976)
 (-0.93081388513043917,-0.029104336873056316)
 (0.99046169435312359,-0.07393072279725188)
 (-1.0564748584972161,-0.010916062920178347)
 (1.130620595639191,0.03062170639704706)
 (-0.98066235867606466,0.0067842444979018778)
 (0.99099379520276509,-0.1424319024555781)
 (-0.92454635857059808,0.035919768897863934)
 (0.97470225563596768,0.030297719915710689)
 (-0.96808627766319089,0.022855331079983492)
 (0.97954455219533154,0.0032730041576024232)
 (1.0594400848289593,-0.070498160389411008)
 (-1.0120835955936887,0.082570204890884041)
 (-0.94447984092980219,-0.070460490140842866)
 (-1.0570110997810191,-0.082925921385645654)
 (1.012686454200604,0.043646937103252993)
 (1.0489684021090007,0.090292652832135473)
 (-1.0424902536724843,0.047155574341409767)
 (-0.98353930135664502,0.03378727654518078)
 (-1.0324046022658782,0.028316430673501966)
 (-0.96854583398035887,0.10773678526379996)
 (-1.066558024993022,-0.027997425292917783)
 (1.1100376862191084,-0.10744275070348193)
 (1.0428488686434862,-0.091623945115827443)
 (-1.0317283115317792,0.047426374303417285)
 (-0.98509575916828263,-0.016356649676767941)
 (-1.0230270642176151,0.083695489702727124)
 (0.98741623026327641,-0.0056404227507671871)
 (-1.0333972763398389,-0.011209317915783605)
 (-0.99295719699842033,0.04533991321801336)
 (0.99910976742080304,0.035342903964335357)
 (-0.90327920692311836,0.047004630038291223)
 (-0.8115214493040217,0.0015900340088022234)
 (-1.0925664720448829,0.049614164776164427)
 (1.0674206861266005,0.11627290935871137)
 (-0.97581749356262137,0.032678794231776179)
 (-0.96847540470481963,0.072313683056327419)
 (-0.94647993329696045,0.095333863749017922)
 (1.0695346476503094,-0.046262462938819186)
 (-0.97033295693234078,-0.0099210486622834729)
 (-0.89943379593286843,-0.020697239343599169)
 (-0.86910594647229444,-0.28069106275906458)
 (1.01378656779216,0.0045627038358617648)
 (-0.88424878312420274,-0.014859141652867169)
 (-0.87320700000953644,0.034639904793571145)
 (-1.0546005897499382,0.010298516442221926)
 (0.99028340148900607,-0.0671201129782594)
 (-0.88709531503779482,0.072070702692156929)
 (1.0424296019982926,-0.016819401821877265)
 (-1.0334477216957925,0.050295820179354522)
 (-0.96776927199004925,-0.012927671022788753)
 (1.0987435909293672,0.08803988236105055)
 (-1.0801436629501875,-0.028146695180718453)
 (1.222645504107462,-0.048520120467286633)
 (0.95862085144273235,0.089364328277585683)
 (-0.9263511967847271,-0.0051989139800673349)
 (1.1696187023793077,0.12066670463967209)
 (0.93771725687498642,-0.044815581442052152)
 (-1.0013734257006048,0.030589811079310209)
 (-1.0736945269568272,-0.20340951912603297)
 (1.0439464604224147,0.032676854935891543)
 (1.0348009940727048,0.072437679780845227)
 (-1.0933649394961702,0.11602525866619898)
 (-0.99432183752792336,-0.026746206927887303)
