# Created by Octave 8.4.0, Thu Dec 11 09:47:21 2025 IST <gamana@Samsung>
# name: rayl
# type: complex matrix
# rows: 2048
# columns: 1
 (-0.61338031088706202,-0.28189663524892666)
 (0.69330038537592686,2.2165432362638877)
 (-0.63568879094364095,0.83368731240167737)
 (-0.36647654129527896,-0.28597608021488663)
 (0.17310239850971751,-0.57009310899787247)
 (0.059446381333118518,-0.41012932698135718)
 (-0.35399652246889529,0.0629877302862797)
 (0.17020611381259201,1.8629816607163097)
 (-0.43935761845433485,1.5391552179361241)
 (0.21398623033988676,-0.7292624304355203)
 (-0.20031418107057991,1.0555759797374094)
 (0.18615469236106102,0.2729903803342496)
 (-1.0575267488269502,0.1237604510846686)
 (0.5054024350070877,0.79256501818347747)
 (-1.0459713058566174,0.32486002736841824)
 (-0.96179638673647805,-0.11629753982590937)
 (0.20096026801345568,-0.98980911912750968)
 (-0.18057788541549444,-1.6231476989807974)
 (-1.2852785413094645,0.10928305795061168)
 (-0.060560206306377151,0.36548425959617853)
 (-0.95478453727202039,-0.4012933736065305)
 (-0.6620365012836581,-0.29878997188577161)
 (-0.65898940404396789,1.2254689643075249)
 (0.22922612612721233,-0.54081975617388145)
 (-0.42370713163877399,0.18323373792745906)
 (-0.32453458194704793,0.24817479155181643)
 (-0.92824589269146651,0.028672546069298643)
 (-0.045716803184518554,0.8220458377046671)
 (0.17066473798648821,0.13205209270069165)
 (0.88275163462367789,-0.32372197983388368)
 (0.83996272187627141,-0.12831649519385827)
 (-1.2663120094465159,0.65566452741512637)
 (0.58138116061848644,-0.565668003732549)
 (0.30264487703743714,-0.74808334530385545)
 (-0.45751767563801737,0.87977579167844078)
 (1.0181483019751609,0.67798937010961469)
 (-0.29494358792914588,-0.0081291067133308983)
 (-0.44108128012050202,-1.4606835808480054)
 (0.11766779620060452,0.59441296049683667)
 (0.4604969999759258,1.1125960221509292)
 (-0.38238275721516196,1.0417675302986826)
 (-0.57571603467073973,-1.2776450245966009)
 (-0.48306470439468874,-0.68847704462809567)
 (0.35446222959650164,0.62919037507610132)
 (-0.063753559364205514,0.059049029198825369)
 (-0.64529023167875743,0.70169942600585389)
 (0.93165320634149018,0.45501035524174022)
 (-0.32362425816360935,0.14858598721053295)
 (0.29316786469900014,-0.67718679533879311)
 (-1.0366385907820579,0.25317341530925036)
 (0.19129654119030567,-0.50166182506972556)
 (-0.56823243240514021,-0.13849806118960967)
 (-1.423421294219454,0.022340507796915036)
 (0.67378327556409068,-0.10382225740005528)
 (0.21955043867596524,0.60973742338459735)
 (0.91908662134391461,-0.42244780114673425)
 (0.44629145654172075,0.21629184761641562)
 (0.56232074409142796,-0.28939653518647324)
 (-0.03830435429209051,0.16535716527520389)
 (0.01133591946829811,-1.042808265214257)
 (-0.31571607947832048,0.039621098269931043)
 (-0.02927011493270458,-1.7265028996677767)
 (-0.29847969699985605,0.069466055002304627)
 (0.030302512926248137,0.10145160569580261)
 (-0.62595553256677383,0.010788868962629792)
 (1.6399249776075904,-0.74525186493338469)
 (0.34503439360190213,0.58436239077656049)
 (1.5008048138363719,-0.071992563005898527)
 (0.72065657733079314,-0.39193159233520408)
 (-0.52807161139387193,0.30403862177554081)
 (0.37969405067289047,-0.44982311946089071)
 (0.85497442882916341,-0.4685347454990707)
 (-0.64688195597924092,0.53411272286055433)
 (-0.76430943263620699,0.4431425564624234)
 (-0.27919536013893531,1.5801828127412185)
 (-0.75621480933064622,0.52030477148524434)
 (0.12461862846999421,0.34362733095576647)
 (-0.84354363911913799,-0.76232175340597685)
 (-0.74978158805002471,0.099133296937353982)
 (-0.021055111384671088,-0.047958343540964357)
 (0.40656841114337711,-0.58023340253213096)
 (-0.031655626450945225,-0.58830925572267678)
 (-0.77675283841179965,-0.026554510232323157)
 (-0.56180124426673717,-0.3816967027322003)
 (-0.14031177759408783,-1.3471228903147736)
 (-1.0363059700306327,-0.9987343224761025)
 (0.46449308120746968,0.27121845384050541)
 (0.035869738950494431,-0.32211886837165593)
 (-1.0937232192044597,0.28099535367952783)
 (-0.45685179858983505,-1.3884395768363806)
 (0.95445648263575844,0.052785746637098632)
 (-0.90736976999635632,-0.14940311789162244)
 (0.61242486757771986,0.38775373855690853)
 (-0.93595736125080631,0.73080069798254832)
 (0.6567564634378924,0.18523066270104091)
 (0.81418961021781988,-0.48104792155466969)
 (-0.67095170130105752,0.27080359364364598)
 (-0.042881806619953909,0.56199732656705614)
 (-0.28212856236648071,0.020817419842661913)
 (-0.382147671777745,-0.7292778014631307)
 (0.21624545522808081,1.0314073278113813)
 (1.3035923186703242,-1.8566981163927256)
 (0.99124944354706057,-0.044920388118015575)
 (-0.96115739963885627,0.2912507320176963)
 (0.12619935500725912,-0.26847522197096163)
 (0.051398490535830559,-0.091339556208011832)
 (-0.29172563224774528,1.2113129284544863)
 (-0.5339210604607767,0.5287369253776365)
 (0.70814368571173181,-0.32850424836199149)
 (0.35388447918015903,0.91343965527644289)
 (1.1066198719429912,0.46969541377700141)
 (0.46837517952055463,-0.68188458479652436)
 (-2.0239229355360693,0.60099998130216914)
 (0.42158815538133032,0.51949076426595209)
 (-0.6760122324859742,0.92895367446909427)
 (-0.77133091693538325,-1.4299957853013279)
 (0.53076437884420513,0.61081792826182313)
 (1.1226674024378938,0.040412167543241777)
 (-0.80609098159760062,-0.41018000610927002)
 (1.1177456688686769,-0.25611878380155173)
 (-1.666509432157256,-0.86589837947426784)
 (0.78186279346823406,1.0432350239257442)
 (0.56619341244034149,-0.62115631222899437)
 (-0.29951988714598476,0.98500154273854601)
 (0.10928043242860877,-0.053589764114326394)
 (-1.5700638010079149,1.2325966209334855)
 (-0.58585100665730105,0.52546475018307448)
 (0.12090376868903058,-1.0820866271446494)
 (0.94793249098556198,1.299397357519235)
 (2.0661442996828692,0.18541959347315173)
 (0.74483699967055816,-0.16683043880299639)
 (0.1618602008717579,0.73067527042328695)
 (-0.43893681774775872,0.43386650755780676)
 (-0.90848784711166519,0.018342116234189128)
 (-0.42387887525168816,0.073387843892720239)
 (-0.15348727794328096,0.61633945043655158)
 (-0.61728223970322849,-0.49533357993502725)
 (-0.068001767488344009,0.79149890065817574)
 (0.97192355889645576,1.5587651473146007)
 (-0.79215846603778783,-0.83635147909334639)
 (-0.18622357910803977,0.64447470170135601)
 (-0.46811905017425282,-1.1358961127911096)
 (0.11332920533464029,0.52040002520363104)
 (-0.068015824278625348,-0.89364631825512186)
 (1.4905878446073884,-0.32829354164869468)
 (-0.16054691355419884,-0.0013423471785232986)
 (0.47086009923571515,0.16126493819548501)
 (0.56279677991569454,0.079712783642559529)
 (1.0657314740393238,-0.34790399920268161)
 (1.1815064128139894,-0.32210826481121557)
 (0.27238187176217626,0.036625308507326051)
 (-0.2914890863616707,1.415519411999254)
 (0.56523901105843222,0.282206293914742)
 (0.31736528317708762,-2.1475424612521739)
 (1.6263331835450843,-0.064905277408628032)
 (-0.94155661006165503,-1.1676468450635518)
 (-0.015410630806584854,-0.80515516548226396)
 (-0.6793925476985484,-0.54367057641874106)
 (-1.0734950730742472,-0.60587581566571935)
 (0.76237700082405424,-0.83979149485218396)
 (-1.0161353885874247,-0.36616667160002914)
 (0.65002988728875799,-0.39788455740253531)
 (-0.5394993997532147,0.4510303429202111)
 (-0.13082127665063381,0.29598059623184719)
 (-0.17592362483511365,0.13193396772882945)
 (-0.6146673497770847,0.096774538928354178)
 (-0.33855556957983929,0.42591712057453129)
 (0.2629123425202996,0.10909104447643347)
 (-0.17804314086472228,-0.29329783023698447)
 (0.42605057273308483,-0.81720891752506053)
 (-0.34499336853063561,0.84196279777841465)
 (-0.22443025800775454,1.2279491968826897)
 (0.65202552659203772,0.38095705320986484)
 (-0.38378108974612318,-0.60119631707676158)
 (-0.14695724121961698,-0.49991790730800501)
 (-0.25878692583893476,-1.5481037186900517)
 (1.2336603080747748,-0.8465776429908094)
 (-1.0353216147087312,0.28375930020894569)
 (0.9022307999785647,-0.27406975748972034)
 (-0.24205667222583024,0.40513659989827128)
