# Created by Octave 8.4.0, Thu Dec 11 09:47:20 2025 IST <gamana@Samsung>
# name: rayl
# type: complex matrix
# rows: 2048
# columns: 1
 (0.16716299976396787,-0.97288691029578278)
 (0.76579225064541934,-0.70084829568687534)
 (-0.049215218127957781,0.068160120340462663)
 (-0.57017701901934692,0.5660968532798113)
 (-0.81810380741591515,0.2215349006015028)
 (0.032429558710754723,-0.86648470290114243)
 (0.12718703217264002,-0.15818737683399206)
 (0.29740867934553883,1.2376760745732103)
 (-0.057221735229007954,-0.31408402943255415)
 (0.48078141438014488,0.52110846130241772)
 (-0.086224884421238893,0.90602164617439618)
 (1.1019494803495671,-1.417460654884749)
 (0.58210489394655462,1.4061599939395895)
 (1.744521474676062,0.3739690559541643)
 (-0.12340623945128076,-0.71757472427899649)
 (-0.88914653631874363,0.65906780573931567)
 (-0.6465304547925127,0.035657986194440404)
 (0.78015782408276058,0.042257214706588386)
 (1.1273186189726572,-1.003147511196592)
 (0.13317089395251475,0.87798103588651455)
 (0.25651587892606836,1.2430290916921152)
 (0.085682622736565087,-0.44327748849998139)
 (-0.93000995645788409,-0.21504243010641511)
 (-2.0003860459021992,-1.0658143407809879)
 (-1.4060465022801467,-0.17709917136741485)
 (-0.14442906415374909,0.65610878574811116)
 (-0.29919619432284811,-1.3828970223451758)
 (-0.21639528920891776,-0.095377685748356505)
 (0.38506065034280546,-0.28063769419559215)
 (0.12732230028838631,0.33306877569673282)
 (-1.0471593332590026,-0.42845226430067229)
 (0.37723105194320572,0.13258677885782022)
 (-1.6244500869606209,0.6303947955755308)
 (-0.66686814214357903,0.41040748609786443)
 (-0.85122839421960428,0.57945065940792206)
 (-1.0519310224452441,-0.6918883753379893)
 (-0.71158105873978073,-0.16786836956731557)
 (0.64696247604819013,-0.20113183561766795)
 (0.96536086236097496,-0.91129309465145691)
 (-0.51761570839100124,-1.1355922934414451)
 (0.11810147140243966,0.10107250893290769)
 (0.18337346010583169,-0.44722514531834096)
 (-0.49985115202889396,1.2164453664254189)
 (-0.67218135758744624,2.188827809949109)
 (1.0112914385977398,0.95107045745198215)
 (-0.076860802500445011,-0.60892464072969843)
 (-0.75050776071912673,-0.95803017399113366)
 (-0.048426263996554669,0.3317702993859411)
 (0.55230834326770728,-0.60754452858051045)
 (-0.35105027505573999,-0.73385462557092218)
 (0.46324053172340557,-0.71779636450171702)
 (1.37137479730703,0.14652368718857547)
 (-0.41137185847272206,-0.5736923310287807)
 (0.80652136694495602,-0.36003284168962574)
 (-0.25762061509963979,1.2763445324397749)
 (-0.022340412121947525,-0.36134480244878192)
 (-1.3686795618453422,0.38746405985286003)
 (0.1336077349049534,-1.5874859083777517)
 (-0.72312543825085807,0.21329780210929924)
 (0.82765204794835112,1.0331382290929649)
 (-0.20454509266004842,-0.80915910968570215)
 (1.3676160151069914,-0.83707087450084217)
 (-0.52975704663795919,0.53757800319115878)
 (0.18394338564009449,-0.86942965775464454)
 (-0.037101571065815735,-1.0716017894491667)
 (0.47253721148516414,0.44428855525801797)
 (-1.4717317254681157,0.1801281816850403)
 (0.18267205925104374,0.36854430632634871)
 (-0.25062925605120923,1.1377611981201374)
 (-0.074512538118022068,1.5692128113328601)
 (-0.70425074337398574,0.24074138313381405)
 (0.70607736484067152,0.63184541249114912)
 (0.32992363962191346,0.37145863617924918)
 (0.38743236160527589,0.83529292782780196)
 (-0.004430635701770237,0.083592796023539986)
 (-0.36419026746770011,0.095193097182831671)
 (-0.65386794256773872,-1.1973813776450719)
 (0.57778632229064686,-0.54215502991925058)
 (0.34657517857403008,-0.012785049267268315)
 (-0.0073319381265376281,-1.3328923730432518)
 (0.043966283754920177,0.20120674071884298)
 (-0.14498366523981956,-0.1254663460782621)
 (1.1308171211649365,0.39526666473181776)
 (-0.79832049447750986,0.10105358230399021)
 (-0.17581984015132021,0.64625507480363187)
 (1.5443930609191607,0.17167690189498838)
 (-0.077690843648496932,0.05231033964450077)
 (-1.4633035154385747,-0.4860844923592133)
 (-0.55166996976402072,-1.0441250006278846)
 (-0.021136187444891524,-0.24088742008195527)
 (-0.2105653319768645,-0.26559760970038232)
 (-0.44458114130728899,0.68091750233531301)
 (0.41205398221877304,-0.86580365038069995)
 (-0.63901908757768222,0.93277088262515317)
 (0.39084778326042224,-0.6167918728881816)
 (0.092052059710310177,0.52032952107340913)
 (-0.43326565044144322,-0.24264104471622125)
 (-1.9813528326340459,-0.20719228020368805)
 (0.083200132970957158,-0.10143518770456586)
 (0.96174477303202444,0.57335155320160924)
 (-0.64981833286974744,-0.29249245549595104)
 (0.25615745481565233,-0.32889114981584905)
 (-0.46720529534331906,0.72182384131156263)
 (-1.1182366946728262,0.064951249206643941)
 (-0.14870153063637936,-0.11219101677605003)
 (0.75196547099852229,-0.43557640089009514)
 (-0.84894888535890267,-0.41069016375209239)
 (-0.9763124687499295,-0.90464439500921001)
 (-0.97708601822439001,0.40935149906045626)
 (0.46924521701619237,0.52590631043459235)
 (1.0503212165421079,0.40697158760604452)
 (-0.30875334921941866,-0.26456134211937099)
 (-1.5045604893997475,0.090609729078417162)
 (-0.95086162044092504,-0.50927845552178141)
 (0.13794029685059928,-0.018694560876195913)
 (-0.90292462447961286,-1.1953271732628714)
 (0.79552980108462201,-0.54047703108692458)
 (1.0670522586941329,-1.3488134802449347)
 (0.35005558359833666,0.028903723341672537)
 (-0.76670868920767288,-0.42508845060794131)
 (0.23375664994333081,0.55056137726947751)
 (-0.82219322815244389,0.027004620049902076)
 (-0.3980382905156909,0.17658072018554657)
 (-0.6615323173807961,0.20803265573797841)
 (0.11449401651043876,0.67747822335251495)
 (0.40863454554009027,1.8341493847519019)
 (0.037210688410390422,0.40301615990015921)
 (0.79787803331386054,1.2024602776997932)
 (0.57375334062573502,-0.14319312357152419)
 (-0.5770097402878489,1.1143435200798049)
 (0.29245289379636474,-0.85169359229840702)
 (0.076795865584838502,-0.4543936426345398)
 (-0.16112567977426367,1.0235619065384911)
 (1.6156415356025147,-0.29574727070917106)
 (1.3343671595097544,-1.7121842289966793)
 (0.86921793997141628,-0.22347068115297414)
 (-0.015167288410019799,0.68443283296936019)
 (0.37505002704874918,0.067380920270242811)
 (-0.10020910720118957,1.4421174133457781)
 (0.36832811296456042,-0.52783030105144879)
 (0.55981642927811726,0.54045960903829371)
 (-0.47712751993807112,0.23537449472473482)
 (1.169659999438792,-0.71181131026310251)
 (-0.20066015170529802,1.4074774888991533)
 (1.0293093074275053,-0.42506211383659642)
 (0.39738262631385124,0.93140908243126075)
 (0.99300499946186083,-0.23016258945243198)
 (-1.5312267083350664,-0.18526336169155283)
 (-0.15262365637373615,0.67589510638203976)
 (0.47181389340505164,-0.52501225220555348)
 (0.52273676237369715,0.23783537081766057)
 (0.52158372176529233,-0.044098626437478861)
 (-0.82060383405680892,0.45520713342439417)
 (-0.25483596731871067,-0.086313181298439193)
 (1.0630266489040916,0.2664578107708937)
 (0.18306198370956281,0.075477666253131667)
 (-0.2922146257771851,0.61018760476513467)
 (-1.8440177811909224,0.70422772956244095)
 (0.82158708064619212,1.3461630903794777)
 (-1.0720312838451003,-0.41770061220275811)
 (-0.82588075112594517,0.59205366141289384)
 (-1.0666099597243992,-0.45461735534418923)
 (-0.43979035947272499,-0.19777135707966975)
 (0.93130843902848026,0.32146547516152996)
 (-0.92714069875726335,0.38331879363032922)
 (0.344341221641916,0.43744448440320616)
 (-0.72808032851429849,-0.65713244149665462)
 (-0.21336856674454585,-0.45946918928809727)
 (-1.4202136565057859,-0.057406252970067378)
 (-1.2621449827764204,0.77878448986079651)
 (-1.2081945633476525,-0.17628589501566846)
 (0.45520483336860035,0.19122517118900625)
 (0.32226563570953265,-0.087847606952392354)
 (0.7927535082809356,-0.15689538240935025)
 (-0.85557246742649451,-0.20444304650675463)
 (-0.99173912285293742,-1.2006267345579242)
 (0.34994991564587269,-0.10418148900436629)
 (-0.48764045831142527,-0.57656218805360893)
 (-0.51952856372240241,-0.56159529792438023)
