# Created by Octave 8.4.0, Thu Dec 11 09:47:20 2025 IST <gamana@Samsung>
# name: rician
# type: complex matrix
# rows: 2048
# columns: 1
 (-0.52519651711172965,-0.03302551788521671)
 (1.3809685745322162,0.058032650254010158)
 (-1.1763608408481554,-0.21759859711022658)
 (1.2967581337615977,-0.36312501465779018)
 (0.83126266205114352,0.29922018856038141)
 (-1.0229129384767111,-0.23824342469561055)
 (-0.84663934678454922,-0.0052187389615515455)
 (-0.94833786868957526,0.20390921528461678)
 (-1.0575656698608649,0.32506768442784423)
 (1.4345620233052978,0.58407915150125933)
 (1.2250536832051355,-0.3142415469316584)
 (1.1835190350987785,0.37140105290077852)
 (-0.36484429190170409,-0.1194437811795067)
 (0.76548775282975401,0.27027636711352093)
 (1.2992160687128593,-0.77418762359688764)
 (1.005106827684259,-0.11846156589561473)
 (0.92895786491139909,0.067193083947111765)
 (1.0297328419830691,0.080550859451070156)
 (1.4201999452842962,-0.51785825972963906)
 (-0.88841513726710231,-0.050389332235332963)
 (0.68168183575223085,-0.49212812475359929)
 (-1.8474313749347382,-0.34353617464239466)
 (0.022378028665225758,-0.34520738397908474)
 (-0.57063424966101572,-0.10479101316034538)
 (-0.62259177014263145,0.26347590749498656)
 (-0.27471622945527374,0.47627292772738866)
 (-0.84786754886790383,-0.13394438438206321)
 (0.88146431415252535,0.015678845927275465)
 (0.18264592504609523,0.034697072036240083)
 (0.89052625047414635,-0.1592910500143335)
 (0.56322755592229767,0.19577541583546579)
 (0.7195486740545276,-0.2836965004356985)
 (-0.87099808356079922,-0.22378305751040897)
 (1.1255271988363464,-0.5217408547710769)
 (-0.98035063952446022,0.18730647558399896)
 (-0.91792373975212027,0.27651720065053237)
 (0.95736863194870037,-0.14474670861487979)
 (-1.191391440868423,-0.31782290853775719)
 (-0.85761276505722461,-0.015296682004782255)
 (1.2318372457812963,0.37606756303798083)
 (-0.90846603887140864,0.02347829989277786)
 (-1.2353837306682114,-0.42430612503780696)
 (-1.2225667374737279,-0.13430425165990631)
 (0.66683013915843592,0.39017969700333238)
 (-1.3088544010303709,0.52500862130836856)
 (-0.5656110291337566,0.47037569267307305)
 (-0.93102296964953501,-0.084102123678509028)
 (1.3631864960222517,0.21350925778942584)
 (0.16584320873937108,0.44767154004592291)
 (0.58899573089860668,-0.051566640529650126)
 (0.75929663384868529,-0.037433828686129059)
 (-1.0065094780741193,-0.24097436437300743)
 (-0.69925621337185262,0.19547346198344692)
 (1.095352911719617,-0.233576035200113)
 (-0.78850244461684693,-0.12584396540256759)
 (1.1826442814719911,0.5350684903466626)
 (0.81078920930134346,-0.35712013665109071)
 (-0.316467936708966,-0.060070456817358134)
 (-1.1972877318321022,0.66265408781695179)
 (-0.46527257250689885,0.51628629115595026)
 (1.0403456996006732,0.57020199541705585)
 (-0.86770571756640558,0.15882758210491005)
 (-1.3115427474556598,-0.65678607272419298)
 (-0.7388355686771475,0.11894723959097556)
 (-0.86970555248386061,0.27820261279250463)
 (-0.82635905906482021,-0.21775301451075649)
 (-0.71234091969232693,0.16473108688096808)
 (-0.53248828633029177,0.4331857581775026)
 (0.68710355658694833,-0.08235032892979309)
 (-1.7737432516616058,0.23183977749331536)
 (-0.94713870884540419,0.37230982096320664)
 (0.74926487012284682,0.45788043784966082)
 (-0.64302989080462258,0.27639687369274307)
 (-0.89704596528012148,-0.19113548841242659)
 (-1.1373828326889106,0.18830140330918824)
 (-0.96285213421033577,0.18306736348262542)
 (0.71830415335900111,-0.0023855969394380866)
 (-0.89681091925053114,-0.040680322980136893)
 (0.53943056061073902,-0.46309495086151781)
 (1.084795345104772,-0.16454406844095285)
 (1.2946952878133888,-0.59460861623648231)
 (1.0456991231588633,0.11136572445407859)
 (-0.68415637921663142,-0.12831469800373921)
 (-0.18908998584174685,-0.26072981329720257)
 (0.57058457275871177,0.039340231796903373)
 (-1.3150755156093932,-0.40499943279476169)
 (0.63416203375623259,0.63992405266422159)
 (-0.71773306115076729,-0.094937725897539821)
 (-1.4224383647759673,-0.55611367074761053)
 (-1.4203469120692946,0.075859663836753022)
 (-0.65309697305526782,-0.47241222365954633)
 (0.62726791737491228,0.5388572503785557)
 (1.2032256442897773,-0.35585097648336755)
 (0.59973182196404196,0.028623244773812229)
 (-0.51234614560131364,0.11741285947125869)
 (-0.55650589168270215,0.11731424000455283)
 (0.22115616722369535,-0.48933198917479875)
 (-0.64524004758133469,0.11416656295403768)
 (0.80507332306387458,0.053829649146378507)
 (1.1292173047849281,-0.084196530680798576)
 (0.59968543457085954,-0.70099721274518356)
 (-1.0108822154981132,0.27283841840131906)
 (-0.86393247022955943,0.37465201520785357)
 (1.2514903318314237,-0.22439815225012097)
 (1.1923652030635543,0.048844592724843233)
 (-1.6387283228425966,0.24121352062630322)
 (-0.41790358832900715,-0.064412751546986863)
 (-0.81686340496054988,-0.19353309547926498)
 (-0.29035194526124264,-0.1688472131115652)
 (1.6484300258492215,-0.22693869104194861)
 (0.65726221451850464,0.067519206935730811)
 (0.83984206390576255,0.13087255647934645)
 (-1.1917448315961818,-0.11474505984519644)
 (1.2312407647558175,-0.65933399907308066)
 (0.80096118402355243,0.41856052146724282)
 (0.8949500534467566,-0.13994222677097709)
 (0.71405701207045746,-0.42204326513920265)
 (1.2175841060214139,-0.11397709665382805)
 (0.93946632569671162,0.065019298640798737)
 (-0.55288087700539856,-0.14650121367416732)
 (-0.78218497347417659,0.2435600005287461)
 (-0.70884025006044726,0.19446573836963932)
 (0.58378123010724492,0.025492228596063076)
 (-0.89757498691359727,0.06831139137596598)
 (0.91646589071251949,0.28668359657352555)
 (0.84472687671409885,0.53189615363686149)
 (-0.41241221518567983,-0.19102095402392774)
 (0.57741000051521341,0.39890345572809827)
 (-0.58543786433731237,-0.22015523819117228)
 (0.4223782002753167,-0.38401594741168021)
 (1.0327604570180937,-0.00031111812164255436)
 (-1.0342280898815726,0.7728783553830072)
 (0.85794808707268688,-0.52812324142755718)
 (-0.50967827731446702,0.17920787347776684)
 (-0.27814571684660039,-0.38520089496961768)
 (-0.30468757889323728,-0.50759375919701177)
 (0.76637117452644521,-0.21958350246600022)
 (1.245791152646452,-0.55046231112998234)
 (1.4638113419162631,-0.6764346928616064)
 (-1.0554611721021394,-0.7327499239643942)
 (0.86228086033169904,0.12280560779034695)
 (-0.73271788264862947,0.70584787776519442)
 (0.60853479760864104,0.41025579404643625)
 (0.764299727951116,-0.94604521042100143)
 (-0.92852895018706416,0.49378993551276423)
 (1.1672013045903082,0.32982010964189451)
 (0.78330494364857284,-0.58512158299989059)
 (0.5821536810549548,-0.050195703753440755)
 (-1.1926763561248586,-0.0023847171020501415)
 (0.44249416431206701,0.11410835198874232)
 (1.3042249319584716,0.94749311846935436)
 (0.61723404449393882,0.073659722409608525)
 (0.22624357843776222,-0.54149986761268831)
 (-0.77941206165391008,-0.4433595608419022)
 (0.58456526617161997,0.32298773098801453)
 (0.34303399718468586,-0.039079618516699936)
 (-1.4230767803731554,0.1619900708775133)
 (0.54887143414324902,-0.15777681554986051)
 (-0.62649397835316578,-0.35751242157518914)
 (-0.72520608850111057,-0.017674225761471232)
 (1.0287967681866166,0.62444584693056637)
 (0.95242310640326588,0.14076117077679506)
 (0.64177864247143901,-0.0058420794973959179)
 (1.2377008283676756,-0.087305975816200934)
 (-0.89445531196118755,0.16573594069703881)
 (0.83832390965139292,0.41642351727948917)
 (-0.61963115910841737,-0.36768861764049326)
 (-0.68485236906369218,-0.082466700470965229)
 (-0.6861047077053648,-0.045314881038216924)
 (-0.74224027992761743,0.72134850043325938)
 (-0.85751516428300878,0.099733143965692481)
 (0.3775070058025487,-0.41896645314645703)
 (-0.21561697841580429,0.19557820009425861)
 (-0.91198862853700557,0.26095736733099145)
 (0.72573279415670944,-0.25002064862845635)
 (0.69586216044636806,0.39215648399479536)
 (-0.86184635712442892,-0.035131115779107693)
 (0.088247156180278896,0.19367305513798483)
 (0.70282202959488993,0.43358840330712878)
