# Created by Octave 8.4.0, Thu Dec 11 09:47:20 2025 IST <gamana@Samsung>
# name: rayl
# type: complex matrix
# rows: 2048
# columns: 1
 (0.80900805123663777,-0.25183173136406939)
 (-0.25789824105266557,-0.15956969518348119)
 (0.21514928913841336,0.090255358047935413)
 (0.72126590205683272,0.51362239406036836)
 (-1.1882013129586113,0.07980939618181461)
 (-0.73858880889895628,0.82474844219475618)
 (1.3259178513555541,1.2224568554285489)
 (1.4654081687596507,-0.7288672034589303)
 (0.36438635553570409,0.36113484735617324)
 (0.778357108659397,-0.092451451393790837)
 (1.3556548808843434,-0.34843471304223755)
 (-0.78935165839076504,-0.19664991399655624)
 (-0.0679064746012292,-0.16603434144642626)
 (1.2172739814091151,0.35599197777035751)
 (-0.38414909016297399,1.2379883114650749)
 (1.0197452227039754,-0.98664176350663957)
 (-0.79149276423424364,-0.43805124797674877)
 (0.60331019477030468,0.3852750603703417)
 (-0.06659530853654988,0.45347888417503252)
 (0.66531069342510318,-1.0115707781277905)
 (0.60925410307535488,0.56165775341227453)
 (0.096767592401171387,0.48933157343730765)
 (0.065180968560308222,-1.6451410827643522)
 (0.052888636487231556,0.033327698186027273)
 (0.14905642994847479,-1.5093169905816117)
 (-1.1295797104111995,1.0429536840089386)
 (0.22483102612582739,0.9430856785658932)
 (1.4191607300151821,-0.36975260534586546)
 (-0.86816055562142658,-0.56910801618788709)
 (0.3143344606506423,-0.15937677056475716)
 (0.61978053861567728,0.90696810137324113)
 (0.26791903710555792,-1.6480933431898763)
 (-0.73224813859268811,0.54579007640596844)
 (-0.66393105385433082,-0.343857311489844)
 (-0.36803808423329409,0.52896801882167443)
 (-0.63132776575638561,-0.62160644043110747)
 (-0.33201084689621868,-0.21311557425515446)
 (1.4536070734357189,0.2356685400203363)
 (0.77629055587501572,-0.78281027896852684)
 (0.44446180111534128,0.36911106235998803)
 (0.28886318684174744,-0.35867324880500434)
 (-0.75572923109605228,0.083375163802718311)
 (0.69519512071213252,1.117795129695391)
 (0.59576612105619953,-0.12332774566359776)
 (-2.0573880070572717,-0.16218870203772237)
 (0.68013422626214715,-1.01724079569749)
 (0.52232194464051107,-1.1127568730794208)
 (0.87234394418714112,-0.23520002226793077)
 (0.38147656367676136,0.4298567038472636)
 (0.73749374458634387,0.080334953016455143)
 (0.93357673631400384,-0.072254014949922438)
 (0.40610735228951056,-0.32761012389196248)
 (1.0734862592681544,-0.25473640379982415)
 (0.70080361571927696,0.15447099770610548)
 (-0.72686624817252687,-0.79795919522464731)
 (0.83465028516959106,-0.8162426433742106)
 (-0.0665674393042191,0.95533754669620186)
 (0.41168277408088838,-0.33314738112761511)
 (0.30053539578157362,-0.0094422889258141598)
 (0.79608712125830794,-0.0032724108280718553)
 (-0.066065425615340678,1.3312417186043979)
 (1.3658413895147885,-0.15935408143172458)
 (0.07222867316845473,-0.60157837434220052)
 (-0.15626812707666801,0.019258097690074381)
 (0.83224443092317801,0.033180260370970917)
 (-0.40874486287823708,0.14809429769094115)
 (-0.11727969272962069,-1.0188520276331532)
 (-0.37257314948766457,-0.82371799155858794)
 (1.0623781011601592,0.66812155538974694)
 (-0.62148449665011329,0.55769570110025657)
 (-0.47659911414745365,-0.7407937206371713)
 (-0.96266073100472094,-0.43812565026719419)
 (0.30427666116904067,0.71383681643230201)
 (0.81921435893284289,0.063688450259921425)
 (0.18488209244854106,0.67964005168193509)
 (1.5206996158513357,-0.61907640034406741)
 (1.1629873683166534,-0.64168596138081013)
 (-0.19820111996385922,0.71475082229619524)
 (0.87994275343428296,-0.073350477932654257)
 (-0.68574106407913094,0.065657507057977155)
 (0.15850065106081188,0.29538719819061576)
 (-0.58125075658876668,0.93009447855053218)
 (-0.49819296113048483,0.3394245482654577)
 (0.44439165071431619,0.23248345531318468)
 (-0.037962482180911,0.39792201741743449)
 (-0.25118173813946609,-0.83683754482737993)
 (0.62361759747107925,0.26997524487192787)
 (-0.47260535238002155,-0.38369454015196452)
 (0.43550649215387605,-0.39035935216278034)
 (-0.5486706315407448,-0.6072304903590483)
 (0.81773531455061221,1.7302576239374357)
 (0.7996700743670665,-0.069711317808901802)
 (-0.63896405102671672,-0.18732928626053461)
 (-0.64921420229386095,-0.80888575474340718)
 (0.8719679747319613,0.79687101094263202)
 (0.23040696899986876,0.22348371424693475)
 (0.29398821565512151,-0.053751530583301829)
 (-0.52859223831508795,0.17032970140709108)
 (-1.5678908688023014,-0.7652327980837883)
 (-1.374111237391326,0.77475670887536718)
 (-0.27237963068108084,0.69940382007270396)
 (0.1321398041664098,-0.25092744143778484)
 (-0.22952563477919521,-0.74397077305966186)
 (-1.1441206318962267,0.40391557979715714)
 (0.79142310841190611,0.33507054457259938)
 (0.79831441621215504,-1.5635050240650614)
 (-0.85539174760778436,-0.32698815196789732)
 (1.6249049029760099,0.019162684969411009)
 (-0.64882150032480634,0.38805714670264069)
 (0.19217642706052188,-0.32268157267360004)
 (0.63241069936994732,-0.99116354093795001)
 (-0.46776768531127233,-0.82044318481946854)
 (-0.47867567845074122,0.11770148179269224)
 (-0.097223787781034687,-0.55210877684727966)
 (-0.26254250252988859,0.59740073244070246)
 (-0.066295671567232109,-0.85175863656601047)
 (-1.288420660529314,-0.83114618845255051)
 (0.53107037372618882,-0.27756174257848354)
 (-0.096090926922147463,0.54439008653944032)
 (0.46571592153071961,-0.59448380764345032)
 (0.14992673446014831,-0.53589760443777934)
 (0.16508167709508664,0.091908825447139866)
 (0.052180883421579602,-0.15416212410701882)
 (1.4192976026701711,-1.0989341662202419)
 (0.62952651574991636,0.91780228282464571)
 (0.056240000880320482,-0.44647355502885844)
 (0.17553499715837154,-0.37246498761348062)
 (-0.0029048289817281813,0.27524279886491687)
 (0.17328931613208254,0.12823193742674666)
 (-0.14643972554130974,0.12700261050626296)
 (0.18563558358486953,0.029378651326756152)
 (-0.76659479927232022,-0.22865093503049028)
 (-0.82885969967172923,-0.32792947545054618)
 (-1.4511581795198376,0.72656354787603039)
 (-0.16573425976506032,-0.16376987815912911)
 (-0.84987631213790005,-0.6186309869808525)
 (0.30494148172462843,-0.65997134016191916)
 (-0.091782494936130651,0.73401062601994305)
 (-1.4359440942324591,-0.84791929278544798)
 (0.11002950611442927,-0.20928572512206273)
 (-0.48758293396612629,-0.26492302119746219)
 (0.52941759979480085,0.5017452236180594)
 (-1.2324511751206426,-0.45102511598394912)
 (-1.2470024711984524,-1.0896449523523788)
 (-0.33597609360009645,0.47283856305027999)
 (-1.0201205828518447,0.60488272288175793)
 (-0.60650463309613678,-0.66135352114145785)
 (-0.57109203044076229,-1.0609327454907849)
 (1.3068346823060049,0.43085363405015964)
 (-0.29092816064796079,-0.20766067968211455)
 (0.65851361451246804,-0.30159395327911109)
 (-0.056075128419441789,-0.22195849643184262)
 (-0.2747645655445517,-0.47743360236560856)
 (-0.060427968343755974,-0.42901297572709196)
 (-0.25846671728646231,-0.27839774826619856)
 (-0.10602178175366996,0.056213099552669205)
 (-0.34117024000403839,-1.2413833617262713)
 (0.46902670245820999,-1.0750753533569624)
 (0.96137671074053521,-1.0561998925692362)
 (-0.52101445830729454,-0.8764031096339876)
 (0.021953933390446375,0.54340588230215447)
 (1.1999447070779334,-0.18395095969827507)
 (0.47569777209825986,0.41490351869674807)
 (-0.56292464199383241,-0.052273915086234524)
 (-0.12546023011243249,-1.0234611428143394)
 (0.11648713643735506,0.59282741725832322)
 (0.87414356619664291,-0.2556368272684798)
 (-0.2159414239902894,-0.10386170001977024)
 (-0.32342545408397916,-0.13664078626462028)
 (0.49130863355934284,0.23637075656968259)
 (-0.81570388749942047,1.1761018979895828)
 (-0.15444855031588434,-0.042480537711090782)
 (-1.2251403072661975,0.38077624457287707)
 (1.6704822636325107,-0.29182385338193584)
 (0.85993177857341385,0.59503035394490067)
 (1.0347338949637026,-0.95720366280279601)
 (1.0529927217587292,-0.37874528300052679)
 (-0.060411392862501655,-0.18038363223264203)
 (0.74038203259859248,0.35359550024925107)
