# Created by Octave 8.4.0, Thu Dec 11 09:47:20 2025 IST <gamana@Samsung>
# name: awgn20
# type: complex matrix
# rows: 2048
# columns: 1
 (1.0582527021609296,-0.0043963629573100576)
 (1.0916404296411517,0.015565541804238511)
 (-0.9622237629661623,-0.019824305802354739)
 (-1.0655120204939794,0.0072892392420777982)
 (-1.0192077450986079,0.051863437508940548)
 (-0.76002728775034889,0.12137392626340537)
 (1.0285507783275456,-0.015460229841094764)
 (1.0385002043208511,-0.082137898309357804)
 (-0.89643077290199602,-0.07570755724816175)
 (1.0051288331461725,0.12175152174412923)
 (-0.95798729736979937,-0.027164816442392561)
 (1.0002785003663526,0.1004708019825451)
 (-0.95394574580638158,-0.030805686303270269)
 (-1.0939504372659161,0.04137715468404593)
 (-0.94969307040722151,-0.077166373482893666)
 (1.0479002536638882,0.0069202175122103559)
 (0.98530372689625567,0.070748896643649459)
 (1.0461463740799022,-0.042778969607776038)
 (1.0354552311063423,-0.0083834327387841742)
 (-1.1249856433343681,0.11980450016119777)
 (0.8819017780870666,0.025273639284640083)
 (-1.0664722129148954,-0.010158047680503653)
 (0.9711746837755153,0.072387620273107384)
 (-0.91753833305511479,0.055084885212799931)
 (-0.976206031372163,0.0027265006024337754)
 (1.0754849666953505,0.02174147805860456)
 (-1.0557028416022127,-0.034680078420233136)
 (1.0436345344011368,-0.097054581167441853)
 (1.0791539573138578,-0.045312466934408054)
 (0.93417304638745757,0.038247512352785284)
 (-1.047265471779101,-0.034002613134692598)
 (1.0427955229896506,-0.059653961317710905)
 (-1.0462602581959666,-0.01574843332083661)
 (0.95781107210167826,0.11664369076338153)
 (0.96477257441616149,0.02392838133959661)
 (-0.9955232066765668,0.043794601699515941)
 (1.0509361873956324,-0.01265786937577148)
 (0.9300684206368266,0.096182976618217564)
 (1.0201633068736431,-0.0048126787712684188)
 (0.96537573386335795,0.021304044570590507)
 (-1.0201189939150552,-0.014746196329992772)
 (0.99224991658174166,-0.045875778433281084)
 (-1.1546404913387225,-0.058168766745552714)
 (0.94576735134518397,-0.006524929019572908)
 (-0.93151151503732776,0.03966029269579819)
 (-1.0615113977781938,-0.11665769498710324)
 (0.99708321812382406,-0.059213212820557748)
 (-0.9313353620314071,0.029362544452608764)
 (-0.99168926876347252,-0.022752824690990086)
 (-1.0160557293834405,0.024734557255230473)
 (-0.87150757662945977,-0.035349981249859129)
 (0.89212948455332186,-0.012070461149319438)
 (-1.0192039882422157,0.071291672324964334)
 (-1.0060358182806406,-0.073761390953082498)
 (-0.94771138841201219,0.041665475316183753)
 (-1.0588127911659235,0.02090062121805418)
 (0.87283571668347903,-0.044187862516198356)
 (-1.0159328741426874,0.09263436882009024)
 (-0.98695638289544607,-0.020449568332385544)
 (-1.0236324785974287,-0.059752958383942213)
 (0.99195185356840654,0.0072216627652510086)
 (1.0271552215628958,-0.00082270161185761601)
 (1.0527782320830812,0.059327573018897663)
 (0.93921842385716137,0.051439218407636128)
 (0.88207058900197366,0.051106569465453236)
 (1.0436445708540929,-0.091864901320020093)
 (0.97131009902383814,0.037644647279236408)
 (-1.0364407898901959,0.060065933415196254)
 (-0.90918351900657979,0.0076097579868872056)
 (-0.99026848284989255,-0.057062656164979388)
 (-1.1061033865250951,0.043323741879129248)
 (1.0426243889601119,0.11216005416265012)
 (-0.94607634128244289,0.027297697375577926)
 (-0.95926019201122947,0.021991972164792716)
 (0.9738021141739629,-0.0018398023558351519)
 (0.88376464315206804,0.022852717269340864)
 (-1.0617271540576736,-0.060596246727321557)
 (-0.98956852807260975,-0.0063470760094898023)
 (-1.0034676753057654,-0.10838331481572605)
 (0.97293613070213092,-0.038853215365688157)
 (-0.98791226237456642,-0.00032695411388098441)
 (1.1222121396332791,-0.04207585497976947)
 (-1.0039183070774498,-0.0054233288760195814)
 (-0.92252995926070658,-0.016769915297711931)
 (0.988747493975771,-0.14064452745888342)
 (0.96801034377852757,-0.063102960569123442)
 (-0.94767645048016691,0.10255447670124784)
 (1.0329375372663341,0.0021767895032206927)
 (0.91090824564305273,-0.023877286748400284)
 (1.1162182663764837,-0.086559660573020905)
 (-0.97453078918169489,0.045033319849434504)
 (-1.1278093911190348,0.043993485638123747)
 (-1.0876772987864185,-0.09042604769009982)
 (0.97719361188534704,-0.1257210333616143)
 (1.0294764465153039,-0.10526270596171405)
 (-1.0036573121114214,0.045207817497408848)
 (-1.035690231546416,-0.008747177080085192)
 (0.91657511302359207,0.12959535333217295)
 (-1.1095177420550839,-0.13420241415729703)
 (1.0144353777307187,0.031110854535669859)
 (-1.0220602252197697,-0.07949487864683534)
 (-0.9734259675582515,0.069258450082853792)
 (-1.0007876521410219,0.020004330176107418)
 (1.0474495010958682,-0.028268429104934024)
 (-0.8563156786736803,-0.071804081870308498)
 (1.0391124227376745,0.022498077082997728)
 (-0.8987055903103377,0.05149725012529769)
 (0.96092381795231951,0.023799545055207802)
 (-1.0633702661263023,-0.076332824444440284)
 (-0.89654853074207752,-0.086951307531462699)
 (-1.0230722952760849,-0.027696829736288689)
 (-1.0010888160274016,0.032372627153406802)
 (1.0963094499113295,0.1290495325089448)
 (-1.1400240072222516,0.042605882354158915)
 (0.94333695369799009,0.0066569581594197735)
 (1.0323908641540107,0.037706194276553223)
 (1.0372541608464543,0.023233206941408728)
 (-1.0557652278345946,0.023258811750811657)
 (-1.0232892677519736,-0.013614062742967751)
 (1.0154292483488661,-0.13496353588517424)
 (0.97730009982232313,0.036029263398938111)
 (0.95499454587206423,-0.028099219320838455)
 (1.0489798714168288,-0.054915704355214104)
 (0.9731239907428868,-0.091756696558504935)
 (-0.97236464062722283,0.081696240775591733)
 (-1.0815696309383409,-0.0046277372809069182)
 (1.0103459484280886,0.023459139097720336)
 (0.84239153928482202,-0.086445479707406736)
 (-1.1024401171105414,-0.036992420395417509)
 (0.98079595099573624,-0.0029915596757266964)
 (0.86854983288679866,0.066813149287630838)
 (-0.9203460623565527,-0.013606971504450591)
 (1.1069613327201626,0.047301101489844767)
 (-1.0164537143296972,-0.010263026410325705)
 (-0.98507967367848903,0.010623346371261909)
 (-0.91100915839592722,-0.030972936534929836)
 (1.0017323820520456,0.016567635140986407)
 (-1.0446810054938911,0.0067367604627871546)
 (-1.0328452319030905,0.040099948272450427)
 (0.94246739893424802,-0.030363438438765246)
 (-0.92601472591817457,-0.014587699945532632)
 (-0.9763468618015525,-0.045624451984487217)
 (-0.94088343819318654,0.093135347295842469)
 (-0.97286531897242212,-0.0093590374658468287)
 (-1.0076814485777534,-0.0046408825485984295)
 (0.96172485004260522,-0.035550230618789896)
 (0.9596352773552469,-0.050051071458290547)
 (1.0560167328782371,0.019463359748506125)
 (1.0458500542563394,-0.12076365211897755)
 (-1.0870384880874608,-0.027575460298190031)
 (-0.92984741366628532,-0.062634922490893877)
 (1.0899052142221817,0.016019151622245896)
 (1.0185044475293823,0.079388256853190731)
 (-0.95591273391799592,0.11693214039514217)
 (-0.99379017019447824,0.07019369719731941)
 (-0.94600346108955702,-0.011490509924423341)
 (1.0346070804800518,0.016591391330670877)
 (1.1004358381754098,-0.015118954362429014)
 (-1.004160204616297,0.10730089680675761)
 (0.94830210675112547,-0.0025283958249493819)
 (1.011550443547081,-0.0018592482321151409)
 (0.94188274261402971,-0.016025053417559033)
 (-0.96063472205209766,-0.044666969290666499)
 (-1.0448963807545075,-0.066495479835196644)
 (0.90585271986722793,-0.03443350078502553)
 (-0.95911948809895342,0.024485332738360576)
 (-1.0940524902589632,0.051364311883019556)
 (-1.0845488328002191,-0.089141542545867994)
 (-1.0593783599793232,0.10975629740260447)
 (1.0175690254933127,0.03895754196359609)
 (-1.0109920570608133,-0.061679775787539727)
 (-1.059587270825235,-0.045022757854833846)
 (-1.0446667898702191,0.084715605992014262)
 (-0.92972186564308801,-0.020149211005881896)
 (1.0650950260980347,0.049714384367608375)
 (0.94557290583023024,0.019881265422214838)
 (-0.92058481422126726,-0.09151595993671359)
