# Created by Octave 8.4.0, Thu Dec 11 09:47:20 2025 IST <gamana@Samsung>
# name: rayl
# type: complex matrix
# rows: 2048
# columns: 1
 (0.64135906439252166,-0.42055128447161233)
 (0.27353790701300268,0.10355851717532912)
 (0.53201596280454633,0.64752798190884286)
 (0.071038772273692929,0.062333239720105821)
 (0.4789333709755747,0.35504408874915755)
 (0.33855999049062391,-0.86601677015334166)
 (0.77069681644254517,-0.030928343127235827)
 (-1.0157622557951109,0.54315418462650533)
 (-1.1075446604826455,-0.039414423508003719)
 (1.3488598088300088,-0.71760518751840185)
 (1.3034653279006885,-0.2840938828025561)
 (0.18761604352667893,-0.41308241809725427)
 (0.82745718045634509,0.50602642547664034)
 (0.4015415687568864,-0.56022257197585379)
 (-1.8333034434005027,0.68004169972636386)
 (-0.075700329911538106,1.2063779519639062)
 (0.20776037527199701,-0.38462966468248827)
 (0.14049366497239002,-0.0055452697023116605)
 (1.1907757720892698,-0.14477875902062987)
 (0.38117162195648863,-0.71410616755454892)
 (0.5577967478822522,-0.51932279562106454)
 (-0.321855568337088,0.72333860876508671)
 (1.1938764293596724,-1.5562959156023159)
 (0.77508475309381542,-0.11316873551647817)
 (0.15419494849077334,0.90783939999322483)
 (0.99314094726474,0.45564856193147663)
 (-0.019705958989556845,-1.3827570006683212)
 (0.35709079420452011,-0.36058089138491828)
 (-0.83718516181424296,-0.057384274830623021)
 (-0.60914839394391707,-0.46703452371259463)
 (0.28091148292348012,1.593909630144744)
 (-1.0246993722425313,-0.29669287529865568)
 (0.20508703047715166,0.068067550923882877)
 (-0.28967309382424722,-1.2699411864848564)
 (0.00069086703724929865,0.63135064123492002)
 (0.29564464590508777,0.065802686054236045)
 (0.54365052560662108,-0.60115760392214901)
 (-0.70058020715204306,0.038056894471850788)
 (-1.1232406301489111,-0.28719139359236096)
 (-0.50790258625070395,0.10034508430025438)
 (0.61983095374060149,-0.094155777863619575)
 (0.67851107319271542,-0.02601719477407954)
 (-1.2268253214929965,0.63600432676265473)
 (0.64351931818843744,1.3779533798842356)
 (0.65354258913020924,0.27875562135181609)
 (-0.14640741283765701,-0.30950451683109598)
 (-0.18422586315241846,1.1800701728627609)
 (-0.14918722692282754,-0.070460559976958756)
 (-0.63636227189948702,1.1335045040474698)
 (0.90175108012978256,0.90465338247622196)
 (-0.17592884660665664,-0.037078842059400999)
 (0.42569650308221485,0.32313033451280809)
 (0.0092228865696962568,0.88236901935162337)
 (-0.049705126056774442,-0.011250237230621926)
 (-0.8127545661463953,0.28332833013691744)
 (0.42240007231868654,-0.79099835247217809)
 (-0.50971263269971601,-0.85676248243393183)
 (0.24048872978960373,0.12773343373625914)
 (-0.28030855687499201,-0.50873678369673014)
 (-0.015987475218540454,-1.1380412413769387)
 (0.1555184967236504,-0.77416123324520691)
 (-0.68968197718879876,-1.0812533720993509)
 (0.52351700810164525,-0.85995015563212818)
 (0.069056038124009261,-0.14664255889430547)
 (0.087135777190895478,0.30421886767024803)
 (1.5355113886120473,-0.38163967787361219)
 (-0.13780433534060754,-0.36451974622762984)
 (0.57405134160465365,-0.32080153604402895)
 (-0.4033265674579431,-1.4380912058173536)
 (-1.8347570378397395,0.19700898203487047)
 (0.32280500921642646,-0.64038625773798485)
 (-0.017420415700805256,-0.8236278480424809)
 (0.38264359970666412,-0.15933534338391567)
 (0.59942589717760286,0.10304171190967554)
 (-1.0764826463479771,-0.26918535646577585)
 (0.96412678968257037,-0.08575601982000032)
 (0.17760626046503888,0.011154042441732079)
 (-0.45169694002602245,0.10783978408574452)
 (0.70731350864814369,-0.34322123031971258)
 (-0.028372268361142993,0.89581041760201163)
 (-0.6085862510728075,0.12420272709521765)
 (0.81293984893988203,0.48507444366756947)
 (-0.39258597846650023,0.45209923101769123)
 (-0.60651110394392427,0.23338831789755951)
 (-0.46459600326124989,-0.1278521765787928)
 (0.60598221393282969,-0.68365801940096982)
 (-0.63815443941721217,0.52586981005308464)
 (-1.0355224026677072,-0.4859505952059498)
 (0.13815371127789319,0.59592297436750785)
 (0.16559778679722362,1.6843905635760228)
 (-1.0545965635120622,1.4075252905813784)
 (0.071746637125359877,0.18960328044047611)
 (-0.75252883100660828,1.5723737564895655)
 (0.27282572469919619,-1.0380349680622585)
 (-0.89405022375915566,-0.76580903308777037)
 (0.96047164323129752,-0.41409232742221758)
 (0.24337206017589524,0.5770650004174912)
 (0.9918761339642318,-0.15324979835246608)
 (0.45238974129762471,0.46012167084594918)
 (-0.033176141700903918,0.37178415588087715)
 (-0.047427899980675876,0.25080621843079043)
 (0.29626707084100729,-0.29938492492441565)
 (0.065120169442552722,1.2793325198947774)
 (-0.69395591072757734,0.62968641110107992)
 (0.069053221968387479,-0.56744813814856165)
 (0.49201742420791283,0.26601756684498812)
 (0.19320985590630371,0.79701284085983937)
 (-0.040517156031077271,0.55649956571467452)
 (0.34342150197544952,-0.40905501153593327)
 (-0.14786088851439821,0.4826010083888001)
 (1.4757353360779106,0.69953164431493497)
 (-0.87212008063966373,0.47159040512252709)
 (-0.50174310649034137,-1.1517010574533175)
 (1.5357193015327055,-0.33205359199978368)
 (-0.099869936909964777,0.0099106130839554923)
 (-0.92849959189441222,0.18296483015115644)
 (0.2412023757444863,-1.2388170988392428)
 (-0.40005540156339198,1.5363338034876783)
 (-0.068176029449731057,0.37122323200909862)
 (0.68008711869151328,0.34482151537092892)
 (0.10965437684089817,-0.20534549462322782)
 (0.21631005248723686,0.51489833604085178)
 (-0.018780011908505593,-1.7943713512614365)
 (0.65245610174024482,0.011813983197736773)
 (-0.73482244797013307,0.21428261144021551)
 (-1.2668069036236516,-0.7561816954726025)
 (-0.11155375132971783,-0.81308310565398967)
 (0.079534897024334111,-1.2481089390453814)
 (0.1509819889307657,0.50585623446734795)
 (-0.14651269397956362,-0.9075471356438477)
 (-0.31897573909523591,-0.52576487027353236)
 (-0.452695478454402,0.7005588246265686)
 (1.4091484705341488,-0.12000017251785351)
 (0.32033812643436538,-0.06698408881352623)
 (0.76239483169918587,0.38182422086492784)
 (1.0412863629962272,-1.2329492535356779)
 (-0.11093279614509145,-0.035554407501569178)
 (-0.50504551533642061,-0.49447278828706387)
 (0.3067935095949198,0.91237550677323687)
 (-0.043965277824292819,0.09039097403818154)
 (-1.5184329673073171,1.4330016755585246)
 (0.38263897404534802,-0.35234114366347175)
 (0.57668885925385316,0.83031811030758507)
 (0.53678929439832279,0.36993631965493329)
 (0.23457588107745486,0.51381750417931427)
 (-0.99565454222536931,-0.21267007465830787)
 (-0.13587978748242593,0.52639195218649237)
 (0.048884834329294954,0.099498770013629251)
 (-1.1330118110855987,-0.26392370496680811)
 (0.87157309227838686,0.54633367299785707)
 (-0.021926314852462131,0.34665165409987786)
 (-0.59490797225102188,-0.39631134380072119)
 (-0.023616349993027846,1.2551600622343888)
 (0.059208093187951005,-0.32618527092856542)
 (-0.074693871020216601,0.46873856706069794)
 (-1.0582268006568445,0.80690319544475597)
 (-0.51782382720927767,0.33025810297477892)
 (-1.7184019282314842,-0.78347873548050972)
 (1.7383775490019715,0.30427565372057508)
 (-0.1183435365382437,-0.010856866598236948)
 (-1.1287198601986848,0.15308941074539412)
 (0.83673694018114231,-1.0981580892875553)
 (-0.0047490747491250682,1.116821744012559)
 (-0.10222391475508026,-1.0260976560324282)
 (0.10903414460783441,-0.68805077062779363)
 (0.38302756876611127,-0.21314054091045498)
 (-0.37770171184573781,0.53801989368701508)
 (-0.13487465649689062,0.6862778078112014)
 (-0.58181937043610454,0.68740260362993499)
 (-0.18567065605946373,0.27072271814223842)
 (0.74324093038810313,-0.41819016764700695)
 (-0.56727868596029019,0.92971650456848298)
 (-1.2546642449980427,-0.41588671004753336)
 (0.64562421534573478,-0.62310180932105896)
 (0.36735467641472896,-0.80701913900690048)
 (-0.85770352056381693,-0.57638488566785939)
 (0.79518642255015737,-1.5341694711391352)
 (-0.24688344017071215,-1.0299703219815211)
 (-0.4762235146563823,0.3059466562558496)
