# Created by Octave 8.4.0, Thu Dec 11 09:47:20 2025 IST <gamana@Samsung>
# name: rayl
# type: complex matrix
# rows: 2048
# columns: 1
 (0.1849710432291381,-0.066918337298415204)
 (-0.6671982806346376,-0.58689422994171703)
 (-0.88943428499611954,-0.11428831761129016)
 (1.4301831591790943,0.043340452837825706)
 (-0.51695378046622187,-0.46740004327621493)
 (-1.1265785453270571,-0.86295514725949196)
 (-1.265464544275209,-1.1015506128574311)
 (0.17667827808077957,-0.43337497613979409)
 (0.12348372535104594,1.0130366713036252)
 (0.25975124871265659,-0.44774234375698346)
 (0.90588879328438843,0.97708974976797136)
 (-0.84999158527727048,-0.25795387704742367)
 (0.28874732245513329,0.77580101012743652)
 (-0.50615740095279194,-0.13964628632243381)
 (-0.13426647264074193,-0.38141609981217039)
 (0.82005178911066678,0.71394820071203247)
 (0.10494104646301941,-0.021823089289325564)
 (0.93583903919898326,-0.10894666253345948)
 (1.6156571346790172,0.473752917732219)
 (-0.040667093124294215,0.61230649284375172)
 (-0.40698642257467188,0.44086612188868557)
 (0.18532545132515657,0.42352859805008208)
 (-0.14185458322146016,0.36413809559632249)
 (0.47943497659446022,-1.0073663840141041)
 (0.33910144902628803,0.18557578204401418)
 (-0.9968448325376934,0.7385578794835036)
 (-0.34331415059617859,-0.10207541761772568)
 (-0.10721857998979732,0.37509737880657124)
 (-0.59300290460923777,-0.15401872966137545)
 (-0.2695745998610275,-0.31887339079321103)
 (0.56499997012319569,-0.094419658972934764)
 (0.048198425956326736,0.088340390294036134)
 (-0.48816781792276226,0.64301520557648639)
 (1.5763545218257233,0.69111916155260367)
 (-0.84784110490771158,0.26179333208201067)
 (0.86776039991956799,-1.2850947952337368)
 (1.1361339952268685,1.274068145167272)
 (0.30682569150188788,-0.96079523853725768)
 (0.41731753712059555,0.25470403224277738)
 (0.33243199091834735,0.94556468861016896)
 (-0.32554467510368656,0.13225413544691572)
 (0.0702421863970666,0.060261138955902127)
 (0.0040996283032646956,-0.83535947749427297)
 (0.38101918720209299,-0.24465933687943806)
 (-0.31035279696223739,0.70014163118098627)
 (-0.53266372006936036,-1.2526429508233738)
 (0.83464883179748717,-0.011686208025739173)
 (0.24506872046372125,-0.35044134121413234)
 (0.7119801637552976,-0.25720323888686963)
 (-1.6337089763925605,0.92512598551329961)
 (0.00078005306354451802,0.058222309543968044)
 (0.93321434709476792,0.30365549850886425)
 (0.76121701357859339,0.2357862753880782)
 (-0.234568316048644,0.40993457774648606)
 (0.79558778996904056,-0.5727120495146385)
 (0.23155082159870269,1.0094822617102581)
 (0.95374826743812557,-0.39252552601467927)
 (-0.04776035855211809,-1.8445408907761753)
 (-0.41040276977769241,-1.5660868576936104)
 (-0.91796493308523774,0.49050206406192043)
 (-0.34225739616860101,-1.7092893654258312)
 (-0.14366070987843327,-1.0745280117327896)
 (-0.14681612325370735,-0.010379268436797925)
 (-0.97412098890152665,0.064295894756112359)
 (1.4286935145056576,-0.27285442314494573)
 (-0.16161722424539865,0.19976723149399828)
 (0.42565368972664203,0.32504923626159399)
 (-0.89721160240232389,0.53341468710600448)
 (0.4088559491318452,-0.85517188895165719)
 (-0.15716811720374402,0.47136235700948342)
 (-0.73816262843846225,0.38134698276286927)
 (-0.554580613419977,-0.64230999805772859)
 (0.62436964123222449,-0.57602472509348501)
 (-0.6881412412579937,0.72203944590203772)
 (1.2072055123477812,-1.2366492572801844)
 (-0.63958865903338413,-0.25182706054571802)
 (0.19882133794556783,0.38496676866900986)
 (0.42625484863899388,1.5716400124226528)
 (-0.13661725144769551,-0.82018267631253661)
 (1.1083320876799228,0.42421505440886736)
 (0.069263889392767203,0.47241160760418566)
 (0.82328282353192817,-0.63878006103633378)
 (0.13490884433996281,0.70418374131064521)
 (0.80095510251957291,0.83942349022355456)
 (1.561365171622904,-0.79843240709971242)
 (-0.60805149215477783,0.23113223107253264)
 (-0.31873624647793242,-0.82208410703779566)
 (0.51111563829475359,-0.20024188296197881)
 (1.4524292085347779,-0.71131915664144996)
 (-1.2712780338585286,-0.066412358021916362)
 (-0.2558506999893197,0.15586742746552132)
 (0.081126058741916127,-0.37612774201259241)
 (-1.2887392271947091,-0.037445895145643171)
 (-0.43399561157471384,-0.21631321908463841)
 (0.049815861665292387,-1.4097549601862855)
 (-0.44411370605372796,-0.007224301922889741)
 (0.45994094437421584,0.36389697164323154)
 (0.0023456487039013084,-1.215418106044396)
 (0.43433824312743718,-0.67087399475499965)
 (0.73313894502148069,0.81132373782367928)
 (-0.013104330842296457,-0.49133889106212292)
 (-0.3251955801861825,-0.49578989400583606)
 (0.4963983308960303,0.56417342679521665)
 (-0.23423349678913974,-0.31942503159561347)
 (-0.33725749624720669,-0.48340997377258349)
 (-2.26639056531807,0.52517627368449615)
 (0.16797036124337539,0.094006770006578894)
 (0.74986278483249613,0.32321194048892815)
 (0.32870280972606153,0.53830213733564924)
 (-0.13301778424321475,-0.6595888175115725)
 (0.68975204882671493,0.022086971380105701)
 (0.97060637757622004,1.2622550682500746)
 (0.23193561417081926,0.90186206530810198)
 (-0.66391242293317954,0.19959473752233545)
 (0.54271323363782287,-0.60271824969538024)
 (-0.44267221603382845,0.52579800374847008)
 (1.9847627789116105,0.77540912767927972)
 (0.086567546446107271,0.040500293036639733)
 (1.018904476526503,0.48765024137846841)
 (-0.1902761028148979,0.22788814480771857)
 (1.0277429889495264,-1.207151048641967)
 (-0.23622359462957018,0.35741412195798611)
 (0.54671389351029021,0.11650533680299352)
 (0.48704772231665505,-0.45834206818139245)
 (-0.044408779100955385,-0.21355110980118017)
 (-0.28703105873738011,-0.46008415033347994)
 (-0.85366332060297012,-2.0610309203687747)
 (0.98943314526720372,0.72646711662145613)
 (-1.8569150955649321,1.3817480030869087)
 (0.88277341005204213,-1.8048369104272206)
 (-1.2674193188499787,-0.38720529288153122)
 (-0.76711739048214589,-1.0728474009482396)
 (0.45761703281851296,-0.58729991020441541)
 (0.95222064586326571,0.81210992732645071)
 (0.57953920604431419,-0.45744727552112102)
 (-0.88026804017125482,-0.97118155391812466)
 (-0.56348832337571031,0.3201604789626602)
 (-0.77229095239645906,-0.1778640828325917)
 (0.066888881991448101,-0.68468416506227769)
 (1.0111605463330353,-0.39036315776394143)
 (-0.52998724980796375,0.71979008416022705)
 (-0.47101725877473472,-0.037044214162902246)
 (0.35275471054680207,0.29989195148220915)
 (-0.58116801333532553,0.19680904095653337)
 (0.33625742259028907,0.30856542528688463)
 (0.56977261942403201,1.0127104848737309)
 (0.93513977070087217,0.25375045494363363)
 (-0.26921991188171013,-0.35732581419620768)
 (0.56890926864578617,-1.1126848829926321)
 (0.23518717669298173,-0.48662893073216812)
 (-0.25543400021620061,-0.97868534916997985)
 (0.84628784330859996,-0.9278884482257459)
 (-0.49693049753650576,-1.1776268920848647)
 (-0.10256278727457312,0.37485744338964277)
 (-0.8339226853236944,0.15464505980395424)
 (0.9574824348651223,0.24977223289224038)
 (-0.8435320144201397,-0.053341742765123351)
 (-0.17311257663433746,-1.1897125273716012)
 (-1.0585119131203866,0.011583989300329505)
 (-1.2626969194892186,-0.53201172717564971)
 (-0.58102692648503318,-0.53800588557097606)
 (0.57759689464150088,-0.38565522999226193)
 (0.31252735563513839,0.15904106754859756)
 (1.0889254050641164,0.82905342771314117)
 (-0.42932111570303699,-0.51214996167206694)
 (0.67655969070482946,-0.64792472479706764)
 (-0.91703763705588315,1.2919288658571717)
 (-1.0676797502432505,0.065593888195360869)
 (0.21668341973262203,0.14996033766147024)
 (0.68309359151537696,0.54147818701022621)
 (-0.13698342057071597,-0.15694663215703422)
 (0.53166750864160439,-0.16816349888884224)
 (0.25221444085851707,0.42528044934461012)
 (-0.26292449028749476,0.37482326376337594)
 (0.32380766567047503,-0.6212776516990256)
 (0.22742925758737129,1.3417687620439069)
 (-0.11065693863499912,0.61674431722937251)
 (-0.21140996376544047,-0.67809667928873341)
 (-0.66729271590385109,-0.51094506191696598)
