# Created by Octave 8.4.0, Thu Dec 11 09:47:21 2025 IST <gamana@Samsung>
# name: rayl
# type: complex matrix
# rows: 2048
# columns: 1
 (-0.22186848921522584,0.38929519248680067)
 (0.5280675725353452,0.44019149000632191)
 (0.59697571203062716,1.1332041574589702)
 (0.40038398902295097,-1.0129032557058244)
 (-0.54616203635330773,1.1972987276894698)
 (0.64044333945550369,0.4143775582889051)
 (0.27102372490028642,-0.58713249082095309)
 (-0.50607894385896257,0.41892345625794475)
 (0.42735649410851795,-0.50796374920462595)
 (0.077771573601310484,-0.44911357026266324)
 (0.89072987731185582,-1.0617099298263075)
 (-0.6252947734480685,0.92879150307509017)
 (0.38856938115213485,0.24948187080382794)
 (-0.34607589419594409,-1.060686797578801)
 (2.0732979603038442,0.6539506462962682)
 (-0.12281568502425877,1.2230141757075754)
 (0.47434815627267368,0.54146481420042658)
 (-0.40506267755546632,-0.45345942521461668)
 (-0.20948973486082331,0.99915571565330441)
 (1.1301848701879944,0.86744323602091189)
 (1.4675428865149021,1.0534181421124962)
 (0.70686438042872024,0.20189427385233669)
 (-0.23569950983975185,0.27049287135653205)
 (-0.53386349860805182,-0.33263291110745125)
 (1.1170251475674848,-0.72131342678143773)
 (-0.74059374171095027,0.1426366316956528)
 (-0.32623355098706647,-0.037394170252390641)
 (0.71042257348256665,0.02085963038093637)
 (-0.20106969799048838,0.52855666484810881)
 (0.060568754654762746,0.36197409774921935)
 (0.35209416438998953,-0.92123989158462039)
 (0.82847544993382771,-0.38859180139719401)
 (-0.019777042638118476,0.17570154397118887)
 (0.72498275327316009,-0.3216659228633969)
 (-0.6999583788303908,-0.21435275909360202)
 (0.88063390099044303,-0.66371863988280033)
 (1.1048935814033838,0.0042296498193684744)
 (0.14689127838689719,0.66035486642590613)
 (-0.66321664787187251,-0.83096210817439564)
 (-0.80458934289300743,-1.3795160828840614)
 (0.067943003893264201,-0.27002657551093751)
 (0.44190664441989325,-0.090392669689583358)
 (0.9860881107932109,0.95857839688453861)
 (-0.037025976228771407,1.1306294063592419)
 (-0.16743971218260387,0.84254015921140968)
 (0.64678265585779438,-0.21158056697909161)
 (1.0481821169766918,-0.84536116597785582)
 (-0.88035711597492772,-0.62567713124831248)
 (-0.77292572862641762,-0.89302110127910528)
 (-0.20995049336113145,-0.42184969248127641)
 (1.0586137854099,-0.20035654564474173)
 (0.60979667501415125,-0.97242637145134536)
 (-0.57975546923509369,-0.19486070013912768)
 (0.78133969211637233,-0.58618822431744333)
 (-0.4186272566850433,0.54159120761244683)
 (-1.020304464832263,-0.72897691257724695)
 (2.459205488430106,0.084115259674463858)
 (-0.13829547028929062,0.044143000550910971)
 (-0.30993361990885232,-1.605138971239761)
 (0.14162170553121139,0.12063880001216616)
 (-1.5264157335627044,0.3648141405569012)
 (-0.50724229599674486,0.068448920931291776)
 (0.085087748404097635,-0.51543611727867789)
 (0.097265399751243445,-1.1271483135731868)
 (0.28333697987294904,-1.7441774810093056)
 (-1.0361925132884306,-1.4339778437969686)
 (1.2735458597543106,0.099534501991245167)
 (-1.272073366755496,-0.25589561616290474)
 (0.41282309860490124,-0.67312045538473253)
 (-0.35257336379323978,0.33633323041541252)
 (0.068818221909700925,-0.6434260425331555)
 (0.40139829587108683,0.61817583089556405)
 (0.12232129403405223,0.38234238325368913)
 (-1.320006452071804,0.71128056329720901)
 (0.46303088785454521,-1.1016915960664391)
 (0.53999877560282916,-0.63706984169672043)
 (0.70980382242458506,0.99745562033654844)
 (0.42233112867854478,-1.2915171268316787)
 (0.35307525761317599,-0.18059605842772136)
 (1.4268394356228329,-0.54746350171075053)
 (0.46464928267065481,-0.15564707751356663)
 (-0.70059020686933071,-0.42003700352781104)
 (-1.1904546610088806,-0.29094434869280189)
 (-2.0450818887636082,-0.7180742811202846)
 (-0.81283164552590126,-0.0061756618216172203)
 (-0.5025112072105693,-1.3864836829264355)
 (0.19758977728634922,-0.21978060231852548)
 (-0.95433773709273961,0.0020940407063738619)
 (0.69090510860332899,-1.0579754646404016)
 (0.57084032179953459,1.2372959959246548)
 (0.39531104205447426,-0.13277746557099529)
 (-0.35529882664627932,0.58299331378393593)
 (0.58007030703675211,-0.29458498465483735)
 (-1.5862720022931149,0.39115379585767623)
 (0.0092696350912438649,-0.26305160941847677)
 (0.7182828614194966,-0.60767877995236019)
 (-0.21662445862844634,0.16057079058385892)
 (-0.029566288661294935,0.71869094832475955)
 (-0.43318364202845761,0.20889936523068095)
 (0.54662004999589109,0.75610606454920926)
 (0.58080942855708462,-0.27230436582903561)
 (0.15407772903733821,-0.48033219379361147)
 (1.0219148511786518,0.041698443833609329)
 (0.60655534374002507,0.084483220837446305)
 (0.42492233447509903,-0.86252336561136855)
 (0.068633840782520161,-0.68433222838682561)
 (0.54954061654398545,-0.11319053741996191)
 (0.78403976943599396,-0.047390446457702344)
 (0.41084656046201889,-0.58740952162718141)
 (0.63905882773576816,1.5388807307132044)
 (0.77201183154527897,0.58843210979113658)
 (0.81153771657085394,-0.56943773421353705)
 (0.43316496786711994,0.015510368918630538)
 (-0.52450308901133957,-0.71079640302549985)
 (0.38851188497892486,-0.60415243081199155)
 (-0.50873204368697356,-1.2113988498728629)
 (0.70601640145771116,1.8026408499582818)
 (-0.8502696283055251,-0.27122218802723597)
 (-0.38396472214300403,1.5318351519514917)
 (0.59311179741362907,-0.77459513781238165)
 (-0.81360089361479182,-0.042378939137058952)
 (-0.5475755244631807,-0.5152703953259371)
 (-0.27411502874247412,0.43625604331139112)
 (0.99283089253476797,-1.1106483156707758)
 (-0.8728074843336775,-0.99144818992887318)
 (-0.54777238078137136,-0.022833177794630937)
 (-0.60689350398874886,-0.24628849700248792)
 (0.90429400242352997,-0.58046395252129335)
 (0.58656140080597241,0.19100003409025826)
 (0.17577834411612936,1.0246207207146363)
 (-0.2801756338698691,-0.16268915412143906)
 (-0.75022395077645343,0.7417133198411513)
 (0.82138453375291298,0.53901742624633309)
 (1.0506891136730061,0.81879241086590748)
 (0.79737541707083903,-0.0109014458082103)
 (-0.084381113706163455,-0.56220208727855081)
 (-1.1919851068102427,-0.52428201552222176)
 (-0.23868710606396415,1.4077877487458741)
 (1.4622676808261368,-0.11030701379249951)
 (-0.27052956000185435,-1.4152336214763357)
 (-0.41875799403585406,-0.85224171105477964)
 (-0.77653927248333632,-0.42939785562758098)
 (-0.24902970448865772,-0.46855628728619919)
 (0.85843449311261877,0.17585859023976905)
 (0.45768372255695838,0.33094332634262319)
 (-1.5113066199762277,0.053258497321920298)
 (-0.91800936228290364,0.33468962464186958)
 (0.66885682548908687,-0.11905328035364371)
 (0.63687677636553841,0.45751215872270079)
 (0.6383205771768995,-0.57266588142748176)
 (0.80820916907341755,-0.66269504747175956)
 (-2.0406048751146217,-0.14569451504464453)
 (0.62119018995598607,-0.46813605267882863)
 (-0.64059860039393512,-0.3290502060771362)
 (0.46465894576459832,0.34003649136627057)
 (-0.11273101212982828,-0.21658050490726205)
 (0.43255431121941551,0.11876971737558065)
 (0.50513039255581205,0.26090415356472563)
 (1.0022716796391122,-0.0932848079186573)
 (-0.39148848563738681,0.84656806624544534)
 (-1.1325949771794532,0.90764193318035002)
 (0.57682366943777663,-0.10402108063559731)
 (0.57530531661415896,-0.33322442813421066)
 (1.1868918711262844,-1.0761161080809678)
 (0.65219367962676211,-0.14040257907648046)
 (0.88670608462249101,0.18843217985428604)
 (0.00061075213616977283,1.1062205408133985)
 (-0.82208137485707777,0.47740372693220923)
 (0.20784770078423317,0.15442207245753253)
 (1.4101442719315878,0.095512893318021652)
 (0.49300879509368167,-0.0043355438515018489)
 (0.19512368383504403,-0.17310393709424557)
 (-0.43659331268695906,-0.16367209630890592)
 (0.51768975564494801,-0.25870319971931316)
 (0.20734766056991635,-1.0409747941473526)
 (0.074561184992849,-0.26328403864752453)
 (0.51753331541243996,0.31748014260569923)
 (-0.50403713980987963,-0.071523785316107272)
 (0.055924516295567807,1.2149846683512571)
 (1.4074485920760702,-0.75149022491120143)
