# Created by Octave 8.4.0, Thu Dec 11 09:47:20 2025 IST <gamana@Samsung>
# name: awgn20
# type: complex matrix
# rows: 2048
# columns: 1
 (1.0882705819823941,-0.097297777224433002)
 (0.93768824298212705,0.00067752064372783322)
 (-0.81913830301942903,0.044160829184466871)
 (-1.0215988677182677,-0.0090571883466007298)
 (-1.0564315863898874,0.056497685711887194)
 (1.1153995384238027,-0.075378202840457043)
 (0.86854546004546451,0.062075566329779279)
 (1.043156033909842,0.12602544361879761)
 (-0.9957951995672415,0.054780994799107578)
 (0.88930040793613796,0.042739164432746495)
 (-1.0020310744865919,0.09943581613759972)
 (0.94435551534781015,0.072159407572314982)
 (-1.1405715403028682,0.021096604301569639)
 (-1.0419627134859251,0.0090927162399575857)
 (-0.97261319225861587,0.11616746679610068)
 (-0.9860954432205612,0.0076330215493258472)
 (-0.9727490372749179,-0.054748346709077605)
 (1.1286514788019508,0.051625730009832171)
 (-0.91338098221727293,0.095368825151045514)
 (1.1711555573707639,-0.0075269955362725783)
 (1.0327354030015081,0.11047543900507797)
 (-0.88641612785640211,0.0024298670979363223)
 (0.98802047827862038,-0.057154402701526441)
 (1.0364492109233685,-0.0085351701803545506)
 (1.0733564999432543,0.01535030673876908)
 (-0.92192296538073071,0.00097264629435690145)
 (1.0054567672416257,0.067311320424339044)
 (-1.0107052890439197,0.02231607662056391)
 (-1.0897038218510773,0.10116851377718204)
 (-0.98607117951637069,0.037546950916874031)
 (-0.95458179094127693,0.10705633667500954)
 (1.0313014637401807,0.053555480165887764)
 (-0.94728148019640035,0.00040871291049999147)
 (0.9857457528292155,-0.025953223265322196)
 (-1.1224425787164392,0.0073367594930991197)
 (0.85358480201143183,0.04565194980927928)
 (0.94811226113162184,-0.045463358926284878)
 (-0.99840598626529642,-0.0690630197738413)
 (-1.0640621261970487,0.023216719891917138)
 (-1.120547822513384,0.021665240638349417)
 (-1.0439457101323841,0.070443165278808936)
 (1.0841673852616225,-0.069009424751919554)
 (1.0907975324671115,0.10045258822597805)
 (1.0448333667138399,-0.003193009745252863)
 (1.068363327851015,-0.095381073630162322)
 (-1.0793106763618943,-0.0079753163015791172)
 (0.84367375916976828,-0.010689625268839188)
 (-1.0103382260210723,-0.035343986737071238)
 (1.0366992414465093,-0.042675689032599821)
 (0.98620653185936469,-0.016100831343913109)
 (-1.0445486864605067,-0.0032102177002091242)
 (-1.0161435026676164,-0.061912218895331564)
 (-1.0395135920296246,0.0082325163835451753)
 (-0.98287898759073311,0.03074839121796228)
 (-0.94840054649381023,-0.045992032912456765)
 (1.0247168290441,-0.091041135913139129)
 (-1.0905722206931419,-0.070213445693538643)
 (-0.98766071340423467,0.023966590165300318)
 (-0.98815877442512745,-0.029316677248356002)
 (1.0669874575312883,0.049084012134085087)
 (0.90421698412327045,-0.025779056774935666)
 (-1.1002583667748431,-0.052672900756488665)
 (0.87627568751007556,0.079718059772173278)
 (-0.95902955191150652,-0.024301144326449031)
 (1.0074821942712726,0.04463858460642172)
 (0.89821940715061555,-0.020764920443006263)
 (1.0399472856563721,-0.076729478984409294)
 (0.96754607186939989,-0.023187723286231175)
 (0.98090310839341732,-0.080209117356894372)
 (-0.97815411001212127,-0.046324499906425037)
 (-0.98305630037729475,-0.1933513311117111)
 (-0.98917853954435053,0.025130483040907332)
 (-1.0426812571442436,0.089084633721527556)
 (-0.94284166428288785,-0.056277616275292291)
 (-0.91608662880707548,0.026633949286053893)
 (-0.93437607838978709,0.050925344741539896)
 (-0.99083213090500966,0.06201987026650279)
 (-1.0497428172960108,-0.041521553714038435)
 (-0.99694238551057179,-0.1070562901485376)
 (-1.0517650542052823,-0.019626846063775141)
 (0.94155084356991026,0.052207683340553736)
 (-0.92379601119446775,-0.010756398105159179)
 (0.99068103401166041,-0.024494278954050847)
 (-1.0400318134460209,-0.035963246607803125)
 (-1.1178637111114382,-0.089437306891054141)
 (-1.0239925788463629,-0.097700903166121525)
 (0.93910515907870928,0.032274906967170981)
 (0.93515633161732226,0.090805350846251187)
 (0.97577131365317338,-0.09022884587901514)
 (-1.0088246680897692,0.045107194509871551)
 (0.95773485030929162,-0.041709792844618315)
 (0.95937589560163061,-0.031609938306563778)
 (1.0718210202247551,-0.046488181582247434)
 (0.99465237832923536,0.051084604739805466)
 (-1.0095302440639466,0.082318202923140502)
 (1.0139806672263214,-0.073553785404934166)
 (0.85774261002597829,-0.048882953183843503)
 (1.0219758489612507,-0.079355422862028568)
 (-1.0988462844240376,-0.084881460406220896)
 (0.939192315855647,-0.013505305284366104)
 (-0.94095401465425521,-0.12019634672341695)
 (-1.0732663176848609,0.071615036235600782)
 (0.96780107471766541,-0.035611989451023826)
 (-0.89258812511055341,-0.1214143784426681)
 (1.0963675800943899,-0.01282100913631746)
 (1.04342605258871,-0.0071061261379220322)
 (-1.0539438500630209,-0.017657106402549534)
 (1.0033048812119265,0.008513167248037622)
 (-1.0387564482688623,-0.061479180379115685)
 (1.0216062007851845,0.018948896051966556)
 (0.99557437945810212,0.10472202417742511)
 (1.1047966083515472,0.030972323119290331)
 (-0.91602394004329468,-0.068405169216405631)
 (0.96539883153875528,-0.021146900766901434)
 (0.97326340475781514,0.056805519757822678)
 (0.95683038324356451,-0.0032849567087989231)
 (-1.0040125986127129,0.040019662947837431)
 (-0.98441203848739944,0.072538351247694227)
 (-0.92494517810242305,-0.049982510817674325)
 (-1.0644230089645403,0.087378665151564075)
 (0.85507159679169309,-0.058000434550498553)
 (-0.96503516355888541,0.10744301055726112)
 (0.87190419937664987,-0.064074298727616372)
 (1.0940111764863072,-0.017002379040092063)
 (1.0668036919437436,-0.061380088481317596)
 (0.95629715360081435,0.050428825205364528)
 (1.0106405300145276,-0.1230203672810327)
 (-0.93507991632215159,-0.066343364567113053)
 (0.9896183931166086,0.10073043730284444)
 (-0.96548707249964383,-0.01713659374723378)
 (0.95521251931171802,-0.012912110278385564)
 (-0.95698524973977384,-0.044502129343866173)
 (-1.0013211306535388,-0.091253412246414534)
 (-1.0062292312485051,0.062470465463780371)
 (1.0260843414730112,0.12872371077455746)
 (-0.98821378243719715,-0.04592041975321802)
 (1.0945855516091578,0.035384025575974101)
 (1.0974365899213308,0.081286228355062329)
 (0.99381819333675459,0.077287702162439686)
 (1.0418086302904581,0.0055252043030162481)
 (1.0185411696150419,-0.20563055365589419)
 (1.0526544039085484,-0.033264772034211181)
 (1.060232048596244,0.039396514157069407)
 (1.0010916282988094,0.015012860393041975)
 (1.0441155432188642,-0.023162493000017711)
 (-0.92710066752492015,0.098513389452871095)
 (-0.97749985921476501,-0.019053171312338978)
 (1.0308937717526148,0.080866088614723275)
 (1.0347775365557836,0.11684300184072982)
 (-1.1422619459104733,0.097701546959023278)
 (-1.0156089896003975,0.05984154002249769)
 (-0.93387250196809513,-0.022713244852413238)
 (1.0789589698159952,-0.053145997845202242)
 (0.95345138629927351,0.01768512284891572)
 (-0.96510905626098265,0.10174936600234846)
 (-1.0371246679039634,0.014335369315559407)
 (0.81592840609862116,0.1067465441495429)
 (-1.0370834946912151,-0.036196943622596144)
 (-0.97243419213298465,0.023458025247588686)
 (-1.0125904945350406,-0.0066297278931705082)
 (0.92477788166302088,0.041116288856960143)
 (0.95428123345895688,-0.0061493330557122359)
 (-1.0574963481020265,0.065975542910113802)
 (-0.967189416061499,-0.0018305486385667121)
 (-1.0862236695038578,-0.060884680646315414)
 (-0.83321727044330673,-0.11882118464890577)
 (1.0557659963912267,-0.01139163958875633)
 (-1.0350496647907419,-0.038762776116744599)
 (-1.1452287237899446,-0.076792316197961646)
 (1.0291181014357713,0.0081988685337556488)
 (0.87487560315013346,0.0029898813598168536)
 (-1.0290147028806969,0.03611527526228888)
 (-1.0069747789731531,0.086387173280453672)
 (-0.79489357916957504,-0.091392867412667333)
 (0.83346190926519514,0.13410568100918871)
 (0.95279228225278323,-0.054845211341727651)
 (-0.81128769648417054,0.1283369399365307)
