# Created by Octave 8.4.0, Thu Dec 11 09:47:21 2025 IST <gamana@Samsung>
# name: rayl
# type: complex matrix
# rows: 2048
# columns: 1
 (0.61034000697060897,0.019131040771171077)
 (-0.21710376702775311,1.4693451635756887)
 (0.45569842360024043,0.92058479154486428)
 (-0.54545758819404377,-1.3509982568131098)
 (-0.33176921784191304,-0.67811360434687795)
 (1.0171215473823221,0.64927918777450566)
 (-0.79019625667913707,-0.55330886800723311)
 (0.48204496517083928,-1.7254017902161014)
 (-0.1775804006279661,-0.59241999119924782)
 (1.2780623048550965,0.80407184615738325)
 (-0.22476312523639164,0.080467521317218835)
 (-0.5528946808183115,-0.043961486481153687)
 (1.2958361879818359,-0.86798442968445977)
 (-1.0022361017280434,-0.49886110807958373)
 (-0.18746853489182203,0.90535591257955683)
 (0.94387558283729267,-0.84483422437295186)
 (-0.0038243681062381115,0.045017569636706029)
 (0.43667454065869782,-0.60177602364755955)
 (0.97230721507583129,0.15980895842924744)
 (0.54898271945072696,1.0438407037296304)
 (0.055031561253879389,-0.014975118771309965)
 (0.34425022462738891,0.59521671169158852)
 (-0.71857141259317459,0.93778525062485973)
 (0.21479482323752125,0.27445968036682067)
 (0.077318372715465655,0.68372107449995267)
 (0.63064177316953363,0.16383183122251554)
 (-0.28890431043981019,-0.60219834711188192)
 (-0.74908866188798118,0.36990258647758312)
 (0.39691451853893661,0.42881770074906905)
 (-1.1413257210604977,0.1410735077054498)
 (-0.89199812800555711,-0.64799494104127187)
 (1.1630319865663947,-0.19807698636455762)
 (0.014656448236958976,-0.25189762843133545)
 (0.049140751487973068,-0.30348820191925929)
 (-0.40072010989169798,-0.22634109390094617)
 (-0.20494422222949127,-0.42013368185515126)
 (0.72696973090641925,0.019449186520954672)
 (-0.16760767523338851,-0.87019136207809589)
 (-0.25055150837420848,0.12685698282277202)
 (1.0108106758312894,0.78777660296459773)
 (0.48763395482150373,0.46435271384994675)
 (-0.15842414227442503,-0.97941228518220624)
 (0.65295204970003851,-0.22031081231194277)
 (-1.2326402734419162,-1.0065502593345912)
 (0.060793293640897084,0.43520742138735596)
 (-0.35574386568952543,1.1667778940287021)
 (-0.70258274392136943,-0.13703991919186312)
 (-0.72952953977077784,0.56468083989737106)
 (1.2086138946736895,0.46396611129478221)
 (0.68881456692321441,0.52037263126874911)
 (-0.57413065476202962,1.1903896742197695)
 (-0.72322417500910852,-0.76970062919467008)
 (0.4745295120047775,-0.6509893579297954)
 (-0.25508473309225316,-0.72532202988451755)
 (-1.5499965034858583,0.44643520346802562)
 (0.58666058523060849,-0.096054823280960808)
 (0.48707228926265839,0.46332382580859943)
 (0.62373060201244179,0.087693569257453655)
 (-0.86817642972790965,-0.66813702260391694)
 (0.88332594144262944,0.57626703156516024)
 (-0.95318044228475285,1.1508583433572872)
 (-0.38655190226045799,0.55982993109452606)
 (0.21416287737762174,0.42267044518838481)
 (-0.83724543361041814,-0.47847169344113627)
 (0.0038217975066213764,0.04979078637787817)
 (-0.41375545937282593,0.77817109440600873)
 (-0.55176973412640429,-0.38752547169200979)
 (-0.34309685622569852,-1.7282478687749319)
 (1.0477171029195405,-0.90272695142508408)
 (0.71214815498284778,-0.44182365577346511)
 (0.10327713078189348,-1.3164992759376446)
 (-1.3604911383576992,0.99887294710476271)
 (-1.2305096598989087,0.9057009037937408)
 (0.33276466896609841,0.58807978995826204)
 (-0.72498216020365613,0.43412032314533855)
 (-0.8883548525230095,0.18214010957125704)
 (0.44981191494084344,-0.079759074963852372)
 (0.093509134395626595,0.3380432558867339)
 (1.5896139895350143,0.36438557902215923)
 (0.058485330011985151,0.56627942160454392)
 (-0.056160046378610676,0.58123708665976537)
 (0.16196036159306662,1.2299881495665814)
 (-0.91511953592846351,-1.2951279195648184)
 (-0.44880435439770872,-0.85301899440179263)
 (1.3555873019599052,-1.1192560901271795)
 (1.1740942649723904,0.16664017762947561)
 (-0.58934741057007056,0.93331101129092597)
 (1.0525997367562048,-0.39118584735489997)
 (1.658493520614033,-0.79260137313908818)
 (0.450885021293294,-1.1686879415853471)
 (0.16177239861469891,0.18576708651393983)
 (-0.67062906229574493,1.0599145882172372)
 (0.50214780770897738,1.1509519687472145)
 (0.75949044246715347,-0.043523846349235076)
 (-0.48899728120541003,0.63634904528334169)
 (0.81536251445141927,0.85207436046545104)
 (0.098151240286512675,1.0132862086572036)
 (-0.044278387760115591,-0.72978735092447666)
 (0.78939253285114608,-0.50399635600687354)
 (0.054035933348627836,0.50430475348028336)
 (0.0963777604650706,-0.074563167662231949)
 (0.26396017543246708,-0.83936959934705579)
 (-0.24934402795438446,0.17541889471377245)
 (-0.87208006186888443,-0.31506786525455155)
 (0.66067387762252516,-1.1777478087494995)
 (-0.6805962379284598,0.59443153549803895)
 (-0.081544218948935293,0.72615069103069252)
 (1.5767401564872663,0.17465910498076909)
 (-0.4530285049085746,-0.61087862720021391)
 (0.26430216068421719,0.29033032285631244)
 (0.011764689792066869,1.1128188919871151)
 (-0.67560048040400877,-0.55453214464286971)
 (-0.96450416451540277,-0.36992933459146382)
 (0.3418722717150085,1.4855655789342215)
 (0.14614607964778256,0.062162910147083743)
 (-0.74522444190320036,1.353290030366356)
 (-0.10962347613170847,1.0029825287302065)
 (-1.0046395513757551,0.77281468914363827)
 (-0.6821387082347744,-0.97359743888675188)
 (0.52760496728997142,-0.9229581067302326)
 (-0.95520709531320014,0.26818394650573479)
 (-0.47408096621062223,0.97106405125618922)
 (-0.057822507861255694,0.18448572132551594)
 (-0.35218645166104062,1.2142852573048937)
 (-1.1021914284818661,-0.48044688801622398)
 (0.48608043665642475,0.60481707636673177)
 (1.0790277532082104,-0.60449217514713338)
 (-0.070991563284815512,-1.2606374507805211)
 (0.4688350197837895,-0.10128314384748147)
 (-0.38239027379181484,-0.048606985050557966)
 (2.0984348097345475,0.25469497496422366)
 (-0.83111855384953959,-0.29242700814970551)
 (0.050248718204509532,0.75274843107134337)
 (-0.71341424922815255,0.70388880011323962)
 (-1.7091504021905035,-1.3010296856418986)
 (0.39780283476766298,0.99220608562982748)
 (0.94114155269455779,-0.8795800792359616)
 (-1.5195110012218178,-0.43575896093518335)
 (0.0042607781513417141,0.27694233090673276)
 (-0.39233135320306928,-0.079509148557150272)
 (-0.94729640527144265,-1.056700337735597)
 (0.42909106654727319,-0.10056680864333943)
 (0.94740205527797305,0.2488794046827609)
 (0.022530111006422788,-0.52426976478615406)
 (-1.4396011704170548,-0.81484521251819397)
 (-0.26685394106568872,0.4876214137811774)
 (-0.65908764872777226,1.3791362423768794)
 (0.40167193541883905,1.1378624777088693)
 (0.88018019884012433,0.76471714943761104)
 (0.49999460776934967,-0.3745671816324791)
 (-0.45495144088263761,0.092798583934944973)
 (-0.55975081422918749,0.37851690904602281)
 (-0.7379832960802768,0.7097444412846653)
 (0.00018099601294168174,1.259468343844842)
 (1.1869334660902697,-0.56278327604627587)
 (0.035214092827436219,0.52167548920720175)
 (0.47245584910116512,0.637360794075851)
 (-0.21887591852101054,0.37195743400411746)
 (0.11862513533228795,-0.57885918943960579)
 (-0.16368979999555983,0.54252574547666776)
 (-1.0250411285038556,-0.59873568144881739)
 (0.84554421216243802,-1.1662899959923227)
 (0.69495028197544884,0.19413003842344778)
 (-0.6029965859537979,1.0595928298426436)
 (-0.32638689199130688,-1.0702574897840782)
 (1.3394132179941121,-1.4225773422338062)
 (0.015913148506462707,-1.0591695243199828)
 (0.57503845968342138,1.0753282350326296)
 (-0.39646071629167029,-0.24268798592996763)
 (0.08832124945808123,1.1180121642362582)
 (-0.11016512907123829,0.4067995771248259)
 (-0.37462330514396674,-0.1801928598680583)
 (-0.40705321684308521,0.66710765858076093)
 (-0.39712258013036994,-0.76457649044275244)
 (-0.034710122560009535,-0.50316751194984077)
 (0.70523178394016972,0.21257146782666464)
 (-0.5412925912489418,0.76545009624842131)
 (0.18025718886621378,-0.78836342569579343)
 (-0.41236289762519435,0.22664730520923612)
 (-0.69805254904238756,0.43664030206426135)
