# Created by Octave 8.4.0, Thu Dec 11 09:47:20 2025 IST <gamana@Samsung>
# name: rayl
# type: complex matrix
# rows: 2048
# columns: 1
 (0.27086463468111749,0.87917311318530256)
 (-0.80315279666248041,0.18317915629606943)
 (-0.13079113822047686,0.11627663014693042)
 (-0.68727641841197129,0.0009992050875783187)
 (-0.24820245169439392,0.49312071512644784)
 (-0.12556908957605353,-0.25824724334729537)
 (-1.1870616811937467,-0.19400429494851798)
 (0.7164440874014526,0.56829095241439054)
 (0.12125974250652503,0.040215538177910466)
 (0.83204358150155533,0.84198316431196907)
 (-0.0087145561213632077,1.7303904658637785)
 (-0.42982040814635675,-0.16022334978069891)
 (-0.21410912027862772,0.42378745408266805)
 (-0.14352311523499081,2.1187468824950737)
 (-0.45870607248302775,-0.048792569465610981)
 (0.69720517105135282,-0.1317839446249347)
 (0.063965169759396562,-0.64834361300232457)
 (0.086265846580856731,-0.93698186053742338)
 (0.16767136177091146,-1.1501031401876773)
 (0.38445730550247809,-1.0177271905313845)
 (0.71408274039166131,1.2098506919920409)
 (0.2583577069035633,-0.75385119165154346)
 (-1.0617663950755307,0.18917445629807692)
 (0.19123192046283508,0.42820373988316324)
 (-0.1155687644345841,0.20729882651838327)
 (-0.011057241143302589,0.39815066734766924)
 (-0.69502890214910817,0.4077267086304332)
 (0.28367857342484815,-1.8266020069597213)
 (0.80366773043208706,0.50945519645197046)
 (0.62258260074122729,-0.76754547320352029)
 (-0.41640876460537413,-0.58226142930696334)
 (-0.3662080414904757,1.0239766891535114)
 (0.12588437214446879,0.24814150324484738)
 (-0.23574909125981186,-0.75998369679592936)
 (-1.6586679392226849,1.2038315548079515)
 (-0.1815097793271,0.68899377804692141)
 (-0.33456483479082694,0.0033033405685548552)
 (1.0362822659776787,0.43155391106966695)
 (1.1630171994365701,0.6640493758219953)
 (0.88725592435784739,-0.54255379034754847)
 (-0.043310067603910866,0.096814623469891559)
 (0.44376445364283995,-0.71154609670857361)
 (0.85844079484763081,0.79080115389181471)
 (0.084147003248300462,-0.52220759794924609)
 (-1.047018818320868,-0.020973978887163736)
 (-0.53073206378405346,0.84228752083267899)
 (0.92773795387886537,-0.45986193136505255)
 (0.096919028927458489,0.18996318644450322)
 (0.034108369712168643,0.017367154701255976)
 (-0.013568223120015342,0.70852722255774148)
 (0.44244557901843906,-0.23209862715565344)
 (-0.56563913637711294,0.073910571094898764)
 (0.3864129936939652,-0.21263642615749798)
 (0.21103312469065003,1.0961435654269651)
 (-1.1536076035449965,0.48351040512631338)
 (-0.81347175586008236,-1.4734837240533902)
 (-0.54243769766704675,-0.28674123997896428)
 (0.58242181478598554,0.24833112763307053)
 (-0.31317910846751917,0.55391912474544802)
 (-1.1280260596720899,-1.0208369905940822)
 (0.89919537789172699,0.55225042434868898)
 (-1.3347335472475392,0.56762575494999312)
 (-0.59698847302188118,0.10693547532966589)
 (0.49093772335641617,1.0896775204416449)
 (1.0165103997012703,0.40595488245136258)
 (-0.46287905372066462,0.41701743133148189)
 (-1.0531656426280311,-1.066411978011415)
 (0.37943726473610984,-0.12480666445794449)
 (-0.84919067584590657,-1.1103495057006834)
 (0.69834443181984018,-0.014911658580538643)
 (0.14490604795536194,0.059259124465496874)
 (-0.54801128380375508,0.30131722899777025)
 (-0.89702548443524033,-1.1901839197491213)
 (-0.090274446994784679,0.42468337733338624)
 (0.41933773815426167,0.061671451495475718)
 (0.16054956734807407,-0.056520644061021481)
 (-0.051816660230320451,-1.6299019118911358)
 (0.46094820329572134,-0.65357343010092517)
 (0.41191816892050281,-1.116217100057775)
 (0.20580965942025772,0.017181006113408528)
 (-0.22717879294288484,0.36624092369667949)
 (-0.55879408953603327,-0.88130604839473081)
 (0.35202914208036207,0.64283287698262248)
 (-1.4731311187168799,0.44559453424970336)
 (-0.68454084715150187,0.40491627583534306)
 (0.806691831242207,0.070815442606386669)
 (-0.33989895296101896,-0.72028237195169065)
 (-0.59701362328064589,-1.0451754532602175)
 (0.23510644095819738,-0.1319487409417564)
 (0.024110117726458605,0.20141638305970191)
 (0.49970256293519799,-0.02221623919927258)
 (0.95475791586578984,-0.6385193183942548)
 (0.26508317912100193,1.8020386564275275)
 (-0.016902742469584797,0.62215443921831071)
 (0.88037597749996277,0.33530399289763363)
 (0.35064884519574091,0.20753545945878027)
 (-1.5213432871884556,0.63373430269094422)
 (0.5653779229821394,0.31873871873873127)
 (0.53914783925859511,0.49196742071099675)
 (-0.35247188386167544,-0.31100039385583622)
 (-0.083851985777558716,-0.14841563101608699)
 (0.099700013809535998,-0.11240045106562956)
 (-0.33207265455921564,-0.74809476779641848)
 (0.66621573128547307,0.21806645023629856)
 (0.074465438629548714,0.86633549536179932)
 (-0.60912934671865471,-1.0435558802012379)
 (-1.6711024107481343,0.27584695935204967)
 (0.16544067646304023,0.74958765651755466)
 (-0.50576277377391798,1.2794744683577497)
 (-1.5898408381531157,0.19887259043230543)
 (0.12689779157087944,0.44487826210185072)
 (-0.50627732430224581,0.27133559400772883)
 (-0.45075506096131318,0.71440905660107634)
 (-0.047231904494519895,0.095885443765943434)
 (0.59471478134172973,-0.59055801280312525)
 (-1.0753278673628246,0.076916810071948671)
 (0.16379917079597117,0.34938384557851049)
 (2.0732801210361536,0.69004736071410844)
 (-1.3499587279670446,-0.80450759648733705)
 (0.78173719857388346,0.66911833716854707)
 (-0.52853062465964873,0.030981735055724765)
 (-0.10075572933459991,-0.45064250651265814)
 (0.62668329761398089,-0.73854151951823899)
 (0.024651326589120753,-0.021258746495223503)
 (-1.4859907929759575,0.43844066793019359)
 (-0.026388875243395865,-0.67404874402136405)
 (-0.80480202789770827,0.01320293460057965)
 (1.1009272172367457,0.26613693744129097)
 (0.45836332078047365,-0.9309227153536852)
 (-0.342597373398209,0.25266330460490938)
 (-1.2329154255190022,-1.1998900961903203)
 (-0.41486724948480824,0.01811949062666858)
 (0.79088689656673083,0.10177826789307746)
 (-1.0229745009608948,0.21937361238493958)
 (-0.5645373418151457,0.25945667636472869)
 (-0.22985657671497517,-0.14001820825456246)
 (0.345313752568845,0.78759381199317902)
 (1.2243203894555983,1.2529325533138636)
 (1.2447055721778952,0.54939299937102626)
 (0.054628338844719501,-0.59859548222409609)
 (-0.62053882577938835,-0.19376331567391772)
 (0.61113537183615119,0.27328468503025943)
 (1.1032868305244077,0.21947718290622217)
 (-0.12486806226494515,0.98923284703862269)
 (0.025314679973496533,-0.26672775773795554)
 (0.80348154339620648,-0.92839349592012488)
 (1.1906081071582495,0.30729681258047981)
 (-0.50497016361834846,-0.1804467908377555)
 (1.1332698020596155,0.2137633958374405)
 (-0.99275606277524953,-1.2539416761059228)
 (1.1973174854902107,0.93898981543384152)
 (-0.098087996613763148,0.37635034343890672)
 (0.91123844753787786,-0.19072600798631711)
 (0.31634953507595076,-0.15273424616565898)
 (0.15536174423622506,-0.02698787601911929)
 (0.14878541054216732,-0.79480564232427908)
 (0.31983549203625844,0.087748812681286606)
 (0.13153888807317363,-0.47611604808510699)
 (0.057421255252212491,0.34322734331688132)
 (-0.30214621283101728,0.4058832559642257)
 (-1.0517264605504644,-0.10354605161383502)
 (-1.1352952825011036,-0.54549831365599333)
 (-0.53261425821693675,0.86645746712728333)
 (0.89721751836143904,0.2314343354482632)
 (0.72236333883619475,-0.50679669335906385)
 (-0.61658335096488248,-0.59416949376652928)
 (-0.42668862758216142,0.69990442077544834)
 (-0.25180437025660302,0.1736674197066925)
 (0.31182521854930195,0.55967583652935093)
 (-0.46457189365220086,0.93233096863013476)
 (0.031875742230326562,0.72135474010373124)
 (0.2628793563977197,-0.96920266589330295)
 (0.24590933226503653,1.3277493427237197)
 (-0.048483412690506336,0.13609759740263136)
 (-0.16905711058488609,-0.31408002528621909)
 (-0.14893097596533283,0.20307223199066535)
 (-0.6968617038677517,-0.87017247479353133)
 (-1.0443973148912442,-0.55632069169924947)
 (0.4144956582151747,0.41579151417179666)
 (0.32785858499459686,-0.94354480112488925)
