# Created by Octave 8.4.0, Thu Dec 11 09:47:20 2025 IST <gamana@Samsung>
# name: rician
# type: complex matrix
# rows: 2048
# columns: 1
 (-1.05389583682725,0.11686973923867866)
 (0.34179587548922619,-0.093978915495860252)
 (-0.61617679164508543,-0.35752570895044672)
 (-1.2809851694295031,0.029135479920490089)
 (0.64464926103768438,-0.37274945395103143)
 (-1.1511500197652149,-0.12793552733348668)
 (0.84993817468901967,0.32323751647793914)
 (0.77497125338366435,0.01960385305616098)
 (1.0307078438315429,0.041024245776573848)
 (0.80642125173214529,0.20499354835371034)
 (0.60356402933962372,-0.46680719447129676)
 (-0.44498412762661482,-0.5933085006777008)
 (-0.70779390586586821,-0.12811374506805376)
 (0.41360068589978871,-0.26362847236707015)
 (-0.97126866742974438,-0.70995573218381924)
 (0.6033233232346189,0.78846189138246792)
 (0.6876253280774044,0.25295271141392001)
 (-0.95211461163072786,-0.6456496254506463)
 (-1.6845569416048733,-0.30301568599650447)
 (-1.1118648228205583,-1.2724631043828702)
 (0.90655951718542871,-0.44485454251055823)
 (0.3858726725275835,0.43004637655854794)
 (-1.358621373988965,-0.52110017050478752)
 (0.86316297996389302,-0.20145457338420661)
 (1.4174918787497162,0.048848020031732414)
 (-0.65669366919060745,0.45244152235171392)
 (-1.4238561617592587,-0.25658752373472798)
 (1.3245379887844506,0.28950260215289908)
 (-0.7180644645674974,0.06937411992912651)
 (-1.3754823387010342,-0.66166373204122264)
 (1.1948561511591378,-0.72872435894677645)
 (-0.88246395677736722,0.026884680136756201)
 (1.046332630916752,-0.8816533975846923)
 (-0.20544687276590345,0.17794752032434041)
 (0.47289733325280298,-0.073409097039657464)
 (-0.62590110614665051,-0.40004277873876298)
 (0.69254063895117168,-0.061122373598873993)
 (-0.54997785624700357,-0.31220261704698804)
 (-1.2631845406269575,-0.077921081367940431)
 (-1.1685197125704847,0.13640849719485906)
 (0.4686646121146239,-0.34060115459240475)
 (-0.60682110238648979,0.38370146048769865)
 (-1.0065386144578066,-0.47951313121069244)
 (0.6474270256814918,-0.21743564145414854)
 (-1.5753189410626556,-0.50633252548997087)
 (-1.3248035709344086,-0.24771707421242992)
 (0.7444371692356877,-0.1770086025784792)
 (-0.81521483781966841,-0.45104114528927397)
 (0.20624138296832661,0.79621297386494194)
 (0.60301018953840813,0.40577595348240686)
 (-0.49383649061735296,-0.9806458941709002)
 (-1.370546736245988,-0.19485637359817876)
 (-1.0579271646102133,0.060309821618793398)
 (-1.2886850945905324,-0.11792707122556326)
 (0.91042309907176866,0.4275509479256851)
 (0.73595902610391284,0.092293795726687139)
 (0.7351480247990958,0.38384353078975764)
 (1.1554458519139428,0.34705352941241024)
 (-0.7146773341061573,-0.079608141314879685)
 (0.57073763432548807,0.0047370773340044969)
 (-1.2539994078061107,-0.1595002155275605)
 (-0.89557587494334834,0.12399918138482065)
 (-0.78647149665922234,0.43911670508076855)
 (-1.4097473837671588,-0.21220304191601985)
 (-1.5438702468934165,0.35684020982669068)
 (-0.16176333308596758,-0.11802581990505999)
 (-0.040168361850319911,-0.086295111754642273)
 (-1.2851555369229863,-0.15977646197615231)
 (0.18453673881550303,0.19264732055923867)
 (-0.84943230310740714,0.19555053651889129)
 (-0.69828331673056854,0.15797984000248816)
 (1.2654565583757085,0.3854138725598828)
 (0.80211577197747297,-0.4005431343563442)
 (-0.73132955882977491,-0.17977411399375448)
 (1.588060021685362,0.17770408837955243)
 (-0.78505953459508282,0.35500223703130102)
 (-0.55438744601021961,0.037641262323545761)
 (0.72837321040124947,0.30201323802173802)
 (0.94200059715422724,-0.25779228650454111)
 (-1.1297144311589475,0.130343172044978)
 (0.60717097841276779,0.28819366862261286)
 (0.94766639543953923,-0.092072424752852225)
 (1.4157754916543732,-0.18068819693686802)
 (0.45319775047708222,-0.021365875764582733)
 (0.74638535288411478,0.097235304923453558)
 (1.7281904843378058,0.11916381837527391)
 (-0.82595737734775987,-0.079477757514968383)
 (1.3200978422463125,-0.18572473928556646)
 (1.5293153686249998,-0.34214704034790655)
 (1.7331664482643296,0.2052013716487453)
 (-1.097425431940978,0.20789564980311631)
 (0.79513481007904063,0.1830369674632111)
 (1.5020090548682687,-0.030118441449290691)
 (0.71768607124690675,-0.036991065820344213)
 (0.512419676571366,-0.12137875247954191)
 (-1.1616914761310502,0.044261960644504383)
 (0.87325069125515709,-0.023270091777210192)
 (-0.41560333763035107,0.12268065337299316)
 (-0.5554398842795305,0.78991001504039482)
 (1.1713264378354422,0.21541294290549795)
 (-1.4851352511706679,-0.61331811819144011)
 (-0.52133264328127815,0.035682353710585056)
 (1.0598549253787428,0.70828426210892159)
 (-0.83973148388953389,0.21457455202738115)
 (-0.7791754415834814,-0.27826893276608822)
 (0.96424254767539086,0.1735278006304915)
 (-0.74736125542102139,0.34102670019973058)
 (-1.3490719331847492,0.1343188072710027)
 (-0.48533687901399458,0.24088391347842686)
 (1.1180223597826711,-0.073382090439372341)
 (0.55200887082365258,0.010464779248464893)
 (-0.73358346148317088,0.49899851114173099)
 (0.73395832521618476,0.21501613094905753)
 (-0.52912713353939367,-0.06780350177824071)
 (-0.78025429201049201,-0.50401117245212346)
 (-0.89449610844473315,-0.15880684977199261)
 (-0.76006187027352656,-0.30595924972292177)
 (-0.54732354010207551,0.35278698333413572)
 (1.0091263296845951,-0.11488016607463251)
 (1.2655008725859511,-0.013457016154457518)
 (-0.65648639572229817,0.60861200599063103)
 (1.5172497633421549,0.3744382741408861)
 (-1.1504316122469211,0.097354303909168285)
 (1.1214614955497386,-0.37446478122812221)
 (1.17311077366573,0.53384942393927493)
 (1.3516704538321964,0.714434133728168)
 (-0.36746759278278224,0.20184072951613991)
 (0.76776083864137479,-0.24793601546993446)
 (0.68216931410577963,0.22954555550417971)
 (-0.82638114608822899,0.45788440083298965)
 (-0.66200411188693831,-0.097583342752428859)
 (-0.95855712984210117,0.035509710670443603)
 (-0.73701597932274043,-0.045134451646184091)
 (-0.71483421381372458,0.14945889144840163)
 (-0.90516055467225098,0.24762378437321464)
 (1.2660545056100185,-0.44564697530303421)
 (0.9198646064477225,-0.0025268829120017543)
 (-1.2037689508666385,-0.10405931376561715)
 (-1.098740627642667,0.38649516126208244)
 (0.98311494802551225,-0.13825201151231487)
 (1.0011123992065751,-0.2908655611651525)
 (-0.60238281487643097,0.12336927594063893)
 (0.7877935024350794,0.47840486590818604)
 (0.18714773075788749,0.060491257363352202)
 (0.99469164306434998,0.120639171112324)
 (-0.2303798752977867,0.096190351328552512)
 (0.6688021940597525,0.40103838747258058)
 (-0.45018431135267573,-0.075919939948972351)
 (0.33669207829912251,0.36953336211198828)
 (-1.3034327490638939,-0.24735256473567202)
 (0.64940865507440537,-0.41467521205489627)
 (1.3582816888775864,0.056245366488905053)
 (0.58988128147735108,0.19431296890097027)
 (0.045248567960886721,-0.35401656505754375)
 (1.1836444072637669,0.14241862870038063)
 (-1.3685685123301905,0.25722584980748953)
 (0.48738208937466293,-0.36878738465726141)
 (-0.2760108411398674,0.41349962454906514)
 (-1.1539220208383365,0.23510521796255679)
 (-1.0456865209371438,-0.086300359796268364)
 (0.96894221492457522,0.2331783224733954)
 (0.33868554979520027,0.38038813238627023)
 (-0.53214450827965454,0.0029868074504573595)
 (-1.1510191170993809,0.14867349444124353)
 (-0.98669237532626919,0.089678977382335004)
 (-0.84661875024713806,0.58533910639530295)
 (0.65630463454712307,-0.10706782389314062)
 (-0.1198903985938411,-0.35291486626769225)
 (-0.84025372880658877,0.43863554476020356)
 (0.65799204433253411,0.054324248806032753)
 (1.0258645768173156,-0.73870746698561462)
 (1.5559491866651145,-0.49276409875089616)
 (0.96666231352470955,0.1211266112552971)
 (0.84843804711820314,0.050936222152559787)
 (-0.97853281734180708,-0.26527516673224305)
 (-1.1316381823424648,-0.37338985564558441)
 (-1.4429487998854185,0.46430377596041522)
 (1.2648743520328229,-0.1803697819936132)
 (-0.87205719848798124,0.078674958152679692)
 (1.0590380087764515,-0.039315787022303074)
