# Created by Octave 8.4.0, Thu Dec 11 09:47:21 2025 IST <gamana@Samsung>
# name: rician
# type: complex matrix
# rows: 2048
# columns: 1
 (0.63418015938300898,0.20736918274333882)
 (0.98342378030469357,-0.20605584404283361)
 (-0.70488234451625331,-0.7592185455471977)
 (0.70972149196529088,0.33913945572327397)
 (0.58838874052127899,-0.3013597179528843)
 (0.96470640439608091,-0.86167408734861484)
 (-0.65841685537260897,-0.21392293384261976)
 (0.44935920187237038,0.082063195078162926)
 (0.33805045788200772,-0.064014837717230558)
 (0.26783384926088838,-0.084753170923993787)
 (-1.20445052472402,0.18270003324701597)
 (0.42939151702847472,0.0024519216445766986)
 (-0.8376041589775457,-0.43556016922609159)
 (0.73726388728216063,0.092014591585379252)
 (0.91453183998734677,0.56923639632394096)
 (-1.0587630859313175,0.56724879363704295)
 (-0.86788271992591726,-0.15131752033276435)
 (-0.1245447102374605,-0.47606672913310216)
 (0.71536497041183988,-0.39642810673291384)
 (1.1082674229431939,0.12560932578338169)
 (-1.1897230078337981,-0.4653656326764235)
 (-0.92957602181831145,0.09414133119651244)
 (1.4777642020262762,0.31557352659287785)
 (-0.6757582558235421,-0.6285199292602589)
 (0.81282786196847934,0.050779412182425827)
 (0.6126656936674455,0.36524523035244238)
 (-1.0351169673653853,0.33629058481179436)
 (-1.3254320468286029,-0.091692185832196155)
 (1.1513751680567297,0.37708166490785461)
 (1.5788797317327048,-0.26922954930515469)
 (-0.73461106577931445,-0.44652205643836967)
 (1.1814991108532009,-0.18265733071868576)
 (-1.2793450037265306,-0.2480784872066818)
 (0.88946915923282244,0.45149236363161332)
 (1.0608643773941415,-0.16094122865210667)
 (-0.58504418816259984,0.25255255123869375)
 (0.74184135329292977,-0.24350276902833864)
 (-1.0120329156483168,-0.40959776428386324)
 (0.64729914226853902,-0.17325316116398706)
 (-1.3776370775260947,0.083626779416173913)
 (1.1199045909031935,0.1088279357537042)
 (0.33225689433590899,0.28212160180852469)
 (1.4135841118512886,-0.18263816382472506)
 (0.64114160781737295,-0.069358702212682491)
 (-0.73127880334915829,0.64571403077246103)
 (-0.6671670698319665,0.091107494528706645)
 (-0.84903150180815601,0.64475223338089904)
 (1.3073027053304456,0.13125147998598724)
 (0.31864250760010115,-0.39978685815278137)
 (-1.5892109696169725,0.22795821308591982)
 (0.96519547388155891,-0.29703699767398178)
 (-1.2482490245841835,-0.075133455371845265)
 (-0.66533304696139672,-0.034526696582885492)
 (1.1587190976743276,-0.43192910554097824)
 (-1.1349733610065293,0.16901216433269042)
 (-0.60950754067193302,0.24903786660492569)
 (1.4646934659899364,0.39740304176270358)
 (0.6108772228143946,0.15100124730093872)
 (-1.2043949154857849,-0.47989905870747035)
 (-0.94970427869982099,0.63722500092594692)
 (-0.73906789388711713,0.44685588619741895)
 (1.3396637006720213,-0.052474868494258406)
 (-1.0518403349468795,-0.24446656849760864)
 (-1.2952327927173615,0.33118649648968568)
 (-0.41007849993821105,0.021266516963990349)
 (-0.97363019257600025,-0.11738940122572608)
 (1.4661578002387996,0.31243885830749651)
 (-0.897361968779257,0.16341854597607552)
 (-1.1371010850830525,-0.16256761504172357)
 (-0.71567698446628569,0.007839968493170639)
 (0.24233465508779495,-0.0085107708582212414)
 (-0.82435383680813978,-0.46322918517871686)
 (1.3098394766306725,0.032754547005888687)
 (0.32209996658515549,0.31820587560763341)
 (1.2780799813858559,-0.12557670336340326)
 (0.90152868149085419,-0.40732946190463798)
 (0.97171644831211745,-0.10658048499451038)
 (1.0057498166236203,-0.44444651168781568)
 (-1.0106115105308695,-0.5431467845026795)
 (-1.6591159784638034,-0.18926726620894785)
 (-0.38785115037465978,-0.13216618732577734)
 (-0.58491921455165108,-0.11228992674168221)
 (-0.98550140211567183,0.17573178689383628)
 (-0.76158500118646411,0.15520762693505979)
 (-0.68035752585811982,0.20920623376233696)
 (0.59993298865978018,-0.1605182214177843)
 (-1.1242183989595678,-0.57136733199059442)
 (1.5996059188908212,0.37098264333337189)
 (0.26741442078179622,-0.019993530832960373)
 (0.90511066764235892,-0.10706779530243159)
 (-1.3917251374675197,-0.38108986032461933)
 (0.57159406769074694,0.45689793042524179)
 (1.0079481205758221,-0.4372041355393621)
 (-1.1487801018690622,0.18696557362694552)
 (0.94716884657756573,0.10438744549610236)
 (-0.55771797887278884,0.043197734198514137)
 (-1.0102195531457758,-0.3659287261414001)
 (-0.9994240002965632,0.37240222504014092)
 (-0.72812114379356063,-0.53498324364446392)
 (0.93551640844216599,0.53330069339405772)
 (-0.8040477436363368,0.1248527578477592)
 (0.65892433358918723,0.37700646355098644)
 (0.73194004638881083,0.19333308041352454)
 (1.0725489857014916,0.055083152314663909)
 (-1.1454345816947602,-0.062150160001715853)
 (-0.82799673666187446,-0.00015520932677227337)
 (0.60563371027852508,0.069960818030630048)
 (1.5108137813424083,0.0063807689771902213)
 (0.42513739874774753,0.22771256669355741)
 (0.86845328368012442,-0.78617559028000428)
 (-1.2092808132038293,0.16804281348032954)
 (-1.1015789367786415,-0.29464821194218616)
 (0.91608113260206536,0.12459311983614364)
 (-1.3345246912003059,0.02628736999457908)
 (-1.3628870847154189,0.23422899740482847)
 (0.6614231167194341,0.36319865409466684)
 (0.95987945069692293,0.16526479872696728)
 (0.76162034396322031,-0.0033886893038368032)
 (-1.0802106097059494,-0.41652903954361264)
 (-0.59317286280649895,0.17885417999889028)
 (1.1505014860703977,-0.14511328714396898)
 (-0.68980221901416161,0.53259691218869543)
 (1.0447326995988306,-0.13079036335854721)
 (1.375650674123915,0.45937172776047924)
 (-1.0894901216103399,-0.36495449913776479)
 (0.694925108161627,0.34992252495245552)
 (-0.96959697298438985,0.50813036207347417)
 (1.5363222065188555,-0.5122198930430536)
 (-0.96537768272430635,-0.11163852131512352)
 (-0.87117848899643602,0.077809668672086663)
 (-1.1887079896032604,0.92831062844163703)
 (-0.66724434827660861,0.30463024560110086)
 (1.1519146211949436,-0.015969336458671459)
 (1.0288323145150733,0.29579044250714898)
 (0.71908556427314663,0.3667625978678225)
 (0.92051251233179743,0.1559531212145385)
 (0.55478183444379092,-0.19659691161493478)
 (0.99100718631897178,0.11599789083440683)
 (-1.2046758555055455,-0.032557746743907851)
 (0.45629289235457182,0.76705693185653012)
 (-1.1014457229815422,0.17333750336025194)
 (-1.4884788232613144,-0.4366051031395316)
 (0.88913340132535479,-0.52060931788043308)
 (-0.92707499309447239,-0.2406405980919242)
 (-1.272648345071844,0.33798204056523479)
 (-0.41431950267937545,-0.34210810177011203)
 (-0.94230264726982838,-0.51117780333956353)
 (-0.53113869965161742,0.34352017915646249)
 (0.82995447565835445,0.23604263202109391)
 (1.0955348379836329,-0.25362677989200849)
 (-0.72588631980317664,-0.25871302688232167)
 (-1.0770162047969596,-0.15667687620630313)
 (1.3117772352348354,0.094341351425242914)
 (0.42254651894069739,0.61949891688136816)
 (-0.82050919990662086,-0.41016577321079717)
 (1.0342866418970422,-0.57420570884232514)
 (1.4835046057671992,0.42907172444631919)
 (-0.89976199006582702,0.08535433146182464)
 (0.53681261170348193,0.094378695574296553)
 (-0.63997022240588752,0.81791671463590132)
 (0.49336064583164907,-0.35859051183591351)
 (-0.75887327888931821,0.14428845735565929)
 (0.96831815186947012,0.19860850052088097)
 (-0.93852291390740528,0.33577879527618826)
 (-0.56991027220277868,-0.032337906613293242)
 (1.7479328563622665,-0.053941434456262052)
 (-1.1162808687279973,-0.49841950625432246)
 (-1.3251928625774629,-0.34372816041029752)
 (-0.77454037508596651,-0.24101662938412202)
 (-0.48202343733942926,0.46989397247756831)
 (0.62873617283485095,0.011871266855969289)
 (0.24563545018277921,0.014645769726951658)
 (0.30976308412679177,-0.10013654197542461)
 (1.3250938488780033,0.17459171745466925)
 (-0.076572140476224293,-0.21967139556256041)
 (-0.86228870537829627,0.17347266307931528)
 (-0.94785799710782925,-0.41458828160431505)
 (0.44238821433207298,0.28087271920166929)
 (-0.564274292416441,-0.24310840013306131)
 (-0.28536401572867975,-0.010911574219773026)
