# Created by Octave 8.4.0, Thu Dec 11 09:47:20 2025 IST <gamana@Samsung>
# name: rayl
# type: complex matrix
# rows: 2048
# columns: 1
 (-0.061481240482457872,0.66630343640518297)
 (-1.7899858550674519,0.42936059875008398)
 (-0.88765907607570305,-0.027155662727522213)
 (0.16464851104285905,0.33185918209717769)
 (0.2551352450217898,0.46175104537114481)
 (0.024120900819753023,0.84660386728340675)
 (0.73726587959249068,0.57967979093318711)
 (-0.43320550779030259,0.67863049792998587)
 (-0.19637700227844712,0.85559723054927406)
 (1.1164506836258046,-0.18751213251969806)
 (0.19710382091169021,-1.1975577645137219)
 (0.88045967870434305,-0.48491670790247138)
 (-0.31200495574529225,0.90672750343765651)
 (0.24623869607219953,-0.50639084652204236)
 (0.14042116241545546,-0.60501208624375691)
 (-0.67268438303064038,0.060021958612672059)
 (-0.81756899974126451,0.62062330583089065)
 (-0.35072594823334735,0.24566978705691203)
 (-0.7362965081150904,-1.242635802603437)
 (0.73827139468054037,-0.25985189049778212)
 (-0.15396984825678672,-0.27687531763297657)
 (-0.45832007443901612,-0.39676749345576934)
 (-0.90133281017975087,0.45481539992291936)
 (0.73765079084108465,0.34464048972730493)
 (-0.43061402102655916,0.060240341248857805)
 (0.38250907568779569,-0.89040040599532866)
 (-0.66796694435623094,0.25053166028141854)
 (-0.015750452729031219,-0.59899981158057458)
 (-1.2483145551488151,-0.75028674016187658)
 (0.21542041552283198,0.15840118864107719)
 (0.13958488629093987,-0.86389769557284712)
 (-0.1461359989690677,-0.16040061804565925)
 (0.027892221616156964,-0.94634090236794766)
 (0.28024089257821766,1.5352126548224585)
 (-0.49548288627044962,-0.98499833236986245)
 (1.2986721992746828,0.17020716993103904)
 (0.83530735609421503,0.97600875554860655)
 (-0.29523324211083374,0.56844476501024743)
 (-0.074212694527762454,1.3337904933749629)
 (-0.13990911785665053,-0.402245859340087)
 (-0.2977061179981082,-0.37484527041411408)
 (-0.35947671128197811,0.25820133839005927)
 (0.20143919029532262,0.28253176357825371)
 (-0.95285626556570369,-0.27528140456215178)
 (-0.38668820593302433,-0.81441319644246912)
 (-0.90941585822799376,1.3927382984954231)
 (-0.20917955441952471,0.50556075368288167)
 (-0.099789450479093142,-0.14625613126015477)
 (0.33624408824602758,0.3887210138379108)
 (-0.53687857669982442,0.46362104657513614)
 (0.84854504036106959,0.56876328055118974)
 (0.95985943068203217,0.15089738811975881)
 (-0.15781404151035289,0.38734983133194684)
 (0.19734617770245191,-0.44306638649670199)
 (-0.3992423880068306,0.21288077052203766)
 (-0.05052642547378914,-0.60750955623349256)
 (0.61026625639292009,-0.21868420575905817)
 (0.041566729812177045,0.15444014138834614)
 (-1.0734331770452947,-0.19717886890522596)
 (0.16564903957165564,-0.0090331725432638305)
 (-0.063102112136590116,-0.29519233999546884)
 (0.0018865606898677389,-0.75635486792151774)
 (-0.53317979516360425,-0.22872416887386141)
 (-0.28484572587831403,-0.47433021126373864)
 (-0.80876859603707696,-0.29257714953067621)
 (1.5407431276817936,-1.4122123482701661)
 (-1.0333093533396738,0.26723374837027564)
 (-1.1018423471284895,-0.5663713749005993)
 (0.12598671248951399,0.80773801355646502)
 (0.75782828573405703,-0.087209256942710603)
 (-0.71176553420942323,-0.53759910025341628)
 (-0.11637021818396256,0.38130370801020552)
 (1.015091047042497,-0.32136973042272715)
 (-0.35975358892774756,0.051605873509826171)
 (0.42059166108190355,1.3186372501540315)
 (0.68351012206871831,0.70547263059627374)
 (-1.0191521365161846,2.0430703227416416)
 (0.99326460098295233,0.24711281237548574)
 (-0.20817303222396522,0.46147504090774599)
 (-0.12743160533755746,0.98756393858600733)
 (-0.3744023144620563,0.58713713886473173)
 (-0.76647125888704515,-0.38155662799707518)
 (0.4619700050921976,0.074651424778052089)
 (-1.0233768963046108,-0.58007220906178292)
 (-0.99302744874093007,-0.49087429512293645)
 (1.2135603612173242,0.51062328599613227)
 (0.71108960259846132,1.2158601368012627)
 (0.72112324122909188,0.54480317079673535)
 (-0.084148040439979463,-0.06547831147058078)
 (1.1684838281206638,0.82795819382248892)
 (-0.17365257817820351,0.098694487846935477)
 (-0.68800861157472259,-0.91282441491085575)
 (-0.18768743955007988,1.517655435772276)
 (0.48121202119072504,0.044197588135232821)
 (-0.069053621536123738,0.22004254496694403)
 (-0.017148966940781916,-1.0467238813645845)
 (-0.85270117129862388,-0.47067406710722831)
 (0.038584650021744722,0.79647573171676189)
 (-0.14295600962787999,-0.78128322761244862)
 (0.046331202359851054,0.15010717338444748)
 (0.071190237431480882,-0.36434168488561447)
 (0.54675635765244013,-0.12302492541499678)
 (-1.8257883246198139,0.52031364700687743)
 (-0.10306308310329754,-0.54120028484702831)
 (0.068318355839490488,0.39420299653936963)
 (-1.5020830647995835,-0.30089376345000557)
 (0.52461105286346865,0.89386290660136214)
 (0.83605114611465692,-0.45214133589660782)
 (0.42665201879648407,1.6606038419199562)
 (-1.5063377243462688,-0.069823005437068167)
 (-0.11405650209997398,0.86770134141500099)
 (-0.2094391695914303,0.79896560778456105)
 (1.1448522221355426,0.64271964311142826)
 (1.0581012899433935,-1.7181972458851473)
 (1.1649131017631709,1.0687950271816771)
 (-0.51805771741473772,-0.37276624668270952)
 (0.32626350007301913,-0.59420385661992836)
 (-0.40042525716419775,-0.46204768409399155)
 (0.84388748808229497,0.093851191866418882)
 (0.15236419400773263,0.33324330384514017)
 (0.73992838359865631,-0.50936068034702486)
 (1.2327122858269228,-0.10448900998283793)
 (-0.62315471515578125,0.89310043060895827)
 (0.74309216900398134,0.3015455021200264)
 (0.12959652690300213,-0.52557556735422828)
 (0.40210859191654086,0.62038600800752375)
 (-0.76904333150741777,0.66436556792128221)
 (0.070477373993679718,-0.26096929567501337)
 (-0.13660620877895557,0.52414750663047571)
 (-0.28626705870887698,-0.44855281141661746)
 (-0.36857496176985588,1.9235372519605602)
 (0.047384377626872934,0.44671903003625613)
 (-0.82614060212015494,0.76096842962668199)
 (1.3472476444174923,-1.0570816257711357)
 (0.38697970098255668,0.45029697081571157)
 (0.56959744969075121,0.98709705649091617)
 (0.35961170056076458,-0.14094682766546729)
 (1.1213468122837147,0.64828789273547505)
 (0.10757228720617817,0.64381004773468875)
 (0.81063762855408883,-0.23490670364594871)
 (0.39644736130302377,0.21877119768395506)
 (1.5712612392331964,1.436899702569006)
 (0.72431795920629483,1.179808000689023)
 (-0.026029395093577327,0.40752542378051132)
 (1.4927291811243371,0.86473937265928957)
 (0.34321145271833697,0.15140720911061573)
 (1.4914169216170572,0.57963396895218822)
 (-0.076004555657525869,0.038177865395530253)
 (-0.055640201163909754,1.3106743635711611)
 (-0.47190676869082043,0.98458801206620294)
 (0.017451985917879831,0.14979538449675139)
 (1.2900208368006314,-0.44400387971445449)
 (-1.1606103887134347,0.1524972748664376)
 (0.72779163494528232,-0.3289893390163468)
 (-0.50683477860438486,-0.19879561304705268)
 (0.61075914966450617,-0.388556404464029)
 (-0.21453426851800228,-0.79560789328340731)
 (-0.60945654927003856,-0.24753222136764344)
 (0.54077522607249473,-0.20160679028439105)
 (0.51525651011161355,0.73585035955022449)
 (0.97379926493040414,-0.26508133329955447)
 (0.14135912018947638,-1.4620083734041693)
 (0.77919713393233814,-0.90621210066570834)
 (-0.71857497094274381,-0.24193695841205606)
 (-0.33712651506288049,-0.52122912012628408)
 (-0.46502536245599502,0.14274470649048598)
 (0.22901759733178931,-0.64377675324503159)
 (1.3366987121691472,0.18833362665952136)
 (0.24582522345959834,-0.89317814446274724)
 (-0.21372347613065895,-0.25817159829844366)
 (-0.71526825150850892,-0.014168173956443472)
 (1.5343428399165155,0.071389666849961911)
 (0.61347301555548361,-0.29557234345295913)
 (0.030684867114679239,-0.68761868722595509)
 (-0.54525927378622852,-0.61264121164785956)
 (-0.36122897351913585,0.10624843156206039)
 (-0.50962253079682607,1.6682186607346139)
 (-0.14840750837912289,-1.2639869565663413)
 (0.8389818342448021,-0.85399036255078764)
