# Created by Octave 8.4.0, Thu Dec 11 09:47:21 2025 IST <gamana@Samsung>
# name: rayl
# type: complex matrix
# rows: 2048
# columns: 1
 (0.26136208116346854,-0.27425447982351842)
 (-0.60657287129497395,-0.18505709259005582)
 (0.35155948932779313,-0.37895321042200991)
 (1.0542777658495845,0.34374935656169325)
 (-0.28018101596080192,-0.52769280178147315)
 (-0.0079538338185185971,0.0038317818893629399)
 (-1.0138124745402735,-0.27191513786414473)
 (-0.19057251988300067,1.0290972117532915)
 (-0.72243875600040153,0.15844884163747391)
 (0.55084408214003244,0.024501752786155788)
 (0.50703387579060077,-0.10293331774659448)
 (-1.337032136253113,1.1926262359190662)
 (-0.48638089151828567,-0.18235091279530269)
 (-0.31570073398107323,0.072299436176576123)
 (-0.28030168984457077,1.3588389710915065)
 (-0.82810823111441445,-0.71678250981623115)
 (0.639192394633885,0.20714513758766406)
 (-0.003250512203548299,0.024183769963218561)
 (-0.39730380629386963,-1.1605503381686204)
 (-0.31888032668608429,0.91426976936215676)
 (0.086701828412685714,0.8900297472127755)
 (0.10776484782319702,-0.78595275179634894)
 (-1.292478680076715,0.39121906828764463)
 (-0.44156125804782098,0.87802734243327551)
 (-0.26316324695958948,0.069050216616320437)
 (-0.30127357773070684,-1.2853707594762749)
 (-0.11689375644484745,-0.60404863105280193)
 (-1.0692468282000833,-0.23383346145044684)
 (-0.18345567011338795,1.1320207705814254)
 (-0.13949448132136091,-0.14431333592497461)
 (0.71086399364880659,-0.64430369112351449)
 (0.019791685049568141,-0.38751751724076927)
 (0.17547590775711613,-0.4233665311329956)
 (-0.37773688785700726,-0.96013767730962285)
 (-0.51884879365250103,1.0202882509452424)
 (-0.86743553538863016,0.63258507770498285)
 (-0.76824402946064185,-0.0088715972455867907)
 (-0.20056751219192628,-0.27676918655475419)
 (-0.99865390465330295,-1.7259668048155767)
 (0.071093315573238891,-0.97806525602249261)
 (-0.80361978542276657,-0.21032024728688531)
 (0.36586660062811988,1.7134601689370725)
 (0.92865224706494232,-0.36108303663243829)
 (0.25993356008551671,0.17242367898701752)
 (-0.77608807182596629,0.34549803274627744)
 (-0.10215024109474524,1.0904034630925015)
 (-0.62232065097395928,-0.17285177129281584)
 (-0.050547512122684914,-0.9906097034184268)
 (0.59195859939072071,1.2292792874518308)
 (0.26599347408781421,0.29260578701566242)
 (0.3732371096126984,-0.46792848945674564)
 (-0.078223406076237637,-0.93422586722972045)
 (0.21009106566863028,0.84852892578791728)
 (-0.30942774445652849,-0.31960328568449026)
 (0.47069094486472962,0.1224979585597106)
 (0.072990475863288523,-0.93705949328977334)
 (-0.45536769290033857,0.088071123782150262)
 (-0.1267358526259319,0.038974613856974878)
 (-1.550095776080584,-0.49358138721945577)
 (-0.27298290280006704,-0.79716337664823644)
 (-0.31537545364112574,-0.028806304513458694)
 (0.040917302334390414,-1.0369786796599152)
 (-0.08551120306221735,-0.096338262797796614)
 (-0.82888941066631727,-0.31055768079081453)
 (-0.26758026696071208,0.29641315602550267)
 (0.37462298737981459,0.2178599972527675)
 (-0.23395514358092973,0.078118140546815762)
 (1.3027926477109009,1.0513466343266424)
 (-0.27283276700252124,-0.54010906126329628)
 (1.095373980520834,0.28697852388777956)
 (0.11259550091950062,0.60791786021698946)
 (0.65360807163364965,-0.67773714876082125)
 (-0.36181822821627979,1.0078225211031644)
 (-0.59375629130105678,1.0097076944800434)
 (0.24138457632988741,0.79331783640508591)
 (0.59944178200311804,0.22156128179106899)
 (0.12998602280021146,-0.30509983560300402)
 (0.62454665542933951,0.24873781419311614)
 (-0.73599425464867918,-0.26467951189847583)
 (-0.38245640926772673,-0.62581492213398693)
 (-0.56622937804986262,0.79763461268128732)
 (0.59537320830982254,0.49897360825941306)
 (-0.78138812973582406,-1.2053428880403474)
 (-2.9600762139069516,-0.33744339248815625)
 (0.34163011018836015,0.4864630947910748)
 (-0.44774132443524806,-1.1052654093654057)
 (-0.7927427155656358,0.54249240950275635)
 (-0.39534628137580907,-1.2725798728321551)
 (0.11383814732239496,-0.10551264485059825)
 (0.19305885461100045,-0.32824089915055499)
 (0.78424414125856112,0.19898951639429677)
 (-0.3861304442292498,-0.37002624256692312)
 (-0.36244562024628757,0.58426462342858421)
 (-0.26113573764457731,0.33618245123966772)
 (-0.52272958750887755,0.13303615572864083)
 (-0.51712800909797585,1.0897918685150145)
 (0.35682154916697201,-0.34621417128253412)
 (-1.9798821952597538,0.6823454821067203)
 (-0.60218637100947048,0.38608258761237796)
 (0.96137392429065094,-1.1146075507954094)
 (-1.1101944049005641,0.32572941782816955)
 (0.94787455095158724,-0.31214961271402208)
 (-0.4834799838030665,0.32467093568086303)
 (0.94504886622216033,-0.33074114897092505)
 (1.0130234056870822,-0.73597745254290348)
 (-0.97508364718737195,0.046014331320785681)
 (0.41157285394540516,0.15580339460374804)
 (0.36444156385736332,-0.14313787434156669)
 (0.80217031177100029,1.4124438212015005)
 (0.93561148311120279,1.0246729840364872)
 (0.30194083764314744,-0.28408827691425953)
 (0.24391543568078958,-0.059695013120425813)
 (0.42545939468592991,-0.10806504884242658)
 (-0.096253043798261953,-1.0259343723893042)
 (0.32039765033889772,-0.40968299261321078)
 (-1.379512854621143,-0.16920520100408912)
 (-0.24298664931767838,-0.45719501937239632)
 (-0.15540795262689741,0.45756897249056877)
 (0.52082249334349695,0.51108330888018527)
 (-0.77045468323585631,1.3490512531730805)
 (1.4687233274660236,0.076673412117050879)
 (-0.40929557378625275,0.9640211345930606)
 (0.064015162292627964,-0.62267840531929175)
 (1.6660343195174021,-0.30163837844251506)
 (-0.053179526839131581,-0.22335304558107041)
 (-0.0013222493277607441,-0.64006860543624311)
 (-0.7950761457224248,-0.26649639372037764)
 (-0.94377445201502597,-0.61235871905554429)
 (0.44146430386876956,0.49435698089295838)
 (-0.31411891361285443,-0.6550895987047437)
 (1.1987597179116742,-0.084349718089940198)
 (0.52616801580176242,-0.54674308419095385)
 (1.0515139069102934,0.79011124354462403)
 (0.86525154235684709,-0.21712519565913768)
 (-0.76167105175055672,-0.33512684175972546)
 (-0.6168021893320873,-1.1865288422732772)
 (-0.43042882998753706,-1.0895148238614725)
 (-0.85163279947876636,-1.0589783010046525)
 (-0.23499546702157442,-1.1077947011145508)
 (-0.49763633218230613,-0.23619704896888188)
 (0.1095536588127741,1.2577826649129116)
 (-0.049530586792357459,-0.069529229667635167)
 (-0.67942180804160179,0.33995073082884147)
 (0.17646113747734485,0.49402959596629376)
 (-0.012520178813762823,-0.45923016598567362)
 (0.9220135862581218,-0.024879037759540642)
 (-0.01605752678802097,-0.24890498691167412)
 (-0.78658096818956924,1.2147097129594446)
 (-1.28715075319328,-0.072608725924928466)
 (0.073496302270733296,-1.0774692168054409)
 (-0.67312624050500891,1.0661560066170666)
 (0.82624539794696106,-0.72239821044649788)
 (-0.060204797778950291,-0.18804364875583049)
 (0.38189944748880517,0.29618061249313343)
 (-1.0999290002668018,-1.6208771018451507)
 (-0.34846936747494794,0.31277590080494866)
 (0.6940859312871428,0.72451449020796466)
 (1.2307431522789563,-0.54632003266777585)
 (-0.28857798589420092,-0.0020440311627744267)
 (-1.1393308802656938,-0.35173604181304319)
 (0.30988433263957876,0.60353693551798926)
 (-0.32139452162020371,0.54846198175333138)
 (-0.32549587186566981,0.66207235695929245)
 (-0.39796869221208564,-0.86003981699780674)
 (-0.3709007435717479,0.71500935927726983)
 (-0.52735240991684318,0.48922337052101139)
 (0.11572178092162097,0.64501150004065022)
 (-0.17362034940012547,0.54413883780458805)
 (0.63123723660144948,1.6177838476151674)
 (0.4582938240927048,-0.30402308878431972)
 (-0.17615493568371277,0.18180667044903509)
 (-0.90222454213659131,-0.032753967998528033)
 (-1.559144086362616,-0.55297807040257418)
 (-0.12777695077478701,0.21319898043335545)
 (-0.046768646138924286,0.030176351558767561)
 (1.086107438470324,0.6114416188670706)
 (1.4957042663597073,-0.40548110402738147)
 (0.0006090943731412563,-0.41682240911109253)
 (-0.18549033095601905,-0.89849952799875943)
