# Created by Octave 8.4.0, Thu Dec 11 09:47:21 2025 IST <gamana@Samsung>
# name: rayl
# type: complex matrix
# rows: 2048
# columns: 1
 (-0.30659361392205831,1.3288870394230032)
 (0.56176072945267586,-0.50705358095831965)
 (0.20955568107233569,-1.1128960614585959)
 (1.1475142383773167,0.14848131054411498)
 (0.75069235662571698,-1.8088004960855075)
 (0.72371111734774385,-0.056942703501768353)
 (-1.0718576540418641,-0.6617559109394926)
 (0.0053952728590428278,0.9674928559436391)
 (1.0413424048455393,0.34113248725391138)
 (1.3169963465544841,-0.44818613188688766)
 (-0.8854253113079853,-0.24903742884880031)
 (1.3497256434559615,0.027765262123207908)
 (-0.41794234772456879,-1.1331318859627502)
 (1.1293580484802361,-0.72491648373341544)
 (0.67913766635519346,0.22922901537318147)
 (0.66314144120186691,-1.3567103354918377)
 (0.37449271004317813,-0.046611125163617546)
 (-0.73968137126787747,0.7654014747798874)
 (-1.1979102795264933,-1.0383316982363149)
 (0.5340273348288227,-1.0657111027544646)
 (0.14352313967170457,-0.50432730215608501)
 (0.40495663832888074,-1.3604179538404715)
 (-0.12988500453042512,-0.1023632063976414)
 (1.1907376326372761,-0.49997144308385499)
 (0.81946716558132504,-0.90777307668866691)
 (1.0118062046527239,-0.46465985251072517)
 (-1.3100045769955171,0.40160213309959375)
 (-0.94139879739571686,-0.22486224632797863)
 (0.95931520394796477,-0.89423297048713557)
 (0.24902223114295369,-0.43132929397810338)
 (0.074026805418830527,0.40487259711069523)
 (0.1806183731484603,0.21880995271670559)
 (-0.063400235367637586,-0.65420037290416322)
 (-0.77071062006371494,0.87239217915047806)
 (-0.37829577380992502,-0.35707472546230284)
 (0.52076163588116564,0.52142817615718684)
 (0.81488531840718037,0.26861678326265076)
 (0.060646785105843412,-0.40515080404763071)
 (-0.38550292168614769,0.76356928991281292)
 (-0.072121573518216353,-0.16869544689673827)
 (1.2513856059402861,1.2629930256657069)
 (-0.25521714298512094,0.76271969335203638)
 (0.67688584926664086,0.85741207865638402)
 (-0.26026115753599277,-0.27147589561925883)
 (0.15450109301210901,0.26964629151392766)
 (-0.3298156419658218,-0.27289915927951724)
 (-0.25830035940931373,0.2013794094693446)
 (-0.031062631734017639,-0.13640354106200991)
 (0.29972684617806378,1.1800393202072488)
 (-1.6860754728809295,0.9686925441234554)
 (0.74371154683157215,-0.204694101329877)
 (-0.18366006565930562,-0.47551028724023142)
 (-0.25043434860092367,-0.90371402302715065)
 (0.9576425246864082,-0.63906686008813296)
 (0.10894689515591613,-0.17454729975229483)
 (1.5396000324582173,-0.15399716121185134)
 (-0.70717275577392802,0.43105663351408985)
 (-0.45143580406554012,1.1507090964748976)
 (0.18225009151966526,0.91574691866586144)
 (0.13418099962066404,0.43260317313091035)
 (-0.14924396568298784,-0.27128183024555363)
 (-0.64166908237450182,0.60866823378435209)
 (-0.2041419445527555,-0.036395332146982956)
 (-1.0788399711665186,-0.72201328294616285)
 (0.63685093355752054,-0.92079829610964525)
 (0.31589745536234065,-0.45295230299805078)
 (0.23048201391542777,0.29830296571172549)
 (0.95167402397151768,-1.2658934559825774)
 (1.0391522108424698,-0.86229828613721238)
 (1.3778559309903606,-0.86244991574896257)
 (-0.72671027186002057,0.39764827407009806)
 (0.030659602848026959,0.046238462682697719)
 (-0.5155900088576244,-0.35284668627984345)
 (0.61843246360172421,-0.53334591136196763)
 (1.0210675743305639,0.25932510265011344)
 (-0.34718693080288199,-0.66714971246960053)
 (0.64197905306467562,-0.89855197930490249)
 (-1.007282778062865,0.26708948970566543)
 (0.1283881930015546,1.0733421226890516)
 (0.01865978252302385,-0.52663863046578074)
 (-0.73908541321190857,0.25268201684077352)
 (1.094243762872213,1.0749986664036681)
 (-0.3386546748277835,0.18355831175198051)
 (1.7274630025153641,-0.27404248647392132)
 (-1.8948103632764282,-0.80617010965829627)
 (-1.9282475837181532,-1.0045123764757746)
 (-0.3415002031869851,-1.1785000270615733)
 (1.816380229035889,0.48156200566124463)
 (-0.14658848146667761,-0.089651372052197961)
 (-0.12238702114719845,-0.62287073373746349)
 (-0.82750703643715751,-0.7600065154335135)
 (-1.1170232389144028,0.79708523726093505)
 (0.82083456845893543,-0.7109527859169289)
 (-0.81084942994081211,-0.24240385070595025)
 (1.2412048677566083,-0.10416443756713868)
 (1.4543227103821124,0.14766811129954752)
 (0.81503598967508895,0.17053098936088876)
 (0.1424669812224405,0.077504125336616922)
 (1.4207630482458646,1.0580714641414866)
 (1.6183122662572007,-0.46258217162523158)
 (-0.6108639610487997,0.33749769416853814)
 (-0.1079791877774906,-0.9948395200431398)
 (-0.74068301072746279,0.42920393047971056)
 (-0.5375070513587249,-0.79081370601139167)
 (0.015880607548103335,-1.0856659457968842)
 (0.86881855657101481,-0.28655078809527945)
 (1.0804698683813962,0.39951826274058372)
 (-0.11023170718450127,0.13320026937993076)
 (1.0394960342789108,0.23009318875979656)
 (1.0075118585251226,-0.28401833502597323)
 (0.58239390995733575,-1.3518464506733781)
 (-0.27152755014369484,-0.31905963665378739)
 (-0.39509094735979428,1.0165103326257168)
 (0.069184339809732071,1.1366300231551891)
 (1.3868878015080401,0.7072922938125108)
 (-0.42414285552536501,0.2214059107432553)
 (-0.2684897013279412,1.3456720908807602)
 (-1.3063414838460929,0.38682579100573983)
 (0.91173961114164515,-0.029919150487648743)
 (0.64144802938438905,-0.46059556852382116)
 (0.68553441135666304,-0.19052127972758554)
 (0.21889798745419531,-0.24862723098824024)
 (0.69553207176383613,0.026368522232171097)
 (0.13525355045784421,-0.0017404443593716085)
 (-0.009362806355954963,-0.49118391741965084)
 (-0.492313903029241,0.13501276371172527)
 (-0.55577459628855674,-0.37783485079653184)
 (-0.13077179200837619,0.045529516668730716)
 (-0.97132901047797138,-0.28530054882452327)
 (0.28553250776820399,1.1650784589398318)
 (-0.75253866874047215,1.0662067880092456)
 (-0.0071431510269375159,0.3850288550776183)
 (-0.18473666703361449,0.65565110089164813)
 (0.16092929331356415,-0.70700620915235801)
 (-0.71420463240207288,0.25831260284982621)
 (1.2622014869906046,-0.47357976858977219)
 (0.68572007178200056,-0.097063828830772386)
 (0.99001940050334947,-0.49455513192274336)
 (0.10559299516214771,0.27019670191023742)
 (0.06526072354008472,-0.60948382056979189)
 (-1.0749282102782878,-0.30143081532192151)
 (0.49731754142439227,-0.65974043649826719)
 (0.19918037515910608,0.5811605869741524)
 (0.8491973613872098,0.20823954143091408)
 (-0.28135726272247058,-0.84458707399794419)
 (0.22196179899122628,0.15378767647536234)
 (-0.28941359412477424,1.9366754534074175)
 (-0.36142144745559363,-0.41622036914508709)
 (0.54032302277287758,0.83148994883166871)
 (1.2349781104599851,-0.132630830979242)
 (-0.43853580169209783,0.46203227304155059)
 (1.5302285775979974,-0.31885314083985072)
 (-0.084945552773568286,0.72746371416812416)
 (-1.1171313974375243,0.41305363784085702)
 (0.61782381736696879,0.82118620934860576)
 (-0.5024098879199369,0.031515523602546364)
 (0.12528240072447699,-1.4963333112377664)
 (0.13538874091326294,0.36351702961187776)
 (0.033495379683174405,-1.0894219190770169)
 (-0.49646802733515633,0.15133316298559377)
 (-0.42965241538536003,-0.22719923514511345)
 (-0.55526471762632157,0.14472995407372713)
 (-0.56512988205092163,-0.74076346630929357)
 (0.96329454173115148,0.8162441376797458)
 (0.22060979389328239,-0.090818380340137186)
 (-0.0055257672772790331,-0.57437129785448271)
 (1.055853499578957,-0.23431831661233923)
 (-0.68205829384532091,-0.085015455138856763)
 (-1.6206463874596617,-0.90961454393175112)
 (-0.88532684401691886,-0.57668972498295701)
 (0.59816952937000223,0.44474548208577636)
 (0.99818020559661869,-0.6900424459041038)
 (0.27481561496818763,-0.32030887952065207)
 (-1.2761499061848387,0.84053334734127516)
 (-0.28443750290727038,-0.75934907100651938)
 (0.56830635602950264,-0.12528198527999296)
 (-0.62074336170099009,-0.24574761832470998)
 (0.052685170712175926,0.40959058456374708)
 (0.16853857383881105,0.11355207848930401)
 (0.44001046902410529,0.042019121545894274)
