# Created by Octave 8.4.0, Thu Dec 11 09:47:20 2025 IST <gamana@Samsung>
# name: rayl
# type: complex matrix
# rows: 2048
# columns: 1
 (-0.4145527429341182,-0.11128861542280348)
 (-0.59281600192899964,-0.10401287739601728)
 (-1.1995791557850228,0.10750512853431268)
 (-0.55731057315436883,0.84057666121777741)
 (-0.32199874580085514,0.82143438102541289)
 (-0.48881740429941151,1.1028820661796099)
 (-0.65629081849267068,-0.96726105128808371)
 (0.73940134730519658,0.69992910622402349)
 (0.26724878883229369,1.0275770376959372)
 (0.20253035773013983,0.81001653813151753)
 (0.72827094550973115,-0.56794849396407265)
 (0.22239094887353736,0.31808120020883879)
 (0.0039532468682302617,0.079909704661896383)
 (-0.33998680006232496,0.0085698372397572612)
 (-0.19473039184290331,-0.84151458920875455)
 (0.42904582226229243,0.079990417237136374)
 (-0.72494199757373723,-0.40643851296234074)
 (-0.040220663533483268,0.62496017305698837)
 (-0.039840523038198718,0.55413216698219681)
 (1.1085832144858083,-1.5785681822660329)
 (-0.18412771238879064,-0.5870501295659869)
 (-0.55321899562295906,-0.27264077513763324)
 (-0.091299506903893754,-0.5875367458910733)
 (-0.40858668236134899,1.0752557950778623)
 (-1.6664969716083058,1.215369130168525)
 (0.34374226252466844,-0.96200961324612655)
 (-0.0078843924937872199,-0.28476633508967114)
 (0.76481102462208417,1.728963066694065)
 (1.0501932840408652,-0.38915073515346738)
 (-0.78374765792113554,-0.27287690037570084)
 (-0.28952904293225262,0.56088451145243512)
 (1.0653982028014688,0.74043151845422728)
 (-1.6131269352114264,-1.2241669449928623)
 (-0.31151082557769033,-1.1213425250831572)
 (-0.21086280360999762,0.47574423118367348)
 (0.19379524712804461,0.92562158979491882)
 (0.14718869628782347,0.99208123429253869)
 (-1.3236656083501108,0.54505422850833296)
 (0.24857666698390507,0.76603201057115122)
 (-0.16771530211654495,0.23535669151821548)
 (-0.22306997586754421,1.1663260479322248)
 (-0.45065049435660876,0.55223465474988453)
 (-1.1969743066412242,0.12532279876598781)
 (-0.23344411722807634,0.38992422189268855)
 (-1.1485421489913294,-0.74684101878757736)
 (0.12529459430509274,-0.57642629018763891)
 (-0.50894206150522348,0.3493439429285361)
 (-0.10757321586209453,-0.87002461127725206)
 (-1.0786940855833094,-0.3479549061123679)
 (-0.79175538100398146,-0.090958099357384831)
 (1.1312781801857388,0.62196377925756841)
 (-0.53243850527410952,-1.4838257861101725)
 (0.0096737721860841279,-0.50874493909674712)
 (0.16446599386591851,-0.5192081189019403)
 (0.74867886809307882,-0.52913676513783181)
 (-1.5212264943221183,-0.28009090159668898)
 (-1.1575091121922911,-0.33130633699237838)
 (-0.80962922067491228,-0.11625723380939586)
 (-1.0670272498386457,-0.075391998972772656)
 (-0.48776711895211528,-0.50770286334593218)
 (-0.49369001183680128,-0.6588231245379651)
 (-0.024755615769847247,1.0492829435770143)
 (1.1270626454437271,-1.3210414497312699)
 (-0.91591646615782984,0.68817988032278143)
 (0.19201235746453713,0.69717315996803086)
 (-1.1231511600888635,-0.82430909816830933)
 (-1.345795252642775,-0.26058586241943504)
 (0.67272862172851944,0.3985399758521363)
 (0.51453567484952989,-0.97160001042475741)
 (-0.48663979833635018,-0.21960957033726744)
 (0.39148071594598033,0.6091888748463109)
 (1.1385204602624548,-0.27539794820229546)
 (1.6133859723298341,0.56456771949508011)
 (0.05726530353687951,0.67129435878266608)
 (0.095527404132334306,0.54808319087468826)
 (0.22627266680230662,0.15173618281880033)
 (-0.65813596127118501,0.75337735803702655)
 (-0.59416993990684885,-0.14248786928157345)
 (0.18852625649343546,0.90965434533824285)
 (-0.19553703114816001,-0.51053333786167432)
 (-1.2198627398067421,0.71398340134355953)
 (0.56671843992488768,0.30982560029954243)
 (0.32615797963701931,0.28989836671041191)
 (0.17649341643123714,-0.14768757168490906)
 (-0.23070906101200239,0.2269331886591151)
 (0.0071972921097449389,-0.29431402921881084)
 (0.98750606983729905,0.044078551885713128)
 (-1.1149343039259767,0.96585549581576879)
 (0.44876072429604841,0.081694106691712287)
 (-0.9163238846995333,0.51805216108747776)
 (-0.37179591844620308,-0.48826863883528837)
 (-0.35547800269851693,0.70250477196028727)
 (-0.14017882870719131,0.84074828851426775)
 (-0.44557209996815467,0.01036829478790074)
 (-1.0701430940832948,1.4563014174582962)
 (-0.055429142102502271,-1.3140917635694211)
 (-1.0359091004698844,0.81694960594086075)
 (-0.35423771006542271,-0.57441313239018055)
 (-0.56632647824496918,-0.29889156879630102)
 (0.68601761668443872,0.38396311132488009)
 (0.12021102637275925,0.42373286957234962)
 (0.13181779774793317,0.44383630187838141)
 (0.0062080243538407704,0.59259026683651495)
 (-0.13053613638579248,1.2436470256444292)
 (0.19081969349539546,-0.87125535063450366)
 (0.70991734243509785,0.3782513275384165)
 (0.28380173144451426,-1.1067712593943118)
 (1.4791757942403267,0.53531085250868937)
 (-1.1296824147916664,-0.016142275011332606)
 (-0.71831158575110032,1.5105550603905329)
 (1.0398596284629731,-0.66940453239349262)
 (-0.5775793249019896,0.35357846701717105)
 (-0.8014510219250045,-0.75088726545255791)
 (-0.29295675245024028,0.67748624394719492)
 (0.71211481656189646,0.25549485835904862)
 (0.73628265631303602,-0.55894028028195186)
 (-0.39452125990417086,0.25144320495597466)
 (-0.73034956652308503,-0.69330851750530775)
 (0.42800013939578752,-0.2136974828672713)
 (-0.0040965765525676403,-0.74532659299750137)
 (1.3955293081976234,-0.84706809070533073)
 (-0.4130335846227714,0.017009659875180317)
 (-0.47941435927882758,0.10656553349267225)
 (-0.4874980220432657,-0.28753790372351451)
 (-0.54180447854833835,-0.94374057552014012)
 (0.7797978337460072,-0.4744671216856301)
 (0.8461297092432597,0.43187334591259141)
 (-0.18690086771634701,0.56972829653416779)
 (-0.20083721185945549,0.42427524319227444)
 (-0.48392197961660355,0.92940486910498865)
 (0.28124790124616594,-0.98598078582769366)
 (0.68539661058563339,1.4270971904038938)
 (0.18034174302092673,0.012689216976687673)
 (-0.95132618169371264,1.6267565643545558)
 (-0.074623762276856867,-0.51413542384346611)
 (0.87033898830322043,0.022180368527422265)
 (0.31970836548330256,-0.67817913841789546)
 (-0.094486284294462847,0.60763698279071432)
 (-0.59012821877938271,0.56717047824599787)
 (0.76738386277005188,-0.043853459012281437)
 (2.0176826052362333,0.68463486954405861)
 (-0.89794274715433964,0.051187538661580753)
 (-0.013637566471890135,0.61705805463432384)
 (-0.062300975425322487,-0.20925061595455619)
 (1.5486307307634737,0.098148329932143424)
 (0.53182730103737319,-0.24964408551406927)
 (0.14978644363868349,0.48418017066368468)
 (-1.0321277735981713,-1.7672537418697101)
 (-1.5231060254280213,0.26352390941835685)
 (0.1061881617587669,-1.0165326178612888)
 (0.23177944217177143,1.4090019327243037)
 (-0.29638670498500325,0.20137003876603415)
 (-0.62906704292123083,0.63554613836701401)
 (1.0378777295942174,0.25269172273996043)
 (0.079032542843087056,0.36998830272130911)
 (-0.14683561475070256,-0.84949663561345523)
 (0.47278156391972304,-0.36832735362579028)
 (-0.19308128858403012,0.68698201155295291)
 (1.6003185575403209,1.0586101755306327)
 (-0.1714465043492818,-0.8270401370045023)
 (0.10675779909942044,0.62079895256448903)
 (0.26899735249124751,0.063685482370652607)
 (-0.275458893958135,-1.6290879807753684)
 (0.15976649638288631,-0.20217498524050068)
 (-0.1783135042748917,-0.071276374987370467)
 (0.10456013422153984,0.62858925786747166)
 (-0.038742387646699981,0.61460195943746398)
 (0.17987559824520927,0.45100976522174424)
 (0.20872218582943514,0.74734908121457599)
 (0.0021347680515765946,-0.693170512950263)
 (0.59753447073950317,0.83796434304282685)
 (-0.082002511475693013,0.20932773756546594)
 (-0.44338030151303709,-0.22016632183605603)
 (0.72941972293539081,-0.41639568970668389)
 (-0.42335130365982487,-0.34387728605741791)
 (-0.24464565639750818,0.49230134639160333)
 (0.3606835410598726,0.11343121215979544)
 (-0.89483984425230212,0.12645135042333228)
 (0.14941849744829483,1.8693526159309386)
