# Created by Octave 8.4.0, Thu Dec 11 09:47:20 2025 IST <gamana@Samsung>
# name: rayl
# type: complex matrix
# rows: 2048
# columns: 1
 (0.34983868933911905,-0.10615896654841235)
 (-1.5945510025314924,0.75097305475838616)
 (-0.31848732541547853,-0.94253378004618793)
 (0.057245411675579901,-1.1592541129997109)
 (0.56507580766252885,-1.4136197219542952)
 (0.52803106874445915,0.11651717157069297)
 (0.83129425355519737,-0.30092399400300107)
 (0.21802895375458936,1.1745542730229064)
 (-1.6722754661365751,0.52122128762410402)
 (0.052910924776549573,-0.80786624009296371)
 (-0.26913816837274979,-0.067600920402609857)
 (0.90830013811423049,0.46265725211199193)
 (-0.14016964158845382,-0.27818004374514105)
 (2.2810639438767288,-0.068475174252873638)
 (0.66066158927580776,0.31274726574928569)
 (-0.58910746027623662,-0.36143620658579612)
 (-0.46073864802558678,0.075030096234805929)
 (0.074351533203277587,0.1601472683768646)
 (0.2473078173993726,0.25107018480306209)
 (-0.93263273055399731,0.42885780468935381)
 (0.81576789158106433,0.713082168169615)
 (0.43885846258606875,0.2465142381762154)
 (1.3044694861984627,-0.43972856431916535)
 (-0.80236744535067162,0.08927685761418766)
 (0.20632746499527474,0.97734120683382852)
 (0.53527658420034041,0.49147321504401387)
 (1.4290974947060164,0.17103068168241772)
 (0.29478416765318383,-0.19578956052052987)
 (0.15678806333525783,0.36231216615082318)
 (-0.26495607021597156,-1.6348909119045829)
 (-0.33336310391840601,-0.82409399318959031)
 (1.1971949261665489,-0.12280391064905841)
 (0.49286220120185931,-1.0965455814343714)
 (-0.39743465830940639,-1.0106976914684611)
 (-0.26629520243023108,-0.77955519710529253)
 (0.069092642142574531,-0.82676417243514977)
 (-0.75393125145556827,-0.79592161064801614)
 (-0.65268536282931355,0.2597160483243619)
 (0.52997889275927212,0.23233967546395842)
 (0.37145254397417093,0.18705997949402611)
 (0.78031694125439954,-1.1218343811216811)
 (0.34444347869603464,-0.34194863506925383)
 (-0.56672780197987227,0.53580934598770336)
 (-0.15648635655188156,0.59894671351318685)
 (1.5123055892770616,-1.6773155976650884)
 (-0.67123292920818034,-0.8425401418347509)
 (0.36818615769548008,0.41966550721291351)
 (-0.47304686458402184,-0.20616612993928995)
 (0.58936648523974722,-0.75007846377345799)
 (-0.34291446653672564,-1.0217495708730273)
 (0.62789967162945504,0.49521708601537895)
 (-0.40882799265169656,-0.57991850296789615)
 (0.1009547988865496,-0.3540632290994431)
 (0.83235922125010187,0.1567682946184564)
 (0.76932894833711485,-0.11022004593574006)
 (1.6616980026868606,0.36307717918547772)
 (1.4511718214035823,0.14721260075982062)
 (-0.41793323485506578,-1.2954020141445095)
 (-0.73897535160694638,-0.076986155292908726)
 (0.22019016577704953,0.87778413384799825)
 (-1.6798259408138283,0.806381944882965)
 (0.57974426970871928,0.15719054951771888)
 (-1.0713970567053528,0.045438819381613517)
 (1.3520474989056588,0.55934192870681154)
 (0.27882335644983347,-0.38050233689957214)
 (0.40554756460025326,-0.35964896821269687)
 (1.2898311947443957,-0.19536724034796304)
 (-0.47913104036297238,0.32965307679268796)
 (0.7525429495184266,0.73238660586128745)
 (-0.20833395417355399,-0.10615368437936401)
 (0.23799828293226974,0.41563685496153058)
 (0.15370008231960258,-0.32881976426635656)
 (-0.68074532345881811,0.078691926988860891)
 (-0.20348364458723234,1.3712409292669698)
 (-1.1197333718901297,-0.26904985938527909)
 (-0.22246836055421138,-0.040596558972494992)
 (-0.1871036587442336,0.42454405957592556)
 (0.65899145749004706,1.144337114986276)
 (-0.96198214126368398,1.2970693012927395)
 (0.28982099184559224,0.25237867125683228)
 (-0.26722624300058428,0.40999698681541957)
 (0.83582879336528659,-0.14385186090820279)
 (-0.69670339066352616,0.25840672765890799)
 (-0.49250870990662327,-1.4966047348291602)
 (-0.84824546093398023,-0.36619218349009008)
 (-0.26672157236525157,0.02614628142552014)
 (-0.17264330098380926,0.72793090250066816)
 (0.48223582534818199,0.94760678137225085)
 (0.13271622881792683,-0.49544585872590952)
 (0.60170015084106876,0.17137921049637039)
 (1.5217633002224926,-0.34073259502470848)
 (-0.73750448533179147,0.74690054163412223)
 (0.48276257771594361,1.0706587406956027)
 (0.064148058049430676,0.065885628644451702)
 (0.9991009325855752,-1.1022264278469622)
 (0.79046387040763488,0.58398196211878517)
 (-0.80193373825925973,0.57095763835108693)
 (1.1047124814507485,0.098666847650961897)
 (-0.68605685708970243,1.1478657815241531)
 (0.78339644110454809,0.13561270878794177)
 (0.12252529819314542,0.87866332974035377)
 (0.51903504318636995,-0.098082948669872438)
 (0.017977331769309095,0.85418799602070572)
 (0.22056415393282705,-0.042847764655293621)
 (-0.62940220115145129,-1.6116674975610226)
 (-0.63122998845993183,-0.8725818567951954)
 (0.66347975701335637,0.81817840917682383)
 (-0.75785916577586276,0.46366221854059403)
 (1.3660683086328738,0.12636421307865539)
 (-0.10629083084565963,-0.69026026691626974)
 (0.3156383931909667,0.47673078475942349)
 (-0.88731353533556545,0.1410252434711648)
 (0.44196424793246814,-0.29306108112310358)
 (0.93018827598006637,1.0622108894320592)
 (0.97697198403861318,-0.42526724145426847)
 (-0.42554269596782579,-0.16702697319362858)
 (-0.12563768526048535,0.29359596009428846)
 (-0.64142565562778431,0.41624560729043497)
 (-1.2728797094354014,0.98455844306455831)
 (0.15276341859333772,-0.99155273793457244)
 (-1.0799293103889509,-0.85145978421389901)
 (-1.0965532386795427,0.69375665822795562)
 (1.0496072452953817,0.27874669638615363)
 (0.70925105319860382,-0.58428393555304758)
 (0.51700326877880087,-0.93559216225850694)
 (-1.5263208802798109,0.39387924740210861)
 (1.1749882693739198,-0.32740285898694715)
 (0.76565239456851597,-0.86647642202054054)
 (-1.7633672208913989,-0.19153187407284744)
 (0.68884434664948435,0.38838858545785698)
 (0.119166730957653,0.063816738049122204)
 (-0.019316643230147285,0.86861567995868272)
 (0.10345320645669706,-1.378799237641894)
 (-0.24845566479995948,0.60067989621569928)
 (0.82909907500890845,0.19142005097803796)
 (0.59977768622048422,-0.64101823525099089)
 (-0.21121097023577479,0.23764686389418113)
 (0.1872001912142511,1.000277865044918)
 (0.15524269122791365,-0.14226834758268053)
 (0.26928331524837112,0.87683699370876744)
 (0.62309614415924996,-0.33225486593514092)
 (-0.53674563960785504,0.60711269359022224)
 (0.89311434800636924,0.40268755969957959)
 (-0.73656339115264313,0.46424291843191773)
 (0.38743946437326049,0.14003778471506612)
 (0.44985028209972017,1.3413371932859286)
 (0.49733291125385248,0.89001762611459623)
 (-0.58594575883964062,-0.62224430245150497)
 (0.41595348434661222,0.062903978304647029)
 (0.25357602453648581,0.65598173784182223)
 (-1.3316161313619639,0.47460605052295474)
 (-0.80991537425275917,-0.86772387208400803)
 (-0.38398693190343386,0.0072268570896035127)
 (0.18293853515195235,0.69763667384290085)
 (-1.4666698178404596,0.090117967118588882)
 (-0.38375007343416678,0.18140237129916012)
 (0.53544052895707095,0.58689090961055668)
 (0.96043503563128796,0.49047971325473266)
 (1.4791847998320504,-0.24626796290415351)
 (0.37117743561916977,-0.67794121529948925)
 (0.75206806964198625,-1.1784041056664825)
 (0.095281467338492701,0.34727527538770886)
 (1.2869699431842456,-0.69427184029584776)
 (0.014874535807607267,1.3062470076947104)
 (-0.42227264105628376,0.73138985070341156)
 (-0.26013799853172703,-0.30820244985083467)
 (0.32573583274098494,0.10519781287151687)
 (1.0711148989009958,-0.35849624203984853)
 (-0.87474653574188743,-0.69438443279499351)
 (-0.89764841391425909,-0.88585221621138333)
 (0.25438611445600029,0.2253390447935793)
 (0.23994696773259094,-0.90563899839619899)
 (-1.1447095847599633,0.53708466079405881)
 (1.1979405868113069,0.47886729573139941)
 (-0.048608502952597311,-0.73729301624713028)
 (-0.47439438736212558,-0.4862812785992891)
 (-0.098702924740798309,0.046973381850375362)
 (0.94159968693827312,-0.097991540496254692)
 (0.38693950295250568,0.80303919840574234)
 (-0.56556407889388316,0.15022432545164152)
