# Created by Octave 8.4.0, Thu Dec 11 09:47:21 2025 IST <gamana@Samsung>
# name: rician
# type: complex matrix
# rows: 2048
# columns: 1
 (0.81027849429239363,-0.4800920684667917)
 (-0.77321747805919172,-0.35299376496854751)
 (0.70939269860304377,0.1326010404464433)
 (-1.186380337601171,0.15656632282011579)
 (-0.20145535744183352,0.17783432455404469)
 (0.80883192389408864,0.032322456782159607)
 (-1.0416826773294001,0.27514225158825595)
 (-1.0777368477976821,0.068833391796982626)
 (-0.77718296327942138,-0.046593306687305616)
 (0.98356423624560108,-0.16293354422451525)
 (-1.0991772502697539,-0.30862334110195538)
 (0.78975546590418155,-0.54913564718185615)
 (-1.191146952909838,-0.87876231988228382)
 (0.62436027032109065,-0.072365155569252895)
 (-1.5005976883598917,0.11349206143969645)
 (-0.31912168845996036,0.21597465298823385)
 (1.23745643904721,0.13425644425838604)
 (0.56768057999372834,0.034839288327161072)
 (-1.0401285004502088,-0.27885290014373754)
 (1.2703423589308018,-0.36818159620983604)
 (0.64912643757388866,0.051849759240407807)
 (0.60440692881104807,0.28965396116650144)
 (-0.62433112612634611,0.13151838823668952)
 (0.21097735007841467,0.81077091375879162)
 (-0.85700065023436034,-0.47620655536523049)
 (-0.9443109221996171,-0.1850724288926385)
 (0.56159972840198336,-0.20482707332927283)
 (-0.69277956680871178,0.34089338246556738)
 (-0.82149030273048051,0.1378363466528677)
 (-0.69412890337374844,0.43060504013931156)
 (1.060153534288252,0.26225635774510286)
 (0.94911522743830323,-0.056422723817568597)
 (-0.57815467679760135,-0.3257116529344517)
 (-1.5258810752185208,0.15972900686219024)
 (0.18229292145649767,0.52526131777002172)
 (-0.76174160094395993,-0.18956764210174007)
 (-0.58808305795645788,0.41670520652585075)
 (1.0790956719891804,0.15304169399835194)
 (0.90319015303106709,0.031071396859889442)
 (0.61149398919632403,0.53914098148714462)
 (0.92522641935948002,0.38255836908566032)
 (-1.1260879510423023,0.66350504992679971)
 (1.1233865084272887,0.17042007098396825)
 (0.25049869410362224,-0.014197440037813831)
 (-0.40124706828029549,0.089941483717630888)
 (0.63392270949619456,0.41359694877128922)
 (0.9912374020341036,0.29767062697892488)
 (-1.0341532396341433,-0.37108262665703867)
 (-1.1657655724564542,0.17662166383923383)
 (1.2923859168355092,0.21977164992014128)
 (1.0983888979721383,0.069498500395837909)
 (1.3914848228318322,-0.32443180810686995)
 (-0.53066740881284757,0.65733784033662968)
 (-0.15916524477031946,0.069071604803857808)
 (1.0296998890481113,-0.24112626591520325)
 (1.068775610238317,0.17417381809427901)
 (-1.1174658615853004,-0.1204982449799278)
 (-0.75922867256414783,-0.58177776038461848)
 (-1.1802034469788525,0.44029939039692373)
 (-1.2463219052404708,0.28174452341804368)
 (1.2840216405688007,0.97165243110877564)
 (0.63057373628383973,-0.1819785656860938)
 (-1.6795464181650623,-0.61626891091993408)
 (-0.68311920567207451,-0.12487192911695981)
 (-1.1805305807975788,-0.1882169371217394)
 (0.87758021921244134,0.76228132160530759)
 (0.47498442319985329,-0.041030040030638641)
 (1.3160193008081982,0.098442916654220086)
 (-1.217365419044854,-0.12163829207083146)
 (-0.89074108961280618,0.70045996251913833)
 (-0.78941441322197314,-0.22464942704538959)
 (0.63858128874494346,0.12273165113990689)
 (-0.9553098035193619,0.34569083800481937)
 (0.50117594533662868,-0.34539108839368077)
 (0.80895735602248353,-0.18574584896732765)
 (1.2975505806792493,-0.50036392500442683)
 (-1.3088654874811951,-0.56898224047995838)
 (-0.18428971760897273,-0.20951932792079853)
 (-0.8242965863501488,-0.23416128816275256)
 (-1.3205416334520739,-0.48262554026814769)
 (-1.1385942381747247,-0.082819371823805263)
 (-1.2957482398998867,-0.039995287672122418)
 (0.80905314838752096,-0.39921627328224435)
 (1.320337762247636,0.053606721896623986)
 (0.79735864215966312,0.13319831239021529)
 (0.6681150846759234,-0.34009368404864793)
 (1.0397049853982996,-0.76063617482175172)
 (0.85562516600401795,-0.056312547790339174)
 (0.18186814878741608,-0.10337570126670426)
 (1.1143646373307268,0.32692662652974791)
 (0.67070961486674463,-0.24570655908504035)
 (-1.5854207871578181,-7.9424440401613619e-05)
 (1.0787042921978527,-0.0022607269795735657)
 (1.2091206942554753,-0.30645045577599028)
 (-1.0664422430999614,0.09726605809806621)
 (-0.74496313022102456,0.38333502912587436)
 (-0.57268130495990255,0.2365653646190245)
 (1.2464244712248276,0.44961375280689797)
 (-1.0786176631457585,0.11997168719355696)
 (-0.55705918468351623,0.38899947077683861)
 (0.90447872404879759,-0.24663468463277)
 (0.611161948460204,-0.36322340183228774)
 (-1.1928167807500503,-0.01459510373295427)
 (-1.0443394895714928,-0.56005075288713102)
 (-0.7892189189732276,-0.28764786975638834)
 (-1.0780676450025608,0.17885581642837167)
 (1.0451987947777512,0.26777518462705902)
 (0.45162310189374538,0.23603494592168109)
 (1.0522633715085514,0.48151103383230942)
 (-0.70193844821225349,-0.36753519468075718)
 (1.1420370358603984,-0.34441280921161954)
 (-0.9013655960482615,-0.25108207699743462)
 (-1.300813125988376,0.20120400239418895)
 (-1.007795009284534,-0.25710903149631459)
 (1.3374339776298645,0.061329830236054657)
 (-0.73617649400389484,-0.4524725637640441)
 (0.5977787897153275,-0.35526698062138068)
 (1.2584672312894079,-0.3436512982520219)
 (-1.2027417841600576,0.13003088806028354)
 (0.86573413031903779,0.013979589095737318)
 (-0.86367609380465338,-0.16836760495286271)
 (0.72479577903006764,0.38190952598040073)
 (0.99124549810698159,0.26744378467453556)
 (-0.60466456046002082,0.23603509876923254)
 (-1.055231177302824,-0.31976220905853858)
 (-1.3995123647889458,0.58990188218860662)
 (-0.60230998946910064,-0.43180309117313348)
 (1.1899122621410891,-0.18672606912400397)
 (-0.84527518237755683,-0.3061040709656031)
 (-0.81631011968845968,-0.43674778944837106)
 (1.0811242104125338,-0.40292800345428725)
 (-0.6951549478626019,-0.19976756416781585)
 (0.6014507736447009,0.10073022589140705)
 (-0.56628613566441044,-0.047162659311615299)
 (-1.1541504887388268,-0.29362422195936927)
 (0.92345390060550481,0.34631969660503259)
 (0.81528227757079841,-0.35495280955988401)
 (-0.87899125303559256,0.045076378460271307)
 (-1.0585755715088834,0.11069752325379206)
 (-0.74689569471110206,-0.31457959446068173)
 (-0.68136907184862028,-0.36159883760202338)
 (0.91000618899913599,0.022051881294596752)
 (-0.72059007224632921,0.6556359527168103)
 (-0.77650709539830987,-0.042355790532763678)
 (-0.48833333873778756,-0.71442414735886051)
 (-1.3835817391340679,0.023874886754922321)
 (0.29908250110680745,0.16931917685872069)
 (-0.29246966345060565,-0.23868827763578293)
 (1.020614881566918,0.1373949522388305)
 (-0.56174651934945152,-0.37264075461840579)
 (0.76456590064138985,0.19960332540022296)
 (0.35122464393970965,-0.28090693094922892)
 (1.1291176520791464,-0.21573025088009834)
 (-1.2280475074144579,-0.38132501916268552)
 (0.6013834463718376,-0.1081535895126645)
 (-0.045028323668270143,-0.1279716356467657)
 (1.1637512777551042,0.29271850674853583)
 (0.83945408429766688,-0.059066014196189821)
 (1.3738755697567118,0.031212437690733986)
 (-0.01356522265243354,0.13038325189111094)
 (-0.30334734557166299,0.059951494475757192)
 (0.81684555962581029,0.002674866078708983)
 (-1.3741584436734118,-0.93037202887538706)
 (1.0993445487234101,0.056244425356058364)
 (0.57020005068426083,-0.16411101593528388)
 (1.5547683224152671,0.29621325904778073)
 (0.86544736633837094,0.48270030105831047)
 (0.90815466516615295,-0.012627498787128896)
 (-0.24024783124208893,-0.33583731347101059)
 (0.99678456383443304,0.48566845997397523)
 (-0.72497047469460929,-0.35876167477683402)
 (1.0100009628089777,0.060209660342306182)
 (-0.75309442475849164,0.010518385314598278)
 (-0.91776408833427692,-0.027356614657256893)
 (-0.9294598244091955,0.032887685524096842)
 (-1.0585510656054131,0.4715451834726449)
 (-0.95689881747063821,0.50777511267114983)
 (0.51597847416235276,0.10376084346633582)
 (0.21916230787993063,-0.30505735197510814)
 (-1.3870907713962302,-0.73324916111026595)
