# Created by Octave 8.4.0, Thu Dec 11 09:47:21 2025 IST <gamana@Samsung>
# name: awgn20
# type: complex matrix
# rows: 2048
# columns: 1
 (0.89537920633290691,0.032058576858297237)
 (-0.92809936892644485,0.06954970960398689)
 (1.0840312587449779,0.074761396809495784)
 (0.91903569278234154,0.13297686498347655)
 (-0.98041425215392553,-0.1296972595524824)
 (1.1101753706409341,-0.049455921839444139)
 (-0.93900793663644255,-0.071593847524984988)
 (0.8954943620945609,-0.05765595347271843)
 (0.94291551868997103,-0.11422535923045887)
 (-0.87447192858172329,-0.065203099741856452)
 (0.95326337326764676,-0.052704968347930183)
 (1.0161364654434868,-0.025228789112309281)
 (-0.91759728264181761,-0.068566181369699788)
 (-1.0585800505624541,0.19271674073674763)
 (1.0401290960722822,-0.043205860835513921)
 (1.031030585734674,0.072780936147545272)
 (-0.92186132892048855,-0.081359498924701887)
 (0.96641073530895449,0.0073391032322361327)
 (1.007067937800989,0.041361272188363545)
 (1.1301291571069934,-0.07794253820267695)
 (0.89513243409227461,0.12872274990215624)
 (0.97975374506855661,-0.1151266526358779)
 (-0.93571586184987698,-0.033414502544040374)
 (0.99649990181089199,0.052087200008392655)
 (-0.87886127317595042,0.13841353181282201)
 (1.0393747702156031,0.043966009946651952)
 (-0.99383329561293332,0.034969792965704016)
 (0.96846831659781685,-0.011215720985096003)
 (1.0264063513414656,-0.015460437911189666)
 (-0.99339852162181796,-0.020871762821681027)
 (-0.92137205255450194,0.062139291955727941)
 (-1.183788289225467,-0.048582996510569972)
 (0.90952393932231845,0.088113350773409649)
 (-0.93015635211985359,0.00023145258207655085)
 (-1.0334721233728168,-0.048607625649974104)
 (-0.93689694572978821,0.10949665285437381)
 (1.0227548623184408,-0.15864112746957248)
 (0.96994414960474618,0.010367068700548734)
 (0.96878534452043086,-0.13764991792639908)
 (0.92713118827078511,-0.0020507626590009894)
 (-0.87958700041961912,0.11726373685564032)
 (-0.93731242509273116,-0.062008605077329484)
 (0.8877384035230802,-0.014062529099586194)
 (1.0374664542920766,0.064412945496396354)
 (0.92571606698675735,-0.067156513738981141)
 (-1.0292900361950434,-0.016040245122766219)
 (-0.99742527593067065,-0.016035862209006945)
 (-0.89472019374444312,-0.13592118600942066)
 (0.99417170834855706,0.0091577530232372552)
 (-0.97456484676790489,0.0049281021567882406)
 (-0.92465110483830726,0.0012796264620359502)
 (-0.98269795529538995,0.032426666161372152)
 (-1.0642954061258487,0.025350125970281301)
 (1.0255254022171705,-0.028281873662953996)
 (-0.98184880002645836,0.054826074878079271)
 (1.0931078884136909,-0.0041281382328569221)
 (-0.95337990351258206,0.066009759325782361)
 (-0.92260411591219837,-0.0036637447028092236)
 (-1.031703381243819,0.072833035190622092)
 (-0.98513948684094232,0.10888470482959133)
 (0.99876332340570495,0.042040629754061101)
 (0.8418663851367949,-0.087780359606419722)
 (-0.96481153555970001,-0.065203946692041923)
 (0.9264995137618689,-0.074928969474455862)
 (-0.96470816171462059,0.038515702963475208)
 (-0.89911634712367827,0.09239733260304156)
 (-1.0002297249570697,-0.016289579382144825)
 (-1.0629104700870826,0.13699226085139429)
 (1.0300681840247017,-0.090852564389425017)
 (-0.9379848538500406,0.075201309664638519)
 (-0.93915762258339708,-0.012064507497052099)
 (1.1108187438379185,-0.031712091079912151)
 (0.88367316505009463,-0.023665502745971956)
 (0.95400604970555081,0.067964505585808729)
 (-0.92086137506432286,-0.020012007011547081)
 (-1.1146342825011999,-0.071149563338923916)
 (0.99984436047487757,0.098810716677363866)
 (-1.0035043686244967,0.036968159997926138)
 (-1.063005701400551,-0.056623719328605465)
 (-0.95705941208369461,0.038628936593782276)
 (-1.0147381898909025,-0.038510774186654051)
 (1.0203401253324536,-0.16429901846962394)
 (-1.0039479405988101,-0.052384719757098942)
 (0.99267776783290518,0.0094251734907871542)
 (1.1189857691080176,0.015967049590286331)
 (0.89130239138743828,0.074999676940915014)
 (-0.96252052125796006,0.052849867723713063)
 (0.98374500461620773,0.060932661538347289)
 (1.0401567414982174,-0.080991301983810757)
 (0.89532532711985702,-0.035428987706305419)
 (-0.97743588271201121,-0.074928047472696338)
 (0.88643940020756873,-0.058626003005978859)
 (-0.90660326221330312,-0.052521029734593994)
 (-0.91193953263659344,0.010874800530224693)
 (0.79736425403177791,-0.028169146910220877)
 (-0.95586908131594139,-0.09532266105438765)
 (0.97184760092425893,0.069741723950618006)
 (0.9418502353020981,-0.15230119834267608)
 (1.0041637070126221,0.082606195479833416)
 (1.1210661734516574,0.14376034292651557)
 (0.97865109732959099,-0.0071938704877583682)
 (0.88048907946857691,-0.02575155623850385)
 (1.0439956453455721,0.062435795208070223)
 (0.91789266014847903,0.005442998645958803)
 (1.0678676075416988,-0.028320880897763634)
 (-0.95013874854523861,-0.049975785477016983)
 (0.90766830498766649,-0.1112815636659632)
 (-0.965304857788574,0.010084388485036377)
 (0.99448564973553122,0.037961320160752064)
 (1.0480782294272633,0.048861801094042194)
 (0.98507468834952039,-0.03324280467785537)
 (1.0620728320568711,-0.015528454294499805)
 (0.96058347660945897,-0.0034601182561723497)
 (-1.107385161406361,0.068773667996334262)
 (-0.97767872843421832,0.0050835087008745342)
 (1.0140060783940472,-0.074214523659593856)
 (1.0541431762482962,-0.11174629154981644)
 (0.90994651649090352,0.098246557139297253)
 (1.0992287439205279,0.077044734087147945)
 (-0.96446068383890127,0.014578363520866828)
 (-1.0856819057254252,-0.092923131618782795)
 (0.97644147921878299,0.03410266659677471)
 (0.97216614445447547,0.020115528700975317)
 (0.86073025515805213,-0.12554939383693833)
 (1.0015626924675378,-0.025467016195875682)
 (-0.98185567466217571,0.0096678319587185542)
 (-1.1219374595755898,-0.00064084770879703186)
 (1.078816979495185,-0.16343245027143499)
 (0.89468209669547227,0.064714548180320339)
 (1.0370288919400565,-0.1101193477843331)
 (1.1251636429354666,-0.012815407660130002)
 (-1.0155044168734289,-0.11239071209106198)
 (1.0678105737998496,-0.089680218453310701)
 (0.8918986387650083,-0.071905275651568998)
 (-0.95957867413193898,0.028291688383389038)
 (-1.1369483045247275,-0.006815876960002955)
 (1.0663942786286102,-0.023596537885222948)
 (0.96406067608517654,0.010239987012022117)
 (-1.0551863215140596,0.091688234102280816)
 (1.0511681375480613,0.04909584571881867)
 (-1.149605524566903,-0.034596025276704516)
 (-0.98864123659741598,0.057487906702323635)
 (-0.83892330724610953,-0.050625695126426375)
 (-1.0042673397372133,-0.0031067952963284812)
 (-0.99707576475002424,-0.011230620293130704)
 (-1.0926696408232159,-0.11089166386390879)
 (0.97723782267919423,-0.0033069648157550442)
 (1.0721092425253724,0.035284323006975787)
 (-1.0337792592567259,0.06429976406638914)
 (1.0455479739704097,-0.11181666298005627)
 (-1.131836379692184,-0.015257695283771654)
 (0.98545985582940165,-0.080430162622771043)
 (1.0147936245718505,-0.019750466743954906)
 (1.0328950379165609,-0.14972616301560959)
 (0.9609433734539069,-0.03296360776384874)
 (1.0414444797825326,-0.048708199194209295)
 (-1.0516164662187799,-0.10342777640508907)
 (-0.99991425202546691,0.035412160837116624)
 (-0.84775461068951685,0.11750781171533782)
 (-1.0360897979569212,0.081840645739629764)
 (-1.1509117018437014,-0.022323919734561062)
 (1.0289700132159689,0.093816210589430737)
 (-0.98314144405610682,0.076757196055266305)
 (0.95884795136862533,0.0098303667450144391)
 (-1.0246948740804112,0.034197953037422943)
 (1.0264173787699578,-0.030885585362505016)
 (0.93040938412776875,0.013294023198373615)
 (1.0131747945537122,-0.08217374131813393)
 (-1.0113100830078803,-0.055439985668652797)
 (1.0477805649563523,-0.002177038537812012)
 (-0.94558531940815826,-0.023687967317912131)
 (-1.0822415251630226,-0.041088506079858075)
 (-0.96913482357393077,0.020274529862264412)
 (-0.96967451953843165,0.033431903905286005)
 (0.93373745443631484,-0.069207958691398522)
 (0.98481540421957503,-0.042437641267999759)
 (-1.0218935970553902,0.010979541502617525)
