# Created by Octave 8.4.0, Thu Dec 11 09:47:20 2025 IST <gamana@Samsung>
# name: rayl
# type: complex matrix
# rows: 2048
# columns: 1
 (0.45060831461851292,0.63839035711083791)
 (1.6062521862477184,0.65885462331123967)
 (0.57872950084795638,-0.61028642570732072)
 (-0.34424614618142313,1.468357353336037)
 (0.48414222586216704,-0.061700860728610078)
 (0.11699226139178376,-0.3527315236499044)
 (0.5756506650163733,-0.1576762298771664)
 (-0.13985348479774595,-0.90904761123872047)
 (-1.1101788912369353,0.59005542689097068)
 (-0.30797131114067322,-0.63660306395669464)
 (0.2695575876294376,0.10266572195096235)
 (1.7420036870838533,0.2929671935958873)
 (-0.2026915964856193,0.16159762957496215)
 (0.15139346443970794,0.58408435382391177)
 (-0.50111415431991069,0.38660157470795975)
 (0.32014441765870155,-0.42549821238617674)
 (0.34343427563516526,-0.3210656153457252)
 (0.67277019338119248,-0.41249797527000764)
 (0.069235037296711266,-0.98108588140531705)
 (-0.16831381635645071,-0.52393647288172263)
 (-0.12947938771718756,0.063433449334599018)
 (-0.74028852926385214,-0.053170215003204756)
 (-0.14262434607503413,-0.22447233363606925)
 (0.27263770048655606,0.72981350420630497)
 (-0.2966943275005518,-0.21260141515519124)
 (0.25355010176227766,0.18512318474883366)
 (0.89862917188487057,0.42721667066751506)
 (0.36888318420354904,-1.7820774715436525)
 (0.94490892562469442,-0.29279981874995498)
 (-0.48713241494017551,-2.2493797347750624)
 (-0.35051158291324025,0.10668817196315555)
 (-0.29017363520774891,-0.29998811054422442)
 (0.20925972154175321,0.56425727515393387)
 (1.0604841188005016,0.47984967954712232)
 (-1.8576284966836811,-0.42963812189393641)
 (-1.3039168787806217,-0.80062440237154353)
 (0.0092513267696034841,0.61224387351004728)
 (-0.09645450148255201,0.96168684408656935)
 (-0.19243948034963096,-1.097349691168058)
 (-0.1490364731938208,-0.2930154197518744)
 (-1.0698302611261459,0.30724338006824231)
 (0.47885149815710898,-0.28184928859571945)
 (-1.1742487595483149,1.3582426844598183)
 (0.4175701758326153,-1.1910258376812752)
 (0.46486862731794715,-0.69671193323713188)
 (1.987065973473872,0.53621367237304107)
 (0.59396732038031208,0.16616237518922064)
 (-1.2638741717649884,0.14522878676483353)
 (0.73014270681446025,0.30334747071917395)
 (0.3550793410891972,0.88225145974909625)
 (-1.0547226827758975,0.19187123316978594)
 (-0.085397467941642949,-0.80772262736281297)
 (-0.38289282830454985,-0.85706436915084239)
 (0.48041804165712987,-0.31114989465619558)
 (-0.78383606454211485,0.79087772852214833)
 (0.32685200822484023,-1.2827719918476848)
 (-0.44059421481803862,0.24693858542566746)
 (-0.90864063190353217,-0.61302413391894173)
 (-1.549025829773458,0.32157235750431634)
 (-1.2764786995322637,0.36388639609265711)
 (-0.19465777073525795,-0.50449923934572072)
 (0.16449344466790086,0.96444675013011638)
 (0.035253095948474679,-0.60558790869855639)
 (-0.052418216811922769,-0.51340294265359154)
 (1.0787607362547762,-0.47479849334226515)
 (0.43926676561935318,0.67409221381863449)
 (0.10488624712536418,-0.76588996475068805)
 (-0.10807160618992137,0.22756500361944432)
 (-0.78279038372602949,-0.35063900346155036)
 (-1.0673509674465438,0.55818928503698151)
 (0.86589770253134124,-1.9692330899664505)
 (-0.67999502821094315,-0.25980148774805861)
 (1.1265175469595528,0.39087180293866436)
 (0.30912828280950722,0.53129075418251404)
 (-0.86544261808599243,-0.32648567566123599)
 (0.38728812519977185,-1.2686079517201709)
 (0.029474408004135231,-0.59936011270003287)
 (0.49406265097286434,-0.06936887673218288)
 (-1.1895885684689766,0.32800724946013537)
 (0.85972506528290049,0.32902545890063778)
 (-0.080572192379488483,-0.95597654012868105)
 (0.17279773210341468,-0.13904640329937307)
 (-0.92441383704233793,0.28868510891592425)
 (-1.2337264292040695,0.41252321753091864)
 (0.32505521809284738,0.64904057029685613)
 (0.13478367822917253,-1.077890919303967)
 (1.2986801137553488,-0.045859002668834137)
 (0.47064640158793342,0.083673198367729185)
 (0.17742764670442226,0.4746844447729382)
 (-0.35914287484414065,0.12844638421263568)
 (-0.79437071682810978,-0.39946359887300459)
 (0.53874801557427365,-0.43932610687029405)
 (0.36674815272034494,0.10543203444533462)
 (-0.36713339273680595,0.62124182835207631)
 (-0.82026356334835038,-0.083143879987329763)
 (-0.18989898054088616,-0.53645253327129439)
 (-0.53809607310134611,0.2069962694271022)
 (0.66699370065369246,-1.0555876113867055)
 (0.78330896746417311,-0.19318209328597105)
 (-0.37303864845726942,0.85899458437930454)
 (0.88248519496580935,1.1599595950168484)
 (1.0316677006572725,0.55680610693517585)
 (-0.087568115329789017,-0.045896302152922536)
 (-0.46145157614177412,0.22917535453387342)
 (0.1052802156491732,-1.5597121303090762)
 (0.56716471534149226,0.43555136705506758)
 (0.41571088862427408,0.80303686735226787)
 (-1.3584999694929958,-1.2792662077351735)
 (1.4971892345108266,-1.154017233271919)
 (-0.079306800047049583,-0.21308651466490297)
 (-0.296621141549189,-0.64543405225499906)
 (-0.83167993986456645,-0.34703135401608132)
 (1.2859598869484821,0.46015213007885719)
 (-0.39292353604405439,0.96078656875828594)
 (0.048104767868217845,0.376264483793606)
 (-0.829064168488719,-0.48264461440732476)
 (-1.1244835188893281,0.021602093349018206)
 (-0.6898208237137704,-0.2563973544861724)
 (-0.72411693406500421,-0.64931084855828225)
 (0.87657403624418762,0.41258580191391553)
 (-0.22757545952158653,-0.63812293264499542)
 (-0.94786703094060876,0.78160244510866839)
 (0.9990255656586019,-0.015678906582728643)
 (0.40928738746304005,-0.42962806408695575)
 (0.72935152224432531,0.012637444012112996)
 (1.1997428398944547,-0.30326180267650321)
 (-0.95517417553945438,-0.69333196459017243)
 (-0.53335067398617542,-0.17537008359664158)
 (-0.34501582166138189,-0.53080634512852976)
 (2.0191982378393609,-0.11277408264668866)
 (-0.19658206247132115,-0.57858702387978211)
 (1.0982117531776334,0.20217826059585436)
 (-0.70263904840675295,0.23406780871380262)
 (-1.3539793059053904,-0.26618927562425121)
 (0.039316252355460955,-0.18293462471171454)
 (0.33398365006976893,-0.45868770456186225)
 (0.49424275056264327,1.0528395478299006)
 (-0.13873761433390622,0.70118234172605665)
 (-0.34121901410929062,-1.1618540684612007)
 (0.36582417431301179,1.230181140425705)
 (-0.95066905458812345,1.6394296732886211)
 (0.69946704185441932,0.31889583498439428)
 (0.054220671016885533,0.19381934205122273)
 (0.19105601110499157,0.26741797355821589)
 (-1.1108292864521787,0.99758766010877598)
 (-0.5161706391594072,-0.81225465440139821)
 (-0.024825758987608894,-0.70495940851716254)
 (0.78336354075346959,-0.43674223396490802)
 (-0.5354368156327689,-0.32953516047017178)
 (0.23472069950668462,-0.17813527092581177)
 (-0.86169071826635424,-1.5883584744061721)
 (0.79436663655316608,-0.62714561633133969)
 (-0.61501283798621098,-0.2080693624184983)
 (-0.24552469442752065,-0.41795063348307898)
 (0.25010685253890941,-0.36326045411917551)
 (-0.24730524126222889,-0.08588036247250086)
 (-1.3131736342835256,-0.7349047102477767)
 (0.22333420369267065,-0.49557740060132011)
 (-0.15241538864726401,-0.22271469036543085)
 (0.1565416400323954,-0.4045167632429259)
 (-1.4874299173025776,0.16039384712441834)
 (0.12422383714692257,-0.31852341771564846)
 (-0.37333352353176857,1.3729662209723064)
 (-0.43419817991278509,0.15443234103296877)
 (-0.12687801614580727,0.82598471106092775)
 (-0.40206029946404193,-1.3905439611139507)
 (-0.1323416271236447,0.68659002526199053)
 (-0.62383257509478141,0.197208469437787)
 (-1.0497876331280684,0.49610676242194757)
 (0.061018832206664451,0.31213597511883262)
 (-1.0657968129912938,0.91448560175319493)
 (-0.76583686740891477,-0.02095380020159179)
 (0.21792567988834607,1.4048575098282687)
 (-0.10522781925975534,-0.32875231639777347)
 (0.055078857878868986,0.44216661904294269)
 (0.18762099873328758,-0.4967151481636522)
 (0.48455356033515656,0.36650456300319995)
 (0.7382481678208066,0.65036601110833103)
 (0.51572575041031443,-0.18349091160830885)
 (0.96748660623697313,-1.0939304509288024)
