# Created by Octave 8.4.0, Thu Dec 11 09:47:20 2025 IST <gamana@Samsung>
# name: rician
# type: complex matrix
# rows: 2048
# columns: 1
 (-0.089431392955054201,-0.12584541308493979)
 (0.79501822025785862,0.1334779278892215)
 (0.81215258051893946,0.48288408768183622)
 (-0.44818575990176102,-0.040023058570696442)
 (-0.20734389299515732,-0.54974489121893655)
 (-1.4192803487981318,-0.10835938882525163)
 (1.0632699282681202,0.024919168238749102)
 (0.838512158133637,-0.64902227511880017)
 (-1.1172469533250344,-0.41275066607531502)
 (0.95426570258009846,-0.32310154572780464)
 (1.4419310617833179,0.38061663280977565)
 (1.186215768631194,-0.44077461625229158)
 (-0.83086353514255529,-0.22102060642582644)
 (-0.85211075652506796,-0.2678581191235947)
 (1.4117873778921484,0.12869168281822618)
 (0.69791933481150314,0.35207769538499117)
 (-0.68359524599651378,-0.45901588012515204)
 (-0.30391411464015361,0.26165431265373201)
 (0.77597378275913931,0.22538917781964488)
 (0.86888914326318911,-0.26752658850558231)
 (0.5956733545119165,-0.73004913068167032)
 (-0.73050417306095483,1.3836856428632907)
 (0.95675180741439558,-0.11690981660763521)
 (1.1058289948856179,-0.32019302160410978)
 (-0.9504236798346305,-0.16606645937289649)
 (-1.0407967414032304,0.21177957615363224)
 (0.28109639031181632,-0.2040088305591273)
 (-0.74495490315503821,0.24941379395693863)
 (-0.57730067993285195,-0.19115339944971743)
 (-1.6863164639611867,-0.13480190510490891)
 (1.3204652017758931,0.044116182976128349)
 (1.1562548647883495,-0.090609720868916541)
 (-0.7216131818256829,-0.08224573108837574)
 (-0.96921867595483702,-0.4843255951461431)
 (-0.71516769967187499,-0.57106497239551912)
 (-0.86443302782193177,-0.27405003498278402)
 (-0.94854992708067953,0.16944087515051723)
 (0.94753608379935372,-0.13247850477389819)
 (-0.74255831337790534,-0.018524723733760726)
 (-1.0085070290569189,0.74466400429068791)
 (0.68356953213412064,0.30090745887786757)
 (1.0145539897326388,-0.6088413264331437)
 (-0.57646628865134142,-0.12765889109346143)
 (0.52736960181132941,-0.037422287259511161)
 (1.1326310073310093,0.2098329686309143)
 (-0.9936741158521627,0.13062128502823264)
 (-1.0028196117389336,0.18027772090030386)
 (0.98492573938880368,0.65120404829608913)
 (-0.67699295502061929,-0.27587194870192788)
 (0.47659513607803916,-0.08531541626972354)
 (1.0097308860809431,-0.16511999537700889)
 (0.5855325468937117,-0.47482235700637182)
 (-0.42194396363312286,0.86345160655271258)
 (1.0326828974202937,0.10748340425970399)
 (-1.3295313181184687,0.57860623360896457)
 (0.086987987183004489,-0.26560736374938654)
 (-1.1821047123843165,0.083702470988383029)
 (-1.1708094099094759,-0.65490467965819199)
 (0.51645419202233267,-0.52803476910210068)
 (-0.95155813634514963,0.14076491874356498)
 (-0.93988331028143357,0.078781822112077626)
 (0.21849089003326572,0.080178237918983777)
 (0.90530858829461736,-0.91578074634301332)
 (0.96882215858104281,-0.079783342027449217)
 (-0.98263688002917693,0.68591811078390397)
 (-0.5627019941063689,0.6997652390448561)
 (-0.99688730829880812,0.11990453592041109)
 (-0.59554634271307549,0.028723819421370339)
 (1.3116750870957965,-0.23933188526648175)
 (-1.1082422376405223,0.51469905054403009)
 (-1.0342244333098649,-0.089976271143872244)
 (0.44859973104439582,0.38211704751302678)
 (-0.88007647352157625,-0.088802887713275783)
 (0.42254949264555952,-0.58702130302188771)
 (1.1394573910830812,0.041505141868979425)
 (-0.8346832572771572,-0.070771894142685254)
 (0.60577097847001848,-0.45548702791894563)
 (-0.49383488145012794,-0.27123409108873642)
 (-1.1065723112415553,-0.30368018103806232)
 (1.0298737810853804,0.016328759390956911)
 (0.81185704584053753,0.23198216222524726)
 (-1.7814645253926982,-0.14448708119198767)
 (0.94920438306144284,-0.018208621577791927)
 (-1.964634686215408,0.070626954971872866)
 (0.8544862890770204,0.18257591020037151)
 (0.79679300422224442,-0.47431635391322019)
 (0.93079261384786927,0.12813864913607195)
 (-1.1806732945122749,-0.062367822668092751)
 (-1.1749233643796819,0.49498852684148931)
 (-0.68360813485536298,-0.073182959339928993)
 (1.2697300412421719,0.29054260837999696)
 (1.0067197384587132,-0.081680142792875235)
 (-0.20078031354657933,0.10561630209508652)
 (0.066262450536062834,0.098386554446179122)
 (0.53012296265609993,-0.31586845827703969)
 (1.0948006536137247,-0.026322045553303235)
 (-1.1434985401546367,-0.14499429165926692)
 (-0.25404839924264144,0.11963290960775963)
 (0.99332605746912017,-0.4957795527499414)
 (0.8806180387792546,-0.13183643206942913)
 (-1.1024870314868855,0.17320207789479636)
 (-0.95262411984768469,-0.53403747352104169)
 (1.0708546028155348,-0.10094688443571902)
 (0.34144572687764685,-0.39566048196199927)
 (1.2832746484113016,-0.61704683417145978)
 (1.1693745390474188,0.31495268016818817)
 (-0.24206427244531914,-0.59087620214094527)
 (-1.5090600865400767,-0.50307862242132684)
 (-0.89586934276500707,0.027488285544251513)
 (0.57096958709011814,0.29192119773378628)
 (0.59138876852367994,-0.46929172146180159)
 (0.92638310362958831,-0.261307105143534)
 (0.85756268212183684,-0.063257634791067455)
 (1.1788394151501616,-0.011420675023966492)
 (-0.95830940347166371,-0.7402474500121885)
 (0.95427270949805121,0.18716466059339307)
 (0.78269087697150641,0.098824768828569151)
 (-0.679345423402683,0.22367463736207119)
 (-1.4574591912487858,-0.1211429038855157)
 (-1.0280645937005952,0.045477447360074176)
 (1.3193244377084312,-0.078478835005450637)
 (0.49379942869349625,-0.31392685259358744)
 (-0.53462316539632582,0.27830438824356085)
 (0.56827582812145083,0.11485521348706644)
 (-0.92882876678469939,-0.1361593353961752)
 (0.51974776959224234,-0.12535955571209936)
 (-0.68344316899714308,0.048818459040189097)
 (1.1860607823764699,-0.70261646584752391)
 (0.9676417111662633,-0.22991887758775811)
 (-0.90914932783483648,0.48634505023978614)
 (-0.50428489211748473,-0.27871606477965599)
 (-0.79509047038545921,0.4084162511402642)
 (-0.18297739767129362,-0.57449571177566305)
 (1.5453841932863139,0.089098945580886518)
 (1.0259565326767184,-0.071143230810861949)
 (-0.5368819821759373,-0.036702899636176754)
 (0.47081964211462973,0.6706029782407732)
 (0.52438506457617251,0.17286601778743779)
 (-0.63576066453731239,-0.37363086463100265)
 (0.12418390210706598,0.33660951459654281)
 (-0.011368064681966161,-0.45379547665191639)
 (0.71588730465888473,0.12514420952675323)
 (-0.76332628566127347,-0.2359723638236699)
 (-0.95524663645281793,0.01772787234493732)
 (-0.93319139927556216,-0.052707033948453996)
 (0.80376062822969274,-0.3567178067444064)
 (-0.27995100169238984,0.12990758832722707)
 (-1.1234713542175554,-0.056956767804268497)
 (0.94259393512775513,-0.27107200575601204)
 (1.232199626477247,-0.1047814684187907)
 (1.07571288496887,0.16833700005751312)
 (1.2284384737929828,-0.31093509042556544)
 (0.73206162509841588,0.12783751889440015)
 (-1.2711602187220254,-0.0011981380993019636)
 (0.4059884871916743,0.22352288271895532)
 (-0.87355909902087481,-0.46637920946689282)
 (1.1040221267085388,0.1074590425571201)
 (0.7417342741763685,-0.06922462425253853)
 (-0.76517640266960707,-0.3337607185372311)
 (1.2910858640341354,0.073581086244696989)
 (-1.220853227162084,0.36252635204871947)
 (-0.67212214223597444,-0.39707828527443362)
 (1.192318313422996,-0.10362783473855115)
 (0.74633636369787315,0.07413431810052383)
 (-0.66650475841914592,-0.30250350776833185)
 (-0.83089947644841933,0.097713960001871616)
 (-1.2969725793741731,0.38660554408733161)
 (-1.0810726661384209,-0.076025460539827117)
 (-0.23122736370536356,-0.56577852545877094)
 (1.0953576049563469,0.53567756463684968)
 (1.3743205183464007,-0.50218038679695065)
 (-0.77761128401042601,-0.011270024569568767)
 (1.2325910173505523,-0.074514985103295836)
 (0.11657630946406283,0.13589688794074187)
 (0.43871825235980844,0.35432673542878607)
 (1.1125617204610965,0.16903001528388181)
 (-0.61942360818751729,0.12942436209851518)
 (1.5184771547121798,-0.011112212451352467)
 (1.6283298397428525,0.26802580121670611)
