# Created by Octave 8.4.0, Thu Dec 11 09:47:20 2025 IST <gamana@Samsung>
# name: rician
# type: complex matrix
# rows: 2048
# columns: 1
 (-0.98446263427202041,-0.0089817647895992364)
 (0.75432244247229563,-0.2551850192943389)
 (-0.99216899679894044,-0.28064784423703176)
 (-0.69356181570327113,-0.27156370494171933)
 (-0.43682652193653265,-0.1489562078203146)
 (-0.59242179113452997,-0.12666503542013782)
 (0.56183901874194353,0.031769815588043593)
 (-0.76698843773778669,-0.079044309257336243)
 (0.75858994236694777,-0.48732765365899627)
 (1.5426431403980976,0.037813758513810705)
 (-1.0531253884553053,0.45993363686801864)
 (0.66359650579051099,-0.10776577325787957)
 (-0.42890790620388891,0.22211192372007998)
 (0.11288726177619768,0.12833527681019599)
 (-0.7549372816649893,0.69291967340772265)
 (-0.84624034489529665,-0.26886554196444234)
 (0.73257820768303294,-0.18906924817118873)
 (1.1252351520373076,0.51886999671234957)
 (0.64332892617702386,-0.10654572048312012)
 (-0.90300394482226076,0.60132528160848686)
 (-0.87686387236741314,0.51191045823423809)
 (0.74509529396717211,0.13771841268349283)
 (0.75425469400845158,-0.69346974190959509)
 (-0.35449222717185891,-0.10593184208344679)
 (-0.7968637967068477,-0.20449960444456719)
 (-0.10009928032850057,0.68052283248996814)
 (-1.2783045264812722,0.36461083649318687)
 (-1.1383512893501502,-0.14249056526868564)
 (-0.46678311874443545,-0.21203053468093772)
 (-0.97793915599961923,0.40629846997425667)
 (1.1229538505467869,-0.15418241708503569)
 (-0.82417293210766307,-0.14017611380738729)
 (-0.39292929937927662,0.12651045832394792)
 (-0.072352945781014477,-0.098206041334971586)
 (0.50120195047908189,0.35218525253195271)
 (0.47608249861977797,-0.076129609597817269)
 (-1.3660894162382444,0.27827428665872678)
 (0.87084777752008569,-0.67627399997880489)
 (0.57977254710925996,0.25294579412027929)
 (-1.3176549781999674,-0.093750601610996881)
 (1.0323360289489671,0.20454591608392281)
 (1.1099386111055489,0.18715073655735065)
 (-0.10787938815074316,0.55460701951614777)
 (-0.16148877066935552,-0.44657457263947137)
 (0.96524146315373327,0.13291922404353071)
 (0.66699085580572626,0.049046253546790895)
 (0.88092309039460481,-0.3195497802758423)
 (-1.3117238845770045,-0.404178438239919)
 (-0.93213740915772403,0.24051261183997322)
 (0.38454773311550755,-0.20088530746720526)
 (1.1601577352458248,0.33961280731466259)
 (-1.3058984291015512,-0.12079497528279882)
 (-0.58788840305707846,-0.082106146889731335)
 (0.92987964337982232,-0.17466715297847343)
 (-0.76927473586328166,0.091251575969311494)
 (0.80380223645898186,-0.57689673069391467)
 (0.42791531211999623,0.28885316402082573)
 (-1.458162746528912,-0.15045897306874201)
 (-1.1083612799436993,-0.10338626306183051)
 (-0.88920392127096537,0.21006074426548985)
 (-1.4260231588720989,-0.42800579106611897)
 (0.88655090334492592,0.52079224387483702)
 (-0.4176684343396615,-0.51603906462848992)
 (-0.19096553383167947,-0.11294427707293847)
 (-0.59897813365926,0.286276028795662)
 (-0.4886963456739753,0.68171418066340006)
 (-0.92669258062091475,-0.5175205389982579)
 (-0.85891378643869176,-0.0061606972857151448)
 (-1.0235136156440237,-0.087160851341288967)
 (0.40521360406932444,0.074831557596041542)
 (-0.17450983371708428,-0.11863530792726655)
 (0.68409425755390552,0.40383499882668511)
 (0.69794376090877763,-0.086770743505924841)
 (-0.81994754945685611,-0.051119420978120556)
 (1.1507112415925285,0.12829393950343548)
 (1.2936207953986829,-0.13687028611235166)
 (1.0605560724753045,0.034301348049145759)
 (-0.64631122452088918,0.68365936059475896)
 (0.66584661696236513,0.064469908411261059)
 (0.62404683593831012,0.031104624432227654)
 (-1.0901741010124035,0.65149294599874663)
 (-0.6554750520158994,0.31901596843442159)
 (0.57691172281938441,-0.70848814403636273)
 (1.2815548320327166,0.22937480227869855)
 (-0.5324181723690129,-0.072479234938024384)
 (0.38281391925433483,-0.066340841530067224)
 (0.60382704823765421,-0.13873376156786474)
 (-0.40084550340309977,-0.49271636284635079)
 (1.2323792109559881,0.77010557990061446)
 (-1.0883726882124798,0.36867217981957678)
 (0.40403284406163631,-0.60622362444923727)
 (0.71149040574987521,0.00013200103214333397)
 (-0.32113781860170787,0.12323277072776991)
 (-0.79956508949314664,-0.0017698861258372532)
 (-1.1122913660224303,-0.13738354594812111)
 (0.82857108489235343,0.29773592595935594)
 (0.51000256158972745,0.47024389968899122)
 (0.16715532824893342,-0.33961834177768102)
 (0.58917805268614232,0.45707281304133451)
 (-1.0940591938553432,0.45038498170242114)
 (1.2718843988389987,0.080982338122058559)
 (0.88029671627462525,-0.27051536619985933)
 (-1.0456771428807028,-0.092618316758393826)
 (0.9792729313697921,-0.072628090177395077)
 (-0.31128271031326094,0.081734266959213681)
 (-1.3081729133618216,0.55193737845674329)
 (0.99869671031073148,-0.53775643255896965)
 (1.0041969658188687,0.026802342148813319)
 (0.68696335946414067,-0.066302282891479963)
 (-0.94510884100303638,0.42377407679562989)
 (0.61307411787995592,0.080914692461891397)
 (0.48741850618323884,0.47486354077202614)
 (-1.3922893453493788,0.20282975985482027)
 (0.17367783546322058,-0.038935012132518119)
 (0.32789584935207972,0.03424346864661653)
 (0.7946718010530216,-0.21157935685218854)
 (1.0651344071313968,-0.2087044499304595)
 (-1.371569440707344,0.13059963727532203)
 (0.77658119977668549,0.26090613249954153)
 (0.9061696543181893,-0.18953041852669628)
 (0.61475724370848583,0.41022085563248678)
 (0.89700153939652183,0.56046265461071954)
 (-1.3402565178531005,-0.069792604485522117)
 (1.1035437264242292,-0.26471223258670096)
 (-1.1441735437478231,0.18252196418511682)
 (0.83923057020760861,-0.12266282566148928)
 (-0.61772584640183092,0.04525266996669032)
 (-0.3713110274036211,-0.053063129895667006)
 (0.53249199388835189,-0.091909598805810608)
 (0.66625609233742544,-0.75153080678026019)
 (0.47951295619365869,0.11638063645272434)
 (1.1924725958706688,0.32015426422711868)
 (1.3616558406548438,0.11556616953699274)
 (-0.68186445992717493,-0.10071805914638496)
 (-0.8653437451066871,-0.24379762680217709)
 (-0.57742935313210297,-0.52836247029101679)
 (-0.26910053896221431,-0.49216046430356991)
 (-0.76791784411777342,-0.095170803684235861)
 (0.76671301865113461,0.52072003146472634)
 (1.2981001219740476,0.31504070968467429)
 (0.71556118423788395,0.34597631502246046)
 (-1.1028505259438914,0.6020105441773389)
 (0.74655583877293996,-0.77388744333772796)
 (-0.50539273849516331,0.052862061175601507)
 (-0.94381689674991298,0.081869540140508401)
 (-1.0228181225260671,0.52234768904152307)
 (-1.5394181126721134,0.37827614950415533)
 (0.60006820920551851,-0.14060771042588988)
 (-1.3108073767844763,0.037019790160561589)
 (0.53950183278676667,0.47023743381437105)
 (0.77582564630513862,0.12948648119958286)
 (0.035258701047481744,0.21329186029853014)
 (0.9509587031517035,0.10403108112756645)
 (-0.8557744953551637,-0.30323942622536587)
 (-0.89478953789079918,-0.36397228284077349)
 (-0.92778016309823397,0.24132843986996766)
 (1.020676324058388,0.28593021525432699)
 (-1.2442453787195911,-0.39808897834795437)
 (-0.48320065774838916,-0.37867477954059153)
 (1.2966022100158949,0.25684210667222374)
 (0.79407379569617154,0.075266613608506713)
 (-1.0906189541062259,-0.18371592677903636)
 (0.93394738788121379,0.52528048438828334)
 (1.1903560358707075,0.45184592216358432)
 (-0.42851071090311232,0.46398466748000383)
 (-0.2242438583303108,-0.29449958159229656)
 (1.05321315560267,0.28157645225343125)
 (-1.4907279523757282,-0.32342823226643586)
 (1.1207255391253896,0.16538948391409802)
 (-0.73419775204817705,-0.089816176692340419)
 (-0.84601832131098031,-0.51104355258056733)
 (0.2744270049072689,0.10985918581080792)
 (0.75269504905203577,0.19680154876314801)
 (0.48689857193618524,0.38551880974561603)
 (-0.68574936231054828,-0.11326003827563631)
 (-1.3940553629511236,0.05485508277021256)
 (-0.56424740179463628,0.27888135750047255)
 (-0.84130141536640302,-0.17748972943283231)
 (-0.94176883030020642,-0.52635374052073691)
