# Created by Octave 8.4.0, Thu Dec 11 09:47:21 2025 IST <gamana@Samsung>
# name: rayl
# type: complex matrix
# rows: 2048
# columns: 1
 (0.056121510181487748,0.29573520175660239)
 (-0.24885751850067336,0.11438082018423654)
 (-0.50527326184021704,1.0193331215175407)
 (0.0613302648452074,0.16471356820826125)
 (0.77546301328757372,0.36180716600156176)
 (-1.8086190714462231,-0.9052251838726062)
 (-0.43272765705365973,1.2105001223252307)
 (0.41415783024085384,-1.0248940968293454)
 (0.38958422873432291,-0.0034690305322093466)
 (-0.70469716516962744,0.47646660167170246)
 (-0.083628813901177546,-1.0186570823030294)
 (0.16349734570374339,-0.45337497562543627)
 (0.85060100818212814,1.3079359183769212)
 (-0.96368413383496898,1.0042480100866293)
 (-0.88525997761581199,0.33107961346877862)
 (0.35977334384255,-0.080042662531654762)
 (-0.59405846436520893,0.43809557062764848)
 (-0.021227180682714467,-0.65024721067027635)
 (-0.19898325478179715,0.7237906866285001)
 (0.50042011274307319,-0.63212507956311215)
 (-1.0617429149780109,2.3534452233924563)
 (0.66254828461032256,-0.31871467011639132)
 (-0.42702885549294523,0.12561454008027917)
 (-0.16238594618547469,0.36219579479860414)
 (-0.32245387802545883,0.33523631737874288)
 (0.066299622861748814,-0.091646084074057041)
 (0.73582755037905612,0.44132331862526308)
 (-1.2753048243205505,-0.19694676340676717)
 (0.84355029963852479,-0.18299906675179126)
 (-0.73982425657558681,-0.46381763716218094)
 (-0.7289369463876626,0.66117453131673909)
 (1.0869977205428201,-0.31201113809718323)
 (-0.29856724424880016,0.0079864903049229694)
 (1.519691350953732,1.5552493798957319)
 (1.3605739170377422,0.57389926146620029)
 (0.43794135565940834,0.88769132395552719)
 (0.20490390690279245,0.34052038311177457)
 (0.24248735508555244,-0.1676993513239684)
 (0.44757609522985037,0.70970637793830382)
 (-0.58422801177065942,-0.24907935107762791)
 (0.071087023528137963,1.0082973739831496)
 (0.99870998061959204,-0.51581862699157532)
 (1.3800015436584452,-0.10069868519248698)
 (-1.0771080250864788,0.65571848613913353)
 (0.14522884400965833,0.26903525609759793)
 (0.75194928115070703,-1.4748701795569386)
 (-0.42398794763173775,-0.14402991138460117)
 (-0.01786460460642552,0.50947323852443116)
 (-0.14360585049880739,-0.34301032930390224)
 (-0.091786193224448129,-1.0895027940051736)
 (-0.38798890472454739,-0.40318646691614202)
 (-0.69271226448670253,0.15633007487707498)
 (-1.0717522007420242,0.02048894777674945)
 (-0.12589273683174884,-0.25474381719094541)
 (-0.13344192128761814,-0.34779762082657673)
 (0.40026868682697719,-1.6513676025015236)
 (0.37602525847021001,1.3370794145785931)
 (0.7966350207740982,0.74173859059184954)
 (0.1979828090364151,0.5478432057448438)
 (-0.10766569190698787,0.19652180604587025)
 (1.2300806343986113,-0.39694323876613696)
 (0.41491629390272727,0.3855445909248626)
 (1.3915582542584897,-0.59732354889284733)
 (-0.32902758262501253,-0.099843439567647185)
 (-0.76164343342500829,0.51733921970469188)
 (-0.72547986682396248,0.45800702281263583)
 (-0.14700018445027863,0.43883284769674796)
 (0.24650914307856076,-0.46980492173342731)
 (-0.67044202985807522,0.1506936455556204)
 (0.31434849014759719,-0.88367421123194445)
 (0.12589563884207508,0.80815294441183916)
 (0.86139603093622086,0.4396790046833905)
 (0.43628574626436578,-0.66003773391198706)
 (0.25674961629950083,-0.49416901430801163)
 (-0.37959805188214457,-0.31724735678424376)
 (-0.3253638530032486,0.0089556527533930664)
 (-0.11374935307365275,-0.92054426636685538)
 (-1.0586047785388841,1.5446277782211375)
 (0.44249142658630192,0.29040165959814923)
 (0.016378102164442888,0.16019764880433032)
 (-0.26535706586243396,0.28908330071967886)
 (0.4785765089420389,0.024139353742904133)
 (0.01526044176768554,-1.0782884117478244)
 (1.3089382076247624,0.27191593010688814)
 (0.1783926377354472,-0.048175917332332195)
 (0.7553579866768183,-1.735559828770719)
 (-1.6621675789175028,-0.75872829620212301)
 (-0.46293201041090098,0.022675390656975755)
 (0.2189535639101346,0.56523256040420711)
 (-0.7587604231527465,0.79238294211661331)
 (0.61247180907904653,-0.075842755386737251)
 (0.66309655415351454,-0.21744798515854641)
 (0.8483577339581938,-1.5733200405983581)
 (-0.18113429265972483,0.49552697436238657)
 (0.59356309391401763,0.72814394094275214)
 (-0.91210453634456323,-0.20037694509295506)
 (-0.57358948253278641,0.12292519367223248)
 (-0.38612440947935767,0.17762256012378838)
 (-1.499971005746344,0.33006492643852547)
 (0.18909875914446486,0.18475758452276703)
 (0.90476260851045331,1.4128176729773958)
 (-0.19723663499476027,0.13856813783905791)
 (0.020508774186343299,0.91163493284619623)
 (1.3868999760893417,0.52904083675680202)
 (0.47664653050427874,-0.55399311546539698)
 (1.0910245608678872,-0.8692485188545015)
 (1.1778071382357365,-0.56094041686794527)
 (0.13855465348480289,0.8893474355705141)
 (-0.0053432821881052549,0.12775561950560221)
 (-0.43122718988202718,0.22678999390777929)
 (0.11229881858150541,-0.47005877761449844)
 (-0.27554526852007366,0.53927905628320971)
 (0.71090243827770483,-0.91105304315790048)
 (0.00071856745644419313,0.66205214192806294)
 (0.94174198766817185,-0.054661487416119377)
 (-0.23485588648186517,-0.057120402866527246)
 (0.11357656578641011,-0.72600282906818181)
 (1.4231854613645116,0.8584338368537302)
 (0.97198696551252306,1.7715229438524633)
 (0.11752467537593936,-0.070788605141858377)
 (-0.9076815378374935,0.12378291433834866)
 (-0.40200385637858954,-0.66286503359151772)
 (0.91107288941605113,-0.50166448277284104)
 (-1.2817499799340837,0.73842121641762448)
 (0.25622895881116242,0.31561274169934667)
 (0.97625566534544095,-0.65795521482772357)
 (0.14484278349925114,0.037991265467924293)
 (-0.34339427226615177,0.79102657679240207)
 (0.86591177806354036,0.69392317803030412)
 (-2.4137156915022708,0.23286876046834126)
 (0.19702626931384659,0.074639950866636773)
 (-0.25874021960662463,-0.01750820126797676)
 (-1.1197556459065485,0.96316703518293767)
 (0.42515845574488798,1.3394243720069652)
 (0.79376632256311053,0.082245192902717382)
 (-0.58533726332306601,-0.23806068099897523)
 (-0.37378969175183974,-0.71953467377236224)
 (-1.0476252481839614,0.370685024099141)
 (-1.3656189844214044,-0.45001905759546329)
 (0.75635621973178169,0.50830133356595397)
 (-0.37775687652507933,-0.43668291584537955)
 (-0.18733928634839675,0.68463364098405965)
 (0.2414563199687256,-0.17442283996727131)
 (0.74516196623342501,0.22248112126723996)
 (-0.26808361271422487,0.16718486511929642)
 (1.1392566154535193,1.1581304247579007)
 (0.84713290268260888,1.1793559024263365)
 (0.26355525489057591,0.3718088374491258)
 (-0.97063048677577324,0.77384682963636786)
 (0.37738400365417857,1.0019058704097465)
 (0.45817786954579798,1.0809890300288321)
 (0.075528592411303885,0.58607292780166598)
 (0.13280470534744621,0.44405236833119915)
 (0.56626176419684471,-0.43312440456070456)
 (-0.31957399872888081,0.099498082284695852)
 (-0.20658282050082241,-0.46811440819727135)
 (1.0420094114973293,0.66365360880036117)
 (0.077868231114640599,-0.51433997639953222)
 (0.18102931246225154,-0.71154906785549987)
 (-0.24696921639768957,-0.44247248335113781)
 (0.37099000195559967,0.1718230092863885)
 (0.75100597597993257,0.11782379895836914)
 (0.14134626178444099,0.20416730325533855)
 (-0.49750450246382427,-0.34896640933832673)
 (-0.060959844958127389,0.24307455817552995)
 (-0.037594280643122722,1.2789205803312149)
 (0.41134426203706137,0.64314706141092481)
 (0.2733695747319636,-1.2152921573930289)
 (-0.083595104615344695,0.63313481501266633)
 (-1.0850776993880304,-1.261866685060367)
 (0.57458834736136644,0.35339050040383296)
 (-0.63666065089268442,0.010820141043457958)
 (0.86628628491909587,-0.20447978318792062)
 (-0.26852502858589961,-0.51483036296878637)
 (0.12972302301836808,1.674966535867481)
 (0.98629084761557384,-0.57318053558972959)
 (0.55065443152397009,0.6409222817782817)
 (-0.38954463772886588,-1.4725916920489925)
 (-0.96559129701647228,0.65632161339261375)
 (-0.75718902467486771,-0.39571280995679897)
