# Created by Octave 8.4.0, Thu Dec 11 09:47:20 2025 IST <gamana@Samsung>
# name: awgn20
# type: complex matrix
# rows: 2048
# columns: 1
 (-1.0356476518227398,-0.045109412450608427)
 (0.84237247400707382,-0.22615184013162826)
 (1.1039247750207153,-0.0020322729134558577)
 (-0.95574779009861199,-0.080398891147179963)
 (-0.97926210138599701,0.055501656094630286)
 (-1.1166995723057191,0.037402462923272477)
 (1.0396305393403529,0.0058279485999710289)
 (1.062983639568728,-0.053636159111096128)
 (-1.0517901221524326,0.017736874580040713)
 (1.0309271482508415,-0.093973301030539247)
 (1.0547047709489279,-0.016877490250406049)
 (1.0328574950020455,0.044394542612773896)
 (-0.9759642374305304,0.10374137198326061)
 (-1.0219492524693394,-0.031236932939550207)
 (0.97671631684221005,0.13436349088701935)
 (0.99074740659615113,0.041793656266838779)
 (-0.99054916067756915,-0.01522833065533012)
 (-0.84648330430784713,-0.046320654259300695)
 (0.99904322224329822,0.060127050784121963)
 (1.2258770590449974,0.014054219507106237)
 (1.1522047192147031,-0.095522970701595322)
 (-1.044450031842395,0.00044834818204556232)
 (1.0013507293266373,-0.13836188714471959)
 (1.0761982192579476,0.044387109397822914)
 (-1.0100043079628713,-0.037053139397508206)
 (-1.0535716928370844,-0.072070117015765128)
 (1.0445072836333389,-0.12400770807143664)
 (-1.037010374417082,0.047862849410613029)
 (-0.94948060559093239,0.031482008731461182)
 (-1.0822798742284223,0.10210864990362534)
 (0.93580446658017569,-0.067487856533936283)
 (0.99376402473229986,-0.025904767322364082)
 (-0.962957624516113,-0.088490574476716821)
 (-0.90953981256125993,0.041199679576017841)
 (-1.0972851861220807,-0.13828101790123759)
 (-1.0285418779818012,0.035363455300867805)
 (-1.1834878591695968,-0.023458039910326758)
 (1.0838751274543714,0.091389448545788107)
 (-0.95922950232714643,-0.070547310499369895)
 (-1.0845069545926431,0.099591188055388344)
 (0.99476030857593845,-0.037695920216824753)
 (0.96586883402834367,-0.017731474039191297)
 (-1.0393788448850461,-0.020604981579289972)
 (1.0393728528661434,-0.061169653702817933)
 (1.0329647328989711,-0.12455495480754425)
 (-0.98125767716531054,0.010241578196662243)
 (-1.0616356693229192,-0.067530629903426953)
 (1.0713493499912761,-0.052504010492623043)
 (-1.0562581584846278,-0.0093882643723489541)
 (1.0349639027145532,0.10571380418330101)
 (1.0228864423134678,-0.055390896124268466)
 (0.9702536809592831,-0.011221314184362029)
 (-1.1339900748559792,0.016302692345534209)
 (0.91219792167628344,0.029292586800196536)
 (-1.0035919692056747,0.076743042111998783)
 (0.95260665879035544,0.0037019252661357714)
 (-0.96030037001003221,0.014211897153955889)
 (-0.96218635630369298,-0.031822795269288398)
 (1.0025467024848236,0.0022226832131037335)
 (-0.98739973663687974,0.059325708038264494)
 (-0.99455827604402669,-0.061365629551900419)
 (1.03232241989117,0.027191717304602781)
 (1.0786581578700249,-0.012414123764074032)
 (0.97368840768777298,0.029832867903499895)
 (-0.98130163514700952,0.048663355295147766)
 (-0.98687152230546382,0.070006494274956241)
 (-0.85664051200199154,0.074678374088762794)
 (-1.0346845883461464,-0.085641031527104394)
 (1.187353196824767,0.013343131200433372)
 (-0.94742647389469015,0.15769435987056657)
 (-0.92920350750732217,0.027378909071057157)
 (1.0563170823039711,0.012880321036495819)
 (-0.88316073029509035,0.038474911339673006)
 (1.0451626195296646,0.12976918597869982)
 (0.99922269801044472,0.1240166308686006)
 (-0.89151566114406866,0.15999367861458516)
 (1.082550539475627,-0.044960867787999501)
 (-1.1086682827670533,-0.063355745896287244)
 (-1.0118494019493147,-0.03344494451942838)
 (0.96702629651844052,-0.069571635691831418)
 (0.92490977416553011,-0.022706623035719312)
 (-0.9607175838201355,-0.16052131841408923)
 (1.0060703141541569,-0.019295055513602666)
 (-1.1151615829756449,-0.095049025588057501)
 (1.010645789026879,0.044793136088576248)
 (0.95096713189492876,0.11608560462355151)
 (1.1142908956465927,0.076608234372693554)
 (-1.1345551509847664,0.078416816360589947)
 (-1.0969701570144172,0.049741614456058444)
 (-1.0035879734499367,0.050349075968611184)
 (0.94285308621927688,0.063552062538273627)
 (1.0388013808016761,-0.068601964830596093)
 (-1.0563850936218295,-0.0062638649259033662)
 (0.97655235490963488,-0.068756344560381336)
 (0.93919710217578778,0.036295795168538515)
 (1.1253891371412084,0.021083011037257484)
 (-0.92106175588315797,0.026150724471261672)
 (-1.0725236887431968,-0.066327462676061655)
 (0.97510665809341257,-0.10310832687340415)
 (1.0381411072395765,0.031934394043770707)
 (-1.0487789494245727,0.146812814352687)
 (-1.1646758094547915,-0.10373525345181096)
 (1.0804704782590839,-0.016977394143788401)
 (0.91340330162265426,0.00047970143927892619)
 (0.96105045711330517,0.028778471467450328)
 (0.93252176763710182,0.047190205717697671)
 (-1.0196170053182076,0.048875998783790203)
 (-0.95462726335851666,0.038710495163451375)
 (-1.1110408818158826,-0.059153492395863629)
 (0.97852162080200444,0.035506957253300768)
 (1.0546880417852027,-0.015378223952547948)
 (0.95675074367319424,-0.073038830126946341)
 (0.89265478240604657,0.052595369943668285)
 (1.0626377160473806,-0.018987469588319275)
 (-1.022873942014183,0.00014889826488164012)
 (1.031203599684579,-0.075186308242292513)
 (1.0527574566079059,-0.027368096478608585)
 (-1.0202464375350762,0.048516142166589588)
 (-1.0932165978343011,0.014809736269401227)
 (-1.0290145988947106,0.11746777147582602)
 (0.9214830323164438,-0.058000743076764644)
 (1.1284535712448784,-0.010239973913658051)
 (-0.91073390794611986,0.20379847638712803)
 (1.015872304542571,-0.076932609526374165)
 (-0.91930676117651067,0.01379407329362534)
 (1.0917015328189206,-0.14331020401552907)
 (-1.1683375758611043,-0.09826316710039254)
 (1.0213566189945942,0.01000256107643206)
 (1.0262444686587737,0.0038948507770966896)
 (-1.1062563873016125,-0.033099848297170095)
 (-1.1325409217307418,-0.11282497848025795)
 (-0.82204990299696157,-0.046836434386451235)
 (-0.95751526100898021,-0.005508037698257009)
 (1.0005513318239663,-0.093094569056351065)
 (1.0324205586247004,-0.00089343456956128889)
 (-0.88781087064142972,-0.0031565618366482169)
 (1.0053798776003979,0.027591482376958409)
 (0.9204021181148293,0.090313022334092274)
 (-1.1101305209901418,0.027452788563358799)
 (1.0671706408683235,-0.12111116344564699)
 (-0.96526384557674882,0.14635288325855608)
 (1.0935675397708959,-0.082525718476803692)
 (-1.049928200588401,0.0040018378576952172)
 (-0.8597062506278077,-0.079399706569247219)
 (-1.0311337525597775,0.00099705924547737867)
 (1.0698695125419742,0.0062914599095129399)
 (-1.0257560309899836,0.091358207532727109)
 (-1.0055781631520075,-0.13884870147125075)
 (1.0499086510174427,0.035083489948399771)
 (1.0845448893664908,-0.022539839078259016)
 (0.9584521816676902,0.058765105970662417)
 (1.1463422483094114,0.0066033594784497707)
 (0.98627189972361218,0.049533278760322021)
 (-1.0275650729660428,0.070917496464471971)
 (1.0573171132974128,-0.1399749936213262)
 (-1.0463729818363789,0.026050831588652901)
 (1.0894468924234788,-0.12242103191807203)
 (1.0306835551033202,-0.13140079473364949)
 (-0.94268851531501385,-0.05374913813620813)
 (0.95576822660821725,0.083875961977159894)
 (-1.0138368159409696,0.0022738583143645328)
 (-1.0619588143914422,0.030698196928869655)
 (1.1445187264762775,-0.03445665111433243)
 (0.95712215282725166,0.012303148405995119)
 (-1.0170563939323334,-0.049593298067280973)
 (-1.0191984749219518,0.027318558199433626)
 (-0.95580928868218951,-0.045345561951486812)
 (-0.90872979684564537,0.035630915387307664)
 (-0.9707296749930463,-0.10612321312194604)
 (0.87848177199757216,-0.046715663308706717)
 (1.1075207143807826,-0.025148023494106948)
 (-0.97106619381788217,0.0051697406972844549)
 (0.94078016184749358,-0.058430203237781357)
 (0.96739571822671178,0.051301330703790365)
 (1.041946157988519,-0.15618236683164596)
 (1.0332298983113148,0.027841383218190935)
 (-1.0236843627156516,-0.026429790461442882)
 (1.0367989809393565,-0.021987821676108237)
