# Created by Octave 8.4.0, Thu Dec 11 09:47:21 2025 IST <gamana@Samsung>
# name: rician
# type: complex matrix
# rows: 2048
# columns: 1
 (1.0572139307763901,-0.060539211679788374)
 (-1.1882671397685018,-0.26966590804096413)
 (0.97678695033150287,-0.52345773485801561)
 (1.0208416865642813,0.35431937384951656)
 (-1.0725777649969024,-0.1987936237427641)
 (-1.5512661015411435,0.059452029067503707)
 (0.83491641866672794,0.33680941066002146)
 (1.0929130533296596,-0.14358182687143881)
 (-0.40095172691386449,0.1156607486536472)
 (0.72736943334659432,-0.077097118630234246)
 (1.107274820990324,-0.83561239301499335)
 (0.96307872251274007,-0.010198867512178631)
 (-0.56691273350396942,0.4663810571520744)
 (0.85973709541617793,-0.022617032410817837)
 (0.52435993318005969,-0.55147853918462519)
 (0.81915405346793979,-0.55681034295069454)
 (0.78349246731756361,0.26962354636783797)
 (0.60073315439140784,-0.28186403340002586)
 (0.35076561394491945,0.010980694124213864)
 (-0.54450185670518425,0.30895945312914824)
 (-0.79363386067117692,0.26593810537227031)
 (0.99846538356286307,0.25787452786646115)
 (0.84916068937819011,-0.40154398300751737)
 (0.99605705399152922,0.12304767944296763)
 (1.6184595284111358,0.2572901272426103)
 (-1.0367733215246573,-0.24112226879896378)
 (-0.89235127045431017,0.11391052412766078)
 (-1.8617652049203826,0.037454272563260102)
 (0.46249872549851745,0.018702264009200189)
 (0.53023070278150275,0.030154781756347379)
 (-0.94290334455515645,-0.41360381401408275)
 (-0.96625263069820277,-0.51654341548241967)
 (1.3685778324563789,0.063203503462163801)
 (-1.3103820909085093,-0.83739002310369182)
 (0.64959729108461306,0.28371568989835122)
 (-0.7923286752214791,-0.07529868497513427)
 (-0.77232388736195079,0.27870990363002945)
 (1.0547202398498075,-0.251740055815731)
 (0.4032996160288212,0.26145184292662321)
 (1.1861383961612102,-0.0096648950269663195)
 (1.0904719010103634,0.034141893229853587)
 (-1.0762434614368095,0.012596583227489635)
 (0.16702064415357354,0.26955598507090389)
 (-0.63483642114003724,0.048365493618187871)
 (-0.32965378230005915,0.15817745683087275)
 (0.74545024366522583,-0.1795083176269269)
 (0.59464369161525943,0.071408349377983321)
 (0.48786547090445076,0.32200366735833857)
 (0.7077659882020092,0.67510304528303011)
 (-1.7182966311974091,-0.12926678907885747)
 (-0.99582174772328891,-0.22869650102539804)
 (0.81772294905064991,0.087405099049025589)
 (0.97623953210931047,0.12542954682934515)
 (0.30804170037086209,0.19238893525340334)
 (1.2062008710901075,0.0737677325395623)
 (-0.75234001519200056,-0.071978032294720148)
 (-1.1374225578933668,0.023676099628903838)
 (-0.35936149838739606,-0.13593976950793843)
 (-1.0393375478918818,0.50004692527873185)
 (0.47670884531769014,-0.78641107800043253)
 (-0.83069751740831976,-0.65281835957967016)
 (-0.9176929778445494,0.2968438022762801)
 (-0.5818166518307365,0.1238174143077071)
 (0.89729576417496471,0.28811447169594878)
 (0.76295971858057854,0.51327908870016137)
 (0.37514975284287488,-0.19015733911490418)
 (1.5369080445456116,0.43610934108394089)
 (-0.91684278148375276,-0.24918658960784584)
 (1.0397206672585149,0.40990559816949829)
 (-1.0589706644877259,0.053742077592188006)
 (-1.1317870195417767,0.24105487378379287)
 (-0.95394078171167995,0.0026112726572986842)
 (-1.1264594251823148,0.52007708259433316)
 (1.031197382507991,-0.13649043143104483)
 (1.0109402811175572,0.17089832031569591)
 (-1.2065454527986532,0.36652038800208842)
 (-0.31005308831858502,0.086314782527048939)
 (0.68430010370756289,-0.76162015289985729)
 (-0.86651514117216644,0.15427884312185622)
 (1.0665250346059083,-0.18526097571280842)
 (-1.2101748385233666,-0.17893562708533972)
 (0.74897673296194378,-0.13104727944258263)
 (0.90613358042671022,-0.14923965898620453)
 (0.9606494678408436,-0.47686352772332125)
 (-0.62082374262328788,0.32258529072473796)
 (0.88752406627652047,0.55037958063074288)
 (-0.28850556483930367,-0.47035823660711906)
 (-1.0351155300620469,-0.18314077070792378)
 (-1.3460288581479525,0.20179102210021452)
 (0.99501515898540649,0.27248933887722954)
 (0.31047347205240938,-0.15326425589704298)
 (-1.5143309315908753,-0.1429811606718342)
 (-0.60050161530118307,0.10557107847110966)
 (-1.4532006861470059,0.19826816627549457)
 (-0.63469889356417064,-0.38121336132888956)
 (-0.61855381459215686,-0.040570566652902686)
 (0.5167776169167102,0.36904586869054401)
 (0.95665408368691673,0.34747104221589831)
 (-1.3233155422666134,-0.72186829168809152)
 (0.64437690780336609,0.45506881061033833)
 (0.9642672909591502,0.49992570513072188)
 (-1.2203627686993852,-0.45272598472308512)
 (0.82522551107110942,-0.18260335965859978)
 (1.6354787268398341,-0.10794466543817373)
 (0.081029546623827775,-0.29346629859162465)
 (0.89953580424574453,0.24847334023063719)
 (-0.99152950860615841,-0.35026310742647354)
 (-1.1284126705175537,-0.063238925685517602)
 (-0.66846105607530071,-0.089659612674740971)
 (-0.08214681662777612,0.32222490080520588)
 (0.19699721468119169,-0.16614198331334881)
 (-1.3653693836868024,0.084149878072256226)
 (-0.99487349369722977,-0.23635888148308823)
 (-0.86810357114643411,0.030023271637602534)
 (0.47019739469457417,0.52593978874137914)
 (1.0763055725161919,0.12568799881972947)
 (0.72707797866409307,0.23361850834402123)
 (-0.85742807880715033,-0.37086371751768671)
 (-1.000596964647769,0.19532050693180847)
 (1.0435158125904973,-0.062589091395361438)
 (0.36093178036304918,0.18678733084174942)
 (1.4682338470820648,0.36363708338148526)
 (-0.69226748902404922,0.05808322812026516)
 (1.1691252229704676,0.15183485871889055)
 (-0.37579647355062806,-0.026706471731930938)
 (-1.1470350335959263,0.30904399855289993)
 (0.34295358519344887,0.42824790234906895)
 (1.570331734234552,-0.0086612697779766979)
 (-1.1201627734423734,-0.29590693629516512)
 (-0.76323448753002499,0.086219359859498412)
 (-0.52760721728027771,0.055591213946774798)
 (0.18667904079568354,0.041585043774537853)
 (1.5370119591251825,0.49817344940798769)
 (1.301788894668483,-0.12139510761711382)
 (-1.1276556325231004,-0.3828693170999638)
 (-0.66692974407087535,0.10526913387103862)
 (0.73055250440475428,-0.43071768265864241)
 (1.060635725735745,0.11807108512705705)
 (1.1357810045485073,0.25018796250740566)
 (-1.0029992928400775,0.079730264626801772)
 (0.6224529573861155,0.44294493583658079)
 (0.88279160569360415,-0.11238933773435388)
 (0.393788793483421,0.14552352174226785)
 (-0.80279081902674987,0.11924949514898707)
 (-0.66782534489926582,0.069735956282215267)
 (1.2370645633284532,-0.0487414980679228)
 (-0.80267340112425511,0.38580383052486755)
 (0.96714054172453112,-0.17156522203475577)
 (-1.5748846643484722,-0.31776142852198269)
 (-0.36082476243194272,-0.30683166243525373)
 (-1.2913608682388698,0.16465927629496999)
 (1.3765036792483003,0.21761976122054316)
 (-0.74342343014074552,-0.11717320572108893)
 (-1.021255321032482,-0.27586374388766138)
 (-0.81061109434698042,0.24056760352911724)
 (1.4849076700839556,-0.081391452868687666)
 (-0.69412912546918171,-0.7111677335561436)
 (0.72923448252882606,0.1577083329286266)
 (1.2326147727911079,-0.31699620696021541)
 (0.83283865539973378,-0.45432757071691532)
 (0.92160151282528113,0.066835385446532503)
 (-0.49742691912434006,0.10916023312303494)
 (-1.2607891952585448,-0.033659071182256563)
 (0.59019568169224823,-0.10101088438861106)
 (0.48456139577139945,0.024762159724543233)
 (-1.0056104468444835,0.48155885040338886)
 (-0.44515657522470181,-0.57311651649725015)
 (-0.97123616958063352,0.30024806115606201)
 (1.4828367607140518,-0.0038246913617837309)
 (-0.60218341480279669,-0.16611624707598185)
 (-1.3602337487205751,-0.60791768806950097)
 (-0.69259327701212747,-0.62031355146419698)
 (-0.94806366547059651,-0.090392780886746529)
 (-0.88317662172674749,0.0033881105030852906)
 (-0.69752577812081262,-0.49819323246246122)
 (-0.60624586523631885,-0.54715594245065813)
 (0.71763081341348112,-0.55248142096785469)
 (-1.3623752818359534,-0.37280437843589315)
 (-0.42397012190425448,-0.17506870758133039)
 (0.57705087081933326,-0.65731842032682086)
