# Created by Octave 8.4.0, Thu Dec 11 09:47:20 2025 IST <gamana@Samsung>
# name: rician
# type: complex matrix
# rows: 2048
# columns: 1
 (-0.66481357974688782,0.072375034911378561)
 (-0.65257369149679589,-0.15246926322246801)
 (0.1459201591132443,-0.15149038019980945)
 (-0.85633375775458365,0.42676029075655864)
 (-0.78877089974806469,-0.13518431970757885)
 (-1.0106288338997989,0.2572897052121621)
 (-0.48860223970785305,0.36797229871081366)
 (0.34423043610898674,-0.29334960275136285)
 (-0.86983006051893597,0.16405281347665404)
 (-1.2467707959651235,-0.25419385275296191)
 (1.1683267941017057,-0.056988949771974634)
 (0.84219665730020032,0.098952095549001251)
 (-0.87583434348566558,0.15708401548271342)
 (-0.89534152061110084,0.0066584179154030431)
 (0.74768150346033824,-0.21090909161885885)
 (1.2013795721115357,0.28224951106625645)
 (-0.0035270090873102955,-0.8143153945606596)
 (0.50065855545082005,-0.21164735012503549)
 (0.6067188595730173,-0.41797330746242956)
 (0.8221871487981991,0.00396516721242254)
 (0.8506093835531352,-0.14585338768809294)
 (0.51386595640040467,-0.18072448371160774)
 (-0.95099880169987439,0.081206777136649325)
 (1.3211249021220119,-0.22166776677888947)
 (1.1121130066894902,0.027665960134997128)
 (-1.2559609253130382,0.55936527015296555)
 (-1.1275124392530951,0.2317077522965082)
 (0.59406483911411034,-0.9661923276296579)
 (1.207418479408124,-0.11561521998999487)
 (0.54970000456771861,0.46837367326645335)
 (-0.45131097503455053,0.54862349152094936)
 (-0.80365792032957462,0.1437510340255809)
 (-0.74621502788355432,0.40727683508089368)
 (-1.3929373797155098,-0.36521769206289317)
 (-0.52033004951393291,0.43817066031553586)
 (1.3364733523647268,-0.45549337951088958)
 (0.41523082837626363,-0.55942235934661266)
 (-0.88922257384549608,-0.66073859021409864)
 (0.83725864693936314,-0.45851938556432276)
 (0.82083842534743234,0.23003399473482633)
 (-0.72834829772262744,0.36115658909849691)
 (0.093224697010922841,-0.092734235590420044)
 (0.19264242140954202,-0.21308314981123203)
 (0.56536095004094056,-0.38767353659255416)
 (-1.1812665931250408,-0.50749083539757045)
 (0.6754964864665558,-0.56359865039511281)
 (1.0770732627430537,-0.077978469369769238)
 (0.84832201310716193,-0.083973489053164221)
 (-1.2983304717712829,-0.012223909760952703)
 (0.93218709267224675,0.092878384253963983)
 (1.2180301654361227,-0.18163683055645588)
 (0.33473381945422442,0.4487135065991783)
 (0.93867854421174213,-0.64576339618582679)
 (-0.54856467347676485,0.29301933746640196)
 (-0.17705467549594767,0.18812620191592008)
 (-0.71378969841229412,0.6012084003221414)
 (1.3084109187271671,-0.17256156291045446)
 (-1.3893189844984128,-0.146717224075956)
 (-1.2195724459412629,-0.010553308009660062)
 (-0.30948307373421524,0.11135656702493205)
 (0.43013852148589782,-0.45951367599181642)
 (-0.42116790310527941,-0.23495753381859055)
 (1.3873642201199314,0.66989916126774551)
 (0.50023876534414935,-0.1270918880048432)
 (-1.2859987657994101,0.21302966445182323)
 (1.1893090000371538,-0.21051361662087134)
 (-0.17215749156562732,0.39089878915050186)
 (0.71074135387020587,-0.075448210430562684)
 (-0.56228325319858308,0.70645543108424991)
 (-0.62125967413093897,0.3497130094802981)
 (-1.2876905170682342,0.21910684094679411)
 (0.64601779024109807,-0.10636219229706559)
 (0.29618061816406283,0.00028867595864407933)
 (0.9653692779507177,-0.39515366723211914)
 (-0.39518641690364475,0.17721605464442663)
 (-0.68474039597592751,0.1151869518714356)
 (-1.3616364372570033,0.12727701928577581)
 (-0.55768988193639668,0.14333389566379853)
 (-0.96972583487405095,0.3893352947904779)
 (0.11088779057833709,0.33634261803155019)
 (-0.82323631076963488,0.19332129412235771)
 (-1.2487903481454503,0.28424423475601229)
 (-1.0925331598879966,-0.1332217902694654)
 (-0.27598869324364628,-0.59721444674279445)
 (-1.0330408991976285,-0.10310596828254343)
 (1.0332225627154326,0.21981188056922046)
 (0.079689362304203204,-0.74148802077968923)
 (1.0190358499442675,0.20472152093039359)
 (0.66680054891447416,0.32637540643919161)
 (-1.3931514951264323,0.19336822397949191)
 (1.0007165910154197,-0.061278736890424693)
 (0.95471584337549342,0.10072154912573947)
 (-1.0037660327120705,-0.11231639829509331)
 (-0.85809482411343807,-0.30600446980584733)
 (1.1446251210300686,0.53552994670483334)
 (-1.4307434013144789,-0.02925742221277287)
 (0.91143905620314758,-0.92884819501687121)
 (-0.76758318626704991,0.43028888611443433)
 (0.61153454325211609,0.38783661133346126)
 (1.2288380725406016,0.37133373709596784)
 (0.96333412042929756,-0.080267427104462954)
 (1.2318139929220788,0.60872361358653115)
 (-1.3989271472856195,-0.66607469652330309)
 (-0.43792132039768278,0.020146754122234729)
 (1.3915215396721949,-0.04349961436844705)
 (-1.1314650298599012,-1.0011365683757476)
 (-1.1069923110088928,0.72288426524290816)
 (-0.68455544198049234,-0.21245898413515604)
 (1.1013142780293845,-0.17835225331600799)
 (-1.4910177816575678,-0.32764265816640137)
 (1.1171080090841867,0.050784402143971299)
 (0.75493887688786832,0.43151520242963809)
 (1.251378520964658,0.23159418638709958)
 (-1.0442408587330005,0.43854699839266242)
 (1.5296158299452447,0.50360657256445618)
 (-0.37971887348698963,0.092221176526309331)
 (-0.43767662345767072,0.19238232394087759)
 (-0.85412407864990936,0.25429577268449316)
 (0.71679130827668358,-0.18603970709873213)
 (0.73853066016273239,0.21406555845585803)
 (-0.50088770839755181,-0.4009331222344979)
 (-1.3641738433005994,-0.33935128441381596)
 (0.4564235747390854,0.43278655932154025)
 (0.86399983928569013,-0.15043145099080651)
 (-1.2968841587411277,0.13245503257299754)
 (0.80679918119617844,0.1094044705530761)
 (-0.96668765781101229,0.10103663554420947)
 (0.7973605648060148,0.095771500206972379)
 (-1.3138641110080282,0.36184673087131725)
 (-0.88089861801314617,-0.22093421908382094)
 (0.48531484747293813,0.088715606801141614)
 (-1.2687942748541901,-0.17023531458413058)
 (0.84048128062973615,-0.22928058253462402)
 (0.8013827354744979,-0.41338999992552389)
 (-0.93210319559217325,0.39077245656909099)
 (1.2576700371832386,-0.2929870924486937)
 (0.91523848434243404,0.14848959409625501)
 (-0.30333762230027572,-0.35830861054070068)
 (-0.5345735874884614,0.29015290199649546)
 (-0.4300335497599006,0.30057604058793164)
 (-0.79528072431631369,0.10933360459077354)
 (1.1195831148413888,-0.30680588333979414)
 (0.83381169475979766,-0.16044080010430695)
 (-1.3771413420832619,-0.035770082562336165)
 (-0.61768613524141691,0.010289578416465977)
 (1.0907971708764448,-0.96598471067168068)
 (-0.38062044746063295,-0.28064762328624721)
 (0.950833293511677,-0.03200277551130698)
 (-1.1825951537899693,0.48917040256073713)
 (0.89398747297826997,-0.67810468140984437)
 (0.54033834455920027,0.26817306162824756)
 (0.64474400172542312,-0.21222703076600785)
 (-0.6853876802395199,0.42586263661547136)
 (-1.2463009649211989,-0.022177722214731476)
 (-1.2839820394490524,-0.053866464845214464)
 (1.2299923714620746,-0.19167605997171575)
 (1.9634378617615289,0.33703014870374159)
 (0.69742236792758738,0.063950764360124882)
 (1.0953104326645415,-0.56635281587716535)
 (-0.29091097626187856,-0.070684789023225711)
 (-1.3458365602725795,-0.21716517627544288)
 (-0.9258351079999585,0.26341246554416758)
 (-0.19137256500069766,0.39235257389452743)
 (1.0064281147462271,-0.19160371995252573)
 (-0.85877188113480496,0.45111634445865062)
 (-0.88931569230017393,0.22580951448267961)
 (-0.69265185444070509,0.016527520240367563)
 (-0.92733983498598549,0.11523229033045347)
 (-1.2225997136275077,-0.66172143187496202)
 (1.2584374380697767,-0.26625835950767751)
 (0.80999429337312057,0.21449555336625659)
 (1.2793145486148538,-0.3930274424816092)
 (-1.245654303857332,-0.045817672782675296)
 (-1.1115193896896183,-0.30875034888444602)
 (-0.65648939489308811,-0.3086874245925354)
 (-0.83461270105695262,-0.44170541733885899)
 (0.93600780416235208,-0.42502469998648756)
 (-0.66302841556055669,-0.24807607162689205)
 (1.1510380907085158,-0.013544735730044328)
 (0.78619969213431007,0.49473145605140656)
