# Created by Octave 8.4.0, Thu Dec 11 09:47:21 2025 IST <gamana@Samsung>
# name: awgn20
# type: complex matrix
# rows: 2048
# columns: 1
 (-0.98113486165516917,-0.0028510196317926392)
 (1.0069517594568087,-0.017287608166682272)
 (-0.96866222275004965,-0.046549291844757423)
 (-1.0434433260852314,0.044623256462024675)
 (-1.0048120940631375,0.086786414619558883)
 (-0.961479736985276,0.026305585852150912)
 (-1.004499917608199,-0.040677033523389437)
 (0.8096055198219001,0.0023649459873599072)
 (1.1027205284500292,0.14526460681601189)
 (-0.90501324777897185,-0.02797513627355018)
 (-0.95807515227988194,0.035209340398932948)
 (-1.002012783473444,-0.14942241274594639)
 (-1.0480095613308869,-0.11171996109671985)
 (-0.88733928113197058,-0.016739650127796116)
 (0.97166773709438248,-0.042037419050827064)
 (-0.90748614840817898,-0.0075299762432310697)
 (0.965533166022159,-0.1204729849882354)
 (-0.97223370524343145,0.073653561456342359)
 (1.0099093659415981,0.049261139338839181)
 (0.97003897705503361,-0.024028957073549559)
 (1.0570145230075747,-0.2091633506266129)
 (-1.103755599044288,0.077648067559341505)
 (-0.96523521019483582,0.028417521538495461)
 (-1.0041299429537052,0.056573881577798191)
 (0.92838911063607821,0.082482209424562691)
 (1.1002299714551131,0.054316225429368564)
 (1.0285546829594892,0.059915121753606582)
 (1.0647362840856742,0.016893538699132415)
 (-1.047491600091512,0.12728821774440427)
 (1.0694798748593408,-0.034002204764309617)
 (-1.042614213714004,0.056842345638595831)
 (1.158355855124962,-0.046002989267527841)
 (1.058042623984808,-0.018123487798259171)
 (-0.97909760677313817,-0.085683530968319405)
 (-0.89127262234124294,0.069884705979555373)
 (0.91801084835100077,0.035395808646771248)
 (-1.0939478453767861,0.079127839169438066)
 (1.0199701889461665,-0.070800076017084476)
 (-0.90858357424658365,0.018161823189795378)
 (0.96786536757623598,-0.018166388953999468)
 (0.88827314584108785,-0.026510410719923685)
 (1.1156296142572018,-0.078204462481311021)
 (0.96754479718785968,0.029242618592768846)
 (0.99000972270642007,-0.015700501678181027)
 (-0.98787568969034878,-0.01161836267397285)
 (1.0624339092254744,0.080731984815717542)
 (-0.95040181116406541,0.028303168144168223)
 (1.0809584983506402,-0.017159309383897672)
 (-1.0552432627953547,0.021871759591519855)
 (1.0845988355213025,-0.020706031835134506)
 (0.98082094534335318,0.0099241273856395459)
 (-0.96451994963942134,0.033480563469653189)
 (1.1558766514446679,-0.045523439381048615)
 (1.0179762737120486,0.0015991221029114393)
 (1.0390034134376778,-0.015841913965490322)
 (-1.0037954945860645,0.089214995389147581)
 (-1.0655644531572999,0.047259420071540298)
 (0.96456358193967029,0.037352437321457405)
 (1.0532070194052832,-0.053659654732866019)
 (-1.0689339415236565,-0.029118792406986116)
 (1.0530157485511953,-0.12548002930604135)
 (-1.0388100518564609,-0.015164795876002527)
 (-0.94628354147566063,0.0052755681469826687)
 (-1.0425875706340699,-0.014227458097002599)
 (0.90154925172336742,0.015905088340654516)
 (0.95116992686417057,0.037541365529444322)
 (0.97607051625234609,-0.080799454637138557)
 (-0.97413297632593354,-0.039842817642244857)
 (0.92974171414013651,0.049641707562854909)
 (-1.0120184712406628,0.053785308507223531)
 (0.86675537591148444,-0.22333092785553788)
 (0.96815544846682888,0.026793315491600966)
 (0.98982580305378831,0.11288667083461051)
 (0.99252557171817224,-0.091811413040899223)
 (-1.1211313186636751,-0.036507587975208408)
 (0.95501436188534339,-0.070664946644068125)
 (-0.94215525002086042,0.024903283343033392)
 (0.96270607891353333,0.02714382907964831)
 (0.97039900289288039,0.074577790516863404)
 (1.0023200792112843,0.0054179830584890273)
 (-0.9481652730277883,0.010263613786776867)
 (1.0538745929721092,0.037047152499688416)
 (-0.96004620407296193,-0.017265948482592542)
 (0.94938484195169071,-0.0019528560693330252)
 (-1.1238529305775695,0.038252235963183008)
 (-0.79878609564822634,-0.063208570624740737)
 (1.0296337585832445,-0.049160882298638589)
 (1.0502756436044132,-0.061901418394586884)
 (0.92810573212136971,-0.055301769608873508)
 (-0.95494395345519401,-0.0087658616237038661)
 (1.072881931178677,-0.14414780363184851)
 (-1.0996462084533438,-0.037216039653305187)
 (-0.95768079212137858,-0.070649714068173622)
 (1.1029165834152077,0.042615259664203348)
 (0.96239732732656491,0.0034546631862409356)
 (1.0078447167137448,0.04135046578870924)
 (1.1437610057111121,0.080729617277869162)
 (-1.1715233629397208,0.07491391503758503)
 (1.0675746533525983,-0.053877445157627948)
 (1.0687907159665997,-0.023610227166204523)
 (-0.9131607818965759,-0.14811075634125345)
 (1.0218420072685306,0.001926258117527593)
 (-1.0136057124368527,-0.023319348631666872)
 (1.0436521518990809,0.023898143603257576)
 (1.0092862796783939,-0.12505679046183535)
 (-1.0030498649805795,0.064906330596412307)
 (1.0260735161401588,0.0957774060398906)
 (-0.89057561177411848,-0.018599079174565891)
 (-0.95991284344295413,0.055633929788567127)
 (-0.954943900866152,0.08084282313097077)
 (-0.99481657843653426,0.076563257385759351)
 (-1.0065433536599135,-0.0050185919178675278)
 (-0.93627156661219657,0.10788226775604917)
 (-0.91669146606435392,-0.1757779191944272)
 (-0.86845206897434346,0.03457737677268808)
 (-1.0336415048192349,-0.035944290670449422)
 (1.0453852428583073,0.11072016942451475)
 (0.92221318494889282,0.0099455955586661704)
 (1.0409227053133676,-0.061423084575850641)
 (1.0973100487712966,0.0023871250755483232)
 (0.93298393076837594,-0.018682853480108223)
 (-0.98805224284676929,-0.075881438852174882)
 (-0.95594151057733501,-0.07352220223822846)
 (0.85694521372663335,-0.119285584495872)
 (-0.98553070757016192,-0.04158014211289205)
 (-0.95271735285292125,-0.0017585977445572843)
 (0.97382232613418573,-0.091237153730948761)
 (-1.0582705919044044,-0.042854038672920258)
 (0.96547049699214138,0.0090603915523873192)
 (0.93575601825859234,0.049995440109179778)
 (1.0444326051866319,-0.060255718098349224)
 (1.0059880759636761,0.013294943871916751)
 (-0.789774993652408,-0.033379584223978347)
 (-1.0556687514439254,-0.019781345820545269)
 (-1.1101142123361014,-0.1270180361564584)
 (-0.95748637698689887,0.074606496649478868)
 (1.0548875616356745,0.072538763851774532)
 (0.95176738196509991,0.011666280690299471)
 (1.0725485117976441,0.089944359032763127)
 (-0.97166303251399244,-0.0044526862877133254)
 (-0.90374213594178743,0.016544937610217084)
 (-0.96437863654549838,0.12841092650660899)
 (-0.87101777540070191,0.051508570177652292)
 (-1.0441923078853921,-0.034825814554284844)
 (-0.9475595411169897,-0.010498187175100773)
 (-1.0445138684076001,-0.014600746659124761)
 (-0.90425697850004194,-0.053460616045124192)
 (1.0197343166798027,-0.13735562121652103)
 (1.0548631519213842,0.024420107624275475)
 (1.0607974605649926,0.092871486806726578)
 (-1.0303952069265117,-0.07694655084182396)
 (1.1099989771729204,0.0031739551232026347)
 (0.94334489430501656,-0.067618905395729012)
 (0.97253231969370502,0.0019953947684517377)
 (1.0632814564834003,-0.01490423343693207)
 (1.0224553090719199,0.030805952709930529)
 (0.94175636592060918,-0.14870340040536953)
 (0.87766846286599609,0.017587343840043592)
 (-0.97382013353082186,-0.015861185097601566)
 (1.1430231217461602,-0.1034050152867293)
 (0.95890046086429326,0.024083097121508669)
 (-0.94320094095756601,0.027322270329651288)
 (-0.89126129251442421,0.047137931271677001)
 (0.94426017435455323,-0.038790701790053596)
 (0.98767232250777492,-0.058248931630846323)
 (-1.0521387468437884,-0.013517444909210266)
 (0.87015830638032698,-0.11318544964784126)
 (-1.0125624597832792,-0.061510278050915412)
 (0.96191601605770605,0.17047354789929939)
 (-1.0006942015353633,-0.0054269365760651811)
 (0.87920539809953568,-0.022530919269261616)
 (-1.034981682101719,0.037961107204290911)
 (0.98235486290735308,-0.024332836569467681)
 (-0.96103347932449146,-0.027852100742707161)
 (1.0611837181371333,-0.068774576236546342)
 (0.95962373424878822,-0.018723512100883986)
 (-1.0363642576664478,-0.042861684701020406)
