# Created by Octave 8.4.0, Thu Dec 11 09:47:20 2025 IST <gamana@Samsung>
# name: rayl
# type: complex matrix
# rows: 2048
# columns: 1
 (0.41810409018898814,0.44474027151151224)
 (-0.68750446320460046,-0.38299794836074846)
 (-0.55597622774324551,-0.93738294188275328)
 (-0.7633034861212209,-0.91337844248258659)
 (0.53009706401207712,0.68768120740372152)
 (-0.62502562699668662,-0.98041090126386532)
 (-0.049179361975470716,2.0699604579391875)
 (-0.14656383656708374,0.86739242083722579)
 (-0.50450113411049646,-1.1693404977974036)
 (-0.13944584259406437,-0.43288742818706244)
 (-0.86225352529346211,2.3205872112557411)
 (-0.8107555058204633,0.34305688148621494)
 (-1.060250720417955,0.27355642032576893)
 (0.29779196450536383,-0.12967811730830067)
 (0.067401651476337393,0.85417592898527994)
 (-0.72305779664446279,0.19752756725297807)
 (1.0850207552923232,0.77109472058506578)
 (-0.95992798781888633,-0.012943385270740482)
 (-0.16083678850352817,-0.024885816248897637)
 (0.42321170227694399,-1.0053451374357683)
 (-1.4514174384767029,0.8649213317003418)
 (0.021220383372872735,0.62419965612373662)
 (0.022591232973132667,0.28077068752100304)
 (-0.52409108340259314,0.81895056800378441)
 (0.82212244681442725,-0.23702666717303111)
 (0.57907543583739751,0.52895790521637087)
 (0.50022227776060479,-0.38210511199873248)
 (0.096623960753607199,0.75077916201073425)
 (0.81054569249690711,2.00218438568377)
 (0.12387868803390302,-0.99751316373978804)
 (1.6043546279442868,-0.32383756848615552)
 (1.2332461026709398,-0.42422155326729227)
 (-0.62805291312898115,0.24966778438264747)
 (-0.16291934781352488,0.39253256699388589)
 (0.0016706190623852282,-0.012097953239756714)
 (-0.28149155557160782,0.39494679730438842)
 (0.70990772851309891,0.45103027308548355)
 (-0.085806094000300828,0.72707339509611646)
 (-0.18447424905763576,-0.23589428701027623)
 (0.1132041456299189,-0.0089953781974673342)
 (0.24587571271514205,0.88540065739759133)
 (-0.58231618494017978,1.0077435499492102)
 (-0.5544920427944634,0.14355436603908525)
 (-0.62299534276328516,0.4585833136058865)
 (0.25704140596519992,0.27122228927904352)
 (0.395547581876317,0.71878452680270555)
 (0.4169652290626098,-0.49731608354554013)
 (-0.42060278085482689,-0.39050168557441528)
 (-1.1684417310001403,-0.10777985395901415)
 (0.045879784586820384,-0.74800861277794317)
 (0.10464763522920092,0.49469220363938798)
 (-0.52002990886547373,-0.12745273940400023)
 (0.36933762183072066,0.15680602957560089)
 (-1.1724182397195977,-0.37574083593598706)
 (-0.23101724578562835,0.40705747247206786)
 (-0.27357037313943816,-0.66906749461628179)
 (-0.33588297977678555,-0.41640228082735903)
 (0.38996701734304151,0.74857684267751601)
 (-0.66895509109391316,-1.2571339000064783)
 (-0.3674284476638337,0.82662648890430546)
 (-0.19247620162051549,-0.60614212801775447)
 (-0.055069121812971002,0.067841459319040232)
 (-0.098576075364120788,0.64598053740722305)
 (-1.2833704988281966,0.88512640869021897)
 (-0.59520029014073084,-0.49101287929053461)
 (0.81658486673302699,1.0788350205650332)
 (0.014317936733449799,0.37935073067483177)
 (-1.3609723068588211,0.37983398178628341)
 (-0.53094297842967597,-0.39959403227038509)
 (-0.4669801259214692,0.28422903102213021)
 (0.54788695422911771,-0.45075430771291047)
 (0.027728595567676453,-0.89283873965597327)
 (-1.2022800268948082,0.88293379857524168)
 (0.38387043056122927,-0.26094633335902245)
 (1.2355072626470138,-0.42528566520088262)
 (1.2206595430817586,-0.88356983865767058)
 (0.40006157112740331,-0.83813399043210568)
 (-1.0230989245890025,-0.65115125969125998)
 (1.0559453732709587,-0.2168872276885721)
 (0.34617134629147617,-0.2070245095743648)
 (0.19906082945031248,-1.1532385666972798)
 (0.80741780724110779,0.60815208565524548)
 (1.4140308697159281,-0.87570906170355867)
 (-0.61902972404001688,0.32223902651739073)
 (-0.32313023071756442,0.64873469098949454)
 (-0.53044249596073212,-0.37667270158023752)
 (-0.25953985173436644,-0.16169461952193651)
 (0.28299466463578532,-0.69207093975078893)
 (-0.56365874660696014,0.61895663436419346)
 (-0.79296182559070627,-0.64727647812173239)
 (-0.33000194397660165,-0.63448409436133346)
 (1.2063324852051707,0.72524183372771078)
 (1.3286888353660009,-0.87945890290179218)
 (1.3415481486161032,-0.70239680594371323)
 (0.038650993494221714,0.58363731869437463)
 (-0.20461854894664047,-0.54815721498361625)
 (1.8344637763568896,-1.1392614293860541)
 (0.51346693649785968,-0.74958106655168089)
 (-0.18802545587529484,-0.21113534654056143)
 (0.41778808264254591,-1.0099970217923862)
 (-1.2691805235090641,1.8964967434287858)
 (-0.61790673309879485,1.341826222732166)
 (-0.14116287882300804,-0.43248759533144515)
 (-0.019277719930939536,-1.030937376381152)
 (-0.057506762766349952,-0.12521082978962028)
 (-0.081732845536480567,0.11374136919438793)
 (-0.20990680024050776,0.4443439864739403)
 (0.13717467641886233,-0.55814379509518275)
 (-0.077624517337140417,1.3282476298044152)
 (-0.2895897519010498,0.044809618900197364)
 (1.3356765919028051,0.34593251641972494)
 (0.16914173441538055,1.1753021193746545)
 (0.68614607372063641,-0.69714036108600685)
 (-0.49975041792763653,1.0745587325312818)
 (0.7602834075451177,0.48411481157595687)
 (0.75893638999840296,0.43363786584263048)
 (-1.2448478726083281,-0.65176932008902722)
 (-0.29994910313149459,-0.2600229847150845)
 (0.10611160581344421,0.10742013811939694)
 (0.40942357305531979,0.66263099391420843)
 (-0.50932663141471779,-0.81707762835763131)
 (-0.24816383736914921,-0.19755788926043119)
 (0.23786077625678725,-0.24920224187802098)
 (-0.0012283118500682117,1.2918243589052014)
 (-0.24008625703377673,0.20976717338702475)
 (0.31447254758580567,0.89522012529300299)
 (-0.37100878267747733,1.3643473982521008)
 (0.046058582800734459,-0.54592729143617913)
 (-0.1349448872638927,0.38442235978738343)
 (0.026273335172862834,0.20422991674216848)
 (0.69937940378000074,-0.85151087099053502)
 (-0.306746579299496,-0.84612941515443318)
 (1.2978915070299799,-0.25238363574237138)
 (1.235019125691377,0.80100089579408529)
 (0.59931085247316063,-0.39438680764351719)
 (-1.3675536850112966,1.0894759979865625)
 (1.1000365786477238,0.11995709024973014)
 (0.80663377870714048,-0.29848530906558934)
 (0.056518175332092538,0.089561023969039311)
 (0.13126619977915743,0.44344217199273039)
 (1.1847918208695449,-0.42559432593657687)
 (1.4001720648541613,0.71990424754823101)
 (0.56360845380172986,0.030956137423196389)
 (1.0155944315625201,1.0627713095136349)
 (0.046944131210866324,-0.11652127186342853)
 (0.47103146310798738,0.70838316063186768)
 (0.26807898855526058,-0.41058780505425552)
 (0.94489246725860498,-0.026143610649971089)
 (1.2481242578020739,0.64974388620199564)
 (0.22183392148245931,0.069778209034114441)
 (-0.48809713365281099,0.30285446066381128)
 (0.14670707205032282,-0.022585174751174511)
 (-0.70154451233211412,1.1950525882730758)
 (1.548192608676231,-0.66074402441047442)
 (-0.763322575641463,-0.081641398043239263)
 (1.251583725519924,-0.15282921077761213)
 (1.1052243068538217,1.0884352534954318)
 (0.34491956298851723,0.31540121439517244)
 (-0.61697965629119345,0.52946678227721833)
 (-0.44556107730259087,-0.5657548017267412)
 (-0.35533186783612047,-0.018094038877945858)
 (-0.45350392051573946,-0.24289281276881852)
 (0.38598255552143584,-1.3447777358851274)
 (1.4096504888508465,0.49890074535338225)
 (0.09283043837732155,0.28975508974409064)
 (-0.52337606456092145,-0.0067802167040787254)
 (0.68006265225621554,-0.66224798704490395)
 (-0.49754254903036421,-0.031045978715898131)
 (0.57181074638903517,-0.088118525049268107)
 (0.90173953065321821,0.54729434394246268)
 (0.065015779532278134,-0.24741457006771314)
 (0.32279323433905888,-0.20052606713504106)
 (-0.52778253820682508,-0.095118170705851365)
 (-0.73415036611332107,-0.75380983091948439)
 (0.39506379644830808,0.49904484748442612)
 (0.62626900293265697,0.047032913661357735)
 (0.52349993574447673,0.96116182086463042)
 (-0.56805162015724309,-0.46897387261720563)
 (-0.17439525171444195,0.13352776222912596)
