# Created by Octave 8.4.0, Thu Dec 11 09:47:20 2025 IST <gamana@Samsung>
# name: awgn20
# type: complex matrix
# rows: 2048
# columns: 1
 (1.0940036642616462,-0.11126250628808046)
 (0.89024745160041396,0.086234450037686677)
 (1.0112857346438491,-0.054675068101671866)
 (0.96709372507470603,0.0015166583169279977)
 (1.0762415176287401,-0.04764818001240153)
 (-0.95704836986573105,-0.066176887086296737)
 (-1.0476447733339893,0.084455159592917814)
 (0.94035640049513158,0.023647234155384025)
 (0.87124549254949346,0.078201591208667653)
 (0.94076849978447563,-0.061233141549220306)
 (-0.93781808519495868,-0.0040396410152950231)
 (-1.1192079329070532,-0.058561748325959187)
 (0.96785343407828384,-0.0039990339988678104)
 (-0.97292270523711921,0.01190257577055694)
 (-1.099255843550935,0.020578392874182547)
 (-1.1018107870367193,-0.038263409553422965)
 (-1.0569997065080898,-0.13548338434303137)
 (1.0342136781954956,0.03156304901411635)
 (1.0504000493054482,0.072288888483242747)
 (-0.9965365801766195,-0.0062539127491527307)
 (0.96982840898655964,0.042747231790763417)
 (-0.95157717797286545,0.044654087360384433)
 (-0.91443183472831135,0.087044179470324473)
 (0.95094055896007057,-0.09849915200656198)
 (-1.0061503404307834,-0.14692242326525526)
 (-1.0417728643250384,0.024402885568496999)
 (1.0949375538217216,0.012995803429020753)
 (-1.1123461491461202,0.080309429414267663)
 (0.90299177214493875,-0.13536440179464801)
 (1.056228080620683,0.022129439989917506)
 (0.94321732446259554,0.11983748384617482)
 (1.00494119534809,-0.050502276689099929)
 (-0.95577053759461861,-0.013373379984484405)
 (0.99061359364596524,0.016940157467387706)
 (0.94708715739773308,-0.0346144905257907)
 (1.0688645848207425,-0.039499206236452221)
 (1.1187107362977462,0.026789181639503609)
 (1.076494298515462,-0.077699210923952322)
 (1.0436325789307148,0.0093469542953312622)
 (-0.9723840246564851,0.086439630287801675)
 (1.0345930754937838,-0.12954462760164889)
 (1.0232945137356597,-0.09545302981210764)
 (-1.1318055994775627,0.014807846340357995)
 (0.97234448861621059,8.7356036383910826e-05)
 (-0.97434299212489539,0.033068288834645403)
 (-0.8833140687447848,-0.014258708740466988)
 (1.0887647798246582,-0.060990130502846684)
 (0.90996630878303775,0.012843492625124402)
 (-1.1212249013539719,-0.053137714167727473)
 (-0.93989761691026463,-0.0027856250146965928)
 (-1.0026571394769623,0.019263373645438946)
 (-0.99543332014591068,0.16976344867274115)
 (-0.92172264241661706,-0.047094542342092587)
 (0.92211616893958526,0.16040722711620495)
 (-0.99972821101467901,0.063450902163054365)
 (-0.94395256187764887,-0.093998220609135028)
 (1.1213714023665222,-0.077726625989116616)
 (-1.1286827475124606,-0.025160506135314672)
 (0.98412118540615079,-0.027802782382033576)
 (0.99029249271601416,0.008511038358556754)
 (0.90492902613188342,-0.0331163759921125)
 (0.91087548990262646,-0.076440970506971087)
 (-0.98722998374474258,-0.081987154039558252)
 (-1.0175920974123991,0.032025917488627646)
 (-1.0438696386150494,0.050572456985223939)
 (-1.004616189681951,0.055370671905638796)
 (1.1936787255717352,0.051360035948850774)
 (0.89490122674868999,0.058351949515441648)
 (0.96667349278233161,0.017655805985278855)
 (0.99723084812834084,-0.064854017168966729)
 (-1.1333441014887762,0.011196825070084626)
 (-0.91832450478095495,-0.043791206971161754)
 (-0.9260735209077664,-0.018097015697662363)
 (0.98373778516749422,0.12432313324939588)
 (0.88322852683347253,0.11622426773106596)
 (0.87967086087702018,-0.088364784651041278)
 (1.0608433984849865,0.11941033326657371)
 (0.93147770625642967,-0.02061556012564765)
 (-1.0941113952256001,-0.039839432955554324)
 (0.92956899170588503,0.03705478937188017)
 (1.0371997237052044,-0.11528173443062745)
 (-0.9733124724527572,-0.022061577149275396)
 (0.95376588254243122,0.014438728893681741)
 (0.98713051272123331,0.047319572748937978)
 (-0.90993979964477123,0.04254281071897191)
 (-0.95262442639063649,0.04749446868249909)
 (1.1228674200345625,0.029407574189332625)
 (0.99510785058967877,-0.013825936545651603)
 (-1.0229214433891398,-0.13345283711259179)
 (-0.94979718412577985,0.11068995599205285)
 (-1.0156514813813913,-0.10965630050855413)
 (0.97073220933322224,-0.027637871636608149)
 (1.009414513272457,-0.0095445779709911489)
 (-1.0805629234477512,-0.07385939864701134)
 (-1.0089761562360902,0.067238696673081105)
 (-0.80902558541668435,0.0013174442353119731)
 (0.93885699324105321,0.061572474349663356)
 (0.89460686688817348,-0.11150935110624516)
 (-0.94910265295715079,-0.018511259322891285)
 (-1.0097804729326161,-0.058664152280651485)
 (0.98428726543465794,-0.088737644609230171)
 (0.93786719971616794,0.064519646649938173)
 (-0.98992632458760432,0.0028051466602298865)
 (1.054092267890181,-0.056783294672018439)
 (1.155719011722159,-0.10108497262126187)
 (1.0752626848895104,-0.082195472026178398)
 (-1.0513707565623716,-0.056407996503495539)
 (0.96719775572337663,0.0051131613192027386)
 (1.012089040978466,-0.066774820562462575)
 (-1.0378343674683865,0.041333662102646017)
 (0.97118469062274571,-0.0020820808253526279)
 (-0.90818708742968268,0.10264871045749047)
 (-0.95204023920481173,0.07186564648517145)
 (1.0272670898902334,0.021316896952823509)
 (0.92711995936845026,-0.14128576113129374)
 (-1.0698355586553934,-0.065338957456758981)
 (0.97291954609237807,-0.035633789082107632)
 (1.1075511066336678,0.068530414430903061)
 (0.98112290574570349,0.012488667264046099)
 (1.0562265701315141,0.041416922192876883)
 (-1.0901291369195409,0.12955811923082589)
 (1.0249310013962993,-0.00027638055475611676)
 (1.0453009580529633,0.013505107992611646)
 (-1.0509212699844819,-0.015164425130506608)
 (1.0581968690983734,-0.0075417583929239286)
 (-0.89725669065773173,-0.029591213343953496)
 (-0.94375889784022327,0.092471140943389873)
 (-0.87962235504262476,0.05755356491108729)
 (1.1327877574762271,-0.06662838932493928)
 (-0.90040359261945746,0.02354493488393794)
 (-0.89492034514690266,-0.0019148053865246147)
 (0.9628766402802269,0.068571626936574717)
 (0.95200424123243799,0.0036820336464094233)
 (-1.1144170539573985,0.10966636523983697)
 (1.0341622795678644,-0.0034671747441455143)
 (1.0272460920300741,0.0078530654371939106)
 (1.0382185049272565,-0.042001574166256189)
 (0.99646944174056351,0.02404767097251934)
 (-0.9530080541088719,-0.016775972822199028)
 (1.1274714315232992,-0.032272442737172752)
 (0.9112823916459003,0.049692409686646677)
 (-1.001990911126152,-0.011363886669286786)
 (-1.0649561283667479,-0.044336980858683511)
 (-0.90429270911717374,0.042159643964120225)
 (1.1226962938116469,-0.03300469964403787)
 (0.88782995065323211,-0.012309393040154866)
 (-1.024128704919665,-0.0097534380339267552)
 (1.1737096842977852,0.10001907607897383)
 (-0.99990086078713736,0.029749376592184996)
 (0.99732956387396687,0.05867138180071213)
 (-1.0259684503555437,0.087536685321690677)
 (0.91573690417800835,0.18752759131065921)
 (1.076484482560734,-0.10646461782703638)
 (-1.0185130630532779,-0.054984281180369923)
 (-0.9609890385852472,0.073302537941868903)
 (0.9713030241923829,0.065842510862610684)
 (0.90201503093536883,0.07665529206941285)
 (0.96685604757780752,-0.070373283417145049)
 (0.95907285508511642,0.012139270889581586)
 (-0.98174066618974332,-0.099600996028421762)
 (-0.94873700291472562,-0.056348946105076549)
 (0.95613903342143569,-0.029927333551936348)
 (1.1197622177623445,0.087103971193105395)
 (0.94340789840813932,-0.12190649054324039)
 (-1.0768276232937235,-0.03079540254699439)
 (-0.93617659940468556,-0.065677914167883697)
 (1.071965069191146,-0.023197460033730653)
 (1.0415932294544512,-0.01832432640457279)
 (-0.91373763421804832,-0.082821137306728146)
 (-1.0558862380097209,-0.0070434740887059246)
 (-0.99683430029438302,-0.1110958832101424)
 (-1.0947568325316668,0.067431911928070659)
 (-0.8707009356590687,-0.012680686400763778)
 (-0.93432819284440149,0.11613665309438155)
 (1.082874700812571,-0.082828619133964984)
 (0.9647083596098297,-0.052973641764140669)
 (-0.99096271409158754,-0.039333864421907727)
