# Created by Octave 8.4.0, Thu Dec 11 09:47:20 2025 IST <gamana@Samsung>
# name: rician
# type: complex matrix
# rows: 2048
# columns: 1
 (0.87502636499944941,0.10361758012749246)
 (-0.79090321097280869,-0.17875946406120202)
 (0.61523164224638838,0.26918135619196248)
 (-0.75660250870907042,0.26448569915257297)
 (-0.91084428771251158,1.2247281750951187)
 (-1.0072078431395091,0.25796632376116502)
 (-1.1034749443409855,0.54326512771818602)
 (0.78556201508043955,0.49438852241788789)
 (1.1374354815199479,0.26944436143036976)
 (0.7608931439043215,0.19289188140305827)
 (-1.3610743392050249,0.32855285186207933)
 (-1.1398875993653443,-0.43129694655938927)
 (0.98380509877096212,-0.55601167019040076)
 (-0.63230533278953249,0.27996774148222697)
 (0.85779836068217041,0.54973002148073302)
 (1.7185986112375402,-0.060415441254748764)
 (-0.56986940484450077,-0.76794874111541789)
 (0.64366266190055388,0.49160078526288414)
 (-0.24670615201337542,-0.30564060302438634)
 (0.9563808754023827,-0.073218800645723697)
 (0.93639918774616915,-0.25173760037857712)
 (-0.83072741065383349,-0.068765934643912091)
 (-1.067022080130162,0.22532226593906104)
 (-0.71224759066021348,0.1341565463559557)
 (-1.0618735253892249,0.51016522455710278)
 (0.05877199937351929,-0.81661651767491406)
 (1.6059645705685273,-0.81124838180284631)
 (1.0511924406823823,0.44107899057128258)
 (0.98243440783322566,0.22312142067315607)
 (0.39595550433646148,-0.23104556185897754)
 (0.94208398894835277,-0.18467053424980326)
 (-0.39255913729571285,0.17000382319708876)
 (-1.293399291621153,0.18316396688682188)
 (1.2763017779223738,0.48091928447966009)
 (-0.8627721582695691,-0.45444338068015361)
 (1.1674579862447403,-0.029513556709464893)
 (1.2741335469182431,-0.30787720358462883)
 (0.72557409575386855,-0.038229934139412038)
 (-0.11724683279884851,0.3507706045082703)
 (-1.0357492372675923,0.34688563208749196)
 (-1.3672630693331365,0.89377820643898076)
 (-0.74047012032091009,0.15906485431253917)
 (-1.322765593819107,-0.42475608003020793)
 (1.1269470364420262,-0.43623414505837327)
 (0.94299432165984032,0.61248767160680939)
 (1.637396859348097,0.29207764541176007)
 (0.59818907888341522,0.49133743404626418)
 (-0.75554648776205602,-0.021341791108197231)
 (-1.0479145440894218,-0.40933763854994015)
 (1.1370606376643526,-0.037952208494248525)
 (0.78993059585573533,-0.033975994133743671)
 (-0.7739687798212066,-0.3442515649538353)
 (-1.3293207961469442,-0.33752736742263495)
 (1.1509948521106108,0.27001791375641343)
 (-1.5674029628773432,-0.28242524771770527)
 (-0.91666851435072993,-0.026306336349137861)
 (-1.8113450630948529,-0.25132113872448258)
 (1.0293497422502784,-0.068670513775663966)
 (0.92932621152816941,-0.20914669712481324)
 (-0.97933491503037873,0.18627873859625296)
 (1.1168590691496705,0.3941957978126987)
 (1.2661503272449459,0.23980776163143677)
 (0.62587570348752175,-0.18844693051922215)
 (0.47205957172636415,0.19026958785976267)
 (0.51944950899658482,-0.357989839739282)
 (-0.78392736728707824,-0.1364044050489546)
 (0.66735688034763507,0.19368944298425941)
 (-1.2790498795269045,0.42458977428139844)
 (1.1464127162146911,-0.63727025002721172)
 (1.1763676580104057,-0.29729128038579322)
 (-1.7917272399772037,0.31011681793888346)
 (0.6460417549906583,-0.092494613336262368)
 (-0.50571743611839648,-0.12961506426134814)
 (0.70468913640362818,-0.9197258751164239)
 (-0.62649480236081478,-0.10976341161344715)
 (-0.73175751727182214,0.33207405417822827)
 (-0.8385067440844518,-0.017562499352073078)
 (0.68963186934395715,-0.16195634859447819)
 (-0.54584748490658197,-0.2850761627947806)
 (0.95158529878258158,0.14474634601263633)
 (-0.76770521529970681,-0.28838259231466445)
 (-0.42984834887707357,0.081769372469413876)
 (-0.8036633649091619,0.32531306177791669)
 (-0.63713235155891268,-0.37632049695370229)
 (-0.45995384768456793,0.61922183390861063)
 (-1.4860219253321585,-0.21433190685526882)
 (-0.97534841077471424,-0.23125016114706581)
 (-0.5384368632988441,-1.0649470450337795)
 (-0.60555668283073494,0.0083369408555335877)
 (0.93307089181154246,0.29150472152528722)
 (-0.89710130109896069,-0.3210983507626502)
 (-1.1149761694619851,-0.13916047782789176)
 (0.53456823779343332,0.29382383350690805)
 (-0.58205433127011252,-0.27912218839073943)
 (-0.30153020060706581,-0.29759368446418516)
 (0.5913522249762293,-0.17773780662247526)
 (1.334826737516462,0.10068097563992755)
 (1.11917296154874,0.43054355925723026)
 (-0.93283863910282339,0.65186992030068391)
 (0.73007747508651133,0.55931509188290174)
 (-1.0753774681384092,-0.22446839508833771)
 (0.94174151375625836,-0.087541779437974948)
 (-0.60076046911836434,0.027808610893819065)
 (-1.3703569234689743,0.066073276367872941)
 (0.36759931558024345,-0.17136431815378958)
 (-1.2101173488873302,-0.15531630705073757)
 (0.89099674733486223,-0.6962598243675997)
 (1.1370729288230534,0.30101193817207927)
 (1.2760608803221964,0.3110323314528845)
 (0.87190756172879302,0.038425075957088814)
 (-0.21307970379477337,0.11587620504118866)
 (0.94093281095236325,-0.74531213392789097)
 (-0.55046069646486562,-0.71269053621133938)
 (0.52971951697350261,0.028489059327917912)
 (-0.46134175824350276,0.12673540426177496)
 (-1.2301729471255241,-0.15137876752703386)
 (0.566969669720641,-0.11875890672733593)
 (-0.2877294938105841,0.06014815682691825)
 (-1.0966923025172073,0.44600015578520286)
 (0.64852825320542895,-0.029092108126411366)
 (0.95342063220940254,0.32550722918333963)
 (-0.99013450512079626,-0.32571361683335454)
 (0.58063368897032519,-0.41324519948087013)
 (0.79285274225942559,-0.07516439169408165)
 (0.55993460776895532,0.24825527320818863)
 (0.72698648992829618,0.27132754800851633)
 (1.3470057759421745,-0.57249491550104836)
 (0.88477996964319627,0.32095826915765135)
 (1.160683814059623,-0.50317072455015877)
 (0.65711560157486137,-0.4553271294774266)
 (-1.0915440509388361,-0.29012329370937429)
 (1.222362645324415,-0.063904781498444502)
 (-0.99782047788262784,-0.0040789059195352334)
 (-0.55912819904819377,0.77775905418392333)
 (0.96063900121770229,0.024704581857724256)
 (1.5537395577806863,-0.97042552697448037)
 (-0.74130461660408409,0.2573291945822283)
 (-1.2007298574126173,0.47661175741184281)
 (1.071898867912406,-0.13882007520878853)
 (-1.2383943901568375,-0.69579185876073468)
 (0.96291606682505104,0.25931791055416609)
 (-0.52309342405215808,-0.69034503148536275)
 (-0.4420682434950674,-0.13651828176586828)
 (-0.77173207270300537,-0.4834877344243429)
 (-0.77886608516719691,0.082769876648424182)
 (-1.3920948884181297,-0.16891966214132473)
 (0.74975393099703358,-0.30848950782270168)
 (-0.88545148710077493,-0.26514928993723191)
 (-1.1023425630974308,0.78702455483784173)
 (1.061252153273595,-0.45106673741020992)
 (-0.79958683870254721,-0.31315796111359168)
 (0.66325405606105803,-0.0032610165464324881)
 (0.59044929665752088,-0.17861860026954726)
 (0.9413122273871628,0.20730455256263497)
 (1.8315905662618266,-0.083970226809033599)
 (1.6077268000564577,-0.20616193822193912)
 (0.77989685170992495,-0.063105479396973821)
 (-1.351259098904668,-0.49187427982922599)
 (1.3430738645104572,0.26646970409734883)
 (1.1737168658376151,-0.19280003537452106)
 (-0.67819298309598675,0.082321062785757571)
 (-0.51671394943670057,0.35448019410568449)
 (-1.0503864373822367,-0.80820734495288316)
 (0.26293274792875743,-0.18092019566198869)
 (-0.69759621359149848,0.18119824889553365)
 (0.72240990431254781,-0.23967048017311401)
 (1.0837866525662934,-0.47299392046008842)
 (0.74220870062040389,-0.09979643092362063)
 (0.85554009398584663,-0.72200419483020351)
 (-0.78607150019869643,-0.059516825139353892)
 (1.1967936060894384,-0.041030379882010297)
 (-1.4449488491967855,0.32271427355043081)
 (-1.085060876511613,-0.15916673128951042)
 (-0.55772732331868757,0.63351212159317238)
 (0.66754276655035572,0.31622416883801024)
 (-0.47102332307394784,-0.35622985309444455)
 (-0.17412944400256469,-0.29494779317584413)
 (0.71593294242560357,0.096213410053862664)
 (-0.94567662576386036,-0.46878141842521442)
 (-1.3757058226659384,0.2255602444490637)
