# Created by Octave 8.4.0, Thu Dec 11 09:47:20 2025 IST <gamana@Samsung>
# name: rayl
# type: complex matrix
# rows: 2048
# columns: 1
 (-1.3104745392263284,0.28369254041204128)
 (0.13973151662943536,1.2712085432502538)
 (0.34286289824840338,-1.0500600038818726)
 (0.54664378739507768,0.6985573178491401)
 (0.50373260865435765,1.0384039099217675)
 (-0.67662450309729083,-0.86480812780316152)
 (0.5399328591377488,-0.48051908342114152)
 (-0.36687651017233625,-0.47470395846202351)
 (0.69318988409778692,-0.46800150577367239)
 (0.31329276419148633,-0.30786676070004076)
 (-0.3129810008696472,-0.18677907359726006)
 (-0.47037181486946716,1.6409694636409975)
 (0.044247604133756772,-0.19362311695590556)
 (0.20003489324516005,-0.80727575172542398)
 (-0.54675326830621296,-0.39952317515386937)
 (0.067154195621949631,1.2928001636950273)
 (0.56704328297940776,0.32374973126590506)
 (0.23173989842910972,1.0731621781978067)
 (-0.68767791324780392,-0.059623810049363193)
 (0.38035711220545126,0.15079876566865363)
 (0.36119398108560447,-0.34495796243111015)
 (0.16578806851536598,1.6752138173822675)
 (-0.033740955491099477,1.3454102948846689)
 (0.83443160393310689,-0.65865016509917229)
 (-0.48803375050747244,0.76729088575189086)
 (-0.47373600324776388,-0.35177109407900503)
 (-0.22738705835304437,-0.08139297807607665)
 (2.0738503350594231,-0.49368067406117194)
 (-0.84934875461978565,-0.84352308267091047)
 (1.1174814350219635,-0.83411890771312347)
 (0.83929455557673838,-0.59638809587076969)
 (-0.18263145824821758,0.60880466020563606)
 (-0.091843795297519099,-0.79913342522643882)
 (0.38309780033361968,1.3611447005129542)
 (0.66794537820589961,0.91316137191175462)
 (-1.1545706082998959,-0.99776465380316781)
 (0.25904697246547598,-1.159300227453818)
 (-0.18761423670971675,0.71095431786642416)
 (0.51127027521143531,-0.45500722318816456)
 (1.8131774207340829,-0.27012430585657476)
 (0.60844396626153696,0.50975541845899452)
 (0.59590718442021173,-1.0012605083913388)
 (0.044960848380702981,-0.10696941824680514)
 (0.67533920215885024,-0.42603969511260553)
 (-0.72286039898738486,-0.50708332828882774)
 (-0.96080730468972564,0.47742405506021168)
 (-0.071019506007986538,-0.36813689086594892)
 (0.10597461548992679,-0.28824476833970059)
 (0.52778809115423209,-0.50385268928645577)
 (0.53415187859482671,-0.65872628536587929)
 (0.18983212890630782,-1.8905441326916619)
 (1.5649428424005563,-0.12677557301187653)
 (-1.2060602816654749,0.27562047878204482)
 (-0.898856758246109,1.5157165181084298)
 (-0.44820571703460943,0.57378996441905583)
 (-0.62436185170964953,0.37035243597100614)
 (1.2759901189726932,0.40773858511774325)
 (-0.51640706932219194,-0.7941258152100712)
 (1.5944580553797141,0.4550107726618971)
 (-0.41191186397302232,-0.19457835306960181)
 (0.17058722415023189,-0.56091245151485625)
 (-0.052590497220622236,0.1585331319188675)
 (0.012975938498528405,0.059058712226768249)
 (-0.20805999964306962,0.49139599029043557)
 (1.1362744547523962,0.26160563341878657)
 (1.1118698756499359,-1.7779965427843654)
 (0.36269543997049031,0.16864486618973459)
 (0.17949086448961177,-0.37508394346976176)
 (-0.53143586859020719,-0.73475453769920629)
 (0.5930989875988395,-0.1020679474217133)
 (-0.40927199946994219,0.60601298431807138)
 (0.13646156782653079,0.46030689135483327)
 (-0.45420930078527771,-0.62162811639161641)
 (1.0987256003193524,-0.45394735012030329)
 (-0.47567139399079306,-0.9891929891185669)
 (-0.14293858103317306,-0.44017850867901848)
 (0.72760546533018,0.12742664358639616)
 (-0.687474828922918,0.25393599444711307)
 (0.71087057332513293,-0.2124186866044753)
 (-0.22043761049551336,1.551528700653624)
 (0.38550971235237375,-0.43868376589914665)
 (-1.073992675992635,0.86115828226518476)
 (0.59324653258725923,-0.91167274962451994)
 (0.021828433093072776,-0.39704509602706844)
 (-0.3172150456638072,0.28304154284698785)
 (-1.2890335107291386,0.014061863012909405)
 (-1.0005177132626073,0.53498581016676128)
 (-1.6045071814692169,-0.3071377328750467)
 (-0.17115766791126968,-0.5448827721220818)
 (0.53470443805235057,0.58819080913663813)
 (0.99344365761249598,0.75234003537289518)
 (1.4145949126099067,0.035096714993351631)
 (1.3886401928273668,0.21021510887487907)
 (0.60955538697591249,0.38261841020146981)
 (-0.035870602359000026,0.15285508141919682)
 (1.1300438286766885,-0.58908659830224974)
 (0.44907952871079537,0.50349285987204262)
 (0.62195290045673879,0.60493535941113874)
 (-0.1969886850186181,-0.92650149362101697)
 (0.25232532115939027,0.32812216638334829)
 (0.29392036064905908,-0.70269800508640323)
 (-0.89139699166897179,-0.29547151199782429)
 (-0.10304859739780879,-0.36027288481488029)
 (0.29461453833551832,-0.15082771254688168)
 (-0.85603373404288274,0.2268948974603561)
 (-0.11756668458613583,-0.7539854860759222)
 (0.1185845883341891,0.57193284330668159)
 (-0.48494144475981477,-0.435269982957459)
 (0.48830114213736786,0.86684166861907097)
 (1.2259033550149023,0.90251502760349533)
 (-1.1966428825870088,-0.35040224509790302)
 (0.23209813211772426,-0.99888858341853159)
 (-1.9846155620824586,0.75951368197374869)
 (0.0037669374557405986,0.72991430407881741)
 (0.087860845591461789,-0.17282480822291549)
 (-0.38118096897074238,0.67634468963505923)
 (-1.3683516176592023,-0.32667821120385471)
 (-0.057179002787980965,-0.013921135461854575)
 (-0.63456518319615129,-0.13268504917577698)
 (-0.056656080212750766,0.50786583985333711)
 (-0.25112945441080958,-0.7725721167220051)
 (-0.98301602823959888,0.20160162657041478)
 (-0.34397567978496435,-0.2831302255906501)
 (-1.4505257857325924,-0.87833560247109221)
 (0.20381391857642733,0.55921742754140524)
 (0.77917410747139149,0.053831799969425685)
 (1.0288163201643206,-0.51964269317560219)
 (0.66134569619316819,-0.50890680294929735)
 (0.71494203161901992,-0.060112081179225445)
 (-0.17700147889385273,-1.2999053956649294)
 (-0.059714361974078346,-0.052406453653891918)
 (-0.87891342432462061,-0.35202070702860078)
 (0.81021662023307806,0.73740754393688523)
 (-0.21926083602152188,-1.2163944839772407)
 (-0.20424178270876803,-0.62271765301102611)
 (0.99280771677717106,0.38743754118924595)
 (1.0944741065405459,0.17175573296266977)
 (0.40184366170001828,-0.067489859997070328)
 (-0.076310295578401396,0.69427706197124572)
 (0.3002073640602867,-0.44779595487748125)
 (-0.64261197983103324,-0.40267585788111981)
 (0.32804612432817493,1.213151365361451)
 (1.0735700819015703,0.72334929631657752)
 (0.76266562288196948,0.51021380664217619)
 (0.28931736530941787,-1.5060644962533154)
 (1.2195183139159191,0.22087115741364127)
 (0.86154102774574037,-0.07597717165411097)
 (-1.5317950807477514,-0.86961729812484823)
 (0.067075669904710714,-0.14118786342911813)
 (-0.014833205315374274,-0.19929665554910911)
 (-0.087527411580278741,0.22212727313717556)
 (-0.1496171706114352,0.5980582958229419)
 (-0.55419194233405122,-0.062756781280576546)
 (0.53027674249063583,-0.10805100940874134)
 (0.70216857832604029,-0.070821208078136591)
 (-0.59549498466129602,-0.39869426229331806)
 (-0.068198584784801689,-0.2555178342026887)
 (0.5586531623766714,-0.38297399714579528)
 (0.87475686831188604,-1.3535287000474754)
 (-0.10530401143715737,-0.74469312342522653)
 (-1.3723202247033706,-1.1574910011326571)
 (0.28019574825023613,0.10045067407744568)
 (-0.27614425529424813,1.1415990149332669)
 (0.23132178437163467,0.43456677570998331)
 (-0.76205684817187236,-0.81367209614961611)
 (0.27036472791930188,0.59340471855687971)
 (-0.17627524904226308,-0.23983092705355719)
 (0.42907399806418828,0.84162105641874263)
 (0.166394728617591,0.86854250795208765)
 (0.030569952618241823,0.4280679862083091)
 (-0.28854804512404564,0.21438721925366233)
 (0.33854312957333632,1.7547919808027075)
 (0.28544509160551279,0.77024752720961021)
 (-1.3515486679453028,-0.5870261949739467)
 (0.34820275531562145,0.62123893354072479)
 (0.52800234005126723,0.41154333499425988)
 (-1.5645587290826952,0.044307507736519043)
 (0.89723625590329481,-0.79334283419828477)
 (-0.34028937727703534,-0.03145750362741815)
 (-0.20313111740943915,-0.043885520221433064)
