# Created by Octave 8.4.0, Thu Dec 11 09:47:20 2025 IST <gamana@Samsung>
# name: rician
# type: complex matrix
# rows: 2048
# columns: 1
 (0.87026637754931335,0.08426720692720345)
 (-0.7682888305804888,-0.43169577076537863)
 (-1.2555947266665051,-0.29267785081632169)
 (1.0015321803924102,-0.44246176601042175)
 (-0.46662270138433953,-0.058020497764447065)
 (1.5251281204843181,-0.095122214260553895)
 (0.96100075309804134,-0.16021045896172767)
 (0.69798534507446208,0.10992848484829039)
 (-0.18603399186722569,-0.43321256407852549)
 (0.48959953440998805,-0.19583760008240073)
 (0.66017842649006953,-0.27895861517539206)
 (-1.3491305215627121,-0.088986199555863926)
 (1.0909540792671373,0.24058178943167002)
 (1.0766646433554754,-0.00092220972851194511)
 (1.0724917765449973,0.62126486596568298)
 (1.1931830029027113,-0.079199852518335154)
 (-0.7010778023397406,-0.28656526016321326)
 (0.34278541768960846,-0.34857557101948666)
 (1.1408287680229092,0.92633253868428178)
 (0.80721141492613802,0.1912505080121292)
 (0.61623800758118741,-0.030918359174905874)
 (-0.65946036695295074,0.005360710773911927)
 (-0.71802546505419584,-0.41145637275122099)
 (1.2309775783653274,0.058637806629072566)
 (1.0285388215497,-0.087920530989373816)
 (-0.72711043341256687,0.13678710934890403)
 (-0.52621692084811489,0.50965407543019969)
 (0.30062790981206133,-0.15112687419677021)
 (1.0559095905318758,-0.16218715967103137)
 (-1.2041088263015773,-0.12824897087910606)
 (0.54590532262052682,0.21886808456817802)
 (-1.3968431747370555,-0.068238808868922071)
 (-0.79370877389500794,0.23281212553875444)
 (-0.67576658757067132,0.16662815450504379)
 (1.3861508253108132,0.57975539794940334)
 (0.6829319669577063,0.15587224140033759)
 (-0.4197418600255361,0.19940753842724535)
 (-0.99518718516966154,-0.030037860081612428)
 (-1.1311414238759889,0.308181412136392)
 (0.12037089085554775,0.38549056707193996)
 (0.87874414595665939,0.089942587691618767)
 (0.47261781493250088,-0.17768813175937398)
 (1.446345267343029,-0.20848929442315964)
 (-1.0264682075125873,-0.0046822625589301855)
 (0.80574150070762107,0.22963089382298865)
 (-1.6328819914684889,0.049950690249796682)
 (-0.48816113718529258,-0.30384336643556359)
 (0.97033456903766546,-0.61639004259179009)
 (1.3003704525438364,-0.21996066107108639)
 (-1.1448496609577477,0.17661001792958136)
 (-0.11657647313201336,0.0066077140632341703)
 (1.0153220735720876,0.1301865889631689)
 (-0.4767337682337589,0.10035782566982811)
 (-0.7321248049855742,0.33497213352139277)
 (-0.73595144453266736,-0.0054026571898257245)
 (-0.6441719772920339,0.095461737153280143)
 (-0.47591426670173814,-0.27133190903624416)
 (1.0274726514716643,0.4559180622247675)
 (0.50811269061559738,0.58570001368418201)
 (-0.52196992654397556,0.50048606063361645)
 (-0.71428088405622869,-0.19448677827409572)
 (-0.95118422387204282,0.082678550889076205)
 (0.09658736564743986,-0.11421876439735242)
 (1.3185388216835283,-0.21430873184778257)
 (-0.77184211304745709,-0.058642739316951235)
 (0.48116143580234511,0.2163196096532165)
 (0.95677826597656368,0.70576248502208627)
 (0.74099856625678495,-0.42325072983340056)
 (-0.62441787915033853,0.7044120275967749)
 (-1.0793827714646391,-0.62126129684603659)
 (0.88965796428748789,0.41249595537694406)
 (1.1113411469366861,-0.15226103655717849)
 (0.71687127684595509,0.004739489196301825)
 (0.15343434536349843,-0.2097541396287059)
 (1.4376544012549344,0.46569275547677147)
 (-0.63862486012735453,0.37053462924991298)
 (0.80607623245448323,0.31872245313956332)
 (0.24164619006708854,-0.38535148401679664)
 (0.83107037818637941,-0.074762521036050744)
 (-0.91761421237733343,-0.028650245388033523)
 (1.2160606900612507,-0.23063176245615896)
 (1.6276214912730718,0.11852895743542848)
 (-0.98726414319497158,-0.11973435317899599)
 (0.89869022298393142,0.76798983253588848)
 (-1.4475411595169905,-0.21531043296323002)
 (1.0468842942707952,0.52485540831590438)
 (-0.29729797581199602,0.0010060531466394456)
 (-1.0067505459293815,-0.14186575940750648)
 (-1.1658071482234518,0.21709515844495189)
 (0.91299360253579653,0.25366380736863847)
 (1.0484607042392398,-0.34490571680871707)
 (0.71949904607176274,0.30251288004119403)
 (1.3410947517375897,-0.051849142822256958)
 (0.35244599614045147,-0.59813266783944019)
 (0.62784649507006729,0.12939427818603447)
 (1.2331297769185787,-0.012363322665838228)
 (0.61018740723577269,0.44724270280241074)
 (1.2796390514334073,0.084854368103282354)
 (1.2323754312626991,0.38432849873439739)
 (0.8812590448220381,-0.10037577378154894)
 (1.3223518092797857,-0.7966432595015126)
 (-0.71042904725596401,-0.10196382662612753)
 (0.84177488494341357,-0.20150085974437099)
 (-0.77261718857997819,-0.019498381613589234)
 (0.56168383743410844,0.25416901013694587)
 (0.98770341517145888,-0.027029598373365805)
 (0.54674594441542812,0.39060723608248049)
 (1.2130844854889107,0.29952958395127971)
 (-0.15912203016868054,-0.16300419126167714)
 (-1.1206932998349215,0.12139458939819074)
 (-0.76747076736229436,0.44628030367963806)
 (1.0711779380980306,-0.45442174301101246)
 (-0.58852590323864074,-0.55348096457807738)
 (-0.77694384551772466,-0.55125418696164175)
 (-0.58782353203763316,0.099333551287981992)
 (-0.86279571380140063,0.59753744589304847)
 (-0.78581532046954239,-0.04604197603023219)
 (0.49649545892944014,-0.33520090331214081)
 (0.61251086763036033,-0.33023575781989595)
 (-0.90459374890403521,0.3230745740870235)
 (0.92335649492682725,0.13454160002749252)
 (1.1751062394246303,0.10528807086544781)
 (0.60297127445045762,0.052384768774261604)
 (1.0698746281578939,-0.41948299524129967)
 (0.84688587558567674,-0.074702168191405988)
 (0.077680626242778161,0.22217163127949821)
 (-1.0369047993295573,0.23322188319516848)
 (1.286825574663661,0.17029235426597961)
 (-1.4486221073173595,0.18498617576763321)
 (-1.0323252996610321,0.54098198436190548)
 (-0.78246834226499795,-0.26697638401657819)
 (1.1458918088423529,0.071893701661125672)
 (-0.85287783555885788,0.26625414687178228)
 (-0.78938737018302796,0.10900517012518876)
 (-1.005207866569104,-0.37732814962379668)
 (1.3757827480980616,0.45740486912775219)
 (-1.2318429813224019,-0.53033351174792553)
 (-1.4500436118244984,-0.19654203387741148)
 (-0.97628933455036537,-0.069142061829868567)
 (0.57422377121367574,0.46417693012525546)
 (-0.31730429732316667,-0.090602371776784943)
 (1.5503042067767545,0.27398865997806338)
 (0.84535600169239122,0.1284870455917638)
 (-1.0149656449001503,-0.15014723549506084)
 (-1.1574046784873435,-1.0638265082432399)
 (-0.42766792141345539,-0.14374600998447437)
 (0.57279174010665401,0.35713860538520853)
 (-1.2247116428595199,-0.085923469925377402)
 (-1.577083198168717,-0.22706634519569618)
 (1.0185885950510822,-0.46562779166298984)
 (-1.1403561121277765,-0.25866496420669316)
 (-0.9815827200711057,0.057561699028007715)
 (-0.40586232873676381,-0.2758455545748052)
 (-1.4547858502591793,0.35849871225208518)
 (-1.1351138432560322,-0.28331767672732849)
 (-0.57272785918932367,-0.38891383713618044)
 (0.40499877782217242,-0.5668338194080903)
 (-1.1058858371991633,0.69832347185378585)
 (0.95172151188831966,0.67622836873794345)
 (-1.0682716413514741,-0.088188153140500394)
 (-0.84814218658803397,-0.23808186025077671)
 (-0.73277142429531861,-0.034306678148591868)
 (1.7034128648528177,-0.065303370094259336)
 (-0.39500070276018051,-0.13201858512037681)
 (0.95529188134535015,0.18466013823246122)
 (0.88446620525953412,-0.46304059303084261)
 (-0.47066097249821948,0.074252191032190218)
 (0.63392489139686814,-0.087278372762954234)
 (-0.4050122883937573,0.24272846383877691)
 (0.67539437966131222,0.18609480511112003)
 (0.88620301995583528,0.5479921291795854)
 (0.6430808083574312,-0.56929152584327891)
 (0.46510587775647394,0.17132799789484646)
 (-0.24562306379405618,0.12613575193279775)
 (1.3913947370722304,0.29323082185252286)
 (-1.4970369463346176,0.16280751894862047)
 (-1.7331488922250315,0.014946431356531292)
 (-1.3397928181730805,0.61199188279493955)
 (-0.67913605818856093,0.29937891165431307)
 (-0.88821482983686373,0.42014326623115406)
