# Created by Octave 8.4.0, Thu Dec 11 09:47:21 2025 IST <gamana@Samsung>
# name: rician
# type: complex matrix
# rows: 2048
# columns: 1
 (0.64342147082544743,0.09346381190035484)
 (-0.97008715594561312,-0.76112591649095562)
 (-1.3182720302949771,0.091626267590722926)
 (-1.2544962388531018,0.36415652979993712)
 (1.1451316888100811,-0.64480953512480199)
 (-0.90157291851602206,0.39540142261654815)
 (0.63467736889919624,0.67397084015927422)
 (0.85807362024007905,0.37167617083989191)
 (0.72213647740039588,0.34573112557526381)
 (1.0533232775177097,-0.60526315635859806)
 (1.096090433347507,-0.13851747064674916)
 (-0.30945401543671081,0.46092440151707226)
 (-0.68829738156127462,0.29762544352396053)
 (0.94272109112072988,-0.31689066730409871)
 (-0.86215460662460375,0.39662161216308878)
 (0.59273760069252401,-0.0047259798345853808)
 (1.0255569534646245,-0.42928705577293796)
 (1.2382275731195789,0.51611900916754139)
 (0.570914960930893,0.23623738394932059)
 (-0.63218957109013219,0.27116011452191463)
 (1.7126699766878839,0.28149027816680328)
 (1.2379821282656018,-0.61661493141403156)
 (-0.67886999321417019,-0.36471962624018822)
 (0.57098207469714835,-0.30784699861654541)
 (-0.43218141893124962,-0.084490090494463432)
 (-0.011799200440133051,-0.5976407493583481)
 (-0.13414303422435991,-0.56400141730768927)
 (0.40314955286940896,-0.35649525815096544)
 (0.78948658132946203,-0.029461205081782762)
 (-0.77801700736607782,0.89997578758840646)
 (-0.96665358292160941,0.068492822725126634)
 (-1.2585252064243713,0.17971917443707611)
 (0.891346299816833,-0.13830086371686623)
 (-1.128769892861321,-0.41558833089779351)
 (-0.77047797894079229,-0.33279292977320291)
 (-0.57387420819862511,0.05546210272998893)
 (-0.41605050303702651,0.5772844443483367)
 (0.68517066407856286,-0.081463187158839212)
 (-0.47872887177030182,-0.17910812464387246)
 (-0.45640723531086996,0.38342485289615263)
 (-0.57468408472986321,0.023288901058902824)
 (1.0004276652992032,-0.042296469667649647)
 (-0.49609636944170443,-0.3650943036551238)
 (-0.49594341072964826,-0.40466432494369498)
 (-0.75234481852263069,-0.19296547424296959)
 (-1.2679591207840057,-0.10994479386564343)
 (1.0760179453127749,-0.14280581394650216)
 (-0.84526696001881818,-0.4025411606743034)
 (-0.8855669225570465,-0.098147504847534262)
 (1.1405718956400215,-0.19048082923769466)
 (0.64157513687580048,0.07681737853233149)
 (0.19018385578581043,-0.22032365097656359)
 (0.63307480447886921,0.41745348046770059)
 (-0.35028367734377963,0.5686576666495422)
 (-0.024455373800620239,-0.73417681213365349)
 (-1.0200217327853092,0.23409002128699152)
 (-0.68286623532917978,0.24895958825652739)
 (1.5335773821361562,-0.25140883654288598)
 (-0.59840202160602207,-0.099649838790248205)
 (1.3955275661757338,0.16731383443908485)
 (-1.1112029420072598,0.15718528047947108)
 (1.0335690666372401,-0.055691368153590388)
 (-0.60629491105820588,0.47003432889762614)
 (-0.77191044776485995,0.36764903938986798)
 (-0.76557022365110283,0.075494528514635187)
 (-1.0742547509743059,0.65423256641707128)
 (1.2278222021462335,0.24081536809471371)
 (-1.2346396483063229,-0.38648352061731206)
 (-1.0128744167210768,-0.29849738639280748)
 (0.62372259909865069,0.34451138252106578)
 (-1.0574010655577393,0.53440193190528529)
 (1.0182100889211791,0.0020226788567805462)
 (0.4018392120531622,-0.55461131524213869)
 (0.9808356877210811,-0.026563197202615411)
 (0.85541465586197329,-0.024612919446526157)
 (-0.89426527043494564,-0.2190798040360257)
 (-1.180867275270356,-0.096006657489257852)
 (0.96170719034115437,0.042101689693821172)
 (0.78092593501715912,-0.66954070503900542)
 (-1.6477183865922123,-0.41474904739368884)
 (-0.86705482314217996,-0.22223962318425572)
 (1.4332284645050697,-0.1135689426683955)
 (0.65477379979454731,0.68892257776890287)
 (-0.7492961918463894,0.014577578775895056)
 (-1.1072831067085269,-0.042150720255367403)
 (-1.6267896438716818,-0.54408248229725098)
 (1.3491805667965626,0.21042123403129182)
 (0.70929874874413756,0.2272054550503122)
 (0.75930108476606617,0.0083978998139662194)
 (1.0243478371132195,-0.28996998512227645)
 (-1.1332385426603095,0.13210118185665562)
 (-0.85173709583203538,0.19942703703984035)
 (0.99095925139379604,0.20493000251644924)
 (1.0923878904242228,-0.35482473933343633)
 (1.2840933396280618,0.29058401247926385)
 (-0.65527435795626587,0.41641719638087982)
 (-0.74960885700941049,-0.10040948799215561)
 (1.1691300378339808,0.17440306263290109)
 (-0.15343785659326759,-0.029684173922664592)
 (-1.2456701732239488,-0.074178670053693926)
 (-0.57682201169466962,-0.055854113898542695)
 (0.90584850934073424,-0.60011757523807174)
 (1.2606801697289514,0.52399982591611982)
 (-0.60771745109430153,-0.43315573276132663)
 (-1.1106964113950144,0.12209471471158621)
 (-0.18165741785954947,0.28538810876726745)
 (-0.95222223547754603,-0.23878152786522075)
 (1.2589258138191153,0.4119645438591884)
 (-1.1317818947766147,0.53999342771826475)
 (1.1206531877312755,0.037206428840094861)
 (0.23184816652314733,-0.090677849101215832)
 (0.45204099925771002,-0.010066438916361333)
 (0.61811487074418725,0.23725533819171335)
 (-1.0272370202663745,-0.044269349579914262)
 (0.80203503333154325,-0.16911118911173223)
 (1.3926816521970835,-0.012594781980368197)
 (-0.8790196012732483,-0.098570895066331599)
 (0.95705768008429348,0.071469131824011878)
 (0.3712489080004453,0.2550969592205285)
 (-1.461190029805302,0.633517998766565)
 (-1.2105430548530725,0.036869438668951864)
 (0.48775327102201693,0.25525884327177462)
 (-0.69260786530657015,0.020080877518210184)
 (0.63829190727344443,-0.22625674451852293)
 (-0.82922972707880616,-0.012418462534695971)
 (1.0590277515580426,0.16215247594646695)
 (-0.51803022980153957,-0.28908646828578599)
 (0.0082953987361098491,-0.20530344941890399)
 (1.0488257435455195,0.24964223157469626)
 (-0.99431271299601354,-0.050863759751780431)
 (0.83076771991006859,-0.27223628870122724)
 (0.81168063146849678,-0.064344529268462111)
 (0.82775161425400501,-0.10350043383823912)
 (1.1305345801975157,0.49092666901603543)
 (1.3561511944555775,0.14105721981983438)
 (0.74141078014822226,-0.15220039147196329)
 (-0.85353336839460603,0.28287797393005121)
 (0.96383338508390437,-0.081196567945822556)
 (0.98826623001744163,0.37664946538001992)
 (0.91047579561564884,0.66008064295895275)
 (1.0920065315088041,0.41912504304099729)
 (0.51245220991751927,0.28127144289578648)
 (1.4480274831219453,0.21556663196107634)
 (-1.0319462957102385,0.099227658692479515)
 (1.2500182738961603,-0.20347423047771376)
 (-0.77009825636288176,0.022226506987834998)
 (-1.0589792088422187,-0.66291837986936986)
 (0.67798741856212263,-0.73993260931133276)
 (-0.30750353522464025,0.19400641962259094)
 (0.41822323155463081,0.13437910047958332)
 (-0.87711171128827592,-0.22309221034889379)
 (1.2005086851969478,-0.18661146203472959)
 (1.1775930360284799,0.067487053148719597)
 (-1.0895560708326728,-0.15391114115408247)
 (-1.4252796476685718,-0.065683204879844623)
 (0.59898435798688787,0.21380105545842351)
 (0.93302737958077753,0.27757337521441316)
 (-0.65805113059111009,-0.1616263949720714)
 (-1.0947992155192154,-0.31597128499300703)
 (-1.6710625373491017,0.15018270987125157)
 (1.0599645112943534,-0.10146965276876664)
 (0.21042867003107446,-0.27172667452726046)
 (1.4240502739646475,-0.039209362514184588)
 (-1.1776668861204505,0.080565973129648985)
 (-1.4121088782028237,0.20933154569761278)
 (0.7710101571314687,0.25954112761535864)
 (0.56396772198574574,-0.65775873042093802)
 (-1.0557932908590897,0.14882530384340048)
 (0.68949021495486229,-0.25855939685291607)
 (-1.49907562052196,-0.21330338610116431)
 (1.3265843436731175,0.42800777683521807)
 (0.56425150872927676,-0.27003350366644002)
 (0.71236295478205935,0.13222357490021211)
 (0.97379065303728107,0.44861156523368256)
 (-1.7463906445193722,-0.32960928732520733)
 (0.70969909128110265,0.25519416304405851)
 (1.1498729734280895,-0.3174792890643971)
 (-0.59063776326363182,0.03354767494510183)
 (1.2720377433814138,0.32836570761361988)
 (-0.581486619010123,-0.65325071586206251)
