# Created by Octave 8.4.0, Thu Dec 11 09:47:20 2025 IST <gamana@Samsung>
# name: rayl
# type: complex matrix
# rows: 2048
# columns: 1
 (0.5724851973549393,0.60580585066051951)
 (-0.87727707212063177,-0.21406585098944189)
 (-0.49633136169794922,-0.061018489570057573)
 (-0.88673552486434803,-0.064408749741073482)
 (-0.089395026103250466,0.024599757609900349)
 (0.23035077215231792,0.064757185137975015)
 (0.54620810399998299,-0.33533943291514301)
 (-0.60115762079859225,0.00499982521295697)
 (0.073877081214145976,-0.078590780773566946)
 (-1.3342813695957283,-0.58641198524042082)
 (-0.65997808514320055,-0.67123294748474616)
 (-0.41171892435468166,0.99042632873991343)
 (0.68199985298049981,-0.39081234113306285)
 (0.57545402217444619,-0.70487994694417133)
 (0.48025600000158397,-1.3612449471178421)
 (-0.46068617655454869,-0.17986587563422188)
 (-0.46834061942744765,1.432899499065867)
 (0.27101525841535312,-1.1165397449994598)
 (0.17997733436750393,0.76105699958723438)
 (-0.044642706006767355,-1.3819530644654014)
 (-0.074347228687295763,-1.3252387841036206)
 (0.55140935378013745,-1.3136326777967373)
 (0.089202941225822716,-0.47620300600764759)
 (1.1734537449327518,0.022723842350101303)
 (0.18573954759247663,0.072580415753649444)
 (0.34050739322649121,-1.4668055110005931)
 (-0.84375781969674712,-0.36594967085102303)
 (0.057997941610561848,-0.35501788689012925)
 (0.80519096355913178,0.6452060992177816)
 (0.077823493970747254,-1.1342095304847299)
 (0.044420089771410258,-0.87387616279799274)
 (-0.92975096769339272,0.29116323480066164)
 (-0.3940272479230843,0.39019347388141856)
 (0.69365796057731788,0.24384855124811453)
 (-0.60673722247313833,-0.31754711580881678)
 (0.16395973828968211,0.22175643923076915)
 (-1.0482246423845509,0.77257592606154635)
 (-0.28229430864696448,0.84691909491408568)
 (-0.43758020854832314,0.11150290368080161)
 (0.76245004331391364,0.04486936883763816)
 (-0.13195502181723115,-0.13354837384269141)
 (-0.44430191616472459,-0.054404003617683196)
 (-0.58619761287557792,-0.13696411587309507)
 (0.042928579111653396,-0.59462426546535296)
 (-0.061946604114865141,-0.26307036546103135)
 (1.1293315368815913,-0.31864063124522202)
 (-0.55047782837287274,0.20890625860228806)
 (-0.24544330671190517,0.55878768660958011)
 (0.22271419092287437,0.067923391538890598)
 (0.53972396302993852,0.41578024883619014)
 (-0.81137227275049173,-0.87406671624255816)
 (0.29430304200515683,-0.25411708151233198)
 (1.2457544206380191,0.12526781948271057)
 (-0.81732615062487579,0.26628137296091259)
 (0.65007215078722724,0.056145015434877051)
 (0.83255023046393417,-0.4634479430640272)
 (0.80536713741015564,-0.84829340921962759)
 (0.07982543273044708,-0.24111640630430667)
 (0.12834367414755452,1.2117082292241552)
 (1.6326152554050135,0.34803395455599256)
 (-0.56656362949840566,-1.051547574608716)
 (0.32142027554587776,0.27992330803983423)
 (-0.61670508449709349,-0.34751186470414408)
 (-0.072467433875677403,1.0467168081011828)
 (0.46818866556490352,-1.218969382492723)
 (-0.30835449947531945,-1.2100898618749025)
 (0.48656251999338124,0.62505096416073624)
 (-0.43610667140489379,-0.30854614121271529)
 (-0.030248633973512518,-1.7234211134795177)
 (-0.63619566082227741,0.090669111763977461)
 (1.13977853011175,-0.51747893168812797)
 (0.48085167841359205,-0.31117890457666536)
 (0.1222364765751999,0.04665915448666804)
 (1.4234629471947158,-0.25670432397761106)
 (-0.67207571589189352,-0.18554489258044615)
 (0.8602439763852533,0.12250885579856431)
 (0.54862391818431522,-0.76599044018042894)
 (-0.17298701949722514,0.39929598542547245)
 (0.29199672978178665,0.45104089392064362)
 (-0.30732029935537136,0.4291935166390376)
 (0.64070526098277136,0.5691651363574376)
 (0.71452930269745418,0.2483126458280849)
 (-0.4166974979919843,-0.24042782111135033)
 (1.4802438945638385,-0.25851436227477026)
 (0.30742244798312013,-0.80424074228167886)
 (-0.8537079652659848,0.16276137784109063)
 (0.30678918410544148,0.89817675119957985)
 (0.021575455413529204,-0.1362317062594999)
 (0.65289016709930747,0.15089251058666586)
 (-0.75434386986800916,0.77088596426942979)
 (0.163062588506382,0.73564245215163471)
 (-0.81996752216174518,0.080613142361138548)
 (0.71152590758424339,0.45203352776935912)
 (-0.40365526206204516,0.28840821757749058)
 (-0.35061131699194792,1.5227902125745081)
 (0.85607168039425185,-0.49725683082508648)
 (-0.55280551142278977,-0.1451021232661629)
 (-0.33834872586524056,0.53533822368064843)
 (1.0418188920963654,-0.23109947654000396)
 (0.33548700886660288,1.619599667699871)
 (1.2653563678173252,-1.1287859513260097)
 (0.42441463954402719,0.42903468529798439)
 (0.11867652450774183,0.35518470408994035)
 (-0.66554597489171574,0.69757351628310715)
 (0.81148994669292052,0.35087379667239477)
 (-0.11436267223508426,-0.38614411328240128)
 (-1.1499763736325903,-0.18684669494447595)
 (-0.44681654990820968,0.85329921788296215)
 (-0.66257726255694327,-1.9397339895360852)
 (0.30979876964619824,-0.47409952389443322)
 (-0.12884561742082376,-0.17174088296309897)
 (0.023646788585478966,0.64423842816070664)
 (1.4407146203510068,-0.5270245358007587)
 (0.025252018534774916,0.64943634377790271)
 (0.71073198843923124,-0.12318510534320454)
 (-0.035766213588242821,-0.15754576435045492)
 (0.35587206636746016,0.0053791117237960845)
 (0.2218147857382271,-0.24933371104366545)
 (0.31309606724834743,-0.081866005269093572)
 (-0.20111159588829616,-0.90754663678389647)
 (-0.23474657157087347,0.37780515002639287)
 (0.71770579268107237,-1.5166305804030014)
 (-0.6010231120216849,-0.21376222074535348)
 (-0.50567978664512281,0.041880348842403436)
 (0.27538944530696213,-0.26295683712806484)
 (0.53225470434508737,0.058211114645114907)
 (1.2560143122277965,0.34586127212335943)
 (0.054135674356669099,1.3024866660934389)
 (-0.099113426524740339,-0.73443920444615485)
 (0.69479531902148384,-0.51571899935647902)
 (0.097470610403923089,0.36990049971271716)
 (0.80871747224048796,-0.52016906181442679)
 (-0.9519394072871229,-0.23323654793487547)
 (0.96616771128664602,1.5113391863408836)
 (0.12949743500807234,-0.11464332205159711)
 (-0.59338664703980903,-0.33116840597335362)
 (-0.081632119139341555,0.91032949393334661)
 (-0.86890722558973632,-0.076888669581190575)
 (-0.52287809039144217,-0.2328954024587758)
 (0.19966251956933403,1.2851324504795822)
 (-0.61275793797184119,0.11647933708224906)
 (-0.84630460234240179,1.0248436590495917)
 (-0.2171473157282367,0.32725588074056705)
 (0.91740929945013772,-0.55010963671801849)
 (-0.10270432676603353,-0.96364096616178141)
 (-0.74810329112260143,0.60718729475258537)
 (-0.033503783917589409,2.0977386379439134)
 (0.34708573074742394,0.78667493606906724)
 (0.065013774743265917,-0.17250980933504798)
 (0.65982063105349797,-0.99935683903080952)
 (0.068460015959859954,-0.58744140470909667)
 (-0.33540324370564462,-0.58336334736362272)
 (0.14269182113214182,0.99023317210538675)
 (0.71529547159318851,-0.29675954244379255)
 (-0.69175896426997285,0.67691676106253706)
 (0.1358501199112043,-0.087315718635159634)
 (-1.3064277106831337,-0.051498578170616427)
 (-0.79923346147180363,-0.5261545791322042)
 (-1.7760212358119352,-0.23801872988058081)
 (-1.118570018913952,-0.35562396864285395)
 (-0.8214277379946574,0.38294319864794707)
 (0.11621516316719029,-0.56005234060499598)
 (-0.25650512159995714,0.52547046412327503)
 (-0.20406972155391914,0.71226416321303132)
 (-0.31275479237890441,0.28298879509539021)
 (-0.68654536496834062,-0.58457091155755092)
 (0.096445581726283702,-0.99828773571129825)
 (-0.25826087901793066,0.99254551192543572)
 (-0.14933081842319387,-0.24708816455206878)
 (0.13338230646290458,-0.25896761032302612)
 (-0.89362740851466027,-1.1835341599793003)
 (-1.1305120407472775,-1.1296351816220567)
 (-0.36352699755768875,-0.029133217808088009)
 (0.19758234597865096,-0.7420240420348605)
 (-0.035708531982514981,-0.37775737636219758)
 (0.61752492033372253,-0.23391946798131671)
 (0.13061629077808731,0.047235668095613546)
 (0.20900206576331076,0.84229447604215701)
 (-0.17368474711239371,0.47591882176827999)
