# Created by Octave 8.4.0, Thu Dec 11 09:47:21 2025 IST <gamana@Samsung>
# name: awgn20
# type: complex matrix
# rows: 2048
# columns: 1
 (-1.0138053505700426,-0.10004791426719667)
 (1.1203075719247324,0.10472130913755971)
 (1.0099051764307603,0.093427697023434772)
 (-0.99174146850058431,-0.0722492617491933)
 (-0.99263153616237498,0.13959597125187459)
 (1.072936610792059,0.05440496510944498)
 (0.95419339287338756,0.07438708754271936)
 (1.012922102592388,-0.045067850661063814)
 (-0.93689901254790242,-0.06078943739605313)
 (-1.0505983779381975,0.02741990177705754)
 (-0.8921198823300992,-0.0062117372071569931)
 (1.0374941675740414,0.022565555192991232)
 (1.0776020525637333,-0.013993823140455231)
 (1.0333003504038254,0.083612715343226687)
 (1.0491581283278122,-0.0475036537315724)
 (-1.0235186783582864,-0.10277214780436197)
 (-1.0597620431176189,0.038734115611613003)
 (-1.0661007631069106,0.023926860163286247)
 (-1.0255784029818911,0.037910202067831834)
 (-0.94101726353707604,-0.047293319311461204)
 (-1.0547692982698145,-0.11336071429558557)
 (0.91583255108300632,-0.015001424401352057)
 (0.98569520250027087,0.027790748892777883)
 (1.0018953394991317,-0.040513133533385988)
 (-0.97185089837239602,0.12030350666771926)
 (0.91650664300339324,-0.085662724928167455)
 (-0.94750612757814923,0.094295245824163973)
 (-1.0155292797945743,-0.0023999552199017084)
 (1.008745171211519,-0.014683790555778207)
 (0.83556433009331599,0.019463573512241192)
 (1.0116248565959725,0.0061495164768323)
 (0.96341987826642039,-0.010377208859023287)
 (-1.087875142417118,0.021200442041078821)
 (-0.92345526231734043,0.060084876667194455)
 (1.1107948019986076,0.052467538812693393)
 (1.1007473046758001,-0.1039231790948017)
 (-0.93624240759713229,0.020452045628970138)
 (0.91024993636661089,0.022598842430500012)
 (1.0337102394325781,-0.094617152604006549)
 (-0.97021848683153877,-0.12605513993555753)
 (-1.0176983557816242,-0.053376871803602455)
 (0.97254327815314812,-0.19713049461314147)
 (0.99236490724932847,0.01927675714705292)
 (1.0153158039901449,-0.10787615351442655)
 (-0.98345671024946968,-0.01958889950602943)
 (0.9415018506990589,0.10912457268642894)
 (1.0067393877754076,0.046084613082782389)
 (-1.1118989415984331,-0.026215417736652855)
 (-0.98123983029414641,0.0040050394500036777)
 (-0.99669644038185179,-0.030963500042190867)
 (0.96631162468208587,-0.014207837816146261)
 (0.91308095119851207,-0.10384387742578766)
 (-0.94030001812999398,-0.096681051773309143)
 (0.92617352402913855,0.16780829827905605)
 (-0.93560544182017935,-0.022925232564216504)
 (-0.97316642059339376,-0.042185114524272094)
 (0.95376595468682379,0.0095130648569307797)
 (-1.0193122000502899,0.046559335537555611)
 (1.0225518677618926,-0.010375081530285685)
 (1.0369489151164233,0.11523744733092758)
 (-1.115625126956461,0.044759131312165273)
 (-0.95998381983759706,-0.029752424834504815)
 (0.95893037948310933,0.08949757280123391)
 (-0.93640596445946034,-0.011198584847618943)
 (-1.0338770295746984,-0.072077663163680736)
 (-1.0501964802417756,-0.030751437813300277)
 (1.1336688741977627,-0.01603280933182534)
 (1.0142395123908159,-0.097488688940961979)
 (-0.98010592837782307,0.021473975263611389)
 (0.93320283944736127,-0.064464398637980369)
 (-0.91256697879732906,-0.077347489680110695)
 (1.0219153768599973,-0.033789363358820101)
 (-0.9586588322762738,0.019044552395471974)
 (1.0235785451695907,-0.0078504989044757608)
 (0.99524382754907215,-0.070320039053173231)
 (-0.84764834904640474,-0.10133195614672059)
 (1.0718565741196233,0.023010564054484296)
 (-1.1055778951183002,-0.019368350620782553)
 (1.0814384307976972,0.04640446483784634)
 (-1.048423768743707,-0.10341302907004785)
 (-0.92746800002375207,0.11390789716717907)
 (0.95050483130199914,0.002408375654004714)
 (1.0524080362758661,-0.080857196019357772)
 (-0.95023311631829699,0.077341509446471016)
 (1.0347101110148877,-0.0097786719126394216)
 (1.003684758288435,-0.078928890571411614)
 (-1.0137139453215573,-0.068031416454875246)
 (0.97472603348051501,-0.056142016050530402)
 (0.97653852560556909,-0.0017725583342060249)
 (-0.9392091962976381,-0.087979582114971755)
 (1.0957999688220794,-0.14840717042927462)
 (0.9892426106503952,0.087644620683124091)
 (0.98186881598184195,-0.07231803193001822)
 (1.0546665549938354,-0.11141936084829362)
 (0.94558035420564612,0.077409156193497308)
 (0.94757177069461651,0.17174455664490718)
 (1.0304021589240446,-0.020329016211513139)
 (0.9816709717483616,-0.022322577026991738)
 (-1.0870478541586803,-0.0083892631723766504)
 (-0.9584901905635802,-0.021781942102816823)
 (0.95109919896581652,0.055459817984888728)
 (1.0436218832772628,0.13723315693884924)
 (-0.95684445904839177,0.0083006582277651078)
 (0.99633994675154935,-0.056546960069861624)
 (0.93199347699101809,0.029633148983794568)
 (1.0033120772916373,-0.02502914453640577)
 (0.98814618208640981,-0.072461865898770447)
 (0.92622432338943728,0.097144818196111815)
 (0.93825535723742481,-0.010228287964816531)
 (-0.96907552021210797,0.081029149009850268)
 (1.0485197901443004,-0.0018270218049306634)
 (-0.9251287504993988,0.065295744541692402)
 (-1.0278732531836472,-0.0019121355279532693)
 (-1.0501987320097768,0.093006812173757072)
 (-1.0085871443394285,-0.024073811058848066)
 (0.92232963319120642,0.00055937512849688965)
 (1.0333180471837944,0.041080091899592358)
 (-0.89399282884528841,-0.13915052065683767)
 (-1.0924376765439197,0.050268400051397481)
 (-0.93286377394498077,0.0056621483172029667)
 (1.1271534608393672,-0.10312958728338871)
 (-1.1155176583236701,0.039986417220229477)
 (-1.1230723182342537,0.024855849925315216)
 (1.066674608956961,0.0070613109197252338)
 (0.94568154952678274,0.067623349079074968)
 (-1.0700265042668324,0.0081130875817559192)
 (-0.99356140895258438,-0.04592200328540811)
 (1.0159207361681719,-0.080714413389043213)
 (-1.0347472904917223,0.029834996872915076)
 (1.0716540423251468,-0.040388352934976765)
 (1.1251690647419452,-0.04171260732424361)
 (-1.0333794167242236,0.0066802608553785453)
 (1.0115911148003143,-0.033808237111886144)
 (0.88554387926542177,0.050003057552263842)
 (-1.1812503879909271,-0.001968803475115799)
 (-0.97543500910246239,-0.080462009182104041)
 (1.0504851136876288,0.01238907643865917)
 (1.1128099799598055,0.12298090915053297)
 (-0.92170288675850376,-0.056288280763459132)
 (-0.9793389575285405,0.072245040185186543)
 (-0.98046759534439398,0.042388212353005446)
 (-1.0051790003983732,-0.059891107935689941)
 (1.0103240219065719,0.022016234590132123)
 (1.0108000216885702,-0.051797729261076245)
 (0.91169267370499907,0.02002868871567327)
 (0.89728115642621531,-0.096137266599655824)
 (-0.95678454431643978,-0.067448298262956452)
 (1.0438540569750778,-0.035585393398264796)
 (-0.97293214509622195,-0.082533019877108135)
 (1.025933479479844,0.073722009931557544)
 (-0.9966721150080261,-0.018905562653205442)
 (-0.99876649227535375,-0.0080804528866803022)
 (-0.95678354670298582,-0.034072266234644752)
 (-1.0522268859109696,-0.014933364683525708)
 (0.97369987747482356,0.097033974404447873)
 (-0.99107303242601796,0.021738393221420276)
 (0.86912079540212639,-0.088495218777579543)
 (0.88443847704497025,0.020222880230034494)
 (0.9156539592618177,-0.077207101368228032)
 (-1.0090271089294072,0.087988826344269189)
 (1.022027392862654,-0.1801539714247096)
 (0.95370123214840929,-0.098400064924763886)
 (-1.0605898766834856,0.14705175387121827)
 (1.0153054727534403,0.0011196477873971701)
 (0.9098222029723313,0.072419934197391303)
 (-0.96906700947208124,-0.093453082789780498)
 (-0.99597172609894125,-0.082261560042854592)
 (0.88864876692238337,-0.079504996793580751)
 (1.0805448467887395,-0.075387607547735491)
 (0.95572061765474003,-0.060360237293921037)
 (-0.93426595333855855,0.09414717913838494)
 (-1.0143577876508298,-0.018751098414880891)
 (-0.92614101406613303,0.062181366409474595)
 (1.0294875212959829,0.028045969989283756)
 (-1.0582094119151242,0.0063589224348764494)
 (-0.90876269365109663,0.027531073303056177)
 (-0.92146781377509335,-0.20942516168425726)
