# Created by Octave 8.4.0, Thu Dec 11 09:47:20 2025 IST <gamana@Samsung>
# name: awgn20
# type: complex matrix
# rows: 2048
# columns: 1
 (0.98086133894987193,-0.11282056346546621)
 (0.99405208179600102,0.11098096512729357)
 (-1.0228942362713582,-0.046438050300820301)
 (-1.0604067242105872,0.13572056623333167)
 (-1.087878303792909,-0.035265947225901227)
 (0.89595534758302853,-0.035039995649579526)
 (-0.8965530515850052,0.12186372229364394)
 (-1.0058827756178972,0.0045524167540601452)
 (-0.97633958419295408,-0.027365472146963506)
 (0.99816523460067041,0.067584823687981882)
 (-1.1490674156887977,-0.028350848959759502)
 (-1.0471504249356174,0.10432973353355678)
 (1.0501596808482949,0.089666380285539207)
 (1.0144970370619868,0.0048236849781884174)
 (-1.0697359206520689,-0.05945977044018988)
 (-0.91561374486512281,0.0071071869170157608)
 (1.0765983049057855,-0.022698748550543043)
 (1.0789760684004772,-0.076559660266215815)
 (-0.92455273890026668,-0.025421734037206357)
 (-0.89425746693609254,-0.040318180978196928)
 (-0.98469689169703556,0.067150008796504596)
 (1.0504294126106131,-0.015778107777243703)
 (1.0800043136924382,0.0048139310449101871)
 (1.090925530412443,-0.041460145890340513)
 (-1.0792613779512905,-0.11252152342770466)
 (1.0653817686050369,-0.036525215147396928)
 (0.97738162429240916,-0.15935860389688961)
 (0.96325384796466607,0.042962448748533277)
 (-0.89120128816005506,0.039822989899469786)
 (-0.93586525030302758,0.022807078500263075)
 (-1.0244882064754317,0.072843571534881232)
 (1.0494883843239406,-0.082183046260947717)
 (-1.0250225536414839,-0.026579212177086638)
 (0.94519435365800752,-0.07639165274083709)
 (1.0245310595565309,-0.090388890503994485)
 (1.0108510670166027,0.11180936050424649)
 (-1.1012067797577356,0.047229174112739795)
 (1.025507596138894,0.044339669221063686)
 (-1.0190232642636186,0.017481570960803227)
 (0.94282234419472311,0.05697483190000735)
 (0.98769403573778991,-0.046566571429720871)
 (1.0542312026852307,0.053941914477799613)
 (1.0478816510060018,-0.1435353240056518)
 (-0.89850526208630155,-0.069388906395089517)
 (0.98596462770537607,-0.069836923497619149)
 (-0.90290618575411208,0.025769813065151043)
 (-1.016719462103254,0.098013473141650764)
 (0.97023838539729435,-0.070352795549053326)
 (0.97396986147162135,0.046256612699283918)
 (-0.95088096466988559,-0.0082317730833056726)
 (0.86171503635765312,0.023474260173648911)
 (1.0127128770371054,0.10156116112385238)
 (0.95532699000442989,-0.07051185768335537)
 (-0.93666769518280713,-0.048471103752313408)
 (0.96339843605898057,0.03422721702439268)
 (-1.0419311841812069,-0.15563733943839686)
 (0.94586163415837488,0.066052073919329171)
 (1.1396801699775587,-0.018571222155127628)
 (1.0217643751261551,0.17665171184724635)
 (-1.1739028375919256,-0.032398251546568092)
 (1.0590801197112401,-0.087238139721550659)
 (0.97728599849239106,0.01636558641984703)
 (1.0209678705813467,-0.13021682895394612)
 (1.0248625683234467,0.0017340541508467898)
 (0.90420177178324568,0.040982970199067138)
 (0.99958196295265489,-0.08490457287579023)
 (-1.1034983175182731,0.10019453793627926)
 (0.90135333149939312,-0.14861994252271485)
 (1.059148151932318,0.12375563146585505)
 (-0.97757653320195215,-0.081349950004198118)
 (-0.93839473042049804,0.11426475479847642)
 (0.8772543557862269,0.05503059428492324)
 (-1.0676551244491077,-0.081946045846530952)
 (-1.0400342509266935,-0.020330884614961919)
 (0.99005382059864555,-0.0077404534728043777)
 (0.94066814863247439,0.072216514711516452)
 (1.05866321317142,-0.041003959649881835)
 (-1.0084737506551356,-0.01325086793196413)
 (-1.0039166198157872,-0.12031137323840604)
 (-1.0119659300742931,0.087980633415859377)
 (-1.1954803371859386,-0.002477157847158554)
 (-0.91045015582365274,0.026510629318001095)
 (0.97862280564713577,-0.053093377459782168)
 (0.98059167037647699,0.053856974370148962)
 (-0.9155846042130209,0.058751151536648227)
 (-0.99496372304134018,-0.032276891640736438)
 (-1.0961823316932424,0.050601345018578575)
 (-0.92996513160194849,0.0064723712689251749)
 (1.026327984683737,-0.044591624521369666)
 (-0.98827275154513328,0.043003016606562874)
 (-1.041719060453544,-0.016510585272713325)
 (-1.087405725746835,0.10127001765531558)
 (-0.93781637364081405,0.11303972971533836)
 (-1.0551916656430933,0.063656997851214883)
 (-0.97232226020231105,-0.016270827029046291)
 (-1.0885573228111367,0.0037031855227877362)
 (1.061079022925467,0.04370575055401555)
 (-1.0937414738197284,0.069693652293713007)
 (1.0589553394066651,0.019890413625437951)
 (-1.027082667016914,0.035715800437536908)
 (-1.0115473873200276,0.017810222730136979)
 (0.9371701052382273,-0.021361846895363652)
 (0.94424107022444081,-0.052296869570197635)
 (0.9876062100254327,-0.061432866616784425)
 (0.9785932612779854,0.080348829012046596)
 (-0.89586697898680945,0.007430245730951488)
 (-0.94768294849900736,0.011828777331727845)
 (-1.0457620650855077,0.015273098457816315)
 (1.0904490951876247,-0.15890593522217328)
 (-1.0335987909959266,0.02540887658386003)
 (1.0732759403124001,0.017429551784923319)
 (-0.90854178828260668,0.0585257927421476)
 (1.0719409096195014,0.040316670969949828)
 (1.0908812987702083,0.017056484371483584)
 (0.95973474911693313,-0.017907637139641205)
 (1.1005074422580405,0.047208860329623258)
 (0.9915533727545276,0.074399920759643828)
 (0.98517936283345375,-0.05836029897096872)
 (1.1165255769850269,-0.039139862051642257)
 (-1.0772656635563977,-0.019573126027138565)
 (1.0432359812148355,-0.049739889468977859)
 (0.95196312024677465,-0.082303790918280731)
 (0.89635679093640885,0.10141317280682433)
 (-0.95366698010942941,0.096645840692995977)
 (1.0205174306459575,-0.012837139542921629)
 (-1.1249037486801448,0.02991804461371363)
 (-0.80174438316774688,-0.066490387016821445)
 (0.96557393342712527,-0.061046584447726183)
 (1.08673754684308,0.0052767297874718655)
 (1.0132811342614725,-0.057102620220213063)
 (-0.94913203158463033,0.0074477983596827535)
 (0.99398131883826857,0.13257058133193572)
 (-1.1340481566949747,-0.036612846505326771)
 (-0.9948938528073229,0.070974281343051338)
 (-1.0877723793984568,-0.050720258444281408)
 (1.0666639712835881,0.032003909965757395)
 (-0.98972996246069767,-0.029567913311589825)
 (0.93498543239967502,0.077211547250294374)
 (-1.0163828312124965,-0.080233668561315016)
 (-1.0395724427145623,-0.12821667189395627)
 (1.0333954173114086,-0.07194592222057028)
 (1.0794431169476411,0.16120880827008088)
 (0.99509870917466359,-0.12168961819155602)
 (1.0230054953337679,0.054888533123579213)
 (-0.97478378925388232,-0.1189643622078477)
 (-0.90457002138257747,-0.022290119317288061)
 (0.99157555047452473,-0.034818322313896338)
 (1.0715096619522586,0.0076145729879088138)
 (-1.024991013671211,0.13145564005298616)
 (1.0087206181256563,0.092487016572000494)
 (0.97508565206483044,0.03835139379324614)
 (1.0257003505665581,0.018769638351485405)
 (0.93107985176153463,0.078253416870961573)
 (0.90765780406025576,0.032811724942091496)
 (1.030061065054666,-0.014755549342026567)
 (0.96334590031765555,0.047945894554761587)
 (-1.172900006503218,0.084936295822165234)
 (0.97272602973870537,-0.066893772918967823)
 (-0.88646454967245003,-0.13086394198336829)
 (1.0024994123490394,-0.068442788028948223)
 (-0.97226725730693087,0.085909050982651058)
 (-0.92559259407245886,0.027441352586383749)
 (-1.0131482481851124,-0.052094572507390149)
 (1.0788827487268851,0.032999215666313766)
 (-1.0074275336882546,0.010009448251516772)
 (1.0808850100588718,0.11306208227849156)
 (-0.9472169243046823,0.057947718196431575)
 (0.98251158685503337,0.017634901522910189)
 (-1.0161535350197854,-0.021960067048252156)
 (0.94965113770550336,0.0055214179253732345)
 (-0.97265406428449186,0.03924969563654105)
 (-1.0009832127102416,0.0021524463982028458)
 (1.0783213653043415,-0.031464930961279058)
 (-0.96860447902689439,-0.051951162345845028)
 (-1.1122930082074498,-0.21797610690661631)
 (0.96803316506825121,0.15409820257931528)
 (0.95135563435602988,0.096810759498893145)
 (1.0696596693897225,0.054369849374200065)
