# Created by Octave 8.4.0, Thu Dec 11 09:47:20 2025 IST <gamana@Samsung>
# name: awgn20
# type: complex matrix
# rows: 2048
# columns: 1
 (-0.9815734334137296,0.14830091271085338)
 (-1.0539866424068061,-0.036746803027291747)
 (0.92453703580738233,-0.022119488084621747)
 (-0.90582530997757738,0.0073771131570901996)
 (1.0406998916956378,-0.014586303940186233)
 (0.95413576862272087,-0.038714370726174369)
 (0.88109246854612866,0.1613413898196388)
 (1.0308993634884636,-0.037437736540424656)
 (-0.9417658114626517,-0.065890403616871554)
 (-0.88930022269921061,-0.065612203219157561)
 (1.0452058908999755,-0.026978338932930168)
 (-1.0721104432184425,-0.14651191575798334)
 (0.90476613978740494,-0.032294406421397706)
 (-0.99118912422092476,0.18121866085547633)
 (1.1074221797341304,-0.024542167358994754)
 (-1.1097490930787761,0.030972090458195795)
 (-0.96599933036159846,0.050945677225826637)
 (-1.0508937999568246,0.085615369436546129)
 (0.99711471074754932,-0.1716401806564645)
 (0.99195711746703497,-0.074356848963608266)
 (0.90650622716288776,-0.056535011223251379)
 (1.0193834516174922,-0.06841586747445326)
 (1.0198459080035363,0.06524005217036484)
 (1.0184969411578761,-0.052675907264123911)
 (0.98685941493758911,0.048134819660584506)
 (0.89035317314967199,0.010981718330081396)
 (1.1652320393930529,-0.047602692056200588)
 (1.1517471349711379,-0.0050971255747927352)
 (-1.0585219110510837,0.041522408443083643)
 (-1.0676277748290284,-0.057488994296334542)
 (-0.91042336021728598,-0.041873251879399519)
 (1.0154122431858623,-0.088797341638255756)
 (0.92967804084170025,-0.046051751396074932)
 (1.0728207809988317,-0.016742870293262088)
 (0.96507268156029136,0.058715751419587507)
 (-0.97721741456457911,-0.056762636207694318)
 (0.86612306480928591,0.039069692568920532)
 (0.98829044586795944,-0.018350969016446388)
 (-0.94555663825337444,0.074098460329381416)
 (-0.88030709443786681,-0.13430026162875827)
 (-1.0114086446690698,0.045942438662998394)
 (-0.90061521034735448,-0.030502430343195448)
 (0.93680669170418052,0.0001389692053245378)
 (0.98421096975848699,0.065122905034801823)
 (0.94630036048189314,-0.014583444142841817)
 (-0.87528042444115717,0.016330974007382225)
 (0.9696509646764685,0.032769594992189302)
 (-0.91840696351865225,-0.027159004886010408)
 (1.0459277235048428,-0.035286689081579906)
 (-0.98756040648940768,-0.022584467269507393)
 (-1.0387901898680594,-0.022464013816508869)
 (1.0327919016151088,0.085091110391881664)
 (-1.0429352878774929,-0.086245078872020861)
 (-0.8173543916402517,0.039126339795944431)
 (1.1032807615554383,0.033640867405031784)
 (0.89484593607780849,-0.095021509288849629)
 (1.021906278398119,0.11818799627923869)
 (-0.9551291709199482,0.1581505634975818)
 (1.0623075131886091,-0.081989510436409119)
 (-0.9590308546724331,-0.012052667675665098)
 (-1.0142613524745145,-0.022843436214498771)
 (0.97341902198600927,0.0051247522663538008)
 (-1.0137850903664392,0.13450420703776023)
 (-1.0488690102651248,-0.039378940898981474)
 (1.0340303242459867,0.037323550803509853)
 (0.87876738405193899,-0.060706882166593118)
 (-0.91315877456925321,-0.083797840165677567)
 (-1.0744919901071981,-0.062792265599529204)
 (-1.1813868208834704,0.066427478154959557)
 (1.018886609259541,-0.032698200545724018)
 (-1.0393979775248801,-0.13818884037826509)
 (-0.98911892265578938,-0.10975236310811627)
 (-1.0854174674693708,-0.098703224987852584)
 (-0.83466905108283929,-0.013004014915221544)
 (1.1076452298674375,-0.028314057998426252)
 (-1.1079891037861609,-0.048312202227063158)
 (1.0080083828076856,-0.06467846943300401)
 (0.93596575656248626,-0.12246428981029672)
 (-1.0619957705249372,-0.11326844942032877)
 (1.0356272683627357,-0.023302700821412354)
 (1.0359071599245835,-0.02085867769858285)
 (1.0105064304840297,0.085716651968874721)
 (-0.96907281659757305,0.02654549445461293)
 (-1.0879754455326327,0.032737557752181068)
 (-0.95243542380084978,-0.007386306424454387)
 (0.95731906600281036,0.073471986407085105)
 (1.0543883027485266,0.033908980180078284)
 (-1.0194537982489309,-0.0042594082707927373)
 (-0.88135696828506371,0.047899127431620218)
 (-0.85217538946468396,-0.17968290154535821)
 (1.0595331031005777,0.07133085272979188)
 (1.0109995098508,-0.075691170656410053)
 (0.96854755460231179,-0.045514930307910227)
 (0.97556674371244745,-0.11211335897130391)
 (-1.0144556772965694,-0.077570314128444381)
 (1.051476041293254,0.025907454214276645)
 (-1.0401686895176545,0.075295528587925709)
 (1.0309424176866597,-0.070217654864531048)
 (0.94976532752140896,0.035682870272007949)
 (0.9227055428430273,0.063323114828438096)
 (0.95463507829546135,-0.057918512380765633)
 (0.94593686498510332,0.098971457156635079)
 (-0.98798436372897669,0.056814126281951254)
 (-1.042778277476514,0.078978709846879019)
 (1.0459577774443114,0.026660138533675739)
 (-0.99368576883216941,-0.05364477080471123)
 (1.0538738292200285,-0.063508003198899474)
 (-1.2016810397371334,-0.034185725227523382)
 (0.92434878715644953,-0.0079693092162168629)
 (-1.095277869439393,-0.0018332407835562976)
 (1.0091267348295252,-0.040788020465697267)
 (0.97771719795347722,0.16124433518018477)
 (1.0097279224771543,0.098008018306379355)
 (-1.0362845792174036,-0.0083362501800854621)
 (1.0661295708773024,0.050367279470538241)
 (-1.0212767975368191,-0.10702504715366259)
 (-1.162281339628227,0.035694072697128709)
 (-0.95541370203505716,0.13341246881173296)
 (-1.0198751531177177,-0.069933962709975553)
 (-0.88492736667304528,0.063881455019902583)
 (-0.88531986835976884,-0.054178771028230127)
 (0.96266331596368515,-0.10743180376950873)
 (-0.8370207746505437,-0.013211455558442409)
 (-1.1714398836037589,-0.13383484171640711)
 (-0.97667644028081857,-0.025563435380165873)
 (1.0801939750153791,-0.11891387267044218)
 (-0.95095574654252668,0.031017156292527812)
 (1.0603285614464246,0.0024510800154262918)
 (-1.1020770140029743,0.053717154255124439)
 (-1.0237948732199968,-0.017205274373172871)
 (-0.96935895393945959,0.059404307042909943)
 (1.0670922056632159,0.068878742842864091)
 (0.98043502059256171,0.073648919385515654)
 (-1.0500326805083822,-0.066881485396247928)
 (0.97905603155550935,-0.017946550690592995)
 (0.93793892462833084,-0.067823390476637754)
 (1.0069891416387318,-0.014578607659042842)
 (0.9990360343951542,-0.09459202660360426)
 (-0.99062560609279526,0.10227250467911803)
 (0.90144745286021899,0.084387622276528421)
 (-0.97947421972601634,0.086731830376032187)
 (-1.0544740858947328,-0.013772825887824343)
 (0.92234709452579644,0.058064273491646258)
 (-0.85078685641728169,-0.01856518731494233)
 (-1.0044377586488453,0.0010127383078427127)
 (0.94032101874215068,0.038392755283120548)
 (-1.0441925497207263,0.069650011191886074)
 (1.1206500854787256,0.072204980206710442)
 (0.94569316819706661,0.092293078105379331)
 (0.88320061734469091,0.12414422218395903)
 (1.0632425435537043,0.12614303293985901)
 (1.0415908643915808,-0.075396848496422406)
 (-0.96943004651172593,0.03387791333051951)
 (-0.89389120812511791,0.071523042357421726)
 (-1.1025969351536475,0.10557755262433309)
 (-1.1135653378962902,0.069181274202000653)
 (-0.99125249074206911,-0.0051708756186440614)
 (0.92619752767149643,0.056994822579162899)
 (0.98609091271938354,0.072772632079492236)
 (1.0070852420433341,-0.047936301004048831)
 (0.8678994245852294,-0.14897038386092951)
 (-1.2082934185956744,0.13345329480304866)
 (0.98338904556398754,-0.0039475369266951232)
 (-1.0963748687393178,-0.035222123315158824)
 (0.99220884897665684,-0.040090145446502731)
 (-1.0331176593380178,-0.0035187221915045385)
 (-1.0434563936768202,0.10452107429668632)
 (1.0293064116531787,0.042844677347787748)
 (1.057022076515461,0.17285969708064408)
 (0.94572551861994369,-0.044589132977888281)
 (-1.0285489644377896,-0.000913497978719928)
 (-0.85953884390926238,-0.015873256717744606)
 (0.93383234472339594,0.017823718021077524)
 (0.94528714580212947,0.062334699041045084)
 (1.0094117352745824,0.1065936454366022)
 (-1.0566173591275172,-0.01699293792689725)
 (0.9590035625748925,-0.049599205462403734)
