# Created by Octave 8.4.0, Thu Dec 11 09:47:21 2025 IST <gamana@Samsung>
# name: awgn20
# type: complex matrix
# rows: 2048
# columns: 1
 (-1.0472890268830499,0.054520142585305735)
 (1.1189436350920767,-0.17812866960328932)
 (-1.0200836102876034,0.010712284996635395)
 (0.91578544682754659,0.025007090313173708)
 (0.94387580794543757,0.092428138258144499)
 (-1.0092960402118005,0.0081764968069825521)
 (-0.94015939295885764,0.023855757454720933)
 (0.93957990277227599,0.07217524531433088)
 (0.98980188917325373,-0.045480270401589001)
 (0.97029503264452854,0.063226233697102299)
 (-1.0347308069808414,0.049628187079481065)
 (1.0827574554213564,0.067179716756179952)
 (0.95393677653478826,0.046678309759546927)
 (-1.0864317492624203,-0.0068203416198829737)
 (1.0511461546225258,-0.042210623955835885)
 (-1.0248942701477812,0.022729965135487362)
 (0.86472352259259755,0.015677183439435451)
 (1.0063861246144019,-0.010197867221349532)
 (-1.0008540789353053,0.0097064514012561477)
 (-1.0648492872731969,0.019854969042914027)
 (1.090465230029418,-0.032769933079607544)
 (1.0847744958092225,0.00049160562436221156)
 (0.84733610710174501,0.098614352705369002)
 (1.0107329854489788,-0.088192723733453826)
 (-1.0071949674254983,0.10085443888062845)
 (0.98231169145549246,-0.031326040458848035)
 (0.92610109747273228,-0.13136318987028403)
 (-1.0298758792952925,0.056982425031216755)
 (-0.85976259607993111,-0.036890844960270952)
 (-0.95146208059693749,-0.041242321178995879)
 (0.99424433036855164,-0.077802622443309474)
 (0.98233949096457929,0.15024871159886932)
 (-0.96766226887335816,0.053655922415781467)
 (-1.1073864648174498,-0.024185972300979814)
 (-0.95739848357387636,-0.015718165305326784)
 (-1.09078271478004,-0.15253989145938027)
 (1.0494872096546459,0.058149800003347629)
 (-0.95968470532857852,-0.069189180012121737)
 (1.0107672571959718,-0.07321815289183331)
 (-1.0308560710197128,-0.051680279819459302)
 (-1.0138607519528424,0.030305407114733163)
 (0.96766876294039217,-0.028833351191094061)
 (-1.0108410139842594,-0.045727896844123206)
 (-1.0623755790847078,0.051217577800016671)
 (0.98138572512802369,-0.03907447629631073)
 (0.92512894438644955,0.13825643072049376)
 (1.0159987401433119,-0.1577284761156558)
 (1.0076296764541024,-0.0038038023665167456)
 (-1.0358105981829027,-0.1282998620368016)
 (1.0072004046775713,-0.024041630299270547)
 (1.057251900595604,0.0072411498108573896)
 (0.90595973065103208,0.12551841820935689)
 (-0.98961394166886529,0.086395395171150663)
 (1.0134971034383551,-0.13478047741173366)
 (1.0872120598162152,-0.11658011087790801)
 (-0.99499871886217928,-0.015936051864410973)
 (1.0320929391398146,-0.078941422727113908)
 (-1.0121959533042706,-0.073931213639657697)
 (1.0049247490807458,-0.038489996938942672)
 (0.9675846406927695,-0.0019134182298001443)
 (-0.95224925217160394,-0.0037423667325111364)
 (-0.9918017216565701,0.028872862861811649)
 (0.90912128905585787,-0.12262636370214504)
 (-0.90667907902447342,-0.053280107571334223)
 (1.0253927771277598,-0.036405050306355873)
 (0.98707031974506598,-0.042354597003456569)
 (0.97123135385706016,-0.048054679010399115)
 (-0.9213368276413697,-0.027574360889095123)
 (0.98779422572317765,-0.085419929232411318)
 (0.94051807622986205,0.11909662553732914)
 (1.001751986846285,-0.059860802981738404)
 (0.95251297159770365,-0.012329299549371281)
 (-0.97043461447301516,0.066666705907914056)
 (-1.1084131368261136,-0.12583597886491243)
 (-1.0417799987437069,-0.025073624481572705)
 (0.93276835650818923,-0.020924603417565184)
 (-1.1775716985127029,-0.03057719040160501)
 (1.0321140828112383,0.0031164553529612212)
 (0.95241372533142477,0.0034666940800675613)
 (-1.0373306627987375,0.0016235119893219026)
 (0.98978763152034277,-0.049090180092037666)
 (1.0760045315753231,-0.13159720797945756)
 (-1.0383339224903028,-0.059062831294908504)
 (0.82663267626701886,0.066195242157079795)
 (-0.94664607469543516,0.024306730557043174)
 (1.0722017889408522,-0.035734221227096748)
 (-1.0727158859689736,0.016318046001892208)
 (-1.0008747380024221,0.010815141628320857)
 (0.90151950164012984,-0.12227681870631263)
 (0.92499254866621472,0.11720068617301911)
 (1.1527191551979425,0.029017452258411115)
 (0.99104918023470112,0.034788620193332419)
 (-0.92345836992577479,-0.055671846587658093)
 (-1.0047009044532982,0.0307760910521898)
 (-1.0360750139181625,-0.16288474877253112)
 (-0.93177227743301638,-0.012925160327320929)
 (1.0507933318353699,-0.10967740565124605)
 (-0.97924832975788456,0.10911428321746722)
 (-1.0791976345417962,0.069127506489631674)
 (0.88451906615874965,0.081722347112746452)
 (-0.99792648356867497,0.12386719223143042)
 (1.0243976900541261,0.054138228798441747)
 (1.1032742381887168,0.028262490877499127)
 (-0.92943578454312081,-0.05829545951577484)
 (0.95279415165545367,0.039260141700505902)
 (1.013209122781173,0.099564400461220795)
 (-0.97048109409438255,-0.1190537152114505)
 (-1.0585347916739798,0.081028025517458385)
 (-1.0428788683082684,-0.11074842749892488)
 (1.0834520112921735,0.025930451699354592)
 (1.0144250817913474,0.11675648685765341)
 (0.93490242533953971,-0.045647104074336559)
 (-1.008609742269182,0.098395855199285051)
 (-0.98696787760703519,-0.063710936523275044)
 (1.0471733597974742,0.088731837622536752)
 (0.8910596809115342,0.00041376595849260594)
 (1.0013672296578484,0.035865451256320804)
 (-1.1208247562646152,-0.047187498611146218)
 (-0.89907042745059385,0.068039635210929497)
 (1.1131420051399004,-0.079317832972321145)
 (-0.99993223124768804,-0.0005191121070071557)
 (-1.0310037939842058,-0.12747493502270821)
 (-1.0727793691570839,-0.00066145938460171602)
 (0.94332544798403761,-0.050812485136670318)
 (1.0482281564052098,-0.016473574720574351)
 (1.1684647190654482,0.066711309903936131)
 (-1.0296719919745072,0.1725777873971707)
 (-1.032171190598085,0.043201507915556686)
 (0.97780885733204315,-0.074073250270783417)
 (-1.0909382210145315,0.016817005806759516)
 (1.0658722302691654,-0.040347569251236712)
 (1.1217608354008735,0.025010814876175676)
 (-1.0671265235468366,0.069089289874858503)
 (0.99825740526852413,0.057200050177033016)
 (1.1153536734266345,-0.0033948401636171633)
 (-1.1094909560872186,0.16165987093543899)
 (-0.91734252288812745,-0.030021384266336094)
 (1.2248268334949615,-0.088263576603164251)
 (-0.91059355331158409,-0.041106062724302561)
 (0.94654854154446555,0.054204595923611334)
 (1.0890663060037804,0.019669012130942576)
 (-1.0680988617006772,-0.058393072894821374)
 (0.91338680915521497,0.011658635663911156)
 (-0.89620101430363897,-0.13523060572278595)
 (-1.0574620357312889,0.063358052752713612)
 (-1.0119791783298597,-0.05626486920309387)
 (-1.01406293548018,-0.067026895808795089)
 (1.0402162641725485,-0.0096758458626490292)
 (-1.0526088386535817,-0.054939734848721777)
 (1.0426092035128931,-0.030221793422411269)
 (-1.0110829953618303,-0.090487112388928453)
 (0.96690778106740805,0.098721433818225499)
 (0.99509360515485423,-0.010393594654536202)
 (-0.99589681729513857,0.16336789779575489)
 (-1.0435867361974658,0.024832670812879234)
 (0.91265827882923656,-0.05328725874250783)
 (-1.0213331703599917,-0.031141191781557512)
 (-0.99895539176335524,0.052213121014475276)
 (-0.97384349888749755,-0.093231491773549405)
 (0.96595562414739755,0.054997547485095589)
 (1.1063362787389022,0.064154414570206458)
 (-0.90649795621352092,0.011922212090090874)
 (-0.93551882567354849,-0.12597506571106298)
 (1.0213704579788316,-0.019228959668645879)
 (1.1503912834400492,-0.030515972006283178)
 (1.016095766908151,0.043208462068965448)
 (1.0109563206344132,0.0057363040051873022)
 (1.1740025950116308,0.052438577463303618)
 (0.9517497132115269,0.026434594771377946)
 (0.94144199505758741,-0.080495966589341078)
 (-1.0433136397249514,0.070608451121057431)
 (1.0393376214899064,0.015252573077308866)
 (-1.0146066253179911,-0.048296825887245487)
 (-0.93065094065888176,-0.095456669907315828)
 (1.1494993484453531,-0.089082585811413262)
 (-1.0670204527130627,0.076902513813153481)
 (0.9729344682586043,-0.064467222238356922)
