# Created by Octave 8.4.0, Thu Dec 11 09:47:21 2025 IST <gamana@Samsung>
# name: rician
# type: complex matrix
# rows: 2048
# columns: 1
 (-1.5309878291613392,-0.58630025801528196)
 (-1.4210859682092432,-0.24227146786166304)
 (-0.83969395746688813,0.15529113470736958)
 (-0.7401113140872787,-0.25636097643845546)
 (1.2942665458812481,-0.075158311263050018)
 (1.2952930737843866,-0.026283818700402754)
 (-0.47427271955175243,0.036349325755170726)
 (-0.53858946799425811,-0.066848621576768547)
 (-1.2261322834395119,-0.17578919580759442)
 (1.2067363661107904,0.88443704518368615)
 (0.34485623748787531,0.2382560468704599)
 (1.1127386308539626,-0.60683456555467996)
 (-0.87250223148358075,-0.25464627926231148)
 (0.75692681973708642,-0.33771670499505346)
 (1.2674827761983873,-0.034441426046851881)
 (-0.70105488550609163,0.17385186327876878)
 (-0.70143243908683894,0.20299819531674446)
 (0.76816699748808426,-0.063902730015591894)
 (-0.73104756356196565,-0.48676859409293566)
 (0.92958165935166193,0.094294852970444876)
 (-1.1059237245008131,-0.4670841309382035)
 (-0.91979656218155059,-0.45049913193479024)
 (0.36714428517522169,-0.58276478437053691)
 (0.22281379386045874,0.19858936414827638)
 (-0.86875546980069984,-0.4655959811865843)
 (-0.74597597002083671,-0.52563130809294689)
 (-1.6771653740331569,-0.35586641177855577)
 (0.37336644896970561,-0.37983609795263074)
 (-0.49036778140316634,0.41582915044533747)
 (-1.0887887995274967,-0.2002201564205538)
 (-0.52381036828853134,-0.10281616707297871)
 (-0.1941768478749939,-0.021863221961617763)
 (1.8587258464855312,0.34233060069870935)
 (-1.3185247754177329,-0.36455879508949551)
 (-0.32829283754082417,-0.10747662349891904)
 (1.690762781780162,-0.43511578696422026)
 (-1.1666757691654939,-0.1131214491607586)
 (-0.32575781549205951,-0.43430880331152938)
 (-0.80109288757063524,-0.19399103515579999)
 (1.1371402121669549,0.61633223037928442)
 (-0.55855527906364566,-0.083993849115028829)
 (-1.0953988132180013,0.059473847147065183)
 (0.88943933788339757,-0.49049769095204687)
 (-0.47968369194335059,-0.0020281714236707622)
 (-0.69863692379289222,-0.13715634140778191)
 (-0.73968924051182117,0.55873450885095932)
 (1.1380561634339565,-0.15985086910592256)
 (-0.76789524448077373,0.12480193093124423)
 (-0.56599549266718563,0.28845337000045501)
 (-0.72838249787834086,0.21812511998736253)
 (0.62957040500214845,0.022665600298097641)
 (0.40357329465458841,-0.019398353132683586)
 (0.56474378592396557,-0.091940030997966646)
 (-1.1751967430230357,0.059332020267054759)
 (1.4931399497270708,-0.30826400168118379)
 (0.68063161639096115,0.033775596762050844)
 (1.3873497721373331,0.13266287981433569)
 (-0.20841429255961297,0.26260071284345549)
 (-1.0578520543305101,0.40732001689393316)
 (-1.319127574863028,0.38398635854677082)
 (-0.64248242204190753,-0.20095272772068237)
 (-0.73576556224702827,0.2103633804745951)
 (-0.36187852309870761,0.07551518726579981)
 (1.1713771070278138,-0.11846892740137921)
 (-0.40483303608170362,-0.095361852335399039)
 (-0.51483556172282841,0.27884828482414997)
 (0.43272484893267127,0.78635208048577543)
 (-0.59384304720679615,-0.064099996570515141)
 (-0.73836361503739167,0.15465452985456823)
 (-1.4854151904851915,0.037395293581069258)
 (-0.64154026178701784,-0.20540250967445622)
 (1.0537113989729261,-0.014980105881151869)
 (-0.78201724665362782,-0.08473554436289539)
 (-0.16693326528908825,0.3315509015286553)
 (-0.78983593913390671,-0.2058233829494848)
 (1.0306780726184104,-0.40264525063625639)
 (1.1175635620653437,0.45859351311005803)
 (-1.1291030078214188,-0.38499822076032209)
 (-0.21062295083986249,-0.47762711801765367)
 (-0.46634992439711648,-0.17416782205473919)
 (0.68438623837135182,0.020433551419871524)
 (0.39350868751678997,0.43576862746881256)
 (0.80715324075503114,-0.15775676954475595)
 (0.60142143096680001,0.13311215205569335)
 (1.1940312625339242,0.47850215987412481)
 (-1.4744957301431356,0.64541683490936519)
 (-0.58918750598300318,0.36987657477725971)
 (-1.0119410734397534,0.38512440038051027)
 (0.93350830498695414,-0.16063524526098114)
 (-1.103335047084874,0.075209076940814468)
 (1.2693703726402317,-0.20212664074195322)
 (0.87472666864434978,0.079772629063146555)
 (-0.43980156117783364,-0.45844604537592498)
 (-0.84105964949109591,-0.024433372612725341)
 (0.70337681338470937,0.17728629124581621)
 (-1.334266399520692,0.37354132654911948)
 (1.1316177964630509,-0.069529642322370813)
 (1.693689632121163,0.2860242146731905)
 (0.71107132281190921,-0.06341318945596032)
 (-0.98086094353023301,0.25478887564277908)
 (-0.50462995385204767,0.3385636524501065)
 (-1.1764006284316297,0.35055041917008195)
 (1.0243399978318097,0.1552283619932579)
 (0.84214288600949427,-0.19876909730304013)
 (-1.1215682035311547,0.43530988495552064)
 (1.0491418562804431,-0.083622799666232928)
 (0.19534788746573928,-0.37703512729366839)
 (0.41852297124393695,-0.13039921305546068)
 (0.32424204089663011,0.35953935062223552)
 (-1.4319280003768169,-0.079553668489110052)
 (-0.65809715981703931,0.35543972449801353)
 (0.8636080329888205,-0.092036383753990661)
 (0.75200124265963086,-0.38991630348530676)
 (0.79762718930723464,-0.05361803489712514)
 (0.31726169002504157,0.34946732597980262)
 (1.0895702392392002,-0.24638733243204577)
 (-0.97351594791147289,-0.094824153368006578)
 (-0.69849290358786309,0.25319147698784039)
 (0.61306416690090737,0.018775752258367785)
 (1.6836522764015243,0.70926751039675273)
 (0.29861071973893716,-0.46342538977252229)
 (1.1350730414574088,0.071624854221667228)
 (1.0946703002122318,-0.34532823563529685)
 (-0.53324499485620658,-0.239443014928922)
 (-0.93895477909183123,-0.53605982942959141)
 (0.55566480533940965,0.347884730791297)
 (-0.81614639174049808,-0.30555126429572738)
 (-0.92543747164375179,0.54639961556861183)
 (0.95407647774522408,-0.44593293372660064)
 (-0.58147146701393937,-0.032087513380505965)
 (-1.1854648241445578,0.24366305998191304)
 (-0.53231390404996715,0.36639194338831432)
 (-0.73687319902720683,0.25271804912499352)
 (-0.268386954917888,0.06988086042097473)
 (-1.1603517247460631,0.41698233186236527)
 (-0.54013289293034061,-0.21564880717570023)
 (0.62309296766990629,-0.635236797752183)
 (0.61996875991172828,0.14243908962271423)
 (1.3295236236881223,-0.80022662819003465)
 (0.62204553580213273,0.77773835723658469)
 (-1.3762844425485041,0.053835686259409855)
 (-0.35523972586386021,-0.5738555667254589)
 (0.8246959612875655,0.33653166015566272)
 (0.69505002029947938,-0.57116146066393036)
 (-1.2966065386711783,0.41814153664668147)
 (0.7553415783848193,0.25700690454471398)
 (-0.84533022151112014,-0.058070414197497679)
 (1.5735743566313025,-0.36363455964394986)
 (-1.0040794383868692,-0.62445359863170247)
 (1.1585185693070048,0.087655205002419315)
 (-0.57076552695267779,0.30995358060134998)
 (0.79998879486075036,0.50503498191599627)
 (-1.2912870027332728,-0.227516491779157)
 (0.26223291802215443,-0.44170725427029872)
 (0.90179598816512729,0.39069616015799374)
 (-0.90478357889317074,0.34978835970504979)
 (1.1493801528381908,0.41349773711476728)
 (0.64757307705902667,0.81590770648750266)
 (0.78969462748042774,0.32125575183469507)
 (-1.2225587329901553,0.13362448494505055)
 (-1.1232836001687225,-0.22080857847648647)
 (0.41123180465268644,0.018538607887619161)
 (0.2587566162719217,-0.33186543765794763)
 (-1.2492181530982018,0.20894904910823794)
 (-1.0090542169662196,0.21021741799002089)
 (1.3838227647668622,-0.87034775514240525)
 (-1.579301892021193,-0.21948800931723575)
 (0.73856195738995856,-0.46828910960939435)
 (-1.0419701464824529,0.22470560650512003)
 (-1.4972977397462994,-0.43133278892571275)
 (0.71030942401427399,0.25433583234940244)
 (0.74505471292629422,0.059447048760818431)
 (0.77998468694967271,0.19688491851006445)
 (-0.82465467150653271,-0.10482829459179627)
 (1.7843388008347931,0.47657724043553618)
 (-1.1768069920078237,0.23767557876828582)
 (-1.2343707218208846,0.4518886645446108)
 (0.79184903563404352,0.85817802096468598)
 (0.90907336095707969,0.18015071747681696)
