# Created by Octave 8.4.0, Thu Dec 11 09:47:21 2025 IST <gamana@Samsung>
# name: rician
# type: complex matrix
# rows: 2048
# columns: 1
 (1.0335759271103735,-0.13442345640078915)
 (-0.81447974345423013,0.20359020991090029)
 (-0.96100377817162441,-0.21247860652235995)
 (0.6994802804287249,0.020503061228611758)
 (0.87574156018814087,-0.35296339105765706)
 (0.18411015777412454,0.21988873152534252)
 (0.38776366946995533,0.25182611990789588)
 (0.29090658096243349,0.11706106977928921)
 (0.8180215120534664,-0.38280469710502252)
 (-0.88477602789166365,0.13629799379279325)
 (0.61048370483241221,0.24508668848440432)
 (0.57535191447302858,0.036177996099255524)
 (-0.60067922185006861,-0.18902516872854908)
 (0.83300491293459544,-0.04455002881409105)
 (0.68542460431074881,-0.1113575298481176)
 (-0.53969584202678256,0.053299199694794311)
 (0.54030040710376792,0.40269689723441121)
 (0.73605798852592186,-0.0329025961732387)
 (-1.3457226194344414,0.27272203783794413)
 (-0.97063491295926085,0.59012708248529877)
 (-1.2122995099694867,0.020014392277551342)
 (0.32557302729291915,0.14837583253256015)
 (-1.1701714228746047,-0.12557000956621478)
 (-0.88630535001317701,0.32481758831972557)
 (-0.82837350112782138,-0.57206136145553588)
 (1.0626186056173514,-0.026921925275225689)
 (-0.83033369606428797,0.13672899955656984)
 (-1.4643549631764037,-0.50029110158111278)
 (0.91503982579865506,-0.014599467759928032)
 (-0.97421915601560771,-0.62487359518685459)
 (0.6556442179895533,0.14329009970838966)
 (0.070376230172365717,-0.3226735123026569)
 (-1.0685937004945727,-0.014203695316697762)
 (-0.89711540735552087,0.035369682685856933)
 (0.78708938111709714,0.089507019606466634)
 (-0.640569087643582,-0.28191278577180867)
 (0.64425339236694679,0.012204391648359226)
 (-0.30051788712221639,-0.34721539624318376)
 (-0.11144138223877043,0.42149553380521959)
 (-0.40098197759862475,-0.68423535290162862)
 (-1.1730062529111764,0.092859369438439907)
 (-1.2153382968291293,-0.28233696370320321)
 (0.57484729890097719,0.23270013325738104)
 (-0.57122266951215406,0.18541234927681438)
 (-1.3627981507631715,-0.059281498024352473)
 (-0.93703185662193222,0.17710197193885324)
 (1.225534655696608,-0.22161570761222268)
 (-1.0707328005931556,0.054570117610973946)
 (-0.65158204597730363,0.43315677014495907)
 (-0.84269812673948619,-0.79533090385113547)
 (-0.983813506107445,-0.1849273588226199)
 (-1.3149432478498309,-0.4126568974826611)
 (-0.57715020159278163,0.30065513224869528)
 (-1.479490383860103,-0.31232829653163607)
 (0.56429468225656887,-0.086904566244580844)
 (1.4432695199622965,0.44558208271568117)
 (-0.66550266747431408,0.32316521531859355)
 (-1.1849800877850165,0.26699448630067812)
 (0.67190601416532469,-0.53287760781770099)
 (0.14163006105020537,-0.16810035840830972)
 (-1.0227352630665181,-0.060797322236967613)
 (-0.64612206751783963,-0.27253814997564291)
 (0.75052623876813873,-0.28655812676189424)
 (0.94313006257613174,-0.047740099858023542)
 (-0.71345546206193799,-0.52071519030186653)
 (0.45465876307053027,0.050327880747484656)
 (-0.078465806658265413,0.217014172295034)
 (-1.1040409067123633,-0.45148134455939914)
 (1.1267031910201584,0.17181801916266873)
 (0.78213310183740015,-0.022282730428591219)
 (0.68090280341684695,-0.11752269548101216)
 (-0.53293681647495983,0.11204633487109436)
 (-0.38031783544839171,-0.16610728675955996)
 (0.37289011381515236,0.57349233133624833)
 (1.2405327428531567,0.31324728547611863)
 (0.79870698591128142,0.19207834076143757)
 (-0.61766817408167729,0.14250154688786451)
 (0.47886319533716837,0.55527898714542956)
 (0.62093639647471033,-0.10374197341263589)
 (-0.89684026073118372,0.79900209171969427)
 (-1.7879710713375707,-0.2392276796099351)
 (-0.46076256564731888,-0.13218569119003259)
 (-0.83777075933938849,0.44025089892659236)
 (-0.15337342598640935,-0.26739497907412002)
 (-1.1220962807385892,0.0215304464132208)
 (-0.64208462060561955,0.90664014075641874)
 (0.51009330384129947,0.3493668343410028)
 (-0.91645345873155415,-0.18980429580831149)
 (-0.5488562140814377,-0.18897964333245856)
 (0.761022833335952,0.2247636336930775)
 (-0.37749208390995581,-0.34728523869574196)
 (-0.99490258864775438,0.27460773751063949)
 (0.31998249261380129,0.5436857759158652)
 (-0.46930407180445022,-0.43757399673747016)
 (0.35053475230056952,-0.45826485394333039)
 (-1.302890556817021,-0.0024851184886867227)
 (1.3017103313280318,0.10617097404710317)
 (1.0122034356249348,0.72380522734157615)
 (0.99418645748125223,0.012473061048846353)
 (-1.0595831940543887,-0.16294468333784246)
 (-0.79300011737316456,0.29876555497913171)
 (1.414623888554069,0.075695422550702773)
 (-1.6376124074111815,0.33591429302483594)
 (1.1062728953055918,0.12455260089668992)
 (0.97802001786163539,-0.49011473391227095)
 (1.5991485820005991,0.32679352283956009)
 (-0.71908842810868956,0.18628869617430355)
 (0.5067480386144585,-0.46920068330801712)
 (1.2134571148493121,0.57360262546687224)
 (-0.57135464530664093,0.14368271820583015)
 (-1.4834827354674482,0.5472659934133477)
 (-1.0363182394525119,-0.16391080093450011)
 (1.6211901315235997,0.38181462981010311)
 (0.33871752959683421,0.2237366073130789)
 (-0.92358032265472645,-0.031412270532525585)
 (0.96951761332984787,0.45408491081760677)
 (-1.3941150276956185,-0.62719261060785547)
 (1.2073635622526597,-0.098080323646905804)
 (0.21324655032989592,0.27199005866390341)
 (0.61430605066366317,-0.21269421460700855)
 (-0.4152122260846588,0.0054884893160361522)
 (1.3288155222719809,-0.54972937834769575)
 (0.8736188051719066,-0.056231270392931139)
 (0.46782603725060229,0.33919889386255214)
 (0.31295691905186052,-0.17860992040137458)
 (0.48550168170973373,1.0103156496476831)
 (0.61802957437544359,0.049983840583293165)
 (-0.86892188586072794,-0.25777182792967068)
 (-1.1977318164508188,-0.21940829448288077)
 (-1.2682585091780887,-0.17123832557980367)
 (-0.85268601454781268,0.15203017634313121)
 (1.4730463980682038,-0.24096608130844707)
 (0.50972319213076012,0.055135694286484654)
 (0.80749771183613328,-0.46147830175856192)
 (-0.14722348150051312,0.41377139278878672)
 (-0.86168329215638206,0.31194493279660962)
 (0.94619339680181147,0.29432742906460957)
 (-1.3319043015921013,0.68726314241405795)
 (0.85286973995978499,-0.027586301471100597)
 (-0.95256864431627974,0.48005413258156238)
 (0.86775463338428316,-0.10514845270966261)
 (1.4472818450086411,-0.36154292819907041)
 (-1.1497581758702882,0.049473347756460236)
 (0.73479688754203765,-0.47790440247987886)
 (-0.12620992807662823,0.50892100149571606)
 (1.0536203297424593,0.36278992604431715)
 (0.76473247387348697,-0.25057550196732853)
 (-0.85517445320183072,0.1365697873466557)
 (1.0176049179688218,-0.12173073850210063)
 (-0.36826942500491333,-0.30678298846705365)
 (-0.097822962366075572,0.19953760928294886)
 (-0.92340337540039474,-0.73586118422237323)
 (0.66071862746792021,-0.56022921478807219)
 (-0.79727814849236012,0.040624603874081934)
 (0.8178618367495849,-0.59951607397170437)
 (-1.9008681484882883,-0.59583000024793309)
 (1.7697698051007094,-0.30646598868685737)
 (0.79086944640109547,-0.33558993157509814)
 (-0.8536222060166142,-0.30077408684336499)
 (-1.0585041324838305,-0.22575101989569743)
 (-0.64921073739319812,0.83248748371799774)
 (1.2258161723359349,-0.27956513379246711)
 (-0.44550459896960315,0.31594849955477267)
 (-1.0018947815284935,0.2783523011473194)
 (-1.2522869528091924,0.83448203330311355)
 (-0.69999400429313108,0.21512582006977077)
 (-1.1799448700536856,0.52982876386405231)
 (-0.31932885331053884,-0.19044008796361359)
 (-1.1279117049468805,0.49388532981133559)
 (0.94256977152128574,-0.19781686172189678)
 (-1.1004757629442097,0.21544959927008714)
 (0.42287231442663403,0.066817394502817415)
 (-0.61934076468257093,0.083461957294290443)
 (-0.39797891336622515,0.49818036246988834)
 (-1.0968499110212144,0.52893320925137532)
 (-0.94102992751255521,0.29930388814679709)
 (-1.3257462926906169,-0.1589045070922934)
 (-0.18883637089740157,-0.028532705112016027)
 (1.2231898215720616,0.67312774311906054)
