# Created by Octave 8.4.0, Thu Dec 11 09:47:20 2025 IST <gamana@Samsung>
# name: awgn20
# type: complex matrix
# rows: 2048
# columns: 1
 (-1.1081134071606671,0.013093293297961779)
 (-0.96549587350894184,-0.03853971818564441)
 (0.99255689417103066,-0.0682355563520326)
 (-0.95630389367415225,0.0039161314994811403)
 (-0.88463785812197371,0.21427503249964364)
 (-0.99093823527352509,0.024696583028043947)
 (-1.1004229193436368,0.022811906259775406)
 (0.95576517042344988,0.03590286975210763)
 (-0.88615407832897564,0.097435947678928964)
 (-0.97847900445036029,0.073136050966251656)
 (0.92977563173477473,-0.030992191585800452)
 (1.1058560095846566,-0.027043893629338983)
 (-0.91029577180965804,0.087392825968218402)
 (-0.98048068806191624,0.014043344152512616)
 (0.89938925818443172,0.10924642624317323)
 (0.99012167177148047,0.06297850917396626)
 (-0.95218165301226598,-0.047534890389519829)
 (1.0541227534519066,-0.068013500368134555)
 (1.0113612732124206,-0.065779877323432753)
 (1.05741611071602,-0.054324355562513207)
 (1.0535396457483457,-0.020446380073083883)
 (0.98025293803980773,0.0073988592074865833)
 (-0.9721585077869731,-0.070147654500002585)
 (0.98325526834439503,0.022111356933933547)
 (0.90530060176682892,-0.041644393536669912)
 (-0.9755273433095345,-0.08825103781386899)
 (-0.9500461449214872,-0.04897829199640031)
 (0.96365657966424778,0.10484025321249263)
 (1.0404046461150798,0.046620863915424263)
 (1.0736179820109293,0.028676194025030261)
 (-0.97251001867354481,0.07658906921994868)
 (-1.0274090205529545,0.05176654505422066)
 (-1.0665006102350618,-0.056129562381733084)
 (-1.0441825940361424,-0.066260270789963799)
 (-0.9609528286966259,-0.027552784917237318)
 (0.90996212362590945,-0.061115209139871077)
 (0.94179157603185448,-0.020860761370228617)
 (-1.000319420678137,0.012584049055579151)
 (0.94726681146269576,-0.056394335038709109)
 (1.0640677133711267,-0.020891561477453923)
 (-0.94344001512352804,-0.017731509102547931)
 (1.0951294326833052,0.060367574016594316)
 (0.8832231404781189,0.009007067778951116)
 (1.0528897635126127,0.064692127606415059)
 (-1.0687922418929487,-0.0026243333670740283)
 (1.0430153576657359,0.060831925975909862)
 (0.88483275859236654,0.14926118789785628)
 (1.0621868401884316,0.021702880775116052)
 (-1.1151186800861606,0.037158357264148144)
 (0.93768179675433361,0.089379688922337622)
 (0.89449127177551413,0.11954099306431468)
 (0.98316255361274763,-0.092150223382315641)
 (0.97212628668843848,-0.029503498339887382)
 (-0.96402652806508582,-0.06785649829316201)
 (-1.1271042451950157,-0.04988376189539908)
 (-1.0805488778059664,0.029494448359307625)
 (1.0395991101337794,0.11032457761134912)
 (-0.98471711456918576,-0.0017163857427174277)
 (-1.0907277874879138,-0.087486449038904096)
 (-1.0705794103333623,-0.062652854325453755)
 (1.0062503881900542,-0.068554544136105164)
 (-0.91714051563928911,-0.034418641074826728)
 (0.88993873093632669,-0.033431768960775592)
 (0.93001067641433766,0.060582042805760655)
 (-1.0917504251363888,-0.021226014746953622)
 (1.0067993748229163,0.10867467322071525)
 (-1.0715221315096159,0.052334292284802623)
 (0.93227808751653529,-0.012642037578566735)
 (-0.95725998230030396,0.011080518644496848)
 (-0.92912513278147257,-0.060667977447591254)
 (-0.91987612892157078,-0.13062358238867167)
 (1.0427254900485305,0.038363910017151004)
 (1.0352985076402297,0.0081859090720700564)
 (0.95971155262641228,-0.058209147913809246)
 (-0.91359653142554598,0.064803801177082981)
 (-1.0783969147017094,-0.038797147538377152)
 (-0.98218214546431681,0.095843610914820354)
 (-1.0759819563413289,-0.063633836073759387)
 (-1.0553541712847583,-0.11432682370418186)
 (0.90709503981167217,-0.054002551527580635)
 (-0.83621911450495812,0.012013453087398096)
 (-0.99744516619699564,-0.017977263708349667)
 (-1.0678582124377154,0.080795051473083163)
 (-1.0307763827652554,0.015953085053123248)
 (-1.0203698809847157,9.821290561098681e-05)
 (1.0670934494640785,0.0096751850680260928)
 (-0.92157098085444245,0.013400782401856371)
 (1.0363568673885371,0.083007630197617699)
 (0.94536070965123331,-0.012219631572593884)
 (-0.91945854433203644,0.10854754041929521)
 (0.94787979307119952,0.12845248513037164)
 (1.0482570326066096,-0.18287745108981918)
 (-1.099659929422663,-0.0994031598649327)
 (-0.97308678017253669,0.098230045427816728)
 (1.0157232978479529,-0.023442091998625181)
 (-0.93581882527289151,0.0033636403467232571)
 (0.98179048286704562,0.027481716573578809)
 (-0.97924926838566495,-0.033974650719712514)
 (0.96275704780261206,-0.12195634782393215)
 (1.1177646437278623,0.083513087991096246)
 (1.0169558882277532,-0.04799109174746808)
 (1.0531872233268342,0.069140335805206773)
 (-1.0003197289197208,-0.050400510922160559)
 (-0.98405745960052438,-0.03317258247329085)
 (1.0882940013371325,-0.057509657222337529)
 (-0.94696889806749784,0.13117944810843526)
 (-0.98994196342616103,0.020050476282859189)
 (-0.95201787319732945,0.037218772129669779)
 (0.91709079205387134,-0.087673879767573876)
 (-0.91694720281887798,0.028093615176474008)
 (0.9827694398540483,0.034640852436523629)
 (0.9528113835265275,-0.032569353541008067)
 (0.97995488024221422,0.021683821418632499)
 (-1.083691445736652,0.019335618877387502)
 (0.97209289099915819,-0.057763697332718827)
 (-1.1452228413094345,-0.0357481276032455)
 (-1.0110318243865699,-0.037580131881620432)
 (-0.92335317793328109,0.035365687502206762)
 (0.99863260221421746,-0.036634996427447268)
 (0.95282814155691364,0.0030653252894110037)
 (-0.98773543505111994,0.0066300527541382145)
 (-1.0695435400214808,-0.060138496308811254)
 (0.96873618291591845,-0.011924745394752424)
 (0.98499519565015692,-0.094833533332755154)
 (-0.99741453369350708,-0.074442862295760401)
 (1.0892431530607989,-0.052475758063715842)
 (-0.99748748850428059,0.01842791203714773)
 (0.95471412905631359,0.051520845582207354)
 (-0.9876693436347026,0.13055421060257685)
 (-0.98444799870496691,0.099440232806011539)
 (1.0513162239193286,-0.0033636033807839423)
 (-1.0368955225351573,0.036352519955976978)
 (1.1017118354970212,-0.001749522739535935)
 (1.0134654484090484,0.031248629800870165)
 (-1.0141129099181834,-0.034849188597108435)
 (0.83438103086648185,0.045645315117523608)
 (0.93721380752579786,-0.073257384041295961)
 (-1.0516590976103219,-0.077769961044487412)
 (-0.93574913114083558,0.040697975224254064)
 (-0.95205455590724763,0.00086177554061093661)
 (-0.93070150107691896,0.028004679853708071)
 (0.96571429780324047,-0.076885265791603735)
 (1.1139065697106412,0.16630386978035253)
 (-1.1656660566060817,-0.0330331750172582)
 (-0.95842748575008663,0.067238041150957037)
 (1.0184945808636749,0.028548523377157232)
 (-1.123203102852228,0.013203611636124749)
 (0.99550884517798288,-0.0084906543745494108)
 (-0.919600376748129,0.11224639473185063)
 (0.99125324720214436,0.019795145174853979)
 (0.87182575285037511,0.050303817796490749)
 (0.95621810239642357,0.038868112218134125)
 (-1.0531608045477754,0.15705696615285489)
 (-1.0769242441375917,-0.060853494656492729)
 (-0.93688093575903164,-0.023387515423741873)
 (0.98553532070521177,0.043688826839940617)
 (1.0716453022748222,0.074356545348381708)
 (0.86309881453959236,0.090699044671812931)
 (1.1588605179009235,-0.0070033487303170702)
 (-1.0085203619323726,0.12390638918644886)
 (-1.0026271194114653,0.012676256020505134)
 (-1.0423934450438697,-0.036705247143764559)
 (1.0298747573200646,-0.0036990226543231817)
 (0.96280241411452006,0.034906313014731821)
 (-0.90724951046401281,-0.051595518573898741)
 (-1.0227539054279902,0.057965121128010527)
 (-0.98089061703322156,0.034142716207257388)
 (-0.94801226033748986,0.050475530725196019)
 (-0.90113272204117645,0.024632952862933256)
 (1.0160891233547706,0.033409727934144214)
 (1.1287746288976193,-0.049549709755795472)
 (0.98548354046848763,-5.6132592337616494e-05)
 (-1.0768789850281157,-0.075738084847396359)
 (-1.0704213473970059,-0.06418203437052751)
 (-1.036027806383446,-0.025635702917698525)
 (-0.820466713293175,-0.00085080900687674224)
 (0.97498166210123161,-0.0023909668330345407)
