# Created by Octave 8.4.0, Thu Dec 11 09:47:20 2025 IST <gamana@Samsung>
# name: rayl
# type: complex matrix
# rows: 2048
# columns: 1
 (-0.34142708440505826,0.1681219518392266)
 (-0.31760424573369817,0.21416407517685626)
 (-0.46580147911030989,-0.51249702066245728)
 (-0.49615576974453202,-0.14861460550667147)
 (0.083456574487371454,-0.082863477141576242)
 (-0.094143199055704632,0.33706961446125616)
 (0.13845728521727965,-1.2205089424858289)
 (0.77041491385267702,0.16747080423782251)
 (-1.303732082210739,-0.14984816602829723)
 (-1.2402941290630884,-0.30052044802804739)
 (-0.96290997255710264,0.92020347122709301)
 (0.27538279888381012,0.41301212626532785)
 (-1.2763524170065563,0.47775279204107246)
 (0.21014638075615827,0.58842609939604407)
 (0.20377228854592386,1.1546514417350271)
 (-0.21111653910607939,-0.60001792209746541)
 (0.24736223311272471,0.28613124718258565)
 (-1.3900185322208054,-0.85531455681282986)
 (0.3254119949466508,-0.32280199579361785)
 (-0.044821982811095125,-0.085084154230649481)
 (0.34427992326534063,0.92109469391019672)
 (0.068017723715874279,0.12232136982186934)
 (-0.41299825186037487,0.49715109791883044)
 (0.54227443225826266,-1.2881506608205215)
 (-0.14193142654473634,-0.56726921743502601)
 (0.39139818560195,-0.081188277226105096)
 (1.0125353065035649,0.57202816836521542)
 (-0.4129053825379928,0.43399692521707856)
 (-0.10133653129175753,0.94279957501390099)
 (-0.052344246962026247,0.57523013504137888)
 (0.80588899428995875,0.20315949003601858)
 (0.955415732022043,-0.43658634090638065)
 (-0.66714858397124455,0.49276041657380432)
 (-0.5534379598589555,0.80505385906090599)
 (0.25544612512048076,1.9106298927771594)
 (-0.17218095078784618,-0.34608445943218158)
 (-0.89469618894543523,0.064483004715887665)
 (-0.62838994800686543,-0.18250930117552586)
 (0.29150246145644598,0.12316214143136954)
 (-0.69487012051091579,0.94903547597328231)
 (0.32741562280990971,0.90766948298803118)
 (0.32552342685277036,0.38986641084157719)
 (-0.71841415562151401,0.094705055963540494)
 (-0.30648272841729091,1.1061683669369877)
 (0.84851719515438551,-0.32338213416267381)
 (-0.24225520246217705,-0.8147316146978073)
 (-0.23101100439771388,-0.85605399431039675)
 (-0.025294814252035495,-0.76423865157248705)
 (-0.67255408835239117,1.3704598098492828)
 (0.037046590463139559,0.013797771762408673)
 (0.58443799512752515,-0.0027401569950533016)
 (-0.98935289687445793,0.00014119391635820347)
 (0.84452701185940959,0.83155525732964641)
 (0.11109196986424442,-0.10587371493207211)
 (0.23060837656836289,0.79574189658545891)
 (0.99714538512871809,-0.15890515857853668)
 (0.88180942261649053,0.13819442838168355)
 (-0.091489838555497457,-1.3853445792518988)
 (0.44137686237214491,0.8455399941437729)
 (0.49430175772675344,-0.96571509584737358)
 (0.33946434279666315,-1.344767177536218)
 (-0.31844816519336744,0.10951681266989555)
 (-0.67228008770396686,-0.84651946210086626)
 (0.49142577587482866,0.93988351788553548)
 (-0.341351648832457,0.69910994799456083)
 (0.12880796738088476,0.50347844376069972)
 (0.085364994741296107,0.19431851500719829)
 (0.56522987159693261,0.2146908485023965)
 (-0.93841952975885301,0.19647253892981212)
 (-0.45679695094592027,-0.50681383990020046)
 (0.63036787046928489,0.058642962660925196)
 (0.23316609992545981,0.22770186706170223)
 (-0.41487154038146257,0.55601436574419016)
 (0.92950837394284158,0.96719227536593766)
 (0.39857115663833814,0.53309411783518479)
 (-0.62694630653649508,0.44511099841318613)
 (-0.20717173390886151,1.0984394807383269)
 (-0.46387940727150151,0.96426520591216214)
 (-0.90417768347058558,0.36530676079887175)
 (-0.82276870197163565,-0.35263505250259441)
 (-0.11306805196416016,0.30268940073408596)
 (-1.1824708922797884,0.84947748432080972)
 (-1.1668381738887086,-1.1496068758227949)
 (-0.91311487027163218,-1.273615784209464)
 (-0.27626097486239531,0.26407722177947912)
 (-0.3801768110565576,0.44132912150703485)
 (0.20156472769116793,-0.40412365286261792)
 (0.33140249788406961,0.70827584831769108)
 (-0.37061363524811036,0.34196058092350573)
 (-1.1502569201511181,-0.25860582083374645)
 (0.34830309067391219,0.17867914019571579)
 (-1.4418482745133814,-0.22349758511047341)
 (-1.1154125863617224,1.105454147183736)
 (1.3090548362661441,0.64240848360343406)
 (0.33499155718496459,-1.0384033981680663)
 (0.12252763593369378,-0.1320930111022294)
 (0.3430118255836162,-0.38845028829436179)
 (-0.46367490977065084,-0.27887581311441006)
 (-0.2360289725204836,-1.1499360755664438)
 (-0.87695936566971744,-0.21450156820888869)
 (-1.2295198420208828,0.45408616156137982)
 (0.73284640336877016,0.89700701829020268)
 (0.14348567345721708,0.68443079332518086)
 (0.20753080286035908,-1.481844800051749)
 (-0.88082155972568132,0.30993942523234158)
 (-0.15555401986751347,0.37982658425488997)
 (-0.12119443713597426,-0.86588105533979798)
 (-0.1354721682753231,0.3427414326163441)
 (-0.17645460098908061,0.36960942369955674)
 (0.15624392021812883,0.066003602373511869)
 (-0.22649406375578954,-0.16912591815869979)
 (0.89308109872664243,0.68382536524517668)
 (0.43450204718847452,0.045036638772999502)
 (0.22382693098768686,-0.12405125888069343)
 (0.47421725599697667,-0.38074550034460347)
 (1.1510836306584955,0.17966632227124152)
 (-0.92908333030722678,-0.47247896158373281)
 (-0.0734341432592477,-0.34964313199542973)
 (-0.81081966406184491,0.11222699900985363)
 (-0.19692009974511301,0.4558145637840948)
 (0.95766314333001967,-0.39045088381847831)
 (-0.39832220535993046,-0.24930350884634728)
 (0.31941148359105237,0.30985155764537442)
 (0.41686351481748773,-0.5412112973809251)
 (0.23455745802030156,0.28815537690838711)
 (0.09832912174659432,0.13897039982872733)
 (0.50564398629796847,0.18983349452407947)
 (0.25021865517507769,1.122365259312911)
 (-0.2047607858070811,-0.32011216936944903)
 (-1.0036418130693774,1.6611031565805732)
 (-0.9818917960512995,-1.0433385837926186)
 (0.18365491937500797,-1.0557289468026134)
 (-0.092181619025771697,0.069711746053050652)
 (-0.20649178426859388,0.11951724402619694)
 (-1.3631043655006461,-1.4055402871554998)
 (0.39400526772763456,-0.14155762447994685)
 (-0.24352934438849264,0.15275504800351547)
 (-0.55945062124951428,0.53980847339383276)
 (-0.4144449749579755,-0.5039591662938544)
 (0.14786492787685876,0.40901223893856603)
 (0.03583568177413668,-0.62304656512440748)
 (0.97095992146583932,-0.37248817275502633)
 (-1.1787152215159926,0.39636870973662736)
 (0.58183922601407478,0.12597181512356501)
 (0.5532468224110717,1.780685697034907)
 (0.60208644180558457,0.16511741933013366)
 (1.2015396842335382,-0.7730591080304996)
 (0.17827476130005193,-0.70159129118408436)
 (0.25173598454445989,-0.3328940447517697)
 (0.20122731751687142,-0.37335564160627038)
 (0.36775129647840638,0.52904518539630185)
 (0.26443419917646721,0.141044081331895)
 (0.11793281391587075,-0.006429752183795173)
 (0.74721063747606475,0.68507251198907215)
 (-0.072023994525319823,0.074214521227342234)
 (-0.43545979344853825,0.49667068228564776)
 (0.27810552780304487,-1.4196679431370935)
 (0.37728057503353563,-1.0238989901456761)
 (0.16986278897740537,-0.19316135442416826)
 (-1.122221349190575,-0.07412206043184294)
 (1.82431472068983,-0.01469167658817859)
 (-0.95274300808129386,1.2989780410641432)
 (0.28406869112249378,0.44806565258876602)
 (-0.046033534247599504,0.6266709668752547)
 (1.2850256479752471,0.93738391805080745)
 (1.561137384570602,0.56682227089257864)
 (0.20980639872606582,0.25805835041183134)
 (0.053331358929457583,-0.31869985094790676)
 (-0.55133748831096707,1.4650815792254841)
 (-0.58286934562345527,-0.07229818841106532)
 (0.10628207868659807,0.40516963016062663)
 (0.33011512826610862,0.60420183854137455)
 (-0.079903280002151009,-0.76620671112711314)
 (-0.30247773200046951,0.74152304837470251)
 (-0.75212706776634575,-0.80248729515004624)
 (0.26008190404907144,-0.98621108063897822)
 (-1.6472792839369188,0.31434360777756704)
 (-0.9956993409716981,0.42984800018064651)
 (1.3694021520911439,0.4837540579078019)
 (0.02728921497400225,-1.2552292518684907)
