# Created by Octave 8.4.0, Thu Dec 11 09:47:20 2025 IST <gamana@Samsung>
# name: rayl
# type: complex matrix
# rows: 2048
# columns: 1
 (-0.4368613274317808,-0.45914251358876118)
 (0.48534889908605183,-0.9881948208947694)
 (-0.10699733717366039,1.1003298325671542)
 (0.97216616963623814,0.15935999465800721)
 (0.44430835144988651,-0.66056853519078862)
 (0.62617642537475215,0.89364576914573468)
 (0.0040275927263858221,-2.2590318340550235)
 (-0.15028354174348185,-0.77919306956410428)
 (-0.73479099354183475,-1.123988667140327)
 (0.52562825325793827,0.84961397072691558)
 (-0.42358619086235527,1.0881082763127639)
 (-1.4495160284011674,-0.34562020877159588)
 (0.13520758969152422,0.22256647258736745)
 (-1.4463932164129676,-1.4262671949737231)
 (-0.68864679999089207,-0.60024605083910898)
 (0.23025918084573582,0.45032409550943886)
 (0.44939290868073706,-0.88609438109152439)
 (0.0776478010543942,0.70576717947629708)
 (-0.63143136240580366,0.21204024919487868)
 (-0.04209345489749098,-0.56681697217414484)
 (0.30703617996507543,0.18236557334822839)
 (-0.048667560366072692,1.31847873323369)
 (0.28118405060962903,0.090041727135171667)
 (0.55207605182278285,0.76343684852400384)
 (-0.71307212967512756,-0.27292437135490755)
 (-0.443093287901619,-0.011439413728895087)
 (0.0020927289305953385,0.91726261537227582)
 (0.073192936959469865,-0.0076926117737793854)
 (0.33104201407718481,0.2593760553680014)
 (-0.64554276519338494,-0.62029836537139238)
 (-0.84958157663616829,0.30243207022825758)
 (-0.26764238234151921,-0.81768456127338363)
 (-0.018204908801793998,-0.45798718013723372)
 (0.76441857462723961,-1.0378358207815803)
 (0.24804822008821295,0.96369499565349026)
 (-0.53527317717666867,2.0679793182065191)
 (0.91213206134777114,0.116890241574228)
 (-0.50597049133912497,0.98703227420800443)
 (0.8801534896865153,0.89632072559855847)
 (-0.24464717322104371,0.33378756486756211)
 (-0.24512741248826703,0.082305063208841733)
 (-0.44137288072311037,0.44642091377035586)
 (-1.1820472318607276,-0.56100544068742197)
 (0.7737458828803363,1.0184198637621384)
 (-0.1355761712733875,-0.76552283708756264)
 (0.95182973636941481,-0.25056368238814258)
 (-0.39270465984435232,0.46055918275482322)
 (-0.5835717528976071,0.38822568763290821)
 (-0.35603421453202244,0.80127938269631049)
 (-0.41013258591670598,-1.0242553746383609)
 (0.71797372954223382,-0.089257496335567968)
 (0.10065710792928435,0.35176181597750428)
 (0.70058127137506077,0.34205089329723865)
 (0.16382239498413823,-0.75734059572020218)
 (0.0085364955616356163,-0.42742684097865891)
 (-0.30177116311740093,-0.04218120045382074)
 (0.2147353340731368,-0.39747661194998318)
 (-0.25357987859607667,-0.046845796391156325)
 (-0.56945286828434472,0.65226020510912419)
 (0.33835020708200525,-0.46620392582662429)
 (-0.90924963169881079,0.013124628784140264)
 (0.51242331038321065,0.82307267795052597)
 (0.41764722656462572,-0.20096042569166522)
 (-0.23302738933394621,0.86488639390653421)
 (-0.17037006259612297,1.3935950233207877)
 (0.86126872265462506,-1.0278171934975759)
 (0.21313172122177915,-0.063962710948958612)
 (0.60903150428120023,0.71934645560401822)
 (-0.34588597940412702,0.5403116918739056)
 (-0.30359764398674655,-0.26368180090770277)
 (-0.77610065786828741,0.2315191104344643)
 (-0.091317426692374776,-0.28491915981931332)
 (-0.71701963968136528,-0.20979188398282181)
 (0.71700778576466129,0.35839082847839421)
 (0.23077900914144239,-0.37182026901682363)
 (-1.2116576985705452,-0.79437403831777842)
 (-0.35578699805061559,-2.420468109053433)
 (-0.03962867995514309,-0.86452275442288051)
 (0.49275082733228398,0.44576680935538388)
 (-0.36362772432394175,0.43706549737155787)
 (-0.010190541166071598,1.3562177699259164)
 (0.22618556148777094,-0.33546476236346096)
 (0.074307340065916466,-1.2716677534211314)
 (0.81483288864743897,-0.22368483199776254)
 (0.9097101757397078,-0.29837466749997793)
 (0.71313588416339657,-0.05283464381120391)
 (1.1868671649055051,0.57264987148373625)
 (-0.94038915586461691,0.41635909790287512)
 (1.76837544132319,-0.66565726127449021)
 (0.09551244198800489,-0.58175572351027283)
 (-0.06671803198281176,0.70035189067152415)
 (-0.85352325716467425,0.42399193637004079)
 (0.86184026063601482,0.72060848608320482)
 (0.60408575324795821,0.48591981218275027)
 (1.798761214208378,-0.60138211255077567)
 (-0.5410213245132246,-0.10890922326351539)
 (-1.3218630390393389,-0.73186308808927525)
 (0.8870443068346433,0.63413113140029798)
 (0.74011924948281704,0.2237887480680166)
 (0.34483263238566864,-0.0042582734836253055)
 (-0.62649234198617065,-0.2617013547780927)
 (-0.88707507655956574,0.19458242499401723)
 (-0.14166593193776053,0.42513805371179281)
 (-0.31680465779866823,0.5300239923657214)
 (0.53521945913576596,-0.7156694471880809)
 (-0.88783454265135875,-1.5440841259258158)
 (0.99645031298797737,0.74205638526235396)
 (-0.19765920916577923,0.36533627487152481)
 (-0.61255754408763952,-0.24777635917594787)
 (0.12800577928318704,-0.56435428745867677)
 (-1.0573034505269021,0.012972111339865016)
 (-0.20777136059585483,-0.64489356225564964)
 (0.81414575727611682,0.90175617784481954)
 (0.33494615578047637,-0.43657543754018008)
 (-0.40132016318783675,-1.2851416470447146)
 (-0.24923913177025381,-1.2316441118452084)
 (0.79273269362640331,0.048975886681985742)
 (1.1727208214930478,-0.53383283619328437)
 (-1.4960703754826219,0.12245688416984084)
 (0.20847909643209686,0.29709246560112973)
 (0.117886092728055,-0.94606040708988282)
 (0.61672611180748793,0.26726188106207827)
 (-0.0059925167763779218,0.40701254409738657)
 (1.5556090247363406,-0.22719546892127582)
 (-0.12575005253003688,-0.63394514902135424)
 (-0.96825950157982366,1.4196629767568398)
 (-0.36251716487722796,0.25452419536866555)
 (0.11779798497488944,0.37390427141625593)
 (-0.61428239862015066,1.076325908221766)
 (-1.2296969239931126,0.98338390555790989)
 (-0.96543378522159951,0.12654731926572693)
 (-1.0206877490251915,0.16018814686037855)
 (0.58497409910916676,0.069731054085332853)
 (0.68643547368595725,-0.74131028514372177)
 (-0.77338737681125014,0.10914967492014049)
 (2.371530534118317,-0.90148124189986689)
 (0.46066083580927275,0.34188259087784401)
 (1.1445340125851837,-0.63940125709112594)
 (0.47861940277154752,0.0061653720283804366)
 (0.090658685201926714,-0.96406986955283791)
 (0.52289756294314449,-0.87698736259534449)
 (-0.97157989679612677,-0.2981096205042415)
 (-0.028207445735995804,0.55449037093943376)
 (-0.3558963694242348,-0.39776678763734802)
 (-0.69365419804616268,0.83380980460359988)
 (-0.69528188632449217,-0.67600965163735083)
 (0.093917652771815838,0.10801791288214524)
 (-0.8814293546039319,-0.64821438695295996)
 (0.15347386233722857,-0.49230892122079123)
 (-0.59111238891059603,-0.36359791852799345)
 (1.0416279709744987,-0.50012190573065685)
 (0.46574672522987698,-0.50878985696223011)
 (-0.013635769089937699,-0.35195995048534506)
 (-0.036741441368505136,0.059601530050888342)
 (-0.55374217618857935,-0.39311451940845266)
 (-0.5219368764628517,1.2039253473208509)
 (-1.0767788374819083,0.53353347074957302)
 (0.37639199721966055,1.0034546880658506)
 (0.5843355051803063,0.060188590583390371)
 (0.12004144408196646,-0.11295503921938997)
 (-0.23077557966004136,-0.04323665838846856)
 (-1.2330783743508233,0.30271467364242116)
 (0.2647085372199301,0.41524477593840536)
 (-0.66857034856668263,0.83533457814953449)
 (0.17196469093514108,1.1272549805042562)
 (-1.1336249255396011,0.69304038927289979)
 (0.38775232137169263,-1.0075604181800759)
 (1.0892895900177846,0.78397762004008342)
 (-0.78446876825402356,0.36042033975061905)
 (0.73407840439003325,0.043579697750510606)
 (-0.0056700671296172076,-0.46694800909752765)
 (-0.072919544284534857,-0.46494351681871521)
 (-0.40987992048994104,-0.18074586703773066)
 (0.88760738034375097,-0.14435088035640786)
 (0.29010097425156478,0.61277253254259956)
 (-0.34677224658188222,-0.95921133837610584)
 (-0.0067644464033946956,0.28048145763661037)
 (0.44133122125308633,-0.86591806255359149)
 (-0.015855928700327645,-0.45527960422881708)
