# Created by Octave 8.4.0, Thu Dec 11 09:47:20 2025 IST <gamana@Samsung>
# name: rician
# type: complex matrix
# rows: 2048
# columns: 1
 (-0.69688437254284985,0.17572563717151019)
 (-0.73700976016851749,0.28505978013862865)
 (0.69572713776664863,0.40872523372906039)
 (-0.83388120141010036,0.22367140845867828)
 (0.29765885064043374,-0.25139746029304488)
 (0.9844416282429751,0.15181251771111479)
 (0.70151777117554082,0.59269843733053595)
 (-0.67846586919346885,0.23664698041873014)
 (-0.87123382836911101,0.31240474602396862)
 (1.0105802537663058,-0.37857151489623303)
 (0.64540886179220758,0.012504012330830153)
 (1.1423359410253826,0.1420218665658613)
 (0.77919862324690026,-0.11839759613959566)
 (0.41867939857569225,0.05829466511424293)
 (-1.2109583450304275,0.21115195375146192)
 (0.82696647632260312,-0.34408472592210276)
 (-0.5892605764423624,-0.22556074464823808)
 (-0.98124682257346296,0.44613120472927809)
 (-1.3854940186612152,-0.038230200112000047)
 (-0.88836019528994548,0.032120367723513961)
 (1.2851925276919458,0.49343262501930041)
 (0.62496327700905852,0.89790104021573813)
 (1.1752835440787042,-0.033027862212961431)
 (-0.80537065522975015,0.57282384285883137)
 (-0.35033998162300428,0.18345905260542894)
 (0.72705617003301826,0.3405100056068327)
 (-1.4060867307177185,-0.091355167637752407)
 (-0.62815382250122798,-0.031079361887497284)
 (-0.65046714674509631,-0.051018529031696215)
 (0.67931368670852543,-0.47571380062374358)
 (-1.0829867892053808,0.19763662808453569)
 (0.15569722109750994,0.26809007853492928)
 (-1.164275175352786,-0.010041438566959019)
 (-0.5761628288491335,-0.17237253736443151)
 (0.94611803533244421,-0.38152596950374884)
 (1.3460933091624674,-0.16222562620220388)
 (-1.4556230927036424,-0.019379531153320518)
 (-1.0265517365073289,0.05900470151095126)
 (0.49813858757791679,0.41424558624952923)
 (0.66849088725249339,-0.66571824564289339)
 (1.4890520223268731,0.049585638204621196)
 (0.90735178054291088,0.76110803729245302)
 (0.36002664344929436,-0.35109203829285063)
 (1.3327391362945886,-0.53833899032965327)
 (-0.52579032227330624,0.27241264561924988)
 (-1.0152684774618741,0.57373880786468667)
 (0.19331215449588424,0.073950947406358769)
 (0.47627935379175312,0.35277699340529878)
 (0.82412015485602541,-0.11584360507643379)
 (-0.34890655502006795,0.025334765203507376)
 (-1.0206601082903193,0.6645387079614371)
 (-1.2196584614233354,0.28671607594017362)
 (1.3320975756025528,0.40969926683143321)
 (-0.61943725634467772,0.12387652200489074)
 (0.48826801372575329,-0.24652856623365477)
 (-0.81649494524784394,0.24907384773672189)
 (0.26527054846272768,-0.097922230919799472)
 (-0.52511646830187819,0.022493800007207975)
 (-1.3438760966993684,0.33681297672197014)
 (-1.0851078094509665,0.43823355491965321)
 (-0.79380080015113474,0.51117543516372543)
 (1.0438967166437192,-0.67878638772197319)
 (-0.56147907525438301,-0.18365549057015432)
 (-0.77105428620566996,-0.13500486298048114)
 (-0.72179130054072727,-0.011797421626223062)
 (0.81861676395441518,0.078978397800727809)
 (0.98985673904773308,0.38203843843216695)
 (-1.1937916419819912,0.29417504479726292)
 (1.2441840114944869,-0.18817242282973404)
 (-0.15030273795510796,-0.20643083464146147)
 (-0.9959793160657765,0.40848764411352939)
 (0.6627196393067124,-0.45275690709915772)
 (0.71236247749032111,-0.078179644362150011)
 (0.99578592539084176,0.3910010212139956)
 (-0.32960170728224525,-0.048550559932555401)
 (-0.93668534369508805,0.30303744736296712)
 (0.79027481239958197,0.4360555213180326)
 (-1.4441278461731255,0.19444026119725311)
 (-0.24702982627654746,-0.28889440685972295)
 (-0.99624179679170177,-0.51880945996177785)
 (-0.8389005703306992,-0.14212668492149924)
 (-1.1140990612188895,-0.64042483105402692)
 (0.99443689232809962,-0.23341917397659059)
 (-0.33906063674003706,0.097588064966745561)
 (-0.52137815703256829,0.29567628654337164)
 (1.7121980089083229,-0.39911766869844273)
 (-0.96209416865623543,-0.14074692483915002)
 (0.70095781716127625,-0.22784095367844298)
 (-1.0491971921245145,0.57222503380239687)
 (0.78912576034706117,0.049978078688692702)
 (0.86095843981053488,-0.20238198921622863)
 (0.77330227376699678,-0.19824920512150951)
 (0.34581056822042289,-0.25739911805805715)
 (0.94109418843678572,-0.02006903328179728)
 (0.61373377769244353,-0.27405066585966759)
 (0.89473707049053153,-0.049509563169049225)
 (0.87972630216750591,0.26412147789187823)
 (0.93723110761619133,-0.57976672880358981)
 (-1.003336755857938,0.16062276431540121)
 (0.60171930746465108,-0.38830053135869536)
 (-0.98178442248152642,-0.19196607683565559)
 (0.34400999007923061,0.19548621904438282)
 (1.4856859261392916,0.45187358009890444)
 (-0.87193765632796261,-0.18097420186786234)
 (0.72512624446010121,-0.583819891986464)
 (0.95313267030469728,-0.11596568818017441)
 (0.74239673755510427,-0.10320137552130636)
 (-0.9889021751651923,-0.090387204216667877)
 (0.67617102534412632,0.050046712515578573)
 (-1.0855418889813804,0.25931337467149224)
 (0.52399055971487418,0.080043523809107023)
 (0.91195265830079231,0.12574560365862703)
 (1.1955593350740741,0.49514584266339623)
 (1.2225149652097389,-0.30329879740279853)
 (0.54752313446782042,-0.26523687108571814)
 (0.0088910168704673387,-0.2184350378137104)
 (0.68571644923520259,0.28718327330615945)
 (0.38827360396253002,-0.33859614986007891)
 (-0.28583009111875324,-0.35106966462347788)
 (-0.43772562042770363,0.36779399743597596)
 (-1.4057011824015815,-0.17364520897967134)
 (1.1537129680953431,0.11652429565889522)
 (-1.2474567867435851,0.44407497548014779)
 (-0.7589830673678355,0.68564468208289142)
 (-1.5841471807322069,-0.68588207578629046)
 (1.5051674166689115,-0.58143746246814443)
 (-0.68455904789782995,-0.26528908278369712)
 (-1.2168733771860052,-0.3433242213166236)
 (-1.0030854160991229,0.30203638713916764)
 (0.96261254189357903,0.17983447331448402)
 (0.50866848574668633,0.45619116119241082)
 (0.74654008551640338,0.23474928138295537)
 (0.21635918518665553,0.21739518646067224)
 (-0.82732870282895188,-0.6315617203819196)
 (0.78137568670232194,0.13994883682102716)
 (-0.67632501640366949,-0.4377886651222706)
 (-0.95771505163870352,-0.3200785421384077)
 (-1.1240724416330738,0.079559800389161522)
 (1.158488424841325,0.31587423594374275)
 (-0.48851013061282095,0.25285681888291922)
 (1.1879402537642625,0.40467766894351043)
 (-0.75341934965130064,0.080607151229692267)
 (-1.3143230532941343,0.6317984222341464)
 (-1.1286453595222747,0.33711461688090938)
 (-0.49592789539104687,-0.35722330319601175)
 (0.50219425039118215,-0.29783277937591546)
 (1.2620293470769146,-0.48940312127229701)
 (0.4927799299683433,-0.0095924321535713515)
 (-1.1833717175821306,-0.66016313421617723)
 (-0.90567921052524269,0.24270484593621527)
 (-0.60695858998252117,-0.51266402592006188)
 (-0.74661090667071794,0.22524630714203692)
 (-1.0255013654849172,-0.25683721758477901)
 (0.97959340165736508,0.12688602157236967)
 (0.60316697949058895,0.21554482781333634)
 (-0.66352791120124177,0.32278686025301312)
 (-1.0554834566798283,0.042810114163664613)
 (-0.64587760239115211,-0.53189901133619011)
 (-1.2876231835728047,-0.18337134360063059)
 (0.56459534665213162,0.54142426491319684)
 (0.95697429119814925,-0.19628262368443389)
 (-0.30863589921781143,-0.18027365337459877)
 (0.89536141341537989,-0.50996453853504342)
 (0.88731224053720203,-0.29171102998696413)
 (1.1549159361417831,0.23674213899068566)
 (-0.50133858861641156,0.23377519642545766)
 (-1.1841986414940791,-0.58778189208672782)
 (-1.1772467441959595,-0.039218038663315045)
 (0.41740185768416849,0.64414720872060038)
 (-1.0381990933445129,-0.48737513504261498)
 (-1.1296371565893133,-0.21696241986705328)
 (1.0412969279856039,-0.33700517641235356)
 (1.4182494466355267,-0.30401060498617039)
 (0.89616221908971638,0.085397023381878878)
 (-0.820161660504521,0.84067873145344174)
 (0.75927723148761006,-0.20263019487652886)
 (1.0604814092051249,0.35636002934509126)
 (-1.3003780951370927,-0.13418269219616943)
 (-0.38984356597264508,0.074560392703741069)
