# Created by Octave 8.4.0, Thu Dec 11 09:47:21 2025 IST <gamana@Samsung>
# name: rician
# type: complex matrix
# rows: 2048
# columns: 1
 (-0.88650226223206319,0.2328503471075174)
 (-1.1092755235466327,-0.13713276259856394)
 (-0.39804257142073324,-0.38565882255895456)
 (1.4529254976805275,-0.26658205131825746)
 (-0.0046823615202512547,-0.61902908420982261)
 (-1.3843267359870111,-0.43045556047933814)
 (-0.37930637591625072,-0.27784144730020083)
 (-1.227994277627698,-0.29627977065158634)
 (1.1516601131848365,0.24143455257486282)
 (-0.36637851717900644,-0.21988021899252963)
 (-0.67728186083546282,0.40654870770194196)
 (0.76881383051729812,0.14130220989698636)
 (-0.57829960509007317,0.53208256510917407)
 (1.2366794351549806,0.12746565614200944)
 (0.9332397703283748,0.036843301418760389)
 (0.78609628720216773,-0.21263884322617357)
 (-1.1249270621095271,-0.44584637938480426)
 (0.35658861835349176,0.20582833699711689)
 (0.75060242338225092,0.52103519802353548)
 (0.98776537340027493,0.12282548099318512)
 (1.0520724866298277,0.26022725191201018)
 (-0.38406049028778044,0.65155207218588473)
 (0.82090650565713741,0.65264598650425543)
 (0.7852063062867245,0.34377740843483201)
 (0.60628943108227906,0.03820032342405396)
 (0.46296371757972865,0.42826842143520877)
 (-0.70551713029993213,-0.05383745928352944)
 (1.1910245353371904,-0.49698324144509776)
 (-1.0253438547263833,-0.080034452221291394)
 (1.1064425497745025,-0.13396034994944353)
 (0.96091723245475569,-0.69702364123903504)
 (1.2610924250214355,-0.41178247298784704)
 (0.49737055625491339,-0.1938807046648679)
 (0.67994630860503136,0.0812500407612744)
 (0.88582565765154753,0.64359667202584625)
 (0.8881978371020316,0.20008059503022504)
 (-1.3421087862641561,0.043824663263359633)
 (-0.70631242200173117,0.55493307280065485)
 (1.1022483159295706,0.2010820877488286)
 (-1.0874461206150319,-0.0050187982971856204)
 (1.0482693014488529,-0.53758753223219158)
 (1.1020841186101553,0.085659089461164406)
 (-1.1897762854849463,-0.31681313905669767)
 (-0.86952111823012668,0.39061674637801247)
 (0.34299744126824838,-0.60994167908367447)
 (0.45032554534336461,0.19566787708847247)
 (-0.85028767657986715,-0.47508554776736273)
 (-0.78010149820965324,-0.54485476318045956)
 (-0.76153141336097052,0.19184745368714998)
 (0.81427308875617388,0.52911485550281778)
 (0.51588364305938139,0.42821209913399894)
 (-0.71858097165644774,-1.1613303908930495)
 (0.65651841427904856,-0.65644392218417202)
 (-1.0478588264231894,-0.62881407194653072)
 (-0.72211096928000351,-0.233812964270667)
 (-1.0666801769042102,0.018120574103187473)
 (-0.95442898513372143,0.19899571157301268)
 (0.22801533465601898,0.62617222399198025)
 (-0.70950149556814468,-0.34632698100562881)
 (-0.084298575280340016,0.36245615663042724)
 (-1.2102025113067745,0.12302949896639735)
 (-0.72261370621973742,0.25964184559103098)
 (-0.72340913482524971,-0.11373080826476717)
 (-0.92481606456791143,-0.24863561366751794)
 (0.79348766842687457,0.17212263175832437)
 (-1.1026737468634731,-0.4098536125035821)
 (-0.54811857162585098,0.47260213899856462)
 (1.137638829297162,-1.1719218104721627)
 (1.0254321220476397,0.48688132654140148)
 (0.8850748653620869,-0.076726625763355136)
 (0.41409119910164188,0.44778533824110545)
 (0.85358915904673094,-0.28863051045535876)
 (0.77660569521082357,-0.044176152903089273)
 (-0.87723825631049135,-0.071897679461718558)
 (0.081905341973480095,0.18153390459068511)
 (1.273704675389322,0.30560650489821117)
 (0.35072338296965389,-0.20676585272057479)
 (-0.29337631171190437,-0.60745397889481179)
 (-1.1705432172647519,0.72305937254198149)
 (-0.74592589006876997,-0.25522804443474012)
 (0.32362228589473585,0.62249102923837096)
 (0.90716920752016816,-0.066594329786127643)
 (0.53453523632910427,0.12840751532878711)
 (-0.88022205279879484,0.1404415844914956)
 (-0.64019260030406544,0.090949472598354217)
 (0.95186441473132677,0.61777569798801146)
 (-1.4171183231964712,0.67599847149117365)
 (-0.99276443474677945,-0.27268479830176862)
 (0.78200849785234816,-0.29739965366244114)
 (0.44876205558286503,0.52301168261560715)
 (-0.90754455819617141,0.012944464717921862)
 (1.1661559561211374,-0.013333440051911592)
 (1.2210644592536564,0.042955792732772849)
 (-1.1827333951886949,0.12735949333967628)
 (1.2655217471149958,-0.69495002757199076)
 (-0.47375982316729293,-0.094007121847936637)
 (-0.57140502896086298,0.29072465325913999)
 (0.91044375971837288,-0.86263957824559145)
 (1.0496979069249419,0.01626491470027441)
 (0.65128083192910069,0.11562165121677824)
 (-0.45700946090697203,0.20292482429439898)
 (-0.37336217966465624,-0.13521522285591767)
 (0.67704278553864405,-0.26807342113563126)
 (0.96235533502458226,0.12335770809937711)
 (-0.83738802242687815,-0.2523462219048635)
 (-0.73782531291397557,-0.27754261010376302)
 (-1.2703489198889879,0.44700194608304294)
 (1.8015558338233433,0.63236161448679351)
 (1.8530203978677764,0.71566251322112795)
 (-1.0906134860027177,-0.44709589674254924)
 (-0.91076180823216524,0.39821221076874275)
 (-0.67356328291761414,0.10821971270662549)
 (-0.64098189330406652,-0.22658865627798463)
 (0.94548801295038332,0.16581692453673119)
 (-1.1336853305435024,0.017754803117432855)
 (-0.94798851804005335,-0.39507895527629089)
 (-1.0714104170018821,-0.025708596207977143)
 (-1.3052496313609823,0.12840182635012495)
 (-0.67570739920061662,0.1749004072180837)
 (0.52012873491912037,-0.13300216244120089)
 (0.43169263354381004,-0.12093152314782814)
 (1.282251022916215,0.17731765499724958)
 (0.20272210799666646,0.33959327462786154)
 (-1.1413985619686007,0.75304549728278214)
 (-1.0742052409927485,-0.87676121514832961)
 (0.97065506745847241,0.34977175713643371)
 (0.26725793066355308,0.071834990856626105)
 (-1.1888120348426572,0.59707152218149562)
 (1.2284939742729097,-0.56751445793912902)
 (1.1496802122836143,-0.15325058378359829)
 (1.2549869843659152,0.12810701355190771)
 (-0.85149029754271444,0.11117604377549076)
 (0.63809296024542772,-0.2251365215150225)
 (-1.4187288484016274,0.18420910667939366)
 (0.35860718150891591,-0.10776746862071387)
 (0.35629140460928377,0.67776058865155819)
 (-0.38468640227394113,0.0099830698912630727)
 (-0.41149605597793165,-0.36932071380091258)
 (0.85355115943965054,-0.60242339012507862)
 (0.84435019500336495,0.49225966200004512)
 (1.2398224546698209,-0.15941309074595195)
 (0.43585928006440927,0.35372170333089625)
 (-0.99851989555547571,-0.13928279777930247)
 (1.2564304061056368,-0.64671422018427138)
 (-0.90760254299277332,0.37237295786337693)
 (-0.91342392476763279,0.36327243867262082)
 (1.3719039004435429,0.30411067062229358)
 (-1.003009975756562,0.73879362741536525)
 (-1.2713140832727756,0.58739178728070252)
 (0.17573118893095518,-0.43627040385172783)
 (-1.2747134436574676,0.15204270368048128)
 (0.13680285870799314,-0.23297605055200232)
 (-0.89755444789030481,-0.38618557029706968)
 (1.4773994164425091,0.22066218889906014)
 (-0.24828253907235531,-0.37126541166260124)
 (0.88328102441395029,-0.23880531141627168)
 (0.97530045940088206,0.49646575649438313)
 (-1.0212214688845886,0.18073675717589621)
 (1.1837514015272939,0.20109265006199945)
 (-0.91568046022628735,-0.05444211439259803)
 (-0.94247893152888051,-0.20166014025645793)
 (-0.84197197776644928,-0.14678952730777536)
 (0.70094655695826402,-0.48805672066724237)
 (1.2530385597302971,0.52420739854829634)
 (1.0613082515768271,0.73636762763505803)
 (0.62020621165818168,0.069002591628461493)
 (-0.4479582452218791,0.14483217478403268)
 (0.74086859613423173,0.08203541684442997)
 (-0.94042763457983103,-0.045424110853080818)
 (-1.2247466244123719,0.21787603210553178)
 (1.4496703609021502,-0.025935123478791976)
 (-0.3992097931183351,0.31293489578017902)
 (1.5842960250298586,-0.74843630919369963)
 (-0.84032083986481043,0.47323874479034622)
 (1.1445150439716167,-0.024256922138439517)
 (-1.3199005638646968,0.57745987508157537)
 (-1.1548833614553669,-0.16928425926046975)
 (0.42214315604709834,0.03285714872547206)
 (-1.6149651690990594,-0.39512700612325269)
 (-1.2449727462606799,0.093083838095589816)
