# Created by Octave 8.4.0, Thu Dec 11 09:47:21 2025 IST <gamana@Samsung>
# name: rayl
# type: complex matrix
# rows: 2048
# columns: 1
 (1.3148753438695917,-0.47914663938369806)
 (-0.99177411257041881,1.0162252336241377)
 (-1.2414330439540691,1.2362328388150712)
 (-0.29284679481540304,0.59318619371697789)
 (-1.4336466984402272,0.069293061847644735)
 (0.10524665281632926,-0.95989491043218311)
 (-1.0248504305703363,-0.29911454302080193)
 (0.63271361210992472,0.20136496093901859)
 (-1.2931515059303396,-0.17126897141701247)
 (-0.03904587387721966,-0.059597012350260409)
 (-0.93233492311858834,-0.40667571934435043)
 (0.56587119920575268,-0.86968161304969971)
 (0.60154299405379408,0.23706204877512382)
 (0.26323651392380687,0.015028784794660752)
 (0.62952049294433965,-1.5011398808275771)
 (0.310116805991203,-0.15495252361130615)
 (-1.0392268079000933,0.42587415820583241)
 (0.52205921449031056,0.20751480961983501)
 (-0.93694721925631508,-1.271833292210877)
 (-0.18292589289371555,-0.14935594891176057)
 (-1.0493293574264093,-0.57049557990351341)
 (-0.74392059834146884,0.84300354822863577)
 (0.93526455571176514,-0.95015108140021287)
 (0.026175040825434075,-0.47064488282533246)
 (-0.84581181197240962,0.066147180346364423)
 (0.48429765922977708,0.0081780998067901376)
 (0.62820760380977725,1.3122285067387158)
 (1.7718425310794168,-0.21386583189000682)
 (0.028331204921740311,0.59093059779985235)
 (0.2996954033295236,-0.12369731554510638)
 (0.16016738394504929,-0.87998081326494892)
 (0.372401338365204,1.1138982633333567)
 (-0.25935482387823294,0.12038151007471552)
 (0.29373449634719162,0.071156283503165357)
 (0.079017283202593783,-0.74722639844296945)
 (-0.8724164345183838,0.7070777843518492)
 (0.0076412440963771139,0.11451231953569728)
 (0.48479860569499017,-0.17608605278906228)
 (-0.20943924193771662,-0.43638811860566673)
 (-0.0038545329606718458,0.91522463572717083)
 (1.2346015450600405,0.20389822073925024)
 (0.6050713294649227,-0.24553446074590798)
 (0.69569464934061664,-1.0218161396932115)
 (0.77257635957865034,-0.38895732409931094)
 (-0.60742520612264572,0.4904344871598354)
 (-0.49144305209864569,1.2609983738273629)
 (0.31800019633334292,-0.023239451930514285)
 (0.20527916176055294,0.99891748593108542)
 (0.4743222175346361,-1.4413780784687451)
 (0.66252787721842643,-0.063730239852878179)
 (-0.47843272526897057,1.3868296711427601)
 (0.088062929824539962,-0.12167480581056213)
 (0.5492712775092613,0.38144014303461582)
 (-0.69642274993624154,0.94999252110068855)
 (-0.45323150821182029,-0.82608734568982634)
 (1.0088884827076108,0.10778361960892055)
 (-0.64263281936570782,-0.35912792127362997)
 (0.28499960978274436,-0.54974693943409825)
 (0.98525284636702215,-0.1949236718363998)
 (-0.41408326465572859,0.32025188524696485)
 (0.2091083156016266,-0.97822513798490618)
 (-0.71371105258773959,-0.48070899860703575)
 (1.1243289963319991,-0.57099571706178132)
 (-1.4334606467597784,0.056662215704791991)
 (-0.02114181569568372,1.6865410182078988)
 (0.45172561447781262,0.73203463787368972)
 (1.3232707179183836,-0.014938070656018871)
 (0.36542501931754862,1.1128556723476521)
 (-0.49771988243340159,0.33828800869807502)
 (0.065739901745446278,-0.013603071470722259)
 (-0.96107679824120928,-0.31607148042846284)
 (-0.10553459378222765,0.22127952205866169)
 (0.87801802479900604,-0.28671100046841741)
 (-0.2524850736430464,0.44181075588683588)
 (0.32788252570280563,-0.17903087514796884)
 (-1.4589710676472056,-1.925450955283563)
 (0.14353820491208338,0.48517269923393774)
 (-0.9932689318606609,-1.1365633529772601)
 (0.96239887507792143,0.62570784088434783)
 (-0.56431136309719743,-0.12026398442456386)
 (0.27655081967227835,0.10385289129151537)
 (-2.0582100996100592,-0.28746660021008386)
 (-0.22977835328613747,0.038302899550778965)
 (0.39600922546910772,-0.20017059047714941)
 (-0.44595224531594069,-0.38346379917360846)
 (-0.88735323186714921,-0.21190657175680397)
 (0.19715204226235966,-0.18679996266107229)
 (1.576900260932713,-1.0583914770129579)
 (1.1223373040245601,-0.60769714065223257)
 (-0.079266768948177913,-0.21847748867002356)
 (-0.32423709032025516,0.99051933098772393)
 (-0.66377520618765373,0.80641762369519765)
 (0.83125340993699059,1.1529303520097183)
 (0.28513374487178506,-1.5743832161244815)
 (-0.18959674863456663,-0.75330000866003544)
 (-0.084578008044581834,-1.0169868313779042)
 (1.2718132561354247,-0.25359987434361525)
 (0.59682991051868839,0.12908159748831566)
 (-0.2415590879375481,-1.0208395566539139)
 (-0.33031648039293698,0.45759163191675439)
 (0.22815102163269219,-0.24715290738655024)
 (-0.38496281044710001,-0.83110554606634224)
 (-0.2065463499495436,-1.1978587019823828)
 (-1.39937408237643,-1.1267127175259957)
 (0.09492300943824282,-1.1502845169719149)
 (-1.2125786041135225,1.5203029847992122)
 (-0.83088004759902701,0.90374623958271894)
 (-0.04614482834407134,0.31740998623669509)
 (-0.52256157971335326,0.068373889887937078)
 (0.80800466179799602,0.44412391229281656)
 (0.10649249294742384,0.5952090459911209)
 (-0.12045763494704489,0.75004961676047421)
 (-0.055613207225516222,-0.39419184504773747)
 (0.61816165444089155,-0.67412272037138155)
 (0.38556157945065478,-0.24438578042226727)
 (0.35203474496464426,-0.050637531623956386)
 (-0.86573018837716553,0.75546289130132482)
 (-0.26902267867721247,-0.50510563983705592)
 (-0.13146344896868944,-0.32010134647782035)
 (-0.38443064680126654,0.18117997831225202)
 (1.1078523288120168,0.75940242763221955)
 (-0.0056080110766571281,0.69835578976507862)
 (-0.22022524180005043,-0.29984392598363308)
 (-0.69071643295601692,-0.32505665052474564)
 (0.27391027546883306,-0.49505167235697389)
 (-1.4574511349235744,-1.0235360472270452)
 (-0.40360593010756129,1.4898426607373587)
 (-1.6126176957655092,0.1984379196445395)
 (0.38768374808685918,-0.79397294359074033)
 (-0.10895552765695579,-0.37525154228045937)
 (-0.39561153137025062,0.15185119708169681)
 (0.81739296115014026,0.75330785418371704)
 (0.14447486963950101,-0.67360720073531688)
 (0.16642129631738117,-1.6095849936868818)
 (-0.43996175220295025,-0.31248996151988889)
 (0.72791781880336337,-1.2612249437303549)
 (0.33918937528096926,-1.3025250203079177)
 (-1.5184134622781562,-0.23338200760472513)
 (-0.047986779578770129,0.26559190595257209)
 (-0.28077637206705791,-0.62077293155935631)
 (1.4991917320271937,-1.0829538909876739)
 (1.1300218287980921,0.33505900905803088)
 (0.45447318125050001,-0.30693465692962046)
 (-1.1915346369432223,0.12687383107662939)
 (0.38770632776276343,-0.20534490466646346)
 (0.75344774353038035,-0.014177780667734344)
 (0.68990497808561346,0.45946087348490094)
 (0.42468673109901239,0.49493965504713416)
 (-1.2768135198935733,1.0494481975346712)
 (-0.61705233020377515,-0.58112404498011772)
 (0.85064341837485058,-0.65545057512028904)
 (-0.16023043087677991,-0.59461354792404497)
 (-0.63038542456555746,-0.76036026926395284)
 (0.87719435884962438,-0.5850761716067796)
 (0.47751464494257179,-0.67348085540686931)
 (1.2762175624571723,1.5859055408664462)
 (-0.054234764700796627,-0.20293649175778983)
 (-0.70256090916161029,0.22395695153534667)
 (-0.4015930162123445,1.2218468281614117)
 (0.62734495172096316,-0.65234032316856649)
 (0.34468530777531869,0.42010784409332608)
 (-1.0651201964358059,-0.6169115621480622)
 (0.0086630933627142546,-0.52179132765395719)
 (0.24508420530109656,1.0735703081326162)
 (-0.85253901393676557,0.056346703804506584)
 (-0.69287631949049322,0.46924580076214789)
 (1.5288348057291525,1.0695523615877414)
 (-1.6889901939776966,0.28610497994399975)
 (0.1262163274904147,0.37814487333473112)
 (0.079167644256330175,0.090050499773953019)
 (-0.17054094735847561,0.72647580688879354)
 (0.24500788406689883,-0.53908260877740399)
 (0.58612091962093771,0.77280674573460895)
 (-0.16740404402878553,-1.0684723905673255)
 (0.22103301071300849,-0.88680589872458704)
 (-1.6256016708518315,0.13757493041370902)
 (0.69972460333751807,-0.92710153813204721)
 (1.2122553120377471,-0.56438028448926203)
 (0.049007624053725753,-1.7088006940907339)
