# Created by Octave 8.4.0, Thu Dec 11 09:47:20 2025 IST <gamana@Samsung>
# name: awgn20
# type: complex matrix
# rows: 2048
# columns: 1
 (0.97690802204154326,0.072466461105269428)
 (1.0189104098303219,-0.070617013797381736)
 (0.99140912905355727,0.097716410092585249)
 (1.1292910604003088,0.035384398040632585)
 (-1.0389154617267322,-0.1482605297312492)
 (-1.1675098885102204,-0.039063755474825101)
 (1.1491671973053299,0.014629666889430638)
 (0.87977472074991292,-0.20039039398315556)
 (1.0742496598700475,-0.047598365260373907)
 (0.94962494818956456,0.0073492150257425202)
 (-1.0175437601255357,-0.1092478044619975)
 (-1.0372427115927902,0.0074552589129834304)
 (-0.98585479887700556,0.10375388486401751)
 (0.96388984904364017,-0.093191969169807973)
 (-0.9349514019630748,0.0036409880668654979)
 (0.92980719975172588,-0.031280543118813654)
 (0.91486229783294726,0.081118165452427587)
 (0.96593515400262309,-0.028333460051458634)
 (-0.92429128795085469,-0.026869671281684659)
 (0.90438053405480179,0.0083961461917477272)
 (0.94086287825374937,0.026737590398325545)
 (1.0587784738799861,0.023509956457417238)
 (0.87566853000534217,-0.024674409397171297)
 (-0.95387773575895263,0.0076393013952053088)
 (1.0116602607717995,0.046490953938377551)
 (1.0626489774456205,-0.11089791926579128)
 (-0.94614366768681224,0.06480380660578007)
 (-0.9537125384041083,-0.064740910333360588)
 (0.97919775025127009,-0.011841424120745148)
 (-1.0188820998738948,-0.15085708929873487)
 (-0.91977011942333697,0.134328364295596)
 (-1.0508989100406865,0.044511058102450082)
 (0.9454532604331285,0.0076597367585043725)
 (-1.0630128176404083,0.026735503367214156)
 (-0.90028358429836597,-0.011624668847220868)
 (-1.0127981152352994,-0.078648064281995611)
 (-0.95798837293468686,-0.038992349306143065)
 (-0.99736100928247085,-0.13025171133563093)
 (-1.0067724158118894,0.036660716475448031)
 (-1.0301117446421781,-0.078363276594712067)
 (1.0366932480906854,0.00073719182127980208)
 (-0.93778318213131717,0.00083152661567313625)
 (0.99320811704955547,0.0090020608350271439)
 (1.0173103194455946,0.12617814465176308)
 (-1.0808027942770875,-0.033078667950741179)
 (0.99508859754495882,0.098982919140906844)
 (-1.0162701820107429,-0.069213465518566428)
 (-1.0590414529877903,-0.075137298501201044)
 (0.99203709822097108,0.055011377131681666)
 (1.0366422908224806,-0.0034629066693665431)
 (1.0317423474226206,-0.076072578968988641)
 (0.98981637203150685,0.031115485067521754)
 (-1.1637019549029577,-0.1206137003050331)
 (-1.0649264921250288,-0.024801757319217937)
 (-1.0663618141794304,0.021459782208206352)
 (-1.0323345775784538,0.018768267885311482)
 (-1.0407777884733695,0.1311761851059953)
 (1.0056661708838366,-0.10110467771253689)
 (-1.0248978791599017,-0.048930831064105632)
 (-1.0919392792624034,-0.11960710576818959)
 (-1.0706964882029104,0.15155097400136469)
 (0.99775855569499106,0.023071255817952711)
 (1.0949911795794782,-0.018897350082652174)
 (-0.98559731427994535,0.0092244473966898929)
 (-1.1419851443416127,0.043495233981451165)
 (0.93143408918723114,-0.060066039074911662)
 (-0.95642731889721588,-0.047348261583980228)
 (0.94233052650851523,0.04756489377722254)
 (1.0017724935407326,-0.059278334187956444)
 (0.93533769811128709,-0.011931824309099318)
 (1.0405662961459206,0.11001609483235131)
 (0.89954014058163179,0.028646140110686044)
 (1.1184326136605731,-0.12780456671812002)
 (-1.0048472586304817,-0.13970719381392854)
 (1.0165066719127869,0.1175482714087909)
 (0.90943350197611905,-0.0075156233437668491)
 (-1.0286837264339146,-0.11005157232903953)
 (0.93055041273332972,-0.03383653270863389)
 (-1.0283990513307628,0.085809077563695255)
 (-0.99201451132216067,0.014773995411572855)
 (0.93101513233947197,0.10721712796760988)
 (-0.87713288281291135,-0.023294575175537759)
 (-0.95282799207562718,-0.082445656772381637)
 (1.0918001456259991,0.0033947771699341339)
 (0.95340598329926196,-0.18213612889471703)
 (1.0499880822907695,0.1657246089996616)
 (0.96955242083641258,-0.062214257464794392)
 (-1.0607018469019895,-0.098463283838436458)
 (0.88785849767523162,0.054124816790068225)
 (-0.94140855077235341,-0.065075315921037533)
 (-0.97164524022389809,-0.068501694609752917)
 (-1.0024959422949735,0.14757920201324209)
 (1.1436711925233971,-0.061331128930649716)
 (1.0292182834099954,0.070214085319925942)
 (-1.1529263380267327,-0.0012068323390562819)
 (-0.94901173294288865,0.094817904285899396)
 (0.95955465704583842,0.034264061384633955)
 (1.1046895562886605,0.0083861797245916199)
 (-0.99351638699731326,-0.049643846734640382)
 (1.0608089069410576,-0.061650120857482817)
 (-1.0472091287003442,-0.054483102857592718)
 (0.96346672637755393,0.083069133440096046)
 (0.97069780874031131,-0.030579702888414814)
 (1.0372800287804607,-0.002798481885027829)
 (-1.1774999304336835,-0.013971519190693296)
 (1.0991306211956884,0.074523150086977741)
 (0.89935879526827422,-0.054462650150630912)
 (-0.90045065881053921,-0.025596939197514202)
 (-0.97522446727855827,-0.13394899847839201)
 (-1.0321403827442137,-0.083280148925719902)
 (0.91058682031810612,0.085323790815372905)
 (-1.0039378204292979,-0.064320324261137526)
 (1.0322862209946335,-0.06289488806968381)
 (-0.94571019652832256,-0.04770482588559153)
 (-0.96272499343987961,-0.060715020451879792)
 (1.0752593180946539,-0.054061917120277761)
 (0.90389324640179469,0.021625875744737837)
 (1.0288176844043491,-0.02645466896357835)
 (-1.0619449770680192,0.015203108008496636)
 (0.94028248031250161,0.096265646022531653)
 (-1.0663881686008911,0.04033702850655136)
 (0.95855027276287863,-0.0098481182086378061)
 (0.92209381861211048,-0.089301932746493187)
 (-1.0781415488665014,-0.10008173523096152)
 (-0.94892440997884797,0.0463744758414113)
 (-1.0343594342976385,-0.043641970569637936)
 (1.0221433859802196,0.008780886953653021)
 (-0.9520380348327746,0.073655111860759612)
 (-0.92995096551586065,-0.025681908699986079)
 (-0.94184322108587137,-0.084280571817074657)
 (0.93474871901865897,-0.12663505596323094)
 (0.95782381613625911,0.0045727050139620223)
 (-0.96571014531849542,0.014095734165596724)
 (-1.0019909242986349,-0.054935675205660207)
 (1.0670174932622973,-0.036520080342202423)
 (0.96386648683269383,0.0097396740304056643)
 (-0.91684562012788495,-0.072368664865828672)
 (1.0740024601441982,-0.028318146193236495)
 (-1.0507281466528118,-0.019710616336308256)
 (-0.88001965669648963,0.0037411406930876745)
 (0.97641383699350393,0.13749831384467112)
 (1.037199013527454,-0.0067305609967918435)
 (-1.0014365868926416,0.01196080817655093)
 (-1.1214851237741525,-0.09132278682828264)
 (-0.95059547447576298,0.17997099402928468)
 (-1.0018745814397521,-0.061070530059139219)
 (0.95916734983132579,-0.10190148706050602)
 (0.94288431004452755,0.021381060559625277)
 (-0.84440005981254274,0.061520369061623982)
 (-0.86509163672421652,-0.052942965128787628)
 (-1.0415030784543187,-0.066417224205818359)
 (-1.0340822914363761,0.048716602566888513)
 (0.96189376749073041,0.022990445063243194)
 (0.9070464627916992,-0.010440716945233519)
 (1.013599435105399,0.02402227060767019)
 (-1.0715525154415715,0.10400188059527955)
 (1.0388313683685693,-0.083461837411177603)
 (0.98393083903212608,-0.008629424322819941)
 (1.0791365192739404,-0.04169805396383798)
 (0.96390079769720383,0.020122619190370727)
 (1.0962272554443042,-0.10001683911294892)
 (-0.87249077093667804,-0.084031687336747485)
 (-1.0393308283425209,-0.060779746874019151)
 (0.91204195946027122,0.059499753559308102)
 (-0.76446234029798499,-0.049406185747890921)
 (0.91321052562344573,-0.058046026015168534)
 (-1.1096545580364618,-0.044818617100895637)
 (-1.0711435496494561,-0.015489994841709716)
 (0.88524449442911235,-0.057726905395296096)
 (1.1214086563026977,-0.02080135052470319)
 (-1.0613978575742768,0.046361076642084567)
 (-0.94101951571982223,-0.069758657613595607)
 (-0.94513231836686051,-0.053865252118559352)
 (-1.0535500034879939,-0.044459998580587572)
 (-1.0678376615230298,-0.049735902990610203)
 (-0.96319970553299972,0.14212184777713255)
 (-1.0470132018121774,0.032440679584669362)
