# Created by Octave 8.4.0, Thu Dec 11 09:47:20 2025 IST <gamana@Samsung>
# name: rician
# type: complex matrix
# rows: 2048
# columns: 1
 (-0.84982526555865945,0.72909330341912437)
 (-0.92613607681846444,-0.0017114153717704939)
 (1.0266124288089695,0.52149689029721302)
 (0.714960880733292,0.17354389529455613)
 (1.5568759245702219,0.018821249279633009)
 (-0.85407914379544525,0.52728975216841656)
 (-0.51997328317309832,-0.027328133247473043)
 (-1.1525643566841344,-0.11676806421406481)
 (0.86395578921355309,-0.6349485742345139)
 (-0.43397354890542061,-0.068873334997252775)
 (-0.96840655297871803,-0.098390835255881853)
 (-0.92591828017209088,-0.073624751965730942)
 (-0.19451239997864933,-0.045564520992546896)
 (-1.0069074043463395,-0.23097046132120624)
 (0.83904699901361479,0.15789248075893439)
 (-1.3374272947420418,-0.069077357960599259)
 (-0.7927924924045584,-0.34904062910515488)
 (-1.4876023959789237,0.19824307544692776)
 (-0.70031813108190355,0.11185789921529427)
 (-0.63482000535090799,-0.17401233425696963)
 (0.99636528136444957,0.28875310450909691)
 (-0.79806985095218907,-0.021512411529645888)
 (-1.1174671386904698,-0.22645775442818156)
 (-1.086306656582035,0.17713528498905745)
 (-1.1449360921116043,-0.037866122025116272)
 (-0.69586407692708896,0.44344890846098972)
 (-0.65112722194417327,0.03001639305257886)
 (-0.27333046382600312,0.38555843040706911)
 (1.1833865614777661,0.20689383521225793)
 (-0.19924773747116176,0.38157912612955047)
 (-0.47765107266589962,0.18248249841497174)
 (-0.7408387442796931,0.2015080653876426)
 (0.37563979887266374,-0.3360277821427759)
 (-0.90818113315056093,-0.029526064857318873)
 (1.0858083805455143,0.10505636047382054)
 (0.3505500689994312,0.18863279326466631)
 (-1.1322233987293648,0.18999987188570053)
 (-0.89858662856515803,0.10756619052646692)
 (0.93657784953356549,0.27955909876862134)
 (-0.79184624706844819,-0.28940724221177289)
 (-1.0952288384546094,-0.67851768749718533)
 (-1.2943756166360896,0.27388354934851861)
 (-0.96278175298936963,-1.0877092984916794)
 (0.63408446280643049,0.59036849018210391)
 (-0.66041639874648195,0.48127087577107786)
 (0.53667005916410926,0.20692417546066741)
 (-0.89426250638820004,0.39308372900083643)
 (-0.73781364590062137,0.050753236346361981)
 (0.73026695699513289,-0.18538394067647559)
 (-0.58032438912285178,0.34200689125054112)
 (-0.58464243640705571,0.029514307103334299)
 (0.68644419603913942,-0.071001293277217242)
 (-0.84625018694399989,-0.64984655547750436)
 (-1.2748219999192552,0.44190466710421439)
 (-1.423525686935688,-0.059972041897309342)
 (-0.53854847636029413,-0.11152121506026284)
 (1.2133998454354491,-0.075467763367517565)
 (-1.0142661115971665,0.67538748334783827)
 (-1.2132561186295108,0.45414578014453261)
 (-0.98027226916391996,-0.056551318943425757)
 (0.949030129858914,0.12481812836767747)
 (-0.93779951329900779,-0.2597014656438032)
 (-0.92858034146792279,0.22858764159206185)
 (-0.65497889093464812,-0.10409036624251523)
 (-1.0412521340037899,0.34416801338813552)
 (0.89221008343959851,-0.24574833689534331)
 (-0.27549903896866534,0.32078288596783067)
 (-0.39423637494476055,-0.1479420918826343)
 (-0.93343560513167256,-0.15283982165740601)
 (-1.5036747838202165,0.077404976168885656)
 (0.99660656934582015,0.24253832817442228)
 (0.94604598120146299,-0.23529838338980302)
 (-0.56102738720064427,-0.050016333480323548)
 (1.1028714817149463,0.29165834472583496)
 (-0.50526075357924616,-0.22013908476296748)
 (-0.50630496438250017,-0.2854368510861961)
 (-0.72918245277676241,-0.296405707956025)
 (0.82796101366729258,0.065622752643622231)
 (-1.1675657154058909,0.33819550168914309)
 (-0.82566822098826476,0.033875213021116062)
 (-0.20340557377164536,-0.37920267567149885)
 (1.1937082072343042,0.31905225269295412)
 (0.58386315022580526,-0.84380830472409962)
 (-1.0442973116376364,-0.24559203641372776)
 (-1.1242774947227687,0.03349023941535316)
 (-0.6045450210479848,-0.033524205348479559)
 (1.7104656451041675,0.096834028311030898)
 (0.7982602640672648,-0.22347609351373751)
 (0.69652238667238398,-0.18279850569345074)
 (-0.65748223447626297,-0.030866655686616673)
 (-0.54883783187318436,0.57045006216186744)
 (-0.60053467304789132,0.56200059829778815)
 (-0.83588135329465729,0.0086281344323894758)
 (1.0129038985573855,-0.51109255533731845)
 (1.3035773343132677,-0.58692336003066059)
 (0.77876745253391799,0.10534819695258231)
 (-0.72536961265218691,0.071335494966511495)
 (0.55683103458547967,0.40851980049683295)
 (-0.7019721678767662,0.299409071025449)
 (-0.8864112616150257,0.68010205104486621)
 (-0.8709098828460039,0.11968684655414506)
 (1.0502657055109368,-0.640027257994913)
 (-1.1765745574696416,-0.37655331500927286)
 (-0.17908523331495296,-0.51789835233144199)
 (-0.46261403972863951,0.64403685798809562)
 (1.0335107665479366,-0.14876953504510723)
 (-0.62739603208462702,0.23921403507001493)
 (1.0447518956067028,0.48558295684744729)
 (-0.78087451448574607,0.10561770076708836)
 (-0.75469418435581537,0.17311274759879997)
 (-0.34831915745751463,0.053758913200424946)
 (-0.22105422307427702,0.5645619589212203)
 (1.213175351993705,0.22052173399361041)
 (1.1094815443290942,-0.99074097945159045)
 (0.89079341153625258,0.11198658518576922)
 (1.1706245786037077,0.064218626888981264)
 (-1.4324014596272983,0.072853710636517341)
 (-0.82741734966470104,0.53983786044912041)
 (-0.74396638032551687,0.089400482872394008)
 (-0.24590325264162394,-0.054185218113884145)
 (1.2053238143732146,-0.33102251640243208)
 (0.6360543805723029,-0.5394749096235677)
 (1.2392941238723654,0.042916924259047341)
 (-0.85617266105056344,-0.11205564468845181)
 (0.97676344898189238,0.2182998105890773)
 (-0.83058055223214755,-0.044797640203929422)
 (1.0392056194405597,0.34717311840631748)
 (0.62510473100528274,-0.1374553736726917)
 (-1.325420711258166,0.30933309784047414)
 (0.43368027474656279,-0.36852392093331121)
 (-1.6293523090379167,-0.72898307033759935)
 (-0.9354990682821428,-0.17781584713542969)
 (-0.65571143899907347,1.1542529542787934)
 (-0.17770640310136454,0.69508497734437114)
 (0.88120042381345087,0.092003952266442299)
 (-1.3214436549762909,-0.091345170814503093)
 (0.49877678297034117,-0.13882888541481739)
 (1.0818135725967322,-0.1389795754816342)
 (1.3060710176555479,0.019111538708958372)
 (0.78557734913872612,-0.30780725474678944)
 (1.2335182863853498,0.065090021441608595)
 (0.56601449068063703,0.17969676777627419)
 (0.83981228523135643,0.3771991729672125)
 (-1.2608854572181483,0.29257622955244061)
 (0.56664646140386765,-0.092726452436744405)
 (-0.70231131006857317,0.015561381741464099)
 (-0.93309113745451533,-0.2639400768862023)
 (0.59034189742791665,-0.21251948323813508)
 (1.0031574050993541,0.16380546859686954)
 (1.35381773428156,0.51656671339433125)
 (-1.0009763031767074,0.16774567888166247)
 (0.64436532884282804,0.52562126279920474)
 (-0.44338568610929829,0.29858645302913794)
 (-1.3976020100808588,-0.61311619240308557)
 (-0.12413168273921527,-0.0077511290391440047)
 (0.63479020397345232,-0.63049079549074405)
 (-0.35394640359810847,0.69520147054364245)
 (1.1695497162837554,0.65689740571256527)
 (0.35775015061201165,-0.17153083718155857)
 (-1.0485607167072397,-0.17561988704041134)
 (0.39316018496586702,0.33704783450661985)
 (-0.30614829949639899,-0.23644857858512172)
 (-1.4496713341045901,-0.12593748165198237)
 (-0.82247324251586884,-0.16313507438925984)
 (-0.35683665285715682,0.13030875884142051)
 (0.57120011349445798,-0.1445986317375523)
 (0.7098494539979624,-0.2470171856022173)
 (-0.57375101834192122,-0.21111384655658627)
 (-0.69420353242761212,-0.25110007437197862)
 (1.140368246025147,-0.17655479318762193)
 (0.7125315856281752,0.096727187396825745)
 (0.60084675613821548,-0.21466675648363343)
 (-1.4277126276610028,-0.12279947279799887)
 (0.60020693161972849,-0.40151493585375542)
 (1.1134532114500668,-0.35650581785230417)
 (0.81815806732998231,0.9697873719390766)
 (-0.70635108202625108,-0.70425681676546115)
 (1.2068124361426096,0.85734582180190899)
 (0.91781545634474004,-0.015048594179780588)
