# Created by Octave 8.4.0, Thu Dec 11 09:47:21 2025 IST <gamana@Samsung>
# name: awgn20
# type: complex matrix
# rows: 2048
# columns: 1
 (-0.96844905553223615,-0.092482277813351443)
 (0.95600990601268787,0.082290059843321203)
 (0.945632392360782,-0.037154486813421504)
 (1.0784842986374292,0.017496665932907312)
 (0.96002966044604598,0.0050077505537499843)
 (-0.97268861419196906,-0.089344937163124361)
 (-0.98622577906362774,0.12024036860976849)
 (0.97180620608507895,-0.081668119066673539)
 (-1.03725960605871,-0.097860926433287795)
 (1.0156819214155013,-0.10100359556938648)
 (-1.0735989126110921,0.033215184555636233)
 (-1.0846727683696629,0.094688547703325021)
 (0.89545873023948319,-0.012534782703770786)
 (0.9760125289423015,0.022942267674420248)
 (0.99286704442796991,0.0098521763665238172)
 (-0.97059657550735101,0.10551302177283402)
 (-0.95851054632322008,0.0085724194286412713)
 (-0.95355312850558693,0.10677033698015115)
 (-0.91728720074208869,-0.002240118724431243)
 (1.0458650155637506,-0.04097660151446153)
 (-1.0229771891338599,0.10459940864571203)
 (1.0151223082095664,0.0801349904096334)
 (1.0424521977405392,-0.085429237702126418)
 (-0.96631873846143768,-0.006843698359081116)
 (0.96214980654845739,-0.098154188585535915)
 (1.001445713195108,0.054960066809291254)
 (-1.0519487103252234,0.0049724029139579023)
 (0.98024398236344779,0.027542756080467801)
 (-1.0045429241205042,0.010774559629676862)
 (1.0829812581187819,-0.050139949914005402)
 (1.075466115780864,0.025555808001200164)
 (-1.0032874194777768,-0.0087193689886583547)
 (-1.0943745190232643,0.031418147629112436)
 (0.97956132133064377,0.12064081590940932)
 (1.0115967258945908,-0.076499700210839794)
 (1.068984932233634,0.12112259346045751)
 (0.99019532937662136,0.14250176293197167)
 (-0.96794079906234598,0.0028981426772727737)
 (1.016970439804588,-0.024362259002453965)
 (1.0448479943626561,-0.029091384652451938)
 (0.99257625130288085,-0.015385234095789305)
 (1.1380816555858251,0.030360173564787419)
 (1.1675836450361392,-0.013754504056470355)
 (1.0768885509495816,-0.042668522546702593)
 (-0.84017932738342571,-0.12038204371478214)
 (0.93383765383015893,0.00082423746054850603)
 (-1.0803955383396611,0.050648569697492818)
 (1.0732353025090553,-0.055995933848166937)
 (1.0535059019984629,-0.065558762626624995)
 (0.93300765500312166,0.025257260292765774)
 (0.90660909959738412,0.16566966456801102)
 (-1.0065093327620589,0.035618433996518165)
 (1.1304723855349035,0.1116995116867589)
 (-1.0461834898806288,-0.016375769323480813)
 (-0.94875118655454438,0.0063995127956588951)
 (0.91652480333438568,-0.044437765834211732)
 (0.9718591685654181,0.031814684307165352)
 (1.1072114323583382,-0.11590791610687334)
 (0.92030887235566938,0.1053077486528816)
 (1.0359408052699457,-0.087634381587293586)
 (0.99183415277949738,0.084639290507647069)
 (1.0972558833782549,0.029688312220438509)
 (-1.0674959923976948,-0.047723896667831514)
 (1.0198560648997621,0.017831570436216138)
 (0.93269499844581971,-0.058926323974285003)
 (1.0745083993096722,-0.15186929890106857)
 (-1.0585132209063357,0.014874848855559508)
 (-1.0345496087407751,0.014776613434959261)
 (-0.98873707787103504,0.03416779597390953)
 (-0.96653617415237048,-0.018820393846391816)
 (1.1329731175693838,0.067592598578362625)
 (-1.0526265768472112,0.054715477061674282)
 (1.0467274605837664,0.052753642776698154)
 (-0.9920408356135848,-0.025204346412806319)
 (1.020736302972781,-0.02650086783064581)
 (-0.98793060879625139,-0.15596107227333722)
 (0.93466515319220078,0.0080341886200430354)
 (-1.0136259256033775,0.012058463765012033)
 (1.0560024360788689,-0.0079353505535680793)
 (1.0962335355390422,0.0013829202145505704)
 (-1.0162486263027257,0.032205250558571305)
 (1.0868924502805877,0.044845785388891779)
 (-0.91756982681661547,0.074113560634929021)
 (1.0735214849073076,0.0049784110984124816)
 (-1.0632955723923116,0.12711198680978217)
 (-1.0591147624733939,-0.045842761963055943)
 (-1.1454827403382191,-0.020586187461865153)
 (-0.99811484368176673,-0.14942364016834833)
 (1.0573844312947105,0.028338567684212574)
 (0.96061186200936344,0.05569519981802365)
 (-1.0253928027410992,-0.098041754605599579)
 (-0.97767509960213539,0.034390773210457332)
 (-1.0791020549647328,-0.11265179371219319)
 (-1.0124623024202508,0.0092644567740538981)
 (-0.88788847449371999,0.0004495427470403219)
 (1.0251957433721197,0.070946897329482325)
 (0.87938769440790154,-0.026723966919865311)
 (-0.95206694322685026,0.046794738147574677)
 (0.97156933409579593,0.054859979773801193)
 (1.0470214530222812,-0.01655984628991412)
 (-0.94983684281215697,0.049535352504362931)
 (-1.0628188667321554,-0.088189813688657123)
 (-0.98528257364780991,-0.044405021680910824)
 (1.0820800491637383,0.028462586325146939)
 (-1.0110663409334542,0.10363250282383958)
 (1.0638005130992398,0.016951815441719097)
 (-0.98355569186149416,-0.032871139626551402)
 (1.0083297324771749,-0.062340841463256226)
 (-1.0936915665709932,-0.090822898858222201)
 (1.0955597946289213,0.027888459861546078)
 (1.1405058542542157,0.014986717032182299)
 (1.0894393682253689,0.0098927600081492491)
 (-0.99758902258395121,-0.10123452421195278)
 (-0.95945014668755713,-0.040636369921954463)
 (-1.0509200930573805,0.098304413327574156)
 (-1.05891981732064,0.0043931706316174294)
 (-0.88239355461099322,-0.064957527018798811)
 (-0.98266820171761315,-0.092350289059350762)
 (1.0642991833146265,0.0228914374415502)
 (-0.95176564765637373,-0.040035024647173748)
 (0.96481577990883483,-0.15408718143913039)
 (0.90869932639279938,-0.12904294961034665)
 (-0.95392839092106363,-0.024073502763582173)
 (-0.97447731189108278,-0.037149825962852406)
 (-0.89952962014947668,-0.1150872517454342)
 (1.0572822456089628,0.052048081843022113)
 (-1.0887008075153768,0.0032929929598962959)
 (-1.1132431531750393,0.033346816806254974)
 (-0.96174887252670849,0.085399210010832893)
 (-1.0907922760585116,0.017675318199390638)
 (-1.0388230467180009,0.060303558166932995)
 (-1.0573056579613371,-0.025419053389034881)
 (-1.0842579004446391,0.004278936329543806)
 (0.97145474787258113,0.016867730560703186)
 (-1.0253597573307021,0.13227968521607836)
 (-0.96779726189280235,0.015006548452195321)
 (1.0735810746525991,0.072908062637597679)
 (-0.97588231393470093,-0.021311109603915638)
 (1.0056636800070313,-0.012602861867119659)
 (0.89147780215874128,-0.14172942599473387)
 (-1.0384819926457738,-0.073717778180850804)
 (0.99351057585267555,-0.06991548605330293)
 (0.95547700594172702,-0.00060239366925343447)
 (-0.95722818514213237,-0.030070035394673279)
 (-1.0303527174266496,0.052983223956575065)
 (-0.88943263664457373,0.065327217222162295)
 (0.92548843740919362,0.034583967348198824)
 (0.91887711183259246,-0.12482766112820361)
 (-1.0075156086969601,-0.095097533070048285)
 (-1.0482764740995794,0.091630855428758984)
 (1.0725125671132631,0.028252538641187125)
 (1.0082735526567852,0.015277667677901336)
 (0.98541769164828841,0.067497267991812812)
 (-0.91846513487540393,-0.063024718919452286)
 (0.92537030407092491,-0.048618485847524498)
 (1.0074738508996979,0.12273463797567014)
 (1.1276781321372789,-0.0053843850423558881)
 (1.1549509208970039,0.075997321763211556)
 (1.0350150471805193,-0.04816512111106732)
 (1.0030085318391446,0.060868671985881084)
 (-0.99356084235534747,-0.028150080568246645)
 (-1.0173621330464804,0.10357906952326711)
 (1.0620678315916963,0.12371852531960198)
 (-1.1295665695009065,0.030042567694898676)
 (1.0280695575815171,-0.059383642572689535)
 (0.9637895869736316,-0.065135474648373895)
 (-0.9397455722089183,0.072809275525085648)
 (-0.92046198508265609,0.11269815855049113)
 (0.98776357639767998,0.019300611477259561)
 (-1.0773485982426552,0.0074300419213538822)
 (0.97601108762679156,0.017720141289682492)
 (-0.90715108631981967,-0.042861839877227789)
 (1.0200506085798708,0.062186962768118331)
 (1.0119027543102352,0.029541904609282788)
 (1.0009695756469617,0.088326808288536285)
 (0.9699549433151865,-0.022004161913480761)
 (0.90678710070127855,0.16572380202580689)
 (-0.99907941238442821,0.096491060998117842)
