# Created by Octave 8.4.0, Thu Dec 11 09:47:21 2025 IST <gamana@Samsung>
# name: awgn20
# type: complex matrix
# rows: 2048
# columns: 1
 (0.969247270564637,0.095907312394236388)
 (-0.92770323747490846,0.048960321380683208)
 (-1.0287369028987685,-0.006384706878693313)
 (1.1166681189089729,0.04205155412199154)
 (1.0578943022459542,-0.12007898201139533)
 (-1.0710166524115239,0.055439638192672384)
 (-1.0531387866540403,-0.079432329142282307)
 (0.97434053763479966,-0.050280368115576769)
 (-0.96636463503842185,0.11223147825293336)
 (1.0396855350144139,-0.028029850964577736)
 (0.95153675254610759,-0.0084419624587221999)
 (1.0307456713736394,0.040337253459034245)
 (1.1438259816013747,0.024441187836619235)
 (-1.0258176461597959,0.028686445392959843)
 (-1.0608459727389399,-0.0060384176953263372)
 (-0.95984117447278661,0.020388392368975852)
 (-0.91835497821372636,0.07430413107535995)
 (-0.93903070510879705,0.094834296040520932)
 (-1.0219815830077434,0.029006211154060203)
 (-0.89445726101927636,0.038538249866000296)
 (0.96881574477767995,0.0021876063345065522)
 (1.0034905257359004,-0.026951173264191691)
 (0.94806291709780099,0.11304954196585029)
 (0.89215078973166551,0.092009627547391171)
 (-1.166276379482039,0.084914436060856469)
 (-1.108435664430278,-0.00034248472314230829)
 (0.90986990653972888,-0.053219164317632434)
 (-0.96793125196317209,0.033473738172031482)
 (1.0112131757849692,0.14132799968165111)
 (0.90164289499055361,0.070886859045645997)
 (0.96436192249840125,0.055919783920568122)
 (-0.91544217632002201,0.13243051761179245)
 (1.0258541408443902,-0.028683485563964162)
 (1.0628327354674574,-0.038888881293779182)
 (0.96217497922662298,0.022302153615134171)
 (-0.87471050116399129,-0.015251011815043257)
 (-1.0049513198049422,0.14291212569532505)
 (1.0823705540797937,0.041693787407338291)
 (1.1756551720260302,-0.012123897547797545)
 (1.051660904401549,0.011037042735457714)
 (-0.83641919232517659,-0.05379991486398783)
 (0.96427451651432972,-0.025109019994038962)
 (1.1281518725856874,0.027488692369415719)
 (-1.0369419137131615,0.083186752019049237)
 (1.0505216239462243,-0.1041118067960007)
 (1.0621571050407688,-0.035745518399476477)
 (-0.97351181117673824,0.094273525006820041)
 (0.91084097729592539,0.13410603934998513)
 (-0.92250913756021635,0.066700869764737117)
 (0.95254019566313586,1.3773988278378557e-05)
 (-0.98492000946685665,-0.013571162505085383)
 (1.0607088267368245,-0.02678433917655473)
 (1.0382867105448308,-0.10374220449855197)
 (1.057342534630286,0.066021146019275903)
 (-0.97812616002844111,-0.064325721213352047)
 (-0.96627717376865363,0.080850070846952685)
 (-1.1247993512690633,-0.1285594446279831)
 (-1.0096250984391937,0.093581953751511543)
 (1.0960667986440491,-0.070605302649729584)
 (-1.0770202461088023,-0.03238228279866194)
 (1.0210542877650015,0.0063717538378602681)
 (0.90641144394388329,0.0032807173919037758)
 (-1.0415517574810325,0.022541376249898437)
 (0.92987381910234657,-0.0097463303180361002)
 (-1.0702739461902586,-0.050633356123326784)
 (-0.96700778294887535,-0.046378698004092493)
 (0.91646042919148651,0.092181151957628993)
 (-1.0247001620642968,0.035820133732355798)
 (0.86679462456096468,0.13698587129129702)
 (-1.1121880341063295,-0.15995649502561493)
 (0.94554204870610781,-0.034337024991474181)
 (-1.1062067756029959,0.068392144461295129)
 (1.1392236669532028,-0.064113455574476577)
 (0.91431480925564268,-0.01753069462893583)
 (1.0593712419473211,0.074891913882952826)
 (-0.84653433312096271,-0.068835635468670289)
 (1.0972725183655139,-0.049783592277059162)
 (-1.1055270873486112,0.058473869227293876)
 (1.0205047690960778,-0.045563508282728718)
 (1.0282151802706332,0.031107315875614591)
 (1.0485696310800643,0.10641173072534207)
 (1.0174145554820964,-0.025602969620164853)
 (-1.0904942670244266,0.012364073909754345)
 (0.85822639994981509,-0.057882892189524839)
 (0.94689468673540422,0.041445068011552767)
 (-0.94770355120367622,-0.0032258105364471028)
 (-1.0700280733877698,-0.05801277610177763)
 (0.96324744579974531,0.074210324568166383)
 (-1.0126697108615603,-0.13205945381145487)
 (-0.98704241402494752,0.0098450712984921654)
 (0.98019308575073905,0.04026995710202258)
 (-0.88270812850114155,0.014574403014731663)
 (-1.0811692686783374,0.034072158958136603)
 (1.0748645309329705,-0.037381596999351833)
 (-0.99055781056966596,0.0067589162711058255)
 (0.98195468643524586,0.034983723522518183)
 (1.0198087249963275,-0.057009027699222649)
 (0.99290830451714895,0.050219024129382575)
 (1.017614975511747,-0.036237791588436839)
 (0.93287250328423921,-0.0075228952867872944)
 (1.0714234026466094,0.015746437400726093)
 (-0.97096538499215468,0.015669833066802374)
 (-1.1271671571282249,0.15534069615569171)
 (1.0565735811571633,-0.082462154719201819)
 (0.98632570509292938,-0.027390332941762546)
 (0.97488440392038034,-0.011637028149818937)
 (-0.96782628755959244,-0.05002958406409707)
 (-0.93566313573306714,0.0064874222161847772)
 (1.096976124950209,-0.027096292561015652)
 (-1.0472388065647114,0.068340788550354761)
 (1.0203983208529477,-0.016673961176225306)
 (1.0695430311763288,-0.081622167433552092)
 (1.0116248967347332,-0.11857029773023489)
 (-0.94172311050898772,0.067855963984426199)
 (0.98030549042193427,-0.048952910397412862)
 (-1.1103575976101108,0.10614820235307998)
 (0.88997824961058702,-0.0068490435717971426)
 (-1.0814680854471805,0.00034801119063286752)
 (0.92919228452464953,0.037933060856587097)
 (0.93272448344783843,-0.051289164613797872)
 (-1.084341671593462,0.12304868379588595)
 (1.1133465519821653,-0.10268711225231396)
 (1.0024377438365781,0.050856222516238704)
 (0.94053677752490261,-0.01499591863228892)
 (0.95050758220081377,0.06058379341297291)
 (-1.0279049508061278,-0.10899083433696025)
 (0.98846163814116894,0.040006633740905462)
 (-1.0313392532017529,-0.042164163752635785)
 (-1.0921846547636251,-0.069324776634731397)
 (0.99782303164827157,0.015922853725740593)
 (-1.1025376503077469,0.070083432144154301)
 (1.0385004716458712,-0.03279868021968281)
 (-0.95128496423972342,-0.01833772735455767)
 (-1.1069692463705705,-0.025718384751616294)
 (0.93612786985113416,0.026127288977616705)
 (0.97491545680640201,0.10485757474427003)
 (-0.91255521711967191,0.12261065325304557)
 (1.0628000002347153,-0.029592062583966818)
 (-0.88909508581446017,-0.11074774647493733)
 (-0.95398767010389773,0.025440667186787516)
 (-1.0669054755154224,-0.065123995015911679)
 (0.85798686420551473,-0.034929520424381785)
 (0.92042353429204127,0.056616300129697872)
 (-1.0007176818972146,-0.051458337623505629)
 (-1.0024592986666976,0.035679157146059855)
 (-0.95468817279858675,0.045711012069932368)
 (1.0163281752749918,0.076402095799851355)
 (1.0437687172485077,0.049864750534446299)
 (0.97576036326719418,0.018130938963592864)
 (-1.1191644599737409,0.095381228883470115)
 (0.98943468194925732,-0.068558967515912325)
 (-1.094724482286016,0.020718979656240883)
 (-0.88306500709899849,-0.14761974416084001)
 (1.0696104545296392,0.060846925922718009)
 (0.95197429025026525,0.10101617348924624)
 (-0.96121752914620828,0.021235262511687357)
 (0.92564054355620451,-0.062489497960229692)
 (1.0376618357659162,0.059921621053205365)
 (1.0535980820615951,0.076575595986269035)
 (-0.86983012391122616,0.053096105995981135)
 (0.98691354906037576,0.053449230451965674)
 (1.0198972797674535,0.01354461170555569)
 (0.98390273213680624,-0.058781578001860783)
 (0.95108708936165731,-0.0049200794661684579)
 (1.0111411879861103,0.058110260384734658)
 (0.91834856768756123,0.015538058365612301)
 (-1.0067628130611226,-0.0052988626708925408)
 (-1.0822696414317823,-0.017266999009817676)
 (1.0074473860814335,-0.052963697441152049)
 (-0.89936055367931933,0.022471002870139742)
 (-1.0165841010244168,-0.039035151225474768)
 (-1.0297995275133101,0.18254193203556462)
 (-1.0092746923680369,-0.05924295196197369)
 (-1.0007266995793493,0.048585678692512131)
 (0.94967362007798684,0.079265223454991637)
 (1.0994838881317004,0.093590721391308265)
 (-1.022313097147955,0.047340526064765555)
 (-0.91953695415953074,0.064089813773760079)
