# Created by Octave 8.4.0, Thu Dec 11 09:47:21 2025 IST <gamana@Samsung>
# name: rayl
# type: complex matrix
# rows: 2048
# columns: 1
 (0.36780033408983631,-0.11940391722629151)
 (0.56728144035124684,-0.87859573909251509)
 (0.73876025289413616,0.61162928614723389)
 (0.02790115682965762,0.76048934795776313)
 (0.37459937858967757,-0.16555989517635775)
 (-0.42767358987607279,0.57684081512780483)
 (-1.2447768167167541,-0.30669550380628041)
 (-0.71527540590047445,-0.30270683002965798)
 (1.7529018102331466,-1.8031125547408668)
 (0.26562305238158501,-0.06906552819011591)
 (0.85189841245167541,-1.8373707338751533)
 (0.7047820375117777,-0.055007874453691909)
 (-0.70192397465023404,0.43056111218053755)
 (0.35752918974654502,-0.89662793455400969)
 (0.031860207401604237,-1.7768330599216362)
 (0.90263191671547593,0.35228615592786)
 (-0.31108306289849502,-0.14599926477274222)
 (-0.25118032157869735,-0.22449147965709362)
 (0.78975079789871272,-0.27320394783839058)
 (0.10828922758514249,-0.57580066855642831)
 (-0.51866826265390475,0.26159890154703919)
 (-0.35148290220291623,0.71085680549219177)
 (-0.64212361403133533,-0.34462950443848656)
 (-0.34746486519129471,1.5718765968487671)
 (0.51848819309259453,-0.52088799811122799)
 (-0.909368236104663,-0.37992896328905734)
 (-1.5057649469255261,-0.72453514410713016)
 (0.41634839266027457,-0.11715598165117029)
 (-0.051137015598397909,0.50212758048127304)
 (-0.94907835651599026,0.15712690511025437)
 (0.70317717856076545,-0.42813103376457728)
 (0.053389764060967244,1.1502843542070977)
 (0.59629041656615245,-0.055255340345169934)
 (-0.17191853335730667,0.16593900726513625)
 (-0.13653740389405827,0.071614576373810399)
 (-0.6187290621920406,-1.3203117410892584)
 (0.19912556371532739,0.091229132215676023)
 (-0.91521663764922001,0.17212451239851859)
 (1.2680023981353956,-1.0944828224463692)
 (0.36399876189940789,-1.2146890591613428)
 (-0.54692960127349588,0.094348911505063054)
 (0.30366273056719267,-0.018801022017201359)
 (-0.25823283816466652,0.27972069555659168)
 (0.27928593137705071,1.7402806114989062)
 (1.0860690188442133,-0.14797319625031141)
 (-0.29847928231038962,-0.49846603985773263)
 (1.6218614456760003,1.2242021832940782)
 (0.45808917157080159,0.67113154315382006)
 (0.14226901268898565,0.29368055569209611)
 (-0.18048029131968885,1.7279706136595265)
 (-0.20319172166783042,-1.0343459846025413)
 (0.32277236086997657,0.38161754873168247)
 (0.45369089531128631,-0.41823711533078778)
 (-1.4615652284224947,0.28064548167212366)
 (-1.3666794329923544,0.31682599019884833)
 (-0.0018400659835693979,0.10260607228002197)
 (-1.580425650258245,1.0266760256205993)
 (0.54283577223658463,0.23938386523860553)
 (-1.6058958234226037,1.688767343045332)
 (-0.48951787524383467,-0.1217890964508777)
 (0.05176273504082364,0.4514382719771296)
 (-0.61237708892211051,0.63415406958173104)
 (0.058405510034300875,0.77919821410815748)
 (0.84547846026655504,-0.66639185024838055)
 (0.59850510056783413,0.59264981499907055)
 (-0.77448028667544577,0.24278397333322271)
 (-0.095832666937082422,1.2655149756645077)
 (0.039374696409454395,-0.27192764042617806)
 (1.4587458375218902,-1.1642742606361092)
 (0.21477816761929466,-0.61986614122696315)
 (-0.061172595642330893,-0.080766818854754494)
 (0.94358206922762333,-0.67427192738710628)
 (0.076897250322508409,0.30503487276268793)
 (0.25675731860296502,-1.1165413894396143)
 (0.78325092089446025,-0.16817991752742636)
 (-0.19736149048879872,0.1301627021570575)
 (0.51566323377071499,0.76130838193451156)
 (-0.71063113037346504,-0.77653237112729934)
 (-0.52971981776513077,-1.812844864350541)
 (-0.15272651789160097,0.81940690850869513)
 (0.096699663305596456,-0.43942502666549166)
 (0.076302595462139439,-0.31677561376660984)
 (0.066592020466048576,-0.35726198616408689)
 (-1.1158354391146936,0.007398825832537423)
 (0.92050899159526323,-0.27548318134276728)
 (-0.36029603593588511,-0.78503071388266377)
 (0.91131035922550818,0.11400845257557428)
 (-1.2621216175363246,-0.023315356196025292)
 (-1.9771681771196901,1.0794748638525928)
 (0.01189821679338994,-0.8813906045410087)
 (-0.026645065315899934,0.24432368063257845)
 (-0.011048815047686308,0.1634380090943425)
 (-0.67524232565222642,0.38392765687179631)
 (-0.37267884585394845,0.27409004053342589)
 (0.98381975951923761,-0.012399719353573925)
 (-0.12860203866317033,-0.43330167778838113)
 (-0.16892902281552535,-1.0297224743229727)
 (-0.92604718857474977,0.75996978842616514)
 (-0.14231808878905222,0.5479035488962366)
 (0.85233093577949481,0.21086866966930046)
 (0.50174118378260391,0.8832588727870293)
 (1.3825109329182832,0.68339905326801642)
 (-0.89568906789531522,-0.12800848204221021)
 (0.13809499620078827,0.070719540911099846)
 (0.46268482446961445,-0.51672955435595425)
 (0.07119106814863882,-0.41750135425867929)
 (-0.29133671915330484,-0.030466085167512147)
 (-0.61384262727570804,-0.74493926318337755)
 (-0.42448718140062919,-0.52879911606276231)
 (1.0883646346261522,1.6932773852609404)
 (-0.72688754750019979,-0.92758353391539428)
 (1.6054231913984598,0.29129210795863114)
 (0.49550696544849709,0.14745545818538783)
 (0.859264602522538,0.63967880447466108)
 (-0.63304362355419186,0.76216845219617291)
 (-0.0074422744475438063,-0.19211321888160854)
 (-0.27688222314428279,0.45547037128139872)
 (0.51796458524568567,0.33878647787308691)
 (-0.40254997043345836,-0.32508351177385009)
 (0.10761456534815575,0.47550725192605992)
 (0.57427458638420514,0.70046049813497691)
 (-0.6613069001542472,-0.089315095248930873)
 (0.68877719129339499,-0.0062144034099815872)
 (-0.23412710112761148,-1.134925418164739)
 (1.0167157064642414,-1.2329666095209562)
 (-0.61592534656820441,-0.80868017119549285)
 (-0.68171513532189387,-0.44879033012950098)
 (-0.70446883911953229,-0.41624248759520754)
 (1.2274083207573883,-0.9525746849697998)
 (-0.14267420254665353,0.70325141110652001)
 (-0.79553469334372473,1.1377070038988173)
 (0.25625711842479998,-0.50838351677067928)
 (-1.0551815277159602,0.16226772327555133)
 (-0.93700720880699551,-0.79805839857272109)
 (0.63712461890767902,0.37609189009269395)
 (-0.40710886272913693,1.0340028656041633)
 (0.28230014658053643,-0.26641223507989176)
 (1.5105533280105603,-0.85208468187032282)
 (0.12273521607187986,1.0561613402692434)
 (0.38500789762306176,0.066346438394580987)
 (0.1976720032443133,-1.0855835360451436)
 (0.20328671262794185,-1.8460375692855509)
 (-0.13606960059097797,0.38115331039938688)
 (0.31401221822800823,0.65660743630649221)
 (0.95780393914629014,-0.39006726275771691)
 (1.2600551831347797,-0.77750264740966679)
 (0.31667060659452478,-1.0135408267581796)
 (0.57205570498329372,-0.23364919586550303)
 (-0.67355294278213063,-1.123474823293102)
 (-0.088693131526186714,1.0137017807591349)
 (-0.49742319116684958,-0.10599110270248088)
 (0.38563156990665387,0.089073783793094469)
 (0.24954759182383587,-0.37614821761887085)
 (0.8254998297345727,0.52852449264209045)
 (0.83663784577962286,-0.26606600427299448)
 (-0.135686233044676,-0.45898050199563534)
 (-0.17174505013272992,0.58658860267899715)
 (-0.16184325397702215,0.52289751773418258)
 (-0.6350435347061828,-0.62001164550280896)
 (-1.3694911281558184,-0.76993220934817708)
 (0.99909315065693127,0.99273516425384167)
 (0.38888814830176432,0.25125257281646984)
 (-1.2584512420665281,-0.18224309000339173)
 (0.36624469881331617,0.64757695763063505)
 (0.6793599008154555,0.32048714691966679)
 (1.6778911519072208,0.55725938619876947)
 (-0.11916113162984,0.43062632388159422)
 (0.11711324672116633,-0.73718374399140263)
 (-1.3910610238597096,0.54044804984063088)
 (0.38404717544666678,-0.3700437213553569)
 (0.14330092443596998,-0.63669679793898271)
 (-0.39934290965284641,0.58237294062001266)
 (-0.11246656978034547,-0.083857153216282704)
 (0.56415909156427202,0.11329853908554277)
 (0.21059910894485112,-0.47552617547762976)
 (0.99516426212733222,0.28762568018734641)
 (-0.45778929137858027,-0.54147021035695131)
 (-0.93198645578111905,0.98862902171483047)
 (0.22631456540282832,-0.67655005291271542)
 (-0.13877735501475649,-0.07788030636814279)
