# Created by Octave 8.4.0, Thu Dec 11 09:47:21 2025 IST <gamana@Samsung>
# name: awgn20
# type: complex matrix
# rows: 2048
# columns: 1
 (0.83647679662221897,0.059413785792868483)
 (-1.0956068117957356,0.010027242473912845)
 (-1.0202723837400884,-0.038316991065278749)
 (-0.93101139773528274,-0.020279951299847235)
 (-1.1460413981764215,0.087004899846137976)
 (1.0004171696761319,-0.012011295705787142)
 (1.0198669676655847,0.04785193263798973)
 (-0.96831888758314333,0.090138082669382322)
 (0.92421939961032096,0.052253961657310916)
 (0.92237972981662308,-0.16185490807631769)
 (-1.0029715980967433,-0.031701104165048337)
 (0.95755691372005125,-0.175878243758088)
 (1.0032499958425636,-0.034035649488292539)
 (-0.85232889748410334,-0.040240944213908079)
 (0.82456291445353158,-0.089216395460829059)
 (-1.0857256239152298,-0.065455654863097276)
 (-0.94169249675464273,-0.0090405219118367772)
 (-0.99152477453285826,0.021730047589705499)
 (1.0870179877564112,-0.12850833613880772)
 (1.0601613249249922,-0.11454403865187668)
 (1.0489719192792608,-0.045714930916484785)
 (1.0397875968996617,-0.027313452779055131)
 (1.0515030750849748,0.028658944171082945)
 (-1.0256373414260072,0.17958025538509126)
 (0.94264035631382115,-0.093944629992126549)
 (-0.88296623770228244,0.062589963704084844)
 (-1.0305337464794058,-0.14936148726544471)
 (1.0209510773605086,0.078070036133473214)
 (1.0139266044806874,-0.074710046119250903)
 (0.93065093841736657,-0.043678871054507525)
 (0.917207630666383,-0.056352902881749711)
 (-0.92902599569450039,-0.082784377862648875)
 (1.151254758124117,0.01605758889907221)
 (-1.0410930427477301,-0.05817638257153307)
 (0.89447755154483544,0.036794759754423666)
 (-0.98124887755055012,0.05225360771292379)
 (1.0247707308270488,-0.042476892949621994)
 (0.94261549531834721,-0.0099371902892785996)
 (0.99507877316074145,-0.053142246346405832)
 (0.90686481972574662,0.0075444436453719205)
 (-1.0884971169839139,-0.070540507312501069)
 (-0.99747113885212046,-0.01308887156946649)
 (-1.019653085123031,-0.077327947755977691)
 (0.97866611537910908,-0.0528036928350505)
 (0.97196335503695441,0.11802654433773237)
 (-0.95331833404143473,0.08817991531157271)
 (1.0651497199734177,-0.15051525487328568)
 (0.99526017437086478,0.098513035301121196)
 (-0.90212348315803426,-0.050482534676902238)
 (-0.9329979438834709,-0.019929314670600301)
 (-0.93791496871133584,0.11193832682702837)
 (0.96966409713570434,-0.027387239152610727)
 (1.0009244331135367,0.097319648020025296)
 (-1.1113675617966337,0.056041637744782713)
 (-1.0819267895278297,0.12011540390695417)
 (1.0265389187619434,0.0024645459644647583)
 (1.0191415278221692,-0.058889166218834957)
 (1.1588349196317953,-0.039534288488974945)
 (1.0211071517240031,-0.095434426905729772)
 (0.920297364351641,-0.048488441858295338)
 (1.0519104832025483,-0.039981589551586511)
 (-0.88735546820715949,0.16062847013140613)
 (-0.88493709629540174,0.089054195752813065)
 (-0.93417704485662467,-0.045759284069507696)
 (-1.0485584115941313,-0.048588565819640855)
 (-1.0106916725466994,0.0024150271086222914)
 (-0.98839589771858805,-0.04780665543983794)
 (0.91463516248080912,0.11312595976142828)
 (0.93668566220657601,0.048891051386821441)
 (1.1378662069691057,0.096323591717379822)
 (0.93555148596359539,0.088066192180609973)
 (0.86936191364021342,0.040141666666902567)
 (-1.1099756305259123,0.015224544790736497)
 (1.0819013349814535,0.0110061597716861)
 (-1.0812867660584669,-0.061568523394355604)
 (-1.0170649527370161,-0.041620358676494891)
 (1.0953552376659093,0.11541078914909915)
 (1.015906445891662,-0.020955754378505151)
 (1.0575335409089581,0.087309299445493649)
 (-0.98322663131355936,0.038837309894166804)
 (-0.9984376698228371,-0.15241206282677414)
 (-1.0799301201722535,0.010919276753731055)
 (0.9273324704811533,0.010426954697396715)
 (-0.88438170526058069,0.025027047451509424)
 (0.9541786737205622,0.0053765583441760167)
 (1.0152434315668597,-0.059435747093810366)
 (-0.88803595256095413,0.053215200351917714)
 (0.93802910775923531,-0.01133386838509449)
 (-1.007643662169692,0.087251977489524332)
 (0.9074026702526492,0.036773761340135901)
 (-0.94255325336115026,-0.024822663429395712)
 (0.93499266937015568,-0.08274027881469273)
 (-1.0206408702225731,-0.011138832747383831)
 (1.063147689797276,-0.06513720670163857)
 (1.0567948721714564,0.069705722915664861)
 (0.94241701019268564,-0.12673176036749673)
 (-0.89409489757480265,-0.038536274183092349)
 (-1.073854807105719,-0.026840681887904394)
 (0.92701358665042366,0.037438759736983178)
 (0.95250381048235588,0.16804217499287366)
 (-0.99021825621843518,0.0017981460795963794)
 (-1.1092618919866977,-0.043593789362165514)
 (1.0657707254741238,0.043745546342749776)
 (1.0055137323926235,-0.070838953319556627)
 (-0.96249476119799104,-0.046625274533392581)
 (-0.86280790779155081,0.032379884716187336)
 (-0.95668679016804903,-0.027591543146741521)
 (-0.89148869616302917,0.12926003240690165)
 (0.99657466950688911,-0.091536847099111154)
 (-0.9881064314679453,0.02922811380588097)
 (-1.0338452476447046,-0.1178366645509042)
 (0.88580607940754807,0.026282784035409391)
 (-0.91893984349152191,0.12982141161297686)
 (1.0201003071751997,0.15417556077845296)
 (-0.94993828804380998,-0.17219812103228255)
 (-0.89934402234611732,0.12197856785712902)
 (-0.94084203346087858,-0.0045544387252288527)
 (0.91575322523078984,0.086872460496477413)
 (0.98448702509643904,0.02078044058455453)
 (1.0303903358774253,-0.072613022016548193)
 (-0.9129204060235685,0.046048186545339896)
 (1.0854557266590932,0.099410661478254614)
 (-0.99636555553801509,0.075977303864067841)
 (1.0385773767424766,-0.11790343631476979)
 (0.89441684296103741,-0.046655007976026043)
 (1.090808547899164,0.079322244597869268)
 (1.1281616897555489,0.0032698785603527667)
 (-0.96206914102054208,-0.053161496617582363)
 (1.159508786004342,0.14927045395790384)
 (-0.9619457150994466,0.057253545674902151)
 (0.88954054673327732,-0.089533539581627533)
 (-0.99230181520771055,0.02661307790060943)
 (-0.95975150470171466,-0.070203074916962024)
 (-1.0416794512724989,-0.049515097274023728)
 (-1.0056288401361873,0.0039570200944520307)
 (-1.0455645488634588,0.017639270329008454)
 (-1.0122066688666662,0.012899125836459106)
 (-1.020157277266641,0.031324440824421131)
 (1.0079098586080861,0.056550233535124173)
 (-1.0474961017804554,-0.11656680192437843)
 (-0.96008314349265689,-0.098574021638344833)
 (-1.0516839678589889,-0.066094860503114014)
 (0.97492717528418382,0.043329268103636263)
 (1.0496994256708831,-0.13705760955503593)
 (-1.057787250570273,0.0021451526014711893)
 (-0.92332050358974049,-0.16487071179803603)
 (1.0974086579942204,-0.029609335295613704)
 (-0.97110632636817562,-0.00058394027804384318)
 (0.91886248302282603,-0.095111557103665853)
 (-1.094152758681481,0.072725797108689538)
 (0.97877229371809693,-0.019532903721366231)
 (0.94500931300454571,0.052329958724669667)
 (1.0005635171211391,0.10173714599650455)
 (1.0053251432650767,0.035065372739799497)
 (1.0343619157826347,-0.11418225918039962)
 (-0.8903191870839382,-0.081410716363524621)
 (1.0524315061518859,0.075802418604586752)
 (-0.97882947670591414,0.15020580124570868)
 (-1.1054798354919897,0.018680313964917712)
 (-1.1026091014894446,-0.13709618146420968)
 (1.0183557567399861,0.12419173601431988)
 (-1.0577838291403652,-0.024611051965640295)
 (-1.0455527413121946,-0.045817706420206383)
 (-0.88077753842085249,0.002300139953650587)
 (0.8993383576968923,0.079512088121251268)
 (-1.0718193902923085,-0.083397996514561992)
 (-0.92754486456011787,0.0221521224677153)
 (1.1245687887445244,-0.047538841742386262)
 (1.0166180020405817,0.028252640387202987)
 (0.97677622742760972,-0.04017508668940583)
 (0.89526603551543704,0.039854635106235548)
 (-1.1045952875455007,-0.039749691352360214)
 (1.0801352527331507,0.017867924192143874)
 (0.95130643244174828,-0.033236473483181983)
 (1.0231929555521104,-0.041436880858631536)
 (0.9526949080793361,-0.023565391839068639)
 (-1.0488698842920372,-0.17733733895197126)
 (-1.0769314528857936,-0.066094397931758378)
