# Created by Octave 8.4.0, Thu Dec 11 09:47:20 2025 IST <gamana@Samsung>
# name: awgn20
# type: complex matrix
# rows: 2048
# columns: 1
 (-1.0576465691535866,-0.0096963539657793103)
 (-0.94535653649945561,-0.07957742103499621)
 (0.97422291000163053,-0.01723301404381369)
 (0.84115042295550435,0.082119188590684344)
 (1.0058327456961149,0.12370903817727551)
 (1.0047181786354056,0.023835443059261552)
 (-0.99759373775804427,0.026476574456097135)
 (-0.9390299322033151,0.14817723038704797)
 (0.86852059120565672,0.060982341291788825)
 (-1.0898470845397124,0.036643408603327522)
 (-0.84514284841574683,0.017837180093150273)
 (-0.97292841980040279,-0.034662760777031031)
 (-0.92088403269434105,-0.047572831764478858)
 (1.0445282803188896,0.0092840791320024426)
 (-1.1185758506722534,-0.051426894014667268)
 (-1.0693841199744121,-0.019754328499416631)
 (-1.1448497641685256,0.068814379574742734)
 (1.0727639324584781,0.18119338078613778)
 (-1.0264880191337256,-0.085541840929585986)
 (0.92025315682742304,0.039158178306449208)
 (1.0122980674889219,0.0044041890926985548)
 (0.93194592105265461,-0.063496764288318103)
 (-1.0468808787586728,-6.6309082886657327e-05)
 (0.98414262483573223,-0.08750450911406743)
 (-0.97400173972333493,-0.022485319684512294)
 (-1.0153156604798732,-0.028818340807270183)
 (0.99858318418672476,-0.12049195970217284)
 (-0.98858600189999646,0.01761008751691338)
 (0.96688914137334159,0.13112739314418603)
 (-1.0178051035163087,0.029015855141234032)
 (1.0370957901758739,-0.016409679555338966)
 (-1.0252199016319683,0.030399827298454044)
 (1.1086114984616495,0.088545736168348599)
 (-1.072975196532491,-0.044624807023872087)
 (-0.95319880115146494,0.090650960383217474)
 (-1.0494060451920459,0.10426805912589661)
 (0.95143104976698589,-0.11189310238777161)
 (1.052479488255905,-0.12604216200751309)
 (0.87339116027820796,0.19433763152833694)
 (0.97685781984379649,0.0092679220119155307)
 (1.0542346117722563,-0.020397065928546666)
 (-0.87241871320623088,-0.016256716803197305)
 (-1.042537065888913,0.11388978041064078)
 (0.83517222050603768,0.0010123883197283004)
 (0.90247095434191804,0.085482218248771613)
 (1.0030871627867033,0.057810328883649321)
 (0.89564989211263724,0.016399619718330097)
 (-0.94261865610045925,-0.083194114973363098)
 (-0.86025181987233013,0.046459022074497452)
 (1.0980054496238318,-0.0092076171342698378)
 (-0.93614522804244327,-0.0029107119141808494)
 (0.8465324846048029,0.035723654640286984)
 (-1.0725018007496232,-0.032077823242863818)
 (1.047902694308477,-0.020758343007094174)
 (-1.0884334543573042,0.083531926964976966)
 (-0.99638837025953353,0.01818406193686525)
 (-0.97120688318552706,0.055312547426279626)
 (-0.93258576500381052,-0.0084324311057702179)
 (-0.97313332251751539,0.045446464481112198)
 (-1.0494414960520324,0.047306224273027997)
 (-0.98852131096796803,-0.038865558284760598)
 (-0.88666747053517048,-0.024324204142685116)
 (1.095192871996026,-0.069276816977691502)
 (-0.86817642542885953,-0.10575536959338888)
 (0.96923263868365761,0.087854826028825259)
 (0.95666387006967357,-0.042791724687270064)
 (1.021385667550712,0.10174695823295002)
 (1.0114314158250557,-0.024192502331062238)
 (-1.0610315103670573,0.055982760791447463)
 (-0.99179693712508266,-0.10623364690971966)
 (0.90804156895746835,0.19770605385463305)
 (1.0585067786317099,0.04634394351066936)
 (-0.9741394246288283,-0.016965932044779711)
 (-1.0915692304006872,0.087298373088543268)
 (0.93538171437097684,0.077910517981691019)
 (-1.0797129911870111,-0.030589307145987555)
 (-0.96578771142568609,-0.042274333829013792)
 (-1.0526362130324962,-0.083377889331833682)
 (-1.0276838637374666,-0.0077797634041881615)
 (-0.97237585951126737,0.016233104431177269)
 (0.97733959675733872,-0.017768028720862823)
 (-1.0877491461604507,0.035168113210404937)
 (-0.96477477976950277,-0.039153665979906431)
 (0.97615047790472664,0.13227033754562112)
 (-1.07979562102626,0.018767243193813656)
 (0.94343843170310948,-0.020049387661251743)
 (1.127313935961451,-0.014199280014967978)
 (0.96077697349572488,-0.0020092544985695678)
 (-1.0624095347024092,0.01350703302418596)
 (1.0249379635876283,-0.0015191189833271455)
 (-0.99072594452285256,-0.039104752235987125)
 (-1.0292885517381198,0.072113757148542609)
 (-0.8865506725170863,0.025374769425117856)
 (-0.98988337148975869,0.010145875226604539)
 (-1.0784597829226514,0.074299262311482803)
 (1.0447929701788607,0.041475790498938181)
 (0.96755218443142665,-0.0095519053575095839)
 (-0.99213032615895858,0.033204039672550971)
 (1.0058926049328361,-0.12635400611076703)
 (-0.97367277136227481,0.048282900378601855)
 (-1.0853764226263747,-0.052439191327976864)
 (-1.0331497918794366,0.027357466174679403)
 (1.1492392626560888,-0.12719300852566423)
 (0.99060297006246634,-0.058234275791153645)
 (-1.0696152114975461,0.049976086803526262)
 (-1.054338872269561,0.10890188388954453)
 (-1.0251869538344931,-0.066749805501289658)
 (0.83136393647628848,-0.086212585957811561)
 (1.0251260118239447,0.051899193833779382)
 (-1.0275319677796682,-0.0641263855313738)
 (-1.1387267918163717,-0.044399713955204805)
 (1.0479180845621947,0.085753793166617409)
 (-0.9538848554897098,-0.085087637362198501)
 (0.9199781192583466,-0.11091280569230487)
 (0.97245429227425018,0.0082445500881677056)
 (1.0700465628001459,0.025605425631073209)
 (1.0754016700610509,0.027144948748085068)
 (0.90519716119029681,0.034033525445963067)
 (1.0505322824068,-0.040083977478074073)
 (-0.93084524912432198,0.078506745407031231)
 (0.9158094641473008,0.043076523902502328)
 (-1.1465888111126308,-0.088766332015255106)
 (-1.0708968277813757,-0.035081176579663496)
 (0.99061165786731964,-0.0088419025339979886)
 (0.94382606483502163,-0.060015709280345164)
 (-0.91688307090826215,-0.040013065591307864)
 (1.0004193570861948,-0.044262500809293497)
 (1.0256375892552234,-0.056552241836155551)
 (-0.97094611079523596,-0.06376333730369492)
 (0.92504137778446272,0.099289621621360832)
 (0.93281826185252692,-0.041485934160755328)
 (-1.0887188773233869,-0.062099425230830063)
 (-1.0756810660111429,0.17521001332220662)
 (0.9381627733351976,-0.021992184312919515)
 (-1.0988013540614727,-0.025955355617491117)
 (0.90455424012937324,-0.024118682180555878)
 (-1.0352975934589823,0.055007316299305456)
 (-1.0256006224341716,0.1487954396659564)
 (-0.83147872556653679,-0.052932688744074599)
 (-0.94911568103346189,0.065593154286802513)
 (-0.91662846499015682,0.00071681648201463383)
 (0.99240139647856107,0.038786587361174116)
 (-1.0633698486727066,0.00048071599373368447)
 (0.91741602253820564,0.023692831564275638)
 (-1.0003477786111714,0.15371134966623623)
 (1.0562831964967836,-0.0082516385334479078)
 (0.92042708421867392,-0.048917244696816145)
 (0.95282094280126128,0.0017687000630649406)
 (-0.9517132745720791,-0.064269701042740476)
 (-0.90632740042418258,-0.033858882242933118)
 (-1.0006806867829448,0.026996612305015228)
 (-0.90429055267586911,-0.041444770340488386)
 (-1.0343554029797162,-0.060787618785862751)
 (-1.0658862144863113,-0.032754911042910916)
 (1.0608877362872304,-0.15428655006502107)
 (-1.0271270270214228,-0.064738767947103912)
 (0.99584637115506136,-0.0076135817879726389)
 (0.84160336784232725,-0.13936777820847104)
 (1.0430611125348244,-0.044144557980036719)
 (0.99692886488811516,-0.077071858289831208)
 (1.0525093936527539,-0.097350603557707638)
 (1.0495849596872582,0.05748935702728869)
 (0.94611080964752714,-0.13426664655865556)
 (-1.0975657289391114,0.14175833088419582)
 (-0.84211049957143658,-0.10777160598690683)
 (1.0222668265912187,0.027897157377571626)
 (-1.0805137344348505,-0.039862843865022132)
 (-1.0075990010251228,-0.10794979610602924)
 (0.97170666199044831,-0.14128509828880106)
 (-1.1090281552995014,-0.11276760706690721)
 (-0.98475483611157388,0.072409088513109426)
 (-1.1050383091727987,-0.0022577866085427543)
 (-1.0960949433986593,0.14922737386462867)
 (1.0622270254723924,0.058263464446831337)
 (-1.0208752229339808,-0.014456940707033968)
 (-1.0492014785034847,0.014273622568000067)
 (-1.003732211443539,0.021826953163895001)
