# Created by Octave 8.4.0, Thu Dec 11 09:47:20 2025 IST <gamana@Samsung>
# name: rician
# type: complex matrix
# rows: 2048
# columns: 1
 (0.91979300037539269,-0.22906289409294839)
 (-1.2048099581348011,0.20741286989092508)
 (0.78014340155728801,0.12983044729707718)
 (0.27241770037513924,-0.33115361862578574)
 (-1.4862290157886355,0.31931801179647606)
 (0.72728996903155529,0.5128138680539025)
 (0.36152096892713814,0.17618839152940671)
 (1.1038762485090712,0.31007573901244789)
 (1.0258549480509003,0.4282508383277186)
 (0.78286002236957886,-0.1539719450051123)
 (0.87290596728249137,-0.21782394296936303)
 (0.64967059536157201,0.18909838954625691)
 (-1.2948760026654613,0.32591520700309407)
 (-1.4474133856920119,0.2600294814972488)
 (0.98387798334056265,-0.2593115375571603)
 (0.70681413517929359,0.1263301993093327)
 (0.89785835689537907,0.0031380814506705998)
 (0.29879185061646918,0.57415367737708767)
 (0.56779613931347828,0.25135185523729447)
 (-1.0564221008047818,0.2160950613254381)
 (-0.82725766795376077,0.40400275138881975)
 (1.0571651743305743,0.097672662853767786)
 (-1.1422191654235565,0.11913068650859698)
 (-0.79770497255573403,0.4016719876531995)
 (0.70965234581289738,-0.1739193593586407)
 (1.2687485818412676,-0.17292365963914932)
 (0.67631429889087147,0.67571928807404424)
 (0.11955221371947311,-0.37304504186978432)
 (0.98862269406411596,-0.21656782296957108)
 (-0.65624872693085312,0.16305732347418544)
 (-1.3969300411180594,-0.59296466226886368)
 (-0.77239139388991107,0.29868292741314678)
 (-1.559791565775021,-0.23347876249089455)
 (-1.0968456653511645,0.26205769067001322)
 (-0.73375646735397149,0.31596497512257815)
 (0.49464114477556365,0.29305782470077979)
 (-0.46962882485122542,-0.24808091584350231)
 (0.62619454171000832,0.36005420587812553)
 (0.9923346108048825,0.17286404210602407)
 (-1.5654027422686989,0.61738322765880904)
 (-0.97558989009898889,-0.2209980892523602)
 (-0.85970470782063679,-0.35892386952525401)
 (-1.0807741649294975,-0.21182694214430969)
 (0.85789950616593635,-0.12680379730634397)
 (-1.028566665317219,0.21420284287118069)
 (-1.3052988483710029,0.12017877191467262)
 (-0.58631814033048757,-0.16936415827058057)
 (-0.67201701569595407,0.40275001382114795)
 (0.20618134116144471,0.14428036320751525)
 (0.26826236231628497,-0.29216758506610507)
 (1.390187260324647,0.254838626241703)
 (1.2119254857916553,-0.58093084205606993)
 (-0.58169696426379025,1.0519938851065909)
 (0.35486647354714607,-0.29567438814051689)
 (0.93320473250065117,-0.64346854410001741)
 (-0.97977032057617464,0.049183592952470392)
 (-0.83626001768285341,0.0217963764785324)
 (1.0866289881702251,0.030589409066443658)
 (-1.1235945040142525,0.37400333561523491)
 (1.1078371344912279,0.05349418684495677)
 (-0.87924644013154163,-0.19280605978938317)
 (0.66239760555903537,0.40423643861991537)
 (-1.1866825201695843,-0.028837778676990243)
 (0.46704005456254388,-0.76068330435350429)
 (0.94920829426446296,0.20818825378661562)
 (0.26906255162228498,-0.43033644559313905)
 (0.59945958589897552,0.012039831049673475)
 (-0.58676756640505068,-0.12095460613626893)
 (1.4249896996155624,-0.19985364240495887)
 (-0.75203275652281987,0.24551284072773213)
 (-0.79046829786749739,-0.14760202892270088)
 (-1.3818094136496282,-0.15891656544604976)
 (-0.41155026369267661,0.22009365674585285)
 (-0.95660272895665066,-0.51461423946232798)
 (-0.25874143907872837,0.011473829346837869)
 (0.67028478466144414,0.073091734066276406)
 (-0.36362175103334282,0.54358361598031979)
 (-1.1636130743013817,0.044258855517165144)
 (0.41792998245327961,0.40721664891141895)
 (-0.49588700173059408,-0.1260189080731893)
 (-1.0846117003936655,0.090218546655740681)
 (-0.89154097943575261,-0.047153559813319645)
 (1.0810634375554713,0.99266275314546648)
 (-0.80026716758193839,-0.88623601120293005)
 (1.1900222216957534,0.027018924074533681)
 (0.85288604913263255,-0.27115957929653944)
 (-0.63564395236245863,-0.085307255318154487)
 (0.80809858761270414,-0.20462766783711314)
 (1.0022314748993182,-0.36069793998917776)
 (0.25551781680880337,0.41941839215167981)
 (0.82348894489229152,-0.30725312260730087)
 (0.82796744516371523,-0.25227369842287978)
 (0.61275618709153945,-0.42054033771016885)
 (-1.0145091449242254,-1.2782149227563022)
 (-0.14119285900640388,0.15959614449758841)
 (-0.74786049686675971,-0.4049496068691007)
 (0.8499709919280185,-0.59480955400792868)
 (1.3245492677948134,0.41219775421019145)
 (1.2593957361042918,0.48508255931504174)
 (1.2711605546681628,-0.038294245057833548)
 (-1.6132180466495771,-0.045310848785645313)
 (1.2289291811378829,0.23348489935736319)
 (-1.068615065241739,-0.52408976678085228)
 (-1.2724465614584703,-0.43130134002835002)
 (1.0384744587315602,0.62704733933772094)
 (0.93662455460104055,-0.47735642294687769)
 (0.74031251174990342,-0.38913203537069457)
 (0.94529616566744645,0.36209803617457276)
 (-1.4916936104297853,0.055710285697186862)
 (-0.54570695513300083,-0.47894153644825949)
 (0.882289608791339,-0.094998111201116731)
 (-1.2124963922358905,0.16756547217113429)
 (1.3568059116640345,0.20518571806546618)
 (0.87350749578733711,-0.032200730599730609)
 (-1.5148717304646058,0.39606860939326516)
 (0.87691442152381638,-0.36937287014750964)
 (1.1260676756058476,0.081075120218611949)
 (-0.51904432845053772,0.3685534253633877)
 (-0.65063830097544417,-0.33315001126396249)
 (-0.73790845628546042,0.27499319663364336)
 (0.37728218629581262,-0.31935336879550785)
 (-0.94683556949938619,-0.7778960522253221)
 (1.0293563526185401,-0.58010256660098314)
 (1.2090624117321547,-0.053810716903631081)
 (-0.51784121472503108,0.43390504403371122)
 (1.1626213416552726,0.43412673145192854)
 (1.1311427181944425,-0.019459011092427616)
 (1.1257059482645784,0.21923526266521806)
 (1.3108981573069742,0.22505508532122537)
 (-1.0509582798977777,-0.0044306977615523064)
 (-0.34178576822760742,-0.021556371140433621)
 (-0.71161156233246137,0.22381427355621267)
 (-0.91047536185791533,-0.036641139243609788)
 (0.92406810888014768,-0.45860256525683485)
 (-0.6947746611055502,0.17602641447548437)
 (0.28799819434985408,0.56102806553081597)
 (-1.1061689290343737,0.69215114239988462)
 (-0.96416188767639099,0.097808520903144028)
 (-1.4609422168243991,0.17900473133900127)
 (-1.2949814036178457,0.011076924416342749)
 (0.24474332548256805,-0.15715200703776147)
 (1.1228968229065459,-0.20257286476001146)
 (0.64673058992593069,-0.099990230009725456)
 (1.7149709216860991,-0.39398641243049837)
 (1.5620999289665356,-0.81093266878915271)
 (-0.28197196060306484,-0.085976950783314882)
 (-1.2264026237682994,0.12122418779316821)
 (-1.0862428934354222,-0.17661973447076723)
 (-0.62061496251014925,-0.28277270201975607)
 (-1.0823120030313738,-0.4233137789555817)
 (-0.93845652939310831,0.091919628135348444)
 (-1.0342709466333706,-0.85182794774737802)
 (0.92969144824750416,-0.12601929051847743)
 (-0.92780510871547561,0.7262710463449954)
 (1.0029557430968943,-0.28822297282940956)
 (-1.4137447253762601,0.068987358088799272)
 (0.84912272033585723,-0.25448500934693374)
 (0.38433696397477174,0.80309792043202344)
 (0.64717058487563439,-0.38814241131518046)
 (0.50205010623349022,-0.040083166091267032)
 (-1.0105174100729075,0.40428407448884351)
 (-0.77855435000811368,0.21045229915792529)
 (0.82578814349256069,0.50248747528816029)
 (-0.29682810600944431,0.57674968461093101)
 (0.90053937127947836,-0.16244350576111455)
 (-1.5451834524238151,-0.17213395477321258)
 (0.91475147519906808,0.31850747404245883)
 (0.88825920856159601,0.40537603303673242)
 (0.83293257235385876,-0.39862730565339094)
 (1.2548550196967032,0.32364933049895922)
 (-0.53197683813668495,-0.3720435513730293)
 (-1.4412893448407851,0.48137473788646012)
 (-0.68993318202544174,-0.023261140621805832)
 (0.4696315479787741,0.12793569370819918)
 (-0.94376578434413383,0.24865730654305809)
 (-0.7643194457314666,0.66641121474100173)
 (0.51630401867728559,0.10288338045094787)
 (-0.46627705012727938,-0.22343607036259641)
 (0.1813361683645397,0.21314445885692113)
 (-1.6999147662152849,0.107669766455637)
