# Created by Octave 8.4.0, Thu Dec 11 09:47:20 2025 IST <gamana@Samsung>
# name: awgn20
# type: complex matrix
# rows: 2048
# columns: 1
 (-1.0339982899554805,-0.090244467894961836)
 (-1.0728760584624757,-0.045766453845713109)
 (-0.94161456024146373,-0.041193541796956896)
 (-1.0188827456380067,-0.063903362903437733)
 (1.0118720070182876,-0.054470326500584566)
 (-1.0340879985843872,0.063620732730306898)
 (-0.88668964694121444,-0.0014382925783316346)
 (0.97114932797880593,0.12128201997626793)
 (-1.0152575786130453,-0.071501512848582735)
 (-0.99567409105411098,0.099394762462627115)
 (-1.0590660240935457,0.058375107360526229)
 (-0.94458804389359463,0.053658049718872093)
 (-1.1277742955680707,0.01808467343196651)
 (0.9790983853808799,0.027225458562827383)
 (0.92081121766224061,-0.07760261424627253)
 (-1.0152465567974998,0.15563075982529651)
 (-0.91072637027815118,-0.012298810043226645)
 (-0.86802066095326791,-0.05002524696883013)
 (0.99028530327698738,-0.070188828435677406)
 (-1.0021811190402012,0.004869918185168633)
 (-1.0048986418343899,-0.083167248888102896)
 (0.97120435779771142,-0.0083021430215497859)
 (1.000483170801326,-0.022212888346567684)
 (-1.0121266341010549,-0.10434652606089485)
 (1.0713796241007632,-0.060907316453090971)
 (-1.0637135661483172,0.089602346244749123)
 (-0.86463101690437305,0.084117379808625978)
 (0.952829550051286,0.1171681101946648)
 (0.97646964829480531,0.014110790565205939)
 (1.1355420886420249,-0.041538934528426108)
 (-0.93234784458778752,0.16373989893289678)
 (0.87995165309844414,-0.032758227015696244)
 (-0.97108853420018204,0.0075425583097107011)
 (-0.94219093877651783,0.12409261443249792)
 (-0.97149310766690844,0.020340996079971158)
 (0.98762804619717914,0.055945084652249427)
 (1.0735119619305666,-0.02780928143733933)
 (-1.0085553783042596,-0.042492143419158114)
 (0.95088396225547034,-0.032660800949430573)
 (-0.88061614098212704,-0.018084118341504654)
 (0.98245319237627549,-0.067864092945995477)
 (-1.0874410807018335,0.044255862440309636)
 (1.0550947092292171,0.015261611432921766)
 (0.97814623585627636,0.1317076164804431)
 (0.9331937955110825,0.0092292304670066015)
 (-0.88343399803526557,0.0075925642875235956)
 (1.0068875064272769,0.039414085032123555)
 (0.96660474317474676,-0.047045971700029665)
 (-0.89761251682606136,0.087819847260228109)
 (-0.97290146408990563,-0.002317704147692098)
 (1.0052268397214141,0.10987001811954028)
 (0.94053242550354732,0.06233302214623794)
 (-0.96676395643900948,-0.061697095190307111)
 (1.0998781535280024,0.086392830955971195)
 (0.96328581111696687,0.1430999799350266)
 (0.99449120815355518,-0.082470347889916751)
 (0.95415803147102496,-0.015382406000473909)
 (-0.9665116221060438,-0.0021064201416703915)
 (-1.1229980664480335,0.098352931184521653)
 (-0.95832458044869495,0.0093330993045182276)
 (-1.0176273710879205,-0.024255813610891623)
 (-1.0642542261261128,0.015762893253619428)
 (-0.99300996431577282,0.077409933584537557)
 (-1.1647078802911937,-0.085907306455419274)
 (-0.92365415305261778,-0.049556455993172432)
 (-1.0177763319362998,0.11503770464252361)
 (1.0691813294850532,0.0083456524591245876)
 (-0.89351713645424957,0.0096511404264066764)
 (-0.8882029604285322,0.081570561948237613)
 (1.0131537433136271,-0.030932188585684958)
 (-0.95512989345341237,-0.01608890739002029)
 (1.0534808100875439,0.013365603792135803)
 (1.1559332249443535,-0.0019823613175074259)
 (-1.0384316829792615,0.057014849050652218)
 (-0.9733818196529318,0.09922467803580963)
 (-0.92515669390081778,-0.060289233177111379)
 (0.95909012858775955,0.061567446058057522)
 (1.0324681724532534,0.099433460724474981)
 (1.0102923980175962,0.14460535194063151)
 (1.0149298423820772,0.066318374922098106)
 (-0.97936122716461027,-0.098969018622642554)
 (0.93166324013044766,0.0058102790810542655)
 (-0.91924393415306083,0.076449060088583973)
 (1.0324594840679611,0.022956425632951413)
 (1.0046123152709521,-0.064337392799877213)
 (0.87834432680291941,0.027699221427419853)
 (0.86899483318624693,0.051790969336369008)
 (0.9526517004154812,-0.027478520994757019)
 (-0.94005289671896519,-0.065874933051071519)
 (0.95654487771592045,-0.099907395499115009)
 (1.0596301318436074,-0.055586226510841441)
 (-1.0121758597088117,0.038038516283232432)
 (0.95367974260789623,-0.031023484483453684)
 (-0.90864984924150516,-0.022872489357514809)
 (-0.8518691863875778,-0.096473973557315018)
 (0.91300069262085382,-0.11404615572609218)
 (-0.92996747698768445,0.099075513783059843)
 (1.0217607564494449,-0.08803946964627396)
 (-0.98129674269762557,-0.062002326922426798)
 (-0.96409258204231763,0.035501506566477374)
 (-1.0653892720212845,-0.00062227719662807609)
 (0.91723561099347573,0.064655870192137255)
 (1.064381076188486,0.040991615578115474)
 (0.9361814560596059,0.079458035614250022)
 (0.94471229785052702,0.043444598609084437)
 (-0.98751199489277131,-0.028299518066970425)
 (-1.0610072017332803,0.01147796229055164)
 (-1.0537545935683883,-0.071328929475094824)
 (0.84001830286129464,-0.0078216399788937525)
 (-0.99704923898218967,-0.062132096600199138)
 (1.0341808649957065,0.10549560045326299)
 (-1.010299693176276,-0.10138168887454263)
 (-0.99238597236487303,-0.03489580352580101)
 (-0.91192698752238954,0.080434459733875474)
 (0.85966981179146051,0.063498227470118865)
 (0.87900248282369875,0.018854814515976093)
 (-0.9544651821330784,0.023753850889209543)
 (-0.92634090778345402,0.056843120090551862)
 (1.0329015953192902,0.028498221172228472)
 (0.9546710333624624,0.018826717084315027)
 (0.92154987673782607,0.040034292426437433)
 (-0.85089777191379112,0.029411747250537457)
 (1.0510049655441118,0.12883030863655673)
 (-1.0913341407930373,0.0012602842108437057)
 (1.0824379458511797,0.11598353923920834)
 (0.94670927376122849,-0.10255069716064612)
 (-0.97485711378006967,-0.049872780159781555)
 (-1.1519026197491475,0.0094983447921833039)
 (-1.0524515944193891,-0.020736712804195687)
 (-0.90390973647868234,-0.010253708583519002)
 (-1.0911058148594974,0.17093326732633476)
 (0.90190061472469929,-0.025268168154216165)
 (0.9532433692018033,-0.015292029519218415)
 (0.96285764409973285,0.017323122445918129)
 (-0.98539391931418263,-0.02802648758258143)
 (1.119194004436691,-0.018127560657590754)
 (0.97493292550114585,0.017584815971421294)
 (0.94190654943839691,0.030271742432007254)
 (1.0460480872943874,0.09391086657851605)
 (1.0410499362589678,0.035204795529302613)
 (0.95398519008445559,0.015720345591887282)
 (-0.9920100327369199,-0.025378840605344788)
 (-0.99145026129781644,0.076027872022007031)
 (1.0044624320034574,0.028481589787536871)
 (-1.0200020807790486,0.1125481038771661)
 (1.1096503990902722,-0.015276604681297216)
 (1.0573848024216925,0.043629609811191405)
 (-1.0064694675074317,-0.085329377845884985)
 (0.95494937372299793,0.051046009805906706)
 (-0.99205775140033903,0.026333778841039268)
 (0.97049677681569335,0.068224768084114637)
 (1.062275863360413,-0.016721130688142384)
 (1.0611490279303393,0.078379197476539417)
 (0.96866912809449401,0.10827028229027987)
 (1.029265306409878,0.045862290982715714)
 (-1.0460604148417734,-0.045262579747030462)
 (-1.0465521064322996,0.077423619499817353)
 (-1.0394861905443562,-0.053268454910047017)
 (-1.0582489101395398,0.062553702254709298)
 (1.1199650226221309,0.037440275094885511)
 (-0.89366277616341372,-0.054026470697833652)
 (-0.97905202642248457,0.1000623113147478)
 (0.93083167912673914,-0.092458315384262191)
 (-1.0756250442149229,0.099538274597218424)
 (1.0392875227847489,-0.034341678636078968)
 (1.152162410391248,0.073105612511422155)
 (0.98738129288833942,-0.083046632347273663)
 (0.92556350216114347,0.081242469484069366)
 (0.94491874367028905,-0.047416686669835013)
 (-0.90766927610069637,-0.054296847705273425)
 (0.96532391544982743,-0.048143307562635185)
 (-0.99965621107666225,-0.067927318422712699)
 (1.1117731634652717,-0.033652447029221953)
 (-1.0549180223026176,0.035772767458716277)
 (0.90199735963374905,0.016521145487966484)
 (-1.0560067964446367,-0.065468103953863849)
 (1.0731449062438048,-0.019108512141283788)
