# Created by Octave 8.4.0, Thu Dec 11 09:47:21 2025 IST <gamana@Samsung>
# name: awgn20
# type: complex matrix
# rows: 2048
# columns: 1
 (-1.0779050355096074,-0.08095816023791913)
 (-1.1035968544084527,0.12377567303505983)
 (1.1176000057702815,-0.032940545714776205)
 (-1.1476280345963386,0.11486619919561175)
 (-0.93319612837155974,-0.17326411829467905)
 (0.85426973288813501,-0.0012424564186961349)
 (-0.95957414531472252,0.078384831382504086)
 (1.0999364112353334,-0.098256377009997217)
 (1.0511546944644348,0.024825198617012691)
 (-1.0230724235198609,0.029381097912996163)
 (-0.9541421087283426,0.063968991531098279)
 (-1.0192883726485165,0.15071187090956917)
 (0.90752616872301795,-0.0080375654869428263)
 (1.0117765902028,-0.024975670246735193)
 (0.99106660263483837,0.04551166800450334)
 (-0.99879338078669877,-0.039970908418932909)
 (0.94095885847481864,-0.013688098538372795)
 (0.89853238413824821,0.015668150043155856)
 (0.90099555161938083,-0.043187850922947309)
 (1.0164125057490021,-0.075266054641780364)
 (-0.85811121861565653,-0.022942584826464402)
 (0.87676349161660216,-0.0047986721127858817)
 (-1.0126035856587683,0.015725859567133214)
 (1.1150002784326833,-0.042327700872881312)
 (-1.1349663657899378,0.063745024483076715)
 (1.0034002391907302,-0.21353261331476042)
 (-0.88799661382458339,0.10378893047128612)
 (1.0612808325326217,0.052791174351161402)
 (0.92188632088581712,-0.06748070961790921)
 (-0.94272154609056014,-0.1008089569980091)
 (0.92520043793684759,0.058047677496827821)
 (-1.0187752951125411,0.012261045902022878)
 (-0.98117674865619553,0.01355818300060492)
 (-0.94093706978967928,-0.046461028087507336)
 (-0.98766747581557746,-0.040048957913360383)
 (-0.86098476694899184,0.077959184181995711)
 (-1.053887778376934,-0.0068115963592008293)
 (-0.99656577567140159,0.088022894537358343)
 (-0.94698814804451481,-0.021392550935274854)
 (1.0444717743232008,0.015730606439656614)
 (0.95104508135285393,0.088955516160938594)
 (-0.98928432672993394,-0.0057487941614054929)
 (-0.92781741288346808,-0.098744974340244679)
 (0.91453422199878132,0.0010740779918615617)
 (-0.94117022437938092,-0.066886980854514624)
 (-1.0194303945678809,0.031515857877179525)
 (0.9948920937681186,-0.065232625996424182)
 (-0.90692396923437202,0.011212595979688267)
 (0.97317136711273833,0.10351139416783491)
 (-0.9861558148005708,-0.037436809665483892)
 (1.0866008477142504,-0.078563103383237243)
 (-1.1757292460474713,-0.1397951219043907)
 (1.0911344965655547,0.10738332032632643)
 (1.0727034103728212,0.10361436281783237)
 (1.0254786574796013,-0.1366821746750739)
 (-0.9200321073873946,-0.0099376174142037019)
 (-0.95435693537228272,-0.01349756564958509)
 (-1.0313137381517143,0.047524283901898313)
 (0.89512906017547433,-0.02252693299261643)
 (-1.0170830709115879,0.043071636356004306)
 (-0.9534809166954733,0.0035429508988546934)
 (-1.0250299729830352,-0.092861458660120091)
 (-1.0693354404834021,-0.01421375396848191)
 (-1.0243897090034209,0.18873218056997398)
 (0.98452785722599567,-0.16050402377646175)
 (0.93992792084898125,0.094816693896983384)
 (1.0929659927461304,-0.11535499823619944)
 (-0.99539302239803729,-0.0044733892858668575)
 (1.0056867411150543,0.024781127937499176)
 (-1.0536372570045591,-0.028375573200988775)
 (1.0910677782481313,-0.0014589519202168402)
 (-0.93501741640960778,0.049397966004163213)
 (-0.95667568621906296,-0.073553653067051569)
 (-0.98877076796341123,0.036041534239873836)
 (-0.92233354556264335,-0.03896167083523025)
 (0.95570273013177931,-0.074370614545175059)
 (-0.91166976386642884,-0.073141771930689242)
 (-1.0971437452492816,-0.034735587992188843)
 (-1.0517636903681247,-0.043042161541567453)
 (1.0033265499871931,-0.13532915483492591)
 (1.0902454367603909,-0.017074713579555863)
 (-1.098491362139095,0.1327294777627761)
 (-1.0077856036237192,0.027370336723561508)
 (-0.97560269952855505,-0.0098244769801987333)
 (0.91237866063582096,0.038377828057441138)
 (1.0366130407933813,0.078020207983691969)
 (-1.0134569549942276,0.030117147049826737)
 (-1.0145402471373359,0.16787565905009438)
 (0.9224018340973944,-0.017434040574704858)
 (-1.0441753744746991,0.021243379685633459)
 (-1.0780465791775475,-0.0059136473325844072)
 (-1.0334391897589319,0.035079784249227385)
 (1.0008535617563961,0.010042931397374829)
 (-0.99756104591105543,-0.037075398377738912)
 (-1.0822496968676398,0.053017499624815889)
 (-1.0659175096692191,0.03735593636875869)
 (-0.97860583501567333,-0.039310733784812146)
 (1.0457016949705566,-0.046801135543938846)
 (1.0025779412972369,-0.022491013157073213)
 (-0.97100924949865042,-0.073215880142812259)
 (0.9515206448801371,-0.004562566702598316)
 (1.0196661481292992,-0.0030581326472694163)
 (-1.074039657620625,-0.028409462855393936)
 (1.0710589761987412,0.092053177353174379)
 (-1.0332320645096105,0.064296346648802641)
 (1.0874446818729968,-0.11274013709800973)
 (-1.1132364604435181,-0.030699617568224744)
 (-1.0454739770412638,-0.06793496706156707)
 (1.0079664212934456,-0.036439640841290123)
 (0.99933114518735366,-0.06643276072899898)
 (-0.91627607272054301,0.13333754992265578)
 (-0.97501942086344384,0.085402495867724831)
 (-1.0123528797361736,0.092215317882512512)
 (-0.96193668465977678,-0.024239170726711848)
 (-1.1128276643950781,-0.023483627942755707)
 (-0.89223256530228789,-0.057989080017001163)
 (-1.0476704046899625,0.087485068016735723)
 (0.9900192718241243,0.035041367224037417)
 (-0.94973462681026932,0.018084825815300638)
 (1.043413983328612,0.0825557363853925)
 (1.0143308885434668,-0.00043470382224336897)
 (0.93656823685323953,0.030223334866075615)
 (1.0292674270022335,-0.039467746945875279)
 (-0.95583273488246567,-0.077920272047042022)
 (0.90509988127101793,0.022580972466870602)
 (0.95049957133547947,0.0010798722279619284)
 (-1.015940093294234,0.067086352143523736)
 (-1.0810400877247175,0.046691807579243454)
 (-0.9878978179962139,-0.18482960751945193)
 (0.81392974440876154,0.014726972891536903)
 (-1.0071612426323535,0.057754698744810477)
 (-1.0100071975359901,-0.002008778517213108)
 (0.99346141953955891,-0.02049285015087977)
 (-0.94834588675858522,0.064772807049372147)
 (-1.0026298444781414,0.02626768950442205)
 (-1.0476613105730377,0.021297088792621929)
 (-1.0673976907495037,-0.00093453663977633046)
 (0.90339822045872431,-0.079551037009652437)
 (-0.95600924701639922,-0.023523597962890552)
 (0.98714850190937042,0.095105448648095239)
 (-0.95510428573027806,0.014619013612369293)
 (-1.0585185697318422,-0.027853813029268194)
 (0.89159610129347833,-0.05460406426050779)
 (-0.95875745847544669,0.024763069410892017)
 (1.017457345974732,0.019519290682166179)
 (-1.0658156271615886,-0.03073451607359411)
 (0.95273307584584654,-0.043437033511446344)
 (0.93500093159621589,-0.0019465250549936244)
 (0.97473304159730911,-0.048056106025970657)
 (1.0376845594048589,0.093712517497634942)
 (-0.98018479561459859,-0.015023308315620508)
 (1.1059088165300262,-0.092875757980310961)
 (-1.1180863018035456,0.0090763529511951376)
 (-1.0841289192975319,0.031134217366241369)
 (0.98605340692964194,-0.018711364824632891)
 (1.0581514337308877,-0.056146555147589622)
 (1.0495780511062125,-0.049091657231243327)
 (-1.039104918273217,-0.09596026978236559)
 (-0.91795913713782218,0.044051289087532551)
 (-0.97633893631574042,0.01683954663756666)
 (1.0959386669496127,0.025976221137306743)
 (1.1235235738963389,0.097093709794455613)
 (-1.0593804499635768,-0.020434817224218343)
 (-1.0708556893783807,0.12499322336726644)
 (1.0085029060871902,0.10228342972397922)
 (-1.111642161718408,-0.045507823649527275)
 (0.91125599676705138,-0.069923811223059226)
 (-1.0238671723388126,0.14619961837743559)
 (-0.9425501829840669,0.016590741305544866)
 (-1.1072007019733299,-0.011400002751573426)
 (0.94052106748628683,-0.011984579416021822)
 (0.96766116719326167,-0.011392098110172813)
 (-1.0042693402335074,-0.031757320593190738)
 (1.1544543017626077,0.0088395871077591847)
 (0.94817303202359282,0.010112460492058753)
 (1.0568969717043881,-0.16794417303786355)
 (1.1037487244802624,0.049868306085308331)
