# Created by Octave 8.4.0, Thu Dec 11 09:47:20 2025 IST <gamana@Samsung>
# name: rician
# type: complex matrix
# rows: 2048
# columns: 1
 (1.2269080349435786,0.056627808988071467)
 (0.33844496675890612,-0.47209928659173783)
 (0.88169580086986543,-0.24541654697405493)
 (1.4876825796187012,0.18354062129864834)
 (-0.75002358150450132,0.2727257271228466)
 (-1.1956541905069673,-0.32299731463077563)
 (-1.1913624053308889,0.40625928169615216)
 (-0.44727328230287539,0.48578771234523177)
 (0.37319283898132738,0.045612177937039033)
 (1.1890666211809444,-0.14841172965769109)
 (-1.0934871196349811,-0.048437026859597915)
 (1.0169432916237147,-0.054168320971289305)
 (-0.53656815959105897,-0.081171592294859429)
 (-0.49585115007413361,-0.2060733863596878)
 (0.29323738394534249,0.082681458728700308)
 (1.7429606172470875,-0.0081720528558379569)
 (0.78003643738686312,0.074326655268589351)
 (0.90927408558611045,0.79024034958053269)
 (-1.1687340786747098,0.59961689536987794)
 (0.2779128970515311,0.22007842527784849)
 (0.58319535588184757,-0.099240957121957143)
 (1.5254439125398369,-0.12400066344239873)
 (1.3901670246751681,-0.53677825708431226)
 (0.83317963265255213,-0.3030141922122454)
 (-1.1118725089198243,-0.46781075646725673)
 (-1.1000595500003882,0.20050504565736854)
 (-0.72845536190535887,0.35621382294404408)
 (0.74782113298533059,-0.14587938622283506)
 (0.95158041547534777,-0.37674888887485364)
 (0.53471004564093394,-0.28655569424751426)
 (-1.1027328088568473,0.51076335409676199)
 (-0.92028493981262638,-0.1972525537763665)
 (0.94982536282259755,0.12215157724220864)
 (-1.0313094020109608,0.090172660274875721)
 (-0.929137182474293,0.16187384214327313)
 (-0.65364621736581363,0.0012527091111628273)
 (0.82755130704937174,0.22022871768497854)
 (-0.47677498109985489,0.070743451211418881)
 (-1.4056852121541785,-0.042551862482823638)
 (1.0324188586828971,-0.60804801858832935)
 (1.1529673085880574,-0.30722218729761697)
 (0.63267714454426716,-0.18615877061267241)
 (1.2696266988493505,-0.053215547595643176)
 (0.87947522852088944,-0.28506184874813767)
 (1.3450537909310309,0.033345933809628893)
 (-0.83213145633833618,0.78119720536877435)
 (0.88774292510119257,0.17547671406170642)
 (-1.2802323530453743,-0.24004707954220877)
 (0.62840193029292224,0.51475426123640733)
 (0.86857692109397477,-0.21962599193057541)
 (-0.2307689279495333,-0.43526733471639334)
 (-1.3759644632943298,0.31748823165204304)
 (-0.80699484690133538,1.0750939360309415)
 (0.5993971572873743,-0.0036758273593762041)
 (0.94537484171127628,-0.043753229513908122)
 (-1.2438108838283757,0.095827752906289379)
 (-0.81323718890872687,-0.51054159213842487)
 (0.82567944300736063,-0.74233616238520572)
 (0.63717492258863262,-0.057320994665965276)
 (-1.0510202727801254,0.27006525603731923)
 (-1.0679797448944923,0.11995856334959651)
 (1.0665270210415894,-0.15499265552177108)
 (0.66253099017284556,0.22881401613730518)
 (-0.25949952044822777,0.42507698959098367)
 (-0.41831995561981922,0.10741872971403597)
 (-0.83753923844231437,0.38427057349353594)
 (-1.3956686733236943,0.42575011004337954)
 (-1.6081221461421675,0.51071615826377148)
 (0.53884363598371765,0.70941891861655704)
 (-0.6255638638304768,-0.2847086872791087)
 (0.89465186398603436,-0.071807187706150688)
 (0.12653525770846608,0.37340427142985982)
 (0.54507156685384206,0.53757048684037168)
 (1.2526331488621576,-0.13199170857623385)
 (-0.85482270423629181,0.43485510728502663)
 (-1.4142058728961455,0.12723661938622557)
 (-0.80458613327986006,-0.13726107048905017)
 (0.97355520783531413,0.14617031227847635)
 (-0.14085932292893466,0.12333447849438889)
 (-1.1680434912649127,0.069739775430357392)
 (-1.0461906787793127,-0.24056790860065966)
 (1.0400994909296624,-0.10935509234755521)
 (0.65282650036175216,-0.12722312959240423)
 (1.2586611940321963,0.40213537250969172)
 (0.54143468902251679,-0.38741145552012668)
 (-0.80693047534187545,0.25133372544948313)
 (1.331530229873173,0.081150412275476355)
 (-1.4316256227007529,0.56218382400108546)
 (1.4130555721219884,0.45647808871242995)
 (1.6145711864600423,-0.21217561594633016)
 (-0.78904398738059189,0.39371374592815972)
 (-0.9677980951813685,-0.159075366847752)
 (0.8206232616832696,-0.14355666790820401)
 (0.3565758630591449,0.21281678137475787)
 (0.82595143102355695,0.078949443711144388)
 (0.62870157205097277,-0.024139879633119626)
 (0.96774476714733804,0.32445280550333838)
 (-0.45952940857179003,-0.55421840521308274)
 (-0.20637376985849643,0.76226021382322773)
 (-0.75642541708435729,-0.086122249187747538)
 (1.0182422987448425,-0.37038789470479511)
 (0.21074314921163106,-0.081663059774001345)
 (-0.19997008534957184,0.093169716206602887)
 (0.84942094029110582,0.2323393141837243)
 (0.76111685512066674,0.40171856019479729)
 (-0.77393059704764133,-0.4888026005076101)
 (0.65019388656876442,0.18109547350512928)
 (-1.1634666284496133,0.24974164527136211)
 (-1.0688856760161938,-0.34410099712021575)
 (1.0813035240073856,0.047651064977541298)
 (0.75822387044448936,-0.66329168701009833)
 (1.3637895805481404,-0.43609424930412122)
 (0.6318380525832763,-0.62448368171141466)
 (0.53672364670836392,-0.55188576016968371)
 (-0.93658205442402409,0.016498330897762054)
 (-0.95308893741650791,0.34776452854092721)
 (0.34525180590844495,0.33808276272386523)
 (-0.8187653573752911,0.1437525544051198)
 (1.2511952026635678,0.18285189608069605)
 (0.70762713337650007,-0.15853860452268548)
 (-0.9529233114132547,-0.30214049143959021)
 (1.0184450792019151,0.12475759368373815)
 (-0.78632392683497665,0.017861163715697383)
 (1.2403490028279223,-0.21272129196570863)
 (-0.70672112332350201,-0.16945362976306083)
 (0.59950231473015037,0.21552934273188737)
 (0.99914638331638028,-0.46581897034674985)
 (-1.3145536487681801,0.24980067869062864)
 (1.0293044860211755,-0.0096710717592813009)
 (0.54999285135117604,0.27117245576942611)
 (-0.76579986059622884,-0.0037451015878693329)
 (0.67405844157954564,-0.055002463780056014)
 (1.1675462207647023,-0.031828355967709242)
 (0.61624704901830518,-0.26112018809971482)
 (0.70018630361311418,-0.43361010497360719)
 (-0.73653574126284815,-0.098711543174577338)
 (1.2084318865462678,0.15440277676794875)
 (-0.71613450086709296,-0.17332369296055264)
 (0.90942040698864812,-0.67343175078961781)
 (0.88405453725405114,0.24008998099087553)
 (-1.3035536040173212,-0.50079249916159652)
 (-1.2153865227034302,0.12995914296394023)
 (1.0616859620522987,0.072935556581763122)
 (-1.1420644898285235,-0.60409504792619106)
 (1.5908436201158311,-0.48926914611349914)
 (0.90722783408864227,-0.33158321981937888)
 (0.4968016995994014,0.070282344580085254)
 (0.39882126688049407,0.34618831187013027)
 (-1.4295307857255013,0.27691548017155421)
 (-0.70245731536717826,0.40043404808381938)
 (0.97433673898795947,0.061585768782287206)
 (0.74792099704698223,-0.23450626864608407)
 (0.60662974345367038,-0.2016581394089966)
 (1.1937491384838814,0.28771992978042871)
 (0.99257777911023126,-0.66726048854664421)
 (0.4863610032413771,-0.05129229980799014)
 (-0.92418445449557718,-0.15488469616029973)
 (-0.81369827133764583,0.026348314226265698)
 (-0.6951655325358691,-0.45115189064015621)
 (-0.77800397120666398,-0.10418834036784907)
 (0.50934251968515887,-0.39018712686253287)
 (-0.79110650985234721,-0.21170853339999393)
 (0.73057907845025327,0.12936471186359685)
 (0.86534970898209329,0.15871615005031711)
 (0.53628441912704039,0.068548613221082591)
 (-0.68532084824335737,-0.29607128393222848)
 (0.49551509821716005,0.55005353029239523)
 (1.1378332294894138,0.14473050270540558)
 (1.2270801641711433,-1.004723604612888)
 (0.54795299777516382,0.028734536384537265)
 (-1.3421667512814284,0.45499651828641657)
 (1.4429122049926106,-0.19451351922908636)
 (1.0861496623630786,-0.49244355673800838)
 (0.76924633843732582,0.31104870695760722)
 (-1.470188529957027,-0.20957921522579487)
 (-0.73106112189767825,-0.15320989985310127)
 (0.59039317888062959,0.471723626904894)
 (0.53967386366252112,-0.23544224476992673)
 (0.74609722634001618,0.25663869023786806)
 (-0.64514928059370158,-0.5099679340796438)
