# Created by Octave 8.4.0, Thu Dec 11 09:47:21 2025 IST <gamana@Samsung>
# name: rayl
# type: complex matrix
# rows: 2048
# columns: 1
 (0.94970678797853592,-0.33704663392147655)
 (-0.31808396970457647,-0.5374447322090411)
 (0.78208815100252416,1.2755056570251408)
 (-0.077503092359489142,0.16574775344283757)
 (0.52393342306081014,-0.043451812294713961)
 (0.27179299787446953,0.15634762624436782)
 (0.52840590275421639,0.62659826105695438)
 (-0.34924599013123492,0.39888814306023107)
 (0.48015732969592373,-0.38691553886657482)
 (0.12165156370693814,0.49298643740212694)
 (-0.40709443494321179,0.09770581086254454)
 (-0.71582050203477698,0.409998603608136)
 (0.74504838250751437,-0.44897048903122966)
 (1.2070156518917365,-0.14258841077496587)
 (-0.14869979769892078,-0.058498266017025347)
 (-0.23199388748806729,0.77451422197217046)
 (0.19518333066839041,0.9747456223872808)
 (0.72177219507297286,0.10445990649324556)
 (0.047036012013228358,0.16472213536883776)
 (-0.70214603847864143,0.024883486219785679)
 (0.79071118199298518,-0.97286681230871352)
 (-0.29420589786634288,0.44828583578243364)
 (0.66157830167676579,1.1339550982812407)
 (-0.55206280555012988,-0.61745705513289051)
 (-0.18534746545714134,-0.34643461869253528)
 (-0.23931797368323363,-0.40300010934648778)
 (-1.0404793702904342,0.84310673216046039)
 (0.4070776558251834,0.73083002377794848)
 (0.7917541406384706,0.52044326736532598)
 (-0.95029717835314143,0.25997115541523669)
 (-0.6339243196404889,-0.87700507092253255)
 (-0.33672943252826021,0.40870932034963836)
 (0.97644482476665639,0.058004091944100507)
 (0.13233599012216349,-1.8457176458768834)
 (-0.69155151626205691,-0.60061112808527994)
 (0.40516407116795561,-0.36906763070989507)
 (0.25217382043393527,-0.11040197985891149)
 (-1.6867611341712374,0.14522063622596892)
 (-0.25642755026267178,-0.96327616184668585)
 (-1.837506143622768,0.019936859390087113)
 (1.0480072641650886,-0.038337899577076083)
 (-0.87428086209494227,-0.64724002715154627)
 (-0.28556091403408423,-1.4288104646911153)
 (0.57289517775274379,0.32906226077083278)
 (0.7653405887818665,-0.058570173654051906)
 (-0.41001340513110451,-0.56289767212965991)
 (-2.0063989997885998,1.0132070429503621)
 (-0.073927359197947781,-0.37575986540256867)
 (-0.24575497255429629,0.38764017572858084)
 (0.035541170506826376,-0.92572522320333195)
 (0.56985139186577904,-0.98578005223456766)
 (0.066926836194391867,0.12335581824964802)
 (-0.55466939403333049,-1.0547674603859625)
 (0.18222015314047327,-0.0078697194533786305)
 (-1.8526096585534158,-0.089267817509693009)
 (-0.40576623139108969,0.35572227849227972)
 (0.95205136388858713,-0.4626210453317855)
 (-1.1526231833035907,0.30937011485392735)
 (-0.067027142758524852,0.47634368494940937)
 (-0.42861205677667319,0.033068268437613027)
 (0.94908791641531687,-0.21643908951611279)
 (-0.9333667701327798,0.26682132100605294)
 (0.22712263087180357,0.21102262326686042)
 (-0.39407523123352967,-0.31364357081407362)
 (-1.3221052418105832,1.7377276349918196)
 (0.39370086434063689,0.82439309957843143)
 (-0.1899448252387641,0.13010520864311206)
 (-1.1114693314969599,-0.29132897717508338)
 (0.40396863326431987,-0.72984989152911517)
 (1.2632193584292577,0.42484868904503459)
 (-0.19180726633218212,-0.24335475610487176)
 (1.5338970527816718,-0.41271981209451014)
 (-0.67906839919422135,-1.0524150563104679)
 (-0.48745438127344498,-0.27834878891933507)
 (0.65750314249056052,0.20714593801207107)
 (-0.80693268123745454,0.29137670385168668)
 (-1.183209304444397,-0.69518720080330376)
 (0.44140679526014098,-0.98653963953322299)
 (-0.45031842900510372,-0.67626118601459284)
 (-0.64140084085412186,0.73134415675364106)
 (0.14665783127233445,-0.31293263183773695)
 (-0.33516943478736438,0.16136541505385571)
 (-0.63784392180700122,-0.17429469614426044)
 (-0.75582082858679089,0.35293138178615141)
 (-0.27183596545761129,0.081209327030300704)
 (0.047479288682935945,-0.24548416927972547)
 (-0.42304416256226618,0.60226434875897727)
 (-0.24014112063286069,-0.50982746251797761)
 (-0.23419319598564603,0.72332354561121681)
 (-0.62846601430848548,-0.16605908173278408)
 (0.52055176640800438,-0.4494129861756534)
 (0.69872661187027463,-1.3162600326448832)
 (0.89039568846618478,-0.59984853854701825)
 (-0.010308801766842545,-0.97725766597039676)
 (-0.063269249396509172,-0.4569715113741053)
 (0.46284775128588007,0.2888942904281479)
 (-0.21205371645326221,-0.63087006801165246)
 (-0.05726396869825414,-0.54253060479735049)
 (-0.17693356287996168,-0.073374665691775698)
 (-0.17713051170852198,-0.13878498454917154)
 (0.12858054593830817,0.63704677864651704)
 (0.66610826776480725,0.22471707693229331)
 (0.19911633772027559,-0.22371662621495417)
 (1.2432764386219017,-0.38329710164109221)
 (0.017794660278312308,0.68814800762661588)
 (0.37248355091176966,-0.20522204473966332)
 (1.3535415332392946,-0.07489017201975863)
 (0.23542657712582843,0.81507095506943172)
 (-0.71837632500424908,-0.47650991541475024)
 (-0.063709559512184863,0.49758020084919674)
 (1.0609048774703798,0.4251436722956371)
 (-0.060077309200795848,-1.0345321315323934)
 (-0.21689710224073652,-0.090814733549312701)
 (0.030104158983793605,0.91821982089408427)
 (-1.4364760624269732,0.67356190559471152)
 (-0.49759201098978761,0.23877550213780505)
 (-0.43629795968545532,-0.37837048725545863)
 (0.087880885532135758,-1.1783904662712761)
 (0.66214552789853387,-0.61328905934830824)
 (-0.10116301425350387,-0.52758267226478417)
 (0.45694596301632456,0.40358399583431948)
 (0.025737306745628772,0.69569273424151068)
 (0.54662869036276973,0.36911196540502755)
 (0.043327044864171604,-0.38754079631443766)
 (-0.77055493039600576,0.61728864277568407)
 (0.066700855239074777,0.20410611956660274)
 (0.34129485406776217,-0.55109514006192495)
 (0.69954236781552026,1.1391037108715891)
 (0.57506566610608545,0.50595252387473211)
 (1.7158459005290521,0.93523859457698222)
 (-0.4205991377265319,-1.320025418238697)
 (-0.57441269973443843,-0.13573045609149156)
 (-0.40522714864312442,0.11773060028823465)
 (-0.91940063461689747,1.2315475596388104)
 (0.47219964626456823,-0.23385362981595367)
 (0.082537197067515972,0.23669130754024748)
 (-0.70644780738207003,1.0893186541430779)
 (1.8896239686329257,-0.24127643719018624)
 (-0.13708723684104937,-0.44796825315511618)
 (0.15135603065146763,-1.2026009311645034)
 (0.14693136132372642,-1.1003525522096294)
 (0.73824095376822607,0.020765862627565419)
 (0.24035738747755944,-0.7966461046417681)
 (-1.0769471392247834,1.0351524818237539)
 (-0.332316664548993,0.79963451438833821)
 (0.26904717785303578,-0.36385667841245989)
 (-0.34572247893241964,-0.93586000061774643)
 (0.55723049726140783,0.016659964727218746)
 (1.3115364285429436,-0.11705076804869359)
 (0.66462169253035197,0.4776221642291224)
 (0.31429382032496328,-1.4801739285120843)
 (1.2432218232511076,0.13242719310592352)
 (0.38363470245015352,0.24925722362576019)
 (0.63027061995384148,0.35162067425196847)
 (-0.8784489188768132,0.86947497854667388)
 (-0.12851598029629555,0.10525050718923917)
 (0.18938045404984641,-0.68510497691669758)
 (1.2796152115279755,0.26633480528327275)
 (0.13754695743980361,0.49825552020320174)
 (0.2300125600297982,0.012443420157232899)
 (1.4198418205938523,0.72356941868444613)
 (0.53738186454499359,0.004880666210132641)
 (-0.45245883676190513,-0.2295804937112233)
 (-1.3601197587692735,0.77766292359184674)
 (-0.91419580518033239,0.90346170046872443)
 (-0.81081884918912517,-0.68606718502160569)
 (0.5967508203198103,-1.1430825809308987)
 (-0.062081505350405963,0.88766707197801775)
 (-0.44512701915342873,-1.0980153528928587)
 (-1.1754863085006049,-0.096132378814518027)
 (0.59917695671678972,-1.1458662730603182)
 (-0.25794292275355496,0.2391175913187113)
 (-0.81177561806398379,-0.98992779900569527)
 (-0.65641606228784344,-0.20718876703308461)
 (-0.61779231037130722,0.08335952944961747)
 (0.89179498415280611,0.36188997431572717)
 (2.0459245025076687,0.71691884591714639)
 (0.17533070148538601,0.47531400599766083)
 (-0.40402129311616675,-0.93767999047922268)
