# Created by Octave 8.4.0, Thu Dec 11 09:47:20 2025 IST <gamana@Samsung>
# name: rician
# type: complex matrix
# rows: 2048
# columns: 1
 (0.93247702697958146,0.044795320239716933)
 (0.62716500129234942,0.24879480653464078)
 (-1.0602403603246859,-0.39638505719851558)
 (-0.98886228431566003,-0.65206726301922657)
 (-1.1196213614290629,0.052450837778840409)
 (0.38749094401371648,0.0011983708656473761)
 (-0.86660724674521683,0.020335479326261348)
 (-0.64927285300457249,-0.18561407157633555)
 (-0.7034783897987924,-0.11935654230319419)
 (0.67011707309467083,0.60795367636553577)
 (-0.33208534994546435,-0.52767763209101892)
 (-0.42811032011153577,0.20839454706694752)
 (0.67454772081979431,0.73352473946976271)
 (0.73910808595345978,0.44375511694737557)
 (-1.1334435188073908,0.43176467849860206)
 (-1.0529087530919454,0.13579456915490332)
 (0.71445749360658217,-0.1915475338915805)
 (0.968337240383083,0.14168366198675983)
 (-0.71353384158248567,-0.22658485488412919)
 (-0.67986673502105566,0.29935991733777878)
 (-1.2699574795141748,-0.08407602847273947)
 (0.61719767824631466,0.052280473637403742)
 (0.86921524843044407,0.8012630145003703)
 (1.0930547596158189,0.12588782513083727)
 (-0.8411693673307411,-0.40635572500908879)
 (0.77836233277803069,0.070547406812171351)
 (0.85377066773891097,-0.2483904922211575)
 (1.1357591325928642,0.080180852541302444)
 (-0.22834653643843739,0.11887591161414099)
 (-0.79110564975938669,0.72604470966733403)
 (-1.0712399771354995,-0.040052457257308688)
 (1.1777877228705445,0.047562654650594595)
 (-0.77425154775287586,-0.23541157255207676)
 (0.96787327085225816,-0.71350344254932196)
 (0.26633973458494065,0.33860153889882122)
 (0.7984905064991703,-0.23935772740575159)
 (-0.54579453085567986,0.10595500867287179)
 (0.52420960480927548,0.65674741070651177)
 (-1.1211225789298513,-0.15029264460343017)
 (0.59631906152827263,0.27105709363787933)
 (0.30029549088009821,0.5383575153015161)
 (0.53208637619934773,-0.09676193491623529)
 (0.39235164025415176,0.37547768820704586)
 (-0.31802381821430126,0.047652407869103665)
 (0.69936944000237511,-0.24818274883740152)
 (-1.211713378958585,0.35237439864181769)
 (-0.594523495680504,0.028732767675585261)
 (0.85350026750905628,-0.00046616048016603136)
 (0.9318983922838231,0.13175489076061639)
 (-0.7581419201767956,0.95441077598577795)
 (0.94708534404029154,-0.023597244384605771)
 (1.2104797875210975,0.62813040141755727)
 (1.2197700938112583,0.34453172838769014)
 (-0.68533222802062632,-0.01677767287199201)
 (0.6485847487529095,-0.58819137658835541)
 (-0.9760532009627183,-0.07225806367292803)
 (1.0601555351718588,-0.22764418123918337)
 (1.0707705877914684,-0.24354408965873187)
 (0.7373789555585194,0.37125897502704758)
 (-0.92352301444545093,0.37900745718863493)
 (0.67156866802834436,-0.36785137385006716)
 (0.62318348820592462,-0.11003688855658302)
 (1.0814126908901707,-0.73708096999498796)
 (1.2871700336319267,-0.68452947609118908)
 (1.4133671048419214,-0.2911509994918921)
 (0.82534526864960245,0.035295570960798266)
 (-1.5041916067937897,-0.13145476837926046)
 (0.50026503876182693,0.076957557889406447)
 (-0.0041639972545730597,-0.018961878553863665)
 (-1.7745635099135344,0.51225370261451153)
 (-1.0246891383064354,-0.33575819013010266)
 (0.68845779312446753,0.17006014711306955)
 (-1.6138175343427807,-0.3438550301529808)
 (-0.99873090256672548,-0.096699390770596708)
 (0.91198510429216606,0.32683995491781243)
 (1.1041610593565754,-0.25518489820320295)
 (1.5748872126661757,-0.16409349314273733)
 (-1.3627235325992662,0.44504732365151434)
 (-0.33234551909343968,0.22139804000631488)
 (-0.3443743908490613,-0.087227023304210158)
 (-0.42882465300883504,-0.044632365125487475)
 (-0.35352991400407918,-0.25779892232332419)
 (1.1884690846744959,-0.25009699715769179)
 (0.9394025672650973,0.36115241289458283)
 (-1.1457465382421828,-0.014741059392973927)
 (-0.92764295669561725,-0.45784943986759785)
 (-0.87345260119965806,0.13384531072336864)
 (-0.97656275904313095,-0.87658030578588653)
 (0.71529345087864726,0.18150832629880076)
 (-0.40358247261496261,-0.26371381264453198)
 (-1.0830405033401584,-0.41952639819977311)
 (-1.3138046373143442,0.10413128826092635)
 (-1.1479718703861796,0.51588362498706597)
 (-0.32507794691189607,-0.065876971359427758)
 (-0.56242137098471656,-0.21865077715949868)
 (-0.76448672969967435,0.056655699023352789)
 (1.1671059418896221,0.034407817713239315)
 (-1.1254968798407454,0.351726174917187)
 (1.3627070701123056,0.15507375633007253)
 (-1.1445861589477446,0.93088022369867185)
 (-0.79284620750173984,0.66369371341464511)
 (0.76776343964964411,-0.25928461200743741)
 (1.4108396893033288,-0.71695972718626422)
 (1.5247487846393835,-0.1076463597440451)
 (1.2823317769091656,-0.066611228306477366)
 (-0.74995124506776734,-0.38552758946849647)
 (-0.75202067072462286,-0.20004236779384019)
 (-0.96739262528590853,-0.48695928544130596)
 (0.92054442558020355,0.41798723145854455)
 (-0.81393143409692426,0.097210716642551931)
 (1.1867799282491542,-0.46917724507041508)
 (-1.1977417325624431,0.019620564338265808)
 (1.1258906944212173,-0.55594264244047165)
 (0.49519559822559273,0.14359506334839134)
 (0.40844431568013295,-0.025413929382311205)
 (0.79105353058073269,-0.041628590966317762)
 (1.1065544464123387,0.040081691904717193)
 (1.0971062177145878,-0.10147657826623284)
 (0.65285881928781953,0.037230067263834793)
 (-0.8727457779817076,-0.55049311102004617)
 (1.0662027491459691,-0.4538197850641445)
 (0.78463661003140706,-0.25089882053037882)
 (0.73760800305583274,0.13393153937803257)
 (-1.0655918031525222,0.51642379982526565)
 (0.60457111791428852,-0.0090072073528858626)
 (-0.80012610050248534,-0.02060902771933908)
 (-0.95018438717154163,-0.25692193107598904)
 (1.1262520850326123,0.0093458812703733594)
 (0.87199555067098722,0.035174156233180126)
 (0.64368532409923429,-0.2166512589640871)
 (-0.72108206978002098,0.0097232715972543817)
 (1.1032874253344054,-0.19786709813497586)
 (-0.55443155660208499,0.22273929923138619)
 (-0.078071602149527797,0.21259548307899884)
 (-1.8086658539525808,-0.31889595530535614)
 (0.79166725986637443,0.76584174375819647)
 (-0.740703953346314,-0.39437461895252135)
 (0.88697437693221393,-0.44717376092357003)
 (-0.74026371238702526,-0.29294858219489295)
 (-1.1994798415766672,-0.014282577696776187)
 (0.59610415080179946,-0.18001516976348664)
 (0.69721189389003446,-0.45778339023039133)
 (0.65828070552965345,0.098935669790175623)
 (0.37605078059032987,0.056332771399337747)
 (-0.36214362568654246,0.037453373227836442)
 (-0.74518479958918715,0.400089132861704)
 (1.2655381338768787,-0.3249933337509302)
 (0.72120405295905177,0.20406229007132967)
 (-1.1867957091191934,-0.27089031005820874)
 (1.1435206585117377,-0.1628699768768245)
 (0.64978483775890561,-0.16838820735509963)
 (1.0013859259398403,0.5197469912668482)
 (0.95208041448241254,0.40601066898251909)
 (0.99326154954537216,-0.18581961382303508)
 (0.98269085103886333,-0.34628412269546305)
 (0.85096848317751117,-0.43401553309390889)
 (-0.94701291509265684,0.4065993194159136)
 (0.83026639870574204,-0.20052510634917153)
 (-0.59020893582057932,0.91870776695439427)
 (0.99630444547135166,0.19259269799156709)
 (-0.67616142338734098,0.11519819675584621)
 (-0.34250900660207917,0.095654886874036144)
 (-0.66205129697247389,-0.62318165225293987)
 (0.94496270219871092,0.15405050659920222)
 (-0.84542892832558081,-0.26544727807924312)
 (0.15194711927374982,0.77413444030892653)
 (-0.7045196692587089,-0.13921822018068047)
 (0.84295408612826561,0.36513487125056637)
 (-0.5553477985587072,-0.18249764059656104)
 (1.1779525278222522,-0.022915407548865247)
 (-0.68927653039123338,-0.61951555873363895)
 (-0.68051338881766743,0.40974456025440303)
 (0.80932964973047516,0.40846708901357626)
 (-1.3812781745353755,-0.30578042754248247)
 (-0.75227713740714264,-0.018614948670755516)
 (1.0827687523313099,0.1657181536941609)
 (0.96318042458131026,-0.17321604527215567)
 (0.79447138678061635,0.29498585651933701)
 (0.66734195986372691,-0.11412208754763867)
