# Created by Octave 8.4.0, Thu Dec 11 09:47:21 2025 IST <gamana@Samsung>
# name: rician
# type: complex matrix
# rows: 2048
# columns: 1
 (-0.83063119461241897,-0.39397048411386848)
 (1.2567817807012185,0.00018007145246554774)
 (-0.81823549122815842,0.19506557611244785)
 (1.3123266743831556,0.088518153352055248)
 (0.75781797848584764,0.1214666235613065)
 (-1.3087403839290754,-0.1371865633307888)
 (-0.55086651716294877,-0.21174312243858054)
 (1.2193373066741544,-0.57687148827495283)
 (1.0859151370742635,0.41714980664959517)
 (0.96544244136641311,0.34756524897255048)
 (-1.3227493134845534,-0.11663216349610968)
 (1.6059555630644864,-0.076797317054686426)
 (0.97799014531557571,0.27574485149849315)
 (-0.24264333007347283,0.011143914830670901)
 (0.64027092294413668,0.16605312181865733)
 (-1.1507445336159725,0.43326402482396337)
 (1.0633321511637315,0.30563561516249488)
 (0.75335177660334118,-0.28091595502549149)
 (-0.25842472064929378,0.35223276008593291)
 (-0.36141331615020156,-0.12814462794771458)
 (0.29133799620101042,0.19540761236051971)
 (0.48936159832456944,-0.094831316894854009)
 (0.11089890006147007,0.16281631241939482)
 (0.714454214137761,0.94325848384491595)
 (-0.33576707099619041,0.12775455740898109)
 (0.77611479223347057,0.052790894079204988)
 (0.69663709226951698,-0.066755473237813945)
 (-0.83694421991643841,0.21460609319472596)
 (-0.25407272099290468,0.10865432856794567)
 (-0.43005047678875941,0.54174476512669678)
 (0.9898890049093958,-0.16613183015047078)
 (0.74636449540040306,0.13499813426028284)
 (-1.3984098320158909,0.26162915171828238)
 (-1.0265541464931767,0.18941693065091056)
 (-0.55727530493016242,-0.22940536909547507)
 (-0.99209814502518867,-0.11622053155184389)
 (0.48060523715725617,-0.3580574644348512)
 (-0.67277869275696478,-0.79084601733827142)
 (0.89259702862679258,0.15028305987507279)
 (-0.91704788271020465,-0.29030446346533406)
 (-1.0366336800080913,0.42298031084319082)
 (1.1000833699002637,0.69352897964181826)
 (-1.0932129230262346,0.024270346994783122)
 (-1.0169853729384841,-0.2930537756530458)
 (0.81616362815442511,0.29187439613230565)
 (0.96467846257810685,0.241325497736078)
 (0.40119198646502441,0.38034195337335341)
 (1.0493606725473303,0.73191946744393466)
 (-0.893967456459138,0.32159095968532853)
 (0.20992434411917427,0.056878246356131416)
 (0.6511260512975563,0.24786966614425032)
 (0.67041218930765678,-0.095447394097942284)
 (-0.54556278583741946,-0.41255943806770096)
 (0.50007244110587024,-0.13799986125564492)
 (0.62986822354740246,-0.74193702770651204)
 (-0.36720504325536513,-0.32061465437681541)
 (0.93864441747348271,-0.29289476236055884)
 (-0.51832061601351054,0.032453874301121718)
 (0.63561179321553074,-0.25979675094461402)
 (0.94849709602326837,0.29276444611353575)
 (-0.89016378364411064,0.069034880881616523)
 (-1.6534636205855473,-0.31510385637000399)
 (0.80154408686394529,0.16537800274791639)
 (-0.8726447554733523,-0.22819125606674706)
 (0.75324842837785178,-0.49693394123090578)
 (1.206298584785338,-0.029164216180487181)
 (0.36311886994767961,0.63354831934846456)
 (-1.1105732029188884,0.23868802749086854)
 (0.67989523208794167,-0.01376189425614331)
 (1.1105160731088095,0.11730871661705924)
 (0.66693205219568286,-0.37622790510036663)
 (1.016301615993676,0.010856997439441815)
 (-1.4293881764134024,-0.19705506085121627)
 (-0.50055701248392825,0.33216714613214871)
 (-1.1967320596427662,-0.29376924739996896)
 (0.58456446632498049,-0.23969687228983708)
 (-1.4454916054595861,0.61693393980443312)
 (0.68430853364650912,0.10650190787789522)
 (0.45558227976222565,-0.18169928296720847)
 (-1.3496290835181195,0.21139043356548834)
 (1.1196217777666237,-0.2067825753808411)
 (1.0616880881712703,0.84461139519893003)
 (-0.72255872214511252,0.045526163888245687)
 (0.63103605563504517,-0.16169451464317047)
 (-1.2940018060125418,0.057897683004843145)
 (0.96165479250965347,-0.27915886310233706)
 (-0.95581974617135723,-0.7241039987639688)
 (-1.8797663613739122,0.0093520715208021479)
 (1.5405085607375799,0.12066149079527592)
 (1.093913619113777,-0.40532046416787837)
 (0.16477750526585078,0.39524214057486645)
 (0.93677318096358064,-0.23336012801807005)
 (-0.57691418330667421,0.32579221760054972)
 (-0.598616457750344,0.040399255959907843)
 (-0.2123523740080393,-0.32193042659815396)
 (-0.60949172065952817,-0.42510782753732496)
 (1.040637906562214,-0.53255478398328748)
 (-0.84104337730173018,0.049713000388373105)
 (-0.6421103675344848,-0.40646291485430519)
 (0.51294370103321718,-0.48129068228340383)
 (-0.87462775912157253,0.13209069911597052)
 (0.85529026195445323,0.32560415003139725)
 (0.56533354187746521,0.060977793829544109)
 (-1.3735681546189942,-0.10019386952059051)
 (0.17469760155642611,0.11866715795203016)
 (1.1757853704380254,-0.65885052586998782)
 (-0.9048742159136598,0.11703457850399963)
 (-1.0956635955735949,0.51976930351452544)
 (-0.63958576648809762,-0.18913976963033641)
 (1.0897064062691271,0.26031649570281479)
 (0.42027935508063796,-0.32423269234820429)
 (0.48772097492201699,0.36936570126890877)
 (-1.0915574918304749,-0.34147802108506098)
 (-0.81055403708878415,-0.30122852781345527)
 (0.69477563324093849,-0.043862924089945104)
 (0.97246747064695671,-0.57762688309850541)
 (0.71213703029809028,0.58144244999244965)
 (-0.63212201404028767,0.11652398338335845)
 (-0.91903659125211623,-0.26066328522434778)
 (1.0892930514594865,-0.25225367978863905)
 (-0.89105692744743803,0.37695983442262032)
 (-0.66158771369218872,0.40416084596932106)
 (-0.95477891880814103,-0.43280537768074134)
 (1.0755210399312214,0.13975591105044693)
 (1.1439554539672239,0.45380180941923187)
 (0.26928581521842065,0.22087081888920054)
 (-0.67202188866397328,-0.2681014612735747)
 (-0.65217733336430905,0.21549797566749723)
 (1.0355774785472895,0.54129232364668745)
 (-1.0970063561235732,0.51551767966982653)
 (0.96466680020117701,-0.10842826005296467)
 (0.43461764880282278,-0.012013562580428943)
 (-0.93211988435903603,0.15469983526270625)
 (1.1668873023031598,0.36735661773415562)
 (1.1337087024041936,-0.040815595152814868)
 (-0.77258299412355913,0.12254740633136005)
 (-0.24141157288868653,-0.31699010478357115)
 (0.91827927248047791,-0.26619366754793361)
 (-1.7106377726930928,0.090569713407478047)
 (1.1524263913833925,0.50762765971349677)
 (0.8698123834709226,0.18955829558573764)
 (-1.3585372119359476,0.33914401724451038)
 (1.2370040663033315,-0.045495590733300485)
 (-0.44891961679753895,-0.32781973668037145)
 (-0.82947787655366789,-0.22086884477595481)
 (-1.4558749055198652,-0.097365053121545836)
 (-0.81636648682683399,0.21797317942171118)
 (1.0249691136649786,0.30160979937063104)
 (-1.1104226092715821,0.23258189215268299)
 (1.2321390605051015,-0.10472103736543095)
 (-0.29661323791896621,-0.023313385636404695)
 (0.93553745730856919,-0.040650545497642958)
 (0.73474275545982459,0.22685705084143687)
 (-0.57775407395877632,0.29819994629626312)
 (-0.36637285640380074,-0.92619664791145206)
 (1.4113878625815719,0.27835530005382392)
 (-0.94005594120234226,-0.61808534393620229)
 (-0.34562211124681919,0.13155702681098164)
 (-0.60712938149766127,0.19582100641290073)
 (1.4410198824927458,-0.20408826724818091)
 (0.46126506565441355,0.32164542123325329)
 (-1.3019788790115006,-0.094875014564408125)
 (-0.79905206218974767,0.0076655634463451893)
 (0.68513303478843501,-0.017274562890693998)
 (1.669541599018646,-0.016195592342389604)
 (0.98602671207456838,-0.087824118066369097)
 (1.1967481694784503,-0.58506823158500831)
 (0.92541265224650349,-0.38991549498795597)
 (1.1777835334220408,0.22499428616720485)
 (0.86722953793933055,0.091033602661458213)
 (-0.352518343939351,-0.5951973641290258)
 (0.73925130248274007,0.28915626615310541)
 (-1.1009105518660172,0.15773289747105632)
 (-0.78638824277609898,-0.077025656454266914)
 (0.78680058097819916,-0.23337646674920551)
 (-1.2249122839334627,-0.38305920015371886)
 (0.49148471832640545,-0.14659941055516898)
 (-0.99862304338744057,0.45089395447832881)
 (0.72290131158024695,-0.32095731086701773)
 (1.0592749698560211,0.12237997386699175)
