# Created by Octave 8.4.0, Thu Dec 11 09:47:21 2025 IST <gamana@Samsung>
# name: awgn20
# type: complex matrix
# rows: 2048
# columns: 1
 (1.0139760059237644,0.025046355539416004)
 (-0.90432574359907303,-0.039459598994920742)
 (1.0411367170115011,-0.16288924059788512)
 (1.1052088284371182,0.065695710571820304)
 (-1.0971083539896207,0.097038657004210715)
 (-1.0543716979201785,0.044217911288226386)
 (1.028307363589712,0.059645879523943561)
 (0.95793280132078695,-0.032289916932948075)
 (-0.97510323290959988,0.019896851050213615)
 (1.0025976769673048,-0.040922902473234615)
 (0.97388910985485611,0.028271007249273773)
 (0.884366722885639,-0.0835258309890341)
 (-1.0054689898621361,0.021999191868350046)
 (0.94072246385264868,0.11984613618850798)
 (0.99768859772811114,-0.053949862141706273)
 (1.0912649144966187,-0.014067793550690112)
 (0.96617177850492353,-0.089766633060496523)
 (0.90125661318828187,0.032485648172542611)
 (1.1101442185138022,0.032586650533806889)
 (-0.99294953806063102,0.080184619035510024)
 (-0.95441823000467585,0.012718091579951249)
 (0.88879550779529959,0.023146885691831282)
 (1.0639424794682941,-0.0012179797816956551)
 (1.1307917361134636,-0.059415684900605538)
 (0.965640697834801,0.0092610770275130833)
 (-0.92366856299725764,0.003886209558779666)
 (-0.97179649100770304,-0.063066469833559458)
 (-0.96704010424409204,-0.082283478840209132)
 (1.0670030268618904,-0.0019851756889263271)
 (1.1090144227909884,0.098562310006208492)
 (-0.94702127538929293,-0.002270590996151046)
 (-1.1025778006144344,-0.037115620986808394)
 (1.0356051778490101,0.1447254043114333)
 (-1.0051587682500458,0.01409581344502601)
 (0.95287356098468523,-0.0016642309398173687)
 (-0.97658586554254745,0.043507787775789904)
 (-0.93525002371416499,0.093456852925536613)
 (0.95007627647620929,0.016525970313535091)
 (1.0951860448731294,0.020280758228202175)
 (0.97877373614674223,0.013528390664055773)
 (0.98561150742820991,0.10070147576899856)
 (-0.96186109055122926,0.013140599200871825)
 (1.100325794357933,-0.13900247023903736)
 (-0.91523573959761129,-0.039726652114947879)
 (-0.96329387124235399,-0.073023777250923044)
 (0.84551914185446531,-0.060610459539894523)
 (1.0069558415801172,-0.023103475583319023)
 (0.99284776841220623,-0.11114370377279668)
 (1.0944475888839125,-0.06316220753793704)
 (-0.95812860582343373,0.018732957934344766)
 (-0.96774732494448745,-0.075276300675525654)
 (1.0667894417462365,-0.099654867488101762)
 (1.0101914934241829,-0.049539339819342415)
 (1.1051729608282359,-0.00088358577416755395)
 (0.88613474239284784,-0.13933569886572933)
 (-0.97858820996349438,0.035362359250590482)
 (-0.97993322980010067,-0.033628494007387065)
 (-1.0138947069782904,0.18549554225544451)
 (-1.0831934779513712,0.003886404375437167)
 (1.0558427889537829,-0.082311143492854469)
 (-1.0960629974365914,-0.025904728793256504)
 (-1.012058990714376,-0.05773292126096316)
 (-0.9682396714911643,0.044790940533953376)
 (0.99204616323372463,-0.19062945717397556)
 (1.0216714437059542,0.035466287144542856)
 (0.93462852532304752,0.03971161273142236)
 (1.1558475813823197,0.020102657645871984)
 (-0.95406481557931611,0.1455191730191143)
 (0.9905527703799194,-0.0070108514416585971)
 (-1.0221878963508111,-0.01172560755189276)
 (-0.93649898211999438,0.12745021560023134)
 (-0.97271977779019625,-0.16739250855688539)
 (-0.96272615996107447,0.016347777319917212)
 (1.0413295311429753,0.090855685782848472)
 (0.98473502816173097,-0.086252603159835142)
 (-1.0230909850741539,0.013377926247262565)
 (-0.99338673636399644,-0.090856537447316726)
 (0.99646269572151758,-0.034907287990312057)
 (-0.94513537529563085,-0.010566928291948196)
 (0.91899220919599256,-0.015838587821194499)
 (-0.98284005382557849,-0.00039399677409723529)
 (1.0289228151128316,0.029269749881748033)
 (1.0371585936529455,-0.021680477704555556)
 (0.98378545598960176,-0.036241680579285694)
 (-0.97737839514934222,0.026190010923347391)
 (1.0347999530963223,0.042597137972094912)
 (-0.94627007870151114,0.050298269872901626)
 (-0.95309544602296492,-0.041021230268602167)
 (-1.0377335810254458,0.032911789239020835)
 (1.0845324326806023,0.013921643376981397)
 (1.021106400855073,-0.00087416962292496871)
 (-0.85327648660643041,0.073340677591223244)
 (-0.98984243006810768,0.029445611220235774)
 (-0.98369293402075564,0.0044362017305269227)
 (-1.0357054556257055,0.0068908801874141105)
 (-1.1499971605408537,-0.0014457630796653636)
 (1.0222471585991917,0.0516383551813622)
 (0.95384745648401725,0.018965252798396004)
 (-1.066464564189453,0.023883350667375829)
 (1.000430612688525,-0.012650586631588759)
 (0.98026152648410192,0.065291246534922173)
 (-1.0767687269790136,0.055960909395467454)
 (1.0489743919408956,-0.015623312282593883)
 (0.98838979766076085,-0.014751321138515358)
 (0.99459413292506083,-0.062942071361860003)
 (0.94460814109201929,-0.086541489693508861)
 (-0.93734525277206782,0.062841159819362474)
 (-0.94275019621525646,0.020395041829535152)
 (-0.9487608909161992,0.032793737334562638)
 (0.96602908304164437,0.10848976249221037)
 (1.0635272819035042,-0.016540016809037567)
 (-0.8259137227828659,0.017012690977142315)
 (-1.0980959068222578,0.01042175387509002)
 (-0.88489278523295356,0.03664064791264262)
 (0.95583213345175555,0.097872922138987475)
 (0.86484597165254651,0.031216121477867655)
 (0.91527659082278401,0.038592815232161709)
 (-1.0055129337178563,0.016303244639439197)
 (-0.97971766069824584,0.092548295508946873)
 (1.041955629759552,-0.10029172602057608)
 (0.97067033591410323,-0.045927796314726405)
 (0.92383093381653247,0.08989124869896449)
 (-0.92772482246707622,-0.033549699965917668)
 (0.87439148650018073,0.0052222617842278725)
 (-1.0455271109315227,0.055935412523635791)
 (-1.114275343038337,-0.018365684079865566)
 (0.98009824569344173,-0.051518733043128186)
 (0.96488599742759917,0.1501324753451781)
 (-1.040210336972418,-0.03029137837040688)
 (-0.95435897493594524,0.02234103010316197)
 (-0.95511395743644378,0.090551579364797366)
 (0.9903852108561404,-0.033866463285327303)
 (0.88044498533864768,0.015492296903607048)
 (0.98186360409685536,-0.040170066924195655)
 (-1.0364892908456595,0.091396610535863732)
 (-1.0611700722739945,-0.033592596078313691)
 (0.86378469241590949,-0.11268345123623594)
 (1.0743021417155389,-0.023735714807345126)
 (1.0523541986484322,0.19163576123168677)
 (-0.88147663598106307,0.054035950761203613)
 (1.0132351675627995,-0.037598700881957492)
 (0.9774703392880395,0.059126256896643907)
 (0.89734797006342737,0.024541608207593504)
 (-1.0439712357119091,0.074840542755237258)
 (-1.0057528056656124,0.0015085249299758546)
 (1.001130971806133,0.11299387351413792)
 (-0.99082088752263675,0.072206408761544924)
 (0.91101093798585986,0.012197260235088185)
 (-1.0356476938561374,0.08236830921610383)
 (-1.0362064907792756,0.0048639262839119809)
 (-0.99679996464911602,0.097036331836842876)
 (0.99290797468613923,0.054603485335216188)
 (-1.0407732407428849,-0.21630621919633938)
 (-0.91459059275387566,0.018982385485159792)
 (-0.98916606534851559,0.061141491084868826)
 (0.90860381487622144,0.055533978670571187)
 (-1.0148009313584554,0.10867784869925777)
 (1.0193238606683814,-0.021960359652778844)
 (1.1618974773918631,0.016439204091289985)
 (0.96722623489650628,-0.042012383788362445)
 (1.1461315100953857,0.14756597250456213)
 (-0.9728603425871315,-0.020558693005752693)
 (-0.77239378208262999,-0.02163401154751593)
 (0.99678249974656274,0.030385132835271018)
 (0.97979346469829021,-0.10982030229649893)
 (-1.0946802769127597,0.024841892719560117)
 (-0.99941409206168663,-0.0031335835055523969)
 (-0.9249105363063187,-0.032181937558171739)
 (0.97973472724447785,-0.012082644303298345)
 (-1.0506173578514564,-0.088104331707058087)
 (-1.0158329958961747,-0.15547590612496576)
 (-1.0632142380895864,-0.020183148946755318)
 (-1.1244745002795333,0.022805477019871064)
 (-1.0309383401691399,-0.018450304097268715)
 (-1.0812626484819525,-0.041126648866115202)
 (-0.95065009439476811,0.12843186052972833)
 (0.97095005448900695,0.020368879550183721)
