# Created by Octave 8.4.0, Thu Dec 11 09:47:21 2025 IST <gamana@Samsung>
# name: awgn20
# type: complex matrix
# rows: 2048
# columns: 1
 (1.0303485875118104,0.039409698742807656)
 (0.9320116984013751,-0.037503271719222082)
 (1.0447874030897775,-0.061202033629195143)
 (0.98307974255587194,-0.12460044547936583)
 (0.99775854147861609,0.0011865682880049461)
 (-0.99977466726798681,-0.00025780749430829583)
 (-1.0220794910580462,0.019163054443024134)
 (1.0751048557260041,0.041370288266827558)
 (-1.0345969946507583,0.032934032978552769)
 (-1.0542702233650403,-0.0046812696680542231)
 (-0.96389271829415124,-0.041506838778775687)
 (-0.98685034845981645,0.14344641101620456)
 (1.0810905936469417,-0.03823211087217189)
 (-0.94102168567974609,-0.064691448071256472)
 (1.0223060910318098,0.052706098250120528)
 (1.0065032314718703,0.0016965715359327173)
 (0.96154775949931692,0.08015353003358959)
 (-1.0507428358240349,-0.0090382456496119774)
 (-1.0617723531894923,-0.08340834264902619)
 (-0.87935079797362325,0.023961128969018967)
 (0.99849244517530888,-0.077557463503886523)
 (0.9555595527388393,0.17510887099775727)
 (1.024129782782645,0.070592249998189235)
 (1.0295256335358829,-0.033329670208226241)
 (-1.0194883998340039,-0.16889620632938643)
 (-0.92851555607523384,-0.035097558769701727)
 (-1.0717778893112386,0.055543207636657092)
 (-0.99100556717638022,0.019790300360012374)
 (-0.94667596606839965,-0.093744486136529581)
 (1.031114155175231,-0.051719395065795849)
 (1.0718470688842205,-0.07220812753493161)
 (-1.0336657943953391,-0.031336020910403058)
 (0.94746479921557192,-0.0095728194346448858)
 (-0.88681739260335934,0.13860606270178966)
 (0.98694766614906648,0.070898663109227017)
 (-1.0169342511329265,-0.055223092189980241)
 (-0.99756039645360495,-0.026298477102215053)
 (1.0056381182012308,-0.014145237966445224)
 (-1.0732043048600073,0.010223607767398004)
 (1.0320617838966155,0.078782832974909872)
 (1.0824519713899758,0.02553896511067685)
 (1.0401504786687963,0.027997264298343177)
 (-0.97143143741757343,-0.10385459289529773)
 (-1.1858242702155852,-0.0001896378017130333)
 (-1.0684241087222683,0.066138580124494237)
 (-1.0372128645882992,-0.08184508951109995)
 (1.0089534108445462,-0.027359322986595349)
 (0.98665285508766654,-0.031906571411356971)
 (1.0774769624675862,-0.034096265024468782)
 (-1.0407160862020199,0.032156094686454452)
 (0.97862855679948335,0.06891869983569314)
 (-1.0506279409524231,-0.0099965397622383406)
 (-1.0194279100055759,0.093154688936504637)
 (0.90673563825061154,0.16935205612470691)
 (-0.93233085911362468,0.036035069592066447)
 (-0.87562458166287016,0.016394904305786294)
 (-1.0612061952942364,-0.086878270453611101)
 (0.98680011188958494,-0.017798795622099704)
 (0.88061278221204387,-0.051976452483879165)
 (-1.0479688585448121,0.090018727522605702)
 (1.0337460616831275,-0.0201576154656679)
 (-1.0207070180700366,0.12339081644486477)
 (-1.015138564785836,0.077448082605245092)
 (0.96660766372603102,-0.025710552809453193)
 (0.98073706040658803,0.0040755674248315046)
 (0.94353395551105956,-0.0031724392334836066)
 (-1.0385774201975779,-0.045419852592237117)
 (0.96600114710575558,0.075271096956987305)
 (-1.0308718331713824,-0.051958604331679474)
 (-1.0360738233051583,-0.044097045766110739)
 (1.0569830423336,0.028680265390779964)
 (1.0354367262460626,0.073977154332098546)
 (-1.0795729666009768,-0.0013364052661294472)
 (1.0311453045982282,0.028094695758971739)
 (1.0440694212227144,-0.061661764241618969)
 (-1.0320221455654419,0.079086055764450408)
 (0.95609112885343983,0.014772770948308443)
 (-1.1935474049867485,0.064073997188107468)
 (-1.0565927930020524,0.027006165188996185)
 (1.2000692695998056,0.026865593423218655)
 (-0.98956717118531012,-0.072453449137016027)
 (-1.0245796088069901,-0.020887628298770923)
 (1.1549935703221219,0.19399405148293283)
 (-1.0018091594851166,0.011736058221854938)
 (-1.0902053555129787,-0.22088605335014036)
 (0.9778702117513618,-0.068000965854478485)
 (0.94913116074721104,0.046699895065003397)
 (1.0204446263201645,0.043423579723623963)
 (1.0776926016033983,-0.043312501185856583)
 (-1.0397564362104106,0.0059760289519422659)
 (0.91637934741074811,-0.20157268487376145)
 (1.018499748172685,0.098666737654406131)
 (1.0710364892434558,-0.029708822029884285)
 (-0.99409662965276535,-0.1008000761975934)
 (0.88659462883019236,-0.0010189338492103946)
 (-0.97496571500981188,0.043152438551963268)
 (-0.93423795233148643,-0.11209150833297098)
 (-1.0795714221288482,-0.046134156194159087)
 (0.97507614862733949,-0.005441195663390623)
 (-0.92503984328877309,0.14754874905696685)
 (1.0534304100130409,0.060424541562248683)
 (1.07760682075756,-0.10574235208843991)
 (0.96070963820248867,0.031198170075069198)
 (1.1210197759556644,0.0050404048726095749)
 (-1.0380618757263695,-0.09951322102313595)
 (-0.9467211947421581,0.01902828488874081)
 (0.99228841640549925,0.02564514609353228)
 (1.0254743686031618,-0.078327663152132437)
 (-1.1031276534117824,0.066714703470932377)
 (-1.0969827549873279,-0.021820465012164447)
 (0.94022466230751633,-0.041212714676063994)
 (0.89912758409152171,-0.092595249305983909)
 (-0.93005170979421659,0.00078698555140236997)
 (-1.0364401172058662,0.034812090320704835)
 (-0.95982224983419884,0.0003074273950155)
 (-1.010944909885181,0.031157522417531613)
 (-1.050035552357675,0.041274853898095487)
 (1.0089243534137371,0.093976122162887976)
 (-1.0202653918770033,0.022382290224876589)
 (-1.0988823950220274,0.10794430169397957)
 (0.93804584512568556,0.028335442249917509)
 (0.9356672549705769,0.040975851577858574)
 (0.98873738624267016,-0.088994181989679469)
 (0.89424225348705955,-0.036082765636800428)
 (0.9408509380620157,0.045379513848761509)
 (1.0895689385041349,0.070432114123650122)
 (0.96039969484190957,0.061435062205398065)
 (-1.0511971353913232,0.05627721153990542)
 (1.1917910197164494,0.13067077359545609)
 (-1.0729160612955593,-0.057865076029654676)
 (-1.027844446210546,-0.10931498881553692)
 (-0.98889726139212375,-0.004998979028106902)
 (-0.93982009601109928,-0.057895855938683585)
 (-1.2181476156049587,-0.031380730113630483)
 (0.99298366591991272,0.064400226294058657)
 (1.0982518688056127,-0.22321169866180798)
 (0.94851284609318054,0.029720506177858531)
 (-0.86755246036630751,0.10328249935088159)
 (1.1302465989893087,0.022519841737612969)
 (-1.050811779578678,0.088021164146839137)
 (1.0053865201337178,0.0062021290730885168)
 (1.002594245013249,0.072869465317958862)
 (-0.96246293165539942,-0.0059987761768651657)
 (-1.0159303095487553,-0.0092055674730176628)
 (-1.0009154472546766,-0.047730231861917292)
 (-1.0615546060768728,0.0034227764986776094)
 (-0.88379424578219001,0.045277950239020003)
 (-0.92496436063251186,-0.032939411929644995)
 (-1.0531556768753829,0.043378992628586271)
 (0.98173773482707416,0.10318172766670913)
 (-1.0376853052818789,0.056047563397962331)
 (-1.010796406873661,0.040880477236757432)
 (1.0565249412091018,0.1467719547226517)
 (1.0002921030189666,0.026414338328418135)
 (-1.0474612233880318,-0.047811555058459694)
 (0.98861846168486023,-0.039065243266250889)
 (-0.95908844023435147,-0.0019753560667063494)
 (1.1163763412630947,0.0046650911054710647)
 (-0.89173056808037066,0.040560168244182439)
 (-0.94787809819252256,-0.051258437059390032)
 (0.96661485638593592,0.082071552286089755)
 (-0.99889239403777152,-0.0079948125861452404)
 (1.0547528819810315,-0.053243229291051533)
 (1.0517930119426893,-0.031216209323425788)
 (-1.0162545952815156,0.12764442832643849)
 (1.0039629944076223,-0.047302101242705806)
 (0.92166333231273134,0.1564245567493662)
 (0.9969706055300761,0.053258010677673454)
 (-1.0552809342705851,0.0067523407741975246)
 (-0.85410231979765616,-0.021920286471401942)
 (0.99271338311793267,-0.029518424322068471)
 (1.0327225184477207,0.021993927317496401)
 (1.1102833495548696,0.042712009057196069)
 (-0.89458948829235274,0.087255374923583082)
 (-0.9744455171017965,0.15255920967742509)
 (-1.071174783601949,0.07657885616137787)
 (-1.110696251358944,-0.056583226030295856)
 (1.0557546683299976,0.025458599337840566)
