# Created by Octave 8.4.0, Thu Dec 11 09:47:20 2025 IST <gamana@Samsung>
# name: rayl
# type: complex matrix
# rows: 2048
# columns: 1
 (0.46883965140241374,-1.2698467294294502)
 (1.2224378098171473,0.31347399760034977)
 (-0.16580592493022778,-0.075391231418222654)
 (1.4459529430937685,0.46880132372628136)
 (0.72392985661047748,0.61903258631751068)
 (-0.30350853067712946,1.613427799537456)
 (-1.0781433169926451,0.11647228990649817)
 (-0.5014912019926876,-0.91132279302422259)
 (-1.5362175804008604,-0.83473961798502538)
 (-1.1622282522629606,-0.47901627071877539)
 (-0.637217550798301,-0.91478833534362591)
 (0.85652933422139677,0.25958014227397791)
 (-0.17750063738785371,-0.0060502337931378544)
 (0.093108152153278959,-0.2346486213195727)
 (-0.71884766946939249,-0.67691720761599317)
 (-0.48856673470967177,0.51669793783475848)
 (1.1477781955891422,1.0062700898768864)
 (-0.20319533075516547,-0.0017403149387137569)
 (0.69696833801363511,-0.18959400747492292)
 (0.16106274366042458,-0.10202570262046635)
 (-1.1515138405179726,-0.71041981771829965)
 (0.3201178333178043,0.39371996774547918)
 (0.55344052930744903,0.12112609424631568)
 (-0.17126489023950914,0.62304110821969627)
 (-1.2485430546214589,-0.55971545261022171)
 (-0.57206192372276332,-0.52290088042417115)
 (-0.09463934677839167,0.81968173776869135)
 (0.49646627504650953,0.42367693378641336)
 (0.016667021159077408,-0.56727114773357246)
 (0.52933672840913359,-0.22616834785230422)
 (-0.46222689252050186,0.28545653505405988)
 (0.43024666375674359,0.68539109995106806)
 (0.23720047501893943,0.21122854908343386)
 (-1.3206334490186638,0.13349542205076756)
 (-0.1067998713599428,1.2938130385739601)
 (0.38608716160893691,-0.14608677880507137)
 (0.36294207376257526,-0.58620346023636793)
 (-2.1859913725629254,-0.0023888664226731919)
 (0.34269280771654365,0.046659337356353435)
 (-0.41768640144376556,-0.3228671826280311)
 (0.046442098062174135,-1.4261203207666915)
 (0.76954478289960859,0.95634427615362061)
 (0.38169505792297015,0.093911045982967831)
 (0.13805427980122037,0.71501635038354039)
 (0.2156079989014883,-0.73862829936547625)
 (-1.484616813872047,-0.37434048680997056)
 (-0.42857294180181044,0.53962255376243917)
 (-0.57803866926339942,0.12340373164462984)
 (0.84940398254873495,0.5784011103420722)
 (1.0387787651216089,0.32862651539394)
 (-0.53624835246210034,-1.200049958663344)
 (0.5158086591864568,0.42280716253824363)
 (0.95371883350462405,-0.71365508534187483)
 (0.95516173040579244,-0.046996637464472142)
 (0.24202859399693225,-0.52006187282394334)
 (1.2878341784648744,0.20992005332490976)
 (-0.85157357619709928,-0.39513222575565254)
 (1.7028047083667286,0.039684012915964954)
 (-0.18527731941397538,0.11724616205756784)
 (-0.042183883088652445,-0.96208848141068415)
 (-0.044305474943576166,0.43988023706151891)
 (0.20745320384987542,-0.38831065415436666)
 (0.3933075280443053,0.17794581957834965)
 (-1.1355824073354905,0.79876058188851673)
 (1.8068537743419508,0.16565717997660961)
 (-0.89090541450358141,-1.0005469488207659)
 (0.46861646536017781,0.5150902289991558)
 (0.59407027503595078,-0.23288336202348653)
 (1.092864470434874,-0.51445281954475597)
 (1.5497602420991901,0.14954841930734286)
 (-0.067835415838206389,0.04193631111504105)
 (-1.3003531254767102,-0.36527186703882608)
 (-0.75242468793767814,-0.024630085580781148)
 (0.66810817272473455,-0.039508780560406812)
 (0.48451745160974058,1.138850489072077)
 (0.15247346161721165,-0.077541395342613589)
 (-0.52518623318857638,-0.17689801252258047)
 (0.2424039884623353,0.9137236030475524)
 (-0.50172375940327463,-0.26602969506927238)
 (-0.021119932239383833,-0.95392758676439415)
 (-0.60794904554578244,-1.2587871691307297)
 (-0.85843818894216528,0.50553246572636812)
 (1.1627653742866271,0.32707790546998816)
 (-0.99400387172476834,-0.2547107436097294)
 (-0.60094900988464584,-0.78409734790256835)
 (0.073240571185932371,-0.52034041448335078)
 (0.9171898570653827,0.99061704910040538)
 (-1.145519446522574,-0.28827918344115361)
 (-0.7372829331776648,0.072130821258725095)
 (0.4824101154650357,2.150457076568316)
 (0.47471220814634624,-0.82287487602304443)
 (-0.20696461973354521,-0.67743703206629524)
 (-0.4059000596869361,-0.54032081532203935)
 (0.22768354106105052,0.40012322068132061)
 (0.22510647365759495,1.5818694617453739)
 (-2.013171829457407,-1.0866513152166464)
 (-0.52040636688957276,-0.22967137461162396)
 (-0.72140945533604828,1.1777099020564679)
 (0.18827614256516131,-1.3832323325665832)
 (0.80244326801889898,-0.48322772655439178)
 (-0.76689110629287471,0.23754154850781972)
 (-0.8413102252370922,0.16074462497439293)
 (-0.095260218971372532,1.1429673192866001)
 (0.62278196564775234,0.89056170930666656)
 (0.61308295178789585,-0.30925807379318249)
 (0.53717255682525056,0.6507536491466438)
 (1.5079526448144454,-0.44812184705857827)
 (0.26370899098218925,-0.40714993468513649)
 (-0.80844193022159827,1.4890385223674671)
 (-0.612353934575388,0.080441973395853836)
 (0.29929413597500204,-0.33516049861607894)
 (0.71912332157876591,0.3368332546402304)
 (0.07927234236059838,-0.63713833520010743)
 (0.33462330886295039,-0.15078603124235365)
 (0.13724178879587109,0.6606032217695933)
 (1.0293133076993828,-0.31208084583836671)
 (-0.6900242601091493,1.4314225059789165)
 (-1.3797665267503509,-0.14310263437555132)
 (1.2814909984366829,-2.3573251381041418)
 (0.32834427440363767,-0.23146410579984336)
 (-1.1557980790296094,-0.025952837881174431)
 (0.38533606044144852,0.12695495477508903)
 (0.5984034792000078,0.47835626989998697)
 (-0.26659748951689094,0.94623272743045805)
 (0.22162343142561361,1.3323085283262683)
 (0.51155806248639946,0.0507653306285855)
 (1.4105677426195047,0.91855456637992305)
 (-0.8348037742637775,-1.2275077636810767)
 (-0.40318928086408262,0.079175661756109086)
 (-0.12058871172860712,0.66129896614356209)
 (-0.70361324229235267,-0.7972816655883318)
 (-0.50820466450843549,-0.82442173289194898)
 (-0.62952803811395097,0.084757430823782037)
 (0.34757600423618212,-0.073415900346343058)
 (-0.38841289623234904,-0.36824414345676842)
 (0.32233919570410419,0.15426902825364627)
 (-0.49950091725149609,-0.37816515394304201)
 (-0.45994847727709509,0.19753562995111226)
 (0.13366025896879846,-0.18308612754117623)
 (-0.054823284292970745,-1.3275681346593782)
 (-0.28168445235688733,-0.99655337854178128)
 (-0.30011653442232494,0.12511300895733876)
 (-0.30740871089784572,-0.39853365732673202)
 (-0.1749136406570235,0.16509250621634994)
 (0.89779536840324436,0.877460969870693)
 (0.39058642752011846,0.9522025156327163)
 (-0.91435012809593885,0.51758288320970669)
 (0.5892587115617276,-0.52664347277126455)
 (0.23628865864993359,-0.60599968560186357)
 (-0.81563595053775151,-0.048272676641877392)
 (0.37449667452812341,-0.18387206841120804)
 (0.0087505547577700522,-0.66680663359018122)
 (0.94197547441207174,-0.90578199754632849)
 (0.35594641418189354,1.0229821912131523)
 (1.2023154550177007,1.0775929749437152)
 (0.55143427088025554,0.25208142300260855)
 (-0.40924562017851268,-0.5138698480088324)
 (-0.3886155181683249,-0.18249815523520735)
 (0.043302910685611047,-1.0002323373939876)
 (0.99039978771421511,-0.13333199861107797)
 (0.7156748100056376,0.14024839657424004)
 (-0.27382278468281407,-0.60669352736647519)
 (-0.177980008974365,-0.10772320222481395)
 (-0.76396745815185474,0.17752103628465368)
 (0.69317769607102875,-1.2631302552513333)
 (0.16917938123429077,0.64370735977918636)
 (-0.84904620315859081,-0.39646441598869159)
 (0.35129323306602372,0.63815652099163778)
 (0.45737534882917252,-0.6123337499948881)
 (0.025711510316877368,0.044321719305749761)
 (1.3553174582939256,0.23704144594413556)
 (1.045461007029489,-0.49714274802005404)
 (0.49872668660969494,0.86899694607712519)
 (0.89719721877478154,-0.45871585885374228)
 (-0.14477698340879183,-0.49306668635586087)
 (1.4880871623889567,1.1608472549587576)
 (-0.84557235886554805,0.15476481296832775)
 (-0.65165809928250218,-0.22463331130846101)
 (-0.70137501627252286,0.083592790388942753)
 (-0.093953923981129672,-0.30899955228081211)
