# Created by Octave 8.4.0, Thu Dec 11 09:47:21 2025 IST <gamana@Samsung>
# name: rician
# type: complex matrix
# rows: 2048
# columns: 1
 (1.2390323127425269,-0.33549609474265757)
 (0.78148185507807555,0.20452985452020392)
 (-1.4965528613878529,-0.097923128048729061)
 (1.2062068853607055,0.062810553954787171)
 (1.1242657229436261,-0.78186377674132856)
 (-0.80987556428556695,0.54090937843714693)
 (-1.1079281031393051,-0.69113092894459427)
 (0.28513486982180625,0.51674921039376598)
 (-0.66024132626203469,-0.23084552849833448)
 (-0.25387887282725963,-0.53157773944464615)
 (-1.137645491027875,-0.3968966168919798)
 (-1.5262551505286925,0.0045217594958632291)
 (0.7234688168627198,-0.64305634949421453)
 (-1.225629678586093,0.35051901006234121)
 (1.2184594436385252,-0.25574491325690052)
 (1.2487788822937242,0.24927098897800762)
 (0.97650445263828678,0.022915365377147012)
 (0.76598093326705174,-0.63676350418898664)
 (0.91557530310416613,0.13565891399190175)
 (-1.1844009372312578,-0.14757887054160848)
 (-0.80685618806092241,0.34481538473000684)
 (0.6531691731002417,-0.63402346632404849)
 (0.4038791592497144,0.50172137902141833)
 (-0.53163211844425518,-0.325816696871216)
 (-0.84070038792288193,0.34343119230413355)
 (0.75447277904397236,0.37851182497737007)
 (-0.76291805760798215,0.48601909998244613)
 (1.0320419335287399,-0.32339288216277945)
 (0.81828606253562519,0.0099580268362470387)
 (0.85920008592021513,-0.3760013286898804)
 (-0.80523916001640106,-0.24452887319763345)
 (0.80583112607134555,0.17272235201652703)
 (0.8583853398166339,0.44394963305936525)
 (1.1231686641204535,-0.25177677686014782)
 (1.4371172731872517,-0.22573801649240605)
 (-0.58064175372117655,-0.47615919386592787)
 (1.1124798513718024,-0.44016124313092603)
 (0.85261499554097175,0.010400107573633457)
 (1.0948363466893016,0.41638675217199705)
 (1.1119295347414506,0.6213689700041708)
 (-0.94664400658163961,-0.09393071847446248)
 (-0.76178936740052705,0.18979627494322987)
 (0.96457500855547718,0.061668440871183547)
 (1.0589785467102326,-0.52405508134748946)
 (-0.42545705547888757,-1.0435649057379133)
 (-0.80632667994981999,-0.73301590231514047)
 (-0.82921957700491977,-0.54146805646536322)
 (-0.93479719132058181,-0.70809311683217524)
 (-0.90934651668281086,0.2439356129138375)
 (-0.60289073636909296,-0.46451471887863971)
 (-0.80616677678962212,-0.039328612596508571)
 (0.70280650726813254,-0.22168899283346832)
 (-1.0589224075514985,0.015367736149921447)
 (-1.0381713632917413,-0.39506954273922956)
 (-0.60905846630495042,0.34540833929928744)
 (-0.5594966983762012,0.67761540806613196)
 (0.41719851506587663,-0.03026250187204934)
 (0.57047123633413088,-0.020387850060685223)
 (0.14496813774507,-0.27499459598092468)
 (0.91041571241006281,0.205525098929497)
 (0.89514776402537977,0.045307025934299756)
 (0.9909521987477139,0.02896323489345792)
 (-0.68157757896581916,0.36576536118304942)
 (-0.62436507070031722,0.4150223843692179)
 (-0.81742501191202588,0.25269871152033196)
 (0.56359669571792104,0.05937273927317737)
 (-1.3386530885446004,-0.09373645730653711)
 (1.0384724226399795,0.11135269202757689)
 (1.3533193765435012,-0.14816916738501285)
 (-0.3520917667810638,0.12519717431702504)
 (1.2942574713728816,-0.15761556671217608)
 (-1.2270983558735116,0.0072347287013718956)
 (0.75541006692634427,0.26866952827837709)
 (-0.9205218160740557,-0.3140358183147145)
 (-1.2916906844098675,-0.46453476333515231)
 (-1.0145761704296481,0.27275583499695871)
 (-0.71903036461540382,-0.1013341773558607)
 (-0.60072717793017483,0.15072505763083752)
 (1.3180335378078929,-0.52269757226007041)
 (-0.77379010320130026,0.094094805460076578)
 (0.4413660573164247,-0.16970261897169084)
 (-1.137222171372577,-0.22203883255273485)
 (0.745582467110119,0.083832347051093645)
 (-0.98144862247079057,-0.32143983588318653)
 (1.2752135782517453,0.48422596565243342)
 (-0.38716422718982801,-0.19383802656733795)
 (0.15633941689147524,0.081168806773867577)
 (1.45543482575781,0.18149462715800541)
 (-1.8512351049429321,0.20066974233385157)
 (0.891202863398317,-0.24949661905676909)
 (-0.52846231751417694,0.11614457645830673)
 (-0.64961775740003647,-0.2760631324436853)
 (-0.64975236586346274,0.04912430807056218)
 (0.96391616016939974,-0.22766022637937705)
 (0.9197416218172314,-0.74036753099093755)
 (-0.49424619203286452,-0.18813562237671952)
 (-1.0575908288954332,-0.61365134253533793)
 (-0.79279124470797147,0.24846695844877012)
 (0.90617940711058931,0.098363805098945878)
 (-1.2671717491740573,0.36941920497848668)
 (-1.0670333847371143,0.43363109596923316)
 (-1.0605524778072968,-0.45390882500817792)
 (1.279619098649194,0.41593673883139071)
 (-1.1860803969172198,0.20715904849968225)
 (-1.4194760578818355,0.053263795243749607)
 (0.79944371716099305,0.64904815367747015)
 (0.89065737860330085,-0.14494950134249068)
 (-0.75028805954943123,-0.20837979259740508)
 (-0.51142834896004064,0.36525736627077487)
 (-0.39029601922303941,0.68079356812456027)
 (1.0101060671213702,0.31353747790376257)
 (-0.64478329434632464,-0.084712872399082428)
 (-0.621897161920556,-0.21317544468496299)
 (-0.55917686719025173,0.53327673611093884)
 (1.4139310451382827,-0.08152452616491862)
 (0.82917441996966545,0.25632810168038422)
 (0.44869294296246981,0.22767484817407715)
 (0.44712848765609936,0.42830848441288349)
 (-0.95739071483586624,0.52319631683372214)
 (-0.51583018472647635,-0.11947159731531889)
 (-0.48743009993993708,0.48208148503129133)
 (-0.60228981709058549,-0.13842117365661841)
 (0.73031660947265842,-0.058688546229658946)
 (-0.71719685456010995,-0.019520575639097586)
 (-1.0619246233322186,-0.38236306336432102)
 (-1.1411967824095492,-0.10912487968344059)
 (-0.98657115423135222,0.31205776486060216)
 (0.82939172234257752,0.19083314856054867)
 (-0.84292065317292297,-0.061637414411396078)
 (1.4939095684131369,0.18537541235474575)
 (-0.84639562257919609,-0.1258954290169858)
 (-0.87652147991567786,0.11054573388551064)
 (-1.6221542192533538,-0.12308613110335095)
 (-1.1137370285147397,-0.1347011606007695)
 (-0.86724664977281141,-0.29806824904713458)
 (0.48789223528628523,-0.021233099676347809)
 (1.1799152716205858,0.064022534527492944)
 (-1.1486148020991851,0.51991722392238693)
 (0.92856422374810088,-0.033120537633160509)
 (-0.8489207074450984,0.37313637738500599)
 (-0.56133720667357623,-0.054354589663228717)
 (-1.2816369208421012,0.29539204052362855)
 (-1.0881379214516027,0.59598111758484607)
 (-1.3193601828140136,-0.56582201300021784)
 (-1.4765855506829539,-0.15640689692749046)
 (0.96897682176491728,-0.1758228850747599)
 (-0.80667542359119415,-0.22374039059965653)
 (-1.3103476299322756,-0.048293485799614302)
 (1.1777837632325268,-0.067362353653571155)
 (-1.0694743496989145,-0.31856314639372524)
 (0.61974556873478548,0.20873279048802995)
 (-1.0061450247303789,0.66578251816666545)
 (1.2482005295982497,0.062736971288709434)
 (-0.84415366687402338,-0.57073347295859911)
 (-1.2106743937698592,0.040742529228479617)
 (-0.61676711839270992,0.09302246423756072)
 (-0.20734297922498734,0.43264848149949309)
 (-0.83777237878128286,-0.39962774333880308)
 (0.91309836937996913,0.082837506393922219)
 (-1.7393522240429764,-0.44755347906395238)
 (-0.51046321645787263,0.57604107984380215)
 (0.743984240927971,0.67985303143351572)
 (-1.1694195590122041,-0.1368473000433266)
 (-0.67167781489364786,-0.070822175922031355)
 (1.1821166796942331,-0.21923640880955403)
 (-0.98191904627262028,0.077901489292753798)
 (1.2990415505479147,0.6378450092769482)
 (1.0641620346316358,0.50356988996721685)
 (-0.69577196218272286,-0.43604190019837719)
 (0.6583634061858018,0.15994840098797547)
 (0.60732164673581446,0.070261947785259155)
 (-0.86854216301151066,0.10392252587451584)
 (0.9003927748957028,-0.20058160628413982)
 (1.4040829911518293,0.096358833163454449)
 (1.3680820585823927,0.24539972331768542)
 (-1.0222290946292114,-0.71309525140997865)
 (-1.0557575852406287,-0.4068906582857057)
 (1.3181556803944199,0.49903521826292285)
 (-1.2092511284745511,-0.1348305008937464)
 (0.96720020545970575,0.036901925223702607)
