# Created by Octave 8.4.0, Thu Dec 11 09:47:20 2025 IST <gamana@Samsung>
# name: awgn20
# type: complex matrix
# rows: 2048
# columns: 1
 (-0.97445748630342521,0.010100861240724061)
 (0.92041230793773066,-0.084160333545181043)
 (-0.85253862136782921,-0.089106558817086137)
 (-1.0588003187635713,-0.063219933257079489)
 (-1.0509936637194064,-0.12650431102100343)
 (-0.94516894086645387,0.080768459925222899)
 (0.93100447125667474,0.08228936388237984)
 (-0.9735680650324543,0.011442225993107194)
 (1.0964307912733449,0.052198705562464788)
 (1.052162501709538,-0.031830852587782316)
 (-1.0200194421960986,-0.015698739475869194)
 (1.0077663248186006,0.041123270916297777)
 (-0.94683614209428535,-0.064295552988445567)
 (0.94638859399411857,0.037592442566939221)
 (-1.0804399451865772,-0.012550896786139418)
 (-0.92093135990567976,-0.090493751895428298)
 (0.96075860036814587,0.12021240283097803)
 (1.0900360331699848,0.11236992254169592)
 (0.91383706999642467,0.096299584581101119)
 (-0.96361505895450494,-0.043581680665610564)
 (-1.0415438522458422,0.026769715077617114)
 (1.1015470808093328,-0.09213515031642755)
 (0.89257929504996092,0.041124787762353621)
 (-1.0510961650451427,0.049059821774135412)
 (-1.0763320119583684,0.0043298183013814736)
 (-1.0032710922729771,-0.082392597030652048)
 (-1.0514913630673071,-0.032099227001279124)
 (-1.0122688576108723,0.06933330178281831)
 (-1.0618091772898826,0.045476976114357422)
 (-0.9240566100437948,0.066527245273057603)
 (0.97810413512757499,0.043944653950679119)
 (-0.91410092569585177,-0.0043967314489490959)
 (-0.96237475772671888,-0.13412759938091393)
 (-0.92544264697022027,0.016621528100336645)
 (0.97920338592110945,0.0022979488900262222)
 (0.97952596211379328,0.062238369054818943)
 (-0.85833278959685855,-0.074644090331002)
 (0.93067903731101098,0.053925245321000459)
 (0.97637126896334347,0.0099909756838808088)
 (-0.9756428406978338,0.10790106217260076)
 (1.023999101417516,0.090315354327653627)
 (0.98105814741222153,0.019870894842775787)
 (-1.0701595386270812,0.08435245561763545)
 (-1.1104022117355601,0.046306838390973631)
 (1.0999371116989496,0.13860106699092192)
 (1.0123199196306834,0.096269676391621012)
 (0.98184066680113102,0.035885986215342364)
 (-1.0287275701586582,0.013819861791800442)
 (-0.87587230807690797,-0.097807053240308334)
 (1.0573186078790093,0.01560357457809136)
 (0.94425271344368367,0.0082695504822811513)
 (-1.0429235792817426,-0.056259312687663834)
 (-1.0096013764498954,-0.063459692566593201)
 (1.0607851072920507,0.038638665731717536)
 (-0.98618459209836173,0.015306984443032863)
 (1.020072758791327,-0.0016399092553125187)
 (0.91147971786237802,0.051403778200288033)
 (-0.98367125172864711,0.048551596309606732)
 (-1.0788541603483186,-0.030248489805342994)
 (-0.92669726544795938,-0.041700953703660212)
 (-1.0163146000530543,0.027425069626494093)
 (1.0722927955137305,0.06482988913225235)
 (-1.0659466099322163,-0.004068485596061688)
 (-1.0355896165161818,0.021271668034381089)
 (-1.0096240048261698,-0.034865172470696988)
 (-0.91878831658472127,-0.098068235858495334)
 (-0.89542624491993705,-0.02975702551272065)
 (-1.1270940333651061,-0.039714383614586075)
 (-0.90463995495726524,0.024058930438139423)
 (1.0073498840448492,-0.082532745669709986)
 (1.0578949539189118,0.131056140975647)
 (0.9628010913928261,-0.10217877972489303)
 (1.0857387790218613,0.11959081259760385)
 (-1.0070167439948761,-0.14489527616583178)
 (0.88761084977826998,0.10051256888209739)
 (1.0676919767980702,0.0015551192519508061)
 (1.0318714585957811,0.02833732556077281)
 (-1.0954101637069849,0.0029069270997088897)
 (0.95299939620070262,-0.017828551162680804)
 (0.96686562351622007,-0.0441484151917284)
 (-0.95782955736098629,-0.012029371573851953)
 (-1.0011653475338727,-0.075301463243618597)
 (0.95565713794446816,0.013067937006881473)
 (0.9174236863482681,-0.053917366948563375)
 (-1.0007106139692743,-0.092968138333761385)
 (1.0303068852634238,-0.058585078787589021)
 (1.0779364294507119,-0.05319560756841471)
 (-0.98046987039317746,0.016208330082841196)
 (1.0256583768175156,-0.010347164036762486)
 (-0.9314559166986579,-0.1044389875795147)
 (0.9015110871421661,-0.088939020044878511)
 (0.88744614253155962,0.073885588526900997)
 (-0.96997568159855307,0.0023649222355016405)
 (-0.96109909443284403,-0.031707668957699622)
 (-1.0266498255123859,-0.0040683874770936837)
 (0.93014600028291861,0.11179754042233073)
 (1.0661304300365777,0.076068985612333495)
 (1.0141896658229566,-0.10903152854592822)
 (0.95254009948172613,-0.12737353840292337)
 (-1.0334743820248862,0.07224757644199345)
 (1.0545044228105382,-0.009573418010974076)
 (0.94010536011053136,0.0063377273081844741)
 (-0.97823671313565974,-0.027688685765895851)
 (0.95385339852569273,-0.005827333030974039)
 (-1.0014029479615092,0.015072752320649261)
 (-1.0390352432945791,-0.051543132820894448)
 (0.86913202749495622,-0.0077053248555340311)
 (1.046406127336325,-0.10427969397192023)
 (1.0285025572491404,-0.064936909707069571)
 (-1.0062607425074264,0.039654228581813632)
 (1.0186648097806748,0.0088568292828383882)
 (1.0556876792222443,0.027644221288895234)
 (-0.96145727729841546,-0.052883605139126502)
 (1.0424104070135136,0.068343678626091239)
 (1.0720464031663932,0.053185909250616975)
 (0.91968888192850851,-0.013455297043277852)
 (0.94022996427662653,0.1145506709071894)
 (-1.0267503568933596,0.041268987330058862)
 (1.0753809328966795,-0.026606907820672428)
 (0.99715601062570314,0.019685566858964863)
 (0.99727828641251437,0.077662046928677411)
 (0.97894366948425726,0.066219844207145981)
 (-1.0750365241064817,0.059631460848644818)
 (0.96586376379046723,-0.017264210238785559)
 (-1.0327626318259977,0.042489155034373179)
 (0.98484843066906258,-0.093343599105819824)
 (-1.1908689545867772,-0.024970580989538717)
 (-1.010165931328334,-0.0050075870219764415)
 (1.0006440957875924,-0.088721051278129889)
 (0.93873055608878098,-0.1756385475464072)
 (1.0668328527922517,0.10957066767456869)
 (1.1142941798709178,0.053820467149366495)
 (0.88215119060282121,0.018126969523727693)
 (-0.98353246126042515,0.029600621980303294)
 (-1.038686628426033,-0.029663923916428643)
 (-0.90802249865845064,0.097965005600530494)
 (-1.0379656966959787,-0.15573426492772313)
 (-0.96500594707628062,0.12358524626648577)
 (1.0533416432306517,-0.070727065253780974)
 (1.0125006207782616,-0.034789617942631572)
 (1.0092600530362421,-0.20590157993991257)
 (-1.1598473294254954,0.00017275474247348502)
 (0.99143264447560964,0.041729675018086304)
 (-1.0529365937252517,-0.076164012118730529)
 (-1.1092554070886436,-0.08453521230941928)
 (-0.93937805302967337,0.062896629760428896)
 (-1.0306320188851206,-0.051510192232722955)
 (0.98736952334294459,-0.055934798919402985)
 (-0.98988471107122478,0.048481951032558673)
 (0.98354050341635613,-0.088078904330292765)
 (1.1767730693632281,0.012025455650727018)
 (0.96166592869462508,-0.04616850721564672)
 (1.0955606104783113,-0.074903461573059896)
 (-1.122698793023575,0.084545579478255181)
 (-1.0892860646857563,0.030526555399419109)
 (-0.93334904530590634,0.025486313973607889)
 (1.0649265422764718,-0.03812674990599213)
 (-0.94933106667009448,0.02441945592463941)
 (-0.98230116544417256,0.030751553671255122)
 (1.0193265483071627,-0.048516705139054067)
 (1.0196077830510855,0.18830635988357713)
 (-1.0297773440893139,-0.0072624928841797127)
 (1.0384145520905215,0.02280530713399119)
 (1.1043306186187005,-0.063513520062837586)
 (-0.94133618622236703,0.037323002360976958)
 (-0.8937900134822464,0.036314839700786729)
 (1.0361970537104934,0.037122458215629206)
 (-0.95696865864041702,0.035278275661637541)
 (0.93247710527655125,0.035984570606081547)
 (-1.0248461454547033,0.077268683024626486)
 (-0.88945186549412358,0.0087557039922132197)
 (1.0026502893790947,-0.19931472096388439)
 (1.0303142767813751,0.026472036258816861)
 (0.98035195682174603,-0.013283476970887644)
 (-0.98812614491900252,0.058826974271829036)
 (-0.98866727830083667,0.045189810991116096)
 (-0.98816203266594449,0.0051468614517002631)
 (-1.0820714653494954,-0.10029840932132204)
