# Created by Octave 8.4.0, Thu Dec 11 09:47:20 2025 IST <gamana@Samsung>
# name: rician
# type: complex matrix
# rows: 2048
# columns: 1
 (0.66699984611154639,-0.47656204080633346)
 (-0.48638200584861335,0.26418003832196624)
 (0.80536126095393978,0.13455070075165404)
 (1.0964716069128311,-0.22417126142380334)
 (1.5753527889744885,0.052098677999190525)
 (0.66436190622963132,0.20571507976825396)
 (0.8482715963532802,-0.33387798190730666)
 (0.78611631023765471,-0.8123490976819745)
 (1.0267678693796261,-0.14270230607211637)
 (1.1234893704331526,0.64886221786586151)
 (0.80333875079595751,0.13419700395233683)
 (0.71038280010907728,0.17063614258236406)
 (-0.83428692849609654,0.37393037743881785)
 (-1.1254899788661645,-0.10658820678432181)
 (-1.0302314993853938,-0.67489615547205972)
 (1.2077035944994927,-0.26920128589335796)
 (1.1063144176351141,-0.7874086795480415)
 (0.36525627957020723,-0.18454270449534213)
 (-0.42270348705809407,0.37452082843012741)
 (0.80801529794922278,-0.14341344906357215)
 (1.5096930902144448,0.21584807814542284)
 (0.21404806492635153,-0.0032756247277733429)
 (-1.0414216734366957,1.0559471392083051)
 (0.67053151336841332,0.12547227454935281)
 (-1.1438344846953077,0.0026506477128265494)
 (-0.24752141908556669,-0.28683837270369295)
 (1.0656343277302462,-0.31497489732689982)
 (-1.3681189793369506,-0.071460646466629404)
 (0.9816161313344498,-0.37385313970286305)
 (1.0955023282833531,0.21796461374469311)
 (-0.87491370366462895,-0.050566870879496864)
 (0.89538744277065374,0.34721185522421372)
 (-0.73107478918022006,0.20692701909789427)
 (-0.68397008756751032,-0.59984659277617991)
 (-0.62525762566600529,-0.35669809006628128)
 (0.78730616397902198,0.26691707846897617)
 (-0.73719551376338799,0.018659573315752517)
 (0.77058436498250349,0.2149738589964976)
 (1.2205969903047276,-0.40895287069957331)
 (1.2559700231856721,0.23581856875368237)
 (0.84924250538126789,-0.20084518283871566)
 (1.2820954736386863,-0.6180770079639244)
 (0.47264344886723936,-0.0015859641368358294)
 (-0.81772054969745855,0.064764562084484181)
 (1.1523903112297282,-0.23167077323696791)
 (-0.97743212654299949,0.026875245295983948)
 (-1.1834054902570288,-0.032920559632447076)
 (-0.25825597634320563,-0.24122130618031495)
 (-0.96874686593903647,0.12860080942085941)
 (1.0756566236518466,-0.17193856259209978)
 (1.3710538020415768,-0.007682356069313368)
 (-0.97387163350933525,0.46099346170885119)
 (1.3655455841766844,-0.61030052974642723)
 (-0.46122083398460095,-0.24755280324507822)
 (0.73419131520186354,-0.33232592178564113)
 (0.62674000782509642,-0.26055102821665288)
 (0.68886803985876188,-0.2011856377781446)
 (-0.84862753188188589,-1.0887721091167681)
 (-1.2674510927615832,0.16245050404704064)
 (-0.88294240121776169,-0.24117789876632592)
 (-0.63809884426590269,-0.14183491202325366)
 (-1.2097386695184063,-0.19803137612228877)
 (0.69087071278776202,0.1754423999006689)
 (1.2024273622361763,-0.58156678208575219)
 (-0.58743597338202069,-0.56927216733022601)
 (-1.1411404647704311,0.36489912130596219)
 (1.2745593931187633,0.42841608875475029)
 (-0.5544951811812413,-0.076771060201461128)
 (-0.67754010043042867,-0.55142450647717467)
 (0.75141104585795537,-0.018912232578537098)
 (0.046917543285605934,0.31582077575352763)
 (-0.53661440570378205,-0.0081068092789545708)
 (-0.59349152892289636,-0.0040134320500342822)
 (-0.10885557922190037,-0.04323911365135906)
 (-0.93518752665952742,0.48667806471801317)
 (-0.098928396853362077,-0.76579897719971657)
 (-0.63058067131114148,-0.47575661529602659)
 (0.81124303100864814,0.17591290577792365)
 (0.86804388411034739,0.36225415900062868)
 (-0.67961257432508826,0.10145369692034384)
 (-0.92050690461271722,0.23263311347766885)
 (-1.539945936832912,0.10061904206438009)
 (1.3077055160750395,0.48016439077595163)
 (-0.84263752831522931,-0.40264678726228292)
 (0.74122758260873012,-0.34983057074001583)
 (0.17403830471941328,0.35547459368248929)
 (1.1102437220341681,-0.016723622325189695)
 (0.33731876949812745,-0.42533070500843617)
 (-1.2002291591871814,-0.0021580308210050266)
 (-1.1248812777041155,0.51120610374372799)
 (-1.8273720612097533,-0.74514901497810637)
 (-0.8737555657587196,0.18924057187620033)
 (0.56103624726918722,0.20905874753467019)
 (0.592843351043983,-0.084864424618746548)
 (-0.86711586457752121,0.1746432007530655)
 (0.67514817336212962,-0.6356929552672429)
 (-1.0823612760232197,-0.10512568836749214)
 (0.81858821603375209,0.11441766609791068)
 (0.39261876936703322,-0.51329581662300527)
 (0.72797407371235601,-0.14571087273445557)
 (0.22287899599081595,-0.30182623335436976)
 (0.63551235638756798,-0.33055727215780834)
 (-1.6201505084024062,0.21218476081324533)
 (-0.860288544042069,0.025268459330997767)
 (0.60081040851599976,0.35879304592555805)
 (-0.66931810128912783,-0.24258205397189006)
 (-1.3314670312352186,0.12376290621299532)
 (-0.67333280019794584,-0.25741268754913904)
 (-2.0007533572752667,0.0983608920176159)
 (-0.87132495663912013,-0.12554910318087448)
 (-1.3589441803165592,-0.016966678024613414)
 (0.92200710117411322,-0.15171469506208327)
 (-1.2246714007137298,-0.35568952542772903)
 (-0.54801319878446231,-0.11545582061416175)
 (-0.56637467219882653,0.1316575035072185)
 (-0.86306879303140271,-0.52304463543254043)
 (1.1172273145056972,-0.086375236012904019)
 (1.2585147714345408,-0.38694609258092061)
 (1.0705837620284111,-0.40386633744886935)
 (1.0289123814463041,-0.66427306167698019)
 (-0.49677199656996057,-0.55492110336394851)
 (-1.375117346544247,-0.78976434108773441)
 (0.85566391673936026,0.34950789653224335)
 (0.60096596412065639,0.083251126082235227)
 (1.4927481708013748,-0.64575136761742535)
 (-0.70713401857465485,-0.46012593478393204)
 (-1.3737451737505677,0.45104719642758051)
 (0.46320259687936027,0.016353801472438943)
 (-0.69644250048040801,0.20074826571800425)
 (0.68381240299336898,0.43241427458065634)
 (1.0509006374598955,-0.78257609766415215)
 (-0.76565379467495731,0.4140862661426305)
 (-1.0065918365049891,0.35845850308479049)
 (-0.90508562835789641,-0.34786482634651833)
 (0.74332806819271091,-0.34818704002228668)
 (1.1380626866114774,-0.22177175906813448)
 (-1.5045587245871803,-0.28640920881320642)
 (-0.40064240150027802,0.10093143169514153)
 (0.57500144282242394,0.37754953109573519)
 (-0.77685743578777211,-0.58896463479707117)
 (1.098129825132075,-0.21420651715172292)
 (-1.2059590312491939,-0.099148140348197869)
 (0.8645291859325267,-0.022704570261220754)
 (0.89681873785699207,-0.27668415451519818)
 (-0.98571727848840207,0.40574816404075809)
 (0.53458856599266324,0.16312901322358622)
 (1.1807726247208723,-0.32267848134879706)
 (-1.1631593974309409,-0.50163349046366323)
 (1.0960211229163737,0.10631119873249742)
 (-1.1623718335694164,-0.066431479711552568)
 (-0.76344823896822778,0.59630714745472058)
 (-0.70431186507978238,-0.10559274956127959)
 (0.56866487283928824,-0.40983142549007578)
 (-0.71020481149765846,-0.093593756503595693)
 (-0.90104894092132837,-0.2266494881138584)
 (-1.0220472060450101,-0.030214422917567006)
 (-0.72572340399069624,0.11032725937070822)
 (0.49592022770358379,-0.43750264900558117)
 (-1.1587858957704262,-0.1375468556840648)
 (0.88045461137405912,0.24597411216850884)
 (0.51622838656257997,0.12525882728469012)
 (0.32241359084250931,-0.22724544202219879)
 (0.93951966375048146,0.097112102952917209)
 (-1.4632176345815,-0.32110825693707401)
 (1.1621291809747483,-0.052093683482572019)
 (-1.0050814397487335,-0.25400505046575617)
 (-0.78591702815871023,-0.17595888687458142)
 (-1.1979193796592948,-0.076291042572807471)
 (0.70202899431181121,0.56884646940252914)
 (1.2626713105084799,0.049699086314705029)
 (1.2888257961575937,-0.33346435924209961)
 (-0.80200266714263457,-0.45559156645050825)
 (1.0375411002577808,0.070720330354500344)
 (-0.91185058740788738,-0.31927671784207851)
 (1.0131737299252557,-0.21804051917648329)
 (-1.0702416105358277,0.078259293206663957)
 (0.96766476929394529,-0.077857307613470678)
 (-0.47314320458989978,0.030507574480934632)
 (-1.0743504718340677,0.79443006867553334)
