# Created by Octave 8.4.0, Thu Dec 11 09:47:21 2025 IST <gamana@Samsung>
# name: rayl
# type: complex matrix
# rows: 2048
# columns: 1
 (-0.76245031029756827,-0.76863559721940033)
 (0.21546740014894961,-1.2786747258638396)
 (-1.5969742471384625,-0.19311388555982023)
 (-0.38173173510128711,0.099999519390146285)
 (1.3730668262944152,0.13777512387007806)
 (-0.9831099248114491,0.52375543014435788)
 (0.67476488272547142,0.0032685369070583428)
 (0.83551915176510283,-0.94618879901165298)
 (1.008015722955071,0.12104388492748146)
 (-0.5547773363678854,-0.43085202762325919)
 (-0.43873494647567013,0.52917844730256614)
 (1.5988910228560489,-0.20577391022638808)
 (0.92519094738472718,-0.57688347123102801)
 (0.50331367394362025,0.47407051746450957)
 (-0.087038721079375048,1.12587200442905)
 (0.58194085354338909,0.64132594620276995)
 (0.67992781537557601,-0.01938695081821443)
 (0.15632109577483397,0.45708860746471791)
 (0.6338422646597629,0.9062964931524089)
 (0.39161125477428776,-0.57740425412693863)
 (0.98036841752174531,0.63973532926299237)
 (0.10520051751535221,0.13060283589193625)
 (0.55981061033064006,-0.12089734662230767)
 (-0.23575912191681819,-0.33439737262673547)
 (0.44527186134510788,1.127752721012812)
 (0.8315625941911593,0.13156875669861062)
 (0.39048948413201734,-0.0030210578961246248)
 (0.94063660240466451,-0.020207030988515472)
 (-0.72802570556235635,0.64694553475896988)
 (0.48712600599463596,-0.36077968815088723)
 (-0.008041637460314166,0.77024111997060696)
 (-0.13034035062934832,0.28873414025701166)
 (-0.22177200362643515,0.32733414935025373)
 (0.12025300573348946,0.70245338235508825)
 (0.56349467634052419,0.82911876313541044)
 (0.12685134086548702,-0.47409888909834252)
 (-0.44272709159921181,-0.654547292191207)
 (-0.83067950467502016,1.1668556210784182)
 (1.2442363316685432,-0.77101297234126731)
 (0.066567047187100201,-0.64585213486606685)
 (1.1729408231472911,0.74723243903636261)
 (0.49976504863525267,-0.065130834629568757)
 (-0.079666937936012427,1.1136636240289415)
 (-0.2564675468396288,-0.18799020661333712)
 (1.0063036814693773,-0.34749058710763348)
 (-0.2499055444327995,-0.47687466573174248)
 (0.33665141408806282,0.45946573637904092)
 (-0.74846123900098027,-1.201019987589504)
 (0.59285899545580856,0.2550054265059129)
 (1.7183775201353368,0.15900944808835077)
 (-0.21083556996580363,-0.40428361435061438)
 (0.47937591324517653,0.53085044861534136)
 (-0.05755490008489713,0.2017679655315025)
 (1.1130992180286254,-0.22443681762199996)
 (0.77914953181414659,-0.19572495003479615)
 (0.58078509158423353,-0.44501224769842757)
 (0.097660052135440614,0.77139063855516343)
 (0.36512208676116659,0.72645186665726591)
 (0.02555518142083972,-0.56766010128234079)
 (0.90031208628087656,-1.2646035305540237)
 (1.0124499440453176,-0.26847565454629807)
 (-0.082138718624027537,-0.26395371669930884)
 (0.47136525417059083,-0.28225055750843886)
 (-0.89616561062559319,0.88698859004762265)
 (1.0568153159936746,0.89345087774626952)
 (-0.092103348437211546,0.37248330418889924)
 (-0.17683938208986189,-1.5212466529282316)
 (-1.0894719644546067,0.30338317245393365)
 (1.6869676255399448,0.66825792834347675)
 (0.14667251469199755,-0.30408803369111626)
 (0.85059956475755338,-0.8848516855970987)
 (0.5693940635734156,0.81121020618356443)
 (-0.79115644593292123,-0.55653091768829899)
 (0.24566209411909984,0.23764420392093374)
 (-0.08545713430603781,0.67255281260395749)
 (-0.49562963806024707,-0.20272646577168021)
 (-0.38758762494345483,-0.90168330496518478)
 (0.98194046805340196,-0.39896394514972544)
 (0.36268497816051271,0.46779513260185951)
 (-0.22467393561217264,-0.80872574645688833)
 (-0.34878165508836817,0.28898112754610111)
 (-0.11504797859600092,0.27433119274885892)
 (0.23605862396234184,0.33710389186730261)
 (-0.68537010691883482,0.40748938483329877)
 (-0.46946343788959499,-0.20815240508737803)
 (-0.62093659966688031,0.23957048566239075)
 (0.60307882066606833,-1.0716482899844435)
 (0.70793599958941777,-1.098884975791514)
 (-0.93647479872205264,0.73827691085241154)
 (0.30205682395420025,-0.49968173246174591)
 (-1.0741574226402488,-0.32915644248739223)
 (0.24200174840405633,-0.29171795942564677)
 (-0.53822831800076787,-1.3888127000272326)
 (1.0247506716829922,-0.34751177347252848)
 (-0.20487368712588708,0.33916140498501191)
 (0.21910560425564332,0.26393915247739547)
 (0.42330415591112608,-0.19730102026723978)
 (0.60672255712795997,0.79743959090690542)
 (0.16722355554155149,0.04597458993076492)
 (-0.44543101777837241,-0.69663274396994546)
 (0.58058616130314133,-0.5107883799891243)
 (-0.21368098895477697,0.45585264231171635)
 (-0.19846471048231104,0.43915132437673948)
 (-0.21141964601745003,-1.4258640184434221)
 (-0.76115113899404074,-0.70958968599639505)
 (0.18179277644130432,1.2274979796656968)
 (0.92380232718073163,0.053631499383334121)
 (-1.4331486512565692,0.4100789578299423)
 (-1.0532215960399762,-0.24772156926562633)
 (-0.65159914459813562,-0.39989906272362902)
 (0.043378672016281448,-0.20347794065867339)
 (0.41275853010303204,0.38783760868509704)
 (-0.039134800756614067,0.27793503193486307)
 (0.59137803676612322,-0.29522877910869649)
 (0.0004502776254717226,-0.50380350794733864)
 (-0.69148127331314746,0.45997588498480635)
 (0.83198860874948088,0.68302511070400851)
 (-1.4129200191289746,0.93202473882320303)
 (0.19712730098501127,0.13426566647298857)
 (-0.067094405735223545,-0.71461614925468309)
 (-0.47780713743515807,0.18774391098957316)
 (-0.45382941524072357,0.37294644427395435)
 (-0.87645883248025902,-0.23966143738870285)
 (1.5498869388798131,-0.17555047747457217)
 (0.13508093482967767,0.98119578934608909)
 (0.63946238341041428,-0.071000322895934831)
 (0.90633258554647,-0.80505310717358169)
 (-0.29441594391725284,0.50214025385249961)
 (0.37592925602455279,0.97580752259295089)
 (0.41399749116475276,-0.1101245823878788)
 (0.65458468336419295,0.26634092585934177)
 (-0.91474624532231175,-0.64266266890394319)
 (-0.30051969650178789,-1.3135453357938054)
 (0.47304666236890663,1.4002058250877985)
 (-0.75087876804044484,-0.62712067630950918)
 (-0.061095344267644437,-0.45126395091465188)
 (-1.0681819733932902,-1.2905160672131779)
 (-0.77162518623944387,0.69394159406944422)
 (-0.014368145368079727,0.42399439891965035)
 (-0.60664795455693832,0.58707298467739832)
 (0.20327213973989883,-0.23417129917149465)
 (0.27273662876511323,-0.098096753729061278)
 (0.67792562133313994,-0.70313430936183952)
 (0.33225706985966641,-0.41211722795265854)
 (0.76221993263844934,0.020541503670034621)
 (-0.02060151568912371,-0.12093043038813493)
 (0.43713129825186603,-0.071816738233039135)
 (1.7333408055994899,0.5433513922680373)
 (-0.60044231370364498,0.0026606676188377916)
 (0.50769964482443808,-1.3419938037541255)
 (-0.36359308090854214,-0.32383329472065964)
 (0.57898868824075866,-1.4072113222951732)
 (0.10794143148998721,1.3789013904996084)
 (0.11440105741239159,0.78076556919413109)
 (1.3482131968237328,-0.44438708952621908)
 (-0.020351781924778468,-0.04963978110885009)
 (-1.1740307783427666,0.31199765875694296)
 (-0.61706602809585764,0.13276734132362331)
 (0.27349758098528559,1.3695180191081577)
 (0.34788057809422612,-0.2685374301278679)
 (-0.0020996621413381716,0.47069976579599088)
 (-0.91245777265075412,0.33779089060027545)
 (0.66311963840844035,0.28722466029376503)
 (0.57342399801815991,-0.088099174504586694)
 (-0.23407783838206997,-0.10559498909413526)
 (1.2618911046550336,-0.70202733521922178)
 (-0.18404254382675558,1.2752374891136864)
 (0.4915117712735213,0.053462193432024151)
 (-0.20526068829903305,0.99886133628418738)
 (-0.59941477435954149,0.19656791709873597)
 (0.1755031383140209,0.43236405284983659)
 (1.6351999976273239,-0.73004019091904215)
 (0.227931000843517,0.20922054892781905)
 (0.35377285474163911,-0.80168236245683611)
 (1.9813893108386056,1.2292192496468792)
 (1.1552606707527,0.11399377083045158)
 (-0.7071862682113782,1.2453556836673303)
 (-0.63608129448617345,-0.72894219897444046)
 (0.91703231348673775,0.76287901919465551)
 (0.25236089047040361,-0.049553684307386214)
