# Created by Octave 8.4.0, Thu Dec 11 09:47:21 2025 IST <gamana@Samsung>
# name: awgn20
# type: complex matrix
# rows: 2048
# columns: 1
 (1.1303243505093254,-0.0012699755656236846)
 (-0.95929909982246953,0.010001743059537892)
 (-0.93312460812593234,-0.11143600310386328)
 (-1.0084104055709655,0.024094800061082781)
 (0.97156809628912311,0.095028983717249924)
 (-1.0113405673293192,-0.034296160798302562)
 (0.87840756051701674,-0.027618441570367032)
 (0.98201840278863139,0.086856315107816107)
 (0.88798258542192054,-0.11167819185403068)
 (0.99062445653805764,-0.025092674878727895)
 (0.94346325037317569,0.1604024240509285)
 (-0.93333791223619345,0.0038882053476110763)
 (-1.0314670648236957,0.014857931456595492)
 (0.96498868559988593,0.05014280775563932)
 (-1.0308521148563643,0.092247629578354778)
 (1.024097235265534,0.016132138925825726)
 (1.0154814619132937,0.079952190845701668)
 (1.0426943888144744,-0.05368359956941815)
 (0.91123228253711808,-0.067258558630054407)
 (-0.93698138146784449,0.13975747553069681)
 (1.0307688095973313,0.055672620179258163)
 (1.1021728197166438,0.11413238811242177)
 (-1.0537347656192042,0.1053782798492393)
 (0.93381261403002458,0.021721564179613399)
 (1.0128002715490316,0.0073470641883610667)
 (-0.96314791556058454,-0.070100855585464195)
 (1.0430429516924957,-0.018372694960932603)
 (0.95501523557884305,-0.20483970364745377)
 (1.1388107430561349,0.11613569301210258)
 (-1.034048557722691,0.15735686830393791)
 (-1.0493306856444131,-0.01455380324700559)
 (-0.78071765987744912,-0.0418018966330094)
 (1.0679553200481728,-0.042329777922709894)
 (-1.0387971741014255,0.026442221555971725)
 (-0.99567154916291944,-0.11790411161230148)
 (-1.1303488028462605,-0.033020774579979838)
 (-0.94677318422091694,0.025935581538863113)
 (0.93649423969195666,0.03644708678114756)
 (-0.95375074803970794,0.031522912539330573)
 (-1.0741621416010576,0.01853932269508329)
 (-1.069936345971596,0.1023861718897216)
 (1.1479751222251968,-0.12273023888054535)
 (-1.0522281618864859,0.024298407067435052)
 (-1.0545312377974361,0.10273031653345406)
 (-0.97522761560267313,-0.054544342917843991)
 (-0.97799432932135921,0.048277417373900289)
 (0.96768456887391885,-0.042556046475908847)
 (-1.0940741534694196,-0.057619239111365683)
 (-1.0431992796166096,-0.0034553929198452532)
 (1.0208793318037754,0.10006092591844302)
 (0.92626262756391675,-0.12104152827878388)
 (0.91385684542959833,0.071391516966447299)
 (0.97755535383504377,-0.13833504479780981)
 (-1.009974568148486,0.0072911854677647466)
 (-0.97780354648560808,0.0032729244292667432)
 (-0.96212962791609791,-0.052124855602063702)
 (-1.0824025492743743,-0.040025404995670505)
 (1.0339456503254982,0.12101968766983627)
 (-0.91014466864935384,-0.035242626515834284)
 (1.0744762450258716,-0.018097703159779266)
 (-1.0939635636549898,0.098404441000262896)
 (0.99771432932178361,-0.00095762597119201454)
 (-0.95275386520404604,0.041433702612955883)
 (-0.99927374326557228,-0.06706663591073668)
 (-1.0739665068695827,0.11167731643240764)
 (-1.0948267882658855,-0.03809220424191382)
 (0.99627379480796874,0.0070799117261498984)
 (-0.96524450948114482,0.047599700889125053)
 (-1.063856187951409,0.070838738333305909)
 (0.95726643516915821,-0.0039263363242019178)
 (-1.0365716249531665,-0.036648547408365921)
 (0.90784290419604941,-0.015632570236806857)
 (0.99999577913324056,-0.069223502332288286)
 (1.0099305555793829,0.06647268764770041)
 (1.0194762907307304,-0.065885904804280304)
 (-0.8499930705624017,0.037239168226193185)
 (-1.0140758305087756,0.098825944159996779)
 (0.92931554492901824,-0.0076378771133831418)
 (1.0636965696584879,0.038055361920186187)
 (-1.0270617314822814,-0.036983891114395435)
 (-0.908366880869244,0.015737636776606095)
 (0.89566534482196403,-0.14607251041916436)
 (0.97169590535638584,0.0031993450545952148)
 (-0.98450938664251442,-0.13621612725091145)
 (-0.95527536405798164,0.16864232723335879)
 (-1.0940675807808069,0.16914882616421323)
 (0.94180642341451404,-0.0078984990926985032)
 (1.0850172128516065,0.041388479986298021)
 (0.99499588684610107,-0.13308404024508808)
 (0.93968560825071246,0.077474316110502303)
 (-1.0729427418528819,0.01753606825747548)
 (-0.97452650403569829,0.096403453804445691)
 (0.99304817231475073,0.012857678919138785)
 (0.96295532135923068,-0.041200912359992924)
 (1.0882418280834387,0.030733356356334632)
 (-1.1244661802997387,0.013992574454378418)
 (-0.99971849583020678,0.029271665195359831)
 (1.0198625260214638,0.10356014305115471)
 (-0.92375310723034509,0.026794464103789474)
 (-0.87070991345598636,-0.18464896545104886)
 (-1.0772532224428741,0.0065187167552778888)
 (1.0353951461725239,-0.098227144679023104)
 (0.94185389779074558,-0.072632738792185722)
 (-1.0003699094141343,-0.1074269141988905)
 (-0.99674081396756287,-0.036493566551649002)
 (-0.97793589710232465,-0.053757052857588729)
 (-0.93109136295962647,0.053785176300717531)
 (0.99774388529712366,-0.090716695638963452)
 (-0.98296298154937722,0.031862341179826455)
 (0.89422731266559463,-0.0053956480080187179)
 (0.84307162522391588,-0.05795083934917044)
 (1.0400683939664714,0.063421917634169669)
 (1.1356583080633582,0.005660435932707493)
 (-1.1065640225747291,0.066233972817845627)
 (1.0106082313790363,-0.0081855006478579202)
 (0.95092302174760146,0.10461980532993331)
 (-1.0018010637810928,-0.041605222515641839)
 (0.98827236228446524,-0.025047208867326139)
 (0.96007931174526273,0.027190446863018997)
 (-1.0160731714459508,-0.13766428275041653)
 (-1.0082051300465742,0.0068416896773758774)
 (1.0718767709062469,-0.0070437645700925965)
 (-0.95624708145993487,0.057369217290950042)
 (1.0257763855835451,0.013876662466193047)
 (-0.98170256542116863,0.0021338620622421921)
 (1.1156610320548903,0.18172007731822989)
 (-0.94444200244198595,-0.13435353546184065)
 (0.9121144115095754,-0.023901219612970467)
 (1.1459216425406045,-0.033371767338019977)
 (-1.1230168839715204,-0.17861706829995505)
 (1.063674900228335,-0.14913419729469266)
 (0.9080601407823754,0.10636696813145735)
 (0.92649200644163865,-0.095538581818616672)
 (0.98691118102605646,-0.067624398593677679)
 (0.89290059096630325,0.062649351939760192)
 (0.95666497654359861,0.17960909868779523)
 (-0.98593351404080931,0.010924158048946616)
 (1.0797173090347969,-0.15136988546767449)
 (0.77464856983850638,0.048163447322626451)
 (1.019743095527456,-0.033651683569208828)
 (1.063732676987124,-0.028558306372042586)
 (0.91474533684610682,0.0063052784828623006)
 (0.95541753599264934,-0.011397764301056275)
 (-1.0761608913227618,-0.11674731826507803)
 (0.9626555358594483,0.021714785305787937)
 (-1.0608890603792507,0.056374671326082405)
 (-1.030189803664552,0.096156348837102112)
 (1.0581588430343292,-0.075603364353447708)
 (-0.94685339437860272,0.13178299774988142)
 (1.0572439557252176,0.018543033047400688)
 (-0.99079243691472207,-0.088665898823488118)
 (1.0380141075634965,-0.00082570566201990595)
 (1.0000689604560358,0.045474099710144752)
 (-0.88925685504298624,-0.04538090392188452)
 (-1.0273684318975174,0.0068251491236036525)
 (1.1069942135627138,0.059812134090746275)
 (1.0533824074848641,-0.071610931495133687)
 (-0.94494437031188094,0.017848890084790469)
 (-1.0107845972355338,-0.10021942917204429)
 (-1.1988870499060835,0.050207608528577363)
 (0.96137160474032168,0.042336935119195618)
 (1.1013818946484082,-0.01695599929325398)
 (0.96689741621176351,0.053737595807940255)
 (-0.96644328021626313,0.14674956260299568)
 (-1.0458489705332357,0.0061327502223778238)
 (0.94290383682758305,-0.0092277614428645065)
 (1.1935501707160037,-0.017898913816365252)
 (-0.91648175506088725,0.067284746566094289)
 (0.96839038227884255,-0.053082678938932176)
 (-1.1071869343446521,-0.066041161091580203)
 (1.0137104438509317,-0.053035881554210601)
 (0.93338406583160793,0.064450284228501853)
 (0.87482739687041311,0.0036647482215739361)
 (0.95379366166873436,-0.020227791519008182)
 (-0.89537073179616267,-0.024773339397766683)
 (0.87303932330314704,0.008117225592476433)
 (1.013228118414107,0.16617116199832579)
