# Created by Octave 8.4.0, Thu Dec 11 09:47:20 2025 IST <gamana@Samsung>
# name: rician
# type: complex matrix
# rows: 2048
# columns: 1
 (-1.4074502590277795,-0.5664318516042407)
 (-0.96641411527935095,-0.2702542705273645)
 (0.8587766991582203,-0.56958398969035706)
 (0.9697614128977371,-0.10751028519578365)
 (0.68842145048772951,0.26379897534798247)
 (1.1797734815421692,0.036114935864635538)
 (0.55411893101582388,-0.20953012487823555)
 (0.47637641202209857,0.33154240117744416)
 (0.25370232882161881,-0.12829734623369263)
 (0.57807233781593848,-0.74069802721227551)
 (-1.1703961332553043,-0.18081118536940319)
 (0.75057863532311953,0.038556619583288938)
 (-1.1351203108416796,-0.038213972981545434)
 (1.1482671990391453,-0.19711323761415087)
 (-1.2081786104845817,0.52446783176083334)
 (0.81253742148761543,0.28531041194180878)
 (0.97126734485496546,0.060255403554315697)
 (0.59031802353397722,-0.45398569225202778)
 (-0.48924717239115117,0.068314798572799887)
 (0.69103191248548579,0.1683502022952017)
 (-1.1728116583142305,-0.46542499787041902)
 (-1.2298664958375607,-0.1077404688007485)
 (-0.90368534517383525,-0.31591988299051349)
 (-1.2834067338658615,0.0025366453105945246)
 (-0.088245899748574441,-0.18479246245490744)
 (0.92928692969103377,0.55443341005078695)
 (1.0707659600567954,0.044665009679379593)
 (0.66331505796295154,0.40816061347424903)
 (0.77761443805496011,0.1383366092228584)
 (-0.82088429641849558,-0.45655916696849208)
 (-1.5914776390985956,-0.0025529678236355866)
 (-0.35763111552887361,0.11014775581216452)
 (1.1591210058860402,0.31679785984845499)
 (0.77441415031892757,-0.43586786592338822)
 (-1.3642150342444632,-0.38069995850156385)
 (-0.39793429635366295,0.13764785565838772)
 (-0.4530381406475506,-0.19156320607176588)
 (0.69055551423114148,-0.071622629344062883)
 (-1.2306945124780979,-0.15406555769552155)
 (0.93917725397680085,-0.081095752617946451)
 (0.80314019098512124,-0.22457443191191817)
 (1.3639544351305899,0.057186533677608953)
 (-1.2034655809142565,0.50097441424494182)
 (1.4641049667138588,-0.011714694376502221)
 (-0.61117414992690922,-0.15300745704226729)
 (1.2695586431796366,0.23732344099389496)
 (-0.064620168940588085,-0.40109571836345909)
 (-1.1528533305888682,0.35070061547119152)
 (0.82227176613811881,0.62800148493449326)
 (-1.0198023972796728,-0.17849013991753979)
 (1.0813445766476566,0.11923955726457677)
 (-0.50673753622933571,-0.52070730912258778)
 (0.98657247036824369,-0.38661578032121402)
 (0.64935248574862758,0.4096023885877762)
 (1.3337347427656856,0.030853259888531596)
 (-0.88926579254884741,-0.24359232734876893)
 (0.70575985341291225,-0.076056139875109299)
 (-0.69750865080943913,0.0069469591660340146)
 (0.71057214852828776,-0.095622554331521364)
 (-1.0349076718638537,-0.25366590882015605)
 (-1.3930830449305325,-0.14663383308376898)
 (-1.4177736257617384,-0.054889374876594219)
 (1.1816668459953097,0.47000231977792323)
 (-1.0508114540519102,0.33790270722899318)
 (-0.77674886358833528,0.16190920977473225)
 (-1.215684560658671,0.44032727590735238)
 (1.1400316368763856,-0.39296809881562095)
 (0.95747250273775886,-0.14880270627617315)
 (-1.254209774278138,-0.087407038241179416)
 (1.0300052980923828,0.056661390920407069)
 (-0.55988114250690413,-0.52190686168194333)
 (1.5078091582565423,0.7073206255893778)
 (-1.1634838365116478,0.011040068213933846)
 (0.95193068238236922,0.24137981036543624)
 (1.1751491095108231,-0.24947094997843108)
 (-0.86543189069586923,0.11027369583714706)
 (-0.58972246941275008,0.26942397739332785)
 (-1.2885969064414393,0.037685009179105305)
 (-0.68924881660424353,-0.0091930654104970203)
 (1.3245560315592249,0.45581958770915965)
 (-0.99075982602186163,-0.052806462338304938)
 (0.96725473070273238,-0.40832591671275542)
 (-0.3912758167343422,-0.025096447506411868)
 (0.41179128485595851,0.14832361909166517)
 (0.93185306361298093,0.16885910812707242)
 (1.1287292144536236,-0.19075691007589032)
 (-0.96155842629597676,-0.1998330700790826)
 (1.0181957904249501,0.758909416309137)
 (-0.77379713094586589,-0.30106884900971553)
 (-1.0183297910018898,0.70907053684862487)
 (-1.0847028435033892,-0.070386118326531869)
 (1.0400694958791816,0.10751650868617725)
 (0.72726324152928401,-0.42180528674277668)
 (-0.66682600383527313,-0.52228628305148395)
 (0.63206952695501273,-0.35469878092065416)
 (1.1069907221033961,-0.024654699763222841)
 (0.62870436636420113,0.41685367924891475)
 (-0.6647778848416126,-0.7799314527555733)
 (-0.22996064357522472,-0.31859041256317383)
 (-1.1178938248369872,0.070241686337640774)
 (0.47701124552561125,-0.21128658096435582)
 (0.88945322541508365,-0.71859939110712756)
 (-0.68713090601608751,-0.072127024857617281)
 (0.56603337966485778,-0.54957674790309297)
 (0.90893421197177005,0.91260123603772259)
 (0.34484426383112299,0.24930190005203146)
 (-1.1366983592943911,0.31549550472101473)
 (-0.61081855083286651,0.19310843206601166)
 (0.77602445344281157,0.41398548940677121)
 (-0.91060668828216862,0.16542008073737771)
 (0.95956077464294209,-0.20335536942659302)
 (-0.38844137423902908,0.5438879720747799)
 (-0.91973005237804961,0.046970808105640152)
 (0.55645353853293655,-0.18484541875157118)
 (-0.99824554135049537,-0.045035047568006463)
 (-1.6017211694031956,-0.35871713912540654)
 (0.51136763679398334,-0.48490523537190849)
 (1.427012215093354,-0.066623172614629994)
 (-0.94418045971150788,-0.42756492633974574)
 (-1.3175021549478676,0.12718876690178851)
 (-1.1014365565929853,-0.39460118092606766)
 (-0.82435778100517199,-0.17794656081758489)
 (-1.3451612173953253,-0.087182460380030954)
 (-0.49843308611826681,-0.050887125629506293)
 (0.67861910771677436,-0.15527781779457153)
 (-1.0178925395488314,0.89387471889447501)
 (-1.8408412420297731,0.62596670281470712)
 (-1.2850103020943595,0.3027417434979941)
 (0.68813243666196777,-0.52317614444416016)
 (-0.46816969122143753,0.46854202992736127)
 (0.962523424422151,0.23453939086470152)
 (0.63895335221519023,-0.40268208202334665)
 (-0.56320450615768503,0.083909374605857831)
 (-1.3044667046974217,0.41718106898653756)
 (-0.48709226480927365,0.10790801829689078)
 (1.3491733539958677,0.24952943026294849)
 (0.036214471416886163,0.24784595467474932)
 (0.87241061982417845,-0.47056020348784683)
 (-0.029651442203191269,-0.65401225398703444)
 (-1.0794288955132372,-0.33628769408619902)
 (-1.0041158668001189,-0.53442017768706274)
 (-0.84581244002585887,-0.36761193551501842)
 (0.67436415550347573,0.5091553711885155)
 (-1.3492740856127312,-0.17519116022646189)
 (-0.86718236465511156,0.11412030909182633)
 (0.74460736485948187,-0.22675221799879297)
 (0.20257964668800954,0.10299688162555068)
 (-0.86820998505029301,-0.014142715680179097)
 (-0.52998017825004018,-0.36000704878097473)
 (0.44516734499329541,0.059807336888288515)
 (-1.2091005124730654,-0.8529046220710198)
 (1.0723457912842687,-0.15470644259813809)
 (-0.96932319155097391,-0.024354500096265892)
 (-0.73918787702779221,-0.067914129294116971)
 (1.1776586321469069,0.018084174631651462)
 (-0.93013277099203151,-0.02232954061625771)
 (0.44824645280876679,-0.56600010028467118)
 (-0.49761011888336837,0.27050028175562918)
 (-0.42841087413063339,-0.08254290670507243)
 (-1.2266404288044654,0.4525851283374025)
 (-1.0830021200617965,-0.02293902534661053)
 (-0.9486203435772923,-0.65237407670829317)
 (-0.82085681945355271,-0.19998782009813648)
 (-0.86488545803130079,0.49781842933614678)
 (1.2200967581712046,0.2270187372032362)
 (-0.3461821071132728,0.5129402401762081)
 (1.0969800914062877,0.033202236076180433)
 (0.98492370061850043,-0.021125193005685272)
 (1.4992693963642969,0.21235470127078715)
 (-1.1383044952634547,-0.050980795113000306)
 (-0.83249930230268077,0.59334682613849432)
 (-0.95721565278717946,-0.43948671841794107)
 (-0.98761437036348121,-0.025767383442801019)
 (-1.4361990265190663,-0.21324335186291055)
 (0.72262066337334319,-0.30261091868244006)
 (-0.82612155545800814,-0.047211021424244742)
 (-1.0529266046758152,0.086284689817011803)
 (1.4822252726349581,-0.34101572293973675)
 (-1.0572986264991433,-0.34186317514293441)
