# Created by Octave 8.4.0, Thu Dec 11 09:47:20 2025 IST <gamana@Samsung>
# name: rician
# type: complex matrix
# rows: 2048
# columns: 1
 (0.52681612652694565,0.2650491623992855)
 (0.82565759517870763,0.12391792691643534)
 (-0.79317227482875952,-0.031896752094094559)
 (-1.2833129546435496,-0.2074850383782525)
 (-1.0395166493682744,0.11245418908235125)
 (-0.82823860876886701,0.12402545237063534)
 (0.2854846794454482,-0.091690571211928973)
 (0.81245737766408299,-0.018126308386099254)
 (-0.62428418129067176,-0.25871403278977456)
 (1.2972686317853221,0.10005944611273905)
 (-1.2820376206514779,-0.22010230134349418)
 (0.90495625892955189,0.38400505683579272)
 (-1.3099680605486523,0.30816489420096321)
 (-1.0903235379966008,-0.12506286703473551)
 (-0.87851520040546727,-0.34968394566362504)
 (0.83839501843007502,0.37370388618815881)
 (0.67164717232589732,-0.38093251343934992)
 (0.82755785813206284,0.21240532256470748)
 (0.32028759533971718,0.62330349646820027)
 (-0.78029098800124952,-0.087643113787610166)
 (1.0100215050155248,0.36175334575892348)
 (-0.58092995639949718,0.098502861296017208)
 (0.4189517288875807,0.16073459654880115)
 (-0.45819840129555356,0.14274145646554501)
 (-0.42892102775232122,0.29291249410467063)
 (0.74490029377717459,0.46791813870555432)
 (-2.0226103923656855,-0.18925160973382524)
 (1.022379337722664,-0.40419072060213002)
 (0.96318808400276468,-0.010120125392512199)
 (0.68504620474436517,0.13547553797212578)
 (-0.44696578686680993,-0.31710469831783422)
 (0.96078019640301227,-0.38068166333651804)
 (-1.1342993361967382,0.042708367444749887)
 (0.50447493064779036,0.43939061591887668)
 (0.60495309719398027,0.25691950609069608)
 (-0.58491905419592194,0.12358719281007602)
 (0.31226909246807744,-0.16933041808142493)
 (0.60465311058455828,0.21099792459066341)
 (0.77281853940934386,-0.55523195008844628)
 (0.55115375753823193,-0.32270852027255298)
 (-1.0075895737992191,0.33974845774746409)
 (1.4079363820238047,-0.67797666480392904)
 (-1.1280658525371581,0.36882060101070246)
 (1.3515896603441548,-0.87378669804284159)
 (-0.33453667160109513,-0.28924621598500455)
 (-0.16927326564584733,0.29948778146566718)
 (1.0749102313294019,0.42409004755083357)
 (-0.84928345761929813,-0.36667886068239564)
 (-1.1263976369280704,0.35528766412781004)
 (-0.64285894967631807,-0.19300878470033284)
 (-0.68107873202513236,0.24986689516644758)
 (0.22099647981567838,0.12281341899242271)
 (-0.63404524329536782,-0.11465426078085018)
 (-1.3821434001054755,0.15077433412260788)
 (-0.78339784129941692,-0.16463975653333779)
 (-0.69570557520187848,0.57569654919910229)
 (0.5809920615896268,-0.44556407051908808)
 (-1.0447465606967101,0.27629405492880937)
 (-1.1260177398141726,0.27804814706561298)
 (-0.66917698159925532,0.13345760109087637)
 (1.0614207937781019,0.13540622471247901)
 (1.4822978247824197,-0.28620372990198933)
 (0.78938363578987514,-0.12745865374692189)
 (1.03454344428206,-0.26551090526670013)
 (1.3293233651433682,0.72324191785383574)
 (0.72026911552590522,-0.16528178459525517)
 (0.89489559259812879,0.10095371283615012)
 (-1.2251221603961926,-0.071230307274779595)
 (-0.63014578483526451,-0.22209207507956907)
 (-0.76914687117366487,-0.46031946296563048)
 (-0.85749815527128126,0.28750167421895628)
 (0.69782107576718833,-0.21885264073202162)
 (-1.0378550644123434,0.34571619424095784)
 (-0.52409632280501839,-0.004968054182047826)
 (0.65033799173449658,-0.0057930354223637267)
 (1.3683596807994305,-0.17050472638872052)
 (-1.2564762602086248,-0.38640183352622021)
 (-1.118450622028291,0.10259537570578066)
 (-1.4022598303995557,-0.53196496687240902)
 (1.4766426233888592,-0.28967919789434138)
 (-0.87794511987201318,-0.27049145339340486)
 (1.6549900602475383,-0.093748220112539402)
 (-0.97175436211825361,-0.022834080248351752)
 (-0.88989386304597184,-0.057303598360142323)
 (0.98956041145155105,0.040697008489065725)
 (0.11855376248807314,-0.080097601226366735)
 (-1.0901566125032469,0.22443387458186462)
 (0.8805550531182883,0.16306799566230715)
 (0.65908068833869338,0.19212014203996999)
 (1.2775956171882863,-0.005549938899250176)
 (-0.29330065067343314,-0.050082099072598349)
 (-0.83828333383005071,-0.38009173278157721)
 (-0.94352249567150437,0.061832178278657203)
 (0.15727294226043165,-0.55726021240450396)
 (0.39471610117508205,0.19292890184844122)
 (-1.1400952952681551,0.73910958476550737)
 (-1.4391901094590476,0.5066441532205056)
 (0.38430414841892563,-0.44380828441199349)
 (-0.30278710211829418,0.22644621779228893)
 (0.78955478014026037,-0.24267713576710453)
 (-0.71984263963438011,0.42685862324693924)
 (-0.46055706690958198,-0.69301261171570083)
 (-0.75112407884649934,-0.27744180795287277)
 (1.0041960066466478,0.10734254608590944)
 (-1.0133676666678693,0.056693634113686407)
 (0.99223155774591287,-0.096207193730071527)
 (-0.70396197529607762,-0.054350252497066896)
 (1.2111772616189336,-0.20313896661107184)
 (-0.99116788551734047,0.38246008265401404)
 (-1.2457209788294592,0.30733581417609934)
 (-0.55279512908563144,0.15511640328263987)
 (-0.62537920135446001,0.075030616006284634)
 (0.47756615516530648,0.16168700238771364)
 (-1.3254813865674777,-0.74604397582470161)
 (1.2755360636070039,-0.53614610196541324)
 (0.87896380399876017,0.38392838284425579)
 (1.2275991418229037,-0.22219081057120912)
 (-0.1461535954318689,-0.07500406762667465)
 (-1.7883240144288264,0.21735667191672384)
 (1.3745142003422406,0.17764373800365307)
 (1.2768972169111064,-0.16034902228435644)
 (1.0576466038706012,-0.21057242388868452)
 (0.9290147121486072,0.23797161234093792)
 (1.0857602335198542,-0.27954200798270024)
 (-0.66567056054298668,0.11886971480956013)
 (-0.54797430240457501,-0.073385477397616153)
 (0.91125093433455773,0.083782889888453879)
 (0.8432345261105787,-0.39697839746886487)
 (-1.0495977070546167,-0.016078540261118504)
 (0.90058153634455074,0.43279287026241348)
 (0.9157726295951395,-0.66180022527009097)
 (-1.1462159984001861,-0.6322822303933594)
 (1.0287299930942537,0.73162006032835714)
 (-1.0332540705726396,0.010742911966677524)
 (-1.0220740877476671,-0.028883878539619365)
 (-0.94489080835302885,0.28250140169576154)
 (0.94113115693804517,-0.22589448724756112)
 (-0.95826718177914505,-0.091986312548483426)
 (-0.30187890860497257,0.92924182601688077)
 (0.89245884530286157,-0.11593360393672814)
 (-1.2778436710911796,0.237875701375731)
 (-0.92506282964088815,-0.30283263039861785)
 (-0.1450303181360092,0.60301994120731073)
 (-0.71392381941635574,-0.086794196253119044)
 (-0.86822144802071433,0.30335781935498879)
 (0.53293897345324459,-0.57041969581637209)
 (0.99752044241647719,0.029413755599803582)
 (0.36137431232042105,-0.55302427076157024)
 (1.0640553852314865,0.085196574843064934)
 (-0.25842560360433975,-0.10847693515984641)
 (-1.017254811609132,0.21573332827425792)
 (1.0016453599528599,-0.7294268284520451)
 (0.91789514234258995,-0.22411130298641549)
 (-0.7399053429783391,0.26025927752078132)
 (-0.82676518326972481,-0.23838646083937068)
 (-0.88757447502267806,0.19789079278292124)
 (0.36232070628002544,0.061202408220624241)
 (1.0712598977483931,-0.098126862769234852)
 (-0.89081508077356386,0.22766127745799652)
 (0.96488645261351891,0.11981848660866977)
 (0.45994454308427674,-0.093661707092742477)
 (1.6005646094429196,0.15991305422324334)
 (-0.071493568033190846,-0.3416351415234341)
 (0.044838471741260877,0.11597703850249322)
 (0.9301657576532314,-0.13769370469733075)
 (-1.4384373959547736,0.086220714714076579)
 (-1.4823790448890721,-0.22520869078417141)
 (-0.5159689736384252,0.20350985426127)
 (-1.1692112709838622,0.97905192595652724)
 (1.1655032332978641,-0.33542496344930123)
 (-0.62288051881814299,0.66154142118476456)
 (-0.95585977947187106,-0.31209921136679902)
 (-1.4007976052106375,-0.21416432827493453)
 (-1.632137907031346,0.32575415836595478)
 (0.63166663897900155,0.032565925867635265)
 (0.94444297451149861,-0.35746067272355603)
 (-1.0433289130830674,0.10616774683330146)
 (-0.50961661044858819,-0.29304443385666157)
 (-0.93757920633056857,-0.19932398301045773)
