# Created by Octave 8.4.0, Thu Dec 11 09:47:20 2025 IST <gamana@Samsung>
# name: rician
# type: complex matrix
# rows: 2048
# columns: 1
 (-1.4556380612045408,-0.45696608078403511)
 (-1.3411639187745417,0.40271764667159321)
 (-0.74963293379365192,-0.03188340381350642)
 (0.46250883211385924,0.2788566292908301)
 (-1.0889362015732929,0.17367851352725608)
 (1.0440121666888045,-0.33614852467787226)
 (-1.3994906776375577,-0.092798066998911452)
 (0.53419811264272132,0.048216763401908225)
 (1.4561141300291145,-0.038112413543968326)
 (0.6798522659841808,0.45402378591104026)
 (0.85766156220082868,-0.24681320820408079)
 (-1.0669427685125366,0.42637456927780548)
 (0.16481692745857002,0.10431304048957817)
 (-0.91012540126983543,-0.45393559435725755)
 (1.4233906167171253,0.024772999037970853)
 (1.1251449891111096,-0.2027677226006413)
 (1.4135907746266143,0.081250637145646371)
 (-0.7542157465429985,-0.31315547070962507)
 (-0.59269864054671695,-0.043578842922780713)
 (-1.2633635900879849,0.23500780204563895)
 (0.96796065849992685,0.48161769947908062)
 (1.3031136867007795,0.32285382105866584)
 (-0.65606770806951875,0.11020642712713125)
 (-0.85471395121236349,0.011409796884478842)
 (-0.28139838226776559,0.11055007773723501)
 (-1.4087596690982731,0.086032070462384314)
 (0.68197121428729301,-0.23677936646247455)
 (0.83975809931341205,-0.27689570865661933)
 (-0.59692737512943794,-0.44308398976865315)
 (-0.69570815289116728,0.21712626629327555)
 (-0.32669311482577212,-0.44626490784185113)
 (-0.37485384415678946,-0.43560890734003777)
 (0.92393300141352752,-0.23763862316441312)
 (0.87165928051586428,-0.02075725307230528)
 (1.5281570672500537,-0.3879808771017848)
 (0.43642610796155634,-0.039100268690246263)
 (0.520623074472923,-0.070024210386212926)
 (-0.21784163557335401,-0.024767415650576306)
 (1.5189085831927192,-0.48554885298577349)
 (-0.89550376391629127,0.18998123517546084)
 (-0.75992671826255997,0.13592292550429796)
 (0.741833413313853,0.3839329223414506)
 (-0.93742158263530817,-0.081740264706502072)
 (0.46793776531719194,0.45094961833120867)
 (-0.64032106004170419,-0.14252944587067315)
 (-1.4864160178779597,0.076044649515049773)
 (0.56616687547182043,0.38447876798263836)
 (1.1005845415801976,0.36144889485027831)
 (0.19265898959384931,0.087883627845095513)
 (-1.4329041305052712,0.56194891221807364)
 (1.0074149402024042,-0.12955828429155705)
 (0.41672386909661691,0.0093922595050277575)
 (-0.86080588698420535,0.11872435842152325)
 (0.89586162272060188,0.23659665435833513)
 (1.2351473822233425,-0.068014516962068644)
 (0.50888814818916672,0.056146191445269625)
 (-0.72113348814759304,-0.039075775184537767)
 (-1.0493108155311017,0.63485127780597661)
 (0.62340351806563332,-0.40337881623016802)
 (0.93557958055333168,-0.27238865210915503)
 (-1.4237734586212225,-0.5630547830099818)
 (0.75235342408266326,0.52658528249430292)
 (-1.0333488366263985,0.33161053107605931)
 (0.64641874287618695,-0.36577118704261125)
 (-1.6253579954997215,-0.2600971351968186)
 (-1.0368631404960358,-0.92514418103248841)
 (-0.99762652634691962,-0.15173047481116159)
 (-0.89074601424687372,0.078455735705045396)
 (-1.0228435466727359,0.045068919409532851)
 (0.48925855569770665,-0.5634490145859542)
 (-1.0245959827269888,0.31641421710468159)
 (-0.18037614097456678,0.0045441956621947235)
 (-0.45518272658060849,-0.17116569614844709)
 (1.7161852656374204,0.12189870118990928)
 (1.4172302388659193,-0.88562085205421548)
 (-0.8076791790486112,0.11183088640825867)
 (-0.7168812815853598,0.066820008446077869)
 (-1.2599311397648161,0.146398622433904)
 (-1.4720938511258836,-0.45821595977031654)
 (0.61877015254133771,-0.40081201561968616)
 (0.92750532182095169,-0.10891470456411249)
 (0.87330376997054548,-0.31017069324042795)
 (-1.1161270356562274,0.20336418128528896)
 (-0.56650074969119679,-0.085723362497856281)
 (-0.70099854309586063,-0.30926871286279989)
 (-1.2531674038485947,0.19346967510391688)
 (0.81208945451636649,-0.081337482309783049)
 (1.0061236884251967,0.045590046808088772)
 (-0.78581075683979806,-0.43191935512136531)
 (-0.78275321474517023,-0.50469791802105468)
 (-0.85825946307921896,0.26041080174312592)
 (0.023979385429398148,0.068011544528940163)
 (0.78645504979775316,0.43577433410885846)
 (0.94431034317583606,0.27270399714102422)
 (-0.65705637779358428,-0.052279879125957558)
 (0.80435811319595674,-0.22011145879309221)
 (1.2944623542043878,0.34897592151239604)
 (0.96277846263968747,-0.2855605536457444)
 (0.83231123406354335,0.18959506684523175)
 (-1.0401279013343765,-0.50546651388863706)
 (0.53431604256148235,0.17746212976709644)
 (0.97858951006062489,0.30668249292859984)
 (0.67545945708355981,0.3320037726932637)
 (-1.084429072687134,-0.30552533918201324)
 (-1.5769000189840405,0.46206813861619744)
 (0.76522973365149272,-0.10514129064865199)
 (1.1118652642606517,0.76910240326749879)
 (-0.92384860382168577,-0.032111030543470802)
 (-1.3033851766447655,-0.62376514052880327)
 (0.22347045767905305,0.54179342371068528)
 (0.3479872116510816,-0.39015624069589971)
 (-0.87871185682587882,-0.38232611292388646)
 (-0.91793335127782405,-0.33676549430430569)
 (-1.3199103652586168,-0.11578189302258945)
 (-0.8178575534651662,0.51794754188956482)
 (-0.47379352415190529,-0.10555714892869368)
 (0.48061240519683041,0.12769785579069892)
 (-0.4507472528517133,-0.1813607224158004)
 (0.84537899702045571,-0.53408219015873815)
 (-0.9461703262244413,0.34001463261569892)
 (0.9691064804156686,-0.10451153143989231)
 (0.64314482933539618,-0.10573331035431402)
 (-1.7505252506337596,0.24745667275517527)
 (0.80827828795799761,0.10913815875124018)
 (0.48822163171969551,-0.36432266945571506)
 (0.87274439017420047,0.014434543557909619)
 (0.96853715246895555,-0.37584807447308299)
 (-0.39842920032199447,0.52751904686216222)
 (0.5377568695355881,0.052551750667322497)
 (-0.72397999787712319,0.045177073011140691)
 (1.069048134514285,-0.35975457739853195)
 (-1.2797072767973514,-0.032490586213108241)
 (0.76432212999850913,-0.21417497967824944)
 (0.16434978428974545,0.28088825116824367)
 (-1.2922534368077931,-0.1479228613633442)
 (0.44555371427999663,-0.68268659085813177)
 (-1.0439301944290911,0.82456803158901271)
 (-0.92199432692125816,-0.042748940374470662)
 (-0.69875875814075317,-0.17417518825349268)
 (0.84834514735943722,-0.032686856981020522)
 (-0.90339233234635641,-0.22574705925426669)
 (0.90568546635353597,-0.34907395876180802)
 (1.1021903693665227,0.57782095258264587)
 (1.1047255391938928,0.039671216616895558)
 (1.1071412102113971,-0.6848383106232756)
 (-0.83237887983719705,-0.089060511279045879)
 (-0.55297535689560129,0.13255055878541366)
 (-1.0408860810368461,-0.34041109091922761)
 (0.7121604525232198,-0.49014240639111678)
 (-1.2110686645536204,-0.4052264357944636)
 (0.4763322925979126,-0.23019542510575366)
 (0.34735849729526869,0.18814432947919307)
 (0.87016068337392904,-0.24298838909122356)
 (-1.4701705284923621,0.10001893114509042)
 (-1.3046024856072889,0.24715726351750703)
 (-1.4852923122528079,-0.17142576865556136)
 (1.0914255173084848,-0.16610657876607518)
 (-1.1794249863262518,0.38778327606734087)
 (-1.1556941887383054,0.6155332103394342)
 (0.52541467809620046,0.085348891593366713)
 (-1.3125857912457004,-0.18039845236737698)
 (0.65968164004948382,0.25738054480713579)
 (1.468770324308788,0.087602925958181088)
 (-0.27058868887351128,-0.55997950295210841)
 (0.5682506545928544,-0.755534300446151)
 (0.90641946548917973,-0.3974823353163025)
 (0.26991173153623882,0.052213579324159647)
 (-1.1812513587096252,-0.062066730301115938)
 (-0.77329326345651728,-0.62135061255223523)
 (-0.66859627759539275,0.21696561975841641)
 (1.0259397113652455,-0.034146823483862859)
 (-0.96718408552671953,-0.1934156355109429)
 (-1.0274590837036717,0.11922499269336306)
 (0.97943129310768318,0.076236540474088565)
 (-0.2712763430352102,0.077350661457100386)
 (-1.4950506082332373,0.08671125811722262)
 (0.83815345427672194,-0.52905939289657378)
 (1.058265519955242,-0.69505931312402758)
 (-1.2800039439923836,-0.063560602116905521)
