# Created by Octave 8.4.0, Thu Dec 11 09:47:20 2025 IST <gamana@Samsung>
# name: rayl
# type: complex matrix
# rows: 2048
# columns: 1
 (-0.55085286530768629,0.25991956538890376)
 (0.97020779409833591,-0.18198531146127678)
 (-0.21071391646154183,1.0536450431858975)
 (0.21383956885663966,0.81166085584846348)
 (0.82821700816107147,0.091422697714263521)
 (0.20304921387964392,1.4435820177552849)
 (0.12836722533317596,-0.69542547167365187)
 (0.20231226832140176,0.76657220524453729)
 (-0.85054787362267936,0.76966430925468088)
 (0.64315357497075076,-0.82591611032919632)
 (0.60536510036398949,-0.29635510122665992)
 (0.66669727844844695,-0.50492668883756009)
 (0.73602068037285318,-0.22863977768871194)
 (-0.11495939845019995,0.69896868800144918)
 (1.4999304520754406,0.00265307474112943)
 (-0.58506326449626933,-0.11832180372539793)
 (-1.7064354678307034,0.55949322054596462)
 (0.14411651107748794,-0.24529108388401416)
 (-0.086437574915647034,-1.3609847815954483)
 (0.042403809175882733,-0.26729632085102262)
 (-1.1342595375444096,-0.99169266989603111)
 (-0.30596272274537617,1.6237873179101436)
 (-0.10274838193147855,-0.1023016309540421)
 (0.51649127432397612,-0.27603971074595385)
 (0.35893396317129317,-1.0553982131484823)
 (0.84190111036404391,0.34108823961871371)
 (0.88130260347691958,1.2419623266941058)
 (0.13982521938630374,0.63065263004675887)
 (-0.12763254092218401,-0.26861711093059781)
 (1.0770915281222826,-1.5969966899969497)
 (0.48577610605379534,0.29673298364621731)
 (0.51692007740673085,1.0595878020678247)
 (1.539734076590231,-0.44443930466254195)
 (0.85498968262458497,0.49399982738040704)
 (-0.71812423006459958,0.43856038239857381)
 (-0.28309109112914227,-1.1814996551051591)
 (-0.85485454055894061,0.66379656692691524)
 (0.037569828223743343,-0.98713106188378341)
 (0.7216988464223707,0.26946463404358895)
 (-0.2179799039739298,-1.0482602032127006)
 (0.11138550732396331,0.81407152361449564)
 (1.1414574755946001,-1.0090637895985881)
 (-0.74080141648187681,-0.5371046713436245)
 (0.1397311865482683,0.099869219856773342)
 (-0.64562057718119181,-0.37133691754647097)
 (0.19635016554657553,-0.60861865384275193)
 (-0.042974984771857724,-0.96968281782923549)
 (-1.1613560638867935,-0.32983410993061374)
 (-0.74493027585660854,0.71989883138276534)
 (0.67376554272857114,-0.052348654648482339)
 (-0.18098771203921646,0.0001473108448945228)
 (-0.064768754409492577,0.20549205217331584)
 (-0.97092807489968713,-0.74916237924726847)
 (-0.076069549276718398,-0.83657667678400793)
 (0.95809751482990824,-0.8875266995325467)
 (-0.28755990401041581,0.25331499539252589)
 (0.67834914208660346,0.05220425689043532)
 (-0.26028717132774598,-0.9613417966003015)
 (0.57462079314672188,0.47519557017738906)
 (1.0274743083729962,-2.5488562306590024)
 (-0.50085274500660626,0.28996302908585514)
 (-0.42544012825369648,-0.018185092325486991)
 (-1.4288188101164385,0.41325817347732896)
 (-0.34606949670815118,-0.20551011475671208)
 (-0.33171342461626396,-0.73933208182886323)
 (-0.15321977325982891,0.40538889250787496)
 (-0.68422181460656906,-0.72915884913619511)
 (-0.042502793116189666,-0.42592890569281205)
 (0.80501328214651258,1.0981249512443794)
 (-0.39693367398067902,0.61648336608788779)
 (0.37921196410029323,0.3364157446179919)
 (1.0286053748799373,-1.4472060140433494)
 (0.39682498532699662,0.71796953917219031)
 (0.60796653942093659,0.1106402332122286)
 (0.52152755606201928,-0.11441685553758268)
 (0.84443111736694509,0.27210714043164236)
 (0.54427332792085337,0.38668199448583912)
 (0.19495070141702336,0.094420910815885287)
 (-1.4868376929189158,-0.069231878300985164)
 (-0.43983616523177943,0.15922112145738751)
 (0.35466489686780039,0.87737604467919184)
 (-0.42308090020683686,0.34281708041667175)
 (-0.6146181555804594,-0.11300673810886858)
 (0.35119221282126417,0.50778209703094745)
 (0.01748668339241205,0.96267208660049919)
 (-0.34566275664743012,-0.34895712394587003)
 (-0.11917331642378233,1.076879376193685)
 (1.2637582801882521,-0.48853862039461055)
 (0.12829631841245509,-0.29251814031911494)
 (0.3556358527808855,-0.039434598921217902)
 (0.27155760229409776,-0.5011342020931675)
 (-1.5384890760620524,0.023361253790523069)
 (-0.28448355870384978,0.047564123992958181)
 (-0.85299515927272807,-0.043864206574654001)
 (1.562291173767709,-0.36903183581261811)
 (0.86333021961706258,-0.47381241149931053)
 (0.10804574910790178,-0.08238777550670949)
 (-0.64802805438720346,0.35510679838167358)
 (0.068729594337851918,0.65402147597156779)
 (0.51153344272143364,0.32257232974867411)
 (0.067158895357496876,-0.064201790712845444)
 (-0.68541120206982697,-0.21953802743602932)
 (-0.72188146422819632,1.2271723192038757)
 (0.067812385177378906,-1.8745876182178722)
 (-0.5944675261705048,-0.032512609903069409)
 (0.74906953948919386,-1.0930262365129948)
 (0.29181435614074969,0.56449590160762708)
 (-0.77174977975256065,-1.1208418676682586)
 (-0.63753055386691804,-0.62977392814083444)
 (-2.0520009285054788,0.10607589918217139)
 (0.026679379431901698,-0.42791330891001156)
 (0.70618727235493928,0.59116786111064223)
 (0.04843290507833202,-0.55616182496508593)
 (0.37234425293716078,-0.9175254409629654)
 (0.95973972999239421,-0.9001321910330512)
 (0.20049972737844934,-0.60445473724245857)
 (-0.4358704730285759,-0.5068184501635431)
 (-1.2110120375120017,0.9407591986905981)
 (1.5257773736478946,0.14912027663239202)
 (0.064969898046693578,0.45900421484611592)
 (1.5192086039650461,-0.38654107660700932)
 (0.25440493235240225,0.045206714496704298)
 (-0.26184049016794658,-0.60368596952541353)
 (1.1192850787112152,1.7181197440139642)
 (-0.7285450861321241,1.206359095928685)
 (0.15125027307248262,-1.2995541063571563)
 (-0.32665779940918377,0.71787001984414889)
 (-0.92053854345690644,1.2510434400287884)
 (0.61126361258697004,-1.1783752308333848)
 (0.26933133765801975,0.37146341616920692)
 (0.12170256913423969,-0.39967393955131902)
 (0.24008731346719275,0.22044111258157589)
 (-0.31975760479999271,-0.38724121165886377)
 (-0.19409170835051101,1.2642600831100581)
 (0.1311309043570662,0.095913707719509619)
 (-0.61439128301723422,-0.9077595203443638)
 (0.025926221391635421,0.40955163624567653)
 (0.29438458702113979,1.1670936878262452)
 (0.70509296037824409,0.44045603798337407)
 (-0.86695928235777819,-0.95430267805982405)
 (-1.1722105650374548,-1.3220366989244585)
 (-0.19096421679907333,-0.30919385585175163)
 (-1.1486713394038792,1.581936247654161)
 (-0.51645897257758377,0.057318736745849599)
 (-0.041505786071373188,-0.57892112404324869)
 (-0.40378801300072931,1.1552752302808409)
 (0.36543646204796704,0.11415078937647023)
 (-0.75016571388762521,-1.021676310302444)
 (-1.1936571931127571,0.49163137556212483)
 (-0.57053306200600518,-0.41358850840805428)
 (0.34206542127679329,-0.32651768970106004)
 (0.54404261416956123,0.30293476238122613)
 (1.1732620945916949,0.72859782182009059)
 (1.0176165198400231,0.96408491302587118)
 (0.37044499938744885,1.7340354745827147)
 (-0.19659349907780863,-0.17400399505742067)
 (-0.5983463787239589,-0.040551877758967514)
 (0.38934176255671632,1.0543019675016356)
 (0.97914888965867508,0.70493049172390176)
 (-0.1752755181336475,1.8503404931221494)
 (-0.29713356445770639,-0.17094745190589722)
 (0.048437983329990879,0.41415263193446089)
 (0.12226857791568212,0.014680062364787208)
 (0.19508167838571935,0.23665528477354938)
 (-0.45127206880258247,1.4608755184386126)
 (0.85626256780736421,1.0049508125487063)
 (0.095476292213733119,-1.0017644390328611)
 (-0.16319685807794407,-0.091978845279252472)
 (0.94464440613193246,1.0198101420480379)
 (0.37128132928573143,-0.68353672786239705)
 (-0.41084443060505127,1.211955410947908)
 (-0.86170292408962212,-1.8824594095536287)
 (-0.13110632201188963,0.58868739416521587)
 (0.83343310748338684,0.22577617799426439)
 (-0.89430707435396395,-1.2540441832574891)
 (1.03552493507331,-0.092530872351109197)
 (-0.86818159143427298,0.42671970378985413)
 (0.84227641269446007,-1.1258130908262236)
 (-1.4567373925022493,-0.31768262144410947)
 (-0.15372230541283169,0.58948134462281443)
