# Created by Octave 8.4.0, Thu Dec 11 09:47:20 2025 IST <gamana@Samsung>
# name: awgn20
# type: complex matrix
# rows: 2048
# columns: 1
 (0.96032658634287127,-0.15922487043082476)
 (-0.99821116261189469,0.054759984388485429)
 (-1.1056171334525109,0.060602675914314945)
 (0.89880237590956835,0.038148349288412917)
 (0.97428945164059622,0.018187446394430453)
 (0.95341651217107481,-0.03769774069379337)
 (-1.0425931109752058,-0.026590314884854846)
 (-1.0358567942325794,-0.055565962813721496)
 (1.089096160307004,0.0099778436936349343)
 (-1.0987405404211243,-0.11046765861602166)
 (0.96901171042031387,0.05042948391411467)
 (-0.97602334778468824,-0.093160315428957363)
 (0.93692005346352036,-0.092058545616201762)
 (-0.99798502892286767,0.050076575443917415)
 (-1.0052174731612318,-0.15101487002383251)
 (0.92410596504859932,-0.14679204042984909)
 (-1.0636796781326971,0.11737493112956976)
 (-1.0074442099643952,-0.11309815564100378)
 (1.0726907185358197,0.01668217498875155)
 (-0.99834536063427359,0.061330440012633908)
 (-0.94582021380993297,-0.023111062634176741)
 (-0.98687641752517452,-0.031841384605044619)
 (0.94419944617490259,0.1473197710868725)
 (-0.94608417516899823,0.0065870241464684887)
 (-1.038281733428845,0.040593826947937568)
 (1.0799348397205715,-0.039539406413842966)
 (-1.0517792226711922,-0.065166936079175383)
 (0.98973716733295458,0.014614885568937676)
 (-0.96575599347928132,0.030058047949933005)
 (-1.0639710295158424,0.058567367399841502)
 (1.0238922363196932,-0.20726922426450034)
 (1.0497176584496886,-0.086304419031951796)
 (0.90895249820013491,0.055755737449779831)
 (-0.93988381248617603,0.07154147684352738)
 (1.1003077746541718,-0.15885533629432483)
 (0.80284009019660296,0.041441686890967243)
 (1.0455615982030462,0.038710034744231958)
 (1.0839355600026255,0.014592879428957648)
 (-0.90804621573747102,-0.095246118104224786)
 (1.0257979675488329,-0.02347984022240171)
 (-1.0380383115773837,-0.08090106963152123)
 (0.89710941609534933,-0.033756186364849623)
 (1.0040970167438714,-0.040560390182638503)
 (-1.0675941260503483,0.12208127341634972)
 (0.98507811886285157,0.17360655260584973)
 (1.0235947197820074,0.23532464444076986)
 (1.0319376000557916,-0.13475629617735796)
 (0.88636853877439004,0.049946775861653275)
 (0.99665307576203377,-0.0039322150664229004)
 (-0.93326365568411618,-0.012542000616850544)
 (1.0429007028506405,-0.17154567373709698)
 (1.0533902720163197,0.13241224254622119)
 (0.90148087213574191,0.062267574004014406)
 (0.98681942539820011,0.038370995964233816)
 (-0.99432001408627557,-0.14426253958452046)
 (-1.0459070170067915,0.010978960140953084)
 (1.0624515015675959,0.04711092270121725)
 (0.91791382213220685,0.05328959889076821)
 (0.94546084933397534,0.046761767197970344)
 (-0.96760818758000899,-0.049821879224756137)
 (-0.92131922089087326,0.067886077089312713)
 (-1.1215820348826899,-0.011209592529641314)
 (-0.97319635748312816,-0.025193801208525886)
 (-1.0249722957281202,-0.088753904167052033)
 (1.0155435849210679,-0.0040877212963179718)
 (-0.90008961818652666,0.039345324299905671)
 (-0.83544494333544161,0.07099233355830753)
 (0.9758365045983951,-0.083371820588846013)
 (-1.0821807511150763,-0.10201177397144379)
 (-0.91767428507717286,-0.032101535722650544)
 (-0.89012774756559976,-0.053341830372778377)
 (1.0486095325200451,-0.038981699926118753)
 (0.98733206325393075,-0.034544557256880305)
 (-0.97996481617524589,0.045494562893077663)
 (-0.92432826328766382,-0.015187297055290644)
 (-0.86233268516564598,-0.015162683001599253)
 (1.0499731314047411,-0.040085198228058748)
 (0.97439275527279035,-0.13835172220538466)
 (-1.1040377227731071,0.029831814890237243)
 (-0.9949034311752023,0.050931828350214176)
 (-1.0364806761196346,-0.10695408016454165)
 (0.87417557350963215,-0.0044198425770859192)
 (0.98586260236139345,-0.048326825839914732)
 (-0.97622087125693946,0.13886040099441652)
 (-0.97272001623899484,-0.018813762360430961)
 (0.98949047098457865,0.031723772488996098)
 (0.99964595817724244,-0.049771674843402558)
 (-1.0001236814455079,0.021612319328508559)
 (1.0128250391968991,-0.10146005336754108)
 (-0.90866369984931572,-0.087003834992939386)
 (0.98554219087643335,0.071614187803067789)
 (-0.98561336358928719,0.11286173263851938)
 (1.1545568853632799,0.038003574707745014)
 (0.93970207257132465,-0.037659106009852575)
 (-0.99399922188176537,-0.036259408711333714)
 (0.84559269625875166,0.087923988370336048)
 (-0.96072243909211164,0.037667263358444669)
 (1.052579653937828,0.097363635379441552)
 (-0.99559222154816529,-0.037321450328013865)
 (-0.98923039679846148,-0.047687398723871878)
 (-1.1149456118099812,-0.13547007708230921)
 (0.95033222677610052,-0.043665659492761966)
 (-1.031278935466696,0.16339991787033881)
 (1.1320630079275493,0.050231067466695159)
 (0.98839628175696492,0.14975664909601014)
 (-0.97126255985593712,-0.051442871041969457)
 (1.0229600177064531,0.071144520034745903)
 (0.94872999573834893,-0.012468589194384387)
 (-0.99131351813497381,0.12027125597026185)
 (0.94287920835314809,-0.073846597717475398)
 (0.89816596071501742,-0.072066153257464988)
 (-0.96586150782531321,-0.069951650104894861)
 (1.157522495544473,0.077986365315128217)
 (1.0390230183727114,-0.050710471747678315)
 (0.98696892124077729,0.011836508003398888)
 (-1.0348318968537025,0.061155102714661895)
 (-0.95261192628396196,0.095358201669455508)
 (-0.9322254910923764,0.05562909196922769)
 (1.0083722695956858,-0.087529603105354667)
 (1.0575228358396507,0.098911765185950073)
 (1.0662310381774254,0.053931193791857672)
 (-0.95281492512496846,0.0066189088418186675)
 (-0.94408244613344316,0.050402558112923816)
 (0.99426129970648225,0.05256589812817556)
 (0.9878723922511643,0.046419585294514822)
 (-1.078066005561146,0.10855431809536614)
 (1.1075014304758035,0.00022852389060479714)
 (-0.91213653922481708,-0.053204462744868099)
 (0.98167152231157861,0.0097033541096910696)
 (0.99599308058699132,-0.047917310154895629)
 (-1.0218391186253657,-0.030594411524533727)
 (-0.95322352685596923,-0.1227159764518629)
 (1.0204532560719399,0.036611437537657186)
 (-1.0308630877039742,0.0072449962361660044)
 (-0.93831031547233845,0.021393896850450653)
 (0.86485093223919352,0.031562753456042633)
 (0.97264769495744863,0.10410056030732567)
 (0.95687572074987148,0.073243538022801633)
 (-0.94356668300924706,0.096641059067262836)
 (-1.0556238064361743,-0.034418892893023287)
 (1.0224122111452789,-0.083556021255813712)
 (1.0065534794059614,-0.10748368782064358)
 (-0.98605249166070452,0.089147179793299891)
 (0.97846273698606923,-0.024171948927149373)
 (-1.0264284973136086,0.077529603198484176)
 (1.0100074503368519,-0.023360831381452302)
 (-0.90133807753684758,-0.050544642282609624)
 (-1.0533224756102171,0.0089641696072405401)
 (1.1470053414307173,0.0027892239608060324)
 (-1.0033961812507797,-0.075197939782203557)
 (1.0252888799234132,0.054487175440405461)
 (1.0998899120050507,0.056947689337432432)
 (0.92939479287581639,0.0006433534627666845)
 (-0.99601683985232181,-0.012055383181702215)
 (1.0059761930651323,-0.016463648684802594)
 (0.87265833837434525,0.052133534434028378)
 (1.0140081127151506,0.11909389291870021)
 (0.97532320583000987,0.078900190323506161)
 (1.0589547150287681,-0.039918618488284471)
 (-1.0049415149382424,-0.14238315583750782)
 (-0.94860476578885211,0.020547749268539667)
 (1.0911623130860819,-0.021535555127446003)
 (0.96402930024320632,0.090306976872090994)
 (1.0187298083213734,-0.038373561704126369)
 (1.0653875821135426,0.054996821489408404)
 (-0.93414858254131661,0.031676008551089069)
 (-0.94219052319808383,0.048985583608891513)
 (-1.0235528151808171,0.028967353857492568)
 (0.9723662711960982,0.00040432930314514276)
 (0.89960381841631454,-0.057251329235163351)
 (1.0354534767622638,-0.0028402087681990446)
 (0.97024047943520242,-0.085808463275402966)
 (0.98011301459833122,-0.10008762861656438)
 (-1.0869116068634579,0.054541567367949323)
 (-0.88577862083767989,0.029284024479634324)
 (0.93147628493733492,-0.098928163637876862)
 (-0.91526526065510572,0.0033619457370875645)
