# Created by Octave 8.4.0, Thu Dec 11 09:47:21 2025 IST <gamana@Samsung>
# name: rician
# type: complex matrix
# rows: 2048
# columns: 1
 (0.68383277432301826,-0.46919232619212781)
 (1.1255319240578272,-0.32892712235695815)
 (1.2450583072369568,0.25431740717421886)
 (0.70769207426866965,0.71226817407674781)
 (0.56698192181537466,0.16401094591721962)
 (-0.94014343933947164,-0.024701699288399961)
 (-0.48143530284416758,-0.48002330720205644)
 (1.3014847530171334,-0.093043952500765775)
 (-1.1091126201214219,0.34550631343974736)
 (-0.91610370252518747,-0.061785953365396322)
 (-1.3166143610281846,0.79157362185377322)
 (-0.35054264357722242,0.88517203821382062)
 (1.2758576511833615,0.55863558905434929)
 (-0.63766575812987103,0.3075791871956895)
 (1.0682757520244803,-0.23276475981180383)
 (0.57034980437782923,0.32433306355989999)
 (1.4757506066629928,0.56735882010131244)
 (-1.3558385055036237,0.42435995506365282)
 (-1.2167641017862578,-0.5761837633987491)
 (-1.3864987141772187,-0.082701115124306751)
 (0.96805755499757451,-0.20030588577519243)
 (1.1052648349310217,0.346089812190715)
 (1.1036310673027532,0.41894631672069049)
 (0.85112731981000633,-0.3600403178684432)
 (-0.78893730046229249,0.11752691272871289)
 (-0.41136540461825238,-0.40092267513047758)
 (-1.4112154155858549,-0.15349887708781967)
 (-1.1326142512360247,0.44590718615546365)
 (-0.86818207415384496,-0.26306970676522801)
 (0.26116704021137593,0.39715083554941288)
 (0.97069800461115574,0.0010938417122811936)
 (-1.0134363958035972,0.42484405698221667)
 (1.1283888330899357,0.35382646211315799)
 (-0.55221701621196373,0.0847182783508688)
 (0.99939181371107022,-0.62873484841353422)
 (-1.4579731560741533,0.0079573794331472582)
 (-0.66966044090444887,0.24140188405303856)
 (0.94574961125494494,-0.035510621306463146)
 (-0.45195869436024172,-0.36211683892948648)
 (0.70529316334471459,0.20126439627261292)
 (0.50688979483809471,0.33854312784949164)
 (1.0707619142276319,-0.20222782202691666)
 (-1.140480751171264,0.2723236675136354)
 (-0.87122043241139335,0.99676885300480322)
 (-0.72068501329173051,0.13171469399919994)
 (-1.1095026333248037,0.43138441463582605)
 (0.84992363531775783,-0.020489586467095078)
 (0.98072091562210273,-0.18317418985400971)
 (0.49653592989587836,0.16564333348394991)
 (-0.38242673504275165,-0.12966302479591707)
 (0.70680711815196862,0.16062427738658483)
 (-0.36539412158503071,-0.34471986186682141)
 (-0.89857972794770824,0.24471069635496992)
 (0.59255485434128907,-0.68898323233876435)
 (-0.80778216585132934,-0.36839649084846632)
 (-0.94580474980845219,-0.028114074406577694)
 (-1.5294770870007302,0.17885086568412756)
 (0.4982389395637441,0.26146136197613151)
 (1.1835562978193348,-0.074441146097375704)
 (-1.5516687083332921,-0.061381460713187473)
 (1.1668253361651679,0.27676123354232518)
 (-0.27405553820030237,0.31174274324339163)
 (-1.712481858182886,0.074042137010749173)
 (1.2874909338104346,-0.48257299896472095)
 (0.74640074153402092,-0.1827741647365623)
 (1.1395231501500578,-0.44010994188842995)
 (-1.1366058759422817,0.071580604925249619)
 (1.0272358836958029,0.026216291867327636)
 (-0.73921400061590936,-0.23931228843551958)
 (-0.80458016470966853,0.023633463881113145)
 (0.20233910191380311,-0.66252112963312992)
 (1.0433304471082949,-0.55216668187684426)
 (-0.5157470065560259,0.097145797986650698)
 (1.1742358593591673,-0.36043819985817832)
 (0.63560557618021263,0.12427325071700902)
 (-1.2185707090774813,-0.54270789566088273)
 (0.92434630513175264,-0.42838253137518589)
 (-1.316721345698262,0.17875999165349243)
 (-1.0749457847940616,0.46292576450927253)
 (1.1029600079171802,0.50918316321215806)
 (-0.62404545083301899,-0.54461331573980498)
 (-0.68689942901787848,0.053506008877058864)
 (0.51834016180138609,-0.058326175389099635)
 (-0.81862824501023124,-0.079803436624348995)
 (-0.51279158080786202,-0.39842474732825828)
 (1.6419106901505174,0.39206823106197641)
 (0.94527453986936727,0.11995581241500598)
 (1.3356021344907152,0.086333338594516487)
 (0.62838755672744617,0.40166782316575078)
 (-0.7005825701773305,0.094201905841513542)
 (1.4413963849192042,0.3400880911275227)
 (1.1882380657189517,-0.024512106494629135)
 (1.1056068287878527,0.027253573639923902)
 (-1.3547442550712911,0.40181524580605749)
 (0.4848934474970294,0.087286992517253734)
 (-1.1497141014533585,-0.026322727903844392)
 (-1.153639844552518,-0.44926346089026703)
 (-0.69928140889391788,-0.22592774703180948)
 (0.51732319059951881,-0.3023021116074705)
 (-0.92388734175292953,-0.57404539287829448)
 (1.3380091905899283,-0.256125914658897)
 (0.79320932030592584,0.67596319209940814)
 (0.90068604760017978,-0.75986729475153603)
 (0.26507778082418887,0.4360323229954548)
 (0.045563627980575783,0.47954199410144827)
 (-0.82338349783878151,-0.19169935116902898)
 (0.87480166789321168,-0.086786388870831094)
 (0.91486274222965414,-0.026740538794374186)
 (-1.1459852018032513,0.29180472811337321)
 (-0.61606645971579233,-0.28354322918641006)
 (1.5014728123464833,-0.49388538931413883)
 (0.91926132301000052,-0.053466368938101666)
 (-0.28881796240664237,-0.071215245731829954)
 (-0.45272833614274166,-0.38511504821686926)
 (-1.1102058331031079,0.12955455377541408)
 (-0.37304473736609461,0.084114215022283834)
 (-0.825845032895964,-0.037101208828352585)
 (1.0223230734714273,-0.13839480935093795)
 (-0.77966535264675796,0.70185063297031636)
 (-1.4021264775937512,0.13448927446732376)
 (0.7823609308323537,-0.31668424209905888)
 (0.26591938307386165,-0.16281842645118588)
 (0.98438978258203036,-0.14173372211091476)
 (0.70381407223969017,-0.34318675622540079)
 (0.65528044133263885,-0.095257600435228199)
 (0.63482902471530744,1.0460397797450633)
 (0.70140074522599827,0.21027466549466051)
 (-0.51248859155399185,0.36367487522850317)
 (1.349120953188754,-0.51018971357586373)
 (-0.68924861593731812,0.53376826352596207)
 (-1.3120749107495855,-0.34283673979639112)
 (-1.0396666003153876,0.47436639315718054)
 (-1.2907380834283779,-0.028222967443718574)
 (-1.5810558325744828,0.37257128486220514)
 (0.86212469114530266,0.20265038098940802)
 (0.91701270897618559,-0.51804183012815619)
 (1.250174827013756,-0.45660209917427663)
 (-0.40084290846560988,0.23076615548437984)
 (0.88459484091219642,-0.13049573438092671)
 (-0.77393168257230849,0.42509411678149545)
 (0.43862324728862279,0.10864454750910853)
 (0.96793171224690577,0.23667003920224786)
 (-0.81836822250859032,-0.084469696891956381)
 (-0.9382918591937961,-0.59672499816344848)
 (-0.8805515031214326,0.055324384138324835)
 (-0.89930760024114753,-0.47621746390469261)
 (-1.0593728560961959,0.014606148854306493)
 (-0.53360576588234432,0.027039938453308328)
 (-1.0918947189013113,-0.015767290722883562)
 (0.85124079671215125,0.42414297205984569)
 (-1.0540909004397039,0.37627571753820038)
 (-0.84112020677592902,0.28467975647698662)
 (1.044109843864937,-0.29603251465518754)
 (0.067453286558078362,0.069826533358659501)
 (-0.94070503200036559,0.074868868253528897)
 (0.4794992528165043,0.42390880643974804)
 (-1.0974425445215201,-0.55271318960704108)
 (1.3843540918977144,0.23106455663201936)
 (-0.89658355394161326,0.29106721032415378)
 (-0.3860255458266349,-0.70582842155377168)
 (1.0283807024144414,0.79716549563383787)
 (-0.79989864774140773,-0.41718744507398986)
 (1.3697572363774775,0.090793760849561547)
 (0.72604728406140739,0.1403467017273535)
 (-0.93682307801807185,-0.29269564838457718)
 (1.3898015618196999,0.14971981262627418)
 (1.1100421977382138,0.55705052547740053)
 (1.423269649928864,0.5721998003920864)
 (-1.032357840920584,-0.0022718229069719396)
 (-0.54678632323497622,-0.08180168513511038)
 (0.77581892413031461,0.067573172735700945)
 (0.86387028314514225,-0.010784131129393183)
 (0.86388581655292895,-0.020915617888606564)
 (-0.7927228467583054,-0.058445273435216695)
 (-0.45736240508889164,0.21206518575775704)
 (-0.5247646780856916,-0.46514108109910884)
 (-0.95232059882249809,0.38479579222030413)
 (0.51675547599689509,0.17685890670319637)
 (0.54382754798726374,0.037009513085811248)
 (0.99589641486638703,0.24331616239679671)
