# Created by Octave 8.4.0, Thu Dec 11 09:47:21 2025 IST <gamana@Samsung>
# name: rician
# type: complex matrix
# rows: 2048
# columns: 1
 (-0.3981081618131273,0.26303070864650235)
 (-0.89028754159642143,0.11503236384999636)
 (0.75321850327870354,-0.080907339675090242)
 (1.097597178513988,0.64227624118045767)
 (-0.53377850210473887,-0.0018173840487555105)
 (-0.62401955804494669,-0.18901059627172162)
 (-1.2345210508734825,0.44306921724056836)
 (-1.3032428964290945,-0.35592691773618407)
 (0.44846965479256828,0.17067346567810546)
 (-0.67413834520484317,-0.48700610047508364)
 (-0.3980451759132852,-0.081134876961694288)
 (-0.93655842446609949,0.22165222323973693)
 (1.2207392357701152,0.094798675154636872)
 (0.72603570397556538,-0.090562247505514129)
 (1.0086005307299557,0.16536485229799125)
 (0.87157399624704712,0.30767239538559976)
 (1.064760292326842,-0.6538711615013183)
 (-1.0697996728195729,0.27016331931355514)
 (-0.48860026430007997,-0.29865434474101404)
 (1.1141739198306473,-0.619219971408286)
 (0.4530856130359347,0.29639950088611439)
 (-0.53126429871876901,0.62492421526135311)
 (0.69098816308446565,-0.13172730449735762)
 (-1.4590684871607928,0.15064511060579319)
 (-0.24673236323777703,-0.34886502496753724)
 (0.90037215440681917,0.29999702786035382)
 (0.45587312330238783,0.37384076853050591)
 (-1.3019046768303726,-0.7575748395932278)
 (0.43708786607446665,0.51691851348593043)
 (-0.66417314803506,0.33496573895470022)
 (-0.40409094184191885,0.036226849895718206)
 (-0.94709714824328395,-0.101882655751396)
 (1.425489552753018,-0.25796155861659287)
 (-0.40722814116286038,0.24914851651927558)
 (0.14073200138373398,0.23339335165397396)
 (0.60843418911987568,-0.25418324718143953)
 (0.77738789227096361,-0.090902306019325266)
 (0.33639410966660122,-0.11294006522403953)
 (-0.46640307634014266,-0.16091431340288603)
 (-0.62874154129966053,-0.12935238944631849)
 (-0.35845398500370806,-0.68473215488835282)
 (0.88147849128378841,-0.046498187073894588)
 (-1.4280075551066798,-0.14110754883752624)
 (0.98571891058553318,-0.64475446482027343)
 (1.09925307312544,-0.051828826261417646)
 (-0.68372424555187217,0.26522212623772523)
 (-0.83276936387493905,0.24599633952282601)
 (0.8972213245793238,-0.27431558113957871)
 (-0.99754073436170576,0.41974374626272842)
 (-0.55923740360502294,-0.31161454565369545)
 (-0.672575039221738,-0.098717476954074304)
 (-0.02236960106894692,-0.12810648692519255)
 (0.93076182779615624,0.16117368007215715)
 (-0.66410994702663939,-0.20447245647609549)
 (-0.82994200851210165,0.26427838198260689)
 (-0.20830314356452784,0.16074646527193073)
 (0.47701717969857105,0.42390724697641713)
 (1.1189118051517053,0.100204408318235)
 (-0.98399047708538367,0.30691397162131162)
 (-0.41686978986324114,-0.032587181765531797)
 (1.3222810500059941,-0.011067496070331268)
 (0.44231029377699799,0.093868398853778554)
 (0.3699690333067791,0.5079068768367434)
 (0.7965374213122568,-0.20056596394499504)
 (0.12189349423413376,-0.049474119028733388)
 (-1.2332985227818116,-0.039274794190173087)
 (-0.87596944771763785,-0.52628736581148505)
 (-0.73663910132880006,-0.36056097302136314)
 (-1.2817801057219582,-0.28599831078214411)
 (0.79545074590159515,-0.34802719635666846)
 (0.97027262464507869,0.46151215399273354)
 (-1.073091038286097,-0.45633645702176628)
 (-1.4918381374669074,0.42552274673747537)
 (1.3649636913661995,0.34453875348710961)
 (0.30451242419306157,-0.83909500348831512)
 (0.38829850067805233,-0.46853874866464273)
 (-1.2115252518090471,0.22188181217034178)
 (-1.0758817387725059,-0.44541049336066624)
 (1.1845965946885326,-0.33146233917237028)
 (-0.35341486608652239,-0.65836813477319911)
 (-0.46218624072058967,0.2495539096400187)
 (-0.61613474323824902,-0.25708776756543816)
 (0.9137053135809633,-0.21560787765235659)
 (-1.3665517314936162,0.48994322731634987)
 (0.57608225845396743,0.30220707640664274)
 (0.9570882897290689,-0.027247610956966931)
 (0.3940344723078088,0.45031475183940495)
 (-0.77505381202116841,0.12759883067705144)
 (-0.8350587098143456,-0.30051020478578172)
 (-1.058583983576993,0.52044234506733178)
 (-0.39566140977895264,0.0043767230210694005)
 (-0.91269676537836308,0.013216412429973604)
 (-1.1081911838729552,-0.16459744381328895)
 (0.64021284412073953,0.27021702290918426)
 (-0.37862569936903195,0.014156330371364913)
 (-0.45618704501850521,0.22559965399988699)
 (-0.79068152260568625,0.80027611640694918)
 (0.69950497073544138,-0.69422303651990602)
 (1.2303733075439969,-0.52221556297205296)
 (0.73861997242515987,0.3304917218738545)
 (-1.1310069692579872,0.57159339962783584)
 (-0.4120775561074384,-0.050146746048290038)
 (0.51930666406787374,0.15829289706971555)
 (-0.68273456949381883,0.48481795057322269)
 (1.2224017879246858,0.16815540276695581)
 (-0.35765122434167085,-0.61239698590292269)
 (1.3225641495539511,-0.31875346197261728)
 (1.6393890357798728,0.3170214403848135)
 (-0.50983329782999176,-0.017992722429599206)
 (1.7561923864130333,0.048547632646782517)
 (1.0638867761682045,-0.05319600482908525)
 (0.40762185799685935,0.76242802225688666)
 (0.85877977940348071,0.18117749938098168)
 (0.91555926463228965,0.40740390123628534)
 (1.4913580310281116,0.42519114569971495)
 (1.2757157289437941,-0.26769745905804287)
 (-1.1101233689037244,0.6898205037997428)
 (-0.97900686198520614,-0.43770124555351431)
 (1.2617388750241467,-0.028474643955743426)
 (-1.2546644222274037,0.57819232932519915)
 (0.52790440599463762,0.021079245535106081)
 (-0.69506433183332683,0.2797088324410521)
 (-1.2271654059472019,-0.067299402858734522)
 (1.0935516728462544,-0.089837786239383599)
 (1.5146041350290216,-0.10664862353412161)
 (0.35580601048156846,0.11182037160224159)
 (0.55730624155221542,-0.27774852033645558)
 (-0.69809096384949887,-0.59165383392113946)
 (-0.3852585323169021,0.62847144577442038)
 (0.9818930202208348,0.6710245119542424)
 (-0.64797473434931097,0.42634216806344838)
 (-0.93848530257234963,-0.2520855061769901)
 (-0.85443482849756547,-0.48141893988346918)
 (-0.43648272525462772,-0.25147385480290435)
 (-1.3597806459119675,0.033615112865864605)
 (0.069575284071523691,-0.17579742230081111)
 (1.2610395623240596,-0.3373266918696442)
 (-1.3028614933011695,-0.1460208495189973)
 (-0.72259397141358805,0.19651226059770593)
 (-1.0057893963632896,-0.77639568600147824)
 (0.87121304691276047,0.70397441088509549)
 (0.80913570098954446,0.23819096073415974)
 (-0.89403050871162171,-0.10719877895594139)
 (-0.61756948556608049,-0.54554906575771966)
 (0.45528264390188916,0.32708433405435156)
 (-0.93658552210765955,-0.10412484516808614)
 (0.69102907797314128,-0.079760838250276439)
 (-0.5195695134031515,0.24300445934659451)
 (0.50789042179203636,0.022708186811005313)
 (1.3373264352659961,-0.31899116313335146)
 (-0.36322656455084512,-0.37665138283885857)
 (-0.47913343397832842,-0.18958269210712533)
 (-1.2491656083547917,0.4969523683677009)
 (-1.0680772201885818,0.60891054234886177)
 (-0.70458567290536955,0.2822429398164924)
 (0.38691708834980737,0.1874787705052664)
 (-1.2089610254400862,0.30285879825712625)
 (1.2910970852694519,0.60414828999303827)
 (-1.2617573302242331,-0.074244588110612644)
 (0.96253319778213231,0.11271225147477881)
 (0.55700183259293712,-0.22193134607942386)
 (-1.0877761075757886,-0.49140183763452944)
 (-0.64787215497063577,0.042982217446315467)
 (-0.6324246040222512,-0.080916066974224973)
 (0.91868269766723121,-0.11359451698507511)
 (1.0205079640193302,0.38375358216280409)
 (1.2058980135185839,-0.068003929666276206)
 (-0.41375102774026473,0.012108735480925508)
 (1.4538537500646507,-0.2274713561666343)
 (-1.0901344218299576,-0.99232514499187652)
 (-1.0551966136824522,0.37625324494556678)
 (1.3133228313476049,-0.20593673016573405)
 (-1.0917054562242627,-0.91745220438526165)
 (-0.9658704505995116,-0.18158463972701813)
 (-1.2369581311740492,-0.46588563215642592)
 (0.63646198260782916,-0.17831828596276517)
 (-0.99128533483122683,-0.1752509542355456)
 (-0.7975165992975255,-0.43125134333221643)
 (1.2357323247832768,0.025977436191638635)
 (-0.82437878374053297,-0.72824056804055459)
