# Created by Octave 8.4.0, Thu Dec 11 09:47:20 2025 IST <gamana@Samsung>
# name: awgn20
# type: complex matrix
# rows: 2048
# columns: 1
 (0.94309765826400727,0.014712682238530518)
 (-0.98860328099619055,0.15103057553867671)
 (-1.0188042828307018,-0.067235022246621423)
 (0.95375013548113363,0.07728154532679854)
 (-1.009932318459509,-0.078899842768511377)
 (1.1115067137987458,-0.011203678732451802)
 (-0.94431245530492569,-0.048791357394495499)
 (1.0949235806166291,0.025662779528347793)
 (-1.1686279970649533,0.1383987405673745)
 (0.93802165624161815,-0.060473285371013374)
 (-1.0960121004101504,0.0070068187804811222)
 (-0.92327482082876111,-0.028016478860838457)
 (0.9774819958399994,0.080035568752577904)
 (-1.0793996110731365,0.059002459500031947)
 (-1.1314139241795043,0.10404631502273626)
 (-0.91889780640864605,-0.0092119319951776517)
 (0.97374662541445201,-0.006877930045367831)
 (1.0249094556358795,-0.04404559595968599)
 (-1.163150749848606,-0.053043721021828388)
 (0.99478125567733044,-0.094631777438870968)
 (0.95163432712715101,0.027853020590832164)
 (-0.8955768810223298,-0.090133668662916791)
 (1.057247298605144,-0.065227430030099037)
 (1.0666124527830776,-0.0048943146500994468)
 (1.0523669180252144,-0.056350895497157952)
 (0.97972096409702647,-0.029968021487214998)
 (-1.029307691837489,0.036636586994552078)
 (-1.1384619918730927,-0.069459175970332604)
 (0.84917438731401329,0.031156871428848727)
 (-1.1020487179649043,0.035053532972720326)
 (-1.0563929372457277,0.0047556459327154302)
 (-0.93721563860114854,0.013016420054451076)
 (1.04343316852612,0.0018529095485228901)
 (-0.94501791695939974,0.0028665806673592292)
 (0.93438840540366475,0.11728477238898578)
 (1.0469421197782758,-0.0042841972583456669)
 (0.98223979702640418,0.029418557394195102)
 (-0.89712607353994667,0.047981512598040323)
 (-1.038370239701558,-0.046507535795877603)
 (-1.120582194931919,0.10488719621132366)
 (0.90540932694864595,-0.063662270190882775)
 (0.98939434087841194,-0.18333665859608908)
 (1.0600359266385806,0.080634145653329825)
 (-1.0278639287821132,-0.15469418687733655)
 (-1.1026306101038641,0.0039095270956178768)
 (-0.95260623112995613,-0.030051124734883774)
 (1.0123485283133979,-0.092239388120839344)
 (-1.0453753327856861,-0.058268785589558419)
 (-0.98594830343700723,0.028341231782828314)
 (1.0527202581920154,0.046535203521295802)
 (1.0692847850028588,0.07570213195236658)
 (1.0703969818123127,-0.015099643200657837)
 (1.0473197406476897,0.11318721754942318)
 (1.0909678620789445,0.030538157602146673)
 (0.96411501016489665,-0.045722133236964765)
 (-1.0360180957237959,-0.086272564163198895)
 (0.92531314063113035,0.087873965133966558)
 (0.98986144207830629,0.020056422009743523)
 (1.0113578398699319,0.089801030825227376)
 (-1.1001050554904235,0.077301818219536134)
 (0.97485557117420296,0.043607652864377157)
 (1.0378924761922921,0.069108249528603088)
 (1.0126181256078319,-0.05050139074216875)
 (-0.97393709127359274,-0.07902520043510472)
 (0.94295721192547211,-0.064051402318798342)
 (0.95419555509421661,0.08306838721387616)
 (1.0561235293891809,-0.13252798113644626)
 (1.0075314590316131,-0.13462191756632827)
 (-1.0863944807515524,0.12713650326573689)
 (1.074196138357945,0.077764881590881574)
 (-1.061716779287581,0.067658970554930226)
 (-1.1767034474022318,-0.10393009519117957)
 (0.90623007262137856,0.032267632235010675)
 (-0.94910817536560499,0.16683315247949021)
 (0.90870935847027545,-0.082795205315082152)
 (1.0056590482424634,-0.035251862346084233)
 (-0.97144086543995778,0.031850104713287183)
 (0.96618791896758849,0.11194628821218494)
 (-1.0387031411054217,0.087153365316890996)
 (1.0850660661074982,0.013949090804073262)
 (0.93532609107559772,-0.012302150847001441)
 (1.0438287247567211,-0.033846039849928691)
 (0.970441155025902,0.024598485392436142)
 (-0.97870164149455441,-0.041207766765797751)
 (1.1146078587373727,0.0065029526768187644)
 (-0.97386027107356654,0.06822089383770312)
 (-0.81430105232972916,-0.22016908834724083)
 (1.1396140560264876,-0.003266413868107867)
 (-0.99407894834645516,-0.087363216481839978)
 (0.94424502384344411,0.087718768420252752)
 (0.97125997614746462,-0.056941121650312149)
 (-1.0479441367806963,0.043536967622121087)
 (-0.95613899746322883,0.0044805860320309612)
 (-0.91758944621730198,0.082292134199776337)
 (1.0096017111208961,-0.079016398468069196)
 (1.0198585586807865,0.016640961582424497)
 (-1.0469813172861617,0.14325696839261953)
 (-0.99097418292595529,-0.00071535242564975377)
 (-1.1193628106281179,-0.074593115123944786)
 (-1.046108119961161,0.014542532724698626)
 (1.0433427789611824,0.038943904158435162)
 (-1.0156199597076563,0.07639666872991073)
 (0.96219928242134789,0.067873698082715581)
 (-1.0619113844299228,-0.0028402967865972534)
 (0.92596322370557971,-0.05013039031046105)
 (-1.0549202616621494,-0.08033360542232075)
 (0.97057973778033269,-0.0085244603450029075)
 (1.0241555841643659,0.066218600253160495)
 (-0.98695112282676711,-0.11114596447557142)
 (0.99426878965708021,0.11201188357548696)
 (0.96162207086567975,-0.020675768526821372)
 (-0.99758137162596039,0.059836607344682435)
 (0.94747621457973707,-0.038133484610353596)
 (-0.86316807708980203,-0.13434121153620962)
 (-1.0664259745464013,-0.014936639208220788)
 (1.0740788089822402,0.019261310671499877)
 (-1.1419200025223806,-0.016832752082593508)
 (1.0094509331887065,0.051674420016708793)
 (1.0079631180602879,-0.074412852339302546)
 (-1.1330199175018136,-0.032603758429711548)
 (-1.1070539102943948,0.090497008624767672)
 (1.0846635216633405,0.045030312311591457)
 (-0.959137665454316,0.039346759624164854)
 (-0.94869348065681147,0.073416331776212748)
 (0.98988121321424838,0.020938596070501071)
 (-1.0610885831603445,-0.075699560627700252)
 (0.89620850660133178,-0.12139891388252562)
 (-0.94709214902024874,0.076935953151987896)
 (0.98900138103660029,0.082222352442076152)
 (0.88327884722736427,0.063518650328557788)
 (1.0754223062375448,0.030662921608263546)
 (1.0258389718417669,0.01402910514741792)
 (-1.0402878419480694,0.022626884104529961)
 (-1.0275932212256651,-0.019419204854705982)
 (0.99405472895767588,-0.052045563806795384)
 (-1.093519545921485,0.029133751086843303)
 (-0.98643371923593604,0.011384749582443052)
 (-0.92214939536364404,0.045223393452652555)
 (0.86959798952526801,0.079120908883518318)
 (0.91999841416066797,0.094368466885573932)
 (1.0733861175618233,0.0011571362028626093)
 (0.97884055896981492,0.019863865149635496)
 (0.97022533854721016,0.045696973951509678)
 (-1.1223298777609738,-0.0046237540121788524)
 (0.88664639650191412,0.014236392505003616)
 (-0.90478886211877163,-0.10835895806089751)
 (-0.93004572020632403,-0.028840157427442861)
 (-0.92480975589334191,0.068623446390065679)
 (0.93892070557695895,0.055784737527191021)
 (-0.85968609622636893,0.032471798639281665)
 (0.91027996864723282,0.083511265179555677)
 (-0.98258460258138502,-0.008194971472926119)
 (-1.0998230006028382,0.034943353802699181)
 (1.0514986004234106,0.031374260282668452)
 (0.99140129806409205,-0.022217255544736199)
 (0.86213182127034393,0.057843894867268798)
 (1.0090053151556457,0.041654114848830831)
 (0.97008977543338726,-0.10267307875181614)
 (1.010716017686601,-0.043061588197633477)
 (-1.1100393250269414,0.027212339628433738)
 (1.0052010265485829,0.054065998708488917)
 (1.1072344867122428,-0.037205775287942125)
 (-1.0042570922476175,0.040808159492804467)
 (-1.0111635214296339,0.022505811878507014)
 (1.1195771572405804,-0.039201015285369234)
 (0.94492548298747225,-0.042085940749762657)
 (1.0242722027205562,-0.064519166692394783)
 (-1.0608415445803263,-0.06813925468207048)
 (-1.0081488990364313,-0.13859654189947221)
 (-0.99533885928563659,0.085403251045758216)
 (1.0233327889314481,0.029516750062548565)
 (0.86974876594320516,-0.17874838097300424)
 (-0.9652864241975242,-0.049414759635578231)
 (0.99334200141887452,-0.1038800363438403)
 (-1.0934224912312254,0.0081310142282512658)
 (-0.98702364156814637,-0.0061872683446654309)
 (-0.96194860287648432,0.064106827066518643)
 (1.0170802754058679,-0.033054738903121564)
