# Created by Octave 8.4.0, Thu Dec 11 09:47:21 2025 IST <gamana@Samsung>
# name: awgn20
# type: complex matrix
# rows: 2048
# columns: 1
 (1.0836852849943888,-0.050002569461944396)
 (1.0756053921414144,-0.015276572198271636)
 (-1.038437483651113,-0.08815061357072855)
 (1.0617189786776551,0.1445042091838574)
 (0.93636781829545612,0.0023450102987593942)
 (1.0829481212137413,0.061903302625006457)
 (-0.88016822529000482,-0.10985578130139091)
 (0.94828037007293453,-0.062731602696450686)
 (1.032880861879625,0.077709562476701396)
 (1.0585903523538613,0.13978836916457282)
 (-1.0827000989941284,-0.16676916652547913)
 (1.003816886734479,-0.07194470043641793)
 (-1.0080430835906533,-0.12610705162108823)
 (1.1306813761601753,-0.024121663802513644)
 (0.92922864042266817,0.093534284887035843)
 (-1.0557265072708788,-0.061589647106854231)
 (-0.96234588819264322,0.062857210518336426)
 (-1.0287410533421395,-0.046291994548195027)
 (1.0317642874755979,-0.0050282725197069757)
 (1.0373714774516194,-0.010564696801330696)
 (-0.8683692649467516,0.022118714520684035)
 (-0.99075639981405927,0.11453720994731803)
 (0.98765917246933987,0.036207703327797096)
 (-1.0085902029906866,0.14844817619021852)
 (1.0371578195469826,-0.057506628339392921)
 (1.012695133551988,-0.013310190208675979)
 (-0.94751033008280505,0.062228630051527081)
 (-1.0322060594399971,0.032183997538682139)
 (0.9805338373398611,-0.075687333000375778)
 (1.0267146900651092,-0.037106053536929653)
 (-1.0442448682157461,0.033697209834314325)
 (1.095922642247241,0.0049856827740886933)
 (-0.93640795129122889,-0.10617912326956502)
 (1.0568515861734669,0.033173945752269555)
 (0.99240150378156333,-0.0070682800365691857)
 (-1.0029733698696768,-0.0037307859076943016)
 (1.0044488349413012,-0.010020737447812095)
 (-1.0872815351233771,0.018807386967114582)
 (1.0797621949238498,-0.078205872518461075)
 (-1.0086698430989085,0.012086016142689103)
 (1.064949219877745,0.059728890477717192)
 (1.0267421225584314,0.061446064195248298)
 (0.94667960268788942,0.023424569251074681)
 (0.91946743696702082,-0.029628211910618679)
 (-0.92999227682625962,0.067758016539099519)
 (-1.1306130449350429,0.073384500927162144)
 (-1.0594786891815646,-0.02869711120603401)
 (0.93995123488233678,0.17014737544957692)
 (0.90387270165019196,0.16423482369053671)
 (-1.0473878886860861,-0.054295661253802967)
 (1.0532231891416755,-0.026033434336323477)
 (-0.96572837698016301,0.1085077511456482)
 (-1.109355532996839,-0.053338388401014396)
 (1.1201360792676591,-0.09605176232243251)
 (-1.0230439242579275,-0.089976040474095631)
 (-0.87806836278419897,-0.019132973010445448)
 (1.0159040218733579,-0.037413465724033819)
 (0.96488024539161832,0.050124497996385631)
 (-1.171906363784281,0.026830651930221411)
 (-1.0145373479901296,0.032496503190931739)
 (-1.1171024954552631,0.079995100293240237)
 (0.91707084452197041,-0.0013563313541668249)
 (-0.97194349656129286,-0.013931655868590034)
 (-0.99383531808488068,0.01350467336194291)
 (-0.93221840169547676,0.0099435977760982206)
 (-1.0171641574708399,-0.052177528947899954)
 (1.0410594301683735,-0.063958639804028647)
 (-0.94643164420792902,0.10419363141448355)
 (-0.96258165312715371,0.10700031713521185)
 (-0.89451132141416334,-0.028955100731141461)
 (1.0587584918492847,0.12408238572741714)
 (-0.97622898850598094,0.022690220713036335)
 (0.99094482795603434,0.10788751760275941)
 (1.1256108727089533,0.043576110326498357)
 (1.0464814800945876,-0.10153410958323904)
 (1.0913273720745917,0.035882572512716045)
 (0.95216508493654639,-0.043555261421658019)
 (0.99249361887125132,-0.07890389973721057)
 (-1.0383953917259723,0.03432001667839725)
 (-1.0131266817545417,-0.024809660563315194)
 (-1.0971512810379518,0.035872885496550787)
 (-1.0501159495929946,0.044303917632278922)
 (-1.0488673321017203,-0.054215412611477803)
 (-0.98995271041157307,0.085792367939515848)
 (-1.049831342293428,-0.18370545762664378)
 (1.035530533707522,-0.029116867633947816)
 (-1.0652448330590261,0.013440646569039139)
 (0.792936401474025,0.044889204918851539)
 (1.0362347548746009,0.006093727627314062)
 (1.0489924337510788,0.046316319992167898)
 (-0.97237240840287764,-0.01338824650342213)
 (1.0773072955964722,0.1051761298314482)
 (0.96543693840709743,0.12123321582772056)
 (-1.0002196943922192,-0.046885071405171959)
 (1.0301926616463086,-0.0030159603868371099)
 (-1.0566978704537993,-0.029496909459382999)
 (-1.1177846253340897,0.082388956000557859)
 (-0.96090953715506877,-0.014215527251342076)
 (-0.94891923377591447,0.046372990513785836)
 (0.85753814747385038,-0.015736439806106842)
 (-1.0082757027313412,-0.024539741423235957)
 (1.0672875690484629,-0.042592946781146473)
 (1.0618503599953664,-0.0699085516599499)
 (0.97873408546713314,-0.074510074265305162)
 (-1.0428931007768822,-0.012559835220913976)
 (-1.0164100113062891,0.023852571256856699)
 (0.93588160330315617,0.08798375777769013)
 (0.95687840502135801,0.092879513688394033)
 (1.1208739944755555,0.064351240867880077)
 (0.96769618815525149,-0.11601683863193316)
 (-1.1519284670247005,-0.071951316172490273)
 (-1.0650328324412468,0.12191243501482366)
 (0.8763613460848706,0.013916166410692675)
 (-1.0214650354504309,0.065876334477527845)
 (-0.93046244312266202,0.069310892462055781)
 (1.0446642982031227,-0.043633185518661445)
 (0.90420724011463993,-0.03323340463049599)
 (1.0466746054074458,-0.01797692719083455)
 (-1.0815046702923672,-0.14186805163236962)
 (-1.04625666404849,-0.068598737225174442)
 (1.0601372557912725,0.1437497645122483)
 (-1.0009089108662503,-0.030989756944970692)
 (1.0532254717403926,0.039494784934106873)
 (1.0530491323150446,0.070766138646767604)
 (-1.1202954062313748,0.089486865460068454)
 (1.0069507686417307,0.079968074428651517)
 (-0.98969067932455868,0.06780157519927596)
 (1.065971889198422,0.12511834446055409)
 (-1.0339751427568473,-0.0019242659972025077)
 (-1.0365348456348245,-0.020563846524614775)
 (-0.98582476275633379,-0.015518065770858361)
 (-1.0429212399193568,-0.0056430060200778412)
 (0.98903443232980626,-0.13977408927568633)
 (0.92770790128583169,-0.10129668098686816)
 (0.97758284960280439,0.075885551421428471)
 (1.0031455105115192,0.10100585180613877)
 (0.92582344419196638,0.14246716678820553)
 (1.0131250007123094,-0.098237622018287424)
 (-1.0672248954693155,-0.053860001971048801)
 (0.9727154325718973,0.070124880763092368)
 (-0.98360660483030982,-0.12011725250731738)
 (-1.0107580829000755,-0.048243027743690686)
 (1.0509924165377915,-0.026831399335664037)
 (-0.90775362962845707,0.044083046697317579)
 (-0.96977370174429223,0.0320309451808777)
 (-1.0613488434707039,0.017111893572575976)
 (-1.0015050726953789,0.14826078272789911)
 (-0.9509414749396331,0.15979782382893479)
 (0.86872018973478127,-0.08870504399768829)
 (0.97442586435138212,-0.066673112430893286)
 (-0.97892574572144631,0.00062849502430097212)
 (-0.92594137206124494,-0.027613561493131929)
 (0.99337337074412713,-0.12049396563864248)
 (-1.105596014633512,-0.046928555059357092)
 (-1.0169296846589679,0.064825544431909854)
 (0.8898629965151984,0.024745237526464479)
 (0.85232806051449661,0.0021120235119276858)
 (-0.86463478636513957,-0.029626795087533048)
 (0.91668192904916213,0.056150175340218128)
 (-0.8775186110664781,-0.082892338130090504)
 (1.1116693059150189,-0.010673788055134628)
 (-1.1289801641923936,-0.015985511325726186)
 (1.0207772413639613,0.053774009780938173)
 (-1.069340111827771,-0.0065350306231261842)
 (-0.95774994407392178,0.062904444210564611)
 (1.0249790722836718,0.035720980332226031)
 (-1.1092714554263303,0.0022419348201911621)
 (-1.0431676744673481,-0.048492170379923927)
 (-1.0472847344943983,0.019928042370273739)
 (-1.011863888571483,0.037957164022962307)
 (0.92276422171931283,-0.10633416440484078)
 (0.93324223471514334,0.053918810996783119)
 (1.0606755580466951,0.023745865817234632)
 (0.99766669379946948,0.045913855966762104)
 (1.0103643247285272,0.049779488872152118)
 (-0.94411021303421239,0.029673042268865975)
 (-1.0269209156908967,-0.12299296877635864)
 (0.92312696919807635,0.017699186354385679)
