# Created by Octave 8.4.0, Thu Dec 11 09:47:20 2025 IST <gamana@Samsung>
# name: rician
# type: complex matrix
# rows: 2048
# columns: 1
 (-1.1931186057169525,0.41385104759174796)
 (-0.74768732721092246,0.054766884228279376)
 (1.0483057259207964,0.074517385277352396)
 (-1.5068360793292399,-0.43026889617992631)
 (0.78195445599336877,-0.0056682282567998088)
 (0.82784356881578147,-0.59158437015082366)
 (1.0920051655689071,-0.31104122075371121)
 (0.58424396076194585,-0.213845767160076)
 (-0.97912775200594238,-0.33860336450484124)
 (-0.55964137820099691,-0.080565632323513728)
 (0.98754122297716784,0.16925921095272889)
 (-0.10249960688261361,-0.35021387907672985)
 (1.3816427573873096,0.27359174565762062)
 (-1.3327486773495387,-0.16401739380383606)
 (0.51814574265090219,0.19360879290022653)
 (-0.71229865367746725,-0.05378080919560535)
 (-0.89385109403324481,0.45661836440911457)
 (-0.62858668372507798,-0.022317383567508491)
 (1.0824480926274906,0.19345627677635729)
 (0.65795793289386317,-0.26908922750323672)
 (0.80942365012648421,0.62333917635045077)
 (0.21126144824555604,0.50130940554144265)
 (0.01231063470526117,-0.3371283040447241)
 (1.2139748736692726,-0.90743748671483393)
 (0.6613526601246662,-0.18644249405630781)
 (0.82207812402149905,-0.37534232661951861)
 (1.0872783489512281,0.6214117103169281)
 (0.88672671061458352,0.069434599563535662)
 (-0.99378705627902408,0.27710028207602078)
 (-0.65195414670018281,0.16637000061139154)
 (-1.0343184057599752,-0.72199654276037251)
 (0.52914223889060197,0.33488204195538668)
 (0.23861464496719598,-0.12929125944024139)
 (1.2120927670195103,-0.12319884544807437)
 (1.657998928041839,-0.57718515750375843)
 (-0.46013807231611442,0.044132928820274343)
 (0.83279088894452735,0.0046170959430357804)
 (0.72313657094310535,-0.31476570733779258)
 (-1.1014726684370815,-0.16245978488523202)
 (-0.91643703426957335,-0.10782457356470582)
 (-1.1197798993153945,0.083193476039121167)
 (-0.46965846887790846,0.040357186731580612)
 (0.58329785919081401,0.40551513025309965)
 (0.68387078905934606,-0.37368329959907898)
 (1.1311217940874527,0.12741743098236355)
 (-0.15977745892305051,-0.55445876702618513)
 (1.2764220556846055,-0.10434276915572968)
 (-0.87864794722610573,-0.4177027443160411)
 (1.1605885561932792,-0.52066307924939781)
 (-0.50451510632604168,-0.55334205803974446)
 (-0.75458833789390733,0.25299559063531679)
 (0.99036572163425551,-0.1304298613347703)
 (-0.72281934804690606,-0.56438945169308774)
 (-0.6116330785093016,-0.15734531220713766)
 (0.49293741907881439,0.085130474514462207)
 (0.39426107286318279,0.14114984994746169)
 (0.71345666312074596,-0.38771963830491335)
 (-0.59101321920598848,-0.22664387152251739)
 (0.63964087502406874,-0.46786585136355097)
 (-0.72914841571958477,0.051733972087544072)
 (-1.1094081546654382,0.098308080057728744)
 (0.51163076378557193,-0.075204057883169126)
 (-1.1849399554013385,0.59354295008791502)
 (-0.80207872886540177,-0.21247034041085458)
 (0.40658929072330147,-0.27742558221892466)
 (0.44514740805405645,-0.13214534578828049)
 (-0.60663369166170389,0.1289946704004476)
 (-1.1116277406397896,0.55635428810002985)
 (-0.88799153137203335,0.42437792239707883)
 (1.1417961089633095,0.40145271155544632)
 (-0.54519499226804968,-0.27012079494362456)
 (-1.0177407730721919,-0.4716009547070627)
 (-0.65412509994021795,-0.58373517154309773)
 (-0.72564960404222401,0.27242925498599574)
 (1.1463808763466625,0.47875018021045163)
 (-0.93684104390858247,-0.079424998232369856)
 (0.58530393346213849,0.059235357838885984)
 (0.45439717421233655,-0.3075249550241691)
 (-0.85319559714527438,-0.33643620499241339)
 (-0.0097753517538030632,-0.3237338985142223)
 (0.80306765533285562,-0.64370750083457706)
 (0.53257842727661697,0.43598357602368837)
 (-0.4814213608581851,0.10095646233248266)
 (-1.4216950670293802,-0.037294755402220298)
 (-0.40536324023195464,0.16564932087307463)
 (0.57847018737214917,0.42186155743761655)
 (1.2525864186233364,0.40203974182732483)
 (-0.1158297998291653,-0.035761872822045307)
 (-1.006865494364122,-0.38930413872547215)
 (-0.74824260563540324,-0.23276017615179609)
 (1.4231328569490507,0.0070978802506912742)
 (1.5942525798726166,0.36199715109098862)
 (1.1027747692350234,-0.19121987187234851)
 (0.90755748796132296,-0.43569642838936518)
 (-1.288691176013635,0.31780521009495599)
 (1.2842008398312081,-0.02792054995287465)
 (-0.54348314408137566,-0.22136582431404425)
 (1.0491383007806128,0.21617365200848307)
 (1.1097785317496296,0.26374446921700451)
 (0.61381056247423094,0.31213869653041854)
 (0.91628338438198587,-0.079066550303814598)
 (0.25737378575802949,-0.52282858990951164)
 (-0.78391570784938269,0.27992145459493217)
 (-0.61396031790235317,-0.048695399713676091)
 (0.63671426884262072,0.10511092905138572)
 (-0.69631148921823582,-0.15276578630783463)
 (1.6098369502317396,-0.32117915086464077)
 (-1.1780934127524414,-0.70452063321911207)
 (0.86860287771929245,0.22142775846748752)
 (-1.0419072734365746,-0.3377283490137431)
 (1.2040670120348906,0.1930225620888294)
 (0.79977115021443657,0.39498483526797823)
 (0.66336736394208629,-0.47875178722598816)
 (-0.97442190628870162,-0.065716523221316561)
 (1.5683544231285671,-0.15616350000252302)
 (-1.5928445864154723,-0.12086036043795713)
 (-1.1121226124913386,0.20130026979242857)
 (-0.53039671647154363,-0.52041891240674032)
 (-0.70644684164483229,0.11854182309408748)
 (-0.99223170758228274,0.21850184305704057)
 (-1.0849163752405975,0.21376997354921037)
 (0.90941112820398917,0.97166911963375868)
 (-0.66011203266132279,0.11606916307903731)
 (-0.92568491262813624,-0.32971044429049845)
 (-0.74748474215696192,0.25314446140064417)
 (0.99432039898438873,0.033707275551259124)
 (-0.39860579979381494,0.33681794356706768)
 (0.71935529761804573,-0.050903402773869892)
 (-1.0067994944069394,-0.1979102962631091)
 (-0.74353212033634253,-0.6409399263393003)
 (-0.75638912280800308,-0.23539563320238227)
 (0.24432153853175997,-0.56436966462598648)
 (0.75389097271076322,0.040296113230648099)
 (-0.81784978559265431,0.23983275545723653)
 (0.82347257545823371,0.13272487591408852)
 (0.81786776816029039,0.30814223499316418)
 (0.68865724649164028,0.057416356251159859)
 (0.75800358789285482,0.055450177809241781)
 (-0.35804612830125926,-0.51747391968192857)
 (0.88693297323620046,0.38000759081960583)
 (-0.53144825583263056,0.5313830461956609)
 (-0.75221477732763276,0.034434659977349666)
 (0.3236260315159516,0.57976017079474418)
 (-0.62219709300931147,0.41368468650502138)
 (-1.2133540559925247,-0.072801255751775304)
 (1.1026736944595683,0.34960189352202031)
 (-0.70843756195993279,-0.19943669854284737)
 (0.91497108301056174,0.23777631810470864)
 (0.76903122829301385,0.075912382466734665)
 (0.54646884551422159,0.19782895438419476)
 (0.72504942141658746,0.52412435174189353)
 (0.86949138612197496,-0.63491821143718552)
 (-0.90414246906321138,-0.19960125476002391)
 (-0.90559788923311269,0.23101724304956298)
 (-1.0442920241261271,-0.076303386262940365)
 (-0.87434657857819031,0.23868296071507114)
 (-1.2569603187617977,0.24735413063609418)
 (0.61036077643610342,0.51723254763188586)
 (0.88322628492273203,-0.19245786932726208)
 (0.90671997988346997,0.008099740327631326)
 (1.0142378103040703,-0.080583621205258818)
 (-0.61951497171691927,0.46781762924194148)
 (0.71323110419298796,-0.043776675067898306)
 (-0.5713514616433335,-0.073749025102620921)
 (1.3174843166432404,0.16320703849473556)
 (-0.94028199013390223,-0.14186601009807326)
 (-0.42442290475352307,-0.36089882293272635)
 (0.40146787511052645,-0.39114151005352932)
 (1.1964617787619836,0.15496061847185935)
 (0.77917766155113211,0.23967538268997909)
 (-1.1405360129176729,0.2098399713357208)
 (-1.3318944105131287,0.58711378635901501)
 (0.41322794848700861,-0.63170299639684802)
 (0.70253958132451633,0.37615505609766409)
 (1.6705339033725184,1.0246756985109997)
 (-1.4802295728253438,-0.20471907244068663)
 (0.94738758803356871,0.69649397261727664)
 (-0.41675307565021497,0.0076063554327128469)
 (-1.55760668801435,-0.03556242718858748)
