# Created by Octave 8.4.0, Thu Dec 11 09:47:20 2025 IST <gamana@Samsung>
# name: rician
# type: complex matrix
# rows: 2048
# columns: 1
 (0.64440279425867519,-0.38058744939967742)
 (-0.85902381599128641,0.15190293630987844)
 (-0.87313126905126637,-0.044366101652100802)
 (-0.44222737328318718,-0.12210342493985138)
 (0.47770385201261323,-0.33800139735714024)
 (-0.67051723557083265,-0.27059695696033637)
 (0.76064154791730876,-0.62531222348058824)
 (1.1678938161988046,-0.011264829597516792)
 (0.90415148136716139,0.5388868721681308)
 (1.0809362178338411,0.60100305463252546)
 (1.6489867597729777,-0.5796930588671706)
 (-1.1746639564419126,-0.39107543892929386)
 (-0.94287099038366662,-0.8203993598544902)
 (0.40796292738739476,0.037253178876770369)
 (0.73777379958630296,-0.15852157990355958)
 (-0.87208785263532274,-0.71816231055055235)
 (1.0335223109778655,0.276209700317607)
 (-0.13136553308602616,0.6152585161917038)
 (0.91135247598645963,0.33930730495179345)
 (0.37297682734819754,0.53634806442327454)
 (0.63258104847485241,-0.45296855515728346)
 (1.2575139139492659,0.10847534939237438)
 (-0.63747989059556232,0.010006131677064423)
 (-0.57548724937526474,-0.44625169538105197)
 (-1.0021154161196557,-0.089517161501386097)
 (0.87732039937583384,0.64619041944831757)
 (-1.1355209964139119,0.060799820771273473)
 (-0.78998491600385934,0.13768985857818941)
 (-1.0390044977052302,0.20525217784702582)
 (0.77732977574675288,-0.24503469244166876)
 (0.44608492117948956,-0.31660900082918886)
 (0.82741371090771654,-0.28212487299873928)
 (0.67314202950371005,-0.55755575099083943)
 (-1.026455006672131,-0.71009121922870255)
 (1.2752579755086515,-0.1565179534551443)
 (1.2172245071828249,0.4907690127231486)
 (-0.61132649979478693,-0.50959667123155594)
 (-0.62467470492356547,-0.5886649973483008)
 (-1.2333847781459206,-0.29258134371365957)
 (-1.0386345181387493,-0.18204888032759331)
 (0.99855594010653748,-0.0585388196939386)
 (-0.45997463657461662,0.11570911512755599)
 (1.1480416996848457,0.45074263117836749)
 (1.3280123366118719,-0.043848754472052415)
 (0.83671729687634044,-0.16609171082057753)
 (0.82371817470624542,-0.16582090460171922)
 (0.74131053164302319,-0.30993153272505714)
 (-1.2261461530096724,-0.28354477837740338)
 (-1.1817531826497181,-0.38212432389270479)
 (0.95006059377879637,0.045750175268245451)
 (-1.11707783366999,0.2605070940329276)
 (1.009379116822829,-0.31901712128682874)
 (1.6652062827516745,-0.56541008979840757)
 (1.2523072753366509,-0.10666352094285603)
 (-1.4135204323999699,0.21325451750131288)
 (-0.90246157251623738,-0.1446052211373943)
 (1.6742431060869407,0.16304288806735909)
 (-1.2689143732247219,-0.58050374134124172)
 (1.3743026831179821,-0.12738918009662487)
 (0.69396926366462575,-0.12352719353314327)
 (-0.68686295547242027,0.084565838199894244)
 (-1.0758894481065298,-0.47693810468475295)
 (-0.41888781016575011,0.27175921644544515)
 (1.1752330706312861,0.1117969923840843)
 (0.69863060030617841,0.70077465967517327)
 (-0.74498467944538738,0.47256582403326169)
 (1.1050385168627015,0.20096918123152249)
 (-0.34591506034019337,0.72823157669441541)
 (0.6096467209608003,0.22479880178822462)
 (-1.2067045341394589,0.099053405289701177)
 (0.13244528914021791,-0.082235390755313872)
 (-0.88549159978333458,-0.30944809776672022)
 (1.2980596363102346,0.2319465833290707)
 (1.0531763823076405,-0.39594462266690134)
 (0.85343702780227593,-0.71021793179925341)
 (0.64648155239932148,0.12209815721286187)
 (1.3806423674354573,-0.15579404378371409)
 (-1.4821400015743822,0.02277597890882576)
 (0.45131153516617756,0.034425385425452509)
 (-0.77561490405368982,-0.21536547389021346)
 (-1.4918905256118928,-0.33591412813563948)
 (-0.24484603161746898,-0.29709273135046216)
 (1.2150028953795204,0.18692750425434954)
 (-1.2950409002507672,-0.33526922358677036)
 (-1.3306356847616043,0.04990404253535731)
 (0.74435518292791625,-0.69305389094153025)
 (1.3160196364883685,0.18266167870540176)
 (-1.3873206690108448,-0.41253433123604483)
 (-1.1870622224547265,-0.34652578805568734)
 (-1.6246032528369188,-0.39008634074844789)
 (-0.46810001815225022,-0.12860849256487111)
 (-0.85094912775600517,0.51793628963296723)
 (-0.73988738017592171,0.10082082655566238)
 (-1.0674458083312055,-0.006069597622719196)
 (-0.4346700048915445,-0.42768644434531589)
 (1.0195484787177067,0.15478930093429871)
 (-0.70447932264015733,-0.39184013736757844)
 (-0.10998360197468482,0.62913485779564693)
 (0.97963913641590117,-0.11505030893004113)
 (-0.63696745434087609,-0.32753217384263589)
 (0.81408741718253907,-0.19629393728591976)
 (1.1363448000265288,-0.15993954836498409)
 (-1.302829956080557,0.26139038490813654)
 (0.54960749245098728,-0.088868986572736966)
 (0.92494464268147025,-0.57244619256769325)
 (-0.62651426194212334,-0.40765713362590184)
 (1.2935779519017387,-0.22859165255407865)
 (-1.4171719311707456,-0.10897957318111427)
 (-0.45514374613743208,0.43205423164938134)
 (0.13794484249396255,0.3784226923484777)
 (0.74663191143948626,0.27532879212470546)
 (1.0731456063507472,-0.13744650261068214)
 (-0.32235524522754511,0.72677563083343955)
 (-0.50924116213920056,-0.071982744187307338)
 (0.4403671664626424,-0.31363149300946175)
 (-1.1535529218244476,0.044073542848885275)
 (0.75666609236391047,-0.0060106790100870186)
 (-0.90616730149808367,0.27126489811975552)
 (0.61756157347375429,-0.17031645056453867)
 (0.63255950980754538,0.50351873194480556)
 (1.5588187890139786,0.40015071694795329)
 (-0.69115013005020665,-0.023998316561274897)
 (0.90483475451367623,0.14887826360444104)
 (-0.95245969300772071,0.0061300919939590885)
 (-0.70695120556581426,0.16105384648542981)
 (-0.96850888003456037,-0.086648225088749781)
 (-1.0229629994931784,-0.3124903997175395)
 (-0.88819719160912924,0.56683469486196947)
 (-0.73872802206711419,0.29295948350708512)
 (0.88120896803294602,0.33385643640684437)
 (0.42859243328794117,-0.24108398151943763)
 (0.7508782452427637,0.26381310064243352)
 (0.45913221744457411,-0.56782041715121434)
 (-0.43684545811215958,0.24156946119621805)
 (0.98367006978950466,-0.094520229816040899)
 (0.70947649606455121,0.37829462297104322)
 (-0.3909958522118005,-0.047375757922563946)
 (0.47514754518747893,-0.012163468823764774)
 (-0.34573445829431138,0.37910354191515194)
 (0.32356401000852864,-0.07050588853283489)
 (-1.1045265634486194,-0.62394302432390047)
 (1.0572917199748146,-0.67438872852773135)
 (1.3548428105672221,0.18025132981395361)
 (1.2977252057420701,-0.62921718598406551)
 (-0.95100758441923527,0.071961627981275658)
 (-0.41500550718538298,0.32618814742448354)
 (0.90801829888263919,-0.44212190800495171)
 (-0.31669740867431151,-0.19275097178405357)
 (0.34791176666384493,0.12726329486954915)
 (1.0366956667750973,0.012062353971060227)
 (1.0845903231183796,0.25751209094230731)
 (-0.5284181909669956,-0.44071124141674578)
 (-0.61682527724633518,0.049623540840763113)
 (-1.044198523778483,-0.40352260346949204)
 (0.9492566532509773,-0.13876389239640632)
 (-0.95999317960971109,0.12817718722936011)
 (-1.0058736741760592,0.29309310819241075)
 (0.9551586764766703,0.15835688299577871)
 (1.0319593792181017,-0.033608679328227233)
 (1.3929509932254804,0.55319632146280062)
 (1.4452675942362252,0.13955931577667774)
 (-0.5650994591472005,0.72904367197258801)
 (-0.70213416618961932,0.3338137441105089)
 (-0.77747563261090069,0.73723594398943015)
 (-1.2914104711495376,-0.17961400548860534)
 (-0.40667634014723231,-0.50330040665845699)
 (0.41262257098248639,-0.70937071600345558)
 (0.7545884719787862,-0.019710227256650777)
 (0.8653193402063889,0.10358625585445981)
 (-1.3617174089540645,0.504237297904916)
 (-0.81362329217651208,-0.33457671392549199)
 (-1.2255094891260838,-0.16528415786714579)
 (-1.2010033580816482,0.29655173284585223)
 (1.3513006982510571,0.1633774611257226)
 (1.023185403069456,0.57098996260443458)
 (0.68893523739148965,-0.17726573255720735)
 (0.71960304243118833,-0.40521648129092341)
 (-0.97696112929277901,0.19173317616069799)
 (1.4168478043184163,0.083583077072059059)
 (-0.87574889502676778,0.2649608697064309)
