# Created by Octave 8.4.0, Thu Dec 11 09:47:20 2025 IST <gamana@Samsung>
# name: rician
# type: complex matrix
# rows: 2048
# columns: 1
 (1.4063680341379665,0.12695909969303812)
 (-1.0082848204467156,0.030892592158853451)
 (0.82102333838059927,0.27321436118526454)
 (-1.1580405272047207,-0.085107507643175234)
 (0.45688379006214291,0.085653532998967843)
 (-1.1216677457577047,0.39006059617348321)
 (-1.1846989045653187,-0.025334696237026274)
 (0.40251154056986294,-0.52757220201053578)
 (-0.76338947047614891,-0.083534192189918408)
 (0.29989112677620178,-0.33504028603190872)
 (-1.0442676388832097,0.24154056929528636)
 (-0.38206496784671973,-0.077150763501252342)
 (1.1538089041528548,-0.74925588751967764)
 (-1.0011036207564021,0.65770159460771416)
 (-0.94516185584927626,0.51000042227341247)
 (-0.95471529820499357,-0.41928829488098868)
 (1.1408163505538709,0.21741777780380825)
 (1.3047955495302572,0.46091575500162885)
 (0.69247451364248702,-0.2762147433745662)
 (1.2666981704827309,0.37141948072139147)
 (-0.76283605013157718,0.33312144710114439)
 (-0.81156437514149393,-0.40607369943797866)
 (0.58234821572588258,-0.099869689632185468)
 (1.174103992860231,0.43017299190949071)
 (1.3042026711031509,0.043076010338614822)
 (-1.0647311502291239,-0.41046685911528863)
 (-1.5592120754191634,-0.031244168006654031)
 (1.1810257179563575,0.83539914830337136)
 (0.65439418586370768,-0.071220405631479619)
 (-0.85046343524981771,-0.12490437715808012)
 (0.68156092263265911,0.15129395633839315)
 (0.66131674246571437,-0.030596129310596198)
 (-1.4030682647271164,0.79092657598718707)
 (-1.2348707134382138,-0.22460020809577483)
 (-0.72379338466155785,0.19095990862880954)
 (0.66237324399720965,0.18689738929279831)
 (0.78839719232214489,0.14112924530823931)
 (0.37470066930468343,0.45375019309552345)
 (-0.93009338746976633,-0.64675131595334401)
 (1.102744746177492,0.40926439595981046)
 (-1.2957374258190202,0.29144014651119038)
 (0.5134583451745891,-0.011958367077607125)
 (-0.8919760155091967,-0.098034967829738126)
 (1.4146923907714162,-0.17155781288256333)
 (-1.593274138267655,-0.094330098505566465)
 (-0.78361602165614008,-0.094139449733626729)
 (0.47409755589577918,-0.4661170776568761)
 (1.2611006472002475,0.15083462272284806)
 (1.5684583574690387,0.082425489645802541)
 (0.73672346299207714,-0.3861089581273327)
 (1.1364807484185135,0.78779179743716854)
 (-0.71771241107305506,0.89467647750747159)
 (0.90970988665993524,0.20893646993725973)
 (0.63073903179811719,0.071334710911935065)
 (1.6416755026787802,-0.23733145470823155)
 (-1.3800701898899717,0.44669668722963463)
 (0.74982134349436225,-0.35393177666495984)
 (-1.5326194465181628,0.29508458204877147)
 (0.81446445896116981,-0.51175940416298338)
 (-0.4597533078203675,-0.050196375094366891)
 (-0.65574142087784082,0.58243534738576286)
 (-1.1140834265808544,-0.40466894029680528)
 (-1.0938825668424967,0.78529912121977863)
 (-0.76766260162888855,0.13035290626999779)
 (-0.48091176815833847,-0.03713371451921859)
 (-1.4685580435559065,-0.092843162851890607)
 (1.419726034933531,0.028423884237010949)
 (0.95854822713454557,-0.21933413154269535)
 (-0.76350692022082378,-0.10621549175789836)
 (-1.3218858226280155,0.19082652850985038)
 (0.99957022618791735,0.18522910456461184)
 (-0.38409527364887974,0.63766630187485651)
 (1.0639052354996585,0.018770930240380377)
 (0.58524299153128001,-0.11478256771849507)
 (0.85367983357684318,-0.04059126617088283)
 (1.0869193168899203,-0.27338773586303761)
 (1.5340043014448532,0.51288448455916258)
 (-0.8281112519641699,0.15282710043375689)
 (0.76969822052089965,-0.39879854002553061)
 (0.41034503391026322,0.075690967636950809)
 (-0.93698727559466444,-0.14712678933759768)
 (-0.52905426988807058,0.37630779791490182)
 (-1.1613957989526349,0.092214105959748618)
 (-0.78092081763876486,-0.077058080897115133)
 (-0.93287629488054069,0.68534353732948605)
 (1.4954300588090499,-0.20023213020918043)
 (-0.90781925075954262,0.11034766497311621)
 (0.75288827206978315,-0.4573896522007771)
 (-0.17607870379070223,-0.64590846175124705)
 (1.1393585089959073,0.6127326429424711)
 (0.22164244597027227,0.13412659516354977)
 (-1.5586136698376258,0.078908079452860297)
 (-0.80712419654471479,0.48846061844441424)
 (-0.92595358298570718,0.055936115927481066)
 (-1.0961952321408845,0.25968989305513707)
 (0.96138674629134813,0.49292645026055937)
 (1.0740292491267691,0.37771715954420049)
 (-0.81041629136754689,0.17650080175857602)
 (-0.70090385661672694,-0.016537822116407294)
 (1.4360747733841175,-0.25237136839261187)
 (-0.87380693655212194,0.14503378673535314)
 (0.32003163468051077,-0.08485527410118425)
 (-0.72808347775588489,0.099648286929038724)
 (-1.3498029665085411,-0.018976269338725874)
 (-0.49150401047365744,0.32228631529370394)
 (-0.99344461818621288,-0.024114624273762274)
 (1.0512271244358826,1.0122922032795183)
 (-1.0325764292503798,0.027717741457966932)
 (-0.84108464962800877,-0.1453451065613251)
 (1.7227357668161387,0.38343328435547808)
 (-1.4064105492798979,-0.10193980516352298)
 (-1.1751799800480012,0.55555438718913619)
 (-1.0179799749882859,0.33490855073150666)
 (-1.054042931068411,0.084930887014009929)
 (1.3089524849117589,-0.49806782325313304)
 (-0.5167745271196359,0.50843027895141135)
 (0.75303273907145152,0.41406171084165927)
 (-0.63828022668965367,0.30086429132438414)
 (-1.175122752290259,0.32020820312794573)
 (-1.1495284080059258,0.052613292937025449)
 (0.99998616286296482,-0.51466280543675513)
 (0.40308155097650322,-0.2129890604933172)
 (-0.59025267703643103,-0.32857797037642922)
 (1.0945702019854497,0.5401377502856739)
 (-1.10976966417847,0.47545120563430471)
 (1.2678333007990621,0.1814444058229262)
 (-0.88133965718421836,-0.096212312482416046)
 (0.73596706358000363,0.1285281408183388)
 (0.17287909184235595,0.035872677499369829)
 (0.9557885603962597,0.48616465415251076)
 (-0.8567061552746098,0.06245145461358087)
 (-0.7805297284775915,0.01934559738645858)
 (0.77870254807736516,0.065453135100417698)
 (-0.88808595465434947,0.18081079569567468)
 (-0.78463569680013578,-0.066884180487381775)
 (0.36078064117566977,0.31599209114971222)
 (0.43515342802063889,-0.086236862818988291)
 (0.46030060164896391,0.48769128666954881)
 (0.33866805200634198,-0.055832956748369453)
 (0.3978286234869931,0.34149704743857534)
 (-0.59167134361140261,0.51015823536276639)
 (-0.91059979458061791,0.59179075798963909)
 (-0.68725880425657837,-0.48264905248247902)
 (-0.56352878696177899,0.47501330221872351)
 (0.59286418857809098,-0.26327937832883797)
 (1.010822479226368,0.055170525977619921)
 (0.45732935273237268,-0.31631240524502907)
 (-0.87777501732951868,-0.51098128643728513)
 (-0.78520047550690897,0.22279976048850042)
 (0.93928526296523018,-0.34323980931509468)
 (-0.26727357110125005,0.43407247850072211)
 (1.097627186931678,-0.11224594814136331)
 (-0.84080868271879561,0.23399066438560812)
 (-1.0018526304579722,-0.10939134742072079)
 (0.68791667161012393,0.15932104356642693)
 (-1.2262555727219973,0.59332298129593741)
 (-0.48572443793469283,-0.44650187660560753)
 (-1.0445799147125368,-0.001030696163493771)
 (-0.88894813518779681,-0.6336381267173139)
 (1.3595649182563292,0.13589017992684896)
 (0.890433076240701,-0.71146563412392871)
 (-2.0118637532819696,0.044804497781444477)
 (-0.62186196294357932,0.63123602935675727)
 (-0.94642935497181513,-0.33392289879064052)
 (0.59149935511191942,0.31751202345907864)
 (-0.82901471382793912,0.23942384722717031)
 (1.1537907306132114,-0.26048270397141216)
 (0.90667194506464932,0.15583146585178953)
 (0.43066746574386044,0.32703602834385403)
 (0.8088250361471806,0.14298861903949303)
 (-1.2914648664050328,-0.25119218437581942)
 (-0.73183687127504859,-0.028112893602114143)
 (-0.57374406324783012,-0.041576409699949329)
 (-0.68564740844201866,0.042255778492188506)
 (-0.70005313179522344,0.26687511509327733)
 (-0.86979015243854996,0.29776715574382534)
 (0.96056638270446015,-0.2011225450332082)
 (-0.18099565332775669,-0.60676616050996435)
 (-0.95631243418401857,-0.32532449183057355)
 (-0.85147318059955246,0.35942085962737524)
