# Created by Octave 8.4.0, Thu Dec 11 09:47:21 2025 IST <gamana@Samsung>
# name: rayl
# type: complex matrix
# rows: 2048
# columns: 1
 (-0.94879221420432747,0.55742753908822651)
 (1.0570584048185561,-0.90536781918920217)
 (-0.033106144090007693,-0.31417769349687164)
 (0.24411794556025992,-0.25661493328199392)
 (-0.12198079065577858,0.89341301668818374)
 (-0.10707214573511728,0.35844149876430748)
 (-1.238171562651313,-0.20314618176537688)
 (0.30247877501055054,-1.3721187643275863)
 (0.93684514778344807,-0.23020830978660117)
 (0.26323625816028784,-1.3511633932310545)
 (1.1401284508385539,0.32886299549730241)
 (-0.44022795804647935,0.30017675574997738)
 (0.28923868654769397,-0.28336831001805546)
 (-0.84777279825683471,0.46808483709433518)
 (-0.46373437382296889,-1.7808625903471624)
 (-0.65272456069759088,0.32589526099289184)
 (-0.28266538059286062,1.2700250749134738)
 (-0.54898444754344788,-0.68875967931823989)
 (1.2787381328887535,-1.7582414701928519)
 (0.98865825557924913,0.13935770647071366)
 (-0.85325894105148481,0.75497644918437201)
 (-0.013380216920032837,0.54473250552898533)
 (-0.63742160006993609,-0.52732332061124165)
 (0.52358608626924619,-0.59569570211756051)
 (-1.2404099480271609,0.61666482217551355)
 (0.9551471005769786,1.2293589018820037)
 (0.51021018400767537,0.62336804598554985)
 (-1.3886294558348213,0.94916278626187156)
 (0.98196059816142101,-0.28347931842546714)
 (-0.75187767406567718,0.39080061324026655)
 (-0.85172914880966599,-0.33989853903118911)
 (-0.058689119887876826,-0.12904342000576452)
 (-0.11940545875444505,-0.060610079866362188)
 (1.2393907856447304,0.65046677565810607)
 (-0.36843937584497627,-1.0950531415830178)
 (0.59121826954867696,0.73204373379204646)
 (-0.86534633086813628,0.8517514493814119)
 (0.032936313423666187,-0.50550437014973792)
 (-0.14367653386124879,0.025777874617547086)
 (0.18369713613877778,0.10312769027018812)
 (1.294776951782149,0.62089487753156747)
 (-0.76535370851210716,-0.49704766542582324)
 (1.2272528897348565,-0.11703010687532166)
 (-0.48085455937015525,0.65492071296556043)
 (1.1066396411750632,0.80119493058121238)
 (0.70935473788309433,-0.78193794906417824)
 (-0.38628280317702585,0.10688761491880329)
 (0.078784199190797155,-0.86117116399033444)
 (0.93162980205944734,0.75942331262745932)
 (1.1288118864479133,0.068712377235383204)
 (1.2537033973776872,-0.16740570084729772)
 (-1.2811575260553525,0.76375815897956556)
 (-0.20210444111223072,1.3318712000042523)
 (1.2606217936405675,-0.97203101825968685)
 (-0.39189676142172675,-0.74469628602060234)
 (-0.22398384701413412,-0.5421876951683301)
 (0.2814398381159392,0.60775896569475929)
 (0.75525169033768769,-0.0064860640870350273)
 (0.15633929078210929,0.98325469950616062)
 (0.32832707456512372,0.68040920354462786)
 (0.95588969298645643,0.83782089755260125)
 (-0.58121751642049535,-0.75670467055023327)
 (1.173109869568308,0.6559365733229745)
 (0.88139772957008822,0.77073881607429384)
 (-0.47307717481510547,0.29924782616543555)
 (0.33128608920682695,0.86371564776709364)
 (-1.0816943218609008,1.0677860942537516)
 (-0.56486323380597003,-0.24344709373545365)
 (0.0038784872937884067,0.63284415990246701)
 (-1.3517224047479726,0.76133466326381904)
 (-0.16338517627720872,0.62019356700853878)
 (-0.18953259143345608,-0.65821387717978064)
 (1.2681733430197442,-0.078331710422816003)
 (-0.86008012380718291,-0.25195855828370117)
 (0.36296461756521381,0.014945895428294765)
 (-0.59803346963221826,0.80594047500352994)
 (0.37946287420932368,-0.15160240720178905)
 (-0.25102184452196552,0.71443353611591365)
 (-0.8571436338214089,0.067806182730406159)
 (-0.26793119520336089,-0.33317212071010166)
 (-0.28774928249456688,0.1609397923723748)
 (1.0064532261178789,0.032181161981076602)
 (0.76001191848180272,-0.8088671928215555)
 (-0.51220540359057509,-0.65266411577803729)
 (0.31294452041255755,-0.077783082173966539)
 (-0.14064077010071632,-0.39478749355696285)
 (0.17940585296136038,-0.1467498343323044)
 (1.5021881692825418,0.81087318294275545)
 (0.53425547945945973,-0.74112271221003634)
 (-1.3488125912475826,-0.77459774375130497)
 (0.69314617485741881,0.30484921216078353)
 (-0.37900605790821812,0.80217695010835688)
 (0.4211822626053448,1.153557519785499)
 (0.29514690310917197,0.18167741880288177)
 (-1.0685616891677066,-0.43385400139880625)
 (0.41477429587163811,1.1069204959164756)
 (-0.61838872268759593,-0.13766283265782733)
 (0.58983269928022364,-0.65110034579464904)
 (0.84779727829698182,-1.5449868398809836)
 (0.54991824013229706,0.027538096926239861)
 (-0.21251031059974659,0.077150749052462622)
 (-0.1644441388150486,0.12057373634211155)
 (-0.99392002954648251,0.10426966925880686)
 (0.53290373521454493,0.75686756266128763)
 (-0.94093734312797417,1.1215319648015194)
 (0.098060299829931946,-0.30593546458722809)
 (0.0021797043218453058,-0.07504086741466913)
 (-0.34231764191256714,-0.94265475060796844)
 (0.16616052174282517,0.53878017449059035)
 (0.72798102600524217,0.18745153529311884)
 (-0.42798764623810098,-0.34317758514744279)
 (-0.9369737529834562,-0.87918712391650244)
 (-0.48708816398513088,0.37930958544411525)
 (0.54767387406056589,-1.7295797577222274)
 (0.52244693218431215,-1.0302474006462046)
 (-0.55770615723558681,-0.43849616648003631)
 (0.22587983603609957,-0.85626323048526554)
 (0.10282043960083563,-0.46308810089608154)
 (0.74376208465645777,-1.6131636924728168)
 (0.43066841805928463,-0.59192916773785853)
 (-0.056300024677629075,0.4341422210992319)
 (1.3143096136792958,-0.5078363705268496)
 (-0.21939142177112603,0.45661223875407297)
 (-0.59107716866506066,0.026009384849695307)
 (-0.16799725782090294,-0.64811072589746532)
 (0.9624399510460937,-1.4901520689276229)
 (-0.98023935218821345,0.2535478648595742)
 (-0.2618545352664518,1.35773290866507)
 (0.20572126797529203,1.1040618205142159)
 (0.52843845772083298,0.11266664161572992)
 (-0.47807420595176742,-0.24792458703244749)
 (0.56893554182459205,-0.82169047196937961)
 (1.0658338717368503,0.28561366307755953)
 (-1.3608409141904059,0.23389404956781587)
 (0.2276972602829429,0.8109848689106941)
 (0.95176851075914815,0.40293086477563772)
 (-0.063285882867718371,-0.37852071533694875)
 (0.12652591735480162,-1.5339403977330373)
 (-1.1482720875287615,-0.34635934886354564)
 (0.28388338688525139,0.86387500709831189)
 (0.30172117331509629,-0.73429697469727206)
 (-1.3167511154454112,1.0432185791302078)
 (1.586409973346558,0.85878583778483653)
 (-1.2440004734000143,0.25271769939304761)
 (-0.5049630667761843,0.20879960539621362)
 (-0.17904815329130117,1.2691479005471944)
 (-0.71731423209593603,0.48062064593400194)
 (1.0956503050562725,-0.20330934070007223)
 (1.0103131869992532,0.029413565713446936)
 (0.033827505891480703,0.17349036485942426)
 (-0.89788003936108618,-0.71183247167258112)
 (0.41061321773793746,0.36166916975472063)
 (-0.0015903177043338382,0.59939687523504459)
 (-0.1857416456549765,0.73050751639442502)
 (-1.104918533522,0.66599306454124396)
 (-0.49865819595504046,-1.4935438040207301)
 (1.2617461423484666,-2.146509272081472)
 (0.058805429397415773,-0.80951098672949207)
 (-0.04102118294814492,0.37009912008534696)
 (0.092426909541726443,-0.23197699078361575)
 (0.06548110579477541,0.36046508405901806)
 (0.63755817689732419,0.35554758798374497)
 (-0.60936551611883027,-0.31986402966439464)
 (0.33345055924682349,2.2246222246404961)
 (-0.37524961739461216,0.67312839531190494)
 (2.0599621377800608,-0.37882047624679743)
 (0.42820781789338441,0.16473076606855336)
 (-0.36977525909869813,1.0233725254649457)
 (0.25259523644451831,0.071133267084065296)
 (-0.84402450761189207,-0.11937341400970415)
 (0.064576220555979988,-1.4246673189635466)
 (0.41100557805262777,0.021521460431147606)
 (0.28287973735276223,-0.55425976148603662)
 (0.7418596928782436,-0.37027274339358229)
 (0.81015127244792784,0.69037824471820419)
 (0.56698711682902037,-0.17917849593414184)
 (-0.35884797639215871,0.69412862414906162)
 (0.87055067198609171,-0.39670816564948086)
 (-0.21308323212136371,-0.4260989553170158)
 (0.68957851158284933,0.713811848149984)
