# Created by Octave 8.4.0, Thu Dec 11 09:47:21 2025 IST <gamana@Samsung>
# name: rayl
# type: complex matrix
# rows: 2048
# columns: 1
 (0.32541810437241958,0.43409179631309935)
 (0.80732361592946267,0.94450152693670386)
 (-0.40059306411547191,-0.72545214999208452)
 (-3.3400977139057,-0.3226805471251652)
 (-1.2773350144728188,-0.097144918507126962)
 (1.1952755245490163,-0.41982293926262659)
 (-0.036476811390980357,0.27815432930105682)
 (0.2085785325427274,0.8104835946393335)
 (-0.22249472505666559,-1.0396440617707043)
 (-0.18226183094609588,0.59758268475633891)
 (-0.70499488912025887,-0.019120030558401974)
 (0.52913354985137462,0.58476908483074319)
 (0.49538654794696052,0.57977956337531367)
 (-0.31716791324853166,-0.21225642495196426)
 (1.2835159331268513,0.20962318123607443)
 (-0.059565681537862625,0.7178240127749943)
 (-1.0005962836280231,-0.36777160694721256)
 (-0.079127994922248118,0.17829597258821003)
 (-0.97514817485203953,-0.10766430066581913)
 (0.61286777113627411,-0.2911590062236013)
 (-1.4639456422884429,-0.34963824961118323)
 (-0.61829433309903536,0.58107339283539161)
 (0.480545097572881,-0.67308633329440182)
 (-0.11387201270683382,0.14696676939388689)
 (-0.53639379630906325,-0.49485528298001263)
 (1.7085028191346932,-0.23971696562435094)
 (-0.61184207157915693,-0.16994156146638778)
 (0.7728949299847071,-0.15484636195632534)
 (0.62574697066928364,0.48118439263172519)
 (-0.22822222228384234,0.48002663141711005)
 (0.87740303404521602,0.83747475121000281)
 (0.48401048884902104,0.078841354497699939)
 (-0.98771133155881818,-0.54971164473828948)
 (0.20036473893806134,-0.18765684961126142)
 (-0.9729216978048022,-1.2500184130006446)
 (-0.070915794942531682,0.3578562123408337)
 (-0.24293349973984513,0.51077130219009348)
 (-0.40679686523871261,-0.064917806973920744)
 (-0.11016186568535724,-0.30852431025610116)
 (0.084051254602607026,0.43001276572576547)
 (0.34182404882856565,-0.12264483581427926)
 (0.18220671208966119,-0.10888795317234388)
 (-0.45455053903774029,0.070444484608512298)
 (-0.72916164498706448,-0.19484482007714396)
 (-0.22010615228686098,0.45274103675023708)
 (-0.3772886322148522,-0.010007826634897649)
 (0.94127814788865849,-0.25001318572093628)
 (-0.23570886712803243,0.093684073046804886)
 (1.3300439665388935,0.12358326773403409)
 (0.28717682628745289,-0.10835406886896895)
 (-0.036115439086957198,-0.26539639794191472)
 (0.53811229229457469,0.13838314391715947)
 (-0.39474568280594574,-0.46594542727906202)
 (-0.50218088284309825,-0.82621439023943055)
 (0.77284980161302452,-0.054645679935281424)
 (-0.32310519624280903,0.2668098232679984)
 (0.29229003512347923,-2.1767432794851582)
 (-0.22057118572505136,0.3589117913900095)
 (0.24286678738693168,1.0499006856372493)
 (0.16999243390937083,-0.59383404819848207)
 (-1.0202893343758355,1.178724756455692)
 (-0.43488650928177192,-0.41617420246103332)
 (-0.64397832796766474,0.70242636892407129)
 (-1.405920965091938,-0.18708289957594126)
 (-1.1586937293467023,-0.77177258653182845)
 (-0.25967277684846912,-0.059670794686364048)
 (0.44692001408293192,0.053888400481950205)
 (-0.71837878277514355,1.3570340371253027)
 (-0.51779595861473249,0.010324858089999131)
 (-0.94917390263033774,0.0014326509206186414)
 (0.75187048992902561,0.1907519708602434)
 (-0.41830912032446449,1.0097124239766384)
 (0.015972362959422337,0.82129389341439429)
 (0.63788931126242188,1.4771920681735395)
 (-0.1514400857974052,1.1375756073626653)
 (-1.2299114099932102,1.0804541699506576)
 (-0.81110301014366992,-0.07230200067033947)
 (-0.12246456204429185,-1.4324630964891509)
 (0.24934340950876324,0.26618383794645595)
 (1.3181275822015612,-0.66587710926748778)
 (0.57789114597268543,-0.13410847019348512)
 (-1.0233639775471013,0.16066355838884466)
 (0.35045405934467855,0.5682913098084027)
 (0.52168172580155925,-0.76579469483491602)
 (-0.023635360219610446,-0.2421154569027737)
 (-0.58449821635766674,-0.14768544046001911)
 (0.39879064559213573,1.9828652007592096)
 (-0.51311580943308066,-1.0037963802394854)
 (0.29825901505783436,-0.35867404466083691)
 (0.66794409837245328,0.23784651053450295)
 (1.1692869859533372,-0.42733391148290395)
 (-0.18827144788211603,-0.89759653678629148)
 (-1.3535813883754435,-1.235051183441878)
 (0.68603038112754011,-1.624448214625613)
 (-0.28386221162779507,0.90349745237549184)
 (-0.68070578830879502,0.95908120160907029)
 (0.50713050283838057,-0.69334296316083366)
 (0.31344419118232147,0.55118143361996152)
 (0.75164622380892809,0.82903921771894451)
 (0.51811020115487905,0.50560288263544284)
 (0.90783527139390896,0.052016857022018227)
 (-0.44100711219002942,-0.13925308648043411)
 (-1.0446670904819071,0.93945084571175896)
 (0.13451903594197792,0.13686957544953748)
 (0.81866356387750328,0.098711996606924174)
 (-0.72550456185610201,-2.0256849599857931)
 (1.4164135416729484,0.83287257808864501)
 (1.1695067558340959,0.067596216299392803)
 (1.6759462245951791,0.0052438914583777573)
 (1.0942971597241535,-0.60441520980862395)
 (-0.94210766042437932,-0.87823059225838807)
 (-0.54379870152632137,1.4768436806483818)
 (0.40577434113078276,0.47577995402495116)
 (0.1504471550843689,0.39478297572004517)
 (-0.4525912397549971,0.49151183070839355)
 (-0.17235506490956334,-0.39313400289699679)
 (0.041310869042941685,-0.31295934116083401)
 (0.72958348722977984,0.37508700715942306)
 (-0.066797557040820882,0.41258192957517115)
 (-0.062696048792984488,-1.4051435740857281)
 (0.22555046585310459,-0.65751926006138595)
 (-0.47660002432062176,0.5565549623045819)
 (-0.25883967718800371,0.40129367587334852)
 (1.1363942869291555,-0.70117322278456273)
 (-0.74838855801765891,0.87805999401176971)
 (-0.90924935821021591,0.099471857459920002)
 (0.11266566104709239,-0.63670679898920302)
 (-0.30080029966799327,-0.69202375599676536)
 (-0.14380277878343292,1.1691348863583408)
 (-0.80035606775354584,0.27733039472259463)
 (0.48937261219673461,-0.92068250930299911)
 (0.39065957314645661,-0.014112568139354411)
 (0.35321613290243398,0.33760268369818669)
 (1.0086442661630683,-0.27500109259957511)
 (0.13653906250512557,0.068343334481246854)
 (-0.63960972714891673,-0.10164849783925776)
 (-1.2539767393715433,0.64509260759548648)
 (-0.75667402516854576,0.59651278512952233)
 (-1.723516315987675,0.4294560584577769)
 (-0.044790226346301705,-1.6822222220764402)
 (-0.27953993334484784,-0.49958635637497872)
 (-0.36152829271679221,0.5154835894564529)
 (1.0080093910426611,-1.2194982579784794)
 (0.10424376743547557,0.0061857358552945413)
 (-1.1432929242523251,0.35434522681090802)
 (0.83999703018516492,-0.43664914462985677)
 (0.273474507636774,-0.28356443444541601)
 (-0.52499491260527031,-0.57991010120160325)
 (0.3780595432087136,0.02718496511318182)
 (-0.41188451157042116,-0.058312158029632265)
 (0.51235529927021273,0.5788551103501105)
 (0.82774044503608868,0.30609485420799309)
 (0.40176508778749892,1.1470958885242237)
 (0.1800832704738087,-0.40443579745433689)
 (0.036711453958204791,0.39232954039755152)
 (-0.37477398966406816,-0.36048913842905134)
 (-0.28528812368807061,0.23083378082031128)
 (-0.074870868540367827,0.63711505282720682)
 (1.1681266607066185,-0.29573484221763652)
 (-0.50352340187527611,-1.5235765137264003)
 (0.98914882453102826,-0.84026197572054839)
 (0.20091858733256579,0.75975451586958453)
 (0.049290984915344394,-0.21587042608462545)
 (0.033537709183919108,-0.92896873657921142)
 (-1.1484580310131125,0.081535867604792964)
 (-1.1264931460320211,0.53917669246782252)
 (-0.095095116759520287,0.70217710358522534)
 (-0.19890839758146364,-0.213014271625695)
 (0.21521937613679312,-0.42532386717199649)
 (0.31548606876674795,-0.032296419604310456)
 (0.29483851669487043,-0.2495193865569281)
 (-0.19955706832307382,-1.445226430850419)
 (-0.12432449728286087,0.91509495253981088)
 (-0.58519567214836965,0.70953105306412034)
 (-0.24920535050178297,-0.3028809805221066)
 (0.42213090329279684,0.31632337001669603)
 (0.077555474057595178,0.25386239672824751)
 (0.17424819747370307,-0.43660897142052985)
 (-0.37546088970179714,0.73929022012058332)
