# Created by Octave 8.4.0, Thu Dec 11 09:47:21 2025 IST <gamana@Samsung>
# name: rician
# type: complex matrix
# rows: 2048
# columns: 1
 (0.74429936100440974,-0.077533652113608492)
 (1.1733132992246138,0.038164983850526857)
 (0.64131748203799055,-0.70140953684137319)
 (0.83806488962801173,0.1983094536747326)
 (0.85408938096613718,0.46126597640647549)
 (-0.58364656845046436,0.17906524728043557)
 (-1.122766764346786,-0.55526739766922484)
 (-0.36389478498375105,0.78623951393789282)
 (1.1041817979334294,-0.036956560564784392)
 (1.4623305187643179,-0.24666029840390077)
 (-1.3174887945007741,-0.31936254872111702)
 (-1.3418302980924994,-0.17329494513494401)
 (0.88506794410282308,0.53027473365972555)
 (1.1354831240823291,0.47074457992430074)
 (-1.2271056052819092,-0.55349790180336189)
 (-0.90335892442171484,-0.025193761419400135)
 (-1.0289425142823034,0.20093830228132536)
 (-0.17426959861184244,0.18546563847022879)
 (-0.9004840503138849,0.51573381799538254)
 (-0.82020344121500899,0.099531632122069599)
 (-0.80932647993039208,0.46179505598845655)
 (-1.0405887890093246,-0.52861496805519848)
 (1.1591627268410862,0.61327484652115372)
 (0.9082212799628463,0.054930567866486466)
 (-1.092855440187539,0.4688842730954953)
 (0.99854915108637854,-0.22440345864271039)
 (0.99497331724184424,0.11303476254905967)
 (0.60701999627725933,0.39805409299452282)
 (-0.84919418739067343,0.17823557616690938)
 (0.9680910096441262,0.25540374836043339)
 (-1.48334556984337,0.12790745885613236)
 (0.14064980822996453,0.4969348746178871)
 (0.70079606049573662,-0.67406962981677787)
 (1.0274749368269842,-0.35619752570875512)
 (-1.0565124057244506,-0.077010073708635218)
 (-0.068844202034489155,-0.2921326571235211)
 (-0.65624955382409278,0.0053073417393047972)
 (-1.3611292517956839,0.34297985888406818)
 (0.89920338817260881,-0.29306307772379031)
 (-0.56547655251391671,0.18358288499446257)
 (0.76300449246586,-0.10943677380187178)
 (0.13992997502322413,-0.50205451791414379)
 (0.38224218650220387,0.19471344698875656)
 (-0.4722474788537559,-0.3648480326835159)
 (-0.87682578322017002,0.71188829774288842)
 (0.16623697977698648,-0.66879877327638204)
 (0.6462423906788306,0.29951101126926866)
 (0.8282723770811008,0.31762127917986127)
 (0.87148921189482187,-0.0051051685496024376)
 (-0.061997974444204407,0.057800601540187881)
 (0.3656923961251084,0.027941848262516129)
 (0.87796642205192421,-0.40718751594841635)
 (-0.51645460062656656,0.51506469566242752)
 (-0.26552104639415564,-0.58922040987618551)
 (0.58346081448149878,0.082181208499895936)
 (0.42880856307746557,0.005790541341104528)
 (-0.88741070834330793,-0.25875437681166336)
 (-0.18646117557616748,-0.064961266029375617)
 (-1.3070015008166698,-0.11473693656424569)
 (-0.92806887507263502,-0.05937907838844321)
 (0.91177446280743601,0.21163072188515905)
 (0.69719602415805304,0.07054436033855338)
 (-0.47409282726680968,0.33479684546951949)
 (-1.2489490553766456,0.58119003533592728)
 (0.76248256442856077,-0.31752342784292054)
 (0.62164923616352241,-0.1055770594313292)
 (-1.3175275495345411,0.14300552618085971)
 (-0.95492717967216745,-0.19245999484868959)
 (-0.94152734923756742,0.10027591505634359)
 (-0.60360960740310654,0.40904659343250999)
 (0.88708290087429331,0.48036553004171495)
 (-0.91739983440126638,0.5318085799600456)
 (-1.3782303283737125,-0.57934149379657285)
 (0.98694555015102603,0.29731899211860296)
 (-0.47118570612417709,0.072223112824164978)
 (0.9528898534753395,-0.063981496847906952)
 (0.61098409084299821,-0.43226714222852008)
 (0.31096350784505411,-0.22789114939480346)
 (-1.0015762673496713,-0.49493706191397357)
 (1.3136628401076396,0.13431615955778306)
 (1.0584526291616361,0.34030197866156769)
 (0.853335726808093,0.098744666550085416)
 (0.64661042325953011,-0.94174833831285243)
 (-0.99462052057315975,-0.036665834707926767)
 (-0.42606049149490671,-0.45567135170420403)
 (1.2514693159518115,0.010305565089746525)
 (1.158066112894204,-0.065265937388762504)
 (-0.97649425363119868,-0.46840129533721103)
 (-1.2459472011838095,-0.41103073966549086)
 (1.0687387768067689,-0.35695714120909477)
 (0.92406221232888308,0.35028546167587238)
 (0.58136020177983427,0.048853631743343305)
 (-1.6833567496140462,-0.042704034816042048)
 (0.24453500182252386,-0.2940172106754933)
 (-1.1424589940228471,-0.34399467256425503)
 (0.21809208543593039,-0.0215266706048752)
 (1.1268089489024971,-0.040778902466452924)
 (0.75987051886020007,0.092009606066684888)
 (1.1226048677260883,0.19657356487035316)
 (-1.3445313880845926,-0.11069636566084376)
 (0.94553920872175634,-0.045742567982282552)
 (-0.86902956675376142,-0.44076853640870223)
 (-0.83642638949771253,0.30546954583151009)
 (0.014277087965636315,-0.71971177648189222)
 (0.2435781764313194,-0.086919476543389981)
 (-0.80832470186812455,-0.16012491339884419)
 (-1.0809428438446673,-0.31689237673827675)
 (-0.56358108320241096,0.023780063416790426)
 (-0.62197746816545785,-0.46669539032460139)
 (-0.30418546204384689,0.66076474375473893)
 (-1.4310916573532795,-0.12352471360026618)
 (1.6613212476344095,-0.7007626712830034)
 (1.0600646059468881,0.77988209439029343)
 (0.37631204313172895,-0.49039872377512522)
 (1.2029271388997,0.92348059258794202)
 (1.1472801030992996,0.021201323959482092)
 (0.22287076821835894,0.060135924425396912)
 (-1.5260020871320363,-0.037829888810861613)
 (-0.86893020610613581,0.13141463923058366)
 (-1.309180124513315,-0.12480164621890349)
 (1.3513179094724397,-0.51653152853030282)
 (-1.0735023833404107,0.13189233005795953)
 (0.47741548124369776,0.13626201439266636)
 (0.23362750051164594,-0.094512980395302051)
 (-0.7941901663171026,0.25325308045821693)
 (0.70297871954137903,-0.16246426030593358)
 (0.96649021609033947,0.37332306480570537)
 (-0.39229444039200295,0.19716226427753167)
 (-1.4406472947550983,-0.35320916312164746)
 (-0.69124253723888496,0.56650419900486704)
 (-0.32105180023065827,0.37350508713741415)
 (0.48041721909737028,0.37537267043012645)
 (-0.51533698714109799,-0.13759798905732903)
 (-0.69217830367928701,0.0090013476233233754)
 (-0.92874256299615354,-0.47948345657833091)
 (0.80069058201343279,0.11179635723303057)
 (-1.4858245051905554,0.42686418564546302)
 (0.59654285435313326,-0.38667771268326773)
 (0.8812350095870467,0.53234658668002532)
 (0.68201135082017905,0.27067964434124331)
 (0.63285325044871832,-0.047211740757906365)
 (1.0374610597787284,0.14444652088631871)
 (-0.55869965214825923,0.76822165522670638)
 (0.79675847862962712,-0.2123130797742098)
 (0.35590331087391247,0.14831527436779632)
 (-0.53906792134151749,-0.22915556744113941)
 (0.94028128448299131,0.5098852733894913)
 (-0.844183383836283,0.34088909821686775)
 (-1.1225776399814076,-0.28448246096025065)
 (-1.6797026876134806,0.47295051455014014)
 (0.98142560420592573,-0.39729614323541651)
 (0.75025202919155853,0.42947854460824741)
 (-0.80234800608085521,1.244602176288667)
 (-1.016597038152425,-0.082908581355777708)
 (0.48060601489954757,-0.67666876075978089)
 (-0.17268009335484558,0.81047566271606675)
 (-0.87462970751829394,-0.18623493942305611)
 (-0.84494315589279667,0.096731968512917779)
 (0.98400060460518379,-0.33984986013751239)
 (0.88632235281084182,-0.0012390785312574083)
 (1.5696972207019397,0.45319531602957186)
 (1.2070877321144744,0.18065945049745183)
 (-1.0457630679782575,-0.092856989443969487)
 (0.60365921907324238,-0.60606279538508945)
 (1.2047365280536131,-0.071294096833323883)
 (0.96968986859348572,-0.34649480744711608)
 (-0.55248017896309931,-0.11430697960517115)
 (0.84007752107796618,0.43294411915327652)
 (0.86289391528299209,-0.41602889297306989)
 (0.39373771039846617,-0.22975080742679427)
 (0.86136328463072709,-0.39054276177300506)
 (-0.69529236440428677,0.050677347819427079)
 (1.2592817279751887,0.15314421139949672)
 (-1.521036108340116,-0.55858520353659313)
 (-1.2558538837749973,0.24409904551943967)
 (-0.6455069809272711,0.39077763515288921)
 (1.1990362705070186,0.27982231534521546)
 (-0.76689911485738282,0.047062668422255052)
 (-0.78601954120850981,-0.096812140993051188)
 (-0.96420350529098398,-0.67562011903407548)
