# Created by Octave 8.4.0, Thu Dec 11 09:47:20 2025 IST <gamana@Samsung>
# name: rician
# type: complex matrix
# rows: 2048
# columns: 1
 (-1.4980738379112286,-0.048789039283496448)
 (0.90075249469196694,-0.089583168879429784)
 (-1.1702014541228181,0.19035002757166136)
 (-0.33290253191608443,0.28809478705479841)
 (1.0672137903303311,0.26928143386177478)
 (-0.74288326842323549,-0.64848062405103302)
 (1.1780508226136681,-0.22860557332462544)
 (0.59538175699395413,0.17264243454289296)
 (0.78230106502787045,-0.09914860738754179)
 (-0.42063073158897607,-0.31486733858896138)
 (0.49128075066196086,-0.68388199022675233)
 (-0.20273684544327486,-0.12579386710662405)
 (0.91200498200270452,-0.15046793301377279)
 (-0.68802150572179743,0.16607702164625698)
 (0.4482984893862349,0.03317847746462859)
 (0.5496736962660822,0.25235258386951426)
 (0.91199778485716687,-0.71748448240083162)
 (-1.1379871077106318,-0.28050452877313004)
 (1.1547175693439731,0.36821034727169472)
 (0.56196943118066822,-0.74474014587435067)
 (0.80206770738774624,-0.17791890086361151)
 (-1.1425230846873087,-0.15987867770779943)
 (0.7760550053105093,-0.23128977887223201)
 (-0.59488885549976067,-0.19337696584501757)
 (0.90925932630176043,0.28456153764125175)
 (0.91917994571286088,0.29416949864921071)
 (1.0078282969535166,0.16535208152259268)
 (-0.83730342735390806,-0.79411138548151938)
 (-0.90708335851427779,-0.27247254418999062)
 (-1.9716575162928636,-0.34030512312599875)
 (1.2735707400671046,0.44138390942665423)
 (-0.090115386158069688,-0.038985122178670215)
 (0.88184587339093767,-0.00531022870987574)
 (-0.29754786448174098,0.3437084702253656)
 (-0.39059488274844173,-0.1530443095572368)
 (-0.85481742110146064,-0.27037113474500418)
 (-0.61033473425467411,-0.35730049834011579)
 (-0.80620450913104069,-0.38175269596352568)
 (0.71109878253234449,0.10407554355381139)
 (-0.94008707092412114,-0.42421834793393925)
 (-1.1660224109633748,0.39328614680806728)
 (1.2090239168766201,0.35637478131760608)
 (-0.59787830244769025,0.30067233524570625)
 (0.84347313994782247,0.075365569834814863)
 (0.88878789608414088,-0.047277894744638817)
 (1.5134838132057684,0.0086069794972194573)
 (0.61098052531573643,0.16907070546579597)
 (-0.73219178950543651,0.0042123023902755205)
 (-0.99308510115545445,-0.32851270460580034)
 (0.45497197377286502,-0.18394498271979581)
 (0.96472637226094182,0.047319352028361683)
 (-1.5810981674648474,-0.20335872594941309)
 (0.54441872246550094,0.4165855395435627)
 (0.25054232974884616,-0.58133460456182884)
 (0.7883488665427193,-0.66282329235331883)
 (-0.52179689476927238,-0.15683713751313116)
 (1.0544382713760303,-0.24740879707847754)
 (-0.92067071621262864,0.39188032214413293)
 (-0.89500668569657604,-0.71556663378678398)
 (1.1045897349573668,-0.63777592875734324)
 (1.2956905622555368,0.27754008579704331)
 (0.6850308959101824,0.15988719627423578)
 (0.92454626924231909,-0.022259791531387518)
 (-0.83317736773364326,-0.28155911810272766)
 (-1.1369372417120709,-0.24113521824987902)
 (-0.89865052253388489,0.2756210894566416)
 (0.87596964709173031,-0.0075358979735736433)
 (0.82216825665589965,-0.38330983080631975)
 (0.43736149455882289,0.42685537589751965)
 (-0.63678977583543839,-0.268642995412955)
 (0.87188684871585742,-0.16429743451113701)
 (1.0772209283520771,-0.04485140680287477)
 (-1.1995636329688353,-0.1181725710813086)
 (0.62335930354868407,-0.11507859298269815)
 (-0.91250663454901615,0.0068127832180636411)
 (0.82116462933401702,-0.19294998028770308)
 (1.0067668542922381,-0.013769805729809742)
 (0.3763068336871766,-0.095689826630966021)
 (-0.90802771238731217,-0.088317608754343094)
 (-0.14698220509036264,-0.14888825532528521)
 (0.81009763327748452,-0.14003867591447536)
 (-1.1168356300493072,0.176160792075261)
 (-1.287024160383375,-0.13369407846556811)
 (-1.1515395728001163,0.18976031963386608)
 (-1.0054470822767616,-0.03640603344759779)
 (0.90451002149520099,0.51011664516287281)
 (-1.1897685012206962,0.051539233419695518)
 (-0.98932563963461684,0.041532219587762639)
 (-1.0510597651520472,-0.42145518853918923)
 (-1.1652224879268398,0.2702966726654456)
 (-1.3779047725129079,0.54445122132658574)
 (-0.60736129286446638,-0.47344907197164959)
 (-0.48227999415190537,-0.62411230043317889)
 (-1.1191419610290874,-0.40734074354639493)
 (1.3238566321388847,0.37698790614257954)
 (0.50861746226174631,-0.51909975713946321)
 (-1.2639207901963165,-0.46392822084663393)
 (1.0030784734319607,0.37203655366483246)
 (-1.1778878622499391,-0.28454526336117719)
 (-1.3821423081644739,-0.084764340028419399)
 (-1.0337676959736808,0.12556762060897403)
 (1.4403165601039385,0.1038069103097938)
 (0.90726117634566283,0.10263794513085701)
 (1.1074137688499333,-0.19812417657890313)
 (-0.52213413078791682,-0.69713547195300274)
 (0.46173717491660166,0.44279609309926021)
 (-1.1546867283539031,0.74600462948660995)
 (-1.0367928752020341,0.10253699791365187)
 (0.97492220681677288,-0.4889956220294816)
 (0.76556283915611589,-0.20052864982988156)
 (0.34203095385355198,-0.322490349266915)
 (0.80948346292494211,-0.26528145315279011)
 (0.21200547320889751,0.19737562741846537)
 (0.35910253419801008,-0.73547769974623789)
 (-0.60526724735439574,0.39361039539539339)
 (-1.0600284960522828,0.28890014707861283)
 (-0.71296193983674372,0.01420939103855985)
 (-0.88888855134699341,0.30926201196663633)
 (1.5646972933100005,-0.81043083747970557)
 (-0.814164371672918,0.025607651751813926)
 (0.95286105320328596,0.33192453287042734)
 (1.2991439188520912,-0.22152860088034484)
 (0.92277904502251629,-0.18763572055789648)
 (0.77485559075172628,0.030484871748515031)
 (0.85382385947285921,-0.240714270424053)
 (1.1277055474273319,-0.45987140955260603)
 (-1.1496935931489021,0.082292699382271989)
 (1.3831779343022055,0.14784420651363991)
 (-0.99857325632223259,0.28558367853927463)
 (0.96491295490221263,-0.21447188109590026)
 (-0.85340268288246379,-0.050877945534740031)
 (-0.46894335937582415,-0.13418817630520594)
 (0.80084840072693397,-0.14357314906530624)
 (0.48171634927823931,-0.12632316478737221)
 (0.96079465685023124,0.41259827346130806)
 (-0.58520703203395885,-0.050313176077957218)
 (0.68958169599467523,-0.2718223863648172)
 (1.0211337126473139,0.53751950181980279)
 (-0.78965675248231526,-0.28785990363676872)
 (-0.80454930473475839,0.25050020359045078)
 (-0.36917631518867861,0.52432127717206378)
 (1.4174507902331612,0.050097645154668462)
 (0.98432475619114301,0.2120317428093996)
 (-0.7468141086134259,0.13506548838514704)
 (-0.58582003646088787,-0.038169222875870136)
 (1.1993552461085271,0.24851997791252189)
 (-1.2495183394666038,0.52075562876996928)
 (-1.1657663927048381,-0.31297281478266165)
 (-0.79558709052798182,-0.062130911373737184)
 (-0.90012339509964268,-0.066954290545795048)
 (0.66502944887749682,0.10818301940366046)
 (1.5473971907369979,-0.18071767592042473)
 (0.95662839341556982,0.47707339564958412)
 (-0.54140532167948519,0.31166814707938961)
 (0.43824591157875908,-0.10081574401266966)
 (-0.8389105592086894,0.26965295566032776)
 (0.78136631058011263,0.21917058285520236)
 (-0.18983686798254851,0.50653668643798899)
 (-1.1761524275480406,0.64673403892523562)
 (-1.1987844442737987,0.53054851493186239)
 (0.39561325425425453,-1.0648218430782905)
 (0.60024949653676773,-0.10123620263840695)
 (-1.4658116780424741,0.33720589170126963)
 (-0.50746884412879734,0.18166670685828365)
 (1.3117477277389309,-0.19550854440462351)
 (-1.4286911810706937,-0.40306678791331896)
 (-1.1068426586482871,-0.0056259017554237765)
 (0.73401706482571694,0.21647039009273511)
 (-0.94939110727640985,-0.27116887005997486)
 (-0.73246840851432549,0.37407692274226689)
 (1.361539388816249,-0.72874012941882071)
 (-0.57660219287206604,0.29259816455015136)
 (1.5009949171599644,-0.11055480291497884)
 (-0.98961039222546077,-0.25080510648658116)
 (-0.76764348763893864,0.61405512882861102)
 (0.93932256722205765,-0.73400419070562561)
 (1.055721103548791,-0.16918123427079829)
 (-2.1329732178109815,-0.43292238758682866)
 (-1.3751133794562396,0.43432389140569705)
