# Created by Octave 8.4.0, Thu Dec 11 09:47:20 2025 IST <gamana@Samsung>
# name: awgn20
# type: complex matrix
# rows: 2048
# columns: 1
 (1.0727036609730494,0.014165073573161786)
 (0.85641255045525477,0.058893900085149289)
 (-1.0625949912418042,-0.015112683794628712)
 (-1.0229047333023302,0.076281983013147675)
 (0.97919696997789329,-0.11508186308308553)
 (-1.0060211336408011,-0.084991626263465375)
 (-0.8837662284458615,-0.055131460233988933)
 (0.93188697859274627,-0.0020911645462762659)
 (-0.97232681706967483,-0.028878295464925527)
 (-0.95536017180317911,0.039409985893580267)
 (1.0259100259527789,-0.061292136127980158)
 (-0.97329840424942837,-0.061085984715224466)
 (1.0589969039025344,-0.071185044912360149)
 (1.0720869717192738,0.025582369942342975)
 (0.96062892337429628,0.15581940848134021)
 (-1.1545332595557369,-0.03330377798412941)
 (0.9749021556090689,-0.05641812025137765)
 (1.0535859810934065,-0.10238344343978206)
 (-1.0746730495566648,0.070876143740971217)
 (0.99605353679297581,0.075449454784588643)
 (-0.92166692538205042,0.0053184025087213149)
 (1.0236153727967854,0.015049332115048136)
 (-0.96933321346375578,-0.063692063848453759)
 (-1.0834057532052714,0.036121643664008184)
 (0.91705847142406849,-0.053796401234717732)
 (0.97525194926260239,0.10952767230919513)
 (0.79351102085711378,0.022249868400686115)
 (1.0239244583134679,-0.052609305473850745)
 (1.0084071534947168,-0.076887752943456705)
 (-1.010820567937267,-0.080438491924253175)
 (1.098128321960302,0.071195017070188257)
 (0.99018396727550639,0.08767777607296301)
 (-1.0281086060201756,0.0026328224762341857)
 (1.1227401140668232,0.027138673994034364)
 (0.98478968442002179,0.0078475909075217364)
 (-1.0733542772791476,0.051772426630809457)
 (-1.0750146652826771,0.069464106957500327)
 (0.90318544236869325,-0.012467429335023228)
 (0.9801667163178025,0.029856983902156943)
 (0.96674108098206435,-0.16625788202290032)
 (1.0220804466846962,-0.098667959334994629)
 (-1.0673802513182991,-0.04950289340805366)
 (1.0079568574118183,0.061697608303377484)
 (0.89966583167162872,0.11364560253689943)
 (0.97255255787993178,0.0043578798756578547)
 (-0.92938724048349064,-0.022285282779578662)
 (-1.1483128588054892,-0.0095162594370731997)
 (-1.0759424051198494,0.042465931105202456)
 (-0.9969809909850097,-0.032548641056746805)
 (-1.0118537045544187,-0.029391945163616425)
 (-0.9688376325775423,0.047310516101256569)
 (-0.99710542262836976,0.078454370536550092)
 (1.0033553591050672,0.038985719775989358)
 (0.98704816164018405,0.18619922794285801)
 (0.92204269749082357,-0.0055599289674621646)
 (-1.0791992651484872,0.11149461818600473)
 (1.0159377668734173,-0.089705957991880345)
 (-0.84661258512706938,-0.03672744251621677)
 (-0.96709365130259528,0.066193487895019484)
 (0.93503331686500313,-0.038329875111346813)
 (-1.0665277888028779,0.015100348668313149)
 (1.0670212355070618,0.048108315650768167)
 (0.75739874925442185,0.034770818455716938)
 (1.0401378123143812,0.11058270400018624)
 (1.024500564513017,0.014504864701429193)
 (-0.93506189433147757,0.06642952562617703)
 (1.072939023075409,0.054871017892871778)
 (0.98172422619740007,-0.020406570980359081)
 (-1.0370921590784385,0.10446555379999943)
 (0.85277345652883185,0.12978298750318945)
 (0.93704899157370103,0.0029108088023317696)
 (1.0975860076904698,-0.044180653928757307)
 (-1.0141510475213138,0.010862594613382612)
 (1.0954077640973172,-0.0025454514826774867)
 (1.0332204852220932,-0.015144885404514153)
 (0.95496324825120349,-0.036396028680621043)
 (1.0308769464087295,-0.016233611480418419)
 (0.99591619995997627,-0.030335680574317278)
 (0.91835718281904544,0.0035654564173727915)
 (0.95732571209661288,0.077603941090610362)
 (0.96346147392903725,-0.12583471039720287)
 (1.029043957100007,-0.015919735727074977)
 (-1.0613504384789962,0.0056338765253811244)
 (-0.87020413156443621,0.025194877687831616)
 (-1.0708275991652609,-0.085870440093216344)
 (1.0856145779327686,-0.00034810679965810117)
 (-1.0171404168059179,0.038143830030462247)
 (-1.0182381211604101,0.059984035001593078)
 (-0.97983117530133357,0.050484145433710076)
 (-0.97888910170869137,-0.053101281431795967)
 (-1.0390981608418437,-0.10668960312129605)
 (-0.96563643504567442,-0.00092136271056117664)
 (1.0242415210982239,0.052281871560440729)
 (-0.95320892060077855,0.052197476707784754)
 (-1.1343450482995405,-0.010199724017010437)
 (1.0609622495297266,-0.11495121823483312)
 (0.98060461955662481,0.15050274209627934)
 (-1.0561782695693835,0.033509235948883519)
 (1.0110213738700942,0.033928691568857604)
 (1.0391995463539478,0.037203104788874002)
 (-1.0685495056592185,-0.055684846624360324)
 (-1.1269492983845932,0.030337389852531316)
 (-1.0464812395398251,-0.034390393612192587)
 (0.98272356019536777,0.027178572038577632)
 (-0.87227094063706789,-0.035626796582202573)
 (1.0488627584743084,0.058960335712608197)
 (1.0813734654668745,-0.11796235272035208)
 (1.0308715277982703,-0.02364026954122854)
 (1.106050611133826,-0.039893954271657414)
 (-0.98027992577464096,-1.3109890027801153e-05)
 (0.93143616984817013,0.065428895532532241)
 (0.93444455891399625,0.035798324771752058)
 (-1.0962491384429451,0.022199460864620098)
 (-0.96229159741544557,0.063064852468995874)
 (0.91889974451122947,0.047866200224206651)
 (-0.98701586432585775,-0.15718140917394813)
 (-1.0381699421360093,0.034096400684952712)
 (0.98218463704728276,-0.044251743268745106)
 (0.85240614359083999,0.038375862565904188)
 (-0.83497045824641192,0.14421903534806696)
 (0.95931434770256163,-0.025720114270326624)
 (-1.0927144382528158,0.064230495503655685)
 (0.93622505189962502,-0.038602050860277265)
 (-1.0628247673132893,0.0091873952594376529)
 (-1.0628758619370284,0.067866555938190298)
 (0.94629923026821683,0.00059971537133424679)
 (0.9942466245255045,-0.031623130461528738)
 (0.94196474489594717,-0.072263397900562687)
 (-0.92161359494461781,-0.0086241920696487357)
 (0.93436608900418294,-0.1046087874307346)
 (-1.0797183633194187,-0.10043642681565175)
 (0.9696485572536867,-0.076496275807499986)
 (1.0819048441863717,-0.089764239307925139)
 (-1.0764051398375041,0.015778776289399814)
 (0.91974067652719749,-0.037629851801987857)
 (0.90541706112428744,-0.010830239801272751)
 (-0.93745821316133948,0.062477659825351917)
 (-1.0573335682111431,-0.092972570805209584)
 (1.0710993316651576,-0.0016457399358797888)
 (1.015699900443416,0.043047801365325877)
 (-0.88446911571454567,-0.17946643910243937)
 (0.95370369980364544,0.0053729744130234687)
 (1.064191129137394,-0.069533088061308174)
 (0.99417847367983392,0.064553770125835158)
 (-0.91139410012640365,-0.026439049181395294)
 (1.0377371660800661,-0.10926713699997069)
 (1.1559478364551312,0.058334929937410421)
 (-0.95424309892516523,0.15620216544837762)
 (-1.070656239533724,-0.018332164176384589)
 (0.93991479864877803,0.0052318456862723225)
 (-0.99521813510202184,-0.14342416200619712)
 (-1.03877919922579,0.037751014494804343)
 (1.0715278429185939,-0.031531500220976894)
 (-1.1009777707423611,-0.013523926606876941)
 (-0.95636967933880068,-0.087628045079893024)
 (-0.98510690286473401,0.090326469681381805)
 (1.0036396066956708,0.025423379632295476)
 (1.0083076273752813,-0.047637614696799488)
 (1.0080650097961541,0.021719175585924566)
 (1.0546044111507007,-0.012566658536624345)
 (-0.85101309167597727,-0.09326658895117515)
 (1.0131027210923147,0.10207842208753903)
 (-1.0019970036089754,-0.038879822830022254)
 (1.0382371082974795,0.013380707718686305)
 (1.03579051415878,0.050654134102078863)
 (-0.94515955796190521,0.013831442392382777)
 (-1.1186554109161675,0.016700231683424483)
 (-0.96095214684059271,0.01471047840978304)
 (0.90943148283672448,-0.088962323127680487)
 (-1.0516451098222328,-0.024088268303503631)
 (1.0739368173488852,0.01958303336771185)
 (1.0551699362112736,0.051957793782376666)
 (0.95074660944995981,-0.089410238718412138)
 (1.0562170245921805,0.092162248102673788)
 (-1.0326369743999011,0.030962019343346994)
 (0.94478313887314258,0.013618941702774189)
 (1.0686074482497678,-0.045019342946875915)
