# Created by Octave 8.4.0, Thu Dec 11 09:47:20 2025 IST <gamana@Samsung>
# name: awgn20
# type: complex matrix
# rows: 2048
# columns: 1
 (-0.93965418704179693,-0.099313319813346179)
 (-0.99032126712189239,-0.032027149221529182)
 (0.91415212107410815,-0.10103757431543102)
 (-1.0919788457282293,0.023812075600615972)
 (1.0150417218368888,-0.12886946496207441)
 (-1.0714591412021264,-0.082639260659301994)
 (-1.076739712839637,-0.055722477948317278)
 (-0.9491645243896244,0.12852802980346853)
 (-0.96829964066660812,0.027523658882714588)
 (0.92237906263377867,-0.021173725673722218)
 (1.0268895529046524,0.099045209349936436)
 (-1.0386853371173235,0.062222458439074715)
 (1.0088496139734919,0.019386128668482907)
 (1.0039316695969331,0.12595583850017378)
 (-0.91170696205535184,0.055200690509748629)
 (0.9187354668797838,0.063965198223112571)
 (-1.0582526982520064,0.0092693486579233011)
 (1.0665108573417628,-0.0059906259435889156)
 (1.0051611249444599,0.032055334283388602)
 (1.1532827163906669,0.077943078528822693)
 (1.1243378843073044,0.092639383350430482)
 (1.0718187052667756,0.14506481652710765)
 (0.97711830424960211,-0.024940881363923539)
 (1.177881770323407,-0.038814298870957165)
 (-0.93673561849132836,0.05940145752727069)
 (-0.95463391511549167,0.11259227407548045)
 (1.1000760116381663,-0.073484888067323215)
 (-0.98092469604234678,0.0019314605803868194)
 (-1.0925424734336366,0.045520182585402191)
 (-1.0862626620453963,-0.020605218773849659)
 (-0.81990707627126114,-0.063289395958504288)
 (-1.0415070221514469,0.11037834276535655)
 (-0.89166231021455156,0.03669099059511368)
 (-0.90440928024975409,-0.025322298295161794)
 (-0.93796459159644208,0.049467614165828212)
 (1.2057823970803669,-0.060530416101152652)
 (0.90903988447751849,-0.083027451642012182)
 (-0.91927054711509881,-0.036346775228184892)
 (0.97086493320702594,-0.1194431710149319)
 (-0.9796610391734174,0.1017905181384671)
 (-0.99129489017672656,-0.023858596927859115)
 (-0.9201891382177968,0.10807020671839306)
 (-0.86606863668457867,0.076654896604540307)
 (1.1459948774225037,0.047770578691132271)
 (0.9666785724193655,0.045803806413580776)
 (0.97043099230034724,-0.095996140185972356)
 (1.085045305896539,0.072584186431139897)
 (1.0901456320481957,0.048017729442167034)
 (-1.0071265074759082,-0.033935521132335798)
 (-0.88002858756753466,-0.0061921354127373041)
 (1.0633900696635286,-0.04893123428919699)
 (-0.8925356985006625,0.036888802425953056)
 (1.0407686805267549,-0.017353611161691675)
 (0.92684748791640881,0.0037630638809892933)
 (-1.0042844225912839,0.10213261576874849)
 (0.90499368013136683,0.0080121904206920305)
 (-1.0008826008941318,-0.046208493046950003)
 (1.0071331688627096,-0.063111279745711665)
 (0.99332652789603204,-0.21663178857239496)
 (1.0310520333290791,-0.095958433969430643)
 (1.0752943247671356,0.085628871293073422)
 (-0.92597163126822757,-0.022417606368001122)
 (-1.1276503609940989,0.12607251015037965)
 (-0.98771216374450177,0.0076279317733607428)
 (-0.93082146809636213,-0.033554335150502997)
 (-1.0845773288961404,0.030501033905905008)
 (1.0356768485646695,0.092635406039199453)
 (-1.0225815104701099,-0.048987759286464719)
 (1.0531853880001953,0.011545022060439341)
 (0.99997668069397971,-0.064189756075086465)
 (-0.99599485138781307,0.11172433681095031)
 (0.95059187546713486,-0.007949319811685172)
 (-0.9605258468069362,0.027333311431875135)
 (0.89998151124723402,-0.084609700437518781)
 (1.0017470440431306,-0.00079631917861956053)
 (0.90643778479778914,0.0009978060241306074)
 (-1.009167766049111,0.080155975848049552)
 (-1.0365464783786955,-0.032269163737552294)
 (-1.0777092746109924,0.053506614572057624)
 (-1.036924893231451,0.0077381459838284017)
 (0.92277002531445684,-0.085376631989022844)
 (-1.0691635305778848,0.014863681213716992)
 (-1.0276207436002851,0.020704883121331615)
 (-0.86923160460392723,-0.11416035013398117)
 (0.97790874322181198,-0.010022147112139407)
 (0.92722822938718319,0.031210170085930633)
 (1.0547322792642171,0.020683741874210682)
 (-0.95034731854295085,0.061091438639181796)
 (-0.98351302247552064,0.11796356066241452)
 (-0.9969157157447458,0.040206677993859637)
 (-1.0718483918360866,-0.044227723859176046)
 (1.0171131657929342,0.030889333798818992)
 (1.1579505331977815,0.016409798549699307)
 (-0.9559946956533224,0.05581267202614093)
 (-0.97923366566174752,0.062358408387461477)
 (-0.96753861282400022,-0.029726514761679746)
 (1.0947235968016387,-0.067503367418093638)
 (-1.0704968822264607,0.06254095492538482)
 (-1.0258934281464807,0.043774547681898368)
 (1.1016981029971804,0.0068666344811707794)
 (-0.95086576662563183,0.036112517102229312)
 (-0.9811311932946839,0.065671386423472741)
 (0.88127774584794638,0.033078089150716264)
 (-1.0132517268933872,-0.013336333533922041)
 (1.1087550287948995,-0.078581990403724378)
 (-0.90817382435542504,0.10284631923176908)
 (1.13418610953126,0.068439358686461393)
 (1.0179155802183015,-0.0050158695887375336)
 (0.83587042245810916,-0.099614124171187077)
 (-0.92807076805459265,0.014463573278363742)
 (-0.94446090585997766,-0.13258265899816318)
 (-1.1486778303824547,0.018035914232962233)
 (-1.0370702458039978,-0.080898959434779261)
 (1.0948300144789498,-0.12590616578632127)
 (-1.0480338171124315,0.0035288560279063716)
 (1.107084697649614,0.015092058514626078)
 (-0.96378530397664597,0.10195615095150917)
 (-0.98916282139712064,0.027409694225735096)
 (1.0130466231394886,-0.16657535120317468)
 (0.92564959647954692,-0.0092414807087020066)
 (-1.0647575650036145,0.10131743643702114)
 (-0.91792808970764306,-0.07309411075014885)
 (-1.0069552630873559,-0.051046241875735601)
 (-0.90654868737129035,-0.030713746969407391)
 (0.91567399985193565,0.14276901259414462)
 (-1.0165581474196761,0.009893495649186344)
 (-1.0731452929551952,0.019720583250667296)
 (1.0158518437634123,0.032139198807915312)
 (-0.928464046479064,0.06942965420606631)
 (0.98683449818385138,0.040186369471794915)
 (-1.1140888508277709,-0.032290289757608434)
 (0.8961396468861903,0.041303650854984927)
 (-0.91084391052589264,-0.090433842372117115)
 (1.0002008925924366,0.0065349496023447712)
 (1.0294256082182689,0.027475847875665566)
 (-0.99083157499218499,-0.078571228204269192)
 (0.94476632246728998,-0.019938781027140629)
 (-1.014662046207973,-0.047237666332264922)
 (1.0442360182925088,-0.069328931945557004)
 (-0.94873862955046717,0.12920836838480987)
 (0.97871763004639745,0.0050974674799498989)
 (0.9542449382374798,0.024688738635124118)
 (1.0356715374935548,-0.10249147895991606)
 (1.0539197418372099,-0.031409536765070377)
 (-1.073134430055223,-0.0055498946274947494)
 (1.0588815993638285,0.031878143053343834)
 (0.95369254207783949,0.087545037760844963)
 (-0.95287655936110582,0.08646743078845813)
 (1.1209792562534646,-0.064432149978170206)
 (0.94787932536744679,-0.060716770003443971)
 (-1.0215618147499446,-0.015719471525045037)
 (-1.037463395463835,0.043593639952702018)
 (-0.9221071944210768,0.027852279527572278)
 (0.98696511893368821,0.050510226879512114)
 (-0.98256957486134722,-0.11700169568427099)
 (-1.0036328179592251,0.015751901855174687)
 (-0.86770675395594288,-0.10075003659066409)
 (0.93884053978408,0.036722595745759215)
 (-1.051190759749967,0.034115322296536875)
 (-1.0512602722590965,0.040872136472241798)
 (0.98405228403095624,-0.032174638724586466)
 (1.0297219090136003,-0.0047717450276987677)
 (-0.93996975829524088,-0.051444561516751752)
 (-1.0487893833343827,0.038976482870789697)
 (1.0299980146447754,0.034981746471307883)
 (0.88233166499701599,-0.045790870290463505)
 (-0.94069427620539237,-0.098672106598217874)
 (-1.0523500578062779,-0.12974816509391299)
 (-1.0069837082297091,-0.019385499239417976)
 (-1.0435021702553802,0.090722719814752384)
 (0.99258515391000601,0.014297398870578876)
 (1.0761720085951356,0.0026817356479833299)
 (-1.1044239445499739,-0.018322278745157499)
 (1.1160178039091695,0.0075864487792191753)
 (1.0552358936021482,-0.15290742715256408)
 (0.97361314715101321,0.043156445951613942)
 (-0.93127703269877904,-0.086308607531256937)
