# Created by Octave 8.4.0, Thu Dec 11 09:47:20 2025 IST <gamana@Samsung>
# name: rayl
# type: complex matrix
# rows: 2048
# columns: 1
 (-0.78051471737535094,0.18531051120260844)
 (1.273490763809255,-0.13968867119073286)
 (0.40113477530144909,0.28014672028041987)
 (0.75358941578227112,0.94885871133883837)
 (-1.2118914382341619,0.15972676132226019)
 (-1.5901295456925804,-0.32453991419221889)
 (-0.27568144655372651,-0.27420165793233636)
 (-0.20272982231506295,0.06043324289942377)
 (0.8693914362484827,1.6983677123600498)
 (-0.37043456282449361,0.031247454196239602)
 (0.28034320316811295,-0.40694996039170095)
 (0.072048956800493766,0.61155745131083805)
 (0.070114176236566406,-1.4863380690830359)
 (-0.44468000329410279,-1.1130922481073833)
 (-0.59097787436962057,0.078259416691478803)
 (0.80841720499109893,0.032483435486145004)
 (-0.67326991711397621,0.13174971871207167)
 (0.42639135702728376,-0.19182768223648416)
 (-0.36180006903992806,0.1926960323863422)
 (0.36427938455248088,-0.78390614821770943)
 (0.9545124438010919,0.92036930722316246)
 (-0.2417499231448402,0.45135222127108671)
 (0.26163301659153071,-0.2499700366926019)
 (0.55127368829979073,1.0511945728293162)
 (0.089371625791601003,0.019943903970244273)
 (0.10526650580565772,0.23469194319814454)
 (0.40229817891703085,0.50339654844314519)
 (0.095347293184946405,1.1454576374302774)
 (0.24603754997858077,-0.76003847853569195)
 (0.18230248048995087,0.60838734670777805)
 (-0.034550970339523882,-0.025324124773591309)
 (-1.0430394708250323,-0.51668841438338875)
 (0.12457228040256195,-0.15776254967804729)
 (0.73361902982960236,0.66132985836660629)
 (-0.2635669837993127,-1.3760911954980097)
 (0.11028712124154291,-0.42041402980850978)
 (0.66100727395595993,0.22314234345706127)
 (-1.0353865890281215,1.2089990635224652)
 (-0.3431977338772042,1.3211206198691399)
 (0.55667724192023205,-0.76287392345545058)
 (-0.5203512493206901,-0.13559332671905944)
 (-0.23118581106774999,-1.7232779909406994)
 (-0.25782821824196289,-0.61683460523147049)
 (-0.50508270652611897,-0.25002129020185943)
 (-0.98893987101280123,0.15200689370547307)
 (0.45357556775655805,0.89635658942405361)
 (-0.36833952766861366,0.15017461758495873)
 (-0.45775199791470467,0.65969088446229263)
 (-1.252996448195745,-0.14109728702169849)
 (-0.22761344987186319,-0.25600939292028724)
 (0.48325505978344535,1.0937941896595991)
 (0.46954741076913775,0.40360466871755651)
 (0.085629947896524644,0.77798644351691648)
 (-0.1682226476547013,-1.0930682165288974)
 (0.11193969942933896,-0.79659786144327094)
 (-0.077033841356846988,-0.11512344925194791)
 (-0.43315445627733407,0.46958544925251461)
 (0.20899256645226535,0.00479505133707811)
 (-0.066443981109661113,0.087671391559758616)
 (0.012054876340836213,-0.46126778769593157)
 (1.0121314277678979,-0.98788490616399571)
 (0.54741017326632568,-0.49602329948440788)
 (1.1570298560354086,-0.016905603988807531)
 (0.80999292221536012,0.10084774913182643)
 (-0.47057875932455018,-0.69954989293114378)
 (-0.53561865727579738,-0.79223333870306356)
 (-0.63192430724865911,0.14014433204530619)
 (0.95532705810852458,0.24402580200259483)
 (0.84250995757294278,-1.0771741340068883)
 (-0.71044897735453327,0.47510797289718137)
 (0.13369070821870976,1.1665254283452233)
 (-0.31463565851573233,0.82085147266224601)
 (0.82834299705545167,0.71266836588313476)
 (-0.72285004969929434,-1.4608627081589665)
 (-0.34872306128481784,0.32596602562101601)
 (-0.35620405619752493,-0.19807051810304438)
 (0.050199403658107808,-0.18767464806239509)
 (-0.36729785270205056,-0.66549276246405142)
 (-0.020560250476386863,0.20171522285079571)
 (-0.14714637716895679,-0.46826468891338929)
 (0.64153102766770465,-0.94873441534522518)
 (-0.37567550012180767,-0.14180371355361684)
 (0.54488271896937623,-0.69266636825801287)
 (-0.20230807128598521,0.30415916581277636)
 (0.060251792248092795,0.33468424822547355)
 (0.33301187885414713,-0.032210138930071859)
 (0.50232058945784908,-1.5014746445058229)
 (-1.0121826407839472,1.2607892612736245)
 (-0.67955166815600643,0.32755185206265053)
 (0.020483407262545186,-0.49862142274764326)
 (0.29639812556096201,-1.4441862977657638)
 (0.44557765282571637,0.90411067508432608)
 (0.13454238218899295,0.36124568737026486)
 (-0.10567572004691966,0.115954741930149)
 (-0.83536215689163107,0.69625599778036551)
 (-0.61637903367454028,-0.46015248660614094)
 (0.57691408433092883,-0.099900932077902044)
 (0.30779599081682973,-0.384797139990397)
 (0.3867105502351873,-0.96190865895729671)
 (-0.67757947030857268,1.2006770034128078)
 (-0.43403182461660977,0.31555191007594152)
 (0.49296194508465646,-0.12619522888179144)
 (0.052475632688971027,-0.79308774416615968)
 (-0.98237257754643403,-0.63575986716076416)
 (0.20806973181702357,0.56989835864380178)
 (0.44604834453475783,0.35565688534482937)
 (0.08535612024427823,1.0072492366286621)
 (-1.3070339202092505,0.19993915802383747)
 (1.0796368145982516,-0.4930365828378182)
 (0.41211080027918462,-0.4425563735813815)
 (-0.23670681291726661,0.3622272307185555)
 (-1.4524144100455161,0.28861597226765345)
 (0.42375702124468861,0.7125043550206186)
 (-0.60645780428946716,-0.33443100203583687)
 (-1.1967756485230892,0.16825728389255543)
 (-1.011223546330555,0.080296449315490362)
 (-0.33660721883805128,0.55167946410885993)
 (0.50545122830801725,-0.62124699968842578)
 (-0.12801800387492507,-0.56025824387907752)
 (1.1247083118585517,0.011019041697855423)
 (-0.62984274602567647,-0.52815069361338041)
 (0.12915987314013724,0.41054896887461695)
 (-0.054241401766015156,1.064303476518107)
 (0.67426870197960886,-0.8825282669328085)
 (-1.0903838086643445,0.14543612662595626)
 (0.14264466117382449,-0.70283311873098053)
 (-0.74082835380469547,0.47936923339479764)
 (-0.97296142592860535,0.41457704442671539)
 (0.59216151075234602,-1.2049821397787122)
 (-0.73740016153767607,1.254800984431826)
 (-0.97006505073386218,0.35655503861273558)
 (0.19366783656497066,-0.075817688467893288)
 (0.37793152896151938,1.5613333673519729)
 (0.71760036573673747,0.015672305235128817)
 (-1.9722865560181417,-0.28153616578272078)
 (-0.16552673533599033,0.28695220975904756)
 (1.0630869939127741,-0.25910454284791257)
 (0.89334837277731505,0.35454398243722318)
 (-2.2414513129173863,-0.90367383947740276)
 (0.22824477379344574,-0.96119356548836543)
 (0.63410312175482741,-1.1792333782073099)
 (0.10320875794677388,0.27688839534054438)
 (0.12326209983939758,-0.91024926996017996)
 (0.95689947174784173,-0.11178413444651963)
 (0.24390396354977639,-0.48627204092439663)
 (0.56848308374034262,1.2500526757564832)
 (0.81562345682245008,2.001801555821328)
 (0.7652474767185623,0.019720921569712748)
 (-0.58411841289795585,1.1668953990710698)
 (0.3644136777411035,1.0154846827721067)
 (0.30431167132328224,1.0079023244738288)
 (0.35663311018078359,0.77439961835636184)
 (0.26039604925932197,-0.14037827610464815)
 (-1.3102357507241194,0.53198917037860149)
 (0.50337498311982132,-0.75055439354805331)
 (0.57493932976956263,-0.35288148087309873)
 (-0.45504812390732557,1.173574703475738)
 (-0.23158444743622816,-0.60753776978504159)
 (-0.61782214455512618,1.4732456127389075)
 (0.64439008528219943,1.3111925477202786)
 (-0.82748258582808043,0.18315111663658043)
 (-1.1341326151526585,-0.58800391139983244)
 (0.35049560926486517,0.83686042016843409)
 (-0.32916901272310484,0.1022872947830811)
 (0.78551146145286754,0.79682503386147752)
 (0.15839958858143918,0.22457892704497232)
 (0.042326777381402843,0.10334131505777304)
 (0.11324949159234564,1.1954067351054722)
 (-0.087796230910202805,-1.7131180654598952)
 (-0.11302260369461938,1.1318809642410848)
 (-0.059149718103510336,0.84171651653248314)
 (0.93456487485336814,1.2763872830122949)
 (-0.14783528913320801,-0.49926678978251487)
 (0.28559960097202014,0.24516996880704978)
 (0.16530273684387625,0.39967920161117404)
 (-0.046802139966383695,0.35842920243309673)
 (0.41278037868212919,-0.035942824442827835)
 (0.2511385740642687,1.5251426930072376)
 (-0.11045518392221271,0.37854590450971987)
 (0.24576343112167173,0.91700490392315226)
