# Created by Octave 8.4.0, Thu Dec 11 09:47:20 2025 IST <gamana@Samsung>
# name: awgn20
# type: complex matrix
# rows: 2048
# columns: 1
 (-1.000511875996106,-0.045263647445332254)
 (-0.99094215702320598,0.030209260525419387)
 (0.95085935870152194,-0.02179573406113576)
 (0.97466137832919375,-0.055594572292850787)
 (1.0516662032833,-0.063890581953681788)
 (1.0552862801329659,0.04601765641012364)
 (0.96630734882775027,0.18656301899232819)
 (0.92711086202862769,0.030254731866691906)
 (1.0850212644634745,0.071489103523258921)
 (1.010686856561188,-0.0072725932005366567)
 (-0.97142779669264967,0.15087360642228217)
 (0.88873186177082619,0.10206709303056614)
 (-1.0223569753507951,-0.10320541065974101)
 (1.1064665889797021,-0.027864979425932548)
 (-0.84375649810164388,-0.010227203000929216)
 (1.0122703894581235,-0.080812910376563504)
 (0.93539845314615144,0.046201381927695656)
 (0.83707157425542067,0.10347859657083264)
 (-0.89511501643381985,-0.0053088304331217412)
 (0.90557141984432965,0.099004766171618575)
 (-0.94761948856334322,-0.049458662385539247)
 (-1.0632174771557383,0.092128951471437515)
 (-1.0160075505416739,-0.063036666988292842)
 (-0.97934437332296898,0.0048282036991399505)
 (-1.0351349488994588,0.024183352352792242)
 (0.91937338277738145,0.044809618806964109)
 (1.0385142447621001,0.036052372683062488)
 (1.0353919246949124,0.059101917436368473)
 (0.97364080214889093,-0.063124098142158871)
 (-1.0929315398730368,0.068078248127358396)
 (-0.92239211136935817,0.037382048385831146)
 (-1.1062321834267816,-0.017082299213556862)
 (1.0019457820582733,0.01012856278036544)
 (0.8925289657010087,0.02104509291236056)
 (-1.0431283436532905,-0.069371890324162841)
 (-1.0066466304264288,-0.06490644751169608)
 (-1.0584398763305607,0.05682950924211469)
 (1.1158891007644429,-0.039590868220446052)
 (-0.91317784575779848,0.2727332715189536)
 (0.9762832817538174,0.044558942870398514)
 (0.94472103503145355,-0.060609559385489356)
 (0.8866135003050698,0.022577822134679952)
 (-0.93524306244711108,0.010729167503087301)
 (1.0512516532767995,-0.057010690777136712)
 (-1.0273952645163611,-0.045887224937082145)
 (1.0580799283761264,-0.05870082117883646)
 (1.0086155772128436,-0.0035486076206287377)
 (-0.94513280313290671,-0.025702901733519724)
 (0.93073629808536884,0.014559760469931102)
 (-1.0734455606127755,0.020611727919639607)
 (1.1016923865434642,-0.14184657011465582)
 (-0.98174334511641814,-0.0012618244381567226)
 (1.0184765645300418,0.045318167805409038)
 (1.012793083879753,0.078916591685592466)
 (1.0516602828524479,-0.060845514694724684)
 (-1.0386551440609386,-0.0074103261661945755)
 (1.1211633855659944,-0.0031931997575220111)
 (-0.95902818271309165,-0.093830554173788799)
 (1.0233345715204083,-0.017967548320736975)
 (-1.0655111241892474,0.10866833796089684)
 (-0.99217788728678802,-0.049320101665395702)
 (-0.9833508098593321,0.036887891388836233)
 (1.06807271728248,-0.074440528867833575)
 (-0.91059046846710789,-0.016913802606433794)
 (-1.0019404882497351,0.093821437354186563)
 (-1.0190246408646508,-0.029694705864383844)
 (1.0187634145340305,0.00039263356858217291)
 (0.82577723559638327,-0.029624505594919026)
 (-1.0042947117381087,-0.0078038717653699033)
 (0.93621716794656629,0.030026115961598931)
 (-1.1235963414630135,0.077119958935824143)
 (1.0989663683550788,0.012263753222866405)
 (-0.87479380700189391,-0.0090792004067775777)
 (1.0239850242357131,0.16067854382292759)
 (1.0843961392333501,0.1317949134900806)
 (-1.1286348835013349,-0.099284981927324822)
 (-1.0377396172468578,-0.11452310681805003)
 (-0.92063013131918625,0.034720838202865187)
 (-0.94680633052072483,-0.044457316991775013)
 (1.1160219548154442,0.0011340132317665791)
 (-1.1180494577299709,0.11872465449486065)
 (0.91421520115523913,0.014266247616604564)
 (-1.0936851589412977,0.02680608262417572)
 (1.0208330679670465,0.061253973430028946)
 (0.99694603779338364,-0.046240995600299421)
 (1.1096209315690904,-0.087374151941002273)
 (-0.9706810566753914,0.075918809432256429)
 (0.99457116842429449,-0.16334675538034052)
 (-1.018269918322422,0.01576497137015407)
 (-1.1014595371497957,0.091933541525353504)
 (-1.0671489194360169,0.02768317924525461)
 (0.90349362738302252,0.11405605020682757)
 (1.0094465456722912,0.10980354692400254)
 (-0.96679914069531903,0.051225656249629714)
 (0.92310581682145743,-0.16243440121849481)
 (0.90178410537445119,-0.12786241387479322)
 (1.010544354122487,-0.012808277770973257)
 (-0.95621309619719719,-0.060248216663394777)
 (-0.90957088712349887,-0.062865708442800691)
 (-1.0713767657055497,-0.010887248764619771)
 (0.90607110461680651,-0.10870472533617026)
 (0.9748308975563057,0.044755947078481288)
 (-1.055884079435236,-0.020288033467903574)
 (0.89461666222638347,-0.073021179282398416)
 (1.088915999172348,-0.13158951153688386)
 (1.0516683778921592,0.04249951792108074)
 (-1.0645393291716803,-0.077462287357292214)
 (-1.053767411329664,-0.042533010191585341)
 (1.0797401290585436,0.070293295858306612)
 (-1.0200448300461027,-0.0078848619116865196)
 (0.91471796050842125,0.063904691820171458)
 (-1.0258435365217347,0.00088491690100553084)
 (-0.9402502370680067,-0.11410922029823485)
 (0.99461998449877587,0.011759213572189507)
 (-0.92620203467467632,-0.010084986848729249)
 (-1.0230162768691051,0.052355130194085955)
 (1.0215526829676929,-0.071288860018027492)
 (1.0257883729162895,0.0029906550792242644)
 (-0.91984083260828509,-0.061210254508786061)
 (-1.0436494570329178,-0.075799363737026004)
 (-1.0082324923504655,-0.11434515335892702)
 (-0.97930929233489716,0.037930840665616944)
 (-1.1142466318612632,-0.016312253913719609)
 (-1.032057875232949,-0.1304158175605544)
 (1.0763842041127538,0.052952713690505748)
 (-1.0452762381250229,-0.045587059100956867)
 (-0.9742656575293267,0.069875455013879983)
 (-1.0098690155036172,-0.029697447769532755)
 (1.0428593976536171,0.0056925753399051909)
 (-0.96143820856088635,-0.15786818970223532)
 (1.0989190675596159,0.16353737423158615)
 (1.0682414337292516,-0.034066124830736767)
 (-1.0545919580144556,-0.044584385324123843)
 (-1.0552409990631841,-0.092536801049551753)
 (-0.95370441565650577,-0.034721998054202396)
 (0.93591667518607002,0.069319945758615359)
 (0.89249193514876834,-0.047662080641931226)
 (1.0182692773019615,-0.12270157856724871)
 (-0.9043238095812125,0.0560498773812034)
 (-1.069633789958313,0.0080604542977170714)
 (-0.90942876248404025,0.17268591310472819)
 (-1.0266884608158853,0.033073012330619003)
 (1.004710707336006,-0.076056035112602283)
 (-1.0879166762556396,0.058468815005815161)
 (-1.099328240907623,-0.099954834827158279)
 (0.93128568231946895,-0.0060120339576616166)
 (1.0338693427519186,0.025589965694467049)
 (-1.0701331198906388,0.086636177434984932)
 (-0.9146340817065427,-0.052976690613025262)
 (1.0453281175428157,0.0088562085844546105)
 (-0.94215398161498309,0.015802502831500503)
 (1.0180034398891775,0.037941669862031104)
 (-1.0740273427685061,0.09283709086046138)
 (-1.008599285197215,-0.048655763618041907)
 (1.0718428580465988,-0.019126194301125676)
 (-1.0069805225139694,-0.028563200915707038)
 (1.0441692076509379,-0.044433973343719374)
 (-0.99324036951645223,0.0096479497499388483)
 (-0.9406228971315318,0.17780179023678733)
 (-0.88623636824483398,0.03593323404112473)
 (-0.94617249488393029,0.0062618592929576987)
 (-1.1277503876440538,0.0054899701328723505)
 (-0.89895001522980045,0.056674063478112303)
 (-1.1875801383208444,-0.047334803437831308)
 (0.8648964604233591,-0.056158235608742668)
 (-0.90278607216057549,-0.066307984037945925)
 (1.0297437114270276,0.034893566836229718)
 (1.1324108673365609,-0.10277868515461037)
 (0.91758150834437113,0.12978659789562652)
 (-0.94206688466533361,0.10897998252426376)
 (-0.94039449126299601,0.10035804252674137)
 (-1.0264055024812653,0.019356741860797888)
 (-0.98192701791357917,-0.0050399396372341311)
 (-1.0088613634495489,0.057426656958261629)
 (1.0446324217250971,-0.021155716001080491)
 (-0.99251595733795495,0.053177782520081665)
 (-0.88348584507369321,0.083411290215488723)
 (1.0293829852960263,0.18691618296432388)
