# Created by Octave 8.4.0, Thu Dec 11 09:47:20 2025 IST <gamana@Samsung>
# name: rayl
# type: complex matrix
# rows: 2048
# columns: 1
 (-0.16569509749694533,1.3065396629013808)
 (-0.53671017036831448,-0.54155710871818274)
 (-0.85971836744267294,-0.29723710315036878)
 (-0.75331722415335955,-0.56179285586421135)
 (0.96057224771351468,0.65176462061317164)
 (0.27904018763729749,-0.78773805263503183)
 (0.65382223970791231,-0.45198596785623796)
 (0.4087735215960005,-1.0349689936103947)
 (0.067249978252858292,-0.6033696695064994)
 (0.68500828141599734,-0.56219722633548419)
 (0.61063272876855401,0.59982731507269582)
 (-0.18012599583051425,1.349098625093009)
 (-0.26891929979431051,-0.040949720129847232)
 (-0.70330812430031298,-1.1898301438664944)
 (0.24408183039782491,0.52853012224297358)
 (0.082615076812320984,-0.18807861972452936)
 (-1.1758173965716952,2.4479514906469926)
 (0.54624380365379954,1.053075042600905)
 (0.97675194124619003,-1.1773439741365428)
 (-0.41276113344939891,-1.2531540549927627)
 (0.092292277171193607,0.35321052534094349)
 (-0.0035473594066760279,0.13161471346110512)
 (1.5538929298143329,-0.44776284749698408)
 (-0.64589143224349921,0.10615856025188511)
 (0.63814870303787674,-0.60606539769185808)
 (-0.19352396802963132,0.65280085699911894)
 (-0.031776880104896398,0.55754343463619815)
 (0.67047316781244848,-0.075781204216902084)
 (0.050135025946927717,0.668832146240257)
 (0.28044164176303199,0.86577310120425399)
 (0.26271574189445879,-0.41928680315927963)
 (-0.033683824545681772,-0.66077045693231629)
 (-0.77906932293678399,-0.042660393485728462)
 (0.37210479568378735,-0.20413262811453864)
 (-0.066338685113718154,0.37293651222751573)
 (1.1057239386793007,0.048508362019348841)
 (0.19820055921072624,0.51000216995434144)
 (1.0018988004607368,0.14258220333333382)
 (-0.6955343280093701,0.85924477247182418)
 (1.4272276556209225,0.28899988318947034)
 (-0.2261125671735375,-0.95864335732607875)
 (-0.46963257479859188,-0.59000172424982611)
 (0.54565074861236196,-1.0710197878003154)
 (0.5368971158853616,0.030512838660674883)
 (-0.24232843234801499,0.23896075076884987)
 (-0.055059915444141551,0.45839977914342467)
 (-0.97347808748404119,0.64509237538351627)
 (-0.2949996344749331,0.24376471385118095)
 (0.54393348945910514,-0.16729815071353266)
 (0.39270480690834697,-0.061317267332544688)
 (0.32000987429957606,-0.092398104925849919)
 (-1.7363253853239162,1.0527025508038632)
 (-0.16080265532105825,0.71571951492952612)
 (-0.37876471746723378,-0.30713845248997712)
 (0.49208961585727856,0.39315078684078719)
 (0.28136184843510176,-0.12865491778189037)
 (-0.59873226729747697,0.36519290855227143)
 (-0.66554003405723994,0.084074191798911665)
 (0.34771809506660495,-0.43511700283697724)
 (-0.85782878430661191,0.023521177760469407)
 (0.46732994090480595,-0.97340823877547056)
 (0.28415534446616225,-1.6661696893007696)
 (-1.107069926104564,1.065228491088694)
 (0.16357564500831126,0.47429559571116003)
 (-0.057146686235808548,-0.92305561905103861)
 (0.62176979754381567,1.2871514786168594)
 (0.13596655394691506,0.047817835650734407)
 (0.12849420457526983,1.0591457700967686)
 (-0.49384348886544782,-0.57391891683231466)
 (-0.87605713994028667,0.97412880690855064)
 (-0.31401499948774497,0.15990810861942667)
 (-0.35789449630912162,-0.14730373520567741)
 (-0.42196236996454001,-0.71575071262037837)
 (0.70710117751530521,0.41268239616521057)
 (-0.52240397722796328,0.41181176593837981)
 (-0.43761280123949581,-0.6072026072431943)
 (-0.11344616845391238,-0.87372921389287028)
 (0.20146335972375037,-0.61736263253015589)
 (-0.92026071836215684,0.36216531608161606)
 (-0.18836695869178913,1.0519416074535137)
 (0.14897674239103961,1.0831791357485931)
 (-0.61677196742779139,1.5811193177992342)
 (0.21380374057335236,-0.94079237058143883)
 (0.21135110920921718,-0.28189358805037401)
 (-0.030933831859332298,-1.2729447923230415)
 (-0.21202329836426748,-0.51772299786502096)
 (0.3007578928775192,0.78456289593870454)
 (0.74538370428670786,0.39524257336999252)
 (0.2122992174138193,-0.30775626195870703)
 (0.54360398280989397,-0.65311333573269681)
 (0.72974870584410167,-0.97998708789549249)
 (-0.30936480606154559,0.73561816328153329)
 (0.69203141647066702,-0.61276619379018316)
 (-0.66866200472537685,-0.97944805233866461)
 (-0.31385596266038784,-1.391592590360283)
 (1.4162129956607419,-0.45760319708927261)
 (1.0655502019645555,1.6816464508107491)
 (-0.091582751300907525,-0.98089471845541276)
 (0.2361792087728235,-0.35761787626675978)
 (-0.2905320356661043,-0.7503759039909732)
 (0.78755051590388792,-0.54971511388190153)
 (0.08352279985887559,-0.77614198370311127)
 (-0.098165525985112592,0.0037398791356328836)
 (0.72733143078302109,-0.1206332529538191)
 (-0.66049817631854368,0.19868130258699246)
 (0.54363937745810775,0.84135231362221385)
 (-0.64039463054202406,-0.59340602680610943)
 (0.031136110623871071,-0.59487565711268886)
 (-0.5995868162318122,0.52528170828626908)
 (-0.307593442784098,1.7149134187285509)
 (-0.34369016895749221,-0.85389480034541021)
 (-0.15960913004654256,-0.48353918651264222)
 (-0.50696929875032526,-0.051499378394098377)
 (-1.1316256211240334,-1.1877722517653619)
 (-0.44040467672003381,-0.76477937778471761)
 (0.4204633170883238,0.81880571556583803)
 (-0.90608427395763547,-0.12660942225723204)
 (-0.22490884298193542,-0.36931815225641823)
 (0.62034068635367234,0.62245018064472957)
 (-0.52445321902299369,0.43755234095672413)
 (-0.08082350912669263,0.095180962147053558)
 (0.13792111270476989,0.83999226084568324)
 (-1.0039102823478774,0.49531875984501922)
 (0.56118536701278654,0.45832851179532424)
 (0.64480455921752411,0.30995229837979033)
 (0.78432135373289258,-0.22555562769136092)
 (-1.5446809922373499,-1.100101961496291)
 (-0.1044335178204749,0.63491178321181796)
 (0.99572911464765668,-0.9082603879319735)
 (0.53042315299535969,0.092112964619412763)
 (0.24049447896130829,-0.68892061184505771)
 (0.084541224846491764,0.89504573415512478)
 (-0.72150710230855308,0.84106771289330362)
 (-0.40330981890798934,-1.5160443820898095)
 (0.59188111442049107,1.3584369953833897)
 (0.055403031593210431,0.19453779842856581)
 (-0.64685045433784916,0.11779267625498165)
 (-0.24097073832296098,0.37848618459467354)
 (-0.71718246748323067,1.1314750825193416)
 (0.98429442283667123,-0.66778961553101757)
 (1.3479496221788116,0.06048076146119636)
 (-0.25114839271053391,0.23768413059203444)
 (-1.2798905605904232,-0.09706957545383639)
 (-0.59636981343538165,0.50005954368126659)
 (-1.0165377803004492,0.1315232429090831)
 (0.37455161673061071,0.28044629987465491)
 (-0.91140718641907648,0.98624592127643196)
 (0.10776753189314166,-0.27591036684425158)
 (0.38526920405441067,-0.68416328752337752)
 (-0.85061799244053005,-0.097779797992915307)
 (0.20554061004508559,0.30698391964924998)
 (0.56433548974041348,-0.17798143538275954)
 (-0.3065134691807575,0.86618070957569793)
 (0.93791310272458872,0.051285879796034231)
 (1.3296897060644663,-0.50554803919660785)
 (-0.59785421992720922,-0.32427033472875522)
 (-0.038636047025212769,-0.40961783193928653)
 (0.76911273063357621,0.081700466734918889)
 (-0.72237693260090596,0.12913557976937973)
 (0.25383939963710089,0.41291560707599667)
 (0.92925134071028337,-0.76568134868590643)
 (-0.21990811658949816,0.011566436189938557)
 (-0.37472444388490234,0.33243291389056018)
 (-0.23889252940373695,0.98026237045396458)
 (-0.47484190364268464,-0.76081513633027065)
 (0.62930499927689865,-0.2720654541245473)
 (0.55864277247154026,-0.40165819836101541)
 (-1.0257978912959753,-1.3957312716828023)
 (0.43101316985993371,1.1279765058716862)
 (-0.082599278689590508,-0.060752057719486746)
 (0.30681442153987687,-1.0126463837464752)
 (-0.46485130768488903,-0.25711401471019246)
 (-0.30493311056469624,0.29993907718667329)
 (-0.35108278308265317,1.4279596081438846)
 (-0.73745684028472491,1.3864376517868078)
 (-1.2079104093829851,-0.60119994695902501)
 (-0.60521151903109205,0.42570604482987168)
 (0.37111669078588511,0.56242046616385377)
 (-0.71289889778534754,0.15711498841284754)
