# Created by Octave 8.4.0, Thu Dec 11 09:47:20 2025 IST <gamana@Samsung>
# name: rayl
# type: complex matrix
# rows: 2048
# columns: 1
 (0.75108208084321859,0.0278402294332919)
 (-1.2207527992515084,1.0818526297715187)
 (-0.092728299841944486,-0.5278547502946942)
 (-1.0603620435749972,-0.7220002745869919)
 (-1.0164664551826856,-0.09261241726396803)
 (0.012136807073198167,-0.94802483915000624)
 (0.12785944504983823,0.51758136250083353)
 (-0.5061216705428343,-0.4114599148545523)
 (0.47649242247784912,1.9455456096248673)
 (-0.80565610919036135,1.1101316748195891)
 (0.34314353892919297,0.6952768976660928)
 (-0.58508743547043196,-1.5789512514241666)
 (-0.26070015850283579,-1.0415150083186908)
 (-0.38541204711779276,0.021030123489635639)
 (1.3991910704312769,0.74531972999601648)
 (-0.94528076119391924,1.0774084976916602)
 (-0.62423648124518882,0.75323986719084257)
 (0.97454820662589658,0.65936188264979789)
 (-0.35029082239200243,-0.44234861488452792)
 (0.87825989111946234,-0.92214075135913365)
 (0.10455830501936021,-0.13168783826055228)
 (-0.77439063867369096,0.29898310561355612)
 (0.42206288827030541,-0.14030652891359716)
 (-1.4710064264199429,0.33908181804356341)
 (0.43071174242055371,-0.78772676869627278)
 (0.47195484728701009,-0.87518261144054121)
 (-0.22694740024769863,-0.98628699480292592)
 (-0.81059225406351298,0.13991074077729243)
 (0.87789488992931974,0.053701978829501916)
 (0.21368961133841399,-1.0914161619369993)
 (-0.16391225670625159,0.36948829568703523)
 (0.1899987801547178,-0.62248331161268899)
 (0.077203476939067026,-0.40979334739014411)
 (0.63987824119144665,0.34438294658180607)
 (0.92774206464262299,-0.2014390953318094)
 (0.058076129117935464,0.20956616917587997)
 (0.51934399077497961,0.82066639242813666)
 (-1.6570414774936131,-0.43073438666669156)
 (-0.40656547897581741,-0.47559537965845583)
 (-0.58283237956174072,-0.60083492822929885)
 (-1.0124134013689634,-0.84065705766444676)
 (-1.5529261691670921,-0.53667809150602952)
 (-0.58470510262782016,-0.10833146058825686)
 (0.73074434210564043,-0.091257658436924169)
 (0.23030410432601056,-0.13592827053453518)
 (0.29985651910032746,1.0463688296503819)
 (0.30355080603458628,-1.2387185203774698)
 (-0.63899349149099638,0.44063991193888447)
 (0.14305961905106809,0.93366601164255059)
 (-0.23860965412169974,0.73525254952022456)
 (0.0041856629189546222,0.647476160253185)
 (-0.69451435800615269,0.83297393996976099)
 (0.19261877040200495,-0.53722947498466811)
 (0.95905713808490523,-0.0085931352933208034)
 (0.1689794353338569,0.33641325861167359)
 (0.059129271651710023,-0.60811669021240289)
 (-1.0766445972263703,1.1986188571160352)
 (-0.13577839034330694,0.20393807853009355)
 (-0.26246838417212076,-1.1972396350721761)
 (-0.33281148958356144,-0.1181941543896793)
 (0.56411997555548721,-0.19415966679877045)
 (-0.14383655022385153,-0.6687613345490131)
 (0.88916625032458918,0.25316005977099643)
 (0.91456692243403725,-1.3457724107081788)
 (1.4073670829941349,-0.58865828477480187)
 (-0.11441900508195484,0.04685110394823902)
 (0.2441950737784073,0.55626225324883605)
 (0.21838054831375481,0.95699113151783621)
 (0.066608157562581205,-0.19548255228274744)
 (-1.1006383852829216,-0.85647353897772627)
 (-0.90101793190350976,-0.27429737193332271)
 (-0.069798676665075554,-0.067111855248739208)
 (-0.28226902793842695,0.38338331214984478)
 (-0.33225113161186443,-1.091611654789379)
 (-1.0819142050045625,-0.39851072623152894)
 (-0.14848998426823962,-0.59780685237544806)
 (0.87541708510257854,-0.17793207204467976)
 (-0.36364479185896237,0.35542505865228952)
 (0.28048107790392995,-0.10626328874574895)
 (0.44326576405041379,1.1282468183453422)
 (0.50960934130451108,-0.35398776461651416)
 (0.29301419426785547,0.36898674561177736)
 (-0.49854691198725398,2.0067524092519098)
 (-0.4974452128230914,-0.35014008586279777)
 (-0.97797047091409173,1.0326356228814233)
 (-0.043573341808270973,-0.094754269959473753)
 (1.5720105237378792,-1.3517669304167361)
 (0.58645632395728164,0.54025130562928569)
 (-0.34914544810358988,-0.4464394804646139)
 (0.24186941579865295,0.20714932502984856)
 (-1.6200292069179087,-0.49722942572295842)
 (-0.1148918219761771,-1.1496710935166143)
 (0.3898283419438146,0.95581163636619071)
 (-0.20004867209413923,0.73235866913973224)
 (0.22460956825509532,-0.029785392392847148)
 (0.25761814496030183,0.56156605963080253)
 (-0.26627490840083917,0.13203370184683014)
 (0.33542470568195176,-0.19491631834835516)
 (-0.013201863898529518,-0.46379879651891653)
 (-0.1447823521663984,-0.13201478233312197)
 (-0.15929336983281656,-0.54042282315877144)
 (0.43759733277292756,0.32746958729218606)
 (0.13037213632489322,0.80211451446270698)
 (-0.55284432435189912,0.038282368902781229)
 (-0.57636864749226002,0.17638548848306737)
 (0.11106171644870567,-0.56109780350820604)
 (0.72146443657427917,-0.51033571621615503)
 (1.0755271111069413,0.19684494028424412)
 (0.71136360165108203,-1.3898434366995713)
 (0.57054530520368296,-0.50203039005323125)
 (0.99366004536963271,-0.39443302601986047)
 (-0.49817994410072225,0.28040838939184859)
 (0.50644486135613664,0.77324030222078921)
 (0.62757000049353595,0.96153727153694057)
 (-0.80391658156485679,0.55096339028097829)
 (1.2714604954429185,-0.80631154816404216)
 (-1.2806737388427882,0.9266311898317422)
 (0.20303938304640173,-1.5223290933193092)
 (0.47145041393339154,-0.58563799329249344)
 (0.17439964989451026,0.79748849480412975)
 (-1.0501987579223857,-0.5532238082918014)
 (-0.19069587430376256,1.8854464858943332)
 (0.20054884326174996,0.6274201325685157)
 (-0.24607583554091603,-0.47070026364886336)
 (0.47344737102879042,0.41177593792632317)
 (-0.69765410958461249,-0.039095019488720156)
 (-0.42299476204690967,-0.46443251376742717)
 (0.64906637336889772,0.39116237311361646)
 (-0.31834663433462662,0.68516733567354016)
 (0.077626090820677632,0.070790692181621581)
 (1.7876287842421841,-0.45511753496442225)
 (-0.73426049941986382,1.0273117023638829)
 (0.21108761876775622,0.94709753994552981)
 (0.24041999314870399,0.45525929196126036)
 (-0.36067154040180854,-0.68843067104834876)
 (0.14102031001795262,-0.76426862469984125)
 (-0.74889341070716453,-0.22288483536598264)
 (-0.38567588895701244,0.52796631706513342)
 (0.38630719762971605,-0.78805695426878175)
 (-0.17896560400111977,0.5377204219236198)
 (1.6921589662244994,0.64297966890265368)
 (-0.76825770838434393,0.45842472970639808)
 (-0.39488910108055358,-0.044394634016898721)
 (0.31578476674545247,0.64062740506744764)
 (-0.9584705111247166,-0.11333677882733217)
 (1.3842571679301454,-0.72647282077006958)
 (1.040939746797412,-0.46123923343104672)
 (0.58373746380206903,-0.91130768973403775)
 (-0.56174145398540531,0.36771787084000557)
 (0.15148781312343773,-0.1666665132092072)
 (-0.24244756218867353,-0.59076282252639867)
 (-0.096036744389794843,0.31556488123357407)
 (0.12599125549049206,1.3463760711567179)
 (0.73812248303793049,0.7190982839093627)
 (-0.9756299158494568,0.56989187350887704)
 (0.044042970246037753,0.66644985804184975)
 (2.2842110190752747,-1.2200962474491142)
 (0.41301792955407474,-0.51566071672561753)
 (-0.75197727255752822,0.12953499943844027)
 (1.741696323709552,-0.090691039624362826)
 (1.7099513143014993,0.35425731923255577)
 (-0.5476999329300456,1.3771373016832891)
 (-0.2859993907790539,1.3924867254824047)
 (-0.18864125131577775,-0.30755231542076766)
 (-0.33978508706065441,-0.65858430283853997)
 (-0.2956743034899898,-0.6180947499670888)
 (2.0792547784292665,-0.070290795656110946)
 (-0.88211266556399093,-0.91650389958294265)
 (0.92152598238839323,1.375196883642966)
 (-0.55419671742210119,-0.003878429482093214)
 (-0.14244950774704582,0.74076546801941778)
 (0.91418135863093075,-0.76920294499451536)
 (-0.27578464929108937,-0.0088493579544341571)
 (-0.25516128651778558,-0.16067553240661769)
 (-0.75529016981228136,-0.27525299637972311)
 (1.3840755243486846,-0.85813575564437128)
 (-1.0738969172690125,0.63054883345296964)
 (-0.70162390166433786,-0.064997772536149384)
 (0.031258328043107346,0.23924787105118728)
