# Created by Octave 8.4.0, Thu Dec 11 09:47:20 2025 IST <gamana@Samsung>
# name: rician
# type: complex matrix
# rows: 2048
# columns: 1
 (-1.2736128352743847,-0.13164518357697291)
 (-1.1321284500298401,0.62795047061908449)
 (1.0434020726120428,-0.17894561500535539)
 (0.63008163655242111,0.52115483216847946)
 (-0.51927152203866656,0.24015377828577078)
 (0.41120661215255755,0.88016408045656169)
 (-0.42609008804385728,-0.33791927940185351)
 (0.84959246684190004,0.18651729114371074)
 (1.1159253011562091,0.1530047375252768)
 (-1.236232263891117,0.20532062635793238)
 (1.0164128488821571,0.25560496714127984)
 (-0.48328730389359803,0.29312531088249444)
 (0.74308172298925435,-0.06860346180340017)
 (-1.6334413713378404,-0.44195316004214913)
 (-1.0504862098520062,0.030731401181856736)
 (-1.0431519727568019,-0.33359985858478319)
 (1.7249648079767514,0.078238439251815645)
 (-0.69517608551390819,0.53416170138617458)
 (-0.33205060357608651,0.13365197756584929)
 (-1.0599658799997245,0.090250046575503645)
 (-0.99069918510155208,0.53480645500115909)
 (0.69437056235690442,0.60014823613005508)
 (0.47330595383271229,-0.077928755526919594)
 (0.59356442680291388,-0.64860594016835627)
 (0.75445233406505097,0.29993750422076287)
 (0.38380447973386028,-0.31571580850783398)
 (1.1799893101633492,0.38096537300221156)
 (-1.129091839167184,-0.11965843197883473)
 (1.1514639872718964,0.024915846831302851)
 (-1.1910734068644739,-0.094758421741634305)
 (0.51224995830010345,0.79009027487880101)
 (0.62881832317096975,-0.45855424643340692)
 (0.84246983996366542,0.0095077600288649804)
 (1.176625760673299,-0.35442857840828601)
 (-0.83399691945167154,-0.5912132065038308)
 (1.2685228528950607,-0.27442675691284601)
 (0.92583439689517699,0.50494992228322888)
 (-0.6557027255362573,-0.2832252965831164)
 (-1.0461392237779534,-0.079298089314913486)
 (1.407361364481353,-0.29224953704365836)
 (-0.38382863317155314,0.14078432854789222)
 (0.55725735232504914,-0.3160029054144417)
 (0.86857309320193599,0.45603960989652709)
 (-1.0936822258930203,-0.73837760497821459)
 (-0.45811000340363173,-0.77369495693130186)
 (1.0722928218212251,-0.15808912617093138)
 (0.47499503367153856,-0.0092091187710116439)
 (0.52158443171714308,0.071780503629148049)
 (1.4740088780747413,-0.078934426070143435)
 (0.54930978860230628,0.28029980877252919)
 (-0.0643927677410292,0.4468311149991282)
 (-0.56391933637578373,-0.29697912507401142)
 (0.67889385166037974,-0.19777968233439375)
 (0.64857326093022072,-0.092324468045017427)
 (-0.89649378458829276,0.53610689973697989)
 (0.67644421837590185,0.18045407424278118)
 (-0.30506813491068174,-0.058043295317304865)
 (0.68111878210211607,-0.29981361759784636)
 (-1.2512865914330837,0.36966465242583052)
 (-0.60424569461210664,-0.10940098846552856)
 (-0.53265282798766522,-0.048488343078655884)
 (-1.1659796169105108,0.1450573832035163)
 (0.60797150719188631,0.2749976494089133)
 (-0.423865062577572,0.080422202007551874)
 (-0.68864028762750018,0.23938634949927881)
 (-1.4814146469892338,0.24446476443845563)
 (-1.1633053428185476,-0.11926635490086331)
 (0.20463343994527816,0.080387306735160577)
 (1.094673967397104,-0.28175385591061802)
 (1.3742374036403291,-0.3256119330467433)
 (0.15206489105108545,-0.14733055998003375)
 (-1.5024322237707466,-0.073457744672593986)
 (-0.92975795744372036,-0.09859063815894642)
 (-1.1542363316394184,0.51393411692460456)
 (0.63796464995715652,-0.33629898355981253)
 (-0.38730372989160217,-0.35951602507197522)
 (1.0445919752699886,-0.37911559369624825)
 (-1.2959660781957134,-0.19076288236899624)
 (0.83511061591400193,-0.0085861910569088665)
 (-1.0908847834360085,0.19328832730789572)
 (0.65232261787950241,-0.4088312832725649)
 (0.88957302539418237,0.049781207052760949)
 (0.089533741331722427,0.56302637478954853)
 (-1.0466780102198223,0.40482143945907917)
 (-0.81519868943329354,-0.32708704509841985)
 (-1.2419879421335007,0.0093806367383789929)
 (-0.26178942082083445,-0.41171040230904909)
 (-0.42936365180639874,-0.16032013563361056)
 (1.3855131715446425,-0.083902931510294765)
 (-0.80025401368892879,-0.098162837331405864)
 (0.86391507524658129,0.61102714252887069)
 (0.3490367894839308,0.36798610678028243)
 (0.75416018871042423,0.0087582339690356354)
 (-0.29070788061782982,0.21864248457105034)
 (-0.81163423023899239,-0.44719067743616797)
 (-1.0644465037433397,-0.67194817267086471)
 (1.3355553554355413,0.32662713414768646)
 (0.89386257235371613,-0.031586561599299817)
 (-0.37350708145475714,0.096908476275710989)
 (-0.3257115596598964,0.19596090285925077)
 (0.64481793538155763,0.22645090236495211)
 (0.82712971036396499,0.71858961048755265)
 (-0.39844771928881895,-0.11594975381000057)
 (-1.0697724310755032,-0.49018278135719529)
 (1.406366500185108,-0.2718314973309548)
 (-1.0184169622876555,0.022256318576447592)
 (-1.0188471125412419,0.027788269165919515)
 (-1.5953844389201013,0.0019369898143316887)
 (1.0247200122128972,0.71791359017073764)
 (0.70035627213790463,-0.5942822859563246)
 (1.4511776654522865,0.3552139995789404)
 (-1.0811075833217352,-0.060761497284443224)
 (1.3036905467859472,0.57330688637714278)
 (1.3284212880765183,-0.21008133358028355)
 (-0.91094320514613936,-0.0082764159692233982)
 (-0.90894756453218206,-0.40673777039680048)
 (-0.80998496263090969,-0.051544176036236969)
 (-0.63185626882623847,-0.15588628055699283)
 (-0.99657216898354539,0.58779807826820474)
 (-0.92852079847511593,-0.1836801047400638)
 (-1.0742151098597854,-0.41762103414441748)
 (1.9142061700547179,-0.12350960603009345)
 (-1.0040996340923787,0.39760982554838048)
 (-0.87708616587947896,-0.035361034300152777)
 (1.6811734824356355,-0.34027309538558642)
 (-1.2534501223474304,0.15346890170317554)
 (-1.3637627038553555,-0.18141677290551203)
 (1.7928025348449141,-0.086823065768788482)
 (0.94288255320326975,-0.46188767348107485)
 (-1.4318174797632857,-0.1159489598699155)
 (-0.98030202833439595,-0.10851679424810898)
 (0.33949313694130734,-0.18468467822330101)
 (-1.3946306238602759,0.078140525807701519)
 (-1.2837486387408024,0.59692164063515185)
 (0.45373082250347052,-0.28917900749244224)
 (-0.83548236228612882,0.17416687588699561)
 (-1.1842333048006948,0.20072553243047833)
 (-1.3303830074956533,-0.49161567773327602)
 (-0.70060600492101277,0.44381058726919098)
 (-0.81011758116764465,-0.24504884260422483)
 (-1.0785563143376706,-0.38356574260310655)
 (0.40489991670213082,-0.18160583781248393)
 (-0.18719939520879825,-0.36110605907045862)
 (0.53010372307118669,0.30180933322894576)
 (0.36472526791007032,-0.3306674223390893)
 (0.49732268136473212,0.21377960629126216)
 (1.1047510114950825,0.15126314220200537)
 (-1.1281054025364281,0.077965797037484783)
 (1.3265571167274526,-0.59374602587180281)
 (-1.0815270260170819,-0.12485119377643589)
 (-0.8934740002913889,0.048241839972399697)
 (-0.59865207474149673,0.60431490136370714)
 (0.0036034379709166675,-0.062400300022599206)
 (0.88085794220194813,-0.43111086062612369)
 (-0.56181816485631286,-0.51444889643406277)
 (1.3276190965063381,0.5938593755613939)
 (-0.80508169965270782,0.11163113432699873)
 (-0.99230297766792441,0.17162710513546761)
 (-0.85524318976607361,0.18275043814144146)
 (0.95855454790921113,-0.059374415617316448)
 (-0.74313333321942132,-0.1775586941196389)
 (0.65099164718704494,0.31758876871934927)
 (0.1215550375050285,-0.5610832691218518)
 (1.346596850846665,0.24815199502121948)
 (1.3168442886588518,0.81866796326941227)
 (0.96300697461825813,0.060112443441959575)
 (-0.98358681021754923,0.33929233827468497)
 (1.250287330917347,0.2008509069386267)
 (1.0150980924417976,0.51173181443151838)
 (0.85259698914338533,-0.33870354016230364)
 (0.94567885962886988,-0.13360457640507564)
 (0.55939873351486391,0.35174268624186616)
 (0.76693994573257707,0.18611562701473086)
 (-0.96235026282751457,-0.56123339338318179)
 (-0.91735938690345509,0.26735803047310602)
 (0.44896056889884961,-0.1337612601314152)
 (0.95079315885231952,-0.32467199320300183)
 (1.3056034405159225,-0.27378804743374074)
 (1.093706859766131,0.04322672481760971)
 (1.1330418040913877,0.22731747554608125)
