# Created by Octave 8.4.0, Thu Dec 11 09:47:20 2025 IST <gamana@Samsung>
# name: rayl
# type: complex matrix
# rows: 2048
# columns: 1
 (0.88429927605007985,0.46349881623370337)
 (-1.1011186100036745,-1.0798230079777307)
 (-0.053197825405026072,-0.049872312422166949)
 (-0.36846139065075578,-0.79891247908874818)
 (0.31217988705423866,1.0060046852335711)
 (1.1218701828015911,1.0049319916233117)
 (-0.077011895325130267,-1.4172729888977684)
 (0.20836916796772442,0.81195251088849218)
 (-0.31541150670624163,0.92229820415171571)
 (0.19435250536485885,-0.44095683492043386)
 (-0.20466309256007786,0.83694998168001222)
 (0.21328245514650365,-0.15464572104014315)
 (0.54322893690854313,-0.11109624626328685)
 (0.54466750620136628,-2.0248809002928621)
 (1.685365799402309,0.38281261497098112)
 (1.3689938800261805,-0.25259815303809785)
 (0.89791553979991012,0.15634529961867311)
 (0.66147290618082599,0.52461015631565955)
 (-1.2989342203967533,0.83886170585496578)
 (0.27721296768491127,0.46926301384527047)
 (-0.85684705251880877,-1.1654678571732704)
 (0.37764342831635389,-0.050238952359465933)
 (0.030713459079777791,-0.67347096893028568)
 (0.20491366733787691,-0.14937101228882177)
 (0.4968184628323451,0.47769484274304452)
 (-1.6970517926149091,-1.0147804940110752)
 (-0.12996996013916701,-1.6976146656026201)
 (-0.51525446387917873,-0.39808008295797309)
 (-0.18573445728097637,-0.19341535373325253)
 (-0.23439481093052411,0.45106648038814118)
 (-0.80949242552799139,0.4862657517837351)
 (0.17408476930948077,0.39096326592924069)
 (0.21376324293388585,-0.062323440207146384)
 (0.18529084200208618,0.19747957949288911)
 (-0.51846545203455896,-0.4918987146079869)
 (0.75677027819531872,0.68767325332185192)
 (1.1540084674152238,-0.45837386946749736)
 (0.65229325507114722,-0.20506144821773439)
 (0.85598861018831318,-0.43205963645770556)
 (0.62744168706280401,-0.27341889574938777)
 (0.42717086832871576,-0.065586916560710237)
 (-1.0005204309405791,-1.0132737543441039)
 (0.76889704397415459,0.40266746616426458)
 (-1.0073487297436823,0.98805150837011579)
 (1.387403300370819,0.80776004094367337)
 (-1.3618949508571889,0.93226966404038636)
 (0.1466186767438051,-0.40751896496849283)
 (0.60785898727173404,-0.047196700899131881)
 (-0.29609337155819354,-0.81301374155694184)
 (-0.28563010121208027,0.24392758667931924)
 (-0.71801756503844838,-1.2350237543017826)
 (-0.36441998391849006,0.42677126380323638)
 (-0.012295492367816206,0.086908214171000406)
 (-1.2669237549919514,-0.83551741384205358)
 (-0.13423855903001922,0.1862618899463111)
 (-0.93044695604596772,-0.18402458328971993)
 (-0.32453377188437188,-0.76583190279152524)
 (-0.4398589958173803,-0.80297867620498486)
 (0.14784732715153856,-0.3143128293198682)
 (-0.038815784190576602,0.071083793366476467)
 (-0.58135614734092544,0.42674480351248179)
 (0.010521101315559852,-0.55933169377027336)
 (0.30678485107368808,0.37093812620460748)
 (0.26580024408410247,-0.41061932060303186)
 (-0.58759706191093686,-0.069689617041368196)
 (0.15218132366246592,-0.79134685706546892)
 (0.038557134093272334,1.650818448904205)
 (-0.55439473548842,-0.3129329153949475)
 (-0.23947061575500084,-0.24412983991369691)
 (0.066779662340262003,-0.18897019077763674)
 (1.1746521274283368,-0.40572300649658277)
 (0.78821837803836881,-0.54314263356092762)
 (-1.1212671435666652,0.29315276585205718)
 (0.88714162253750528,-0.16601043051707526)
 (0.29265322500483248,-0.14313298852371453)
 (-0.59475129607067179,0.28252275837323548)
 (0.012420352292228737,0.44164967843084857)
 (-0.42517927306708969,-0.81011894832655529)
 (-0.11912746800932666,-1.0439784515528607)
 (0.73041427615673027,-0.21822622365000963)
 (-0.69358905508548496,1.0705362556842635)
 (-0.45474593729909246,-0.033349334462895883)
 (-0.28582953935139599,0.38202131117731719)
 (0.89824830998035832,0.97909143019592104)
 (-0.0088517622928642684,0.94488231980360959)
 (0.41055390789275997,-0.92068154565554705)
 (-0.3039115789304544,-0.15631902909854778)
 (0.060728479864745263,-1.296465149019848)
 (-0.01311933686297626,1.3112504010981658)
 (1.1781752574061963,0.38429872641231894)
 (-0.38560852662322997,0.14998613843491046)
 (-0.13635348802223343,-1.6596841726504392)
 (-0.018798326242165833,-0.48949035683911668)
 (-0.91258752367975438,0.50831893750049117)
 (-0.51448182729632019,0.33859130409006089)
 (-0.76976003387489833,0.17794506687890094)
 (0.30786615792885275,0.28994798073514755)
 (0.68425158839290479,0.50894486752536428)
 (0.74246405602796017,-0.6318694788500111)
 (-0.29311710898524262,0.038007690004796452)
 (1.4373949998934772,-0.38770695073131206)
 (0.47444614397389984,-0.72156010206122401)
 (-0.9791470659369339,-0.52816014367670761)
 (-0.28131425727959625,-0.21118230431796925)
 (0.32843696692996655,-0.35807287624834222)
 (-0.17643001951919132,0.33345782050766387)
 (1.7176740129248984,0.56070995464940343)
 (0.4145120548042765,0.99014877137510082)
 (0.59526767183282703,-0.99144850478775648)
 (1.3116111394114534,0.28925774726966574)
 (0.80342720524796607,0.1656941000907026)
 (-0.43200325091625835,0.17503151366726158)
 (-0.83435634600829878,0.40663068313779244)
 (-0.91135546254716948,0.71154950145394669)
 (-0.6540328680164651,0.42479592154342233)
 (-0.95000674349357694,0.19375296702641623)
 (-0.21095034211075886,-0.42095057852572798)
 (-0.46169535451796639,-0.5515463629145777)
 (-1.4369329026776916,-0.21128871155058587)
 (0.42992403030652515,-1.4168516871617465)
 (-0.56194073559512459,0.68736253035549177)
 (0.90614464506078196,0.94773318619245195)
 (1.4819614596373314,-0.97808828030897887)
 (-0.62769450264317028,-0.01572619949024719)
 (-0.55519470050507291,-0.24375703581025193)
 (0.23456444545691285,0.20355498212143933)
 (0.14220528847531488,0.033988510191751295)
 (-0.51009000991398545,0.11284124180408056)
 (0.29097554416704441,-0.79210156389342756)
 (0.26400370517495425,-0.86206060224548631)
 (0.4772081944019918,0.85294237145258045)
 (0.3116585954604626,1.3674352089982946)
 (-0.059907896530555858,-0.11536816297960832)
 (0.73651646423607653,0.20084847642167494)
 (-0.98196614205134947,-0.58029254982476064)
 (-0.46422098650736926,0.074400310201092307)
 (-1.0288853775394795,-0.072453973597659455)
 (0.33472008108639512,-0.16162409124348473)
 (-0.58159157541484519,0.2234025010315184)
 (-0.84117353933005334,-0.687234981554942)
 (0.11583055729059367,-0.18493392807646944)
 (-0.68996128766936016,-1.0862963784402797)
 (-0.72346770524077098,-0.44969064002856479)
 (0.7818783874220574,0.58871285754298741)
 (-0.44975404401133129,-0.87867397779188328)
 (-0.15689791206275175,0.10729690508065944)
 (1.6805527792186217,1.2408551371080665)
 (1.775088003109033,0.52758320691006)
 (0.37902396734815341,0.13938437142266186)
 (-1.3155574715869707,0.61713749258122208)
 (0.40792580086771413,0.12300910977420096)
 (0.7023286738614094,0.3506357379845419)
 (1.7052839025149749,-1.0404641440918911)
 (0.3690011618820796,-0.39729068506816617)
 (0.22551807003243499,1.0271719643794588)
 (-0.61738571169515455,-1.5743010407503641)
 (-0.24070458114870272,-1.4957499138393482)
 (0.35788836645072281,-0.48876966943260869)
 (0.24390409081821157,-0.34138704460983943)
 (-0.48344006483704521,-0.5281927923383819)
 (0.83580784280884501,1.1845929450830472)
 (-0.31751559363627918,0.093229208486185877)
 (-0.4209273010083518,0.03095189896214871)
 (-0.31403793973853383,-1.6049474444542406)
 (0.7759551057800359,-0.59709106341805174)
 (-0.073328242853952369,-2.2244099524732537)
 (0.13578827568999188,-0.064535538482151558)
 (-1.0418981420759861,1.1991123849622822)
 (-0.60588375838953001,-0.58797189117112836)
 (-0.60919178867169044,-0.96601379386762398)
 (0.46679258011047586,0.97374866027939555)
 (-0.80528678874862403,-0.46532535019000426)
 (-0.82918802264659852,0.37488005834906485)
 (-0.081600701401192757,0.51326609568628145)
 (1.0087447313344537,-0.54792942171023251)
 (0.051411448317965236,0.52012825704554833)
 (0.34710024645270549,-0.57427897689182383)
 (0.61956198146751795,0.83851552410735397)
 (0.082732182297526949,-0.21891128628624934)
