# Created by Octave 8.4.0, Thu Dec 11 09:47:21 2025 IST <gamana@Samsung>
# name: awgn20
# type: complex matrix
# rows: 2048
# columns: 1
 (1.0330418708035043,-0.037956727739728045)
 (1.0064426028430595,0.028760269483728135)
 (0.94789304837162991,0.025401522704601956)
 (1.009792429682391,-0.087029706331535339)
 (1.0683972834240041,0.076718703676360814)
 (-0.91430476007771244,-0.053629132513332116)
 (0.94143251049157528,0.049581889454646574)
 (1.0577040892201897,-0.0280386127819095)
 (-0.93603877565994609,0.071215856542669487)
 (1.0703617491258111,-0.077832438014133726)
 (-1.0682026568312868,-0.027455537975632417)
 (-1.0102318822409893,-0.10255694458575744)
 (0.95574892354514218,-0.024823153126290534)
 (0.94065189414648576,0.0063933495843535894)
 (-0.99698884566403223,-0.058760532236828755)
 (-0.99683909843610596,0.024968525653401751)
 (0.93447959184817331,0.0099822798366769674)
 (-0.98204325579723373,-0.11420135135547577)
 (-1.0111331246994208,-0.016698411297799004)
 (1.0073183952394238,0.097740501541079883)
 (1.008549002416433,-0.032497134134704342)
 (-1.0813210726507196,-0.043506309473999166)
 (1.0339390175894145,0.0037082931516739686)
 (-1.0961499941079473,-0.016586450070372512)
 (1.0212934465744472,-0.091626056970701017)
 (-0.99571089462944395,-0.031992000353327853)
 (-1.1834552432023822,-0.013815647001792561)
 (1.0256211737315215,0.11409433834522437)
 (0.90710215757998069,-0.016633232411251083)
 (-0.98780002281669688,0.0064384680223016121)
 (-1.0443348527280187,0.064345621946683487)
 (-1.1219452497889386,0.08286366674622879)
 (-1.0411058128269886,0.035918725784435022)
 (1.0980277423469709,0.044987120193373524)
 (0.97004416164438323,0.05121155087302736)
 (-0.95626681636659416,0.012266346691989581)
 (0.98188860650078125,0.088346350587096653)
 (-1.0517473111260722,-0.0035861856574093279)
 (1.0086764333222844,0.053274654860300724)
 (-1.1224192384973264,-0.039634886537633633)
 (-0.93408072204300419,-0.062325834402516947)
 (1.0318278711782378,0.007307607648192097)
 (-0.88679726847459039,0.11773835522797671)
 (1.0281531629917613,0.096877871660735859)
 (-1.1497889868235347,-0.05557756913704022)
 (1.0281687211639239,-0.045016454575014714)
 (-0.97195835417387855,0.070702062425817808)
 (1.0814048868219781,0.10132174244534611)
 (-0.92864812702849342,-0.0024641770017089686)
 (1.0481307585207937,-0.1469198714127386)
 (1.090345304328995,0.028587933354755197)
 (1.0792247931342704,0.084166167682080628)
 (-0.97284530018899396,-0.086733713707490445)
 (0.97286993591744475,0.090244502772393653)
 (-0.97994577390823556,0.079292823715381239)
 (1.0417568217470576,-0.069855991341110216)
 (-0.99118967691988957,0.091076544416462346)
 (0.97836513333948794,-0.061785725264781023)
 (0.87859525637597824,-0.033453684255623221)
 (1.0580879458389825,-0.014740401153037814)
 (0.87178345209556729,0.00012638323505577323)
 (1.0327308202440952,0.10264453326119016)
 (1.0498343820273071,-0.060573012348934765)
 (-1.018306340549795,0.010380120317152871)
 (-1.0780399225186523,0.039423885539304766)
 (1.0773741902945,0.082479336585746701)
 (0.97210341321882376,0.038933736310491907)
 (-0.96245379881746673,-0.0099887225295030285)
 (-0.9571990925996573,0.015037865773857859)
 (-0.98017700834106636,-0.09524423296069319)
 (-0.82782618967860477,0.044345924938010102)
 (1.0829709021708893,-0.068944391864767515)
 (1.0753997238453974,-0.0059444522784463955)
 (-1.1472130977085444,0.058154143017703809)
 (0.90499792525279477,-0.01825406036573235)
 (-1.0724384359373476,0.022817086255845102)
 (1.0277561072689754,0.11211714446289381)
 (0.9835308216565346,-0.041166500165316838)
 (-0.99140074084107133,-0.013145095929877136)
 (-0.91628346406338701,-0.017263547107629451)
 (0.86858180015184927,0.089299184756059191)
 (-0.90442433270223799,0.01667976340434715)
 (0.94726687515361141,-0.029439224993671367)
 (0.9811979854556182,-0.15795752805126587)
 (0.93086384140277412,-0.16050180447723961)
 (-1.0634686773115583,0.020410348528131655)
 (0.97004228657732583,0.00073795031653696246)
 (-1.0020522963267566,-0.0057175571882666712)
 (-1.0175541710660883,0.010916634150607998)
 (1.1114331494225071,-0.026174327339280126)
 (1.0312060597062489,-0.078025826336830861)
 (-1.1054868967703342,-0.038176650225983495)
 (0.86130828458140463,-0.091353242697205558)
 (1.0126748962014473,-0.033445506439457241)
 (-0.98617555584478744,-0.059493561766462401)
 (0.9464000447986074,0.078578239642760284)
 (1.0014312615156662,-0.160096706969719)
 (-0.96236952529480035,0.086423721936552178)
 (-1.1177351177884447,0.038804463240590059)
 (-1.1775021794383942,0.0017853819039479618)
 (1.0678983727949842,0.10990873433425347)
 (-1.1456704366255206,0.086905179692865292)
 (1.0619812939922453,0.087243757172994318)
 (-0.97059268638246787,-0.024189969870971838)
 (0.94600797658574043,0.016238302476001453)
 (1.0280319599048631,0.046255810784223923)
 (-0.95898235322916059,0.063022158442114937)
 (0.98726163500422726,0.081277355381236496)
 (1.0312664365729824,0.02128679185284045)
 (0.88415509113403135,-0.072219965659160501)
 (-0.9422088743620527,-0.0021090515488584949)
 (-1.0718853519642322,0.0439222499077698)
 (1.1066687033918956,0.088234168638318719)
 (-0.91399773335545542,0.024489365261635476)
 (-1.0815985034206239,-0.071309810779136923)
 (1.0164430484828191,0.03178180037370832)
 (0.91643469599313399,-0.025376643854752134)
 (1.0308425959923375,-0.11218592388341841)
 (1.1476067066369087,-0.067213863875166868)
 (0.98874120942138111,-0.04967789304628626)
 (-1.0599584348471691,-0.0013807652530593046)
 (0.9189320128964682,-0.07521123706086956)
 (-0.96705083916213574,0.05966646996853521)
 (-1.1612857306642401,0.051654198548881793)
 (0.97490561811947274,-0.015943834018720807)
 (-0.98380960386011362,0.016111257178449252)
 (1.0169026805315078,0.11755021965097744)
 (-0.93920747925817916,-0.11080615110815602)
 (-1.0193348825863833,-0.030478295992913497)
 (1.0572447086029575,0.035131493638649529)
 (1.0693105976813526,0.031412909706557517)
 (0.9040120420441905,-0.12809091404079961)
 (-0.95384049089128642,0.061575195376994886)
 (-1.1125146823941672,0.044560619948866481)
 (1.0357878873759936,-0.02826134431342113)
 (0.97494063831227584,-0.023064108622362432)
 (0.95845777742316196,-0.072274465572619809)
 (1.0217464228759263,-0.042140344746958124)
 (0.99408913585961745,-0.19989436676095287)
 (0.99947490373820469,-0.072361999970620691)
 (1.1196219153366185,0.12796751992229988)
 (-0.89384605344373647,-0.032663034012725259)
 (1.0710421574520419,-0.098452372253672968)
 (0.99593585310761445,-0.078184911770116286)
 (0.90981820740288843,-0.051386460151299808)
 (-1.0076788976871056,0.048887730763308518)
 (-0.97023614252423329,0.067649562296548713)
 (-0.89171094668561113,0.13156928987502287)
 (-1.0179703579171924,-0.025839919147500667)
 (1.09380501686385,-0.003571922983424727)
 (-0.94308006687443557,0.010671124635956881)
 (1.0267752322588486,0.021068213963551283)
 (-0.92092407746777605,-0.014310026044576415)
 (1.1608434699624468,-0.080434981453038928)
 (-1.0235777896690652,-0.060333869300448352)
 (0.99725368414488091,-0.024573475135661004)
 (-0.90973932949691916,0.048422927690382256)
 (-0.93569097422325254,-0.093711057875471057)
 (0.90654281505107726,0.071672590920250231)
 (-1.1000452991037293,0.022035660749220146)
 (-0.93592368635696632,0.013374212580151028)
 (-1.1101606688407371,-0.037495795729106614)
 (-0.9675585100052686,0.034902686718855574)
 (-0.9577557031393451,-0.074930308158702164)
 (0.95944925966203398,0.13994899674120351)
 (0.95363271193763688,-0.048275092279676725)
 (0.97387696471189977,0.071582390518168573)
 (-0.96919201568987667,0.046520457874878247)
 (1.0051470290611633,0.0039583410029372388)
 (0.97151279015714742,-0.15998048287203412)
 (0.93145763613031618,-0.063796348699170544)
 (-0.89702312186738775,-0.054662261356586798)
 (-0.99044926945654843,0.071014277654527766)
 (-0.89884607290985286,0.099386761174828531)
 (-0.97345746521735788,-0.017019086241412011)
 (0.7487207548805388,-0.086255042959556341)
 (-0.8994236566445788,-0.040085099753812997)
