# Created by Octave 8.4.0, Thu Dec 11 09:47:21 2025 IST <gamana@Samsung>
# name: rayl
# type: complex matrix
# rows: 2048
# columns: 1
 (-0.19806129919709828,0.72127083299727601)
 (0.71539382178676003,-0.40982867990137584)
 (0.24944861429750098,0.97950896984012337)
 (-0.53181419824901988,-0.38757711352933483)
 (-0.51596982455349527,-0.091247449528396335)
 (0.26140894211827959,-0.59901976349768171)
 (-0.43236892214611483,0.38266983356129564)
 (0.36054858004897605,0.63469145086677159)
 (0.055772833504708803,0.022930512155623625)
 (-0.89232297097234803,-0.87953181315967299)
 (-1.3418908591455851,-0.93929666624197417)
 (1.3654895644288321,0.60781874962921867)
 (0.77379539674893005,0.29407564597503671)
 (1.3076695189134795,1.1249070273886124)
 (-1.7981919674079676,0.35510544227406426)
 (-0.53692505280807257,-0.63212509517027204)
 (-0.73582471865447496,-0.60232008378120938)
 (-0.22138942707924283,-0.75613237158450142)
 (0.49191456072797857,0.61842496648509038)
 (1.2910025957231113,-0.40990404646309031)
 (0.10734687019863624,0.79879179734996786)
 (-0.20840527154967298,1.8422938289456696)
 (0.20851605342144355,0.59855061617684702)
 (0.26317225525317961,0.63156491704607376)
 (0.6744961586431012,-0.11283471275858364)
 (-0.094327828673591713,-0.42545053259274318)
 (0.12944610472897877,0.43131300527966421)
 (0.96454563298464424,-0.066942146571263073)
 (-0.99705575703171512,0.43553130916746285)
 (0.55799049728401962,0.66994710498222776)
 (0.84341495564455871,-1.0210361629131743)
 (-0.87576006954537455,-0.21669508664784107)
 (-0.8237143644415974,0.8320393043561285)
 (-0.083088078837691481,0.048821057500644374)
 (-1.0116157197846609,0.041555634891760063)
 (-0.14142662243444062,-0.48315315329321723)
 (-1.0375004551500835,0.29833919518622903)
 (-0.59472235540175822,-0.46382533647743079)
 (-0.087256247630437558,-0.71629851733330208)
 (-0.096403869975235784,0.27025632696317925)
 (0.067325408796907155,-0.0083441083164725663)
 (0.94557037921127962,-0.5409954656884739)
 (-0.79098202764230408,0.66800039574731929)
 (-0.21832512955553587,1.0291313751134419)
 (-0.08072454092435398,0.077879811661306544)
 (1.2221936388962191,0.03270821651759364)
 (-0.77045872222002765,0.23289937428314139)
 (-0.10981613894591705,0.36555882340967399)
 (-1.3179388382179722,-0.36597425594044986)
 (0.56896937080924637,0.56884533775741863)
 (-1.1269768264403808,0.61312571368825852)
 (0.92677665016919653,0.94839515579995415)
 (0.50592535655595205,0.16196479225516003)
 (-0.56797840356978158,0.49845607628635469)
 (-0.059922474657171265,0.93761645413223549)
 (-1.0224016145724213,0.27893015616813788)
 (-0.32135617501840708,-0.29194909362320659)
 (-0.88830472504988589,-1.229277402968378)
 (-0.087526000054943334,0.30695993013313405)
 (-0.37118719365265046,0.27286713368066035)
 (-0.12549862097308917,0.93767744566480138)
 (0.96191266190052283,-0.81417357919966116)
 (-1.2478889466964731,-0.87692295015089516)
 (0.84229635361157473,0.70202270180269133)
 (1.3340079448607651,0.36651266675886951)
 (0.6327751215661338,0.18891584798321312)
 (-0.1559672237134872,0.4076024833082863)
 (1.5189050566647133,0.082904364700688751)
 (-0.36347413139699608,-0.027729751027108538)
 (1.4476880900557108,0.39372715082614407)
 (0.44795224575082004,0.66370743155821588)
 (-0.50217512619094273,-0.029635940127991919)
 (1.4693609828031355,-0.022402295113254433)
 (-0.010681509029174771,0.074934883894691523)
 (0.69407090748316669,0.61616026838849547)
 (-0.16518244165780971,-0.48445493631295461)
 (-0.16520565073926374,0.73079708892703321)
 (0.59914181194457794,-0.85987245110112842)
 (0.96956779548428207,-0.29599852450682301)
 (0.78561145282190226,0.2145338169906095)
 (0.31988215693736105,-0.10858328093801434)
 (-0.56269655007575858,0.31692392723900797)
 (0.3967366379569448,-0.065847069627478383)
 (1.5525039993547591,-0.65670804372903113)
 (0.51325155773535358,0.21269228564385506)
 (0.052761170682401735,-0.82818291922929754)
 (-0.65056587973692137,-0.18809769978283719)
 (-0.052812906823755945,0.74452619118341412)
 (-0.43186354500340141,-0.40802039668404416)
 (1.0670210991061724,-1.030557000343018)
 (-0.55721594959008847,0.067142183694515564)
 (-0.59974055099053936,-0.53101803415193405)
 (-0.46135795196337637,-0.005135794994431838)
 (0.83878639705332758,-0.74602248355321499)
 (-0.10455225406783797,-0.39266601623437386)
 (0.14037909937101875,0.39067106872135393)
 (0.47357950151551265,0.82665596595960744)
 (0.95205565065149778,-0.077019822070641064)
 (-1.3122546824282526,-0.91832351091937936)
 (0.28188556653411195,-0.28625390980799681)
 (-0.14819908017640043,1.1619229709632561)
 (1.3766164564397219,0.49068798361456556)
 (0.8969931280947967,0.65318768871633004)
 (-1.0491178080636008,1.980966868743451)
 (-0.44638696105555975,0.5161747451312021)
 (0.51089491824726752,0.044786528779937024)
 (0.592995309900888,0.23579316875415976)
 (0.87646945696686585,0.072612659666478813)
 (-0.21172782756690284,-0.96324574117565798)
 (-0.4638344900460038,-0.28495057709557431)
 (-0.89154608248797673,-0.21476508908169678)
 (0.49362896420285807,0.14806178270014778)
 (0.46539171234022875,-0.6378556330836288)
 (0.89600490849814762,-0.22221344979962676)
 (-0.20842133135729704,-0.36829166447665479)
 (-0.45831722988638562,1.500838561091645)
 (-0.35797564792627806,-0.6604296543598811)
 (0.16169648971261089,-0.44264680441625315)
 (-0.2533472299438595,-1.1204393575276863)
 (0.14414945834508711,-0.13392933677775615)
 (0.50132388984092902,-0.72389304541144595)
 (-0.46666697147693426,0.38922881139952126)
 (0.56495284278645397,0.93375380386890527)
 (-0.49319576519131669,1.3484606914595687)
 (0.4684428380229248,-1.2128795762513629)
 (-0.74684744632665412,-0.35691899541187644)
 (-0.14737326749217303,-0.017119778360328224)
 (-0.4092613488558603,-0.08447276106492789)
 (-0.50212015394214116,0.82548426194167146)
 (0.34861215991345534,0.70955952495765739)
 (-0.075489960294829697,-0.34962499584744838)
 (1.4813580342618011,-0.44825463580097752)
 (1.1112218057445731,-0.87367863835592008)
 (0.19833573897923523,-0.42643131861749223)
 (1.2298151654453899,-0.057418083562636474)
 (0.15280878337784917,0.93139146313836363)
 (-0.14880774047329751,0.26672579423664955)
 (0.86485917317946981,0.92294752373340327)
 (-0.48507057837930451,0.73765547147416199)
 (-0.061753238811004148,-0.64418739561494831)
 (-0.48555614441263417,-0.45825439677785579)
 (0.21561368194452743,0.84765213434093967)
 (1.3453370404272351,1.1983802195810074)
 (0.41079070397686518,-0.13176339039925444)
 (-0.17359916084129373,1.0145797725779906)
 (0.96607473916499698,0.031838698850553245)
 (-0.34777170890309178,-0.067494654572741411)
 (-0.40074742044660144,-0.62861570836935787)
 (0.69844818554484966,0.86425846912962245)
 (0.0014591318367344962,0.35776133768239426)
 (-1.2155803809296581,-0.24455152611740857)
 (-0.63393061851985721,-0.034405528473851567)
 (-1.0508238443483024,1.0010171798972467)
 (0.99269135042389722,-0.27592447593466718)
 (0.014431815044126738,-0.12987662158969676)
 (-0.041608875113976797,0.52216126635966786)
 (-0.15188189736575419,0.46426672710727185)
 (-0.94121380588000125,0.56296127468756763)
 (-0.40078198524579955,-1.1955477718185248)
 (0.62073310213263277,-0.37859181854006008)
 (0.71087145591837253,0.091779624491094003)
 (0.24706612282508222,-1.0041041927772607)
 (-0.21890254967689249,-0.3816192271551832)
 (-0.15286841206654236,-0.72377266481899194)
 (-0.20871518140007908,1.2032226315121108)
 (0.01205235471985221,0.60622890048209233)
 (0.14194012524229799,-1.5202937925291293)
 (-0.086239362517834248,-0.53071139479045115)
 (-1.091180070989116,-0.8900569468144931)
 (0.6097780020767557,1.0607712096027362)
 (1.0995720765862309,0.24915469309711158)
 (-0.53192120001616827,1.3675374800508977)
 (-0.33874716529863513,0.62703881633776148)
 (-0.38365053723587039,0.6452146930273216)
 (0.12862796503131704,-0.93788080659482431)
 (-0.19140597346148217,-1.7066016041224843)
 (-0.013103081100823859,-0.38712540487731772)
 (0.15904059004969498,-1.102559418449983)
 (-0.99395565932954166,-0.32400467996433874)
