# Created by Octave 8.4.0, Thu Dec 11 09:47:21 2025 IST <gamana@Samsung>
# name: rician
# type: complex matrix
# rows: 2048
# columns: 1
 (-1.1671400958918965,-0.33495983765096116)
 (0.56661020279264762,-0.82105530031759422)
 (0.68155764908676908,-0.095195985524317142)
 (0.8112268683352295,0.19855092028726229)
 (0.82687374064484176,0.20856421085717022)
 (-0.78977401794075874,-0.5395892298485615)
 (-0.60028704010503775,-0.31955795811056864)
 (0.81111590942088307,-0.2141672877434721)
 (-0.29252999344457176,0.16208258883634608)
 (0.59410481317681296,-0.1796471485495568)
 (-0.51337282057107581,0.49281146438862422)
 (-1.1878655767330477,0.51749822054296779)
 (0.87715246894757581,0.11959741440016794)
 (0.8445724561802751,-0.067228817368536267)
 (-0.058031171612049515,0.69253919905124917)
 (-0.10212350530223357,0.4748587097643171)
 (-0.6350269733001167,-0.22438123377706118)
 (-1.5929476015093675,-0.051622684245977553)
 (-0.71702061544767126,0.66328090524219474)
 (0.63539531705009078,0.56020917259288328)
 (-0.83794442962026205,0.048686680969890331)
 (1.1524721981601456,-0.32997843690420148)
 (1.2453758459409598,0.48712909102233148)
 (-1.0863471462340577,0.10219525489113417)
 (1.2497162596776266,0.27021304722974532)
 (0.74946248595988618,-0.063600131973095553)
 (-0.82191823547362408,0.072008183246022886)
 (0.2902680222320817,-0.24760033948627802)
 (-0.030878353251010404,0.57856600399506908)
 (0.52380339596835912,0.17782695200492396)
 (0.226115132119875,0.16881127477062793)
 (-1.2388108110351612,-0.5595637685820658)
 (-0.63035373950533469,-0.039047589904324151)
 (0.57693675960614299,0.10284177382656591)
 (1.2399277090750502,-0.34102350837781492)
 (0.77620489963869477,-0.24274053007992719)
 (1.7236055192990283,0.41237620961679555)
 (-1.1959140961121102,0.55386707878043728)
 (0.89261373152724532,0.29166926419916273)
 (0.43392545724001819,-0.23542881646283381)
 (0.83897275725380049,0.12872803783614442)
 (0.58505409645395368,0.36392720695401809)
 (0.80995240829447268,0.084270356395488494)
 (0.28195509350063142,0.60148331167530344)
 (-0.4426788852955697,0.041679849094083989)
 (0.90163746504805686,-0.66622128923088209)
 (-1.4060754271555607,0.087728137806139486)
 (0.28389378753504591,-0.28099009088313737)
 (0.61862836401438115,0.11965441713689422)
 (0.81560523270762775,0.34261039609303351)
 (1.2942606791488098,0.38123388024151095)
 (-1.0862407791368596,0.55889512985513201)
 (0.74808842275006349,0.34538884937712971)
 (-1.678747385086317,-0.47615315727035806)
 (-0.79726019490410005,0.32050212885164059)
 (0.71471654047536948,-0.10230756459195579)
 (0.74071399334636312,-0.0022765435998489477)
 (0.95249308410445177,-0.14513403806930605)
 (0.59936094785355154,-0.035093454326194984)
 (1.1937194641052902,0.015817822043166504)
 (0.69813165706323033,-0.66643130334597733)
 (0.96893877002569806,-0.14783564808085545)
 (-0.50930937711463464,-0.55254238428119418)
 (0.64964774796593316,-0.15715054319004976)
 (1.651471777548648,0.1554778101534513)
 (0.95332272353738401,0.023106492635570717)
 (-1.0053331109309698,0.16895403028638151)
 (-1.2053180937962633,0.1601324012983745)
 (-0.27759259717395157,-0.099153241707766959)
 (-0.77385894531118338,-0.059631239634243438)
 (1.4200285841403901,-0.44054406071543722)
 (-0.83162139551854786,0.27645573614613095)
 (0.77909785460789904,-0.25195645741927547)
 (-1.0411225140346168,-0.18822359592384905)
 (1.0320237884515158,0.52255658729174526)
 (-0.86668457325180936,-0.10389322102311235)
 (0.94349093554482089,-0.29595680792645684)
 (-0.808749709265557,0.31885181245630295)
 (0.66069796704079198,0.35530336104488597)
 (1.0192427245306912,-0.31872618913853373)
 (-0.53860732440170223,0.69238370030975616)
 (1.0072401907849251,0.14779536398340754)
 (-0.29352415571674362,-0.1923336916569571)
 (0.64570902595796653,-0.093532624017441848)
 (-0.87517627865386882,0.0015386432224941285)
 (-0.19768313486372124,-0.21271699384881482)
 (-1.2429164350302542,0.18272782960972775)
 (-1.0598930354912413,0.46233147192148749)
 (0.75627127722685983,0.2070919413003541)
 (0.45944061899762617,0.56366198265990508)
 (-0.66990029148229424,0.19291028502025909)
 (-0.92349739311536627,0.093568625337221711)
 (-0.60821514217669503,0.21770305017527289)
 (-1.0396389853054022,-0.3431446724788012)
 (-0.94196302535439425,0.0027855356811444009)
 (0.77433959724509915,0.44242393560225551)
 (0.83015429444796629,-0.052663711109807387)
 (-0.31037612141703907,0.29446577107603916)
 (0.79541313450739826,0.097994324764110102)
 (0.61907756664803215,-0.50278389464879669)
 (-1.1013821665397869,-0.3803805838969061)
 (-1.3527179582969278,-0.57244643488654678)
 (-0.90677740436195375,0.012678961176932336)
 (1.057482581436137,0.21870384342561303)
 (-0.39628105862141316,0.44792859482416963)
 (0.84510145128668945,-0.26281353266734786)
 (-0.83556802238183869,-0.14051315516132395)
 (0.0079210929932094221,-0.22886491981456372)
 (-1.3316006581708018,0.44190364154971501)
 (0.93522368305802228,-0.26930339583171164)
 (1.0334522196621572,0.49322345441259913)
 (1.1569198538763601,0.2599195683337141)
 (-0.49259632257348152,-0.2521342728943054)
 (-0.47725674914886068,0.40099768619340137)
 (-1.4081444953560671,0.46579584692441867)
 (-1.437124548906396,-0.26270820866293731)
 (-0.68697431840251677,0.069691624338722058)
 (-0.82744653833649795,-0.9352258662323194)
 (1.2392874387817636,0.07339695847685751)
 (-0.80221740838480149,-0.5870950403892663)
 (1.0794782126881375,-0.44167765256334679)
 (1.2072443742285395,-0.078784211219020864)
 (-0.90976056706094566,0.051972979118403852)
 (-1.3228556520541208,0.58420503339837593)
 (-1.0901263380588426,0.38294902559877503)
 (0.56247439216805639,0.24668091578796153)
 (-0.63696683780701258,-0.4045053922393913)
 (-0.69161922218829663,-0.054418211664745912)
 (-0.77875871048223644,-0.49655205355308668)
 (-0.48939723943254171,-0.31646311819807915)
 (-1.0776460259493574,0.35557184284525817)
 (-0.53409338574630094,0.79754605669086021)
 (-0.7045036094381133,0.3102670014563193)
 (-0.12608788996458908,-0.20459146451248136)
 (-0.77128805712482207,0.14990839769785927)
 (-0.32927137944132756,-0.11168351266025522)
 (0.81695164898335337,0.086120104022224447)
 (-0.52025885584222475,0.38723939934610824)
 (1.2096148055097447,0.023635561573060841)
 (0.79984189963904562,0.20490344367703331)
 (-0.74224257360063572,-0.33096202847804873)
 (1.0442611074947736,0.36616504755987717)
 (1.261009855282494,-0.80541784135004624)
 (-0.40659941481331763,0.6941500271127603)
 (-0.58203356649394422,0.58877887709258803)
 (-0.57966729326658006,0.4584450755816476)
 (1.3823350136821611,-0.093554840254615829)
 (1.182727745469258,0.25044128228771673)
 (-0.099859960800433578,-0.43643868608689712)
 (-1.1728748927521113,-0.28274113410714197)
 (0.75016086287474315,0.44904257233263556)
 (1.0334162211272853,0.0030068416510797115)
 (0.64132350124616344,-0.11284166681290628)
 (-0.95726068775960105,-0.35451736576824067)
 (0.65289260303235352,-0.70099223961043966)
 (0.66132020986569295,0.0020233594769398784)
 (1.1420244550818592,-0.65230271904978643)
 (0.25848833103101743,-0.1037332250217398)
 (0.76394013295632746,-0.060685805419088946)
 (0.91822080749619062,0.014919422795781104)
 (-0.4657128035340718,-0.22977951847066097)
 (-0.58614066775892049,0.42157347237018866)
 (0.58315519888857148,0.024119189721180035)
 (-0.57984309836559,-0.33099627047718366)
 (0.71283129958179003,0.11605304378312645)
 (0.76007551175232169,-0.16034263690415701)
 (-0.56400090240145628,-0.014355975058934357)
 (-0.960589350272673,0.15517730310054284)
 (1.4818072763179071,-0.19865500493282803)
 (-0.83076397931194546,0.031515807071338754)
 (0.8388566281289046,0.39385761389288615)
 (-1.2080616316627726,0.15721621175886258)
 (0.68887372889799625,0.067678550651774583)
 (1.081732236297813,0.24549891289404896)
 (1.3496600721395875,0.14315799063331966)
 (0.78407544098010606,-0.48974621658855755)
 (0.98218019252501865,0.45621663234873838)
 (-0.70877274959000636,-0.5096349370698271)
 (1.2103487286143808,-0.009347861032460934)
 (-1.0082630127550161,-0.10416259289252994)
