# Created by Octave 8.4.0, Thu Dec 11 09:47:21 2025 IST <gamana@Samsung>
# name: rician
# type: complex matrix
# rows: 2048
# columns: 1
 (-1.3832787302171645,0.071287580487022578)
 (-0.96781168807905804,0.34520794351106798)
 (0.91665404784298121,0.10830318462251952)
 (-0.11318350787133369,0.065169515659746199)
 (-0.72979633023094781,0.08944161589559381)
 (0.9181016405468535,-0.29814259385986208)
 (0.84045504764964285,0.6716498780204192)
 (0.46006121076117451,0.12292037002542935)
 (0.42619683787921092,0.21862181481178436)
 (0.68378549808067801,-0.29892295680196446)
 (-0.41747999439195432,-0.39758130240662343)
 (-0.77403449816192382,-0.08810692840049246)
 (0.67947331355570328,-0.18268007049474705)
 (-1.3311141050498099,0.03333195670150766)
 (-0.63045600435161742,0.66930906251416011)
 (1.0466753919545513,0.37019809682401528)
 (-0.53778369862861064,0.54660188244511432)
 (-1.0370878188438906,-0.22244779015138785)
 (1.3313865944465002,0.099265133595189431)
 (0.84228710178697364,-0.12099744246969611)
 (0.89872693623055977,0.38741479221727448)
 (0.84571291106278823,0.40648465484518648)
 (-0.78545725093747443,0.60609819783892493)
 (-0.72599180077193937,0.517385045173127)
 (1.434606424158305,0.48762629448758321)
 (1.0747746986963091,-0.33615411387424354)
 (1.0117117439005612,0.096075063100862182)
 (-0.57143038929062939,-0.30358696190462675)
 (1.1431007723170787,-0.64610895337796626)
 (-1.3531900715415499,-0.63646389760980859)
 (-1.086179675405784,0.85708560603080286)
 (-0.97256722389343198,0.57128639093385192)
 (1.2431176537109156,-0.067230070969618333)
 (0.50099324545712254,0.023030860308768972)
 (-0.76256630615305043,-0.70771419728022644)
 (0.58108021606721538,0.26455152914703922)
 (0.58265224347693323,-0.1028732860670956)
 (0.63157424735759893,-0.45945605492139691)
 (0.87539232027142022,0.33169641177942372)
 (0.9283462233566081,0.052500867158232545)
 (-1.022828900580405,-0.034727899516503638)
 (-0.63354110032784561,-0.084981439514590029)
 (-1.0649416258399393,-0.55396076043435838)
 (0.7279937379668362,0.32971028344177439)
 (1.3566539296914213,-0.32550973303352426)
 (-1.5339836500880408,0.41773403201397463)
 (-0.56224433110947225,-0.23812962337404547)
 (1.4862604470281464,0.21610332026533702)
 (0.88160084161627172,-0.20126684976191084)
 (-0.62337752206182573,-0.36215382954016928)
 (1.3165143183457946,-0.74099987169098702)
 (0.99486200872140107,-0.0091169575788622673)
 (1.064577015401361,0.51729691981047188)
 (-1.3579381858294033,0.11166542184048328)
 (-0.61251347183094873,-0.059578005283485717)
 (-1.48297902168014,-0.0085367381046733103)
 (1.1659903261011895,0.10639760757615241)
 (-0.94878718678501262,-0.3294452478354794)
 (-1.4980926260645067,-0.059525951958302993)
 (-1.4043496735789012,-0.093109135936366008)
 (-1.0494222572965373,0.015106844814125305)
 (-1.6395738969636819,0.042010508443998749)
 (1.532452449303769,0.24711556584433161)
 (1.1374837400107389,-0.13747440612388306)
 (-1.5644163271297087,0.43711025832318756)
 (-1.4478133157880022,0.23227743819761587)
 (-0.82583347247002448,0.16239187452788317)
 (-1.4888104802945714,0.07477689259325758)
 (-1.0414258137387233,-0.1337050221311985)
 (0.86278920389743552,-0.69225293670782939)
 (1.0107159568551041,0.135170223417346)
 (1.4491554976312577,-0.36187784074829749)
 (0.79204537342276859,-0.1971250306187822)
 (-0.67150624816813509,0.15173595807379922)
 (-0.090417853718158137,-0.37042940245749467)
 (-0.42084097422872363,0.30349287895574467)
 (-0.77815909802229699,0.32512195298287039)
 (1.123995395518,-0.12078189616192413)
 (-0.75577950818565287,-0.28489176133715904)
 (0.26409533624512282,-0.37208195874403482)
 (0.42076721366412878,0.67566525788312437)
 (0.25055587083294761,-0.14226292471411184)
 (1.1001518517431692,0.093442349169359631)
 (-0.85654479859713595,0.29769897655418026)
 (-1.0335656117621115,0.068836846792007494)
 (-1.147884240728835,-0.1613604732368209)
 (1.2058189892061701,0.10646454213440604)
 (-0.95428261892702793,0.11019729009522677)
 (-0.95608975235304305,-0.222869425368972)
 (0.84987299660722038,0.43469715309839796)
 (0.99999859190238805,-0.71092911808457937)
 (1.1845349330082682,-0.91117010222112693)
 (-1.3765797665027895,-0.21880934974039032)
 (-1.0750869409797104,0.50791718794353258)
 (-0.67930209114236395,-0.071870460107615344)
 (0.23580230745532405,0.21445702952778969)
 (-1.0709661279103884,0.27731459022571847)
 (-1.2062615316717122,-0.28862213356059241)
 (1.3553781542181598,0.075685988313961158)
 (1.0289202678970164,-0.32816347459539069)
 (1.58068443319948,-0.67241760234403203)
 (0.27632256246938514,0.18653733247593607)
 (1.1660416552504154,0.0015848086858483155)
 (0.46377195099855861,-0.16097698227464058)
 (-0.48897190487408942,0.28865392022272146)
 (1.4588630987512499,0.22392034973681815)
 (-0.68103413777392474,0.025868647880352882)
 (-0.65826355060511077,-0.37838224184502883)
 (-0.86424436402357063,0.29074485460266764)
 (-0.3655626065303833,-0.1423057661376648)
 (-1.3149995947520856,0.51227432629296499)
 (-0.8868756061169687,0.56637355167473236)
 (-0.3895003155858458,-0.15802891687944884)
 (-0.65433609118245839,0.42321686760906529)
 (-0.46686574962800859,0.25959028630765768)
 (1.1261898016413161,-0.18491936884018806)
 (1.7462120440162341,-0.052548610571742725)
 (1.3721056385377717,0.18443437407246727)
 (-0.99268758788452516,0.7238702231374553)
 (-0.72654939480740444,-0.036282032830196424)
 (-1.4172351079604533,-0.081606699346476561)
 (1.1499252638945667,0.24172422799991011)
 (-0.78196991346323297,0.21823971845504128)
 (0.8404543674534154,-0.098741453038465071)
 (-1.2382952746970193,0.68307023488277163)
 (1.5380228524416508,-0.30009297625029668)
 (-0.88596484361952021,-0.22654564772255881)
 (0.005420032668402408,-0.33606467818516034)
 (0.59975893169656835,-0.25301119843934294)
 (0.81190528267605355,0.0085863717114690753)
 (-0.64725052189655385,0.73285986799765079)
 (-1.0115323773433837,-0.11002719814336306)
 (-0.7579515293916721,0.26121935488637171)
 (-1.009669784184281,-0.12054082937143221)
 (0.82334426237805614,0.31553530858306394)
 (-0.72586375796807967,-0.54905386380813836)
 (0.92644380424117734,0.23955961426231728)
 (1.3283417987486867,0.091010077540662607)
 (1.7272684022665152,0.13968617386859578)
 (0.51469155880220141,0.2390904153585289)
 (0.49792531367938592,0.034507282122261972)
 (0.48457132838898526,-0.50514258576308524)
 (1.1350918908679009,0.44009761583675533)
 (0.67286882752667776,-0.36269334571370104)
 (0.54439771763912159,0.0036772597583009576)
 (-0.88583373246177211,-0.05712094563979464)
 (0.81470212474014148,-0.34323281321107024)
 (-0.78895520607215275,0.12862963823972462)
 (0.72037095650227567,-0.020799210515035284)
 (-0.69863916016078376,-0.21233747557287819)
 (-1.9173535216732269,-0.0049418145069371052)
 (0.63343844310340536,-0.1937829588526197)
 (-0.9801734005715409,-0.27331684638680798)
 (-1.4348081021090691,0.20401888152215253)
 (-0.4712627703197993,-0.25299519116353802)
 (0.42196478192998232,-0.6166813528577727)
 (-1.200352906157526,-0.40860037979816344)
 (-1.4322467723936771,0.40262145524244619)
 (0.71254974598467313,-0.59978848927021033)
 (-0.50243793666515746,-0.41540749321756532)
 (-0.35539303844039316,0.16300457133290824)
 (0.61215049749056982,-0.12764183005985172)
 (-0.87715479437192667,0.53113603236204476)
 (-0.92406845109457736,0.77055343827577272)
 (0.31531880896856068,0.33815793135035466)
 (0.97128207260841048,0.33856042047449392)
 (0.77707178078690564,-0.11639978799852611)
 (-1.1366093015276511,0.46960011066920027)
 (-1.0706544672339544,0.030161428451358076)
 (-0.32361438422439781,0.27632026667698351)
 (-1.4699490651663798,0.11307546848999968)
 (-0.6643633132730683,0.52068226324586087)
 (-0.89770970062268662,-0.31851408904958511)
 (-1.0907357711454773,-0.067820497046310921)
 (1.1708757407591754,-0.17737724340725358)
 (-0.85130554813185744,0.37539574450521407)
 (-0.81715871060545109,-0.091479521238461606)
 (1.38136640621467,-0.52472256001573514)
 (-1.3838326755371924,0.60829627634134886)
 (1.0449507426789966,-0.31966232661867433)
