# Created by Octave 8.4.0, Thu Dec 11 09:47:21 2025 IST <gamana@Samsung>
# name: rician
# type: complex matrix
# rows: 2048
# columns: 1
 (-0.47952642221509639,0.097531792289997782)
 (-0.44277830336898727,0.29360091369595143)
 (0.68711472580332988,0.4143671919601179)
 (1.370272285761625,-0.34343945854153335)
 (-1.159898709481666,0.11644978225969127)
 (-1.2080101614761038,0.0070027211274981127)
 (1.2568610908266624,-0.284467351670188)
 (0.67233469692386338,-0.51753320760577415)
 (1.0265550594111521,-0.40070529422493922)
 (-1.1853043236986458,-0.053538876247717568)
 (0.0023975407042745589,-0.025275046396068881)
 (0.63896113651627162,-0.31988735066404722)
 (-0.55302148086104497,-0.42121564232473369)
 (0.7198367348367245,-0.080193367851179836)
 (1.060358635299671,0.29238908091004279)
 (-0.81876038422269481,0.68282043465315267)
 (-1.3453086242277685,-0.408858188628618)
 (0.79177659199279415,-0.32118537292942279)
 (-1.0233612617458472,-0.084315345390735125)
 (-0.93450988654186862,-0.13385761240879526)
 (-0.50366990345668827,-0.55939584980438428)
 (-0.74842919430895893,-0.30910011784940078)
 (0.97794856996089718,0.3426848269741723)
 (0.27499224443351034,-0.0024091603446681343)
 (0.38576746538719997,0.0032897914021202861)
 (-0.67762828594664359,0.28927061354057715)
 (0.55827303589545074,-0.094558883985895223)
 (-1.1721742749150921,-0.017384730962627135)
 (-0.55037741903611503,0.18521761097768286)
 (-1.6690049201814512,-0.11806578870941159)
 (0.60111216490396724,-0.36557603064015126)
 (-0.97323577670134831,-0.080607605923943365)
 (0.63519065164045241,-0.11429360891581368)
 (1.2368679252569899,0.2109619876288272)
 (1.3153718194033421,-0.32047658946461749)
 (-0.38491852158929946,-0.5347701070358748)
 (-0.60625933651867581,-0.1244721813167836)
 (-0.64954721821612194,0.23018826953347371)
 (0.19727861452528228,-0.18304571077996445)
 (0.73405204026676818,-0.17490379210041401)
 (-1.3191550998529502,-0.2856091024914284)
 (1.3056260581473327,0.45182073439237525)
 (-0.5303278246929628,0.22315404652424325)
 (0.65934237344314761,-0.19655869356236641)
 (-0.6508175396844833,-0.29159211468211466)
 (-0.38171421025960983,-0.094138669521265789)
 (0.64777929713893267,-0.24558131733272018)
 (-1.2204637072415916,-0.053279156104475638)
 (0.54710019734366688,-0.25946071505068996)
 (1.0122731888369225,0.21328596114399395)
 (-1.2681512824925079,0.41582929501092053)
 (1.9975580592337927,0.41562303485006025)
 (-1.2806634950433859,-0.2235145947504327)
 (-0.67627593235209871,-0.1638693987101483)
 (0.79054783960368391,0.14539398553627336)
 (0.36895958596927914,0.12990636053067434)
 (0.78087756140745734,0.44709752377061185)
 (-1.038040776500436,0.3487900954878152)
 (-1.5623941195691575,-0.54834600162853053)
 (1.1895740067155813,-0.36589494146602308)
 (-1.1940350064502614,0.062051590133957016)
 (-1.0917200029215335,-0.32948743407493841)
 (0.57276329501331524,0.043652726799713437)
 (0.87329807119247937,-0.10002647061041449)
 (0.85257161697265627,0.31510280955594028)
 (-0.20460477477326278,-0.35601554327962565)
 (0.71434079689090069,-0.62625275406538483)
 (0.95386613841221191,0.024996707422060661)
 (1.0066892199022122,0.37867608828163318)
 (1.0743695660608288,-0.28098494425945919)
 (-0.92187255124578305,-0.39308339205002157)
 (1.0750279232229776,-0.46108702286658698)
 (1.0191720690292536,-0.35267219099608588)
 (0.60189939148500371,0.67590105637365616)
 (-0.84008515914769433,-0.79922357071397465)
 (-1.1786682371941357,0.14091988594473392)
 (-1.1693299804914989,-0.79599811594563863)
 (1.1474922061472252,-0.19464768697517645)
 (-1.223756153921185,0.062893046654995996)
 (1.1728644187526123,0.11774298696794495)
 (-0.53535072650016757,0.23267019147007911)
 (1.1307898036614032,-0.10877067495402412)
 (-0.63039838566018425,0.16698039727275268)
 (-1.0228379602135487,-0.35540969221326846)
 (-1.3312550812706052,0.10725360441481202)
 (-0.96517021438575923,0.25173539562803116)
 (-0.57377829274636727,0.56268615049662773)
 (0.60198361218282903,-0.42447734740306536)
 (0.53251509284830933,-0.18821377196234851)
 (-0.12129406916455909,-0.20680913785644034)
 (1.0410486964701864,-0.57499045967855433)
 (1.018818471038901,0.756110890758938)
 (-0.87854817766502524,-0.024562201685270436)
 (-0.69008575075017675,0.72417542828938897)
 (-1.4223989330175919,-0.10028211971913861)
 (-0.70539949693861714,-0.23937465930108956)
 (-0.78538038488055661,-0.051070074053668292)
 (0.43269412877449154,0.61378913166248339)
 (0.87049776631161513,-0.27254924149130072)
 (1.3508931639595509,0.17301193147864463)
 (-0.34570390905920456,-0.40119050897254205)
 (-0.76230305499369333,0.11936904328629259)
 (0.68665000481758498,0.71684198467446236)
 (-0.27680831220334168,-0.077799661157048589)
 (0.94625236028509452,0.46086136687565582)
 (1.1765926069877857,0.43274513633011719)
 (1.2389300225504265,0.19378451192067622)
 (-1.7421931079674471,0.15809059961017805)
 (-0.68109091290606616,-0.58357575972393783)
 (1.0764553089087072,-0.68708882742268429)
 (0.9388430877511279,0.24270701663201968)
 (-1.2404767845363422,0.088581597185983837)
 (0.7396408312357714,-0.018126975255657683)
 (-0.64502456761785076,-0.24331592012764783)
 (-1.0594216454453547,0.47499838023573093)
 (0.69090717243944355,0.31905280008809916)
 (-0.56867578154085718,0.084776605633178653)
 (-0.77553030403926793,-0.088007396225161669)
 (-0.57042327061619269,-0.027983647389506799)
 (1.3049779249944127,-0.014030972045363301)
 (0.76734276548299163,0.7469577311465514)
 (0.9406855734552575,0.77427938289058207)
 (-0.45206842274884407,0.18335294380384332)
 (0.96163409649542941,-0.33816804540968565)
 (0.76814602524678643,-0.62243793396960723)
 (0.30731596876280731,-0.075215608447219542)
 (-1.2354430569923678,0.50706859914192304)
 (-1.0090413563107303,-0.52624951365753903)
 (-0.35595210915935915,-0.15181304913219829)
 (1.1540217805030124,-0.32699930906026514)
 (0.94494097958092449,0.41505920311823458)
 (0.43958278032436598,0.14164354606010074)
 (-1.5550840088036439,-0.059180447204944142)
 (0.96456074318926421,-0.65154726152941156)
 (1.4577119373602494,0.2485288917260946)
 (1.348428724560391,-0.053940600584988459)
 (1.0427235024592996,-0.37802682612651334)
 (-0.97116338130154745,0.50560774025908217)
 (-1.0577905552837634,0.26023374358472778)
 (-0.79741065866267502,-0.0016246614245098534)
 (-0.95397590809063615,-0.079547015373821264)
 (0.5506600215433648,0.10355503225117259)
 (-0.46182504600753926,0.1894701525018492)
 (-0.47672726081410755,-0.16268174302880439)
 (-0.44725342202083823,-0.35731098658949362)
 (-0.83794320426653857,-0.3132900317229535)
 (-1.9096582776503412,-0.20950028683329702)
 (-0.70313569787697283,-0.14527189283348882)
 (0.63278277377061709,0.32019907510418494)
 (-1.2629001502194017,-0.47664849256564606)
 (-0.91838542840539905,-0.32697379189971115)
 (0.73299682496545038,-0.37453036386667671)
 (-0.77723474951308258,-0.27298418815683217)
 (-0.94151807268568632,-0.21155869115889234)
 (-0.88179589667309777,-0.54039251945172551)
 (-0.41741519441613739,-0.31957773065227008)
 (-0.7578436754822212,-0.34000402544897496)
 (-1.4515461455123253,0.047954556525683194)
 (0.24680871850651753,0.29779431294156949)
 (0.99012911977085449,-0.45515301967931415)
 (1.4130937253739519,-0.28342587710740103)
 (-0.96536605420752097,-0.10379409173711238)
 (-1.3937018709853808,0.42805954490407955)
 (-1.2690478471154314,0.16221432686173851)
 (1.0588650318649944,-0.062540297075342213)
 (0.47670949820348246,-0.18189898045742126)
 (-0.46775716221932723,-0.65999996753869627)
 (-0.93114823257615864,0.23719971371413767)
 (0.46363798756118535,0.19589444315950028)
 (0.95485983297508059,0.16551823021144313)
 (1.1724036486136304,0.44915256639044199)
 (-0.69735120764287228,-0.0312889065406411)
 (1.2358825132199511,0.21181105751499399)
 (-0.78464447672809512,0.35979842775275261)
 (0.34817300235559101,0.20084989014322854)
 (0.81128947099827731,-0.45109349973725682)
 (-0.74753483107781482,-0.17327947376877523)
 (-0.81821129797754222,-0.26783218153714705)
 (1.3960501106728476,-0.36614489650248372)
