# Created by Octave 8.4.0, Thu Dec 11 09:47:21 2025 IST <gamana@Samsung>
# name: rician
# type: complex matrix
# rows: 2048
# columns: 1
 (-1.0760192465788549,-0.30718122449925378)
 (-1.2717497973444787,-0.098627749836313866)
 (0.83160047694394101,-0.18063469995720122)
 (-0.069091357768349959,-0.84573979798634891)
 (0.29123427788763279,-0.3276982846822552)
 (1.0355128301676972,0.57847282236754061)
 (-0.2893657860719373,0.12224245640812698)
 (1.2214072173737112,-0.35244100623451385)
 (0.83658893186209027,-0.65965928931815776)
 (1.6445023359322244,-0.19571987807675084)
 (-0.7129258709880516,0.2584792800386761)
 (0.75870927039121272,0.38205823864912469)
 (1.3922770613121871,-0.30354552817599795)
 (0.91407680554684412,-0.40049326962924059)
 (-1.0134907379406723,0.10201171560581521)
 (0.3717595118905313,0.13025346511623626)
 (0.86054327881801496,-0.13353988421890994)
 (0.55278145683275459,-0.074738711149272455)
 (-0.9872248710432876,0.24762350033549144)
 (-0.52183291153040168,-0.024196269769250857)
 (-0.61812953331214482,-0.53608007277737191)
 (-0.63872915111776607,0.33998831572822252)
 (1.1165557753340363,-0.078884783347645995)
 (-0.5439600471768139,0.10028497998895136)
 (-1.0581524342433559,0.32028059075598819)
 (-0.67852144232062161,0.28869872870406776)
 (0.83895204534331846,0.51226465887458839)
 (-0.75155393184740404,-0.25130124653830133)
 (0.79602560773757358,-0.09862493166967666)
 (0.65521146482808079,0.39899139677755885)
 (-0.59672786109594589,0.093065655419676652)
 (-1.1710419494574396,-0.18102245973880624)
 (-0.21811874868706471,0.82637651128361922)
 (-1.4784784146618137,-0.14455593866024735)
 (-0.79321128587077139,-0.085373234737346218)
 (-0.90046380887354793,0.97565612477238983)
 (0.88004116676759936,0.40233465767443444)
 (-0.63167908164582598,0.076313126774937151)
 (1.0987651598842485,0.26551703023943252)
 (-0.54826398958566447,-0.074943691284373642)
 (0.41068731221473725,0.46310570902473297)
 (-1.1381280507615417,0.10421011000756024)
 (-0.68766692799082263,0.40082192801432531)
 (0.65255945271966032,0.028501725021312017)
 (0.87533997894737947,-0.42255869822863873)
 (-1.0941104162478665,0.59897056736980425)
 (-0.80688634124245873,0.65294726046930385)
 (0.82036190763000227,0.023284734531544407)
 (-1.1619066632615578,0.083950534699054988)
 (-1.2249220368337672,0.042449649607056453)
 (0.91877550159886379,0.53464524787701351)
 (-0.2381214253058902,0.078792916131600679)
 (0.76583970415756197,0.1832848178790297)
 (1.1318650633795375,0.14264265593017547)
 (0.99675392936139529,-0.098804996456051716)
 (0.37623215207709387,0.42966115525888926)
 (1.0539596146399957,0.36380726726926205)
 (-1.3028667498189757,-0.060148905624742635)
 (0.55524348230884846,0.13714937056016663)
 (-0.76584058666924404,0.13125382338250613)
 (0.22146500605584307,-0.3180486622103606)
 (-1.0093754145272864,0.16163609526501982)
 (0.085055339413452113,0.33198904778513516)
 (-0.20816501601101978,-0.23509643604456004)
 (-0.13570375982214122,-0.36422157990839277)
 (1.1733332813490451,0.75920714657426769)
 (0.44205016177899176,0.16259965365545054)
 (0.74061503714726173,-0.071186986941049274)
 (1.0702261347299715,0.27610917608411384)
 (1.0023061009857797,0.36109687172917321)
 (-0.57566267786923142,0.0065778586413749061)
 (0.88914186964872655,-0.68928599889907838)
 (0.9739959189075208,-0.13565840920864897)
 (0.65803842283697866,0.033408813320313493)
 (1.0390955228112659,0.33205432631192161)
 (-0.45895134356473155,-0.71418670641226134)
 (1.4077836139473696,-0.55588105713470148)
 (0.75257621627892524,0.12347878243316347)
 (-0.46341472483368945,0.23134609372150741)
 (1.1493472405938079,-0.44416853990826993)
 (-0.61881953166556758,-0.30269056338490058)
 (-0.7413586133388298,-0.6669979294961651)
 (1.3019418965266687,0.56395009228569193)
 (1.2391033170344232,-0.43162387663307134)
 (-1.0503126025426368,0.65557115755302697)
 (0.93655609520763905,-0.13913671327195887)
 (-0.77295509875740542,0.014668329005502769)
 (-0.76765712880024961,0.44160778503533132)
 (0.93678509913782715,-0.18928071558386803)
 (-0.66135348694825291,0.11875210646344005)
 (0.31111561027910029,-0.44443810338387124)
 (-0.52180320451935069,0.17706925990877995)
 (-0.22870449319646979,0.34646082222868579)
 (0.68395114327253159,0.068281149741133293)
 (0.67694980825026074,0.11897424694765807)
 (0.46688799358998118,-0.26868833380807633)
 (0.90074441053848286,0.17207550947706957)
 (0.16382995603104655,-0.29801348724415372)
 (-1.3073255973339295,0.27143559620281549)
 (1.5648882429727622,0.23668537405813822)
 (-0.96253728476264422,0.36085958630328441)
 (1.5592834943914555,0.92080410928071887)
 (-1.0821842305205198,-0.3039172866455559)
 (-1.1316096216099496,-0.45440807341026107)
 (-0.32573724084320488,-0.29580798477676001)
 (-1.4656081302058199,-0.23037751425096453)
 (0.88145004340195854,-0.095135584051407748)
 (-1.273421465806531,-0.19119563957113511)
 (-0.3681620547413274,-0.13862540964254028)
 (1.1116616935340571,-0.35426141209088668)
 (-0.8224525145328293,0.53642197817420856)
 (-0.55611407634098309,0.26367416200102456)
 (0.98575441786325269,0.40048922489255268)
 (0.35566528209906711,0.30108929925007299)
 (0.27596745096824282,-0.31601706160517001)
 (-1.053544058317373,-0.093116864286005074)
 (0.89065319401336496,0.26028952005640282)
 (-1.2320918687111608,-0.44290367874004072)
 (0.85425623457570321,-0.24340399587771039)
 (-1.5809957485338368,0.35449864205408421)
 (0.45578756263242698,-0.4803552287529621)
 (-1.0809470001904551,-0.045836500806004092)
 (0.84340897951575178,-0.09345234483701706)
 (-0.86791470708549101,0.16057644058280007)
 (1.4696835052390245,-0.19650267085583931)
 (0.55892387678295352,0.46366785932969801)
 (-0.76318337216537824,-0.013520322018744478)
 (-1.0105107149007975,-0.31471723922946337)
 (-0.86695642210568502,0.70875393188001201)
 (0.74615705680906153,-0.085515541313605933)
 (0.80557484880815555,0.066802417619073851)
 (-0.59465552213311978,-0.34940563973116834)
 (-1.2579458358775295,0.022455461958694047)
 (-1.2441343156571951,0.23578872203742146)
 (-0.84820944664179343,-0.29007937106566434)
 (-1.083644512528505,0.034038328059666868)
 (0.76394489312471148,0.3436827166780077)
 (0.25693759927680104,-0.017481715125879628)
 (-1.0004316810397362,0.54404994337500001)
 (-0.42843942216127867,-0.034892401660423789)
 (-1.7578068274159571,0.059341855077376902)
 (1.243676254360554,0.2993119885560433)
 (-1.272878715194864,-0.44771927993404564)
 (-0.66226270738924153,-0.31898398131307376)
 (0.59326584169049412,-0.31528844171634157)
 (-1.1446138978049196,0.10282435873737501)
 (-0.69560999448782079,-0.11256898478194009)
 (-0.35299411988551921,-0.21285440865446009)
 (0.78577717227908783,0.32240845352971959)
 (-1.3169446647727354,-0.014297291083598713)
 (-1.1474850797546765,-0.41673164551616082)
 (-0.59297869658566404,-0.63256558606655999)
 (0.89515019679178109,-0.52392664062783811)
 (-1.1728385057292399,-0.4007561710198746)
 (-0.51184788796080793,-0.069489380486950636)
 (-0.78842797233789441,-0.045547033179361034)
 (0.5660168057417535,0.0088012002217856353)
 (-0.75297511244132764,0.048831189733225526)
 (-0.43662513289110788,-0.36053266440152254)
 (-0.31792763751171604,-0.24039932562835858)
 (1.4740647307759891,-0.30305775395922147)
 (-1.2634449275155086,0.24080875173988131)
 (0.92936676283223196,0.45899850359775202)
 (-0.80363503867863095,0.35878546072706674)
 (-0.98817016003004909,-0.31859856228704603)
 (0.19157058450558073,-0.36604829774629943)
 (-0.58940944626236846,-0.55682516819412464)
 (0.66066652715997209,1.021063457672593)
 (0.59204560897785674,-0.10421660202803827)
 (-1.0136456885508984,-0.38538565062548319)
 (0.44247422838442513,0.063430755069806055)
 (1.1171367991106402,-0.2793862422145359)
 (-0.64970174893818111,-0.35661027555260427)
 (-1.0344025463183273,-0.33144299340420064)
 (1.1065553151724672,0.32295890260706528)
 (1.0556572468294843,-0.73420638152590501)
 (-0.21206150628900811,0.39630118303810669)
 (-0.67510237831748876,-0.51901414142556923)
 (0.32805252246208172,0.035321055514631709)
