# Created by Octave 8.4.0, Thu Dec 11 09:47:21 2025 IST <gamana@Samsung>
# name: rician
# type: complex matrix
# rows: 2048
# columns: 1
 (1.0629712215514255,0.43414078523700927)
 (0.50081076784911593,-0.54167662944049888)
 (-0.79234890628911159,-0.12909580129554832)
 (-0.7500040420250319,-0.34172185326722743)
 (-0.49028653628408531,-0.43242039758195638)
 (-0.80162319082131361,-0.30463548187480438)
 (-0.56080964595359983,-0.006761313029154668)
 (0.38357860904658747,0.012349503943327237)
 (1.0556228441945046,0.19637742587507223)
 (0.81959181212380994,-0.65147018545621382)
 (-1.2267143884700817,-0.45685027944897122)
 (0.87491463715536422,-0.16301917880510261)
 (1.3476433492143012,-0.04836259116991503)
 (0.32416543225561323,0.054978618430270208)
 (-0.65364170932806109,-0.30401491108696327)
 (1.2509352101390805,0.023503115736555721)
 (0.76207690267672978,0.26728687023750713)
 (0.90541353380888356,-0.13249187328213743)
 (0.4104217176290359,-0.05648997235701287)
 (0.37941608190552295,0.40849048782147784)
 (1.145803746832323,0.0060315725214979826)
 (0.93362227916812046,-0.30059953662936695)
 (0.75862406147346562,0.48851348223837637)
 (-0.91150072380816971,0.20006478542116785)
 (-0.74378810000412132,0.41488216866446409)
 (-0.58180878852393347,0.30864426482492968)
 (0.94212117990263278,0.72603251036246474)
 (0.76191184162131065,-0.076837549247495807)
 (-0.77465602256803823,0.6266720963396718)
 (1.1749936670795846,0.15463296212482014)
 (0.86419890682436007,0.5120526277033598)
 (0.80819488379432314,-0.36739767799539147)
 (-0.83070260712747923,0.18881592944167688)
 (-0.96509185265038044,-0.19187825292715133)
 (-0.57655413785523901,0.33666327702130761)
 (0.96049120511658703,0.028506746690570909)
 (-0.38794816714387464,-0.33231191104781033)
 (-0.40598298660113613,-0.23599514631261986)
 (-0.48764508759047215,-0.49126545913449654)
 (1.3702930670381375,-0.39825460767095655)
 (1.0865010008288003,0.13009800616719921)
 (0.10042591017263836,0.33615650120091106)
 (-1.0949779519387723,0.16372012494637189)
 (0.76756004311392745,-0.025610338111123267)
 (1.6913877195682261,-0.20172865867538894)
 (-0.87957856164145465,-0.32775603586644431)
 (0.23945595446416601,0.19921758195773115)
 (1.2347472128517867,0.031920477487388001)
 (0.64666548666138268,-0.49390798331910574)
 (1.2266217059034494,-0.14165985900831504)
 (-0.79577987531309213,0.56754764706773342)
 (1.0755113512493522,-0.040354437743783028)
 (-0.27660636406415784,0.51683239138258874)
 (0.62009069323703647,-0.17336174264675527)
 (1.2482233079894767,-0.13353455786528667)
 (1.1660203238530746,0.13833023354630397)
 (0.91188194591056848,-0.53116346487437238)
 (-0.55523072221781966,-0.097662869035937738)
 (-1.5393128735237349,-0.31176164566672965)
 (-0.75414824930576607,0.11898088950439173)
 (1.2221450808217691,-0.11360021078011021)
 (0.36298255657325085,0.20694619091230804)
 (-0.91095215787734563,-0.11600904902471322)
 (-0.78312219118311277,0.42272025991053358)
 (-1.3148992368243662,-0.2635491122450897)
 (-0.87667444497386759,-0.2849813205274831)
 (0.58749643726380563,-0.88316756034084243)
 (-0.82390249046767439,0.53787227689206352)
 (-0.31337127739387682,-0.56987721634552257)
 (-0.92662663853070537,-0.075613240714932792)
 (0.32574852612908001,-0.63146040471994125)
 (-0.53754056150509877,-0.3249088639427189)
 (1.0507122106625288,0.027535368132917945)
 (1.5070719996796691,0.30540466752016776)
 (0.61856455607214478,-0.056462938449637068)
 (0.49583799114368393,0.19297480949998475)
 (0.88069349865507995,0.0945511082816127)
 (1.2259956543081139,-0.29597515638634009)
 (1.1248543738727039,0.18307373669270471)
 (-1.0028399250376276,0.043441711856095876)
 (0.95101228210403999,0.003427260713235777)
 (0.84509411829228509,-0.29278250616471485)
 (-1.172041837673687,-0.08278824976729425)
 (-0.41025412902410074,-0.25582094256590043)
 (-0.63618609741086851,-0.56496308760451941)
 (1.4005600152765165,-0.19108453030672876)
 (-0.30863882239983231,-0.16048098514121426)
 (1.0562223712918255,0.29427586491106628)
 (0.75838625242210944,-0.26330778988518261)
 (1.0555731945237559,0.086423688262290327)
 (-0.79106790043297037,0.44713174462573191)
 (-0.23648538765773874,0.10473336063052108)
 (0.98218870936404756,-0.47308920511067254)
 (0.37990710658683918,0.85842416121327025)
 (0.79806922908010103,-0.27441069032013543)
 (-0.952245550058333,0.28023141861303308)
 (-0.85766592415998311,-0.29830168558353332)
 (-0.9009769747648102,-0.22610804479981811)
 (0.42321586183606386,-0.38205519802547461)
 (-0.95793291532757974,0.33007661824396539)
 (-0.32394675671024842,-0.24584777436342195)
 (-1.0627330256920824,-0.38904084370609049)
 (-0.46296713006916135,-0.13630712114838822)
 (-1.3623726638914624,0.59129904590574855)
 (-1.2631597597333917,0.21145944555749832)
 (0.89062072449172247,0.012634153462348748)
 (0.94088489847950574,-0.21274756629581279)
 (-0.93977990493209873,-0.53259455874591743)
 (1.0466876511461629,-0.0043113602332823355)
 (0.67566253887567562,0.33498861082857073)
 (0.70603999294879871,-0.2780822462927191)
 (-0.93353908891864967,-0.27104710605498183)
 (-0.90601379799665926,-0.19209485332638598)
 (-0.51306538052126438,-0.2710950300211486)
 (-1.376813869028306,0.55961801913276121)
 (-1.0009732856198936,-0.10492195085226823)
 (-0.8358292336848594,-0.3535752303257701)
 (-0.53094182557977709,-0.21280724155671332)
 (0.32631423638823753,0.85369494778099242)
 (-1.397568113195701,-0.088050779330631448)
 (0.49239293264603085,-0.51762001300702409)
 (-0.12886942668623291,-0.49217460006318692)
 (-0.87900559753232033,0.21323176974128827)
 (-0.92132344103412689,0.59390537445792402)
 (0.89730757360966784,-0.0031605023709674667)
 (-1.0483565506794019,-0.064734514891483519)
 (0.68689537905788156,-0.63398576976050691)
 (-1.0153133985291338,-0.17865433378093715)
 (-0.96236569261164873,-0.084681641839993438)
 (-0.87246129148524343,-0.12182170723238271)
 (0.79444626058825374,-0.33377836320226878)
 (-0.44223861208305432,-0.33715043427106833)
 (0.54725419341463688,0.29558813479407131)
 (-0.95235119855311412,-0.12561697319786141)
 (-1.036004383196216,-0.13884503411366131)
 (0.45512482095302498,0.070639648025973778)
 (0.72517129380189382,0.74313661423914978)
 (-0.41755646770675764,-0.4219155952458718)
 (0.78170669548455607,0.53631355025365635)
 (-1.3764001853400825,-0.12813799366063477)
 (-0.36781784897084596,-0.015484881745856787)
 (1.1405102188984479,0.19529362710954029)
 (-1.090225160688606,-0.021636449285530868)
 (0.84466477780919946,0.066574079426194185)
 (-0.61143240526451925,-0.10808973955261943)
 (0.9447051399833033,-0.1437130668256181)
 (-0.24553498215158265,0.28996722330169872)
 (0.99443570095274714,-0.97949041795296543)
 (-1.2185019289140848,0.70727881808049409)
 (0.3331481230641038,-0.4359204316455379)
 (-0.40919461657355244,0.14131413446291446)
 (1.1445505347837135,-0.39287596968147792)
 (-0.42626358559635613,0.20650816279193493)
 (-1.345398790167162,0.1820052490120552)
 (-0.71455224406937246,0.19699272989430969)
 (-1.4063349915919128,-0.46462250033838431)
 (-1.2678170070021044,0.34940035599076541)
 (0.61613705278007913,-0.4341647275972203)
 (-1.1056424730985537,-0.20142078924228285)
 (0.97469825300037227,-0.48196274090984764)
 (-0.86517163931354879,0.090481585654687002)
 (1.2022393390565127,-0.56316082944896095)
 (1.0642827488735365,-0.35090854571740754)
 (-0.66460964873936246,0.2767543497487388)
 (0.64157387021202694,0.10314540035806775)
 (0.76745862667006381,0.72247723217624238)
 (1.5104642141863489,-0.059912147766089018)
 (-1.171771262305739,0.14993664919900435)
 (-0.75625089193139217,0.20075423134514292)
 (1.1550527848878585,-0.64821406510528001)
 (1.3018846545117511,-0.053601794263411273)
 (-1.3088527937387628,0.17374192237337974)
 (1.1634264219050416,-0.59672211117900298)
 (1.207357626888832,-0.059146017023606667)
 (-0.50503414139034675,0.14577601897181397)
 (-0.95088762785439784,-0.41155300952715201)
 (-0.57674991033845657,-0.34216722753573414)
 (0.80225579994918372,0.27000282905566936)
 (-1.1305353338254054,-0.078801497460670805)
