# Created by Octave 8.4.0, Thu Dec 11 09:47:20 2025 IST <gamana@Samsung>
# name: rician
# type: complex matrix
# rows: 2048
# columns: 1
 (-0.42414698490375979,0.22737277746611287)
 (1.32400625632038,0.26457427299892677)
 (0.87890177278450676,0.0081587052348582791)
 (0.51620073391787769,-0.23245746200939907)
 (0.64625673185928034,0.34465599084663423)
 (-1.2521329483771606,0.18327491780955427)
 (-0.763397938545048,0.26287764944737257)
 (1.1554785634248936,0.61794864809912797)
 (0.94513129553387021,-0.8572526679655843)
 (-0.19108363618283053,-0.48027166996456361)
 (-1.2189088048291306,-0.057969456617181801)
 (-0.89882510295791873,0.2661724328749448)
 (-0.82060797547905329,0.66778555062285516)
 (0.39984990320477076,-0.2184523975879277)
 (0.80026363770292774,0.19097072171542251)
 (1.1789461160975268,-0.17204635578421254)
 (1.1414726020315205,0.36172721002548419)
 (-0.97419640611948199,0.23512599187074393)
 (0.32072556446187528,-0.41556337152992345)
 (-1.2946670058536236,0.28974744462314578)
 (-1.1942206089189307,-0.55974850684694855)
 (-0.84813545866160411,-0.16628096812135509)
 (-0.78249225287405455,0.53808647584829117)
 (-0.78015919411049073,0.2121287025699779)
 (0.69950850184859514,0.13456158780714134)
 (-0.80230904912638845,-0.04564291860396661)
 (-0.85203758919666728,-0.44346059655183795)
 (-0.61738578881682604,0.0031563769548988482)
 (-0.8236337454365158,0.32345352677879308)
 (0.91955282213781853,-0.22158805349835764)
 (-0.26589146908951233,0.47929387752121588)
 (-0.94149798470828117,0.0061901591798101622)
 (-1.3854984970872899,-0.28443427717312109)
 (0.37731432052002156,0.32785693808865018)
 (-0.39726694746879598,-0.72434896691336292)
 (-0.57917079051539133,-0.41109890814725697)
 (1.0226132223871602,-0.21761676531987387)
 (0.1469588621095248,0.1828200226808982)
 (1.1287862627968348,0.34135198485288754)
 (-0.43077612922320191,-0.037490139525922943)
 (0.73405999613437922,0.20648524784100006)
 (-0.22471370798627643,-0.1156979464589588)
 (-0.41211974365357945,0.23308749128361456)
 (1.4313024545050774,0.25646412254720286)
 (-0.65487937957337372,0.050021882522620902)
 (-0.43675978566421003,0.2317104291279502)
 (-1.3760355131607676,-0.08235851616180638)
 (-0.49373222994747834,-0.016165172280593908)
 (-0.98420138579556848,0.19364162840060264)
 (0.93266924410483731,-0.38686292105563952)
 (1.2733052942509391,-0.56384360558665514)
 (-0.74906376149839937,-0.3858129393294073)
 (0.30090175219230331,0.515061312309261)
 (0.93070078864219541,-0.065377936904625816)
 (0.67558313312134777,-0.47190599099836278)
 (0.47758896157498865,-1.1984333101835862)
 (1.5158643454128069,-0.0009001120967624635)
 (-0.44690050650410695,0.12089834188149473)
 (-0.4803517569167009,0.31998124274167855)
 (1.0230935010802868,-0.16534188485177606)
 (0.9722608920558059,-0.30148147474063935)
 (-0.99782806908997435,0.05189914220251584)
 (0.64311074162762227,0.45064634526705938)
 (-1.3039584008722072,0.29194915241217434)
 (-1.3233390232880886,0.074286523478664948)
 (0.66718875544036949,-0.7499871496356979)
 (0.70387030494457403,0.12333746189658704)
 (0.91231688615045359,-0.172366842457091)
 (-1.0843560581928993,0.2079931780086359)
 (0.7673706983618378,-0.031893767259302687)
 (0.34489874672863297,0.27042616175718825)
 (1.2972789298802356,-0.38533742688103506)
 (1.3120245789083274,0.020105705948037945)
 (0.73579293509337917,-0.1459373247235953)
 (0.91323474457650367,-0.41194949197214442)
 (-0.95253599265441213,-0.36662441059491396)
 (-1.1594940418670689,0.22007941329977657)
 (-0.9342939640365423,0.26235542513884152)
 (-1.0056567585921852,-0.40001353097955167)
 (0.44935946712972941,-0.29244293837813923)
 (1.1911955912595749,0.34925476129559357)
 (1.036771053249022,-0.028261152348033596)
 (0.45687606574468564,-0.16232700997970931)
 (0.86797740687001579,0.071388270480061147)
 (-0.84364298432843965,-0.32591110260946216)
 (1.0100391425654305,0.054141357683160078)
 (0.88158312415856921,-0.37718013834117442)
 (-0.74745790438636239,-0.52640115717039859)
 (-0.76294390652802357,0.2229481243879454)
 (-1.3565761453156822,-0.074046249127015545)
 (0.58643079075437798,0.11464113300346329)
 (0.51184753322483045,-0.37696308934141531)
 (1.1736364189553403,-0.041061597193223102)
 (1.0168950744781127,-0.030326231554915827)
 (-0.3578100690440047,0.15380116289875975)
 (0.88941834525503105,0.22631560064889403)
 (-0.99395445782166481,-0.49779967640947537)
 (-0.50253249533610389,0.096890368805863519)
 (1.4072195936859706,-0.6326397223196969)
 (-1.271672157273364,0.17265463793443533)
 (1.6316002876174749,0.1946557015647625)
 (1.0020360113414375,0.042516992444562474)
 (-0.39005828913385865,-0.30962023650905252)
 (0.79584080364425192,-0.40445823716472279)
 (-1.121743193625435,0.20463561551608458)
 (0.50560167025521729,0.78639655673059439)
 (-0.68151135500197335,-0.48207616291953692)
 (-1.3445847062171223,0.22637473640500547)
 (0.79332537256525359,0.19009290950324276)
 (-1.0510501265759742,0.16473728272599647)
 (1.3706871487043719,-0.24203283347065122)
 (1.0928812878704308,-0.35738849723395255)
 (-1.309571357110441,-0.052652720532246108)
 (0.70732177135446128,0.92378375236640431)
 (0.47863016847912776,-0.26506879154733237)
 (-0.51183147618196889,-0.34264324950066033)
 (1.500832001042304,-0.33036807843173766)
 (0.97981643106659611,0.26919395330447682)
 (0.80513064947399271,0.6037454860655016)
 (1.0209570892763129,0.30748330212444486)
 (-1.0766755575020734,-0.40158220357307378)
 (1.3867055177970973,0.15289065201070365)
 (-1.3979022301339472,0.37895207398307607)
 (-0.66825698030613523,0.014744297635605563)
 (-0.6923468027645342,0.22912518399262136)
 (-0.63437304484451151,-0.25757016506454106)
 (-0.75559370421275363,0.07684878050796852)
 (1.6031012676480647,-0.020449236243241343)
 (0.93701745898831179,-0.47495760904507833)
 (1.4330135449035275,-0.21344975618887088)
 (0.69275162808776947,-0.21180223095343978)
 (-0.54517915360495262,0.062230998279016674)
 (-0.92679504747756281,0.061897882989199141)
 (-1.0623681316890734,0.52534411527257019)
 (-0.79805692275846307,-0.54191818539780645)
 (-1.0335085028493918,-0.93946741829110181)
 (-0.7681206457162244,-0.084475335706011692)
 (0.95145153705613905,-0.23086295007652283)
 (-1.2434995989407196,0.57724960045901752)
 (-1.0826385916173376,0.11629706686093377)
 (1.1500939014927711,0.67530002039580339)
 (0.59709460857081942,0.31398728797623121)
 (1.1652575689434714,0.19951916433030933)
 (-0.58163954263196715,0.3193278589346753)
 (-1.0264726401460191,-0.20921598513285364)
 (-0.69113529532155038,-0.51514814232790496)
 (-1.3631292844836296,-0.40277953388204385)
 (1.2203667989533487,0.51856081718510205)
 (-1.6468722183992806,0.31944038448980766)
 (-1.0144694734465269,-0.27796544187800243)
 (-1.2861719410136276,0.51867744622862877)
 (1.4308449980878537,-0.56274192858525629)
 (1.121704580427723,0.16968451405983243)
 (-1.1347767768424339,0.2539430544258281)
 (-1.7722647854089255,0.4527426449219637)
 (0.52321241490565717,-0.35266107975709177)
 (0.98991647899819379,0.087441474733563146)
 (0.30342433267564728,0.47878385346006846)
 (0.71238533616886057,-0.032373551942615202)
 (0.90710335647962037,-0.27583797495105766)
 (0.64000892729473879,-0.2194487871003433)
 (0.18063808673289727,0.47162738859554454)
 (1.5065352164180275,0.25608994522636414)
 (-0.67549782839635486,0.53411165199653976)
 (-1.0329126653070633,-0.0012236443879800707)
 (0.63819544074793177,-0.35370399947549852)
 (0.72224834754695877,0.57808764190767448)
 (0.33241977273548118,0.46225611939053418)
 (-0.14377960211119689,0.22841696435600936)
 (-0.80235252148283243,-0.49441506396040846)
 (-0.92774173011753058,0.013107012894710317)
 (0.73244847689793036,0.27406882084418116)
 (-0.93964152336692397,0.12133301990136335)
 (0.72798808975312113,-0.018873682754562773)
 (0.85230930149244755,0.50467260555917848)
 (0.62804897413530181,0.36836017990139597)
 (-0.76935614785508877,-0.44530253189825492)
 (-0.069128969995623346,0.20155617807352666)
 (0.48533212061371778,-0.48589317070136151)
 (-1.1962968905751401,-0.41140646122429919)
