# Created by Octave 8.4.0, Thu Dec 11 09:47:21 2025 IST <gamana@Samsung>
# name: rician
# type: complex matrix
# rows: 2048
# columns: 1
 (1.1558812188860679,-0.23791252780292457)
 (0.54808893268961001,0.173267766401137)
 (-0.64221349824460783,0.71673915527639587)
 (-1.4093329805016808,0.35345125743230826)
 (-1.2532171352335264,0.12030925825378053)
 (-0.85816445125086027,0.05002213551407559)
 (-0.85659122615144567,0.12059318138117815)
 (-1.2966722608300838,0.25264332445557713)
 (-0.81853592916535023,-0.21170566364046997)
 (0.53904472369597289,-0.12851201231574025)
 (-1.3668375897748479,-0.0051266605629426698)
 (-0.68024549812480251,0.16570193212099718)
 (0.66013621125590216,-0.23478599131545885)
 (1.9801579316475786,-0.84457746751462393)
 (-0.087848047180627775,0.42876828335202566)
 (-0.55556910985438779,-0.21573109125028075)
 (-0.31991331012116431,-0.064311386770213627)
 (-1.2154826432985297,0.76899604051459181)
 (1.1494333126520677,0.16943258236420625)
 (-0.38438316616982571,-0.30823393689920475)
 (0.87180681583971387,-0.46726922394206866)
 (1.0817360461970287,0.19960997296616231)
 (-0.78223700868423707,0.072117641043972808)
 (-0.81561241167028897,-0.2828718474784489)
 (0.65496693816079365,-0.19779264886492381)
 (-0.87754553756993037,-0.60450229399621958)
 (0.99126411421887128,-0.5426908221091693)
 (0.50417642982693756,-0.91141272338170765)
 (-1.0446688044323631,-0.16243038733743553)
 (1.7228747738681278,0.11024678661282948)
 (0.80471617153330255,-0.48421126203984843)
 (-1.199530098179959,-0.39675437399862051)
 (-0.10724117445837877,-0.11008330386744257)
 (-0.97763292782209366,0.12758600044643456)
 (0.97895209402234251,6.2090935284964937e-05)
 (1.0535780914639803,0.32407949494372662)
 (-0.80297129204032036,-0.35881901077764983)
 (1.0075834339156726,-0.54457979589210437)
 (0.56175634995971269,0.068012835463705928)
 (0.97116709169307858,0.55796570156575132)
 (-1.1892611360612293,-0.14555682889121377)
 (0.78935576098950955,0.033173284370169025)
 (-1.3909432581148722,-0.10713737800458008)
 (0.70875834602030641,-0.14582895769574786)
 (-0.91713608886417697,0.2517109904141564)
 (0.83757150006281034,0.30061655194172843)
 (0.5306825321777815,-0.49698534066616512)
 (-1.2509628812177429,0.145610370017837)
 (-1.0345423494423602,0.19725275794869207)
 (1.3194845715940549,0.54192583438577058)
 (0.47826658727707183,-0.44010674071285627)
 (-1.1608157472890765,0.015651631701413822)
 (-0.77500105433930755,0.17538989701428401)
 (-1.1511944807936136,-0.20414049384884661)
 (-0.62688619929825484,-0.34262500808367058)
 (-1.2493898167564776,-0.53330599909754917)
 (0.65488331229174612,-0.60679636578796758)
 (-0.6834616468455148,0.12739128560918139)
 (-1.0160837195454326,0.18879730578804776)
 (-0.54315876718231459,0.0026821600741578394)
 (1.4421300060604083,0.11979200269219059)
 (0.21065520614329758,0.36710117954382615)
 (1.0536335789024101,-0.37741771147057862)
 (0.91411701118158506,-0.35268470631603993)
 (0.69191478512319637,-0.50118784494015922)
 (-1.131328735088224,-0.14101075830794127)
 (0.61278158288491791,0.30076242489473698)
 (1.1693372800574517,0.21228398397804646)
 (1.3553976821534273,0.11645896740923666)
 (0.8687862342373659,0.6084214637220231)
 (0.51640809135031718,0.50322352002193027)
 (-0.99813000517259576,-0.4508649329098196)
 (1.661366815456814,0.31747227191286731)
 (0.82087162370348299,0.17765611937696155)
 (0.98349275856922114,-0.21987888568044858)
 (1.1736913595272846,-0.74213115099036697)
 (0.79235841283303854,-0.086391672830914992)
 (0.96208332745530933,0.01808218826470517)
 (0.68072381890073608,0.014941905582841418)
 (-1.1235117324585624,-0.18181175575762851)
 (-0.65899062502686889,-0.38247925921553627)
 (-1.0481653211435735,-0.39122757075177905)
 (0.86676447346664742,-0.41000746978084357)
 (0.41666779383928759,-0.20899259485098767)
 (0.86127923421482544,0.066680234986875156)
 (-0.57185026072928369,-0.067410692066446579)
 (-1.0515894547114617,-0.90059659867601705)
 (-1.2240280617369483,-0.45038257250444058)
 (1.1416805171054949,0.046853776834258329)
 (0.043966126056082078,-0.13355259882713208)
 (-0.83235896717462199,0.96284041250948094)
 (0.89188707760265307,0.14679843345585855)
 (-1.1003766254392005,-0.26354184371485273)
 (-1.0169623431269383,0.15328886255477495)
 (-0.70406717963914711,-0.27819424455119507)
 (-0.95454666800028576,0.529733010636663)
 (0.78249973648963711,-0.59830324345067698)
 (-0.87745188518505735,0.62989420570766352)
 (-1.1198000084441073,0.4670964900770741)
 (-1.3843960823266839,-0.45075207066773548)
 (1.54079263520952,-0.37153965936759059)
 (0.020639464502092864,0.027914594876502205)
 (-1.0992825562086801,-0.10889180839034797)
 (1.0775613362953738,-0.22515331344149589)
 (0.63022345246780564,0.023775169897882507)
 (-1.2632478950172292,-0.13508677305751768)
 (-0.80543517796381314,0.38055386393480356)
 (-0.63553064122103531,0.088510235151053107)
 (-1.4718210339624567,-0.014129996645498976)
 (0.92540483730573087,0.22165397821510679)
 (0.70529684635531642,-0.3818717104636481)
 (0.64868164518367699,0.61684845557421342)
 (0.96501702271735612,-0.29881205143215861)
 (1.2045194466252991,-0.18267931532620299)
 (-0.19392391285213761,-0.13870396672405913)
 (-0.95940480726367683,-0.26849806222207862)
 (1.2969778035933563,-0.12393451166908025)
 (0.77682833469454549,0.036878126163594677)
 (-0.75402667185185068,-0.43745294938685514)
 (0.91819496347319618,-0.26791302841654857)
 (-0.69337210709390718,0.029005641686311968)
 (1.0731644175846933,0.058933666769575017)
 (0.65759890311670077,0.46452406754699122)
 (0.62456795295479894,0.16885942857738584)
 (-0.6127314658298193,-0.036124759814659603)
 (0.77092462392429217,-0.11307129139990287)
 (0.9428681713713819,-0.28436058280431281)
 (-0.2871371022804492,-0.026491279597374691)
 (-0.33208092708846515,-0.23432276331746299)
 (-0.37385472497311045,0.19514253653963196)
 (0.71473287315463541,0.04204595009389208)
 (-0.82117463850452499,0.061256946935196878)
 (1.2383666412852352,0.26432128553121831)
 (1.2716623866196608,-0.12955281378308392)
 (-0.45423530345962182,-0.4808067489313228)
 (0.91028378464662996,0.14598880619867918)
 (1.2646561215107235,-0.2043292020936496)
 (0.53025302064802815,0.08692585147219474)
 (1.0047164811097524,0.14731269641338457)
 (0.36980674747676801,0.74790426611935423)
 (-0.76750341292817337,0.71068523235577119)
 (0.95894484761374488,0.23605792925415472)
 (0.52780940355565575,0.004905269075035544)
 (-0.3924933115058119,-0.096695970558382013)
 (1.272980894030358,-0.15451165823371457)
 (-0.52490623356742616,0.088022487542667088)
 (-1.1561519759408398,0.35376086462335848)
 (-1.1358305393143855,0.17426311640394437)
 (-1.1703993832813113,0.46207157353338768)
 (-0.38285063680516818,-0.46087546227991405)
 (-0.28626482174530732,-0.085936712914628413)
 (1.0447683996328623,-0.241041960328851)
 (-1.1269505221561258,0.20467242835335986)
 (-1.0805499431477996,0.31480129875354407)
 (-0.70301236100461406,0.24578524571636334)
 (-1.4310706274673071,-0.34406831675304084)
 (0.48495843623937496,0.033887176948786471)
 (0.505110450785069,0.1484024787105471)
 (0.31282412760523393,-0.080579937039279917)
 (-0.11669816600229876,-0.012713509904097798)
 (0.37923277442360059,-0.41775312327598496)
 (0.63330089012521495,-0.036160381903047871)
 (0.7012844117594047,0.01651281577322888)
 (0.68817705754254077,0.55770804690514597)
 (0.75577299199090253,-0.29757176951365716)
 (1.2978923459591512,-0.031525430441818825)
 (1.2993347954905106,-0.46272935885530353)
 (0.59244749355945348,0.12705607950541542)
 (-1.3506473200407405,-0.23993583938105276)
 (0.82584299122963334,0.14299997681468765)
 (-0.40684862847628928,-0.63434731418370105)
 (-0.91525221849244109,0.20309428016296446)
 (1.2976800286188801,-0.33675071894448816)
 (-0.68250873487319341,0.34420285019944513)
 (-0.61930468235614078,-0.19117371955889276)
 (-0.97614479196684067,0.28538022161423948)
 (-1.1436875567709837,-0.43529028923712165)
 (1.0341874955557366,0.048756547288158252)
 (-1.1428330233223354,-0.46654359223218672)
 (-1.7862181931816501,0.15215185645262339)
