# Created by Octave 8.4.0, Thu Dec 11 09:47:21 2025 IST <gamana@Samsung>
# name: awgn20
# type: complex matrix
# rows: 2048
# columns: 1
 (1.0505737520602354,-0.055875927246050672)
 (-0.98713812842621829,0.063484140809267633)
 (-1.1084453609268277,-0.088606516908042082)
 (0.92479460153676385,-0.057682934283245696)
 (1.0097443045691914,0.06729925862913215)
 (1.0377402489566963,0.054193807476003476)
 (-0.96935926354590318,-0.017361456253973988)
 (-1.0531865033439658,0.0060613724672243493)
 (1.0495065135768167,-0.013577310245685387)
 (1.0507083662139745,-0.11401615688024913)
 (-0.96717877313763756,-0.079141481584581355)
 (-0.97448402378759247,0.17520496906905739)
 (1.0597643428245458,0.063803866407558404)
 (-0.94909188336874406,0.0049422592621192708)
 (-0.93765592218685145,0.033625466706565375)
 (1.0680407629968913,-0.0043880806816825411)
 (-1.0116143343848039,-0.10546095472145847)
 (-1.0398118544391557,0.03304835748391638)
 (0.95906494747296889,-0.10405349738084127)
 (-1.0463485176209373,0.040397708718999087)
 (-0.98014883828590582,0.071004335289706066)
 (-0.94193844993353715,-0.02971786797764131)
 (-0.95344946224353166,-0.051157108088658115)
 (-0.88996586660115917,-0.059411801608868525)
 (-1.066602728664978,0.051021209452748122)
 (-1.0135593599107022,0.027741013580328929)
 (1.001706118291664,-0.065961085961119714)
 (-0.93297954967351926,0.08778581106110625)
 (-0.94100698711279529,-0.051295689283527006)
 (1.0370957509316021,-0.00063610129029852938)
 (-1.0101857558972474,0.10466811753723376)
 (-0.94815172237856782,-0.0876959852228964)
 (1.0739242290080002,0.03667787982657713)
 (-1.0245105455400594,-0.016818124160050636)
 (-0.98106178299296409,0.054907167103845245)
 (0.99365817328736161,-0.024875520997389267)
 (0.92308382370574604,-0.046863719015341386)
 (-1.074142068965521,-0.032582590743193938)
 (0.95813222878640969,0.080521863879411279)
 (0.99440377459646434,-0.0057905237088554263)
 (-1.0380307903837662,-0.048829888686367943)
 (-0.9641579255114201,-0.10085298635093938)
 (-1.1062906420926784,0.0092157561853327737)
 (1.1545982901638598,0.063548099032642469)
 (-0.8450854990711486,0.057127219597136673)
 (-1.0661406183711453,0.054121236834876685)
 (-0.88915373528633468,-0.15396675448854144)
 (1.0396137960124994,0.037221072287073297)
 (1.1204602681303242,-0.07856003388789988)
 (-0.93901690649692071,-0.061087744442813965)
 (0.97364499874039023,0.016514611890920929)
 (-0.9824654525144042,-0.054056215095363305)
 (1.1081162412043231,0.16953991926330633)
 (-0.91713082381461342,-0.052358489581913387)
 (1.0407812793356936,0.021729735127386719)
 (-1.0186123097961075,-0.16513590202781817)
 (-1.0797310021738005,-0.043140532058727935)
 (1.0520234251091727,0.10133472248022475)
 (-1.1959316953347869,-0.16662635850597449)
 (-0.9588590198093091,-0.054760981864103275)
 (1.0964130542595332,-0.014628934710617754)
 (0.9459497717442692,-0.06658592498839358)
 (0.95859403663409215,0.079598634070130736)
 (-1.0451276425721141,0.047823818797239293)
 (1.0419369098236573,0.019546939666761853)
 (1.1068045117915639,0.037642395134247802)
 (1.0080785318245451,-0.12645939133791859)
 (1.1128829099101014,-0.0079086349581981904)
 (1.0327620830376159,0.098100718831990605)
 (1.0074539484805314,0.056829426603674252)
 (0.96415291023282856,0.036725936588239382)
 (1.096249668857141,0.042104439908794471)
 (0.93013738923704814,-0.10358569345921993)
 (-0.98597725396807689,0.10629717207858727)
 (-1.0269242790989668,0.23546544438323527)
 (-1.0588528977851874,0.082072240838425958)
 (-1.0367416237566838,0.06920162369299257)
 (-0.9705259126118142,-0.01019334591060162)
 (-0.85914163023939571,0.01754573704521625)
 (-0.90307391833074979,0.028111348709549944)
 (-0.9955491022033407,-0.03298429789394873)
 (1.0125777867915302,-0.15235380995532818)
 (-0.91556563372541788,-0.076622238332827899)
 (-1.0121646006784268,-0.068067460185410766)
 (-1.1932567549337767,0.010919177566573995)
 (0.89202752376787409,-0.040303261923547114)
 (-1.0628881192275808,-0.10318154612732677)
 (1.0502847666710922,0.063078703099468475)
 (1.113673838802907,-0.061839216267439573)
 (-0.91694417915108406,-0.12758668418689784)
 (0.92533945438163157,-0.030725216276091111)
 (1.0933270840863691,-0.024784435651043688)
 (-1.0832325417843762,-0.012842012698443959)
 (-0.96940056631565774,-0.072924885514676213)
 (1.0183941169506472,-0.086276894505215085)
 (1.0159854864490674,0.051958065579266743)
 (-0.8607113952640173,-0.019477440003185412)
 (-1.0206652890201517,-0.0053902140903745906)
 (0.97142348502402442,-0.0030007041721765056)
 (0.9465628477820488,0.015444552050873583)
 (1.0019054020104221,-0.016645127329622488)
 (-0.9411630616243275,0.042578378885056715)
 (1.0270643058987479,0.036059563064361137)
 (-1.026104665986179,-0.023475547600177286)
 (0.83161629547635296,-0.14542939015688414)
 (0.9763036036700864,-0.052186287268606538)
 (-1.0260642977417977,-0.034100584805594823)
 (0.91077744088730395,-0.024646385217490473)
 (0.96483960818390635,0.17267776120584177)
 (1.0762062019188574,0.11976155061902911)
 (-0.97742344114801805,-0.10586589306304402)
 (-0.99962936521512447,0.11538306057886685)
 (0.9979466957659574,0.034038473497835599)
 (0.87957570621964309,0.036088502574051606)
 (-1.0816516792004887,-0.032743093376979109)
 (-0.92343078614593133,0.047386434574940982)
 (-1.108312800801537,-0.11822873177660782)
 (1.0157880321994577,-0.11069008982261473)
 (-0.97021948080520537,0.076916290861406778)
 (-0.98845396580198841,-0.11789162344824125)
 (0.99750850921475021,0.076012393855348415)
 (0.9430331619956448,0.032967189886044683)
 (-0.97232156711952866,-0.089357143832323627)
 (-1.0519553111531073,-0.0069386806907877213)
 (0.99902086637909326,-0.027375243024744662)
 (0.87942361723431117,0.032046267917418651)
 (-0.95458847940904124,0.040344979289382826)
 (1.0132018616362977,-0.10348344565907475)
 (1.0068230055102341,0.067511480621322895)
 (1.0554662205726983,0.061198204547491086)
 (1.0400212272324625,-0.011058522478255691)
 (1.0037872806344628,-0.078238938317748405)
 (-1.1021810084862407,0.03730851145282163)
 (-0.98192162085562196,0.029663274459840273)
 (0.88107553328777832,-0.0042895334338958506)
 (0.87456849674297132,-0.060758373039680069)
 (-0.96576281422887433,0.084682219135567449)
 (-0.96910027235607055,0.093818096089525016)
 (-1.0620587665168513,0.054385841377466299)
 (0.92519748320695105,0.11678503347779007)
 (0.90860479185953946,-0.03856378756767867)
 (0.86822042731864524,-0.083495248083915841)
 (-1.1921682680721029,0.071585057349841663)
 (-1.0184346780884594,-0.028788964888380689)
 (-1.0452170885754293,-0.015080043373113942)
 (-1.0448238524830078,-0.13197078062435941)
 (-0.91151622696962975,0.0085139961105560307)
 (-0.97694350844772015,-0.01283707936705291)
 (-0.91284699646723477,-0.093328263709552856)
 (-0.98682242273044174,-0.049803005828201824)
 (-0.96546430663593019,-0.090567928892078278)
 (0.91589521668483986,-0.11094739590123014)
 (-0.95030216830524983,-0.10707813897589161)
 (0.86615927887090027,-0.047336693152188865)
 (0.9852036042212996,0.14649114759161472)
 (-0.95244058727118885,0.052632246232559181)
 (-1.0418729260519917,0.042456813721895983)
 (0.99884843830745296,0.20814192804296533)
 (1.0869404027107334,0.12955301699902677)
 (0.90185309156269555,-0.078207200574006291)
 (0.99055005328796419,-0.12585445050683769)
 (0.99139173423092308,-0.096557043802066297)
 (0.99541436143150908,-0.080571213535214681)
 (-1.0751029297457153,0.015401263195134525)
 (-0.99321323606586931,0.0092161664135419069)
 (-1.040814043314557,0.02738765881726455)
 (-0.96435020864006316,-0.050933213709799474)
 (0.91791239514020029,-0.07749800394971329)
 (-0.99742426188370192,-0.045037376280939165)
 (-0.93637211980816759,0.049379793168633258)
 (-0.92241589576775018,0.032104303647680875)
 (-1.0268908775714194,-0.070629553039466927)
 (-0.96128111895786628,-0.016165273291865491)
 (-0.99080202979529386,-0.060995577929111214)
 (0.94964912006016922,-0.014845554101229145)
 (-0.96686332253731133,-0.012475939780863785)
 (-0.88027107205643695,0.037111156936239773)
