# Created by Octave 8.4.0, Thu Dec 11 09:47:20 2025 IST <gamana@Samsung>
# name: rician
# type: complex matrix
# rows: 2048
# columns: 1
 (0.44257436929690219,-0.23324962987768738)
 (1.0466545541460976,0.073092400279496997)
 (1.1024000718261826,0.34329247007176217)
 (0.65680725708377508,0.11546361375039545)
 (0.67902950654113936,0.2752507539285699)
 (-0.82435574752064633,0.45225460419060459)
 (-0.82134598276158999,0.12888012883508113)
 (0.57163157725345104,0.23885650966088534)
 (1.0684870694880988,0.31824468751708596)
 (1.2596538418470864,-0.10438173030669566)
 (-1.0478535131882929,0.032743598755970632)
 (-0.97549550191039924,-0.21811947424916997)
 (0.71935494237575215,0.039629117854295202)
 (-1.3999551054290493,0.3947274040467319)
 (-0.17179039728482148,0.046193785353784288)
 (-0.8737301308561547,-0.1279060442488871)
 (-0.45878341711347936,0.54621084099057871)
 (0.24036012512869454,0.0047613704079180396)
 (0.76254646577209306,-0.094029403513926385)
 (-0.57229174625468215,-0.62789123908745725)
 (0.72766580132997871,-0.78382441512939516)
 (-1.0514914555909798,-0.44250673462748041)
 (-0.22716490447680082,0.31382151269331904)
 (0.64618594183103051,-0.12996828722943518)
 (-0.85204172409460233,-0.12465560892128995)
 (-1.5183603135573818,-0.14169059265791306)
 (0.22867343280716967,-0.34985577706509646)
 (-0.63646427593775545,0.22370113992782351)
 (1.2163323297010844,-0.74413964899231433)
 (0.33504414179441988,0.2879409044497081)
 (1.1023091825387281,0.14147775546382635)
 (1.0997282599784868,-0.31637360542557469)
 (-0.99259475549780296,0.024140185502617737)
 (0.77004882805576857,0.1325742867260549)
 (0.57294801636920945,0.50695837358307727)
 (1.1873690624052802,0.38233159643126396)
 (0.97876422691727294,0.49206856008676336)
 (0.7373099234263305,0.17529769535003731)
 (0.54842608009473082,0.42700472329940015)
 (-0.26377845201546657,0.080719966039904611)
 (1.1014072395365397,-0.062783667807631824)
 (0.85723743563595856,-0.16222085466559696)
 (-0.85607426758667904,-0.58928814812323316)
 (0.73634090407277997,0.058439995797102774)
 (-0.4636815355788329,-0.57024700820673124)
 (-1.6427354530372225,0.17682687731300226)
 (0.42476902452831278,0.0024525384823704415)
 (0.94525978663719812,-0.29979650798096774)
 (-0.97283283032603518,0.32639081887058013)
 (-1.0743941422745966,-0.18700608387452855)
 (-0.54950009197272531,-0.50323292361826644)
 (-0.96948000425811653,0.34384456844766698)
 (-1.3814794365325773,-0.39986106784178038)
 (1.0655520175149733,-0.72758307909188324)
 (-0.42577051409197914,0.80698086556466808)
 (-0.96438946311530971,-0.22197804841747257)
 (0.79078264524001673,0.28115802207604929)
 (-1.5757667498820553,-0.091685584140739337)
 (0.79948128538137486,0.048726337320568539)
 (0.89756452619621152,0.54762346776797899)
 (1.035985591106644,-0.36507936020358545)
 (1.4094971347664267,-0.042342559316320381)
 (-0.61784402361066948,-0.5725727806985903)
 (-0.96032397890917842,0.30843135452044768)
 (-0.88195205165546753,-0.14502812826139971)
 (-0.64964375235604443,-0.098999369172753107)
 (0.4333315515585725,-0.43395283685177211)
 (1.1537334337716361,0.04731836842016212)
 (1.11423445237375,-0.17766718705495149)
 (0.56416958614251733,-0.66813758281377478)
 (-1.2268961665749822,-0.037696640614174597)
 (-0.17621886362816397,0.29636111065350612)
 (-0.49061349175766428,-0.20649782283808221)
 (0.82295027981777735,-0.464511777594523)
 (1.185847274394475,-0.35264897455372157)
 (0.8412740413861477,0.33777403966597164)
 (0.29137970613394382,-0.15064058816712197)
 (1.0814873217275851,0.083866354910186194)
 (-1.185095361191987,-0.16588083818313074)
 (0.64927673140157105,-0.20776124749094563)
 (0.52421999025443944,0.045401667815871939)
 (-1.1270030917544571,-0.00071543169960199275)
 (0.84339356399602416,-0.13767883807954798)
 (0.52647949956298534,-0.23688629441794901)
 (-1.1418305390253829,1.0188580086342161)
 (-1.236342725573667,0.42015024042362342)
 (0.9012425014544273,0.089095307356281517)
 (0.5919016335788102,0.61293571288603721)
 (-0.93511952948021548,-0.14536885341624664)
 (-0.74977374051979306,-0.18309085685597684)
 (-1.2123293346590629,0.0322072973904367)
 (0.82217664936888923,0.26711533629725231)
 (1.1838883204694002,0.040510688881721782)
 (-0.93090658039559271,-0.068963704300259443)
 (-0.44273687504718667,0.79766797878246143)
 (-1.4682149068495094,0.024018777744807512)
 (0.89904097512980186,-0.37744640028745985)
 (1.0382418298959035,0.1662007407045166)
 (-0.89250830258248248,-0.30164864175340289)
 (-1.3327900078059014,-0.43086526384295432)
 (1.1997819327954713,0.014881919000276243)
 (0.96454054380203158,0.17985515156348858)
 (-1.0335430835757375,0.39208606338609159)
 (0.90527350617212787,0.27307041699046952)
 (0.75900887778107529,0.11697888659320164)
 (0.60171080827154588,0.14169931867843083)
 (-0.34601654297183282,0.10170998794675158)
 (1.1276309159696187,-0.17825691633979796)
 (1.0819427313302827,-0.42267367294828473)
 (-1.6108317280531659,0.35926963464144535)
 (0.72234034467948693,0.15894488483174807)
 (-1.022203184737271,-0.33292439469762009)
 (-0.44408718997002999,-0.051201316359723158)
 (0.63974725378654029,-0.035696457915935807)
 (1.355409561320172,-0.95467693183985891)
 (-1.1003376435871548,-0.019229896303075183)
 (0.70663188908780783,0.41236018869153895)
 (1.2225261142525761,0.11355584015871031)
 (0.70135765065403144,-0.19264426324113507)
 (0.6255452439995316,0.1857610384879532)
 (-1.1650686845630842,0.18643919545341692)
 (0.40738902532514942,-0.48568482597557378)
 (0.59337801007638469,-0.051472538899900472)
 (-0.77651712963717756,-0.055588210658264664)
 (0.91954431426107086,-0.19801785315713585)
 (-1.3564520143966787,0.67188786340775741)
 (-0.76333850485289434,0.25791746158264095)
 (-0.725874249039967,-0.42628643714161346)
 (0.55676129472389513,0.38477528668716554)
 (-0.49960605771008043,-0.069313132088596574)
 (-0.79498461966236111,-0.2612995173963123)
 (0.41525886667831624,0.68741831660606179)
 (0.6822891577885366,0.36711717233957891)
 (-0.8086609884494127,-0.22322728082159879)
 (0.87044238015200492,0.40518677231516403)
 (1.2135673049475328,0.27355966102486745)
 (0.39264448877090591,-0.48453495189971152)
 (1.3196829898730922,-0.53522126967737771)
 (-1.6970763846686117,-0.58863104613274031)
 (0.87227549015563,-0.24011460293132791)
 (1.2348671825878546,-0.56024786403473281)
 (-0.95764505099859731,-0.1003338378479612)
 (-1.0327074325861274,-0.31648739643152657)
 (-0.65906603967518729,-0.75595825895246305)
 (0.98086484694113973,-0.18225971945630445)
 (0.89723782076280811,-0.17925603342453336)
 (-1.2383424055513825,-0.32180106343202175)
 (1.2149470296296485,0.3845850269183817)
 (-0.487904949441402,0.50136731477162011)
 (0.51164823776222201,-0.66394472642691804)
 (-0.51346760281129855,0.44708826657549156)
 (0.46544766865954634,-0.08417991954095691)
 (0.54305371763098931,0.4496545507265684)
 (-1.1748078977068834,0.22899588109849134)
 (-0.20906669266167821,-0.32823305552104926)
 (0.35296495223919733,0.13468846025595524)
 (0.85140309314272988,-0.54703523547308519)
 (0.76349787923068313,0.11600646399048267)
 (0.80314215008992884,0.48098157153878557)
 (-1.2824322234850511,-0.28544770166721561)
 (-0.66850004193038781,0.17220788604624979)
 (1.0345245849499116,-0.17015878103838783)
 (1.3166933486090242,0.24209794731189269)
 (1.099300969434686,0.084752592331626353)
 (-0.73325978265245417,-0.47825842306907379)
 (-1.2883727259236593,-0.54923812201980127)
 (0.73889839229546173,-0.3065322390994985)
 (1.6088678553744822,-0.36812819443404282)
 (-0.59831205030932866,0.4331813788053589)
 (-0.70569128075399634,-0.26464123425565139)
 (-1.1882147814011992,0.43829210658513656)
 (-0.61064795819089435,0.45692761297519086)
 (-0.57097994393933826,-0.011616040240878017)
 (-0.97006214258101131,0.62377391254469317)
 (0.94738996989213153,0.35543169287108878)
 (0.70349274651518745,0.088879914415078989)
 (-1.0562145669148979,0.18579359634045395)
 (1.7319244084449794,-0.70818840354274337)
 (1.2541879315995372,0.58727611410433089)
 (-1.0627632148093924,0.65359136934647311)
