# Created by Octave 8.4.0, Thu Dec 11 09:47:20 2025 IST <gamana@Samsung>
# name: awgn20
# type: complex matrix
# rows: 2048
# columns: 1
 (-1.129452304300951,-0.05116961667410052)
 (1.0212488885979094,0.01151573364261084)
 (-1.043381520642962,0.016037284610986975)
 (-0.9430861356746838,-0.040292003986972837)
 (-1.0205437631851788,0.024584601050527063)
 (0.96981017772873246,0.11608952555622319)
 (-0.95204056075256616,0.088223521591387813)
 (-1.0368202553929959,-0.026707907611828133)
 (1.0325077814080745,0.099441422553217959)
 (0.95483746138834769,0.05191467058251753)
 (-1.0813311264343446,0.081513810761580874)
 (-0.90134561039773176,-0.010766854109925235)
 (-0.95004609073757107,0.077591948382113418)
 (-1.01782342814399,-0.11886805444390303)
 (-0.82015961701316664,0.064058954383525074)
 (1.0722222239552852,-0.046116818737013364)
 (0.96512493154998857,0.010106143062144919)
 (1.046623355394025,0.039666574811080185)
 (0.91346600817022361,0.097101846879841344)
 (-0.90545254939445274,0.071321140262242622)
 (-1.0246067250880149,-0.0066504445491600188)
 (-1.0550267942222362,0.017608293667712209)
 (1.0589982178974278,-0.0053437286023188674)
 (1.0367742989978377,-0.012261114294269813)
 (1.0609460175604579,-0.020772287028592115)
 (-0.97826341959087437,0.035498964131490084)
 (0.99494426695173133,0.042699029231622297)
 (-0.94589276257883081,0.057509653298524671)
 (0.96076246184463687,0.18202547074794367)
 (-0.92303524344181087,0.0038670543229696757)
 (-0.92632748967033118,-0.063458559454985949)
 (-1.0153654354421,-0.021903584424861761)
 (-1.0231416738459524,-0.1198972026105391)
 (-0.9759852160494219,0.052055324007443261)
 (-0.94957841474418336,0.040082584124011125)
 (-0.97279777788738164,-0.012390694101751105)
 (-0.99003779436287365,-0.047478512164466517)
 (1.0964573625298761,0.14650931513250029)
 (-1.1610159825073636,0.18611749407268033)
 (1.0738055128366031,-0.043244443751177933)
 (1.019009146416096,0.050790554307982752)
 (1.0534349968278429,-0.076355962789503129)
 (0.87535165806122339,0.0061627271856360202)
 (-0.98352178519882671,-0.057935868581958441)
 (1.02351436263068,0.084889989062571197)
 (0.99176719511798939,-0.14372505757335882)
 (-1.0686028740029729,-0.14569805391784538)
 (0.98127157874425652,-0.13481695818983749)
 (-0.92258182004724298,-0.014557342481678993)
 (0.98242960264599133,0.057192702722759642)
 (-0.94284014039308128,-0.062864476530184218)
 (-0.98187469494579482,-0.019610602943479313)
 (0.96960666194343537,-0.1046421639957605)
 (0.89241422431373185,-0.060876207043525005)
 (-1.0471391655012705,0.13872013893685695)
 (1.0350972861614762,-0.05550777204017187)
 (0.98687165912928332,-0.10249835474423222)
 (1.0203443452942742,0.052940482988758988)
 (-0.75690936013464705,0.064336133577607549)
 (-0.92897889189199057,0.04928945222355232)
 (1.068186596760996,0.0020200629593728676)
 (-1.0396463842201438,0.12184893099903903)
 (-0.99778713547075537,-0.037838246113846598)
 (-0.94423180426786035,0.081627988648186947)
 (-1.0364437159161097,-0.049480129076694697)
 (-1.0189195266549804,0.067617724379323604)
 (1.0580797463201872,-0.016922631580631304)
 (-0.88024271436463064,0.070710369420115562)
 (-0.92381073443668782,-0.046045171581822031)
 (0.93152835700329184,0.12858512247815582)
 (-0.95326197121066159,-0.014066490327308083)
 (-1.0068719683148484,0.076614879786976495)
 (-1.0329331449698811,-0.038405056617311563)
 (-1.0118743084566377,-0.048973237000600307)
 (0.99890920537465222,-0.063045671393300695)
 (1.0344115782475871,-0.041054143961640033)
 (1.0572900601408375,-0.078203166291734696)
 (1.0200142916656547,-0.00017862342457068445)
 (-1.0621817113316725,0.050750980485230038)
 (1.0508160947988667,-0.10802546039655209)
 (1.130589706055507,0.012087360528774831)
 (0.95247104964167439,-0.010781223297489036)
 (0.99513524878268134,-0.043145968638206147)
 (-0.970319577614004,-0.098491843031581816)
 (-0.92641637778519048,-0.037795291951792348)
 (0.94155885934401262,-0.040034989954902366)
 (0.91295470536680123,-0.03565420855692638)
 (-0.96086706390367427,0.11356093785798758)
 (0.97205552429077102,-0.099751409164172911)
 (-1.0085528092846827,-0.028254075474582641)
 (-0.93796103646154205,-0.0014369957037094283)
 (-0.83949125693884841,0.04275406989744937)
 (1.0352640307153063,0.17660294362619502)
 (1.0467505522877438,-0.050464813454881477)
 (-1.0193292930262947,0.095291978001600663)
 (-1.0821764531017659,-0.046862461228753323)
 (1.0291544748975678,-0.089965848795432568)
 (1.0185377752799323,0.0022852193455446218)
 (-0.99248226246494664,-0.0065952506035241)
 (-0.9623534659571602,0.11089464469103905)
 (-0.90387115927888084,-0.076986428854726452)
 (0.90536612125731986,-0.024873697198191894)
 (-0.97433631599021897,-0.16971328936334826)
 (-0.90300454709928724,-0.1262849919833868)
 (-1.0703459113553289,-0.11293096714796834)
 (-0.92814973688513835,0.11729787705443728)
 (0.89746499895512521,-0.071897910313378374)
 (1.0543945777359374,-0.14658851333461814)
 (-0.96321116599751344,-0.086501718642058315)
 (-0.95070923014961295,0.031266753426659868)
 (0.98610411024230127,0.14143877173137831)
 (-0.82955246007680894,0.056900856693894067)
 (0.89781486321715498,-0.008298629082118758)
 (1.1051868285831929,0.032678357672182697)
 (1.0131669272558672,0.095583468089506407)
 (-1.105844682296369,-0.18876102261166877)
 (0.99644363180474949,-0.061151688110979319)
 (-0.9721884673191552,0.022848240009562287)
 (1.0298410284097392,-0.017221236677688941)
 (0.964719884885051,0.058929816590681111)
 (-0.94556173142677236,-0.072619502168991587)
 (1.057069180999596,0.061570493824371963)
 (1.0639958557862481,-0.074865156564499241)
 (0.98856046339583126,0.033952283747543659)
 (-0.90339412421887688,0.089912986869573469)
 (-1.0159161545514939,-0.0078950655663066541)
 (-0.9367822393257399,-0.16944484229454615)
 (0.89069347159953349,0.066494702402105629)
 (-1.005660240582529,0.028125580891167345)
 (0.99813789991282276,0.025003325237860696)
 (-1.0134622871190382,0.054379737962691292)
 (0.98732694407711596,0.09292231364249165)
 (-0.89369725813705636,0.010251345718932832)
 (1.0257049227399921,-0.040501678775386907)
 (0.90061484666801661,-0.043743595045708732)
 (1.1286904318712949,-0.033435906123960628)
 (0.99991089794977395,-0.11716971373783452)
 (1.0063268436168356,0.081200261378159735)
 (-0.97613526698045316,0.070781966859404064)
 (-0.95570815318897051,0.10117962180084727)
 (1.0518901768111435,0.14824518792004177)
 (-0.94472034832639795,-0.032061575558295169)
 (-0.99689643383762594,0.039123723580493652)
 (1.0814903083623251,-0.019365989513741615)
 (1.0168214285463182,0.056214611973222917)
 (1.0469000113141373,0.0065596547516718982)
 (-0.96284897434316452,0.11006020245961581)
 (0.90751465044910162,0.12924668757315344)
 (-0.93946425636015196,-0.027141379874291979)
 (-1.0372015860558768,-0.012695851346870249)
 (-0.98110452126009462,0.029698166783035659)
 (1.0895700411178053,0.2091891821205438)
 (0.99335811112187999,0.086747021413171643)
 (0.96511118437860421,-0.018666138670622584)
 (0.9967595610201988,-0.097556745059589375)
 (-1.1106680874477137,0.011341959939818794)
 (0.99860142399077623,0.045735661170861301)
 (-0.94343316639298891,0.089550350582248139)
 (1.0690958818617071,-0.025644000964176461)
 (-0.95534568422051946,-0.0011693724657256736)
 (-1.0589048007760942,0.033122002378499667)
 (-1.0517012772177632,0.10593294720525248)
 (-0.96212312563736724,0.063032293084432811)
 (0.96600190569868727,-0.083424379770920223)
 (0.91603570333876472,-0.08181489266172165)
 (1.0191092093298759,0.20086882679718335)
 (1.0555344926253551,0.032849348904072963)
 (0.96287310833097062,0.0010906428793433145)
 (0.91229575581805322,0.0079623825883108224)
 (-0.98606239436244825,0.057786469575923843)
 (-1.0414410670727816,-0.1662471927259771)
 (-0.96346129236142131,0.053253331776991202)
 (1.0338685185557734,0.087406836132232588)
 (-0.98840830737564522,0.056780195025706096)
 (0.86274941078188472,0.094083410000030773)
 (-1.043743967571559,0.027059415517014275)
 (0.94715557119596516,-0.056019171314533545)
