# Created by Octave 8.4.0, Thu Dec 11 09:47:20 2025 IST <gamana@Samsung>
# name: rayl
# type: complex matrix
# rows: 2048
# columns: 1
 (-0.28622198632480889,0.40272791915722483)
 (-0.32226897414327454,0.22726354719529129)
 (0.09685912201103683,-0.035060123683925574)
 (-0.083705373096960731,-0.22904094623304624)
 (-0.28607984805172759,-1.2654024972447329)
 (0.5777055712508905,0.48755197255765792)
 (0.30499236583727379,-1.2930661639401901)
 (-0.27809957041867134,-0.02573880018658713)
 (0.45487645350081729,1.5399846735238174)
 (0.40486127555496609,-0.77326956488348475)
 (0.01707888701033785,0.81117967280898606)
 (0.97600228527400368,-1.0607772479230033)
 (-0.5413303627303887,0.14610893377644812)
 (0.60390177144262036,1.7312129350386063)
 (-1.6291197771708474,-0.36773023252110126)
 (-0.021936231925608136,1.0802422064854815)
 (0.0093571787381333729,-1.3671539086460027)
 (0.3558868746781596,-0.24464356819984337)
 (0.53025396363986865,-0.70864710024019306)
 (0.27339671005916022,0.68939781426293412)
 (1.6322169158097184,-0.17535760407500559)
 (-0.055459550569803069,0.35262819463946332)
 (0.58857843439902069,0.68212888997237886)
 (0.87871998968002596,-0.74056175054116791)
 (0.47970126022604109,-0.38420442565794849)
 (0.68671333417716474,0.24618667984551612)
 (0.61895348561824937,0.82770921921702423)
 (1.2260571309821402,0.19835174701563482)
 (0.61340522181525559,-0.3734308049175683)
 (-0.6675302963470624,-0.14097719985338361)
 (0.074101661368715391,-1.1873404331201334)
 (-1.0969196740360969,0.11758151381052961)
 (-0.49602325483051046,-0.43514577651925818)
 (-0.72933078786872318,-1.0142108538456163)
 (-1.1528940735036626,0.041481288095693791)
 (-0.43101105061419442,0.078487917393511908)
 (-0.73138106350620002,-0.1107591576407036)
 (0.67047982364188552,-0.11027961838434241)
 (0.85962171643521035,0.55793939417223537)
 (0.14631634341553451,-1.1557274491016352)
 (-0.54092524435552725,-0.91461750592789504)
 (-0.99896866919025462,-0.076161048722673624)
 (-0.61674302657971203,0.74953987059950822)
 (-0.10478081659509125,-0.44153466884758885)
 (-0.81110503408271017,0.023513001575187903)
 (-0.016131802856712965,0.48408043329168748)
 (-0.95838900219024958,-0.31212710650685516)
 (-0.20975315285159962,-0.5044063320709069)
 (-0.94414647015286723,0.91228097670694863)
 (0.8729425377251504,0.30472566583181288)
 (-0.0092152453153234743,-0.43234207801397356)
 (-0.3239448033628618,1.4310119321246761)
 (-0.031073527096114859,1.0745061774516296)
 (-1.0498420794324059,0.95496161815513603)
 (1.8405001495881226,-1.395652694448374)
 (-0.87160693130794942,-0.28914139560854624)
 (-1.2211670180254071,0.40721302342648208)
 (0.81695933674899568,-0.53557159462260351)
 (0.27088193423084195,-0.076152962302253227)
 (1.1520928219831843,0.81720260845268)
 (1.4109614847985408,0.50489139943828731)
 (-0.12461311545682062,0.21009352780454252)
 (-1.0643908186521702,-0.062207795203806829)
 (0.22522979456352968,-1.0153703408948505)
 (-0.30153813996780898,1.143716469396985)
 (0.078553140883954931,0.20149148866018557)
 (0.56917535567786304,-0.73109047861170162)
 (-0.25541792837276506,0.85859193013391166)
 (-2.3487177821418554,0.24965712352887134)
 (-0.25657574305102121,0.41230045566165169)
 (0.13884442058592397,0.41764106159036696)
 (0.47619165795638507,-0.9067000132217754)
 (0.24901076356042232,-0.46473928788319296)
 (0.17757789678750113,0.73651531943550597)
 (2.5027891138779328,0.73661462497860675)
 (0.084941811604315701,-0.52840630221338536)
 (0.28975630662421931,-0.34429554950292945)
 (-0.17266724966561361,-0.70251386234392976)
 (0.73183462687497147,0.25987719697962403)
 (-1.0954804684102017,1.0697132904452911)
 (0.30063990505388999,-0.18541846970444809)
 (-0.34870282584175966,-1.0025120374515761)
 (-0.2511398698102173,0.66155035480782154)
 (1.7554326115884926,0.31132046013415798)
 (0.067379947787011507,-0.0027076114158233553)
 (1.2232870800111737,-1.3292532634827563)
 (0.8108711313901602,0.17111391396544876)
 (-0.79284152368103666,0.036509614405447338)
 (0.41956352930852636,-0.42153720088529217)
 (-0.12818298012243326,-0.36449584923015443)
 (1.5975084153168253,-0.48986938676543035)
 (0.87565590274914928,1.5087616742669085)
 (-0.018884901525101257,0.32417171174873577)
 (-0.14665267092153872,1.3312862142754531)
 (-0.16632228716107286,-0.41054557937050212)
 (-0.66699388587703912,0.76136764068501817)
 (-0.60295507011907468,-0.039187792999309481)
 (-0.50706756674382525,0.87295393879336847)
 (-0.18191263911613292,1.6965156429402906)
 (-0.051638030343023951,-0.30085572941548466)
 (0.36446009263510071,-0.14983144628470002)
 (-0.097598476466131914,-0.74251733759681648)
 (-0.0077273728585917287,0.48797799312718415)
 (0.13716074840221851,0.018206195607255709)
 (0.56045755849811707,-0.3690217799126283)
 (-0.18408354590269996,-0.24657565920004157)
 (-0.11629033544400993,0.43989674477373891)
 (0.30390864583674698,-0.53632532760430451)
 (-1.1656047744074591,-0.91996287616549255)
 (0.39734423024558446,-0.65346994625445864)
 (-0.43433354354533726,-0.60672616058043438)
 (0.65306594879634627,0.7657942047448516)
 (1.160038467209938,0.094952921406043278)
 (0.061422013862926436,0.58381731960128935)
 (0.28099907447743094,0.22905629590252763)
 (0.24519246007178577,-0.3952688397089904)
 (0.80251049156508536,0.28186548007525258)
 (-0.10552566768389363,0.81899681038049621)
 (-0.075366148990920964,-0.90802762428944883)
 (0.34204555638496575,0.20038099494301545)
 (-0.82315628532252805,1.9544456009185602)
 (0.95489475693231163,-0.016260102117190599)
 (0.41902516303639503,0.041486487524389916)
 (0.28316578617819155,0.30702864920314843)
 (-0.34594796481266687,-0.43314067985965266)
 (-0.91456163415959302,-1.15715326357736)
 (-0.86564683301946121,-0.93144682592611983)
 (0.14571882783638726,-1.3432843349506904)
 (-0.90202497140287663,-0.93662000826177882)
 (-0.59262041645704333,1.4252839942726698)
 (-0.56831206560345049,0.73955675600365578)
 (0.21960717010714656,-0.43853724087614182)
 (-0.20233616560662759,-0.38534501314717312)
 (0.079970681096441204,0.61701957959014664)
 (0.088869125949588443,0.86195522759976961)
 (-0.022417480970200004,0.0045497033299126046)
 (-1.0952646351130908,0.33167392904856313)
 (-1.0604003071098798,-0.98451159553653378)
 (-2.3644290981516933,-0.33706926781481866)
 (-0.037314409322136248,-0.1298552353922931)
 (-0.11607684523806837,-0.20718493156105447)
 (-0.72281149359719177,0.4003052242900948)
 (0.19435339246261471,-0.31715869532330443)
 (-0.38824728042548123,0.76529489268844819)
 (0.12232709131855923,0.84301616959175474)
 (0.36966237172708105,1.3670912287033954)
 (-0.77643957479381542,-0.32979930482414793)
 (0.63016637904753126,-0.43745311645629054)
 (0.11708072803959793,0.26139967184758289)
 (-0.91302271255150858,0.59221149576390941)
 (-0.19283344898450513,-0.10507843049163951)
 (0.39556422802241809,-1.1291232545764742)
 (-0.18528534526236173,0.091642481008634993)
 (-0.29672873095161001,-1.3600637265685456)
 (0.26524658237926207,0.22714169918816915)
 (-0.77239612672023839,-1.1065734091428618)
 (0.18156889610628232,-0.29773904381667105)
 (0.5141224096437309,0.80855640711154553)
 (0.21061958891910579,0.24991487428090695)
 (0.78737064287758318,-0.32214319720354223)
 (-0.36839638974150962,0.092123194391062549)
 (0.50993750524572445,0.41874530673471205)
 (-1.3466291315263796,0.36003319445448445)
 (-1.0426862575413722,-0.61914683965126416)
 (0.91875953088774598,-0.44866892696049976)
 (-0.58222835934438733,1.1299758860327687)
 (0.58443368337604129,-0.46081544736669483)
 (-0.25530321003645789,-1.470219549466987)
 (-0.62057577998215785,0.13747364527460337)
 (0.28455800290668531,0.56367570347827189)
 (0.16207707256652287,-0.29182586419944678)
 (0.42124549545454992,-0.87615199772313579)
 (-0.0080234893138057175,-0.11473921190007427)
 (0.43372693590609701,-0.42671280049151111)
 (0.55669526440731254,-0.34397121238257178)
 (-0.27272621823695542,-0.89250851850629043)
 (0.063300651089286661,0.38200429683541975)
 (-0.095587553301992395,0.36974462552119985)
 (-0.52242588932529244,-0.081628674797186246)
