# Created by Octave 8.4.0, Thu Dec 11 09:47:20 2025 IST <gamana@Samsung>
# name: rayl
# type: complex matrix
# rows: 2048
# columns: 1
 (-0.24251443092397409,0.84979930140597604)
 (0.50295942308856212,0.45527833159064035)
 (-0.16239746407472475,-0.13377081934563304)
 (0.63768345574860419,-0.69448095132400733)
 (-2.0837610505720972,-0.39886490786051032)
 (1.4008169221586246,0.18468013472918915)
 (0.29766057384477501,-0.26284370003968865)
 (0.28910580543758257,-1.5535453628955234)
 (0.35797775887941186,-0.48882647213809999)
 (-0.077053774367418462,0.084486621936526951)
 (1.1777338410444991,0.35745012881641941)
 (-0.42485862895003174,-0.37329204076206307)
 (0.6622467331039027,1.2252319385031365)
 (-0.16694231544653312,1.0342862610576353)
 (0.37288774475638636,-0.5037052057786795)
 (0.20849475105647128,-0.10401456683781679)
 (-1.140079615231639,0.74061495493059182)
 (0.65806052737618603,-0.26462781746434322)
 (0.15436838200122269,-0.0081417049577185846)
 (-0.14508769031117377,-0.8033004419908587)
 (-0.51543937353229385,0.79520295856279777)
 (-0.31135779858474516,0.78898336819480863)
 (0.50139441342615387,0.52776200951339169)
 (1.059901182671158,0.90554333850827706)
 (-0.022032278919050474,-0.47338380160549876)
 (-0.23789542962574084,0.58687022936866695)
 (-0.47835274951937945,-0.28216068190840699)
 (-1.0972211808284489,-0.062475856227874479)
 (0.32786187541306661,0.83126190711992187)
 (0.37693922620304848,-0.41174501489263227)
 (0.69560436345196985,1.1252628980470858)
 (0.86528537503869707,-0.33535181669063779)
 (-0.92593338387360868,0.0061284722154475437)
 (0.25065087472532943,0.67718114609822877)
 (0.68117815509914348,-0.67085861093490529)
 (0.93902047120768994,0.50112300281392974)
 (-0.036421868768845518,-0.62524741983981369)
 (-0.37937588571242281,0.19676349338989982)
 (1.3082878632550645,-0.20936522999970683)
 (-0.44020975549293212,-1.2535883664201917)
 (-0.36335384443971219,-0.96149539624963831)
 (-0.30892276907575544,-0.76911585338981947)
 (0.97342873980547517,0.22874224686955225)
 (0.81817365756803928,1.4318313715137196)
 (-0.36753880178325338,1.5018822569215267)
 (0.33007301705417874,-0.40522501239674202)
 (-0.73724148425557035,0.25581981742186227)
 (-0.46110313829434202,1.0869947430638447)
 (1.0116049066647386,-0.073151910923502511)
 (-0.11024447286886305,-0.16604123516353847)
 (-0.16591340649191202,-1.1592913563802898)
 (0.87805523778694117,0.72473124163974056)
 (0.25624223578095856,0.40781853534300089)
 (0.053191909315866877,-0.098767809642715448)
 (0.56068052933200196,-0.73317280044244604)
 (0.83155997341406185,-0.5293182460631749)
 (-0.36276977025089735,0.29397790868985418)
 (0.1442708459646419,0.01972007020093805)
 (0.47715959921706147,-0.096210534269121711)
 (-1.4713357168220811,1.1290499114055843)
 (-0.37420230007930455,-0.22351591013955918)
 (-0.69642561973489137,1.0448000467048795)
 (-1.2535854565717524,-0.49251383209442762)
 (0.68991550712599747,-0.62133401938238053)
 (0.0030360776401790763,0.70214473964422242)
 (0.62105003783300183,0.63040220443371231)
 (0.90895701790785255,-0.40500870653297855)
 (0.32261500702826879,1.3290779199921603)
 (0.6330956572363885,-0.48466511289989811)
 (0.50374109773736842,-0.53256945437797854)
 (0.69176603480244481,-0.92406509027392258)
 (1.2767711862212774,0.3614200467598071)
 (-0.12604369921736175,-0.79815034445399635)
 (0.76686177062025407,0.50239710043914187)
 (-0.5044607688412216,-0.0064671386959656426)
 (1.444522653589708,0.67018230500071629)
 (0.83290592517998718,0.26129631589420094)
 (-1.1815603252721751,0.19454252853554121)
 (-0.54369689691713041,0.83322377874743858)
 (0.75278157851231287,0.55158194783007131)
 (-0.035463536965490677,0.051056564985018357)
 (0.84945443667535703,0.61661766007387298)
 (-0.22192229186870102,-0.7324263975428984)
 (-0.77659464386560895,0.67794211106175228)
 (-0.44444041119813149,0.64052950114147678)
 (-0.27001177004758731,1.5651331559548722)
 (0.072470249917194876,-1.629011336787564)
 (-0.47235223438222868,0.38542184293669712)
 (-0.64044383449779529,0.41058976717120038)
 (-1.3970089454446697,1.3556080293399901)
 (-0.90542803489475587,0.16840305340820891)
 (1.3208891986872515,1.0688063614660224)
 (-0.036158209183352649,-1.4955175245719206)
 (0.31556080411220333,0.27989854939424841)
 (-0.35504341340381379,-0.51723437996406796)
 (-0.088920265827985401,-0.76591284519656044)
 (-0.66014369738468737,-0.51626674205054457)
 (-0.027541069117247061,0.052168705638280036)
 (-0.91496075357785644,0.21633598171782537)
 (-0.094603285618792554,-0.69503528050774643)
 (-1.7260059573872442,-0.25534520207613315)
 (0.79478228857791589,-0.13103131813600483)
 (0.266615742055412,-0.48769699862242172)
 (1.1246799129018978,0.47346261108118787)
 (0.64275528689614003,-1.1627178825833611)
 (-0.11606617620231513,-0.40243887641851556)
 (0.77752260570226062,-0.65658610642001936)
 (0.50956179441812322,-0.35353078095483709)
 (0.086394666054210742,0.85716427683252872)
 (1.1070460475562671,-0.013425447096918413)
 (0.76206713380972857,-0.13182390829619534)
 (0.01539193959965599,-0.081537143586016908)
 (0.052200476182175014,-0.15403716181811769)
 (-0.11252150284647368,0.020389456091701542)
 (0.55372357099608893,-0.14094997390423916)
 (0.0439424649048029,0.11665423514612989)
 (-0.80472342003435293,0.23689878840594331)
 (-0.33537777583921252,0.56131868059249979)
 (1.057382576528145,0.11043613212053609)
 (0.22706977060924299,-0.87468883008429144)
 (-1.0675590589190398,-0.019198354804811271)
 (1.3737782678370236,2.2378665344454052)
 (0.8568131667923552,-1.092313688603217)
 (1.2783166426987531,-0.88803513177693749)
 (0.014022727134382476,-0.44405842737327983)
 (1.7658698181395456,0.58258588810063361)
 (0.50515669468984692,-0.10209484218783643)
 (0.63049490928738972,0.50935682730989096)
 (-0.74874322528591097,0.48188730494220566)
 (0.21608315470315376,0.069696792060733884)
 (-0.49433279881841702,0.69775437182543842)
 (0.83382933558128758,0.49889542141815452)
 (-1.3251043352062797,0.0040210307201380812)
 (0.046590388245817176,-2.1090830869944175)
 (0.76963831236672875,0.10745787555917247)
 (-0.085362209500395012,0.98665561218864528)
 (0.9944817780017986,-0.73919396992129249)
 (0.36755971356809697,-0.052276967329637956)
 (0.40314743422617594,0.10488931747279415)
 (1.4118427789569539,-1.3752269237250239)
 (-0.074574472720689844,0.82473997535543109)
 (0.54396695208063373,-0.80173070958157044)
 (0.41463143135643687,0.81207535431833733)
 (-0.85472466787603685,-0.078021111544993166)
 (-1.6324841039574396,-0.77003082384340038)
 (0.43538631255991672,0.27313020447045411)
 (0.3699440346768072,1.1552287286384202)
 (-1.4601726636887518,0.9817986703233178)
 (0.11241074779213547,-0.24271267588292758)
 (0.34307224447652762,1.2053029102314861)
 (-0.88641761579233513,0.5784856255095685)
 (1.7489464266900052,0.2863382903848441)
 (-1.3689003870248502,0.55057950749287221)
 (-0.48143791953288612,0.60278475043342949)
 (-1.4096605281252674,0.17335581783777052)
 (0.4747750821795082,-0.74057317205336415)
 (-0.37103886472479652,0.58656305931750774)
 (-0.15395243451696811,-0.033679066888831169)
 (-0.77457572629389837,-0.096555170394150652)
 (0.54130356426264326,0.21386223319412356)
 (-0.05505430590685239,0.61088325159747248)
 (-1.0900911757836704,0.26251206106310349)
 (-1.2060783994578952,-0.56284456393218263)
 (0.85584650835190323,-0.3586018757528136)
 (-0.61986178609524267,1.029720323693373)
 (-0.65018356050306614,-0.21201716830042439)
 (-0.9198542070427016,-0.57695185944720562)
 (0.60492838075600952,0.26033507097833675)
 (-0.75473066551021151,0.87474314090574778)
 (1.4527792374749593,-0.60196961918217617)
 (0.84138583572064662,0.15570195837019057)
 (-0.69838310245867019,-0.27073673293022427)
 (0.25946364381014925,0.48878177607096202)
 (0.29406221641129965,-0.27758068115025786)
 (-0.16031282671472971,1.0663091131332494)
 (-0.791810800053807,0.87455868072189702)
 (-0.237815608528228,-0.44198904441797376)
 (0.11964847888762704,0.89039174906732377)
 (0.26269229216140028,0.95669650001904938)
 (-0.87358779433135902,1.7649609851330359)
