# Created by Octave 8.4.0, Thu Dec 11 09:47:20 2025 IST <gamana@Samsung>
# name: rayl
# type: complex matrix
# rows: 2048
# columns: 1
 (0.23511592840450515,0.18558549214700465)
 (0.75031523923274457,-1.159802230692766)
 (0.32626587120225237,-0.35940651209604707)
 (0.19233360151660925,-0.49304025482279606)
 (-0.032533244176107347,0.67363543495379929)
 (-0.50401501481744826,-0.011325159264463248)
 (-0.35853000895031945,0.59490911894131049)
 (-0.30607381201839484,-0.40647303754969794)
 (0.40038263948901137,-0.26269582061362923)
 (-1.0272765732204656,0.73969777534214409)
 (-0.19344655155976045,0.023917278982354566)
 (-0.91001770215317213,-0.66271224100307868)
 (0.11415122632070641,1.566883939788646)
 (-0.15796702884245487,-0.11112139879508813)
 (-1.5692696309211307,-1.05079239978582)
 (-0.1578099689273848,-0.23881690350315798)
 (0.24766388849629406,-0.42863536054284551)
 (0.43228630718375827,0.07697560041216206)
 (-0.32354383181042873,0.21185666285572588)
 (-0.78358457079074451,-1.051746138083)
 (-0.090581453892666169,-0.45496774957715741)
 (-1.4450693104077155,0.26115546055409761)
 (0.41616979789392189,-0.4029537482121035)
 (0.29977887845318779,-0.075465624563435182)
 (-0.61992609222266437,0.79021245743540258)
 (-0.98189463413617195,0.63806171888438767)
 (-0.98694990989698106,-1.1187847837613458)
 (0.4092457033691565,0.0083518161983770472)
 (-0.074313293484126644,-0.15711023436345403)
 (-0.27904931819202738,-0.027359777889609905)
 (0.011489927112935972,-1.3592886478152171)
 (-1.1016503430737403,-0.5625782002284615)
 (1.032823096039978,0.69911290793835557)
 (1.1040584074821267,0.6117670129210836)
 (0.72370557798779134,-0.030270351409964834)
 (0.25195547411004465,-0.14890625915947237)
 (0.26556626230502833,0.51569497881365944)
 (-0.61606481445656791,0.25478533284110011)
 (-1.1052469278362813,0.67235998790094742)
 (-0.89171215935621284,0.14048905421524055)
 (0.22166904890766126,0.5829449828620612)
 (-0.63329960882009617,0.18955497151507439)
 (0.91336617258416519,-0.18594161616096913)
 (-0.2138738619337468,0.061364392528208543)
 (-0.84962156307127912,0.3542160741301183)
 (-0.45484262336606945,-0.31674925049898761)
 (-0.58198694232804393,-0.47988421172093337)
 (0.52558435255129898,0.29683849758573444)
 (0.91364768334098012,0.021377716704981436)
 (-0.061488133321160439,0.53544647058957107)
 (0.38557829610939648,-0.46978475845549506)
 (-0.37022765552035847,0.91231675542355273)
 (0.38691582620458892,0.059621388549810084)
 (-0.29127497820484743,1.1328791257364919)
 (0.76176535966208914,0.90372688640959242)
 (0.34920933153545053,0.70653907540870098)
 (0.47519596377759316,0.59679417761964282)
 (0.093181500382267302,-0.67381822389199542)
 (-0.44307421460881141,0.92711706898284818)
 (-0.06572590748178482,-0.085327667770654883)
 (-0.95271583839320084,-0.76855929853838456)
 (-0.32101105812475372,0.033148839186736646)
 (-0.030587887634401113,-1.4451043718579903)
 (0.073980372806628378,-0.13863031837818701)
 (0.68407004864388077,0.61510452173293995)
 (0.10718984944155584,-1.3995162505828165)
 (-0.40694670882322265,0.22010343918669864)
 (0.69167678924738107,0.98270595968498209)
 (0.45074171791838008,0.83167148269599667)
 (0.20336358181078137,1.6151428428262968)
 (-0.18407321259127341,0.16687247650767281)
 (0.63735032130279801,0.30395206718719353)
 (0.98106782265427994,0.95354318012861239)
 (0.77320667896202333,0.038512654041486107)
 (0.91703884287925108,-0.81492548619238303)
 (0.12415530574251286,0.097841986118441499)
 (-0.52907184629798931,1.2479276898497649)
 (-1.0973216649786692,0.53103162338669929)
 (-0.0010837034656489314,-0.38277772495032059)
 (0.74408971913853783,-1.9097927821115757)
 (-1.4622223087542849,-0.24669570538173793)
 (1.1490029447314551,-0.50123199006566244)
 (1.5460314602002543,0.93140812451694466)
 (-0.59808131398003128,2.062267901320868)
 (0.081610126121701237,0.51325871652362365)
 (-0.78661006227746766,0.20783424305570639)
 (0.31765543644915306,0.7399062347070714)
 (-0.096261271775503171,-0.045102323227999293)
 (-0.17006988576004683,0.029552938827241453)
 (0.54187108238826043,0.64288774206860333)
 (-0.061856060429798569,0.70614918828849338)
 (0.13346347776973624,0.12038584887244665)
 (0.25370709455183316,-0.3528114765570734)
 (0.43909785638733162,-0.093058975835685107)
 (-0.91421098185181948,-0.13830389385610317)
 (-0.88348956604950479,-0.26860725147278836)
 (-0.19797564618439384,-0.53695726902333052)
 (-1.0589435484763818,-0.21151312440662792)
 (0.56490776437431856,-0.25798662936126115)
 (1.2594085965826987,-0.89115538310096187)
 (-0.90267269095631197,0.11137716772359738)
 (1.0623127764809042,-0.29959911419309176)
 (-0.77370635151552514,0.70030478720880263)
 (0.41888702299009573,-0.37111116195866967)
 (-0.26029819588144121,-0.0063440248246502615)
 (1.4758322805727706,0.27960592054736966)
 (-0.32370048272167029,0.37108042575698086)
 (-0.36046043890802221,-0.66511853470941384)
 (1.7655980432825835,0.8896523461756829)
 (-1.0761693973665347,-0.45887464758601254)
 (0.28526453041011185,1.1912524457105524)
 (0.30933862551248775,-1.6296588946677892)
 (0.53509090028253048,-0.71305631395101687)
 (-0.96074452132652544,-0.21946707767133308)
 (-0.33105451511237283,0.71575344114833872)
 (0.053011654923258641,-0.74895664297842401)
 (0.89840729478007586,-0.64446938797869524)
 (-0.010703381443440491,0.79922147486998196)
 (0.48404448134034872,-0.01894112580093767)
 (0.30418280373015527,0.087480572678545837)
 (-0.96960303314607166,0.67254158570800726)
 (-0.50520717387690051,-0.16291055045106589)
 (-1.0364366928677526,-0.85325131782717301)
 (0.2198152178988593,0.38027881972668337)
 (0.058916713944164395,0.3310155581957846)
 (-0.9041633715995927,-1.0417841884428851)
 (0.4525877650605149,-0.45562382006436369)
 (-1.0730349574430826,0.40399579671268387)
 (0.23515092103653779,-0.020073807718293243)
 (1.1332945035617625,-0.65694883965840112)
 (0.61796405804393839,-0.27045054468300433)
 (-0.83706652069264509,-0.13711121459128192)
 (0.77413162466178453,-0.98721190776718659)
 (-0.14690995483365879,0.42252586780012974)
 (-0.27095666447955147,0.12530765688605944)
 (-0.97370986382306923,-1.207086735592239)
 (-0.78760128836687993,-0.26179831530255537)
 (-1.4771108413812177,-1.2387716992665576)
 (0.34577070942291427,-1.2042511970255967)
 (1.1939296541899418,1.0047300443169385)
 (1.6239781670464435,1.4338687413721514)
 (-0.43858180437747774,-1.2733678551371308)
 (-0.35801203971361351,0.32930725646335429)
 (0.27014622011904227,-0.73258161973261993)
 (-0.60925823744929131,0.89802792340753446)
 (-1.246785911206006,-0.082897781168311521)
 (-1.0837054449838333,1.0302751459907697)
 (-0.20005306422330491,1.3628891183641629)
 (-1.4435730153312099,-0.5300864935494074)
 (0.62608503173739694,-0.57104790881453349)
 (0.079592774036035527,0.19010543780098085)
 (-0.63122671412766163,-0.96491695433774693)
 (0.22025190359625277,-0.34502967124325407)
 (-0.86869926889119253,-1.5771605855751059)
 (0.085878818601111823,-0.0044817680318001681)
 (0.051168449282611321,0.77228262008093274)
 (-0.20258661594050781,0.61740699959007583)
 (-0.0056781834786017527,0.15858154945835301)
 (0.22403422672233927,-0.24524626873908681)
 (0.92809708165514981,-1.0227470242598786)
 (0.19485372930068928,-0.16249009734553224)
 (0.16428235880487857,-0.12382646551756069)
 (-2.5627735537716316,0.041222323802106338)
 (0.46169155365381004,-0.18649117551105643)
 (0.022625195373791096,-0.81415127414805655)
 (-0.017819392614781434,-1.0909708912255203)
 (-1.2836115709558622,-0.48193046092887815)
 (0.25275888077575603,-0.67530040927031532)
 (-0.99330461163051087,-0.22365517606978891)
 (0.036730771967421465,0.60210626540396828)
 (-1.0543679002381638,0.94565055708790446)
 (-0.79416907653957602,0.53684027216159469)
 (1.4513882091704093,0.74941222853274025)
 (0.11840546575064007,0.43157176707338207)
 (-1.4159806884197785,0.073343552164787718)
 (0.41578549976433182,0.77239175346502642)
 (0.53611495526301955,-0.35207942136359416)
 (1.1864861739234291,0.31048539849830192)
 (0.17986241131581551,-0.76423068473548272)
