# Created by Octave 8.4.0, Thu Dec 11 09:47:20 2025 IST <gamana@Samsung>
# name: rayl
# type: complex matrix
# rows: 2048
# columns: 1
 (0.88603314807444977,-0.429417570174425)
 (-0.34149690795808357,0.060888058729615925)
 (-0.38645012284278718,1.0858888247621401)
 (-1.0628228818225569,1.0496940727011452)
 (0.017223069777156198,0.041254483188753556)
 (-0.17286107944120091,-0.70275432601075338)
 (0.059829458020490382,-0.45290523083659695)
 (0.67284236718069035,-0.33861282851616681)
 (0.58475954972383704,-0.36999064356724193)
 (0.73877636514561307,-1.082538703799645)
 (-0.89475666925954378,0.87004308250223694)
 (0.72724592224266016,-0.24502752065975625)
 (0.90278067008703999,0.57706850138065491)
 (-0.40656956075501294,-0.28638413963040116)
 (0.020169009987895968,0.062464976081272557)
 (-0.46179566896931706,1.3501169983823691)
 (-0.44462536075279557,0.38912038919324909)
 (-0.6937026053487344,0.09552486613600121)
 (-2.5183080219754506,0.28202521481287479)
 (-0.33740464780002799,-0.4010072719075588)
 (-0.056553693328975925,0.62552534176651087)
 (0.21887181292220997,0.36505763933104929)
 (0.65194224015217228,0.71943382627392605)
 (0.40110180003619778,-0.33694755608507637)
 (-0.58706855784972323,0.51158599262523108)
 (1.060605437519702,0.77964629801412033)
 (0.95971918548495327,0.44948133658476258)
 (0.18707480529545228,-0.48410142340408585)
 (-0.013809393895059899,1.5671164279592031)
 (-0.32785946900845175,-0.19970648828923396)
 (-1.0324839614782557,0.79563420961162756)
 (0.7165082721659336,0.2303469333400906)
 (-0.34558934949106734,0.13263482778316121)
 (1.3465919947405367,-1.3258547244069556)
 (0.45175759837493668,0.80082547046900521)
 (-0.20083334799790062,-0.28958287716988584)
 (0.19548393503260789,-0.22102232519153228)
 (-0.15960186968648585,1.2584082928110174)
 (-0.17007060988303302,-0.41616279753842189)
 (-0.57806262070766501,-1.1944164597217684)
 (0.59215740060248279,-0.15740838046929917)
 (0.54708666783702453,0.22209377656454873)
 (1.2196529732733479,1.0754677929395373)
 (1.3060508905236397,-0.05537445394903262)
 (0.51607113678430405,-0.01552824507579406)
 (0.28933721387045397,1.1242345701241614)
 (0.20336160896133954,0.58430775981251837)
 (-0.31247043614303105,-0.92416132782646954)
 (0.72040905714121761,0.37389808671656677)
 (0.4345638554097942,-1.4119155669071253)
 (-0.59532779424940441,0.41762639398753959)
 (-0.13685551184025327,0.18965255297616018)
 (0.531977524429737,0.015474908287708932)
 (-0.069556425059458318,0.17322068112261998)
 (-0.63147268343834528,0.61436162239184289)
 (0.33935212290040245,0.9750436556614096)
 (0.72589595615555869,0.44114619825837431)
 (1.2466187370384412,0.27126021764813801)
 (0.55185540911836284,-0.77789574139895057)
 (-0.16363077967261822,-0.23938719591724886)
 (-0.024261046673146922,-0.0017888936219226145)
 (0.95697948797142052,0.5148460555367812)
 (-0.68941530141290641,-0.65258139382579827)
 (-0.37793782161520673,-0.88833687356737812)
 (-0.45015034173089302,-0.16552583548282682)
 (0.90475290985354107,0.041644978575857951)
 (-0.17474556770500027,-0.049704421394732828)
 (0.1477407679838797,1.2480787332860854)
 (-1.0307134866111838,-0.24345398950784716)
 (0.25799921762036276,1.0629132937126)
 (-0.36394073882512401,0.69859261727782385)
 (0.86879399365779342,0.46761800778853352)
 (-1.2241282606052311,-0.40091837517511225)
 (0.06842335172516055,-0.53354564311078712)
 (-1.0462730974019885,0.57212540793162403)
 (1.0078977942490557,1.2383090263269314)
 (0.42467580729427984,-0.37200402773436514)
 (-0.14828722688144025,-0.74720850039491749)
 (-1.7976980353305199,-0.4243665705529816)
 (-0.63601784524329286,0.9548380525375687)
 (-0.48834653129680511,1.1993898823703291)
 (0.7252347471847107,-1.2318174011902217)
 (1.3561518414001725,-0.49107605881254734)
 (0.2715945032203062,-0.20409747301643749)
 (-0.33518188748906058,0.71931629704980782)
 (-0.23956614757920025,0.74797776271520577)
 (-0.11997508799744157,0.1111560020310899)
 (0.8086788182100072,-1.185427050945427)
 (0.28044040976190437,0.06941355928422753)
 (1.2690964365460078,-0.3497510617089768)
 (0.31404622236234808,1.1373006336260163)
 (0.41633554235849218,0.17269193776109462)
 (-0.053681922339695758,0.86430846295882024)
 (-0.41924522145481191,-0.40779989073370776)
 (-0.51909675116386467,0.075969436798511966)
 (0.51995039584111358,1.0367987940261618)
 (1.4171067941047173,-0.1491711682371957)
 (0.27865584977658292,-0.10738888351827691)
 (-0.34311356918049279,1.1880515080035672)
 (0.24917621233072473,-0.13628999029485461)
 (-0.31262354601739756,-0.37880050651414843)
 (-0.36477851663897648,-0.21718641166857533)
 (-0.57734550478448587,0.41669539814039841)
 (-1.278805428282707,-0.011717999577912298)
 (0.25493559681444006,-0.41762478094726224)
 (-0.25232079020194303,1.6291474995173094)
 (0.77002611892024575,-0.60260873168117624)
 (0.61021858645163185,-0.35141212847720221)
 (-0.50682289873935193,-0.18970951529414337)
 (0.169577763713193,-0.38678290821550881)
 (0.57603125044420522,0.19921828779241652)
 (0.20194766547145271,1.3672551481259936)
 (-0.41308584109295432,0.4603102402860903)
 (0.80731037216581969,-0.1977729697774083)
 (-0.16411639323198882,0.14456037895133417)
 (-1.1876308362083208,-0.27232573289919626)
 (0.079980386767851241,-0.071777230884571261)
 (-0.94121083868969413,-0.20132765963464852)
 (0.48603627305201508,-0.21261434737989537)
 (0.36680551160777691,0.30093897303716255)
 (0.059870521604581506,1.6189351540981729)
 (-2.1628261109865896,0.85682883141890964)
 (-0.24763798819682917,-0.3512257856330156)
 (-0.017171775883234437,0.11301349073148986)
 (-0.51946781968859779,-0.74055205709419569)
 (0.18976450783434309,1.4732683289202477)
 (0.011691189819064576,0.83724926744526373)
 (-0.35189894789651899,-0.28395158757292188)
 (0.14811926232117215,0.42069110256726222)
 (1.1129124454210062,0.869428374040915)
 (0.18235702238990797,0.268895165798615)
 (-0.99677412785409558,0.41701453677584305)
 (0.0221619247000641,0.84014769593156613)
 (-0.36871512120449867,-0.33519931098779604)
 (-0.092679123008738429,1.4741975117201349)
 (0.75255221071813083,-0.17814371351702454)
 (1.9084323297733343,-0.73367032435128243)
 (0.34807040555216151,-1.0036150542883495)
 (0.62326241853552822,-0.74335865605413287)
 (0.39935162919284267,0.067859408035478117)
 (0.86398142733444461,-0.021296137009486599)
 (-0.67485094965672954,0.86380725229543298)
 (0.052743771023275703,-0.15604404789286)
 (-0.89332366330587132,-0.42510001288098137)
 (-0.29700241617024126,-0.74818946761039784)
 (0.16838895924607566,0.78387172447526199)
 (0.67232843021191713,0.037902987900916001)
 (-1.5759785848863725,-0.77075519530286341)
 (-0.82627055603332189,-0.38524614221528158)
 (0.45053264515610064,-0.14741679732695467)
 (0.86065873206531018,0.12273152307427081)
 (-1.6501603996672511,-0.70235518192419666)
 (0.86710014190115647,0.85744690094932141)
 (-0.50004378260338533,1.0785914658183438)
 (0.13359209313110473,-0.09072337842757372)
 (-0.22054430281288756,-0.73557710645044483)
 (0.16278750900476646,-1.2337683499215395)
 (0.78947382535652533,-0.56969088661681933)
 (0.26912306879044667,0.3276642180681506)
 (0.15882245004449433,0.30303310397716005)
 (-0.36643274772541962,-0.10426074780376822)
 (-0.92374083950975705,-0.57106886372910148)
 (0.80018025280815952,0.94937713111842048)
 (0.3394333890027037,-2.3745959052182171)
 (0.63051528252197386,-0.37609145487950701)
 (-0.30551325599734552,-0.49012126008417645)
 (0.057178378582020725,-0.48333249792774124)
 (0.20503250342021023,-0.61876168016819078)
 (0.57836828713109578,0.31796872340754667)
 (0.75937942689498605,0.10930282166213198)
 (-0.79495225055893648,0.7479319799888613)
 (1.8254502424916614,-0.46685115644676833)
 (-0.26315969470640871,-1.0358938526624104)
 (0.38631546895476093,-0.9662090161092578)
 (0.65171217507613721,0.86245025406780906)
 (-0.25313020526501206,-0.5712465174453939)
 (0.28821419493457656,0.26303265757372335)
 (-0.21556816213319427,0.4696506688848584)
 (0.048445795774924021,0.783602417982038)
 (-0.61064003807155132,-0.065244332008452213)
