# Created by Octave 8.4.0, Thu Dec 11 09:47:21 2025 IST <gamana@Samsung>
# name: rayl
# type: complex matrix
# rows: 2048
# columns: 1
 (0.2825170747055315,-0.32057200980369588)
 (-0.90680050203867368,-0.81512162131252042)
 (0.10947198370883029,0.50569855261355801)
 (0.39728697242219779,-0.095275775590910092)
 (-1.2994893451833589,-1.0688829406328746)
 (0.52975511582763357,-0.28072411696186533)
 (-0.56526910545373121,-1.0249920787736408)
 (0.70205632470121526,-0.84534904871338512)
 (-0.83415809669364649,-0.025959288258578)
 (-0.2253304612080628,-0.41437365026177292)
 (-0.044964287325644045,0.13175669400067858)
 (-0.60515966905861651,-1.15373857743631)
 (0.36018802912107695,0.27079169237170875)
 (-1.0210209520106561,0.3983294706449807)
 (-0.1535848336183088,-0.54691003664936111)
 (-0.84789459414425805,0.076944982336973042)
 (-1.2410426432487944,-1.4394848046795607)
 (0.83157116338033776,-0.019549778048962123)
 (1.0291627363876386,0.57652045384191153)
 (-0.089354016457572141,-0.50242205296664066)
 (0.68692433283021959,-0.22175969127903061)
 (-0.52889425464978901,-0.41460422747091252)
 (-0.38929125263164721,-0.43227840298759901)
 (-0.38284383510096454,-0.6703167769492544)
 (0.2604935776653895,1.0077917260033828)
 (-1.1852993599886514,0.11190455932069709)
 (0.46249395065133359,0.41410207936746385)
 (-1.7428643595567765,1.6044294090969471)
 (0.36928655012182421,-0.15242077508132507)
 (-0.35742620717288381,0.25902369124395275)
 (-0.31413392577208954,0.44288553912811696)
 (0.43070161144523583,0.73316760587379703)
 (0.26119170760333965,0.95867944032423014)
 (-0.46932356359178928,-0.40523956699134306)
 (-0.81770366946550666,-0.26980677050505991)
 (-0.34828248756193841,0.0070187774063988967)
 (0.69630401261569108,-1.1125033282362418)
 (-0.53843438036606173,0.68158032579260575)
 (-0.95915902074300285,-0.39103447413894432)
 (0.10323024462398456,-0.82644721944112698)
 (-0.58857087150151166,1.1602053347550116)
 (-0.33535274842438045,-1.005295924190611)
 (-0.60154799467036324,0.45099533543046155)
 (-1.3890036636100025,0.073838452395133189)
 (0.15935612852101771,-0.42598707904782807)
 (-0.16116454758876739,-0.11597903455835876)
 (0.91098634745541263,-1.5291728252122316)
 (1.2337399576973846,-0.038482541391172728)
 (0.56903543592337824,0.21312326107843371)
 (-0.8723656498930713,1.9862790314757344)
 (-1.8181109015580332,0.38139433151645252)
 (0.31322806451320495,0.38822301701278117)
 (-0.64130323446067417,0.78796191407814975)
 (0.82804180790451276,-0.15205437617001882)
 (0.56487392027090477,-0.1007159493580594)
 (1.2058709611563332,0.4296678168434514)
 (0.55403372283268559,-1.0016854690238604)
 (0.12111554633952568,-0.22961837738718668)
 (-0.62387247064282625,0.36045849631157617)
 (0.30486366318038627,-0.11581706779533768)
 (-1.3050144418514547,-0.076327124418922407)
 (0.67900628175056421,-0.38888744507726353)
 (0.06800414025040627,0.14650988511713509)
 (0.68840933505524537,-1.3298336657329468)
 (-0.14121600556372635,-0.32286368540860672)
 (-0.29650450495070957,0.18273323606183797)
 (-0.38799227314294282,0.078065055870003022)
 (0.013182139492311255,-0.67854503194658844)
 (0.24794669690396579,-0.78929149851148228)
 (0.96523782034858685,-0.26538545865734042)
 (0.68832629957096647,1.6343558503485818)
 (-0.60402569349312463,-0.18980634281648767)
 (-0.80589495136402267,-1.7322102733318712)
 (0.77136974687087723,-1.1013206767542296)
 (-1.5004405504230378,-0.67449219417760076)
 (0.64310672245875822,0.089127560140839543)
 (-0.20552367160829921,0.6703324466671754)
 (0.64377283792946105,0.26764414458227076)
 (-0.29497566909952405,0.133241060414096)
 (-0.71600821737439824,-0.18327923606457078)
 (-1.1338842783897247,1.2409607399180134)
 (-0.32987169355866675,-0.54245197808506662)
 (-0.98909759594508129,-0.77712757843544278)
 (-0.058580397786080624,-0.24735585558031892)
 (-0.52169843509910196,0.31191203500024212)
 (0.37045662855916245,0.82720231552436374)
 (1.4061458002109926,0.16223862693449712)
 (-0.76355386654197643,0.4064829194533312)
 (0.42263465575194964,-0.32935061597997267)
 (0.98978115882290296,-0.064821821344504274)
 (-0.12802976973617131,0.11373500375196602)
 (0.93782487934470504,-0.011808933546915855)
 (0.51553586597701984,0.6970838760559791)
 (-0.59120199818207753,0.97218537261753712)
 (-0.12582500835835173,0.031309579730926636)
 (0.2637339193399586,0.26938699928913873)
 (-0.29345892762337505,0.47899024473098839)
 (0.032437891652380355,-1.5444707111936247)
 (0.46045967876350224,0.72575747934587931)
 (0.4098817095472837,0.24092198601656281)
 (1.0725384598360237,0.48555440675024075)
 (1.8661746981478033,-0.29724632106219867)
 (-0.29543092419903993,-1.54650857669216)
 (-0.67405130397360746,-0.93333411092139273)
 (-0.3994827357742734,0.4289992322854001)
 (-0.11459293935501855,0.12648424442895417)
 (0.17529004179608945,-0.62692312298778041)
 (0.55515509708624866,0.47771843700598848)
 (-0.19161626263591033,0.18270966586839468)
 (-1.0088976598008306,0.02779141649133952)
 (0.090094434647145699,1.0235435484770876)
 (0.46277706268969981,0.25014320513402194)
 (-0.87197399176280899,0.62501496248726607)
 (0.40705094816725212,0.21969983323378445)
 (-0.0062925280193108276,0.95963626881166397)
 (-0.72111778846844576,-0.26004096316048181)
 (0.63848432801216892,0.56217938292414715)
 (-0.34314249562535576,-0.1233218399746009)
 (-0.24190759557902394,1.1775920533348831)
 (0.0033652994269844578,-1.0929643595332019)
 (0.26884491356804241,0.45416561125272609)
 (0.10201475557410561,-0.25012879900424817)
 (-0.54311187697420615,-0.1131494544986904)
 (0.53028267440184818,0.30744676064166043)
 (0.85746588231724852,-0.0511467713901987)
 (0.15240843708772109,-1.641808017604347)
 (0.64188684561024734,1.8316538889028915)
 (0.57137756968824271,0.6311361038661919)
 (-0.7839571646775535,0.033877207671892624)
 (0.75890556894952788,0.39116319913584641)
 (0.39175128838446815,0.94061268194098835)
 (-0.59898775238533819,0.22681883302733385)
 (0.095017427093165574,0.29978575401666441)
 (0.97388180230180244,0.92012726204382611)
 (1.5895105793569746,-0.93172900721063034)
 (0.45718475667708913,0.24824855879176413)
 (-0.90375907266128908,-0.85962716948813589)
 (-0.22596281367984161,0.070545786826465021)
 (-0.26189796036481128,1.2048973686344329)
 (0.10141761375842473,-0.36572165404826568)
 (0.97332157456342128,-0.66782976614267509)
 (0.37595903474444115,0.0064551105783154745)
 (0.191685889104036,-0.19536394349160435)
 (-0.30547549105821942,0.28852279922829882)
 (-0.64620984987091701,0.45517133279726901)
 (0.53953873221336945,0.069271076208749796)
 (0.30250746703189901,0.1418422331362533)
 (0.32788203033390756,0.92459966324780418)
 (0.32233213165323027,-1.0008796972465679)
 (-1.7709310330157459,-0.88744827414242422)
 (-0.072986947404177674,-1.3077085219251137)
 (-0.30043890949266583,1.8950784170657731)
 (0.18011441288882774,0.67198335458141045)
 (0.030623175944321974,-0.77439641218504318)
 (0.27582910426073431,-0.37436858861043859)
 (-0.39996775690392355,0.968095857736335)
 (0.3010251938775601,0.0041357364356624697)
 (-0.18089505869955455,0.47602383299232376)
 (-0.29007410863424959,-0.012119438254091458)
 (1.3128750656712358,-0.4918013373397615)
 (0.23404423689982695,0.1126359759889753)
 (0.12548231101250815,0.46270095260501881)
 (0.18184251877198082,-1.0323609789467025)
 (-1.807358898366811,0.11103996183384757)
 (-1.7714533421867902,-0.14410310036439883)
 (0.69178853843475119,0.088067924419051022)
 (-0.24734600869773407,0.053331694069127612)
 (-0.89234758213356113,-0.50682593627361772)
 (0.7913653493719689,-0.48469931864211213)
 (-1.5036036580154035,1.1602885886804217)
 (1.0816832002264039,1.1372159236521284)
 (0.70415902224660698,-0.38019172438149923)
 (-0.089831446913843344,0.25071417959764736)
 (-0.68822516123106292,0.39796045061773566)
 (-1.2511942916502132,-0.3563426882322428)
 (0.62332125640050284,0.40998903170163564)
 (0.14696370467736142,-0.27556533225244656)
 (-1.3039916617320997,-0.23499495028670875)
 (0.0075266148062294756,0.26049610494060221)
 (0.80998182399702023,-0.15987175711537568)
