# Created by Octave 8.4.0, Thu Dec 11 09:47:20 2025 IST <gamana@Samsung>
# name: rayl
# type: complex matrix
# rows: 2048
# columns: 1
 (0.35362965369856242,0.08152464610360273)
 (0.3690649041822196,-0.19685139556898718)
 (0.0043581884119533411,0.42880734454222486)
 (0.53879663372342579,0.92592728063123142)
 (0.10136870859651581,0.77761612965597771)
 (-0.62757840180600222,-0.69648561662802122)
 (0.74322577386998989,-0.22398475280927543)
 (0.30389565041075767,-0.62655386510466982)
 (-0.060677954446270839,0.56972229180596334)
 (0.79841122338629533,-1.6868737321258338)
 (0.44223178636963678,0.80396440595099672)
 (0.31479780950249941,0.52686115755402851)
 (-0.27474680799735568,0.69376207277857305)
 (0.60684222533310039,0.19092292329444915)
 (-0.41464796842308554,-0.23814875441862302)
 (0.24012706065553097,-0.081566909545065153)
 (0.3505809714196258,0.89856431729817821)
 (0.33691127138903376,0.54897933097370888)
 (-0.066303376980531653,0.31864609620574402)
 (-0.91549988160525819,-0.48457168533099548)
 (0.52016864168891841,-0.21246022797706782)
 (0.56181233871720693,-0.97945722473662034)
 (-1.7486197460442849,-0.7059881955116748)
 (1.3828221356869965,-0.3053460096141139)
 (0.28645465562353484,-0.50311270969687183)
 (-0.71543259054207553,-0.058842797829834828)
 (0.37343690009831865,-1.1606752033264716)
 (1.6744071425038329,-0.38426432172971586)
 (0.74942072570570895,-1.1957506376893168)
 (0.66144712113991389,0.40381828405130976)
 (0.77993468025320523,-0.58441175822098346)
 (0.41800605303258287,-0.1336541588565264)
 (0.96595051421945588,-0.23773433220666088)
 (0.69768954252507343,0.22360937892173613)
 (0.56839073533739293,-0.41472709848064432)
 (-1.1400040048927695,-0.47147093872452223)
 (0.3662655106826308,-0.30061663218797202)
 (0.60910534431916674,-0.062126335201749254)
 (-0.30382825288413623,-0.93016573179754503)
 (-0.14009523467647492,0.060607589164170403)
 (0.66953692765389372,1.9555757508590506)
 (0.63345037699093409,0.26368315035350803)
 (0.23156759894347784,-0.6079048699884928)
 (0.43798361369564548,-0.11761261174017232)
 (0.43183366840748272,-0.22304525134086722)
 (0.15028786083496548,0.17540550945113803)
 (-0.76227656315888259,0.037647005325790864)
 (-0.53316883882990729,-0.038387771386453703)
 (-0.18868853870454672,0.7338135187090532)
 (0.97491052662709776,-0.58123667048165373)
 (-0.67351469655659291,-1.3924411790624656)
 (0.33304528780980786,-1.1817327744893589)
 (0.6747203248633511,0.70149316440168097)
 (-0.83200835736486967,-0.44018789247784756)
 (-0.46469558324686783,1.2542521316206949)
 (0.58046060769007823,0.74500920445198726)
 (0.7232321986612491,-1.1702060178268836)
 (-0.50504779184610626,-0.37951284425163218)
 (-0.42246527084697505,-0.33475644314971381)
 (-0.11103594068853487,-0.086907889958595261)
 (0.60794944735592482,-0.58425635728228253)
 (-0.24337420500594636,-0.55202016339034365)
 (0.093814542246852178,-0.14523732976288947)
 (0.1799643719341866,0.18968443240322161)
 (-0.57166066317742692,-0.13113765595021662)
 (0.1823545219103839,-0.7787022869066651)
 (-0.13502795874634882,-0.50719517715169504)
 (-0.42390923294170896,0.16332453682546261)
 (-1.0683831567263706,0.018277064596730057)
 (-0.38182740399313209,-0.77886114285617714)
 (-0.16273258250667447,-0.60103568260151441)
 (0.1449132090087929,-0.14259373502518563)
 (-0.30822661524971784,-0.17222443510802052)
 (0.27422250996222552,-0.27279867245902156)
 (-0.15020938988588861,-0.21515015337529331)
 (0.18832771288878564,-0.39145325335827313)
 (-0.67167435112478346,-0.66954283372189183)
 (-0.80447495280575998,-0.65761555584487053)
 (-1.1232079632406824,0.57379892784818132)
 (0.36349256305962796,0.49413372576051706)
 (1.2527872777814943,0.11901349328493885)
 (0.33095273842264694,0.30483109858467516)
 (0.10758108288228285,0.59291955336758073)
 (0.095518074769532682,-0.48089794554721144)
 (0.73772282802656441,-0.33492580916212344)
 (-0.79837259848475217,-0.22037359414404512)
 (-0.59420598691949977,0.091939114091370122)
 (0.12320743553531455,-0.49361997271078695)
 (1.6014845361610344,0.40124901608294566)
 (-0.10591363226452094,1.370662734970582)
 (-0.077188342767156262,-0.75622282446519606)
 (0.050451350211158465,-0.61840361174217828)
 (-0.20524894432372254,-0.93943379365430901)
 (0.74022816905324729,-1.1147261105422861)
 (-0.32674001754852372,1.0605693379148877)
 (-1.6740460114792652,0.40569706680187623)
 (0.42854323275967471,-0.062570345314818546)
 (1.8766718450967987,0.79066283193606701)
 (-1.3228272208924241,-0.19203457183819012)
 (-0.07995986111122573,0.54114144361793204)
 (-0.21424675147408592,1.4214226495598552)
 (-0.44436309516488082,-0.11012019239895159)
 (1.2855427022469694,0.17148780214540496)
 (-0.89067531633050923,-1.0459418301904846)
 (-0.75527593081971522,-0.27824643849820363)
 (0.49199127723923353,-0.76380901665577627)
 (-0.87712398961328586,-0.62595205000694931)
 (0.36219396191099834,0.73106031331408894)
 (1.0569754917775029,0.53172688270746893)
 (0.32182634862099313,0.55400285380607084)
 (-1.2852773555566122,-0.79752207172891554)
 (1.5990077275697663,-0.89637779827742081)
 (-0.60706070861688843,-1.2933738979519285)
 (-0.72672370446799861,0.052775768549370022)
 (0.18470902115567303,1.2340223425931838)
 (0.17119237866841763,1.1009525073256416)
 (0.014946000623823908,-0.9653968933326712)
 (-0.56242521261838574,-0.84732541695731123)
 (0.18931655446075829,-1.3665421478409669)
 (1.2116150295317685,0.3229341094048398)
 (0.68712704279332426,-0.53269884264867207)
 (-0.033181638775496861,-0.76504555056002188)
 (-0.18900054691954862,0.054508974783980285)
 (0.36343061855318082,1.3187086663290088)
 (0.68403614107192012,0.89956098363282855)
 (0.40396795602385105,0.85081490503587398)
 (-0.71747467648326202,0.33916775190722009)
 (-0.16005312394724666,0.19423473015145548)
 (0.70390142291513369,-1.032489629050769)
 (-0.53342692877696674,-0.69342877239276435)
 (0.14353513303365822,0.036284814999763285)
 (-0.47609184454208653,0.20196284101845607)
 (-0.96998724808148773,-0.1924035464670133)
 (0.25079004526568249,0.24197738978054173)
 (-0.045240193687437667,-0.84374086124281833)
 (-0.49382595174030081,0.59101437833123971)
 (-0.11413285450342044,1.3909857752620578)
 (0.029501809443860983,0.15543430800810287)
 (0.16968561198935886,-0.12706355141590489)
 (0.14417830101438048,0.47993629319666115)
 (0.48045641234045605,-0.91889969478760192)
 (0.21460137088528702,-0.26896098666229162)
 (0.052890112977846231,1.302565022118261)
 (-0.023881514585012396,-1.5900035382644429)
 (0.55268113013159548,-0.64190145654242425)
 (-0.50886367750470429,1.1179693452557498)
 (-0.81204634937989828,0.52867073672216425)
 (-0.6904901838597477,0.42788181563348293)
 (-0.063089686693519248,-0.88174891756468543)
 (0.46285979326709398,0.10374878392355416)
 (0.21918736530797264,0.26902593760217397)
 (-1.006554497430705,1.2525651794921842)
 (0.22520241606146832,0.17580623126432013)
 (-0.1696187674787423,-0.23099930616896183)
 (0.7761515409047729,-1.1855314377810868)
 (-0.048801335663048576,-0.57437016983389044)
 (-0.67373942788684948,0.20967659035665837)
 (-0.93305096066019055,-0.65227589222110494)
 (0.51226066532536285,-0.76521799535655122)
 (-0.16853158327002646,-0.020226088531997841)
 (-0.52997150513839031,1.5797756863854686)
 (0.14668902044544477,-0.76305135278347669)
 (0.37579503636064748,0.49683791665042726)
 (0.048804692142234818,-1.5422714267935347)
 (0.43938897280215883,0.65263127756438888)
 (0.59531865489290337,0.784589300255505)
 (-0.020963801854271113,0.077938222563506826)
 (0.22257395275499234,-0.40284590743484522)
 (-0.84868398014565349,-0.25778379967515647)
 (-0.30720294754231658,0.922566304980311)
 (0.51373810170933187,0.021284955551067176)
 (-0.0026867873948433797,0.45075345318149479)
 (-0.072598472817054088,0.27084226954561758)
 (0.01609056146994112,-0.95304492495022763)
 (-0.47058320590354608,-0.032643745840632572)
 (0.039394460404549546,-0.18456916443095553)
 (-0.63613299251067823,-0.24979333506509568)
 (0.22164252694822373,-0.39758947457325827)
 (0.83881609291034187,0.35890879695155237)
