# Created by Octave 8.4.0, Thu Dec 11 09:47:20 2025 IST <gamana@Samsung>
# name: awgn20
# type: complex matrix
# rows: 2048
# columns: 1
 (1.0436172148789749,-0.022285184757904246)
 (-0.9457430694714215,-0.1032893229612839)
 (-0.97250755060065208,0.028071346780858816)
 (-1.0447241716933018,-0.0019008159128680244)
 (-1.0969349690240335,0.029064602502189275)
 (1.0490662308674574,0.017412823650236584)
 (-0.95120804131120351,0.022621875046290017)
 (1.0653794472788112,0.043181718496369238)
 (1.0113566206010809,-0.0085756845866481746)
 (-1.0708976232484213,-0.073445691726210294)
 (1.0187698591943473,-0.018850718102050992)
 (-0.9635246111603909,-0.0071940054276247202)
 (-1.0478369916576045,-0.10962687843533431)
 (0.99162267710107166,0.080287621349166463)
 (-0.90228940058238649,0.041928038217515139)
 (-0.87531388832421719,0.05961449854837441)
 (0.98915327421213872,0.190776159312608)
 (-0.99195825058953369,0.12173434782984652)
 (-1.0740432964498037,0.029822811784205858)
 (1.0483944009676787,-0.05958659091455)
 (1.0075504667963993,0.061586291683649652)
 (1.10972832782403,-0.070301987480491032)
 (-1.0525466953821956,0.0070387756429680917)
 (-1.0533356473076263,0.050326145883516443)
 (-0.98979728373906217,0.049725777275719564)
 (-1.1282720498403349,-0.075274642108856121)
 (-0.98986708627607956,-0.018777169352777814)
 (0.98386007602145065,-0.017736202402984444)
 (-1.106188819044529,0.043887169001273311)
 (-1.0158289728702941,0.095742282840369966)
 (-1.0813738926655567,-0.038201908332265007)
 (-0.97054135030882638,-0.12236888117951039)
 (-0.896869269156781,-0.13773347537669384)
 (0.91662650340271279,-0.040629031588842013)
 (0.80167760931524801,-0.053682755832717935)
 (1.0139080494686248,0.051234623712495125)
 (-1.0183004244001694,-0.053706743215523267)
 (1.1241250779773222,0.09508780346150085)
 (-1.0382718706491936,-0.051149817261376823)
 (0.98854009761241013,-0.068994434777500932)
 (1.1476937905506523,0.045501657955051088)
 (-0.85229542769056876,0.068622554586213677)
 (-1.203679573353394,0.074431404119232464)
 (1.0768736487596366,0.015071295819716383)
 (-1.0097639229709661,0.0074141124417261327)
 (1.2272622496226562,-0.11302069010846111)
 (0.95814486212172467,-0.0002315883139688859)
 (-0.98051363482858733,0.040061113146829384)
 (0.88802269689669211,0.10293623267906327)
 (0.95415400468372213,-0.038984903305508092)
 (-1.0473923066078761,-0.095056685701578394)
 (-0.96145179478570331,0.049204221031699837)
 (-1.1469226772649737,0.062122305813354567)
 (-0.89732416203181065,0.030902729176189161)
 (-0.93270641630717843,-0.13053521541118054)
 (-1.0705828871618066,-0.051825004285683374)
 (-1.038148500734114,0.021823469777846379)
 (0.85354476364774212,0.010645685208032739)
 (1.1126468668792904,0.058309318864948029)
 (-1.0305241697650731,0.005774001262775664)
 (0.90209047634127071,0.046183879462120728)
 (-0.95666253834648241,0.02009460630285833)
 (0.94326674292327228,0.15152944595255952)
 (0.92492817322028231,-0.098814415635016459)
 (-1.0033717972204925,0.023361663413115664)
 (1.0664040149840086,-0.0313395397235482)
 (-0.95891160934437902,-0.028374468978728664)
 (1.0379814824263811,0.03306758827909196)
 (-0.89334542762405955,-0.13709933298972218)
 (1.035027210709599,0.020808525114789804)
 (1.0660480604541487,0.071144897813154515)
 (-0.91642568830889914,0.039632436096101287)
 (0.86421583615558106,0.033840197345099701)
 (0.88716801483814023,0.0065795930557806265)
 (1.0062781406505474,-0.028946995794407068)
 (-1.0707658681835066,0.064001812725870244)
 (1.1114898517089242,-0.048954982522141401)
 (-1.0218124376004512,0.082840645847831781)
 (1.0346509968348891,-0.10314877371573611)
 (0.95979979927577985,-0.10212630322072386)
 (1.0267793104241201,-0.024814915223887544)
 (-1.0389004744038479,0.0068710327390469634)
 (-0.85770457978621595,-0.010136934139327265)
 (-1.0481349540438289,0.078347470847257489)
 (0.93128132173064448,0.013191174716421906)
 (1.0765879358692267,0.025641623187996579)
 (1.0062915985794449,0.11075800479441711)
 (0.97096831904541148,-0.0045849671125844978)
 (0.99071444264955799,-0.068615355012056206)
 (1.0683641209638319,0.12778634667629282)
 (-0.88629937878782572,0.023552288426779425)
 (1.0498319109892285,-0.0086759985449969147)
 (-1.0428636137171186,0.056517136092693487)
 (-0.89117393779392329,0.094125063169246431)
 (-1.041682379734066,0.057914889127843962)
 (-1.1279331417583398,0.0084340641010620214)
 (1.0284177645963597,-0.038792761652087997)
 (-1.0022799415135684,-0.06383633071102178)
 (-1.0467777919299941,-0.025236447512036228)
 (1.0697172144350966,0.14931547748291971)
 (0.95389816516314763,0.030389348645682542)
 (1.0039098742738146,0.038715832889151723)
 (-1.0296599228299099,-0.14397138138959825)
 (-0.92233308005380954,0.063403467216773021)
 (0.96508030000093681,-0.046988375652568609)
 (1.0905036047950742,-0.16221095860127305)
 (-1.0285381000950942,0.10718331337509826)
 (0.98514888438951131,-0.055418228612627345)
 (-0.79629778097659298,-0.0033693849043216098)
 (1.0254426565519368,0.0098990755991429022)
 (-1.0576249314334145,-0.042762780789492555)
 (-0.95530714666255057,-0.099030885426922663)
 (-0.95262921239437026,0.034129061360538705)
 (-1.0007747278776218,0.11087592485215624)
 (1.1847573355367749,-0.038635307532573611)
 (-1.0752011528230632,-0.017126520600939967)
 (1.089248608913999,0.083779020278274219)
 (0.94550421899250703,0.082558570344294979)
 (1.0175989707876223,-0.06722595585547339)
 (0.94662286950957186,0.051690367179521239)
 (1.0024355090673938,-0.024333315803132423)
 (-0.95415397881329389,0.0069580138136846109)
 (1.0069785461464089,-0.13940154549514924)
 (0.87910950145391265,0.078498509602916225)
 (1.0657281887254437,0.056737532981062024)
 (1.0549810449586465,-0.063546928543334907)
 (0.92128272670002742,0.011141402485092575)
 (-0.99162033916554815,0.083266830776570072)
 (-0.98105829733186301,-0.0091086525935565894)
 (1.0697370388780321,-0.07527011015773323)
 (-1.001843022411506,-0.063255568550033989)
 (-0.97328373503967247,-0.071947754079891332)
 (0.99922248759233323,-0.026661883144021792)
 (1.0084441031136471,0.021570659439332864)
 (-1.1140421945024066,-0.0027506236027018648)
 (-0.88092287422112769,-0.080081899823308711)
 (-0.97337028115978264,-0.035857626633867733)
 (1.0814526123323671,0.093720284197955819)
 (0.8653155081115067,0.016612918248079377)
 (-1.0240907150392466,0.031702113145009585)
 (-0.96776275276801127,-0.16816484077141824)
 (-0.98917846034971979,0.048736905069895683)
 (-0.87014557389045299,0.0083198963298860944)
 (-0.93586643837895522,0.048820754390326272)
 (-1.0144341222378832,0.067882683529810778)
 (0.95849586959819544,0.11385069096298106)
 (0.94099265639716723,0.030274228151995437)
 (0.88762827174342673,0.11108976579683234)
 (-0.97860557550892369,0.025800399180420465)
 (-0.99518553387971265,-0.072865091538735868)
 (1.0209617862121998,0.032213107167585291)
 (-1.0528168249297976,-0.096718246524257478)
 (1.1177051522234316,0.054015728599983694)
 (1.0511054742097332,0.075931953247888012)
 (-1.0139443620631268,0.18643995398642077)
 (-0.97150438010501328,-0.037603563960880014)
 (1.1716401087305313,-0.054335191605927813)
 (0.94032193229759287,-0.092880713157936556)
 (-1.1667363312196533,0.01112406762687849)
 (0.99499034970229194,0.055963703600332704)
 (-0.819491184637963,-0.10513093645333921)
 (-0.93056297640893948,-0.01948626464577706)
 (1.0026261127290224,-0.092012212649655478)
 (1.0054050988343706,0.007078218043596843)
 (0.97592985651968023,0.029937756376890268)
 (-0.79053590047750277,-0.17087682860882153)
 (0.99492361566891463,0.036491417656491484)
 (-0.99152237509896457,-0.035209611653219682)
 (-1.0229329359020003,0.035252887526102936)
 (1.069382680467637,0.091688411347897458)
 (-1.0179609868175599,-0.056320364473465181)
 (-0.95580898686560378,-0.088082357767732572)
 (1.0903852807178027,-0.003001276163502797)
 (1.0582998624715318,-0.062146545320472583)
 (0.99141381657054395,-0.11265591581486867)
 (0.98775997013480987,-0.068800772663817983)
 (1.0845507013290809,0.047592677285042767)
 (0.99238647039808503,-0.059791284600872033)
