# Created by Octave 8.4.0, Thu Dec 11 09:47:20 2025 IST <gamana@Samsung>
# name: rician
# type: complex matrix
# rows: 2048
# columns: 1
 (-0.96830151547832244,-0.14631798850634639)
 (0.070413411976982365,0.21501124592156207)
 (0.044947277844167965,-0.49993315789133302)
 (0.7643562899667572,0.32097140767360222)
 (-0.96384558806450371,0.10435792834325079)
 (0.68041477295750741,0.25973090750224159)
 (1.3148954265256614,-0.20535140814084815)
 (-1.2525148603660239,0.018684549641892225)
 (-0.74517598539632424,-0.23171617881991516)
 (1.2204091773788428,-0.39013602181502)
 (1.3143556066524231,-0.15703791009599355)
 (-0.6332368398446826,-0.027766473062510288)
 (-0.67345868888633964,-0.13370077669283864)
 (0.82641518728127095,0.09212361572620166)
 (0.55161875690024487,-0.23844636469409705)
 (0.48584481238799132,0.51908646960697835)
 (-1.1052087808419351,-0.18518856530148201)
 (-1.147651322949764,-0.38656945282727023)
 (0.9307998191055088,-0.041126255476380089)
 (-0.70063142167699444,-0.00089056158368536892)
 (0.71661800670820741,-0.030647442841734089)
 (1.1616045101957071,0.41342777448035128)
 (1.3618971700259053,-0.41941384570859108)
 (1.2023828441983582,-0.074494442625759688)
 (-1.1223288827419666,0.025408902127198089)
 (-1.2413163687640834,0.4786118761575836)
 (-1.7486982159755953,-0.19360187503790793)
 (0.91086790818806418,-0.32047033074085224)
 (1.1349194683582313,0.21728384305554058)
 (-0.79874593154970386,0.2522438300974062)
 (-1.1687564671263153,-0.26652865308123291)
 (0.45331822175547865,-0.37580478736240647)
 (0.430815101149438,0.073940020107438581)
 (-0.52804696117430794,-0.021718034728291508)
 (-0.84690878481582077,-0.64169759421046035)
 (-0.87076848806479468,0.11414634293658359)
 (-1.4513686333025855,-0.30207812590198946)
 (-1.1952583787419238,-0.085023106280153485)
 (1.2152634380668461,-0.23583698614370871)
 (-1.6627090890550986,-0.1055426762241773)
 (1.0116842069673193,-0.45778199843841461)
 (-1.3069438471824386,-0.69656472850822049)
 (-1.0504471571948939,-0.02256253345213842)
 (0.47312658641460859,0.24319965327929161)
 (1.3181999211899482,0.13906512853236672)
 (1.532376268649009,-0.25559153314009558)
 (-0.81951068956145179,0.30354713161019248)
 (-1.1818333835849735,-0.63141561894140774)
 (-1.0135706459651994,0.28255354877381023)
 (1.2777428866267582,0.35494259561165342)
 (-0.58377786639524787,0.21424214892912857)
 (-0.4470560521053617,0.16285939365813087)
 (0.7508345257930632,-0.56622837775678148)
 (0.85409497086182684,0.49112405634482253)
 (1.4150778459509701,-0.047931514628344871)
 (-0.77642082754373121,-0.064295069072325711)
 (0.58548930052352199,-0.038923185477294668)
 (-0.60151133117801314,-0.075451508117386254)
 (-0.077300536030497802,-0.39466894545113562)
 (0.66992902899671125,-0.35297067544084354)
 (1.1705812355700971,-0.11032823800100758)
 (-0.76136895273064664,-0.034609056694986221)
 (0.70384223345325037,0.49759848913844495)
 (-0.71022205851393128,0.48686746172809026)
 (0.90806356341088867,0.43642253710687345)
 (1.5354162745756978,-0.36140456582387237)
 (0.57539241170116173,-0.50099181401640225)
 (0.84387619948553039,0.048967964807126105)
 (-0.88822582165329911,-0.11848665703399304)
 (-1.0479641873466699,-0.010234399217318653)
 (-0.18575740009609842,0.0007679265236964851)
 (-0.7303241279603474,0.13639737687115305)
 (-0.55524910226271995,-0.12271864172692946)
 (-0.58800919543061991,0.089418779573493659)
 (-0.51873701235488245,0.44832167605619899)
 (-1.3247736096688079,-0.057986827083005871)
 (1.1385544521435891,-0.08703708407252167)
 (0.87221221407166749,-0.80031158313670392)
 (-0.86515241491293915,0.19719472788137393)
 (0.6673377286867842,-0.35810565214471823)
 (-0.62887328507271378,-0.09381516016117003)
 (-0.37560233794891507,-0.019025030123621899)
 (0.024587541163741622,0.51849684668797824)
 (-0.69430710857113875,0.23513141054011721)
 (-0.44383759034700854,-0.055538588450347627)
 (0.91202602298890079,-0.21461315520763941)
 (1.4246570346690088,0.090427865265397075)
 (0.43798194678635494,-0.0087620335759342263)
 (-1.5122592881320118,-0.84932293082261301)
 (0.71867837781412391,-0.072201090788989522)
 (1.0765921024697083,0.47226178512553907)
 (0.89996441128808224,-0.13764499054900248)
 (-1.0704205024586875,0.16424634032497107)
 (1.1638409134403891,0.37770613446114709)
 (-1.2217641643785988,0.204415300135418)
 (-1.1052626849176261,0.17748757288855438)
 (-1.065424449369095,-0.46567997661352606)
 (0.52813155011814095,0.25026194970740162)
 (-0.47829859465902186,-0.002948375028212157)
 (-0.41353741385798953,-0.11089711067562107)
 (-0.8584387185496436,0.36299722414324243)
 (-0.57015678799497715,-0.22374375111226069)
 (0.74373219302203086,0.067525693471393894)
 (0.46022425212940327,-0.26354983786171787)
 (-1.0573912406364647,-0.30991222394752332)
 (-0.78526966160813605,0.59876790063765517)
 (1.0270654513087365,0.13428640179421508)
 (1.3176987109722953,0.086443451026887913)
 (-1.3258980107120852,-0.32321175909001987)
 (0.70752450898294694,0.27822101875014627)
 (1.2353416035976581,-0.22936269973228335)
 (-0.60922960867467857,-0.063318740914488289)
 (0.83494901943456279,-0.12352660212305523)
 (0.64245949660216928,0.068385551862626195)
 (-0.91789995584651174,0.44971877526923509)
 (1.0822582586865601,-0.6556124383468811)
 (-0.47370797006681736,0.48889424312752955)
 (-0.49509754842731768,-0.57031957733461158)
 (0.91240124102458853,-0.66760252922597452)
 (1.1946825294344299,-0.39847970200045246)
 (0.61699133666436523,0.33725622286452245)
 (-0.70650076782086502,-0.010058293291506329)
 (0.92442810862249791,0.31708112381352099)
 (-0.94034888454137633,-0.37715254080003741)
 (-1.2392662590743768,-0.66893337212405357)
 (1.2756168200816511,-0.13160897825716761)
 (0.81049861021443892,0.019936630089048907)
 (0.43548665735993558,0.10143189251844205)
 (-1.39168594898771,0.45105308386584714)
 (0.8163171543973935,0.18666295220421736)
 (1.2691011602133244,-0.076486217967317194)
 (1.0845698756373281,0.21689734980675138)
 (1.192208512592053,-0.34574122506855748)
 (-1.1789704452348566,-0.29741268974305218)
 (0.64971823728252465,-0.32907089470767992)
 (0.99725553708995762,-0.079433063414217811)
 (-0.84454779973312211,0.2790920995002717)
 (-0.64665045876117855,0.018185199767618405)
 (0.70366394257077192,-0.3313721599696236)
 (-0.79789226933759116,0.23279582442497665)
 (1.6561545843575463,0.40441229823368435)
 (-1.2023980665140073,0.42426575452250942)
 (-0.17820617792354831,-0.18770130301144591)
 (0.73124967265005647,0.27724725351927176)
 (-0.83740467085139703,-0.14430344209087564)
 (-0.35192128779094312,0.32939715805214292)
 (1.3533578428124413,-0.20814010553375867)
 (0.67250141028745392,-0.12880956880817651)
 (0.74717098562723905,0.24597283660544)
 (0.75138359357973683,0.14810190553793934)
 (1.054446572614409,-0.45259092436716258)
 (-0.13185368130209441,0.17719887890355804)
 (-1.1624176305595242,-0.086989038185933815)
 (-0.78256605464542095,0.02112817466497903)
 (1.1354347744799476,0.14587967691389744)
 (-0.74534652484787967,-0.30932423923118491)
 (-0.1364823851801088,0.25747831294728857)
 (-1.1744971336640442,-0.46199187332534475)
 (0.79002638596030539,-0.27012933972522363)
 (-0.73186742629289625,0.089447291131889595)
 (-0.86923261668555407,-0.43919294305747536)
 (-0.51372401312983329,-0.26154405395542013)
 (-1.3173621573774501,-0.37830344265851984)
 (1.00425451787908,0.23982750401671302)
 (-0.59478251130686,-0.61802532332876792)
 (0.62351030704864141,-0.086907559522587371)
 (0.42337423013412046,0.16989085426600783)
 (-0.99135131404027765,0.15928705070112598)
 (1.2205969266480268,-0.10498612197334346)
 (1.0089331237448969,-0.41282094002478942)
 (0.48213309509631269,0.52771435934298105)
 (-0.68839838198383707,-0.59203570757931134)
 (-0.60423029594214706,-0.85334607576405286)
 (-0.81700182566196267,-0.6139551257838769)
 (-1.2459419956344098,-0.33920755951867526)
 (0.62284621898673687,0.46875822554890956)
 (-1.7460365081256333,-0.57560479487043481)
 (0.72113218185632522,0.26946001808998965)
 (1.6438195542046659,-0.018266558815436495)
