# Created by Octave 8.4.0, Thu Dec 11 09:47:20 2025 IST <gamana@Samsung>
# name: rician
# type: complex matrix
# rows: 2048
# columns: 1
 (-0.51640592836153121,0.022264805080829484)
 (-0.63233183910446389,0.12000973244001548)
 (-0.86329663547695668,-0.032195708948360699)
 (0.49060427501175707,0.52151479369868037)
 (-0.96765895159788984,-0.25677183260306852)
 (-0.9494402709423535,-0.31037748565836537)
 (-0.28831865779228583,0.56621173994335494)
 (1.1833187791377235,-0.52492587176065131)
 (-0.93475947877324195,-0.28914965539643611)
 (0.5618147339295323,0.58704065757030011)
 (-2.1467066095295388,0.21725336486652189)
 (1.4053110734994643,0.78361856429377552)
 (0.96172184308838993,0.051780026921189132)
 (0.90689618983113529,0.1813432685658192)
 (-0.93440373672173671,-0.14176800710966192)
 (0.38525224720348261,0.44051274180460986)
 (-1.1863481702601248,0.13797199107712191)
 (0.88521653787881593,0.70417479107529779)
 (-0.98135795694676031,0.12417076790649562)
 (-0.61551222911448722,-0.40293883739591202)
 (1.4027092427419112,-0.064835725835703586)
 (0.42923342155987509,0.7317222563348984)
 (-0.60414069489461952,-0.58848932114751196)
 (1.2427016401687117,0.075830130236777621)
 (-1.3719815610744972,-0.011899761908037062)
 (1.4376274049118418,0.66315673629820149)
 (-0.61394033429930617,0.38414250133086253)
 (1.6071730581040682,0.30982426533568042)
 (-0.58005443001946277,0.84158802263012455)
 (0.24620307761155347,0.0106440523957706)
 (-0.66894107049490503,0.22217347962023182)
 (-1.2444808584513385,-0.083493674954621094)
 (-1.1399435699406517,-0.78484634195445868)
 (-0.77319895596438581,-0.20092215122203586)
 (1.2776003892249355,-0.66806421145956252)
 (-1.1375736100805587,-0.54880614377425141)
 (0.854719003118246,0.26144780402947487)
 (1.5218256028048582,-0.22642626027398599)
 (-0.43352264024383175,-0.01994044448343784)
 (-0.86827693440260079,-0.14791446314489565)
 (1.0126220677515099,0.24303072631885483)
 (-1.2103907292392249,-0.26245723836464985)
 (-0.78163301483834902,0.24320332992655833)
 (1.0942457479520731,0.25422160114188241)
 (-1.1917674319721272,-0.071043637520685848)
 (0.053840659159326343,0.23265760218241882)
 (1.1548365345771501,-0.29676212977464939)
 (-0.56551345618516635,0.18516946740780041)
 (0.78370510285641026,0.04846800996920192)
 (0.97953213477667678,-0.22943055389065906)
 (0.8650621570898005,-0.0054724254035491094)
 (0.90242431243218968,-0.13762112061484139)
 (-1.4737917253015818,0.49115724935870464)
 (0.59644856492504139,0.13558250314941142)
 (-0.96642153989866575,0.46887096630422309)
 (-0.62136177638563983,-0.046313418883106972)
 (0.61385218294027344,-0.26077593439223046)
 (0.83156926539374465,0.49446137924794481)
 (-0.87497061160773792,0.15675541353753605)
 (-0.7842995659493408,-0.49691776586483455)
 (1.0965085970751776,-0.46034940757860726)
 (0.30356760080659984,-0.35769984250163589)
 (-1.0633725308056361,-0.87561907218589718)
 (0.97228446413942071,-0.024594609469003922)
 (-0.82741506530195463,-0.19693963854202406)
 (0.79940930206660998,-0.065724877896403938)
 (-0.95501842331250808,-0.37675159800145969)
 (-0.17825999855908414,0.0433909567208043)
 (-0.44280529874247493,-0.040530173128217876)
 (1.3219578272057868,-0.29011343451877331)
 (1.5987874423975779,-0.083759473346338681)
 (0.74211443080425032,-0.16756787591669167)
 (-1.9144553652064848,-0.82818654029403871)
 (0.94157753356066132,0.17041288008085184)
 (-0.99598377295798546,0.14611337414276437)
 (1.0982956065410425,-0.073547527699534612)
 (0.77140554096631042,0.39218557636989421)
 (-1.1912171467252075,-0.12419959160051418)
 (-0.870188701828012,-0.22556305340832303)
 (0.88917641839798467,0.15940760175291191)
 (-1.1712395802139861,0.77835889017611437)
 (0.55027441079254791,0.040030805989905598)
 (-0.48469255839516806,-0.034495432224626289)
 (-0.88489925668937552,-0.36594333030867987)
 (-1.6071076484155569,0.082875538952112637)
 (1.0298604388890045,0.31236417854454029)
 (-0.52047210028517132,-0.080231857166625661)
 (0.93790927837597959,-0.048678848844527514)
 (1.3285000464710786,0.18558015992629337)
 (0.64830198441148301,0.23612983342784311)
 (-1.3451707870118796,0.25182771464439074)
 (0.60730732284032984,0.065219895204690612)
 (-1.0955431570003082,0.35896018286314618)
 (-1.2005034219845696,-0.205816057545674)
 (-0.67534383462896552,-0.51905946516885304)
 (-0.34666877913375027,-0.23070821525578422)
 (0.92084874206547207,0.43712988204168413)
 (1.0290410616494234,-0.26938524149312698)
 (-0.62771798714079696,-0.45574928727027431)
 (1.1095220080657324,0.62571813456188563)
 (1.1415486622251165,-0.61637708458505802)
 (-0.93579129356748003,-0.072345057736012464)
 (1.3225281577445602,0.25878198564322308)
 (-1.3543642291813334,0.64633595570290647)
 (-1.0090175347991825,-0.45446574255119049)
 (-0.81186194988325244,0.375419671465404)
 (-1.2897017310588215,0.25122428358762305)
 (0.74474985912635472,0.17921252086707881)
 (-0.83069080859657318,-0.046520818983400519)
 (0.85051212412495625,-0.52739733555153345)
 (1.1685584823514452,-0.34756694575474223)
 (-0.73069285097808934,0.03830992212150415)
 (0.8813215199421951,-0.043106874925478725)
 (-0.92195725208162094,0.38950076324872512)
 (1.6327296008755634,0.36035291641680961)
 (-1.3597903087660244,0.12598067313650763)
 (-0.74688188467445216,-0.15616072770316455)
 (-0.68569842730273733,0.4628738946325851)
 (-0.35043398477632348,-0.019593358758386428)
 (-0.79215222515159545,0.49917478381377572)
 (-1.1571791210057436,0.018912228220274101)
 (-1.2871315219242512,-0.19287311640154359)
 (-0.78352743737204156,0.0075366288411796989)
 (1.0177695767093944,-0.28928070341923973)
 (-0.77320940825469808,-0.39695266152060094)
 (-1.7551985894136268,0.18026146518202976)
 (0.70726209664950734,-0.15393814067904729)
 (-0.74621075850233209,0.2381452378479382)
 (0.81649643364185953,0.10737260731406019)
 (1.2056622717792815,0.21206889883156876)
 (0.45363933679456359,0.24046249071725756)
 (-0.67772023375220491,0.337882157893235)
 (-0.38384716251152107,-0.21175390613720135)
 (-0.81247065620380632,-0.25106392521942694)
 (0.80871974515084644,-0.32839603874001339)
 (1.0251612591059733,-0.10234230960299837)
 (1.6824299548070512,-0.097749727678061255)
 (1.2687721858040546,-0.44774187240042013)
 (-0.87907834255817574,-0.8171109423897116)
 (-0.8653302233271235,0.047959266709896087)
 (0.61616144497013237,-0.41946833559659058)
 (1.0288206247762013,-0.15671695339409589)
 (-0.33730109990290347,-0.51220797198152535)
 (0.96128729882374486,0.37761638196314856)
 (0.98492838905670088,0.39556510827304991)
 (0.82633575100711909,-0.46844860587830583)
 (0.27211204002238965,-0.49643241087600798)
 (0.52644530802929279,-0.13560503156703829)
 (-0.34062551029180499,-0.24132915679769754)
 (1.0794005904316173,0.38921016613310627)
 (-0.021714971125039284,0.029600282215708821)
 (1.0692779696902386,0.15977838133626016)
 (-0.69140853938250546,0.14341925590635976)
 (0.80619674064605484,0.78923522282425607)
 (-0.89494358161885779,-0.063092100769895507)
 (0.59171208343122617,0.40810263098310229)
 (0.81269067151911301,0.13684683241380122)
 (0.66616746960556927,-0.071368742764531243)
 (-1.6568183270287475,-0.18958960222971352)
 (-1.2232854453639495,0.18742602141938172)
 (-1.0687831546632316,0.2701354354785957)
 (1.2814928992176724,-0.37277496357857731)
 (0.70091576629550612,0.078786430714667566)
 (-0.70644510863668186,-0.018453542070146083)
 (0.64667013139813256,-0.5528809900694861)
 (-0.93461992030347718,-0.18036533201979188)
 (-0.9516597083378634,-0.31023001770031261)
 (0.79983294541168592,-0.041792969903083108)
 (1.307786323498155,0.042566067648686499)
 (1.633493114149327,-0.5422997993209705)
 (0.202682283131983,-0.19235627424286492)
 (1.3947924287946643,0.20504384330406922)
 (1.1653758652014998,-0.13502987985060128)
 (0.74865002025088423,0.11265253268112203)
 (1.0139889099485002,0.44935729097267935)
 (-0.58802848270804697,-0.16716254148551218)
 (-0.87270764770730058,0.25673239068556358)
 (0.86048798598202036,-0.10085031631117305)
 (-0.98888229857271037,-0.083376403969602164)
