# Created by Octave 8.4.0, Thu Dec 11 09:47:20 2025 IST <gamana@Samsung>
# name: awgn20
# type: complex matrix
# rows: 2048
# columns: 1
 (-1.0409012520447043,-0.019887104246186733)
 (0.90182012533075451,-0.081409352221036402)
 (-0.82820908773100321,0.032390494412066054)
 (-1.0280856708120603,-0.022673842550967934)
 (1.046721167623748,0.019185207035869206)
 (1.0490198351596889,0.03223906480286122)
 (-1.05025569137733,0.059578784783484912)
 (0.95441610789148568,0.098243707112287249)
 (-0.96573755544982276,-0.011772097264989376)
 (-1.0291012793406227,-0.17114930341008816)
 (1.0621827323311663,0.078823696395563192)
 (1.0882045252911516,-0.067077383668423515)
 (1.1657960971637333,0.0046956231006608784)
 (-1.0014737635397877,-0.080522732676269859)
 (-1.0294861210887587,0.084755659747897116)
 (1.0845366343539447,-0.11644417875919225)
 (-0.93175076221244679,0.04484760637344759)
 (0.91484603097168338,-0.062910173496581831)
 (-0.99443709500651967,-0.18835230948405812)
 (1.0026923499927662,-0.034204400950514018)
 (-1.0623652862886157,-0.022937980728505405)
 (-0.97392194042081714,-0.16814871459398856)
 (0.96305611175652617,0.011902306522685778)
 (1.0696559070183129,-0.012588929597274617)
 (1.0226409620985342,-0.0096643891546763297)
 (1.1189923011420442,0.063186634509204823)
 (-0.90226006816890969,0.02026034828761105)
 (-0.94197322849281395,0.093080877203581117)
 (1.0656803680458147,0.045372941335174659)
 (0.99746816978579211,-0.050283872745910646)
 (-0.86243160262921625,-0.061500928137443039)
 (-0.98907263465458173,0.021290499646153524)
 (-1.0240097032841513,0.12431443678433605)
 (0.97967665450777153,-0.033614777239773741)
 (-1.0176226480790962,-0.068379588889825829)
 (0.9377305538416365,0.10168296661785488)
 (0.95608703450303445,0.015866903003039817)
 (0.93388999780126247,-0.019635495406366874)
 (0.94504012382699076,0.036630972070622311)
 (-1.111519217395452,0.033185811692670847)
 (-0.88355142406013953,-0.0095580381843124156)
 (1.0236919845155361,0.065739455797793209)
 (0.88956313915880325,-0.051202333573021876)
 (0.99017585782341899,-0.0028351790153640314)
 (-1.1032571740865187,0.078454020232115396)
 (1.096241634856342,0.11171943685211144)
 (0.98652391026778263,-0.0041823515724655697)
 (-1.0864892581377044,0.089609065158951659)
 (0.96675838763654409,-0.021775687548719037)
 (-1.0462272162125841,0.039775592114226849)
 (-0.96670053456804661,0.069120943824098682)
 (-1.1368039732180337,-0.023021316790751596)
 (-1.1772231715648023,-0.093971489132582908)
 (-0.98235214272357507,-0.036432375037387603)
 (0.83395636829274677,-0.0050258947992134796)
 (1.0090352349206824,-0.035022684344928286)
 (-1.1336619017938931,-0.046570464058670186)
 (1.0459836000301388,0.048889685540440687)
 (-0.99741115228771626,-0.010002242091527384)
 (1.0382078653061257,0.061044149397501885)
 (-0.94748599218655671,0.018773487951035159)
 (-0.95778092418564542,0.035899019217862725)
 (0.9683721694305627,-0.044636651266776683)
 (0.96047239525451877,-0.003082571332507153)
 (0.961588656087213,-0.004475648473859394)
 (-0.97150076676006958,0.02645612825209305)
 (1.0427496449322624,-0.04169145411436017)
 (-1.0124772052648923,0.026820461857840972)
 (1.0864559143664829,-0.012574716434985237)
 (-1.1148783171153918,-0.02931020684572147)
 (1.0387382945499573,0.044238649687742659)
 (1.0510529675445046,0.011782886774955738)
 (0.91618116700014074,-0.087703698493472704)
 (-1.0332320388284926,0.0027249632016266637)
 (-1.1192045793540386,-0.02435283910951383)
 (1.0530891647142615,0.0063900014419666007)
 (-0.95249761143255429,0.037789832005557425)
 (-1.0036066374586587,-0.033979786775009783)
 (0.91426246041507997,0.077328900472647677)
 (1.0116696804976351,-0.076263163149597593)
 (0.93151147952143964,0.063989733633358262)
 (1.0082760643836781,-0.026850432084375177)
 (1.0681095402050602,0.062403019388381803)
 (-1.1013275889552483,0.02983787792044755)
 (-0.98454407054191218,-0.009798793022954843)
 (-0.89180981703328011,-0.046398202083333798)
 (-1.0770013313626732,-0.091389637012566804)
 (1.1036344668061286,-0.051560582473585692)
 (-0.94752920747313507,-0.090804379014117573)
 (0.99157561022507668,-0.067381277002450599)
 (0.87791123386990977,-0.10025405065773663)
 (-1.0878036793233048,-0.093655628851475617)
 (0.98309044285878899,0.030404859746771935)
 (-1.0155908042955684,0.012743018688386263)
 (-0.95497980848070929,0.025900580594050527)
 (1.091964993469533,0.10634115364087429)
 (0.98347262945585356,0.023107343559376159)
 (1.0090472108394577,-0.007398717163632728)
 (1.0720259794524813,-0.09846270087378356)
 (0.98646658559424505,-0.10849369156838709)
 (1.0482393581064147,0.076127677946067313)
 (0.95450098680010875,-0.16875621486497722)
 (1.021260771838983,0.066211106472704562)
 (1.0551518126781438,0.1436711035532133)
 (1.0226970040965984,-0.014521041172902344)
 (1.1602721402441138,0.085727526280021407)
 (-1.111115170786201,-0.038967628091170346)
 (0.97791151161718992,-0.10866833354997259)
 (0.96145705798568859,0.0085171686542259931)
 (-1.0484830475210012,-0.0038729805618388994)
 (-1.0483297038898431,-0.03639970127268987)
 (-0.97976465285367831,-0.069813690807977863)
 (-1.0765415707189114,0.02419194514686128)
 (0.97764583495004764,0.012649982220631137)
 (0.83308940012981858,-0.055092628858149709)
 (1.0751819020875304,-0.04025847978874518)
 (0.9244364492715178,-0.043287057004436615)
 (0.96475500893618382,-0.071165942209144628)
 (1.0564369913621223,-0.052932776444514253)
 (-0.90522067751287416,-0.058130327961818412)
 (-0.94770591146132221,-0.036137811406601293)
 (0.97100095768756156,-0.066739230831820706)
 (-1.0955649805132956,-0.016725019501583598)
 (-1.0577396190310864,0.062003396130912637)
 (1.0261357734763068,-0.088587753050507173)
 (-0.9827543171356572,0.038111684731576646)
 (1.1374769246457668,0.067524411139557886)
 (-0.98830540098371433,0.068194229417333524)
 (1.0947293537263383,-0.074006586425145668)
 (0.95711019860843982,0.0049156716933917606)
 (-1.0346219849853124,-0.071778530210620264)
 (1.1105348055700857,0.021938083032313017)
 (1.0690295377060017,-0.0005337606141818023)
 (0.93434731705605734,-0.020463860431272005)
 (-0.98371258974809273,0.12688168658620677)
 (-1.0842864176256286,-0.12391268037226455)
 (0.99851674708813076,0.041662212687577388)
 (0.84875574828874856,0.061751788362315409)
 (1.0677194973539434,-0.028850999716433373)
 (-1.0572180960905648,-0.0042930885419810482)
 (-0.93305792644905905,-0.049527212740294452)
 (0.96100644876842634,-0.13261416743127905)
 (-0.96272563669541722,0.071018512072017287)
 (1.0518978583603851,-0.13884604667260425)
 (1.022109744031539,-0.016457897225892155)
 (-1.0077503780683583,0.093219516715918271)
 (1.1196857614609004,-0.05051381408582193)
 (0.9517252540704223,-0.0050404847406120981)
 (1.0323997927372521,-0.07337578255561808)
 (-1.1735384257314714,-0.037096004103316739)
 (-0.98538192742724784,-0.00056190747880493781)
 (-1.0406084187552032,-0.0043452580142708122)
 (-1.0298011271052836,0.060873096566383102)
 (0.96244956412893423,0.016829888063435758)
 (0.90909635067424754,0.053455372222572843)
 (0.98946296839926162,-0.10667513013774688)
 (1.0516798517903727,0.016430069339843326)
 (-0.92358226315268976,0.066814826775710143)
 (1.0153800905525647,-0.071174818705500048)
 (0.99341562878822032,0.0097496901787682277)
 (-0.98587508188545137,-0.11299592637970467)
 (0.8278536628587525,0.076385358738855949)
 (-0.99004311212584972,-0.031919981678394473)
 (1.0645878887657794,0.049647283538886387)
 (1.0633751581232656,-0.13875950847809412)
 (-1.0812547130098102,0.053424384525535752)
 (1.045926069352469,0.0069019360401522054)
 (0.99089761272010857,-0.027201723111312855)
 (-0.99892749643497158,0.039819658179699222)
 (1.0565505176375967,-0.12375436932250782)
 (-0.93362297740784905,0.03644451117448002)
 (1.023570954415761,0.0051697120938386911)
 (1.0967330426274928,-0.034723340820230521)
 (1.0489343484811231,-0.086298360724424122)
 (0.85177651280067812,-0.053124765482914976)
 (0.95137349281986339,-0.095005576658948876)
 (1.1137104864207445,0.033165379598489642)
