# Created by Octave 8.4.0, Thu Dec 11 09:47:20 2025 IST <gamana@Samsung>
# name: rayl
# type: complex matrix
# rows: 2048
# columns: 1
 (-0.21694723446526165,-0.6734745524316792)
 (0.17215204552930771,-1.0276950532203217)
 (0.30833507972351037,0.45796148841985518)
 (-0.43696251522872626,0.056944818685309935)
 (-0.45347828020840925,0.41538786878273992)
 (0.63583274361410158,-0.0042973495691743004)
 (0.34487383245941944,-0.96233169785928452)
 (0.41465137154505644,0.76360656797241089)
 (0.97272659037366505,0.19120990869617394)
 (-0.41969575623332073,1.2158646111938376)
 (-0.61922667906473672,0.44504705333971201)
 (0.63908160489350962,1.5329424072623012)
 (-1.4353623552519827,-0.38782135470671802)
 (-0.040189413210100451,-0.31494385771481465)
 (0.95950273028101085,-1.7280734642098057)
 (-0.28318526350636392,-0.29163147844301712)
 (0.51995075222721165,-0.51222037359910966)
 (0.40213232430088952,0.47841099084332767)
 (-0.54505334502388458,0.12651464098594775)
 (0.14412284871390493,0.26442278401990765)
 (0.32377785429977418,0.18426422321434247)
 (-1.2125089734703358,-0.086268268756307803)
 (-1.3667377537344518,-0.69881337284029899)
 (0.7865579518228647,1.0397873650759064)
 (-0.80320618479397565,0.2901608032217427)
 (-0.4714720391400356,0.96978027137904355)
 (-0.46446282391982807,0.17678964246938839)
 (-0.47254476215087077,0.10099352619414041)
 (0.15821626145519441,-0.1189112254092269)
 (0.6499045234619536,-0.043640400973362643)
 (0.12856155232317862,0.15303885602143416)
 (0.82013345326986054,0.3091896571051117)
 (-0.25914113973024322,0.67587528907664207)
 (0.69221504104427822,-0.074139614636134901)
 (0.46802700842998807,0.15051079227392433)
 (-0.57055468847824453,0.1924571173679907)
 (0.14722370324491815,0.30787438872946588)
 (0.27676470051212643,1.4736473260903209)
 (-0.25740069830256485,0.87511613155600998)
 (0.31498857142104569,-0.8978150732930692)
 (1.3029976893907966,-1.2517122719150759)
 (0.15700489738477089,1.1449272430950432)
 (-0.066326684092917088,-0.81231973205943153)
 (0.56114870931876526,0.066744498217010825)
 (-0.64274122665707145,0.95005254978954523)
 (0.32308826652041217,-0.4712666039923662)
 (-0.19078895559861209,0.91902121573344542)
 (1.3192856310297532,-0.33327997232103657)
 (0.029250689477395123,0.17378442723641507)
 (-0.32650799604371922,-0.4404934558486438)
 (-0.41503866974824172,0.38466750995991289)
 (-1.4925678752740485,0.0043247663107918478)
 (0.40875616560418582,-1.3572076717929913)
 (0.76173529686968433,0.63289634066507017)
 (-0.5891595568632545,-0.18293459196775924)
 (-0.10106649763186454,0.30851712854524038)
 (-0.4486778444151916,0.94973581768978677)
 (-0.38043589927028065,-0.5569197074522384)
 (-0.66147857178099578,0.49011952732846503)
 (0.18307045348826176,-1.5426077529479456)
 (-1.287146794103939,-1.3956944079301488)
 (-0.32433778533524055,-0.45082159099093411)
 (0.10814826063834436,1.1919815508010481)
 (1.0387829088715563,-1.1491573095676215)
 (-0.53508325539560531,-0.78600114045931047)
 (-0.071378432017265625,-0.26806064479785946)
 (0.845685164306613,-0.050226377848270894)
 (-0.14246029725601905,-0.59632068723338305)
 (0.18616191340994515,0.080693829869732281)
 (-0.1778513966402219,0.90046681705504306)
 (0.96883823841072536,1.2099154235462843)
 (-0.1069601930594629,-0.64497005702570431)
 (-0.49106911159877525,-0.57545529745630297)
 (-0.85663109906568891,-0.31030667889050928)
 (0.2800208257711907,-0.39348457403052928)
 (1.1114016422539954,0.94802906676168441)
 (-0.10924654883327234,0.18659693704140609)
 (0.46883356937303527,0.60411999398122662)
 (-0.42660375974259018,-0.097573955024085085)
 (-0.41105631783367891,0.18843751984177068)
 (0.045635607493095184,0.55542303864444409)
 (-0.19026951840518863,0.23783414920665374)
 (-0.010908714695474681,0.32065596204104579)
 (0.31324023382353733,0.17674478511842498)
 (0.18647152294832797,0.55879498141026707)
 (-0.010231471471307322,0.22239005183178537)
 (-0.71990287070127079,-1.1605522841513325)
 (0.47442952692237372,0.41804540318998351)
 (0.40286440605906465,0.4445198683904541)
 (-0.061006472774252141,0.67025855072663121)
 (1.0520563536206262,-0.79364296917240607)
 (-0.045391621679058927,-0.14632801735735318)
 (-0.31847050057602022,-0.76018707101482474)
 (0.018806246838701763,0.10463629111210154)
 (0.38105213095747453,-0.3038757525806885)
 (0.29315214537165096,0.7299199295415455)
 (-0.76957568280524535,0.03542093542820287)
 (-0.35716668155877412,0.37738581740210081)
 (0.54150456482509635,-0.020696425454393902)
 (-0.34505736075505811,0.774133744933863)
 (-0.20230445623604901,0.10988448155181375)
 (0.68273495440498266,-1.0236034693015885)
 (-0.33384288526127182,0.69031237606707263)
 (-0.088086732895948219,0.013491343171164733)
 (-0.86914607298069668,0.31946961200570989)
 (0.92805023734094572,1.4629861011613561)
 (0.75134454373034754,0.132483816902837)
 (-0.66676365037899876,-0.25469943523566713)
 (-0.26314337167394486,-0.85069137968158803)
 (-0.10371576755371648,-1.690057598740029)
 (0.23767867956381364,-0.54056490144002145)
 (0.26524005342277884,0.46855702799763327)
 (0.053065591244867774,0.93681759443101198)
 (0.22576507826498818,0.44890715104872975)
 (0.34255572965084469,-0.1613774354737734)
 (-0.68234794401087129,0.75601715327210761)
 (0.50270030577778624,-0.44674177456385172)
 (-0.22328411077029722,0.41953212929452266)
 (0.61844237129731949,2.1172724476705742)
 (1.4295884498640792,1.0522056001572901)
 (0.088922191790285043,0.35474591025651508)
 (-0.079452277015467782,0.67618658518210184)
 (0.9454238446030403,0.14610165337966644)
 (-0.93169459943492006,-0.21117693529458087)
 (1.563208394301183,0.096071045179119727)
 (-0.61421753370230925,-1.5873162032475434)
 (-0.087383584580436532,-0.68200661724449196)
 (-0.18816333861678156,-0.037888669292370732)
 (0.71129712361764796,1.5128047495239483)
 (-0.6562590531198168,-0.34038881180164637)
 (0.69425712117400129,0.22890810777680351)
 (-0.077856705588370559,-0.16069049915419342)
 (-1.5605901198276699,0.382107870818086)
 (0.24042854111261142,-0.85194118492029902)
 (1.5886327019245916,0.23603288840068759)
 (0.95917586644654662,-0.57310147129223976)
 (0.51898453841721803,0.031220236197777942)
 (-1.1239295141967744,-0.87845994456392951)
 (-0.48948259529571631,-0.57261870930741765)
 (-0.18033316831550741,-0.70715873634813198)
 (0.023660241823486642,0.58127187243535228)
 (-0.95817098556283742,0.18019128371317492)
 (-0.92087164075979544,-0.73448774639213088)
 (-0.029408531365664542,-0.37754912254834844)
 (-0.042294859539836277,0.067407792795127514)
 (0.15622650001958144,-0.23496789784055699)
 (0.36410432857022951,0.70780247274200436)
 (-0.66871154399919386,-0.59256538364675149)
 (-0.15294128774895563,0.32694974661955706)
 (-0.20384070579216626,-1.143848326367348)
 (-0.36621175361746661,0.80894225855346158)
 (-0.38748285897069479,0.16996049692041398)
 (-0.84351733599470602,1.0294328132754811)
 (0.43869509273941754,-0.83355345060080621)
 (0.41719365977300771,-1.3816601732580061)
 (-0.29016550130235425,0.32389413430522712)
 (0.25789976320966979,0.52786842708372017)
 (0.20824993945831816,0.71425450115625266)
 (1.0080761396867572,-1.4361695124576912)
 (-0.1444927403157579,0.23975822722039244)
 (0.11842221025118713,-0.44937280589611234)
 (1.0592148994152644,-0.92994820833625613)
 (-0.14500185338966171,0.36946471046190626)
 (-0.13231638841177926,-0.69623155527864211)
 (-0.48505998993060556,-0.96353767482545083)
 (1.0673415410032361,-0.5411972029543235)
 (1.36603789605268,1.1962311190433381)
 (-0.10699760337901154,-0.22264751002702834)
 (-0.016680579386846826,0.49056836803843012)
 (0.31948922190727841,-1.0463977652809369)
 (-0.20099851484047226,0.51528198361715605)
 (-0.88445131166898316,0.068920697466978265)
 (-0.59056158033781891,0.51229713170895574)
 (-0.20968243340063364,0.24858111809075886)
 (0.85684927940469402,-0.38073061816220499)
 (1.0221397996164092,-0.44338136018441948)
 (0.49587277382875133,0.025876334427870181)
 (-0.26509385078714176,0.62208713520122538)
 (0.3869708519800717,-0.94155804439501256)
 (-0.67407838933312514,-0.19779601058992266)
