# Created by Octave 8.4.0, Thu Dec 11 09:47:20 2025 IST <gamana@Samsung>
# name: awgn20
# type: complex matrix
# rows: 2048
# columns: 1
 (-0.96143107570566366,-0.1551732577328104)
 (0.94513932164371184,0.07903260859027289)
 (0.98219945468003378,-0.00048440920521337666)
 (0.97085860536308621,0.011754441955764895)
 (1.0377286572885689,-0.11870350274408413)
 (-1.0811371954981439,0.0023911909360072679)
 (-1.0625062446963065,0.1600528782123754)
 (1.0091590880702006,0.06226883992863768)
 (0.93186745142758087,-0.022039683583511657)
 (-1.006712473509213,-0.032604388010688379)
 (-0.92755728636888468,0.11968037045843805)
 (-1.093453868088623,0.041428722493224289)
 (-0.95455699230236268,-0.045191223878604657)
 (1.0539300446418101,-0.11306304746309637)
 (0.9713763913997272,0.034693137604233759)
 (0.89362058400563271,0.0066650063706429168)
 (0.96404112602024139,0.052995270397531762)
 (-0.93904294347438333,0.065973602676737284)
 (1.0868157302242398,-0.038820002982778129)
 (-1.1760905056679853,-0.10875312881629572)
 (-1.0072411165985877,0.0098406308905725579)
 (-0.87588058470857977,-0.081050103702172444)
 (-0.96335982367035911,0.072008058245482384)
 (-1.0798286377734905,-0.078857866074998062)
 (0.95370741404482184,0.012036921922352561)
 (-0.9306348966435013,0.10414674732795411)
 (-1.0538443280510077,0.053591988171803134)
 (-0.97176565286469452,-0.062292818537041827)
 (-1.0214689039684752,-0.062534460532093869)
 (1.0764780131541893,0.0037115572363256399)
 (-0.97544875028070377,0.1074805568870838)
 (-0.99215804632980265,0.032921513113151703)
 (-1.077852004246973,-0.099054276124555529)
 (1.0357554275273346,-0.034736353188485038)
 (-1.0018676389194254,-0.025359415814308714)
 (-0.94272003905092305,0.018715326768760598)
 (1.0190103947051248,-0.011153296863308291)
 (0.99053284966729316,0.012522729963811817)
 (1.0462370394170912,-0.040602169973954522)
 (-0.92645691165832122,0.14913541493784263)
 (0.98811865054079717,-0.18376767043917777)
 (-1.0040394563904935,-0.0072651834926110897)
 (-1.0829738573682892,0.028449598352367236)
 (1.0231093048113087,-0.054699067960021636)
 (-1.135323231855645,0.028817416055706913)
 (-0.94216585323591806,0.11645466772913014)
 (-0.99012453997680183,0.039300751059109101)
 (-1.0375152886844334,-0.062273808036313744)
 (-0.99864566300662816,-0.060775103238058098)
 (1.0293200584544944,-0.0062416283924472812)
 (1.0914336830708884,0.18290031418817135)
 (-0.96752613430115153,0.0098592107598294461)
 (1.0469724374533012,-0.054230511477188083)
 (0.94492758124104459,-0.023399382321960358)
 (1.0288055489357926,0.054670322305051179)
 (1.0136612612342963,-0.01078345049554528)
 (1.0614315761485771,-0.044871427825951007)
 (-0.95638537860104389,0.087648728009406721)
 (-1.1212009649756578,-0.018506090758560571)
 (0.93926583591867208,-0.054458393029063967)
 (0.94793477371611345,0.12362318670792399)
 (-1.0640899947342179,0.081260284737460789)
 (1.0425525841943712,-0.027177936531808063)
 (-0.98265475628698973,-0.012864480987356989)
 (-1.0148757431752362,-0.027144771192697155)
 (1.1448670579741995,-0.035759715952367675)
 (1.0433003363580937,-0.025354676060555817)
 (1.0945872072819252,-0.1007156577662274)
 (-0.97944001784644497,-0.00052455667749851781)
 (1.0089385137065878,0.028900037958465758)
 (0.96697867687046735,0.094629556348547417)
 (0.87439939373656084,0.11521997490110608)
 (1.0415422831491774,0.022953784518467638)
 (1.0086045239782928,-0.030789073291418209)
 (0.96753160730665255,0.026348073272055697)
 (-1.0368054219154763,0.016994668807450309)
 (-1.0234623162016743,0.0038423746869820953)
 (-1.0061742038926653,0.022220833556992864)
 (-1.0647710663103807,-0.054415292891648571)
 (1.0318730248165531,0.028496420506284093)
 (1.0321056811770699,-0.064696128176752757)
 (1.0910929747018456,0.10209737532119503)
 (1.0234975861662932,0.081706000481272856)
 (0.96334146693381228,-0.035943709353408147)
 (-1.0783087011058234,-0.085871284793838876)
 (1.200910633317507,-0.035764231561925701)
 (0.99298954175730769,0.11987379107263028)
 (-1.012478290632981,0.011987280135549507)
 (-0.93377200029972263,0.1258550913636155)
 (-0.93828961389528753,0.13640228904084903)
 (1.0258869202681322,-0.15111042295137125)
 (0.95838373507594576,0.081721146162194724)
 (1.0154330980118436,0.0076909128228138737)
 (1.0175502996523162,-0.015362041780070876)
 (-1.0142679310836744,-0.073942039354066)
 (0.99520224896219545,-0.01529822329906199)
 (-0.99338561031169448,0.023590806035109158)
 (-0.9805942513199859,0.10483220995772036)
 (1.0939340591274482,-0.059554813564827572)
 (-0.9554697318617893,-0.028899551248499789)
 (0.99858157262529401,0.009983762302562758)
 (0.99322530475774484,-0.085673198675465231)
 (-0.98761539474666138,0.037273160317221936)
 (1.0487865881133951,-0.043182087881849539)
 (-1.0053294744133103,0.045600871936122049)
 (0.9588156713149979,-0.11813464627251379)
 (-1.0787288896302407,-0.030196813444033268)
 (-0.99289469376417749,-0.007203909804232478)
 (0.96879385245185035,-0.079025063283473349)
 (-0.92412047211055925,-0.014511867106815275)
 (0.88701722682590822,-0.11680170335365916)
 (1.0468277825129759,0.12536062246627297)
 (-0.93643750187381469,-0.017418313878210068)
 (0.98903222315443473,-0.052992988537638869)
 (0.86891105900085686,0.044712109006999672)
 (-0.96448096924054583,0.0017564157453117965)
 (1.0834009959348352,0.084454426394463031)
 (1.0967900276613343,0.0028627454246942592)
 (1.0307327048981434,0.089224022655821092)
 (0.85443119164175563,-0.050194224141229274)
 (-0.93841596933137561,0.10920353821895595)
 (0.93795026895373768,-0.078261979574305016)
 (-0.94761900793843568,0.037655351120273454)
 (-0.87421939920465619,0.06497134763159472)
 (-0.98489715309628056,0.015195549950751211)
 (-0.87651680932029341,-0.018566113703186272)
 (-1.1300628593540625,0.0035360085693177897)
 (0.95709816635704814,0.023867785853485323)
 (0.95463423148842141,-0.01541286819353647)
 (0.95293391700594221,0.038892676241068194)
 (1.1902380734635924,-0.027701242560707863)
 (-1.0527279700307846,-0.0059620321207170014)
 (-0.89212481782265862,-0.079588807090882729)
 (-1.0621202236347913,0.066912633770779814)
 (-1.0218292043033623,-0.0061364936384895709)
 (-0.91554087390773298,0.026158088001446197)
 (-0.99594436197877867,0.034750290760343742)
 (1.0337325133047062,-0.01385378328104939)
 (-1.025330574576792,0.037093755782600123)
 (-1.0046050817594023,-0.051738665764358129)
 (0.94599181084603767,0.00071693488344277891)
 (1.0566156367415482,0.083522572757882121)
 (1.0049560671046691,-0.050899850029043216)
 (-0.82492298703520284,0.023408390426718544)
 (-1.0527652840636055,0.13388729380319178)
 (-0.97366853925798491,-0.070858500618454251)
 (-1.0281078297026436,0.062844806088449529)
 (0.90261125546432974,-0.030574899663279167)
 (-0.97358707892311491,0.049826358605371386)
 (-1.0896253984778885,0.053026162235399743)
 (-1.0513480443303687,0.073219748136757107)
 (0.9919583394686281,-0.031051861083174367)
 (0.97525631990924577,-0.032718524529067657)
 (-0.98789420959545948,0.020792596947733617)
 (-1.0708050721686677,0.040077517262192469)
 (1.0901461048958687,0.12337886480545238)
 (0.96436014127909953,-0.066910472452531955)
 (1.2037889896961227,0.10440123700051658)
 (0.96996503387512301,0.11506407949841363)
 (1.0272898823653134,-0.018219895461740618)
 (0.99628395852679474,-0.083584073563648498)
 (1.0115550199966759,-0.01706783869481103)
 (0.95414979529915367,0.16234626214912576)
 (-0.92771994143501102,0.017190097258493076)
 (-1.0270291817214106,-0.020685314664462162)
 (1.0490943737673666,-0.083497273961982671)
 (0.90388368695350274,0.020957224404036707)
 (0.98637275582992234,-0.027662150464444198)
 (-1.0533771086888044,0.009005427994069632)
 (-0.87260750347825811,0.027096065216989991)
 (-0.96036577706592496,0.023520126238309808)
 (1.0356570148382396,-0.035363641980290954)
 (-1.0201210387299489,-0.017228696678694599)
 (1.0442258179079786,0.10316558136772068)
 (0.97161378524088948,0.023015369409533654)
 (0.958437604140713,0.13128511106124371)
 (-1.1111647437945413,0.075928308393943475)
