# Created by Octave 8.4.0, Thu Dec 11 09:47:20 2025 IST <gamana@Samsung>
# name: rayl
# type: complex matrix
# rows: 2048
# columns: 1
 (0.19810871377467451,0.45117870413968097)
 (-0.01930989107861392,0.41954445349103509)
 (-0.15616477553396294,0.15581129627373747)
 (-1.4511781956414003,-0.21202266484084661)
 (-0.037076264200324408,-1.2179745538095175)
 (-0.93177874724029341,0.34314443390414062)
 (-0.17823660849009662,1.1553826658534088)
 (-0.074168245726351625,-1.1594244136833358)
 (-0.032834084338513689,-0.43266771999014997)
 (-0.66028432450779928,1.265376262307131)
 (0.45490235689946473,-0.13139373225365544)
 (0.41599940967668952,1.8847613023230532)
 (1.0148881013279951,0.15215971908996936)
 (-0.010299257463664951,0.1664190496073536)
 (0.85230729624923551,-0.80483743614051151)
 (-0.49995276453132276,-0.99872676750290434)
 (-1.2546652150864992,0.81133498929229553)
 (0.73454169634501432,0.4421209311766866)
 (0.28029971608164128,1.1791681686365265)
 (0.57585186888519069,-0.25746898348582947)
 (-0.27128571213751956,-1.062439325007468)
 (-0.73081577977658707,0.11295370884440073)
 (1.0214751125205315,0.34052426135929281)
 (0.84864484246286498,0.32765216778233514)
 (-0.39458577348995943,-0.039822742248990441)
 (0.81231469543011614,0.11017773409134297)
 (0.67108865147224439,-0.017281875562505246)
 (1.1435077634099118,-0.90897768724793038)
 (-1.1686642472302025,0.41668043599528121)
 (-0.16572958310311217,0.32878040405856218)
 (-0.25117793997255716,0.48077626246128519)
 (0.82910406097382883,1.2681725321530011)
 (0.94263068523097127,-0.11249053368782883)
 (-0.24506229982504188,-0.51135171556073544)
 (-0.82823533938013261,-0.36980901125134591)
 (1.1852631227617749,0.12170008014657743)
 (-0.58799027865896358,0.51905255947358542)
 (0.72224813954950551,-0.48556804806541071)
 (0.30073144774304794,0.77658287318784613)
 (0.34084608798062516,0.65631247497840361)
 (0.61473126750611706,-0.63396624728567352)
 (0.71696246939941943,-0.442410575279713)
 (0.58667061995452763,-0.4847540460721011)
 (-0.2665958670253098,-0.13851641324621489)
 (-0.21806977938389413,-0.13946145095011783)
 (-0.74561516393386607,-2.1155488151238111)
 (0.75474816363884512,-1.0683159469156776)
 (1.338322333713535,0.92141021819277957)
 (0.20625120473118486,-0.25260511405206965)
 (0.53164295933515482,0.14472731428910662)
 (0.52284445311465422,0.15413014337208544)
 (-0.11701110369264706,-1.7381580772995495)
 (0.82252437908931753,-0.2611596062953192)
 (-0.66506178328077803,-0.60316928696231431)
 (-1.0150813818475368,0.64500366640320528)
 (-0.74341676796420475,0.49008026010819711)
 (1.0833398168396502,-0.47016524274823196)
 (0.16583161493329052,0.18281812892070631)
 (-0.27760790031017774,-0.28376684100950961)
 (0.49812399155626158,0.078058568335582779)
 (0.4831660001453677,-1.3901415044223946)
 (0.39173308483454022,0.12886834069390513)
 (-1.4575461092622963,1.1821055997731222)
 (-0.20395028072695179,0.72143493186932284)
 (-0.32603517179234504,-0.38553943207947117)
 (0.62709626791852713,-0.47715005771728569)
 (-0.015931747876611658,-0.64404248053224622)
 (-0.89306933023020629,-0.13516258941341355)
 (0.77532831211166742,0.26400484516680062)
 (0.38461501383335023,-1.3032079560038876)
 (0.24660734637557857,0.75811303640125505)
 (1.0935269390482318,1.1487164577039568)
 (0.61526210727484176,0.69226618005466911)
 (-0.57305764111122781,-0.77986088766237682)
 (-0.31132911593154294,-0.38199237683704745)
 (0.65134825670443963,0.32486580624021949)
 (-0.83519820292184943,0.7285315117262412)
 (0.39876837980346846,0.47121853729560714)
 (-0.16127017961783718,1.3004551665714823)
 (0.1300826626303756,-0.13611826118721648)
 (-0.32632255732393906,1.0133966173729914)
 (-0.53121145668038783,0.85913224020860202)
 (-1.0318270221633632,1.5375299812216678)
 (-0.97188763205378137,-0.17085764682840918)
 (0.50225822659858033,-1.0755298328820051)
 (-0.27454375343717952,0.29079143127249313)
 (-0.5014183802039387,0.14972790426743837)
 (0.60353081675911036,0.3814590989764407)
 (-0.87333707504423164,0.15858755352057416)
 (-0.61161129925645852,0.82714679521110257)
 (0.099069357103310496,-0.79101913092837484)
 (-0.32365552192555325,-0.43512088075663852)
 (0.49215808073935691,-0.23135974121412192)
 (-0.011310150156681352,-1.3532370199334709)
 (-0.22274456318751204,-0.72144414933889378)
 (-1.6372172996716146,0.61952840755505822)
 (0.69681094146716893,-0.6741835095805101)
 (1.4870914962657602,0.75537724936099448)
 (0.1915224364445588,0.82425241657604031)
 (-1.9050779368597344,0.33467625758907832)
 (0.46487141415202998,-0.15333922833404409)
 (-0.24828094786134855,0.58529062051168534)
 (-0.87260989752737528,0.32236529981107742)
 (0.35934540522830138,-0.30382295295675144)
 (0.56018486078743468,0.59959047434036272)
 (-1.1520731298794158,-0.73805382386208662)
 (-0.39997784304086303,-0.268418838372045)
 (0.38388529947611805,-0.83671009562410026)
 (-0.025253744233632802,1.4416583293631471)
 (1.2115012995533834,-1.3164586603692467)
 (-1.0592746420146806,-1.2572879870725222)
 (1.9097055919581192,-0.28477759321881541)
 (1.0633519432410063,-0.62698419941022832)
 (0.47698108604206491,-0.043727714560554909)
 (0.25730172600992168,0.96583306846247141)
 (-0.64582617960505562,-0.0098283412698377658)
 (-0.21373186391435003,-0.098277981465470093)
 (0.23417959031483987,0.32663505106686458)
 (-0.27267664813473785,0.38684688534226103)
 (-0.78722340947882941,0.85631346393216456)
 (0.36756561478154209,-0.97958271862587576)
 (0.16735944960070409,-1.1129116572541062)
 (0.95148858016156135,0.26814802734874449)
 (0.79413878302767615,0.021369870380865148)
 (0.29821035954641395,0.43903671116787846)
 (0.046255683609431129,-0.12696898534759968)
 (-0.42975802522299794,-0.68692999343420158)
 (-0.45499046135750737,0.30522105493525464)
 (0.075632687797683076,-0.46240800829140416)
 (-0.032800608661528917,0.7012172850585604)
 (0.25059103887992862,-0.21885227633280707)
 (-1.6486451612059354,-0.68705844180288467)
 (-0.08249110045413717,-0.25062894771058669)
 (-0.57684289748690154,-1.4156746274890675)
 (0.83034242128015401,0.2372717979468639)
 (-0.33734022622274212,-0.561248133217919)
 (-0.20657228345611883,0.70043875426715607)
 (-0.52129609013310951,0.42315189989860497)
 (0.25082357164117447,1.0128564912741824)
 (-0.87017868060173886,-0.40352874306668374)
 (0.83779549699052458,-1.2041595961541762)
 (1.400563446533267,0.56512176719138985)
 (-0.11156468832593314,1.0636007060866306)
 (0.86567177384225458,-0.31567500679804678)
 (0.21109157700648001,0.39356113719947344)
 (0.24383463003176573,-0.1642870827005343)
 (0.20648251921450075,-0.14044785844119498)
 (-0.13903787619373467,-0.54069101403202324)
 (-0.69505033378109493,1.0045445496709191)
 (0.87926465316633118,0.28972378864397169)
 (0.4747244607241019,-0.69986275936399545)
 (-0.38415302173443178,-0.041114490903904913)
 (-0.077327710023660345,-0.47123205200501272)
 (-0.20245325828908817,0.55513605536366084)
 (0.68506558441180654,-0.88262812119540834)
 (0.63086865899197653,0.32771686411320172)
 (0.21787116020263173,0.36608410697253413)
 (-0.14072959061606369,-0.18027205493948434)
 (-0.44570839369536358,0.081680706570781789)
 (0.15825489947959095,0.30883446322374491)
 (0.2914127506170579,-0.99682138510556095)
 (0.75804416773432037,1.9792452854172145)
 (1.041799771945082,-0.24388033277775814)
 (0.3041846613316439,-0.3737664204949892)
 (0.2558419808718892,-0.81734203267694072)
 (1.0354238992737845,-0.45736390082133499)
 (0.21823859550724667,0.0021499192718196928)
 (-0.4736231270192125,-0.48180216109701079)
 (-0.42659790744448833,-0.030098439028007365)
 (0.35548017801035248,0.037566769727802929)
 (-0.42995422081948131,-0.04930263398176022)
 (0.13371298634979245,-0.037618519267305951)
 (-0.077142626516242305,0.83874405267641439)
 (0.57267728554107222,-0.072893348366029703)
 (-0.90120864838230408,-0.36597915939249259)
 (0.50505269528235741,1.031503971907503)
 (-1.3350196615727019,-0.017792258357673719)
 (0.25330511914116888,0.45535963069273727)
 (0.97781971843154014,0.51196902426908142)
 (-0.2253523244742992,0.78913776084501919)
