# Created by Octave 8.4.0, Thu Dec 11 09:47:21 2025 IST <gamana@Samsung>
# name: rayl
# type: complex matrix
# rows: 2048
# columns: 1
 (0.21970376926658719,0.25925856905086053)
 (-0.27150958039571971,-0.014305487781015383)
 (0.021916252240547898,0.34157478051855705)
 (0.0012807586755281602,0.7858098603233995)
 (0.10883011489992241,1.1931965622200187)
 (0.32429681897466095,0.0096723215556127392)
 (-0.3778189609334906,-0.1158488676523623)
 (-0.82095188784939688,0.17843519466836855)
 (-0.57365691751711301,-0.23299805887468025)
 (0.57720746624841957,-1.1839643906706181)
 (-0.0060759860977758623,1.0536133220848969)
 (-1.1012971868803547,0.47069963594130682)
 (0.7279380029021707,0.24167698738604315)
 (-0.20650638737565899,-0.87673543740261373)
 (0.51262843572660366,-0.15561055226761381)
 (-2.1472930998217428,-0.56659860120935213)
 (-0.030030057696157214,0.29704095570472533)
 (-0.055323671411696078,-0.2501358499432893)
 (-0.47326780171926647,0.64153654653609826)
 (-0.69763868370482573,-0.47373445494130517)
 (-0.79893629089813056,-1.0475165407548059)
 (-1.4765095454523542,-0.34011364838068509)
 (0.57178367605378444,-0.2201796369169747)
 (0.26247092714227743,-0.31799196491328652)
 (0.25431411389985958,0.28326174960414696)
 (-0.67521406857996236,0.26572156959740162)
 (0.63973875975217298,-0.6488422612343967)
 (0.43816091739411162,0.52906059035794528)
 (0.67432605568141923,-0.6561480528055943)
 (-0.88302797130558652,-0.21210335168209102)
 (-0.28944808529918203,0.65918358025423196)
 (-1.019550721214233,-0.70781533400374963)
 (-0.88539999101723987,0.39179577694814144)
 (0.63574330082744834,-1.0603425279217218)
 (0.11560561412974535,-0.37989336934231788)
 (-1.011136983455289,0.14842617478644116)
 (0.72842477228804459,0.16565604637035738)
 (0.51037185050951284,0.36140139616111311)
 (-1.6160810575517808,-0.58289856534050843)
 (-0.1325466807621829,0.062511215011586657)
 (-0.061409681693063857,1.7653446227825911)
 (-1.2576194403969152,-0.6279000366980565)
 (0.47899431823927457,0.52222217400839765)
 (0.7900226339071954,-0.14104711094475331)
 (1.1772370332655113,0.97844564737758755)
 (0.59130672487777369,0.45201210315756868)
 (-1.7546129950206879,0.18100509148246988)
 (-0.95164573481644266,-0.066005035624137523)
 (-0.45459362508633289,-1.0879932684543634)
 (-0.19635502659804163,0.25184821777721628)
 (0.30355828590020362,-1.1011477480986243)
 (-1.6158689031851194,-0.586590219575435)
 (0.50593124540823253,1.3788104167425552)
 (-1.0106328043175457,-0.44018158566749754)
 (0.21121312031306105,0.4802226612657578)
 (0.34527819498578738,-0.22401464901262355)
 (0.025138081695372079,-0.65495614287867077)
 (-0.21384691389170998,-0.069443880922958293)
 (-0.75457079727410303,0.15733747225163616)
 (0.48949399655645703,-0.78255642192208075)
 (-0.40389470853469073,-0.52446018186191679)
 (-0.53988041772961326,-0.61650998827221892)
 (0.055103021860809738,-0.82893656219634182)
 (0.18781408873725183,0.53492696880434809)
 (-1.0409515327010337,0.44264128348571263)
 (0.91955090097010328,1.3508334349678683)
 (0.40457755051865057,-0.51029195651510795)
 (-0.86701628176238088,-1.1198802058496258)
 (-0.33961213905001641,-0.3483538228684413)
 (1.2827252692914535,1.1267546202251639)
 (-0.26734269553992185,0.66935691814497844)
 (-0.49612922202185394,1.185374321157842)
 (-0.41942477858775179,0.0012262784398970989)
 (-0.25602705709231338,0.10256604715332202)
 (0.96815378358838111,-0.015283056809859917)
 (-0.3398301517758035,-0.28972926274879429)
 (-0.77552890210506154,-1.0189766548771297)
 (-0.035282019082885301,-0.64476286216542888)
 (0.025321400499847411,-0.15437988215522361)
 (1.6053389228760533,-0.047542308715088431)
 (0.35451980885508749,-1.2776917313269969)
 (-0.0050509345777190219,0.25845105162839305)
 (0.64660130149801009,-0.39229380401038905)
 (0.050768862181304053,-0.0045641161187082169)
 (0.40365493658182361,-0.3365847326259801)
 (-0.3415981670014267,-1.0281550517382991)
 (-1.0991288563648374,-0.045732730408086064)
 (-0.083527574571623686,-0.9676022140725199)
 (0.7579702661805926,1.5723722390861246)
 (0.38313978835088552,1.6398309054437763)
 (0.13180837839365103,0.40215425927815995)
 (-0.55299662634254443,-1.0137803035357251)
 (0.68448367415802991,0.83611885220318483)
 (-1.233194897435532,0.67590077541056781)
 (1.7479385305364266,-0.47820455447591947)
 (-1.0870731817192547,0.10497811432883196)
 (-0.090035937080745518,0.87620623129600927)
 (-0.10650003317943366,0.65349571320171829)
 (0.21151563112844932,0.9974692639183681)
 (0.96733336952182092,0.59224383341462583)
 (-1.2831744892193544,0.86231287969642967)
 (0.37004532545578722,0.098393019166871917)
 (-0.23464271268506548,0.34787551345441886)
 (-0.77649721388800919,0.56489313152322462)
 (-1.481123965495857,-0.52565013872120203)
 (1.2444129449607055,0.17767095742630343)
 (0.65419497284876671,0.70333526177532835)
 (0.64681770744661538,-1.0406191453154483)
 (0.57654819250847245,-0.34844049827366735)
 (0.018919689992924968,-0.8266306185704172)
 (0.083884382044506961,-0.45022985060859649)
 (0.76798775945972864,-0.73176244330280382)
 (-0.070139501505635152,-0.57860107651176407)
 (-0.1975457280751608,0.31069153432458751)
 (-0.98104626521495109,-0.39890713148424406)
 (0.88133722170880668,0.75994879418643779)
 (0.26699541994768106,0.44062551101451142)
 (0.052719463390469103,0.41623086409873172)
 (0.11038320112803783,-0.24031964032326808)
 (0.48638297892939147,-0.31609994397211932)
 (0.52572734950173394,-0.06349578649071104)
 (0.050616889257766993,0.91549741562661391)
 (-1.0474214969383555,-0.00011541086446284623)
 (-0.28228068165365378,-0.53729053206670396)
 (0.3941794999490813,0.78848942463657445)
 (0.077445086548512718,0.33590356578191738)
 (0.15449999755561766,-0.19788751410164562)
 (0.52762371752049919,0.029309056825508384)
 (0.81039362533524362,1.3009997064016343)
 (-0.54334720084834676,-1.0363263980265136)
 (0.21179751135666,0.31282647262036711)
 (1.2820831893792886,-0.27029082975478508)
 (0.8496447058658837,-0.365813259022294)
 (-0.02738361074367112,-1.1952497339525006)
 (-0.038646778724731476,-0.1329628332910372)
 (1.4918849644266006,-0.7692082084622609)
 (-0.16531015250006464,-0.50951851658307645)
 (0.62381448943088014,-0.097495654463814627)
 (0.40543661028649813,-0.17764283180198018)
 (0.19324031041505649,0.80351443373409781)
 (1.1443204691902096,0.53229365445913157)
 (-0.043898333906545149,0.25289591308344384)
 (-0.14644046703135774,0.45763815660852658)
 (0.25200052760874142,0.55118052654811645)
 (-0.52224911387667716,-0.067909730753067027)
 (0.79208084377721155,1.0158794880113455)
 (-0.42634648330795971,1.6996225478421423)
 (0.60982924804881855,-0.26199248494222388)
 (0.10952511685125943,-0.039957843423992966)
 (0.13846804160629397,-0.019713435574205684)
 (0.073691514021708426,-1.3292311684246811)
 (0.00047739302817561993,0.15071232848953012)
 (-1.1213296920559588,0.24719955815148678)
 (0.25615739541297677,-1.0001396816977992)
 (1.1821708117185705,1.5851172274077525)
 (0.56619916003583703,0.90210118411315388)
 (-0.093831747104119331,0.47022366416853684)
 (-0.25299238917119077,-0.12821760149388431)
 (-0.67007462764298198,-1.6570545428459205)
 (0.23047479106064825,-0.62349907563251605)
 (-0.65317662999092285,1.0225717168042985)
 (1.0795180833526858,0.96859539729012423)
 (-0.0096049071018731117,0.090868769601431629)
 (0.5967361646282624,1.6708955701883303)
 (1.2800546408723863,0.05243685998016321)
 (-1.7049822120452558,0.45662866314628431)
 (0.47579130691256333,-0.0084208679290701839)
 (0.45203323342545337,0.80469612414868508)
 (0.41694712743604584,1.5699469919588651)
 (-0.5260490733345109,0.0075991028869818386)
 (-0.30108420433906152,-0.55874628233916568)
 (-0.10242735585816462,0.4513305957383677)
 (0.58561026070583089,-0.052884646475148199)
 (0.1087703848413599,-0.47301646954801663)
 (0.31929096784108263,0.44381992995357017)
 (0.29273417199856616,0.032079029241044006)
 (0.18066459695404971,-0.64718860437944459)
 (0.80676963526249645,-0.18594724775325053)
 (-0.78129932324260898,-0.34277632687258097)
