# Created by Octave 8.4.0, Thu Dec 11 09:47:20 2025 IST <gamana@Samsung>
# name: rician
# type: complex matrix
# rows: 2048
# columns: 1
 (0.91919638922311164,0.26885011103012557)
 (1.2090531266171336,0.26553102501569009)
 (0.68803427502636516,-0.23538801154736103)
 (0.67244768120217047,-0.23595675323842388)
 (1.2582892165287143,-0.6644097623200661)
 (-0.74678892492487481,0.11009769331959401)
 (-1.5809470921055997,0.15926698960431815)
 (0.95921771476260331,0.083433857950386256)
 (-0.77191645000658504,0.77428328643646149)
 (-0.23449405009540958,0.13803666474598011)
 (-0.98873910727237113,0.20314085385422168)
 (-0.88477880693577315,-0.38391858834588366)
 (0.85761540367491018,0.2431065033898033)
 (-1.5220457408053547,-0.41874806441167678)
 (-1.3510237062380588,-0.14729473981268093)
 (0.95619093895474772,-0.16733584729418643)
 (0.78992298389794557,0.86488819855185795)
 (-0.86568087295759366,-0.39536713592270045)
 (1.6744020207311143,0.86636460856066799)
 (0.83120493520373528,0.090988780285774451)
 (1.0786186901433561,-0.59448822750566999)
 (0.5044612971967426,0.25337500390759582)
 (-0.89060172859846731,-0.35200137037965151)
 (-0.77954599749329201,0.12771941477583676)
 (0.31812005452548808,0.82730532901523057)
 (-0.95687599708991455,-0.0042363061794056583)
 (0.64060516955220048,0.21029223122715632)
 (1.4167250181786963,-0.24566548927778573)
 (-1.0457836479850657,-0.069341232221938567)
 (-0.7073508022510171,-0.53966626977053356)
 (-1.2407356097530799,0.2437863875680909)
 (-1.6847192462842204,0.49494400540038652)
 (0.54612592145920569,0.080653927230967565)
 (1.1442711897302076,-0.40821950279407987)
 (-1.3101284668955737,-0.30100233947899363)
 (0.63488848945230092,-0.55410466418788862)
 (-0.91781845121437988,-0.54000704375787179)
 (1.0830228173124197,-0.37582243327929854)
 (1.3770922320922565,0.32787442283037649)
 (-1.0011934100074342,-0.16084825381171092)
 (-0.89355801862850825,0.78936245793877691)
 (-0.95182181692240153,0.1924630217369058)
 (-0.090764604113910963,0.34683348624896826)
 (1.2817506617974375,-0.53681113553669724)
 (-0.56893251156224078,-0.12817686524412905)
 (1.5035987577657994,-0.08820805115569938)
 (0.39262628704322777,0.33643986168980833)
 (-0.8030578848684915,-0.041116438494914337)
 (-0.77979890939367125,0.03183480162586496)
 (-0.8665106945602763,0.39174164195969219)
 (-1.0379285535821192,-0.077647627706963054)
 (-0.65494806181080389,0.050453296862057379)
 (-0.76618026202348599,0.059070070830848913)
 (-0.75324642806430875,0.87403943986084742)
 (0.59942165249924506,0.056924865244241472)
 (0.60442813930912409,0.60948052507376382)
 (0.95532861462248586,0.0081958845259322722)
 (1.3289507979357345,0.11123144964486983)
 (0.7903224836777436,-0.12072234583762735)
 (0.69082846192701008,-0.18792029962328205)
 (-1.228754305110034,-0.33389632414912174)
 (0.98899621400841131,0.22554101596994469)
 (0.87462825491536056,0.30973090975128725)
 (1.3438534858751516,-0.31063357506408806)
 (-0.23057305051276489,-0.41280212362065932)
 (1.0799025826006088,0.3250197296192896)
 (0.89563421151434663,0.28921584141971507)
 (-0.47695868523342044,0.19755044784451936)
 (0.96770567136946384,0.12205199469269935)
 (0.46142094072174217,0.31468349191295203)
 (0.6962627944021752,0.28296041194222959)
 (-0.80797904130961729,0.082778228877454146)
 (1.6811385689646912,-0.047488561143143163)
 (-0.68459090882044249,-0.23968330692910572)
 (0.52591583293533628,0.015396586697408617)
 (0.66835438427475979,0.18462839281043925)
 (-1.000197471634459,-0.099878454722587204)
 (1.7622457324331262,-0.21557272485046744)
 (0.91924222981792192,-0.31400261674575747)
 (-0.84799706612268666,0.28629967156938285)
 (-0.9306140151504696,0.10999643381836705)
 (0.89133326152415537,-0.22672619201393002)
 (-1.2844178240380462,0.11271783553499679)
 (0.95245315192830438,-0.30611517640565322)
 (1.1906900367597282,-0.098081202004289006)
 (1.1795361537632367,-0.032019316391349507)
 (1.655418530521076,-0.17740521181346153)
 (-1.4267259601210083,0.15886593761915976)
 (-0.95109700789176033,-0.23593596120123964)
 (1.1218418301329798,0.75578801062685508)
 (-0.70383185162609629,-0.074323453155801314)
 (1.118914405268097,-0.38406025642183134)
 (-0.66418697470872856,0.5760354606564605)
 (-1.2421433515109059,-0.15353206643548123)
 (0.99491968243138273,-0.25360716970346375)
 (-0.93326504268733279,0.80854535528920701)
 (1.3590422879488355,0.42167445804991094)
 (0.48541813464919403,-0.45897384161561766)
 (-0.95879448056510086,-0.41017319776619904)
 (0.95021132715893064,-0.20429526884016092)
 (0.31500217998123614,0.41350895886077277)
 (-1.0191143598287111,-0.78343181030489084)
 (1.0702519417439824,-0.06295214675519363)
 (-0.62773809362960842,-0.20820664026592539)
 (1.2355450355050823,-0.32953929627497558)
 (-1.0292135449212807,-0.55427480174247312)
 (0.58958605216308757,0.098697873310430881)
 (0.3950056310527903,-0.10109794456232875)
 (0.77820975040429619,0.10682788953901998)
 (-0.91708477232893348,0.45081468134198177)
 (0.74693679225772014,0.27631618218914067)
 (-1.0145833984971073,-0.47669165060746777)
 (0.23282581638929023,0.3550976206693312)
 (-1.5217141491099291,-0.57692106187878911)
 (-0.7448407114502883,-0.79385276511364888)
 (1.4966441587155817,0.20333872451186968)
 (-0.32300535385465567,-0.29616919266264868)
 (-0.69303865648926855,-0.52745922456992778)
 (1.0211419985855554,0.01381921235760291)
 (-0.8355832436186077,0.4834291398726176)
 (-0.69220608926615679,0.11556303610729514)
 (0.94331142759385134,0.16673161784620535)
 (0.79847485287556696,0.5867099159908119)
 (1.1022903067001695,-0.12658731218171754)
 (-1.3434251079384605,0.55632315788745956)
 (-1.1292119317848939,0.55164734709623486)
 (-1.044121530415105,-0.087560257567030897)
 (0.91336851645635453,-0.046803257567661398)
 (0.99610968671777667,0.17460750271519884)
 (1.1123627479365463,-0.21892647336830304)
 (-1.0169238771258082,0.60687560935078144)
 (-1.0223002823835343,-0.43613604172902376)
 (0.60533878852155409,0.03553053827777107)
 (1.2540793424704291,0.98563486057809857)
 (-0.094696940582240541,-0.38739673970159166)
 (1.2902823921662754,-0.27531670261081786)
 (1.347942246819654,-0.50672363506989393)
 (0.57185432912308787,0.27726467626767459)
 (-0.51038336894593717,-0.39291994411650188)
 (0.52471337546257391,0.10694866049098831)
 (0.97011845282295073,-0.62319461985945312)
 (0.384335319435331,0.58031459781829176)
 (-0.83785436922667744,-0.10663516527164005)
 (0.97317268927319001,0.15678611832064498)
 (-0.49394023076265114,-0.23559148604554783)
 (-1.2325916882858683,0.13267878483367565)
 (0.74594900956589882,0.0099137332454813324)
 (1.2528317637363608,-0.25560174772751804)
 (0.94840527741970815,-0.090057049223476321)
 (-0.76747359945979809,-0.0010843937300256898)
 (0.40153812272949019,0.080547883167812015)
 (0.55602187563505445,0.53209568988627576)
 (0.96278770425167959,0.27904083946291158)
 (-1.6031023616100835,-0.19970510043759593)
 (-0.63368199117567814,-0.18344532183825521)
 (1.3447295376313513,-0.50988744620166448)
 (1.4406344301617235,0.54256858411837494)
 (-0.49708247420548751,-0.39451575482172085)
 (-0.74030880622937945,0.27692190577208781)
 (0.52279030496394474,0.21878035856072395)
 (0.48585052082157099,0.12421354465680698)
 (-0.60620381800119683,0.4041891656182483)
 (0.68939941814713301,0.33179607973545666)
 (1.1182435858674937,-0.019874909849478681)
 (0.91534353498454724,-0.34905871762639462)
 (0.20927827613468963,-0.062352553243058426)
 (-0.56883676350008328,0.10223593431198205)
 (0.79621671758442303,0.15488728188979492)
 (1.2230252246894306,0.010721310967017696)
 (0.3571129148569806,0.51766075536376521)
 (-1.0172201636892795,0.31259143684758517)
 (0.67500059227371323,0.015752856373486612)
 (0.99501978366825017,0.37822963721655312)
 (1.0490975606539961,-0.097898206922992559)
 (0.87768412161940534,-0.05071905846195289)
 (-0.56317922403595211,-0.29597827627970669)
 (-0.27733899910828663,0.31549980823597856)
 (0.69429888759989833,0.38870650694963077)
 (0.85836496437587151,-0.27415662663479784)
 (-1.2998630978913728,0.29029772873342308)
