# Created by Octave 8.4.0, Thu Dec 11 09:47:20 2025 IST <gamana@Samsung>
# name: rayl
# type: complex matrix
# rows: 2048
# columns: 1
 (0.52090516770557682,-0.73421303421899409)
 (0.88790415086991514,-1.4394876382071071)
 (0.74682608589193478,-0.01517996398382329)
 (-0.53591067483547439,-0.51250651698663019)
 (-0.075056860315667273,-0.82415499112042856)
 (0.48725528909613824,1.1026878456469411)
 (-0.43950784996687553,-0.16630998392996352)
 (-0.16097720002776861,-0.083223218127370005)
 (0.1881451360983615,-0.036324693281271803)
 (0.62645116064028283,-0.23245557443431633)
 (1.0170741024319598,-0.84092060619281139)
 (-0.63075241719671038,0.57967374056205501)
 (-0.61840352546430277,-0.35607476305120994)
 (-0.72894713955819779,-0.42957983856878262)
 (0.1530979837478387,-0.28795903196032419)
 (-0.13083734095725494,-0.46140253582652008)
 (-0.27926139696263574,-1.0614466025929632)
 (-0.48420909252542799,0.43749220658746774)
 (-0.77710009082809628,-0.66453392255766852)
 (0.9061389821898882,0.41601094852183179)
 (-0.45558329029743028,1.4355803892920764)
 (1.1601659559055031,0.24701675063630987)
 (0.76631260289137415,-0.025065088217806456)
 (-0.35260892069174132,-0.65011996153606055)
 (-1.2271298099694601,-0.14535897015759591)
 (0.63634819414169463,-0.44117807607464909)
 (0.12672068799018102,-0.26328360403318357)
 (0.30246846587973225,-1.0613956006178606)
 (0.29418409443215388,0.18332164988164901)
 (-0.70979937774088742,-0.5071486627982531)
 (-0.70804759399728967,0.21191569584414333)
 (0.70992059119076978,0.50204814159914202)
 (0.39420703136194024,0.031514577125338672)
 (0.21940934283813485,0.29676344656342563)
 (0.61464723177889669,-0.85979075642113256)
 (0.43778876586626747,-0.59677667300134807)
 (0.46643614094836855,-0.59755065469556112)
 (0.11541126464471374,0.21177701216437647)
 (-1.4642974849164996,1.5836268493786747)
 (-0.45292342930125667,-0.2719995602243836)
 (-0.10076501999652406,-0.27931108023395718)
 (0.074708427576676409,-0.46339184898144237)
 (0.28204429715141605,0.18684898920900272)
 (0.71740433227946532,0.23695819600824491)
 (-2.4405359197405216,0.73242722376065195)
 (-0.16861443437647311,-0.46558989325305217)
 (-1.0437925510236976,-0.83017713226980083)
 (-0.55661426215462551,-0.55895250457555545)
 (-0.23225202793780378,0.18395905534954496)
 (0.2410397795719027,-0.97364680612027021)
 (0.14882250006010431,1.1905623820685352)
 (-0.4597561301651637,1.0663876308147924)
 (0.9331058582720726,-0.0055372525102935985)
 (0.5287657783607117,-0.76397199762302526)
 (0.054745398663778706,0.42350406578068328)
 (-0.0482204846677486,-1.2235928906194251)
 (0.80140771723238724,0.3571624882591547)
 (0.36067953513334589,-1.3992332013410607)
 (-0.98970958708180845,0.10674505259624514)
 (0.19006408174317374,0.28252775825905618)
 (-1.219902324327264,-0.61423943358328792)
 (-0.6637874488464276,-0.005647625827660754)
 (0.62329584172199826,-0.26970865911404024)
 (0.57279298785378885,-0.081892917023395101)
 (-0.28066331276936957,-0.73091155706353439)
 (0.38728803396959394,0.31448305174356983)
 (-0.34652994803691484,0.86613002344965029)
 (0.32917783531002098,0.67866042178914021)
 (0.10083296775203257,-0.081895406460495604)
 (1.5449650529657146,0.56549867400293241)
 (0.77173262395815001,-0.45626639517601347)
 (0.45419284442968305,-0.19594895447985328)
 (-0.8558357025329858,0.02671282887421636)
 (0.75112831019440884,0.22691665268883446)
 (0.48157389652214971,-0.10252907305550647)
 (-0.22255594675711046,-0.51791042183666391)
 (0.93004895217976835,-0.36464727258516066)
 (-0.11166532488010444,-0.20622815768975972)
 (0.36573082756213021,0.47906984006454245)
 (-0.28272308933146884,0.62233414315483249)
 (0.65283641984649043,0.23538730473369859)
 (0.068961492502985722,-0.37355522656818779)
 (-0.16757974605671525,1.1747016555515868)
 (-0.68709703598786331,0.51684008817185145)
 (0.45238616831899375,0.054186929723988683)
 (-0.62888300003326802,-2.1892456482567382)
 (0.34624062236384878,-0.25264476480548509)
 (-0.13698589472796507,0.42397385783218261)
 (-0.2618414454266188,0.92057383789202674)
 (-0.087141026623407711,-0.42797572469596989)
 (-1.0857111239614146,0.81642057658104961)
 (0.42097467816298739,0.55791346393681041)
 (-0.64146948558672146,-0.82071820462361256)
 (-0.18334776989711915,1.7706410595810786)
 (0.20778815433086187,0.087813589555471652)
 (0.13765476914810976,0.27907480988136529)
 (1.1613623724923376,0.3952932939344615)
 (-0.24172306229180743,0.041878318075290882)
 (-0.2656005810075196,-0.67139662108310461)
 (-0.23245365254700723,-0.30795701537105324)
 (-0.57679400412206838,0.142424448153849)
 (0.058292906619447867,-0.06232697705042816)
 (-0.5248391840705815,-0.1695889760210636)
 (0.37735913986648006,0.48361971308013779)
 (-0.44109558329643112,0.46272788093549316)
 (-0.11197563863982608,0.23675417311585148)
 (0.3633909556001067,0.40806118892251364)
 (0.037108222607485135,0.36366473959371731)
 (-0.22242390704135864,-0.75296107476613805)
 (0.65041074482344197,1.834035180366473)
 (0.40387731984203618,0.66722439411964884)
 (0.60553730822059326,-0.030977341661874561)
 (1.2347914126378965,0.33183333085442546)
 (0.33894482507184526,-0.66325841863093071)
 (0.76884270626117046,-0.01326561118539021)
 (0.045780275176811006,-1.0204928790285179)
 (-0.87755127196333949,0.67711866972632884)
 (-0.88291658204776524,0.24683001015242814)
 (-0.049634485023473618,-0.52509674884559487)
 (0.65785892535017598,1.3240470409740204)
 (0.62982650537835838,-1.0833137243431024)
 (-0.037855962598103192,-1.3681273759252197)
 (0.12739128254691634,-0.11155605183158936)
 (0.038921673198167014,0.42131687360403136)
 (0.57489510275350098,0.57129965465658517)
 (0.728356883516321,0.90017453445722639)
 (-0.006153351317586357,1.1056969444520339)
 (-0.36359972969811072,0.038801925246954035)
 (0.63976324344916191,0.14752888033338721)
 (0.80652140490331503,0.87446816151192786)
 (-0.37450662572681981,-1.0585409706971745)
 (1.0703253927822931,1.3052024024168012)
 (-1.8410294331958199,-0.85123880768019189)
 (0.33764776820796399,-0.5045836697586924)
 (-0.37568155480972398,-0.087390088568277777)
 (0.6887933789941697,-0.42214979186746454)
 (0.39554001552866491,-0.43181890175208126)
 (-0.69986838039331878,-1.004762507112112)
 (-0.19886249478706658,0.034950896480007647)
 (0.49953667843306115,0.86848304308148394)
 (-1.3167593765007057,-1.0172870038759372)
 (-0.14271250746396985,-0.46969007911829946)
 (0.41761399837147251,-0.26193953307953594)
 (-0.71444356127777231,0.13433900381886851)
 (-0.69742646236651096,0.62142937076891036)
 (-1.3522438638794598,1.3329864028061684)
 (-0.19567470468270776,-0.43135916138897151)
 (-0.09661563526803886,-0.40610884398194191)
 (-0.56013522288094109,-0.090482975922715675)
 (0.17426989809884161,0.53573993272436715)
 (0.92780266575230075,-0.76250157528971152)
 (-0.41963002675104655,0.61181029726421632)
 (-0.15123606327996755,-0.65244704587506641)
 (0.53081149183232623,0.86542841677383331)
 (-0.40733158243149192,-1.0030721648578713)
 (0.49642729171296374,-1.170312566339059)
 (0.38867304116409446,-0.66289991462649211)
 (0.34868671570719045,0.062038636127218508)
 (1.2248993843398261,-0.059237663712708027)
 (-0.39963537606584409,-0.4045119949937469)
 (-0.16470031953768677,-0.67605288857047452)
 (-0.79424239891885728,0.48321693237556979)
 (-0.10230432602031375,-1.0674668149342375)
 (-1.3514360558536556,-0.32323522370079993)
 (-1.0942263785294162,0.027477107393555283)
 (0.99993840728931971,0.70947617155987874)
 (-0.32427440199497476,-0.62645835128305583)
 (0.73528372100455186,0.12068037399248546)
 (1.0144361997298763,1.3178565448688762)
 (0.94856045419784996,0.5066724979709788)
 (-1.0775150969989988,1.3637901470087399)
 (0.11710458389732165,-1.2748176142714613)
 (-0.49085498084676626,0.6251222236927344)
 (-0.15164937296647549,-0.2073409210558407)
 (-0.36901458381489866,-1.0644601991817899)
 (-0.059596502495664824,0.17040745741491847)
 (-0.36365417333133804,0.81354951596308989)
 (1.299825745183256,0.21155293012794574)
 (-0.34448354989199292,1.592074571597591)
