# Created by Octave 8.4.0, Thu Dec 11 09:47:20 2025 IST <gamana@Samsung>
# name: rician
# type: complex matrix
# rows: 2048
# columns: 1
 (1.1000787313120601,-0.24793298048960782)
 (0.78172858076704133,0.23702907588682079)
 (0.46121798712866502,0.0097013626115774257)
 (-0.11833396057835743,0.075814877238479475)
 (-0.47666829160630797,-0.22324768218248803)
 (-0.31306792870206979,0.041515253315122812)
 (0.88740395259853644,0.096584572542589855)
 (1.1816454986930864,0.59727274180674894)
 (1.2972644978767076,-0.071161228520286113)
 (-0.39428951937121515,-0.4936007819374329)
 (-0.60230915040228905,0.2205618416961394)
 (-0.73215971373660182,0.042069805596118837)
 (0.74214366862542946,0.12308663513043502)
 (0.36705044094436212,0.19694195560936881)
 (-0.95046797876168865,0.54146451687321095)
 (1.0166531357912425,0.022674795410061399)
 (-1.3582409869131233,0.41664480175912955)
 (-0.6442044827591451,0.33107863851416297)
 (-0.82504877632244988,0.11585359629228814)
 (-0.96970605684506062,-0.42731313962264056)
 (0.67847856898711445,0.25867659569292634)
 (1.0783263365339482,0.10498477511778107)
 (-0.99490627784958074,0.14469660255540412)
 (-0.91152895887837715,0.18457996682057118)
 (0.91171470559532086,0.35336706530796602)
 (0.050286066168396149,-0.16424633858764567)
 (0.74549072321285403,-0.28455751019805897)
 (0.85832839106832093,0.63231938730041437)
 (1.1268230878612886,-0.086985001960061648)
 (-1.0009572653116814,-0.13253626489658094)
 (1.1076110119218159,0.26676339729103637)
 (0.268499438441963,0.15114661109770383)
 (-0.67316514657795457,0.056326526113787495)
 (-0.86246868655125419,-0.27806648995116812)
 (-0.80817407406054542,0.33338411023328091)
 (-0.53086414645430635,0.16585478374874463)
 (1.2436914487565547,0.14637476360382465)
 (-0.46966305901573041,-0.46874754117502948)
 (0.93541907025806981,0.10491425687006924)
 (1.0367983048515859,0.22047649910907108)
 (1.2197850563545729,-0.69400183963293238)
 (-0.97908637292944922,-0.62211219577368082)
 (0.87562178857013739,-0.13481522618263181)
 (1.0254406088417554,0.56944988162637034)
 (0.80726101400078643,0.33301270936281724)
 (1.36351515652537,0.24926597103120651)
 (-0.70228491193146902,0.41780643941151152)
 (-0.28261612549603776,-0.56850916588923317)
 (0.9015344721948978,-0.17017540486597565)
 (1.2750083286777683,-0.7005523817471756)
 (-1.6214114341012973,0.20151829463760604)
 (1.3437742307597855,0.29952774088085732)
 (0.84707457026805466,-0.019647991921970327)
 (-0.54342189254311957,0.36698943506130982)
 (-1.1240887393722754,-0.057939513188255125)
 (0.34202535126535816,-0.007316925702611778)
 (0.70051713741393662,-0.58662906689877636)
 (1.0691425696065717,-0.37254742078089448)
 (-1.0417320137783961,0.35040711472451364)
 (-0.84561532478369139,-0.49103642603809805)
 (-0.48722265145454458,-0.11193505073489367)
 (0.34178090215289625,0.45005693404411523)
 (-0.68002435046433773,0.25784207065874265)
 (0.69078886556278718,-0.10412803436218611)
 (-0.43477541408106529,-0.063405700814921556)
 (0.37754373491657767,0.29197311558856803)
 (-0.57107172958858976,-0.27302108404239062)
 (-0.87001709351508472,0.33493858024955236)
 (-0.83982330504820835,-0.27800308871756907)
 (-1.1166948923447113,0.23128007430419112)
 (1.430594935015217,-0.025859391745436257)
 (0.77522646014189045,-0.11878822449049091)
 (-0.99359150209200708,0.035967514524105855)
 (0.88999155935997143,-0.24994796983006015)
 (0.63876535831815251,0.46472691463666171)
 (0.85602269765722283,0.14215449899997812)
 (-0.65259966293623051,-0.04962752249476346)
 (-0.3887319897640592,0.033451080965753346)
 (-1.2001846347478469,-0.69829163631409519)
 (1.6903097703958023,0.23582148103444134)
 (-0.91641799576931493,0.31351054845433007)
 (0.072322552499070381,-0.015075624877569705)
 (-0.41163157068942141,0.19276603367624556)
 (1.0105778474458214,0.094625829229620387)
 (1.0835989354192697,-0.0228935079967406)
 (-1.1609158313273189,0.16252641198674378)
 (-0.88573518213889968,-0.078386049488057927)
 (1.4357261809551281,-0.28214121029792394)
 (1.0689695772495758,0.02261734353101634)
 (1.1087547377679559,0.048211428254479403)
 (-1.2345163325894655,0.61047117955217911)
 (1.0290278651578879,-0.019111156261394355)
 (-1.2586563310156866,-0.10969865332080979)
 (-0.9987926607202724,0.090142314468320189)
 (-1.3290140489806421,-0.022464306196408733)
 (-0.56490343737256821,0.28436395163943401)
 (0.86442414924691813,0.4011668517604256)
 (0.96437101175973605,0.51272164507076778)
 (1.6031495345015074,0.063796085237466493)
 (0.82434623816760133,-0.010436901359121984)
 (0.93479153712316698,0.0034744927090228019)
 (-1.8775531235793335,-0.042917286256319652)
 (1.6528676911601421,0.2094163229046119)
 (0.78847679407909943,0.45932047063268217)
 (1.1606185547488235,0.29497180296308229)
 (-1.721169714099434,-0.54677963975033406)
 (-0.77126352260377473,-0.038788673210978793)
 (-0.51265015578919193,0.96236232441521807)
 (0.13569139587980061,-0.35887806896803498)
 (1.3841458592835325,0.11662949579434867)
 (1.1018565402090588,-0.33820429504058042)
 (1.0485177788424949,-0.51225097666901842)
 (-0.73634704635657977,0.76648367817054797)
 (0.58655710118081172,-0.027819688242519073)
 (-0.38617798628284683,-0.37118496423010156)
 (1.2014493493685106,0.11075023311964581)
 (0.58051963930950345,-0.07110476952676327)
 (0.7429404834427783,0.26390405024626451)
 (0.42719622517901568,0.085379728758922788)
 (1.1206476811062176,0.58213416434108933)
 (1.1157503233094761,-0.33610091546796989)
 (0.77231984347014571,0.058387502262990477)
 (-1.0507011318135178,-0.21994044969798546)
 (-0.97633925789660825,-0.34178550869681562)
 (-0.99405954764317217,0.22840385487723322)
 (-0.66978318526939762,-0.23098159440413338)
 (1.0479603395777919,0.25168025810570249)
 (0.92417417528223911,-0.097772073470389659)
 (0.97862558858542248,-0.44456309290540913)
 (1.2946960995204102,0.1017181956068236)
 (-1.636811155262095,0.93474793706773307)
 (0.38208226180658833,0.6589560454515605)
 (0.72362983480843812,0.6245243851845953)
 (-0.29966508188649466,0.3885760749138335)
 (-0.64210156236736604,0.30246445978564807)
 (0.1946202383892166,0.3308259421311614)
 (-0.57829085293842275,0.42709971917576595)
 (-1.9693164457414523,-0.33919561580285673)
 (0.57109489256485579,0.12949359839151542)
 (1.146736538546306,-0.040727176929148214)
 (-0.47055219062212106,0.1530909252718716)
 (0.89819154670410506,0.24695556639959879)
 (-1.3741015516554158,-0.32591742956653696)
 (0.33102483444706121,0.77352910619363369)
 (0.9701586912701835,0.081505964562379588)
 (-1.4210983390138421,-0.12563413691710537)
 (0.44829257425201707,0.44629289522735954)
 (0.80870698504314609,-0.17166213839143887)
 (-0.96383392433334569,-0.31829299251504201)
 (-1.0356686343501817,-0.32552130460340639)
 (-1.3100708267743175,0.18067305949769166)
 (-0.93350821354496094,0.17620265395399315)
 (0.95843766029632549,-0.079801917290580268)
 (-0.73233896331247239,0.02603486382241257)
 (0.97281096037218173,-0.014775522578354254)
 (0.46901113485431112,-0.14081201392444415)
 (0.58846660868136347,0.068952756477496616)
 (1.1459166272431538,-0.21666350413926874)
 (1.2763473812551764,-0.2647046474397981)
 (1.3998578743892347,-0.49959672229167179)
 (0.6261950252145263,-0.087849704375377077)
 (0.7314262009866378,-0.44312711026993168)
 (1.2627223587591438,0.11167576524891128)
 (-0.76772407597097714,0.048876870226750718)
 (0.70388185395071501,-0.65999666696392612)
 (-0.77198951152729645,0.025625287652702979)
 (-0.62159810112178304,0.33706224840106541)
 (1.4971572016946451,0.84149010071361396)
 (0.71970367712604955,-0.51732613886676349)
 (-1.187031455221929,0.05502242866994244)
 (-0.25208023772251731,-0.28574638351078507)
 (1.0729696573718503,-0.08645121086107696)
 (-0.92491779112641914,0.090712967821730689)
 (-0.52034681515072811,0.1216508910192364)
 (-1.2485926271437546,-0.2251956300602887)
 (-0.11727586287513703,0.10761151450979115)
 (-0.85477682737661098,0.61111035563314253)
 (0.91935180651484538,-0.081815353055167211)
 (-1.1613291730333761,0.51196268095018294)
 (-0.49850811075505097,0.86984064030323338)
