# Created by Octave 8.4.0, Thu Dec 11 09:47:20 2025 IST <gamana@Samsung>
# name: rician
# type: complex matrix
# rows: 2048
# columns: 1
 (-0.067230349827673175,-0.18348970232460646)
 (-0.72810750411480218,0.1321419501734527)
 (0.98689640145268698,0.12058282334085689)
 (-0.64064621203609295,-0.64400777530834896)
 (0.65288499867557137,0.065035573216041254)
 (-0.80975892240757064,-0.6122044243193836)
 (-1.0567068199099499,-0.27402063350523953)
 (-0.79486403336147016,-0.063370947898357122)
 (0.8897485875353669,0.51733491808228027)
 (-1.1252524473670686,0.080610457989218551)
 (0.49363898159399772,-0.31979861973052814)
 (-0.79650772550771665,0.32453795648714534)
 (-0.79792855665287377,-0.23395422076656805)
 (0.74795139166627722,-0.26458798316445531)
 (-1.7174886944486003,-0.62071220311344999)
 (0.88518054724200279,0.69468739122460754)
 (0.054957112631480398,-0.84543941150491786)
 (1.322817220899257,0.079813604640834021)
 (0.87839027527693569,-0.095839222465361848)
 (-0.7307036813457739,-0.38007023016802904)
 (0.93938665790604814,-0.087858328320247286)
 (-1.1346609844568498,0.64496919101575867)
 (-1.3346127721087857,0.56253339297878135)
 (0.46192712567733274,-0.42366498658932478)
 (-1.0927180774206857,0.35960670410744566)
 (-0.99706479603942944,-0.33032404818784106)
 (-1.0672032604503146,0.21407908954740076)
 (-0.57827682460203667,0.55662517588945915)
 (0.84387703722867269,0.31655596929494229)
 (-0.61695240587582245,0.0030369946394911283)
 (-0.76774067920129863,-0.14016916876033361)
 (-0.40830563332657915,-0.7129665112929644)
 (0.77295569126347385,0.114313248607329)
 (1.498150547017989,0.39299444851826681)
 (-0.98418096540630451,-0.35960170994295498)
 (-1.1359005779359999,0.12224423263739399)
 (-0.72851058500167953,-0.43941071968444406)
 (0.63550384383731739,-0.69774960287382803)
 (-1.6807298457525173,-0.60923418089614856)
 (0.87796256543945983,0.2942923070225974)
 (0.16449064164326277,-0.10928179116985086)
 (0.9979783977460519,0.22287207430233161)
 (0.81526647041002576,0.31173771537949735)
 (1.1853240613959659,0.39039911789485165)
 (0.70778237548711409,0.024916691119328999)
 (0.82907132819400675,0.048424401576205499)
 (-1.2869037148692819,0.087232974027924834)
 (1.5169545482845583,0.13891171513549111)
 (-0.53454276957752445,0.61946994369455488)
 (1.2314247967483865,0.23104825199897744)
 (-0.31048977564431135,-0.16710010336803299)
 (0.67710357307831459,-0.29192253725262601)
 (1.628924982091875,0.10111683729261772)
 (-0.61323919146815498,0.088703834163339879)
 (-0.86884543316675766,0.28911952786525646)
 (-1.1467532541009684,0.258544830771965)
 (-0.44923949991429429,-0.11474415253424013)
 (-1.2345274287364478,-0.28015267386475112)
 (-0.91534240707923742,-0.26142925569144942)
 (-0.68081540951180863,0.60825901422798678)
 (0.78146671807482715,-0.44294440887257003)
 (-1.1385499528802441,0.10427917366446333)
 (1.1047309940419876,-0.49441862624604993)
 (-0.70166298329099408,-0.52192374330557278)
 (1.0076305987548941,0.47084419411014033)
 (-0.80259174290807722,-0.4543629204381574)
 (-0.79936932607637345,-0.36876494960612466)
 (-0.065717509543218977,-0.22356632719795622)
 (1.2786647117846104,-0.26970952423873157)
 (-0.45364847701270267,0.80965173567181292)
 (-0.93909438899228403,0.14945054866772478)
 (0.55494879088301641,0.16232905472838272)
 (0.75486566883439687,-0.1806596322650425)
 (-0.86885674976080696,0.054154446600374793)
 (1.3082940606450122,0.30375587703268864)
 (-0.81009627054750588,-0.079182681538604388)
 (-0.73157507176712988,-0.6133385441147241)
 (0.51333605327290033,0.044713836470069608)
 (-0.55359772229410975,-0.29204355276255006)
 (-0.73505565559141528,-0.27253618501551802)
 (0.95738946172249839,0.012058100127469386)
 (-1.1936101362871916,-0.21493695059240153)
 (0.53285955686397468,-0.48657964340436327)
 (1.0998670520174361,-0.044651251409741105)
 (-0.91417371844814366,0.0057512496197564536)
 (0.49340416186131919,0.005538306023870794)
 (0.97318524093572079,-0.14715615032770324)
 (-0.39884621285756933,0.17956264409954298)
 (0.94008798009702432,0.27691678012333554)
 (-0.74266876065727971,0.1378350528794976)
 (-1.0539368074675564,-0.22326061311596768)
 (0.67060759146904703,0.46419207340573648)
 (-0.79345734170684135,0.61590511376345347)
 (0.41953665937726936,-0.074105035019104093)
 (-0.53332747791303237,-0.045665581248539353)
 (-0.82542503492998054,0.14686963185102017)
 (0.97034358708792146,0.41197427890087418)
 (-0.95963721889420017,-0.11341893199990076)
 (-0.86141505834865162,0.09319544559167986)
 (-1.0896925393329218,0.087643433666170098)
 (-1.5404410171241762,-0.0068750792955570893)
 (-0.46519838808631092,-0.021465499265779689)
 (0.9485244514234934,0.25719778803516252)
 (-0.072932238468500499,0.062245310240462787)
 (0.44089662534059987,-0.055238230758208363)
 (-0.25453689938805268,-0.2272888779358706)
 (0.73541521296669143,0.37837835144867604)
 (0.32490191419227477,0.11622876839422595)
 (-0.50030876914990752,-0.12189452732420022)
 (-0.58279508860546847,-0.018901173749186647)
 (0.52365698298110264,-0.061350063910985575)
 (-1.1715685649081535,-0.097356139415933782)
 (0.61054466942331875,0.013942176090020525)
 (-1.1123364010590218,0.13196763576717682)
 (-1.1331823140987152,-0.13643617396831934)
 (-0.60665836267373763,-0.45402450947550949)
 (-0.97766476491021481,0.30184788986771305)
 (0.77811482150628164,0.05281718928121315)
 (1.2706108052288392,0.2928350378732823)
 (0.6074160024959423,-0.13679476467191226)
 (0.65052226585521733,0.41144278728117045)
 (1.3447699822826056,0.20253051227723234)
 (0.70019717080100086,-0.22496787156202042)
 (-1.011939838821357,0.20994805959571178)
 (1.768646675150352,-0.25565736148397938)
 (0.85386438014529953,0.60974360272596828)
 (1.4347335765353315,-0.30326301985789028)
 (0.029441747543607399,-0.085960964495178316)
 (-0.98877102355762525,-0.24574434496855352)
 (-0.82326703284754121,0.4024163451301942)
 (-0.20941980688270179,0.38455810446885508)
 (0.79769557731626695,-0.71926005793943271)
 (-0.3199444684086552,-0.10975901111021603)
 (0.85140316052317933,0.019100792471945485)
 (0.84472703749896449,0.16273120613905356)
 (-0.68825162946378771,0.0023232181701585866)
 (1.2124078044258293,-0.78225648096272793)
 (0.62987799779098474,-0.56326094665341897)
 (-1.2402171210691764,0.37410906990939713)
 (-0.22155474012964538,-0.62697832053777025)
 (1.170672500750481,0.53012156024074286)
 (0.97387470170692958,-0.032187204737598882)
 (-1.1347703324974947,0.82181880270012619)
 (-0.53289743471549089,0.44624881949529366)
 (-0.05363520079918116,-0.1219440842707009)
 (-1.3642078616625715,0.19747020092568057)
 (0.75851592636648679,0.070109299753753643)
 (-0.86216783051984958,-0.24476178485085531)
 (0.75926769625058443,-0.11971322139993403)
 (-1.1871065754772929,-0.97381374202948889)
 (1.1758675641106102,0.12468500126683943)
 (-0.41658494928400353,0.11952566933667613)
 (-0.60288554760063384,0.077013979176878952)
 (1.0080618015833036,0.13344267497655199)
 (-0.77253947778380994,0.75850917719348376)
 (1.0370299629700099,-0.1168844843813019)
 (-1.4135710292423147,0.48332676779002265)
 (0.87437315608209454,-0.21081935951313924)
 (-0.67570164280248779,-0.16790128642457428)
 (-0.63652179984797264,-0.29815524040023028)
 (0.2675212551268713,-0.21508339058060949)
 (-1.2711959820566265,-0.44933725350867726)
 (0.9574427243736533,0.24515076022906745)
 (-1.4590996820310937,0.26466499371062374)
 (0.83884523772725161,-0.13504171304713528)
 (0.74805936464423439,-0.2938810350266019)
 (-0.33092022955974509,0.6221169789889186)
 (1.0370556939344096,-0.16293115869387331)
 (-1.1817511719969405,0.1153815151649655)
 (-0.87352310050827109,0.15174530527503893)
 (1.2777277339758082,-0.20965939134644548)
 (-0.62997348661058461,0.39911404813580914)
 (0.30981513761738311,-0.34143220965384946)
 (0.61414270797147186,0.27629311116944988)
 (0.43858154609101163,0.067188727352465422)
 (-1.3326870801683108,0.33694012936447343)
 (0.81974985207081619,-0.11160121188093802)
 (1.064819065679921,-0.4277857679992636)
 (0.74816263462465737,-0.98978477094190842)
