# Created by Octave 8.4.0, Thu Dec 11 09:47:20 2025 IST <gamana@Samsung>
# name: awgn20
# type: complex matrix
# rows: 2048
# columns: 1
 (-1.0152092460238993,-0.066278631235165947)
 (0.99037308504396016,0.012808722294714071)
 (0.99808641501396256,0.094564052448206218)
 (-1.0405367487409571,-0.054428308673966343)
 (0.9633178971080919,0.11756423577432554)
 (-0.99282286339657577,-0.069225055328551319)
 (-1.0583758195014101,-0.17397549295937301)
 (-1.1254418349635957,-0.028415286837186988)
 (-0.9553925444957998,0.053319292407044229)
 (0.99332200637074064,-0.047625655714422184)
 (-0.99586424521563799,-0.00033803555412673591)
 (-0.95365778097036424,-0.12111185677137096)
 (-1.0160543366400046,-0.018525118298957189)
 (-1.0914489568585017,0.058833971152848476)
 (0.9092516408632636,0.22166414324131944)
 (-0.87401732479102912,-0.056954252995210342)
 (0.95790520739007556,0.051260065794848986)
 (-1.01710279076711,0.072912869347646334)
 (1.0139254534760902,0.082403290042013078)
 (0.96203417860927742,0.085690233712711283)
 (-0.88313908386771744,0.10275766820677484)
 (-1.1377024801447297,-0.01180390590446834)
 (-0.90624416789402651,0.056399046318305092)
 (-0.97872444337761921,0.16845059007235202)
 (-0.9162596799286078,-0.035902969545969741)
 (-0.95353770203759991,-0.011719635806193444)
 (0.92218302599336677,0.0054769404580709766)
 (0.9804357808693549,0.14409710177500543)
 (1.0848009648713239,-0.045551274895687249)
 (1.0319219542825575,-0.032040011946088701)
 (0.90289836432773618,0.16390733683405331)
 (1.0433870840867621,-0.010053430673008486)
 (-1.1243453151018608,-0.094713999128276841)
 (-0.91935014067546839,0.030041182502849952)
 (-1.0261329374356243,0.1940656912776392)
 (-1.0798386247003595,-0.026582077047963067)
 (-0.87708270431676327,-0.084025722234545505)
 (1.0798937037086309,-0.031028185585440404)
 (-0.96327305380372164,0.072973122701461043)
 (1.1481962295855721,0.021769251763232609)
 (-1.1247081243236958,0.093733882958716624)
 (-1.0088378961269835,0.07189911185135088)
 (-1.0052472130284436,0.049523279035046046)
 (0.99425096973203075,0.050774758747191763)
 (-0.99049447822315229,-0.038809934440529749)
 (0.92322776294214048,-0.075646612827396889)
 (1.0368290602851593,-0.082189106016387251)
 (-1.0340791665969071,0.021259273133458094)
 (1.0513856865045113,-0.089922617806491953)
 (1.1058079756043364,-0.049679702474522518)
 (-1.1100276939494917,-0.045363680254128645)
 (0.8658022211291273,-0.044934226211574078)
 (-1.0629912352356166,0.06776338821943037)
 (1.0061755292312733,-0.11410245198012839)
 (-1.034760292626012,0.0077260531294272841)
 (-0.95973171548926439,0.019312672735213861)
 (-1.0245764944305482,0.048366785283020526)
 (0.97676376592557512,-0.034521155071436854)
 (-0.84844863105676294,0.081559615101224281)
 (-1.0057241054207779,0.017847377370756749)
 (-1.004630717260879,-0.00080042985112161239)
 (-0.97924534683979059,0.0093602099923211311)
 (-1.1195168714474926,0.12822610373360613)
 (-0.92137380009031755,0.014649854083413209)
 (0.9410140607449069,-0.14900617322129736)
 (-1.0452866583407687,-0.11178871069958224)
 (1.0020510671422715,0.094343433617788991)
 (1.104582666518809,0.041110443022177805)
 (1.1004329499547121,-0.098443427936300884)
 (0.99696671762959788,-0.014534496156490623)
 (1.0214810259231391,0.032806337033833503)
 (1.0592247238295589,-0.028295451650812056)
 (-0.97941614618681605,-0.046885786588974493)
 (1.0712408336211818,-0.019285157587810828)
 (-1.0915764523736686,-0.046242779271647085)
 (1.0757746401745059,0.023013455589150422)
 (1.0830853766195667,-0.052133187116960161)
 (1.0007482659030689,0.053505352127638878)
 (-1.0052345824475222,-0.15525122924204407)
 (1.0007853680268637,-0.018136491202941103)
 (-0.93767178386974825,-0.0012607913703477052)
 (-1.0516575404672059,0.016828898933075511)
 (1.1294948260387343,0.05268711059850021)
 (-1.0307753729077809,0.082047619971001975)
 (1.0729559894571692,0.054725549910805971)
 (0.86362238163967564,0.063510781729692475)
 (0.98982163289519898,0.0072722657184184558)
 (0.91754386539837163,0.047615610882563886)
 (-1.0822818171029744,-0.07233344891520814)
 (1.0086643567381846,0.06257130293679046)
 (-1.0218007408728293,-0.0777040578529965)
 (0.99750133775729,-0.03794568982846902)
 (1.1505868821899632,-0.08068948364789498)
 (0.99798460813926693,-0.072241522716843282)
 (-1.0526836566747757,-0.052350405164242275)
 (-1.1452306900194731,0.010249198266126879)
 (-0.98719963361626983,0.018762119675716969)
 (-0.93942620342139649,0.056350415045831909)
 (-1.0559057744215301,-0.059261446090492637)
 (1.0062742152684692,0.026113405860976893)
 (1.0344535810449675,-0.052797815966774297)
 (-1.0205940817734176,0.11158302527796665)
 (1.013284409687619,-0.094056166022840254)
 (0.96993949696693338,-0.037153388761283331)
 (-1.0539381869227544,0.066114579125594194)
 (0.93685673945483217,-0.069088162452623156)
 (0.81301062189822559,0.011875560908379856)
 (0.91088439123512577,-0.087913771754939751)
 (0.84967602861180369,-0.013229463589006547)
 (-1.0014601354119386,0.031715909185274609)
 (-1.0537067970115115,0.0061979986091299302)
 (-0.94153656462149815,0.035543790303335994)
 (-0.98500645422720523,-0.015662665185617135)
 (-1.0374790571014456,0.041240100420964987)
 (-0.97220087848090464,0.057130791351019075)
 (-0.91888464109613888,0.064928729310734359)
 (-0.9640000304037859,-0.1322427156171318)
 (0.97792258012077893,-0.070078735006500484)
 (0.98651619326246887,0.010197214243968218)
 (0.9951154921186206,0.042789333898680226)
 (1.0158996410943593,0.097840411503245225)
 (-1.1393791995667955,0.048269350380683522)
 (-0.93101341366139967,0.020379896021263774)
 (-1.0648978821202153,0.096941851535455259)
 (0.90843002597180367,-0.09024861104095111)
 (0.85950222537296295,0.022245408347675577)
 (1.121466933245177,0.050881135355168562)
 (0.96327689720430987,0.078601992701365905)
 (-1.0225386676157178,0.10879519581043338)
 (0.94581103048607729,0.019816570144984766)
 (0.92081895917860113,0.057257371312716354)
 (1.1547896388438359,-0.043617456332680861)
 (-1.0057446386828794,0.10372221038509398)
 (-0.93594695978614761,-0.18755874859081406)
 (-0.98709842552346549,0.1143706127519319)
 (-0.97970972981041105,0.10235529100134462)
 (1.0690945947385013,0.080700734767410798)
 (-1.0451939626362359,0.16466324188395717)
 (-0.97547958648616928,-0.026367176493371114)
 (0.94506688334351274,0.10997252433357699)
 (0.9771327486815774,-0.040882056086983996)
 (-1.0286602612065454,-0.00012414495382006261)
 (-1.0616575642856805,-0.013143168939020967)
 (0.88271657689772343,0.026877847368529179)
 (-1.0919938246620706,0.008322984967924019)
 (-0.98605689249933348,0.018248784853682583)
 (-1.0612524906196938,0.093937963040565897)
 (-1.0086913744984158,-0.12080674048992678)
 (-1.0973262299717126,0.068262007750841111)
 (-0.9604524841603479,-0.043156142890140692)
 (0.9132576421519718,0.032391944192659304)
 (1.0039531718238572,-0.018811726509854902)
 (0.96909740130897304,-0.064511269961422979)
 (-0.94975222986430663,-0.036173497487002257)
 (0.87582777747165164,-0.04975935050404235)
 (0.91343555897568218,-0.051744998424144421)
 (-1.0494526404660134,-0.083602930914036241)
 (1.0194160194847384,-0.071990335611854847)
 (-1.1094974281805319,0.017774793417294717)
 (1.0533576126818629,-0.065764501544939472)
 (-0.92366877708611372,0.019563336767876093)
 (-0.95993767135976005,0.07346455634394787)
 (-0.90084323910847497,0.0824116283632636)
 (1.0422178589480426,-0.17502028173258924)
 (-0.8811161368826822,0.053818060365349765)
 (-1.0875217089570546,-0.019065604360929179)
 (0.98241711881361193,0.060367634101164185)
 (0.98800881209964508,0.13575068151296074)
 (-1.0304522742762781,-0.025458576644268)
 (-1.0537050477928984,0.026552292429107605)
 (-0.91168438568577992,-0.1385590020326076)
 (1.0774504594971173,0.18154227765423969)
 (0.93051740525341442,-0.038487651906452362)
 (-1.0859660371002602,-0.048311990688780004)
 (-0.92430587808351361,-0.0052790617235256168)
 (0.99029841465559976,0.0056969465280351456)
 (1.1216341042782234,-0.077962068831344933)
 (-0.92758117362265213,-0.0012879871101694562)
