# Created by Octave 8.4.0, Thu Dec 11 09:47:21 2025 IST <gamana@Samsung>
# name: rayl
# type: complex matrix
# rows: 2048
# columns: 1
 (-1.2365205920195188,0.92463267815054828)
 (0.0035266033320282379,1.2261246119953051)
 (-0.47865831994751651,-0.77551302975557179)
 (-0.002145046820954794,0.009246467353752414)
 (0.7863418285906526,-1.4247724242597206)
 (-0.37225220856020658,0.96997299849587837)
 (0.29193372307271748,0.073624237895627206)
 (-0.28265344803560216,-1.1109932909890117)
 (0.50790385366238433,-0.37630889980902105)
 (-1.2003079591347654,0.57362614017911717)
 (-0.71148198926896156,-0.16768606583323187)
 (-1.3519561843914996,0.29395055406406584)
 (0.5548751790435269,0.42591196700097927)
 (-0.89714832422604152,-0.4349569883213969)
 (0.17400587428274239,-0.53356698609750097)
 (1.6968575803731583,1.4670078439588432)
 (-0.58330532896511322,-1.2985084103561262)
 (0.0096746567919705172,-0.5420220407194406)
 (-0.73578319281052917,0.27421034552122908)
 (0.35872337560848344,0.22956683981384682)
 (0.22229543388303755,0.2676372424156474)
 (-0.30578112114611411,-1.0613765903312737)
 (0.64824236492703347,0.19703219491300739)
 (-1.4195793954859011,0.23635094731747813)
 (-0.52186816971732364,0.027708291568120536)
 (1.252737432473457,-0.63732206683239134)
 (0.085811980313894656,0.80265054061898655)
 (0.27214185731972684,0.024931273374055783)
 (0.26274097926339363,-0.67090161709025975)
 (2.6093858488744512,1.1105952391920713)
 (0.56871745060091727,-0.78559683164358918)
 (-0.40328203374013577,0.10405373950295574)
 (-0.83900887186426754,-0.074491455322265726)
 (-0.27850749328226654,0.52891111052032946)
 (0.72885459123736107,-0.76060931209431082)
 (-0.18133029507209483,-0.053225667046776913)
 (0.71962062940369298,0.3120371380671853)
 (-0.5329715396791177,-0.3174686619430796)
 (0.51555126430500331,-0.083268620789679434)
 (-0.21472603831434245,0.43991138515160905)
 (0.1484455627674707,0.56288041096534336)
 (0.16777822647152718,-0.37694634584476955)
 (-0.47109834921543714,-0.65263870080258246)
 (0.44222863367141829,0.66290183022702243)
 (-0.36498916064418335,0.8082391460638052)
 (0.068503110391656491,0.21797074711844741)
 (0.82767953540325312,1.2140300512180848)
 (1.0237277501405841,-0.27741508253523728)
 (1.2259181739517591,-0.89789077985818333)
 (0.13871340274566946,0.63599968570437471)
 (0.41258546191298229,0.25026418803138362)
 (0.40675184794976244,0.21561366714742417)
 (0.60093330820211655,0.13859345290780964)
 (1.4101848276454998,-0.79187761574649695)
 (-0.82295089007899158,-1.2374863815188581)
 (0.5372317954444199,0.13410460941432792)
 (-0.42823456396596643,-0.73053081476485837)
 (0.20543121738648462,-0.50569431536790488)
 (-0.76827253102013149,-0.44974072863383036)
 (0.38062899750053808,0.37517967023369214)
 (-0.293085075023929,0.32763696678730236)
 (0.47598145224632865,1.3954537563920575)
 (0.6032167270890445,-0.67727970777269575)
 (-0.63519269704689385,0.92570357237964362)
 (1.0388747297114262,0.45959353603177472)
 (-0.20650339037009741,-0.32405395268931325)
 (-0.85420722476876854,-0.25061336609655505)
 (0.4701146500811072,0.96201321109662874)
 (-0.81147510550846436,0.46837652821400116)
 (-0.47829372111628099,-0.54538803341799325)
 (0.13044398505964375,0.4219993772549554)
 (-0.059020400413317478,0.20013136957556046)
 (-0.22382885123544605,0.096137590477008483)
 (0.53338157450516066,-0.77106982780446109)
 (0.29883764841805438,-1.232498986335997)
 (0.031440632291482848,0.041852600234753852)
 (1.1060873490591947,-0.8965962244616007)
 (-0.55700847030485412,1.2180140509375394)
 (1.4328806477569742,-0.31469030008425836)
 (0.56498015397555346,0.12254376930812161)
 (-0.11270984765311561,0.53304208118926799)
 (0.73873706390522298,0.97959160107255117)
 (-0.906821026452024,0.71632611824407255)
 (0.8209297099532975,0.094439198860569715)
 (-0.61890957600208463,0.36863491491877365)
 (0.91101118247862534,-0.20333208529620511)
 (1.2533709517489664,0.42897017021961609)
 (1.0866555063912052e-05,-0.11266862649904699)
 (-0.81881231110671515,-0.4395541065070051)
 (0.30841938086011217,0.509966450504998)
 (-0.45551702018617535,-0.3112305409897162)
 (-0.06104298095298763,0.22668968797923778)
 (-1.3457248576584218,0.29962198057184108)
 (-0.98045658823113613,-1.06880490091978)
 (-0.64314739452634673,0.52093767389191536)
 (0.4103528876042587,-0.20943391572990672)
 (-0.7680842304614941,0.88039034469283384)
 (0.55463515505826722,0.99971346391449745)
 (0.12564982109542702,-0.64208519420542098)
 (-0.38398754478791008,0.8841509567657504)
 (1.1380105745904896,0.28873295891528372)
 (-1.0252741157922389,-0.24308397403668205)
 (0.30447802549661329,-0.055860633046629402)
 (0.13551690487269108,-0.3627473334413483)
 (-0.15369551335979967,-0.58461381013814329)
 (-0.69900144175209045,-0.68503216622921048)
 (-0.78543991167346883,-0.86501066843006602)
 (-0.84809009040156869,0.6164113630619461)
 (-0.038803273757308014,0.9280141370417434)
 (0.74183283436066094,-0.14046796491525823)
 (-0.92550390600526034,0.42436760391273665)
 (0.40971993322474781,-0.65419519848931273)
 (-0.64307796495040859,0.75187933810214314)
 (-0.47738791740353198,0.58782369998624839)
 (0.2928545210690604,1.1058518137647368)
 (-0.35127685999514208,-0.073892040091473571)
 (0.31353362132634438,0.24996419968730529)
 (0.81561678280615579,1.0717775638030373)
 (0.015061430907186141,-0.465322345951725)
 (0.46331635300713236,-0.24584448941669193)
 (0.14474734419170454,0.10747108293989363)
 (0.01592244892966023,0.38494719834633201)
 (0.45698206366046856,0.42846063159261932)
 (-0.14033690190811529,1.1475965044413208)
 (-1.4150500726108828,-1.1068149028515315)
 (-0.37876535500928982,-1.0729640074657572)
 (0.82799133008422754,-0.18340728391189307)
 (-1.0794492047264206,-0.8402269162506929)
 (-0.69599967181473077,0.13908309254797602)
 (1.0452455800853722,0.24076215715325178)
 (0.81450770214971269,-0.2896493708611117)
 (0.68690530939365346,-0.78942105416203978)
 (-0.45746612565215028,-0.016333382180164321)
 (0.78334226641730487,1.5407305787717804)
 (0.72370294557743264,-0.56206622847596344)
 (-2.1699422799940158,-1.3438453673692761)
 (0.39253300049601164,0.4043054806985919)
 (1.3229986084279144,-0.064239438002759289)
 (-0.90556730678285713,0.39068201648942369)
 (-0.53092989170996763,-0.38555563631624057)
 (-0.19854840182025113,0.33898802002552325)
 (-0.31239432739558387,0.23407086696064566)
 (-0.2356118582562573,0.89611977850183444)
 (0.43986957734679732,0.49697612825288545)
 (0.61249052625084011,0.77196270217701368)
 (-0.18805497546869573,0.079599485482723206)
 (0.65671343036223595,-0.23833609549125503)
 (0.59421176062421843,-0.48526832370503242)
 (-1.2241625646368473,1.093738030685353)
 (-0.12920569380250771,0.31096398966030803)
 (-0.82116730588001052,-0.58576061016333691)
 (0.86498630853844116,-0.21340140870596999)
 (0.25138055408324983,0.31305843492454688)
 (1.0101323733780978,-0.31223154729360753)
 (0.16502511494830813,1.3990389650082735)
 (0.3809995996464855,1.2825383128289722)
 (0.21928564546968851,1.301225181896734)
 (-0.13359301403619625,0.41712190559048179)
 (-0.10089936021608686,0.49213902204187221)
 (0.40872944440676823,0.66778296430665673)
 (-1.2192130101062568,-0.82428657143181461)
 (-0.24471224431236246,-0.10825371052955959)
 (-0.95269775063167739,-1.1888143221002263)
 (-0.5402509547035248,0.083452515602439284)
 (0.28824601635931885,-0.86834463826609987)
 (0.54622635537350994,0.57951483929417769)
 (1.6175770244957723,-0.1492430157145879)
 (1.1241986030042628,0.6032704560987624)
 (1.0335231611115034,1.2290956427250732)
 (-0.36410562570105304,-1.8175387362382149)
 (-0.46008427916962158,-0.35532615588326383)
 (-0.46709835035159036,-0.88488650360917021)
 (-0.29436995869012045,-0.74546637735440957)
 (0.017456339004014353,-0.46695699499757248)
 (0.32488554862566188,0.39825835402634735)
 (1.2514757107378556,0.26028103601194758)
 (-0.13306751723333596,-0.45408499522763457)
 (0.60312903649908223,0.068421221324979006)
 (-1.8934437718651991,-0.79251551438119605)
 (-0.029552926494943437,0.038652455208067205)
