# Created by Octave 8.4.0, Thu Dec 11 09:47:20 2025 IST <gamana@Samsung>
# name: awgn20
# type: complex matrix
# rows: 2048
# columns: 1
 (-1.0580401520905942,0.057331852414216261)
 (-0.97380634657768528,-0.089118355832959975)
 (1.0598572713003978,0.082300541759374249)
 (1.054910380362714,-0.039574273470069948)
 (-0.94566754667314734,0.079828106231972534)
 (0.98426449934875448,-0.018101053374517197)
 (-1.0088787947710705,0.033428807742569892)
 (1.0784394021279722,-0.035527196024487187)
 (1.0073117114122629,0.091116357834454639)
 (-1.0387688524303429,-0.049883978614841805)
 (0.98089443403690024,-0.0059839542883515263)
 (-0.95721581646752474,0.069313121587884538)
 (1.0314148941502284,0.22183804497722101)
 (-0.98102669523162067,-0.05078764040100775)
 (-1.0982841231373095,-0.098068649875721212)
 (-1.0321062345875882,0.039802996901126979)
 (0.93096398934255475,0.068354493207571532)
 (-0.99964167718216757,0.11707106300053279)
 (-1.0244881593014288,-0.041686525052241234)
 (-0.94719467977990568,-0.017817986465212789)
 (-1.1089097751156032,-0.011055815541475601)
 (0.99363605477358974,0.11777173701990132)
 (0.97985722638108363,0.045607736246903924)
 (0.9336491377516859,-0.013757641394860149)
 (0.93045872745473268,0.103399246504596)
 (0.91648705697896693,-0.094813280905850172)
 (0.99877869177688683,0.03356464286795835)
 (-1.038280077105274,0.019982560071360636)
 (0.91655439017391505,-0.082386769513468558)
 (-1.0989705900253328,0.048883952764753644)
 (0.95663565774282311,-0.08797217592219761)
 (0.94436990872265014,0.053673997808623065)
 (0.97921659169720043,0.058722002284154168)
 (1.065999767413403,-0.03738582711882029)
 (-1.0052544710769271,0.060811028927993727)
 (0.98010421767565137,-0.029959674485145912)
 (0.9872944995202102,0.037593912958855127)
 (-1.0138879331495243,0.055614061261328777)
 (-0.99055053260519577,-0.022988812952267762)
 (0.9872400665993738,0.038789027450257314)
 (-0.94000400382211013,-0.03585763227672361)
 (1.0254508652960557,0.012787350281313913)
 (0.9164625858268205,-0.03980625559007079)
 (-0.96752749091864199,-0.091152336732283804)
 (-0.99119335141250386,0.086012264715255887)
 (0.9956522794208178,-0.013443208910616195)
 (1.0328063459329391,0.028943341050723354)
 (0.9987819747310982,-0.1035329325284301)
 (0.98532824756411297,-0.058352449143614184)
 (0.99890331634058516,-0.044361276280938861)
 (-1.0821194183310028,-0.0049125645778765221)
 (-1.0196423782091268,0.12514042413973495)
 (1.093446135454347,-0.016319925138423966)
 (1.0437209307759354,0.18288447854766351)
 (-1.0430717268590168,0.068832278941973565)
 (1.0115199267930304,-0.028475415711550468)
 (-0.93403678578591254,-0.11569802835767092)
 (0.97477345538669291,0.019675812181981677)
 (-0.91044070499879171,-0.023844940999594489)
 (-0.95652884517769055,0.029596776635605466)
 (-0.9513916522567063,0.046113721860442755)
 (-1.0199274982678053,-0.13212074190314285)
 (0.94771709420921257,-0.099000092514794844)
 (-1.0175810448898139,-0.014640258578792543)
 (-0.91552128445945069,0.08308767586208779)
 (-1.0214624175801075,-0.037679563139755262)
 (-0.98385149982371944,0.038730267472321105)
 (0.98915662691956741,-0.020565394223384898)
 (1.0274072519649711,0.12713025535619807)
 (0.96464193448017277,-0.069738016863877497)
 (0.9935963212031228,-0.035788214983739595)
 (-1.0384310984582126,0.076957755614026013)
 (-1.0779945996354476,0.10797970039493771)
 (-1.034574587192125,-0.01677838054411614)
 (0.96280166340327555,-0.090639859497880823)
 (-1.0110552951546712,-0.04472836006621618)
 (1.1958761011037125,0.053307487276825952)
 (-0.97382702811142763,-0.041803722331373083)
 (1.0809769561241058,-0.019660302589351003)
 (-0.98444537794071985,0.020564962502972045)
 (0.9221998687144537,0.087096277298583422)
 (0.85916842693091855,-0.064292042851845657)
 (1.2010130215911712,-0.045890759126349677)
 (-1.055723580285278,0.11138153284171459)
 (-1.1512669323060336,-0.015633906196584349)
 (-1.004988034831291,-0.0941473269963502)
 (-1.0247268862445551,0.056589525689135903)
 (-0.98746032437236242,-0.090408481465717755)
 (0.98207583798238107,-0.068259121018962435)
 (-0.93817267567918128,0.0093399572186524168)
 (1.0190238960973619,-0.018685501086294545)
 (1.0410755925863819,-0.00062293069727670279)
 (0.9841340644174037,0.15002228691793787)
 (-0.86015472432159834,0.030067494917435902)
 (-0.9640191371767789,-0.10141346880596627)
 (-1.0120907656627067,0.040007735227641533)
 (0.93959204343067637,-0.040139307822380975)
 (1.008644935105909,-0.029920778660511196)
 (-1.0375538980685395,0.083733420165910177)
 (-1.0839528218805008,0.042914144332444233)
 (1.1035328880924842,-0.0907012390124491)
 (0.92410504979293062,-0.058754800123342305)
 (-0.97485003493167477,0.00409796423802252)
 (-0.96310079597113274,-0.014517442723362615)
 (0.91412850708216675,-0.027958809385231032)
 (-0.9923303396157489,0.13657473310754251)
 (-1.0647779585708137,0.075741217481958945)
 (-1.085308691897932,-0.030801658971860477)
 (0.92469094813989294,-0.06056830424626454)
 (0.90995869208843216,0.13501101849396313)
 (0.93459983908550881,0.0037587102262246147)
 (-0.93879348847945499,-0.097656398386155086)
 (0.92724313713415807,-0.055259346706057845)
 (0.85419415363082007,0.035903374246696283)
 (-1.0101189806861228,0.045023470094388465)
 (-1.0267973538604394,-0.049109104031004332)
 (-0.92298232829882598,0.075207805058498556)
 (-1.0142082135785455,-0.0028381083076179877)
 (-1.0501818015680167,-0.11472146249897518)
 (-1.109767727698552,0.054907368288696606)
 (-1.0405004337427801,-0.0016268983003749156)
 (0.96270948286027014,0.036458788391976048)
 (-1.0803559083769043,0.092267961987484048)
 (-1.0189650302471596,0.047766542251262346)
 (0.87096730401895917,-0.024795310369257521)
 (-0.92525773650491649,-0.060558295953946586)
 (-0.88840715751787724,-0.04204693830377064)
 (1.0282414785195229,0.0052061847823470057)
 (0.97014219091579246,0.091683524377342424)
 (-0.98294632467603438,-0.061773075804525956)
 (-1.1537533160455105,0.064650619954814234)
 (0.98104016749048539,0.035937286928580107)
 (-1.0075999813029364,0.02089424158999768)
 (-1.0235915059588843,-0.095080643790654423)
 (1.0510369805309985,-0.030557071378142859)
 (-1.0868347287948874,0.036105700641280845)
 (-0.9357858341826566,-0.067179213204341129)
 (-1.0340605403119674,-0.042647232538556498)
 (-1.0238157130696897,0.039039485338350388)
 (-1.008716582221588,-0.066559671017702313)
 (-0.99916327437519115,0.069671557098703527)
 (1.0432085483557927,0.049933510123287006)
 (-0.95906137710437533,-0.047649224734731474)
 (1.0372093324233389,0.12562535227560165)
 (1.0424103731778223,-0.0063151612118151589)
 (0.90994882662755661,0.094033800398533873)
 (1.0216150463127796,0.057694133035139754)
 (-1.1338690246180403,0.0027725689313822573)
 (1.0527595208182896,0.056207691843243049)
 (-0.90850065005868474,-0.05639539330323852)
 (-1.0521260237395327,-0.10400144847717008)
 (-1.0764088739570818,-0.040305422416305248)
 (1.1276134890055705,0.11515623045607692)
 (1.0357891840163198,0.034286947847885683)
 (-1.0218007033523959,0.011589635720603354)
 (1.0236206652372848,-0.033307254952046887)
 (-1.0831427074529834,-0.043462926931516543)
 (-0.97161009406940735,-0.03958197300628008)
 (-1.114323388401415,0.0048710901795031283)
 (1.0029919658508937,-0.027948761763447384)
 (-0.98186465090339947,0.078522091848512998)
 (0.89622875930687274,-0.055385386783918293)
 (0.96487460180279483,-0.05370962683481223)
 (0.96982289007279532,-0.054332408223909334)
 (0.93827513259315409,0.21180590084576123)
 (1.0788999272768052,-0.098216276941999636)
 (-0.92382285353317395,0.048514655707579186)
 (1.0612892570011443,0.030281448181255041)
 (1.1732764392530168,-0.13993355154071713)
 (0.95142510576222228,0.015230475593571855)
 (0.94203914016089241,-0.175716640913988)
 (1.1303032091051557,-0.15114320093661673)
 (1.0149918153470572,0.043912760748204695)
 (-0.99075493095773348,-0.11489886179247746)
 (-0.96858126131209665,0.11148957480491661)
 (1.0807198091521386,0.0026765981495362624)
 (1.0078006447264152,-0.020843150698379498)
 (0.91703124485949006,0.078381613410357612)
