# Created by Octave 8.4.0, Thu Dec 11 09:47:21 2025 IST <gamana@Samsung>
# name: rayl
# type: complex matrix
# rows: 2048
# columns: 1
 (0.18474573454773596,0.35507968379540422)
 (0.10738086007323033,-1.1723400004334472)
 (-1.0207975551852133,1.4476823417245366)
 (0.15861036051876326,0.86278676313407021)
 (0.50828304551436854,1.6467866325021929)
 (0.15103314212611096,-0.12854991100731608)
 (-0.36072929807334797,0.20531623245789951)
 (0.52987518004081635,0.27905874183758733)
 (0.32156122770274448,-0.30428709609602822)
 (-0.82531190149542644,0.74473651845997502)
 (0.43659525294817636,0.33963592773149831)
 (0.36073903444479161,-0.95577590387383604)
 (1.1531537438153918,0.10338771598269721)
 (0.33117942527444794,-0.24058854734294127)
 (-1.7436837653543587,-1.3684623674100513)
 (-1.2884853947495278,-0.6967172174563373)
 (-1.109457208046712,0.16262445429032613)
 (-0.56653520735827068,-0.60911905441486114)
 (-0.5635746664033876,-0.20265402089339701)
 (1.8025561011061662,-0.55367356634351084)
 (0.37892637835555926,1.0813743401688043)
 (-0.13905027549391177,-0.77659881049579749)
 (0.82428007531160452,0.37790988163251915)
 (-0.32421192407991034,0.22468066452976349)
 (0.32591438957422469,-0.23464072632258756)
 (0.28343023466210665,0.14643967233416827)
 (0.89599986404366128,1.2740719077743632)
 (-0.32466849637752371,-0.32666667157300472)
 (1.0129386190936509,-0.35971014854960082)
 (-0.25880762696114828,0.12085260213597908)
 (0.10679038644371129,-0.89595877514313704)
 (0.015219883586903765,0.13504291273416907)
 (1.070548170526135,0.19765123495620354)
 (-1.1622615965991572,-0.36715863509231517)
 (-0.13957019275802751,0.014256005638786276)
 (0.60198572141856943,-0.72256357395441373)
 (0.35587851793598474,0.21239941537331378)
 (-0.31890512476137056,0.067371931480056657)
 (0.88075737144373789,-0.071200507988962131)
 (-0.15246397945818535,-1.3402753660529676)
 (-0.36837209733792264,-0.24155768019908067)
 (0.65699752310565041,0.28065037984975233)
 (-1.0573108208814794,-0.93499124850364346)
 (0.39682595522483971,-0.38560776600990077)
 (1.0317086017076145,0.67352371541370448)
 (0.33985416807421165,0.17317496136726049)
 (0.59703789675859775,-0.28938466960931869)
 (0.80695618973108685,-0.18641856044542673)
 (0.34346613035117701,0.025526007106770741)
 (-0.41353283936085755,-1.0779200112972442)
 (1.0394284217431726,0.18708145883465638)
 (-0.21084344069579999,-0.91265742768423785)
 (0.75029039554874932,0.70904522372232814)
 (-0.89929730711043776,-1.0057151516713556)
 (0.10320068507365171,0.055426924427068792)
 (-0.092059567934451622,-1.2397103389211948)
 (0.06052067838802111,-0.055575814121993306)
 (1.235908462736611,-0.38782515146303731)
 (-0.02751372199253271,-1.4457526531818858)
 (1.6408005615575922,-0.47217357476633792)
 (0.50435890619589252,-0.10930665274788581)
 (-0.53869663802039092,0.33897974279402149)
 (0.43741173742354628,0.59345334498867253)
 (1.0618111728340327,-0.91281437645589381)
 (-0.45413103250612508,0.39535291921571092)
 (0.84002370352630074,1.5718816992707147)
 (0.56760640165907639,0.68418044563028357)
 (0.15543450638468426,-0.80535067313917064)
 (0.13490163088077717,0.60279164829117193)
 (-1.1328227554203305,-0.26130838272710782)
 (-0.23105019950621694,1.2408874720336622)
 (1.1748656520597252,-0.34970952314034598)
 (-0.93364902808326022,-0.033723941920966179)
 (-0.48180535453506157,1.8102183634385556)
 (0.75588829469270924,-0.16415246718309551)
 (0.66959229757681149,-0.03510547703129753)
 (0.088197286105074282,-0.45502289365945214)
 (-0.065188309895814714,0.086908026813187364)
 (0.34268503963093283,0.45159039729332778)
 (-0.3307469914579601,-0.39928870230740626)
 (-0.16104262462395016,1.550298453063897)
 (-0.93208687794763256,0.15809903362670838)
 (-0.2530914779048099,0.31214642041325885)
 (-0.63937675308826702,0.5134012619331384)
 (0.7105651865687358,0.068172598723146585)
 (1.2367980319842309,-0.21059470312525319)
 (-1.4690188783314888,-1.0402719312854554)
 (-0.071421128913845527,-0.78551209862466398)
 (0.19629231741434733,-0.040530658180124302)
 (0.33229705923200775,1.1425956769933596)
 (0.15076415486487324,0.86415706231720213)
 (0.036388080937293045,-0.12771502417465946)
 (-0.89042997550357839,0.035928623733811615)
 (-0.19775398389764487,-0.94006731049886783)
 (-0.3697072940649751,0.87008719022712766)
 (-0.44998445421810823,0.072629128282895583)
 (0.34407354749501518,0.28769286454305559)
 (-0.18674758461042387,-1.2000338544101903)
 (-0.11916629587371058,0.61554771702049804)
 (-0.81225575807816397,-0.37860811953984402)
 (-0.18677760983362868,0.1050180556006121)
 (-1.5601697592254222,0.75117993570114461)
 (1.4176985532079094,-0.68260104023064094)
 (-0.45018604261162454,0.45363796343071205)
 (-1.6519397163244334,0.22837616113843515)
 (0.73001537495348756,0.4328765286568298)
 (0.33496788485380224,-0.64229720207834129)
 (-1.1832029677031604,0.28838659073661199)
 (0.98571544122244681,0.48069277502140872)
 (0.14703246626371214,-1.4705443853046174)
 (0.87270064349741505,-0.28962125902266034)
 (-0.77691720858563718,-0.63760322052632323)
 (-0.95858651167015163,0.60242329717516885)
 (-0.30530315349988513,0.059691562705416638)
 (-0.13133668254936587,0.63959696620714412)
 (-0.25105828308407668,0.407589238542855)
 (-0.40869513584117634,-0.043571268027921752)
 (-0.10507388741663509,1.115350873268411)
 (-0.36126836938314394,0.40759667722227455)
 (0.18219540212022448,-0.57553301007637636)
 (-0.061436995538765582,0.20730920959464941)
 (-1.0625404202713709,0.48098258923198739)
 (0.052901315559131148,-0.41076943262852195)
 (0.098127111623338675,-0.49662251113575662)
 (0.59201654687414851,0.53463369925266824)
 (-0.11901286109333878,-0.39037537479210455)
 (0.44069433315001399,-0.21080072371305367)
 (-0.69208715112937258,-0.63683473115070643)
 (0.24002232956017538,0.0992516490309302)
 (-0.31793328156384565,0.51666665129458567)
 (-0.1252003134987405,0.55754768445192515)
 (0.3815712731446006,0.041906242339659547)
 (0.46716098023824187,0.10291180895600179)
 (-0.33542964883340737,-0.74271152409221763)
 (1.068727205147356,-1.0763615783683629)
 (-0.29391365836815586,-0.3655456924378841)
 (-2.4085180548844241,-0.10735078478275475)
 (0.17981334045746736,0.22437440907404416)
 (1.1921171189937725,0.0063091422640466346)
 (0.036549287739711049,0.85953309523789634)
 (0.35780754327903236,-0.41027626144703466)
 (-0.52954911799858373,0.94507063295129468)
 (-0.96373414321891904,0.23831209733310188)
 (-0.77504061665308177,-1.0399712421726466)
 (-1.0444176639704708,-0.1454072515977225)
 (0.41272078603989359,0.50581619878519912)
 (-0.053208747804576254,-0.020986995218288541)
 (0.41813493720768463,0.81047058077416401)
 (0.35951582346027361,-1.1389280495558327)
 (0.039203236714048462,-1.0812169591912351)
 (1.6327035534764165,-1.2343188855065979)
 (0.12303738665127932,-0.15546767238592857)
 (0.92752532959621692,0.3780162414121932)
 (0.94127057962011385,-1.0251985431646047)
 (-0.024785355310525396,0.2041690734140057)
 (-1.6995558009695626,0.78480814555956724)
 (0.2681685340275296,1.8470599725899384)
 (0.66504817536325345,-0.88536968880503997)
 (-0.14376704060144749,0.14714770787375756)
 (-0.69101323167597428,0.93696536667533725)
 (0.32925438301912618,0.29731443651789174)
 (0.36016785106611277,0.04666345713735047)
 (-0.095298033831714632,0.073406689331182551)
 (0.57774592861909391,-0.61145531089339389)
 (-0.18273654163914532,0.12567315177326788)
 (-0.78517268359992554,-0.3390956835030064)
 (0.10626031110814339,1.4009336477319823)
 (-0.45576242301406972,-0.47972938738241655)
 (1.1805415828737953,0.94040179714963634)
 (0.14516068707276977,-0.20728841080875923)
 (-1.4549863178698139,-1.4624647461920361)
 (0.049948215032933292,-0.73618063286993229)
 (-0.48835722517391017,-0.86633675594219994)
 (-0.69839477351782731,1.2359887515977648)
 (0.11754750154860921,-0.43943050166721914)
 (-0.37572191761673951,-0.23363118695445553)
 (0.39871315282840714,0.4983541245447411)
 (0.15793981136860297,1.6980424444659898)
 (-0.14759971662471405,-0.29195325076964573)
 (-0.91817138854094738,-0.30017214636440442)
