# Created by Octave 8.4.0, Thu Dec 11 09:47:20 2025 IST <gamana@Samsung>
# name: rayl
# type: complex matrix
# rows: 2048
# columns: 1
 (0.13323207229292183,0.57158600798864823)
 (1.3101568698441053,1.1169459852835497)
 (-0.39202183968252408,-0.51336925279483225)
 (0.17718245598315518,1.1263323831933738)
 (-0.69492772166081052,-0.14308638387014644)
 (1.4054480293173921,1.6588627754383922)
 (0.43765269535034468,-0.16853817872910709)
 (-0.086733128202659077,-1.4736638558026269)
 (0.265471033423261,-1.2260586307304784)
 (0.027128250712543409,0.80772357021370444)
 (0.015321960072818323,-0.68579873736190744)
 (-1.1086160995888452,0.35989492250415006)
 (0.20898346554866096,0.079596569743846046)
 (0.22671932509256998,-0.24577700452386553)
 (0.1243304034795521,-0.69546117359016191)
 (0.34371861460719744,-0.09557300505423634)
 (-0.056750463563806024,-0.55132846630461263)
 (-0.13884780254465456,-0.01278865865723248)
 (-0.72253753995454839,-1.7617569507332576)
 (0.21315276848953021,-0.90697252521033733)
 (-0.50620000687611511,0.33833500829654112)
 (0.76729954581532833,0.0036457746672761884)
 (2.4085504620698113,-0.39237120183193919)
 (0.11118337324439541,-0.39834726311697943)
 (-0.90628557847594859,-0.21683677270540888)
 (-0.35928796131955115,0.10483879689800105)
 (0.47156355738332739,0.91969228827472604)
 (0.62764578036860852,-0.02724527823775905)
 (-0.34769951713790032,0.54258006939204084)
 (-0.4561022446933472,-1.0489834253976331)
 (-1.9229505865039389,-0.74351447690081029)
 (-0.074963956332023129,0.0015720228983718053)
 (-0.63145983624294111,-2.0998338883063505)
 (-0.2402829659744686,0.63828012307283433)
 (0.78414225713706254,-0.93842802266406733)
 (-0.5550120860406319,0.6564007311769634)
 (-0.14974156942995004,-0.59821081523915498)
 (1.1600100593425684,0.3715153559818295)
 (-0.63519601607094534,0.82184218527117259)
 (0.16269287864725959,0.020673712968097113)
 (0.69664140461247048,-0.2266868972032911)
 (0.88454570184688375,-0.89494742010937034)
 (-0.1024596387948481,-0.038735963335172409)
 (-0.41256463276969557,0.039785504468339034)
 (-1.078851891147617,-0.96157520583292122)
 (0.33842328586399884,1.0973350516556253)
 (0.38014154828394631,0.75409065752001003)
 (1.2096683882291075,1.1547888234462607)
 (-0.5475386209746792,0.84180219841893189)
 (-0.76087935962472042,-0.42795682896430703)
 (0.24826193623395235,0.077937943627790329)
 (1.0306139450566953,-0.97069546267694229)
 (-0.062757916820045459,1.4353576605481775)
 (0.50691190772578698,0.36719987058187353)
 (-0.47415390181566014,1.0115592959249979)
 (0.45328623513241595,1.3920950294994245)
 (0.83804009092787135,-0.18764747615090765)
 (-0.33339290269890881,-1.0489044779822667)
 (-1.0506267473987494,-0.53678225356267617)
 (-0.9845293165121286,1.0575379232739208)
 (-0.67132715533770648,0.26747239863175143)
 (0.24199568312791389,0.14616116982859748)
 (0.45039793360072311,-0.65186420360809139)
 (0.11567458626542927,-0.11344271286768082)
 (-0.55338555020211777,-0.28806679530136603)
 (-0.47145154557955021,0.76961348362667781)
 (2.1037421098424236,-0.16429007202018719)
 (-1.0622061458841534,-0.43145879987469038)
 (-0.4897288528718704,-0.85953589069709502)
 (0.29170497125474526,-0.16121024607378734)
 (0.10732871973554339,1.2217828405035285)
 (-0.081173633551834948,-0.11635674016228457)
 (0.72578501288930775,-2.1685301029913489)
 (0.10448155511747029,0.37020093423412193)
 (-0.29734200806507249,0.41935933573283807)
 (0.038842968562876758,-2.1113877137225954)
 (-0.60720099594315757,-0.51909448803769909)
 (0.61688273647327185,1.1500536386477735)
 (-0.50655659943055253,-0.46159596295054284)
 (0.44721812668262761,0.50151835796644451)
 (-0.42365751009960723,0.37547887572428168)
 (-0.249921718316719,0.59084699671803609)
 (-0.51199996007661241,-0.25953359192944109)
 (-0.64602557386825199,0.89774189537301097)
 (-0.26887690904711331,-2.0961008887994108)
 (-0.096021063409821486,-0.027247350990265828)
 (-0.70628694773973089,0.68834921788734271)
 (-1.6533680358308285,0.91442027701812456)
 (-0.087881824529621733,-0.252033521112554)
 (-0.10708930362088283,0.77975328427694079)
 (0.19707009675949755,-0.20394812555804215)
 (1.0327829751597193,0.79309655537910873)
 (0.12353265895637811,0.85996318875559985)
 (-0.045323245884048166,-0.14561863740219722)
 (-0.19029915480701884,-0.19388077534207693)
 (0.74545246837790624,0.13353950044817214)
 (0.50737572423242427,1.7624286275752872)
 (0.28589756901421354,-0.60360385122972682)
 (0.21357453799312134,-0.024895413501458217)
 (-1.2038340531937812,0.063052409757795039)
 (0.88540445331476147,-0.38852746321861076)
 (0.42094510346216152,-0.48266157997491899)
 (0.71626688240165171,0.07957804165758342)
 (1.214071916833964,1.7501899477034915)
 (0.0058695367818201978,0.11557058077170623)
 (-0.36652079402054893,-0.12234171234748703)
 (-0.9813720159780388,-0.054697821424403818)
 (-0.2905908873977846,-0.40425147674397466)
 (-0.82664353180454742,-1.3804037901024249)
 (0.59963452523591754,0.76563140141684838)
 (0.92582996842810894,0.032369153499536778)
 (-0.2848041577865289,-0.56472462872735985)
 (-0.88068338565237492,-0.4682988829887354)
 (0.95481482807212326,-0.013094008847417217)
 (-1.0661881347285802,0.15076734695582372)
 (-1.104013800397678,0.27063600990089065)
 (0.33800972507057409,-0.55055126948021327)
 (0.25741716373949824,0.37099021828223017)
 (0.14035717546653947,-1.0514021758565764)
 (0.64379111007940326,-0.8450523802010913)
 (-0.3961975364786165,-0.069416433481079245)
 (-0.65862322739175816,-0.13770524608064558)
 (0.4988277238806893,0.28100913105785552)
 (-1.177903470002795,-0.24602216023038909)
 (0.43309742817680685,0.95626743500259237)
 (0.74792588011433958,1.0413259627381097)
 (-0.31643387663846267,-0.29878561793773445)
 (-0.049393884111251507,-0.51107386495659113)
 (0.58324499993825585,-0.45168195084388812)
 (-0.0300725424692753,0.17208549958803676)
 (-0.34881258066932258,-0.88529400293402227)
 (0.52224888040816109,-0.69973364461782528)
 (-0.18887295329300763,-0.56947904126901527)
 (-0.11264256538495686,0.52447034852293239)
 (-1.3489224976188972,0.045602443713714892)
 (0.49511320515016866,-0.60298592226497416)
 (-0.21378063757737201,-0.46346998732623579)
 (-0.99241349418882285,-0.32433370921587823)
 (-0.4900248993823208,-0.35743830483032879)
 (0.68850203624367401,0.38715159747411038)
 (-0.31183195986666157,0.67218870370756112)
 (-0.75016556465089124,0.9125304138003083)
 (0.9498722612197058,0.27774711601773544)
 (0.43374442443757721,0.046091525843930656)
 (-0.79322946059653154,0.35612966803533919)
 (-0.56231971486841537,-0.55702809833690492)
 (-0.0090243991217656815,1.5220268450843979)
 (-0.062051656538872915,0.087995189780315702)
 (1.6148867029743195,0.45410704032535848)
 (0.38789397753539451,-0.37983516910848503)
 (0.19528111025395328,-0.1825145863578794)
 (-0.23072176050165633,0.029739517232665928)
 (0.41288684100341483,-0.040474821596573084)
 (-0.5755812377149645,0.73305376915250264)
 (-0.14685293464763921,0.18430353657504175)
 (-1.0609014333735092,0.15391813525436424)
 (0.14008238639590451,0.38594655498211389)
 (-0.69410465311826697,0.88878563310107728)
 (-0.42312359388377208,0.67483268426353205)
 (0.80746000950033547,-0.19121636629126301)
 (0.7162836951352527,0.17394853743598881)
 (0.39849056733539817,-0.71970271193568769)
 (0.42364365408428822,-0.17449226964389813)
 (0.19981770966931395,0.044636625437854661)
 (-1.0058960332413032,-0.93165735865644528)
 (-0.52789389168798828,1.0744097131398178)
 (-0.15843014022550264,-0.5864223577431219)
 (0.032140038381522684,-0.72800493338934458)
 (1.0171590646640194,-0.42955626177591044)
 (0.42391065389009536,-0.087662621026738913)
 (-0.736226658611009,-0.47858488712039737)
 (0.40697022365361357,-0.36853195549032813)
 (-0.24790830961905269,0.10206078899766552)
 (-0.14041325731862386,1.246636924148697)
 (0.13136141980299446,-1.5263486069614181)
 (0.041738982948066612,-0.42749103436278152)
 (-0.29697296155139985,-0.65981651811404141)
 (0.8940134597459285,0.8308239551386386)
 (0.33405420575337735,-1.3691719541125074)
