# Created by Octave 8.4.0, Thu Dec 11 09:47:20 2025 IST <gamana@Samsung>
# name: awgn20
# type: complex matrix
# rows: 2048
# columns: 1
 (0.94763331047328236,0.02738795720480466)
 (1.1315974152217503,-0.0032512652023327297)
 (-0.98353643056473739,-0.00026176898267802918)
 (0.93214960832773508,-0.039514729070363443)
 (0.93427758661146898,-0.0018460800594685218)
 (-1.054293471660992,0.042581555143807591)
 (-0.97259031478037283,-0.048152116200364171)
 (0.94986394585931588,0.10366589173335219)
 (-1.1108530576656839,0.028336335993242812)
 (-0.84077788851144009,-0.084753483822001485)
 (-1.0122408572791601,-0.020053496340161472)
 (-0.99311858605895631,-0.020692955084494223)
 (0.94187075427164335,0.036103903262817198)
 (-0.87305397885819591,-0.036858877941381984)
 (0.83966402136975626,-0.083640551674782487)
 (1.0931882886692945,0.0055498847696317738)
 (1.0659352140837413,0.10149943057156828)
 (0.86187893582569042,-0.015817369796794149)
 (0.86834764049085178,-0.053370242627862635)
 (-1.023320652776978,0.037281368858786801)
 (-0.90989725411220213,0.14698348209284093)
 (0.94037185083823926,0.068002585455555806)
 (0.98910824819213139,-0.063896593944206312)
 (-0.95027305851243293,0.049074800978732652)
 (-0.94321871218513265,-0.13167145565898147)
 (1.0199767745982198,-0.036079661075980179)
 (-1.0929386778047787,0.052201269052731092)
 (0.98686855198325441,0.10528265008130262)
 (1.0600913517720598,-0.080153640422617869)
 (0.96333785878159173,0.073783538024732975)
 (-0.82457708845151756,-0.0021675833164502938)
 (1.0196530633374299,0.042382854695050196)
 (1.0941715936231282,0.036862843617990602)
 (0.95512207418597284,-0.081896478556288274)
 (0.97514192494782759,0.013413186633855104)
 (-1.0504543774107309,-0.053292960060253004)
 (1.0107579595534197,-0.033046992656489194)
 (1.0422891322064949,-0.036071120956988098)
 (0.94845697962454345,-0.059808227877075897)
 (0.89187267971575923,-3.9350453563823443e-05)
 (-0.95458036781758304,0.13607049865437609)
 (-1.0793436867991801,-0.015127565936214572)
 (0.99011063608298888,-0.070972553355832066)
 (0.98479313368999999,0.056381655202107486)
 (-1.0803713958454102,0.0046194466836979708)
 (-0.86987655794092245,-0.0010211245101058209)
 (-0.80818676662515077,-0.025210025805959088)
 (-0.96533216303871172,0.052032890145963157)
 (-0.97574114483502394,0.01070804543673428)
 (-0.94190317640217269,-0.020646617016963381)
 (-0.94992519169947642,-0.086256773405738299)
 (1.0061873148158353,0.060390282849516953)
 (-0.99394481018859637,0.019214926331762437)
 (-1.0170154934526183,0.028715409779451175)
 (-1.0002609614002076,0.067373684458004054)
 (-1.0838451261570323,0.0083705305836238066)
 (1.1197354604659642,-0.069524149121253931)
 (1.0993902243938567,-0.028182825757966518)
 (0.89000871716315233,0.063876548764616847)
 (0.91123414660448776,0.049380160359364197)
 (1.0749397669003775,-0.014952544076540071)
 (0.95919234111132534,-0.052632262350724358)
 (-1.0508668559155052,-0.014934666958382562)
 (-1.0684968444809593,-0.051154748598976924)
 (-1.0005033026646242,-0.083331700260974015)
 (0.98424963293523671,0.084727232964270052)
 (-1.0490455537997549,0.044878239688108036)
 (1.0297708937010177,-0.03938777162085294)
 (1.0137335300610928,0.01806702088844217)
 (-1.1646077915476991,-0.042313597594166669)
 (0.92623359950987716,-0.092642311638079775)
 (-0.95435299640395499,-0.062066701466059949)
 (1.0674573554460816,0.089563764226855982)
 (-0.93305397035556548,-0.1132296603167901)
 (-0.95351892705908636,-0.028524838257346658)
 (-0.95873314944005228,-0.033695008958107335)
 (-1.0266056942729416,-0.14420150152031186)
 (-0.96994832977544587,-0.067697901561550325)
 (1.0472875048829708,0.02193321159797039)
 (-0.96806286605048308,0.025408919663516567)
 (0.85508951882029116,-0.091068752314995546)
 (-0.85259918548677605,0.078420824263669961)
 (0.91635590707107117,0.00093020341562559958)
 (-1.035102129566005,0.083208319442027598)
 (0.97439043666759972,-0.14828066212932275)
 (-1.1354682434235686,-0.044818972664936972)
 (0.87396231740856001,0.014782865593661754)
 (1.0993829307169258,0.02691223705227451)
 (-1.0157470339414223,0.01397937362561285)
 (1.0355910751316098,0.15130032131420459)
 (-0.90296036380188194,0.035617834103810309)
 (-1.1378285261603149,-0.068447655344755179)
 (-0.99409368303608858,-0.020560484021471537)
 (0.9703113106372071,-0.022808624506313626)
 (1.146792463865544,0.0084638955636254544)
 (-0.93633878517924984,0.015065653404286533)
 (-0.90014677296247936,0.027800270431263603)
 (-0.98140436918199214,-0.010572648950929891)
 (1.1107010891057834,-0.049065211775864946)
 (-0.95294230670837088,0.030167928105721394)
 (-1.0313270477526226,0.21006025526686367)
 (-0.89088386346011728,-0.10409538651668643)
 (1.0469029225405233,-0.11515588017147711)
 (-1.027540655697802,-0.073026165023294468)
 (-1.1399763617388574,0.0059879452556464603)
 (1.1440733210300045,-0.0039846742668656681)
 (1.0949616730324094,-0.031106984275601424)
 (-0.99494028936759993,0.08416446444078364)
 (-1.0780730326885628,0.05259442678611536)
 (-0.9070501182095897,-0.11109355188924211)
 (0.99077474810356758,-0.039242084707860392)
 (-0.95351579559076705,0.0057555731796189551)
 (-0.96877732197654276,-0.035453758490087743)
 (-0.98419928040920845,0.008449169191362663)
 (0.96530611750052042,0.066433679051603148)
 (0.94345375474900495,0.065296341792090373)
 (1.1303020940128661,0.0043097192831104128)
 (1.0164977360233063,0.052348478783469203)
 (-0.91051871110964011,-0.0065211716350004377)
 (-1.1052555802813386,-0.00067803068152666847)
 (-1.0082002608534153,0.019434162032766964)
 (-0.9442520460487549,0.021574926954590953)
 (1.1290068864785507,-0.06069444789699753)
 (-1.1045785120576457,-0.15912800377123301)
 (-0.94338016135179725,-0.042595089078774184)
 (-0.93331729328179369,0.13209592088348387)
 (-1.0584002621635327,0.0084083057853732279)
 (0.9575500132502619,-0.17727239659742636)
 (-1.031541452492964,-0.020522493878150722)
 (1.1163267764203777,0.0029370895279738447)
 (-0.94371798533640971,0.086467705849852458)
 (-0.98013627141327453,-0.0053114188077477151)
 (-0.95795533762872831,0.049903052180740801)
 (-1.0694138286063615,-0.072955459869716091)
 (-1.0077665435062788,0.082499728636588582)
 (1.0878570653545472,-0.050661450744514253)
 (1.0065810855968733,0.13404847778888199)
 (-1.0271185761861139,0.14144499681384734)
 (0.95544188651724959,0.075633089620006658)
 (-0.90792514020586768,-0.1091575370527588)
 (-0.95708623722001651,-0.0081581264986143997)
 (-1.1036071029226566,0.055149028912730727)
 (-1.0166219034378372,9.0960554912551236e-05)
 (-0.99669059509467706,0.054814928654853295)
 (-1.0506910087489272,-0.021265500028172669)
 (0.9097356585965285,-0.061162775486006959)
 (-0.95601307623995113,-0.12220006373211525)
 (-0.9893713702137521,-0.070573693679204214)
 (1.0541601682941912,-0.040477151585638027)
 (-0.84925326159010572,0.1067671091543882)
 (0.92615022421116766,-0.030360302349797343)
 (-0.99450529824918654,0.032593135052166176)
 (1.0889329413451401,0.15254643282815575)
 (-1.074512016024527,-0.16515979101508171)
 (-0.9462523141758975,0.049513376162599265)
 (-0.93413238252809794,-0.088069265018477894)
 (-1.0543899833871997,-0.028332438293089297)
 (-1.16065321550254,-0.13804864329237751)
 (1.1706181842383774,0.081453542337967005)
 (-0.9982860081937377,0.032663999913125047)
 (-0.93042433832226701,0.053628850244359483)
 (1.2025286170908467,0.055488581595926637)
 (-1.0000055185963195,0.057244088565630208)
 (-0.97334647812908348,-0.076817407882112693)
 (0.9952681123680529,-0.027619075612529867)
 (-0.99230933432381385,-0.030120833731270131)
 (0.93404114260269766,0.072434045635665884)
 (0.89312002763352083,0.04207990965854333)
 (-1.0462935433820764,0.037448657982862808)
 (0.9415515659080681,0.060576051578965909)
 (0.86802883938801267,-0.10114567211315575)
 (-1.0516854849077748,0.038976317261834148)
 (0.8367902410823711,0.10086944334662687)
 (0.97112829968125136,-0.067517385631497076)
 (0.88354449112500122,-0.018623201295772288)
 (-0.91179424857749969,-0.083954127792975522)
