# Created by Octave 8.4.0, Thu Dec 11 09:47:20 2025 IST <gamana@Samsung>
# name: awgn20
# type: complex matrix
# rows: 2048
# columns: 1
 (0.91212332723111955,0.028172371798265379)
 (-1.0232954049080847,0.12304110402493576)
 (-1.0506974155396445,0.065324895113651568)
 (0.99324122890259459,-0.015984361172656357)
 (-1.0006980726383083,-0.027296658752479264)
 (0.9847722365450583,0.042397160942876294)
 (-1.0261970581384814,-0.039242713629063126)
 (0.87955877408141836,0.092796117636011977)
 (-0.9545287637927673,0.11621923733273559)
 (0.94706425819349438,0.066578340317545212)
 (0.89708844662070597,0.033932615513248512)
 (0.90040056502359489,0.065182370499472911)
 (-1.0797048804463054,-0.040542602826977622)
 (-0.95360759838523412,-0.14614799837324149)
 (0.86034647129326158,-0.045552420853699135)
 (-0.97720925285297533,0.011443206228943438)
 (1.1163526037664007,-0.070952270872545839)
 (1.0873560199330559,0.02113074290699881)
 (-1.0208891078909224,0.044333304221832362)
 (-1.0914275252975429,-0.004360265900360938)
 (1.1094091594693143,-0.017073838238010421)
 (-0.92293492185741677,-0.036002886451718619)
 (1.0058226515303392,0.1239041281032298)
 (-0.92216812264972858,0.081186169829060129)
 (-1.007436815140009,-0.026637348883334012)
 (-0.91112066499782274,0.0063584925462928099)
 (-1.0556114723813184,-0.14180874843241612)
 (0.94045482040196582,0.0098694144009977107)
 (1.0015046621969035,0.030987243489906738)
 (1.1258978049945816,0.00081906919215167431)
 (1.0130897863346027,0.008182183056872145)
 (1.0122111905216209,0.12765171738300177)
 (1.0635478615565304,0.12623844077435706)
 (0.92795475038737218,0.03025549083870633)
 (-0.96857838085980652,-0.023991127998978977)
 (-1.0090175507185151,-0.076412183647829854)
 (0.92203893836668693,0.1407454687383731)
 (-1.0129114729093649,-0.011602232705212399)
 (1.1105099431178382,-0.091860599523417977)
 (-1.0372563522469029,0.001364372480667923)
 (0.99056760308574077,0.0034442449975846281)
 (-0.93305565652487721,0.057426847707369194)
 (-1.0678746175438096,0.048896438328751068)
 (-1.0583763017047061,-0.011802537441500949)
 (1.0353388278185123,-0.099599431849543188)
 (0.96581412033836889,-0.030627407878004539)
 (1.0218804463220801,-0.059099219099120651)
 (1.0002800097598934,0.063751619062565434)
 (-0.85541228770203914,0.046540744530352257)
 (1.0865289380120076,0.050489237707166956)
 (-0.96552093410741047,0.032163901040377182)
 (-1.0492749485760438,0.048926228524558434)
 (1.015693321526149,-0.096025291303677346)
 (0.83079695246605056,-0.084143943229275833)
 (0.97783899770748595,-0.061737902020069728)
 (-1.1069585663825181,-0.13628068767357501)
 (-1.0546908726462372,0.007997517021546139)
 (-0.8994517733391687,0.073802219853178128)
 (-0.91546663535340977,-0.020979382370777566)
 (1.0567704817648353,0.091551575195854815)
 (1.1569601221569579,-0.048730844929318173)
 (0.99653865380797302,-0.065894114769343634)
 (1.1291688606537134,0.016188864691837054)
 (-1.0226803748716333,-0.068498402888021309)
 (0.93619277901595721,0.022470013706223563)
 (1.0297997689765286,0.064534775512159512)
 (-1.0145040328810007,0.020664969821459767)
 (0.91665121743612255,-0.040121022389639271)
 (-0.95021430451645494,-0.055785635943430181)
 (0.92727316684751915,-0.068296286625133026)
 (1.1584900689486821,0.0082411536092321311)
 (-0.94363098169440962,0.03269312582273344)
 (-0.89001854977672967,0.055652685104686489)
 (-0.93030127530379092,0.077037299059121919)
 (1.0729139591761137,-0.064903493477212734)
 (-1.1083116118147536,-0.020730264565877413)
 (-1.0072452617153533,0.1191496794954108)
 (-1.1311884880103877,-0.039898679221835785)
 (1.0229694050925762,-0.080487069202344774)
 (-1.0727444081980437,-0.088773378911040021)
 (-0.91952670063298625,-0.02815993636153559)
 (-0.96585381103418788,0.060629452663558861)
 (0.93585658717098974,0.017024629983608507)
 (-0.87940247186681375,-0.028703155949735742)
 (1.017361785888178,0.01005476935577913)
 (-1.0022528138335376,0.092006558255814497)
 (0.98008796114065277,-0.087481288332502058)
 (-0.7624490565830272,0.044628958596626495)
 (-0.97292659003115844,-0.059016604635795916)
 (-1.0198369614698819,-0.026509526259731776)
 (-1.0651693833418796,0.070562696505870118)
 (-0.94676222365554752,-0.11834924322271503)
 (1.0753809871363951,-0.10675022777244225)
 (-0.9977969721740404,0.09132711722414856)
 (1.0096981152600597,0.036342613361527741)
 (0.9515540786345138,-0.076037465263541659)
 (1.0471383726678174,-0.066596973126924905)
 (-0.9888204799850332,0.021106823963110394)
 (1.0156958678936103,-0.02654498519209102)
 (-0.97457237078173287,-0.10789498338552067)
 (0.94747911243832905,0.031717129465163418)
 (1.0629166204804517,0.037498381204384187)
 (0.79001361491136146,-0.12885825234806642)
 (-1.1131902390637318,-0.052219066469432578)
 (0.99751916570934052,0.09208155037490906)
 (-1.1394276541964075,0.077369456665920031)
 (0.90604902288899425,-0.091340815210064263)
 (-0.99521358594820009,-0.03326552489022816)
 (1.1034730330684737,-0.072877833720146973)
 (0.83679506289503147,0.00070522357050613999)
 (0.85251394843355022,-0.045610157361450257)
 (-0.86516843232527862,0.069466861399890042)
 (-1.0117957276412883,0.035838412858924577)
 (-0.93822147117211152,0.052534581831246312)
 (1.0891082906203771,0.0093755418900848438)
 (1.0113175039672682,0.071930611540980058)
 (-0.84242461242482447,0.064500240660303465)
 (1.1118402958626936,0.0042607338643791274)
 (1.1472066749581344,0.070526412758436699)
 (-0.97550813085134991,-0.06382352086863953)
 (-1.0368146813100132,0.095568676958058651)
 (1.0120411192284604,-0.057791133329025107)
 (-0.95175700033262789,0.058835636232863711)
 (-0.9172521172552881,-0.042209688910984651)
 (1.0847852059521608,0.10879007719209539)
 (1.0389833021620585,0.068543771902093237)
 (1.1518460300478146,0.024655980926447288)
 (0.92397807371613783,0.097045522219729591)
 (-0.9976058201016067,0.11541225931223693)
 (1.0043361170015261,0.11257619892781197)
 (1.1132095571067127,0.081419653836595204)
 (0.8034905964515936,0.085880483276444361)
 (0.93817249516896406,-0.003675738340032389)
 (0.96468487121422652,-0.00670310711609112)
 (-1.0003425674820225,0.12990695675606159)
 (1.0100818384470516,0.036712869918395653)
 (-1.0776407352164028,-0.01207972803132118)
 (1.177218099118047,-0.045782300645832386)
 (-1.0160945752832871,0.038877043946198925)
 (0.92504292912887842,0.025309015345370514)
 (-1.017629937093975,0.10537257145768404)
 (1.0310799545118203,0.048766043711229709)
 (1.0945053442687276,0.1269015036721399)
 (0.97930024903881085,-0.0087976408616633368)
 (1.0740335159725147,0.086346387890481657)
 (-1.1078267024496431,0.066797699983754441)
 (-1.0921842721068584,-0.019786507746503763)
 (1.0107020633117882,0.040293375016390354)
 (-1.0392995973977874,0.19760068435653477)
 (-0.97438706001168562,-0.10356748728611992)
 (0.90883261829511397,0.052564529473504207)
 (0.79660425060059525,-0.075747379230396039)
 (-1.0265617351142302,0.011018151003139444)
 (-0.94822534364768485,-0.095313294929589801)
 (-0.88651438973623142,-0.061710830038665246)
 (-1.0588963449419568,0.020089032262134043)
 (0.92066522426673458,-0.043230663244358536)
 (-0.94726956738766743,-0.070906100426847363)
 (-0.9675724493010307,-0.042649988667924903)
 (1.0366929733435326,-0.077019882546434049)
 (0.95349407628733851,-0.058069501574794735)
 (-0.91246083599454875,-0.089551069463216226)
 (0.98576507000942915,0.0039144005131546413)
 (1.1297455405361563,-0.0075404944208647216)
 (-0.97949808714361553,-0.18686117307115457)
 (-0.96613415605351882,0.025691312647795755)
 (1.0190021739404915,0.037837081270429528)
 (-1.0324027915535279,-0.067845832685052232)
 (0.99065051225600986,-0.15061348446686001)
 (-0.94257569143508035,0.10540990027240016)
 (-0.99060402944352288,0.021140438694272609)
 (1.0770244869466796,-0.05213449836696691)
 (1.0406404491731083,0.011858072167012079)
 (1.0624795635287183,0.11101225666753822)
 (0.89143166014059239,-0.026991342119978917)
 (-1.0681640322592321,0.0020679081562812013)
 (-1.007182294446322,0.073450082245982276)
 (0.94896496896546734,-0.034171650121856266)
