# Created by Octave 8.4.0, Thu Dec 11 09:47:20 2025 IST <gamana@Samsung>
# name: rayl
# type: complex matrix
# rows: 2048
# columns: 1
 (-0.19135873839509085,-0.23362862624159303)
 (-0.095134440073712398,0.55168846302898578)
 (-0.82137075531988779,-0.42535008694862592)
 (-0.53565760790662753,0.076384225699707375)
 (-0.78500002504817756,1.0938957378957033)
 (0.2783369488583749,0.4392182596194027)
 (-0.2313896763730581,-0.18312077980362129)
 (-0.37106249699713345,0.89079411619522775)
 (-1.0674526018812682,-0.039082713880334109)
 (1.4252109055844504,0.11649376290752277)
 (0.77852173647003431,-0.32437454665616816)
 (0.67610444955137761,0.27276160233467084)
 (1.0006132810060555,1.0354589650363248)
 (-0.080592543673485048,0.22616374232910053)
 (-0.87820475636473827,-0.43279747282649417)
 (1.2666630835875081,-0.43360157706901714)
 (0.76161362649452768,0.55858654780904304)
 (0.59299205770994257,0.82910193339132621)
 (0.54612647011024018,0.21667459873768397)
 (-0.54214343911721441,0.55658610508543294)
 (-0.89034673664845154,-0.65310455201000528)
 (0.12857768104542558,-1.0769398589997321)
 (-0.42631451290885058,-0.1955654627847217)
 (-0.56116556048366317,0.79867650663071921)
 (-1.2109334534655811,0.053484109860759327)
 (0.057281395622169544,-0.65526180129652822)
 (-0.42996561699125052,-0.38692192450085444)
 (-0.35791397893481458,0.64317455333457874)
 (-0.078472998730526086,-0.2079476289552484)
 (-1.254870922156146,0.68509212574938194)
 (0.53884197208976792,-0.39704072803747875)
 (-0.62191384281619466,0.71690283862784465)
 (0.86035357967500414,0.35607421172443549)
 (0.78872086679599718,0.66187165690397787)
 (-0.32764888017684946,1.1253354573294103)
 (-1.2109561341212975,0.84191036796213892)
 (-0.035963809115819388,-0.42183504030647134)
 (-0.14392939020821954,0.65260141776334124)
 (0.7177951665691984,-0.32455055557098628)
 (0.30633085015259548,0.085342227865712786)
 (-0.13225578800840807,-0.35286701892929095)
 (-0.091553381113442411,-0.65980040535202844)
 (-0.56421466569861334,-0.44395742651211617)
 (1.4507354783548594,-0.10508038692857516)
 (-0.028555786936297078,-0.096083868531419384)
 (-1.0296587041408536,-0.28678731694333498)
 (-0.36759872671856053,-0.76208307778764273)
 (-0.018151522714943646,-1.0270187950456222)
 (-0.13827166993139506,-0.40172455748830321)
 (-0.086693263666800163,-0.2728161773411818)
 (0.17292900063330119,-1.6950858764296821)
 (-0.16338710942693055,0.23264326973648092)
 (0.95225408550142732,-0.75866227140136855)
 (0.22580597938991556,-0.17580446643559566)
 (-0.95137860993647738,0.17727869057866577)
 (0.63956183604626915,-1.2266192382044747)
 (-0.25427716071336987,-0.046626671141859831)
 (-0.11666951250633729,-0.13919790094323739)
 (-0.017612762662853654,0.23685515010319663)
 (-0.076751421351434479,-0.50444472942415475)
 (-0.31719674879767157,-0.037860482931313603)
 (0.60868961676685052,-0.88526711776075373)
 (-0.61953315651177643,1.4243747849207313)
 (-0.88416282742898167,-0.3087998609939302)
 (0.87004023779308093,-0.037670069058556979)
 (0.0065831914334497504,0.27226813594092686)
 (1.3102051581543925,1.2368871303546074)
 (0.8946623476352763,-0.5968547731691084)
 (-0.11282923498055672,0.038054122434692458)
 (0.059876179229907227,0.1904327141448772)
 (0.04570943374720491,-0.28050936327418219)
 (0.10281950046842601,0.076892711823632429)
 (-0.487954365645074,-0.092973996132521122)
 (-0.43920073554952499,0.7530826167038871)
 (-0.58546228141819401,1.3101642918989929)
 (0.42924535608102848,0.29330075535469297)
 (-0.37671846103420453,-0.52523497276933018)
 (-0.93442171941523966,0.45954664383281701)
 (0.32341463727731234,0.30697785777588099)
 (-0.26808275615974653,-0.57014427638619891)
 (0.19718885907809897,0.069695352843980041)
 (0.76759707046728187,1.0996705691424302)
 (0.63006804226310986,-0.060069228990765923)
 (-0.99932533160845771,0.35827496569361483)
 (-1.7290755317851532,-0.77562557814961519)
 (1.3296135154537483,-0.88059026629180936)
 (-0.23400271161030783,-0.096432345087683169)
 (0.25987871492918624,0.59144708269016022)
 (0.95402391687590382,-0.22616116082335982)
 (-0.34713335597995632,-0.16532261123586475)
 (0.041634821697160623,-0.77817783769535076)
 (-1.0897584520433876,-0.57275178130457494)
 (-0.056811934516620484,-0.14924291589667293)
 (1.345105463228043,-0.15377030479844728)
 (-1.2155618158397159,-0.010512484673621236)
 (0.021580905194523124,2.1140347794690624)
 (0.20187824258253373,1.2428758746996429)
 (0.58089892140304689,-0.26745020754258547)
 (0.33921606211764704,-0.39387942139156479)
 (-0.25559090679461971,-0.30546648441141588)
 (-0.017139622249350069,0.24471615740678565)
 (-0.24563578177092549,0.6879993194957803)
 (0.55857324706585354,-0.1746480800530977)
 (0.74183542268886937,-0.10953079523158818)
 (-0.86392361602098933,1.0701913657703297)
 (0.41352058988547702,1.265224365561777)
 (-0.18346937583825967,0.30832907620980238)
 (-1.0682453537644829,-0.18439462260045664)
 (-0.72950054999392588,0.29383366332675293)
 (-0.13031267603884686,-0.91232760844882355)
 (0.16559121171503985,0.056741766906491541)
 (-0.52599147800581758,0.3121539424009166)
 (0.04851073668201332,0.56357834441222343)
 (-0.62151967018525744,-1.1836143434804318)
 (0.27813904482185242,0.18107910289975027)
 (0.95191096628774952,-0.43538224667118358)
 (0.75599951301639223,-0.55679618667702602)
 (0.046427174890840882,-0.10327735428067035)
 (-0.13496844046310982,-0.34316229921947577)
 (0.42518025209924465,0.58132786172755946)
 (0.091492020927219309,0.12875134619973774)
 (-0.065423993056307944,0.58586551903186168)
 (0.11991152179094682,-0.78885385949208764)
 (-0.72868961473660587,-0.14379476457263321)
 (-1.1963673499102541,0.43749687217518229)
 (0.79566036674303542,-1.1379188760124668)
 (1.1662934083326744,0.147782642197516)
 (-0.27655400188085855,0.65851642776901564)
 (-0.39386422015111339,0.23040001657208206)
 (0.17065504572284315,0.62298919827183064)
 (0.21773023422243415,-0.31951496892456144)
 (-0.25124050867791248,0.021674991265715968)
 (-1.8938124951696498,0.39126005194552427)
 (1.0551648148899184,-0.10383445071159526)
 (0.24524577349155061,-0.17600895862640417)
 (0.59323295588649194,0.1088806353818884)
 (0.80651206109921436,0.21998840567469166)
 (1.5941216385796828,0.36858816002878642)
 (-1.0891749599991851,-0.77899109632544861)
 (0.42215443659229845,-0.095065669264252389)
 (-0.39975059447727379,-0.26389945913487106)
 (-1.0109239739856262,-1.0145461931375568)
 (0.35398245100108527,0.30577171286705418)
 (-0.039612598687670836,-0.29776867459790157)
 (1.6160524745760942,0.099868352986569167)
 (0.78010192931484645,0.0094063685056943527)
 (0.070493477682211342,-0.22150311762540492)
 (-1.175592245221883,0.37812680360611561)
 (0.4864454851009507,-0.59121246320191845)
 (-0.31534460141089993,0.78492890027428475)
 (0.72467487033232392,-0.26993701568503453)
 (-0.67804369716212975,0.43965076307183326)
 (1.7664875056158384,0.44725882735128097)
 (0.2796080317107863,-0.48876316477587539)
 (-0.24827109157117727,-0.9217689152602021)
 (0.047698074145835427,0.21402814095431077)
 (-1.3382188577602185,-0.58493977597864311)
 (-0.15771185814468888,0.16183392092830656)
 (-0.25547304199693432,0.033587311769585348)
 (0.54554928092189847,0.95294625246375653)
 (1.038419128682649,0.43104133752399493)
 (-0.40931585702361772,-0.48799007715625353)
 (-0.31034038759194316,-0.49535719993977589)
 (0.82561865635449772,0.67794053140736166)
 (-0.71253161918170216,-0.058452154810987193)
 (-0.68620765997230193,0.60909041286870202)
 (0.12436200336725947,-0.25263405414376378)
 (1.0344523648072899,0.88574431388591501)
 (0.4606617262198654,0.1592403640344762)
 (0.2445697504624359,-0.12917845918205612)
 (0.23187050361002293,0.53860652671524767)
 (0.35598429443447788,0.99831701244225901)
 (-1.599251746864377,0.22347304907641574)
 (-0.87204258984883909,1.1765082942207221)
 (0.78650017802191874,0.082156840719249807)
 (-0.2514612906292763,-0.8375143567549771)
 (-0.094723610563710647,0.02627645468679831)
 (-0.18579293166890276,0.11683687438682179)
 (0.8675290241985365,-1.5064911959310388)
