# Created by Octave 8.4.0, Thu Dec 11 09:47:21 2025 IST <gamana@Samsung>
# name: rician
# type: complex matrix
# rows: 2048
# columns: 1
 (1.0435092950499449,0.35284601267329696)
 (1.2168269392248141,0.20019193070150523)
 (1.3059350093494526,-0.58865958013519071)
 (-0.80485538993549577,-0.16292269851292995)
 (-1.4382586801182213,-0.43002835953009116)
 (0.78121126895871695,0.10259986592060234)
 (0.98801481307344774,0.10559150326281763)
 (0.5802599709568621,0.56610286943968879)
 (0.98010752095882026,0.55055056729731666)
 (1.5094608494403441,0.21260159815729485)
 (-1.024402317275543,-0.36896913791473418)
 (1.1217416009482242,0.26891681192714412)
 (0.89389588414537546,0.03844371209197496)
 (-1.3230276578302584,-0.54200586357402702)
 (0.86838742152015813,-0.30395472948460595)
 (-1.5325494320845834,-0.024298283033475535)
 (-0.82891742334569884,-0.30949216408172414)
 (-0.86415707700328914,-0.075659704355110616)
 (-1.5672446701854741,0.36720651663779708)
 (-0.5302464672604903,0.64428197259751907)
 (-1.2154856124210021,-0.10130563491766453)
 (0.59468521051544943,-0.30259653703973088)
 (-1.2043474054030645,-0.40622160926374945)
 (0.75547378552908095,0.23610913515078336)
 (0.066703299542625549,-0.22308866637659763)
 (0.87789118771778718,0.30427156450784076)
 (-1.6253487299811944,-0.026013887704262599)
 (-0.61202440969138228,0.2004431886646362)
 (-0.48295103175530935,0.20020187645585685)
 (0.67022739205579429,-0.46930362798326991)
 (-1.0030570420629665,0.68436152102866177)
 (-0.45754439847812717,0.45255565828387034)
 (1.2925887689426883,-0.030993790985420971)
 (-0.96223612238153056,-0.43125503954402189)
 (0.83143570613005569,0.37123069730510028)
 (-1.2817950023692628,0.25526609882066703)
 (-1.1822056120432074,-0.27594749964916121)
 (1.0064055340270668,-0.28870128232915626)
 (-0.82539713170384221,0.75635695436810946)
 (0.44570720447612711,0.38960912881681697)
 (-1.0718559454539296,0.24734732172118967)
 (-0.7377049948270501,-0.28161339091933341)
 (0.14929680717366012,-0.34944471830136548)
 (-1.1623674117456309,0.1321250803181041)
 (1.647660050331315,0.39756421064859804)
 (-1.2021909039127687,0.28232204282484968)
 (1.0490113824844689,0.30090775665445862)
 (-1.0075990074946073,-0.36942890978727372)
 (0.8823772125541044,-0.013619258425404167)
 (-1.420885361339671,0.55080156788902579)
 (0.99128093564174324,0.060506746521225917)
 (-1.5028913789420468,0.13679345277508617)
 (-1.0023574173431422,-0.35793470425647855)
 (0.4127623647934156,0.067350622002971955)
 (-1.0538223610473463,-0.16048970012949673)
 (1.0746756977516829,-0.17373076087234532)
 (1.0275238564811848,0.37896617170583574)
 (0.66438741567179738,-0.40212891071684015)
 (0.62214008640266261,-0.90171774383221193)
 (-0.30040107331455113,-0.20939068125114765)
 (-0.8930694266075021,0.43519000691176735)
 (1.0347738004995026,-0.52126159260117644)
 (0.22369163216891563,-0.23088902166914954)
 (-0.75383441698223908,-0.089984042599579872)
 (1.2263021328111223,-0.26276970051926374)
 (-0.76776233224705126,-0.24594763957675239)
 (0.49536151746514029,0.013971444833352373)
 (-0.5814820092929085,0.33689771523207551)
 (1.1390567779488845,-0.41428567599658433)
 (0.98112873895678099,0.15787339424202182)
 (1.0328723664973991,0.39522388309190104)
 (0.49927366446466759,0.24802278844041303)
 (0.10202993782831349,0.37481313489974233)
 (0.65450982221468401,0.58646240095150648)
 (0.80112226517263885,-0.11430076060411667)
 (-0.62350336248146354,0.86277214255469192)
 (1.088253666813418,0.49958610173604956)
 (-0.77519336952568574,-0.15540851103960915)
 (-0.47382308322205258,0.52651829702893138)
 (0.52981669102744688,0.44937000362472695)
 (-1.1916912142187663,-0.20098679723903493)
 (0.65488250525370917,0.24330749402570681)
 (1.3805900850687869,-0.10496515922572043)
 (-0.6459914171439094,-0.14603913522474979)
 (-0.80837282823635848,-0.29385142035312228)
 (-0.36755182062712716,0.51679419236474555)
 (-0.77012467756978786,0.013094317410315713)
 (1.0360936147017141,-0.27965918302789089)
 (-0.11844014921505019,-0.46336883398053269)
 (0.68882205924437501,0.35793491730422294)
 (1.7652994806477063,0.18682325344322695)
 (-0.96207976487975211,-0.39814677926833242)
 (-0.77219950906780443,0.89215867703609253)
 (-0.22586717385632271,0.38546617046648757)
 (0.98289254760631972,-0.48951327374642567)
 (-0.50435172180531307,-0.31235228166364409)
 (-0.93353442267361919,0.042499276229314271)
 (0.63725692449216131,0.11704970500733598)
 (-0.16623196306013577,-0.82334609179068208)
 (-0.99489237783283924,0.038548448698827453)
 (1.0086523957533271,-0.14815257770441076)
 (0.59256906886779659,0.1800470213391859)
 (-0.43853939190791941,0.13495933329231186)
 (-1.0187106448809264,-0.42812650382756662)
 (-0.26883272308180906,0.056088904209772625)
 (0.85491628883218329,-0.2550829728322207)
 (-0.21273692392250398,0.17304056512644456)
 (1.2463633795802889,-0.12455586412767203)
 (0.515566466655769,0.33348973529414633)
 (0.68519505679255333,0.41946282881993846)
 (1.2588967734200982,0.17708105930418197)
 (-0.95430755882560458,0.23952064060052311)
 (0.72644807355200625,-0.63317319669755112)
 (0.87794187782508848,1.0104130879771938)
 (0.20999000415082714,-0.23294098071470909)
 (0.85104674045926509,-0.12289334528449518)
 (1.2344108627154429,0.50173432144728225)
 (-0.8380868696646695,0.44993889933235665)
 (-1.036383375511472,-0.25574302390546211)
 (-1.0443393283090014,-0.49393657056363705)
 (1.4219093341549129,0.21234822687695781)
 (1.1987332739142855,-0.4968733551923285)
 (1.1904971745365402,0.046680000307160865)
 (-0.73554927727888741,0.51113750011998593)
 (0.60726277250983718,-0.53987520618427109)
 (0.46601529247181772,0.18708512102787167)
 (1.0074213129334191,0.16425814229613395)
 (-0.52942994606618465,0.092858624045011384)
 (1.3142874542191132,0.372749780413208)
 (-0.43904887287309491,-0.13692322408710972)
 (0.99050597601532075,-0.44494873654756378)
 (0.23479108173109042,0.17910132092066691)
 (-1.4195429171185805,-0.26460269993525398)
 (0.53444353554527502,-0.29121149221797787)
 (1.4073434407758141,0.20921627196806294)
 (-1.9323847941703396,-0.074775675077007803)
 (1.1969923028021205,-0.29187348044419653)
 (-1.1846340964810174,-0.098670196475099989)
 (-0.6829864824009475,0.25795296061157991)
 (0.85116514936554488,0.17094195515095995)
 (0.60315553553434076,0.5410490425094705)
 (1.0357425869621415,-0.44231714035169689)
 (0.4915369602850978,0.13032269348063352)
 (-0.41159680926858283,0.62962794738027972)
 (0.42696324806736924,0.29694024761917981)
 (0.81064517411805892,-0.34736024437534058)
 (0.83931100173929563,0.071726550317417523)
 (0.766192018429113,0.50625992035003065)
 (1.1518394637720126,0.55988264375853214)
 (0.77154919748324313,-0.21607490148617267)
 (0.92355783392260582,-0.089251539388595175)
 (1.1997788263251834,-0.20289952533724973)
 (1.2535826415955624,0.45157506765720928)
 (1.1867693119867946,-0.014732537401684061)
 (0.99313701082376682,0.043860351032835553)
 (0.50141233604010793,-0.096729469512088342)
 (-0.73596080821589249,0.3044493943645345)
 (-0.7465882944622404,-0.70085636614229851)
 (0.95384484853489282,0.37504114240067388)
 (-0.86959397112139847,0.26066596401709619)
 (0.84227409960768751,-0.058861090290631482)
 (-0.82341573736453444,0.13353621366522522)
 (-0.75796718249626482,-0.18456982507169498)
 (-0.91587030179289486,0.25684952199593575)
 (-0.59942199452202582,0.099371941861414431)
 (-0.99674543197876397,-0.36643984203959812)
 (-0.77672166281617505,-0.23234040466206465)
 (0.83967521283466151,-0.47889026478596775)
 (1.0470349030985002,0.16441288719255487)
 (-0.72184233579375878,0.10416423050359415)
 (-1.2291560758700446,-0.085686654392130884)
 (-0.68872944429805072,-0.17814702453812434)
 (0.67325700256942467,0.17898849200264627)
 (0.17177077383734085,-0.57109049665125533)
 (-1.0193795374826788,0.15700269421563462)
 (1.1359072138912252,-0.18837551247685963)
 (-0.7808986412862734,0.94830519519775969)
 (-1.2766589912006039,-0.79567749662411036)
 (-0.39618102551403706,0.083352999489277796)
 (-1.3309617822157631,-0.11913603125496777)
