# Created by Octave 8.4.0, Thu Dec 11 09:47:20 2025 IST <gamana@Samsung>
# name: rician
# type: complex matrix
# rows: 2048
# columns: 1
 (-1.055171099566458,-0.56315024111629342)
 (-0.60090527092194246,-0.28297689058682923)
 (-1.2399529934232965,0.49641929497429998)
 (-0.77432929247425553,0.13530300008354468)
 (-0.70309237644024525,0.47752426655118008)
 (0.49007334125365143,-0.36835537965039289)
 (0.9333119860776139,0.10761107606575392)
 (-0.74455896381569575,-0.34220703376119449)
 (0.94425838715864618,-0.46049147414842595)
 (0.83143370949156414,0.50568837165914382)
 (1.1262277702975496,-0.89798049911399591)
 (1.1113808610352169,-0.22365594361885277)
 (0.44182826691104865,0.45272097056847688)
 (-0.97062138847044466,-0.27550675321381762)
 (-1.5382260687340501,-0.31633214877634352)
 (0.91265415594667121,-0.99053042211543074)
 (1.0619238393828685,0.092079202422962594)
 (0.9436623664842525,-0.55669906295183302)
 (-0.38612716380462714,-0.13595433060008488)
 (1.1704299931547053,0.37131660038226727)
 (-0.2615928424371845,0.024868409730228601)
 (1.0226372858920116,0.025062633465209424)
 (-0.17384818150240078,-0.21906420474566846)
 (0.34589186240238712,-0.66168336975705799)
 (0.35564037633025947,-0.69620325825503215)
 (-0.68501164690594663,-0.10881471269182948)
 (0.7047437815354235,-0.24720053090009531)
 (1.3137838451647179,-0.20303745377065274)
 (0.79633100955214542,-0.38453976101587267)
 (0.70075802808590504,-0.27390481994028198)
 (1.5832225235995039,-0.65634323698621277)
 (0.4578682832981612,-0.5149377679582845)
 (-1.2463588185155807,-0.49150744135168484)
 (1.0132981507903256,1.1481277517948871)
 (-1.017654885083819,0.33916488190977162)
 (0.8663788447373687,-0.087485844319918057)
 (-0.30276582349317971,-0.36977390492012252)
 (0.64027695188017208,0.13263428447124911)
 (0.82114342408315921,-0.080713627101414345)
 (-1.620146849846503,0.35422004942615515)
 (1.4743698564802332,-0.63550482537355601)
 (0.55685363220107931,0.19579866626150605)
 (-0.94924781076547449,-0.9236228967426735)
 (1.4861745680458927,0.099473066956280359)
 (1.3343089647222239,-0.37078103583207755)
 (1.0934953378263779,-0.084717891746352941)
 (0.80879054478444135,0.45008570111998464)
 (1.4232397482500452,0.038185358887784758)
 (1.2410448270798322,0.17713514485516882)
 (1.0601289120999287,0.15026275258526436)
 (0.86274165887813015,0.29913595710269553)
 (0.64233552527394711,-0.71812153869761575)
 (-1.0873630932808183,-0.47016497530411461)
 (-0.69887384061063929,-0.44800473016763659)
 (-0.42330342718443248,-0.017395252827283766)
 (-1.5832133236754162,0.31043881206356894)
 (-1.1699513599210589,0.017434870129267001)
 (-0.92148786937411065,-0.51683335504999561)
 (1.1344410877847177,-0.37754307684310778)
 (0.083766960185767902,0.21068485754622324)
 (-0.72812999874319073,-0.10155353178975571)
 (0.44414143979338844,-0.14053962217017565)
 (-0.88393169395319193,-0.038833995611784439)
 (0.51637605188615532,-0.34028406590742194)
 (-1.1857175609096511,-0.48748664433676464)
 (0.32592492936247397,0.42687134227281875)
 (-1.2851055004477097,-0.13944515149398889)
 (1.3135240804225345,0.040455567722537479)
 (1.5683372949007468,0.19726576142079277)
 (-0.89742874991785038,0.017396585374549436)
 (0.83930258983692307,-0.4879938575977113)
 (-0.63575883960069701,-0.077861141341496576)
 (-1.1729094592412845,0.27231035616277549)
 (0.75644396463754271,0.011042349270421184)
 (0.9547759343652944,-0.058414724187695909)
 (1.4045557915139342,-0.38646986630083507)
 (-0.90424875110740921,0.14125309742470893)
 (-0.74933413512379476,-0.61315926418464373)
 (-1.0550830844519861,-0.1238984415244495)
 (1.2229859497450302,0.29425064042422522)
 (0.72776154976862772,-0.32329950247070127)
 (-1.0730152902344408,-0.11048469291753628)
 (1.7504398947483297,-0.026197542727664447)
 (0.80741825855671667,-0.52450243660170637)
 (0.57390283512200124,-0.26085164866756494)
 (0.43626860592570654,0.58306849281023043)
 (-0.50105167448528654,0.31974724603496069)
 (-0.61259762318485755,0.23285716070788964)
 (-0.69201304190415835,-0.13890481739039798)
 (0.73849370046720519,0.33745378645376817)
 (-0.79240058616963349,-0.13183943951391897)
 (-0.85394198916303932,0.26160616755720389)
 (-0.9089388401673878,-0.82315055815509497)
 (-1.1446303570596443,0.33611828388826298)
 (-0.47089079125750583,0.26491817698280107)
 (-1.0420133419266844,-0.44699379652924304)
 (1.2056071970007001,-0.069203641156903264)
 (-0.20736300338774705,-0.32524547413791172)
 (-0.83130655544500009,-0.090039584549713142)
 (-0.3813409765706598,-0.41754305786205059)
 (-1.123697072740325,0.34464304116318156)
 (-0.77385926410362604,0.27139539725788536)
 (-1.435009730051116,-0.36426336337142795)
 (0.88770099391593804,-0.75260566744590496)
 (1.0854640806909732,0.3161780585818309)
 (0.82386939330141495,0.36344423995571573)
 (0.36965824164840616,0.51657060431880863)
 (0.55811711641981532,0.025418711666907231)
 (0.47168725395840033,0.089004641623953884)
 (0.85113047122108842,-0.46908596483254633)
 (0.54180100534870224,-0.1419482479757658)
 (0.91978777686393132,0.71461152179759435)
 (0.86268784402418697,-0.31257981645609495)
 (-0.51410860383364754,0.17135799042649708)
 (-0.90322178215737714,0.46489440180108882)
 (-1.1690801172153285,1.0549151333202438)
 (-0.36070334620213229,-0.55957344624932304)
 (-0.84357438677535668,0.82042718452969599)
 (1.5010286796860635,0.26335143059367067)
 (1.2068489547437096,-0.38164053930964553)
 (-0.32755630646559952,-0.17342203781933516)
 (-1.0341054400824188,-0.34417718332556624)
 (1.4583342637480556,0.44030629006129224)
 (1.4296453995067617,-0.0014394126045065392)
 (0.92111310294308901,0.50632336141666767)
 (-0.35202476345945122,-0.34158058661987528)
 (0.82856769924203566,0.47146447414376874)
 (0.41305309485450459,-0.31473352865122078)
 (0.98118274209515954,-0.13905996384341129)
 (1.3177196121840058,-0.35906043917694869)
 (0.97119253271170958,-0.094788257268299758)
 (0.83289426214280149,0.47763193512411239)
 (0.76500663354365195,-0.4114317230999015)
 (-0.56530752911449378,-0.4926851600687629)
 (-0.92106413250021124,0.3263924833536046)
 (-1.3698965433533159,-0.02766135492072792)
 (-1.4624541252046785,-0.43663977062566706)
 (0.49541763485541301,0.50703247297127452)
 (-0.69759292929395622,-0.36197989148444004)
 (0.5645108539487298,-0.23454696312395243)
 (-0.63421419465018902,-0.082970374915139145)
 (-1.125664993338088,0.20302461930787455)
 (0.81365629995658473,-0.093530267150025062)
 (-0.37193874938764432,-0.17771204694479714)
 (-0.89493430877048785,0.67326537200122005)
 (1.325039827247581,-0.18144573154067908)
 (0.71316162349601497,-0.051962764485213392)
 (0.65772252903155204,0.20785258412452678)
 (1.0448781867585901,0.38195670148198974)
 (0.62472412507236574,-0.071128294272149062)
 (-0.58879012732781155,-0.14058213214327578)
 (-1.3197192374870512,0.18190711824196396)
 (0.52301274585688362,-0.020002036949726899)
 (0.94532449279091035,0.31540836613550216)
 (1.0996129517503306,0.1958532373546896)
 (1.0508458430013348,-0.68806239936932723)
 (-1.1525351533975938,-0.33623784840068172)
 (-0.78173834356704841,0.36531484497137101)
 (0.76986807042115879,-0.70943308283628814)
 (-0.58152109798749896,-0.10978126448416022)
 (-0.71254095484863433,-0.56350359975626441)
 (0.63500075681268198,0.61020523597740273)
 (-1.0320419103441716,0.62728265794321847)
 (-0.84742921095202139,-0.96525144520556139)
 (-0.94310324507334253,0.080692830247289404)
 (-1.5071996013458984,-0.071864314067621032)
 (-0.34929363306389194,0.49396846724684856)
 (-0.39668500210392338,0.31551742325159382)
 (-1.2608104089110348,0.14800756383461589)
 (0.66826335939797421,0.084639102350839088)
 (0.48000167505562663,-0.24929273566006149)
 (-1.2081975489961319,-0.35317475823142125)
 (0.47832861227677259,0.5842707020572756)
 (1.1429612945725669,-0.042146367810212249)
 (-1.3496047118882948,0.051333954159107083)
 (0.26937808986603784,-0.5036868472089554)
 (0.47245000113782931,-0.98428363064782165)
 (0.56076128451351948,0.6523521522384208)
 (-0.5395828913043641,-0.054291412868419237)
