# Created by Octave 8.4.0, Thu Dec 11 09:47:21 2025 IST <gamana@Samsung>
# name: rician
# type: complex matrix
# rows: 2048
# columns: 1
 (-0.64790595877846391,-0.30274113504870304)
 (-0.89509149473481375,0.23205306407100881)
 (0.54785091759183491,0.21781007855082807)
 (0.84184036236540305,1.1084581947729524)
 (-1.6102767871875678,-0.36422086252581193)
 (0.36803755406253075,-0.066870404085150145)
 (-0.86369789233488425,-0.30856299627919886)
 (-0.92160884548489119,-0.30480481191976311)
 (-0.95881150208053945,0.0083248141970473158)
 (1.2727872016439745,-0.45995005335429778)
 (-1.4370204718142343,0.13932438577398648)
 (-1.0811820761719093,0.066624141820271876)
 (0.60947813953008945,-0.030470346984341683)
 (-1.1305183660845801,-0.029791261422547927)
 (-0.80960701648546407,-0.25525937070107113)
 (0.21106522412498285,0.49927109864207031)
 (1.0023962889781561,-0.21077759631578108)
 (0.7203813371257568,-0.55512265436249109)
 (-0.78079175768627196,1.0083184618398919)
 (1.3394505089831736,0.10255549423795497)
 (1.7250826784495041,-0.15127618952178451)
 (0.85021858516384174,-0.032881064070830156)
 (0.5153470506469493,-0.3866075021265189)
 (-0.61951775563004707,0.15584900702011154)
 (0.89650271648709701,0.0062747613595137792)
 (0.80661234681917882,-0.025821303279492898)
 (0.57691595716457589,0.4107461241787233)
 (1.6891128295561175,0.00065683046036776871)
 (-0.94701480876938171,0.097712645309707663)
 (-0.98033421732030157,0.59310776999521264)
 (-0.79258943365391976,-0.13318511253035795)
 (-0.79242630710179862,0.54498256549011315)
 (-0.3560373650431925,-0.22900573881092845)
 (0.58738641604220154,-0.43636826125321815)
 (-0.56116187918057614,-0.25666472115360389)
 (-0.59563836816797311,0.64086098864986252)
 (-0.074184216941671988,-0.10778045477695138)
 (-0.99248914134554456,0.32382002875395693)
 (-1.0646815449807179,-0.41356114388783366)
 (-0.15415576453375501,-0.070680773851265657)
 (-1.148624101535219,0.026970260765276949)
 (1.2505742494128413,0.73549175921190191)
 (1.3336608509965808,0.011358187637878209)
 (-1.082088093122306,0.2972956143644534)
 (-0.84892009518480516,0.42191921830572215)
 (-0.89683673275336018,0.052179186633972717)
 (-0.84515748168209348,-0.30600629925012213)
 (-0.58134700434678099,0.08401125703555419)
 (1.2832615096692317,-0.5294145680809984)
 (-0.90440936839785513,-0.14753966559959616)
 (0.35106079189980666,0.10658441733226805)
 (-0.81008429902418388,-0.25114603157455351)
 (0.34434449674839673,0.73977127842708612)
 (0.47922739298195338,-0.24491084697915708)
 (0.75859615571766625,-0.12808292661883619)
 (-0.57242945388104061,-0.2216122163627538)
 (0.97661027137056367,-0.19451646287607766)
 (-1.2727084585966066,-0.037826754637177322)
 (0.74797299334093703,0.18250772811630328)
 (-0.87261080043109951,-0.35068753600728553)
 (1.9953039812705795,-1.0673996236782357)
 (0.47501853220993318,0.15534310720546401)
 (0.91226433980820743,0.22837383326406543)
 (0.5802752117182548,0.31796370546077446)
 (1.1346257513975353,-0.25053275453492091)
 (-1.1779031515534877,-0.37632763533646285)
 (-0.21861323539340605,0.065232535763842817)
 (-1.1098847127558165,-0.47541018465074147)
 (-1.0559036119601712,-0.37273556605197883)
 (1.0799868480154153,0.30566224715638052)
 (0.99435315046448969,0.15092950654794066)
 (0.58763021987421471,0.015216278384948842)
 (-0.98294830776039399,0.33676821993491812)
 (-0.97554251315962326,0.14018909392624579)
 (-0.63150794047751879,0.25888495125894889)
 (-1.2338126280874941,-0.55552055410342438)
 (0.79870154743657007,0.081277517911010219)
 (1.1469290173256994,0.61319219193784558)
 (0.26159338471168281,0.62334243299507919)
 (1.0786793247009518,0.11410328784989128)
 (0.67229236523314884,-0.19300853384733935)
 (-0.82671886277908913,-0.21384361648298111)
 (0.63075109595785106,0.1935873163826034)
 (-1.1709624369146936,-0.69320450157117131)
 (1.4934545347560859,-0.46729343623146025)
 (1.1254259530502173,0.089497025068827188)
 (0.41721485162261518,-0.4370588528267258)
 (-0.87602094593322133,0.29048199482128045)
 (-0.98687941489124598,-0.35943009535238707)
 (1.2815363343962518,-0.39055862933638069)
 (0.88515883558591058,-0.010306007191841337)
 (1.63482096191116,-0.46496203012195897)
 (-0.8527656054427607,-0.20596957977637495)
 (-1.0472562800879293,-0.47610232165113542)
 (1.0036500964941548,-0.26427044927243759)
 (0.56734644741168172,0.37959480849341654)
 (-0.27294484682125419,0.57771638503935241)
 (1.219669439660179,0.18591397726961548)
 (1.2924414843151335,0.51301622487605725)
 (-1.2436528719273698,-0.27060653664406276)
 (0.80510515840430985,-0.15180783085078337)
 (0.73251795416809673,-0.20485081203592878)
 (-0.7184335702570237,-0.36024570670133904)
 (-1.0053494556356353,-0.68530487647645422)
 (-0.99958908673076063,0.45146426671515083)
 (0.51817674119245449,-0.088709631817684126)
 (-0.14607484410509852,-0.14826158280209975)
 (0.49231062994400643,0.066662645629964823)
 (0.54279611947167861,0.24501079157889724)
 (-0.23753603882560925,-0.5278844946926341)
 (0.97269333454239737,0.28217793059048851)
 (1.1407356952733894,0.2428539385084745)
 (0.82291234423144322,-0.61743842053057529)
 (-0.84075528479660844,-0.33213572066502661)
 (-0.98760809657235449,0.37209872958347739)
 (-0.99565312338933432,0.31128465195675847)
 (0.87456100464826336,0.86787850182405046)
 (-0.69972936495362803,-0.10808864427712028)
 (1.1044140639286966,0.4987172445304886)
 (0.86584522211973525,0.52207005163486708)
 (1.2078147765438212,0.35108573751240724)
 (0.94054212660455272,0.089805150207325213)
 (1.084857497696192,0.19401486427408238)
 (0.81867839964995381,-0.088169104435522117)
 (1.0320557114874522,0.64093814901225754)
 (-1.3270346918517022,0.45207314033172846)
 (-1.0077371375301147,0.73622754669046186)
 (-0.53561777866013971,-0.43596055971292069)
 (1.2630815829687889,-0.39276270808978186)
 (-0.99023847118980379,-0.21791350478782992)
 (0.90253374324145008,0.22990708571075294)
 (0.35490625793204889,0.25038638893536436)
 (-1.2534375807596434,-0.25442853901628248)
 (-0.62538750743694105,0.13476237385858592)
 (-0.18212609838024785,0.70710314918317863)
 (-0.78388747014136828,0.3974648211014517)
 (-1.0902438015533278,0.023934705009342128)
 (1.4781624697080711,0.093818274310079233)
 (-0.62940470331080589,0.54688822708862672)
 (-0.78572714531115906,0.18449736944134534)
 (-0.85085694851982452,-0.064127908015587168)
 (-0.84107430078001411,-0.22591835884291273)
 (-0.93242160484218328,-0.65781133057596619)
 (0.87573546503284572,-0.51901487670384883)
 (0.44407614129557871,-0.059015568926812645)
 (-0.52519967501892673,0.3310180333229607)
 (0.45687413932897802,-0.20018274210868858)
 (-0.9178275002149201,0.6770013678312059)
 (0.73106578767148689,-0.23192728773764187)
 (1.3866579456085728,0.31958240286513634)
 (-1.2203273504035055,-0.01785354307386728)
 (1.1197322594970847,-0.023341723527322167)
 (0.86412487306985442,0.59182603852288362)
 (1.0672405091665014,0.22444009883734203)
 (-0.72716152011269519,-0.12388511467082637)
 (0.74593288729849649,0.19270611402859938)
 (-0.77290752745779123,-0.051213213702449113)
 (-0.79091593416670736,0.50125476296220917)
 (-0.68167387918795319,-0.2286883322084538)
 (-0.95690354317392579,-0.25598946477174939)
 (-0.90975264165604197,0.20149982774953185)
 (-1.1184769053612542,-0.09283822737046836)
 (1.2612271547422305,0.053954825740689584)
 (-0.58911660685578737,-0.1389286983083737)
 (0.89543972725154675,-0.18881379641240423)
 (0.77721505468224594,-0.21396862140140854)
 (1.3708063204587808,0.08868540305682629)
 (-0.57131593258784874,-0.4707525205160013)
 (-1.1773875801945901,0.14770481937196711)
 (-1.0576165131149398,-0.27245561734533186)
 (0.90751879800526414,0.17074698743026845)
 (1.2425975075005022,-0.65466339120128847)
 (0.8957138037716631,-0.4844900503458624)
 (-1.0582784173323485,0.27386242343163142)
 (-0.50434885664884321,0.22579537872430511)
 (0.96604040922207124,-0.4394835851567872)
 (1.109072427219288,0.33788485008660801)
 (0.54132520890522651,-0.070403839664166995)
 (0.35791839257661529,0.074342399748036067)
 (-1.2621012843230972,-0.75127767516499333)
