# Created by Octave 8.4.0, Thu Dec 11 09:47:20 2025 IST <gamana@Samsung>
# name: rician
# type: complex matrix
# rows: 2048
# columns: 1
 (1.8345494886104174,0.18855385297739868)
 (-0.82716739063147182,-0.28120384214325927)
 (0.8499188885822736,-0.51435736824848521)
 (0.85527906582771873,0.25057434285339064)
 (0.11175906992367157,0.17332807542776921)
 (0.60249243004058961,0.06906813750162262)
 (0.11500488636060258,0.45090581679760877)
 (-0.85410797017862561,-0.60942193188441862)
 (-1.3719599921879555,0.14919691935985094)
 (-0.4372419198247478,0.33067373490850349)
 (-2.2021494017481809,0.30027436234042493)
 (-0.75975606376712901,-0.53080414145530241)
 (0.77648812134226741,-0.23916181368545841)
 (1.1562471914624726,-0.43059759007326553)
 (1.1840825902206364,-0.22297753476681673)
 (-0.74269033805039486,-0.35291083360832115)
 (1.1795683053624118,0.44061218221155501)
 (-0.73216993069535663,0.33061921590234378)
 (0.71602751940517195,0.20054320463595951)
 (-1.0186475037618257,0.032295684369677696)
 (-0.15241866212819533,-0.53591174610805736)
 (-1.137282864734718,-0.0099698600250436933)
 (-0.94205420519725602,0.38696882769642699)
 (1.5200303209839814,-0.19583496399241423)
 (0.555539417401955,-0.31873855434171805)
 (1.2809179719373653,0.19239724287167481)
 (-0.80312332953582122,0.20342598933717942)
 (1.1818859539611104,0.018889753765469964)
 (0.73940402796982352,0.27337679751874672)
 (-0.85146352108756562,0.40126382822638379)
 (0.93666515872735734,0.79753810443332973)
 (-0.53259141193437309,-0.44673502569120038)
 (0.6364387341012997,-0.32940580797019425)
 (1.7044292282516551,-0.065007211300747048)
 (-0.80829467440816716,-0.58291043922778951)
 (0.18709850329609046,0.40035722561845449)
 (1.0773855487612849,-0.45234466112906335)
 (-0.9901479846261374,0.17353137524997653)
 (0.51368811186608498,0.034673803735923825)
 (1.1427636011612787,0.059509248735033722)
 (-0.98981578466616427,0.19415303011458018)
 (0.50878491183091201,0.42190673621544977)
 (-1.1874180233519493,0.13614071601633862)
 (0.49116843034163266,0.25496849514891606)
 (0.72660540456348577,-0.044630440029746116)
 (-1.557828148153297,0.47792640711924034)
 (-1.3573468762916832,-0.64104140466675297)
 (-0.92302910421647166,0.10994799576625111)
 (-0.90216326169425898,-0.40666975610079742)
 (-0.72400855904631334,0.43143845446290685)
 (0.95227135210387437,-0.200406981582436)
 (-0.93178999813628127,0.33652741499784405)
 (0.32417446232717162,-0.40167178826126498)
 (1.2019419368602855,0.039662386208295153)
 (0.83716994146601176,-0.2507259909607073)
 (-1.1304958801133926,-0.058475202204038887)
 (1.3095739479048147,0.29066715694740969)
 (0.71884443372933393,-0.27120949601991223)
 (-1.445952056896421,0.21633907258178398)
 (-0.49467121516843643,0.029399693745474118)
 (1.410580008574243,-0.27003441164545883)
 (-1.3245587864634563,0.20204640255500442)
 (-1.2726197019695236,0.59491197997718226)
 (-1.5523256616879824,0.1248786699749266)
 (-1.0150192134931091,-0.31174864456493173)
 (0.98666016084500374,-0.029129086143647287)
 (0.62297534037051028,-0.42884535178776617)
 (0.52222205148099077,0.028536979633087645)
 (0.91020471233310507,0.74555072467363215)
 (-1.448138854490721,-0.064543864095798043)
 (-0.80946786054438769,0.37039245382949504)
 (-0.66531468001274408,-0.21035298922237819)
 (1.008612149498413,0.22301611580160469)
 (1.3162511459320283,0.53549586900700907)
 (-1.3925633009810714,0.44888485483409302)
 (-1.47915073581086,-0.70367799871552306)
 (1.0253943154260095,-0.018489122257269106)
 (-1.170851188781967,-0.54997403536638045)
 (1.1329754165285888,-0.40200016691100349)
 (-0.84277171503299331,-0.014510261513279336)
 (0.84680954555383936,0.15464102047532982)
 (-0.52618869947850211,-0.72723305776752023)
 (0.64825427301287175,0.1789848627334171)
 (1.0668275627615715,0.13425188646166836)
 (-1.1959475204155385,-0.047604753053773506)
 (-0.77439048490570317,0.013486799180576062)
 (0.64883982044847954,-0.44790122440869862)
 (-0.67354814750575887,0.19527086291451143)
 (1.0814391693119234,-0.29551914401409957)
 (-0.84999590231811806,0.18979038625410002)
 (-1.0447454669735881,-0.15565081781686918)
 (1.0327178593369748,0.27930898017476624)
 (1.0160177641924717,-0.48900374054319651)
 (-0.47403475776370657,0.3681459455752954)
 (-0.63242731416563069,-0.48818002151119877)
 (1.3662625041229397,0.32203119416282439)
 (-1.0177234322648752,0.38280963874662272)
 (-1.1805514046750716,-0.1650724811002687)
 (-0.94941557233614349,0.42561127261051745)
 (1.1885761546820945,-0.14332412811682096)
 (-0.64095812648404327,-0.10013679561253661)
 (-1.4814595155238059,-0.078090501672366364)
 (0.77406417738902589,0.25873104744342401)
 (-0.64195707201218766,-0.22411098250416847)
 (0.54092884707205724,-0.099867463261236813)
 (-1.2427151718507223,-0.23629874171489051)
 (1.2147482435601091,0.41485522820371973)
 (-1.4328946494337749,0.31206805462898424)
 (-0.47374614847158536,0.50569840099479246)
 (0.38250616493092909,-0.81211869671501669)
 (-0.9603556625717834,-0.20684209203619061)
 (0.61383304648361903,-0.2451637474047105)
 (-0.52684897848452583,0.077307962339040526)
 (1.2874114990207153,0.21226327872449968)
 (-0.68310014595316748,0.092672644274044008)
 (0.83332092280537495,-0.12496725319123869)
 (-0.84947199716256117,-0.66992330033014091)
 (-0.77084946710375069,-0.061012115179203456)
 (0.67526557708996948,-0.1536225224933955)
 (-0.45896177153183371,0.61262830954380976)
 (0.50284488069777455,0.38125214448103178)
 (1.0887814558643896,0.070267423015697314)
 (0.86077110195881035,0.19099995016548599)
 (0.87058962995837885,-0.23615136794478161)
 (-0.74892915423317663,0.32959734815361946)
 (-0.63802884712969254,-0.051146401932272635)
 (0.83928393128515455,0.26945836829262532)
 (-1.1332328700990808,-0.12615448169941879)
 (-0.97498479139351646,-0.19680457108546531)
 (0.60021758549299986,-0.16828743194292467)
 (1.0391899599715912,-0.647024592854609)
 (-1.5755039276044096,-0.059030753767495718)
 (0.67271283577817886,-0.66035925954312069)
 (0.96082618924765451,0.21793040995375312)
 (1.147027261046268,-0.13426541708682826)
 (-0.42889413806894622,0.12271796035149907)
 (1.1875942844603302,-0.10886077829938944)
 (-0.42974616046014158,-0.26082438039685057)
 (-0.20639633413037595,-0.27208978927940258)
 (0.29711626457237128,-0.30196506353758046)
 (0.58830913307159971,-0.61197264815781638)
 (0.93039233013293399,-0.30985194677045474)
 (-1.3924585714228308,0.38667075363472242)
 (1.275818020903017,0.53428361293745952)
 (-1.2161775091157707,-0.0076913131165618903)
 (0.73487399809039933,-0.28786677270084449)
 (-0.67069889343330358,0.13796665694913013)
 (-1.3235103182511967,0.27508294697188385)
 (0.16677387158855761,-0.24582328634829986)
 (-0.63693305532757361,-0.10130982027519388)
 (0.80713064141567714,-0.25590873421392946)
 (-0.91260700637214009,-0.28996405691194094)
 (-0.71130062213950174,-0.324685324095558)
 (1.1838718914292412,-0.20729285691905766)
 (-0.59063337359476442,0.41517708181592566)
 (1.1070214807592098,-0.085068787012023292)
 (1.4694075973096394,0.10500435194871287)
 (-0.80466481263323719,-9.7367050906636414e-05)
 (-1.4542398545547071,-0.14835083801255272)
 (-0.78319497052469011,0.46414314199827816)
 (1.161769238553263,0.42988695841094393)
 (0.29465955955709677,-0.57728820949263127)
 (0.939288899883711,-0.0082021077214575449)
 (0.62951255098864334,-0.080369325494778113)
 (0.73229044401241461,0.40145381023832155)
 (-1.2469127988489126,-0.36106298756816896)
 (-0.45576450873879404,-0.021316792699405996)
 (0.86560942812346797,0.14960780913784)
 (0.77927911592302035,-0.25094290904327349)
 (0.76832897004220435,-0.090298707753770538)
 (-0.99726252297508267,0.12310527544402415)
 (1.1491385661589382,0.59036573447410778)
 (0.94796355850441549,0.026849722514186176)
 (-0.9242280123858484,0.27832201979772925)
 (-0.0020452312530733208,0.2874584339114184)
 (0.29141636087732103,0.14254706233341227)
 (0.56165850400146211,0.23273333269075405)
 (-1.0064214386007615,-0.12921111465316323)
 (-0.8158302077697005,0.18106427185840582)
 (-1.0490073599834049,-0.22229311016360495)
