# Created by Octave 8.4.0, Thu Dec 11 09:47:21 2025 IST <gamana@Samsung>
# name: rician
# type: complex matrix
# rows: 2048
# columns: 1
 (1.2476555164749015,0.038838988161402896)
 (0.57535520160576659,-0.086364502536609419)
 (0.99049329153960031,-0.18782261302867106)
 (1.2440888502413845,-0.22539303231108609)
 (0.61183457764983062,0.15348010785555941)
 (-1.2203319530654448,-0.25240051109730677)
 (1.2299841901474837,-0.60612543056884505)
 (1.0929441833065452,-0.30301239910066824)
 (-0.7394407155132392,-0.1796562985682594)
 (0.3540311994414147,-0.018435548711738373)
 (-0.88296832954623261,0.10094420382910924)
 (-0.97344795848854759,-0.093163123852689586)
 (1.071417180069596,-0.11478274402212131)
 (0.72183837200488044,-0.017499894146064659)
 (-0.56027100124007889,-0.093242893097033472)
 (-0.79585175507153449,0.028326251399395531)
 (0.61967178014612934,-0.43902557542261006)
 (-0.69674484487924437,0.014657395319731887)
 (-0.93916602506956115,-0.64774127356269051)
 (0.22309737747375502,-0.11357402969018073)
 (0.50652087082553787,-0.18751839540527182)
 (-1.1082420294768007,0.08730911809771022)
 (0.64291087843540684,0.11698959589937623)
 (-0.80609747818509048,0.12143964640705414)
 (0.58987469714242713,0.27672670362741536)
 (-0.52551224660565654,0.23836807679880376)
 (-0.52580150123888036,0.037986090718793726)
 (0.84142790263661116,0.46734483545278566)
 (0.97482776358793677,-0.72469842601787504)
 (-1.1572207281868709,-0.572705508512382)
 (-0.37023647306485058,-0.27892610920263661)
 (-0.8620026228417782,-0.22506433954453961)
 (-0.93929647197913213,0.37376820254203197)
 (0.91880494707728289,-0.15253166755814065)
 (1.2797210517058368,-0.35607805692393535)
 (-0.926938968326251,0.011291357648299265)
 (1.2315061915829415,0.12722165244770031)
 (-0.79353243532907725,-0.2621285359285605)
 (1.0297685000772479,0.21066521579332018)
 (-0.85307746833533227,-0.40922333420084667)
 (-1.6194158330075967,0.057350000359862145)
 (0.60114620640518202,-0.042765369344866182)
 (-0.88147849431632852,-0.10072723373085797)
 (1.358164551306396,0.20798111944974657)
 (-0.71008863322253912,0.063736596398535628)
 (0.73415061848417817,0.71860172773533271)
 (-0.51599644096205277,0.21097140608883769)
 (1.1955708088514787,0.080801036463008138)
 (-0.82908761748083726,0.083021749350751003)
 (0.6813096996729785,-0.78674968054945482)
 (0.65414171473647453,-0.20889031817357256)
 (1.2107001873162244,-0.13402673791472577)
 (0.20991210078883671,0.57313643760285693)
 (1.0971856176359189,0.11010046878106435)
 (-0.96420391881827094,-0.33714623450749642)
 (1.3358568285349284,-0.43125110284922508)
 (-0.60617823504458568,-0.31645086036658671)
 (0.42870667232614135,-0.064685466734045224)
 (0.87070663145613425,-0.17970221259812605)
 (0.81890610087965576,0.13000358609263474)
 (0.18302446845297349,-0.059248266173053107)
 (1.3510240101946018,-0.41740087264167552)
 (0.53997117576070597,0.34326008238835415)
 (-0.011749229611210832,-0.08478903249250612)
 (-0.83785694792699594,0.12834293623249474)
 (1.5985333378421416,0.2505683882175026)
 (0.71016133204231957,-0.18586811201309072)
 (-1.6616653068231546,-0.32305930037389902)
 (-1.1795428485862365,-0.46237512911713829)
 (-1.4414536362810604,0.43769742316920923)
 (-0.87081992082763549,0.036580401069603821)
 (0.30075863222418719,-0.2282959218333139)
 (0.39925281805088569,-0.097880831756765485)
 (-0.8027421979084689,0.25518813865755718)
 (0.66634511131844187,0.48534204908111461)
 (-0.48082286804420493,-0.64668408585328641)
 (1.0321423568653263,-0.23688370000924067)
 (0.56190875502229098,0.46997815976400265)
 (-1.0597439120935848,-0.53798225734516569)
 (-0.66914876310170168,0.20092395167609217)
 (0.91404790313930995,0.15616443729693824)
 (-1.2503594931834237,-0.077808849357467527)
 (1.1937761561265332,0.015912707658875272)
 (-0.14532294100932441,-0.07114995562920938)
 (0.72392918533920381,0.38097133475821965)
 (-0.49891350921688682,-0.72283747281073396)
 (0.68579853940199909,0.10216417969664153)
 (-1.0113054464870153,0.15748320218609876)
 (-0.78893567967691047,-0.19004829996489767)
 (0.86892094868699743,-0.16973529600268225)
 (0.852500162333658,-0.38237792069381921)
 (-1.1043601075118101,-0.50154038689213698)
 (0.97921274126756075,-0.024599656546945476)
 (1.0616454854907249,0.18176256147128791)
 (-0.58061573420452195,-0.89424534583699977)
 (0.73334032261542592,-0.37992902909150328)
 (1.0016278887161298,-0.21461827697965205)
 (-0.71938270053285236,0.34413516049359127)
 (-1.0031520513796257,0.75276763320670592)
 (-0.69407002636008897,0.03766921088853574)
 (0.83955231077203407,-0.50161392950007844)
 (-1.4663857575973387,-0.56810261992251498)
 (0.77247980205154487,-0.28824098629383993)
 (-0.70390192102701388,0.04964654737303021)
 (1.2796009492149896,-0.59174935505950477)
 (1.0231277829083856,0.19826369230673696)
 (-0.95779134564228374,-0.24673581326053379)
 (0.44599447703307238,-0.043409206681694228)
 (0.9168629598040452,0.11408700906416479)
 (0.45261353388454895,0.35169504682500469)
 (-1.2678041575222618,-0.50148722244667276)
 (-0.43325024084828934,0.37738290360823573)
 (0.96747413440178043,-0.27335015405750118)
 (-0.87654673588109555,-0.66478295977110302)
 (-0.6683326010138233,-0.56259192014188764)
 (0.25477824189012988,0.5158421786814229)
 (1.7270961995944902,-0.045340658947158788)
 (0.66981403256921157,-0.029644396028816512)
 (0.36447505825216786,0.24179850408130998)
 (0.99050443434136848,-0.46981802982281151)
 (-0.96763602730326248,-0.12175164451588459)
 (0.32919188342232608,-0.42847158294650417)
 (-0.92807343647472651,-0.93492816989317651)
 (-1.2506773873169883,-0.62822724601035973)
 (0.84997469576552631,0.10442201933414258)
 (-1.2239847597754867,-0.82181773609945108)
 (0.8961780063048177,0.15557751518186988)
 (-1.3102617753073669,-0.20893767225593585)
 (-1.2354912628703678,0.23497068617542738)
 (1.2325935909998949,-0.036178177639745797)
 (0.80082602834709926,-0.016864574515093021)
 (1.0716804882677371,-0.010170356631837376)
 (-1.7217862085137146,0.38919844832802936)
 (-0.44098864418168215,0.26943618353552173)
 (0.77504819255947421,0.62298328393904723)
 (1.1632016638675045,-0.40997920456481712)
 (1.3962230832859754,0.45064638409728258)
 (0.83830167167854652,0.35766261615308742)
 (0.63443683580935994,-0.09035721004398263)
 (1.0234780314052145,0.5030041001620319)
 (0.71793459144998817,0.28899228154342593)
 (-0.16426327415838571,0.069743669285415505)
 (0.055400602446276981,-0.21035415977828928)
 (1.1019868867441835,0.15742285957012528)
 (0.59962236085198728,0.053120450802429435)
 (-0.96701201305199602,-0.44316866342538835)
 (-0.98823340211667887,0.45458155619646756)
 (-1.1685875405378807,-0.38842103861930072)
 (-1.7795484999817086,-0.22692983187247273)
 (1.1991474897473366,0.38979856573021121)
 (-0.48898728320212892,-0.19137636441719227)
 (0.96659185773561751,-0.42132069918831511)
 (-0.72486310921635067,0.046018594846498374)
 (0.85210162523534327,0.51630618258153205)
 (-0.64954829066511299,0.09051192809815177)
 (1.3490566979372502,0.13554009036211759)
 (-0.42514981723487733,0.0068249237592392653)
 (-0.25251706139151497,0.060667637907882488)
 (0.49392522954586165,0.012112165233090558)
 (-0.78246109444925649,-0.13567009360355831)
 (-1.3938647832655322,0.086337731828744366)
 (-0.65438036871056471,0.24166367217427392)
 (-0.70530233445793811,-0.3605550075668853)
 (-0.78364064660416366,-0.15073023294955301)
 (0.44963944909673553,-0.3896692687366865)
 (-0.043496679140594185,-0.24123293071554114)
 (0.69303587053478455,0.17210301444332218)
 (-1.1569402921285568,0.65105843843533295)
 (0.23117499445483525,0.045344114034114293)
 (1.1681585070350193,-0.58252208612807621)
 (1.1148187968186132,0.23578584276867057)
 (-1.6458347239282851,0.57594232795195621)
 (-1.0637550026807743,0.27470511084809263)
 (-0.82407986369316144,0.19373527889532469)
 (-1.4712230595751983,0.050477968906877294)
 (1.7934284354525634,0.33976802521828708)
 (-0.64505410846949973,-0.34931357940975588)
 (1.1886477402080771,-0.19426659263794077)
 (0.9102960540857209,0.48560231479819943)
