# Created by Octave 8.4.0, Thu Dec 11 09:47:21 2025 IST <gamana@Samsung>
# name: rician
# type: complex matrix
# rows: 2048
# columns: 1
 (-0.68806210206178808,-0.24683829847422895)
 (0.70675696285500145,0.13029432634897048)
 (0.10110897205349856,-0.1129420053546341)
 (1.219066145519238,0.49819396993792864)
 (-1.2765786535732022,0.420738870095891)
 (-0.45278005240235397,0.78382097378481608)
 (-1.4488573751909235,-0.020362784560325805)
 (0.57927442663566597,0.26742580613298506)
 (-1.0353861511923643,-0.9648878787488151)
 (0.29066186769798563,0.067395358579817613)
 (-0.91736072700951665,0.12907869392287261)
 (1.3395947516233266,-0.078868693079518451)
 (-0.57769490007128743,0.054872827541883995)
 (-0.78322688009690145,-0.065065545271561456)
 (-0.56027197459343636,-0.55620803376885763)
 (-0.58375313530973405,0.62689473424518349)
 (-0.67175238032458695,0.20516972676996909)
 (0.29229543374611244,-0.31557468625136958)
 (-0.30035000830431602,0.073828023376018043)
 (0.91741773859010634,0.36370024991572886)
 (-0.89075530064597408,-0.22054378841206326)
 (-0.82376974608435571,0.085292468419301964)
 (0.9864938509483181,0.4438266687574795)
 (0.62181955558031732,-0.66940045188139485)
 (-1.0982723991171142,0.06006680885768452)
 (1.5268430822389911,0.3543881759350177)
 (1.1208818290179148,-0.35301654145610217)
 (-1.0314433825007019,0.28965067674582518)
 (-0.69815005995834079,0.38599961099742186)
 (0.73512756015768621,0.064174577400648317)
 (1.5654686463595855,0.00029703539955719198)
 (-1.1885648413494856,-0.3480190285654573)
 (-0.35313597706123612,-0.345636894557313)
 (-0.4345694421245519,-0.053056191272727538)
 (-0.80980045367723619,0.35073493590304283)
 (-0.94410073653740301,-0.30900510727800068)
 (-1.395165340928217,-0.38706147491510384)
 (-0.66605607762684449,0.3149206126086127)
 (-0.22387284569547938,0.76866856173746123)
 (0.30270307306867439,1.1937883139977805)
 (-1.327017957781006,-0.38848516994198573)
 (-0.91657364481926629,0.28227018982454966)
 (-1.1652862409180189,-0.27761308083060615)
 (-1.372260428254267,0.7188583794065323)
 (1.2507683658115769,0.7318724167416254)
 (1.3024679474309517,-0.052159715188755174)
 (0.74223519323992493,0.65944931547732177)
 (1.2354439325303481,-0.34783403598440454)
 (-1.1525451759718044,0.1661872346987861)
 (0.77917648229167624,0.049225132371854448)
 (-0.92262432108715131,-0.89787234498754098)
 (-0.75570777732866368,-0.067367708238513194)
 (0.40994569654811525,0.13252597228773888)
 (1.5659818887049566,-0.42290046701238215)
 (-0.99464199402196385,0.27137474947624657)
 (-0.68263682724112773,0.24395168314812288)
 (-0.88068911092848878,-0.49453366201606591)
 (0.86072713085709207,-0.051678168816393408)
 (-0.46599435395054389,1.0335572903484858)
 (0.18179431657753164,0.4780392409060551)
 (1.2646375235253571,0.012072051465562691)
 (1.1186170785886564,0.37304165003058776)
 (-1.053951498515787,-0.070924650330922018)
 (1.7868183719315058,-0.52854985978782887)
 (0.35806654388201697,0.12613335041223575)
 (-0.68962179140872948,0.26328953916968262)
 (0.63807833546516091,-0.3002893763741965)
 (1.1817417118671183,-0.34618393635269884)
 (-1.2391527120363772,-0.14421228808461092)
 (-0.9711737561165652,0.53928294021972112)
 (-0.72218808738174878,-0.72655160367717464)
 (-1.4568728270769196,-0.41878595256848955)
 (-1.225485223375733,-4.5551695429526165e-05)
 (-0.51909833867803501,-0.119472513843879)
 (0.97299532233582331,-0.001405590377347093)
 (0.74779761267885192,-0.44582288414582655)
 (-0.48080291373741224,0.13304996457034463)
 (0.78119451956207453,0.23658526978366967)
 (-0.77977993044631022,-0.051434473740243979)
 (1.0036542995058491,-0.25589418519725748)
 (-0.98877509045408563,-0.070929985761153405)
 (-1.2935341523733372,0.3733145614029279)
 (1.200009630510031,0.53001276771049532)
 (1.304437839537707,-0.63184152730416976)
 (-0.27722759748637937,-0.44647050331293509)
 (-1.2252475482544294,-0.012449950827286093)
 (0.059769616835772976,-0.39626847969906071)
 (0.6496196720635723,-0.66491936244481964)
 (1.5492597506878796,0.24546664291796455)
 (-0.60042930691736329,-0.080513686234332874)
 (1.1763780496998422,0.67957250794888902)
 (0.81613546073832133,-0.25416056405458087)
 (-1.5009862975039585,-0.72016578313154955)
 (-1.4022547425088643,-0.032669099956924602)
 (1.2386658392077474,0.080667133047636466)
 (0.79904027380566189,0.20965245296314725)
 (0.99908855911814687,0.035207954297238726)
 (-0.89315544120208157,-0.068693607557096109)
 (0.62208142640365116,0.55490074252658272)
 (1.2861464212599181,-0.36235041671022289)
 (-0.78892560904542208,0.19619394650023025)
 (1.591095138274504,0.084821562318005209)
 (0.43377781656771652,0.28556791883289112)
 (-0.13214072690376222,-0.002601384254447264)
 (-1.3042958608921753,-0.037058502644835768)
 (-0.98345214562434879,-0.78620878058518118)
 (-1.14595090329553,0.31930514162397494)
 (-0.28547963557675882,0.21358564389026999)
 (0.70920545045255767,-0.047235375819047784)
 (-1.6035862687726243,0.3272959333198055)
 (-0.96025035295899308,0.22043971762360656)
 (0.9657978850839487,-0.15895809915899878)
 (1.1105984187962989,0.29414951105596449)
 (1.0602850646275288,-0.12467302881359558)
 (-0.82779069361549151,-0.65318614921045981)
 (-1.1780502707258551,-0.28586315380906541)
 (0.55720355507879638,0.092287428585273751)
 (-1.0042388382629512,-0.38982153593689911)
 (-0.79466285499694578,0.41733230236370322)
 (-0.63553461623435603,0.29120408489164235)
 (0.71612785520333522,0.19357685505476444)
 (-0.61778097635373297,0.095017344085284991)
 (-0.55855838285471093,-0.33712644782578183)
 (0.33035853314207553,-0.4961091152116604)
 (0.46064988604959911,0.27815953379436453)
 (-0.55269608949048976,0.25446023011062935)
 (-0.39387017691630472,0.070534724940068363)
 (1.4427242645347298,-0.53367280368247128)
 (1.1835972228981766,-0.064531183834070999)
 (1.0337681320189682,0.25829195967248636)
 (1.1945508963097575,-0.14705136631789181)
 (-0.69614622115661617,-0.57102361797777546)
 (1.5994825020871881,0.15625431516188426)
 (0.91144873029589613,-0.21054214184082454)
 (0.54494707169262713,0.080732986070680759)
 (-0.68581807275520501,-0.34960951341727114)
 (0.40373126501272372,0.47871073540930409)
 (-1.1531350280699755,0.19189994997022669)
 (-0.79531119792811344,-0.53570185534262682)
 (1.079033216141172,0.35463050067256996)
 (-1.4518232426802267,0.46644157638962686)
 (-1.0562128050785831,-0.52117166356680988)
 (1.1209376456151965,-0.54357079087065052)
 (-1.074881557981535,-0.28013361164009193)
 (0.913223201751591,-0.63837216851793366)
 (0.79853310980899006,-0.33572949277920189)
 (-0.76948784409669169,0.40448714068907426)
 (0.76649628758299637,0.69994979428429149)
 (-1.1595477035893531,-0.072544336381371075)
 (1.2386560024866413,-0.046943632018159522)
 (0.49027565444447896,-0.049534030302114854)
 (0.95274130668276524,0.68048963231001092)
 (1.0184144910299435,-0.21431999755430545)
 (0.81074361198301992,-0.049931836178271571)
 (-0.67448005814212386,-0.086191794776917754)
 (0.78123189331792653,0.45938696170647542)
 (-0.64192091852301092,-0.074610278430051594)
 (1.1195225507709108,0.1267974866078565)
 (0.78516701426011382,-0.35277081088570317)
 (1.2806463082258479,-0.0071997446155035311)
 (0.94598889892676652,0.17939491308414518)
 (0.9435383160962042,-1.0310351963005233)
 (-0.69513047517468651,-0.13294118353025577)
 (-1.1672699949063008,-0.086560908851671794)
 (1.2867183429213369,0.37768071795350167)
 (1.0643568805074546,-0.41683679278227576)
 (0.29896600709135668,0.58053323106873933)
 (0.60225538208042395,0.47164701866189446)
 (-0.79477419698241125,-0.12840180484129349)
 (0.96162506331152298,0.019497341809795631)
 (-0.65675620642319277,-0.35821525783720926)
 (-1.1713758436249959,-0.28264054868115301)
 (-1.3475135324230614,-0.27965931982566589)
 (0.49699345400756068,0.22362044397357148)
 (0.7905291581205991,0.39975611726227617)
 (0.18728475855383153,-0.22424193567912368)
 (-1.1277550538596159,-0.19566005632536734)
 (0.87572401224316299,0.20052316304199483)
 (0.82821013306476354,0.3633245067881275)
 (1.0144967041889785,-0.52375470629982179)
