# Created by Octave 8.4.0, Thu Dec 11 09:47:21 2025 IST <gamana@Samsung>
# name: awgn20
# type: complex matrix
# rows: 2048
# columns: 1
 (-0.92022365772545867,-0.030406169887180742)
 (-1.0135618156964135,0.010258671147942579)
 (-0.96220598054932227,0.11931051457359632)
 (0.94623314707482142,0.06787495529657088)
 (1.0208010652868618,-0.060067634083113698)
 (-1.001428591464939,-0.0028759581009436784)
 (-1.0473728837394298,-0.10383314069272681)
 (-1.0115194029707406,-0.062060193217468779)
 (1.0211006125644866,0.026291008203156187)
 (-0.9848972546743725,0.025887553916381891)
 (-0.91395426191325091,0.086314753817073209)
 (0.99492152027218528,0.086539664653214388)
 (-1.0077180935834169,0.010365711862915315)
 (0.95070535340966322,-0.027901864318057953)
 (1.0227332697803742,0.048174608209135106)
 (0.849420268420646,-0.082932216577286388)
 (-0.94994706156600806,-0.041454669115167382)
 (1.0469347895747068,0.030585498803044092)
 (1.1097662946961684,0.013860990768292752)
 (0.98925652397732167,0.041945511021368287)
 (0.96276469595620062,0.045744719623172211)
 (-1.0866251824062665,0.044019113973622237)
 (0.91204553610452788,-0.072277864532372449)
 (0.92372215125821611,-0.048885825126270988)
 (0.94682244584447772,-0.012384943507197776)
 (1.0768839881959447,-0.13438235114107544)
 (-0.98157979725020139,-0.10626460623866359)
 (1.0213405945669864,0.032782125014315447)
 (-1.1023731900546767,-0.071319127244873784)
 (1.0374688769575622,0.028126244186284483)
 (0.97962916219337992,-0.02137045486861576)
 (0.98250127433671619,-0.11913654579820743)
 (1.002724079189262,0.15083713499443324)
 (1.0193127138811597,0.011802280969244209)
 (0.97857488326318964,-0.067268603639141319)
 (1.0098670904406275,0.026095011826386377)
 (-0.99740668624011619,0.025550824783175097)
 (-1.0092402026743075,0.027880288818386563)
 (1.0739242972014136,-0.055645187655291653)
 (-0.91442261385203405,-0.13769180496371577)
 (1.0622583221618571,0.025497554509225591)
 (1.0430609957866985,-0.15879641829854468)
 (-0.91555555009526857,0.015176645187242287)
 (-0.86724367383952339,0.2068637217419021)
 (0.91550779195702769,0.069942096646492591)
 (1.0336761711005298,0.052400936134643708)
 (-1.0307589848681324,0.050061308373956039)
 (-0.98659163431107344,-0.098191135728588633)
 (-0.92878546625013647,0.066762848620757972)
 (1.0696291380425345,-0.046918368561734709)
 (0.95348913100391808,-0.073440808728794535)
 (-0.97610906401473407,-0.074897780885954543)
 (0.97448386914588303,-0.018630907337302188)
 (-0.95340594732974726,0.063175797974910977)
 (-0.84853929259907779,-0.037145486339417395)
 (-1.0251531811386185,0.056478267402691844)
 (-1.0178808991649468,-0.019383968219015585)
 (-1.0543004084833425,-0.08583103929446452)
 (-0.85586571497308428,0.079832675590700064)
 (-1.202651258735536,0.12590252943051108)
 (-0.98179519765094692,0.0024084256897279853)
 (-1.0150969533771026,0.066848720145491758)
 (-0.9551200979843274,-0.060671106816070575)
 (-1.0065090150326856,-0.010605884950537511)
 (1.0817177735641732,0.05682761620952425)
 (-0.94719310737749618,-0.012958560305956591)
 (-0.93477422857857639,0.09081407607068262)
 (0.99456916495967862,-0.018923142078209734)
 (1.0630945728696797,0.00086884306412194257)
 (1.0166058258938502,-0.12166680005614415)
 (1.0087415114834146,0.0022532877432252241)
 (0.98675483565872624,0.094519758303469259)
 (0.94815756830282083,-0.072151245039026507)
 (-0.95970580315752352,0.022328622041279035)
 (1.0590276885442096,-0.07958969505014224)
 (0.9549256071520219,-0.10416672411448086)
 (1.0319811689122425,0.028450966144872098)
 (-0.96017723733911753,0.037290330508198487)
 (-1.0708709742258649,-0.05091393751765072)
 (-0.95879963807497681,0.13629568337468689)
 (1.0121481543125814,0.051547305037915304)
 (0.94584457285671519,0.066371205961428856)
 (1.0476953971717253,0.00019475091043943003)
 (-1.0500593598759185,0.025396606520909162)
 (-0.96775038097407107,0.051799772605544914)
 (0.97329757040829379,-0.045379402149091974)
 (-1.0458591930510694,-0.0065347102014480588)
 (-1.1364120749644209,0.0075716265555628845)
 (0.98135337005688539,-0.051867927162413778)
 (0.88005349415926593,-0.067562040961179889)
 (-0.94994135931804513,-0.096947790899720346)
 (0.96979566518374494,0.081637468339375449)
 (0.96659808405738545,0.11646905912422789)
 (-0.93891112026564483,-0.058737976997468792)
 (1.0084757542981646,0.079071203601096901)
 (-0.95647281071752321,-0.036112826615664471)
 (-1.034228449178179,0.054555581899492479)
 (0.99180773914715015,-0.053283239871904468)
 (0.99742444458713297,0.026758064135424853)
 (0.87894349598619015,0.023805336084038366)
 (-1.0411133633197245,0.05407240388674054)
 (-1.0612672100389702,-0.05116421181309936)
 (1.0564318523283456,-0.11450305102956677)
 (0.87977488612358279,-0.040947747937196188)
 (-1.0599956498621064,0.15374121759702034)
 (-1.0966970613703682,-0.066652280723109608)
 (-1.0057514049593268,-0.10296775532491038)
 (0.94028247221199657,0.0049159089743852809)
 (0.96072818034201946,0.036901774821314161)
 (-1.089039659602699,0.023723631908545536)
 (-0.90561042408523118,0.0089451173214057638)
 (-0.92195555511096416,-0.02837874201748657)
 (-0.94301495439767313,0.03138454702791748)
 (0.89113083041449803,0.031697619069903558)
 (-0.94044655870614235,-0.047879050062619402)
 (-0.88433300988768482,0.093146162201348831)
 (-0.93259994586464634,0.021639962073321986)
 (-0.95198887318862058,-0.12344531221160684)
 (-0.96065250599917784,0.065241314144027035)
 (1.0895956815609322,-0.098596626114143882)
 (1.0883312380041574,0.093742264562408639)
 (1.0720413524066421,0.023391318821842089)
 (0.83464383947473852,0.033560545724808925)
 (-0.93103324016287681,0.045198195620351933)
 (-1.0010291786503405,-0.034596224986743272)
 (1.0476073439811053,0.070721025894398729)
 (0.96830924081054925,0.096152944634597989)
 (-1.0625963750049294,-0.016470731302175756)
 (1.0113709149301036,0.0049249807176244033)
 (0.99553324001183974,-0.06062398431278803)
 (1.0173859583344034,-0.032274382684411594)
 (-1.0519707677584405,-0.11639902877759747)
 (0.97516624929979401,-0.032042541360230707)
 (-0.98840220882342089,-0.18378084149698656)
 (1.0307252144893768,0.0044831892988277276)
 (1.0527093636966494,0.085987087252265698)
 (-1.1317547013031219,-0.057791694328432064)
 (-0.98659547904264711,-0.023511418147814486)
 (0.96055670838297813,0.020754803379553106)
 (1.0669357277007943,0.061340965349498434)
 (0.96929593529063052,-0.053796300423681942)
 (1.0455038880143359,-0.056499987400745612)
 (-0.89013674321933178,-0.0093200947701275842)
 (1.0702751959832515,0.17227593745937719)
 (-0.95841431602021998,-0.022428783510199196)
 (-0.9379036158050702,-0.17013832487478966)
 (1.0560059879229635,0.047108785314536376)
 (-0.97747264076885498,-0.062332903937769107)
 (-0.91215138481943381,0.044014149128265907)
 (0.94008648692068175,-0.060216430209727383)
 (-1.0523169475010474,-0.010797326786674647)
 (0.99976365455048521,-0.078158473955459523)
 (-1.0635977461375667,0.030963148020789956)
 (0.9670286834364874,-0.062651992637389894)
 (-0.90332617566182916,-0.073833878322671895)
 (1.0158231398291517,0.076252713428216004)
 (0.92371981107821022,-0.14905056713696144)
 (-1.0372863487542621,-0.02475674753026709)
 (1.1511650571064314,-0.060263442339737211)
 (-1.0109078071840103,-0.030870319928838558)
 (-0.93643058723698758,-0.068619419286258296)
 (-0.97928097347993193,0.039474383679118263)
 (1.1308777467659126,0.018717523750044991)
 (1.0326663527561051,-0.022771851344460418)
 (1.0632218772811763,-0.12375799947548552)
 (0.96812681277391488,0.1456415422738839)
 (-1.1009274864017333,-0.073868815807538332)
 (1.1238858883417526,-0.04299179227141478)
 (-1.0498581333945438,-0.019847262970658572)
 (-0.9700484432457569,0.046752953051050289)
 (1.0158325349722466,-0.045312749453698647)
 (-0.97167945249506982,0.017723122730090263)
 (0.92522348263802268,0.073706088862689673)
 (-0.936080446253997,-0.23610450291679308)
 (1.0199588557556918,-0.045488217657151227)
 (-0.98404466502066568,-0.058961522662177503)
 (-0.86888625510532302,0.088604188118406979)
