# Created by Octave 8.4.0, Thu Dec 11 09:47:21 2025 IST <gamana@Samsung>
# name: rayl
# type: complex matrix
# rows: 2048
# columns: 1
 (0.30875382262422235,0.54478107851538815)
 (-0.38200358780609017,0.036970535653849931)
 (0.86511347864972821,-0.89755151088554308)
 (-0.15994204477422916,0.053991149650834812)
 (0.50559474478117761,0.23657389740867868)
 (0.45710643785449478,0.31922780875234408)
 (-0.21426887458303537,0.28530496539785022)
 (-0.11956253637533432,-0.72623871420668185)
 (-0.1840405059079443,1.4340398435136408)
 (-1.057990175130038,-0.0099049858778870788)
 (0.61181883425820183,1.23828489257033)
 (-0.76909036277841802,-1.0719693409468132)
 (0.7716228463727145,0.055078838674596786)
 (-0.33884674898205841,0.66849145855181114)
 (-1.7284761551353647,0.69310278466048247)
 (0.33394242169021865,0.19253750119767848)
 (1.2181329154686291,-0.77409740843873109)
 (-0.027382115174436762,-0.10090060624557361)
 (-0.07183796410987385,0.8812713950969876)
 (-0.20716003151250062,1.4631539434488088)
 (0.22129198386452448,-0.28255292560717848)
 (0.28608076306235669,-0.29474504347963715)
 (-0.1152249742802442,-0.88394470384367763)
 (-0.37847937889570876,0.10392774421125463)
 (-0.31140492886781895,1.2448951286314571)
 (0.22418362635681052,0.64369799198064814)
 (0.37115964684927316,0.031443454425932833)
 (0.34437443372100857,-0.069817775840871232)
 (0.82817270479653771,-0.20478473217062682)
 (-0.5991529644062985,-0.32824543808705542)
 (-0.98215836463736317,-0.71182051669199098)
 (-0.80571567236902986,0.90130316514070352)
 (0.68183009255474525,-0.82095982550859115)
 (-0.09562510156237651,-0.40340172430923338)
 (-0.10165220025775401,0.55735850295458389)
 (1.4631310558906461,-0.47813748578926635)
 (-0.5142971415524461,-0.26861121227990359)
 (-0.69746169183108886,0.0063318522766059246)
 (0.2062453868356415,0.41979930208035254)
 (-0.006218596284961,0.010044538721932613)
 (0.69712074770676058,-0.89945654312892298)
 (-0.42579341735742615,-0.31214705599121023)
 (-0.006027034810990037,-1.0336940022587364)
 (-0.31203777527429538,-0.26171411601735112)
 (-0.29137243592740775,0.21543976266588039)
 (-1.6887231652936978,0.68856394102318563)
 (0.21528720088103104,-0.33847712455485396)
 (-0.80714339672154156,0.3724289435043448)
 (0.61729768072908742,0.4339454110929179)
 (0.74305203922166518,0.20753807516676015)
 (-0.49136259657604803,0.025026303741563265)
 (-0.55916668839379757,0.81023582691818852)
 (0.92219552481295197,0.63568590557752302)
 (0.29422635016323245,-0.16682639900217197)
 (-0.15347091656928524,0.45757611453069136)
 (-0.26532298059783688,-0.48164365313741497)
 (-0.67138348748489163,0.61096056698411383)
 (1.4421417387464275,-0.35124326318675864)
 (-1.4225457106922941,0.34632421544326136)
 (0.071524627799871801,0.17386536239433351)
 (-0.25542552387638107,0.68879083533094121)
 (-0.42921444097325273,0.24273466392524742)
 (-0.45331851798762129,-0.72215831075464898)
 (0.91787349652995842,0.0073077076082490007)
 (0.37178035457001429,-0.67177224289808513)
 (-0.90776800861448093,-0.23213735340649574)
 (-0.058270270390040874,0.25271991816632189)
 (0.17156199579318335,-0.56539438818149035)
 (0.19159161951804807,0.40237328392528371)
 (-0.85331860125980807,0.1333743647905388)
 (-0.69166607359095655,-0.50723474689353554)
 (-0.6876416087242091,-0.18589300137845854)
 (-1.723752644226213,0.053008296013456545)
 (-0.11130926468800952,1.4079782183004805)
 (0.13795443386552411,-0.20498804315197952)
 (0.84568888731145975,0.46058980376651515)
 (0.45812714936657811,-0.68251419942569713)
 (-0.45347180815417337,-0.2709178758511433)
 (0.60451045812530635,-1.1443947366856608)
 (0.19898964310347578,0.45043280972120431)
 (-0.8791388532976937,-0.49832028635408043)
 (0.81503107698167931,-0.097981717308938898)
 (0.14256860983105862,0.33869731488245131)
 (0.64083634122323097,0.96781925618099429)
 (0.042426742066874058,0.36690534105149109)
 (0.086761251370811004,-0.003269109320765524)
 (1.5761103667886653,0.17610058355568345)
 (0.28695646358731275,-0.19047120287215732)
 (-1.1577530054395715,-1.3843226402764366)
 (-0.23244194492941184,-0.40734661448214288)
 (-0.19414131257971456,-0.69652846456372963)
 (0.60480052976361587,0.66739949581812885)
 (-0.69131684888598754,0.071767303751314099)
 (0.35468752509422763,-0.342008322131858)
 (-0.32654881303676647,0.25918779479938192)
 (0.74424939237656207,-0.83615074109200827)
 (-1.5338785427852035,0.75618862861425651)
 (0.22118979928771601,-0.28074466411509746)
 (-0.61663024452911386,0.24834581554086554)
 (0.084154356303977176,0.14469003503604391)
 (0.72288478119172206,1.0313589473083291)
 (0.91276563718003911,1.0965400338151252)
 (-0.14351846723524336,-1.8057582451294238)
 (-0.80438955035560256,-0.96180193968928906)
 (-0.34602772428982542,-0.75533219038955657)
 (0.1413319540080076,1.2377707094954731)
 (0.13323828346337777,0.89858015598600371)
 (0.055426522050246202,0.99341015901590546)
 (1.4901596422819885,1.2581239171281633)
 (0.46735959897025819,-0.67196413375639474)
 (-0.82776371428546169,-0.37293134334627509)
 (-0.78082603621800739,0.77242362083280902)
 (0.82313315210842375,-0.077299013403241731)
 (1.6121750330175626,0.13863905340748231)
 (-0.84224425362598376,-0.51235585574164655)
 (-0.43909842924656511,-1.9298674887865834)
 (0.48231387515182156,-0.97830165189619478)
 (0.31271660821989128,-1.1208815682349353)
 (-1.7460084881218803,-0.973860746819322)
 (0.19829228357980255,-0.50291312465357574)
 (0.022564813468471039,-0.40215975293269662)
 (0.10397053317280137,-0.34028929047296735)
 (1.9139947934939836,0.23030655541953063)
 (-1.0153256917542546,0.94720764845368843)
 (0.29036333564321221,2.0950375964465651)
 (0.11072857608413564,0.88468352097571101)
 (0.72078522487393593,0.73010515776500773)
 (0.83001089295647512,0.011804934230701638)
 (0.61027593035584027,0.48693845587828632)
 (0.27848040704419436,0.87376493677213363)
 (0.4635828256543108,-0.92905889372706441)
 (-0.92196059942186037,0.59320524397723806)
 (-0.7694316334323853,1.1074384648179272)
 (-0.67598430749488037,-0.80436452705724337)
 (-0.90999952867880451,-0.1432663284430698)
 (0.33661209188387409,0.52244983775238785)
 (0.9363200782018245,0.55696934575283774)
 (0.84703329238437741,-0.1742360272054993)
 (-0.30280394822394419,0.2412470148225766)
 (0.40266604949605234,-0.091553808525599342)
 (0.25436789750755839,0.1900965715952439)
 (-0.70231304780905968,0.57010303661107309)
 (-0.92888961203656728,0.53690728677409794)
 (-0.3709385526882753,0.19970642865178254)
 (0.84701981475966237,-0.68292489703702997)
 (0.095134605522763552,-1.6087798980118253)
 (-0.43758080950106731,-0.57657728032797417)
 (-0.84872653536722831,0.6134642961633382)
 (0.39362379875287218,-0.88851412929712781)
 (-0.022788488764647695,0.62225330318836058)
 (-0.16658835214030848,-0.53751001049099811)
 (0.37145828759231131,-1.6054868499163915)
 (-0.32305996504053619,-1.5107864570121201)
 (0.27233740076316187,0.073431614496158606)
 (-0.34791337359661573,1.0041584874556519)
 (-0.086388059930413277,0.67170539911431548)
 (0.18535104465993493,-0.54906479310542522)
 (1.1549392586214973,-0.29375263084350728)
 (0.021483991933907924,-0.39231676294380918)
 (0.28337196994789016,0.30239435408393045)
 (0.04080281815356631,-0.98239847936076907)
 (-0.64644433706367399,-0.10574844362352225)
 (-0.71747995377146057,0.21997092299566368)
 (1.2452514674015054,-0.40991774215162047)
 (0.22940343147686157,0.29015736982090212)
 (-0.25461007530007385,0.43246011423254704)
 (0.14679689934040424,-0.17149433576822026)
 (0.043594729850914928,0.018200693849033736)
 (-0.80223052166829101,-1.1665537981999807)
 (0.22697439156797738,0.61145729940024351)
 (0.45727035881244327,0.55765716508857643)
 (0.7478745896584803,0.34132256605651756)
 (0.81475356313835456,-0.15432983053203778)
 (-0.30682188453481757,-0.4287919101851273)
 (0.19216785603548839,0.45730233704758777)
 (-1.5051290756347633,0.74621922655515083)
 (-0.39865408879034547,0.13377163359628003)
 (-0.80614830090397949,0.69358739018715632)
 (-0.060374881705180135,-0.43195628606946745)
