# Created by Octave 8.4.0, Thu Dec 11 09:47:21 2025 IST <gamana@Samsung>
# name: rician
# type: complex matrix
# rows: 2048
# columns: 1
 (-1.0071144266165051,0.10990988838854357)
 (1.5161829198906025,0.46275985902032729)
 (-0.74764135053458691,-0.085395281056281108)
 (-1.3164699946238705,0.50272951932343457)
 (-0.58019426413668973,-0.34179758865740856)
 (0.69008699046289679,-0.62032753290209341)
 (-1.1218667593637588,0.63173428449831714)
 (-0.79023142529677493,0.42773303554702546)
 (0.98274413975662855,-0.48064697516115146)
 (1.8791590573525259,0.066874253509942028)
 (0.64062562698510017,0.50714313162086011)
 (1.0793234794722952,0.31805492040727285)
 (-1.0127097674512764,0.0077222912721009356)
 (-0.66702722934641001,-0.066183788924649226)
 (0.68997383389945244,0.12871141349036322)
 (-0.63446563183446314,-0.38534328627380082)
 (-0.6183662667893941,0.42705548167138102)
 (1.226975746073264,-0.24283353813476111)
 (0.76357371927798101,0.57555695164775156)
 (0.77949297064395862,-0.093257759937009244)
 (0.78326339986695115,0.55537372810809793)
 (0.43042726517729146,-0.48439204959644522)
 (1.0153808873514889,-0.021154812871698309)
 (0.31317270922504925,0.11270780297993299)
 (0.9236261323342867,-0.18911289065898562)
 (-0.95924377105094571,0.017045724777507664)
 (0.63997056985777456,-0.014095993923531955)
 (-0.69250806334934478,0.044814417963673712)
 (0.82594659762301159,0.36533470284454067)
 (-1.2555508147964984,-0.66820434099095916)
 (0.9490447502426772,-0.34275829263829449)
 (-0.41254554386564041,-0.03980984283582429)
 (-1.0440992609980961,-0.57170812995026254)
 (-0.96142744039368411,-0.46645129366558025)
 (-0.72997874469218571,-0.33931287472372584)
 (-0.66960586930931276,0.52576796256373148)
 (0.45585395794339195,0.25696527776784073)
 (-1.0748118252542762,-0.57290641220607774)
 (-0.62051597571760764,0.47810359581928219)
 (0.7971371714215385,0.7598537206710213)
 (1.0035920721947305,-0.37771112253686151)
 (0.61156913010193026,-0.54537836260091033)
 (1.1286330628787546,-0.18848285830251235)
 (-1.0408683326924102,0.37733550343750438)
 (-0.9874559850729252,-0.38324638360166186)
 (-0.75217423997140131,-0.072707179966994745)
 (1.0229201091017948,0.018995979085137785)
 (1.0109890478070429,0.20993679679557714)
 (-1.7796343142454392,0.24949341963589727)
 (-0.70888730329304273,-0.07526877037756137)
 (0.94260069835424987,0.032299466314058278)
 (-0.58935435461418706,0.45603201232111201)
 (1.0045454243059062,-0.21813122438830213)
 (-0.42734066287262795,-0.038057189313487373)
 (0.80224817440146956,-0.27597382002632143)
 (0.93493081195132932,-0.48180129926834514)
 (1.1637927398534096,0.37139844996843885)
 (0.36217315694234431,-0.19417877331817598)
 (1.2181333024108316,-0.28627096639165328)
 (0.82133035440297186,-0.28183932463937256)
 (-0.98023600121741761,-0.06008725585746192)
 (-0.95971818316779012,0.61570883452042813)
 (-0.7657780273833219,-0.60486804879760947)
 (1.1357391115097275,-0.090427086516355837)
 (-0.72640146191716914,-0.1411298851930245)
 (-0.41993127279517328,0.28604773072329703)
 (-1.1798345343579042,-0.098070494965161362)
 (0.98923213289529766,0.45293596938980724)
 (0.75473833242993105,0.3497065739589425)
 (-0.53249703129086901,-0.30591570240647126)
 (-0.64009433130753923,-0.38424984272932505)
 (-0.45824203170587291,0.29882563956324909)
 (-0.75089356425923293,-0.40464770387038568)
 (-0.94943165229510362,-0.44558213635496974)
 (-0.51271937459455574,-0.032197465939738108)
 (-1.0682025823497181,-0.10071564118892297)
 (1.1788301578193769,0.0035422964907293516)
 (-0.50685848190896099,-0.029661314019227312)
 (-0.75859056517250179,0.60135322008586412)
 (1.2452589939712275,0.06442839200970478)
 (-0.72291231955381619,-0.24381916751751495)
 (1.4421997706331315,-0.087151159044694393)
 (-0.95443160013402495,0.040890333982603437)
 (0.19794278673426446,0.39793675516650129)
 (0.83768448383607885,0.12113758097550084)
 (0.65406569540690718,-0.73211293613928807)
 (-0.81723741381843573,-0.29587968883638766)
 (0.31889533836496153,-0.38262968353804999)
 (0.82910241960800202,-0.15024092326799049)
 (-0.011037836876636176,0.12647081737878446)
 (-1.0522346260930344,-0.321288380655749)
 (-0.65736189361469244,-0.045112506008465489)
 (0.55032673917084551,0.81980247562239117)
 (0.88846975091271563,0.4313636630128132)
 (0.38563109396022249,0.098359327707179228)
 (-0.99339948371547682,-1.1069756366669807)
 (0.56178365667607322,0.089897730050239641)
 (-0.9919404279043369,0.66502226627932204)
 (-0.69856013755596624,0.83149055201027855)
 (-1.1746422669997716,0.10620352676796638)
 (0.41857517872772604,-0.23562882100454549)
 (0.83562436429823594,-0.1305133784440019)
 (-0.74152126644609861,0.27057995450866973)
 (-0.75297093206509058,-0.44360730799174347)
 (0.27139338016697634,0.20389814743781592)
 (-1.6544549623013627,-0.35262580197794052)
 (-0.56832037698723026,0.15259836567804311)
 (-1.1041697477935397,0.16299726809328485)
 (-0.64606139011464747,-0.57254240541327206)
 (-0.55713281779292689,-0.070286471560627534)
 (0.85510747941025567,-0.46113124723216159)
 (-0.93324781446016725,0.32366195384467938)
 (0.90559999555922466,-0.053676465997691006)
 (-1.3169726935547008,0.4827443873541295)
 (1.166661011552421,0.48377901910102639)
 (-1.3700531632379505,-0.38888857325928)
 (0.45961139169655757,0.0067184853860592078)
 (1.1357776710921317,-0.20247845381380025)
 (-0.80919933833357183,-0.2756021942732958)
 (-1.1238781345366053,-0.19709135777532361)
 (0.59673705591007609,-0.17233082365850066)
 (-0.60613880518361274,0.015071574048622593)
 (0.4245206233709144,0.38418650449040354)
 (-1.1321588308691846,0.19946446325775394)
 (-1.4508456864781558,-0.16015496995779885)
 (-1.1579652457139187,0.060115360975057923)
 (-0.9181358256989367,-0.61900797999483403)
 (0.88225634875550607,1.2138276342761327)
 (-1.4623133760683522,-0.079307689120303587)
 (-1.2726633502933731,-0.72399964620324042)
 (0.57598609618267038,-0.10983436339504288)
 (-0.018934292600508162,0.023298691530467923)
 (1.4307659148749399,-0.17293461144411826)
 (0.70239946893401006,0.053007035997920456)
 (0.98659172908429316,-0.50519010405855258)
 (0.45253188048521881,0.20451672046944208)
 (-1.2006243272138821,-0.075435931443413123)
 (0.89254017694601084,0.2400255290723475)
 (0.51151827543341,-0.28507145927560934)
 (-0.31744332609911496,0.16771783764083048)
 (-1.5376044042530295,0.1818183908564244)
 (-0.98369815857510934,0.39288830405768044)
 (1.2970657484122208,0.26119075197792219)
 (1.0654385277136877,0.049347331926672948)
 (0.88191787719751635,0.19526486112268768)
 (0.81248674898989992,0.11649207875870488)
 (0.49363863734983937,0.51449554532069597)
 (-0.76881718332135407,0.57960860091302102)
 (1.3525024560586514,-0.30276634696289267)
 (0.58490124813832534,-0.50640146943325492)
 (-1.3053643779027,0.40255151090444313)
 (-1.1938468307522463,-0.48908736474961079)
 (1.0101955247082199,0.1504745062177652)
 (0.36385488791218945,-0.088873387946622501)
 (-0.50230828154826135,-0.52611077656331595)
 (0.89166619655974189,-0.040388239258943033)
 (-1.3277990042187868,0.11158010581277403)
 (-0.6437396409709879,-0.47211211013412208)
 (0.2977996984304051,-0.0084157484484810516)
 (1.0884050484230334,0.54684990353837859)
 (-0.81355946916058142,-0.12998586050292232)
 (1.151932069110762,-0.22815896131740737)
 (-1.1504318194698517,0.31505569510322878)
 (-0.59946022989079317,-0.12370520086200763)
 (0.94416897510985742,-0.33456409989691682)
 (1.1588036403406605,0.30216472185269261)
 (0.78767173398958823,-0.88544995006641003)
 (1.4771581765461199,0.073466803045406454)
 (-1.1284672431340135,0.022315696728593362)
 (0.62541273726211966,-0.12473752953061477)
 (0.1561141677961021,0.29764394832212854)
 (0.76605886426799352,-0.23530820151977777)
 (-0.41838994575261163,-0.62725078576632742)
 (0.57995570939721564,-0.44378795753034594)
 (1.1073026680945168,0.14184632356402518)
 (-1.0583826841283424,0.10953295007758418)
 (-0.59425025192152003,-0.35800943046738654)
 (-0.96562095140958015,-0.21142358876301556)
 (-0.78712086762805311,-0.00021116656881086908)
