# Created by Octave 8.4.0, Thu Dec 11 09:47:21 2025 IST <gamana@Samsung>
# name: awgn20
# type: complex matrix
# rows: 2048
# columns: 1
 (-1.0073658476112612,-0.042090955421129395)
 (0.94813694551735694,-0.068161784949051105)
 (0.91281159991135041,0.11676076120555053)
 (-1.0821884937610895,0.019461657391690271)
 (-0.99271086730989277,-0.20194707921424915)
 (-0.96365767132229219,0.097943828543296307)
 (1.0398838639085639,-0.037098374994294935)
 (1.0673897346680647,-0.20197299765756088)
 (0.88380941910357669,-0.021308067122034108)
 (1.0893472314032704,-0.086098217543909991)
 (-1.0919511312917372,0.042808834539179996)
 (-1.1458273888371031,0.094165968842211983)
 (1.0635873161185458,-0.029949885155298797)
 (1.0078837126184073,-0.026186881040087581)
 (0.95625507856910974,0.029111677901110373)
 (0.98592592248883426,0.054735099694387383)
 (0.96579056266543029,-0.021587445700932007)
 (-1.0211490572279929,-0.073289148409590041)
 (-0.95970460894881748,0.068563414140123499)
 (-1.1136362994167572,0.036271992903627419)
 (1.2170596052207305,-0.0066090723489187686)
 (0.98490023192238063,-0.12946102412836111)
 (0.91502449696093735,0.079744923702785048)
 (0.96207260382814719,-0.07572785034274071)
 (-0.85201940053351743,-0.03997845633348035)
 (1.0464568578994493,0.031476031795940343)
 (-0.95025051975644115,0.077397150944464796)
 (-1.0238056619568507,0.057652088784173397)
 (-1.0630137776073907,-0.045170328667962896)
 (0.99629241618366504,-0.022839966895799806)
 (-0.99217565155646148,-0.024525380037144325)
 (1.001378373443268,0.052803722640721765)
 (1.0432485309437134,-0.0065694427555099827)
 (-1.00985868483168,0.021847366669126098)
 (1.0932560757531782,-0.065156332900521516)
 (1.0355284537697893,0.015601372784043034)
 (-1.0714184941305627,0.027317790019299921)
 (-0.99882928921983549,0.044191607860318546)
 (0.95855119700750491,0.022234926962728462)
 (-1.1280275231364145,0.069874722454346339)
 (0.97650551319214707,-0.022791084831149916)
 (1.0130783870690174,-0.01425441795434341)
 (-1.1204123274353759,-0.098072346215975867)
 (0.96119955660892131,-0.13017778693385498)
 (1.1619369149179612,-0.061050360663064865)
 (0.99616373444655615,-0.04590675575764553)
 (1.0471015454463035,0.020012791401377697)
 (-0.86105999899500729,0.0095520301269717642)
 (-0.9654787785104898,0.046015904435292715)
 (-1.1239106804349559,-0.012931151648786688)
 (-0.89418720596819912,-0.064191662064553873)
 (-1.0018805089456997,-0.076869881201266366)
 (0.87949198515908167,0.043173521646654882)
 (1.0537944955089578,-0.047517739706795459)
 (-1.0478540396100822,-0.13069031523946995)
 (-1.0636719893434055,-0.12847897415737197)
 (0.98627041264257276,-0.026024876320046089)
 (0.83588155269607123,-0.013376947686113812)
 (0.96724242232831348,0.11018765907248092)
 (-1.0538253246635918,-0.22340354940273546)
 (-0.95658183852300593,-0.13151272291027535)
 (-0.99590960161038222,-0.0050226802890370893)
 (0.87145185136693981,0.057326182395870111)
 (-1.0633784861921036,0.036950594104704367)
 (-0.96940365314910359,0.063869429621439239)
 (-0.93114823225948418,-0.076664238686623976)
 (1.1596486172479019,-0.020389911018013459)
 (-1.0020312193399477,0.0060559921145637192)
 (0.97643835504178522,0.097115493462189229)
 (1.0471386269031915,-0.063766118788508561)
 (0.98291146267652274,0.070270032421337128)
 (-0.97383681142714429,-0.12816801881947376)
 (-0.94614874677512695,0.04947625076784512)
 (-1.0070507560259552,0.083228374375092451)
 (-1.0065330197919526,-0.056024212904810203)
 (1.0497386768670345,-0.0052979133544123506)
 (1.021889777986249,-0.0028696717734083043)
 (-0.98255713556353175,-0.03894884125290364)
 (-0.97133979008951388,-0.08722481571648863)
 (-0.91915701336777078,0.0059349508090317787)
 (-1.1098298706512528,0.010804440646748632)
 (-1.1797494789695375,-0.053483707702971263)
 (0.84299871848956054,0.0056117998723793005)
 (1.0290317083977816,0.11125564788371403)
 (-0.9361172965763207,-0.16219780907395293)
 (1.0376562387703689,0.11714983520443994)
 (0.8686804884630317,-0.070153131788831993)
 (0.95160338386042165,-0.032395483904361054)
 (1.2032319378376777,0.076219960108546661)
 (-1.0230272398769793,-0.11711431305851364)
 (1.0521637341066725,-0.00823102643027393)
 (0.98884143750508691,-0.016670249171518194)
 (0.9424276108422498,-0.03800359100460831)
 (-1.24883506769353,0.0067978972106149714)
 (0.92066420504649593,0.012038806863605124)
 (-0.9109876342380494,-0.01451799232570891)
 (1.035915948914689,0.095740744487460019)
 (1.2143095882502843,0.03080493845921663)
 (-1.0113513257979638,0.11235750213972191)
 (-0.98732054220103571,0.080667245213852504)
 (0.94510153084482618,-0.042664594765353114)
 (-0.95692127625861179,0.045312062341637462)
 (1.0707050294702996,-0.035129558372869948)
 (-1.0970523012437283,0.00051609869885836884)
 (0.94774624423900267,-0.024134324931444868)
 (-1.0539794584299207,-0.115336135986183)
 (-1.0663953749063388,0.056414617639273273)
 (-1.0050334759763597,0.033356821051498536)
 (0.88202013865231121,-0.012250027153974986)
 (1.1045019775388623,0.083550629424114273)
 (-1.0346785590303698,-0.016106484442965821)
 (1.0859635183348537,0.032758720478686193)
 (-0.95488647859272036,0.12872813969550462)
 (-1.0270421501504816,-0.011645577555489849)
 (0.87006581464510313,-0.030998066050358493)
 (-0.91384956497091785,-0.0090005674543822949)
 (-0.94569469552003127,-0.042304371920862505)
 (0.92302190352231273,-0.13135393836988457)
 (-0.99159376167450675,-0.012237125254498629)
 (-0.96517385226403929,0.0183414540612853)
 (0.88214282314958159,-0.084864202742903849)
 (0.93886070090441254,-0.040785429362268394)
 (-1.0438206187579806,-0.060325187026623643)
 (-0.93121147332305132,-0.067166021436063025)
 (1.0215883740894098,-0.090029915705715544)
 (1.0635098939814893,-0.02618034130297589)
 (-1.0614643027787478,-0.10918924977903038)
 (-0.97747140928201237,0.078312259772134019)
 (-1.0187175873428578,-0.034746411815125305)
 (0.96692091558058757,0.11161479470126563)
 (0.93773101133189962,0.024924553942249437)
 (-0.93687821939962834,-0.066079677129632849)
 (0.98975228134789262,-0.14520823121337206)
 (-1.0363096786323798,0.031249867705376595)
 (-1.1314236558380604,-0.14266845927455168)
 (-1.065113403466825,-0.032171125493471474)
 (1.0158400945820052,0.044050610888478572)
 (0.96746307740068749,-0.018825065059763207)
 (-0.93295356113284633,-0.078461819739484864)
 (0.99050411715114872,-0.0059581443700293998)
 (-0.95447723408972907,-0.005284844816005811)
 (-1.1716793903446945,-0.014159923501986664)
 (-0.82660436071746024,-0.011779654130362884)
 (-1.0370476992767181,-0.059747031601354653)
 (0.9629092068727928,0.067936022130424045)
 (-0.98071205964465602,0.047787873247179549)
 (-1.068977044682254,-0.11217888253541378)
 (-0.88064715585881737,0.18811483204302673)
 (-1.0237597287116538,-0.099801833657929315)
 (0.86691303943897624,0.014893928542957719)
 (0.96702301758920228,0.093770410601485318)
 (1.1272979411345347,-0.069806109486638887)
 (1.0161245161048325,0.046239993312544525)
 (-0.93503186123460014,0.03136950714911798)
 (0.8826568011346323,-0.10320084185041081)
 (-0.97253092477171388,-0.10098319652107457)
 (1.0282751617814567,-0.046737421816401503)
 (1.0313034178749094,0.0069985359464043405)
 (1.1470413877212253,-0.038904079633623544)
 (-0.98088326741891274,0.057722174643720925)
 (1.0358247354647143,-0.0015256735608769367)
 (1.0702560478921952,-0.010930870531004654)
 (-0.87166883440897058,-0.031550591778210783)
 (-0.88688645453405879,-0.0027341167070536253)
 (1.0596551092127298,-0.041175539729313308)
 (-1.0761741791589214,-0.027075653557983415)
 (-1.0223693668356275,0.11057375125931231)
 (1.0013116069322581,-0.002307724824380207)
 (-0.95710347425968068,0.048206431203054151)
 (0.93771386589504346,0.0099987661991173971)
 (-1.1092406179182215,0.085611992793840894)
 (-1.1568872302795745,-0.010764465656745286)
 (0.92630832996456514,-0.059168393603809759)
 (-1.0553047308909922,-0.00044091039988467808)
 (-1.1333436392635572,-0.079157082685124447)
 (-0.94619305889216421,-0.056029060443680938)
 (-0.92456835751540867,-0.054800785567069001)
