# Created by Octave 8.4.0, Thu Dec 11 09:47:20 2025 IST <gamana@Samsung>
# name: rician
# type: complex matrix
# rows: 2048
# columns: 1
 (-0.76790021391464292,-0.012389444786543342)
 (1.0767629320443364,0.61429442635278164)
 (-0.23009700285370882,-0.41945144314571386)
 (-0.98768968441124505,0.28781967751657533)
 (-0.77504076173900249,-0.34593121356622381)
 (0.84601728452470026,-0.66631190875695068)
 (-1.3684333604618473,0.70931396571109429)
 (-0.53847829181099427,-0.6859092122104542)
 (1.2483717268547034,-0.10205367039669702)
 (0.65276766468822967,-0.36215606379400772)
 (-0.20021478946252547,-0.11691474501975216)
 (-0.77808405093400179,0.29461401057698172)
 (-1.5429497042089193,0.16169720833961312)
 (-1.2969052274874844,-0.30529442085106062)
 (-0.773976350705737,0.10612796003562056)
 (0.92085157631446179,-0.021195249028895607)
 (1.0063415362220536,-0.25117208712329109)
 (0.51007716636286959,0.25003174591790867)
 (0.61498370014797654,-0.017513344178537612)
 (-1.3200985834733447,-0.037964814945352907)
 (-1.0134530792938177,0.47974182481747996)
 (-0.66366289925061706,0.27077999444863232)
 (0.550185135623805,-0.097431927882851765)
 (0.50674591059711915,0.78260904960906574)
 (0.81049740626667155,-0.24812528292262306)
 (-1.3858539426992915,0.27354789344153047)
 (0.71257484078891487,-0.28837351725039567)
 (-0.46739115189436298,-0.49887635946305409)
 (0.79618728163451391,-0.035360152726113758)
 (-0.64378479296100921,-0.14406555059609788)
 (-0.93114039756121469,0.37479396151361427)
 (-0.96199782100670495,-0.33403223163855678)
 (-0.42911831708735482,0.015973264020829974)
 (-1.201554412722754,-0.10667040387619187)
 (-0.71996598674053403,0.034299143816763099)
 (-0.19333802323170268,0.39184737967290389)
 (-0.8176618555011228,0.40184182702013144)
 (1.269993082170271,0.48094334354081025)
 (-1.2597805253160144,0.06778567031977116)
 (0.72374368740939876,-0.12921499911807033)
 (1.2874119592664832,-0.10797146018077929)
 (0.71362937891364897,-0.48813099850527125)
 (1.4105973097944822,0.10977537210089987)
 (-0.80078884379760762,-0.038746893528837423)
 (1.0348135452025744,-0.94425037682638713)
 (0.7742842560291644,-0.1652738671715227)
 (-1.5028896050593286,-0.41247590735925221)
 (0.73364513942605092,0.21071860580596896)
 (-1.0209246532945484,-0.90850353469274059)
 (0.42021741583645383,-0.36932916665139581)
 (-0.62855253811989165,-0.15096281497445663)
 (-0.44089420784839067,-0.2427106817053814)
 (0.55653313639970814,0.050781068450309746)
 (0.58886000927712501,-0.32745252729647117)
 (-0.97289630643718295,-0.17049821730201023)
 (1.4293983681984672,0.2959172998771295)
 (0.92674079356252503,0.12811034708801392)
 (1.7972507717223816,-0.38254552797469116)
 (-0.80310436388728001,0.19306452970712173)
 (0.02478315818479826,0.28792561195555971)
 (1.0802628965059757,0.62104124396999927)
 (-0.93753522666065392,0.8524907676690392)
 (-0.76603529227351186,0.061642314484801501)
 (-1.3496460951191467,-0.079976901787018675)
 (-1.357829604611277,0.45842064967239332)
 (-0.94527324050539385,-0.28752955432182231)
 (0.49597227798283056,-0.28901574696956395)
 (-0.90399650698691547,-0.80741895429070243)
 (-1.3964966961075436,0.1899869136665428)
 (0.93940206071879562,-0.49990602686256763)
 (-0.57157177566094841,0.52994634149454067)
 (-0.73582270012582041,-0.45338453475448587)
 (-0.22246453688824719,0.27303712530118435)
 (-0.60418975036319633,0.55259199020196792)
 (0.22762095034958285,0.25615789497008901)
 (1.1682934198900012,-1.4081321908208158)
 (0.74301585028529515,-0.047931625523388845)
 (1.3359638918042731,0.26601468025235592)
 (-0.9226751874867557,-1.2360671288568648)
 (1.1123914130073722,0.013574904832899066)
 (0.78138393146599083,0.21718761247032101)
 (1.0470563174122018,0.16398847342073414)
 (1.0182128153445442,0.1446570694846519)
 (-0.62516493566852627,0.48164021146207581)
 (-0.85642636425903373,0.34072159097990018)
 (1.08606936654507,0.73098119155632202)
 (0.66531883778130285,0.31852640296689899)
 (0.0063139807450605101,-0.48270174487838796)
 (1.2151079241019991,0.25365477517084489)
 (-0.99854755779597648,-0.58346376942459977)
 (-0.98194504317336861,0.077829098495316024)
 (-0.48113377901224791,-0.37509342689392361)
 (0.82232399816338031,0.1682332828615104)
 (0.44937797665569201,0.13298888058499964)
 (-0.70097557266570887,0.46054242552868385)
 (-1.0147245045831983,-0.24338582763267044)
 (0.12385650263657688,-0.44881340534825487)
 (0.23692728416084008,-0.13454903551993541)
 (-0.67491725288928039,-0.36365640961406448)
 (-0.81115281710211784,-0.72097895752644514)
 (-0.4869032821509387,-0.0750549239763936)
 (1.029762771562587,0.20024674002792986)
 (-0.60258811479706154,-0.47425546040778971)
 (-1.0342802698542863,0.24088436909233882)
 (-0.69506155296000671,0.4363097142066662)
 (-0.39180215373030269,-0.18692894122944764)
 (0.94186054488039883,-0.76691357271874583)
 (0.6295937768317712,0.17529956087212378)
 (-0.72263802075217176,0.15792780859579877)
 (-1.0514460672401407,0.75630891126847655)
 (0.5034075129688399,-0.82930127375244078)
 (-0.62792131950100116,-0.16521462274911744)
 (1.2165684441707607,-0.07971779827052751)
 (0.41174565428955762,-0.1391294616529245)
 (0.62233112676698832,-0.23901888430884813)
 (-1.0922782473991208,-0.03663217297920221)
 (0.79445706320421394,-0.097495334195212155)
 (-0.87221758813651085,0.25858164035547115)
 (0.38503767499104963,-0.18304447044888869)
 (1.1132380476493675,0.22261400099096759)
 (-1.2457532667134945,-0.25025900796176076)
 (0.78370322818982507,0.10000363585289392)
 (0.92783940693728106,-0.25444088511587126)
 (1.1500522419964274,-0.047772348548444143)
 (-0.95122244058028826,0.59607345983118798)
 (-1.2395222320646311,0.12872922177434648)
 (-1.3015494211067546,-0.29521077111090921)
 (0.48929481097398947,0.06545701641976677)
 (-0.34467319664914409,-0.21778393751028927)
 (0.70792528697608248,0.32582502815361708)
 (-0.6045946444891902,0.2850434837913508)
 (1.0728619171472118,0.11747022124379125)
 (-0.89625224483281896,-0.07218543732601726)
 (0.7831496110925944,0.36912704789154543)
 (0.8297520390695019,0.076232529822140488)
 (0.72668551486321031,-0.35331780369165516)
 (0.38813792748187098,-0.39347475688436473)
 (0.7846165826983863,0.45650795371986858)
 (-0.46804256014162704,-0.10391920416796011)
 (-1.0848975796597662,0.015187165458301382)
 (0.83276704580101568,0.2745118368353896)
 (-1.0493144563460626,0.46725043878213607)
 (-0.99239672156769765,-0.041963367656186447)
 (0.46178089050011339,-0.16060766981186986)
 (0.38186229575200165,0.67998281744167866)
 (0.9800253529742361,-0.67899357291245233)
 (-0.64085758199943865,-0.04071153925627663)
 (0.85292685738344243,0.26711467758916063)
 (-1.2601446893654664,0.015433921184237675)
 (-0.60511150944779657,-0.010747051390021125)
 (-1.5080531272985116,0.20427613900112027)
 (0.59608831302551502,0.59004274914371657)
 (0.55280104894778814,-0.20372696892977257)
 (0.78599222046096151,0.041457035540269305)
 (0.68018095588619187,0.14783252472916811)
 (-1.4191938884100992,0.046158248941134274)
 (0.77020919966456902,0.75609282184238491)
 (-1.0337152390552506,-0.64276232943301148)
 (1.0941586882882945,0.24670957351849379)
 (-0.82260596690321774,0.053067215294418137)
 (-1.127342273337856,-0.011492505807053834)
 (-1.1640445389839982,0.33121337887085073)
 (-0.98812670902525257,-0.5638555756667516)
 (1.3282972339228356,0.36356400393131666)
 (0.70123804914580812,0.090869843030587955)
 (0.850545320896537,0.31748669963120446)
 (1.9136042996341298,-0.899237382854571)
 (1.233793957334008,0.15994147597654532)
 (0.23025559246600813,0.29320200470509117)
 (-0.90600036448402632,-0.055444801913141745)
 (-0.54154391734055585,-0.62534330834684837)
 (-0.99336652217913857,0.34963419051939953)
 (1.0290022661518285,-0.021489196919990992)
 (-0.52797411326256882,0.057380162006016623)
 (1.2296522181234697,0.4594144894002285)
 (-0.6210884743801881,-0.71512368415221361)
 (0.60224694602124473,-0.29207425447989982)
 (1.3893679730650335,0.34166150750859076)
 (1.2607596533079208,-0.22786565498989825)
 (-1.2261312801480364,-0.0622547571547468)
