# Created by Octave 8.4.0, Thu Dec 11 09:47:21 2025 IST <gamana@Samsung>
# name: awgn20
# type: complex matrix
# rows: 2048
# columns: 1
 (1.0255823179159773,0.042806643638792018)
 (0.93720159027302286,0.015426268968524752)
 (0.94879704131357812,-0.077949344560010597)
 (0.94663855095349958,0.069510998417025655)
 (-1.0446477051922469,0.009493773419169892)
 (-0.97256726230852197,-0.012954847470526136)
 (-0.96367885818077414,-0.067221554204560399)
 (1.0342693269231602,-0.038854942203272902)
 (-0.93195224805663235,0.019656779791692988)
 (-1.0062224528544625,0.032341097295418605)
 (1.1048106911551161,0.059239676834928368)
 (0.88920936312660481,0.025353880197781981)
 (-0.93911791133696443,-0.073268921350601771)
 (-1.0191739105692108,-0.14637990238916376)
 (-0.95437734045249478,-0.057809125920847117)
 (1.0176713780237012,0.18058864710876277)
 (-0.88563699138003182,-0.14944206389773604)
 (-1.0653089469987971,0.053991676372221659)
 (1.077422997759075,-0.014550144384262432)
 (0.95853052781616943,-0.0088951174061056536)
 (-0.96870335475761371,-0.10311305898050381)
 (-1.0417325993509423,-0.034137164759639689)
 (-1.0140354063674546,-0.03082448933216473)
 (0.7694311366062706,-0.10961082114980591)
 (1.0189205890165669,-0.047203460915887688)
 (-0.96568797205740498,0.067912290615732701)
 (-0.95248665275181765,-0.094005028265730955)
 (1.0624677724687694,-0.043599456950553582)
 (-1.0244698471009419,0.098955858949295594)
 (-1.0087838739599935,-0.050233628241208396)
 (0.99438119175177886,0.0006666140057337267)
 (1.1295072857733492,-0.12429460136619308)
 (-0.95594888925889909,-0.032821987666809646)
 (1.001091509334908,-0.14160411187933428)
 (0.96297174267435048,0.015382978804570721)
 (-0.96795692386677845,-0.1022196097075744)
 (1.0520532276402119,0.033159680427541714)
 (0.98254189505116152,-0.026081801296469278)
 (-0.98142639644909901,-0.076612957400062756)
 (0.88931333158714754,-0.0044434638664979176)
 (-0.99566121565765531,0.0063478443669262924)
 (-0.99717222933163063,0.056421352401327174)
 (-0.97632223766356407,0.012911665407745423)
 (-0.96320762704705121,0.01174612884733821)
 (-1.0556592312546103,-0.080810911909675057)
 (-1.0204601472743176,-0.010220032437316425)
 (1.081626549604245,-0.069846140024237474)
 (-1.0071552306034635,0.0069109758028269965)
 (-1.1074091237287793,-0.064058240505468336)
 (-1.0280395446934159,-0.02737100470288293)
 (-1.0130239248227935,0.060383178060500857)
 (-0.97903052490747255,-0.056221226268452232)
 (1.0218343978824027,-0.160042471556296)
 (1.0720480602911711,0.0089760511559554192)
 (-0.92343946220927109,0.052444967068226878)
 (-0.98754240281437167,-0.098331612199429749)
 (-1.119041797495933,-0.034203393222852901)
 (-0.87921733497017729,0.031092304061116023)
 (-1.0191884739902572,-0.01740748614130742)
 (-0.86371633881784937,0.052041925495718358)
 (-0.94280319334690921,-0.025377787659713859)
 (-1.0139593215065388,-0.075700791711356866)
 (-1.0228940078191797,-0.048801006156859748)
 (-0.9810660797295272,-0.078776641404132305)
 (-1.0006875733542193,0.028070567731043741)
 (0.95041264843660955,0.016082162024607331)
 (-0.99986929634050148,-0.0014938397712678715)
 (0.97073071518572285,0.078132569194502455)
 (1.0456419487658484,0.040439389077934533)
 (-0.92624216943854898,-0.019220822610242331)
 (-0.94458544378084641,0.034704323629692065)
 (1.0243709952588707,0.027263219954879549)
 (-1.020672942036434,-0.063329106134580967)
 (-0.95528233942350371,-0.055401560967557828)
 (-0.93864860866526789,-0.099059324196591261)
 (-0.98561179053432002,0.017825693137822032)
 (0.87208762253860495,0.031765072341881057)
 (-1.0547597131429993,-0.019466217140290887)
 (1.0051919176280995,0.10273379735315745)
 (0.99581061155154582,0.10642656466021377)
 (-0.93213333765318607,-0.077875583034335491)
 (1.0376547945686874,-0.045764117033376128)
 (1.1469589937851055,-0.093993407892525832)
 (-0.90798804706611536,-0.017910244771576014)
 (-1.0835793167921037,-0.046704140978115337)
 (1.0366142949047674,0.11939097338445437)
 (-0.95561867280646706,-0.027393325429901652)
 (1.0643184891448403,-0.055112476414044154)
 (1.0076420965541875,-0.0025471865934382993)
 (0.94529984287176583,0.011483516944567477)
 (-1.0248573591672128,-0.10257645604566873)
 (1.064581993525578,0.021909634453416007)
 (1.0717244867771114,0.064184703170297119)
 (-1.0076857893355511,0.099984378586118944)
 (-0.97974197361537763,-0.032283874162550297)
 (1.0161821806572169,-0.055207564179525381)
 (-1.0591447464744377,0.067398630894245401)
 (0.99574313994429453,-0.0086302624531817453)
 (1.0825845451617091,0.088884849276506847)
 (-1.0228983324076391,0.09078817580247546)
 (-0.89534155846007357,-0.039410522496078688)
 (0.94514805734395413,0.05117992872546049)
 (0.97125674284901042,0.050288222919372808)
 (1.0760610938223247,-0.01416094759343936)
 (-1.0683518510095444,0.049333109348450532)
 (-1.0247672419346983,-0.053111767860402406)
 (0.96245949430214739,0.016795234378390346)
 (-0.97582398736592157,0.13863846912101022)
 (-0.92905079813943681,0.078511217482612361)
 (1.0250981360952574,-0.04230783435372687)
 (-0.94601482450182994,0.073684470337561966)
 (1.0324989589201425,-0.087919693551479106)
 (-0.84463578935975869,0.00015836326454710611)
 (0.92850762425396771,-0.029343777818619271)
 (-1.1378116111755918,0.027827349587425332)
 (0.934575322824167,0.098704314380372166)
 (-0.98090563573094169,0.031725902917062378)
 (1.0204107180821615,-0.088488029711624602)
 (-1.0798536872584092,0.061057593548615091)
 (0.94463753515308213,0.01308051883095681)
 (1.0929862651130675,0.009663196744959926)
 (-1.0298243882390694,-0.033256496410288126)
 (-0.9614360775413312,-0.047010207588049129)
 (0.91328253026351636,0.087126408719725115)
 (0.92879525022641085,-0.037887752259065099)
 (-0.97936293352390302,0.011684635170146193)
 (-0.91854662856248526,0.034153899557363428)
 (-1.0336812585684945,-0.13591087982291547)
 (0.87972711315066177,0.040685100990546008)
 (1.0686338782042535,0.072952905943477683)
 (1.0462450290477654,0.026134155573403609)
 (0.90451176101893527,-0.062318740269840925)
 (1.0941718553230462,-0.054166115754082172)
 (0.99009443812594111,0.07427033001901695)
 (-1.0271110599833608,0.12207085675345902)
 (0.92914235747734231,0.039543261372454869)
 (-0.88419094107703755,-0.1052001234990606)
 (1.0010508169335783,0.039614008044639208)
 (-1.076195562413264,0.057860544437386266)
 (0.96695855879404768,-0.088279952690061336)
 (-0.89776730587098041,-0.056972133417772776)
 (1.0201796618007077,-0.015473945083927044)
 (0.86753453436226324,0.024991488193929337)
 (0.98990518038559738,-0.1013892886491124)
 (-0.9026777672620977,-0.12300543847852159)
 (0.99626536558298318,-0.1964662199116689)
 (0.96831265064218708,0.018949750963885337)
 (-1.0528612994249973,0.01264110302821618)
 (1.0011137179443124,0.062859727055913278)
 (0.97819353996634906,0.058564628862472629)
 (-0.88479421331227837,0.045375594816523694)
 (-1.0108345172397744,0.075175576853589637)
 (1.1207305648468253,-0.023521632647363538)
 (0.94470372552222215,-0.023029798819222166)
 (1.0221189616314104,0.02580971342608257)
 (-1.0061034817563022,-0.006397744673868379)
 (0.98693744458312971,-0.044045542818207689)
 (-1.0872370106717693,-0.043284666002398262)
 (-0.98138108454831141,0.089348892794380269)
 (-1.056868230290273,0.016430931806390756)
 (-0.9714053401720727,-0.075112535183263898)
 (0.98934107026825813,-0.020314629422775784)
 (-0.91978746592281357,0.091391745319455819)
 (-0.98561028787986571,-0.052287743074647966)
 (0.9631394189248077,-0.0180355299039326)
 (-0.97351141164355426,-0.00060218778538559707)
 (-1.0441195437992707,-0.016518348158218094)
 (-0.89797933523209861,-0.068768242444910241)
 (-0.93497188829379174,-0.091613775751300586)
 (0.96366609099551115,-0.035761794663561983)
 (-0.82261070711893181,0.00066322577960597183)
 (0.978375846736385,0.052653192188431286)
 (-0.9823232144277888,-0.034127002551105567)
 (1.0797292103243141,-0.040720912577882226)
 (-1.0315635692187899,-0.0089326111251044459)
 (1.066233434236004,-0.0085282344634776755)
 (-0.94583978298769911,0.089754067148780883)
