# Created by Octave 8.4.0, Thu Dec 11 09:47:20 2025 IST <gamana@Samsung>
# name: awgn20
# type: complex matrix
# rows: 2048
# columns: 1
 (-0.88110718126266518,0.0024795965946693699)
 (-0.99550572701570739,-0.019282399931872571)
 (0.94963606518534482,0.044860700735248074)
 (1.0046477013179247,-0.026775504753014458)
 (1.0362785158642305,-0.0020308512005255343)
 (-0.94937629292792247,-0.057718528278873617)
 (-1.0093177120517343,0.043839015520330503)
 (0.92524072070655228,0.02744174888372973)
 (1.1151884698523031,-0.11845097051609009)
 (1.0376654187154939,-0.058176604731493345)
 (-1.0619154079090778,0.032502673361354428)
 (0.95000412143988,0.038985355063728439)
 (-0.94771901382497781,-0.025750513807331361)
 (1.0341313585789829,-0.057796827971148157)
 (0.9577104072403666,-0.10607429918979804)
 (1.0433460689290239,0.0063440592708412505)
 (-0.97671376857609615,-0.04052748913560808)
 (-1.0525698590899852,0.034596600902353551)
 (1.0117243730828385,-0.101983912700062)
 (-1.1317974283552339,0.12687854017617003)
 (1.07642325776297,0.093845919435246145)
 (-1.007767689185183,-0.14863043663897654)
 (-0.92909127524899382,0.13514069170098825)
 (1.088483931701234,0.00054096412086412037)
 (-1.1273823035906665,0.018894149338408637)
 (-1.0937278127913492,0.038493665231660965)
 (-1.0086579792723225,0.020966750466158892)
 (1.0963192681829281,-0.072692322315704147)
 (0.97314238972767186,-0.00071132222448170288)
 (0.99255507401618615,0.039390840687939882)
 (1.0861080804190588,-0.061314984410806454)
 (0.9948269264480637,0.0074119634744180835)
 (-1.0091335105511943,0.0051302970160547919)
 (0.96848705684732261,0.092610237714141827)
 (0.9958728567315549,-0.060693775984737547)
 (-0.9775987975734628,-0.083021715018227832)
 (-0.91865778666800513,0.0052337663606873688)
 (0.95050530529784349,-0.040126764851507575)
 (-1.0108341584669667,-0.15894358905574835)
 (1.021223485238155,0.09763911808742809)
 (-0.99576560342448095,0.11246099246089092)
 (0.96374434514685092,-0.072697711379104302)
 (-0.96133401949836506,-0.0023254359616057723)
 (-0.86042711858622256,-0.015099121608846433)
 (-1.0054782685605879,0.088927110869823633)
 (-0.94262399276215836,-0.04833532192432894)
 (-0.98903820153752842,-0.13554029637299006)
 (1.0861401140053319,-0.11960637716842742)
 (1.0145417454354613,-0.1130866535430337)
 (-0.95331900804088354,0.10469238198695295)
 (1.0440681582480056,-0.00055801566986809559)
 (-1.1127151332193319,0.016730795072480872)
 (0.96081072944299972,0.059549311683086283)
 (0.95863240301402008,0.010185017694656585)
 (-1.0099733891233083,0.069554074905727875)
 (1.088514932677848,0.018119564719930294)
 (0.95954353415557692,0.0396958456575177)
 (-0.9904739487666625,0.22914219682584058)
 (-0.9197541583201061,0.022243871231421831)
 (-0.95513883561887913,-0.0043997186019417633)
 (1.0314902962541646,0.0068581212943937958)
 (1.0309099675599385,-0.052202287119160723)
 (-1.1056454755935345,-0.028688944244635237)
 (-0.9200507224887674,-0.14865851038266617)
 (-1.0401115065865063,-0.0013210584012656864)
 (0.94622471100480365,0.075869593079272393)
 (-0.79998569355855631,0.056013185639914226)
 (1.1206068026236853,-0.049270473029836635)
 (-0.99956108203821437,0.021459312429231908)
 (-0.97438708264234875,0.052280644824408418)
 (-0.99120401478833275,-0.032237797953155074)
 (0.94064337731444758,0.054322417778345039)
 (-1.112350760346219,0.042520354044762426)
 (1.0892332376792857,0.031116605885188345)
 (-1.0740753107744392,-0.032757815576505887)
 (-1.0243958490651544,-0.11053240811478078)
 (0.97680255569197183,0.032421138831968309)
 (0.90044415852899518,-0.04232615485206008)
 (-1.1608651537658363,-0.012195487925742887)
 (-1.0212324885613349,-0.08725683359506442)
 (-0.96541110852847578,-0.0021261787575517291)
 (0.83269022375646562,0.045294906433092919)
 (-1.0300352780565074,0.13228117758716726)
 (1.0682262539899463,-0.14482986456592759)
 (-0.93441722704283325,-0.058736753801892153)
 (-1.0003560450879816,0.01790647511554427)
 (1.0678711774436076,-0.060360758655831709)
 (0.966763029232938,-0.013399860694829582)
 (-1.1008082924060505,-0.086894891970327792)
 (-1.1282909516628659,0.049174264778307795)
 (1.0198859920646994,-0.065687925590143775)
 (-0.96893098471286443,-0.082935755320080073)
 (-0.9563521940143721,-0.0074560866470014184)
 (0.93015002187265949,-0.1427551262669538)
 (0.97961096922213375,0.12006449810983705)
 (-1.0828720159315925,-0.091524438285224954)
 (1.0404666917066858,-0.030913580460033365)
 (1.0309973055914461,0.025523674577363955)
 (0.93149732574157396,-0.13446996425791419)
 (-0.92241113520230944,0.11502191910633022)
 (-1.096283838004382,-0.099312843007034579)
 (0.92626092809764837,-0.10013690497457628)
 (-0.94890705514879703,-0.030317516645663761)
 (-1.0910182299210085,-0.070886852243240081)
 (-1.0052123345666153,0.0077658961271946693)
 (0.97067108374880962,-0.11127068987063238)
 (0.99503965558805241,-0.055862681407098436)
 (1.0921452982790614,-0.0011769712415793782)
 (-0.99102419797679042,0.020949748130436777)
 (1.0468201783753384,-0.18284726276907903)
 (0.87388995638428923,-0.057217634648738504)
 (-1.0388324592678639,-0.065435959253364553)
 (0.99918132924486014,0.085804974768631984)
 (-0.99693095937799137,0.011468694156277152)
 (-0.93766380923540615,0.14326846826625791)
 (0.98422533229847398,-0.11760886243715814)
 (-0.9713045823465889,-0.044067512647975877)
 (0.86517255971704798,-0.0042530138018136198)
 (1.1160239913826737,0.023789865426573534)
 (-1.0664806312817743,-0.0088696526365552846)
 (-1.0220929953876536,-0.032078819799782193)
 (1.023139531745358,0.081757693764037853)
 (1.0337998225760947,-0.096352605983641676)
 (-0.99000495243807085,0.012742253360626642)
 (1.0984767302472578,0.0093117705199958437)
 (-1.012601507440724,0.08938666099381512)
 (0.89283017428137423,0.018521731549865545)
 (0.94506265616963758,-0.0077001202506135295)
 (-0.95810473728767909,0.077885479844093594)
 (-1.0368382278368715,-0.0073016303402426673)
 (1.0143750007322379,-0.04334724829228908)
 (-0.95377730535109595,-0.025067807216523127)
 (1.0356611917553011,-0.020490699050319323)
 (-1.0663249375135555,0.015950321703893818)
 (0.97226286498614545,0.17406401334557534)
 (1.0935409799163391,0.050494377247794223)
 (0.95673272106965124,-0.0031199124749256122)
 (-0.93282597414960955,-0.060618241153598512)
 (0.98390280167808619,-0.06006725549871355)
 (0.99376474007935733,0.1284144893243537)
 (0.97561205960998454,-0.022784899404331906)
 (-0.99221488801665692,0.059189092821006262)
 (1.0527992745807826,0.056592721990216456)
 (-1.1106987622235471,0.0048825465165441267)
 (-1.0700343094500995,0.15409871245463824)
 (-0.92880914725815134,-0.045077058466103603)
 (1.0516232347964207,0.086184724667252882)
 (0.94016411003519518,-0.040603257538997933)
 (1.0021132640186607,-0.10131968876692857)
 (0.97999931034919663,-0.039846650065778533)
 (-1.1506360578701997,-0.073426043374135969)
 (-0.93677702385050843,-0.13115876755926265)
 (0.99243678848491079,-0.10313720206983912)
 (1.02886001150933,-0.046275178016307324)
 (1.0147479735783367,-0.14160178108518406)
 (-1.1006513562169287,-0.049597570846869832)
 (0.98503662101551226,-0.012913983441644567)
 (1.0090716445429544,-0.048318013278960015)
 (-0.96049236515966119,-0.086310935729674729)
 (1.0887395192678422,0.089300596186885101)
 (1.1105882403644052,0.069797923149537353)
 (-0.96761772703148252,0.062500726768702733)
 (1.0361487505702942,0.018868690360911412)
 (-0.99606998831421989,0.07871749905623468)
 (1.0815811250959417,0.062806085902387052)
 (1.0158846606136176,0.076791566520162891)
 (1.0035658321886585,0.055447179391677141)
 (0.95574528696110961,0.012092620693205963)
 (0.88625165484639934,0.073050489808925687)
 (0.99152396719676239,-0.074238087067588679)
 (1.0186187751183187,0.090519590508928022)
 (-0.9639587579145521,0.10752178325298029)
 (0.92482341791934819,0.032309144585893269)
 (-1.1269821539515574,0.09638173678868589)
 (-0.94109358443109781,0.1196845830195918)
 (1.0958044441390582,-0.098450929554133371)
 (1.0149439934951086,0.12983120676071658)
 (0.95778264302336502,0.042493739925672173)
