# Created by Octave 8.4.0, Thu Dec 11 09:47:20 2025 IST <gamana@Samsung>
# name: rayl
# type: complex matrix
# rows: 2048
# columns: 1
 (0.0083570196765097079,0.05240080465082915)
 (-0.36358544830932132,0.84412948495525697)
 (0.22558503374022426,1.0733660831007243)
 (1.0183244805077556,0.43359131473062917)
 (-0.12567522868821351,0.21503507265397107)
 (0.91236849859115043,0.25364856523907309)
 (0.00049925892578514693,-0.76439440108207657)
 (0.35178088251090994,-0.8953030568065361)
 (-0.2063151718951865,1.523550036322743)
 (0.61965278983178884,-0.49994851968561532)
 (-0.41997877526439742,0.20587460651902537)
 (-1.1296480910541071,0.58881091506422778)
 (-0.51153210559599516,-0.52240081428269869)
 (-1.2604817620989701,1.2152097577765384)
 (0.6576127064755688,0.48343675081011733)
 (0.40784289704535964,0.31482430726041494)
 (0.8403790976604969,-0.9025866224788085)
 (-0.25465231025804591,-1.0143825432200659)
 (0.95290057300559594,1.5025834539053067)
 (0.055511020946813421,-0.030151174342440936)
 (-0.29235923671858527,-0.059886183960366136)
 (-0.54568542847197676,0.12654254700767723)
 (-0.8513217224415901,0.21583576613073086)
 (-0.60953479729853777,0.19366802778893064)
 (0.23310414613004873,-1.2621674076137053)
 (-0.16749476135552374,-1.0208434516231752)
 (-1.1739274892423543,0.70453617534829582)
 (1.0758383533183669,0.21656900793461739)
 (-0.77252277307689821,-1.0429910916985148)
 (0.13650147422185349,0.055539415174496995)
 (-0.2708619821807059,0.21768745899592307)
 (1.0959422023692731,-0.28507599476635709)
 (-0.98172177046251996,-0.069976298843894918)
 (-0.6087277002042597,0.57270443903650625)
 (-0.12017007915683628,1.2714658522102984)
 (0.31948393850271722,-0.3147721935582824)
 (-0.033976761367984221,-0.14751476520591603)
 (0.24218559526152794,0.22356555658615723)
 (0.093472732608015557,0.92097214055997545)
 (1.3858631902910454,1.1042260617483735)
 (0.0594030925976178,-0.13196138458480614)
 (-1.0835368535384118,1.2629910143842968)
 (-1.1954486852780202,0.96877415493974595)
 (-0.2600526751971744,-0.62312259969957284)
 (0.037549399705773687,-1.9458809022326922)
 (-0.87915461603767886,0.1374888129205748)
 (0.48365165487238637,0.41650192029860461)
 (0.32006226494497791,0.2424436766575602)
 (-0.47119147396001504,-1.1840468861960565)
 (-0.084902912229250005,0.038421763603753802)
 (-0.33529538540960852,1.0356220344938649)
 (-0.3084829671443895,0.058726139056127551)
 (0.29667064285495087,-0.20749017124359809)
 (0.025299054653938221,-0.95183413858812171)
 (0.18737764658328726,0.73037291674367322)
 (-0.95646230008661182,0.22315376111423657)
 (1.1903492978315686,0.20624686228409481)
 (-0.79861947256913579,-0.89622613501712367)
 (-0.18119667070836173,-0.67692999645856189)
 (0.30678748049264892,0.21139402192151163)
 (-0.11297044960536712,-0.56977920069805399)
 (1.1516147394485579,0.43832404167734801)
 (-0.72590622408924033,-0.50048450013436918)
 (-1.2333364304248382,-0.21772655825930404)
 (0.35091893255104517,-0.31913933004884126)
 (0.46852751149395699,-0.030771024292186384)
 (-0.46652018264904044,0.36551768853247713)
 (0.17897196317042144,0.24065045428300302)
 (-0.010110351595489193,-1.0949164635371416)
 (-1.0353376766645359,-0.19585651938598284)
 (-0.79069198108507344,-0.51411872244027024)
 (-0.64043744208400455,0.2855919941435574)
 (0.56829744335096455,-0.026187318063911679)
 (-1.2541867321154658,1.1393840283185195)
 (0.38971793234817703,-0.84886366176597383)
 (-0.065840477469680025,0.29967680203901631)
 (0.97407608090940778,-0.28834514624895974)
 (-0.030085358167440152,0.34232344240660229)
 (-0.027333477254035503,-1.2470353530334664)
 (0.47928630274229306,0.35945821865771016)
 (-0.31842561215318332,0.05608127752291802)
 (-0.1825975512886053,-0.30197268159736418)
 (-0.30582682440953424,-0.55330742323836013)
 (0.10301224003198382,-0.89718294809918941)
 (0.12634292833027591,-0.35423721311904455)
 (-0.18381106535279262,-0.22259635955005397)
 (0.41694361666846008,-0.41825847306541464)
 (0.42982517367247691,0.028346165115108214)
 (-0.75696447112976739,1.2556796809772734)
 (-0.054469171476394102,-0.36262687317749104)
 (-0.012925029610928087,-1.1804290426415456)
 (-0.33522556186426045,-0.51613710614768715)
 (-0.55305322563970905,-0.75727943842739609)
 (-0.33222425186126792,-0.65164003289489569)
 (0.97952798629218074,0.086048122159696289)
 (-1.2986215990971701,0.09532841220703607)
 (-0.26005783157921752,-0.27828552002418416)
 (-0.61002385096495326,0.94092384653840833)
 (0.57811965695946899,0.24117410002028089)
 (-0.63465085296220647,0.09492168621263597)
 (0.076285375749252829,-0.33908669702408306)
 (0.22781064482311025,0.40489189193854147)
 (-0.11157843113569194,0.22280143510639672)
 (-0.037830284476301108,0.36867237767576294)
 (-0.71565445498264391,-0.13844603047308354)
 (0.20651749354460605,-0.098720517826625928)
 (-0.45802288756025844,1.6396345747899406)
 (0.32851134796401177,-0.39760734256923702)
 (0.025092157084313456,1.0987928549654733)
 (0.40430917486549373,-0.3721508794949378)
 (0.52187541925728897,1.978984105454545)
 (-0.00024196293149427977,-0.27248285908796616)
 (0.46510605529037502,-0.23922188503989358)
 (1.0799889554691291,-0.37564123225137069)
 (0.057803589018564201,-0.32891596411628643)
 (-0.9717213776703465,-0.31001500101215468)
 (-0.70079877455525186,-0.58991655366798312)
 (-0.078893348128401541,0.39611712619493689)
 (-0.55104616041092636,-0.51809964762323768)
 (-0.6694432048889416,0.22768978146501775)
 (-0.74709967359905671,1.2572864696445518)
 (-0.50839370187950617,-0.37166025472799669)
 (-0.6198618251132203,-0.63796631054445641)
 (0.48777106556862626,-1.1542542557664539)
 (0.59797332432274897,0.75701987123432857)
 (0.27072102126377667,1.3073783606590961)
 (0.35993967043677305,-0.91671169653916351)
 (0.66490306913483643,0.41333619446682346)
 (-1.6096167138920943,0.46003000635708963)
 (-0.96385650156211089,-0.33299628850993396)
 (0.56935316999658114,-0.4833467752998617)
 (0.44071052388908205,-0.86660650758048186)
 (0.36140891629259553,-0.14003988581575119)
 (-0.12962716370175772,-0.17845075406320329)
 (-0.42682829779000508,1.216347021023314)
 (-0.24565177502461016,0.8881105965809768)
 (-0.84088745465138692,-0.071758985185177399)
 (-1.7711546271241174,0.36186865513243316)
 (1.8041084443076225,0.027274232557205708)
 (-1.3385506114677783,0.29678356754795476)
 (-0.88868175065786326,-0.45866430878473807)
 (1.8244505741356072,0.41797590495319803)
 (0.0011553496726948069,-0.077945003478557789)
 (1.1458243304741378,0.96671052536946978)
 (0.092059419949599541,1.1514744222203788)
 (-0.43139181973442148,-1.1349088130259457)
 (-0.59188506622019099,0.97388252135325604)
 (0.29012413159022954,-0.021410512929788961)
 (-0.48578318727804642,-0.51552424242671446)
 (-0.71631386253821105,-0.5224181924099881)
 (0.77205825933087513,0.21610726766133698)
 (-1.6067329383319382,-0.7460462793618009)
 (0.0027176924037013478,-1.0623796944170807)
 (0.36151444528969856,-0.33982568280523517)
 (-0.89515721606381515,-0.6696864900033126)
 (-0.41963853835486425,0.15213776656402545)
 (-0.15817161796607249,-0.24631361726294662)
 (-0.077187745885478831,-0.10291285896876159)
 (-0.18449132580181926,-0.10587370594358696)
 (0.1391478438887857,-1.1801891123315957)
 (0.34238345049327334,-0.83614988294676662)
 (-0.98923349508361047,-0.23261533800632073)
 (0.98867868705362583,-0.27466160243878385)
 (0.81154510677111735,0.061244459916020302)
 (-0.39500863796714492,-1.1749713603374319)
 (-0.050179298594280261,0.015342611491859604)
 (0.29581103518620633,0.14792737573980244)
 (1.4479193990929984,-0.74157552368808521)
 (0.16962497449584155,0.12962981050832764)
 (-0.28156450903964186,-0.82245643418849224)
 (-0.045752229703705377,-0.03405179188239902)
 (-1.1164072176925268,-0.92595686948245237)
 (-0.54024649016097159,-0.034924708702708855)
 (-0.35854991526050811,0.34374543511290739)
 (0.82103488303674776,-0.57346696805905084)
 (0.36518942226167767,-0.89295460250581582)
 (1.2946137124732433,2.4803399702423352)
 (0.41968271785824118,-0.46844213449202177)
 (-0.66000298729889884,-0.64135623581515033)
