# Created by Octave 8.4.0, Thu Dec 11 09:47:21 2025 IST <gamana@Samsung>
# name: awgn20
# type: complex matrix
# rows: 2048
# columns: 1
 (-1.0393513695749543,0.0049713078597817687)
 (1.0654751250552981,0.072764571593011015)
 (-0.9779491777413758,-0.034611572226484914)
 (-1.0794917276749167,0.0039361541571603662)
 (0.92903974836943382,-0.033628760655098913)
 (-1.0579364930826103,0.0077130053897571304)
 (1.0025170111166342,0.03195100391064442)
 (-0.9496832175954335,0.054303117367910436)
 (0.96972516453746316,-0.055401818389545311)
 (0.94077376387532952,-0.046586764912810455)
 (-0.97750293366030383,0.027947382429645774)
 (1.1867735665342332,0.16079615469318215)
 (-1.2189872346190129,-0.034566490826697077)
 (0.99281772666713874,0.0946272101357159)
 (0.99825705187662883,0.11332645144266983)
 (-0.96202400059726645,-0.07226348647184011)
 (-1.0003690173477835,-0.042708463388934297)
 (1.1493456504696371,0.016950456869847318)
 (0.97773398062023964,0.16572354133617023)
 (0.96048932044749824,-0.076728678038855982)
 (-0.99233030167990832,0.037444821146375089)
 (-1.0032281449878659,-0.092626359338693065)
 (-1.0840565866322043,-0.068997736906702453)
 (-1.1513971534515433,-0.027542404959279565)
 (1.0668790424781243,-0.12959377906745864)
 (1.0729961244337902,-0.024044044989091733)
 (0.9159911625005932,-0.013671701778350642)
 (-0.98603044568952003,-0.077373189160732728)
 (-0.90961397165911795,-0.2179368008867936)
 (-1.1545218285860823,0.039127001715267902)
 (-0.93342034169908594,0.065495823647913606)
 (-0.96739175246866238,0.11828599841178658)
 (-1.1311346701500204,0.051964298249471769)
 (1.0047357585315706,0.086469770337885957)
 (-1.0407051007617154,0.014373021517801763)
 (0.98032418290828871,0.040075458032068169)
 (-1.0174594792347904,-0.077759375338285072)
 (1.0420268255197767,0.22749668669249692)
 (0.97551871143615543,0.099846130553925869)
 (1.0943162031509712,0.039646082514344455)
 (1.0706929651895007,-0.067408572369683575)
 (-0.95500489165792735,-0.078586223055977386)
 (1.0765396305981443,0.16072204255042893)
 (1.0628809009933227,0.0042395570813437726)
 (0.96710797823368733,-0.08628281391590617)
 (1.1795382982048692,-0.010139529990179211)
 (-0.90113419981818177,-0.028172549217804346)
 (0.92586390388527273,-0.027197737571613353)
 (-0.99031460066721744,-0.03833723471910036)
 (0.94396232963660909,-0.055626985029101378)
 (-0.97191700001245773,0.064313303223511559)
 (1.0536319793382241,0.0059812648185763352)
 (-0.99667751159983364,0.13552427170557832)
 (-1.0680614914313675,-0.035712620550486018)
 (0.9759230039102238,0.085846035951287133)
 (-0.91866554776273812,0.024168090156199876)
 (-0.94670833481750727,0.049544611646300044)
 (0.97390467472712838,0.16265042774008576)
 (-0.99879152112769487,-0.14016416918038294)
 (0.873881035777065,-0.02120993307175062)
 (-0.98123500702467159,-0.022993599687379958)
 (-1.0758782142009315,0.022901456858045802)
 (-0.97895111712059224,0.096218910937675206)
 (0.94674708111134509,0.049547443930969853)
 (-1.0639253251381964,-0.044434158833738378)
 (-0.96573345042406067,-0.11066887837975302)
 (1.1363259434292796,-0.14104448239367548)
 (-0.96109535640385613,0.082681677704686554)
 (-0.95889490656400467,-0.036970914761640654)
 (1.1157939880768222,0.039321124983705491)
 (0.98414659343637367,-0.0022766360392969752)
 (-0.89768211447285395,-0.063345831236344532)
 (0.99209334854569708,-0.059848210907299186)
 (-0.91907148880919298,0.11375224611145912)
 (-1.0185212860303181,-0.10142219127358434)
 (0.98695302499249338,-0.15203007367539356)
 (1.0181314464282245,-0.013456362638852228)
 (-0.96998554566099615,0.0049224743716908739)
 (-1.056327812158709,-0.1345596855055943)
 (0.96396255352368754,0.20775500115620871)
 (0.95260526052281969,-0.049244555977128214)
 (1.088662926908772,-0.060309928021503006)
 (-1.0798398672213947,-0.02819370040938235)
 (0.97846808948837005,0.13481387012368487)
 (1.0434532153131499,0.021379975718902648)
 (-1.0591103504958992,-0.026663146696547981)
 (0.9766269285949154,-0.091758954290522901)
 (1.0389017003138361,0.023639110670196223)
 (-0.98444758583160397,-0.11991462009916982)
 (0.96692270704804784,0.0032823005651770884)
 (-1.1246056716253823,0.015615020166418921)
 (-0.98085628587550067,-0.044057489478561439)
 (-1.1332747449316047,0.002535615317580342)
 (1.0703553330447753,-0.015937556927163535)
 (-0.98248202473313451,0.016230814056506605)
 (1.0417159644791516,-0.072871602550769035)
 (-1.055642565768891,-0.06105392932423185)
 (-0.9649842323026776,-0.018957641589130797)
 (-0.93565456577673312,-0.055645723280322572)
 (1.0073186917048182,-0.061081103814707917)
 (-1.0107163430997064,0.088905221043231328)
 (-0.98357152357722311,0.074921017253270245)
 (0.99728892623334442,0.028426743747367068)
 (-0.98230586333946424,-0.035813214806652151)
 (-1.0335589102196601,-0.011703819239129793)
 (-0.93649130418224569,-0.076468856891349191)
 (0.97259642999436668,-0.051745864254361007)
 (-0.97293555070063609,0.042377308394190724)
 (1.0588869302241368,0.13382796678475717)
 (-1.0359531577539258,-0.18806707139227152)
 (1.0801535786980188,0.094092324400278315)
 (-0.97041385878474451,0.062073613981393543)
 (1.0360594840083879,0.0050440277890408973)
 (0.99812159675653211,-0.061276345913982337)
 (1.045299117649571,-0.21047836838280465)
 (-1.09969081158213,0.055898213656971112)
 (-1.0223701043644302,-0.0078204736656992836)
 (0.9648183618883962,-0.10829662487643704)
 (-1.0418097922471936,0.045391737101550887)
 (0.99328662920412636,-0.071114292419724626)
 (-1.087243410308274,-0.08711230410083709)
 (0.86406916522500221,-0.03277588413978632)
 (-0.90685748565460989,0.003137093724332777)
 (1.0200346472012978,0.018609840200277727)
 (0.96083938256894585,0.021627878139087481)
 (-0.98237821789357871,-0.0092444763746824567)
 (-1.0765342393868955,0.099081435307446009)
 (-1.1472090903761081,0.11148615679586682)
 (-0.96490604528429746,-0.10322055256170566)
 (0.97778465412250104,-0.091242222354908323)
 (-0.92727119150742376,0.016925151065835115)
 (0.86809719178980338,0.0058722771640022271)
 (-1.0498246586022915,-0.1077861602745392)
 (-1.0426407350744489,-0.070718308876754829)
 (-0.95926378803793444,-0.030265610577644458)
 (-1.1172697101996296,-0.11557763965120649)
 (-1.0023880605544759,-0.042318173275121773)
 (1.0433420530989284,-0.01443729377915462)
 (-0.93941572360767223,0.071573878134007007)
 (-0.94972266983493725,-0.011852911494610832)
 (-1.0082165282590261,0.01173607929675787)
 (1.1184144167590631,-0.11533468408296277)
 (-1.0214901128352563,0.0091891064534168395)
 (-1.0401327857964167,0.03610095958947411)
 (0.98532632767434913,0.019525212066616181)
 (-0.93589127446228382,0.062508302495349152)
 (0.97195827069248908,0.028418076004228972)
 (1.0216553387719998,0.050509683272572881)
 (0.919842906869619,-0.047209512773046039)
 (0.9581768902170914,-0.040051042514831645)
 (-1.1579820045110694,-0.019701635774502183)
 (-0.90533101750606781,0.047390989554050876)
 (-1.0129832692345466,0.099447278873005779)
 (-0.95065026582763934,-0.048518095867679439)
 (1.0345367796553662,0.050687234548131947)
 (-0.9169836820485977,-0.025715236341390637)
 (1.0227401419586069,-0.003719650498176907)
 (1.0291753313567467,0.018526009667672698)
 (1.0827345830461326,-0.10983741470954055)
 (-1.0957025213247251,0.05398091704164179)
 (-0.92102236423065476,0.077349350112840262)
 (-0.88126792761098161,0.039625115532654256)
 (0.98528939717269792,0.049748582738879471)
 (0.96792974876011006,-0.12725802563110836)
 (-0.99070939695500937,0.066180393353642675)
 (0.99051717391714345,-0.095700439750544652)
 (-0.94949341695320311,-0.12692699598096119)
 (1.007097573306696,-0.059920337845389908)
 (0.97740390538002797,0.0019339618342484443)
 (1.0005553340234452,0.080173687538621918)
 (1.0213091673176973,0.00068949425697420106)
 (0.97100697876180653,-0.023111616263217311)
 (1.0328520117125006,0.039803906157739884)
 (-1.0807612225916723,-0.11423107465381342)
 (1.1406295185068867,-0.077692963225418826)
 (-1.1441385435577072,0.024515419596035346)
 (-1.0081702042632028,0.055443645670906032)
