# Created by Octave 8.4.0, Thu Dec 11 09:47:21 2025 IST <gamana@Samsung>
# name: awgn20
# type: complex matrix
# rows: 2048
# columns: 1
 (-0.99692213671272112,0.080726009559426382)
 (0.99851142345545685,-0.0063877240773980593)
 (0.93069503329371595,0.13096293581403556)
 (-1.0004053710538454,0.025424273282488516)
 (-1.0648989227483479,-0.016798832440213386)
 (-0.9380000117294659,0.077192526991916061)
 (0.92715875413045068,0.053555423954915277)
 (0.99802509548407703,0.011257433851676199)
 (-0.97216862341123733,-0.051957921013447962)
 (1.1032833343537567,-0.041497700158856711)
 (-1.180338813083913,-0.096622203663011733)
 (0.92188108147572256,0.018599775903231877)
 (1.1406359421930152,-0.011377837523368788)
 (-1.021739124117186,-0.065397604072042162)
 (-1.104882986220165,0.034928462827521788)
 (1.1590444691178483,-0.015200773924945385)
 (-0.92932983609502262,-0.10368011562003154)
 (0.97893927444457829,0.019286956506506848)
 (-0.93980436513494192,0.025596149070639507)
 (0.92331033043134603,0.07353443779411814)
 (0.94401396308086472,-0.051986105398103583)
 (1.0506032021241669,0.019154650051706613)
 (-1.0435784441379186,-0.0010843294985712912)
 (1.0628376078413992,0.079090975383525719)
 (0.99755365541286201,-0.13175516936414475)
 (0.92282532408031082,0.032721758239741591)
 (-1.0459665358076751,-0.079757535781294853)
 (0.98168708256445425,0.0025624248072760171)
 (-1.0249741498556633,-0.030572286261615397)
 (1.1040749347008325,-0.06495647307608908)
 (-0.99799687032216722,-0.052009339950812264)
 (0.9150584697996067,-0.021475530551413078)
 (0.99887718262892911,0.053972527707737195)
 (1.0300830734033808,-0.10875006466372542)
 (1.0131094320523821,0.038867257765918192)
 (0.96287757454715983,0.077018348530617731)
 (0.98226136435650213,0.048032729968862181)
 (-0.86980842201023134,0.0031637935200742096)
 (0.96728821315115865,0.11895571048582183)
 (0.93700567189955131,0.049037178594289077)
 (-0.87868493501788314,-0.062258177060490416)
 (-0.86806307285740159,-0.020915510678803734)
 (-1.0316786331069936,0.059724606347835975)
 (-1.0305444657698781,-0.032507470681204277)
 (0.97699387786089265,-0.064316579241286226)
 (-1.0498388303791726,-0.085177000350854071)
 (1.0762045139786736,0.01990612024354672)
 (-0.92069800356105302,0.017951465796280871)
 (1.0100936480951976,-0.057480884090260309)
 (1.0231092704851401,0.024508438939230201)
 (0.93275603552171704,0.13599309562659542)
 (-0.94879419326003989,0.060940696268312514)
 (0.98404088335349948,0.036640254226921701)
 (0.99629834170463416,-0.016587235772271235)
 (1.0125259784346297,0.0079380690617898118)
 (-1.0250249848991322,0.0022833458889464347)
 (0.96596524747090096,0.010721565690593118)
 (1.0146232365594536,0.028771317793427606)
 (1.0658180767971794,-0.11234668563516764)
 (0.98902585774285234,0.0063277519616989604)
 (1.0358299191292724,0.079934408859844888)
 (1.0350558380658861,0.151907114403558)
 (-1.0191351168927372,0.089862050669131888)
 (1.0784890171622079,0.014906840599851943)
 (1.0233489592355374,0.049451259139256798)
 (0.99715931852541495,-0.069929164444225839)
 (-0.99170001784977702,0.0076765843878976465)
 (0.87736186737384125,-0.00029089417334611961)
 (-1.1349692406757541,-0.023173464081512312)
 (-0.96810628070183313,-0.0025323716638448891)
 (0.93739916576922599,0.061471554613875247)
 (0.88773964750025447,0.024467967233362472)
 (0.93816169725459608,-0.12727611183733206)
 (1.0500540482040894,-0.0047480267722216033)
 (-1.1092312480183739,0.1022971165700495)
 (-1.098990382787808,-0.059002590532295424)
 (0.94631781247103397,-0.085991895267542695)
 (1.074366611859038,-0.043533574773140557)
 (1.0239869861574991,0.008294818984716127)
 (0.97403140827737522,0.016049753537303157)
 (0.96602003920235024,0.17815175012517143)
 (1.0038127515223816,0.07064131780856793)
 (0.93846776251231967,-0.069763066618161243)
 (0.9995039175009679,-0.023253668079158529)
 (0.90130619296738279,-0.014162589718170408)
 (-0.91072542053326877,-0.17636484948871733)
 (-1.1087863539640384,0.018561450634598322)
 (-0.94620782810690773,-0.005989874037870194)
 (-1.1328010953074821,0.07798177910203466)
 (-0.99773579533281564,-0.018795023257701458)
 (-1.0352406679100923,-0.13393628300739266)
 (1.0350206764573795,-0.063215297945519763)
 (-1.0847482370145736,0.015604153738132939)
 (-0.98180477943317124,-0.094578514271632677)
 (0.97268464198238525,0.0013320341170949938)
 (0.97228289026544967,-0.019809162290966204)
 (0.9846682420467685,0.003926409691987545)
 (1.0046987885350718,0.047767429529604492)
 (1.1552999726460274,0.052944478286554755)
 (0.81810939734406296,0.0028503678148524389)
 (-1.0184114847532146,-0.039958501048111772)
 (-0.95630465682701615,0.11642629706732061)
 (-1.1333490245081963,-0.048648178678389088)
 (-0.98877282754557871,0.085919355970119349)
 (1.0796861077355913,-0.028898662192769098)
 (1.1590191609827476,0.037255119139549833)
 (-1.0108459851525424,0.035601387879012208)
 (-1.0034753954619731,0.049114850201305287)
 (1.0252052329877519,0.036856653729723)
 (0.98586934168615736,-0.018556532022122187)
 (1.0495234051332718,-0.036900369683501709)
 (-1.1111774913250907,-0.023900901922733628)
 (-1.0458108746435832,-0.020408625618385665)
 (1.1258497413717947,0.036631806392593086)
 (0.85617188634059893,-0.021591691298563958)
 (1.0806191353882733,0.089961075526893641)
 (-1.0816445872229734,-0.0090064462374702236)
 (-0.90899420029256839,0.12839410869171197)
 (-0.91544758161204154,0.031782587415298713)
 (-0.89856089701853958,0.14363262610301947)
 (0.87184989075454533,-0.071742364609202289)
 (-1.0564494047317941,0.072115109296482224)
 (0.98278302088974767,0.1820655724674248)
 (-1.003093867556176,-0.045424567306344435)
 (1.0878878616034622,-0.058939928149469384)
 (-1.1014335255006085,-0.13685947170253526)
 (0.94536159540914366,-0.081416864417275414)
 (-0.95615781291861424,0.081251562591873092)
 (0.90870181088817692,0.017665192029172171)
 (0.98812001087193535,-0.07673525815992166)
 (-1.0487738882479538,-0.048429607486724632)
 (1.0016478074984903,-0.040085044561676289)
 (1.0278230378963222,0.01236748982818843)
 (-1.0124927575071225,0.016385419595814535)
 (-0.96226201490219898,0.13577666324112367)
 (-0.93206321849596763,0.060976146139832058)
 (-0.98610151232315091,0.033044956041673006)
 (-1.0637256040519949,-0.044648206474277058)
 (-0.99619023073979107,-0.020126954654361751)
 (-1.0354883098331131,0.049769342477800467)
 (-0.91741911636832174,-0.066398108283831456)
 (0.9409030463790824,0.10600822928815626)
 (1.0087818165039717,0.076187118882623528)
 (1.0884667930921046,0.064831709533616763)
 (-0.99238564951184083,0.071142238021200996)
 (-1.0150822342082801,-0.0051594880233383419)
 (0.94206498371494818,0.08451445471821345)
 (1.1124033582817976,-0.062186118122953229)
 (-1.0172481020626296,-0.024114605008254842)
 (0.89181693162444653,0.08977933580902929)
 (-0.96959339940061684,-0.034859495873703648)
 (1.0686137239696425,0.00749385539148363)
 (-0.97352414379159879,-0.021398131107022378)
 (-0.98678916944919992,-0.18918662921372784)
 (0.96602839264908413,-0.075144762867233955)
 (1.0418785156738288,-0.10961435782391343)
 (-1.0277187175805043,0.049638656102132958)
 (0.933431235250336,-0.018162081417999167)
 (0.80899476524461422,-0.13841203835640478)
 (0.89152254959793509,0.13790350782138891)
 (-0.90066575697159346,-0.15420469256609709)
 (1.0831265037754139,-0.0027354068010140334)
 (-0.98692201544480285,0.0089470458870749784)
 (1.0168796268419449,-0.007407833898380109)
 (0.91187342476634281,-0.0015693320440178995)
 (0.99500532006563192,0.081558605276320834)
 (-1.0002691511713047,0.11979112200688931)
 (0.96676340085895585,0.047922732032977651)
 (-1.1534952325926271,-0.028615891598324256)
 (-1.0345884278825037,0.060343146402045994)
 (-1.0154033956486963,-0.1213657644320882)
 (0.84412924679831425,0.049852739050484381)
 (-0.97735932024058125,0.026693527887377846)
 (-0.93450404126337316,0.12845763231508986)
 (-1.0299099991584895,0.055112315580860896)
 (0.99187129822082254,-0.1887708660866021)
 (-1.0795221968134665,-0.029339398986125351)
