# Created by Octave 8.4.0, Thu Dec 11 09:47:21 2025 IST <gamana@Samsung>
# name: rician
# type: complex matrix
# rows: 2048
# columns: 1
 (1.3274747064173393,-0.47726103650200413)
 (-0.87440975616218453,0.43735441479730497)
 (1.0071913217463611,0.027924139878434288)
 (1.4486932840506066,0.10350100962299875)
 (-1.1448366966578605,0.58561945748383903)
 (-0.72797218777479311,0.35112546161981606)
 (1.2093371364426602,0.022120123857777389)
 (-0.7895594583760086,-0.2460579490991027)
 (-0.33592759100392822,-0.061196043390812881)
 (0.59520088743270039,0.21181298499557502)
 (0.61464599342065585,-0.10198789683371978)
 (0.9301110952577758,-0.30348295362378636)
 (0.78128835158055776,0.11927344243473212)
 (-0.84776047058311443,0.090023997204044914)
 (0.090151536243084585,-0.95099496595988953)
 (1.1593116608857232,-0.24040152198871462)
 (-0.71215856739913685,-0.34242400371298931)
 (0.9891107219179005,-0.23067754507946622)
 (0.33770016543906134,-0.062694131425498165)
 (-0.83585212038682921,0.46891159292708168)
 (-1.035208330029423,0.16250616967344153)
 (-1.1024475597520904,-0.090393189036506505)
 (0.8450046862921593,0.40029738314566637)
 (-0.8027664221323747,0.7763892160000343)
 (0.88511410436607896,0.036880640920749899)
 (-1.4783981979657876,-0.4725254599046087)
 (0.73024077579084257,-0.53259117810424983)
 (-0.96683420180953794,0.16421850832537602)
 (1.2898059358886584,0.42962499587099012)
 (-0.44838220920128019,-0.096374249474332777)
 (-0.3910661520416347,0.39815617531927111)
 (-0.82962903811151445,0.32688019649523981)
 (-0.51044108889419659,-0.35832895679483173)
 (0.81220293659482234,0.52082767818331577)
 (0.5537663555511525,-0.062889502573430275)
 (-1.1059109867885004,0.44740471917983188)
 (1.4190062159589918,0.64371918206013212)
 (-0.83166410847754979,0.78500125205770654)
 (-0.16710641033778706,0.58519305315053749)
 (0.5235674738142142,-0.064108304633223701)
 (0.45436018333288419,0.31607864056472429)
 (-0.72623044814690429,0.53028035871345025)
 (0.60334198559464047,0.64539595970473318)
 (-0.82586052386363318,0.24514050527992631)
 (0.91271227739610106,-0.15309416609195284)
 (-1.2166390223953565,0.091406941828437532)
 (0.84241850798744178,-0.078644972847553271)
 (0.25654355195212286,-0.53743509225445751)
 (0.87842707585876789,-0.75152179883664461)
 (0.79809413219548286,0.088307374924155649)
 (0.67139982387084007,-0.4043744407421806)
 (0.91440962293540018,0.2407881790671344)
 (-0.091507675383485587,-0.19727847949034724)
 (-0.63296000803718833,0.27951791506033941)
 (-0.82380256676162944,0.39468220902251816)
 (1.3087391976255704,0.0053348436802559468)
 (-0.84137782725068089,-2.8746266200551337e-05)
 (-0.27919276128290638,-0.14754688941048424)
 (0.92781182204409085,-0.077853518849872141)
 (1.1505414408852439,0.041521730635556517)
 (1.6740268333813113,0.24687774236772342)
 (1.1492447651287048,-0.1365246712498841)
 (-0.58448106911203013,0.12692958788482778)
 (-1.6924402208947154,0.22195728964026168)
 (0.42783279325581969,0.47568695103799113)
 (0.9691147616391409,-0.2306453217154078)
 (-0.29059106195626483,-0.24194972736391498)
 (0.98868649184239576,0.21467784565923359)
 (-0.88472029274189956,0.55299894232086155)
 (1.1772186688105282,-0.35672421272916249)
 (1.2264596376221664,0.087409578925941728)
 (0.018871597008633834,-0.49823385500359518)
 (0.99998285396513675,-0.38627877718873305)
 (-0.95849043232036157,-0.050284395544337439)
 (-0.55223856614459033,0.560362971816453)
 (-0.43843381827478545,-0.075778734807636874)
 (-0.71213651781897025,0.71097248889758546)
 (-0.52771951963484576,0.100753367253906)
 (-0.7875257392286843,0.13940019808863313)
 (-1.5241212481729067,-0.11481694211301464)
 (-0.93284059636265226,-0.1316196584644129)
 (-0.74499927470613492,0.43890407721864655)
 (-0.87753357530417131,0.21041929109034413)
 (1.0829115322594125,0.046646717457634969)
 (0.94685185662873483,-0.21178062088190883)
 (-0.39556477245334137,-0.13213229848944266)
 (1.2853794067724682,-0.77240745216990681)
 (0.4035697409592795,-0.31202034138971235)
 (-0.44536270204959694,0.22780865374082493)
 (0.75864099712515531,-0.72229765361072285)
 (-1.1323871486987063,-0.20462307002999952)
 (0.53066925477681026,0.35376444075147284)
 (-0.1241344326126862,-0.24861371782932079)
 (0.66115589085393101,-0.48376071594150571)
 (1.1803887179140529,-0.051981521789029608)
 (-0.62494299674299536,-0.20099306528098745)
 (0.53824575255860463,0.062218024676123099)
 (-1.3363998037300622,-0.078554547598312721)
 (1.157552981373176,0.44038302725791961)
 (0.72671001820876613,-0.3907179799936627)
 (-0.61685639535497683,-0.28310085528898704)
 (0.40128151435374437,0.69370390667079262)
 (-1.5725254325483038,-0.53792154483503951)
 (-1.0166710575742621,-0.35382583592254918)
 (-1.2159766375134602,0.063545651280967286)
 (0.55972668788308311,0.59406148975562001)
 (1.7707077682309174,0.20429297320611553)
 (-0.36199524914161019,-0.21417153978255443)
 (1.4746151789562727,-0.076814615635435207)
 (-0.84144409714138935,-0.50572156150986347)
 (-0.68737789723515974,-0.058436529489336149)
 (-1.2952200955278914,0.27231424829816908)
 (-0.18954188681188722,-0.40459355092214611)
 (1.2990427290212752,0.056309038204063376)
 (0.4922534241232393,0.82823132363524032)
 (0.98714615793265492,0.16822191383546622)
 (0.79215311005565936,0.12801949191338174)
 (-0.25390306568878829,-0.80843114594816778)
 (-0.54663811507107307,-0.17490227905735778)
 (1.2724468753448448,0.319260028966107)
 (0.13510526837691539,0.38004726466354988)
 (-0.75947609074556832,0.052069819519148242)
 (1.1568232573042518,0.48776468759104463)
 (0.21950365016443318,0.37419480140434636)
 (1.3112137845921452,-0.27179142134016449)
 (-0.8493042266757993,0.48570635025382042)
 (-0.5869737114801673,-0.32797340549938403)
 (-0.95575479408721931,0.16947177631799221)
 (0.58028278673848477,-0.086779149018255342)
 (0.90294887368725829,0.072740043044818889)
 (1.2249740698509828,-0.027368667608762626)
 (-0.90178763681212204,0.46413436292719468)
 (-0.90294207491305978,-0.062587080874131007)
 (0.63211718007013062,0.34157367342712919)
 (1.4100595445178474,0.32470265806089527)
 (0.42177486514005286,0.37441955292501838)
 (1.0863967712279985,-0.39111325855782475)
 (0.86544901270796359,-0.084575847246193561)
 (0.96758938970731001,-0.05391760049235244)
 (-1.0716742949304954,0.06787752298760294)
 (0.92348830375653534,0.60862025578813306)
 (-0.34874599961388852,-0.13058366876376584)
 (-1.1681538878750608,-0.43965134542678613)
 (-0.77927063529248874,0.83809821161105591)
 (0.73679599381772587,-0.020080721559950481)
 (-0.55036775104535396,-0.62053361482787783)
 (0.56763956795432025,0.084422775721586851)
 (1.184429931055041,0.32083742696323375)
 (-0.65369159774042307,0.098325532007021432)
 (0.80112253094853858,-0.056879601799289178)
 (1.1520834829576139,0.20721657577209276)
 (-0.48738751568933469,-0.332662542304207)
 (-0.82956942725184168,0.053509162440871193)
 (0.33092974284527343,0.23002872541581409)
 (0.4807403965541624,-0.043480611358404642)
 (0.51815230028080639,0.5780695936394934)
 (1.1675328144495638,0.10347580180502257)
 (0.83434862942828436,-0.21433097029387449)
 (-0.80980420702924838,0.20108463287547912)
 (1.3477029771163513,0.24754981525089745)
 (-0.82062935477885179,-0.38894084409425883)
 (0.9770703863233694,-0.1136797362790947)
 (-0.88343134217121277,0.026000678858202803)
 (-0.6665103899123106,-0.13169141103989243)
 (0.82016694700818027,0.1341563569573033)
 (-1.0164699798292145,0.35700755370287379)
 (-0.47165036771865571,-0.32773740532416812)
 (-0.74603269593617949,0.20386119368497149)
 (-0.55711455280607969,-1.0818987197542993)
 (-0.5089148617778203,-0.17006334017910013)
 (-1.2466668342825842,-0.00070283955807597955)
 (-1.1401713090170214,-0.4795988464956617)
 (-1.1274589298565851,0.17822780214420642)
 (-0.56677280727303314,-0.42233639591001154)
 (-1.370178163327433,0.055326513956203728)
 (-0.14643383939592181,-0.38523052016167192)
 (-0.9870234238384471,-0.29136786864713521)
 (-1.0732369364429437,0.13327283690682265)
 (-0.62896912273231953,0.29659520982859239)
