# Created by Octave 8.4.0, Thu Dec 11 09:47:20 2025 IST <gamana@Samsung>
# name: rician
# type: complex matrix
# rows: 2048
# columns: 1
 (0.71863874853753873,0.24363743946259014)
 (0.53517607747821072,-0.27395067462973943)
 (0.84920495467474577,0.35410389566830386)
 (-1.3512459183465266,-0.34195533522259891)
 (0.30728004927799346,-0.073961831541745029)
 (1.4082609368570984,-0.30492790720714819)
 (-0.9081331841624547,0.43267130585642738)
 (0.87952074689918092,-0.37232086862240404)
 (0.37991275116096046,-0.35697944383619828)
 (-1.1426992402149432,-0.37290703507744827)
 (-0.63825614834794986,-0.092144809409865663)
 (-1.0451213229381768,-0.064489251228882175)
 (-0.86913322220146261,0.24444941270861031)
 (-0.87792270970554032,0.080747348592795642)
 (-0.54988860831065944,-0.39398941235357349)
 (0.74527382549725985,0.2113658356929515)
 (-0.95548704230227344,-0.17412733780574446)
 (-1.0628546721855328,-0.56945247508276631)
 (-0.84396768886953399,-0.13502204492437975)
 (-1.2281357537364634,0.28575495578761684)
 (0.87873160278776563,-0.31092876622457233)
 (-1.0579433794121194,0.2981913947354613)
 (-0.83340496002207998,-0.3220565719462436)
 (0.58855031245857059,0.10553915188606867)
 (1.0730227498852001,-0.54659278258708832)
 (-0.90560871215112904,-0.29899853878132709)
 (1.105435683923135,-0.2236303578510393)
 (-0.52096158892153033,0.19441726362020406)
 (0.69518707364095855,-0.14229020183722535)
 (-0.76023205149835971,-0.28252706094284413)
 (0.61687616211384233,-0.21847839662015509)
 (-0.63430303748837513,0.24589407724679413)
 (0.49019002318391097,-0.079629964166924028)
 (1.2746067197501614,-0.52643945251643665)
 (0.85155905551168365,-0.6688182012070496)
 (0.40423135787542486,-0.35739795206212349)
 (1.0132268648755089,-0.31816416044350704)
 (0.43262469762059691,-0.47043334836904166)
 (0.42224155064916918,-0.065775418947171732)
 (-1.07128056168369,0.019617806184464015)
 (-0.55906158380337079,0.10078243682740237)
 (0.81799029441211912,-0.51243976207362762)
 (-1.0713590402999233,-0.091650867345912435)
 (-0.28082295978085325,0.13461084716687605)
 (-0.45901634354344106,0.00084970345134170126)
 (-1.1734451690893968,0.045760139190221816)
 (-0.68809045536660107,0.26043866587645176)
 (0.66406735459412458,0.10489069242205819)
 (1.0568847067313869,0.28805908942302116)
 (1.0100712825038762,0.27708486367842722)
 (-1.3735317903429012,-0.6600282806202602)
 (0.63839182342201173,-0.31237917938146326)
 (-1.0578376619204819,-0.22863890622436697)
 (0.36774906571991722,0.17243078419033389)
 (-1.2371460913394658,0.24914863031139634)
 (0.86473854361378799,-0.16572295417187385)
 (0.64511199944845499,-0.56097983875419766)
 (-0.65362426735914969,-0.066538699937901069)
 (0.77089739664508161,0.35574904921972877)
 (-1.5449705170571604,-0.099498227684872417)
 (1.354610885329248,0.32306453340209751)
 (-1.1089348954794238,0.61105993079735654)
 (0.76055097688365425,0.53120769765396403)
 (1.3929851725541629,0.045820604686993525)
 (1.3322363801360164,-0.12845649112508345)
 (-0.86131709515931887,0.0081618697808644152)
 (0.17917924077315062,0.10953891565680479)
 (-0.78162085727421315,-0.2373275517081174)
 (-0.92913158441499233,-0.51449299959756234)
 (-0.93816425759685373,0.04939742524821996)
 (1.1622883001889519,0.09093979360321261)
 (0.94583611219145258,0.51046301300832886)
 (-0.59282209132242891,0.028868514047611673)
 (0.19417079555978534,-0.64260661197859292)
 (1.3084069068044202,0.28951318267449877)
 (1.2352653910999671,0.28290967539314837)
 (-0.8318837493560971,0.0050842868857490517)
 (0.62860129591511316,0.13253863699707069)
 (-0.87784570212643454,-0.32376419682810109)
 (-0.62200268752166465,-0.85417518650588109)
 (1.0737946745519915,0.054183949015774759)
 (-0.717457061810996,-0.084298802535736947)
 (0.76690232892506138,0.39018578314496005)
 (0.27151519284784087,0.4512801998406486)
 (0.65578282833043311,0.037217444875692687)
 (1.314559667496116,-0.074643211730364617)
 (0.33496011760671374,0.97096000642294922)
 (0.93241510733494826,0.018467038545098929)
 (-1.1664842126443722,0.034558842762452156)
 (-0.79889153747352537,-0.13951127913627168)
 (1.1732833286584399,-0.071364114212275273)
 (-0.90701762238851991,0.47398996689156592)
 (1.3810919779357627,-0.37744681190767532)
 (-0.94772458912434265,-0.086337852298822362)
 (1.2853466831719158,0.26015083400363809)
 (-0.73633467712523071,-0.028685137937711574)
 (0.52029413571225425,0.87441082130753944)
 (-1.2654602522863789,-0.14853648697264682)
 (0.90092396266641217,0.20307390469357314)
 (1.5152540995298818,0.46706306256892727)
 (-1.1545555475128921,-0.45907322703328307)
 (0.97906085673981802,0.082017993685923413)
 (-0.83290559659896879,0.30184659640390227)
 (0.32236669875617574,0.30990858815285477)
 (-0.70533698223147889,-0.22760055552388031)
 (0.030420518916763672,0.084680440169854154)
 (-0.70512977924949372,-0.87545543485620891)
 (-1.3441237080293218,-0.9653908434514672)
 (0.69894918505300296,-1.0651282196447245)
 (-0.47107147334668892,0.058116626881746694)
 (0.51930315223003642,-0.18033098127240932)
 (-0.087915339215002497,0.05165308391201822)
 (-0.1961188982733556,0.30605165890587438)
 (-0.26926448287822069,-0.60497543854797564)
 (1.0322281225107781,0.64182130324435838)
 (0.50248870547259428,-0.9803853140849208)
 (0.93497706388003077,0.16333112568149855)
 (1.2489635811367781,0.50950919984404874)
 (-1.0910367727508485,-0.16994161092797624)
 (0.61506848331186503,0.28834466220305061)
 (0.95099199852497973,0.50562088979013786)
 (1.0676744860390057,0.12488765722640918)
 (-1.1745691547027579,-0.29011980280424854)
 (-0.35315588070759296,0.23440412348380082)
 (-0.2528848104937792,-0.28163408619865271)
 (-0.86735584657289522,0.13803096816733232)
 (-0.31196563044346359,0.33046289207081403)
 (0.89055708368593445,0.19113624363973467)
 (-0.85938961076702525,-0.15850655809871947)
 (1.2227548913514432,-0.33896056351994391)
 (-0.97259001590081273,0.19123725858254872)
 (0.50286110470835332,-0.07010001177077585)
 (-0.77901101176324794,0.070360542824553576)
 (-1.5006575580932513,0.094087716444861094)
 (0.82195739727561434,0.061258555528643135)
 (-0.8777519821408587,-0.48773266919494973)
 (-0.67443648880949536,0.23552331782022495)
 (0.52664754171920802,0.76437667503841411)
 (-0.18531215261377953,-0.1270312527951693)
 (-1.6314184944681647,0.76391787775351461)
 (-1.0631374590958791,0.22461894106779248)
 (-0.33970623823237034,-0.17437506204843561)
 (-1.1475592056012336,0.17703650441746255)
 (0.76052909288564485,-0.47061764432471564)
 (0.84438269087746953,-0.28794561472295738)
 (-1.7769791672489146,0.21006226796132899)
 (0.57032852315362903,0.58415062852673261)
 (0.69510875349321932,-0.65770711751072786)
 (1.2711682947976617,-0.70505493260046548)
 (-0.94704752951974225,-0.17329380474833975)
 (1.4168941872524266,0.014679827373059687)
 (1.2280789847886984,0.55676781134802777)
 (-0.69950043939724071,-0.12658706559000177)
 (-0.59663044496340656,0.19652988910953201)
 (-0.81005955294271914,-0.74248704694467338)
 (-1.0857180493775616,0.0084492169519241912)
 (0.90907856827254885,0.09598668253536824)
 (0.88052493132983944,-0.10867844415293854)
 (1.2220915184928851,0.43045032441224834)
 (-0.047670226942315264,-0.35534985702596111)
 (-0.78099867992181771,0.20660334182668205)
 (1.1034053170655909,0.316513551552498)
 (-0.78366722610497552,0.39576123924762829)
 (-1.0734396465571754,0.0052842986640195691)
 (1.0380148875978599,0.37908266414959108)
 (0.88583399407512187,-0.23447194010927067)
 (0.69405261870723456,0.091458338207312348)
 (-0.91308975023730976,-0.14935884940245367)
 (0.93005952161226479,0.3171324500743683)
 (-1.0369723611618189,-0.65376155036881967)
 (0.98634203819303112,-0.89372445662241107)
 (-0.069213608023924178,-0.069433621606569643)
 (-1.4394686609680671,0.28037146792412221)
 (-1.4964516360358149,0.085830908584601892)
 (0.78372862026365664,0.019424380522938111)
 (-0.78540847786919055,-0.18515211010496557)
 (0.98746112717621393,0.073488774551903099)
 (0.37545681439120926,-0.15715516170839136)
 (1.4297569744458234,0.049818007560042718)
