# Created by Octave 8.4.0, Thu Dec 11 09:47:21 2025 IST <gamana@Samsung>
# name: rician
# type: complex matrix
# rows: 2048
# columns: 1
 (-1.3301278719052088,-0.17726101991078039)
 (1.1192571561840348,0.58161355959760952)
 (-1.2176385214290795,0.090481424790032003)
 (-0.79579587093921766,-0.17901584560291162)
 (1.1315610869685857,-0.16148621730765958)
 (-0.89890876911488193,0.51048431141579909)
 (1.0765552466162778,-0.82978010218399445)
 (-1.4551382421655676,0.46974949000961014)
 (1.5441609315437717,0.10773277355186588)
 (0.76352941896238546,-0.18419871198127233)
 (-1.531585652791541,0.28205170003927088)
 (0.96616475397963986,0.49005192516674162)
 (-0.91023366695656194,-0.50508966191078486)
 (0.59249384354539592,0.29697542969738649)
 (0.50321513271494189,0.1270808827803554)
 (-0.88029186502475398,0.3107147220313114)
 (-1.1029896814524716,-1.0775617945413047)
 (0.60308103596881457,-0.39145210895823795)
 (0.55764922419032525,0.43992010149824978)
 (1.0466619239688644,-0.012903803928784135)
 (-0.97482038176588925,0.10949869732488574)
 (-1.2218535788062499,0.23919319596301306)
 (-0.38899676670648542,-0.3448851768918022)
 (-0.46962816124296131,0.092187140719595356)
 (0.89111268124615151,0.13343505226894578)
 (1.4669723061201139,-0.0069166103677803523)
 (0.58049880225700679,0.090344595553683904)
 (-0.49259916342197219,-0.059682422393353293)
 (-1.5045897246961908,-0.38320913254473477)
 (-0.80383522853436085,-0.067353147835788649)
 (-0.8401732147621559,0.89914306402063948)
 (-1.6672074384103246,-0.21575520562507633)
 (-0.8300796596431036,0.42701493789951234)
 (1.2949517862084152,-0.41521693155085965)
 (-0.90696673122906091,0.31240637998397047)
 (0.51151108735043826,-0.30216667061842334)
 (-0.60667771133345127,0.29214528040446863)
 (1.0156625378940169,-0.7463549419593748)
 (1.4818349593916051,0.59039003917406996)
 (0.70251371141570707,-0.5232819791503126)
 (0.69463385940273714,0.40185548628095902)
 (-0.91831395298064,0.52202889691269649)
 (0.31755290940338121,-0.073820455967972806)
 (1.0232892957202981,0.57047429236823144)
 (0.68661159835183483,0.45451775522388599)
 (1.3328830904844398,-0.21581196212749079)
 (-0.78101518343421883,-1.0427321659387583)
 (0.37310115950933326,-0.14350342759529533)
 (0.25171237826802439,-0.049877391709541356)
 (0.98281183526883298,0.12057846408219586)
 (-0.92337020079347709,0.33318125042069402)
 (0.91200111341667978,0.21886890295228459)
 (-0.72948045506491022,0.0024337185304664907)
 (-0.53857285737373362,0.41411587444819087)
 (0.89122113968493877,0.1749927589286808)
 (-0.74950882827541787,0.086105449302023115)
 (-0.75909417960987069,-0.62528822509186477)
 (1.3017030541188854,0.29503030142490183)
 (-1.1886408328991487,-0.1586192156046882)
 (1.0568946968759516,-0.38279122686721406)
 (-1.3174418128828687,-0.10312368541559673)
 (-1.0221305934054528,-0.3160826554702344)
 (-1.2488055506029032,-0.28411772502590266)
 (0.35787002821204761,0.25377792760585749)
 (-0.8750525369333737,-0.02755572087104894)
 (-0.81859290833106446,0.029639219962100029)
 (0.98289633427161405,0.09666106578713432)
 (-1.3582360587194691,-0.30069287164993985)
 (-0.67221258474195555,-0.068321498717202389)
 (0.95189652901417854,-0.30663523326563497)
 (0.8826230653059336,0.031021736060581735)
 (-1.0313986981245509,0.13146588234435641)
 (1.2567971199496879,-0.47198421601363993)
 (-0.74431158149210375,0.1154614562940344)
 (-0.98836753843207292,-0.02106700286167916)
 (0.54506553547549874,-0.72090507838853013)
 (0.70860449878611975,-0.007399261957847742)
 (-0.84197717581063225,-0.34577232641855282)
 (-1.1938894310219199,-0.15716307825197026)
 (0.87526936637043495,0.45586412077068128)
 (0.73356443248274605,-0.073424576265827601)
 (1.2125313240013824,-0.15258610527784594)
 (-1.091625154906825,-0.16091115242096024)
 (1.4028500298052982,0.46876255462756944)
 (0.64188970804885526,-0.26462621090751687)
 (-1.1061855956741753,-0.21826702383572574)
 (1.0579713674097955,-0.06960612635987215)
 (0.95679205493492814,0.23394037814388585)
 (-1.2857886827726042,0.023975883504855217)
 (0.90142886847064818,0.39854986503421286)
 (-1.3216981263781156,0.20361128215087029)
 (-1.0491162369295506,-0.11603094145694208)
 (-1.0934228745070351,-0.52425055596399306)
 (1.2684180071964815,-0.17723512597180258)
 (-0.84175706965465946,-0.20959705919470495)
 (0.70109682978099896,-0.025691893138284086)
 (-1.0013385750865638,-0.0082275580014343295)
 (-0.83225655032667978,0.51082573014883481)
 (-0.9413724303698231,-0.78072665884111558)
 (0.96078146345500504,0.23640139913581726)
 (-1.4579278677035663,-0.80453096016055736)
 (-0.33887735572096234,-0.014755459453551629)
 (1.3021875511880356,0.1022101046543502)
 (-0.95853150252494512,-0.12054324980404296)
 (-0.99971490954822961,0.1817046196588582)
 (-0.9670578269853588,0.79408623269129763)
 (0.86769204889993157,-0.51820861952020614)
 (-0.4759964648127718,-0.23080827226915909)
 (0.83535169811163712,0.28248213414723083)
 (-0.38351292906796752,0.24186807108400102)
 (0.87365647070606167,-0.70640601423427574)
 (-1.1957738133756615,0.075572201732189218)
 (1.4081541515876923,0.50398142769590071)
 (0.89419205372221799,0.43035686025121944)
 (1.0110258185307075,-0.43520705136653753)
 (-0.34743323561263528,-0.28081958533944545)
 (-0.63450945494677791,-0.17011041478912051)
 (0.56743139646359109,0.34908841506443938)
 (-1.081580679894836,-0.13323474593519799)
 (0.65529831057285548,-0.69858416300122028)
 (-0.96618428150239521,-0.40757148620756822)
 (0.96750963071016383,0.18090730807732947)
 (-0.98824418944378178,-0.020050172839909664)
 (0.93829643741640578,0.31649444809951183)
 (0.99115201787610008,0.10654158820782754)
 (-0.84651838776685007,0.16014308010368569)
 (-1.0165477043692923,-0.58049282399499513)
 (-0.64256799022150335,0.35195500986140843)
 (-0.44465118227451955,-0.14804472622434522)
 (0.16297181416137774,0.073223286030393603)
 (-1.7222361873241714,0.34402038964312126)
 (0.72526629559367728,0.20147414260353219)
 (-0.034049253095392085,0.14320375276464281)
 (-1.1897616637067119,0.33889798495719148)
 (-0.76419919099907629,-0.49493451643777947)
 (-0.15988023859321798,0.17613813490731264)
 (-0.79781559893331788,0.19830472763610538)
 (0.75634432875545587,0.20588788134953492)
 (-0.42139695025878171,-0.11412964911201449)
 (-0.85805711866655821,-0.065972340403119639)
 (-1.5465797030270831,0.12700523871586486)
 (0.58019679102114208,0.069208000440411005)
 (-1.1699137080445052,0.43408172349257557)
 (-0.33580021626033063,-0.062824296704125759)
 (0.53421731185110843,0.0023342151366968454)
 (-0.71754353552373584,-0.008701537782824174)
 (0.97371853279861154,0.39656495117790252)
 (1.2431782834585556,0.52684704887964484)
 (1.347063994981313,-0.11981986778833403)
 (1.1789974440123978,0.19528153541877011)
 (-0.95630676873476239,0.21193755729025293)
 (-0.80978743447622792,-0.072316459352966114)
 (-0.99303418941213839,0.28641666606215516)
 (-1.3599482603749307,0.13526908650062391)
 (1.2898627895055341,0.43637289214931962)
 (-0.51735287691685661,-0.50410866439067303)
 (0.54225824367391839,0.33398605083850191)
 (0.76114612631060297,-0.13538131717229704)
 (0.93525217329162125,0.19525165498998387)
 (-0.54931102749705707,0.34319704917023075)
 (-0.85851058737574193,-0.38038498933786585)
 (-1.1442627963792069,0.06405025434679551)
 (0.26854518126777682,0.33837709719710313)
 (0.51366288615535871,0.03797509958618929)
 (-1.1046378669620269,-0.10263610635710013)
 (1.2473052151617525,-0.39366323035097456)
 (-0.62901809279531673,-0.11028809005690141)
 (0.61049566323896964,0.06524299541151414)
 (0.24169960470490326,-0.098087640485744171)
 (1.1214957058602235,0.43259879247950506)
 (0.83107890533076545,-0.12324739895204377)
 (0.97490030634263936,0.20600243870496501)
 (0.88503324735486932,0.40506546023415235)
 (-0.58230633366155993,0.24935308960702551)
 (0.97002481901555904,-0.29944984075799774)
 (-1.3354721447431255,0.25367073533844992)
 (-0.94294432023031316,0.54342292409821991)
 (-0.82088947713552529,-0.22580220848853383)
 (-1.1957977860382629,-0.014269510942520486)
