# Created by Octave 8.4.0, Thu Dec 11 09:47:20 2025 IST <gamana@Samsung>
# name: rayl
# type: complex matrix
# rows: 2048
# columns: 1
 (-0.63103716983590008,0.56181641344332522)
 (-0.54989367650455201,-0.67052028861185198)
 (-0.50579651613379595,0.8991060655497396)
 (0.86457894627453291,-1.3499069000805013)
 (0.56787906443978065,-0.42073252405864942)
 (-0.92220889103076509,0.030320716190884962)
 (0.51076212955671163,0.72831125802926422)
 (-0.79203058577049756,-1.3359926984539388)
 (0.46750652697774975,-0.084694623134938155)
 (-0.2358349907253304,0.23287156084632138)
 (0.61772081991107786,0.064030323876127476)
 (0.75280527587640433,-0.22824169125927604)
 (0.1286340548989075,-0.078933480253465679)
 (0.36696960442875426,-1.5684458190862554)
 (-0.037234277578404952,-0.47682159501120586)
 (-0.52862396498860964,-0.9109834198225496)
 (0.37690902686129346,-1.0563353540051927)
 (-0.49330373946655681,0.060303321039326813)
 (-1.4320652930941211,-0.31690272784511392)
 (0.1438934841336488,-0.10044502385023922)
 (-0.20097474842178706,-0.29538203920136535)
 (0.49651754769984452,-1.577441878565411)
 (0.46209779704802723,0.50656657368849201)
 (-0.11350862600162025,-1.0021484379983108)
 (-0.66762930116640717,-1.0849046364213473)
 (0.22165640781360058,-0.80799189838945518)
 (1.0681455534977122,-0.28639026047273086)
 (1.0822947319095502,0.6536619034382728)
 (0.16327277627255832,-0.71783428076606448)
 (1.4412248200837487,0.54277776455907756)
 (-0.94958477459744872,-1.4915254150263857)
 (-0.11621015421884731,-0.81172205545109677)
 (-0.5864976198385059,0.83073365149007616)
 (1.1253964785876371,-1.2327175506141548)
 (-0.66949771225059584,-0.24229653723725372)
 (-0.67903722287534896,-0.44568654106320266)
 (1.2042145971169369,-0.60456571901245892)
 (-1.1070530639304106,0.75457213940845314)
 (0.65213328533485748,0.019692255000035228)
 (-1.1588298520297082,0.63045878277810541)
 (1.2000165631174424,-0.42206280832297577)
 (-0.56628557114687372,0.28799025277191359)
 (0.49702893397593439,0.032237203580974844)
 (-0.12321946202034853,-0.18473931180863862)
 (-1.5859494209214977,0.95505215502290974)
 (1.2580049041874717,-0.32740950279323378)
 (-0.4420464790695226,-0.72504000107641298)
 (0.034554316911729631,-0.026837224955824017)
 (-0.079951804129416285,-0.36462267007180227)
 (0.85508606249127117,0.70646559332273418)
 (0.28994872321630877,0.57313769804940329)
 (0.12787609988342508,-1.4442615542781636)
 (1.4509886715256661,0.84602004410000164)
 (0.50101423104077381,-0.75735535313678781)
 (0.2111778109231692,0.034047912030513078)
 (-0.36879071906871674,-0.74411941057997188)
 (0.18892134844405353,0.24782074165945561)
 (-0.87782847023226518,0.68411736130923617)
 (-0.002743562672195408,1.2632418107635797)
 (0.047412321412243698,1.0689689180034259)
 (-0.68066887768171314,0.66466488793122169)
 (-0.48954989796011689,-0.013586132339401771)
 (0.5810308179562893,0.12599087995609476)
 (0.2143790612826961,-0.4619215017659869)
 (0.10975423998388636,-0.24148191277606026)
 (-1.0130332493120902,-0.54418383843479856)
 (-1.8348944324152932,-0.0098676172263087968)
 (-0.27234699898828585,0.36919950766230886)
 (-0.47517985707533805,-0.81165152983269884)
 (-0.55176474384871665,0.16923491684532085)
 (-0.28059932312162089,-0.095320945657515435)
 (-0.61635442269456564,0.18050658194100569)
 (0.61134130595198233,-1.1986037752294474)
 (0.35704327854726453,-0.14432237839271922)
 (0.98566718527919073,-0.96520263915371218)
 (-0.68793124401006467,0.56203271046825798)
 (-1.4587999055699101,-0.20121077623938879)
 (-0.29779563238276535,-0.43991848406536893)
 (-0.66799832305825046,-0.7118124389208782)
 (0.26840468058452671,-0.061435162498077046)
 (-0.29252896552014207,0.15321170658839534)
 (0.76769679186827511,1.6842678566550466)
 (-1.0372532449128178,-0.13996907240017306)
 (0.54672923254984029,-0.29997592386650646)
 (-0.26566935983214984,0.6389095392719818)
 (0.41822552517697981,-0.88665686211255201)
 (-1.0158691591365385,-0.22835663580581023)
 (0.68737536503587493,-0.65416160736604967)
 (0.94502244379149569,-1.1822425777905592)
 (0.21586296336052899,-0.13147901332223833)
 (0.24159685921875146,-0.38969208592557436)
 (1.2946509800977049,0.45538791435082832)
 (-0.54688950482876253,0.41961403426268973)
 (-0.43224898039745657,0.79290885384588383)
 (-0.28772839211016399,-0.29561793590544327)
 (0.027911562208361735,0.29846976294819599)
 (-0.0030477212120642657,0.54702140530451326)
 (-0.53966645680256153,-0.62376732431557813)
 (-0.991058770252356,1.4505465080872384)
 (-0.5357537598875064,0.094000686874654668)
 (0.82655621282520331,-0.72784643087303014)
 (-0.91672489155369608,1.3511537733307299)
 (-0.69867856168125464,-1.3507779687245061)
 (-0.86443459309102377,0.21961137123894231)
 (-0.48823240603615042,-0.36358827577916525)
 (0.81769919615040232,0.54619429811691367)
 (-0.45741516816102157,0.54532028117998577)
 (0.787191627666184,0.14553977791524403)
 (1.3085334322733477,-0.26795024884510527)
 (1.2272004535510064,-0.12551036820932665)
 (1.6099821879381575,-1.0178184742934486)
 (-0.85301267045393692,0.37473886520062943)
 (0.45723255022200149,-1.0183820888334179)
 (-1.3434971204151012,-0.97300565258330773)
 (-0.30475797974597535,0.54721656030602372)
 (-0.081842700239044872,-0.19708058260239439)
 (-0.89394410869835383,-0.3904720817853975)
 (0.45527213587487952,0.75926908998975295)
 (0.23956048414975456,0.19670596756090725)
 (0.18809568072651781,-0.9599949759507862)
 (-0.018664507248561314,-0.21346870548137514)
 (-0.86819999441935458,0.97226027142433391)
 (1.0225103577577912,0.32375479340216157)
 (1.2326168592524014,-0.88519293819388489)
 (-0.16058050606223509,1.3663612706995569)
 (-0.43680379384629514,-0.53803144007146564)
 (0.44951112741813837,-0.19203786430206668)
 (0.034598205498263597,0.24034002535283058)
 (-0.14134302087565451,1.0600508861796256)
 (0.48321185411431933,-0.060135118233865179)
 (0.85975331456313075,0.011086766089161993)
 (0.72421336403452796,0.055827745068655787)
 (1.4097483217258651,0.050928072564578167)
 (0.074162232269673667,-0.32873885855735868)
 (-0.40539003226743781,0.32842311883683883)
 (-0.20053948053436918,-0.25887016274033076)
 (-0.50290591535206308,-0.43945043359203584)
 (0.22868286240550451,-0.0073807807077398849)
 (-0.037610580338499171,-0.0099964657995681629)
 (-0.40895765353371011,-0.037123728688103041)
 (-0.90858531119776753,-0.47533212444150269)
 (0.14164866642706053,-0.98072364650204424)
 (-0.49199008642675468,-0.27682257767074236)
 (-0.14992555451541173,0.67294681262448408)
 (-0.340049147621796,0.57196808476170513)
 (-1.4469513736818111,1.0800448560623241)
 (0.65436178311519055,0.026777484010730587)
 (-0.43855069274555825,-0.5544499816320998)
 (0.97083942743122997,1.8637515501095852)
 (-0.31827748339508793,-0.96936204133766601)
 (1.3418639992456438,0.61301513178466083)
 (0.17195930232080905,0.2166842483724668)
 (-0.88688346665300799,-0.24670370826589549)
 (1.6779225376168465,0.46802146180500015)
 (-0.32482721881256627,0.51426687633680757)
 (1.3925034488731993,-0.12732058626539625)
 (0.40967909055769197,0.13706312057858458)
 (0.099534209041593422,0.073749235842113514)
 (0.75329203332985861,0.19410688233292078)
 (1.0548721784468542,0.64860202703306624)
 (-0.960266631507809,-1.0838991117076835)
 (-0.84566748131876923,-0.67781755296441903)
 (-0.20591645608795789,0.027647510182654173)
 (0.71780455073138805,0.050439098674861321)
 (-1.5031377765635145,-0.32610035177174446)
 (0.65108598514167626,0.47623564169336724)
 (-0.035782474750305972,-0.36616785213491182)
 (0.21021743391605155,-0.57020611329190551)
 (1.1199352812762959,-0.57714024436686961)
 (-0.11805614600019804,-1.1528503294663919)
 (-1.1635788123160766,-0.61519225110277675)
 (-0.67828731046526924,-0.059131154397288291)
 (0.42463423019342528,-0.030839673092587908)
 (0.40267570206681963,-1.187338817929948)
 (-0.33433628408730981,0.28544224149238273)
 (0.49570983999327267,0.054899423431997954)
 (-0.15969128977146513,-0.26165707539503702)
 (0.56507836863986605,0.00048560437552849322)
 (0.1732717167412946,0.78964789641728717)
