# Created by Octave 8.4.0, Thu Dec 11 09:47:20 2025 IST <gamana@Samsung>
# name: awgn20
# type: complex matrix
# rows: 2048
# columns: 1
 (-0.9787273685276715,0.1759407624083551)
 (0.94568048332868349,-0.096041245349106699)
 (-0.91095417734944484,0.063639912916987951)
 (-0.98348624485707459,-0.17241548867015866)
 (0.97422594291558184,-0.0033517256056395019)
 (-0.8938551273100015,0.12250403251054701)
 (0.99317815296675971,-0.021799816412518092)
 (1.0883038815272004,-0.044412863078444137)
 (0.98439074362215684,-0.052081416467855725)
 (0.89407893472452915,-0.040688256537707211)
 (0.97689553717671851,-0.063993791505731146)
 (-1.0302684199802561,-0.093146151557900639)
 (-0.99438482645496407,-0.00019536628943210736)
 (0.92503395215507667,0.12028900965393247)
 (-0.89574181626855565,-0.10033609118954834)
 (1.0281825497493671,0.02560549457858265)
 (0.98812710671257631,-0.086811819462812384)
 (-1.0036028991282056,0.077500868984482149)
 (-1.0242186512524969,0.019146425576621884)
 (-1.031491805921785,0.051289381008566719)
 (1.0432625791462693,-0.05871617420330516)
 (0.96878848714232357,-0.091290014021356822)
 (-0.95180518930033708,0.0095085718043784843)
 (0.90525016378097134,0.011030884619748823)
 (0.98320186730096415,-0.060091676830237306)
 (-0.94870896976565477,0.0013382948270683215)
 (-0.99964072102533574,-0.11279589742521019)
 (0.91530398709268002,0.10547399436889796)
 (-1.0017596018858885,-0.068243181747212209)
 (-1.023216078106068,-0.12842943789718317)
 (0.99673583863162918,-0.12084670614745946)
 (-0.94389457671548072,-0.048872155019530461)
 (1.1265387451787523,-0.13294244088465895)
 (-1.0471709875780237,0.042021289970893744)
 (1.1541347391937162,-0.037502744328753106)
 (-1.0891734857462367,0.049373595948637432)
 (0.97829492812032304,0.035122116434487871)
 (-0.88256676490255304,-0.0098895075165954006)
 (-0.99350919432901286,-0.063609320586420368)
 (-0.96048833105573506,0.037981843324759318)
 (0.9701025920378854,-0.13025776946195419)
 (-1.0542128132126487,-0.016681660941948472)
 (-0.93682585774623517,0.0046584688911104214)
 (1.1492623864901486,0.043968598003976865)
 (-0.98160832232816386,-0.085463082496101433)
 (-1.0779727155790271,0.12709452768584117)
 (1.0605418698436544,0.13515070525397974)
 (-1.0408585732536897,0.037186461350411586)
 (1.0234883551574385,0.030154792774775053)
 (0.95687888399468513,0.018946474856854193)
 (-0.93740533161323847,-0.0079466017329756656)
 (-1.0046200047793181,0.028519884408087039)
 (-1.0464923380462285,-0.048578958277100459)
 (-1.0215626001473321,-0.06604295375182194)
 (0.98626746558058853,0.11965154591060637)
 (0.869459052469573,-0.0036964290161029391)
 (1.0494657095390814,-0.012724449401444108)
 (1.0148214546403196,0.079397684524098511)
 (-1.0299549099245893,0.093868045404985501)
 (0.98555566556869634,0.037788921959808167)
 (-0.98258740058224681,0.026549479306688575)
 (-0.92536884539993525,0.058119656575168349)
 (-1.0956670499012211,-0.063869526008606056)
 (-1.1112359589168852,-0.056280239531215637)
 (-1.1198067813128942,0.011172157779296135)
 (-1.0343885075184758,0.079066226547932938)
 (-0.87551398952724802,-0.013296038598490257)
 (-1.000011229139615,-0.0080179495336006341)
 (0.98749494250310288,-0.083063067805901336)
 (-1.0245008538339182,0.075704754107263489)
 (-1.0252119157296979,0.049658391145392083)
 (1.0354021071954074,0.082592359078090594)
 (1.1417629919055514,-0.015667120774951759)
 (-0.9571973925742292,-0.027713726647576993)
 (1.0514025324731122,0.021059072413294116)
 (-0.93798345997207411,-0.13031528088496067)
 (-0.91183311281803858,0.099780354054077203)
 (1.1012229212812492,-0.013417186477448072)
 (1.1125751193357571,0.10044365653742787)
 (-0.9171588925989278,0.0055907913366910504)
 (0.80992919836904287,0.013216815950787872)
 (1.1161186078763312,0.0035819143809705822)
 (0.9029275659137026,-0.085468353764749275)
 (0.91840650263743007,0.047764315071272483)
 (0.87356562318780684,0.10092702979363476)
 (0.99451944041722096,0.042895196443373904)
 (-1.062621067905648,0.0014557120861741636)
 (0.96207219117691845,0.08759054869847771)
 (1.0036398685885695,0.02756837552814842)
 (1.0136693173982361,-0.0006786264687316545)
 (-1.0558410002677048,0.019092123570727846)
 (0.97600119768618976,0.18569886268643365)
 (0.99612721207932231,0.11124156890132342)
 (1.0311748127382558,-0.020836154358729243)
 (1.031927326416477,0.072998465013172961)
 (-0.99751334226115729,0.06556851677591273)
 (0.94770360902524597,-0.01050315409797504)
 (-0.98622606529469548,-0.051651942607235893)
 (-0.77660407147378208,-0.098211739025200362)
 (1.0564572729491131,0.00041461575039562201)
 (-0.89600664975042976,-0.0016002226768052361)
 (-0.87606953981586255,0.032753659253855344)
 (1.0157024491555782,-0.020935360823583427)
 (-1.1383262604151314,0.12668600728080712)
 (-1.0557136708517709,0.073961359799082291)
 (1.0353660828197484,0.15839449495969823)
 (-1.0036818456630798,0.02527492055355092)
 (-1.0095268291000401,0.1812444321367726)
 (-0.967056101124385,0.10922646311180804)
 (0.9206797548782828,-0.026986830465468282)
 (1.0217995103394701,-0.14400768899931302)
 (-1.0009870381200912,0.070855441970754121)
 (0.96015514762412091,-0.060876295229830062)
 (-1.0150100860939524,-0.058446552404727195)
 (-1.0798987980865284,0.073686917925473036)
 (-0.96801850224347552,-0.093894017008790923)
 (-1.047398954271028,-0.075540714077112991)
 (-0.93918009896259047,0.028008795092865135)
 (1.0464775826945516,0.029235045031251912)
 (1.0048842055103584,-0.0089779407062487975)
 (-0.88394431509514515,0.12770073712323662)
 (1.1684249766158681,0.08383191903466973)
 (-1.0687454963514722,0.071023722147769017)
 (1.048406975849477,-0.02456395744018211)
 (1.0778788998858531,-0.026562874714918194)
 (0.93175994868331447,-0.003754575942265314)
 (-0.97134477253411211,-0.090276419121258555)
 (0.89493978726896506,-0.061980945964072345)
 (0.96846767623269681,-0.076602363865245826)
 (-0.87921135328379107,-0.079372942662598686)
 (-0.99365398872543587,-0.074992577890499998)
 (-0.92279140659234826,0.028088312745553491)
 (-1.0358867748810361,0.016527153939091294)
 (-0.96768318281670807,0.029054656776596861)
 (-1.0250671193559315,0.058014143723845051)
 (1.0207811533974493,-0.020567219744373998)
 (0.96333329126558609,-0.010371720484132149)
 (-1.0468511957928519,0.078382246655454513)
 (-1.0592230506693645,0.02695606372666718)
 (0.92941740676126972,-0.018558792850072354)
 (0.97241373747410098,0.039470689161079292)
 (-1.1541112893204228,0.0022278585378842897)
 (1.0381016010778932,-0.013694374698239743)
 (1.0733193556563381,0.027422907429391366)
 (0.9569170906424328,-0.054736236551027155)
 (-1.0446423904641844,-0.03864692180739366)
 (1.0844702890504681,-0.033181758737800736)
 (-0.87622537940592837,0.13446401646208139)
 (0.99543284560521739,0.050019167351171123)
 (-1.1510914600502535,-0.0078744631887888838)
 (1.0202042909286362,-0.12483977922747463)
 (1.0700505033912719,-0.033924246770164888)
 (1.0756932655450693,0.053501089434638986)
 (1.038116608276427,0.016128370787185434)
 (0.94984759395791252,-0.014613324333903298)
 (-1.1775663156256575,-0.014998842297619656)
 (0.96707971735298559,0.15621693180612573)
 (-0.98693016990343729,0.05676874805238389)
 (-1.0406977207771846,0.033491615849658506)
 (-0.86390059123870366,-0.079695851988047184)
 (1.2168122804205677,-0.0040614620301368427)
 (0.98796186666952701,0.015301332038373559)
 (-1.0727373175139114,-0.088388156137503116)
 (-0.89807059186655913,-0.075871672868684181)
 (-0.95494330934080063,-0.0096428712663713008)
 (-1.0208909153248658,0.066982422037003872)
 (0.9337307962788387,-0.078392941681259071)
 (-1.0138159905336188,-0.0070949289915009182)
 (-1.0595277651628656,0.013455016609853883)
 (1.1496845893844236,-0.011290312102936538)
 (1.089419566850315,0.014661089648498885)
 (1.0457642189739378,-0.12721595498565075)
 (0.86693020905986962,0.10114470599987818)
 (0.95681137852371212,0.070509399955572635)
 (-1.0290220064383331,-0.14990991741278678)
 (-1.0984864725918999,-0.077057649707007181)
 (-1.0608682206087123,0.0074592518078997003)
