# Created by Octave 8.4.0, Thu Dec 11 09:47:20 2025 IST <gamana@Samsung>
# name: awgn20
# type: complex matrix
# rows: 2048
# columns: 1
 (-1.0376551706411663,0.0065250042400489504)
 (-1.0597004747250542,0.0043526773707267732)
 (-1.0976934916196666,0.015751371677511939)
 (0.9276638215815256,0.073047187921685741)
 (-0.9629929808504093,-0.034765092988066633)
 (-0.87422348068424027,-0.068344534660874659)
 (-1.078031937206601,-0.0094283531913377447)
 (1.0113257077742137,-0.013727328567449491)
 (-0.93182677444220852,0.063595966388155886)
 (0.92481371620782338,-0.12025662175653483)
 (-1.0252600813686095,0.091592998325788044)
 (0.99732516014729278,-0.037578974754196255)
 (0.98664236807171724,-0.11031391820429506)
 (1.1364967593162907,0.0097890047756351833)
 (-1.0533367155390803,0.096129454295839592)
 (0.98169065646801223,0.019812151339015791)
 (-1.1126887479677012,0.0087993852850649958)
 (1.015372044229955,0.015256325015584486)
 (-1.0197641651650005,0.086455880158187282)
 (-0.9885398478361952,0.11529432117536161)
 (0.97266572200475676,-0.021525162313570552)
 (1.0767815847392899,-0.006361302399668734)
 (-0.95787599611384777,0.015831871132302482)
 (1.0397905822929823,-0.10572421725339749)
 (-0.85669000780888949,-0.063428822370793031)
 (1.0081271880403866,0.01851298870906155)
 (-0.9745680636355194,0.017929255297310813)
 (1.073539105716756,0.11802578973369549)
 (-0.99373436416049454,0.073229043140642547)
 (0.98271578069721444,-0.017588963788700319)
 (-0.98601045817400923,0.028448694424145146)
 (-0.98180744497139216,0.012615018433578942)
 (-0.98075838869225018,-0.010771188286569377)
 (-1.0473356067249133,0.12903200165152051)
 (0.83129737681872862,0.028060617277162903)
 (-1.0084977948724074,0.012507963266130687)
 (1.0175280400216404,0.085834562885525378)
 (0.9952965677895238,-0.06770048179117992)
 (-0.97197181881465167,-0.10131163719928733)
 (-1.0097968890562357,0.064615240319088219)
 (0.96870065272652262,-0.0062253581134789375)
 (-0.93080621643089667,0.051979187755562484)
 (-0.95163050260285853,0.043369599459396564)
 (1.0256816882510624,0.04350353736735748)
 (-0.98479347906855097,-0.086439456627011677)
 (-0.99822337356938895,0.067124478052852571)
 (1.0821999911539908,-0.072075409691757006)
 (-0.96219581572643076,-0.076912047024425265)
 (1.0041069416414861,0.067821232289903471)
 (0.98304222270568786,0.0049933230266642212)
 (1.0776328481951121,0.10527450580601752)
 (1.1040268406719802,0.10421945678440055)
 (-1.057296344525666,0.065928551398366259)
 (1.0564240106126574,-0.071628712657665058)
 (-0.90913632772394448,0.11090812398112411)
 (-0.9435209087433597,-0.090008977564630402)
 (0.97780703678415648,-0.010792459399705344)
 (1.0788192499484248,0.0052913984223838303)
 (-1.0385838533564986,-0.054024777086233579)
 (-0.78766365023127438,0.0039343998680627188)
 (1.0796291592776499,0.15602914397005169)
 (1.138195865008836,0.06881410425633562)
 (-0.95467845552903241,-0.0248188954228835)
 (0.98039495268834376,0.093761574959064869)
 (-1.0102226509857994,-0.053741025438279612)
 (0.89422356619426413,0.063517081477030876)
 (-1.1460109112734171,0.0019502265953272526)
 (-0.91941500041790269,-0.099554834383974708)
 (-1.0182313356821429,-0.019346048714636133)
 (1.1216169542122993,0.071350808222112219)
 (1.0105541100894122,-0.12000810402260405)
 (0.9086795023674733,0.10509974296743858)
 (-1.024630811672421,0.047504873424167565)
 (1.0026653404033037,0.1137422232486559)
 (-1.0013391738806312,-0.064954558882883706)
 (0.93892405730120143,0.015863595953000433)
 (1.0371829509197605,0.12327756038624008)
 (-1.1269926002357373,0.1059572202235602)
 (-1.0954587985669098,0.052633281570520808)
 (0.98640445298743118,0.026329454303072472)
 (-1.0584007743771033,-0.026988141080996356)
 (1.1158385229712005,-0.084530175921902456)
 (-0.93215185564150727,0.040169303763202685)
 (-1.0133816994492013,-0.066070855421489841)
 (-1.0676168777618953,-0.12387398446135089)
 (1.0825751223482762,0.159552945721391)
 (-1.0419408966811037,-0.024177943433384062)
 (0.88018079143026273,0.027961942196212976)
 (0.96711211957248922,0.068523138922520974)
 (1.1222895820001355,0.048238205611017937)
 (-1.1385872132804593,0.0986210633302846)
 (1.0664619014401571,-0.056560708023073294)
 (-0.95326963995360503,-0.086354922919975208)
 (-1.0021507106464493,0.19554067050630675)
 (-1.089491447852452,-0.037464381684059349)
 (-1.0301511253809856,-0.0094164501578211188)
 (1.1390818513590715,0.02653613437890075)
 (0.85196935842098986,0.042022358992146347)
 (-0.97298319606384986,0.087094995457438526)
 (1.0312261396306124,-0.095660075591159355)
 (0.96045190626571808,-0.011946378194180145)
 (-0.93741177625629446,0.14924266025421237)
 (0.87716187319344752,-0.022013202203782802)
 (-1.0358395884630809,-0.033853501874137208)
 (-1.0843836280923631,0.012095249314191725)
 (-0.89461381588288036,0.035862037479597521)
 (-0.99719136903696382,0.081809147235416435)
 (1.102259337122693,0.023943540416310811)
 (-1.0702900672046973,-0.17401037506865469)
 (0.97475327367105502,0.033683376883730486)
 (0.95253516512368297,-0.050086564551552186)
 (-0.84716567288988986,0.089780563297445146)
 (0.92900764694638249,0.058598832193209487)
 (-0.93788022168759866,-0.030970940011699089)
 (1.020982932029977,0.056160152760564956)
 (-1.0220266027648657,-0.098537325763435865)
 (-0.97648126300613092,-0.057212887930899715)
 (-1.0521381728619292,0.069821335058373749)
 (-1.0030026142679398,-0.0020550926387980207)
 (-1.0270724932402777,-0.048176039795399778)
 (-0.96798967595640562,0.089457478296360485)
 (-0.93812368200322405,0.01152829336903057)
 (-1.1092276358488506,0.080953758102497289)
 (0.99784003878985683,0.061523284247092948)
 (-1.0439547470356991,-0.07332341249114456)
 (-0.90305404158804148,0.09896450383558715)
 (1.0408757179132131,0.21291125118881396)
 (-0.92089477568673428,-0.051555168307133185)
 (1.0813594822440367,-0.066393187215478197)
 (1.0595226395230377,0.025141217401677331)
 (1.0440479034231438,-0.013847913589384031)
 (-1.0275948277608111,-0.0023432760544049897)
 (-1.1426973430318073,0.0022225217316331198)
 (-1.0791120415344488,0.11282345377070434)
 (0.93009197475589089,-0.085817581297556705)
 (1.0022623540104068,-0.037118161013443875)
 (1.0692964359638071,0.0508441449362175)
 (0.99565025093614301,0.020915696824125737)
 (-0.87418698043797682,-0.019020383461625396)
 (-0.91523296386660369,-0.044892924337839091)
 (1.0439239241966427,0.1341379784975652)
 (0.95237436712239276,0.083305017440519102)
 (-0.94098264811682431,-0.045994311552747982)
 (0.90668609253400689,-0.036658715888614454)
 (0.91672662497130841,6.5029140416666972e-05)
 (1.0411231057180652,0.064102185234681336)
 (0.9141744328568524,0.23340958178153143)
 (1.0044486099025289,0.001713361747545331)
 (-1.0210185525191566,0.13481918434097492)
 (1.0353216278851116,-0.14843253791474767)
 (0.92496214976761315,-0.015216035751206903)
 (1.0088790199348485,0.080535888714361528)
 (-0.95591725156156659,0.084977432521495172)
 (1.0431093582879014,-0.048379482916647197)
 (-1.0026171511273785,0.0075071282805929994)
 (0.92410401703928946,0.15354988583066964)
 (1.096700122181949,-0.00072600665762689951)
 (0.79947621275397984,-0.061598201901795227)
 (-0.93735771085798014,0.044984638515628922)
 (-1.0243389629647388,0.038772968080355706)
 (-0.98024289715255974,0.023990593193332743)
 (0.90588726520641971,0.045061239334075465)
 (1.0166766398046516,0.070009455320609024)
 (-0.93774203606404061,-0.0072776103329541117)
 (0.85234748324201015,-0.018934672580246281)
 (-0.94112216383027525,0.035526082446928835)
 (-1.029558768581976,-0.06216345843417545)
 (0.98505865479485077,-0.12032753189287336)
 (0.96798487007408152,0.013628012785874739)
 (1.0290746604630947,0.01653280403628006)
 (1.0194608712204001,-0.025033097729498657)
 (0.88630150641192618,-0.010963835642584742)
 (1.0107585671808657,-0.020261205357642972)
 (0.95303197928059646,0.11008852838783981)
 (1.0152765579428353,-0.042385745141055503)
 (-0.98723328789710396,-0.062618303439415032)
 (-1.0393110538010439,0.10470405539535797)
 (0.92914479644279901,-0.15951495368980234)
