# Created by Octave 8.4.0, Thu Dec 11 09:47:20 2025 IST <gamana@Samsung>
# name: awgn20
# type: complex matrix
# rows: 2048
# columns: 1
 (0.97828468336017016,-0.018199505073363615)
 (0.95285654469608883,-0.093583274991553167)
 (1.033864168079883,0.027495507656833236)
 (-0.83581594590968866,0.087601823795334488)
 (0.87708556833035523,0.055033775919871665)
 (0.93500790358770658,0.11437023603642478)
 (-1.0354583984394043,0.083301258790382457)
 (0.81135394173581543,0.099501090265696535)
 (1.0033196164005878,-0.023538723109804191)
 (-1.203044008842781,-0.088513149362052734)
 (-1.0448792889629712,0.041721385239184637)
 (-1.1076937929353725,0.028428649507180603)
 (-0.95521656238931785,0.0017346206447513409)
 (-1.0663490661650044,-0.10123407085136585)
 (-0.94591550869257701,-0.029087777957728423)
 (0.91578563322749451,-0.087181152859148042)
 (-0.95453593172090523,0.12259622377331439)
 (-0.99724059315602842,0.14870566820622633)
 (-0.98636181773358922,-0.046112311104898607)
 (-1.0079692420332302,0.017437436940442294)
 (1.0411133883449164,-0.089297209496222593)
 (-1.1180925165853013,0.015830131948470879)
 (-0.92425630148181859,-0.19558438628420544)
 (1.1931274587253675,0.12776641581091958)
 (0.95392780418886824,0.091357469735990779)
 (-1.0429489416680728,0.063144132509119114)
 (0.96586915711041044,0.052844581460584975)
 (-0.95685889346827346,-0.080518922922219308)
 (1.0938204642444429,-0.082060578004211723)
 (-1.0798634036733958,-0.087703070825725177)
 (0.96515365970517397,-0.028762165013922356)
 (-0.97406987288486591,0.0029291702854318726)
 (1.0118362729654349,0.030461089241542658)
 (0.98582443931500996,0.09643256696363614)
 (1.0907638751189335,0.030090927555249211)
 (1.0030124163176766,0.020591069495116059)
 (1.0639211065145269,0.034688806682678382)
 (0.94280697373455458,-0.065307816466225105)
 (0.89982960175196181,-0.04608721746526806)
 (-1.0243468118311847,-0.074526558212154509)
 (-1.0798335160608181,-0.03965067143260681)
 (1.0327796906552369,0.065647744037899677)
 (-1.0290635479290624,-0.037937452204107852)
 (-1.1419441164550799,0.12648971603616574)
 (-1.0008711950059799,0.016477386057549098)
 (-1.0510870662616945,-0.05376054384123298)
 (-0.94129766089954603,0.04670372991209823)
 (0.9979330371141184,0.07032157860316747)
 (0.88896598645732994,-0.11888526428433444)
 (1.109291280921987,-0.056446458999105359)
 (-1.0026520420747067,0.044587883111058928)
 (1.0620648314615599,-0.031963242517849301)
 (-0.95877748929552253,0.005633076877411579)
 (0.94295462838399902,0.0073182985096772986)
 (-1.04930051397833,-0.089809184543799561)
 (0.94913389500269874,0.067905179582195552)
 (0.9351398739591803,-0.03145257025799264)
 (-0.96717498008981029,-0.065196635327790117)
 (0.93094238442823796,0.0044447059351092845)
 (-1.0151305138356927,0.12235494213818482)
 (1.0395441428385752,-0.10561773630437227)
 (-1.0140513656041004,-0.013790280692210428)
 (0.97126999540012415,0.04951302059074944)
 (1.0069825925440881,-0.1329103086689449)
 (1.0549838719543667,-0.053753394214713736)
 (-1.0491868092323275,0.018056300932405785)
 (0.95572529586380806,0.076313903190013507)
 (-1.0585511541890695,-0.074079585528879777)
 (-1.0416876290798587,-0.0092873763446790995)
 (-0.91600021232471696,0.029386104238525904)
 (0.93561863424381508,0.015135910025059127)
 (0.92184719233802004,0.081934823386825617)
 (-1.0644625457270491,-0.014975394325390115)
 (1.088257638925461,0.11643406506735186)
 (1.0455083242473018,0.058647065942487087)
 (1.0356993862065249,0.053029013407848741)
 (-1.0590487469878103,0.00035723553345712745)
 (1.0819414710592248,-0.043558779482947528)
 (-0.9201120923820727,0.018866728715021479)
 (-0.97242551130968591,-0.045237011569378906)
 (1.0266442134791609,-0.031706421028915487)
 (-1.0832650270315265,0.10108419548460963)
 (0.92325247156757295,0.061809268222416204)
 (1.0503225531254627,-0.067204340535843385)
 (0.98343659658978666,-0.11307795449904762)
 (1.0244976279118974,-0.05394840827104385)
 (0.99819087756358016,0.11224127583453328)
 (0.88778281405598891,-0.04665185804584758)
 (-1.0715107820564702,0.017866295984431287)
 (-1.0953105477612797,-0.035029635484817766)
 (0.92256874202180339,0.065172142509004966)
 (-1.0265725482187458,-0.053259794189568235)
 (0.95075077361785876,0.086147291442248308)
 (-1.0861975860910071,0.071930695863614169)
 (0.91998005194360721,-0.10210844635952686)
 (-0.97950252606160915,-0.06690018540483425)
 (1.0135300929026729,-0.041473204927312282)
 (-0.95929818835855529,-0.068119729340646015)
 (0.95105376633452587,-0.02298957329163849)
 (1.1290243099453245,-0.0060088411298652002)
 (-1.0352325388214871,0.10863484516592184)
 (0.98569175171976209,-0.10912509831207527)
 (-1.0314277801055058,-0.053368380168769304)
 (1.0092274234663898,-0.011710320894775564)
 (-0.89722644598557755,-0.0020671585610942864)
 (0.93171255527503638,0.067346415117901945)
 (-0.97959859718713083,0.046000071768005933)
 (-0.96358619402698809,-0.0016488816597218709)
 (0.96846346316300236,0.14256129427554734)
 (-1.0154684265896241,0.035808764945744177)
 (0.95012432079125453,0.046725835176581174)
 (-0.8638212609474335,-0.048091005984589541)
 (-0.95232690003347931,0.10063686842475131)
 (-0.97237361383702281,0.036424677756698609)
 (0.99819871836140939,0.0054325319739624922)
 (1.1543105612707052,-0.048999184506794392)
 (0.99721070404631895,-0.072997066440064276)
 (0.99592687141758118,0.006539653308509745)
 (-0.98909544673007821,0.014462004457671977)
 (1.0434490063379096,0.033348378358877051)
 (0.917783646814191,-0.03533549369207422)
 (1.1560360252146833,0.028826410087517396)
 (-1.0387224032246218,-0.021432682673755223)
 (-0.93520974909494881,-0.0035702649005492763)
 (-0.91516285712862144,-0.022521851284662386)
 (-0.99174529048344051,-0.054312290782514316)
 (-0.98594556212372375,-0.13013490890189497)
 (1.046133599944959,-0.03706737868222236)
 (-0.89219149844810408,0.083284353377840015)
 (0.87627374822830917,-0.088795654299282725)
 (-1.0239023671916505,0.089682632646685356)
 (0.79737032459341972,-0.031287018088294677)
 (-1.0232894615438346,0.076859770637341271)
 (-1.0755375683572141,0.013395397889453334)
 (0.98244592186382362,-0.12643834555220596)
 (-0.95591632728043663,-0.02059552001279219)
 (-0.77009126126901262,-0.13761264616202248)
 (1.0312604131674943,0.10246894486192593)
 (-1.1435977599241207,0.011466216874004035)
 (-1.0977199994597191,0.076952287578823178)
 (-1.0637832715868376,0.026954193489264901)
 (-1.0464948249339581,0.039342756708242124)
 (-0.99276093395219878,0.064032736661787271)
 (0.89614811348899137,-0.0090400071921761822)
 (1.0414148375319294,0.10449695328565999)
 (-0.92949016404491513,-0.081183844796202539)
 (0.95355093848818839,0.087665953499027963)
 (1.03612473389329,-0.046819933545618225)
 (1.0580333248256366,-0.042346749634589523)
 (-1.0145141235108781,-0.075861181820397916)
 (1.0171318856458891,0.016359694135740895)
 (0.91200348325412683,-0.010408088138717202)
 (-0.93238794361751798,-0.10837326049490191)
 (-1.0870998122098638,-0.072396573474475742)
 (-0.99120934831270435,0.02449291542792011)
 (-1.0069972873793147,0.065078354357944276)
 (0.86678969785883631,0.015230577710831578)
 (0.96084001284993059,0.12749147968856822)
 (1.0187809895315691,-0.026122526288440268)
 (0.96166502370353746,0.10896874520653384)
 (-0.93031052190583652,0.038555346170977667)
 (1.0414691343667404,0.045086165696646294)
 (-1.0142139754841899,0.0098339802760231323)
 (-1.0175673480400149,0.026581765528101865)
 (0.81801916085207238,-0.031293560248432488)
 (1.0041340267084009,0.0016496405962054634)
 (0.87829255190106337,0.0071140595681890434)
 (-0.96844587559827422,0.039972062769914142)
 (0.92085374658777153,-0.090337447356189329)
 (-1.0246808650689516,-0.096077404425659152)
 (1.1154346570916465,0.092534501540912209)
 (-1.0678040635053594,-0.047089416336428276)
 (-0.92764637364117175,0.0033713239670229837)
 (-0.98290253667731153,-0.041892136006337441)
 (0.92952483645152151,0.10253349470954609)
 (-0.98558895866689489,-0.087848220443934769)
 (0.95415330019521316,0.018670146990052067)
