# Created by Octave 8.4.0, Thu Dec 11 09:47:21 2025 IST <gamana@Samsung>
# name: rician
# type: complex matrix
# rows: 2048
# columns: 1
 (1.0612272886928027,-0.25078506939866235)
 (-1.3024329574204556,-0.30699243267010706)
 (0.44564167213230943,0.12975687200317548)
 (1.1042208013985646,0.24654673008260414)
 (-1.5322517795064536,-0.14243121254507068)
 (0.6455819961575282,-0.28298356625870486)
 (-0.10757504499792503,0.29629830373758392)
 (0.70774729582739404,-0.35079414034957496)
 (0.90303467053807329,0.14073150151321898)
 (-0.75457878047578486,0.18197442066756672)
 (0.6286788265769514,-0.66933473303635072)
 (0.27632181568572367,0.096587150649306619)
 (-0.95767035090150854,0.38125265902831657)
 (-0.68137159237462575,-0.3124122345172618)
 (0.45791059380281413,0.089324533038586715)
 (1.3459555355022388,0.14093029440677832)
 (-0.4629122107847109,0.3225592027028652)
 (0.65547656371177843,0.197301618054744)
 (1.1338060685757743,0.33249948860146178)
 (1.240858497572755,0.12779002105391832)
 (0.7158646208507301,-0.073796628409648554)
 (0.67557474136518636,-0.22433082586791983)
 (-0.47041796068210606,-0.31815339194837905)
 (0.58606708548244013,0.54672556511692749)
 (-0.64775378234812497,-0.026292928369088982)
 (1.0683091310312522,0.413583479524197)
 (-1.0902239528964055,0.03224880526202361)
 (0.51792764506904154,0.14735233393203867)
 (0.7972121741901721,0.055931984172822399)
 (-1.3385835593419169,-0.38350074368344128)
 (-0.91890260939269597,0.30474287540726663)
 (-1.3808732053410715,-0.38366360999707116)
 (0.37272202667474047,-0.47885676934666743)
 (-0.91092936302970151,0.47398917709838179)
 (-0.9716246410316739,0.136058371277096)
 (-0.40105487446442972,-0.24956825572475627)
 (0.69476680823125037,-0.53829490016821702)
 (0.37421592802617099,-0.20562103390053621)
 (0.67595534154940973,0.35003774525742404)
 (0.99077678662431612,0.27715909545970441)
 (-0.54228926788856036,0.41361823446078555)
 (-0.4652111039404862,-0.096973438050047447)
 (0.94893497869808674,0.45291218438734226)
 (1.781495537442261,-0.025481767954571383)
 (1.08469528846676,-0.05731721022846991)
 (-0.62647419423798556,0.31367585598288278)
 (-0.21970248437534823,-0.80009090624774626)
 (-0.68023695896573722,-0.1447070223589228)
 (1.1445100627908233,-0.95323179904264344)
 (-1.107059102828245,0.41898486570946375)
 (-1.5537152963769025,-0.16633086075386794)
 (-0.81492629947898765,0.18452315805186498)
 (-1.2921085627035982,-0.53331286525949817)
 (0.36354373924403638,-0.13897438196627521)
 (-0.58800864492919069,0.27846230390547877)
 (1.4958487578032171,0.13027293641652937)
 (-1.1039687253147188,0.11685974686749122)
 (-0.70683418840648748,0.20695678114034191)
 (-1.1794920722800251,-0.38039630665929081)
 (-1.3748141276342629,-0.29297003861532561)
 (0.38820693879728241,-0.013432378386422049)
 (0.73867413332244158,-0.7487242586785432)
 (-0.87249032347656874,-0.24357177268324337)
 (0.76213864024980327,0.68094093424679336)
 (-1.5195959005836035,0.0014911670711087906)
 (-1.3117409739059342,-0.097733456015454412)
 (-1.0851191653445784,-0.36193959916235791)
 (-1.0750085137324989,-0.15287886493250191)
 (1.447089783136188,0.50402714665284154)
 (-0.70812063797984748,-0.17105508460221572)
 (-0.5839335167980173,0.29014594071431149)
 (1.1109668605896283,-0.064090205198815281)
 (0.53073632666860826,0.10051022792760751)
 (0.96660738442058725,-0.4731336944027249)
 (-0.91972297592854901,1.1053771698987662)
 (-0.3883768980771734,-0.055319235678207151)
 (0.47100249921484277,-0.10023024669704635)
 (-0.79358984249976361,0.065236040432585032)
 (-0.58751141687654007,-0.17273200662089366)
 (-0.56656285420471997,0.23822227989973402)
 (-0.19244586066154135,0.53707054353884565)
 (0.99189577170344012,0.3439868749754923)
 (-0.68284261098023769,0.059906453659789395)
 (0.6825325004062418,0.27496314278135042)
 (0.4928418138656358,-0.47082731801642858)
 (0.53561475781223233,-0.13933383056180162)
 (-0.3674844976892695,-0.16122053437173953)
 (0.81972781170199582,-0.25887627430089083)
 (0.56820857051962015,0.065207066327368002)
 (0.65799333993187359,-0.13316701682560403)
 (-0.51265795768968492,-0.51518615054841188)
 (1.1646743639546293,-0.051763878095811976)
 (-0.4744668647794042,0.073044931927753284)
 (-0.87562484155551745,-0.52788506594578088)
 (1.0439312134054974,0.017559637848672396)
 (-1.3955543364208882,0.35307166272351231)
 (1.0749229253493735,-0.042129498449166629)
 (1.1172231048164201,-0.12595894277194891)
 (0.80221929307713946,-0.27696183266560015)
 (0.55778045189640846,0.48118728987068676)
 (0.89952945842790866,0.57470405193947727)
 (1.1402002626421082,0.20338728424396738)
 (0.74158141929408483,0.2535745581820773)
 (1.0806541522556918,0.16745005086729906)
 (0.60668273139149842,0.27718306102134915)
 (-1.0148497360721283,-0.25187806261035633)
 (0.55771557484620826,0.11422503862437462)
 (-1.0585725803526493,0.14939901156843427)
 (0.93580281486726313,0.38479972582785216)
 (0.57923274153235571,-0.076165567460112771)
 (1.4574621217735635,0.18092691350188253)
 (0.62145043170091019,-0.067239391984188657)
 (1.1850146202323615,0.074920002643020525)
 (-1.0494634753917855,-0.69273824123680183)
 (-0.22495087526648783,-0.93875163991471411)
 (0.93126962849857242,-0.38579421395665148)
 (0.59897613102655312,0.10451372024966203)
 (1.03761855387617,-0.071256551625182171)
 (1.4573435574939431,-0.052208931839882337)
 (-0.62537012253732893,-0.10700704544197119)
 (-1.1396908610003562,-0.10406039812554728)
 (0.71298839555337357,-0.37269098833302433)
 (0.84991310720324664,-0.041318241946200915)
 (1.2319975752590087,0.25978082242182454)
 (0.85783570973117396,0.65340677354283982)
 (-0.99400173806046843,0.087201387567727204)
 (-0.38149631040813614,-0.25586586108349108)
 (1.3223535024491362,-0.58658159021130363)
 (0.57157729203219443,0.36514445784729321)
 (0.83632282210894804,-0.0024836033801649659)
 (1.0587814203108767,0.29882954324430433)
 (-0.82434740617032631,0.29426296908291344)
 (1.5393869475168604,-0.3928875465754435)
 (1.2850136170296231,0.41775627817882044)
 (-0.98097429765984823,0.37518366837843975)
 (-0.76693047640495526,0.30171183865960621)
 (0.085490336260304778,-0.35446324790019712)
 (1.2550308882783752,-0.30679555999039693)
 (-0.56310679448827949,0.64920123730754686)
 (0.7080543572932031,-0.13657321007835765)
 (-1.0269003513001802,-0.99274077676278172)
 (-0.66931574491111889,0.23931812546375267)
 (-0.76261407569315087,-0.40239386309508102)
 (-1.0122520443607272,-0.42566924925589655)
 (-0.91415239128532355,-0.35679896977130826)
 (-0.68929131275610422,-0.10658723644972239)
 (1.431947737613265,0.65552760226445983)
 (0.98410554682493689,0.027551078242251326)
 (-0.93009617296982938,-0.22212750737431458)
 (0.6275528383498109,0.91152281073553598)
 (-0.83745064054437213,0.50333363719984747)
 (0.39232749489866831,0.36147455178561799)
 (1.1647809803743538,-0.26803466752525518)
 (1.2942926928864638,0.74401353560225836)
 (1.6193412414499746,-0.11812219882396452)
 (1.0794990587031046,-0.36308529878046908)
 (-0.41293145031147988,0.1889244551615506)
 (-1.2009206243804997,-0.23387414466641271)
 (-1.4530766636863353,-0.170393468553483)
 (-0.91484287179090817,0.52147539578589885)
 (-0.59166250033959455,0.080304371586913934)
 (0.90400870485938811,0.45272865082470709)
 (-0.67325620704664202,0.68086295317992818)
 (0.79087340350895141,0.30110052168823476)
 (-1.0599933124542578,-0.32080437667225981)
 (0.80662471385059875,-0.31105640415907426)
 (0.11087190715376971,0.28241381919824471)
 (1.3411958441590122,-0.54198259152354189)
 (-0.82562626097960601,0.14607323942940204)
 (0.87779147962152171,0.3646686712937896)
 (-0.91966198702309065,0.31196078570310598)
 (-0.46204373746862293,0.46634674977649798)
 (-0.67938518766431044,0.45280576244731047)
 (-0.80319879243199532,0.055630882179896458)
 (1.0952382254189714,0.34766735908753166)
 (0.99479439055452312,-0.050540425252512962)
 (-1.265949442844517,0.28416448353930734)
 (0.71167689558170388,0.30442387491159634)
 (-0.76470770856696102,-0.1244640266130542)
 (1.0432100723034312,-0.0056663016367853036)
