# Created by Octave 8.4.0, Thu Dec 11 09:47:21 2025 IST <gamana@Samsung>
# name: rayl
# type: complex matrix
# rows: 2048
# columns: 1
 (-0.30778450382079964,0.17847979184435173)
 (-0.29167977677949114,0.33072773359429514)
 (-0.6863223111260478,-0.13058964020260308)
 (-1.0467430530186423,0.6912683822927369)
 (-0.65516731544240026,0.23877631769108193)
 (0.13946207043681502,0.64026466761814849)
 (0.80541727007118358,1.0932529470465089)
 (-0.13932134360384021,0.12971582761866263)
 (0.2088329582191541,0.24117549553632769)
 (-0.51623410624119292,0.54920313709789659)
 (-1.5718802280750999,0.19131014662338647)
 (0.34848224733277561,0.047136914144805905)
 (-0.60667693577584891,0.13100855461380051)
 (1.5288610893443282,0.68026066778406713)
 (-1.1864007553454856,0.67925810177298451)
 (-0.40237247457383712,1.5412486172732445)
 (0.62349158190675069,0.79926146072412774)
 (0.98650914550798863,-1.2496420183971233)
 (-0.67514031617410741,1.5940203526638685)
 (0.26460882609472253,0.30645281929995705)
 (-0.18236065581355118,1.2075589601454684)
 (-0.73171208613159378,1.1786812521686756)
 (0.15832748877540276,-0.88050014596709003)
 (-0.021571503140491478,0.0055779827830755978)
 (0.11245723760508362,-0.25547878956147174)
 (-0.090878191338965728,0.40115109618575578)
 (0.11704324859874929,0.033918262881219637)
 (0.23837728248549492,-0.56436150246125205)
 (0.9979226736967427,0.4496889916479877)
 (-0.080822860350054926,0.58456100855582072)
 (0.12109166671917601,-0.98612511043028162)
 (-0.30401081715701289,-0.80380784482296874)
 (-1.6330360959501513,-0.09423971458486835)
 (-0.48059272303530381,0.10101624986610298)
 (0.26442496411574212,0.55677875583957903)
 (-0.9028803273226077,0.32979917609823711)
 (-0.045845897074780755,0.51312898376744731)
 (-0.8651980110962032,-0.29212730013148275)
 (-0.65395079550346003,0.38844676800785605)
 (-0.8709760823832392,0.12017812463837756)
 (-0.28254646038421039,-0.45674989413991385)
 (0.012016573124473007,-0.26696416019264985)
 (-1.1479499902815762,-0.32134986780398722)
 (0.22216678173122062,0.028526871820108206)
 (-1.3715325522828836,-0.28326619856942981)
 (-0.62599894531457867,0.76351650463376308)
 (0.91438521431304887,0.047624704136708204)
 (0.72799473742428444,0.047352344717790346)
 (0.4539342399500183,0.74029592242476605)
 (1.5469303496327216,1.4060015370897794)
 (-0.23036578227687271,-0.40776704542732778)
 (1.1311719842337686,-0.2753742431114885)
 (0.035709849245987246,-1.0315565158125557)
 (0.08270796179455038,0.79544952824629422)
 (1.2645245192619863,0.877428671754648)
 (0.35324445501618507,1.0880855071350404)
 (-0.24133404735261424,0.14026626518831978)
 (0.96119713250198824,0.27417247683576768)
 (0.56443022784975982,0.21501106587604918)
 (0.39489346737150405,1.2774282377892798)
 (-0.14283306067922155,-0.087339288324295244)
 (-0.13753026731128989,0.22152448787585938)
 (-0.74587761513742523,0.55088429008303441)
 (-0.0015006315496549163,-0.31980563414207558)
 (0.24508744682440864,0.060428732467727654)
 (-0.68869458847042742,-0.20530325231046773)
 (-0.72670069464274845,0.67304086460114065)
 (0.42532538059552344,0.95290876834048177)
 (0.52224137765818857,-0.10096583418701545)
 (-0.39795773232417814,0.12029035361825641)
 (-0.047630677074779935,1.2654191317987062)
 (-0.64139573718656639,0.37162391619181934)
 (-0.42410544848168563,-0.26317611083561054)
 (0.21492054351316425,0.81331732699236492)
 (-0.58081382430563577,-0.42576113818411554)
 (0.88412685194739915,-0.080351619114713599)
 (-0.41983563867387819,0.59857823713266678)
 (-0.76220805474370579,-0.65068091569947373)
 (-0.82264762444888984,-0.52195299358471237)
 (0.52339219047598884,-0.314092552304304)
 (-0.2050956368483256,0.5614355028220207)
 (1.5873492823411115,-0.62272744914972467)
 (-0.39870884748636815,-0.80937052688254918)
 (0.59176942270466382,-0.96225516083874174)
 (-0.033889969163651938,-0.50539150099643715)
 (-0.79511740495999073,0.85131475317883509)
 (-0.28393456397874761,0.2310110913443639)
 (-1.4425855023519749,-1.0917011084561101)
 (-0.083350956429009068,-1.4875620354233066)
 (-0.49115264200886638,-0.022121793372899618)
 (0.71904006362343975,0.17147720826240315)
 (-0.15792041459965878,-0.32819162811971603)
 (0.40204912383881847,0.29897406192791831)
 (-0.20906514327360881,-1.3068395571801978)
 (-0.52994442209995996,-0.83094761738433676)
 (0.91397227208222265,-0.56439195027129985)
 (0.88660918221738916,-0.8323944959696935)
 (0.44335499946122403,0.49004777470432803)
 (-0.37944720266868248,-0.97421094295677391)
 (-0.1831574911993552,0.53273817110362309)
 (0.1927531544093723,1.0899610105070827)
 (-1.0022038653404062,-0.092745225133016668)
 (0.83102056035442728,0.91084522514344557)
 (0.0064261179502509156,0.50676546770224762)
 (0.55219027827488287,-0.39834293268938586)
 (-0.30931089789641619,-0.2719642352124374)
 (0.71000298938936801,-0.62013214256949323)
 (-0.35779845331747401,-1.1932816297074373)
 (-0.87441051912706846,1.4523691181370819)
 (-0.83279059506103204,-0.083283366890520308)
 (-0.80601478853311137,-0.4132542304425057)
 (-0.83269646939250386,0.63622760710272408)
 (0.54948302991401721,1.7700781621115127)
 (-0.78570369405376539,0.43422435171223983)
 (0.42767565231919696,-0.35777493931986476)
 (0.10067641330572927,0.34502728616507944)
 (0.14826638183449514,0.076877291956548452)
 (0.5252888423689045,0.69191828362809793)
 (-0.33935125693515333,-0.29404010750127163)
 (0.2782062224438509,0.21012058136919926)
 (1.2905737526475576,-1.0866843221897726)
 (-0.60918669671128356,-0.12509302575361755)
 (1.8475061390923828,-1.0759052283894277)
 (-0.010524831816972583,-0.29007257026899613)
 (-0.26922359015345637,0.60174753410414816)
 (-0.91557406947137454,0.10588829528102735)
 (0.36581672270964738,-0.29169630546937386)
 (1.3758006509241718,0.065901259747782465)
 (1.2275051982149046,0.5115090449813805)
 (-0.22302454225080454,-0.29703246125735028)
 (-0.99593351410542974,-0.36953238583477305)
 (-0.16060682071598648,0.09536702175128027)
 (1.3774988119148219,0.23087835445095231)
 (1.0144954941981505,-0.25910962677546723)
 (-0.7422827842069013,-0.39187982516058806)
 (-1.2494457959371001,-0.38382728702465901)
 (0.22194296060011232,-0.13903934007675134)
 (1.0879049252634228,-0.76098227770607052)
 (-0.58086165304680903,0.23838138111190837)
 (-1.4794973352753968,-0.048272960647016354)
 (1.5487619747128269,-0.10324848209617617)
 (0.93340796880042209,0.15933218221086995)
 (-0.12473485347926752,-0.14027625751506964)
 (-0.27399122760940747,0.10118074744617377)
 (0.93000386669759838,-0.68034896888706553)
 (-0.038053209452832665,0.076585562258356416)
 (0.83888716376726313,0.070020449502905258)
 (-0.017940661938398154,0.18759276556958723)
 (-0.010713507488073645,-0.99073952161534651)
 (0.47461291062118183,-0.075532636363263655)
 (1.3899771129141443,-0.17112692853059086)
 (-0.33254343047078222,-0.73034866624607853)
 (0.32664621073798922,0.24237396204090111)
 (-0.094437443552404757,0.35929165217316306)
 (-1.0120289636779507,0.63260278374427126)
 (1.1497464422799419,-0.79180463987346694)
 (-0.41681150685083845,0.14223100869754707)
 (0.6659264309039844,0.052722119951125808)
 (-0.67625347467029062,1.3324879480493885)
 (-0.47389475274717169,0.27106009397486258)
 (-0.11633101309103903,-0.74058743991633436)
 (1.2589184322309368,-0.16682028220418949)
 (0.0034440130188391265,0.26440512786342785)
 (0.23614237099532848,-0.31366512667813479)
 (-0.76252925328015608,0.22657208033013879)
 (0.7570480211547167,-0.30456586374222289)
 (1.0597265017669957,0.0029650007131503025)
 (-0.83840966079265089,0.69711347705993398)
 (0.41633529414788473,0.61698459337421196)
 (-1.1588983547200804,0.55901183473120486)
 (1.0644433652816685,-1.0939423588989612)
 (-0.81220022283739313,-0.7530189337727019)
 (0.41193903761759126,-0.91213772624897915)
 (-0.59862175597826106,-0.046047961858467011)
 (0.98356939108412433,-0.23384259777920668)
 (-0.33248842056832412,0.56479644847262578)
 (0.18233543827827497,-0.20841190980625912)
 (0.85909460155732231,0.50566615554256689)
 (-0.63842879406624264,0.056636808905577846)
