# Created by Octave 8.4.0, Thu Dec 11 09:47:21 2025 IST <gamana@Samsung>
# name: rician
# type: complex matrix
# rows: 2048
# columns: 1
 (-1.536881319041806,-0.70872411854335637)
 (0.36526966604927824,0.6073836833853542)
 (1.2831769840875575,-0.33388468346710104)
 (0.82840182619171499,-0.37851327283215219)
 (-0.79151598833441683,-0.36703589231332551)
 (-1.1353797029103978,-0.44914470442086213)
 (-0.67218213146017924,0.95049170278132566)
 (-0.87648681265979123,-0.32755803336642908)
 (-0.94403096192554148,-0.1484589718259656)
 (1.5656581693564655,-0.28927941637126536)
 (-0.55214462886964111,0.16422293071749702)
 (-0.19682535628972642,0.020485508969452386)
 (1.2869992469160652,0.33202118087445992)
 (0.6356008108326473,-0.059105775882884008)
 (0.94712845379286292,0.18198667545246983)
 (0.78372267714469068,-0.5879040567379914)
 (0.75341428845517944,0.29435206314517753)
 (0.76276006280453246,0.016806451405429437)
 (1.0966724495642739,-0.28085827444034012)
 (0.56346179284008246,-0.25289716522572658)
 (-0.9481753205567216,0.21672166170999391)
 (0.6928628688080396,0.099094836865126476)
 (-1.1435136379766069,0.16071339222033379)
 (0.8330878408257274,0.014198519314468768)
 (-0.65637320147735478,-0.43902015653636128)
 (-0.5840190882822659,-0.20151537351877766)
 (-1.2772283673111526,-0.61763459575639312)
 (-0.87247179560532961,-0.058595845856316796)
 (-0.52744956627741346,-0.18783056094484607)
 (0.84259677459753202,-0.096743829130079645)
 (0.47501943971053939,0.45457024300535886)
 (-0.96263353100314142,0.015077202722900935)
 (0.7955664127305393,0.65004272974990063)
 (1.1952271771622791,-0.21774117444876032)
 (-1.1092467991398363,-0.014777934793239501)
 (0.77095081160724388,-0.25142470263063821)
 (0.6584954223303483,0.33214045914502988)
 (-0.65514194486198796,-0.47972305389109865)
 (-0.88487241242512593,0.37330051102179646)
 (0.66153705220574621,-0.026646292659442163)
 (1.2716030358299333,0.12049158809679379)
 (-0.54324588432378751,-0.60753328677456686)
 (-0.67881843854686241,0.032765034209912169)
 (-1.0545752002511988,0.046500230266333389)
 (1.4794389803103651,-0.42768070069333575)
 (0.58203377766980346,0.36736236950541085)
 (-0.59244054982243366,0.42499947143707212)
 (0.7311911347568163,0.29755041555723472)
 (0.75686639954101742,-0.089760537286344214)
 (-0.92317196646863631,0.32390670851541636)
 (-1.4516463484290716,-0.40090650446167758)
 (0.18338469415706504,0.035843083424572278)
 (-0.58896653363109608,0.2505301074139995)
 (1.0264186221392382,0.20437960635636609)
 (0.94799831004729862,0.51114853187885589)
 (-0.64426656548031613,0.91852838336182929)
 (1.091624985552005,0.43418904869356895)
 (-0.60914000073363028,0.098069765185722288)
 (0.18927747369721137,0.39902865247545261)
 (-0.92004101630951352,0.47054386798344899)
 (-1.5846936849951079,0.02238451560635198)
 (1.2922025077510495,-0.34828002104537542)
 (-0.88185408459367165,0.2704926402896321)
 (0.51754750458979415,0.14870199172724338)
 (1.4934010425862709,0.028277701511572682)
 (0.62874256129439965,-0.15964357436134974)
 (0.76496961781946349,-0.50066051725078242)
 (-0.6369523762633289,0.50082684033999936)
 (0.98670294542312675,-0.70977390061304846)
 (1.3592290543012266,-0.17464999656158914)
 (-0.72606944494425474,0.12389004298678954)
 (-1.0960625569607725,0.67408270844886775)
 (0.29422359907866225,0.35573543255109996)
 (0.76111267753696155,-0.062847196135831118)
 (-0.58695360469983848,0.5424343301857385)
 (0.75321185839799221,-0.037886592316639649)
 (0.61834029761962483,-0.099601325213582198)
 (-0.58738290871211463,-0.48574541887311856)
 (-0.95506382102063214,0.20265287341919844)
 (-1.3221518538408636,0.0062431959543117954)
 (0.88153664876224369,0.40434940803621988)
 (1.1177625492164376,0.30112838519280888)
 (0.72523340867495723,-0.11854859478985232)
 (-0.50890526471933006,0.3903095059870309)
 (-0.79717497732194942,0.34467202502308353)
 (1.1650681624834125,0.38763514512919184)
 (0.93525777986127467,-0.37721580321593629)
 (-1.5309954289299539,0.42255883267280281)
 (0.90689033744301872,0.40711570698991389)
 (-0.80805142383485618,0.098348111055864496)
 (-0.89246343071491363,0.55572326137517314)
 (-0.70525490287604142,0.19378025605914018)
 (0.88926412270379418,-0.17198682517052921)
 (-1.36100538121,0.064694323551126032)
 (0.52166090760037243,-0.1074573255960589)
 (-0.51279683533005516,0.20488149225024271)
 (-0.71366770484080677,-0.046183405722556352)
 (0.78924708310594105,-0.32683894312208317)
 (0.56817719752710349,0.043014602592368216)
 (-1.1486622812250469,0.68614380099258798)
 (0.87346711171284486,-0.061241674194652172)
 (-0.41471052522528279,-0.096549535119119026)
 (-0.60349133079503514,-0.16119140835977072)
 (1.3535184729220029,-0.31798296425747041)
 (-0.9991663797380268,0.26765707632939029)
 (0.8447178877033491,-0.26728264391199402)
 (1.0821668852502817,-0.079820216833384597)
 (0.95969464709455543,0.2902188887677925)
 (-0.82989583096009079,-0.0097716841576786801)
 (0.75591365731715077,0.32447231815515365)
 (0.58557973569190536,-0.40104519914120107)
 (0.34434697522129576,0.15222178211858611)
 (0.89545872190615527,-0.15785186649592237)
 (1.6112145110006129,-0.23437682292853057)
 (0.41341836472884169,0.0052728872065836074)
 (0.89063646689315445,-0.057135139059028998)
 (1.2795737384182115,-0.0078512826477931136)
 (0.78728086007263154,0.30724921378776487)
 (-0.80913732899776503,0.25472552068164345)
 (0.67042872476980842,-0.056378108518508614)
 (0.78609329053810229,0.4272171398176452)
 (0.7092035110227235,0.58467261380082969)
 (-0.48830691090269607,0.40884069016976632)
 (-1.1558778224932647,0.19978717536563501)
 (1.1182197275807866,0.2367987361820908)
 (1.6866738421539988,0.12729888679130599)
 (0.13300970463137873,-0.012196138073615659)
 (0.87344650662819978,-0.17100169506923224)
 (0.62942648465213158,-0.59385406638076688)
 (-0.89466370921951432,0.17191587212150725)
 (0.27890280905173337,0.42692062930847785)
 (-0.46398927222841835,0.022878279821253785)
 (0.50479403334707995,-0.05148443574407352)
 (0.93804343005084045,-0.029568207050477066)
 (0.84066965088914447,-0.50552759233609645)
 (-0.16480634290170304,-0.28920650906749035)
 (0.45634222945530112,-0.63482753943078218)
 (-0.68343782963282007,-0.33780896507200847)
 (-1.2579408576498943,0.24948878964790056)
 (-1.1576008202920907,-0.062717216839771828)
 (-0.76248220867223404,0.34584444675243259)
 (-1.0763962654022041,-0.22979542866593772)
 (-0.78396479007532238,0.14221717488553151)
 (-0.95065227757976112,0.10270967374117738)
 (-1.2328140607787681,-0.37599308785027175)
 (-0.57152030579573099,-0.2061654773942555)
 (-0.86598295120977964,0.45547081836812492)
 (0.59940759710170055,-0.029962348209404157)
 (0.18261956423567871,-0.011689176610530495)
 (0.50509458989472278,0.19982228233384605)
 (-1.2048872860078694,0.28417668500684062)
 (-1.4836260758953226,-0.03217285825075214)
 (-1.0654311165725319,0.19769173552076208)
 (-1.5446247968492401,0.17920004873911086)
 (-1.1782934367200804,0.30732435282944165)
 (0.48231567868942249,-0.48348656128129686)
 (1.0338729324409901,-0.1752614435116488)
 (-0.51083700544712718,-0.67649530823234671)
 (-0.56292936119946402,-0.3398313975513424)
 (0.82490471195053983,0.086867543952570153)
 (0.82715963245725144,-0.47698002551512231)
 (-1.0522739055626,0.62763198216539828)
 (-0.97540786662532164,-0.27619926591334365)
 (-1.1318828455939101,-0.342049085524334)
 (0.40531664914628635,0.25266139905588103)
 (-0.46888084725277884,-0.18874817938450678)
 (-1.3506676581046688,0.46042004349357868)
 (1.1894663402048899,0.16436926627036338)
 (0.92625160756132219,-0.088900330820883278)
 (0.52655285632828497,0.50635051223120986)
 (0.55072925776232262,-0.37479418546235033)
 (1.2103562944609343,-0.052535513531753515)
 (-0.38743918058579929,-0.30021638340933871)
 (-0.95206232945097924,-0.51282522533052943)
 (0.70856153529163857,0.028158101348051422)
 (-0.68090088659069736,0.4690453704088024)
 (1.6041280784354144,0.14766874803687227)
 (-1.0925176384805046,-0.30396554413471105)
 (0.38986244769388645,-0.17643081581290457)
