# Created by Octave 8.4.0, Thu Dec 11 09:47:22 2025 IST <gamana@Samsung>
# name: iq
# type: matrix
# rows: 2048
# columns: 1
 1.6000000000000001
 0.81741217677477895
 0.336325333479365
 -0.42812692941925867
 -0.7737705401199878
 -1.5958393474565038
 -1.3708841653825465
 -0.64531547200634287
 0.19744169751515539
 0.72610466550790553
 0.98961189288312468
 1.4267791320635248
 0.749154243620751
 -0.126277206267076
 -1.0794599269865388
 -0.97667740455693652
 -0.92203355216466776
 -0.84909680209866956
 0.054455970544694823
 0.99153831704690321
 1.5338614353143079
 0.94753482023462876
 0.94462336461493135
 0.017648480643128749
 -0.56153743692579727
 -1.497061692734752
 -0.96810813435476473
 -1.0352371151254043
 -0.14345783253777036
 0.50044297299076146
 0.9077975051441477
 1.5738343944166753
 0.70029174263479022
 0.1612074989385934
 -0.69879327583226603
 -1.4003362637290069
 -0.99406909454407066
 -0.74991820004097443
 -0.23191544205296488
 0.59324349985372127
 0.83807101776911563
 0.99932172244443662
 0.79564447111414049
 0.30141723570001927
 -0.48460837377945815
 -1.2745171485087401
 -0.9993770622619782
 -1.3395723871147742
 -0.36935141386161252
 0.23340805554780536
 1.2014921398173009
 1.5907757218952079
 0.87446671960772626
 0.43536466339879998
 -0.16272196520846155
 -0.70138649497904204
 -1.5742748128544564
 -0.90715275704229548
 -0.79858185850933749
 0.091189587921087126
 1.0371081931070047
 1.549586390683374
 1.4961933763111284
 0.56026686158099936
 -0.019182950395057383
 -0.94660418569563576
 -1.5168388553150829
 -0.95822557211480941
 -0.98960994706451333
 -0.084677526592261687
 0.53198566524571467
 0.92262657540312143
 1.5621547671285392
 1.0776461366702739
 0.1247546135053899
 -0.46957695504264702
 -1.4278887287596094
 -1.5830241398668952
 -1.1600776873516347
 -0.19593694714062365
 0.40472606164912256
 1.3721487507852954
 0.99728780989863108
 1.2364758878073214
 0.42576039812640087
 -0.3377702626083236
 -0.81829530004591811
 -0.99999882230188708
 -1.3064434050785365
 -0.33487961217098988
 0.43049245230356209
 0.77474182782419287
 1.5960144402412222
 1.3696163510044093
 0.64306772540046753
 -0.19894598283625273
 -0.72715906615685566
 -1.583730187874117
 -0.8910413592107852
 -0.7469835946181913
 0.20447920255344562
 0.6757944842168484
 0.97700577919626508
 0.92143835717186395
 0.52938408740299536
 -0.089581373926153132
 -0.62091521972729924
 -0.95909896399592787
 -1.5152689985238279
 -0.58915019910744659
 -0.025782350915245302
 0.56280668962743263
 1.4979264829849168
 1.5483559908066828
 1.0333635987502012
 0.088132491563609597
 -0.50177110567169725
 -1.4535041840370972
 -1.5733902689753034
 -0.69919534082601087
 -0.25550824473790507
 0.43812590268212964
 1.401522477738907
 0.99390102147704307
 1.1982432741466169
 0.23042228230537098
 -0.37220208762835455
 -0.83890731960218134
 -0.99926402882828158
 -0.79471385035233399
 -0.47992564452937803
 0.3043425181213476
 0.79750008827622731
 0.99943004815055925
 1.3382279905752121
 0.58867963255316214
 -0.37584019083871389
 -1.2031123295789876
 -1.591037145612771
 -0.87372121466920871
 -0.694372006313838
 0.26277767712582006
 1.1239673524482932
 1.5747115232512838
 0.906505872236266
 0.49778317453547566
 -0.14834850514954179
 -0.64936051767992853
 -0.96887257281824157
 -0.93457595984954878
 -0.89439194653720289
 0.020717374963544161
 0.59286423571776004
 1.5176184254982497
 0.95778549015728354
 0.98767924615859148
 0.082225300863896456
 -0.8532553218283726
 -0.92321742549042496
 -1.5616220074725362
 -0.67239363004398134
 -0.12323172689716683
 0.47093140178253623
 1.4289949622119771
 1.5826655224717059
 0.72399073590500151
 0.3110907764111292
 -0.64980640000646595
 -1.373410104234061
 -0.99717367862900375
 -1.2349159990320133
 -0.42339286399912501
 0.54274303384716516
 1.3106823934518257
 0.99999528921032244
 1.3050242501255531
 0.53349296334150065
 -0.43285696120756301
 -1.2411380651270638
 -0.99761610861221961
 -1.3683453106370818
 -0.40051154007206008
 0.20044979956074258
 0.72821175405807848
 1.5840776168231268
 0.89034366212641014
 0.46550699135830681
 -0.12932149590627612
 -1.0830798756853361
 -1.563730964159789
 -1.4733455869226157
 -0.84493028253606539
 0.092032983981153144
 0.62211752879892024
 1.5352516349797323
 1.5144787156133672
 0.94065505223745149
 0.01457942004615246
 -0.56407461669631687
 -0.93674234064043382
 -0.96733457478367735
 -0.64467978024642647
 -0.13856580832666821
 0.50309805648286454
 0.90908058516580226
 1.5729424375764296
 0.69809729213516714
 0.25308388935089982
 -0.70320796161439281
 -1.4027053906080471
 -1.5899689718068784
 -0.74788412868125476
 -0.36628572771519929
 0.59780177786358013
 0.8397416454761244
 0.99920398154940382
 1.2700501723592557
 0.47758258152366795
 -0.48928653725329929
 -1.2774801284892914
 -1.5991690879766041
 -0.83555027623656908
 -0.36649726022122142
 0.37822660754836668
 0.75295605345903283
 1.5912948218074441
 1.3967578428336804
 0.43259932229274561
 -0.26519959097254148
 -1.1257136655416835
 -0.98446532786158059
 -1.4493709635995575
 -0.49645151502600482
 0.15079332020582373
 0.65052688516667745
 1.5508021910089118
 0.93402885820795134
 0.89235480789739141
 -0.03560280117503526
 -0.59409945894557603
 -0.94899651318043343
 -1.5317490435766834
 -0.61609138679793818
 -0.049858050913958639
 0.53458223094328505
 1.4780897616558093
 1.5610855695779506
 0.67125684091562299
 0.19473368004700509
 -0.75565558286782664
 -1.4300978298149887
 -0.98893948579507385
 -0.72293121193018939
 -0.30868170465518641
 0.65204957082277293
 0.85916763922364559
 1.5952915177924119
 1.2333532015402291
 0.26314020788366393
 -0.34065773071631095
 -0.82005576228364152
 -1.5999830411738043
 -0.81475126332711434
 -0.53117729062208363
 0.27201278160118081
 0.77667892647719483
 1.5963533476679337
 0.85441940454648735
 0.63856769344871234
 -0.20195314414651017
 -1.1668203627713425
 -1.5844213146416966
 -0.88964386792993688
 -0.7426370234029136
 0.13084318561326425
 0.67805376596341482
 0.97765562399971406
 1.4723863320576012
 0.84284403508172012
 -0.094484377261987329
 -0.62331837253726197
 -0.95996331965004555
 -0.94605304094090492
 -0.93866757028764702
 -0.020871738287967782
 0.90454594423356471
 1.4996454768254734
 1.5471110029711486
 1.0296092684762668
 0.085074564858861945
 -0.80707811567802945
 -0.90971891406343963
 -1.5724909012748707
 -1.1151961586377703
 -0.25065893785105681
 0.44088301412749958
 0.87742812471887766
 0.99355785265223451
 1.1949831191318572
 0.36389494099378439
 -0.37504925466358852
 -0.84057399342575734
 -0.99914158074923987
 -1.2685551926833805
 -0.29702399601359247
 0.30726493315548692
 1.2789571067647321
 1.5992463322354782
 0.83470609031165577
 0.5841102189607249
 -0.38061213338449551
 -0.75396512742134258
 -0.9947179686701888
 -0.87222403267404025
 -0.43121512169653153
 0.16726305010571701
 1.1274573271333386
 0.98473363488519361
 1.4483291177781921
 0.49511868617650917
 -0.095773612552555232
 -0.65169172040484546
 -0.96962788297188418
 -0.9334795565583065
 -0.55644722963027093
 0.023786074093560219
 0.95253325253401155
 0.94947927516166009
 0.956898559391123
 0.98381086977188703
 0.048325171352531254
 -0.53587862659085617
 -1.479028161039901
 -0.97534090919269134
 -0.67011847071143504
 -0.19229613838359078
 0.75781914301526732
 1.4311973289709796
 1.5819371051215989
 1.1549919762654868
 0.19141994114471486
 -0.40893200362750154
 -0.85995193962079575
 -1.5951013922347976
 -1.2317874990129689
 -0.41865480954949758
 0.54736042063075829
 1.3134929553658312
 0.99998115688567257
 1.3021767220219322
 0.52886036676970249
 -0.27348932174976931
 -1.2442315725813804
 -1.5965171615116658
 -1.365793563917693
 -0.39769713668888385
 0.32552962088418913
 0.73031198170342548
 0.99047580032517601
 0.88894197826965471
 0.74046111142811433
 -0.21178330741235341
 -0.67918101253821317
 -1.5647633482131091
 -0.9196397557121162
 -0.52547237649733447
 0.060584717496686646
 0.62451774811386163
 1.5366273701500459
 1.512887450069917
 0.58542367337733436
 0.011510222088034565
