# Created by Octave 8.4.0, Thu Dec 11 09:47:22 2025 IST <gamana@Samsung>
# name: iq
# type: matrix
# rows: 2048
# columns: 1
 1.6000000000000001
 0.81741217677477895
 0.53812053356698397
 -0.42812692941925867
 -1.2380328641919807
 -1.5958393474565038
 -1.3708841653825465
 -0.64531547200634287
 0.31590671602424863
 0.72610466550790553
 0.98961189288312468
 1.4267791320635248
 0.749154243620751
 -0.20204353002732162
 -1.0794599269865388
 -0.97667740455693652
 -0.92203355216466776
 -0.84909680209866956
 0.054455970544694823
 0.61971144815431445
 0.95866339707144232
 0.94753482023462876
 0.59038960288433207
 0.017648480643128749
 -0.56153743692579727
 -0.93566355795921996
 -1.5489730149676237
 -1.0352371151254043
 -0.089661145336106474
 0.80070875678521836
 0.9077975051441477
 1.5738343944166753
 0.70029174263479022
 0.25793199830174945
 -0.43674579739516622
 -0.8752101648306293
 -0.99406909454407066
 -1.1998691200655591
 -0.37106470728474383
 0.59324349985372127
 1.3409136284305851
 1.5989147559110988
 0.79564447111414049
 0.30141723570001927
 -0.48460837377945815
 -1.2745171485087401
 -1.5990032996191652
 -1.3395723871147742
 -0.59096226217858006
 0.37345288887648859
 1.2014921398173009
 0.99423482618450487
 0.87446671960772626
 0.69658346143808003
 -0.16272196520846155
 -1.1222183919664672
 -0.98392175803403514
 -0.90715275704229548
 -0.79858185850933749
 0.14590334067373942
 1.0371081931070047
 1.549586390683374
 1.4961933763111284
 0.89642697852959907
 -0.019182950395057383
 -0.59162761605977232
 -1.5168388553150829
 -1.5331609153836951
 -0.61850621691532082
 -0.084677526592261687
 0.53198566524571467
 1.4762025206449945
 0.97634672945533696
 0.67352883541892117
 0.1247546135053899
 -0.75132312806823531
 -1.4278887287596094
 -1.5830241398668952
 -1.1600776873516347
 -0.19593694714062365
 0.64756169863859614
 1.3721487507852954
 0.99728780989863108
 1.2364758878073214
 0.26610024882900052
 -0.54043242017331783
 -0.81829530004591811
 -0.99999882230188708
 -1.3064434050785365
 -0.33487961217098988
 0.2690577826897263
 1.2395869245187088
 0.99750902515076378
 1.3696163510044093
 0.64306772540046753
 -0.31831357253800441
 -1.1634545058509691
 -1.583730187874117
 -1.4256661747372563
 -0.7469835946181913
 0.1277995015959035
 0.6757944842168484
 0.97700577919626508
 1.4743013714749824
 0.84701453984479258
 -0.055988358703845706
 -0.99346435156367885
 -0.95909896399592787
 -1.5152689985238279
 -0.94264031857191455
 -0.025782350915245302
 0.90049070340389226
 1.4979264829849168
 1.5483559908066828
 0.64585224921887574
 0.14101198650177535
 -0.8028337690747156
 -0.90844011502318567
 -0.98336891810956462
 -1.1187125453216173
 -0.15969265296119067
 0.43812590268212964
 0.87595154858681679
 0.99390102147704307
 1.1982432741466169
 0.23042228230537098
 -0.37220208762835455
 -1.3422517113634902
 -1.5988224461252507
 -0.79471385035233399
 -0.47992564452937803
 0.3043425181213476
 1.2760001412419637
 0.99943004815055925
 0.83639249410950756
 0.36792477034572635
 -0.23490011927419616
 -1.2031123295789876
 -0.99439821600798184
 -1.397953943470734
 -0.43398250394614873
 0.16423604820363752
 1.1239673524482932
 1.5747115232512838
 0.906505872236266
 0.49778317453547566
 -0.092717815718463617
 -0.64936051767992853
 -1.5501961165091867
 -1.4953215357592782
 -0.89439194653720289
 0.020717374963544161
 0.9485827771484161
 1.5176184254982497
 1.5324567842516537
 0.61729952884911965
 0.082225300863896456
 -0.8532553218283726
 -1.4771478807846801
 -0.97601375467033502
 -0.67239363004398134
 -0.19717076303546693
 0.47093140178253623
 1.4289949622119771
 1.5826655224717059
 0.72399073590500151
 0.19443173525695573
 -0.40612900000404117
 -0.85838131514628802
 -0.99717367862900375
 -0.77182249939500824
 -0.42339286399912501
 0.33921439615447818
 1.3106823934518257
 0.99999528921032244
 1.3050242501255531
 0.3334331020884379
 -0.43285696120756301
 -1.2411380651270638
 -1.5961857737795515
 -0.85521581914817602
 -0.40051154007206008
 0.20044979956074258
 1.1651388064929256
 1.5840776168231268
 0.89034366212641014
 0.7448111861732909
 -0.20691439345004181
 -0.67692492230333512
 -0.97733185259986799
 -1.4733455869226157
 -0.84493028253606539
 0.057520614988220711
 0.62211752879892024
 0.95953227186233259
 1.5144787156133672
 0.58790940764840716
 0.023327072073843935
 -0.56407461669631687
 -1.4987877450246943
 -1.5477353196538839
 -1.0314876483942823
 -0.13856580832666821
 0.50309805648286454
 0.90908058516580226
 0.98308902348526839
 0.69809729213516714
 0.15817743084431238
 -0.43950497600899546
 -1.4027053906080471
 -1.5899689718068784
 -1.1966146058900076
 -0.22892857982199954
 0.3736261111647376
 1.3435866327617991
 1.5987263704790462
 0.79378135772453473
 0.47758258152366795
 -0.30580408578331203
 -0.79842508030580706
 -0.99948067998537748
 -0.83555027623656908
 -0.58639561635395432
 0.23639162971772915
 1.2047296855344527
 1.5912948218074441
 1.3967578428336804
 0.43259932229274561
 -0.1657497443578384
 -1.1257136655416835
 -1.5751445245785289
 -1.4493709635995575
 -0.49645151502600482
 0.094245825128639826
 0.65052688516667745
 0.96925136938056977
 1.4944461731327223
 0.89235480789739141
 -0.022251750734397037
 -0.59409945894557603
 -1.5183944210886935
 -1.5317490435766834
 -0.98574621887670111
 -0.049858050913958639
 0.85533156950925615
 1.4780897616558093
 1.5610855695779506
 1.0740109454649969
 0.19473368004700509
 -0.47228473929239162
 -0.89381114363436787
 -1.5823031772721183
 -0.72293121193018939
 -0.19292606540949148
 0.40753098176423302
 1.3746682227578331
 1.5952915177924119
 0.77084575096264307
 0.4210243326138623
 -0.34065773071631095
 -1.3120892196538265
 -1.5999830411738043
 -1.303602021323383
 -0.33198580663880228
 0.27201278160118081
 1.2426862823635119
 0.9977208422924585
 0.85441940454648735
 0.39910480840544516
 -0.32312503063441628
 -1.1668203627713425
 -0.99026332165106024
 -0.88964386792993688
 -0.7426370234029136
 0.13084318561326425
 1.0848860255414638
 0.97765562399971406
 1.4723863320576012
 0.52677752192607508
 -0.094484377261987329
 -0.99730939605961921
 -1.5359413114400731
 -1.513684865505448
 -0.93866757028764702
 -0.013044836429979863
 0.5653412151459779
 0.9372784230159209
 1.5471110029711486
 1.0296092684762668
 0.085074564858861945
 -0.50442382229876837
 -0.90971891406343963
 -1.5724909012748707
 -1.1151961586377703
 -0.25065893785105681
 0.7054128226039994
 1.4038849995502043
 0.99355785265223451
 1.1949831191318572
 0.36389494099378439
 -0.37504925466358852
 -1.3449183894812118
 -1.5986265291987838
 -0.79284699542711268
 -0.47523839362174797
 0.49162389304877907
 1.2789571067647321
 0.99952895764717375
 1.3355297444986494
 0.36506888685045302
 -0.23788258336530968
 -0.75396512742134258
 -0.9947179686701888
 -1.3955584522784645
 -0.68994419471445045
 0.26762088016914726
 1.1274573271333386
 1.57557381581631
 0.90520569861137001
 0.79218989788241467
 -0.095773612552555232
 -0.65169172040484546
 -1.5514046127550147
 -1.4935672904932904
 -0.89031556740843354
 0.038057718549696355
 0.95253325253401155
 0.94947927516166009
 0.956898559391123
 0.98381086977188703
 0.077320274164050018
 -0.85740580254536991
 -1.479028161039901
 -0.97534090919269134
 -1.0721895531382961
 -0.19229613838359078
 0.75781914301526732
 0.89449833060686224
 1.5819371051215989
 0.72186998516592915
 0.30627190583154379
 -0.40893200362750154
 -1.3759231033932733
 -1.5951013922347976
 -0.76986718688310551
 -0.26165925596843598
 0.34210026289422391
 0.82093309710364448
 0.99998115688567257
 1.3021767220219322
 0.33053772923106406
 -0.27348932174976931
 -1.2442315725813804
 -1.5965171615116658
 -0.85362097744855803
 -0.6363154187022142
 0.20345601305261818
 1.1684991707254808
 0.99047580032517601
 0.88894197826965471
 0.46278819464257143
 -0.21178330741235341
 -0.67918101253821317
 -1.5647633482131091
 -0.9196397557121162
 -0.84075580239573522
 0.09693554799469864
 0.62451774811386163
 1.5366273701500459
 0.94555465629369806
 0.93667787740373498
 0.011510222088034565
