# Created by Octave 8.4.0, Thu Dec 11 09:47:22 2025 IST <gamana@Samsung>
# name: iq
# type: matrix
# rows: 2048
# columns: 1
 1.6000000000000001
 1.3078594828396464
 0.53812053356698397
 -0.26757933088703667
 -0.7737705401199878
 -0.99739959216031482
 -0.85680260336409153
 -0.40332217000396425
 0.19744169751515539
 0.72610466550790553
 0.98961189288312468
 1.4267791320635248
 0.46822140226296938
 -0.20204353002732162
 -1.0794599269865388
 -1.5626838472910984
 -1.4752536834634684
 -0.53068550131166847
 0.087129552871511723
 0.61971144815431445
 1.5338614353143079
 1.5160557123754062
 0.94462336461493135
 0.028237569029006
 -0.56153743692579727
 -1.497061692734752
 -0.96810813435476473
 -0.64702319695337762
 -0.089661145336106474
 0.50044297299076146
 1.4524760082306365
 1.5738343944166753
 0.70029174263479022
 0.1612074989385934
 -0.69879327583226603
 -0.8752101648306293
 -1.5905105512705131
 -0.74991820004097443
 -0.23191544205296488
 0.59324349985372127
 0.83807101776911563
 0.99932172244443662
 0.79564447111414049
 0.48226757712003088
 -0.48460837377945815
 -1.2745171485087401
 -0.9993770622619782
 -1.3395723871147742
 -0.59096226217858006
 0.37345288887648859
 1.2014921398173009
 1.5907757218952079
 0.87446671960772626
 0.69658346143808003
 -0.16272196520846155
 -0.70138649497904204
 -1.5742748128544564
 -1.4514444112676728
 -0.79858185850933749
 0.14590334067373942
 0.64819262069187789
 1.549586390683374
 1.4961933763111284
 0.89642697852959907
 -0.030692720632091816
 -0.59162761605977232
 -1.5168388553150829
 -1.5331609153836951
 -0.98960994706451333
 -0.084677526592261687
 0.85117706439314356
 1.4762025206449945
 0.97634672945533696
 0.67352883541892117
 0.19960738160862385
 -0.75132312806823531
 -0.89243045547475575
 -1.5830241398668952
 -1.1600776873516347
 -0.19593694714062365
 0.40472606164912256
 0.85759296924080952
 1.5956604958378098
 1.2364758878073214
 0.42576039812640087
 -0.3377702626083236
 -0.81829530004591811
 -1.5999981156830194
 -0.81652712817408524
 -0.53580737947358381
 0.43049245230356209
 0.77474182782419287
 1.5960144402412222
 1.3696163510044093
 0.64306772540046753
 -0.31831357253800441
 -0.72715906615685566
 -1.583730187874117
 -0.8910413592107852
 -0.7469835946181913
 0.1277995015959035
 0.6757944842168484
 0.97700577919626508
 0.92143835717186395
 0.52938408740299536
 -0.089581373926153132
 -0.62091521972729924
 -0.95909896399592787
 -1.5152689985238279
 -0.94264031857191455
 -0.025782350915245302
 0.90049070340389226
 0.93620405186557298
 1.5483559908066828
 1.0333635987502012
 0.088132491563609597
 -0.8028337690747156
 -1.4535041840370972
 -0.98336891810956462
 -0.69919534082601087
 -0.25550824473790507
 0.70100144429140743
 1.401522477738907
 1.590241634363269
 1.1982432741466169
 0.23042228230537098
 -0.37220208762835455
 -0.83890731960218134
 -0.99926402882828158
 -1.2715421605637345
 -0.47992564452937803
 0.3043425181213476
 1.2760001412419637
 0.99943004815055925
 1.3382279905752121
 0.36792477034572635
 -0.23490011927419616
 -0.7519452059868672
 -1.591037145612771
 -1.397953943470734
 -0.43398250394614873
 0.26277767712582006
 1.1239673524482932
 0.98419470203205239
 1.4504093955780257
 0.49778317453547566
 -0.092717815718463617
 -1.0389768282878857
 -0.96887257281824157
 -0.93457595984954878
 -0.89439194653720289
 0.020717374963544161
 0.59286423571776004
 1.5176184254982497
 0.95778549015728354
 0.98767924615859148
 0.082225300863896456
 -0.53328457614273284
 -1.4771478807846801
 -1.5616220074725362
 -1.0758298080703701
 -0.19717076303546693
 0.47093140178253623
 1.4289949622119771
 0.98916595154481612
 1.1583851774480025
 0.3110907764111292
 -0.64980640000646595
 -1.373410104234061
 -0.99717367862900375
 -0.77182249939500824
 -0.42339286399912501
 0.33921439615447818
 0.81917649590739106
 1.5999924627365161
 1.3050242501255531
 0.53349296334150065
 -0.27053560075472688
 -1.2411380651270638
 -0.99761610861221961
 -1.3683453106370818
 -0.40051154007206008
 0.20044979956074258
 0.72821175405807848
 1.5840776168231268
 0.89034366212641014
 0.7448111861732909
 -0.12932149590627612
 -1.0830798756853361
 -0.97733185259986799
 -1.4733455869226157
 -0.84493028253606539
 0.092032983981153144
 0.99538804607827247
 0.95953227186233259
 0.9465491972583544
 0.58790940764840716
 0.01457942004615246
 -0.90251938671410703
 -1.4987877450246943
 -1.5477353196538839
 -1.0314876483942823
 -0.13856580832666821
 0.80495689037258333
 1.4545289362652838
 1.5729424375764296
 0.69809729213516714
 0.15817743084431238
 -0.70320796161439281
 -1.4027053906080471
 -1.5899689718068784
 -1.1966146058900076
 -0.36628572771519929
 0.59780177786358013
 1.3435866327617991
 1.5987263704790462
 1.2700501723592557
 0.29848911345229245
 -0.30580408578331203
 -0.79842508030580706
 -1.5991690879766041
 -1.3368804419785105
 -0.58639561635395432
 0.37822660754836668
 0.75295605345903283
 0.99455926362965252
 1.3967578428336804
 0.69215891566839305
 -0.1657497443578384
 -0.70357104096355216
 -1.5751445245785289
 -0.90585685224972345
 -0.49645151502600482
 0.15079332020582373
 1.040843016266684
 1.5508021910089118
 1.4944461731327223
 0.89235480789739141
 -0.03560280117503526
 -0.95055913431292172
 -1.5183944210886935
 -0.9573431522354271
 -0.98574621887670111
 -0.079772881462333828
 0.85533156950925615
 0.9238061010348807
 0.97567848098621912
 1.0740109454649969
 0.19473368004700509
 -0.75565558286782664
 -1.4300978298149887
 -1.5823031772721183
 -1.156689939088303
 -0.19292606540949148
 0.40753098176423302
 0.85916763922364559
 1.5952915177924119
 1.2333532015402291
 0.26314020788366393
 -0.54505236914609756
 -1.3120892196538265
 -0.99998940073362763
 -0.81475126332711434
 -0.33198580663880228
 0.43522045056188929
 1.2426862823635119
 1.5963533476679337
 0.85441940454648735
 0.63856769344871234
 -0.20195314414651017
 -1.1668203627713425
 -1.5844213146416966
 -1.4234301886878991
 -0.7426370234029136
 0.20934909698122281
 0.67805376596341482
 1.5642489983995427
 1.4723863320576012
 0.84284403508172012
 -0.059052735788742081
 -0.62331837253726197
 -0.95996331965004555
 -0.94605304094090492
 -0.93866757028764702
 -0.013044836429979863
 0.5653412151459779
 0.9372784230159209
 1.5471110029711486
 1.0296092684762668
 0.085074564858861945
 -0.80707811567802945
 -0.90971891406343963
 -0.98280681329679409
 -1.1151961586377703
 -0.15666183615691048
 0.44088301412749958
 0.87742812471887766
 1.5896925642435753
 0.74686444945741071
 0.36389494099378439
 -0.37504925466358852
 -0.84057399342575734
 -0.99914158074923987
 -1.2685551926833805
 -0.29702399601359247
 0.49162389304877907
 0.79934819172795746
 0.99952895764717375
 1.3355297444986494
 0.5841102189607249
 -0.23788258336530968
 -1.2063442038741483
 -1.5915487498723022
 -1.3955584522784645
 -0.68994419471445045
 0.16726305010571701
 1.1274573271333386
 0.98473363488519361
 1.4483291177781921
 0.79218989788241467
 -0.15323778008408839
 -0.65169172040484546
 -0.96962788297188418
 -1.4935672904932904
 -0.89031556740843354
 0.023786074093560219
 0.59533328283375719
 0.94947927516166009
 1.5310376950257969
 0.98381086977188703
 0.077320274164050018
 -0.53587862659085617
 -0.92439260064993811
 -0.97534090919269134
 -0.67011847071143504
 -0.19229613838359078
 0.75781914301526732
 0.89449833060686224
 0.98871069070099926
 0.72186998516592915
 0.30627190583154379
 -0.65429120580400246
 -1.3759231033932733
 -0.99693837014674846
 -1.2317874990129689
 -0.41865480954949758
 0.34210026289422391
 0.82093309710364448
 1.5999698510170761
 0.81386045126370754
 0.33053772923106406
 -0.43758291479963091
 -1.2442315725813804
 -1.5965171615116658
 -1.365793563917693
 -0.39769713668888385
 0.32552962088418913
 1.1684991707254808
 0.99047580032517601
 0.88894197826965471
 0.74046111142811433
 -0.13236456713272088
 -0.67918101253821317
 -1.5647633482131091
 -0.9196397557121162
 -0.52547237649733447
 0.060584717496686646
 0.99922839698217869
 1.5366273701500459
 0.94555465629369806
 0.58542367337733436
 0.018416355340855305
