# Created by Octave 8.4.0, Thu Dec 11 09:47:22 2025 IST <gamana@Samsung>
# name: iq
# type: matrix
# rows: 2048
# columns: 1
 1
 1.3078594828396464
 0.53812053356698397
 -0.42812692941925867
 -0.7737705401199878
 -1.5958393474565038
 -0.85680260336409153
 -0.40332217000396425
 0.19744169751515539
 0.72610466550790553
 0.98961189288312468
 1.4267791320635248
 0.46822140226296938
 -0.126277206267076
 -0.67466245436658678
 -1.5626838472910984
 -1.4752536834634684
 -0.53068550131166847
 0.054455970544694823
 0.61971144815431445
 0.95866339707144232
 0.94753482023462876
 0.94462336461493135
 0.028237569029006
 -0.56153743692579727
 -1.497061692734752
 -1.5489730149676237
 -0.64702319695337762
 -0.14345783253777036
 0.80070875678521836
 1.4524760082306365
 0.98364649651042202
 1.1204667882156645
 0.1612074989385934
 -0.43674579739516622
 -1.4003362637290069
 -0.99406909454407066
 -1.1998691200655591
 -0.23191544205296488
 0.37077718740857579
 1.3409136284305851
 0.99932172244443662
 1.2730311537826249
 0.48226757712003088
 -0.30288023361216132
 -0.79657321781796253
 -1.5990032996191652
 -1.3395723871147742
 -0.36935141386161252
 0.23340805554780536
 0.75093258738581303
 1.5907757218952079
 1.3991467513723621
 0.69658346143808003
 -0.26035514433353851
 -0.70138649497904204
 -1.5742748128544564
 -1.4514444112676728
 -0.49911366156833592
 0.091189587921087126
 1.0371081931070047
 0.96849149417710867
 1.4961933763111284
 0.56026686158099936
 -0.019182950395057383
 -0.59162761605977232
 -1.5168388553150829
 -0.95822557211480941
 -0.98960994706451333
 -0.052923454120163547
 0.85117706439314356
 1.4762025206449945
 0.97634672945533696
 0.67352883541892117
 0.19960738160862385
 -0.75132312806823531
 -1.4278887287596094
 -1.5830241398668952
 -0.72504855459477169
 -0.19593694714062365
 0.40472606164912256
 0.85759296924080952
 1.5956604958378098
 0.77279742987957578
 0.26610024882900052
 -0.3377702626083236
 -1.309272480073469
 -1.5999981156830194
 -0.81652712817408524
 -0.53580737947358381
 0.2690577826897263
 0.77474182782419287
 1.5960144402412222
 1.3696163510044093
 0.40191732837529215
 -0.19894598283625273
 -0.72715906615685566
 -0.98983136742132305
 -1.4256661747372563
 -0.46686474663636957
 0.20447920255344562
 1.0812711747469574
 1.5632092467140242
 1.4743013714749824
 0.52938408740299536
 -0.089581373926153132
 -0.62091521972729924
 -0.95909896399592787
 -0.94704312407739244
 -0.58915019910744659
 -0.025782350915245302
 0.90049070340389226
 0.93620405186557298
 1.5483559908066828
 1.0333635987502012
 0.14101198650177535
 -0.8028337690747156
 -0.90844011502318567
 -1.5733902689753034
 -0.69919534082601087
 -0.25550824473790507
 0.43812590268212964
 0.87595154858681679
 1.590241634363269
 1.1982432741466169
 0.36867565168859362
 -0.37220208762835455
 -1.3422517113634902
 -1.5988224461252507
 -1.2715421605637345
 -0.47992564452937803
 0.48694802899415618
 0.79750008827622731
 1.5990880770408948
 0.83639249410950756
 0.36792477034572635
 -0.37584019083871389
 -0.7519452059868672
 -0.99439821600798184
 -0.87372121466920871
 -0.694372006313838
 0.26277767712582006
 0.70247959528018322
 0.98419470203205239
 0.906505872236266
 0.49778317453547566
 -0.092717815718463617
 -1.0389768282878857
 -1.5501961165091867
 -0.93457595984954878
 -0.55899496658575176
 0.020717374963544161
 0.59286423571776004
 0.94851151593640592
 0.95778549015728354
 0.98767924615859148
 0.051390813039935278
 -0.53328457614273284
 -1.4771478807846801
 -0.97601375467033502
 -0.67239363004398134
 -0.12323172689716683
 0.75349024285205801
 0.89312185138248557
 1.5826655224717059
 1.1583851774480025
 0.19443173525695573
 -0.40612900000404117
 -1.373410104234061
 -0.99717367862900375
 -1.2349159990320133
 -0.26462053999945312
 0.54274303384716516
 1.3106823934518257
 1.5999924627365161
 0.81564015632847064
 0.53349296334150065
 -0.27053560075472688
 -1.2411380651270638
 -1.5961857737795515
 -0.85521581914817602
 -0.64081846411529619
 0.20044979956074258
 0.72821175405807848
 1.5840776168231268
 1.4245498594022563
 0.46550699135830681
 -0.20691439345004181
 -1.0830798756853361
 -1.563730964159789
 -1.4733455869226157
 -0.84493028253606539
 0.092032983981153144
 0.62211752879892024
 0.95953227186233259
 0.9465491972583544
 0.94065505223745149
 0.023327072073843935
 -0.56407461669631687
 -0.93674234064043382
 -1.5477353196538839
 -0.64467978024642647
 -0.13856580832666821
 0.50309805648286454
 1.4545289362652838
 1.5729424375764296
 1.1169556674162675
 0.15817743084431238
 -0.43950497600899546
 -0.87669086913002936
 -1.5899689718068784
 -0.74788412868125476
 -0.22892857982199954
 0.59780177786358013
 1.3435866327617991
 1.5987263704790462
 1.2700501723592557
 0.47758258152366795
 -0.30580408578331203
 -0.79842508030580706
 -1.5991690879766041
 -0.83555027623656908
 -0.58639561635395432
 0.37822660754836668
 1.2047296855344527
 1.5912948218074441
 1.3967578428336804
 0.69215891566839305
 -0.26519959097254148
 -1.1257136655416835
 -0.98446532786158059
 -0.90585685224972345
 -0.49645151502600482
 0.094245825128639826
 0.65052688516667745
 1.5508021910089118
 1.4944461731327223
 0.89235480789739141
 -0.03560280117503526
 -0.95055913431292172
 -0.94899651318043343
 -1.5317490435766834
 -0.98574621887670111
 -0.049858050913958639
 0.53458223094328505
 1.4780897616558093
 0.97567848098621912
 1.0740109454649969
 0.19473368004700509
 -0.75565558286782664
 -0.89381114363436787
 -0.98893948579507385
 -1.156689939088303
 -0.30868170465518641
 0.40753098176423302
 0.85916763922364559
 1.5952915177924119
 1.2333532015402291
 0.26314020788366393
 -0.54505236914609756
 -1.3120892196538265
 -0.99998940073362763
 -0.81475126332711434
 -0.33198580663880228
 0.27201278160118081
 1.2426862823635119
 0.9977208422924585
 1.3670710472743799
 0.63856769344871234
 -0.32312503063441628
 -0.72926272673208903
 -0.99026332165106024
 -1.4234301886878991
 -0.464148139626821
 0.20934909698122281
 1.0848860255414638
 0.97765562399971406
 1.4723863320576012
 0.84284403508172012
 -0.059052735788742081
 -0.99730939605961921
 -1.5359413114400731
 -1.513684865505448
 -0.93866757028764702
 -0.020871738287967782
 0.90454594423356471
 0.9372784230159209
 1.5471110029711486
 0.64350579279766673
 0.085074564858861945
 -0.50442382229876837
 -0.90971891406343963
 -1.5724909012748707
 -1.1151961586377703
 -0.25065893785105681
 0.44088301412749958
 0.87742812471887766
 0.99355785265223451
 0.74686444945741071
 0.36389494099378439
 -0.37504925466358852
 -1.3449183894812118
 -1.5986265291987838
 -0.79284699542711268
 -0.47523839362174797
 0.49162389304877907
 0.79934819172795746
 1.5992463322354782
 1.3355297444986494
 0.36506888685045302
 -0.38061213338449551
 -0.75396512742134258
 -1.5915487498723022
 -1.3955584522784645
 -0.68994419471445045
 0.26762088016914726
 0.70466082945833652
 1.57557381581631
 0.90520569861137001
 0.79218989788241467
 -0.095773612552555232
 -0.65169172040484546
 -1.5514046127550147
 -0.9334795565583065
 -0.89031556740843354
 0.023786074093560219
 0.95253325253401155
 0.94947927516166009
 1.5310376950257969
 0.61488179360742934
 0.077320274164050018
 -0.85740580254536991
 -0.92439260064993811
 -0.97534090919269134
 -1.0721895531382961
 -0.19229613838359078
 0.47363696438454206
 0.89449833060686224
 0.98871069070099926
 0.72186998516592915
 0.30627190583154379
 -0.40893200362750154
 -0.85995193962079575
 -0.99693837014674846
 -1.2317874990129689
 -0.26165925596843598
 0.34210026289422391
 1.3134929553658312
 0.99998115688567257
 0.81386045126370754
 0.52886036676970249
 -0.43758291479963091
 -1.2442315725813804
 -0.997823225944791
 -1.365793563917693
 -0.39769713668888385
 0.20345601305261818
 1.1684991707254808
 0.99047580032517601
 1.4223071652314476
 0.46278819464257143
 -0.21178330741235341
 -1.0866896200611411
 -1.5647633482131091
 -1.471423609139386
 -0.52547237649733447
 0.09693554799469864
 0.99922839698217869
 1.5366273701500459
 0.94555465629369806
 0.58542367337733436
 0.011510222088034565
