# Created by Octave 8.4.0, Thu Dec 11 09:47:22 2025 IST <gamana@Samsung>
# name: iq
# type: matrix
# rows: 2048
# columns: 1
 1
 1.3078594828396464
 0.53812053356698397
 -0.42812692941925867
 -1.2380328641919807
 -0.99739959216031482
 -0.85680260336409153
 -0.64531547200634287
 0.31590671602424863
 0.72610466550790553
 1.5833790286129996
 0.89173695753970295
 0.749154243620751
 -0.126277206267076
 -1.0794599269865388
 -1.5626838472910984
 -1.4752536834634684
 -0.84909680209866956
 0.054455970544694823
 0.99153831704690321
 1.5338614353143079
 0.94753482023462876
 0.59038960288433207
 0.028237569029006
 -0.89845989908127566
 -1.497061692734752
 -1.5489730149676237
 -1.0352371151254043
 -0.14345783253777036
 0.50044297299076146
 0.9077975051441477
 0.98364649651042202
 0.70029174263479022
 0.1612074989385934
 -0.43674579739516622
 -0.8752101648306293
 -0.99406909454407066
 -1.1998691200655591
 -0.23191544205296488
 0.37077718740857579
 0.83807101776911563
 0.99932172244443662
 0.79564447111414049
 0.48226757712003088
 -0.48460837377945815
 -0.79657321781796253
 -1.5990032996191652
 -0.8372327419467338
 -0.36935141386161252
 0.23340805554780536
 1.2014921398173009
 0.99423482618450487
 1.3991467513723621
 0.43536466339879998
 -0.26035514433353851
 -1.1222183919664672
 -0.98392175803403514
 -1.4514444112676728
 -0.79858185850933749
 0.091189587921087126
 0.64819262069187789
 1.549586390683374
 1.4961933763111284
 0.89642697852959907
 -0.019182950395057383
 -0.59162761605977232
 -1.5168388553150829
 -0.95822557211480941
 -0.61850621691532082
 -0.052923454120163547
 0.53198566524571467
 0.92262657540312143
 1.5621547671285392
 1.0776461366702739
 0.1247546135053899
 -0.75132312806823531
 -0.89243045547475575
 -1.5830241398668952
 -1.1600776873516347
 -0.19593694714062365
 0.40472606164912256
 0.85759296924080952
 0.99728780989863108
 1.2364758878073214
 0.26610024882900052
 -0.3377702626083236
 -1.309272480073469
 -0.99999882230188708
 -0.81652712817408524
 -0.53580737947358381
 0.43049245230356209
 1.2395869245187088
 1.5960144402412222
 1.3696163510044093
 0.64306772540046753
 -0.19894598283625273
 -1.1634545058509691
 -1.583730187874117
 -1.4256661747372563
 -0.7469835946181913
 0.20447920255344562
 1.0812711747469574
 0.97700577919626508
 1.4743013714749824
 0.84701453984479258
 -0.089581373926153132
 -0.62091521972729924
 -1.5345583423934848
 -1.5152689985238279
 -0.58915019910744659
 -0.016113969322028313
 0.90049070340389226
 0.93620405186557298
 0.96772249425417678
 0.64585224921887574
 0.088132491563609597
 -0.8028337690747156
 -1.4535041840370972
 -1.5733902689753034
 -0.69919534082601087
 -0.15969265296119067
 0.43812590268212964
 1.401522477738907
 1.590241634363269
 1.1982432741466169
 0.36867565168859362
 -0.59552334020536735
 -1.3422517113634902
 -0.99926402882828158
 -0.79471385035233399
 -0.29995352783086127
 0.48694802899415618
 0.79750008827622731
 0.99943004815055925
 1.3382279905752121
 0.36792477034572635
 -0.37584019083871389
 -0.7519452059868672
 -0.99439821600798184
 -1.397953943470734
 -0.694372006313838
 0.16423604820363752
 0.70247959528018322
 1.5747115232512838
 0.906505872236266
 0.49778317453547566
 -0.14834850514954179
 -1.0389768282878857
 -1.5501961165091867
 -1.4953215357592782
 -0.55899496658575176
 0.033147799941670657
 0.9485827771484161
 0.94851151593640592
 1.5324567842516537
 0.98767924615859148
 0.082225300863896456
 -0.53328457614273284
 -0.92321742549042496
 -0.97601375467033502
 -0.67239363004398134
 -0.19717076303546693
 0.75349024285205801
 1.4289949622119771
 0.98916595154481612
 1.1583851774480025
 0.3110907764111292
 -0.40612900000404117
 -0.85838131514628802
 -0.99717367862900375
 -0.77182249939500824
 -0.42339286399912501
 0.33921439615447818
 1.3106823934518257
 1.5999924627365161
 1.3050242501255531
 0.53349296334150065
 -0.43285696120756301
 -0.7757112907044148
 -1.5961857737795515
 -0.85521581914817602
 -0.64081846411529619
 0.32071967929718814
 0.72821175405807848
 1.5840776168231268
 0.89034366212641014
 0.7448111861732909
 -0.12932149590627612
 -0.67692492230333512
 -0.97733185259986799
 -0.92084099182663481
 -0.52808142658504087
 0.057520614988220711
 0.99538804607827247
 0.95953227186233259
 0.9465491972583544
 0.94065505223745149
 0.023327072073843935
 -0.56407461669631687
 -1.4987877450246943
 -0.96733457478367735
 -1.0314876483942823
 -0.086603630204167628
 0.80495689037258333
 1.4545289362652838
 0.98308902348526839
 1.1169556674162675
 0.15817743084431238
 -0.43950497600899546
 -1.4027053906080471
 -0.99373060737929897
 -1.1966146058900076
 -0.22892857982199954
 0.59780177786358013
 0.8397416454761244
 0.99920398154940382
 1.2700501723592557
 0.47758258152366795
 -0.48928653725329929
 -0.79842508030580706
 -1.5991690879766041
 -1.3368804419785105
 -0.36649726022122142
 0.23639162971772915
 0.75295605345903283
 0.99455926362965252
 1.3967578428336804
 0.43259932229274561
 -0.26519959097254148
 -1.1257136655416835
 -1.5751445245785289
 -0.90585685224972345
 -0.49645151502600482
 0.15079332020582373
 1.040843016266684
 0.96925136938056977
 0.93402885820795134
 0.55772175493586962
 -0.03560280117503526
 -0.59409945894557603
 -0.94899651318043343
 -0.9573431522354271
 -0.98574621887670111
 -0.049858050913958639
 0.85533156950925615
 0.9238061010348807
 0.97567848098621912
 1.0740109454649969
 0.19473368004700509
 -0.47228473929239162
 -1.4300978298149887
 -1.5823031772721183
 -1.156689939088303
 -0.19292606540949148
 0.65204957082277293
 1.3746682227578331
 1.5952915177924119
 1.2333532015402291
 0.4210243326138623
 -0.34065773071631095
 -1.3120892196538265
 -1.5999830411738043
 -1.303602021323383
 -0.53117729062208363
 0.27201278160118081
 0.77667892647719483
 0.9977208422924585
 1.3670710472743799
 0.39910480840544516
 -0.20195314414651017
 -0.72926272673208903
 -1.5844213146416966
 -1.4234301886878991
 -0.464148139626821
 0.13084318561326425
 0.67805376596341482
 1.5642489983995427
 0.92024145753600073
 0.52677752192607508
 -0.059052735788742081
 -0.62331837253726197
 -0.95996331965004555
 -0.94605304094090492
 -0.58666723142977939
 -0.013044836429979863
 0.90454594423356471
 1.4996454768254734
 1.5471110029711486
 0.64350579279766673
 0.13611930377417911
 -0.80707811567802945
 -0.90971891406343963
 -0.98280681329679409
 -1.1151961586377703
 -0.25065893785105681
 0.7054128226039994
 0.87742812471887766
 1.5896925642435753
 0.74686444945741071
 0.36389494099378439
 -0.60007880746174169
 -0.84057399342575734
 -0.99914158074923987
 -0.79284699542711268
 -0.29702399601359247
 0.49162389304877907
 0.79934819172795746
 1.5992463322354782
 1.3355297444986494
 0.5841102189607249
 -0.38061213338449551
 -1.2063442038741483
 -1.5915487498723022
 -1.3955584522784645
 -0.43121512169653153
 0.26762088016914726
 1.1274573271333386
 0.98473363488519361
 0.90520569861137001
 0.49511868617650917
 -0.095773612552555232
 -1.0427067526477527
 -1.5514046127550147
 -0.9334795565583065
 -0.89031556740843354
 0.038057718549696355
 0.95253325253401155
 1.5191668402586562
 1.5310376950257969
 0.61488179360742934
 0.077320274164050018
 -0.85740580254536991
 -1.479028161039901
 -0.97534090919269134
 -1.0721895531382961
 -0.12018508648974423
 0.75781914301526732
 0.89449833060686224
 1.5819371051215989
 1.1549919762654868
 0.19141994114471486
 -0.40893200362750154
 -1.3759231033932733
 -1.5951013922347976
 -1.2317874990129689
 -0.41865480954949758
 0.54736042063075829
 0.82093309710364448
 0.99998115688567257
 0.81386045126370754
 0.52886036676970249
 -0.43758291479963091
 -0.77764473286336266
 -1.5965171615116658
 -0.85362097744855803
 -0.39769713668888385
 0.32552962088418913
 0.73031198170342548
 0.99047580032517601
 0.88894197826965471
 0.74046111142811433
 -0.21178330741235341
 -1.0866896200611411
 -1.5647633482131091
 -0.9196397557121162
 -0.84075580239573522
 0.09693554799469864
 0.99922839698217869
 0.96039210634377858
 0.94555465629369806
 0.58542367337733436
 0.011510222088034565
 -0.56660648199307451
