# Created by Octave 8.4.0, Thu Dec 11 09:47:22 2025 IST <gamana@Samsung>
# name: iq
# type: matrix
# rows: 2048
# columns: 1
 1
 0.81741217677477895
 0.336325333479365
 -0.42812692941925867
 -0.7737705401199878
 -0.99739959216031482
 -0.85680260336409153
 -0.64531547200634287
 0.19744169751515539
 0.72610466550790553
 0.98961189288312468
 0.89173695753970295
 0.749154243620751
 -0.126277206267076
 -1.0794599269865388
 -1.5626838472910984
 -0.92203355216466776
 -0.84909680209866956
 0.087129552871511723
 0.99153831704690321
 1.5338614353143079
 1.5160557123754062
 0.59038960288433207
 0.017648480643128749
 -0.89845989908127566
 -1.497061692734752
 -1.5489730149676237
 -0.64702319695337762
 -0.14345783253777036
 0.80070875678521836
 0.9077975051441477
 0.98364649651042202
 1.1204667882156645
 0.25793199830174945
 -0.69879327583226603
 -0.8752101648306293
 -1.5905105512705131
 -1.1998691200655591
 -0.37106470728474383
 0.59324349985372127
 1.3409136284305851
 0.99932172244443662
 0.79564447111414049
 0.48226757712003088
 -0.48460837377945815
 -0.79657321781796253
 -0.9993770622619782
 -1.3395723871147742
 -0.59096226217858006
 0.37345288887648859
 1.2014921398173009
 0.99423482618450487
 0.87446671960772626
 0.69658346143808003
 -0.26035514433353851
 -0.70138649497904204
 -0.98392175803403514
 -0.90715275704229548
 -0.79858185850933749
 0.14590334067373942
 0.64819262069187789
 1.549586390683374
 0.93512086019445517
 0.56026686158099936
 -0.030692720632091816
 -0.59162761605977232
 -0.94802428457192678
 -0.95822557211480941
 -0.61850621691532082
 -0.084677526592261687
 0.53198566524571467
 0.92262657540312143
 1.5621547671285392
 0.67352883541892117
 0.1247546135053899
 -0.46957695504264702
 -1.4278887287596094
 -1.5830241398668952
 -1.1600776873516347
 -0.31349911542499787
 0.40472606164912256
 1.3721487507852954
 0.99728780989863108
 0.77279742987957578
 0.26610024882900052
 -0.3377702626083236
 -1.309272480073469
 -0.99999882230188708
 -1.3064434050785365
 -0.53580737947358381
 0.2690577826897263
 1.2395869245187088
 1.5960144402412222
 0.85601021937775568
 0.64306772540046753
 -0.19894598283625273
 -1.1634545058509691
 -1.583730187874117
 -0.8910413592107852
 -0.7469835946181913
 0.1277995015959035
 1.0812711747469574
 1.5632092467140242
 0.92143835717186395
 0.84701453984479258
 -0.089581373926153132
 -0.62091521972729924
 -0.95909896399592787
 -0.94704312407739244
 -0.58915019910744659
 -0.016113969322028313
 0.90049070340389226
 0.93620405186557298
 0.96772249425417678
 1.0333635987502012
 0.088132491563609597
 -0.8028337690747156
 -1.4535041840370972
 -1.5733902689753034
 -1.1187125453216173
 -0.25550824473790507
 0.43812590268212964
 0.87595154858681679
 0.99390102147704307
 0.74890204634163549
 0.36867565168859362
 -0.37220208762835455
 -1.3422517113634902
 -0.99926402882828158
 -0.79471385035233399
 -0.47992564452937803
 0.48694802899415618
 1.2760001412419637
 0.99943004815055925
 1.3382279905752121
 0.58867963255316214
 -0.37584019083871389
 -1.2031123295789876
 -0.99439821600798184
 -1.397953943470734
 -0.43398250394614873
 0.16423604820363752
 1.1239673524482932
 0.98419470203205239
 1.4504093955780257
 0.49778317453547566
 -0.14834850514954179
 -0.64936051767992853
 -1.5501961165091867
 -0.93457595984954878
 -0.55899496658575176
 0.033147799941670657
 0.59286423571776004
 0.94851151593640592
 1.5324567842516537
 0.61729952884911965
 0.082225300863896456
 -0.8532553218283726
 -1.4771478807846801
 -1.5616220074725362
 -0.67239363004398134
 -0.19717076303546693
 0.47093140178253623
 1.4289949622119771
 1.5826655224717059
 0.72399073590500151
 0.19443173525695573
 -0.40612900000404117
 -1.373410104234061
 -0.99717367862900375
 -0.77182249939500824
 -0.26462053999945312
 0.54274303384716516
 1.3106823934518257
 1.5999924627365161
 1.3050242501255531
 0.53349296334150065
 -0.43285696120756301
 -1.2411380651270638
 -0.99761610861221961
 -0.85521581914817602
 -0.64081846411529619
 0.32071967929718814
 1.1651388064929256
 0.99004851051445419
 0.89034366212641014
 0.7448111861732909
 -0.20691439345004181
 -0.67692492230333512
 -1.563730964159789
 -0.92084099182663481
 -0.84493028253606539
 0.057520614988220711
 0.62211752879892024
 1.5352516349797323
 1.5144787156133672
 0.94065505223745149
 0.023327072073843935
 -0.56407461669631687
 -0.93674234064043382
 -0.96733457478367735
 -0.64467978024642647
 -0.086603630204167628
 0.80495689037258333
 0.90908058516580226
 0.98308902348526839
 1.1169556674162675
 0.25308388935089982
 -0.43950497600899546
 -1.4027053906080471
 -1.5899689718068784
 -0.74788412868125476
 -0.22892857982199954
 0.3736261111647376
 1.3435866327617991
 0.99920398154940382
 0.79378135772453473
 0.47758258152366795
 -0.30580408578331203
 -0.79842508030580706
 -1.5991690879766041
 -1.3368804419785105
 -0.36649726022122142
 0.23639162971772915
 1.2047296855344527
 1.5912948218074441
 0.87297365177105024
 0.69215891566839305
 -0.26519959097254148
 -0.70357104096355216
 -0.98446532786158059
 -0.90585685224972345
 -0.49645151502600482
 0.094245825128639826
 1.040843016266684
 0.96925136938056977
 0.93402885820795134
 0.55772175493586962
 -0.022251750734397037
 -0.95055913431292172
 -0.94899651318043343
 -1.5317490435766834
 -0.61609138679793818
 -0.079772881462333828
 0.53458223094328505
 0.9238061010348807
 0.97567848098621912
 1.0740109454649969
 0.19473368004700509
 -0.75565558286782664
 -1.4300978298149887
 -0.98893948579507385
 -1.156689939088303
 -0.19292606540949148
 0.65204957082277293
 1.3746682227578331
 1.5952915177924119
 0.77084575096264307
 0.4210243326138623
 -0.34065773071631095
 -0.82005576228364152
 -1.5999830411738043
 -1.303602021323383
 -0.53117729062208363
 0.43522045056188929
 0.77667892647719483
 1.5963533476679337
 0.85441940454648735
 0.39910480840544516
 -0.32312503063441628
 -1.1668203627713425
 -1.5844213146416966
 -1.4234301886878991
 -0.464148139626821
 0.20934909698122281
 1.0848860255414638
 1.5642489983995427
 0.92024145753600073
 0.52677752192607508
 -0.059052735788742081
 -0.99730939605961921
 -1.5359413114400731
 -0.94605304094090492
 -0.58666723142977939
 -0.020871738287967782
 0.90454594423356471
 1.4996454768254734
 1.5471110029711486
 1.0296092684762668
 0.085074564858861945
 -0.50442382229876837
 -0.90971891406343963
 -0.98280681329679409
 -1.1151961586377703
 -0.15666183615691048
 0.7054128226039994
 0.87742812471887766
 1.5896925642435753
 1.1949831191318572
 0.22743433812111521
 -0.60007880746174169
 -1.3449183894812118
 -1.5986265291987838
 -0.79284699542711268
 -0.47523839362174797
 0.30726493315548692
 0.79934819172795746
 1.5992463322354782
 1.3355297444986494
 0.5841102189607249
 -0.23788258336530968
 -0.75396512742134258
 -1.5915487498723022
 -0.87222403267404025
 -0.43121512169653153
 0.16726305010571701
 0.70466082945833652
 0.98473363488519361
 1.4483291177781921
 0.49511868617650917
 -0.095773612552555232
 -1.0427067526477527
 -1.5514046127550147
 -0.9334795565583065
 -0.89031556740843354
 0.038057718549696355
 0.59533328283375719
 1.5191668402586562
 1.5310376950257969
 0.61488179360742934
 0.077320274164050018
 -0.53587862659085617
 -0.92439260064993811
 -1.5605454547083062
 -1.0721895531382961
 -0.19229613838359078
 0.47363696438454206
 0.89449833060686224
 1.5819371051215989
 0.72186998516592915
 0.30627190583154379
 -0.40893200362750154
 -1.3759231033932733
 -1.5951013922347976
 -0.76986718688310551
 -0.26165925596843598
 0.34210026289422391
 1.3134929553658312
 1.5999698510170761
 0.81386045126370754
 0.52886036676970249
 -0.27348932174976931
 -1.2442315725813804
 -0.997823225944791
 -1.365793563917693
 -0.6363154187022142
 0.32552962088418913
 1.1684991707254808
 1.5847612805202818
 0.88894197826965471
 0.74046111142811433
 -0.13236456713272088
 -1.0866896200611411
 -0.9779770926331931
 -0.9196397557121162
 -0.84075580239573522
 0.09693554799469864
 0.99922839698217869
 1.5366273701500459
 1.512887450069917
 0.93667787740373498
 0.011510222088034565
 -0.90657037118891926
