# Created by Octave 8.4.0, Thu Dec 11 09:47:22 2025 IST <gamana@Samsung>
# name: iq
# type: matrix
# rows: 2048
# columns: 1
 1
 0.81741217677477895
 0.53812053356698397
 -0.26757933088703667
 -1.2380328641919807
 -1.5958393474565038
 -0.85680260336409153
 -0.64531547200634287
 0.31590671602424863
 0.72610466550790553
 0.98961189288312468
 1.4267791320635248
 0.46822140226296938
 -0.126277206267076
 -0.67466245436658678
 -1.5626838472910984
 -0.92203355216466776
 -0.53068550131166847
 0.054455970544694823
 0.61971144815431445
 0.95866339707144232
 1.5160557123754062
 0.94462336461493135
 0.017648480643128749
 -0.56153743692579727
 -0.93566355795921996
 -0.96810813435476473
 -0.64702319695337762
 -0.089661145336106474
 0.80070875678521836
 0.9077975051441477
 1.5738343944166753
 0.70029174263479022
 0.1612074989385934
 -0.69879327583226603
 -1.4003362637290069
 -0.99406909454407066
 -1.1998691200655591
 -0.23191544205296488
 0.59324349985372127
 1.3409136284305851
 0.99932172244443662
 0.79564447111414049
 0.48226757712003088
 -0.30288023361216132
 -1.2745171485087401
 -0.9993770622619782
 -0.8372327419467338
 -0.36935141386161252
 0.23340805554780536
 0.75093258738581303
 1.5907757218952079
 1.3991467513723621
 0.69658346143808003
 -0.16272196520846155
 -0.70138649497904204
 -0.98392175803403514
 -1.4514444112676728
 -0.79858185850933749
 0.091189587921087126
 1.0371081931070047
 0.96849149417710867
 0.93512086019445517
 0.89642697852959907
 -0.019182950395057383
 -0.59162761605977232
 -0.94802428457192678
 -0.95822557211480941
 -0.98960994706451333
 -0.052923454120163547
 0.53198566524571467
 1.4762025206449945
 1.5621547671285392
 1.0776461366702739
 0.1247546135053899
 -0.46957695504264702
 -1.4278887287596094
 -1.5830241398668952
 -0.72504855459477169
 -0.31349911542499787
 0.64756169863859614
 0.85759296924080952
 1.5956604958378098
 0.77279742987957578
 0.42576039812640087
 -0.3377702626083236
 -1.309272480073469
 -0.99999882230188708
 -0.81652712817408524
 -0.53580737947358381
 0.2690577826897263
 0.77474182782419287
 0.99750902515076378
 1.3696163510044093
 0.40191732837529215
 -0.19894598283625273
 -1.1634545058509691
 -1.583730187874117
 -0.8910413592107852
 -0.46686474663636957
 0.20447920255344562
 0.6757944842168484
 1.5632092467140242
 0.92143835717186395
 0.52938408740299536
 -0.089581373926153132
 -0.99346435156367885
 -0.95909896399592787
 -0.94704312407739244
 -0.94264031857191455
 -0.025782350915245302
 0.56280668962743263
 0.93620405186557298
 0.96772249425417678
 1.0333635987502012
 0.088132491563609597
 -0.50177110567169725
 -1.4535041840370972
 -1.5733902689753034
 -0.69919534082601087
 -0.15969265296119067
 0.43812590268212964
 0.87595154858681679
 0.99390102147704307
 1.1982432741466169
 0.23042228230537098
 -0.37220208762835455
 -0.83890731960218134
 -1.5988224461252507
 -1.2715421605637345
 -0.47992564452937803
 0.48694802899415618
 1.2760001412419637
 0.99943004815055925
 0.83639249410950756
 0.58867963255316214
 -0.23490011927419616
 -1.2031123295789876
 -0.99439821600798184
 -1.397953943470734
 -0.43398250394614873
 0.16423604820363752
 1.1239673524482932
 0.98419470203205239
 1.4504093955780257
 0.79645307925676112
 -0.14834850514954179
 -1.0389768282878857
 -0.96887257281824157
 -0.93457595984954878
 -0.55899496658575176
 0.020717374963544161
 0.59286423571776004
 0.94851151593640592
 0.95778549015728354
 0.61729952884911965
 0.082225300863896456
 -0.53328457614273284
 -1.4771478807846801
 -1.5616220074725362
 -0.67239363004398134
 -0.12323172689716683
 0.47093140178253623
 0.89312185138248557
 0.98916595154481612
 1.1583851774480025
 0.3110907764111292
 -0.40612900000404117
 -1.373410104234061
 -1.595477885806406
 -0.77182249939500824
 -0.42339286399912501
 0.33921439615447818
 1.3106823934518257
 1.5999924627365161
 1.3050242501255531
 0.3334331020884379
 -0.43285696120756301
 -1.2411380651270638
 -0.99761610861221961
 -0.85521581914817602
 -0.64081846411529619
 0.20044979956074258
 1.1651388064929256
 0.99004851051445419
 0.89034366212641014
 0.46550699135830681
 -0.12932149590627612
 -1.0830798756853361
 -0.97733185259986799
 -1.4733455869226157
 -0.84493028253606539
 0.092032983981153144
 0.62211752879892024
 0.95953227186233259
 0.9465491972583544
 0.58790940764840716
 0.01457942004615246
 -0.90251938671410703
 -0.93674234064043382
 -0.96733457478367735
 -0.64467978024642647
 -0.086603630204167628
 0.80495689037258333
 1.4545289362652838
 0.98308902348526839
 0.69809729213516714
 0.15817743084431238
 -0.43950497600899546
 -1.4027053906080471
 -0.99373060737929897
 -0.74788412868125476
 -0.22892857982199954
 0.59780177786358013
 0.8397416454761244
 1.5987263704790462
 0.79378135772453473
 0.29848911345229245
 -0.30580408578331203
 -0.79842508030580706
 -0.99948067998537748
 -0.83555027623656908
 -0.58639561635395432
 0.23639162971772915
 1.2047296855344527
 0.99455926362965252
 0.87297365177105024
 0.43259932229274561
 -0.1657497443578384
 -1.1257136655416835
 -1.5751445245785289
 -1.4493709635995575
 -0.49645151502600482
 0.15079332020582373
 0.65052688516667745
 1.5508021910089118
 1.4944461731327223
 0.55772175493586962
 -0.022251750734397037
 -0.59409945894557603
 -1.5183944210886935
 -1.5317490435766834
 -0.61609138679793818
 -0.049858050913958639
 0.53458223094328505
 0.9238061010348807
 1.5610855695779506
 1.0740109454649969
 0.19473368004700509
 -0.75565558286782664
 -0.89381114363436787
 -0.98893948579507385
 -1.156689939088303
 -0.30868170465518641
 0.40753098176423302
 1.3746682227578331
 0.99705719862025732
 0.77084575096264307
 0.4210243326138623
 -0.34065773071631095
 -0.82005576228364152
 -0.99998940073362763
 -1.303602021323383
 -0.33198580663880228
 0.43522045056188929
 1.2426862823635119
 0.9977208422924585
 1.3670710472743799
 0.39910480840544516
 -0.20195314414651017
 -1.1668203627713425
 -1.5844213146416966
 -0.88964386792993688
 -0.7426370234029136
 0.13084318561326425
 0.67805376596341482
 0.97765562399971406
 0.92024145753600073
 0.52677752192607508
 -0.059052735788742081
 -0.62331837253726197
 -0.95996331965004555
 -1.513684865505448
 -0.93866757028764702
 -0.020871738287967782
 0.5653412151459779
 0.9372784230159209
 0.96694437685696777
 0.64350579279766673
 0.085074564858861945
 -0.80707811567802945
 -0.90971891406343963
 -0.98280681329679409
 -1.1151961586377703
 -0.25065893785105681
 0.44088301412749958
 1.4038849995502043
 1.5896925642435753
 1.1949831191318572
 0.22743433812111521
 -0.37504925466358852
 -0.84057399342575734
 -1.5986265291987838
 -0.79284699542711268
 -0.29702399601359247
 0.30726493315548692
 1.2789571067647321
 1.5992463322354782
 0.83470609031165577
 0.5841102189607249
 -0.23788258336530968
 -0.75396512742134258
 -0.9947179686701888
 -0.87222403267404025
 -0.43121512169653153
 0.26762088016914726
 0.70466082945833652
 0.98473363488519361
 1.4483291177781921
 0.79218989788241467
 -0.15323778008408839
 -1.0427067526477527
 -1.5514046127550147
 -0.9334795565583065
 -0.55644722963027093
 0.038057718549696355
 0.95253325253401155
 0.94947927516166009
 0.956898559391123
 0.98381086977188703
 0.048325171352531254
 -0.53587862659085617
 -1.479028161039901
 -0.97534090919269134
 -0.67011847071143504
 -0.12018508648974423
 0.47363696438454206
 0.89449833060686224
 0.98871069070099926
 1.1549919762654868
 0.19141994114471486
 -0.40893200362750154
 -0.85995193962079575
 -1.5951013922347976
 -1.2317874990129689
 -0.26165925596843598
 0.34210026289422391
 1.3134929553658312
 0.99998115688567257
 1.3021767220219322
 0.52886036676970249
 -0.43758291479963091
 -1.2442315725813804
 -1.5965171615116658
 -0.85362097744855803
 -0.6363154187022142
 0.20345601305261818
 0.73031198170342548
 0.99047580032517601
 1.4223071652314476
 0.46278819464257143
 -0.21178330741235341
 -1.0866896200611411
 -0.9779770926331931
 -0.9196397557121162
 -0.84075580239573522
 0.060584717496686646
 0.62451774811386163
 1.5366273701500459
 1.512887450069917
 0.93667787740373498
 0.011510222088034565
