# Created by Octave 8.4.0, Thu Dec 11 09:47:22 2025 IST <gamana@Samsung>
# name: iq
# type: matrix
# rows: 2048
# columns: 1
 1.6000000000000001
 1.3078594828396464
 0.336325333479365
 -0.42812692941925867
 -1.2380328641919807
 -0.99739959216031482
 -1.3708841653825465
 -0.64531547200634287
 0.31590671602424863
 1.1617674648126488
 0.98961189288312468
 1.4267791320635248
 0.749154243620751
 -0.126277206267076
 -1.0794599269865388
 -1.5626838472910984
 -1.4752536834634684
 -0.53068550131166847
 0.087129552871511723
 0.61971144815431445
 0.95866339707144232
 0.94753482023462876
 0.94462336461493135
 0.028237569029006
 -0.89845989908127566
 -0.93566355795921996
 -1.5489730149676237
 -1.0352371151254043
 -0.14345783253777036
 0.80070875678521836
 0.9077975051441477
 0.98364649651042202
 1.1204667882156645
 0.1612074989385934
 -0.43674579739516622
 -1.4003362637290069
 -0.99406909454407066
 -0.74991820004097443
 -0.37106470728474383
 0.59324349985372127
 0.83807101776911563
 1.5989147559110988
 1.2730311537826249
 0.48226757712003088
 -0.48460837377945815
 -1.2745171485087401
 -0.9993770622619782
 -0.8372327419467338
 -0.59096226217858006
 0.23340805554780536
 1.2014921398173009
 0.99423482618450487
 0.87446671960772626
 0.43536466339879998
 -0.26035514433353851
 -1.1222183919664672
 -0.98392175803403514
 -0.90715275704229548
 -0.79858185850933749
 0.091189587921087126
 0.64819262069187789
 0.96849149417710867
 1.4961933763111284
 0.89642697852959907
 -0.019182950395057383
 -0.59162761605977232
 -0.94802428457192678
 -1.5331609153836951
 -0.98960994706451333
 -0.084677526592261687
 0.85117706439314356
 0.92262657540312143
 1.5621547671285392
 0.67352883541892117
 0.19960738160862385
 -0.75132312806823531
 -1.4278887287596094
 -0.98939008741680945
 -0.72504855459477169
 -0.31349911542499787
 0.64756169863859614
 0.85759296924080952
 0.99728780989863108
 1.2364758878073214
 0.26610024882900052
 -0.3377702626083236
 -1.309272480073469
 -0.99999882230188708
 -1.3064434050785365
 -0.53580737947358381
 0.2690577826897263
 0.77474182782419287
 0.99750902515076378
 1.3696163510044093
 0.40191732837529215
 -0.19894598283625273
 -0.72715906615685566
 -0.98983136742132305
 -0.8910413592107852
 -0.46686474663636957
 0.20447920255344562
 1.0812711747469574
 0.97700577919626508
 1.4743013714749824
 0.52938408740299536
 -0.055988358703845706
 -0.62091521972729924
 -1.5345583423934848
 -0.94704312407739244
 -0.58915019910744659
 -0.025782350915245302
 0.56280668962743263
 0.93620405186557298
 0.96772249425417678
 1.0333635987502012
 0.088132491563609597
 -0.8028337690747156
 -0.90844011502318567
 -0.98336891810956462
 -1.1187125453216173
 -0.25550824473790507
 0.43812590268212964
 1.401522477738907
 0.99390102147704307
 1.1982432741466169
 0.36867565168859362
 -0.37220208762835455
 -0.83890731960218134
 -0.99926402882828158
 -1.2715421605637345
 -0.47992564452937803
 0.3043425181213476
 1.2760001412419637
 1.5990880770408948
 1.3382279905752121
 0.36792477034572635
 -0.37584019083871389
 -0.7519452059868672
 -1.591037145612771
 -0.87372121466920871
 -0.694372006313838
 0.16423604820363752
 1.1239673524482932
 1.5747115232512838
 1.4504093955780257
 0.79645307925676112
 -0.092717815718463617
 -1.0389768282878857
 -1.5501961165091867
 -0.93457595984954878
 -0.55899496658575176
 0.020717374963544161
 0.59286423571776004
 1.5176184254982497
 1.5324567842516537
 0.98767924615859148
 0.082225300863896456
 -0.8532553218283726
 -1.4771478807846801
 -1.5616220074725362
 -1.0758298080703701
 -0.12323172689716683
 0.75349024285205801
 0.89312185138248557
 0.98916595154481612
 1.1583851774480025
 0.19443173525695573
 -0.64980640000646595
 -0.85838131514628802
 -1.595477885806406
 -1.2349159990320133
 -0.26462053999945312
 0.54274303384716516
 0.81917649590739106
 0.99999528921032244
 0.81564015632847064
 0.53349296334150065
 -0.43285696120756301
 -0.7757112907044148
 -0.99761610861221961
 -1.3683453106370818
 -0.64081846411529619
 0.32071967929718814
 0.72821175405807848
 0.99004851051445419
 1.4245498594022563
 0.46550699135830681
 -0.20691439345004181
 -0.67692492230333512
 -1.563730964159789
 -1.4733455869226157
 -0.52808142658504087
 0.092032983981153144
 0.62211752879892024
 1.5352516349797323
 0.9465491972583544
 0.58790940764840716
 0.01457942004615246
 -0.90251938671410703
 -0.93674234064043382
 -0.96733457478367735
 -0.64467978024642647
 -0.086603630204167628
 0.50309805648286454
 0.90908058516580226
 1.5729424375764296
 0.69809729213516714
 0.15817743084431238
 -0.70320796161439281
 -0.87669086913002936
 -0.99373060737929897
 -1.1966146058900076
 -0.22892857982199954
 0.3736261111647376
 0.8397416454761244
 0.99920398154940382
 1.2700501723592557
 0.47758258152366795
 -0.30580408578331203
 -0.79842508030580706
 -1.5991690879766041
 -1.3368804419785105
 -0.58639561635395432
 0.23639162971772915
 1.2047296855344527
 1.5912948218074441
 0.87297365177105024
 0.43259932229274561
 -0.1657497443578384
 -0.70357104096355216
 -1.5751445245785289
 -0.90585685224972345
 -0.49645151502600482
 0.15079332020582373
 1.040843016266684
 1.5508021910089118
 1.4944461731327223
 0.89235480789739141
 -0.03560280117503526
 -0.95055913431292172
 -0.94899651318043343
 -0.9573431522354271
 -0.98574621887670111
 -0.049858050913958639
 0.53458223094328505
 0.9238061010348807
 0.97567848098621912
 1.0740109454649969
 0.19473368004700509
 -0.75565558286782664
 -0.89381114363436787
 -0.98893948579507385
 -0.72293121193018939
 -0.19292606540949148
 0.65204957082277293
 1.3746682227578331
 1.5952915177924119
 1.2333532015402291
 0.4210243326138623
 -0.34065773071631095
 -0.82005576228364152
 -0.99998940073362763
 -0.81475126332711434
 -0.53117729062208363
 0.43522045056188929
 0.77667892647719483
 1.5963533476679337
 0.85441940454648735
 0.63856769344871234
 -0.20195314414651017
 -0.72926272673208903
 -0.99026332165106024
 -1.4234301886878991
 -0.464148139626821
 0.13084318561326425
 1.0848860255414638
 0.97765562399971406
 1.4723863320576012
 0.84284403508172012
 -0.094484377261987329
 -0.99730939605961921
 -1.5359413114400731
 -1.513684865505448
 -0.93866757028764702
 -0.020871738287967782
 0.90454594423356471
 1.4996454768254734
 1.5471110029711486
 0.64350579279766673
 0.13611930377417911
 -0.50442382229876837
 -0.90971891406343963
 -1.5724909012748707
 -0.69699759914860648
 -0.25065893785105681
 0.7054128226039994
 0.87742812471887766
 1.5896925642435753
 0.74686444945741071
 0.36389494099378439
 -0.37504925466358852
 -0.84057399342575734
 -0.99914158074923987
 -0.79284699542711268
 -0.47523839362174797
 0.49162389304877907
 1.2789571067647321
 1.5992463322354782
 1.3355297444986494
 0.36506888685045302
 -0.23788258336530968
 -0.75396512742134258
 -0.9947179686701888
 -0.87222403267404025
 -0.68994419471445045
 0.26762088016914726
 0.70466082945833652
 0.98473363488519361
 0.90520569861137001
 0.79218989788241467
 -0.15323778008408839
 -1.0427067526477527
 -0.96962788297188418
 -1.4935672904932904
 -0.89031556740843354
 0.023786074093560219
 0.95253325253401155
 1.5191668402586562
 1.5310376950257969
 0.61488179360742934
 0.048325171352531254
 -0.85740580254536991
 -1.479028161039901
 -0.97534090919269134
 -1.0721895531382961
 -0.12018508648974423
 0.75781914301526732
 1.4311973289709796
 0.98871069070099926
 0.72186998516592915
 0.30627190583154379
 -0.65429120580400246
 -0.85995193962079575
 -0.99693837014674846
 -1.2317874990129689
 -0.41865480954949758
 0.54736042063075829
 0.82093309710364448
 1.5999698510170761
 1.3021767220219322
 0.52886036676970249
 -0.43758291479963091
 -1.2442315725813804
 -0.997823225944791
 -1.365793563917693
 -0.39769713668888385
 0.20345601305261818
 1.1684991707254808
 1.5847612805202818
 1.4223071652314476
 0.74046111142811433
 -0.21178330741235341
 -1.0866896200611411
 -1.5647633482131091
 -0.9196397557121162
 -0.52547237649733447
 0.060584717496686646
 0.99922839698217869
 0.96039210634377858
 0.94555465629369806
 0.58542367337733436
 0.011510222088034565
