# Created by Octave 8.4.0, Thu Dec 11 09:47:22 2025 IST <gamana@Samsung>
# name: iq
# type: matrix
# rows: 2048
# columns: 1
 1.6000000000000001
 1.3078594828396464
 0.336325333479365
 -0.42812692941925867
 -1.2380328641919807
 -0.99739959216031482
 -1.3708841653825465
 -0.40332217000396425
 0.31590671602424863
 1.1617674648126488
 0.98961189288312468
 1.4267791320635248
 0.749154243620751
 -0.126277206267076
 -1.0794599269865388
 -0.97667740455693652
 -0.92203355216466776
 -0.84909680209866956
 0.054455970544694823
 0.61971144815431445
 1.5338614353143079
 0.94753482023462876
 0.59038960288433207
 0.028237569029006
 -0.89845989908127566
 -0.93566355795921996
 -1.5489730149676237
 -1.0352371151254043
 -0.14345783253777036
 0.80070875678521836
 0.9077975051441477
 0.98364649651042202
 1.1204667882156645
 0.25793199830174945
 -0.43674579739516622
 -1.4003362637290069
 -1.5905105512705131
 -1.1998691200655591
 -0.23191544205296488
 0.37077718740857579
 0.83807101776911563
 0.99932172244443662
 0.79564447111414049
 0.48226757712003088
 -0.30288023361216132
 -0.79657321781796253
 -1.5990032996191652
 -1.3395723871147742
 -0.59096226217858006
 0.23340805554780536
 0.75093258738581303
 1.5907757218952079
 1.3991467513723621
 0.69658346143808003
 -0.16272196520846155
 -1.1222183919664672
 -1.5742748128544564
 -0.90715275704229548
 -0.79858185850933749
 0.091189587921087126
 0.64819262069187789
 1.549586390683374
 0.93512086019445517
 0.56026686158099936
 -0.030692720632091816
 -0.59162761605977232
 -0.94802428457192678
 -1.5331609153836951
 -0.98960994706451333
 -0.084677526592261687
 0.85117706439314356
 0.92262657540312143
 0.97634672945533696
 1.0776461366702739
 0.1247546135053899
 -0.46957695504264702
 -1.4278887287596094
 -0.98939008741680945
 -1.1600776873516347
 -0.31349911542499787
 0.64756169863859614
 1.3721487507852954
 1.5956604958378098
 1.2364758878073214
 0.26610024882900052
 -0.54043242017331783
 -0.81829530004591811
 -0.99999882230188708
 -1.3064434050785365
 -0.53580737947358381
 0.43049245230356209
 0.77474182782419287
 0.99750902515076378
 1.3696163510044093
 0.64306772540046753
 -0.31831357253800441
 -1.1634545058509691
 -1.583730187874117
 -1.4256661747372563
 -0.7469835946181913
 0.1277995015959035
 0.6757944842168484
 1.5632092467140242
 0.92143835717186395
 0.52938408740299536
 -0.055988358703845706
 -0.62091521972729924
 -0.95909896399592787
 -0.94704312407739244
 -0.58915019910744659
 -0.016113969322028313
 0.90049070340389226
 0.93620405186557298
 1.5483559908066828
 1.0333635987502012
 0.14101198650177535
 -0.50177110567169725
 -0.90844011502318567
 -0.98336891810956462
 -0.69919534082601087
 -0.15969265296119067
 0.70100144429140743
 1.401522477738907
 0.99390102147704307
 1.1982432741466169
 0.36867565168859362
 -0.37220208762835455
 -0.83890731960218134
 -1.5988224461252507
 -1.2715421605637345
 -0.29995352783086127
 0.3043425181213476
 1.2760001412419637
 1.5990880770408948
 0.83639249410950756
 0.36792477034572635
 -0.37584019083871389
 -1.2031123295789876
 -0.99439821600798184
 -1.397953943470734
 -0.694372006313838
 0.26277767712582006
 0.70247959528018322
 1.5747115232512838
 1.4504093955780257
 0.79645307925676112
 -0.092717815718463617
 -1.0389768282878857
 -0.96887257281824157
 -0.93457595984954878
 -0.89439194653720289
 0.033147799941670657
 0.9485827771484161
 0.94851151593640592
 0.95778549015728354
 0.98767924615859148
 0.082225300863896456
 -0.53328457614273284
 -1.4771478807846801
 -1.5616220074725362
 -0.67239363004398134
 -0.12323172689716683
 0.75349024285205801
 1.4289949622119771
 0.98916595154481612
 0.72399073590500151
 0.19443173525695573
 -0.64980640000646595
 -0.85838131514628802
 -1.595477885806406
 -0.77182249939500824
 -0.42339286399912501
 0.33921439615447818
 1.3106823934518257
 0.99999528921032244
 1.3050242501255531
 0.3334331020884379
 -0.43285696120756301
 -0.7757112907044148
 -0.99761610861221961
 -1.3683453106370818
 -0.64081846411529619
 0.20044979956074258
 1.1651388064929256
 0.99004851051445419
 0.89034366212641014
 0.46550699135830681
 -0.20691439345004181
 -1.0830798756853361
 -1.563730964159789
 -0.92084099182663481
 -0.52808142658504087
 0.057520614988220711
 0.62211752879892024
 1.5352516349797323
 1.5144787156133672
 0.94065505223745149
 0.01457942004615246
 -0.90251938671410703
 -1.4987877450246943
 -1.5477353196538839
 -1.0314876483942823
 -0.13856580832666821
 0.50309805648286454
 1.4545289362652838
 1.5729424375764296
 1.1169556674162675
 0.15817743084431238
 -0.43950497600899546
 -1.4027053906080471
 -1.5899689718068784
 -1.1966146058900076
 -0.22892857982199954
 0.3736261111647376
 0.8397416454761244
 1.5987263704790462
 0.79378135772453473
 0.29848911345229245
 -0.48928653725329929
 -1.2774801284892914
 -0.99948067998537748
 -0.83555027623656908
 -0.58639561635395432
 0.37822660754836668
 0.75295605345903283
 1.5912948218074441
 1.3967578428336804
 0.69215891566839305
 -0.26519959097254148
 -0.70357104096355216
 -1.5751445245785289
 -1.4493709635995575
 -0.49645151502600482
 0.094245825128639826
 0.65052688516667745
 0.96925136938056977
 0.93402885820795134
 0.55772175493586962
 -0.022251750734397037
 -0.59409945894557603
 -0.94899651318043343
 -1.5317490435766834
 -0.98574621887670111
 -0.049858050913958639
 0.85533156950925615
 0.9238061010348807
 1.5610855695779506
 0.67125684091562299
 0.12170855002937817
 -0.47228473929239162
 -1.4300978298149887
 -1.5823031772721183
 -1.156689939088303
 -0.30868170465518641
 0.65204957082277293
 1.3746682227578331
 0.99705719862025732
 1.2333532015402291
 0.4210243326138623
 -0.34065773071631095
 -0.82005576228364152
 -0.99998940073362763
 -0.81475126332711434
 -0.53117729062208363
 0.27201278160118081
 0.77667892647719483
 0.9977208422924585
 1.3670710472743799
 0.39910480840544516
 -0.20195314414651017
 -0.72926272673208903
 -0.99026332165106024
 -0.88964386792993688
 -0.464148139626821
 0.20934909698122281
 1.0848860255414638
 1.5642489983995427
 1.4723863320576012
 0.84284403508172012
 -0.094484377261987329
 -0.62331837253726197
 -1.5359413114400731
 -1.513684865505448
 -0.58666723142977939
 -0.013044836429979863
 0.5653412151459779
 1.4996454768254734
 1.5471110029711486
 0.64350579279766673
 0.085074564858861945
 -0.80707811567802945
 -0.90971891406343963
 -1.5724909012748707
 -0.69699759914860648
 -0.15666183615691048
 0.44088301412749958
 1.4038849995502043
 0.99355785265223451
 0.74686444945741071
 0.36389494099378439
 -0.37504925466358852
 -0.84057399342575734
 -1.5986265291987838
 -0.79284699542711268
 -0.29702399601359247
 0.30726493315548692
 0.79934819172795746
 0.99952895764717375
 0.83470609031165577
 0.5841102189607249
 -0.38061213338449551
 -1.2063442038741483
 -1.5915487498723022
 -1.3955584522784645
 -0.68994419471445045
 0.26762088016914726
 1.1274573271333386
 1.57557381581631
 1.4483291177781921
 0.79218989788241467
 -0.095773612552555232
 -0.65169172040484546
 -1.5514046127550147
 -0.9334795565583065
 -0.55644722963027093
 0.038057718549696355
 0.59533328283375719
 0.94947927516166009
 1.5310376950257969
 0.98381086977188703
 0.048325171352531254
 -0.85740580254536991
 -1.479028161039901
 -0.97534090919269134
 -0.67011847071143504
 -0.19229613838359078
 0.47363696438454206
 1.4311973289709796
 1.5819371051215989
 1.1549919762654868
 0.30627190583154379
 -0.65429120580400246
 -0.85995193962079575
 -1.5951013922347976
 -0.76986718688310551
 -0.41865480954949758
 0.34210026289422391
 0.82093309710364448
 1.5999698510170761
 1.3021767220219322
 0.33053772923106406
 -0.43758291479963091
 -0.77764473286336266
 -0.997823225944791
 -1.365793563917693
 -0.6363154187022142
 0.20345601305261818
 0.73031198170342548
 1.5847612805202818
 1.4223071652314476
 0.46278819464257143
 -0.13236456713272088
 -0.67918101253821317
 -0.9779770926331931
 -0.9196397557121162
 -0.52547237649733447
 0.09693554799469864
 0.62451774811386163
 0.96039210634377858
 0.94555465629369806
 0.58542367337733436
 0.018416355340855305
