# Created by Octave 8.4.0, Thu Dec 11 09:47:22 2025 IST <gamana@Samsung>
# name: iq
# type: matrix
# rows: 2048
# columns: 1
 1
 1.3078594828396464
 0.336325333479365
 -0.26757933088703667
 -1.2380328641919807
 -1.5958393474565038
 -0.85680260336409153
 -0.64531547200634287
 0.31590671602424863
 0.72610466550790553
 1.5833790286129996
 0.89173695753970295
 0.749154243620751
 -0.20204353002732162
 -1.0794599269865388
 -0.97667740455693652
 -0.92203355216466776
 -0.53068550131166847
 0.054455970544694823
 0.61971144815431445
 1.5338614353143079
 0.94753482023462876
 0.94462336461493135
 0.017648480643128749
 -0.89845989908127566
 -1.497061692734752
 -0.96810813435476473
 -0.64702319695337762
 -0.14345783253777036
 0.80070875678521836
 1.4524760082306365
 0.98364649651042202
 0.70029174263479022
 0.1612074989385934
 -0.69879327583226603
 -0.8752101648306293
 -0.99406909454407066
 -0.74991820004097443
 -0.23191544205296488
 0.59324349985372127
 0.83807101776911563
 0.99932172244443662
 1.2730311537826249
 0.30141723570001927
 -0.30288023361216132
 -1.2745171485087401
 -0.9993770622619782
 -1.3395723871147742
 -0.59096226217858006
 0.37345288887648859
 0.75093258738581303
 0.99423482618450487
 0.87446671960772626
 0.43536466339879998
 -0.26035514433353851
 -0.70138649497904204
 -0.98392175803403514
 -1.4514444112676728
 -0.79858185850933749
 0.14590334067373942
 0.64819262069187789
 0.96849149417710867
 1.4961933763111284
 0.89642697852959907
 -0.030692720632091816
 -0.59162761605977232
 -0.94802428457192678
 -1.5331609153836951
 -0.98960994706451333
 -0.084677526592261687
 0.85117706439314356
 0.92262657540312143
 1.5621547671285392
 0.67352883541892117
 0.19960738160862385
 -0.46957695504264702
 -1.4278887287596094
 -1.5830241398668952
 -0.72504855459477169
 -0.19593694714062365
 0.64756169863859614
 1.3721487507852954
 1.5956604958378098
 0.77279742987957578
 0.42576039812640087
 -0.54043242017331783
 -0.81829530004591811
 -0.99999882230188708
 -1.3064434050785365
 -0.33487961217098988
 0.2690577826897263
 1.2395869245187088
 1.5960144402412222
 1.3696163510044093
 0.64306772540046753
 -0.31831357253800441
 -1.1634545058509691
 -0.98983136742132305
 -1.4256661747372563
 -0.46686474663636957
 0.20447920255344562
 1.0812711747469574
 1.5632092467140242
 1.4743013714749824
 0.52938408740299536
 -0.089581373926153132
 -0.99346435156367885
 -0.95909896399592787
 -1.5152689985238279
 -0.58915019910744659
 -0.016113969322028313
 0.56280668962743263
 0.93620405186557298
 1.5483559908066828
 0.64585224921887574
 0.14101198650177535
 -0.50177110567169725
 -1.4535041840370972
 -0.98336891810956462
 -0.69919534082601087
 -0.25550824473790507
 0.70100144429140743
 1.401522477738907
 1.590241634363269
 1.1982432741466169
 0.23042228230537098
 -0.37220208762835455
 -1.3422517113634902
 -1.5988224461252507
 -1.2715421605637345
 -0.29995352783086127
 0.3043425181213476
 0.79750008827622731
 0.99943004815055925
 0.83639249410950756
 0.36792477034572635
 -0.37584019083871389
 -0.7519452059868672
 -0.99439821600798184
 -0.87372121466920871
 -0.694372006313838
 0.26277767712582006
 0.70247959528018322
 0.98419470203205239
 0.906505872236266
 0.79645307925676112
 -0.092717815718463617
 -0.64936051767992853
 -1.5501961165091867
 -0.93457595984954878
 -0.55899496658575176
 0.033147799941670657
 0.9485827771484161
 1.5176184254982497
 0.95778549015728354
 0.98767924615859148
 0.082225300863896456
 -0.8532553218283726
 -0.92321742549042496
 -1.5616220074725362
 -1.0758298080703701
 -0.19717076303546693
 0.47093140178253623
 1.4289949622119771
 0.98916595154481612
 1.1583851774480025
 0.19443173525695573
 -0.40612900000404117
 -1.373410104234061
 -0.99717367862900375
 -0.77182249939500824
 -0.42339286399912501
 0.33921439615447818
 1.3106823934518257
 1.5999924627365161
 1.3050242501255531
 0.3334331020884379
 -0.27053560075472688
 -0.7757112907044148
 -0.99761610861221961
 -0.85521581914817602
 -0.40051154007206008
 0.32071967929718814
 0.72821175405807848
 0.99004851051445419
 1.4245498594022563
 0.7448111861732909
 -0.12932149590627612
 -1.0830798756853361
 -0.97733185259986799
 -0.92084099182663481
 -0.84493028253606539
 0.057520614988220711
 0.62211752879892024
 0.95953227186233259
 1.5144787156133672
 0.58790940764840716
 0.023327072073843935
 -0.56407461669631687
 -0.93674234064043382
 -0.96733457478367735
 -1.0314876483942823
 -0.086603630204167628
 0.50309805648286454
 0.90908058516580226
 1.5729424375764296
 1.1169556674162675
 0.25308388935089982
 -0.43950497600899546
 -0.87669086913002936
 -1.5899689718068784
 -0.74788412868125476
 -0.36628572771519929
 0.59780177786358013
 1.3435866327617991
 0.99920398154940382
 0.79378135772453473
 0.47758258152366795
 -0.30580408578331203
 -0.79842508030580706
 -0.99948067998537748
 -0.83555027623656908
 -0.58639561635395432
 0.37822660754836668
 0.75295605345903283
 1.5912948218074441
 0.87297365177105024
 0.43259932229274561
 -0.26519959097254148
 -1.1257136655416835
 -0.98446532786158059
 -1.4493709635995575
 -0.7943224240416078
 0.15079332020582373
 1.040843016266684
 0.96925136938056977
 0.93402885820795134
 0.55772175493586962
 -0.03560280117503526
 -0.59409945894557603
 -1.5183944210886935
 -0.9573431522354271
 -0.61609138679793818
 -0.049858050913958639
 0.53458223094328505
 1.4780897616558093
 1.5610855695779506
 0.67125684091562299
 0.19473368004700509
 -0.75565558286782664
 -0.89381114363436787
 -0.98893948579507385
 -0.72293121193018939
 -0.30868170465518641
 0.65204957082277293
 1.3746682227578331
 1.5952915177924119
 0.77084575096264307
 0.4210243326138623
 -0.54505236914609756
 -0.82005576228364152
 -0.99998940073362763
 -1.303602021323383
 -0.53117729062208363
 0.27201278160118081
 0.77667892647719483
 0.9977208422924585
 1.3670710472743799
 0.39910480840544516
 -0.32312503063441628
 -0.72926272673208903
 -0.99026332165106024
 -1.4234301886878991
 -0.464148139626821
 0.13084318561326425
 0.67805376596341482
 1.5642489983995427
 0.92024145753600073
 0.52677752192607508
 -0.094484377261987329
 -0.62331837253726197
 -0.95996331965004555
 -0.94605304094090492
 -0.93866757028764702
 -0.013044836429979863
 0.90454594423356471
 1.4996454768254734
 1.5471110029711486
 1.0296092684762668
 0.13611930377417911
 -0.50442382229876837
 -0.90971891406343963
 -0.98280681329679409
 -0.69699759914860648
 -0.25065893785105681
 0.44088301412749958
 0.87742812471887766
 0.99355785265223451
 0.74686444945741071
 0.22743433812111521
 -0.37504925466358852
 -0.84057399342575734
 -0.99914158074923987
 -1.2685551926833805
 -0.29702399601359247
 0.49162389304877907
 0.79934819172795746
 0.99952895764717375
 1.3355297444986494
 0.36506888685045302
 -0.23788258336530968
 -0.75396512742134258
 -0.9947179686701888
 -1.3955584522784645
 -0.68994419471445045
 0.26762088016914726
 1.1274573271333386
 1.57557381581631
 1.4483291177781921
 0.49511868617650917
 -0.095773612552555232
 -0.65169172040484546
 -0.96962788297188418
 -1.4935672904932904
 -0.55644722963027093
 0.038057718549696355
 0.95253325253401155
 1.5191668402586562
 0.956898559391123
 0.98381086977188703
 0.077320274164050018
 -0.85740580254536991
 -0.92439260064993811
 -0.97534090919269134
 -1.0721895531382961
 -0.19229613838359078
 0.47363696438454206
 1.4311973289709796
 0.98871069070099926
 0.72186998516592915
 0.19141994114471486
 -0.65429120580400246
 -0.85995193962079575
 -1.5951013922347976
 -1.2317874990129689
 -0.41865480954949758
 0.54736042063075829
 1.3134929553658312
 0.99998115688567257
 1.3021767220219322
 0.33053772923106406
 -0.27348932174976931
 -0.77764473286336266
 -1.5965171615116658
 -1.365793563917693
 -0.6363154187022142
 0.20345601305261818
 0.73031198170342548
 1.5847612805202818
 1.4223071652314476
 0.74046111142811433
 -0.13236456713272088
 -0.67918101253821317
 -0.9779770926331931
 -1.471423609139386
 -0.52547237649733447
 0.060584717496686646
 0.99922839698217869
 1.5366273701500459
 1.512887450069917
 0.58542367337733436
 0.011510222088034565
