# Created by Octave 8.4.0, Thu Dec 11 09:47:22 2025 IST <gamana@Samsung>
# name: iq
# type: matrix
# rows: 2048
# columns: 1
 1
 1.3078594828396464
 0.53812053356698397
 -0.42812692941925867
 -1.2380328641919807
 -1.5958393474565038
 -0.85680260336409153
 -0.64531547200634287
 0.19744169751515539
 1.1617674648126488
 1.5833790286129996
 1.4267791320635248
 0.46822140226296938
 -0.20204353002732162
 -0.67466245436658678
 -0.97667740455693652
 -0.92203355216466776
 -0.84909680209866956
 0.054455970544694823
 0.61971144815431445
 1.5338614353143079
 0.94753482023462876
 0.94462336461493135
 0.017648480643128749
 -0.89845989908127566
 -0.93566355795921996
 -0.96810813435476473
 -0.64702319695337762
 -0.14345783253777036
 0.50044297299076146
 1.4524760082306365
 0.98364649651042202
 0.70029174263479022
 0.1612074989385934
 -0.69879327583226603
 -1.4003362637290069
 -0.99406909454407066
 -0.74991820004097443
 -0.23191544205296488
 0.59324349985372127
 1.3409136284305851
 0.99932172244443662
 0.79564447111414049
 0.48226757712003088
 -0.30288023361216132
 -0.79657321781796253
 -1.5990032996191652
 -0.8372327419467338
 -0.36935141386161252
 0.37345288887648859
 1.2014921398173009
 0.99423482618450487
 1.3991467513723621
 0.69658346143808003
 -0.16272196520846155
 -0.70138649497904204
 -0.98392175803403514
 -0.90715275704229548
 -0.49911366156833592
 0.14590334067373942
 1.0371081931070047
 1.549586390683374
 0.93512086019445517
 0.89642697852959907
 -0.019182950395057383
 -0.94660418569563576
 -0.94802428457192678
 -1.5331609153836951
 -0.61850621691532082
 -0.084677526592261687
 0.53198566524571467
 0.92262657540312143
 1.5621547671285392
 0.67352883541892117
 0.1247546135053899
 -0.46957695504264702
 -1.4278887287596094
 -0.98939008741680945
 -1.1600776873516347
 -0.19593694714062365
 0.40472606164912256
 0.85759296924080952
 0.99728780989863108
 1.2364758878073214
 0.42576039812640087
 -0.3377702626083236
 -1.309272480073469
 -0.99999882230188708
 -1.3064434050785365
 -0.33487961217098988
 0.43049245230356209
 1.2395869245187088
 1.5960144402412222
 1.3696163510044093
 0.40191732837529215
 -0.19894598283625273
 -0.72715906615685566
 -1.583730187874117
 -0.8910413592107852
 -0.7469835946181913
 0.1277995015959035
 0.6757944842168484
 0.97700577919626508
 0.92143835717186395
 0.84701453984479258
 -0.089581373926153132
 -0.99346435156367885
 -1.5345583423934848
 -0.94704312407739244
 -0.94264031857191455
 -0.016113969322028313
 0.56280668962743263
 1.4979264829849168
 0.96772249425417678
 1.0333635987502012
 0.14101198650177535
 -0.50177110567169725
 -1.4535041840370972
 -1.5733902689753034
 -0.69919534082601087
 -0.25550824473790507
 0.43812590268212964
 1.401522477738907
 0.99390102147704307
 0.74890204634163549
 0.36867565168859362
 -0.37220208762835455
 -0.83890731960218134
 -0.99926402882828158
 -0.79471385035233399
 -0.29995352783086127
 0.48694802899415618
 0.79750008827622731
 1.5990880770408948
 1.3382279905752121
 0.36792477034572635
 -0.37584019083871389
 -1.2031123295789876
 -1.591037145612771
 -1.397953943470734
 -0.43398250394614873
 0.16423604820363752
 0.70247959528018322
 1.5747115232512838
 0.906505872236266
 0.49778317453547566
 -0.14834850514954179
 -0.64936051767992853
 -1.5501961165091867
 -1.4953215357592782
 -0.89439194653720289
 0.020717374963544161
 0.59286423571776004
 0.94851151593640592
 0.95778549015728354
 0.61729952884911965
 0.082225300863896456
 -0.8532553218283726
 -1.4771478807846801
 -0.97601375467033502
 -1.0758298080703701
 -0.19717076303546693
 0.75349024285205801
 0.89312185138248557
 1.5826655224717059
 0.72399073590500151
 0.3110907764111292
 -0.40612900000404117
 -0.85838131514628802
 -0.99717367862900375
 -0.77182249939500824
 -0.26462053999945312
 0.54274303384716516
 1.3106823934518257
 0.99999528921032244
 1.3050242501255531
 0.3334331020884379
 -0.43285696120756301
 -0.7757112907044148
 -1.5961857737795515
 -1.3683453106370818
 -0.64081846411529619
 0.32071967929718814
 0.72821175405807848
 0.99004851051445419
 1.4245498594022563
 0.7448111861732909
 -0.12932149590627612
 -0.67692492230333512
 -0.97733185259986799
 -1.4733455869226157
 -0.52808142658504087
 0.057520614988220711
 0.62211752879892024
 1.5352516349797323
 0.9465491972583544
 0.94065505223745149
 0.01457942004615246
 -0.90251938671410703
 -1.4987877450246943
 -0.96733457478367735
 -1.0314876483942823
 -0.13856580832666821
 0.50309805648286454
 0.90908058516580226
 1.5729424375764296
 1.1169556674162675
 0.25308388935089982
 -0.70320796161439281
 -0.87669086913002936
 -0.99373060737929897
 -0.74788412868125476
 -0.36628572771519929
 0.3736261111647376
 0.8397416454761244
 0.99920398154940382
 0.79378135772453473
 0.29848911345229245
 -0.30580408578331203
 -0.79842508030580706
 -1.5991690879766041
 -0.83555027623656908
 -0.58639561635395432
 0.37822660754836668
 0.75295605345903283
 0.99455926362965252
 1.3967578428336804
 0.43259932229274561
 -0.1657497443578384
 -0.70357104096355216
 -0.98446532786158059
 -0.90585685224972345
 -0.7943224240416078
 0.094245825128639826
 0.65052688516667745
 1.5508021910089118
 0.93402885820795134
 0.55772175493586962
 -0.03560280117503526
 -0.59409945894557603
 -1.5183944210886935
 -1.5317490435766834
 -0.98574621887670111
 -0.079772881462333828
 0.53458223094328505
 0.9238061010348807
 0.97567848098621912
 0.67125684091562299
 0.19473368004700509
 -0.47228473929239162
 -0.89381114363436787
 -1.5823031772721183
 -0.72293121193018939
 -0.30868170465518641
 0.65204957082277293
 1.3746682227578331
 0.99705719862025732
 0.77084575096264307
 0.26314020788366393
 -0.54505236914609756
 -1.3120892196538265
 -1.5999830411738043
 -0.81475126332711434
 -0.53117729062208363
 0.43522045056188929
 1.2426862823635119
 0.9977208422924585
 0.85441940454648735
 0.63856769344871234
 -0.32312503063441628
 -1.1668203627713425
 -0.99026332165106024
 -1.4234301886878991
 -0.7426370234029136
 0.13084318561326425
 1.0848860255414638
 0.97765562399971406
 1.4723863320576012
 0.84284403508172012
 -0.059052735788742081
 -0.99730939605961921
 -1.5359413114400731
 -0.94605304094090492
 -0.58666723142977939
 -0.013044836429979863
 0.90454594423356471
 0.9372784230159209
 1.5471110029711486
 0.64350579279766673
 0.13611930377417911
 -0.50442382229876837
 -1.4555502625015035
 -1.5724909012748707
 -0.69699759914860648
 -0.15666183615691048
 0.44088301412749958
 1.4038849995502043
 0.99355785265223451
 0.74686444945741071
 0.22743433812111521
 -0.37504925466358852
 -1.3449183894812118
 -1.5986265291987838
 -1.2685551926833805
 -0.47523839362174797
 0.49162389304877907
 1.2789571067647321
 0.99952895764717375
 1.3355297444986494
 0.5841102189607249
 -0.38061213338449551
 -0.75396512742134258
 -1.5915487498723022
 -1.3955584522784645
 -0.68994419471445045
 0.16726305010571701
 0.70466082945833652
 0.98473363488519361
 0.90520569861137001
 0.79218989788241467
 -0.15323778008408839
 -0.65169172040484546
 -0.96962788297188418
 -0.9334795565583065
 -0.55644722963027093
 0.038057718549696355
 0.59533328283375719
 0.94947927516166009
 0.956898559391123
 0.61488179360742934
 0.048325171352531254
 -0.85740580254536991
 -0.92439260064993811
 -1.5605454547083062
 -0.67011847071143504
 -0.12018508648974423
 0.47363696438454206
 1.4311973289709796
 1.5819371051215989
 0.72186998516592915
 0.19141994114471486
 -0.40893200362750154
 -0.85995193962079575
 -1.5951013922347976
 -1.2317874990129689
 -0.41865480954949758
 0.34210026289422391
 1.3134929553658312
 0.99998115688567257
 0.81386045126370754
 0.33053772923106406
 -0.43758291479963091
 -1.2442315725813804
 -1.5965171615116658
 -0.85362097744855803
 -0.6363154187022142
 0.32552962088418913
 1.1684991707254808
 1.5847612805202818
 0.88894197826965471
 0.74046111142811433
 -0.13236456713272088
 -0.67918101253821317
 -1.5647633482131091
 -0.9196397557121162
 -0.52547237649733447
 0.060584717496686646
 0.62451774811386163
 0.96039210634377858
 0.94555465629369806
 0.58542367337733436
 0.011510222088034565
