# Created by Octave 8.4.0, Thu Dec 11 09:47:22 2025 IST <gamana@Samsung>
# name: iq
# type: matrix
# rows: 2048
# columns: 1
 1
 1.3078594828396464
 0.336325333479365
 -0.42812692941925867
 -0.7737705401199878
 -1.5958393474565038
 -1.3708841653825465
 -0.40332217000396425
 0.19744169751515539
 1.1617674648126488
 0.98961189288312468
 0.89173695753970295
 0.46822140226296938
 -0.20204353002732162
 -0.67466245436658678
 -1.5626838472910984
 -1.4752536834634684
 -0.53068550131166847
 0.087129552871511723
 0.99153831704690321
 0.95866339707144232
 0.94753482023462876
 0.94462336461493135
 0.017648480643128749
 -0.56153743692579727
 -0.93566355795921996
 -1.5489730149676237
 -1.0352371151254043
 -0.089661145336106474
 0.50044297299076146
 1.4524760082306365
 1.5738343944166753
 0.70029174263479022
 0.25793199830174945
 -0.69879327583226603
 -0.8752101648306293
 -1.5905105512705131
 -0.74991820004097443
 -0.37106470728474383
 0.59324349985372127
 1.3409136284305851
 1.5989147559110988
 0.79564447111414049
 0.30141723570001927
 -0.30288023361216132
 -1.2745171485087401
 -1.5990032996191652
 -1.3395723871147742
 -0.59096226217858006
 0.37345288887648859
 1.2014921398173009
 0.99423482618450487
 1.3991467513723621
 0.69658346143808003
 -0.16272196520846155
 -1.1222183919664672
 -0.98392175803403514
 -1.4514444112676728
 -0.79858185850933749
 0.14590334067373942
 1.0371081931070047
 1.549586390683374
 1.4961933763111284
 0.56026686158099936
 -0.030692720632091816
 -0.59162761605977232
 -0.94802428457192678
 -1.5331609153836951
 -0.61850621691532082
 -0.052923454120163547
 0.53198566524571467
 0.92262657540312143
 1.5621547671285392
 1.0776461366702739
 0.1247546135053899
 -0.46957695504264702
 -1.4278887287596094
 -0.98939008741680945
 -1.1600776873516347
 -0.31349911542499787
 0.64756169863859614
 1.3721487507852954
 1.5956604958378098
 1.2364758878073214
 0.42576039812640087
 -0.54043242017331783
 -0.81829530004591811
 -1.5999981156830194
 -0.81652712817408524
 -0.33487961217098988
 0.43049245230356209
 1.2395869245187088
 1.5960144402412222
 0.85601021937775568
 0.64306772540046753
 -0.31831357253800441
 -0.72715906615685566
 -1.583730187874117
 -1.4256661747372563
 -0.46686474663636957
 0.20447920255344562
 0.6757944842168484
 0.97700577919626508
 0.92143835717186395
 0.84701453984479258
 -0.055988358703845706
 -0.99346435156367885
 -0.95909896399592787
 -0.94704312407739244
 -0.94264031857191455
 -0.016113969322028313
 0.56280668962743263
 0.93620405186557298
 0.96772249425417678
 0.64585224921887574
 0.14101198650177535
 -0.50177110567169725
 -0.90844011502318567
 -0.98336891810956462
 -0.69919534082601087
 -0.25550824473790507
 0.70100144429140743
 0.87595154858681679
 0.99390102147704307
 0.74890204634163549
 0.36867565168859362
 -0.59552334020536735
 -1.3422517113634902
 -0.99926402882828158
 -0.79471385035233399
 -0.47992564452937803
 0.3043425181213476
 0.79750008827622731
 0.99943004815055925
 0.83639249410950756
 0.36792477034572635
 -0.37584019083871389
 -1.2031123295789876
 -0.99439821600798184
 -1.397953943470734
 -0.694372006313838
 0.26277767712582006
 1.1239673524482932
 0.98419470203205239
 0.906505872236266
 0.79645307925676112
 -0.092717815718463617
 -1.0389768282878857
 -0.96887257281824157
 -1.4953215357592782
 -0.89439194653720289
 0.033147799941670657
 0.9485827771484161
 1.5176184254982497
 0.95778549015728354
 0.98767924615859148
 0.051390813039935278
 -0.53328457614273284
 -1.4771478807846801
 -1.5616220074725362
 -1.0758298080703701
 -0.19717076303546693
 0.75349024285205801
 1.4289949622119771
 1.5826655224717059
 0.72399073590500151
 0.3110907764111292
 -0.40612900000404117
 -0.85838131514628802
 -0.99717367862900375
 -1.2349159990320133
 -0.42339286399912501
 0.54274303384716516
 1.3106823934518257
 1.5999924627365161
 0.81564015632847064
 0.3334331020884379
 -0.43285696120756301
 -0.7757112907044148
 -0.99761610861221961
 -1.3683453106370818
 -0.40051154007206008
 0.20044979956074258
 1.1651388064929256
 0.99004851051445419
 0.89034366212641014
 0.46550699135830681
 -0.12932149590627612
 -0.67692492230333512
 -1.563730964159789
 -0.92084099182663481
 -0.52808142658504087
 0.092032983981153144
 0.62211752879892024
 1.5352516349797323
 1.5144787156133672
 0.58790940764840716
 0.023327072073843935
 -0.90251938671410703
 -1.4987877450246943
 -1.5477353196538839
 -1.0314876483942823
 -0.13856580832666821
 0.80495689037258333
 0.90908058516580226
 1.5729424375764296
 1.1169556674162675
 0.25308388935089982
 -0.70320796161439281
 -1.4027053906080471
 -0.99373060737929897
 -0.74788412868125476
 -0.36628572771519929
 0.3736261111647376
 0.8397416454761244
 0.99920398154940382
 1.2700501723592557
 0.47758258152366795
 -0.48928653725329929
 -0.79842508030580706
 -0.99948067998537748
 -0.83555027623656908
 -0.58639561635395432
 0.23639162971772915
 0.75295605345903283
 0.99455926362965252
 0.87297365177105024
 0.69215891566839305
 -0.1657497443578384
 -0.70357104096355216
 -0.98446532786158059
 -1.4493709635995575
 -0.49645151502600482
 0.094245825128639826
 0.65052688516667745
 1.5508021910089118
 1.4944461731327223
 0.55772175493586962
 -0.022251750734397037
 -0.59409945894557603
 -0.94899651318043343
 -1.5317490435766834
 -0.98574621887670111
 -0.079772881462333828
 0.53458223094328505
 1.4780897616558093
 0.97567848098621912
 0.67125684091562299
 0.19473368004700509
 -0.75565558286782664
 -0.89381114363436787
 -1.5823031772721183
 -1.156689939088303
 -0.19292606540949148
 0.40753098176423302
 0.85916763922364559
 1.5952915177924119
 1.2333532015402291
 0.4210243326138623
 -0.54505236914609756
 -0.82005576228364152
 -1.5999830411738043
 -0.81475126332711434
 -0.53117729062208363
 0.27201278160118081
 1.2426862823635119
 0.9977208422924585
 1.3670710472743799
 0.39910480840544516
 -0.20195314414651017
 -0.72926272673208903
 -1.5844213146416966
 -0.88964386792993688
 -0.464148139626821
 0.20934909698122281
 1.0848860255414638
 0.97765562399971406
 0.92024145753600073
 0.52677752192607508
 -0.094484377261987329
 -0.99730939605961921
 -0.95996331965004555
 -0.94605304094090492
 -0.93866757028764702
 -0.013044836429979863
 0.90454594423356471
 1.4996454768254734
 0.96694437685696777
 1.0296092684762668
 0.13611930377417911
 -0.50442382229876837
 -0.90971891406343963
 -0.98280681329679409
 -1.1151961586377703
 -0.25065893785105681
 0.7054128226039994
 1.4038849995502043
 0.99355785265223451
 0.74686444945741071
 0.22743433812111521
 -0.37504925466358852
 -0.84057399342575734
 -1.5986265291987838
 -1.2685551926833805
 -0.29702399601359247
 0.49162389304877907
 1.2789571067647321
 1.5992463322354782
 0.83470609031165577
 0.36506888685045302
 -0.23788258336530968
 -0.75396512742134258
 -1.5915487498723022
 -1.3955584522784645
 -0.43121512169653153
 0.26762088016914726
 1.1274573271333386
 0.98473363488519361
 1.4483291177781921
 0.49511868617650917
 -0.15323778008408839
 -1.0427067526477527
 -1.5514046127550147
 -1.4935672904932904
 -0.89031556740843354
 0.038057718549696355
 0.59533328283375719
 0.94947927516166009
 1.5310376950257969
 0.61488179360742934
 0.077320274164050018
 -0.85740580254536991
 -0.92439260064993811
 -1.5605454547083062
 -0.67011847071143504
 -0.12018508648974423
 0.47363696438454206
 0.89449833060686224
 1.5819371051215989
 1.1549919762654868
 0.19141994114471486
 -0.40893200362750154
 -1.3759231033932733
 -1.5951013922347976
 -1.2317874990129689
 -0.41865480954949758
 0.54736042063075829
 0.82093309710364448
 1.5999698510170761
 0.81386045126370754
 0.52886036676970249
 -0.43758291479963091
 -0.77764473286336266
 -0.997823225944791
 -0.85362097744855803
 -0.6363154187022142
 0.20345601305261818
 0.73031198170342548
 0.99047580032517601
 0.88894197826965471
 0.74046111142811433
 -0.21178330741235341
 -0.67918101253821317
 -0.9779770926331931
 -0.9196397557121162
 -0.52547237649733447
 0.09693554799469864
 0.62451774811386163
 0.96039210634377858
 1.512887450069917
 0.58542367337733436
 0.011510222088034565
