# Created by Octave 8.4.0, Thu Dec 11 09:47:22 2025 IST <gamana@Samsung>
# name: iq
# type: matrix
# rows: 2048
# columns: 1
 1.6000000000000001
 1.3078594828396464
 0.336325333479365
 -0.42812692941925867
 -1.2380328641919807
 -0.99739959216031482
 -1.3708841653825465
 -0.64531547200634287
 0.19744169751515539
 0.72610466550790553
 0.98961189288312468
 0.89173695753970295
 0.749154243620751
 -0.20204353002732162
 -0.67466245436658678
 -0.97667740455693652
 -1.4752536834634684
 -0.84909680209866956
 0.087129552871511723
 0.61971144815431445
 1.5338614353143079
 0.94753482023462876
 0.59038960288433207
 0.017648480643128749
 -0.89845989908127566
 -0.93566355795921996
 -1.5489730149676237
 -1.0352371151254043
 -0.089661145336106474
 0.80070875678521836
 0.9077975051441477
 1.5738343944166753
 0.70029174263479022
 0.25793199830174945
 -0.69879327583226603
 -0.8752101648306293
 -0.99406909454407066
 -0.74991820004097443
 -0.37106470728474383
 0.37077718740857579
 1.3409136284305851
 1.5989147559110988
 1.2730311537826249
 0.30141723570001927
 -0.30288023361216132
 -1.2745171485087401
 -0.9993770622619782
 -1.3395723871147742
 -0.59096226217858006
 0.23340805554780536
 0.75093258738581303
 0.99423482618450487
 0.87446671960772626
 0.69658346143808003
 -0.26035514433353851
 -1.1222183919664672
 -0.98392175803403514
 -0.90715275704229548
 -0.49911366156833592
 0.091189587921087126
 0.64819262069187789
 1.549586390683374
 1.4961933763111284
 0.56026686158099936
 -0.019182950395057383
 -0.59162761605977232
 -1.5168388553150829
 -1.5331609153836951
 -0.98960994706451333
 -0.084677526592261687
 0.53198566524571467
 0.92262657540312143
 1.5621547671285392
 0.67352883541892117
 0.1247546135053899
 -0.46957695504264702
 -0.89243045547475575
 -1.5830241398668952
 -0.72504855459477169
 -0.19593694714062365
 0.64756169863859614
 0.85759296924080952
 1.5956604958378098
 0.77279742987957578
 0.26610024882900052
 -0.3377702626083236
 -1.309272480073469
 -1.5999981156830194
 -0.81652712817408524
 -0.33487961217098988
 0.43049245230356209
 0.77474182782419287
 0.99750902515076378
 0.85601021937775568
 0.64306772540046753
 -0.19894598283625273
 -1.1634545058509691
 -0.98983136742132305
 -1.4256661747372563
 -0.46686474663636957
 0.20447920255344562
 0.6757944842168484
 1.5632092467140242
 1.4743013714749824
 0.84701453984479258
 -0.055988358703845706
 -0.62091521972729924
 -0.95909896399592787
 -1.5152689985238279
 -0.94264031857191455
 -0.025782350915245302
 0.90049070340389226
 0.93620405186557298
 0.96772249425417678
 1.0333635987502012
 0.14101198650177535
 -0.50177110567169725
 -0.90844011502318567
 -0.98336891810956462
 -0.69919534082601087
 -0.25550824473790507
 0.43812590268212964
 1.401522477738907
 0.99390102147704307
 0.74890204634163549
 0.23042228230537098
 -0.37220208762835455
 -1.3422517113634902
 -0.99926402882828158
 -0.79471385035233399
 -0.29995352783086127
 0.48694802899415618
 1.2760001412419637
 0.99943004815055925
 1.3382279905752121
 0.36792477034572635
 -0.23490011927419616
 -1.2031123295789876
 -0.99439821600798184
 -0.87372121466920871
 -0.694372006313838
 0.16423604820363752
 0.70247959528018322
 0.98419470203205239
 0.906505872236266
 0.79645307925676112
 -0.092717815718463617
 -0.64936051767992853
 -0.96887257281824157
 -1.4953215357592782
 -0.55899496658575176
 0.020717374963544161
 0.59286423571776004
 1.5176184254982497
 0.95778549015728354
 0.98767924615859148
 0.082225300863896456
 -0.53328457614273284
 -0.92321742549042496
 -0.97601375467033502
 -0.67239363004398134
 -0.19717076303546693
 0.47093140178253623
 1.4289949622119771
 0.98916595154481612
 0.72399073590500151
 0.19443173525695573
 -0.40612900000404117
 -1.373410104234061
 -0.99717367862900375
 -0.77182249939500824
 -0.42339286399912501
 0.54274303384716516
 0.81917649590739106
 1.5999924627365161
 0.81564015632847064
 0.3334331020884379
 -0.43285696120756301
 -1.2411380651270638
 -0.99761610861221961
 -0.85521581914817602
 -0.64081846411529619
 0.20044979956074258
 1.1651388064929256
 1.5840776168231268
 0.89034366212641014
 0.7448111861732909
 -0.20691439345004181
 -1.0830798756853361
 -0.97733185259986799
 -1.4733455869226157
 -0.84493028253606539
 0.057520614988220711
 0.62211752879892024
 0.95953227186233259
 1.5144787156133672
 0.94065505223745149
 0.023327072073843935
 -0.90251938671410703
 -0.93674234064043382
 -1.5477353196538839
 -1.0314876483942823
 -0.13856580832666821
 0.50309805648286454
 1.4545289362652838
 1.5729424375764296
 1.1169556674162675
 0.25308388935089982
 -0.43950497600899546
 -1.4027053906080471
 -0.99373060737929897
 -0.74788412868125476
 -0.36628572771519929
 0.59780177786358013
 0.8397416454761244
 1.5987263704790462
 1.2700501723592557
 0.47758258152366795
 -0.48928653725329929
 -1.2774801284892914
 -1.5991690879766041
 -1.3368804419785105
 -0.36649726022122142
 0.37822660754836668
 1.2047296855344527
 1.5912948218074441
 0.87297365177105024
 0.43259932229274561
 -0.1657497443578384
 -1.1257136655416835
 -1.5751445245785289
 -1.4493709635995575
 -0.49645151502600482
 0.15079332020582373
 0.65052688516667745
 0.96925136938056977
 1.4944461731327223
 0.55772175493586962
 -0.022251750734397037
 -0.95055913431292172
 -1.5183944210886935
 -0.9573431522354271
 -0.98574621887670111
 -0.049858050913958639
 0.85533156950925615
 0.9238061010348807
 1.5610855695779506
 1.0740109454649969
 0.12170855002937817
 -0.47228473929239162
 -0.89381114363436787
 -1.5823031772721183
 -0.72293121193018939
 -0.30868170465518641
 0.65204957082277293
 1.3746682227578331
 0.99705719862025732
 1.2333532015402291
 0.26314020788366393
 -0.34065773071631095
 -0.82005576228364152
 -0.99998940073362763
 -1.303602021323383
 -0.53117729062208363
 0.27201278160118081
 1.2426862823635119
 1.5963533476679337
 1.3670710472743799
 0.63856769344871234
 -0.20195314414651017
 -0.72926272673208903
 -0.99026332165106024
 -1.4234301886878991
 -0.464148139626821
 0.20934909698122281
 0.67805376596341482
 0.97765562399971406
 0.92024145753600073
 0.84284403508172012
 -0.059052735788742081
 -0.99730939605961921
 -1.5359413114400731
 -1.513684865505448
 -0.58666723142977939
 -0.020871738287967782
 0.5653412151459779
 1.4996454768254734
 1.5471110029711486
 0.64350579279766673
 0.13611930377417911
 -0.50442382229876837
 -1.4555502625015035
 -1.5724909012748707
 -1.1151961586377703
 -0.25065893785105681
 0.44088301412749958
 1.4038849995502043
 0.99355785265223451
 1.1949831191318572
 0.22743433812111521
 -0.37504925466358852
 -0.84057399342575734
 -1.5986265291987838
 -0.79284699542711268
 -0.47523839362174797
 0.30726493315548692
 0.79934819172795746
 1.5992463322354782
 0.83470609031165577
 0.36506888685045302
 -0.23788258336530968
 -0.75396512742134258
 -0.9947179686701888
 -0.87222403267404025
 -0.43121512169653153
 0.26762088016914726
 1.1274573271333386
 1.57557381581631
 0.90520569861137001
 0.79218989788241467
 -0.095773612552555232
 -0.65169172040484546
 -1.5514046127550147
 -0.9334795565583065
 -0.55644722963027093
 0.023786074093560219
 0.95253325253401155
 0.94947927516166009
 1.5310376950257969
 0.61488179360742934
 0.048325171352531254
 -0.85740580254536991
 -0.92439260064993811
 -1.5605454547083062
 -1.0721895531382961
 -0.12018508648974423
 0.75781914301526732
 1.4311973289709796
 1.5819371051215989
 0.72186998516592915
 0.19141994114471486
 -0.40893200362750154
 -0.85995193962079575
 -1.5951013922347976
 -1.2317874990129689
 -0.41865480954949758
 0.54736042063075829
 0.82093309710364448
 1.5999698510170761
 0.81386045126370754
 0.52886036676970249
 -0.27348932174976931
 -1.2442315725813804
 -0.997823225944791
 -1.365793563917693
 -0.6363154187022142
 0.32552962088418913
 0.73031198170342548
 0.99047580032517601
 0.88894197826965471
 0.74046111142811433
 -0.13236456713272088
 -0.67918101253821317
 -0.9779770926331931
 -1.471423609139386
 -0.84075580239573522
 0.060584717496686646
 0.62451774811386163
 1.5366273701500459
 0.94555465629369806
 0.58542367337733436
