# Created by Octave 8.4.0, Thu Dec 11 09:47:22 2025 IST <gamana@Samsung>
# name: iq
# type: matrix
# rows: 2048
# columns: 1
 1.6000000000000001
 1.3078594828396464
 0.336325333479365
 -0.42812692941925867
 -1.2380328641919807
 -1.5958393474565038
 -1.3708841653825465
 -0.64531547200634287
 0.19744169751515539
 1.1617674648126488
 1.5833790286129996
 1.4267791320635248
 0.46822140226296938
 -0.126277206267076
 -1.0794599269865388
 -1.5626838472910984
 -0.92203355216466776
 -0.53068550131166847
 0.054455970544694823
 0.61971144815431445
 0.95866339707144232
 0.94753482023462876
 0.94462336461493135
 0.017648480643128749
 -0.89845989908127566
 -1.497061692734752
 -1.5489730149676237
 -1.0352371151254043
 -0.089661145336106474
 0.50044297299076146
 0.9077975051441477
 0.98364649651042202
 0.70029174263479022
 0.1612074989385934
 -0.43674579739516622
 -1.4003362637290069
 -0.99406909454407066
 -0.74991820004097443
 -0.23191544205296488
 0.37077718740857579
 0.83807101776911563
 0.99932172244443662
 1.2730311537826249
 0.48226757712003088
 -0.48460837377945815
 -0.79657321781796253
 -1.5990032996191652
 -1.3395723871147742
 -0.59096226217858006
 0.23340805554780536
 1.2014921398173009
 1.5907757218952079
 1.3991467513723621
 0.69658346143808003
 -0.26035514433353851
 -0.70138649497904204
 -0.98392175803403514
 -1.4514444112676728
 -0.49911366156833592
 0.14590334067373942
 0.64819262069187789
 0.96849149417710867
 0.93512086019445517
 0.56026686158099936
 -0.030692720632091816
 -0.94660418569563576
 -1.5168388553150829
 -0.95822557211480941
 -0.98960994706451333
 -0.052923454120163547
 0.85117706439314356
 1.4762025206449945
 1.5621547671285392
 0.67352883541892117
 0.19960738160862385
 -0.75132312806823531
 -1.4278887287596094
 -1.5830241398668952
 -0.72504855459477169
 -0.19593694714062365
 0.40472606164912256
 1.3721487507852954
 0.99728780989863108
 0.77279742987957578
 0.42576039812640087
 -0.3377702626083236
 -0.81829530004591811
 -1.5999981156830194
 -1.3064434050785365
 -0.33487961217098988
 0.43049245230356209
 1.2395869245187088
 0.99750902515076378
 1.3696163510044093
 0.64306772540046753
 -0.31831357253800441
 -1.1634545058509691
 -0.98983136742132305
 -1.4256661747372563
 -0.7469835946181913
 0.1277995015959035
 1.0812711747469574
 0.97700577919626508
 0.92143835717186395
 0.84701453984479258
 -0.089581373926153132
 -0.62091521972729924
 -1.5345583423934848
 -1.5152689985238279
 -0.94264031857191455
 -0.025782350915245302
 0.56280668962743263
 1.4979264829849168
 0.96772249425417678
 1.0333635987502012
 0.088132491563609597
 -0.8028337690747156
 -0.90844011502318567
 -0.98336891810956462
 -0.69919534082601087
 -0.25550824473790507
 0.43812590268212964
 0.87595154858681679
 1.590241634363269
 1.1982432741466169
 0.23042228230537098
 -0.37220208762835455
 -1.3422517113634902
 -1.5988224461252507
 -1.2715421605637345
 -0.29995352783086127
 0.48694802899415618
 1.2760001412419637
 1.5990880770408948
 1.3382279905752121
 0.36792477034572635
 -0.23490011927419616
 -1.2031123295789876
 -1.591037145612771
 -1.397953943470734
 -0.694372006313838
 0.16423604820363752
 0.70247959528018322
 1.5747115232512838
 0.906505872236266
 0.79645307925676112
 -0.092717815718463617
 -0.64936051767992853
 -1.5501961165091867
 -0.93457595984954878
 -0.55899496658575176
 0.020717374963544161
 0.59286423571776004
 0.94851151593640592
 0.95778549015728354
 0.98767924615859148
 0.082225300863896456
 -0.53328457614273284
 -0.92321742549042496
 -1.5616220074725362
 -0.67239363004398134
 -0.19717076303546693
 0.75349024285205801
 0.89312185138248557
 1.5826655224717059
 0.72399073590500151
 0.3110907764111292
 -0.40612900000404117
 -0.85838131514628802
 -1.595477885806406
 -1.2349159990320133
 -0.26462053999945312
 0.54274303384716516
 0.81917649590739106
 1.5999924627365161
 1.3050242501255531
 0.53349296334150065
 -0.43285696120756301
 -0.7757112907044148
 -1.5961857737795515
 -0.85521581914817602
 -0.40051154007206008
 0.32071967929718814
 1.1651388064929256
 0.99004851051445419
 0.89034366212641014
 0.46550699135830681
 -0.20691439345004181
 -0.67692492230333512
 -1.563730964159789
 -1.4733455869226157
 -0.84493028253606539
 0.092032983981153144
 0.62211752879892024
 1.5352516349797323
 1.5144787156133672
 0.94065505223745149
 0.01457942004615246
 -0.90251938671410703
 -0.93674234064043382
 -1.5477353196538839
 -0.64467978024642647
 -0.13856580832666821
 0.50309805648286454
 0.90908058516580226
 1.5729424375764296
 0.69809729213516714
 0.25308388935089982
 -0.43950497600899546
 -0.87669086913002936
 -1.5899689718068784
 -0.74788412868125476
 -0.22892857982199954
 0.3736261111647376
 1.3435866327617991
 1.5987263704790462
 0.79378135772453473
 0.29848911345229245
 -0.48928653725329929
 -1.2774801284892914
 -1.5991690879766041
 -1.3368804419785105
 -0.58639561635395432
 0.37822660754836668
 1.2047296855344527
 0.99455926362965252
 1.3967578428336804
 0.69215891566839305
 -0.26519959097254148
 -1.1257136655416835
 -0.98446532786158059
 -0.90585685224972345
 -0.49645151502600482
 0.094245825128639826
 0.65052688516667745
 0.96925136938056977
 0.93402885820795134
 0.89235480789739141
 -0.022251750734397037
 -0.59409945894557603
 -0.94899651318043343
 -0.9573431522354271
 -0.61609138679793818
 -0.079772881462333828
 0.53458223094328505
 1.4780897616558093
 1.5610855695779506
 1.0740109454649969
 0.19473368004700509
 -0.75565558286782664
 -0.89381114363436787
 -1.5823031772721183
 -0.72293121193018939
 -0.19292606540949148
 0.40753098176423302
 0.85916763922364559
 1.5952915177924119
 0.77084575096264307
 0.4210243326138623
 -0.34065773071631095
 -0.82005576228364152
 -0.99998940073362763
 -1.303602021323383
 -0.53117729062208363
 0.27201278160118081
 1.2426862823635119
 1.5963533476679337
 1.3670710472743799
 0.39910480840544516
 -0.32312503063441628
 -1.1668203627713425
 -0.99026332165106024
 -0.88964386792993688
 -0.464148139626821
 0.20934909698122281
 0.67805376596341482
 1.5642489983995427
 0.92024145753600073
 0.52677752192607508
 -0.059052735788742081
 -0.99730939605961921
 -1.5359413114400731
 -0.94605304094090492
 -0.93866757028764702
 -0.013044836429979863
 0.5653412151459779
 0.9372784230159209
 1.5471110029711486
 1.0296092684762668
 0.13611930377417911
 -0.80707811567802945
 -0.90971891406343963
 -0.98280681329679409
 -0.69699759914860648
 -0.15666183615691048
 0.7054128226039994
 1.4038849995502043
 0.99355785265223451
 0.74686444945741071
 0.36389494099378439
 -0.60007880746174169
 -0.84057399342575734
 -0.99914158074923987
 -0.79284699542711268
 -0.47523839362174797
 0.30726493315548692
 1.2789571067647321
 1.5992463322354782
 1.3355297444986494
 0.36506888685045302
 -0.23788258336530968
 -1.2063442038741483
 -0.9947179686701888
 -1.3955584522784645
 -0.68994419471445045
 0.16726305010571701
 1.1274573271333386
 0.98473363488519361
 1.4483291177781921
 0.79218989788241467
 -0.095773612552555232
 -1.0427067526477527
 -1.5514046127550147
 -0.9334795565583065
 -0.55644722963027093
 0.038057718549696355
 0.59533328283375719
 0.94947927516166009
 1.5310376950257969
 0.61488179360742934
 0.077320274164050018
 -0.85740580254536991
 -1.479028161039901
 -1.5605454547083062
 -1.0721895531382961
 -0.12018508648974423
 0.47363696438454206
 0.89449833060686224
 1.5819371051215989
 1.1549919762654868
 0.19141994114471486
 -0.65429120580400246
 -0.85995193962079575
 -0.99693837014674846
 -1.2317874990129689
 -0.41865480954949758
 0.34210026289422391
 1.3134929553658312
 0.99998115688567257
 0.81386045126370754
 0.52886036676970249
 -0.43758291479963091
 -0.77764473286336266
 -0.997823225944791
 -0.85362097744855803
 -0.39769713668888385
 0.20345601305261818
 1.1684991707254808
 0.99047580032517601
 0.88894197826965471
 0.46278819464257143
 -0.21178330741235341
 -0.67918101253821317
 -0.9779770926331931
 -0.9196397557121162
 -0.52547237649733447
 0.09693554799469864
 0.99922839698217869
 1.5366273701500459
 1.512887450069917
 0.58542367337733436
 0.011510222088034565
