# Created by Octave 8.4.0, Thu Dec 11 09:47:22 2025 IST <gamana@Samsung>
# name: iq
# type: matrix
# rows: 2048
# columns: 1
 1.6000000000000001
 0.81741217677477895
 0.336325333479365
 -0.26757933088703667
 -0.7737705401199878
 -0.99739959216031482
 -1.3708841653825465
 -0.40332217000396425
 0.19744169751515539
 0.72610466550790553
 0.98961189288312468
 0.89173695753970295
 0.46822140226296938
 -0.20204353002732162
 -0.67466245436658678
 -0.97667740455693652
 -0.92203355216466776
 -0.84909680209866956
 0.087129552871511723
 0.61971144815431445
 1.5338614353143079
 0.94753482023462876
 0.94462336461493135
 0.028237569029006
 -0.89845989908127566
 -0.93566355795921996
 -0.96810813435476473
 -0.64702319695337762
 -0.14345783253777036
 0.80070875678521836
 0.9077975051441477
 0.98364649651042202
 1.1204667882156645
 0.25793199830174945
 -0.43674579739516622
 -1.4003362637290069
 -1.5905105512705131
 -1.1998691200655591
 -0.23191544205296488
 0.59324349985372127
 1.3409136284305851
 0.99932172244443662
 0.79564447111414049
 0.30141723570001927
 -0.30288023361216132
 -0.79657321781796253
 -1.5990032996191652
 -0.8372327419467338
 -0.59096226217858006
 0.37345288887648859
 1.2014921398173009
 0.99423482618450487
 0.87446671960772626
 0.43536466339879998
 -0.16272196520846155
 -0.70138649497904204
 -1.5742748128544564
 -1.4514444112676728
 -0.49911366156833592
 0.14590334067373942
 0.64819262069187789
 1.549586390683374
 1.4961933763111284
 0.89642697852959907
 -0.019182950395057383
 -0.59162761605977232
 -0.94802428457192678
 -1.5331609153836951
 -0.98960994706451333
 -0.084677526592261687
 0.85117706439314356
 1.4762025206449945
 0.97634672945533696
 1.0776461366702739
 0.1247546135053899
 -0.46957695504264702
 -1.4278887287596094
 -1.5830241398668952
 -1.1600776873516347
 -0.31349911542499787
 0.64756169863859614
 1.3721487507852954
 1.5956604958378098
 1.2364758878073214
 0.42576039812640087
 -0.3377702626083236
 -0.81829530004591811
 -1.5999981156830194
 -0.81652712817408524
 -0.33487961217098988
 0.43049245230356209
 0.77474182782419287
 1.5960144402412222
 0.85601021937775568
 0.64306772540046753
 -0.31831357253800441
 -1.1634545058509691
 -0.98983136742132305
 -0.8910413592107852
 -0.46686474663636957
 0.20447920255344562
 1.0812711747469574
 1.5632092467140242
 0.92143835717186395
 0.52938408740299536
 -0.089581373926153132
 -0.99346435156367885
 -0.95909896399592787
 -1.5152689985238279
 -0.94264031857191455
 -0.025782350915245302
 0.90049070340389226
 1.4979264829849168
 1.5483559908066828
 0.64585224921887574
 0.14101198650177535
 -0.8028337690747156
 -1.4535041840370972
 -0.98336891810956462
 -1.1187125453216173
 -0.25550824473790507
 0.70100144429140743
 1.401522477738907
 0.99390102147704307
 1.1982432741466169
 0.36867565168859362
 -0.59552334020536735
 -1.3422517113634902
 -1.5988224461252507
 -1.2715421605637345
 -0.47992564452937803
 0.48694802899415618
 0.79750008827622731
 1.5990880770408948
 1.3382279905752121
 0.36792477034572635
 -0.37584019083871389
 -0.7519452059868672
 -1.591037145612771
 -1.397953943470734
 -0.694372006313838
 0.16423604820363752
 0.70247959528018322
 0.98419470203205239
 0.906505872236266
 0.79645307925676112
 -0.092717815718463617
 -0.64936051767992853
 -0.96887257281824157
 -0.93457595984954878
 -0.89439194653720289
 0.033147799941670657
 0.9485827771484161
 0.94851151593640592
 1.5324567842516537
 0.98767924615859148
 0.051390813039935278
 -0.53328457614273284
 -0.92321742549042496
 -0.97601375467033502
 -0.67239363004398134
 -0.12323172689716683
 0.75349024285205801
 1.4289949622119771
 0.98916595154481612
 0.72399073590500151
 0.3110907764111292
 -0.40612900000404117
 -1.373410104234061
 -1.595477885806406
 -0.77182249939500824
 -0.42339286399912501
 0.54274303384716516
 1.3106823934518257
 0.99999528921032244
 0.81564015632847064
 0.3334331020884379
 -0.43285696120756301
 -0.7757112907044148
 -0.99761610861221961
 -1.3683453106370818
 -0.40051154007206008
 0.32071967929718814
 1.1651388064929256
 0.99004851051445419
 1.4245498594022563
 0.7448111861732909
 -0.20691439345004181
 -1.0830798756853361
 -1.563730964159789
 -1.4733455869226157
 -0.52808142658504087
 0.092032983981153144
 0.99538804607827247
 1.5352516349797323
 1.5144787156133672
 0.58790940764840716
 0.01457942004615246
 -0.56407461669631687
 -0.93674234064043382
 -0.96733457478367735
 -0.64467978024642647
 -0.13856580832666821
 0.50309805648286454
 1.4545289362652838
 0.98308902348526839
 0.69809729213516714
 0.15817743084431238
 -0.43950497600899546
 -0.87669086913002936
 -0.99373060737929897
 -0.74788412868125476
 -0.22892857982199954
 0.3736261111647376
 0.8397416454761244
 0.99920398154940382
 0.79378135772453473
 0.29848911345229245
 -0.30580408578331203
 -0.79842508030580706
 -0.99948067998537748
 -1.3368804419785105
 -0.58639561635395432
 0.23639162971772915
 0.75295605345903283
 1.5912948218074441
 1.3967578428336804
 0.43259932229274561
 -0.26519959097254148
 -1.1257136655416835
 -0.98446532786158059
 -0.90585685224972345
 -0.49645151502600482
 0.15079332020582373
 1.040843016266684
 1.5508021910089118
 1.4944461731327223
 0.89235480789739141
 -0.03560280117503526
 -0.95055913431292172
 -0.94899651318043343
 -0.9573431522354271
 -0.98574621887670111
 -0.079772881462333828
 0.85533156950925615
 1.4780897616558093
 1.5610855695779506
 0.67125684091562299
 0.19473368004700509
 -0.75565558286782664
 -0.89381114363436787
 -1.5823031772721183
 -1.156689939088303
 -0.19292606540949148
 0.40753098176423302
 0.85916763922364559
 1.5952915177924119
 0.77084575096264307
 0.26314020788366393
 -0.54505236914609756
 -1.3120892196538265
 -0.99998940073362763
 -1.303602021323383
 -0.33198580663880228
 0.43522045056188929
 0.77667892647719483
 1.5963533476679337
 1.3670710472743799
 0.63856769344871234
 -0.20195314414651017
 -1.1668203627713425
 -1.5844213146416966
 -0.88964386792993688
 -0.464148139626821
 0.20934909698122281
 1.0848860255414638
 1.5642489983995427
 0.92024145753600073
 0.52677752192607508
 -0.059052735788742081
 -0.62331837253726197
 -1.5359413114400731
 -0.94605304094090492
 -0.58666723142977939
 -0.013044836429979863
 0.90454594423356471
 0.9372784230159209
 1.5471110029711486
 1.0296092684762668
 0.085074564858861945
 -0.50442382229876837
 -0.90971891406343963
 -1.5724909012748707
 -0.69699759914860648
 -0.25065893785105681
 0.7054128226039994
 1.4038849995502043
 0.99355785265223451
 1.1949831191318572
 0.36389494099378439
 -0.60007880746174169
 -0.84057399342575734
 -0.99914158074923987
 -1.2685551926833805
 -0.47523839362174797
 0.30726493315548692
 1.2789571067647321
 0.99952895764717375
 1.3355297444986494
 0.5841102189607249
 -0.23788258336530968
 -0.75396512742134258
 -0.9947179686701888
 -1.3955584522784645
 -0.68994419471445045
 0.16726305010571701
 1.1274573271333386
 1.57557381581631
 1.4483291177781921
 0.49511868617650917
 -0.095773612552555232
 -0.65169172040484546
 -1.5514046127550147
 -1.4935672904932904
 -0.89031556740843354
 0.038057718549696355
 0.95253325253401155
 0.94947927516166009
 1.5310376950257969
 0.61488179360742934
 0.048325171352531254
 -0.53587862659085617
 -1.479028161039901
 -0.97534090919269134
 -0.67011847071143504
 -0.12018508648974423
 0.47363696438454206
 1.4311973289709796
 1.5819371051215989
 0.72186998516592915
 0.30627190583154379
 -0.65429120580400246
 -0.85995193962079575
 -0.99693837014674846
 -0.76986718688310551
 -0.41865480954949758
 0.34210026289422391
 1.3134929553658312
 0.99998115688567257
 1.3021767220219322
 0.33053772923106406
 -0.27348932174976931
 -0.77764473286336266
 -1.5965171615116658
 -1.365793563917693
 -0.39769713668888385
 0.32552962088418913
 0.73031198170342548
 0.99047580032517601
 0.88894197826965471
 0.74046111142811433
 -0.21178330741235341
 -1.0866896200611411
 -1.5647633482131091
 -0.9196397557121162
 -0.84075580239573522
 0.09693554799469864
 0.99922839698217869
 1.5366273701500459
 0.94555465629369806
 0.58542367337733436
 0.011510222088034565
