# Created by Octave 8.4.0, Thu Dec 11 09:47:22 2025 IST <gamana@Samsung>
# name: iq
# type: matrix
# rows: 2048
# columns: 1
 1
 0.81741217677477895
 0.336325333479365
 -0.42812692941925867
 -0.7737705401199878
 -1.5958393474565038
 -1.3708841653825465
 -0.64531547200634287
 0.19744169751515539
 0.72610466550790553
 1.5833790286129996
 1.4267791320635248
 0.749154243620751
 -0.20204353002732162
 -1.0794599269865388
 -1.5626838472910984
 -1.4752536834634684
 -0.53068550131166847
 0.087129552871511723
 0.99153831704690321
 1.5338614353143079
 1.5160557123754062
 0.59038960288433207
 0.028237569029006
 -0.56153743692579727
 -1.497061692734752
 -0.96810813435476473
 -1.0352371151254043
 -0.089661145336106474
 0.50044297299076146
 0.9077975051441477
 1.5738343944166753
 1.1204667882156645
 0.25793199830174945
 -0.43674579739516622
 -0.8752101648306293
 -0.99406909454407066
 -0.74991820004097443
 -0.37106470728474383
 0.59324349985372127
 0.83807101776911563
 1.5989147559110988
 0.79564447111414049
 0.30141723570001927
 -0.30288023361216132
 -0.79657321781796253
 -1.5990032996191652
 -1.3395723871147742
 -0.36935141386161252
 0.23340805554780536
 1.2014921398173009
 0.99423482618450487
 0.87446671960772626
 0.69658346143808003
 -0.26035514433353851
 -1.1222183919664672
 -0.98392175803403514
 -1.4514444112676728
 -0.49911366156833592
 0.14590334067373942
 0.64819262069187789
 1.549586390683374
 1.4961933763111284
 0.89642697852959907
 -0.019182950395057383
 -0.94660418569563576
 -1.5168388553150829
 -1.5331609153836951
 -0.61850621691532082
 -0.084677526592261687
 0.85117706439314356
 0.92262657540312143
 0.97634672945533696
 1.0776461366702739
 0.1247546135053899
 -0.46957695504264702
 -1.4278887287596094
 -0.98939008741680945
 -1.1600776873516347
 -0.19593694714062365
 0.64756169863859614
 1.3721487507852954
 0.99728780989863108
 0.77279742987957578
 0.42576039812640087
 -0.3377702626083236
 -1.309272480073469
 -0.99999882230188708
 -0.81652712817408524
 -0.53580737947358381
 0.43049245230356209
 1.2395869245187088
 1.5960144402412222
 0.85601021937775568
 0.40191732837529215
 -0.19894598283625273
 -0.72715906615685566
 -0.98983136742132305
 -0.8910413592107852
 -0.46686474663636957
 0.20447920255344562
 1.0812711747469574
 1.5632092467140242
 1.4743013714749824
 0.52938408740299536
 -0.055988358703845706
 -0.99346435156367885
 -1.5345583423934848
 -0.94704312407739244
 -0.58915019910744659
 -0.016113969322028313
 0.56280668962743263
 0.93620405186557298
 1.5483559908066828
 1.0333635987502012
 0.14101198650177535
 -0.50177110567169725
 -1.4535041840370972
 -1.5733902689753034
 -1.1187125453216173
 -0.15969265296119067
 0.70100144429140743
 1.401522477738907
 0.99390102147704307
 1.1982432741466169
 0.36867565168859362
 -0.59552334020536735
 -0.83890731960218134
 -1.5988224461252507
 -1.2715421605637345
 -0.47992564452937803
 0.48694802899415618
 0.79750008827622731
 1.5990880770408948
 1.3382279905752121
 0.58867963255316214
 -0.23490011927419616
 -0.7519452059868672
 -0.99439821600798184
 -1.397953943470734
 -0.694372006313838
 0.16423604820363752
 1.1239673524482932
 1.5747115232512838
 1.4504093955780257
 0.49778317453547566
 -0.092717815718463617
 -0.64936051767992853
 -0.96887257281824157
 -1.4953215357592782
 -0.55899496658575176
 0.033147799941670657
 0.59286423571776004
 0.94851151593640592
 1.5324567842516537
 0.98767924615859148
 0.051390813039935278
 -0.53328457614273284
 -1.4771478807846801
 -1.5616220074725362
 -1.0758298080703701
 -0.19717076303546693
 0.47093140178253623
 0.89312185138248557
 0.98916595154481612
 0.72399073590500151
 0.19443173525695573
 -0.40612900000404117
 -1.373410104234061
 -1.595477885806406
 -0.77182249939500824
 -0.26462053999945312
 0.54274303384716516
 0.81917649590739106
 1.5999924627365161
 0.81564015632847064
 0.3334331020884379
 -0.27053560075472688
 -0.7757112907044148
 -0.99761610861221961
 -0.85521581914817602
 -0.64081846411529619
 0.20044979956074258
 1.1651388064929256
 1.5840776168231268
 0.89034366212641014
 0.7448111861732909
 -0.12932149590627612
 -1.0830798756853361
 -0.97733185259986799
 -0.92084099182663481
 -0.84493028253606539
 0.092032983981153144
 0.62211752879892024
 0.95953227186233259
 0.9465491972583544
 0.94065505223745149
 0.023327072073843935
 -0.90251938671410703
 -0.93674234064043382
 -1.5477353196538839
 -1.0314876483942823
 -0.13856580832666821
 0.80495689037258333
 0.90908058516580226
 0.98308902348526839
 1.1169556674162675
 0.25308388935089982
 -0.70320796161439281
 -0.87669086913002936
 -1.5899689718068784
 -1.1966146058900076
 -0.36628572771519929
 0.3736261111647376
 0.8397416454761244
 1.5987263704790462
 0.79378135772453473
 0.29848911345229245
 -0.30580408578331203
 -0.79842508030580706
 -1.5991690879766041
 -1.3368804419785105
 -0.58639561635395432
 0.23639162971772915
 1.2047296855344527
 1.5912948218074441
 0.87297365177105024
 0.69215891566839305
 -0.26519959097254148
 -1.1257136655416835
 -0.98446532786158059
 -1.4493709635995575
 -0.7943224240416078
 0.094245825128639826
 0.65052688516667745
 1.5508021910089118
 0.93402885820795134
 0.55772175493586962
 -0.022251750734397037
 -0.59409945894557603
 -1.5183944210886935
 -0.9573431522354271
 -0.61609138679793818
 -0.079772881462333828
 0.53458223094328505
 1.4780897616558093
 1.5610855695779506
 1.0740109454649969
 0.19473368004700509
 -0.75565558286782664
 -1.4300978298149887
 -1.5823031772721183
 -0.72293121193018939
 -0.30868170465518641
 0.40753098176423302
 1.3746682227578331
 0.99705719862025732
 0.77084575096264307
 0.26314020788366393
 -0.34065773071631095
 -1.3120892196538265
 -0.99998940073362763
 -1.303602021323383
 -0.53117729062208363
 0.27201278160118081
 1.2426862823635119
 1.5963533476679337
 0.85441940454648735
 0.39910480840544516
 -0.32312503063441628
 -0.72926272673208903
 -0.99026332165106024
 -1.4234301886878991
 -0.7426370234029136
 0.20934909698122281
 0.67805376596341482
 0.97765562399971406
 0.92024145753600073
 0.84284403508172012
 -0.094484377261987329
 -0.62331837253726197
 -0.95996331965004555
 -1.513684865505448
 -0.58666723142977939
 -0.020871738287967782
 0.5653412151459779
 1.4996454768254734
 0.96694437685696777
 1.0296092684762668
 0.085074564858861945
 -0.80707811567802945
 -0.90971891406343963
 -0.98280681329679409
 -0.69699759914860648
 -0.25065893785105681
 0.44088301412749958
 0.87742812471887766
 0.99355785265223451
 0.74686444945741071
 0.36389494099378439
 -0.60007880746174169
 -0.84057399342575734
 -0.99914158074923987
 -0.79284699542711268
 -0.47523839362174797
 0.49162389304877907
 0.79934819172795746
 1.5992463322354782
 1.3355297444986494
 0.5841102189607249
 -0.38061213338449551
 -1.2063442038741483
 -1.5915487498723022
 -1.3955584522784645
 -0.43121512169653153
 0.26762088016914726
 1.1274573271333386
 1.57557381581631
 1.4483291177781921
 0.49511868617650917
 -0.15323778008408839
 -1.0427067526477527
 -1.5514046127550147
 -0.9334795565583065
 -0.55644722963027093
 0.023786074093560219
 0.59533328283375719
 1.5191668402586562
 1.5310376950257969
 0.98381086977188703
 0.048325171352531254
 -0.85740580254536991
 -1.479028161039901
 -0.97534090919269134
 -0.67011847071143504
 -0.12018508648974423
 0.47363696438454206
 0.89449833060686224
 1.5819371051215989
 0.72186998516592915
 0.30627190583154379
 -0.40893200362750154
 -1.3759231033932733
 -1.5951013922347976
 -1.2317874990129689
 -0.26165925596843598
 0.54736042063075829
 0.82093309710364448
 0.99998115688567257
 1.3021767220219322
 0.52886036676970249
 -0.27348932174976931
 -0.77764473286336266
 -1.5965171615116658
 -0.85362097744855803
 -0.6363154187022142
 0.20345601305261818
 1.1684991707254808
 0.99047580032517601
 1.4223071652314476
 0.74046111142811433
 -0.21178330741235341
 -0.67918101253821317
 -0.9779770926331931
 -1.471423609139386
 -0.84075580239573522
 0.09693554799469864
 0.99922839698217869
 0.96039210634377858
 0.94555465629369806
 0.93667787740373498
 0.018416355340855305
 -0.90657037118891926
