# Created by Octave 8.4.0, Thu Dec 11 09:47:22 2025 IST <gamana@Samsung>
# name: iq
# type: matrix
# rows: 2048
# columns: 1
 1
 1.3078594828396464
 0.336325333479365
 -0.26757933088703667
 -0.7737705401199878
 -0.99739959216031482
 -1.3708841653825465
 -0.40332217000396425
 0.19744169751515539
 0.72610466550790553
 1.5833790286129996
 1.4267791320635248
 0.749154243620751
 -0.20204353002732162
 -1.0794599269865388
 -1.5626838472910984
 -1.4752536834634684
 -0.53068550131166847
 0.087129552871511723
 0.99153831704690321
 0.95866339707144232
 1.5160557123754062
 0.59038960288433207
 0.028237569029006
 -0.89845989908127566
 -0.93566355795921996
 -0.96810813435476473
 -0.64702319695337762
 -0.089661145336106474
 0.50044297299076146
 1.4524760082306365
 0.98364649651042202
 0.70029174263479022
 0.25793199830174945
 -0.43674579739516622
 -1.4003362637290069
 -1.5905105512705131
 -0.74991820004097443
 -0.23191544205296488
 0.37077718740857579
 0.83807101776911563
 0.99932172244443662
 0.79564447111414049
 0.48226757712003088
 -0.30288023361216132
 -1.2745171485087401
 -0.9993770622619782
 -1.3395723871147742
 -0.59096226217858006
 0.37345288887648859
 0.75093258738581303
 0.99423482618450487
 1.3991467513723621
 0.69658346143808003
 -0.26035514433353851
 -0.70138649497904204
 -0.98392175803403514
 -1.4514444112676728
 -0.79858185850933749
 0.091189587921087126
 0.64819262069187789
 1.549586390683374
 1.4961933763111284
 0.56026686158099936
 -0.030692720632091816
 -0.94660418569563576
 -1.5168388553150829
 -0.95822557211480941
 -0.98960994706451333
 -0.084677526592261687
 0.85117706439314356
 0.92262657540312143
 0.97634672945533696
 0.67352883541892117
 0.1247546135053899
 -0.46957695504264702
 -1.4278887287596094
 -0.98939008741680945
 -1.1600776873516347
 -0.19593694714062365
 0.64756169863859614
 1.3721487507852954
 0.99728780989863108
 0.77279742987957578
 0.42576039812640087
 -0.3377702626083236
 -0.81829530004591811
 -1.5999981156830194
 -1.3064434050785365
 -0.33487961217098988
 0.2690577826897263
 1.2395869245187088
 0.99750902515076378
 1.3696163510044093
 0.64306772540046753
 -0.31831357253800441
 -1.1634545058509691
 -0.98983136742132305
 -0.8910413592107852
 -0.7469835946181913
 0.20447920255344562
 0.6757944842168484
 1.5632092467140242
 0.92143835717186395
 0.84701453984479258
 -0.089581373926153132
 -0.62091521972729924
 -1.5345583423934848
 -0.94704312407739244
 -0.58915019910744659
 -0.025782350915245302
 0.90049070340389226
 1.4979264829849168
 0.96772249425417678
 1.0333635987502012
 0.088132491563609597
 -0.8028337690747156
 -0.90844011502318567
 -0.98336891810956462
 -0.69919534082601087
 -0.25550824473790507
 0.70100144429140743
 0.87595154858681679
 1.590241634363269
 1.1982432741466169
 0.23042228230537098
 -0.59552334020536735
 -1.3422517113634902
 -0.99926402882828158
 -0.79471385035233399
 -0.29995352783086127
 0.48694802899415618
 0.79750008827622731
 1.5990880770408948
 1.3382279905752121
 0.58867963255316214
 -0.23490011927419616
 -0.7519452059868672
 -0.99439821600798184
 -0.87372121466920871
 -0.43398250394614873
 0.16423604820363752
 1.1239673524482932
 1.5747115232512838
 1.4504093955780257
 0.49778317453547566
 -0.092717815718463617
 -0.64936051767992853
 -1.5501961165091867
 -0.93457595984954878
 -0.55899496658575176
 0.020717374963544161
 0.59286423571776004
 0.94851151593640592
 1.5324567842516537
 0.61729952884911965
 0.051390813039935278
 -0.8532553218283726
 -0.92321742549042496
 -1.5616220074725362
 -1.0758298080703701
 -0.19717076303546693
 0.75349024285205801
 1.4289949622119771
 1.5826655224717059
 0.72399073590500151
 0.3110907764111292
 -0.40612900000404117
 -1.373410104234061
 -0.99717367862900375
 -1.2349159990320133
 -0.26462053999945312
 0.33921439615447818
 1.3106823934518257
 1.5999924627365161
 1.3050242501255531
 0.3334331020884379
 -0.27053560075472688
 -1.2411380651270638
 -0.99761610861221961
 -1.3683453106370818
 -0.40051154007206008
 0.20044979956074258
 0.72821175405807848
 0.99004851051445419
 1.4245498594022563
 0.7448111861732909
 -0.20691439345004181
 -1.0830798756853361
 -0.97733185259986799
 -0.92084099182663481
 -0.52808142658504087
 0.092032983981153144
 0.62211752879892024
 1.5352516349797323
 1.5144787156133672
 0.58790940764840716
 0.023327072073843935
 -0.56407461669631687
 -0.93674234064043382
 -0.96733457478367735
 -1.0314876483942823
 -0.086603630204167628
 0.50309805648286454
 0.90908058516580226
 0.98308902348526839
 0.69809729213516714
 0.25308388935089982
 -0.43950497600899546
 -1.4027053906080471
 -1.5899689718068784
 -0.74788412868125476
 -0.36628572771519929
 0.3736261111647376
 0.8397416454761244
 0.99920398154940382
 1.2700501723592557
 0.29848911345229245
 -0.48928653725329929
 -1.2774801284892914
 -1.5991690879766041
 -1.3368804419785105
 -0.58639561635395432
 0.23639162971772915
 1.2047296855344527
 1.5912948218074441
 0.87297365177105024
 0.69215891566839305
 -0.26519959097254148
 -0.70357104096355216
 -0.98446532786158059
 -1.4493709635995575
 -0.7943224240416078
 0.094245825128639826
 0.65052688516667745
 0.96925136938056977
 0.93402885820795134
 0.55772175493586962
 -0.022251750734397037
 -0.59409945894557603
 -0.94899651318043343
 -1.5317490435766834
 -0.61609138679793818
 -0.049858050913958639
 0.85533156950925615
 0.9238061010348807
 0.97567848098621912
 0.67125684091562299
 0.12170855002937817
 -0.47228473929239162
 -0.89381114363436787
 -0.98893948579507385
 -1.156689939088303
 -0.30868170465518641
 0.65204957082277293
 0.85916763922364559
 1.5952915177924119
 1.2333532015402291
 0.4210243326138623
 -0.34065773071631095
 -1.3120892196538265
 -0.99998940073362763
 -1.303602021323383
 -0.33198580663880228
 0.27201278160118081
 1.2426862823635119
 0.9977208422924585
 0.85441940454648735
 0.63856769344871234
 -0.20195314414651017
 -0.72926272673208903
 -1.5844213146416966
 -1.4234301886878991
 -0.7426370234029136
 0.13084318561326425
 0.67805376596341482
 1.5642489983995427
 1.4723863320576012
 0.84284403508172012
 -0.059052735788742081
 -0.99730939605961921
 -1.5359413114400731
 -1.513684865505448
 -0.93866757028764702
 -0.020871738287967782
 0.90454594423356471
 0.9372784230159209
 0.96694437685696777
 0.64350579279766673
 0.085074564858861945
 -0.50442382229876837
 -1.4555502625015035
 -0.98280681329679409
 -0.69699759914860648
 -0.15666183615691048
 0.7054128226039994
 0.87742812471887766
 1.5896925642435753
 1.1949831191318572
 0.22743433812111521
 -0.37504925466358852
 -0.84057399342575734
 -0.99914158074923987
 -1.2685551926833805
 -0.47523839362174797
 0.30726493315548692
 0.79934819172795746
 1.5992463322354782
 0.83470609031165577
 0.36506888685045302
 -0.38061213338449551
 -1.2063442038741483
 -1.5915487498723022
 -1.3955584522784645
 -0.43121512169653153
 0.16726305010571701
 0.70466082945833652
 1.57557381581631
 1.4483291177781921
 0.49511868617650917
 -0.095773612552555232
 -1.0427067526477527
 -0.96962788297188418
 -1.4935672904932904
 -0.89031556740843354
 0.038057718549696355
 0.95253325253401155
 0.94947927516166009
 1.5310376950257969
 0.61488179360742934
 0.077320274164050018
 -0.53587862659085617
 -1.479028161039901
 -0.97534090919269134
 -1.0721895531382961
 -0.12018508648974423
 0.47363696438454206
 1.4311973289709796
 1.5819371051215989
 0.72186998516592915
 0.19141994114471486
 -0.65429120580400246
 -1.3759231033932733
 -1.5951013922347976
 -0.76986718688310551
 -0.26165925596843598
 0.34210026289422391
 0.82093309710364448
 0.99998115688567257
 0.81386045126370754
 0.33053772923106406
 -0.27348932174976931
 -1.2442315725813804
 -0.997823225944791
 -0.85362097744855803
 -0.39769713668888385
 0.20345601305261818
 1.1684991707254808
 0.99047580032517601
 0.88894197826965471
 0.74046111142811433
 -0.13236456713272088
 -1.0866896200611411
 -1.5647633482131091
 -1.471423609139386
 -0.84075580239573522
 0.09693554799469864
 0.99922839698217869
 1.5366273701500459
 1.512887450069917
 0.58542367337733436
 0.011510222088034565
