# Created by Octave 8.4.0, Thu Dec 11 09:47:22 2025 IST <gamana@Samsung>
# name: iq
# type: matrix
# rows: 2048
# columns: 1
 1.6000000000000001
 1.3078594828396464
 0.336325333479365
 -0.26757933088703667
 -1.2380328641919807
 -0.99739959216031482
 -1.3708841653825465
 -0.40332217000396425
 0.19744169751515539
 0.72610466550790553
 1.5833790286129996
 0.89173695753970295
 0.46822140226296938
 -0.126277206267076
 -0.67466245436658678
 -0.97667740455693652
 -0.92203355216466776
 -0.84909680209866956
 0.087129552871511723
 0.99153831704690321
 0.95866339707144232
 0.94753482023462876
 0.59038960288433207
 0.028237569029006
 -0.56153743692579727
 -0.93566355795921996
 -0.96810813435476473
 -1.0352371151254043
 -0.089661145336106474
 0.80070875678521836
 1.4524760082306365
 1.5738343944166753
 0.70029174263479022
 0.25793199830174945
 -0.69879327583226603
 -1.4003362637290069
 -1.5905105512705131
 -1.1998691200655591
 -0.23191544205296488
 0.59324349985372127
 0.83807101776911563
 1.5989147559110988
 0.79564447111414049
 0.48226757712003088
 -0.30288023361216132
 -1.2745171485087401
 -0.9993770622619782
 -0.8372327419467338
 -0.36935141386161252
 0.37345288887648859
 0.75093258738581303
 1.5907757218952079
 0.87446671960772626
 0.69658346143808003
 -0.16272196520846155
 -0.70138649497904204
 -1.5742748128544564
 -0.90715275704229548
 -0.79858185850933749
 0.091189587921087126
 0.64819262069187789
 1.549586390683374
 0.93512086019445517
 0.56026686158099936
 -0.030692720632091816
 -0.59162761605977232
 -0.94802428457192678
 -1.5331609153836951
 -0.98960994706451333
 -0.052923454120163547
 0.85117706439314356
 1.4762025206449945
 0.97634672945533696
 0.67352883541892117
 0.19960738160862385
 -0.46957695504264702
 -1.4278887287596094
 -0.98939008741680945
 -1.1600776873516347
 -0.31349911542499787
 0.40472606164912256
 0.85759296924080952
 0.99728780989863108
 0.77279742987957578
 0.42576039812640087
 -0.3377702626083236
 -0.81829530004591811
 -1.5999981156830194
 -0.81652712817408524
 -0.33487961217098988
 0.2690577826897263
 1.2395869245187088
 0.99750902515076378
 0.85601021937775568
 0.64306772540046753
 -0.31831357253800441
 -1.1634545058509691
 -0.98983136742132305
 -1.4256661747372563
 -0.46686474663636957
 0.1277995015959035
 1.0812711747469574
 1.5632092467140242
 0.92143835717186395
 0.84701453984479258
 -0.055988358703845706
 -0.99346435156367885
 -0.95909896399592787
 -0.94704312407739244
 -0.94264031857191455
 -0.016113969322028313
 0.90049070340389226
 0.93620405186557298
 0.96772249425417678
 1.0333635987502012
 0.088132491563609597
 -0.50177110567169725
 -1.4535041840370972
 -0.98336891810956462
 -0.69919534082601087
 -0.25550824473790507
 0.43812590268212964
 1.401522477738907
 0.99390102147704307
 1.1982432741466169
 0.36867565168859362
 -0.37220208762835455
 -1.3422517113634902
 -0.99926402882828158
 -0.79471385035233399
 -0.29995352783086127
 0.48694802899415618
 0.79750008827622731
 0.99943004815055925
 0.83639249410950756
 0.36792477034572635
 -0.37584019083871389
 -0.7519452059868672
 -1.591037145612771
 -0.87372121466920871
 -0.43398250394614873
 0.16423604820363752
 0.70247959528018322
 0.98419470203205239
 0.906505872236266
 0.79645307925676112
 -0.092717815718463617
 -1.0389768282878857
 -0.96887257281824157
 -1.4953215357592782
 -0.89439194653720289
 0.020717374963544161
 0.59286423571776004
 1.5176184254982497
 0.95778549015728354
 0.61729952884911965
 0.082225300863896456
 -0.8532553218283726
 -1.4771478807846801
 -1.5616220074725362
 -0.67239363004398134
 -0.12323172689716683
 0.47093140178253623
 0.89312185138248557
 0.98916595154481612
 1.1583851774480025
 0.3110907764111292
 -0.40612900000404117
 -1.373410104234061
 -0.99717367862900375
 -1.2349159990320133
 -0.42339286399912501
 0.54274303384716516
 0.81917649590739106
 1.5999924627365161
 0.81564015632847064
 0.3334331020884379
 -0.27053560075472688
 -1.2411380651270638
 -1.5961857737795515
 -1.3683453106370818
 -0.40051154007206008
 0.20044979956074258
 1.1651388064929256
 1.5840776168231268
 0.89034366212641014
 0.7448111861732909
 -0.20691439345004181
 -1.0830798756853361
 -1.563730964159789
 -0.92084099182663481
 -0.84493028253606539
 0.092032983981153144
 0.62211752879892024
 0.95953227186233259
 0.9465491972583544
 0.58790940764840716
 0.01457942004615246
 -0.56407461669631687
 -0.93674234064043382
 -1.5477353196538839
 -1.0314876483942823
 -0.13856580832666821
 0.80495689037258333
 1.4545289362652838
 1.5729424375764296
 0.69809729213516714
 0.15817743084431238
 -0.43950497600899546
 -0.87669086913002936
 -0.99373060737929897
 -1.1966146058900076
 -0.36628572771519929
 0.3736261111647376
 1.3435866327617991
 0.99920398154940382
 0.79378135772453473
 0.29848911345229245
 -0.48928653725329929
 -1.2774801284892914
 -1.5991690879766041
 -0.83555027623656908
 -0.36649726022122142
 0.23639162971772915
 1.2047296855344527
 0.99455926362965252
 1.3967578428336804
 0.69215891566839305
 -0.26519959097254148
 -0.70357104096355216
 -0.98446532786158059
 -1.4493709635995575
 -0.49645151502600482
 0.15079332020582373
 1.040843016266684
 1.5508021910089118
 1.4944461731327223
 0.55772175493586962
 -0.022251750734397037
 -0.59409945894557603
 -1.5183944210886935
 -1.5317490435766834
 -0.61609138679793818
 -0.049858050913958639
 0.85533156950925615
 0.9238061010348807
 1.5610855695779506
 0.67125684091562299
 0.19473368004700509
 -0.47228473929239162
 -1.4300978298149887
 -0.98893948579507385
 -1.156689939088303
 -0.30868170465518641
 0.65204957082277293
 0.85916763922364559
 0.99705719862025732
 1.2333532015402291
 0.4210243326138623
 -0.54505236914609756
 -0.82005576228364152
 -0.99998940073362763
 -1.303602021323383
 -0.53117729062208363
 0.43522045056188929
 1.2426862823635119
 1.5963533476679337
 1.3670710472743799
 0.63856769344871234
 -0.32312503063441628
 -0.72926272673208903
 -1.5844213146416966
 -0.88964386792993688
 -0.7426370234029136
 0.20934909698122281
 1.0848860255414638
 0.97765562399971406
 0.92024145753600073
 0.52677752192607508
 -0.094484377261987329
 -0.62331837253726197
 -0.95996331965004555
 -1.513684865505448
 -0.93866757028764702
 -0.020871738287967782
 0.90454594423356471
 1.4996454768254734
 0.96694437685696777
 0.64350579279766673
 0.13611930377417911
 -0.80707811567802945
 -1.4555502625015035
 -0.98280681329679409
 -1.1151961586377703
 -0.25065893785105681
 0.7054128226039994
 0.87742812471887766
 0.99355785265223451
 0.74686444945741071
 0.22743433812111521
 -0.60007880746174169
 -0.84057399342575734
 -0.99914158074923987
 -0.79284699542711268
 -0.47523839362174797
 0.49162389304877907
 0.79934819172795746
 0.99952895764717375
 1.3355297444986494
 0.36506888685045302
 -0.38061213338449551
 -1.2063442038741483
 -0.9947179686701888
 -1.3955584522784645
 -0.43121512169653153
 0.16726305010571701
 1.1274573271333386
 1.57557381581631
 1.4483291177781921
 0.49511868617650917
 -0.095773612552555232
 -0.65169172040484546
 -0.96962788297188418
 -0.9334795565583065
 -0.89031556740843354
 0.023786074093560219
 0.95253325253401155
 1.5191668402586562
 1.5310376950257969
 0.98381086977188703
 0.077320274164050018
 -0.85740580254536991
 -1.479028161039901
 -0.97534090919269134
 -1.0721895531382961
 -0.19229613838359078
 0.75781914301526732
 0.89449833060686224
 0.98871069070099926
 0.72186998516592915
 0.30627190583154379
 -0.40893200362750154
 -1.3759231033932733
 -0.99693837014674846
 -1.2317874990129689
 -0.41865480954949758
 0.34210026289422391
 0.82093309710364448
 1.5999698510170761
 0.81386045126370754
 0.52886036676970249
 -0.43758291479963091
 -1.2442315725813804
 -0.997823225944791
 -0.85362097744855803
 -0.39769713668888385
 0.20345601305261818
 1.1684991707254808
 1.5847612805202818
 0.88894197826965471
 0.46278819464257143
 -0.21178330741235341
 -1.0866896200611411
 -1.5647633482131091
 -0.9196397557121162
 -0.84075580239573522
 0.060584717496686646
 0.99922839698217869
 0.96039210634377858
 0.94555465629369806
 0.93667787740373498
