# Created by Octave 8.4.0, Thu Dec 11 09:47:22 2025 IST <gamana@Samsung>
# name: iq
# type: matrix
# rows: 2048
# columns: 1
 1.6000000000000001
 0.81741217677477895
 0.336325333479365
 -0.26757933088703667
 -0.7737705401199878
 -1.5958393474565038
 -0.85680260336409153
 -0.64531547200634287
 0.19744169751515539
 1.1617674648126488
 0.98961189288312468
 1.4267791320635248
 0.749154243620751
 -0.20204353002732162
 -0.67466245436658678
 -0.97667740455693652
 -1.4752536834634684
 -0.53068550131166847
 0.087129552871511723
 0.99153831704690321
 1.5338614353143079
 0.94753482023462876
 0.59038960288433207
 0.017648480643128749
 -0.89845989908127566
 -0.93566355795921996
 -0.96810813435476473
 -0.64702319695337762
 -0.14345783253777036
 0.50044297299076146
 0.9077975051441477
 0.98364649651042202
 1.1204667882156645
 0.1612074989385934
 -0.69879327583226603
 -0.8752101648306293
 -0.99406909454407066
 -1.1998691200655591
 -0.37106470728474383
 0.59324349985372127
 1.3409136284305851
 1.5989147559110988
 0.79564447111414049
 0.30141723570001927
 -0.48460837377945815
 -0.79657321781796253
 -0.9993770622619782
 -1.3395723871147742
 -0.36935141386161252
 0.23340805554780536
 1.2014921398173009
 1.5907757218952079
 1.3991467513723621
 0.43536466339879998
 -0.26035514433353851
 -1.1222183919664672
 -0.98392175803403514
 -1.4514444112676728
 -0.49911366156833592
 0.14590334067373942
 1.0371081931070047
 0.96849149417710867
 0.93512086019445517
 0.56026686158099936
 -0.019182950395057383
 -0.94660418569563576
 -1.5168388553150829
 -0.95822557211480941
 -0.98960994706451333
 -0.084677526592261687
 0.53198566524571467
 1.4762025206449945
 0.97634672945533696
 1.0776461366702739
 0.1247546135053899
 -0.75132312806823531
 -0.89243045547475575
 -1.5830241398668952
 -0.72504855459477169
 -0.31349911542499787
 0.40472606164912256
 1.3721487507852954
 1.5956604958378098
 1.2364758878073214
 0.26610024882900052
 -0.3377702626083236
 -1.309272480073469
 -0.99999882230188708
 -1.3064434050785365
 -0.33487961217098988
 0.43049245230356209
 0.77474182782419287
 1.5960144402412222
 0.85601021937775568
 0.64306772540046753
 -0.19894598283625273
 -1.1634545058509691
 -0.98983136742132305
 -1.4256661747372563
 -0.46686474663636957
 0.1277995015959035
 0.6757944842168484
 1.5632092467140242
 0.92143835717186395
 0.84701453984479258
 -0.055988358703845706
 -0.62091521972729924
 -0.95909896399592787
 -0.94704312407739244
 -0.58915019910744659
 -0.016113969322028313
 0.90049070340389226
 0.93620405186557298
 0.96772249425417678
 0.64585224921887574
 0.14101198650177535
 -0.8028337690747156
 -1.4535041840370972
 -0.98336891810956462
 -1.1187125453216173
 -0.15969265296119067
 0.43812590268212964
 0.87595154858681679
 1.590241634363269
 0.74890204634163549
 0.23042228230537098
 -0.59552334020536735
 -0.83890731960218134
 -0.99926402882828158
 -0.79471385035233399
 -0.47992564452937803
 0.48694802899415618
 1.2760001412419637
 1.5990880770408948
 1.3382279905752121
 0.36792477034572635
 -0.37584019083871389
 -1.2031123295789876
 -0.99439821600798184
 -0.87372121466920871
 -0.43398250394614873
 0.16423604820363752
 1.1239673524482932
 0.98419470203205239
 0.906505872236266
 0.79645307925676112
 -0.092717815718463617
 -1.0389768282878857
 -1.5501961165091867
 -1.4953215357592782
 -0.89439194653720289
 0.020717374963544161
 0.59286423571776004
 0.94851151593640592
 1.5324567842516537
 0.98767924615859148
 0.082225300863896456
 -0.53328457614273284
 -1.4771478807846801
 -0.97601375467033502
 -0.67239363004398134
 -0.12323172689716683
 0.75349024285205801
 1.4289949622119771
 0.98916595154481612
 0.72399073590500151
 0.3110907764111292
 -0.64980640000646595
 -0.85838131514628802
 -0.99717367862900375
 -0.77182249939500824
 -0.42339286399912501
 0.33921439615447818
 1.3106823934518257
 1.5999924627365161
 1.3050242501255531
 0.3334331020884379
 -0.27053560075472688
 -0.7757112907044148
 -1.5961857737795515
 -1.3683453106370818
 -0.64081846411529619
 0.20044979956074258
 1.1651388064929256
 1.5840776168231268
 1.4245498594022563
 0.46550699135830681
 -0.12932149590627612
 -1.0830798756853361
 -1.563730964159789
 -1.4733455869226157
 -0.52808142658504087
 0.057520614988220711
 0.99538804607827247
 0.95953227186233259
 1.5144787156133672
 0.58790940764840716
 0.023327072073843935
 -0.90251938671410703
 -0.93674234064043382
 -1.5477353196538839
 -0.64467978024642647
 -0.13856580832666821
 0.50309805648286454
 1.4545289362652838
 0.98308902348526839
 0.69809729213516714
 0.25308388935089982
 -0.70320796161439281
 -0.87669086913002936
 -0.99373060737929897
 -1.1966146058900076
 -0.22892857982199954
 0.59780177786358013
 0.8397416454761244
 0.99920398154940382
 1.2700501723592557
 0.47758258152366795
 -0.48928653725329929
 -1.2774801284892914
 -0.99948067998537748
 -0.83555027623656908
 -0.58639561635395432
 0.37822660754836668
 0.75295605345903283
 0.99455926362965252
 0.87297365177105024
 0.43259932229274561
 -0.26519959097254148
 -1.1257136655416835
 -0.98446532786158059
 -1.4493709635995575
 -0.7943224240416078
 0.15079332020582373
 1.040843016266684
 1.5508021910089118
 0.93402885820795134
 0.89235480789739141
 -0.022251750734397037
 -0.59409945894557603
 -0.94899651318043343
 -0.9573431522354271
 -0.61609138679793818
 -0.049858050913958639
 0.53458223094328505
 1.4780897616558093
 0.97567848098621912
 1.0740109454649969
 0.19473368004700509
 -0.75565558286782664
 -0.89381114363436787
 -0.98893948579507385
 -1.156689939088303
 -0.30868170465518641
 0.65204957082277293
 1.3746682227578331
 0.99705719862025732
 0.77084575096264307
 0.4210243326138623
 -0.54505236914609756
 -1.3120892196538265
 -0.99998940073362763
 -1.303602021323383
 -0.33198580663880228
 0.43522045056188929
 0.77667892647719483
 0.9977208422924585
 0.85441940454648735
 0.39910480840544516
 -0.20195314414651017
 -0.72926272673208903
 -1.5844213146416966
 -1.4234301886878991
 -0.464148139626821
 0.20934909698122281
 1.0848860255414638
 1.5642489983995427
 0.92024145753600073
 0.52677752192607508
 -0.094484377261987329
 -0.62331837253726197
 -1.5359413114400731
 -0.94605304094090492
 -0.93866757028764702
 -0.020871738287967782
 0.5653412151459779
 0.9372784230159209
 1.5471110029711486
 1.0296092684762668
 0.085074564858861945
 -0.80707811567802945
 -0.90971891406343963
 -1.5724909012748707
 -0.69699759914860648
 -0.25065893785105681
 0.7054128226039994
 0.87742812471887766
 1.5896925642435753
 0.74686444945741071
 0.36389494099378439
 -0.37504925466358852
 -1.3449183894812118
 -0.99914158074923987
 -0.79284699542711268
 -0.29702399601359247
 0.30726493315548692
 1.2789571067647321
 0.99952895764717375
 1.3355297444986494
 0.36506888685045302
 -0.38061213338449551
 -0.75396512742134258
 -0.9947179686701888
 -0.87222403267404025
 -0.43121512169653153
 0.26762088016914726
 1.1274573271333386
 0.98473363488519361
 0.90520569861137001
 0.49511868617650917
 -0.095773612552555232
 -0.65169172040484546
 -1.5514046127550147
 -0.9334795565583065
 -0.55644722963027093
 0.023786074093560219
 0.59533328283375719
 1.5191668402586562
 1.5310376950257969
 0.98381086977188703
 0.077320274164050018
 -0.85740580254536991
 -0.92439260064993811
 -0.97534090919269134
 -1.0721895531382961
 -0.12018508648974423
 0.47363696438454206
 1.4311973289709796
 0.98871069070099926
 0.72186998516592915
 0.19141994114471486
 -0.40893200362750154
 -0.85995193962079575
 -1.5951013922347976
 -0.76986718688310551
 -0.41865480954949758
 0.34210026289422391
 1.3134929553658312
 1.5999698510170761
 1.3021767220219322
 0.52886036676970249
 -0.27348932174976931
 -0.77764473286336266
 -0.997823225944791
 -0.85362097744855803
 -0.6363154187022142
 0.32552962088418913
 1.1684991707254808
 1.5847612805202818
 1.4223071652314476
 0.46278819464257143
 -0.21178330741235341
 -1.0866896200611411
 -1.5647633482131091
 -1.471423609139386
 -0.52547237649733447
 0.060584717496686646
 0.62451774811386163
 0.96039210634377858
 0.94555465629369806
 0.93667787740373498
