# Created by Octave 8.4.0, Thu Dec 11 09:47:22 2025 IST <gamana@Samsung>
# name: iq
# type: matrix
# rows: 2048
# columns: 1
 1
 0.81741217677477895
 0.53812053356698397
 -0.26757933088703667
 -1.2380328641919807
 -1.5958393474565038
 -1.3708841653825465
 -0.64531547200634287
 0.31590671602424863
 0.72610466550790553
 1.5833790286129996
 0.89173695753970295
 0.46822140226296938
 -0.20204353002732162
 -1.0794599269865388
 -1.5626838472910984
 -1.4752536834634684
 -0.84909680209866956
 0.054455970544694823
 0.99153831704690321
 0.95866339707144232
 1.5160557123754062
 0.94462336461493135
 0.028237569029006
 -0.89845989908127566
 -1.497061692734752
 -0.96810813435476473
 -0.64702319695337762
 -0.089661145336106474
 0.50044297299076146
 1.4524760082306365
 1.5738343944166753
 1.1204667882156645
 0.25793199830174945
 -0.43674579739516622
 -0.8752101648306293
 -1.5905105512705131
 -0.74991820004097443
 -0.23191544205296488
 0.59324349985372127
 1.3409136284305851
 0.99932172244443662
 1.2730311537826249
 0.30141723570001927
 -0.30288023361216132
 -1.2745171485087401
 -1.5990032996191652
 -1.3395723871147742
 -0.36935141386161252
 0.23340805554780536
 0.75093258738581303
 1.5907757218952079
 0.87446671960772626
 0.43536466339879998
 -0.16272196520846155
 -0.70138649497904204
 -1.5742748128544564
 -1.4514444112676728
 -0.49911366156833592
 0.14590334067373942
 1.0371081931070047
 1.549586390683374
 0.93512086019445517
 0.56026686158099936
 -0.019182950395057383
 -0.59162761605977232
 -0.94802428457192678
 -1.5331609153836951
 -0.98960994706451333
 -0.052923454120163547
 0.85117706439314356
 1.4762025206449945
 1.5621547671285392
 0.67352883541892117
 0.1247546135053899
 -0.75132312806823531
 -1.4278887287596094
 -1.5830241398668952
 -0.72504855459477169
 -0.19593694714062365
 0.64756169863859614
 0.85759296924080952
 0.99728780989863108
 1.2364758878073214
 0.26610024882900052
 -0.3377702626083236
 -0.81829530004591811
 -1.5999981156830194
 -1.3064434050785365
 -0.33487961217098988
 0.2690577826897263
 0.77474182782419287
 0.99750902515076378
 0.85601021937775568
 0.64306772540046753
 -0.19894598283625273
 -0.72715906615685566
 -1.583730187874117
 -0.8910413592107852
 -0.7469835946181913
 0.1277995015959035
 0.6757944842168484
 0.97700577919626508
 1.4743013714749824
 0.52938408740299536
 -0.055988358703845706
 -0.62091521972729924
 -1.5345583423934848
 -0.94704312407739244
 -0.94264031857191455
 -0.016113969322028313
 0.56280668962743263
 1.4979264829849168
 0.96772249425417678
 0.64585224921887574
 0.088132491563609597
 -0.50177110567169725
 -0.90844011502318567
 -0.98336891810956462
 -0.69919534082601087
 -0.15969265296119067
 0.70100144429140743
 0.87595154858681679
 1.590241634363269
 1.1982432741466169
 0.36867565168859362
 -0.59552334020536735
 -0.83890731960218134
 -0.99926402882828158
 -0.79471385035233399
 -0.47992564452937803
 0.48694802899415618
 1.2760001412419637
 0.99943004815055925
 0.83639249410950756
 0.36792477034572635
 -0.37584019083871389
 -0.7519452059868672
 -0.99439821600798184
 -1.397953943470734
 -0.694372006313838
 0.26277767712582006
 1.1239673524482932
 0.98419470203205239
 0.906505872236266
 0.49778317453547566
 -0.092717815718463617
 -0.64936051767992853
 -0.96887257281824157
 -0.93457595984954878
 -0.55899496658575176
 0.020717374963544161
 0.9485827771484161
 0.94851151593640592
 0.95778549015728354
 0.61729952884911965
 0.082225300863896456
 -0.53328457614273284
 -1.4771478807846801
 -1.5616220074725362
 -1.0758298080703701
 -0.19717076303546693
 0.75349024285205801
 1.4289949622119771
 1.5826655224717059
 1.1583851774480025
 0.3110907764111292
 -0.64980640000646595
 -1.373410104234061
 -0.99717367862900375
 -0.77182249939500824
 -0.42339286399912501
 0.54274303384716516
 0.81917649590739106
 0.99999528921032244
 1.3050242501255531
 0.53349296334150065
 -0.43285696120756301
 -1.2411380651270638
 -0.99761610861221961
 -1.3683453106370818
 -0.40051154007206008
 0.20044979956074258
 1.1651388064929256
 0.99004851051445419
 1.4245498594022563
 0.46550699135830681
 -0.20691439345004181
 -1.0830798756853361
 -1.563730964159789
 -0.92084099182663481
 -0.84493028253606539
 0.092032983981153144
 0.62211752879892024
 0.95953227186233259
 1.5144787156133672
 0.94065505223745149
 0.023327072073843935
 -0.56407461669631687
 -1.4987877450246943
 -0.96733457478367735
 -1.0314876483942823
 -0.13856580832666821
 0.80495689037258333
 0.90908058516580226
 1.5729424375764296
 1.1169556674162675
 0.25308388935089982
 -0.43950497600899546
 -1.4027053906080471
 -0.99373060737929897
 -0.74788412868125476
 -0.36628572771519929
 0.3736261111647376
 0.8397416454761244
 0.99920398154940382
 1.2700501723592557
 0.47758258152366795
 -0.30580408578331203
 -1.2774801284892914
 -0.99948067998537748
 -1.3368804419785105
 -0.58639561635395432
 0.37822660754836668
 1.2047296855344527
 1.5912948218074441
 0.87297365177105024
 0.69215891566839305
 -0.26519959097254148
 -1.1257136655416835
 -0.98446532786158059
 -0.90585685224972345
 -0.7943224240416078
 0.15079332020582373
 1.040843016266684
 1.5508021910089118
 1.4944461731327223
 0.89235480789739141
 -0.022251750734397037
 -0.59409945894557603
 -1.5183944210886935
 -1.5317490435766834
 -0.98574621887670111
 -0.049858050913958639
 0.85533156950925615
 0.9238061010348807
 0.97567848098621912
 1.0740109454649969
 0.19473368004700509
 -0.75565558286782664
 -1.4300978298149887
 -0.98893948579507385
 -1.156689939088303
 -0.30868170465518641
 0.40753098176423302
 1.3746682227578331
 0.99705719862025732
 0.77084575096264307
 0.4210243326138623
 -0.54505236914609756
 -1.3120892196538265
 -0.99998940073362763
 -1.303602021323383
 -0.33198580663880228
 0.27201278160118081
 0.77667892647719483
 0.9977208422924585
 0.85441940454648735
 0.63856769344871234
 -0.32312503063441628
 -1.1668203627713425
 -1.5844213146416966
 -0.88964386792993688
 -0.7426370234029136
 0.20934909698122281
 0.67805376596341482
 1.5642489983995427
 1.4723863320576012
 0.84284403508172012
 -0.094484377261987329
 -0.62331837253726197
 -0.95996331965004555
 -0.94605304094090492
 -0.93866757028764702
 -0.020871738287967782
 0.5653412151459779
 0.9372784230159209
 1.5471110029711486
 1.0296092684762668
 0.085074564858861945
 -0.80707811567802945
 -1.4555502625015035
 -1.5724909012748707
 -1.1151961586377703
 -0.15666183615691048
 0.44088301412749958
 1.4038849995502043
 1.5896925642435753
 0.74686444945741071
 0.22743433812111521
 -0.60007880746174169
 -1.3449183894812118
 -1.5986265291987838
 -1.2685551926833805
 -0.29702399601359247
 0.30726493315548692
 1.2789571067647321
 1.5992463322354782
 1.3355297444986494
 0.36506888685045302
 -0.38061213338449551
 -0.75396512742134258
 -0.9947179686701888
 -0.87222403267404025
 -0.43121512169653153
 0.16726305010571701
 0.70466082945833652
 1.57557381581631
 1.4483291177781921
 0.79218989788241467
 -0.095773612552555232
 -0.65169172040484546
 -0.96962788297188418
 -1.4935672904932904
 -0.55644722963027093
 0.038057718549696355
 0.59533328283375719
 1.5191668402586562
 0.956898559391123
 0.98381086977188703
 0.048325171352531254
 -0.85740580254536991
 -1.479028161039901
 -0.97534090919269134
 -1.0721895531382961
 -0.12018508648974423
 0.47363696438454206
 0.89449833060686224
 1.5819371051215989
 0.72186998516592915
 0.19141994114471486
 -0.65429120580400246
 -1.3759231033932733
 -1.5951013922347976
 -0.76986718688310551
 -0.41865480954949758
 0.54736042063075829
 0.82093309710364448
 0.99998115688567257
 0.81386045126370754
 0.33053772923106406
 -0.43758291479963091
 -0.77764473286336266
 -1.5965171615116658
 -0.85362097744855803
 -0.39769713668888385
 0.32552962088418913
 1.1684991707254808
 0.99047580032517601
 1.4223071652314476
 0.74046111142811433
 -0.13236456713272088
 -1.0866896200611411
 -0.9779770926331931
 -0.9196397557121162
 -0.52547237649733447
 0.09693554799469864
 0.62451774811386163
 1.5366273701500459
 1.512887450069917
 0.58542367337733436
 0.011510222088034565
 -0.90657037118891926
