# Created by Octave 8.4.0, Thu Dec 11 09:47:22 2025 IST <gamana@Samsung>
# name: iq
# type: matrix
# rows: 2048
# columns: 1
 1
 0.81741217677477895
 0.336325333479365
 -0.26757933088703667
 -1.2380328641919807
 -0.99739959216031482
 -0.85680260336409153
 -0.40332217000396425
 0.19744169751515539
 0.72610466550790553
 0.98961189288312468
 1.4267791320635248
 0.749154243620751
 -0.126277206267076
 -1.0794599269865388
 -1.5626838472910984
 -0.92203355216466776
 -0.53068550131166847
 0.087129552871511723
 0.99153831704690321
 0.95866339707144232
 0.94753482023462876
 0.59038960288433207
 0.017648480643128749
 -0.89845989908127566
 -1.497061692734752
 -1.5489730149676237
 -1.0352371151254043
 -0.089661145336106474
 0.80070875678521836
 0.9077975051441477
 1.5738343944166753
 0.70029174263479022
 0.25793199830174945
 -0.69879327583226603
 -0.8752101648306293
 -1.5905105512705131
 -1.1998691200655591
 -0.23191544205296488
 0.37077718740857579
 1.3409136284305851
 0.99932172244443662
 1.2730311537826249
 0.30141723570001927
 -0.48460837377945815
 -1.2745171485087401
 -0.9993770622619782
 -1.3395723871147742
 -0.36935141386161252
 0.37345288887648859
 0.75093258738581303
 1.5907757218952079
 1.3991467513723621
 0.43536466339879998
 -0.26035514433353851
 -1.1222183919664672
 -1.5742748128544564
 -0.90715275704229548
 -0.79858185850933749
 0.091189587921087126
 1.0371081931070047
 1.549586390683374
 1.4961933763111284
 0.56026686158099936
 -0.030692720632091816
 -0.59162761605977232
 -1.5168388553150829
 -0.95822557211480941
 -0.98960994706451333
 -0.084677526592261687
 0.53198566524571467
 0.92262657540312143
 1.5621547671285392
 1.0776461366702739
 0.1247546135053899
 -0.46957695504264702
 -0.89243045547475575
 -1.5830241398668952
 -0.72504855459477169
 -0.31349911542499787
 0.64756169863859614
 0.85759296924080952
 0.99728780989863108
 1.2364758878073214
 0.26610024882900052
 -0.3377702626083236
 -0.81829530004591811
 -0.99999882230188708
 -0.81652712817408524
 -0.53580737947358381
 0.2690577826897263
 1.2395869245187088
 0.99750902515076378
 1.3696163510044093
 0.64306772540046753
 -0.19894598283625273
 -1.1634545058509691
 -0.98983136742132305
 -0.8910413592107852
 -0.46686474663636957
 0.1277995015959035
 1.0812711747469574
 0.97700577919626508
 0.92143835717186395
 0.84701453984479258
 -0.089581373926153132
 -0.62091521972729924
 -1.5345583423934848
 -1.5152689985238279
 -0.94264031857191455
 -0.025782350915245302
 0.56280668962743263
 1.4979264829849168
 1.5483559908066828
 0.64585224921887574
 0.088132491563609597
 -0.8028337690747156
 -1.4535041840370972
 -1.5733902689753034
 -0.69919534082601087
 -0.15969265296119067
 0.43812590268212964
 0.87595154858681679
 1.590241634363269
 1.1982432741466169
 0.36867565168859362
 -0.37220208762835455
 -1.3422517113634902
 -1.5988224461252507
 -0.79471385035233399
 -0.47992564452937803
 0.3043425181213476
 0.79750008827622731
 1.5990880770408948
 1.3382279905752121
 0.36792477034572635
 -0.23490011927419616
 -0.7519452059868672
 -0.99439821600798184
 -0.87372121466920871
 -0.694372006313838
 0.26277767712582006
 0.70247959528018322
 0.98419470203205239
 0.906505872236266
 0.49778317453547566
 -0.092717815718463617
 -1.0389768282878857
 -0.96887257281824157
 -0.93457595984954878
 -0.55899496658575176
 0.033147799941670657
 0.59286423571776004
 0.94851151593640592
 1.5324567842516537
 0.98767924615859148
 0.051390813039935278
 -0.53328457614273284
 -0.92321742549042496
 -0.97601375467033502
 -0.67239363004398134
 -0.12323172689716683
 0.47093140178253623
 0.89312185138248557
 0.98916595154481612
 1.1583851774480025
 0.3110907764111292
 -0.64980640000646595
 -1.373410104234061
 -1.595477885806406
 -1.2349159990320133
 -0.26462053999945312
 0.54274303384716516
 0.81917649590739106
 1.5999924627365161
 1.3050242501255531
 0.53349296334150065
 -0.27053560075472688
 -0.7757112907044148
 -0.99761610861221961
 -1.3683453106370818
 -0.64081846411529619
 0.20044979956074258
 0.72821175405807848
 0.99004851051445419
 0.89034366212641014
 0.7448111861732909
 -0.12932149590627612
 -1.0830798756853361
 -1.563730964159789
 -0.92084099182663481
 -0.52808142658504087
 0.057520614988220711
 0.99538804607827247
 0.95953227186233259
 1.5144787156133672
 0.94065505223745149
 0.023327072073843935
 -0.90251938671410703
 -1.4987877450246943
 -0.96733457478367735
 -0.64467978024642647
 -0.086603630204167628
 0.80495689037258333
 1.4545289362652838
 0.98308902348526839
 1.1169556674162675
 0.25308388935089982
 -0.43950497600899546
 -0.87669086913002936
 -0.99373060737929897
 -1.1966146058900076
 -0.22892857982199954
 0.3736261111647376
 1.3435866327617991
 0.99920398154940382
 0.79378135772453473
 0.47758258152366795
 -0.48928653725329929
 -0.79842508030580706
 -1.5991690879766041
 -1.3368804419785105
 -0.36649726022122142
 0.23639162971772915
 0.75295605345903283
 1.5912948218074441
 1.3967578428336804
 0.43259932229274561
 -0.1657497443578384
 -0.70357104096355216
 -0.98446532786158059
 -0.90585685224972345
 -0.7943224240416078
 0.094245825128639826
 1.040843016266684
 1.5508021910089118
 0.93402885820795134
 0.89235480789739141
 -0.022251750734397037
 -0.95055913431292172
 -1.5183944210886935
 -1.5317490435766834
 -0.98574621887670111
 -0.049858050913958639
 0.53458223094328505
 1.4780897616558093
 0.97567848098621912
 1.0740109454649969
 0.12170855002937817
 -0.75565558286782664
 -0.89381114363436787
 -0.98893948579507385
 -1.156689939088303
 -0.19292606540949148
 0.40753098176423302
 1.3746682227578331
 0.99705719862025732
 0.77084575096264307
 0.26314020788366393
 -0.54505236914609756
 -0.82005576228364152
 -0.99998940073362763
 -0.81475126332711434
 -0.53117729062208363
 0.43522045056188929
 1.2426862823635119
 0.9977208422924585
 0.85441940454648735
 0.63856769344871234
 -0.20195314414651017
 -0.72926272673208903
 -1.5844213146416966
 -0.88964386792993688
 -0.7426370234029136
 0.13084318561326425
 0.67805376596341482
 0.97765562399971406
 1.4723863320576012
 0.84284403508172012
 -0.059052735788742081
 -0.99730939605961921
 -1.5359413114400731
 -0.94605304094090492
 -0.58666723142977939
 -0.013044836429979863
 0.5653412151459779
 0.9372784230159209
 1.5471110029711486
 0.64350579279766673
 0.085074564858861945
 -0.50442382229876837
 -1.4555502625015035
 -1.5724909012748707
 -0.69699759914860648
 -0.25065893785105681
 0.7054128226039994
 0.87742812471887766
 0.99355785265223451
 0.74686444945741071
 0.36389494099378439
 -0.60007880746174169
 -1.3449183894812118
 -1.5986265291987838
 -1.2685551926833805
 -0.29702399601359247
 0.30726493315548692
 0.79934819172795746
 0.99952895764717375
 1.3355297444986494
 0.5841102189607249
 -0.38061213338449551
 -0.75396512742134258
 -0.9947179686701888
 -1.3955584522784645
 -0.68994419471445045
 0.26762088016914726
 1.1274573271333386
 1.57557381581631
 0.90520569861137001
 0.49511868617650917
 -0.15323778008408839
 -1.0427067526477527
 -1.5514046127550147
 -0.9334795565583065
 -0.55644722963027093
 0.023786074093560219
 0.95253325253401155
 1.5191668402586562
 1.5310376950257969
 0.98381086977188703
 0.077320274164050018
 -0.85740580254536991
 -1.479028161039901
 -0.97534090919269134
 -0.67011847071143504
 -0.19229613838359078
 0.47363696438454206
 0.89449833060686224
 1.5819371051215989
 0.72186998516592915
 0.19141994114471486
 -0.40893200362750154
 -0.85995193962079575
 -1.5951013922347976
 -1.2317874990129689
 -0.26165925596843598
 0.54736042063075829
 0.82093309710364448
 0.99998115688567257
 1.3021767220219322
 0.33053772923106406
 -0.27348932174976931
 -0.77764473286336266
 -0.997823225944791
 -0.85362097744855803
 -0.39769713668888385
 0.32552962088418913
 1.1684991707254808
 0.99047580032517601
 0.88894197826965471
 0.46278819464257143
 -0.13236456713272088
 -0.67918101253821317
 -0.9779770926331931
 -0.9196397557121162
 -0.84075580239573522
 0.09693554799469864
 0.62451774811386163
 1.5366273701500459
 1.512887450069917
 0.58542367337733436
 0.018416355340855305
