# Created by Octave 8.4.0, Thu Dec 11 09:47:22 2025 IST <gamana@Samsung>
# name: iq
# type: matrix
# rows: 2048
# columns: 1
 1
 1.3078594828396464
 0.336325333479365
 -0.26757933088703667
 -0.7737705401199878
 -0.99739959216031482
 -0.85680260336409153
 -0.40332217000396425
 0.19744169751515539
 0.72610466550790553
 0.98961189288312468
 1.4267791320635248
 0.46822140226296938
 -0.20204353002732162
 -0.67466245436658678
 -1.5626838472910984
 -0.92203355216466776
 -0.84909680209866956
 0.054455970544694823
 0.99153831704690321
 0.95866339707144232
 1.5160557123754062
 0.59038960288433207
 0.017648480643128749
 -0.56153743692579727
 -1.497061692734752
 -0.96810813435476473
 -0.64702319695337762
 -0.14345783253777036
 0.80070875678521836
 1.4524760082306365
 0.98364649651042202
 1.1204667882156645
 0.25793199830174945
 -0.69879327583226603
 -1.4003362637290069
 -1.5905105512705131
 -0.74991820004097443
 -0.23191544205296488
 0.59324349985372127
 1.3409136284305851
 1.5989147559110988
 0.79564447111414049
 0.48226757712003088
 -0.30288023361216132
 -1.2745171485087401
 -1.5990032996191652
 -0.8372327419467338
 -0.59096226217858006
 0.37345288887648859
 0.75093258738581303
 0.99423482618450487
 0.87446671960772626
 0.69658346143808003
 -0.16272196520846155
 -1.1222183919664672
 -1.5742748128544564
 -1.4514444112676728
 -0.49911366156833592
 0.14590334067373942
 0.64819262069187789
 0.96849149417710867
 1.4961933763111284
 0.89642697852959907
 -0.019182950395057383
 -0.59162761605977232
 -0.94802428457192678
 -0.95822557211480941
 -0.98960994706451333
 -0.084677526592261687
 0.85117706439314356
 0.92262657540312143
 0.97634672945533696
 1.0776461366702739
 0.1247546135053899
 -0.75132312806823531
 -1.4278887287596094
 -1.5830241398668952
 -0.72504855459477169
 -0.31349911542499787
 0.40472606164912256
 0.85759296924080952
 0.99728780989863108
 0.77279742987957578
 0.26610024882900052
 -0.54043242017331783
 -1.309272480073469
 -0.99999882230188708
 -1.3064434050785365
 -0.33487961217098988
 0.43049245230356209
 0.77474182782419287
 0.99750902515076378
 0.85601021937775568
 0.40191732837529215
 -0.31831357253800441
 -0.72715906615685566
 -1.583730187874117
 -1.4256661747372563
 -0.46686474663636957
 0.20447920255344562
 1.0812711747469574
 0.97700577919626508
 1.4743013714749824
 0.52938408740299536
 -0.089581373926153132
 -0.99346435156367885
 -0.95909896399592787
 -0.94704312407739244
 -0.58915019910744659
 -0.016113969322028313
 0.90049070340389226
 1.4979264829849168
 0.96772249425417678
 1.0333635987502012
 0.088132491563609597
 -0.8028337690747156
 -0.90844011502318567
 -1.5733902689753034
 -1.1187125453216173
 -0.25550824473790507
 0.43812590268212964
 1.401522477738907
 1.590241634363269
 0.74890204634163549
 0.36867565168859362
 -0.59552334020536735
 -0.83890731960218134
 -1.5988224461252507
 -1.2715421605637345
 -0.29995352783086127
 0.3043425181213476
 1.2760001412419637
 0.99943004815055925
 1.3382279905752121
 0.58867963255316214
 -0.23490011927419616
 -1.2031123295789876
 -0.99439821600798184
 -1.397953943470734
 -0.694372006313838
 0.26277767712582006
 1.1239673524482932
 0.98419470203205239
 0.906505872236266
 0.79645307925676112
 -0.14834850514954179
 -1.0389768282878857
 -1.5501961165091867
 -1.4953215357592782
 -0.55899496658575176
 0.033147799941670657
 0.9485827771484161
 0.94851151593640592
 1.5324567842516537
 0.61729952884911965
 0.051390813039935278
 -0.8532553218283726
 -0.92321742549042496
 -1.5616220074725362
 -0.67239363004398134
 -0.12323172689716683
 0.75349024285205801
 0.89312185138248557
 1.5826655224717059
 1.1583851774480025
 0.19443173525695573
 -0.64980640000646595
 -1.373410104234061
 -0.99717367862900375
 -1.2349159990320133
 -0.26462053999945312
 0.33921439615447818
 0.81917649590739106
 0.99999528921032244
 1.3050242501255531
 0.53349296334150065
 -0.27053560075472688
 -1.2411380651270638
 -0.99761610861221961
 -1.3683453106370818
 -0.40051154007206008
 0.20044979956074258
 0.72821175405807848
 0.99004851051445419
 0.89034366212641014
 0.7448111861732909
 -0.20691439345004181
 -0.67692492230333512
 -0.97733185259986799
 -0.92084099182663481
 -0.52808142658504087
 0.057520614988220711
 0.99538804607827247
 1.5352516349797323
 0.9465491972583544
 0.58790940764840716
 0.01457942004615246
 -0.90251938671410703
 -0.93674234064043382
 -0.96733457478367735
 -0.64467978024642647
 -0.086603630204167628
 0.80495689037258333
 1.4545289362652838
 1.5729424375764296
 1.1169556674162675
 0.15817743084431238
 -0.70320796161439281
 -1.4027053906080471
 -0.99373060737929897
 -0.74788412868125476
 -0.22892857982199954
 0.59780177786358013
 0.8397416454761244
 0.99920398154940382
 1.2700501723592557
 0.29848911345229245
 -0.48928653725329929
 -0.79842508030580706
 -0.99948067998537748
 -0.83555027623656908
 -0.58639561635395432
 0.23639162971772915
 0.75295605345903283
 0.99455926362965252
 0.87297365177105024
 0.69215891566839305
 -0.26519959097254148
 -0.70357104096355216
 -1.5751445245785289
 -0.90585685224972345
 -0.7943224240416078
 0.15079332020582373
 1.040843016266684
 1.5508021910089118
 0.93402885820795134
 0.55772175493586962
 -0.022251750734397037
 -0.59409945894557603
 -1.5183944210886935
 -0.9573431522354271
 -0.61609138679793818
 -0.079772881462333828
 0.85533156950925615
 1.4780897616558093
 0.97567848098621912
 0.67125684091562299
 0.19473368004700509
 -0.75565558286782664
 -0.89381114363436787
 -1.5823031772721183
 -1.156689939088303
 -0.30868170465518641
 0.65204957082277293
 1.3746682227578331
 0.99705719862025732
 0.77084575096264307
 0.26314020788366393
 -0.54505236914609756
 -1.3120892196538265
 -1.5999830411738043
 -0.81475126332711434
 -0.33198580663880228
 0.27201278160118081
 0.77667892647719483
 1.5963533476679337
 0.85441940454648735
 0.39910480840544516
 -0.20195314414651017
 -1.1668203627713425
 -0.99026332165106024
 -0.88964386792993688
 -0.7426370234029136
 0.20934909698122281
 1.0848860255414638
 0.97765562399971406
 0.92024145753600073
 0.84284403508172012
 -0.094484377261987329
 -0.62331837253726197
 -1.5359413114400731
 -1.513684865505448
 -0.93866757028764702
 -0.013044836429979863
 0.90454594423356471
 0.9372784230159209
 1.5471110029711486
 0.64350579279766673
 0.085074564858861945
 -0.50442382229876837
 -0.90971891406343963
 -1.5724909012748707
 -1.1151961586377703
 -0.15666183615691048
 0.7054128226039994
 1.4038849995502043
 1.5896925642435753
 1.1949831191318572
 0.22743433812111521
 -0.60007880746174169
 -1.3449183894812118
 -0.99914158074923987
 -1.2685551926833805
 -0.47523839362174797
 0.49162389304877907
 0.79934819172795746
 0.99952895764717375
 1.3355297444986494
 0.36506888685045302
 -0.23788258336530968
 -0.75396512742134258
 -1.5915487498723022
 -0.87222403267404025
 -0.43121512169653153
 0.16726305010571701
 1.1274573271333386
 0.98473363488519361
 0.90520569861137001
 0.49511868617650917
 -0.15323778008408839
 -1.0427067526477527
 -1.5514046127550147
 -1.4935672904932904
 -0.89031556740843354
 0.023786074093560219
 0.95253325253401155
 0.94947927516166009
 0.956898559391123
 0.98381086977188703
 0.077320274164050018
 -0.53587862659085617
 -1.479028161039901
 -1.5605454547083062
 -1.0721895531382961
 -0.12018508648974423
 0.47363696438454206
 1.4311973289709796
 1.5819371051215989
 1.1549919762654868
 0.19141994114471486
 -0.65429120580400246
 -1.3759231033932733
 -0.99693837014674846
 -1.2317874990129689
 -0.26165925596843598
 0.54736042063075829
 1.3134929553658312
 1.5999698510170761
 0.81386045126370754
 0.52886036676970249
 -0.43758291479963091
 -0.77764473286336266
 -1.5965171615116658
 -0.85362097744855803
 -0.6363154187022142
 0.32552962088418913
 1.1684991707254808
 1.5847612805202818
 1.4223071652314476
 0.74046111142811433
 -0.21178330741235341
 -1.0866896200611411
 -1.5647633482131091
 -0.9196397557121162
 -0.52547237649733447
 0.060584717496686646
 0.62451774811386163
 1.5366273701500459
 0.94555465629369806
 0.93667787740373498
 0.018416355340855305
