# Created by Octave 8.4.0, Thu Dec 11 09:47:22 2025 IST <gamana@Samsung>
# name: iq
# type: matrix
# rows: 2048
# columns: 1
 1.6000000000000001
 0.81741217677477895
 0.53812053356698397
 -0.26757933088703667
 -0.7737705401199878
 -1.5958393474565038
 -1.3708841653825465
 -0.40332217000396425
 0.31590671602424863
 1.1617674648126488
 0.98961189288312468
 0.89173695753970295
 0.749154243620751
 -0.126277206267076
 -1.0794599269865388
 -0.97667740455693652
 -0.92203355216466776
 -0.53068550131166847
 0.087129552871511723
 0.99153831704690321
 1.5338614353143079
 1.5160557123754062
 0.59038960288433207
 0.028237569029006
 -0.89845989908127566
 -1.497061692734752
 -0.96810813435476473
 -1.0352371151254043
 -0.089661145336106474
 0.50044297299076146
 0.9077975051441477
 1.5738343944166753
 1.1204667882156645
 0.25793199830174945
 -0.43674579739516622
 -0.8752101648306293
 -1.5905105512705131
 -0.74991820004097443
 -0.23191544205296488
 0.59324349985372127
 0.83807101776911563
 0.99932172244443662
 1.2730311537826249
 0.30141723570001927
 -0.48460837377945815
 -0.79657321781796253
 -0.9993770622619782
 -0.8372327419467338
 -0.36935141386161252
 0.23340805554780536
 0.75093258738581303
 1.5907757218952079
 1.3991467513723621
 0.69658346143808003
 -0.16272196520846155
 -0.70138649497904204
 -1.5742748128544564
 -1.4514444112676728
 -0.49911366156833592
 0.091189587921087126
 0.64819262069187789
 0.96849149417710867
 0.93512086019445517
 0.56026686158099936
 -0.030692720632091816
 -0.59162761605977232
 -1.5168388553150829
 -1.5331609153836951
 -0.98960994706451333
 -0.084677526592261687
 0.53198566524571467
 1.4762025206449945
 1.5621547671285392
 0.67352883541892117
 0.1247546135053899
 -0.46957695504264702
 -0.89243045547475575
 -1.5830241398668952
 -1.1600776873516347
 -0.19593694714062365
 0.40472606164912256
 1.3721487507852954
 1.5956604958378098
 1.2364758878073214
 0.42576039812640087
 -0.3377702626083236
 -1.309272480073469
 -1.5999981156830194
 -1.3064434050785365
 -0.53580737947358381
 0.43049245230356209
 1.2395869245187088
 0.99750902515076378
 1.3696163510044093
 0.64306772540046753
 -0.31831357253800441
 -1.1634545058509691
 -1.583730187874117
 -1.4256661747372563
 -0.7469835946181913
 0.20447920255344562
 1.0812711747469574
 1.5632092467140242
 1.4743013714749824
 0.84701453984479258
 -0.089581373926153132
 -0.99346435156367885
 -1.5345583423934848
 -0.94704312407739244
 -0.94264031857191455
 -0.016113969322028313
 0.56280668962743263
 1.4979264829849168
 0.96772249425417678
 1.0333635987502012
 0.088132491563609597
 -0.50177110567169725
 -0.90844011502318567
 -1.5733902689753034
 -0.69919534082601087
 -0.25550824473790507
 0.43812590268212964
 0.87595154858681679
 1.590241634363269
 0.74890204634163549
 0.23042228230537098
 -0.59552334020536735
 -0.83890731960218134
 -0.99926402882828158
 -0.79471385035233399
 -0.47992564452937803
 0.3043425181213476
 1.2760001412419637
 0.99943004815055925
 1.3382279905752121
 0.58867963255316214
 -0.23490011927419616
 -1.2031123295789876
 -1.591037145612771
 -1.397953943470734
 -0.43398250394614873
 0.26277767712582006
 1.1239673524482932
 0.98419470203205239
 1.4504093955780257
 0.79645307925676112
 -0.14834850514954179
 -1.0389768282878857
 -0.96887257281824157
 -1.4953215357592782
 -0.89439194653720289
 0.020717374963544161
 0.9485827771484161
 1.5176184254982497
 1.5324567842516537
 0.61729952884911965
 0.051390813039935278
 -0.8532553218283726
 -0.92321742549042496
 -1.5616220074725362
 -1.0758298080703701
 -0.12323172689716683
 0.47093140178253623
 1.4289949622119771
 0.98916595154481612
 0.72399073590500151
 0.19443173525695573
 -0.64980640000646595
 -1.373410104234061
 -0.99717367862900375
 -0.77182249939500824
 -0.26462053999945312
 0.54274303384716516
 1.3106823934518257
 0.99999528921032244
 1.3050242501255531
 0.53349296334150065
 -0.27053560075472688
 -0.7757112907044148
 -1.5961857737795515
 -0.85521581914817602
 -0.64081846411529619
 0.20044979956074258
 0.72821175405807848
 0.99004851051445419
 0.89034366212641014
 0.46550699135830681
 -0.20691439345004181
 -1.0830798756853361
 -1.563730964159789
 -1.4733455869226157
 -0.84493028253606539
 0.092032983981153144
 0.62211752879892024
 1.5352516349797323
 1.5144787156133672
 0.94065505223745149
 0.023327072073843935
 -0.90251938671410703
 -0.93674234064043382
 -0.96733457478367735
 -0.64467978024642647
 -0.086603630204167628
 0.50309805648286454
 1.4545289362652838
 1.5729424375764296
 0.69809729213516714
 0.25308388935089982
 -0.43950497600899546
 -1.4027053906080471
 -1.5899689718068784
 -0.74788412868125476
 -0.36628572771519929
 0.3736261111647376
 1.3435866327617991
 0.99920398154940382
 1.2700501723592557
 0.29848911345229245
 -0.30580408578331203
 -1.2774801284892914
 -1.5991690879766041
 -0.83555027623656908
 -0.58639561635395432
 0.23639162971772915
 0.75295605345903283
 1.5912948218074441
 0.87297365177105024
 0.69215891566839305
 -0.26519959097254148
 -0.70357104096355216
 -0.98446532786158059
 -1.4493709635995575
 -0.7943224240416078
 0.094245825128639826
 1.040843016266684
 0.96925136938056977
 0.93402885820795134
 0.89235480789739141
 -0.022251750734397037
 -0.59409945894557603
 -1.5183944210886935
 -1.5317490435766834
 -0.98574621887670111
 -0.079772881462333828
 0.85533156950925615
 1.4780897616558093
 0.97567848098621912
 0.67125684091562299
 0.12170855002937817
 -0.75565558286782664
 -0.89381114363436787
 -1.5823031772721183
 -1.156689939088303
 -0.30868170465518641
 0.65204957082277293
 0.85916763922364559
 1.5952915177924119
 0.77084575096264307
 0.4210243326138623
 -0.54505236914609756
 -0.82005576228364152
 -1.5999830411738043
 -1.303602021323383
 -0.53117729062208363
 0.43522045056188929
 1.2426862823635119
 0.9977208422924585
 1.3670710472743799
 0.63856769344871234
 -0.32312503063441628
 -0.72926272673208903
 -0.99026332165106024
 -1.4234301886878991
 -0.464148139626821
 0.13084318561326425
 1.0848860255414638
 0.97765562399971406
 1.4723863320576012
 0.52677752192607508
 -0.094484377261987329
 -0.62331837253726197
 -1.5359413114400731
 -1.513684865505448
 -0.58666723142977939
 -0.020871738287967782
 0.5653412151459779
 0.9372784230159209
 0.96694437685696777
 1.0296092684762668
 0.13611930377417911
 -0.80707811567802945
 -1.4555502625015035
 -0.98280681329679409
 -1.1151961586377703
 -0.25065893785105681
 0.7054128226039994
 1.4038849995502043
 0.99355785265223451
 0.74686444945741071
 0.36389494099378439
 -0.60007880746174169
 -0.84057399342575734
 -1.5986265291987838
 -0.79284699542711268
 -0.29702399601359247
 0.49162389304877907
 1.2789571067647321
 0.99952895764717375
 0.83470609031165577
 0.36506888685045302
 -0.38061213338449551
 -1.2063442038741483
 -1.5915487498723022
 -1.3955584522784645
 -0.43121512169653153
 0.26762088016914726
 0.70466082945833652
 0.98473363488519361
 0.90520569861137001
 0.79218989788241467
 -0.15323778008408839
 -0.65169172040484546
 -1.5514046127550147
 -0.9334795565583065
 -0.89031556740843354
 0.023786074093560219
 0.59533328283375719
 1.5191668402586562
 0.956898559391123
 0.98381086977188703
 0.077320274164050018
 -0.53587862659085617
 -1.479028161039901
 -0.97534090919269134
 -1.0721895531382961
 -0.12018508648974423
 0.47363696438454206
 0.89449833060686224
 1.5819371051215989
 1.1549919762654868
 0.19141994114471486
 -0.65429120580400246
 -1.3759231033932733
 -0.99693837014674846
 -1.2317874990129689
 -0.26165925596843598
 0.34210026289422391
 0.82093309710364448
 1.5999698510170761
 0.81386045126370754
 0.52886036676970249
 -0.27348932174976931
 -0.77764473286336266
 -1.5965171615116658
 -0.85362097744855803
 -0.39769713668888385
 0.32552962088418913
 0.73031198170342548
 1.5847612805202818
 0.88894197826965471
 0.74046111142811433
 -0.21178330741235341
 -0.67918101253821317
 -0.9779770926331931
 -1.471423609139386
 -0.52547237649733447
 0.09693554799469864
 0.62451774811386163
 0.96039210634377858
 0.94555465629369806
 0.58542367337733436
 0.018416355340855305
