# Created by Octave 8.4.0, Thu Dec 11 09:47:22 2025 IST <gamana@Samsung>
# name: iq
# type: matrix
# rows: 2048
# columns: 1
 1.6000000000000001
 1.3078594828396464
 0.53812053356698397
 -0.42812692941925867
 -1.2380328641919807
 -1.5958393474565038
 -1.3708841653825465
 -0.64531547200634287
 0.19744169751515539
 1.1617674648126488
 0.98961189288312468
 1.4267791320635248
 0.46822140226296938
 -0.20204353002732162
 -0.67466245436658678
 -0.97667740455693652
 -1.4752536834634684
 -0.53068550131166847
 0.087129552871511723
 0.99153831704690321
 0.95866339707144232
 1.5160557123754062
 0.59038960288433207
 0.028237569029006
 -0.56153743692579727
 -0.93566355795921996
 -0.96810813435476473
 -0.64702319695337762
 -0.089661145336106474
 0.80070875678521836
 1.4524760082306365
 1.5738343944166753
 0.70029174263479022
 0.25793199830174945
 -0.43674579739516622
 -0.8752101648306293
 -1.5905105512705131
 -0.74991820004097443
 -0.37106470728474383
 0.37077718740857579
 0.83807101776911563
 0.99932172244443662
 1.2730311537826249
 0.30141723570001927
 -0.30288023361216132
 -0.79657321781796253
 -0.9993770622619782
 -0.8372327419467338
 -0.59096226217858006
 0.37345288887648859
 1.2014921398173009
 0.99423482618450487
 0.87446671960772626
 0.43536466339879998
 -0.26035514433353851
 -0.70138649497904204
 -1.5742748128544564
 -0.90715275704229548
 -0.49911366156833592
 0.091189587921087126
 0.64819262069187789
 1.549586390683374
 0.93512086019445517
 0.89642697852959907
 -0.019182950395057383
 -0.59162761605977232
 -1.5168388553150829
 -1.5331609153836951
 -0.61850621691532082
 -0.084677526592261687
 0.85117706439314356
 0.92262657540312143
 1.5621547671285392
 0.67352883541892117
 0.1247546135053899
 -0.75132312806823531
 -1.4278887287596094
 -0.98939008741680945
 -0.72504855459477169
 -0.31349911542499787
 0.40472606164912256
 0.85759296924080952
 0.99728780989863108
 0.77279742987957578
 0.26610024882900052
 -0.3377702626083236
 -0.81829530004591811
 -0.99999882230188708
 -0.81652712817408524
 -0.33487961217098988
 0.2690577826897263
 1.2395869245187088
 1.5960144402412222
 0.85601021937775568
 0.64306772540046753
 -0.19894598283625273
 -0.72715906615685566
 -0.98983136742132305
 -1.4256661747372563
 -0.7469835946181913
 0.20447920255344562
 1.0812711747469574
 0.97700577919626508
 0.92143835717186395
 0.84701453984479258
 -0.089581373926153132
 -0.62091521972729924
 -1.5345583423934848
 -0.94704312407739244
 -0.58915019910744659
 -0.025782350915245302
 0.90049070340389226
 0.93620405186557298
 0.96772249425417678
 1.0333635987502012
 0.088132491563609597
 -0.8028337690747156
 -0.90844011502318567
 -0.98336891810956462
 -0.69919534082601087
 -0.15969265296119067
 0.43812590268212964
 0.87595154858681679
 1.590241634363269
 0.74890204634163549
 0.23042228230537098
 -0.37220208762835455
 -0.83890731960218134
 -1.5988224461252507
 -0.79471385035233399
 -0.29995352783086127
 0.3043425181213476
 1.2760001412419637
 0.99943004815055925
 0.83639249410950756
 0.58867963255316214
 -0.23490011927419616
 -1.2031123295789876
 -0.99439821600798184
 -1.397953943470734
 -0.694372006313838
 0.26277767712582006
 0.70247959528018322
 0.98419470203205239
 0.906505872236266
 0.79645307925676112
 -0.092717815718463617
 -0.64936051767992853
 -0.96887257281824157
 -1.4953215357592782
 -0.89439194653720289
 0.033147799941670657
 0.9485827771484161
 0.94851151593640592
 1.5324567842516537
 0.98767924615859148
 0.051390813039935278
 -0.53328457614273284
 -0.92321742549042496
 -1.5616220074725362
 -0.67239363004398134
 -0.19717076303546693
 0.75349024285205801
 1.4289949622119771
 1.5826655224717059
 1.1583851774480025
 0.3110907764111292
 -0.64980640000646595
 -0.85838131514628802
 -1.595477885806406
 -0.77182249939500824
 -0.26462053999945312
 0.54274303384716516
 0.81917649590739106
 0.99999528921032244
 0.81564015632847064
 0.3334331020884379
 -0.27053560075472688
 -0.7757112907044148
 -1.5961857737795515
 -1.3683453106370818
 -0.40051154007206008
 0.20044979956074258
 1.1651388064929256
 1.5840776168231268
 0.89034366212641014
 0.7448111861732909
 -0.20691439345004181
 -0.67692492230333512
 -0.97733185259986799
 -1.4733455869226157
 -0.84493028253606539
 0.057520614988220711
 0.62211752879892024
 0.95953227186233259
 1.5144787156133672
 0.94065505223745149
 0.01457942004615246
 -0.90251938671410703
 -1.4987877450246943
 -1.5477353196538839
 -0.64467978024642647
 -0.13856580832666821
 0.80495689037258333
 1.4545289362652838
 0.98308902348526839
 1.1169556674162675
 0.15817743084431238
 -0.70320796161439281
 -1.4027053906080471
 -0.99373060737929897
 -0.74788412868125476
 -0.36628572771519929
 0.59780177786358013
 1.3435866327617991
 1.5987263704790462
 0.79378135772453473
 0.47758258152366795
 -0.30580408578331203
 -0.79842508030580706
 -0.99948067998537748
 -0.83555027623656908
 -0.36649726022122142
 0.23639162971772915
 1.2047296855344527
 0.99455926362965252
 0.87297365177105024
 0.43259932229274561
 -0.1657497443578384
 -0.70357104096355216
 -1.5751445245785289
 -1.4493709635995575
 -0.7943224240416078
 0.094245825128639826
 1.040843016266684
 0.96925136938056977
 1.4944461731327223
 0.55772175493586962
 -0.03560280117503526
 -0.95055913431292172
 -1.5183944210886935
 -0.9573431522354271
 -0.61609138679793818
 -0.079772881462333828
 0.53458223094328505
 0.9238061010348807
 0.97567848098621912
 1.0740109454649969
 0.12170855002937817
 -0.47228473929239162
 -1.4300978298149887
 -1.5823031772721183
 -1.156689939088303
 -0.19292606540949148
 0.40753098176423302
 0.85916763922364559
 0.99705719862025732
 0.77084575096264307
 0.4210243326138623
 -0.54505236914609756
 -1.3120892196538265
 -0.99998940073362763
 -1.303602021323383
 -0.33198580663880228
 0.43522045056188929
 1.2426862823635119
 1.5963533476679337
 0.85441940454648735
 0.63856769344871234
 -0.20195314414651017
 -0.72926272673208903
 -1.5844213146416966
 -0.88964386792993688
 -0.7426370234029136
 0.20934909698122281
 0.67805376596341482
 0.97765562399971406
 1.4723863320576012
 0.84284403508172012
 -0.059052735788742081
 -0.99730939605961921
 -1.5359413114400731
 -1.513684865505448
 -0.93866757028764702
 -0.013044836429979863
 0.5653412151459779
 1.4996454768254734
 0.96694437685696777
 0.64350579279766673
 0.13611930377417911
 -0.80707811567802945
 -1.4555502625015035
 -1.5724909012748707
 -0.69699759914860648
 -0.25065893785105681
 0.44088301412749958
 0.87742812471887766
 1.5896925642435753
 1.1949831191318572
 0.36389494099378439
 -0.37504925466358852
 -0.84057399342575734
 -1.5986265291987838
 -1.2685551926833805
 -0.47523839362174797
 0.30726493315548692
 0.79934819172795746
 0.99952895764717375
 1.3355297444986494
 0.36506888685045302
 -0.38061213338449551
 -0.75396512742134258
 -1.5915487498723022
 -1.3955584522784645
 -0.68994419471445045
 0.26762088016914726
 1.1274573271333386
 0.98473363488519361
 0.90520569861137001
 0.79218989788241467
 -0.15323778008408839
 -1.0427067526477527
 -0.96962788297188418
 -1.4935672904932904
 -0.55644722963027093
 0.023786074093560219
 0.59533328283375719
 0.94947927516166009
 1.5310376950257969
 0.98381086977188703
 0.077320274164050018
 -0.85740580254536991
 -1.479028161039901
 -1.5605454547083062
 -1.0721895531382961
 -0.19229613838359078
 0.75781914301526732
 1.4311973289709796
 1.5819371051215989
 1.1549919762654868
 0.30627190583154379
 -0.40893200362750154
 -1.3759231033932733
 -1.5951013922347976
 -1.2317874990129689
 -0.26165925596843598
 0.54736042063075829
 0.82093309710364448
 0.99998115688567257
 0.81386045126370754
 0.33053772923106406
 -0.43758291479963091
 -1.2442315725813804
 -1.5965171615116658
 -1.365793563917693
 -0.6363154187022142
 0.32552962088418913
 1.1684991707254808
 1.5847612805202818
 0.88894197826965471
 0.74046111142811433
 -0.21178330741235341
 -0.67918101253821317
 -0.9779770926331931
 -0.9196397557121162
 -0.84075580239573522
 0.060584717496686646
 0.99922839698217869
 1.5366273701500459
 1.512887450069917
 0.93667787740373498
