# Created by Octave 8.4.0, Thu Dec 11 09:47:21 2025 IST <gamana@Samsung>
# name: awgn20
# type: complex matrix
# rows: 2048
# columns: 1
 (-0.29731256515362081,-0.2412595617612488)
 (0.92161449859530353,-0.31353545035592256)
 (-0.9450774859882084,-1.0395854027693301)
 (-0.26743730981708447,0.36988998682403912)
 (0.31448240314197506,0.24234412852514053)
 (0.39266928525777184,-0.23348739804533258)
 (-0.43717254032981806,-0.39248974168501216)
 (-1.0206910139977137,-0.92679562929526527)
 (-0.44644073513934368,-0.3354384857003595)
 (0.2665479865846056,0.96353078238460466)
 (0.97121948011212422,0.87968649997631132)
 (1.0026825794112089,0.95726097796177245)
 (-0.90858376365644911,1.0299231264263522)
 (-0.42740295906504477,0.26084913572171725)
 (-0.91241135056410128,-0.85697406535969467)
 (0.8967687363788569,0.97282959991521567)
 (-0.97001170798880065,-0.87765839514905919)
 (-1.0588120397912892,-0.24368560024833008)
 (0.99210159290182698,-1.0177517024430009)
 (-0.35795879996852298,-0.40116445273307311)
 (0.31763132967676561,0.87700760260642907)
 (-0.89479264808433878,0.9647405829820338)
 (0.30677690494318388,-0.93783512563221749)
 (0.39635013729597307,0.92245446518204355)
 (-0.27382962641456809,-0.2761454788115188)
 (0.94955598031943189,0.34364431646845883)
 (0.29768291949726788,-0.29556215276652376)
 (0.322347822977468,0.29859597861031584)
 (-1.0360699702611604,-0.32924162786880057)
 (-0.19283476352802456,-0.75967206875934035)
 (-0.94549287889122813,-0.35837893399298237)
 (-0.36052887011587387,0.38382693078118141)
 (0.9245705932217041,0.92285107077786943)
 (0.94200309708346575,-0.32634840189831466)
 (0.34595184255092604,0.36437171360932064)
 (-1.0420088662475087,0.31550250304152122)
 (-0.89031176879151552,0.92784903635326665)
 (0.33345840366790963,0.90245669949351448)
 (0.27264087591015984,1.0258389599713602)
 (0.9430687986193419,0.25649571365197704)
 (-0.31330354104002356,-0.9507302691489099)
 (-0.94082278752547621,0.26624134930492338)
 (-1.0032130076801171,-0.33367005097011426)
 (0.98041358849064852,-0.22963924149703721)
 (-0.29280939651143334,0.91406888510946882)
 (-0.98227404688700271,0.33376747968588855)
 (-1.0204798545175793,0.22684458079569339)
 (-0.33115737165701747,-0.91611379829227513)
 (1.0453392898432119,0.955716310081966)
 (-0.96526257218680944,-0.90517996067333439)
 (0.45206205296442736,0.95337316386843429)
 (0.93872143556841636,-0.96293142179213964)
 (-0.30346745564564603,0.34474006994242046)
 (0.33888670224807138,-0.98925852954292448)
 (0.3608462007117974,0.33831933994571789)
 (0.91758341694031842,-1.04812509435916)
 (-0.28657428827877018,-0.40591369244157643)
 (-0.82230743793001482,-1.0198601553601467)
 (0.80573279275661536,0.96399360187845007)
 (0.23764875841891123,-0.31032158323714887)
 (-0.90253696451708776,-0.28458310430373074)
 (-0.41066328246837158,-0.3299787140170502)
 (0.18904410897993659,-0.95956349213354108)
 (-1.0056134763157956,0.94859188852154031)
 (-0.34899283327234243,-0.22842956587135466)
 (0.89362755703433427,-0.2822205010638244)
 (0.94857871187858833,-0.97498545299564721)
 (0.94282303188032746,0.38889321240935215)
 (-0.25917615247327785,0.88132628451903805)
 (1.0284035284195043,0.32203486253968489)
 (-0.3103628441019235,0.32944194311220271)
 (-0.88865453421846241,-0.43267577186340067)
 (-0.30432110265030515,0.24799535477440954)
 (-0.34170751844624359,-0.97259686244664834)
 (-0.8729184281402933,-0.24374171563418923)
 (1.0032337689729109,0.21463713323122857)
 (-0.43309925680941164,-1.0717514376943957)
 (0.29759393274341606,-0.91607539281868877)
 (-1.0235042116656754,-0.20655585458284878)
 (-0.23546353336956732,-0.88256810646508543)
 (0.37039357191402034,1.028923758338238)
 (0.94926946494772046,0.91841366100516109)
 (-0.86731873016338967,-0.97371612715724187)
 (-0.39216216985751629,0.9999015023810891)
 (0.37572523123069274,1.0067967782655831)
 (-0.87664004172296972,-1.0273405813524212)
 (-0.32264906655830361,-0.33088307211656126)
 (0.99452382423148389,0.9157733790342838)
 (-0.37374528519870759,-0.34883017223562723)
 (-0.90597833763631219,-0.16187794363181471)
 (0.88343240086331165,-0.25426704774021164)
 (0.31561382169588598,-0.4742582261991044)
 (-0.35385984393436393,0.96465812322117794)
 (0.31452456358065489,1.0318364067321519)
 (0.35103666972112529,0.26195008193632463)
 (0.33409191996601389,-0.863622356220902)
 (0.35614542233787821,-0.27414629639076649)
 (0.99176798220544127,-0.99119048105556518)
 (0.44373563526252346,0.28277164263738302)
 (0.22767384783347067,0.32361896914314825)
 (0.9752296360113234,-1.0455568129239212)
 (-0.43851475003614759,0.17130728978144544)
 (-1.1398688736936264,0.87627832098583935)
 (-0.3218843435347869,0.90955020165381073)
 (-0.95592100395743762,0.34222906867066016)
 (1.0174374233353045,0.34003418041913319)
 (0.29814552456845561,-0.97338920920742977)
 (0.38969929377331947,-0.30381007697060841)
 (-0.33949242072200742,-0.3990697482579707)
 (-0.33520045646831209,-0.35048032721637262)
 (-0.96870040490414011,0.92396767577067829)
 (-0.31488629537369039,-1.0290097083216154)
 (-0.95072409291428794,-0.31825400975585816)
 (-1.0225873854258845,-0.92401221027684888)
 (0.95196913446741238,0.92533920061284991)
 (-0.43594181576671376,0.83242486037308383)
 (-0.892490889940869,0.42421057997630629)
 (0.97381582999456839,0.91823057366602945)
 (-0.95023851790956548,0.32351050064017217)
 (-0.22109029181757106,-0.91996294399551815)
 (-0.2364136732531173,0.8649960090033898)
 (-1.0313657928787003,-1.0291391950244759)
 (1.0587825071628509,-0.25445172284179723)
 (-0.39145322435554697,0.91505585226780262)
 (0.38640145243115481,-1.014136990933225)
 (0.37501264946796364,0.32748193994728969)
 (-0.88159983552974008,-0.93881261183400211)
 (0.30147912575322644,0.84423818557907804)
 (0.91372583741448277,-0.95656486869144453)
 (0.96725677253431175,0.25916226449577484)
 (-0.28860285750529474,-0.88691600471234777)
 (0.18775241264511169,-0.37984754532460946)
 (0.39094842529524981,-0.35516920987662121)
 (-0.95620779256194766,-0.22163684315556315)
 (-0.28331018194574925,-0.90454307418367674)
 (0.2526917010463865,-0.20607209344420752)
 (-1.0209586374291266,-0.98001369664568472)
 (0.40210153919098723,-0.35816878367683913)
 (0.31996668924209087,-0.99880558583505508)
 (-0.97472420882677813,-0.32076864539861333)
 (-0.21406677409150177,-0.9821640369881478)
 (-0.34001513515924148,0.90095193723439571)
 (0.9290582045964294,-0.32076941369918799)
 (0.96622855007784925,0.92747732235747082)
 (0.26534646041830523,0.89687247146311166)
 (0.23551453020104338,0.89617105197232261)
 (-0.15170509891631184,0.22546865414810208)
 (0.35769034706844094,-0.25078403187361165)
 (-0.30115413863371715,0.88383483897248549)
 (0.2302790574789868,0.97200720189408552)
 (-0.29100326837558932,-0.30084622476444467)
 (0.87420364548737095,-0.30872670513119516)
 (1.0454042729162711,-0.35001453787362108)
 (-1.0165089284021638,0.37008977190836306)
 (-0.89920642522979211,-0.89494703290931288)
 (0.39208530433111605,0.878900123545029)
 (-1.0159866904423425,0.89028305577433653)
 (1.0070054408002485,-0.89002976165136261)
 (0.2739844207530725,1.0214461654331357)
 (0.24413644347773067,0.91961120813929753)
 (-0.98712091008189395,0.96538254817931357)
 (0.27464615344401327,-0.95574768461222381)
 (-0.32577619484286574,-0.87467614997397314)
 (1.0559252809487885,0.37112517193681965)
 (0.86054934946243511,-0.11016828947091836)
 (0.29157905700306797,-0.97034302426357022)
 (-0.84451758038959746,0.28144438232500785)
 (0.9742679580248037,-0.92757278828763634)
 (0.96594164488641099,-0.39333167183828754)
 (1.0095255685841811,-0.40294726528970221)
 (0.96892084588516858,1.0283886607399189)
 (0.25425085711897033,-0.33858246441974182)
 (-1.0568323283073084,-0.86816738011351791)
 (0.99211537989903875,0.8941314794419909)
 (-0.92820019148728761,-0.97556205385383876)
 (0.99643216317332917,0.87289904073031754)
 (0.97772100368410864,0.34998740181903321)
 (-1.0606414817583372,0.32992244171337859)
 (-0.29940169493259594,0.23893568517686897)
 (0.33374741333456331,0.97147683240509719)
