# Created by Octave 8.4.0, Thu Dec 11 09:47:21 2025 IST <gamana@Samsung>
# name: rician
# type: complex matrix
# rows: 2048
# columns: 1
 (-0.75900655571068609,-1.7846450042971465)
 (0.4842662770359209,0.50642061660692816)
 (0.14615587822562393,-0.25848513990254018)
 (-0.48648740515957406,-1.02877105873237)
 (-0.16198874634559057,0.30705409322267635)
 (-0.14603122224941928,0.65553920134329102)
 (0.39013209958224526,0.51205334224103283)
 (-0.40997111731650104,-0.84279743483018033)
 (-0.7921881108111094,-0.14060079484982876)
 (-0.81875153635396036,0.69535774710321507)
 (-0.60766496330251518,-0.91127915062065457)
 (-0.9298297402297574,0.36525202587754513)
 (-1.4218125420815717,0.35038612508820455)
 (-1.7323048119724009,0.25459934491014935)
 (-0.80785701422151202,0.2561425517678419)
 (0.87151163728854075,0.50358913388544324)
 (0.084961663406024623,1.4381503750757907)
 (-0.71478822315681956,-0.1013837405400175)
 (-1.2711043815806613,0.30062124577779781)
 (-1.3096431177193848,-0.70049105924586308)
 (-0.19336012102905115,0.99845176077636677)
 (0.21303219469780621,-0.27066010453867212)
 (0.28582174167726848,-1.1135224145969216)
 (0.40173236416435054,0.092588174554482192)
 (0.22780063362959208,0.15341131965481725)
 (-0.070718364893953667,1.1146104419499041)
 (-0.48433911135707863,0.42000627773884658)
 (0.15495234483964879,0.14079290905646741)
 (-0.89378419722105684,-0.81744335322188078)
 (-0.3359240413551095,-0.5095599688735859)
 (0.06185776828359324,-1.2146997821386929)
 (-0.23647948977154787,0.73756585663283047)
 (-0.14992350329218118,1.1554663443155251)
 (-0.028681326294836669,0.11186642048530568)
 (-0.35752619479376624,-0.76461340842279535)
 (0.14147578014256626,-0.9855836110823708)
 (0.27762382056242912,-0.3604348652602663)
 (-0.35961174740266272,-0.088453333332692285)
 (0.32632777225135456,-0.093692303804989524)
 (1.2036565220717839,0.69406305637355747)
 (0.68848297200889341,-1.0301701120151505)
 (-0.50542562925776124,-0.90136909212593386)
 (0.017035093510640864,0.49753409353256384)
 (0.27587353269930165,-0.92807247591839959)
 (-0.0017810387137159323,0.35023701622809272)
 (-0.86827187964502939,-0.50105490434809585)
 (-1.432875399724129,0.23282945003587002)
 (-0.12749358178813991,-0.81922381872942296)
 (0.31328237398873576,0.49376106999936664)
 (0.12831132612791757,0.19492833990508329)
 (-0.75036321137422846,-1.1341718190432901)
 (0.92689891771105226,0.80633681513524813)
 (-0.088288034738585222,0.18314805263302947)
 (0.91327812284342025,0.22929486583061021)
 (-0.94722072760076315,-0.25482075702248774)
 (-1.1962206571074887,0.38964016968583742)
 (-0.064199859958797595,-0.55334814744632399)
 (-0.23761430987216248,-1.1697362304721242)
 (0.77983190344729958,0.93560165594703171)
 (0.89414056196765057,-0.35549856790343065)
 (-1.1576188908124907,-0.35836701511017627)
 (-0.31932490192436941,1.0816480990994182)
 (0.3055090616220163,0.85084838865268819)
 (-0.62892887406014797,-0.059510665202472224)
 (0.23765973773647198,0.9124273944033281)
 (-1.7999956041674361,-0.16985550608306899)
 (0.35615844392210777,0.71972325204045862)
 (-1.5249472844168532,-0.49826703277297602)
 (-1.1736808789239654,0.16392759744847624)
 (-0.29074650628443194,-0.41126928600763074)
 (-0.16813768477182808,0.53995216447915961)
 (0.00048952322536797988,-0.10483673507649584)
 (0.22402379564547054,0.80197458042043457)
 (-1.1040460762689881,0.8191321791542181)
 (-0.10516519849418632,0.69058209542653493)
 (-0.52933209282722704,-0.29993539052434182)
 (0.023784406315575962,-0.42430932663364096)
 (0.02819128478599664,1.2185013522543704)
 (0.6381172489121365,0.78078972680319936)
 (1.0125799286544175,1.2882861677996624)
 (-1.1343272969601932,-0.78482198364098466)
 (-0.2987425128509692,0.4696403521606044)
 (-0.22825611651433342,-0.33684363025139108)
 (0.99906470135308956,-0.24478830435617882)
 (0.76506444367302295,0.44300772662684218)
 (-0.75754853942650924,-0.51521672449077449)
 (0.82502114529938408,-1.355655981726581)
 (-0.13942066785148172,0.34788877622510739)
 (0.23136566697106148,1.0205393067607809)
 (-0.7278262066752057,-1.2175399412984613)
 (0.29099114407816229,1.0419677630280202)
 (-0.30504271354234436,0.87360440146880114)
 (0.52076748138116002,0.062679786106186103)
 (0.49224593588077792,0.44712451346290571)
 (-0.3201859849058577,0.08347676695649317)
 (-0.69979349088207166,0.80634430893828135)
 (0.43477683173953385,0.49448196466990463)
 (0.0046457685606300092,0.39940984729131135)
 (-0.6462814489294556,0.62994202254834986)
 (-0.20610856752449519,-1.0248368374106802)
 (-0.5353473051569666,1.3386196247526887)
 (-0.65879971781304825,-0.17432056158880377)
 (-0.98233503377304887,0.38401409181629775)
 (0.31932747136837408,0.22050476671577213)
 (0.53376275290318609,0.63815315107251602)
 (-0.36100234197837444,-1.1431616823861488)
 (-0.46833554172360331,0.80909879202597956)
 (-0.33418003726228562,0.32788546843745103)
 (-0.75030930401563567,-0.10661547343447583)
 (0.22760637944285431,1.487541675605708)
 (-0.44821692118981715,-0.48804874667082387)
 (-0.39809263980569992,-0.53481771482319396)
 (-1.0436361030560133,0.36934726154217007)
 (1.199057574325316,0.20083429472538417)
 (-0.36396658848331098,0.25392932446252114)
 (-0.85235109956899846,-1.3823454719339101)
 (-0.87742926141797983,0.091208515986973104)
 (0.81518678281403667,-0.01839923176655972)
 (0.84527312847220959,0.83609797932901786)
 (-0.5715978596203608,0.60962161309115337)
 (-1.5620657546883707,0.40437154384821627)
 (0.36430247280932648,-0.50843756414353813)
 (0.22545923298486864,0.38294826597885662)
 (0.44976979076419432,-0.17351294832662653)
 (-0.37327190603639643,0.8195201654993407)
 (-0.29559885118837215,0.19150437069239115)
 (1.1341768340744025,-1.0481141547020609)
 (0.31362754956939543,0.59044189591912566)
 (-1.5715773247839477,0.3778512842413736)
 (0.97885020806747347,0.23876419687147216)
 (0.99973821272679342,0.35405641088607492)
 (-0.87931975812070962,0.86967487143448685)
 (0.8851048464065745,-1.0212481456078515)
 (-0.53678202194470415,-0.42450766692708808)
 (1.5075691177551456,-0.75624049759457135)
 (-0.39612407194621385,-0.39458359611036925)
 (-0.55078728402768329,1.991782087489703)
 (1.3219730509316181,0.084791818278492137)
 (0.2688015180929843,-0.7032102743821016)
 (0.57075029178763059,0.66797642282247494)
 (-0.059938739708156344,0.29323426241834749)
 (-0.1083948903157816,-0.30524748417424086)
 (-0.36102681875233417,0.11552880569354164)
 (-0.20723348672454034,-1.4811734748163023)
 (0.15011892341444355,-0.80472690751338238)
 (0.2193539335179947,-0.51525036977217475)
 (-0.6366833342148337,-0.73612971372334823)
 (-0.60265524922216906,0.75937732985675188)
 (-0.30217568842357545,-1.8522803568845778)
 (-0.84463495725147963,0.99852494494780963)
 (-0.56170467357982679,-0.47709080464808196)
 (0.040920849255342617,-0.2868632646543684)
 (-0.29876642602572479,1.809045921280281)
 (-0.02573027989301746,-1.0438928016368416)
 (-0.47946977553483122,-0.32956271103547136)
 (-0.21100518158214487,-0.72639862431191382)
 (-1.2302788231151034,0.61698806932429162)
 (-0.12220555929803398,0.40930093443810611)
 (0.8118238151905337,-0.25795967699816635)
 (0.42889441053728072,-0.60408246359353202)
 (1.308854537438966,-0.45291720948948933)
 (0.6264889628257998,1.3390199744508959)
 (1.1658410784741953,1.226896696895958)
 (-0.12014333057243165,-0.13161972615506545)
 (0.98800156234827974,-0.96484241260567771)
 (-0.95321319917637071,-0.048869366939115672)
 (0.62568328726261702,1.6487483607198807)
 (0.586358113478754,-0.19237570110742908)
 (0.060326638003910305,-0.67440538889925694)
 (0.9019940475630448,-0.29162541210702275)
 (-0.13856907215247388,-0.99511624407992783)
 (0.60605537025548162,-0.61130502378158114)
 (0.28551312355634417,-0.1400046255053623)
 (-0.16772867740528957,-0.9168391355361305)
 (0.68769398725012365,-0.13591459333062197)
 (-0.89939216432385949,0.10832201082081122)
 (-0.55523734948448822,1.239098491133245)
 (0.65491328416795558,0.763246143578312)
 (0.10788442874545404,-0.38004004363185373)
 (0.66970488228114367,0.25531705898796475)
