# Created by Octave 8.4.0, Thu Dec 11 09:47:22 2025 IST <gamana@Samsung>
# name: rayl
# type: complex matrix
# rows: 2048
# columns: 1
 (-1.0588032215976526,0.75530443951482218)
 (1.5036611011093273,-0.63383607328041336)
 (0.037371486459977343,0.055735977894179861)
 (0.47046864292129342,0.50938316436186815)
 (1.1646932356945499,1.1607523129300645)
 (-0.34613067659979779,-0.52867003464344564)
 (-0.93572582465255105,-0.76041980881393378)
 (0.17644846113501803,0.24274065068359385)
 (0.10831279684824396,-0.6317884211109992)
 (0.18853510451312949,0.46852013440054713)
 (-0.20619700779821004,-0.17750432465234178)
 (-0.18646939797409101,-0.40874999878885721)
 (-0.22426732384457515,-2.0555635256904723)
 (0.87128434336175153,0.897589181946437)
 (-0.37917625947439948,-0.033066797448643076)
 (-0.20015695225400568,0.19908883488846399)
 (0.30967576195029445,0.14259807668297966)
 (0.76608695331415921,0.091387470093527823)
 (-0.97362076672620357,0.99299789678515382)
 (0.06559068766348386,0.80043463986216767)
 (0.70988247411538907,-1.2134324312765026)
 (-0.53742239047260743,0.84051300032002696)
 (-0.17929716173848606,0.21481248501525577)
 (-1.0969910065749211,0.51838477289808738)
 (0.4013662168380398,0.14790720495287707)
 (0.29655902989726574,-0.048645801454044721)
 (0.47763250261279222,0.23220433146971844)
 (-0.61599164767497572,0.29219438408577159)
 (-0.2408129799605368,-0.010214597231686662)
 (-0.16914144610226295,0.18863080929666562)
 (-0.19469559985821899,-0.35869322080252969)
 (0.72316248196092991,-1.1204806508715566)
 (-0.22666544672670258,0.62591429116432606)
 (0.47068083727281218,0.9989363683378838)
 (0.18105035063769503,-1.4001145222950568)
 (-0.36085963577436064,-0.92221434176696782)
 (0.12601206871593595,-1.2567342860147432)
 (-0.30732868709748085,-0.67001480211759734)
 (1.288344471997104,-1.6376871962301438)
 (-0.30572884983986925,0.2633482549024122)
 (-0.0076621047570210876,0.32867806050963133)
 (1.1759282949782484,-0.19308428719040888)
 (0.0085453596846140067,0.23216341582610739)
 (0.98559912470777156,1.5205647252289476)
 (0.039162859570846725,-0.26310261511231214)
 (-0.038269063328977976,0.48075957930917534)
 (-1.1092340093578694,-1.2757330071817394)
 (-0.24833568268475936,-0.8198704368621399)
 (-0.12327804775014933,0.32851589012569576)
 (-0.11689704869496843,-0.010426703804048434)
 (-0.20683143644910237,0.1543121536918679)
 (-1.3101365874584925,1.378662565145687)
 (-0.20536733826934422,-0.32527811183896443)
 (-0.076923632459004743,1.5225732501822129)
 (0.24915923595777362,-0.0082206589264705171)
 (0.58361813427395004,0.49757818613577631)
 (0.5345283740746648,1.2057731316539633)
 (0.37214525867383341,-0.024627768383761003)
 (0.52208462496333286,1.0242411367943514)
 (-0.48891113009918241,0.58266054835707548)
 (-0.097648895158523763,0.026309978153456315)
 (-0.16650772461450153,-0.91566592808098857)
 (0.31364064894561822,-0.46031980210992829)
 (-0.67190070165074256,-0.26431971478866267)
 (-0.29989559309198965,1.0171846540898823)
 (0.51321629576040428,-0.0020574776558536234)
 (-0.43475184184222271,-0.40901663273013561)
 (0.75812197909003409,-0.99167926910444948)
 (0.71640732574950317,-1.0969908214502211)
 (-0.27727939103313204,0.27098576360326304)
 (0.077128207174772367,0.79764281781321289)
 (-0.2913059285146693,0.052462969394449471)
 (0.49784960190321592,-0.80956406258014268)
 (-0.15029607808247894,-0.53080975797396579)
 (0.52119416674197239,-0.95614119230328765)
 (0.59692114322223566,0.66812111127889373)
 (0.026298064528186893,0.91793356926359748)
 (-0.51621354140641518,-0.72021132434628421)
 (-0.012107194445848915,0.18086637304732234)
 (0.37356033997979748,-1.3538414989982535)
 (-0.58541681302634019,0.097841041699198689)
 (-1.2157606307743121,-0.68427169438771807)
 (-0.81696616060954119,1.0237161980088936)
 (-0.11038757986035708,0.28870901045934044)
 (-0.70689605695847513,0.82678416257050502)
 (-2.0965640303824808,-0.61437620219263811)
 (-0.46127568642575684,1.0593001467647409)
 (-0.39754858177775537,-0.40944370363071608)
 (0.4051949355630069,0.21065271549644196)
 (-0.61487479008711099,0.95920614926523773)
 (0.5922089300349338,0.33953147102679543)
 (-1.0719563626530155,-0.64681272481066865)
 (0.26434319344938007,0.91818718021363677)
 (-0.46937631294835302,0.26377193391252585)
 (-0.0071759305606489271,0.085066594938571313)
 (0.64770942378989715,-0.27197661860619798)
 (-0.088537601185904605,-0.48169040484185588)
 (0.12696391926336875,-0.44932322682148035)
 (-0.3677296533486758,-0.28741230173713073)
 (0.76315591425425999,0.44853376909541209)
 (0.23104544450301054,-0.064749297833547242)
 (-0.82334157124444562,0.22704127936010363)
 (-0.72746225650623686,-0.76747657052661289)
 (-0.23195219015180468,1.4423915340762752)
 (0.39384399925437985,0.038578596012864147)
 (-0.31331474384811081,1.0159935587887499)
 (-0.1810006309272548,0.65277105012527525)
 (0.42173307774501023,0.16376219744359877)
 (0.82511792436752529,-0.54076344469270921)
 (0.17771652127370541,-0.40978662598169624)
 (0.25811787347276066,0.21019132727032777)
 (0.27091285547392158,0.25276264521422592)
 (-0.50327849134146363,-0.3627961675036927)
 (-0.45543418762988613,1.0061988211829771)
 (-0.03854218855995592,0.42293690684123597)
 (0.3363641209900885,0.7197312239203556)
 (2.5856847984211946,-1.079634610945132)
 (1.5645661384776914,0.20558075555603916)
 (0.88736062619898359,0.87453812590964508)
 (0.38538676877601674,0.68379921727163884)
 (-0.79455218126625915,-0.068723318990922905)
 (0.54245345909840803,-1.575805519890277)
 (0.2143827723854036,0.73028814551393695)
 (-0.5937522284720006,-0.57066814192667026)
 (0.53506065342750508,0.44954407678613023)
 (-0.45506495750313436,0.61528262534815892)
 (0.023286370672690626,-0.73013102631145399)
 (-0.71076301854696666,0.77277718037438548)
 (0.48583442690894663,-0.33887146266747059)
 (-0.37887460028994346,0.10441546797598375)
 (0.3659190785620261,-0.4169987661846431)
 (-0.89752999215450413,-0.063417200569317045)
 (0.22305519217105468,-0.11647184266977002)
 (0.22137948347197722,0.50648421833551127)
 (-1.3911742230942701,0.11935099998817189)
 (0.10740613264938577,-0.57647509971097499)
 (-0.98508236330238308,-0.0057412307626025783)
 (-0.54961064262314707,-0.00089881493736360119)
 (-0.037800248405659306,-0.40298037608681525)
 (-0.45390924169585145,-0.37771948102471981)
 (0.33505889000558631,-0.13817842124754234)
 (0.11955846616409156,0.36719277241990705)
 (0.88010270609054808,-0.81262901287249056)
 (1.3476239987652736,-1.2600344502964613)
 (-0.012386525844667304,0.24800421619595953)
 (-0.62272148365421187,-1.1534587889007346)
 (-0.829409085818958,-0.9783663279406819)
 (0.53048600043587857,-0.16514388582218462)
 (0.141361181914294,-0.543822923508125)
 (-0.0061849905298010793,0.38003682032494512)
 (-0.29481672029470385,-0.35252037780620071)
 (-0.14806549505324412,-0.56130754580163433)
 (-1.3586898282240372,-0.50152780809861575)
 (0.45754421172805493,1.0401553483698343)
 (-1.2449638132028193,-0.12415861970967157)
 (0.04120808431727397,-0.047145578672313324)
 (-0.11819526408314672,-0.26401263721331747)
 (0.43621023158303607,-0.16850598146171272)
 (-0.32940617984474863,0.1859761792566178)
 (1.3778545490597804,-0.26797115244063402)
 (-0.074182124711777958,-0.78065008394159696)
 (-0.88980689447324379,1.5318652699617286)
 (-1.1607888172827312,1.4512154171443672)
 (1.1999424143743203,0.21641386169893306)
 (-0.58797509264636294,0.65435373230237071)
 (-0.57087346935518779,-1.4937101897212255)
 (-0.24829940676110718,-0.78274452399298833)
 (-0.3565302724355538,0.43781002903912491)
 (-0.12911414776925742,0.60779342902004951)
 (0.22425780243354565,0.13091328741679104)
 (-0.30351234302268154,-0.94754230408241735)
 (-0.22772941294478605,-0.03912331407120602)
 (0.15851633807313611,-0.20005341359443587)
 (-0.95734871612764749,-0.64029804749043873)
 (-0.8366909198399044,-0.092497243005261354)
 (0.39497378935844429,-0.13606896316945527)
 (0.086012388595382988,0.38246344728964449)
 (-1.3898065674602504,0.94584846684981994)
 (0.97581262368079824,-1.5332310281098289)
