# Created by Octave 8.4.0, Thu Dec 11 09:47:22 2025 IST <gamana@Samsung>
# name: awgn20
# type: complex matrix
# rows: 2048
# columns: 1
 (-0.98434425607521414,-1.0192281364854834)
 (0.33137439421973691,0.26025132397143902)
 (-0.25193082916551368,-1.0382521719198616)
 (-0.94539858590133241,1.0394201172944828)
 (-0.92315166808823967,0.98553805233897196)
 (0.88081354614870022,0.92830705240724509)
 (-0.2462733941582721,-0.25808897942379616)
 (1.069432703519424,0.90404228638106221)
 (0.80216107204459541,0.46394586753615907)
 (-0.93710751970482531,-0.93292869706695414)
 (-0.24349565981689952,-1.0011499449493972)
 (-0.86296773836508067,0.28714003777982428)
 (0.38987568406361861,1.0164505802101236)
 (-0.32473707775146815,0.31464797615775431)
 (0.89401476906976518,-0.30897801491528953)
 (-1.1391925407432606,1.0480934642029367)
 (-0.92748633272122172,-0.92851023481073403)
 (0.30617480815883841,0.40248815255278164)
 (0.86672068718187634,0.40900808761988583)
 (-0.94313108692848657,0.3291105117163311)
 (-0.9271644285122338,0.34647228536985292)
 (-0.4626742601154411,0.89233544840216827)
 (0.21831418470591246,0.21738172085395185)
 (-0.15952146058775935,-0.38772845684874102)
 (-0.39650063929826901,0.33754273559308523)
 (0.36808094567181177,0.86851467702982121)
 (0.33902003525301472,-0.46143449052996144)
 (0.31804964245422473,-0.91095522240628179)
 (-0.8475406589270037,-0.23264678531934704)
 (0.22767739365553114,-0.89210485089282721)
 (0.9463044024827314,-1.0704785970855033)
 (-0.32735734030738778,-0.88564577832352909)
 (-0.91166268649362825,-0.25393579625714979)
 (-1.0315015145763551,-0.26835332008645363)
 (0.31864833981572049,-0.87884895632719351)
 (0.90933023498310517,1.1929255721304495)
 (0.89568094255283182,0.31765140684708837)
 (-0.8724455564684418,0.27521346978535666)
 (-0.32231361867784181,-0.25369400445300194)
 (-0.38854493903543652,0.35707185063247215)
 (-1.1035124140490487,-0.37686566547529965)
 (-0.95072158155723385,0.94544675960591762)
 (-0.33612559032918859,0.98611554902559162)
 (0.89096462665902942,0.415165734409917)
 (0.32994521065308702,0.32943157018943525)
 (-0.98180901268765963,0.26760733431706785)
 (0.24024110847153929,0.95343813388786591)
 (-0.90733570346348957,-0.96740484301036611)
 (-0.73490317871935396,0.99834984896558698)
 (0.95654002902859225,-0.25886845803459874)
 (-0.28565492631721906,0.82839513549455646)
 (0.32980688269568148,0.26964502103185828)
 (-0.9748532827138624,0.93334739789474852)
 (1.0099276605596763,-1.0772109058853907)
 (1.0708510486866598,-0.28652565946192904)
 (-0.34944714361704726,-0.33276696451059851)
 (-0.35912159361295731,-0.26814559102394525)
 (-0.20040025768446224,-0.37740987399076714)
 (0.99456990291472003,0.89096585699155595)
 (0.97678613313808649,0.32683622440973165)
 (-0.27366779242202371,0.94479841649754837)
 (-0.90069660660962902,0.88274070922711356)
 (0.3653555577496489,-0.88028894200605234)
 (-0.27352622941364946,-0.29234970506779911)
 (0.42680872489925165,0.91317120586915057)
 (0.90382485681939784,0.4776644513602839)
 (0.83356837916696502,0.27597832751862283)
 (-0.9999621459377499,1.0055634570858336)
 (0.98566067274615088,-0.41411758668705512)
 (-0.92746832903931375,-1.1055832455086161)
 (-0.31331551235359384,-0.24691699724800692)
 (-0.93528631806036844,-1.048508947160832)
 (-0.3681480041397488,-0.30213727634927467)
 (0.99362066940795557,-0.8730723029711549)
 (-0.40233222991226925,0.9641043031268075)
 (-0.30271498640586719,0.96248765827935878)
 (0.8396696264210145,-0.90771188801486635)
 (-0.34242333033879074,0.22706067437406913)
 (0.97970524025130545,0.7538188096766083)
 (1.0245937845577275,0.33377058372857432)
 (-1.0430262523385163,0.4146516525165781)
 (-0.30533196168495047,0.26371217138730524)
 (-0.33557732694324283,-0.97252315606551554)
 (-1.0442822812721169,0.90816967294538664)
 (-1.0563364516371003,-0.37113596224573736)
 (0.94159029173734454,-0.8890004849840567)
 (0.38695054488657937,0.35831504360298788)
 (-0.99705029793863975,-0.24739412543186579)
 (0.22979608925951089,-0.30208267182165854)
 (0.3424443173191668,0.97403426694775763)
 (-0.82527859163182804,-0.36620601418527254)
 (-1.0305374264943716,-1.0470137756491067)
 (0.94474504297245221,-1.0183932232538861)
 (-1.0009207159657423,0.79802009462933021)
 (-0.34197129283518996,0.90883725010240501)
 (-0.90807491763593839,-0.26084170190757378)
 (1.0354060717864833,-0.277166337468705)
 (0.96341276277585319,-0.27500043012378972)
 (0.929414340527845,0.28867804155549359)
 (-0.3819522835599593,0.95496600199897219)
 (-0.91670669609095523,0.2966357371256329)
 (-0.81221538333668286,0.90657911151933923)
 (-0.29043693681650479,0.35132113778301044)
 (1.0202232569261371,-1.0365586785820811)
 (0.27424242334068766,1.0049894035396938)
 (-0.30002953105654034,-0.38841755333457939)
 (-1.0507652335741646,0.90171456031131847)
 (0.37320989181783087,-0.33260329589384696)
 (1.027738567583756,1.1188857008883506)
 (0.9537262019407261,0.2614778540513244)
 (-0.97135937257237259,-0.94300779150732839)
 (0.26108710869397611,0.97686423165489056)
 (0.95975637430234217,0.97005259638556607)
 (0.30817266065782623,-0.31875241279108851)
 (-0.99815555109716703,-0.23978244673414828)
 (0.25612378533807573,0.92425007124009484)
 (-0.97102699063143316,-0.88317618609637982)
 (-0.82680174092873404,-0.87183259841077665)
 (0.16214607413180895,-0.86967102854386158)
 (-0.4227582823714654,0.3687030304927692)
 (0.98305982355926291,-0.89062332415142231)
 (-0.20021414339436922,-1.0007882878445473)
 (-0.93449558877534245,0.84333933400570382)
 (-0.9722183340967131,-0.86830253930808343)
 (-0.9122311647215956,-0.87044377280071283)
 (0.38175753373268123,-0.30847414482507879)
 (-1.0407929828316,-0.93280554370190039)
 (0.33534360764853016,-1.0360923578579584)
 (-0.9591131525467913,0.93759412387565955)
 (0.29079589170889203,-0.34841853379134308)
 (-0.37482492069814444,0.45954384762254541)
 (-0.89538369564099551,0.92177614016160125)
 (-0.98424063517017335,-1.0600526729596682)
 (1.0137415155308189,-0.97829862876580065)
 (-1.021208870455792,0.27035516759925349)
 (0.26565947003248813,-0.22922242010620114)
 (0.97896303013500308,-0.21448814992144075)
 (-0.94474992634902522,0.45382011404411438)
 (-0.27710504233421185,-0.9054228358512717)
 (0.23260692434263958,-0.42357357937711104)
 (-0.30821917476419569,-0.35986634410338131)
 (-0.85072319342169223,1.0473362895572527)
 (0.89666687545321788,-0.8875438531861235)
 (0.84411144834728313,-0.32291200711907281)
 (-0.28517254593818164,-0.93592762545731167)
 (-0.81338894109119619,-0.95792937814383305)
 (-0.27877283764416128,-0.92286902775103608)
 (0.92199889417494307,0.87050396146559117)
 (0.34210476870159978,0.2403739746874691)
 (0.26372364919623581,-0.32981501934196328)
 (0.27438035330705152,-0.29427573628257608)
 (0.85455908001781999,0.29116860635551389)
 (0.88664795786022277,0.90352787857257344)
 (-0.32610478453402053,0.24549553803865692)
 (-1.0015011229594115,0.97138566870310206)
 (0.97095305223211348,0.29042199568102917)
 (1.0068268256795743,0.99127139540921361)
 (0.85693845857832085,0.86867674780977389)
 (-0.84950513249599124,0.36698635421550552)
 (0.29124727126014144,1.0092461280513445)
 (-0.34550783429522591,-0.89787611881137763)
 (1.0332984563317718,0.87517837921863773)
 (0.89840630656089038,-0.91284529430705907)
 (-0.95994584325146415,-0.37763126285270743)
 (-1.075334335223268,-0.96026585698137512)
 (0.26705342210201471,-0.97657277942247012)
 (-0.97399873575691276,0.88432482123385336)
 (0.21025265764452949,-0.90572805148520241)
 (-0.95363711425453113,-0.36328600249875986)
 (-0.8777123071938927,0.24624973880683737)
 (0.34333965898047575,0.46605183466400396)
 (0.4181793173581686,0.88969494480459976)
 (-0.36159658475254919,0.26933157493384019)
 (-0.95093253629159302,-0.40406098602138868)
 (-0.90922900747300783,-0.22660234504989932)
 (0.92174290065627851,0.30453629155145068)
 (-0.28748534167924572,-0.2724929663580411)
 (-1.0434861343856265,0.29105805189299339)
 (1.0237404061489146,-1.0107537131698019)
 (1.02155250411631,0.30749661982442211)
