# Created by Octave 8.4.0, Thu Dec 11 09:47:21 2025 IST <gamana@Samsung>
# name: rayl
# type: complex matrix
# rows: 2048
# columns: 1
 (-1.3016667458700675,0.80468924016990107)
 (0.32905669272115595,0.16668497060028659)
 (-0.11117804026402767,0.49127150475134307)
 (0.1910784815293092,0.068625645896787602)
 (-0.4721942602536861,-0.26873904681115496)
 (0.8300176925798628,0.025884743838101854)
 (0.23870802574602473,-0.52425214138233112)
 (-0.3066273474767407,-0.56147228619683343)
 (0.1054538101449006,-0.15890525727230159)
 (0.0031275567063169807,0.78362854930326575)
 (-1.2277087851360298,0.22273939064655457)
 (-0.83938080846288543,-1.0114541638378642)
 (-1.3057535954874708,0.30716521629000115)
 (0.030795015134368761,-0.43476064018314609)
 (1.1519750791655228,1.721620777442177)
 (-1.8386019287874773,1.5544770673256045)
 (-1.7565696265840951,0.16245077674945196)
 (-0.20603700422183358,1.1306523251870595)
 (-0.12713741202480422,-0.42818441621068121)
 (-0.3948404751599216,0.35058053605687151)
 (0.85230232707035369,0.52701086752914206)
 (-0.46237273953347779,0.5461244945886905)
 (0.28158367164886244,0.86283986052737194)
 (-0.47181191314237392,-0.59532857044396581)
 (0.20115299137902093,-0.13365750412199673)
 (0.30329207574617023,-1.0751027280816339)
 (-0.89367152969928987,0.010445440406162299)
 (-0.9033803170500565,0.018840209444626388)
 (0.95892605181427881,-0.12247794746022342)
 (-0.12353103385473793,0.2424293759552599)
 (-0.089442726066460587,-0.058062634598893534)
 (0.58448276603350979,-0.64603902568746718)
 (-0.83217842090642735,0.4848078453786821)
 (-0.054583907727775619,-0.2514414284773091)
 (-0.0016510277376955568,-0.29847399597826563)
 (-0.85468126211703122,-0.28651383150512699)
 (-0.21902446593709662,0.27548766849687045)
 (-0.29429728589819337,0.18123771379202072)
 (0.16152170698768398,-0.95582365924865442)
 (-0.53975828095866529,0.59415924869679648)
 (0.81814906468688098,0.68189409605644702)
 (-0.13919867909022388,0.53107502050122812)
 (0.1395247888210735,-0.9274451318541872)
 (-0.49853790993583208,-0.085497916129071511)
 (-1.1802685133414412,-0.13018818481302094)
 (0.40291446777696976,0.24662399321262646)
 (0.17456901784413087,-0.50400743980366292)
 (-0.67204404561438802,-0.41513581859030191)
 (-1.0614691664856069,1.4641600997553299)
 (-0.014052028538288019,0.46928968968951157)
 (-0.075895675543511343,1.0332007522926629)
 (0.48756008634496911,-0.28281976600472986)
 (-0.021091061811796014,0.38163210589610175)
 (-0.97280379862645738,-0.075525750963341631)
 (-0.62659527139690341,-1.314986287573082)
 (0.38616071270111396,-1.5215734338810485)
 (0.17560306025544581,-0.020992076768432913)
 (-0.77738603364150083,-0.85249373249588145)
 (-0.090167132423591534,1.0920513117032145)
 (0.48431115342856912,0.10254363269147615)
 (0.053208403052907,-0.61901120066150406)
 (-0.19834655949809585,-0.23163270226037058)
 (0.34341414347927601,0.64518547896826506)
 (0.48479083116649141,-0.9676485851272445)
 (-0.10259294811941397,-0.23358077354241988)
 (-0.53515525291014532,-0.79825772159159336)
 (0.026229375942803213,-0.10348814607676586)
 (-2.5573752062231199,-0.98127544473566453)
 (1.2764738846726631,1.0624944216190657)
 (0.55652479431413071,-0.10564128375620022)
 (-0.092872891603414928,0.013705184011328447)
 (-0.23639516204950381,-0.10752980215577809)
 (1.89229315542411,1.152017544879445)
 (0.96762684734237314,0.56752512260174581)
 (-1.0282858337675549,0.027167513233806062)
 (0.1742221407608317,0.78423223126947295)
 (-0.89784136322071839,0.078253102621546278)
 (0.4276912130612131,-1.1666791865753481)
 (0.33926397404955577,0.011536704668192468)
 (0.24815203156097848,0.30602672124478902)
 (-0.85058214749385419,0.18731344914155662)
 (0.020858675255963022,0.65127433151226355)
 (0.41605693086909901,-0.37772194999765496)
 (0.38235599513859697,0.06485413458739675)
 (-1.2126546137619609,-0.78846540446984092)
 (0.091803704883643977,-1.15550058640895)
 (0.45900693950367072,-0.61449431847795044)
 (0.84760166935286674,-0.61319729932373568)
 (0.00057705530050328191,-0.88734780818181114)
 (-0.18020422796835889,-2.6120364815104997)
 (1.1969959810445068,0.58808666439508961)
 (1.5845488202847902,-0.29246963996466302)
 (-0.16036241885662977,-0.034284158250483254)
 (-0.1246134361046046,-0.16398303090331126)
 (0.10738289274975282,0.62853286924446583)
 (-0.41478491060760908,-0.90131166543248986)
 (-0.27893456909526498,0.63648070037976556)
 (-0.17783152057125962,1.3360847868033465)
 (0.76945451602619563,-1.7531832014264943)
 (0.10630150942316935,-1.2321646996261655)
 (0.42597016853046571,1.5505048155032852)
 (-1.0563950733904017,-0.07577200800872641)
 (0.29748289719318344,0.73193791782087403)
 (-0.19900097613333817,0.51777145026161298)
 (-0.41391400923933835,0.74234438601296371)
 (1.1127620628345891,0.21722876066992602)
 (-0.76973356040479068,-0.028075471971738958)
 (-0.11269829287679706,-0.83072173219250756)
 (-1.4687853157032911,-0.89729459258922017)
 (0.40892322193661512,0.17241973996853571)
 (-0.52276526364957232,0.85967594061163577)
 (0.24103564710344982,-0.049061089193257731)
 (0.15503176384386202,0.023217178592702874)
 (-0.5363141649322698,1.9315020224690638)
 (-0.71205406879743893,0.63510074387317283)
 (1.1928612011560569,2.2429634807308636)
 (0.26698981770018809,-1.1662290043426828)
 (0.70893997273041376,0.46228153876949074)
 (-1.0256624707119752,0.51593134495183934)
 (-0.96690485223166867,0.042599811831563195)
 (0.025852113734874338,0.91104768600822439)
 (-0.26908865463316045,0.10142199370252966)
 (-0.25751061840011202,-0.49977116922068721)
 (-0.18292343497540248,0.072824464821189358)
 (-0.29773755621233056,0.5978006248520934)
 (0.2327911818946406,0.42458794787097426)
 (1.6087630856133808,-0.83088440351635717)
 (0.50128714790020845,0.11878804487746823)
 (-0.022173622084954811,-0.3518488651857673)
 (0.16276367658548896,0.139746926456254)
 (0.026729890161490414,-0.170066530035935)
 (0.47434913559376202,0.076718435721710693)
 (0.34507942104066491,-0.13985132938001538)
 (-0.50099014071487813,0.19505775941685943)
 (-0.89768587093611385,0.16028117709374445)
 (-0.057781523176194394,-0.21810397726809316)
 (2.0586384268561346,-0.32667673765976168)
 (-0.38257224921760563,-0.17671705589246814)
 (1.5944232608423243,-0.49534353673356635)
 (-0.17460813869095845,0.56081140877959834)
 (-0.24249252731525689,-0.088838135319347741)
 (-0.40666594419876934,0.37165621555054235)
 (0.22500741408309399,0.17510746133164079)
 (0.054284286206829249,0.32217367412090464)
 (0.91856034980406132,0.28681255900076752)
 (-0.71942274939560846,0.1450538503464078)
 (0.60647983766036018,-0.2749522444194375)
 (0.085586064635239253,-0.016524731372646387)
 (-0.51591952046260903,-1.6815882740596362)
 (1.8431705137931278,0.28633869943344303)
 (-0.38094313070788915,-0.053145678772858362)
 (-0.039344826849773015,0.27192975417998022)
 (-0.5944455380400544,0.2002788168463924)
 (0.755295371566722,1.1303406967360665)
 (0.075369395808571271,-0.19766426469137266)
 (0.037393457344826658,-0.16626780405015182)
 (0.28691017025259297,-0.8880208065898203)
 (-0.41632781149153603,0.039955673164731989)
 (0.1294967785126955,0.010634789174507629)
 (-0.27941377092162811,-0.023842270739926778)
 (0.66725857820297441,1.1653420555863865)
 (-0.16592899341751499,-0.92003855952189351)
 (0.064161249168615209,-1.161659961350868)
 (-1.6692857606096918,-1.0078993225858801)
 (0.17856966817845099,1.8388544620869622)
 (-0.70395356268279352,0.14437257449749794)
 (0.078664046964891515,0.86927008380176662)
 (0.6098988875816207,-0.13628091330347467)
 (-0.12977783034147483,0.85582278810368517)
 (-1.3490424777466505,-0.30003431303599193)
 (-0.53066481840527857,0.034254587096426314)
 (-1.1791090539567193,-0.56860660676870378)
 (-0.33210584084522032,-0.15764785581635418)
 (-0.56017929857191529,0.13327068463644065)
 (0.47651738731194104,2.1847232199604645)
 (0.14062859138963191,1.5104531845227889)
 (0.13194219073259417,0.31284494218973358)
 (-0.2363049920646611,0.086279947548205962)
 (-0.32440642685033177,-0.58016474010730468)
