# Created by Octave 8.4.0, Thu Dec 11 09:47:22 2025 IST <gamana@Samsung>
# name: awgn20
# type: complex matrix
# rows: 2048
# columns: 1
 (0.32043362996980013,-0.36836664012459414)
 (-0.33644298880463686,-0.26203336823652856)
 (-0.96924333868976864,-0.96175726507346715)
 (0.99520495833504496,0.95155761878225853)
 (0.24476088221459463,-0.90301015098382442)
 (0.85594954540727808,1.0321872717288039)
 (-0.86567243199651789,-1.0015972683271692)
 (0.29969612563411829,0.96680631736132105)
 (-0.21431737278672841,-0.92171264823337928)
 (0.2826465517125108,-0.36438874032807872)
 (-0.30549756650047361,0.34100839809832229)
 (-0.4050376724004866,-0.87309273713083335)
 (-0.8287694890747731,-0.99156440861211936)
 (-0.92569182607148126,0.92969167050010371)
 (-0.28023517515417151,0.31189670052507767)
 (0.26350864464019075,0.95370717087730772)
 (-0.43993715029572855,-0.9619073219849571)
 (0.87382917442182373,-0.32690196866197402)
 (-0.23614449785947644,-0.80970351547611841)
 (-0.83612103909204805,-0.92358546214655313)
 (0.88525356642161057,0.93942826805336233)
 (0.93064203761141751,-0.23578416471263086)
 (-0.95782769672152335,0.87607191404126239)
 (0.91768247302626482,-0.96309739208783374)
 (-0.22895637907580857,0.94940106078054798)
 (0.2979518826709831,-0.86729687521441279)
 (0.41068718585845021,0.87509271283688306)
 (0.96877464969237159,-1.0066905949257845)
 (0.87109732668645734,0.36093579657645775)
 (0.98906482971229481,-0.98273667971501166)
 (0.27819816089506222,-0.2622412012000167)
 (0.92227898322663926,0.31989488529874044)
 (-0.90894448901248237,-0.29985743426782913)
 (0.34798072730869195,0.90654986521277481)
 (-0.29314399128460744,0.37540248593391795)
 (0.90257932476503311,-0.82836398543599776)
 (-0.29538408120634785,-0.31473916931672141)
 (0.87592939253917579,-0.42558306571193405)
 (0.2135204787096599,-1.010742422697678)
 (-0.87319653805422948,-0.92171430099004614)
 (0.25595873021664006,-0.95567670338047328)
 (0.2773244450159934,0.89790587494596052)
 (0.41562816611115322,0.74504398179651887)
 (0.91568620430898673,-0.2890874601137034)
 (-0.89526344315155404,0.96858578567510356)
 (-0.28852328202517374,0.27201040473307475)
 (-0.36689928445086001,-0.98676876691969428)
 (-1.0013966860059145,-0.82070797876645474)
 (-0.24042911850729959,0.26905177256753998)
 (0.39167330307982112,1.0543983431067474)
 (0.91801601935206301,0.9568625823850867)
 (-0.32976540569843577,-0.95517376366778939)
 (1.0151274518231646,0.29953557558402205)
 (0.99533571410032595,-0.94856226000299382)
 (0.12912952520271115,0.88158828702285608)
 (-0.20810813352252569,-1.018105257552451)
 (0.96870732511236834,-0.19942261826417285)
 (0.31748400639476032,0.84207453269583055)
 (-0.17659647693430278,-0.32534488516691151)
 (-0.22478840172491241,-0.92631634267868312)
 (-0.90923496281762684,0.91211098143812075)
 (0.35549204468225465,-0.858131729211844)
 (1.0441321769092751,0.94430489901846015)
 (0.88162024297868868,0.98004978771760509)
 (0.97275987200292346,-0.94100778448200917)
 (0.40698851402004893,1.0844786642150361)
 (-0.13086253594280933,-0.84426198427116372)
 (-0.33366902468200099,0.34847848030700312)
 (1.0053805467002583,-0.27544627690668416)
 (0.29913742980268848,-0.38624491565795549)
 (-0.81989274704075532,-0.91434800434071761)
 (-0.90828573696720083,-1.0492346060328628)
 (0.92232355645270503,0.36939302622842429)
 (0.37786655856909418,-0.97518963203773612)
 (0.31228505198781398,0.20603309121194097)
 (-0.25215697841945472,-1.0283852733859378)
 (-0.9099176044179611,-0.92974263726116524)
 (0.93307580840111271,0.98389151903293204)
 (0.35164079390111663,0.9589034086095044)
 (-0.24093807688592261,0.94270599415405942)
 (0.96839677879297992,-0.21203583530153741)
 (0.78822121485040797,-0.95562467493869185)
 (1.0158960099624739,0.12130396558025741)
 (0.91704625423620922,0.42473966489475007)
 (0.23836284584590334,0.92405363294227816)
 (-1.0112411222129858,0.36664614682086433)
 (0.27641370381635633,0.98802895908023314)
 (-0.27948419683872855,0.85626767498373901)
 (-0.27658529847480484,-0.85500135180638315)
 (0.88254755831926046,0.26856036776213288)
 (0.90543702619191258,1.050100681972419)
 (-0.27948834169569481,0.17518033907286432)
 (-0.89600660499189577,0.84134103099344448)
 (1.0252092568689362,-1.0031300796327569)
 (-0.99554309988786205,-0.42921724257003613)
 (-0.89411585463080312,-0.95505820429870136)
 (0.87496828335439369,-0.25763980129945213)
 (0.30381918714659056,0.8960401635446047)
 (-1.0539441676641499,0.36692487418861008)
 (-0.86245514121029687,0.36689307217161637)
 (-0.9407683309846655,0.96267333902843411)
 (0.89573659390162874,0.28905507463526292)
 (0.2491073480414604,-0.88807591513654793)
 (0.92247332005666061,-0.19757691059472354)
 (-1.0324858086612057,-0.85632787134337973)
 (-0.42088634108487871,-0.35108287060386378)
 (0.27901196733722983,1.0129714961938503)
 (1.0391568660038857,-0.18592766373736538)
 (-0.95450380787004252,-0.96704121248634611)
 (0.23914917045860534,0.94766045517255704)
 (0.90592690812037058,-1.0018885591393389)
 (-0.3100153993558234,0.86023539731755227)
 (0.93878804256238346,0.9597015008702573)
 (-0.35777478004337909,0.38116476829010293)
 (-0.24140063418229329,0.26470785432460281)
 (-0.91873558929414467,0.85904640183290182)
 (0.73990429077699849,0.78577811059922098)
 (-0.95476752815776422,-0.91937431569449868)
 (0.96263889481292975,0.91087580660473977)
 (-0.83594687711017279,0.43333192041928636)
 (-0.89521680174511764,0.38167690941110644)
 (1.034016558782914,-0.321017845749828)
 (0.94608578644276276,-0.88150816174516333)
 (-0.259581803303082,0.86393632659638431)
 (0.88682301343987502,-0.39104589413869811)
 (0.97783014886913033,-0.38806264774645749)
 (0.80534464654971694,0.34692204807769172)
 (0.97604154136216492,0.38322414674948557)
 (0.84818602723937908,0.23641206793738603)
 (-1.0996053009641757,-1.0037259334212278)
 (-0.90095915675362737,-0.3567232255563727)
 (0.32804238882457698,0.25230976015516504)
 (0.37602487283688546,1.0250156875221152)
 (-0.98561061797532834,-0.36558575190592324)
 (0.96259529946919753,-1.0335069411961963)
 (-0.31694210236328069,0.92519506264178486)
 (-0.3428842080557834,-0.9188517207078164)
 (0.2858663130521954,-0.34022211956834708)
 (0.28983089863218464,0.29534787851038574)
 (0.38406339512272886,-0.82314505967769724)
 (-0.99352341170969971,-0.39104819596040352)
 (-0.45940526443858098,0.35693468333926964)
 (-0.33549871108627077,0.94861668761418061)
 (0.26249376471421393,-0.92425512779501606)
 (-0.94753719415647097,0.92087137370618488)
 (0.96647347565571273,0.21734954339483159)
 (-0.84706357559562728,0.33617698643684146)
 (-0.95405322592705089,0.42601515979658883)
 (0.96327148912309157,0.96904132285078493)
 (0.31749780645013537,-1.0323818151697257)
 (0.87009289164761239,0.82146978242480573)
 (0.87266839581814448,-1.0575295784138334)
 (-1.0111383450318474,-0.25070629871688133)
 (0.32325463651977326,-0.92516757988708676)
 (-0.93574832405823749,-0.9635772073627572)
 (-0.30808355745073923,-0.26232996191826707)
 (-0.31528920471120964,0.24111859177530376)
 (-0.19007147386493767,-0.25269460037836411)
 (0.2754817556427695,-0.89281101394744478)
 (0.33293230373335914,-0.89135279387364874)
 (-0.99064913639927799,-0.89396583923805073)
 (-0.33031194882828346,-0.35331623694098835)
 (0.2703822476299591,0.35446698145432187)
 (0.40674240282018725,0.94191074081477144)
 (0.89448138236668351,-0.33142616176287798)
 (0.27446944914921212,-0.40899033046430761)
 (0.82511750379524651,-0.92200476825231115)
 (0.26672692139757465,-0.53352164946829861)
 (0.41498348541255381,-0.11106216718846612)
 (0.90701176436132214,-0.82296886050492457)
 (-0.86873722763494698,-0.38103621820664096)
 (0.44483330749947247,0.26516015995155701)
 (0.97888017564587759,-0.3385352484759046)
 (0.29570668123330895,1.0308952211516085)
 (-0.32158399485510536,-0.9675949191910781)
 (-0.19433808161978017,-0.34962003314274948)
 (-0.93133036346223141,0.28294093710132617)
 (0.3304455410396468,0.88864133914972843)
 (0.31904037914426164,-0.32124301034956126)
 (0.96465221183161431,0.90118562438664773)
