# Created by Octave 8.4.0, Thu Dec 11 09:47:22 2025 IST <gamana@Samsung>
# name: rayl
# type: complex matrix
# rows: 2048
# columns: 1
 (2.0593114106132129,0.57473008581587692)
 (0.023968846325554211,0.18737306840699214)
 (1.6128087141205893,-0.19675213608697439)
 (-1.1505809856333435,0.55765431214238959)
 (-0.15441914731596315,-0.65302829778232363)
 (-0.17745386936253582,-0.6967022774781888)
 (-0.13537214866270852,-1.7732592580397666)
 (-1.0102974671408764,-0.72352593996605563)
 (0.6705988914728872,0.15305444577673277)
 (0.20108030614798914,0.07576172007283126)
 (-0.24629124096318433,1.1954422015207942)
 (-0.83658903702705223,-0.014513427400246415)
 (0.12546324053658797,0.36580189942737984)
 (1.0253166100528313,-0.24019844110759037)
 (0.017331818612607963,-0.4620189409893618)
 (0.25240257734268495,-0.02107741638011694)
 (-0.66886151083302958,-0.40646429164057563)
 (0.099216522485654546,0.81057275095552972)
 (0.16272292923516543,0.40538276588223743)
 (-0.48400714441599485,-0.48948955910560671)
 (0.46244055272959261,-1.4698080879874256)
 (-0.11529910343184321,-0.58106915657424096)
 (-0.3982255597563773,1.083180401502071)
 (0.55648493951766353,-0.29274390930492677)
 (-0.10719815937371188,0.0074880981835922303)
 (-1.1954853957183842,0.10877647553573233)
 (-0.67907642024022408,-0.45492167232904901)
 (0.33217532699722041,0.003200175387260612)
 (-0.86966248777106669,0.2286829577763291)
 (0.48188560920818357,-0.40020315666271955)
 (0.47506851794641164,-1.2399138604841127)
 (1.0220596799116404,-0.61844220663905081)
 (0.53570022674496665,0.01693039952951933)
 (-0.31122661913674909,0.1962343069572299)
 (-1.2692483921470386,-0.66144751363500465)
 (0.42238104775217417,-0.21856587882370265)
 (0.56465344727790012,-0.11881674336984568)
 (1.6744544165854809,0.040482354304054446)
 (-0.33334066875936169,0.086940063941616408)
 (-0.011926584253796842,0.17782407651450127)
 (0.77546825725334712,-0.31084011124091471)
 (-0.4119929066520539,-0.48493082553080269)
 (-0.42452694019079396,-0.092681692331453208)
 (0.43910731009747778,-0.37925536779440028)
 (0.48457552923416403,0.10787285603395458)
 (-0.45311683774553058,-1.3727394350914748)
 (0.049523893084846553,0.13752664328154054)
 (0.40464679341618714,-0.65355963956729723)
 (1.4614515388062799,-0.24377585588064965)
 (-0.4762262163772048,-0.3244676215504082)
 (-0.0924844795240609,-0.25003665799126112)
 (0.16270803259507421,0.16253365226413799)
 (-0.22314871691835553,-0.068151204899253956)
 (0.31114415782022142,-0.4082972399352035)
 (-0.54937896952486687,-0.088804942685159233)
 (1.2682745565958311,0.8766208358506149)
 (0.03417438731231176,-0.984808400310062)
 (0.24309307394526092,0.25209225021785708)
 (-0.57986141742735864,0.63990946737492671)
 (0.3455051279882731,-0.58185049415033641)
 (-0.55315722718903315,-0.23390693079937069)
 (0.53327538170893352,0.16613558347125673)
 (0.73077877252203405,-1.6208478345967869)
 (-0.2753685519274055,0.45405127613444296)
 (-0.24293628279830221,0.29068200887235568)
 (1.2402219702403754,0.89567014176870197)
 (0.26350518037190473,-0.5086618518780176)
 (-1.1631329068645355,-0.30472700289242283)
 (0.42941140682599954,-0.93177031074511429)
 (0.35513185537602893,-1.094788074903652)
 (-0.96250148869270669,-0.53084897748957949)
 (-0.3419097291157811,0.01568573559979855)
 (-0.11403613609249766,0.59841525851176902)
 (0.58007862746731831,0.72102261331989992)
 (0.66433709987054956,-0.40106043028142541)
 (1.0313352123724915,0.37376363359862075)
 (-0.34640493368141101,0.81724604718005067)
 (1.0721762758676807,-0.38638866678242711)
 (-0.45190604308502591,-0.12089982276035424)
 (0.50314670765969383,1.226839238282087)
 (-0.25053299452400002,-0.70288260178282747)
 (-0.76312466274311253,-0.72222824196060653)
 (0.77715374939904081,-1.1478670388773171)
 (1.0560295529128465,-1.3951615418753944)
 (0.83394044148497493,0.21503374938765357)
 (-1.1754994179628928,-1.1897164628525563)
 (-0.98243500452744081,-0.92308259543850391)
 (-0.0029239397798089505,0.036632443976336845)
 (-0.34161373750651558,1.6566777203027045)
 (0.91830136095463577,0.93848254438829093)
 (-0.96198539150693063,-0.29438995974176213)
 (-0.27231861133647017,-0.037038605632724347)
 (0.099931488638457244,-1.5483345654311553)
 (0.78896571066596843,-0.82480510561786891)
 (-0.01942793904516521,-0.80242449738781652)
 (-0.28158672007259689,-0.18019070431613979)
 (0.56518221776932764,-0.11565409673727753)
 (0.18374166089647678,0.085877884271111676)
 (-0.32880327456396607,0.42448432580146611)
 (-0.047992495283563835,-0.4401868116503691)
 (2.5507663082148162,-0.17697842852066081)
 (-0.81787615426565308,-0.99437816963298509)
 (-0.20427712568953793,1.6081289008412711)
 (-0.13305782230146457,-0.78076054551978835)
 (0.071561301218627749,0.042611817284077376)
 (0.11199589244314781,-0.17635740100090966)
 (0.026591014410115327,-0.38703887987650276)
 (-0.57581911883118231,0.2780577395952592)
 (-0.70200887505997112,0.083834462219475048)
 (1.1175041028718773,1.7668762162291569)
 (0.07481886982465491,0.79608611970170517)
 (-0.59823275848319102,-0.22192581201512568)
 (-0.070939801035477895,-0.36937416928747457)
 (-0.033916011855780956,0.43998760586730817)
 (0.8360304680998123,-0.87557844364759663)
 (1.3592121981772243,0.73746026675663323)
 (0.73404359525900054,0.69389875193447947)
 (-1.3767825842431805,0.17690461346473019)
 (1.4684452672909287,-0.54000202971065991)
 (-0.38710032912876613,0.77965828928936531)
 (-0.75455576346754771,-0.89913291392414241)
 (1.0249523257467241,-0.42949586260665606)
 (-0.1257060057939533,-0.3255083994680591)
 (0.31029145409520714,0.17085879907114498)
 (0.065162133965495389,0.04833360519417354)
 (0.14938938464084212,1.2340610134772663)
 (-0.027272868665599963,0.050987399075174376)
 (-0.16415380532468243,-0.83861143833464846)
 (-0.091888054785021045,-1.426339723085349)
 (-0.38352386548661599,0.49386712363268248)
 (-1.3913727026705212,-1.1956433868037244)
 (-0.27901314023279578,0.066163039459683035)
 (-0.27156810696506112,-0.31114201813943482)
 (-1.5711173447069222,-0.05790386551413057)
 (0.076200618213094901,-0.035942138671270267)
 (-0.028784910749269227,-0.51427843080976965)
 (-0.13829751527501344,-0.38639977869697673)
 (-0.23264018114948076,0.80141089552834566)
 (-0.44205930885350575,0.066064912734606573)
 (-0.15128497190035173,0.4340969555416499)
 (0.11366740922306223,1.1620035591692532)
 (1.3585797231949961,0.70833435267652156)
 (0.28902089785700291,-0.6543464668211999)
 (0.66037860983386154,0.77378096815681308)
 (-0.65903748416954111,0.53108963471962289)
 (0.14159858718983406,0.075368194779025233)
 (-0.054418562715967289,-0.80787389088301698)
 (0.19490946682704097,-0.67875941567818066)
 (-0.6721482656503599,0.45918790226021799)
 (1.1658393199195753,1.0042424473172733)
 (-1.3404375586683912,0.25919139179158845)
 (-0.48282502424765672,0.64997874110841825)
 (-1.5959849098066796,-1.0556151667913596)
 (-0.29045172279437931,0.86666043342252119)
 (0.98130903579937812,0.13898502543510738)
 (0.041397370510735589,0.15284216390111466)
 (0.036879951421091905,-1.0553290012813346)
 (0.11396660653939106,0.42792834625451193)
 (0.35831927086273185,-0.40299810495162713)
 (-0.40846265403991849,0.49317147049463989)
 (-0.43150368852498822,0.21396728882827909)
 (-0.4402521560530912,-0.034632551060835376)
 (1.3438489103962392,0.55378726121861332)
 (0.67353094525746438,2.1621127459462368)
 (-0.062840911070248154,0.28137034933041682)
 (0.68635592710256221,0.42212335670976164)
 (-0.34672389523135105,-0.25916478961266615)
 (-0.091219538043573148,0.059829010615524911)
 (-1.269555906837639,0.39603988407264051)
 (0.21677083414862183,-0.50081364085693558)
 (-0.094126972748588222,-0.84998687489745484)
 (-0.13895840486447703,-0.82667971308828059)
 (-0.40688766534130733,0.34862390072680721)
 (-0.47724879716699936,0.0057967394538535333)
 (-0.58212338492421167,-0.033111345629177502)
 (-0.60007269633381399,0.30007295543421364)
 (0.49559063223584521,0.21855620087828134)
 (0.087810421328384819,-0.24247468795159929)
 (0.36310404961100751,0.30277238583980903)
