# Created by Octave 8.4.0, Thu Dec 11 09:47:22 2025 IST <gamana@Samsung>
# name: awgn20
# type: complex matrix
# rows: 2048
# columns: 1
 (-1.0391693768137731,-0.30716868423043386)
 (1.0178767814730396,0.36113982909814335)
 (0.2374992813291566,-0.96621733814640909)
 (0.28198273211075908,1.0085949254496474)
 (-0.22372544972775105,-0.9031026527617142)
 (-0.94058981051144452,0.3004638252366244)
 (-0.37784619812693215,0.83267414926598671)
 (1.0033672358092947,0.98855274206294796)
 (0.8954099846332817,1.082606768343801)
 (-0.90703766769572225,0.32727151315208319)
 (1.0162247109450848,1.0135494630110147)
 (-0.39485025015968367,0.919048611542021)
 (-0.34366147733078933,-0.34697874535481582)
 (0.90205994729136529,0.9302742219196577)
 (0.79480569682318769,0.18416721826258933)
 (-0.37017785758105526,-0.25969580332719311)
 (0.39096720923382888,0.29220142574831931)
 (-0.94994919801296174,-0.34184865632102246)
 (-0.45932560588448312,-0.45152910800229829)
 (0.73033820212019229,-0.32243039765013881)
 (0.37032554463336298,0.89066439423415866)
 (-0.41481322572674961,0.94413864883750731)
 (0.39079083905527395,0.92332416825396735)
 (0.91809382823903318,0.35465457268790346)
 (-0.29668562046349584,0.9308702992327611)
 (-0.97936974086765571,-0.90892672936184016)
 (-0.83931620537724094,-0.29545518971457435)
 (0.37176207163785396,0.32339799638500416)
 (0.92114403561835434,0.38488318610314265)
 (-0.23512862233366821,-0.9711009047862974)
 (0.98328050868669314,-0.79754394971292375)
 (0.23847482659141095,-0.98419327083548758)
 (0.94317205603786036,0.40655916325708313)
 (0.24575517139504782,-0.36259345346365629)
 (1.0232601987583445,0.88924119043201344)
 (0.20744039624699592,0.40940080430318027)
 (-0.97454469595150506,0.19373882461616598)
 (0.94144081065675933,-0.88486790800479975)
 (0.29582672555407108,0.27589061708732826)
 (0.9247252796201354,0.38587656638468526)
 (-0.84775361751729639,-0.30419466333620299)
 (0.86324770772888937,-0.96242515328643252)
 (0.31960875687902202,-0.4138877945958106)
 (1.0276018035259893,-0.33663633979733371)
 (0.30597981446026407,0.38688859877305903)
 (-0.92981810714163626,-0.44675811017407863)
 (0.90234933775882531,0.95360222693915764)
 (-0.91932854495104577,-1.0195926303383878)
 (0.85893651600257193,0.95442516294467727)
 (-0.95484019005403087,-0.37292566318289028)
 (-0.3414070933258222,0.32439293480575077)
 (0.33771712366323764,0.8159996285624479)
 (0.22488985376419102,-0.25735771886592829)
 (-0.97596886725288834,0.85184054433054224)
 (0.93791453558853022,0.30899043308226437)
 (-1.0129826455991808,-0.26215359873307198)
 (0.86457306657969979,0.2351395849988758)
 (-0.24409183479939267,-0.30881295928407565)
 (0.38118855648139549,-0.96762286339998493)
 (0.86137918877580233,-0.35693133963883428)
 (-0.2771483773538006,-1.0413755101293827)
 (0.24396264981728125,0.28612977043571436)
 (-0.86646503724395063,-0.84246014944015124)
 (0.83769341167124611,0.28930444394290861)
 (-0.26293605070491366,-0.92319022223977465)
 (0.91107031149802487,-0.97426214059812721)
 (-0.28485568808583872,-0.90529083644822994)
 (0.37033053023348511,0.9539487706056986)
 (0.96855811691892335,0.34356527769898249)
 (0.93365255673855996,0.35868097004815386)
 (0.97432286012136704,0.31770146766609164)
 (0.36828979479868623,0.34348850175404322)
 (-0.40166476774961801,-0.25554621338520511)
 (0.97348250798742819,-0.87032117258236141)
 (0.84407095281285494,0.95095447769967778)
 (0.34809133389166214,-0.91385973039613833)
 (-0.89294513311989543,1.0080042044526409)
 (-0.37951465265389522,-0.89332605561832978)
 (0.22925987263904476,0.35155389407719506)
 (1.1005853139546116,-0.99904572223778276)
 (-0.25583197425733945,-0.88093277857958707)
 (-0.91461237057135114,1.0166712905918147)
 (0.90157928225114081,0.26109505157918922)
 (0.91865585328569321,0.98387146150518168)
 (0.93896331463056348,0.95438268154962469)
 (-0.97927893843948799,-0.93919690605827533)
 (-1.0654682422991155,0.26791718939657883)
 (-0.29521738253648233,-0.26902997048126159)
 (0.99535151219231865,-1.0542390555989074)
 (1.0261772706222894,0.28010615349249707)
 (-0.42752866385848265,1.041551490874788)
 (0.30469974730495808,-0.31117133725760432)
 (-0.91348646757041441,-0.98970940183027456)
 (0.93154040286919426,-0.94882922876704723)
 (-0.25955845555803347,0.28976301311152419)
 (0.42402369643023657,-0.92498213994439671)
 (-0.85565011051810957,0.33745714223921758)
 (0.42357176030593424,-0.27699524711071311)
 (-0.33924050073302509,0.86855168679481465)
 (-0.35282733183880222,-0.35531729050319105)
 (0.94397555248720377,-0.91704349553189102)
 (-0.93195658330560738,1.0468595352784402)
 (-0.98062094419228452,0.90328539099506389)
 (0.94208270931066862,-0.89858343987336142)
 (-0.30295531843123336,-0.32194157545815139)
 (0.27183703825498196,-0.31220573736618257)
 (-0.24663926168540579,0.39204697899086355)
 (1.0288528593656467,-0.95689412290837406)
 (-0.84097073785113641,-0.3251319402939663)
 (-1.0486256404043801,-0.98555905417183187)
 (-0.84966640386212788,-0.97691973118346365)
 (0.30464897693137721,-1.0456470785038721)
 (-0.38870972075296861,-0.37051940693094126)
 (0.33759186038592581,-0.99905853362008323)
 (0.26940349674568981,0.93862453838727045)
 (-0.34465225701677626,-1.0203560402402965)
 (0.93636358133811581,0.2834370323340184)
 (-1.0303067531187964,-0.21924661704124609)
 (0.89862590568238088,-0.38404833916615722)
 (-0.37987198010689038,-1.0137056259641497)
 (0.95420410051229565,0.32821733250329665)
 (0.36222415853157808,-0.91159185688777966)
 (0.97524281843089,0.94322063952403135)
 (-0.29701349114681769,1.1054949767254243)
 (-0.35875634418269248,-0.35299285946987996)
 (0.50754952465441405,0.81797770224739286)
 (-0.38931664351046019,0.31703013239808597)
 (0.91995419623944563,0.26481867419822092)
 (0.9132251589787781,-1.0663241951305484)
 (0.22240085155691908,-0.18071333681539861)
 (-0.90128150741098612,0.95608253199029658)
 (0.32135591348549408,-0.21736444817963621)
 (-0.19423655645274629,-0.34214504901668535)
 (-1.0052122674260184,-0.28220861687439763)
 (-0.44423684065013358,-0.32344670647572271)
 (0.87833938504685161,-0.30765575296640307)
 (0.38876880024304195,0.41664423428067887)
 (0.36852919723524652,-0.94444676555760843)
 (0.35668234852727287,0.21836953117164629)
 (0.90646162169790367,-0.39194514977535005)
 (-0.32217690387777925,0.99329611800158535)
 (0.95274031379846824,0.97152940716417646)
 (-0.36544749610863392,0.89082441640679555)
 (0.97217544719490134,-0.44700213165604158)
 (-1.0138867838711749,0.41202963933652709)
 (0.45058288227254156,0.43839900958458072)
 (-0.97359965188108988,-0.39471868326114751)
 (0.25996267284210944,-0.24143200852559077)
 (-0.93185951267672151,0.23585480044449653)
 (0.92821767200134353,-0.36643687830738653)
 (0.87716846800355885,1.0321846198587254)
 (-0.42411897706519264,0.94628941274754763)
 (-1.0360324569734514,0.23433734597414135)
 (1.0081607026621175,-0.94028198352230263)
 (-0.9800448903611847,-0.38698738453236214)
 (-0.17936515738750619,-0.31161983913902541)
 (0.9831155034859802,0.36548246574033355)
 (-0.42537892120967719,-1.0419426805803886)
 (0.29248379196812119,-0.37954591254700926)
 (0.35005636238006388,-0.23995116619239532)
 (-0.48855391410031868,-0.3604406286765377)
 (-0.3902887285912946,0.37548030490416168)
 (0.91053243497298642,0.40520968436633781)
 (0.35294276590482099,0.98485201854726423)
 (1.0058400308426503,0.93579039881004555)
 (-0.30331485302898542,0.96108308641537932)
 (0.90884047525482525,-0.37210296127199238)
 (0.381713746148238,-0.19953422686338196)
 (-0.25928352777963043,-0.94322904618737025)
 (0.29109896571714483,-0.35049768642082901)
 (0.93776143798191336,-0.98405916842995411)
 (-0.37419093367839695,-0.96180274780482433)
 (0.88149232405995304,0.83214478865321362)
 (0.87723036358607986,-0.37940276342327323)
 (0.18002496807525209,-0.38539537646976557)
 (0.40204504029881549,-0.83723378357143619)
 (1.0124285768735315,0.96765161294237079)
 (0.92257984293192619,-0.89799886289938191)
 (1.08647338765681,0.79667924865089357)
 (0.24381643861586294,-0.97076902250067376)
