# Created by Octave 8.4.0, Thu Dec 11 09:47:22 2025 IST <gamana@Samsung>
# name: clean
# type: complex matrix
# rows: 2048
# columns: 1
 (0.31481671258717614,-0.31481671258717614)
 (-0.31481671258717614,-0.31481671258717614)
 (-0.94445013776152842,0.31481671258717614)
 (-0.31481671258717614,-0.94445013776152842)
 (0.31481671258717614,0.31481671258717614)
 (0.94445013776152842,0.31481671258717614)
 (-0.31481671258717614,0.31481671258717614)
 (-0.31481671258717614,-0.31481671258717614)
 (0.94445013776152842,-0.31481671258717614)
 (-0.31481671258717614,0.94445013776152842)
 (-0.31481671258717614,-0.94445013776152842)
 (-0.31481671258717614,-0.31481671258717614)
 (-0.31481671258717614,-0.31481671258717614)
 (-0.31481671258717614,-0.31481671258717614)
 (-0.31481671258717614,-0.31481671258717614)
 (-0.94445013776152842,-0.31481671258717614)
 (-0.31481671258717614,0.94445013776152842)
 (-0.31481671258717614,-0.31481671258717614)
 (-0.94445013776152842,-0.94445013776152842)
 (0.31481671258717614,0.31481671258717614)
 (-0.94445013776152842,-0.94445013776152842)
 (0.31481671258717614,0.94445013776152842)
 (-0.31481671258717614,0.31481671258717614)
 (-0.31481671258717614,-0.31481671258717614)
 (-0.31481671258717614,-0.94445013776152842)
 (0.94445013776152842,0.94445013776152842)
 (-0.31481671258717614,-0.94445013776152842)
 (-0.94445013776152842,0.94445013776152842)
 (0.31481671258717614,0.94445013776152842)
 (-0.31481671258717614,0.94445013776152842)
 (-0.31481671258717614,0.31481671258717614)
 (-0.31481671258717614,-0.94445013776152842)
 (-0.94445013776152842,0.94445013776152842)
 (-0.94445013776152842,-0.94445013776152842)
 (0.94445013776152842,-0.31481671258717614)
 (0.94445013776152842,0.31481671258717614)
 (0.31481671258717614,0.94445013776152842)
 (0.31481671258717614,-0.94445013776152842)
 (-0.31481671258717614,-0.94445013776152842)
 (-0.94445013776152842,0.31481671258717614)
 (-0.31481671258717614,-0.31481671258717614)
 (0.31481671258717614,-0.94445013776152842)
 (-0.31481671258717614,-0.94445013776152842)
 (-0.94445013776152842,-0.94445013776152842)
 (0.31481671258717614,0.31481671258717614)
 (-0.94445013776152842,-0.94445013776152842)
 (0.94445013776152842,0.94445013776152842)
 (-0.94445013776152842,-0.94445013776152842)
 (-0.94445013776152842,0.94445013776152842)
 (0.94445013776152842,0.94445013776152842)
 (0.94445013776152842,0.31481671258717614)
 (-0.94445013776152842,-0.94445013776152842)
 (-0.31481671258717614,-0.94445013776152842)
 (-0.31481671258717614,-0.94445013776152842)
 (-0.94445013776152842,-0.31481671258717614)
 (-0.94445013776152842,0.94445013776152842)
 (0.31481671258717614,0.31481671258717614)
 (-0.31481671258717614,-0.94445013776152842)
 (0.94445013776152842,-0.94445013776152842)
 (0.94445013776152842,0.31481671258717614)
 (0.31481671258717614,0.94445013776152842)
 (0.31481671258717614,-0.94445013776152842)
 (0.94445013776152842,-0.94445013776152842)
 (0.31481671258717614,-0.94445013776152842)
 (0.94445013776152842,-0.31481671258717614)
 (0.94445013776152842,0.31481671258717614)
 (-0.94445013776152842,-0.94445013776152842)
 (0.31481671258717614,0.94445013776152842)
 (0.94445013776152842,0.31481671258717614)
 (0.31481671258717614,-0.31481671258717614)
 (-0.94445013776152842,-0.31481671258717614)
 (-0.94445013776152842,0.31481671258717614)
 (0.31481671258717614,0.94445013776152842)
 (-0.94445013776152842,0.94445013776152842)
 (-0.94445013776152842,-0.31481671258717614)
 (-0.94445013776152842,0.31481671258717614)
 (0.31481671258717614,0.94445013776152842)
 (0.94445013776152842,0.94445013776152842)
 (-0.31481671258717614,-0.94445013776152842)
 (-0.94445013776152842,0.94445013776152842)
 (0.31481671258717614,0.31481671258717614)
 (-0.31481671258717614,0.31481671258717614)
 (0.31481671258717614,-0.31481671258717614)
 (0.31481671258717614,0.94445013776152842)
 (0.31481671258717614,-0.94445013776152842)
 (-0.94445013776152842,-0.94445013776152842)
 (-0.31481671258717614,-0.94445013776152842)
 (0.94445013776152842,-0.94445013776152842)
 (0.31481671258717614,-0.31481671258717614)
 (0.94445013776152842,-0.31481671258717614)
 (-0.94445013776152842,0.31481671258717614)
 (-0.94445013776152842,-0.31481671258717614)
 (0.94445013776152842,-0.94445013776152842)
 (-0.94445013776152842,-0.94445013776152842)
 (0.94445013776152842,-0.31481671258717614)
 (0.31481671258717614,-0.94445013776152842)
 (-0.31481671258717614,0.31481671258717614)
 (-0.94445013776152842,0.94445013776152842)
 (0.94445013776152842,-0.94445013776152842)
 (-0.94445013776152842,-0.31481671258717614)
 (0.94445013776152842,-0.94445013776152842)
 (-0.94445013776152842,0.31481671258717614)
 (-0.94445013776152842,-0.31481671258717614)
 (-0.94445013776152842,-0.31481671258717614)
 (0.94445013776152842,-0.31481671258717614)
 (-0.94445013776152842,-0.31481671258717614)
 (-0.31481671258717614,-0.94445013776152842)
 (0.94445013776152842,0.31481671258717614)
 (0.94445013776152842,-0.94445013776152842)
 (-0.94445013776152842,0.31481671258717614)
 (-0.94445013776152842,-0.94445013776152842)
 (-0.94445013776152842,0.31481671258717614)
 (0.94445013776152842,0.31481671258717614)
 (0.31481671258717614,-0.31481671258717614)
 (-0.94445013776152842,0.31481671258717614)
 (0.94445013776152842,0.31481671258717614)
 (-0.94445013776152842,0.94445013776152842)
 (-0.31481671258717614,-0.31481671258717614)
 (-0.94445013776152842,0.94445013776152842)
 (-0.94445013776152842,-0.31481671258717614)
 (0.31481671258717614,0.31481671258717614)
 (-0.94445013776152842,-0.94445013776152842)
 (-0.94445013776152842,0.94445013776152842)
 (0.31481671258717614,0.94445013776152842)
 (0.31481671258717614,-0.94445013776152842)
 (-0.31481671258717614,-0.31481671258717614)
 (0.94445013776152842,-0.31481671258717614)
 (-0.31481671258717614,-0.31481671258717614)
 (0.94445013776152842,-0.31481671258717614)
 (-0.31481671258717614,0.31481671258717614)
 (-0.31481671258717614,0.31481671258717614)
 (-0.31481671258717614,-0.31481671258717614)
 (0.31481671258717614,0.31481671258717614)
 (-0.31481671258717614,-0.94445013776152842)
 (0.31481671258717614,-0.94445013776152842)
 (-0.94445013776152842,0.94445013776152842)
 (-0.31481671258717614,-0.31481671258717614)
 (0.94445013776152842,-0.31481671258717614)
 (-0.31481671258717614,-0.31481671258717614)
 (-0.94445013776152842,0.31481671258717614)
 (-0.94445013776152842,-0.31481671258717614)
 (0.31481671258717614,0.31481671258717614)
 (-0.94445013776152842,0.31481671258717614)
 (-0.31481671258717614,-0.94445013776152842)
 (0.94445013776152842,0.31481671258717614)
 (0.31481671258717614,-0.94445013776152842)
 (-0.31481671258717614,-0.94445013776152842)
 (-0.31481671258717614,-0.94445013776152842)
 (0.94445013776152842,-0.31481671258717614)
 (0.94445013776152842,0.31481671258717614)
 (-0.31481671258717614,0.31481671258717614)
 (-0.94445013776152842,-0.94445013776152842)
 (0.94445013776152842,-0.31481671258717614)
 (-0.31481671258717614,0.94445013776152842)
 (0.94445013776152842,0.94445013776152842)
 (0.31481671258717614,-0.94445013776152842)
 (0.94445013776152842,0.94445013776152842)
 (0.31481671258717614,0.94445013776152842)
 (0.94445013776152842,0.31481671258717614)
 (-0.31481671258717614,0.31481671258717614)
 (0.94445013776152842,0.31481671258717614)
 (-0.94445013776152842,0.31481671258717614)
 (0.31481671258717614,-0.94445013776152842)
 (-0.94445013776152842,0.31481671258717614)
 (0.31481671258717614,-0.31481671258717614)
 (0.94445013776152842,-0.94445013776152842)
 (-0.94445013776152842,-0.94445013776152842)
 (0.94445013776152842,0.31481671258717614)
 (0.31481671258717614,0.94445013776152842)
 (-0.94445013776152842,-0.31481671258717614)
 (0.94445013776152842,-0.94445013776152842)
 (-0.31481671258717614,0.31481671258717614)
 (0.31481671258717614,0.31481671258717614)
 (-0.31481671258717614,-0.31481671258717614)
 (0.31481671258717614,0.94445013776152842)
 (-0.94445013776152842,-0.31481671258717614)
 (0.31481671258717614,-0.31481671258717614)
 (0.31481671258717614,-0.31481671258717614)
