# Created by Octave 8.4.0, Thu Dec 11 09:47:22 2025 IST <gamana@Samsung>
# name: rayl
# type: complex matrix
# rows: 2048
# columns: 1
 (-0.65017550508805688,-0.39569006793327011)
 (-0.66507312219687265,0.26354878703357915)
 (0.04541601827988434,-1.3585242911689128)
 (1.6923382558246063,-0.017946242142654056)
 (-0.026963767973420781,0.12216067450559323)
 (0.69548475242591867,0.2251387482535965)
 (-0.48856696135327482,-0.014244351675802763)
 (-0.17352073274771634,-0.041800387365025046)
 (0.24166805159864424,0.32340240345026505)
 (1.2204400609010335,0.78042758755771002)
 (-1.5060956005495509,-1.3332817108121844)
 (0.19344355365283822,0.014314185905785662)
 (0.054480234648589421,-1.3431028185440028)
 (-0.044741011946594959,0.047463886165878454)
 (-0.91626693623136657,-0.0025890498023622976)
 (0.23191086515166209,0.79980948186609935)
 (0.037344470821068509,1.1376174846186249)
 (0.62828462212774139,-0.90499870531009863)
 (-1.3254061294286688,0.27986490741081593)
 (-0.50823191419231217,1.4158846255717479)
 (0.15110945626048156,0.088092156735526728)
 (0.03646065402884989,0.019001945714259408)
 (-0.18485731163542107,0.39359189400601158)
 (0.060566641975850488,0.53537387731042507)
 (0.019395146675445646,-0.81179126014445613)
 (-0.9525984354817203,-0.11725242148796497)
 (-0.24967383437129986,-0.12044504710381904)
 (-0.27030122650960875,0.85452881740673881)
 (0.27722026353617313,-0.604502461381481)
 (0.4425833592538711,-0.2157840205337585)
 (0.71162983099313792,0.078440339318338492)
 (-0.39995359122589613,-0.62395181200173655)
 (0.40408260328025158,-0.067431433078705333)
 (-0.1134704139632382,1.1380297420575152)
 (0.040608496540080696,-0.32192412915906909)
 (-0.60516237558468811,-0.797216620148396)
 (1.6403757733187505,0.0070172987267850262)
 (-0.75565247142680603,0.071268669451235611)
 (-0.033453010770578384,1.2704187458348346)
 (0.30230560032807186,0.2515684628349999)
 (-0.23403319885639723,0.11101572852724804)
 (0.71255683951297288,0.056495592510916903)
 (0.96562233139927944,-0.3805555084850395)
 (-1.3226828100568093,-0.60064010923316835)
 (0.61232941100256255,0.037065328453393415)
 (0.68765069140434498,-0.53481055440005287)
 (-0.32211880024751383,-0.2630191243920903)
 (-0.60640666658887388,1.4427060012560202)
 (-0.42956992289602153,0.054524781628257413)
 (-1.122404747884852,-0.15607087299332262)
 (-0.011293186728928262,0.57878934515907177)
 (0.5058031689649447,0.50330796272882661)
 (-0.022117113983553816,-0.37171070457885352)
 (-0.1935252823563067,0.47848307457343253)
 (0.28219148680993034,-0.52957887297126249)
 (-0.45153369055044507,0.93543322119792238)
 (0.047523898633738459,0.51860971529701549)
 (-0.29034209030401698,0.83301196096509678)
 (-0.6419658832425299,-0.32709275668680077)
 (0.36390222227825292,0.15103964773006312)
 (-0.28443445242787424,0.47876901136307681)
 (0.48493318343355551,-0.046433555513639063)
 (-0.13347498901525368,1.1931144405916774)
 (-1.0885027115136428,-1.7246000186275778)
 (0.051986692820498601,-0.0750099900343867)
 (-0.24739397596176546,-0.253883226532304)
 (-0.2065697677629994,1.0238487280357045)
 (2.2290319197643518,2.2782867473792177)
 (0.24486684764074906,0.38752682284404005)
 (-0.99643484943644101,1.3108249856410437)
 (-0.67836373453875687,0.27431854585755588)
 (-0.35558986183166774,-1.5311080928351437)
 (0.93758105679710291,-0.25509899737500052)
 (0.17945336686599608,-0.2938207249917052)
 (-2.0213040932093485,-0.56329824139109463)
 (-0.23692239648802055,-0.98114155593982522)
 (0.027417613790397005,0.43431541179218336)
 (0.0071141394753004225,-0.11013805568314572)
 (0.27904279928078635,-1.3596450903058752)
 (-0.02002659018329761,0.9242362483067581)
 (0.63141594747408247,-1.868760501541844)
 (0.02327939456747713,0.20350004309098499)
 (0.22781805179133918,1.8788989621906973)
 (-2.6317211053930532,-0.68516075728345938)
 (-0.52800928038652062,0.7154258090357577)
 (-1.3367626811868152,0.63716102625655513)
 (-0.31820641695066637,-1.1592951623154786)
 (-0.56341489417856183,-0.078803030737375532)
 (-0.33128383023732844,0.12606280332703196)
 (0.46118986531958961,0.13889522486644099)
 (0.74099621089919032,0.035442977528662545)
 (-0.46236467584359048,-0.27747602957547146)
 (-0.24023171702207158,0.63486397248546655)
 (-1.1601855090115449,0.26167695234130645)
 (0.51558944364739867,0.4979933556455301)
 (-0.14195829253393755,-0.0026789258316339132)
 (-0.42477924956371327,-0.31869128854163709)
 (0.34651607109215515,-0.22752398540985058)
 (-0.52340270077679252,0.80131035911274606)
 (-0.64833057853471776,-0.64032500759799649)
 (-1.1598747118452757,0.49004808634658331)
 (0.48687486307691713,-1.4732211647138496)
 (-0.1368289381579286,-0.14880850195544468)
 (0.65321140800236077,0.17442750411875396)
 (-0.18790224540359884,-0.68227968471542699)
 (-0.28315430773205608,-1.0859825059491941)
 (-0.57775425373370459,-0.044775636760274962)
 (0.26160793448944486,-0.45269980283434336)
 (-0.14695505688852262,0.2705719948015492)
 (0.41630706138320051,0.69262116575266197)
 (0.74269363686951329,-0.37778574563729006)
 (0.73637674913236117,-0.15136075798164744)
 (-0.48988694981763098,-0.48225219198558439)
 (0.93453904967626045,-0.49925725943743016)
 (0.61217403426973882,-0.23158418194745417)
 (1.1132472236158863,1.674908805767563)
 (-0.17204274210242776,1.2293354312153284)
 (0.41361432195689529,1.3162548988759597)
 (0.98065269572231273,0.17995904522066997)
 (-0.30491954618227574,0.82673436708220138)
 (-1.0208255507302637,1.0129882846211615)
 (-0.18836788679337621,0.21416903270499402)
 (0.13818521878436826,0.1214107700427151)
 (-0.29815287949874314,0.13383014615695618)
 (-1.2364038572626785,0.36381124929141917)
 (-0.14452101049135974,-0.24180262476352538)
 (-1.936676584070856,0.99468653586824685)
 (0.17312176378952793,0.36425640451149077)
 (0.34508399249955501,0.19380904837136337)
 (-0.41651711845260231,0.17646165913004819)
 (-0.068740733563241202,-0.053171616622247321)
 (-0.92686084813411007,-0.85694717072478799)
 (-0.18432479282751354,-0.16135449780478153)
 (0.73592636255502009,-1.1403844267670273)
 (-0.36194099815525516,-0.23246414768398815)
 (0.87895292367057043,0.28268879754666854)
 (-1.0467573278847606,0.305474635143614)
 (0.034282590989621442,0.32731368348377859)
 (-0.014800310026359509,2.5229871468565888)
 (0.86742945441567865,0.76457842162408318)
 (-0.083251764483372556,-0.54486949553540209)
 (-0.6359668482665739,0.025465400753248019)
 (-1.1966365363223659,0.046389588767223322)
 (-0.47174454270278399,-0.31457437188142556)
 (0.14917744874868785,-0.27542538180693332)
 (0.064094496078336505,-0.66667507779052626)
 (0.11759210090236059,-0.087116092543881293)
 (1.0915731169162124,-1.0319730531919566)
 (-0.49709392839878475,1.9851670697206505)
 (1.9176815922731241,0.23294512438987414)
 (0.74129382017161538,0.54396434302694774)
 (-0.04017838835981942,0.19642108375775852)
 (0.60925348452987593,0.13594537424166409)
 (-0.14944654222774856,0.27870436956509376)
 (-0.13739277518872439,-0.074844462515999091)
 (-1.7072948011776092,-0.479527982439659)
 (0.24651915368251509,-1.041923430934826)
 (0.16936311443923086,0.38645009731621394)
 (-0.041401131726378659,-0.88737336999474414)
 (-0.69940245675838852,0.51878144410316174)
 (0.1375579705859177,-0.47649964157246349)
 (-0.097761678387512985,-0.1066924176474342)
 (-1.5846777170228017,-0.52625856499146784)
 (0.096224821118550671,0.50935311142189543)
 (-0.85515484012888632,-0.84179542777670546)
 (-1.8038530111020121,-0.076063207369278185)
 (0.12574929778450833,-0.15111276208845387)
 (0.9030463336411948,-0.48246794098744522)
 (0.98459082850220159,0.67754482544762229)
 (-0.88536910943482972,-0.67643183719358024)
 (0.22215564059352491,0.4834262224458471)
 (-0.090497875778641546,-2.1558089320030498)
 (0.87015507755215438,-0.9119554341993038)
 (-1.3364024978986953,-0.24508213142620283)
 (0.18511132183736728,0.094399260328538334)
 (-0.18598730491525564,1.3214047491633245)
 (1.45687052702971,-0.53601101588882516)
 (0.30404070370643332,0.34879770088379747)
 (-0.47708280731038677,1.2289403416336571)
