# Created by Octave 8.4.0, Thu Dec 11 09:47:22 2025 IST <gamana@Samsung>
# name: awgn20
# type: complex matrix
# rows: 2048
# columns: 1
 (0.95169434840050593,0.83279857786982892)
 (0.32467415973683939,1.059573104404075)
 (-0.40785305374371006,0.93059152270322953)
 (-0.36106890342008319,0.31063548583673545)
 (0.4499716541660167,-1.0282082753325199)
 (-0.25449941479081417,0.25471184379138001)
 (-0.30013219660598589,1.0946929237154457)
 (0.93965237945755065,0.28636277751471517)
 (0.94127499390501101,1.084605102624653)
 (0.94951110913020853,-0.91511629503058656)
 (-0.33346319548084796,-0.90734418685157092)
 (1.0035939890954795,0.9457313657481391)
 (-1.0166863291467734,0.93155674615559436)
 (0.95437569940741096,0.39849856787434979)
 (0.39161825517205279,0.25841199305851342)
 (0.36061723172879062,-0.93754300041538174)
 (0.33657575165744769,-0.18670888467329588)
 (-1.062814659389286,-0.89152578068122046)
 (-0.3566984817981666,-0.25302074952634823)
 (-0.99717071008917046,0.88032252054254445)
 (-1.0371878852461212,0.27205255073530932)
 (0.81770479565564036,0.74772793654211789)
 (0.37351069404153708,-0.31350202319761455)
 (0.35988305635663709,-0.38084126117580963)
 (-0.31432305716401249,-0.88034427715953123)
 (0.97660088692067271,0.87468789584481044)
 (0.99795807454318841,-0.96318329198838359)
 (-0.9666016673037503,-0.23238203092183196)
 (-0.30492880683117923,-0.29106957374630593)
 (-0.93549081997281791,-0.94615487641977947)
 (-0.83394295466988333,-0.98072403847200806)
 (1.002973249592497,-0.34760104012991599)
 (1.0366187380266281,-0.87036360516205702)
 (-0.99587145621939954,-0.45656850621022532)
 (-0.27939440346902594,-1.0113599303931879)
 (0.21098628595857932,-0.26152911025715053)
 (0.32972877324385602,0.99938010719214776)
 (-1.0172266647517101,-0.32173778361779337)
 (-1.0460439156950649,-0.81606050756419068)
 (0.39129375552213452,-0.38268422569198923)
 (0.37175925081235506,0.23150623837918921)
 (0.34234523303630499,-0.36042081168120477)
 (0.40042170754306528,-0.8676045339748536)
 (-0.42452042225098074,0.28637311360629675)
 (-0.85995869700706062,-0.8984529112494517)
 (0.37231034307613864,0.97147032409707035)
 (0.28100092748859468,-0.31916549927511667)
 (0.43479577680143688,-1.0452748690032756)
 (0.2721267047516171,-0.91228602542198356)
 (-0.33936468730449532,0.27359142182137419)
 (0.31582140335293923,0.26386023485752075)
 (0.25061714187302864,-0.28650054911664735)
 (0.28365619895265037,0.34775070747611381)
 (-0.84769884917387472,-0.3287714293118757)
 (0.96978600668985837,-0.28482453903688382)
 (0.29672305848876712,0.97542627704007245)
 (0.88047795483109093,0.42062677628145484)
 (0.31909680776683996,-0.83647122150022157)
 (-0.26505941460102356,1.0191249636506556)
 (-0.91799041135041293,0.94352871117954573)
 (0.30420322965291141,-0.26175352335491819)
 (0.40144337542724323,0.98420219528043207)
 (0.94835051967230455,0.96773174958660912)
 (-0.2994136421073913,0.29025284501305415)
 (-0.27085709704715494,0.35490934882268133)
 (0.40086672624563613,-0.96882774674063665)
 (0.94239906404806317,0.97208604582522018)
 (1.0997606318592084,-0.98760504503084467)
 (1.0384125572843805,0.83527713392214142)
 (-0.18799254678190733,-0.95902740847934198)
 (-0.19207895477263456,1.0546483754918992)
 (-0.3016043604763714,-0.97408684806565227)
 (0.21401246059011764,-1.0107929470855446)
 (-0.95644726007967951,0.70339140731816607)
 (0.95938399390018647,-0.38178993090691549)
 (-0.91295551361424909,-1.0377682179112502)
 (-0.23925605347222789,0.31091490411420342)
 (-0.18481133012550915,0.31455156714585897)
 (-0.37572798153973319,0.35469693463513557)
 (0.36242900249793147,0.34096903296413045)
 (-0.26362207404921595,1.0295639760218185)
 (0.96062584578393817,0.91533560723571594)
 (0.30993133490672214,-0.27560579017608683)
 (0.41986278152386031,1.0821568339170331)
 (-0.37127342639009786,0.86143778916212965)
 (0.43502652341895215,-0.92065387968260126)
 (-0.38294236789187158,0.94363718250769058)
 (0.30241415285512585,-0.32883639729128339)
 (-0.88446796005551331,-0.40614057115249275)
 (1.0423625253888311,0.37788245128112119)
 (1.050073437064504,-0.31060104346423423)
 (0.28943643353257043,-1.0619582851960607)
 (-0.94645812133688134,-0.26161617886792615)
 (-0.31732160426708106,-1.0149562842274873)
 (1.0470387728955894,0.26895075484267927)
 (0.9548920679473667,-0.95205160040123349)
 (0.36457473309068616,0.38897878447218448)
 (-0.99785754832224849,-0.92510461538387956)
 (-0.25140295570886967,-0.19481856332629549)
 (-0.91501195813063463,0.37268271140078879)
 (-0.44602662017205619,0.45245262587031998)
 (0.27952757313285892,0.43944075554436279)
 (0.97283473366727713,1.0059807952073183)
 (0.94761051131381968,0.94036154100936264)
 (-1.0170212735116484,-0.99191641500580874)
 (0.31863262385955848,-1.0022158706807056)
 (-0.32909597454379663,0.94010283604263933)
 (-0.35521446717851551,0.29473055625778494)
 (-0.17768189071615231,0.97521167978017276)
 (0.38946033049614492,0.95143166161861492)
 (0.93942218597283622,0.91722317838778578)
 (0.94785394354335728,0.97276133727652836)
 (-0.36326703459782261,0.9817854975424134)
 (-0.98533627462764173,-1.0849989552928423)
 (0.41126770719185785,0.34673346604195315)
 (0.25908753544695862,-0.33610203263922722)
 (0.19387136192827453,0.51597806249544564)
 (-0.3631496430749136,0.44554397842328142)
 (-0.23235987024608046,-0.88167784339497446)
 (-1.0147221389325605,0.44174726701427891)
 (-0.91302237889025828,0.94949019014082192)
 (0.44313097811886565,-0.74535744460758058)
 (0.32998144444107458,0.97444369582535662)
 (-0.20969464529504575,0.36066870469594103)
 (0.30544501985758582,-0.41013389801058664)
 (-0.29505307979677675,-1.0168257350479473)
 (0.33171221055925149,-0.98431121157738721)
 (0.90582928371882898,-0.34761775269344347)
 (0.20171451989128183,-0.24888210055944973)
 (-0.3127662091438187,-1.0262536484103801)
 (0.3195621157800293,0.32261759852257582)
 (-0.27824961836595419,-1.012964464883138)
 (-0.89328358483448767,-0.85972468039423233)
 (-0.98832125955664119,1.0823259715110154)
 (-0.87846623251204348,-0.97347813107152648)
 (-0.20703315985108689,-0.46056288242315002)
 (0.92178267014539117,-0.27416362902890373)
 (0.25567301326919722,0.26045537567950083)
 (0.87957653042786965,0.90385994436970141)
 (0.91547584467376941,-0.96693723632054918)
 (-0.33729701178135318,-0.36278118390892899)
 (-0.35938585081149904,1.0311574918514415)
 (-0.87597476420310949,-0.34989100684509655)
 (-0.82643708800418492,1.0097387815626633)
 (0.87320166384770936,1.0243717050047281)
 (-0.95569376446281762,0.3347945885647754)
 (-1.0028954785890112,0.26090465998308315)
 (-1.0173108899976369,-0.89223132019603202)
 (-0.96207540469356401,-0.36467121553736598)
 (-0.92019798712545131,0.3446672237195556)
 (0.36144423143353593,0.41429303189982836)
 (-0.93140369707972748,0.29330719125923738)
 (0.91366932136492562,0.37363999794240194)
 (0.96259393254205716,-0.29262008278274843)
 (0.34046462703659919,-0.95660250560315541)
 (0.23604875248001589,0.97559500409323374)
 (-0.39038477832137741,-0.82944936304207162)
 (-0.97950220984338132,0.33057816940743073)
 (-0.99979487869167882,0.42695261803777224)
 (0.21728353038003631,0.32259684170805741)
 (-0.39860540972547348,0.3118880835299036)
 (-0.42320175977954089,-0.40017102460714249)
 (0.92156316364875746,0.31711437711218149)
 (-0.26625562783026407,-0.3050612112692761)
 (-0.26235115005054105,-0.83318836982992395)
 (0.92171879202521356,-0.88419173877151758)
 (-0.43529382049750381,-0.96230236647532663)
 (-0.24185532965345291,-0.87359832118553638)
 (0.33115362573111878,0.92259799701576795)
 (0.29769014912195879,-0.31650591702012681)
 (-0.46739728313063578,-0.91917853451115961)
 (-0.91706348527725345,-0.99913485247854628)
 (-0.91353959357667325,-0.26772785596693838)
 (0.24541547670728231,0.32723541453068894)
 (0.44618581105007243,1.1012415685559258)
 (-0.35361240323140969,-0.25353927715409019)
 (-0.28678110538248608,-0.94051970530567475)
 (-0.2805505392595134,0.34188623954503083)
 (-0.30108084057537965,-0.98240661601616486)
 (0.98569494957935921,0.3447458985175586)
