# Created by Octave 8.4.0, Thu Dec 11 09:47:22 2025 IST <gamana@Samsung>
# name: rician
# type: complex matrix
# rows: 2048
# columns: 1
 (-0.14666141657170551,-0.19334111353290168)
 (0.43844995932303954,0.018211869855697976)
 (0.45577091580960716,1.0539844065224355)
 (-0.9690999714238584,0.46013985974921051)
 (0.76759176385688255,-0.14192305246979148)
 (0.45742385481629666,-0.52053193540601828)
 (-0.14378872392110689,0.26065275343675298)
 (0.44009060541378081,-0.42180966912682877)
 (-0.50223594657984005,0.24002771899009517)
 (-0.42864710595385069,-0.8452713852980267)
 (-1.4420414633798819,-0.9115180696127021)
 (0.38312300878789668,1.3782021155970801)
 (0.15345058897314931,-0.83889931880031754)
 (1.0544089242853496,0.1979230507865718)
 (0.61317179236271446,-0.30296820051155937)
 (-0.14395863762260638,-0.41232309157901714)
 (-0.94711011883692708,-0.29214105935339046)
 (-0.60890932902195782,1.1119093087773158)
 (0.39895565736552563,-0.43848030007831085)
 (0.63707236032225578,-1.4105807576813234)
 (-0.44476861330775647,-1.3195576888416924)
 (0.069912279739984512,-0.63718622222192245)
 (-1.2066176153243389,-0.41755640094006058)
 (0.37294431583261195,1.2143751552425204)
 (-0.76455405048172698,-0.86512133646402622)
 (0.038626013823089528,-0.42522602224206962)
 (0.1084277444916627,1.1254842894568724)
 (-0.9570453037840233,-1.0259328462652944)
 (-0.086338029065415767,-1.1854500461144815)
 (0.19052010968607336,-0.29971813301698036)
 (-0.17116182880697434,-0.31733542474774523)
 (1.4503658818112786,0.10661372309852629)
 (0.26446826509826737,0.49006583394592457)
 (-0.31620768600045929,-0.63858565340880447)
 (0.080367253847237585,0.6289707960623081)
 (-0.058055441386747647,0.3929819890466969)
 (0.77171543808424059,0.8401142248612159)
 (0.04859018120837344,-0.93745638361921235)
 (1.1226692761911272,-0.73839819029402498)
 (-0.74269586547135225,-0.55729180099175091)
 (-1.1387125420233324,0.68004962298883909)
 (-0.24813770707984067,-0.13553819490645491)
 (-0.76520986265200008,0.7078180588395484)
 (0.49233323935162282,-0.47579346741462153)
 (-0.85353043815346397,1.0265382829313943)
 (-0.54911048144099717,-0.60036731467525661)
 (0.42323357439812248,0.8641023411568477)
 (0.26169464676350407,1.3190799347703808)
 (1.3641046605126972,-0.21075481937658444)
 (0.25358356744772681,1.0855386486493348)
 (-0.12508371649291758,0.019932110516111767)
 (-0.6402512067483157,1.5324685896342711)
 (0.00099397524334866871,0.14118195116366089)
 (0.012107564552566286,1.0208619482367458)
 (0.0042073640106929378,0.6921306055117239)
 (-0.85862253140242661,0.028426665544647622)
 (0.36527152538282337,0.68480833953684905)
 (0.12133560032460115,0.22451622195896348)
 (-0.35876146498566697,0.575899774174081)
 (0.63113593370546572,0.22947212004393333)
 (0.94574194418616697,0.41252624471985805)
 (-0.76426953471146186,1.4719718009881047)
 (0.98602929516486482,-0.014454335454625378)
 (0.30042580749490128,-1.0256078145051593)
 (-0.22131722361949499,-0.91649106679751657)
 (1.0105079559672412,0.31894339925198534)
 (-0.38579816751937246,-0.01626387164086443)
 (-0.47823793361795586,-0.94854586641229077)
 (0.20996198429364168,-0.86011871144440011)
 (-0.25499583781980439,0.77585830227052044)
 (-0.60689297352329508,-0.13206003295211211)
 (-0.041802192097074864,-0.9162078512841435)
 (-0.9677757378656221,-0.49003426276567424)
 (1.2378953331969433,-0.84817246947404956)
 (-0.51775008841525416,0.0060472930427770133)
 (0.87136624827727283,1.5072438169278011)
 (-0.0020185135128788188,-0.049601122095633735)
 (1.4068493171615761,-0.2006261198285697)
 (-1.6400442227877936,0.12474158933832136)
 (0.43916696191986199,0.44527372251277403)
 (0.9396617372492595,0.25347623479345294)
 (-0.52703912396979136,0.22216982090749562)
 (0.24916238201578211,-0.38674210412840704)
 (1.1056793499270996,-0.69104660881214386)
 (-0.68389263007961865,0.66458705059127188)
 (-1.1311096826594529,0.98850181490441391)
 (0.37467027155446964,-0.31949221665897953)
 (1.3990954754813949,-0.16218822323154058)
 (0.44083962392486969,0.37520195649587035)
 (1.3150629883681342,-1.0378693451651539)
 (0.3528254308069001,-0.1728252951028274)
 (-1.1519970633635832,0.68525215125674888)
 (0.47189068582154448,-0.13111965907700235)
 (-0.27434238908428765,-0.384534208885706)
 (-0.1657843888036673,-0.32571856878748956)
 (0.35053127555096775,1.2197810080970761)
 (0.33356424473859231,0.81482344438280507)
 (0.39736285291127826,-2.1233534489017756)
 (-0.0072812650509321286,0.59843768088716853)
 (0.39661086694359426,-0.14451853050294453)
 (0.70595452137312042,-1.2684402620075275)
 (1.3637632394322461,1.1578473336020974)
 (-0.083559685637865352,0.23966984026487648)
 (-0.28879047864521823,-0.49131569734012726)
 (0.20003171622590543,-1.1177099284284187)
 (-0.11097314483729549,-0.31533745203180824)
 (0.92958037692671813,0.16186446759364503)
 (0.53856417935989032,-0.61761796064556485)
 (0.34328657845930954,-0.29568756956818243)
 (-0.48253585166534829,0.42343265084842274)
 (0.092105107670071684,0.72708972294451502)
 (0.51012987010820809,-0.75008655371251098)
 (0.088168490871693012,-1.015601425138817)
 (-0.12212375235643137,0.35455972058121982)
 (0.043035939802014818,0.156682600538079)
 (0.66455550646420281,-0.5705108496654927)
 (1.8558482433434746,1.0084160208313535)
 (0.058213668706440846,1.0284452306094949)
 (-1.0157477157827677,-0.49350294101661124)
 (1.438317645648747,0.82104486799379639)
 (-0.29466093953829675,0.35928559699667167)
 (0.91006414925421841,-0.88925551071585451)
 (0.46180961981491231,0.0099696684897374321)
 (0.59477853559691729,-1.0239950458774609)
 (0.10089224505467551,-0.10611852486511408)
 (1.0942356428317279,0.48367342213811837)
 (-0.3498626596634134,-0.0025014690640230569)
 (-0.52630405959331295,-1.0151384691359451)
 (0.13874603010449205,-1.6066921344414209)
 (0.82170580501470647,-1.0979196108279634)
 (-0.036253436827659205,-0.4185962244055072)
 (0.82139832686081549,0.45419892780960031)
 (-0.71724817008098785,0.5459668929121142)
 (-0.49542540958947745,0.29116558112971069)
 (-0.81676612716752583,-0.61768256671035504)
 (-1.3482899364818395,-0.52052603981897705)
 (-0.1451384144462739,-0.12408539377238398)
 (0.082179204039640963,0.87472984021869027)
 (0.10894307083396351,-0.21246448713153152)
 (1.0093163952336672,0.60121447852994248)
 (-0.44501500499028357,0.41176893133005499)
 (-0.58228235253600358,0.92954710161707832)
 (1.3493592447912222,0.46954664598304863)
 (0.55627523926085298,0.095716897620673813)
 (-0.69707274606707958,1.0474576582176214)
 (-0.49769017530599191,0.34186117025279628)
 (-0.08072241565616034,0.98662550727961251)
 (0.55096788803160601,0.1236079290259873)
 (0.32690862830904965,-0.21371989383021844)
 (0.30473355394739643,-0.045297405424604614)
 (0.17721644487916233,0.35489392772918837)
 (-1.0676377770225223,0.79172958224479173)
 (0.1797574422355806,0.008928124101906576)
 (0.85654742083992363,-0.66414973768833863)
 (0.80054069379977943,-0.029011233123896835)
 (-0.048802233183649651,0.20006298348943893)
 (-0.36058175917307578,0.36874924191119574)
 (-0.10239007807925879,0.16818275431750593)
 (0.34551227274203017,0.90090262189734638)
 (1.1381206851241665,-1.5030838354490679)
 (-0.29128224212126025,0.53077315394452651)
 (0.20097391913427751,0.59223136865757109)
 (-1.1060013418732317,-0.17157766665514218)
 (-0.22481785015621333,-0.26489665292661757)
 (0.93617823853878956,-0.35707817268608438)
 (0.65524243696343532,1.154135908182083)
 (-0.28602356425209746,0.55032038685482187)
 (0.23814533620041881,0.45061568365946891)
 (-0.55949756473372436,-0.7366361124191465)
 (0.24500731853015342,0.79018606870191543)
 (0.35955328005192128,1.2133977839066989)
 (-0.58172242818932363,-0.57814901665882901)
 (-0.3945686159741188,0.41168114906708614)
 (0.33693087780431807,0.8105319854020625)
 (0.5888047737419565,-0.69322564286877841)
 (-1.2816831271947633,-0.9804339717053866)
 (1.0922414723387948,0.68265063676462612)
 (-0.36207892457701779,0.53369611166962194)
 (-1.0354491262395329,0.58515091347388504)
 (0.18602342412239553,-0.063568965760169183)
