# Created by Octave 8.4.0, Thu Dec 11 09:47:22 2025 IST <gamana@Samsung>
# name: rician
# type: complex matrix
# rows: 2048
# columns: 1
 (0.42777357845485109,-0.48807552339611504)
 (-1.0770968841239945,-0.84535896282467704)
 (-1.2197018861210831,-1.1717329238119689)
 (0.46644664706392114,-0.89873754151871155)
 (0.45456514691093974,-1.2149422552287452)
 (-0.22647635973138167,0.77000891872910371)
 (1.1497223703875681,-0.44177922077142273)
 (-1.2089295877822095,0.28906758196975191)
 (-0.64893431554907677,0.35302926009345975)
 (-0.71979894463344629,-0.727378260279814)
 (0.43188238096394005,0.18519098383036081)
 (-0.15943659336098062,0.14425309111982623)
 (0.20056928568273352,0.27129372180036737)
 (-1.157590886386886,-0.87986223535489383)
 (1.5038047189455168,0.85377650122835758)
 (0.79544644705704348,0.52508259411286273)
 (0.94780796577334614,0.13875466602066247)
 (0.5472353724082778,-0.55727900289890453)
 (0.69934965676492666,0.22909443108850722)
 (-0.48103800706034261,0.31246840195728204)
 (1.2304880359756518,0.039066799057729529)
 (-0.86265959367880973,0.66753841846089812)
 (0.67943659205354945,0.25421448625260312)
 (-1.4375255016228534,-0.20353909420736715)
 (-0.22843343705489491,0.1868491334511854)
 (-0.47346501250944023,0.32643068558128924)
 (-1.9314858109269351,-1.1179579085665277)
 (-1.3892039813467882,0.33720316698524277)
 (1.0069693261787156,0.53668962301110823)
 (-0.19542496482725558,-0.38996754719467969)
 (0.028452428620352355,1.1400037362452551)
 (0.10297017214397494,0.19955141946608959)
 (-0.30328690122297131,-0.80369904885246723)
 (1.3322892538944695,0.52415923195478076)
 (0.26708734225084474,0.28610007015098371)
 (-0.32034831304125938,-0.30826638310352455)
 (-0.21844577495488585,0.53439305581187002)
 (-0.16882144083921558,0.75351160675241446)
 (-0.5336593685851625,0.99501204727587778)
 (-1.2470073276492475,-0.23342379072376573)
 (0.25407888666868411,0.054147697649159984)
 (0.50036321258384719,0.53804054233429455)
 (0.60903374378766129,-0.21115689301681204)
 (0.44192055551102061,-0.33536860272562108)
 (-0.6842232307140742,-0.018487830533104321)
 (-0.78153427719076307,-1.1971167283469444)
 (-0.49507840025071126,-1.5037045948013206)
 (-1.1123360079686171,0.02928873671265253)
 (1.0570777354841585,-0.50787429161070219)
 (0.043814433576929657,-0.8963294077325713)
 (0.36413908627362823,0.49681558521380242)
 (-1.0731428569745818,1.2227613705448257)
 (0.362086226327614,0.30465718020286336)
 (-1.2490750459601074,-0.50859011705054535)
 (-0.85531567628024818,0.42594773628530025)
 (-1.2028529613206462,-1.1554546061080653)
 (-0.16768256168949322,0.14182319075733915)
 (-0.53338304662127123,0.40556529041479689)
 (-0.15309828117865498,-1.2156159110496887)
 (1.167377353736208,0.6237818884273878)
 (0.92948365209011408,-0.48607431878826846)
 (0.17511251841076508,0.19003609618638978)
 (0.94421598593380085,0.33994670606358179)
 (1.3466579875021523,0.47399055717081123)
 (0.20759787521125408,-0.29811071363490732)
 (-0.039806721667570016,0.5368332700972599)
 (-1.3679083522693332,-1.0892331124102368)
 (-0.60659753612992184,-0.32483054706525011)
 (0.88243583966284023,-0.34540014984507)
 (0.27880854044164405,-1.5376591085189022)
 (-0.38241476679001873,-0.06890855199027579)
 (1.251943528347369,0.018659100341148149)
 (-0.33964708546590477,0.28647844312096588)
 (-0.43457369771118814,0.32797655150775307)
 (-0.28405005244377118,0.5824162854832553)
 (0.71982966523272451,0.38738965474384224)
 (-1.1798073999301544,-0.19665367538392384)
 (-0.91269383027502249,-0.49781805055120221)
 (-1.1545097861865417,0.054945553725368079)
 (-0.7946542787175036,0.8839260776238792)
 (-1.155519794028006,0.071279104313316688)
 (-1.1166869957250505,-0.098543705443894902)
 (-1.7403226285277178,1.7415047106171655)
 (-0.14602332467619539,-0.61613501901451295)
 (-0.62435770791623868,0.91631719861779659)
 (-1.2259542494448188,0.12056622958307123)
 (-1.0904070918278257,1.0702497192356684)
 (0.1272789886202029,-0.26330610789672848)
 (1.6361403561898984,0.58643805415924444)
 (-0.53349486270907143,0.11201677190353843)
 (-0.063505949051340341,0.27909650011301096)
 (-1.0220430522805712,-0.17963403942747247)
 (-0.5194511072285205,-0.057663676389120871)
 (0.32096032013845888,-0.250667844750739)
 (-1.3483414851240985,-1.3489470328281874)
 (-0.54798380367160204,1.0870677765641217)
 (0.21982150397131539,-0.34051111843955117)
 (-0.24382784209848793,0.65552331747296644)
 (-1.006354869150597,0.17137413621700257)
 (1.3705753450216078,-0.83847701862835466)
 (0.9906367372625634,1.1290803975271395)
 (-0.85065012870115464,0.72146753093008764)
 (0.95413825045473777,-0.04771738088201688)
 (-0.61070162365469038,1.1022851327522973)
 (-0.71314522535007163,-0.23182193621201352)
 (1.7562353533988504,-0.66860086991673162)
 (-1.1106717224749749,0.21668050486623402)
 (0.023877562201431973,0.6151082625473181)
 (-0.95641807551968328,-0.1661983580695672)
 (0.64578448518222309,0.10296839275615943)
 (-1.0699455271607099,0.52695686418299781)
 (0.15493369488900557,0.051711708882831164)
 (0.86281356937626841,1.1227998250448623)
 (1.4221562078284431,0.28555935311651609)
 (0.95727076745816386,0.80700013548012151)
 (0.22497388465485962,-0.25279354343012472)
 (0.20854028074253109,0.23067096850924998)
 (-0.070880736784535658,1.5024540552369625)
 (-0.54827453539856119,0.89798130891205918)
 (-0.081184248138193638,-1.0997045543318551)
 (-0.99838657866740632,-0.19696149277999708)
 (-0.46786894692916375,-0.21371026064058712)
 (-0.94050313564255428,-0.82581229428186498)
 (-1.4109676534533842,-0.20709389715257887)
 (0.34480202308987434,-0.21698309005314614)
 (1.0737354975138358,1.4598801313792402)
 (-0.42189050320557425,-0.78077489101953024)
 (-1.3100222899163225,1.9217851146118803)
 (-0.54654892267552224,0.10828305579022893)
 (-0.5623009770387577,0.27190966800303773)
 (-0.048159352653757773,-0.18837786142626836)
 (-1.3885810838963466,0.52255776868700887)
 (-0.12207800871724211,0.35925282185505908)
 (-0.28051016380256655,-0.094482463774853309)
 (0.20446873156899487,-0.75873991567773413)
 (0.001780165082377827,0.58382826246744224)
 (0.24619907100963861,-1.1948769369267891)
 (-0.058313227336908524,0.73234602118152581)
 (-1.3285752573014393,-0.81611129771725732)
 (0.66199355512609581,-0.20137258742871483)
 (-0.168125622114602,-0.038030507727970786)
 (0.53644928148742821,0.51346480521556126)
 (0.79104306412357928,-1.0493662618586028)
 (1.3733907324706962,0.88813083147125971)
 (-0.034424211865380638,0.55788999671752382)
 (1.0961083655161294,1.8396477141968441)
 (0.640200801316131,0.013935832097176998)
 (0.32336987523561883,-0.40911609544077904)
 (-0.6973780333146089,-0.95874102800453631)
 (-0.88557816218838514,-0.29047426462450643)
 (0.45499895620303527,-0.071697534314707795)
 (0.11314061047013882,0.84719730869082788)
 (0.36752352883968653,0.10782473788513791)
 (0.043297939260179275,-0.24567496312893689)
 (-0.91801993487568057,-0.048899345889723195)
 (-0.33981255551476613,-0.30810092458985999)
 (-0.31393544531100964,1.038215312503195)
 (-0.41369783598950799,0.19525740162048372)
 (-0.051774550887220883,0.316344495900725)
 (-0.42779347344661567,-0.14212246768000783)
 (-0.30252628782483609,-0.42211423220324767)
 (0.5158229231582383,-0.10597867606544922)
 (-0.67575162930823796,1.5798356987299478)
 (0.78000530101085863,-0.012030460768508)
 (-1.063112366378747,0.73892484794644409)
 (-0.59455924108977132,-0.17957111118911601)
 (1.4150467708664876,0.56578808319793295)
 (1.4097159970858517,-0.27555171888756352)
 (-0.23271092129715382,-0.27981709870234894)
 (0.31313457176678083,-0.71147783014160881)
 (-0.050275823375201423,-1.3953841349822302)
 (-0.56466720081669042,-0.7452749618411032)
 (-1.1533279396837794,-0.094502676271618735)
 (0.23010816202807027,0.24706883862065682)
 (0.42407242023821523,-0.26618568720011837)
 (0.10771151739543283,-0.61045617520700179)
 (0.40203681109889577,-0.055419048391000869)
 (0.24862981174282284,0.96899856280808139)
 (-0.6347343039956207,-0.48250212432977868)
 (-1.2266044071831412,0.07651053377493322)
