# Created by Octave 8.4.0, Thu Dec 11 09:47:21 2025 IST <gamana@Samsung>
# name: rayl
# type: complex matrix
# rows: 2048
# columns: 1
 (-0.068605224551897132,-0.097654814980029592)
 (-0.23492505326452445,0.62803136423263173)
 (0.45234134168075568,-0.76583536010448683)
 (-0.081283051308337712,0.035508725957500417)
 (-0.33795617128766742,-0.26984173207392304)
 (0.11709919388540313,0.21674220270223327)
 (-0.26657622204445741,-0.0036004311679975476)
 (0.36918780129731199,-0.68658961293100296)
 (0.023302909307022501,-0.54035749289944202)
 (0.12573981528596209,0.77859133050878904)
 (0.57138446758951811,-0.91969221065133455)
 (-1.4561241993371787,0.2758486788197192)
 (-0.25613239527696691,-0.26442246655852525)
 (-0.49104362628972159,-0.4016442768523793)
 (0.35911046591943707,0.8399658313712135)
 (0.33543442348350905,0.69008756680379901)
 (0.31168193472129663,-0.37330730420882369)
 (-0.006204684957504758,-0.95352613792938778)
 (2.398050617804155,0.19948629619003766)
 (-0.44757357128663944,-0.094048974450449158)
 (0.38038544663591661,-0.33689318038620186)
 (0.58055311897006501,1.6599062435705165)
 (-1.1898518004324634,-0.95693978851462824)
 (-0.064398465190360465,1.0090437636798959)
 (0.075625163791455091,0.39128427743391025)
 (-1.2563781308487436,0.23564346636734895)
 (0.25581494689353801,0.24719900996699373)
 (0.44281059929708844,0.23031251420076826)
 (0.10149261784064512,0.59941460497380084)
 (-1.366801429520258,0.68004100375638821)
 (0.4513012916895614,-0.13164325583293349)
 (0.29006070718113375,0.39325926341450423)
 (-0.36183492085904723,0.65351483674726918)
 (-0.37585041881037118,0.013731463660600601)
 (-0.44025443196774988,-0.25134284969642856)
 (0.9925441571354422,0.37928290832619638)
 (1.6201618231051333,0.13758810431055979)
 (0.321315834806147,-0.58932336717806699)
 (-1.3635073537749978,0.88831370034016155)
 (-0.77464882128852464,-0.10715888814500812)
 (-0.21006692804303306,-0.41704049848807978)
 (1.5534767336354278,-0.075456208464620922)
 (-0.2346381856666605,-0.76651342291734526)
 (-0.29516593369268812,-0.56850969884435298)
 (0.76900882496303336,0.22998690608239408)
 (0.70059252126699845,0.38578929153368491)
 (0.28103343244667117,1.6852542936650392)
 (-0.46979166728219846,-0.59664072693123615)
 (-0.88535436615673879,-1.1378979902885371)
 (-1.6442833854784791,-0.35349668347639318)
 (-0.98056118401278325,0.28466231982776347)
 (0.53119783544905386,-0.84214900410639704)
 (-0.041303600828133669,-0.079690510948864327)
 (-2.0222775783058098,0.73599018311031761)
 (0.062548202503202199,0.21214932009163762)
 (-0.021891074393903892,0.21366448187444326)
 (-0.25292419979291259,0.60781221031224575)
 (1.5530838688338917,-0.8020530586757102)
 (-1.4022430688650027,-0.091300538732872027)
 (0.45921221606360907,0.011281261998943248)
 (-1.5044391607605696,0.44070562364670651)
 (0.082581216632005572,0.39023292697458445)
 (0.63033824819501583,-1.0289097303206158)
 (-1.4208173627566465,0.55518441061101631)
 (0.12827907449731912,0.37250089115399021)
 (1.4497557106529331,-1.1253614311756945)
 (-0.87356856291766316,1.0334250829733092)
 (-0.24587655487440754,-0.032087614686778662)
 (0.14272540027728703,-1.7117840155065689)
 (0.89391978553597451,-0.49400624872342769)
 (-0.11446124171044811,0.097420097069810918)
 (0.37762893704698269,0.41485239216135172)
 (0.27672763492500491,-0.28238075167724569)
 (-0.36298609913463897,-0.56007097576177056)
 (0.22221292887938404,-0.80927797703377924)
 (-0.91696280031958399,0.25677591592722027)
 (0.77230449115425426,-0.86679487915557352)
 (-0.19186907493031136,-0.69721138957108098)
 (1.1140487279598863,0.23145267934199687)
 (-0.47694172464948587,0.094168567678554679)
 (-0.68675244311818773,0.21994734026142013)
 (0.89291507893681854,1.9468010397389663)
 (-1.4866606464071579,1.5209721713548958)
 (-2.1050996340569439,0.019851402803240714)
 (0.29203431701782412,0.40192805496387757)
 (-1.2996194140814199,0.31743201378799907)
 (0.17830893306349457,0.014137738884479417)
 (1.9510913842097026,-0.89533675559426962)
 (-0.6771013565448375,-0.66670028513396329)
 (0.7776531465831501,1.21944335521345)
 (0.14722572773987946,-0.95248495688311274)
 (-0.050033005531354091,-0.37828313932049529)
 (-0.6354792414593794,0.26602943523856759)
 (0.30335268611144639,-1.7352220314066165)
 (0.26669320120510465,-0.44626087591712504)
 (0.75618265474707957,1.6515861614102061)
 (0.2047745324633925,-0.32994182824239382)
 (0.15617607422538393,0.8679666974936977)
 (0.58929150131245633,0.14353473955891105)
 (0.59886320080241429,0.20002413125809662)
 (0.93238197414725432,1.1006250289764954)
 (0.44764186104745896,0.051132978470002616)
 (2.2009669549402351,0.2582543102704995)
 (-0.92440808000403085,-0.76570166579445598)
 (1.2304826372243529,-0.52416702835460527)
 (0.30287048850453074,-0.46403217684263837)
 (-0.62190440965632288,0.11887111308980589)
 (0.66408981211915308,0.30873295190866534)
 (0.021834858850817419,0.063803589190328816)
 (0.27607148770814982,0.28024719504004714)
 (-0.36923499536089266,-1.1139833438110669)
 (-0.1169101266188331,0.37861262741394119)
 (0.9723550655987534,-0.17551060378146993)
 (-0.054897682290523941,-0.74922734639939859)
 (1.7842470275780782,0.52090144059857291)
 (0.60495787438983317,-0.94009912391100092)
 (1.125625473293993,-0.082187862096359143)
 (-0.026389556461329788,-0.12010160174162096)
 (-0.67092489252347254,0.23040607096694679)
 (0.4237423661072301,-0.13565363853246057)
 (0.15984176718703305,-0.41158883521421719)
 (0.69205374574868772,2.5828746239146012)
 (0.27931235505229812,1.2892025199714869)
 (0.055139132352165221,0.92473881899410848)
 (0.055180953544013117,0.20212075970381102)
 (0.064971233806963624,0.075549566480577812)
 (0.32954341026693235,-0.12657438071645594)
 (1.3556726635250826,0.58411155526479674)
 (-0.83214458097715083,0.027619240748281537)
 (0.64763852203854266,-0.86780583737660888)
 (0.74432510282737363,0.33911446117667909)
 (0.12738929917306982,-0.60309172873348493)
 (0.024344244313424648,-0.12693324741542406)
 (-0.82766665419135332,-1.5541520380209857)
 (-0.74614660346186157,-0.033782484954169634)
 (-0.18785119072869708,-0.28767899498920152)
 (0.16780751744084754,0.77170187647758481)
 (-0.39207541935028134,0.18011917162895685)
 (-1.0397854282103987,0.013882173987146307)
 (-0.5238602225530592,-0.18817017918726026)
 (0.11572762090781484,0.58368813680541243)
 (-0.92419172726140908,1.0283580939515993)
 (1.2457951500200926,0.40237942991284109)
 (0.24991458604752126,-0.93156724655656353)
 (-1.8319503461767979,0.24486672047503355)
 (-0.06058513350020156,-0.67471950227642241)
 (0.26206935874561771,0.50026675724699299)
 (0.30984989462593326,-0.49067653650586462)
 (-0.97961463244700064,1.0269071702543393)
 (-0.66546052243780696,-0.7469016587169659)
 (0.24060327400979864,-0.110037559485499)
 (-1.8145497221823292,0.64164343002535906)
 (0.32009854429638601,-0.28672874400987541)
 (0.24100730020805233,-0.97278212422047861)
 (0.15127181827686309,0.55786475541279335)
 (-0.77262823641574885,-0.52600220524482921)
 (1.1363483702858435,-1.0692441486489968)
 (0.69672135408547808,1.4233108728653243)
 (0.5719062831006112,-1.3078984450027964)
 (0.24694392595526271,-0.57984537139592074)
 (-0.16012652825133852,0.59406534892446072)
 (-1.6290714030820954,-0.25700954907173545)
 (0.62100135929432509,-0.67382797814889117)
 (0.28232550195596362,-0.097533296089973714)
 (1.2724467994156889,-0.69817029447316792)
 (-0.40298474271681767,-1.0356113484360152)
 (0.76852607117691651,-0.28644967333975713)
 (-0.075227940218512049,-0.09409888222420186)
 (-0.1772786114948009,-0.022060603693109346)
 (-0.65912706315954184,0.66793549222172699)
 (0.5412809348339056,1.2058210724929312)
 (-0.047443353103090329,-0.14484179748680129)
 (0.26414857243049206,-0.33341784502074989)
 (0.39746600897409906,0.23713994212406381)
 (0.71232849944841692,-1.0267945638184679)
 (-1.1340312404267117,0.093002719833830683)
 (1.6531976143214444,0.29298189891195087)
 (0.10262508261723612,-0.36909076588561235)
 (0.45112517300146637,0.0054941228457805746)
 (-1.2474658582622344,-1.2487594561619519)
