# Created by Octave 8.4.0, Thu Dec 11 09:47:22 2025 IST <gamana@Samsung>
# name: awgn20
# type: complex matrix
# rows: 2048
# columns: 1
 (-0.35918674441034681,1.1080338258451183)
 (-0.28097404488078342,-0.27582830201817771)
 (0.28321152432529112,-0.86144031209563332)
 (0.87478034876131161,-0.25133703854046607)
 (0.34995990794165893,0.30189457295158673)
 (1.2212421709967103,-0.40644619177201929)
 (-0.94769706244067398,0.9124546122673256)
 (-0.33198544166537119,0.86923328282084267)
 (-0.40573469618425267,-0.20461350911921716)
 (0.33701665556011107,-0.3344119493103106)
 (-1.0177833464477763,0.91608476057528454)
 (0.95405704155420856,1.0509465238307547)
 (-0.36606652287837849,0.39449893966336169)
 (-0.21585895070867142,-0.82568239105846641)
 (0.37718995724280935,-0.41652403526011461)
 (0.95199115122311695,-0.93871566484544289)
 (-0.92985786720872832,-0.3538846465223085)
 (-0.24014985342897657,-0.37744258781436868)
 (-0.2159725660588746,-0.85785399741684665)
 (0.2846076823745109,-0.30852961459821998)
 (-0.79919853682023556,-0.86110268307845428)
 (0.98424561635275032,-0.30679592571024811)
 (0.2080307785057659,0.42596589390558837)
 (0.30224086024896774,0.21869002237541646)
 (0.26761285491825526,0.32440997069843786)
 (-0.2156497443440149,0.30454087123355827)
 (-0.41989147521339443,1.0047715484584268)
 (0.36025141566709484,-1.0106271788349062)
 (0.94780838131606326,0.37326123062097682)
 (0.32103327701962509,0.28521589378688772)
 (0.15521343130215692,-0.97769911280068389)
 (-0.25540870658447146,0.31472714885175623)
 (-0.28297501812844739,-0.35640428216705905)
 (-0.31325579276746718,-0.19356108132935329)
 (-0.9342606558289055,1.0393082719923439)
 (-0.32907656171252658,-0.26715859066588699)
 (-0.92730878418353557,0.27279208508958835)
 (-0.2186132342957724,-0.75811612160798791)
 (-0.95645997567976693,0.32098527589212089)
 (-0.83763820195228411,-0.43100975391821383)
 (0.94352544580142872,0.36351767493207521)
 (0.36565842849254426,0.95906757924325992)
 (0.23158338486532087,0.33831637298558026)
 (-0.95406962273013107,-0.4454673830882151)
 (0.92331769008404518,-0.54369918553728847)
 (0.20994714426072922,-0.91773423321854453)
 (0.34205448467865718,-1.0235759434480005)
 (-0.25799030412213175,-0.26725571711614504)
 (-1.0305577853408066,-0.91890748272225409)
 (-0.35121549719946943,0.3943843527481059)
 (1.0331723732146192,0.96853222662128913)
 (0.87874994676045903,0.2450719783822162)
 (-0.94823918930660955,-0.36726154143736334)
 (-0.2806242616624875,-0.3923410356563295)
 (-0.30688387890597474,0.34067571495533666)
 (0.34200165668390609,0.95520554587818174)
 (0.89431332878142955,-1.0179568475455134)
 (0.91891307529512745,-0.35469963203704169)
 (1.0481828237738213,0.37153994173196353)
 (0.93598350947962838,0.97534087805001624)
 (0.35189283051356574,0.9879995526502694)
 (1.0883846079308579,-0.27713659833183324)
 (0.31657888841703752,0.98385021797401073)
 (-1.0797508841472949,-0.32372228795882607)
 (1.0125844473169416,0.92267776552106051)
 (1.0416533392896847,0.29061087289203458)
 (0.39133313415545129,-0.9937732497767463)
 (0.95479053010661685,-0.91545656305583156)
 (-0.96277501727475379,0.29755316025499506)
 (0.28465128860690914,-0.94865680151509535)
 (0.88007066577554516,-0.92041012859745275)
 (-0.79114394313789083,-0.34386661647050037)
 (0.17510252068116972,-0.94467932229148022)
 (0.33484404263485024,0.35138361862336503)
 (-0.98441975323808872,-0.3927992880840423)
 (-0.31190049567971689,0.90885765330694901)
 (0.39662578882323773,-0.33485610357363632)
 (0.39665501978966528,1.1759236105190105)
 (1.0487146609690752,0.32114620543634609)
 (0.25744296928229438,0.37309213287529508)
 (0.9237703302625726,0.82579902218700307)
 (-0.32204025465530123,0.92078161885296428)
 (0.86099437792087152,0.98241291325207059)
 (0.41314330436044566,-0.37707383445473058)
 (-0.18587189226711229,-0.85106944153676356)
 (0.37960589878380219,-0.97277303843002327)
 (0.29816853344768207,0.20887728138298631)
 (-0.90658736528679307,0.41701442027390545)
 (0.99765169522464725,0.45207756436133217)
 (0.27841270801309653,-0.93336982660848467)
 (-0.93074001868735634,-0.30013297688250529)
 (0.92518795479770621,-0.90978172789089573)
 (-1.170681747988912,1.037667857391813)
 (0.89228631002981862,0.22522623449299073)
 (-0.93039982636441643,-0.24728213475287758)
 (0.30364329430867848,0.25878978508387734)
 (-0.99777203276609616,0.42010128126289742)
 (-0.97877185400781408,1.046565349768287)
 (-0.2730388897636164,-0.94260912625641635)
 (1.0290237611608641,0.23910899511705674)
 (0.34722349604320635,-0.34717956707767256)
 (-0.97118936661255584,-0.84605936337595022)
 (1.0593737866600597,-0.45053393978731637)
 (-0.37942432430650108,-0.32064275395362535)
 (-0.35013656422086142,-0.31006403955485895)
 (0.96391989400969302,-0.26831863073677598)
 (-0.90192698651594394,-0.91084843752881894)
 (-0.29708694113342032,-0.97846964341995646)
 (0.34534970552049304,0.29474753838851742)
 (0.39530930046323376,0.92121686714142237)
 (-0.33592706280764489,0.45660419318314149)
 (-0.32363084609805393,-0.18802634329237841)
 (-0.37814926091660772,0.32537725522471872)
 (0.23273071230543274,-0.87946343844926811)
 (0.41324465244358066,0.37010496618893696)
 (0.41375189388453137,0.20180829175780202)
 (-0.33724282058481025,-1.0901603840974514)
 (-0.33861073920663542,-0.3299322836593076)
 (0.41567064530056702,0.92721113127039811)
 (-0.42751535340794677,-0.21498410526359044)
 (-0.33710626830742918,-0.38226774740838909)
 (-0.88954686659184123,0.39817984095495956)
 (0.24190531018336731,-0.36808132133265509)
 (-0.33162074246456996,-0.95727485648444166)
 (-0.94293626792089114,-0.29509155048163066)
 (-0.46940874185287562,0.1927213356695654)
 (-0.94388248248206963,0.2874117658739464)
 (0.28017143998358152,-1.0085190853173918)
 (-0.92738821263651494,-0.95691642704585456)
 (-0.99507868772542163,1.1512627747201323)
 (-0.92181588947511972,-0.91916624613729847)
 (-0.2416611555019747,0.31676930313962576)
 (1.0424780676490817,0.93099811955966327)
 (0.30576542903730908,-1.0373082301132424)
 (-0.3663681712898868,-0.30125343367627128)
 (0.90820285764303144,0.2453577910292726)
 (0.90978238873792749,-0.85599359573830913)
 (-0.37572372751465921,0.98689163554204129)
 (-1.0290774367083662,-1.0157292845052834)
 (0.97887331345896078,-0.26047861441497278)
 (-0.32563317423789556,0.33940668724640238)
 (-0.39516773975853431,-0.24872040135747173)
 (-0.99294667958665483,-0.40003387580267941)
 (-0.94867874111166872,-0.26635134851348258)
 (-0.2753480925880113,-0.35990042803678141)
 (-0.94980883010158157,0.99170938165073297)
 (-0.85494387469908162,0.97893418722176473)
 (-0.32810323824244092,-0.8772451112333135)
 (-0.96489520186900091,0.91058125800664225)
 (0.2532820087814332,-0.4437796951453109)
 (-0.83684025731339073,-0.50418426418956064)
 (-0.4309542385846426,0.37356809868328944)
 (-0.86403574666486127,0.33455217629255268)
 (0.29965528137460895,-0.3501376256036538)
 (-0.40830035089650557,-0.95221285645062848)
 (-1.0443401386945135,0.31414634184150469)
 (-0.95275973964092131,0.93130457179329273)
 (1.0498420783236619,0.37660910983555879)
 (-0.82862745974406971,-0.35538903611058881)
 (0.26981722832929822,-0.22819268540942395)
 (0.27983603561554665,-0.8967129828004996)
 (0.97431232491022612,-0.95324047156339586)
 (-0.31814069895155378,-0.31851840415554833)
 (0.32765089613188275,0.21797285424509835)
 (-1.0143314671028247,1.016773443797915)
 (-0.35788691893610203,0.35654991523811325)
 (-0.83659601910285175,-0.27486542387626645)
 (0.31228024250355108,0.98850307492811007)
 (0.92928166806843993,-0.927583998745385)
 (0.36198093661647646,-1.0025198409635081)
 (-0.46123263725474783,0.30213985363874979)
 (0.98800211510771507,-0.31441542249503851)
 (0.30581672165911294,0.93169385256143356)
 (-0.89379854670833558,0.24757438172014534)
 (0.3013546743955795,-0.97493805739090689)
 (-0.36944302400212914,-0.29515969841340506)
 (-0.22660659530419242,-0.87977432066721339)
 (-0.37174206486195127,0.8578714253947276)
 (1.0673512115549335,-0.98768266494160406)
 (-0.32015055564253497,-0.93841418745132144)
