# Created by Octave 8.4.0, Thu Dec 11 09:47:22 2025 IST <gamana@Samsung>
# name: rician
# type: complex matrix
# rows: 2048
# columns: 1
 (-0.64175244540724474,1.4175941565179153)
 (0.31568730882850038,0.88885087766770177)
 (-0.14145554977527319,-0.64301285333023217)
 (0.51199503806094604,0.38074995430250774)
 (-0.70352960479403492,-0.59975041460154721)
 (-0.51816425761429274,-0.29068996833875627)
 (0.032226097452779212,1.1096638228778786)
 (-0.79256936783364096,-0.53078465217563897)
 (-0.16501821511689663,-0.32147148445671431)
 (-0.64559497284692213,1.1594715639856226)
 (1.0101809918402427,0.069717340750073575)
 (0.35126576815035371,-0.14905523173478075)
 (0.28164081463372759,-0.74783595403153913)
 (0.41408696445234061,-0.064152624663394248)
 (-0.16118611588474413,0.29870032950500447)
 (-0.30974089776524527,0.0066767405897731336)
 (0.30854325890387313,0.35341586614317455)
 (0.46323929302401234,0.76422062277655378)
 (-0.7609551764703657,-0.66535543059827751)
 (-1.1021322488944383,-0.87503293328617238)
 (0.036181668678824871,-0.21123211786768437)
 (-0.26012348910393068,0.15105731194314503)
 (-0.19880588284523792,-0.23327849065030865)
 (-0.61583234875816151,-0.46724462502746256)
 (0.51902693973315195,-1.1951167410795756)
 (-0.17825021743603392,0.15426696826058633)
 (0.97678466198239122,-0.40807718107409008)
 (0.85130733822585403,-1.541763589708262)
 (-0.36336127130315621,-0.10063496272924899)
 (-0.48360168126368602,0.44159322353791325)
 (0.75378935299368621,-1.4031356189703987)
 (-0.92126705194607372,-0.073424300081927296)
 (0.018814039663157284,-0.59810455480170543)
 (1.9064834684028678,-0.80052852475405667)
 (-0.0090013870604191137,-0.2065026290200726)
 (0.093062882103580435,0.63219202207041159)
 (-0.25395019247485034,0.30517902216681886)
 (-0.56036335590911435,0.94577253459223909)
 (0.13095183167380434,0.50483576380037454)
 (0.42001502334195756,0.74366425027411909)
 (-0.64764004118340002,1.6581594776323112)
 (-0.18758800657469041,0.27405399978058576)
 (0.015319182103819329,-1.3409885214647752)
 (-0.028499086781608618,1.0875169954126971)
 (-0.55510330380290451,-0.52215820136273117)
 (-0.47317482439337455,-0.27371851070390751)
 (0.41361422711345941,-0.1349000217757923)
 (1.0675491127016243,-1.6065812434670399)
 (0.078904677918469834,0.36511034238486206)
 (-0.24427521817711995,-1.0238354380100454)
 (0.47955213843570338,-0.8283182191115579)
 (0.9108914019566422,1.1067247131940396)
 (-0.16743046595177932,0.11575152922173268)
 (-0.36550723666532725,0.08303830676086868)
 (0.19687681665430251,0.43631119994868156)
 (1.4372761282929496,-0.42827245128380115)
 (0.77642891048268714,-0.36946191050938648)
 (-0.89782925645925526,0.35490968626108521)
 (-0.42402087384890752,-0.1437428321041376)
 (0.11337128217760077,-0.25756023285251933)
 (-0.21136122062548252,0.62101407518345231)
 (-1.1468692646694121,0.96594122931436366)
 (-0.56055210599350092,0.89162449881510053)
 (0.034068079379612315,-0.53577511558211111)
 (0.1868602070600576,1.0057093629500993)
 (-0.91582665761791426,-0.92461182897572292)
 (-0.34085283957223389,-0.87755197512103367)
 (-0.41144498021297393,0.25887351894182453)
 (-0.77601040528016396,0.43065843371505341)
 (0.10542824104127091,-1.1276221049810853)
 (0.20555086918343607,0.0069218230607665521)
 (-0.35961102251001315,-0.37218118142651907)
 (0.91784389141681233,-0.34962714150198893)
 (1.5461646202936383,1.4468513477132214)
 (-0.047070718715822746,0.72932588725473968)
 (-0.43411344672746088,0.0091311005641704635)
 (0.023841010194545431,-0.71096569097766427)
 (0.58953440910190924,1.4836822928628881)
 (-0.84062291593519456,0.11576498342430949)
 (-0.34198071577343542,0.032583080404330111)
 (-1.1206605442308901,-0.77654782971244707)
 (-1.0506926457038024,0.37605679915603663)
 (0.30215540692749543,-0.96873198795485471)
 (0.2124542849147972,0.5136992963201914)
 (0.7381820893016966,-0.15699252792112345)
 (-0.63445435629152891,1.1174571358570953)
 (1.4903409302945354,0.92189867089882549)
 (-0.63008561222998694,-0.55829660561192196)
 (-0.9265079642246502,0.4675975286123798)
 (0.52250479873606381,0.69418782646981969)
 (0.51182713320286277,0.15551468874819332)
 (0.18727721474776371,0.34617598880988298)
 (-0.23292957676332393,0.11494102968729691)
 (0.28360582483575186,-0.99934093713268812)
 (-0.51875650159819631,0.90088165593126379)
 (0.13819696512558888,-0.22318162536998362)
 (0.34942532818004096,-0.2726193732359426)
 (0.18181128129349375,0.44342089725101841)
 (0.9263052917956659,-0.23122347955722877)
 (0.52266499863763827,0.29410025135416962)
 (-0.52181782013762068,0.40665698349124274)
 (-0.64108703239720566,-0.68867494589503264)
 (-0.38482567696868952,0.021640647772508431)
 (-0.21461618632764234,1.8000898789390709)
 (1.0334378803850226,0.5051767936470104)
 (-0.034982579460546864,0.37540813861162936)
 (0.71206648864358302,0.6857294644475429)
 (0.1089438503239446,-0.97174435626178735)
 (-0.19254448007618843,0.78187322154039662)
 (-0.014483962257958095,-0.12576651378280518)
 (-0.56977924029237703,0.37813565210811284)
 (-1.6316946591581527,1.5463491419620505)
 (0.46994304427857114,0.14370634270977414)
 (-0.67216912711837384,-0.73249137548868715)
 (0.39945145267155679,-0.015611838286347962)
 (-0.39411163938562693,-0.73297910180922932)
 (0.23420106459756995,0.42539973832682476)
 (0.20158373559563378,-0.22874337872580794)
 (-0.085123141661855972,-0.62263665741196406)
 (0.77684404430829046,0.83023008526269448)
 (0.38212066651662902,0.17609285364394991)
 (0.11157571289204077,1.0298526358661382)
 (-0.33628730998845435,-0.40158519843085771)
 (-0.18914123768249921,0.24340449356411645)
 (-0.20034719304723778,-1.1813642502155435)
 (-1.1524726521222863,-0.35618968884120744)
 (0.63463614493803289,0.12163736131378605)
 (1.7325856900965952,-0.69630969237443596)
 (1.3896568130721922,-0.98496123115014278)
 (0.97566405740212836,-0.11703886922765927)
 (-0.71747163292498306,0.60728740097902834)
 (-1.2860331337270159,0.21964950465223226)
 (-0.90600607558274737,-0.13577867513375508)
 (0.86143652343550858,-0.44249695136403122)
 (-0.30906203384373188,-0.20958010532567584)
 (0.21778649010429246,0.36212818941247066)
 (0.27295453133535352,-0.79667340416732357)
 (0.48477548168350609,-0.074381376090341844)
 (0.096090237177113597,-0.96851641573665492)
 (0.017969903691516992,-0.8757784650950402)
 (0.85758315389201845,-0.36592085315826783)
 (-0.94111875794369437,-0.20904165498667382)
 (1.359523001790121,0.38319814231084959)
 (0.90597159662265647,0.42651417804219371)
 (-0.87665027444921684,0.58406761320184675)
 (0.52174500999412154,1.2471073519549276)
 (-0.44120348546136862,-0.38338182819498828)
 (-0.92978051240393123,1.0278551528955056)
 (-0.27157776014639456,0.71238528709907345)
 (-0.71045118073335189,0.0057980113286458246)
 (0.34729715104012154,-0.3697359597868885)
 (0.061914648944363715,1.183864199304947)
 (-0.96956669086338199,0.47694316025783545)
 (0.64062395681241135,0.37109888158005444)
 (-0.68127457211307696,1.0359169617271358)
 (-0.27341843151310607,0.25759846447042256)
 (0.92238272540317867,-0.34199112425123052)
 (-0.41881662886582094,-0.22898912405925997)
 (-0.99430153613916195,-0.084086637155974808)
 (0.026880236136525099,-0.3988784107918697)
 (-0.39807019688861117,0.48670300186693288)
 (-1.203174851625733,0.39773214899287762)
 (-0.11652380585072389,0.31873049734201253)
 (0.79578113545470675,0.35357225081511423)
 (0.31221088370072769,1.6204980399118349)
 (-0.19647166938677818,0.26044796874076193)
 (-0.57444574579361862,0.27016560402563272)
 (1.1875642100123063,0.32683577664306429)
 (1.1257624986744474,1.4856371382221494)
 (-0.67543037130694805,0.71953730591923493)
 (-0.37362649185314056,-0.40563023852620783)
 (0.33174292057238397,0.46207796690778757)
 (-0.37409925506351438,-1.137671547157973)
 (-0.49617112247195749,0.19336661641712052)
 (-1.7788501594289499,0.47687241229357902)
 (0.61440896136966205,0.28490405071124536)
 (0.37752124522477548,0.57641691640160098)
 (-1.0305885728428925,0.73826902856126031)
 (0.51607496670687592,0.59593843572323735)
