# Created by Octave 8.4.0, Thu Dec 11 09:47:22 2025 IST <gamana@Samsung>
# name: rayl
# type: complex matrix
# rows: 2048
# columns: 1
 (-0.57678701961712775,-0.3391966190213978)
 (0.085424822971728098,0.78674808470708169)
 (0.0036373982240606537,-0.014795194176542703)
 (-0.22906504652909945,0.15869560256759344)
 (0.053379505764870716,-0.81264357945823185)
 (-0.56573773558545193,-1.5559987218374851)
 (0.092386868926063515,0.72987244885177527)
 (0.94599310305507456,-0.26816475612099983)
 (-0.34742411643176507,0.42639629129719336)
 (0.016609698583370081,1.0528573922234237)
 (-0.67606787804347634,-0.14899254292762559)
 (-0.011629317308887187,0.10632137319164103)
 (0.41333093262719955,-0.35505767458979476)
 (0.33204931744031324,0.79990775893783139)
 (-0.64590406047080773,0.31612672913258599)
 (-0.054187651266169146,-0.60396326287958768)
 (0.030045137312055215,-1.153052972229974)
 (-0.085160307500351196,-0.18445418987179157)
 (-0.20929216541776169,1.0089480160370985)
 (0.44967568566250021,-0.26208200986886993)
 (0.46349473323975748,0.3743681063081426)
 (-0.7035228068978242,-0.68665281572574133)
 (0.32595411294880272,0.22316074939170871)
 (0.62349467037402462,-0.06858311628419117)
 (0.4471894306286624,-0.19873582495672809)
 (-0.243894226858304,-0.0019558878678498925)
 (-0.51789347920075079,0.091830529872958977)
 (1.3400261566276344,-0.45148272251877214)
 (0.60428392138286147,0.77597979867545841)
 (0.23557194710917631,0.74595047387514701)
 (0.033976876483518811,-0.17441734217770913)
 (0.41067547790537617,0.18980396778956488)
 (0.049221642493551404,0.66610556410448951)
 (0.73953997289661588,0.19389569933336431)
 (0.10948772693107153,-0.24565912809796264)
 (-0.018004869710744657,-0.015811222708643227)
 (0.65333854445188022,-0.55536799788261226)
 (0.27253646423394989,1.1215443321021432)
 (0.15134911023507946,-1.0929695537574502)
 (-0.019429942469958134,0.54939589083788598)
 (0.34435543018673176,-0.046343622599680695)
 (2.5328374870595276,-0.0058651357874380805)
 (-0.75729671081310523,-0.55469760692812375)
 (0.21643399718775894,0.47435415587792823)
 (0.16706677436937523,-1.927677645121481)
 (-0.35643396681068046,-0.14585970129128173)
 (-0.29022650915161952,-0.10713958256870991)
 (0.42110303969178198,-0.19603114836929544)
 (-0.45865867877229083,0.66976392134397789)
 (-0.015281876472730868,0.15616454546323871)
 (-0.13595323146891192,-0.040099052630509419)
 (-0.47297129549460543,-0.85963479868867609)
 (0.12596711512572484,0.2391050105776806)
 (-0.72965571741129431,-0.95456956017585948)
 (-0.7106856257234373,0.47472725054843457)
 (0.33478594290129599,-0.48497085532822348)
 (0.81680377753476519,-0.97056721730253259)
 (-0.79275864172012633,-0.44327136192113337)
 (-0.098484983560709963,0.35950329688184968)
 (0.81904917169897495,0.13913210887847338)
 (0.081364963798645967,-0.0082669425271392691)
 (0.22559020720807066,-0.27357767107771452)
 (-0.051375651377542596,-0.067013706832986839)
 (0.15905081367295965,1.2056399935594697)
 (0.90253929134961819,-0.86920421622998045)
 (0.022724750747094277,0.09087673194900904)
 (-2.146891225818782,-1.6613601845571047)
 (-0.69393970296626617,1.5310286497953456)
 (-1.091942148982761,-0.14925303500389758)
 (-0.29632518307912054,-0.43035657822122642)
 (1.1342805916907321,-1.4250922065671279)
 (-0.41030192331394333,0.18671434948251395)
 (-0.57504052391744964,0.04321699702695686)
 (-0.11632054056313898,-0.32835618898973884)
 (1.3601450892039468,-0.4772355816332336)
 (0.16317640620453538,0.50067809807142749)
 (0.32675111094759263,-0.045256081824544318)
 (-0.17626488849950961,0.81318163576306568)
 (-0.085418395200409142,-0.043052618307815115)
 (-0.46851635132024283,0.11742461595524223)
 (0.57536512698861042,-0.82346193103312237)
 (0.26887932173621865,1.4545101920695029)
 (0.45507002456188739,0.31680246964021719)
 (-0.72862759267757926,-0.50926119922594093)
 (1.1556956083053898,-1.2813504786489884)
 (0.65827398956061201,0.49004217064970451)
 (-0.73859927254452362,0.9161456005627393)
 (-0.36524530763426677,-0.77525830154171593)
 (-0.2224525717946082,0.030961654844181175)
 (0.49402320456776966,0.95827954666267678)
 (-1.6911962110296868,-0.70986105013181677)
 (0.56893228969817433,-0.67129413779544977)
 (-0.38437309228061145,0.01663167330989937)
 (-1.0798476192982505,0.74112467554512262)
 (-0.67417483344693385,0.79512205580997064)
 (2.2557432907284003,0.38266336593359662)
 (-0.11195628242596059,-0.053644767034409631)
 (0.79073564765327686,0.40229488195740559)
 (0.094744155586887091,-0.62249188956808044)
 (0.61119462792669477,-0.47169488803885329)
 (-0.55666551307122936,0.68685243989665812)
 (0.39817907403423919,0.30705181758453576)
 (1.6133706993235581,-0.13626309737796283)
 (-0.39890317126755626,0.033648082678674168)
 (0.29469788849347184,1.3402576444496495)
 (-0.1032109880744248,-1.1064498134378615)
 (-1.1298901762217353,0.13112758203023672)
 (1.0241723265399179,0.63016678884903998)
 (0.70088167587452677,0.4488645448208185)
 (-1.9569668958807691,-0.71875299453804187)
 (0.2089391934312308,0.27232219683241426)
 (1.2662676423592054,-0.22431403194971722)
 (-0.46963057870325398,-0.48510076623082549)
 (-0.60599105061527736,-0.34935744107994804)
 (-0.25863525245845814,0.1352394914938008)
 (-0.16660947834962239,-0.32398868255079971)
 (-0.61898617684260993,-0.039801194131609041)
 (-0.16450622544104132,0.66863455889837975)
 (-0.22832866339568977,0.079230711365732925)
 (-0.12082955605269155,0.41623034650216528)
 (-0.64578483896941008,-0.53324746560311365)
 (0.17743965480157822,-0.49506843514072529)
 (-0.48546783121666548,-0.62572113048661204)
 (0.85733170640525369,0.5348053008403395)
 (0.2655276868749098,0.336836597643284)
 (-1.5006657630890416,0.35242142690780465)
 (-0.28090112785045651,0.30894537416174717)
 (0.00091803650438609941,0.33340173879755347)
 (0.32699678486938288,-0.30103345869951947)
 (-0.48257343727111512,1.0659423020368459)
 (0.36320071929736808,-0.77921328010226709)
 (-0.84292620642926219,-0.72450942573554111)
 (0.1729586060833524,-0.30982457825945087)
 (-0.75468837460370486,0.72307707881537076)
 (-0.83995733586990762,0.98439260112425653)
 (-1.2474509333668145,0.34852272055460232)
 (0.41943581447643902,0.023135682263852778)
 (0.53150711731296019,0.62250390849019344)
 (-0.53278883989038595,-0.06260262673767672)
 (-1.0887157664077174,1.0566607091023408)
 (-0.34234463226381306,0.72536817421846778)
 (0.72802392848206254,-0.65820593887360834)
 (-1.038768387943507,-0.62595897556930569)
 (0.00653501938107931,0.096355990666425487)
 (0.4577753853927386,-0.59649319384322352)
 (0.076836448406438787,0.10274710690550866)
 (0.72896460695659315,0.51666864458700934)
 (-1.0712888063244468,-0.16314940123166966)
 (-0.3388376070524044,0.15701189216935479)
 (0.1133549746711237,0.66821214792367345)
 (0.95243120114466917,1.2648770417633681)
 (1.1194859722040973,-0.59527020668404629)
 (0.070263921914932498,0.05594189340497141)
 (0.29085367960402225,-1.2576328755871335)
 (0.36519348337655261,-1.35493334609053)
 (0.086788136412652483,1.8615839064910904)
 (0.265079725705614,0.69931945202687595)
 (-0.082113519153208636,0.19230762220222047)
 (0.36955836115221991,0.1580953978556589)
 (0.18943923270667243,0.52352188735785454)
 (0.13097021247806967,-0.27392002110663977)
 (-1.1424474671534368,0.098956787039114036)
 (-0.38778331490377649,-0.19958134038501096)
 (0.48777927553622197,-0.60552569696907754)
 (1.4067514615399253,-0.279992788170288)
 (-0.073951843493837155,0.24140956321815116)
 (1.0469540928167711,0.39760893290221094)
 (1.1682667321644511,0.70369834544922316)
 (1.6924182159284005,2.174159393961502)
 (0.18535422056064349,-0.13913341241099458)
 (1.4666289120701366,0.11333562469452596)
 (-0.2136806868389837,0.092807565264760403)
 (-0.53429226587511769,-0.26630630621884954)
 (-0.19540990866718586,0.66485327240011938)
 (-0.30333455083101052,0.12151990991895589)
 (1.7471107972844941,-0.24919028411967903)
 (0.44683216972896522,-0.74012873990437966)
 (0.65969303581418393,-0.22142636074758654)
 (0.25273154345744797,-1.5943950336666173)
