# Created by Octave 8.4.0, Thu Dec 11 09:47:22 2025 IST <gamana@Samsung>
# name: awgn20
# type: complex matrix
# rows: 2048
# columns: 1
 (0.40455525096276423,-0.3526198299060781)
 (-1.0156561564508988,-0.88034255692560981)
 (-1.0508323172186878,-0.84356614446461664)
 (0.44252602900937787,-0.9638382993182153)
 (-0.37495328135519168,-0.97888750905033095)
 (-0.33700638493445312,0.93959329137586811)
 (1.0450811263536035,-0.3318578300350441)
 (-1.077001602931027,0.16803663058962812)
 (-0.21665488742705014,0.78529809661131522)
 (-0.8674167525803923,-0.33661648974372965)
 (0.40005500746480127,0.40045948073254245)
 (-0.27946169721437075,0.34164714502017846)
 (0.19565110532829949,0.21878452589207337)
 (-0.90169548147156842,-0.22610360670981761)
 (0.94888862937160645,1.0774225329574967)
 (0.89346495611515009,0.91163447641084761)
 (0.84792819798084351,0.43154585913143356)
 (0.41003020607592239,-0.92069151661025694)
 (0.89667849176081105,-0.2184865987788813)
 (-1.0401119207748137,0.35714757394090824)
 (0.94100435427221885,-0.3345918545094082)
 (-0.94094097747726868,0.088285712521298521)
 (0.89447774476453823,-0.3471812938979591)
 (-0.91249558918453588,-0.89128259769535212)
 (-0.19770331191301849,0.22379439700437309)
 (-0.23454623202822075,0.4289827606639765)
 (-0.91256527956535149,-0.89073648138060502)
 (-0.86083064023096589,-0.3950116009580657)
 (1.0683487602601691,0.36873636562381873)
 (-0.19712467736325751,-0.91732416449924514)
 (-0.32204121749741171,1.0231704430523496)
 (0.3806661717096182,0.33554448922550351)
 (-0.48174567595244944,-1.0825000220575909)
 (0.90920395432240031,-0.34387636584998538)
 (0.31263625560225622,0.34248629750439796)
 (-0.22968029024607325,-0.49131216796628019)
 (-0.95905325813753162,0.98309249044948444)
 (-0.30628285075929207,0.943872307589391)
 (-1.0103580669701315,0.3133016142279042)
 (-0.90732082313878881,-0.30153937022692112)
 (0.26993494613416547,0.27664710029940692)
 (0.28966073855450197,0.24701492737478775)
 (0.95258430312532671,-0.34399378015665205)
 (0.35197194080185373,-0.480984410683298)
 (-0.86810323380921539,-0.93057487169098829)
 (-0.98659929621355891,-0.87464706831311168)
 (-0.91444612340629605,-0.95199756124282797)
 (-0.95719675432833007,-0.24326896902867184)
 (1.0224615558082781,-0.92826857446959121)
 (-0.3476457089536874,-1.0107625367578761)
 (0.29103006364474848,0.3841744324790447)
 (-0.92872000799320931,0.9108403211143633)
 (0.35472732165550769,0.37176695461547782)
 (-0.8929719957208293,-1.0273116658135111)
 (-1.060420923873302,0.1512339118632984)
 (-0.80899402148109956,-0.97841170763756991)
 (-0.491104951104541,0.45254367118361571)
 (-0.085075103278312053,0.26375054529637731)
 (-1.0246272699449521,-1.0245817672899815)
 (0.95439420295863309,0.92865298257348372)
 (0.37204297590019636,-0.94982952289682476)
 (0.25508965759259972,0.29899043915122181)
 (0.99104741724527745,-0.46552753049695306)
 (0.97746579499345321,0.95733531436848507)
 (0.35993489951057694,-0.3506355231194862)
 (-0.45100522142520272,0.3104299150505484)
 (-0.97933804690430692,-0.80808757595021052)
 (-0.9333613328414212,-0.92501647230044881)
 (1.0791692258690235,-0.97278626771034638)
 (0.3376547613543498,-0.83136203697885735)
 (-0.28374878876957477,-0.1976008154641562)
 (0.91978046509255695,-0.30167695244260645)
 (-0.35271244681507408,0.22088473490936425)
 (-0.26314724572516723,0.32933628004664944)
 (-0.90316294590576263,0.83020570177838393)
 (0.84916636093713849,0.19148231140212033)
 (-1.0622664330969085,-0.3072409486813516)
 (-0.88619313390040533,-0.23299935283351525)
 (-1.0904978815077608,0.33709892577816192)
 (-1.0313223659207051,0.89230594445943834)
 (-0.87479544205364068,0.28959681085907724)
 (-0.88209591184676772,-1.0030089392065873)
 (-1.0394259738589324,0.90920918983061927)
 (-0.13765958266039485,-0.84264720929481185)
 (-0.93674646531328265,0.94205086315199382)
 (-0.91827192026033422,0.26457526274599508)
 (-0.93338398694902625,0.85491767093407733)
 (0.25282584562370769,-0.23426239295979798)
 (1.0027486235590151,0.27532211409042978)
 (-0.93169390902472582,-0.23914378614256443)
 (-0.29794343391336608,0.26998422702758973)
 (-0.99574331418476481,-0.91552883147178321)
 (-0.8935129888454717,0.26053505704070656)
 (0.2269662307200887,-0.46598805923328235)
 (-0.89552212410687038,-1.0322171285196797)
 (0.41577116265671127,0.91962322820032394)
 (0.28937276690785974,-0.24990368115054909)
 (0.2570243990565968,1.1465836954059541)
 (-0.93009035267698448,0.18080566093693004)
 (0.78927514528931897,-0.91383780841852602)
 (0.97270120937918003,0.86589547794392874)
 (-0.25119236518281646,0.98948843500491157)
 (0.95657334718705,-0.40794032401887936)
 (-0.27507100124847528,1.0283957957038317)
 (-0.85277335322637215,-0.38486065091377886)
 (0.89563144578291687,-1.0738649415807719)
 (-0.9749585001495672,-0.27375195874075642)
 (0.34916104132479919,1.0594802364097176)
 (-0.91452737274573515,-0.27961075385939693)
 (0.90684492802498984,-0.32013353038737302)
 (-0.96552379444935199,0.28090771567001127)
 (0.33366203075195811,-0.40510991180658168)
 (0.99569624527714062,0.90092825102000162)
 (0.96774776291533515,0.19100339382789397)
 (0.20292341769332839,0.9901215084661924)
 (0.26216387319304529,-0.081387848941960911)
 (0.21879961469490369,0.30518918069181222)
 (-0.24743800170889488,0.9404947914328935)
 (-0.86905317355299205,0.90104319158517154)
 (-0.30951715703375016,-0.99647446016736752)
 (-1.0445191177935582,-0.33132948145224445)
 (0.32705335792222434,-1.0024361990036703)
 (-0.98053047931224346,-0.83561283558340238)
 (-1.0300500685545615,0.27578409780148389)
 (0.18301697498646058,-0.28818678522722013)
 (1.0046412413577288,1.0062054096289672)
 (-0.25696318400196705,-1.0247438537669453)
 (-0.9798583959259175,0.86100936326314614)
 (-0.28056477790601292,0.34115515636789306)
 (-0.85705383439485405,0.3308474487872311)
 (-0.78282399819431125,0.3146006555420699)
 (-1.0239298933132284,0.85039079477098745)
 (-0.29903245603394052,0.40546656050054192)
 (-0.28620127677336304,-0.27459053645253523)
 (0.32760028784637202,-0.92409009268100517)
 (-0.93144579023084195,0.89114659768485982)
 (-0.47442754251400793,-0.89365620394458067)
 (-0.30322797747181174,0.9539102677093374)
 (-0.92030707947667001,-0.19999341268055196)
 (0.95831107364629442,-0.35939454111141134)
 (-0.33608499658131119,0.27240032868433628)
 (0.8820724755337418,0.27390391024577182)
 (0.9156196800645896,-1.0297133434161565)
 (0.96629325550486744,1.0054904496203276)
 (-0.28028624451588113,0.97104923985974578)
 (1.0077312982536921,0.9092341362348122)
 (0.84780191617160994,0.41640306086403928)
 (0.35692766423682326,-0.23972408987003541)
 (-0.89397170522075431,-0.96649811711413958)
 (-0.94517540965750346,-0.93326233370899225)
 (0.29421248110125414,0.86558241770128386)
 (0.34499347613723275,0.94624939149777698)
 (0.33489748438354994,0.9205103602444592)
 (-0.29947257428692436,-0.42428068618932491)
 (-0.84153814057022303,-0.33800162770304698)
 (-0.37487364652361349,-0.11968227639131518)
 (-0.28903638943564341,0.89218252847498603)
 (-0.35978315344826173,0.27170452830498043)
 (-0.44519512250431637,0.45853813409919375)
 (-0.41647848431590095,-0.32502161028639143)
 (-0.28707435520692798,-0.26171053763680013)
 (0.23509745490728101,-0.24711904583582872)
 (-0.82505557547582042,0.99370735272218202)
 (0.9483419591923693,0.26971337079856161)
 (-0.93513637794571436,0.24330592331487658)
 (-1.0084294371653144,-0.30025391719068306)
 (0.92773439351107545,0.32274360159059778)
 (0.98572822723837228,-0.34705195280630002)
 (0.46907486801437182,-0.96546687253507624)
 (0.24249635756804228,-1.00279393337058)
 (0.38514008390168225,-1.01975017261005)
 (-0.90950583151878939,-0.91387055185018973)
 (-0.90670435916064029,0.29740322399221991)
 (0.2973943950045056,0.30960583156936256)
 (0.39856250840091301,-0.34065684133114893)
 (-0.25562264573246662,-0.29586950693916769)
 (0.41296419280611329,-0.28722363211895191)
 (0.29733561966057626,0.95912066419107433)
 (-0.88236702129477551,-0.40572754514550835)
 (-0.86404000099201461,0.33605096480095586)
