# Created by Octave 8.4.0, Thu Dec 11 09:47:22 2025 IST <gamana@Samsung>
# name: awgn20
# type: complex matrix
# rows: 2048
# columns: 1
 (-0.2902037698652723,0.35875470767452822)
 (0.38108580366592909,0.97060507711072275)
 (-0.93318469189955711,0.21106055269695689)
 (1.0111747213076725,-0.27458040539745227)
 (0.27141204769999949,0.83834401677784742)
 (-0.37545005785442565,0.32690608478256911)
 (-0.87190808650968665,-0.36012621984961823)
 (1.0662716903050202,0.30191948255135437)
 (0.31996383148631369,0.39936309795208708)
 (1.0103527121561169,-0.350963059233522)
 (0.85299675374054829,-0.92675705758043136)
 (-0.2241539667829465,-0.25725662482694761)
 (0.96046416690053438,0.82846343764895225)
 (-0.13639919299141795,-0.88742027085128061)
 (0.94264186420339791,0.87112976740502091)
 (0.20729105421534455,0.25247626841780729)
 (0.3208141377941483,-0.29851567562018383)
 (0.95266812072971685,1.0934337153146707)
 (0.89571624938659955,0.97849172425497466)
 (0.28866737073123716,-0.22312610524366697)
 (-0.17420468247945461,-0.41060876311680777)
 (0.41808650008449266,-0.93825951168372212)
 (0.88828180346385976,-1.0399723970202519)
 (-0.27258520702011046,0.39553797703045807)
 (0.15287590673192311,-1.0308492708667241)
 (0.95621298859940074,0.55547353952961576)
 (1.0005880799129299,-0.85136061807173757)
 (-0.94544509479359073,-0.31610866402138199)
 (0.99880162061941768,-0.85645194647267087)
 (-0.35209744692250566,0.22921784257160427)
 (0.98485244275991957,0.23690738519999324)
 (1.0125134984634161,-0.78536510577037721)
 (-0.12501522177037849,-0.34541070825404285)
 (-0.94358061183328512,0.28052236539497399)
 (1.0059775524931489,-0.25303939342257753)
 (-0.87095303444708694,0.21077291064918283)
 (-0.35261515541071764,-0.26394455734526501)
 (0.19565811126500215,0.27657355993417465)
 (-0.35016420351117256,0.96353954141933063)
 (-0.36641067061582494,-0.92044193464613255)
 (0.32860607276726045,1.0563792374800474)
 (-0.95651128736649638,0.91765368282492632)
 (0.332490246793407,-0.23622222004267146)
 (-0.26326672861810935,0.932052454092966)
 (0.31693543680813308,-0.26365922184882029)
 (0.82439979758089887,0.31689972171627295)
 (0.32420119846534429,0.93482070712126852)
 (0.2635457605202281,-0.31945009990452899)
 (-0.99010333698020303,-0.26287199889889878)
 (0.94968969622741328,0.33960213316821436)
 (-0.85005358205871795,0.91720486285844871)
 (0.21206230944782151,1.0154262090997952)
 (0.90457030048601839,-0.48427884421828471)
 (-0.424977892535081,-0.37666907251127152)
 (-1.0028643090167191,0.20575004391953533)
 (0.24359181514363604,-1.0191046307584197)
 (0.94379406872917826,0.28610397196511222)
 (-0.98424682240161498,-0.34973149023002081)
 (-0.97421112761666806,-0.93178557259492301)
 (-0.40813628411358538,-1.0193002693394067)
 (0.27919230095360981,-0.22590202098722725)
 (-0.93475704639212798,1.0274809213054032)
 (-0.96697675292246998,-0.93906059982217904)
 (-0.36196477407911565,0.33741179826584089)
 (0.86873155864642049,-0.95906759754448945)
 (0.38186760380304496,0.20937908318591761)
 (0.20903785955626542,0.36183684955123602)
 (0.98846447572965779,0.77951403093419269)
 (-0.32056457495807905,0.22222368634922735)
 (0.90538952725358945,1.0368520614727543)
 (-0.23084867254578478,0.95351799717575247)
 (-0.25307038276806498,0.92372117364139916)
 (-0.29935498038224667,0.44233616300041922)
 (-0.27371997395931325,0.96213853007752692)
 (-0.35296790272965889,0.40233943399402977)
 (0.93018189590462641,-0.41872589384552195)
 (0.39586773566680244,1.0138613163908015)
 (0.3874080153340973,0.89673434448115263)
 (-0.247185179375219,-0.24009258106717424)
 (-0.99401710505986518,0.99241086973945969)
 (0.27703797846636025,0.85991661023804022)
 (-0.96989367466550502,-0.29948813414469955)
 (1.0260948991557151,-0.35137735129426717)
 (-0.37029389397586043,-0.89663405108740712)
 (0.35156326376032654,0.31909566117567967)
 (1.0073301436825,0.82304382785494956)
 (0.34661199660855102,-0.28430491119864326)
 (1.0620596731159866,-1.0020087623900353)
 (-0.38280746478902739,-0.35441025804846044)
 (0.95521787776890732,0.93089472699024245)
 (0.87856633522824201,0.30329059993275248)
 (-0.96602182569277595,-1.1000234447147799)
 (0.38766208384733847,0.92584902219516785)
 (-0.35554042834704946,0.27672376871715315)
 (-1.0257915893969358,0.23552508433296968)
 (0.99711230900709957,0.99484851785772976)
 (-0.30934488555367456,-0.33315865401457823)
 (0.87628378878882529,-0.40820238365960937)
 (0.33844584257934163,0.9990847341849054)
 (0.9078052666429135,1.0059578356075045)
 (-0.29920587518819286,-0.95082837049569502)
 (0.3336987780531761,-0.96374383469708846)
 (1.0071103898234783,-0.98047686569917614)
 (-0.26105340477310368,0.94182640446127264)
 (-0.9539602549446462,-0.91310142141822526)
 (0.93869464040371053,-1.0189553786641783)
 (0.2923718410439804,-0.98729055889505823)
 (0.93086610670710834,0.96862894611102968)
 (-0.42271577789842213,-1.0867470111039479)
 (0.28184318273748254,0.26396144174317154)
 (-0.19389514603704056,-0.3957056014759181)
 (-0.24441405160565441,-0.99159683773324891)
 (0.24208065677003077,0.38185986007481798)
 (0.97200167054392483,0.9991638834562786)
 (-0.90450797408357486,1.0172366795080954)
 (0.98655795412444891,0.42849875659928055)
 (-1.0134037992802845,1.0812119811416332)
 (1.0378670198670792,1.0176354615215026)
 (0.26269457121831474,-0.27543921936307697)
 (0.94427632631162239,-0.35356849871812818)
 (0.32520709725171348,-0.9305445776613539)
 (0.9131814512773726,-0.91304237420260026)
 (-0.22160366401550302,-0.31957158607021202)
 (-0.9461275271917402,0.90781561459392079)
 (-0.28654879103902237,-1.0559915053769995)
 (-0.91885940857667092,-0.89448257850269619)
 (0.234665208739612,0.38921217935605124)
 (-1.0205511805814746,-0.23257745724606413)
 (-0.972396900221833,0.19327660011899087)
 (0.33138587659248153,-0.35062501488365572)
 (-0.94608675365479855,-0.94499108640762575)
 (-0.2977574211039633,-0.92778970723177234)
 (-0.29619461661171009,1.0622079588427118)
 (0.42625037299809021,0.8862806463463877)
 (0.92496090957896215,0.38398417032623916)
 (-0.3680059349409095,0.21223547275438948)
 (0.95397240302128217,-0.76418818428977275)
 (-0.89796184092402775,-0.29166271039687314)
 (1.0220483236741733,-0.9453043516192553)
 (-0.90420048179880008,-0.95479987183240234)
 (0.91128888307952483,-0.34382860151723577)
 (-1.0280987973271196,0.31643328618077243)
 (-0.32560291458093576,0.9364028834829845)
 (-0.34334822799396725,0.88501720028634601)
 (-0.87970759724303715,-0.95280864873480775)
 (-0.412709802307478,-0.93433551863923725)
 (1.0012160147178464,0.85738202196551339)
 (-0.99994489388316232,0.18330498871999618)
 (-0.28143303358769434,-0.21279472130815363)
 (0.17173450532133236,0.800156003925106)
 (-0.85664925283724336,-0.37726335510713177)
 (-1.0313575505281427,0.34336952543956278)
 (0.90343727241252247,-1.0110211881391715)
 (0.23605301911297882,0.88898494726108956)
 (0.30221411275927124,-0.86231941771360354)
 (0.33407563060065315,0.19915164032085775)
 (0.95595845440756455,-1.0622819066276237)
 (1.0080820740047711,0.86016553290526598)
 (0.26457639170627695,0.32808890698845095)
 (-0.99297192792379141,0.9437100007880338)
 (0.2499238645379217,0.3116288699105989)
 (-1.0117825497616884,-0.34436914390927942)
 (-0.9440693307357747,0.35557937730922751)
 (0.99340939855222699,-0.22719015043548485)
 (-0.3696006046353269,0.88835391329356417)
 (-0.24487166600744237,0.26148992817662747)
 (-0.48574035106709079,-0.36278993298636653)
 (0.89461229551275689,0.28201483771717717)
 (-0.33504863676867097,-1.0190958997739616)
 (-0.30263948659468409,0.80583976165983573)
 (0.90557976973249743,0.27663680166732407)
 (-0.44783506789308403,0.97223196050950766)
 (0.909494757602899,0.39741153815465641)
 (-0.31694043822674367,0.26955798028668237)
 (-0.31221887163807699,-0.90185818350485314)
 (0.22004030354570805,1.0170514422309942)
 (0.31635931186490179,-0.30284608994746887)
 (0.32481558996329013,-0.90023104328189485)
 (-0.89205646471334177,-1.0192317016707664)
 (-0.26163761877373498,0.28506306565862588)
 (-0.21837022071568921,1.0217873357125062)
