# Created by Octave 8.4.0, Thu Dec 11 09:47:21 2025 IST <gamana@Samsung>
# name: awgn20
# type: complex matrix
# rows: 2048
# columns: 1
 (-0.78265787278987609,-0.99448348283854737)
 (0.18493148544907664,0.99960466084132238)
 (-0.28673876448180713,1.1066038630656072)
 (-0.37383387704813476,0.34897935047260709)
 (-0.85606198577399528,-0.3600403154890825)
 (-0.22059130198722335,0.40233689856828936)
 (-0.2517257369095342,0.26280458955594127)
 (-0.92570631269587789,-0.95033358016899006)
 (0.84111332592194854,0.97248207911466911)
 (0.25237916824505113,0.91785930579212927)
 (-0.22089811370900428,-1.1598439868589101)
 (-0.38450011184199751,-0.93610337200983451)
 (-1.0145266306047267,0.85273943774234018)
 (0.3893440973545278,0.27762166311069364)
 (0.25199888360318901,1.062601163911651)
 (-0.28493960392698126,0.34857484586729198)
 (0.37533998776670252,-0.33774006589947403)
 (-0.39328757119115731,0.34970881229290829)
 (-0.94675343074632701,1.0140064919389582)
 (0.2752976066680255,-1.0435323506954488)
 (-0.23052156761252141,0.87138992736586141)
 (-0.34317593285424475,-1.0080952210483924)
 (0.97444605037929666,0.32419488076741754)
 (0.98749809767038443,0.3671797296495446)
 (0.44867082923983437,0.95124988657083476)
 (0.21383574174857745,-0.94053012541956693)
 (0.85052104787428995,0.29168804172205492)
 (1.0522830015061939,-0.43575097149857633)
 (-0.30847007263556442,1.0051075414966322)
 (0.17869162887575177,0.96095860779383246)
 (0.88373331599350857,-0.80487767810001465)
 (0.33318981405349996,0.30337762843136723)
 (-0.24130401145817321,-1.0128401056576475)
 (-0.35076897930513418,-1.0498970153820997)
 (0.38694316550121283,-0.32454872837192167)
 (-0.90638081632598411,0.47015402683630053)
 (-0.28759691276199678,0.8681600466884738)
 (0.21443270982069243,-0.92441478600521587)
 (-0.29028885072297883,-0.9990961842465903)
 (-0.96560576168576251,-1.1310176032970767)
 (0.26028525530785368,-1.0717150057371301)
 (0.97798966783212882,-0.32508680077824437)
 (1.0347205958856518,-0.94828818923310887)
 (0.34508917548728363,0.93329393977229025)
 (-0.16959721751142251,-0.82521625213262406)
 (0.36182925628675217,-0.30748135710600655)
 (-0.96298654698856301,-1.0474475647146733)
 (-1.0766584453342238,0.92659702181777759)
 (-0.30593311764337244,0.79779289751744653)
 (-0.36971210659231057,1.0491984653754471)
 (0.29816399356230128,0.42419534601583669)
 (-0.96416997254542569,-0.26110530243735708)
 (-0.97560090039310221,0.32788170544767292)
 (0.91305790636616846,0.27103094081345935)
 (-0.26398984949727339,0.31400909550191025)
 (-1.0237566513105048,0.35484510473808317)
 (0.35338062740612791,0.40505637244834547)
 (0.24748775457117986,-0.39075685526070353)
 (-0.95056554874736932,-0.25045097345453898)
 (0.38856203727964006,-0.95390284785571056)
 (-0.27990491122934397,1.0689279911318574)
 (-0.27912085595292235,-0.28286358171382103)
 (-0.43452311723635106,-0.94128626035489416)
 (0.39383536787389256,-0.86554342593472799)
 (0.36382000104132911,-0.93151119043354602)
 (0.9640756056707146,-0.97814605385983899)
 (-0.46136853079001261,1.0374134904828931)
 (-0.41022913964471924,0.97121266563509312)
 (1.1139246021197646,0.97128135075935207)
 (-0.95115165895388099,-0.34540801552289796)
 (0.81751131905648489,0.93973930272904149)
 (0.96303079438455008,0.43355088234462597)
 (0.21439538230619484,0.97932299544249235)
 (0.32439345367698974,0.28776300681117678)
 (-0.25108017476490219,1.0361003707803862)
 (-0.93089841570291887,0.34568522128507767)
 (0.28843131779819764,0.23537287045941052)
 (-0.40606817524454991,1.0857808405794014)
 (0.3493638514851457,0.94910865920833376)
 (-0.26970663135288286,-0.29346372079745364)
 (0.96593834973715198,0.88720670330710927)
 (-0.9110200944193102,-0.25783152323682257)
 (0.35366735910529673,-1.0355978226537106)
 (-0.32627394168255591,0.27471782902446851)
 (0.93983530312436137,-1.0143168886400251)
 (0.31584260356302257,-0.97292725934208779)
 (1.0289644512238632,0.90552842276712364)
 (-0.14686485788591813,0.22759998638700124)
 (0.19932877124754492,-0.93830259690715834)
 (0.22211115788102806,0.87053615154296549)
 (-0.86854265371787787,0.24768604629105373)
 (0.99903524357358742,0.96329547157359874)
 (-0.90350239701304924,1.0608302152357225)
 (-0.92852757294215083,-0.38718020591547314)
 (-0.27834144179699838,-0.95005004408444615)
 (0.26784641812309579,-0.88743409287689257)
 (0.39628047524432175,-1.0470784201416645)
 (1.0867163105762641,0.28992969254818696)
 (0.38824620376531077,0.98437783056473727)
 (-0.33633168104227074,0.95826316734502059)
 (-0.16526093953399679,-0.888341107941505)
 (-0.93906636730997861,0.34615075015009888)
 (0.91545135300252967,-0.20809488822278666)
 (0.30325515281860549,-0.8893196218868018)
 (0.38499322235129046,-0.30184769329391292)
 (0.26981794870962839,-0.32539153293230427)
 (0.1803317922583364,-1.0391874724896601)
 (-0.29046446833899742,0.43251582070548905)
 (0.34127326563923022,-0.30969851048230373)
 (0.98873828292611277,0.93525264315716761)
 (-0.36884894134694873,0.3879202751211443)
 (0.33330575674085344,0.91548606713044567)
 (-1.0405171126344785,0.95296528999885699)
 (-0.26518891026025104,0.30556462880155466)
 (-0.31845529144196127,0.36621927727930265)
 (0.97300451867186311,0.31022890110777107)
 (0.94039823278547241,-0.75755373605193443)
 (-0.25385712871322524,-0.36300084114966602)
 (0.36238069613931162,-0.98809840752778111)
 (0.20941557097982549,1.0167793772578142)
 (0.2752399720108254,-0.39338041720081318)
 (-0.30163507498484832,-0.94478192319054877)
 (-0.94760578590587852,-0.26371713697469923)
 (-0.42185786049175789,-0.34098952452824999)
 (-0.88557069325262783,-0.28390028389162625)
 (0.48029786846596689,0.26476833495815266)
 (0.25869153487687224,0.99457426581322994)
 (0.96895407902031716,-0.82247965432452308)
 (0.99460163779044097,-0.86602563457648318)
 (1.1208444356991967,0.32064892662495925)
 (0.97511786367896625,1.067270763773551)
 (0.24218159559050778,0.4390211635093626)
 (0.36409584785168086,0.96672656093979259)
 (-0.39728261969605305,-0.39055376802058395)
 (-0.33420623239760477,-0.28671927739094599)
 (0.98929278883974647,-1.1122584356992604)
 (-1.0826348692484351,-0.86799748224720008)
 (0.95719689648098827,-0.28096724799841039)
 (-0.2928101127235343,-0.33797559600654009)
 (0.43537156561421753,0.36059124900720224)
 (0.93881465779167006,0.27163871541988727)
 (-0.9428865257011696,0.23420114117599761)
 (-0.3829682388601055,-0.91686751373266551)
 (-0.36708440542850723,0.41129182752650539)
 (-0.86220857476454915,-1.0010468598782394)
 (-0.93464136812407295,0.30016070968333758)
 (1.055285233877,0.95724136306147323)
 (-0.94619709335937863,0.93879089602981125)
 (-0.91627751053420892,-0.34581351230184609)
 (0.24738647516284401,-0.48064145016307369)
 (-1.100994429473958,-0.88684647693856489)
 (-0.97356925975160702,-0.96599896495311455)
 (0.33465786640898859,0.26810741941907634)
 (-0.82062575652840652,-0.37565738680417426)
 (-0.9387800373218953,-0.34563291835410981)
 (0.91241765935037111,-0.33858192201394899)
 (0.95108962723187618,0.39153939834966467)
 (-0.97730683290403142,0.89604968451452571)
 (0.4702900907397477,0.31597303945406935)
 (-0.84916843296249633,1.0384819749853209)
 (-0.32933371050013288,0.1646687445859677)
 (-0.18575619493489978,0.44099392581623309)
 (1.0158583228310651,0.35573294867133431)
 (-0.85061621270011678,-0.24528627976286332)
 (-0.95166967116447654,-0.32527943323922115)
 (0.31113328793463224,0.98928208124198813)
 (0.26392047045723371,0.97895184959685566)
 (0.97991235766510287,-0.44687978967640363)
 (0.99240027395775587,-0.96335259211768565)
 (0.90904755287835726,0.29602796023828071)
 (-0.96288867802064226,-0.31862175906850659)
 (-0.33580446342152476,1.0484843689026384)
 (0.34502829436117222,-0.30934649944744502)
 (0.9011961993867621,-0.8398816560247897)
 (0.37903556789350096,-0.34339967050618192)
 (1.0004404861556135,-0.3339467621621488)
 (-0.34188610654280804,0.8567539413741283)
 (0.27166140883686268,-0.27595692748738776)
 (-0.22525342087578765,0.3153678897029194)
 (0.3772090975921143,-0.38458009205761945)
