# Created by Octave 8.4.0, Thu Dec 11 09:47:22 2025 IST <gamana@Samsung>
# name: rayl
# type: complex matrix
# rows: 2048
# columns: 1
 (0.2718948969879717,-0.40997465486438273)
 (-1.2390651028215547,-0.71768380777275143)
 (-0.27365669071041193,-0.34510226237437241)
 (-0.35285818821418524,-0.60100279435933657)
 (0.25502952861569678,-0.881000671855108)
 (0.93712778144627962,0.12542952709107311)
 (-0.47526583174382414,-0.68041842309238643)
 (0.29169426681493327,-0.17148198235489154)
 (-0.092285878749825689,0.13834813818760519)
 (0.56041703591373015,0.12258525607553025)
 (-1.4050196742179333,1.0157461609115668)
 (0.02795555384238118,0.19117060361415331)
 (0.87378794923542846,0.8549945954719832)
 (0.1223397210708403,-0.042845862547695027)
 (0.33985214072056569,-0.060146036337586889)
 (-1.8003690343375565,-0.47711917288991157)
 (-0.29976081262564214,0.5262059199103104)
 (-0.2892068256375267,-0.24315494802912488)
 (0.12232380703220859,-0.3682786889599618)
 (0.24676449673439074,-0.18600184414139656)
 (0.023147733383423658,-0.50543807416468978)
 (-0.81445459455448421,0.10767645900099782)
 (-0.26984629773254698,0.027904061496954458)
 (0.23905288823614079,1.9843915155528535)
 (-1.2942553341716021,-1.46069991939732)
 (-0.30026727151487559,1.0784316724739489)
 (0.21874129626008598,0.40732674772964622)
 (-0.67129707341478329,-1.3203262966473936)
 (0.12016777309540078,-0.42178287608546322)
 (0.2816309594347195,0.26698962866353515)
 (-0.51518161488135383,0.4987021129686714)
 (-0.96918135271189609,-0.62673551790834292)
 (0.31061680768876759,-0.16673421434003649)
 (-0.13786360208880066,-0.14584963261025469)
 (0.26035389456201852,0.13454123355311742)
 (-1.3342646646551106,1.2141392092159484)
 (-0.16049876821605255,-0.075993132294856144)
 (-0.09010296048725247,1.0265780449849831)
 (-0.072751572836706024,1.2445588798405263)
 (0.54372410755408207,-0.082834576637928856)
 (1.0995684858767394,0.13102165739087906)
 (-0.64350691685669359,1.2492237809959346)
 (-0.26123329781825916,-0.17234226653352758)
 (-0.86918269624095534,-0.069427293589883282)
 (1.4036005286187181,0.79673206496772253)
 (-0.34964785765396533,-0.53346099914649014)
 (-1.3285318414676521,-0.63648493498884273)
 (0.36310804475370817,-0.38344824857727267)
 (-0.1451228058894978,0.60795211492745238)
 (-0.14275445956707494,0.21478354403728278)
 (-0.93654917726546238,1.9092173632963074)
 (0.64894810820527893,-0.46109593483461636)
 (0.014017876916777139,1.0490939753923629)
 (-0.064069396081623597,-0.51932378447112104)
 (-1.1300470451685596,-0.54449447416003682)
 (0.1575550884312511,0.6932757994351274)
 (0.26897925548650203,1.0306720683321635)
 (-1.0655426806430603,0.15742441020450318)
 (-1.4700016223576213,0.40118530965064608)
 (1.9707665137254919,-0.34372762228954984)
 (0.14135917936381232,0.020420761503412245)
 (-0.2180719547596372,0.052430819373735837)
 (1.0375734135367505,-0.30116450577433929)
 (0.31723031938043433,-0.46911490813041345)
 (-0.50527831688304803,-0.11877594895852234)
 (-0.04452425430077267,-3.111564932990647)
 (-0.45366230865204915,0.57203812359953565)
 (-1.1150293917128631,-0.3205809088066599)
 (-0.015519310294967809,0.79087949455994022)
 (-0.24955391019694079,-0.40885722614872061)
 (1.439321770624951,1.2561195182016873)
 (-0.5079178444318655,0.028041568830504571)
 (0.36633616663211577,-1.2158975185871013)
 (0.051000296323657157,0.71609243154248126)
 (-0.23318242724451907,0.19844867120787058)
 (1.2955995319367735,-1.3179040264298807)
 (0.59975148891136576,-0.27401641017856654)
 (-0.37367360290418661,0.34272215848572718)
 (-0.97404688825173447,-0.037800032092200953)
 (0.37000556795349399,-0.046358745868707071)
 (1.0060310309417098,0.16712632332878904)
 (-0.38416556998160473,1.1260631240190497)
 (-1.0637898181641809,-0.74804805804993024)
 (-2.4577269135152799,-0.83092310641135858)
 (-0.95230252045339714,-0.082750284330868618)
 (-0.80240400259762557,0.39157082116800918)
 (1.4345473048538078,-0.022498404650039994)
 (-0.36386580221961395,-0.151049796727209)
 (0.0095671035223007794,1.6427332947884909)
 (-0.34286390614890966,-0.41294001093547095)
 (-0.2046403474235349,-0.11633853441838474)
 (-0.24729367840624408,0.13569477449216374)
 (0.3721495803974233,0.15020407995443907)
 (0.71422528119716078,-1.1494415100223077)
 (1.090005094560738,-0.62350840257575113)
 (-0.17641790805282628,-0.2912399981787866)
 (0.029430705692451414,0.042434390164963441)
 (-0.1724242732789413,-0.053869103542455193)
 (0.3603838988050439,-0.19508630234242014)
 (0.41712633377547192,-0.065621626647095838)
 (0.88988951010608486,-0.19788861018281778)
 (0.44063130006737183,0.15377757667895012)
 (-0.59881517231410974,0.26846052270708748)
 (-0.048880055691479851,-0.20024007999666979)
 (-0.0030205885323743506,0.1102218709015744)
 (-0.92390179020107421,1.0375731811077746)
 (-0.26601424995940881,-0.10035128826275383)
 (0.47873577053390221,0.98291937184945599)
 (0.064273908606816699,-0.061905555913073083)
 (0.47705584618031338,0.0088423459606648269)
 (0.74625152060060529,-0.22930794117058237)
 (1.0727966739391492,0.33673808864146126)
 (0.34205390601810504,-0.91682613635373611)
 (1.9001048142447809,-1.1927881080750338)
 (0.5900256873635118,-0.7521306084026198)
 (-0.62204994798456748,-0.2587522748399726)
 (-0.039512001524406856,0.13648522667834972)
 (-0.44911418671896985,-1.811526172277266)
 (0.21832964522536558,0.13689966175200219)
 (-0.90741243559696361,0.80738779851615317)
 (0.38318791347669695,-0.72737850672791282)
 (0.52001294428452971,-1.2303031877034734)
 (-0.74691043702953974,0.5319414574395519)
 (0.22435975148900758,0.15233215779946532)
 (0.042850381301758722,-0.96584062123043091)
 (0.054098638600745708,0.48753983617914232)
 (0.73788786317766974,1.1122850526341899)
 (0.35474448107786777,-0.23876849607037737)
 (-0.57636081314888221,1.5146267315385713)
 (-0.62898730561170435,-0.62790087087980762)
 (0.81961220141881075,0.13142796283023006)
 (0.72676089035634317,-1.1807544792797091)
 (0.91802777001136282,-1.1535040218512869)
 (1.2331347613365224,-0.8207426595177636)
 (-0.81858769412555998,0.47065025202400135)
 (0.71242669770507039,-0.98328875751633293)
 (0.33117609201985909,0.038769903350618071)
 (0.06973071798358435,-0.48817261845334353)
 (-1.0438438054102079,-0.19199341140583714)
 (-2.2885521286769928,0.56548486375068174)
 (1.2496156230352056,0.018967753309520052)
 (0.12105188861233318,0.380440145876067)
 (-0.50713140379261357,1.5857545008762568)
 (-0.18694464155975093,1.1400612958580481)
 (-0.1767996181321829,-0.2526355357818002)
 (-0.51357194694638353,-0.16981445162242956)
 (0.39784258197383443,-0.10479202790218073)
 (0.21292013040961288,-0.23230689303772406)
 (0.014897275030618828,0.58448406232385641)
 (0.1779394531848261,0.42076371291000364)
 (-0.15844463125025826,0.37000786701240013)
 (-0.52995049529129856,-0.83750773640851039)
 (-0.41867030426414964,0.8448849654193652)
 (-1.3267493994614397,-0.42021806991853566)
 (0.47539064667581038,-1.2537285321328491)
 (-0.84962968380790027,0.46353245667215526)
 (0.0934668994535858,0.5307737530279083)
 (-0.096205143725984862,-0.19128783671138944)
 (-1.3016932787791695,-0.9479595838460122)
 (0.24492746955242006,-1.6063491073010581)
 (0.026000435725252832,-0.060688834797575607)
 (0.93434717440566695,1.9657745142392486)
 (-0.022414630731455915,-0.47218510582184248)
 (1.0996107517209162,-1.1087531538825683)
 (0.94967139495915709,0.80511437069306879)
 (0.4985551917516326,0.66263760907924685)
 (0.46848763152930512,0.1065250301108966)
 (0.068815377765323676,-0.532155976406815)
 (0.036094499843553382,-0.25254105344647759)
 (-0.46842291771643324,-0.25203241351408606)
 (0.10763097698850248,0.27623514338894645)
 (0.76287168201031574,0.5354149051183229)
 (-0.24011326295418911,1.4473496823505405)
 (0.26288400868668582,-0.92757457265868937)
 (0.4196799758537284,0.55818602296104292)
 (-0.42542944829394991,0.046461298748872934)
 (-0.49861057765651062,-0.8251815662389631)
 (0.10092924725717198,0.22333047525902402)
 (-0.20428954821026393,-0.01779731978587934)
 (0.36171452121727771,0.33533416241066122)
