# Created by Octave 8.4.0, Thu Dec 11 09:47:22 2025 IST <gamana@Samsung>
# name: rician
# type: complex matrix
# rows: 2048
# columns: 1
 (0.14267728293213852,1.1932634548300121)
 (-0.67639998221232078,1.3351553625748425)
 (0.60100813119229857,0.54975601819654818)
 (0.61055457285810233,0.44657056546166946)
 (0.62289752096094131,-0.2891984860282053)
 (-0.077931214087766904,0.21789745873196761)
 (-0.64834160566323407,0.35409101144686495)
 (-0.29743600048746954,0.41429806962514981)
 (-0.32376241965689045,1.3935031475482447)
 (0.29660798058754556,0.26721937584574579)
 (0.20212739349211589,-0.021058468980860293)
 (0.9057536552609442,-0.19647420197512616)
 (-1.3772265608866061,-0.36684990225069569)
 (0.66247154773825279,1.0376219596084635)
 (-0.58184303936340243,0.17504280979035719)
 (0.94052794397757711,0.23794885191330289)
 (-0.36845148818236717,-0.10224403000027135)
 (-0.30511375837418414,-0.81122257549379528)
 (-0.001474533715736831,-0.51302347594290731)
 (-0.063152644096318461,0.045048494439801613)
 (0.45891875178005981,0.076158735010132678)
 (0.65129794568405863,0.19041113260470732)
 (-0.96164364369870192,0.75851528212814934)
 (0.2200566666814382,-0.44535839829077045)
 (-0.81389217770246436,-0.83008183986234396)
 (0.27145900620284169,-0.24620652136524099)
 (-1.0225468164718519,-0.57938800323095752)
 (-1.0450727468329002,0.29013433311375519)
 (-0.53170653946613722,0.80111664061814081)
 (0.3673144852831291,1.2674677763750748)
 (-0.11067873949874346,-0.97086026636761313)
 (-0.41002459453127116,-0.20515203371535315)
 (-0.047505411628701061,0.63436615846865774)
 (-0.36038902406591755,0.20727806189572953)
 (-0.55995383249125208,-1.1165107913911889)
 (-0.89278549603410207,0.30830720802710648)
 (-0.34532036382552322,-0.27090095916083834)
 (0.0078822154214169271,0.26614415891266907)
 (-1.267369305914217,-0.091199808013036621)
 (-1.1445661607389348,-0.36434184050704327)
 (-0.32852946230573704,-0.7500247236480394)
 (-1.0321612065795363,-0.17132280745343101)
 (-0.0041769200015936148,-0.23692124645635174)
 (-0.13732221698356872,0.8603217863081849)
 (1.0574217153258931,0.66613954344164639)
 (0.37501416524964248,-0.022120222983942145)
 (-0.77381339722781661,0.35843273327945491)
 (-0.24203340707575577,0.12921058510714348)
 (1.2682069309547404,0.64236592152305549)
 (0.38695139518438038,-0.55295832215806162)
 (0.17074389012376268,-0.0018145853987237004)
 (0.46726506503643972,0.044452956915711772)
 (0.12917606149925331,1.0598666001914967)
 (-0.10877090119843957,0.11929669626317801)
 (-1.374094432630476,0.46149372091483859)
 (-0.86404669110530363,-0.55703932997245709)
 (-0.046291946198413036,0.86367938870604133)
 (0.76800482168725459,-0.039923376502812802)
 (-0.62655213464453108,0.463637280346614)
 (0.43539897152532359,0.33301733932034083)
 (0.55851416575535129,0.37107828710756924)
 (-0.050117052417068174,-0.11332477747738993)
 (0.16003536044612396,-0.063581607460812595)
 (-0.81169841673730037,-0.44702862369041796)
 (1.6650843017001224,-1.1939120843615965)
 (1.022907841364316,0.50889916975263194)
 (0.75380897847150252,0.13806681093403894)
 (0.75324632068870834,0.98376472737893683)
 (0.18116398020089963,1.1578938805522703)
 (-0.51606547565093142,-0.60573809473373419)
 (-0.57196805319266641,0.83576247582202934)
 (0.10950750585504593,-0.88170756343937107)
 (1.0801177739810315,-0.4563662626722978)
 (-0.52215982321705534,0.33966662953169158)
 (0.75937847860150365,0.24317293101158893)
 (-0.59508713708347249,-0.38301204339177469)
 (-0.50578054942162542,0.96274273033663227)
 (-0.10064801756087427,-0.3445602613072582)
 (-1.2612750071296346,0.039550396657455911)
 (0.15835801228007801,-1.24968380102308)
 (0.05665175272637929,0.67737185949453671)
 (1.0124696562472895,-1.5718530805966304)
 (1.098827438767616,0.87594194612046627)
 (0.46772388209716048,0.54129770823186452)
 (-0.74409262503182672,-0.70281723681335539)
 (-0.44180771130771646,-0.89850716653195883)
 (0.95097347204389382,0.40630896180449994)
 (1.4849901639390886,-0.057843737421018893)
 (0.8493745560969842,0.43177832444658293)
 (-1.4747577197976212,-1.6572292263161661)
 (-0.89826855177402276,-0.54228485517966019)
 (0.17259788347772453,-0.29697960817786129)
 (0.30633161800812403,-0.2267125351659777)
 (0.44296148093025134,-0.22479663098597819)
 (-0.63742724531529915,1.3478152671944805)
 (1.5089816312561006,-0.45139594415682538)
 (-0.78544079423577284,0.11748091197341126)
 (-0.16870757249412444,-0.30468855601946809)
 (-1.1271939023581679,-0.41627051894813294)
 (-0.24635014505923264,-0.84646971228843015)
 (-0.95235616868177875,0.80811266072349563)
 (0.881080208661005,-0.16367539980057205)
 (-0.25849452661151301,-0.42093102891959117)
 (-0.62886267679178309,-0.54967823502801894)
 (-0.58689979478034515,0.88778513713100193)
 (0.77068265009694059,0.81013494613540171)
 (-0.35354874008067039,-0.079920948986974438)
 (0.23437778699428199,0.22753626825041925)
 (0.92383733244747301,0.20614263421956608)
 (0.37087680031973469,0.090288425080985085)
 (-1.541214102828139,0.61761347194408234)
 (-0.76317380386775857,-0.31331736939327376)
 (-0.55090056987105085,-0.44697404512016031)
 (-0.57437818543853258,-0.7295781442537409)
 (0.79408598951431597,0.41569848159714295)
 (-0.24301563713030588,-1.1508204545653593)
 (0.99877169584903891,-0.1070919274778788)
 (-0.31183866738999388,0.41717946622317914)
 (0.81822609496182941,-1.2392269439741714)
 (-0.36507434884009471,0.27283405164148022)
 (1.0567100348293155,0.63887384856279028)
 (0.0017943010933842984,1.5491644382577219)
 (0.38052648613662343,0.61946634255812716)
 (1.5814372023465233,1.1504669086179704)
 (0.21760028462439879,0.36672521050602158)
 (-0.12493234721749695,0.31900278441863722)
 (-0.92847398135478432,0.3847855877802685)
 (0.48574041922593014,-0.47691304638640936)
 (-0.094313513116979109,0.86388410508875213)
 (-0.42342964234047364,-1.6118749919726527)
 (0.58359233176495584,0.052067192652870853)
 (0.21470617936990544,0.24237516613494764)
 (1.4830587438263472,-0.33698231047763061)
 (-0.7591112384697426,1.9241353655962321)
 (0.39965603568389668,-0.49219663292313759)
 (0.088847871934446931,-0.32852893780353343)
 (-0.34754633274739372,-0.035997916741492608)
 (1.2696354688898661,-0.49798337216958272)
 (-0.37597030478982368,0.097817039036700082)
 (-0.043718859868472071,0.97160073673813552)
 (-0.15312634594317473,0.50743053787315173)
 (-0.64640411385441476,0.40955364360102642)
 (1.3740955106340673,-0.40664174546106785)
 (-0.20391578045899186,0.20179539464078541)
 (-1.0999670698932611,-0.44496388596574188)
 (-0.77488822762171206,1.3828023463148633)
 (0.29169500939574505,-1.0716166666809535)
 (1.2732343490773759,0.37062140281930001)
 (-0.27938379714807493,1.3461182838026475)
 (-1.6611857659068585,-0.42645918285439377)
 (0.70789773737447226,0.68617969097146625)
 (0.09709111015160285,0.14766380374108379)
 (0.46132064256761818,-0.39023481819577388)
 (-0.12854954312319467,1.3541787105221061)
 (0.69495562119240584,0.32199612677290596)
 (-0.97136289214968996,-0.3589058117431585)
 (0.23831450862245485,0.3890151117154429)
 (1.0159872026121819,0.10835174787587415)
 (0.18494067322438107,1.5319525903807241)
 (0.26429239915039915,0.52180290703702048)
 (0.50604813976028096,-0.27875574723644836)
 (-0.75899000223459268,-0.27310531904446728)
 (0.14938524164813771,-0.29832598887251799)
 (-0.2977056283707194,-0.96539131882850304)
 (0.42309385521606369,-0.79196699781964575)
 (-0.63339247109159424,0.43305501776505917)
 (-0.60636812544025476,-0.20557150564172541)
 (-0.31332093189121035,0.31779709221044417)
 (-0.43024377312229534,0.46969688678425481)
 (0.24093126379232546,-0.82334041768089605)
 (1.0160601536213267,0.1990257455742816)
 (-0.7147327416651289,0.33145592587962081)
 (0.060197411107986598,-1.3666059678810112)
 (-0.54731644231144205,0.28184153722106664)
 (0.44932272574667281,0.41729128401523674)
 (0.23300181001750869,0.60764206258204223)
 (-0.4495583032866361,0.96964290773175443)
 (-0.19011647917890628,1.1036992160971857)
 (0.07432301839976363,1.5708332146240815)
 (0.088469735155823737,0.41166924367175289)
