# Created by Octave 8.4.0, Thu Dec 11 09:47:22 2025 IST <gamana@Samsung>
# name: rician
# type: complex matrix
# rows: 2048
# columns: 1
 (-0.73646181711511294,1.2387524140335306)
 (-0.17739028079570307,-0.21113932855678186)
 (-0.099625999947183463,0.87980935854480957)
 (-0.039240339779118838,-0.40477935684669814)
 (0.88350508840849695,-0.66797568249529826)
 (0.44439227294455175,0.65618450632382674)
 (-1.4627632100699728,-0.95694409547213288)
 (-0.70434819653187319,0.47049981468877555)
 (0.75998352638956423,-0.53250472461167986)
 (0.096126133609837877,-0.49774810376719753)
 (-0.90206910353288849,-1.0646122067401109)
 (0.45365957279203772,0.21973958526923135)
 (-1.0840344199322642,0.72164766208781495)
 (1.0491595208472406,0.83941175065334495)
 (0.68834570938990991,0.12880934255035031)
 (0.6480237736635307,-0.48082789662673142)
 (0.73481224803377587,0.84567952907761879)
 (0.54805550909091238,0.85585525140392182)
 (0.44144989463439388,-0.76834303931643444)
 (0.80621750532448022,-0.89350934412118854)
 (-0.58274388543533573,0.14622127869724066)
 (-0.92082546898555873,0.79085367934848116)
 (-0.98293391393745144,0.96100937638910044)
 (-0.16826858126618488,-0.38110367718400878)
 (0.36059283082069427,0.34365087598171595)
 (-0.079905756371150216,0.12164196381115633)
 (0.035141354060493735,0.81101581751368801)
 (0.75453123929097643,-0.16256804315419146)
 (0.92865773345499125,-0.003058982092357887)
 (0.54432838850580567,1.0354217275568331)
 (0.93675876198095986,-1.2113954215652711)
 (0.54868526620658464,0.16919327149280203)
 (0.29993997863640554,-0.22394758242910559)
 (-0.42281176322105624,-0.30230142635706564)
 (0.44394998066974051,-0.29916499758765264)
 (-0.8078768471412856,-0.64343315059616346)
 (-0.42581211480603326,-1.1527366664058492)
 (-0.066293513333492898,0.36374390159797154)
 (0.3969317877472382,-0.98720276058421064)
 (1.0901459306983519,0.53670549608418316)
 (0.36290061483330038,-0.45968539879307568)
 (0.85353941327544058,0.74978976094427474)
 (0.07284777050962514,-0.33966337403831526)
 (-1.0730029177676441,0.11334337440389236)
 (-1.1330335859257858,-1.2394305159810357)
 (0.59239363607323492,-0.43229367831928467)
 (-0.59521586025163942,-0.19717464252407421)
 (0.7120421968156494,-1.1152087257241952)
 (-0.53615185802034815,-0.30709076092030063)
 (1.4210157177049758,0.87525789507011664)
 (-1.0584473190073627,1.6950381768894509)
 (0.82205279405752218,-0.10391081156281012)
 (-1.1239462636729469,-1.4562413514241113)
 (0.84175134711815369,-0.34512486157899236)
 (0.10739779177138244,-0.69779020869059027)
 (1.048072289516581,0.046893301724924674)
 (-0.60707881429148602,0.29433206910808191)
 (-0.52909505598882656,-0.004083806313353977)
 (-0.041082609918669327,-0.34600784322917155)
 (-1.1167227304112151,0.28553843960256792)
 (0.17190573263430614,0.97893809704078794)
 (0.84858729220114992,-0.017855901411694186)
 (0.9263387777783586,-0.51284839075143152)
 (-0.99794849563262844,-0.3812089668084882)
 (-0.23991351352759632,-0.10763666207383678)
 (0.94806906450255091,1.0942772480490486)
 (-1.4719550128896512,1.4103188054792242)
 (-0.14261915471707851,0.39553384659800839)
 (-0.89120557711382753,-0.22313844910826977)
 (-0.41801149410741106,-0.6710566884511332)
 (-0.6661402037830455,0.15405995576661757)
 (0.24764770870212865,0.89887425486687289)
 (0.41824485200051653,-1.1742247795951526)
 (-0.72053259364045452,-1.2683548393649173)
 (0.93189802705407598,-0.15136138545791769)
 (-0.32396875301642319,0.074010405446101143)
 (0.33856238331042687,-0.31351144853722412)
 (0.88682349694447171,1.7252992380135079)
 (0.033813708137889656,-0.21075708133477733)
 (0.56302588384794361,-0.45309312715191541)
 (0.79974385570527728,-0.17044410511591743)
 (0.23591575653266136,-1.1222181494874883)
 (-0.92924146340686231,0.10682523478264228)
 (0.34778977484515927,0.34021532161086976)
 (0.38382484755555779,-0.27477853553223452)
 (-0.14384487904818383,-0.1220938998869935)
 (1.3148549825711913,-0.25105675198742433)
 (-1.1067947596822831,-0.79407119421667904)
 (-1.2181942574546563,-1.0014497219512308)
 (-1.3177335889232589,-1.6920391017423582)
 (0.20389601533730406,0.28419561306019719)
 (-0.98721716885362865,-0.25536666089551496)
 (0.26220952742222869,-1.093663375529742)
 (-0.47417857060197555,-1.7564436000382901)
 (-0.25576722056131812,-0.1407696205681)
 (1.1808211513782654,-0.90935056081645138)
 (-0.097748914597932668,0.64022164789023961)
 (-0.32045094572465227,-0.42714187989146124)
 (-0.77561683898928591,-0.65295104106117186)
 (-0.58759911881102078,0.039644170350320029)
 (0.63912500119079763,-0.92090953033266421)
 (1.0417639195218955,1.1327984577864498)
 (0.21269651836469636,0.48186129406757383)
 (-0.33135855980569534,0.12127570928763354)
 (0.030234077069541426,-0.33409255475763777)
 (0.63218148486776427,0.14698405737709802)
 (-0.73539887406654647,0.87467988370647454)
 (-0.14121443670238165,0.90035047259940482)
 (1.256386443036893,0.2944733544268896)
 (-0.23219232784380595,-0.18768980575101848)
 (-0.63753082838103192,-0.32166080635848426)
 (-0.63913228057099269,-1.0968722849256758)
 (0.077272535909971407,-0.59308906844356091)
 (1.3251772757736788,0.71985549563695472)
 (-0.77411594440297127,-0.011973230536603208)
 (-0.92814862064632264,-1.3781588045875097)
 (1.0591913413857947,1.0376585084141701)
 (-0.25216102860562462,-1.0376799449733916)
 (-0.49550741108394192,-1.0167902330429217)
 (-0.35973448039634692,-0.30239899562430506)
 (-0.44888573449230457,1.1710310548818113)
 (-0.96874226596409474,0.615986280781184)
 (-0.78243829756735706,0.14546813476936207)
 (0.24484179899065489,-0.32891985443199839)
 (0.75596141075296319,-0.014557789237168078)
 (0.051227663117613231,-0.38186322488257851)
 (-0.54600112263314204,0.11528358085360241)
 (-0.96253138174755926,0.85259813321843103)
 (0.76873847241292448,0.20846328318937213)
 (0.78753904733246238,0.61058319713246934)
 (1.332088984520061,0.51829300995310656)
 (0.77585901021994275,0.50530995046496741)
 (-1.0210302251158672,0.64162873527573638)
 (0.84928298447321504,-0.083018792700366828)
 (-0.53926284691871085,-0.97300509552133774)
 (0.080262222543834277,0.82892644306258112)
 (0.12189181269135409,0.68942030853760472)
 (0.48919022255962308,0.32459628921139361)
 (0.25320688938073344,1.1602575266641575)
 (0.021239313472995236,-0.69349539292404394)
 (0.29131339701498277,-0.26545034424393049)
 (0.23471101975687431,0.46567206557532453)
 (0.65864677428137419,-0.11208313058552871)
 (0.44452178729000258,-1.0012799723996668)
 (0.22955330042668798,-1.0266552207570951)
 (0.30941618693445827,0.44113985040639436)
 (-1.3043624698181351,0.024158330976325026)
 (-0.53986898288250695,-0.96600721488833019)
 (-0.054386291770795347,-1.1412292901556371)
 (1.1352451676328028,-0.41111907655020108)
 (1.4681688880486965,1.3947322198340817)
 (-0.57817284398989199,0.68116595377037792)
 (-0.67776229523236964,0.57687213220592559)
 (0.34066330899079,0.43495629452765983)
 (-0.61946210977748462,-0.24915091185634664)
 (0.2707761493553793,0.80246402156929642)
 (0.34677519811862106,-0.18734617154844385)
 (0.74491265636181425,-0.44898136625926616)
 (-0.21039262001959264,-0.29983224211219645)
 (-0.9285928159208795,0.69581077354419396)
 (0.45061934058262221,-0.077847801701082076)
 (-0.60211915572636487,1.2794656664492829)
 (1.3012497835249786,-1.3267983131890793)
 (-0.78439105480478921,-0.84308435601100995)
 (-0.20798492645575967,0.41480978194972545)
 (-0.89705754059854259,-0.040913025381529133)
 (-0.9237326801521264,-1.6948800647330899)
 (-0.30188408832018232,-0.7666303194335452)
 (0.32818785318542854,0.43771050860675015)
 (-0.29117344436057291,-0.8078138294777153)
 (-0.24398366783292683,0.64738362973612829)
 (0.46478306434194405,-0.5038512540992226)
 (-0.68756961931943161,-0.17787020134643167)
 (0.30707415123564469,-0.41472433756207022)
 (-0.79790303765820225,-0.43939209242790178)
 (-0.079685252494210101,-0.81310917436430274)
 (0.44403842767693663,-1.2112838466626812)
 (0.43948618447269394,-0.18797047247816831)
 (0.41147550907804598,-0.32858714330137262)
