# Created by Octave 8.4.0, Thu Dec 11 09:47:22 2025 IST <gamana@Samsung>
# name: rayl
# type: complex matrix
# rows: 2048
# columns: 1
 (-0.14928959505682998,-0.28965010928261642)
 (-0.27566508313475846,-0.66460396665989641)
 (-1.4054174383174849,0.53962069851579841)
 (0.13410101214122752,-0.5762412534720458)
 (-0.26681254281851352,-0.081985118435242005)
 (0.39199271026726212,0.39316814428341429)
 (0.71816381914499727,-0.37427475500008611)
 (-0.054782265109042994,0.046474932540766123)
 (0.055824169556326908,-0.50765298916681034)
 (-0.39246067865606971,-0.61679548862772637)
 (1.8025473717210487,0.34655392239726246)
 (0.58962309166546567,0.74598058513577403)
 (0.59056212620513004,-0.50669271601225441)
 (-0.22921954694371485,0.5833666175919231)
 (0.7589092360931633,0.50316590303996267)
 (1.4470378281699201,-0.40537845948935203)
 (-0.2892811439154912,0.027666043551779013)
 (0.62000477778193785,-0.58828014781969362)
 (0.90091220366953184,-0.23011950856410451)
 (-0.032385293439761986,0.41063691836577854)
 (0.18303238481345468,-0.53274306876980115)
 (0.78612092577114445,-0.20748124436468413)
 (0.25294754586606516,0.8749742433321559)
 (-0.6417860981870479,1.1756351616026437)
 (-0.79651052901052555,-0.24219046394044519)
 (-0.27844198129454967,-0.14902706983043734)
 (-0.5641778861381499,1.054741183530653)
 (0.745934187284085,-0.46188056761235596)
 (0.77012311509576936,-0.37904657922350449)
 (-1.3103746092279027,-0.25586176375679615)
 (-0.2135080949369057,-1.3364442427829857)
 (-0.19393736613964141,-0.00041595823556796196)
 (0.25347421791528035,0.8408475702963869)
 (-0.26140180492753851,-0.048244325617480863)
 (0.44137166688925095,0.042233633715020841)
 (0.8177496601926636,0.80869897699511273)
 (1.5201006020244077,0.22828917368663326)
 (0.16997204384414691,-0.53274507328805965)
 (-1.6953426537933245,-0.65146486144867255)
 (-0.47498124059865193,0.011418936001069163)
 (0.036569816292758128,1.6450524393978128)
 (0.42608016075413979,-0.15753622750844404)
 (0.12417173531054032,0.05671748533100688)
 (-0.33058056125226659,0.95589266391152261)
 (1.8231603269388874,-0.93534189645704013)
 (-0.44317185815325238,0.049406911894686489)
 (-0.64682861881562514,-0.76218132358584656)
 (0.74341543427157664,-1.0418206331433169)
 (-0.14750162270818454,0.35489487678296111)
 (0.051480713906801784,0.15568299089881474)
 (-0.1643662490516179,-0.91398803835140419)
 (-0.29870140978385723,0.25662066990375976)
 (-0.70591675611005822,-1.261394307153088)
 (0.1585936774804963,-0.078070509401948138)
 (-0.58188652325032031,0.025377834509343888)
 (-0.67453165803647686,-0.70294150840857106)
 (-0.47800674471043558,0.96012635679735292)
 (-0.28811414333135016,-0.29723890722387153)
 (0.66254636031452596,-0.40053493462851752)
 (0.33518297280285897,-0.35852308476252631)
 (0.65762842554649303,0.2991863661218529)
 (1.1649698128590402,0.021443082649385048)
 (-0.39871080990179014,0.31167134787513084)
 (-0.16215840766582773,-0.42771203790844298)
 (-1.1442238485238216,-0.050313797397446458)
 (1.1631034993412515,-0.64897791116677772)
 (0.092746932029806689,-0.056488153340885104)
 (-1.1579640252048746,0.93847324550352373)
 (0.29321751933113538,-0.15802559434156985)
 (-1.3672831537022296,-0.69661140817349299)
 (0.96273711081473623,1.3484971106405164)
 (0.53383645488396725,0.89352536799418381)
 (-0.2984584002262568,0.43918425705707853)
 (-1.0538227817809358,1.0556628903366825)
 (-0.11013406331945938,0.57321987495075133)
 (-0.289933482827408,-0.31172301396769991)
 (1.0575539266438851,-1.2170139068170494)
 (-0.22635802288924217,-0.36735041263229545)
 (0.38015625670757791,0.73462268836851308)
 (-0.4270543838640965,-0.40470705114562183)
 (-1.5535867665505618,0.13857596422171004)
 (1.2361395130841191,-0.68893115111912162)
 (0.89339806917577991,1.4677584291441457)
 (-1.1516375041972811,-0.58683182098806341)
 (-0.53484395786955219,-0.014254854884697937)
 (-1.0005140597601332,0.10556685869758056)
 (0.30686062316855844,1.3959324003735645)
 (0.49829291971746481,-0.021754688550534501)
 (-1.06909168249427,-0.26834680399586153)
 (-2.0194496556381472,-0.37722034834376617)
 (-0.016508680535393033,0.25471955881997821)
 (0.63342138644440138,-0.21335377276556658)
 (0.70964322599510032,0.050569747398095832)
 (-0.98238589486220673,1.0470715221808069)
 (-0.7226379161731934,0.70993346486774733)
 (0.56869592442122863,-0.81636574354717539)
 (1.168086230962591,-3.1283886290380183)
 (0.061932891139780399,-0.94401047746896671)
 (-0.092524030538504443,1.0574393730234604)
 (-1.2863698484664674,0.29497973194685284)
 (-0.87763872468783111,-0.59062315835493684)
 (0.89161496921557448,-0.5398922617836146)
 (0.14272331082695489,0.43904580216795064)
 (-1.2566445169588369,1.1394272372790424)
 (-0.62808005461268224,-0.039322850098164303)
 (-0.10188501440949264,0.34609474168424736)
 (-0.68820485536422482,-0.003855685528024011)
 (-0.33117126594998664,-0.12536918291772026)
 (-0.37391319162378978,1.6506388976927371)
 (-0.23701684592173375,0.047924488547932326)
 (-0.36898822031239775,1.0591020242886735)
 (-0.091313596188358159,0.15342954347257787)
 (-0.60258500085920907,-1.1964974295558162)
 (-0.16744188323700332,-0.29228284378674013)
 (0.09938040182898647,1.0643471183086162)
 (-0.49387773745800656,-0.12012836117288828)
 (-1.040896845947378,-0.14670285238286412)
 (0.15103329075843602,-0.074412334017459947)
 (0.60036075243447884,1.4592899945448901)
 (0.32059612640091734,-0.06032214443399514)
 (-0.47653986275728066,-1.9530140244766012)
 (0.47101730778813156,-0.931799403228597)
 (0.4838023132100791,0.080841498437758286)
 (-0.88721362679719085,0.39456042787237983)
 (1.0777338270315344,0.63881817853658562)
 (0.13984968702369519,-0.038845558171580648)
 (-0.054223620713464524,0.11778679525186024)
 (0.81851300080780776,0.070455945818977211)
 (0.60304482736504583,0.20284029361242792)
 (-3.0880552579805065,-1.6625281575590809)
 (-0.72514892428644995,-0.060591148822631696)
 (-0.11546850694755662,0.072502553390283941)
 (-0.67278634593715414,0.69047914778825192)
 (-0.84953004145744637,-0.063122254768783415)
 (0.2430392703930902,0.038321445457431921)
 (0.24603958092195727,0.11547868291569664)
 (0.2983816878857965,0.4770540779678118)
 (0.27974952095238015,-0.30256503175331956)
 (-0.09739925950161174,0.53828172384406703)
 (0.28901312191944395,-0.40862111310870547)
 (0.13033320612878629,-0.51842325041666804)
 (0.062186731645910501,0.33779243093177214)
 (-2.3360511020749621,1.5212476633277001)
 (0.012366009375661156,0.025774027641508792)
 (0.21861695687581498,0.63479962361783426)
 (-1.4896354522417652,1.9615262628229337)
 (-0.034779301300934817,0.38326193724655766)
 (0.041059774384467042,0.1776129812672195)
 (0.17231240282416296,-0.19263447573474018)
 (0.093123521114389041,-0.64207958804044973)
 (-0.19226009045258949,-0.20078501342902647)
 (0.53337279259257542,-0.10709090082714726)
 (0.26502390317949492,0.48403369337619134)
 (-1.1163362345387828,0.78180594693473282)
 (0.58372958480379467,-0.4734551184616077)
 (-1.0250398496874398,-0.31389948472421925)
 (0.30587702348668178,-0.80485759966659309)
 (0.28507668210509823,0.88089399058491413)
 (-0.26605104476622721,0.13677388564403814)
 (-0.26162960417523085,-0.31366183916711743)
 (0.30656134899215992,0.60416520824785369)
 (0.040391946838470416,0.6928154684700667)
 (1.1933235253502752,-1.3750989657560795)
 (0.42202114690262738,0.18465168217302425)
 (0.52293346219523562,0.42997846783726312)
 (0.84824814337480481,1.1360964765217532)
 (0.28945127471532628,1.9459227961484418)
 (0.26809090821851356,0.017208767066524036)
 (0.2109138060892897,0.34947925100283089)
 (0.20848912165782871,-0.81719542096584685)
 (-0.19231295905882209,0.4973980557226852)
 (-1.9698671224422077,0.71950823340793446)
 (1.2281889576224017,0.35082483696894079)
 (1.2063352951685629,0.22648338190701028)
 (0.32356021103487798,-1.687547755687872)
 (0.73134749320814396,-0.6394561856106542)
 (0.83981222997252125,-1.1665327183267282)
 (-1.087405772159197,-0.11093666034936833)
 (0.58732552269866767,1.0777317844405148)
 (-1.0860420337450813,-0.51996183310441713)
