# Created by Octave 8.4.0, Thu Dec 11 09:47:22 2025 IST <gamana@Samsung>
# name: awgn20
# type: complex matrix
# rows: 2048
# columns: 1
 (0.9626476746956556,-0.97681065031338787)
 (-0.94445131061244614,-0.34136689174515422)
 (-0.32714835890058741,0.3225637467518781)
 (-0.3373512359991116,0.33083415469483846)
 (0.86627042546037702,0.93976360622781574)
 (0.98495852655348715,-0.97369629239080613)
 (0.9455950367650775,-0.82978034340416607)
 (-0.93102272786683704,-0.79491251079424763)
 (0.34138213404074019,-0.45418747151886268)
 (0.33590192956392484,-0.93759535584386022)
 (-0.34358551424120587,0.21837661072911324)
 (0.33570558379790078,-0.3320962811648322)
 (-0.36526592364850585,-0.98052179133978545)
 (-0.94674940625890136,-0.94098278507299526)
 (0.91187229745014697,-0.30943033133975645)
 (-0.45787599139210616,0.41750131894067716)
 (-1.0768196798078054,-0.42628169351367334)
 (0.29582890295525899,0.25874032337634245)
 (0.95098133488748071,1.039812877289737)
 (1.0161865214175969,0.94887796756006781)
 (0.8694438106625485,0.90217933667980299)
 (-0.95063311577849874,-0.40184318815303899)
 (-0.33367564597926286,0.89107103941084698)
 (-0.88194112459830076,-0.34644233283222436)
 (-0.3245017608955329,-0.33875061408611895)
 (-0.98957771252419113,0.98904453153130911)
 (0.83092057692165178,0.24205093050121224)
 (0.91945633384534364,0.29187497232785076)
 (0.87702176019767863,0.29247237737050813)
 (1.0209403916222546,0.34339792436596939)
 (0.91045145220225199,0.22930092728441248)
 (0.3818690886300643,-0.31492734123104138)
 (0.14078823971783086,-1.1327630540281663)
 (-0.93270882507630914,-0.94584711254281495)
 (0.35077456194079348,0.87544329506717733)
 (0.25286058104550424,-0.31162233687938545)
 (-0.93967041779934279,0.25473074810417762)
 (0.24412046032644677,0.9238507889387132)
 (-0.21864873184255423,-0.85802402270910494)
 (1.021003744942317,0.36398472576544916)
 (0.40449547549392734,-0.88836262006360556)
 (-0.10858716266751509,0.8377099909145751)
 (0.91865184968447544,-0.96442744957367166)
 (0.23120457830673602,-0.89134440862474507)
 (0.99933858999445413,1.0819497393044983)
 (0.28067418712419434,-0.36104534353202816)
 (0.34766458279089257,-0.38369352322409633)
 (0.38018210814785597,0.29551771987903175)
 (0.96278104439612244,0.96061254031547205)
 (0.34756700788972528,-0.12086261767076018)
 (0.78785248460952295,-0.3374441958763168)
 (-1.0097507326180066,-0.92370837109769754)
 (0.30444856830224087,0.81496530271913259)
 (-1.0371584361243229,0.85055421459539771)
 (0.91456263692667128,-0.98938905373692987)
 (0.4268533787570149,0.8191580671297114)
 (0.84742650825992372,-0.26649212637493214)
 (0.24598554270707768,-0.3900028890462649)
 (0.35648286502973214,0.87990664203313262)
 (-0.85716561860066653,-0.32686910488982335)
 (-0.15080244671849002,-0.34889185697765579)
 (0.32653500983766737,-0.1844637206428584)
 (-0.35748524737563941,-0.32236917339274884)
 (0.34148440118686529,0.97711354406983231)
 (-1.027875991064914,0.36742746750507022)
 (-0.27857041077187905,0.24853574010687252)
 (0.89499653816107316,0.9013491912424646)
 (1.0315607867464247,-0.26922729562216152)
 (1.0177988381907128,-0.96107623439822232)
 (-0.30233196572423859,-0.84672729235710098)
 (1.0345406023809469,0.93722006277862702)
 (1.018702731436127,-0.34861315049521951)
 (-0.36298153829758861,0.34569710661450709)
 (-0.38564201440884421,-0.94661745728381508)
 (-0.95462972122633594,-0.25750243413466967)
 (1.0313814254757498,0.30398403535962737)
 (-0.31495184253899128,-1.0430044906184961)
 (1.0466665035159668,-0.29789932151706922)
 (-0.28932767317273816,0.29463662055974793)
 (-1.0661019714348499,-1.0177909749985352)
 (-0.41021695061209884,0.37699029943097229)
 (0.96981018869742086,0.35246331791620716)
 (-1.0484112927228848,0.32904723195555341)
 (0.21805135920809421,1.0464006800203145)
 (0.84122795549381157,-0.3477101570116512)
 (0.41590841883238189,1.0063000449311037)
 (-0.89449478487801792,-0.92485962141525491)
 (0.93780910367524972,0.24453027423876589)
 (0.28991666229833268,-0.43500586924000195)
 (0.89115908649680386,0.91432442818139881)
 (0.25595595584806208,0.97595472693422702)
 (0.95846486459430791,-1.0251527169698795)
 (-0.32438538385944105,0.42955252355010837)
 (-1.0124939735891108,-0.18077270103678791)
 (-0.97403701340076532,-0.94013796068017663)
 (0.40898350734295125,-1.0286389813091985)
 (0.9449224199397247,0.97894661843331476)
 (-1.0210105326083518,-0.94563616869671296)
 (-0.2381641506749603,0.38493553242194734)
 (-0.94055320663896791,-0.94825289753620878)
 (0.95029267113999816,-0.32830492027862485)
 (-0.33364184268383934,-0.22845583782384166)
 (-0.94528084298228654,-0.88249381778318781)
 (-0.26695309626618724,0.32149405715283152)
 (-0.34196043462142361,-0.98428905350463081)
 (0.85279423719677827,-0.29231836240421311)
 (-0.97561246203082552,-0.35477425807169233)
 (-0.93197151567672343,0.9274501506441557)
 (0.27829661284881668,-0.97187044156743163)
 (-0.83744247381970427,-1.0256350595316723)
 (-0.92471446773316313,-0.22513615061353248)
 (-1.0051339140009392,0.8186081213585773)
 (1.0203560651911845,-0.35697693518456597)
 (0.2692386884129776,0.93732200417407041)
 (-0.36248038463660121,0.34406862720018239)
 (-0.29467748732645793,-0.33346394616974095)
 (-0.90749525349873639,-0.16695565039283369)
 (1.0645450899660776,1.0226276001012817)
 (-0.26906382935505574,-0.21755063983899842)
 (-1.0676260823411776,0.35293392788132105)
 (0.48061626031879601,0.94983278579497576)
 (0.88740561648808458,0.93884189978241805)
 (-0.85824322043834378,0.93419902368725738)
 (-1.0194998898820276,-0.87251909024802998)
 (0.22392316839518922,-0.1917134932201198)
 (0.28203526773753174,0.92493644158427657)
 (0.29229592859389331,0.31220075917678958)
 (0.31559873953754036,0.3040823659893202)
 (-0.35563386811419162,0.31234357255044487)
 (-1.0429764178617018,-0.90457257168418148)
 (0.86398369033246691,0.97835458505654105)
 (0.957006857835206,-0.91493253920520667)
 (-0.87188198540150808,-0.32737263069970068)
 (0.45689466621233288,0.96864074237795805)
 (-0.29655384895808989,-0.93120001155340826)
 (-1.1105910363220106,-0.25829345230770406)
 (0.86258267204507644,0.41808531985828817)
 (0.29533755790290206,0.92106002922510588)
 (-1.0777976560075879,0.16977328953089643)
 (1.0963979248589493,-0.83764377525851286)
 (-0.91325371729208238,-0.33195867069992258)
 (0.29621680873525441,-0.98210212147707587)
 (0.40973741424562943,-0.79150362708325672)
 (-0.90581340784908271,-0.29665721275772217)
 (-0.25913856532674057,-0.92122524127453309)
 (-0.22481376603761372,0.28153965966677658)
 (0.31516209772053172,-0.97825721316008274)
 (-0.96107872657321514,1.03142519054448)
 (0.84845170139088455,1.0276026762241932)
 (-0.87951462229811861,0.31010268634564586)
 (0.91681001928807115,0.33337367065730145)
 (-0.98968769758212349,1.0795197110547505)
 (0.37511482158566362,-0.27582825133029726)
 (1.0693405008893764,0.41834561102553891)
 (-1.0609229775023505,0.25678046972010332)
 (0.4695183228691972,-0.94878704835493499)
 (1.0530082265679326,0.95512313467970111)
 (-0.37744944605329056,0.29207662081528557)
 (-0.24133217173438748,-0.9110604269245558)
 (-0.9105640849650295,0.28612395084435355)
 (0.96954462726234492,-0.36219658030598179)
 (-0.85132466432242104,0.20916001596641942)
 (1.0705982982665756,0.33312644753881382)
 (0.84396156423469704,-0.24411132581069056)
 (0.94422544242899131,0.39902347610073435)
 (-0.16750630573706957,-0.26314373196521673)
 (-0.26221864835559044,0.95505167678867886)
 (-0.87309099318824346,-0.86000055561473188)
 (1.0706988591308386,-0.94589631021908271)
 (-0.44400853629497927,-0.21501086418462645)
 (-0.33227508466493016,-0.98441206855102559)
 (-0.38442462325686216,0.91368882783667371)
 (0.31699707175068986,0.85218863396446309)
 (-1.0845989050041482,-0.25324214594334754)
 (1.0120224291362754,-0.31191874559218874)
 (-0.94745570674099411,0.91857324395789641)
 (-0.3939665806357025,-0.86804081902739061)
 (-0.87256176633202376,-0.29078085793533437)
 (-0.87641059776212571,-0.86133870341164287)
 (-0.89865800108810279,-0.17448535871013054)
