# Created by Octave 8.4.0, Thu Dec 11 09:47:22 2025 IST <gamana@Samsung>
# name: clean
# type: complex matrix
# rows: 2048
# columns: 1
 (0.31598100221334569,0.94794300664003706)
 (-0.31598100221334569,0.94794300664003706)
 (0.31598100221334569,-0.94794300664003706)
 (0.94794300664003706,-0.31598100221334569)
 (0.31598100221334569,0.31598100221334569)
 (-0.31598100221334569,0.31598100221334569)
 (-0.31598100221334569,-0.94794300664003706)
 (0.31598100221334569,-0.31598100221334569)
 (0.31598100221334569,-0.94794300664003706)
 (-0.94794300664003706,-0.94794300664003706)
 (-0.94794300664003706,-0.31598100221334569)
 (-0.31598100221334569,0.31598100221334569)
 (-0.94794300664003706,-0.94794300664003706)
 (0.31598100221334569,-0.94794300664003706)
 (0.94794300664003706,-0.94794300664003706)
 (0.94794300664003706,-0.94794300664003706)
 (-0.94794300664003706,0.94794300664003706)
 (-0.31598100221334569,0.94794300664003706)
 (-0.31598100221334569,-0.31598100221334569)
 (0.94794300664003706,0.31598100221334569)
 (-0.94794300664003706,0.94794300664003706)
 (0.94794300664003706,-0.94794300664003706)
 (-0.31598100221334569,0.31598100221334569)
 (0.31598100221334569,0.94794300664003706)
 (0.94794300664003706,0.94794300664003706)
 (0.31598100221334569,-0.94794300664003706)
 (-0.94794300664003706,-0.94794300664003706)
 (-0.31598100221334569,0.94794300664003706)
 (-0.94794300664003706,0.94794300664003706)
 (0.31598100221334569,-0.31598100221334569)
 (-0.31598100221334569,0.94794300664003706)
 (0.94794300664003706,0.94794300664003706)
 (-0.31598100221334569,0.94794300664003706)
 (0.94794300664003706,0.31598100221334569)
 (-0.31598100221334569,0.94794300664003706)
 (0.94794300664003706,-0.31598100221334569)
 (0.31598100221334569,0.31598100221334569)
 (-0.31598100221334569,0.31598100221334569)
 (0.94794300664003706,-0.94794300664003706)
 (-0.31598100221334569,-0.94794300664003706)
 (0.31598100221334569,0.94794300664003706)
 (-0.31598100221334569,0.94794300664003706)
 (-0.31598100221334569,0.94794300664003706)
 (-0.94794300664003706,0.31598100221334569)
 (-0.31598100221334569,-0.94794300664003706)
 (0.31598100221334569,-0.31598100221334569)
 (0.94794300664003706,0.31598100221334569)
 (-0.94794300664003706,0.31598100221334569)
 (0.31598100221334569,0.94794300664003706)
 (0.31598100221334569,-0.94794300664003706)
 (-0.31598100221334569,0.31598100221334569)
 (-0.31598100221334569,0.31598100221334569)
 (0.31598100221334569,-0.94794300664003706)
 (0.31598100221334569,0.31598100221334569)
 (0.31598100221334569,-0.94794300664003706)
 (0.94794300664003706,0.31598100221334569)
 (0.31598100221334569,-0.31598100221334569)
 (-0.94794300664003706,-0.31598100221334569)
 (0.94794300664003706,-0.31598100221334569)
 (-0.31598100221334569,0.31598100221334569)
 (-0.94794300664003706,-0.94794300664003706)
 (-0.31598100221334569,0.31598100221334569)
 (0.94794300664003706,0.31598100221334569)
 (-0.31598100221334569,-0.31598100221334569)
 (-0.94794300664003706,-0.31598100221334569)
 (0.31598100221334569,-0.31598100221334569)
 (0.31598100221334569,0.94794300664003706)
 (0.94794300664003706,0.94794300664003706)
 (-0.94794300664003706,-0.94794300664003706)
 (0.94794300664003706,-0.94794300664003706)
 (-0.31598100221334569,-0.94794300664003706)
 (-0.94794300664003706,-0.31598100221334569)
 (-0.94794300664003706,-0.31598100221334569)
 (0.31598100221334569,0.94794300664003706)
 (-0.31598100221334569,-0.31598100221334569)
 (0.94794300664003706,0.94794300664003706)
 (0.31598100221334569,-0.94794300664003706)
 (0.94794300664003706,-0.94794300664003706)
 (0.31598100221334569,-0.31598100221334569)
 (0.94794300664003706,0.31598100221334569)
 (-0.31598100221334569,0.94794300664003706)
 (-0.94794300664003706,0.94794300664003706)
 (-0.31598100221334569,0.94794300664003706)
 (0.31598100221334569,0.31598100221334569)
 (-0.94794300664003706,-0.31598100221334569)
 (0.31598100221334569,0.31598100221334569)
 (0.31598100221334569,-0.31598100221334569)
 (-0.31598100221334569,0.31598100221334569)
 (-0.94794300664003706,-0.31598100221334569)
 (0.94794300664003706,0.31598100221334569)
 (-0.94794300664003706,-0.94794300664003706)
 (-0.31598100221334569,-0.31598100221334569)
 (-0.94794300664003706,0.94794300664003706)
 (0.31598100221334569,-0.31598100221334569)
 (-0.31598100221334569,0.31598100221334569)
 (0.31598100221334569,0.94794300664003706)
 (0.31598100221334569,-0.31598100221334569)
 (0.94794300664003706,-0.31598100221334569)
 (-0.31598100221334569,0.31598100221334569)
 (-0.31598100221334569,-0.31598100221334569)
 (-0.94794300664003706,-0.94794300664003706)
 (0.94794300664003706,-0.94794300664003706)
 (-0.31598100221334569,-0.94794300664003706)
 (0.94794300664003706,-0.31598100221334569)
 (-0.31598100221334569,0.94794300664003706)
 (-0.31598100221334569,0.94794300664003706)
 (0.94794300664003706,0.31598100221334569)
 (-0.94794300664003706,0.94794300664003706)
 (0.31598100221334569,-0.31598100221334569)
 (-0.31598100221334569,0.31598100221334569)
 (-0.31598100221334569,0.31598100221334569)
 (-0.94794300664003706,-0.94794300664003706)
 (-0.94794300664003706,0.94794300664003706)
 (-0.94794300664003706,0.94794300664003706)
 (0.31598100221334569,0.31598100221334569)
 (-0.94794300664003706,-0.31598100221334569)
 (0.94794300664003706,-0.94794300664003706)
 (0.31598100221334569,-0.31598100221334569)
 (0.94794300664003706,0.31598100221334569)
 (-0.31598100221334569,-0.94794300664003706)
 (-0.94794300664003706,0.31598100221334569)
 (0.94794300664003706,-0.94794300664003706)
 (0.94794300664003706,-0.94794300664003706)
 (-0.31598100221334569,-0.31598100221334569)
 (-0.31598100221334569,0.31598100221334569)
 (0.94794300664003706,0.31598100221334569)
 (0.94794300664003706,0.31598100221334569)
 (0.94794300664003706,0.31598100221334569)
 (-0.31598100221334569,0.31598100221334569)
 (0.31598100221334569,-0.94794300664003706)
 (0.31598100221334569,0.94794300664003706)
 (-0.31598100221334569,-0.31598100221334569)
 (0.31598100221334569,-0.94794300664003706)
 (0.94794300664003706,0.94794300664003706)
 (0.94794300664003706,-0.31598100221334569)
 (-0.94794300664003706,-0.31598100221334569)
 (-0.31598100221334569,0.94794300664003706)
 (0.31598100221334569,-0.94794300664003706)
 (0.94794300664003706,-0.94794300664003706)
 (0.31598100221334569,0.31598100221334569)
 (0.94794300664003706,0.94794300664003706)
 (-0.94794300664003706,-0.31598100221334569)
 (0.94794300664003706,0.31598100221334569)
 (-0.94794300664003706,0.94794300664003706)
 (-0.31598100221334569,-0.94794300664003706)
 (-0.31598100221334569,-0.94794300664003706)
 (0.94794300664003706,-0.94794300664003706)
 (0.31598100221334569,0.31598100221334569)
 (-0.94794300664003706,-0.94794300664003706)
 (0.31598100221334569,-0.94794300664003706)
 (-0.31598100221334569,0.31598100221334569)
 (0.31598100221334569,0.31598100221334569)
 (-0.31598100221334569,0.31598100221334569)
 (0.31598100221334569,0.94794300664003706)
 (-0.31598100221334569,0.94794300664003706)
 (-0.94794300664003706,-0.94794300664003706)
 (-0.94794300664003706,-0.94794300664003706)
 (-0.31598100221334569,-0.94794300664003706)
 (-0.94794300664003706,0.94794300664003706)
 (0.94794300664003706,0.94794300664003706)
 (-0.94794300664003706,-0.31598100221334569)
 (0.94794300664003706,-0.94794300664003706)
 (-0.31598100221334569,-0.94794300664003706)
 (-0.94794300664003706,-0.31598100221334569)
 (0.31598100221334569,-0.94794300664003706)
 (-0.94794300664003706,-0.31598100221334569)
 (0.94794300664003706,0.31598100221334569)
 (-0.31598100221334569,-0.94794300664003706)
 (-0.31598100221334569,-0.94794300664003706)
 (0.31598100221334569,-0.31598100221334569)
 (-0.94794300664003706,0.94794300664003706)
 (-0.31598100221334569,-0.31598100221334569)
 (-0.31598100221334569,-0.31598100221334569)
 (-0.94794300664003706,-0.31598100221334569)
 (-0.94794300664003706,0.31598100221334569)
 (0.94794300664003706,-0.94794300664003706)
 (-0.94794300664003706,0.31598100221334569)
 (-0.31598100221334569,-0.31598100221334569)
