# Created by Octave 8.4.0, Thu Dec 11 09:47:22 2025 IST <gamana@Samsung>
# name: rayl
# type: complex matrix
# rows: 2048
# columns: 1
 (0.14882712093279152,0.080417021620913964)
 (-0.38262896742130947,0.49901215913607855)
 (-0.52282524172074663,-0.71511942115444294)
 (0.42461996222086051,0.74213923117056846)
 (-0.30858710843377629,0.93859226285127928)
 (-1.4467955441549676,1.1746490799309055)
 (-0.77757828918871386,-0.23419892592916947)
 (1.8176883392679115,-1.4681174211213235)
 (-0.2486005511610434,0.0908770988111407)
 (-0.32350444265277617,-0.3338056190291851)
 (0.20843704673325641,-0.32445425304529302)
 (0.28765359825332826,-0.5665293109565781)
 (-0.05664733544861187,-0.33856218903067992)
 (1.6713223528810972,-0.44657000432405014)
 (0.035073280496420667,-1.3789750591832093)
 (-0.52083463188290025,1.8681042096141149)
 (-1.1679706286188769,-0.66875762163765551)
 (-0.53209782176854548,0.36641001400658973)
 (0.34409212811795703,-0.043652862978456497)
 (-1.3251549249355594,0.82256273572621841)
 (0.82147867813479625,0.14341263205933455)
 (0.12760636872306769,0.66117569806180021)
 (-0.18876733549312619,-0.91334581576778018)
 (-1.4533515068869465,-1.0460028931460348)
 (0.53178091151722795,0.56996137253139634)
 (-0.42333002180263746,0.2503937265816914)
 (-0.53839913952102503,0.3291341957112609)
 (-0.056927992451199561,-0.10484714972649584)
 (0.56866144100889837,0.058500964033347702)
 (0.12868831716782847,-0.010355909164980498)
 (-0.11110265311342446,0.36224091339034348)
 (-0.045024679836463855,-0.5253430525773406)
 (-2.8115409251528583,-1.5485146302566724)
 (0.90599680756185896,-0.43637319675791919)
 (-0.39171477307332242,0.17516352738474456)
 (-1.256478280864131,-0.70265942166564965)
 (-0.42657516976074578,0.0065185293460227611)
 (-1.2425218372424074,-0.80575314270798615)
 (-0.16458154524730267,-0.53965937767078809)
 (0.94100964042340418,1.4106595621467997)
 (0.88978254067141571,-0.22257963597712946)
 (0.89499119040118846,0.50193867022984251)
 (-1.5019234308019795,0.71229602555644433)
 (0.10287115477769376,-0.9864886773480257)
 (0.52919093069422229,1.3279294905161121)
 (-0.19691768682010691,-0.2744016463144297)
 (-0.41564254364710962,0.38007292882654187)
 (0.46222505594766966,-2.2830984713502396)
 (0.15218636551085174,-0.57039156653196743)
 (-0.011230926697657885,-0.16755692016936569)
 (-0.44052770509992983,-1.2640293837884407)
 (0.038711677795716576,0.43320425982148103)
 (0.40401442969973012,0.23696630732634796)
 (-0.29085105440779718,-0.71057393621037024)
 (-0.71182367714901673,-0.65192443466211192)
 (0.57686894648040354,-0.2325190278057834)
 (0.78369274161348301,1.5037744960375834)
 (-0.23963986080361005,0.23575618078458288)
 (-0.19990640017603703,0.11411153574363866)
 (0.19517778319486098,-0.8185826195325514)
 (-0.11779248053057415,0.23466906959359712)
 (-0.50717216522352448,-0.93534784620628975)
 (-0.13113100606934286,-0.20269183779556907)
 (0.5490209277876672,-0.45443249423669196)
 (-1.581410396669231,0.53051801154281664)
 (0.01416241927554257,0.8387234690707388)
 (1.8709878435592864,0.14571016828958527)
 (-1.4572271828952204,0.099180987114419583)
 (0.86152122859320102,-0.94482192951631294)
 (1.1204878390849262,1.4481507928926582)
 (-0.21126050861689172,-0.12832278426793373)
 (-0.45872463796478624,0.84314575723895402)
 (-1.1404998772450181,0.46304195717437785)
 (-0.96150647774766373,-0.075965675461061921)
 (-0.8187344746111499,0.50248169189282832)
 (1.7673972268345304,-0.044827059906777156)
 (1.1301602096357841,-0.65188169046822508)
 (0.14378374416381923,-0.20626757634520773)
 (0.28870616796696486,-0.060117351030622136)
 (0.74554343179492411,0.36842164986880377)
 (0.099327808302327264,-0.35166511292702152)
 (-0.11210216251385743,-0.64345617521255227)
 (-0.67651366764717569,1.291299045385649)
 (1.2991269818518436,0.87795307040512727)
 (-0.61775315011913934,-0.16806288343991518)
 (-0.48046298328259135,-0.24261378944033979)
 (0.48492937345617848,-0.011340799391159395)
 (0.54045357976190989,-0.85843257216819602)
 (-0.32783095291004272,-0.53635452531408279)
 (-0.27453751706570245,-0.062495752920260973)
 (0.29265526839068473,0.52091062897580498)
 (0.48186882613695708,0.6517366993607826)
 (0.10298200593506662,1.1749444410467149)
 (0.18794264316244264,0.054897472246148368)
 (0.54362043357411249,-0.068788497327157444)
 (-0.24124488708437114,0.091186690396900347)
 (0.76296130717611932,-0.088432871652600359)
 (1.4200093967728025,-0.7612651624787824)
 (-0.21611981982006828,-0.16802472612317948)
 (0.64574450237880099,0.3496046754518739)
 (0.28700560810843073,-0.2867136686629253)
 (-0.095002003129658355,-0.14596755365220027)
 (1.1257925646224043,-0.3220931737697858)
 (0.087668368751130182,0.66622912863445982)
 (0.16007101268328439,0.33114810930515343)
 (-1.2199351372764333,-0.57663891691603675)
 (-1.375988025830394,0.24804692473469359)
 (0.67589160691882755,-0.34483394344805751)
 (0.67223561836300683,0.48565425903314252)
 (0.47450047717594401,0.25463504563458605)
 (-0.047825662056943469,0.44200383525072601)
 (1.373955790306856,-1.5297445695933942)
 (-0.03788271501513607,0.34685542326566626)
 (-0.62195014486707889,0.011331113945090621)
 (-0.47212566075459367,0.20250290183108532)
 (-0.0013492777884246965,0.97868131314026363)
 (-0.21184143284198262,0.026822414980215759)
 (-0.016903584503394756,0.266989139159864)
 (-0.72396235527383523,-0.60549007302481517)
 (0.40553336717673616,0.35426348402968766)
 (0.0035916976876687323,-0.42352459039027857)
 (-0.40057962896068461,-0.5906448208581585)
 (-0.67008224052922172,0.087104565046907612)
 (-1.2003796854500026,-0.32825718195909476)
 (-0.57015904695616781,-1.113780932405608)
 (0.23056119868440783,0.82637083591275706)
 (-0.12666690166120864,0.23428248283261588)
 (-0.30720296460260688,-0.19417236233057278)
 (-0.82965344591898971,0.1267460172465516)
 (-1.3057007492096475,1.8379194366020815)
 (0.50500883436103794,0.52051902256293392)
 (-0.062330800578375201,1.3913999238457992)
 (-0.87771931579481755,-0.83980542211145004)
 (0.98449115742071369,0.23913018529238816)
 (0.11805965820663525,0.54134988850304389)
 (0.13463387069083677,-0.52572840107290653)
 (-0.042526641068980381,-0.18190839291092878)
 (0.39445014010062057,0.19626360367105233)
 (-0.026611335967019673,0.45490493150584865)
 (0.91855583462241253,-0.36311206405548524)
 (-0.79190669429163907,0.0069346363661001442)
 (0.41792039359110356,-1.3389007633944692)
 (-0.53699537033392564,0.17662075847010456)
 (-0.051944758531681567,1.2757423784746997)
 (-0.30547600456733692,0.42374693741708835)
 (0.55709023584689532,0.18150999359248599)
 (1.0352225067851069,0.15362570899454098)
 (-0.086654399156307696,-0.091778129609414338)
 (0.28677855141247977,-0.75319809554311556)
 (-0.45272095455982636,0.20852824827938396)
 (-0.48101419917036076,-0.08899637084393508)
 (-1.3665998593562523,-0.84018419330982042)
 (0.58541668542863368,0.84317335903238311)
 (0.53917536344262273,-0.43232827621029252)
 (0.16299986073753389,-0.36856296856916193)
 (0.58498219043719479,0.62273780535747481)
 (1.1957123079466934,-0.73697780719007722)
 (0.20895320374414444,0.082157770378567932)
 (0.32351615582805932,-0.53884700130469243)
 (-0.40385164651139793,-0.12484694912207472)
 (-0.54192422009849128,-1.4427546817832975)
 (0.33016158497535841,-1.0145177918518695)
 (-0.6310986833019776,-0.8629195232022191)
 (0.40810361014421165,0.68071412794233321)
 (-0.4912863226530228,-0.40534166711656494)
 (0.12619316881860915,0.32885351944483171)
 (-0.40811889615634334,0.069122537300135789)
 (0.28028599400081755,-2.1352954267448068)
 (-0.66712070692593073,0.85841892023502897)
 (-0.39974023647070878,0.92802571427460323)
 (0.1278707591528605,-0.9853170328336589)
 (2.002521865910702,0.33645277824598785)
 (0.72387023447899734,1.1632184656538529)
 (-0.1420914864243526,0.11373091607823693)
 (0.74087193875777779,0.5992217233224495)
 (-0.95049639544881637,-0.16196189992140431)
 (-0.80250584424215554,0.17323918910170077)
 (-0.1946870459304586,-0.00051476029344339758)
 (-0.26645135931860209,0.73082954850109527)
