# Created by Octave 8.4.0, Thu Dec 11 09:47:22 2025 IST <gamana@Samsung>
# name: awgn20
# type: complex matrix
# rows: 2048
# columns: 1
 (-0.96993856015732804,-0.28680862319523837)
 (-0.45144406839463358,-0.9397647380301859)
 (-1.0052700387855331,-1.0414346731428517)
 (-0.37203513510024649,-0.9939627176281105)
 (0.39213078170460258,0.28078826994998701)
 (-1.0879171500424485,0.29404480077162864)
 (-0.34000448206573386,-0.89506310065240013)
 (0.93887286211782472,-0.19271018710987539)
 (-0.77898210991017125,0.97349450172654028)
 (0.37756089364486572,1.0143596927556937)
 (-0.98856207033830734,1.0328829636793109)
 (-0.9948165988244102,-0.93489769894880981)
 (-0.87253338773976241,0.30814770166602279)
 (0.31239763255800945,0.92320678760193031)
 (-0.92244665616659649,0.3212168730389825)
 (-0.44648562545534226,-0.83798371151902229)
 (0.48236613208791312,-0.27446263450270203)
 (-0.30177588150384688,-0.28805562468985529)
 (0.39729550729511492,-0.330556585202192)
 (-0.97605033936077956,0.24960428058589423)
 (-0.41010121408291211,-0.92945642050879662)
 (-0.77987528608423995,-0.93164528280551484)
 (-0.39953239025067822,-0.26873047152057095)
 (-0.20777622405074264,0.31870134337889511)
 (-0.86315436525408029,-0.21598269753696064)
 (0.44800043936511191,1.0992004696209494)
 (-0.34521658164117247,1.0168897259909611)
 (0.98770349107486788,-0.93030939296475312)
 (-0.42958309099770509,-0.94603848278394431)
 (-0.88899336777143323,1.0816048141169861)
 (0.90664894486518888,-1.0516141764575391)
 (-0.22635182684866356,0.2678215093698485)
 (0.98857485540855428,0.31005634547361199)
 (-1.006459302149711,-0.87499683943316731)
 (0.31698332597447976,-0.98346405463955189)
 (1.0807965139207867,0.96065117760368701)
 (-1.0494552292346957,1.0221620079929739)
 (0.8121796371948542,-0.3144765196048025)
 (-0.34998877412167023,-0.91565850982991159)
 (-0.29529438382173651,-0.34112778754661616)
 (-0.90672854031046257,-0.29637884241984042)
 (-0.36636034358039865,-0.29305973071890379)
 (0.43396232827099063,-0.88596275051288154)
 (0.18579532251642578,0.99716727104162761)
 (1.0018263456822285,-0.85670435910009712)
 (0.98820563297683905,-1.0000204417046963)
 (0.33548926421897246,-0.95505463823842152)
 (-1.0081696869123848,1.146894493155755)
 (0.31483066467019766,-0.31854091149382335)
 (-0.90218178455605658,-0.26862524977028179)
 (-0.27186898401121523,-0.91736190551718189)
 (-0.31650163224947742,-0.38149203045248781)
 (-0.29310387176061892,-0.98083906307207813)
 (-0.86199673449838254,0.2592724228277542)
 (0.99188839725903666,-0.28082667446298981)
 (0.2239501919932167,-0.23902729290202285)
 (-0.35198650965016037,0.84248216544810983)
 (0.36769736863801677,-1.1501287755154257)
 (0.38729982068720464,-0.97708007277723519)
 (0.92351431595815303,0.8773703285027914)
 (0.35497078241473629,-0.90661393511733301)
 (0.98558534440509005,0.97756405895786258)
 (-0.99599872779356891,1.000050142473313)
 (0.1624841530880802,0.99733874119675647)
 (0.87125498453637051,0.45214577368582837)
 (0.2848523659276937,0.30393165533950961)
 (-0.41615851533563547,0.95874621795390136)
 (0.32885061037678959,-0.28216528036931998)
 (-0.27028759186734658,0.9522992532691017)
 (-0.2266720382590951,0.19091822925811067)
 (0.98712768352958591,-0.2846718705691651)
 (-0.36595519865933934,0.24977285225808701)
 (-0.94325529501994554,-0.33951951012294346)
 (0.93769555755515177,-0.37133708315100777)
 (0.32801579458345842,-1.0564431266425129)
 (0.39655985669653515,-0.28414346893475106)
 (-0.89357251295655549,-0.22087690227800505)
 (0.37053387501374652,0.43529058485254613)
 (-0.23772013664132557,0.96933866723238538)
 (-0.27479043557737859,0.84385667986719204)
 (-0.37915288230299427,1.0738670123320508)
 (-0.92601850694027954,-0.30961825677229937)
 (0.38975909052291968,-0.33413069221532876)
 (-0.31343576040240984,0.93031950186064527)
 (0.99751984610482303,0.8268913274369043)
 (-0.41751723318172657,-0.95686708535721687)
 (0.97199160561062059,-0.86587156032521428)
 (0.31236139153066178,-1.0826976545560363)
 (0.96613862317490251,-0.19129045815685394)
 (-1.0492143180663138,-0.29169359668402228)
 (0.87366459111124173,0.94418882959867556)
 (-0.16796226918742851,1.0831625589309244)
 (-0.79985910231068302,0.3135147165668859)
 (1.0229418097126448,-0.92721795194429757)
 (0.29202111173683543,0.88102690366793646)
 (-0.97934907963175788,0.89220924793793888)
 (0.83287662161254505,1.0187579028944296)
 (-1.0115039243582653,-0.4313742720969535)
 (0.96329282424782758,0.93492062222497774)
 (-0.42939102726587125,0.32732674463952388)
 (-0.30559362496096409,0.30160103521484233)
 (-0.13716952905716312,-0.40636885140356171)
 (-0.3888123290677824,-0.41959569097905108)
 (1.0610183602675165,0.34762033548565557)
 (-1.0327024246339216,-0.29887813200743446)
 (0.25413859465799887,0.99959663088956607)
 (0.41667172865372204,0.31106809661995377)
 (-1.0286095464134675,0.22337266842827072)
 (0.97477535435884666,0.23860229360726759)
 (0.95558754742116458,0.38137649307702348)
 (-0.90534419461689652,-0.96477584402596495)
 (0.98636207583877689,-1.0235990312094616)
 (0.35427079612255064,1.0763138518135584)
 (1.1196769361162153,-0.94695313726380503)
 (-0.34700056516488897,0.24841825843233289)
 (0.24768672293263999,0.30689333507631944)
 (-0.28975836945871614,-0.23967281746064928)
 (-0.99902976742783534,-0.37710598008076529)
 (0.40029354923708027,-0.26615115658555261)
 (0.93308279342733091,-0.38460970985303433)
 (-0.9295250612925372,-0.93097989640925849)
 (-1.0291217746931052,-0.35587883304378659)
 (-0.97806547370618013,0.33874280584797162)
 (0.96882964735762345,-0.39027510349192751)
 (0.99265015980699678,0.8500746046387988)
 (-0.92682574865912615,0.94544616678680282)
 (-0.28095780668569292,0.33987818943565989)
 (0.30443028090844582,-0.45850557879369214)
 (1.0193185065867529,0.37001844718521881)
 (-0.87748296969974304,0.22751336677423836)
 (0.96037054050797921,0.29007471922849282)
 (-0.33130529510605883,-0.20911842609501938)
 (0.98782271543317501,-0.30674893920806667)
 (0.33611219882980614,0.39831982656951265)
 (0.98776518800306157,0.93516580623590906)
 (0.31666128847258007,0.84302474307021513)
 (0.28507511176927197,-0.94548036004336289)
 (1.0324516675526019,0.37690931030851471)
 (-0.88792651631437358,0.92038779398582571)
 (0.27650278670870537,-0.38414944270240825)
 (-0.95531297446849084,0.89133286591759964)
 (-0.91538167646269109,-0.20277095582955484)
 (-0.95532997888914895,0.29222049890226143)
 (-0.32971799416633307,0.96230283644098258)
 (-1.0582684619414844,-0.39486043191213127)
 (-1.051216512812575,0.84972962856584433)
 (-0.46887874420421982,-0.33431013298925227)
 (-0.37357473044985606,-0.97094378133711789)
 (-0.36851261917044809,-0.97966452762941414)
 (0.99970227847970161,0.39823796208338008)
 (-0.27195108958019087,-0.89661505844572187)
 (1.1037996097451885,-0.33202745453902999)
 (-0.93969999105697843,-1.0347295632865128)
 (-0.1918402549884112,0.31845057465562909)
 (0.90135167656214832,0.93584366956847642)
 (-0.26164843658219145,1.0139580854573349)
 (-0.97539376744621775,-0.25445389432374793)
 (-0.90095712304551856,-0.97729170465577142)
 (-0.99391124830127586,0.93360977081778307)
 (0.19262442856926243,0.93019721785301068)
 (0.94504909439583695,-0.2236198412174944)
 (-0.26783904373799494,0.95048621050312831)
 (0.94900657069158356,-0.25026266766211147)
 (-0.24289079723347379,1.0497674694297512)
 (0.36925607009413774,-0.90685399920052934)
 (-0.34955666049112943,-1.0019525614278675)
 (-0.34127493063133807,-0.38090190575487248)
 (0.97773481787754291,-1.0419357405134853)
 (0.93940827977081121,-0.28431362493228418)
 (-0.28020211622436841,0.36041774149612615)
 (0.16336851019687781,-1.0572302852200754)
 (0.31470024395213592,0.31719118050329431)
 (0.88276382979635271,0.27222417311676023)
 (0.99079723178959855,0.96733088678363788)
 (-0.93331272078627237,-0.8722717319349842)
 (1.0637277391779751,0.86599124599211397)
 (0.98030640980744699,1.0184161547993724)
 (1.0359220281249026,0.29535533716845219)
 (-0.97482382462614581,0.89157863663060377)
 (-0.96735342236246957,0.88845253017711201)
