# Created by Octave 8.4.0, Thu Dec 11 09:47:22 2025 IST <gamana@Samsung>
# name: clean
# type: complex matrix
# rows: 2048
# columns: 1
 (-0.31828587200777025,-0.31828587200777025)
 (0.31828587200777025,0.31828587200777025)
 (-0.95485761602331087,0.95485761602331087)
 (0.95485761602331087,-0.95485761602331087)
 (-0.95485761602331087,0.95485761602331087)
 (0.31828587200777025,-0.31828587200777025)
 (0.31828587200777025,0.31828587200777025)
 (0.31828587200777025,-0.95485761602331087)
 (0.95485761602331087,0.31828587200777025)
 (0.31828587200777025,0.95485761602331087)
 (-0.31828587200777025,0.31828587200777025)
 (-0.95485761602331087,0.95485761602331087)
 (0.31828587200777025,0.95485761602331087)
 (0.95485761602331087,-0.95485761602331087)
 (0.31828587200777025,0.95485761602331087)
 (0.95485761602331087,0.31828587200777025)
 (-0.31828587200777025,0.31828587200777025)
 (0.95485761602331087,-0.95485761602331087)
 (-0.31828587200777025,0.95485761602331087)
 (0.31828587200777025,0.31828587200777025)
 (-0.95485761602331087,0.31828587200777025)
 (0.31828587200777025,-0.95485761602331087)
 (0.95485761602331087,0.95485761602331087)
 (0.31828587200777025,0.95485761602331087)
 (-0.31828587200777025,-0.95485761602331087)
 (0.31828587200777025,-0.95485761602331087)
 (-0.31828587200777025,0.95485761602331087)
 (-0.95485761602331087,-0.95485761602331087)
 (-0.95485761602331087,0.95485761602331087)
 (-0.31828587200777025,-0.31828587200777025)
 (-0.31828587200777025,0.31828587200777025)
 (0.31828587200777025,0.95485761602331087)
 (0.31828587200777025,0.31828587200777025)
 (-0.95485761602331087,-0.95485761602331087)
 (-0.31828587200777025,0.31828587200777025)
 (-0.95485761602331087,0.31828587200777025)
 (-0.31828587200777025,0.31828587200777025)
 (-0.31828587200777025,0.31828587200777025)
 (-0.31828587200777025,0.95485761602331087)
 (-0.31828587200777025,0.95485761602331087)
 (0.31828587200777025,0.31828587200777025)
 (0.31828587200777025,0.31828587200777025)
 (-0.95485761602331087,0.31828587200777025)
 (-0.95485761602331087,0.95485761602331087)
 (0.95485761602331087,-0.31828587200777025)
 (-0.95485761602331087,-0.31828587200777025)
 (-0.31828587200777025,0.95485761602331087)
 (0.95485761602331087,-0.31828587200777025)
 (0.31828587200777025,0.31828587200777025)
 (0.31828587200777025,0.95485761602331087)
 (-0.95485761602331087,-0.31828587200777025)
 (0.95485761602331087,-0.31828587200777025)
 (-0.31828587200777025,0.31828587200777025)
 (-0.95485761602331087,-0.95485761602331087)
 (-0.95485761602331087,0.95485761602331087)
 (0.95485761602331087,-0.31828587200777025)
 (-0.95485761602331087,0.95485761602331087)
 (0.95485761602331087,-0.95485761602331087)
 (0.95485761602331087,-0.31828587200777025)
 (0.95485761602331087,-0.95485761602331087)
 (0.95485761602331087,-0.31828587200777025)
 (0.95485761602331087,0.95485761602331087)
 (-0.95485761602331087,-0.95485761602331087)
 (0.95485761602331087,0.31828587200777025)
 (0.31828587200777025,0.95485761602331087)
 (-0.31828587200777025,-0.31828587200777025)
 (-0.95485761602331087,-0.31828587200777025)
 (-0.95485761602331087,-0.95485761602331087)
 (-0.31828587200777025,-0.95485761602331087)
 (0.31828587200777025,0.95485761602331087)
 (-0.31828587200777025,-0.31828587200777025)
 (-0.31828587200777025,0.31828587200777025)
 (0.95485761602331087,-0.95485761602331087)
 (0.95485761602331087,0.31828587200777025)
 (-0.31828587200777025,-0.31828587200777025)
 (0.31828587200777025,-0.31828587200777025)
 (0.95485761602331087,-0.95485761602331087)
 (-0.95485761602331087,0.31828587200777025)
 (0.95485761602331087,0.31828587200777025)
 (-0.31828587200777025,-0.95485761602331087)
 (-0.95485761602331087,0.95485761602331087)
 (-0.31828587200777025,-0.95485761602331087)
 (-0.95485761602331087,0.95485761602331087)
 (-0.31828587200777025,-0.31828587200777025)
 (-0.31828587200777025,0.31828587200777025)
 (-0.95485761602331087,0.95485761602331087)
 (0.31828587200777025,0.31828587200777025)
 (0.31828587200777025,-0.95485761602331087)
 (0.31828587200777025,0.31828587200777025)
 (0.95485761602331087,-0.95485761602331087)
 (-0.31828587200777025,0.31828587200777025)
 (0.95485761602331087,0.95485761602331087)
 (0.95485761602331087,-0.31828587200777025)
 (0.95485761602331087,-0.31828587200777025)
 (0.95485761602331087,0.95485761602331087)
 (-0.95485761602331087,-0.31828587200777025)
 (-0.95485761602331087,0.95485761602331087)
 (0.95485761602331087,-0.31828587200777025)
 (-0.31828587200777025,0.95485761602331087)
 (-0.31828587200777025,0.95485761602331087)
 (-0.31828587200777025,-0.31828587200777025)
 (-0.95485761602331087,-0.31828587200777025)
 (0.95485761602331087,-0.95485761602331087)
 (-0.31828587200777025,0.31828587200777025)
 (0.31828587200777025,-0.95485761602331087)
 (0.95485761602331087,-0.95485761602331087)
 (-0.31828587200777025,0.31828587200777025)
 (0.31828587200777025,-0.95485761602331087)
 (0.31828587200777025,0.31828587200777025)
 (0.31828587200777025,0.31828587200777025)
 (0.95485761602331087,-0.95485761602331087)
 (0.31828587200777025,0.95485761602331087)
 (0.95485761602331087,0.95485761602331087)
 (0.31828587200777025,0.95485761602331087)
 (-0.31828587200777025,-0.95485761602331087)
 (-0.31828587200777025,0.31828587200777025)
 (0.31828587200777025,0.95485761602331087)
 (0.31828587200777025,0.31828587200777025)
 (-0.95485761602331087,0.95485761602331087)
 (0.31828587200777025,0.95485761602331087)
 (-0.95485761602331087,-0.31828587200777025)
 (0.31828587200777025,-0.95485761602331087)
 (0.31828587200777025,0.31828587200777025)
 (-0.31828587200777025,-0.95485761602331087)
 (-0.31828587200777025,0.95485761602331087)
 (-0.31828587200777025,-0.31828587200777025)
 (-0.95485761602331087,-0.95485761602331087)
 (0.95485761602331087,0.31828587200777025)
 (0.31828587200777025,0.95485761602331087)
 (0.31828587200777025,0.95485761602331087)
 (-0.95485761602331087,0.95485761602331087)
 (-0.31828587200777025,0.31828587200777025)
 (0.95485761602331087,-0.95485761602331087)
 (0.31828587200777025,-0.95485761602331087)
 (0.95485761602331087,-0.31828587200777025)
 (-0.31828587200777025,-0.95485761602331087)
 (0.95485761602331087,-0.31828587200777025)
 (-0.31828587200777025,-0.95485761602331087)
 (-0.31828587200777025,-0.95485761602331087)
 (0.95485761602331087,-0.95485761602331087)
 (0.95485761602331087,0.31828587200777025)
 (0.31828587200777025,0.95485761602331087)
 (-0.31828587200777025,-0.31828587200777025)
 (0.95485761602331087,0.95485761602331087)
 (-0.31828587200777025,0.95485761602331087)
 (-0.95485761602331087,-0.31828587200777025)
 (-0.95485761602331087,0.95485761602331087)
 (0.31828587200777025,-0.31828587200777025)
 (0.31828587200777025,-0.31828587200777025)
 (0.31828587200777025,-0.31828587200777025)
 (-0.95485761602331087,-0.31828587200777025)
 (0.95485761602331087,-0.31828587200777025)
 (-0.31828587200777025,0.31828587200777025)
 (-0.95485761602331087,0.31828587200777025)
 (-0.95485761602331087,0.31828587200777025)
 (-0.95485761602331087,0.95485761602331087)
 (-0.95485761602331087,-0.31828587200777025)
 (0.31828587200777025,0.31828587200777025)
 (0.95485761602331087,0.95485761602331087)
 (-0.95485761602331087,-0.31828587200777025)
 (-0.95485761602331087,-0.31828587200777025)
 (-0.31828587200777025,0.31828587200777025)
 (-0.31828587200777025,0.31828587200777025)
 (0.31828587200777025,-0.95485761602331087)
 (-0.31828587200777025,-0.95485761602331087)
 (0.95485761602331087,-0.95485761602331087)
 (0.95485761602331087,0.31828587200777025)
 (-0.31828587200777025,0.95485761602331087)
 (0.95485761602331087,0.95485761602331087)
 (0.95485761602331087,0.95485761602331087)
 (0.31828587200777025,0.95485761602331087)
 (-0.31828587200777025,-0.95485761602331087)
 (0.95485761602331087,0.31828587200777025)
 (0.95485761602331087,0.95485761602331087)
 (0.31828587200777025,-0.31828587200777025)
 (0.31828587200777025,0.31828587200777025)
 (0.95485761602331087,-0.95485761602331087)
 (0.95485761602331087,-0.95485761602331087)
 (0.31828587200777025,0.31828587200777025)
