# Created by Octave 8.4.0, Thu Dec 11 09:47:22 2025 IST <gamana@Samsung>
# name: rayl
# type: complex matrix
# rows: 2048
# columns: 1
 (-0.14850177758342081,-0.30328308809318233)
 (0.41406203893610477,-0.52949412364380644)
 (-0.59470200145271312,1.6467265395776838)
 (-0.015787276921683385,-0.37918140413076495)
 (0.48369997360073619,1.2951906845249823)
 (0.15447411267399783,-0.09737229659659935)
 (-0.6001743942595098,0.6018666651252349)
 (-0.12338689154951135,0.02790283642767586)
 (0.0052911675224692027,-0.0411665285554913)
 (0.21997700439433107,-0.011180388015063103)
 (-0.99694468959429827,-1.0153959631547456)
 (-1.0002772753977323,0.13226915143134332)
 (0.15393549790125835,0.064702271976206482)
 (0.71065781730414357,-0.60163101534489061)
 (0.72000574403196604,-1.2664075169892035)
 (0.68878954373073109,0.35468616924333896)
 (-0.66552195631644007,0.7001467197596547)
 (0.18773183088441178,-0.84313977369277338)
 (-0.60486111089273575,-0.49525038570140945)
 (0.094123446223921742,-0.2946538225367793)
 (-0.18277728582414221,-0.81235088559795054)
 (1.1698736118191762,-0.063027478507955759)
 (0.1230649265504779,-0.62238491654596451)
 (-0.36194130515104928,1.3188913066008139)
 (0.31601897990343036,0.097029781621895225)
 (0.17938450495972758,0.14752160981090345)
 (0.18022094839049557,1.6493913026448224)
 (0.024508386196674468,-0.1486826169804519)
 (2.0836747660406236,-0.013969867001047853)
 (-0.32735770318247981,-1.6734552216250225)
 (-0.63500367606525721,0.13001750546992996)
 (0.34626859724263825,0.19199332559365123)
 (0.25031455689503063,-0.04109056355998747)
 (-0.38736185538319334,-0.0068464475019782561)
 (1.0190679463831405,0.62486231763047362)
 (-0.57216287342999383,-0.58699541854428328)
 (0.85802198826528397,-0.15024234954833254)
 (0.097660648256160415,0.4594454959872275)
 (-0.24849538598831911,-0.10092905574703342)
 (0.42878268841677364,0.17064399440431494)
 (-0.024287883008551246,0.14407491180685947)
 (1.5707087762719767,0.23525558872610219)
 (-0.13385471313138264,-1.0265201011954235)
 (0.72289312460607402,-0.59013775944202085)
 (-0.0096582666676766175,0.058768962422898016)
 (-0.98990803992423682,0.74671008585984833)
 (-0.84359851923153117,0.45279856711433775)
 (-0.21100400082352991,0.62206737891701913)
 (1.7091410794502311,0.70036485247138791)
 (0.33883278283816354,0.58327495025738219)
 (0.05212808635840871,0.55525817539238176)
 (-0.12402199928044721,-0.82227077261740544)
 (-0.38844278460233278,-0.10982608723251125)
 (-0.036334860390085211,0.9167784812267068)
 (1.2535241473006693,1.0853220712325373)
 (-0.015389480634554052,0.20598078576150683)
 (-0.3869610146998424,0.97935056790177821)
 (0.7838961962772677,-0.083662739765630767)
 (-0.059008441628275121,-0.6861558522697786)
 (-0.63207405520930848,-0.42436220962319687)
 (-2.071418962601848,0.11949892071135515)
 (-0.09675269625972778,0.071600792298069441)
 (1.1552141210222431,0.75998383658402013)
 (-0.60757973087092798,-0.26898469128638725)
 (0.55429805612501726,-1.236598023799528)
 (-0.37123790992119832,-0.33197506063322657)
 (0.12753564655642136,-0.35600999780689702)
 (0.97882760201129815,-0.041262596842104871)
 (0.065051335213917705,1.1040142529374466)
 (-1.3737963669533548,3.6267440768753043)
 (-0.0052043803456999146,-0.1119570751325393)
 (-0.22568403384080321,0.12742135823255663)
 (-0.3360024343688775,-1.039020477944796)
 (0.86711722805383629,-0.4790064909220032)
 (-1.378511004178627,-0.49127980239971186)
 (-0.82081488377535528,0.47304793669422507)
 (0.087835514660923375,-0.78808387464591023)
 (-1.5852479307154321,-0.50661920567377761)
 (0.50544098686872607,-0.24530341295893543)
 (-0.043795827692852118,-0.75618009035706224)
 (0.20209627043124459,0.041730433970793047)
 (0.98518279669626874,-0.3012676611798773)
 (-0.6753844640422757,-1.4474023230498085)
 (1.0499970408541039,-0.098730484709999705)
 (-1.2171423986518766,0.5046636080041107)
 (-0.15377914179156438,0.60103379173715088)
 (-1.7544307961814603,0.31455712406370417)
 (-0.18898266441355108,0.48003856452256322)
 (-2.2211738443887503,0.06888745312783251)
 (0.7801402254091081,-0.44006147272966378)
 (-1.9314788727855319,-1.896471838762454)
 (-0.5200334760940476,-0.80357913758357324)
 (-0.33437880898042771,0.19613849220155877)
 (-0.063317702358609174,1.0744267069624984)
 (0.22640433420159337,-0.11494838863418558)
 (0.63824160842655109,0.21025418773082816)
 (0.38635687454087797,0.1852082948690344)
 (0.76725411289996925,0.1160426798489676)
 (-0.52056036916764403,-0.81910770049589754)
 (0.90437550134392564,0.13057265864947781)
 (-0.93412004388735759,-1.0809595284039335)
 (0.23587925881019395,0.046808473374350915)
 (0.50139091779069378,-0.50442227408949203)
 (-0.26373934707876268,0.31361328157152984)
 (-0.43072655212614941,0.53896802535486155)
 (-0.30296004618458044,-0.32274506575488154)
 (0.34890360538920712,0.7792065537688988)
 (0.39175117394697523,0.20113746518095527)
 (0.088854717240718417,0.33124384293740772)
 (0.15676165807286846,0.33760926557932813)
 (0.38448584556613602,-1.0459459020851789)
 (0.35059421405449898,0.071949208328324549)
 (-1.0988154863300381,-0.1441262979392173)
 (0.53986879735575688,0.57312914591771935)
 (0.6431300367924252,0.15125128512010308)
 (0.68103824709738481,0.11498276226401755)
 (-0.41040575528036338,-0.13114528404457618)
 (0.34305828545495004,0.020424048274989628)
 (0.29801244465511223,0.30792982296254923)
 (-0.34168323654327659,-0.56297348485078402)
 (-0.021361852592502589,-0.14593965182683924)
 (-0.32928837146642376,0.11154787146978855)
 (1.0039584815472378,-0.36621833377607871)
 (0.65166655031475285,-0.64169464057774217)
 (0.99605202160300776,0.71280514655182192)
 (0.77897512629776888,-0.20177357238172744)
 (0.28677687751165493,0.085747887852970744)
 (-0.88353074561418543,1.0007107968731368)
 (-0.29416029357114315,-0.28458458405631576)
 (-0.72370400979517813,1.0432666118657761)
 (-0.73347853338605873,-0.96243503067290581)
 (0.1089863929193928,-0.97776550960637787)
 (0.33175098681035986,0.3900224999364636)
 (-1.0641753471497069,-0.47159106306642407)
 (0.97201518730243552,-0.94976829553867492)
 (0.10646259006958392,-0.34572689800753148)
 (-0.064874980093533804,-0.21191906682311437)
 (0.43019602549645652,1.8088116528092613)
 (0.47011112428751106,0.53231099683859862)
 (-0.75530496988443063,-0.48143599453740871)
 (-0.99362039853979267,0.62992568132620241)
 (0.40025395753187099,0.21876710594556939)
 (0.077482688264945282,0.2374090947586884)
 (0.14397640588293745,0.62219885828363775)
 (0.75412317657683015,-1.8934508464152096)
 (0.13553065025510252,-0.26347524238236847)
 (-1.2191625353969346,-0.65558697203977911)
 (0.24984643063987755,1.1858235600836524)
 (-0.45156787125222642,-0.08020457346422194)
 (-1.8911399129099644,-1.4052046726990071)
 (1.1599265401097136,-0.50565906514538717)
 (0.019494273501679454,-0.28627454341470537)
 (-0.22927309173193847,-0.18368455276599385)
 (0.95912999033252722,1.1227539148925907)
 (1.1795612134757409,0.94308321098949732)
 (0.14964796700595789,-0.096027879843676861)
 (-0.63906753509547443,-0.15157073560927775)
 (0.17221374756091851,-0.84950531029349285)
 (-1.0027780575692593,0.1700700391696861)
 (-0.034941162615638954,0.33581463746160828)
 (0.16866629632563893,0.34700468962766501)
 (0.34725906359682884,0.11762360426366064)
 (-0.43767812987979521,0.62679797104455059)
 (0.2794698681285519,0.63020127574043405)
 (-0.51125598205591938,-1.2380196444865241)
 (0.24152446692942578,0.48256088832953242)
 (0.75006894397290036,-0.75989305706449917)
 (-1.6358024241828815,0.59245654825263849)
 (-0.030878706295746294,-0.36208861776655721)
 (0.4730150082563982,0.70120154580216165)
 (-1.3028111211184759,-0.13414181948048431)
 (-0.78163700945121928,-1.5867676070011139)
 (0.17138015918903018,0.037226514889238844)
 (-0.018045379087383698,0.36848929800370372)
 (0.15223393623083517,-0.49351589614117908)
 (0.28730978750603942,0.3146415779051247)
 (-0.085766367705068763,-0.153718115643947)
 (-0.57835198958647993,-0.80716903665139139)
 (0.043580837786327375,-0.35170559179425215)
