# Created by Octave 8.4.0, Thu Dec 11 09:47:22 2025 IST <gamana@Samsung>
# name: awgn20
# type: complex matrix
# rows: 2048
# columns: 1
 (0.34425451944562069,-0.32892845008416494)
 (-0.32332848599565578,-0.27152878001913866)
 (-0.96197286274348459,0.32490399729473218)
 (-0.28077877890121294,-0.90721128894328229)
 (0.3655896179468669,0.26315110596561142)
 (0.88400288255411019,0.39055218650209106)
 (-0.25296730464943512,0.12410658653046419)
 (-0.33708791421687689,-0.43412827923570446)
 (0.9002437986840135,-0.29911044333201131)
 (-0.43269937461229835,1.0310197404112698)
 (-0.24255311375943689,-0.89370003743440285)
 (-0.33564276896863082,-0.36298013427947606)
 (-0.34825077134734289,-0.32404330635333845)
 (-0.26732282161526733,-0.40183328616865832)
 (-0.26992523306319605,-0.26596876233150502)
 (-0.9809686305136287,-0.33982190900118625)
 (-0.42194390393017434,0.98247444962272457)
 (-0.3111049264150314,-0.39185555643438519)
 (-0.90579517042177471,-0.99714773998303896)
 (0.24388282938419895,0.4001267301729009)
 (-1.0008113427110321,-0.85421446822141323)
 (0.22087447430892543,0.89007470112161902)
 (-0.35816906912824426,0.25471478067287834)
 (-0.1775624685766842,-0.35464382067528372)
 (-0.30431654028484617,-0.79466131097390691)
 (0.78234083033484203,0.88654607003145658)
 (-0.23159527875031999,-0.96734407442450676)
 (-0.9434211218785683,0.9413914230141055)
 (0.27534354138485773,0.984042471051504)
 (-0.41495829331500883,0.89499755798540814)
 (-0.26922022270171764,0.25664511635005577)
 (-0.39287839208248099,-1.043919207605698)
 (-0.98879261829188025,1.0035635265037872)
 (-0.93566699174769208,-0.96322866896387827)
 (0.97006066908065269,-0.27584764627994873)
 (1.0217462392290417,0.44794689027694767)
 (0.21200457266792536,0.88797285464108289)
 (0.31240984477009232,-0.83550271085057415)
 (-0.39175335040696624,-0.89420277839284834)
 (-0.97435539882587885,0.35394958405302424)
 (-0.33332837035983787,-0.2042203911508445)
 (0.44939443835942394,-0.76564924768537446)
 (-0.25059011962641697,-0.84399549848962396)
 (-0.99173271274634489,-0.94843168085674145)
 (0.33040143699796498,0.36144799039365116)
 (-0.99190727024385839,-1.0153214947809517)
 (0.84842202552646273,1.0308871365989576)
 (-1.0375483771058247,-0.81232191319325164)
 (-0.9301555819123335,0.93098156824565859)
 (0.96217219376688201,0.95385293857238018)
 (1.0413895752545592,0.29749708222427962)
 (-0.91126083276373493,-0.91321578002035264)
 (-0.29145738460270726,-0.89408086942487797)
 (-0.42847915842310041,-0.8673576095815646)
 (-0.84328798686130524,-0.33661799741667575)
 (-0.85157362685634874,0.94354566673568385)
 (0.2897532103665148,0.30773777973397953)
 (-0.12712363152512199,-0.93373108168140506)
 (0.94445243267612133,-0.85099948633512168)
 (0.95844197723842806,0.34170724058478985)
 (0.22690093901068822,0.93113427932536807)
 (0.42706134731066558,-1.0156534279921263)
 (1.055027756365831,-0.88700883465545766)
 (0.34622451871787102,-0.92443894519982162)
 (0.8707687530121081,-0.32566843051985001)
 (1.0437021727768272,0.37067199967058151)
 (-1.036229847603948,-0.98162074988803849)
 (0.19843404923959523,0.85592548094470466)
 (0.82891254824230842,0.1816781787715912)
 (0.26474983299206489,-0.45677627295200429)
 (-1.0093822465591664,-0.11503445013494451)
 (-1.0300787728599239,0.23488100741425816)
 (0.44413123854854131,0.94613625815975344)
 (-0.91549403248761485,1.0667398937931201)
 (-0.89376448525602026,-0.34954309948849938)
 (-1.0481419927013447,0.26463412705103839)
 (0.23876112500082852,0.94155463012553164)
 (0.97207452108801307,1.1134485455883953)
 (-0.30635519052630822,-0.9278321481885996)
 (-0.94645298024442792,0.79129954152329518)
 (0.39696611398872605,0.34157749965331086)
 (-0.36169122079612126,0.28454468035209191)
 (0.24124113742394049,-0.25692434931265967)
 (0.30498401757123644,0.86384758868888378)
 (0.2955375589125635,-0.96636873594790984)
 (-0.99602263160562887,-0.95840851097440816)
 (-0.2734557677593733,-1.0343176657253479)
 (1.0289531080834593,-1.0924413352265601)
 (0.19557649173233155,-0.3761864755920829)
 (0.94307136415926329,-0.34437541831596863)
 (-0.95154072612373419,0.1865758607464908)
 (-0.83307097453326229,-0.27825843535112099)
 (0.90452592403937138,-1.0147166484405095)
 (-0.97384706478669825,-0.95671722528331871)
 (0.89789772326395245,-0.40697694304047355)
 (0.17022443662410161,-1.0857820668089029)
 (-0.37751233763614739,0.30237651765629081)
 (-1.0349873404090009,0.80918150326221983)
 (0.95342824265594395,-1.0094915022113184)
 (-0.98083382573954092,-0.39433679554001999)
 (0.87010310434735882,-0.84413207948297031)
 (-0.84124713504105664,0.31753181016646403)
 (-0.95064876069475857,-0.28237408169064282)
 (-0.83618523127436517,-0.42169157704285692)
 (0.88033674733973832,-0.22121109652016302)
 (-0.85849408267763438,-0.34982520370723086)
 (-0.32747024560977167,-0.98439279925895451)
 (0.91971301744782263,0.35330990941737628)
 (0.93960247115462669,-0.89505043560189901)
 (-0.86109797528779186,0.30248301304931119)
 (-1.0095662399732468,-0.91352428590862678)
 (-0.89009461985368432,0.34132627610638433)
 (0.94997286290485838,0.23902278193362581)
 (0.3780096010544779,-0.37484834358678037)
 (-1.0407541847783359,0.25369955422496304)
 (0.91692572929158123,0.3549337668090965)
 (-0.94869458892965863,0.95401402435002525)
 (-0.40253555402416363,-0.23641586345444893)
 (-0.89506800012555965,0.94876271501346243)
 (-0.88365949887451622,-0.28668922658434309)
 (0.3707091665597218,0.34890061624651963)
 (-0.77889197518476705,-0.98485897538473066)
 (-0.99081045843396764,0.9418319419429434)
 (0.42784985725269964,0.87833375965014371)
 (0.35835660269091901,-0.85037541459880661)
 (-0.33563859569204341,-0.3730587500360214)
 (0.76585316447418095,-0.28821265453000156)
 (-0.30898342276173735,-0.27540725839240693)
 (0.83978939684385434,-0.28115189341481822)
 (-0.16092101056073266,0.35645860565260712)
 (-0.35056442736748833,0.38678131722054659)
 (-0.34093422925829125,-0.32421048643988187)
 (0.31562670143293919,0.38807725410601351)
 (-0.27932317440011001,-0.99472378161968056)
 (0.35718850210433439,-0.97641630277556735)
 (-0.87588315843281417,0.96102850517516947)
 (-0.19860258475457748,-0.26744416708277752)
 (1.0172220090649173,-0.30268283490339731)
 (-0.32770069837381743,-0.34309693395689816)
 (-1.0166158613257283,0.3193492857768272)
 (-1.0197353546830632,-0.20025953993819767)
 (0.39081513762210957,0.39800823776292998)
 (-0.96491018410914597,0.27279386066439038)
 (-0.20234976500191498,-0.95454535549688369)
 (1.0320569224559106,0.26996003799102414)
 (0.33476127657031302,-0.86572391059713372)
 (-0.29108008384241313,-0.96927168024630739)
 (-0.28470994513134357,-0.94133072909495263)
 (0.91654488029532233,-0.31098624177066597)
 (0.9749047880981504,0.27974875361108825)
 (-0.32903573676042314,0.35706993302229584)
 (-1.0137580872417655,-1.0009633614302931)
 (0.91079190204739147,-0.34672283801361914)
 (-0.29690237777871237,1.0651683884390015)
 (0.94609205118267781,0.94520315218566853)
 (0.38041158959555654,-0.9422513389550754)
 (0.99756155927362111,1.0007299067361561)
 (0.37278810334081791,0.97465319504580417)
 (1.0529306762692048,0.32240002207253582)
 (-0.37591221070342373,0.3040235111932193)
 (0.78299116422820125,0.16988251173817392)
 (-0.89237735650328276,0.43782051875428418)
 (0.32548805334312819,-0.96772638078959683)
 (-0.98681948139481568,0.13173407076523194)
 (0.20335737046360819,-0.2087316211065898)
 (1.0084086184937147,-0.86282353656745325)
 (-0.94893346538990186,-0.88823953465928984)
 (1.0520624336630395,0.40206762414670633)
 (0.34556857436805444,1.0115999862421345)
 (-0.99555967715508775,-0.25339354002189995)
 (0.87958046017133962,-1.0409107583704067)
 (-0.33733573884360823,0.30717363057665575)
 (0.30240940186301346,0.29453922233460889)
 (-0.29701220564380676,-0.49846255941324291)
 (0.13521696399074129,0.968628377981544)
 (-0.78097097618690869,-0.33226527643468762)
 (0.4007725302000375,-0.41246701494969973)
 (0.30617228095794524,-0.34111214350494756)
 (0.92452788334638925,-0.89455371544610085)
 (-0.31567486909334203,-0.96643642735099411)
