# Created by Octave 8.4.0, Thu Dec 11 09:47:22 2025 IST <gamana@Samsung>
# name: awgn20
# type: complex matrix
# rows: 2048
# columns: 1
 (-0.34678181232530642,0.46110109199154814)
 (-1.0369985684645839,0.47285007144329239)
 (1.0495126581380831,0.9990032378455882)
 (1.0026663045884887,0.86640794180744884)
 (-0.90806771711816436,0.33352883491658175)
 (0.34442891686302146,0.32034611528116796)
 (0.40335701380424904,0.88701755162446827)
 (-0.22231421223512399,0.34907555283424047)
 (0.28580790251961147,0.36403558377374273)
 (-0.92200295738924321,-0.31724489935083905)
 (0.89769165307111665,-0.30757555962991528)
 (-0.38264670657272787,0.88738966569622102)
 (0.73980418133183345,0.97726783110265236)
 (-0.40432992182995808,-1.0971008458319491)
 (-0.46652265778815583,-0.86894025951970977)
 (0.89631658005233628,1.128699711247164)
 (0.95676355254726486,-0.2702790105340464)
 (1.1023473492801721,-0.32760521534143539)
 (-1.0523356659090013,0.91576106101682453)
 (0.36564574775111591,-0.95385990585721891)
 (-0.42439272799210354,-0.9119613621135424)
 (0.30702659901148421,0.31372585873171061)
 (0.81514160957140136,-0.95046630101997265)
 (0.29709299202130335,0.95073199334401026)
 (0.86480729535157308,-0.20918771868399999)
 (-0.27817554398276423,-0.31885112159530482)
 (1.0503079494496157,0.99694417009734726)
 (-0.92755420838119984,0.21814285866413954)
 (0.296462380019271,0.92673990919023497)
 (1.0580537384891784,0.87828773138566674)
 (0.97458379225367364,-0.96975641641813071)
 (-0.30379575320248592,-1.0558231927182087)
 (-1.0489398717522749,-0.34527006666231402)
 (0.97306432810425514,0.35398206560573398)
 (0.92125709098090791,-0.88285077224374742)
 (-0.15894142476459572,0.38771298609367488)
 (-0.94566211024252822,-0.91067047796310374)
 (-0.87008016246725739,0.94694493087262122)
 (0.16756624400546075,-0.82985317840230011)
 (-1.0033376756788039,-0.28366181216988678)
 (-0.89278355472337945,0.28521056715948973)
 (0.33806800841614532,-1.0068971770256325)
 (-0.90488072004584708,-0.98991746249741475)
 (-0.96752987629737441,-0.2552471163273794)
 (0.97270227765026096,0.29761393589826118)
 (0.24515675280160373,-0.97735991968742908)
 (0.29726576901965091,-0.85319035703457624)
 (0.92059581609618424,-1.0013049341934035)
 (-0.26696756254141424,0.3828728878070724)
 (0.88781234374179463,0.92320595677705597)
 (-0.43219929314695671,0.33223516601527592)
 (-0.94167859112362085,-1.0050435768051023)
 (-0.30154291104400682,-0.89703233112135428)
 (-0.38516680508508711,0.34215094781746014)
 (-0.31198584877000285,0.34451442233215651)
 (-1.0280794152881765,0.90315748574332955)
 (0.98239816177735695,0.37285622266170776)
 (0.23731018221850828,0.94408734883842982)
 (0.40861018942440408,-0.43455202260259118)
 (0.25615817662087126,-0.27498300638490464)
 (-0.92157184844866302,-1.0302906406580414)
 (-0.91836800367061633,0.87837712651283029)
 (0.40417101436700131,-0.97248211428539777)
 (0.36426977011987327,0.96657115633221025)
 (-1.0001369596004603,-1.0184316810903753)
 (0.33180488561029414,0.98729977406301839)
 (0.93940043805574824,-0.93878232803282891)
 (-0.90883680257365873,1.0788763390667282)
 (-0.92709684539426385,1.0181128608598236)
 (0.37650003994850401,-0.24857327773689242)
 (-0.9862057735080596,-0.92010021588043245)
 (-0.30501634677294953,-0.25962761487433861)
 (0.36516302913759552,-0.91294132744039358)
 (0.28227225467507466,0.87257093383788864)
 (-0.97604370550866981,-1.0209109919208788)
 (-0.28344568677912069,-0.27290179617804111)
 (0.15074169070042892,0.21168303765611163)
 (0.87691548520879914,-0.36079226742004222)
 (0.99181314717406743,-0.22164883969115562)
 (0.87962176991900975,-0.29337460893280276)
 (0.44988082356857084,-0.97888267236382442)
 (-0.9870149622299329,1.0436401306321663)
 (1.1371436982687886,0.91206116936689985)
 (-0.97388288705078918,-0.2877154594347357)
 (-0.39738153410031951,0.26001222871845048)
 (-0.92308707507890531,1.0283152140508771)
 (-0.40491828610102326,0.4293184461211641)
 (-0.27209191301069174,-0.99202773470246397)
 (0.33327437357395284,0.37257606674055066)
 (0.27395467033036119,-0.47221891330144272)
 (-0.85708199210001612,0.25327708237975977)
 (-0.34992402943393192,-0.34946542582354506)
 (0.31735936857358477,0.27316495003084368)
 (-0.97217402456612778,0.30672624444659491)
 (-0.29480626140964111,1.0184141662352943)
 (0.2542109006692404,0.86464283812421894)
 (-0.9782595906790793,-1.0210103052397996)
 (-0.93704284647873703,-0.4216690694074528)
 (-0.97732563009624607,-0.33859564623049287)
 (0.21232282201816044,0.95159678631915223)
 (-0.1761354043517103,-0.50667276771338754)
 (-0.96153651069729518,-0.27797870941419639)
 (0.30588798768636771,0.32206560928360006)
 (-1.00285130194559,-0.38491889973275512)
 (0.28259076764920155,-0.38633761803325661)
 (0.19306098414919823,-0.32009294667793886)
 (-1.0200377736490753,0.83776866922332105)
 (-1.0128432565182555,-0.99617934770873184)
 (0.31921557676243079,-0.93743691850589728)
 (1.0692887388629495,0.35200616809509189)
 (0.85634623295099999,0.38789209078713016)
 (0.81299819446239241,-0.3194906801081186)
 (-0.98945796221757476,0.25735593052330336)
 (-1.0616314078965279,-0.34013278562104743)
 (-0.32730626843782173,-1.0308236514287947)
 (-0.92621032299151262,0.19792768727808047)
 (-0.30737187936012894,0.90361827101585668)
 (0.96008623683717731,0.88346434629388504)
 (-0.49886410649042212,0.34599095415468761)
 (-0.21124260967492864,0.2704766880826886)
 (0.42442246653487997,0.28792993806490713)
 (-0.31013413093948144,0.315115664125869)
 (-0.98774908255685889,1.0059771131692556)
 (0.39060084856845467,0.38500707428557263)
 (-0.89491562698943961,-0.26589350327331485)
 (-0.92580291618477073,-0.9188136135809849)
 (0.93809980481756117,-0.40177061743122289)
 (0.94981602398431464,-1.000347181462917)
 (1.0369744032026982,0.43681430370051177)
 (0.30844773702867756,-0.17524364276352525)
 (0.36239580957575446,1.0871535219200346)
 (-0.32684544339796862,-0.26510756561650117)
 (-0.32410872871874441,-1.0979878966211825)
 (-0.44747234265900648,-0.40451458304465854)
 (0.43731485168848921,0.99584900741862437)
 (-0.29695751210745597,0.9582293674471718)
 (0.95379690039268172,0.96206361483547187)
 (-0.28247037652111096,1.0066848614297395)
 (-0.31761493149985182,-0.36393444091599009)
 (-0.95837311607874887,-0.19740775366891383)
 (-0.95710110151509742,-0.88853195064773383)
 (0.27518242198183301,0.92815723615200518)
 (-0.23550129702522415,-0.28491026461334645)
 (-0.33614050428259401,0.97671841435839746)
 (-0.98593425890705244,-0.23889217158041151)
 (-0.3431370489890983,-0.22867273862467352)
 (-0.94729025136215361,0.29973382512300883)
 (1.0402855411610374,0.39907908398608416)
 (0.87455826680891768,1.0906884976994713)
 (-0.93830202173822941,0.37263763867253097)
 (-0.9702394280172032,-0.85144160022448467)
 (0.2917240463605465,0.42045307419105304)
 (-0.32864599634893166,-1.1380902291126374)
 (0.93063462494290428,1.0629860676025522)
 (0.40919388561098058,-0.25871741955471461)
 (-0.860937335351321,0.2908697452673043)
 (0.30520689624843927,0.9195371336293191)
 (-0.95854128535267458,-0.92157533913877132)
 (0.32411509885208561,-0.82298377002841006)
 (-1.0634882002860504,-0.28068169882019156)
 (-1.0386725204652685,-0.19059992368403042)
 (0.37496468540015826,-0.97578944118191258)
 (-0.33329918566773958,-1.030179643632674)
 (-0.94700270462322922,-1.0511184645479703)
 (1.0698913504862,-0.28632961821431113)
 (0.33976751839475816,-1.0064859238142896)
 (-0.91103085546252105,0.35509161964784175)
 (-0.26229045116823796,0.4249347908685599)
 (-0.32233849117562496,0.97053390197842115)
 (0.2821085305142782,-1.0381875310815931)
 (0.2981728491333614,-1.0163867379352385)
 (0.95993984692612344,0.26461555414379823)
 (-0.4010019979981756,-0.36462193239885199)
 (0.21848811447625363,0.31546979357691624)
 (-0.29793108864612688,0.93218448699024159)
 (0.22690424007955784,-0.20115989798442829)
 (-0.32230705763390971,-0.98360445980776823)
 (-0.31164737964020128,0.42046818617851855)
 (0.26223510521278875,0.95402373454600908)
 (0.30857682385169838,-0.24219481910277529)
