# Created by Octave 8.4.0, Thu Dec 11 09:47:22 2025 IST <gamana@Samsung>
# name: awgn20
# type: complex matrix
# rows: 2048
# columns: 1
 (-1.044170367300238,-0.29959907158697852)
 (0.24893269915633742,0.2721703320948351)
 (0.83486178427819313,-0.16944128634929584)
 (-1.0509350069383576,0.89386366718857602)
 (0.93161236884869414,-1.0707640871410131)
 (-0.34099588969574646,0.27632194661708265)
 (1.0238959231845954,-0.3159465286951203)
 (0.23233696575487151,0.94175589966234419)
 (-0.32080064434394912,0.98630268634720852)
 (-1.0376049206359645,-0.37128131554345772)
 (0.94430456529224582,-0.9331785409326756)
 (0.83354209803795953,0.42421539171997213)
 (0.94507105277133041,-1.021347534889159)
 (0.91143079013976902,-0.28650505159789103)
 (0.35451610233983494,-0.92221871845130643)
 (0.98717500177949313,0.98592620666112762)
 (-0.30332180249431745,-0.98914108207646279)
 (-0.97810021247764523,-0.9825144676560672)
 (0.37275738650623769,1.0051947747858223)
 (-0.47781648318123776,0.87634124948890013)
 (0.21839011385001245,-0.25093730016713323)
 (0.87359309263248863,-0.94018881703754154)
 (0.50472211765974606,0.9715803773005085)
 (-1.0497864318002321,0.33728941858877698)
 (-1.0105626799265865,0.3017182462261242)
 (-0.27474313485698321,-0.46739402076491254)
 (0.92958008898230993,-1.0028565080151581)
 (-0.90096261168653202,0.307843874449719)
 (0.94579072982706258,0.92302729551028428)
 (0.39586585059029888,0.96586313312996397)
 (-0.29010307701438992,0.25851438750478151)
 (-0.87459259014875346,-0.20366670016411154)
 (0.9893650420883463,0.44363500564293901)
 (0.34032269330201825,-0.89697336865269284)
 (-0.41049692812202565,0.32498521353004423)
 (0.88377385951866272,1.0845107468030544)
 (0.98805291184280863,-0.28470456581597159)
 (0.31443154196633444,-0.90772455560328302)
 (-0.88984313109544111,-0.95479869920437443)
 (0.40508990794581273,-0.98110630684197708)
 (-0.29897974337707517,0.31504911347902359)
 (0.26663941854649342,-0.95332924856793366)
 (-0.52062911170520809,1.0010951136783153)
 (0.97939786253101935,-1.0305069545625549)
 (-0.9304652627985992,0.90729166373046466)
 (0.89668827690400987,-1.0508444642368344)
 (0.22678904135839562,-0.44104071359200597)
 (-0.26466893127567143,0.23295529431269718)
 (-0.48596206748352594,-0.87336374884323043)
 (0.96419272863219241,0.92983884181717691)
 (0.37624458734556615,0.20092879319797857)
 (0.43842852765066587,-0.88779007788584885)
 (-0.321365970766883,0.47372690432169917)
 (0.97034569358962508,0.30608188300319961)
 (0.34877134635890139,-1.0072714728492036)
 (-1.0130166923788724,0.98157052303295556)
 (0.89249191453278209,0.39386508979769858)
 (-0.3359180314336076,-1.0373033622443562)
 (0.30791223064533857,-0.35119331778835639)
 (0.97964358695765807,0.42052753859302727)
 (-0.92372737240452418,-0.91699981553875742)
 (-1.0678375936874485,-1.0353748314585163)
 (0.27218559739531184,0.89048344726353901)
 (0.23879276521141221,-0.22409683034697117)
 (1.0434686636754584,0.99530531950310841)
 (-0.26646629333631094,0.44305277373309815)
 (-0.20630581019718069,0.36975568454675362)
 (-0.35703344527921399,-0.34594763090346975)
 (-0.26857692973115921,0.37927319899603018)
 (0.9329386061254813,0.39535005978158444)
 (0.85568038736073992,-0.95416032061459488)
 (0.9662354240740697,0.26550863691399168)
 (1.0256719079791237,-0.94096015564608204)
 (0.93983386505634503,0.35870749533532514)
 (0.84012453897326567,-1.0149521547655118)
 (1.0039372093154491,-0.3460268936418302)
 (1.0415993922840534,0.27556363177401821)
 (-0.30959085058601576,0.21822801229364686)
 (1.0291082943113243,-0.32584158316609024)
 (0.99084246402798004,-0.95512226166020509)
 (-0.94450496714856613,0.32731057473851566)
 (-0.95316290642260781,0.82353605093206328)
 (0.38738833888684687,-0.22223416323144021)
 (0.86069528390019157,-0.9902866122159365)
 (1.0234354507569876,0.20481282261497702)
 (-0.9886386295959797,0.15255380581364469)
 (0.24822867054824355,-0.36637101300385921)
 (0.84954522805908239,-0.29112829914780697)
 (-0.26424238650086818,0.94331574396940843)
 (-0.90588814901143533,-0.88254206837686111)
 (0.33161802536133778,0.32751576444463548)
 (-1.0504349163641244,-0.28100032826924559)
 (-0.26998159377237774,0.91511709932955221)
 (-0.95212212649201144,0.38965154428653287)
 (-0.36449910964283871,0.98738801361586181)
 (0.95062838574604702,-0.40306649651379922)
 (-1.0390012704568918,0.96752806363869903)
 (-0.88270064825518402,-0.25216786733150637)
 (0.26477196477989706,-0.99475466514370303)
 (0.78757207949081931,0.2410050460825312)
 (-0.23390275486266771,0.99703055776832938)
 (-0.9304720196243812,0.86961945792053374)
 (0.92072090178134236,-0.92232386752292062)
 (-0.3385131540739143,0.96982491075825683)
 (0.9455937603677238,0.35654577962534267)
 (0.35713433263138938,0.97370042432583581)
 (0.24143201471237047,-0.31683262203292872)
 (0.45201640694637191,-0.87629847420940588)
 (0.32798914681122349,0.34540477669685155)
 (-0.83387162420120531,0.45806541362963382)
 (1.0054227223462844,-0.33839868473143286)
 (-0.96478193445809235,-0.22613670771149652)
 (-0.25686088313369088,-0.97414185131377373)
 (0.21224603617684823,0.91261726880117433)
 (0.42972813032431662,0.97086578985252481)
 (0.9827496940002286,1.059895422989835)
 (-0.31218062128820601,1.1291917178317035)
 (0.33800534323092624,0.42834920052944797)
 (-1.0160206011354993,-0.960400093995741)
 (0.30105432146531369,0.95077743526282121)
 (-0.30984261479806324,-0.40014682684740288)
 (-0.32483844242520321,0.27187073793734334)
 (0.36095040387068744,-0.796738921674221)
 (-0.44037850487377322,-0.31448565595999328)
 (-0.25168398486431864,0.28165559417739061)
 (0.34029968368604302,0.3390670381130983)
 (-0.898755115716246,0.8560085285392327)
 (0.869860001362457,-0.91152673401826112)
 (0.2973428555740798,0.91725823507534732)
 (-0.8808603772242467,-0.93701098916696057)
 (-0.236372526223353,-0.31533400568355452)
 (0.29342327238583615,0.89745634058294321)
 (-0.35019207526022234,-0.33196220016673167)
 (-1.0312287732930534,0.82522786538387138)
 (0.30737173376312882,0.98534468424337396)
 (0.43205461182427063,0.90925770611941081)
 (0.35795949969016938,0.86561312801841428)
 (-0.92634371298559937,0.9714234972188881)
 (-0.26349328874983319,-0.16190841566060049)
 (0.93457184244117331,-0.32928064286953196)
 (-1.093236427480718,1.0401571649955057)
 (0.28900920248173029,-0.41220104405002767)
 (0.91315782045687233,0.92062953987221985)
 (-0.9684554297642034,0.88889642533706004)
 (-0.91662768985980558,-0.38833841345111347)
 (-0.31821580278042272,-1.0662409604721488)
 (-0.91124266450644509,-0.37159109965251752)
 (0.91176005928083603,-0.9480699859674645)
 (1.0521221918371393,0.94156926123410256)
 (-0.33103998903781851,-0.89745832259603331)
 (-1.0002228864213123,0.30831918436078776)
 (-0.21255542971947322,-0.46594643886819836)
 (-0.44773820101846618,-0.88781365210983521)
 (-0.3759279953210411,-0.35297925230702354)
 (-0.82054727203635358,0.2819170951560841)
 (0.34968823085153589,0.99503643413080189)
 (-0.88411185206554321,0.33902620630626706)
 (-0.23767481214307867,0.37856761333018418)
 (0.99135247932439308,1.0782733384581511)
 (0.97186984914851138,-0.881388889543951)
 (0.51628208534261499,-0.98539175224185782)
 (0.80591262087506255,0.24988795324201424)
 (1.0325072755911882,0.28863531318140351)
 (0.19256418890824029,-0.99759626753925745)
 (1.118751151124673,-0.29375190313795063)
 (0.93263779213071174,1.0211500605724091)
 (0.29426262649050755,0.21938268386660703)
 (-1.0705808717847867,-1.0286930003126047)
 (0.89157983676825059,-0.44054256570921602)
 (-0.96957032417194711,-0.25862421464257285)
 (-0.9983242138795726,-1.0833015378205797)
 (0.23094531463526241,-0.98501227149234649)
 (0.276988451072466,-0.36366607252931893)
 (-0.91855829948969503,0.24289687086346501)
 (0.33513065532565095,1.0783880856440349)
 (-0.28763872493113368,-0.4368782334513)
 (0.4520589855098171,0.91703290675971494)
 (-0.852179936904786,0.90454932527626841)
 (-1.0214540502830689,0.19059798184464719)
 (-0.96508519637476331,-0.92523549091675528)
 (-0.34672875054475905,0.3941716960362564)
