# Created by Octave 8.4.0, Thu Dec 11 09:47:22 2025 IST <gamana@Samsung>
# name: rician
# type: complex matrix
# rows: 2048
# columns: 1
 (0.56182076796335534,0.80808641950281679)
 (0.035852448398646791,-0.47535375356554921)
 (0.3131001120032626,-0.49978273791960298)
 (0.58546422468387338,-0.3086006251254183)
 (0.63441108535395974,0.33249183666184662)
 (-0.065339623630484178,-1.3391856606043193)
 (-0.71623850332414618,0.28240758599343357)
 (-0.47350255634200994,-1.0531854846956084)
 (0.71257179410035443,-0.030806420015790509)
 (0.26986865751468347,0.18525716388215938)
 (0.39132657541515309,-0.15660332601180954)
 (0.0040468586310972166,0.67962076566995167)
 (1.0348536043674703,0.63122905077877378)
 (-0.15878369451857616,-1.1434402010969105)
 (0.21877477484449798,-0.5674504750959708)
 (0.41014834368028841,0.41354146096468203)
 (-0.83038067690651285,-0.13522782819015183)
 (-0.0091456144454440946,-0.37272442924778476)
 (0.43430165880341226,0.27606795478964458)
 (-0.77553949082067419,0.94807368261879421)
 (0.30602293585463897,-0.42241748329743495)
 (0.28542780180943628,-0.36170661263586368)
 (0.83774055577807782,-0.61786303002499732)
 (0.46036746311555188,1.5204548133404192)
 (0.23626578015106758,-1.5615653846706636)
 (1.4764429937098251,0.30717505066613204)
 (1.4817196792911664,-0.39112193676191909)
 (0.0016840145153821651,-0.09817709347931905)
 (0.93205304553026302,0.51114481951144908)
 (-0.55417320963472838,0.067712274229179942)
 (-0.7756737838494201,-0.50909055532452308)
 (0.92921826486772263,-0.33419565549057217)
 (-1.1055071366239644,1.3397070889174723)
 (-1.0536127978430516,-0.4179699740166663)
 (0.99996676334900425,-0.18026198914840819)
 (-1.1420224595476274,-0.038797928052969333)
 (0.78256715359907281,-0.048568544968478455)
 (-0.17092210420273024,-0.37467345297866556)
 (1.0959020502441728,0.58046895726136138)
 (-1.9118974572340179,0.71803726909128829)
 (-0.83388792450625582,-0.37993729444134006)
 (0.1570458738462519,-0.5553070201263115)
 (-0.68136841649966329,0.7873098840225744)
 (0.38649692698360782,-0.31253173297315173)
 (0.45330911673507696,0.10411705315518258)
 (0.42722743614798331,-0.85109305161613791)
 (0.22312167423762647,-0.5316551319209063)
 (0.68674551314469745,0.93318136568557841)
 (0.3982853570685585,0.1843295332969096)
 (-0.22804583120292454,-0.11727410358447588)
 (-0.42627319470714409,-0.16578646173830913)
 (-0.81391373175350079,-0.42302984004375432)
 (0.1074407581160714,-0.26342800896950186)
 (-0.70947486959315686,-0.71030548934522419)
 (1.1250582032580112,-1.0085566302809912)
 (-0.45849176157975863,0.76402308567426158)
 (-0.87398480949276247,-0.72388464753578619)
 (0.50561185700182998,0.36299391708319495)
 (0.6850144211249708,0.94994652384567246)
 (0.85367189719035819,-0.41477331160828884)
 (-0.35831136801770025,-0.2860343311642084)
 (0.50473568867270524,-0.65773806972497351)
 (-1.0131901225938338,-0.72644610540878118)
 (0.31367858802565945,0.43726827248659939)
 (0.010566385031063219,0.56781016579579058)
 (-1.4344999892213794,-1.1992214354070654)
 (0.3323649065508818,1.4849649116844807)
 (-1.1969783978819912,-1.3425879938467993)
 (0.37975060018126844,1.0192587464566412)
 (0.49993199397616139,1.0071177219267353)
 (-0.55196380082497276,-0.4516977916959366)
 (-0.22532152130110028,0.30831088843065235)
 (0.23729247255918737,0.30553085283860865)
 (0.53122320708765824,1.0273498873945273)
 (0.94803255391871133,-0.39085949693015404)
 (-0.44230435150668201,1.1558704024432669)
 (0.21541345841860893,-0.3999033700722342)
 (1.0817830004762594,-0.52552387761660802)
 (-0.16987872711267732,-1.37867674601885)
 (-0.60397321527431458,0.059086115932660582)
 (0.56849056766306805,-0.60195723743876062)
 (0.069423490771098773,-0.2639156505925313)
 (-0.78815845083330771,-0.90616308355353792)
 (0.20212995424571051,-0.37109272099320512)
 (-0.15848486266086678,-0.35704985256040311)
 (-1.2159882054924722,0.44153996631819148)
 (0.17817942289752375,-0.11555322719095551)
 (0.3014755052896817,0.51241025203613755)
 (-0.48126976493599077,0.40274763119979251)
 (-0.013843585881126358,-0.71792497676422606)
 (0.41723847483548221,0.80317300046296547)
 (-0.13716452516719727,0.41350516304434748)
 (0.70422753792656945,0.35445416134374175)
 (0.4573218905711891,0.81342653003794063)
 (0.52808654794065268,0.14949193226101209)
 (0.94659246070460579,0.48356517193545312)
 (-1.1578731338887172,0.61047806180464081)
 (0.11731421924290597,-1.0797287929697681)
 (-1.6782656625021006,-0.31312410892498521)
 (-0.43006311139209713,1.0535022422310252)
 (0.40635583209968595,-1.1065417578835783)
 (-0.92615234257333112,-0.79126408052422903)
 (0.32909900242777523,-0.28943314023025168)
 (0.42569318257784894,0.67922785237890571)
 (-0.95388779392451573,-0.024996152078619382)
 (0.72015693466491282,-0.28521848691366652)
 (1.5693058620377487,-0.69632337995569449)
 (0.4933433687692374,-0.11063566085353749)
 (-0.34731270909685064,-0.49410593398003932)
 (-0.94508124568339347,-0.939351715877215)
 (-0.62631733307316095,0.70786670908017479)
 (-0.41297293223431641,0.77814453903866398)
 (-1.4132581474874935,0.64938594741669653)
 (1.1890880946492608,0.92226538756894183)
 (1.0145547048527941,0.22405396681239848)
 (1.4074441297441613,0.32544723605987252)
 (-0.31413618806583127,0.094612246933632946)
 (0.90657507355141809,0.75368675409894126)
 (-0.53140244083276078,-0.26951346764394468)
 (-0.089452904286110163,-0.98892698291056313)
 (-0.6211882398498515,-0.68114313765723022)
 (-0.2654847644963233,0.25902420539873161)
 (-0.83643866287512059,-0.18066491162774184)
 (1.4549536538807968,0.64511017518832026)
 (0.3209945729613094,0.40434122590343269)
 (-0.99325955072265881,-1.0894291365967486)
 (1.1394726592321784,1.3847454586165038)
 (0.89876572274518773,0.56769034158432097)
 (-0.93546358640370009,-0.36767407464092805)
 (-0.95936982819804351,0.9701445232778364)
 (-0.86754925407864936,-0.87736597513028225)
 (0.95641803904765377,-0.67990816942262211)
 (-0.21782402069775073,0.78237170472099515)
 (1.4152799115683485,0.16627073794494396)
 (-0.93068634370175163,2.1304522573694538)
 (-0.62689036548851917,0.26565425203491855)
 (-0.12572331741099163,-0.93290662860291507)
 (-0.1800014656196314,0.43997081604946409)
 (0.42391256339825373,-0.17469157313899544)
 (-0.37381304019689421,0.49555050670618639)
 (-1.2073010748749966,-0.41533512636076664)
 (0.34298721888681116,-0.32156303316162971)
 (-0.36241159629164732,-0.70081741181686619)
 (0.18073341624349173,-0.53466829570747521)
 (0.47773754093351045,-0.16124237153380724)
 (0.73944879383239415,-0.89159152006295073)
 (-0.18754956056010941,-1.0061357616792337)
 (-0.87804228967313547,-0.78985941933730663)
 (-0.95034272495252847,0.21356850015970857)
 (0.65805262420792787,-0.64112094092637761)
 (0.79024934966471394,0.75508367613859706)
 (-0.092109847492945374,-1.3970098945732454)
 (0.18154152522727007,0.41448598987588237)
 (-0.56095618247770229,-0.92744002827279926)
 (-0.84268768869246324,-0.2040963287013208)
 (-0.66335033701129009,1.3420832570244794)
 (-0.47810271895113232,-0.73935147112133348)
 (0.32746895487667121,0.048828731246661997)
 (-0.22434051400129662,-0.43479456531810845)
 (-1.2512843641494371,0.83251759736384068)
 (-0.13882189438421944,1.4834790202988113)
 (0.35913271147062331,0.55545630207550778)
 (0.89587697282389578,-1.0501375318498054)
 (0.51352615507501143,-1.0619842199707321)
 (0.21220537382951196,-0.31395857606912314)
 (1.0106298168561345,1.4298045808669047)
 (-1.0216440852724464,0.50272677086051631)
 (-0.43512073044429811,-0.43866857818696847)
 (0.43845509696929874,1.0667968940345696)
 (-0.18461471910981048,0.19949083789242883)
 (-0.44259404979416794,0.17410903150368534)
 (-0.30548372636131049,-0.26644291850126067)
 (-0.33925190192124766,-1.2667052906661334)
 (1.0521913800422689,0.9366591858890827)
 (1.39785078175453,0.63744716516306266)
 (0.12740895279300216,0.44600782662984551)
 (0.57728235577328701,-0.047341619426892356)
 (-0.44083198001639035,0.10586620975758311)
 (-0.48483264083160099,0.48850326788584547)
 (-0.77421144629443961,0.50818765128006371)
