# Created by Octave 8.4.0, Thu Dec 11 09:47:21 2025 IST <gamana@Samsung>
# name: awgn20
# type: complex matrix
# rows: 2048
# columns: 1
 (-0.96357220132030674,-0.96268279610668339)
 (0.31677810242806365,0.29096038103988919)
 (0.32318526504494566,-0.31942349763795352)
 (0.28651050667120348,-1.0647197844367713)
 (-0.23676570168169722,0.42681827207446776)
 (-0.91720986947280114,1.0603509358817675)
 (0.84417162678562696,0.8787042081570251)
 (-0.27913280687661529,-0.92238355319255139)
 (-0.87458853395139546,0.27686917678441531)
 (-0.84266860681455924,0.90706809153842793)
 (-0.38139535104160277,-0.90437684664831286)
 (-1.022441977167861,0.32796807440653053)
 (-0.99902979783218615,0.21426722429323541)
 (-0.90732790915893591,-0.12241512583646608)
 (-0.99427080881876451,0.83000792249357425)
 (0.82846583909317562,1.0159927598733058)
 (-0.30245628742578551,0.88164195419327118)
 (-0.80675156185746832,0.37662054655888433)
 (-0.92122949754673122,0.39697503096696074)
 (-1.0324706040942195,-0.30575983640941995)
 (0.22217777834873742,0.93344031935247895)
 (0.28980476517359399,-0.38801496710695071)
 (-0.27427627132110916,-0.96116226207415767)
 (0.93282952436132993,0.26017920898954727)
 (0.43851800291293963,0.24344991605192273)
 (-0.1824189119459102,0.9215596145565893)
 (-0.73129516021350882,-0.31316716938155204)
 (0.92096708033388286,0.29621830372622732)
 (-0.32430208317865755,-0.92261668755176107)
 (-0.47499543297959357,-0.96586014719162572)
 (-0.34720054312390214,-1.001014534267058)
 (-0.20019224174439193,1.0121156230190671)
 (0.94618384712611714,0.97747266718448589)
 (-0.31594161450091124,0.92721376895071683)
 (-0.91960396175350301,-0.32256454311619326)
 (0.28466439437855962,-0.91718144444064542)
 (0.40225094458654065,-0.27801327763208777)
 (-0.31619396602752209,-0.48357714865582069)
 (-0.9344819447907049,-0.99169826637218095)
 (1.0349337427196774,1.0244593954787351)
 (0.91887750398251333,-0.95562494059329428)
 (-0.91089424204703417,-0.9604104267849316)
 (0.31923942353759549,0.99186293888563304)
 (0.27751853162398732,-1.0521615525483905)
 (-0.29401095398301114,0.98753795671763289)
 (-0.92539970250582104,-0.55407559506091153)
 (-0.86852154756163791,-0.21284168567260769)
 (-0.29011160339249131,-0.87061575790430656)
 (0.46591503928940142,0.89074572443206779)
 (0.36627141839088162,0.38613480433039571)
 (-0.98196882221433179,-1.0181710890789986)
 (0.86164514860270147,0.98291928983932042)
 (-0.20270277209445203,0.37734436040611585)
 (0.93929370828570125,0.22454500686181422)
 (-0.95063908012418541,0.3851501486283383)
 (-1.0864024686955631,0.97459687257058214)
 (-0.35012005468980711,-0.27837276464971611)
 (-0.91224864991637178,-0.26314639272483642)
 (0.27241196771928045,0.95567760756219167)
 (1.1160782317745588,-0.22258037879101772)
 (-1.0858438471895138,0.39983929970835425)
 (-0.39260398516093775,1.0532028021924367)
 (-0.33299497788630411,0.95773416429867109)
 (-0.87655481532228574,-0.93714429248389308)
 (0.81865135983141735,1.061203404311432)
 (-1.0742123764207527,-0.31115153498261)
 (0.35646412988811049,0.91828046038069688)
 (-0.99546810268181263,-0.99061065884288468)
 (-0.87044579944506428,0.32837862895902176)
 (-0.24568669826595663,-0.37977480240420064)
 (-0.2519294126694947,0.20845587412286354)
 (-0.31898932999122881,-0.44111720815871414)
 (-1.013800856524544,1.0493548161439408)
 (-0.99755739260883369,0.84778200804037385)
 (-1.0308943655423124,0.97923362259236557)
 (-0.3738825548900645,-0.21568934244127491)
 (0.27077432985269928,-0.29923223510582564)
 (0.27571121453000969,1.0087994446452424)
 (0.24064836391430225,1.04697260428095)
 (0.97793786578094599,0.36346029845049294)
 (-0.8818091035017851,-0.9736286056123451)
 (-0.33983814744490531,0.31652965276676653)
 (-0.95878607309198294,0.44611251853424422)
 (0.86712215933029824,-0.32744390130901707)
 (0.89980366737278938,0.41742513000374171)
 (-1.0068201075442249,-0.89602319135332542)
 (0.28221792952586455,-1.0309338770680756)
 (0.33587313260324358,0.92500844436751262)
 (0.93001357680000096,0.90534597765834468)
 (-0.97702484419507285,-0.95896076880551506)
 (0.32091784571369236,1.0508406886228545)
 (-0.40791983852786196,0.99726291138536671)
 (0.35366003893739689,0.23702281056132252)
 (0.41725220538905983,0.29549275183016344)
 (-0.30716020002669581,0.31017028502859528)
 (-0.9563584202955544,0.29011976511178378)
 (1.0094336950660587,0.25856146242987088)
 (0.96208745307362187,0.8636843637164211)
 (-1.0074676052869231,-0.25521015763188354)
 (0.27396195269616708,-0.85364691250782787)
 (-0.31414501342246087,0.88609697278441435)
 (-0.36194038934938133,-0.94256325280445485)
 (-0.8506282621189688,-0.34906348871543552)
 (-0.9020023614905166,0.26636778363464825)
 (-0.32571595409592619,1.0056723221345507)
 (-0.23131731201058964,-0.93155909381702018)
 (-0.38620059490769942,0.91192943001125115)
 (-0.23506765235410204,0.35384515291933816)
 (-1.0039691147927192,0.40495550514460726)
 (0.51915226373216705,1.0465775317729273)
 (-0.32085307284986653,-1.002104915641203)
 (-0.19949746494185361,-0.24067128573500776)
 (-0.89733946157475952,-0.21468602804642772)
 (0.92609335449331531,0.20641038012139354)
 (-0.90176231137343776,0.30535912281081262)
 (-0.88224499024204794,-0.9139992630820909)
 (-1.0494509346607803,-0.4356372685634407)
 (0.95798343843184441,-0.41826111146666994)
 (1.0629504643173069,1.0765689625451524)
 (-0.96945849625459712,0.35225447009706379)
 (-0.93300299078482707,0.96283483109083878)
 (0.35502859255608166,-0.28595987505517473)
 (0.31049982546554794,0.24592844098918959)
 (0.36230534431116546,-0.37798158390649372)
 (-0.25463219648379787,1.0192694899755734)
 (-0.28132646749457763,0.21094185244299579)
 (0.9997801301408461,-0.9828205961662041)
 (0.9246289736795088,0.38498474039605723)
 (-0.95515570796538463,0.29671293068514171)
 (1.0879031625458357,0.35816946593099724)
 (0.96040924316038612,0.39748791939485939)
 (-0.86451499513323937,0.33378798928549314)
 (1.077913807159333,-0.93124543931140535)
 (-0.28045176171592384,-0.94582282997658207)
 (1.0327084032588942,-0.33986699319496527)
 (-0.34513024952442123,-0.34283021752691123)
 (-0.34965522249996794,1.0641011265424669)
 (0.94793007432114162,0.33698914460832785)
 (0.98515863433473327,-1.0022150261113663)
 (0.32837303752839458,0.34738418667505194)
 (-0.33685658956682329,0.29993885810273746)
 (-0.30514092989843139,-0.97505205530446437)
 (-0.91859295531819873,0.25392592045844625)
 (0.39102369222418248,-0.90809156177907624)
 (-0.33414190140736244,-1.0738048773897664)
 (0.38816847051652625,-0.93287488761576864)
 (-0.9335103798866371,-0.3225887000601621)
 (-0.24436108427738745,0.33446747718623931)
 (-1.0646661976650496,-0.9909262192201963)
 (-1.0645430061518573,0.89400057730516469)
 (-0.36854641915166236,-0.99565128231153821)
 (0.4158294952334794,-0.4812558303135378)
 (-0.96620883904020649,0.9225568244588237)
 (-0.81389780597629924,-1.0186977464598264)
 (-0.37037871888232399,-0.27779039541186201)
 (0.42545674582515702,-0.98808359194455742)
 (-0.9497268829121247,0.3431728060698469)
 (-0.95680358901886142,0.33108706396104365)
 (0.94880404562816156,0.23464200667251758)
 (0.36372385247351607,-1.009820375885611)
 (1.0499243312226365,-0.28155690456647092)
 (0.28151290825145531,0.93121920973280559)
 (0.91855565695332442,1.0016313682600042)
 (-0.96216953425380658,0.8694571157552361)
 (0.9368473238077446,-0.91118548077500428)
 (-0.88889819977417839,-0.30000788475017498)
 (0.26877532652164021,0.90679389223963758)
 (0.95231028199862811,0.40021083397718865)
 (0.24963819362614839,-1.0669408722215339)
 (1.0218617165031321,-0.35242019420162024)
 (0.42664060827976724,-0.9929820932844261)
 (0.30548757843043317,-0.98699506368614698)
 (0.19580451017717346,0.33796639477572304)
 (-0.2304873684012857,-0.96007065726026553)
 (1.0210513199953586,0.35648332967547602)
 (-0.94393787555155639,-0.27635666797050096)
 (-0.37658068472567013,1.0103650814249181)
 (0.91619699884061023,0.39491889261474139)
 (0.35841538413810353,-0.28925370044150106)
 (1.0228358710978498,0.93040383344052069)
