# Created by Octave 8.4.0, Thu Dec 11 09:47:22 2025 IST <gamana@Samsung>
# name: awgn20
# type: complex matrix
# rows: 2048
# columns: 1
 (1.156499942786589,-1.0172061608946974)
 (1.0045907451212719,-0.39170808701754301)
 (-0.19608937444491586,-0.89559248956400206)
 (0.30576197416423873,0.3168892913233774)
 (-0.30412213476709593,-0.94061857292686146)
 (0.3368935668050817,0.91931745036260237)
 (0.96816991914232819,-0.35411242574669288)
 (0.33274877902893729,-1.0031919533421396)
 (0.91258251748840102,-1.0353372750798289)
 (0.29727788644754333,0.93899646717687901)
 (0.22901178946356471,0.87008415101863501)
 (-0.27189987813065347,0.28496547903025699)
 (-0.89852681575266602,-0.36013645753052798)
 (0.8634649946785169,-0.32780739999633607)
 (0.2483922018845337,0.3087648533168379)
 (0.34536683038777521,0.97868061457062416)
 (-0.25096716560040916,0.95443816044328722)
 (0.32550383375769198,0.39629185019000596)
 (-1.0010452137326915,0.86665973492098825)
 (0.19939985832717089,-0.85084265069995357)
 (0.38696789934683273,1.0821635603877326)
 (1.0060555729032155,-0.92254888941602586)
 (0.2688329751501688,-0.83540854304266021)
 (0.44833323755326659,0.31659888487664567)
 (-0.96517015882466572,-0.25902321184034238)
 (-0.31866870185438784,0.28562556800850669)
 (-0.92660843012029348,-1.0213504012942349)
 (-0.34636214689094191,0.48292518039377352)
 (0.36413679502520541,-0.39257819137519717)
 (0.99870537585981822,-0.89694096522047773)
 (0.32934588394707481,-0.96141789850508597)
 (0.24902800685174487,-0.37227002489551347)
 (1.0457660690749786,0.87213269347589839)
 (-0.23402320566175994,0.28192718114208343)
 (-0.87532435918174079,-0.96405515761501703)
 (-0.89498448369834604,-0.89757806510342053)
 (0.44173721893516965,-0.32880848218807374)
 (-0.38230058519716253,-0.88719107294308397)
 (-0.92565866349075354,-0.45423526192010877)
 (-0.39891786462802376,-0.26880960460007863)
 (0.97387488674159362,-0.24717783105813873)
 (0.85854063804777192,0.34733265519668749)
 (-0.32949800141373498,0.36189892864848983)
 (-0.87796080638583018,0.29525034616713136)
 (-0.37897537351175059,-0.97182445080275481)
 (-0.33906869871818873,-0.21631283732298096)
 (0.82764302508974652,0.42893926283189376)
 (-0.41982244820474091,-0.96095728922180967)
 (-0.88866325490853171,-0.98065189868085445)
 (0.3292977873471048,0.15970307921241134)
 (0.30946325552149317,1.0684053027633049)
 (-0.33970124305504584,0.91714651646072065)
 (0.28551698307549134,-0.81983720076746325)
 (-0.35680149926666271,0.29103541745371841)
 (-0.33759240160711651,-0.38527708874297117)
 (0.19908783467320712,-0.37502150469159817)
 (0.87646467492954783,0.98629567124381845)
 (0.77934993365417327,-0.25476567140802503)
 (0.96132478258904308,0.93684901760369932)
 (-1.0633309848750367,0.99846090343531768)
 (-1.0040503482378424,-0.81289020741526152)
 (-0.31880999042497887,1.0114555383732771)
 (-0.20153749467643017,-0.33146523043600468)
 (0.38346083204267717,0.22888999566847151)
 (0.27343595008177729,-0.84625299081209304)
 (-0.36382276199235986,0.9236889173721522)
 (1.0209114455562969,-0.36333273675642208)
 (-1.0459125100831244,-0.29397791950255703)
 (0.90698150520589649,-0.39331702785107681)
 (-0.24912060900862226,-0.34097431052502247)
 (-1.0220482303772671,0.3505314859436619)
 (1.0032828494873722,0.22145341128473867)
 (-0.99346220076871727,-1.0187303571384145)
 (-0.32286543158218917,0.94968123167195451)
 (-0.23799810720656617,0.3981176402696105)
 (1.0806148715620048,-0.31857900979418907)
 (0.99182884806201033,-0.96919919704436808)
 (-0.34516307603858498,1.0215541177021776)
 (0.29855524807178135,-1.0998092052446244)
 (0.9346720859287011,-0.23803160821153202)
 (0.44384821034921051,-0.29235064972634123)
 (0.30936390594423335,-0.8523572943729214)
 (-0.23150206121847694,0.30461397191551237)
 (-0.96421132516722241,-0.36157275049332671)
 (0.29021856215124175,-0.88340084534307262)
 (-0.20384089033031089,-0.89253746590969518)
 (-0.90607374615307501,1.0014375066876318)
 (0.32690906523775504,-0.95585363399075141)
 (-0.25138302542149032,-0.96709567838338761)
 (0.9750811570973752,-0.32558888298172262)
 (0.29366365351347795,0.2955282439913986)
 (0.36158411299546217,-0.9451205160903674)
 (-0.88913425535669632,-0.2630412859225485)
 (-0.4200583472567056,0.90268924871104506)
 (-0.96467556786656439,-1.0336812973064167)
 (1.0553667633291335,0.31852415225039665)
 (0.96577904010157201,0.37266293545317131)
 (0.26562318515500616,-0.83268399159074169)
 (0.93383333879823582,0.30275813115753214)
 (1.0377875729054133,-0.37103230164310519)
 (-0.92623272805213208,-1.0438190873800433)
 (-0.35795881697728771,-0.39553614728596942)
 (0.98134749685707168,0.30671360532592506)
 (-0.35027982099341509,-0.23085379626076485)
 (-0.95925986555976661,-0.43909740712623357)
 (0.28866738040173512,-0.94777772881883149)
 (0.84109296481945162,-0.87389443730796434)
 (0.85503892699540485,-0.87167914942337277)
 (-0.99803289324419142,-0.37272708447228542)
 (0.31429473874748565,-0.1442177886260522)
 (0.38136100875873546,-1.0310675565329792)
 (-0.95316523008689491,-1.0416714885366416)
 (0.82913831788204528,-0.28019407272255237)
 (0.99736428248030262,0.92606268567169236)
 (-0.24075146946956688,0.39721176853957685)
 (-0.3607376117928916,-0.96087891638988543)
 (0.94915327104261515,0.92423693197504286)
 (0.29684326460302524,0.24836245265287507)
 (0.99760396509763416,-0.3014681317972564)
 (-0.51215134867883116,-0.28028982465105412)
 (-0.36504720077469688,0.83069461494870045)
 (0.94464650036481468,0.42737795392676176)
 (-0.25052746962798039,-0.29552521752662431)
 (-0.34510208287265232,0.34458593220175371)
 (-0.39529895366723677,-0.35629258254683183)
 (1.0392617766859997,1.0107852833406095)
 (-0.27728550035174288,0.90952849553171555)
 (-0.33239861381110553,0.33140125947778259)
 (-0.28077925196343745,0.85549214047370425)
 (1.0849028029933345,-0.24728212738015357)
 (-0.27829378873235838,0.3793045713339292)
 (-0.87287060642699266,0.94683868386241754)
 (1.0574060535182741,-0.29077026773778392)
 (-0.33391699811547593,-0.36460849739260059)
 (-0.95123708028352028,-0.30767419320099232)
 (0.36524909157770447,-0.83678705055170766)
 (0.25056444723499399,0.35052753636269268)
 (-0.39117933712591424,-0.39931640610735358)
 (0.9686103280653805,0.96882609790563756)
 (0.38531568999188415,-0.86477667957694349)
 (0.33040735997332488,0.37942444234182249)
 (0.96732355867293751,0.93586171887358571)
 (0.8821254429950075,1.0218170635998447)
 (1.0060822652228774,-0.34968212990707298)
 (0.9353156283658749,0.90580163987452889)
 (0.93544482844182475,1.0230704342813617)
 (-0.89118222731619223,-0.31280276515247007)
 (0.36678330029521378,1.0484699918044029)
 (-0.33735587321814303,-0.88982816212220184)
 (0.28028088336836993,0.36525662524893859)
 (-0.20415559436720354,-0.25015614768267841)
 (0.94076421239090602,-0.31533868292217881)
 (0.45516455671833544,-0.95986844810598682)
 (0.90169658821569598,-0.29941646288198381)
 (-0.81994901321496183,-0.34606840284565404)
 (0.32954978623225656,-1.0152975251187228)
 (0.31381651246144165,-0.97507871774663757)
 (-0.96004412624918356,-0.83910832856650253)
 (0.2806935777173673,-1.1741510704915257)
 (0.92510654237376067,0.18906619413949149)
 (0.85192847401110749,0.32314522035071591)
 (0.74957790554183867,0.43146779201449559)
 (-0.86192179203722596,-0.28480994621015332)
 (-0.28868771389398318,-0.38783257895515877)
 (1.0523933245483361,-0.97168863913836945)
 (0.94344075574359809,-0.29958807758821859)
 (0.94105364827930205,-0.29559850643450236)
 (-0.44911467146274531,-0.3317369336906888)
 (1.0504972267918744,0.9610135076448485)
 (0.21289895758336186,-0.33368143187692278)
 (0.3884670523145185,-0.91849019023788991)
 (0.92495225715898621,0.23686292361668718)
 (-0.264035882150635,-0.37097397846903563)
 (0.23823537698996894,-0.29621318230463595)
 (-0.915610978525084,0.27125927159078406)
 (0.321920105740229,0.93934406017462091)
 (-0.97912528293941592,0.37802292765643114)
 (0.2760460146817853,-0.88450324936377522)
 (0.2786571348856528,1.0668405972774067)
 (0.25113985858977289,0.88028812918241794)
