# Created by Octave 8.4.0, Thu Dec 11 09:47:22 2025 IST <gamana@Samsung>
# name: rician
# type: complex matrix
# rows: 2048
# columns: 1
 (0.96612824198870539,-0.24720936909594365)
 (0.23864056737647196,0.86053325805420089)
 (-0.2603694903334246,1.0616143176777371)
 (1.5084864613844151,-1.0546068098498029)
 (-0.1110344356751693,-0.79520925229072592)
 (0.86169299035936076,0.89581747689366475)
 (-0.87590801224799508,0.67422131226522108)
 (0.39180273137504829,1.3133501601528215)
 (0.44691196947773476,-0.47642932342450445)
 (-0.70876556426909942,0.18276597138975337)
 (-0.64700082468654163,0.65738514555835292)
 (-0.3544198963433397,-0.14167363183416742)
 (-0.30548171845411742,1.3648105216433819)
 (-1.2269415291734602,0.30731489005736667)
 (0.99505015647381478,-1.2443001705267283)
 (-0.48313979441954547,-0.92405597119004468)
 (0.84134904558758616,0.14602893394036526)
 (0.67218044788685849,-1.4531532441468842)
 (0.087136818130213012,1.4299039515252909)
 (-0.29730474122471778,-0.397267953133427)
 (-0.63214818327064393,0.89031669556545612)
 (0.72847023914107734,0.67405099877348573)
 (-0.45856217902157603,-0.00087509302055152616)
 (0.38759832654238313,0.22775816959498471)
 (0.24807272734282879,0.50773963981204118)
 (0.68970638475331647,0.26734167585388446)
 (-0.34390418160080405,-0.054916632724716558)
 (-0.96243310248791714,0.74183879587243517)
 (-0.25698456200811748,0.92291310539150107)
 (0.59896952898359324,-0.22341971481418976)
 (-0.24669855321311301,-0.55515219812515804)
 (-0.61953863253852037,0.6116913549877081)
 (-1.0165719359677852,-0.25899952481785504)
 (0.33142776378612521,0.41986548019220354)
 (-0.30781307069134267,-0.54298490119692944)
 (-0.15875936345089112,0.49854478669649815)
 (-0.5504237815358648,-0.21248792797306351)
 (-1.3010285369713341,0.22384153253127015)
 (0.11344208381876886,-0.35886169887279756)
 (0.77372866835589882,-0.81161416465848801)
 (-0.43467986996374347,-0.90488248169142338)
 (-0.24812025012628888,0.61224093741395247)
 (-0.1404105264043759,0.283824321881196)
 (-0.13928544356289496,0.39016926147809505)
 (0.33372040955879845,-0.51462806713111942)
 (1.0574955079612807,0.9224084663297909)
 (-0.24481158058130828,-0.17875136380214243)
 (-1.0880057166309176,-1.1569699111541909)
 (0.26276529572714902,0.83004537376612242)
 (-0.43086317850010031,0.58829132079366664)
 (0.13463380178340656,-1.3555430694835815)
 (0.21682201952677213,-0.048184838540824532)
 (-0.17255541670247776,0.30112401788015136)
 (-0.038359066642950496,0.51723688151606262)
 (0.36452718779098603,-0.66093270775820612)
 (-0.70052874343947436,0.33361034555077362)
 (0.19661835602971262,0.20326098102091006)
 (-0.51455199925023609,-0.28212172791803986)
 (-0.27664708904926161,0.32706874192954388)
 (-1.0547664773015777,0.00097842604713088699)
 (0.08757309937883262,-1.4295962072852497)
 (1.1023061173740913,0.57797008423849272)
 (0.88378086466315886,0.41902845281269563)
 (0.68207123865510266,0.95715733758129118)
 (0.089655586642040194,-0.21630682418378672)
 (1.1968003559722304,-1.3327324463198864)
 (-0.97775398350153264,1.9810277334840434)
 (-0.64156644107029415,-0.027314309211537574)
 (0.18702406198254665,0.1936923589414129)
 (-0.14193426687332897,0.97898891998664994)
 (1.1140245632007659,-0.50176369822530931)
 (-0.63318927306496486,0.30631185160019309)
 (0.61404474246500773,-0.13680890134985391)
 (-0.3948789509388918,0.086104328998236362)
 (0.70007691884458545,1.8302170005734761)
 (0.45510916768187221,-0.77234776823792584)
 (0.12158833653383437,-0.42100110755343911)
 (0.29421692785683462,-0.034401710998251574)
 (0.28702585511934986,0.97766427247366505)
 (0.89433335947139037,-1.1601186437670918)
 (1.6293587773036429,0.14866873278174086)
 (-0.45167357447925316,0.74570334511887182)
 (0.43170997024636731,0.37921472313520976)
 (-0.019911076328180732,-1.0213984873674802)
 (0.34347974615754262,-0.56499486436615798)
 (1.5554678973944918,0.79579312302736938)
 (-0.76614582210007665,0.79123374893330467)
 (-0.53425629940231911,-0.49346327730694439)
 (-0.79169683967524473,0.40930206816687542)
 (0.84925165097905131,0.93319331262182681)
 (-0.8825151147214122,-0.15509067783622724)
 (0.73923805823389821,0.012453787221097828)
 (0.21093949455461153,0.9703508460506195)
 (-1.0560585150253379,-0.5455712559748731)
 (-0.66632914566750623,0.46220582438354069)
 (-0.071095599824079259,0.77739362249387489)
 (-0.15239055249839772,0.13876641862605274)
 (0.45648518472961241,-1.2080318074492307)
 (0.55443720362194293,0.16294990429035647)
 (0.09537009910643951,0.98491737772463672)
 (0.2835756056480731,-0.39697962586191599)
 (-0.34320846672950328,-0.40182785580124986)
 (-0.94491181209037933,-0.060834476315121289)
 (0.12198931832676717,0.27068988370310443)
 (-0.27323752322382139,-0.50250151930672537)
 (-0.21294039823465372,0.14846886565370665)
 (-0.026502481247571541,-0.56030587278499988)
 (-1.3520771277387191,1.0432958747565846)
 (-0.12480868661670869,-0.30678013699451484)
 (0.80286906185552476,-0.37601463159889448)
 (0.91551133513255989,-0.33883594561522995)
 (-0.302517152680225,0.1728950506354674)
 (-0.18104099034281149,-0.34599859192696292)
 (0.271389096726043,-0.22537032083501454)
 (-0.12154684170888841,-0.9284697872312917)
 (0.59133982145273567,-0.83863576771663384)
 (-0.90836458785737506,0.60273040190089155)
 (0.089623926014333888,-0.86650326297645064)
 (-1.744251484408762,1.4144606303957368)
 (0.90601473471230654,-0.014444548356350617)
 (-0.80816161828583699,0.36985147758635678)
 (-1.0003427235776714,-1.2466490004791202)
 (0.14204501238105272,0.071264006276475972)
 (0.27654353445836694,0.65096071684045853)
 (0.33836252568612968,0.30526477565236154)
 (-0.14780146868514363,-0.70477700591009729)
 (0.475419657065562,0.62624000620315212)
 (0.017594248272133406,1.2481047414418955)
 (-1.0166816621488226,0.86033296542445825)
 (0.13677258045685337,0.42277976941974982)
 (1.3080878059016392,1.205523276335184)
 (0.90259929699685326,-1.3148052416746587)
 (0.75986530806525654,-0.42699707850289437)
 (-0.75409012025819133,0.0071059748933259281)
 (0.56931630889329055,0.1421419645599015)
 (-0.1201870099814734,-0.76549914404677033)
 (0.41857081086238301,-1.0596121013694608)
 (0.515321374474625,-0.60459361915827214)
 (-1.4619636918269079,0.87361461472229185)
 (0.16648810749911913,-0.64461307924451061)
 (0.45035816646273313,-0.20012256529131983)
 (1.5692998367893141,1.4107927033947687)
 (-1.3733716532280695,0.10622360677778736)
 (0.516852432710184,0.05680758517843712)
 (0.97026178480701786,-0.11664059892245748)
 (-0.02672228887448802,1.5423216093174288)
 (0.2710022434007654,-0.28725935333451336)
 (1.5812129254892484,-0.13592149459623576)
 (1.2564395995554911,-0.20131970305524699)
 (0.75457227411277461,-0.78059887886764956)
 (-0.8100338266143049,-0.33061640501021511)
 (-1.4861338994870341,0.55853615710012228)
 (0.6143270111767658,1.1366506266923926)
 (1.1905594537495241,0.028427993854148403)
 (1.1048985578053583,0.75211352749178328)
 (0.24966765862292095,-0.63353517671159842)
 (0.14583747423174778,0.86714647666344302)
 (0.20912654959203494,0.78959880451739561)
 (-1.1732789875864391,0.0061371386060019018)
 (-0.026726760272856198,-1.1301771608820024)
 (0.050823928716593914,1.4197527366441987)
 (-0.47340442948947498,-0.35560759912360224)
 (1.1890175005996797,0.14591229606239853)
 (-0.56062825589073251,1.5677529697460524)
 (1.0663966724163036,-0.84264029657643547)
 (-0.1724361935022613,0.21019918184742648)
 (0.74189219331290845,-0.28785965073704939)
 (0.17174978517342795,-0.035862076433207379)
 (-0.47595237179543626,0.46401148616745003)
 (-0.66958848796743387,1.2337166235874484)
 (0.32989070570309686,-1.0994344717489843)
 (-0.53872055258778251,1.4373779955475767)
 (-0.22392887531981426,-0.93246652195086044)
 (0.8076403847293383,-1.0487691886983843)
 (1.4330420448617793,-1.2492560592201742)
 (-0.66831619483080007,0.89884840040476144)
 (-1.4706325354462544,0.90482712389233177)
 (0.22104212711500051,-0.22971107794015108)
 (0.1467490560430581,-0.47450760379499451)
 (0.52611923551971251,0.1239877525872333)
