# Created by Octave 8.4.0, Thu Dec 11 09:47:22 2025 IST <gamana@Samsung>
# name: rician
# type: complex matrix
# rows: 2048
# columns: 1
 (-0.18495825540593447,-0.90217699237467985)
 (-0.18855742803606729,-0.038868631826962936)
 (1.0985269738822858,-0.078080455361421053)
 (-0.71781201947945217,-0.45598957679899832)
 (0.16635726945103613,0.52669858898246835)
 (0.87764903694643248,-1.188944849836727)
 (1.0294347472607639,0.2579939540932179)
 (0.13980559501555218,-0.32671725743411267)
 (-1.2772062891589566,-0.058924062772656827)
 (1.1109126845282473,-0.080369167502868266)
 (-1.0269385626666114,-0.094497991828207228)
 (-1.8361114404027568,0.6746146517892796)
 (1.1754031388531141,-0.45314801553399864)
 (-0.16025202053449306,-0.42047183651258879)
 (-0.40309745604534941,-0.89139834207310142)
 (-0.68878932638519019,-0.21469854452674178)
 (0.83597438771313692,1.0633329014522981)
 (0.52720455571362379,-0.57419831804275134)
 (-0.10012558745776555,0.34727095880028808)
 (-0.26605922827556033,0.29127363925947319)
 (1.1537650614664567,0.49733465395251525)
 (-0.1708901081389641,0.41805129251016993)
 (-0.60664073538411789,-1.3284415849047142)
 (-0.76246718737086083,1.3004496592224351)
 (-0.0040493685673247369,-0.056298448769055945)
 (0.28006124514060615,0.07510355898446025)
 (-0.1008705038211008,-1.1256405122786706)
 (-0.80223680643373341,-1.0315465555455563)
 (-1.1299223968697547,1.7483800313080236)
 (0.88713793907655669,0.40366454902183835)
 (0.66290964349319992,0.17711712286220185)
 (0.23723396321197884,-0.42951606151234123)
 (-0.19176089335040469,-0.061069283560809387)
 (0.22101150193462904,-0.41695554018827219)
 (0.99091333602882437,1.3044448147798939)
 (0.57791763554807651,0.140594211427262)
 (-0.11324105944695881,-0.60665936716155022)
 (-0.70449386289689819,1.1846523299046394)
 (-1.5281020601901611,-0.51306656221996361)
 (-0.2662362517333739,-0.2306185416130892)
 (-0.094854218873708207,-1.0332104683967123)
 (0.0053506082656208931,-0.23168899693649964)
 (-0.72155610792555847,0.049325819037504576)
 (-0.61126720185639605,0.48643567703208002)
 (0.11477229292869551,0.9706526961834584)
 (0.83116677323518129,-0.066665331166809783)
 (-1.2085120499994972,0.9636187923013293)
 (0.33266371547021634,0.068276366701416125)
 (0.25826749674608895,-1.0812650038800387)
 (-0.082775140416939369,0.27897346159466663)
 (0.2781051601296608,-0.074095392350483805)
 (2.2378920732878242,1.3151187037009406)
 (1.0886178154202706,0.062997693389343523)
 (-0.53078315408991372,0.31177653047014614)
 (0.40753062063392681,0.18608230415271204)
 (0.24425341631191622,-0.32819011300458278)
 (-1.5689719197309224,-0.066936715346839537)
 (0.077128504672480072,-0.070698642478131249)
 (-0.46876170271903739,0.65216668277724543)
 (-0.075404067971261479,-0.80053608817402688)
 (1.1367334204331931,-0.94591324174718572)
 (-1.4704216483263863,0.55600045320807101)
 (0.086005785055961737,1.1532988826658965)
 (-0.40054001222343516,-0.85973660014128073)
 (-1.0163464206468604,0.68392925641312363)
 (0.90911316265275377,0.022818243926628012)
 (0.25801273525185497,-1.4553159268433493)
 (0.33264741558785504,-0.49086534325289999)
 (-0.32699557846727373,0.23771547007575644)
 (-0.97916803985480105,-0.28314516989370375)
 (-0.13069077213583324,0.35621623390510015)
 (0.72262904674372752,0.5735736545121507)
 (1.3006557024536607,-0.27666646156491015)
 (0.29258942675560307,-0.82277481820065845)
 (-1.1433052791397811,-1.2600406582755028)
 (-0.47200733353672952,-0.22166988467446938)
 (-0.31151628454446101,0.3338266275459163)
 (0.21807507438484433,-0.31179223200432038)
 (0.27518941959161702,-0.052221812947193746)
 (-0.49424039400211472,0.74445698130158555)
 (-1.0936592791005801,0.89978080564898444)
 (0.89074340753014458,0.95734145431772699)
 (0.43327613680505639,-0.62404102510976134)
 (-0.19924033403573879,-0.49211307746387312)
 (0.036155162787525785,1.1216566358655857)
 (-0.064345562733135186,0.90353885047137217)
 (0.35869397789571406,-1.2805881576169449)
 (0.95716849045630159,-0.19082077664811092)
 (-0.43530304364706757,0.23677182846193406)
 (1.0075678266881136,-0.047435493184377064)
 (0.28176289232040996,-1.0257611481879549)
 (0.26649997489164945,1.4282334004454156)
 (0.43921719840633683,-1.2824933483995318)
 (-0.172779834172897,-0.65818160510189117)
 (1.6769233902559328,-0.14333531877399019)
 (-0.33356373186100963,0.88737556255551564)
 (0.83559102157659204,0.65931381357116337)
 (-0.74485467904541691,-0.35857873583101479)
 (0.75471793903927753,-0.41369816798785242)
 (-0.76545829524804565,-1.0150708337900025)
 (-0.1872659862968023,0.52013715131853244)
 (-0.58701506702764017,0.89636298566567751)
 (0.56974979350641553,0.58092769307501513)
 (0.074788941705496645,0.20924161859766932)
 (-0.56951876400678736,-0.045366239803451502)
 (-0.66017677622715398,-0.28260944358728712)
 (0.48909533233466496,-0.9778009470459359)
 (-0.3113341049565499,-1.1377264303165866)
 (-0.49058449610347038,0.31041628360431706)
 (0.010478048491385311,0.27006722141469908)
 (0.52439771602053753,0.74911766329284513)
 (-0.18749313526984396,0.43850781249707516)
 (0.18734697613153015,-0.53693074522620876)
 (-0.62893260864162026,-0.11052317338721634)
 (0.11897544847544722,-0.64434369059847052)
 (-0.66468343085031878,0.53840216648369355)
 (0.90291766922868122,0.36937032334641351)
 (-0.2243683266124856,-0.10908763478772857)
 (-0.26230624394877106,-0.32354741111317781)
 (-0.020984974321130334,-0.84057427185738576)
 (-0.27324860544183749,-0.16334317010432675)
 (-1.1225335408972692,0.096609762095256319)
 (-0.27102533722142752,0.237930964980371)
 (-0.66729067266803144,-0.34967404591663936)
 (0.27690234110274281,-0.46416430858074931)
 (-0.47601489360524585,0.8288252366147143)
 (-0.15959149745409767,0.69316589173742416)
 (-0.94201065033656084,0.33388673939300023)
 (-0.25353660335576189,0.24146249444780138)
 (-0.73770485590963475,0.83722796328286175)
 (-0.21051843535838466,0.55357182571226493)
 (-0.72997351105561203,1.2215499580074134)
 (0.16403247143759631,0.89545174732328037)
 (0.53404092514192592,-0.54551807414180131)
 (0.49132972012924558,0.15320294451457159)
 (1.3127201360918919,-0.95283717877693541)
 (0.29903554213481598,0.92537600996159031)
 (1.1650988982505426,-0.35606752507431061)
 (0.26049237400595515,-0.34370118925989257)
 (-0.088144547943584645,0.5179366905083006)
 (1.0141872902722526,0.53175318130392557)
 (0.48324366222978266,0.15307896119591424)
 (-0.2027912921816748,-0.28087525116192835)
 (-0.55816923659228479,-0.41375057515379887)
 (0.19259478060840413,-0.51064167086583279)
 (-0.12063139799644111,0.15432768282003473)
 (-0.8422459070935131,-0.73677000074829158)
 (-0.39056601839099564,0.36901457461228754)
 (0.7361460849580016,0.48632491331737021)
 (0.26267938318458833,-0.77054597171096229)
 (0.5283315010429932,1.4109949752055981)
 (-0.72728802148997196,-0.69795249229600653)
 (-0.41976917695590354,1.4747121980862614)
 (-0.33119473653262277,-0.26385161167511351)
 (1.294484851588773,0.21399287828345837)
 (0.99841362394642785,-0.91562546255192823)
 (-0.14179089741233994,-0.27115807225737609)
 (0.92869090832137524,-0.83187867207611965)
 (1.1242703830298677,-0.36652209936620944)
 (-0.3174445137451779,0.24704091014970131)
 (0.58923167697930867,-0.23825399763196478)
 (-0.89804576817418791,0.0017583658880888087)
 (1.2066031257321075,0.59898632759952419)
 (-0.22364433986357379,-0.76679801694726069)
 (0.7265235309008351,0.028309870300946144)
 (-0.41684291337714752,-0.17746615571992214)
 (-0.41489007105939046,0.33635474726766712)
 (0.67273378215417812,0.93867867282649731)
 (-0.04291712532584499,0.56534667834644892)
 (-0.40641326742340655,0.20436636879646092)
 (-0.68605367589265587,0.07789549018655581)
 (-0.1018654278332725,0.40730583334697662)
 (0.9045775934127992,0.79797144986302204)
 (-0.58626333788237539,-0.85522924611365703)
 (1.1993973515824137,1.1100915986419935)
 (-0.19916860893481964,-0.14194245728454902)
 (0.21540582005971048,-0.46435601684985417)
 (-0.84275904286209646,1.0917439012035755)
 (0.5687642651572975,-0.063419488251893585)
