# Created by Octave 8.4.0, Thu Dec 11 09:47:22 2025 IST <gamana@Samsung>
# name: rician
# type: complex matrix
# rows: 2048
# columns: 1
 (0.090760225232882255,-0.30738152260232227)
 (-0.61051919045343639,0.55041327984897026)
 (-0.2325942471820619,0.23392544559601225)
 (1.0272008654671589,-0.56894483146977215)
 (0.399602454048262,0.49070761482946451)
 (-0.28990340333514503,0.41548798286803063)
 (-1.1935639999371852,1.243494293815874)
 (0.93547800303605755,-0.09036496212300571)
 (-0.77358449938622764,-0.042862384014813598)
 (0.57482095858534954,0.65365870405203674)
 (-0.89515310099455148,-0.61176278350176316)
 (0.149043854925557,0.25284912475464194)
 (0.52372734943375865,0.32941758503586144)
 (-0.37919414574317561,0.41224678377765306)
 (0.12230026929894233,1.0439969669190023)
 (-0.958846205798771,1.2475890565581629)
 (0.6403961905758393,-0.88812303762463851)
 (-0.70103506405896365,-0.23126260759633116)
 (0.53642312924325575,0.4785030845369207)
 (-0.69284990622535636,0.31115358309707553)
 (0.86197034354177149,-1.2869721147492421)
 (0.095813008285509815,0.25223196397562214)
 (-0.60358677448317843,-0.19517737043878733)
 (-0.37198320356659748,0.97824729541104016)
 (-0.19331121328189727,0.25409640373112641)
 (-0.52383837821171997,-0.35580565416064192)
 (-1.3110035143714853,1.4210437060561945)
 (-0.19762853077666592,-0.51279062269230935)
 (-0.43397434446503597,-0.22309694572695232)
 (1.2187456537699237,0.90294893438479784)
 (1.2557460852076645,-0.83768963887340497)
 (0.43268272831338805,0.65521942741538386)
 (0.15192009111983351,0.22017781344661941)
 (-0.46129450851162435,0.679751177187635)
 (0.7235871028232681,0.10453324266926944)
 (-1.1432356964933497,0.62970381829330568)
 (-0.56064861447185188,0.57426582510009383)
 (1.5665199028646122,-0.43455398658109945)
 (-1.0766961596634437,-0.05033062109525932)
 (-0.61419332634225388,-0.84976718689278252)
 (0.1397735915531359,1.0895009266386486)
 (-0.31252364774326086,-0.73265745429461027)
 (0.0093865117723860338,-0.054809406263700476)
 (0.84699758277684367,-0.922485385001376)
 (1.5426851521625125,0.032481036837870458)
 (0.7730317126834485,1.5863259461928549)
 (0.89937086292768786,0.18870234511087697)
 (-0.7613531846532734,-1.075875316660218)
 (0.71951996819533948,0.1492391968449335)
 (0.25021978265910194,0.94055353741801784)
 (0.55911258460840996,-0.45745182186605815)
 (-0.81920755208040963,0.23184330685899296)
 (-0.033078157374502565,-0.34155533373038349)
 (-0.74915981568286161,0.0073057705295241915)
 (-0.37995172686750034,0.33468049962764834)
 (0.33808582580223678,0.42564556425242583)
 (-0.9041343816742633,0.56949535853932454)
 (-0.43950239765488502,0.98344488481187198)
 (-0.70493565593896612,-0.37077379854083314)
 (-0.28850346995185738,0.42201474232873881)
 (-0.82921738874813355,-0.2358091069599651)
 (0.97005516924170654,0.16345223560687572)
 (-0.64362557860489922,1.1347517637509397)
 (-0.76560346950002134,-0.20628143598184318)
 (-1.3783417760869732,0.24919352179318399)
 (-0.11357068139178128,0.028546196387247841)
 (-0.60307316846149539,0.59032273169981275)
 (0.84282898273394202,0.30445315308247012)
 (-0.015794644481556763,-0.98674463596919459)
 (-0.036257528854307636,-0.15738602905147153)
 (-1.0496945014279346,-1.2187064273676014)
 (-0.54982717889198962,-0.69177605258684316)
 (-0.8083012744323671,0.41729870118244083)
 (-1.0820572173425371,-0.49389161671427062)
 (0.08872668057000882,-0.43752046392685606)
 (-0.71369637393053353,-0.44453760340186266)
 (0.53244823034131805,0.091062283628443513)
 (-1.5318995787347498,0.039913724277826135)
 (0.69843084109134101,0.090247791520253084)
 (0.02432801149989533,-0.14656403948018135)
 (-0.64314297046787983,0.028404140172873821)
 (-0.67325412331919643,0.36724162443006864)
 (0.43494666663382475,0.56005390224968676)
 (-0.15053863398783265,0.20951930200028854)
 (-0.65831953937881138,0.39895059358684426)
 (0.074599953740040248,1.4031066994637751)
 (-0.19350394984034336,-0.20789227574166996)
 (0.41897490555501038,-1.3317914216781377)
 (0.46354986752525928,-0.41861209842063524)
 (0.46335916669349192,0.22603596273172838)
 (-0.24592991013836607,0.54410906888633015)
 (-0.61667565221464571,-1.2372494073793385)
 (0.72560503859607484,0.069881687295908851)
 (0.1095659158231162,-0.32250204879930766)
 (-0.17345153454909451,-1.0379347311878018)
 (-0.38578526761364729,0.85361418944561873)
 (0.041479982548467909,-0.45694924736597214)
 (0.43731666095395766,-0.19785791078658782)
 (0.39325461340200585,-0.22718121893136733)
 (-0.97918215318161095,0.50295731446543179)
 (-0.068441542949830847,-1.4716210286856697)
 (0.27565212058965077,0.30822692247773392)
 (0.88367271349440257,0.10310834604019101)
 (0.17899058030165665,0.64951727361811529)
 (0.50924756198767029,0.19398978157195645)
 (-0.49247808203814247,0.92870884557876465)
 (0.99345540203954641,-0.20964344990653552)
 (-0.42486525224867616,-0.14326344722872458)
 (0.87521355012025037,0.17522716393596488)
 (0.57128361267768069,0.92387361742659035)
 (1.4231043199913314,0.41281149319052529)
 (-0.88971207031473565,-0.40529431963832202)
 (-0.20004246268135745,0.51868997030993225)
 (-0.90050845485836228,-0.060146612158462981)
 (0.59959152941362626,-0.15910042337417174)
 (-0.29699032843123108,1.0227227918663904)
 (-0.97534406488391023,1.0084788268363671)
 (-0.54632266733755874,0.43411133717164219)
 (-0.45593761610489741,0.72556432887352629)
 (-0.85361331501328963,1.4560488702180365)
 (-0.096803448716084262,-0.96884829156055274)
 (-0.57659779607833372,0.66242563962303491)
 (-0.77616367226470395,-0.27847405663058378)
 (1.2198066053696137,-0.11231285726914347)
 (-1.0814740850753999,-0.74472646735158454)
 (0.60724273718032973,0.17137986790558762)
 (0.8331997848448699,-0.44576384225083243)
 (0.40448901400661863,-1.153465281524487)
 (0.5158751269993983,-1.3798467923702056)
 (1.264646314870931,-0.54500009616168044)
 (-0.34429866739747728,-0.13522042402340567)
 (-0.89350720824851737,0.84043264846912213)
 (0.22941806254797809,-1.1207938498815464)
 (-1.1810456571840182,-0.84377446542767187)
 (1.1666081447290257,-1.6238873795815731)
 (0.61667450382226952,0.60085404163384093)
 (0.54650832675833461,-2.3138830147582219)
 (1.5335711872702882,-0.71718747487795187)
 (-0.1762195724510921,-0.81763477899073522)
 (0.84319105149644336,-0.88381800346509154)
 (-0.1337246457423113,0.84605623002847119)
 (0.58326366710731503,0.75803036394013978)
 (0.19046268940772473,-0.88978413677040391)
 (0.77849916792851115,-0.91056796167660758)
 (1.3844402862266763,-0.51057598415083871)
 (-0.59409603364735519,0.052079795473481849)
 (-0.24890093458273649,-0.62577739478895278)
 (0.17048096541307645,-0.99910318207881721)
 (-0.1533149824264792,-0.3677606587122495)
 (-0.93533083363750968,-0.68791991770078498)
 (1.312853771541898,-0.10288775380655701)
 (-0.19063599561006528,-1.156230636099014)
 (0.7827328969592473,-0.33102719503394784)
 (0.22044146095150252,-0.35511929076144066)
 (-0.24491419710979762,0.44320522759804232)
 (0.20916536733464877,-0.66095187188886817)
 (0.68272837800795227,-0.5712069616764972)
 (0.31168219134002279,0.10141197867369212)
 (-1.9484610687696371,1.0827492620787624)
 (0.36156508340297877,0.2264277788265989)
 (-1.0772803127432407,-0.072143127942395857)
 (0.41065061973181666,0.56822935863546897)
 (-0.76872590508284078,-0.16664698508033887)
 (-0.35631538637848259,-1.319556316403584)
 (-0.53354108331456596,-0.050174722785031711)
 (-0.26021593807758536,0.46808998553034775)
 (-0.48294385984248589,-0.75627544200904195)
 (-0.086085692436779881,0.5061407333943968)
 (1.2084184053525513,0.70367115007387127)
 (-0.30567344332321522,0.57491181521189549)
 (0.16684364470433322,0.18063833689058467)
 (0.93612065939177258,-0.47360855637795607)
 (0.33552938122905995,0.34050793834224102)
 (0.9668056499267319,-0.5598510359101454)
 (0.25438891329304725,-0.26660550562030849)
 (-0.87348873032331509,0.20674922385419164)
 (0.28732874722588841,-0.55195728773870711)
 (0.26397064078856181,-0.20211598032215428)
 (0.84584507947105136,-0.099514866715493616)
 (-0.030695147410422258,-0.24731283648199195)
