# Created by Octave 8.4.0, Thu Dec 11 09:47:22 2025 IST <gamana@Samsung>
# name: awgn20
# type: complex matrix
# rows: 2048
# columns: 1
 (0.2948715389239116,0.27048621266488015)
 (0.42628207329173429,0.88834479234060693)
 (-0.96815549949492974,-0.24972658779363735)
 (0.32972934922134312,0.30703254688946685)
 (-0.82314180458230468,-0.88170612554137684)
 (0.3017034887787568,-0.9275844982106628)
 (-1.0511152029851358,-0.37901200765435239)
 (-0.26825859714766975,0.27471904018144816)
 (-0.39042978706321979,-0.30564359914050715)
 (0.93992580681941151,-1.0094347114434554)
 (0.98480480291006844,1.0622067704437819)
 (0.20982843311067909,-0.87623089763589479)
 (-0.32362309715549076,0.46020185532772284)
 (0.91618368832568897,-0.28886431751502423)
 (-0.86131006313952352,0.80367718879637251)
 (-0.40614759283620472,-0.91163327707341579)
 (0.38103043738425302,-1.0884328105968888)
 (0.89468144604104016,-0.36831296648563028)
 (0.34281090658184682,-0.3240723753053999)
 (-0.3115479601119317,-0.31842638666974266)
 (0.95629535111944042,-0.32864514034335252)
 (-0.39489613225896308,-0.94057271651779695)
 (-0.28282564545024835,0.34276576099297024)
 (0.92775723630114981,0.9101707986881955)
 (0.34057399027071983,-0.4291599207550939)
 (-0.25887547026406188,0.36517618398772966)
 (0.41958148557906477,0.89797163212245246)
 (0.95007252210382653,-0.36823746463939117)
 (-0.31915620529477245,-0.92669835848458559)
 (1.0043317090425632,0.92863393659902604)
 (-0.27015986330790814,-1.0630528135503781)
 (-0.35246775074865266,0.26929078668876488)
 (0.30309115335428743,0.40341011274448219)
 (0.92220597016767358,0.26858872439830855)
 (0.93826042315490843,-0.43440080858769003)
 (0.90754307935600087,-0.39218941372173416)
 (0.95836165513317073,-0.83598570622072133)
 (-0.43298214478588248,0.26165636687066629)
 (-0.26006371288807911,-0.45930608530028944)
 (0.3149565198116891,-0.35795880617549308)
 (-0.33786690704334543,-0.31713083523478264)
 (0.97717147741811516,-1.0595810587715722)
 (1.0283672468765821,0.33445214267103118)
 (-0.95971231552144487,-0.27154693476333097)
 (0.36329294296900533,-0.26450422975896054)
 (0.29147291485419252,-0.96010925597888042)
 (0.91785648411413767,1.0056873081850624)
 (-0.91737179810892822,0.31716165563424648)
 (-0.27470557155425634,1.0156030860837446)
 (0.91640844216637141,0.87058169980558819)
 (0.22302412040798236,-0.37584979775132477)
 (-0.93421942498308963,-0.96387534831903632)
 (-0.2344199269328579,-0.39943520046059544)
 (-0.24621868569441197,-0.91818041784645255)
 (0.9292990330618871,-0.24084549161764124)
 (-0.88658341348583358,-0.23728796614717734)
 (0.94487418845959692,-0.21844464403942671)
 (-0.30810584797093399,0.31558731728825212)
 (-0.92487059993728904,0.99894660095962295)
 (-0.87304176897713948,-0.25767727506518995)
 (1.0186662333851626,0.92826789155298717)
 (-0.38793106717359899,0.39638673926909762)
 (-0.91386544409294579,-0.90683014123283667)
 (-0.88713467152671943,-0.34886598271543467)
 (-0.82315418140226204,-0.92131326270322011)
 (-1.0715895980488561,-0.95067965160333512)
 (0.23542874002443248,0.31653724426409308)
 (-1.0248030676732198,0.19556885097236262)
 (-0.99189195725454959,0.33271348395697625)
 (0.77740070842557452,-0.95835931312193745)
 (-0.414399003748951,-0.31141055898697351)
 (0.36462841127676471,0.28823743430574927)
 (0.32840009558950051,-0.92839292173671761)
 (-0.98854582192109097,-0.8985382251440881)
 (-0.82304819608879631,-0.82290550145208552)
 (1.0359756805485398,-1.0028287143987931)
 (-0.94161080141275499,-0.92978812214064022)
 (-0.97760117224151788,-0.90721402285509933)
 (-0.28297017060912499,-0.32537130541748799)
 (0.33347294656789084,0.86917053649676468)
 (-1.0452520466229893,-0.28495401623468253)
 (0.37131707118720647,-0.93223132758752403)
 (-0.84800577643368069,0.2127016714825673)
 (0.30042847717047327,0.94054122778159244)
 (-0.97180160220484746,-0.95227951580341141)
 (1.0096448837254857,0.44342572743005448)
 (0.98276391302531929,-0.90897394188154146)
 (-0.38705206081444299,0.34573539168148848)
 (-0.97161453817731092,-0.94556711931320181)
 (0.3055856298366767,0.9838785230536875)
 (-0.95040005594507548,0.94467815634177388)
 (-0.99807628174373231,-0.4663978069361111)
 (0.27374464949022331,-0.383800526105396)
 (-0.9144994532468177,0.31153151150765779)
 (0.98456437226389315,-0.387796313283575)
 (-0.46868303915057719,1.0157033486662694)
 (0.29539472820317281,1.0842793065844309)
 (-0.32704393013777144,-0.24123149825884291)
 (-0.33474957187074345,-0.95789739193728052)
 (-1.0012139308521959,-1.0053624226163147)
 (1.0492963362860313,0.24665897560481187)
 (-0.3555505579949263,0.20737965597216432)
 (-0.29611315604316779,-0.10669364016759453)
 (-0.32286408304993375,-0.93830595034693576)
 (0.24099024961579074,-0.89827206452791342)
 (0.38066009936759948,-0.98402765902468869)
 (1.0152111457824844,0.36352545697986072)
 (-0.94588056104061713,0.20273079281386325)
 (0.26445228338020332,0.32638083845271992)
 (-0.45522824806228757,0.39311614635758685)
 (-0.33938903954088784,-0.96277240968354783)
 (-0.303680626980117,0.26242968492651275)
 (0.31358878783916472,-0.87240510934072235)
 (-0.23616847034407587,0.91022915724248132)
 (0.52873987839602032,-0.97003956782707679)
 (0.37633797172733802,0.29187875652219231)
 (-0.34432785093078072,-0.35089858877888136)
 (0.36729381607099615,1.0284781335431439)
 (-0.19959899277866711,-0.2887495155938965)
 (0.40375974481940508,1.0961306043888912)
 (0.34354609442532602,0.26807465110095802)
 (0.37239642639486537,-1.02338155113192)
 (-0.38411000809016316,-0.99132741066768437)
 (-0.95102065021950122,0.37276485333931741)
 (1.0964078668365549,-0.88675659299158016)
 (0.89445344050066933,-0.94530374797110872)
 (0.15379772574367406,-0.15308364035740793)
 (0.2852783237249229,1.0822278723990839)
 (-1.0186142014681652,-0.26630240672758326)
 (0.95875040417412016,0.27404514921928774)
 (-0.38444642379442684,-0.96266868078514645)
 (-0.38817544471366022,0.9088052104901656)
 (0.38685539531228019,1.0618115354527924)
 (0.93740596676936239,-0.32949159398373973)
 (0.95487991416792251,-0.89473688840713084)
 (-0.27954794578959091,-0.34825546955824765)
 (-0.22212842057491333,-0.93118840460504004)
 (-0.86905432217669909,-0.89990404784048095)
 (0.98246130348449379,-0.99230976527727854)
 (-0.41847572218218898,-0.91058607680235248)
 (-0.98375874918204942,0.27849716763042781)
 (-0.40207646626129578,0.28722156733307691)
 (0.31660946485979158,0.34931686206223395)
 (0.84786557147531927,-0.19648544072698004)
 (0.24691062057078345,0.98230444482033363)
 (0.31273464871350709,0.27629854378314567)
 (-0.45377794431413832,-1.0048807172138035)
 (-0.84762451932854821,0.38725372971077227)
 (-0.32057520653276278,0.31424762730145261)
 (1.0282443113588497,-1.0472341606136373)
 (0.33024064470143205,-0.97100902267193534)
 (0.29937651524411357,0.35215938921772871)
 (-0.98492587684446198,-0.50002401284921372)
 (-0.92896670663761594,0.93778034883294825)
 (-0.93420883987212944,0.94014710527674672)
 (-0.33725193255743152,0.91329187371524512)
 (-0.27750133759118367,0.98966996422638209)
 (1.0052669750178957,-0.34249658401847222)
 (-1.044873569500433,-0.84634421999565634)
 (-0.97080690696891569,-1.0677819120736514)
 (-0.99793922058926643,-0.23026194823169308)
 (1.0469891393612925,1.0085110083146027)
 (-0.38927930701683167,0.90229576641611053)
 (-0.86046150416139788,0.86847285380264727)
 (-0.35335794580491919,-0.9690852350002207)
 (0.93024952387188975,0.20688744415313487)
 (0.72746373444393353,0.94507660677969241)
 (-1.0043676050700401,0.43567945833202859)
 (-0.38449040488759589,-0.25704894533179512)
 (0.36269555980177004,-0.89096928871614178)
 (-0.9413077487909135,1.0187940033321687)
 (0.82257372873521784,0.95926543743312498)
 (-0.87714440114186787,-0.27518360521914265)
 (-0.88763340934182855,-0.2963028843604949)
 (0.2152757828629705,0.99325238090917045)
 (0.27477147902073878,0.94932855904789282)
 (-0.28527558957406518,-0.29318506676009959)
 (-0.25829638750410389,-0.93125668573414067)
 (0.36408472305305128,-0.21360268177358083)
 (-0.37602106880658626,-0.96963719100507284)
