# Created by Octave 8.4.0, Thu Dec 11 09:47:22 2025 IST <gamana@Samsung>
# name: awgn20
# type: complex matrix
# rows: 2048
# columns: 1
 (-0.44767068253406173,-0.28921607576032515)
 (-0.23528532477478056,-0.40034493723541065)
 (-0.30257460209131842,-0.82488289245709245)
 (-0.9094724950613623,0.19761030755756026)
 (-0.94495275428273029,0.39613205987785205)
 (-0.30832149687307386,0.90181840590828022)
 (-0.97813741355427841,0.29638745988946402)
 (-0.4286814563220876,-0.40033721060187005)
 (-0.30290387930388579,0.9260631703074651)
 (-0.29802888923214793,-0.96249832614618691)
 (-0.34831856625893948,1.0158329717724459)
 (0.48567474416844081,0.35563292485496401)
 (-0.99873625050652937,0.96183187646872392)
 (-0.97318345261340222,-0.29652828274658438)
 (0.43310082987929421,-0.33482018930747892)
 (0.82020641082998069,-0.30371350522352514)
 (0.39211102365988521,0.33453187156274011)
 (-0.98762051218059388,0.98852327835073117)
 (0.29629288340500043,0.26700355112386348)
 (-1.0824686412359736,0.31956556898179528)
 (0.27344363860912518,-0.98147848156893269)
 (-0.18462024593843054,-0.85463235934814885)
 (-1.0644278005264769,-0.22889789393440563)
 (1.0024604116647788,-0.20100936684128545)
 (-0.37532838924810663,-0.97485649053800039)
 (-0.91249020370723777,-0.97142753449577712)
 (0.28625937057518935,0.12501546201935582)
 (-0.96262224789106665,-0.31280423325766366)
 (0.28906773206907493,-1.0307096225205603)
 (-0.3084675938174391,-0.94330818624292356)
 (0.98555504306029407,-0.39668149611994657)
 (1.0180575314801152,1.0155309825475278)
 (-0.3238429730581649,-0.38626765880789965)
 (0.35882710773293219,-1.0233554475473476)
 (-0.1937624588504186,-0.29778913284722863)
 (0.84157022443745333,-0.92616702793071426)
 (0.39216978353698129,-0.28824061613162943)
 (0.17821971871255357,0.36265584931806982)
 (-0.26612847135552331,-0.94872271242861295)
 (1.0182516386099898,1.0174792179195613)
 (-0.24929078872031091,0.94934767934105491)
 (-0.3186706304070005,-0.34365438071432708)
 (-1.0557147489429142,0.31862617588514425)
 (0.36913201067855567,-0.29475397575891998)
 (0.98400082781395548,0.28675697617651963)
 (0.89492506383507386,-0.96508849338658187)
 (0.94829301900456764,-0.92680580770211196)
 (-0.97836737270118301,-0.25169856094128618)
 (-0.2573719580941714,0.38547051444542002)
 (-0.97333634396578017,1.0008694763025783)
 (-0.26169259203948597,1.0725975650571391)
 (0.82665897774884212,-0.9595405062555582)
 (-0.22408389846351723,-0.29874377227293758)
 (-1.008971600777145,-0.37291382902324316)
 (-1.0225505855275279,-0.38725513082520957)
 (-0.17238739101329284,-0.27212546775437463)
 (0.8164474637935466,0.24641425793303923)
 (0.90357235463402019,-0.4102291990165281)
 (1.0094885197811145,-0.82472328498206138)
 (0.98151236742893566,-0.39392119642257328)
 (-0.96994128721743911,-0.9761709992827593)
 (-0.96652634291726935,-0.89618035691798381)
 (-0.37624180753189013,0.33222313524930169)
 (0.96237461139610969,0.23416777039613818)
 (-0.38344599854171613,0.84808773210713662)
 (0.16672106401386372,1.0980963360990406)
 (-0.37517674597119094,0.35644425806908109)
 (-0.88723569220578913,-0.35332726176934554)
 (0.26059965149221992,0.27837998488219484)
 (0.36999197043615428,0.35828687835875223)
 (0.35263250036552585,-0.23663667305903791)
 (0.3004199836146752,0.41918870016814319)
 (-0.35463226328346786,0.24852256699085085)
 (0.93664894036577695,-0.85912516906377734)
 (0.44482893225837317,0.93855340220184447)
 (-0.28087598517802598,0.97300878543671054)
 (-0.23959118840080246,-1.1009175827944451)
 (-0.90780678755091071,-0.30985985796238291)
 (-1.0281435794948484,0.92849323037390508)
 (0.98284962834513423,-0.87168294653112355)
 (0.31951168406695546,0.2336286097696893)
 (0.434875710370355,0.91064576037611378)
 (-0.90127693768087058,-0.42052484567725429)
 (-1.0387482201450384,0.41885085420903839)
 (-1.0587757812850038,0.36793417959008751)
 (-0.91426614595876876,0.32754890495937777)
 (0.32771314936246171,-0.35094919196728597)
 (-0.39671788036555355,-0.28494590195948533)
 (0.99042608669638099,0.90809126468158563)
 (0.29769254267374795,-0.22472976398838829)
 (0.22008643481304607,0.94109512172823573)
 (-0.35411039352737117,1.0410291003714247)
 (0.8679845332454762,0.30099860648988658)
 (-0.32993176788098089,0.28483045983557431)
 (-1.0087103891011819,0.27969718574973157)
 (-1.0487378396321121,-0.98323408613463825)
 (0.30931044889136583,-0.41394984537198776)
 (-0.27463485388553976,1.0740065148335181)
 (0.91475842239439631,0.20392471052473293)
 (-0.26133439482952342,0.34276948972005405)
 (0.92303057570706482,-1.0268285355580791)
 (-0.27586741941351062,0.90105193559693675)
 (-0.94478239338943948,-0.96643553029540508)
 (1.0505595438129647,0.17706535102190249)
 (0.33050913776903401,0.88984023839935611)
 (0.3941080991976556,-0.32179702384153641)
 (0.96206149739122626,0.35785128317191167)
 (-0.95918110543629398,0.33034077875543716)
 (0.99900835851281611,-0.35697755664086817)
 (-0.48275717419633357,1.0045375158803209)
 (0.34419279539186537,-0.29789788785136107)
 (0.93112969931513168,-0.25857308902212506)
 (-0.36156811642870929,-0.2233196846581052)
 (-0.30926944250745131,-0.87812131165243679)
 (0.41637155395132824,-0.98416747336471622)
 (-0.30033453487557749,-0.29367924780869475)
 (0.97785917434542324,-0.43758253291988225)
 (-0.91925914584072022,-1.0576678439713478)
 (0.27357137027135731,-0.42055284543767202)
 (0.32068172173644671,0.3375747428702115)
 (-1.0625637320603478,-1.0388571014518666)
 (0.37025099425179514,-0.90354234589623594)
 (-0.82416943939851695,-0.41710111113934312)
 (0.35771509757501152,0.29774282534623586)
 (0.86509228510572911,-0.93873495225924952)
 (0.88584713261896519,-1.040149252528404)
 (-0.25203177385201958,-0.42197055747026829)
 (0.53800059060830274,-1.0327157719152007)
 (-0.37478510047069824,1.0533843055780041)
 (-0.26243627511155654,-0.32940705364102124)
 (-0.93703676203443231,-1.0077970753672165)
 (1.0261313283412921,-0.42566716849207292)
 (-1.015432404909614,0.195710443872044)
 (0.21889499994054235,0.35462781685939521)
 (-0.4809909969704832,0.24301115674900953)
 (0.3208095836706723,0.24279885540368909)
 (-0.32475090225869624,-0.97036942986987795)
 (-0.34548559505733056,-0.80201942027135853)
 (0.89810026126836484,-0.38341835985431438)
 (-1.0235689050051653,-0.8907684033925416)
 (-0.5643361310074656,-1.0452711077919874)
 (-0.46714681360016896,-0.3287194760631153)
 (1.0160526605719884,-0.90787709675943251)
 (-1.0187727588497328,-1.0339195721206706)
 (-0.92682376126335442,-0.32892535276334445)
 (-0.26134577087238148,-0.33081168600210531)
 (-0.90036439502685706,0.95684976193108418)
 (-0.31405908690141143,-0.23935501829192585)
 (0.890680874099672,-0.97932694498307871)
 (-0.89983482579610075,-0.34213369508334857)
 (1.0037708804486121,0.95629023222945131)
 (-0.94972846714038295,0.96187893440126082)
 (0.39068878634654858,1.002315410687417)
 (0.8425087145423753,-0.34003203414110417)
 (-0.8567987637615011,0.86717120994165153)
 (1.0796285037404427,-0.97125275124164512)
 (-0.92471061637484842,-0.35636856405589723)
 (0.39442985787400331,0.97653659779540125)
 (-0.33404885256744404,-0.94400871143707266)
 (-0.37367608238988781,-1.0748238526606133)
 (-0.9798976006059964,0.9376488870776748)
 (-0.96168584205807528,0.98622357553574924)
 (-0.92594707901385942,0.31545797479882592)
 (-0.22608124426803017,-0.26361004519394965)
 (0.99024026466367054,1.0167046467178493)
 (0.39428855018550468,-1.0621247667179907)
 (0.8757713792469447,0.97624310293218641)
 (-1.0368301841587977,-0.15206568175134505)
 (-0.33915712599355957,-0.30682012952383214)
 (-0.87520346397221471,-0.9008074599949043)
 (-1.031673405930001,-0.30171575921223581)
 (-0.87908395529416783,-0.97002888360449036)
 (0.29371087450877414,-0.23601654402427175)
 (-0.95124387368470631,0.35087175108129165)
 (-1.0202238562241777,-0.30704719011735809)
 (0.38549091298164484,0.93609233715969409)
 (0.34487139311204268,0.87122904155175163)
 (-0.98453084089678766,0.29258332964684497)
 (-1.0222186559168185,-0.30153372936705897)
 (0.98654156756502343,0.43413281323195418)
