# Created by Octave 8.4.0, Thu Dec 11 09:47:22 2025 IST <gamana@Samsung>
# name: rician
# type: complex matrix
# rows: 2048
# columns: 1
 (0.27455964650032599,-0.24519987098443077)
 (0.39438705586055922,-0.08094226226685422)
 (0.29401597469406021,-0.090372906977983017)
 (-0.48226715736699599,-0.31844133438757338)
 (-0.37318707861213263,-0.24804045926983384)
 (0.01643150004490776,0.51889675032790195)
 (0.31011103035648935,0.24171899107525918)
 (-1.0105256258353048,0.76454656936778187)
 (0.16087110264098323,0.87471311223542503)
 (-0.51850140254736288,-0.82851380086291693)
 (0.33529435104087701,-0.45961154110481095)
 (0.16917439358277489,0.15829000169707544)
 (-1.2212137906139522,0.072450085065482672)
 (-0.28282714685305405,-0.077614564173500378)
 (0.017290018562273773,-0.79928214406219122)
 (1.0373199794921706,0.27429690212155339)
 (-0.94724823753789045,0.64004352338801396)
 (0.99401630045456546,-0.19421163678504766)
 (-0.77998563521958464,-1.2399671512886556)
 (0.14095923607853142,-0.0084274005549367093)
 (-0.80688756854519084,0.0021504244556782848)
 (0.55819327710539435,-0.5440512230028498)
 (-1.2788593827066592,1.085987514286715)
 (1.1125506592579524,-0.66431368473155794)
 (-0.074154819532696065,-0.88503036863165496)
 (1.0724384364283113,0.78131575696142141)
 (-0.16592092829434607,1.4091026342118687)
 (-0.74862174435231854,-0.76875193903825012)
 (-1.1700031474372079,-0.27158334046885868)
 (-0.20906301811197839,-0.84554088811286876)
 (-0.65141200871756233,-0.43384996922937497)
 (1.4431193932134518,0.065843338601095369)
 (0.98979754482525151,-0.27787004980915964)
 (-0.4735560297553606,-1.2838656868057237)
 (-0.11385556076756495,0.40828034949584557)
 (-1.1130483004121912,-0.35064079295745471)
 (0.15477051958601273,-0.012693492287513403)
 (0.35651545372694193,-0.47656072247978476)
 (-1.001440549517894,-0.65301030878483624)
 (1.3705315148304658,-1.2235696752181029)
 (-0.28767402191917335,-0.54735837815583332)
 (1.1697777088256411,0.72605075446678358)
 (-0.26226011346065464,0.14547107953382304)
 (0.99933878628004535,0.77269284050153919)
 (-0.51731070416273572,0.33638942458154353)
 (-1.1889055737575551,-0.033169066432694461)
 (1.5429478044094802,-0.35289052066894977)
 (-0.40418202699797867,0.2703318521040301)
 (-1.030910067677222,-0.45880016493754899)
 (0.6864324966051838,0.96254530167028318)
 (0.22282924717346331,-0.90555863156051952)
 (-0.20128582078466997,-0.88380622711584711)
 (-0.28262195029585613,0.39810906667740953)
 (0.34590861620068758,0.25955592669713889)
 (-0.99532186040931458,-0.51979969008979499)
 (-0.12223549054995417,-0.21376037798260142)
 (-1.0279833387636821,0.95403007315833199)
 (0.083351961402551605,-0.77948120766733431)
 (0.33512646752681552,-0.51654602108197378)
 (-0.13028288214638442,0.91280596805528635)
 (-0.27169001346194266,0.58809849522299129)
 (1.3813751784361583,0.37815472252195204)
 (-0.13613140424888093,1.2897719864025561)
 (-0.61016835916816514,0.0041638530188565503)
 (-0.76416036573349477,1.2904505153134875)
 (0.38618979799319209,0.085574110555834998)
 (-0.52749818276304117,-0.7647012689101329)
 (0.58560333788873853,-0.4240261522227014)
 (-0.6631253499682459,-0.33838652862347057)
 (-0.66953151805823752,-0.070798986494539334)
 (0.32002035350002406,0.23337099700646841)
 (-1.1453416666002685,-1.411875043622107)
 (-0.43909643569657231,0.58466056823977963)
 (-0.49058454510383265,-0.22318566527771891)
 (-1.5528285561854451,1.1701168110971425)
 (0.35298726217138893,-0.15085268504730193)
 (0.55828492710857547,0.93291528148797576)
 (-0.42199754822334856,-0.71237316083366908)
 (-0.020372241396325208,-1.4037052002563071)
 (-0.060574624210302963,0.24688594568245287)
 (-1.119292713034749,-0.32931928361425256)
 (-0.083441744949244279,-1.2288792797797146)
 (0.48245054347763305,-0.37940773705030839)
 (-0.36138665826961086,-0.54545536742594258)
 (0.82072230517841638,0.11188473364633947)
 (0.3414455326602488,0.51972677212204066)
 (-0.21334641652732067,-0.27583415735883332)
 (0.76986468727490309,0.84721992399126278)
 (0.021865364934889886,2.4739267510141607)
 (1.4106740521046137,-0.24112745377826961)
 (-0.51495651845777979,1.2773169517110827)
 (-0.04810733093444336,-0.58220051297547826)
 (-0.48417929342757077,0.47189658695307929)
 (-0.15168138019630639,0.35627019035494134)
 (0.87056997976301898,0.98561723758751707)
 (0.10923827847553313,-0.61954601728233194)
 (0.50008311309185849,0.61304038537421801)
 (0.012891551994068107,0.75132308068151565)
 (0.38033085215256313,-0.59826751361364716)
 (1.3498802541568611,-0.91489650313355542)
 (0.28324475676218341,0.52774045008975845)
 (1.5933987288297855,1.8002037075445463)
 (0.39619446501303318,-0.73485567945265018)
 (-0.37943474858534632,0.17404620324589748)
 (-1.0347491711802572,-0.46860610577418593)
 (1.2842393809758665,-0.055580278305205066)
 (0.30366420736491007,0.048915242445834589)
 (-1.4982209723349507,-1.4792523689305446)
 (1.1579265727788985,1.3394396802312587)
 (-0.52615852380877426,0.82805798942920095)
 (-0.1246738263711954,0.91579902240533451)
 (0.19147599588038597,-0.54221394835733094)
 (-1.0115124669016251,0.51345081438492568)
 (-0.61917150196301896,0.12619598172268012)
 (1.0566889009684268,-0.55566313802023293)
 (0.80421291391880279,0.13203445586845625)
 (-1.0623279599334137,-0.33460792914299609)
 (-0.8331217622994137,-0.70299350199837451)
 (0.65895033923267765,1.4463109101548532)
 (-0.23436215729323706,0.117316291509516)
 (-1.2600501036897773,-0.16082628539531879)
 (-0.86692769321667007,0.589123923288289)
 (-0.23329022245147601,1.7632617096172678)
 (-0.026043060852508793,-0.88806847154165647)
 (-1.1399574295789616,-0.13247540383301395)
 (-1.0772250961159127,0.50395644794394689)
 (-0.36874410637158783,0.10842005508727393)
 (-0.27226309021957762,-0.0053416383373469656)
 (0.18855076053195219,-0.36926195634548709)
 (-0.35518506080349443,1.37639762384583)
 (0.65591325589705096,-0.01302625074534991)
 (0.7097712945544421,1.0422904957043213)
 (-0.42842272890169653,-0.9405493112283112)
 (1.076337481127333,0.66610030839273771)
 (1.2682687691589958,-1.0029094271235997)
 (1.0298531228458132,-0.37175907249521589)
 (1.0098527488107938,-0.03870823097984899)
 (-0.14663306955888727,0.21182956695985378)
 (-0.2835434949141612,0.58664673384566202)
 (0.017756744249375345,0.63845639237284346)
 (-0.24957232679940994,0.32681894506705605)
 (-0.13399665616346673,-0.27800529387019757)
 (-0.83236217692279513,-0.24298812548819168)
 (-0.69176051183360865,-1.010303230764132)
 (-0.13310062449602109,0.045315758241985755)
 (-0.28770517835558784,-0.6577222026354379)
 (0.3431784599864266,0.93441637334799343)
 (0.17872390221183149,-0.34907207010160429)
 (-0.6303951403707968,-1.0112220559384917)
 (-0.19816088800853832,-0.34128265472685698)
 (-0.26610588786278594,-0.20651393780191099)
 (0.24416890840664585,-0.48259730233657216)
 (0.64200884855893658,0.39833702738504628)
 (-0.19945909971624748,-1.7012694144638345)
 (0.26761224351025981,-0.71438506318846173)
 (0.89357652522879571,-0.23294107232100966)
 (1.0040134522244011,-0.36320602779512579)
 (-0.19047600459321068,-0.93269000631504051)
 (0.90484639875092132,0.38813415548202379)
 (0.50482275534979126,-0.50934721284763373)
 (-0.55760655572498752,0.46671304936941904)
 (0.62218455452271293,-0.25430654672474456)
 (-0.0058246776455453952,0.30128180958072143)
 (-1.4635549090874163,-0.66143539836033016)
 (-0.76241392067864222,-0.55207628566782363)
 (0.16245781222808758,-0.029898191797328437)
 (-0.268638694757935,0.12368637457479915)
 (0.65235043503724599,-0.70447504347188317)
 (-0.54632278349898467,2.3115313948859404)
 (0.07642575006892538,0.40343935427114874)
 (0.59235128942764093,-0.56401752744824662)
 (0.54713897895260499,-0.16836696278095098)
 (1.2536921781078361,-0.81271021348007333)
 (-0.30684393753073985,0.11191433254630739)
 (-0.66449101501347307,-0.16723161030250205)
 (0.94766400448703703,0.50452794963992886)
 (-0.10399644483568687,0.47110297721944666)
 (0.026960579679941012,-0.19659508816891988)
 (1.4205864236829397,-0.083264102249995531)
