# Created by Octave 8.4.0, Thu Dec 11 09:47:21 2025 IST <gamana@Samsung>
# name: rayl
# type: complex matrix
# rows: 2048
# columns: 1
 (-0.66317856355311033,-2.0146052727423025)
 (-0.19867712060560372,0.4432358299454805)
 (-0.1816647008242348,-0.024430883661587743)
 (0.18807166171123416,-0.10701057418389406)
 (0.47552589344966745,-0.45186408884306117)
 (1.2360597522800343,0.69750477865718064)
 (-1.685911374900025,0.021758160914221114)
 (1.1709912013146742,-1.256917598665324)
 (0.098428619978032261,-0.024514681031227906)
 (0.12138260306862256,-0.18242937523020095)
 (-1.5038598456946848,-0.67420396290849371)
 (0.10722695089288911,-0.50599464336471589)
 (-0.78058221313533471,0.094110955940029772)
 (-0.90392723369086436,0.26128994149875046)
 (-0.16339695727349068,-0.89815613607024647)
 (1.1313994541068912,0.27330767527528876)
 (0.062272814723046271,-0.8993472363020043)
 (1.9425478484202128,1.2257605476043232)
 (-0.30524754335819992,1.2032944761390725)
 (-0.11067930416530337,0.39256675928034696)
 (0.51498911976997697,0.54325449906293044)
 (0.33575849623263165,0.15185601462179538)
 (-1.1520668222624901,-0.94464851834286434)
 (0.59831072268897278,0.34329817027611409)
 (0.30979832216406478,0.12139495088826426)
 (0.23734402173454155,-0.58815297882702267)
 (0.97307582018592775,-0.26048546646710635)
 (0.37351937591149814,-0.37018031927904221)
 (1.6182369414907325,0.11241012628079755)
 (-0.99062039917197198,0.83982795537282739)
 (0.26613452169479535,-0.042678020068140116)
 (-0.18706458701645645,0.22068253805725807)
 (-0.086849121474075475,-0.053471951149030111)
 (-0.27667683454082359,-0.86377273116246955)
 (-0.027232207298409306,-0.28679430278700974)
 (0.70949160654585741,-0.15132043109168331)
 (1.4515781508942105,0.7893834003495368)
 (-0.45748149833596902,-1.1627226969485862)
 (-0.3830351831203771,0.26111604515206743)
 (0.29782287233078841,0.36404059715337367)
 (0.51177641827323528,-0.31839519846243247)
 (1.0059388013165922,-0.65263267305071415)
 (1.5776556179506938,-0.12298129624124804)
 (0.14715924449262649,0.54406633758270329)
 (0.27067649446416275,-0.50288840950931202)
 (1.816257633904699,0.35882632013558591)
 (0.53510512129663246,-0.26724521288278691)
 (-0.77561932044516402,0.36182084751294169)
 (-0.035390717252111563,0.12202275730053588)
 (-0.9191397684104694,-0.22021455678959456)
 (-0.013100386807945952,0.54403889667439187)
 (-0.62509150706010885,0.095926341105794843)
 (-0.087692495975483759,-0.078656826253305889)
 (0.21279061951187545,0.16546895486601754)
 (1.1478750829256925,0.64012614697510906)
 (0.027095637695906949,1.0979238239807592)
 (0.11318378903857004,-0.14448751105910376)
 (-0.3113576066367269,0.28317384321715028)
 (-1.0772589939089507,-0.5838816065004736)
 (-0.58101230491515377,0.14342501516345074)
 (-0.12127764605547968,-0.35291348632400793)
 (0.12795419601996522,0.087592225136297427)
 (-0.31424327020676912,0.36356528818421929)
 (0.2039723115008919,-0.25101104478974628)
 (-0.21797133476560795,0.26292389804913224)
 (-0.2204132117012278,0.1880136613945832)
 (0.67043075121038842,-0.65078175707154029)
 (0.14624525488656059,0.62223389848251898)
 (0.035207161015940791,1.182797245861803)
 (1.386202988984657,0.31152383202861189)
 (-0.083918999119261956,0.1928707833252731)
 (-0.34360863790686946,-1.0916315601400288)
 (0.58271319437546187,-0.37162119202382599)
 (-0.24040771992217441,0.90853820745298752)
 (-0.10946257699622158,0.17495913831332477)
 (1.3783560185706143,0.5429777756585501)
 (-0.14280063490536765,-0.93559707282476579)
 (-0.12179082026499452,0.92912984581620339)
 (-0.37820248059322881,0.29257726540054263)
 (-0.19084004555260134,-0.55414225075084511)
 (-0.25358235540414842,-2.0020092482680512)
 (-0.091575114575729935,-0.4399824341172312)
 (-0.17450619644645651,-0.54111800124015863)
 (-2.1098321560291593,0.055519125210034215)
 (-0.64169540894890154,0.12733257151356803)
 (0.69698326725681847,-0.29181996558763562)
 (-0.20773583557694766,-0.19412020013100703)
 (0.98432811454988878,-0.55501976537720044)
 (0.17409457401040085,0.36698187216562639)
 (-0.060608015930081138,-1.5359201454683165)
 (0.11535547333440906,0.35506963351533216)
 (-1.2470415948369109,-0.012390458198805243)
 (0.0056273867174589653,-0.3993990763498485)
 (-0.092799046908333821,0.053169456394228716)
 (0.25938045996061332,0.098463085097360903)
 (0.0066024975376960948,0.88991203094225124)
 (0.025979788552535212,0.14181939445782191)
 (0.2407405857894177,0.99555647285303162)
 (0.28784007288398739,-0.30722660551146608)
 (0.86037463179997076,-0.064568133168407815)
 (0.6520799821671267,0.83401535894318113)
 (-0.64716149928847222,0.84267412716980106)
 (0.75835009905407402,-0.32700880296015933)
 (-0.055050448224901051,0.070899963428290455)
 (-0.01326006497526333,-1.1717459792295102)
 (0.59937383976190539,0.99560490084914155)
 (-0.75463020748514631,0.69105860813685682)
 (0.1196408323185798,-0.48257365023054699)
 (-0.21868401574281954,0.019553046466170003)
 (0.083100890518144718,-0.045553865056320322)
 (0.2863130366418779,-0.81850788715849754)
 (0.3097849924859844,0.0021890864675839644)
 (-0.26471718101331893,0.30121993638624628)
 (1.1513153192056782,0.55531261643473839)
 (0.091941793411533412,-0.028734527704546174)
 (0.070865372081754086,-0.14246039961511511)
 (-0.92614299059496052,-0.69677794782117375)
 (0.54090684154012347,1.3383554086459089)
 (-0.99982872915275145,0.28080641081699159)
 (-0.17099651195499749,-0.22500180728926666)
 (0.42009040053573066,0.47122277356586373)
 (-0.26336264056135456,-0.40007245875605318)
 (0.14266514476015235,1.2104457482481046)
 (-0.22811545101589792,-0.79433096577217011)
 (1.7479748384758598,-0.19216490123407737)
 (-0.085713118861498627,-0.12093144840574824)
 (0.36116251630135937,0.33252924295213321)
 (0.044231303735920602,-0.88024374729901067)
 (0.20261191483149144,0.91505867415086428)
 (0.40156082447817598,0.47640313842623178)
 (-0.69169662383687502,-0.4494273950330207)
 (-0.25985161905811976,0.70237641498382919)
 (-0.56087605903985693,1.0608941846446773)
 (-0.08615977629639332,-0.6809314138472653)
 (-0.0030794359337000532,0.13416826059996992)
 (0.38080204181401411,-0.75326127118700725)
 (-0.85947606356156947,-0.56409011201848047)
 (-1.0893452447844889,0.85590937104538933)
 (-0.091211264236668477,1.1648418473823319)
 (1.9513279308899905,0.40964890088081496)
 (-1.0787248170829735,0.26329702366348301)
 (0.36781717626578692,-0.80967507342685074)
 (-0.10299869666052744,-0.37905631371628823)
 (0.27950397704732693,1.4259035538457465)
 (-0.95646273205895327,-0.94503553111854333)
 (1.4057539725090178,1.6182823168605103)
 (-0.041285687084050338,1.4972099320546328)
 (0.31407302177793517,0.66436118855369697)
 (0.45968398550249501,0.025431717625396866)
 (0.42475166582313045,0.42780255140747031)
 (-0.41603486758685304,0.1226085590927852)
 (0.58635210595261822,0.20003073062476778)
 (0.039427282356209743,-0.014952609869300484)
 (-0.20489917655961526,0.93984902316272756)
 (-0.31270942742495711,0.042853719077472291)
 (-0.45270185492157944,-0.68000918153877643)
 (-2.0193624736168432,-0.23222005601330598)
 (-0.37360055995763958,-0.98561836857926433)
 (1.7244487927028191,0.94904547836071462)
 (0.71991401172890479,-0.51166441504948634)
 (-0.57749813227862423,-1.4336818213392712)
 (0.87459743539831614,0.6540784993794625)
 (0.91677592783616624,0.52266088008149181)
 (0.18956604665772542,0.091440773985377866)
 (0.36664569395661634,-0.010897862228363531)
 (0.76985889270291141,-0.63599226587284596)
 (-1.0289221330283647,-0.46279423082800747)
 (-0.11525226028492511,0.31407474699546956)
 (-0.80559626097680614,0.25111926144693753)
 (-0.10181997851829624,-0.42488842490183321)
 (0.0097471865794744456,0.11611282247084521)
 (-0.10960007018414014,0.40822609939001481)
 (-0.017395834908636276,-0.52287208512203454)
 (-0.81950298323602011,0.45179207212102163)
 (0.57263541491771597,-0.42075023113152898)
 (0.44721882420526582,0.28658762799622561)
 (-0.30783661983234872,-0.86255356923992998)
 (1.0364381939450176,-0.19478631433733928)
 (-0.90986262291792452,-2.176299499048187)
