# Created by Octave 8.4.0, Thu Dec 11 09:47:22 2025 IST <gamana@Samsung>
# name: rayl
# type: complex matrix
# rows: 2048
# columns: 1
 (-0.54040715244946813,0.24923361394495772)
 (0.79604516818578708,-0.79184666018066185)
 (0.40280051512608422,0.14967717890906679)
 (-0.23306025097499794,1.0646109716429482)
 (0.0033072852639824679,0.68268329298276287)
 (-0.19058386013873763,0.28127682097486778)
 (-0.072759681930653186,0.73561991368136481)
 (0.75991588794604115,0.83417278455795629)
 (0.57206080083738353,-0.76764778575372206)
 (0.12819517045877038,0.39959653801244166)
 (-2.0195192009431246,0.40217872214624617)
 (0.63944363224942347,-0.74218828208804966)
 (-0.64252671573751741,-0.25306270033322698)
 (-0.7311133957926188,0.40876830646964213)
 (0.78597717371581632,-0.067340198787946753)
 (-0.32853982280433247,0.096586326123816263)
 (0.043165701296980635,-0.36587835132878588)
 (0.098754126091369659,-0.027881477844284484)
 (-0.27181323297478249,0.083459250263806975)
 (0.27516567158266114,-0.24844587138786445)
 (-1.0728473326290877,0.0044491978154372336)
 (0.1803725641076433,0.026067672948373262)
 (-1.3917042025433313,-0.29796566396270086)
 (-0.60537641355821681,-0.23483681154837419)
 (0.39854592244686549,0.17039094058839774)
 (-0.25839169326574368,0.11348668860163012)
 (-0.039052845777468363,-0.13443132258292217)
 (0.077217372783293992,0.093007604861788093)
 (0.68746559196210355,-0.87980517932093583)
 (-1.3542234433215956,-0.42841949082088127)
 (0.47906637368032828,0.52515770043024057)
 (0.96333986406642658,-0.12989220720750219)
 (0.11489474984219528,0.61907055542403189)
 (-0.66250127511533119,0.49593771306980983)
 (-0.89829350870586278,0.2795925458683266)
 (-0.64051803633142979,1.88956191655638)
 (0.81780145319476771,-1.0376630167021388)
 (-0.12295933957740805,0.035133832570143061)
 (-0.045574859936032094,-0.016659863453603388)
 (-0.6417804943746741,0.20624609762320112)
 (-1.2314294540443491,-0.68087520759424813)
 (-0.25415935789685201,0.4097344540886097)
 (0.27704521897745105,0.74198613155950954)
 (-1.637411913361549,-0.53539849459124667)
 (-0.75733396340672809,-0.53868480665192309)
 (-0.34323272175170005,-0.18332254039314311)
 (0.19870111039839747,0.62141764815827016)
 (0.58867392079894776,0.18296822939686899)
 (1.9230878031158958,0.30240892365250238)
 (-1.0652254161871684,-1.3239171798155791)
 (0.29828293726811717,-1.174914235959752)
 (0.44646925717207692,-0.20171131242270351)
 (0.2078969273310152,-0.046300834366205662)
 (0.11919178166640537,-0.39612795641306214)
 (1.0244695392897547,0.69143455295496725)
 (0.43069821309258216,-0.011489966099702487)
 (-2.520808453913121,-0.039956417033256253)
 (0.6743803200073325,-0.38358131482797836)
 (-0.48344720472983826,0.0052816106935407447)
 (0.81635709920731769,-1.2546177400642076)
 (0.75947186777609321,0.70781448163662675)
 (-1.2602057207746411,1.8841982170791101)
 (-0.019238994191407611,-0.057634637606972405)
 (-0.30124593371312713,0.4018335640377711)
 (-0.35863938601977541,1.0258099518956854)
 (-0.43786848465825645,1.5234674111772293)
 (-0.31423244864381739,-0.85216039085946715)
 (0.51234897427589798,-0.10268965432684914)
 (0.48865519646955813,0.26522718591350536)
 (0.035102289336530833,0.12511932336172327)
 (1.0223537817275243,0.26227600400561735)
 (0.086571924395175526,0.044763011662504598)
 (-0.26054704633601489,0.46636165409640584)
 (-0.38284743241787661,0.12062945009275033)
 (-0.23573361363210651,-0.12225543417852366)
 (0.8887866825962154,1.4655983533249219)
 (0.52588758349009956,1.9392017178537226)
 (-0.27378583773413689,0.90454606697052276)
 (-0.29413755182059975,-0.35805744290737918)
 (0.45332811051415056,0.67013645221218765)
 (-0.071183932668476807,-0.21525781006838549)
 (0.57514846451994206,0.10087018658611274)
 (0.99368370063527145,-0.65263451689301832)
 (-0.53863923652556689,-0.29043767188449132)
 (0.0061600717794251456,0.15244111936937765)
 (-0.43222647473768577,-0.50046374581530761)
 (1.1090883845018995,0.26368184284214202)
 (0.18002167579733708,0.25258192743168317)
 (-0.76683197703832706,-0.61662045425161882)
 (-0.35715672892363953,0.22467925289542562)
 (-0.37455973710445178,-0.61270767874716636)
 (-0.18575545877874461,-1.0006804693576594)
 (-0.11259116120286256,0.24834062040216037)
 (-0.58810867974940662,0.86762905078923813)
 (0.11328808467178764,0.30133491072058533)
 (-1.2510725306708912,-1.1959654197293312)
 (0.068825587199691382,0.27959942834008633)
 (-0.87957214391496941,0.10576997128246923)
 (-2.1256867247800377,0.71421359381936445)
 (-0.21336810653318414,-0.16667886475610991)
 (-0.48644287629631933,0.29932315751719674)
 (-1.1491887869805915,0.19909809756957153)
 (0.49042696404856345,-0.27516457590977011)
 (0.97624123141590302,-0.078315665559194281)
 (-0.43672856020942263,-0.18387613718125617)
 (0.65586049369119992,-1.1650459661220194)
 (0.0012544392350112288,-0.25808862494203794)
 (0.035267429472472078,-1.3026066947274018)
 (0.53505393233468079,-0.28540169661868631)
 (-0.51980827095832804,0.084794136695956979)
 (-0.67442473597094643,1.1739579565391713)
 (-0.61177985024444481,1.0786166451580135)
 (-0.27677099117149567,0.076547836420091428)
 (0.29553408352989391,0.60624223742378502)
 (0.38039230656424716,0.37570284390541259)
 (-1.338266503150551,-0.6630052298029071)
 (0.94792860569166015,0.38761858998351062)
 (1.180268321212931,-1.630176062877833)
 (0.24615379833264284,-0.14748996885638002)
 (-1.1272763666813752,1.3659057389192455)
 (1.0060989670476228,-1.0854252771786548)
 (0.9133590029851999,-0.72688462948853672)
 (-0.45971856076634537,0.15246664782174757)
 (0.49211353519914425,0.27321636384262071)
 (-0.99805138463503928,-0.11069687106127035)
 (-0.78141418827507592,-0.8137316171935548)
 (-0.59923309691568405,1.2026347159438948)
 (-2.2115093270036907,-0.30340269964207567)
 (-0.79889866066502335,0.077682325065118046)
 (0.84166655859549921,-0.015384100643222903)
 (1.6205197231645365,0.21745059375649428)
 (-0.1164116775213407,-0.44738085806656291)
 (0.30945195560947747,-1.5825338650542244)
 (0.7634161881637036,0.092136048814441984)
 (-0.56211702631918592,0.52743613120148403)
 (-1.1900610792249546,-0.15373170899813371)
 (0.35354413439006049,-0.25175026510840559)
 (-0.37297586029674079,1.1807204381321688)
 (-0.23474888704387686,-0.071270512801708638)
 (0.1631848272238689,-0.15679804423056698)
 (0.3520877024147725,0.22590092054973768)
 (0.89666460227034539,-0.2948378465914343)
 (0.61426746436937241,-0.46072885813156655)
 (-0.90146570495565781,-0.35652323182776985)
 (-0.63013288389570532,-0.73078147063271681)
 (0.12965759048882419,0.047463605998767741)
 (-1.0334809241269147,0.13250596696556255)
 (-0.8866093687507226,-0.48824726901672788)
 (0.49086157948625392,-0.0547211124620538)
 (-0.047885212992478471,-0.33334993325667384)
 (-0.26853421217826184,-0.72203943216723521)
 (-1.4260465006189356,1.524085295651608)
 (-0.17766524817415302,0.38103802609149878)
 (-0.60875279279055994,-0.53519226726381253)
 (-1.272021937480214,-0.10034814692847854)
 (-0.42201178138458639,0.83167804119060962)
 (-1.6524569824985307,-1.6397746363454682)
 (0.20604668607773061,4.8194108822063875e-06)
 (0.57765485979174991,0.88275244860953661)
 (1.1451835629233675,-0.01298302898960868)
 (0.77526404757455414,2.1269774947253723)
 (0.74880449662795479,0.76831217667227669)
 (-0.26329993571119215,0.12800972852704121)
 (0.35035775808866959,-0.17128752685871845)
 (-1.2229270344565399,-1.1865618872897492)
 (0.15182479561917614,-0.82401868371725784)
 (0.20852406198606616,-0.10361205123961437)
 (0.34521176360161937,0.59441283890266616)
 (0.35878770232645096,-0.33807040040304415)
 (0.39483511080303818,0.072205745302913141)
 (-0.1474101770659233,0.068878675076805368)
 (-0.8010642294305963,-1.3124207691509211)
 (0.27030768295179075,-0.34814600027083187)
 (0.58794173706267405,0.24008475430528914)
 (0.2266777157374584,0.063268301643924052)
 (-0.6609134842844343,0.15136915370720153)
 (-0.63890307899122734,1.4409019649396837)
 (-0.75072558119373356,-0.43589965046973866)
 (0.12484305464156775,-2.9254043244799419)
