# Created by Octave 8.4.0, Thu Dec 11 09:47:21 2025 IST <gamana@Samsung>
# name: rayl
# type: complex matrix
# rows: 2048
# columns: 1
 (0.20141361801777002,0.28833970485286081)
 (-0.5035179952223241,0.20490861327521004)
 (-0.013890850346271633,-0.34779252843883374)
 (0.15557986703912277,-0.16839153950684507)
 (0.80833360549744271,0.16383981152956331)
 (0.31226537074078126,1.7108192773324427)
 (-0.86721818559699693,0.72002043740723609)
 (0.3935501719757305,1.1193913793785719)
 (0.15521392512424834,0.024371182095073163)
 (-0.14890882673912187,-0.058186401574089608)
 (-1.7877224281301749,0.14644218601148051)
 (0.48453955754667732,0.38789397623461752)
 (-0.59450077047553684,-0.38168700851541965)
 (-1.2790911845853945,0.25723185022613304)
 (0.62807309204968542,-0.66237055676192158)
 (0.14557667287017306,-0.10094753084352014)
 (0.51700053070842678,0.26503711919132)
 (-0.46668126474695781,-1.5995175588259398)
 (-0.25030421156968841,0.22737846715666502)
 (0.94600346745286856,-0.6428648423387644)
 (0.62256031001799284,-0.85458864277115154)
 (-0.60029527492928791,0.31307839871556231)
 (0.24973901207727367,0.1976107019009829)
 (0.34907808152713188,-0.19694310579068092)
 (-0.58232745822544818,-0.35924611770930226)
 (0.45470126946304451,-0.62797005430209318)
 (-0.085679266088661776,-0.3070071478937465)
 (0.025542581432355202,0.19288742821531862)
 (0.92636616543812189,0.054912122480414938)
 (-1.2412675625078471,0.97896571260362986)
 (-0.98596713879115394,-0.64433627076280175)
 (-0.32230852932491727,0.08319580494359749)
 (-0.13774786576703008,0.33358427522450979)
 (-1.4573765747215992,-0.30137112260092547)
 (0.64619023227424766,-0.20118794982179333)
 (0.016991336635371515,-0.1030013094551535)
 (0.081057167771770092,0.11656751559080462)
 (0.37218114233469352,-0.46172829745452609)
 (0.22822618421551982,-0.3715155382091832)
 (0.052140437783307514,-0.38888874194605844)
 (-0.040262779941963145,-1.839919808147688)
 (0.61560958074930539,-0.1885271545996072)
 (-0.12527374097901356,0.0033024181685845783)
 (0.69284817058225912,-0.61287349352945375)
 (1.2408672878090672,1.2382736481136112)
 (-0.36605021775869534,1.4419958411784706)
 (0.47524608726456846,-0.23101795983822818)
 (-0.0062524256587871696,-0.085409277474097461)
 (-0.33168217046291476,-0.11949864715168891)
 (1.7753790693799543,-0.29537059630482154)
 (0.44368059530476212,-0.91946846431472007)
 (0.84189419480735683,1.2641852538973515)
 (0.43459923896913433,0.070968327352648797)
 (-0.28294542711853471,0.47371940998241929)
 (-0.89993525961707166,-0.064573677507192839)
 (-1.0052513160616741,-0.93579483018616916)
 (-0.020383291766506773,0.27613220695007457)
 (0.27568543323021072,0.081144553140475542)
 (-0.088554551546030313,0.98625725571099854)
 (-0.79680843570368187,0.27525104169312387)
 (-0.12257839040916171,0.61276127350051024)
 (-0.022579534877094132,0.32500614211030338)
 (0.010369535930515678,-0.46212377880604527)
 (0.54400790878387784,0.15715141265070451)
 (0.33361015838352276,0.11067628759784469)
 (-0.29994008763986718,0.074660716931211388)
 (0.65002503477707663,-0.33709264005047646)
 (0.1167189857064394,-0.071022983360269631)
 (0.29975703471352877,-0.38544760878083917)
 (-0.070464635748959323,-0.52636044692596706)
 (-0.11991215116569431,0.64964351076219939)
 (0.4385580350728131,-0.76639126725460782)
 (0.11722042388392848,0.064580868348581427)
 (-0.53181131009034233,-1.2506568584289937)
 (-0.0045739347090510141,-0.28815812409920005)
 (-0.1434754962391353,-0.93615579936360149)
 (-0.099853996273585266,-0.025847357268665296)
 (0.86104772673584651,-0.069027665868958754)
 (-1.3729337046525645,-0.58658575580926464)
 (-0.49184017408453673,0.37560011035477125)
 (0.3402005201469554,-0.31455793187898362)
 (-0.080636433561403653,-1.2059383445566505)
 (0.37320881274161927,-1.0027326465678554)
 (-0.16094051689442096,0.065709772626431101)
 (-1.3926629221317253,0.62884136615077635)
 (0.27699604275864143,-1.5865793870223359)
 (-0.21910158697040061,-0.09739977129729066)
 (1.6630654289132065,-0.80324117107004334)
 (1.5077600452550388,0.57947573837695387)
 (-0.63736442004277716,0.41263655572595676)
 (-0.063919274044022589,0.85257451608853341)
 (-0.24005305655992526,0.20955511718191788)
 (0.15263647037324904,-0.37233777715925714)
 (0.48034871970883858,-0.23481926237658018)
 (-0.5176535955826449,-1.0576394125813191)
 (-0.1860920232337363,0.75945215901230301)
 (-0.72720663444879285,-0.69437715340622208)
 (-0.089707093536531668,0.68307334664353392)
 (0.085330655301591785,-0.47235543605225255)
 (-0.021274333052901072,0.035710003353263159)
 (-0.23660194109498126,-0.19287690067725)
 (0.35337275298506876,-0.20985304416069961)
 (0.21028115905990463,-0.45915945749799292)
 (0.4036878105855064,0.25471254691246248)
 (-0.15789632873766155,-0.34673574385386108)
 (-0.31977982580269648,0.36091730230088837)
 (1.0957538445196524,0.55674699277844786)
 (-0.62239023831466478,0.16093550882863436)
 (0.47720358761431675,-0.034401350743886547)
 (-1.6747278254385873,-0.079937395824918545)
 (-0.75892375020684433,0.1289103887177297)
 (-0.31694908440923114,-0.055008856979190356)
 (0.095288823582711651,0.19271407893009987)
 (0.11646279355378392,-0.27199968164552002)
 (-0.60068318363187545,1.6213766686288116)
 (0.16019224689445263,0.28367128329610825)
 (-0.053602114525715019,-0.21574251978991449)
 (-0.25636022467970332,0.89541813536477732)
 (-0.094941107055989904,-0.28821100704091385)
 (-0.42385978871592833,0.033848608979980405)
 (-0.069049689175731732,1.6458124335124549)
 (-0.19309191837070566,0.08406833631792926)
 (-0.35419015463129949,0.38858577409472767)
 (-0.7759428940668105,-0.8944480672229338)
 (1.0107876284488806,0.63876141030976841)
 (0.0056991159834585137,-0.11188811889518319)
 (0.36545806085339227,0.88414964954720798)
 (-0.26912785549289864,0.43330680960113621)
 (-1.8808256585402838,-0.97340894754465124)
 (0.14104524655844611,-0.20186652771211763)
 (-0.14350222910445784,0.84159222313171922)
 (-0.26930341273628522,0.38329834762059606)
 (-0.12963535741840257,-0.52511838121585031)
 (-0.65305057688354828,0.29616117824285737)
 (-1.1747420759710332,-0.1255619098902343)
 (-0.0736684028698079,-0.046528996372685934)
 (-0.058072260597086263,0.11420161387924277)
 (0.59955614077860464,-0.82823376418122208)
 (-1.0898425481086702,-0.31323376828595706)
 (0.50782343884330816,-0.66790214996398556)
 (0.3491785575882288,0.15193893688742621)
 (0.69193885135594568,0.87628364978994089)
 (-1.4649988078219895,-0.43712458602560833)
 (0.16375094875978308,-0.59332415955001105)
 (0.14497427954131864,-0.20702920066096131)
 (-1.9005233619344077,-0.53743727654846818)
 (0.32358539131514114,-1.0251712011098681)
 (-0.50215189552309569,0.61095993353394318)
 (0.80663068310309682,-0.7356929758467915)
 (2.1642176919166585,-0.67712201078413736)
 (0.11326956741789534,0.58896984609406644)
 (0.10729991480874375,-0.21886398599684062)
 (-0.044888751430512686,0.11356083477865017)
 (-0.027644221651537515,0.58282709599942817)
 (-0.16623252250620368,-0.078770687254954397)
 (0.095203825404651429,-0.51350015252925274)
 (0.45126776221792531,0.7888523896140307)
 (-0.27793468801448112,0.11107779188397285)
 (-1.0038210855132699,0.06341813646079944)
 (0.71840352648929295,-0.49695268293192224)
 (0.023975654193731363,0.15272235387866917)
 (0.56283439186898399,-0.91821427808948086)
 (0.017098266158891227,0.0075676791417640665)
 (-0.098774235137363164,-0.68461803694929768)
 (-0.079934902991070256,-0.71238820491396038)
 (0.039012114673566772,0.25311504130726981)
 (-0.10470686902195842,-1.0533850635767046)
 (-0.92695840074678004,0.75865566784920957)
 (-0.27805335763044303,1.3668939686789563)
 (0.06522960544892048,0.30913921126156518)
 (0.31160478472642072,-0.22553836500785074)
 (-0.25860584612014803,-0.59108664989989013)
 (1.167823925573656,0.11304184632950909)
 (0.31046901313908215,0.046575565582476247)
 (-0.46290844749344395,-0.85532962067620555)
 (-0.22219742681683435,-0.74010678803474561)
 (-0.36681390548531112,-0.18966606203299183)
 (0.23338214051988754,-1.0425045563783808)
