# Created by Octave 8.4.0, Thu Dec 11 09:47:22 2025 IST <gamana@Samsung>
# name: awgn20
# type: complex matrix
# rows: 2048
# columns: 1
 (-0.35714587131174091,-0.33215352210936772)
 (0.3635303621822506,0.42859948823211552)
 (1.0224849709110506,0.9766634240008083)
 (-0.91403817177797808,1.0582306564157764)
 (1.0306618582187976,0.21885747547325138)
 (-0.25262933099665752,-0.98995735461121215)
 (-0.35629792086391338,0.31865978116426674)
 (0.26983165571852874,-0.27039347358851212)
 (-0.20512086815453723,0.30118392557697682)
 (-1.0969845447871267,-0.4570205156051782)
 (-0.8094794489752225,-0.99480502796111492)
 (0.93000309718604213,0.93792101925535221)
 (0.31879747831486482,-0.95403491220849712)
 (0.89407040235422974,0.75607136418035081)
 (1.1076386742375068,-0.98524280832337308)
 (-0.20328672616026783,-0.27300064582782674)
 (-1.0276939653878983,-0.29411438610519169)
 (-0.9543910583767049,0.95893140491541118)
 (0.42288175330927913,-0.41626900699149283)
 (0.91998532906430952,-0.89123742049407784)
 (-0.42401764732384872,-0.89551711823513735)
 (0.9825711307349323,-0.38620688784323975)
 (-0.98975649452965309,-0.98355224848609812)
 (0.34838762732521794,0.95911863527866403)
 (-1.122424074980322,-1.0851375784335753)
 (0.35875259780822877,-0.35372432233945833)
 (-0.32846750905857358,0.95880371392530073)
 (-0.97482726885095028,-0.97753185136984166)
 (-0.36808831991860619,-0.95477700273739485)
 (0.35895798441866722,-0.34967930550893289)
 (-0.2464457830749115,-0.30857743975711771)
 (1.0333656372421707,0.19969037412658142)
 (0.26305484300062476,0.99422622022240292)
 (-0.97607531487359467,-0.3362419038168114)
 (0.45024826360111686,0.25963997619464474)
 (-0.33084256180663352,0.3044782208456816)
 (0.87936952285123438,1.0360363001191362)
 (-0.31796678430504427,-0.86749157484252537)
 (0.94079933195332965,-0.88604537691288543)
 (-0.97415684729802299,-0.26982578904105659)
 (-0.91369989984669997,0.98943449246082438)
 (-0.4674711552554367,-0.34417959920507402)
 (-0.4458234625032646,0.9533908290325761)
 (0.10214564710779617,-0.35055642502816436)
 (-0.44070844204749215,0.97112922518234501)
 (-1.0435431149873464,-0.36165178704012396)
 (0.95495618462924559,1.0364513285685526)
 (0.27261942029975561,0.9457492341002236)
 (0.96362360493510379,-0.1668512999792999)
 (0.87395151237148461,0.95130697847444323)
 (-0.22810321431047142,-0.35571949152913107)
 (-0.87212955683904214,0.94339300038114982)
 (0.38368516039893141,-0.26291853718475566)
 (0.15360597749740693,0.9739857694540881)
 (0.28856008924572518,0.86952046689350304)
 (-0.94324151814971646,-0.29373015318628315)
 (0.23655377056683846,0.99481924063688032)
 (0.33293683038954136,0.37376229205352335)
 (-0.37715649791607897,0.88059237556236836)
 (0.98607238044658163,0.30499178716889291)
 (0.29147175481286347,1.0595858709064132)
 (-0.95264147045498559,0.88790348805257258)
 (0.9684543220735915,0.34561242879760362)
 (0.22677504476997318,-0.87811484664905237)
 (-0.24161682246963173,-0.96853717010184148)
 (1.0625718265079462,0.25584381036870169)
 (-0.34157735518520155,0.17254403861325721)
 (-0.1652718865555477,-1.0229363956643085)
 (1.0123318634555976,-0.34355888926151595)
 (-0.16484072476172962,0.98745755985229999)
 (-0.94605103763765774,-0.26783776683148763)
 (0.29073046455534879,-0.81823886138879098)
 (-0.91503940173042297,-0.26366235588575304)
 (1.0175792853005521,-0.23702299410992128)
 (-0.27325337550958917,-0.33587587692633952)
 (0.92731672333908288,0.91383964529225281)
 (0.29840260259946466,0.30893238144299418)
 (1.0255991407907785,1.0021262410661278)
 (-0.99658450946751276,0.92393308845999111)
 (0.4262259776385442,0.31229627876630345)
 (0.93042832913548568,0.25419449500291147)
 (-0.28378197277445133,0.28610511986217824)
 (0.3696214815865233,-0.26583550460920435)
 (0.26944104248701128,-1.0792929597221732)
 (-0.83755015456157622,0.90978030845431201)
 (-0.87590019817819587,0.41065907380969224)
 (1.0676034348082184,-1.0004724821814479)
 (0.88011112099295619,-0.39528799079971044)
 (0.31087463269971904,0.34728154738637929)
 (0.25356391938439826,-0.92743515698529522)
 (0.3695617539264574,-0.45380223440014933)
 (-0.98494997573663623,0.888826188640232)
 (0.96586021155282653,0.35557330413569704)
 (0.3489460251707186,-0.98615434346999831)
 (-0.26719086551688731,-0.32360719100364493)
 (-0.39759404565763135,0.98505888160325838)
 (0.22787600143498582,0.75498042461497039)
 (0.86235121239828494,-0.97123249077625695)
 (0.38137256639667383,0.89109344680286695)
 (0.36531632050843965,-0.54634978609683038)
 (0.82546748030950001,-0.83460526111218858)
 (1.0452202464375104,0.91547317973708686)
 (-0.333002233090051,0.35342400176736422)
 (-0.20104731720644181,-0.22344116412447262)
 (-0.96864201387896354,-0.87807785784371084)
 (-0.23958467717161108,-0.34856658794175055)
 (0.32870031308215075,0.95246820709253444)
 (0.2597769429205482,-0.90365105104633592)
 (0.36982920223740545,-0.26500884797513236)
 (-0.83776908819425622,0.10679535662997774)
 (1.0316963448422782,1.0379353790275847)
 (0.33325683489666891,-1.0054571953093849)
 (0.30996085674152846,-0.90922609703209889)
 (-0.18949223560419862,0.37430926396680558)
 (-0.29512451398740336,0.26011475491723884)
 (0.94620329897075395,-0.27835738546344135)
 (0.97229498745612775,0.93185645219001179)
 (0.26652202527058372,1.0032264977146657)
 (-1.0144098114077962,-0.25294107747765915)
 (0.92763753072315625,0.82738077690773848)
 (-1.0235781713688907,0.43263365039944163)
 (0.9904496964050219,-0.97458061430416487)
 (1.0565361754873512,-0.35861506735553123)
 (0.87738347811201334,-0.88445767630188066)
 (0.28784815520886997,-0.23333596989320021)
 (0.86435128898313429,0.20525865135951399)
 (0.34245800336486881,-0.9873768701447353)
 (-1.0733391847407501,-0.88006815347589584)
 (0.99912713996024416,-1.0562490506321456)
 (0.41379577241168314,-0.96695737734270859)
 (0.25097874670921227,-0.9947804902289975)
 (1.0507524992594759,0.24784528912246712)
 (-0.97544244327050489,0.41363595151956056)
 (-1.0049079613847196,-0.99427144846208648)
 (-0.93211695317958554,-0.8925794131519269)
 (-0.88941328739660275,-0.87357854891433973)
 (-1.003573381643917,0.37684241225796666)
 (-0.47693674732348823,0.97465970347581565)
 (0.36735507138242407,-0.22025596807084086)
 (1.0469434709104679,0.42682333734552069)
 (-0.35051174521833839,0.35316789274990151)
 (-1.0993250163730093,1.0506864263617652)
 (0.9829293031543288,0.44784871548088206)
 (0.28752914924484879,-0.21461694683622554)
 (-1.0100010326667008,0.97101987528917821)
 (-0.34361385536041666,0.33103365202813151)
 (-0.43247508920402589,1.0197730809776471)
 (1.0119884156030499,-0.28483407461520122)
 (0.29174169777399206,-0.92663006042043261)
 (0.19423269523471348,-0.26258652076939026)
 (0.21570457438900831,0.30359018968857487)
 (-0.33721759121321288,0.89148348131408217)
 (0.99895435087016049,0.82075430937662208)
 (0.34564216655779623,-0.88524119110470845)
 (0.9399126030374878,-0.36693396034212311)
 (-0.24328581595807652,0.40509062860317308)
 (-0.36087974226840563,0.36819343427366807)
 (-0.34360632148558712,0.33605974322430388)
 (0.38666291062242519,0.87720040049913051)
 (0.89152658227003811,-0.92174138000743677)
 (-0.29066804759087977,0.97900312222623287)
 (-1.0128194134335808,0.96130466547791793)
 (-0.96104238391872732,0.32581446579550638)
 (-0.40732480295682438,-0.31716637173787982)
 (0.92076685157739013,-0.94051551712694381)
 (0.42913767949422998,0.88031115648336589)
 (-1.0314147872546127,1.0209322766441016)
 (0.26156961280902236,0.23266683317095527)
 (-0.99266403005881931,-0.81842743413745078)
 (0.31297542719110971,1.0150843493704904)
 (0.87684758038431165,0.85671046068188583)
 (-0.28283510072788248,-0.89500801956559639)
 (-0.35911016473507684,0.32710566819239445)
 (0.25164209042852181,0.9116005266637961)
 (0.33704047737213955,-1.0018704788473756)
 (-0.83769331668785851,-1.1784382841372447)
 (0.2767734427293615,1.0064555400265038)
 (-0.23400364259113521,0.36565984852576872)
 (-0.33911834029091453,0.92267392412847749)
 (0.33492152844949608,-0.29392311936311477)
