# Created by Octave 8.4.0, Thu Dec 11 09:47:22 2025 IST <gamana@Samsung>
# name: rayl
# type: complex matrix
# rows: 2048
# columns: 1
 (0.39494701629783541,-0.12768572342497392)
 (-0.025489313421844018,-1.0666291796190781)
 (0.42446499224960843,0.76959198249628957)
 (-0.27117584288350688,0.98157715903950893)
 (1.279380504444493,1.8111115799115833)
 (0.21173214009082422,0.2267292768007462)
 (-0.1749588593617806,-0.02300142926070646)
 (0.40036944656335299,-0.71853550801328347)
 (-0.26343624012798611,-0.24754280858094696)
 (-0.58830277619717419,-1.7907855141314482)
 (-1.8862254493383479,0.46534308930574386)
 (-0.035448177341695697,0.4201178812305929)
 (1.81532403164098,-0.17131639361487949)
 (-0.45793032208598583,0.15769604716682259)
 (-0.76948365915750461,1.234057241955429)
 (0.032405637252318389,0.25571271299426729)
 (0.38791941477655278,-0.53560181814365715)
 (-0.81011487739386878,-0.62150900370585804)
 (-1.321379758050488,-0.74580604318622623)
 (0.062778654963811215,0.30588191271475085)
 (0.069577347467665834,-0.36765930367705402)
 (0.76798873653967781,1.2881782373920452)
 (0.69478637846296176,1.256058759184165)
 (0.35018481242938282,0.19852788352607872)
 (-0.45781392923487013,-1.5570826073306017)
 (-0.61772047952064446,1.2674182980313022)
 (-1.7257165017576293,-0.51485668502705884)
 (0.47719037723490115,1.0558195718342585)
 (-1.177691561634119,-1.0259993664601637)
 (-0.044373920056277251,-0.010802815869252372)
 (-0.64316809694507748,0.74815662695507357)
 (-1.1991416796132657,0.29481337004965857)
 (0.5798176799252277,-0.11713586680425608)
 (-0.089088570710903148,1.138974293838561)
 (0.38739388579104972,-0.48981753525741245)
 (-0.36907789492717197,-0.87377617589923051)
 (-0.48797530161319908,0.72792996197433124)
 (-0.29356206405678242,-0.13910726856765093)
 (-0.64370097197066845,-0.26068403307129773)
 (-0.71377334628581823,-0.24487353965130218)
 (-0.016686488641134381,0.19337534391038222)
 (-0.70897844419155176,0.13049770584130382)
 (0.015832096173041908,-0.06047739385371606)
 (-0.30127670108389787,0.99469199545894182)
 (0.18361163025649119,-0.31351287539700834)
 (0.79678547030651492,-1.1232843545536904)
 (-0.90046063428628376,1.0827327624491647)
 (0.39814793113690172,0.15340798052963167)
 (-0.14799000118683386,0.21095134150861433)
 (-0.3997585048484279,-0.19089529415574658)
 (-1.2006614481630453,-1.1750286603972036)
 (0.77908794718337615,0.0062481656847500899)
 (1.5242848387114418,0.48557779478614477)
 (0.1409257515051523,-0.83328712026439389)
 (-0.27405384102250968,-0.75626281342231316)
 (0.2728910536431105,-0.28438605090896824)
 (-0.59599376887577948,-0.17788776543359569)
 (-0.78437168851492522,0.67409908820922526)
 (-1.0947727035250787,0.3040855184943107)
 (0.27691623900636142,0.1607393509773849)
 (-0.35846547930208095,-0.014378310076694434)
 (-0.4352635385655188,0.54510212057593821)
 (0.36825146475033255,0.25265214900519628)
 (-0.20888662423610593,0.32312013892338032)
 (-0.24095742589185193,0.1874782426316669)
 (-0.35846815438524737,-0.025146604920649324)
 (-0.54152693344655645,0.18219394250547888)
 (-0.80247940578014565,-1.2054259899969988)
 (-0.15580068439430234,0.16011969852358776)
 (-0.3363551989625404,-0.76334563690331647)
 (1.2377188534918668,0.35999799823785106)
 (-1.0004860366214057,-0.87656270826379457)
 (0.047118016617005848,0.20288404027037435)
 (0.57909213951880123,0.7780635744276011)
 (-0.28371096827446279,0.17703139701632287)
 (-0.7078880723609553,0.5509270147369657)
 (-0.51379155749834804,0.65759840354673471)
 (-0.67150824399482656,0.1229215354775873)
 (0.4064809208799896,0.30912225976269275)
 (-1.3338828674163408,-0.093568519841504827)
 (-0.10826169628610657,-0.55995866861630972)
 (-0.34377745127486059,-1.231283131592783)
 (0.50162350490423546,-0.19616378289371744)
 (-0.50550638949456306,-0.61288229018803342)
 (0.5303091787682197,0.14364661815296173)
 (-0.96863677094915701,-0.51953191289690115)
 (0.31588791113739068,-0.056743449056575385)
 (-0.48951505534594836,0.26602976368179126)
 (0.025051277903760293,0.1148383997363476)
 (0.17785065786571735,-0.93775582118677492)
 (0.69584930615747032,-0.066321309516853305)
 (0.52784525839875385,-1.4438617571364016)
 (-0.27331642296433523,-0.63817935170802165)
 (0.033501632824035121,-0.82985231171985108)
 (0.05371467086941769,-0.15987560084417873)
 (-0.59236860859448148,0.26139591138917451)
 (0.29217770751842215,0.083666689531744262)
 (-0.11756753975690357,0.58160467236897517)
 (-0.35969986141641536,-0.12148997311378675)
 (0.50039656528322962,-1.0697022362626656)
 (-0.63411372434624003,1.0981617301599695)
 (0.33663726614485401,0.34204756787242074)
 (-0.080902399765175437,1.0964550426731352)
 (-0.63399759786803878,0.76276749009226752)
 (0.6544605685975623,0.61398757319200248)
 (-0.12951804773280501,-0.53850954201719015)
 (-0.64284504232349982,0.26409640978565629)
 (-0.19678001542019496,-0.99799167909096431)
 (0.75095000886320373,1.4089148618452834)
 (-0.09208941751247543,-0.13294778353951511)
 (-0.58881035670434567,0.54943724223657098)
 (-0.44337535889887103,1.1358901140900948)
 (-0.22217638403311352,0.3422967898798594)
 (-0.2640731229354063,-0.74413130898101132)
 (-2.2660971679771276,-1.5349989212831596)
 (0.79522080772727111,0.44093366764877528)
 (-0.0077060111117082108,1.6127670599622419)
 (-1.6832789648513158,-0.94348981396845855)
 (0.010368969976909087,0.38698335352329183)
 (-0.21571328634220094,0.42732998955610252)
 (-0.92255521927251971,0.1038485404001559)
 (0.65350930957766751,1.2451030273447459)
 (-0.27241926556623641,-0.39795113078903144)
 (0.70526885740518985,0.9891111000576075)
 (-0.090529746228744212,-0.12043619052252565)
 (-1.08199880431268,2.3406734017333077)
 (0.21414833013235918,0.08558883749851065)
 (-0.5959251460484899,0.054275205874515703)
 (-1.0530647073695913,0.48880713029244682)
 (-0.59829450077804991,0.080840417289589905)
 (-1.0614567356254485,1.2800829955422028)
 (0.34288287481635732,-0.45069573274848018)
 (-0.90635092445285359,1.4683006186497203)
 (0.1436260180702533,1.1360382097654738)
 (-1.0193190491786615,0.76976061607320878)
 (0.0028181803794639082,0.64461591419675812)
 (0.32300049881953491,0.091102383454763472)
 (-1.2673389428647608,0.016211850614621492)
 (-0.97920996509644165,1.6681529417326273)
 (0.18981424278536341,1.3707499894399202)
 (-0.62327655964372175,0.33929366892499779)
 (0.37214001404671471,-0.088939024554806817)
 (0.11262574399342454,-0.45675471604565721)
 (-1.0753101169801513,1.3116792703811502)
 (-0.095321283459605444,1.1999068349756254)
 (0.13205139338778682,-0.47513614364955947)
 (1.1876197190918139,-0.42874223442186815)
 (-0.78969390570287867,0.1713958267342599)
 (0.1872933207789538,0.2110099296029376)
 (-1.6769546174710444,-0.42964236466998734)
 (0.084115102475608786,-0.33156907667237989)
 (1.4993445749084169,-0.72014295519225879)
 (0.78181917292171588,-0.51493666774621571)
 (1.4517991908737724,-0.4542166687252806)
 (1.3716262878317798,-0.30982014947476605)
 (-0.02198347428140706,0.039826343983995163)
 (-0.11604590687485269,-0.5237188673969756)
 (-0.70958930028827827,-0.37220492158777579)
 (0.30171025610683422,0.079677625212054265)
 (1.1522586059528552,1.0061446155816252)
 (-0.27653154798990948,0.28510698182123934)
 (-0.31467515975103078,1.7319094894156839)
 (-0.90103995895543065,0.82907557909875607)
 (-0.68677552179888579,1.3348946654004634)
 (-0.45788209678007036,0.40944434204178126)
 (0.039712471633384358,-0.23622657296775318)
 (-0.21820798274597081,-0.08383484327022217)
 (-0.29248423630195269,-0.098594472039123568)
 (-0.5385319973961934,-0.16267763427068643)
 (-0.69200425056030579,0.64755189830223192)
 (-0.31629169090419751,0.8436251345997785)
 (0.10120439604256312,-0.24175392792473721)
 (-1.4284258017998963,0.026358327904058565)
 (-0.17080066681781014,-0.12558770510478301)
 (0.25701971045681005,-0.85976423275406422)
 (0.092031217964964579,0.7021958023381244)
 (0.25222821394194539,0.18518410471280025)
 (-0.041738411339124204,0.74801189481065788)
 (-0.19712196342012014,-0.20554648059471339)
 (-0.013889270630594065,0.086346697601076217)
