# Created by Octave 8.4.0, Thu Dec 11 09:47:22 2025 IST <gamana@Samsung>
# name: clean
# type: complex matrix
# rows: 2048
# columns: 1
 (0.31585783674298212,0.31585783674298212)
 (0.94757351022894643,-0.94757351022894643)
 (-0.94757351022894643,-0.31585783674298212)
 (-0.31585783674298212,-0.94757351022894643)
 (-0.94757351022894643,0.94757351022894643)
 (0.94757351022894643,0.94757351022894643)
 (0.31585783674298212,-0.94757351022894643)
 (0.94757351022894643,-0.94757351022894643)
 (0.31585783674298212,-0.31585783674298212)
 (-0.31585783674298212,0.31585783674298212)
 (0.31585783674298212,0.31585783674298212)
 (-0.94757351022894643,0.94757351022894643)
 (0.94757351022894643,-0.31585783674298212)
 (-0.31585783674298212,-0.94757351022894643)
 (-0.94757351022894643,0.94757351022894643)
 (0.94757351022894643,0.94757351022894643)
 (0.31585783674298212,0.94757351022894643)
 (0.31585783674298212,0.31585783674298212)
 (0.31585783674298212,0.31585783674298212)
 (-0.31585783674298212,-0.94757351022894643)
 (-0.31585783674298212,-0.94757351022894643)
 (-0.31585783674298212,0.94757351022894643)
 (-0.94757351022894643,-0.31585783674298212)
 (0.94757351022894643,0.94757351022894643)
 (-0.31585783674298212,0.94757351022894643)
 (-0.31585783674298212,-0.94757351022894643)
 (0.94757351022894643,0.31585783674298212)
 (0.31585783674298212,0.31585783674298212)
 (-0.31585783674298212,0.31585783674298212)
 (0.31585783674298212,-0.31585783674298212)
 (0.31585783674298212,0.31585783674298212)
 (-0.31585783674298212,0.94757351022894643)
 (-0.94757351022894643,0.94757351022894643)
 (0.31585783674298212,-0.94757351022894643)
 (0.31585783674298212,0.31585783674298212)
 (-0.94757351022894643,-0.94757351022894643)
 (0.94757351022894643,-0.94757351022894643)
 (-0.94757351022894643,0.31585783674298212)
 (0.31585783674298212,-0.31585783674298212)
 (0.94757351022894643,0.94757351022894643)
 (-0.31585783674298212,0.94757351022894643)
 (0.94757351022894643,-0.94757351022894643)
 (0.94757351022894643,0.94757351022894643)
 (-0.94757351022894643,-0.31585783674298212)
 (-0.31585783674298212,0.94757351022894643)
 (0.31585783674298212,0.31585783674298212)
 (-0.94757351022894643,0.94757351022894643)
 (-0.31585783674298212,0.94757351022894643)
 (-0.31585783674298212,0.94757351022894643)
 (0.31585783674298212,0.94757351022894643)
 (-0.31585783674298212,0.94757351022894643)
 (-0.31585783674298212,-0.31585783674298212)
 (-0.31585783674298212,-0.31585783674298212)
 (-0.31585783674298212,0.31585783674298212)
 (0.31585783674298212,0.94757351022894643)
 (-0.31585783674298212,0.94757351022894643)
 (0.94757351022894643,0.94757351022894643)
 (0.31585783674298212,0.31585783674298212)
 (0.31585783674298212,0.31585783674298212)
 (0.94757351022894643,0.31585783674298212)
 (-0.94757351022894643,0.31585783674298212)
 (-0.94757351022894643,-0.31585783674298212)
 (0.31585783674298212,0.94757351022894643)
 (0.94757351022894643,-0.94757351022894643)
 (-0.31585783674298212,0.94757351022894643)
 (-0.31585783674298212,0.31585783674298212)
 (-0.94757351022894643,-0.94757351022894643)
 (-0.31585783674298212,-0.94757351022894643)
 (-0.94757351022894643,-0.94757351022894643)
 (0.94757351022894643,0.31585783674298212)
 (0.31585783674298212,0.94757351022894643)
 (0.94757351022894643,0.94757351022894643)
 (0.94757351022894643,0.31585783674298212)
 (-0.94757351022894643,0.94757351022894643)
 (0.94757351022894643,-0.31585783674298212)
 (-0.94757351022894643,-0.31585783674298212)
 (0.94757351022894643,0.31585783674298212)
 (-0.31585783674298212,0.94757351022894643)
 (0.31585783674298212,0.94757351022894643)
 (0.31585783674298212,0.94757351022894643)
 (-0.31585783674298212,0.31585783674298212)
 (-0.31585783674298212,0.94757351022894643)
 (0.31585783674298212,0.94757351022894643)
 (0.94757351022894643,0.94757351022894643)
 (0.94757351022894643,-0.94757351022894643)
 (0.31585783674298212,0.31585783674298212)
 (0.31585783674298212,-0.31585783674298212)
 (-0.94757351022894643,0.31585783674298212)
 (0.94757351022894643,-0.94757351022894643)
 (-0.94757351022894643,-0.31585783674298212)
 (0.31585783674298212,-0.94757351022894643)
 (0.94757351022894643,-0.94757351022894643)
 (-0.94757351022894643,-0.31585783674298212)
 (-0.94757351022894643,-0.94757351022894643)
 (-0.31585783674298212,0.94757351022894643)
 (-0.31585783674298212,0.31585783674298212)
 (0.31585783674298212,0.94757351022894643)
 (-0.94757351022894643,-0.94757351022894643)
 (-0.31585783674298212,0.31585783674298212)
 (-0.31585783674298212,-0.31585783674298212)
 (-0.31585783674298212,0.31585783674298212)
 (0.94757351022894643,-0.94757351022894643)
 (-0.31585783674298212,0.94757351022894643)
 (0.94757351022894643,0.31585783674298212)
 (0.31585783674298212,0.31585783674298212)
 (-0.31585783674298212,0.94757351022894643)
 (-0.94757351022894643,-0.31585783674298212)
 (0.31585783674298212,-0.31585783674298212)
 (-0.31585783674298212,0.94757351022894643)
 (0.94757351022894643,0.31585783674298212)
 (0.31585783674298212,0.94757351022894643)
 (0.94757351022894643,0.94757351022894643)
 (0.31585783674298212,-0.31585783674298212)
 (-0.94757351022894643,0.31585783674298212)
 (0.94757351022894643,-0.31585783674298212)
 (0.94757351022894643,0.31585783674298212)
 (0.31585783674298212,0.31585783674298212)
 (0.94757351022894643,0.31585783674298212)
 (0.31585783674298212,-0.94757351022894643)
 (-0.31585783674298212,0.94757351022894643)
 (-0.31585783674298212,0.31585783674298212)
 (-0.31585783674298212,0.31585783674298212)
 (0.31585783674298212,0.31585783674298212)
 (-0.94757351022894643,-0.31585783674298212)
 (0.31585783674298212,0.94757351022894643)
 (-0.94757351022894643,-0.94757351022894643)
 (0.31585783674298212,0.94757351022894643)
 (0.94757351022894643,0.94757351022894643)
 (-0.31585783674298212,0.94757351022894643)
 (-0.94757351022894643,0.94757351022894643)
 (0.94757351022894643,0.94757351022894643)
 (-0.94757351022894643,0.31585783674298212)
 (-0.31585783674298212,-0.94757351022894643)
 (-0.31585783674298212,0.94757351022894643)
 (0.31585783674298212,-0.94757351022894643)
 (0.31585783674298212,0.31585783674298212)
 (0.31585783674298212,-0.31585783674298212)
 (-0.94757351022894643,-0.31585783674298212)
 (0.31585783674298212,-0.31585783674298212)
 (-0.94757351022894643,-0.31585783674298212)
 (0.31585783674298212,0.94757351022894643)
 (-0.94757351022894643,0.31585783674298212)
 (0.31585783674298212,-0.31585783674298212)
 (0.94757351022894643,-0.94757351022894643)
 (0.94757351022894643,0.94757351022894643)
 (0.31585783674298212,0.31585783674298212)
 (-0.94757351022894643,-0.94757351022894643)
 (0.94757351022894643,-0.31585783674298212)
 (-0.94757351022894643,-0.94757351022894643)
 (-0.94757351022894643,-0.31585783674298212)
 (-0.94757351022894643,-0.31585783674298212)
 (-0.94757351022894643,-0.94757351022894643)
 (-0.94757351022894643,-0.31585783674298212)
 (0.94757351022894643,-0.31585783674298212)
 (0.94757351022894643,-0.31585783674298212)
 (0.94757351022894643,-0.94757351022894643)
 (0.31585783674298212,-0.94757351022894643)
 (0.31585783674298212,-0.31585783674298212)
 (0.31585783674298212,-0.31585783674298212)
 (-0.31585783674298212,-0.31585783674298212)
 (-0.31585783674298212,-0.94757351022894643)
 (0.94757351022894643,-0.94757351022894643)
 (-0.94757351022894643,-0.94757351022894643)
 (-0.31585783674298212,0.94757351022894643)
 (-0.94757351022894643,-0.31585783674298212)
 (-0.31585783674298212,0.31585783674298212)
 (-0.31585783674298212,-0.31585783674298212)
 (0.94757351022894643,0.94757351022894643)
 (-0.31585783674298212,-0.94757351022894643)
 (0.94757351022894643,-0.31585783674298212)
 (-0.31585783674298212,0.94757351022894643)
 (0.94757351022894643,-0.94757351022894643)
 (0.94757351022894643,0.31585783674298212)
 (0.31585783674298212,-0.31585783674298212)
 (0.31585783674298212,0.94757351022894643)
 (-0.94757351022894643,0.31585783674298212)
 (0.31585783674298212,0.31585783674298212)
 (0.94757351022894643,0.94757351022894643)
 (-0.94757351022894643,-0.31585783674298212)
