# Created by Octave 8.4.0, Thu Dec 11 09:47:22 2025 IST <gamana@Samsung>
# name: rayl
# type: complex matrix
# rows: 2048
# columns: 1
 (-0.90713669271338482,1.5846337753709598)
 (-0.0084339640985096054,-1.0567356613330503)
 (-1.9795394743983139,0.18691270000151705)
 (-0.25448358554491068,-0.22716436869814727)
 (0.28346594428777078,-0.09106307813392199)
 (-0.89357112472815048,0.29595850539419349)
 (0.33787276395934179,0.023962838911192552)
 (-0.21783310867450517,-0.41734830760359737)
 (-0.69148092008317597,-1.0187434782897136)
 (-0.079508965123390993,-0.036880986066613795)
 (-0.023836909792085359,-0.29731585595921406)
 (0.045801775916697034,-0.087662431452316752)
 (-0.78920673299101129,-0.9710412114612581)
 (-0.12037488665027474,0.65760491361005935)
 (0.33021955805720732,-0.23830610801756097)
 (0.33261458811597877,-0.74451175289904969)
 (-0.56635301236873392,0.060880644863566091)
 (-1.7339829495133814,0.028050075280418307)
 (0.26441389193712783,-0.57376303693567021)
 (1.4240672033168509,-0.034411836477726832)
 (-0.095031677175897999,-1.5458089901623415)
 (-0.47655508831052606,-1.0193443867508261)
 (0.15699276666934942,0.87285292042134199)
 (0.55332639776127845,-0.8599024016775132)
 (-0.3904712148734697,0.58931889866370979)
 (0.36410491509874382,0.34640313844247433)
 (0.85001092972785641,0.024981673890495659)
 (-0.1548719168989896,0.055203109865843251)
 (0.18502150478426471,-0.19324525697041028)
 (-0.11555510580199446,-1.0219089742016008)
 (-0.11042148668449323,-0.40696006977664051)
 (-0.22280248953675388,-0.23480533293259567)
 (0.90740872746166867,-1.2836156949354549)
 (-0.58271326166995896,-0.25673444657031963)
 (0.573218004701605,0.60853188289093885)
 (-0.8484373336089639,0.27642608516937894)
 (-1.3639650459852288,-0.052976177373958044)
 (0.43410410247896741,-1.3020989566256618)
 (-0.28473980754434103,-0.11608428080005333)
 (0.9277473733928645,0.63329794433452502)
 (-0.077757026505339596,0.24032250330400784)
 (0.88035964229274555,1.6553040064684261)
 (0.04964093403709318,0.008339873310187762)
 (-1.2918515244765441,-0.52798254266875166)
 (-0.83770362909104101,-0.87069203768536108)
 (-1.5219589045511057,1.4134708963016092)
 (-0.51443227782962109,-0.43210831306055747)
 (-0.31284782032959635,-0.25992244630022021)
 (-0.821780465153225,1.3935171328849971)
 (-0.65480743881330628,-0.10557580978567682)
 (-0.36677355413115825,-0.1138517532958073)
 (0.25508832031518169,0.71640624771300487)
 (-0.35455922792600636,-0.80613380034385662)
 (-0.20894709096258482,-0.50354555584428873)
 (0.16002046796276495,0.40822707733925767)
 (1.0177265329707696,-1.1551889343405881)
 (1.513804142166479,-0.14793115141681479)
 (0.19107842670648134,-1.6633487342239637)
 (0.15517347670142492,0.60215177651761198)
 (0.16300282977015956,-0.58517707527130247)
 (-1.1756901861922393,-0.59516914317485148)
 (0.46430252727960236,-1.268245838415706)
 (-0.0049729467956619172,-0.28337785023587542)
 (0.28884059252568667,0.11048410080147501)
 (0.42140062125295474,0.59589499769345555)
 (1.1134629335285771,-1.4559978499182278)
 (-1.5488575351930101,-1.2541366775769454)
 (-0.11153329727321896,0.12699914398918294)
 (0.16028285871795506,0.96575814009238348)
 (0.20710389464902607,-0.32761156794406221)
 (-1.7032141148798101,-0.026241907793522867)
 (0.041181175735810538,-0.38594505805504509)
 (-0.90671996829786572,-0.38450289315244046)
 (-0.24039511980695899,-0.10510906717114121)
 (-0.068897753038865431,0.15746884013873516)
 (1.4380532769234189,1.0462006707632039)
 (-0.046548039714170292,0.52636695541329226)
 (-0.84865936593120073,-0.59937346276468118)
 (-0.98526505301457545,0.40557789597730959)
 (-0.40294011636104532,0.99222412345301703)
 (-0.95154633092912089,-0.60266313487122392)
 (0.17350710116983664,-1.0046191617718081)
 (0.28205837097101949,0.5888052430862869)
 (0.1103204616461482,-0.010039206722691166)
 (-0.88317908600259942,0.48285779861395928)
 (-0.2836077499779579,0.81520722858647776)
 (-0.13984201699313581,-0.99219080103870261)
 (-0.53057293967081531,-0.49142362050302901)
 (-0.184658857676886,0.84709575729512465)
 (0.36060634956968529,-0.077643043634301884)
 (-1.5541167638473978,0.31661988517456796)
 (-0.82743529365555302,-1.2047993158709223)
 (-0.21166570122779005,0.11045576271489908)
 (1.3465121747069242,0.8834817596439033)
 (0.57807543906234415,-1.2624743974599744)
 (-0.4127420693672339,0.88874810448075081)
 (0.75688083941769446,0.16787189001226083)
 (-0.73941079992860193,0.84018503569375402)
 (0.51321023982625824,-0.7601093970422278)
 (-0.72904854966584653,-0.18186147165848587)
 (0.34959663911225852,1.2231105403267084)
 (-0.14920404853871441,-0.46653210255442168)
 (0.25137970912782293,0.46436402096543056)
 (-1.9974149278917981,-1.0502023160400316)
 (0.99333961963979156,-0.56424131730523075)
 (1.0616201792370088,1.1368589879264168)
 (-0.22717059592845223,-0.33009092701786535)
 (1.0112938856680758,1.3317054924340088)
 (-0.60863645438335412,-1.3843223456418488)
 (-1.1131756500216428,0.24242886078762022)
 (-1.2806656642742815,2.5085263736238419)
 (0.00036710708089485178,-0.63430167666260484)
 (-0.80539418355969183,0.44756959833763077)
 (-0.22195109719852152,-0.14130599760562762)
 (-0.075819350772595828,-0.36199206324314215)
 (0.18898544392241046,-0.61228060214320501)
 (-0.80584740952353218,-0.1747858534843465)
 (-1.1026748102931911,-0.1982058139429011)
 (0.30018839883329607,0.85238691325801585)
 (-0.72037635134992462,-0.042306304012982687)
 (0.6247581925132395,-0.67204456891114128)
 (0.82420066673588965,0.99849580051398301)
 (-0.30582792516795815,-0.91820134080830851)
 (0.02288170118844246,-0.78550130010419583)
 (0.1093730209018535,-0.13506934901974446)
 (-0.14371740899504387,-1.3829761882297456)
 (-0.21926518967081735,-0.28359252982129168)
 (0.71614251080753988,-0.97628148990204289)
 (-0.26084359014221004,0.58990307980660572)
 (0.017534387046971023,0.57333644820224161)
 (1.0287191388217947,-0.66279949091150603)
 (-0.53451520217480009,0.1171650559101704)
 (-0.37922739752242851,0.44468081898343514)
 (0.47184429261922489,-0.09854238453854508)
 (-1.5320341057134617,0.15608778060484885)
 (0.43513158620121123,0.28750400714851521)
 (-0.49728563738933468,0.26771874388488265)
 (0.10005144955989503,-0.48984947585404398)
 (0.1951884956872057,-0.72323684683248435)
 (0.037975319486165379,0.013822846460568234)
 (-0.044073607963760378,0.24429729076724471)
 (-0.91277537724299052,-0.36637472956528744)
 (0.13848323534789442,-0.53410935933092207)
 (-1.5364869872163984,-0.79774962763399826)
 (-0.57134880612434924,-0.033123137983410766)
 (-0.46032549551928581,-0.2497867052968116)
 (-0.42379560268827215,-0.11901930861567438)
 (0.62426773768706811,-0.38170014158183502)
 (0.086872573388877619,0.23986465629091336)
 (0.048058301664999067,0.10549298869247646)
 (-0.036103570561344001,-0.09232044581904561)
 (0.3167833854679884,0.650978592474595)
 (0.27025539120092656,-0.52352155817868729)
 (-0.087075515361731942,-0.0048149412244566023)
 (-0.10938756161700516,0.45350529084230795)
 (-0.26536512502555709,0.54000793719074203)
 (-0.036649013244016676,-0.29611365159803871)
 (0.039925323250202163,0.37746743586671905)
 (0.30586734075228994,0.096692985595104197)
 (-0.25223653362412668,0.11022645933832523)
 (-0.19435962248273933,0.2538210948568882)
 (0.06653546778488123,-0.24259573445663368)
 (0.018380129672249418,0.27011969926636226)
 (-0.29207656926696662,-0.32062669532474825)
 (-1.071041114838307,0.31178305038857901)
 (0.38851823382754241,-0.64012251466857317)
 (-1.6832999684312731,0.15039542180637522)
 (-1.0976932971651532,0.22249758525115554)
 (0.46079499712008831,0.41550766776945824)
 (0.044517942100411281,-0.024990766479009316)
 (-0.48155545766366509,0.044768976632709734)
 (0.11532314555839468,0.87506335041046512)
 (-0.53520494429943966,1.5332617464396416)
 (0.04227916955241446,-0.20676280842968325)
 (0.064392080487886541,0.14454889428427747)
 (-0.63575804940093961,-1.4264994340275228)
 (-0.26058654497013023,-0.26743356422714271)
 (0.28821089541491041,-0.10380023918825487)
 (-1.1331832368476551,0.1896609649514264)
