# Created by Octave 8.4.0, Thu Dec 11 09:47:21 2025 IST <gamana@Samsung>
# name: rayl
# type: complex matrix
# rows: 2048
# columns: 1
 (0.3492003451412844,0.19087685289372239)
 (0.25002137696499593,0.31438830746948093)
 (1.1480082151350306,0.56637664262480958)
 (-0.27852312667109375,-0.21334669624327779)
 (0.90805738468675912,-0.225362822595362)
 (-0.14741204468137953,-0.56072117351228168)
 (0.055262466797043226,-0.032939194966808118)
 (2.3990882853263713,-0.14305792786722593)
 (0.3595786928548117,0.70114170004887544)
 (-1.2029839536445468,-1.1213589460699547)
 (0.21069112444951035,-0.45036340250714929)
 (0.78703254682104862,0.089350928570898991)
 (0.43140905315674427,-1.5847351416616446)
 (1.5617641444142396,-1.8297836613764835)
 (-0.63884616258007254,-0.42170015055192811)
 (0.1895847300364123,1.238689928485273)
 (-0.4717217925602768,-0.034508074219752563)
 (-0.37423150374395459,-0.96192063453938403)
 (-0.92090744466470709,1.3523343639343672)
 (0.77437542557676886,-1.2301063838959085)
 (0.89195115493289245,-0.24659774433848275)
 (1.1327425849510295,-1.6161865708822687)
 (0.57622023808475198,1.0161997103775002)
 (0.089671761263030947,-0.32653589282071671)
 (0.65422642580268531,-0.062376549517804525)
 (-1.088522711128239,0.2075500985326606)
 (0.37876226085549269,-0.52211564758769691)
 (0.1387583500547151,0.31021077103970529)
 (-0.27001209328522824,-0.027754495840966037)
 (0.4451984943591844,0.62473409382602696)
 (-0.59978441728492782,-0.09073828857326377)
 (1.6012321112883456,-0.59339288360760045)
 (0.90174491788273015,-1.0114215882610389)
 (0.73300743495170351,-0.22926529480640662)
 (-0.56075212977436029,-0.12969604611740032)
 (0.42281176336223286,-0.71014010002751493)
 (0.061237762744650419,-0.1248172869926451)
 (-0.7060423618255911,-0.63715789591573901)
 (0.67143623909559413,0.082372966563146161)
 (-0.63778222102272575,0.029758400297218379)
 (0.088014435798409132,-0.025042020474596582)
 (-0.52156093931656089,-0.91100694452508335)
 (0.50237123571902331,1.6333385399339848)
 (0.046689571243346786,0.065723600989729763)
 (-0.39017624311869342,0.18787249999291583)
 (-0.16933846939329728,-0.3118034292633598)
 (-0.78136792072133454,0.34524000769017904)
 (-0.75548924841678167,0.63664128972314016)
 (-0.71198714161242904,0.049903750522715812)
 (0.077446825261447638,-1.9057181917364094)
 (-0.44847527243881619,-0.041386159732391015)
 (0.0038575299704777799,1.1707113464164065)
 (-0.49682553355085329,0.6585656753913367)
 (-0.28743428582327957,0.99907550851585059)
 (-0.79721617450354176,-0.27925082992403466)
 (1.0056282149909843,-0.47704790901424776)
 (1.3840024489885561,1.660823221717219)
 (1.0458961047309869,-0.30771611888743039)
 (0.44678495087067571,-0.44857567961238232)
 (-0.057759292224901337,-1.0904471739759778)
 (-0.70664649347030073,1.2439005369123541)
 (0.014107687721600204,-0.14689900257035315)
 (-0.086400494976752451,0.22002017701140669)
 (-0.7273679158452856,-0.92702331805552485)
 (0.59229874038838537,0.070550948107771599)
 (1.561286299013269,0.99246249707995093)
 (-0.41431868463936872,-0.55163941290151819)
 (0.24072265592259875,0.80324567552294712)
 (0.031867148603183612,0.037666063590384727)
 (-0.0099738133921330741,0.42810149400146291)
 (-0.14728935863081502,0.22052803152523442)
 (-0.090969625843890262,0.13023277557119306)
 (0.15772972725496451,-0.10901383242569064)
 (1.4555743598112956,-0.14470033811883432)
 (0.29585562712216479,-1.1320831042905692)
 (-0.99506938007518642,0.23088132118368465)
 (0.2103641201788265,0.83803618000402824)
 (-1.7976729481419194,-0.32955549475321599)
 (0.41808164463994502,0.7906415942707623)
 (0.39533924811851939,-0.52431007282414799)
 (0.20673751971885432,0.015293865527596429)
 (0.055001421607037887,0.23681128779979913)
 (-0.41965803099070298,-0.11443149859677633)
 (0.022114328336688374,0.29151470951502878)
 (0.76600829033602391,0.0356484633883975)
 (-0.2975148954513927,-0.19513763550342247)
 (1.1457581132865386,-0.20673873254962682)
 (1.9067249907354165,-0.62627234365604423)
 (0.80146084445150478,1.2849144719236456)
 (1.0954573448676492,0.21912503533481398)
 (-0.50950230127285512,-1.1462052472102309)
 (0.46298051398114226,-0.18065360609719661)
 (0.59097994022098177,0.52834047141265017)
 (-0.013164317806249951,-0.35281436490523699)
 (1.3844705267685127,0.091634998715641292)
 (1.3990571619004277,0.73042979044161072)
 (-0.092696758096004389,-0.80217066751376875)
 (-0.41835819993439782,0.45347373402010532)
 (0.35086113595067886,-0.13848432671191108)
 (0.89859273687696306,0.84586307371879765)
 (0.79699637694798409,-0.84255396160954454)
 (-0.46517742313801214,0.033517347580020479)
 (0.82280270294094104,-0.88334713746504323)
 (-0.069332981761588211,-0.46867709230418092)
 (-0.041939102926418642,-0.31447242384316659)
 (-0.42175697980179183,0.35734084321906368)
 (0.28850792621716137,-0.082025068459030778)
 (0.15909225875775751,0.17562172662328673)
 (-0.15318133405858464,0.44208012882048114)
 (0.084565575698233197,1.5616264728105493)
 (0.29433648591522349,-0.32138158671769451)
 (-0.77081553448122275,0.28809472184228657)
 (-0.1671482826274765,-0.16372174102263115)
 (0.65515778779062772,0.82655042129198586)
 (0.20771794588382234,-0.23539811309859496)
 (1.100225451447582,-0.30387013680118347)
 (-0.80836059441292252,0.34325628923806917)
 (-1.7278951498185522,-0.092904297897650201)
 (-0.87411570963960239,0.11590990886862906)
 (1.2886761512679814,-1.1297971772143311)
 (-0.032559689897878503,0.25625033356550664)
 (0.3786319329604792,-0.059308982588283821)
 (0.4179293339480239,-0.52077157345347347)
 (1.6722121740619167,0.12265967243546183)
 (-1.3647234851715258,-1.4312338449894)
 (0.21570831159178097,0.6029640815568853)
 (0.14904481750470919,-0.98369476440394843)
 (0.79155528074456494,-0.19707282197030745)
 (1.0539640810321234,0.31513197589152553)
 (0.9930812981420023,-0.67554111737057487)
 (-0.36512747301316045,0.11480635246629876)
 (-0.22440095171957289,-0.067823831099311199)
 (0.60194183887091546,1.5930326299741648)
 (-0.038055264606752071,-0.94611637939295501)
 (0.38108016228494296,0.82958996645225702)
 (0.51131442867623622,-0.46785363071840025)
 (-0.72925940876465245,0.48612395666677266)
 (0.80069826869114546,0.18025051664228964)
 (-0.12366447341290809,-0.43865239645377041)
 (1.117661291689183,0.30404482938922123)
 (0.96990388724836141,0.25661695724369826)
 (-0.94841658657064609,0.0082826073694266533)
 (-0.53256283479697564,0.4345395066425492)
 (-1.1975461589426204,-1.4186843680052723)
 (0.38314773078013076,0.18808650821039818)
 (-0.22588857533311274,0.40585222898707501)
 (-0.2171845769876885,-0.31895917701552184)
 (-1.0517088023771377,-1.3189466227083022)
 (1.2963414606973702,-0.46754402896606362)
 (0.38584858450868542,0.27611236112637649)
 (0.043745930282451245,-0.54200986684220809)
 (0.19043545849961838,-0.14762104767324877)
 (0.9051998661442423,-0.84775801452893607)
 (-0.66250932925144335,0.31861088256483461)
 (-0.050336990473465661,0.14050248070322185)
 (-0.6047021220926887,-0.64385723780875148)
 (0.19394424703046492,-0.48076877733714513)
 (-1.306361271762237,-1.2615596890298448)
 (-0.70236291218350266,0.26910778220717396)
 (-0.003869478851603575,-0.18491402816537791)
 (-0.47165997576392787,-0.295485405826034)
 (0.43193652762807028,0.53983273605281024)
 (-0.31690542183757647,-0.33556369161364391)
 (-0.26180099502914633,-0.025438810146275706)
 (-0.22640955786328729,-0.63222204610589627)
 (0.29249881627941182,-0.86123577031106546)
 (0.6433043320407773,-0.13447359118778451)
 (-0.88138191128039711,-1.3639628611944419)
 (0.2756169006847472,-0.10232661919088053)
 (-0.042878717474578637,0.26453595165407873)
 (1.2523175013715315,0.096523562009471986)
 (-0.10231972303815963,0.29526625580325516)
 (0.34687408693175814,0.095983263516656286)
 (0.2240808092231997,-0.58237846649533853)
 (-0.86833559324011744,0.43482406941288032)
 (0.13057880796792407,0.16077121088206967)
 (0.48679336100967469,-0.98424633338684708)
 (0.63204330730657243,-0.90205424792875477)
 (-0.38325797403670586,0.0073512492001017726)
