# Created by Octave 8.4.0, Thu Dec 11 09:47:22 2025 IST <gamana@Samsung>
# name: awgn20
# type: complex matrix
# rows: 2048
# columns: 1
 (0.90495516047310776,-1.0718168427390844)
 (-0.29491337107511723,0.94730215348682067)
 (-0.41935938350719715,-0.82121438190812246)
 (0.18952995505788928,0.95521404824527723)
 (-0.9252383954768969,0.99516504865454136)
 (-0.91963000408784878,-0.27770694262563778)
 (0.88258624354781634,-0.24409675848378418)
 (-0.96774938838349722,-0.21910514485991278)
 (0.3143644844755622,-0.31288965351676956)
 (-0.9031989684297127,-0.34180229908912163)
 (0.33853487666903909,-0.23979076711237229)
 (0.24663629707571438,1.004471945744307)
 (-0.32501713307138519,1.0520014023662914)
 (0.88373712565270712,0.20006785996541204)
 (-0.36331615105644749,-1.0082026897600587)
 (0.37305021694129781,-0.38995790191169888)
 (0.36373151038003837,0.20968404111641772)
 (-0.33046390237862849,-0.79138942662454559)
 (-0.97299211917538997,0.22944623890256147)
 (-0.94759473485744838,0.31527156881558344)
 (-1.0154568649187607,0.41460452271691906)
 (0.86904710137802244,1.0090358821792105)
 (-0.42654491531615207,0.30079263912422177)
 (-0.31122736919151983,1.0032398645727802)
 (0.31627638190699703,0.32082915729457789)
 (1.0151708423777062,0.92789688849738472)
 (-0.28186744978151662,-0.97152555394415729)
 (-0.30432111528245515,-0.79763409768301075)
 (-0.28435182686210886,-0.38925211007945593)
 (-0.26599318660695209,-0.31072065704291535)
 (0.98971422706617229,-0.41359182207521311)
 (0.83825551052226743,-0.44342549185497182)
 (-0.22446458174860784,-0.88447557458536286)
 (-0.39812721782171157,-0.92329040509242732)
 (0.35144737036825618,-0.23745802453984743)
 (-1.059168378775496,0.98123301059490386)
 (0.9500015452328382,-1.0041241598919537)
 (1.0201137175454629,-0.3245670165026649)
 (0.37526539823515709,-0.37727951282062422)
 (0.40560749902235277,0.3578900931078276)
 (1.0145242943088764,0.30509606370509651)
 (-0.17384112603688326,-0.20893404699725082)
 (-0.28692497788906224,-0.78072031193235947)
 (0.95945120650873006,0.87073539306399461)
 (-1.0538912889892267,0.31958047823844526)
 (0.45043553745732567,-0.33992942611731258)
 (0.90380745106540517,0.98891055266990202)
 (-0.97051495354040151,-0.2946744833605246)
 (0.29458752244220604,0.32564619179603616)
 (0.21023718778803685,0.33858801468721578)
 (-1.0457809837121403,0.35064385590667335)
 (-0.97490562302272188,-1.0687664178183345)
 (0.2691420170340082,0.87228014786119312)
 (0.24092750674345964,-0.90490752019512877)
 (-1.0013612543741177,-0.94587602119991687)
 (0.28952927474966078,-1.0236985530342808)
 (-0.35556210709040192,1.0165737643415225)
 (-0.3778980864760359,-0.32021656950411331)
 (0.36223959306370435,-0.91475403101322272)
 (-0.36678965006076092,0.2518016702870175)
 (0.98375251759814708,-0.94513621233977563)
 (0.42016710597574725,0.88333149945118217)
 (0.92671600652894126,0.83208694478636513)
 (-0.98466522433931658,-0.92513285168276438)
 (0.17371659331577569,0.28836192040271458)
 (0.2263829511836466,-0.89111915099056882)
 (0.23291600894074105,0.35645256135503889)
 (-0.33534024670877016,-0.91477005713385051)
 (-0.32377956830741117,0.40702510589887619)
 (0.27183695589924894,-0.96300510031412112)
 (1.0787776673845828,-0.96339831599238102)
 (-0.38022681979766915,0.92857498276490735)
 (-0.96009211827193386,0.96990307155632405)
 (0.30462612531000477,-0.40138497796495215)
 (-0.78066673754502158,0.28871185250401571)
 (-0.99902399200034742,-0.31423265671896766)
 (-0.95833468206375871,0.97384099199361707)
 (0.91785548418590912,-0.98278619065522832)
 (0.40695271553142209,0.33188818909480527)
 (0.43666240820565977,-0.96511254057187745)
 (0.31692136133339516,0.26886776132692719)
 (0.9913671177737966,-0.90018069553906488)
 (1.126111735498859,0.31005530490015204)
 (0.95346252088811845,-0.84018591797141307)
 (0.85897073925233591,0.36072822359556073)
 (-0.89504450215471443,-0.89594783623333873)
 (-0.30982064880718518,0.81130484300673888)
 (-0.17159506402592956,0.25501620150035309)
 (-0.20675098845585715,0.33579000202501474)
 (0.96080554506569038,-0.13110107861977355)
 (1.039660669027239,-0.82790766530163218)
 (-0.34532414738048589,-0.890853496996589)
 (0.26900826734308986,1.0388979285697066)
 (-0.34181920664333815,-0.33901119180176131)
 (0.3091047492141038,-0.96732769623091364)
 (0.95292395989887368,-0.93051349578396092)
 (-0.44342409179753217,0.39410565401605124)
 (-0.96510836545063605,0.83946567111518378)
 (-0.82716676522555688,-0.22325370246070286)
 (0.27795188464295351,-0.32883162273441535)
 (-0.34096034598995362,-0.36170801231426941)
 (0.38010718612286692,-0.92359626027679742)
 (-0.94231585751565428,1.0156765519223758)
 (0.94941140619876851,-0.26318998173541064)
 (-0.88841944791792016,-0.46750723204411837)
 (-0.97846239869512486,0.38217674424493769)
 (0.92941298311725895,-0.94644331032786)
 (0.43230208499670147,-1.0675035130627957)
 (0.32458665421848792,0.84557916780077513)
 (-0.96123439001121258,-0.25332279513177058)
 (-0.85499147840278078,0.84695975042833005)
 (-0.35653135660669599,0.10705359838756298)
 (0.98738966175277121,-0.90846994544594417)
 (-0.92171287124223511,-1.0041043402116461)
 (-1.0505709347667442,-0.874934958493363)
 (0.969020348859707,-0.87439494617013303)
 (-0.28970856038047771,0.89848796995283864)
 (0.23131270881916793,-0.95760805674589733)
 (0.91943883886455524,0.28442570778194731)
 (0.2205633835747082,0.21584189450472949)
 (0.33820626937271175,-0.97893023239523524)
 (-0.92169620174238176,0.18156773483622921)
 (-0.92643660956852991,-0.30080425680102774)
 (-0.99333925797369915,-0.34992447445205987)
 (0.38536797097388842,-0.41941269317182162)
 (-0.89216797700403716,0.30872300477637349)
 (-0.34169002270539395,0.4200430764888492)
 (-0.30920898803016972,0.26309889346738469)
 (-0.95594456305502518,-0.20243647379265498)
 (-0.27780442651419507,0.26183788024481403)
 (-0.85559951590627248,0.37722858141593252)
 (0.23760334107497813,0.26710697811506579)
 (1.0222646202986643,0.3120291103618637)
 (-1.0070727831664619,0.84085324725705013)
 (-0.8821735975292021,0.95806038072073174)
 (-0.3127259043617987,-1.0240550255105394)
 (0.94274393933686251,0.95764679538548991)
 (0.25965196472069529,-0.28153726650642436)
 (-0.3220166585891992,0.38266961957574447)
 (0.23358007903293349,-0.27770980595518724)
 (-0.2883777150974991,-0.92237420817787574)
 (0.35943369599718916,-0.91419935577703948)
 (-0.33303051551964125,0.94242096923827967)
 (0.41762063873747313,0.29770850631396872)
 (-0.863581489101925,-0.20567922963529797)
 (-0.18986998627320603,0.3707346623916779)
 (0.88027891771192157,-0.39433160770324727)
 (-0.8862836608406548,0.1902874943538865)
 (0.85188305305073886,0.28043649205538812)
 (1.0034702050063764,-0.85445457359444199)
 (0.87194509801339604,0.26196612698719657)
 (-0.27518818656695188,0.88573885275319475)
 (0.33343656588051046,-0.36473064625271451)
 (1.0110544173597207,-0.89203110766576799)
 (-0.98233095289442718,0.26742683660725836)
 (0.40006059060113475,-1.0003915333017004)
 (0.17492956494271203,-0.27940376228572394)
 (0.34828239513135667,0.32009853346844308)
 (0.2513159500797138,-0.93784220949643615)
 (-0.84747889103619167,-0.87536157658858305)
 (-0.29302316943013829,-0.88170985489954579)
 (0.30720937301552359,-0.91353450433915506)
 (0.30970622400580666,0.41297819962119064)
 (-0.28495846702233679,-0.37173694704799098)
 (0.255258776917487,0.97144875042329037)
 (-0.93211499840921197,-0.43121308995133406)
 (-1.0363209095136161,-0.27162678375827876)
 (-0.37766139640178042,-0.90398721464821263)
 (0.87086548892441396,0.25457158012853676)
 (0.43855313399645107,-0.35881214050868648)
 (-0.88912024186974703,-0.23071635155608361)
 (1.0011196004043705,-0.3801051791242922)
 (-0.3773277324317193,1.0385832436369329)
 (-0.30878336343969115,-1.0822325027522872)
 (-0.31547999634734303,0.41151085592924663)
 (0.32074666081026748,0.93249931337914627)
 (-0.43977448901416688,-1.030730090158148)
 (-0.21303309570638984,0.20997012522061698)
 (-0.96158523566090703,-0.86135159390299043)
 (-0.85690309609442483,-0.41997560307206694)
