# Created by Octave 8.4.0, Thu Dec 11 09:47:22 2025 IST <gamana@Samsung>
# name: awgn20
# type: complex matrix
# rows: 2048
# columns: 1
 (0.29551133567649601,0.81797663826141709)
 (-0.83493905566314341,0.98739838426452908)
 (1.0199005508940036,0.93549383361245164)
 (0.40636711441605811,0.31767144620604476)
 (0.36825055772642573,-0.44559737179453285)
 (-0.3743757541754944,0.23090736747043422)
 (-1.0343973144592087,0.24561846636920126)
 (-0.38852049667139937,0.30874124794770835)
 (0.26402305092669437,0.87880430433598633)
 (-0.87689839692428984,0.33955322211551225)
 (0.94364830597862792,-0.32272626150234923)
 (1.0422367546216955,-0.30777647369207117)
 (-0.88084988705754974,-0.15670040509094002)
 (0.36959019337221011,0.99565251657863585)
 (-1.0237772715933477,0.2551374505316657)
 (0.28855827648885912,0.99855086332435428)
 (-0.38214955461111855,-0.37146839278713528)
 (-0.25144994248209784,-0.87531954624248198)
 (0.25555400415814455,-0.90757180111734681)
 (-0.37566241407491408,0.37680654301482519)
 (0.42867317301104785,0.22399719126394402)
 (1.026784867213641,0.42296844868599548)
 (-0.88109088471815245,0.30786537667910696)
 (0.83032580149442192,0.14012753169254225)
 (-0.98778511085036746,-1.0049605263615244)
 (0.25048559862455477,-0.31100832290466673)
 (-0.98314335980416567,-0.40532418503750689)
 (-0.96856802289568245,0.37090799980463468)
 (-0.92595618162355942,0.52513011418913558)
 (-1.1173162416727449,0.93421446587596557)
 (0.46146229126352922,-0.99804104869444776)
 (-0.19544732737395956,-0.30553237414355372)
 (0.27733499924571414,0.95963310818144476)
 (-0.22105022686945971,0.37082555145610185)
 (-0.24947331379105647,-0.99641824225831266)
 (-0.92221468982636257,0.33540698183002887)
 (0.1763020668897741,1.058615022944041)
 (0.29026171031061049,0.34206207915522158)
 (-0.97002802539774768,-0.90520783184450027)
 (-1.0643591479512422,-0.34436560933811405)
 (0.239904529207703,-0.8869934946167074)
 (-0.9496518300769361,-0.27547835941541959)
 (-0.15272951726959744,-0.31105479846918943)
 (-0.92322900282140108,0.8192792133828215)
 (1.0663599238376886,0.98593283172518131)
 (0.31818192491055541,0.23070250367321038)
 (-0.97736318178250359,1.0201411727848466)
 (-0.90297958036299364,0.32451454167593752)
 (0.93204824655827134,0.28355274066120145)
 (0.25839988571762451,-0.53529539057941933)
 (0.38491887777151379,-0.28118258493732329)
 (1.0234280648315655,-0.26930044931767255)
 (0.32258896984433255,1.0370005432408311)
 (-0.25937933127022722,0.29663839153387217)
 (-0.9848758672255653,1.0848089357286539)
 (-0.91506672153218371,-0.32826578080416341)
 (-1.0271405540701952,0.96366487106343224)
 (1.01760943909844,-0.2911106633441638)
 (-0.25396303727335023,0.27078041405906211)
 (0.24201346736368637,0.21994161246317462)
 (0.97261566289513224,0.41972631758630707)
 (-0.32313218320251236,0.95125254880908716)
 (0.85878719520242353,-0.38410163008877246)
 (-0.93317357857210259,-0.32681790523598975)
 (0.94415426888555387,-1.0887109172580307)
 (0.97657469670480734,0.9297340622681135)
 (0.941041942005444,-0.38089445934825544)
 (0.31037415492681975,1.0079160930847257)
 (1.0762855780248168,0.88105569274627482)
 (-0.96739203875625335,-0.42355699367404426)
 (-0.94530376214492484,0.89337178680706208)
 (-0.24194691598548579,-1.0122556441176087)
 (0.9457363216977358,-0.40607030912126302)
 (-1.0212524085607375,0.88069513481120709)
 (0.97784614683256399,0.9693847867805917)
 (-0.99793319560566474,0.89801739117966373)
 (-0.92116594316585365,0.26854856723667442)
 (-0.3344332409896037,-0.21249206279117411)
 (-1.0445321458528933,0.35220199760476684)
 (-0.22546561671969012,-0.92336248154539502)
 (-0.23510847191103776,0.97589099468207341)
 (0.91809033381765415,-0.95745061836081047)
 (0.98510943489536507,0.35317022312714663)
 (1.0070687632906068,1.0549558632087255)
 (-0.98512669799139352,-0.25296563626522511)
 (-0.34351399695480717,-0.94282725026328418)
 (1.0505185594062951,0.37123794118045739)
 (1.0058723075869254,-0.35335012048651043)
 (0.9369317564873717,0.28024281336390205)
 (-1.0040442799004055,-0.98284730633375206)
 (-0.85142474513498256,-0.96748380575522164)
 (0.28991109224361439,-0.31666636552746236)
 (0.26209430184034216,-0.17567331960569996)
 (0.92085341626370965,-0.46070060789558998)
 (-0.24603162678393631,0.92505230846800823)
 (0.96019232395337151,-0.93834698075799761)
 (-0.89587573166816614,-1.0438749429280567)
 (-0.23645870518031875,-0.32770840405542356)
 (-1.049060482395181,0.2927053584901117)
 (0.2381288841905132,-0.98522389222566853)
 (-0.29626549336808533,0.88925139583020496)
 (1.0265319884633541,0.39328971354467213)
 (-0.3631372498296157,-0.35115508134265111)
 (-0.82012343305365398,-0.90136195185182966)
 (-0.35747642758918358,0.99745954874174192)
 (0.89471024410307298,0.32951138716504896)
 (-0.35050788313405684,-0.33242182407584686)
 (0.38079554113600755,0.39075008331935046)
 (0.99599236292562232,0.266094026426548)
 (0.30442890852099364,-0.38953218598457323)
 (-0.95725612362857115,0.2941005061917511)
 (-0.78248177108988037,0.36300675931617832)
 (-0.97098757472027797,-0.99477052878342542)
 (-0.32119203505212329,-0.99889320164757944)
 (0.94919114746606548,-0.1434278290100767)
 (-0.82010307868773114,-0.98003824668765249)
 (1.0591370774158837,-0.25954172582899254)
 (-0.94570827038655358,0.40134008766656182)
 (0.94900836929076393,-0.9637868288300625)
 (-0.27704723467368308,0.30009366611728128)
 (0.89216268213213146,0.99163616289402712)
 (0.23837152383082399,0.88177915808261031)
 (0.9827574406703895,-0.40635666341439453)
 (0.90627033264498569,0.93599449458583384)
 (0.25642869006816826,1.0095581896353933)
 (-0.28245567466868443,0.37205982097156498)
 (-0.88224989083100069,0.27263570963393913)
 (0.84341013596873604,-0.3166833940440863)
 (-0.98420991089700904,0.7827239057370492)
 (-0.92042522939665583,-0.88253055780982936)
 (0.33482846601794464,0.86761838618600318)
 (0.1939423059538799,0.27936462985543231)
 (0.89949035634837848,-0.98940515266222206)
 (-0.90959856453822197,0.94343347973245839)
 (0.39890059640898667,-0.25992286192745734)
 (0.46124071195405786,-0.1578214352250327)
 (-0.15439116189035246,-0.3721639576335849)
 (0.9049980014466753,-0.36435097283222528)
 (-0.19892012739091042,0.3592671038816001)
 (-0.24206776827847665,0.91852640602750346)
 (-0.30152920969924807,0.23712469204282849)
 (-0.45225710995904644,0.89062477559540143)
 (0.89274468941646568,1.0316054160721295)
 (-0.26008245757337267,0.24213417989171515)
 (-0.92460440569632996,-0.30606609219456893)
 (-0.93886950777443823,0.9638688664912004)
 (0.39951210359010425,-0.97639636650215444)
 (0.86957599080929526,0.29279682049463052)
 (-0.40368558926384246,0.9073685889903691)
 (-0.95675742142315123,-0.28251610372946473)
 (0.88966953638888513,1.0745256132023515)
 (0.25964178298261031,0.23588424817067716)
 (0.36879527006472052,-0.36005641348533068)
 (0.31721790288702911,0.97599519544614144)
 (0.92033138873388731,0.31882238695772658)
 (-0.9884943416003158,-0.37576921914639583)
 (0.40427896182673512,0.92020355207658044)
 (0.9679836604871036,-0.25160525462592209)
 (0.38070870487124553,0.97402276795773468)
 (0.33554233907469555,0.37458747681029114)
 (0.2919709941162037,-0.2589917087853667)
 (-0.92819617680746336,-0.29622987679106094)
 (-0.85603377171338879,-0.88878396380673996)
 (-0.36020036957077761,-0.99780550658760714)
 (-0.3028514882695103,-0.95409956444917388)
 (-1.1641666133526125,0.3109897822136003)
 (-0.9738966298045908,-0.99895487166892571)
 (-1.1195899837528616,0.277351658502762)
 (-0.95539218731785536,0.32769264496932454)
 (-0.39001435840680748,-0.87075291878626682)
 (0.88664541799979146,0.37802133325729825)
 (-0.91114985959587036,-0.24008599538016134)
 (1.0253863698121211,-1.0476024131533803)
 (-0.42495306586096171,0.22024807419216033)
 (1.0694910768620836,0.33846966479571838)
 (0.3535648768941827,0.90939095098178924)
 (-0.4017354015813972,0.99227091658924627)
 (-0.88758813675685211,0.95346745745143613)
 (0.27018654691731747,0.90408201788428966)
 (0.96241772026595929,0.97357899955952998)
 (-0.9373607367629464,0.3699296432120347)
