# Created by Octave 8.4.0, Thu Dec 11 09:47:22 2025 IST <gamana@Samsung>
# name: clean
# type: complex matrix
# rows: 2048
# columns: 1
 (0.31616602087009754,-0.94849806261029257)
 (-0.31616602087009754,0.94849806261029257)
 (0.94849806261029257,-0.31616602087009754)
 (0.31616602087009754,0.31616602087009754)
 (0.94849806261029257,0.31616602087009754)
 (-0.94849806261029257,0.31616602087009754)
 (0.94849806261029257,-0.31616602087009754)
 (0.31616602087009754,0.94849806261029257)
 (0.31616602087009754,-0.31616602087009754)
 (-0.31616602087009754,0.94849806261029257)
 (0.31616602087009754,0.94849806261029257)
 (0.94849806261029257,0.31616602087009754)
 (0.94849806261029257,-0.31616602087009754)
 (-0.94849806261029257,0.31616602087009754)
 (0.94849806261029257,0.31616602087009754)
 (0.31616602087009754,-0.94849806261029257)
 (-0.31616602087009754,0.31616602087009754)
 (-0.31616602087009754,0.94849806261029257)
 (-0.31616602087009754,0.94849806261029257)
 (-0.31616602087009754,0.31616602087009754)
 (-0.31616602087009754,0.31616602087009754)
 (-0.31616602087009754,0.31616602087009754)
 (0.94849806261029257,0.31616602087009754)
 (-0.31616602087009754,0.31616602087009754)
 (0.31616602087009754,-0.94849806261029257)
 (0.31616602087009754,0.94849806261029257)
 (-0.31616602087009754,-0.31616602087009754)
 (-0.94849806261029257,-0.31616602087009754)
 (0.31616602087009754,0.94849806261029257)
 (0.94849806261029257,-0.31616602087009754)
 (0.31616602087009754,0.31616602087009754)
 (-0.31616602087009754,-0.31616602087009754)
 (0.94849806261029257,-0.31616602087009754)
 (0.94849806261029257,-0.94849806261029257)
 (0.31616602087009754,-0.94849806261029257)
 (-0.94849806261029257,-0.94849806261029257)
 (0.94849806261029257,-0.94849806261029257)
 (0.31616602087009754,0.94849806261029257)
 (-0.31616602087009754,-0.31616602087009754)
 (0.31616602087009754,0.31616602087009754)
 (-0.31616602087009754,-0.31616602087009754)
 (0.94849806261029257,0.94849806261029257)
 (0.94849806261029257,-0.31616602087009754)
 (0.31616602087009754,-0.94849806261029257)
 (0.94849806261029257,-0.94849806261029257)
 (-0.94849806261029257,0.94849806261029257)
 (0.94849806261029257,0.94849806261029257)
 (0.94849806261029257,-0.31616602087009754)
 (-0.31616602087009754,-0.31616602087009754)
 (-0.31616602087009754,-0.31616602087009754)
 (0.94849806261029257,-0.94849806261029257)
 (-0.31616602087009754,0.31616602087009754)
 (0.31616602087009754,0.31616602087009754)
 (-0.31616602087009754,0.94849806261029257)
 (-0.31616602087009754,-0.94849806261029257)
 (0.94849806261029257,-0.94849806261029257)
 (-0.94849806261029257,-0.94849806261029257)
 (-0.31616602087009754,0.31616602087009754)
 (-0.31616602087009754,-0.94849806261029257)
 (0.94849806261029257,-0.31616602087009754)
 (-0.94849806261029257,-0.94849806261029257)
 (-0.94849806261029257,0.94849806261029257)
 (-0.31616602087009754,-0.31616602087009754)
 (0.31616602087009754,-0.31616602087009754)
 (-0.94849806261029257,0.31616602087009754)
 (0.31616602087009754,-0.94849806261029257)
 (0.31616602087009754,0.31616602087009754)
 (-0.94849806261029257,-0.94849806261029257)
 (0.31616602087009754,0.31616602087009754)
 (0.31616602087009754,-0.31616602087009754)
 (0.31616602087009754,0.31616602087009754)
 (0.94849806261029257,-0.94849806261029257)
 (-0.31616602087009754,0.31616602087009754)
 (0.31616602087009754,0.94849806261029257)
 (0.94849806261029257,-0.31616602087009754)
 (0.94849806261029257,0.94849806261029257)
 (-0.94849806261029257,-0.94849806261029257)
 (0.94849806261029257,0.94849806261029257)
 (-0.31616602087009754,-0.31616602087009754)
 (-0.94849806261029257,-0.31616602087009754)
 (-0.94849806261029257,-0.94849806261029257)
 (0.94849806261029257,-0.31616602087009754)
 (0.94849806261029257,-0.94849806261029257)
 (0.31616602087009754,0.94849806261029257)
 (0.31616602087009754,0.94849806261029257)
 (-0.31616602087009754,0.94849806261029257)
 (0.31616602087009754,-0.94849806261029257)
 (0.94849806261029257,-0.94849806261029257)
 (-0.94849806261029257,-0.94849806261029257)
 (0.94849806261029257,-0.94849806261029257)
 (-0.31616602087009754,-0.94849806261029257)
 (-0.94849806261029257,-0.94849806261029257)
 (-0.31616602087009754,0.94849806261029257)
 (0.94849806261029257,0.31616602087009754)
 (-0.94849806261029257,-0.94849806261029257)
 (-0.94849806261029257,-0.94849806261029257)
 (0.94849806261029257,-0.31616602087009754)
 (0.94849806261029257,-0.94849806261029257)
 (0.31616602087009754,-0.31616602087009754)
 (0.94849806261029257,-0.94849806261029257)
 (-0.94849806261029257,0.31616602087009754)
 (-0.31616602087009754,0.31616602087009754)
 (0.94849806261029257,0.94849806261029257)
 (-0.94849806261029257,-0.31616602087009754)
 (-0.31616602087009754,0.31616602087009754)
 (0.31616602087009754,0.94849806261029257)
 (0.31616602087009754,-0.31616602087009754)
 (-0.94849806261029257,-0.94849806261029257)
 (-0.94849806261029257,0.94849806261029257)
 (0.94849806261029257,0.31616602087009754)
 (0.31616602087009754,-0.94849806261029257)
 (0.94849806261029257,0.31616602087009754)
 (0.31616602087009754,0.94849806261029257)
 (0.94849806261029257,-0.94849806261029257)
 (-0.94849806261029257,0.94849806261029257)
 (0.94849806261029257,-0.31616602087009754)
 (-0.31616602087009754,-0.94849806261029257)
 (0.94849806261029257,0.94849806261029257)
 (0.94849806261029257,0.31616602087009754)
 (-0.31616602087009754,-0.94849806261029257)
 (0.31616602087009754,0.94849806261029257)
 (-0.31616602087009754,0.94849806261029257)
 (0.31616602087009754,0.31616602087009754)
 (0.31616602087009754,-0.94849806261029257)
 (-0.94849806261029257,-0.94849806261029257)
 (-0.31616602087009754,0.94849806261029257)
 (-0.94849806261029257,0.31616602087009754)
 (0.94849806261029257,-0.94849806261029257)
 (-0.31616602087009754,0.31616602087009754)
 (-0.94849806261029257,-0.94849806261029257)
 (0.31616602087009754,0.94849806261029257)
 (0.94849806261029257,-0.31616602087009754)
 (-0.31616602087009754,-0.94849806261029257)
 (-0.31616602087009754,-0.94849806261029257)
 (0.31616602087009754,-0.94849806261029257)
 (0.94849806261029257,-0.31616602087009754)
 (-0.94849806261029257,0.31616602087009754)
 (-0.94849806261029257,0.31616602087009754)
 (0.31616602087009754,-0.94849806261029257)
 (-0.31616602087009754,-0.94849806261029257)
 (-0.31616602087009754,0.94849806261029257)
 (-0.31616602087009754,0.94849806261029257)
 (-0.31616602087009754,-0.31616602087009754)
 (0.31616602087009754,-0.94849806261029257)
 (-0.94849806261029257,0.31616602087009754)
 (0.31616602087009754,-0.94849806261029257)
 (0.94849806261029257,-0.31616602087009754)
 (-0.94849806261029257,-0.31616602087009754)
 (-0.31616602087009754,-0.94849806261029257)
 (0.31616602087009754,0.31616602087009754)
 (0.31616602087009754,-0.94849806261029257)
 (-0.31616602087009754,-0.94849806261029257)
 (0.31616602087009754,0.94849806261029257)
 (0.31616602087009754,0.94849806261029257)
 (0.31616602087009754,-0.31616602087009754)
 (0.31616602087009754,-0.94849806261029257)
 (-0.94849806261029257,-0.31616602087009754)
 (-0.94849806261029257,0.31616602087009754)
 (0.31616602087009754,0.31616602087009754)
 (-0.94849806261029257,0.31616602087009754)
 (-0.31616602087009754,0.94849806261029257)
 (-0.94849806261029257,0.31616602087009754)
 (-0.94849806261029257,-0.94849806261029257)
 (0.94849806261029257,0.31616602087009754)
 (-0.94849806261029257,-0.94849806261029257)
 (-0.94849806261029257,0.94849806261029257)
 (0.94849806261029257,-0.94849806261029257)
 (0.31616602087009754,-0.31616602087009754)
 (0.94849806261029257,-0.94849806261029257)
 (0.94849806261029257,-0.31616602087009754)
 (-0.94849806261029257,-0.94849806261029257)
 (0.31616602087009754,0.94849806261029257)
 (-0.94849806261029257,0.31616602087009754)
 (0.31616602087009754,0.94849806261029257)
 (0.31616602087009754,-0.94849806261029257)
 (-0.31616602087009754,0.94849806261029257)
 (0.31616602087009754,-0.31616602087009754)
 (-0.31616602087009754,0.31616602087009754)
