# Created by Octave 8.4.0, Thu Dec 11 09:47:22 2025 IST <gamana@Samsung>
# name: awgn20
# type: complex matrix
# rows: 2048
# columns: 1
 (-0.88506173575596003,-0.25839787431473799)
 (-0.90560415814060158,0.93770621506618101)
 (-0.35132611562293603,-0.34725007959889309)
 (0.92420905067365788,0.90709634316155741)
 (0.90711161400622142,-0.18234975091778075)
 (-0.29462534660465561,1.0355339490428834)
 (0.93846407520737396,0.89705573277119277)
 (-0.28064774722601155,0.96507331552892617)
 (-0.38637117709796864,-0.26308152372984084)
 (0.3709137208193603,0.92565131550494295)
 (0.95678631364188793,-0.91687804300323483)
 (0.18343277297145422,0.43756757319984091)
 (0.36283993806620585,0.90235065882459164)
 (-1.0159565748179522,-0.3976026136159338)
 (-0.51884132456741305,0.33810206112575142)
 (0.28305852114015345,-0.32233156303140004)
 (-0.35088536422593386,-0.28836616153119737)
 (0.9813406271817966,-1.0139214576479427)
 (-0.92811245093223826,0.3691901182704127)
 (-0.21903357839791782,-0.92726022221667936)
 (0.94419730347070696,-0.96923999458042909)
 (0.93490844069091539,0.34143578459535928)
 (0.96559699938730226,-1.0125615472719336)
 (0.30953894241372765,0.93747759871752789)
 (0.29088294034530793,-0.1646128628402207)
 (0.38471487971449281,0.3078301039911831)
 (-0.35740557185774069,0.32813131633817488)
 (-0.90023695989500951,1.0556216569261361)
 (0.22696891950954062,-0.34692208737109387)
 (0.99626175071022038,0.32112272421613286)
 (-0.325880280897619,1.0357065408059116)
 (-0.39389896036487265,-0.92132090833337277)
 (-0.97075736387493694,1.115267331414183)
 (0.76758158228978846,0.89847614059257808)
 (-0.93139055672827176,-0.98785366501563765)
 (1.0054425626396302,-0.75727544332529984)
 (0.94063641970000011,-0.89119041057595216)
 (0.28715248364100759,-1.0258160592835353)
 (-0.9311244975736277,1.0721261757912561)
 (1.0310487131799597,-0.96571081045168006)
 (0.93187974297906861,-0.35515226740633549)
 (0.93446974919084647,0.35099056244454852)
 (0.28415171505584569,0.30790367135071622)
 (-1.0151101485301486,-0.85431811266289448)
 (0.34935496264053417,0.29499143189299798)
 (-0.25530517077851672,0.25859111665114498)
 (0.28596437923834361,1.0498343435490416)
 (-0.99178454562996121,0.27078074635165839)
 (0.39065699624052413,-0.3449292259250632)
 (0.26076862380196164,-0.25774757056763897)
 (0.40180939925372805,-0.84767934910287979)
 (-0.98092424649011878,-0.9080907376528714)
 (-0.88396054096937671,0.26157704742886034)
 (0.20958258122937057,0.86911124830962205)
 (-0.98743497419007276,-0.88312687187167194)
 (-1.0319794632203805,0.98009210790829759)
 (0.96386762827754002,-0.46958794359680422)
 (-1.1337300000866588,0.37662764373383578)
 (-0.29789263701686575,0.97813370578717651)
 (-0.38972557326612106,0.2142957917196644)
 (-0.26814080645191113,0.26561357086284054)
 (-0.39418024123322565,0.91390069266912)
 (1.0489349799046634,-0.44550370804896766)
 (-0.35749737181781754,-0.2520419026729035)
 (-1.0284872570776116,-0.24901174227809969)
 (-0.37016832807009542,0.32770521814221898)
 (-0.17006763133858563,-0.94430749350734833)
 (-0.93574372528051297,-0.8922706281358842)
 (-1.0411424512790257,0.40308626212064336)
 (0.86948163237928022,0.36688940817715826)
 (0.23658257781829012,-0.30365866839985545)
 (-0.25303034564204518,0.43728950432320984)
 (-1.005819598453827,-0.38917977339903403)
 (-0.36591693675573839,0.33122008713653883)
 (0.43543614783712625,-0.92642819516992858)
 (1.0378682621826045,0.32507607608906586)
 (0.30374662356845039,-1.0877907775703335)
 (-0.32191536147844751,-0.83608367185955235)
 (-1.0114611198157042,0.30355458897727661)
 (0.91063534935931056,0.91992469637213481)
 (0.90192359558195767,0.25508090176032394)
 (-0.94310991745648221,-0.90477792106882571)
 (-1.0526114585542865,0.91282828059875709)
 (-0.24602582747577223,0.25794106355142588)
 (0.25398824358535321,0.97802044282556588)
 (-0.96870172411644484,0.93638599520246824)
 (0.2527001134495464,0.81960036771171119)
 (0.91509055862090849,0.37817431233039633)
 (-0.30758674543827891,-0.38572173955938738)
 (-0.91770620876752118,0.92551762857012465)
 (0.27327913090385497,-0.91901456464049758)
 (0.31294610392766992,1.0112697691686263)
 (-1.0406802782400419,0.85788920807907976)
 (-1.019300610236384,0.42735172081237083)
 (0.34208328501763857,-0.27857501628911591)
 (1.0062837044055817,-0.30693777768165714)
 (0.93426947835156682,-0.30596934509888984)
 (0.30133035212224979,-0.21022957062191711)
 (-0.88922273466488,-0.33786408167084375)
 (0.30720428851491915,1.01753726772534)
 (-0.40210280091730483,-0.45047385158335207)
 (0.89879601671543052,0.20274911682701308)
 (0.84302063711742903,0.24702575498929241)
 (0.31783030605009316,1.0143576734396165)
 (-0.97969131699827994,0.29288464465371467)
 (0.36152358427753595,0.95690400951765531)
 (0.97735410394108302,0.94070194638379401)
 (-0.34144175256991016,0.39860616656967252)
 (0.94501209288612087,-0.2815551132476139)
 (-0.31030677137243518,0.30781284929611974)
 (0.23082379321903873,0.90584424905671701)
 (-0.30748520634624771,0.21543242590720241)
 (-0.33075189957985973,-0.28915811246344381)
 (0.99482008108894593,0.89038397840038952)
 (0.37573780097376464,-0.3372751525635666)
 (0.40065181866407906,-0.93217057540531145)
 (-1.0312525167449906,0.96862741698468335)
 (-1.0419912627254584,-1.0180556046110674)
 (-1.0764598544345312,0.97802163090111194)
 (0.93766221885982148,-0.92989427405073122)
 (0.885906299421374,-0.36025494700414634)
 (0.88872959704426924,-0.34837505086059739)
 (-0.91098441506998817,-0.43529039703918465)
 (-0.94107445764443654,1.0407832318738968)
 (0.3508379597716087,0.93394504750249674)
 (-0.16508443369270301,-0.93174528177518379)
 (-0.85733732618257408,0.92599450626786206)
 (0.87312251403842145,-1.0059219977605072)
 (0.89389889981783144,-0.94396027421432138)
 (0.35621948125662289,-0.34332460651265706)
 (-0.24251564947713383,0.88254573178654216)
 (0.24413271743064346,-0.25419303190098003)
 (-0.40119339322517145,-0.36733474567778979)
 (0.35009850390586023,-0.46682745955756155)
 (0.94842791620928679,1.0023135501581761)
 (0.34284926779966857,-0.97829619827526748)
 (-0.94631351569786282,-0.85167773925680335)
 (-0.94466702283275616,-0.39836661058611705)
 (-0.99272978710774873,0.38674254455076301)
 (1.0207941549758388,-0.28282441744844555)
 (0.33123884995564185,0.4088198183825652)
 (-0.1639772888552522,-0.87988318827942535)
 (0.91626115122190754,0.18774378800239364)
 (0.31502692330172721,-1.0011421946136325)
 (-0.33080803692977517,-0.36952405440803565)
 (0.89711083708467487,0.3517648973044375)
 (0.32204860787049594,0.90813995366739519)
 (0.26984111276633832,0.93955537819401158)
 (-0.8867424152507577,0.43879988430588479)
 (0.30577358649925485,0.89866790671168995)
 (1.0674362648226585,0.39385305593608788)
 (-0.93091799208405668,0.32591582337239472)
 (0.41582398321302527,-0.87755451447581412)
 (-0.93837086049367058,-0.85153602202103174)
 (0.98507442280777624,-0.96115497765282287)
 (0.81095353323016572,-0.4135124975472807)
 (-1.0261933608714828,0.9744998458773716)
 (-0.20397073701188007,-0.32586305555208828)
 (-0.41533711529880424,-0.45094880547895078)
 (0.31116475874107224,-0.91516848158345532)
 (-0.96038606593405373,0.32622228424999261)
 (-0.36359125402416609,-0.99789049412891961)
 (0.83668098445527384,-0.92328556704164122)
 (1.0088304067769562,-1.0232026095080187)
 (0.87776160267025904,-0.94043338707931523)
 (1.0173508257645569,-0.98413623721628851)
 (0.20153479976182442,-0.85708682795559943)
 (-0.30650863875742301,0.8272983591036337)
 (-0.32243696564212238,-1.0422080565009533)
 (-0.2604774045711043,0.41987492212553568)
 (0.97028256767841403,-0.33760945942415688)
 (0.92808271810387744,0.29448948643250755)
 (0.37571184217124803,0.27372513932368153)
 (0.97190607658957839,0.33277971843068554)
 (-1.1253067466701312,-1.1034157740922066)
 (0.33136070307378118,-0.88650577352069471)
 (1.0249719960464514,0.21637892637929385)
 (-1.0082547722276556,0.25809774103229244)
 (0.89719696026864248,-0.24286134465594816)
 (-0.30802212820105318,-0.9550431898063293)
