# Created by Octave 8.4.0, Thu Dec 11 09:47:22 2025 IST <gamana@Samsung>
# name: clean
# type: complex matrix
# rows: 2048
# columns: 1
 (-0.32351301439419755,-0.32351301439419755)
 (-0.97053904318259265,0.32351301439419755)
 (0.97053904318259265,0.32351301439419755)
 (0.32351301439419755,-0.97053904318259265)
 (0.97053904318259265,0.32351301439419755)
 (-0.97053904318259265,0.32351301439419755)
 (-0.97053904318259265,0.97053904318259265)
 (0.97053904318259265,0.97053904318259265)
 (0.97053904318259265,0.97053904318259265)
 (-0.97053904318259265,0.97053904318259265)
 (-0.32351301439419755,-0.32351301439419755)
 (0.32351301439419755,-0.32351301439419755)
 (0.97053904318259265,0.32351301439419755)
 (0.32351301439419755,-0.97053904318259265)
 (0.97053904318259265,-0.97053904318259265)
 (0.32351301439419755,-0.32351301439419755)
 (-0.32351301439419755,0.97053904318259265)
 (-0.97053904318259265,0.97053904318259265)
 (0.32351301439419755,0.97053904318259265)
 (-0.97053904318259265,0.32351301439419755)
 (-0.97053904318259265,-0.97053904318259265)
 (0.32351301439419755,0.97053904318259265)
 (-0.32351301439419755,0.97053904318259265)
 (-0.97053904318259265,-0.97053904318259265)
 (-0.32351301439419755,0.32351301439419755)
 (-0.97053904318259265,0.97053904318259265)
 (0.97053904318259265,-0.32351301439419755)
 (-0.97053904318259265,-0.32351301439419755)
 (0.32351301439419755,0.97053904318259265)
 (0.97053904318259265,0.32351301439419755)
 (0.97053904318259265,0.97053904318259265)
 (0.32351301439419755,-0.32351301439419755)
 (-0.32351301439419755,-0.97053904318259265)
 (-0.32351301439419755,0.32351301439419755)
 (0.97053904318259265,-0.97053904318259265)
 (-0.32351301439419755,0.32351301439419755)
 (-0.97053904318259265,-0.97053904318259265)
 (0.97053904318259265,0.32351301439419755)
 (0.32351301439419755,0.97053904318259265)
 (-0.97053904318259265,-0.97053904318259265)
 (-0.97053904318259265,-0.97053904318259265)
 (0.97053904318259265,-0.97053904318259265)
 (-0.32351301439419755,0.97053904318259265)
 (-0.32351301439419755,0.97053904318259265)
 (0.32351301439419755,0.97053904318259265)
 (-0.97053904318259265,-0.32351301439419755)
 (-0.97053904318259265,0.97053904318259265)
 (-0.32351301439419755,-0.32351301439419755)
 (-0.32351301439419755,-0.97053904318259265)
 (0.97053904318259265,0.32351301439419755)
 (-0.97053904318259265,-0.97053904318259265)
 (-0.32351301439419755,0.97053904318259265)
 (-0.97053904318259265,0.97053904318259265)
 (-0.97053904318259265,0.97053904318259265)
 (0.32351301439419755,0.32351301439419755)
 (0.97053904318259265,0.32351301439419755)
 (-0.97053904318259265,0.97053904318259265)
 (0.32351301439419755,0.97053904318259265)
 (-0.97053904318259265,-0.97053904318259265)
 (0.97053904318259265,-0.32351301439419755)
 (-0.32351301439419755,0.32351301439419755)
 (0.32351301439419755,-0.32351301439419755)
 (0.97053904318259265,-0.97053904318259265)
 (-0.97053904318259265,0.32351301439419755)
 (-0.32351301439419755,-0.97053904318259265)
 (-0.97053904318259265,0.32351301439419755)
 (-0.97053904318259265,0.97053904318259265)
 (0.32351301439419755,-0.32351301439419755)
 (0.97053904318259265,-0.97053904318259265)
 (-0.97053904318259265,0.97053904318259265)
 (-0.97053904318259265,0.32351301439419755)
 (0.32351301439419755,0.97053904318259265)
 (-0.32351301439419755,-0.97053904318259265)
 (-0.32351301439419755,-0.97053904318259265)
 (0.97053904318259265,0.97053904318259265)
 (-0.97053904318259265,-0.97053904318259265)
 (0.32351301439419755,0.97053904318259265)
 (-0.32351301439419755,-0.97053904318259265)
 (-0.32351301439419755,-0.32351301439419755)
 (-0.97053904318259265,0.32351301439419755)
 (0.32351301439419755,0.97053904318259265)
 (-0.97053904318259265,0.32351301439419755)
 (0.32351301439419755,0.32351301439419755)
 (-0.97053904318259265,-0.32351301439419755)
 (0.97053904318259265,0.97053904318259265)
 (0.32351301439419755,-0.97053904318259265)
 (0.97053904318259265,0.97053904318259265)
 (0.32351301439419755,-0.97053904318259265)
 (-0.97053904318259265,0.32351301439419755)
 (-0.32351301439419755,0.97053904318259265)
 (-0.97053904318259265,0.97053904318259265)
 (-0.32351301439419755,-0.97053904318259265)
 (-0.97053904318259265,-0.97053904318259265)
 (-0.97053904318259265,0.97053904318259265)
 (0.97053904318259265,-0.97053904318259265)
 (0.97053904318259265,-0.97053904318259265)
 (0.97053904318259265,0.32351301439419755)
 (-0.97053904318259265,-0.97053904318259265)
 (-0.32351301439419755,0.97053904318259265)
 (0.97053904318259265,0.32351301439419755)
 (0.32351301439419755,-0.32351301439419755)
 (0.32351301439419755,0.97053904318259265)
 (-0.97053904318259265,-0.97053904318259265)
 (0.97053904318259265,-0.32351301439419755)
 (-0.32351301439419755,-0.32351301439419755)
 (0.97053904318259265,0.32351301439419755)
 (-0.32351301439419755,-0.32351301439419755)
 (0.32351301439419755,0.32351301439419755)
 (0.97053904318259265,0.97053904318259265)
 (-0.97053904318259265,-0.97053904318259265)
 (0.32351301439419755,-0.97053904318259265)
 (-0.97053904318259265,0.32351301439419755)
 (0.97053904318259265,0.97053904318259265)
 (-0.32351301439419755,0.32351301439419755)
 (0.32351301439419755,0.32351301439419755)
 (-0.97053904318259265,-0.32351301439419755)
 (-0.97053904318259265,-0.32351301439419755)
 (-0.97053904318259265,-0.97053904318259265)
 (-0.97053904318259265,0.32351301439419755)
 (0.32351301439419755,-0.97053904318259265)
 (-0.97053904318259265,0.32351301439419755)
 (-0.97053904318259265,0.32351301439419755)
 (-0.32351301439419755,0.97053904318259265)
 (-0.97053904318259265,-0.97053904318259265)
 (0.97053904318259265,0.32351301439419755)
 (0.97053904318259265,0.32351301439419755)
 (0.32351301439419755,0.97053904318259265)
 (-0.32351301439419755,-0.97053904318259265)
 (-0.97053904318259265,-0.32351301439419755)
 (0.32351301439419755,0.97053904318259265)
 (0.32351301439419755,0.97053904318259265)
 (-0.97053904318259265,-0.32351301439419755)
 (0.32351301439419755,-0.32351301439419755)
 (-0.97053904318259265,-0.97053904318259265)
 (0.32351301439419755,-0.97053904318259265)
 (-0.32351301439419755,0.32351301439419755)
 (0.32351301439419755,0.97053904318259265)
 (-0.32351301439419755,-0.32351301439419755)
 (-0.97053904318259265,-0.32351301439419755)
 (-0.97053904318259265,-0.32351301439419755)
 (0.32351301439419755,0.32351301439419755)
 (-0.32351301439419755,-0.32351301439419755)
 (-0.32351301439419755,-0.32351301439419755)
 (-0.32351301439419755,0.32351301439419755)
 (-0.32351301439419755,-0.32351301439419755)
 (0.97053904318259265,-0.97053904318259265)
 (0.32351301439419755,-0.32351301439419755)
 (-0.97053904318259265,-0.97053904318259265)
 (-0.97053904318259265,-0.32351301439419755)
 (0.97053904318259265,-0.32351301439419755)
 (-0.32351301439419755,-0.32351301439419755)
 (-0.97053904318259265,0.97053904318259265)
 (0.32351301439419755,-0.97053904318259265)
 (-0.97053904318259265,0.32351301439419755)
 (0.32351301439419755,0.97053904318259265)
 (0.97053904318259265,-0.97053904318259265)
 (-0.97053904318259265,-0.97053904318259265)
 (-0.97053904318259265,-0.32351301439419755)
 (-0.32351301439419755,0.32351301439419755)
 (-0.32351301439419755,-0.97053904318259265)
 (0.97053904318259265,-0.97053904318259265)
 (-0.32351301439419755,0.97053904318259265)
 (0.32351301439419755,-0.32351301439419755)
 (0.97053904318259265,-0.32351301439419755)
 (-0.97053904318259265,0.32351301439419755)
 (0.97053904318259265,0.32351301439419755)
 (0.97053904318259265,0.32351301439419755)
 (0.32351301439419755,0.97053904318259265)
 (-0.32351301439419755,0.97053904318259265)
 (0.32351301439419755,-0.97053904318259265)
 (0.32351301439419755,0.32351301439419755)
 (-0.97053904318259265,-0.97053904318259265)
 (-0.97053904318259265,-0.97053904318259265)
 (-0.97053904318259265,-0.97053904318259265)
 (-0.97053904318259265,-0.32351301439419755)
 (0.32351301439419755,-0.97053904318259265)
 (-0.97053904318259265,0.97053904318259265)
 (-0.97053904318259265,0.97053904318259265)
