# Created by Octave 8.4.0, Thu Dec 11 09:47:22 2025 IST <gamana@Samsung>
# name: rician
# type: complex matrix
# rows: 2048
# columns: 1
 (-0.28300902681479684,0.40978186342556616)
 (0.029372204979649041,0.49998655526342944)
 (-1.0043623939528956,0.11553011071911101)
 (0.26221875981554277,-0.4559681713465713)
 (-0.080828419983013156,1.1397492189807652)
 (-0.41502936394881823,0.13595368784626077)
 (-0.68163989415606752,-0.14624849179489396)
 (1.0906072201149615,0.48405121939403045)
 (0.28597591111137172,0.34803363090326095)
 (0.010121191480839953,-0.41310537918141965)
 (0.47822725869928323,-1.058714153796972)
 (-0.46326535199718916,-0.52000696468733087)
 (0.91941016841891798,0.49833692372661464)
 (-0.19058383161745357,-0.77782276335215716)
 (0.7058608783374275,0.42219806829379836)
 (0.16482267848938492,0.30869086118008332)
 (0.30503696292370452,-0.42286980728503476)
 (0.55396326708134258,1.1820464792283127)
 (0.58186869355217263,1.0984460599308068)
 (0.17898722588179183,-0.27111025479966089)
 (-0.26178606349773625,-0.34334520741938557)
 (0.15612719892769653,-0.56828409364226407)
 (1.3198965624179082,-1.4461419455795839)
 (-0.010111632754406366,0.10670286054019312)
 (0.5709591411434829,-0.89449467606234556)
 (0.64426176290379356,0.080950774680899992)
 (1.4060053869229998,-0.21833166068580578)
 (-0.66000460818739948,0.29141454413421203)
 (1.7324816034448594,-1.2511772020949632)
 (-0.54520701204303612,0.16280001369117394)
 (0.9852574042076685,-0.15560503915128687)
 (0.91786017224404437,-1.3726253422041637)
 (-0.24201769469759613,-0.40974218735559831)
 (-0.33936638829324806,0.18707363967248908)
 (0.44430155997457449,-0.31874371348885411)
 (-1.0576024484305273,0.16760714607901786)
 (-0.33966538660619572,-0.16021295207466485)
 (0.2807809705128797,0.45466530899142626)
 (-0.077941654257135173,0.8047474076059683)
 (-0.29269505352406366,-0.66815231829793464)
 (0.61331705822707416,0.61800048453271783)
 (-0.75876014757057419,0.1218208021518582)
 (0.43996087379307591,-0.16911411259292472)
 (0.17093566497705187,1.0780629483302491)
 (-0.022994134004532013,-0.30619190403456764)
 (0.77955499745741919,0.32908375873663037)
 (0.18300142099927505,0.52466067970690333)
 (0.48660684027854262,-0.30461520391025787)
 (-1.0830618029327657,-0.31198204892672649)
 (0.93243394463821083,-0.020668696119331753)
 (-0.80706481020650622,0.81656525824215176)
 (0.50449115135211053,0.83416939635109189)
 (0.85578792761934575,-1.0984403116399049)
 (-0.30818062959768644,-0.37799903924522471)
 (-1.1843624465561398,0.5277501649916132)
 (0.86645467004101429,-1.4246822046443928)
 (1.0119612092840602,0.056618348878384628)
 (-1.079779560528098,-0.40258929257081683)
 (-0.72681523159949579,-0.52644135371858325)
 (0.085331040476494036,-1.0361463474473849)
 (0.23054334720680653,-0.25110579010123668)
 (-0.71377349704909709,1.0782581293906417)
 (-1.0701330956100199,-0.86501599851268451)
 (-0.26083154651972634,0.17975140125345446)
 (0.50929786509590014,-0.20744492722111879)
 (0.43650906892530467,0.22388300704392067)
 (0.53590253042004654,0.33492488312679708)
 (1.3773094702719952,1.3908169187491246)
 (-0.28145506616994831,0.34144160671430757)
 (1.2352355702861393,1.3191322658898599)
 (0.099071408047760462,0.65517241328540365)
 (-0.099623549585191998,0.5201407030259021)
 (-0.29501013207835092,0.33791925823192759)
 (-0.32730874904871776,1.0012970093445246)
 (-0.22521863569724115,-0.083822316270208821)
 (1.1115524743879472,-0.30077458158860704)
 (0.31643125643619524,1.25522873365675)
 (0.49540181465220962,0.82498211493369455)
 (-0.12820215328505066,-0.16019431054349756)
 (-1.4339789607143889,1.1064784038376587)
 (-0.14052836131787649,0.99742924315845205)
 (-0.94582722715261491,-0.0069399170926393583)
 (0.58172525683815424,-0.20415303493869924)
 (0.22919511184876412,-0.91357495848000025)
 (0.29176904034918688,0.27195992018224086)
 (1.1687323757047621,0.81071320644326028)
 (0.31649571838811197,-0.15560934595153411)
 (1.5598168301957505,-1.2471854731585417)
 (-0.20959898159909343,0.16432485659037785)
 (0.49640156168598643,0.46327483517628637)
 (0.82311670832587291,0.27931606132306463)
 (-0.84293183819305983,-1.0710064161373429)
 (0.16318122438129332,0.74705551848334084)
 (-0.51646174040040393,0.069141388805223858)
 (-1.2876485865996994,0.48528570620526285)
 (0.46617525806671994,1.4655790833228817)
 (-0.38809730317002705,-0.25425252365444045)
 (1.4578029513869062,0.55656089496651195)
 (0.53255165865161458,0.4661421401615562)
 (0.53991339009384909,0.6475711462240108)
 (0.4008019159395465,-1.3343708264766361)
 (0.61624101289931943,-1.0070497281436053)
 (0.77270100591200086,-1.1909595494895417)
 (0.15296187608317194,0.56924907029537819)
 (-0.59058057363829819,-0.53556514562467716)
 (0.53007580885030747,-0.74299222683741073)
 (0.90512246631465465,-0.72086194183220142)
 (0.76388430417526954,0.60215132876193034)
 (-0.80385657901287355,-0.75602471220455558)
 (0.33382385826863087,-0.11091517874301848)
 (-0.46304731549478362,0.1461639748254365)
 (-0.14310805503055546,-0.87960330641811402)
 (0.46575687908317875,0.11573059831981328)
 (0.72043459201585058,0.58051949376137979)
 (-1.376113084651803,0.80452571553975216)
 (0.79496181680768485,0.50004918776647678)
 (-0.63242354402247769,0.55261654977996555)
 (1.0219519816348961,-0.083528071016666761)
 (0.48249223467936192,-0.40150271074741944)
 (0.67978213237470952,-0.44726772892331146)
 (0.80681824759486098,-0.59166741056829031)
 (0.88226804292381389,-0.84621572579032933)
 (-0.3814584293139367,0.07577838505805698)
 (0.013139431624262565,1.0319216120832724)
 (-0.48193228235448038,-0.96387325884074782)
 (-1.360416534651036,-0.82262774314187914)
 (0.18754868698337607,0.085621924266416891)
 (-1.0917361382640725,0.38537709224628558)
 (-1.0511836523594316,0.45994648245472913)
 (0.32601905845905865,-0.35868258000280218)
 (-1.0458071379262512,-0.29306685974364055)
 (-0.63887093930683514,-0.43636428452164927)
 (0.5288532071024985,1.2653215831540863)
 (0.60535670644849937,0.79369702357339533)
 (0.24922344760350632,0.14275273138202763)
 (-0.50122173920021817,0.26054676722910108)
 (0.52657734833929681,-1.1256135738284228)
 (-0.37444413962475998,0.051631922737666536)
 (0.93029537674365959,-1.1214866002517043)
 (-1.0309466949843273,-1.0844680469779961)
 (0.34723784150665821,-0.21289960612845893)
 (-1.1241027923110556,-0.34962377853387017)
 (-0.82611757573810363,0.4159034099448336)
 (0.064517709846669241,0.7365499992650002)
 (-0.83611824066022178,-0.47918889553021937)
 (-0.10964894506302271,-0.70723006672344835)
 (0.70522004520697568,1.4960216253907097)
 (0.023311863503434366,0.54186767536455271)
 (-0.49263810150907567,-0.13818254607040342)
 (0.36477087781440742,0.55031525411779658)
 (-0.87854576678699348,-0.44531254347950955)
 (-0.88383729339031369,0.051157225026588232)
 (1.5558948805228741,-1.4393030121344488)
 (0.055635315327405899,0.83871186408870024)
 (0.25497885971639256,-1.0153621919603255)
 (0.075597667090122403,0.2111406144735315)
 (0.99543869821872999,-1.0777307486664465)
 (0.66431260441436779,1.0534183633516641)
 (0.31592334175297399,0.097146069618395239)
 (-1.1666098627410113,-0.097454478532031041)
 (0.1859181473362925,0.22632408982782623)
 (-1.1472536118468315,-0.16996204570780066)
 (-0.78894042975787593,0.34803947000105384)
 (1.0331667842322851,-0.69078806860854669)
 (-0.014459406476916514,1.1448008939138901)
 (-0.29643349365054228,0.142084292941934)
 (-0.17171895332194106,-0.20404286860709533)
 (1.7913230476903106,0.3904302522318871)
 (-0.3502236616557397,-0.54132057829073477)
 (-0.44776576153594427,0.37662239402387565)
 (0.98002212945658562,1.0179655021840079)
 (-0.099008996496669693,0.82164550371598077)
 (0.072249946041835503,0.14267805449024351)
 (-0.22063333306345062,0.091450795771743518)
 (-0.53013069716034822,-0.76554643617448148)
 (0.29260302631091439,0.38334498322630617)
 (0.22497559497043176,-0.20696970568950637)
 (0.15989847502523474,-1.3404306949477431)
 (-0.20572903854010283,-1.5626425297479782)
 (-0.38233196863555741,0.15073232392662328)
