# Created by Octave 8.4.0, Thu Dec 11 09:47:22 2025 IST <gamana@Samsung>
# name: awgn20
# type: complex matrix
# rows: 2048
# columns: 1
 (-0.43191547035912503,-0.97278975772890908)
 (-1.1003154527763244,-0.2321087495239722)
 (0.77093442409216228,0.26821414885312561)
 (-0.95024512295605845,-0.3810300999219231)
 (0.45541249105720039,0.35880495659546663)
 (0.99025875957747289,-0.98821432378057439)
 (1.0085335942951361,1.0264323186003663)
 (0.28141895068185196,-0.90747258153146193)
 (-0.89665709055397913,-0.97524236141043319)
 (0.93402446827298868,-1.0132476441397031)
 (-1.0065894123793158,0.29867877336626031)
 (-1.1202093896917227,-1.0700082114525977)
 (0.81145790454314526,-0.25490552258967258)
 (-0.423110395358897,-0.19661224897331864)
 (-0.8135161204358351,-0.94794025381717217)
 (-0.8939799535202646,0.25851602946427377)
 (0.32655755805521297,0.86458361494810831)
 (0.41322605071245871,-1.099484005900224)
 (0.31011411466583172,0.37156152654384228)
 (-0.17593187425953968,0.37770205992011024)
 (0.96746878264065483,0.93323127696073849)
 (-0.25312606353853412,0.34509232894724912)
 (-1.0611481012197284,-0.97740209632522024)
 (-0.98736013181436566,0.25906603190788308)
 (-0.33307108411146558,-0.41785066509949265)
 (-0.33122244633558412,0.88768001167685162)
 (-0.33770381905250679,-0.98631435746446794)
 (-0.9972378130511661,-0.9438494343343492)
 (-0.86560151554421638,0.96498135766745718)
 (1.0017681831306229,0.42512745446521966)
 (0.93026047958807045,0.3049319237444264)
 (0.30034460558214821,-0.30840972235671632)
 (-0.35763643973601311,-0.30288956807705358)
 (0.33704395968829975,-0.40167732772664644)
 (1.0445742919165664,0.87999528827194595)
 (0.29147819565839173,0.36964215184381932)
 (0.25386911384987765,-0.95797425680861836)
 (-0.90000214394409217,0.91338499386310679)
 (-0.97304489669364524,-0.38499402975086405)
 (-0.33118051751561473,-0.38533420097568649)
 (0.28713355251647704,-0.9294076193002514)
 (0.93049782828816363,-0.25920627603454738)
 (-1.0430481664863884,0.32635432860282831)
 (-0.94095409315918321,0.23855862919445675)
 (0.29228478325270685,0.83316155955455062)
 (0.31067362387151465,-0.8667785935644613)
 (-0.99452983759335922,0.3537816590444709)
 (0.21012735083518477,0.35483686528050318)
 (0.17177990309915317,-0.96765847406840821)
 (0.41735867022646417,0.26269798943514711)
 (0.16726654874645255,-0.32471791408089945)
 (0.8924601448619498,1.104951815753185)
 (0.89021441841369686,0.36415916302215534)
 (-0.86510406584797928,0.93850238763249294)
 (0.32173525596115549,0.31060367785419818)
 (0.23572947121694615,-0.34689163946180535)
 (-0.93645464408123058,-0.9348236272998669)
 (-0.92673488991011499,0.25859238497893566)
 (0.36383747508007735,0.96224215894522935)
 (-1.0520300303013752,-0.84186096372142794)
 (0.9220079117112796,-0.96915849989385761)
 (-1.0300661221291614,0.93623117529783972)
 (-0.22952196988354781,0.84108241561868813)
 (-0.33214939558659312,-0.92218478036121065)
 (-0.86755318542931492,0.36938650490454689)
 (0.92594969313329778,0.36259897748278458)
 (0.88181221964391876,-0.86610351126145735)
 (0.85284211680143063,-0.43597729796302692)
 (-0.94632666103933727,0.24772858641567297)
 (-1.0157136315660042,-0.92071293699655354)
 (-0.32521320699542211,0.93253786976852659)
 (0.27998558224837272,0.95447083882495198)
 (0.86962168704686604,-0.3255440405950476)
 (0.37178140010861299,-0.83637057432025741)
 (-0.37165729179650026,-1.0428652305483519)
 (-0.25575526668230864,-0.27840975390113687)
 (-0.28834707726090614,0.1332662179034895)
 (0.32938036683456456,-0.30909571092006177)
 (0.34161834909747785,-0.31500196621097509)
 (-0.37079843545519264,0.91411859290930553)
 (-0.90178646595850587,0.15036230542843917)
 (1.0765180145404702,0.9340934717018573)
 (0.36584237765570909,-0.87457598558692595)
 (-0.38123887109330296,-0.51398468339374259)
 (0.28264109735633136,0.89055346469264385)
 (-0.32817387366480555,1.0264981709891488)
 (0.35613714804651786,-1.0409202083840599)
 (1.0019081721328897,-1.0516653129715172)
 (-0.84728219152444495,0.27033344230679912)
 (1.031673075373537,-0.31292328206670306)
 (1.0036396165725086,-0.92982281539949374)
 (0.35325170487908109,1.0718268262909034)
 (0.41381167600195073,-1.1567388116925477)
 (-0.20671043239614512,-0.22729418196773093)
 (0.88938719025518087,1.009722346230538)
 (-0.37672814499909069,0.91347920469530852)
 (0.92371206243818771,0.21510174550517797)
 (-0.87379308689251878,-0.24782886037988394)
 (0.92340226919719648,-0.2605123282291435)
 (-0.93598892728592409,-1.0081993523699331)
 (-0.83578184102597153,0.40704177459891883)
 (-0.27156875384608065,0.87388648651657319)
 (0.33755758297148941,0.93227852394097788)
 (0.29337997559511791,0.25617831919709577)
 (-1.0222409173176641,0.3076128358379373)
 (-0.85521589806928855,-0.84920847042804692)
 (0.33910566955671673,-0.95765596827250365)
 (-0.92578097891561983,-0.97387135984942885)
 (0.30310410141177502,0.92012089814282572)
 (-0.22977712578093334,0.97097220254047722)
 (0.94488088108531032,1.1412453336668369)
 (-0.95077058240027434,0.39030688961756543)
 (0.33896422126480785,-0.29015110805242611)
 (-0.21072076683862301,-0.38007873906787976)
 (0.34478679975911386,-0.31240115296413856)
 (-0.92125227542045618,0.24631415223588815)
 (0.93437531521433193,0.81161263570554476)
 (-0.2053874609127643,0.30402176360299432)
 (-0.37461774445309193,-0.31273353337815596)
 (0.99811939685749662,-0.87743666493408567)
 (-0.2021955261349187,-0.47358815466078308)
 (-1.0180662190209309,0.33165927188707717)
 (-0.34480413858049946,1.0466945907238754)
 (-0.94431554430919318,-0.19568683468342321)
 (1.0005472004475042,-0.30993232224723938)
 (-0.94194995041457907,1.034331805886413)
 (-0.39004732928052321,0.45509715207003232)
 (-0.42769393433997988,0.94073837565971319)
 (-0.22556979024771523,0.21688192395593386)
 (-0.9127944490047365,0.97018426248510869)
 (-0.3725535715870284,0.32275656413809661)
 (-0.90282022289497554,0.84590195580189109)
 (0.92573895221628377,0.91789078835965887)
 (0.85536173304728103,-0.40105660013438499)
 (0.34501075668262388,0.33591691628975101)
 (0.93924620240166701,-0.91598749580443883)
 (0.2282444243090653,0.88414866145664939)
 (0.96343969314187028,-0.23538834496841404)
 (0.33741666048857749,-0.3232366246131167)
 (-0.2681047909979411,0.33077171462262694)
 (0.88346031935029956,0.44541930625752291)
 (0.26519410362864504,-0.36710386343497325)
 (-0.82100798490062332,-0.92822168429063701)
 (-1.0152991027853902,-0.35699874533056797)
 (0.31045115322060263,-0.34482710549805873)
 (-0.31810255159638429,0.2272242388473045)
 (-0.93336684412241344,-0.87635756546901755)
 (-0.32855450893519317,0.14999517662715947)
 (1.0076087308576773,0.51146545996167092)
 (0.29291748991845262,-0.87978402970759928)
 (0.90650018630241702,0.84040132535427492)
 (-0.14743062238091886,-0.96636650458972306)
 (-0.83717956159250528,0.98491046496889334)
 (-0.30458502336215398,-0.31141639059995457)
 (0.89590118847587119,0.94132379725218718)
 (0.94013093313626905,-0.9700028536432389)
 (-0.4862534392309148,-0.34875867511569908)
 (0.31354386837810821,-0.92531589751112642)
 (0.94895346595186902,-0.2658957151067467)
 (-0.31159108907628763,0.30578496768366353)
 (0.36666993154056476,-0.88829598890711736)
 (-0.32161109557795126,0.97517446338562197)
 (0.93296189991110479,0.20777144540081863)
 (-0.93690515121492113,-0.26863500969407811)
 (0.83143949292159625,0.30463973931965155)
 (-0.986898816884209,0.44940087691336739)
 (-0.30555026117636297,0.27813428863929618)
 (0.33796997148579583,0.99008982239863708)
 (-0.29382806939284295,1.0577556247436144)
 (-1.1004468422557061,0.47778787569473258)
 (-0.97054409860810331,0.37526759968390316)
 (-0.28223879047584249,0.89214863298824731)
 (0.99505107206922327,0.95650820873399955)
 (-0.97508544934191521,-0.99727835850187985)
 (0.92291715402765895,0.91958121175016672)
 (-0.37336414222463737,-0.2829709372629885)
 (-0.38566346777836963,-0.98587268373359893)
 (-0.9990225524196632,1.0914404966747786)
 (0.89731963776975521,0.94172029142568314)
 (0.90771653670013508,-0.41392017909183443)
