# Created by Octave 8.4.0, Thu Dec 11 09:47:22 2025 IST <gamana@Samsung>
# name: awgn20
# type: complex matrix
# rows: 2048
# columns: 1
 (-0.37916679046817203,1.111308789701722)
 (0.30976878659792451,-0.98533089324580048)
 (-0.3917631898256646,0.91567568060003712)
 (-0.20034535464309322,0.24267382132391196)
 (-0.95326182949154092,0.3297376079368195)
 (-1.0320951004408303,0.19202700513958537)
 (-0.37730859479061779,0.96807895373175878)
 (0.96028686825461629,0.99679231011032743)
 (-1.0190087571411741,-1.0302628722316722)
 (-0.91095298665574442,-0.42606372258235514)
 (0.21943786648029218,-0.99867442421980457)
 (-0.39541196070858869,0.26823617540744338)
 (-0.99110450607072964,-0.92855105075424915)
 (-0.89197175826848285,0.39780274380941077)
 (-0.92543600407253601,0.97192189214098978)
 (-0.44089514706042227,0.30800302771318844)
 (-0.23452906602150794,0.97768122443829508)
 (0.38387550351137023,0.2850774680203027)
 (-0.29360359240394868,0.22676376133278675)
 (0.27135450835922692,0.30949497952301946)
 (1.0873961194365649,-0.90683548700510541)
 (-0.85289896305059409,-0.29713115493355702)
 (0.33407251880367178,-0.26109753419762916)
 (0.32176004470218333,-0.37250656126886394)
 (0.96178313315573405,-0.98670929771104809)
 (0.91703857775537168,0.99289797998376106)
 (-0.42201789790522604,0.94143073699371516)
 (0.863397148278223,-0.26213363082829966)
 (-0.8818274542021427,0.35045849910285698)
 (-0.38748706126497839,-0.76969358257995524)
 (-1.0008628443000376,-0.98714123018021382)
 (-0.29733659815210967,0.8420677580437077)
 (-0.33805719668036294,-0.31244808195029428)
 (-0.93195281897029836,1.0080926978812699)
 (0.27849725681165782,0.37376281863057753)
 (0.38818115295592315,-0.21442016102748207)
 (0.2531701027468195,-0.88132302779206873)
 (-0.96887458504771784,-0.40339184234298259)
 (-0.92955117041979585,1.0168378337876387)
 (-0.36336562864436545,0.92831450909832403)
 (0.32996393399445056,-0.90655506000420005)
 (0.94620441636660568,-0.98681833393811313)
 (-0.95843459629986771,-0.76152823848312801)
 (0.97489661339297695,-0.96662591044120305)
 (0.8423138946794928,-0.32394544292064453)
 (0.96412951543785419,1.0200014823561778)
 (-0.2989044153899606,0.16263544020844689)
 (-0.21143485700883191,-0.97735460092863946)
 (0.86981643667741448,-0.88939620367188765)
 (-0.22108880772813128,0.30413602016870117)
 (-0.97298484785702244,-1.0349921235188295)
 (-0.80368189403552215,0.9520591810444361)
 (0.93141164511014751,0.97025935622255799)
 (0.91147406792374708,0.43492978716596253)
 (-0.33128681236550761,0.94688804123845205)
 (-0.92021585310964282,1.0278479110732308)
 (0.21968045489148441,-0.93358407008233002)
 (0.29035645337592225,0.27950426914114596)
 (0.52393378704897264,-0.24938258240701042)
 (-0.96603784665357362,-0.29611038420500424)
 (-0.81652404192980332,0.87130542442691883)
 (-0.2796542688987414,0.88524602437633138)
 (-0.30990536572816996,-0.31847771628374177)
 (-0.8599337190860612,0.19383212894475368)
 (-0.20190029673172394,-0.94559841524534272)
 (-0.90629261527281701,0.34550332604609385)
 (-0.99896352054456583,0.83777000434052451)
 (0.29235354765205318,0.95506032387841633)
 (-0.955258020779295,-0.30099496479696292)
 (-0.87154507181933394,0.92245365311190219)
 (0.3880057565996769,0.32446759689754756)
 (0.91978348283686273,-0.94539592993397736)
 (0.33826037967942524,-0.58510828254312797)
 (0.94026977071487428,0.21141879747580117)
 (-0.93532900243522066,0.98096952725823694)
 (0.33393017004803194,-0.30319556602333364)
 (0.902226659043882,-0.97471913743557825)
 (-0.93730817335567718,-0.39654630508255961)
 (0.8775402925634197,-1.065139809510252)
 (-1.0786924928057842,-0.87107218351043192)
 (0.37456854807008422,0.31945627861975223)
 (-0.92211394066697383,0.80584145437997801)
 (0.19186085036330436,-0.35674590797276218)
 (0.42091272343904818,0.98086790574836036)
 (0.85654904565193446,0.3434497121399403)
 (-0.31492064138104747,0.28390452540284694)
 (-0.98348794791431282,-0.83273360507768968)
 (0.84998019029249294,0.92393174514147858)
 (0.32054054253782094,-0.94835084924374102)
 (-0.90030241337483408,0.82870943494918259)
 (0.98877810719820025,0.81836447365692977)
 (0.26183303529219182,-0.81354752214916526)
 (0.93195624325584436,-0.90783853677778303)
 (0.88914246689484433,-0.99385313322011593)
 (1.0434681757998323,-1.0092677247480482)
 (-0.33696017090431613,-0.88126442614166189)
 (-0.27410768624106735,0.19220117703540968)
 (0.90691983268208509,-0.96684550173998751)
 (0.84745042246246072,-0.97951890764896143)
 (1.0553480243485054,-0.82470409728378624)
 (0.39637409191343398,-0.97133636322960748)
 (-1.0347889711048581,-0.24380574793586174)
 (0.31347942707621468,-0.99387985515393296)
 (0.38611609432642902,-0.2784784467232182)
 (0.42822198078935125,0.97434505882564559)
 (-0.41423840695319036,-0.35162368566813657)
 (0.29984846984009789,-0.88464055336072756)
 (0.98194407996776534,-0.42081635737449208)
 (-0.22049328116100633,0.98905811110157704)
 (-0.94679121711660685,0.50175440839601704)
 (0.32624646219731013,0.30813540840090459)
 (-0.37740363122588899,-0.91382926046484925)
 (0.23576472165323958,1.0031550928686117)
 (0.289583343458023,0.93669204163337849)
 (1.047633049352972,0.86265889786134142)
 (0.91181081293132837,0.95426620700976506)
 (0.9309274630022335,0.99125172613035839)
 (1.0174082611918802,0.99212860129985769)
 (1.0941306743108878,1.0282685169701997)
 (-0.26849750719994092,0.97493431147485932)
 (0.8235720781775705,-0.33760953694447959)
 (0.24121014751924388,-1.0690037997234749)
 (0.98406036981775757,0.99008870433087459)
 (0.85565885415466292,0.254754238180812)
 (-0.30549033845020934,0.54720174974578573)
 (0.22384401466721893,-0.94419021299976813)
 (0.35158888334455979,-0.97242028062927122)
 (-0.28544171216876013,-0.88189415718303121)
 (0.25532035077186965,-1.0182538109124475)
 (-0.24342731031557452,0.94930176517045373)
 (0.91594501610099655,-0.17223410060046865)
 (-0.97560846405624957,-0.2296947135524473)
 (0.28957139051612485,0.26413087921037104)
 (0.34693342011546552,0.26493802963359769)
 (0.32192406801045587,0.86237591670327773)
 (0.24697290465238775,0.3361630487196689)
 (-0.30957828826604794,-0.99582287321904794)
 (0.40827456130229289,0.96644205192231825)
 (-0.94360314172032977,0.91839253998371506)
 (-0.36887422812642195,0.92073808823872338)
 (0.88082879977988937,-0.91844720620578701)
 (0.33803111217523729,0.89528121468113153)
 (0.83475061351099933,0.90790552992997542)
 (-0.83923384367521348,-0.33219798352153274)
 (0.37466746715814958,0.31087242213209881)
 (-0.95716546660188839,0.22930699339224625)
 (0.93926124753866314,0.98698179854756385)
 (-0.26922408460219716,-0.25641614612497071)
 (0.40136618483050002,-0.80777883667546957)
 (0.99857622948284619,0.94478807412049526)
 (-0.46414096225625712,-0.94323583083284168)
 (-0.85201966349301084,1.0170148215420149)
 (-0.99128705525519756,-0.34201632752327377)
 (1.1082789782265174,0.32855728601285616)
 (0.3800494832657671,0.36713488266746347)
 (-1.0624674255866031,1.0005603158404517)
 (-1.0102052967887283,-0.36357433820800611)
 (-1.0193730359891464,-0.27879868655802481)
 (-0.96146360237448714,-0.26898906160744368)
 (0.46054277854740594,-0.91073096413611043)
 (0.93967072073838132,-0.3147699310770376)
 (0.95357902668586803,-0.98828185458937767)
 (0.91714033678347096,-0.21580610702109954)
 (-0.2971682722926639,-0.20188900593154652)
 (0.32574981090945976,-0.90119603611202048)
 (-1.0094638411133412,0.332916119530069)
 (-0.24170062649507545,0.99967326837872039)
 (-0.36988355863232808,-0.90608123357802484)
 (0.97204369553267755,-0.88100239679848236)
 (0.3091309739824567,-0.39061263501687282)
 (-0.29504352067241224,0.32612080107956815)
 (-1.0484046860378649,0.30639216992445856)
 (0.30957247670032378,0.95644977013954569)
 (-0.34493169554001629,-0.96970519669872191)
 (0.21531888460511683,-0.30180750544881935)
 (-0.82295648675164224,0.35631754513977815)
 (1.0897334772369074,-0.84873592813999776)
 (-0.33191584035548755,0.31148148958377203)
 (1.0020871363081159,-1.0322565560215962)
 (-0.3503609902464267,-0.32687078126264646)
