# Created by Octave 8.4.0, Thu Dec 11 09:47:22 2025 IST <gamana@Samsung>
# name: clean
# type: complex matrix
# rows: 2048
# columns: 1
 (-0.31240705823382392,-0.31240705823382392)
 (0.9372211747014717,0.31240705823382392)
 (0.9372211747014717,0.31240705823382392)
 (-0.9372211747014717,-0.31240705823382392)
 (0.9372211747014717,0.31240705823382392)
 (0.31240705823382392,0.9372211747014717)
 (0.31240705823382392,0.9372211747014717)
 (-0.31240705823382392,-0.9372211747014717)
 (0.9372211747014717,0.9372211747014717)
 (0.31240705823382392,-0.9372211747014717)
 (-0.31240705823382392,-0.31240705823382392)
 (-0.31240705823382392,-0.31240705823382392)
 (-0.9372211747014717,0.9372211747014717)
 (0.9372211747014717,-0.9372211747014717)
 (0.9372211747014717,-0.31240705823382392)
 (0.31240705823382392,-0.9372211747014717)
 (0.31240705823382392,-0.9372211747014717)
 (-0.9372211747014717,-0.31240705823382392)
 (-0.9372211747014717,-0.9372211747014717)
 (-0.31240705823382392,-0.9372211747014717)
 (0.31240705823382392,0.9372211747014717)
 (-0.31240705823382392,-0.31240705823382392)
 (-0.31240705823382392,0.9372211747014717)
 (0.31240705823382392,0.9372211747014717)
 (-0.31240705823382392,0.9372211747014717)
 (0.9372211747014717,-0.9372211747014717)
 (-0.9372211747014717,-0.31240705823382392)
 (-0.31240705823382392,-0.9372211747014717)
 (-0.9372211747014717,-0.9372211747014717)
 (-0.31240705823382392,-0.31240705823382392)
 (0.31240705823382392,0.9372211747014717)
 (0.31240705823382392,0.9372211747014717)
 (-0.9372211747014717,-0.9372211747014717)
 (-0.31240705823382392,0.9372211747014717)
 (-0.31240705823382392,-0.31240705823382392)
 (0.9372211747014717,0.31240705823382392)
 (-0.31240705823382392,0.9372211747014717)
 (-0.9372211747014717,0.9372211747014717)
 (-0.31240705823382392,-0.9372211747014717)
 (-0.9372211747014717,0.9372211747014717)
 (0.9372211747014717,0.9372211747014717)
 (0.31240705823382392,-0.9372211747014717)
 (0.31240705823382392,0.31240705823382392)
 (0.9372211747014717,-0.9372211747014717)
 (0.9372211747014717,-0.31240705823382392)
 (-0.9372211747014717,0.31240705823382392)
 (0.9372211747014717,-0.9372211747014717)
 (-0.9372211747014717,0.31240705823382392)
 (0.9372211747014717,0.31240705823382392)
 (0.9372211747014717,-0.9372211747014717)
 (-0.31240705823382392,0.31240705823382392)
 (-0.9372211747014717,-0.9372211747014717)
 (0.9372211747014717,-0.31240705823382392)
 (0.9372211747014717,0.9372211747014717)
 (0.31240705823382392,0.9372211747014717)
 (-0.9372211747014717,-0.31240705823382392)
 (0.9372211747014717,-0.31240705823382392)
 (0.9372211747014717,-0.31240705823382392)
 (-0.9372211747014717,0.9372211747014717)
 (-0.31240705823382392,-0.9372211747014717)
 (-0.9372211747014717,0.9372211747014717)
 (0.31240705823382392,0.9372211747014717)
 (-0.31240705823382392,0.9372211747014717)
 (0.31240705823382392,0.31240705823382392)
 (0.31240705823382392,0.9372211747014717)
 (0.9372211747014717,-0.9372211747014717)
 (-0.31240705823382392,0.9372211747014717)
 (-0.9372211747014717,-0.9372211747014717)
 (0.9372211747014717,-0.9372211747014717)
 (-0.31240705823382392,-0.31240705823382392)
 (-0.31240705823382392,-0.31240705823382392)
 (-0.31240705823382392,0.31240705823382392)
 (0.9372211747014717,-0.31240705823382392)
 (0.9372211747014717,0.9372211747014717)
 (0.9372211747014717,0.31240705823382392)
 (0.9372211747014717,-0.31240705823382392)
 (-0.9372211747014717,-0.9372211747014717)
 (-0.9372211747014717,-0.9372211747014717)
 (0.9372211747014717,-0.9372211747014717)
 (0.31240705823382392,-0.31240705823382392)
 (0.9372211747014717,0.9372211747014717)
 (-0.9372211747014717,-0.9372211747014717)
 (0.31240705823382392,-0.9372211747014717)
 (-0.31240705823382392,-0.31240705823382392)
 (-0.9372211747014717,0.31240705823382392)
 (0.9372211747014717,-0.9372211747014717)
 (0.9372211747014717,-0.31240705823382392)
 (-0.31240705823382392,0.9372211747014717)
 (-0.31240705823382392,-0.9372211747014717)
 (-0.9372211747014717,0.31240705823382392)
 (-0.9372211747014717,-0.31240705823382392)
 (-0.9372211747014717,0.9372211747014717)
 (-0.9372211747014717,-0.31240705823382392)
 (0.31240705823382392,-0.9372211747014717)
 (-0.31240705823382392,0.9372211747014717)
 (0.9372211747014717,0.9372211747014717)
 (-0.31240705823382392,0.31240705823382392)
 (-0.9372211747014717,0.31240705823382392)
 (-0.9372211747014717,0.31240705823382392)
 (-0.31240705823382392,0.9372211747014717)
 (0.31240705823382392,-0.31240705823382392)
 (-0.9372211747014717,-0.9372211747014717)
 (-0.31240705823382392,0.9372211747014717)
 (-0.9372211747014717,-0.31240705823382392)
 (0.31240705823382392,0.31240705823382392)
 (0.31240705823382392,-0.31240705823382392)
 (-0.9372211747014717,0.9372211747014717)
 (-0.9372211747014717,0.31240705823382392)
 (0.31240705823382392,-0.9372211747014717)
 (-0.31240705823382392,-0.31240705823382392)
 (-0.31240705823382392,0.31240705823382392)
 (0.31240705823382392,-0.9372211747014717)
 (-0.9372211747014717,0.9372211747014717)
 (0.9372211747014717,0.31240705823382392)
 (0.31240705823382392,-0.31240705823382392)
 (-0.31240705823382392,0.9372211747014717)
 (-0.31240705823382392,-0.9372211747014717)
 (0.9372211747014717,-0.9372211747014717)
 (-0.31240705823382392,0.9372211747014717)
 (0.31240705823382392,-0.31240705823382392)
 (0.9372211747014717,0.9372211747014717)
 (0.9372211747014717,0.31240705823382392)
 (-0.9372211747014717,0.9372211747014717)
 (0.31240705823382392,-0.31240705823382392)
 (-0.31240705823382392,0.31240705823382392)
 (0.31240705823382392,0.9372211747014717)
 (-0.9372211747014717,-0.9372211747014717)
 (-0.9372211747014717,-0.9372211747014717)
 (-0.31240705823382392,0.9372211747014717)
 (-0.31240705823382392,0.31240705823382392)
 (0.31240705823382392,-0.31240705823382392)
 (-0.31240705823382392,-0.31240705823382392)
 (0.31240705823382392,-0.31240705823382392)
 (0.31240705823382392,-0.9372211747014717)
 (0.31240705823382392,0.9372211747014717)
 (0.9372211747014717,0.31240705823382392)
 (-0.9372211747014717,-0.31240705823382392)
 (0.9372211747014717,0.31240705823382392)
 (0.31240705823382392,-0.31240705823382392)
 (-0.9372211747014717,0.9372211747014717)
 (-0.31240705823382392,-0.9372211747014717)
 (-0.9372211747014717,0.9372211747014717)
 (0.9372211747014717,-0.9372211747014717)
 (0.9372211747014717,-0.9372211747014717)
 (-0.31240705823382392,-0.9372211747014717)
 (0.9372211747014717,-0.31240705823382392)
 (-0.31240705823382392,0.31240705823382392)
 (-0.31240705823382392,-0.31240705823382392)
 (0.9372211747014717,0.9372211747014717)
 (0.9372211747014717,0.9372211747014717)
 (0.31240705823382392,-0.9372211747014717)
 (-0.31240705823382392,-0.9372211747014717)
 (0.31240705823382392,-0.31240705823382392)
 (-0.9372211747014717,-0.31240705823382392)
 (0.31240705823382392,-0.31240705823382392)
 (-0.9372211747014717,0.9372211747014717)
 (-0.31240705823382392,0.9372211747014717)
 (0.9372211747014717,-0.31240705823382392)
 (-0.9372211747014717,0.31240705823382392)
 (0.31240705823382392,-0.9372211747014717)
 (-0.31240705823382392,-0.9372211747014717)
 (0.31240705823382392,-0.31240705823382392)
 (0.9372211747014717,0.31240705823382392)
 (0.9372211747014717,-0.9372211747014717)
 (0.31240705823382392,0.9372211747014717)
 (-0.31240705823382392,-0.9372211747014717)
 (-0.31240705823382392,0.9372211747014717)
 (-0.31240705823382392,0.9372211747014717)
 (-0.9372211747014717,-0.9372211747014717)
 (0.31240705823382392,0.9372211747014717)
 (-0.31240705823382392,0.9372211747014717)
 (-0.31240705823382392,0.9372211747014717)
 (0.31240705823382392,0.31240705823382392)
 (0.9372211747014717,-0.9372211747014717)
 (0.9372211747014717,0.31240705823382392)
 (-0.9372211747014717,0.31240705823382392)
 (0.31240705823382392,-0.9372211747014717)
 (-0.9372211747014717,-0.31240705823382392)
 (0.9372211747014717,0.9372211747014717)
 (0.31240705823382392,0.9372211747014717)
 (-0.9372211747014717,-0.9372211747014717)
 (-0.31240705823382392,0.9372211747014717)
 (0.9372211747014717,0.31240705823382392)
