# Created by Octave 8.4.0, Thu Dec 11 09:47:22 2025 IST <gamana@Samsung>
# name: rayl
# type: complex matrix
# rows: 2048
# columns: 1
 (0.49505008658003408,1.2989277042830771)
 (-1.0146788504383712,0.14412611375626588)
 (1.2428192333869423,-0.33448250025191301)
 (-0.0079971413713226525,0.44466693995992734)
 (0.081820964723881506,0.048047837668807949)
 (0.28260975090186347,0.34173962661114998)
 (0.29685099427394135,0.50648178759322371)
 (0.76103129283868198,-0.73793940764786448)
 (-0.579210071452815,-0.10752896015342459)
 (0.41360444521953554,-0.26106865513172389)
 (0.56252580825360454,0.52192725192816325)
 (-0.60058188555306158,0.22145270379371065)
 (-0.21415428282752039,0.073012380553763578)
 (0.99226898147453435,-0.845281636397619)
 (-0.30779809779029466,-0.5051617241408014)
 (1.324579689747549,-0.53399023893577513)
 (-0.2367436909486707,0.13130170387305651)
 (-0.060833400566229962,-0.62835940806455648)
 (1.1434638902058845,0.36479900094772966)
 (-0.050574518431001657,0.13433103681004216)
 (0.20168713196113097,0.14079693795502174)
 (0.29628607185943479,0.65121151853856973)
 (0.47196364731464946,0.29493251620822025)
 (-0.11005296998174074,-0.015977228012892537)
 (-0.48465480553263718,0.6575547481758075)
 (0.21496663956268286,0.1882432143396221)
 (-0.13279126322494311,-0.19330868734040546)
 (-0.043773253424563813,0.64123461516257896)
 (-0.44476771211182276,1.1224152958964193)
 (-1.0540682860159378,0.23426341589711097)
 (0.025752804844544466,0.23840596336097647)
 (0.47990131701538413,-0.018717753751920696)
 (0.29431399965866917,0.64772040316534529)
 (-0.43475276335471558,-0.50729604642881954)
 (-0.55456259846025613,-0.10477140542609588)
 (-0.59578644432285877,-0.95912301995928273)
 (-0.39505277140342265,0.66080551744448157)
 (0.028301696452032676,-1.0567126010870529)
 (0.053006805334489177,0.09292375068819031)
 (-0.34258100700489857,0.098421694710444652)
 (-0.42484341980760765,0.05612819818263301)
 (-0.98359822035818967,1.1525480633860647)
 (0.020529239245892533,-0.24435287489073423)
 (0.96953288672439364,-0.37920236262815432)
 (0.17606543692905582,0.37175384201810946)
 (0.1459722261408184,-0.28236064739467881)
 (0.29576713166618251,-0.045732573725043718)
 (-0.40399769371242056,-0.49820195709826665)
 (0.13736816743961131,-0.13757601293011071)
 (-0.44277591658029047,0.32923106579531403)
 (-1.1744106331994579,-1.0141158810500654)
 (-0.24062531548140265,0.52381830976775579)
 (0.20115274316371015,0.34555007895089096)
 (0.066205051376914265,0.77286034195532749)
 (0.91777173872503492,-0.025315744130972428)
 (-0.50448757524438836,0.96992305151831959)
 (-1.6465257113225085,0.88018307407145258)
 (0.14318125521004155,-0.10584926328971388)
 (0.6864210232211978,0.17213323872954084)
 (-0.76115959835205882,-0.22237159510163329)
 (1.2816726225988457,-1.3508646430611888)
 (1.5788151151341989,-0.65696390929116855)
 (-0.030791983929997317,-0.091668471861367784)
 (0.086829668788212799,0.068754071788698551)
 (-1.2544825396037587,0.58933961769350618)
 (1.4393682695420287,0.071554772481543405)
 (-0.11361847232031144,0.11866041246667458)
 (-1.0732296134127284,0.24075813689038256)
 (-0.1966846712723454,-0.14400674510243872)
 (0.4827854741230968,-0.056249404421549992)
 (0.10069300436651529,-0.65590833900087731)
 (-0.062332138374571744,0.75650978081649267)
 (0.419937575555688,-0.5955022001393937)
 (0.4415504603346746,-0.6280416153285826)
 (1.4718459557537555,-0.95795420413409338)
 (0.37624891871738675,-0.94582992914101394)
 (-0.32751935208122579,0.85996944961986155)
 (-1.9505607490350112,-0.35041501162741839)
 (-0.076917069755305739,-0.18003676163327506)
 (-0.097326461487482419,0.11324302168629868)
 (1.6314740144939075,-0.099904878499914807)
 (0.64171462722645911,-0.27542944874318032)
 (0.33619848152223109,0.1791952211179505)
 (1.2008138582156338,0.39554568839398335)
 (0.94454376613634672,-0.0018043874501262325)
 (0.18242021308486595,0.87500642762830416)
 (0.33554895665266776,-0.43765178168825519)
 (0.33091910643058764,-1.8061391095487056)
 (-0.43683961956199502,0.36342393734004752)
 (-0.78427872009826616,-0.33996377638781916)
 (0.61503092749040178,0.70600172021865459)
 (-0.16993962017943381,-0.82908922044300271)
 (-0.6999147528653249,-0.76620603329588222)
 (1.0358752549424537,-1.2578185565100402)
 (-0.28998746461894415,1.1975175635878808)
 (0.29999992518026763,0.66354723030395946)
 (-0.12870299087263223,-0.10728296751053706)
 (-0.39846276675641967,0.26343502636438343)
 (-0.40884696393898584,-0.43847176006509109)
 (-0.3928289682212891,1.3201483908623155)
 (-0.097366072184644825,-0.72025071915154415)
 (0.033958001274033187,0.22829129259932301)
 (-0.76414345355531121,0.40460107507385235)
 (-0.56930097318351891,0.48922757442266362)
 (-0.4234129277878983,0.51101591559587467)
 (0.52125727307081193,-0.051297776369087958)
 (0.36898682255423843,0.0078610144766995682)
 (-0.47539169880640081,0.87808114937932835)
 (1.1950286507061989,1.2997733499927264)
 (-1.7958695770181929,0.31267379468258405)
 (-0.90976768216392756,-0.66765360440361232)
 (-0.86326904784343994,0.43824076424237635)
 (0.2620722672218993,0.3973627611483167)
 (1.1219322534265039,0.31326295639214152)
 (-1.3527215367287897,0.14106748198716212)
 (0.74561355546042651,-0.17313654743960183)
 (-0.58558302341030299,0.24428761152981282)
 (0.26631537172042524,-0.096328271104431804)
 (0.12517588380717876,0.70163293362311752)
 (0.78027956762760675,-1.8702098413265433)
 (0.1683002415537142,-1.1358809985694587)
 (-0.22133118010981764,1.2730914955808474)
 (0.25750154267820524,-0.1820443039145955)
 (-0.80731262147254901,-0.046119600368607183)
 (-0.82994286599128142,0.27733696124257701)
 (0.20700830117822822,0.20472995311226969)
 (0.12824224900313369,-0.34824750751565625)
 (-0.26345706159932381,0.10983328196942591)
 (-0.062754512938615239,-0.15492396490682109)
 (0.18764526250576297,3.5237604139537169)
 (-1.2335686866744442,0.17357439915724721)
 (-0.095515204384091501,0.71722726910911949)
 (0.98969599809126474,-0.141667321696546)
 (-0.76324974567521409,1.5122506196978223)
 (0.3997264327466255,0.65618704463218658)
 (-0.70468855034335331,0.97809279539212257)
 (0.20657731995416759,-0.16313056198021905)
 (0.61164828836527985,-1.2179248569935295)
 (0.21077554971000045,-0.12624251986953622)
 (-0.52157224034559602,0.5031763472612556)
 (0.09374604982570367,0.69344663540084217)
 (0.05979310643369895,-0.81030868055033622)
 (-0.31381831295034501,-0.021703695465896372)
 (0.27922226932501193,0.77840229146643758)
 (-0.14293149790230197,0.68272635102579904)
 (0.34648083182359712,0.63110145310276533)
 (0.83169930930109448,0.47838734720619247)
 (0.64485176685351897,0.77465713571032679)
 (0.018794061388104966,0.73008016376014429)
 (-0.039768451121832846,-0.22291773063017911)
 (-0.21856696517351462,0.66922540482773052)
 (0.86066250327953209,0.35761825487823895)
 (0.10444341535560037,-0.24508336637667597)
 (-0.75884587956003835,-1.101902360257325)
 (-0.30707966664585196,-0.33734790798141323)
 (0.0097887684074952491,0.3228416273661785)
 (0.032873643553365778,-0.58239109492149965)
 (1.4740468522809875,0.73957689602957966)
 (0.64747819529271577,0.30453092550720562)
 (-0.073738673065022742,1.4515428808647142)
 (0.20151935269989824,0.50841183276053092)
 (0.93001033310965253,0.043000456549220523)
 (-0.15363397394303091,1.2777355659835852)
 (-1.167251227819297,1.0835127506520139)
 (-0.35082064758070947,0.37554506995581577)
 (-0.076019875550518312,-0.17929498660597282)
 (0.23707901704405465,1.2485698394719797)
 (-0.38259516344114475,0.10259245041209594)
 (-0.67332043082437765,-0.34358150176853419)
 (0.69592386193613864,0.32194041212366009)
 (0.39822457600390226,1.1780638784833266)
 (-0.29538384566961479,-0.0084913652693697217)
 (-0.0028760417996616938,-0.84052627449737405)
 (0.0035734272848149812,-0.17295954296340713)
 (0.66797441989591411,-0.91217893183026189)
 (0.53804587159183614,-0.42578337739037359)
 (0.14070303733147374,0.16222109060736592)
 (0.30947828130898364,-0.38547104850626196)
 (1.0472931220365531,-0.070629296104787131)
