# Created by Octave 8.4.0, Thu Dec 11 09:47:22 2025 IST <gamana@Samsung>
# name: rician
# type: complex matrix
# rows: 2048
# columns: 1
 (1.1085627943511507,-0.7776807549449325)
 (-0.26608803295116856,0.30815946595795696)
 (0.6389377171044055,-0.82324850916105285)
 (-1.443065088595717,-0.82422835826668694)
 (0.21832059276141527,-0.20437866647284716)
 (-0.84747007431775245,0.023572022068988008)
 (-0.35879218891147735,-0.36218687211326639)
 (-0.0046017012176942373,-0.42349381879226855)
 (-0.8275702732909892,0.39218192295997933)
 (0.24164409946275583,-0.35255452780748658)
 (1.2298331450662328,0.84447774813570597)
 (0.77646496213338922,0.61704484164932394)
 (-1.4208663707031746,0.47405305612718734)
 (0.66798205807000599,-0.73260103692978684)
 (-0.64930664575243879,1.423239541553917)
 (-0.071859026022540406,-1.1025185114763763)
 (-0.74321747539906469,1.0453960073629189)
 (-0.096651605261816487,0.085543914514605857)
 (1.0776415019086931,-0.20474415823227823)
 (1.0460189560763384,-0.083184419431980128)
 (-1.4619025515956487,1.0239084499604598)
 (-0.38668578405564158,-0.77905232874863628)
 (0.46842147421505609,0.64072016610534566)
 (-1.1783211224233698,-1.1591234549166158)
 (0.4024539595960166,-1.1645214506871171)
 (-0.90638338986127187,-0.58417778138212562)
 (-0.38116638027710614,-0.30271752798925011)
 (0.10653070008386861,-0.63388453209968076)
 (-0.66429378070342104,1.2499090975753231)
 (-0.10897592943394785,0.92090054604918914)
 (0.065506465258956537,-0.52349872734300407)
 (-0.20460493018035364,0.70906114117004559)
 (-0.5997736733864274,-1.4548126635130711)
 (0.37659796780564936,-0.38391601473350367)
 (2.1923654698351158,-0.50251887826314334)
 (1.1604208314841253,0.44054618939228207)
 (0.55465967581854203,-0.39630808000270401)
 (0.027730788805492679,0.98638608907949288)
 (0.28756543020398201,-0.43280523417552924)
 (0.37640665740412887,-0.34140152449198785)
 (-0.58734888457220757,-0.40126860007297016)
 (-1.0288154962632623,0.048086059401028336)
 (-0.072345470334231055,-1.0528786316307228)
 (-0.051085376546932085,0.29434577886344077)
 (-0.40303197832600135,-0.26266007840479388)
 (0.3081215092252409,0.021895911395973189)
 (0.64922105599454394,-0.094650986829548256)
 (-0.017223145965456099,0.55664737223273275)
 (-1.3001246314733033,0.2016930693207008)
 (-1.0582300652204999,-0.54387426052917054)
 (0.9808454413092208,-0.051267133693031958)
 (0.41739888231706657,0.33254140069572036)
 (0.76346502598694976,-0.14654631915475183)
 (-0.50818532573599973,-0.25210371448883007)
 (-0.10217382226623573,1.1682450154055384)
 (-0.77943028653769297,1.3564316011291135)
 (0.86921176876183504,-0.17588607935139389)
 (-1.0878823225817893,-0.55680791820226561)
 (-0.13471579777278705,0.57659891035470945)
 (0.38080266674177848,1.1821107177836092)
 (-0.17446508132090099,-0.34054609192535346)
 (-1.1853052691462107,-0.069677847562241435)
 (0.010698399624712376,0.19750795707215929)
 (0.19818770805576036,-0.22093659093502821)
 (0.25090594096937197,-0.74804357567708823)
 (-0.33143809537439473,0.78000522770833292)
 (1.0267885745409535,1.0443672126839292)
 (0.23630428111502974,0.13459221980319194)
 (0.16813746633338628,0.8823461057023545)
 (0.49287015193309791,0.52596621684741629)
 (-1.116167166592487,-1.1604503429243873)
 (0.64912664847843304,-0.38207415912047238)
 (1.2317814350152552,-0.85257857635347856)
 (-1.3081262030204317,-0.17486089166416813)
 (0.53287265803588479,-0.57403459018368752)
 (-1.320721828294787,1.1634357772040771)
 (0.48967989199669182,1.0139402817480854)
 (-0.022953340872727837,0.38810647988629404)
 (-0.18321796570737367,-1.2525841197601182)
 (0.31481606683684094,-0.30112463526636479)
 (-0.47625632871894591,1.3117796798473731)
 (-0.79428063338890864,0.88046638261325461)
 (-0.17668600064431628,-0.12778863532464413)
 (-0.27315676851902393,0.51890994989335892)
 (0.51902867848517453,0.48390577372241239)
 (-0.79829657539582188,0.47116364414671319)
 (-0.2047505597834488,0.11470034793223378)
 (0.52091531427071402,-0.48377232287269994)
 (-0.48488502176101322,0.77869575187942575)
 (0.81304565932481576,-0.57506380625420661)
 (1.1879096934745512,-0.81538985309107126)
 (-0.78217056448276556,0.92459230668788106)
 (0.35697694180498524,-0.52923273487782907)
 (-0.28144940219794573,-0.46892073336619383)
 (0.35843826670094459,-0.16851045096803519)
 (-0.11845206513736709,-0.87693924327223505)
 (-0.2256354282126018,-0.302197847007524)
 (0.50888413293791079,-0.077542600966883729)
 (0.14634537434151187,-1.069169900803068)
 (-0.28544111869434202,-0.15993297189419614)
 (-0.37402039482631338,0.32998177907160231)
 (0.19664296080017962,-0.3974714657570253)
 (0.8744013807141291,-1.4567906192139228)
 (-0.85723349210955835,-0.07221419139129226)
 (0.72733138162858058,-0.067556137215108891)
 (-1.0639723823028333,0.24351314384837947)
 (0.36492359793557888,0.4439709862459294)
 (0.47533722204937179,0.91197158820358937)
 (-0.85857545185742379,-0.38233057444285645)
 (-0.42429294910006943,-0.19471557764330283)
 (-0.19318012264349849,0.27236065493991651)
 (0.080595865821526336,-0.5153966285855297)
 (1.1712576403233417,-0.46055649663249543)
 (0.37493242577485808,-0.68308352458851229)
 (-0.84284570471320164,0.0076123032357637843)
 (0.85957783550805922,0.35521493059765413)
 (-0.48067841684885421,-0.98289918696183531)
 (-0.28344536974933032,0.30906935058924206)
 (-1.3281443981887546,1.0167842314981883)
 (0.84189876046061529,-0.70388985298817908)
 (-0.12947165271802713,-0.91032319328252553)
 (-0.036370904927098768,1.288298542001193)
 (-0.88071125488496005,-1.4400991970491801)
 (-0.77942631225660541,-1.0878666237579995)
 (0.10299359178089074,-0.78612181635049261)
 (-0.46400528076615816,-0.1181664402585984)
 (-0.061133829971771803,0.40748636961317408)
 (-0.12959221246461136,-0.32634086364664927)
 (-0.88223451215712845,-1.1878526290856239)
 (-0.92396358520691912,-1.3302744477042938)
 (-0.45386857611083631,-0.082906008296304595)
 (0.3238564769721492,-0.30847686562461668)
 (-1.1300026813419346,-1.251105701234414)
 (-0.55730333225917161,0.62150278801809944)
 (0.34945590245753089,0.11296242988020086)
 (-0.44839971775799004,0.50943866062541721)
 (-0.80160068126358797,0.35789691284140002)
 (0.53995312141496532,1.3321393704056725)
 (-0.014816643099714866,0.37256860910480949)
 (-0.38091460583585213,0.96259082996397138)
 (0.68720527434246792,0.84883094474112597)
 (0.60516554561915548,0.64430265077211335)
 (-0.47329765729136608,-0.54487466441175769)
 (-0.97193842737383385,0.45297300166680826)
 (0.36355116000749049,-0.66675659609075022)
 (-0.35969018463387326,0.3309511064710583)
 (0.84960800415874804,0.76256778281457782)
 (1.1117576176591941,-0.1180373922036182)
 (-1.3938904461311439,0.84492677711983388)
 (0.76449448851325308,-1.3005638343993295)
 (0.084344209818498078,0.031254723678636472)
 (-1.0359093922818352,-0.2725326958164615)
 (0.13911102433318678,-0.10938064340039771)
 (-0.11327955027744747,0.17232087701633833)
 (-0.3467275562105348,0.30776378103664653)
 (-0.36643411476851717,0.31734984018258738)
 (-0.83967462069986554,0.048642120241069536)
 (0.53855832198137965,-1.0041867037601244)
 (-0.43317061087566505,-1.2289606900602663)
 (0.35220480651814262,-0.48806171874206999)
 (-0.075761116909843523,-0.21024777131746622)
 (-1.1044594859641876,-0.91163790467021133)
 (0.29018457918554513,-0.14198219875976859)
 (0.9909307509453984,0.09702051559221786)
 (0.76331694502144898,0.69490251282646853)
 (0.36192803797756801,0.30067919555532763)
 (-0.29697421963272225,-0.51080237642084247)
 (0.92014440196139069,-0.5378939904616431)
 (-1.0211625537555526,0.71262931579498456)
 (-0.026418443026230365,-0.22679291065825719)
 (0.45429377895819145,-0.30996127518549899)
 (-0.76886143648771255,-0.88468909420154018)
 (-0.81130684612233062,-0.92143240400467763)
 (-0.85387145085597727,-1.0592042793982048)
 (0.2704236011989597,0.69167163118546293)
 (-1.3847047535731576,0.5493329015621855)
 (-0.060871329629172299,-0.49927795200535963)
 (0.94436456206851838,-0.67121083691961403)
 (0.26536759170803842,-0.77318678323952328)
