# Created by Octave 8.4.0, Thu Dec 11 09:47:22 2025 IST <gamana@Samsung>
# name: clean
# type: complex matrix
# rows: 2048
# columns: 1
 (-0.3119910303868127,-0.3119910303868127)
 (-0.93597309116043814,-0.93597309116043814)
 (0.93597309116043814,0.93597309116043814)
 (0.93597309116043814,0.93597309116043814)
 (-0.93597309116043814,0.93597309116043814)
 (0.3119910303868127,-0.93597309116043814)
 (0.3119910303868127,-0.3119910303868127)
 (0.3119910303868127,0.93597309116043814)
 (0.93597309116043814,-0.3119910303868127)
 (0.93597309116043814,0.3119910303868127)
 (-0.93597309116043814,0.3119910303868127)
 (-0.93597309116043814,0.3119910303868127)
 (-0.3119910303868127,-0.3119910303868127)
 (-0.93597309116043814,0.93597309116043814)
 (0.93597309116043814,-0.3119910303868127)
 (0.3119910303868127,-0.93597309116043814)
 (0.3119910303868127,0.93597309116043814)
 (0.93597309116043814,-0.93597309116043814)
 (0.3119910303868127,0.93597309116043814)
 (0.93597309116043814,-0.3119910303868127)
 (0.93597309116043814,0.3119910303868127)
 (-0.3119910303868127,0.93597309116043814)
 (0.93597309116043814,-0.93597309116043814)
 (-0.93597309116043814,-0.93597309116043814)
 (0.3119910303868127,-0.3119910303868127)
 (-0.93597309116043814,-0.3119910303868127)
 (-0.93597309116043814,0.3119910303868127)
 (0.93597309116043814,-0.3119910303868127)
 (0.93597309116043814,0.3119910303868127)
 (0.3119910303868127,-0.3119910303868127)
 (-0.93597309116043814,0.93597309116043814)
 (0.3119910303868127,0.3119910303868127)
 (0.3119910303868127,-0.3119910303868127)
 (-0.93597309116043814,0.93597309116043814)
 (-0.3119910303868127,-0.3119910303868127)
 (0.3119910303868127,-0.3119910303868127)
 (0.3119910303868127,0.93597309116043814)
 (0.93597309116043814,0.3119910303868127)
 (-0.93597309116043814,0.93597309116043814)
 (0.3119910303868127,0.3119910303868127)
 (-0.3119910303868127,-0.3119910303868127)
 (-0.3119910303868127,-0.93597309116043814)
 (0.3119910303868127,0.93597309116043814)
 (-0.93597309116043814,-0.93597309116043814)
 (-0.93597309116043814,-0.93597309116043814)
 (-0.93597309116043814,0.3119910303868127)
 (0.3119910303868127,0.3119910303868127)
 (0.93597309116043814,0.3119910303868127)
 (-0.3119910303868127,0.3119910303868127)
 (0.3119910303868127,-0.93597309116043814)
 (-0.93597309116043814,-0.3119910303868127)
 (-0.3119910303868127,-0.3119910303868127)
 (0.93597309116043814,-0.3119910303868127)
 (-0.93597309116043814,0.93597309116043814)
 (-0.93597309116043814,0.93597309116043814)
 (-0.3119910303868127,-0.93597309116043814)
 (-0.3119910303868127,-0.3119910303868127)
 (-0.3119910303868127,0.3119910303868127)
 (0.3119910303868127,-0.3119910303868127)
 (-0.93597309116043814,-0.3119910303868127)
 (0.93597309116043814,0.93597309116043814)
 (-0.3119910303868127,-0.93597309116043814)
 (-0.3119910303868127,-0.93597309116043814)
 (-0.3119910303868127,0.93597309116043814)
 (0.93597309116043814,0.93597309116043814)
 (-0.93597309116043814,-0.93597309116043814)
 (-0.3119910303868127,0.3119910303868127)
 (-0.3119910303868127,-0.3119910303868127)
 (-0.93597309116043814,-0.93597309116043814)
 (0.93597309116043814,0.93597309116043814)
 (0.93597309116043814,0.93597309116043814)
 (-0.3119910303868127,0.3119910303868127)
 (-0.93597309116043814,-0.3119910303868127)
 (-0.93597309116043814,0.93597309116043814)
 (0.93597309116043814,-0.93597309116043814)
 (0.3119910303868127,0.3119910303868127)
 (0.93597309116043814,-0.3119910303868127)
 (-0.93597309116043814,0.3119910303868127)
 (0.3119910303868127,0.3119910303868127)
 (0.93597309116043814,-0.93597309116043814)
 (-0.3119910303868127,0.3119910303868127)
 (0.93597309116043814,-0.93597309116043814)
 (0.93597309116043814,0.93597309116043814)
 (0.93597309116043814,-0.93597309116043814)
 (-0.3119910303868127,-0.3119910303868127)
 (-0.3119910303868127,0.93597309116043814)
 (0.93597309116043814,0.93597309116043814)
 (-0.3119910303868127,0.93597309116043814)
 (-0.3119910303868127,-0.93597309116043814)
 (-0.3119910303868127,0.93597309116043814)
 (-0.3119910303868127,-0.93597309116043814)
 (0.3119910303868127,-0.3119910303868127)
 (0.3119910303868127,-0.3119910303868127)
 (-0.93597309116043814,0.3119910303868127)
 (-0.3119910303868127,-0.3119910303868127)
 (0.93597309116043814,0.93597309116043814)
 (-0.3119910303868127,-0.93597309116043814)
 (-0.93597309116043814,-0.3119910303868127)
 (-0.93597309116043814,0.3119910303868127)
 (-0.93597309116043814,-0.93597309116043814)
 (0.3119910303868127,-0.93597309116043814)
 (0.3119910303868127,0.93597309116043814)
 (-0.93597309116043814,-0.3119910303868127)
 (0.93597309116043814,-0.3119910303868127)
 (-0.3119910303868127,-0.3119910303868127)
 (0.3119910303868127,0.3119910303868127)
 (0.93597309116043814,0.93597309116043814)
 (0.93597309116043814,0.93597309116043814)
 (-0.93597309116043814,0.93597309116043814)
 (0.3119910303868127,0.3119910303868127)
 (-0.3119910303868127,-0.93597309116043814)
 (-0.93597309116043814,-0.3119910303868127)
 (0.3119910303868127,0.3119910303868127)
 (-0.93597309116043814,-0.3119910303868127)
 (0.93597309116043814,-0.3119910303868127)
 (0.93597309116043814,0.93597309116043814)
 (0.3119910303868127,0.93597309116043814)
 (0.93597309116043814,0.3119910303868127)
 (-0.93597309116043814,0.93597309116043814)
 (-0.93597309116043814,0.3119910303868127)
 (-0.3119910303868127,-0.93597309116043814)
 (-0.3119910303868127,-0.3119910303868127)
 (-0.93597309116043814,0.3119910303868127)
 (0.93597309116043814,0.93597309116043814)
 (-0.93597309116043814,0.93597309116043814)
 (0.3119910303868127,-0.93597309116043814)
 (0.3119910303868127,0.93597309116043814)
 (0.3119910303868127,-0.93597309116043814)
 (0.93597309116043814,-0.3119910303868127)
 (0.3119910303868127,-0.3119910303868127)
 (-0.93597309116043814,-0.93597309116043814)
 (0.93597309116043814,0.3119910303868127)
 (0.3119910303868127,-0.93597309116043814)
 (-0.93597309116043814,-0.93597309116043814)
 (-0.93597309116043814,0.3119910303868127)
 (0.3119910303868127,-0.3119910303868127)
 (0.93597309116043814,0.3119910303868127)
 (0.3119910303868127,-0.3119910303868127)
 (0.93597309116043814,-0.3119910303868127)
 (0.93597309116043814,0.93597309116043814)
 (-0.93597309116043814,-0.93597309116043814)
 (-0.3119910303868127,-0.3119910303868127)
 (0.3119910303868127,-0.93597309116043814)
 (0.3119910303868127,0.93597309116043814)
 (0.93597309116043814,0.93597309116043814)
 (-0.3119910303868127,-0.3119910303868127)
 (0.3119910303868127,0.3119910303868127)
 (0.93597309116043814,0.3119910303868127)
 (0.93597309116043814,-0.93597309116043814)
 (-0.93597309116043814,0.3119910303868127)
 (0.3119910303868127,0.93597309116043814)
 (-0.93597309116043814,0.93597309116043814)
 (-0.93597309116043814,-0.3119910303868127)
 (-0.93597309116043814,0.3119910303868127)
 (0.93597309116043814,-0.93597309116043814)
 (-0.3119910303868127,-0.93597309116043814)
 (-0.3119910303868127,-0.93597309116043814)
 (-0.93597309116043814,-0.93597309116043814)
 (0.93597309116043814,-0.3119910303868127)
 (0.3119910303868127,0.93597309116043814)
 (-0.93597309116043814,0.93597309116043814)
 (0.3119910303868127,-0.3119910303868127)
 (0.93597309116043814,0.93597309116043814)
 (0.93597309116043814,-0.3119910303868127)
 (0.93597309116043814,-0.3119910303868127)
 (-0.3119910303868127,0.3119910303868127)
 (0.93597309116043814,-0.93597309116043814)
 (0.93597309116043814,-0.93597309116043814)
 (0.3119910303868127,0.93597309116043814)
 (-0.3119910303868127,0.93597309116043814)
 (0.93597309116043814,0.93597309116043814)
 (-0.3119910303868127,0.93597309116043814)
 (-0.93597309116043814,0.3119910303868127)
 (-0.93597309116043814,-0.93597309116043814)
 (0.93597309116043814,0.3119910303868127)
 (-0.3119910303868127,-0.93597309116043814)
 (-0.3119910303868127,0.3119910303868127)
 (-0.3119910303868127,0.3119910303868127)
 (0.3119910303868127,-0.3119910303868127)
 (-0.3119910303868127,0.93597309116043814)
 (0.3119910303868127,-0.3119910303868127)
 (0.93597309116043814,0.3119910303868127)
