# Created by Octave 8.4.0, Thu Dec 11 09:47:22 2025 IST <gamana@Samsung>
# name: awgn20
# type: complex matrix
# rows: 2048
# columns: 1
 (0.3429807282390277,-0.27353803397984988)
 (0.28920423352693508,-0.35541858606596077)
 (0.21378634508159353,-0.40068046476956187)
 (-0.34191316892251372,-0.33453140419073357)
 (-0.23580376485257834,-0.35877437626445269)
 (0.36484552022507749,0.94732573604892045)
 (0.41914399921797563,0.42756961626708612)
 (-0.87067118114016917,0.82695994500039272)
 (-0.29613458719227492,1.0420691321221347)
 (-0.92444795746414754,-1.1468735064214934)
 (0.42782345476571648,-0.34019653394172095)
 (0.42836343654345121,0.28263426465524855)
 (-1.0636098405328493,-1.0098645762791407)
 (-0.40516423160339282,-0.25407252260895419)
 (-0.24694399932277439,-0.98207488865440795)
 (0.20992349649279693,0.95548465259288473)
 (-0.95345587483278527,0.38935892693876073)
 (0.94023298256708965,-0.15584549874846665)
 (-0.84526957422153814,-0.9275141203017071)
 (0.30839122193099117,-0.2440667337041246)
 (-1.0265040202509594,-0.30821619252678462)
 (0.36723775345120158,-0.29880920875763839)
 (-0.92093307013177583,0.8806163107067515)
 (1.0271432418347748,-0.91631880094726226)
 (-0.33462151897865716,-0.89468433750056642)
 (0.93896416273377248,0.23542757817511029)
 (0.45591870981823024,0.92558547826397108)
 (-0.98054123760658907,-0.92376884793429304)
 (-0.99861482901878862,-0.39031306252038067)
 (0.24003697302175891,-0.81547891256398741)
 (-0.93051833502814651,-0.33603511110091838)
 (0.94308963928826139,0.89340505039591278)
 (1.0724690444676066,-0.22488780284873994)
 (-0.41123978822448493,-0.86360590399050063)
 (-0.22842454443210924,0.95207180724445561)
 (-0.76560768855002914,-0.35210471056790743)
 (0.26065779730957639,-0.34971870460335608)
 (0.30614513532226773,-0.33260785589246794)
 (-0.8872130950213919,-0.27684502173474423)
 (0.97520171044385762,-0.93713068154626422)
 (-0.22265201543338947,-0.9253049586985721)
 (1.1184280193776472,0.47787432137532199)
 (-0.35797534168104539,0.31631455526535873)
 (0.9924785752424431,0.91072289833670994)
 (-0.80635590407894875,0.32634665930134688)
 (-0.82989103826436139,-0.9714741538020617)
 (0.95774253723389691,-0.99403970184741663)
 (-0.42910802723594099,0.35941117757087965)
 (-0.93808125112847063,0.36409777529427878)
 (0.94583133047588253,0.94028964874480025)
 (-0.30941531367608183,-1.1250443861205792)
 (0.18309898833629604,-0.95792581793918163)
 (-0.2681023487071868,0.23144938094566958)
 (0.34206635862035156,0.37296793394704181)
 (-0.9792305816135416,-0.27528637332944655)
 (-0.3506122143746323,-0.3333259085840663)
 (-1.0388582241617867,0.89237061323048983)
 (0.29053285764591252,-0.75644903601955649)
 (1.0433934646141378,-0.78275290663238728)
 (-0.28102424340938859,0.87700159785243303)
 (-0.25734202832725495,0.26303233624255162)
 (0.84490812181036579,0.29128028250331334)
 (-0.28000029996718367,0.80495531539770782)
 (-0.98422693704427699,-0.25865529019992028)
 (-0.18821376012825705,0.98164513128765818)
 (0.20365959536891814,-0.29347882876719894)
 (1.0166616199888299,-0.90936783241136177)
 (0.97711369314416618,-0.28745208387045534)
 (-0.92485163063338471,-0.92852362695953439)
 (-0.9289398360507376,-0.23872988186471511)
 (0.3979657246068059,0.31608365498048091)
 (-0.91732895903903033,-0.86074271605836805)
 (-0.89264200225163426,1.0096014043474024)
 (-0.29032856087623587,-0.25071572451693391)
 (-0.90973642243858799,0.87375101846244185)
 (0.37286913358398072,-0.24458145773355972)
 (0.89517519008805346,0.31881813870846559)
 (-1.0176730532515141,-1.0560689264370031)
 (-0.45128498769379854,-0.76945866127704243)
 (-0.25183499706588358,0.47469219737913032)
 (-0.2297602164101889,-0.96697690791309343)
 (-0.95747358256918669,-0.85089007557990792)
 (0.34754512444197677,-0.93701750150459395)
 (-0.3975621937213501,-0.31637894449151688)
 (0.9708916909519707,-0.38215769767564373)
 (0.31292956564791452,0.3717537629346474)
 (-0.49818314184950063,-0.23837928173552952)
 (0.25707658743772249,0.81355809627943432)
 (0.94754204001205256,0.97144468140829399)
 (1.0004345289869347,-1.0096635046420719)
 (-0.33646093722856341,1.0229747659365522)
 (0.37443361305096334,-0.94614800437428204)
 (-0.97708898537129163,0.27294917526360779)
 (-0.18289415508711829,0.30663773659663673)
 (0.85508698151684914,1.0233339312879148)
 (0.16581346272852318,-0.45233551383575288)
 (0.92169994367334329,1.0869036971113515)
 (-0.19882254991094139,0.76079927230275823)
 (0.29803517698451931,-0.90275372077154104)
 (0.85955258359403008,-1.0146225256563961)
 (0.2553707540044084,0.36773217660301882)
 (0.99282840808372075,0.84446771438162838)
 (0.40530815466944292,-0.97862842779055259)
 (-0.97658111162992123,-0.27688207687405791)
 (-0.9416300577090071,-0.36264035327786387)
 (0.96801762593932517,-0.44537733315802025)
 (0.30496642235069255,0.34861780824519972)
 (-0.85947717430899595,-0.99284585494725663)
 (0.96127432480087149,1.0130764374319843)
 (-0.42119695559449788,1.0542021588959147)
 (-0.2570184187815725,0.90707095471138144)
 (0.37800310427468187,-0.38836650587620863)
 (-0.90548487157806534,0.38633857743761074)
 (-0.8578728835473951,-0.35119874134086965)
 (0.98954787617688689,-0.37593623663490694)
 (1.0250673194642566,-0.33871084116608874)
 (-0.97518859183650164,-0.34149205729702686)
 (-0.93623529042189357,-0.200466097047307)
 (0.45445891050662812,0.83103944626400961)
 (-0.10567080293147144,0.32342461601103084)
 (-0.8979756299376912,0.30775251961502059)
 (-1.066392155861724,0.43157841620922816)
 (-0.31435744670631277,1.0457063115283018)
 (0.16061156425253842,-0.99736800329556408)
 (-0.91541390710643222,-0.31063344587225372)
 (-1.0037909902975886,0.98622406803189999)
 (-0.30294922861370788,0.36411098600919362)
 (-0.32167622671522761,-0.50109517862948938)
 (-0.98751441511949423,-0.96072132796872822)
 (-0.91731069964545453,0.86438394311752809)
 (0.97029698217337035,-0.37158159426456372)
 (0.99193863025084084,0.8334501731198023)
 (-0.28203533808802073,-0.98298967648538094)
 (0.9814993300697471,0.36703079001374195)
 (1.0361971963356167,-0.92148799699596828)
 (1.0045681827859341,-0.31206041484075048)
 (0.84279536199580085,0.87637779339791644)
 (-0.23501539386594733,0.35369668941139792)
 (-0.91636808539250747,0.32703880640206534)
 (-0.34602146619051355,0.94470306424051176)
 (-0.27150862594302017,0.37527897187568948)
 (-0.29757644139210215,-0.31862629360543598)
 (-0.99006294637314818,-0.32317906076553421)
 (-0.26055261642870209,-0.89959989928569795)
 (-0.44950873394577551,0.28486273465842982)
 (-0.40774195982032369,-0.34654930590595945)
 (-0.27424734614515178,0.89626715880615992)
 (0.31045721968111045,-0.37300451683069968)
 (-0.29295270860562656,-0.85952168513356775)
 (-0.24895861999934515,-0.30941203733736733)
 (-0.45493577841684973,-0.28261113765106433)
 (-0.29196848035625567,-0.98227706024686379)
 (0.93995597815822129,0.2960061916907441)
 (-0.24347840422714281,-0.77513576221328417)
 (0.89476053459302829,-0.89165068845446938)
 (1.1112267206645012,0.20576542064870607)
 (0.96489867412637187,-0.36333407274516882)
 (-0.29015954337211791,-0.82994779690474973)
 (1.0065095626166014,0.84386850026424665)
 (0.41358880442314028,-0.079706600620532836)
 (-0.84666112480973965,0.87054534081864388)
 (0.9726701578041127,-0.18225497436128102)
 (0.23084810398194669,0.9051027357203324)
 (-0.86964780265683395,-0.19897895718797398)
 (0.30801466477712591,-0.96239567971246687)
 (0.89754149737454036,0.28985763517451857)
 (-0.22955474695913447,0.28214106552470147)
 (0.32710089164398831,-1.0210846213918698)
 (-0.82968118345611508,0.9386909650384585)
 (0.27211254906569959,1.0172849156234747)
 (0.22963076557434209,-0.87377198744354767)
 (1.0229277440983409,-1.0495639947498392)
 (0.92081566106162827,-0.9786304743766373)
 (-0.50279825743792061,0.40013398296397096)
 (-0.92636070431972628,-0.4655848930030615)
 (0.3290499221687086,0.94750133577697315)
 (-0.1927683475480505,0.32273628326409465)
 (0.24931651016108636,-0.76366761849820153)
 (0.88975362950444192,0.42480441549322873)
