# Created by Octave 8.4.0, Thu Dec 11 09:47:21 2025 IST <gamana@Samsung>
# name: awgn20
# type: complex matrix
# rows: 2048
# columns: 1
 (-0.96981451178286404,0.87311087338075977)
 (0.28943840059340575,-0.91794468554279995)
 (0.95925123140746937,-0.88370824577716411)
 (0.34242949421407998,0.83176725770650528)
 (0.2705432920189067,-0.95577483987296852)
 (-1.0208782920901898,0.40144023853173949)
 (0.93683221946837469,0.91832964994623001)
 (-0.88084958116412015,0.45236924326271666)
 (-0.43431342285573576,-0.3246797442030922)
 (-0.32167522054489789,-0.22520546515701709)
 (0.37843179256023302,0.9904925706532498)
 (-0.93641647572915687,0.24989344951290554)
 (-0.2807839131291448,-0.40418751809052728)
 (-0.36827435430796263,1.1177452454665651)
 (0.99361462613169416,0.94813336149039751)
 (0.96735694570054676,-0.89244454711083876)
 (0.3915619530815429,0.34426318252499655)
 (0.2770771441241251,1.1707497214685008)
 (0.37760280942508517,-0.27697158455985904)
 (-0.34006538313312101,-0.16157308541750798)
 (0.28136715229358994,0.93952562241983073)
 (-0.9919981861953765,0.35017677325835123)
 (-0.41351381001208232,0.34346775291334652)
 (0.96300132979147179,-0.92008170367536724)
 (0.32093104388161015,0.98146174067255243)
 (0.41946943223255456,-0.27114366893818631)
 (0.34594099709692933,1.0261737013678172)
 (0.96249598145207627,-0.98987176004354049)
 (-0.98525577655332652,0.97121702796240317)
 (0.28130087075533572,0.92810791967881356)
 (-1.0256748679206862,-0.27447955733427343)
 (0.99553065153778009,1.0195738307323206)
 (0.28707901195753766,0.27098783468560378)
 (-0.95084516401072616,0.870084791257837)
 (0.38098242821943046,-0.25000091339409514)
 (0.38837464269892524,-0.45788187539834302)
 (0.43465869189053008,-0.34284884022155904)
 (-0.85412016821807601,0.99244780253074427)
 (0.36727788376635923,0.35666495246750651)
 (1.0050473023558413,0.88673538507968819)
 (-1.0023484288196132,0.29711779692797441)
 (0.31342269792275601,0.28093793305988729)
 (0.30781807660511634,-0.43536162884505919)
 (-0.40730824115650099,-0.35298276338082274)
 (-0.85489735945543577,-0.86899393721260143)
 (-0.35707295613594325,-0.18787938980362021)
 (-0.91025672862900742,0.29331351710816755)
 (-0.93716344596322709,0.33058894789679455)
 (-0.82854152071236475,-0.86802912612190808)
 (0.84071304533543012,0.91403404076606931)
 (-0.25025580624326854,0.29877076214314285)
 (0.27938066561143327,-1.0044618085663251)
 (-0.9673826895764428,-0.46458741717055935)
 (0.26470888427307576,0.32458454158260241)
 (-0.97375921858131942,-0.28732803726816819)
 (-0.92379822828587677,-0.88603850499727188)
 (0.29804178807617765,-0.19797793357057225)
 (-0.39806234367266491,0.8307886187996083)
 (-0.2675903872399068,-0.32593062077814616)
 (0.22610542638030823,-0.28507452510637382)
 (0.22930277755795581,-0.330004413969682)
 (1.0135171033649317,-0.40162612518177376)
 (-0.97191714080242364,-0.30669093932395192)
 (0.82763448550197494,-0.26228703485003235)
 (-0.30874677312561283,-0.95590061486793232)
 (0.92709643281599785,0.41713923592455265)
 (-0.91356303207175371,0.21510011468911472)
 (0.27867376731625587,-0.33803786760942267)
 (0.91093489933157568,0.85378229652209781)
 (0.98295931328213837,-0.38540916973516376)
 (-0.91534482384803162,0.27863165104444793)
 (0.31150950148110307,1.1184975019839938)
 (-0.36991084167174731,0.27382099206225019)
 (-0.90532606964399209,-0.9565558148518547)
 (-0.97359598597749775,-0.8390195041017583)
 (0.3905253805134099,0.98049949506337841)
 (-0.97014040753015229,0.31598308188550006)
 (0.29600743248522454,0.22762129316489654)
 (-0.4855365066277133,-0.21695999039169211)
 (0.40154225695790624,-0.94800738100477289)
 (-0.85488022747170178,-0.88034015805055632)
 (-0.24252493120892332,-0.95303552736027108)
 (0.30229466868913374,0.93667727639520659)
 (1.0118710710163192,-0.26105909016296569)
 (-0.35292973034163133,0.95297305014759481)
 (0.89226792194970994,1.0724827821866898)
 (0.84647879505325119,-0.31746482089302269)
 (0.95392787565838078,0.27388430395275837)
 (-0.93752360714900984,-0.88531562768842453)
 (0.99100592073353178,0.85623241012547646)
 (0.92608146541191982,0.17028143146168409)
 (0.36448673511444307,-0.33925056948966525)
 (-0.10439927700176577,-0.91476186069729881)
 (-0.19906086302254028,-0.3803124303814634)
 (-0.92894962072456122,0.42289024298397115)
 (0.21018419281268091,0.26753431986912585)
 (-0.93432325655526394,-0.18949093330807379)
 (0.30464318741306445,0.33064021179439201)
 (-1.0015058765447413,-0.38484386924185421)
 (-0.3136506031866087,-0.97909372369206982)
 (0.38341336115163177,1.0229172102231376)
 (1.0826462899868199,-0.80641414214711726)
 (-0.91483112828794366,-0.31642217727819993)
 (0.38735708732631396,0.35008518251369575)
 (0.34305358964274646,0.92719025083743067)
 (0.37488802409502126,0.29330792975907155)
 (-0.20899601193732034,0.93847028619297401)
 (0.34024893054817595,-0.98892416349140888)
 (1.0433072138964583,-0.42810367750481271)
 (0.31022621541854623,-0.16411314161481308)
 (-0.16134745113920276,0.26930491219414082)
 (-0.99317595173849915,0.90475128681464811)
 (-0.99798381264615099,-0.371452897530682)
 (-0.2712646856454996,1.0034842247120168)
 (0.30312965282480375,-0.88506375214707622)
 (-1.0244638014759702,0.36459645428868748)
 (0.43644375834371885,-0.98121875554360061)
 (-0.3623581657990767,-0.29217750664421871)
 (-0.90654602143331409,-0.15905210530819003)
 (-0.28004533170780066,-0.37255828305382543)
 (-0.95553949865683729,-0.3114350368816135)
 (-0.24987228481359675,-1.0013008605497689)
 (0.94514597499434727,-0.26126317470150423)
 (-1.0203093763165614,-0.23013508997363744)
 (-0.3312418164528157,0.88277819976498928)
 (-0.36530518650187765,0.86928268929736818)
 (0.96885166956513358,-0.24343805814308817)
 (-0.94243279398185564,0.85203152722117159)
 (-1.0112979171762735,-1.0786632637590761)
 (-0.83683182188600291,-0.85941295459664835)
 (-0.35392698780282328,-1.0673601525942114)
 (0.33275945289395598,-0.25552706396330249)
 (0.18175424336489698,-0.86788381503505407)
 (0.3818313603690513,-0.50342805603518159)
 (-0.86826398167274366,-0.22578557931769416)
 (0.89873058872514833,-0.19231278341535954)
 (-0.31047026021063856,-0.97036606310286477)
 (0.94396939147743808,-0.98630387257439556)
 (0.97239657575185789,0.93950633481455981)
 (0.91344012860216495,0.91551707023581974)
 (0.74021156745833849,-0.23810399982105573)
 (0.23199714529151522,-0.88889666688852942)
 (-1.0084948326428114,-0.9628346060012235)
 (-0.27690397252131399,-1.0362365610241204)
 (0.36041016079909916,0.39835008216842427)
 (0.35314384624777106,-0.89537855272106759)
 (0.15484844155452648,0.86832155150317814)
 (0.89204098871842485,0.35198330292443142)
 (0.42598702438242203,0.96358763276006942)
 (0.22395192830533528,-1.0484883986448363)
 (0.90773733878682683,-1.0207399382537274)
 (0.9674339266994848,-0.21464783904745091)
 (0.87999917012228601,0.24063643358992109)
 (0.92907184348980332,-0.91002154538414848)
 (-0.95119306280169547,-0.98562346680301172)
 (0.89578999644185531,0.93781660222826302)
 (0.96956396361495079,0.46519232464600246)
 (-1.0726217122074562,-1.0153929013698753)
 (0.24879729127790987,0.3400711720015358)
 (-0.99305047756661746,0.94277802867685478)
 (-0.26104222880018496,0.48212126442803432)
 (1.0304026121009999,-0.21889727867936098)
 (0.40116649184204189,-0.92937457130905632)
 (0.40582214098575786,0.29013092250175126)
 (-0.27244474629273746,-0.43100174545142678)
 (0.96702511978464367,0.90181171274961969)
 (0.88072263740626555,-1.0101126934853546)
 (-0.38535235879423518,-0.24530401066886776)
 (-0.90824363901754623,0.36869745350326733)
 (-0.99047015347666911,0.92115497631489385)
 (0.8897391689651325,-0.32823275322210388)
 (0.93160605994619961,-0.89662984866181972)
 (0.25659617268533819,-0.32393220691047875)
 (0.25325473260391151,-0.88511968103704175)
 (-0.42798194836792397,-1.0231774597246368)
 (0.24414010833667354,-1.0188627212280026)
 (-0.95679145669602172,-0.99588949937975002)
 (-0.40157019452992254,-0.95000671777993051)
 (0.34786020239435916,0.32412384550169576)
 (0.29330734352529053,-0.32215779959010893)
