# Created by Octave 8.4.0, Thu Dec 11 09:47:22 2025 IST <gamana@Samsung>
# name: clean
# type: complex matrix
# rows: 2048
# columns: 1
 (0.31610431187743981,0.31610431187743981)
 (0.31610431187743981,0.94831293563231955)
 (-0.94831293563231955,0.94831293563231955)
 (-0.94831293563231955,-0.94831293563231955)
 (0.31610431187743981,0.31610431187743981)
 (-0.94831293563231955,-0.94831293563231955)
 (-0.94831293563231955,-0.94831293563231955)
 (-0.31610431187743981,0.31610431187743981)
 (-0.94831293563231955,0.94831293563231955)
 (0.94831293563231955,0.94831293563231955)
 (0.31610431187743981,-0.94831293563231955)
 (0.31610431187743981,-0.31610431187743981)
 (0.94831293563231955,-0.31610431187743981)
 (-0.94831293563231955,-0.94831293563231955)
 (0.31610431187743981,-0.31610431187743981)
 (0.94831293563231955,0.94831293563231955)
 (-0.31610431187743981,-0.31610431187743981)
 (0.31610431187743981,-0.94831293563231955)
 (0.31610431187743981,0.94831293563231955)
 (-0.31610431187743981,-0.31610431187743981)
 (0.31610431187743981,0.31610431187743981)
 (0.94831293563231955,0.94831293563231955)
 (-0.94831293563231955,0.31610431187743981)
 (-0.94831293563231955,-0.94831293563231955)
 (0.31610431187743981,0.31610431187743981)
 (-0.94831293563231955,0.94831293563231955)
 (-0.31610431187743981,-0.94831293563231955)
 (-0.94831293563231955,0.94831293563231955)
 (0.31610431187743981,-0.31610431187743981)
 (-0.31610431187743981,-0.31610431187743981)
 (0.31610431187743981,-0.31610431187743981)
 (0.94831293563231955,0.94831293563231955)
 (-0.31610431187743981,0.94831293563231955)
 (0.31610431187743981,0.31610431187743981)
 (0.31610431187743981,0.94831293563231955)
 (0.94831293563231955,0.31610431187743981)
 (0.31610431187743981,-0.31610431187743981)
 (-0.31610431187743981,-0.31610431187743981)
 (0.94831293563231955,0.94831293563231955)
 (-0.31610431187743981,-0.94831293563231955)
 (-0.31610431187743981,0.31610431187743981)
 (0.31610431187743981,-0.94831293563231955)
 (-0.94831293563231955,-0.94831293563231955)
 (-0.94831293563231955,0.31610431187743981)
 (0.31610431187743981,-0.31610431187743981)
 (-0.94831293563231955,0.31610431187743981)
 (-0.31610431187743981,0.94831293563231955)
 (0.31610431187743981,-0.94831293563231955)
 (0.31610431187743981,-0.94831293563231955)
 (0.94831293563231955,-0.31610431187743981)
 (0.94831293563231955,0.31610431187743981)
 (0.94831293563231955,-0.31610431187743981)
 (-0.31610431187743981,-0.31610431187743981)
 (-0.31610431187743981,0.94831293563231955)
 (0.31610431187743981,-0.31610431187743981)
 (-0.94831293563231955,-0.94831293563231955)
 (-0.94831293563231955,0.31610431187743981)
 (0.31610431187743981,-0.94831293563231955)
 (0.94831293563231955,0.94831293563231955)
 (0.94831293563231955,-0.94831293563231955)
 (-0.31610431187743981,-0.31610431187743981)
 (-0.94831293563231955,-0.94831293563231955)
 (0.31610431187743981,-0.31610431187743981)
 (-0.94831293563231955,0.31610431187743981)
 (0.31610431187743981,-0.94831293563231955)
 (0.94831293563231955,0.94831293563231955)
 (-0.31610431187743981,-0.31610431187743981)
 (0.94831293563231955,0.94831293563231955)
 (-0.94831293563231955,0.94831293563231955)
 (0.94831293563231955,0.94831293563231955)
 (0.94831293563231955,0.31610431187743981)
 (0.94831293563231955,0.94831293563231955)
 (-0.31610431187743981,0.94831293563231955)
 (0.31610431187743981,-0.31610431187743981)
 (0.94831293563231955,0.94831293563231955)
 (-0.31610431187743981,-0.31610431187743981)
 (-0.31610431187743981,0.31610431187743981)
 (0.94831293563231955,-0.94831293563231955)
 (0.94831293563231955,-0.31610431187743981)
 (0.31610431187743981,-0.94831293563231955)
 (0.31610431187743981,0.94831293563231955)
 (-0.94831293563231955,0.31610431187743981)
 (-0.31610431187743981,0.94831293563231955)
 (0.31610431187743981,-0.31610431187743981)
 (0.94831293563231955,-0.94831293563231955)
 (0.94831293563231955,0.31610431187743981)
 (-0.31610431187743981,0.31610431187743981)
 (0.31610431187743981,0.94831293563231955)
 (0.94831293563231955,0.94831293563231955)
 (0.94831293563231955,0.94831293563231955)
 (0.31610431187743981,-0.31610431187743981)
 (0.31610431187743981,-0.31610431187743981)
 (0.31610431187743981,0.31610431187743981)
 (0.31610431187743981,-0.94831293563231955)
 (-0.94831293563231955,-0.31610431187743981)
 (0.31610431187743981,-0.31610431187743981)
 (-0.31610431187743981,-0.31610431187743981)
 (0.94831293563231955,-0.94831293563231955)
 (-0.94831293563231955,-0.31610431187743981)
 (0.94831293563231955,0.31610431187743981)
 (0.31610431187743981,0.94831293563231955)
 (0.31610431187743981,-0.94831293563231955)
 (-0.31610431187743981,-0.31610431187743981)
 (0.94831293563231955,0.94831293563231955)
 (0.94831293563231955,0.94831293563231955)
 (-0.94831293563231955,0.94831293563231955)
 (-0.31610431187743981,0.94831293563231955)
 (0.31610431187743981,-0.31610431187743981)
 (0.94831293563231955,-0.31610431187743981)
 (-0.94831293563231955,0.94831293563231955)
 (0.94831293563231955,-0.94831293563231955)
 (0.31610431187743981,-0.94831293563231955)
 (-0.94831293563231955,-0.31610431187743981)
 (-0.94831293563231955,-0.94831293563231955)
 (0.31610431187743981,0.31610431187743981)
 (-0.94831293563231955,-0.31610431187743981)
 (-0.94831293563231955,-0.31610431187743981)
 (0.94831293563231955,0.94831293563231955)
 (-0.94831293563231955,0.31610431187743981)
 (0.94831293563231955,-0.94831293563231955)
 (0.94831293563231955,-0.94831293563231955)
 (0.31610431187743981,-0.94831293563231955)
 (-0.31610431187743981,-0.94831293563231955)
 (0.31610431187743981,0.94831293563231955)
 (0.31610431187743981,-0.31610431187743981)
 (-0.94831293563231955,0.31610431187743981)
 (0.94831293563231955,-0.31610431187743981)
 (-0.94831293563231955,0.31610431187743981)
 (-0.31610431187743981,-0.31610431187743981)
 (-0.94831293563231955,-0.31610431187743981)
 (-0.94831293563231955,-0.31610431187743981)
 (0.94831293563231955,0.31610431187743981)
 (0.94831293563231955,-0.31610431187743981)
 (0.31610431187743981,0.94831293563231955)
 (0.31610431187743981,0.31610431187743981)
 (-0.94831293563231955,0.94831293563231955)
 (0.94831293563231955,-0.31610431187743981)
 (0.31610431187743981,-0.31610431187743981)
 (-0.31610431187743981,0.94831293563231955)
 (-0.31610431187743981,0.94831293563231955)
 (0.94831293563231955,-0.31610431187743981)
 (0.31610431187743981,-0.94831293563231955)
 (0.31610431187743981,0.31610431187743981)
 (0.94831293563231955,-0.94831293563231955)
 (0.94831293563231955,0.94831293563231955)
 (0.31610431187743981,0.31610431187743981)
 (0.94831293563231955,-0.94831293563231955)
 (-0.31610431187743981,-0.31610431187743981)
 (-0.31610431187743981,0.94831293563231955)
 (0.31610431187743981,0.31610431187743981)
 (-0.94831293563231955,0.94831293563231955)
 (0.31610431187743981,-0.31610431187743981)
 (0.94831293563231955,-0.31610431187743981)
 (0.94831293563231955,-0.31610431187743981)
 (0.94831293563231955,0.94831293563231955)
 (-0.94831293563231955,0.94831293563231955)
 (0.94831293563231955,0.31610431187743981)
 (-0.31610431187743981,0.31610431187743981)
 (0.31610431187743981,-0.31610431187743981)
 (-0.31610431187743981,0.94831293563231955)
 (0.31610431187743981,-0.94831293563231955)
 (0.31610431187743981,0.31610431187743981)
 (0.94831293563231955,0.94831293563231955)
 (0.31610431187743981,-0.31610431187743981)
 (0.31610431187743981,-0.31610431187743981)
 (-0.94831293563231955,0.31610431187743981)
 (-0.31610431187743981,0.31610431187743981)
 (0.94831293563231955,0.31610431187743981)
 (-0.94831293563231955,-0.31610431187743981)
 (0.31610431187743981,-0.31610431187743981)
 (-0.31610431187743981,0.94831293563231955)
 (-0.31610431187743981,0.31610431187743981)
 (0.94831293563231955,0.31610431187743981)
 (-0.31610431187743981,0.94831293563231955)
 (-0.31610431187743981,-0.31610431187743981)
 (0.94831293563231955,-0.94831293563231955)
 (-0.31610431187743981,-0.31610431187743981)
 (0.94831293563231955,0.94831293563231955)
 (-0.31610431187743981,-0.94831293563231955)
