# Created by Octave 8.4.0, Thu Dec 11 09:47:22 2025 IST <gamana@Samsung>
# name: rayl
# type: complex matrix
# rows: 2048
# columns: 1
 (0.31200619503682014,0.21775710974420617)
 (0.71167247553713686,-0.049359946762301016)
 (-0.34041125151011337,0.74081792254094181)
 (0.04188741812952021,0.12752336303892531)
 (0.61754186207606487,-0.3938620634224258)
 (-1.3527132476823915,-1.1395046142906908)
 (0.13530597777224146,-0.71737813712625276)
 (0.39343023594263438,0.29032363795073579)
 (-0.2534664316873661,-0.68264264152382337)
 (-0.77988942418947049,0.20111380159357972)
 (-0.93340729717694959,0.025694831485583325)
 (-0.60541520656682901,0.026807745706513508)
 (0.87736062675090443,-0.19900135058838803)
 (-1.7977875031332657,0.62770750215947635)
 (0.015517676008885151,-1.0191378062086731)
 (-1.2591464612931018,1.0557449196906052)
 (-1.2971690304840651,-1.6016186281418552)
 (0.23222823872562187,-0.1238296796810468)
 (0.48988448002460439,-0.11981388513420466)
 (1.1450681438606174,-1.0090799075226311)
 (-0.32138629743516756,0.69765696211783368)
 (-0.088170810853861567,0.085343208121930872)
 (0.091523405918960368,-0.071139249930970885)
 (-0.023020686238756027,-0.33118664445585672)
 (0.075110635764787687,-0.73794917290699424)
 (0.19066852589893357,-1.7601584549615039)
 (-0.38217167003106228,-0.50859422126920051)
 (0.23987937032234594,-0.2049200256518306)
 (0.59728810670924271,0.27537672006376013)
 (-0.037466221379845899,0.34823860041908522)
 (0.11445013945162902,-0.39925467946849913)
 (0.050590101735621895,-0.6715970688604852)
 (-1.8976325929655402,0.60455462338047039)
 (-0.86994270656764772,0.55993840408456486)
 (0.039341050026283075,0.41483785824091168)
 (1.0041131047175111,-0.63222852273577468)
 (-0.22409871250138541,-0.010040475920445373)
 (0.47778236700246957,0.97310236911536385)
 (0.55790471052777946,-1.3406522828339735)
 (1.5984847871954204,2.3720029449622784)
 (1.116598660179867,-0.888603932349875)
 (0.3346728697801496,-0.2852082278291172)
 (-0.42166696247111246,-0.1436266794454886)
 (0.61484898534864207,-1.4271618897540677)
 (-0.97992605326948112,0.091348509408514744)
 (1.0361420853919181,-0.37735641036614043)
 (-0.73481473800092756,-0.6615231429456605)
 (-0.085589442982594355,0.2419788999865308)
 (0.38776198607470369,-0.064465497418711479)
 (-0.38941365000721162,-0.86546571059677779)
 (-0.098689587384054686,0.11562682903346007)
 (-0.38096880438989755,2.3885248118740665)
 (0.078288937857931534,0.20610788664298038)
 (0.35373689351676563,0.16314202200066577)
 (-1.1527638927305641,-0.53547652418472258)
 (0.36073086493292283,-0.23321996926861849)
 (-0.022476587595062214,-0.040008524279025577)
 (-0.531653704652024,-0.28504680004892768)
 (1.7012864862025698,0.14110153021674032)
 (-0.12736507560978563,-0.98560173414326302)
 (0.14679283819020295,-1.1010939102363269)
 (-0.88501121126012128,-0.57081130917530487)
 (1.1295644621599146,0.80781097568202676)
 (0.40755007644766095,-0.42965499549364639)
 (-1.1262046003285784,-0.31491767743380406)
 (0.48936743109427217,0.88486767806930477)
 (-0.010948788520284081,-0.88778267075225281)
 (-0.018166518060324682,0.37168771790765309)
 (0.6914853823727205,-1.1950303631139039)
 (-0.52812079930869116,0.34497075887778167)
 (0.062277447829157534,0.33762067267245344)
 (0.021364376801538951,-0.17272984613137615)
 (0.49576194804725637,0.45739183850110615)
 (0.62442546440180458,0.038370535025087971)
 (-0.74020468888118141,1.1225073673909107)
 (-0.50964698022127453,0.26101321662115173)
 (1.2828795081681705,1.4495238723481196)
 (1.0195337355224054,-1.2658572515199646)
 (-0.37976707821210631,-0.63754198779748483)
 (0.10772187162334139,-0.33788915719521234)
 (0.10783066087759356,0.011235318490205065)
 (1.4760031197970618,0.32113312622666035)
 (-0.51371105193710309,0.08949361924169183)
 (0.34715342139752048,-0.097211529216616244)
 (0.53629145812771584,-0.36508499210668266)
 (0.8785601402822516,0.75139953769130297)
 (-0.46267695500706679,-0.54903587305734869)
 (-0.9095845520953344,0.056140254401989109)
 (-0.6862616878740776,-0.38280538105074269)
 (0.13393456743690951,0.021200563107628877)
 (0.67660008474019084,1.7320885039758833)
 (1.7721265377129383,-0.97105490134394479)
 (-1.0652014560538678,-1.1890139487648776)
 (-0.81323326644773009,-0.24246170042875798)
 (0.022457173038993968,-0.14122286394342964)
 (0.80116470730597866,-0.29040315186166166)
 (0.074485184905194318,0.32998812864622185)
 (-0.0099355899930122504,-0.83787338498382713)
 (1.1294865786778459,0.36608895268507369)
 (-0.038062545168012829,0.36855930693285605)
 (-0.1632899919019557,-0.20486383566719429)
 (-0.41329311227679172,-0.51405703001557823)
 (-0.21213640798277561,-0.090862743054021478)
 (0.20443309566925896,-0.12907974680322978)
 (0.14527235211015907,-0.080676621043294455)
 (0.13160325637978798,-0.3687059843632674)
 (-0.38822062366868459,-1.9319008828118895)
 (-0.058914977242571803,-0.42769601501697957)
 (0.24274768508416361,-1.0965788050551539)
 (-0.19920455646082155,-0.21414391788839945)
 (-0.20336023425304686,-0.25366374936545905)
 (0.017380817757590792,-0.037720326289090673)
 (1.6191147708555,-0.14203613786417713)
 (-0.29787613781425071,-0.70504864169246473)
 (-0.14113900356178813,-0.13323444996701586)
 (-0.8082852987941721,-0.93028285344303618)
 (0.066128779751391198,0.35319419878216823)
 (-1.7535360392932411,-0.56910527040302072)
 (-0.14740675117820487,0.36114192292889946)
 (-0.69448448781211691,0.34352831440127385)
 (0.086686366839851481,-0.89856086496962639)
 (0.41738632194509384,0.27488202784590421)
 (0.71398121858072727,-0.82399639526264368)
 (0.18322212099590482,0.20320676307752719)
 (0.42191405706478968,-0.19114540512026157)
 (0.92081977177218699,0.78080178121740906)
 (-0.10219078825894767,-1.5579928202425897)
 (0.17489149487071254,0.81482330876720266)
 (0.35075054826171864,0.48518768093717402)
 (-0.0097354728099576793,-0.18576483065122479)
 (0.3191062455011221,-0.45379634919993361)
 (-0.24794032564936047,-0.18494695347586299)
 (0.018722733990116203,0.30417483921972699)
 (-0.65970948849733135,0.50439184252887048)
 (0.94648200075401578,1.2838604886376581)
 (-0.16256502616619845,0.54380131033092804)
 (-0.84658811034266401,0.47000374261273581)
 (0.38643317448610021,0.64934985563832792)
 (-0.6842396475344914,0.0026261735646238571)
 (0.85719735451392642,-0.78969561315880576)
 (1.2695902415292608,-0.56031608642072406)
 (0.24910598762726488,0.67733831028340163)
 (-0.77488997049549402,0.25665361457853531)
 (-0.074999413270980475,-1.8898368621713328)
 (-0.074548021758330973,-1.3335150129249009)
 (0.051137269055387263,0.45337475761322776)
 (-0.44803078105958583,0.18438079290845152)
 (0.026397048084225994,0.11233933036232419)
 (0.7532210289959278,-0.50052908411166319)
 (-0.038370385299891292,0.10772977659474109)
 (-0.51577958325978057,-0.2115171821549636)
 (1.1811380389917918,-0.1457272459890035)
 (-0.2304937151082922,-0.10597768211823055)
 (0.35201002045364105,-0.41547984660035869)
 (0.45719340383829332,0.38314206257857153)
 (0.36951446235209195,-1.3351407458805915)
 (-0.48034381332348752,1.3700878153374463)
 (-0.92238926348488826,-1.4146358105177512)
 (1.0298487053793934,-0.022599019524803643)
 (0.026348102143477256,0.37262610701520565)
 (0.46933308926190126,-0.12152944929397499)
 (-0.19859543892487599,-0.45536629785875582)
 (-0.1554671561566891,0.2747178350774836)
 (2.1701447214115563,-0.82682191388253312)
 (0.10109707048146785,0.80942565072559813)
 (-0.72072501597695449,-0.50358908051638895)
 (-0.12000127901368102,1.3564023024218255)
 (0.089508620116721171,-0.1406701839124557)
 (-0.50691522645804887,1.4382776030356572)
 (-0.14813262118935017,0.14699590579753333)
 (0.28165296115463528,0.88078992070159301)
 (0.10052520844139884,0.27837631714492772)
 (-0.23219902791472877,-0.19802816404768434)
 (-1.3720471201851865,-0.96966475002928787)
 (0.12230699183006788,0.53413230649846155)
 (1.3212029425053482,-0.59806166894856228)
 (0.41168371438051732,-0.35407750578342173)
 (0.096611951169962171,-0.6476126770519538)
 (-1.2758437579633355,-1.1932358239510712)
