# Created by Octave 8.4.0, Thu Dec 11 09:47:22 2025 IST <gamana@Samsung>
# name: awgn20
# type: complex matrix
# rows: 2048
# columns: 1
 (-0.94066256272804782,0.1587527841641686)
 (-0.89778375467493576,0.91209166873033576)
 (-0.91352695504047254,0.24783670395180968)
 (-0.1854106870464009,0.3542768673519151)
 (-0.83643035591552584,0.47707902391492207)
 (0.26082557051410465,-0.3754666318762746)
 (-1.0669734675783948,-0.38498695065808275)
 (0.33605256217112534,0.94819589379384894)
 (-0.34436787290886234,-0.93193377102244712)
 (0.28232793354948527,-0.32786694140173861)
 (0.83150946323656749,-1.0286523116762782)
 (0.96812312605687689,-0.85897912412761057)
 (0.39930907196031479,0.31999171331508969)
 (0.92321195968057923,-0.39234901598349825)
 (0.89406036928276489,-0.97107677532778902)
 (0.92923506434593683,-0.91951660596074369)
 (0.94279021969044274,-0.35461552300476668)
 (-0.99213065608149531,-0.98649727569798717)
 (0.17402134750155912,-0.93058050099409517)
 (0.36492375028489882,-0.21174159926093211)
 (0.34646532122269491,-0.98876794071480267)
 (0.32029396829112333,-0.21454240155316137)
 (-0.42344528981037727,-0.85055823484673831)
 (0.95872002502953768,0.33715880434944318)
 (-0.92744588624534741,0.32152141131533096)
 (-0.99776371970951838,-0.95871406829278494)
 (-0.88690476067858093,-1.0144978512750886)
 (-0.95068006277311701,0.86095566868709839)
 (-0.2910499928479871,0.33386724504409837)
 (0.91559799552300891,-0.487257007625292)
 (-0.36933641181578858,0.36682999664677984)
 (-0.92816474218798917,0.33580993816585869)
 (-1.003052850981192,-1.0417937219579287)
 (0.2143663187835983,-0.91368167728074146)
 (0.22224031046336568,0.35267617691780673)
 (-0.25395877474325246,1.03578985116206)
 (1.0145187960357736,-0.28193565723637859)
 (-0.36698584552910174,0.23269672318577794)
 (-0.86437659686146584,1.002801720292283)
 (-0.25406032228941616,-0.22344761540243613)
 (1.0164555621358993,-0.98077610667739268)
 (-0.27689965299775976,-0.28954022425328679)
 (0.88351826799668809,-0.23536417966345646)
 (-0.3484827410176452,-0.96196044544907167)
 (0.92649666535380903,0.30720357733750092)
 (-0.18987533884542365,1.0265649669547399)
 (0.095516234895332425,-0.32378204870123861)
 (0.94611573894246059,0.36434500666260411)
 (0.28205383736979334,-0.86601069099964456)
 (-1.0118939367801605,0.97896023091006568)
 (0.92593748994266623,-1.0141040546866198)
 (0.24222099095080996,-0.92663378770744775)
 (-0.25052570490850695,0.25762663434202504)
 (-0.2737886127333925,-0.28615365605338106)
 (1.0976202015839578,-0.86256478350411891)
 (-0.096244815571495057,-0.32438756864652091)
 (0.91736609792521906,0.96089585040270231)
 (0.29090899566434153,0.32321700710316525)
 (-0.39722335822510307,1.1037555880049443)
 (0.31267193595375958,0.38051113834570499)
 (-0.97408364752616783,0.27308544559589676)
 (-0.98332926848138635,-0.94717809884665627)
 (-0.38517675895980341,-0.31128976221525256)
 (0.99862845755019614,-0.98843619947456052)
 (-0.33174414145540859,0.35812647599773823)
 (0.98109653607202474,1.0350939195461901)
 (-0.29923239674243035,0.38646899109975863)
 (-0.90383307278218383,-0.9144255537069117)
 (1.0295934170787793,0.3534463526186381)
 (-0.91917710489237991,0.96650546551536531)
 (-0.33999840353773209,-0.97194263642918266)
 (-0.35344608352773127,-0.31621323001264406)
 (0.87978919188253624,0.27898774496065237)
 (0.33965321514193381,-0.2693381305421641)
 (0.97763739102185632,-0.43825904173775238)
 (-0.92599318734800862,0.34071747787727197)
 (1.0921785765666299,-0.90565843061094775)
 (-0.92503738967707427,-0.92893376651423987)
 (0.36965141526068884,0.97859098100832931)
 (-0.1803306130823604,0.89601070060820498)
 (-0.33683695198924118,-0.43957435668244127)
 (-0.92921178216976474,-1.0365217269983165)
 (-1.0022711373133246,-0.3525951555335517)
 (-0.19771409733751763,-0.38351051131133418)
 (0.32351003601343153,-1.0432960584437962)
 (-0.35401696104309927,-0.95199856076080336)
 (0.26852640702617259,0.95158138264816317)
 (0.8775150346393592,-0.9984078097489727)
 (-0.27741618312797761,1.0015831081222526)
 (-0.31544088299284329,0.93564559624123012)
 (-0.26130033213306014,-0.34147894603362849)
 (-1.0561912395619986,0.95822124885067606)
 (-0.93831715182042363,0.324547375246309)
 (0.31880310205003975,0.99257506426409603)
 (-0.37412785275567012,-0.30214333494103196)
 (-1.0597353211625604,0.39742781530658522)
 (-0.42607509149909478,-0.95964279556134402)
 (-0.81056607830159089,0.86974271954604299)
 (0.36846801391136985,-0.95079557728941499)
 (-0.2975584443233924,0.32261195923899483)
 (0.86895759201432621,-0.42221824007347702)
 (0.81639291468111974,0.29842110272570516)
 (0.97532407361906859,0.31652380933514368)
 (-0.79229379456548943,0.18236945283973705)
 (-0.2877470330274029,-0.28326276111594428)
 (0.44878215581178382,0.96424627529169771)
 (0.18621774921310469,1.0340423946987196)
 (-0.89390960469798597,1.0270681666442623)
 (0.96270474102208625,-0.98201615571706535)
 (-0.91055485780978906,-0.96268133776731202)
 (-0.34940794787602542,1.0330473106816032)
 (0.27958787555955278,0.31689589339886909)
 (0.32144935260276936,-0.29396441797306211)
 (0.95844037562727868,0.35160339401821911)
 (-0.33272986374878061,0.46401765615134805)
 (-0.90548984111649788,1.1372228016058845)
 (0.93834311418773297,0.33316541293556873)
 (0.27725561453634451,-0.32340745027643469)
 (1.0034914966192989,-0.24769007913903307)
 (-0.40580287412831073,0.36180320704438906)
 (0.29754165147586392,-0.22644250486479128)
 (-0.96762532224890341,-0.29279687686005978)
 (0.26914271610565604,0.91722503934973065)
 (0.92398131444838527,-0.88276408276675233)
 (-0.43325570958761705,1.0056732261533903)
 (-0.36290243392639665,0.93108381281575792)
 (0.34777538203172298,1.0612612254354303)
 (-0.88296561074561719,1.0273184468357286)
 (-0.34458854517296944,0.29037865267030361)
 (-0.85538239400517291,0.30473680798944031)
 (-0.91095977339404965,-0.31008361975493326)
 (0.82340818788115488,0.93206791532331867)
 (0.97558245758378759,0.91738889185182815)
 (0.28049949322409418,-0.35536982898193253)
 (0.93700387762532911,0.29324729807821975)
 (-1.0572523231125475,-0.97055732253978111)
 (0.3943996741949356,-0.97149271558050621)
 (0.27626185742879134,-0.25458525591719322)
 (1.0686172611129523,-0.95722675035082938)
 (-0.26483604523172571,0.89393068237449813)
 (-0.29804570772840161,-0.98661103703438946)
 (-0.91805669362563846,0.26470117430844881)
 (-0.28685250825485054,-0.95876536775715604)
 (0.34301679337117941,1.0411605814682301)
 (1.0267516026357522,0.2738806364492874)
 (0.31481239494052454,-0.34089046501939813)
 (-0.93821998625945791,0.92032847311675658)
 (-0.32579680284456419,0.97779849996843271)
 (0.90407329948223303,0.42498035230798398)
 (-0.21020214483674715,-0.32857345657449427)
 (0.31259551561999793,-1.0501279010103588)
 (0.98535821722668504,-1.0555527651765257)
 (-1.0010421014757398,-0.47567180975883555)
 (-0.4030542199916381,0.24843685081664343)
 (0.97666898624610043,0.28607426418156606)
 (0.28642468330693643,-0.96212339540508152)
 (0.29298926756106175,-1.0527782913300388)
 (0.3122193012011491,0.27473172499691456)
 (-0.291559130906488,-0.40012712343853846)
 (-0.96560787086761801,-0.39133863254090051)
 (0.21773669922740868,-0.29519865824736802)
 (0.32626592762277795,-0.37160423513311513)
 (-0.30578557198374273,-0.98675444803412005)
 (0.98516253668899079,0.89190925936476095)
 (-0.27265656985109482,0.34246630293435104)
 (0.39049922524364938,-0.97228893977135866)
 (0.38924590354991018,-0.39933436170113684)
 (0.32170214752142157,0.13826531486838145)
 (-1.0456227924151174,1.005869286232157)
 (-0.35165533561543377,-0.38194182573216851)
 (0.89893520439426655,-0.28676010504860999)
 (-0.98838742394331391,-0.31619437096825204)
 (0.33259183729794128,0.24212396139226106)
 (0.96099322557903721,-1.025658722082105)
 (-0.81198191968976108,0.98540368136798795)
 (-0.95928813259648738,-0.32323177738825698)
 (-0.83557863776760466,-0.98103182480935491)
 (-0.9933538593551372,-0.27842196314308382)
 (-0.30435055049190252,1.1190963284412601)
 (0.9819980961042063,0.92764297930318262)
