# Created by Octave 8.4.0, Thu Dec 11 09:47:21 2025 IST <gamana@Samsung>
# name: rician
# type: complex matrix
# rows: 2048
# columns: 1
 (0.62014687554728121,-0.42260876491290711)
 (-0.92004874048875696,-0.81525968023578121)
 (0.26913592908673606,-0.46243822768327675)
 (-1.0779793699845053,-0.48565850803652827)
 (-0.31622441275219482,0.73687278679381474)
 (0.39368416985566912,-0.17780259935198917)
 (-0.58036543619587655,-0.10566862566196381)
 (-0.46520529706283986,-0.47808787037963846)
 (0.29451615801101805,-0.90377853967674415)
 (-1.2587532142654443,-0.42292238503997343)
 (0.60848709767031961,-0.46429501552831021)
 (0.41688322484267121,0.32404657096483397)
 (0.87534607309317958,0.38398583062753622)
 (-0.37314791181315882,0.39309714136910484)
 (0.15249921204342434,-0.16692259826778225)
 (1.2200706488670208,0.27520857188475728)
 (0.10363038759224574,-1.1339452589312924)
 (0.22985516462302527,-0.43343798648626386)
 (-1.3455145155607031,0.93164185474463101)
 (0.12787444326399247,0.80071390767525852)
 (0.16607393262097575,1.0004812512085492)
 (0.66575086886388957,0.31839440778565026)
 (-0.12746696508680694,-0.9008944870007165)
 (0.48369841024392191,-0.19386924310955458)
 (0.3013767775288177,-0.59112487844153039)
 (-0.26435747573183382,-0.34675003021725853)
 (0.13915675776795389,-0.079565063225992799)
 (-0.2836512606444761,-0.97978195514430799)
 (-1.2888941758698347,1.5071639037141296)
 (-0.78747282773711114,0.82887794485029531)
 (-1.082082280591113,0.46139863809235176)
 (0.6094654516310114,-0.27110223528098354)
 (0.11911478060404623,0.81866023097840279)
 (-0.89427228179049623,0.10602363000750539)
 (-1.0569986578589798,0.55652731427466628)
 (1.3041387807815097,0.26794969277942271)
 (-0.59798951898376829,0.10486269237954893)
 (-0.19639615636766319,-0.041831961013885949)
 (-0.10516461168281291,0.12176918688955599)
 (-1.0952004270083253,-0.97456634099123662)
 (0.23518543127888358,-0.80167425949136173)
 (0.024169654561937925,0.79540087571647222)
 (-0.85026420971922034,0.31292334016882895)
 (-0.61417902904360944,0.5678143732056542)
 (-0.69594061849996836,1.4111132382296772)
 (0.75977265519727766,-0.60898365740868288)
 (0.92477237400824541,0.064266435642171382)
 (-0.96031267346187044,1.0854729952453765)
 (-0.77894226278004741,0.90876875436467597)
 (0.29868162095081674,0.7838877838784587)
 (-0.17249653390228004,0.1942515858178786)
 (-0.078711179623294936,-0.95815028793813162)
 (-0.20510725086602721,-0.92969492552697963)
 (-1.1326585625182026,-0.7101481075804349)
 (1.0641861792344844,-0.26833251568053562)
 (-0.97660483437250711,-0.58981961313198772)
 (1.0869577316478773,-0.24183648047286843)
 (0.18675954044065593,0.29543002280105768)
 (-0.18119843415191142,0.1556882893856559)
 (1.3177141105694783,0.013731489526750185)
 (1.8264329346190704,0.89720070556504505)
 (-0.091820535771434661,0.27913238468797086)
 (0.48633472888053841,-0.26691571089029575)
 (-1.1480936217118951,0.1459593196486596)
 (-0.26666622897980424,-0.33120870282108378)
 (-0.3517518751527175,0.87739158844115206)
 (-0.67215390507749406,1.3026552883229312)
 (0.73627564209119156,-0.70506855896627396)
 (-0.23093460131118598,-0.76298912621098947)
 (-0.71514217158632742,0.14911626254388899)
 (-0.86330576506529022,0.87124264682965213)
 (0.051592274069984116,-0.031310876000412512)
 (-0.71975509485819367,0.44888747424897885)
 (-0.89599873161609667,0.65042970985570558)
 (-0.14409233054724174,-0.14520800674084416)
 (-0.19760228075068847,-0.42715722408392937)
 (-0.36048358977058281,-0.44101575173413937)
 (-0.42925540439877607,0.29425944516713504)
 (-0.59936220826494391,0.9599568234459317)
 (0.25084682815517156,-0.069851185863119586)
 (-0.20623736432664658,0.12127763001925926)
 (-0.074043635247177872,-0.10126990419560732)
 (0.11966310170502797,-0.89026130126756486)
 (0.30069692712332552,-0.82849593367892005)
 (-0.42036427546309413,-0.424501529646444)
 (-0.076336672478529016,-0.17226597583060202)
 (0.91823426496724792,0.013776647290919986)
 (0.30132158660211372,-0.21717820769700191)
 (1.5281531621929851,-0.73804942909320559)
 (-0.35753571066607359,-0.48793412278182069)
 (-0.26891511287636649,0.20886706134822378)
 (-0.081600118939555044,0.17490762923713193)
 (0.31942771340315707,-0.2226713829702609)
 (1.0847476512050132,0.62182489389940243)
 (0.2870513383181989,-0.30837633147052484)
 (-0.4207799760319697,0.83122833242580851)
 (-0.38151145835287942,-0.2044895561094075)
 (0.56147633063168945,0.37733207132586655)
 (-1.3851513089172216,0.99431420313216323)
 (-1.0927109962021093,0.03154102840741857)
 (0.54725874107796335,0.90819059518835932)
 (1.1687032608867716,-0.15743957403333009)
 (0.14036349887071359,0.26790650322762999)
 (-1.4902271094870578,-0.52048868696549744)
 (-0.78560180726972106,0.22894775168500761)
 (0.4729218150062961,-0.48433173222535691)
 (0.24464885604582615,-0.31371381125220704)
 (0.73097611323841849,0.98213276240240943)
 (-0.75016622393450261,-0.27324100037287119)
 (0.14227617983084895,0.21101120506720916)
 (0.89832154844751544,-0.17526816543083262)
 (-0.77472847595033012,-0.067771091554912899)
 (-1.0519449289113705,-0.83385431327224335)
 (0.87412065813227646,1.5468468851372739)
 (0.5467865170308952,0.788483764834495)
 (-0.43190587835302191,0.28909741959563606)
 (-1.1655593770869519,1.1309120402494615)
 (-1.1650584660537042,-0.186627864453357)
 (0.50493698798317233,-1.16820411023668)
 (0.29661250619371771,1.3162595328615134)
 (-0.68526849261122647,-0.25125281293664264)
 (-1.1177795868536047,1.523356282211332)
 (0.29761234017550331,-0.2708309930459194)
 (0.81289304520000871,0.79155161234003746)
 (-0.38345883181621726,0.81600760757373181)
 (0.77201878915328959,-0.46246862628780339)
 (-0.22336979108545443,0.31671326701244706)
 (0.27058588272823997,0.33296220171232577)
 (-0.44935830357009532,-0.46827371540140117)
 (-0.073442807707473634,0.34040745378215598)
 (-0.096149862115270102,0.40660770693602694)
 (0.87173576342844306,1.1221802986991529)
 (0.32295972065021217,0.88674859714620546)
 (-1.3094873379802769,-0.88794652758436365)
 (1.6689603829337731,0.75446901993299442)
 (0.41418844644717412,-0.36215588822561828)
 (0.90473537202553267,0.90709871551838006)
 (0.96604926195113816,0.54269677089861745)
 (-0.72899152922595756,0.20348111057315035)
 (-0.44063601424183396,1.2629538966072578)
 (1.0086449187385556,-0.78248897386680138)
 (0.55366159671876936,1.0878773293712247)
 (0.071244769313708461,-0.52163591482711757)
 (0.085497053999415956,-0.73499741562296428)
 (0.20098750088868095,1.1191677020923478)
 (0.59215820355948512,-0.26033684764917242)
 (-0.07079432894320814,1.107689498708911)
 (0.67077343345703833,0.39490815212966246)
 (-0.94605198494832976,-0.76527009329799678)
 (-0.10358273068148072,-1.4938454235300533)
 (-0.36377510801222612,0.3458618485633207)
 (0.30610098095269012,-0.7702225320825653)
 (-0.36478478875996867,-0.29652360679851442)
 (-1.0339973805219385,-0.72919951263025373)
 (-0.32825315514668507,0.61719788418526367)
 (-0.4412609730183466,0.23959566188279952)
 (-0.34504628280796762,-0.64857213641578371)
 (1.1825514177684584,-0.5788458549094091)
 (-1.5153578676526398,-0.19989657391459215)
 (0.022194074231753569,-0.73088108070339419)
 (0.080664381196611901,0.27208570581616465)
 (1.5531371040645634,1.2306111604255923)
 (0.59119998821438702,-0.29282828009340822)
 (0.63270390128793985,1.8636305416855816)
 (-1.3001606356919173,-0.019544026474932641)
 (0.84578222153363303,1.8971142968607797)
 (-0.80717064151488171,1.3538805266737959)
 (-1.2840127715843381,0.014435411166621503)
 (-0.68277479868845137,-0.205104312530933)
 (-0.95475489979972861,0.43786457627447845)
 (0.072357523861945522,0.28660811052084822)
 (0.50340945437573481,0.94991151505229865)
 (-1.0163459432317428,0.16560871728483212)
 (0.68282845503197853,0.30917789661418427)
 (0.98544951870679109,0.83054717572955172)
 (-1.4844170535206389,-0.96909150156996327)
 (0.79911103848241793,-0.48874561961834984)
 (-0.069326295358233647,0.013182730714109685)
 (-1.6163238046518054,1.5534802922765401)
 (-0.099080157155203213,0.86265022050872198)
