# Created by Octave 8.4.0, Thu Dec 11 09:47:22 2025 IST <gamana@Samsung>
# name: rayl
# type: complex matrix
# rows: 2048
# columns: 1
 (-0.35363837695413991,0.69518294348083665)
 (-0.083386081017482794,0.14041797342369997)
 (-1.6959697497061306,0.0512199139414935)
 (-0.49517017856030876,0.78542914469129765)
 (-0.90104423230057273,-2.1873078571750146)
 (-1.0141624701618928,1.6006969718363471)
 (-0.035022282958678111,-0.17775716344031228)
 (-0.55637952977033089,0.52087219807633001)
 (-0.14232273268641688,-1.0397285184900409)
 (-0.16937336250952725,0.52832473842472294)
 (0.2615407598941788,-0.2385635116295679)
 (0.72234052836250928,-0.10237439269346486)
 (-0.064570345641612709,0.54296628463187591)
 (0.085762814640935353,-0.37425603259061846)
 (-0.53957702054388224,1.7580594238265284)
 (-0.37792691287974328,1.1398887872721843)
 (-0.15821821256373042,-0.37476816186461076)
 (0.45855941055097604,0.022727402767522303)
 (-0.42938314790191789,-0.050616642084447563)
 (-0.35001296309820457,1.4646756801528111)
 (-0.18213603193147171,0.34416748527741603)
 (-0.31562327286549996,-0.074647687579515648)
 (0.47118874417561873,-0.076286754188643835)
 (0.21109922921408181,0.3857230866639581)
 (0.4778440376083945,0.39321878498887503)
 (-0.90103889772352774,0.013997431325025733)
 (0.25462633391812928,0.36470718710015504)
 (0.27562576356631641,0.37603512134562417)
 (-0.87942057872050805,-0.89345697428257265)
 (1.1851031836525252,0.28778430737769511)
 (0.22401349286974548,0.79715481137742716)
 (-0.20166160289485313,-0.89080445034556099)
 (-0.79638791535383924,0.061816342279504638)
 (0.16033488228273032,-0.40857628198366031)
 (0.26505748899602827,0.51433682966176253)
 (0.95727678517814829,0.44059615932772928)
 (-1.2818573699168159,0.12465965410687485)
 (-0.25929028461363829,-0.8379316636408991)
 (-0.066326106889630657,0.043418328835355721)
 (0.16443884404953818,0.531976586792128)
 (0.016110216393182178,0.26734803177399813)
 (-0.41148093055563228,-2.0589767260526006)
 (0.27374902364083942,0.95832070193927332)
 (-0.87393185988161082,0.53999275452084361)
 (-0.47998078458663357,0.25665364946468389)
 (-0.27774929125758857,0.26436293699985469)
 (-0.74015395239411763,-0.16746522119498694)
 (0.66431467428880142,2.4310017498162986)
 (0.12246084732906615,-1.5463952586626628)
 (-0.11559160391794401,-0.15082640154240445)
 (-0.21514531583774837,0.45080775725722461)
 (0.23227461062024435,0.28721982501742505)
 (-0.5690900741545365,0.47665785780999587)
 (2.114636614891853,0.46147788892070585)
 (0.7896372028053904,0.90414217684969134)
 (-0.22368383711115536,0.39212791215377596)
 (-0.052007287900398283,0.085062163102129787)
 (0.31390240464775598,0.39066452659704543)
 (1.6769647535467902,-1.0543984155619812)
 (0.5667080443979704,-0.64854901749066618)
 (0.13820059836941467,-0.25871607081450482)
 (0.57886616290288728,-0.33071293201449797)
 (-0.56323454846954202,-0.018416121105933159)
 (0.18127289790805778,-0.23510421195385439)
 (0.25626999652719207,-0.80352013103578035)
 (1.1051225513730465,-0.28479849387147299)
 (-0.8122392769135921,1.3315705015582542)
 (-0.41398424632638042,1.1730283221294191)
 (0.96771985645423897,-0.58672689031230407)
 (0.53429954113983857,0.18632369825641318)
 (-0.54196712578546369,-0.111000549706299)
 (-0.63710677617494882,0.69048125697916107)
 (0.30473734935373098,0.09339048212459572)
 (-1.3430627622064022,-2.5428136184778407)
 (1.1349998298518797,0.099275759349744697)
 (-0.58425736574238718,0.00250458382813884)
 (0.75476252103532082,1.4744019652450062)
 (-0.027683763287267384,0.048539770015980123)
 (0.46352546840554237,1.3190874678929085)
 (0.14393116616574414,0.68720010797571196)
 (-1.3231975206522477,0.10483473261781306)
 (-0.25936095095731893,0.19254335642761775)
 (-0.4813850276759144,0.11896550736983347)
 (2.0152598877208057,-1.4732364784170413)
 (0.63551514358596639,-0.5129922695624437)
 (1.74285202831691,1.0654083277917923)
 (-0.32171782472676919,0.2834205148376932)
 (-0.5666969126841489,-0.90199756121883112)
 (-0.042222500192733908,0.39242898063586307)
 (1.6787015389886508,-0.20844325501108507)
 (-0.59833054749860448,-0.59405424868419443)
 (0.3547752022240197,-0.59174276315268248)
 (2.2210740407508989,-0.84675262723792022)
 (-0.70436144915018817,-0.54544725194331711)
 (-0.11659213894788885,-0.30630595268517463)
 (0.11610136398584271,-0.0094853618526250238)
 (-0.56001252479194175,-0.10950036747633698)
 (0.34775246940697002,0.47854188198646258)
 (0.67617590289604601,-1.6960492294599157)
 (-0.52101310676649848,0.14360361460866011)
 (0.26854776654970125,0.2306982599075296)
 (-0.22496459059719853,-1.0867314441359177)
 (-0.0099042785135791886,0.063102203299600201)
 (0.42377518556643179,0.88644435430625856)
 (0.20626655922977125,0.099090244577053926)
 (0.1026475533942363,0.062787625738150013)
 (-0.11969035907228695,0.44955977041530759)
 (0.21818282204401551,-0.28501700034331101)
 (-0.049369724171119067,1.6355423050024109)
 (-1.0537717625978269,-1.675658273046764)
 (-1.3883004195027835,0.5689197456199333)
 (0.76630555534858702,0.31653626230069276)
 (-0.87666672695354619,1.1127750145040742)
 (0.047410539505134963,0.17346941046226499)
 (0.033768408020052265,1.1349109972695339)
 (-2.1197333050649463,0.44019774360895036)
 (1.1915011602420935,0.8649466560900384)
 (-0.47815504601187347,0.37707817856254006)
 (1.3594325053279819,0.16802376457392942)
 (-0.37258877117667061,0.080359233863779578)
 (0.59199397914521856,-0.19401067722910703)
 (-1.6927750235951224,-0.10402520277755517)
 (0.43255593217509181,-0.15315090646875087)
 (-0.31526700777847372,0.75208548706018929)
 (-0.66312426335889507,0.29271849050479282)
 (0.22221258749758629,-0.61839792813375649)
 (0.21981455725987603,-0.69381306995700598)
 (-0.47551392414477417,-1.0927078170858544)
 (1.5975640228953387,-0.012269050164239514)
 (0.503549087904679,0.68871098120176877)
 (-0.19062409137805258,-0.31705338754958889)
 (0.54764463257977869,-0.49389807113493911)
 (1.0350676650889605,-0.4690314521867005)
 (-0.040929856348971949,1.6785577248832848)
 (-0.3370472135480615,0.086262839771163002)
 (0.17272320808006675,0.086055503404323275)
 (0.67616354367375298,0.63595118929289896)
 (0.51074090165215735,0.45001746531201553)
 (-0.97002723579352823,0.92057577629962917)
 (0.14509402666991011,0.050551580515860076)
 (0.068957655169006496,0.28928108596411989)
 (1.6748540592479992,-0.96328439391747933)
 (-0.45166859638236306,1.1188257234486623)
 (0.31687835701826,0.11264437882816625)
 (-0.99896874853978623,-1.098391624126682)
 (0.68158765616146688,-0.68868160223902231)
 (-0.61685240415377851,-0.13363166158075973)
 (-1.4964128144073103,1.7526969968637958)
 (0.007257884161348066,0.31907537027859967)
 (-0.2207634800599475,0.24932316778701269)
 (0.11716631923828327,-0.23876690801137426)
 (0.728501541598087,-0.016425585953329602)
 (-1.2612775785264509,-0.45331737983594189)
 (-0.17703868551666674,-0.059953561455439862)
 (0.55565893055160465,0.40480705235754988)
 (0.77723845408814252,0.55969661853659003)
 (-1.3998220942794217,0.83196530771899613)
 (-0.9566141391836338,-0.65800362660739831)
 (0.89687861287172255,0.85281627535418847)
 (-0.34306723915755849,-0.087058463167545605)
 (-0.96482919962121816,-0.89449986055496344)
 (0.4270918831189694,0.039118252820474153)
 (0.3071472556874178,0.27946513604909479)
 (-0.43590820654286844,-0.0073782224996251783)
 (0.61909913558253094,-0.30372610657373944)
 (1.157997250933658,0.52929825623252369)
 (-0.68025078472280687,0.02000207450806768)
 (-1.1808752892557786,0.8922604934941788)
 (-0.64719901880236952,1.2245069263626847)
 (0.24206565023506069,0.59743823697528486)
 (-0.32389233572234372,-0.28656009173814295)
 (0.14150744052117076,0.8129186277976066)
 (0.066635997247647294,-0.31004211568027679)
 (-0.57594762260626697,1.911780452728209)
 (-1.1173971850408053,0.19643563801537295)
 (0.31285863047625651,0.061764322031755081)
 (-0.23416437533499296,-0.2091148762048049)
 (-0.20734236314038731,0.2823969449869394)
 (0.22915333364217133,-0.24977394077675091)
 (0.60050650138955741,1.5655360567991394)
