# Created by Octave 8.4.0, Thu Dec 11 09:47:22 2025 IST <gamana@Samsung>
# name: rayl
# type: complex matrix
# rows: 2048
# columns: 1
 (0.27956629726137033,0.29032821531995784)
 (-0.18078846817659536,0.17106173845856679)
 (0.70239440826541544,0.47270127829937997)
 (-0.071458813625155604,-1.1511547209532131)
 (0.0039446962003795716,-0.9177218992058549)
 (-0.1995921127588742,-0.038734725306303563)
 (0.12605488461350031,-0.5768215901891508)
 (-0.45802988582789539,0.1724498270788315)
 (0.67378636557183125,-0.52530881146873321)
 (-0.94916270535280001,0.4164254913069943)
 (-0.11337960767192373,-0.092521827787949928)
 (1.2188859176749856,-1.751286005427283)
 (0.016968865459174809,-1.6298354813346974)
 (1.0684477804441652,-0.58945993513529849)
 (0.27768197645768478,0.99993616820940889)
 (-0.24580318964059922,0.44567384944499377)
 (0.22230466775908814,0.15430040635748421)
 (1.8915090323458434,-0.45008954521945432)
 (0.45243421333037293,-0.56747231300748269)
 (-0.40373293539176069,0.21931945581483689)
 (0.44532915997492528,-0.30322588001678186)
 (0.39348958556695895,-0.20158443415419747)
 (-1.8261579038400892,-1.143409147592819)
 (-0.44009211783757135,1.5799161542040125)
 (-0.13677363390194236,-0.98889941996605946)
 (-0.22725901725428499,-0.70973729253552076)
 (0.4862972119085594,0.60511912302326198)
 (-0.72903397170253481,0.44545579511775746)
 (-0.57246352548209278,0.38883990889960829)
 (0.10508194287043078,0.30638582226359695)
 (-0.22882481843642863,0.23022092182739171)
 (-0.28355951558378478,2.0751192611170195)
 (0.29451134168044668,-0.46808583029600703)
 (-1.3881211041686687,0.2971703062940183)
 (-0.097270868215451528,0.51068503986100311)
 (-0.19513037968699423,0.25752581325577911)
 (0.52311933223230289,-0.34925853055186507)
 (0.022159202509333453,0.42311948432856111)
 (0.15866046884179469,-0.36632704280446848)
 (0.015298391915558762,-1.2518115322304153)
 (0.62272842563034125,0.4216671361545215)
 (-0.030521491896208904,-0.047889788599209497)
 (-0.87129568845760264,1.9239907419052917)
 (1.8237666812299498,-2.5612196825954099)
 (-0.99590377484916792,-0.073897197640324708)
 (-0.32768400784277557,0.7542090569205937)
 (-1.2518388662846496,-0.07637807555757381)
 (-0.57708572367385402,-0.23330829937424377)
 (-0.19932637688427368,0.29448249881511041)
 (-0.14471200503125081,0.25883745555252052)
 (-0.00570879914199518,-0.063940096093951598)
 (0.33683719844960658,-0.1345884952384292)
 (-0.20168344205534625,0.28855049637280611)
 (1.3655382260899658,0.87347159837801713)
 (1.4569077013659573,1.428487924875079)
 (-1.6949299491860614,0.015531370479254347)
 (0.36664570232163218,1.142756962548245)
 (0.19566284501462836,0.59832565050069397)
 (-0.56314218383121351,-0.43043936724013077)
 (-0.47543283427430028,0.16407117168124993)
 (0.10145827921559208,-0.90374957109895504)
 (-1.3929844978009722,-0.43596822429727322)
 (-1.8829109982158636,0.46352835190710051)
 (0.078683581517336343,0.99861245456838343)
 (-0.17974664783156949,0.61410425350620668)
 (0.055192124465702055,0.21085772456732665)
 (-0.15215475191598438,0.16214597435509426)
 (-0.26054038493632181,-0.72594592823239334)
 (-0.33623372580331379,-1.2072978211692449)
 (0.29077402665471608,-0.17604364634288652)
 (0.25607833055556201,0.13470798858324812)
 (0.20427066445033285,0.13821103576995561)
 (1.3311615675970248,-1.3885390399443032)
 (-1.0611402309471665,0.5407193049354988)
 (0.098936853114091519,0.2175719348043525)
 (0.70293131395827202,-0.49017359019560319)
 (0.81243706027948881,-0.48908833317482175)
 (0.40639464097261391,0.1111158168455952)
 (-0.40260002745336143,-0.48362449057566748)
 (-0.92684243666536592,1.3957012643524767)
 (0.44930682699122915,-0.55971382435456107)
 (-0.81749350776977281,-0.097042978367272659)
 (-0.31611224764018775,0.15454461824524898)
 (-0.20302769182190744,-0.013486860492464087)
 (0.068839173759504435,0.29520013646304527)
 (-1.2778629871967535,-0.31302302885501898)
 (-0.29744757398995397,-0.26671659489290661)
 (-1.0339482115190679,0.23885749139190404)
 (0.41502472389321365,-0.10328764268535426)
 (-0.84088959943319797,1.20118372389565)
 (-0.077253668295236527,0.14626556719159783)
 (1.3694230569927157,1.4104112022780844)
 (-0.45223049355624662,-0.6146388148732751)
 (-0.70565739518918225,0.64533263665024521)
 (-0.42130481247933449,-0.84465547968037924)
 (-1.0244263693367288,-0.69725458419181807)
 (1.8341709593185314,0.92500145775875375)
 (-0.56419356195667825,-0.036894891350663039)
 (-0.57920329733355269,0.6961835921518541)
 (-0.32592881389302847,0.78444254849515471)
 (-0.11697830503106167,-0.28772767727104026)
 (0.61702664553715258,-0.27204472329977725)
 (-0.61319711066211491,1.7555967664178662)
 (-0.26551210700932548,0.28250062051543046)
 (1.0113533198038305,0.012917844988690641)
 (0.040874668364743572,-0.64361574316295744)
 (-0.14993088329968607,0.025891127799584322)
 (1.1569443827373163,0.89729049326799104)
 (-0.24126352472009599,-0.021344960939248814)
 (-0.14917108186974129,0.14357118420663098)
 (0.021987387231757125,-0.11019063632117686)
 (0.74614586416172046,-0.094390586558825706)
 (-0.53816649610971412,0.57368573670753054)
 (0.036100907790416165,-0.47493330698421549)
 (0.91939108157966765,-0.12598625995648585)
 (0.32202682936726934,-0.1030337384738588)
 (-0.079627064369339834,-0.89198543192931123)
 (-0.14032616709315271,0.086945431436345255)
 (-0.46099433987467808,-1.055754091047953)
 (0.95515135838555199,0.72311399432450307)
 (0.36565590576675355,0.32868743738438189)
 (-1.3228157570892101,0.38735637328123979)
 (-0.076153729304038409,-0.11680282097497977)
 (0.24023927615071167,0.58519806474892966)
 (-0.56832892703175641,0.14507581161956815)
 (-0.30373346000418755,0.35989935760375502)
 (0.23637486713694739,-0.26355581770541631)
 (0.20749321391008746,-0.86441077348455053)
 (-0.35521694995328634,0.40733570089375148)
 (-0.46749136286068488,-0.37620681566096476)
 (-0.6387387613607568,0.11612981622932772)
 (-0.024394209883924746,-0.041269613973581414)
 (0.70404906078049412,-0.26305092422624471)
 (0.015831113898707963,-0.27593321882039412)
 (0.77916738405642816,-0.11886427540452857)
 (-0.3141952475473242,0.76064254094144801)
 (-0.94846128338078906,-0.79381416590789067)
 (0.65240813904805339,-0.57973190390232299)
 (-0.99517190642919451,-2.1687277832613785)
 (-0.16588617032539388,-0.14942986526745755)
 (-1.6733233129901917,-0.60216794665110795)
 (-0.61890100599579756,0.1398963183889893)
 (0.70531827496018451,0.12902512602057353)
 (-1.1889843699972842,0.39982162084030753)
 (-1.1864479252865898,0.25679267464367056)
 (-1.2025865707592611,0.1738942725457292)
 (0.77456978147159206,1.1884781693771294)
 (-0.49394917082804574,-0.2398347515776495)
 (-0.047156328491307672,0.24227314648941684)
 (0.074233403784871074,-0.081427593077800606)
 (-1.2952565108115117,0.36577370663946651)
 (0.45546724125763582,0.078708699087474715)
 (0.11296681814880212,-0.16724046609879517)
 (0.45306361245961702,1.0832484194046761)
 (-0.26789300569030167,0.93909703621926244)
 (-0.41056739175028167,-0.27155493840284406)
 (-0.18446766538749648,-1.5399460056371761)
 (0.31825897352704979,0.022379204866593311)
 (-0.90727944361690593,0.046438337081326386)
 (-0.44371033667918791,1.9564552977090517)
 (-0.39123740997433298,0.19379269524183085)
 (-0.60726177638424639,0.043124201630282077)
 (-0.1776032706937154,-0.32244196205760778)
 (1.3048303376973842,-0.50360640852689365)
 (0.64095413382702382,0.0044604078425351801)
 (-0.16941617216194937,0.93906665706333881)
 (-0.694363897554374,0.83824612950059196)
 (0.53012563284662839,0.22125223311024925)
 (0.81400628789910101,-1.3691797407177067)
 (-0.5754881259557092,-0.7752884579442203)
 (-0.43494438183557937,0.67368164950858733)
 (0.69557944674198235,-0.39910300108565044)
 (-1.010529715473208,0.33376970903555025)
 (-0.007806782210105695,-0.46223020890421451)
 (0.45608286467275089,0.1856335030960618)
 (0.49100777969280729,0.10237090719090924)
 (-0.79781852285732868,0.350818614229154)
 (0.38580019138631527,0.77362380537485598)
 (-0.12372500170802403,0.026707711817536485)
