# Created by Octave 8.4.0, Thu Dec 11 09:47:22 2025 IST <gamana@Samsung>
# name: rayl
# type: complex matrix
# rows: 2048
# columns: 1
 (-0.16141552484397095,0.16068246786693177)
 (0.040789375486065205,0.13759004213799389)
 (0.5217041629469148,0.92703839666280019)
 (1.1609608652511618,1.8790996190452927)
 (0.052499417765652229,0.61642725790584563)
 (-0.21765324139721048,0.26472914454115931)
 (-0.74198975893740038,0.33556437132565142)
 (0.10789941571053521,0.4379222622698945)
 (0.41063487060410331,-0.002099894528391405)
 (0.068662540039334419,1.062135926378958)
 (0.19164297343258824,0.012983171083192108)
 (-1.4977054824666109,0.0050588956914356942)
 (0.71688659378676667,0.75495881498450945)
 (-0.044118246402269107,-0.28085764126829615)
 (1.4327213143063247,1.2110568424767851)
 (-0.014627942844717329,-0.31369616712141146)
 (1.4177961678362605,-0.77063964087654035)
 (0.059932681414112648,-0.48095407108542376)
 (-0.36887436595981415,0.2099662814707004)
 (0.96711898102892668,1.2157467243863995)
 (-0.48034102206315521,1.217087553963152)
 (0.74355867101814277,0.48203076957564039)
 (1.0248171803997117,-0.033294602878370161)
 (0.32844970887781555,-0.35821711048403715)
 (1.0991014574429852,0.8651370840776873)
 (-0.0098784821021833391,-0.56255697216662182)
 (0.87167310636742035,-0.42318764014524946)
 (0.60513466357170587,1.5489910612495239)
 (-0.24651130241692715,0.2667139412248849)
 (-0.083149327479721952,0.0032050800756317499)
 (0.43405752721095758,0.2933715546811575)
 (-0.24411314844161466,0.072460228564039122)
 (0.5828514231954236,0.031780056661652928)
 (-0.53336453201603928,-0.53881289569100876)
 (0.14221557537391361,-0.36477603970534711)
 (0.12439939118241063,0.036201370991458717)
 (0.28252862114837352,-0.62593426805585428)
 (-0.20806350493706596,-0.67555541692259058)
 (-0.23813980585884009,-0.96984079624626529)
 (-0.72670894242575423,-0.20080402557334703)
 (0.59246867597857023,-0.61338689835306059)
 (-0.27644596832663759,0.72856654010159105)
 (-0.49455785495548948,-0.73471907775450473)
 (-0.26563943206023261,0.049043923321377067)
 (0.79992821988916163,-0.092121740419070203)
 (1.8847324440164512,0.061424381528809913)
 (0.57620730121411412,-2.5307535118829323)
 (0.68633395074069381,-0.24777902450005751)
 (-0.69420173037157518,-0.083041479826246184)
 (0.3426529210085042,-0.18761566099875412)
 (-0.66764832806407881,-0.58705363343101524)
 (-1.1158280615147282,1.4522518950767858)
 (0.4646358565370205,0.075900461896609539)
 (-0.82130790242464102,0.83213034413206288)
 (0.31506992697883823,0.14243843662658545)
 (0.0052559856857929826,0.099328166928484951)
 (0.43457164721152242,-0.088445591725162642)
 (-0.10486373237086796,0.37597608795190107)
 (0.21470891263378949,0.70698938055744343)
 (-0.83032357441044713,0.40436834476186811)
 (-0.65019519210231369,-0.44238940125032022)
 (0.51109680119207868,1.3208144807595783)
 (-0.065502464896858584,0.24434353176262838)
 (-0.3561834123611558,0.22235036461783897)
 (0.44959085847681013,0.23386767425975069)
 (0.57108214931234569,0.040791294211011797)
 (0.15119096357996187,0.033935330276346973)
 (-0.29063119672232723,-0.75054883104672032)
 (-0.42929350818804479,0.59634490710217791)
 (0.58725077373519807,0.64607843387927644)
 (-0.61853789254996183,0.13413939987192897)
 (0.43412714209895747,0.80654604889092008)
 (1.4503864528790433,-0.11877478510841627)
 (0.41781347943313552,0.22945353571969082)
 (0.04345858235241816,-0.030064679508293016)
 (-1.7435131019381838,-1.6559927330823081)
 (0.15578708633643062,-0.31467379645184895)
 (-1.1499647764885494,0.1281668860172076)
 (1.1913924738527406,1.5431745403658259)
 (-0.27982975662821574,0.18134502299141528)
 (0.23365012581774874,0.86506246362164918)
 (-0.40386522657094798,-0.30869868051577104)
 (0.072925250150928156,0.33842088943836507)
 (0.93670878633323718,-0.26546422468646341)
 (-0.4732302211434597,1.5303381110671168)
 (1.4152273736009775,-0.68574986947173155)
 (0.60862169541177558,0.41874031618504109)
 (1.0879438159916202,-0.060266023174181005)
 (0.26661260154450539,0.44441854574226181)
 (-0.73347289994666287,0.17227341272138252)
 (-0.20788450240570511,0.60367957662731941)
 (1.6043732445221233,0.023555028057280714)
 (-0.85743676341598629,0.27302520412868003)
 (1.3490926214686836,0.1754955604414157)
 (0.036574486427638504,0.075470754641360466)
 (0.097926843780674261,0.80626616339541257)
 (0.46915003923248666,-0.81163996885234602)
 (0.13074356389180888,-0.081526833487579192)
 (-0.14519325577600581,-0.0016622906563273365)
 (-0.16889570242708282,0.57781726323122318)
 (0.38306682500318234,0.47628506042475838)
 (1.8890256074951499,0.4713162387591483)
 (-0.4154419276981422,0.045761520018319457)
 (-0.4999643892181807,-0.13206012572266462)
 (0.51550950983763044,-0.93521249134736439)
 (-0.33743473077702357,0.19571120271315121)
 (0.71610429779015616,-0.36389150294776801)
 (0.73385970402591871,0.093720386981636816)
 (0.26125334625803603,-0.10492397980396595)
 (0.34759855064914491,0.35703008355942284)
 (0.22859049776642579,0.61807289977725566)
 (0.37847615564800186,0.19021421447947004)
 (-0.79406108896335903,0.8878872094651763)
 (-0.1263557954204102,-0.31688726232933095)
 (-0.13749353528808617,0.15339812515720691)
 (0.77698403804026384,-0.32104687636982082)
 (0.080281810591733893,-1.133636872227743)
 (0.5978231862959329,0.75140258473610766)
 (1.332977137731745,-1.3624766662690337)
 (0.28848095530901768,1.1309848269289702)
 (0.58809959494954478,-0.10596636646221863)
 (-0.71221145887862303,-0.050540965724290732)
 (0.95080001382043122,-0.54542301953403438)
 (1.3377453047860275,-0.65878413521866053)
 (-0.35137758096603505,0.020966058591447789)
 (-2.4531007745496787,1.1689677290024925)
 (-0.69738201194600591,0.65654526969756311)
 (0.74383630404064849,0.29273266597599068)
 (-1.6969157777875654,0.39515269923309382)
 (-0.14383901638056396,-1.0530101570506314)
 (0.55429089376683238,0.26548361814328347)
 (-0.099974981759596709,0.3118260996522515)
 (1.3741881640032794,-0.30808654124013934)
 (0.83939033398911667,1.0135373632918574)
 (-0.44333819056230944,0.51305327540781798)
 (-0.94876362108557033,0.73675860660017389)
 (-0.94251969890473464,-0.88451816602220901)
 (0.34125819466939694,-0.10060791254792908)
 (-0.26050129338403744,0.022124411812079858)
 (-1.1712535045328289,0.31161210242512544)
 (0.21999789758631466,0.42136070075051119)
 (0.37055060082978464,0.20340593919294081)
 (1.1092151257962459,0.16444409220828723)
 (-0.222735066457597,0.20980129762398653)
 (0.074519462165801187,-1.111053798936259)
 (0.0505883702182537,0.064817001346455044)
 (0.23829713639437999,-0.82919898666312042)
 (-0.93632650412715501,0.44751656742254498)
 (-1.0198712498949576,-0.034257936836376734)
 (-0.07197722824364404,-0.26992457202934206)
 (0.05104202412018722,-0.15184599430937057)
 (-1.5147421952504887,0.36962612486405394)
 (-0.27673872067855376,0.12932082453092453)
 (0.6143550941700251,0.50873976827384193)
 (-0.018658838810288167,0.047425026878302766)
 (0.38977535457334345,-0.02435510764187318)
 (-0.37031529086179521,0.36193421062034653)
 (-0.12426977354079988,0.11912212187277374)
 (0.52313653453773612,-0.63787360464305409)
 (0.7952347321387726,-1.3739879689843493)
 (-0.48949000400981357,0.58280372821567361)
 (1.2900130977571702,-0.48546187616576381)
 (0.63059109062737839,0.40348463774313958)
 (-0.21814126470231826,-0.12249825278915123)
 (0.1123982910935224,-1.2067296645829375)
 (1.3334083294745533,0.090936795651616165)
 (0.21802061705932119,-1.8696744348775747)
 (0.27086970948292299,-0.068116557322136603)
 (1.0846874367368049,-0.48242612605417617)
 (0.58063963555774512,1.0128397809756087)
 (0.46535951962052347,0.74249720302530509)
 (-1.2563081151919828,1.5622114866692276)
 (0.18434205426188668,0.087235441884870008)
 (-0.4371483820237706,0.78380570264016014)
 (0.82485292459463222,-0.10880355405095896)
 (-1.278897562228364,-0.49323357931447293)
 (0.16123651153152468,-0.027172346920627987)
 (0.18052203048424509,0.37599967239215359)
 (0.28690219611899492,-0.92650734459359141)
 (0.32195283625038212,-0.024031617913996939)
