# Created by Octave 8.4.0, Thu Dec 11 09:47:22 2025 IST <gamana@Samsung>
# name: awgn20
# type: complex matrix
# rows: 2048
# columns: 1
 (0.16310555178150954,0.42855015510609129)
 (0.30744298161176131,0.26703473085402019)
 (-0.22162651413494133,0.87959338298628231)
 (1.1090190395641504,0.83704168097570064)
 (0.92241258845176433,-0.33110250585542844)
 (-0.34495314121109277,0.87230629635384971)
 (-0.9697610678198062,-0.44068843872077501)
 (0.92935236130728072,0.96844206229988095)
 (0.35777544224856245,1.0300265723110376)
 (-1.0426194420701371,-0.94498866165395123)
 (-0.97202309683310273,0.30198190595984858)
 (-0.94932405372095241,0.41474791920403647)
 (0.90846368354982288,-0.31247536769144896)
 (-0.31788050881191787,-0.23452653437486953)
 (0.92760333468306033,0.32517821141806436)
 (0.33876446136043664,-0.97643319742073664)
 (0.26606980737285207,0.90774143071094904)
 (-0.25468022240540222,-0.11840711803341444)
 (-0.27055750394858064,-0.39798360807089433)
 (0.91238844756927928,-0.8629896821449784)
 (-0.32665146586362781,-0.23805167093470697)
 (0.31391884249603602,-0.10458049541226611)
 (-0.34646134696545738,-0.37768422958467579)
 (-0.34053221606698852,-0.98025413702866604)
 (0.2741821823940272,0.30424499144030975)
 (-1.0545827328115767,0.39904060729107793)
 (0.25680648071054174,1.0572435157881475)
 (0.22489716852370217,-0.32609462636257325)
 (-0.99228688193992387,-0.27812485974179535)
 (0.2290874787237217,-0.37394174708719763)
 (-0.94122286188052784,0.32296547872799491)
 (-0.35836684384953399,0.34060574150093315)
 (1.0053662387449549,-1.0777377024039179)
 (-0.36604195405604906,0.33691769361950441)
 (-0.31770165633853359,-0.39507186895272972)
 (-0.93463581589255285,0.32870550351558564)
 (0.40493572706885878,-0.96099835550311619)
 (-0.1431194227929774,-0.1710893502782361)
 (0.97694075212508014,-0.32520348115636522)
 (-0.97717310515833766,-0.48718290675060028)
 (0.31948767465868866,0.2775687343316352)
 (-0.84461114837135742,0.99823854733938766)
 (-0.87768438415078864,-1.008697074042548)
 (-0.4138592893096128,0.31026384345514246)
 (0.26340287048955185,-0.29832981773136358)
 (-0.91892252398694829,0.34471459098328666)
 (0.28417695402179249,-1.0327398146969795)
 (-0.36426899767645593,0.45944085523993161)
 (-0.2672642003334082,0.30644092696902531)
 (-0.95586316070886035,0.85152074419101409)
 (-0.45737279982061907,0.80317429890976566)
 (0.16372453323014072,-0.33428835670926843)
 (-0.91284592534520104,-0.96955507098962035)
 (-0.22856623988006333,-0.91560918915340228)
 (1.0315371849876487,0.87945415183746978)
 (0.86407805101535917,0.34163801199333788)
 (0.47369584244568175,0.28643283561357591)
 (0.28533598758410988,1.0850240752103673)
 (-0.23297854191958114,0.25826019319146576)
 (0.37781612655059127,-0.3118517730685561)
 (-0.98374088122204228,0.38307241290134408)
 (0.90209910724318865,0.23949568389980702)
 (-0.30606593284788552,-0.37220818472975431)
 (-0.30690976757867861,1.033396685364119)
 (-0.95088428221739307,-0.39005193365142476)
 (-0.86076210104901363,0.24948757554923984)
 (-0.17900584346345147,0.31357441375792539)
 (-0.91535808154189224,-0.27998948489936609)
 (-0.14567719831989859,0.98556688324848207)
 (-0.34863508614077243,0.86352940201133566)
 (-0.34278754680663742,0.93352229739321158)
 (0.40617252255278313,-0.96511025655663374)
 (0.80654669530024592,0.32883121889774963)
 (-0.84669945761914467,-0.25979801656351914)
 (0.27388329753702573,-0.94663004022532982)
 (0.41988281820182899,-0.3152777915663933)
 (-0.32937274063777333,-0.96052207388182154)
 (0.30823634572894476,0.3986366917641096)
 (0.88711887322306149,-0.36024272596743762)
 (0.35317320290055543,0.35093028258192038)
 (-0.91633819057946098,1.0198277637675675)
 (0.37011993068156612,0.99539971950676653)
 (-0.86911340634374246,-0.40490093982685332)
 (0.333705458720152,0.34289663013670524)
 (0.91053828741038589,-0.9469889225455278)
 (0.93219754085216255,-0.32208356543161354)
 (-0.89580645525696734,-1.0475448739976447)
 (-0.37146858158049384,0.27535460390375083)
 (-0.32967235151391783,0.34583194631007724)
 (-0.27506833696588595,0.97159676295105846)
 (0.2852612149635485,0.29541918604484663)
 (0.17997445585259864,-0.40212630721734327)
 (-1.0488834597183916,0.79224089334558534)
 (-0.33125117968226064,-0.38927760300058439)
 (0.83317915560884415,0.37800493035682903)
 (0.91674558035408293,-0.38099728052084347)
 (0.98049579643196527,0.82953521133525765)
 (0.3586713725704514,0.27273642737905041)
 (0.3106684503514216,0.26376037274263053)
 (0.28398413568388581,0.85785657989379727)
 (0.98074352043156632,1.0072205339620073)
 (-1.0151221025114636,-1.0400457879803247)
 (-0.35876521208994339,0.34444766518763581)
 (-0.99879953180123759,0.94374182301244602)
 (-0.94943170111554553,-1.113355486364668)
 (1.0356500094769392,0.27968915823101148)
 (-0.93385764545553052,0.44805640406741082)
 (-1.0479305713806784,-0.27072048742503346)
 (-0.35290314344692297,-0.33188876808117901)
 (0.30883540179797986,-1.0299100708126832)
 (0.37489772851717607,-0.22158077299976348)
 (1.046396013946322,0.13372181714891421)
 (-0.32850452960838933,1.0432355825028146)
 (0.9972993361926874,0.96456191037723893)
 (-0.36364434433740456,0.92710423119270324)
 (-0.80426342764875725,0.35423332589362044)
 (0.94471046500646538,-0.15975179464709655)
 (0.9483570288699642,-0.33364353971982308)
 (-0.87419381676637009,-0.33113306774373391)
 (-0.92394734369483411,0.85164843398709222)
 (0.94902194172273446,-0.39612161318906436)
 (-0.86639590946934586,-0.34861669190776684)
 (-0.3490318718833279,-0.8035989444957321)
 (0.33342845587831599,0.89923169545557358)
 (0.34629862478657708,-0.97227384454575871)
 (-0.33675054722221198,0.90970381561449598)
 (-1.0423999435342757,0.33131218519312144)
 (0.35835776380254458,-0.34312882422179564)
 (-0.97334648521614886,-0.30631401940342767)
 (-0.32628380234412929,-1.006591780114799)
 (-0.90542851633371035,0.97192636540551236)
 (1.0136349946590806,-0.85242774852959013)
 (0.5311718963693951,0.92575803246128074)
 (-0.22203769113779626,-1.0232812254387023)
 (-0.88161714730109164,0.35325870212191007)
 (0.13460454905075897,-1.061476806766035)
 (-0.99654287742908099,-0.3346426462120845)
 (0.96296838517524341,0.29646457802508508)
 (-0.92232231951832155,0.91522042160278716)
 (0.2045266154649745,-1.0522415609728877)
 (-0.876160051313287,-0.9389062744483333)
 (-0.8946120284237582,-0.9360183366704562)
 (-1.0162654547722116,-0.38269145795558723)
 (-0.28967240886240886,-0.77934305101990664)
 (0.39684264762469362,0.98641100269289672)
 (-0.18334918491868191,-0.3781498640080414)
 (0.2445987067046575,0.99416750665997511)
 (-1.1408079193446716,-1.0288331471397802)
 (0.22197305189334604,-0.95573336389729191)
 (-1.0344027524661612,0.48232803781159916)
 (-0.34503432337191153,-0.97715164537833243)
 (0.28140353392148332,-0.49671243974748153)
 (0.34436236007824172,0.82077878071173072)
 (0.33715027436171113,0.82853202083741928)
 (-0.33379867288252135,-1.0304533428402196)
 (0.3045596705593131,0.37862816420830619)
 (1.0310869343746605,0.42401013494217443)
 (-0.30230424864580913,-1.0154288637848496)
 (1.020192573307916,-0.83729582024563109)
 (0.31701613895008895,-0.2808867650883175)
 (0.86178296858957215,0.96007504475103445)
 (0.36803259790879594,-0.4194732905718338)
 (0.89237486899753282,-0.92994178213078849)
 (-0.34567533678233281,-0.22243124202553016)
 (0.32458229406091382,0.91578189380734754)
 (-0.86070372344078805,-0.3762229167894805)
 (-1.0449825182895429,-0.93192006117270376)
 (0.97474512472779118,1.0534717522969395)
 (0.22371563509624262,0.35222593898288235)
 (-0.31771645640606327,0.82195174425419615)
 (-0.9861539908263216,-0.96289548519718027)
 (-0.25279254635565929,0.40450407892788109)
 (-0.96929313971685893,0.43860885790984161)
 (0.94315128698252892,0.34476951679909185)
 (-1.0414169879387956,0.25234387961075389)
 (0.37738554802860647,-0.93764724663464094)
 (-0.9539376906717052,-1.1191094165802138)
 (0.34159058835264888,-1.0400310388434566)
 (0.31489832159991704,-0.33964342852011015)
 (0.25650172134700444,0.98476736504855966)
