# Created by Octave 8.4.0, Thu Dec 11 09:47:22 2025 IST <gamana@Samsung>
# name: awgn20
# type: complex matrix
# rows: 2048
# columns: 1
 (-0.35193332552102935,-0.18604527646760827)
 (0.81877518820671946,0.18928666163734587)
 (1.0508938615407237,0.34321961942487733)
 (-0.91936049461799285,-0.31381421452226199)
 (0.98750461254687516,0.14358475816392796)
 (0.2400831791727549,0.81624954259501226)
 (0.36558675253674539,0.90444262829497446)
 (-0.24005115625654339,-0.94938608472212604)
 (0.79367916094736468,1.0126223032099868)
 (0.22690562010707777,-1.0169167602185831)
 (-0.39790104166474849,-0.34783134858876236)
 (-0.29082742682393659,-0.30618471942719405)
 (-0.99577650246286553,0.96263919228983175)
 (0.94697874907252155,-0.91048056790550347)
 (0.97195953250286427,-0.30190018828109105)
 (0.29074362871080617,-1.0425987250265814)
 (0.26688883163815125,-0.94646710652987409)
 (-0.94996473135097059,-0.16433023669535857)
 (-0.84343899394131872,-0.89875008977700188)
 (-0.27566437232028779,-0.88514357714856617)
 (0.23374035886764433,0.95178918141793734)
 (-0.38643601762230734,-0.34486730566195761)
 (-0.23620281981556046,0.9401126450573315)
 (0.35199970084756671,0.87682252968465224)
 (-0.32045037388270275,1.0016152065117487)
 (0.98318023758659367,-0.8541059416820892)
 (-1.0292183345837169,-0.21841597238440097)
 (-0.28743805621726654,-1.1363009013019563)
 (-1.038465966376358,-0.90349564522291936)
 (-0.29045327072201133,-0.36818856119261456)
 (0.34559796498414463,0.95045798058946973)
 (0.34903697478026491,0.83435516260821918)
 (-0.84665758613111786,-0.87369350945544177)
 (-0.43053454693587179,0.94234351548495665)
 (-0.42292176365731621,-0.33903528947954614)
 (0.89834518258732443,0.24539067847069695)
 (-0.38177452052949934,0.87751217136650372)
 (-0.86236992673393875,0.8410562058511194)
 (-0.31268036803430516,-0.83810316220651093)
 (-1.0039560827286012,1.1004576125090819)
 (1.0023810857952178,0.87548333018697322)
 (0.33946517202326248,-1.0287681846663657)
 (0.32051318093602271,0.38867337170936039)
 (0.85362646887693472,-0.8896950349072793)
 (0.91861521643940669,-0.3000126557922641)
 (-1.0544898359148009,0.35403412621769925)
 (1.0456459391905193,-0.92583035930239221)
 (-0.92565652761255535,0.37309058366977943)
 (0.8878077979134662,0.29659257398617522)
 (0.94490024003994955,-0.91653194321933973)
 (-0.26357265956081022,0.15184834185520937)
 (-0.8677244250436067,-0.96397940968898643)
 (0.96087392319790366,-0.34239226714249993)
 (0.86974150595908939,0.9755105501893897)
 (0.32653299329677138,0.81343620142220385)
 (-0.92025270257634395,-0.34852951872804155)
 (0.93794738879222561,-0.10653503063750119)
 (0.98345505963017088,-0.43436419100150436)
 (-0.96878347917781993,0.85215522080774098)
 (-0.27824604165972672,-0.96362523279043044)
 (-0.96138682133375952,0.9699102151941843)
 (0.34380255522595471,0.93404182175705497)
 (-0.30605236521102047,0.82836126153134115)
 (0.4266982820031715,0.36376342615096691)
 (0.31599306356528234,0.8787431393776991)
 (0.9788387113189545,-0.91633506167118628)
 (-0.42549830237281622,0.95021471069183183)
 (-0.96465642781354188,-0.98126847259729277)
 (0.85871520710245763,-0.79806761641233259)
 (-0.33376266613608979,-0.35241420061718653)
 (-0.29498031399629465,-0.35987514973743751)
 (-0.36114290090996171,0.29102826169264762)
 (0.93884137229698783,-0.38717481474768517)
 (0.88946122718200316,1.0503332114348722)
 (1.0076255205461693,0.41654596695795498)
 (0.90947810671627094,-0.3111356195324364)
 (-0.96607060202481554,-0.92308942541759798)
 (-0.97340627919520029,-0.9032112986057842)
 (0.82327357081797536,-0.89544876277343577)
 (0.24717053923212343,-0.33981741016175959)
 (0.96718499310845196,0.91819869500063156)
 (-0.91410548416023296,-0.94357343775362246)
 (0.29176327880419384,-0.84320574741920651)
 (-0.34567235170027177,-0.24153392403217455)
 (-0.8513594654726987,0.37353522059149485)
 (1.0737232931997613,-0.93335722067605609)
 (0.93838768255416494,-0.50207186720264807)
 (-0.39479750992851137,1.0239983771174499)
 (-0.22200731193752868,-0.85510112582780451)
 (-0.99821374538467045,0.30412503581026562)
 (-1.0007347922366865,-0.31410385628605519)
 (-0.93243155966218905,0.86598219419281919)
 (-0.91904972162619358,-0.32490623326560908)
 (0.36195858568678596,-0.79623066223043293)
 (-0.30738884857461318,0.97415036875705552)
 (0.91537348866972335,0.90686110057832803)
 (-0.27249887187721966,0.24505523921000727)
 (-0.86523446774747859,0.33826214701561141)
 (-0.86729743627249745,0.33041367583514131)
 (-0.32674881295099917,1.0171693360692438)
 (0.37529233255190464,-0.18436902689892418)
 (-0.92629900486499972,-0.94774389051459318)
 (-0.37153357872077336,0.93389713024897447)
 (-0.99593222735937381,-0.39788244851804455)
 (0.38678737152542508,0.28783040492639467)
 (0.32679297385591061,-0.33697801037853825)
 (-0.93430466861870498,0.93240304332998836)
 (-0.97943851829263373,0.30476795985622979)
 (0.40416837565396435,-0.93173659679612164)
 (-0.30427427199234519,-0.20898396396398047)
 (-0.2925739733749636,0.37646756106423351)
 (0.33157003247066258,-0.94304994663623298)
 (-1.0160018347433104,0.87151843114461225)
 (0.90409035643523772,0.19955229260086832)
 (0.39773993897834331,-0.34554962120559357)
 (-0.31023125585894529,0.9151420564846805)
 (-0.24404069083103874,-0.86444944850489969)
 (0.92527430224969853,-0.89271728402383532)
 (-0.32134820506555539,0.89307849250068927)
 (0.34192918101604286,-0.37765658058130136)
 (0.92972093597926864,0.92949839388673339)
 (0.86956056090323275,0.16652471040577996)
 (-1.0321463367303558,1.0192143948393793)
 (0.23552107946570811,-0.25133530643621188)
 (-0.39420256635540829,0.24641151808858183)
 (0.31103248995435107,0.9993886656637081)
 (-0.99244746104407189,-1.0379240710438868)
 (-1.0120675335913567,-0.88594083792667644)
 (-0.41971756272685939,0.96455491995637688)
 (-0.33464744139505587,0.30097078539675298)
 (0.29274913905247513,-0.27526403845380992)
 (-0.16664728521459587,-0.17109054672552135)
 (0.32148731307055473,-0.45358178693719092)
 (0.37757669889056061,-0.94225044922601298)
 (0.40034176030136076,0.94329409203582415)
 (0.89594866181567534,0.28016984705278503)
 (-0.91167128723001878,-0.20729469293358965)
 (0.86696446880723932,0.3232491462602588)
 (0.27172908605100282,-0.31873466520518295)
 (-0.95706676236415933,1.0052177184788915)
 (-0.3452620357422943,-0.9004866709253303)
 (-0.89222318834941394,0.98386828300505669)
 (0.8941768904007461,-1.0110154016450337)
 (0.91246449397106966,-0.99664108018611786)
 (-0.30455289371297051,-0.88312926161481697)
 (0.91572903935657546,-0.2091295524300795)
 (-0.43268416536725907,0.30893982563063543)
 (-0.38620061887357443,-0.2583603160991092)
 (0.95450835118778277,0.94238442658702792)
 (0.95522657933017496,0.89710615685984751)
 (0.3458392321796076,-1.0217794154345667)
 (-0.38138919374073654,-0.99103308344704732)
 (0.29011717070878457,-0.43228404965683964)
 (-0.87503052338637077,-0.32856621403054825)
 (0.26494176726631863,-0.36085002755512657)
 (-0.96658489411389503,0.90688800097742506)
 (-0.35683663839311142,0.93377671082107949)
 (0.95882337911175053,-0.22089463200472365)
 (-0.98490081548111674,0.3281062653941158)
 (0.24345683956340886,-0.95588808732599861)
 (-0.26269853223226713,-0.98899318943077319)
 (0.26307984757654984,-0.27604489361615603)
 (0.94196931214339141,0.19199976800307861)
 (0.88409113913185744,-0.98970893173405283)
 (0.19768948296086919,0.89200624071962753)
 (-0.38557148538472258,-0.77685756850416754)
 (-0.42444347416655365,0.96097407098839793)
 (-0.2528643161226119,0.94089553618281241)
 (-0.9724558287277929,-1.0110388929660619)
 (0.37656187801231122,1.05143494202521)
 (-0.23671240771456045,0.85516704729178961)
 (-0.31563130546796075,0.92404622135311187)
 (0.18789405110961716,0.42814370375862648)
 (0.90389285925206109,-0.84878213799007374)
 (0.94480142909363585,0.34718536169812253)
 (-0.97160712867793886,0.39832374395822984)
 (0.35111166642285474,-0.99554109853499995)
 (-0.89660987994840968,-0.30383613756997602)
 (1.1212947560968991,0.88632122038778172)
 (0.25034885258714279,0.87042458362394415)
