# Created by Octave 8.4.0, Thu Dec 11 09:47:22 2025 IST <gamana@Samsung>
# name: awgn20
# type: complex matrix
# rows: 2048
# columns: 1
 (-0.31772171383582748,0.92004267487959979)
 (-0.94767447668280591,1.0224494647289548)
 (1.0145315497297072,-0.24247016976864205)
 (-0.89373233837158694,0.31412316232046184)
 (0.99216802103823487,-0.83757536318800374)
 (-1.0334345952521364,-0.89155646372772146)
 (-0.21854506941451946,0.36321641684755435)
 (-0.95245665919879641,-0.99992051701316209)
 (0.99430550934804196,-0.28302941695539885)
 (0.99346723884749333,-0.25988008858132544)
 (0.24835581552464506,0.33290110752840635)
 (-0.23557253007650519,0.27637997091727379)
 (-0.28918691331059204,-0.39612388231318912)
 (0.29878212269592036,-0.45759356271802132)
 (0.95967690587696375,0.95838687618032603)
 (-0.36249185647086091,-0.27516433373864346)
 (0.2539301840775508,0.90499274540488972)
 (0.96909069171501083,0.33020950892165124)
 (-0.27539018110672475,-0.29544915357988633)
 (-0.28351156144306844,1.0769535815578157)
 (1.0134348673934754,-1.0092798275016013)
 (-0.87470476759717719,0.87835978051040364)
 (1.0534255678029352,-0.41679240243219851)
 (0.39244642016283349,-0.93075322195625521)
 (-0.32675166817200224,0.94947055762430288)
 (0.29123834294824125,-0.38386744298335301)
 (0.94191508023634907,-0.94380873682944222)
 (-0.90783895407966764,-0.34269042653907872)
 (-1.0750848281239391,-0.93019747397765395)
 (-0.31869951972660765,0.30367694806092493)
 (-0.38471625137664822,0.35113802541220862)
 (0.94199360629452833,-0.29771019260796755)
 (-0.33132841666349067,0.91512798760525416)
 (-1.0568192308078221,-0.95622736571590417)
 (1.0478439673503948,0.32747734699317399)
 (-0.28163670152335724,-0.96202798402060274)
 (0.91069995456508013,0.32605708109668846)
 (-0.90406065419334214,-0.20916624601124559)
 (-0.93120325863346309,0.80891702540982258)
 (0.35059792528604095,0.24752338456056097)
 (-0.92636337882940378,-0.92650474266901006)
 (-0.32692915383165955,1.0474488460677971)
 (0.90199192173579346,-0.30639071057238448)
 (-0.9570054833906837,-0.97221257276383211)
 (-0.84224788627717728,0.28631225842565178)
 (-0.41259257621844342,-0.86842787177071579)
 (-0.98133300944494029,0.46276920220051754)
 (-0.88318874879776688,0.24373880307684509)
 (-0.32808933172290461,0.30850391435768687)
 (0.9209069218211422,0.42046865226324359)
 (-1.0269327142144169,0.8651661516972875)
 (1.0109768768213876,0.37362481009689669)
 (-0.3658812005239217,0.25611716314705518)
 (0.24038273151185474,0.32534417750627287)
 (0.33019761588092122,0.24671714909773645)
 (0.97493831648535456,0.97718285935624449)
 (-0.3516235449295067,0.91103383343651934)
 (-0.93992451457859805,0.95193505713765558)
 (-0.4324002236279163,-0.88794304364393406)
 (-0.30620786448948639,0.35554728100323957)
 (-0.89227779382680328,0.26227674824389691)
 (0.25163805619843821,1.0088764605644396)
 (0.90815044968618086,0.90464157723622385)
 (-1.0456803901222815,0.28120136334546048)
 (1.0933981933559225,0.91501998024458009)
 (0.19777204745337296,-0.88149869689371452)
 (-0.91314250631168092,0.9826803595461272)
 (0.90684628678341972,-0.32279449968806551)
 (-1.032426121552912,-0.97437748162618143)
 (-0.99575381981865985,0.33592193696128869)
 (-1.0482393424509031,0.96897636994543868)
 (-0.36378409562310121,0.95586308007133525)
 (-0.31478037479679954,0.30945517348080886)
 (0.20146808715582426,-0.8336421884265699)
 (0.22028849551162544,-0.98384975661042906)
 (-0.99683675180737763,0.91480275926659216)
 (0.33369350336420028,0.40647819406179381)
 (-0.92317863298900082,-0.94832276163227092)
 (-1.0536589938439893,0.26356522673188643)
 (-0.98797212701515125,0.38683269858118491)
 (0.90082245244840053,0.28104991089241271)
 (-1.0101015848324577,0.31913203599101003)
 (-0.44700122904600947,0.91184273247278458)
 (-0.3943252930152345,-0.36625339601518841)
 (-0.35416946698973989,-0.97069141601079034)
 (-0.89050251084640442,-0.22713968734024614)
 (0.92408012526719718,0.93112069657838092)
 (0.91518666222152589,-0.1803555140787084)
 (0.36550963892342409,-0.39611163849540842)
 (-0.25085976024906365,-0.95650219964021044)
 (0.51345611978391825,0.3138234632017286)
 (-0.94067476488705948,-0.19828301774222534)
 (-0.93054571418263532,0.41274981670595329)
 (-0.96822266850620742,-0.36316513503408665)
 (-0.39722195509681213,-0.89018165697942087)
 (0.93785968451381818,0.26606866825507142)
 (0.97540948958515927,1.0114198805778345)
 (-0.34091919647007257,-0.95750103536580566)
 (-1.0444874646370117,-0.36765631505801133)
 (-0.28972161364808924,-0.3056736648227944)
 (0.3792013330692246,-0.12962792015712546)
 (-0.88901109167561421,0.36039619069072842)
 (-0.99461529779687619,-0.18576926072751312)
 (0.33398368761164166,-0.18526070288353011)
 (0.49663575286485867,0.80959482768498092)
 (-0.89862551894769538,0.9122234798706641)
 (-0.83253812658924298,0.32569042661911307)
 (-0.96659062522464634,0.28172724717616321)
 (-1.0527543690103167,0.30013754781775981)
 (-1.0041632880876352,0.32466196651900364)
 (0.90402869545567488,0.84367006719007653)
 (-0.2311510750277701,-1.016431559024396)
 (0.31729470481149463,0.17147194847294109)
 (-0.35082787111417241,0.26610541384058006)
 (0.78316162965599767,-0.31331525247590453)
 (-0.91553247204190258,0.91511050640081248)
 (-0.9411413032680328,-0.97117863582119435)
 (-0.25059717158441458,-0.90442176973414368)
 (-0.87976374384246214,-0.92793812945230414)
 (-0.30966134764812286,0.20748037965779645)
 (-1.1588950798667219,-0.34603039382583678)
 (-0.48405746558343321,0.93075824466813661)
 (-0.91668049614135583,-0.95524230877010929)
 (-0.27560731313158904,-0.91232385242677172)
 (0.31103972896384735,0.25601768093403221)
 (-0.34098206194970454,1.0611948379380056)
 (0.20742635408182455,-1.0327453880844975)
 (0.3627213786002112,-0.28485063873501915)
 (0.3444851504368811,-0.92061678144018433)
 (0.35880741987662346,0.25009321552464436)
 (-0.36164266539525414,-0.97666412373966427)
 (-0.40381642409568513,-0.86339411949958345)
 (-0.32542919821823396,-0.28564264484021851)
 (-0.31862998317801622,-0.82267563439886748)
 (-0.9938238378713794,1.024838115617889)
 (0.89359569786751125,-0.39847190708807267)
 (0.33887142512315471,-0.37850455292115015)
 (-0.94697494480310473,-1.0935773535566669)
 (0.98034182804912118,0.28495211405388216)
 (0.89332503217870096,-0.24446305285077244)
 (0.2950251470951607,0.96159391462717103)
 (-0.9020149010326165,0.32951593448558825)
 (-0.41182866605280355,-0.86867963127364156)
 (-0.35039819580220133,-1.0002720177963629)
 (-1.0262902170589756,0.28750408916071613)
 (-0.44186533149416457,-0.89821736098366434)
 (-0.31113272468970848,0.99030381110705845)
 (0.89945826245918703,-0.9488242356882175)
 (-0.83784614823087822,0.40748129147305862)
 (-0.46308775710087169,-0.34338835708045207)
 (-0.32270477722153479,-0.26630217424803915)
 (0.30667295557675528,0.39236205478164138)
 (1.0526060424146475,-0.99601424196428134)
 (0.94846405403726752,-0.2289905502780992)
 (0.98854836919462252,-0.82260664980119824)
 (-1.0540073900152609,-0.22552019419260905)
 (-0.98145382058154262,-0.92517528461695342)
 (0.33478585833528474,0.29734646635887663)
 (0.91368077641386847,-0.98881226459447202)
 (-0.30352467447079157,0.41168317901017704)
 (-0.2602467981631007,-0.28260534430944795)
 (0.36229429071996078,0.81964877891561916)
 (-0.91692335043229622,-0.37516656050945629)
 (0.94382844914765418,0.31314653763481876)
 (0.29112744455153688,-0.91154162358487212)
 (0.32225265865227465,0.38494617594408975)
 (-0.30413231600707574,0.3524391712947435)
 (0.30937485756787286,0.47774933601242742)
 (0.35842357339697273,-0.9237207027114096)
 (1.0636615381082448,-0.96455443094562054)
 (1.0186181481793364,-0.91537298929033362)
 (-0.40702675381627756,0.81464036341363455)
 (0.93813156830282274,-0.40341212375084134)
 (-0.25822404919165937,0.47776547555959981)
 (0.96628040893604839,-0.34893509120630162)
 (0.29190571181274871,0.9410909563285581)
 (0.87429346869145053,0.30396663660793977)
 (-0.17135691876034936,0.985187161865414)
 (-0.22007279079073727,0.89539375036827851)
 (-0.32234792891981379,0.26611402219135355)
