# Created by Octave 8.4.0, Thu Dec 11 09:47:22 2025 IST <gamana@Samsung>
# name: rayl
# type: complex matrix
# rows: 2048
# columns: 1
 (0.12250881924334503,-0.10002176134536067)
 (-0.25911315776163624,0.26924830086514256)
 (-0.66643733326787946,0.32825515302723701)
 (2.2965197246604632,0.88652610922898345)
 (0.22382884914259149,1.0578394503700972)
 (0.10758621439729239,-0.095249895052817848)
 (0.64168760073464215,0.52019562030816391)
 (0.26948464753558143,-0.41395182703832722)
 (-0.52895789056194764,0.39786328698109186)
 (0.16216081562620374,-1.1817996209067008)
 (-0.12737583370239652,0.50671276524915687)
 (-0.45094212570257275,-0.45313282650793391)
 (-0.8122314194893443,0.9170578716908544)
 (-0.25131416560522152,0.40638276333999435)
 (-0.90490240502330965,0.92276716101150424)
 (-0.28774767302341259,-0.9586978418912746)
 (-0.55749690817120323,0.058078441112640988)
 (0.72663712367019095,0.35699897835650951)
 (-0.94270345968811253,0.88302616579419246)
 (-0.2987223742709979,0.17602777637099304)
 (-2.4836697927522686,0.14722648193278198)
 (-0.33885268066651208,-0.23409471952864014)
 (-1.5315057520748816,0.81143014510483447)
 (0.033785378170311603,0.80204625871340829)
 (-1.539541776352894,-0.16879286432482532)
 (-0.15927557236463147,-0.46773460650689297)
 (0.58852926140337503,0.58163728835362338)
 (-0.12931955068923628,-0.088765907913325365)
 (0.076625975065395258,-0.53850006038990395)
 (0.088358169201525186,0.33484311562137187)
 (1.759712666937328,0.093922204657352126)
 (1.0147362442316188,-0.40297015843551687)
 (-1.0858944874062866,-0.069319437079404245)
 (-0.0018548848945591639,0.17223148310162634)
 (-0.7203180395587172,2.2259142880759422)
 (0.11167207329540407,0.28029240193729144)
 (0.094862818260631476,-0.70565301878838815)
 (-0.22275855590839244,1.3200039673469013)
 (0.50595010050174472,0.5352751644557342)
 (-0.40407514952632229,-0.41901053200680805)
 (-1.6044576541959059,0.65546549769462459)
 (0.82989579626916266,-0.083656255372307531)
 (1.6985687114545165,-0.32955999360057131)
 (0.099954219922534809,0.72813255559653145)
 (1.0145142758344203,0.80351854720831928)
 (2.0022586563233058,-0.27224104974127139)
 (1.4238823103169767,-0.19030681847513836)
 (-0.20152735438356997,0.49237054698195637)
 (-0.097533891467113609,0.60074753256078139)
 (-0.03229310667448787,0.83902790161008856)
 (-0.2324079688632279,0.12447690149095826)
 (0.168061537369535,-0.6105202956579705)
 (-0.95786266611172977,0.1490682395781639)
 (0.18170997130455183,0.19120599786468098)
 (-0.28489217127374744,-0.43094914978292087)
 (0.6054516247865358,0.29490303855104655)
 (-0.067451199134267226,-0.28050897046708334)
 (0.93301761539340622,1.6535012300806811)
 (0.405230183388615,-0.12215294707151952)
 (-0.094441932309370827,-0.2485799555631335)
 (1.6194218816804564,1.3037326048927247)
 (1.4808243767937235,-0.2873669929618069)
 (-0.66576353210870565,0.35560015580231275)
 (0.29503135024359745,0.60347798262726204)
 (-0.55871829090491587,-0.45965152177243163)
 (0.62925817564304509,1.2724263251682675)
 (-0.12738243892796169,0.073849046665997065)
 (-1.950771996942956,-0.073568529843430097)
 (0.64561590276037806,-0.23677362563163656)
 (0.11240670546798387,-0.70287288923250579)
 (0.60228499469350738,-1.5812556341286468)
 (0.47547429215824599,-0.42517259939365792)
 (-0.010928121098723598,1.0964566547094186)
 (0.26915485698593083,0.48223881394045204)
 (0.26299006420402576,1.0809257452353844)
 (0.36218991646927418,0.52962438352289065)
 (-0.44109015880207797,-0.1286354177988433)
 (-1.1078473771851127,0.20211083205618011)
 (-1.2575964573872864,1.1981565580460352)
 (-0.44444658922406483,0.41016221479693105)
 (1.0918107258242438,0.66707503594599182)
 (0.26713442446850322,-0.48576609496001755)
 (-0.70921889181207842,1.9630813754802174)
 (0.26445480708715463,0.012591561590813719)
 (0.52834959200971587,0.32103696118161801)
 (0.024372142021639245,-0.094997962706812059)
 (0.088813424007734121,0.01711601014826062)
 (0.32949998175451645,1.3434799399619892)
 (-0.34962177801099803,0.0076159053370457308)
 (0.11488992794112371,0.19018731496294902)
 (0.5511850904478941,0.03781249062856612)
 (-0.27397301889319037,0.033499183930695606)
 (-0.1283309978208855,0.35075379658609529)
 (-0.7964640301549345,0.063417423450958854)
 (-0.42419266189393035,0.86684755920622958)
 (-1.2317771507794844,0.033719402022300671)
 (-1.3397881576506294,1.8753874748127393)
 (-0.42922491605608115,0.076454859545506071)
 (0.10201280843639665,1.5891759314006617)
 (0.47321384571913838,-0.61329986877805487)
 (-0.17180511683981986,0.01512299734928603)
 (0.46908511309749956,0.43317937835084802)
 (0.42268965361647093,-0.18683894693942282)
 (1.132977071701845,0.9016905865153555)
 (-0.0033904890943324828,-0.4877879283909809)
 (0.12344695311274569,-0.15171612513876417)
 (-0.6199009395745031,-0.53143031874411706)
 (-1.8737006218072327,-1.1298604215849162)
 (0.14346967775837596,-0.16998495275820774)
 (-0.059257851580419137,-0.009941768372304826)
 (-1.1320066137798102,-0.84332721112190756)
 (-0.059931872711843748,-0.84155226451855802)
 (-0.13970006771516896,0.12115941746984231)
 (0.23360328616862763,0.39095311559589574)
 (0.16374079238356162,-0.15241488124431779)
 (-0.28302577723241806,0.70432587706536653)
 (-0.77705739785189853,1.1640496780024787)
 (-0.36863760507240029,-0.31038092241292115)
 (0.26672852373852174,-0.093736847542759932)
 (-0.10574380075705617,-0.47938657387181405)
 (0.075530133984207382,-0.35751818026250309)
 (0.48742534720101055,0.014619120801339591)
 (-0.082678589100586786,1.543465674579668)
 (0.43609616044034338,0.1339012950062248)
 (-0.57553618731809852,-1.0890362179072965)
 (-0.85638687114573053,-0.40227646138280354)
 (-0.2294176043120025,0.28685800342022488)
 (-2.0780305582171739,-0.06187261308410763)
 (-0.18619408890159819,-0.5929721196094746)
 (0.21221815256402793,-0.41222471553847778)
 (0.88372838215967153,-0.96557025998961588)
 (-0.48279950379383801,0.48805216168042481)
 (0.98741424925492716,0.054897189925472434)
 (-0.10224105530134074,0.1835534092779379)
 (-0.34514187775336125,0.2554338383439051)
 (-0.11030261260937066,0.88895761560658038)
 (0.54884104647840459,0.028112147174398139)
 (-0.1134145253459331,0.79130163293768963)
 (0.22549757714967811,0.11992607161000057)
 (-1.1507598699821202,0.16920228471083121)
 (-1.1313120792628606,0.017338508600914904)
 (0.88958243222274158,-0.45522197188434882)
 (-0.059859390862707973,-0.51301013676995932)
 (-0.22467481931276487,1.0299186935840912)
 (0.56337015297677329,0.2128921531716147)
 (-0.13787077302030826,0.65409644855018378)
 (-0.0078582550161599429,0.98644418871717288)
 (-0.69891038120799309,2.2505706701489627)
 (1.4171480246982293,1.8846192028232105)
 (0.41505146988632136,0.25097453652485879)
 (0.2547775113023395,-2.1421192987333773)
 (0.11162847118623941,-0.031082217427742878)
 (-0.73175954222103257,0.65627797061583837)
 (-0.357558318997309,-0.24784348727575795)
 (0.10380315356780856,0.24356848834743622)
 (-0.95492234042532964,-0.29370141886710072)
 (0.98785155442600225,-1.0262729531533212)
 (1.053633764938948,-0.45892712918855727)
 (-1.4061886846352014,-0.6083555223814392)
 (-0.70479904361686307,-1.1442704186472326)
 (-1.0005439381615493,0.019217888065418742)
 (-0.87213633436968863,1.0930728014440156)
 (-0.55135050501273897,-0.8846363644144325)
 (0.14600699086698732,0.063830766896191077)
 (-0.83413073466324739,0.38034362093287744)
 (0.27359338806343886,0.62348408148187628)
 (-1.1586973186011917,-0.058545783122998296)
 (0.21540439721376975,0.05592415311987381)
 (-1.2065688352128157,-0.22881773818189349)
 (0.86288283139956512,0.06602672059084369)
 (0.37618627831147233,-0.27701020315807345)
 (0.42677528143868537,-0.032501416466136565)
 (0.19655816625894296,0.29334166966612707)
 (-0.34051367852614306,-0.099162399318646274)
 (0.34407661293606873,-0.17004357592307873)
 (0.58294906164521365,0.50377811728349486)
 (-1.1009527862620179,0.5184733092147229)
 (0.18147385238432234,-0.29889436405623804)
 (0.069435763894580171,0.60250586867037115)
 (0.25346427636405083,0.31247285597533664)
