# Created by Octave 8.4.0, Thu Dec 11 09:47:22 2025 IST <gamana@Samsung>
# name: rician
# type: complex matrix
# rows: 2048
# columns: 1
 (0.41601797360094922,0.94455891084128196)
 (0.84812174523122907,0.88268622525587181)
 (-0.76372923114559765,0.2978793371165791)
 (-0.27057089199470352,0.16765029729267111)
 (0.89973143011467704,-0.91835466329535476)
 (-0.34175133289011472,0.27165395441519868)
 (-0.70289998293842215,0.76566715591531154)
 (0.75142927698600748,0.1025238888136534)
 (0.52335185988903776,0.48603326293707444)
 (0.77046755000809519,-0.030811960988514131)
 (0.12105461360409706,-0.44554406683492015)
 (1.295903353266856,1.412981610846846)
 (0.081252976628381768,0.98319005326621611)
 (0.84041233521483516,-0.079321452555955491)
 (0.2600609750991757,0.069367613235187336)
 (-0.13682419667854862,-1.8932589486738769)
 (0.16343633888763881,-0.32835814652616452)
 (0.15208349833227197,-0.85864436341030748)
 (-0.42291698029365715,-0.38624406114181548)
 (-0.091436538019639468,1.1125546131905257)
 (-1.243922230637631,0.46156392892099174)
 (0.86038959823513095,1.0105186344582826)
 (0.40643066447766529,-0.3905360066492608)
 (0.60801154139830671,-0.19010347955184151)
 (-0.82956143203143617,-1.2366968209773102)
 (0.96134364032199882,1.2091444532663549)
 (0.23845637171530684,0.021541161305509565)
 (-1.0139386299336044,0.28158357619688384)
 (-0.44977327943655232,-0.18423490042354887)
 (-0.74950038577657474,-0.5959867172248654)
 (-0.77282850536022685,-1.6419277343253211)
 (-0.098731861065538551,0.10231747011845721)
 (0.55978236458837172,-0.72637221605573821)
 (-0.97476132012840555,-0.24159060716050618)
 (-0.29120959605278873,-0.74950325929375738)
 (0.21692321222036759,-0.35671996152774121)
 (0.50663388615456106,0.52237982933731142)
 (-0.54145667319968038,-0.30148894261041437)
 (-0.28813031661200483,-1.3237936137062258)
 (0.36626886701333777,-0.27548362400339738)
 (0.42156980500778818,0.61064973471036199)
 (0.27096117418630328,-0.32498508937768733)
 (0.53027806764908803,-0.692758318592964)
 (-0.3567514324966875,0.46231931802932313)
 (-0.56372133013141157,-0.25246004324558435)
 (-0.066762108277159504,1.1032316771681476)
 (0.47263335192264128,-0.21671381567909193)
 (-0.099012944856705642,-0.4926282646751603)
 (0.12341757154123112,-1.158414814657809)
 (-0.59356139827970189,0.43894123730581253)
 (0.081511336753508662,0.16477643205567002)
 (0.12147346239632827,-0.087167525602775978)
 (0.11290500036543458,0.041087671049814735)
 (-0.75967871457262404,-0.035322930590069052)
 (0.98954459378478965,-0.47532992640293065)
 (0.034984542181903,0.78936393776076397)
 (0.99303106177225031,0.24918518156387809)
 (0.042191567240378924,-1.0540854944683415)
 (-0.58749164889564409,1.1415842288115177)
 (-0.61822339825572925,1.3756694604271227)
 (0.52278484390808078,-0.21346617716459057)
 (0.4629125224835785,0.39038205861365638)
 (0.56488131719030954,1.1499270229510279)
 (-0.16999683587468306,0.45342547489695884)
 (-0.25993658855465429,0.47066153767513541)
 (0.22689185586431204,-0.8553812804051184)
 (0.4848484804658274,0.58592027154696635)
 (1.4303677585223209,-1.2833211906821593)
 (1.8464698224298157,-0.033413744569036674)
 (0.55296281331877239,-0.90701293278020412)
 (0.060878975236755686,0.41473836244476114)
 (0.035706018065213341,-0.98152952244829417)
 (0.21409396896096511,-1.1554612244474241)
 (-0.47723428667851708,-0.30385190652179328)
 (0.50197866094744636,-0.36887447461726197)
 (-1.2065739229259087,-0.58875758875880857)
 (-0.055051962289166909,0.24676805288549414)
 (-0.32159652879850831,0.21121702849381108)
 (-0.23125061682287701,0.31623520300297586)
 (0.48857182549784017,0.29059146003530534)
 (-1.0122556434787855,0.71406313210404115)
 (0.022366001533674823,0.43813306562516607)
 (0.28979004160202515,-0.31974449198660315)
 (0.31140802612749141,0.97013806133280922)
 (-0.53371486732316764,1.0143414896575553)
 (0.36056097789596742,-0.39289278344409012)
 (-0.08778362662383489,0.59095781078876486)
 (0.35684871558719689,-0.43125737559369526)
 (-1.2557031280220026,-0.94090632477954239)
 (0.66917862253743632,-0.12377527866885382)
 (0.14591171664912347,-0.52197659469612545)
 (0.13361942206045158,-1.3146075124176393)
 (-0.84027947620520993,-0.74125791362687599)
 (-0.60871045940128832,-0.64142982176760477)
 (0.023156577012424143,0.23166741328345677)
 (1.3105604700381117,-0.89100656024972924)
 (0.29577589771574264,0.071873111542647056)
 (-1.458735028731966,-1.382613118524723)
 (-0.3809478701084133,-0.30556912849590573)
 (-1.0907598382146266,0.59885964775239431)
 (-0.051281257922984699,0.29451632160179897)
 (0.48456178242622794,0.22088138569851715)
 (0.65497979987880239,0.78827612000815572)
 (0.98380292523858259,0.71178419831170336)
 (-0.97195675217929467,-0.38675500979661775)
 (0.77736018945638619,-1.3897179198777818)
 (-0.5329656786247694,1.056450226334166)
 (-0.26010125157897357,0.11509716835018401)
 (-0.57834225434799236,0.0043502014167230985)
 (0.25109516893338402,1.5314521677789412)
 (1.0473408338274637,1.4154580219594295)
 (0.069934625089914909,0.35529159735478377)
 (-0.12902912861714011,0.73737536366196355)
 (-0.7975123678055186,-0.66337482679100079)
 (-0.085485716132944881,0.22274229354446562)
 (0.14341803401558001,-0.38778400387851902)
 (0.43384405974785173,0.20164667806206998)
 (-0.44112083960630866,-0.061991129617916835)
 (-0.61911526277319606,-0.4576247561769281)
 (-0.57469735260872712,0.54116279240123832)
 (-0.80811807259191371,1.6521871766566361)
 (-0.064940608492504714,-0.93426598905377223)
 (0.96947807215172688,0.60129730527356129)
 (-0.17827024280047898,0.30326357539298443)
 (0.39750793981636418,-0.40816025153447849)
 (-0.14551102457858939,-0.68721546581792436)
 (-0.33788682512477092,-0.92413435675168798)
 (1.4808544031601938,-0.72133594087922381)
 (0.031989767068628827,-0.25333550169377972)
 (-0.10776332632303898,-0.88495951172345078)
 (-0.023132996098705422,-0.13295991905596249)
 (0.13982365896966772,-0.71720949523940303)
 (-1.1979374166259598,-1.5501675114889697)
 (-2.2868918224897534,0.33586287898949729)
 (-0.60244905588147235,-0.2286223531111185)
 (-0.3747958715066031,-0.26382022903355773)
 (0.67023462342980655,-0.55475475565861143)
 (0.37051200764691716,0.29463875226718916)
 (0.4744600603068117,0.54747832390711315)
 (0.64225889824724303,-1.5794871105691006)
 (-0.29943211094945676,-0.42393649492896845)
 (-0.1762517982360477,0.79581148540251145)
 (-0.47527286427705073,-0.28094143565172286)
 (-1.1665183790369014,1.5892233096766373)
 (0.49112781429008878,0.34199483249497842)
 (-0.1295727434836601,-0.18520095580577894)
 (-0.65437925049010714,0.8031586024060432)
 (-0.95913607665493683,-0.9523493577528912)
 (-0.5665153639303917,-0.35213088435121426)
 (-1.0156944329130886,-0.24807159719666222)
 (0.61328774686466192,0.38721371795199955)
 (-1.0120333781860582,0.80142211272501784)
 (1.1557594058404848,0.0089224209121538944)
 (1.0534993412165552,-0.48224441255519801)
 (0.026095107201731804,-0.58764814550392996)
 (0.080471351335032804,0.81579232884367991)
 (-0.57147602651822282,-0.81920088115835743)
 (-0.47109402228892694,0.94288668259082442)
 (-1.1693127941034538,0.66865942565819747)
 (0.1711389857570966,0.27153060625809977)
 (-0.15341126049289305,0.1935222199087987)
 (-0.36465511370101722,-0.45742962854208358)
 (1.4266163208121831,-0.17310242546665555)
 (-0.032352103041012742,-0.1131806504539829)
 (-0.032231193843787143,-0.60659602970867343)
 (1.0097540578457078,-1.0892244439484697)
 (-0.675282128565867,-0.47105675916689527)
 (-0.42921570135494969,-1.1175890284414982)
 (0.9631346804501304,1.3645243149265001)
 (0.33081081773931309,-0.16883785203861967)
 (-0.32221766542629882,-0.56878406081208022)
 (-1.6101731890767113,-0.69431222408627857)
 (-0.98580987941566911,0.091957260771454774)
 (0.18044071477028262,0.31768835123348005)
 (0.046186609576739091,0.71634768271314708)
 (-0.43258648130451671,-0.72491777996406659)
 (-0.57932571441550862,-0.82616969527921835)
 (-0.3304100986802766,0.46549704373662404)
 (-0.11534550879373362,-0.22810629582274655)
