# Created by Octave 8.4.0, Thu Dec 11 09:47:22 2025 IST <gamana@Samsung>
# name: rayl
# type: complex matrix
# rows: 2048
# columns: 1
 (0.56254573326549218,0.14977164457343287)
 (-1.276975375307791,0.52635946998818528)
 (0.78451442660364046,-0.78519627919680557)
 (0.98329530710565294,-0.20731693334893925)
 (-0.71178958485836319,-0.3463034398156698)
 (-0.16849440513521619,-1.6743234054312992)
 (-1.5530321347552545,-1.0645003726193085)
 (0.4538349123378268,0.064188508451617721)
 (0.90139346150203703,-0.56236281528829135)
 (-0.8567287432992392,0.56998956098444131)
 (0.087498301648539653,-0.23567191648385177)
 (-0.0027850839863355799,0.093839407900587674)
 (0.41124515509163506,-0.043001749285117991)
 (0.59806525805712718,0.70740863237758334)
 (-0.85442535807191122,0.09966143347352302)
 (0.32099352305717338,-0.9665552443350407)
 (0.45550291270185261,-1.3503831963471487)
 (-0.57902856045104834,-1.1360828148001252)
 (-0.55175727842775513,0.44861800236373056)
 (-0.30446757964191679,0.16692896678131186)
 (-0.33623141644600746,0.34819932976740581)
 (-0.22173670832483791,0.23046583491821107)
 (-0.83278968735376147,-0.60390807372211597)
 (0.34575968978521288,0.26512329818507585)
 (-1.0284093364093672,-0.51750392711299575)
 (-0.10316035217507113,-0.20166754017730776)
 (0.37231531406017759,0.10349982578892537)
 (-0.0085941819607926878,-0.15308482528471978)
 (0.17981399292429368,-0.6237425364405943)
 (0.45054791589277621,-0.83214844749875783)
 (1.4704082562718885,-0.35052760609062406)
 (-0.44159083606168559,0.076801376192301873)
 (0.58370942397547299,0.52649522283738626)
 (-0.97678795673749852,0.8084661797458611)
 (0.21496595176088223,1.3223260502492831)
 (0.4931473236386722,0.34807838375105088)
 (0.90088894390345797,-0.66568960811707445)
 (0.20010292018774223,-0.02464514503852526)
 (-1.0500270965164353,-0.95965711963681066)
 (0.6085521399505861,0.08668166846070216)
 (-0.55272448738284674,-0.83254561503948754)
 (-0.083200430732587871,2.2963732029228781)
 (0.3661917222107075,0.8295967520605384)
 (0.56508631929071029,0.23739028168592624)
 (-0.018876487214289472,-1.0814469140196046)
 (0.5512565863856238,-0.093950414603871518)
 (-0.60977131986950883,0.21761675493625426)
 (-0.65229634121719038,-0.0772122601095242)
 (1.5849966704309293,0.033411868246373988)
 (1.1358274821297392,-0.035331152729020321)
 (0.34979667041412693,0.088549198676860716)
 (0.80257120357756839,0.78179858749962794)
 (-0.56338706381585957,-0.09317588484118508)
 (0.62399392580439117,0.43142098304488641)
 (0.29623678055459512,0.032572278813060795)
 (-1.3489621746389673,1.6678307577768365)
 (0.0090403369112802556,-0.18236255264011214)
 (0.29164511485994643,0.27166490608026228)
 (-1.453455208214911,-0.71125703147031194)
 (-0.33720953330371023,-1.1351543580311305)
 (-0.84495691565227471,1.3899089747543281)
 (-0.086419295969710347,0.61195540603082133)
 (-0.91486054072436329,0.26811991606817137)
 (-0.1608296211147183,-0.25616001216216644)
 (-0.3746107991825553,-0.89272483654297941)
 (0.48191170985145215,-0.08312441719553619)
 (0.41447359659194549,-1.9530393714597978)
 (-0.22871150012283914,-1.6668773812305222)
 (0.047785080104891686,1.0125583023511113)
 (1.3267321157551046,-1.2184487540864786)
 (0.68722611799702016,-1.341976902651707)
 (0.5429500205052753,0.70889885670681041)
 (-0.053862173319442777,0.068847864449433277)
 (1.4280232150903638,-0.10517161366702876)
 (0.34191848471133035,0.17584877706446622)
 (-0.0008584362739337964,-0.18525474298211325)
 (0.63832205178637835,1.3167493232536027)
 (0.070615814745294436,-0.40831457258352055)
 (-0.06340871930393463,-0.1480758082923517)
 (-0.52995222118812901,0.2858929629206578)
 (0.17641440754355894,-0.11685440087147106)
 (0.37424343477954164,-0.43226461718263021)
 (0.96146409933477683,0.68053172043192112)
 (0.0043823475409152102,0.71825787887869808)
 (-0.4865613891944558,-1.7235978397144316)
 (-0.14799998166323783,0.83733610497308908)
 (1.8409530213826235,-0.20616757977362965)
 (-0.60474559953293683,0.33537395584133378)
 (-0.87470233534904074,-0.2799422589547198)
 (-0.096809385639190532,-0.77882085077373131)
 (-0.060411620994150275,-0.016044461280431462)
 (-0.22638604485859076,0.48980456426596058)
 (0.095852030253081755,-0.070048759572506919)
 (-0.095786332235269167,-0.36066183254675871)
 (0.37734701935507176,-0.34384839713526172)
 (-0.76115164816365311,-0.78028472651612091)
 (-0.069568435002956452,0.74402860264363824)
 (0.47000398388577247,0.87281806750562174)
 (-0.39893467758930912,0.13720195778628361)
 (0.070695618963755147,-0.2227067996653363)
 (0.14839808218700451,0.20192972015890748)
 (-0.17824114532521396,-0.54253381472180595)
 (0.6034776221180953,-0.32932442272997453)
 (-0.079753346212824733,0.061652174815500331)
 (0.41839188153584217,-0.41640897802755805)
 (1.754576999431896,0.92041710211664207)
 (0.032722492321100471,-1.1497605759900793)
 (0.1373789054651729,-0.29613994570507673)
 (0.90152957369605213,-0.14657420761203177)
 (0.88304502179652167,-0.4224895219017728)
 (-0.056790493360762216,0.21278185014765524)
 (-0.9061881585707634,-0.48719642442079669)
 (0.82326708760303535,-0.05176466704158611)
 (-0.12391282743127729,-0.88696442393272312)
 (0.72190482517249721,1.0186069227778192)
 (-0.58869724977055138,0.15898532741250604)
 (1.3896869877208999,0.12739813826653956)
 (-1.0178163416812123,-0.54821694471842164)
 (-0.099649259564324688,-0.64614687628014011)
 (0.36982377202308592,0.28962230468846872)
 (1.2341317118527719,0.066460411419011489)
 (-0.085118388255474714,0.62319991287415377)
 (-0.17447792670912848,0.26525963494595861)
 (-0.17898752116067809,-0.29001455761079786)
 (0.66057870322760848,0.16108081079226746)
 (-0.46370713538880937,-0.47238138289338549)
 (-1.2226111408070457,0.20612200558774491)
 (-0.1382090643019972,0.45177027391700286)
 (-0.43502228962585832,-1.456827196253373)
 (1.2938900487463778,0.41228490387985511)
 (0.031591604262534045,1.7183805371481444)
 (0.94891166681937356,0.3749230191232687)
 (0.23318946826733536,0.20813087619707252)
 (-1.2896025716054029,1.8511520231317407)
 (0.19524121069849501,-0.14053667378761461)
 (0.83109226585891938,-0.7273414414734114)
 (0.51185499740929963,-0.57236926538896649)
 (-0.68247141930104649,-0.51005416219779609)
 (0.45604494981405097,-0.067753471717313718)
 (-0.62919871829447804,-0.0097015201699736653)
 (0.88326412371687291,1.0672405876252622)
 (0.1690024741231794,-0.59610154920285319)
 (0.49324151826784401,0.12045526291338504)
 (0.96818658906963084,-0.26309081680407204)
 (0.59963082621570529,0.51786478622083876)
 (1.630690885612327,1.0624497998095475)
 (-0.32346195594509097,-0.51710818849321261)
 (1.699021695871058,-0.552031460550516)
 (-0.87231688659080464,-0.39117477126606826)
 (0.116915245579573,-0.52403819683798258)
 (-0.21652608316030242,-1.0887466807632959)
 (0.51252881684907226,-1.5229188588505558)
 (-0.82457615781128757,-0.64114414076215986)
 (-0.72983202578253992,-0.21588852253122376)
 (0.45459998625365922,1.3356869328928189)
 (-0.046271361210782277,-0.26305082385217121)
 (0.21429126032875187,0.65219569706755198)
 (-0.25376082748592688,-0.082089613399911499)
 (0.037816818881201975,0.34337423948394241)
 (0.49162205718280538,-0.01197694441311517)
 (-0.15916861566094082,0.016046908119173107)
 (0.39776807786719609,0.38562879106584419)
 (-1.0953214542991689,-0.30758995749734369)
 (0.37034309713169261,0.063011209596741807)
 (0.18024093323424853,0.43601875532754769)
 (-0.34546532302721489,0.57013069264128513)
 (-0.3678644707265914,0.00012979214751263068)
 (0.59343333190129754,-0.99531304560370215)
 (0.414104259381814,-0.45434743687557394)
 (-0.10400071282515147,0.12896544450046143)
 (-0.50189603853491016,0.043298692794101784)
 (0.49664608179725728,-0.22159295963247888)
 (-0.62487825356188331,-0.10738035972861681)
 (-0.53630314639796439,-0.24351265504605399)
 (0.66611992766278616,0.43356652609314161)
 (-0.46195348193719199,1.5266633479368299)
 (-0.74155804736478736,0.59942799486030396)
 (-0.25109883236995817,0.057170009091805571)
 (-0.67131335631843747,-0.29155546326905402)
