# Created by Octave 8.4.0, Thu Dec 11 09:47:22 2025 IST <gamana@Samsung>
# name: rayl
# type: complex matrix
# rows: 2048
# columns: 1
 (-0.74232478538726976,0.13614177546057424)
 (0.42418277161308227,0.3688508089516177)
 (-0.18952492156839923,0.61166731839798572)
 (-0.2188294419427001,-0.89171567599473134)
 (-0.12818305927063794,-0.26994743475936889)
 (0.12598894478667455,-0.30328996631999622)
 (0.0088087078139076902,0.5384491794207803)
 (-0.097280459788970847,-0.21888874954004126)
 (-0.06902350416756807,-0.095916445512733636)
 (-0.46965663714944372,-1.3747820747223796)
 (-0.28918340181347502,0.38009946671927625)
 (-0.56432953709400546,-0.10267192815995051)
 (0.26451868812628132,0.022942400645529645)
 (0.71879938223985995,-0.18376477172415809)
 (-0.4675099870004632,-0.7805146526680542)
 (0.016236058124299291,0.89182265803358496)
 (-0.52456803958363007,-0.058241348122695935)
 (-0.085850239869573505,-0.30252497986988502)
 (-0.47133525789339425,-0.15497399137297041)
 (1.3038292314908648,0.053856189636391993)
 (0.25387364508015864,-0.37245609210464581)
 (-1.1901786663700182,0.37155416032052035)
 (-0.47301623217669386,-0.22585952676484533)
 (-0.021950070902462204,0.95381306740117155)
 (0.5135958671387062,1.3724118808332202)
 (0.12546072706030392,0.64017145226776651)
 (-0.26986864560757229,0.53974130734465642)
 (-0.31241412131239243,-0.027567331675752732)
 (0.21166623202453272,0.64626599662897122)
 (0.13919931475614117,0.16278591505646173)
 (-0.027013258686644285,-0.17064231104741831)
 (-0.28626089074821554,0.020621891645987156)
 (-0.12493822510909867,0.15631959766968342)
 (0.32210270759047543,-0.54555731775244354)
 (0.45730505075076971,0.66969725231974986)
 (0.011569230086972623,-0.08785223118613468)
 (1.0550428304955657,-0.16316304994600278)
 (-0.040443609128242464,0.31381310102981747)
 (-0.37390630632380617,0.29606428701493537)
 (0.53998111735155074,0.35908526225324316)
 (0.2454661632778673,0.52231715814288004)
 (-0.29646629361847265,0.21843106298854809)
 (-0.55882838084545206,0.060925575985109059)
 (-0.2772193473447071,-0.44968623029771981)
 (-1.6574662445704109,-1.4606226630448846)
 (0.9020921424930004,0.12376689832770443)
 (1.2074277853421616,3.0197911897883913)
 (-0.49866662487582192,1.0741752924201178)
 (0.12443979983470013,0.46633916167378481)
 (0.24276444726362595,0.2879771452791331)
 (-0.040592319878759373,-0.12643138985045971)
 (-0.063315461038117304,-1.3191970476198431)
 (1.4611764152356304,-0.836598467121072)
 (0.14865427100165529,0.64815990935802259)
 (-0.53832677668621187,-0.37684075630462233)
 (0.48669204595268423,0.30301522933824832)
 (-0.40932188063516334,-0.83964036471157577)
 (0.31187108404652975,-0.60053034441759368)
 (-1.2074266558817563,-0.53326773231107982)
 (-1.2041735592006946,0.42979465757357022)
 (0.1156911801764295,0.36745643414053408)
 (-1.5584381496752751,0.74411051440524878)
 (-0.72756483838176178,0.34715814186853311)
 (0.012342175712453142,0.11608157445363082)
 (-0.37366370263699067,-0.090834593628162763)
 (0.68647374982812748,-0.23827701222412814)
 (-0.47702870150885796,-1.0106371782896137)
 (0.88865612971358388,-1.2921897532501903)
 (-0.010499019487017258,-0.89326568724801048)
 (-0.36447521632644331,1.8576102439434365)
 (-1.2582243020191326,0.46968537614131078)
 (0.30844692562416509,0.25505090196184432)
 (1.4753919378554721,-1.3619622542880458)
 (-0.56493731717417073,0.17427058522322234)
 (0.045766027055705219,0.26836140020739629)
 (-0.18463432653116085,1.109385686493034)
 (-1.0937289170822546,-0.48654486707187422)
 (-0.93390232873666978,0.35077029916004343)
 (-0.4431709768293447,0.10993358012796546)
 (-0.42998962858058004,0.65790679112871098)
 (-0.41409753540464783,-0.70815595813528653)
 (1.1808383129527449,-0.06550222703288261)
 (-0.2343630105284415,-0.4313269187612539)
 (0.072666001064244798,-0.43128961161498958)
 (-0.16635301093593469,0.41599749031988098)
 (-0.48344283609339928,0.2588034578492206)
 (-0.19148850352583013,0.012501696762746581)
 (-0.40655263708977474,-0.093941726180256563)
 (-0.039178768717074153,-1.0208683357966779)
 (-0.2204626853174321,-0.30001688091706874)
 (-1.1327828841681715,1.1438102862845339)
 (-0.30985481247340202,0.86564100777265629)
 (1.1401590811074911,1.4131084314355049)
 (0.75205895601162021,0.24676635727859475)
 (1.1391629919322623,-1.2500632595297021)
 (0.59240036071654079,0.11330469736641574)
 (2.0807908711156164,1.4166716278207547)
 (0.42270975583213316,0.092707537201421386)
 (-0.51339251289662302,0.0069248928872993887)
 (0.48424437502094719,-0.30125243220448961)
 (-0.94050859519960783,0.90280494302083603)
 (-0.14334428791624657,-0.068080864842766625)
 (0.4423782316446887,-0.63908659633071063)
 (-0.39526342751130694,-0.37906601118628874)
 (-0.23677285182213331,-0.35879573208876142)
 (-0.81211192731905368,1.2792217476196395)
 (0.11207561030030538,0.44823809037257062)
 (-0.14999767828515137,1.0541082627061373)
 (0.71844205079792223,-0.87646490329679583)
 (-0.19664239133749206,-0.088243866599037546)
 (-0.34496515955871654,-0.95666076311200732)
 (-0.23201409680720869,1.0616504705074674)
 (1.3713452204631886,1.0365391057878159)
 (0.011290281740857205,-0.054881088822173713)
 (0.22960483880006149,-0.0067900990283299018)
 (1.6131817624903682,0.2588235398469092)
 (0.50396672982479707,0.64325688128174197)
 (-0.17090368193050459,0.096905049819821842)
 (-0.11226255868217802,-0.16813178425978551)
 (1.3676403657336673,-0.86820460346775297)
 (0.055967184275939677,0.25035896981560324)
 (-0.089461089252091786,0.19549301724183071)
 (0.41383793074871356,-0.21246551228550337)
 (-0.77876731571814117,1.0543844715070827)
 (0.17321376804915703,1.0865064692955055)
 (-1.0518236313218223,-0.26486154481604046)
 (-0.86234057253904628,-0.23616586258614844)
 (0.46240355377037562,-0.087148779705272461)
 (-0.110995028160584,0.35147521828601364)
 (0.24238078346889874,0.27828528909101075)
 (0.35925483828060201,-1.6159897488625516)
 (1.1281979360697776,0.29283645228527672)
 (-0.92343348701026173,-0.4489399528453818)
 (0.046508773375194053,0.15973531684226902)
 (0.20742097861772096,-0.17102540813273526)
 (-0.89306268475585338,-0.62405014848879681)
 (-0.66820066822644009,0.33513207751561958)
 (0.26558349133012193,1.7128925586769261)
 (0.60718584699123901,-0.31865716994694587)
 (0.81486146821853178,-1.1261162167130176)
 (-0.70507773073791224,0.10068182382782402)
 (0.84274334350633817,-0.3322872810328994)
 (1.0229694491768615,-1.9343595538628469)
 (-0.55706491677512249,-0.26424864047413099)
 (-0.037518204947801108,-0.14079892856699031)
 (0.34714040796038831,-0.098339569794327203)
 (-1.7012373624347474,0.18282792908371331)
 (0.11332818167641795,1.1189828610960313)
 (-0.47652380838036645,0.63582171149017708)
 (-0.77897707249581694,-0.29432749641573108)
 (1.6540615996234298,-1.3139401206451431)
 (1.2094037487374985,-0.88096714381630226)
 (0.21283864327018942,0.70201258759702989)
 (-0.49101763754096117,-0.28866071322241765)
 (0.17545768975256332,-1.4232279017596572)
 (0.79009911988003645,0.027279172558575371)
 (-0.16975279996448728,1.2891376402631349)
 (-0.51096048957232276,0.543724611218938)
 (-0.066236079915607274,-0.19329882439058954)
 (1.6399968841244743,-0.050257561177682653)
 (0.49551714256260182,0.40174806210571534)
 (1.0267039783288996,1.4117042769880566)
 (1.0796229403115203,0.4304949012648614)
 (-0.62733826757219058,-1.3134527848646844)
 (0.37120249883640805,0.4796384756465833)
 (-0.12777448788501417,0.29627888472783848)
 (-0.66240212133939314,0.32489974150751971)
 (-0.81498157514667535,0.071814923013683474)
 (0.31395883363742405,-1.154637848365881)
 (1.1701544051307793,-0.24928370889212137)
 (0.77668321220760905,-0.74367353992398988)
 (-1.397246872787689,-1.6527420810828986)
 (0.072063913103289787,0.038179144663441661)
 (-1.3696342512794133,0.36720212994552781)
 (-0.14732118416114467,0.56127994130692938)
 (-0.57365543009800501,-1.3456135261016153)
 (0.52118567825085294,1.0993034035795826)
 (0.29134649568541676,-0.97622008613346067)
 (-0.094941507371277628,-0.67485721254724473)
