# Created by Octave 8.4.0, Thu Dec 11 09:47:22 2025 IST <gamana@Samsung>
# name: awgn20
# type: complex matrix
# rows: 2048
# columns: 1
 (0.22377499982918977,-0.9352790709287252)
 (-0.8958114095886538,-0.90866494891239846)
 (0.39335503283196299,0.29404066695953024)
 (0.90195125480823568,1.0387188583152422)
 (1.0387855244366564,0.37075582570452376)
 (-0.36796156117957168,0.94778597883820737)
 (-0.98471630878492267,0.96916420325845831)
 (0.88417257830574481,0.39145412670209162)
 (-0.30987710684822983,-0.26593917245082205)
 (-0.96973883525429516,-0.28656441276724776)
 (0.87114212392914203,-0.94162409995403962)
 (0.34022280113050279,-1.0245758299596017)
 (0.92300419660770727,-0.30266991324336545)
 (-1.0145953362307463,-0.35774076135641109)
 (-0.30101295299247188,0.17017656495279057)
 (0.94382143132750762,0.35895882583588934)
 (-0.33424969954022415,-0.86679751868279942)
 (0.92798958175047097,0.91764668811936556)
 (-0.93638401492906886,-1.0334083298087329)
 (0.29781906020094706,0.22399071927206188)
 (0.96141109738553299,-1.0417893405774299)
 (0.77599409827470633,0.32713678115088157)
 (1.0054032431222093,-1.0724653550509586)
 (-1.0673389839284928,-0.27727942148920709)
 (-1.0380303627955192,0.28716677624157455)
 (-0.98068931091944334,-1.0062328735957808)
 (-0.29630826096646135,-1.0183248166536885)
 (-0.92582923775031023,0.30394467493614147)
 (-0.87082583190357121,0.98530973299493596)
 (-0.37786006694117491,-0.19508926744633776)
 (-0.33166536568507604,0.33744794152389784)
 (0.29008348034012449,-1.0373577136372809)
 (-0.47370994049118353,0.98009565697513668)
 (0.19953944063391604,1.0086088536329365)
 (-0.29676889784069282,-0.86358811243431211)
 (0.34833115405981568,1.0595115178922829)
 (-0.95954952027221052,-0.29523665250939629)
 (0.96112672186768466,-0.4193411983025116)
 (-0.26432671133581176,1.0227110419318877)
 (-0.45379657641189131,-0.87984652355328485)
 (0.97695758998743609,0.38352303778024827)
 (1.0158921053454681,-0.22746640048334688)
 (-0.38812845601541912,0.3697667367823948)
 (-0.97835241574156007,-0.31599744447911599)
 (0.37891152454077309,0.93958677359281018)
 (-0.26338647240640256,-1.0525011617826769)
 (-0.35459333400813781,0.96126328811341821)
 (1.0377235338849535,0.30330885904279259)
 (-0.18431309501435131,-0.32612617281628603)
 (-0.42541357872889152,0.95461294434030808)
 (-0.88478622704592158,-0.91109163970535822)
 (-1.0841414282939943,0.15864688229553506)
 (0.928506309895334,0.96150749310729589)
 (0.94956126930929752,-0.2885824775934927)
 (1.0683184032054327,0.30699906534590715)
 (1.0269950483366139,-0.84567390586951108)
 (0.8894751782552478,-0.91832741938261908)
 (-1.0029155993084502,0.48527543319653454)
 (-0.19383384732064535,-1.0025896850447131)
 (0.3699704907019164,0.93512701621543026)
 (-0.28665880932948901,-0.98234719119407599)
 (0.34888691048460074,0.34304907209228463)
 (-0.96415929564235714,-0.91627149987737444)
 (0.54157214780587026,-0.37143048938097956)
 (-0.91459167788821594,-0.40599419624209521)
 (0.83970146143848479,-0.91500292411181383)
 (-0.31809860998759604,-0.35099433873998004)
 (-1.0317028109216644,-0.29578549510258723)
 (0.35088033422121295,1.1212448086861753)
 (0.91200870710693127,-0.27982625616280588)
 (-0.95741893050748617,-1.0028987477360138)
 (0.41540676957161704,-0.94127287837954443)
 (0.41700505041481584,-0.96897799063350232)
 (-0.38112875572973515,-0.37865349408655108)
 (-0.96865122733660691,0.30987294751503536)
 (-0.20074791822653998,1.0408973185694337)
 (0.27543563538610427,-0.28277319547746665)
 (-1.1105263577949493,0.90328574930883854)
 (-0.80997919096050508,-0.37455917444054093)
 (-0.2216660557972098,0.87832497508598284)
 (0.22024362441674128,-0.98502275901646774)
 (-0.9447384262727988,-0.88572580371997789)
 (-0.98559382600274814,0.29477096578799489)
 (-0.9955734047190411,0.97979438128163654)
 (-1.0607127439813098,-0.9289698595890532)
 (-0.3493616873556542,0.97619555991694185)
 (0.38293171447260826,1.0963028894435085)
 (-0.35886198836283134,0.31152367437459616)
 (-1.1481036466122312,0.3460981580001336)
 (0.28320085897946123,0.89220245179929847)
 (0.32537758403676659,-0.26847803843025558)
 (0.24763756289103012,-0.30675865411483877)
 (0.20808007993986499,-0.33789111981221437)
 (-0.88105481818222819,-0.96987887366254277)
 (0.83181450292854686,0.25969022512362328)
 (-0.96996425768641747,0.33727464600372964)
 (-0.92471563880713437,-0.95565352762378053)
 (0.38523901300654273,-0.30759398562880824)
 (0.38786958438969321,0.40389671149118495)
 (0.36008026554507405,-0.2033925484396919)
 (-0.93485838780123676,-0.3111694449889818)
 (1.0265193453494761,-0.40951521046216355)
 (-0.93970967141486261,-1.0780871863915966)
 (-0.24963686559861659,0.37596608803683434)
 (0.43026986989653548,0.34999099051030358)
 (-0.94745670690695893,0.43733518719055148)
 (0.89570194683205795,1.0015562226906232)
 (-0.93304028967039443,0.92454891621556679)
 (-0.33753280204347941,0.32454201626226714)
 (-0.46078685679858361,0.28113954281683479)
 (0.31429741999595101,-0.91972460440947978)
 (0.91109882423100463,-0.97010698468115053)
 (-0.21247212444377089,-0.26139520086118678)
 (-0.9126611747150557,-0.94655813169864012)
 (0.25192499292918835,-0.9380897720394995)
 (0.86944495640215469,0.37416668361056238)
 (0.36993479814400304,0.26096961542928954)
 (-1.0227585827743155,-0.84234054050658747)
 (-0.96034901879731516,0.30921905444531139)
 (1.0345504768444709,0.93283990753667723)
 (-0.82920097485534283,-0.99580945739815097)
 (-1.0395213961484515,-0.36185953908638546)
 (1.0330321712346131,0.77173503866394699)
 (0.20910210727635392,-0.97530790710004245)
 (1.0193005186329849,0.45163253732398845)
 (0.85684329997017206,-0.95402582457958829)
 (0.83020270068390711,1.0338644687771827)
 (0.36984584701910078,0.40122287119656458)
 (-0.89339675000341134,0.94342146558203688)
 (-0.27466052489222037,-0.94959376089206216)
 (-0.47287396135021986,-0.8471296633077966)
 (-0.39180039480515816,0.88680212747409315)
 (-1.0599697468961384,0.27778510839046366)
 (-0.23955383090231955,-1.1193694781074268)
 (0.93859662318022508,-0.34425261388170503)
 (-0.9811392636884908,-0.32277907953907353)
 (-0.89159016562507454,0.2892663261561042)
 (-0.28462924056217503,-1.0447581718408012)
 (0.87709316057613396,0.36760326890737521)
 (0.37283126964691743,0.90118874116970038)
 (0.95437140864356163,0.90381287639544716)
 (0.38405819088606485,-0.37022973098143763)
 (-0.80888348048010161,0.86390808367175642)
 (0.32440796276492445,-0.91733651200724398)
 (-0.42131941682451163,0.34538902315977138)
 (0.24379518150598184,0.25769360738089991)
 (-0.30103897408614633,-0.22123527504225454)
 (-0.3425875038356449,-0.99965423501238115)
 (-1.0350376243485448,-0.38212553528343757)
 (0.86107477296388613,0.39771063820747254)
 (-0.34671234675410428,-0.30641467178526427)
 (0.32746912331815514,-1.0564612302790339)
 (0.85197711446404045,0.31476917340838179)
 (0.37458110939633743,-0.98299697564214306)
 (-1.1214828770770107,0.94246684651205204)
 (-0.9376079974080298,0.31923980198109886)
 (0.83594487185467647,-0.89739603669635859)
 (0.86086250892831995,-0.52254479765196582)
 (0.89283648837903751,1.038377733441797)
 (-0.90369372194499697,0.85576634512704453)
 (0.17741240970215991,-0.86359875219998994)
 (0.9499299267231579,0.91283561485875686)
 (0.97778773272223929,-0.24729385993312181)
 (0.32597322998550804,0.95917577618468974)
 (-1.0279404290176855,0.92999767682272128)
 (-0.39362898543101504,-1.0053490362596578)
 (-0.28324521200589592,1.0173100344775556)
 (-0.45032409872798457,0.30760390559493761)
 (-0.31266053760947815,-0.24045663982139776)
 (-0.30570749110123363,0.38074305616433318)
 (-0.33901662856025894,0.35163561899612783)
 (0.85193439350715783,-0.9946746770637902)
 (0.99499707679988547,-0.94289084961172087)
 (1.0216421966765443,0.39980769907857988)
 (-0.22576632237232075,-0.25523850817541244)
 (-0.99677355622755026,0.31381596297659492)
 (0.31732302630644676,-0.91939969599238025)
 (0.24781970861629732,-0.31478970041457716)
 (1.0389302826372471,-0.33095284910152056)
 (-0.31188064286140466,-0.32987780350866758)
