# Created by Octave 8.4.0, Thu Dec 11 09:47:22 2025 IST <gamana@Samsung>
# name: awgn20
# type: complex matrix
# rows: 2048
# columns: 1
 (-0.95850478678696627,0.37497266024849918)
 (1.0033349865495025,1.1675609205185109)
 (0.40208625231661987,0.3100275540297257)
 (-1.1119569346103921,0.29532254232640659)
 (1.0215893309930388,-0.94183191424437607)
 (1.0108309582131716,0.30368138354917845)
 (-0.39354672202641439,0.91750894229192514)
 (0.94646069098708574,-0.97779764579515638)
 (-0.32449206326623309,-0.3476391123916478)
 (-0.44990379587918294,0.98461269002459495)
 (0.20529310138291096,0.31496082802543524)
 (-0.86502644328513467,-0.36830341565036362)
 (1.0600963052418864,1.0469685969926843)
 (-0.26636162508818678,-0.23190254134684077)
 (0.89123311862162879,-0.87251904256038026)
 (1.0130040444368933,-0.31072187704390331)
 (0.38254538245277242,-0.30100729358854345)
 (-0.85755450222792529,0.27364251334155332)
 (-0.80888176489428953,-0.97034364095234094)
 (0.26944621445016537,0.27777893844753526)
 (0.95679861604427174,0.34027674256082641)
 (-0.27955400549896076,1.0385436920147619)
 (0.36197398938123121,-0.22871124831883144)
 (0.25529473106734057,-1.0726689675944163)
 (-0.34426955787002933,-0.21406211855673801)
 (0.91484926410742096,-1.011676020495285)
 (-0.99300295717597964,0.96563608936904055)
 (0.2811223255408335,-1.0379427155267966)
 (0.35267950002397602,0.20097316507608684)
 (-0.38036759835204237,0.34408049043242528)
 (-0.3909354337504698,0.36466520216460568)
 (0.30537356092500689,-1.0319111486184416)
 (0.33925997620782561,0.89767345135460919)
 (-0.29508982613515267,-0.27543888212909251)
 (0.9944016811582771,-0.94155454114543757)
 (-0.31201889694247853,-0.31652538950601339)
 (-0.18252413796624006,-1.1673550553572374)
 (0.92394915904469566,-0.96022628215036476)
 (0.25341326012442306,-0.86494682860503558)
 (-0.37321092325881922,-0.92538658178845201)
 (-1.0131893639183451,0.28569031576092607)
 (-0.27441876590992365,0.25657235415234769)
 (-1.0041704403709866,-0.96523054734747193)
 (-0.86171554056225053,-0.82491915319449283)
 (-0.40046280451001859,0.96115450919916712)
 (0.31820204206371971,-0.90901628703772441)
 (-0.85814306348419933,0.40580852980347648)
 (0.38770065150404931,-0.87212342603735948)
 (0.31076292717015863,0.28817251653170045)
 (-0.25946299158208241,-1.0545327251769825)
 (0.35180261077026415,1.0358016131169023)
 (1.0563170508993764,-1.0540551576072867)
 (0.37189766697793009,-0.90927413104934363)
 (-0.90133674891779336,-0.509388479665146)
 (-0.19886464869012693,0.20802052761007883)
 (0.8883716472141765,0.28225800013645391)
 (0.91802477765398716,0.9474185439882048)
 (-1.0255767278490924,0.92508644116496719)
 (-0.22195342305595461,0.25555703453135853)
 (-0.96135196532400302,0.96215432816926338)
 (-1.0836866889714483,1.0690117220166717)
 (-0.22071655131688256,-0.97476075771900605)
 (-1.0267334535299169,-0.85818977270773833)
 (-0.38856219793324875,0.91540887395849946)
 (-0.27662020578438773,-0.98012054466602638)
 (-0.34747304561319092,-0.93615901910250932)
 (-0.33537328081478768,0.81663371402341789)
 (-1.0096468087842607,0.31906668091800594)
 (-0.35641796191359082,-0.34475770366785768)
 (1.0253328673785769,-0.48087383560417279)
 (0.99298287099626448,0.37710517088488144)
 (-0.37981167116453241,-0.28535842673710665)
 (-1.0146110354303157,-0.33863407679481278)
 (-0.32225814198348024,0.1289847105991227)
 (-1.0139726408511405,-0.27281762489791217)
 (0.98101925751290153,1.0032711773421212)
 (1.0031036936444828,-0.34065745368234335)
 (-0.27876485304564014,-0.26092935127581302)
 (0.33986963106759988,-0.92637435455303707)
 (0.46050129255561623,-0.97730068060929687)
 (0.97305673426121653,-0.94827485191117566)
 (-0.93995521799006176,0.9826007902840318)
 (-0.22653986687155672,-0.93612590104257609)
 (0.95980187264705696,0.27755890739796452)
 (0.24174391660167616,-0.32179759079017489)
 (-0.38553004360434362,-1.0447186128141257)
 (-0.95037907044219494,0.92763711022281703)
 (-0.94670659052551587,-0.8615168770008591)
 (-0.25040289945682631,-0.3163222007225448)
 (0.80380475952261432,-1.057230657773808)
 (-0.32591857409293085,-1.0733240502210051)
 (-0.82483926802834973,0.24920141064509105)
 (-0.33218161892496323,-0.26263689802295476)
 (-1.097877928276497,0.96796707158722273)
 (0.30430227058922077,0.31413365532464371)
 (-0.84855216598479133,0.97712276101906737)
 (0.249081928926912,-0.88979454776297795)
 (0.91246093372053605,-0.2527822096395349)
 (1.1164708900287139,-0.97521284240150152)
 (-0.39127087523319171,-0.25682793753188743)
 (0.26769386340406182,0.97357614850955676)
 (-0.98051136480428736,0.96072958848802037)
 (0.87929583896183083,0.96818517521945646)
 (-0.98615048165863717,-0.36113010052732675)
 (0.40728860826146962,-0.94494666680178219)
 (0.2144539837397027,-0.30999344827289166)
 (1.0518377612125041,0.82741992267011499)
 (-0.91906961332854364,-0.98776748515458113)
 (0.44243670195721785,0.38527004007025129)
 (-0.27538423858775929,-0.79996574407580079)
 (-1.0914644081810214,-0.93130049229632683)
 (-0.35802001168836711,-0.29650343089291953)
 (0.93057064827218194,0.24764749263504751)
 (-1.0523349900151833,0.3177813700208576)
 (-0.90326558968210469,-1.0157099204564433)
 (0.92736553492287943,-0.26845383436250764)
 (0.32389821018946563,-0.45018902502543223)
 (0.39183342151699235,0.32413656296240556)
 (-0.38517326619985082,0.32686117930732417)
 (-0.9477580145333786,0.38679471400444232)
 (-0.87397327952927639,-0.95223004554031387)
 (0.95631395755584658,0.27920043580914716)
 (-1.0662264816650557,-0.30602908549777119)
 (0.94321142388879109,-0.3352162278198611)
 (-0.91775862308484679,0.24927522284791129)
 (0.99228821191273342,-0.13422769621477032)
 (0.46250100101082248,0.41362017423761888)
 (-0.93832833685029149,-0.90498823337531997)
 (0.26544373089099838,0.95819769813849731)
 (0.96967064880791465,0.32479841414553384)
 (-0.25763118753332565,-0.33557659483810975)
 (0.36486294152814747,0.37434243576800053)
 (0.92536233430879988,0.93827835931692061)
 (0.33205506675465879,0.21963452014804991)
 (0.13733338439202658,1.0059146935189882)
 (-0.91798554597030779,0.35815059742113076)
 (1.0253862037649644,1.0115266684642685)
 (0.42701278099636641,0.32753168655318893)
 (-0.43528479880910037,-0.37877969798267686)
 (-0.32594772137914019,-0.43790485475931801)
 (-0.40510023890787827,-0.38229964605539457)
 (-0.9412308811012009,1.0325799816333103)
 (0.39457485401500103,-0.2400185250162884)
 (-0.40766253368936811,-0.3201395634774038)
 (-0.33873855623973886,0.97696254333279364)
 (0.24785672881047247,-0.29072096968023148)
 (0.91691881756938387,0.97776918464059326)
 (-0.31622338912445286,-0.82654162631779904)
 (0.93465283795768905,-0.96637153158296418)
 (0.42998011750914061,1.0296889786379169)
 (-0.31476759318632835,0.29419163821021022)
 (-1.0617268292263391,-1.0115447384343474)
 (-0.75076379814037986,0.33343776707755141)
 (0.39548747816876062,0.98208792821632607)
 (0.35412913088112374,-1.02441652511484)
 (-1.1625745618632666,0.92816358838582713)
 (0.87595761796169247,-0.4727040633318581)
 (0.33815359576798104,-0.19426442012209946)
 (-0.34789646226918708,0.29194016825695984)
 (-0.28785533897344884,-0.27765576786326884)
 (0.37198321582166194,-0.95621356879582564)
 (0.25513491749514378,-0.79521069721110582)
 (-0.90002765811599383,0.27772051503056494)
 (0.39928573209115381,-0.32818153799495642)
 (0.38888732479179972,0.94897253921944591)
 (0.96702954610073866,1.1065060013985057)
 (1.1008012731962533,-0.24359491559162105)
 (-0.33039518185505717,0.38163899812554264)
 (-0.12692614068452093,0.9133193051662466)
 (0.93963147751127329,0.43385229786011426)
 (-0.35040376834840209,-0.74942584314583871)
 (-1.0594808199367973,-0.9616113493895857)
 (-0.31344333374909972,0.30595415476760107)
 (-0.95884407349435996,0.93943100369780519)
 (-1.0180027102873743,-0.22055306420504489)
 (-0.47992126837327154,-0.44174861204951482)
 (-0.3568315137770765,-0.38720277395116492)
 (-0.38619257166663779,-0.963256294971367)
 (0.87209690659569949,1.0742052534252862)
 (-0.90025346499104886,-0.50867297075834639)
