# Created by Octave 8.4.0, Thu Dec 11 09:47:22 2025 IST <gamana@Samsung>
# name: clean
# type: complex matrix
# rows: 2048
# columns: 1
 (-0.94554897482632305,0.94554897482632305)
 (-0.31518299160877439,-0.31518299160877439)
 (-0.31518299160877439,0.94554897482632305)
 (0.31518299160877439,-0.31518299160877439)
 (0.94554897482632305,-0.31518299160877439)
 (0.94554897482632305,0.94554897482632305)
 (-0.94554897482632305,-0.94554897482632305)
 (-0.94554897482632305,0.31518299160877439)
 (0.94554897482632305,-0.94554897482632305)
 (0.31518299160877439,-0.94554897482632305)
 (-0.94554897482632305,-0.94554897482632305)
 (0.31518299160877439,0.31518299160877439)
 (-0.94554897482632305,0.31518299160877439)
 (0.94554897482632305,0.94554897482632305)
 (0.94554897482632305,0.31518299160877439)
 (0.94554897482632305,-0.31518299160877439)
 (0.94554897482632305,0.94554897482632305)
 (0.31518299160877439,0.94554897482632305)
 (0.31518299160877439,-0.94554897482632305)
 (0.94554897482632305,-0.94554897482632305)
 (-0.94554897482632305,0.31518299160877439)
 (-0.94554897482632305,0.94554897482632305)
 (-0.94554897482632305,0.94554897482632305)
 (-0.31518299160877439,-0.31518299160877439)
 (0.31518299160877439,0.31518299160877439)
 (-0.31518299160877439,0.31518299160877439)
 (0.31518299160877439,0.94554897482632305)
 (0.94554897482632305,0.31518299160877439)
 (0.94554897482632305,0.31518299160877439)
 (0.94554897482632305,0.31518299160877439)
 (0.94554897482632305,-0.94554897482632305)
 (0.94554897482632305,-0.31518299160877439)
 (0.31518299160877439,-0.31518299160877439)
 (-0.31518299160877439,-0.31518299160877439)
 (0.31518299160877439,-0.31518299160877439)
 (-0.94554897482632305,-0.31518299160877439)
 (-0.31518299160877439,-0.94554897482632305)
 (-0.94554897482632305,0.94554897482632305)
 (0.94554897482632305,-0.94554897482632305)
 (0.94554897482632305,0.94554897482632305)
 (0.31518299160877439,-0.31518299160877439)
 (0.94554897482632305,0.94554897482632305)
 (0.94554897482632305,-0.31518299160877439)
 (-0.94554897482632305,-0.31518299160877439)
 (-0.94554897482632305,-0.94554897482632305)
 (0.94554897482632305,-0.31518299160877439)
 (-0.94554897482632305,-0.31518299160877439)
 (0.31518299160877439,-0.94554897482632305)
 (-0.94554897482632305,-0.31518299160877439)
 (0.94554897482632305,0.31518299160877439)
 (-0.31518299160877439,0.94554897482632305)
 (0.94554897482632305,-0.94554897482632305)
 (-0.94554897482632305,-0.94554897482632305)
 (0.94554897482632305,-0.31518299160877439)
 (0.31518299160877439,-0.94554897482632305)
 (0.94554897482632305,0.31518299160877439)
 (-0.31518299160877439,0.31518299160877439)
 (-0.31518299160877439,0.31518299160877439)
 (-0.31518299160877439,-0.94554897482632305)
 (-0.94554897482632305,0.94554897482632305)
 (0.31518299160877439,0.94554897482632305)
 (0.94554897482632305,0.94554897482632305)
 (0.94554897482632305,-0.94554897482632305)
 (-0.94554897482632305,-0.31518299160877439)
 (-0.31518299160877439,-0.31518299160877439)
 (0.94554897482632305,0.94554897482632305)
 (-0.94554897482632305,0.94554897482632305)
 (-0.31518299160877439,0.31518299160877439)
 (-0.94554897482632305,-0.31518299160877439)
 (0.31518299160877439,-0.94554897482632305)
 (-0.94554897482632305,0.94554897482632305)
 (0.31518299160877439,0.94554897482632305)
 (0.31518299160877439,-0.94554897482632305)
 (-0.94554897482632305,-0.94554897482632305)
 (0.94554897482632305,-0.31518299160877439)
 (-0.31518299160877439,0.31518299160877439)
 (0.31518299160877439,-0.31518299160877439)
 (0.94554897482632305,0.94554897482632305)
 (0.31518299160877439,-0.31518299160877439)
 (0.94554897482632305,-0.94554897482632305)
 (0.94554897482632305,-0.31518299160877439)
 (0.31518299160877439,-0.94554897482632305)
 (-0.94554897482632305,-0.31518299160877439)
 (0.31518299160877439,0.31518299160877439)
 (0.31518299160877439,-0.31518299160877439)
 (-0.31518299160877439,-0.31518299160877439)
 (0.31518299160877439,-0.94554897482632305)
 (-0.94554897482632305,-0.94554897482632305)
 (-0.94554897482632305,-0.94554897482632305)
 (-0.94554897482632305,-0.94554897482632305)
 (0.31518299160877439,0.31518299160877439)
 (-0.31518299160877439,-0.94554897482632305)
 (-0.94554897482632305,-0.94554897482632305)
 (-0.94554897482632305,-0.94554897482632305)
 (-0.31518299160877439,-0.31518299160877439)
 (0.31518299160877439,-0.94554897482632305)
 (-0.31518299160877439,0.94554897482632305)
 (-0.31518299160877439,-0.31518299160877439)
 (-0.94554897482632305,-0.94554897482632305)
 (-0.31518299160877439,-0.31518299160877439)
 (0.94554897482632305,-0.94554897482632305)
 (0.94554897482632305,0.94554897482632305)
 (0.31518299160877439,0.31518299160877439)
 (-0.31518299160877439,0.31518299160877439)
 (-0.31518299160877439,-0.94554897482632305)
 (0.94554897482632305,-0.31518299160877439)
 (-0.31518299160877439,0.94554897482632305)
 (-0.94554897482632305,0.94554897482632305)
 (0.94554897482632305,0.31518299160877439)
 (-0.31518299160877439,-0.94554897482632305)
 (-0.94554897482632305,-0.94554897482632305)
 (-0.94554897482632305,-0.94554897482632305)
 (0.31518299160877439,-0.31518299160877439)
 (0.94554897482632305,0.31518299160877439)
 (-0.94554897482632305,-0.31518299160877439)
 (-0.94554897482632305,-0.94554897482632305)
 (0.94554897482632305,0.94554897482632305)
 (0.31518299160877439,-0.94554897482632305)
 (-0.31518299160877439,-0.94554897482632305)
 (-0.31518299160877439,-0.31518299160877439)
 (0.31518299160877439,0.94554897482632305)
 (-0.94554897482632305,0.31518299160877439)
 (-0.94554897482632305,0.31518299160877439)
 (0.31518299160877439,-0.31518299160877439)
 (0.94554897482632305,-0.31518299160877439)
 (0.31518299160877439,-0.31518299160877439)
 (-0.94554897482632305,-0.31518299160877439)
 (-0.94554897482632305,0.94554897482632305)
 (0.94554897482632305,-0.31518299160877439)
 (0.94554897482632305,0.94554897482632305)
 (0.94554897482632305,0.31518299160877439)
 (0.94554897482632305,0.31518299160877439)
 (-0.94554897482632305,0.94554897482632305)
 (0.94554897482632305,0.31518299160877439)
 (-0.31518299160877439,-0.94554897482632305)
 (0.31518299160877439,0.94554897482632305)
 (0.31518299160877439,0.94554897482632305)
 (0.94554897482632305,0.31518299160877439)
 (0.31518299160877439,0.94554897482632305)
 (-0.31518299160877439,-0.94554897482632305)
 (0.31518299160877439,-0.31518299160877439)
 (0.31518299160877439,0.31518299160877439)
 (0.31518299160877439,-0.31518299160877439)
 (-0.31518299160877439,-0.94554897482632305)
 (0.31518299160877439,-0.94554897482632305)
 (0.31518299160877439,0.31518299160877439)
 (-0.94554897482632305,0.31518299160877439)
 (-0.31518299160877439,-0.94554897482632305)
 (-0.94554897482632305,-0.94554897482632305)
 (0.94554897482632305,0.94554897482632305)
 (0.94554897482632305,0.94554897482632305)
 (-0.31518299160877439,0.94554897482632305)
 (-0.94554897482632305,0.31518299160877439)
 (0.31518299160877439,0.31518299160877439)
 (-0.94554897482632305,0.31518299160877439)
 (0.94554897482632305,0.94554897482632305)
 (0.31518299160877439,-0.31518299160877439)
 (-0.31518299160877439,-0.94554897482632305)
 (-0.31518299160877439,-0.31518299160877439)
 (-0.94554897482632305,0.94554897482632305)
 (0.31518299160877439,0.31518299160877439)
 (-0.94554897482632305,0.94554897482632305)
 (0.94554897482632305,-0.94554897482632305)
 (-0.94554897482632305,-0.94554897482632305)
 (-0.31518299160877439,0.31518299160877439)
 (-0.94554897482632305,0.31518299160877439)
 (-0.94554897482632305,-0.94554897482632305)
 (0.31518299160877439,-0.94554897482632305)
 (0.31518299160877439,0.94554897482632305)
 (-0.31518299160877439,-0.94554897482632305)
 (-0.31518299160877439,0.94554897482632305)
 (0.31518299160877439,-0.31518299160877439)
 (-0.94554897482632305,-0.31518299160877439)
 (0.31518299160877439,-0.31518299160877439)
 (-0.94554897482632305,-0.31518299160877439)
 (-0.31518299160877439,-0.94554897482632305)
 (0.94554897482632305,-0.94554897482632305)
 (0.31518299160877439,-0.31518299160877439)
