# Created by Octave 8.4.0, Thu Dec 11 09:47:22 2025 IST <gamana@Samsung>
# name: awgn20
# type: complex matrix
# rows: 2048
# columns: 1
 (0.31737427225207554,-0.26630489735310253)
 (-1.0233574837417527,-0.92077886636489981)
 (0.30512774990481639,0.23356995683411119)
 (-0.89873105799183206,-0.27760669516281139)
 (-0.27877553353007684,0.32028107170498232)
 (0.9893066092061813,0.93644333951603043)
 (-0.37479980564328075,0.31024075244122107)
 (-0.3804970100217151,0.41184476788187169)
 (0.32123150193121219,0.25180412023166227)
 (-0.92049326367547168,0.95591530494698573)
 (-0.40826384178477093,0.30781912408085527)
 (0.26280833312046459,0.91316552684364771)
 (-0.19546555836416857,1.0340683374048398)
 (-0.36214790717661732,-0.2846350589447082)
 (-0.94910182609610283,-0.29078173600267082)
 (-0.92756268584883605,0.22146684957975715)
 (-0.22397193344911448,0.89984008241570312)
 (-0.27095408618918132,-1.0978629189437534)
 (-0.42597868928210603,-0.31724678360733177)
 (-0.99257428768108802,0.33771222162795189)
 (0.88367253160198211,0.41462660156828968)
 (-0.91047288293589412,-0.32203957038928499)
 (0.9588541412670325,-0.34582035838970282)
 (-1.0460776620125389,0.92379929430459806)
 (0.84983098838185334,0.3923268162476955)
 (-0.33795613913493683,0.20227117297747618)
 (1.1546663285074181,0.35136559365082332)
 (-0.95389331134069955,0.73983296198629311)
 (-1.0517647996622284,0.95095526061288738)
 (-0.9987234596776825,-0.41668339488955686)
 (1.0254503775866521,-0.8990012472725506)
 (0.28272249434313662,-0.31461038419583687)
 (-0.34763206771427729,-0.84522919835325727)
 (0.49398285240223472,-1.0773692084825017)
 (0.29727158224095029,0.33744915348079219)
 (0.28310941285900926,-0.89458634967831552)
 (-0.89354556320590361,-1.0338040023306867)
 (0.32390266830595227,0.39864567137465495)
 (-1.0556989919154212,0.84481592766802704)
 (-0.98273221746709916,-0.25771407165218385)
 (-0.85708290765401873,0.96374406798196333)
 (-1.0104442045197859,0.90012053352389265)
 (0.95298560166326385,-0.97037226316915592)
 (-1.0236932580035081,0.85987031874617526)
 (0.32377764530338643,-0.51161542890692535)
 (-0.91409718068504631,0.8871125518920564)
 (0.99374368174777938,-0.87506745261593422)
 (0.92217452196996985,-0.25078899870897603)
 (0.94628861218854932,-0.32846022933641178)
 (0.97207042527631882,0.97214794868161025)
 (-0.99442749182440893,-0.85352628726873547)
 (0.98577545847391057,0.31392189265858872)
 (-0.92763931079673279,0.44838317118107929)
 (1.0438976148946961,0.43029439994413815)
 (-0.3989570016146109,-0.94717697959805058)
 (-0.21576566526836011,-0.21660274292306858)
 (0.23645177949892221,-0.36705373154546628)
 (-0.92623087148193461,0.92273192390347514)
 (-0.88461939657123001,1.0156601147504796)
 (0.95878084225820659,-0.29227645769786309)
 (-0.95906427853381238,-0.27412803427523752)
 (0.92304247505409909,0.32763704213303246)
 (-0.94867417174866664,0.98188119693624876)
 (0.93714900356233866,-0.39771940184395554)
 (0.26029940784846106,0.30642539428065491)
 (0.33806236508010162,-0.91088953109358572)
 (-0.3558923993974481,-0.93109719222812681)
 (1.0317986186511807,1.0441722316791544)
 (0.86461753483318216,-0.98402446745467209)
 (-0.37801552208710204,-0.94537544209930247)
 (-0.35514810000206842,0.85869266177880266)
 (-0.40103574851817431,1.0430760480117633)
 (0.2225364004915481,-0.98368238435380817)
 (-0.32320611808823274,-0.23662162801354786)
 (-1.083721552139232,1.0734857389755306)
 (0.31424001135904622,-1.0880364925474664)
 (-0.26531470772308791,-0.35850632770593782)
 (0.98138293089321493,0.94219899913717864)
 (-0.91132403857330568,-0.39579602240475015)
 (-1.030239216785297,0.96538551320752874)
 (-0.95150700152074519,1.0241716044509899)
 (-0.31341873489353322,-0.99038984586630485)
 (0.33562369978482337,-0.35789000613929173)
 (-1.021211275165437,0.41978829985650673)
 (-0.35646046369236573,-0.95836527749758638)
 (0.32661019956180848,0.20551877114137851)
 (1.0303262091785059,-0.30451684346743413)
 (1.0715931679010349,0.38154359690764955)
 (-1.0357759296574702,-0.85019219017127468)
 (-0.30416354968350706,0.19647700504703758)
 (-0.21726392639130476,-0.96453907047387699)
 (-0.8655497553043543,0.96429692992823579)
 (1.0414615092945414,0.30494625784651241)
 (0.89653660117072365,0.37891049170086677)
 (1.0057905679525445,-0.2987977071647262)
 (-0.98917214895691308,-0.9703542073979764)
 (-1.0148447013382416,-0.31681882132834377)
 (0.95287523886988756,0.27306357119715841)
 (0.20285447360687764,0.97929479542505615)
 (-0.94915118889317451,-0.89624213854454982)
 (0.2270870149460007,0.27492243763805402)
 (-0.4301103703244854,1.0640075314630613)
 (-0.91639525866283333,-1.0085462185979779)
 (0.36769263095934718,0.26179821612094206)
 (-0.23235362823834821,-0.87085116218838676)
 (0.4106065987652272,0.25130584266849454)
 (0.33325584228837463,0.26731056030991096)
 (0.33105910791889942,0.29275047612126581)
 (-0.27996858410965347,-0.9352277831973842)
 (-0.29841463902869303,-0.36471766824611723)
 (-0.37079129387539261,0.37024367094178989)
 (-0.38641165388528331,0.26804068007715348)
 (0.36704053164102202,-0.98119028568355937)
 (-0.29821378030746482,-0.28259914896246402)
 (-0.9568847242052696,0.86836818727380249)
 (0.88241865189483748,0.87338201010872429)
 (0.85827166291078727,1.0309359329404819)
 (0.31677302098147997,0.8675741962130481)
 (-0.27782285906740817,-0.37096433970680226)
 (0.94438851995285111,0.93907962319335558)
 (-0.31076370875241505,-0.92148974460203914)
 (0.29473267527971098,-0.92480989820497927)
 (0.87302399929873153,-0.32882842472052387)
 (-0.94285997103412644,0.22529302213313784)
 (0.30591970720610495,0.95224959726787251)
 (1.0658090512768983,0.90132992093434106)
 (-1.0684916874307415,-0.19867173748152833)
 (-0.19759156175507731,0.9876380403344589)
 (-0.95715961593292109,0.95810537819822827)
 (-0.90452843845227715,0.30681418152744094)
 (-0.29162915478961354,-0.3163090232471969)
 (-0.24688070603707019,-0.36271849318050325)
 (0.97787311038000568,-0.93527611304826286)
 (0.87915988038938786,0.96048761369315272)
 (0.40371902774316321,0.2822228967379643)
 (-0.3980311285112324,-0.95368432131055159)
 (-0.36528755741355728,0.33637615901279261)
 (0.3510448626163083,-0.38541875085337451)
 (-0.33012592432020893,0.34372922911331105)
 (0.93090079884262311,1.0104226313476821)
 (0.99543773749739417,0.96493666657746846)
 (0.78646990960430285,-0.83210489480301009)
 (0.34839283800135584,-0.18552233451254188)
 (-0.98103844571592813,-1.0894372495645332)
 (-1.0611579707467662,-1.0476243694523684)
 (-1.0057179679883517,-0.309737027644788)
 (0.36131029562982281,1.0376462527720363)
 (0.31581343563237479,-0.98011871435442477)
 (-0.32630133220342644,0.3822846096084877)
 (0.21756267025591541,0.28002239448770821)
 (-1.0132706201271611,0.2940465934574783)
 (-0.32476582821290417,0.33562506919389912)
 (-0.90443066021485241,-1.0466628155122564)
 (0.97724447584358809,0.89214810718259785)
 (0.31565569182217162,-0.25616144027605542)
 (0.19187494854195986,0.79892460849340696)
 (0.9873569190487459,1.0264424302500192)
 (0.98889456062188053,-0.86194261665032179)
 (-0.95537277220042394,-0.90722171184864819)
 (-0.28137398338258779,0.36044571446831297)
 (-0.39150531622835,0.33971681708007956)
 (-0.33063405551584901,0.30665596214401503)
 (-0.22218697921744002,0.92554467620934788)
 (-0.97886257074649952,-0.28445639399385475)
 (-1.0020862675461539,-0.91520302925024821)
 (-0.8452063609156738,-0.39144541459544602)
 (0.18084921720067698,1.0938305000842108)
 (0.97705713205006073,1.0568172999310437)
 (-0.20397187584829457,0.86839214368659978)
 (-0.35514064685566216,0.36105361911818951)
 (-0.9623575038031954,-1.0261077050259775)
 (0.86553296423356407,-0.84433207107716002)
 (-0.30255493475586548,0.3704391382888404)
 (-0.25763801576377621,-0.28907068545943165)
 (-0.35527695380931462,-0.87670351698093074)
 (0.97943546437291618,0.31768101709589097)
 (-0.36298839683019163,-0.18209670079109416)
 (0.88364037971537224,0.30672977167401699)
 (0.24219617528382786,0.81412625017377027)
 (-0.92721960182565077,-1.0062377954111781)
