# Created by Octave 8.4.0, Thu Dec 11 09:47:22 2025 IST <gamana@Samsung>
# name: rayl
# type: complex matrix
# rows: 2048
# columns: 1
 (1.063711983414358,-0.49311483693884256)
 (-0.29591554323827335,0.18743853139506772)
 (0.027719523675870938,0.12730693048339159)
 (-0.5735794984518392,-0.28492321317475106)
 (0.43918089628371726,0.53329803167679135)
 (-0.31027295078254113,-0.055409702629242136)
 (0.46277394270228472,-0.98287806603787375)
 (0.063626804402657708,0.055573930229008195)
 (-0.32605542779861518,0.032894775426504458)
 (0.13571744514986828,0.43381869231048548)
 (-0.17092230337058179,-1.5181741856381321)
 (-1.8392709852794784,-0.99633129718141122)
 (-0.2939377403104162,0.11880888538090342)
 (0.27690377958765822,-0.10451431741886469)
 (0.66882678700995835,-0.99981809813307809)
 (0.023383618936462292,0.80936204909810028)
 (0.096285162321619461,0.31046771266191309)
 (0.32482654166947245,-0.033785660669759132)
 (-1.1087730959614277,0.41181414484519246)
 (-0.51014779704297464,0.78220581338160033)
 (-0.91900742451541351,0.95664483061487549)
 (-0.99579710665734067,-0.62149772015722837)
 (0.066451191511234659,-0.15169433682077363)
 (0.75595396354002187,0.13502963372585763)
 (1.4146402442645651,-0.24829497214307505)
 (0.46251860220893193,-0.57957636978690796)
 (0.46878567089635143,-0.31798280027913833)
 (-1.2774918199939307,1.2362840954384262)
 (-0.38081615172325944,0.079487576825551104)
 (-0.48745949780614328,-0.35679893005466701)
 (0.96059054760325846,-0.2156847891003425)
 (-0.49712654570187353,-0.062639710828599121)
 (-0.071660587861421529,0.12576102327448524)
 (0.15881658970662635,-0.91685634717869025)
 (0.78747786977819878,-1.2810486512151735)
 (-0.18697688287487541,-0.2631553976271267)
 (-0.57375042042808666,-1.6928078198736718)
 (0.54961978921210541,-0.62819536377567542)
 (0.14388622740380605,-0.06245602377145066)
 (-0.47637299154841678,-0.44919104899829793)
 (0.87659265128106389,0.64091972290283739)
 (-1.2389882955242204,0.3462245348604906)
 (-0.16723949173960492,-0.13313619495204718)
 (-0.67918106113310461,-0.28826091430235912)
 (0.38692332971216825,0.051729484436932038)
 (0.74620536919544234,0.26614919296158146)
 (0.31452155039617052,-0.35565848711013076)
 (-0.09745285838376555,-0.18189268926295055)
 (0.0031448801509528224,0.46350403391733408)
 (-1.3009574822371697,0.013422312290318539)
 (0.12078384714864494,0.12085537847298054)
 (-0.16259128202998341,0.17489664479023009)
 (0.10157179252954998,-0.0070638352882029867)
 (-0.50754913650139766,0.42789482014086133)
 (0.36978789294498388,0.17240011029951954)
 (-0.23205755524510319,-0.077816384582803766)
 (-0.14942812830974653,-0.28948570902786308)
 (-0.92041811275326968,0.071393500257423637)
 (-0.26958246145241616,-0.22670572418824375)
 (-0.23047353755165298,0.16485764458722521)
 (0.87721335604352202,-0.61965050179375858)
 (-0.071446644077968691,0.031550108706760727)
 (-0.73139950936410758,0.25664279027850301)
 (1.438372311280514,0.43062606677209503)
 (-1.6477273293237236,0.015682896670248248)
 (-0.057716455151034435,-0.418567700576843)
 (-0.091320980932643125,0.30372792103726148)
 (-0.88370271222295638,-0.041245096737303311)
 (0.12115049555263402,0.88710514089700476)
 (0.031292567671022176,-0.48597515201377289)
 (0.62911956464206531,-0.21116089945050334)
 (-0.064947905002348136,-0.1633401598669314)
 (-0.14592240136947426,0.3284851727958551)
 (-0.43353054278053949,0.75376568781112185)
 (-0.12809006690913227,-0.46937812722018313)
 (-0.89342290146436265,-0.82880613015082782)
 (-1.6955833650044059,-0.36006510499365962)
 (0.32049607852890449,0.35151728772724916)
 (3.2467153038868219,-0.040282634134835238)
 (-0.52369774558724758,0.084901863256537591)
 (-0.12372928031162619,-0.42604653367889223)
 (1.1849047100068832,-1.7065847712234945)
 (0.52736109990134339,-0.57390127263894586)
 (0.2998491713582016,0.76766874033539523)
 (0.23047210562468101,-0.37030688722414151)
 (0.78343494112878442,-0.45389871845632213)
 (0.11703009054412881,-0.63678716176895211)
 (-1.0284383135635295,-0.58411140706740872)
 (-0.21009825714373864,0.436849668962627)
 (1.4364805813099975,-0.048544185554145969)
 (-0.060572730167444452,0.38860734626198978)
 (0.56308481078274875,-0.034490551806947295)
 (0.72770654418170388,0.55389286539741334)
 (0.10640111899000906,-0.75537856036321527)
 (0.34273605131793983,-0.79142267629655627)
 (-0.39258285041290097,0.64034246702300557)
 (0.41924380898532632,1.039180715119514)
 (1.4513890323213336,-0.061518218231454369)
 (-0.97328958156193535,1.7698360519546616)
 (0.11165582876730498,-0.58287488750710215)
 (-0.21699087705026662,-0.15099677043508583)
 (0.1811690928493403,0.053524064700659055)
 (-0.4787345158627026,0.79522510265292334)
 (-0.036143099646323368,-0.18184566756414453)
 (0.62092301038915587,-0.45748185100800742)
 (-0.076480446763273036,0.083440876567089067)
 (0.63399062184928434,-0.14178289409494038)
 (0.28424102765181841,1.1983838433824656)
 (-0.17870775750476539,-0.95417954412805928)
 (0.41177243158325982,-0.13264263968484555)
 (0.61854185071657497,0.95428531740961242)
 (-0.52930921138053888,-1.4852867889203414)
 (-0.32493270146357534,0.89343886413214479)
 (-1.0276443967488516,-0.63414849310590327)
 (-0.041700748982680433,-0.063900185173870486)
 (-0.44508705314090491,-0.72924208226175746)
 (1.1399211871226205,0.6636959665011154)
 (0.432102454285341,-0.11424720279256859)
 (-1.1236450936047213,-1.4376824014074254)
 (0.57235278292647718,-1.0724847484422169)
 (0.24857932071648162,-0.46092627819427956)
 (-0.09993980818608586,0.51538785289331179)
 (1.3741336150778187,1.4362663322387408)
 (-0.20565837113153945,-0.14904895716388478)
 (-0.51756075275217206,-0.60422180834007566)
 (-0.45174137892704358,0.81446336501282324)
 (-0.9078474302459818,0.95043198658218309)
 (0.54690198744337626,1.549146452455102)
 (0.3801858653087703,-0.82655949605394063)
 (-0.18111340628590278,0.2081167006506221)
 (0.17064361410214768,0.084316183522749055)
 (0.1619057654553176,0.22344988703619009)
 (-0.35408498529122329,-0.17806073203500547)
 (0.81969441477060734,-0.63875839158336256)
 (-0.17143482730346296,0.080174744773052337)
 (0.46399089707484248,0.317308846619686)
 (0.15075969206954121,1.3671964507446233)
 (-0.95802253036725826,1.2998352276414269)
 (0.87290477574390746,1.4090715638079825)
 (0.43563539403827017,0.32766330254646092)
 (-0.1571644174990291,-0.69079293283803045)
 (-0.076924217478183149,0.041808725064317043)
 (0.51087500633460781,0.43666900760380611)
 (-0.78822569848526292,0.35966405774131016)
 (1.4810509719842628,0.052231176797533641)
 (0.40581465432292818,0.23116774738293311)
 (-2.0580490361296047,-0.046695829409426404)
 (-0.34224115187920578,0.070248117378069741)
 (-1.1036342482837669,-1.6216680354054072)
 (0.90188873668725622,-0.33047245731114472)
 (0.49032064996960223,-0.24823687299336564)
 (0.060447084699188136,-1.1986563238425105)
 (-0.065406254714301282,0.19886461403130634)
 (-0.8737895953378062,-1.7766046062817229)
 (1.925355934063409,0.1246813234836005)
 (0.40127748192109813,0.58900001823717729)
 (-0.22678239669504791,-1.099006807857192)
 (1.0711868590181752,-0.39590130458163064)
 (0.057793651160694945,0.27042481225923914)
 (-1.3275399406843427,-0.099401150019073459)
 (0.052965141831076867,-0.18977624849807875)
 (0.48491908861970007,0.30512408864855839)
 (-0.35841102899013899,0.15809353404864046)
 (-0.14709441316127531,-0.80666877095676459)
 (1.6138206851459502,0.37495045522897846)
 (-0.98611702578927185,-0.18037278953520752)
 (0.33319926405255096,-0.7977801847468623)
 (0.07035415849464749,0.19300631592823181)
 (0.038587947109666412,-0.21275164904309118)
 (-0.16082701864514609,0.12863606433117397)
 (0.25543032884308531,0.43197302565249879)
 (-1.1041582370953664,0.98001933693634291)
 (-0.16780865086091357,-0.30573417927560059)
 (-0.83066530741105815,0.62832223527002862)
 (0.46847159651903414,-0.48055698661713847)
 (-0.6549693291918719,-0.28463023639406271)
 (0.12575719445530692,-0.39903291869900365)
 (1.2582177974252224,-0.16417865990687663)
 (-0.77161745753817945,0.3983622595156443)
