# Created by Octave 8.4.0, Thu Dec 11 09:47:22 2025 IST <gamana@Samsung>
# name: awgn20
# type: complex matrix
# rows: 2048
# columns: 1
 (-0.35523364714765826,0.84244234580811661)
 (0.38921827589573088,0.44082428370389204)
 (-0.84706949753045158,0.28674995294392325)
 (0.4392017648222829,-1.0641939192031611)
 (0.31923455261801309,-1.0455095005005066)
 (-0.39268540371379096,-0.2489926820259612)
 (0.33766445367080722,0.26406465460590806)
 (-0.31354202109309115,-0.40838935050736652)
 (0.29511500008014857,0.41608804796316612)
 (-0.29684146707890724,0.90593808273208243)
 (0.96380661785434341,-0.19551612054229667)
 (-1.0490451280018647,0.9227259511726208)
 (0.29790823126873794,0.42821510473726865)
 (-0.26356867925104049,-0.40749622316207895)
 (-0.95470507717335684,-1.0373795763482894)
 (1.0393021305901549,-0.2919172744892351)
 (0.51204096899075424,-0.35395433898115181)
 (-0.41975860777448948,-0.38665379209694262)
 (1.0686621113482024,0.26673154396108001)
 (-1.0722015591558569,-0.29811467252086471)
 (-1.0110861203397621,-0.89179602944064074)
 (1.0743701822427427,-0.21210947962118867)
 (0.25219233312889555,-0.4312933145380306)
 (-0.27438920425243341,0.99832865677731308)
 (-0.37349011092916845,0.95655150183503246)
 (0.36915552976436067,-0.36741870271682608)
 (-0.25928500559753442,0.35232815496476205)
 (0.30862806166099876,-1.015157794036047)
 (-0.27284372437430615,-0.31522951506429081)
 (0.32134949204903135,-0.90362826420770725)
 (0.90759704964625232,-1.0019145034459191)
 (-0.30985562588768056,0.23994293420625684)
 (0.276316592088097,0.32590986872630168)
 (0.34740095012743244,-1.0002212044492613)
 (0.86289236986332385,0.22765705904116895)
 (-0.89016571757635365,-0.97242273090830811)
 (0.29805063997891362,0.93855643175062753)
 (-0.95008477382039458,0.30219214786047288)
 (-0.27138088053423837,-0.33096997667148481)
 (-0.30372827630557281,-0.35182975515166304)
 (0.29873647367434447,-0.98608715066016595)
 (-0.95219193485900266,-0.93381557716876651)
 (0.34051064305683293,0.37286381372476829)
 (0.27867123829884749,0.97379324622134078)
 (0.86457157100155024,0.8540054925688878)
 (-0.36555008102759873,0.3529919575240042)
 (0.40672784874293572,-0.1906728489861311)
 (0.87339383811819504,-0.41448692509940283)
 (0.24748468507893392,-0.3951880401658488)
 (0.93850682483874603,0.98161252322356318)
 (-0.88118705628198202,0.90538122419593814)
 (0.38902934355717628,0.32188369181928528)
 (-0.33262469295026859,-0.37094835766942724)
 (-0.9164847920614374,0.40345812716058782)
 (-0.28519047871751046,1.0219592592033806)
 (0.26571600233560633,-0.477750199465728)
 (-0.88749103802473239,0.40828686686901483)
 (1.0158537878133986,-0.9274531304148349)
 (0.36687273156614114,0.30922356695412839)
 (0.29273978595733291,-0.37100641962261816)
 (-1.1168980724024173,0.49700328214398992)
 (0.93547300385411014,-0.95259971436901136)
 (0.29155512582415188,0.88759298635528583)
 (-0.82322170128308492,-0.93964144688139584)
 (-0.85911789527936344,-0.93722306024629676)
 (-0.17514440195031261,0.40124254999614239)
 (0.44858541012484804,-0.36984095968419956)
 (-0.35354323295580847,0.30134644350791812)
 (0.91615988660284253,0.38496339224257486)
 (-0.82197316633274919,0.28134593272709951)
 (-0.92999686792964298,-0.23146921651621022)
 (-0.2859436567984886,0.31031561073412023)
 (-0.92986949330757829,1.0606366685914608)
 (-0.97428724468370187,-0.36300391014184447)
 (0.42703888407183355,-0.25785358262126723)
 (-0.33311244806635382,-1.0275516302792544)
 (-1.0143584480901418,0.83182440938901925)
 (-1.0614426197528146,0.33196566571049424)
 (0.89571464829888381,-1.0255197236827271)
 (-0.81539209377767774,0.39132860923268437)
 (-0.24683671875936491,0.94173803985362126)
 (-1.0309347606068247,-1.0814695403357184)
 (1.03389628174353,0.90923878708180395)
 (-0.19640483488557936,0.86662365096887106)
 (-0.29397149991653204,-0.33784198541173183)
 (0.91791428695213528,1.0787274871417933)
 (0.43295372136811983,-0.86199641449953734)
 (1.0733640755337148,-0.95585988623453455)
 (-0.97487615702870534,0.41728388720702758)
 (-1.052476665057501,0.27713734823601044)
 (-0.80129278064593645,0.28522076786717898)
 (0.4026927465592996,0.94097875540036169)
 (-0.88585897770866906,0.2216750500695317)
 (0.35930619610470105,0.95699267662384457)
 (-0.88726017389841838,-0.39986916654120519)
 (0.32202951507802413,0.29684184602426678)
 (0.88203908899155992,0.92631837835648279)
 (0.99086446242726411,0.30440675929302285)
 (0.93931692379949794,0.31995366204814146)
 (-1.0930538266681022,-1.0893388243425401)
 (0.30107636006887922,-0.19035966116715972)
 (-0.77369893108945065,-0.93160748086219103)
 (0.92296528269942846,-0.29459841718843105)
 (-0.27849419598753178,0.48076711361019242)
 (-1.0611795097657017,0.96111244846515653)
 (0.26247199119675196,0.32759107684422895)
 (0.9474460702739973,0.80126721842537296)
 (0.83214456707056661,0.2703521253609934)
 (-0.39892814345692756,-0.88136600477228444)
 (-0.99972877777796576,0.28067420411755595)
 (-0.95466815329632881,-0.69756853229866422)
 (0.95897072181011533,0.92356984035269341)
 (-0.82285286035745875,-0.389674108528408)
 (-1.1155731183993325,0.78642140804333627)
 (-0.97093496764599563,-0.2800279077070037)
 (0.95470427185312567,-0.8336606725612753)
 (-1.0095972435890481,-0.93212292974617406)
 (0.97158645903584728,-1.1078022376078571)
 (-0.86416433119682745,0.8826658331629228)
 (-0.34644986743938128,0.8864575767660019)
 (0.26289241481530007,-0.33448219777111149)
 (0.19609058174192487,0.28142220530838008)
 (-0.37016148398132914,0.90056564658754779)
 (-0.93116532007987263,-0.29344699820033154)
 (0.36573111960466081,-0.89829318399384694)
 (-0.91477474690520533,0.29459952962274927)
 (-0.97536724520272489,-0.98396449237225092)
 (0.28327949315521295,0.98713737138116342)
 (0.95119517153886424,-0.23429173883589866)
 (0.4064708504187915,-0.2229276806277804)
 (0.19818603705527163,-0.94982326495201708)
 (0.88709586713786037,-0.32892016579457534)
 (0.86287716715064333,-0.27938254369727444)
 (-1.0708223255616136,0.36607575256662561)
 (-0.27779739209778331,0.34624379663919708)
 (-0.98710185876057566,0.97923711976090699)
 (-0.96200135124107677,-1.0601306333153035)
 (-0.3256378277246923,0.95841592933926301)
 (-1.0132419187096651,0.27576012539627565)
 (0.96433117887714914,0.2783848791666263)
 (1.0008601756546498,-0.44628017495805083)
 (-0.8844504291121067,0.91883909808292108)
 (-0.88752805143668656,0.91098801006861729)
 (-0.98804125902355577,-0.17827628973113735)
 (-0.9562738321009765,-0.96237026668589742)
 (0.15399798644886362,-0.42027015089294945)
 (0.97656542784462541,0.84713243243977998)
 (0.3378340158145261,-0.34001214541745206)
 (-0.98466992158779543,-0.92488808189960592)
 (-0.21430862244807625,0.98105397902087965)
 (-0.96010414912384112,-0.95907475273632881)
 (-0.31944936972403221,0.97652207483551634)
 (-0.33511896584977535,-0.25607258069589955)
 (-0.91906708636605894,1.0716970034233977)
 (-0.95528237810600869,0.86321639838165298)
 (0.98466951376975431,-0.42010653152831945)
 (0.4225519673662298,0.89584024773921234)
 (1.0743329042034939,-0.95591455565890016)
 (-1.0597495163684219,1.0760656543128704)
 (0.95246459973711539,-0.34126840047987839)
 (0.2745814133659108,0.1870836276778145)
 (0.33862246032395038,-0.29359747255448998)
 (0.91583262049878889,-0.98047229533354563)
 (0.88301490104531455,-0.48273609009446372)
 (-0.95532550210851408,0.33178124047120244)
 (-0.27554880340911631,0.43049796310082183)
 (0.36231815763505049,0.94461927337506801)
 (0.27374797719984684,-0.31980495720757657)
 (-0.42201603674934529,-0.23007212710351144)
 (-0.30653722866339472,0.28399554306832836)
 (-1.0223120767958274,0.87022737951158313)
 (0.41120207317761942,-1.0311467160898256)
 (-0.29577399869947024,0.36546809100578131)
 (-0.44768733018759854,-0.97859099376683345)
 (0.31812595774576857,-0.84964735744783826)
 (0.36675691674050581,-0.94288716277249629)
 (-0.40409461304289163,0.33723098824669556)
 (-0.804155296733159,-0.99371538124087744)
 (-0.46747980936529132,1.0001417302613667)
 (0.95831954898147786,-0.76632985431926337)
