# Created by Octave 8.4.0, Thu Dec 11 09:47:22 2025 IST <gamana@Samsung>
# name: rayl
# type: complex matrix
# rows: 2048
# columns: 1
 (1.0797651236622181,-0.25125449253344989)
 (-0.38806028589201552,0.55848755301959052)
 (0.87186449364422924,0.3331371917828177)
 (-0.64187962737517612,-0.11647308807632326)
 (-0.055952414799896488,-0.61405183722410883)
 (0.11580170300812133,0.29376969527732316)
 (0.69800566735258429,0.66118878003230641)
 (0.27781958221622571,0.19802448221276472)
 (-0.2284922771930146,-0.67020184298773189)
 (0.18093320549046032,0.35587297368905635)
 (0.20262122888824347,0.014206883906639864)
 (0.413561468874174,0.47509514607281328)
 (-0.43081054047517187,0.52309518395121035)
 (0.34749938065020569,-0.48474499343393129)
 (-1.090073263142314,-0.058282953049975883)
 (0.3846048118976903,0.030407814325039084)
 (0.11881024567776137,0.75818992255932571)
 (0.42217300118131862,1.7565788442437646)
 (-0.60869134501487487,0.60801687849791719)
 (-0.27351704044128999,0.48174384856644004)
 (-0.59462271979221548,0.10426877140991322)
 (-0.10248206362410314,0.33298029557021619)
 (0.71307829110975629,-0.44852893977334285)
 (0.69304293139376916,0.82423573702693687)
 (0.082580318275041059,0.0013642759721787731)
 (-0.81405689574061335,-0.67385640478282194)
 (0.201621757589039,0.27532756081632292)
 (0.20538737138870133,1.0106224338046026)
 (-0.014631025382594257,0.051415750977762215)
 (0.2044713854408437,0.42231481092620821)
 (0.70381367958948438,0.82802330937746504)
 (-0.54084115188530502,-0.30927286479223731)
 (0.95472142522227987,0.49886209910568002)
 (-0.50606219149058529,-0.37474220577785455)
 (0.43217294105366566,1.1474579950130421)
 (-0.53045652817524946,0.41476851530309194)
 (-0.29796464271990553,-0.010943483014185212)
 (-0.012514869546955201,0.13007147075457975)
 (0.72301378488565737,0.26698475547814593)
 (-1.9050215540135915,-1.1732513882382154)
 (-0.036952449816641642,1.0103950361346679)
 (-0.029890953954765959,0.22358270221601029)
 (0.9542938803170824,-0.50254267688749177)
 (-0.52694146764041583,-1.1009391220971314)
 (0.43038086643289619,0.77659021668321238)
 (-0.028158545325443714,0.12853271443736089)
 (-0.34216825241341481,0.3096499364858763)
 (-0.3197344237766252,0.68337040456326181)
 (0.076215921353855604,0.50044984751856003)
 (-1.5763343874366398,0.23583605476560277)
 (-0.11109176481719682,0.29606644922847003)
 (-0.62227549775589064,-0.34157943617829678)
 (0.43215964374312404,0.87012266505918712)
 (1.1882904360323694,0.26590884212110638)
 (0.70836423442380236,0.37469048505293412)
 (0.067178441523566224,1.2365444235669436)
 (-0.30159799733292836,-0.76576503858932077)
 (0.75012429182423157,1.0616350768851046)
 (-0.3999411725391156,0.30899069958807623)
 (-0.051280048585022497,0.82880936846454023)
 (-0.15583160715873595,-0.84063329849975998)
 (-0.076893115405819501,0.77581744258990226)
 (-0.78366645397026835,1.5406585296377873)
 (0.21102089609337404,2.0089511649889786)
 (0.89817151814375784,0.6105674833471918)
 (1.1009093069298892,0.42850605422925281)
 (-1.0080153039337501,-1.1378484710116625)
 (-0.79257596434072175,0.16331020632814569)
 (-0.90930404788182662,-1.0895604527140446)
 (-0.60261579037881208,-0.59668820078791129)
 (-0.20220728503164753,-0.72500164526807465)
 (0.76469976465393097,-1.4218976671164849)
 (-1.4727602232188901,-1.0587458767403306)
 (1.5953117943539881,1.0007046869483616)
 (-0.59645047548464403,0.56416068685678566)
 (0.30377494272525862,0.4111482579627363)
 (0.75953320091000476,0.91529222117352316)
 (1.0824351167766755,-0.2603321003303547)
 (-0.46586641987386579,0.088771378296145675)
 (0.41958597216045312,-0.61765545106830921)
 (0.0019624943639757336,0.13940727041565598)
 (0.45886906026526475,0.83600074037049354)
 (0.026513211893121835,-0.56401051267693036)
 (0.23284750850279373,1.4662787332247502)
 (-0.41927078359743591,0.18711882324094914)
 (-0.0018990493067403446,-0.0012322229953944323)
 (-0.094809926047505766,0.019265631905245342)
 (-0.033791124014698207,-0.30542424374430949)
 (-0.24432433514064625,0.14323293097658898)
 (-1.1056477201680359,1.3160348062492802)
 (0.55853479873396683,-0.23752750615211971)
 (0.32251740104227256,-0.00037143284070978444)
 (-1.3542492511155,0.3585469599111939)
 (-0.017170003650731659,0.22724087146549296)
 (0.52781927373787374,0.13810696189285904)
 (-0.75894080446229661,0.37203226499821007)
 (0.98433410526235965,1.0967939010927679)
 (-0.69059760824174088,1.3488918276536801)
 (0.02237107065554117,0.6699599637170639)
 (-0.95607357494457734,-0.21137962171026378)
 (1.6710304267716705,0.84017968504917184)
 (1.0758705131780231,0.09172157755396948)
 (-0.80161215322725055,-0.64500457689282198)
 (1.2753701632060954,-0.78989893806572575)
 (-0.11459919908773583,-0.20644264470525162)
 (-0.22901967208097751,-0.92325561768928821)
 (-0.056887250948627843,-0.47294645221692405)
 (-0.036397895453663565,-0.29056776732853173)
 (0.706428979536735,-2.1172688226680978)
 (-0.48543780420088789,-0.69965688729686792)
 (0.29878140581377216,0.20112187319470518)
 (1.1491620966873144,-0.35518015967206845)
 (-0.1449777330446331,-0.19462180165518531)
 (0.3085417683977742,-0.082443511740184605)
 (0.25046730253149702,0.46694296556583809)
 (1.6371359559982699,-1.162002350543508)
 (-0.37220063975492579,-0.10051052289293064)
 (-0.37693161328106339,0.80008843727838852)
 (-1.9225200739681925,-0.50987761874262516)
 (0.67406559895954121,-0.74643120660525408)
 (1.2396963866609956,-0.56245504247125722)
 (0.10414489211202546,0.42256484509418157)
 (-0.050380747055118247,-0.37989375961586713)
 (-0.41267992269519976,0.9937902672062362)
 (-0.22913099153662098,-1.707748818954518)
 (1.3806135729097564,1.0874719801878694)
 (-0.76300552760260421,-0.45602174344710472)
 (-0.71123196163186242,-2.188350257537004)
 (-0.37016041587804738,0.7525638678316634)
 (0.36276668976809551,-0.26103164391985079)
 (-0.58211180598007006,0.22539907594043088)
 (0.35682328862590862,-0.91570946515711249)
 (1.5052859697077132,1.1581653332457602)
 (-0.021789268429047048,0.6274285845697356)
 (-1.4345439800352739,-0.56613618165219126)
 (0.44072096494838792,1.4698167250769039)
 (-0.23107387847908623,-0.45524554047215338)
 (-0.02925318934380217,0.029678728851114968)
 (0.97472595740783707,0.46833385400447058)
 (0.17942481172902244,0.80286035308214532)
 (-0.031806279026547257,-0.78759216823754863)
 (-0.11383921331452568,-0.77033349294594744)
 (-0.13656315546140085,1.5065644177163631)
 (0.813684518387358,-0.1255339564005748)
 (-0.27487574310487095,-1.7279293404131226)
 (-0.63901254584402478,0.072851617488932041)
 (0.10365862494087942,0.30877922933211616)
 (1.1969909309491025,-1.1247366731809343)
 (1.1496130669322859,0.40755772681010771)
 (0.27227340717104992,-0.27382189311189925)
 (-0.15945069237595411,0.72310964513855158)
 (-0.38570750956575073,-0.3427105037896867)
 (-0.51691768896380019,-0.017570821826781796)
 (0.20930707288056036,-0.52978330797940631)
 (0.60448736545743886,-0.38036464094885569)
 (0.40243598386900664,0.2178976804526952)
 (-0.11862124747456781,-0.37707778638736444)
 (0.69461271303934358,0.51016384366410017)
 (-0.93698264775091178,0.5518203651318182)
 (-0.15436872018812281,0.037838536132876556)
 (0.28617612695050731,0.74219620310522039)
 (-0.12045355207577817,-0.096268834011425067)
 (0.79952513450539975,0.43936724244455982)
 (0.18866896587327497,-0.090561680672700498)
 (0.020806939051381479,0.35624916571471865)
 (-0.072395755349076413,0.25916732647091739)
 (1.6037605890521056,-0.71718560894815431)
 (-0.28354251519248713,-1.0027765906959134)
 (1.4891782982918613,-0.24352997635843493)
 (-0.12991430234733545,0.18367677443470884)
 (-1.3537266608074423,0.19129550389925482)
 (-0.99365501973095194,-0.54137675959634368)
 (-0.38055379149558316,-0.88399806762499744)
 (-1.1140299780529537,0.6859350178480943)
 (-1.4440774380450017,0.55990007030687183)
 (0.072511740326743263,0.33032321704013157)
 (0.76247198743171585,0.074650512591231483)
 (0.042138496561746661,-0.28455852596337156)
 (-0.090436648930491165,-0.30568333071283021)
