# Created by Octave 8.4.0, Thu Dec 11 09:47:21 2025 IST <gamana@Samsung>
# name: rician
# type: complex matrix
# rows: 2048
# columns: 1
 (-1.458444787079177,0.65705201795668744)
 (0.32014124933637705,-0.41342086809589501)
 (-0.92695100961051091,-0.59579893564246145)
 (0.38788559214992224,-1.0359302068385634)
 (-0.76290885347209469,0.41107859835847138)
 (-0.72555331422895164,0.14532192642578506)
 (0.99001023639314056,-0.24298138308262029)
 (0.62942588389047205,0.1317296696841278)
 (0.18552858881838746,-0.42861539589755077)
 (0.63026220145743661,0.40209081778839428)
 (1.5007879179676156,-0.50650162448424529)
 (-0.2618410816453739,-0.53280264821135259)
 (0.008980572505039558,-0.76507071565860285)
 (0.48460569809018694,-0.1885949002886986)
 (-1.1593737470202079,0.50999846260053239)
 (-1.0651829870370497,0.12566625209806498)
 (0.35972666181514545,0.40741916058330474)
 (0.14533112598328993,-0.085287633090077586)
 (-1.1232049075891415,0.34740092320925969)
 (-0.83381095278679163,0.68155003776462375)
 (0.18458831191202371,-0.23735406291679792)
 (-0.012311098419938715,1.0784140454602131)
 (-1.5620147054634148,0.018799597673044288)
 (-0.81501984300501884,-0.64911423826033321)
 (-1.0429371847658242,0.83273355931521265)
 (0.31556484362022574,-0.71794258089552987)
 (-0.60878664552505035,0.63554432264116034)
 (1.1452596203538041,0.49714052986904034)
 (0.61406573794485919,1.1396676495158449)
 (0.96932387501606576,1.2361432491936573)
 (0.10454909317486111,0.12655390300638411)
 (1.3953069307376864,-0.53844853639981705)
 (0.54076977015346817,0.23242946453157509)
 (0.99208116949471903,-0.12783865437828945)
 (-1.1577282899112666,-0.51974726002911942)
 (1.4795618475664183,0.94789549914974902)
 (0.13840541699701825,1.0943375046391823)
 (0.84131289680862853,0.41346758971268871)
 (-1.0193513922262591,-0.31581079599366452)
 (0.54190887364496909,0.9572967479625385)
 (1.1199185425054115,0.48570541669428668)
 (-0.28073608525811339,-0.95426216009661236)
 (-0.080860988464254463,-0.096539208625862016)
 (-0.082435926499529605,-0.6144899690378266)
 (1.1173762121798658,-0.061934721415363547)
 (-0.82959341961288058,1.0128528325647161)
 (-0.2380159830091271,-1.1566555716742426)
 (-1.0670663078161238,-1.3588561098562244)
 (-0.51287677723154523,0.5848704257635694)
 (-0.36218313553175929,-0.85217366590547861)
 (0.28887959829579901,-0.37674343516542041)
 (0.84967468912067601,-0.1184706691266213)
 (-0.065141718682697108,-0.49798635912708833)
 (0.7436928259038782,1.292234236255773)
 (0.34730499051887115,0.27560696027053239)
 (-0.63066351630222106,1.1188086742072021)
 (1.2542193212680091,-0.35145559030011558)
 (0.28391580150590251,0.24975486157070875)
 (0.67592130935982664,1.2873607477918196)
 (-0.81572153347554255,-0.97368324781749305)
 (0.16103965904088277,-1.0066658037283349)
 (0.088796069584688969,0.19315396788232583)
 (-0.24462805387352055,0.31110496543380689)
 (0.54391611318410038,0.29142627610577099)
 (0.65004280395763647,0.28540396038109317)
 (-0.93521149497497946,0.99300495367359809)
 (0.42500956525592798,0.3247356654234072)
 (0.023339517729042275,-0.43527716002674299)
 (0.99644470495706772,0.61064294794055551)
 (-0.79996859076041882,-0.78559620078465975)
 (0.27831368626486253,-0.42767203992218605)
 (-0.96207969099991897,-0.034515073166274279)
 (0.23889854818005279,-0.12333988658933392)
 (0.21962832449643191,-0.49519330921041482)
 (-0.12113550094689307,0.14775289527605423)
 (0.81278072229208465,-1.2578597481591502)
 (-0.49538061717142778,0.92762575073020737)
 (-1.038074933144975,0.5981251321031118)
 (-0.40291609349296542,0.74409813985289452)
 (0.14007191434277977,-1.2595658244747365)
 (-0.050520521780149985,-1.0083249324503596)
 (1.2250864866797042,0.36854424393640089)
 (-0.50163973141554519,-0.56176389888713063)
 (0.13786955295378531,-0.42225302630992811)
 (0.67814981849078682,-0.77129618535045807)
 (1.3542492910369479,-0.66028206303839831)
 (0.59943623119804801,-0.29797171752241314)
 (0.46839410430401768,1.2001871693759074)
 (-0.27895835904087091,0.18123671538662176)
 (-0.14857114497112373,-1.6219335234625296)
 (-0.77934586274716477,-0.17744500594645241)
 (-0.47588673462406583,0.57755836429574092)
 (0.25068998048525248,1.0231915053328549)
 (0.27286500428343041,0.30194798483625329)
 (1.008854509602598,-0.51734974945984069)
 (-0.7182989693731352,-0.049628378900940184)
 (0.14634935145655453,0.12614291653280887)
 (-0.18692315771615681,-0.9458669867999876)
 (0.12331083018785946,0.024807007959125223)
 (0.79813113374374167,-0.80718543856714053)
 (0.5973795024899784,-0.84153495241459209)
 (0.94070049743709361,-0.73896185487070665)
 (0.17657668409170063,0.26888509780161468)
 (-0.3032966165725397,0.56182282943456241)
 (-0.41287780620051895,0.5313121085278697)
 (0.58791054032389645,-0.91867779630949142)
 (-0.10587720394450288,0.25595853990794665)
 (-0.92471121735327311,-0.29965350237957211)
 (-1.0992148694356814,-0.82892973419742066)
 (-0.84650036627744973,0.91995899458458097)
 (-0.19394578302943344,0.42082233306772399)
 (-0.38275376762933883,-0.058685454932995311)
 (1.3060940249525419,-0.047159003370361552)
 (-0.53009612091581149,1.5140829437867616)
 (0.59558113835837223,-0.0065743856435706571)
 (-0.17062536632203451,0.35423629585984073)
 (-0.80190053238534686,0.41868737962129121)
 (-1.3619453160254678,-1.1294206195686833)
 (1.4070816459512161,-0.88220113875795669)
 (0.042192405841388836,0.86189027677920249)
 (1.4507519754569058,1.0726674792167286)
 (-0.18750425355780931,0.37659786178194532)
 (-0.63248237800712059,0.14998800252469691)
 (-0.25728785363027273,0.20881732771422087)
 (0.67061873558577234,-0.70662680835994518)
 (0.6400116040724062,0.69901948918961887)
 (-0.072702795140495213,0.92729227087280897)
 (1.1629355025548924,0.41828579808262512)
 (-1.2816188449302264,-0.71127098866234606)
 (0.076915680352806576,0.76228763645291919)
 (-0.143394725784943,-0.77169841250738591)
 (-0.9604777496573107,-1.1882583948369707)
 (-1.049770529932373,0.29955579096786272)
 (-0.60259846214888046,-1.1798033102391554)
 (0.47454454166738974,0.45687731975395041)
 (-0.73334093385885235,-0.71374450465490469)
 (-0.37576825590265861,-0.17005060286629636)
 (-0.43523922367497192,0.27392968453651734)
 (0.82517877397119332,-0.88971863457699696)
 (-0.57354324495787923,-0.61041326622341652)
 (-0.21770826001540927,-0.25275280226679264)
 (-1.8931286558887546,-0.36691997561503431)
 (-0.43694314296844039,-0.27019299839035626)
 (0.38563294606416437,0.190766997186884)
 (-0.34200260339781852,0.69124784414968921)
 (0.46840990718993353,-1.2080819771342544)
 (0.25736208281179918,-0.40018859471456347)
 (-0.28571127500790772,0.27963975655631423)
 (-0.0074545809215409431,-0.63665874999140326)
 (-1.0305486168423319,-0.0019307386320559505)
 (0.53344781305824762,-0.23797854354848025)
 (-0.63428814290746605,0.30326642267264636)
 (-0.28143215411650013,-1.1763102826318337)
 (0.071402677864211922,-0.35537058685094558)
 (-1.1373469793544255,-0.73010447324658923)
 (-1.548156975054598,-0.92004902493778984)
 (0.73699753975430893,0.61627297353964572)
 (-0.27617115776302642,0.40871783319371163)
 (-0.31343026823549142,0.58126283963761061)
 (-0.74374381364659636,0.53539296724270058)
 (1.1417726646625006,1.0768227256398992)
 (0.56966897736191846,0.72498283844880718)
 (-0.23995357900057809,-0.24116545441374762)
 (0.50717472643457284,1.4948077921172003)
 (0.34661180808637898,0.15860025414777318)
 (0.3206408966737011,0.32880596011239283)
 (0.52852883322865152,-0.86386167685541015)
 (0.63046067008592976,-0.081072479079745685)
 (1.3200533015300537,-0.14272039836066913)
 (0.31359457592039197,-0.68853016420885993)
 (0.57071494255510768,0.042073307139466054)
 (0.53013577525801925,0.11268946950457923)
 (-0.18195922917751767,0.86418602464598049)
 (0.47331627633963125,-1.0553335729126048)
 (0.48254293242499824,1.013082189367281)
 (0.18464016851576531,0.44358253460088021)
 (-0.39766117383700622,-0.3016976897240396)
 (0.67410141967816539,-0.88812342903062813)
 (-0.34098244248708115,0.4320344408425531)
 (0.43034819823381032,0.74094203745066123)
