# Created by Octave 8.4.0, Thu Dec 11 09:47:21 2025 IST <gamana@Samsung>
# name: rician
# type: complex matrix
# rows: 2048
# columns: 1
 (-0.0057879114076112292,-0.65279514110160419)
 (-1.3848654047355988,0.55059630081673216)
 (-0.79783692085805535,-0.082636802679275423)
 (0.15825514750806144,-0.18101570566113581)
 (-0.17042868944525419,-0.12426385257966419)
 (-0.15747461063074919,-0.23337457803366507)
 (-0.70330932618003494,0.40692160140830286)
 (0.42411189785679948,1.6815208584485362)
 (-0.23177241270104765,-1.4754235090028103)
 (1.597248140431236,0.077919647499667066)
 (0.23441105327288642,0.68177602257777714)
 (-1.0350398129523426,0.48041845295998825)
 (-0.62620872375545156,0.37120031426375055)
 (0.95069230965826512,0.11718106390003119)
 (-0.0076175062512608069,-0.094397616102854076)
 (-1.2307872508801687,1.001448646355471)
 (-0.64582722724788644,-0.49290112286606497)
 (-0.29454982524552681,-0.25146318533828876)
 (-0.73103063699479953,-0.56471572452891994)
 (0.27457278622275927,-0.14677377711494385)
 (-1.7925786152562142,0.71588290162892099)
 (0.39339517995556644,-0.19770498331309599)
 (-1.0596107288952359,0.27369847780234047)
 (0.36748600540128129,0.53652345883212016)
 (-0.77044560480855884,-0.42024336256625672)
 (0.35204126731455754,0.58424516075047572)
 (0.28980808107500261,-0.14814617914058542)
 (-0.80476493023591722,-0.24649353090923901)
 (-0.12413288103210281,0.33089416502513036)
 (0.59366554643265679,-0.85664113013722631)
 (0.4950038981416755,-0.41587572189702954)
 (-0.55786519693632886,0.25239849582258167)
 (0.97214354527335445,0.70155850657951258)
 (1.1312910653183277,-0.49452790901826238)
 (1.1254998925031889,0.56218427023164663)
 (0.55078343137360497,0.053367071683528972)
 (-0.16015966496859102,1.1885084097535659)
 (0.034000157448391327,0.38952041095167667)
 (-1.1454334880141139,0.18788584891018562)
 (0.34423751612190084,0.090486895728426942)
 (1.8816653079421082,-0.10862561970768581)
 (-0.983935097246873,-0.33526871079435289)
 (-1.014257772079509,0.96229823289757177)
 (-0.79600484285726947,0.7199538216798127)
 (0.49515139924874552,0.031363866774324387)
 (-1.6135838822744941,-0.59696096125659504)
 (0.34839911778222377,0.091971557020453842)
 (-0.20592020599713712,0.0001689966685064076)
 (-0.049556575473646169,-0.97695568626138207)
 (-0.08605218721426014,0.52418944144679502)
 (0.23564662151771545,-1.3168607459415038)
 (-0.52595292980424668,1.2149442427039692)
 (-0.32960498427279211,-0.31119293661461439)
 (-0.81674222069018321,0.13956157796553884)
 (0.55571579051413622,-0.50927927783930704)
 (0.72120075219602853,-0.16512790078320622)
 (0.39654986910248513,-0.19906861476877169)
 (0.53002719807493359,0.24268280932586256)
 (1.012794780966642,-0.29870214396170891)
 (-0.55290329226880741,-0.26094868069666377)
 (-0.206809626613222,0.67074587181583978)
 (-0.96052448609458441,-0.56516480971925154)
 (-0.60115435019660091,1.2160828957422838)
 (0.41770653172763678,0.13245157105603961)
 (-0.55597392311043781,0.2525740609503031)
 (0.43032159087276739,0.46395968086363165)
 (-1.0372289570848026,-0.73281539761861714)
 (0.13364547980463135,-0.16729759083936602)
 (-1.2058497000113815,-0.29718616019292965)
 (-0.12427254534406268,0.46361414190640543)
 (0.051036584113876599,0.42859292750663414)
 (-0.35172332924906297,-0.83555557130676439)
 (0.57662059156635048,0.88371948507160158)
 (0.13317099944806113,-0.39329871174087827)
 (0.73436986236361712,0.84994420096790946)
 (-0.15204000873259418,0.845478925450043)
 (1.8574552111495608,-0.75710293700414832)
 (-0.26441730721263634,0.73825361304495163)
 (0.19006874884741193,-0.2354918320041548)
 (-0.15722424232070106,0.96337568383895567)
 (0.94927052314499427,-0.92483651847556803)
 (-0.6776971248688558,0.38233083834212467)
 (-0.74242195705462355,-0.021162289509505827)
 (-0.81709988029655511,-0.12771792762713394)
 (0.15379912864179085,0.94028226868002673)
 (0.63608992571804057,-0.0050941326527886022)
 (0.28186007801966173,0.74615970688909228)
 (-0.16128946662759902,1.0218874409588097)
 (1.0857494198644093,-0.606232369448794)
 (-0.79132465823124709,1.6210144739867802)
 (-0.58958869944819914,0.40837091120968683)
 (-1.1366303354963918,0.75946901963611124)
 (0.60670244301044218,-0.70431960460362109)
 (-0.37380170767485277,2.1105527981404526)
 (0.27808742046436746,0.076040574406348246)
 (0.13379196403981389,0.024437464836043733)
 (0.57821407372873335,-0.7171034650854311)
 (-0.23561767962954769,0.40971672526998859)
 (0.72161394311496418,0.42490625121848302)
 (-0.5657260407230259,0.4496751897004615)
 (0.20258551019381155,0.55497941265763473)
 (0.86926631944837696,1.2335093470204497)
 (-0.32382158812877487,0.24916620563127248)
 (-0.27437043911653469,0.47449053066186841)
 (-0.19439752444768635,0.26294040539641583)
 (0.34382429152034777,0.094147082605179608)
 (0.628604440082704,-0.10927422859547367)
 (0.40286714700296911,-0.27237188035041204)
 (-0.91812189391799748,-0.21038457117613771)
 (0.36799973683103537,-0.73867296956517992)
 (0.033836527087166002,0.95368316310085244)
 (-0.43450795608641801,0.42584403704393992)
 (0.28369403701367779,0.058141253398064807)
 (-0.89826813810225914,-0.14103963717938317)
 (-1.9359543932110845,-1.3283674182528047)
 (-0.34067345949514688,0.38684621522981627)
 (1.9585728744081885,-0.47333599502793411)
 (0.49802661709459178,0.75525954356306935)
 (0.030148881495188073,0.8971814570790676)
 (-0.92933736985912496,-0.64981812156075325)
 (-1.0191803709277272,-1.1782875832892596)
 (-1.0081602090576087,-0.45383860512055457)
 (0.0052731688131503751,0.58834390351589394)
 (0.083749903726710775,-0.25109200894307865)
 (-0.12164803699293571,-0.27384082828791267)
 (-0.5766746819237375,-0.10806254186819075)
 (0.32524640003611816,-0.8826616343975513)
 (-0.88642108838831957,0.27037819668273477)
 (0.067362100622911425,-0.82693882878921654)
 (-0.22704853609010078,1.0735226331713279)
 (0.64174373793816275,0.51565807884981774)
 (0.83403494005193324,0.48594511760615366)
 (-0.31652759261310537,0.071140799078196468)
 (-0.93607998837795425,0.042092604793171118)
 (-0.28501642568594288,0.58850128612253683)
 (-0.75313295781489908,0.60801603823935857)
 (-0.59383996533489913,-0.32772861148447124)
 (0.17540683986414451,0.28320637989962927)
 (0.64173607177768799,-0.32092660762567571)
 (0.59620184102737184,0.37340647549886058)
 (0.6441128007861292,0.29258846304594288)
 (0.19002134821105476,-0.42000450132952583)
 (0.76445302847357288,0.097488441186450919)
 (0.40736068910126677,-0.56454776293147035)
 (0.37407371868656497,-0.27061943288292206)
 (0.42092047646086306,-0.73274701164243938)
 (-1.053050889023436,0.32656929250268713)
 (0.2915838827949922,-0.24148072293782258)
 (-0.35821989053531156,-0.89881373319804658)
 (-0.68443359022083683,-0.43604665852315505)
 (0.43131078186130856,0.48615884031705547)
 (-0.6545230360436457,-0.39793379266208728)
 (-0.71450323382214731,-0.44042576959410173)
 (-0.7688955509624722,-0.17284409109964677)
 (1.0760335086993942,0.94970860294320636)
 (1.1226064639361459,-1.6659393262112967)
 (0.020078124783836249,1.3116224561200049)
 (-0.76412892724533499,0.32776972271023191)
 (-0.43711828514885942,0.218931864007466)
 (1.0972921805757503,0.54194404623853576)
 (-0.58771781189691441,-0.61925610841704037)
 (0.29024277753536576,-1.0356731899903968)
 (0.30165760822764909,-0.22136997393886315)
 (0.19163412692183812,-0.17871955895776148)
 (-0.38249123785688399,0.25931987140799118)
 (-0.032155425287631254,-0.27777050702066403)
 (-0.99716555824912545,-0.61689673640257414)
 (-0.33821563773848085,-1.2238248401797955)
 (-0.51783665970627046,1.5037794940559972)
 (0.45058056511771755,-0.39800196150639749)
 (-0.41314430137333191,-0.44543918129712723)
 (-0.014343067683726785,-1.1484377199846201)
 (0.96455949729885737,0.34820022264693412)
 (-0.246541368129026,0.1494807565536716)
 (1.2143399603150216,1.5369058484577707)
 (0.92667996787324691,1.2405065452927633)
 (0.33238082523824758,-0.19164994348455661)
 (-1.7039314585181264,0.57724379171390805)
 (0.78264945815716036,-1.0921652012613383)
