# Created by Octave 8.4.0, Thu Dec 11 09:47:22 2025 IST <gamana@Samsung>
# name: rayl
# type: complex matrix
# rows: 2048
# columns: 1
 (0.39595745338094657,-0.6554038704186782)
 (0.45792641112597698,-0.79519750938289524)
 (-0.99293627805240237,0.077549404171700587)
 (-0.32533827074777788,-0.72106161500991328)
 (-0.14100272394956498,-0.12353401110812089)
 (-0.498858390939111,-0.43087033081414139)
 (-1.1192444664474219,0.43190424869099775)
 (0.19647111337531042,-0.21406918306537509)
 (-0.13703959610633448,-0.095456211047320216)
 (-0.31187964301427584,0.87895353314948488)
 (-1.5676264330093683,-1.5184058318212184)
 (-0.38951461296559081,0.27157578681438127)
 (1.7050656829588653,0.42884020321746952)
 (-1.2353970940372412,-0.27353419625528319)
 (-0.83798009256780093,0.43573478060569748)
 (-0.91450336333957027,-2.0040824116797284)
 (1.287665266099109,-0.29724874706451132)
 (-0.61901358503436543,-0.66250270275041256)
 (0.0015088090462085646,-0.40150791278778653)
 (-0.15142722510319828,-0.015109872824560652)
 (-0.07874620724016973,-0.2316337878542909)
 (-0.60435980379555809,-0.49939312274735859)
 (0.24089004207362552,-0.22916404443210592)
 (-0.091269746706580196,-0.22956210878121153)
 (0.51964796014039438,0.66644329655568091)
 (1.4852629367587551,0.63952687770811667)
 (1.1935767379249782,0.36427444620055116)
 (0.7117116316512716,0.081212303006015896)
 (-2.2324366968490694,0.65332777725008462)
 (0.36182051353565226,0.069606672140624909)
 (0.73205995285685288,-0.069912454731065415)
 (-1.1279438267434108,-0.4151720789166633)
 (0.48200977243896148,-0.754297969622577)
 (0.58471194053349551,0.090731357391383397)
 (-0.53842022164214609,0.12298823128513289)
 (-1.1609307457335099,-0.67424661626604054)
 (-0.00052353470403160643,-0.039340100527580607)
 (-0.29140176402159546,-0.29280706892762487)
 (-1.0659485843353067,1.5260875411249375)
 (-0.68875938366792266,-0.19629129880442836)
 (0.80253282821405469,0.51519121515744171)
 (-0.24526671351552284,-0.72540735874822371)
 (0.73775238837454427,-0.49019044971110526)
 (0.058554954607501014,0.59970511099668411)
 (0.10883948056182738,-0.083228182032856923)
 (-0.084358689039436427,-0.030799687425440463)
 (-0.2838337838488626,-0.88688774992111941)
 (-1.0249882639215602,-0.12560735816765184)
 (0.070934910328364104,-0.31063607013944727)
 (-0.46143357647504823,-0.48312649738900643)
 (-0.11529294414523063,0.12342577070260731)
 (-0.094756234157207575,0.22299170570910476)
 (0.22943668064906991,1.1305929043975131)
 (0.50429110020758527,-0.1560532991005146)
 (-1.1822831350420393,0.30444250554738744)
 (-1.8158032004413105,-0.71542864980309273)
 (-0.2010443180087777,0.16153538126889616)
 (-0.037426490760205544,0.69215631817708312)
 (0.93705972864375642,-0.43844606440059641)
 (-0.36253298936088324,0.32472740493743141)
 (-0.61603142285575352,0.96478903149682393)
 (0.58279036834662712,0.11505042607513599)
 (0.25813907249041257,-0.71538708028557341)
 (0.094178824969563618,-0.25543108669789183)
 (-0.44299438285169335,0.36718155604382785)
 (0.71678347157922939,-0.66433243793042962)
 (1.4170718085286789,-0.81002225540705064)
 (0.84625039665820045,1.082673581412017)
 (-0.25856746430035199,0.82966587030708072)
 (0.1504246344100002,-1.3725303975098837)
 (0.13942139815241478,0.99006186012357389)
 (-0.6894368637477718,1.1142768549217803)
 (-0.2247298247369563,0.40633881878942846)
 (-0.41360041053549823,-0.33847500048106066)
 (0.098988621158240336,-0.039920689376271822)
 (-0.62763808144357258,0.062797044751146336)
 (1.7440571380827232,0.37465499090382792)
 (0.37125498015836156,-0.73010727280476417)
 (0.59328397147764111,0.25575742867444229)
 (0.00082972173551709716,1.1701982959177548)
 (0.61645470139779157,0.084042407780352171)
 (0.93736061618058941,-1.3035793885097748)
 (-0.35394553739303697,1.2656664458842948)
 (0.83280106112895513,0.17664528662162393)
 (0.17515907040037509,-0.14450685585403336)
 (-0.23730553113232833,-0.053080680045431719)
 (-0.38183250508499589,0.28003477211355254)
 (0.24578772759403347,0.21228111612528291)
 (-0.15884782856423013,-0.78040145368456582)
 (-0.72281466695254748,0.36310296508505102)
 (-0.018489452279726259,-0.75890696065496921)
 (-0.0012235388158471361,-0.50924913374992609)
 (0.069559295213810768,-1.3457043035608938)
 (0.82431811387838605,0.3281790848083187)
 (0.3004575353482945,-0.27808106000750094)
 (-0.27602241891389057,-0.8968306670651478)
 (-0.18932928344094066,-0.019891560530870461)
 (-0.10782669746740903,-1.1801258155536132)
 (0.20211370195225514,-0.030026647625264649)
 (0.36419502159270845,-0.03213297570005022)
 (-1.500013307202136,-0.73978754793193002)
 (-1.7633355458173743,0.19340309436829561)
 (-0.53204055093208069,-0.43764657529885498)
 (-1.1320774347768703,-0.085148089165611396)
 (-0.02566748152620138,-0.27693108718807247)
 (-0.50044316625755147,0.59199270024266815)
 (-0.52177232860881784,-1.1649549017429217)
 (-0.81925744078579021,1.7027789940771865)
 (-0.59636935196382657,0.18553835904001337)
 (-0.062472101970766483,-0.022795094412587525)
 (0.42708938493602355,-0.10866983320248469)
 (-0.28507914035009335,0.88440394502766395)
 (0.66275121526064973,0.92674903659563579)
 (-0.82692007591225192,0.51333406039605167)
 (0.01135565454977798,-0.075588850615852077)
 (0.1074123299549562,1.5974022750009402)
 (-0.11607786968994788,0.78189400518066443)
 (-0.47276414223044572,-0.012645722074817706)
 (-0.05143195798301383,-0.16725893539804809)
 (0.05023226696073755,-0.20787512864895946)
 (0.60100799395826754,0.73686643489775605)
 (0.99287423427937616,-0.89931353089402033)
 (-0.023089770431270029,-0.65834663890379763)
 (-0.37002385878078958,0.4744759131079489)
 (0.22063270776580818,0.4389716310612129)
 (0.54544900823263387,-0.4681667957929756)
 (1.8232362912892794,-0.04566900933809015)
 (0.57550958184168022,-0.047077109500717029)
 (-0.56586606333601219,-0.1541830998407914)
 (0.1717360106738362,-0.089495212782528644)
 (0.69975448856090616,0.20580906764803175)
 (0.031717254035240242,0.26247121237296545)
 (-0.25521563588033636,-1.2940542788265246)
 (0.30650436460250152,-0.9285448380492386)
 (-0.38650727316593642,0.87810684098350467)
 (0.44710106060597243,0.1318808994883541)
 (-0.3514972387091293,-0.20797052176271702)
 (0.4684290480516593,0.43160895123998183)
 (-0.90086231303482334,1.0067368364928442)
 (0.094578973666390759,0.34630389802173855)
 (-0.12268072556645898,-0.36952060629247474)
 (0.15698322269234483,-1.1486853406033302)
 (0.079591506214597929,-1.0471909070162231)
 (0.55929575568084322,2.203552720788605)
 (0.082440712473123248,0.63064465534698921)
 (0.18491238340001551,0.36210071057446197)
 (0.76289569710210181,-0.26877519964890617)
 (-0.05745503656954104,0.49824320516173387)
 (-0.92726997650710929,0.18962680546180194)
 (0.14252214997012219,-1.0703118646683583)
 (-0.023512862868926898,0.41635195229644917)
 (0.071952166835800746,-0.52710309335648864)
 (0.41460348303712991,-0.34716208815507954)
 (-1.1557445135197451,0.57970563805459741)
 (0.54983429966045372,0.44606700710616215)
 (0.55135483307131816,-0.53443192830342301)
 (0.47846758163903635,0.19757115804802719)
 (-0.47516082430229167,-0.67396188893037956)
 (0.72137564352518557,-0.66672833104548335)
 (-0.80248093772546147,0.34638428427200407)
 (-0.014964014397248968,-0.2920199216567762)
 (0.15844759811977305,-0.66645880817226977)
 (-0.25395431361567944,0.25270657362964766)
 (0.5696102052217964,-0.48993978297547314)
 (-0.07676404042958393,0.2788515206007387)
 (0.42178407848384719,-0.73600743175193728)
 (-1.3103003496786851,0.53999834324153961)
 (0.71286777380894006,-1.2309923676452985)
 (-0.39843072709040017,-0.6168275525967809)
 (0.13245994680675341,0.08119617608951496)
 (-0.28819467053666054,-1.0415860508157728)
 (-0.16572564092786629,0.20053605033176952)
 (-0.40182581503640219,-0.68636434323614148)
 (0.14330877983932128,-1.2685622500129425)
 (-0.070796397437523778,0.54244870685008406)
 (-1.4101587406308387,-0.89060279245115326)
 (0.39437645275577293,0.30449773130446955)
 (-0.29855422595892578,-0.34765669190689685)
 (0.23264406491813272,0.12333240175758375)
