# Created by Octave 8.4.0, Thu Dec 11 09:47:21 2025 IST <gamana@Samsung>
# name: rician
# type: complex matrix
# rows: 2048
# columns: 1
 (1.1554563893969341,-0.30052945727154973)
 (-0.38915496934196142,-0.52578589005548948)
 (-0.43987579089888407,-1.0756525158185242)
 (-0.17974835324955793,-0.60350650225807967)
 (0.27227313185773117,-0.70008387503807923)
 (1.7594894330183704,-1.1277878480419057)
 (-0.94955117423853908,0.59361675900100874)
 (-2.0593934155106712,-0.8601605682871768)
 (0.18163898943640455,-0.070348219677012325)
 (-0.012569474171628653,-0.30094310436185256)
 (0.40626668167559649,-1.3040368164414828)
 (-0.055663284516732636,0.99274736284259157)
 (-1.2109353930502371,-1.0756405181167294)
 (-0.24892464714405074,-0.33442069581145867)
 (0.64653645030624951,0.14808735498600342)
 (-0.11853592040806869,0.39065014894077477)
 (-0.24901540904503369,0.69925030373444874)
 (-0.44365888387972918,-0.93989190636762265)
 (0.96128664405019126,-0.22249548871935598)
 (-0.087191222325871787,0.67062784521305696)
 (-0.0081428047102474754,0.34078189738037296)
 (0.6647449984816971,0.66208157260822387)
 (0.37525788668572424,0.4808201872695721)
 (-1.2119030539706721,0.95739606522736653)
 (0.24444944318943818,0.41999049178749581)
 (1.3214580898934229,0.43110733376349292)
 (0.17028809246925819,1.1801740513758092)
 (0.13179943134273753,-0.74492375887707607)
 (-0.57686986563035214,0.27441580826155704)
 (0.094040675477220226,0.27621440373347955)
 (-0.17877511009315059,0.084644195252973092)
 (-1.137103571393417,-0.89275173075585301)
 (-0.69673991856976902,-0.47558175910458611)
 (-0.53214891031544342,-0.9988928312106814)
 (0.82161223271596717,0.11297888274880294)
 (1.2017178424414983,0.71730368374056541)
 (-0.53632056744636813,0.96230927238628861)
 (0.16844403747211345,0.56165815709414679)
 (0.54603424596700045,1.3060817151309698)
 (-0.17350933713663838,0.17480031753748934)
 (0.63149576051385425,0.83818207511795462)
 (0.47427842087548977,-0.58400545208909016)
 (-0.27213198029489383,-0.27922411174674322)
 (0.66396693233898196,-1.1125928013813207)
 (0.75024100775967772,-0.040611304960355671)
 (-1.1753836998394065,0.35424640518366057)
 (-0.41752757467718049,-0.79701618250486495)
 (0.20707779297918652,-0.73026777367682083)
 (0.59355345490158107,1.1765704774459096)
 (0.52725028591331624,0.22101735159324915)
 (0.08842198119623032,-0.30808811487659205)
 (-0.66666926361282774,-0.13115978222444491)
 (-0.56190131405701527,-0.86703364882255229)
 (0.46760861862709746,0.24993793640859452)
 (-0.6892602633831707,-0.35375102995114871)
 (0.7002389018052525,-0.83619012218834765)
 (0.62334585942489018,0.51158204571845944)
 (1.2373107524457032,-0.030251533407516296)
 (0.33169614824491039,-0.24188670074946031)
 (0.38344693469079394,1.536583590738636)
 (0.85865175213177003,-0.45819950524316333)
 (-0.26227643039364879,0.19099691323086243)
 (0.80421359530354708,-0.38309121858442519)
 (0.25196416342749234,-0.30494051973844433)
 (0.88459054047806063,-0.45446547571842377)
 (-1.1229071687893843,-0.82554639593688861)
 (-0.61290364249122664,-1.3194506220226192)
 (0.58485838805202417,1.5096636205038318)
 (0.65347097824468436,0.78645648158858195)
 (0.58181367740332046,-0.6179050412461744)
 (0.50146700325311067,0.73056452831520302)
 (0.57390237196576299,1.0920878184442355)
 (0.13602985907329646,0.41583770548226262)
 (-1.0027367593283236,0.30554083076257066)
 (0.27998880281133537,0.37077231157133766)
 (-0.43777123493134679,-0.034740444253346298)
 (-0.12467525301143276,-0.5797959964476147)
 (-0.27377443892628756,-0.20165390557814492)
 (1.0257206356811361,-0.3773435498150568)
 (-0.57187572013296883,-0.36890201659511823)
 (-0.57873101761872048,-0.063812272835137879)
 (-1.3855748443652014,-0.059414106631075492)
 (-0.75549576588378509,0.23704861300934876)
 (-0.52075940250034936,-0.21223810467964604)
 (-0.58307807537138268,-0.16296723718424858)
 (0.81339630942482322,0.60848244043579747)
 (-0.64951899068020558,0.40725542948585941)
 (0.99520947198007903,0.31933933216579113)
 (-0.056863395980500546,-0.038881351858623313)
 (0.020812772805809288,1.2374924706971471)
 (-0.77248778491012104,-0.53908786744295434)
 (-0.14087394306847162,-0.76476610843020099)
 (-0.35147914527616286,-1.0407573048550756)
 (-1.0548514255641637,-0.097369563440047269)
 (1.3305938544397491,-0.17861859616647752)
 (-0.51025331073290958,0.21892768533688955)
 (0.54156411008595939,1.0019457484912015)
 (0.25689480989837293,-0.68521062212805317)
 (0.98135885671075274,-0.7403301930920041)
 (-0.50743711936522007,0.84800927662953551)
 (-1.2023728748262332,0.41138227385049642)
 (0.8404538759235074,0.94546963814091933)
 (-0.61334740529583953,-0.32357618222283835)
 (-0.27881301801863906,-0.042078299441649744)
 (0.39213776634761988,1.1732430885608776)
 (0.27062970743758519,-0.062386801311706791)
 (0.21107613928746793,0.12270109035214405)
 (-0.9467986049236683,-1.0020611357646987)
 (-1.0973691814499007,-0.14224008026289625)
 (0.78194992618188963,-1.6156911680472643)
 (0.9604516736853248,0.0052840775537596474)
 (-1.4691814671598564,0.049958138941887831)
 (-0.30857329421638724,-0.66688089084709479)
 (1.2910917075695294,-0.44747352002674262)
 (-0.24690512772773668,-0.22338517890059115)
 (-0.19605405216087352,0.17269012948926091)
 (-1.0253161111883999,-0.78157152343615932)
 (0.043700295709905496,-0.44233856870561528)
 (-0.19328954662173975,0.30130372322660492)
 (0.14824489171797522,1.0901362958729541)
 (-1.1214045871596519,-0.0087137917003045073)
 (-1.067289243624983,0.59840283200904443)
 (0.46716659846760855,-0.77175084709466335)
 (-0.18151443640928994,0.96233510757545382)
 (1.1667023450614447,-0.60658248712014562)
 (-0.14620628319431764,-0.56940566901598477)
 (-0.2740487469589824,0.63091790464664566)
 (-0.78410118622908431,-0.98366463721146369)
 (0.07061589597729051,0.19262306560849357)
 (0.0014545760035687694,0.81008725844358853)
 (0.77746327138200533,-0.17335176501967026)
 (0.79852888143590783,1.2296145358431061)
 (-0.89892497899475332,-0.51342372464495423)
 (1.3416868406588716,1.7118692044883606)
 (-1.0027647586816122,-0.37741905505409468)
 (0.53207335997838201,0.87839822001238743)
 (0.36607332090460842,-0.30564894740590476)
 (0.18222225954257298,0.027031852361035655)
 (-0.35451899892050603,-1.0556060685244362)
 (0.9594327314446659,-0.38597300443474214)
 (-0.067816343744295848,0.75127284172061271)
 (0.6307166197819144,0.044789383573144603)
 (1.1429287555652492,-1.5296531167754226)
 (-1.2474785328881908,-1.0930890310587551)
 (-1.0765980264423765,-0.11160826564262283)
 (1.0051055033518472,1.1319069377987661)
 (-0.056766999162264908,-0.59002515283179513)
 (-0.85225104734810142,0.2533930024005468)
 (0.068098468163462378,0.41520411455036166)
 (0.42632021131286607,0.83115527865098493)
 (0.11605823167107637,1.1311052976918252)
 (-1.4918597550379367,1.1112800941356313)
 (0.014386685160246049,0.1403530934398643)
 (0.67621078870266182,0.63151655512875338)
 (0.29730167112021405,-0.011497716666075422)
 (-1.6421199577458157,-0.63906083489250054)
 (0.33835736702310099,0.33779613626732835)
 (-1.3704635939486511,0.26808730750318061)
 (-0.92859862865464449,-0.25377614426805029)
 (-1.4290254447583042,0.61634768655270289)
 (-0.39744495524896739,1.1787229769685321)
 (-0.28445724789627214,-0.9033701594351714)
 (-0.66922084504690715,0.59112628971190673)
 (-0.77938949256098311,0.74621508198136655)
 (0.76696697277299064,0.89470733418794324)
 (0.25441651651313657,0.85282081818335043)
 (-0.15511870866707311,-1.0469681631150161)
 (0.34231186960895515,0.86888240267025463)
 (0.65064846307325686,1.5141675068398102)
 (-0.2500115765060697,-0.40280639378968169)
 (-0.60263706858446897,0.38762009437674305)
 (-0.45357025388437822,0.040086894188778546)
 (-0.91974297492318835,-0.54240604835494899)
 (0.23019542193001052,0.38462593135576018)
 (-0.50952552600982615,0.52557520332680274)
 (0.009699734322767134,0.54844294810950878)
 (-0.83540301290732133,0.38352602849372425)
 (0.51224242019169686,2.0847925338408739)
 (-0.86108458252810072,-0.88592085593079262)
