# Created by Octave 8.4.0, Thu Dec 11 09:47:21 2025 IST <gamana@Samsung>
# name: clean
# type: complex matrix
# rows: 2048
# columns: 1
 (-0.31765796476375002,-0.31765796476375002)
 (0.95297389429125001,-0.31765796476375002)
 (-0.95297389429125001,-0.95297389429125001)
 (-0.31765796476375002,0.31765796476375002)
 (0.31765796476375002,0.31765796476375002)
 (0.31765796476375002,-0.31765796476375002)
 (-0.31765796476375002,-0.31765796476375002)
 (-0.95297389429125001,-0.95297389429125001)
 (-0.31765796476375002,-0.31765796476375002)
 (0.31765796476375002,0.95297389429125001)
 (0.95297389429125001,0.95297389429125001)
 (0.95297389429125001,0.95297389429125001)
 (-0.95297389429125001,0.95297389429125001)
 (-0.31765796476375002,0.31765796476375002)
 (-0.95297389429125001,-0.95297389429125001)
 (0.95297389429125001,0.95297389429125001)
 (-0.95297389429125001,-0.95297389429125001)
 (-0.95297389429125001,-0.31765796476375002)
 (0.95297389429125001,-0.95297389429125001)
 (-0.31765796476375002,-0.31765796476375002)
 (0.31765796476375002,0.95297389429125001)
 (-0.95297389429125001,0.95297389429125001)
 (0.31765796476375002,-0.95297389429125001)
 (0.31765796476375002,0.95297389429125001)
 (-0.31765796476375002,-0.31765796476375002)
 (0.95297389429125001,0.31765796476375002)
 (0.31765796476375002,-0.31765796476375002)
 (0.31765796476375002,0.31765796476375002)
 (-0.95297389429125001,-0.31765796476375002)
 (-0.31765796476375002,-0.95297389429125001)
 (-0.95297389429125001,-0.31765796476375002)
 (-0.31765796476375002,0.31765796476375002)
 (0.95297389429125001,0.95297389429125001)
 (0.95297389429125001,-0.31765796476375002)
 (0.31765796476375002,0.31765796476375002)
 (-0.95297389429125001,0.31765796476375002)
 (-0.95297389429125001,0.95297389429125001)
 (0.31765796476375002,0.95297389429125001)
 (0.31765796476375002,0.95297389429125001)
 (0.95297389429125001,0.31765796476375002)
 (-0.31765796476375002,-0.95297389429125001)
 (-0.95297389429125001,0.31765796476375002)
 (-0.95297389429125001,-0.31765796476375002)
 (0.95297389429125001,-0.31765796476375002)
 (-0.31765796476375002,0.95297389429125001)
 (-0.95297389429125001,0.31765796476375002)
 (-0.95297389429125001,0.31765796476375002)
 (-0.31765796476375002,-0.95297389429125001)
 (0.95297389429125001,0.95297389429125001)
 (-0.95297389429125001,-0.95297389429125001)
 (0.31765796476375002,0.95297389429125001)
 (0.95297389429125001,-0.95297389429125001)
 (-0.31765796476375002,0.31765796476375002)
 (0.31765796476375002,-0.95297389429125001)
 (0.31765796476375002,0.31765796476375002)
 (0.95297389429125001,-0.95297389429125001)
 (-0.31765796476375002,-0.31765796476375002)
 (-0.95297389429125001,-0.95297389429125001)
 (0.95297389429125001,0.95297389429125001)
 (0.31765796476375002,-0.31765796476375002)
 (-0.95297389429125001,-0.31765796476375002)
 (-0.31765796476375002,-0.31765796476375002)
 (0.31765796476375002,-0.95297389429125001)
 (-0.95297389429125001,0.95297389429125001)
 (-0.31765796476375002,-0.31765796476375002)
 (0.95297389429125001,-0.31765796476375002)
 (0.95297389429125001,-0.95297389429125001)
 (0.95297389429125001,0.31765796476375002)
 (-0.31765796476375002,0.95297389429125001)
 (0.95297389429125001,0.31765796476375002)
 (-0.31765796476375002,0.31765796476375002)
 (-0.95297389429125001,-0.31765796476375002)
 (-0.31765796476375002,0.31765796476375002)
 (-0.31765796476375002,-0.95297389429125001)
 (-0.95297389429125001,-0.31765796476375002)
 (0.95297389429125001,0.31765796476375002)
 (-0.31765796476375002,-0.95297389429125001)
 (0.31765796476375002,-0.95297389429125001)
 (-0.95297389429125001,-0.31765796476375002)
 (-0.31765796476375002,-0.95297389429125001)
 (0.31765796476375002,0.95297389429125001)
 (0.95297389429125001,0.95297389429125001)
 (-0.95297389429125001,-0.95297389429125001)
 (-0.31765796476375002,0.95297389429125001)
 (0.31765796476375002,0.95297389429125001)
 (-0.95297389429125001,-0.95297389429125001)
 (-0.31765796476375002,-0.31765796476375002)
 (0.95297389429125001,0.95297389429125001)
 (-0.31765796476375002,-0.31765796476375002)
 (-0.95297389429125001,-0.31765796476375002)
 (0.95297389429125001,-0.31765796476375002)
 (0.31765796476375002,-0.31765796476375002)
 (-0.31765796476375002,0.95297389429125001)
 (0.31765796476375002,0.95297389429125001)
 (0.31765796476375002,0.31765796476375002)
 (0.31765796476375002,-0.95297389429125001)
 (0.31765796476375002,-0.31765796476375002)
 (0.95297389429125001,-0.95297389429125001)
 (0.31765796476375002,0.31765796476375002)
 (0.31765796476375002,0.31765796476375002)
 (0.95297389429125001,-0.95297389429125001)
 (-0.31765796476375002,0.31765796476375002)
 (-0.95297389429125001,0.95297389429125001)
 (-0.31765796476375002,0.95297389429125001)
 (-0.95297389429125001,0.31765796476375002)
 (0.95297389429125001,0.31765796476375002)
 (0.31765796476375002,-0.95297389429125001)
 (0.31765796476375002,-0.31765796476375002)
 (-0.31765796476375002,-0.31765796476375002)
 (-0.31765796476375002,-0.31765796476375002)
 (-0.95297389429125001,0.95297389429125001)
 (-0.31765796476375002,-0.95297389429125001)
 (-0.95297389429125001,-0.31765796476375002)
 (-0.95297389429125001,-0.95297389429125001)
 (0.95297389429125001,0.95297389429125001)
 (-0.31765796476375002,0.95297389429125001)
 (-0.95297389429125001,0.31765796476375002)
 (0.95297389429125001,0.95297389429125001)
 (-0.95297389429125001,0.31765796476375002)
 (-0.31765796476375002,-0.95297389429125001)
 (-0.31765796476375002,0.95297389429125001)
 (-0.95297389429125001,-0.95297389429125001)
 (0.95297389429125001,-0.31765796476375002)
 (-0.31765796476375002,0.95297389429125001)
 (0.31765796476375002,-0.95297389429125001)
 (0.31765796476375002,0.31765796476375002)
 (-0.95297389429125001,-0.95297389429125001)
 (0.31765796476375002,0.95297389429125001)
 (0.95297389429125001,-0.95297389429125001)
 (0.95297389429125001,0.31765796476375002)
 (-0.31765796476375002,-0.95297389429125001)
 (0.31765796476375002,-0.31765796476375002)
 (0.31765796476375002,-0.31765796476375002)
 (-0.95297389429125001,-0.31765796476375002)
 (-0.31765796476375002,-0.95297389429125001)
 (0.31765796476375002,-0.31765796476375002)
 (-0.95297389429125001,-0.95297389429125001)
 (0.31765796476375002,-0.31765796476375002)
 (0.31765796476375002,-0.95297389429125001)
 (-0.95297389429125001,-0.31765796476375002)
 (-0.31765796476375002,-0.95297389429125001)
 (-0.31765796476375002,0.95297389429125001)
 (0.95297389429125001,-0.31765796476375002)
 (0.95297389429125001,0.95297389429125001)
 (0.31765796476375002,0.95297389429125001)
 (0.31765796476375002,0.95297389429125001)
 (-0.31765796476375002,0.31765796476375002)
 (0.31765796476375002,-0.31765796476375002)
 (-0.31765796476375002,0.95297389429125001)
 (0.31765796476375002,0.95297389429125001)
 (-0.31765796476375002,-0.31765796476375002)
 (0.95297389429125001,-0.31765796476375002)
 (0.95297389429125001,-0.31765796476375002)
 (-0.95297389429125001,0.31765796476375002)
 (-0.95297389429125001,-0.95297389429125001)
 (0.31765796476375002,0.95297389429125001)
 (-0.95297389429125001,0.95297389429125001)
 (0.95297389429125001,-0.95297389429125001)
 (0.31765796476375002,0.95297389429125001)
 (0.31765796476375002,0.95297389429125001)
 (-0.95297389429125001,0.95297389429125001)
 (0.31765796476375002,-0.95297389429125001)
 (-0.31765796476375002,-0.95297389429125001)
 (0.95297389429125001,0.31765796476375002)
 (0.95297389429125001,-0.31765796476375002)
 (0.31765796476375002,-0.95297389429125001)
 (-0.95297389429125001,0.31765796476375002)
 (0.95297389429125001,-0.95297389429125001)
 (0.95297389429125001,-0.31765796476375002)
 (0.95297389429125001,-0.31765796476375002)
 (0.95297389429125001,0.95297389429125001)
 (0.31765796476375002,-0.31765796476375002)
 (-0.95297389429125001,-0.95297389429125001)
 (0.95297389429125001,0.95297389429125001)
 (-0.95297389429125001,-0.95297389429125001)
 (0.95297389429125001,0.95297389429125001)
 (0.95297389429125001,0.31765796476375002)
 (-0.95297389429125001,0.31765796476375002)
