# Created by Octave 8.4.0, Thu Dec 11 09:47:22 2025 IST <gamana@Samsung>
# name: awgn20
# type: complex matrix
# rows: 2048
# columns: 1
 (0.21606691900293712,0.93754631601978056)
 (0.1853728166040283,0.4572953731945017)
 (-0.87035891902898677,-0.42742510083260887)
 (0.89745711854998855,0.43309195302932413)
 (0.3434027759292349,0.26448498613346094)
 (-0.97125975056265612,0.27665316599771383)
 (0.23850782066204551,-0.98822967245140891)
 (-0.34865937038263922,0.3404054304859111)
 (0.92825034730586875,-0.33808260679662649)
 (0.30889621415449914,0.21404793053761348)
 (0.32960554958554683,-0.42606804407347715)
 (0.2867035069351484,-0.28213854456164034)
 (0.29637683992551733,0.22799935593476212)
 (-0.85575969205007374,-0.38305540488763168)
 (0.99123905694351955,0.98596520075593275)
 (0.31853455844710887,0.31274992101805821)
 (0.22992306140445884,-0.40891817159206933)
 (-0.18438997576280722,0.22946814650415426)
 (-0.87572963612424226,1.1117641512767908)
 (0.96826758429941973,0.40602521376725553)
 (-1.0076865362428902,-0.41638296669244457)
 (0.97445481464715555,-0.90677478601018124)
 (-1.0184216545893978,0.91948495280930309)
 (-0.32193667713537716,-0.91510916495168904)
 (0.98290343772424482,-0.89007755063939864)
 (0.96592645268513655,1.0095036362198806)
 (0.89264709540422493,-1.0470592771944203)
 (-0.33473779066477849,0.98906359502111263)
 (0.22997158372773785,-0.36502821525385609)
 (-0.87761117740604011,0.35751173177250578)
 (0.35402630094943754,0.31787053451381547)
 (0.32596071574461749,-1.033307914714785)
 (-0.99748782179384254,0.93979352042225794)
 (0.22421223615872937,-0.25243515797107752)
 (0.91889199865168147,0.29529295755203372)
 (-0.23636562204848943,-0.90524235296548927)
 (0.96324703998267625,-0.85987202029080356)
 (0.33371733895931832,-0.31058882307833496)
 (-0.35887935500632423,-0.31735380661362173)
 (-0.31921715774778742,-0.2220086531904687)
 (-0.37489777382653067,0.97056122876764439)
 (-0.23115227529129506,-0.36195765450390566)
 (-0.3584810378264815,0.37154931058123386)
 (0.42769400067951552,0.90750755309858189)
 (-0.87563157894576404,0.92743978814665629)
 (-0.95585623526392527,-0.36096409780142358)
 (0.32983366016551469,0.46115056211876582)
 (-0.91972207408449802,0.91940426859989266)
 (0.9221870059206434,-0.25485779195725999)
 (-1.0816288937933229,1.0334795821981342)
 (-0.20801494331197928,0.37486960939273839)
 (0.3429472510027049,0.31411483193259127)
 (0.92203398046717111,0.90291392127333558)
 (-0.94451227444816543,-0.34735627801408064)
 (0.93235935174220552,0.96203695956255697)
 (-0.94077237504734912,-0.26637747414971535)
 (0.28112375174703225,-1.0033643431759771)
 (0.99609873989494468,-0.38992059656999828)
 (0.96332789716320888,-0.38220637592557111)
 (0.37142613130119068,0.97814649891070338)
 (1.0910379198876954,-0.93528674039837112)
 (0.2426609158001114,-0.41772193524984375)
 (0.4083320556906006,-0.35625342876007932)
 (0.30266644091027345,-0.28143718829767045)
 (1.0455860540703079,0.94006184550479444)
 (1.1183430574395827,0.93894470455335832)
 (-0.32119525092291645,-0.95851254380270434)
 (0.93537101362868358,-1.0001179965500133)
 (0.9398357194042114,0.32441779553142885)
 (-0.97120669612939248,-0.92590464135725437)
 (0.22706911224682652,-0.33990825341793651)
 (1.044272230388102,0.29260645372297578)
 (1.0156578174496131,-0.4773246005001921)
 (-0.86461294359918539,-0.23910022446766424)
 (-0.35551037578975431,0.79493201326644047)
 (-0.99779388683552273,0.2309350921824373)
 (0.92212775673504199,0.30456153586661466)
 (-0.39294383664561416,0.41973528174706909)
 (-0.9103585595698056,0.91603848038845137)
 (0.89393822841959103,-0.86336231616055703)
 (-0.97358350494128321,-0.94591596279049917)
 (0.87416682363310938,0.26194189760275222)
 (0.91827526656402569,0.95039791789336725)
 (-1.0338039706002231,1.0228143928309283)
 (0.9534741698475484,-0.96587003549347161)
 (-1.0265574386799563,0.31935972751447722)
 (0.51258135498297452,0.9361405318170396)
 (-0.44723201487395459,-1.0274592892043006)
 (0.25408417639398001,-0.2815842527497025)
 (-0.29464579305783772,1.0807518334634556)
 (0.98426702234151087,-0.86811651586852201)
 (-0.86091392662792887,1.0072921348082984)
 (-0.27270371955004102,0.20906178176687484)
 (-0.36703600877415093,0.97319718966354907)
 (1.0371174957843712,0.91761286127259567)
 (-0.27038287659211913,0.33175891758919068)
 (-0.89511816156866431,0.93567868891054118)
 (1.004477343085485,-0.96155792728449074)
 (-0.41604086057287415,0.93682258929438467)
 (0.30055959570643942,-0.27788357642886752)
 (1.0023089934444831,-0.30706645344434647)
 (-1.0965364476079564,-0.4522038483300459)
 (0.39989424552064778,-0.95497452946734696)
 (-0.94394324746741964,-0.32863405617447566)
 (0.98490120947861948,-1.0240773940238723)
 (0.97257416178794154,-0.41377398573511681)
 (-0.93204164087976016,-0.89604769794281192)
 (1.1340554841957553,-0.278051003652175)
 (-0.31936647215611169,0.82765503700629639)
 (0.97326128907909182,0.9889437779656356)
 (0.3495660864621763,0.99503410766236666)
 (-0.96952962287342082,-0.29209095381108624)
 (-0.86252248091804129,0.47285158329265142)
 (-0.32245472248941992,-0.9121773894494708)
 (0.31070514196154048,0.96645454239703099)
 (0.24995185523045094,-0.2774974553845605)
 (-0.91826263938879049,-0.33803682750532266)
 (0.18792273217529393,-0.40165651935243268)
 (0.90884307661161723,0.96820909429615265)
 (-0.88465824348896605,-1.0244980031963025)
 (0.30548939203753422,0.34546123148195496)
 (-0.1854603417101377,0.24430377287850435)
 (-0.34929695815955197,0.86372775166436833)
 (-0.21601852071849942,0.30761451307308763)
 (0.98310534308581288,-0.32662125664428693)
 (-0.26269220062689236,-0.86893411758224648)
 (0.97515717161926219,0.3080306369492572)
 (0.96898230660118878,-1.0010082103109512)
 (-0.21539169434723437,0.88889184558701428)
 (-0.25956889973306169,0.98760843222393713)
 (0.84280276513572017,-0.30950398869013812)
 (1.0873428825251685,-0.19970497990439062)
 (0.86937818385421384,0.28630838047155505)
 (0.31288986094104038,-0.28426538305491833)
 (0.94775310785272837,1.0041105476739978)
 (0.98011338472050546,0.36733838440047484)
 (-0.99129813287718127,-0.29819385824088074)
 (-1.015107821391789,0.26687247654308766)
 (-0.29144080599606526,0.27218096425752858)
 (0.32252992265952668,-0.33796480001177298)
 (0.89743093057129242,0.92002434518888576)
 (-1.0298063847241004,0.9683397164613643)
 (-0.92557400788083177,-0.97176337616867059)
 (0.22328541099930777,0.9512829749957441)
 (1.0062822025032239,-0.20871047678987303)
 (-0.3963299089231323,-1.0269754126975961)
 (-0.27529675625551209,0.27496187111804815)
 (-0.34145378518580721,-1.0305653909600694)
 (-0.18076910163889834,0.25202926377683815)
 (-0.13794547010232822,-0.94577137313755977)
 (-0.97767254269266657,0.39885210509957836)
 (1.0793582884950963,0.22111104715595886)
 (-0.33887935455773432,0.99836858421518271)
 (0.92326491642040365,-0.40415551896583946)
 (-1.0467548408504523,0.34905835664174401)
 (-0.23187848588885107,-0.86753613797697027)
 (-0.98863868667112142,1.0331744743015798)
 (-0.32459004365517335,-0.9062010954150288)
 (1.0320695734897976,-0.92100065170312106)
 (0.313558155422828,-0.99572937823222307)
 (-0.99899810384244225,1.0485665693829944)
 (-0.93080953198561256,0.3228511773837251)
 (0.36838313403920964,-0.21944591380689193)
 (-1.0263377291520854,-0.24496241484481571)
 (-0.9470525796653807,-0.93456959253899874)
 (-0.31291400693779958,-0.91461294883452449)
 (0.37280840450919495,0.28210524686976729)
 (0.31431957019893214,-0.27008798728615391)
 (-0.3148087158395691,-0.92008125879494851)
 (-0.8937048751254254,-0.85641879662846887)
 (-0.26192548080471217,0.93587634930856411)
 (-1.0004600431261719,0.86035634892869983)
 (0.90511726028751927,1.0364395677268932)
 (-0.30613595115189163,0.3707871955408768)
 (-0.3141437900910406,-0.3365407564350269)
 (-0.95946482367528207,0.22269766623750303)
 (-0.28100649988513687,-1.0000032435102482)
 (0.17023648406252892,0.37963831363375927)
 (-0.91797389565912291,-1.0281476800588409)
 (0.22563485080422924,-0.38059636575064104)
