# Created by Octave 8.4.0, Thu Dec 11 09:47:22 2025 IST <gamana@Samsung>
# name: rician
# type: complex matrix
# rows: 2048
# columns: 1
 (0.62676303975664627,-0.3998673750378231)
 (-0.40125571706649932,0.14055487838631067)
 (-0.14534365630043428,1.0393485211663078)
 (-1.0877857785370399,-0.60120476710573245)
 (0.78006709306688471,-0.99456269984049483)
 (-0.22971479833881547,-0.45585904712641079)
 (-0.16454148888748349,-0.78573854343338789)
 (-0.19042588564994467,0.47933554307707071)
 (0.21218563238211757,0.83132454403743306)
 (-0.11940592554127583,-0.89924277020674515)
 (0.58120083738570638,0.83152959145768113)
 (0.39692931903015205,-0.22894544709139963)
 (-1.041050217817924,-0.51305861967146105)
 (0.084177274728694934,-0.86181928160365173)
 (0.1553415245538961,0.43220316685501331)
 (-0.18898769777137331,-1.1992203532948569)
 (-0.46135940842506551,0.054770839976384239)
 (1.0924572007986442,0.71766544092573237)
 (-0.1260978853132296,-1.173175329607036)
 (0.3194132763378183,-0.38505075996098165)
 (-0.64878035084922414,0.093577585884907832)
 (0.24541422748988978,0.58100695633884314)
 (-0.49873377533461616,0.12028951159354032)
 (-0.2780085372952219,0.12766853642152759)
 (0.13300362281650313,-0.75473113558096416)
 (-0.28703090481514526,0.98571802538084352)
 (-0.26412804901682391,0.0098581605149036244)
 (-0.1568385422073672,-1.1604267370366448)
 (0.19981259314837621,0.32976637109053109)
 (-0.21905879610341397,-0.2060332131232985)
 (0.32015166466647776,-0.55010004071213014)
 (-0.1092727556982771,0.13533669261754824)
 (0.24818812085823827,-0.87894710291834477)
 (-0.26278738531862222,1.0711561291007301)
 (0.34769214418327654,0.11400192697267142)
 (0.24717036193422828,-0.63109684246113518)
 (-0.76132856002031457,0.2624979118853018)
 (-0.27776543683360905,-0.31820604860516571)
 (-1.2326750834885158,-1.6808593017646223)
 (-0.085199550375683802,0.24940278883576525)
 (-1.1258024441668091,-1.2399527625846101)
 (0.17745725100508214,-0.25182926225223978)
 (-0.21433768193566621,0.93814166018521727)
 (-0.74111626237816675,-0.5129451978741979)
 (0.059557061825501134,0.83706873282250116)
 (0.25575824279686388,-0.57020465594688674)
 (0.90323018333493121,1.1651234531265133)
 (-0.99794425364363459,-1.039975937422833)
 (1.0471791808759603,-0.044701054921655436)
 (-0.59110988791851526,-0.56609021187432762)
 (0.13347939566615996,-0.28800878867448859)
 (0.46411037649075265,-1.0836906838761953)
 (0.050380464205153297,-1.3610706723363479)
 (0.2937348126936008,0.81260361103123824)
 (-1.6249804742905698,0.45407291931033267)
 (0.24809504696540674,-0.47770885749818254)
 (-1.3375234101570252,-1.1141897315685578)
 (0.94179259331685294,0.031448154214664403)
 (-0.78002954465541241,-0.24156902490807555)
 (-0.029691924720975427,0.65920428961433053)
 (-0.15481809335223606,0.27389403476564339)
 (0.7023460573032323,0.42652503850654477)
 (-0.36581627995635485,0.91863437886521671)
 (0.96354673308174155,-0.47388492654241587)
 (0.39467023382867594,0.14327522663331158)
 (0.4660352508697983,-0.28770983404226541)
 (-1.6333483226369396,-1.1215359725497414)
 (-1.110162217427245,1.0135632905266143)
 (-0.43463945201308013,-0.3651946296813095)
 (0.32606353437332708,-0.58961246917243004)
 (-1.5166979870545358,-1.0296819788710623)
 (0.93879988206271692,1.1763269036780322)
 (0.17664165348456687,0.91525194446617253)
 (-0.15208727204973729,-0.41773481419100866)
 (1.4857256831448835,-0.90097156700512815)
 (0.40498511654961322,0.55955635044447016)
 (-1.0098354916575709,-0.42700483593675376)
 (-0.76784293302570716,0.043468838024230128)
 (0.67262669826118393,0.87223586106405593)
 (-0.45013935014260453,0.90734521767215615)
 (0.97951039690504882,0.85932864200287074)
 (-0.31501546992979768,-0.065082358102495519)
 (-0.08998210753855107,1.2386073713082282)
 (-0.041130237965028571,-1.2706360427405317)
 (-0.023068284302597553,-0.24656618330005348)
 (1.0141002934805092,1.1943834330865379)
 (-0.92473029103694016,-0.27519516964060914)
 (-0.65067273144352789,-0.028918821953776069)
 (-0.83090085658565527,-0.28107783899687133)
 (-0.15942916669477614,-0.37505417608007613)
 (-0.25197583187532741,-0.41252471617985148)
 (0.55275731958859731,0.044690286289677777)
 (-0.42729287632401292,0.30166280953592017)
 (1.1069959841001185,0.79018720355892602)
 (-0.12033750967806153,0.2649116563228171)
 (-0.48397775068109505,0.21341379037283856)
 (-1.4608105795473079,-1.4605245439384857)
 (-0.32516174712023593,0.18590782985391008)
 (0.113890071322056,-0.081299371947067933)
 (0.56592347603346416,0.36742776724528414)
 (-0.75623749877738711,-0.030128062814630763)
 (-1.0271339114861753,0.0050990919542452939)
 (-0.30721220349259715,0.055852464072183444)
 (-0.059630945131955049,0.8238508128241262)
 (-0.72574854463744243,0.98846548667033163)
 (0.1479009633546316,0.96439892661513382)
 (0.37173818448049378,0.63529176673260801)
 (-0.70850401477158986,0.69559640229409303)
 (0.12808230515789329,0.34649879305838238)
 (-0.9884509441793411,0.26236143188892769)
 (-0.02270373997584485,1.0748346937486783)
 (0.0040924265432774332,-0.6563986644887293)
 (-0.22029062160750093,0.17626867073982364)
 (0.55812990304081944,-0.13588363341250387)
 (0.19320632631894569,-0.21656440220867196)
 (-1.0710154569623009,-0.13677647589171193)
 (-0.41910632567773365,-0.48836110708988417)
 (0.48926645065136204,0.91074896525571836)
 (0.038202304594045139,-0.58814042525396182)
 (0.29923130249238417,0.16055342385706092)
 (-0.96348867205853717,1.1620022580644997)
 (0.10507130547084935,-0.3042988708491271)
 (-0.24115093394442272,0.50595244968086517)
 (0.33126827998052233,0.10708522305066266)
 (1.8028106067106164,-1.169895735153351)
 (-0.35667409933679128,0.045094151750492584)
 (-0.83891905739652506,0.18171828999600162)
 (0.20830765086065778,0.66287576855233477)
 (1.5302955398557163,0.46090543912230264)
 (0.59069781810849886,-0.89298659522167367)
 (0.38235117180388245,-0.45137195159040622)
 (-0.58460539603307304,0.49789495869396716)
 (0.70454361648677377,0.49270763855688093)
 (1.0378182517225392,-0.075783828204387754)
 (0.31640116254722689,-0.25319429099518465)
 (0.73565680546537193,0.3182264723372269)
 (0.076418703495837959,0.9237923145175434)
 (0.98224120461585562,0.27443858380264202)
 (0.59208803494048556,0.30381554526599197)
 (1.0192214529075332,0.24180537132096003)
 (-0.20109777560102532,-1.089948611801673)
 (-1.0792332619642639,0.27196424447525802)
 (-0.32112397510836888,1.4129166138481608)
 (-1.024371612952689,-1.0783322628140626)
 (0.31941142053211086,-0.27108749063013199)
 (0.45574172957669346,-0.15168472915350198)
 (0.057747636980707812,0.44716035856056258)
 (0.5304964584184183,-1.3824350585688876)
 (-1.3485464146724278,-1.7409232961846106)
 (-0.74903909394069534,0.4901640460598754)
 (-1.1250776866396635,-0.11266109870054178)
 (-0.43253524038477037,0.45169189775242485)
 (0.21321361674203154,-0.3688076406129277)
 (0.40397865715043679,-0.36233861239805176)
 (-0.13042338463724112,-0.25298402974625239)
 (-0.72338174467324612,-1.1329500769096579)
 (0.74762896499490705,0.170348533748611)
 (-0.79991351738479965,-0.11963744966226764)
 (-0.36799435607686998,-1.0586061226898853)
 (0.47826353462094684,1.2396408377092121)
 (-0.23666307395741787,0.39923465523609641)
 (0.61203112286448813,0.20591801939862137)
 (0.25096273692320109,0.22790483544489246)
 (-0.84725753478776522,-0.48748334955282246)
 (1.1292836237039527,0.46185518594352848)
 (-0.88494537431643039,-0.76748763475481763)
 (-0.53619112494258125,-0.46089606879698553)
 (0.59483025544371004,0.45273059588530812)
 (-0.048966822822175987,0.46836502120501572)
 (-0.80693341360344506,-0.72866721550199076)
 (0.13995650314114164,-0.43153582497467735)
 (0.6352515418222372,0.51947612211281058)
 (-0.0057021326135875405,0.55909776966531899)
 (0.58835526480778788,1.3672862906394903)
 (-0.46878452963537104,1.0205391302916285)
 (0.078294629538882526,-0.55696671313378254)
 (-0.12958284500773284,-0.83198977270156182)
 (-0.44349181940699345,-0.24803704575147723)
 (1.5975710445860392,-0.44520104653176329)
 (0.015784872652505666,0.99440756940503405)
