# Created by Octave 8.4.0, Thu Dec 11 09:47:22 2025 IST <gamana@Samsung>
# name: awgn20
# type: complex matrix
# rows: 2048
# columns: 1
 (0.85226878858427346,0.98570849679876915)
 (0.26026499552765753,-0.33148850805969204)
 (0.21911721133810089,-1.0432751409731953)
 (0.98865140164433607,-0.28475478423942202)
 (0.9612555330210194,0.33604347477861979)
 (0.89705991818544595,-0.87892288048605294)
 (-0.94444978863947771,0.30960829891629271)
 (-0.26569015184974559,-0.85023327582342301)
 (0.8792610733004782,0.36720301668666494)
 (0.41171211865953289,0.29996610849247413)
 (0.35977260483923318,-0.36603844534586999)
 (0.31303947077455324,1.0608907471225484)
 (1.0474685500152332,0.34596380190360215)
 (-0.33335295205854115,-0.9264496520866401)
 (0.91401974329884661,-0.26296121153386443)
 (0.25660149913596797,0.26978891058945148)
 (-0.81635234823493508,-0.46829198425065732)
 (0.33975492284801201,-0.31335983807004453)
 (0.9332816036198105,0.97739516171073815)
 (-0.89999688098373731,0.96983747748309546)
 (0.34991869627015576,-0.33961007783442165)
 (0.42081354715691194,-0.33146002400716623)
 (0.98051078993276297,-0.90250185598585841)
 (0.23703225766447861,0.97751889958238747)
 (0.99702648504757085,-0.94687414626223332)
 (0.9266820437349097,0.32726563609711129)
 (0.99293765307404092,-0.32732705423298175)
 (0.22334278057884527,-0.3674228501621295)
 (0.85375727242461774,0.24935343634506274)
 (-0.95770518919186987,-0.35151462432138436)
 (-0.88757170824066733,-1.0157715651226928)
 (0.91208638820083343,-0.39459331674661041)
 (-1.0079781821701361,0.96760503608620285)
 (-0.91011269404575235,-0.9692820107227984)
 (0.94163383897136677,-0.95533322555513922)
 (-0.91733937232540264,0.22138650919210076)
 (0.97689123359261421,-0.20191880275840562)
 (-0.31387712646636451,-0.89048053002858807)
 (0.89842281174157879,0.31740201679783203)
 (-0.93021496881031074,0.94096126120030377)
 (-0.96943553244931213,-0.33562913310788967)
 (-0.34617376485904749,-0.95986018954529295)
 (-0.92931045379391453,0.33021441078094615)
 (0.45736196445815708,-0.34415302273465198)
 (0.39503357231281488,0.94441972682468378)
 (0.91299492442968555,-0.14467947879831017)
 (0.36352725720793178,-0.89043807006035491)
 (1.0287544824560961,0.96152226909303096)
 (0.94595022069076951,0.38888786180480517)
 (-0.31469142797451066,-0.28002973608715381)
 (-0.25539171905017433,-0.33810398724437174)
 (-0.89186027042916627,-0.33815131328570336)
 (0.30270673941216897,-0.39865808091644028)
 (-0.95154536984273352,-0.92132329760112741)
 (0.91341926739197277,-0.99198881617037227)
 (-0.24294507519132291,1.0321245108335972)
 (-1.0850729798463687,-0.43294305412762779)
 (0.83503587529612899,0.29965397077304984)
 (0.77740649311287124,0.81083411258399396)
 (1.0140536306242405,-0.30633551466389758)
 (0.26163982900561866,-1.0039464714468507)
 (0.88600731872969707,-0.23101936898541833)
 (-0.39049874698785669,-0.92278052980272363)
 (0.97832024333269685,0.39624263369273693)
 (-0.24730679938147698,0.89335137187558955)
 (-0.92490197289753795,-0.82232430852231841)
 (0.8688633280367164,0.94978458458384252)
 (-1.0230727424999182,-0.8963102431657467)
 (0.46231893516432254,0.94071622890613094)
 (0.47136510013165073,0.96118395170090842)
 (-0.23911987765950454,-0.22583429938264626)
 (-0.96692418682188153,-0.91200790942706333)
 (0.91515641861697405,0.24098545863553572)
 (0.30884287464329652,0.95016287733545435)
 (0.95189737675290687,-0.15847424153353962)
 (-0.94295388153669912,0.95488617956214128)
 (-0.3173607690996193,-1.0048449464133615)
 (0.86742579065411385,-0.17227215817703165)
 (-0.35428223941815362,-0.98372893862985711)
 (-0.97952034315957515,-0.37837702041167282)
 (0.18515447888237055,-0.95965693367573968)
 (0.29754901638788678,-0.9799455853056408)
 (-0.26219739371432016,-0.97275178631333425)
 (0.2626819287890344,-1.0059904280093843)
 (-0.35375286618783996,-0.43471672750176837)
 (-0.91512162173870604,0.89888952431006719)
 (0.24495382603270366,-0.30231034455617639)
 (0.34317198441898328,0.40474541201688635)
 (-1.0474494356818906,0.38145984471248018)
 (-0.3406407958662655,-0.88341161710761629)
 (0.27454749718103538,0.98818606009483811)
 (-0.33206849470754768,0.31232038905272619)
 (0.90644169021810761,0.82295851482647042)
 (0.16816111358681227,0.95403340216990151)
 (1.0678845222650901,-0.29563855756555946)
 (0.94512753870181165,1.0217295793009737)
 (-0.83314503602061307,0.46694302033112711)
 (-0.39205106168379367,-1.088250706463133)
 (-1.0111393883096182,0.36244760352061223)
 (-0.37117278632148576,1.1127964901777165)
 (0.41680068297644879,-0.98629240240496574)
 (-0.88767338679600627,-0.18325346493663391)
 (0.28919472102658295,-0.31815482739883372)
 (1.1037217499600089,0.35700228897613234)
 (-0.91991823183414578,-0.41933187978021075)
 (0.91146059362896759,-0.85607305731872541)
 (0.7603121386580608,-0.9226172884347088)
 (0.96902222519765113,-0.26095523670015186)
 (-0.23121533571022637,-0.26379092877452387)
 (-0.95020455365460721,-0.30498607484656115)
 (-0.92712643810252082,1.041850810714313)
 (-0.90765978442192996,0.92084378416889545)
 (-0.84483567990138975,1.0089993089220199)
 (0.91021918161588988,0.90613521356842242)
 (0.80625101948262845,-0.29686364697364093)
 (0.85492571938891848,0.27087527241720571)
 (-0.30259516582119256,0.17469310421798809)
 (0.98901995527665898,1.0492531440296859)
 (-0.81909365899072295,-0.31757929869974644)
 (-0.332393088668964,-0.86153799133055697)
 (-0.97404246921849791,-0.9122333058676344)
 (-0.99091829713148649,0.349308740112103)
 (-1.0880158489457854,-0.97958336225208542)
 (0.84945162542054731,0.34080723285663844)
 (0.32726743712899176,0.33802516595557691)
 (-0.88977449914071383,-1.0020297413599331)
 (1.0611018071052092,1.0387553141180947)
 (1.0444421578456651,0.32803517324469333)
 (-1.0125665549152318,-0.96463009378458142)
 (-0.94748095908527485,0.87353440386267123)
 (-0.38964710955640436,-0.98946124098512156)
 (0.93548908837915445,-0.98600651198863654)
 (-0.32334959204485381,0.92431981475161196)
 (0.87371044569392409,1.0248111609888075)
 (-0.92784343159368532,0.91869256988965498)
 (-0.45306827750755618,0.95365093865355333)
 (0.39372614619563107,-0.97907909081358724)
 (-0.21319993739631193,0.2996027659925069)
 (0.87230138770770027,-0.28759634995653505)
 (-0.40043236701639201,0.34736245404088151)
 (-1.0520515725144601,-1.0746820740863814)
 (0.99371603916057816,-0.93560402806274745)
 (-0.98068685115595611,0.50314342750724217)
 (0.34096164923867167,-0.36682897013575932)
 (0.99082901189443695,-0.16378063618817335)
 (0.24960969009589493,-0.99267715364590414)
 (-0.95685172766354298,-0.77788073099659483)
 (-1.0098382525676333,-0.26913487462860985)
 (-0.93385777070513232,0.36740302009642284)
 (0.42880551511133175,-0.93241246665124111)
 (0.34855434669342444,0.94721104342734208)
 (-0.96097609105513582,-1.0478548350968548)
 (0.22678084686430092,0.32652781296111694)
 (-0.32753625296138783,-0.8031050643185681)
 (-0.83754908865907829,0.33409725976361881)
 (-0.27964637648717683,1.0006717465484272)
 (-0.3733690910617975,-0.88856101622952122)
 (0.34234006446676529,0.98935319973212832)
 (-0.28338943692823093,-0.26494463709086136)
 (-0.951871884017364,0.8888603847195421)
 (-1.0000302701162977,0.99241284092504212)
 (1.0074111560300274,0.92814674631666705)
 (0.30214358995493945,-0.98338897000128012)
 (0.33627232897081427,-0.8624217833494715)
 (0.32209884880356465,-0.21651515477851582)
 (0.96726360887325846,0.99020694092344019)
 (-1.0612558130131531,0.30329845884752127)
 (-0.45182172361173922,-0.91939539298610184)
 (0.31833656456677878,1.005453611322757)
 (-0.2652887925871083,0.2972128152233221)
 (-1.015339707170998,0.34093428528654257)
 (-0.19041304352744579,-0.30909649848248155)
 (-0.29025813567005621,-0.8765339807014163)
 (1.0069100587287245,0.37315757338668609)
 (1.0354829004188588,0.30048823676520831)
 (0.34039931448102817,0.36429505428694881)
 (0.93798426589908024,-0.35603621312276462)
 (-1.0067451696696936,-0.28245998196681255)
 (-0.19578250551861057,0.23393723845847184)
 (-1.0513594274827351,0.25302748912699208)
