# Created by Octave 8.4.0, Thu Dec 11 09:47:22 2025 IST <gamana@Samsung>
# name: rician
# type: complex matrix
# rows: 2048
# columns: 1
 (-1.2692906877649692,0.52176844751955298)
 (-0.28994375269474548,1.198725827283581)
 (0.77074798331807071,1.1473577112697486)
 (1.7521020624171317,-0.64289451997885594)
 (-0.15566602486369652,-0.080222392780555749)
 (-1.4185012352465651,-0.1822854561793591)
 (0.08635714674413511,-0.11303344881422622)
 (-0.6616572032342195,-0.56505257635972395)
 (-0.88225221899358552,-0.23942941847055324)
 (-0.19223605976720243,0.91909619421004174)
 (0.76857146428249945,0.56771363028511745)
 (-0.26460611537290646,-0.060834978877930768)
 (0.9655058413038442,-1.2386146574732582)
 (-0.034882943274680972,-0.58654052709908411)
 (-0.23439925465723055,-0.32224512325759702)
 (-1.4507877511976082,1.3187733005633548)
 (0.86827166218807184,-0.96983844697993071)
 (-1.0017846941209925,0.19263987267715874)
 (0.34056070610230132,-1.3537943745929453)
 (0.41595066893429156,0.11379977309808569)
 (0.46296761722693214,0.32949890176554875)
 (1.1029999021240238,-0.59324731686985022)
 (-0.48332220160017481,0.1993812177603829)
 (0.51236466670860803,0.88676764453081069)
 (-0.55087115050659685,0.66120015686608691)
 (-0.41433923783035553,0.8521169150230743)
 (-0.0057799780549889213,0.75154131019285009)
 (0.39733294145164322,-0.19149978554815694)
 (-0.043009417605326686,0.27493477988302395)
 (-1.2900295615647563,-0.95362437447615922)
 (0.28587798193548736,0.69939653023406168)
 (0.30522443979454661,-0.2746718817049606)
 (-0.54906098446128082,0.98133481375078557)
 (-1.7664464500364081,-0.11426079635734032)
 (0.041312509151289978,0.69033843957175778)
 (-0.34392921669980453,-0.23388677135461272)
 (-0.15019100992802115,0.19278936911198441)
 (-0.053516166299195062,0.71563076427987793)
 (-0.3390118453878857,0.35288791505991152)
 (-0.36277900147360159,-0.80432219705373142)
 (0.24719234046555427,0.45972337297966159)
 (-0.21974226674460559,-0.4966002469563699)
 (-0.37261891530716224,0.33647117744891858)
 (-0.99634618870482061,-0.39043141874368015)
 (0.23414605054778437,-0.77774828504299887)
 (-1.3057638702261922,-0.94436483359445988)
 (-0.15210838848430447,0.82256164503539775)
 (-0.74158037429964807,0.35726217706162855)
 (-0.61361977031046755,-0.66187133927096364)
 (-0.68173088520055647,-0.39001388811068038)
 (0.52988712202665145,-0.58088965361862888)
 (0.9937730379120443,-1.7393044607849646)
 (-0.54589672342295115,-0.50770605244928624)
 (-0.59640814930603991,-0.19138700302762909)
 (0.39300068816433553,0.09183543257413318)
 (-0.4501815984529805,-0.91246586130370699)
 (0.31510577452402228,1.019384884333179)
 (0.23093338920968864,-1.1976077603729283)
 (-0.18652623750559122,0.22488126668346486)
 (-0.25233520247270796,0.54184992212729965)
 (0.39970276864782128,1.0245485167111772)
 (-0.87117887941387717,-0.87142695593020736)
 (-0.42620905123539382,-0.50697939997108288)
 (0.29435913376177347,-1.619011052350694)
 (-0.83901070713181225,-1.1592155767093912)
 (-0.26353754489863424,-0.6393050811963753)
 (0.12714917896259315,1.0625885842903597)
 (0.10952880484900365,-0.46713926709871584)
 (1.2377282421871951,-0.10235552528704883)
 (-0.70986528638749846,-0.61434409451087868)
 (-0.043681486443850392,1.0803293192384789)
 (0.48950244248995173,0.42960436982761124)
 (0.61419005658440451,0.34060541273248512)
 (-0.11540685212132978,0.099298898512162281)
 (-0.51305113073461939,0.66930239347539366)
 (-1.7853359966214484,0.76875621613646439)
 (-0.24594755845410626,-0.59757457518679302)
 (-0.42702711628841095,0.96391992142722027)
 (1.3178184972462068,-0.48215104855475649)
 (-1.3963278252729396,-0.25185528304835092)
 (0.035493995285535582,-0.20626751474438737)
 (-1.080791208419742,-0.490074826575018)
 (0.054116679760010299,-0.15518051638224095)
 (-0.8953910971243535,0.61673760124522436)
 (0.60825833178315525,-0.99510140553890858)
 (0.1711853171460887,0.92654319335486401)
 (-1.0542446825835117,-0.2642954717613113)
 (-0.3441474235663281,0.20676976342894426)
 (-0.28719040934873385,0.38943257528601616)
 (-0.87247558809475412,1.2534275731347491)
 (-0.88858461627418917,-0.39469259851484717)
 (-0.20640594079373742,0.75107852236438166)
 (-0.30226473905154211,-0.39580482751837948)
 (0.69076067832314902,-0.7869734742747847)
 (-1.3383290179205098,-0.11063611651274663)
 (0.30614106738218061,1.049949568160472)
 (0.84635852318998706,-0.64277857833020979)
 (0.92859064533304303,0.41374657378665564)
 (1.4396836735243599,0.42965992779187534)
 (0.1368864142244719,-0.066520527243858096)
 (0.39324823905328615,0.58786961689665873)
 (0.28981145604476138,-0.63230504752637384)
 (-0.2610195445648924,-1.0095130193434445)
 (0.27195395699092584,-1.0160579296106351)
 (0.54694222003884874,-0.39520985158324468)
 (0.2702431014512986,0.28651408025419944)
 (1.246011860520752,1.226366891077139)
 (0.22530290608471132,0.5859579500121308)
 (0.9991073232260983,0.015560118628877018)
 (-1.1502472518335298,-0.33179931547032332)
 (0.55251893722198153,-0.58720162656710173)
 (1.0258630021701616,0.30219862468594272)
 (0.41378686162595185,-0.10575365778145188)
 (0.33336844227354656,0.41809915272386933)
 (-0.6236580982922425,-0.10940494684482849)
 (0.15819642658251859,0.29926030728179615)
 (0.3188294935092012,-0.24909146558342352)
 (-1.3905759665772959,-0.30801914924201368)
 (-0.54822288211664061,0.71198325562693376)
 (1.0004349728958775,0.54384646773395384)
 (0.0028096830842705423,-1.2219153102958007)
 (1.1266150919513895,-0.18248922650791055)
 (0.39149207534170272,0.29821538185729468)
 (-0.078205717125095026,-0.98531325400617398)
 (-0.59965703647235946,-0.056104342701132209)
 (0.53629741034547085,0.10775375992844564)
 (-0.18678850156880189,-0.033322478711038446)
 (-0.91130417467977887,1.368381397816409)
 (-0.3873905518752121,0.050656766982467433)
 (0.21302145164134539,-0.24444854399208721)
 (-0.14298575627118304,0.31972059460458835)
 (-0.49930525837969608,-0.40080804478882737)
 (-0.38717437629703577,-0.29876613033686228)
 (0.61140642888665497,-0.85114551013861361)
 (-0.33811598177969737,-1.4395535773716017)
 (0.60432302950464278,1.2494289821112132)
 (1.2538026445182255,-0.55157327657081523)
 (-0.06405473754956803,0.60010680898890589)
 (-0.46647477247559455,-0.11849592394228856)
 (-0.021283202979161156,-0.13910785272577564)
 (-0.03805558592415284,0.39657229260977656)
 (0.13340894999270092,0.80888946740301471)
 (-0.43979218783945295,-0.55300999304468001)
 (0.88914235674896036,0.45998119358418943)
 (-0.16399553879614964,0.50886861352848833)
 (0.73027590510112206,1.1233316562125824)
 (-1.1267679015613332,-0.34445632525212372)
 (0.089427670228925893,0.093588103658893557)
 (0.16073805040577216,-0.064067590286037521)
 (0.098494061792250301,0.26376811443999221)
 (0.33879568814856281,0.39313651621351414)
 (1.4980206849603412,-0.44571688883261407)
 (-0.1118718887545968,-0.49711130225344952)
 (0.0877098514744101,-0.19605085511977474)
 (0.95160209763567194,-0.74797580704217814)
 (-0.54987815234496795,0.14607529728828228)
 (0.020872148300087379,0.3561192550834984)
 (0.21508196179876726,-0.50695235007008654)
 (-0.053142835003640865,0.45397415845639072)
 (0.18826866429691427,0.38043190921941006)
 (0.2663581051412901,0.42638445044408335)
 (0.43050776700319165,0.61349527881653332)
 (-0.26760159939920714,-0.36008760488794855)
 (0.46265268332388659,-0.084350226261790839)
 (-0.18333876252364323,-0.079017072908899477)
 (-1.4381890127177406,-1.3141242544825342)
 (0.40543351435344088,0.68239930488358258)
 (0.61129738485825025,1.137614667497576)
 (-0.66834246821203513,0.21248742801970455)
 (-0.31344665414960604,0.364994506813695)
 (0.57642137533984894,-0.81281699016850606)
 (1.245427577000821,0.76122907773282211)
 (0.36520380248600742,0.98192150023466018)
 (1.2978282097094245,-0.058127586516143803)
 (0.16030667585396904,-0.075085464179237671)
 (-0.32226692745531793,1.1644170555683002)
 (0.59155705114474988,-0.61399252275100213)
 (-0.061129114180201546,-0.53023517953826305)
 (-0.38505449834634453,0.91389419096355939)
 (0.10448766817271848,-1.1544438404144737)
