# Created by Octave 8.4.0, Thu Dec 11 09:47:22 2025 IST <gamana@Samsung>
# name: clean
# type: complex matrix
# rows: 2048
# columns: 1
 (-0.3187276291558383,-0.3187276291558383)
 (-0.3187276291558383,-0.3187276291558383)
 (-0.3187276291558383,-0.95618288746751501)
 (-0.95618288746751501,0.3187276291558383)
 (-0.95618288746751501,0.3187276291558383)
 (-0.3187276291558383,0.95618288746751501)
 (-0.95618288746751501,0.3187276291558383)
 (-0.3187276291558383,-0.3187276291558383)
 (-0.3187276291558383,0.95618288746751501)
 (-0.3187276291558383,-0.95618288746751501)
 (-0.3187276291558383,0.95618288746751501)
 (0.3187276291558383,0.3187276291558383)
 (-0.95618288746751501,0.95618288746751501)
 (-0.95618288746751501,-0.3187276291558383)
 (0.3187276291558383,-0.3187276291558383)
 (0.95618288746751501,-0.3187276291558383)
 (0.3187276291558383,0.3187276291558383)
 (-0.95618288746751501,0.95618288746751501)
 (0.3187276291558383,0.3187276291558383)
 (-0.95618288746751501,0.3187276291558383)
 (0.3187276291558383,-0.95618288746751501)
 (-0.3187276291558383,-0.95618288746751501)
 (-0.95618288746751501,-0.3187276291558383)
 (0.95618288746751501,-0.3187276291558383)
 (-0.3187276291558383,-0.95618288746751501)
 (-0.95618288746751501,-0.95618288746751501)
 (0.3187276291558383,0.3187276291558383)
 (-0.95618288746751501,-0.3187276291558383)
 (0.3187276291558383,-0.95618288746751501)
 (-0.3187276291558383,-0.95618288746751501)
 (0.95618288746751501,-0.3187276291558383)
 (0.95618288746751501,0.95618288746751501)
 (-0.3187276291558383,-0.3187276291558383)
 (0.3187276291558383,-0.95618288746751501)
 (-0.3187276291558383,-0.3187276291558383)
 (0.95618288746751501,-0.95618288746751501)
 (0.3187276291558383,-0.3187276291558383)
 (0.3187276291558383,0.3187276291558383)
 (-0.3187276291558383,-0.95618288746751501)
 (0.95618288746751501,0.95618288746751501)
 (-0.3187276291558383,0.95618288746751501)
 (-0.3187276291558383,-0.3187276291558383)
 (-0.95618288746751501,0.3187276291558383)
 (0.3187276291558383,-0.3187276291558383)
 (0.95618288746751501,0.3187276291558383)
 (0.95618288746751501,-0.95618288746751501)
 (0.95618288746751501,-0.95618288746751501)
 (-0.95618288746751501,-0.3187276291558383)
 (-0.3187276291558383,0.3187276291558383)
 (-0.95618288746751501,0.95618288746751501)
 (-0.3187276291558383,0.95618288746751501)
 (0.95618288746751501,-0.95618288746751501)
 (-0.3187276291558383,-0.3187276291558383)
 (-0.95618288746751501,-0.3187276291558383)
 (-0.95618288746751501,-0.3187276291558383)
 (-0.3187276291558383,-0.3187276291558383)
 (0.95618288746751501,0.3187276291558383)
 (0.95618288746751501,-0.3187276291558383)
 (0.95618288746751501,-0.95618288746751501)
 (0.95618288746751501,-0.3187276291558383)
 (-0.95618288746751501,-0.95618288746751501)
 (-0.95618288746751501,-0.95618288746751501)
 (-0.3187276291558383,0.3187276291558383)
 (0.95618288746751501,0.3187276291558383)
 (-0.3187276291558383,0.95618288746751501)
 (0.3187276291558383,0.95618288746751501)
 (-0.3187276291558383,0.3187276291558383)
 (-0.95618288746751501,-0.3187276291558383)
 (0.3187276291558383,0.3187276291558383)
 (0.3187276291558383,0.3187276291558383)
 (0.3187276291558383,-0.3187276291558383)
 (0.3187276291558383,0.3187276291558383)
 (-0.3187276291558383,0.3187276291558383)
 (0.95618288746751501,-0.95618288746751501)
 (0.3187276291558383,0.95618288746751501)
 (-0.3187276291558383,0.95618288746751501)
 (-0.3187276291558383,-0.95618288746751501)
 (-0.95618288746751501,-0.3187276291558383)
 (-0.95618288746751501,0.95618288746751501)
 (0.95618288746751501,-0.95618288746751501)
 (0.3187276291558383,0.3187276291558383)
 (0.3187276291558383,0.95618288746751501)
 (-0.95618288746751501,-0.3187276291558383)
 (-0.95618288746751501,0.3187276291558383)
 (-0.95618288746751501,0.3187276291558383)
 (-0.95618288746751501,0.3187276291558383)
 (0.3187276291558383,-0.3187276291558383)
 (-0.3187276291558383,-0.3187276291558383)
 (0.95618288746751501,0.95618288746751501)
 (0.3187276291558383,-0.3187276291558383)
 (0.3187276291558383,0.95618288746751501)
 (-0.3187276291558383,0.95618288746751501)
 (0.95618288746751501,0.3187276291558383)
 (-0.3187276291558383,0.3187276291558383)
 (-0.95618288746751501,0.3187276291558383)
 (-0.95618288746751501,-0.95618288746751501)
 (0.3187276291558383,-0.3187276291558383)
 (-0.3187276291558383,0.95618288746751501)
 (0.95618288746751501,0.3187276291558383)
 (-0.3187276291558383,0.3187276291558383)
 (0.95618288746751501,-0.95618288746751501)
 (-0.3187276291558383,0.95618288746751501)
 (-0.95618288746751501,-0.95618288746751501)
 (0.95618288746751501,0.3187276291558383)
 (0.3187276291558383,0.95618288746751501)
 (0.3187276291558383,-0.3187276291558383)
 (0.95618288746751501,0.3187276291558383)
 (-0.95618288746751501,0.3187276291558383)
 (0.95618288746751501,-0.3187276291558383)
 (-0.3187276291558383,0.95618288746751501)
 (0.3187276291558383,-0.3187276291558383)
 (0.95618288746751501,-0.3187276291558383)
 (-0.3187276291558383,-0.3187276291558383)
 (-0.3187276291558383,-0.95618288746751501)
 (0.3187276291558383,-0.95618288746751501)
 (-0.3187276291558383,-0.3187276291558383)
 (0.95618288746751501,-0.3187276291558383)
 (-0.95618288746751501,-0.95618288746751501)
 (0.3187276291558383,-0.3187276291558383)
 (0.3187276291558383,0.3187276291558383)
 (-0.95618288746751501,-0.95618288746751501)
 (0.3187276291558383,-0.95618288746751501)
 (-0.95618288746751501,-0.3187276291558383)
 (0.3187276291558383,0.3187276291558383)
 (0.95618288746751501,-0.95618288746751501)
 (0.95618288746751501,-0.95618288746751501)
 (-0.3187276291558383,-0.3187276291558383)
 (0.3187276291558383,-0.95618288746751501)
 (-0.3187276291558383,0.95618288746751501)
 (-0.3187276291558383,-0.3187276291558383)
 (-0.95618288746751501,-0.95618288746751501)
 (0.95618288746751501,-0.3187276291558383)
 (-0.95618288746751501,0.3187276291558383)
 (0.3187276291558383,0.3187276291558383)
 (-0.3187276291558383,0.3187276291558383)
 (0.3187276291558383,0.3187276291558383)
 (-0.3187276291558383,-0.95618288746751501)
 (-0.3187276291558383,-0.95618288746751501)
 (0.95618288746751501,-0.3187276291558383)
 (-0.95618288746751501,-0.95618288746751501)
 (-0.3187276291558383,-0.95618288746751501)
 (-0.3187276291558383,-0.3187276291558383)
 (0.95618288746751501,-0.95618288746751501)
 (-0.95618288746751501,-0.95618288746751501)
 (-0.95618288746751501,-0.3187276291558383)
 (-0.3187276291558383,-0.3187276291558383)
 (-0.95618288746751501,0.95618288746751501)
 (-0.3187276291558383,-0.3187276291558383)
 (0.95618288746751501,-0.95618288746751501)
 (-0.95618288746751501,-0.3187276291558383)
 (0.95618288746751501,0.95618288746751501)
 (-0.95618288746751501,0.95618288746751501)
 (0.3187276291558383,0.95618288746751501)
 (0.95618288746751501,-0.3187276291558383)
 (-0.95618288746751501,0.95618288746751501)
 (0.95618288746751501,-0.95618288746751501)
 (-0.95618288746751501,-0.3187276291558383)
 (0.3187276291558383,0.95618288746751501)
 (-0.3187276291558383,-0.95618288746751501)
 (-0.3187276291558383,-0.95618288746751501)
 (-0.95618288746751501,0.95618288746751501)
 (-0.95618288746751501,0.95618288746751501)
 (-0.95618288746751501,0.3187276291558383)
 (-0.3187276291558383,-0.3187276291558383)
 (0.95618288746751501,0.95618288746751501)
 (0.3187276291558383,-0.95618288746751501)
 (0.95618288746751501,0.95618288746751501)
 (-0.95618288746751501,-0.3187276291558383)
 (-0.3187276291558383,-0.3187276291558383)
 (-0.95618288746751501,-0.95618288746751501)
 (-0.95618288746751501,-0.3187276291558383)
 (-0.95618288746751501,-0.95618288746751501)
 (0.3187276291558383,-0.3187276291558383)
 (-0.95618288746751501,0.3187276291558383)
 (-0.95618288746751501,-0.3187276291558383)
 (0.3187276291558383,0.95618288746751501)
 (0.3187276291558383,0.95618288746751501)
 (-0.95618288746751501,0.3187276291558383)
 (-0.95618288746751501,-0.3187276291558383)
 (0.95618288746751501,0.3187276291558383)
 (0.95618288746751501,-0.95618288746751501)
 (-0.3187276291558383,0.95618288746751501)
