# Created by Octave 8.4.0, Thu Dec 11 09:47:22 2025 IST <gamana@Samsung>
# name: rician
# type: complex matrix
# rows: 2048
# columns: 1
 (0.30261562996985586,0.20459762105186494)
 (0.45754893505709204,-1.0067206813352003)
 (-1.1116092697229873,-0.81637405453821921)
 (-0.0079193518499361126,-0.66975932652708414)
 (-0.78429240267425437,1.0162833532531417)
 (0.74074745747290616,0.8031154856641961)
 (0.2746678487738663,-0.65805010261794605)
 (0.81597301465822203,-0.34020063531705635)
 (0.36295813296370494,-0.44297516075146814)
 (-0.26660628482174487,0.21132944098895609)
 (0.21266620273396505,0.20189579804444727)
 (-0.73688362786938599,1.0516936252709796)
 (1.0752277920877866,-0.2201070679830843)
 (-0.64612824064401453,-0.48103888890880897)
 (-0.67175079072552646,1.2249331000897892)
 (1.2551810667509598,1.2187890622071111)
 (0.36089272188370392,0.5114950544601522)
 (0.43386734790020165,0.27468366100757324)
 (0.44004593776194378,0.17094952973615174)
 (-0.11166671832920766,-1.4303937173997823)
 (-0.28005396852047154,-1.0583207335158957)
 (0.26620423647600094,0.20747100851252478)
 (-0.71920577139661956,-0.10340600883499913)
 (0.52195340621401409,1.0199070100323095)
 (-0.11416047547266364,0.61992927816930299)
 (-0.10152368426276473,-0.81093716249556025)
 (1.0935052749646696,0.37835017323458497)
 (0.21941135119243871,0.49007671378922668)
 (-0.10202700164246968,-0.048703664551125889)
 (0.24174906504262253,-0.41334574539313651)
 (0.3585631227967862,0.025281223503433148)
 (0.010572973700468974,0.53517987101262232)
 (-1.3321338741500852,1.128475039091646)
 (0.10705984640328613,-0.3674988461669092)
 (0.12287224645136144,0.26073575555729067)
 (-0.23854807619487006,-1.6124997369794123)
 (0.46614574701037725,-1.2576904841358645)
 (-0.59447308653690867,0.1896922671208163)
 (0.26782131747286703,-0.22283015219133007)
 (1.3958153847640604,0.44975134133252737)
 (-0.70143233917850956,0.99669268588417237)
 (1.5846414155568995,-1.0723659767092264)
 (1.4994785058114877,0.88168331795484667)
 (-0.81431837311981492,-0.92141079268089521)
 (0.040266216187020198,0.95064674306499819)
 (0.11611516205841049,0.32658756676448869)
 (-0.84797036536718362,-0.38383850912611461)
 (-0.0031876899041609896,0.56361254104726055)
 (0.014275801718626857,0.77760371231076841)
 (0.74363830221698524,1.3047017189089545)
 (-0.43437943664273704,0.59479263414567518)
 (-0.34857642961687435,-0.16950383552188025)
 (-0.4211227290843032,-0.058354511469006498)
 (-0.30498498383806749,0.36173843226806723)
 (0.46742123411121261,0.27846383779191236)
 (-0.8081461068765301,0.50158309691109615)
 (0.52007885964742218,1.0881636487746951)
 (0.49659578287625583,0.31094765906766464)
 (0.24539433737234884,0.42216169323904007)
 (0.59453376362854915,0.38167370800179407)
 (-0.7534242339718662,0.47947486559343461)
 (-0.99597282353234939,-0.099311000467772942)
 (0.74445925671745661,0.37692226570388354)
 (0.32929812495825345,-1.2795041508192886)
 (-0.24146102297481453,0.34075496161868257)
 (-0.24339466786504277,0.1266052605365468)
 (-0.93758041201800624,-1.3593977902520613)
 (-0.19538368832030639,-0.53602648351956916)
 (-0.99306550954339112,-0.67288328588215429)
 (0.49444583880706,0.42390750594488896)
 (0.55049971001146702,0.54982024561936405)
 (1.0058575058825654,0.044101249500052453)
 (0.70858660073291191,0.53512434845328916)
 (-0.9446979879239229,0.41973417087791443)
 (0.25154492661158029,-0.56870575343361707)
 (-0.6762102714066095,0.019591051700320827)
 (0.90217203658345546,0.10268385320753931)
 (-0.6869590968163044,0.89772010132606761)
 (0.016370392131718092,1.4455176940338466)
 (-0.15263089951847642,1.028795138994189)
 (-0.21882416084926112,0.32749365402690822)
 (-0.41829142386819651,1.4378314282079787)
 (0.35805736463348758,0.28077129840718407)
 (1.1317417077968726,1.976846018712727)
 (0.79445650907974452,-0.43507410789449541)
 (-0.001983430405462519,0.15792496866685574)
 (0.25007715336374992,-0.29990289026158889)
 (-1.1557365457641371,0.91255712595389493)
 (1.4655490186268685,-1.5005500546094031)
 (-0.60540529894613471,-0.30431989973058032)
 (0.039803243074716221,-0.80373766020581561)
 (-0.28835394226559519,-0.86284706026960323)
 (-0.93076631013982825,-0.46930426326048263)
 (-0.31821536875305978,-0.68813596610537897)
 (-0.53566400882454579,0.89289685090573789)
 (-0.21352743519890038,0.3296741871322556)
 (0.16117670599150974,1.5335319210219265)
 (-0.87714415510303878,-0.69190638952688621)
 (-0.062516697625210185,-0.061203510727513843)
 (-0.37504704843439679,-0.11691231908137573)
 (-0.52445556393000758,0.30623020433797465)
 (0.79565444301160859,-1.4672975817446061)
 (-0.24388251376493231,0.90815708201967082)
 (0.85866233163010453,1.0046093936791558)
 (0.59395554219938906,0.27250999408838461)
 (0.076317829365774192,0.86316549889820871)
 (-1.1458595770850413,-0.99686710338413564)
 (0.19997444665508704,-0.21216096502376161)
 (-0.24906212089450047,1.3819751619086567)
 (0.7194166685365786,0.56955773929968756)
 (0.28307875878006283,0.89736711073679998)
 (0.42242610475592046,0.88863676707143868)
 (0.19447090589030169,-0.091742565798973677)
 (-0.78058856717893066,-0.28258641725349448)
 (0.87193552199643831,-0.7073304318092013)
 (1.0127274276977567,0.5411294477303854)
 (-0.0067156511719001361,0.20912768422651151)
 (0.95986798768957615,-0.3820390557643969)
 (0.028825353702695095,-0.25930285752857563)
 (-0.48556310118335988,0.65273450611006634)
 (-0.3456759824384249,0.25141213452526534)
 (-0.40908836884017613,0.33171280048008117)
 (-0.067681188641293161,0.52870567737872132)
 (-0.83510676683599905,0.14620155804924947)
 (0.44951811723173563,0.56496992203767316)
 (-0.83948792962868768,-0.1990487993037498)
 (0.23848555520007383,0.4777800202218031)
 (0.75764469774756582,1.0176625003434212)
 (-0.3156602930829881,1.0986951252888542)
 (-0.68453852940157067,0.67738938270889393)
 (1.1017111445758401,0.77842636821476119)
 (-0.39939427430161756,-0.31965362425775928)
 (-0.46765354814932825,-0.91957466209192773)
 (-0.2221270820266007,0.80714826262182526)
 (0.59682383641683978,-1.1312381918971115)
 (0.73521010752972382,0.46250821463336067)
 (0.4136649604802411,-0.25832251755442276)
 (-0.40975359836874015,0.54487026075897893)
 (0.06665165161817499,0.070305233544334822)
 (-0.71162939553013127,-1.07310080995267)
 (0.49289441887891888,0.65861304763986084)
 (-0.53897717996558991,0.016127307094697813)
 (0.40335912791145723,-0.25163025861457478)
 (0.45076031681800777,-0.77209338404053407)
 (1.3911928428353542,1.1853700063144461)
 (0.28904087809015599,0.43903958529886578)
 (-1.0893198940082289,-1.8883896215449933)
 (1.348992530003821,0.12164649350257045)
 (-0.60951907712143694,-0.90278286737994295)
 (-0.88978610488653087,-0.25426310601420798)
 (-0.66483852266835253,-0.42015192726986189)
 (-0.46912540756326071,-0.81186885242922702)
 (-0.99865427207399571,-0.34441106025562124)
 (0.89194769530837736,-0.29459164801956589)
 (0.84791742536700221,-0.45748498793870224)
 (0.41932105578925744,-0.94961156795409174)
 (0.10758823912982732,-0.49559985814769381)
 (0.17839217808732963,-0.3013330163131831)
 (0.047822123110794396,-0.22997954093087322)
 (-0.3448396932984148,-0.029586965714487906)
 (-0.54316223065502256,-0.98725092100363854)
 (0.73602176759369953,-1.1912875878882367)
 (-1.040276175328088,-1.7882972439577651)
 (-0.46629183191763779,0.14813593123101151)
 (-1.3408663616328869,0.019060615099232681)
 (-0.078346566219403738,0.25401863578995537)
 (-0.41958094365022502,-0.23421421716668045)
 (1.2033994376104504,0.97356001714739959)
 (-0.4883155084822105,-0.6526383026483551)
 (1.0179742954728854,-0.79939526434515451)
 (-0.15781745162268368,0.69438222512522585)
 (1.1903606238549822,-1.0909078556147278)
 (0.64460455134307271,-0.27541759327817317)
 (0.17862179854153931,-0.20361050096741623)
 (0.4414454432362046,0.94158994554318065)
 (-0.42642407576422892,0.40298646781911418)
 (0.25288412029309976,0.17520959221014931)
 (1.2936655151942258,1.3574568173594801)
 (-1.4469242319954996,0.0016143680460373733)
 (0.50709266533512587,-0.14416675997803099)
