# Created by Octave 8.4.0, Thu Dec 11 09:47:22 2025 IST <gamana@Samsung>
# name: rician
# type: complex matrix
# rows: 2048
# columns: 1
 (-0.73261203302035183,-0.30277381913945672)
 (0.12322897597144897,0.45697792541639415)
 (0.074044738176160751,-1.0311202942238777)
 (-0.78654084600152574,1.5105270214411712)
 (-0.14728167694029265,-0.74494622664349097)
 (-0.077550784248713645,0.2419733745644273)
 (0.27818977485538948,-0.3052936172105476)
 (-0.43832156657976629,0.87669221569626299)
 (-0.55825090419964951,0.9832358590418856)
 (-1.1011447361920248,-0.84932158959509185)
 (1.1456027253965155,-0.50022265818631817)
 (1.3914233599214807,-0.21703010582824062)
 (1.3341014520628371,-1.3117187784771553)
 (0.63350757209452935,-0.28337543317416281)
 (0.012515296482082716,-0.87049200806973714)
 (0.60974839607659792,0.82069112338853567)
 (0.11616925204489642,-1.2108282777292545)
 (-1.1488764791523505,-1.8227400307179396)
 (-0.1228679304478773,1.1407914937511576)
 (-0.58970105452060639,0.90867347307393387)
 (0.33705507292168602,0.039732528544568851)
 (0.96226858058900988,-0.63373965665816878)
 (0.63979723156989343,0.53638336676335008)
 (-0.87484325553540809,0.6163041149958971)
 (-0.67121810850439911,-0.13232480863745463)
 (-0.42890834467486771,-0.11978599979656859)
 (1.4735664937969886,-0.63083166551793646)
 (-1.1161357545053099,0.93420871114198634)
 (0.94516288715263475,0.54544319311755207)
 (0.2347787667858667,0.54835924220440979)
 (-0.39795165016059902,0.65403648177931695)
 (-0.48572607232616088,0.14124379240104701)
 (0.52010377818869291,0.19320113756848784)
 (0.33952813719788077,-1.2175961705933436)
 (-0.31687262535272764,0.14848064524681054)
 (0.47051853604479166,-0.18528025300473719)
 (0.62446544747314525,-0.30145006036071087)
 (0.0090563568595654065,-1.4942357668232971)
 (-1.3774870877757224,0.083870399980124688)
 (-0.28784802911109436,-1.2571275571437541)
 (-0.54949297892687343,0.39225859850711453)
 (0.560316545041048,-1.1809604365697333)
 (0.30893945065804834,1.3346030020532029)
 (0.56473992270733508,-0.91937238864008197)
 (-0.50639457967177914,0.3856508331282652)
 (0.35521050956014943,-0.24412339298224461)
 (0.5155375020063333,-0.17613461611227513)
 (-0.27359205521436136,0.53740779359106083)
 (0.20055831861540449,-0.70882233688967389)
 (1.3539359498498782,0.7872498863438615)
 (0.32958568665954985,0.34724717815201583)
 (0.080294963449443812,-1.5683770249380271)
 (-0.1190751639241819,0.29665652358054817)
 (0.25985414743841417,0.23335412514611537)
 (-0.026570735413853408,-1.2293939830832334)
 (-1.0446808327068633,1.7044865099647144)
 (1.1098573902865732,1.2717635680360415)
 (-0.26656532555088946,-1.0930556146061465)
 (0.29130960536585077,-0.22328414182213135)
 (0.83455426125162291,-0.042598312906619279)
 (-0.23516444685389531,-0.73271982129796509)
 (-0.9431898645832737,-0.89686440467464035)
 (-0.025365284083689599,0.98735593375062258)
 (0.40928573409089397,-0.051752109624681714)
 (0.96673016067443918,0.8732434660258841)
 (-0.2822896901761261,-0.00624111757015966)
 (-0.24253764441932329,0.44128282900758903)
 (-0.36429819899622679,-0.22919100795169584)
 (-0.25769493900737633,0.21522566024315759)
 (0.77982611322721218,-0.19976346802884989)
 (1.2805500445496298,-0.42767314250585065)
 (1.2209909239042434,-0.11485349906127357)
 (1.8945570248769603,-0.38055412543095513)
 (1.0723817366624355,1.0437467611585569)
 (0.32661452013585041,-1.1989679344913737)
 (0.60572996900307752,-0.2550730542584293)
 (0.9489314297832856,-0.15266846188239647)
 (-0.5383617281715255,0.19833727328937992)
 (1.3569144608502175,0.065116944002239718)
 (1.2523814227824666,-1.9286183895172573)
 (-1.2572087414854849,0.49287558794294378)
 (-1.695286328434757,1.0361784870443542)
 (0.39285143170285391,-0.15317110713510101)
 (0.98176122533030807,-0.84182069101269086)
 (0.86952805807301115,0.54161933587674138)
 (-0.10364137237042267,0.29675954484275024)
 (0.33838521923248666,-0.53117856687442566)
 (1.2792496657243928,-0.26204230831927677)
 (-0.32876649221294024,1.4153298134169083)
 (-1.2666214943615506,0.17688990055421894)
 (0.32219566073295536,0.085879830095610538)
 (-0.65525709335587767,-0.22277987104744526)
 (-0.36840011483381641,1.3677321623194547)
 (-0.33089869365476926,-0.092879707485118049)
 (-0.81343924483788155,1.4223495154732217)
 (1.1504904931551794,0.19390599661991326)
 (-1.0283143473502694,1.3361724141454072)
 (-0.74762790911274535,0.36397435201573436)
 (0.6830411934961983,-0.22686774493003628)
 (0.85876525414001192,1.0297538252888585)
 (-0.81533329589329262,0.81548241939284183)
 (-0.68120340608587093,0.43942312687211449)
 (0.5772766618510885,-1.7432932210711503)
 (-0.60199485305508593,1.4117106940318631)
 (0.91794151417564629,-0.22526263441787764)
 (0.47563650895553655,0.88898633093481894)
 (0.066197630820144723,-0.23999918518830055)
 (0.39844082545363646,-1.2122847867578019)
 (0.32865264421235174,0.117821659356125)
 (-0.69326218751897595,0.601859690369971)
 (0.91916708026306382,0.3900265766925366)
 (-0.88397449956310215,-0.49211695607958361)
 (-0.45023023389722583,-1.2554753271127577)
 (-0.16439918526914873,0.82696733821737312)
 (-0.32181482381572152,0.77475212741491595)
 (1.3300966548258248,1.042771381691614)
 (0.48189912072453767,0.45435401214451054)
 (0.32509835993671687,0.25200676917698095)
 (-0.93981839877612483,-0.76069911918344513)
 (0.17132342141114051,1.2538365818017645)
 (-0.60456327192733161,-0.38335643948100906)
 (-0.37613380094054211,0.29752455921095328)
 (-0.26220346213528295,-0.76371404492870187)
 (-0.32463419736907573,-0.43406423638498215)
 (-0.17599495898444886,0.14673363709381612)
 (0.46234831125820824,0.17513083323342921)
 (-0.27917918439910161,0.55881088951493907)
 (0.36271031759595485,-0.65707441338989681)
 (0.69826236327456981,0.65520582140848316)
 (-0.28753447542979915,-1.3249170648516979)
 (-0.31325455427453797,-0.21332602507260026)
 (0.084678013249908313,1.1044019724966858)
 (-0.36116059718231774,-0.34670037673428655)
 (-0.6270371807077485,2.2144910718120863)
 (0.15691403523247704,0.57755255105815484)
 (-0.028260641394070418,1.5057724377758608)
 (0.47959405059093013,1.0951423129691664)
 (-0.33007606387611899,0.49889221673732398)
 (-0.25111654966117058,-0.32996340259877655)
 (1.1642383722876481,-0.59543678305439007)
 (-0.59761459447459464,0.85436062723932416)
 (0.55973630837052213,-0.14004483989060856)
 (0.70810034729177773,1.2240461024523415)
 (-0.68538694731051553,0.086808613926356415)
 (-1.6271811275360233,-0.15810694865448449)
 (-0.21252927673160638,-0.33056166908332929)
 (-0.93866436855733504,0.04357622286173729)
 (0.24083865079266215,-0.69425133945532758)
 (0.59828247259454148,1.3010304157947596)
 (-0.43013745474863602,-0.91008025223972555)
 (-0.74870169150970201,-0.88118489789358734)
 (0.029488640714373265,-0.42919065020702907)
 (0.060138917073115167,-0.61020542876267436)
 (-0.28519741195690951,-0.31108873586833996)
 (-0.49561852706444692,0.18405883678115209)
 (0.14029710258535977,0.76288345390615508)
 (-0.69262737932912766,0.5072080815846467)
 (-0.34191786430772475,0.055601468712226904)
 (0.63473378208226983,-0.10789378712109859)
 (1.1461404020177239,-1.6980780042874666)
 (0.025934096582017674,-0.93714611419738969)
 (0.85564942132688104,0.25496186273649751)
 (0.79949567828727663,0.10379460293946866)
 (-0.0010717523437732412,-0.68253118561062809)
 (0.88649050119017292,-0.82796015600629524)
 (0.66198490350112915,0.32680145085959189)
 (0.44998004640929457,0.45724301658942479)
 (-1.315044701449575,-1.335919326105649)
 (0.41561308984390577,-0.36983149661148484)
 (-0.60030759078611173,-0.20248950314254036)
 (-0.65823378933495991,-1.0138983162303095)
 (0.34943295493372889,-0.97114713459925506)
 (0.25768985852092802,-0.32148709981097029)
 (-1.3514774087448529,0.33098094257315169)
 (0.13786526788212275,1.0298047273447255)
 (-0.308154182996627,-0.44720009059033683)
 (-0.11510831737033761,0.82178652377117611)
 (-1.0200828693219803,1.2095776659272672)
 (-1.0690374689557391,0.68822842911306004)
 (-1.1065615272702938,-0.8228288160606152)
