# Created by Octave 8.4.0, Thu Dec 11 09:47:22 2025 IST <gamana@Samsung>
# name: rician
# type: complex matrix
# rows: 2048
# columns: 1
 (-0.32169439821226836,0.19080620158647082)
 (1.4622461041955332,-0.58945767402917393)
 (1.1256764438213125,0.4070526994849526)
 (0.17896017695748462,0.24054570280378867)
 (0.50481617301845949,-0.53136811586250632)
 (-1.007227620611854,0.28696524827735409)
 (-0.24700554705162142,0.38192987637765574)
 (0.14271160649072179,0.33742868067833059)
 (-0.58437611917297305,-0.69679727628260213)
 (-0.47008758819263835,1.2002175185992592)
 (-0.14056203650858606,0.34601135680063472)
 (1.5123468108275671,0.59031351917015917)
 (-0.45615398067781643,0.048680341748595354)
 (0.31441052730044039,0.2866646854126963)
 (-0.032522710132628196,0.97850326914307617)
 (-0.096364021226751334,0.35049615857249161)
 (1.0926314035069353,1.4152642608443209)
 (0.91699345635986629,-1.4320578813736045)
 (-0.52405779668457986,-1.0738302646988707)
 (-0.2657834887070456,-0.64694007544417409)
 (-0.5411715154865131,-0.18324157176455008)
 (-0.20811656901372511,0.29938735167591368)
 (0.25668393295851794,0.18098517523631044)
 (0.53981710492959123,-0.55895401543427681)
 (-0.29144323332936511,-0.52071796958255612)
 (0.25675333927219079,-0.10231683997535836)
 (-0.68614683632402163,-0.32277690123865804)
 (-0.12829922230166438,-1.1215423627023831)
 (0.72447481703987315,0.35989397275769425)
 (0.45502472235466607,-1.028929138668504)
 (0.052441687319289776,0.70922670213125916)
 (0.87147359505800404,-0.048023321180700324)
 (0.35223771467381876,-0.26998314401777962)
 (0.14260056582170522,-0.97340314301718212)
 (-0.87709586517070404,0.32833744071315385)
 (-0.4446176253189017,-0.31220133696543617)
 (0.92113647017411959,1.4076893773226518)
 (0.05177130925588027,-0.024268091201914692)
 (0.63816832710622851,0.54116560919784917)
 (0.6208682346046922,-0.13942533487136291)
 (0.65199484525941331,1.1317300480428498)
 (0.39132373289315692,-1.4584762981127513)
 (-0.66305148345187614,-1.0296505112438965)
 (1.026599864551444,-1.2809601643320054)
 (-0.20877336393778573,-0.32572894936542757)
 (-0.19225288497346718,0.19763216264882108)
 (1.3038647471132525,-1.7428617011229517)
 (-0.85369484018838004,0.47270056850225117)
 (0.1541612518562509,-0.70704189453912325)
 (0.31980381930613638,0.21198414714197061)
 (0.35930677942795436,1.3493161831984779)
 (0.23684023761428305,0.2656133760806107)
 (0.77074228363136832,0.44379491649099723)
 (-0.87078156974148324,-0.54070775139952121)
 (0.24690409968288082,-1.159381961727171)
 (0.61542914453172293,-0.054802322182781249)
 (-0.47263774683813287,0.36121498760227377)
 (-1.4430355963506851,-0.091888003412564423)
 (0.47664921622874279,-1.3046205323104036)
 (-0.16342183290378295,0.32676516673203604)
 (-0.14422933456642231,-0.25156771155499741)
 (-0.18985966033355511,0.34418769260587928)
 (-0.8578604404482375,0.98547450161374184)
 (-0.40028909234508869,0.24064596239156125)
 (0.26137655823109801,0.51230244134178604)
 (0.69234415397440874,0.63475802460161723)
 (0.61418487794450016,-0.81552990868803776)
 (-0.42326377741231275,0.22516350312703742)
 (0.7442526188013775,-0.17075517980850158)
 (-0.89569843412131556,0.64392201023957685)
 (0.049658992678476455,-0.20429878375741567)
 (0.30180127498277126,-0.1108178223399499)
 (0.46153617553176346,0.135199843267403)
 (-0.93233139090198081,0.58181707362170298)
 (-0.22526060167812478,0.2554923097416672)
 (-0.81899818645240341,-0.68208946732932407)
 (-0.068491434001841836,-0.28887693355704419)
 (-0.30247757087947064,-0.8937685041824206)
 (-1.4452585976097276,0.51267283138031439)
 (0.22675405962089246,0.25041404138377577)
 (0.59654371438251352,-1.4165620288619549)
 (0.27537755379509576,-0.53385948463604038)
 (-0.17127382980459574,-0.20171133175472533)
 (0.37344781308989455,1.1495342927161516)
 (0.44601823057477841,0.26552875390483688)
 (-0.56582773265505815,0.49147407428322432)
 (0.22212524215585855,0.79911441629755076)
 (1.4476535380109974,1.3793836268964124)
 (0.45962516478944559,-1.2398819365745024)
 (-0.65400304002420551,-0.25802437723857097)
 (-1.7530632708713225,-0.80687668341933061)
 (-0.81975986055673644,-0.78711260963696694)
 (-0.38415258991608503,-0.59919317954318252)
 (-0.74148229502061014,0.3518136518597299)
 (-0.53712391833415163,-1.1724743285345336)
 (0.044514421533560555,1.3501481830045787)
 (-0.50448380815429728,0.88352062320517077)
 (0.25141376553928951,-0.30032419262408494)
 (0.10506289967903637,-0.98976603554373366)
 (0.95506093803089298,-0.13442219341050249)
 (-0.31421310863327201,-0.95902838057202955)
 (0.95165541547592858,0.011126029937272297)
 (0.25370503206097511,-0.11635141650533183)
 (0.42440208507806171,-0.28737699099422337)
 (0.36890824181700227,0.3530459920198728)
 (-0.95362829398817817,-1.1750728808048791)
 (-0.019710577108036864,-1.0988867403068312)
 (0.21927082429488687,1.0078445110685976)
 (-0.38652506921534613,-1.0740805932447721)
 (1.3676918371247293,-0.22846636681594157)
 (-1.2438591180438083,-0.47538214881025559)
 (-0.97275484858240446,-1.0062569537973125)
 (-0.19207601911570135,0.10529835802891571)
 (-1.2458567355172383,0.87322960958907014)
 (1.411518450949687,-0.38762920072710894)
 (-0.75387676668992942,0.38316880447168294)
 (-0.60155997382559223,-0.77594060149764665)
 (-0.19577385307544676,0.61678974176505252)
 (0.38556266726836713,-0.19044747283455771)
 (0.13124064889952616,0.65656834363496985)
 (0.90868175817160202,-1.0899261715155937)
 (-1.6226666397026275,0.64324652575411212)
 (-1.2051682872607996,-0.53248670766132444)
 (-0.096368957080198644,0.25887890215310455)
 (0.67469300753804462,0.3355073800919387)
 (0.035572925853113835,-1.5128317180799085)
 (-0.32534092447690421,0.54042914577941537)
 (-0.18191829423040878,0.85530764490451627)
 (-0.20062470346234118,-0.23756642394752525)
 (0.40173368570612089,0.27587669696851347)
 (-0.53405550595967399,0.54176303994125941)
 (-0.21071006532236153,-0.78129697174735191)
 (0.35765388556467592,-0.17812507969504299)
 (0.013075336833812845,-1.3903140129024802)
 (-0.53653672995193946,-1.2086892916549408)
 (-1.021903352508148,1.2155757261534315)
 (-0.4685241030919538,-0.082866353763247219)
 (0.13867946986919685,-0.83240027243482562)
 (0.79097544482318127,0.13908502538320233)
 (0.41978275995874714,0.17525389985236231)
 (0.40710973472708822,-0.083556481509696856)
 (0.27826764219110794,0.34133599308490825)
 (0.39172125441651084,-0.29373607484915587)
 (0.48815467600053564,-0.34663138927956394)
 (0.19742189893987064,-0.92328700799017049)
 (-0.61869662451333574,-0.19954217172099512)
 (-0.47896834174977748,-0.33490751130175239)
 (0.20828751857265826,0.15348503124524865)
 (1.3026723476176443,-0.90926323989976554)
 (-0.82466301459445968,0.85600648311123151)
 (-2.013443358429563,-0.79800978531314226)
 (0.053803014320607717,-0.33195629928238535)
 (0.40065379614819924,-0.41405287601786017)
 (0.7554341854969352,1.2623788864706804)
 (0.22319523931666946,-0.71208774669101782)
 (0.7810102979334731,-0.69263362904330072)
 (-0.59039256345189461,0.64534521428034208)
 (-0.38116922389755964,-0.80024127506661902)
 (0.76348199754345636,0.83161073515324446)
 (-1.1284490887475482,1.9035863232957517)
 (-0.69644102645419259,-0.73031661810845827)
 (0.09587872496919482,-0.30237948523265973)
 (0.91481785765774348,0.00046067461707249846)
 (-0.3965351993564703,0.74128518825463996)
 (1.0700081997479305,-0.45683278361090773)
 (1.4553431011452176,-0.52633493463301784)
 (-0.59519280329476176,0.64587037310580198)
 (-0.26954690031293826,-1.2090737180178392)
 (-1.334264270880003,-0.63337516029231189)
 (-0.96919153232608035,-0.6989697516022676)
 (-1.741166743925751,-1.3783677110254926)
 (0.32792506982859237,-0.1010128254474297)
 (0.61927783490004717,1.0764606590757773)
 (0.69838736628518838,-0.87027816983209461)
 (-1.1133075741912271,-0.26161839996315012)
 (-0.55957432207343671,0.57672564748389576)
 (0.48470072578673412,1.4849115553375027)
 (-0.35467811401479621,0.47728378875904565)
 (0.38245678069948297,-0.5007609702117467)
 (0.92969457271193778,-0.67688923034057602)
