# Created by Octave 8.4.0, Thu Dec 11 09:47:22 2025 IST <gamana@Samsung>
# name: clean
# type: complex matrix
# rows: 2048
# columns: 1
 (0.31258586606582545,-0.31258586606582545)
 (-0.31258586606582545,-0.31258586606582545)
 (-0.93775759819747628,-0.93775759819747628)
 (0.93775759819747628,0.93775759819747628)
 (0.31258586606582545,-0.93775759819747628)
 (0.93775759819747628,0.93775759819747628)
 (-0.93775759819747628,-0.93775759819747628)
 (0.31258586606582545,0.93775759819747628)
 (-0.31258586606582545,-0.93775759819747628)
 (0.31258586606582545,-0.31258586606582545)
 (-0.31258586606582545,0.31258586606582545)
 (-0.31258586606582545,-0.93775759819747628)
 (-0.93775759819747628,-0.93775759819747628)
 (-0.93775759819747628,0.93775759819747628)
 (-0.31258586606582545,0.31258586606582545)
 (0.31258586606582545,0.93775759819747628)
 (-0.31258586606582545,-0.93775759819747628)
 (0.93775759819747628,-0.31258586606582545)
 (-0.31258586606582545,-0.93775759819747628)
 (-0.93775759819747628,-0.93775759819747628)
 (0.93775759819747628,0.93775759819747628)
 (0.93775759819747628,-0.31258586606582545)
 (-0.93775759819747628,0.93775759819747628)
 (0.93775759819747628,-0.93775759819747628)
 (-0.31258586606582545,0.93775759819747628)
 (0.31258586606582545,-0.93775759819747628)
 (0.31258586606582545,0.93775759819747628)
 (0.93775759819747628,-0.93775759819747628)
 (0.93775759819747628,0.31258586606582545)
 (0.93775759819747628,-0.93775759819747628)
 (0.31258586606582545,-0.31258586606582545)
 (0.93775759819747628,0.31258586606582545)
 (-0.93775759819747628,-0.31258586606582545)
 (0.31258586606582545,0.93775759819747628)
 (-0.31258586606582545,0.31258586606582545)
 (0.93775759819747628,-0.93775759819747628)
 (-0.31258586606582545,-0.31258586606582545)
 (0.93775759819747628,-0.31258586606582545)
 (0.31258586606582545,-0.93775759819747628)
 (-0.93775759819747628,-0.93775759819747628)
 (0.31258586606582545,-0.93775759819747628)
 (0.31258586606582545,0.93775759819747628)
 (0.31258586606582545,0.93775759819747628)
 (0.93775759819747628,-0.31258586606582545)
 (-0.93775759819747628,0.93775759819747628)
 (-0.31258586606582545,0.31258586606582545)
 (-0.31258586606582545,-0.93775759819747628)
 (-0.93775759819747628,-0.93775759819747628)
 (-0.31258586606582545,0.31258586606582545)
 (0.31258586606582545,0.93775759819747628)
 (0.93775759819747628,0.93775759819747628)
 (-0.31258586606582545,-0.93775759819747628)
 (0.93775759819747628,0.31258586606582545)
 (0.93775759819747628,-0.93775759819747628)
 (0.31258586606582545,0.93775759819747628)
 (-0.31258586606582545,-0.93775759819747628)
 (0.93775759819747628,-0.31258586606582545)
 (0.31258586606582545,0.93775759819747628)
 (-0.31258586606582545,-0.31258586606582545)
 (-0.31258586606582545,-0.93775759819747628)
 (-0.93775759819747628,0.93775759819747628)
 (0.31258586606582545,-0.93775759819747628)
 (0.93775759819747628,0.93775759819747628)
 (0.93775759819747628,0.93775759819747628)
 (0.93775759819747628,-0.93775759819747628)
 (0.31258586606582545,0.93775759819747628)
 (-0.31258586606582545,-0.93775759819747628)
 (-0.31258586606582545,0.31258586606582545)
 (0.93775759819747628,-0.31258586606582545)
 (0.31258586606582545,-0.31258586606582545)
 (-0.93775759819747628,-0.93775759819747628)
 (-0.93775759819747628,-0.93775759819747628)
 (0.93775759819747628,0.31258586606582545)
 (0.31258586606582545,-0.93775759819747628)
 (0.31258586606582545,0.31258586606582545)
 (-0.31258586606582545,-0.93775759819747628)
 (-0.93775759819747628,-0.93775759819747628)
 (0.93775759819747628,0.93775759819747628)
 (0.31258586606582545,0.93775759819747628)
 (-0.31258586606582545,0.93775759819747628)
 (0.93775759819747628,-0.31258586606582545)
 (0.93775759819747628,-0.93775759819747628)
 (0.93775759819747628,0.31258586606582545)
 (0.93775759819747628,0.31258586606582545)
 (0.31258586606582545,0.93775759819747628)
 (-0.93775759819747628,0.31258586606582545)
 (0.31258586606582545,0.93775759819747628)
 (-0.31258586606582545,0.93775759819747628)
 (-0.31258586606582545,-0.93775759819747628)
 (0.93775759819747628,0.31258586606582545)
 (0.93775759819747628,0.93775759819747628)
 (-0.31258586606582545,0.31258586606582545)
 (-0.93775759819747628,0.93775759819747628)
 (0.93775759819747628,-0.93775759819747628)
 (-0.93775759819747628,-0.31258586606582545)
 (-0.93775759819747628,-0.93775759819747628)
 (0.93775759819747628,-0.31258586606582545)
 (0.31258586606582545,0.93775759819747628)
 (-0.93775759819747628,0.31258586606582545)
 (-0.93775759819747628,0.31258586606582545)
 (-0.93775759819747628,0.93775759819747628)
 (0.93775759819747628,0.31258586606582545)
 (0.31258586606582545,-0.93775759819747628)
 (0.93775759819747628,-0.31258586606582545)
 (-0.93775759819747628,-0.93775759819747628)
 (-0.31258586606582545,-0.31258586606582545)
 (0.31258586606582545,0.93775759819747628)
 (0.93775759819747628,-0.31258586606582545)
 (-0.93775759819747628,-0.93775759819747628)
 (0.31258586606582545,0.93775759819747628)
 (0.93775759819747628,-0.93775759819747628)
 (-0.31258586606582545,0.93775759819747628)
 (0.93775759819747628,0.93775759819747628)
 (-0.31258586606582545,0.31258586606582545)
 (-0.31258586606582545,0.31258586606582545)
 (-0.93775759819747628,0.93775759819747628)
 (0.93775759819747628,0.93775759819747628)
 (-0.93775759819747628,-0.93775759819747628)
 (0.93775759819747628,0.93775759819747628)
 (-0.93775759819747628,0.31258586606582545)
 (-0.93775759819747628,0.31258586606582545)
 (0.93775759819747628,-0.31258586606582545)
 (0.93775759819747628,-0.93775759819747628)
 (-0.31258586606582545,0.93775759819747628)
 (0.93775759819747628,-0.31258586606582545)
 (0.93775759819747628,-0.31258586606582545)
 (0.93775759819747628,0.31258586606582545)
 (0.93775759819747628,0.31258586606582545)
 (0.93775759819747628,0.31258586606582545)
 (-0.93775759819747628,-0.93775759819747628)
 (-0.93775759819747628,-0.31258586606582545)
 (0.31258586606582545,0.31258586606582545)
 (0.31258586606582545,0.93775759819747628)
 (-0.93775759819747628,-0.31258586606582545)
 (0.93775759819747628,-0.93775759819747628)
 (-0.31258586606582545,0.93775759819747628)
 (-0.31258586606582545,-0.93775759819747628)
 (0.31258586606582545,-0.31258586606582545)
 (0.31258586606582545,0.31258586606582545)
 (0.31258586606582545,-0.93775759819747628)
 (-0.93775759819747628,-0.31258586606582545)
 (-0.31258586606582545,0.31258586606582545)
 (-0.31258586606582545,0.93775759819747628)
 (0.31258586606582545,-0.93775759819747628)
 (-0.93775759819747628,0.93775759819747628)
 (0.93775759819747628,0.31258586606582545)
 (-0.93775759819747628,0.31258586606582545)
 (-0.93775759819747628,0.31258586606582545)
 (0.93775759819747628,0.93775759819747628)
 (0.31258586606582545,-0.93775759819747628)
 (0.93775759819747628,0.93775759819747628)
 (0.93775759819747628,-0.93775759819747628)
 (-0.93775759819747628,-0.31258586606582545)
 (0.31258586606582545,-0.93775759819747628)
 (-0.93775759819747628,-0.93775759819747628)
 (-0.31258586606582545,-0.31258586606582545)
 (-0.31258586606582545,0.31258586606582545)
 (-0.31258586606582545,-0.31258586606582545)
 (0.31258586606582545,-0.93775759819747628)
 (0.31258586606582545,-0.93775759819747628)
 (-0.93775759819747628,-0.93775759819747628)
 (-0.31258586606582545,-0.31258586606582545)
 (0.31258586606582545,0.31258586606582545)
 (0.31258586606582545,0.93775759819747628)
 (0.93775759819747628,-0.31258586606582545)
 (0.31258586606582545,-0.31258586606582545)
 (0.93775759819747628,-0.93775759819747628)
 (0.31258586606582545,-0.31258586606582545)
 (0.31258586606582545,-0.31258586606582545)
 (0.93775759819747628,-0.93775759819747628)
 (-0.93775759819747628,-0.31258586606582545)
 (0.31258586606582545,0.31258586606582545)
 (0.93775759819747628,-0.31258586606582545)
 (0.31258586606582545,0.93775759819747628)
 (-0.31258586606582545,-0.93775759819747628)
 (-0.31258586606582545,-0.31258586606582545)
 (-0.93775759819747628,0.31258586606582545)
 (0.31258586606582545,0.93775759819747628)
