# Created by Octave 8.4.0, Thu Dec 11 09:47:21 2025 IST <gamana@Samsung>
# name: awgn20
# type: complex matrix
# rows: 2048
# columns: 1
 (0.86250765682875896,0.94794920059835375)
 (0.87344583759856975,-0.25000448256108693)
 (-0.29442991159670651,0.89642968036342974)
 (0.87081213195051199,-0.35218849691334969)
 (0.97064279371708651,-0.25867898331556094)
 (-0.94756399550708292,0.97477673618770633)
 (0.22903974202810481,0.30284005606620801)
 (0.95525704007740608,-0.41107033785419511)
 (-1.0014814298556083,-0.29526856050010652)
 (-0.22646608657362055,0.29388786016039942)
 (0.93296104545577618,0.85386170202892342)
 (0.28032058147585143,0.28968994194665676)
 (-0.38761580790458405,-1.0377802410602337)
 (0.29973289562379918,0.39048326386025006)
 (0.27647103413973362,0.35497747967374421)
 (-0.25241857895291298,0.45964648526551277)
 (-1.0332510690020691,0.93394656239542551)
 (0.35033287692793724,0.27936086092139267)
 (0.27992833875031226,0.29861221678226718)
 (0.81370777257401183,0.31420674029148243)
 (-1.032703684590583,0.22838171373364957)
 (0.33277985771011453,0.24210486627811414)
 (-0.29060844938309788,1.02800824297492)
 (0.21678175516112191,-0.37768329040949616)
 (-0.15420612261914279,1.0273343606429517)
 (-0.2244839870163578,0.33282826989224129)
 (-0.81729816575806336,-0.93845013287474832)
 (-0.82777570177496207,0.27906489227513542)
 (0.30656976782857304,0.19196678594040817)
 (0.93969374372417014,0.30134645982072966)
 (-0.43223741028265278,-0.88067119620102541)
 (0.25392310174316779,0.93680038098581897)
 (-0.885077398599599,0.9360285285571911)
 (-0.86593205628207204,0.94835737036900036)
 (0.81187503454131416,-0.35877432416791649)
 (0.91859949050861123,0.22830514548633074)
 (-0.89209710634285722,-0.40138821860561663)
 (-0.38552629622914936,-0.8768520308744534)
 (-0.94355071592187179,0.95620565891548559)
 (0.93515580553300159,0.37336179476753462)
 (-0.97980665214555396,-0.31727412784417158)
 (0.8956248553025804,0.29297048701828726)
 (-0.8747291024352476,-0.72788233597251639)
 (0.27714130338124149,-0.35317828617385222)
 (0.36583676281648314,0.39108131040868738)
 (-0.31368501701963258,0.32314951815130516)
 (0.38302723270635919,0.40525300797928315)
 (0.35157237316836809,-0.87841195873970845)
 (-0.93787651741653333,-0.97783952616342762)
 (-1.0668698733360407,-0.28404379313303918)
 (-0.85059380323453604,-0.88804067068302572)
 (-0.98840932338535015,0.91394200151219029)
 (-0.84432576796859515,0.9649929109656904)
 (0.41151093271579609,-0.42043476089791365)
 (-0.29800076566171879,0.42738542899510434)
 (-0.35549146740519866,0.38133128458670967)
 (0.9109503114155364,-0.28690848173830441)
 (-1.0090237882776907,0.9453401021309622)
 (-0.18348146735486864,-0.88508826266219021)
 (-0.95825825905588713,-0.98485199406429802)
 (0.89207717247119389,1.0534772611008705)
 (0.86473236943583986,-1.0420649454288817)
 (-0.94404575158180637,-0.23740204659067482)
 (-0.89434574082850249,-0.36771969587664999)
 (0.30080761545543905,0.93939540158462176)
 (0.89272994062791944,-0.25252707591511564)
 (0.93389010097505887,-0.85725120582552272)
 (0.27357376871200101,0.80161559086381307)
 (0.9850552993523406,0.89464366552367236)
 (-0.96483115391427643,-0.28102367364559244)
 (0.90100520372394699,0.98651698799218734)
 (0.25051692501411221,0.28759796609521343)
 (-0.8604854318927333,-0.26445075884627789)
 (0.96331221531836331,-0.96503123378577627)
 (0.35649471685150774,0.91854923195890925)
 (0.97546171772220236,1.0586725934118659)
 (-0.9952933768187866,-1.0432183680111327)
 (-0.29720927300914862,-0.37385472482788168)
 (0.88604995720859925,0.90252488473254533)
 (-0.96931694526842727,0.38948482477911167)
 (-0.37164576475671446,1.0359224227020585)
 (1.0455299395341655,-0.9683335443451675)
 (0.97202301910409328,-0.93251690226669215)
 (-0.38176480380718403,0.95253429858532346)
 (1.0413940358300071,1.0133900978950365)
 (-0.29249046235021875,-0.43597628220100337)
 (-0.95809145691372533,0.28477210364250177)
 (0.83823336244195013,-1.0070541892825793)
 (0.24025397378775465,0.92325709997956684)
 (0.87296667114489346,-0.95880878414998494)
 (0.39887787390250568,1.026289714859425)
 (-0.96279614221925158,0.9470038301547804)
 (-0.33992550783357206,0.88868155852723096)
 (0.27397280447140515,-0.27847336667094058)
 (-0.38536917934304804,0.33030765645890503)
 (-0.2863658383352084,0.30760438190379452)
 (1.1231706880596803,-0.9923300138213591)
 (-0.43359969003401172,0.87915840036438897)
 (0.32160022429536039,-0.31437778596023452)
 (0.25387312011082791,0.9989050503284691)
 (0.94042186181956999,0.35572027096660946)
 (0.92493480860144517,-0.29499308128029528)
 (0.16049906429358504,0.3882008066667344)
 (-0.83855710026010843,0.99992169354847893)
 (0.25517038112841178,0.99591311471107824)
 (0.27418620592856069,-0.19481882762368191)
 (-0.9312439501333305,0.28530276959348788)
 (-0.84149481710373419,-0.94593806796422275)
 (0.90958403858330317,0.92903302040625424)
 (0.22603856527662031,-0.83336136885054157)
 (-0.33583994502714043,0.94876785829683419)
 (-1.0040052262075134,-0.44868228401572663)
 (-0.42361660324982731,-0.214080773122996)
 (-0.20496716721008817,0.90447969692204711)
 (0.36053778563112138,0.29267027968099629)
 (-0.36968258587601771,1.0180032977267739)
 (0.38086492653673587,0.26730235747569886)
 (-0.11470083719130042,0.78370486972498687)
 (-0.98099382060634632,-0.44335077498929087)
 (0.88242353810661156,-0.31723772955415619)
 (-1.0236336914430435,0.39016649020850402)
 (-0.48502486056477012,0.15053874896160732)
 (-0.87400470876734515,-0.90254294348874187)
 (1.0199935400278519,0.36247598817416427)
 (-0.95970309093627293,-0.28757842314962972)
 (0.2910667191955969,0.39644534362411504)
 (-0.92397735428173777,-0.93081032310482192)
 (0.90423369605670467,-1.0374396747604018)
 (-0.77914522654512075,-0.93895256167648633)
 (-0.93977760271689259,-0.31517623554055069)
 (0.89873706007358245,-0.18144458598624705)
 (-0.28618289539915115,0.95558234113935425)
 (0.31110895031768171,-0.43520628297028846)
 (0.29474008056773138,-0.95264291607360618)
 (-0.25501899049630228,-0.80978221953327656)
 (-0.25532078851763412,0.97626502420298256)
 (0.89658073415702366,-0.47546069796923457)
 (-1.0282381946419825,0.8836972059744107)
 (0.32175590316938157,0.32885050190587295)
 (0.26804189234866888,0.95525874503116104)
 (0.9387941576949137,-0.37624714149103144)
 (-0.36547055724397126,0.99978006611106784)
 (0.34550383434888776,-0.18042765902724947)
 (1.0115521231254074,-0.29192579308342598)
 (-0.3950509766305092,0.29810634223060095)
 (-0.90377638907749347,-0.25358883645865193)
 (-0.33948711909773766,0.29731479878428452)
 (0.83862846831638216,0.92215094827183719)
 (0.39230271876694572,-1.0064495646456235)
 (0.24509517609605294,-0.29851108676052679)
 (1.0216071179953266,0.23436198224298749)
 (0.22493103693193378,0.93852040742307186)
 (0.33448135042156701,0.89237525774661675)
 (-0.3048437806932135,0.34012467578158012)
 (-0.93324606284289602,0.84462328072275605)
 (0.35342434820164492,-0.34986349000605638)
 (0.98217043919413471,-0.26950251637324524)
 (-0.94897962314721718,0.83393216262668191)
 (1.0468903740407836,-0.19777040018863523)
 (0.97088758150519394,-0.89359683150962599)
 (-0.34644262761058875,0.41737431567271582)
 (-0.26792872034048587,0.8574338230502222)
 (0.41574238695429161,1.0647346403181788)
 (1.0465217985162425,0.36162496148860784)
 (0.90646124172205667,0.1824278938522001)
 (0.9046985397032915,-0.34546856986413388)
 (-0.37280966229788393,1.0032399642020584)
 (-0.93121852140664907,-0.28854689309286835)
 (-0.97904809535904447,-0.32349154477680547)
 (-0.97710215846535498,0.34192724555369863)
 (-0.92697578238263478,0.37183192930237419)
 (0.29046615326489861,0.96911965773143938)
 (0.88991815767642501,0.35307833172201647)
 (-0.93301240051474232,-0.88852753323545985)
 (1.003113877398903,-0.90107894633425178)
 (-0.27891883492821851,-0.21069629564503334)
 (0.98105558432466067,0.84945157297101703)
 (0.87088441939668149,0.37837861835547015)
 (0.9598669226423604,-1.0109434160241493)
 (-0.97282809249666302,0.99777586395907958)
