# Created by Octave 8.4.0, Thu Dec 11 09:47:22 2025 IST <gamana@Samsung>
# name: rician
# type: complex matrix
# rows: 2048
# columns: 1
 (0.09862640618918958,0.38336331398206425)
 (0.17729173236079823,0.95316375401710562)
 (-0.55590608261243624,1.2843810678699137)
 (-1.0439914154659615,-1.0846511809038939)
 (0.22049980124206758,0.28576096197163903)
 (-1.3613145978444727,-0.85411725069823996)
 (0.35991741534277844,-0.56923868243834541)
 (-0.42935154429071898,0.22456871460934572)
 (-0.56997549682302195,0.022954397747733946)
 (0.16153558648112148,1.0771375045652154)
 (-0.56107359569072313,-1.326068198855882)
 (0.32698189729822125,-0.27370929932293375)
 (0.79287449739999505,-0.22564538340537871)
 (-1.0163068124200798,-0.88585938823817734)
 (-0.037331965841885945,-0.34267471032032248)
 (0.31099762954073851,0.76905766960500654)
 (-0.29015913859435133,-0.26594316565698611)
 (-0.18059437028967634,-0.82622140764657581)
 (0.51774359750890586,0.56317214256008041)
 (-0.22415394356928897,-0.6809341026552751)
 (0.3850381642503849,0.52704421632352161)
 (1.2580927041400245,0.043589617960352323)
 (-1.0003677317069428,0.48415595373342324)
 (-0.78005665311167971,0.15656737987032182)
 (0.029624511309668644,0.31094326815474671)
 (-0.9215753025222152,0.93291980421202869)
 (0.14886199398942981,-0.85847649049247998)
 (-0.6866627260749677,0.62507287365642938)
 (0.37029044945469447,-0.11708258603482227)
 (-0.3203673275716773,-0.34842699832675794)
 (0.19964488977116793,-0.51183631960089482)
 (0.66390218507919685,0.90307541082091758)
 (-0.506278897566391,0.65438585278134986)
 (0.25276870342084379,0.14368847089762513)
 (-0.081399285751762418,0.70175093839710945)
 (0.61902978605110226,0.012799718640321117)
 (0.18753266321698564,-0.066972918427003203)
 (-0.59184750362481731,-0.22474404294772901)
 (0.77755909633207976,0.79432863348763338)
 (-0.60627349238213768,-1.1703345820809055)
 (-0.36379339472184841,0.15863504013221824)
 (0.82407322040701059,-0.8204051590774315)
 (0.25264106995116825,-0.22761010147104491)
 (-0.90363575813020458,1.291715172601158)
 (0.067169798274072878,-0.25569430384186459)
 (-1.5702784394017735,0.32654209749248697)
 (-1.039187527750626,1.6096570166099464)
 (0.32669867629654431,-0.8239158823045617)
 (0.044513488989802896,-1.2926190474583923)
 (0.73749791879351678,0.2697409430392223)
 (0.67493225409974744,0.22835570716724427)
 (0.13037257803882119,-0.8568206407799136)
 (-0.28107983336417103,-0.44705346715025013)
 (0.27064851435075626,0.99825013340949642)
 (0.57220951733781478,-0.11849284748007216)
 (-1.5388451147158433,-0.58934731577456978)
 (-0.66987021375793943,0.43879073074476105)
 (0.32560464823289409,-0.87777376628469173)
 (0.53498436259140836,0.4205809791720187)
 (0.0098324881572824929,-0.71996462173866083)
 (-0.42031258733661131,-0.23627578569301094)
 (-0.29541842152989994,-0.12903699749275188)
 (0.27753674687010077,-0.214792925724061)
 (-1.020450143365756,0.38622322151639404)
 (0.048791425764018403,-0.82871879883086896)
 (0.77525206269034896,1.2591027102543815)
 (-0.30620851056070769,-0.24704097610179493)
 (0.32783248923047981,1.2488306801958913)
 (-0.81479887659686145,1.7818232493586601)
 (1.0914356207077605,0.55451881914618739)
 (0.50528726741321406,0.071533531513183132)
 (0.83338027573681528,1.3632664702899686)
 (-0.54422434541082465,1.2614401265348087)
 (0.3560249149332344,-0.23878870212972358)
 (0.94344960343805639,0.9967808760003869)
 (-0.21894154880905237,-0.44575159125581965)
 (-0.40590884400060534,0.32800635989938909)
 (-0.26296658576261445,-1.0799072079116543)
 (0.7614679015261181,-0.23844786738346591)
 (0.67134925897837328,-1.4193633108773736)
 (0.53476566154259531,0.47813507561747215)
 (-1.315893235428284,-0.23514450318340235)
 (-0.46865279536108562,0.84634112693962626)
 (0.21042948994903893,-0.24565340897460813)
 (0.93486059088747342,-0.11199462619321249)
 (0.14725603309248467,0.22721811562503214)
 (-0.15232570401883838,0.49032773666311424)
 (0.43172975031738958,1.2694214602322111)
 (0.47032372555625646,0.19495761819736199)
 (0.95257382786092526,1.1621222780293037)
 (0.30546559406937723,-0.52073223113235922)
 (0.23660226453064392,0.12286181475365542)
 (0.28536355921964707,0.38808814974127614)
 (-0.18627007543327873,-1.160982854475159)
 (-0.53706300933728102,-0.44941882160988644)
 (0.13386196577223833,-0.074767902865318481)
 (-0.25070104316005926,-0.22083959511263965)
 (1.8250062667663975,-0.89549744976734891)
 (-1.3714320174210344,-0.60450439597045247)
 (0.86941621327541663,-0.032357006593225601)
 (0.32769207149756607,0.74672763539851195)
 (-0.9847858099693424,-0.97858105791914163)
 (-0.38380167767963236,-0.31813519162301362)
 (0.9910623847001363,1.4411973350135903)
 (0.80471950589586649,0.47586461474887809)
 (-1.3519469296715576,0.57609086618478367)
 (-0.38570287492596861,1.1871345836482576)
 (0.15366629974037416,-0.39220249499811133)
 (0.73656250820925884,-0.22907424634523532)
 (-0.47819050994331957,0.42043568439100243)
 (1.1750234666853872,-0.65859165439718037)
 (-0.030047856512886051,-0.79307054498546892)
 (-0.72250964538944806,-0.26665660829427024)
 (-0.76980385473827295,-0.45884433271087521)
 (0.32730398110482561,0.040305841613137772)
 (-0.98276408046616681,-0.64998800530371481)
 (-0.17766607818979427,0.049947707379831514)
 (1.4009540497863944,0.79887654940224651)
 (-0.48912634731626842,0.27850997344295353)
 (0.85328033155143246,-1.5845932761195534)
 (0.98975784994464511,-0.64043660961731685)
 (0.42907365480423942,-0.88748848150748083)
 (-0.9320258790560485,-1.1220936431978468)
 (0.28043685357298775,1.4408650688679601)
 (0.12866263186406679,-0.029422924169852524)
 (-0.62335322198587839,0.062179568561910703)
 (0.58696367186999066,-0.80692039629630941)
 (-0.65343825282978296,0.37628123910914035)
 (-0.46378172486008329,-0.41848618103937929)
 (-1.1672069093978694,-0.36352848208057603)
 (-1.1891142045886975,0.31066381751053107)
 (1.3213758561055859,0.74054664459390684)
 (0.51139341406648153,-0.5853145946587206)
 (-0.42461468694642801,0.3172394047037117)
 (0.15985876156520401,0.40706627300564852)
 (-1.4919945618262973,0.53476319337642386)
 (0.72775057169618229,-0.75144303956254543)
 (-0.0089333059142711752,-0.24853278807857349)
 (-0.09782440942661641,1.1675433846631216)
 (-0.67113212338118844,0.52887732663903275)
 (0.74477462631750069,-0.33257054752686299)
 (0.14175270888574526,-0.79872031431560653)
 (0.45352973059366214,0.37522983671424676)
 (0.63201020490259485,-1.1610580509900339)
 (-0.05546633957027497,0.53066491648575731)
 (0.29988773428388432,0.54526348390097734)
 (0.95126619646523902,-0.46005574590752751)
 (-0.27491112001634904,-0.12799227465579194)
 (-0.91575830195096508,0.46068396935647798)
 (0.25514537433471673,0.03273035483127848)
 (-1.132241856077248,0.82573618547882144)
 (0.66455056335441332,-0.56813254432642268)
 (-0.18663911411624301,-0.21705100223740881)
 (1.2150526127787376,-0.061105508273699871)
 (0.56102324811572213,0.76818748249711899)
 (-0.83869859156390647,0.4581052670797896)
 (0.65720130177830305,0.10373452430479482)
 (-0.28818627956496728,0.27836431759376973)
 (0.25677465543761357,-0.015052666145144208)
 (-0.99294951191960024,0.01024433601643987)
 (0.30057218366560445,-0.58808506260895987)
 (0.24304598578429162,0.30917708036880476)
 (1.3130590360467362,0.6765470726328926)
 (0.1558676192974135,-0.28017276641756422)
 (0.53796542685522231,0.027077844472475854)
 (-1.0322567529003885,0.65600861776422636)
 (-0.22260700615172646,0.49782119811432402)
 (0.79663825550428269,0.07341382619879519)
 (-0.81484440581815409,-0.13913925031889807)
 (0.20538699246301109,-0.30454360761635851)
 (-0.29429262236988102,1.3109973802939276)
 (-0.38734035043160903,0.57882411701093384)
 (1.1878982156738751,0.70024654364786132)
 (-0.26384014146564067,1.0959551084774319)
 (-0.2815438650650901,0.020747579000936767)
 (0.62493797314109112,-0.8908150135141899)
 (-0.1968059426553608,-0.21286052804299868)
 (1.1067619009537613,0.60339718994685998)
 (-0.27432606785182762,-1.1742170018790772)
 (0.31881250156428775,-0.25460826577759155)
