# Created by Octave 8.4.0, Thu Dec 11 09:47:22 2025 IST <gamana@Samsung>
# name: rayl
# type: complex matrix
# rows: 2048
# columns: 1
 (0.0067131843820831599,0.017053671833817955)
 (0.85803780342050473,0.5640183497773249)
 (0.097898385790602505,0.21184582160473375)
 (0.69419798032031865,-0.47919371729095045)
 (0.33417986448740838,0.56028243811954115)
 (-0.43708010417831472,-0.065850940297542807)
 (-1.3996907840168913,0.9365669532552896)
 (0.56988427629301763,0.22313844718025061)
 (0.74346099156847412,-0.86133386229707698)
 (0.22809145075650133,-0.0095334793381302851)
 (-1.3202948456965444,0.29072340829985188)
 (2.0648431748200622,-0.032904653582635501)
 (-0.40904244959706659,-0.31275078099003628)
 (0.86738233814613763,-0.40913679296758815)
 (0.19666710067986642,0.64349034769610891)
 (0.93681066159926973,1.0593321166006606)
 (-0.33031625477831023,-0.12451870264494207)
 (-0.41475844367084391,-0.10428123630801076)
 (-2.2315936594170482,-1.0274803556559751)
 (0.079085682706860505,-1.0241363850786782)
 (-1.0687359889231287,-0.072692316589931416)
 (0.11057290825335261,-0.32431407808681206)
 (-0.25741479375166892,-1.2412926858553561)
 (0.44978636439088804,1.0244485542417696)
 (-0.26632747706449578,-0.47038153449327436)
 (0.58244095467832868,0.76613701329771389)
 (0.25791174099884223,-0.44656216306941598)
 (-2.1118663966471258,-0.78024023914059115)
 (-1.0682484200990487,-0.022227461262319004)
 (-0.31918288870973566,-0.20938406908916951)
 (1.0627412448489801,0.60013909916398345)
 (-1.1943686989355804,0.13480267270942148)
 (-0.022443283328732903,-0.12953726777386854)
 (-1.0520346879254998,0.47576321655573789)
 (-0.64940734531829103,0.20036750280070978)
 (1.0601317607722676,0.19016096533689902)
 (1.4217586382577303,0.93178128597064558)
 (1.2986709942578745,-1.1661477953428754)
 (-0.84243577780999956,0.49322321852900264)
 (1.4506205485723724,-0.35479035779347917)
 (0.56992962509363476,0.12721231465814437)
 (-1.2966067251110287,0.44041859544902279)
 (0.40080334059399919,1.7661719231405215)
 (0.0043183386699689116,0.10105788235103183)
 (0.09894616660272762,0.5185036388694495)
 (-0.072664901777441171,-0.58830414718537649)
 (-0.33248080726811036,-2.2501770926456777)
 (-0.42856650895409237,1.1065528158289544)
 (-0.24441546868616496,0.20305774641537808)
 (-0.15271570998577155,0.21529111618468671)
 (-0.58882510996341453,1.0990765030429164)
 (1.1920343800556414,1.7781350843131507)
 (-0.3300806682613987,-0.12112550001209582)
 (0.005832414522323276,0.71286052928002674)
 (0.20274513979460285,-0.33632792631333785)
 (-0.98191735661601687,-0.5468384159369839)
 (0.69562101455615077,-0.51021825170708057)
 (-0.69821619288964132,-0.5243778576978021)
 (0.16928877081836169,-0.32831577539990292)
 (0.036201740483499972,0.21204775134241077)
 (0.026835474140688362,-0.096260034966408808)
 (0.072340917813497468,0.2815078632864243)
 (-0.32495099582623677,0.035741007047739887)
 (0.28696361825599492,-2.5782374106896619)
 (0.51366283250372979,-0.7976919561914424)
 (-0.02876663720200754,0.044582807207920828)
 (1.6663357770245222,-0.83162643945164116)
 (-1.6276175252048479,0.19315858352181148)
 (1.1753081182529475,0.8601476031278763)
 (0.37101002452076542,-1.0047619727593264)
 (0.21549874533615804,-0.30360885458794878)
 (0.29539327093562573,0.11811425803410527)
 (0.54572897855756231,0.26086633879883669)
 (-0.061596116095882725,0.97485249523287087)
 (0.62399639862763767,-0.20779128207115036)
 (-0.65465705370138327,-0.52243098703733326)
 (0.52834453401701464,-0.43500619584436317)
 (1.3002444043797969,-0.034696952846429985)
 (-0.083600238791075365,1.6437782495738626)
 (-0.60009396973029894,0.10675438130367634)
 (1.4290403088669894,-1.131574726755064)
 (-0.1311160631309575,0.3920312909962882)
 (-1.1706258265849185,-0.13490590444494177)
 (2.2430850297209011,-0.31729675162019866)
 (-0.3601830534743366,-0.28892836339210243)
 (0.16463755614417699,-0.88160829085319092)
 (0.3551299980282272,0.55310647243316036)
 (-0.51225682907746162,0.37662455648061077)
 (0.92989569743323153,1.7847450067104036)
 (0.61191029477258796,1.0938850443280188)
 (-1.0516388687404503,0.66103860472540332)
 (-0.0050071472765101932,-0.63540261544674037)
 (0.023587570926752417,-0.084600881078991469)
 (1.4381512624388166,-0.89369032721030695)
 (-0.29930250688859927,-0.32975800227282603)
 (0.97612711434246757,0.18061892868817236)
 (-0.21835922659417098,-0.24924992104128454)
 (-0.37015057022412673,0.94290859797045523)
 (0.28841041168533549,-0.98244265991645552)
 (-0.20587431669163345,0.56130208604585541)
 (-0.031073074143041807,-0.78530123919160777)
 (-0.14298339658306758,0.098087052621949306)
 (-0.39380022924880093,-0.22629492711230631)
 (-0.05037167560375095,0.11073109777616474)
 (-0.70300617177612845,1.254005250799807)
 (0.51225787663792355,-0.93073130993686903)
 (0.19075186186031454,1.1289526553364018)
 (0.014059689029136846,0.51408773190884793)
 (-1.7779663045345067,-0.32595942475625383)
 (2.6673719382997625,0.13081506853678593)
 (0.30209742727467476,1.2190130008527447)
 (0.33054484952811858,1.0798226567748928)
 (0.22600395568815201,-1.9632636138345012)
 (0.079638064104577133,-0.7420416148228175)
 (-0.24249943720853981,-0.26731870972015404)
 (0.42938554778983101,-0.3043442280598902)
 (-0.2195796555998395,-0.16673612837739271)
 (-0.024099581916148083,-0.93680995864464922)
 (0.26166798836617422,0.56690551959475355)
 (-0.24911998396846058,-0.17951839298225614)
 (0.43507907979331684,0.0033059318456961917)
 (1.3989523505907628,0.10941596720953828)
 (-0.013579234311021038,-1.3891876076983127)
 (0.21827112378414076,-0.27766643186947154)
 (-0.9782441698694504,0.14702109216678244)
 (-0.79189559557303246,0.13525424712744816)
 (-0.81446686663997847,0.45302214294415644)
 (2.1925270779383501,1.335279146490127)
 (1.2479441992219977,1.7882190702110836)
 (-0.13512969477666764,0.02795283369093636)
 (-1.8831312578066479,0.69027987695951232)
 (-0.21084966083705939,-0.631585637655242)
 (0.10489514768528282,0.2958554939155652)
 (0.6940432960316788,-0.33746956718659893)
 (-0.38238514014723646,0.43651080649535656)
 (0.29626769715090362,-0.33820017547275083)
 (-0.26151991896238758,-0.87166503112780713)
 (0.1626247167912081,0.49925063641715367)
 (0.2733993670316659,-1.4879896288116998)
 (0.50689967186969542,-0.3693863527907098)
 (-0.55095024054327701,-0.70053489203536212)
 (1.3905463534722777,-1.3884753734537574)
 (-0.60926186738574339,-0.90983103802982213)
 (0.42061666334519998,0.098436643682939168)
 (-0.10296696963973631,-0.0014467835760789138)
 (0.38995012065403822,-0.042932939450379543)
 (0.073456089066693528,0.31851165084500788)
 (0.22014610167021242,-1.0287752869344311)
 (-0.30136727103130445,-1.0085198579400416)
 (-0.30993909022352295,-0.42007776479746506)
 (0.018286557466981337,-0.24097641065428138)
 (0.34439823388777452,-0.90821087603011152)
 (-0.20220789933259753,-1.4780455513035538)
 (0.86904269795922151,-0.31314924830305835)
 (-1.0281446466942625,-0.50444592408965483)
 (-0.5599815084525086,0.37161577078486441)
 (0.88651297006631502,-0.35518934761615817)
 (-1.5079318563843773,-0.05222469379628103)
 (0.37778784615662603,0.77558707295640916)
 (0.83136995155941673,0.25387573767298444)
 (-0.59564825075430183,-0.066327069341247796)
 (-0.20418552869125517,-1.339299391939524)
 (-0.1556319164209663,-0.39765927484032493)
 (1.3630712401665011,1.0855366812686786)
 (-0.33232732039274049,-0.66185068467820352)
 (0.0075525487106176126,-1.0428215524250062)
 (-0.16112416240307037,-0.41485011675047484)
 (-0.029120188748810769,-0.4566705448879656)
 (-0.2125317999048614,-0.57730735956334578)
 (-0.14250772484476382,-0.23379946715424543)
 (-0.50517287565120006,0.27920277166933671)
 (0.78382566529703857,-0.38115766929153505)
 (0.0013491444790336427,0.59443962694912356)
 (0.16334203185656226,0.17139899078832108)
 (-1.1657158359726481,-0.42966865940127336)
 (0.022484804825024851,-1.1352699069023646)
 (-0.13586352832670284,-0.17352543482661442)
 (-0.31113776733276133,0.39784872815837491)
 (0.7823835401274617,0.83408044824853123)
