# Created by Octave 8.4.0, Thu Dec 11 09:47:22 2025 IST <gamana@Samsung>
# name: awgn20
# type: complex matrix
# rows: 2048
# columns: 1
 (1.0098498673280032,-0.3492646366835559)
 (-0.29527430645809871,1.0138835559751724)
 (0.29422289942313773,0.58336072186451848)
 (-0.93236275738338492,-0.99035588316199741)
 (-0.96602509490630162,0.3262192618211226)
 (-0.93398130228815446,-0.25631603225364108)
 (-0.9246314968781667,-0.25996720989229227)
 (0.9260543252334138,0.4522695277934452)
 (-0.97571270252613873,-1.0426676388635376)
 (-0.14285731930452172,0.40275698001579113)
 (0.21098694637215515,1.0144009492360997)
 (0.36520313801807502,-0.91147881441808887)
 (0.9065618370539088,1.0244529004723892)
 (0.89149206199447961,-0.90333561355797065)
 (-0.84799545120573006,-0.33489950000493474)
 (1.0760863200336803,0.95743610006234192)
 (0.22480484035881695,0.86322058817297298)
 (0.93027607149067315,-1.0559070535670032)
 (-0.89303394401904468,-0.27280855977084545)
 (0.8159841246568561,0.9101337753388139)
 (-0.21809037979270446,-0.78773838451309741)
 (0.3883407885941888,-0.319316442206099)
 (0.99698716836668977,0.2397066038429034)
 (0.32936487716804863,0.29840260166687105)
 (-0.47928373983073241,-0.94648347609111183)
 (0.23752115982241223,-0.33369265595422259)
 (0.26271262836043596,-0.36150973340728809)
 (0.24278840798608445,-0.89785765089517833)
 (-0.88453902536978835,-0.9994486241598024)
 (0.96614461875979574,0.35644703816653511)
 (0.37553319688606668,-0.39078876191427409)
 (0.98514214247725662,-0.18150829187162068)
 (-0.36576340952353026,-0.94846241421999122)
 (0.8412993045203907,0.2801374837098845)
 (-0.3260194211584076,1.0335787580192404)
 (-1.0335244124594316,0.39618230746131661)
 (-1.045924788050923,1.078890791003817)
 (-0.35048213944780149,0.89788211296785514)
 (-0.92720824596396878,-0.94617716509621319)
 (-0.91788172799553602,-0.32947172689409793)
 (-0.9717923816281655,-0.39573095001024078)
 (1.0804307855812365,1.0366306233575295)
 (-0.96708264200430494,-0.87613671650946701)
 (0.84112104646040819,-0.3268556466739756)
 (-0.86434915664468348,0.38107347000701541)
 (-0.92271483708653412,0.27225812910305403)
 (0.3717865848842849,-0.75859041120828041)
 (0.9012224439289479,-0.32607821635152162)
 (1.0011644223731286,0.28162994688421106)
 (0.12201898658244312,-1.0115315910640537)
 (-0.95145175069151211,-0.33651520004957958)
 (1.0348151584423673,-1.1015727966686526)
 (0.89607980997485193,-0.8844405136762048)
 (-0.94273399269605374,-0.97989328748747739)
 (1.00388016456766,0.94765945670644036)
 (-0.36142216647579328,0.97383696439544343)
 (-1.0515162531408588,0.3644941067583557)
 (-1.0610707980481084,-0.94544256560874562)
 (-1.0074458346034438,-0.40186948206393625)
 (-0.30591851805697345,0.27465939625508923)
 (0.88311885390740263,-0.24804557104802166)
 (0.98343383373604432,0.94039812636253794)
 (-1.0437049053560892,0.34940993013709287)
 (0.30295652797206235,-0.94124459854645526)
 (0.94006877550510271,-0.37912159834233167)
 (0.27111997441973695,-0.89740425443608662)
 (-0.95124055961545462,0.39255079842101837)
 (0.93369185681378852,0.36204500747146606)
 (1.0512562382166948,0.84724814663271941)
 (-0.96390248339052487,0.36252536501168819)
 (0.3244882333726033,-0.34888844760036175)
 (0.95085835584161238,-0.80277057386903783)
 (-0.35610881912283193,0.91262510325251966)
 (0.33287578371065135,0.89264420305406544)
 (-0.29016252512864915,-0.25422096108506859)
 (-0.96414054289848783,-1.0075431814567557)
 (-0.91333873032957902,0.22773197980635437)
 (-0.29832564959628255,0.87135617025064915)
 (0.17582480755397131,0.31570740095663385)
 (-0.36699523841697407,0.91698466125271982)
 (-1.1002171128559348,0.30129897174883025)
 (-0.91799660983103626,0.27170064807165328)
 (-0.27795434261759216,0.98691507076360907)
 (-0.23845259168100452,0.97098283101665028)
 (0.90670987299417216,0.41559190496295745)
 (-0.85619118948200934,-1.0839090261083377)
 (0.33640702684856716,-0.92655049122754995)
 (1.0545728520445661,0.98455479293979142)
 (0.99422187430809639,1.1169666136016436)
 (0.92121729996479396,0.33109145999257683)
 (-0.83442706183509663,-1.0905664238385544)
 (-0.32422639581872448,-0.97135216900987398)
 (-0.33704824980141507,-0.25723804949448176)
 (1.0890780813324907,-0.22361021532457293)
 (-0.3545118845304861,0.36748350199102109)
 (-0.29037415428261837,0.26922218642265949)
 (0.28906163089672154,0.86154328294488014)
 (-1.0556533929969172,-0.30171728178686169)
 (-0.33358536481411055,0.28060665557770575)
 (-0.23127311642180554,-0.25075771836575472)
 (-0.94338879136474796,-0.13370133215363783)
 (0.98867814638794749,0.27525017463506668)
 (-0.88123389858926737,0.41112765029790777)
 (0.42165745101921487,0.37849056851089791)
 (0.27860226957801137,0.39030126405547771)
 (-0.43923280361946637,-0.28746366000073859)
 (-0.91894259161062308,-0.89336311381674249)
 (-0.91512771692853767,-0.22173186917012988)
 (0.3320255773294597,0.8054539983534007)
 (-0.80731918427335403,-0.36117032044483544)
 (0.27631858735548898,0.37106892650793288)
 (1.0400083188481266,0.89516819001904102)
 (-0.99658687827534653,-0.1357093617274652)
 (-0.35363330348172162,0.34405647960116081)
 (0.31285679828504231,-0.29885424901473834)
 (-0.33795394012017782,-0.44650918361784386)
 (-0.93982487626578382,0.93338255876122667)
 (1.0565325805296362,-0.99282717092795103)
 (-0.87207351349402384,-0.95576503666218671)
 (0.34541683708223136,0.88445221761121007)
 (-0.93253061024368944,1.0309903372002254)
 (-0.41082438999121718,0.96104202924552717)
 (-1.0044813991871993,-0.85205511658451838)
 (-0.36288014054436635,-1.0153818843088953)
 (0.26794617671263488,-1.0359983802560837)
 (-0.2791004262047807,-0.93334663195840728)
 (0.99167092986381644,-0.35282321226361224)
 (-0.97526597081046973,-0.27249473630877841)
 (0.29075562869514726,0.96695636982875566)
 (-0.9661023534591392,-0.41863521169115886)
 (-1.0208641338037845,-0.3494403388106484)
 (0.34506612295099065,0.83820634972822905)
 (-1.0503109798753514,0.35484050376298615)
 (-0.9817529451447593,-0.9204494060894064)
 (0.36597383536737349,-1.0575709345216557)
 (-0.92227485823114341,0.27905658520244542)
 (0.2695999158581287,0.23000693517168858)
 (0.89491776829133429,-0.9606788174624612)
 (-0.43105494559804575,-0.31947938286249178)
 (-0.99475717418562526,0.46311996127433863)
 (-0.25465838183449507,0.343216137252839)
 (0.25817190970654441,0.41411105718110713)
 (-0.35494360522938156,-0.36320625869784007)
 (0.31077075464132431,-0.99180099667453681)
 (-0.21915163596366,-0.90651057288054393)
 (1.0225923003912691,-0.31842110612971875)
 (0.42046796256409469,0.26330962554897486)
 (-0.36750308807514676,0.93332431030776064)
 (0.18611674263770975,-0.92936850459434972)
 (0.40009198895357934,-0.28036745195108098)
 (-0.29648404607630824,0.2986077799739596)
 (-0.20064016823175096,-0.33081296815583466)
 (0.85607981646269249,-0.20303217007549446)
 (-0.30606929771544944,0.33719778456478139)
 (1.0402101325038453,-0.36299675221964972)
 (0.44245409027761212,-0.39126827779454587)
 (-1.0047982432101941,0.42482505473739685)
 (-0.91104489441274139,0.23910375761656205)
 (0.98946426072489158,-0.25957652686300881)
 (0.30912255546853146,0.99171655045535112)
 (1.0235741185963709,0.96808529206848826)
 (-0.3767449539388511,0.99306027446781209)
 (-0.19970117471289181,-1.0341561148409388)
 (0.33061686520197431,-1.0115931587542875)
 (0.89759144594482676,-0.3270253164727725)
 (0.33109679972615497,0.8545407334074554)
 (0.33285494530320714,0.87121859985509986)
 (-0.14478561412928156,-0.32262113148106197)
 (0.27942491864803165,1.0210652090486154)
 (0.32986823794189218,1.0523006503699326)
 (0.36875502760000661,-1.0079242259863064)
 (-0.29218695933530231,-0.43005736337379574)
 (-0.45097453723922565,0.306208273384102)
 (-0.79620847133313577,-0.2140050946800009)
 (0.27137665889931495,0.32436756040720488)
 (-0.32400854387016192,-0.4019923922852805)
 (-0.37574172289541308,-0.88342167034155283)
 (-0.95713327946335425,-0.92263250812260622)
 (0.9266245877307141,-0.2258810631484913)
 (-1.0824099411386665,-0.27542348274540662)
