# Created by Octave 8.4.0, Thu Dec 11 09:47:21 2025 IST <gamana@Samsung>
# name: clean
# type: complex matrix
# rows: 2048
# columns: 1
 (0.95203620450962312,0.31734540150320772)
 (-0.31734540150320772,-0.31734540150320772)
 (-0.95203620450962312,-0.95203620450962312)
 (0.31734540150320772,-0.95203620450962312)
 (0.31734540150320772,-0.95203620450962312)
 (0.95203620450962312,-0.95203620450962312)
 (-0.95203620450962312,0.95203620450962312)
 (-0.95203620450962312,-0.95203620450962312)
 (-0.95203620450962312,-0.95203620450962312)
 (-0.95203620450962312,-0.95203620450962312)
 (-0.31734540150320772,-0.95203620450962312)
 (-0.95203620450962312,0.95203620450962312)
 (-0.31734540150320772,-0.95203620450962312)
 (-0.31734540150320772,-0.31734540150320772)
 (0.95203620450962312,-0.31734540150320772)
 (0.31734540150320772,0.95203620450962312)
 (0.31734540150320772,0.95203620450962312)
 (-0.31734540150320772,-0.95203620450962312)
 (0.95203620450962312,-0.31734540150320772)
 (-0.31734540150320772,0.31734540150320772)
 (0.31734540150320772,0.95203620450962312)
 (0.31734540150320772,0.95203620450962312)
 (0.31734540150320772,0.31734540150320772)
 (-0.95203620450962312,0.95203620450962312)
 (0.31734540150320772,0.31734540150320772)
 (0.95203620450962312,0.31734540150320772)
 (0.31734540150320772,0.95203620450962312)
 (0.31734540150320772,-0.31734540150320772)
 (-0.31734540150320772,0.31734540150320772)
 (0.31734540150320772,0.31734540150320772)
 (-0.31734540150320772,0.31734540150320772)
 (-0.95203620450962312,-0.95203620450962312)
 (-0.31734540150320772,-0.95203620450962312)
 (-0.31734540150320772,-0.95203620450962312)
 (0.95203620450962312,-0.31734540150320772)
 (0.95203620450962312,0.31734540150320772)
 (-0.31734540150320772,0.95203620450962312)
 (0.31734540150320772,0.95203620450962312)
 (0.95203620450962312,0.95203620450962312)
 (-0.31734540150320772,0.31734540150320772)
 (0.95203620450962312,0.31734540150320772)
 (-0.31734540150320772,-0.95203620450962312)
 (-0.31734540150320772,-0.31734540150320772)
 (0.95203620450962312,-0.95203620450962312)
 (0.95203620450962312,-0.31734540150320772)
 (-0.95203620450962312,0.31734540150320772)
 (-0.95203620450962312,-0.95203620450962312)
 (0.31734540150320772,-0.95203620450962312)
 (0.31734540150320772,0.95203620450962312)
 (0.95203620450962312,0.31734540150320772)
 (0.31734540150320772,-0.31734540150320772)
 (-0.95203620450962312,0.95203620450962312)
 (-0.95203620450962312,-0.95203620450962312)
 (0.31734540150320772,0.31734540150320772)
 (-0.95203620450962312,-0.31734540150320772)
 (0.31734540150320772,-0.95203620450962312)
 (0.31734540150320772,0.95203620450962312)
 (0.95203620450962312,0.31734540150320772)
 (0.31734540150320772,-0.31734540150320772)
 (0.95203620450962312,0.95203620450962312)
 (0.95203620450962312,-0.31734540150320772)
 (-0.31734540150320772,0.31734540150320772)
 (0.95203620450962312,-0.31734540150320772)
 (0.31734540150320772,-0.31734540150320772)
 (0.95203620450962312,-0.31734540150320772)
 (-0.95203620450962312,-0.31734540150320772)
 (-0.95203620450962312,-0.95203620450962312)
 (0.31734540150320772,0.95203620450962312)
 (0.95203620450962312,0.95203620450962312)
 (0.95203620450962312,-0.95203620450962312)
 (0.31734540150320772,0.95203620450962312)
 (0.31734540150320772,0.95203620450962312)
 (0.31734540150320772,0.31734540150320772)
 (-0.95203620450962312,0.31734540150320772)
 (0.31734540150320772,0.31734540150320772)
 (-0.95203620450962312,-0.31734540150320772)
 (0.31734540150320772,-0.95203620450962312)
 (-0.95203620450962312,-0.95203620450962312)
 (0.95203620450962312,0.31734540150320772)
 (-0.31734540150320772,-0.95203620450962312)
 (-0.95203620450962312,-0.31734540150320772)
 (-0.95203620450962312,-0.31734540150320772)
 (-0.31734540150320772,0.31734540150320772)
 (0.31734540150320772,-0.95203620450962312)
 (-0.31734540150320772,-0.31734540150320772)
 (0.95203620450962312,0.95203620450962312)
 (-0.95203620450962312,0.31734540150320772)
 (0.95203620450962312,-0.31734540150320772)
 (-0.31734540150320772,-0.31734540150320772)
 (-0.31734540150320772,0.95203620450962312)
 (-0.95203620450962312,-0.31734540150320772)
 (-0.31734540150320772,-0.95203620450962312)
 (-0.31734540150320772,-0.95203620450962312)
 (-0.95203620450962312,0.31734540150320772)
 (0.95203620450962312,0.31734540150320772)
 (-0.95203620450962312,0.31734540150320772)
 (0.31734540150320772,0.95203620450962312)
 (0.31734540150320772,-0.95203620450962312)
 (0.95203620450962312,-0.95203620450962312)
 (-0.95203620450962312,0.31734540150320772)
 (-0.95203620450962312,0.95203620450962312)
 (0.95203620450962312,0.31734540150320772)
 (-0.95203620450962312,-0.31734540150320772)
 (-0.95203620450962312,-0.31734540150320772)
 (0.31734540150320772,0.95203620450962312)
 (0.95203620450962312,0.31734540150320772)
 (0.31734540150320772,0.31734540150320772)
 (-0.31734540150320772,-0.95203620450962312)
 (-0.95203620450962312,-0.31734540150320772)
 (0.95203620450962312,-0.95203620450962312)
 (0.95203620450962312,-0.95203620450962312)
 (-0.95203620450962312,0.95203620450962312)
 (-0.31734540150320772,-0.95203620450962312)
 (0.95203620450962312,-0.31734540150320772)
 (-0.31734540150320772,-0.31734540150320772)
 (-0.31734540150320772,0.95203620450962312)
 (-0.95203620450962312,-0.95203620450962312)
 (0.31734540150320772,-0.31734540150320772)
 (-0.31734540150320772,0.31734540150320772)
 (-0.31734540150320772,0.95203620450962312)
 (-0.95203620450962312,-0.31734540150320772)
 (-0.95203620450962312,0.95203620450962312)
 (0.31734540150320772,-0.95203620450962312)
 (0.31734540150320772,0.95203620450962312)
 (0.95203620450962312,-0.95203620450962312)
 (0.95203620450962312,-0.95203620450962312)
 (-0.31734540150320772,0.95203620450962312)
 (-0.31734540150320772,-0.95203620450962312)
 (0.31734540150320772,0.31734540150320772)
 (-0.31734540150320772,0.95203620450962312)
 (0.95203620450962312,0.95203620450962312)
 (0.95203620450962312,0.95203620450962312)
 (-0.31734540150320772,-0.95203620450962312)
 (0.95203620450962312,0.95203620450962312)
 (-0.95203620450962312,-0.31734540150320772)
 (0.31734540150320772,0.95203620450962312)
 (0.31734540150320772,-0.31734540150320772)
 (0.31734540150320772,-0.31734540150320772)
 (-0.95203620450962312,-0.95203620450962312)
 (0.95203620450962312,0.95203620450962312)
 (-0.31734540150320772,0.95203620450962312)
 (0.95203620450962312,-0.31734540150320772)
 (0.95203620450962312,-0.95203620450962312)
 (-0.95203620450962312,-0.31734540150320772)
 (-0.95203620450962312,-0.31734540150320772)
 (0.95203620450962312,0.95203620450962312)
 (-0.31734540150320772,-0.31734540150320772)
 (-0.95203620450962312,0.31734540150320772)
 (0.31734540150320772,0.31734540150320772)
 (0.31734540150320772,0.95203620450962312)
 (-0.31734540150320772,0.95203620450962312)
 (-0.95203620450962312,0.95203620450962312)
 (-0.31734540150320772,0.31734540150320772)
 (0.95203620450962312,0.95203620450962312)
 (0.95203620450962312,-0.31734540150320772)
 (-0.95203620450962312,-0.31734540150320772)
 (-0.31734540150320772,0.95203620450962312)
 (-0.95203620450962312,-0.31734540150320772)
 (-0.95203620450962312,-0.31734540150320772)
 (-0.95203620450962312,0.95203620450962312)
 (-0.95203620450962312,0.95203620450962312)
 (-0.31734540150320772,-0.95203620450962312)
 (-0.95203620450962312,0.31734540150320772)
 (-0.95203620450962312,0.95203620450962312)
 (0.95203620450962312,0.95203620450962312)
 (0.31734540150320772,0.95203620450962312)
 (0.31734540150320772,-0.95203620450962312)
 (0.31734540150320772,0.95203620450962312)
 (0.95203620450962312,0.95203620450962312)
 (-0.31734540150320772,-0.31734540150320772)
 (-0.31734540150320772,0.31734540150320772)
 (-0.31734540150320772,-0.95203620450962312)
 (-0.95203620450962312,-0.95203620450962312)
 (0.31734540150320772,0.31734540150320772)
 (0.31734540150320772,0.95203620450962312)
 (0.95203620450962312,0.31734540150320772)
 (-0.95203620450962312,0.31734540150320772)
 (0.95203620450962312,0.95203620450962312)
