# Created by Octave 8.4.0, Thu Dec 11 09:47:22 2025 IST <gamana@Samsung>
# name: awgn20
# type: complex matrix
# rows: 2048
# columns: 1
 (0.30600256084993371,1.0078716986649909)
 (-0.36847093649149421,1.0330704732192832)
 (0.26468540724092332,-0.95423245207579077)
 (0.96957249447943905,-0.25822630363757626)
 (0.26794172281839163,0.32628933422064099)
 (-0.33645558224231831,0.27749931968057445)
 (-0.35010234665496004,-0.93261828678245284)
 (0.388756047556299,-0.25257746784007551)
 (0.40067165452325482,-0.98435460423334487)
 (-0.92688467804815455,-0.90784539000027031)
 (-0.94905246460789006,-0.35931737243888884)
 (-0.39406131287410062,0.36424910378462783)
 (-0.88710904169509486,-0.91287786494626666)
 (0.30534748926944083,-0.99544033503835339)
 (0.91011709162051158,-1.0359864071656912)
 (1.0845428547695188,-0.94366814546502398)
 (-0.86874681887773464,0.9764422002354971)
 (-0.23867713301376117,0.95533905759623139)
 (-0.32868727074209986,-0.26034930817848334)
 (1.0403991439898153,0.39219959299209867)
 (-0.90707185797620782,0.8447359828159785)
 (0.95213514515828868,-0.8746171303888588)
 (-0.30749181200093412,0.40073153170932596)
 (0.29469074731181261,0.81980444923514839)
 (0.87498056966597504,0.83332140950949829)
 (0.31841645214019115,-0.92981271674567434)
 (-0.95436994663669772,-0.88608998410140305)
 (-0.33567204538415152,0.90985038416421271)
 (-1.0240523213000574,1.0272916394480178)
 (0.29006387854154858,-0.31901557966605421)
 (-0.35581320056326948,0.97911176700333102)
 (0.96560805675372285,0.9852460060105096)
 (-0.35239065203648895,1.0179208550311327)
 (0.98948554672327627,0.26672545225917599)
 (-0.19935054993287021,0.82814050196267419)
 (0.771048095497187,-0.37014064806471958)
 (0.32470592074152532,0.30259520135030271)
 (-0.27650668107896414,0.33898665142503592)
 (0.9878263392676554,-1.0338743054428925)
 (-0.21048297566189128,-1.0043093946083996)
 (0.30108610356676202,0.9519827846741723)
 (-0.45967401573388234,1.0111416773124298)
 (-0.2410297555415046,0.92803120404677841)
 (-1.0924066965562429,0.27970042873019463)
 (-0.36614158942859221,-0.97202045349138877)
 (0.30910966271328111,-0.35129474158645402)
 (1.0243692309341841,0.28519802577256848)
 (-0.97391756313538169,0.43795062559033082)
 (0.16608359497918981,0.9548777992033245)
 (0.35566793445857242,-0.90074655133309212)
 (-0.3092923424780728,0.36151631205141876)
 (-0.38310880077857479,0.27700526219430133)
 (0.23172036144122504,-0.92967630234704679)
 (0.21380076061225617,0.32838780736024853)
 (0.28575116346096607,-0.97011170197798058)
 (0.97082885969649935,0.30748353618571944)
 (0.2712567621233718,-0.1345182078223118)
 (-0.98395905468259748,-0.20257430199539769)
 (0.94791692454241128,-0.38637816779250184)
 (-0.41614557889068593,0.33589057149894591)
 (-0.95294974269563448,-1.0304325867807498)
 (-0.2500574242213679,0.36809171212896363)
 (0.88561907504165693,0.26707913813603829)
 (-0.34964063482438112,-0.42076452367243111)
 (-0.99136174690033463,-0.50750184137128851)
 (0.25094703427520898,-0.16626636254828847)
 (0.29236949615870889,0.99755325642397208)
 (0.89174214725079071,0.92914114796787617)
 (-1.0083768315709598,-0.86325429311629798)
 (0.94291938799520325,-0.97671496909975386)
 (-0.39287505626507652,-0.84011753563191338)
 (-0.93313378201736197,-0.20775483159250369)
 (-0.94549369542885664,-0.43468857328166)
 (0.41444412542739423,1.0166131633070035)
 (-0.40373140308144023,-0.28414122373405759)
 (1.0407563050883475,0.89169448346982372)
 (0.31848777851386217,-0.91128314770932672)
 (0.9997094684519654,-1.0014507672621693)
 (0.30117312347330238,-0.39424588508611391)
 (0.90751170502820622,0.19213405832268099)
 (-0.42373311513819201,0.99053470833396873)
 (-0.99066097376343798,0.95702890123113382)
 (-0.31634199066171131,0.9318489543247237)
 (0.21784397485747192,0.29886033228313036)
 (-1.1109180301504318,-0.32994755601837389)
 (0.36971017295781028,0.27288696894174785)
 (0.39730785484548342,-0.4422241010568968)
 (-0.38064958746285465,0.27163984909717737)
 (-0.89136661305374665,-0.23651133247691658)
 (0.90181494552644326,0.35913307973463138)
 (-0.86339304072213285,-0.98789277203372361)
 (-0.31446269760133649,-0.26878915970858702)
 (-0.81049467258727348,1.1747680590976977)
 (0.38154238955639885,-0.44882586570277594)
 (-0.37958436816376279,0.33289296217172615)
 (0.27924490574459554,0.93243115366058682)
 (0.18623643880307889,-0.35787615722640886)
 (0.96683786461611587,-0.3721514850712726)
 (-0.31408467072763513,0.40611048045045772)
 (-0.37164133014970291,-0.30408724390362396)
 (-0.99849383406681824,-0.88115046326432866)
 (0.98667377665163003,-0.94001295365933191)
 (-0.50367621028275233,-0.98713842924602391)
 (0.95778427167291746,-0.27561020791118879)
 (-0.28857696678901323,0.93472496908090619)
 (-0.34933239441079611,0.89285489162238396)
 (0.8985109827199701,0.33096242129173314)
 (-0.90189134125849879,1.0105925372923004)
 (0.37051937384681177,-0.44286778375753733)
 (-0.18814745012403797,0.2740544802713254)
 (-0.32888604016201528,0.32473846651254323)
 (-0.96589229837672153,-0.88351815647557641)
 (-0.89988716503376776,1.0020748687735086)
 (-1.0514303233092299,0.9747989691807023)
 (0.29514688743784773,0.34100593971602561)
 (-1.0557716044366645,-0.4050405007777178)
 (0.9246255457685052,-0.96141077162555355)
 (0.31921998412034197,-0.24350457328303257)
 (0.93330650085680777,0.39919374495281207)
 (-0.37804641518973714,-0.91794416633936238)
 (-1.0650185921356008,0.25837715370907649)
 (0.99426256382430978,-0.979839790530879)
 (1.0924172429802281,-1.0181771371513322)
 (-0.39039556484728177,-0.3225931494814665)
 (-0.31728300141768312,0.20784946008038507)
 (0.75448646447386347,0.41198299022847706)
 (0.89384997240744324,0.35281843091852771)
 (0.93358401296669535,0.24412904694072401)
 (-0.37385495443785444,0.46039464182350087)
 (0.31634003038014336,-0.9156190130071914)
 (0.18885267498072397,0.98455830329621086)
 (-0.2277835987042669,-0.26603063729229331)
 (0.31867543881334914,-0.99932418276219692)
 (1.0385163628574388,0.92961762648585256)
 (0.92223230147453994,-0.29449072469190901)
 (-0.92385314815568531,-0.37764326748281773)
 (-0.27364585146540549,1.0002910235801608)
 (0.28610468914202103,-0.89602871585096955)
 (0.99822946334161344,-1.0199388029658443)
 (0.25024743592317061,0.33290816548375701)
 (0.85680346557762643,1.0190778498714401)
 (-1.0534081430813833,-0.26260787579222167)
 (1.023984833071488,0.34631100375665558)
 (-0.92588291096813968,0.97469792519562648)
 (-0.28283989011926614,-0.84105789714966905)
 (-0.30556655576850916,-1.003437556749063)
 (0.92396177676971714,-0.89800011038003091)
 (0.23615082003069526,0.28166373788759208)
 (-0.94338134459705791,-0.95342584708188882)
 (0.33085818609763368,-0.84754993692305325)
 (-0.3855127114145811,0.25193818147246394)
 (0.40534908732073061,0.3317589354637685)
 (-0.23146996666502018,0.28021621587144213)
 (0.39835336628716295,0.91406329482418436)
 (-0.41675554115095403,0.91117934270408441)
 (-1.0371170186406118,-0.86410885423559369)
 (-1.0918148385663042,-1.0119493135177986)
 (-0.16990249220627887,-0.94349252556843299)
 (-0.99386080444850566,1.0533497243332877)
 (1.0243410172950189,0.87950993285418089)
 (-0.87785867459375189,-0.37282677284344562)
 (0.95746904639590691,-1.1161333091820411)
 (-0.31592789316462644,-0.99115774904996468)
 (-0.94100081314578965,-0.39358431752340117)
 (0.42203501961402617,-0.93367156370186499)
 (-0.96539278634672432,-0.18585409868552252)
 (1.0123927561896333,0.26040775033778263)
 (-0.31564528105269929,-1.0468579481424101)
 (-0.42422707519140251,-0.82378294843398236)
 (0.37450359381302972,-0.30754064085827953)
 (-0.93604913342846696,0.93229834459143379)
 (-0.25812475252312955,-0.34928916851366132)
 (-0.32115054502470614,-0.36623678476966021)
 (-0.88800795376439601,-0.30633611147875522)
 (-1.0860488596559745,0.47251177518928933)
 (1.0067500260811746,-1.036789742621143)
 (-1.0265934385955497,0.35923690937460862)
 (-0.35462788608927681,-0.38823707984319589)
 (0.35594203914601086,0.86668217371921807)
 (-0.98748330109219706,0.93338857822507992)
