# Created by Octave 8.4.0, Thu Dec 11 09:47:22 2025 IST <gamana@Samsung>
# name: rician
# type: complex matrix
# rows: 2048
# columns: 1
 (0.53884308594626618,0.68699712311978156)
 (-0.57419694315218572,0.61070518419463349)
 (-0.29072746411506822,-0.13213357047609894)
 (-1.2249537165381825,-1.0114919018208381)
 (0.21389396242402173,-0.18131102651845779)
 (0.45691575399132051,1.4050919231736783)
 (0.91408360692295965,0.038052325050956348)
 (-1.2694032842824481,-1.5133510896955269)
 (0.25981737769475,-0.17757192371602987)
 (-1.1886130294714097,-1.1224007547737511)
 (-0.22546410944200146,0.23827772465981878)
 (0.29572041537256194,-0.32726013820391536)
 (-0.65559608961484717,-1.4916131204801628)
 (-0.24627326040449415,0.99415692741976458)
 (0.49792581762471644,-0.45307334387033071)
 (1.2832253537070417,0.54479584902188138)
 (0.069179591795318712,-1.0028333013482706)
 (-0.29510190755557963,1.9341677042411438)
 (0.97381037982433283,-0.71041955670107437)
 (0.39102925014364193,0.93606599277662128)
 (-0.9473849157702775,-0.2158130402809918)
 (-0.084294987488943596,0.7832648033065096)
 (-0.22897476089606308,0.44219662705261498)
 (-1.0008492278377932,0.85247730886935491)
 (0.29507770988957044,-0.28006525016412548)
 (-0.27705324241468154,-1.3887341268218398)
 (-0.70779027531301131,-0.45514068044806433)
 (1.0002772594945033,0.54027766909460928)
 (1.6904507480094109,-0.73111936841716774)
 (-0.65930240444373978,-0.54295685087947032)
 (-1.7538626579611147,0.34289858217686897)
 (-1.1117324813783349,-0.24893563974011673)
 (-0.84390920450458795,-1.2676226596713165)
 (0.51835435777389283,0.25678235212067479)
 (-0.69077751613104554,-0.046881946748552866)
 (0.15512616734669543,-0.095002894538237737)
 (0.85195394237174749,0.21593922401586826)
 (1.0724334717484971,-1.3704061591109131)
 (-0.15553513909296743,-1.1150288773513228)
 (-0.54956394856373691,-0.94606959190135664)
 (0.47455362138305107,-0.051961659566121837)
 (-0.32440140319102223,0.26005419782550954)
 (-0.22254113044156737,0.29087878478524004)
 (0.72620689786893367,0.62269296223774773)
 (-0.43675959138390574,0.46010817531281312)
 (-0.35711949579120428,1.0823130195884196)
 (-0.8124329919616069,0.28497401429596803)
 (0.37302703468320242,-0.20699814556498436)
 (-0.43995179480760277,0.6506680820885582)
 (-0.59632694391885521,0.62469097304181753)
 (-1.4050893764382084,0.32889525202821579)
 (-0.13478384037474989,-0.025163549159516782)
 (1.0990097984829177,0.5201692212441178)
 (-0.16457395979360662,-0.010823308824968556)
 (0.56323930973480074,-0.21059721188293748)
 (0.40826307904914894,-0.43432976519605537)
 (0.44479854281748954,0.30763823092105891)
 (-1.091898185221879,0.32416767454941814)
 (0.036837808010683648,-0.38289840880040216)
 (1.3683933256356444,-0.51097288451887024)
 (-0.029617969933115273,0.21334888703259974)
 (0.62507007530157443,-0.68645599440219629)
 (-0.69693004134533842,1.2488026452936323)
 (0.46973800256740206,0.91713584905478818)
 (-0.75499340406138105,0.45075328331871484)
 (-0.3567785490706713,0.21171450274776962)
 (0.29903101971766088,-1.1432733193754185)
 (-0.64503080097279086,0.97084044243773571)
 (-0.37116935365749137,-0.4534962538745182)
 (-0.24474941164588898,-0.96005298710206399)
 (1.5648187790565515,-0.39908095798533716)
 (-0.071255962852255605,-0.9180685607377318)
 (0.47441907090266938,-0.40522151846720206)
 (-0.2757104664271921,-0.57932793929570359)
 (-0.48969290659725656,1.0044800623707426)
 (0.19847625679029401,-1.1189687106176944)
 (-0.47335714410972318,1.2100667760846542)
 (0.94676601966178742,0.80255172154852061)
 (-1.3516156474440058,-0.31983468871069132)
 (0.93665550773553763,0.22644464225661698)
 (-0.18077324325120603,0.37133526297403041)
 (-0.71416472270006148,-1.017466907357147)
 (0.92809774230498454,-1.2559914336328639)
 (-1.8230356737982296,0.50482218908376586)
 (-0.55247927173791933,0.1590095744636747)
 (0.70278311800724547,0.4935715246677983)
 (0.97084646100165151,0.26514981428654916)
 (0.54640213901294254,0.19289246758616058)
 (0.46980586905281341,-0.76930313809742334)
 (0.21842040931069051,0.0082033618956698778)
 (-0.10080972751255762,-1.0163417550271707)
 (0.60723865268965971,1.466858403761897)
 (-1.0122342878528814,1.8389595275690631)
 (0.92040295772764491,-0.0067709292450538472)
 (-0.65972648110788501,-0.67557395785093177)
 (-0.45239651566759043,0.95788059692474203)
 (-0.79747308720887156,-0.91811453632584761)
 (-0.53383092822210076,0.11559275374716532)
 (1.5719063732105241,-0.40578430654282716)
 (0.51231722311074224,-0.34536462013646152)
 (0.20127055861679494,0.81429778155108834)
 (-0.55361485460056759,-0.13459825774054932)
 (-0.33920230510218402,1.0814417517110249)
 (0.32718993387914624,-0.60777374704698961)
 (-0.27749541944772216,-0.8503024354203409)
 (0.99749084404431398,0.4079120067282635)
 (-0.35709438727968867,-0.76377608675193243)
 (0.55230194112059716,-1.4319144590446304)
 (-0.52677032024941317,-0.57628711223979101)
 (0.34584054078163567,-0.54136801551688507)
 (0.41747192941803224,0.69259354759691205)
 (0.71141032049347941,0.12415815865869291)
 (0.79748019368642309,-0.57067800113413059)
 (0.74829652832656579,-0.13326441208428383)
 (1.0328264204341446,1.4447794595689978)
 (0.14385551837300192,0.76702402763816424)
 (-0.46533434993263001,0.30763149219541153)
 (-0.65144067225518132,-0.88153542309756372)
 (0.6691359185229101,0.26850033254444183)
 (0.27247130187156243,0.75539849134751902)
 (0.49986622076835208,0.24611156799757775)
 (0.69740732053524535,0.2301952776692277)
 (-0.40341511306182953,0.29955803940154169)
 (-1.2861757182193645,1.2199758610591727)
 (1.16364064575022,-0.43848604102270061)
 (-0.72617945909029014,-0.75882439864261664)
 (0.99192696681245929,0.41660999959810024)
 (-0.3073524631274398,1.2093169801516623)
 (-0.72328445010835729,-0.60610991613830856)
 (-0.63718551949030977,-1.2264056444113709)
 (0.14479977426886192,-0.41730833545760926)
 (-0.99730952842363196,-0.94091876892346793)
 (-0.70758214725816915,-1.2017389429523981)
 (-0.75198830212782419,-0.83314762432951051)
 (-0.36687683227376311,-0.50247188873137805)
 (-0.26756077853225058,-0.58998895064399615)
 (-0.1570434285317015,-1.5398685922997939)
 (0.085362967838151046,-0.31402124924359348)
 (-0.90788155368576384,0.52751886946325133)
 (0.35554994330574791,-0.74881133075530926)
 (-1.1138121140640767,0.74923257231561469)
 (-0.92866741378638096,-0.11403724557077788)
 (1.3589385534994656,-1.2991795822408028)
 (-0.23673188190119293,1.0631011143568689)
 (-0.42778893812984614,-1.0949549625952393)
 (-0.35234191338677145,-0.30885921866691868)
 (0.28111082880317206,0.43225737863553038)
 (-1.165175814949158,-0.70798714707444377)
 (0.29636763737320221,-0.82073238132357107)
 (0.39769133811012813,-0.54527103974616664)
 (-0.25052908118227296,-0.93117035918904811)
 (1.88084055858101,-1.0395042919075741)
 (0.067116569973912937,-0.36810975492645581)
 (0.81973390944424795,0.14292003923673624)
 (-1.1127357810177356,-0.31444097367950763)
 (-0.42988897960850692,-1.2044970393290815)
 (-0.090581920968439658,-0.047031021998836423)
 (-0.63873698587508376,0.80109619603456883)
 (1.5546070006988895,0.12756809078904324)
 (-0.8232003972837677,-0.37673899698350821)
 (0.048763218655120004,0.13279653131696934)
 (-0.087871931974596751,1.4445470547626882)
 (0.75097088984683025,0.25437346248427162)
 (-0.15754250872954295,-0.54970083756295418)
 (0.58070016384998713,-0.94057261555490601)
 (0.82668865482798493,0.29275701339517124)
 (-0.81632046138541547,1.3752996613588182)
 (-1.0151703607741496,-0.81381127841564538)
 (1.1195732814262909,0.15694199413139914)
 (-1.4068625556598875,-0.20607725970805604)
 (-0.23979322553471685,-0.61579215701479584)
 (0.25383444834282098,0.12326506398933927)
 (-0.53971193781059235,1.2329949280085228)
 (0.10971111697397344,0.64037310406271808)
 (-0.48421724440339708,0.17887604398142246)
 (1.1502116466011063,1.2300553611313056)
 (0.47744357348546274,0.15998286130750577)
 (0.33023217220089629,0.35720084841185529)
 (1.22084864235529,0.64454762023870316)
 (0.84737434849627824,0.76538789535882756)
