# Created by Octave 8.4.0, Thu Dec 11 09:47:22 2025 IST <gamana@Samsung>
# name: clean
# type: complex matrix
# rows: 2048
# columns: 1
 (0.31672303298595833,-0.31672303298595833)
 (-0.95016909895787494,-0.95016909895787494)
 (-0.95016909895787494,-0.95016909895787494)
 (0.31672303298595833,-0.95016909895787494)
 (-0.31672303298595833,-0.95016909895787494)
 (-0.31672303298595833,0.95016909895787494)
 (0.95016909895787494,-0.31672303298595833)
 (-0.95016909895787494,0.31672303298595833)
 (-0.31672303298595833,0.95016909895787494)
 (-0.95016909895787494,-0.31672303298595833)
 (0.31672303298595833,0.31672303298595833)
 (-0.31672303298595833,0.31672303298595833)
 (0.31672303298595833,0.31672303298595833)
 (-0.95016909895787494,-0.31672303298595833)
 (0.95016909895787494,0.95016909895787494)
 (0.95016909895787494,0.95016909895787494)
 (0.95016909895787494,0.31672303298595833)
 (0.31672303298595833,-0.95016909895787494)
 (0.95016909895787494,-0.31672303298595833)
 (-0.95016909895787494,0.31672303298595833)
 (0.95016909895787494,-0.31672303298595833)
 (-0.95016909895787494,0.31672303298595833)
 (0.95016909895787494,-0.31672303298595833)
 (-0.95016909895787494,-0.95016909895787494)
 (-0.31672303298595833,0.31672303298595833)
 (-0.31672303298595833,0.31672303298595833)
 (-0.95016909895787494,-0.95016909895787494)
 (-0.95016909895787494,-0.31672303298595833)
 (0.95016909895787494,0.31672303298595833)
 (-0.31672303298595833,-0.95016909895787494)
 (-0.31672303298595833,0.95016909895787494)
 (0.31672303298595833,0.31672303298595833)
 (-0.31672303298595833,-0.95016909895787494)
 (0.95016909895787494,-0.31672303298595833)
 (0.31672303298595833,0.31672303298595833)
 (-0.31672303298595833,-0.31672303298595833)
 (-0.95016909895787494,0.95016909895787494)
 (-0.31672303298595833,0.95016909895787494)
 (-0.95016909895787494,0.31672303298595833)
 (-0.95016909895787494,-0.31672303298595833)
 (0.31672303298595833,0.31672303298595833)
 (0.31672303298595833,0.31672303298595833)
 (0.95016909895787494,-0.31672303298595833)
 (0.31672303298595833,-0.31672303298595833)
 (-0.95016909895787494,-0.95016909895787494)
 (-0.95016909895787494,-0.95016909895787494)
 (-0.95016909895787494,-0.95016909895787494)
 (-0.95016909895787494,-0.31672303298595833)
 (0.95016909895787494,-0.95016909895787494)
 (-0.31672303298595833,-0.95016909895787494)
 (0.31672303298595833,0.31672303298595833)
 (-0.95016909895787494,0.95016909895787494)
 (0.31672303298595833,0.31672303298595833)
 (-0.95016909895787494,-0.95016909895787494)
 (-0.95016909895787494,0.31672303298595833)
 (-0.95016909895787494,-0.95016909895787494)
 (-0.31672303298595833,0.31672303298595833)
 (-0.31672303298595833,0.31672303298595833)
 (-0.95016909895787494,-0.95016909895787494)
 (0.95016909895787494,0.95016909895787494)
 (0.31672303298595833,-0.95016909895787494)
 (0.31672303298595833,0.31672303298595833)
 (0.95016909895787494,-0.31672303298595833)
 (0.95016909895787494,0.95016909895787494)
 (0.31672303298595833,-0.31672303298595833)
 (-0.31672303298595833,0.31672303298595833)
 (-0.95016909895787494,-0.95016909895787494)
 (-0.95016909895787494,-0.95016909895787494)
 (0.95016909895787494,-0.95016909895787494)
 (0.31672303298595833,-0.95016909895787494)
 (-0.31672303298595833,-0.31672303298595833)
 (0.95016909895787494,-0.31672303298595833)
 (-0.31672303298595833,0.31672303298595833)
 (-0.31672303298595833,0.31672303298595833)
 (-0.95016909895787494,0.95016909895787494)
 (0.95016909895787494,0.31672303298595833)
 (-0.95016909895787494,-0.31672303298595833)
 (-0.95016909895787494,-0.31672303298595833)
 (-0.95016909895787494,0.31672303298595833)
 (-0.95016909895787494,0.95016909895787494)
 (-0.95016909895787494,0.31672303298595833)
 (-0.95016909895787494,-0.95016909895787494)
 (-0.95016909895787494,0.95016909895787494)
 (-0.31672303298595833,-0.95016909895787494)
 (-0.95016909895787494,0.95016909895787494)
 (-0.95016909895787494,0.31672303298595833)
 (-0.95016909895787494,0.95016909895787494)
 (0.31672303298595833,-0.31672303298595833)
 (0.95016909895787494,0.31672303298595833)
 (-0.95016909895787494,-0.31672303298595833)
 (-0.31672303298595833,0.31672303298595833)
 (-0.95016909895787494,-0.95016909895787494)
 (-0.95016909895787494,0.31672303298595833)
 (0.31672303298595833,-0.31672303298595833)
 (-0.95016909895787494,-0.95016909895787494)
 (0.31672303298595833,0.95016909895787494)
 (0.31672303298595833,-0.31672303298595833)
 (0.31672303298595833,0.95016909895787494)
 (-0.95016909895787494,0.31672303298595833)
 (0.95016909895787494,-0.95016909895787494)
 (0.95016909895787494,0.95016909895787494)
 (-0.31672303298595833,0.95016909895787494)
 (0.95016909895787494,-0.31672303298595833)
 (-0.31672303298595833,0.95016909895787494)
 (-0.95016909895787494,-0.31672303298595833)
 (0.95016909895787494,-0.95016909895787494)
 (-0.95016909895787494,-0.31672303298595833)
 (0.31672303298595833,0.95016909895787494)
 (-0.95016909895787494,-0.31672303298595833)
 (0.95016909895787494,-0.31672303298595833)
 (-0.95016909895787494,0.31672303298595833)
 (0.31672303298595833,-0.31672303298595833)
 (0.95016909895787494,0.95016909895787494)
 (0.95016909895787494,0.31672303298595833)
 (0.31672303298595833,0.95016909895787494)
 (0.31672303298595833,-0.31672303298595833)
 (0.31672303298595833,0.31672303298595833)
 (-0.31672303298595833,0.95016909895787494)
 (-0.95016909895787494,0.95016909895787494)
 (-0.31672303298595833,-0.95016909895787494)
 (-0.95016909895787494,-0.31672303298595833)
 (0.31672303298595833,-0.95016909895787494)
 (-0.95016909895787494,-0.95016909895787494)
 (-0.95016909895787494,0.31672303298595833)
 (0.31672303298595833,-0.31672303298595833)
 (0.95016909895787494,0.95016909895787494)
 (-0.31672303298595833,-0.95016909895787494)
 (-0.95016909895787494,0.95016909895787494)
 (-0.31672303298595833,0.31672303298595833)
 (-0.95016909895787494,0.31672303298595833)
 (-0.95016909895787494,0.31672303298595833)
 (-0.95016909895787494,0.95016909895787494)
 (-0.31672303298595833,0.31672303298595833)
 (-0.31672303298595833,-0.31672303298595833)
 (0.31672303298595833,-0.95016909895787494)
 (-0.95016909895787494,0.95016909895787494)
 (-0.31672303298595833,-0.95016909895787494)
 (-0.31672303298595833,0.95016909895787494)
 (-0.95016909895787494,-0.31672303298595833)
 (0.95016909895787494,-0.31672303298595833)
 (-0.31672303298595833,0.31672303298595833)
 (0.95016909895787494,0.31672303298595833)
 (0.95016909895787494,-0.95016909895787494)
 (0.95016909895787494,0.95016909895787494)
 (-0.31672303298595833,0.95016909895787494)
 (0.95016909895787494,0.95016909895787494)
 (0.95016909895787494,0.31672303298595833)
 (0.31672303298595833,-0.31672303298595833)
 (-0.95016909895787494,-0.95016909895787494)
 (-0.95016909895787494,-0.95016909895787494)
 (0.31672303298595833,0.95016909895787494)
 (0.31672303298595833,0.95016909895787494)
 (0.31672303298595833,0.95016909895787494)
 (-0.31672303298595833,-0.31672303298595833)
 (-0.95016909895787494,-0.31672303298595833)
 (-0.31672303298595833,-0.31672303298595833)
 (-0.31672303298595833,0.95016909895787494)
 (-0.31672303298595833,0.31672303298595833)
 (-0.31672303298595833,0.31672303298595833)
 (-0.31672303298595833,-0.31672303298595833)
 (-0.31672303298595833,-0.31672303298595833)
 (0.31672303298595833,-0.31672303298595833)
 (-0.95016909895787494,0.95016909895787494)
 (0.95016909895787494,0.31672303298595833)
 (-0.95016909895787494,0.31672303298595833)
 (-0.95016909895787494,-0.31672303298595833)
 (0.95016909895787494,0.31672303298595833)
 (0.95016909895787494,-0.31672303298595833)
 (0.31672303298595833,-0.95016909895787494)
 (0.31672303298595833,-0.95016909895787494)
 (0.31672303298595833,-0.95016909895787494)
 (-0.95016909895787494,-0.95016909895787494)
 (-0.95016909895787494,0.31672303298595833)
 (0.31672303298595833,0.31672303298595833)
 (0.31672303298595833,-0.31672303298595833)
 (-0.31672303298595833,-0.31672303298595833)
 (0.31672303298595833,-0.31672303298595833)
 (0.31672303298595833,0.95016909895787494)
