# Created by Octave 8.4.0, Thu Dec 11 09:47:22 2025 IST <gamana@Samsung>
# name: rician
# type: complex matrix
# rows: 2048
# columns: 1
 (0.45020719039248863,-1.3316420575883265)
 (-0.1761115788074559,0.068215282234282304)
 (-0.42301403633158352,0.21476050820956816)
 (-0.37651543513016933,0.49909629196220201)
 (0.83191264529677145,0.42046413995422494)
 (2.2764079422485803,-1.2338733213619801)
 (1.7647759431219732,-0.68871293786503474)
 (-0.82162273504455374,-1.5070282596391098)
 (0.43678372340660898,-0.39564306168266195)
 (0.51442892302993259,-1.084889738763628)
 (-0.45322081928212488,0.3747210328203997)
 (0.29698511006261896,-0.49504047125790263)
 (0.17563841827815391,-0.71760832616482717)
 (-1.0161399169144223,-0.35544820731314947)
 (1.564527005149106,0.064681216529341279)
 (0.1256478500130816,0.046933668179945626)
 (-0.65902508434994822,-0.98984983927910897)
 (0.33746176279440881,0.25557263137904435)
 (1.4371978611688756,0.67811421430118068)
 (0.42407880730926373,0.86289287199189546)
 (0.31526870791250128,0.48533605529559187)
 (-0.97392365846273798,-0.34249352320394139)
 (-0.46879735137819356,0.75622688991887466)
 (-1.0992394916934429,-0.59685384971457811)
 (-0.070587152444489598,-0.33444595048289977)
 (-1.6422836208878731,0.17884822566797876)
 (0.13854399989956312,0.40016812551676351)
 (1.2154447287441965,0.093270137376468554)
 (0.85771084305380851,1.0105361461279845)
 (0.90829759248094266,0.18529921152203135)
 (0.95021388600189305,0.28648529974430686)
 (0.26648221847927023,-0.23453271715624124)
 (0.58487004188135505,-1.2798729196415397)
 (-0.36762164215741439,-0.39970726903698234)
 (0.62982635085501482,0.99570324363065577)
 (0.18117735150551881,-0.13313594973540424)
 (-0.70591370402809361,0.3275210524526882)
 (0.59628637530061779,0.80942323107768255)
 (-0.098772645693333661,-0.85046798052707384)
 (1.0613691226990007,0.39999798024893152)
 (-0.096949649307277216,-0.3280282121487087)
 (-0.072472787962977431,0.87342208124345677)
 (0.46650634982273287,-0.89540781485117904)
 (-0.026143288566914863,-0.54589976605748658)
 (1.0648083301235238,0.7827201977549253)
 (0.17427186701948871,-0.10156361956376557)
 (0.18807434446027593,-0.59463689689448573)
 (0.18108402278479474,0.3418936778255135)
 (2.2271715718591141,0.23542005075995986)
 (0.3132207634479019,-0.28181666824616641)
 (0.89951065449550083,-0.58955135218633081)
 (-0.28853721698066392,0.46856507802324388)
 (0.89010873252874101,1.4671102293428493)
 (-0.45559473692856323,0.94314398525035059)
 (0.81093524990071408,-1.0139422813569887)
 (0.029807226389169716,1.3048129475110692)
 (0.52381565758102688,0.073799450205354722)
 (0.39791664874323129,-0.10660758959717834)
 (0.31727999619120467,0.65037997420481009)
 (-0.83864626405679965,0.33858082485717522)
 (-0.33180344072498169,-0.33951824553669208)
 (0.22564764252093641,-0.30208986909251512)
 (-0.47820343165869134,-0.17732098008382474)
 (-0.12031417671533307,0.85220894186410934)
 (-0.90722283190885777,0.0074529237108564295)
 (-0.63314519637140043,0.25000149085325563)
 (0.16373280856711209,0.80248573826804548)
 (0.74608729441804156,0.1510212277366319)
 (0.69718708293976983,-1.4031089816534825)
 (-0.10823978664146949,-0.71433356440810336)
 (-0.38317577006370651,0.50591016295242763)
 (1.0570434592605493,-0.57457367445046326)
 (-0.21804323003282464,0.1367999538768925)
 (-0.48346666155322399,-1.1045034049278564)
 (-1.0419416209065409,-0.40465067146443645)
 (0.72085099947403164,0.29531964951544676)
 (-0.67562318186039261,-0.92445563142979492)
 (0.83938021481737579,-0.18575281764242518)
 (-0.4215653034042644,-0.024744158453441634)
 (-0.33519265639050588,-1.7828576483746883)
 (-0.21837382894757909,0.23572867876172729)
 (0.86080179974911475,0.21433854610982833)
 (-1.0068054890390363,0.42988702574292648)
 (0.0098735987837216821,0.79650030368908253)
 (0.17217725867195502,-0.1309034550326087)
 (0.31748779514868575,1.4217025000590675)
 (-0.5689731782367129,-0.80398924969934304)
 (1.103658820488457,-0.37296352598164689)
 (0.18296451569646741,-0.45228569134203289)
 (0.67930021731172263,0.32446596829397784)
 (0.1694147144749337,1.0839743579652288)
 (0.71569872183531347,-0.32891653304567825)
 (-0.38025390310465701,-0.10566207681109449)
 (-1.0234611666541871,-0.58861960739348218)
 (-0.20635147873284115,-0.321287272844264)
 (0.56696433621770315,-0.86757376522177054)
 (-0.26690728427425359,1.0749488567163441)
 (-1.2634454811910938,-0.58125991543131383)
 (-0.39627202468936729,0.57892584726058183)
 (-1.8856225507887254,-1.7886980920914208)
 (1.3203550890417981,-0.38306906321312645)
 (-0.39287430549779029,-0.30668996093495243)
 (-0.88870114111854259,-0.58687351314308001)
 (-0.28160138361603831,0.39433985046888292)
 (-0.13116701856355575,-0.93717433987972254)
 (0.50053450370119779,-0.50587636924150803)
 (-1.1688863724623786,0.0018197728767849197)
 (-0.027455289670347494,0.87962387459687208)
 (0.2705678450170329,-1.2816275117042233)
 (-1.6105203637125687,-0.68331212825606735)
 (-0.31448398644916831,-0.89160459359052269)
 (0.17399793823547094,1.1339377574636909)
 (1.2257314065408662,-0.096122496819074865)
 (0.43781568731611309,1.37001422264113)
 (-0.62630058420982537,0.28415710805341288)
 (-0.34078526769614936,-0.3158074675433663)
 (-0.42338741910203337,-0.67334094725616045)
 (0.8182097499376394,0.30298898259491136)
 (-0.4453028878562213,0.043511774264834796)
 (-0.23831004939445638,-0.57517154827624595)
 (0.154608904419681,0.99414488751960839)
 (1.0809290328165433,0.94471269404158786)
 (-1.0538160358898476,1.4418000609943811)
 (-1.4099228434216884,-0.42731666958427428)
 (0.25654095669673704,-0.24671870849701694)
 (-0.14025409047464524,0.57885843492116928)
 (0.39139270378392471,0.16177548449926255)
 (0.19610480846060901,0.45779087792872725)
 (-0.31390812413586006,0.29279258107608647)
 (-0.91491661594277562,-0.94641242147211313)
 (0.7231449412250307,0.72823384711773642)
 (0.62152420101913797,-1.7146647169890266)
 (-1.4741619097562844,-0.40989490809779161)
 (-0.5042719847844942,0.47250491878826484)
 (-0.97612814040922813,-0.93146137062090606)
 (-0.96741063645663394,-0.80905702084846043)
 (0.44952202453533996,0.49876637137001067)
 (0.5914311696651835,1.0264418914098747)
 (-1.0265141531009019,-0.31383103308019178)
 (0.88713826455331579,-1.3142066955023717)
 (-0.56302792153442793,-0.21319847651251056)
 (0.1351430419299931,-1.324525711802192)
 (0.16519318257901558,-0.60228085876444148)
 (-0.53410094746842085,-0.31009092782642611)
 (0.082381268265916519,-0.85988491822065471)
 (-0.17258568277946654,0.5045569716626529)
 (0.47472988562616231,-1.0687738135988367)
 (-1.4689551174189628,0.43656959088928016)
 (0.54386036141817318,0.86631273416748078)
 (-1.0109422249624016,0.98687362051859773)
 (1.5221381881583889,-0.065474510806929787)
 (-0.94188391195140664,1.0162917641211817)
 (0.24100493106218468,-0.58747438199773705)
 (0.56200309152287531,0.49779194361323881)
 (-1.0306851485555781,0.38592333520142258)
 (0.19863349103124223,-0.64176209225937098)
 (0.29299225663003825,1.3402751958998285)
 (-0.32118358499074812,0.34223257591657535)
 (-0.76499916496279163,-1.3264264409915936)
 (-0.131027592847374,0.68644879279311644)
 (0.78988190141189751,-0.23109982586246747)
 (-0.43878786288158617,0.37357408828311189)
 (0.31381803343785064,0.97507896037124775)
 (0.83569534785637412,-0.37154177036867148)
 (0.71256848258446037,0.79361054671335829)
 (-0.16824855865100152,-0.12036338948605878)
 (-0.52966221360849153,1.0982939518816295)
 (-0.82015388451307303,-0.45320938396241972)
 (1.6929264732116862,-0.6484537461914992)
 (-0.4692504239698525,-0.33492584041770712)
 (-0.72239751963167098,-1.0598058571218041)
 (0.50198246440951255,1.2714536825181773)
 (0.52471169228763503,1.4723923758116639)
 (-0.99159488233826376,0.18600488125166059)
 (1.1867548676384772,-0.29003958758478116)
 (-0.50383962257005477,1.4870664774929632)
 (-0.80174038573628037,-0.7260425051272088)
 (-1.0052436872647421,-0.21299564780091393)
 (-0.70627001530012523,-1.2606069120715415)
 (-0.4636609352200568,-0.94481575348165914)
