# Created by Octave 8.4.0, Thu Dec 11 09:47:22 2025 IST <gamana@Samsung>
# name: awgn20
# type: complex matrix
# rows: 2048
# columns: 1
 (-0.92749335519297083,-0.9230377863146686)
 (0.21950858071201651,-1.0081713550769953)
 (0.21975492101837815,0.32516206390490443)
 (-1.0378932722575041,0.7899442359300155)
 (-0.34183167068358233,0.88613263715860813)
 (0.96996889580637291,-0.88716562919290698)
 (0.88285959375327538,0.32604419225087711)
 (0.79313519232392893,-0.20529044670665772)
 (-0.94957021996454039,-0.29608940323098926)
 (-0.33624670022161152,0.85919824544640855)
 (0.83791868934312008,1.0335649019856026)
 (1.0336011517590689,-0.3395506431411876)
 (-0.40207273805441518,1.0151076231864575)
 (-0.37867637291890716,0.99492016907453285)
 (0.3090963227914677,-0.87320810582537622)
 (-0.4270456878641628,0.91897265418567964)
 (-0.86067389684549656,-0.9216074812063223)
 (0.98385866031457359,0.9827822206942658)
 (0.35798714954566507,0.38859281023482273)
 (-0.92823187133648966,-0.184141521036118)
 (0.34501747356139539,0.37601706019015396)
 (-0.35748434345019231,1.0159767650534577)
 (0.35051940633378015,1.0526110929942172)
 (-0.31556345193746826,-0.31477730338179932)
 (-0.20192256371755857,1.0318198817673263)
 (-0.98842763922061661,0.94011547924022443)
 (-0.91480953342963289,0.94112797713377405)
 (0.95524528896666616,-0.40529975738912766)
 (-0.26800471863044367,0.87657602611263941)
 (0.26369592685618348,-0.94692694137164346)
 (-0.30413236427228024,-0.40388071445740759)
 (-0.21896070454221184,-0.26986267293009836)
 (0.30941733141786704,0.29891732137986715)
 (0.90591270838755844,-0.3321527977483395)
 (-0.32558392791552127,1.0606925240306511)
 (0.88121127770492025,0.86272161647557399)
 (0.87568195799793302,0.23712511879039122)
 (0.9250733459442273,0.3058900179100365)
 (0.90165398774701477,1.012268139318115)
 (-0.34476919234617104,0.26850559578512506)
 (1.0018210959144482,0.2731903984490891)
 (-1.0255214446050502,1.0754848948542022)
 (0.3516678129187476,0.29072092334239463)
 (-0.28706081348288587,0.91021660547883809)
 (1.025953714324304,0.21562077788919753)
 (-1.0336530077988577,-0.84750463314131419)
 (0.30474740976628084,0.29911120276575037)
 (0.88952014309010552,0.88416893005858022)
 (0.27251305915555041,-0.27082559035256393)
 (0.89527716493938758,-0.92099943616523705)
 (-0.27939981205802805,-0.24140466733056443)
 (-0.90069639532311463,-0.84877017473976812)
 (0.96399157889835141,0.87087777379906262)
 (-0.33712583963746728,0.92218635346030287)
 (0.25402754992359178,-0.89559993086432133)
 (0.2621547408014307,-0.96158735797277539)
 (-0.36747183102690451,0.11137092594824333)
 (-0.99293506386827235,0.40436480764704186)
 (0.32978683774510137,-0.23983198435079864)
 (-0.45741146374340308,-0.22042975997103925)
 (-1.08673303629813,0.35774662070765856)
 (-0.40153483519717065,-0.31359568122258868)
 (0.24396717111882293,0.380865817486778)
 (-0.89606466211874702,-0.19230763553975852)
 (-0.26498567639816883,-0.29386797320483771)
 (-0.48502526043198052,-0.93961187738044305)
 (0.88773828606051652,-0.29514010922309247)
 (0.34826974694891349,0.87705102857031525)
 (-0.36608760700847126,-0.35346331592541275)
 (0.25160862363763603,1.039082898256606)
 (-1.0621462322536308,0.36775479650265031)
 (0.38971638611120019,-0.77274549799950298)
 (-0.43252826559674273,-0.32894437576929325)
 (-0.32677419028285359,-0.98402638429682021)
 (0.16689040668613972,1.0654309855331661)
 (-0.29836545663544523,0.9931446943928901)
 (-0.2879407349230374,-0.87752477033588927)
 (0.96129380153346167,0.30861339342504435)
 (0.32601333143093042,0.89998512685615073)
 (0.22916245212034664,0.34795253897410083)
 (-0.83447782613740329,1.0106750408255667)
 (-0.32801285356381787,0.46710408547222448)
 (-0.98118782943670413,-0.38500687213050899)
 (-0.29204695149919613,-0.32476632828610907)
 (-1.0094257153269959,0.33809663816727142)
 (0.29081640998866548,0.40391453409486522)
 (-0.96165119888030637,-0.88057258583568965)
 (0.38549723296256799,-0.37418879742193789)
 (1.0318525537677579,-0.9244789128794888)
 (0.20190319185728506,0.25664297419914173)
 (-0.84242585903328249,0.21045996736181949)
 (-0.30870957277815309,-0.43728057891435101)
 (0.35521665340367886,0.35711377865906702)
 (-1.0383921409525656,0.77682415540948924)
 (-0.20434799057160086,0.24778879017502908)
 (-0.94502097466849311,1.0356191647556876)
 (-0.32966274123226169,0.90060515147972886)
 (1.0160153097920293,0.24266725664660571)
 (-0.83523643698599392,-0.96629426799564622)
 (0.37623245785063691,-0.96560268006787331)
 (-0.94560628728544183,0.26918715813540933)
 (-1.0465903051401904,0.3425906477429721)
 (-1.0260111150994979,0.91088751900844844)
 (0.53031353453472108,0.34806987855539973)
 (-0.87400678794706166,-1.0529429885574852)
 (0.27207977872213512,0.98061111697586723)
 (0.9416326384091448,-0.94315767163904018)
 (-1.0216820407367408,-1.0042404940852379)
 (-0.36200427072657543,1.0345226989154805)
 (0.93292623809132658,0.28432311387971665)
 (-0.32529201331746971,0.33177529156812252)
 (0.19764266089493671,1.0242865838149977)
 (0.9344539263795768,-0.88708102617563056)
 (0.35162583951674248,0.27537797487660221)
 (-0.36727691521213807,0.34737715595125152)
 (-0.85157929853849623,0.9286823602303812)
 (0.84280469259599722,0.94393416072078584)
 (-0.32735674742852372,-0.25726561195981401)
 (0.90626029638858108,-1.0442599756571009)
 (0.97272690284272867,-0.31957049881178123)
 (0.9707872742981648,0.29834035132310716)
 (-0.35505080760533692,0.27407899384390161)
 (-0.38983280318939351,-0.98014477978622361)
 (1.0287476347857236,-0.97323944573768506)
 (-0.48135641609420987,0.91330124881783636)
 (-0.27039232314193329,-0.8567963611853413)
 (0.92986390412870878,0.29972947919914805)
 (-0.88126400844662933,0.23959019582782148)
 (1.0012401689233177,0.23658508374887027)
 (0.36711081410930529,-0.99588256402207076)
 (-0.93399601983242286,0.22371017984079167)
 (-0.26580700630946641,0.45410638955846894)
 (1.0691738637383572,0.89855425688233748)
 (-0.1235210327280023,-0.35821274103301748)
 (0.8751017499797199,0.4221930471497326)
 (-0.94112821507497701,-0.29833792995208791)
 (0.22373068083012082,-1.0576842100601995)
 (-0.21703785736097347,0.52817266488277526)
 (-0.3753622473363315,-1.0078237187912111)
 (-0.36460316671295612,0.24785427317184014)
 (-0.93149896783971897,-0.97408968330742995)
 (-0.81105411829765561,-1.0393869626956362)
 (0.3316506976581598,-0.32409976242218674)
 (-0.25368987206271454,-0.89799506736510337)
 (0.83522965800166071,-1.1116519992139318)
 (-0.92676255435472898,0.37119351894421193)
 (-0.97769955972567946,-0.95137726545615564)
 (-1.0125221235585042,0.26588727809846363)
 (-0.37372287048102232,0.40717719948092246)
 (-0.24279330904630611,1.0372759506118228)
 (-0.95404956821448461,0.92304238198232724)
 (-0.31028956753871018,-0.34145613976238903)
 (-0.27991762408596188,-1.0012148853849674)
 (-0.98555318337024711,-0.92112633682253608)
 (0.2982683545385037,0.29344164428363623)
 (-0.9865977916152544,-1.0355265859870018)
 (-0.32949118112265363,1.1350707617444074)
 (-0.95733150295233904,0.90035091530226397)
 (0.42881391471199665,-0.97316869589750687)
 (0.35727194138402107,-0.8876362739184851)
 (0.33390839322330318,1.0513870815047139)
 (-0.88581628599541051,0.31388733721123141)
 (-1.0417837329981809,1.106763855701776)
 (0.83469943429929638,0.81867960981224974)
 (0.34366410697201744,0.39837319877896016)
 (-0.35965065440229893,0.24529536314222369)
 (-0.21738150300766823,0.89947264336584232)
 (0.78086120074622301,-1.0684221930966324)
 (0.37116004671936659,0.87229756287167071)
 (-0.27396968606624367,-0.35493062137004977)
 (-0.95058285511481255,-0.29448497882184199)
 (0.34271735371491885,0.8868989095560833)
 (0.9699477845052028,0.27336886300018498)
 (0.29178611921598641,-0.36754745709143521)
 (-0.88196099090501101,0.86357058784849772)
 (0.97306646660794927,0.17278344510737551)
 (-1.0120268269285999,-0.38327602721262516)
 (0.37075992029129212,0.27746544774820669)
 (0.96016182392934546,-0.28900095014314486)
 (0.24946837283295337,0.91924287066622334)
 (0.87875060618563039,0.9486021194031804)
