# Created by Octave 8.4.0, Thu Dec 11 09:47:22 2025 IST <gamana@Samsung>
# name: rayl
# type: complex matrix
# rows: 2048
# columns: 1
 (0.081596173086198959,-0.70021950845202552)
 (-1.6653015199172954,-1.022847097588703)
 (-0.066921619798028104,-0.36727482550665302)
 (-0.66460355601860632,0.50645962752930562)
 (-1.3112473221686818,-0.15150941030121956)
 (-1.2901832609923229,-1.5694042093399865)
 (0.80515370688383148,-0.50625685126867859)
 (1.1362465199335667,-1.6455431698925751)
 (-0.1035868863421634,0.3674179679271441)
 (-0.52038629742326614,-1.0273850261050455)
 (0.3353743862093877,-0.10064538127491891)
 (-0.36505745046570609,-0.26641133051599608)
 (-3.2513297646515662,-0.93195985517975255)
 (0.032394939674139409,0.00033556022027869323)
 (-0.14283162544920541,0.29248798383222552)
 (-1.2781634836051812,0.6252668452417105)
 (-0.2406494890605152,0.077528436198135695)
 (-0.57900799344071685,1.0793683747643681)
 (0.17285330638818661,-0.17259993644230689)
 (0.22971310613311924,-0.094702870771585027)
 (-0.50006582674278377,0.46327859053136777)
 (0.087811199376507013,-0.43884093486934939)
 (0.50196339792539502,-0.037162592125847799)
 (1.0784853892132349,-0.55764667047188765)
 (-0.16592231571060201,0.016844011316877738)
 (-0.46363167395744809,1.130616904967249)
 (-1.3285690809646853,-1.298338101131608)
 (-0.78828247621335701,0.8759240096765295)
 (-0.13534418818919436,-0.049586212382213252)
 (0.050954415997930796,0.51277283721540334)
 (0.092297841357829882,-0.098287950738055477)
 (-0.0077202448253184119,-0.72840342681337145)
 (-0.38626476851249225,-0.09198271185869869)
 (-0.0787554869665721,0.32264289492194947)
 (-0.059083241512055462,-0.59791038667618623)
 (-0.17444019209280426,-0.29053694477916031)
 (0.10376238806614477,1.00093572611756)
 (-0.87355910309812268,0.22173762240699307)
 (-0.4519190557629727,0.15831592936244479)
 (0.016275881913726142,0.92819472647618251)
 (0.18343180661636962,0.075971470457751281)
 (0.24048742716118809,0.61553324482064786)
 (-1.0823751702101019,0.14274444361951338)
 (0.17033552597132412,-0.38002533782170927)
 (-0.49826736191435883,-0.78967149227547595)
 (-0.064171212196970223,0.44539839070330206)
 (0.25887506826321871,-0.40310954535694205)
 (0.6486024439347482,-0.56488913568760379)
 (-0.095207034232383303,-0.10033759334573861)
 (0.43226527297205253,0.5441701828394423)
 (0.058686434158851233,0.0046117481847707115)
 (-0.53046079962517445,-1.2645957491071913)
 (0.25785872406669486,0.76862582020284664)
 (-1.0338355763840474,-0.50837923633484627)
 (0.41080203615933497,-0.16048683128108987)
 (-0.034076884901131338,0.53058469696261823)
 (-0.77458470138096591,-0.045725473630312541)
 (-0.27040409045903835,-1.7334867983692017)
 (-0.040644649967633575,-0.091970274257049525)
 (0.29039562271182062,-1.0197757461133685)
 (0.20935396881694035,-0.59838174939339028)
 (-0.27765296633338166,-0.47173356871801336)
 (0.11849924382042631,-0.93049425860610568)
 (0.97044757554234617,0.36559585597268179)
 (-0.36657656103740721,0.82297966510271148)
 (-0.051340303659105274,0.76422088645558384)
 (0.43545646421222484,0.78246679672513342)
 (-1.2226322083505936,0.28978345645562398)
 (-0.22351347000961952,-0.15230424106311957)
 (0.90702409276122786,-0.2513642298950558)
 (-0.49549850917212296,1.0599382312526442)
 (0.51081154821387353,0.0048787388581224556)
 (-0.084427166817773902,0.45378702795849224)
 (-0.06022001775626569,0.0090116980047119655)
 (0.19426144910011167,-0.20021744529001512)
 (1.0983571784831039,-1.1808407680015933)
 (0.14728607870268304,-0.6695582220282621)
 (-0.046416802501247856,0.28979336621264812)
 (0.27789923710101683,-0.78439782816891468)
 (-0.56817078695690393,-0.5977141475239276)
 (0.28104588635211875,-1.0799556738988245)
 (1.3977217608554824,-1.1899008556963855)
 (-0.77709487201478245,1.0379135692889205)
 (-0.87858140088126013,-0.5424372001477239)
 (-0.050547921875410864,0.11829807815078787)
 (1.6498845536459874,1.2930924159801143)
 (1.0710591852486038,1.5444534847131781)
 (0.46950523744678979,0.082074735037258206)
 (-0.49665747702413793,0.58262044068972552)
 (0.46185587484786095,-0.47300761475722763)
 (0.2661051301492659,1.9438904061843676)
 (0.54620189815944165,-0.12818402492563666)
 (0.3493215837575438,-0.16640881704057692)
 (3.0107836208915093,-0.26020216575672617)
 (0.2601792293857656,0.05508487083591046)
 (-0.64969512913966088,0.8884698441663641)
 (0.12993771443526103,-1.4740713264728957)
 (-0.63500871907803835,1.1021409779557552)
 (0.10981752944681425,0.47170280835958434)
 (-0.21179994519819695,-0.23153481435952639)
 (-1.0629240007882008,-1.588403458509918)
 (-1.1902874818385083,-0.23709073972244687)
 (1.3752247819561421,0.55096239517833068)
 (0.39829799352866052,0.37523932285461525)
 (-1.8060790794219908,-0.45521755484027376)
 (-0.59884274207849642,0.18299406553533268)
 (0.44740309668170392,1.327852808322028)
 (-1.4935686591526132,0.73480709871207051)
 (0.038381651083674154,0.048488973633592961)
 (0.34481016924322538,-0.17467039814505597)
 (2.5542555098119766,1.3153401166755647)
 (0.39452940249798624,0.36104486161015409)
 (-0.51194617112505836,-0.99780299693750041)
 (-0.45545176155257877,-0.82182088895328564)
 (0.87829168174286565,0.21701551469552277)
 (0.11969552041771681,-1.1184017359611327)
 (0.31660966026870568,-0.5056766179661476)
 (-0.42212841352194769,0.42349713473335832)
 (0.071430207873609777,0.23759917406407505)
 (-0.16072615301842094,-0.16898226969228555)
 (-0.8865460729905712,0.48749790204697402)
 (0.44236392895683596,-0.29400187090111973)
 (-0.35706232084531497,0.32271295463049188)
 (0.85958323157333694,-0.37440522856253577)
 (0.9357561744289713,0.88883010451491129)
 (0.12906504340694117,0.22304883826551988)
 (0.0068338725835697042,0.053974465219046315)
 (-0.58878011487928061,0.5662294473681202)
 (0.10029341337679315,1.5118637172044591)
 (0.39002157634966539,0.53837657086754831)
 (-0.2612461133072328,0.31239784695271244)
 (0.26145585456185388,0.25233224776961855)
 (-1.2826132303088762,1.9631873057922136)
 (-0.13424715860587144,-0.73786362731029043)
 (0.73101091150874153,1.3765933920681863)
 (0.65290606128484086,-0.073071173759488128)
 (-1.519488363453589,-1.1269581249068441)
 (-0.082924042665809383,-0.37267537406661838)
 (0.060945063633656205,-0.23557487522831749)
 (0.015692327624438243,-0.1840037843772051)
 (0.00095667441386398933,0.51867713271596783)
 (0.37483816871605447,-0.38016953232381567)
 (0.3952542207028451,-0.13987837927708013)
 (-0.076898168972539954,-0.041460102409933308)
 (-1.3010117610083791,1.016741186481892)
 (-0.059606767179301967,-0.33210470765117256)
 (-0.29919318381721799,-0.65569173917670276)
 (-0.56590972896546488,-0.26898397096980564)
 (0.64645141118537963,0.82773469925877752)
 (0.51380759069364978,1.1729436369301642)
 (0.20510151126385484,0.036426585728767474)
 (2.5106676569230961,-0.35865981060381258)
 (0.72637582530176659,-0.21062542521369945)
 (-0.0085763436968525654,0.079156698268324624)
 (-0.15912061685815551,0.58500010682913328)
 (-0.25973508876509543,-0.59668035924389284)
 (-0.11147937600600188,0.79699860533788347)
 (0.30161714188653976,-0.37345414323397741)
 (0.2106979169224914,-0.15263924721810701)
 (0.083621330606802713,0.3384897710360687)
 (-1.3738114193413946,-0.31342682144256606)
 (-0.63046466182104521,1.1086033422173949)
 (0.21636664002564818,0.53454060143526727)
 (0.45244702891001998,-0.45128991007450936)
 (-0.80770449686048074,0.35587088633774866)
 (-0.50679419911446844,1.1635572977750119)
 (0.036380507103255272,0.15734964195876186)
 (-0.58836699838659745,0.014607848310434934)
 (-1.1065787286076207,1.4333067856849675)
 (0.36910363705321536,-1.2522513842114729)
 (0.063754731791822172,-0.12060172685356479)
 (0.61035806637928836,0.86445968021708863)
 (0.6415913258193886,-0.092928187132993278)
 (-0.20332221590018346,-1.0790793816118447)
 (0.59799148185435635,0.17955616505236022)
 (0.054744755296322924,0.03848797344472666)
 (0.14263496559409872,-0.10914465633982524)
 (-1.7251300769831162,-0.13455523348989806)
 (0.63569100961942682,-1.2118821711342407)
