# Created by Octave 8.4.0, Thu Dec 11 09:47:22 2025 IST <gamana@Samsung>
# name: awgn20
# type: complex matrix
# rows: 2048
# columns: 1
 (-0.96744831924960439,-0.9618904553662323)
 (-0.29563429309349892,-0.44729931951156399)
 (-0.43976279197083606,0.3821956721559856)
 (1.0348511628462245,-0.81176756307562159)
 (1.034694275383466,-0.73811950173902152)
 (-0.32967491072740979,-0.83686231130612954)
 (-0.96698251634572618,0.33755647939601024)
 (-0.26370428390333939,-0.92859692080828449)
 (-0.3007111555635778,-0.20438348704313536)
 (-0.38771125742517237,-0.38052900001079959)
 (-0.96240675467259951,-0.96445193094347603)
 (0.96767665300884043,-0.41073632106971802)
 (1.059142240153081,-0.96524431961790469)
 (0.33380610268345767,1.059551436390497)
 (0.22425444775643416,0.1873899896778187)
 (0.9142217642532664,-0.38161335398425877)
 (-0.29660280431271002,-1.1450048131272703)
 (0.32706770154802089,0.93347797144408418)
 (-0.35647990080101793,-0.94261768274519109)
 (0.85021710842939202,0.92111507401241066)
 (-1.0123516381794684,0.89858535132028849)
 (0.95433096895649683,-0.81632214322642593)
 (0.28772921039548133,0.28079651623863783)
 (-0.85079211422416723,0.91805536733562898)
 (0.33325139448209129,-0.34323471022237384)
 (-0.93035805756393808,0.32662720324606592)
 (-1.0073121855925249,0.91762233043203245)
 (-0.34729340485927029,-0.99981991668650472)
 (-0.86505558937478766,0.27836045724519065)
 (0.24750565162141996,-1.0992199958017299)
 (-0.87464306025098071,-0.20076330784777602)
 (-1.0163393990557115,0.39066742770403556)
 (0.42393874702570034,0.99665804828656168)
 (0.90165455811125805,-0.8242730157182051)
 (-0.33256722106276138,-0.26768245537346047)
 (1.0405034146188477,0.39394909956912211)
 (0.2681394891927279,-0.32951713869180171)
 (-0.25557164679800576,-0.3352982755061672)
 (-0.37161900575193879,-0.26555912214775862)
 (-0.93524851234991346,0.27553305574214226)
 (-0.39375324031794778,-0.25076854740107957)
 (-0.97065104993911544,-0.82888244574497039)
 (0.99248774502846149,0.28528512060937239)
 (-0.97186508207858369,0.34573528920033375)
 (-0.4328317505780338,0.25496090617263434)
 (-0.30605012647997898,-1.0559203118920455)
 (-0.37056751771903201,0.92477242630513024)
 (1.0093388391705151,-0.8545198901213964)
 (0.25993301981082995,0.36469130674059519)
 (0.9328157690737392,-0.90304092471343411)
 (0.32046732502421754,0.22248330808117522)
 (0.45527655243871457,0.33964328484525619)
 (-0.40270397403399616,0.21097563084151033)
 (0.84061341417939983,-0.92602338201939727)
 (-0.41521803942575086,-0.31356582000074817)
 (-0.34291226885196224,-0.27978119312260563)
 (-0.9509071331359068,0.34231173367994205)
 (0.95545112711697966,0.3749739488932734)
 (-0.34261519461586393,-0.89000336493285603)
 (1.0064689582645685,0.92446248361611794)
 (-0.42987060593345433,-1.0065950889579105)
 (-0.33677975998198645,-0.23952392502484823)
 (-1.0193724494701242,0.22246778045756166)
 (-0.25165980820643541,0.87276288897966248)
 (-0.4640447687045347,-0.43396683564689831)
 (0.24440388812103947,-0.31906469441763041)
 (0.86968047471530552,-1.0936841644385464)
 (-0.3338392645277678,0.90234501226738661)
 (0.95880242302648344,-1.0656178019070708)
 (0.96818380699875317,-0.40167250752905048)
 (0.93858746216538047,0.90336756252207862)
 (-0.36074826333087362,1.0524166424483961)
 (-0.98614720214314777,-0.48489249530793244)
 (-0.95743000666595124,-0.86238090560993175)
 (-0.92575572693343877,-1.0065072882448531)
 (0.32201889329281774,0.92360760665373254)
 (-1.0293533284152683,0.8908210455329767)
 (0.37270206137809209,0.92134412564658641)
 (0.28429924687851149,0.8761068281788964)
 (1.0318584943085785,-0.93192815339613311)
 (-0.27096586076860801,0.35031821182339595)
 (-0.33262550200333463,0.96765194462949156)
 (-0.33049272185872108,-0.33148996675692832)
 (-0.32638425323011239,-0.93449937703711794)
 (-0.44294209384781003,-0.95783493676579068)
 (-0.91165439886014488,-0.32712780812066922)
 (0.27671203736845901,0.91980266836527391)
 (-0.17755236170970479,-0.49180097106916942)
 (-0.89483363170776742,0.93963062768209649)
 (-1.0201412834706234,0.17227003731499041)
 (0.2594428221520384,-0.99714331965401859)
 (0.24585640317779162,1.0191354270615576)
 (-1.0140171194758676,-0.77272963451908838)
 (0.21535052197694665,0.32053515532521981)
 (0.32907500767793713,-0.9807074452902601)
 (-0.33651159305011402,-0.91037542564758434)
 (-0.35315627674517258,0.9722745275094784)
 (0.39034730257492001,-0.33929313657234317)
 (-1.0219747975655946,-0.89868310319514466)
 (0.37286319640924043,-0.85992168940698144)
 (0.34314204689275735,0.86304349889998155)
 (-0.89851836174998545,0.97489907980146739)
 (-0.27137106443837378,0.45531690773914524)
 (-0.38299117254164539,-0.92383197515948734)
 (0.1910204300090988,-0.88606099942012739)
 (-1.0613710653050776,0.94401687512216037)
 (-0.36050513827950648,-0.338389340138401)
 (-0.91363335908177512,1.0397030023356657)
 (0.997503055107412,0.94324359710370376)
 (0.3636763919375855,-1.0632292302021749)
 (0.21307901051515771,0.098880782331459388)
 (0.99069458645609021,0.39896933507922849)
 (0.42683215691246174,0.35416119371883087)
 (-0.88957841143645122,-1.095141893533125)
 (-0.25954492122355033,-0.36115228495739526)
 (0.93445630115849521,-0.91218654983381764)
 (-0.97560810534326581,0.40602856801770904)
 (0.83864255496356621,-1.0631270855975392)
 (-0.47498685793818241,0.29153368743617336)
 (0.88061408814042208,-0.36344690956252756)
 (-0.82656697356304876,0.14438865453372673)
 (0.29753944720262987,1.0738279484865862)
 (-0.29123180812758065,0.2623863135635548)
 (0.37834610052531903,0.33258431910384439)
 (-0.91423796036767691,-0.91041091716015021)
 (-0.90669677005859561,-0.26743720424183659)
 (0.98504138776531291,-0.9584434305616909)
 (-0.3829428036088966,0.90779015485204895)
 (0.35195947001901556,0.41011936746402539)
 (-0.27056283708045986,0.97120383032227386)
 (-0.24789888054269493,-0.89630472524327187)
 (0.3382410640439506,0.99476359990089158)
 (0.20426619806112994,-1.0091080847896585)
 (0.97834080939346701,-0.92218394982645768)
 (-0.98865668901986203,-0.22350164373193132)
 (0.917134253523198,-0.34225467156427075)
 (0.9724067059030741,-0.99408062650364715)
 (-0.93333226999135488,-0.31165590943145277)
 (-0.93010269087503028,-0.14779811323601497)
 (-0.91693441402941323,-0.94727187457637874)
 (0.8975775535358359,-0.25668165016217681)
 (0.94214152640627957,-0.41102191300103658)
 (-0.32577283985908417,0.22822198247391967)
 (-0.3572129584949445,-0.33609176991496786)
 (-0.23561457656746126,0.92160863648480362)
 (-0.97766752048075622,0.38342229095202068)
 (0.97908082816270092,0.27589461842528668)
 (0.31826185352541742,0.201734528729411)
 (-0.92653947738194575,-0.88035597525964082)
 (0.33244722274952154,0.3216402987670357)
 (-0.37974967489527667,0.29725074433733489)
 (-0.41094969624054001,-0.40243231086317677)
 (-0.92390943638091949,-0.91990808693850146)
 (-0.28692696860532918,-0.83102732494184095)
 (-0.98259457870384381,-0.21267122159325291)
 (1.0013719529407097,-0.38179435938291789)
 (0.25736017327121896,0.97312393549419507)
 (-0.17706230632849482,-0.99958056074751167)
 (0.34904450657637276,-0.89034009564361949)
 (-0.99981966986896365,-0.27477146962815024)
 (0.94869932938678403,0.3786388632081838)
 (-0.90794971171533811,-0.98714647989251869)
 (-0.29064368021423098,0.18943237575854738)
 (-0.34376799767375871,0.91737920323093647)
 (0.95304595407836257,0.98988915178029047)
 (0.30783886521540593,0.96738195051951148)
 (0.32407928259839935,-0.34498866361047814)
 (0.96466316323838519,-0.21878294429800182)
 (-0.95129856213610331,-1.0344957494949183)
 (-0.99182751656974089,1.0328803971195888)
 (-0.99983151156014427,-0.46083250379215968)
 (0.41472232649848323,-0.4055092864678671)
 (1.0128622542166643,0.9114219043309717)
 (0.25156257622271982,0.23819313184808638)
 (-0.96761202738506391,-1.0488208361100395)
 (-0.19898765540352237,-0.86957290248559171)
 (1.0005498261040597,0.9165108605557456)
 (0.2353886507627464,0.96698153613051641)
 (0.80881504485775169,0.39182073870241191)
 (-0.39292115478180478,0.9560457697346566)
