# Created by Octave 8.4.0, Thu Dec 11 09:47:22 2025 IST <gamana@Samsung>
# name: rayl
# type: complex matrix
# rows: 2048
# columns: 1
 (-0.411094101252722,-0.0065425512614195463)
 (0.48754043417132603,-0.88414412909666273)
 (-1.3064009899842839,0.23184849007219285)
 (-0.89740931257719891,0.49025010883378206)
 (-0.51068701436583686,-0.089417966931243903)
 (0.22007666487774202,0.76807514726611381)
 (-0.082701737786858284,0.051094443093256434)
 (0.78147467059802023,-0.83404799260926099)
 (-0.42752485400789647,-1.0220231064326226)
 (0.37339190829928659,-0.96319177541380419)
 (-0.16963355226380034,-0.31385778124662994)
 (0.31914982467945124,-0.44609433864304032)
 (-0.48796804954636197,-0.28689853169516266)
 (0.14259629336121132,-0.041461946604359319)
 (-1.489741976472875,-0.30266618745826257)
 (0.17205948252638853,-0.18867016637805606)
 (0.69717852938905378,-0.0084045681659609406)
 (-0.077282035660332787,-0.7777303877138021)
 (0.40499837503738123,-0.066594609325122373)
 (0.7704660639840234,0.19322918650448159)
 (0.69504955457655992,0.49486963614422319)
 (-0.55142158822679022,-0.53766365666936722)
 (-0.10728655403111736,0.61102076338965639)
 (-0.21381959142048437,1.2552508231704669)
 (-0.65744335574110258,0.35886420284545489)
 (0.44737731376866335,0.49159652722154173)
 (-0.13595696768095483,0.30244191228514472)
 (-0.11634708820549738,-0.91454604237253012)
 (-0.2811455815481716,0.51606706923938406)
 (-0.41935889226202372,0.047136123580720141)
 (-0.07529169544122552,-0.21437815374496375)
 (0.60399066501643595,0.67735611438043863)
 (-1.113785632969319,0.012976083074422995)
 (-0.11132427866331333,-0.013819030530943952)
 (-0.44133547722505334,-0.21551634734688579)
 (-0.72354978237669654,-0.71708451197142509)
 (0.010763045536426827,0.048390906630328565)
 (0.70195812082204823,-1.0415444210806533)
 (-0.87080837027979474,-0.70135225881842811)
 (0.10514179890786014,0.25879215623763352)
 (-0.11632883783983969,0.49714206878162603)
 (-0.054967082018863772,0.42172362003449021)
 (-0.064657032536411863,-0.40133392444370863)
 (-0.56677108263523823,0.91351419851140736)
 (0.61752657429401003,-0.57856573856748461)
 (-0.24926610524876705,-0.17871847913640748)
 (-0.70035911360368708,-0.44424988807089505)
 (0.3627399817788729,-1.4160802455469255)
 (-0.3965168003010609,0.38502953794190781)
 (-0.13733151178379763,-0.79948358865450164)
 (0.17717340995080086,-0.57013173888642876)
 (0.50031050609552508,-0.19241930441146143)
 (0.20526224479144758,-0.0029637136666010311)
 (0.31702195971181057,-0.095457652586276684)
 (-0.10566306182385821,-0.13756888410782114)
 (0.75282870652283207,-0.16182381164504928)
 (0.22986908082107979,0.79810008884821892)
 (-0.53707354828200482,0.41922894832423568)
 (-0.25027892701505278,-0.5310994999858758)
 (-0.5215087576411046,-0.47084759544095767)
 (-0.11105175381478993,0.3297178927528312)
 (0.45334850262027704,0.49293811277333327)
 (-1.6897188951192599,1.5660660950236653)
 (-0.94554335407075751,-0.22308053561796171)
 (-1.1033916147261316,-0.90781067242157532)
 (0.57306866015875946,-0.58282034386822201)
 (1.4760157592661343,-0.21259506805116635)
 (1.0151370135496431,0.27994677989816852)
 (0.19390418177201579,0.94598348338494276)
 (-0.22392340546201317,-0.69675388484349343)
 (0.90132144683775306,-0.22155369813220821)
 (-0.3575786390142881,-0.56592410420557049)
 (0.22687757484337578,0.25071196512189436)
 (1.5194913977455604,0.62655362536045689)
 (-0.45255601995746264,0.59413421875310934)
 (-0.13966485056458511,-1.458063296144414)
 (0.18582488690753082,0.091511158047340196)
 (-0.85369315572982618,2.7286694292594378)
 (-0.2339138787004347,-0.14415199177493226)
 (0.91042842213349218,0.37022536782168669)
 (0.43117355712029337,0.61310946794739141)
 (0.11024198643781151,-0.15866974796634767)
 (-0.7036040723294833,0.38038999141824076)
 (-0.10330319079063015,0.058788147870834931)
 (-0.2417601703665912,0.71690751154602828)
 (-0.68420384296212111,-0.09736587600858719)
 (-1.580833336768392,0.46701668691513032)
 (0.47490597653145916,-0.63653023665840247)
 (0.28738333579450065,-0.22501277305929515)
 (-0.24081003514700466,0.42893654066060694)
 (-0.24812794720061537,0.43856543185234287)
 (0.35673655877901644,-0.14027362142033162)
 (0.36819438918475206,0.77533208049102686)
 (-0.48432705550574612,0.080805808460699735)
 (0.49181922341236467,-1.0251111584720949)
 (-0.3892051380727426,-0.37666369880223749)
 (-0.4378582484974603,-0.57979542790429273)
 (0.17500482382022722,0.43073686438249376)
 (-0.10211009908700254,0.014005643944276482)
 (-0.35385813077895134,0.59822448865834976)
 (0.30231511134295647,0.21897858798269559)
 (-0.49724019130672564,0.48683913578519211)
 (-0.54743568941092591,-0.45803966792837081)
 (-0.12831631408872624,-0.64933554160833096)
 (-0.40349661482782628,0.99483337867979393)
 (0.91027921348690999,0.43837405958654213)
 (0.87048551156058218,0.093667993686444628)
 (0.31435648430532614,-0.16170362425769147)
 (0.3272906720093931,-0.52451782469191788)
 (0.095264745411909657,-0.4419472075859579)
 (-0.28815378093771216,0.76803363579129003)
 (1.2398537699799674,0.52486744954479247)
 (-0.28405008970141482,-0.17116499834647797)
 (-0.31513507091438037,0.22752417648165663)
 (0.3913613434552764,-0.56068510526479787)
 (1.7792408315030144,0.84174375953761449)
 (-0.17567620399920522,-0.11075829118852157)
 (-0.3279059673616016,0.4795012721838795)
 (0.10582091633284928,0.1171207226145468)
 (-0.38214661047060638,-0.056332948083559681)
 (1.2972569037560346,0.11385716886022312)
 (-0.555031614363802,0.57158139574142752)
 (-0.56946624855243211,-0.56563021472529507)
 (0.87349120965478722,-0.6104612224018291)
 (-0.1270048205219769,0.090719952185224745)
 (0.24088251448777162,0.53546383756953664)
 (0.043639648907776066,-0.36846070492711547)
 (-0.10525866015905073,-0.022226228938054746)
 (0.13832552193693004,0.64154322926401686)
 (0.27513552043883771,-0.028001349819016086)
 (-0.59150545468111249,0.014966845842884963)
 (-1.0414897581917619,0.23912665570267705)
 (0.1671961905074888,0.22206800034063418)
 (-1.9591296705023189,-0.33025424120342284)
 (-0.76489910521749827,1.6364660495515937)
 (-0.31485596028531537,1.0183301302801446)
 (0.38148327553533279,-0.42464053552137782)
 (0.56391491558291607,-0.058396671165216518)
 (-0.73491323811273801,0.075496656515423172)
 (0.53520737341969815,-0.29747861511813434)
 (0.31671226186002932,-0.14903107889147482)
 (0.52122564696355878,-1.1336248482419995)
 (-0.38937367206796747,-0.0098890221815817608)
 (-0.26463041549001332,-0.85639883200137101)
 (0.52275363597362678,-0.13536673726634815)
 (-0.28983528953834348,1.3467503792046207)
 (1.2581974746437483,0.32508884128388305)
 (0.36169824594529254,-0.66881339624662794)
 (-0.43112490261254188,1.0619947612617597)
 (-0.25874476074317826,-0.33305101532570608)
 (-0.50163683423022587,-0.36867394564966427)
 (-0.39754220874811858,0.15378437689959262)
 (-1.1156078565087706,-0.24428640019190007)
 (0.33290904649781661,1.1565214703961093)
 (-1.4150824774789299,-0.89211672637842798)
 (-0.68732008743522433,-0.60042138927157862)
 (-0.95054105454034565,-0.96716313406335686)
 (0.38244935429324201,-0.18008374994718301)
 (-1.012907825292465,-0.66561787722682908)
 (-0.47622397995417581,0.48091454997057131)
 (0.0027409641223813015,0.031371250092396288)
 (-0.59278523135211281,0.18516478944542128)
 (-0.23741803191998351,0.95407644808658698)
 (-1.6442332607584065,0.085302855828088608)
 (0.27858754719092022,-0.72022883228407464)
 (0.023766757623832152,0.44303685808691273)
 (0.26838981294325293,0.50305912350266235)
 (0.29305124067972887,0.21510266785970608)
 (-0.22619922156375527,-0.30328919542184762)
 (-0.67412232937616934,-1.2040346457180549)
 (0.53884915298968472,-0.80866241430803132)
 (0.031195854193627776,-0.63675498361955241)
 (0.62843862587177568,-0.12532901810345973)
 (-0.24269362537693118,-0.060108584464479461)
 (0.93709214543563291,-0.46589594009370722)
 (-0.02041710000285174,-0.56687104798414745)
 (-1.0308054423086801,0.3892940320424832)
 (-0.43924947506882983,0.3453890888618108)
