# Created by Octave 8.4.0, Thu Dec 11 09:47:22 2025 IST <gamana@Samsung>
# name: rician
# type: complex matrix
# rows: 2048
# columns: 1
 (-0.25228307824829388,-0.4921364090142647)
 (-0.9125861937012848,0.12327017047349642)
 (-0.16175148849110438,-0.59963176874123714)
 (0.43162996263328324,1.0935222604903476)
 (-0.55074822676691537,-0.18498135699711596)
 (0.15747599029941162,1.1552149111989656)
 (0.30449407866082706,0.055849346381267817)
 (-0.19703018612404916,-0.42177996624718611)
 (0.76285043684966658,-0.69122071073354829)
 (-1.1239965576027586,0.50228132412453508)
 (0.19127821857332,-0.27364057343253317)
 (-0.69440601669932933,-0.74070862593049203)
 (-0.33884446311814737,0.31050695969064618)
 (0.22160840264283205,0.32044532301655965)
 (-0.60909002880172269,-1.1689781465356877)
 (-0.92046418498678229,-1.1721811324321636)
 (-0.71027040728486601,0.16506058090946318)
 (0.5686439854148011,-0.58400005012517986)
 (-0.18111777670246124,1.075851068997929)
 (0.30186369025743198,-0.96336965113048123)
 (-0.083389729044901273,0.691871311145694)
 (0.94277522253484569,-0.096838352922518522)
 (-0.42533235665818531,-0.16273527016533548)
 (-0.38441922696585562,0.67521819941433303)
 (0.90892699132544608,0.4973033749494144)
 (0.60290918129170423,-1.1592560815779442)
 (-0.73809826671862055,1.4952456291457366)
 (-0.13609619472576956,0.40619152293952004)
 (0.22632012113213126,-0.57930107744472226)
 (-0.71587544565153183,-0.78350455780943584)
 (1.0186159952887937,-1.0990332788783381)
 (-0.54796307392523624,0.42024557434969068)
 (-0.3726894714178518,-1.6993040018235765)
 (0.065692467213907924,0.11026887492534937)
 (-0.89432736267501012,0.71578488351327185)
 (-0.79817770057494242,-0.038976032810897537)
 (-0.22606812588210892,0.32276901091375521)
 (0.19138855650928999,0.39710407146868709)
 (-0.10521786473562778,0.89076818836094029)
 (-0.65329978741409644,-0.25062163241438795)
 (0.1776161421583152,0.85683103106557557)
 (-0.10427220504805096,0.21728973321005801)
 (-1.0166677256823398,-1.1004357756664638)
 (0.28474188558870417,-0.37805112322927681)
 (-0.58876434950038137,-0.6604352592393159)
 (-0.30183183159694982,-0.027714345048547251)
 (0.80340369490703467,0.32296060451089159)
 (1.0577139341270367,1.2033302143106031)
 (1.1783053323300705,1.121060278214622)
 (-0.08410869535283147,-0.95667726227980832)
 (0.38828977157727917,-0.6753817364129433)
 (1.3481526732285571,-0.56752721692440966)
 (0.3303880879635126,0.68074102347046439)
 (0.63565308717620483,0.032812103710093327)
 (0.34466506513288503,0.42792526359310773)
 (-0.51764677277065474,0.32001421951764197)
 (0.22085610542505443,0.66495050105082298)
 (0.92502896137815571,0.33801423400691838)
 (-0.28523578548580447,-1.2235974406859587)
 (-0.037676727985212655,-0.7666163052851096)
 (-0.56249829497192194,0.19293023235917664)
 (-0.63545766743385301,-1.1378801964654615)
 (-0.21041690615213487,-1.1579986440231729)
 (-0.35484220843706399,-0.32051960198539015)
 (1.866471324716251,0.68411086311490399)
 (-0.838760245365751,-0.18996036162276592)
 (0.3297179292801381,1.5011521148036882)
 (-0.74617600579180288,-0.23784726543008472)
 (1.5232334541577832,0.48312366398811385)
 (0.56682695591766008,-0.96433935895257816)
 (0.54727712366563486,-1.1444170191915224)
 (0.60878788047976373,-0.69910870013684046)
 (1.1234726238635391,-1.0047418759802136)
 (-1.1492687155973471,1.2106744554653146)
 (0.4517461727367198,0.49917652285556241)
 (-0.65238028913530433,0.12330224102440351)
 (-1.5824847387077772,-1.4599769345464835)
 (-0.32962808413355893,0.6728639539330159)
 (-0.031081759997671987,-0.39666033823512581)
 (-0.42865750167314798,1.2239749859946412)
 (-0.12367205208540299,0.093180928803545227)
 (-0.55019382524072757,1.0984941196630376)
 (-1.4267673850131595,0.98027014093099751)
 (0.86168950533647171,0.46690092928739763)
 (-0.22901026979459449,1.0329332406657548)
 (-0.15701269896685702,-1.0913735469779797)
 (-1.210190403809666,-1.0746876023252754)
 (0.75306048479653664,0.66236618278770576)
 (1.1577082678879214,-0.40337930229113816)
 (1.3076473156210615,-0.42548339315338612)
 (0.25173075933464578,-0.31810179917815379)
 (-0.47173664004654747,1.3661319238507932)
 (0.031153877505523314,0.29587853286231081)
 (-0.43213908553228431,-0.41037516739475177)
 (0.5275612803312576,0.84981135206336467)
 (0.12945146474482039,-0.16648159635650905)
 (0.91156272646149716,0.26878619235732781)
 (0.91598498698930264,0.70733657189889954)
 (0.066308275185240753,-0.28755746203140659)
 (1.3092625423014213,1.032982767523434)
 (-0.1788617028913303,-0.8918815412107638)
 (0.40943643671595398,-0.14513158598187803)
 (-0.071056129297073251,-0.35917096927923675)
 (-0.36806874646830212,-0.091070190751153829)
 (0.16083132505035441,-1.1815026328737823)
 (0.19801882015340022,1.497646868240804)
 (-0.1470485570212077,0.19611627308972018)
 (0.30131273719255164,0.30828157544170715)
 (-0.38835699440886018,-0.37689804052338161)
 (-0.29471256404846746,-0.59574242216271878)
 (1.0253044168619248,0.54921628409417356)
 (0.61666218405362105,0.8284449364387706)
 (-1.4764661415703166,-0.97806831261755089)
 (-1.3057632820482965,-0.49811951111430264)
 (0.90526950279776552,-1.550953348286358)
 (0.27763091849850124,-0.31642118160401705)
 (0.53369368702176068,0.68648866438066836)
 (-0.33637714790704998,-0.5867136360218328)
 (-0.051337595922848783,-0.57523491941723925)
 (0.30830150742216256,-0.42779851765108667)
 (0.62903556808166794,-0.67958554599461063)
 (1.0281873372956301,0.22295691615643676)
 (-0.33191063700130036,-0.32471539677212852)
 (0.26775021765817458,0.80637787019372742)
 (-0.69844542751106187,0.31115594462504603)
 (-0.65274516487830081,-1.0309000703823155)
 (0.04702081558001861,0.5042717979174639)
 (-0.42037622243758399,-0.32268643063696201)
 (-1.1514530742851301,-0.24340356369912475)
 (0.21705293586385413,-0.49245286894208651)
 (1.4119251038687266,-0.75671803828208528)
 (0.88259783304419459,0.22689354922006116)
 (-0.38493160234070833,-0.5738143507188751)
 (0.63490090484623374,-0.92492184034252234)
 (-0.47471191463012019,0.44936590313915148)
 (0.59798039297399552,-0.68050073765267338)
 (-0.57200697128699085,-0.46641844908926411)
 (0.097691611790590382,0.97441214882250438)
 (0.22973693840534587,-0.40388748668636582)
 (0.24816758554349577,0.014469844148743707)
 (-1.2269268241932147,0.73889927456344884)
 (-0.05071496566708783,-0.75518829212230687)
 (0.11071038916553838,0.44383827189986907)
 (-0.89635472771754676,-0.52607771817672933)
 (-0.31847729988719348,0.60273129706847417)
 (-0.46869461881733243,0.53303072635595283)
 (-0.42247612624929115,0.50200100656410029)
 (0.35697865436048437,0.72074774976703382)
 (-1.0242619063656124,1.1184037225166876)
 (-0.61255805057570067,0.34955888284252135)
 (0.78900459344171125,-0.70492563204742531)
 (-0.38121194808814146,0.62835504019650745)
 (0.095832694719131889,0.82420395872413765)
 (-0.47016650031133245,0.03893128055509501)
 (-1.2302971361167219,0.09233966719403236)
 (0.46978908007761561,-0.26432784826427796)
 (-0.34478041257563175,0.44595820441150114)
 (-0.81316615191150221,0.014023787437999063)
 (-0.078772139777550126,0.1401912393296029)
 (0.60744033694309807,1.0615012372203294)
 (-0.11346743103046164,-1.1140554208840197)
 (0.12271857475867257,0.14284942624659366)
 (0.57555332477403109,1.2250341313905257)
 (0.73562433709881236,-0.6697908065434468)
 (-0.41597571058035238,0.15350606296217298)
 (-0.29970728437701349,0.43307195606073118)
 (-0.59942976308644069,0.034081167225979037)
 (-0.14241758815815453,1.0823069606205555)
 (0.092525183834110708,-0.41364921525186904)
 (-0.13819764859575814,-0.053389478047429134)
 (-0.19113369393167101,-0.035571636835555726)
 (0.79472758824011502,0.31333005954226362)
 (-0.11203970651070264,0.36340500182033175)
 (0.059570778159918798,0.33285220726088616)
 (0.99341369409757174,0.65750369899603833)
 (-0.38245655069791612,-0.33050813985660227)
 (-0.50856390127875095,0.8898227392972734)
 (-0.068012794232168577,0.30051828171618766)
 (-0.52720635445548336,0.2019789934873582)
 (1.5870078082194741,-0.015861129682399056)
