# Created by Octave 8.4.0, Thu Dec 11 09:47:22 2025 IST <gamana@Samsung>
# name: rayl
# type: complex matrix
# rows: 2048
# columns: 1
 (-0.033658791200823768,0.59753863128772822)
 (0.10440001475848182,-0.42866713128133183)
 (-0.32474721471474155,-1.1466894673567178)
 (0.27385020307194874,-0.22461910798073254)
 (0.48520203701842651,-0.017366133912589427)
 (-0.28212991625749617,-0.0040730944280581161)
 (-0.45608466489784333,-0.8288794206336626)
 (-0.67352605966781998,0.080292169960895804)
 (-0.17246993259669521,0.14786332031536878)
 (-0.12460039275052062,-0.53058906046092968)
 (-0.30897813821686482,0.2702163709408768)
 (-0.4179379855154699,0.72343144741149712)
 (0.15119084535128635,1.3692999696622177)
 (0.18701400876369326,-0.094577623059843435)
 (1.5502444563517206,0.39589072765917444)
 (-0.023240410812406076,-0.67298603434935789)
 (-0.076159916836820774,2.0859558644096818)
 (-0.60856797754282677,-0.87425829501613661)
 (0.43213264719525019,-1.3926814734201667)
 (-0.25455508254032966,0.002054428611631437)
 (-1.2803235551849514,0.50152153667620691)
 (-0.24587288157101977,0.33697396482519931)
 (-0.028229623870583684,-0.27804802772601073)
 (-0.32222792017141194,-0.26768173606421536)
 (-1.0818931779287746,-0.32263938826486455)
 (-0.0087140221346724764,-0.057322147383448631)
 (-1.3729367429913688,1.0512510513435609)
 (-0.32069111725947319,-0.0854500036831361)
 (0.31248244515086931,0.8141367545993311)
 (-0.30412538844850961,0.46421776450795915)
 (-0.3228237504764303,0.036158615763390467)
 (0.076309730762398525,0.057473031644561669)
 (-0.67759222579017764,0.16825836179029355)
 (0.38736459229085152,0.022378749422945904)
 (0.071322792445559557,-0.52158744385187017)
 (-1.4345845384930302,0.74948890006835556)
 (-0.26527857601806182,-0.63334763987162224)
 (0.13637495968900887,-0.044399390689583033)
 (-1.3916335336878713,0.57813730484300052)
 (-0.74753796537501627,-0.15988886377748926)
 (-0.98823782097979318,-0.9148388334569052)
 (-0.80540593297669072,0.42775149464684492)
 (-0.10230468919573504,0.83554713448905205)
 (0.56876578795128663,-0.52619588319956867)
 (-0.80877968978193759,-0.31407619835422512)
 (-0.10939168963428236,0.5162489939795345)
 (0.11970910729792518,-0.10115786899054531)
 (-0.066627306387477964,0.56767696302874759)
 (-0.57476020780730819,0.43042701623335056)
 (0.040321584903356578,1.6367915342397195)
 (0.52869695329033584,-0.18147970177535733)
 (-0.75711867462957361,-0.52023997733239413)
 (-0.97735622442113412,-0.3842749914225595)
 (-0.44720556412075274,-1.1356583345716622)
 (0.4733282567855297,0.56257770486571268)
 (0.3905372023618951,-0.23673316744004907)
 (1.2155249707095375,0.46742387510375588)
 (0.3027945111867959,-0.27912702068333772)
 (-1.0359915602796212,-0.5868664085154075)
 (-1.0526962803759949,-0.32670099963749655)
 (-0.12037456281219548,0.47772325516116326)
 (0.50320488678546282,-0.34458954881441944)
 (0.89407329683882797,-0.31451907506439269)
 (-0.034201813666322689,0.28082814615709151)
 (-0.76584827466524685,-1.2866469396995828)
 (0.25564947536696592,-0.16787038102546123)
 (0.58321295330704659,0.30203255983105515)
 (-0.65607784166880778,0.41735393581659513)
 (1.0111974153361372,0.15479466807199038)
 (0.59536805723720465,-0.355477398177245)
 (0.20525316256691939,-0.67976993909601979)
 (0.19515812562098644,-0.29951040508854238)
 (0.35385828519449591,-0.13574096083716944)
 (0.73197919487311502,0.47078889104473431)
 (-0.89157941391419426,-0.41263736767777609)
 (-0.080925991920830442,1.0474248030684139)
 (-0.29637445809755925,0.55988729923694358)
 (1.0662340364896279,-0.12965850136108162)
 (-0.012197008726070213,0.84330310637990291)
 (0.081915520060678593,0.34289439466043953)
 (-0.3628304635279711,0.48026206401793992)
 (-0.066011625998832188,-0.39612041200572673)
 (0.43309222080998344,-0.33973185927316552)
 (-0.57376962479920512,-0.35317306902478462)
 (0.27332975012118887,0.67052501223290595)
 (0.80702551636602582,-0.095361266877132422)
 (-0.2518188164271068,1.1272424131939851)
 (0.2184768555909328,0.40512550525191193)
 (0.37461010159511449,0.51203522240173205)
 (-0.26701260413496714,0.039430521426378942)
 (0.11265534258080759,0.15151574984525165)
 (-0.12100173688257009,-0.34583026715029869)
 (-0.092778337194442062,-0.95855114409794206)
 (0.68204549864686925,0.4168851020323282)
 (-0.21675607643346434,-0.23971505144888797)
 (-1.0571561372415799,-0.019744251171501748)
 (-0.17730537668775384,0.29793540750280273)
 (-0.050616223655935461,-0.40730804465031945)
 (0.33390113961557011,0.49715899322942325)
 (0.0043905277477465374,0.027594402153079196)
 (0.35286532382022617,0.068331343753200297)
 (0.3295464010103738,-0.29093164943352545)
 (1.366458992392487,0.2014593900489019)
 (-0.97197619726909479,0.39991567159376484)
 (1.2997578090171147,-0.92535169045719767)
 (-0.50292473215520328,0.18831094531832854)
 (-0.1777354069518258,-0.05882000804298966)
 (1.2355833584960942,0.51859662606825419)
 (0.01760034189152343,-0.26867979973163636)
 (-0.25940723925702636,0.64100230121894686)
 (1.6262899460539313,-1.0350710896053852)
 (0.47050332341889023,0.20370807571377553)
 (0.60943456273967345,2.0848736162138866)
 (-0.60636050424374277,0.66039691032003511)
 (1.0224066851361782,0.43784226828949696)
 (0.29071813058206086,0.57054692127103479)
 (0.91146659547045894,-0.027151612677865589)
 (0.6008137227013548,-0.82908911868810664)
 (-0.47222784173145504,-0.021898295308545868)
 (-0.44880486967978528,-0.050883273064277562)
 (0.60888348419588989,-0.057736629822217861)
 (2.1039884745837893,1.8025132334561185)
 (0.62402814595717448,-0.34799275782573846)
 (-0.65683701466353339,-0.33152413067068043)
 (0.40769337794458282,0.090937114717114062)
 (-0.09735973262549219,0.21109085974920738)
 (-0.2272175615219586,-1.1199323068449192)
 (0.68801138286984731,-0.35056930354421889)
 (-0.59677203508120047,-0.087027531899158184)
 (0.26931447976039408,0.83501481260043164)
 (-0.67616898647412915,-0.36048232919683199)
 (1.4417170946409454,0.064732350841178232)
 (-0.80090448708766537,1.3277855881529637)
 (0.31604023829726907,-0.14290110125372968)
 (0.10591172173484115,0.013111460888810631)
 (0.42218211280243784,0.40904580783546329)
 (0.36964612957849602,-0.40153712530230362)
 (0.60113522982640533,0.96543636846323522)
 (0.55319271430929762,0.84255876285592257)
 (0.87380035006233447,0.4295581945421667)
 (0.88305773161319179,-0.51429127854973944)
 (0.032620813467497928,-0.25578764012600796)
 (0.024993770013049921,-1.1910296612505933)
 (0.59552045223347339,-1.2903709238638443)
 (-0.09234399184855345,-0.53420767998154239)
 (0.15413145017060059,-0.10629887748916722)
 (-0.44707362491877572,0.29568994537826593)
 (-1.3138855870662185,-0.16363973659287345)
 (1.2364366919267447,-2.1901623884931749)
 (-0.25395908798286065,0.01498168760672404)
 (-1.1513585168549243,0.7031904766698569)
 (0.25361814087167522,-0.21533321499542574)
 (-1.4384044172266797,-0.51252944437192893)
 (-0.071618897410889115,0.27407144824975366)
 (-1.4625167391165936,0.47043132640551766)
 (0.13333672096843541,-0.62024460370994083)
 (0.53956130778807065,-0.036807842396356261)
 (0.84258450730655921,-0.47717275897302402)
 (1.6012252633737496,0.39558775607826124)
 (0.073248009086757326,0.48880504093110971)
 (1.2343687686459273,0.63114068335673235)
 (0.8322038744602076,0.78866191008773145)
 (0.56154956569676373,0.62599578771818509)
 (1.1328925369927765,1.8530799571967989)
 (-0.047921947049433783,0.6188604236485149)
 (0.90851973775402728,-0.026982589383032635)
 (-1.4001878162167571,0.27138072127705404)
 (0.20655514995965663,-1.2288000762527482)
 (-0.43286797263343518,-0.60855783655477125)
 (0.50270657868582336,-0.034344986563705993)
 (0.1066808812525244,0.98709911811719908)
 (-0.34170470245042461,0.61397830592585423)
 (-0.75128598081702569,-0.20777960353685754)
 (-0.0098497163031988633,-1.3626279970761468)
 (-0.070655461106732431,-0.29356062901705576)
 (0.80284570258749821,1.1634407601309102)
 (-0.075486008927230341,-0.18321144226820207)
 (-0.44966923099090472,0.22380920542645513)
 (-0.16593712020411194,0.44943126504944581)
