# Created by Octave 8.4.0, Thu Dec 11 09:47:22 2025 IST <gamana@Samsung>
# name: rayl
# type: complex matrix
# rows: 2048
# columns: 1
 (0.29338967427862372,0.23534399722357727)
 (-0.19208044835258431,0.56342970379332491)
 (-1.3949033248999954,1.7340373381733836)
 (-0.34462634038174278,-0.67172154680031515)
 (0.18495470388209159,-0.79656237130214347)
 (-0.56757296569824911,-1.04888362538808)
 (-0.58553474332832833,0.47229260240755416)
 (-1.7179065037302415,0.73534499080858517)
 (-0.10036885690160767,0.17444311506305032)
 (0.014253182620594274,-0.677783043121998)
 (0.70957845162396682,-0.44140661025563921)
 (-1.1134788418267634,-0.51510483303861432)
 (0.15264117998985977,-0.19109282373765435)
 (-0.061284419383240057,0.41528377616962364)
 (-0.69401996257236798,-0.87360291281655145)
 (1.2752243953564237,0.3230881694397808)
 (0.17803677265945744,-0.31351323090677496)
 (0.97674906719536847,-0.94742993173746548)
 (-0.57416272523634526,0.7907284821417061)
 (0.29250885911750674,-0.21228198477065829)
 (0.41292850119049451,0.5283088162934565)
 (-0.61756221848306758,1.250487443012251)
 (2.6452371242468375,0.68099660306698095)
 (0.015955629209578243,0.81225264436629718)
 (-2.1599270650674867,-0.87402800004722814)
 (-0.55043289589145061,-0.15663650859426678)
 (-0.96669829813760766,-0.34007689430744664)
 (0.56725382420182169,0.87658819813837996)
 (0.68114167761375932,-0.093335761088991664)
 (2.1127050494376918,-0.79328253200507337)
 (1.4209137855071865,-0.83453058319062012)
 (0.6689568322247581,-0.22429548395938179)
 (0.59639739811257186,-0.33569020512282155)
 (-0.45885984941038638,-0.23904799192259607)
 (-1.0165061235053523,0.40118733454483679)
 (0.1406341540775537,0.82848778896704145)
 (0.052533065306887783,0.41122285942284958)
 (-0.012733928455114174,-1.0253757234052387)
 (0.13789513737449488,-0.57366890534316062)
 (-1.2498633314509853,1.3891508301717885)
 (0.096757990929459969,1.2628474529233698)
 (0.33178362229194835,0.20260307872278693)
 (0.29201964070608322,-0.33168301558199742)
 (-0.25471702121810252,-0.15873752747725167)
 (-0.020938155456555155,0.35405388645780811)
 (0.020127531368657164,-0.7953409313559896)
 (-1.7667072862861197,1.3142924061694752)
 (0.21169467979845696,-0.28887801905008736)
 (-1.6308440020268804,-0.64156059407773047)
 (0.52844343206394329,0.59240298064764274)
 (-0.79061697028295563,0.75021120870882452)
 (0.96906698946347258,0.11483905504462999)
 (-0.55478646889197103,0.54355297531120184)
 (-1.0573388214896708,0.10577363988218896)
 (0.17035237437303391,-0.47961757538260436)
 (-0.85046878540507709,0.11172979814284406)
 (0.35556692342499674,-0.060107237581583609)
 (-0.24623914972947236,0.52161278765084718)
 (0.013649148532130007,-0.69064882986962772)
 (-0.85795707665712995,-0.5915158414335997)
 (-1.1679999551934144,-0.39760567704681959)
 (-0.2055679390578449,0.27539889193088424)
 (0.68042189984742296,1.1468153424307017)
 (-1.6988072151158913,-0.42812993896528834)
 (-0.28906485023254536,0.75341241664969671)
 (-0.37009119965617998,-0.1099906056865243)
 (0.31065750464516184,-0.96169890131491964)
 (0.0048478549392406423,0.22259966605376097)
 (-0.38043851036821758,-0.34834643793330783)
 (0.46389905173231027,0.57881497839568641)
 (0.37238382766284739,1.1068375503960599)
 (-0.11043799870403716,0.29649909004050734)
 (-0.33393922965842315,0.034115253477930402)
 (0.27286146869405287,0.61599629282136026)
 (-0.82020175742887047,-0.17752355239984402)
 (-0.16097877990896101,0.22181923292585812)
 (0.088996809246746522,0.19295312615512289)
 (0.11542335864785322,0.29949426651258892)
 (0.14120758524208321,-1.3481194803765542)
 (0.04105657520676298,-0.87716752885731619)
 (-0.017018165578614741,-1.4079808078708715)
 (-0.35368282840502047,0.33164333943446522)
 (1.3669977538420177,0.027637167875648516)
 (-0.17954991847212098,-0.91740169683482709)
 (0.49376987918965104,-0.24701399071686053)
 (-0.27687916613921715,0.012959614142367931)
 (1.0370687113820294,-0.32269901286139918)
 (-0.0021194923560312606,-1.8723167075227494)
 (2.0098502318856744,1.1562533842839282)
 (0.27425950592556902,0.62163634264425804)
 (0.31208920462319689,-0.98949768664198468)
 (-0.12702628785456002,-0.27788942349798007)
 (-0.14030023118601764,-0.52647722125257801)
 (0.15380037476855701,-0.52430544529788337)
 (0.18858126439335521,1.5497458075361279)
 (-0.05855307463921372,-0.68800482781389116)
 (0.3515972463003777,-0.24975767525419978)
 (0.222498949377129,-1.5368597103566781)
 (-0.40521363998058407,0.40439307258235085)
 (-0.71919072682952268,-0.090480808909113114)
 (-0.69158815364751425,1.5198521911830762)
 (-0.034698055054039861,0.17431894242735768)
 (-0.22799996786019125,-0.42666733335650769)
 (-0.10134631155266563,0.060084705414810147)
 (1.2289190696836152,-1.5613914271062335)
 (0.34438752311717469,0.21894800272597609)
 (-0.25784634852594518,0.06367747437367198)
 (-0.8855422274462651,0.65628155621710549)
 (-1.2879115295285006,-0.16178145873307559)
 (0.19259320058069582,-0.059309148468083522)
 (0.87153239437886221,-1.2310015619641741)
 (-0.17383497129813039,-0.79752388928433837)
 (0.74775498660256412,0.41049701198357813)
 (-1.0168115007167797,2.2804668420548482)
 (1.1095535255718816,-0.9425453896912932)
 (0.71999537906773869,0.4482998143745297)
 (-0.16821571615651362,-0.69278527688935665)
 (0.25616287062624815,-0.34820224895738555)
 (-1.7605773138772409,0.32919362989994705)
 (-0.90337385536011805,0.17243747672507814)
 (0.021063002154977098,-0.21265265599144251)
 (0.27812224147978343,-0.19692940958364222)
 (-0.76110707659664678,-0.75343166412947582)
 (1.066136667377074,0.1386173058092556)
 (-0.82627486747588519,0.70262724713129499)
 (-0.47576963289199126,-0.12633189133768941)
 (-1.14238777559676,0.11811554159061327)
 (0.20750311475912125,0.75850673770422716)
 (0.35820083799286612,-0.42551281726206786)
 (-0.11272285623081424,-1.7270896004157938)
 (0.43024207697618194,-1.1066063395790884)
 (-0.35181406051437059,-0.69286939197076103)
 (-0.11663036790990633,0.7612964458869661)
 (0.98246368442740473,0.49267878956145805)
 (0.17182552252273975,0.18292946933958865)
 (-0.41258680805822345,-0.52796761005845494)
 (-0.18812394697813037,-0.14954768663433635)
 (0.11038373522323361,0.20692727412073389)
 (-0.97973888093601014,-0.61443801628574857)
 (-0.68824771941522045,0.79798706684310383)
 (0.4717679690438597,-1.3132497828250203)
 (-0.016687344381707075,-0.57171124790091221)
 (0.14446910286559811,0.021520961842881277)
 (0.98656227847183975,-0.58210169292247682)
 (-1.0431928542692408,0.73851350797111071)
 (-0.47291221875457279,-1.6559905708909828)
 (0.33622436356921953,0.12503314967766277)
 (1.1025886381083083,0.85534789325967664)
 (-0.12318426668528684,-0.52230030029999075)
 (-0.19996393845348359,0.97879012391085884)
 (-0.34694568270392612,0.37846288971756636)
 (-0.22152628207744504,0.27853023897183576)
 (-0.28413253968699287,0.088129464181659456)
 (0.77552501574668475,-0.11203851625335456)
 (0.27943255097000502,-0.093306064730089677)
 (-0.087268655167343084,0.074517274742048556)
 (0.1482338245249023,0.20894217070493737)
 (-1.1676304499257328,-1.1310280663930474)
 (-0.032250994041211845,-0.55623875139893142)
 (0.48925770612291097,-0.13374427355980997)
 (-1.5638665311092963,0.10022128387631302)
 (0.6089703151559569,-0.20428612958190828)
 (-0.72437617485257733,-0.21656204715501468)
 (0.1074672460096775,1.2010157686591216)
 (0.011798836909602151,-2.2625481610372642)
 (-0.032395384432860053,-0.39088020380423733)
 (0.27491755178213334,0.89718939017608634)
 (-0.16467761859095123,-0.50957656974439147)
 (-0.76536513661832073,0.38915232264535793)
 (0.27110409048865053,-0.94215923417649483)
 (1.3337319074738194,0.57739079230598733)
 (-0.47487756288554117,0.41021252015614634)
 (-1.7227431450739297,-0.61213229262728019)
 (-0.0059868941618591021,-0.64384405457581495)
 (0.36182927075818755,-0.20041804394525081)
 (-0.32333795069544424,-0.86979123109727496)
 (0.79234322497341003,-0.087620740289424653)
 (0.10354968621440781,-0.32393890039051615)
 (0.30275985820387769,-0.54370084515481298)
