# Created by Octave 8.4.0, Thu Dec 11 09:47:22 2025 IST <gamana@Samsung>
# name: rician
# type: complex matrix
# rows: 2048
# columns: 1
 (0.70351517954306064,0.40723304827157547)
 (-1.1130584460449533,0.27992314697068743)
 (-0.040709253552890401,-0.89238912550686655)
 (-0.00026512824588453832,-0.48548149452382255)
 (-0.3211004268806068,-0.93277529163301176)
 (0.44475376528884991,0.0091825513535828407)
 (-0.21160747530874818,-0.82036070573081887)
 (-0.27606497164513022,0.32767503780110041)
 (-0.52971762093603192,0.0085303293834836369)
 (1.2851102815207092,0.77121199801978446)
 (-0.30781880290356906,1.1650437412314432)
 (-0.24882650086059804,-0.5696397250010059)
 (-0.18182569823239175,-0.28662532772725224)
 (0.60725769117636674,0.46716118531819095)
 (0.86814305038783213,-1.9020472965995654)
 (0.71298888942582073,0.33530451397363975)
 (0.035979173248302215,-0.53511692403513011)
 (0.64160198117996492,-0.56119380008455688)
 (0.083498814861564741,0.52017509197602851)
 (0.025166899158898165,0.15993788762312908)
 (0.15659279716927041,-0.4264042280801783)
 (-0.20569591356100478,-0.11891295744533173)
 (1.1569546660536967,0.88850108851440579)
 (-0.24404989326796533,-0.31607678459683852)
 (-0.19967648995777346,-0.33446795954430553)
 (0.81360381419371519,-0.068922584149215038)
 (1.0850681754251295,0.70377680456629443)
 (0.6837379477221418,0.40905812898902727)
 (0.28316747545850612,0.26018930689836012)
 (0.83610964553495992,-0.31396856152000824)
 (0.29522777608590989,0.04185282941604368)
 (0.73341611912406923,0.69581802548628091)
 (-0.25953641690507778,-0.45039584459367943)
 (-0.64479487389815349,0.64267652799278485)
 (0.64219092027034597,0.83999428171617496)
 (0.48674976649299545,-0.28491479041773493)
 (-1.1105352108032716,0.27056064578811656)
 (-0.5261418308348389,-0.98418497887120726)
 (0.98231098686939033,-1.5920261357128154)
 (1.3961369494844194,0.62431690458934419)
 (1.1405986647659068,0.81986313538983602)
 (-1.0168728584973752,-1.2392134337804439)
 (-0.12650195106413548,0.14555174427473855)
 (1.1329197654052401,1.0547928822782644)
 (1.1373421090484543,-0.10709327438189026)
 (0.2450481783318772,0.27171262315496703)
 (-0.54725357131571606,-0.73141471826532978)
 (-0.49110590261041348,0.71290947829325579)
 (0.89031446640346279,-1.1925827026440785)
 (0.73463840062579588,0.18352826590633636)
 (0.5962349990193907,0.40607212933044418)
 (0.27812869444630334,-0.73445570896712997)
 (-0.15073770998226399,0.046207003421779004)
 (0.82981050227664133,0.57129893547943267)
 (-0.14475614985652394,0.37096871594642211)
 (0.73084551548866639,0.4301690001048375)
 (-1.1843413143302555,0.52860736029735189)
 (-1.3544043550452369,0.33715701196253078)
 (0.76662456505230892,-0.45160223424864687)
 (0.032235022422791262,-0.18890244402252371)
 (0.021398333443999773,0.29847721812386124)
 (-0.43347739808453356,0.058682517892920422)
 (0.72619898393019033,0.74693621203031912)
 (-1.5230153441231122,-1.2524977304906399)
 (-0.39136846688805138,0.77838066283081375)
 (0.82776606853082613,-0.85187025718469744)
 (0.092078652407358574,0.58408292293049668)
 (-0.70928871684025707,-1.1518934612349974)
 (0.72877046299317616,0.079964751529281175)
 (0.20998746659663403,0.25563931755632452)
 (-1.4808520440398949,-2.0081993806678655)
 (0.027539070184834452,0.83671584169971469)
 (0.14345972314070873,-1.2009946072046149)
 (0.18460182062103672,-0.34173716537549836)
 (-0.55705531730335134,-0.5962243849620118)
 (0.24991734611659508,0.86664857846177656)
 (0.26332065400364629,-0.81223923276154375)
 (1.1726290182117118,-0.46977463158791805)
 (0.59901451263482697,-0.2374242034339539)
 (0.29536316998501388,0.33800428869286347)
 (0.95122763126814491,0.13524927574173057)
 (0.34798291992592806,-0.13961862963215654)
 (-0.58401780777516288,0.94030085547971176)
 (-0.93571161062589603,-0.077953813537357974)
 (-1.5424113543465823,-0.74095237483399579)
 (-0.17340509492691766,0.93114765622267437)
 (-0.059745290510176019,-0.44270695122500853)
 (0.17240037630085922,-1.0694453348648147)
 (0.93621693208730916,-0.15870170289023261)
 (-0.95522420794017004,-0.14685174123824196)
 (-0.24593228513024834,-1.0792787176165421)
 (-0.49623795565756845,0.37146211592873152)
 (1.5681902328386039,0.12966416932731761)
 (0.43361454472823541,0.5345695204465184)
 (-0.2444785200417241,0.89694396927218123)
 (-0.31039759800546607,0.79201412297044849)
 (-0.02595268540679091,-0.84631230503108712)
 (0.52748153832047495,-0.40268875352958672)
 (-0.14339986523898768,-0.98537383959621438)
 (0.73198630686887367,0.49606976616978504)
 (0.60022820812363731,1.0549857491795187)
 (-1.1457757246696043,-0.73307678173820423)
 (-0.22563122542614408,-0.29374689216448868)
 (0.2474091397704668,0.55034132778707234)
 (0.4159911369645698,-0.3967665809627039)
 (-1.1518427692705353,0.4935976570797706)
 (-0.27125441777288506,-0.24704706653847242)
 (-0.40251632776590429,0.77828562797312117)
 (0.23893289597236755,0.93784862546909409)
 (0.27604902589758795,-0.59272040265041992)
 (1.1017389586768065,0.6261421222769471)
 (-0.75898148532851906,-0.2971028487922398)
 (0.27210329068604738,0.16453114810440697)
 (-0.67057826461642778,0.54828485046306452)
 (-0.72745872980403847,1.8023182757814658)
 (-0.57069089140437235,-0.20144700951509323)
 (0.86926323378138259,-0.28354061105790623)
 (0.015371189401834157,0.62122389138889766)
 (-1.6469123288372014,-1.1347942270466627)
 (0.3511143353577989,0.20281217910596536)
 (-0.31205630878840496,-0.23863545696314403)
 (0.52699526368872218,-0.19007874875304442)
 (-0.81715137126312021,1.1941530132422056)
 (-0.4803184185563924,0.32328203059658506)
 (0.051998468239547596,0.84906593746851944)
 (-1.1766587179378512,0.5491683411419459)
 (0.63636559774369739,0.58664164817649145)
 (1.5669136839921989,0.68007463897103282)
 (-0.76397735398467803,-0.49030443104139543)
 (1.1183762509776454,1.0266806163858679)
 (-1.2200944767957389,0.19209535902756902)
 (-0.45029524613938832,-0.72753786944839871)
 (0.61290408535744811,0.90485694212477974)
 (0.43825392387564699,-0.21996792186644387)
 (0.48712604783647406,-0.2630843593763218)
 (0.58539337278769976,-0.3273325899288354)
 (-0.42056094895555546,-1.0956798509424037)
 (-0.36572281133153695,-0.48674466666992)
 (-0.3404394128141337,0.35335504827270092)
 (-0.30941817203744226,0.95183349239020754)
 (1.3565431349343426,-0.75622480169346495)
 (0.11097257866918178,-0.46762766543434037)
 (0.54717095972932894,0.96340514159362911)
 (-0.24201505217169117,0.29289484629398166)
 (0.6487124223923163,0.61613119511516046)
 (-1.3454597315760251,-0.23619294868103649)
 (-0.41703407272344084,-0.67741828681303395)
 (-0.73830886458169154,-0.65386997220918142)
 (0.46373974213413294,-0.66552602494160118)
 (0.016147326035448523,-0.59573821678422556)
 (1.0715142817587053,0.25443219363859032)
 (-0.97678399332240495,-0.3568321659916544)
 (0.94332867168848766,-1.1591230693979973)
 (0.31513953486778123,0.99554855677276577)
 (0.085047274908554224,-0.4335836760295867)
 (-0.56498053271464643,0.71788110945432737)
 (-0.3652723118009446,1.0026707793512779)
 (-1.0960892187096647,0.85962345549465058)
 (-0.4868222692940567,-1.4874573452135882)
 (-0.32777583548638622,-1.2250410575364059)
 (-1.1881586905821866,0.42628063428825275)
 (-0.93878675462014682,0.47105188439721801)
 (0.49454326272721327,-0.87808332658757204)
 (-0.71191308281901011,1.3654109917703396)
 (0.083835234475540504,-0.36213866012370921)
 (-0.81278668954392008,-0.52943914704486605)
 (-0.26867221799125007,-1.0569687929259817)
 (-1.0842019424539857,0.26026389728819888)
 (0.11877829430784309,0.48181939995834339)
 (-0.13711781267827597,1.0435096043447516)
 (-0.69942989405510025,0.11628321112117995)
 (0.66351587032088444,-0.55848540506862365)
 (-0.56271302829746295,0.19832621632541877)
 (0.47113808260566775,-0.18596319460063887)
 (-0.3370537053942963,0.24317513893844284)
 (-1.0620140837484409,-0.77763063712296421)
 (0.30526891911816534,-0.37923375499133805)
 (0.80601063798913875,0.95088397734940111)
 (-0.57027415079787747,-0.12480128963769443)
 (0.21965042180371441,0.094624779491429875)
