# Created by Octave 8.4.0, Thu Dec 11 09:47:22 2025 IST <gamana@Samsung>
# name: clean
# type: complex matrix
# rows: 2048
# columns: 1
 (-0.95694266739467992,-0.31898088913155997)
 (-0.31898088913155997,-0.95694266739467992)
 (-0.95694266739467992,-0.95694266739467992)
 (-0.31898088913155997,-0.95694266739467992)
 (0.31898088913155997,0.31898088913155997)
 (-0.95694266739467992,0.31898088913155997)
 (-0.31898088913155997,-0.95694266739467992)
 (0.95694266739467992,-0.31898088913155997)
 (-0.95694266739467992,0.95694266739467992)
 (0.31898088913155997,0.95694266739467992)
 (-0.95694266739467992,0.95694266739467992)
 (-0.95694266739467992,-0.95694266739467992)
 (-0.95694266739467992,0.31898088913155997)
 (0.31898088913155997,0.95694266739467992)
 (-0.95694266739467992,0.31898088913155997)
 (-0.31898088913155997,-0.95694266739467992)
 (0.31898088913155997,-0.31898088913155997)
 (-0.31898088913155997,-0.31898088913155997)
 (0.31898088913155997,-0.31898088913155997)
 (-0.95694266739467992,0.31898088913155997)
 (-0.31898088913155997,-0.95694266739467992)
 (-0.95694266739467992,-0.95694266739467992)
 (-0.31898088913155997,-0.31898088913155997)
 (-0.31898088913155997,0.31898088913155997)
 (-0.95694266739467992,-0.31898088913155997)
 (0.31898088913155997,0.95694266739467992)
 (-0.31898088913155997,0.95694266739467992)
 (0.95694266739467992,-0.95694266739467992)
 (-0.31898088913155997,-0.95694266739467992)
 (-0.95694266739467992,0.95694266739467992)
 (0.95694266739467992,-0.95694266739467992)
 (-0.31898088913155997,0.31898088913155997)
 (0.95694266739467992,0.31898088913155997)
 (-0.95694266739467992,-0.95694266739467992)
 (0.31898088913155997,-0.95694266739467992)
 (0.95694266739467992,0.95694266739467992)
 (-0.95694266739467992,0.95694266739467992)
 (0.95694266739467992,-0.31898088913155997)
 (-0.31898088913155997,-0.95694266739467992)
 (-0.31898088913155997,-0.31898088913155997)
 (-0.95694266739467992,-0.31898088913155997)
 (-0.31898088913155997,-0.31898088913155997)
 (0.31898088913155997,-0.95694266739467992)
 (0.31898088913155997,0.95694266739467992)
 (0.95694266739467992,-0.95694266739467992)
 (0.95694266739467992,-0.95694266739467992)
 (0.31898088913155997,-0.95694266739467992)
 (-0.95694266739467992,0.95694266739467992)
 (0.31898088913155997,-0.31898088913155997)
 (-0.95694266739467992,-0.31898088913155997)
 (-0.31898088913155997,-0.95694266739467992)
 (-0.31898088913155997,-0.31898088913155997)
 (-0.31898088913155997,-0.95694266739467992)
 (-0.95694266739467992,0.31898088913155997)
 (0.95694266739467992,-0.31898088913155997)
 (0.31898088913155997,-0.31898088913155997)
 (-0.31898088913155997,0.95694266739467992)
 (0.31898088913155997,-0.95694266739467992)
 (0.31898088913155997,-0.95694266739467992)
 (0.95694266739467992,0.95694266739467992)
 (0.31898088913155997,-0.95694266739467992)
 (0.95694266739467992,0.95694266739467992)
 (-0.95694266739467992,0.95694266739467992)
 (0.31898088913155997,0.95694266739467992)
 (0.95694266739467992,0.31898088913155997)
 (0.31898088913155997,0.31898088913155997)
 (-0.31898088913155997,0.95694266739467992)
 (0.31898088913155997,-0.31898088913155997)
 (-0.31898088913155997,0.95694266739467992)
 (-0.31898088913155997,0.31898088913155997)
 (0.95694266739467992,-0.31898088913155997)
 (-0.31898088913155997,0.31898088913155997)
 (-0.95694266739467992,-0.31898088913155997)
 (0.95694266739467992,-0.31898088913155997)
 (0.31898088913155997,-0.95694266739467992)
 (0.31898088913155997,-0.31898088913155997)
 (-0.95694266739467992,-0.31898088913155997)
 (0.31898088913155997,0.31898088913155997)
 (-0.31898088913155997,0.95694266739467992)
 (-0.31898088913155997,0.95694266739467992)
 (-0.31898088913155997,0.95694266739467992)
 (-0.95694266739467992,-0.31898088913155997)
 (0.31898088913155997,-0.31898088913155997)
 (-0.31898088913155997,0.95694266739467992)
 (0.95694266739467992,0.95694266739467992)
 (-0.31898088913155997,-0.95694266739467992)
 (0.95694266739467992,-0.95694266739467992)
 (0.31898088913155997,-0.95694266739467992)
 (0.95694266739467992,-0.31898088913155997)
 (-0.95694266739467992,-0.31898088913155997)
 (0.95694266739467992,0.95694266739467992)
 (-0.31898088913155997,0.95694266739467992)
 (-0.95694266739467992,0.31898088913155997)
 (0.95694266739467992,-0.95694266739467992)
 (0.31898088913155997,0.95694266739467992)
 (-0.95694266739467992,0.95694266739467992)
 (0.95694266739467992,0.95694266739467992)
 (-0.95694266739467992,-0.31898088913155997)
 (0.95694266739467992,0.95694266739467992)
 (-0.31898088913155997,0.31898088913155997)
 (-0.31898088913155997,0.31898088913155997)
 (-0.31898088913155997,-0.31898088913155997)
 (-0.31898088913155997,-0.31898088913155997)
 (0.95694266739467992,0.31898088913155997)
 (-0.95694266739467992,-0.31898088913155997)
 (0.31898088913155997,0.95694266739467992)
 (0.31898088913155997,0.31898088913155997)
 (-0.95694266739467992,0.31898088913155997)
 (0.95694266739467992,0.31898088913155997)
 (0.95694266739467992,0.31898088913155997)
 (-0.95694266739467992,-0.95694266739467992)
 (0.95694266739467992,-0.95694266739467992)
 (0.31898088913155997,0.95694266739467992)
 (0.95694266739467992,-0.95694266739467992)
 (-0.31898088913155997,0.31898088913155997)
 (0.31898088913155997,0.31898088913155997)
 (-0.31898088913155997,-0.31898088913155997)
 (-0.95694266739467992,-0.31898088913155997)
 (0.31898088913155997,-0.31898088913155997)
 (0.95694266739467992,-0.31898088913155997)
 (-0.95694266739467992,-0.95694266739467992)
 (-0.95694266739467992,-0.31898088913155997)
 (-0.95694266739467992,0.31898088913155997)
 (0.95694266739467992,-0.31898088913155997)
 (0.95694266739467992,0.95694266739467992)
 (-0.95694266739467992,0.95694266739467992)
 (-0.31898088913155997,0.31898088913155997)
 (0.31898088913155997,-0.31898088913155997)
 (0.95694266739467992,0.31898088913155997)
 (-0.95694266739467992,0.31898088913155997)
 (0.95694266739467992,0.31898088913155997)
 (-0.31898088913155997,-0.31898088913155997)
 (0.95694266739467992,-0.31898088913155997)
 (0.31898088913155997,0.31898088913155997)
 (0.95694266739467992,0.95694266739467992)
 (0.31898088913155997,0.95694266739467992)
 (0.31898088913155997,-0.95694266739467992)
 (0.95694266739467992,0.31898088913155997)
 (-0.95694266739467992,0.95694266739467992)
 (0.31898088913155997,-0.31898088913155997)
 (-0.95694266739467992,0.95694266739467992)
 (-0.95694266739467992,-0.31898088913155997)
 (-0.95694266739467992,0.31898088913155997)
 (-0.31898088913155997,0.95694266739467992)
 (-0.95694266739467992,-0.31898088913155997)
 (-0.95694266739467992,0.95694266739467992)
 (-0.31898088913155997,-0.31898088913155997)
 (-0.31898088913155997,-0.95694266739467992)
 (-0.31898088913155997,-0.95694266739467992)
 (0.95694266739467992,0.31898088913155997)
 (-0.31898088913155997,-0.95694266739467992)
 (0.95694266739467992,-0.31898088913155997)
 (-0.95694266739467992,-0.95694266739467992)
 (-0.31898088913155997,0.31898088913155997)
 (0.95694266739467992,0.95694266739467992)
 (-0.31898088913155997,0.95694266739467992)
 (-0.95694266739467992,-0.31898088913155997)
 (-0.95694266739467992,-0.95694266739467992)
 (-0.95694266739467992,0.95694266739467992)
 (0.31898088913155997,0.95694266739467992)
 (0.95694266739467992,-0.31898088913155997)
 (-0.31898088913155997,0.95694266739467992)
 (0.95694266739467992,-0.31898088913155997)
 (-0.31898088913155997,0.95694266739467992)
 (0.31898088913155997,-0.95694266739467992)
 (-0.31898088913155997,-0.95694266739467992)
 (-0.31898088913155997,-0.31898088913155997)
 (0.95694266739467992,-0.95694266739467992)
 (0.95694266739467992,-0.31898088913155997)
 (-0.31898088913155997,0.31898088913155997)
 (0.31898088913155997,-0.95694266739467992)
 (0.31898088913155997,0.31898088913155997)
 (0.95694266739467992,0.31898088913155997)
 (0.95694266739467992,0.95694266739467992)
 (-0.95694266739467992,-0.95694266739467992)
 (0.95694266739467992,0.95694266739467992)
 (0.95694266739467992,0.95694266739467992)
 (0.95694266739467992,0.31898088913155997)
