# Created by Octave 8.4.0, Thu Dec 11 09:47:22 2025 IST <gamana@Samsung>
# name: rayl
# type: complex matrix
# rows: 2048
# columns: 1
 (-0.62538783644200835,-0.42018667778420238)
 (1.2532871819564391,-0.83317096193257256)
 (-0.15658777568240911,-0.16501466745373744)
 (-1.2423398660877758,1.5006794943213018)
 (0.32588993283556761,-0.059155304998234126)
 (0.38924934297829428,0.14036772651921811)
 (-0.59869429105400962,0.88647060841191005)
 (0.40377168594142632,0.3745267599676404)
 (1.1643062236825346,0.46710729027939252)
 (0.56099791130463017,-0.17430612384267499)
 (0.25048068373339005,0.87989699525464549)
 (1.5987565032666733,0.77111029312454549)
 (-1.9761388630764272,-0.14381382528221898)
 (0.53324069183619238,-0.23249902370325493)
 (-0.47431430698078031,-0.0015753177663326845)
 (1.1290523035938027,-0.67778207779536292)
 (-0.2143178714546041,-1.3005083740708381)
 (-0.69548066538165776,-0.15931530120716941)
 (0.87481528115298635,-0.41354784873892481)
 (0.80580342878319688,-1.1084219609268366)
 (-0.5058261779099662,-0.24740848127100468)
 (-0.053331493869557905,0.24512963011673553)
 (-0.40587091537381714,0.01844681235149323)
 (0.22475711836619586,-0.25478045565477836)
 (-0.33959472093090615,-0.097733994075712149)
 (0.0063309566844373943,-0.080491117262083911)
 (-0.65686506259563393,-0.275518281551412)
 (-0.74923670536209985,-0.9277945427046479)
 (-1.6084392573612623,-0.37622069021055704)
 (0.19231279509995575,-0.091248760892234673)
 (1.2515401720663091,0.42308605623968354)
 (0.18826550814202908,0.23520018338487886)
 (-0.35486899792275195,0.33251477324133127)
 (0.27235123702942371,-0.2174829745471408)
 (0.16734854617016792,-0.31209880674123713)
 (1.3505723028373331,1.1225462591181707)
 (-0.029801489480415069,0.27224208855219939)
 (1.6353650362604384,0.53980336885155444)
 (-0.87186606049438398,1.3739790520577284)
 (0.53352334824014891,-0.33750746611803573)
 (0.91058184790345964,0.12726278719311235)
 (0.25210753006896786,0.39393378875003443)
 (-0.6160121860024983,-0.14469329210243551)
 (-0.79254500806785089,-0.14559362609266496)
 (0.094703607166549186,-0.85354464363735572)
 (-0.38444133608468783,0.38386299026763254)
 (0.61776101515320558,-0.47320999612501558)
 (-0.87897321203793743,-1.299519690760857)
 (-0.16491755030655761,-0.031810583009481752)
 (-0.070541832381816605,-0.57599606816563798)
 (2.533807433384847,0.63006650255055963)
 (0.83568514823979356,-0.16686133643817258)
 (0.29711788669025818,-0.084853021333382073)
 (-0.089983639977002428,-0.78603899787105236)
 (-0.3392980825636765,-0.22328348556123223)
 (-0.10386505876104946,-0.18171177364759072)
 (1.7637932287274041,1.0413846382061134)
 (-0.63392050548864143,-0.018308578535920217)
 (-0.62359477060616531,-0.31352035580294713)
 (-1.5732408023820876,-0.42305845391546804)
 (-1.8492547536663004,0.24696414881438877)
 (-1.5446231986134962,-0.20351889440471738)
 (1.7571964623555103,0.37661621668379286)
 (0.049037956189161014,1.1412972292428618)
 (-1.1978112209649958,-0.33193535987364853)
 (0.047619246762077072,-0.38559832156760027)
 (-0.51227001951708317,-0.30239377901417941)
 (0.48831923250806836,-0.024884594702426599)
 (-0.50542448025231679,-0.058651283097519435)
 (-0.089539492665033638,0.77475130626642397)
 (-0.63308408476875389,-1.5192147320955898)
 (0.46581907798165323,0.78242631260028972)
 (-0.28045318426754362,-1.0861669390495119)
 (-0.72139260916561343,-0.50608556849203079)
 (0.35228409458917942,-1.4483215986716713)
 (0.91260575845345937,-0.80136842811192277)
 (-0.077319224065099168,1.7345474517139712)
 (-0.35956647452679358,0.50937987089129055)
 (0.23934340284345235,0.77077507531822154)
 (-0.04712801133142306,-0.16733513064400696)
 (-0.52788166550985693,2.1815487329763723)
 (-0.020677011909955578,1.130629356930106)
 (0.95208987682717194,-0.31482584989051032)
 (-0.63907591668817543,0.033231889998618536)
 (0.12547910431961429,-0.11540862224959751)
 (-0.026439895683418778,0.10166296742398517)
 (-0.49865437803777246,0.46106082332153803)
 (0.30722883141156188,0.32416113686991804)
 (0.39840538300691758,-0.95066948040819521)
 (-0.79608762595813531,0.24544600251327964)
 (-0.10983119802472174,-0.66646533534175323)
 (-0.52265186345309667,0.86223181650390568)
 (-0.39592972540463134,-0.77936494928461275)
 (-0.032610405729247248,0.06283947724824393)
 (-0.72998745288736133,-0.25551211085838021)
 (0.13020210360878998,0.4555937300967523)
 (-1.062498000992008,0.51079505756060195)
 (-0.026511116912332766,-1.1596358374508791)
 (0.51077592343901468,-0.43031848933082695)
 (-1.4800640787764632,0.10502066279675254)
 (0.81923911183210718,0.79471750210220837)
 (0.68104467687253845,0.14528682111429861)
 (-1.0755443571666279,-0.8290515543811996)
 (0.18472232476248582,0.063384724498690939)
 (-0.092893067326956902,0.36330520445698306)
 (-0.33413386582870885,-0.22921888495077361)
 (-0.048763058860778877,-0.077221305280862934)
 (0.10636540572335304,0.2505952587536423)
 (-0.38848293611707163,0.79223638854126555)
 (0.38624089173423531,0.73417014778934475)
 (0.032024347469361003,-1.099177280173294)
 (0.034666200430531924,-0.014363528865716584)
 (-0.98198418257408859,-0.4084298980278151)
 (0.12750720981192221,0.062931168359077541)
 (0.5115999299739391,0.39265096927940824)
 (-0.20232282209885621,2.1587959768240088)
 (-1.0491019858052606,0.96460313603097192)
 (0.3392758119094671,0.15613100781491859)
 (-0.099018739349323259,0.65673017467692751)
 (0.521246051115832,-0.7897879825545876)
 (-0.97148380155979042,0.25707193044400684)
 (1.137793282149111,0.2227760920492019)
 (-0.15611713604858451,0.094372260697349608)
 (0.28790384615022896,-0.14870106608392492)
 (-0.34167836333188289,-0.11485557443193224)
 (0.15957185117450087,-0.021205265121566313)
 (0.71277747102376421,-0.14105777196848474)
 (0.58905314019642252,0.49566299547898085)
 (-1.2074590919933093,1.078650533793599)
 (0.61838399816919276,0.97118762401769632)
 (0.59787131996003928,0.11961792268611871)
 (0.023958466237103463,-0.06690290457713638)
 (-0.38697036464661566,-1.0713664413877251)
 (0.20458957678238054,0.44034236679866756)
 (-0.22635579595781186,-1.3140094498503165)
 (-0.11021121464911066,0.70434858662606747)
 (0.79360308489117615,-1.5955875388147411)
 (0.37520543846593335,-0.24499031386243067)
 (-0.38944829266598435,0.78018847842558903)
 (-1.5686311617707798,-0.2344677860257583)
 (-0.78945484273506605,1.1925004612046455)
 (0.35074302642214739,-0.33261258790754616)
 (0.75472782547498063,-0.74265345300560703)
 (-1.8741229373859776,1.0773154349549903)
 (-0.2988400438450784,-1.0081778889602044)
 (-0.21402081497076106,-0.67257016864349473)
 (-0.15570688873242217,0.37100389901482844)
 (0.73815181491938031,0.96339247449974497)
 (1.0988247988712141,-0.46770670032036626)
 (1.2258763765181202,-1.5119548557109914)
 (0.13373499642055467,-0.12186263001247598)
 (0.77836599106803328,-0.37703097784039963)
 (0.0031804050126294503,0.85636781094348446)
 (0.090766259497262136,0.40954230823416238)
 (1.0559462337932981,0.57456866340853574)
 (0.63706982534071543,-0.37039969354118452)
 (0.45015098013301785,0.20227729796378535)
 (0.0033101185809442102,0.24619914937037515)
 (0.25410195709329841,-0.61535343900473738)
 (-1.0438526038525178,0.63785572431012239)
 (-1.5754392339592407,-0.61485438544105309)
 (-0.022279218634389308,1.0483746030252732)
 (0.2390833405034446,0.50011222924830212)
 (-1.1494594718872251,0.59419449009987568)
 (-0.41577979457529995,-0.94621204342342924)
 (0.31676072247432752,1.6896917688236357)
 (-0.65039690952663365,0.80806518419439388)
 (0.24484721598004389,-0.61782065186347235)
 (0.38679832577321788,-0.8006518873059516)
 (-1.4169483791257322,-1.1227235102068192)
 (-1.4453658804247869,0.43829893518051288)
 (-0.2934945330113472,-0.70081825110001361)
 (-1.2244885263920717,-0.76632769749868612)
 (-0.99309025253393812,-0.32539826343284656)
 (-0.47985269106705347,1.2032380038365977)
 (0.42760251304714092,0.97192080897981559)
 (0.2575396102872004,-0.13357810282566385)
 (-0.047939538194536863,-0.23407317913501399)
 (0.27745572163759541,-0.12222209695778155)
