# Created by Octave 8.4.0, Thu Dec 11 09:47:22 2025 IST <gamana@Samsung>
# name: rician
# type: complex matrix
# rows: 2048
# columns: 1
 (-0.69449209467237372,-0.013772794333082511)
 (0.31916403835598117,1.1577260501372431)
 (0.39316050193328955,0.21493005055834191)
 (-0.56438581476142846,0.84120827520718788)
 (1.2660254568299418,-0.55679100262539261)
 (1.2045846052953124,0.70197231218334677)
 (0.21186427969003185,0.91897288135173794)
 (1.4434254599324912,-0.10227782698974286)
 (-0.35233351462114604,-0.23651321304216547)
 (-0.68407568666676322,1.1046145968439007)
 (0.43002614276375195,0.15027155307912979)
 (-0.3837566434810385,-0.068208337817913106)
 (0.75964257136414648,0.43668027304083845)
 (-0.39644297755846547,-0.20862725458378772)
 (0.58608617400151586,-2.2253358664277449)
 (0.67487935920821529,-0.25348570420536654)
 (0.13760602790981352,-0.1988452907562071)
 (-0.93489267955475686,0.29836840124659098)
 (-1.0403470976094387,-1.2257598191205761)
 (0.20435939123850302,0.24579784700746346)
 (0.62637009631431173,0.0011217219290999003)
 (-0.4001907561079544,1.3705695054024025)
 (0.40131951871007487,-0.31096441576155998)
 (0.53284897078043114,-0.74899260373063525)
 (-0.49923257435792456,-0.32236204296661386)
 (0.65074362093108495,-0.45522182903006747)
 (-0.63267077649074965,1.0685976074603774)
 (-0.16818921877684576,-0.79573488955627614)
 (0.42328103297056696,-0.13318217140819133)
 (-0.45208912051761185,0.34756665744064663)
 (0.0035998734519863303,0.042261080301132764)
 (-0.3204402836309086,-0.60135902356609083)
 (0.12965462725634738,0.32753673374937819)
 (-0.28674237330995767,-0.32822940726390193)
 (0.35678272730394517,-0.43001309050736253)
 (-0.16524953965327088,-0.36123830028596521)
 (-0.24217911140375442,-0.9088417200979515)
 (1.0488183494566006,-0.2898399220697645)
 (0.24185402120577598,-1.0940883442679539)
 (0.12543282905665681,-1.2014373203552977)
 (-1.259692203966259,0.1290787174855404)
 (-0.23392588456247621,0.37174658858796483)
 (-0.54846896666324629,-1.7208860417078549)
 (-0.54620808908975882,-0.74122234265713394)
 (-0.57334897359519166,1.5742308670198069)
 (0.16680029143043801,-0.26041977657001053)
 (-0.89241472913599296,0.27485485580304853)
 (0.9113387535241223,-0.77021027568713762)
 (0.14601805822486683,0.1195201145097898)
 (-0.134636814852408,-1.1645159393415021)
 (0.33683713964595086,0.71622756562342615)
 (0.79339461117591559,-0.66535406471755909)
 (-0.21639968388532149,-0.66773870848978867)
 (-0.72842774415542211,-0.18957820423562113)
 (0.0025862988664651157,0.092613315971713794)
 (0.61618130382544456,0.31571051326646427)
 (0.23816219054977897,0.70168433769256744)
 (-1.2946360526077691,0.98554367936853438)
 (-0.58165123510615457,0.19780803583391796)
 (-1.6866528694124836,1.2895184506937445)
 (-1.4726154384202732,1.5485522153629407)
 (-0.1816536413310027,-0.8496916812812656)
 (-1.4045608868291399,-0.49640459628172129)
 (-0.25518310562246355,1.4719057277234437)
 (-0.51064371196743796,-1.162282964084409)
 (-0.35537582251054944,-0.96247336084357971)
 (-0.80181381047975586,1.4395569543398954)
 (-1.5391461342483181,0.095469894454253967)
 (-0.28351515559112545,-0.11027510735822173)
 (0.8746869459322083,0.074555583748237009)
 (1.3671324256653599,0.56376892023909575)
 (-0.40726797642589951,-0.23709478345728541)
 (-1.5996828115516399,-0.83244518076242335)
 (-0.074153869601301603,-0.12984531186460599)
 (-0.71042347183079702,-0.2926944588196535)
 (0.84532880692667067,0.51341151595075951)
 (0.58481851813419061,0.13729300111505813)
 (-0.13494900578250607,-0.5745689944849024)
 (-0.090259177177861999,-0.38339061621190823)
 (-0.27578863770700451,-1.0708385723264131)
 (0.58676937464085943,-0.4527938569256994)
 (-0.54653544098140028,0.98479260298085425)
 (-1.1213103427862479,-1.1816914056283301)
 (0.67482214733301815,0.17834769669412195)
 (0.27070367686930075,-0.46330947473120521)
 (0.12569866221140408,-0.83514723267831747)
 (-0.53083078255297889,0.25014615483682601)
 (-0.26734420217807853,-0.83675127954120931)
 (-0.39123195988792592,-0.12639396639142128)
 (0.35740667228869505,-0.93220466050025075)
 (-0.51151460817364591,-0.93552114229257333)
 (-0.58771113260418306,-0.35030137706634495)
 (-0.33666977684009086,-0.27698805585989722)
 (-0.75512002756889507,0.87532799267844774)
 (0.24948044994385166,0.41635283504436427)
 (-0.6832757421328608,0.31919228342001693)
 (0.48933298392460606,-1.0242167935763722)
 (0.82101826087718965,-0.48826983305893279)
 (0.80749034966513356,-1.1190167678325207)
 (-0.058355155063605169,-0.34720682293797533)
 (1.1040512837545995,0.94147138132219632)
 (-0.39203593980732121,0.43894206454309836)
 (0.62296316020316511,0.88851773267944578)
 (-0.73046351607327376,-0.099686764164776842)
 (-0.3842676931722902,-1.0258921662944849)
 (0.53801347177110659,-0.38787258517837031)
 (0.89995763171424481,1.3071038432327222)
 (-0.94754624008027966,-1.4565788293931163)
 (0.55603313781958619,0.34877905361858169)
 (-0.2548007769976175,-0.39978163961816915)
 (-1.1857640707301045,-0.58523728345060588)
 (-0.21673037115175386,-0.20549816324193421)
 (0.78224404217327181,1.0543335875051296)
 (-1.2926514051348668,0.81557075069766216)
 (-0.78486357814565777,-0.86633365465789269)
 (0.95312951643635468,-0.47137636654222215)
 (0.20055401921254709,-0.28127250183199448)
 (0.047977009579845159,0.41583271835293312)
 (-0.63134352128891058,0.33807103879218492)
 (-0.18262016128967196,0.94550124792055645)
 (-0.7352082177366448,-1.0332928452066414)
 (1.314190458750224,0.30735396543772847)
 (-0.99814160205010305,-0.30674177512937406)
 (0.67209577355522199,-0.094246833780116446)
 (-0.76289444140614271,-0.52893191139963391)
 (1.0865200239944717,-0.13090464724899922)
 (0.21110965087699185,0.41136826281467653)
 (-0.29784678794350539,-0.18013108025501207)
 (0.41514722779007307,0.53511574595624367)
 (0.93300604217321115,0.47858252678162949)
 (0.038857120738362866,-0.22646946124763953)
 (0.21949540429193251,0.15202017081461475)
 (1.6045749981673454,1.5474071484639158)
 (0.26113520048909256,0.51245165594698505)
 (0.39636597766281595,0.88304943641084033)
 (-0.58270458477907305,0.23385970434641556)
 (1.1268728882990839,0.6381497853995155)
 (0.19489165303840761,0.39283375744693694)
 (-0.31105568311203224,-0.32597593422807325)
 (-0.18301197463807095,-0.38674211386632273)
 (-0.36260298320341855,0.19101206853536737)
 (-1.0623952045662597,0.74885904495129363)
 (0.29273992644937702,-0.22887537891881243)
 (-0.24224306832880926,-0.40341108296714834)
 (0.17353006754339748,0.54390716050391641)
 (0.37249579922848503,-0.40197808813406072)
 (0.87386574311365717,1.1440769358047689)
 (-0.91475060751370407,-1.5754146076247761)
 (0.31621416854691226,-0.98087350113251071)
 (0.20933801221501444,0.76749015721910363)
 (-0.23619594261824417,0.21429983228984312)
 (-0.62221741139869891,-1.2441673302691953)
 (-0.42771235510277955,0.17097162491986043)
 (0.47144830916512104,0.93785080404452825)
 (-0.23588445490757037,-0.38712543738496519)
 (-1.0098250772014083,0.40048531565842982)
 (0.35223587947388535,-0.39358544126516654)
 (0.44510840096095178,-0.32634007381324243)
 (-0.21216422135070082,0.2736070470292819)
 (-0.0033998719517082067,0.0018377871188575833)
 (0.36752329322373783,-1.3829898299825787)
 (0.63263429896778767,-0.70345678805931489)
 (-0.52194069070296867,0.35684829479539348)
 (0.34698810045820533,-0.63434958354646032)
 (1.0265366700161598,0.2496306551639354)
 (1.0455584920550693,1.7213238027162086)
 (1.3355929851666277,0.23815832206372067)
 (-0.36623032018459112,0.28540127186455633)
 (0.17002597199444791,1.2886842785543666)
 (0.93615771059789454,0.26033080905061479)
 (0.012428797308580208,-0.93192717659319013)
 (-0.41514380098440007,-0.67976686435125611)
 (-0.6723839306597641,0.37298464256274438)
 (-1.2591235531150295,1.144356500435554)
 (-1.1885376913662635,-0.30967554028801447)
 (-0.16867030892371088,-0.37820031816633476)
 (-0.088009462746369449,-0.35164259056944042)
 (-0.42819450896042222,-0.55269610557207383)
 (0.99268516755956582,1.7626666537123932)
