# Created by Octave 8.4.0, Thu Dec 11 09:47:22 2025 IST <gamana@Samsung>
# name: rician
# type: complex matrix
# rows: 2048
# columns: 1
 (0.1529017649931802,-0.45291752143514175)
 (0.99301078375458385,0.46057335654038073)
 (0.39776415609943111,0.98401933498552729)
 (1.0184020759269234,0.28640633504821644)
 (0.45547175088941472,0.095788694203448627)
 (0.43813647173252479,-0.17814723064837376)
 (1.0657924453777117,-0.13414283147224845)
 (0.56868201266879626,-0.59398193028030288)
 (0.13875664687298808,-0.54398330798684469)
 (0.11981675306301953,-0.74143345562148921)
 (1.0838190624797754,1.4209403265285097)
 (-0.80583469841767119,-0.053230630412560292)
 (-0.53560974897501079,0.26362857236225046)
 (1.0001079148227425,-0.49175754609159106)
 (-0.74236332759701973,1.1189741240198741)
 (0.32203016948051766,0.28616199955074473)
 (0.28508918172144149,-0.50377724869611873)
 (-0.42360364211803664,-0.13724796929052602)
 (0.30912299945021887,0.040422623457823562)
 (-0.27014261004700624,0.1821596444033918)
 (0.63765603323590947,-0.089715628096276284)
 (0.24816291591082398,0.24636769992479374)
 (0.32877575058962538,0.81872307342045514)
 (-0.92506944276164882,-1.5542833026758505)
 (-0.38796492225006846,-1.1154052220533524)
 (0.025563040408676269,-0.43537166971751196)
 (-0.22995641228542318,-0.73169035304591012)
 (0.96714539697898061,0.38815655863467374)
 (-0.87100924731405982,-1.0289061892653721)
 (1.101528365305277,1.1321178340432938)
 (-0.29266600111171354,0.90762964553654835)
 (-0.9137460306856966,0.80712802397756889)
 (-0.27385363251300499,-0.20957907868427694)
 (-0.80261079833767279,0.1814910293399713)
 (0.44817082075538961,-0.37716741848989377)
 (-0.46703370341718897,-0.99746738915997901)
 (0.49167275710985919,-0.26648234931760556)
 (-0.65292372660804832,0.002006970118751894)
 (0.2259846825739176,-1.181391509968807)
 (-0.56519603636280358,0.95223952493493735)
 (0.049574261192642022,0.76361779238123706)
 (0.20341952673816086,-1.2568111257726322)
 (1.5552218476550996,-0.11610569936443127)
 (-1.0524024223387936,0.27844002094761133)
 (0.31876680654009815,0.10221818612378167)
 (0.46708650605244267,-0.21802548578883646)
 (1.4732764714503923,1.1645943110478223)
 (0.020105573135711527,0.21870742794840203)
 (0.12648857043470829,1.5596576286604722)
 (-0.00056907920789150968,1.0911402929330134)
 (-1.1786576900559409,-0.22022403034660148)
 (-0.15007336912120886,0.5272663987958478)
 (-0.10238326124626485,0.36222013456301277)
 (-0.46401350123527019,-0.9084639374528547)
 (-0.53711205467722212,-0.79648712603394034)
 (0.2415043140288689,-0.53115460929310676)
 (1.1970336497381102,-0.014157780329848602)
 (0.31809503247329446,-0.69374559148329507)
 (1.5215282101099199,0.033131393924221986)
 (-1.1749333875879313,-1.4936910715293217)
 (1.0896734810018915,-0.5767996477798375)
 (-0.79979093451116179,1.0273053007187261)
 (-0.042287710786124477,-0.63935571915090461)
 (-0.205213665121459,-0.86930368699488936)
 (-0.99485662603668312,0.55417685114935478)
 (-1.0000248738687654,1.2497912855643232)
 (-1.0801630064712662,0.81154983453434137)
 (-0.27132004936071585,0.21468735142290821)
 (-0.32000771533759298,0.013457320501689823)
 (-0.40430196123991863,-0.51836394914645356)
 (1.137570058170098,1.4483941718043825)
 (-0.31218735367923356,0.86612450526144957)
 (-0.49869238089834134,-0.42783336147732964)
 (-0.23391571242073347,0.18484629225341551)
 (-0.52016133120229979,0.16394216765337488)
 (0.30507359097897524,0.63868034299404242)
 (0.2060327558412523,0.7077607720497503)
 (-0.95172174814009647,-0.53208558747802959)
 (0.075771422168446484,0.30605203319133278)
 (1.425849448121506,-0.49612026233431189)
 (0.018457893793525037,-0.067316201565885567)
 (0.32532866943379213,0.044010901725248824)
 (-0.43022553791964918,0.16509414694265695)
 (-0.67484992385434661,0.65997358275199669)
 (-0.041080855177644218,0.44989558864496104)
 (0.17829979047680522,0.049534144480313638)
 (0.43468098215312101,-0.054911994942626705)
 (0.84426622511245242,0.67579774446167529)
 (-0.00090146269684920899,1.0895480458799411)
 (-0.22789897829988431,-0.22908711462414744)
 (-0.24771646273749076,0.45245940407000568)
 (1.3442023408819099,-0.2590538777191867)
 (-0.18180816224071733,-0.033244259829232334)
 (-0.81743491805123003,0.029840825972320184)
 (0.2747374701923152,0.54940834581770825)
 (0.75798957510753295,0.14105821139248115)
 (-0.13611608300842931,-0.37606577767051963)
 (-0.15823392174009862,-0.43438887253540837)
 (-0.66935086762136475,0.57321808418186271)
 (-0.27111863711986894,0.16073888325109667)
 (-0.053945943964533671,-0.14843117517787227)
 (0.10291375119751928,-1.0972605231540127)
 (0.12984229401926603,0.91279262573678432)
 (2.0304440482074337,-1.1851933759931419)
 (-0.4552993976416615,0.41733986731529582)
 (0.63266440206505103,-0.18009120673899973)
 (0.57240481098235707,0.22712050395125016)
 (0.47687776131274562,1.4017735887488207)
 (-0.81430406095308727,0.53821501394462989)
 (0.052073204136889331,-0.23293706629578709)
 (0.62121774690156606,0.3461317802288798)
 (-0.15323099329444018,-0.741300016296355)
 (-0.14320594750140495,0.19692739471358664)
 (-0.11423052355859584,-0.50718088192299782)
 (0.032154599393258571,-0.70757045522655848)
 (-0.54409487450207006,-0.73172633577815083)
 (-0.9800871112752837,0.42777549039949736)
 (0.91092642181008177,-0.34481548507926263)
 (0.15397615529202416,0.49170200802538955)
 (-0.035714570527482337,-1.2108725666023561)
 (0.74048466570955873,-0.50563728244260575)
 (1.1340494454273564,0.12355910154619737)
 (-0.89262315909772616,0.59851508567270129)
 (0.48226137168720828,-0.21851752682791714)
 (-0.73807803566847396,0.40998838584931363)
 (0.6165497040892115,0.94356109307604885)
 (-0.85179068813777203,0.53216660455233822)
 (-0.016000163687100333,-1.3943522366111747)
 (0.57999796993563169,0.98299770674083098)
 (-0.86741730834744413,-0.2359714305937092)
 (0.25608443381990909,0.028670506100194781)
 (-0.43273548766836673,1.0948008710074331)
 (0.14767819377312993,-0.31384302930759617)
 (-1.0546911159477532,0.5863571203367649)
 (-0.14842512672491706,-0.6710917011108577)
 (-0.29031059172667595,0.88041669713762971)
 (-0.4531341589697816,0.13367395773159407)
 (-0.85391427681814691,0.066277709377907834)
 (-0.12298661501511926,-0.24433897020387285)
 (0.36781684265838366,0.31225696793611024)
 (-1.0786498051446318,0.45758885108931391)
 (-0.91434021326151838,0.4254780127849459)
 (-0.91093462789125679,-0.2351536740801127)
 (-1.3031044887826544,0.58210389327189049)
 (-0.36903193768007903,0.89940126672513698)
 (-0.15343819352457425,-0.28748142315681635)
 (0.31131541298129722,-0.66880439299786787)
 (-0.40317062586758001,0.67382411853708946)
 (0.20189527164605614,-1.3500843572996926)
 (0.27921347942119257,0.56462232282099378)
 (-0.37951013417138246,0.17583459592890738)
 (0.86194346859860627,-0.87524378765087918)
 (-0.085830188567950036,-0.17685487563577429)
 (0.15548576209135931,-0.10741818884352586)
 (-0.70723511024845664,-0.19052548916852244)
 (-0.47652046963110223,-0.39592234497496076)
 (-0.99481001228158206,-0.66824918370668562)
 (0.64154499100771567,0.22984691401510118)
 (0.14532401956846031,0.51659307225944751)
 (0.94172711694418343,-1.0221856908976663)
 (1.1480360309279733,1.6161072141642854)
 (-0.65368458029687149,0.059018443723534125)
 (0.28311489221149644,-0.20822199535216959)
 (0.72245347195684162,0.45483493792513074)
 (-0.67993300180503147,1.1722650944550566)
 (0.035707517367153108,-0.97206874137108412)
 (-0.46070420742361307,-0.10882711673819631)
 (-0.74416848754793863,-0.7508713455489795)
 (-0.58627991544850366,-0.27255552335124972)
 (-1.2961077919786752,-0.27080144626372443)
 (1.5254621503862242,0.77555331771238722)
 (0.74280331696864765,-0.67604263221903116)
 (0.18066001035273671,-0.27831303079137554)
 (-0.31527198955296631,-0.038389577212197629)
 (-0.72585344870444934,0.10314786743552587)
 (0.4605959400843318,0.30993278516971379)
 (0.58240275612020498,0.84121754140741944)
 (1.1799120224223365,0.62031883287149747)
 (0.74667351737952037,-1.2726468341013635)
