# Created by Octave 8.4.0, Thu Dec 11 09:47:22 2025 IST <gamana@Samsung>
# name: rician
# type: complex matrix
# rows: 2048
# columns: 1
 (-0.51799072519334621,-0.42147566647480622)
 (1.1019381778876098,0.17046651203174287)
 (0.30815370830384986,-0.17184019094985881)
 (-1.0135555295217771,0.16132022617304759)
 (0.40307269688463732,0.21088913855621691)
 (0.8551866404420152,1.1410786162044992)
 (0.90050835221148928,1.196781064459999)
 (0.30538127098076751,-0.50837888009076915)
 (1.3635502530619454,0.17348283353258798)
 (-0.066658351119489645,-0.51906277188161876)
 (-0.079421415221996278,-0.42132815021369341)
 (-0.24054954931545841,-0.63837744276155117)
 (-0.90109586512780138,1.125584198049985)
 (1.5617778304562866,-0.29349893134976512)
 (0.7704927954074231,-0.32344113194719221)
 (0.54092244866852179,-0.48268166121244976)
 (1.0358450683011553,-0.80150973345202436)
 (-0.64222531681828343,-0.37672683689525222)
 (-1.0793454425152422,-0.79249752334068779)
 (-0.13005941175590552,-1.1673242793954464)
 (0.15642122000491213,0.611600807661551)
 (-0.31940685457662171,-0.25475700067278434)
 (-0.22032251766936209,1.0207426770406229)
 (0.91438984567570836,0.28538186591971337)
 (-0.82492422645118491,0.54334462481053758)
 (0.77818946664033017,-0.69691742843544158)
 (-1.2182543188314645,-0.41784540358041083)
 (-0.4584286888513921,-0.77078083588453439)
 (-0.64958450973389903,-0.8637312959190786)
 (-0.20921516282308691,0.029520581881446517)
 (-0.13492643359623138,0.68531435085435555)
 (1.0238709176703833,1.0827727525100976)
 (-1.2000293007645992,-1.1236634664684408)
 (-0.85793191455409168,1.0476841672881774)
 (-0.088404907045336809,-0.083654607388621113)
 (0.95348982002685778,-0.0099894531378209028)
 (-1.1604592246674692,0.93575964156129376)
 (-1.2990825005863877,0.91589750147397775)
 (0.51579534033357832,-1.1756954663464563)
 (-1.0425332310670767,0.85054519994270983)
 (1.3681470926449104,0.55300380641917191)
 (0.95648181321184356,-0.84603125597573126)
 (0.31202535835079703,0.20574467567451429)
 (0.19616676886952369,-0.23793882418617726)
 (0.68510271544541979,-0.47728033413973109)
 (-0.55502555745054516,0.44556748914587718)
 (1.0481693903486389,-0.58209999655016975)
 (-0.6771118905052802,0.09337029255576916)
 (0.59782386656392428,0.65835643092476304)
 (1.6026204558726507,-0.98339440613253915)
 (-0.30750063541116202,0.37767937585503719)
 (-0.62896126596008428,-1.0926078426170087)
 (0.66388502364656043,-0.1914287744614557)
 (0.55509670282900658,0.79892885104164835)
 (0.24748583871749524,0.59051378924551823)
 (-0.92096544776763756,-0.2239401471059628)
 (0.69394873170491933,-0.41639314545045136)
 (1.44724492007407,0.19156039395407154)
 (-0.80847506611916264,1.0363742576990851)
 (-0.3607643819947593,-0.99187953456573918)
 (-0.58118968690295481,0.9226779130189301)
 (0.55278019230991848,0.36010726778103552)
 (0.4431388576588875,0.73977256770938149)
 (0.29754082551603778,0.3804601861888286)
 (0.45163777174270103,0.76826072924563715)
 (0.67651545818282177,-1.110203935735057)
 (-0.45686974128073687,0.54056242294992929)
 (-2.0213396459266897,-1.8617558986030101)
 (1.1310303251706677,-0.82504659267720526)
 (-0.36108570728642969,-0.35690747774826576)
 (-0.072365311170708768,-0.1317246837324702)
 (-0.28119486583385178,-0.10969184107913602)
 (0.82479021084701942,-0.19012634465959635)
 (0.5510828063419797,1.4170997921087718)
 (1.1599194883720789,0.41017644968296879)
 (1.1103810486154371,-0.31903634507953271)
 (-0.6534640821595965,-1.28053142003335)
 (-0.15468527789663661,-0.71349465286915992)
 (1.3042001230603975,-0.49327201524618053)
 (0.14538531933458815,-0.1256132998696004)
 (0.90456790102365581,0.48872185089384385)
 (-0.87737033293457745,-1.0460834851119374)
 (0.5562390565827412,-0.30545571608040878)
 (-0.17880161901765768,-0.17227371544208536)
 (-0.34636383164650453,0.74338617218148195)
 (0.8322300540587283,-0.71238805672361882)
 (0.57993673773361865,-0.16979443438932076)
 (0.09288214226223851,1.00910477166706)
 (-0.79577540555945858,-0.61679551806270672)
 (-1.0228027759422111,0.35272222526356167)
 (-0.19997163396482107,-0.2691783306884753)
 (-0.94946682169463659,1.4546774499539046)
 (-1.2511885595556274,-0.62949762363774331)
 (-0.76807189966417699,-0.08581905437171175)
 (-0.39853403201252235,1.038245098465727)
 (1.2532666263320493,0.9372015017053178)
 (-0.31062007963449756,0.43008819906427143)
 (-1.0839779748085723,0.27144215209048123)
 (-0.58302149897319155,0.77494603370377102)
 (0.072490564146498793,0.99298632248305885)
 (0.034162601831838779,-0.24835941982837501)
 (-0.67401263466449191,-0.10942295644244476)
 (-0.17755846214286358,0.69651804515886384)
 (-1.0089801193747716,-0.54910227974011916)
 (0.13090637140016675,0.1283824643024461)
 (-0.096633402618129804,-0.45323881092692353)
 (-0.43816851343576113,1.0028219604320248)
 (-1.0297593302473951,0.69166032750020223)
 (0.67780474256510048,-1.3317474931219508)
 (-0.20961366302222917,0.15807922115773165)
 (-0.21220956612964148,0.30917288678552202)
 (0.21708372383603364,-0.99503627073361556)
 (-1.6376134379956999,1.1124012890075117)
 (0.73917670272053471,-0.50175188956731875)
 (0.15523242878239304,-0.55297782941004525)
 (-0.5398054763751795,1.0475218345364326)
 (-0.44764973592062263,-0.94687174439884225)
 (1.0391737309803954,-0.14319290932044204)
 (0.013301533598270299,0.91657445370477075)
 (0.44512288167034564,-0.32136348918871904)
 (0.050484103139996156,0.16156198024395374)
 (0.98109533534383353,0.23821740406276437)
 (-0.58558753769101513,1.4623410918307873)
 (0.21286620720336114,-0.41187276089023328)
 (-0.20652316894762865,0.4818536213213489)
 (0.57515730036731827,1.2181093834471415)
 (-0.56132641850371501,-0.85610321262795575)
 (-1.840832581515033,-0.86111670222600156)
 (-0.17724879847305858,1.5706155228107914)
 (-0.25743226841769173,0.50342601333848491)
 (0.30636674842588341,-0.4823232281629577)
 (-0.21400395686462628,-0.33649989203153413)
 (0.30966677125247127,-0.25238983100375739)
 (0.62923481447965934,-0.57356132489903877)
 (0.188665582809354,1.0593881917217562)
 (0.79496653895942548,-0.11358190871448617)
 (-1.0969031409358458,0.22136446805673576)
 (0.9952158480379838,0.10971382299001092)
 (0.64127125213600533,-0.3590493166215194)
 (-0.95918049039289288,1.2710456458967947)
 (-0.18082988456905894,-0.38094461269441549)
 (-1.0655518148891094,0.34008146421189211)
 (0.16605691792073951,-1.8985450890294699)
 (1.1744091756557653,-0.32617696589794415)
 (-0.28024880053679235,-0.50092824171410022)
 (1.4668426704403039,-0.38502012462984758)
 (-0.24782633859880238,0.18972256015801753)
 (-0.41631087359419461,-0.20029010230586208)
 (0.35369156310803035,1.1232228014593659)
 (0.012696005441597491,0.53091530915073148)
 (0.41334839763027098,-0.57844016927546194)
 (-0.11956209695176169,-0.646010835082233)
 (0.17462173177435877,-0.39638381543502665)
 (-0.51255224851826642,0.22503937937745155)
 (0.32465524536851492,-0.16833846461842294)
 (-0.35476058849447201,0.81227096788444997)
 (-0.35596106864374333,1.3293306957059046)
 (0.6888597777171851,-0.27430426690386223)
 (-0.2180515621163035,0.42107196511167971)
 (-0.084136434722705961,-0.49641005563417884)
 (-0.52374127550849248,-1.0926284456020396)
 (0.088450241578308469,-0.50540544292828626)
 (1.0000547891847054,0.74551900901854107)
 (1.2645832738817093,-1.0305471329280902)
 (0.75911474901909959,0.73124603799031163)
 (-0.046189505581072987,-0.99656353236626594)
 (-0.20426956504345362,0.28502799091812314)
 (-0.19882463945741785,0.37087541135444663)
 (0.024498139667704311,-0.78772279177600013)
 (0.6642532229247311,0.10440318168652149)
 (-0.3455443750323044,0.69235339136042129)
 (-0.47472058059916389,1.0020856264260121)
 (0.33431049053549966,0.19567689492798157)
 (-0.11736645425483844,-0.9393201560352924)
 (0.93151466832134633,-0.070421933942436454)
 (-1.3178442749896364,0.32502432500338374)
 (-0.016958032756337171,-0.85843161089460307)
 (-0.53058676594299869,-0.51331156061181948)
 (1.024758650807573,1.0508943035200971)
 (0.22913217485904253,0.9809254960278595)
