# Created by Octave 8.4.0, Thu Dec 11 09:47:21 2025 IST <gamana@Samsung>
# name: rician
# type: complex matrix
# rows: 2048
# columns: 1
 (1.0183444853400885,0.026079989613504551)
 (0.54245788453130894,-0.38855634816788925)
 (-0.034673776275213425,0.64588592351925389)
 (1.0439078816969223,-0.057239063661974288)
 (0.53635939823123557,0.34468313019690755)
 (0.037287337109257024,0.89188195205450804)
 (0.078272464283350524,0.17133940388971503)
 (0.50867476334766626,0.25514888462205321)
 (-1.010661150014293,-0.86928423532952315)
 (-0.41027392600441431,0.18551892517068563)
 (0.45266499585721426,0.73102097892310436)
 (0.5158011504844231,0.2332442242853674)
 (-0.46100452268070563,-1.3371996624066331)
 (0.48818567255473505,0.13817740283544383)
 (0.1312630893949947,0.46060843797613943)
 (-0.35129687366705509,0.063478593077198969)
 (-1.4253773765145794,1.6048010378685149)
 (0.43973404834173624,0.59400203932138407)
 (0.23184586083021996,0.044513951336110538)
 (0.51046010353960147,0.1465126875506817)
 (-0.74309445291756349,0.75863641640768309)
 (0.19922134505965211,0.38615881338824748)
 (-0.45804415206905569,0.68777539341836302)
 (0.38621355595193052,-0.17768761186004253)
 (-0.50889347025501619,0.94543104705093728)
 (-0.26307309826571851,0.28699718870707019)
 (-0.69337156461756388,-0.37808638674212569)
 (-0.88308638863253863,-0.14706193012912883)
 (0.47920658982866471,0.13721840584713041)
 (1.072451985084903,0.16673799640511075)
 (-0.53659805733440835,-0.57338668066211207)
 (0.94103260266291078,1.1589117112708556)
 (-0.87847168060898695,0.40583627719087634)
 (-0.74976086763846617,1.4742398673060642)
 (0.9954976271630801,-0.19574687805298274)
 (0.47686707640466042,0.44962988401914494)
 (-0.37091483143806214,0.29373900771842332)
 (-0.27966160701124909,-0.61196227248070445)
 (-1.1389669657401464,0.97501984487708959)
 (0.8779013036638601,0.25030173213541418)
 (-0.34938137144840686,-0.8935675561696812)
 (0.32890240500638396,-0.14708160333598325)
 (0.0035216769134996384,-0.71806293330443349)
 (0.29565628679561595,0.0079861087737853331)
 (0.57739083184254303,0.28064883130896834)
 (-0.034223990798776457,0.2655227444580498)
 (0.11440589894839,0.34842604445143371)
 (0.003843255509972332,-0.82609615979404061)
 (-0.92447258101639374,-1.0650454181588254)
 (-1.0289412335639996,-0.25956315824413684)
 (-1.5784985205085311,-1.2045489096215931)
 (-0.2991603616566077,0.64249230987442862)
 (-1.5879038947001427,0.35511002074773634)
 (0.24751995153010151,-0.38996071625821627)
 (-0.21082087396457488,0.22195882407437495)
 (-0.53554339875810208,0.21825057045961238)
 (0.60352201196858224,-0.082752733992743813)
 (-0.74282529580117707,0.40892522300046219)
 (-0.84925624281060508,-1.1457229087256768)
 (-1.0360233734906186,-1.1535984776187402)
 (-0.068014820179755769,0.49653891163119424)
 (0.99253329301161952,-0.11032268853497906)
 (-0.61476124991720549,-1.5357642460003946)
 (-0.67480645335841005,0.032969040564648722)
 (1.0058319497346373,0.91115795984194592)
 (0.46977665577835692,-1.0176341782922369)
 (1.0008035998685065,-1.5562021611305783)
 (-0.098995765587757661,0.73587548304445594)
 (0.70723820988675001,0.20388710800674964)
 (-1.2188669912121586,-0.081870233837794848)
 (0.86449230017121248,0.33585264576813489)
 (0.15890404417433554,0.20359808110369224)
 (-1.068600431072581,-0.35020692980816404)
 (0.88193414350522792,-1.1667857948787876)
 (0.35911071419248042,1.1167318902237882)
 (0.59006158053463043,-0.15209658257302747)
 (0.46855247107078835,-0.065852249901710042)
 (-0.076986338091803108,-0.34293772899797942)
 (0.8733141813968317,1.1981453286337966)
 (-1.0313701674162201,0.51838490634805079)
 (-0.21922241335891374,0.92148956644591951)
 (0.65056529617727543,-1.1754830823050157)
 (0.84121023282856788,-0.79456072913021114)
 (-0.39479129900119009,1.019654780233854)
 (0.53996817607853298,0.43422602606782035)
 (-0.32258730508931877,-0.15693370821589669)
 (-0.78414623698319486,0.037136903295929918)
 (0.97072052516823992,-1.5954289123935683)
 (0.91755688752935827,0.52352201399214293)
 (0.43427661709809295,-0.81747551459482914)
 (-0.46303254512625358,0.50627310813877779)
 (-0.82222748919589017,1.4877436080861446)
 (-0.051186277792983959,0.97021702390056974)
 (0.38623570313235811,-0.37942767114859477)
 (-0.22684787099865394,0.16064117815589923)
 (-0.28835095102896224,-0.050353439414971252)
 (0.63129979260978908,-0.77886631789540195)
 (-0.10110892862514481,1.3338273999138714)
 (0.30483384622051579,-0.13847468389217285)
 (0.18844700950534177,0.20740575646883136)
 (1.6177184267679816,0.21839866734960334)
 (1.0288632503497774,-0.31563037716805303)
 (0.093660889614185838,0.48834443450376153)
 (-1.3474863363083034,1.0324420146161777)
 (0.8667990138221775,0.097773916468489097)
 (0.36740199056354234,-0.41126906386617185)
 (-0.35948187418538508,1.0256197143599231)
 (-1.2472853369724739,-0.87029286741542244)
 (0.76313254597092994,0.51296738800573882)
 (0.17835371143322754,-0.44547702483124468)
 (-1.1160092293500672,0.24622582126767945)
 (-0.81228904899874343,0.058591926600857852)
 (-0.46640886413993599,-0.56266940962818657)
 (-0.18543838608525651,1.2007404876592589)
 (0.27772018201166093,0.14032116112972182)
 (-0.33774261644844467,0.71823166054024412)
 (0.1797897661466841,0.40489987425954277)
 (-0.10439230045195931,0.58364983718004326)
 (-0.51330658553714681,0.1039827436836348)
 (0.7472764766145924,-0.56443183225641858)
 (-0.62088745686828761,0.12929543214382022)
 (-0.32632289471020504,0.35870223131418788)
 (-1.0659315556501487,-0.32359654154846873)
 (0.79090513882132696,0.33962123150196799)
 (-0.77385988793147609,-0.37787113292487301)
 (0.36665618917011389,0.066501862612721063)
 (-0.8924385774678566,-1.2075979343713668)
 (-0.037012663383511279,-1.1029734270081371)
 (-1.4778385588323224,-0.60769437214906352)
 (-0.97367376716305221,0.48265385101247726)
 (0.60051832793701165,0.22137507132020143)
 (-0.12705418048533632,1.0040851412581278)
 (0.13006858875793742,-0.096212200729666741)
 (0.080158892502444207,-0.44270629512386117)
 (-0.2838082097710859,-0.62592175728068311)
 (-0.39648293078312058,1.6345444558502824)
 (0.68237301619923685,0.55420749301075456)
 (-0.95413911477189739,1.344647582993467)
 (0.17370332099753155,0.31061072018391428)
 (0.47341136842434739,0.60218519280648886)
 (0.74237745741410122,0.20318516124381339)
 (-0.70799267804519039,0.36056841625853675)
 (0.32004576099499543,-0.25966281017179665)
 (1.1614480916287739,-0.051373178421058763)
 (-0.24678895788521324,0.11022588428434096)
 (-0.65395779399375353,-0.58337375202120467)
 (-0.2850025162779502,0.23615639474186007)
 (1.2974200494145269,0.6749479814020608)
 (-0.22968284425548816,-0.28054837020622214)
 (0.30903672615534938,-0.19080839535491689)
 (1.5451711615073249,0.45249070820289694)
 (0.13872961996269983,0.7960069394388265)
 (0.041792829308804152,0.95650107513782723)
 (-0.16916324582946357,0.071243117072438092)
 (-1.6346298590728949,0.63392004719090556)
 (0.23369213991503282,-0.26932216886107402)
 (0.57122692769737071,-0.83105195576270174)
 (-0.63880797573669701,1.112771696057939)
 (0.35674525088949471,-0.1159056842786578)
 (1.4301989562494004,0.19416750545554951)
 (0.026839172515029718,0.052681257737527368)
 (0.3466510470329135,0.93852006640520458)
 (0.12344645277594399,0.86821959003748028)
 (1.466461517194698,0.37163490587282361)
 (1.1694070293810745,0.61631908803808144)
 (1.241975646720189,-0.28353132950636817)
 (-0.50156251765078907,0.84055670136651384)
 (-1.3527739559989562,-0.24239718143963393)
 (-0.60766751039749711,0.20659598577668209)
 (-0.69572234059856053,-0.0955560264757436)
 (-0.72315225719853238,0.39211320605662214)
 (0.39610071458683521,0.968148960754184)
 (0.79160381536543423,0.46184664588986724)
 (-1.1968655389162897,-1.2770333908367282)
 (0.63959084072888706,-0.61093659165630165)
 (-0.41378900246395478,-0.34061399296968764)
 (1.0674518070035623,1.482267767160597)
 (1.1159207686327766,0.13116728758821777)
 (1.341810182888616,-0.98740128615147327)
 (-0.62652412412605951,1.0686174105035045)
