# Created by Octave 8.4.0, Thu Dec 11 09:47:21 2025 IST <gamana@Samsung>
# name: rician
# type: complex matrix
# rows: 2048
# columns: 1
 (-0.18649377040389584,-0.73856601764577645)
 (-0.24853271782628311,0.65845661906385411)
 (0.32144638014650728,0.064173052486019205)
 (-0.14748378176711852,0.030266812333760051)
 (0.53038187070222598,0.021358777415067975)
 (-0.3808178097416271,0.6174605196113101)
 (0.2535878767841635,-1.6468279082776629)
 (0.23576844115722168,-0.14752289998215107)
 (-1.4012846945892341,0.21543337247839853)
 (0.47332092943931026,-0.60135896109140885)
 (-0.77942639300425798,-0.29559346415246501)
 (0.71422763508415432,0.24531051012123845)
 (-0.6234910417555497,0.97192901732590831)
 (0.20857461710435951,-0.29526992193808943)
 (-1.2686992802296335,-1.1102977960771065)
 (1.1868701575204361,-0.81738282867693046)
 (0.64809632697634956,0.56292450587765486)
 (-0.95683458150283707,-0.16431394043058878)
 (0.46521826675311095,1.4022455259152693)
 (-0.44526913947739294,0.52338235369402208)
 (0.43410770048833686,1.3179093205518611)
 (-0.56239507363693964,-0.5514694639072022)
 (-1.2752533726593811,1.0871117463827813)
 (-0.42736460993569358,0.38374880491402485)
 (-0.81860546347957974,-0.50078710791865511)
 (0.88656698052646465,0.56774592651695166)
 (-0.7527872372240404,-0.69618183827460045)
 (-0.99842408980561315,-1.206962705034988)
 (0.0039856199844660323,0.25854174221365755)
 (-0.88097699183540401,1.2936636063784186)
 (0.49818700698861795,-0.23400315542205624)
 (-0.97603012730140526,-0.24398528743570824)
 (1.0305694730768997,-0.29067340709357692)
 (0.5378668172032125,-0.66178959487690292)
 (-0.88236941237891775,0.0067544829126848227)
 (0.040110956708409473,0.3193386983785898)
 (-0.83078938609385222,-0.78981111884016464)
 (-0.70736435334654979,1.7387475754972774)
 (0.0026771767037980232,-0.63591063746392673)
 (-0.3310935527437292,-0.11030868622484712)
 (0.25021497015103084,-0.29129425551730054)
 (-1.1066330138403724,-0.68962913895475486)
 (1.5190542401797327,0.33611521915139331)
 (-0.41261371375604416,0.4951497033190323)
 (0.50812670927062675,0.23047416410750388)
 (0.049055104251911619,1.2461936901856896)
 (0.35560039434863311,-0.71432058589133296)
 (0.11541587370845419,-1.2034816958828916)
 (-1.7985171824178718,-0.37597529427408194)
 (0.41153022330703803,0.49824597601898996)
 (-0.27355959866505752,0.57362133202437404)
 (1.5841930574424801,1.2536054832686876)
 (-0.23524417932524569,-0.70041393469168411)
 (-1.6643344339061461,0.63478309120937948)
 (-1.0754036769267512,-0.56404034827070371)
 (0.6542194027246846,1.0811565710364481)
 (-0.047383800565568179,0.42347933570205215)
 (0.29114676756030944,0.24582095648640201)
 (-0.99474845466474493,-0.12552244683728975)
 (-0.42942857225430553,-0.35889894700503233)
 (0.28437279382304004,-0.20223500288148447)
 (0.13738740094830365,-0.68238503793689387)
 (0.58343840355743537,0.64793801634509762)
 (-0.48846392111945058,-0.62698267394800489)
 (0.54379609315730115,1.4509401528302044)
 (0.96903638677977155,0.13771759503353603)
 (-0.014421168240460719,-0.27363291173797688)
 (-0.86636550753313812,-0.20994467214768187)
 (1.0336184009955212,0.86324650371497091)
 (-0.26857913156190327,0.38453343656736771)
 (-0.65236643634910108,0.23819044486329397)
 (-0.54275727889882286,1.0503553342463574)
 (-0.10828303650383564,0.88935635228501975)
 (-0.97782493508105917,0.75419119542008894)
 (-0.4361742681062154,-0.033623088256761857)
 (-0.44474652156678862,0.23359222505911417)
 (0.45710950693778607,0.94030407555341877)
 (-1.0081916269428999,0.1518580745147475)
 (-0.37754056478032005,-0.49018657346342598)
 (0.24263669773701663,-0.95395862659459751)
 (0.3256685487995099,0.36257518365072439)
 (0.69735029607467613,0.068202213370687215)
 (-0.36817616698692657,-0.63778442327994611)
 (0.13363463761326247,-0.62966464595182869)
 (-0.45026512042003708,-0.21467655345879344)
 (-0.28500004221160691,-0.48657223118216164)
 (-0.20452967037265871,0.58436943814251607)
 (0.7329420585885571,0.32635945900973989)
 (0.28954124991332647,-0.57310563345981191)
 (1.2294385427067183,0.52265328781774656)
 (0.23986903091277423,1.1706460207268605)
 (0.13859984304479256,0.2395874713115444)
 (0.29097623291696639,0.76751737275559495)
 (-0.67158042784298644,0.53391962644940527)
 (0.928819060880408,-0.2489435003047199)
 (-0.37432793435629663,0.4014997445991435)
 (-0.71421447607854183,-0.58889334313871955)
 (-0.33169771348327221,-0.13431826629539137)
 (-0.14128784126217939,0.087856600421657258)
 (-0.27255346518001239,-0.76912793296469484)
 (-0.80154339585358536,-0.10483512202128081)
 (-0.18776454626578767,-0.19449544760832013)
 (-0.013622221111975544,0.23653523806754317)
 (-0.28945286462635533,-0.044353599847679157)
 (-0.79755563110608518,0.53031285291654817)
 (-1.2270044407506893,-0.78901197176809834)
 (0.63025292051769088,-0.067895599274387486)
 (-0.35938859420306141,-0.45772279624291029)
 (-0.44061990299506654,0.25952321940354767)
 (-1.3025200861831732,-0.20537144928684681)
 (-0.85425144691495913,0.32911465080510927)
 (-1.091626745682571,-0.44815797504843924)
 (-1.1178597823952638,0.24570068896843555)
 (0.39686691125127183,-0.30419514550666249)
 (-0.44967663287206383,-0.11888661805100631)
 (-0.01992287999164058,-0.15858655636321464)
 (0.59922738601884717,0.29457254154107582)
 (0.99842289660721462,-0.39286408487321339)
 (0.38522229504269934,0.60733637744855007)
 (-0.69728688548839735,-0.30066284138919286)
 (0.69219187736231291,-0.87788735048340427)
 (0.92119754175791013,-0.69501519880015983)
 (-0.36977784134943126,0.44895476833498471)
 (-0.28486099363222361,1.0020484817978288)
 (-0.33247831053212229,-0.52382431794936213)
 (-0.98998202477179897,1.4365483991753225)
 (-0.17860810122872628,-0.35836040882187725)
 (0.4283642393719671,-0.050065902244969818)
 (0.93020712528949023,-0.97118152691869131)
 (-0.97635428160533255,-0.68076368554228017)
 (-0.59540372021030508,-0.24552104907345682)
 (-0.58646059597657996,-0.47282356051709418)
 (0.69605445310000147,1.3177564606138172)
 (-0.36828779882513729,0.6461894767116606)
 (-0.44292188909393082,0.57785504316920822)
 (-0.58585066035372257,-0.6255664988214038)
 (0.24132080049724403,0.72316034763257564)
 (-0.96268332698008963,-1.1932837679011647)
 (-0.2663946968822391,0.20166937600652024)
 (0.32256174510983654,0.69787089821715775)
 (0.87392096347238146,0.53960553476317519)
 (-0.22763313282591943,0.58763701980826755)
 (0.27390828515828647,0.01987666620055327)
 (0.095314235048565482,0.21615230646275094)
 (-0.17177903666406072,0.30666459916864197)
 (0.30096813002854966,-0.23150947936767347)
 (0.14576955671024275,0.063652401136792963)
 (0.21169555925672934,-0.16692157193092744)
 (-0.32594848831529449,0.2118173800005943)
 (0.60103723767283468,0.54886082293688321)
 (0.90606472969279339,-0.24773041685795474)
 (-0.26677455078156487,-0.15702871603135585)
 (-1.0401034286928355,-1.4393445535458802)
 (0.43182400205047189,0.39963249448598415)
 (0.58398536596393502,-0.76696755609781553)
 (0.30202183262604221,0.24912551880273059)
 (-0.91948289137944894,0.2941559090470538)
 (-1.3228445199381544,0.57620382841137063)
 (0.07564543310374644,-0.9947031652662931)
 (0.44180211798226587,1.3451457999249294)
 (-0.45234178138127412,-0.02501288783093758)
 (-0.063412837810163603,0.49451018620889886)
 (-0.75267112347655751,-0.2464592255564105)
 (0.38685700185763744,1.252543725010367)
 (1.1139361935529029,0.28060959042189171)
 (-1.3897146485516312,0.078622770190460212)
 (-0.16361298284753331,0.19939548212746716)
 (1.1282803903565359,-0.89169994727283775)
 (-1.3964830157263146,0.84939384668047491)
 (0.75318443721471584,1.1857502757612586)
 (0.30392847507353771,-0.1363463214745014)
 (-0.61022072487662515,1.4707077618158488)
 (-0.22568242062923927,0.31336677452044415)
 (-0.66882425869669282,-1.1825034474761007)
 (-1.2850972381015162,0.019164239437551744)
 (0.30681644822089654,-0.29155992806445485)
 (-0.72231938251000161,0.29713906641274596)
 (-0.43251683828177345,-0.55235776934431446)
 (0.86956298013933719,-0.83988278981343689)
