# Created by Octave 8.4.0, Thu Dec 11 09:47:22 2025 IST <gamana@Samsung>
# name: rayl
# type: complex matrix
# rows: 2048
# columns: 1
 (0.53681159740991535,0.50745871424304567)
 (-0.052567236075333063,-0.52030754288843595)
 (-1.310241154102967,-0.76896283227512341)
 (-0.71657615266803454,0.74627228736468232)
 (0.091021991483236642,1.0026820008708193)
 (-0.029022007046560855,-0.45277294955565339)
 (0.58021812667880879,0.70943244303488329)
 (0.72508808788696866,-0.17348278077317048)
 (-0.44113251166246503,0.55071339014918852)
 (1.226380197856789,-0.14351043241808148)
 (1.290077014127077,0.41098818776899659)
 (-0.055477142075296984,-0.074454909688348947)
 (0.14090159131939956,1.183300317509157)
 (-0.78241229731303297,-1.157401564973858)
 (-2.1698150667443623,-1.802809530554631)
 (1.3355284777549601,-0.01471377348231917)
 (-0.29430176287028298,-0.14317057637721803)
 (0.20779312791600463,-0.10157693798056137)
 (0.55165776936964916,0.25213169710518024)
 (-0.51832225383653285,0.27694510282367435)
 (-0.22596773195861519,1.0547339164323861)
 (0.64563641222998047,-0.43667478799127185)
 (0.57973397879275623,0.14692525697619144)
 (-1.3243402497894754,0.045736490439280075)
 (-0.70440844380437484,-0.30955095038291902)
 (0.82317635677840606,0.61059735590938136)
 (0.31395427444488933,-0.28959557885393794)
 (0.055878320699267764,-0.046914004868143219)
 (-0.19654441723699728,0.84612136811603267)
 (0.10532697215253412,-0.024166692215138879)
 (1.0333756442399418,1.2534613263380399)
 (-0.93686433028633354,0.19625883130154437)
 (0.53678372981815192,-0.25731553523680117)
 (1.5132597273180906,1.0625802824500981)
 (1.2376028241407608,0.37698300496941961)
 (-0.26921527034074932,0.53930398231252619)
 (-0.66479597555923431,0.8755971945656027)
 (-0.54615216508641129,-0.34358523684666553)
 (-0.38395968691112065,-0.0095315261905208476)
 (0.096430020762078461,-0.36863836390842836)
 (-0.14956438592162302,0.057425776456614522)
 (-0.18996207288019756,0.20400630703186617)
 (0.1802352118836964,-0.31059539000241537)
 (0.19718906633165764,0.21206898919513642)
 (0.45989150518818306,-0.50182688458031444)
 (0.025220165096663583,0.76272268360244255)
 (1.1173255073244193,0.77924788274425627)
 (0.54013242746893708,-0.22756196946886026)
 (-0.089513876260010117,0.54204685472416048)
 (-0.29946328795135158,-0.32917555016572958)
 (-0.91949903845879266,0.87003516439619055)
 (-1.0768756511931779,0.46620858675090998)
 (-2.1459393107092537,1.6589117810630563)
 (-0.25804752920207352,0.37584909503221264)
 (-0.32407433433493421,0.90364916422666242)
 (0.16146763297481659,-0.14184529003563279)
 (-0.29448322198032262,-0.034440389463535406)
 (-0.45595371750754626,-0.072028842109149338)
 (-0.25047677007562552,0.54982560685846782)
 (0.09115628376125906,-1.1987611309535646)
 (-0.36918566790473384,-0.75405370863395138)
 (0.70891613264314568,0.83058023712766671)
 (-1.0479448461433623,-0.59622935825408163)
 (-1.041878408305871,-1.4399819363968343)
 (-0.47645545052811589,0.57981287359791767)
 (-1.122564925174524,1.1701821856833308)
 (0.041077178626622468,0.20208959137152105)
 (0.7155731926446236,-0.33400589819105764)
 (0.96152683921576887,0.75987429975357113)
 (-0.6687381024346104,1.335345985503726)
 (0.11405753104952222,0.079635199562129833)
 (-0.73639857341029702,1.4393706671221143)
 (0.41007546781821402,0.40607595917029349)
 (0.55471271024992908,-0.92506129052030461)
 (0.33549652252978018,-0.12393128473810489)
 (-1.0001287391816516,2.3373280675753354)
 (0.45791116331185555,-0.45749857826631635)
 (0.17192084885207101,0.52014984434926514)
 (0.37796650581234759,0.86085362742503957)
 (-0.64142934104233962,-0.31521283875885586)
 (-0.35077575296149616,-0.56153378120557373)
 (0.33664524985211403,0.24688563837425753)
 (-0.31446453448173001,0.66062475284135946)
 (-0.29177830840457625,0.19912243388888479)
 (-0.030190758594548305,-0.20623049094572138)
 (-0.7469891333236538,0.18337339832971528)
 (-0.82720473964667818,0.18219683405632359)
 (-0.82120693700944836,-0.85190158044316178)
 (-0.44116236836729794,-0.13222926860530435)
 (0.094415376732842643,0.098964212638174981)
 (-1.5969515483158787,-0.98031170045487581)
 (-2.3195224295373427,1.1736396249662462)
 (0.92431876214171449,0.83613673636366859)
 (0.57705524256875962,-0.3272363444422855)
 (0.16118366994964697,-0.56051654251977245)
 (-0.6621199383892683,0.17342977528585612)
 (-0.006334124524529694,-0.51151212678077806)
 (-0.63282304476514795,-1.1204410541937897)
 (-0.15581210509007701,-0.031418359819466224)
 (-1.3808998172248219,0.077342468430696587)
 (1.1526903619739373,-0.19330922261702688)
 (-0.077825249484550718,1.4908214592020963)
 (0.2796298048976909,-1.082001222357859)
 (0.93809049217495533,-0.82298784974582539)
 (0.29641493424410847,-0.067350886475584029)
 (-0.41708213700064733,0.70725469766210636)
 (0.050212430082899079,-0.85772350191634883)
 (0.9562132867844011,-0.22468245899294742)
 (-0.4230166032873714,0.012853588208211975)
 (-0.22638313491542972,0.10712704883329149)
 (1.0830899899214717,-1.7647810412735385)
 (-0.17762243555677415,0.50578785176086904)
 (-0.96866955970144464,-2.1286034806476968)
 (0.31927335333213736,0.12334274572470259)
 (0.12328404271386782,0.19461222940447503)
 (2.068322965410371,0.95198507626067919)
 (0.72271771675214369,1.22351703640401)
 (1.4693103597605286,0.52839418090772394)
 (1.5408969111793431,1.8196402509133645)
 (0.35945703661013839,-0.47242296657478156)
 (-0.33547272635719622,-0.036180764214506556)
 (1.3393414073125975,0.28663983153075584)
 (-0.050689013728389853,0.59769825692574718)
 (0.48648424058006523,-0.57741192934626295)
 (-0.31468563950301215,0.72977800390151337)
 (0.40528952096763826,-0.10292990445180417)
 (-0.051105998084896853,-0.088471318461084192)
 (0.10276995880137427,-0.0085994126981642285)
 (0.36083729316379243,-1.2486846617777698)
 (-0.28056855879128434,0.32825568346968553)
 (0.56202631469965936,0.32800220579556244)
 (0.96991919817800976,0.054839880481685199)
 (0.13599270477670705,-1.6013534561382123)
 (0.10995746539409877,-0.0091827223651267387)
 (0.26827986026206108,0.30094149525986941)
 (0.1674480388051682,-0.21289819312430117)
 (-0.31567107648831128,-0.072753597729198108)
 (0.48264342017332734,0.13763427318789825)
 (0.22699978256357706,-0.30087042239511602)
 (-0.31400041215147928,-0.27730805479833404)
 (-0.32971502668214725,0.56032103707055103)
 (-0.11614738709952675,-0.20387812514993064)
 (0.22887221396377927,0.81507496463338081)
 (0.18663864560778995,0.58663539505720652)
 (0.70208187616359174,0.53975390171293092)
 (0.87365162074987079,-0.25218401488118519)
 (-0.50223671003122305,-0.61629786056056557)
 (0.049059723520374354,-1.0458487079678467)
 (-0.52966172504026554,-0.29685187885787784)
 (-1.7099359830377678,-0.97894488894164766)
 (0.024877218080557817,-1.1395415636237747)
 (-0.61209114076678639,-0.043799115882898254)
 (-1.0805602765953592,1.8462686927775209)
 (-0.34290797948266361,-0.3855939880516237)
 (0.57758664605941268,0.8706459452844707)
 (-0.93433200058974586,-0.10877027262344041)
 (0.46625466499649604,0.99318070810338632)
 (-0.29405054579815687,0.34558745570461075)
 (-0.015933752807404833,-1.7040324740947481)
 (-0.73126906268977876,0.21526110555680689)
 (-0.60765780137151848,0.47403421865995032)
 (-0.29782871334618416,-0.32269426102413595)
 (0.25610382695182798,-0.10395541419034393)
 (-1.2491770944625302,0.17447242568016327)
 (-0.27456202818545178,0.066735883187317879)
 (-0.14168755526495858,0.41638480353852425)
 (1.5156200995305185,-0.68835646834252029)
 (0.078637410617537734,-0.016565531845606721)
 (0.24800200957566296,-0.50076845509381496)
 (0.37724233766690302,0.26458113473610662)
 (0.43405128684731992,0.57021437838123878)
 (-0.30315989006235744,-0.67381128598732198)
 (0.40901235447328765,-0.41207987961020187)
 (-0.12233890407705965,0.31963071750714639)
 (0.4660350538484721,0.20197105060035159)
 (1.3859627604731424,-0.24088254968421474)
 (-0.57512861092321432,0.5829758187745796)
 (-0.77685762901233191,0.36714862445906471)
 (-0.25828288866288851,0.01932322598921498)
