# Created by Octave 8.4.0, Thu Dec 11 09:47:21 2025 IST <gamana@Samsung>
# name: clean
# type: complex matrix
# rows: 2048
# columns: 1
 (0.31740784034326164,-0.95222352102978491)
 (0.31740784034326164,0.31740784034326164)
 (0.95222352102978491,-0.95222352102978491)
 (0.31740784034326164,-0.31740784034326164)
 (0.95222352102978491,-0.31740784034326164)
 (0.31740784034326164,-0.95222352102978491)
 (0.31740784034326164,-0.95222352102978491)
 (0.31740784034326164,0.95222352102978491)
 (0.95222352102978491,-0.95222352102978491)
 (0.31740784034326164,-0.31740784034326164)
 (0.95222352102978491,-0.95222352102978491)
 (0.31740784034326164,-0.31740784034326164)
 (-0.31740784034326164,-0.95222352102978491)
 (-0.95222352102978491,0.95222352102978491)
 (0.31740784034326164,0.95222352102978491)
 (0.95222352102978491,-0.31740784034326164)
 (-0.31740784034326164,-0.31740784034326164)
 (-0.31740784034326164,-0.95222352102978491)
 (0.31740784034326164,-0.31740784034326164)
 (-0.31740784034326164,-0.95222352102978491)
 (0.95222352102978491,0.31740784034326164)
 (0.95222352102978491,0.31740784034326164)
 (-0.95222352102978491,0.31740784034326164)
 (0.31740784034326164,-0.31740784034326164)
 (0.95222352102978491,0.31740784034326164)
 (-0.95222352102978491,0.31740784034326164)
 (0.31740784034326164,0.31740784034326164)
 (-0.31740784034326164,0.31740784034326164)
 (0.31740784034326164,-0.95222352102978491)
 (-0.95222352102978491,0.95222352102978491)
 (0.95222352102978491,0.31740784034326164)
 (0.31740784034326164,-0.31740784034326164)
 (0.31740784034326164,-0.31740784034326164)
 (0.95222352102978491,-0.95222352102978491)
 (0.95222352102978491,0.31740784034326164)
 (0.31740784034326164,0.31740784034326164)
 (-0.31740784034326164,0.31740784034326164)
 (0.31740784034326164,-0.31740784034326164)
 (-0.31740784034326164,-0.31740784034326164)
 (-0.31740784034326164,0.31740784034326164)
 (-0.95222352102978491,-0.31740784034326164)
 (0.95222352102978491,0.31740784034326164)
 (-0.31740784034326164,0.31740784034326164)
 (-0.95222352102978491,0.31740784034326164)
 (0.95222352102978491,0.31740784034326164)
 (-0.31740784034326164,-0.95222352102978491)
 (0.95222352102978491,0.31740784034326164)
 (0.31740784034326164,0.31740784034326164)
 (0.31740784034326164,-0.31740784034326164)
 (-0.95222352102978491,-0.95222352102978491)
 (-0.95222352102978491,-0.31740784034326164)
 (0.95222352102978491,0.95222352102978491)
 (0.31740784034326164,-0.31740784034326164)
 (0.31740784034326164,-0.31740784034326164)
 (0.31740784034326164,0.95222352102978491)
 (0.95222352102978491,0.31740784034326164)
 (0.31740784034326164,-0.31740784034326164)
 (0.31740784034326164,0.95222352102978491)
 (-0.95222352102978491,-0.31740784034326164)
 (0.95222352102978491,0.31740784034326164)
 (0.95222352102978491,-0.31740784034326164)
 (0.31740784034326164,-0.31740784034326164)
 (-0.31740784034326164,-0.31740784034326164)
 (0.95222352102978491,0.95222352102978491)
 (-0.31740784034326164,0.31740784034326164)
 (0.95222352102978491,-0.31740784034326164)
 (0.95222352102978491,0.31740784034326164)
 (0.31740784034326164,0.31740784034326164)
 (-0.31740784034326164,-0.95222352102978491)
 (-0.31740784034326164,-0.95222352102978491)
 (0.31740784034326164,0.31740784034326164)
 (-0.31740784034326164,-0.95222352102978491)
 (0.31740784034326164,0.31740784034326164)
 (-0.31740784034326164,0.95222352102978491)
 (-0.95222352102978491,-0.31740784034326164)
 (-0.31740784034326164,0.95222352102978491)
 (0.31740784034326164,0.95222352102978491)
 (0.95222352102978491,0.31740784034326164)
 (0.95222352102978491,0.95222352102978491)
 (0.95222352102978491,-0.31740784034326164)
 (0.31740784034326164,0.95222352102978491)
 (-0.95222352102978491,-0.31740784034326164)
 (0.95222352102978491,-0.31740784034326164)
 (-0.31740784034326164,0.31740784034326164)
 (0.95222352102978491,0.31740784034326164)
 (-0.95222352102978491,0.95222352102978491)
 (-0.95222352102978491,0.31740784034326164)
 (-0.95222352102978491,0.31740784034326164)
 (-0.95222352102978491,-0.31740784034326164)
 (-0.95222352102978491,-0.31740784034326164)
 (-0.95222352102978491,-0.95222352102978491)
 (-0.31740784034326164,0.95222352102978491)
 (0.95222352102978491,0.31740784034326164)
 (0.31740784034326164,0.95222352102978491)
 (0.31740784034326164,-0.95222352102978491)
 (0.95222352102978491,0.95222352102978491)
 (0.95222352102978491,0.31740784034326164)
 (0.31740784034326164,-0.31740784034326164)
 (-0.95222352102978491,0.31740784034326164)
 (0.31740784034326164,0.31740784034326164)
 (0.31740784034326164,0.95222352102978491)
 (-0.31740784034326164,0.31740784034326164)
 (-0.31740784034326164,-0.31740784034326164)
 (-0.31740784034326164,0.31740784034326164)
 (-0.31740784034326164,0.31740784034326164)
 (-0.31740784034326164,0.31740784034326164)
 (-0.95222352102978491,0.31740784034326164)
 (-0.95222352102978491,-0.31740784034326164)
 (0.95222352102978491,-0.31740784034326164)
 (0.95222352102978491,-0.95222352102978491)
 (-0.31740784034326164,-0.95222352102978491)
 (0.95222352102978491,0.31740784034326164)
 (-0.31740784034326164,0.31740784034326164)
 (-0.31740784034326164,0.95222352102978491)
 (0.95222352102978491,-0.95222352102978491)
 (0.31740784034326164,-0.31740784034326164)
 (-0.31740784034326164,0.31740784034326164)
 (-0.95222352102978491,0.95222352102978491)
 (-0.95222352102978491,-0.31740784034326164)
 (0.95222352102978491,0.31740784034326164)
 (0.95222352102978491,-0.95222352102978491)
 (0.95222352102978491,-0.95222352102978491)
 (-0.95222352102978491,-0.95222352102978491)
 (-0.95222352102978491,0.95222352102978491)
 (0.95222352102978491,-0.31740784034326164)
 (-0.31740784034326164,-0.31740784034326164)
 (0.95222352102978491,-0.31740784034326164)
 (-0.31740784034326164,-0.31740784034326164)
 (-0.95222352102978491,-0.95222352102978491)
 (-0.31740784034326164,0.31740784034326164)
 (0.31740784034326164,-0.95222352102978491)
 (-0.95222352102978491,-0.31740784034326164)
 (0.95222352102978491,0.31740784034326164)
 (0.95222352102978491,0.95222352102978491)
 (-0.95222352102978491,-0.95222352102978491)
 (0.31740784034326164,0.31740784034326164)
 (0.31740784034326164,0.31740784034326164)
 (-0.95222352102978491,0.31740784034326164)
 (-0.95222352102978491,0.31740784034326164)
 (-0.95222352102978491,0.95222352102978491)
 (-0.31740784034326164,0.31740784034326164)
 (0.31740784034326164,0.95222352102978491)
 (0.95222352102978491,-0.95222352102978491)
 (0.95222352102978491,0.31740784034326164)
 (0.31740784034326164,-0.31740784034326164)
 (0.31740784034326164,-0.95222352102978491)
 (-0.95222352102978491,0.95222352102978491)
 (0.31740784034326164,-0.95222352102978491)
 (-0.95222352102978491,-0.31740784034326164)
 (0.95222352102978491,0.95222352102978491)
 (0.95222352102978491,0.95222352102978491)
 (-0.95222352102978491,-0.31740784034326164)
 (-0.31740784034326164,0.31740784034326164)
 (-0.95222352102978491,0.31740784034326164)
 (0.95222352102978491,0.95222352102978491)
 (0.95222352102978491,0.31740784034326164)
 (-0.31740784034326164,0.95222352102978491)
 (0.31740784034326164,0.95222352102978491)
 (-0.31740784034326164,-0.95222352102978491)
 (-0.31740784034326164,-0.95222352102978491)
 (-0.31740784034326164,-0.31740784034326164)
 (0.31740784034326164,0.95222352102978491)
 (0.31740784034326164,-0.31740784034326164)
 (0.31740784034326164,-0.31740784034326164)
 (0.95222352102978491,0.31740784034326164)
 (0.31740784034326164,0.31740784034326164)
 (-0.31740784034326164,0.95222352102978491)
 (0.95222352102978491,-0.31740784034326164)
 (-0.95222352102978491,0.95222352102978491)
 (0.31740784034326164,0.95222352102978491)
 (0.95222352102978491,-0.31740784034326164)
 (-0.95222352102978491,-0.95222352102978491)
 (-0.31740784034326164,0.95222352102978491)
 (0.31740784034326164,0.31740784034326164)
 (0.95222352102978491,0.31740784034326164)
 (0.31740784034326164,-0.31740784034326164)
 (-0.31740784034326164,-0.95222352102978491)
 (-0.95222352102978491,-0.31740784034326164)
 (-0.31740784034326164,0.95222352102978491)
