# Created by Octave 8.4.0, Thu Dec 11 09:47:22 2025 IST <gamana@Samsung>
# name: rayl
# type: complex matrix
# rows: 2048
# columns: 1
 (-0.75631882444183351,0.43387036763884734)
 (0.094197754515705029,0.18703041381299759)
 (-0.99167371557914885,0.55024574553851568)
 (-0.99342305988411828,-0.70433099682996014)
 (-0.52949363403836447,0.14939976833074783)
 (-0.53942031624206033,0.021472673810841197)
 (0.76172304410085734,0.19980678321036749)
 (0.17531826991444033,0.42955611070066835)
 (0.44434502364959327,-0.41706458819155534)
 (-0.18830130790261113,0.65581431115560784)
 (-0.080467557119697247,-0.4746705880160067)
 (-0.55461497772499802,-0.080705763534873798)
 (0.40879658701454052,-0.49516124517065158)
 (0.28974776383666206,-0.11122069297903901)
 (0.13294235825964568,0.4848880505203505)
 (-0.56460797585138256,0.94323794907887182)
 (0.17558601448489364,-0.71061336410584042)
 (-0.77043967381118261,-1.8045594536449334)
 (-1.3259928220659392,1.144026742677362)
 (-0.41067697010787735,-0.83897640693416942)
 (0.16417974022649956,-0.038634809576032117)
 (0.26080628840213049,0.48117266263260483)
 (1.408064538114675,-0.51361767287391835)
 (0.51487390144278788,0.075126123257908753)
 (0.76308277211182163,0.67972429226491116)
 (0.082583335902759389,-0.61238823952457289)
 (-0.61056857467932402,-0.92576133813548189)
 (0.75450691409035719,-0.015165226911439206)
 (-0.20195283495190747,0.013439295601109666)
 (-0.72902686030253805,0.33783145869938758)
 (-0.45772114628374672,-0.42542795475511042)
 (-0.028244305531027969,0.88940382940455853)
 (-0.92157395852702717,-0.53837406608598992)
 (-0.016789964422862569,-0.63699838104528972)
 (-0.49266863364076352,0.093616291909237009)
 (0.98712059080859815,-0.19428828920108315)
 (-0.67928233273395555,0.42973482903580307)
 (0.74892760184498419,0.52023547484909927)
 (-0.93753098075615449,-1.2260403947013419)
 (-0.18909315391133513,0.35555222871312281)
 (0.24888177088678215,-0.25518092604291009)
 (0.36208182485367862,-0.31653897509991752)
 (-0.92717672564985709,-0.054335650431361793)
 (-0.044638249345849638,0.22591846741324079)
 (-0.47324091826329062,1.1785123923827847)
 (0.19330098880921959,-0.32902075129208858)
 (0.4906043833050141,-0.078025012634149848)
 (0.02299089458404624,-0.23796072513350114)
 (0.054935321605649831,0.22269162640268864)
 (-1.7485684511461008,-1.0361957404201054)
 (1.5294774205989108,-0.079876155915166724)
 (2.1047592981669125,2.1154411639419224)
 (-0.36354311772318743,-0.35809793224351633)
 (-0.66568558427997315,0.844463117133601)
 (0.089237676087640452,0.17759280022248691)
 (0.12691658973863806,1.540847160895138)
 (1.6684444287984308,0.78799216063842947)
 (-0.31349442560970731,-0.62954172015382182)
 (-0.15917097287426404,-0.35479159309729524)
 (-0.33037298112057889,0.084981882363469319)
 (-0.32463217812725248,-0.041526942020920499)
 (1.1489455196399454,1.1576487677652301)
 (0.70212413080869462,0.145368115664953)
 (1.4458990373943603,0.63011531073820515)
 (-0.58251367079843108,-0.25852060632976531)
 (0.59813079082207188,-0.9246067920258968)
 (-0.50727002698391166,0.73631536451738455)
 (0.26976557242929555,0.24364625158548725)
 (-0.33401599543089477,0.56793524710088594)
 (0.44007953476527212,0.34017640413331085)
 (-0.59655255029418519,-0.74308461256754399)
 (0.532107759434853,0.3868391551706119)
 (-0.46142225925227609,0.054308482252811124)
 (-1.6703172442369774,-0.53703056247705994)
 (0.14764237318522683,0.26553107869873643)
 (0.35652642923003347,0.19575829028839603)
 (1.6147111976051503,0.85594778231335378)
 (0.12213579320993362,0.72808878027229018)
 (0.29557236903976614,-0.030668662730886448)
 (0.13130001903619321,0.30522366331690159)
 (-0.31152681085944356,-0.33571361171542891)
 (0.39332906095587733,0.57741742664040063)
 (0.36188011341308346,0.025549197071025265)
 (1.8023272874739651,0.22120777622515642)
 (-0.8183225966975165,1.0656047039956649)
 (1.053860293159008,2.2958313971694215)
 (-0.51221683183635469,0.74402084490541365)
 (-0.82004480186751383,0.061326570918514484)
 (0.34185985195830704,1.4217304909008934)
 (1.2982511545239983,-0.35721376302269114)
 (-0.59952652413265017,-0.50335839285816197)
 (0.64665353876171738,-1.2175743244304615)
 (-0.59234734952236689,-0.64906593522073897)
 (-1.0561079811151253,-0.60842275545089242)
 (-0.14829868077264466,-0.16920773440801171)
 (-0.069343412519109138,-1.0175118095633888)
 (0.3100236506245167,0.22118405203253597)
 (-0.49751975087027289,0.65085289918423272)
 (1.4059327819424419,1.4658963002648138)
 (0.14277178383317196,0.81160149412725646)
 (0.1919636657990067,-0.26238678918690611)
 (-0.023306368045120762,1.0043985576915804)
 (-0.045164639192297351,-1.5073528747662115)
 (-0.28051499367392885,-0.11353095287090108)
 (-0.031799638203622499,-0.43740435907146574)
 (0.075982248972440047,0.92461551372139195)
 (0.36488996018886305,0.37017333512775935)
 (-0.96904073749864827,-1.343456421396666)
 (0.17902039528061223,0.15211767305696053)
 (-0.057696440448067876,-0.47496079070254349)
 (0.19679700917177698,-0.69103359916672058)
 (0.60457426353296007,0.13850861770362008)
 (0.31376553541327806,0.12780397160824636)
 (0.18189665873228208,0.3379948074227942)
 (-0.17356711237051953,0.2565435624321209)
 (-0.56492256649649453,-0.25143498861301161)
 (-0.15348092552669104,-0.49950294175154941)
 (0.17218273964381062,-0.39428009010695325)
 (-0.37093893347652451,-2.5897315316008322)
 (-0.12205626221273524,0.47331413743399009)
 (-0.72614118039762277,1.6094304466000409)
 (-0.57527310106809681,-0.53719920687178147)
 (0.40599627399529004,-0.37710973638222145)
 (-0.0096276784955330874,0.95404627997283442)
 (0.63735495218928617,0.485205936968088)
 (0.51163330939790663,-0.30273763094755218)
 (-0.29663171879520711,-0.21177718996370221)
 (-1.74026853356704,0.36696344794290403)
 (0.40987168235594817,0.28560044141514629)
 (-0.79532536926294661,-1.3701893089735662)
 (-0.47610424425905701,-1.2648227759234796)
 (-0.0011847569421563342,-0.31647303244235148)
 (-0.18988976529234705,-0.72803649716228014)
 (-0.4736659355137931,-0.19852064830250449)
 (-0.19301749502747828,0.78178832155036404)
 (-0.1473226601407614,-1.0037302447941721)
 (1.2492500808526426,0.76790145862544013)
 (-0.79429182203281745,1.4662159428835873)
 (-0.094265895486526946,0.21419894866313458)
 (-0.56103949814493492,0.16979698928451639)
 (-0.40785227783811689,0.41282138667380613)
 (-0.50127310429602612,2.0452262418538885)
 (2.1008706836316153,1.3329372622312268)
 (0.0365791124590144,-0.16087924584002031)
 (-0.6854951354426575,-0.10811571322751994)
 (-1.0572540260562391,-0.94229763225760421)
 (0.25821406973748484,0.27676162482217803)
 (-0.5136885972136902,-1.4634102151464938)
 (-0.74964909897676579,-0.28351691484399433)
 (-0.07925181328075738,-0.23567656565894188)
 (0.57449492456086348,1.0486225240431795)
 (0.30468283191408424,-0.040080391470613486)
 (-0.0053358249491417542,0.4782520492549065)
 (0.10770388258285465,-0.22709781915981306)
 (0.82546880044528814,0.6688110453351146)
 (0.44576630382567772,0.56287757656273096)
 (-2.1053788508023006,0.25135218414726546)
 (1.1634236987254232,-0.23214524359577071)
 (0.038250482957858802,-0.075491645850078892)
 (0.7983633664451677,0.2770374938769895)
 (0.28690690299909016,-0.1019073868279696)
 (-0.34390689730393065,1.6003158560263708)
 (-0.1391592022569848,-0.93715780058112197)
 (0.4007228405328076,0.35906823768369589)
 (0.39577335149439663,0.69723894161491229)
 (0.33287669147521404,0.88775690295412124)
 (0.15625670307112094,-0.49233963231181455)
 (0.048568044322756715,0.73809686406968944)
 (-0.7675650941708041,0.5871984482714081)
 (-1.0676850320191826,1.6960190346331678)
 (-1.6525042628633679,-0.44576517292374007)
 (-0.39159190921059484,1.6322637901382322)
 (-0.077062813083097259,-0.52082394750100536)
 (0.61245775903945998,1.1330522053970828)
 (-0.89433543580171004,-0.69511388630742754)
 (0.20900062289652843,0.19995864165801908)
 (0.47915274255817941,-0.67297905432451677)
 (-1.0839638992550684,-1.2320389793832278)
 (0.22164942357711512,-0.20505205233992035)
 (0.027795738145141802,0.85361700974923183)
