# Created by Octave 8.4.0, Thu Dec 11 09:47:21 2025 IST <gamana@Samsung>
# name: clean
# type: complex matrix
# rows: 2048
# columns: 1
 (-0.95466874101087607,-0.95466874101087607)
 (0.31822291367029198,0.31822291367029198)
 (0.31822291367029198,-0.31822291367029198)
 (0.31822291367029198,-0.95466874101087607)
 (-0.31822291367029198,0.31822291367029198)
 (-0.95466874101087607,0.95466874101087607)
 (0.95466874101087607,0.95466874101087607)
 (-0.31822291367029198,-0.95466874101087607)
 (-0.95466874101087607,0.31822291367029198)
 (-0.95466874101087607,0.95466874101087607)
 (-0.31822291367029198,-0.95466874101087607)
 (-0.95466874101087607,0.31822291367029198)
 (-0.95466874101087607,0.31822291367029198)
 (-0.95466874101087607,-0.31822291367029198)
 (-0.95466874101087607,0.95466874101087607)
 (0.95466874101087607,0.95466874101087607)
 (-0.31822291367029198,0.95466874101087607)
 (-0.95466874101087607,0.31822291367029198)
 (-0.95466874101087607,0.31822291367029198)
 (-0.95466874101087607,-0.31822291367029198)
 (0.31822291367029198,0.95466874101087607)
 (0.31822291367029198,-0.31822291367029198)
 (-0.31822291367029198,-0.95466874101087607)
 (0.95466874101087607,0.31822291367029198)
 (0.31822291367029198,0.31822291367029198)
 (-0.31822291367029198,0.95466874101087607)
 (-0.95466874101087607,-0.31822291367029198)
 (0.95466874101087607,0.31822291367029198)
 (-0.31822291367029198,-0.95466874101087607)
 (-0.31822291367029198,-0.95466874101087607)
 (-0.31822291367029198,-0.95466874101087607)
 (-0.31822291367029198,0.95466874101087607)
 (0.95466874101087607,0.95466874101087607)
 (-0.31822291367029198,0.95466874101087607)
 (-0.95466874101087607,-0.31822291367029198)
 (0.31822291367029198,-0.95466874101087607)
 (0.31822291367029198,-0.31822291367029198)
 (-0.31822291367029198,-0.31822291367029198)
 (-0.95466874101087607,-0.95466874101087607)
 (0.95466874101087607,0.95466874101087607)
 (0.95466874101087607,-0.95466874101087607)
 (-0.95466874101087607,-0.95466874101087607)
 (0.31822291367029198,0.95466874101087607)
 (0.31822291367029198,-0.95466874101087607)
 (-0.31822291367029198,0.95466874101087607)
 (-0.95466874101087607,-0.31822291367029198)
 (-0.95466874101087607,-0.31822291367029198)
 (-0.31822291367029198,-0.95466874101087607)
 (0.31822291367029198,0.95466874101087607)
 (0.31822291367029198,0.31822291367029198)
 (-0.95466874101087607,-0.95466874101087607)
 (0.95466874101087607,0.95466874101087607)
 (-0.31822291367029198,0.31822291367029198)
 (0.95466874101087607,0.31822291367029198)
 (-0.95466874101087607,0.31822291367029198)
 (-0.95466874101087607,0.95466874101087607)
 (-0.31822291367029198,-0.31822291367029198)
 (-0.95466874101087607,-0.31822291367029198)
 (0.31822291367029198,0.95466874101087607)
 (0.95466874101087607,-0.31822291367029198)
 (-0.95466874101087607,0.31822291367029198)
 (-0.31822291367029198,0.95466874101087607)
 (-0.31822291367029198,0.95466874101087607)
 (-0.95466874101087607,-0.95466874101087607)
 (0.95466874101087607,0.95466874101087607)
 (-0.95466874101087607,-0.31822291367029198)
 (0.31822291367029198,0.95466874101087607)
 (-0.95466874101087607,-0.95466874101087607)
 (-0.95466874101087607,0.31822291367029198)
 (-0.31822291367029198,-0.31822291367029198)
 (-0.31822291367029198,0.31822291367029198)
 (-0.31822291367029198,-0.31822291367029198)
 (-0.95466874101087607,0.95466874101087607)
 (-0.95466874101087607,0.95466874101087607)
 (-0.95466874101087607,0.95466874101087607)
 (-0.31822291367029198,-0.31822291367029198)
 (0.31822291367029198,-0.31822291367029198)
 (0.31822291367029198,0.95466874101087607)
 (0.31822291367029198,0.95466874101087607)
 (0.95466874101087607,0.31822291367029198)
 (-0.95466874101087607,-0.95466874101087607)
 (-0.31822291367029198,0.31822291367029198)
 (-0.95466874101087607,0.31822291367029198)
 (0.95466874101087607,-0.31822291367029198)
 (0.95466874101087607,0.31822291367029198)
 (-0.95466874101087607,-0.95466874101087607)
 (0.31822291367029198,-0.95466874101087607)
 (0.31822291367029198,0.95466874101087607)
 (0.95466874101087607,0.95466874101087607)
 (-0.95466874101087607,-0.95466874101087607)
 (0.31822291367029198,0.95466874101087607)
 (-0.31822291367029198,0.95466874101087607)
 (0.31822291367029198,0.31822291367029198)
 (0.31822291367029198,0.31822291367029198)
 (-0.31822291367029198,0.31822291367029198)
 (-0.95466874101087607,0.31822291367029198)
 (0.95466874101087607,0.31822291367029198)
 (0.95466874101087607,0.95466874101087607)
 (-0.95466874101087607,-0.31822291367029198)
 (0.31822291367029198,-0.95466874101087607)
 (-0.31822291367029198,0.95466874101087607)
 (-0.31822291367029198,-0.95466874101087607)
 (-0.95466874101087607,-0.31822291367029198)
 (-0.95466874101087607,0.31822291367029198)
 (-0.31822291367029198,0.95466874101087607)
 (-0.31822291367029198,-0.95466874101087607)
 (-0.31822291367029198,0.95466874101087607)
 (-0.31822291367029198,0.31822291367029198)
 (-0.95466874101087607,0.31822291367029198)
 (0.31822291367029198,0.95466874101087607)
 (-0.31822291367029198,-0.95466874101087607)
 (-0.31822291367029198,-0.31822291367029198)
 (-0.95466874101087607,-0.31822291367029198)
 (0.95466874101087607,0.31822291367029198)
 (-0.95466874101087607,0.31822291367029198)
 (-0.95466874101087607,-0.95466874101087607)
 (-0.95466874101087607,-0.31822291367029198)
 (0.95466874101087607,-0.31822291367029198)
 (0.95466874101087607,0.95466874101087607)
 (-0.95466874101087607,0.31822291367029198)
 (-0.95466874101087607,0.95466874101087607)
 (0.31822291367029198,-0.31822291367029198)
 (0.31822291367029198,0.31822291367029198)
 (0.31822291367029198,-0.31822291367029198)
 (-0.31822291367029198,0.95466874101087607)
 (-0.31822291367029198,0.31822291367029198)
 (0.95466874101087607,-0.95466874101087607)
 (0.95466874101087607,0.31822291367029198)
 (-0.95466874101087607,0.31822291367029198)
 (0.95466874101087607,0.31822291367029198)
 (0.95466874101087607,0.31822291367029198)
 (-0.95466874101087607,0.31822291367029198)
 (0.95466874101087607,-0.95466874101087607)
 (-0.31822291367029198,-0.95466874101087607)
 (0.95466874101087607,-0.31822291367029198)
 (-0.31822291367029198,-0.31822291367029198)
 (-0.31822291367029198,0.95466874101087607)
 (0.95466874101087607,0.31822291367029198)
 (0.95466874101087607,-0.95466874101087607)
 (0.31822291367029198,0.31822291367029198)
 (-0.31822291367029198,0.31822291367029198)
 (-0.31822291367029198,-0.95466874101087607)
 (-0.95466874101087607,0.31822291367029198)
 (0.31822291367029198,-0.95466874101087607)
 (-0.31822291367029198,-0.95466874101087607)
 (0.31822291367029198,-0.95466874101087607)
 (-0.95466874101087607,-0.31822291367029198)
 (-0.31822291367029198,0.31822291367029198)
 (-0.95466874101087607,-0.95466874101087607)
 (-0.95466874101087607,0.95466874101087607)
 (-0.31822291367029198,-0.95466874101087607)
 (0.31822291367029198,-0.31822291367029198)
 (-0.95466874101087607,0.95466874101087607)
 (-0.95466874101087607,-0.95466874101087607)
 (-0.31822291367029198,-0.31822291367029198)
 (0.31822291367029198,-0.95466874101087607)
 (-0.95466874101087607,0.31822291367029198)
 (-0.95466874101087607,0.31822291367029198)
 (0.95466874101087607,0.31822291367029198)
 (0.31822291367029198,-0.95466874101087607)
 (0.95466874101087607,-0.31822291367029198)
 (0.31822291367029198,0.95466874101087607)
 (0.95466874101087607,0.95466874101087607)
 (-0.95466874101087607,0.95466874101087607)
 (0.95466874101087607,-0.95466874101087607)
 (-0.95466874101087607,-0.31822291367029198)
 (0.31822291367029198,0.95466874101087607)
 (0.95466874101087607,0.31822291367029198)
 (0.31822291367029198,-0.95466874101087607)
 (0.95466874101087607,-0.31822291367029198)
 (0.31822291367029198,-0.95466874101087607)
 (0.31822291367029198,-0.95466874101087607)
 (0.31822291367029198,0.31822291367029198)
 (-0.31822291367029198,-0.95466874101087607)
 (0.95466874101087607,0.31822291367029198)
 (-0.95466874101087607,-0.31822291367029198)
 (-0.31822291367029198,0.95466874101087607)
 (0.95466874101087607,0.31822291367029198)
