# Created by Octave 8.4.0, Thu Dec 11 09:47:22 2025 IST <gamana@Samsung>
# name: rayl
# type: complex matrix
# rows: 2048
# columns: 1
 (-1.2815185716099831,-1.0265450298100118)
 (-0.096821533481955269,1.007053563071953)
 (0.97467624724922353,0.29944853065560229)
 (-0.7685339200690724,0.24327133024651187)
 (0.24950121306918221,-1.0145462583025782)
 (-0.78055872892774403,-1.8791519504801579)
 (-0.12565631043903777,0.18442050402566199)
 (-0.33693812499003345,0.71482575705938789)
 (-1.3480378890499158,-1.4276141108382934)
 (1.587179328300937,-0.46351052111461577)
 (0.31594058424608362,-0.37775548051359076)
 (-0.1737362481502534,0.16216320595773082)
 (-0.10671074224297686,-0.35110482771056339)
 (-0.12422728040300454,-0.22479504033643496)
 (-0.62980636912298971,-0.88856350846637711)
 (-0.081225620679158839,-0.91063714488334369)
 (0.13978729025920594,-0.30118109192731068)
 (-0.12261361010918216,-0.2286982997613351)
 (0.15168789389969692,-0.66874871819766257)
 (0.70543016407525805,1.4347782782145497)
 (-0.24873548428904943,-0.24632383303826469)
 (0.85858070651075968,-1.4380946463956383)
 (0.17754792464263985,0.00040768673181720838)
 (0.26507420435735263,0.43161712648792139)
 (-1.2391818583139289,1.1410041052800552)
 (-0.42789269380006012,-0.038414572601107227)
 (0.21873118294154353,0.67195877347172961)
 (0.64154806900227768,-0.98307669168654499)
 (-0.54252567109448169,0.08955961364742196)
 (0.19308371265423102,-0.14681764562538457)
 (0.47731031366998894,-0.62560588102924186)
 (0.018659879926616663,-0.64058548140354188)
 (-0.24146089082672056,0.0029838631792142439)
 (-0.12884661269126504,0.13895528652671005)
 (0.8748426495425512,0.96493790193005069)
 (-0.014761168273489729,-0.18968383811104761)
 (-0.1725346375288965,-0.55355801749430256)
 (1.2511619474622244,0.30192900687158553)
 (-1.2153811477069842,0.090653380408948991)
 (0.76067569896854359,-0.28473685588126807)
 (-1.2574048967040319,1.0130294689879957)
 (0.13828548914000782,2.4391771091907444)
 (-0.085249570788893003,0.001597767057090211)
 (1.4650562681879828,-1.108168253977891)
 (0.28881957937523073,0.0066306598386712545)
 (0.68897322742479084,-0.11636877232148413)
 (0.13335679982507084,-0.48293096063934549)
 (-0.35625538687784453,0.30912812000507051)
 (1.3590754106680081,0.7075480209288163)
 (0.9263939835668874,-1.0745775076010562)
 (-0.65358559922750015,-0.51453285308901353)
 (-0.12817584515548763,0.86445805498963724)
 (-0.20788098160433469,-0.20913199874879837)
 (-0.27369351672040576,1.0731617062209209)
 (0.30705012840079399,-0.28690398291128644)
 (-1.6789897495392503,-0.27233678455882726)
 (-0.77026086948031636,-1.3018798176830242)
 (-0.49622316935110494,-0.17641602626075997)
 (0.54569649192581471,0.14673235903146042)
 (0.26071329166063939,0.12166416227338105)
 (-0.19254787985108252,1.0790971401038723)
 (-0.77345731595575151,-1.0743828875938963)
 (-0.3317694430426209,-0.35238068777509263)
 (2.0859537406929785,0.86638135826833729)
 (-1.0106572898943571,0.68916065185765918)
 (-1.7445627137033999,-0.63848250153134445)
 (0.034902741361150541,0.31866016946926279)
 (-0.0041540377319471689,-0.5379725427868669)
 (-0.22907433316398856,1.3730133303210659)
 (-1.3047341526457115,1.2886496606485123)
 (0.4597028826336354,-0.095972066946422963)
 (0.18142330479029006,-0.0051117999098187067)
 (-0.23930195891999256,0.1632673011148621)
 (-0.28724894361369913,-0.10226112119277329)
 (-0.39620015042944789,-0.16484649320738939)
 (0.57026846124712915,-0.37946824749092145)
 (-0.10097403284463785,0.26428300996280718)
 (-0.84259182834178592,0.56469696430108907)
 (-0.54935135184244266,-0.90805753073989015)
 (0.020232392637961848,0.032967000940625046)
 (-1.3134185139803189,-0.86831752331126399)
 (-0.68332842428827312,-0.29145101116398198)
 (1.2390542591792082,1.7393323055834147)
 (-0.45633146011056813,-1.1396212149303651)
 (0.11638130687069265,-1.6890810552460971)
 (0.17672331225967991,-0.40034778230668727)
 (0.13617457645194414,0.042042374319012595)
 (0.2852454961586714,0.43149727396504578)
 (0.87131513675839456,-0.036154679535867151)
 (-0.041369399088298675,0.56290485868934192)
 (-1.4761292095922334,1.8555071885096883)
 (0.99440744988875762,0.68307083114766409)
 (-0.24871704574181996,-0.15049033931024103)
 (-0.59064695135975809,0.68013537081010644)
 (0.22879050978609813,-0.031191875449312761)
 (0.46371499870363475,-0.18115940614001624)
 (0.21809010394379635,-0.28101145509050346)
 (0.69225731864072237,0.19173873264101554)
 (0.29541698596352373,-0.16797850353154301)
 (0.11064747945421957,-0.68522738347252587)
 (2.1298705369535842,1.1261684704504948)
 (0.38536478221403414,0.83538286484689384)
 (-0.4554877487228588,-0.1247165664342558)
 (-1.3382924440163091,0.69954513640264959)
 (0.60713761477022432,-0.70790845319511775)
 (-0.2985163879421403,0.58918241855697129)
 (-0.20677171469035091,-0.7460376771125059)
 (0.07369567771440054,-0.071914040470044197)
 (-0.27590829729756933,-0.79759326260687391)
 (0.15936600629059339,1.3364685893962349)
 (-0.66330319339313859,-0.93569295141382813)
 (0.30136462574087719,-0.24492312519538151)
 (-0.54980011589560918,0.14093010647340082)
 (0.24249214004594066,-0.26335135358833001)
 (-0.57158103638200997,-0.8510136431745603)
 (-0.19847891269158291,-0.12285303558835554)
 (0.063178591730025518,0.27440363297316761)
 (0.55016661358947216,2.3090242069219422)
 (-0.070197832496711438,0.058577633249925772)
 (0.19224976554801504,-0.33256542229413233)
 (-0.46147414218280691,-0.39595326677291787)
 (-0.11777123486729887,0.26046055692698833)
 (0.26357506619717991,-0.54872915454906623)
 (-0.40195688085922254,-0.1462830225070581)
 (-0.204156598892826,0.29603347679675807)
 (-0.34299656341059492,-0.79740234776550878)
 (-1.2500565937754686,1.1542176881702959)
 (0.22439123092249424,0.65390866148719473)
 (-0.30260963829137,0.23913941110322723)
 (-1.1247079519465004,0.91853259926681807)
 (-0.34899340363328346,-2.0584724221095736)
 (-0.91789657076362985,1.3026715028091567)
 (0.54687938068951636,-0.9658434590135182)
 (0.19712153275784394,-0.11197802553665992)
 (0.80948425679859837,-0.32439225367816416)
 (-0.51373997783231684,-0.54396592198243199)
 (0.19725711862575207,0.20298820061057588)
 (-0.55245404049947344,-0.26668235199621648)
 (0.49013744554426136,-1.4721840041431231)
 (-1.0080943688737243,-0.38524572711476329)
 (-0.13661875928819645,0.21197802817113798)
 (-0.61779377353613874,-0.58127867993467441)
 (0.18964632291685599,0.16181833868135462)
 (-0.14347196490702321,0.11309862218809449)
 (1.6488986114293529,0.25827701083437682)
 (0.64845542133210754,1.8539528969328161)
 (-0.5886469495103781,-1.6575619781282396)
 (-0.13166627050472263,-0.26224985992180244)
 (0.51004024377603663,0.086493526308465435)
 (-0.20167239191432493,-0.096343439638644363)
 (0.77419938950066891,0.15241903070192886)
 (0.07816656155753271,-0.76100969180773825)
 (0.54809184002544231,0.11521232895331826)
 (0.2354062655869516,-0.0071056143025711449)
 (0.66016865801640767,0.10767982258429318)
 (-1.3649751515219721,-1.4109418178491984)
 (-0.079978804178849783,0.091307706166908864)
 (0.29080996145305277,0.31547424854035622)
 (-0.39478892649618491,-0.076299125595695988)
 (-0.29315601487853377,-0.59559421390822753)
 (0.53109781837359038,-0.34888842254056107)
 (-0.56896894962390177,-0.18828393142923366)
 (1.5897437900440314,0.021562857772267019)
 (-1.0593532029951573,0.22785259693820994)
 (0.25835480318184117,0.092292493823261323)
 (0.13868020615988796,-1.1817909440543368)
 (1.2482771272801207,0.18620651627115004)
 (-0.61593571953298942,0.52338893422515964)
 (-0.27705287093968534,-0.25416162378553031)
 (0.21360584708838976,-0.04750584183069155)
 (-1.829167922767611,-1.2438622118069238)
 (-0.17064230292510274,-0.10623401673951982)
 (-1.3357779752748107,-0.035993000670314024)
 (-0.11526145969832181,-0.25424061260885189)
 (-0.37448606432133924,0.027364568246430826)
 (-0.76636109706970568,-0.060824490459283648)
 (-0.13308923359247138,-0.18495546154386022)
 (0.27673832002897258,-0.29950576386566791)
 (0.14095956260540299,-1.0906222643811807)
