# Created by Octave 8.4.0, Thu Dec 11 09:47:22 2025 IST <gamana@Samsung>
# name: awgn20
# type: complex matrix
# rows: 2048
# columns: 1
 (-0.87802364388596532,0.94399306773766967)
 (0.33848293738765928,0.86760145216125595)
 (0.31739696100437176,-1.0120452591618752)
 (0.78172534930690074,0.92698440630447942)
 (-0.87582175162351694,0.29201261459517058)
 (-0.36951343162565475,-0.33537802613821999)
 (-0.34694247703859682,0.87656848431997658)
 (-0.95853052310024633,-0.34049445345501939)
 (-0.25419861527191445,-0.3668714751878881)
 (-0.87505810367179337,0.89719967308301729)
 (1.0865937315643837,0.31207440583349733)
 (0.43131545939233101,-0.29184631705931513)
 (0.19661952458142942,-0.93100185039295491)
 (0.15734999565209634,-0.34688680811653194)
 (-0.1435428363844275,0.26150261763957822)
 (-0.90657737253836912,-0.92325733738592419)
 (0.31206405500591972,0.9052402435618041)
 (0.84506809744314315,0.9710757663449906)
 (-0.95853556977345322,0.3496466037583526)
 (-0.9226562338542611,-0.91874438851102558)
 (-0.41810261616342898,-0.27169221737181593)
 (-1.1109215551881479,0.9580625261694965)
 (-0.33005879416892137,-0.21470868664175352)
 (-0.89575506783668024,1.0353214399797901)
 (0.89587977144118491,-0.93672035717562641)
 (-0.24444755630218518,0.33576671311373452)
 (0.9306780444617081,-0.31757038661293868)
 (0.30939067335678805,-0.97269936628440246)
 (-0.25951563539920286,-0.26284042028569504)
 (-0.38255879878016108,0.96282436848527109)
 (0.96742026550586446,-1.0143462810704607)
 (-0.99035662688108439,0.30729045952125317)
 (-0.44758729430103689,-1.0234529373099446)
 (0.93567775303002976,-0.96782700077210615)
 (-0.24150630550599395,-0.31626483436630026)
 (1.0643552698813001,1.0278324693713572)
 (0.90899592972027965,1.0222791269386282)
 (-0.35343886993171064,1.0511781296404326)
 (0.29674107816648915,0.43164884386743346)
 (0.30889915600117324,1.1636347272228857)
 (-0.87481553186106242,0.99301691006050508)
 (-0.30802015026053292,0.25439306123351862)
 (-1.0460561013473213,-0.92747979060760521)
 (-0.27101859542948775,0.93619720748750013)
 (-0.94012874990919226,0.25920679117706619)
 (-0.26149057039235196,-0.31907043511958566)
 (0.31592466716446826,-0.17671007595345209)
 (0.98170434718152411,-0.78883054988385137)
 (-0.29696921456408171,0.32677291299754407)
 (-0.26008270732777017,-0.86897947555636457)
 (0.31795275702685782,-0.97258851998868701)
 (0.84190905562829643,0.41912179311754733)
 (-0.19972049054365587,0.27371847993863108)
 (-0.33795801703599332,-0.27527942552327572)
 (-0.25885483702636591,0.96269715324282368)
 (0.96142878288471678,-0.36647933918546716)
 (0.85997476750646928,-0.23540832097785469)
 (-0.94219433016981546,0.43350101656172468)
 (-0.3165854747463458,-0.34009026492418093)
 (0.31733824199444011,-0.2758846758456992)
 (-0.2863062362124989,0.95085297912830302)
 (-0.99018003690364198,0.33364861599405038)
 (-0.28114110183962132,0.91343377335778309)
 (-0.34609213273270906,-0.91971877983228068)
 (0.37828883725254248,0.95095582523078248)
 (-1.0125990790272965,-0.77744162078056056)
 (-0.27292850803221913,-0.93167487285287698)
 (-0.22263571182500597,0.4218400629847619)
 (-0.90313362349333914,0.34837835058176175)
 (0.82603770150598976,-1.1115513444470893)
 (0.42367672892829389,-0.31357473133594793)
 (-0.27287970549680762,-0.2618303491559083)
 (0.98801250180036937,-0.36697876985626265)
 (0.89018720101071636,0.98221040462708697)
 (0.9720404368517862,1.0412907894812398)
 (-0.29648497154318099,-0.3069550116076229)
 (0.24500713156790194,-0.9399086404603243)
 (0.80244733362645904,0.97073260288472707)
 (-1.0264508723829124,0.23905593765295724)
 (-0.33894119097188818,0.42769699715350495)
 (-0.2607117483510113,-0.94235251667624798)
 (-0.97467502835290698,0.16522295012971003)
 (0.35093729325029149,-0.81315183626424348)
 (0.39157081530857407,0.25597239253478088)
 (0.88579925022380035,-0.33616554125849546)
 (-1.1000912627848107,0.89170164605068258)
 (0.96097323453526884,0.7986327029438246)
 (-0.93203728625308402,-0.31580037688244117)
 (-0.93267925804334295,0.40220453114110044)
 (0.9292903333802558,0.34636966392019769)
 (1.1068173114122632,-0.30818743052660658)
 (0.39143385244972451,0.36633315665143579)
 (-0.86092922741480327,-0.34606475930179387)
 (0.40368746922566079,-1.0947391763576035)
 (-0.97850070748357487,0.88814788131032718)
 (0.34407759901606311,-0.98442370694241921)
 (-0.9890545192080995,-0.9481960346416759)
 (0.31906366049473889,0.33360717942528517)
 (1.0178432815166552,0.32948801009113882)
 (0.41317346098505175,0.33117144691128719)
 (-0.94829572956470576,-0.31431036706366849)
 (-0.96355021351904102,-1.0048773422482495)
 (-0.29162375839072036,0.39003748409376515)
 (0.85124891717372231,1.0058163265394053)
 (0.86643552008276381,0.26015674162230751)
 (-0.26774041449632274,0.91136775402990378)
 (1.0605955307187398,0.37136730556733394)
 (0.34002072434068303,-1.0065256142914158)
 (-0.30046225202884608,0.91203534280050091)
 (-0.23253832143784775,-0.33120979258225541)
 (-0.95924843782912805,-0.25330979093130246)
 (-0.90303203103335472,0.89927100228878876)
 (0.35911647360587162,0.34408174457837842)
 (-0.30924318194812483,-0.89225693469668987)
 (0.23881456491591102,0.2873214669819511)
 (-0.3887829661201091,-0.89118336701355372)
 (0.35067764592360634,0.23141504752848105)
 (0.18069307375707999,-0.22363020904114156)
 (-0.33838075135028794,-0.29548742202385164)
 (0.98740780411900553,0.86874923649113078)
 (0.24595648219097824,0.38810845967504326)
 (-0.35544454578140044,1.0136514714272538)
 (-0.37021590064560927,-0.35155964250649047)
 (-0.93815074316345304,0.88832506593980498)
 (-0.20779463875241566,-0.97638034643997584)
 (-0.90594234587305478,-0.94805920995223014)
 (0.23897996146064965,0.21415769648852212)
 (1.0408609745529853,-1.12227309771355)
 (0.88879611873696118,-0.86843249373915243)
 (0.92388472175893521,-0.92577469383434818)
 (-1.0259873715643451,0.33808274221656431)
 (-0.95616940064674172,-0.35890676267491012)
 (-0.98613525104031363,0.40080850876900309)
 (0.93200691739929253,-0.2673810322196436)
 (-0.251416880971914,-0.33062071162630763)
 (0.25832544108136646,0.19670139854602697)
 (0.37684266812680889,-0.77018056159517712)
 (0.86779987236540335,-0.29013325485661018)
 (0.35105766633282626,-0.95403742111768497)
 (0.37770347989612746,-0.89306728288005122)
 (0.87450856436803559,-0.32165765342176789)
 (-0.91912426818820558,0.38232784252742713)
 (0.98354570652675866,-0.30685278561393664)
 (0.25243798001085399,1.0085787798671129)
 (-0.91998801604906344,0.30819396744245048)
 (0.98222666199638697,0.79978123526710654)
 (-0.45842508270543569,-0.33131443567848934)
 (-0.79305976756249552,0.89290397677196098)
 (0.3303413417584089,0.98743843286081689)
 (-0.8586094426458013,0.38993440933566614)
 (0.28674896159053681,-0.33402575606112767)
 (0.40675079568989991,0.91528857355267168)
 (-0.99519633707125055,0.40159773023187145)
 (0.4432403669520798,0.96372514676446619)
 (0.37296444344635499,0.93101754985180607)
 (-0.30238606028678894,0.37018050518822743)
 (0.83858734465567786,-0.94189952591995363)
 (-0.94647309687026149,-0.96509814704668773)
 (-0.78388065121403394,0.33136721599823032)
 (0.28369509710658364,-1.0296157735268192)
 (-0.25515146317321524,0.36267653819997869)
 (-0.94100637076063109,-0.2933981173653693)
 (-0.18096920670172773,0.26988158643776516)
 (1.1072177237278829,0.3065474087043269)
 (0.17710570492166755,1.0040755137655841)
 (-0.92932921080960729,0.27205722274250244)
 (-1.0499353862880287,0.39465005903551897)
 (0.92291415088904594,0.39601692502237268)
 (0.93958206398426181,0.80410175627109448)
 (-1.001240281472449,0.28074007403233026)
 (-0.33968323108690213,-0.34523745919724924)
 (0.29130908493143054,0.28912857697567268)
 (0.27380649947818847,-0.95706377818211175)
 (-0.30035545504805222,0.30109927939560632)
 (-1.0298561603426963,0.88790099841374059)
 (0.37506936894580045,0.29868963558139933)
 (0.24048440672458832,0.98296647558484196)
 (-0.96255005539954586,0.93578959784926896)
 (0.19283330713397745,0.93262435999349269)
 (-0.91910814067462399,0.90302678932234082)
