# Created by Octave 8.4.0, Thu Dec 11 09:47:22 2025 IST <gamana@Samsung>
# name: rayl
# type: complex matrix
# rows: 2048
# columns: 1
 (-0.046853307365069492,0.15319255438957508)
 (0.63498262361161639,-0.72233692474759037)
 (-0.56200335828286019,-0.16478533994809627)
 (-0.80946211843769256,0.30100852539002354)
 (-0.17647083590723747,0.62526255862029501)
 (-0.028291933098460505,0.1419636890574453)
 (-0.0840429382090081,1.0760494334337261)
 (0.58543013089341445,1.3908313116316062)
 (0.070106725534247682,-1.3965078152475479)
 (0.11904597998707875,0.070836617549558945)
 (0.65463358315306808,0.73521961705245309)
 (0.35970933938117911,-0.13651376992937692)
 (-1.2043453021490724,0.16435530102318574)
 (0.75491589629169675,0.48498921781705839)
 (-0.41726657620786622,0.72187717035220766)
 (-0.97205090090443669,1.4870448375112102)
 (0.9372034731705412,-0.22136674321068633)
 (-1.4390707728926633,-0.70842628818814879)
 (0.6673811543145004,-0.39484965236942815)
 (0.48979804016377587,-1.1013599630149182)
 (-0.11612015823935712,0.20121770354470717)
 (-0.37802975298073538,-0.7419189518120427)
 (0.96704328030215758,0.49070779791233532)
 (0.26730737693700507,0.009197761882676514)
 (0.15526988285769344,0.25063835717604566)
 (-0.35970973580853571,-0.016831993230133097)
 (-0.23508432808881544,0.29248604665614214)
 (0.64720295558423668,0.39252602732816955)
 (0.67266139910393652,1.4060916189361501)
 (0.85515084126709295,1.561541996367104)
 (-0.019054132757611919,0.54522621081389999)
 (-0.27352440534109218,0.49228599209546453)
 (-0.066302671676788522,0.26752571199699032)
 (-0.28948160733390677,-0.13657234910783939)
 (1.1337610089273316,-0.34342074009976126)
 (-0.090402343335021743,-0.47322478357057901)
 (1.3848068954017427,-2.1868568022073465)
 (0.7475397093810543,0.97018062574617958)
 (0.54495834909463903,-0.087194820448980803)
 (1.0243331137327698,0.77472237129622057)
 (-0.046982822633531658,0.0045811717042040963)
 (-0.6152830386399557,0.4216428423632424)
 (-1.7237555774869082,-0.29240420637673614)
 (-1.0854154494333319,0.72094104522736724)
 (0.80698643578317197,0.044064909567067517)
 (-0.12687972448912452,0.26822007133934522)
 (-0.46526750402950967,1.195188220532809)
 (0.78035812284094819,0.90822243605509345)
 (-0.56462209801645402,0.3598623118787968)
 (1.2671601980289819,-1.7129347403730961)
 (-0.17477259655122035,-0.15191095816082661)
 (0.93223108513823671,0.20088656693805679)
 (-2.2453504060359935,-0.6583501079869033)
 (-0.50596012278131475,-0.17694913929960368)
 (-0.275019821207374,-0.24368428482609394)
 (-0.41845637627542026,-0.43007015068952348)
 (-0.30417224868802284,0.34845361401483077)
 (-0.71739081833043905,-0.3506485654216368)
 (0.86249376043963555,-0.49283658831652655)
 (0.24111395903592675,-0.48558893846200774)
 (0.099000170688556682,0.3521855513483601)
 (-0.4222840742490952,0.99233973590551394)
 (0.450804258453047,0.35696513484341846)
 (-1.4785787616879009,0.33805050437524081)
 (-1.3607237443973355,1.2807345482674459)
 (1.1846530297782842,0.70960463996892065)
 (-0.96548242792387151,-0.87010663511770037)
 (-0.82080431708972135,0.21138118442658418)
 (0.6393658181403048,0.14173859687415499)
 (-0.11558846563995612,0.00016782350847618921)
 (0.15599568220336177,0.27365231304962523)
 (-0.84750492613753425,0.26957126461190567)
 (0.16060611379500084,-0.57696701240435322)
 (0.033671656341877826,-0.43799559398646509)
 (-0.18722595644652085,0.081373530424690158)
 (0.34363837957255716,-0.62967670810379006)
 (-0.77978220368071649,-0.63922069224786515)
 (0.23705651107507886,-0.48767581702306279)
 (0.30528869435109918,-0.21855865537323158)
 (-0.52880415630908117,-0.22594945193990007)
 (0.91029343283136066,0.44126835315671964)
 (0.59129477639589434,-0.0092109178732849295)
 (-1.12202855700246,-1.0020781737219067)
 (0.21152848080303918,0.034118610099935748)
 (1.3755125881802903,-0.37767171708538716)
 (0.83154813036690745,-0.83923930489791876)
 (-0.65924248586041834,-0.67126584769384612)
 (0.17634189898733288,-1.0454514262799073)
 (-0.92439375245219091,1.1839247585682744)
 (-0.016616114927379369,0.31013165800778253)
 (-0.63321631480933327,0.90552250680279145)
 (0.21525788531708126,1.4366977975616895)
 (0.062947296229577454,-0.59533364871582606)
 (0.074905505463223845,0.21603345405643973)
 (-0.41178334576456532,0.33781201033064734)
 (0.21396367174100953,-0.067875981824756598)
 (-0.00011897536637150985,-1.4847964283448747)
 (-0.47721928320984219,1.0474568428844646)
 (-0.58658092178965782,0.24484881913092821)
 (-0.20658799268450995,0.061356984245179089)
 (-0.1146164624761927,-0.12987546358850546)
 (-0.16641724589945639,1.0972235291460353)
 (1.704297680619447,0.053602604460036507)
 (0.21295208084406078,-0.15694384712366297)
 (-0.0019635432695734312,-0.25176082644195091)
 (0.12144312963925008,0.81956426194881471)
 (-0.70414053404195021,0.032720441296560876)
 (-0.63545538106472388,-0.49617072244897603)
 (0.34786552810398974,-0.49047631352495596)
 (-0.37982567609922147,0.04524628479179274)
 (0.43966685904238856,-0.60944267074885417)
 (1.4546066806944375,0.74732745119078259)
 (-0.12558708722307257,0.038720993644797787)
 (-0.32707430263832032,-0.28955049365515034)
 (-0.015909024673423713,0.20527944760551692)
 (0.1651153297290176,-0.070944425160634067)
 (0.12315255616204024,-1.1512287168148898)
 (-0.6089161762390265,-0.19392030078890513)
 (-0.4767508423434797,-0.63148033737501741)
 (0.82859582035864487,-0.064842537878095602)
 (0.19428527670292231,-0.69340236735750149)
 (-0.30558578467660041,0.9626870001379394)
 (-0.50280183726934924,-0.10787187805590948)
 (-1.7044597065672837,0.61293999727361059)
 (0.31298007639331787,0.42469881054693859)
 (0.61547411301598687,0.30370767297276624)
 (0.10074672014111422,-0.23405618048848542)
 (-1.7536635434332444,-0.79635584936834669)
 (0.37126537324427622,0.63078358355074104)
 (-0.79126745943428956,-0.70886186889661285)
 (-0.93286145572338941,0.41443207167961116)
 (-0.39942215945052173,0.20511977259058425)
 (0.10459913580156298,0.11743538036338468)
 (-0.43152762084857754,1.532692053767144)
 (0.45376895174627602,0.88309983025454353)
 (-0.75614884884998546,-0.16349534151138792)
 (0.25330550464425433,0.61505895051783255)
 (-0.33878787264033494,-1.8776147230449118)
 (0.09724587117170054,-0.31430018696541834)
 (0.069807733166323938,0.37060004267970575)
 (-0.25483682495767634,0.13228444949258036)
 (-0.072702718382981771,-0.24906047571640949)
 (-0.030322098491404856,0.037121993598174127)
 (-0.32681999012386276,0.60271438960841439)
 (-0.51234012891262048,-1.1815208108050914)
 (0.17332584099889592,0.0069387126052243842)
 (0.43975508646771433,0.039897987496364001)
 (0.71531229255610262,-0.1605335194230155)
 (-0.4233606213180654,-0.17506858625005062)
 (-0.7732079053850992,0.22034927305119067)
 (-0.20811017302278836,0.022607800461197369)
 (0.08940409481665873,0.41404955367409818)
 (0.78775111387112151,0.51606699496505781)
 (0.4422655143845779,-0.22597115302608345)
 (0.082623505055506641,1.2339041276014979)
 (-0.29282452004117243,-0.48761606698914994)
 (0.37192361053839096,-1.4993931649682319)
 (0.96466594187639887,-0.31010956878656454)
 (-0.4885837288771967,0.043184535107782265)
 (0.025675292198370725,0.55685112311104501)
 (0.036549514685155216,1.8232327015055452)
 (0.087972331647304391,-0.081497491553102541)
 (-0.46750360305723881,-0.19393445580655216)
 (0.75582593262190079,1.3376134132501161)
 (-0.45521665162471764,-0.84207380925076913)
 (0.12372492729277057,-0.085036548125318329)
 (-0.082603210125847662,0.23663023899189545)
 (0.17366268062693344,-0.43731999541594913)
 (0.83726258745092186,0.79920050165901102)
 (-1.061898276555084,-0.5607539021148924)
 (-0.14259847036289519,-0.19276033306331913)
 (0.069269152670471346,-0.015758652434877403)
 (0.17457096960366569,0.14359292804056106)
 (-0.67894454983132446,-0.30940010923462546)
 (-0.090124952981459228,0.55550723497543331)
 (0.24959426546474922,0.02765710559757617)
 (0.21283781734418411,-0.63891814673897096)
 (0.32253125431675078,-0.5855167138740115)
 (-1.0227666710411594,0.8017031846211834)
