# Created by Octave 8.4.0, Thu Dec 11 09:47:22 2025 IST <gamana@Samsung>
# name: clean
# type: complex matrix
# rows: 2048
# columns: 1
 (-0.31747031605301801,0.95241094815905414)
 (0.95241094815905414,0.31747031605301801)
 (-0.95241094815905414,-0.95241094815905414)
 (-0.95241094815905414,-0.95241094815905414)
 (-0.31747031605301801,0.31747031605301801)
 (0.31747031605301801,0.31747031605301801)
 (-0.31747031605301801,0.95241094815905414)
 (0.31747031605301801,0.31747031605301801)
 (0.31747031605301801,0.31747031605301801)
 (-0.31747031605301801,0.95241094815905414)
 (0.95241094815905414,-0.31747031605301801)
 (-0.31747031605301801,0.95241094815905414)
 (0.31747031605301801,0.31747031605301801)
 (-0.31747031605301801,0.95241094815905414)
 (0.31747031605301801,-0.95241094815905414)
 (0.95241094815905414,-0.95241094815905414)
 (0.31747031605301801,0.31747031605301801)
 (0.95241094815905414,-0.95241094815905414)
 (-0.95241094815905414,0.31747031605301801)
 (0.95241094815905414,0.31747031605301801)
 (0.31747031605301801,0.31747031605301801)
 (0.95241094815905414,0.95241094815905414)
 (0.31747031605301801,-0.31747031605301801)
 (0.95241094815905414,-0.31747031605301801)
 (0.31747031605301801,-0.95241094815905414)
 (-0.31747031605301801,-0.95241094815905414)
 (-0.95241094815905414,0.31747031605301801)
 (0.31747031605301801,-0.31747031605301801)
 (-0.31747031605301801,0.95241094815905414)
 (0.31747031605301801,-0.95241094815905414)
 (-0.95241094815905414,0.31747031605301801)
 (-0.95241094815905414,0.95241094815905414)
 (0.31747031605301801,-0.95241094815905414)
 (0.31747031605301801,0.95241094815905414)
 (-0.31747031605301801,-0.95241094815905414)
 (0.31747031605301801,0.31747031605301801)
 (0.95241094815905414,0.31747031605301801)
 (-0.31747031605301801,-0.31747031605301801)
 (0.31747031605301801,0.31747031605301801)
 (0.95241094815905414,0.95241094815905414)
 (-0.95241094815905414,0.31747031605301801)
 (-0.31747031605301801,-0.31747031605301801)
 (0.31747031605301801,-0.31747031605301801)
 (-0.31747031605301801,-0.31747031605301801)
 (-0.31747031605301801,0.95241094815905414)
 (-0.95241094815905414,0.95241094815905414)
 (0.95241094815905414,0.95241094815905414)
 (-0.95241094815905414,0.95241094815905414)
 (-0.31747031605301801,-0.95241094815905414)
 (0.95241094815905414,-0.31747031605301801)
 (0.31747031605301801,-0.31747031605301801)
 (-0.31747031605301801,0.95241094815905414)
 (-0.95241094815905414,0.95241094815905414)
 (-0.31747031605301801,-0.95241094815905414)
 (-0.95241094815905414,-0.31747031605301801)
 (-0.31747031605301801,-0.31747031605301801)
 (-0.31747031605301801,-0.95241094815905414)
 (-0.95241094815905414,-0.31747031605301801)
 (0.31747031605301801,-0.95241094815905414)
 (-0.95241094815905414,0.95241094815905414)
 (0.31747031605301801,-0.95241094815905414)
 (0.95241094815905414,0.31747031605301801)
 (0.95241094815905414,0.95241094815905414)
 (-0.31747031605301801,0.31747031605301801)
 (0.95241094815905414,-0.95241094815905414)
 (0.95241094815905414,0.31747031605301801)
 (-0.95241094815905414,-0.95241094815905414)
 (0.31747031605301801,0.95241094815905414)
 (-0.95241094815905414,-0.31747031605301801)
 (-0.95241094815905414,-0.95241094815905414)
 (0.95241094815905414,-0.95241094815905414)
 (-0.95241094815905414,-0.95241094815905414)
 (-0.95241094815905414,0.95241094815905414)
 (0.95241094815905414,-0.95241094815905414)
 (-0.31747031605301801,-0.31747031605301801)
 (0.95241094815905414,0.95241094815905414)
 (-0.31747031605301801,-0.95241094815905414)
 (-0.95241094815905414,-0.31747031605301801)
 (0.31747031605301801,-0.95241094815905414)
 (0.31747031605301801,-0.95241094815905414)
 (0.95241094815905414,-0.95241094815905414)
 (-0.95241094815905414,-0.31747031605301801)
 (-0.31747031605301801,0.31747031605301801)
 (0.31747031605301801,-0.95241094815905414)
 (-0.31747031605301801,-0.31747031605301801)
 (-0.95241094815905414,-0.31747031605301801)
 (0.95241094815905414,-0.31747031605301801)
 (0.31747031605301801,-0.31747031605301801)
 (-0.95241094815905414,-0.31747031605301801)
 (-0.31747031605301801,-0.31747031605301801)
 (-0.95241094815905414,0.95241094815905414)
 (-0.95241094815905414,0.31747031605301801)
 (-0.95241094815905414,-0.95241094815905414)
 (-0.31747031605301801,-0.31747031605301801)
 (0.95241094815905414,0.31747031605301801)
 (-0.31747031605301801,0.95241094815905414)
 (0.95241094815905414,-0.95241094815905414)
 (0.31747031605301801,-0.31747031605301801)
 (0.31747031605301801,0.95241094815905414)
 (0.95241094815905414,-0.31747031605301801)
 (-0.95241094815905414,-0.31747031605301801)
 (0.31747031605301801,0.95241094815905414)
 (-0.95241094815905414,0.95241094815905414)
 (-0.31747031605301801,0.95241094815905414)
 (0.31747031605301801,0.31747031605301801)
 (0.95241094815905414,-0.31747031605301801)
 (0.31747031605301801,-0.31747031605301801)
 (-0.31747031605301801,0.95241094815905414)
 (0.31747031605301801,-0.95241094815905414)
 (0.31747031605301801,0.31747031605301801)
 (-0.31747031605301801,-0.95241094815905414)
 (0.31747031605301801,-0.95241094815905414)
 (-0.95241094815905414,0.95241094815905414)
 (0.31747031605301801,-0.31747031605301801)
 (0.31747031605301801,0.31747031605301801)
 (0.95241094815905414,-0.31747031605301801)
 (-0.95241094815905414,0.31747031605301801)
 (-0.95241094815905414,-0.95241094815905414)
 (-0.31747031605301801,0.31747031605301801)
 (0.95241094815905414,-0.31747031605301801)
 (0.31747031605301801,-0.31747031605301801)
 (-0.95241094815905414,0.95241094815905414)
 (-0.31747031605301801,0.31747031605301801)
 (-0.31747031605301801,0.95241094815905414)
 (0.31747031605301801,0.95241094815905414)
 (0.95241094815905414,-0.31747031605301801)
 (0.31747031605301801,-0.95241094815905414)
 (-0.31747031605301801,-0.95241094815905414)
 (-0.31747031605301801,0.31747031605301801)
 (0.31747031605301801,-0.31747031605301801)
 (-0.31747031605301801,-0.95241094815905414)
 (-0.31747031605301801,-0.95241094815905414)
 (0.95241094815905414,-0.31747031605301801)
 (-0.31747031605301801,-0.31747031605301801)
 (0.31747031605301801,-0.31747031605301801)
 (0.31747031605301801,0.95241094815905414)
 (0.31747031605301801,0.95241094815905414)
 (-0.95241094815905414,-0.95241094815905414)
 (-0.95241094815905414,0.95241094815905414)
 (-0.31747031605301801,-0.95241094815905414)
 (0.95241094815905414,-0.31747031605301801)
 (0.95241094815905414,0.31747031605301801)
 (0.95241094815905414,-0.31747031605301801)
 (0.31747031605301801,0.31747031605301801)
 (-0.31747031605301801,0.31747031605301801)
 (-0.95241094815905414,0.31747031605301801)
 (-0.31747031605301801,-0.95241094815905414)
 (0.95241094815905414,-0.31747031605301801)
 (-0.95241094815905414,-0.31747031605301801)
 (0.95241094815905414,-0.31747031605301801)
 (0.95241094815905414,-0.95241094815905414)
 (0.95241094815905414,-0.95241094815905414)
 (-0.31747031605301801,-0.31747031605301801)
 (-0.95241094815905414,0.31747031605301801)
 (-0.95241094815905414,0.31747031605301801)
 (-0.31747031605301801,-0.31747031605301801)
 (-0.95241094815905414,0.31747031605301801)
 (0.95241094815905414,0.95241094815905414)
 (0.31747031605301801,0.31747031605301801)
 (-0.31747031605301801,-0.95241094815905414)
 (-0.31747031605301801,-0.95241094815905414)
 (-0.95241094815905414,-0.31747031605301801)
 (0.31747031605301801,-0.95241094815905414)
 (-0.95241094815905414,0.95241094815905414)
 (0.31747031605301801,-0.31747031605301801)
 (-0.31747031605301801,-0.31747031605301801)
 (0.95241094815905414,0.95241094815905414)
 (0.95241094815905414,-0.95241094815905414)
 (-0.31747031605301801,-0.95241094815905414)
 (-0.95241094815905414,0.95241094815905414)
 (0.31747031605301801,-0.95241094815905414)
 (-0.95241094815905414,-0.31747031605301801)
 (0.95241094815905414,-0.95241094815905414)
 (0.95241094815905414,0.95241094815905414)
 (0.31747031605301801,-0.95241094815905414)
 (-0.31747031605301801,0.95241094815905414)
 (0.95241094815905414,-0.95241094815905414)
 (0.95241094815905414,-0.31747031605301801)
