# Created by Octave 8.4.0, Thu Dec 11 09:47:22 2025 IST <gamana@Samsung>
# name: rician
# type: complex matrix
# rows: 2048
# columns: 1
 (-0.084994391372501588,0.38313960137156261)
 (-1.2661654049119533,0.42828098162634853)
 (0.98558632523795109,0.72668951728153841)
 (0.62833984839064727,1.135257624950921)
 (-0.87884737829574955,0.23917293962383407)
 (0.21806986373082865,0.31195372507393154)
 (0.59035475713252283,0.82804547884746771)
 (-0.2753227790431686,0.30460421059546461)
 (0.13865872708624671,0.082814566170607382)
 (-0.35947330394194743,-0.41394622238631684)
 (1.0253494076491478,-0.84221658198883009)
 (-0.46430215936354019,1.4637538587793899)
 (0.97039552246460192,0.29753585804456212)
 (-0.095527568181028227,-0.7889972937418247)
 (-0.40944788025080481,-1.6191514660629762)
 (0.92772653476976108,1.013446893228892)
 (1.0521873807545989,-0.65161730061969125)
 (0.69121637653733214,0.24161744381520878)
 (-1.1246938688438681,1.0219816172350495)
 (0.60526511789512305,-0.9395711597902574)
 (-1.0375882307526803,-1.0712574292939148)
 (0.23659121726897359,0.35312893672850854)
 (2.0739427392805219,-0.88994628946284482)
 (0.70096830122096188,0.080751775054719171)
 (0.92068970786518922,-0.4171772034630169)
 (-0.32348921919735646,-0.36469007944346171)
 (0.96791700252010227,1.070497508439725)
 (-0.58985490886398473,0.072299309263255382)
 (-0.31351222717246385,0.58474090511141408)
 (1.2194481514563593,0.7744029210099902)
 (0.65997865210338469,-0.81672632196531614)
 (-0.14450112471321444,-1.1394556195397552)
 (-0.70758257962640947,-0.43913708031762622)
 (0.93526947838280616,0.70263501910038051)
 (1.1402817745244593,-1.1593435459158943)
 (-0.19239123070719275,0.2059990155100492)
 (-0.41636625374508385,-1.2285323681162763)
 (-0.83252182874091241,1.0245204876285847)
 (0.96821304039287415,-0.89151968042635321)
 (-0.73946651810800812,0.38280186264395466)
 (-0.33110066022580997,-0.10886364380865213)
 (0.52767175845721792,-0.68826180050416297)
 (-0.93636725375869112,-0.37835819072504129)
 (-0.51128462576167188,0.17837846886435541)
 (0.52853627807777159,0.72899966749189282)
 (-0.32372824520181981,-1.3456290181037138)
 (0.47008529205999661,-0.35994888830891109)
 (1.0504823406312211,0.16552942792556791)
 (-0.4319728264739649,0.3630707753213816)
 (0.89705558631633553,1.4294284842727731)
 (-0.0022153043446911658,0.4381978821943513)
 (-1.186364659752801,-0.68245695379901972)
 (-0.49714824127553836,-1.0080837905155959)
 (-0.27134544043087827,0.16308662613609295)
 (-0.34763705483827967,0.17994608052510119)
 (-0.93634034389465226,0.19253142734848133)
 (0.89132949316225818,0.029869353264373621)
 (0.70010237075091397,0.68722798017641884)
 (0.24299768114189518,-0.48252133408659165)
 (0.21748517413724666,-0.10020458675111495)
 (-1.064162816665005,-1.4763562595138131)
 (-0.57673763543583811,0.63132526851322612)
 (0.39307277978987226,-1.3860553979081502)
 (-0.10165177783030771,1.1636517306031182)
 (-1.2952064826591694,-0.36693487549062376)
 (0.21031535561560144,1.0584118414392403)
 (0.01903452518434115,-0.45238121071961956)
 (-1.3447929108172585,0.54808216830271683)
 (-0.87842456609947439,0.68938980847162312)
 (0.30648124863628912,-0.23257933869799918)
 (-0.88862823505948518,-0.77144604338829237)
 (-0.37158523832214463,-0.31128704061945955)
 (0.1493617072845676,-0.68154033402725644)
 (0.82291693965333668,0.94364172092441478)
 (-0.89535293666949289,-1.009397020781817)
 (-0.47548310932047522,-0.53085170580918595)
 (0.43175194105388276,0.19776649278615538)
 (0.15560798352435909,-0.37536527921775137)
 (-0.45337213317163033,-0.44863632171112039)
 (1.4569120964781186,-0.31237368473208776)
 (0.58163439116117033,-0.83379515894363188)
 (-0.55797067573325498,1.9472939951046644)
 (1.419147668047301,0.99069374302544033)
 (-0.97158655743541078,-0.21406033802590352)
 (0.022635197472711699,0.40188237633178003)
 (-1.3515195361314412,0.51368796404963313)
 (-0.31807099759478547,0.078752904601594245)
 (-0.43484814891190826,-0.45588916155989678)
 (0.32627795238580548,0.36231348665280338)
 (0.19791726911342883,-0.41001795102697131)
 (-0.91643589984349716,-0.084262978740261507)
 (-0.34748248696963735,-0.27440122078946327)
 (0.40309498603222949,0.41042504248545009)
 (-0.41552095959815044,0.45501358840098716)
 (-0.70304025141408266,0.56234905676111446)
 (0.38768669662705252,0.83103111418822406)
 (-0.19829961596682866,0.24840978045509138)
 (-0.84141029185983951,0.22196577808268941)
 (-0.7234923707437485,-0.81037071033718555)
 (0.13065910824518601,0.60546447861197805)
 (-0.2007747473386472,-0.40302044220596556)
 (-0.7890651562802925,0.26755973051662774)
 (0.36378791510816555,0.60639579853988024)
 (-1.2396707083030409,-0.47936729555587698)
 (0.16205318829156787,-0.21102765988314245)
 (0.074344537708790459,-0.35441043737384953)
 (-1.4638439360106088,0.095656761981156024)
 (-1.1722126717009798,-0.76378568210971864)
 (0.28854612356278547,-0.44902422363888311)
 (1.0055635787821822,0.12924201391253978)
 (0.97294793748848807,0.25225852393733855)
 (1.011132168856355,-0.09797864763602751)
 (-0.58533975909698799,0.63201932872883293)
 (-0.44445002496176894,-0.23036027204621412)
 (-0.1632408004940836,-0.54479862844015203)
 (-1.0712180440280428,0.4980471052335923)
 (-0.48717524930760142,-0.10921234439539054)
 (1.3927105220358615,0.51535015955016017)
 (-0.51407734530964877,0.42992026608076128)
 (-0.025175384098934689,0.15182656610601533)
 (0.076363658074753371,0.41289568212827504)
 (-0.35731642212298098,0.1943753423233113)
 (-0.61653688206404056,1.8106800201266315)
 (0.38902505421520217,0.23786024722803578)
 (-0.27814276466839266,-0.95857533031275732)
 (-0.26091657234303445,-1.3534772820670409)
 (1.5581248678766508,0.10805278864377671)
 (0.7055337781072577,-1.2198243566283276)
 (1.1214960165805519,0.40261908546682446)
 (0.3922313935489512,-0.31223214695404022)
 (0.51172071027562949,1.0050947878464689)
 (-0.15775842964743017,-0.23248635691782807)
 (0.088773478797785466,-1.1309140791580923)
 (-0.19565768417155677,-0.38464687308592488)
 (1.0172166118980543,0.75251304473373715)
 (-0.17276073322908941,0.35397317034868347)
 (1.3446587607566349,0.82045493491095911)
 (-0.29121570607319552,0.21198676846465542)
 (-0.33587213398594712,-0.14018232050911328)
 (-0.59834733261017103,-0.021908953715569751)
 (-0.79247610920843592,-0.75245230382640182)
 (0.75750219323383505,0.48547251728024055)
 (-0.44493545471136681,-0.41194263983068929)
 (-0.30766303668109163,0.75154071991925409)
 (-0.89605800227518362,-0.28250407600157701)
 (-0.14670062664477765,-0.11223708364713354)
 (-0.11263334796261792,0.55644394281654219)
 (0.51980730836097422,0.74592778229377865)
 (0.67274866289031054,1.5823413692091437)
 (-0.8074707864887507,0.6445621727399411)
 (-0.52576516008418661,-1.133258284498377)
 (0.2727194530443674,0.2041374540705066)
 (0.010737729870729851,-1.0444523180173466)
 (1.0096479215981811,0.81747354197672384)
 (0.31549663500160879,-0.15161676605786301)
 (-1.2477918759911886,0.32137948368052371)
 (0.84045795439875126,0.31688119599236575)
 (-1.1244999194741174,-1.2900129374738811)
 (0.3401142386779199,-1.1381581833172063)
 (-0.18449366403995526,-0.15652913216114789)
 (-0.92264608250340241,-0.65790123671496914)
 (0.53127918931282736,-1.2064820666202654)
 (0.1045334963272572,-0.77109014765038508)
 (-1.4342924977032254,-0.92460599631117868)
 (0.62469775130278682,-0.43085971951082719)
 (0.21019073007826439,-0.79793836300616472)
 (-1.0025605596486293,0.26323069182012143)
 (-0.17518796567415901,0.38838335723350975)
 (-0.50742122224020658,1.2193874917160563)
 (0.062046128758150021,-1.1238170062418731)
 (0.41403679283098227,-0.83069770289140699)
 (1.2753433333775464,0.026757755288549567)
 (-0.14139549407922106,-0.023319904473604464)
 (0.14509801931190869,0.28102290986011302)
 (-1.0012279619622799,0.56313986481516876)
 (0.27503201020030144,-0.33396111877048662)
 (0.1613993111727634,-0.7689665205880738)
 (-0.26165313745575269,0.45057360715912775)
 (0.52425498182994745,0.80255041861348042)
 (0.021253791338734444,-0.094838618090151899)
