# Created by Octave 8.4.0, Thu Dec 11 09:47:22 2025 IST <gamana@Samsung>
# name: rayl
# type: complex matrix
# rows: 2048
# columns: 1
 (0.17003480554191272,0.1418990567912369)
 (0.82836705863971571,0.20012802704464125)
 (-0.99623818974851042,-0.53825295775313564)
 (0.40330291387897022,0.27356411920300788)
 (0.30880724094530571,0.81449126000721406)
 (1.4451385598484394,-0.19355706976332077)
 (0.25154700118637557,-0.37809417819674052)
 (0.05862610883405326,-0.33460087571370511)
 (0.060523629039493904,0.048199352347482641)
 (0.80677712856506345,-0.73373852283701047)
 (-0.13526011570341406,-0.18153852535826032)
 (0.13088693312808017,-0.5581459888284781)
 (0.63686162730761764,1.0218222459508586)
 (-0.54077973566068394,0.41790727503925451)
 (-0.95704727051076044,0.69254230182134546)
 (-0.18416445666918352,0.31131787957489837)
 (0.61231613452252875,0.10883714260698946)
 (-1.7331311240654639,-0.12226725467720134)
 (0.87580424009356372,-0.74496040494888027)
 (0.5848017396690024,-0.35858498966713842)
 (1.0110428989677276,-1.58381554274646)
 (-0.073367721877784481,-0.52386357262579009)
 (0.1029393196380234,0.18643117056282682)
 (0.62844950852010828,0.36638275940708198)
 (-0.40733335576302732,0.066916231134417886)
 (-1.0847404718216809,-0.43804563439046884)
 (0.6842043512538869,0.8739025674305132)
 (0.67829416348655647,0.44469041619283411)
 (0.21238812833399812,-0.41662964308783579)
 (-0.48858083874260899,0.20012714739893228)
 (-1.1325887207628467,0.65305025781756521)
 (1.3486925732504937,-0.66427429992096243)
 (-0.77675391469519817,1.2297963640883642)
 (0.63444422300937198,-0.22423230960980034)
 (-0.43029071065631175,-0.16031888894624755)
 (-0.91954914237894347,-0.51425618181747601)
 (-0.51994869063351501,0.50244815009550503)
 (-0.081334333292732042,0.87136902180700559)
 (0.011871142544814833,0.29427144428142271)
 (0.28368330509856454,0.20584606824147866)
 (0.13787798668393719,0.28167879902338389)
 (0.13851813489635728,0.33688313644598417)
 (0.22217589850105982,0.19424387630974996)
 (0.28166260723508796,-1.3938981375876889)
 (0.54545096914509217,1.6464462425916153)
 (0.11817274671339609,0.12750300472434201)
 (-0.62837864766722029,-0.47878847921480061)
 (-0.49503527984547457,0.17001331085595614)
 (-0.34408010528384075,-0.3928258368450987)
 (-0.14467747417948393,-0.055380193436811255)
 (-1.3338165250015925,-1.2770185677031614)
 (0.33479617425165287,-0.019837375408377322)
 (0.56327991037499281,-0.62102204176789388)
 (0.559587145262193,-0.79803216531430021)
 (-0.69115732665572072,-0.76494499859008291)
 (0.14355140644744241,0.77986361857112763)
 (0.32963106463599728,0.074118168948589955)
 (0.16801195018627155,0.63495100766794532)
 (-0.32426446038287549,-0.81202835348086932)
 (0.12341438941004922,0.23243450170687474)
 (-1.3831047142057054,0.48365480145051315)
 (-0.088214347015344932,-0.50575637793767614)
 (0.25541884642524793,-0.28780679392044128)
 (-0.78827964036854592,-0.32973979446676638)
 (0.43607041783586525,-0.17622207360022074)
 (-0.49622433496639923,-0.57872777601857905)
 (0.31236515218695526,-0.174940248065896)
 (0.020081142680857034,-0.72990391697588819)
 (0.10369366862998858,-0.19755408314678591)
 (-0.93597251815764415,-0.11982315482709835)
 (-0.077205779103397099,1.4801351304826083)
 (0.51751160087532522,0.51650383770603225)
 (2.4445376495755982,0.10831635345980573)
 (0.39689117028426191,0.10711828049232475)
 (-0.59239986768703812,-0.23008824362359148)
 (-0.083951134011819195,1.0886337783790323)
 (0.42961322261820378,-1.4510031992360788)
 (0.61314105225409954,-0.42291591018319025)
 (0.28912514025308944,0.056171758187235896)
 (0.2901020474590591,0.3589947550670668)
 (0.12494563810711745,0.39797522149829134)
 (0.96161600040671025,0.37062674928991651)
 (-0.35471006445892306,0.086065232183514209)
 (0.36621018603481403,-0.55932777876844042)
 (1.5650779983943259,0.74096965297554329)
 (0.79423859219225235,-1.3327549197048467)
 (-0.28328921513989147,-0.2502031041073059)
 (-0.20840954158175182,0.58089644793021933)
 (-0.49594257299156352,0.096923911996204093)
 (-0.29885747155883258,0.23117288011342804)
 (0.052821076449452331,-0.97605378013482746)
 (-1.0181252950096877,0.83608903569459181)
 (0.10457908786575484,0.17657882843520978)
 (0.12510778721111429,0.11160917875188958)
 (-0.64354474372272064,0.4473241363759124)
 (0.28657849458689549,1.1995679875676966)
 (-0.45595339129320478,-0.089242651555887426)
 (-0.69821949652896342,0.025593775232943594)
 (0.21820391664641151,0.011180104746708615)
 (-0.12696644573858112,0.086258669262519308)
 (0.26078658659123766,0.40893574088435469)
 (-0.3060926866153636,-0.89431394999958402)
 (0.15575716559413458,-0.23699360522702065)
 (-0.082400711793134102,-0.016475683985942215)
 (1.8830924468411554,0.69710275280617096)
 (-1.5597723368875831,1.0929059843725115)
 (0.95204773748420868,1.8750588587543269)
 (-0.19757311437335429,-0.93061924327424173)
 (-0.35003187624531051,0.73995162698639882)
 (0.065429537830545226,0.10843092716299182)
 (1.2815976736156673,1.3367152667492084)
 (0.8253509237871266,-0.11221313401459482)
 (0.83841189349465195,-0.31939291605912168)
 (-0.2006905773099949,1.0263336023885619)
 (-1.6044500336039518,-0.37793654582636682)
 (-0.52777559776573046,-0.92751705338865043)
 (-0.41177347701551104,-1.0878587365459083)
 (-0.091805355697618371,0.35638155099163332)
 (-0.3283568458893632,0.37261733484086312)
 (-0.15098515161146842,-0.26741010889647743)
 (0.39376614203540844,-0.16660514009254795)
 (0.24108390450710271,-0.45524561860141077)
 (-0.0993317794652403,1.0053801199210026)
 (0.86050368584286918,0.64501274128696973)
 (-0.015384001170233086,-0.1154627705617543)
 (0.2432814189386433,0.47631919794533817)
 (0.23415754007063638,-0.026064935151992152)
 (0.43019303242387075,0.59631653382527716)
 (1.573988790310642,-0.44432155325907985)
 (-0.18231512177315545,0.26493377554455916)
 (-0.31343080612092289,0.14402934074742268)
 (0.51475170291347339,-0.050907418079664313)
 (-1.426050326747192,1.2715665887678613)
 (-0.010117302290372332,-0.19217869577947982)
 (1.0623333628352722,-1.595556505123684)
 (0.20153267172786851,0.12989960499976061)
 (-0.080035954174513591,1.5361107472587205)
 (0.18094974795909169,-0.18098444881834092)
 (-0.023580889628706525,-0.2777332029637346)
 (-0.14368393444021482,-0.30388159975107448)
 (-0.017207511502154216,0.46201452256542075)
 (-0.055081047680419548,-1.1160744033600865)
 (-1.8637032079338618,-0.73013125535902779)
 (-0.36063892472924231,0.049542985933870631)
 (-0.53894749313586476,-0.026986430567998099)
 (0.09885728801428173,-0.51030924384869847)
 (-0.16587033682494143,0.23285044132450594)
 (1.1102152633157427,-0.93970804523014051)
 (-0.12500454093792002,1.2099558262510077)
 (0.094409295622172734,-0.54068661407201635)
 (-0.66942929476033053,1.3613151880970606)
 (-1.4086071317174256,0.47702140207209426)
 (0.11497169934387669,-0.20495796057831955)
 (0.37438794193418951,0.27123260837227775)
 (0.22203622111905075,0.051030863990337134)
 (0.7091963922939466,1.0184925784949153)
 (0.10785121151143506,0.53251311470039342)
 (-0.12478290518299731,0.19767831726831633)
 (-0.69608183572257376,-0.72327406795695715)
 (-0.46222047734417809,-0.07991183550969877)
 (-0.3396949832037115,-0.43201200456584404)
 (-0.64944607807988552,-0.78048433160422181)
 (0.018844062103512527,-0.037268822120329261)
 (-0.44877694669136181,-0.43829929045614524)
 (0.095799510431315793,1.3220359643911281)
 (-0.69215944172515886,0.14612933130437511)
 (-0.018529121394376874,-0.53080039384704658)
 (0.92963560961270619,0.60355463450580649)
 (0.27110923371543943,-0.74535339240238363)
 (0.016751542206462446,-0.13441298466818327)
 (-0.20528542144341511,-0.70284154436567481)
 (0.61546740552794166,0.87151163361255513)
 (1.2675662706362838,-0.30186019125747476)
 (-0.36490934394954849,-0.70643762551465772)
 (-0.28672307857274493,-0.72947800368705684)
 (-0.80021359742287279,0.35532586728630611)
 (-0.42936035256475302,-1.5069803080159692)
 (-0.36503360728860129,-0.024899488926334035)
 (0.90586121316766044,-0.019803783007903697)
