# Created by Octave 8.4.0, Thu Dec 11 09:47:21 2025 IST <gamana@Samsung>
# name: awgn20
# type: complex matrix
# rows: 2048
# columns: 1
 (0.90220025137516879,0.41099027914378211)
 (-0.31292334870456012,-0.36447242332162033)
 (-0.88489435950881912,-0.91162014705975469)
 (0.32434315432143901,-0.82069475208728437)
 (0.31713016682421524,-1.067083255482663)
 (1.0270211566885834,-0.93342057806853562)
 (-0.86087958489632666,0.94261769702010867)
 (-0.90331106643471004,-1.1348336322742014)
 (-1.0187244348931832,-0.96458137802477029)
 (-0.93070595790053723,-1.0034938332299275)
 (-0.32178016070848775,-1.0594744642495098)
 (-0.90379057476303482,0.90356107911134553)
 (-0.2910705593465977,-0.86690151995139231)
 (-0.39865093359147841,-0.26178433522647371)
 (0.9719839334063356,-0.349338111585971)
 (0.33998825086033885,0.80874642730057755)
 (0.30849511606546476,0.7710344282672148)
 (-0.24513221300347701,-0.87690045834248842)
 (1.0022946963962658,-0.38700249467596221)
 (-0.27643764293560052,0.29175181747692064)
 (0.23637351328116674,0.89816177516063278)
 (0.2755126504806984,0.83366637486452355)
 (0.34228905349950162,0.27410969026325854)
 (-1.0310272358262149,0.84969150274775562)
 (0.38785436170210885,0.32693095954577645)
 (0.88355942766870366,0.25780749307968787)
 (0.41936381648084403,0.86303417845467822)
 (0.22378750718052637,-0.41880256925183523)
 (-0.33572464851299194,0.36024600599909223)
 (0.37231910567050935,0.214460788593832)
 (-0.24696873737577435,0.48795767177310129)
 (-0.8912472847459354,-0.87359372215864817)
 (-0.28466465298931365,-1.0318741670412432)
 (-0.35240439477929353,-0.86549364608028279)
 (0.98750594399775959,-0.33314023406516857)
 (0.93539006212285036,0.26657770779024542)
 (-0.36285460571448641,0.90270522376635498)
 (0.4402064300459409,0.91157473638056197)
 (0.93839866545351047,0.94404142535609481)
 (-0.34328885863459979,0.29546005615984738)
 (0.9687604968647251,0.30352756545734849)
 (-0.32089790094996706,-0.90550154914030079)
 (-0.27500483858369534,-0.27110990301838717)
 (1.1006874482876423,-0.96867459162420699)
 (1.0394689676529547,-0.26946476539061309)
 (-0.97951528689083911,0.40805313849472652)
 (-1.0134776810426163,-0.93829878360311347)
 (0.22784088947279799,-0.9087795507718226)
 (0.33410746273207736,0.91653093952979836)
 (0.90555560594408258,0.27819272881821366)
 (0.33926195176208823,-0.36113450873181513)
 (-0.90006525934688719,0.94280410001192794)
 (-0.97525827033216328,-1.0587234673927359)
 (0.30179376061561619,0.30568664794905398)
 (-0.90527623163713289,-0.28362108554816134)
 (0.43849946598532819,-0.96250887016658726)
 (0.25557250544024829,0.7846563700686402)
 (0.926437569977832,0.35330044457135656)
 (0.39716058536304089,-0.31295680486840677)
 (0.98362647361674604,0.98729989349234981)
 (0.84301978287566603,-0.24038000442099475)
 (-0.13822413282461926,0.35350221862271564)
 (0.9291318537217913,-0.4696804020777659)
 (0.31653437743543394,-0.3454644102488082)
 (0.94404633464599985,-0.33377019558727694)
 (-0.98863631978660116,-0.34756389666687809)
 (-0.94817054646299437,-1.0395757986058829)
 (0.33750335510140722,0.94673024464127664)
 (0.91583791299969486,0.9664067745895244)
 (1.06071926950041,-1.0190914864115979)
 (0.39825940479281391,0.98693236368425863)
 (0.31991431197785003,0.86239953181823936)
 (0.33003721588719115,0.28923732365491484)
 (-1.0435231101953353,0.28697676632650976)
 (0.28274578511758386,0.21974409933069355)
 (-1.0101845831197778,-0.34519866408688243)
 (0.36823047103570217,-1.0204365563008322)
 (-1.0013728922654075,-0.98269319200462801)
 (0.94517422711710253,0.22521140321320238)
 (-0.34899249273349087,-0.99522495683220047)
 (-0.94165509196062314,-0.29181789845991929)
 (-0.92169461537923902,-0.34671162919580795)
 (-0.2619065512380373,0.32050013367092178)
 (0.29829876567633729,-0.93451151245224895)
 (-0.39543170790642906,-0.25883680523078945)
 (0.86147792446078575,0.90364722827649335)
 (-0.86649975374035726,0.36120922416028423)
 (0.97366429361466023,-0.29633219500639896)
 (-0.25851366384365115,-0.33375999975597004)
 (-0.3787761475380394,0.91955490088332736)
 (-0.96306010392474606,-0.27493171951760709)
 (-0.41108098936966553,-0.87322255376232472)
 (-0.27801345254741139,-0.90892307794993377)
 (-0.99272241058128441,0.31977105214790474)
 (0.86614007120846481,0.27854348938573542)
 (-0.89860869444252911,0.35093727457642376)
 (0.37402817474963496,1.010938644751801)
 (0.31074962119607519,-1.1008740572566955)
 (0.9499047698282892,-0.92811689653217566)
 (-1.1132937108474685,0.2378635432836011)
 (-0.91382049433876222,1.0088941340447797)
 (1.0129568054113252,0.3943948935637252)
 (-0.97944285431198186,-0.2492142971332062)
 (-0.87973660735430048,-0.35879954102712786)
 (0.14956965953576568,1.0187466383923662)
 (0.94459922446793043,0.25163866329629175)
 (0.25521905172584075,0.38849845061654875)
 (-0.35854839453101439,-0.98036072006702868)
 (-1.0235372029146708,-0.44831887995821706)
 (0.98490374154668836,-0.9139035380807381)
 (0.99914923714647674,-0.84923010332510351)
 (-1.0201687440742357,0.83531990195714234)
 (-0.41029546999154992,-0.96369154329423867)
 (0.972764292604267,-0.35995667341784943)
 (-0.17060084584080945,-0.37737791683694211)
 (-0.33561220362002109,1.0536971402687496)
 (-0.91561816807166896,-1.047471162514106)
 (0.29561150830465743,-0.13787975797349089)
 (-0.31814187588713244,0.23784773940632425)
 (-0.33094509387865578,1.1901932664298616)
 (-0.91674272400405155,-0.31116521667482866)
 (-0.97599370931258089,0.83708910837575079)
 (0.15398896013620256,-1.0066737392389193)
 (0.21846929336899368,0.80691967456434621)
 (0.97092799743791147,-0.83363348001281068)
 (0.85050150663574275,-0.9911049630344122)
 (-0.38723084519684248,1.0424703375599877)
 (-0.30001197725365797,-1.0009654607417451)
 (0.25968380088686971,0.23481822337527997)
 (-0.28389751460698914,0.98351408784789895)
 (0.98843940358297222,0.86833791546215122)
 (0.9317667991159766,1.0184097862801447)
 (-0.38460219697576625,-1.1061096006259157)
 (0.90120567081617886,0.92555764107250227)
 (-0.92998783138515206,-0.44901505310093548)
 (0.34844103795806469,0.80436595015434786)
 (0.23955068991912687,-0.30391634290837488)
 (0.27446352563350268,-0.28843359733651885)
 (-0.98296228479990388,-0.93495334841304012)
 (1.0269460174799008,0.9325711212751181)
 (-0.34427623370600879,0.814544275925564)
 (1.0503842439151654,-0.36444071045819254)
 (0.95395760846842748,-0.90402960400124821)
 (-0.87467619123158835,-0.33403115665014926)
 (-1.0509109723695664,-0.18606506426459665)
 (0.85086735615414388,1.0246964041183593)
 (-0.16833059074944401,-0.38075619470427213)
 (-0.9532995628272023,0.34916819988288889)
 (0.1895977196060549,0.46817268233371317)
 (0.36955065312877167,1.0871072036575402)
 (-0.38320730129548186,1.0195553767751124)
 (-0.91216476989923756,0.89956822655302271)
 (-0.30005976621686359,0.31193007937152389)
 (0.93093874732561299,0.97646680261928565)
 (1.0020361119574066,-0.31742454490438798)
 (-0.96913436222403948,-0.27522492699951084)
 (-0.46334636246074512,1.0210927917146746)
 (-0.89642847915996338,-0.35610730321303813)
 (-0.94942223159381633,-0.21862322117914967)
 (-0.97622441869870069,0.88939235431240038)
 (-1.0413207439153191,1.0679094683522889)
 (-0.36344789555569001,-0.86520384564445052)
 (-1.000677096181688,0.27397691725689927)
 (-0.9557109440831496,0.85526535820091254)
 (0.941524775887988,0.89987447798547038)
 (0.42248295913500455,0.90645995075497621)
 (0.231183829414213,-0.95794671687705901)
 (0.29946583983967962,0.980098460659098)
 (0.85549180381384615,0.97243362746484385)
 (-0.30286752373549997,-0.46914868525298747)
 (-0.37532452472404382,0.33045764312559955)
 (-0.44595624061273365,-0.95232250219449766)
 (-1.0970067027208055,-0.88023466489911339)
 (0.43727008148761398,0.28889362326259554)
 (0.36085284129599265,0.83669571911557383)
 (0.84725774871625847,0.2326194340195577)
 (-0.83019989650853099,0.1803601405101293)
 (0.89883426162869084,1.0233550599087342)
 (-0.97845315966999502,-0.97708405664998588)
 (-1.0558982594201878,-0.91982308705706417)
 (-0.41839068728730777,1.0019520044372432)
