# Created by Octave 8.4.0, Thu Dec 11 09:47:21 2025 IST <gamana@Samsung>
# name: rician
# type: complex matrix
# rows: 2048
# columns: 1
 (-0.85858054929898509,-1.1809323928594149)
 (-0.22135431083966856,0.48385384843468099)
 (0.16119838104844725,0.63274104210187221)
 (-0.19994212457349875,0.19579034735639317)
 (-1.1576751359667226,-0.45753926727932415)
 (-0.39363132145509849,0.42698972306641969)
 (-0.32692172039447803,0.16885835868542459)
 (-0.74600142986503815,-1.8185920459460563)
 (0.42514818794552983,1.4151893534575617)
 (-0.083550841355473027,0.88572852072259156)
 (-0.39762729732189106,-0.52117308449208655)
 (-0.17542064873001884,-1.0132535769827842)
 (-0.016765369985173473,0.79905575500059745)
 (0.20402758430622633,0.21743956391488609)
 (-0.59150799504309348,0.74184348033088421)
 (-0.59575171647789582,0.64543697117465082)
 (0.77179215523225797,-0.26832345224000465)
 (-0.1334619178329928,0.38355140814417077)
 (-1.4396852061760019,1.2514498175459079)
 (-0.65701383039455474,0.079731509765644693)
 (0.22999735970465701,1.192463701072471)
 (-0.62997474526749853,-1.305076998796574)
 (1.1057678180930175,-0.378717703379438)
 (0.55342415964967784,0.86310740254934426)
 (0.14920046320620517,0.77484583809757135)
 (0.58859870035826001,-0.99947997920680332)
 (0.6571843194195981,1.0977847376384215)
 (1.0322246313495846,0.18767935084563536)
 (-0.7266010638286694,0.71764364536357506)
 (0.27617050852919428,0.81932457842874251)
 (0.92703009943753056,-0.49082963170608196)
 (0.35460536278972021,0.61097087251667759)
 (-0.32601125061493141,-0.91735235295672501)
 (-0.27754856757471086,-1.1380704918539413)
 (0.41670542729417098,-0.14779365141993622)
 (-0.19519561678877773,0.4097443336965384)
 (-0.63472001650509591,1.3462049722235496)
 (0.18280062012995243,-1.2682460189488369)
 (0.18952382790926969,-0.52324185855280414)
 (-0.22562665104551327,-1.023357885717715)
 (0.51017200392249418,-0.78252555856469186)
 (0.75812203733388839,-0.12174949366470736)
 (0.72780590270079004,-0.64912342589467065)
 (0.29851502691146947,0.74348236835626491)
 (0.028474284442763675,-0.72930840816199805)
 (0.26306989444846846,-0.35372449595026062)
 (-0.49725030439118945,-0.84261096384444378)
 (-0.81482374206644981,0.49573013976054614)
 (-0.38407939752252618,0.98330288529948329)
 (-0.49260911844325483,0.82891795635081222)
 (0.16427942029323991,0.11438771202884737)
 (-0.60229268752044185,-0.40891572787366381)
 (-0.30653284631006972,-0.12897815757204961)
 (0.9626077002572464,-0.16649379311327261)
 (-0.2776024590785981,0.0062162260901271749)
 (-1.1158730768208527,0.32712748187181478)
 (0.44280844177734269,0.30868687197703448)
 (-0.050674038526828113,-0.51754058284336946)
 (-1.3377057062271775,0.13934087365357162)
 (-0.062495876025653319,-0.74797426924129384)
 (0.16798666476728091,0.80414003964405956)
 (-0.42513124818957693,-0.2251765654128054)
 (-0.44919568771699381,-0.69079809991715591)
 (0.18399485292443582,-1.0691612692208046)
 (0.070036906830827167,-0.37069172434533509)
 (0.6670793370477488,-0.68725391055497997)
 (-0.17553162875277153,0.77378492838390045)
 (-0.49185320813293998,0.59470185295303413)
 (0.67760761540506187,0.3957652439832246)
 (-0.82855996214457472,-0.67753460447430802)
 (1.1273907656719739,0.18393641471349753)
 (1.395171064458506,1.1457512329634376)
 (0.4873467163899099,0.87568526855571449)
 (0.40667438245056209,0.41048674759924753)
 (-0.22336090656631269,0.84969686310228842)
 (-1.30808018952706,-0.053534914245591703)
 (0.1017925303191255,0.21049585413681876)
 (-0.52823976191241129,1.0046485627443025)
 (-0.095479709509908833,0.48090555675095459)
 (-0.32712205063409944,-0.4697839732830546)
 (0.17822141799709429,0.62265203566968474)
 (-0.98317358540074251,-0.89017720447755011)
 (0.54343658392369598,-1.1236718134481714)
 (0.031953454992240948,0.38965122903662358)
 (0.76662475285364229,-1.39525085642292)
 (0.78341071206901303,-1.2354050915107624)
 (0.62288312622532604,1.0759386083215137)
 (-0.40300857159478709,0.5380179569104856)
 (0.050147421405019627,-0.71400651869592091)
 (-0.66342428297483358,0.88119871628772029)
 (-0.42126347586018581,0.24041858760545437)
 (0.0066381162257448945,0.79575624508093834)
 (-1.1146768059273919,1.3984700874412297)
 (-0.86402830250211893,-0.40643086715022997)
 (-0.12648906838229584,-0.66791200293461572)
 (-0.00096421486714906579,-0.66240561871649428)
 (-0.039779914378541892,-0.94053275469606079)
 (1.5266829996539586,0.45804152495148043)
 (-0.023410287397542362,0.67170653654298473)
 (0.0091212897717280889,0.33845078457428052)
 (-0.37577285243014263,-1.4945564302312868)
 (-1.5711391271724666,0.35804304849588453)
 (0.77719525855161364,-0.11342948092339519)
 (0.94497614078872105,-0.37540995008804934)
 (0.057878531683944384,-0.27299282471054787)
 (0.35551177244003235,-0.28591689285771676)
 (0.47081055120825466,-0.47040506040274704)
 (-0.44583750373962056,0.33467651959312156)
 (0.68225603066072504,-0.49314698193973233)
 (1.2279729264283337,1.2325110860475179)
 (-0.27795889028870036,0.25827644156035778)
 (0.052158266569485384,0.75279200546588887)
 (-0.99136611594750679,1.055115818971545)
 (-0.1241536410735212,0.39455162570665581)
 (-0.42964007430533935,0.078012405738546509)
 (0.19946058485435614,0.5712197762614033)
 (0.31220981052474273,-0.71433468846844261)
 (-0.37716571734834248,-0.24257861782070625)
 (0.076142710290980214,-0.87502972961410841)
 (0.28216633231380778,0.60261671677968542)
 (0.43378230547162983,-0.46865887987045335)
 (-0.13703958346946235,-1.1359840821204776)
 (-1.0049759262441926,-0.36554135682347805)
 (-0.34988274250236207,-0.2177408016850626)
 (-1.0862950605751247,0.056465777130161099)
 (0.020046204706909571,0.11316028551529489)
 (1.0443719657305561,1.0026763751707428)
 (1.6227015196233034,-0.95051869730571714)
 (0.71412852083207534,-0.77638533343665106)
 (0.80450070252303452,0.58103809385621252)
 (0.236511549850696,0.6447525787402435)
 (0.48259438944806898,0.019682717521150472)
 (0.55286406011926359,0.51905999645910539)
 (0.007683004640995722,-0.49826118754479742)
 (-0.20074788888655246,-0.46263062688654832)
 (2.0287272265181762,-0.14991069558821002)
 (-1.3242425281639287,-0.18395286475126915)
 (0.46490485566180806,-0.43418574398271781)
 (-0.51983305939591984,-0.37368221636373777)
 (0.029591670501570147,0.1011052913169493)
 (1.1392537290465121,-0.23726523100083974)
 (-1.4659104725975056,0.64449281406661818)
 (-0.76459636230404004,-0.50216372224213479)
 (-0.46252509558590332,0.086517420315327997)
 (-1.1744744566571299,-0.9951408440131555)
 (-1.0806041154772146,0.23846251059540147)
 (0.47535355110984812,0.39873513608915423)
 (-0.84968603327262937,0.12980451953058636)
 (-0.87253289198539918,-0.60300647983018707)
 (0.32602207183293747,-0.32435329911119787)
 (-0.19356215040221902,-0.89215758868649753)
 (-0.55333535687064905,0.059007037924481143)
 (0.43314449518364639,0.067257671462587765)
 (0.15154422185624486,-0.43391799835220518)
 (-0.77720798502512467,-0.40554865394824491)
 (1.5256917262020064,-0.037267595080771598)
 (0.4456790513292016,0.35951024971357914)
 (-1.025777343260968,0.66445840277050627)
 (0.15296298012702206,0.10918538590296431)
 (-1.7811290942952287,0.8873204329363904)
 (-0.28660245775404547,0.065208385288084633)
 (-0.24012502087726512,0.40224293167400721)
 (1.4983568397773839,0.43329142030179912)
 (-1.2634441475326246,-0.49272720561983946)
 (-0.59460995265290206,-0.48341376812481696)
 (0.28690776600544565,0.39232555267320929)
 (0.59045764141888268,0.27673347508890739)
 (0.034887977449190366,-0.79776194229299657)
 (0.88440925898687772,-0.40520171318422959)
 (1.4302088567822122,0.76134616999817628)
 (-1.0180298115783111,-0.54456715079668139)
 (0.42764045940081274,1.0419539052914122)
 (0.13217556616170192,-0.35737216481019674)
 (1.9366097211373481,-1.0134442999497353)
 (0.14015915379631289,-0.076278029563281891)
 (0.79466179235328493,-0.54565497858128575)
 (0.063340130113852505,0.5310840338865519)
 (0.16527592487249412,0.24116821308866834)
 (-0.36709347631845779,0.23330245701221089)
 (0.24858333202816202,-0.062551444763528238)
