# Created by Octave 8.4.0, Thu Dec 11 09:47:22 2025 IST <gamana@Samsung>
# name: awgn20
# type: complex matrix
# rows: 2048
# columns: 1
 (-0.31653253535504261,-0.90692813049226095)
 (-0.89494299409146827,0.94647928637038026)
 (-0.96347115750690138,0.29042913971262729)
 (0.31225705653865299,0.33256256093822106)
 (-1.0204583661564504,-0.29967421052663468)
 (-0.79141344185376872,-0.8968364857665988)
 (0.3245600188494922,-0.37477197851613475)
 (-0.93467288566188911,0.33808881000211055)
 (0.33286187312143223,-1.0585677611621136)
 (0.31792224234821076,-0.96644477974291254)
 (0.27391327005825611,0.2881496483666971)
 (-0.41198265113923571,0.31625479225137509)
 (0.92255474206137933,0.42788316131090459)
 (-0.29455094960541484,0.93325865058037927)
 (0.29095418628742964,0.84313654578187536)
 (0.91176376171097051,-1.0226224595710391)
 (-0.85000009778134156,0.96541262031605868)
 (-0.28850902409941492,0.39047941573021527)
 (-0.9934290943093842,0.43735877304918214)
 (0.93525607500080488,-0.95451674598290837)
 (-1.000030035516188,1.1234709530192832)
 (0.81976048206358643,-1.0945811998962811)
 (0.9407103018215347,-0.33133250321262986)
 (-0.91113456365852485,-0.084000672447797659)
 (0.88543067218995963,-0.98864943833121488)
 (-0.98849764624566516,0.85524165117301543)
 (-1.0635068314960494,0.35908030019031056)
 (-0.95678132483746692,0.28892135712746381)
 (-0.1829378419864395,1.0417302075057941)
 (0.3319171707354609,0.36931924735588539)
 (0.86740732056604242,0.91939725302726927)
 (0.9690528318159054,-0.37752344542216193)
 (0.34558343724250234,0.28748467166969743)
 (0.3444345219602083,-0.21021308691201157)
 (0.9132064640399753,0.31949712179827511)
 (-0.89146265053717955,-0.34694046312954768)
 (0.21971612520062478,1.0048051495257881)
 (-0.92471271948052303,0.95522367286271681)
 (0.27596312230002268,-0.90367488169326304)
 (-0.93719561515716254,-0.87822960914070269)
 (-0.86985535942796921,0.93997484371440776)
 (-0.95418275901094229,0.93508508162703963)
 (-0.30160653893949818,-1.0155729369636555)
 (-0.88001003586212689,0.82789597629019718)
 (-0.26847596909249155,-0.30986390363637906)
 (-0.35166672705002461,-0.94301109647105452)
 (-0.36878376095483356,-0.28671402343601249)
 (1.0184460200567742,0.32662946311774393)
 (0.97984011418602923,0.9970765282868701)
 (0.88183357434874532,-0.30291414980738174)
 (0.28344458406988249,-0.94916207383757645)
 (-0.92216515353842921,-0.36268559793013078)
 (-0.33160382102899177,-0.42630907121157674)
 (-0.42786989220561572,0.96405170847566557)
 (-0.39210074185315197,-0.32853951870851716)
 (-0.88812604198160017,-0.92303144765263678)
 (-0.82993230810161167,-0.98652638450979191)
 (0.44182147879239353,-0.27823511231707598)
 (-0.89450893898333284,0.4365440411965465)
 (-0.95505558357580456,0.31648026962842601)
 (0.34347383727285263,1.0087008258869052)
 (0.99076383740180307,1.0136888661683428)
 (-0.32688218261759239,0.95884690321180288)
 (-1.1057013386793375,-0.40923110077673885)
 (0.915065619305519,-0.28921444086011294)
 (0.90013112714285715,0.24133163260737783)
 (-0.29250943668674301,0.27781834431559904)
 (-0.91673789471787903,-0.25088596007248448)
 (0.88806387604242432,-0.35302108032156915)
 (-0.85776109479498497,-0.89435164232772335)
 (-0.32270987235396242,0.41545207550687691)
 (0.36552197700711203,-0.38516795540743071)
 (-0.41133662494694712,-0.97356508917430573)
 (-0.39799791021662601,0.29150193478325886)
 (-0.45309933291397064,0.29757234482939426)
 (0.98085290027944749,-0.3077916724206497)
 (0.99770228606089617,0.3101039542065972)
 (0.99623011366402225,0.89001349532479346)
 (-0.15564713638370786,-1.0075792847464535)
 (0.32019344374516528,-0.34785562944057485)
 (0.79146324497502296,-0.94058281574721347)
 (-0.90084529951743053,0.26136256826654636)
 (-0.97345234998992791,-0.97721404214494756)
 (0.95578623886338865,-0.27876267454852111)
 (0.97696460142722497,0.25897066303293681)
 (0.30738080183935695,0.32466769623045943)
 (-0.25606367473722541,0.40918485497210566)
 (-0.84213119339748777,-0.36729249192867824)
 (0.88062944715920599,0.97338404341055373)
 (-0.26266056617566352,-0.26417190152503911)
 (0.9700223099847427,0.97830654791393379)
 (0.30674658965225393,0.97043882883296573)
 (-0.31502980737778052,-0.36771491752850338)
 (0.91508971051912003,0.19191179617986989)
 (-0.99929955876909526,-0.92990754670541664)
 (-0.91601483154116947,-0.33101031344022164)
 (-0.43277427426060017,0.37937128624600375)
 (0.96909231103942395,-0.868099625201881)
 (0.28231826030995044,0.2666199548129361)
 (-0.29905827744767877,-0.89872668166035674)
 (0.91069999641947164,1.0602702385927263)
 (1.0031330209032181,-0.37823218054432189)
 (0.32291912191267907,1.0164788419312214)
 (-0.96729756116147048,-0.95421778735672069)
 (-1.0041774445488225,0.20900733644107811)
 (-0.37436677433484139,0.90242693352751269)
 (0.84563018918469324,0.30183290527801837)
 (0.30894460680639069,-0.35875436002267858)
 (-0.89670656240574775,0.25514229680308337)
 (-0.9663882985915786,0.94931117731956038)
 (0.93187946522722065,-1.0724359322474044)
 (-0.34987568172679306,-0.30968810729134294)
 (-0.2494495939522352,0.22050549032011069)
 (1.0705091699179885,0.34362799319463044)
 (1.0117982738674325,1.0013351174420082)
 (0.30910398511623771,-0.23209827769178243)
 (0.29938697417451837,0.38737140407464843)
 (0.40547257589823998,1.0977329114507799)
 (0.3087110863661135,0.2788513834015055)
 (-0.99494835454733543,0.28841141038485041)
 (1.0759056254466823,1.0083363698250889)
 (-1.0053529820325846,-0.32014159465366598)
 (0.40008871482288116,-0.32304139797467896)
 (0.95642208765150827,-0.21863629734201118)
 (-0.23826493944656052,0.25067412507806802)
 (0.88432866357790441,-1.0214649844544195)
 (1.080400838327324,0.99948550636885625)
 (0.31393700340911967,0.99368640027005417)
 (0.39075828638499155,-0.30195271637147031)
 (-1.0439876258984924,-1.0195635876959028)
 (0.82787666064418364,-0.42046353905473521)
 (0.23466609011424255,0.83393793471190025)
 (-0.8822473622807141,0.28300275465905378)
 (0.38880912621414487,0.31161584648764229)
 (0.82651444938416574,0.24858051398096997)
 (-0.83517678750511204,1.0875608660572902)
 (-0.94975813816499155,-0.34684497643201634)
 (0.29691015334532483,-0.38199810107594745)
 (-0.86963007654890778,-0.29184192128365305)
 (-0.30164452081409876,-0.93104302807784522)
 (-0.27922766379221753,-0.90592987389821888)
 (0.26497809016981549,-0.909256976234873)
 (-0.40957612428459522,0.39556350435534182)
 (-1.0211589860068375,-0.26341174534952722)
 (1.0143729500631142,-0.91896324405131791)
 (-0.94399558289931773,-0.90322866625339637)
 (0.35654251507540508,0.86955041979591097)
 (0.23321338047905596,-0.34227585739326694)
 (0.15799534193271553,0.28778410416353889)
 (-1.0714138725891318,0.23538778758404011)
 (1.0254917544908064,-0.42332240138003541)
 (-0.94246608438916368,0.87854741270230918)
 (0.35635033816853534,-0.33229152671586121)
 (-0.32805839226878658,-0.96783158252059898)
 (-0.31992468830097598,0.9651488594974541)
 (1.0946898557609104,0.85179456899366079)
 (0.2829875656193882,-0.36504974760921016)
 (0.94413420289693439,-0.24621479678453884)
 (0.93051241548767338,-0.39296122855793669)
 (0.3557944874652374,0.91850439685121321)
 (-0.34890075382830216,0.39444197719001428)
 (-0.98876598258358228,-0.28974520823882771)
 (0.24027939254107938,-1.0392834535111393)
 (0.2378022645742941,0.84415303381675999)
 (-0.28369587418368175,-0.24049772803915098)
 (1.0174592287823323,-0.86281632293692156)
 (-0.9213484506991092,0.39552060869230993)
 (-0.29998459715318593,0.88297763976864818)
 (0.96912742866509649,-0.24969102289575362)
 (0.32379670783707382,0.28657670479436254)
 (0.96187729781199105,0.943481970684238)
 (-0.36767660642250799,-0.27429154127021887)
 (0.99990446582796666,-0.43790588464299518)
 (-0.23159127103861638,0.41094619748311406)
 (0.31647616397549899,0.27765220857372441)
 (0.3873982313491075,1.0338361933650282)
 (-0.36456056500732836,0.40996624175434626)
 (-0.29233696036588253,-0.95923184792670835)
 (-0.98476467385468081,-0.2430295147059725)
 (-0.33427051556774739,-0.94449169856608106)
