# Created by Octave 8.4.0, Thu Dec 11 09:47:22 2025 IST <gamana@Samsung>
# name: rician
# type: complex matrix
# rows: 2048
# columns: 1
 (-1.1270191005318164,-0.31130813962741116)
 (-1.2408001698932665,0.89222741092395597)
 (-1.0644154617625048,0.92623820302893889)
 (-0.1348461037213684,-0.1993905646889006)
 (-0.785660357723036,0.35316783286133124)
 (0.36581026339233386,-0.33718056453590722)
 (-0.6447980016302044,0.37822047062341446)
 (0.53781453670322188,0.64812444649059742)
 (-0.16736097349076259,-1.1480468043361489)
 (0.16705365203375791,-0.28663586962689525)
 (1.3798973570245319,-1.1770709431530064)
 (1.3220986623044217,-1.0468482259256644)
 (0.15518208668669578,0.36212088540019904)
 (0.52305205078048911,-0.050225952149433595)
 (1.6027318452425361,-0.79622853042869779)
 (1.0529361440214016,-0.85194093797687498)
 (1.15075745906643,-0.56805866481484879)
 (-0.85456525192388022,-1.7522763589279224)
 (0.53829653567004709,-0.66822364083605612)
 (0.23175986215190339,0.046016973522525845)
 (0.5736197375102049,-1.3815325836359387)
 (0.16256745515556259,-0.36185142724632802)
 (-0.49269228449433156,-0.97136874248054106)
 (0.51588785914950075,0.3535960202204036)
 (-0.48683213481564075,0.045911243406391328)
 (-0.61153961634338305,-0.26854834978170028)
 (-1.3460298394703607,-0.41170705781980366)
 (-1.2649673661982568,1.1097069315056907)
 (0.18548693095038796,0.42537358199767117)
 (1.3667555330679086,0.16749736001871685)
 (-0.39196777100516766,0.42810853190809794)
 (-0.93487072806348548,0.12521118591798092)
 (-0.25595664425883496,-0.47797684058598361)
 (0.95346907056972952,-0.93984604203949063)
 (0.70660398288183068,0.58943611824199649)
 (0.042358713526776504,1.2391911730771692)
 (0.94255012212770484,-0.083495324577364027)
 (-0.38357789979661561,-0.19349683937992812)
 (-0.5948113531949486,0.70342879664736202)
 (-0.22923457863348934,-0.3037232179278912)
 (0.57497524936536282,-1.075453940742815)
 (-0.21724054135291415,-0.10998457209044517)
 (1.8543883084468886,0.015193511768713308)
 (-0.3644992491718308,-0.25484068787136682)
 (0.87972212454601273,0.35407774699245742)
 (-0.43115576738541311,0.26650522042442126)
 (0.1984454696557392,-0.37187619063740629)
 (0.78057635275656068,0.16733346172192498)
 (0.47806352328141566,-0.29026029505535117)
 (-0.82391158497579242,1.5589280481673504)
 (0.86627872500761549,-0.71157464605019694)
 (0.20964419201203827,-0.94837010640169028)
 (-0.21345683276141508,0.13826985526249452)
 (-0.086364206001178223,-0.42900992969689344)
 (1.0206146731616577,-0.30331781921758311)
 (-0.53835432106039893,-0.063081701719107264)
 (0.9466969409037731,0.9608774635198456)
 (0.18900675545421403,0.28873943311556755)
 (-0.1204879736832398,0.76476826323393343)
 (0.03192383584461872,0.31704130595544133)
 (-1.2161691938657655,0.05615009385349895)
 (-1.0113502262777709,-0.60991478145689082)
 (-0.22052470787625333,-0.039620726766545197)
 (0.60052883973942794,-0.38024799435055434)
 (-0.45779356478631533,0.36928141439177792)
 (1.3096429410164205,1.1602684519769277)
 (-0.50117433811847401,0.36361483121155574)
 (-1.0047401003088146,-0.51372399908772315)
 (-0.074876954227554415,0.12155880048785403)
 (-1.0566445088726768,1.758492654827795)
 (-0.082429632825624433,-1.1927974140573845)
 (0.036497519125725852,-0.7251459947331127)
 (0.99837020661721021,-0.17347635848970477)
 (0.3692026082445648,-0.45568623661492774)
 (0.3723496309005806,-0.48680211331747963)
 (-0.51291845330308128,-0.19688564554504501)
 (0.58109724557258224,-1.2330832078545175)
 (-1.0970755436311417,-0.37870300543219665)
 (-0.020287333887837267,1.2392381467717484)
 (-1.1114073991844995,0.76504020683369489)
 (-0.3486160463788614,-0.11940800042633216)
 (-2.3751157927289546,-1.3515276372424994)
 (-0.70238093623474729,-0.2868615990928321)
 (-0.19122900269247226,-0.36451118120289805)
 (-0.37505129115591362,-0.50594001260341792)
 (0.10125858702273582,-1.3365981651040664)
 (0.51307888646461175,0.57910582903506724)
 (1.3721130060148226,-0.15567157864782677)
 (-0.050721647511982021,0.94344238334805897)
 (-0.33903366085650694,0.77644628248272829)
 (-0.38740263939338898,-0.47939781401533027)
 (-1.2250216958023179,0.91210122326011855)
 (-0.6501116514641917,0.57525991627937523)
 (-0.13928848279942183,0.83366611247142819)
 (-0.21468224558568264,-0.51527772571285801)
 (-0.6821504033588377,0.12600795359890349)
 (-0.024276635284528947,-1.2316518853804059)
 (-1.7064380135092834,1.0876380395431964)
 (0.17224583649091496,-0.74743134308504633)
 (-0.036736246941717204,0.25974614067852031)
 (0.70728463541970388,-0.53080319579338497)
 (0.95804080687662718,-0.39749283098802024)
 (0.97502215111345614,0.51563231270195486)
 (-0.11205588722382304,0.82950897936086809)
 (-0.40831670005448195,-0.1121677689023679)
 (0.23881468352090737,1.1235586809187885)
 (-0.2214734335506694,1.743839220798274)
 (-0.68822480076465886,0.99105828264977702)
 (-0.25909201571336893,-0.79360473833325007)
 (-0.2632819973211924,-1.90261560669525)
 (-0.38052661560857393,0.2893792395727951)
 (-0.066048820021233204,0.061772952357406187)
 (0.33612941405403107,0.10924266454385687)
 (1.036789273784924,0.60382843105213868)
 (-0.32965956046024986,0.2032738916341737)
 (-0.78491799984701949,0.7024224488797568)
 (0.49457368218480313,0.21289950049370987)
 (0.40590538073386295,-0.10862531316085952)
 (1.3848023292664846,-0.068366644861832249)
 (-0.06281260008328611,0.26561167104111494)
 (0.3188182788130246,0.0030135564153606909)
 (-1.0476967565035669,-0.2412706465529616)
 (1.1145543844314094,0.35351680897691179)
 (1.7322075422309982,-0.85026760504250054)
 (-0.02046183316079786,0.87846628018447992)
 (-0.71750886717929452,0.91208502705053784)
 (0.34555525258942799,0.83299535486295129)
 (0.061934926126768985,0.86099217654377214)
 (-0.11400654897580578,0.31768510344661605)
 (-0.73724493753794196,0.57286949045521762)
 (-0.81535632241507117,0.57921527131123374)
 (0.49614120964489739,1.4330127596704803)
 (0.67665744794557492,0.76665146932850181)
 (0.25218544984281538,-0.062990081638870266)
 (0.50794082796951789,-0.18006730342888827)
 (0.17568562708090329,-0.89946290947630203)
 (-0.4354939190331526,-0.6612305355924939)
 (0.045003893172738368,-0.013824473229848176)
 (0.80076218924229337,-0.75085732314799714)
 (-0.055981913757810919,0.45322691643361696)
 (0.23260242819312776,-0.42779261894361115)
 (-0.90110791285316938,-0.020752814974978384)
 (0.0093615699288217002,-0.88019818541046924)
 (0.4577624009461046,1.3809801438095075)
 (0.72616880031705433,0.24989890902332479)
 (0.27426996470361809,-0.11297562444850945)
 (-0.49894345760309766,0.79889564304667726)
 (-0.20916203660027657,1.1837903053454426)
 (1.5973714677847406,0.58319551055260621)
 (-0.34569365216874703,-0.43301475257931432)
 (-0.04314043244182833,-0.80022095993388287)
 (0.79503546995050456,-0.2739820574997881)
 (-1.0454362230301006,-0.17463818791058314)
 (-0.1950439470091225,0.21490275668779277)
 (0.90902082778039228,-0.003176327556419889)
 (0.26584068899283575,-0.9644029185102414)
 (-0.40711248129405664,-0.79200725267025274)
 (0.32764270770028797,0.20694358223870696)
 (-0.62865209439149983,-0.21710654650990735)
 (-0.74577988530997708,-0.13205235427892623)
 (0.4248375775655629,-0.15415707233428094)
 (0.32787283837009884,-0.42430160363826042)
 (0.3111286665617421,-1.1538519340856743)
 (0.36688476963254263,0.84959027647775964)
 (-0.11304801972559197,0.40329187039346526)
 (0.247514259186494,-0.50933106615554968)
 (0.4365197645609018,-0.42034721071206727)
 (0.28068432389517761,-0.04743223433114177)
 (-0.75635592247453365,0.97976859366385771)
 (-0.30748778789034892,-0.19501724999513501)
 (0.99660437082385389,-0.57217135489714754)
 (-1.2779822644641059,-0.026175685672987115)
 (0.17173066423989625,0.39386198292235874)
 (1.0468409699655985,-0.4889579072600726)
 (-0.34829889628849442,1.3132249001485081)
 (-0.86456928690284141,-0.5967353318352715)
 (-0.11553377843934204,-0.78675791029504394)
 (-0.5869449977262734,-0.42675692153040801)
 (-0.54522221255241909,1.4919822438524595)
 (1.2434513930232989,1.4691272088645173)
