# Created by Octave 8.4.0, Thu Dec 11 09:47:21 2025 IST <gamana@Samsung>
# name: rician
# type: complex matrix
# rows: 2048
# columns: 1
 (-1.1005529919698982,-1.6945663282727765)
 (0.30297127212747232,0.18406302352805839)
 (-0.30979546378047751,0.33957178893277284)
 (0.68670315442207308,0.26165519955972627)
 (-0.40609382727402299,0.27513218381255211)
 (-0.42104950605267571,-0.049412662328910992)
 (0.41335230168114773,0.20201621373701525)
 (-1.5980330032148053,-0.52281415872883652)
 (-0.42527799725013921,0.18612638244453045)
 (-0.34900577355679796,0.27773254888930843)
 (-0.16139861843794967,1.0839248305888669)
 (0.28824710130368847,-0.30003606585175413)
 (-1.0548412982795012,-0.23465410450095875)
 (1.3034601277646101,1.4640083739911665)
 (0.77106679160500846,-0.21249124038526626)
 (0.24793184699837162,-1.2616094210994198)
 (0.24607655815379917,-1.0243638726542532)
 (0.88913016741165163,0.87917130333434912)
 (1.7820733663436554,0.036721280190902927)
 (0.9268102745904272,0.85302646716219943)
 (1.2503112258291651,0.66241948641150517)
 (0.48531432795212015,-0.29621214990716727)
 (-0.56915798804742401,-1.2139068219255598)
 (0.13166452683213786,-0.45020040452079985)
 (0.27010944808832033,0.064233199449700393)
 (0.66304541778612902,0.57564107207221216)
 (0.94269908167208805,-0.045440388190419428)
 (-0.57209307777826868,0.97846977012914182)
 (0.57364495466866616,0.78050407156186574)
 (1.1383222971200753,1.1798113255716913)
 (0.28690829252224942,-0.25388497511649494)
 (0.42560270891385465,0.50072825534168386)
 (0.36697829922590175,-0.065896736479333889)
 (-1.2239669200051895,-0.70740162209411905)
 (-0.1553738415054019,-0.78319951503005181)
 (-1.9278512467025877,1.0322882289629676)
 (-0.6525374396226189,-0.30213244122195237)
 (-0.72487403908518933,-0.38121639468343282)
 (0.066222448677680915,0.050834807479649573)
 (-0.45938272118055096,0.39943031979548921)
 (0.42225995173728909,-0.0087459770867969744)
 (0.04745842944792894,0.78119388724662298)
 (-0.77323432148463256,-0.88869653450456054)
 (0.87877042560755059,-1.1099359068912154)
 (-0.09383518681880651,0.35069200411142543)
 (-0.59720167109885347,0.20373013073798057)
 (0.028164443803104761,-0.70319475948465338)
 (0.31685312282597078,-0.54078779357400153)
 (-0.030497280043986469,0.25428242413458857)
 (-1.2121754560825257,1.2106334756334634)
 (-0.31264466769854254,-0.24083493070412512)
 (0.50247090883730006,0.018445094924407685)
 (0.88107534705547697,0.28124928456006526)
 (0.39660559060647049,0.045881116417177598)
 (0.63248598773570741,0.70224042351698412)
 (0.63168401058592216,1.4783471916513693)
 (0.41491284716044574,-0.21224053392474296)
 (0.39635253420589578,0.16763721044360569)
 (-1.2857085858302211,0.73714599881580622)
 (1.1300141430714121,-0.21133915977948453)
 (0.15616486078605052,-0.32474757054799136)
 (0.44334111933157833,0.20369090990059419)
 (0.38351282936387954,-0.41120825265360883)
 (0.62741228170219543,-0.27718521689669734)
 (0.34837838559635415,0.5145259961281482)
 (-0.51516810601322127,-0.43801389599787344)
 (-0.62660701321645274,1.2945117170260538)
 (-0.61448377354734118,-0.084964486731401556)
 (-1.1226497191583031,-1.2188984908004521)
 (0.32391027109845821,0.39751663487792022)
 (-0.17324434538613975,0.16846833007634876)
 (-0.35133801615153293,0.63581745360808917)
 (-0.15775861995525595,1.2013059550940672)
 (1.0387411081583453,0.45592431039330417)
 (-0.25480854790781843,-0.50235067227932806)
 (0.85685573639707346,-2.3119669746446814)
 (0.52632224490576207,-1.2879416938612305)
 (-0.83059721218101301,1.0469714053759094)
 (-1.5340542181745431,1.0191810150163167)
 (0.14722945281968411,0.25638851995028622)
 (-1.0588826271279341,-1.385028977542444)
 (0.84205478748519991,-0.77969632357603391)
 (0.15799499442242335,0.21563912206233665)
 (-1.2086683393223121,-0.40283336620593335)
 (0.089696690486212982,-0.22336665423288515)
 (-0.82306751610109785,-0.25397766795414345)
 (0.1076641320192082,0.2982864340628999)
 (0.33705065463987144,0.97302227898355498)
 (-1.170163148628502,0.67304565978633635)
 (-1.0290963456239599,0.53360266968030678)
 (0.33617594646786381,-0.33329940751979042)
 (-0.019416404357352562,0.38041858355773539)
 (-0.45966190750915242,-0.58847909231160167)
 (1.4260733541683068,-1.2703398167600986)
 (0.11276863528261807,-0.30422682468000639)
 (0.71528479550507085,-0.7807954931048775)
 (0.24610090097883341,-1.091276811802671)
 (0.30358950145259506,0.83728452324251057)
 (0.13142136094945522,-0.42050761428325878)
 (0.10575532719219491,0.68716817866676383)
 (0.74453942620040381,-0.56930834720692314)
 (-0.1885992796176961,0.66228327142177434)
 (-0.98825195131031651,0.31594230085979746)
 (0.13362634207985058,0.027396239611404298)
 (-1.0272288529216542,0.24426911859960915)
 (0.36519729449721633,-0.85042260225068667)
 (-1.1154175024211361,0.51345467331610406)
 (0.28390572145719284,0.32034905146282833)
 (0.078707097991881664,0.82649694848900757)
 (0.42801034515731795,0.28888463106929219)
 (0.50171510611214187,-0.65944566186366815)
 (0.5453586528726232,0.099664713658799697)
 (1.0934373545996912,-0.5672910583892965)
 (0.60353433627178843,0.79774690452911212)
 (0.23807153869683109,0.14931048012962991)
 (-0.32843259282087939,0.35287624456054284)
 (-0.77792878224830631,-0.95802303208445339)
 (-1.8815068064724731,-0.81157786989386693)
 (-0.69363729864182677,-0.58297921551026455)
 (-0.35593470102507418,0.27992519480087019)
 (0.40401372931527302,-0.20651342859995581)
 (1.1043145546968991,-0.21670846603827137)
 (0.80486577777761592,-0.49265878074477187)
 (1.3725749622573638,1.1410545883919334)
 (1.013426902068814,-1.6454817133291895)
 (-0.48376914111106911,-0.12123515653902056)
 (-0.44982200554767249,0.090337739517069721)
 (-1.6688270122764894,-0.67526899083517422)
 (0.48780422873628693,0.52860580826714521)
 (-0.69286860831281405,-0.23489966311040092)
 (-0.084872397196047167,0.90648564846002122)
 (-0.36833275374998903,-0.8999277802776724)
 (0.70833934506703777,0.53492240504423716)
 (0.53830381528402338,0.76901787921957898)
 (0.94187534906431769,0.77840614129811603)
 (-1.1571825404977967,-0.60216160180982692)
 (-0.55396800501484889,0.86918164381334551)
 (-1.2496362887546344,0.29873168041098841)
 (-1.2556931065402266,-0.3974215623572106)
 (1.1311181888623705,-1.2952991802408342)
 (-0.40304725273324227,1.1189692400007305)
 (-0.66053119549126627,0.16360617144796591)
 (-0.27382277793003018,-0.25940827945503619)
 (0.58062941036639104,0.098881123164433996)
 (1.6725182816876236,-0.51948133647652839)
 (1.2515425020592352,-0.39702999812805623)
 (0.83874611467952598,0.15580620972774531)
 (-0.38619929272759995,-0.39096151683313801)
 (0.12093335667541598,0.34839878869358287)
 (0.19573300260492429,0.77892539331281652)
 (0.62031168402863257,0.68949213779506213)
 (-0.66821176293002194,0.22535832697513172)
 (-1.1622555919312256,0.68667372451362685)
 (-0.92909815784660454,-0.030003482082078869)
 (1.8257964568976683,-1.2368835447707538)
 (0.58907325779092956,0.34027583873466516)
 (-0.53671470574148517,0.42453218972352325)
 (-0.45099779571082077,-0.69505242324402672)
 (1.0506310607182012,-0.58086268488478154)
 (0.12779206738576773,0.55999832961696727)
 (-0.61571012620094023,1.1465941854452959)
 (-0.81117066761120182,0.1525466095032246)
 (1.0822857771066414,-0.40068519588150692)
 (0.69241524211588523,-0.0041925953054737786)
 (0.11242612284821223,-0.23850237300584692)
 (0.48533125547647066,-0.35182661622211436)
 (0.15396011168991583,-0.51663372431078936)
 (0.33734342027854763,0.21763375429738871)
 (0.90489726593132991,0.39696464844230822)
 (1.9768314906000308,-0.43140130263659304)
 (-0.99067438481818371,-0.3780146264323615)
 (-1.182939049531512,1.533420564779131)
 (1.113373136547168,-1.1345053975174397)
 (0.88935467906832688,-0.4329646131549284)
 (0.3486159979856906,-1.2435823549818243)
 (-1.0219443209972068,-0.88914466532807501)
 (0.85714962141786588,-0.0096240414512743233)
 (-0.40440491556091668,0.50166048223819748)
 (-0.96102252009009048,-1.33950108722432)
 (-0.18232644186696015,-1.0097280065444385)
