# Created by Octave 8.4.0, Thu Dec 11 09:47:21 2025 IST <gamana@Samsung>
# name: rayl
# type: complex matrix
# rows: 2048
# columns: 1
 (0.9534989524387748,-0.95542068697475824)
 (-1.4605066914319336,-0.56787154278599528)
 (1.1414355107258289,-0.30298851534917809)
 (0.18474496993193107,0.16588918352839543)
 (0.98597519324343708,0.128073914589724)
 (-0.26158479065728102,0.036502717871318008)
 (-0.39475968482202262,-0.033046776638109038)
 (-0.87918482706349088,1.8679953438674075)
 (0.6804767652600745,0.80359840757365908)
 (0.20578141172094286,0.92773685596360489)
 (0.011126399498435538,-0.061375136941487128)
 (-0.10086319069869636,0.08691231810860095)
 (-1.189048307185995,-1.0422439284987308)
 (-0.27447267797189989,-0.052914333803639732)
 (-0.90629015920232325,0.630028512911049)
 (-0.10501857036778828,-0.42710290873270518)
 (-0.38392503107103532,-0.26152265253879065)
 (0.23907935460016688,0.16594103631239288)
 (-0.92362870686010523,0.82181231390625853)
 (-0.36257182942487542,-1.2972867976418418)
 (0.23765368359847097,0.64238731132507432)
 (0.038664534160726405,0.65309299122441844)
 (0.56936958884451649,0.57958406315004063)
 (0.48019470210647813,0.27503182697133094)
 (-1.6386884902191283,-0.70398248314646694)
 (-0.23425187879166959,1.0327382724884306)
 (-0.90930871897449927,-0.14356307862523429)
 (-0.87746732563646945,0.48463955627153765)
 (1.0488630922192366,0.24772605545035947)
 (0.44195692016139232,0.89375394750169734)
 (-0.81460843573767405,2.0242564977877233)
 (0.065848094174821903,0.23342659659664916)
 (0.032058812072885273,-0.478384319333504)
 (0.9356026212407812,0.0086112876208783717)
 (0.10798739626347625,-0.056828056124326919)
 (-1.9350405986133234,0.048147770851404537)
 (0.92167347625033913,-0.1016775469006464)
 (-0.22572154922488719,-0.96444483606639486)
 (-1.6595274568408627,0.94580168788006813)
 (0.53729182597378888,0.050896472724996172)
 (0.35817371715677576,0.035759960507095637)
 (0.40806242854445962,0.27756711030162495)
 (-1.7055770869696563,-0.11847580445344008)
 (-0.47618124590683575,-0.97502034022504513)
 (1.3269664325793751,-0.30178052804261368)
 (0.13184543315177527,-0.1441208627652284)
 (-0.66402407838814614,1.037979182236626)
 (0.3252269208481427,-0.96208040788836713)
 (0.22121715916376011,-0.75263583118648392)
 (0.029211920202795474,-0.14705751955459423)
 (0.31545217726712343,0.46855665155567822)
 (-1.340824212279919,0.31022435603712589)
 (0.96986051949606078,0.13842014766342048)
 (0.15437680567729806,0.28230567808223689)
 (-0.17805129947705892,-0.64000381083702162)
 (-0.61420207930005122,0.22856836957709939)
 (0.3626588209727038,-0.31378535383678868)
 (0.61444652450284543,0.19678736260654289)
 (0.84358844465480431,-0.25576794752658283)
 (-0.1773482213235541,0.76595762883100216)
 (-0.19356707126565983,0.10546086071327034)
 (-0.10235584288443147,0.24191096560904476)
 (0.39328888698393666,0.60603506874210744)
 (0.8842075483200349,-0.30393619570784181)
 (-0.38925816016959025,0.33854998877531067)
 (0.37391063488879406,-1.487244209366259)
 (-0.72392268206802535,1.1046787143214685)
 (-0.057995818631512763,-0.38295403424531066)
 (-0.95822746903014433,-1.4205490476761287)
 (0.0043968757037402273,0.78251798484108737)
 (-0.31030345704347295,0.46971842294559629)
 (-0.69022663106367832,-0.32158914070411282)
 (1.4666799839719944,-0.61210328550515336)
 (0.64561119059393834,-0.14944779965594845)
 (1.1162347440737761,-0.43249310541677116)
 (-0.49527873236604869,-0.46497941880452159)
 (-0.21815670923201944,0.13366967449545644)
 (0.024140163492442357,-1.5070012544579399)
 (0.94353994542743558,-0.29050549092809619)
 (0.36886842513406992,-0.31583766315544903)
 (-0.027245399605786202,-1.1551381032176011)
 (0.12958355248620712,0.05083008556227233)
 (-0.19844045674142441,-0.92727619564924968)
 (-0.23788017762170729,0.032601827197809047)
 (-0.10868510469274162,1.2219677699679985)
 (1.0223769220802192,0.47809196515111924)
 (-2.0149214583833706,-1.3013355380324707)
 (0.075856282039628492,-0.11228337867137686)
 (0.032783263627821857,0.97849514709801988)
 (-0.032521482850237815,-1.7155759977122713)
 (-0.12529905638721983,0.21544343276729744)
 (-0.30402596995366338,0.37322386456285339)
 (0.76275540385342155,-0.5998317925189921)
 (1.1986734248858415,-0.28130729727081655)
 (0.16774148223998894,1.1006530090409581)
 (-1.3072884399046849,-0.48346976095240446)
 (1.2179755236571768,1.1488988669091655)
 (-0.50910433376836906,-0.48362786433296118)
 (-0.061603467792651655,0.14188695942117091)
 (-0.072161447611190088,1.4694447186286486)
 (0.38393935611829033,-0.35394356477427907)
 (0.024310121568133745,-0.031283710295755843)
 (0.063586994262355312,0.053666302483595746)
 (0.74287260789270004,-0.49749639401866574)
 (0.0098327864241731754,-0.050384702625941052)
 (0.054520995943757672,-0.37737183758442272)
 (1.349134252580223,1.6895579950626489)
 (-0.53742308567749619,-0.40935956744513535)
 (0.49936799967441314,-0.16094389228190975)
 (-1.2653926339524069,-0.095712392435652327)
 (-0.10230422407921926,0.085768022764363086)
 (-1.3190711221413587,1.0028194819190857)
 (0.16083865139661585,-0.23904309979106991)
 (-0.092573069039991129,0.31682068618753328)
 (0.2671232324364694,0.57471764709674)
 (0.6883605544402851,-0.63238464620111112)
 (-1.0363195044841531,1.8507204391352505)
 (-0.24122154706028934,0.64318285106997575)
 (-0.65647721649928525,0.15859178148111788)
 (1.0624523778080384,-0.50597459779175535)
 (0.26571184218436361,0.23227500760203745)
 (0.059078793434449384,0.66935294273862367)
 (-0.69770515715790415,0.10391480650751758)
 (0.26413220659875147,-0.36182765847121301)
 (-0.80928214222169692,-0.96166148772776161)
 (-0.094154703929438421,0.076658304954104889)
 (-0.67953502567110524,0.44327680851762785)
 (-0.46613360348758515,-1.2815130461430089)
 (0.78405990307201268,-0.73764054746058305)
 (-0.42941762521732663,-1.6516173586900658)
 (0.044194123206079211,-0.45357664155876576)
 (0.047859963747933776,0.61599577070139988)
 (0.82812347747714932,1.2151670652900317)
 (0.12005721776994016,-0.34051167035520813)
 (-0.21975144316074627,-0.080442439608467448)
 (0.5433063846601216,-0.28918215683399873)
 (1.5981885409989947,-0.62179680028591666)
 (-1.2817067180602422,-0.076833904318033497)
 (0.16223951692359534,-0.0078736600491840641)
 (0.021351176543233097,0.3455109592181102)
 (0.5069247835738443,-0.3090527329478206)
 (1.6404712119416585,0.186893833624446)
 (0.099630619129430831,-1.4596123645297823)
 (0.053854980870854982,-0.10870537326299394)
 (-1.2082457695716127,-0.45953138864956372)
 (0.36853737244655854,0.018880065370068394)
 (-1.1766400896724152,-0.68263148530874351)
 (0.060345122706728815,-0.71166644882749508)
 (-0.77328598041220065,0.59030968347718515)
 (-0.19606880488635986,0.29623806834088173)
 (1.2843960631376554,0.36626344540746097)
 (-1.4696167690017794,-0.9042123435487146)
 (0.40123810395439286,0.17685644076981955)
 (-0.31987571746425103,1.2682207241155279)
 (0.70435018771452307,0.77622123517845798)
 (-0.41103482969558625,0.55229334488502102)
 (0.31814356412809719,0.51710593644019909)
 (0.20239472731896405,0.13988282885116668)
 (0.11860808946901494,-0.17570001039805103)
 (0.88658546774931468,-0.46840145888754015)
 (0.09466757592112901,0.36483730630590183)
 (-0.026286519940619701,-0.33821420472010272)
 (-0.37333988411732216,-1.5656459882769749)
 (0.16256354599316691,-0.37429967572754658)
 (1.2896818123821465,-0.088906194440081299)
 (-0.036354450173321888,-0.056777781447628177)
 (0.24720426856476096,0.40414571050568726)
 (0.044241512695832819,0.2289490194187917)
 (-0.32700840829123146,0.80142596853741277)
 (0.76922703395406655,0.069350801641618914)
 (-0.77491629414001562,-0.18603150021206968)
 (-1.1901797841825599,-0.31337337678563149)
 (-0.066864847390504897,-0.21576760923556915)
 (-0.82105992993384325,0.92850966052965367)
 (-0.09129773721612254,-0.28630870963640692)
 (0.47521295243990003,-0.31718909768751702)
 (1.4268516587299436,0.11912780392840511)
 (0.010149306211730508,0.066355533438310271)
 (0.43913466215421909,0.039919795175499984)
