# Created by Octave 8.4.0, Thu Dec 11 09:47:22 2025 IST <gamana@Samsung>
# name: awgn20
# type: complex matrix
# rows: 2048
# columns: 1
 (0.92844925389613686,-0.3246157627167906)
 (0.8672816695424449,-0.95915870766741329)
 (-0.9614291942029326,-0.24268870254388608)
 (-0.87363289201172256,0.28786022002464351)
 (0.92007388726952311,0.3120866953622301)
 (0.83205787404876674,-1.0573944446848851)
 (0.27567049246445741,0.17122515012206413)
 (0.9402557867634721,0.31784966477516263)
 (-0.43612973231869473,0.43831354539970602)
 (0.25125366411747452,-0.96880927971272712)
 (-1.0612499156341133,0.92938838653929068)
 (0.96274996096084675,0.28158329693832979)
 (0.88900782969186132,0.95133515600293916)
 (-0.37196537259524981,-0.89857183804324214)
 (-0.98503562114578458,0.36343799748885292)
 (0.23327161811353989,-0.41816707146685173)
 (0.30541639180577651,-0.42109556787647806)
 (0.97859041926395118,-0.091670292670227832)
 (0.8739223668351388,-0.36314630745630339)
 (-0.94072048110340611,0.34198434694390095)
 (-1.0435275666578756,-0.30816865006593791)
 (0.98530478008988676,-1.047399477844158)
 (-0.29399738787834506,-0.28041540590875635)
 (-1.0082944300352688,-0.24928889362965895)
 (0.92353238762127432,0.4037101970968035)
 (-0.29666810119956138,-0.37634273598941026)
 (0.93603269539000866,0.22385644124486023)
 (-1.0977502595669413,0.95207807508403264)
 (-1.0448950001495056,0.3552670253957404)
 (0.85801331173789297,0.27907585840619048)
 (0.94780364890196289,0.85715010793483981)
 (-0.9864772513522071,-0.36508960485766456)
 (1.0152231034891857,1.0229524779388206)
 (0.92551303727262146,0.97007067424787552)
 (0.93762576336055714,0.21377899583264154)
 (-0.97057213200008963,-0.25198143347189189)
 (-0.923657414399637,-0.41396542867649083)
 (-0.43479859702033968,0.92754659089179659)
 (-0.92678111673880459,-0.19574300442016404)
 (-0.37257389041924421,-0.28798799644183537)
 (-1.012375460966894,-0.83672427066568966)
 (0.35021795858368776,-0.89503041271730588)
 (0.98168946966329995,1.0359241235248464)
 (0.27531835585451242,-0.97440174766375887)
 (0.90688903083696593,-0.44630929550753728)
 (-0.96258941819394561,0.23971034700509508)
 (-0.34430723633168936,-0.89073715139543497)
 (1.0175199639054913,-0.31914037791330402)
 (-0.91267264764429434,-0.84020834454224025)
 (-0.90816503145551475,-0.95894799704743372)
 (0.34183802434437,0.97645194399099466)
 (-0.2804669856703032,-0.2515574449311036)
 (-0.88419060242674052,-0.32590044843614591)
 (0.3822794107934655,0.93994055115038921)
 (-0.4036390660437652,0.37714820351726897)
 (-0.92681462043329854,0.35380440707601013)
 (0.38499822853042664,0.82187232785568187)
 (-0.86576756767057117,-0.39766761029879888)
 (0.97956518101626699,0.22068985964195681)
 (-0.84300823440015926,-0.3986159713788241)
 (-0.88270404107343148,0.38692335869069905)
 (-0.37007183284174594,0.93885551399203715)
 (0.88633949282585622,-0.81666560351525486)
 (-0.31027630925512739,-0.92340019341946755)
 (-0.88516475731698518,0.90438086973385778)
 (0.93995315316273564,-0.30532463538148913)
 (0.90931778384478124,1.0199438401026653)
 (0.28754962407887741,-0.94333691303698652)
 (0.23444473581231795,-0.37331155586426135)
 (0.34709437716500496,1.1200536491563187)
 (0.86084841492741804,0.21989880643054013)
 (0.26490945064705484,-0.37115346432527618)
 (-0.3149717140948643,-0.25514886466093245)
 (-0.97837679614335404,-1.0715185058253227)
 (-0.32739872000953657,0.91987459453168807)
 (-0.83409455587227144,-0.42704057961074438)
 (0.27643120756939987,-0.81513882640093194)
 (0.98468649586950074,0.87432004382956374)
 (-0.86527349161856737,-0.37032904837951441)
 (0.88792968011157913,1.0267408937603149)
 (0.20465842920016791,-0.85148821279792863)
 (-0.89734393801885004,0.26279205550727025)
 (0.87112202308808384,-0.30946587589326907)
 (0.32120979153169837,-0.29902659818474503)
 (0.24592190336848344,0.36490429481233538)
 (-0.8766563936164673,-0.31615647108386263)
 (0.97044704424115813,0.29823879653633156)
 (-0.96151475407918219,-0.30646719547743456)
 (0.97751622776677827,-0.88069039615725608)
 (-0.28566923682496176,-0.8207051544722973)
 (0.88033129083231354,-0.36311991610335725)
 (-0.37867042631985082,-0.2551501629462769)
 (0.25895485613828406,0.92059080304373075)
 (0.34178315612474208,-0.943637683051468)
 (0.86572665136872096,-0.33719123762135461)
 (-0.9549016218444969,0.90707628120426043)
 (0.43026164761741381,0.91526358176556111)
 (-0.93525978513779895,-0.49314632814765441)
 (-0.92385830986025086,-0.89296321974548332)
 (-0.24828294268640411,-0.94505949766480368)
 (-0.98278583407363029,0.89400582096652337)
 (0.28427837649722726,0.92914424494365322)
 (0.82653563778954675,1.0091905495670603)
 (0.27083744385759184,0.95971089826260525)
 (-0.15945414579043454,-0.86652694708026434)
 (-0.98081089951138134,0.40920523712276702)
 (-0.28826734913268476,0.27730385592252682)
 (1.011993296526208,0.95025792754861738)
 (0.3589059506140298,0.90191348001866412)
 (-0.27243099858758679,-0.86949547374442748)
 (0.96157293134060118,0.83265458281888804)
 (0.35680009461277384,1.0051822169545546)
 (0.9229177139452065,-0.41124757329055689)
 (0.31678981699548753,-0.90848149592938765)
 (0.95601161536214152,0.96165774636428381)
 (0.95600643692602283,-0.35160449815700356)
 (1.0180101772448331,-0.90104047690017197)
 (0.42295426852028084,-0.93857945887198591)
 (-0.26450771147882329,0.91682850950462014)
 (0.96398262834181481,0.99282913370383619)
 (0.96332543918994118,1.1485443930227985)
 (0.96892025201754894,-0.25454202720417018)
 (0.85412343014184433,-0.97772443601895642)
 (-0.89817157903374845,-0.33074552589658207)
 (0.42468628020160099,0.28586000190726402)
 (-0.90128504308712953,0.33372706904431004)
 (-0.22549973362975739,-0.33653790381686138)
 (0.31307153913328023,0.86985287309840609)
 (-0.27666596380101682,0.9716172179223892)
 (0.31409136287586775,0.36128501243034516)
 (-0.28308674711181292,-0.86923536819535185)
 (0.97204978599608904,0.2812396548027668)
 (-1.0124657940545414,0.21949960536892288)
 (0.95423659930882887,-1.1002645319358799)
 (-0.98752587685691451,0.45272748302167287)
 (-0.93798293161672408,-0.93542460661452442)
 (1.0636161660311956,-1.025793814240084)
 (-0.86002588467429331,1.1514282371087614)
 (0.35526263352114179,0.95617521718367571)
 (-0.92780947475974462,0.15145313139673172)
 (-0.96185726838495933,-0.31913798896855178)
 (-0.97665983397225453,-0.21872068126398461)
 (1.1206841009607353,0.3843939835313786)
 (0.34171318026613867,0.4193833814597594)
 (-0.87473133052863306,0.86390272548388936)
 (0.92260815942295216,-0.92008547952685427)
 (-0.82344359789646882,-0.22025587413689901)
 (-0.29648082205804582,0.97514441536065688)
 (0.32299348337096756,-0.29813887322012905)
 (-1.002773398938511,-0.3378084452655854)
 (-0.99819694838160011,0.33549945983830265)
 (-0.71125190089810797,0.43376272659830012)
 (0.93540996267667742,0.38209643236317636)
 (-1.0758592778235232,-0.29126908026797999)
 (0.33748865890713031,0.24218728010635268)
 (-0.40266520342023748,0.94084769804698432)
 (1.0077486475274517,-0.98604263840942341)
 (-0.94171923320703743,0.4901386614869444)
 (0.32809139798963138,0.41472991326799058)
 (0.3123331968658814,-0.28235803898711892)
 (-0.32357679447020055,-0.95260422261652189)
 (-0.91803904838398387,-0.82175661595112859)
 (-0.78545880380578248,-0.95340990701163786)
 (-0.93497711026083175,-0.98937100698474123)
 (0.90147318843037283,0.33080603506723516)
 (1.0076278879056111,-0.3474265291609191)
 (-0.2932261808625618,0.98209195317203901)
 (0.92959161169195315,-0.38404711109136647)
 (0.2709615625303905,0.83031503972842291)
 (0.853220596428236,0.88015976595019352)
 (-0.32782884492495573,-0.85682488066776175)
 (-0.30275157252903773,0.98941240608042258)
 (-0.76124477118987532,0.32399167595988015)
 (0.34859569842904198,-0.93955158701989172)
 (-0.98944157832806068,-0.82188147376205856)
 (0.35003529957667212,-0.36308539886815683)
 (0.29209367385610602,-0.41066796992073107)
 (0.2872516185183448,0.41873399417066498)
 (-1.0239748211640349,-0.91369824539332578)
 (0.46377404233027419,0.91182265413224728)
