# Created by Octave 8.4.0, Thu Dec 11 09:47:21 2025 IST <gamana@Samsung>
# name: clean
# type: complex matrix
# rows: 2048
# columns: 1
 (-0.94518226976121256,0.94518226976121256)
 (0.31506075658707089,-0.31506075658707089)
 (-0.94518226976121256,-0.31506075658707089)
 (0.94518226976121256,-0.94518226976121256)
 (-0.94518226976121256,0.31506075658707089)
 (-0.94518226976121256,0.31506075658707089)
 (0.31506075658707089,-0.94518226976121256)
 (0.94518226976121256,-0.31506075658707089)
 (0.31506075658707089,-0.31506075658707089)
 (0.94518226976121256,0.31506075658707089)
 (0.94518226976121256,-0.31506075658707089)
 (-0.31506075658707089,-0.31506075658707089)
 (-0.31506075658707089,-0.94518226976121256)
 (0.31506075658707089,-0.31506075658707089)
 (-0.94518226976121256,0.94518226976121256)
 (-0.94518226976121256,0.31506075658707089)
 (0.31506075658707089,0.31506075658707089)
 (0.31506075658707089,0.31506075658707089)
 (-0.94518226976121256,-0.31506075658707089)
 (-0.94518226976121256,0.94518226976121256)
 (0.31506075658707089,-0.31506075658707089)
 (-0.31506075658707089,0.94518226976121256)
 (-0.94518226976121256,0.31506075658707089)
 (-0.94518226976121256,-0.94518226976121256)
 (-0.94518226976121256,0.94518226976121256)
 (0.94518226976121256,-0.94518226976121256)
 (-0.94518226976121256,0.31506075658707089)
 (0.94518226976121256,0.94518226976121256)
 (0.94518226976121256,0.94518226976121256)
 (0.94518226976121256,0.94518226976121256)
 (-0.94518226976121256,0.94518226976121256)
 (0.94518226976121256,-0.31506075658707089)
 (0.31506075658707089,0.31506075658707089)
 (0.94518226976121256,0.31506075658707089)
 (-0.94518226976121256,-0.94518226976121256)
 (0.94518226976121256,0.94518226976121256)
 (-0.94518226976121256,0.94518226976121256)
 (0.94518226976121256,0.31506075658707089)
 (-0.94518226976121256,-0.94518226976121256)
 (0.94518226976121256,0.94518226976121256)
 (0.94518226976121256,-0.31506075658707089)
 (-0.31506075658707089,-0.94518226976121256)
 (0.31506075658707089,-0.31506075658707089)
 (-0.31506075658707089,-0.94518226976121256)
 (0.94518226976121256,-0.31506075658707089)
 (-0.31506075658707089,0.94518226976121256)
 (-0.31506075658707089,-0.94518226976121256)
 (-0.94518226976121256,-0.94518226976121256)
 (-0.94518226976121256,0.31506075658707089)
 (-0.31506075658707089,-0.94518226976121256)
 (0.94518226976121256,-0.31506075658707089)
 (0.94518226976121256,-0.94518226976121256)
 (-0.94518226976121256,-0.31506075658707089)
 (0.94518226976121256,0.94518226976121256)
 (0.31506075658707089,0.31506075658707089)
 (-0.94518226976121256,0.94518226976121256)
 (0.94518226976121256,0.31506075658707089)
 (0.31506075658707089,0.31506075658707089)
 (0.31506075658707089,0.94518226976121256)
 (-0.31506075658707089,-0.94518226976121256)
 (0.31506075658707089,-0.94518226976121256)
 (0.31506075658707089,0.31506075658707089)
 (-0.31506075658707089,0.31506075658707089)
 (0.94518226976121256,0.31506075658707089)
 (0.94518226976121256,0.31506075658707089)
 (-0.94518226976121256,0.94518226976121256)
 (0.31506075658707089,0.31506075658707089)
 (0.31506075658707089,-0.31506075658707089)
 (0.94518226976121256,0.94518226976121256)
 (-0.94518226976121256,-0.31506075658707089)
 (0.31506075658707089,-0.31506075658707089)
 (-0.94518226976121256,-0.94518226976121256)
 (0.94518226976121256,-0.94518226976121256)
 (0.31506075658707089,-0.31506075658707089)
 (-0.31506075658707089,0.31506075658707089)
 (0.31506075658707089,-0.94518226976121256)
 (-0.31506075658707089,0.94518226976121256)
 (-0.94518226976121256,0.94518226976121256)
 (-0.94518226976121256,0.94518226976121256)
 (0.31506075658707089,-0.94518226976121256)
 (-0.94518226976121256,-0.94518226976121256)
 (0.94518226976121256,-0.31506075658707089)
 (-0.94518226976121256,-0.31506075658707089)
 (0.94518226976121256,-0.94518226976121256)
 (0.31506075658707089,-0.94518226976121256)
 (0.94518226976121256,-0.31506075658707089)
 (0.94518226976121256,0.31506075658707089)
 (0.31506075658707089,0.94518226976121256)
 (-0.31506075658707089,0.31506075658707089)
 (0.31506075658707089,-0.94518226976121256)
 (-0.94518226976121256,-0.31506075658707089)
 (-0.31506075658707089,0.94518226976121256)
 (0.31506075658707089,0.94518226976121256)
 (0.31506075658707089,0.31506075658707089)
 (0.94518226976121256,0.94518226976121256)
 (-0.94518226976121256,-0.31506075658707089)
 (0.94518226976121256,-0.31506075658707089)
 (0.31506075658707089,-0.94518226976121256)
 (-0.31506075658707089,0.31506075658707089)
 (0.94518226976121256,-0.94518226976121256)
 (-0.31506075658707089,-0.94518226976121256)
 (0.94518226976121256,-0.31506075658707089)
 (-0.31506075658707089,0.94518226976121256)
 (-0.31506075658707089,0.94518226976121256)
 (-0.31506075658707089,0.31506075658707089)
 (0.94518226976121256,-0.94518226976121256)
 (-0.31506075658707089,0.31506075658707089)
 (-0.94518226976121256,-0.31506075658707089)
 (-0.94518226976121256,-0.94518226976121256)
 (-0.94518226976121256,0.94518226976121256)
 (-0.31506075658707089,0.31506075658707089)
 (-0.94518226976121256,-0.31506075658707089)
 (0.94518226976121256,-0.31506075658707089)
 (-0.31506075658707089,0.94518226976121256)
 (0.94518226976121256,0.94518226976121256)
 (-0.31506075658707089,0.31506075658707089)
 (-0.94518226976121256,0.94518226976121256)
 (-0.94518226976121256,-0.94518226976121256)
 (0.94518226976121256,-0.94518226976121256)
 (-0.31506075658707089,0.94518226976121256)
 (0.94518226976121256,0.94518226976121256)
 (-0.31506075658707089,0.31506075658707089)
 (-0.31506075658707089,0.31506075658707089)
 (-0.31506075658707089,0.31506075658707089)
 (0.94518226976121256,-0.31506075658707089)
 (0.94518226976121256,0.31506075658707089)
 (-0.31506075658707089,0.94518226976121256)
 (0.94518226976121256,0.31506075658707089)
 (-0.94518226976121256,-0.94518226976121256)
 (0.31506075658707089,0.94518226976121256)
 (-0.31506075658707089,-0.94518226976121256)
 (-0.31506075658707089,-0.94518226976121256)
 (-0.94518226976121256,0.31506075658707089)
 (-0.94518226976121256,-0.94518226976121256)
 (0.94518226976121256,0.31506075658707089)
 (-0.31506075658707089,-0.94518226976121256)
 (-0.31506075658707089,-0.31506075658707089)
 (-0.94518226976121256,0.31506075658707089)
 (0.94518226976121256,-0.31506075658707089)
 (-0.94518226976121256,-0.31506075658707089)
 (-0.94518226976121256,-0.31506075658707089)
 (-0.94518226976121256,-0.31506075658707089)
 (-0.31506075658707089,-0.31506075658707089)
 (0.31506075658707089,0.31506075658707089)
 (-0.31506075658707089,0.94518226976121256)
 (0.31506075658707089,-0.94518226976121256)
 (0.31506075658707089,-0.94518226976121256)
 (-0.94518226976121256,0.94518226976121256)
 (-0.31506075658707089,-0.94518226976121256)
 (-0.94518226976121256,0.31506075658707089)
 (-0.31506075658707089,-0.94518226976121256)
 (-0.31506075658707089,0.31506075658707089)
 (-0.31506075658707089,-0.94518226976121256)
 (0.31506075658707089,-0.31506075658707089)
 (-0.94518226976121256,-0.94518226976121256)
 (-0.94518226976121256,-0.94518226976121256)
 (0.94518226976121256,0.94518226976121256)
 (-0.31506075658707089,0.31506075658707089)
 (-0.31506075658707089,0.94518226976121256)
 (-0.31506075658707089,0.94518226976121256)
 (0.94518226976121256,0.31506075658707089)
 (0.94518226976121256,0.31506075658707089)
 (-0.31506075658707089,-0.31506075658707089)
 (0.31506075658707089,0.94518226976121256)
 (0.31506075658707089,0.31506075658707089)
 (0.31506075658707089,0.31506075658707089)
 (0.94518226976121256,-0.31506075658707089)
 (0.31506075658707089,-0.31506075658707089)
 (0.94518226976121256,-0.31506075658707089)
 (-0.31506075658707089,-0.94518226976121256)
 (0.31506075658707089,-0.31506075658707089)
 (0.94518226976121256,0.31506075658707089)
 (-0.31506075658707089,0.94518226976121256)
 (0.31506075658707089,-0.94518226976121256)
 (0.31506075658707089,0.94518226976121256)
 (0.31506075658707089,0.31506075658707089)
 (-0.31506075658707089,-0.31506075658707089)
 (0.31506075658707089,-0.94518226976121256)
