# Created by Octave 8.4.0, Thu Dec 11 09:47:22 2025 IST <gamana@Samsung>
# name: rayl
# type: complex matrix
# rows: 2048
# columns: 1
 (-0.47830003547598743,-0.82074872901652052)
 (1.5594270274575592,1.000239856838447)
 (-0.076169833874439416,0.023940209666906197)
 (0.61614893961051687,-0.028850046501643856)
 (0.61340871835196387,-0.053137623166413572)
 (0.0019265749366941809,-0.31838357321367472)
 (0.047279195556171938,-0.1511426675898325)
 (2.0072532297692476,-0.12771166369261955)
 (-0.20248079439972347,0.85831567628603911)
 (0.21332356903081739,-0.41211643064935943)
 (-0.60019568159748959,-1.6531920843622057)
 (-1.5862948902452625,-1.2201412128847711)
 (0.054232255866213219,-0.13433509728764012)
 (0.40913871551032638,0.23886164425082598)
 (1.194319008302106,0.9079492855772251)
 (-2.1415219434038342,0.26828032165966387)
 (0.42523466251513597,-0.20073368804363378)
 (0.70833464268737489,-1.0591215983191167)
 (0.98740600476279616,0.82901539211165887)
 (0.037067859067055814,-0.28892151125027066)
 (-0.078684589878023889,-0.38775716027197843)
 (-0.094017728726919936,0.33961846360521158)
 (0.083736591291178525,-0.58054048066711916)
 (0.58544165363071965,-0.013863872691556339)
 (0.040796732443027006,-1.5039247716608202)
 (-0.16977431980099508,0.040686966014920362)
 (0.17540296655595522,0.66787296544712205)
 (-0.87191294126364105,-0.26326353464503588)
 (0.25838800378797294,0.21675686052511042)
 (-0.6354769195461103,0.7650510416731634)
 (0.35977560456687679,0.11317925491730757)
 (0.31819525586232345,1.0138541112627177)
 (3.192724595041371,0.85086171503078312)
 (-0.1458325658166276,0.21359646260110102)
 (0.18930430483635688,-0.33948318138435696)
 (0.35699702969533142,0.54837445128176543)
 (0.77436560636144292,-0.38424303880346872)
 (0.095605240129515712,0.42602110871751647)
 (-0.40970093863007057,1.1469089143945299)
 (-0.3424238572529818,0.29210303680138588)
 (-0.4477815191266844,2.216031079750278)
 (0.1644726771794715,0.12225910345392227)
 (0.49481440311368968,-0.065461985395179403)
 (-0.53479024134002728,-0.16085747245059068)
 (-0.83641093851391601,0.083002799357357659)
 (0.63150518955089774,0.033799447903548385)
 (-0.20296768845791247,-0.071859000385092867)
 (0.21241035056980784,-0.89914731739156295)
 (-0.71355519791207334,-0.439904560586589)
 (-0.15225941403573373,0.95845854239762407)
 (-0.65497627309292494,0.9826770552912758)
 (0.25506151906792823,1.4881093153650977)
 (-0.022372611105942367,-0.070641082841113104)
 (0.34033951781634408,-0.60478270211378438)
 (0.0016506414935622549,-0.83348878581437247)
 (0.21595467856035283,0.13603727444060398)
 (0.39109206761918519,-1.0675807321787565)
 (0.4598733731507858,0.17033507244736615)
 (-0.28137982640839693,0.30602403358103436)
 (0.49293144311410486,-0.3093361538808026)
 (-0.68193495285865724,0.06917448902949766)
 (0.21433821744054557,0.62756689839491075)
 (-0.12764002460745361,0.37466560250685044)
 (-1.034097037965934,-0.3642057146909139)
 (0.12904195485334158,0.0080338759880366276)
 (0.26430355496844982,1.5301030694759641)
 (-0.37876763534573055,0.043313706993797857)
 (2.1142091431628476,0.07773484986365542)
 (-0.30126514015242095,-1.0167664693008835)
 (0.89481551783399582,1.4059606985471078)
 (0.38384656103010134,0.3274199392685388)
 (0.077734234765661769,-0.18345387006135522)
 (-0.22270592272417786,0.060826151824936364)
 (-0.0093547484799267056,0.41098998849286561)
 (1.438071816957867,1.2756290655852613)
 (-0.079364332001926913,-0.98047149642925113)
 (-0.60464344053911434,0.80806704660264939)
 (-0.081275028678021388,1.5819229583794949)
 (-0.56588179428425012,-0.046435206300814408)
 (0.68619210930613461,-0.4474212287773715)
 (0.090783366458655271,-0.2327270465786907)
 (-1.1730132414792016,-1.4350262005745478)
 (-0.36436407860471065,0.17825275704740151)
 (0.41025702546171366,0.33796340178008516)
 (0.41600033472629877,0.21665807676515986)
 (-0.42335423444013798,-0.44842467502414607)
 (-0.12369395011922751,1.3738380563174148)
 (-0.64291586721915828,-0.15905525133224052)
 (0.52984805688571723,0.47310483541913295)
 (1.4072584398613464,0.52224290138331186)
 (0.074055215949565364,0.10859289593195358)
 (0.0088567090878547833,0.10666727839773163)
 (0.070994426806551533,0.19397898232747759)
 (-1.3773132091201485,0.1876563677811405)
 (0.070840890736537293,0.17278511576181799)
 (0.33605199026810267,1.6192129187946265)
 (-0.41882966514397463,0.61560672774844716)
 (0.92807565194629693,-1.7145796101971917)
 (0.88543721983554446,-0.052151997068586919)
 (0.3643971863264478,-0.17020939011994943)
 (0.54688487494970439,1.176636898158661)
 (-1.1962797136543604,-0.10086817961415739)
 (0.61232091676319889,-0.49499556188751903)
 (0.60375852196060686,0.44712567160370009)
 (0.12789043673760664,-0.1108425121247314)
 (0.71857391921162839,-0.61678026209308157)
 (1.016025326508547,0.41911806553812136)
 (1.1142339613398615,-1.3139320033938451)
 (-0.63992491386023931,-0.74042741016653391)
 (-0.033584711344791796,-1.4354116843842564)
 (1.0192010290091795,-1.1419960001646898)
 (0.013208652543098776,-0.28154058452768849)
 (0.0098476813154546039,-0.75731122963462649)
 (-0.71739060607675065,0.85083599684525313)
 (0.3508724184854235,0.56591896651570339)
 (-1.3203490277810701,0.78536525130619472)
 (-0.86524984157757912,-0.65308155722270955)
 (0.19635929051521292,0.08040315685037866)
 (-1.9030025355150313,-0.62214689336545437)
 (0.27258614487266836,-0.25452886972538152)
 (-0.30710177806011896,0.13874246504301435)
 (-0.24419943395208257,-0.33658204118412555)
 (-0.12523489687723083,-1.1853158320879689)
 (1.9643140527826317,-2.4259045054837998)
 (-0.12779912561816309,0.78966747949435023)
 (0.2343894598410495,-0.10326193179832477)
 (0.048794509115174967,0.24026302680496447)
 (-0.50159768275508443,0.63765041229498787)
 (0.80619430109576018,0.40100013274911278)
 (1.2505916007484079,0.67489114221444813)
 (0.58939606467029848,0.90085042461171461)
 (-0.84098586285448562,-1.435977177156972)
 (0.6618537776584057,-1.0904117588210003)
 (0.26844446872773209,0.423360564758963)
 (-1.3068198591297344,0.62734110337242699)
 (-0.40571994011217305,-0.25533983393754633)
 (0.51104074258077259,-0.40843137898650184)
 (0.089319702590499234,0.019449280830626775)
 (-1.688050396699355,2.1071107599872785)
 (-0.51173748227365989,1.4294705696830461)
 (-0.87667954965457051,-0.92824959194304191)
 (0.62276248697581926,0.16281194937504115)
 (0.42610227500108966,-0.43714675152648652)
 (0.12834221194251824,0.72095685895949868)
 (-0.03398843523992888,0.37005052820504308)
 (-0.0036696233219433022,0.119146250680066)
 (-0.57062898410153973,0.5339612060464054)
 (-0.019744807431662213,0.098349646314620662)
 (-0.9547438614276742,-0.037627968899907049)
 (-0.16756624215181434,0.522031391050643)
 (0.5886068949937614,0.25974385602919325)
 (0.74676382039067357,-0.15976119638892017)
 (-1.7072528828774676,1.2205335848092411)
 (0.58173493387736663,0.21827252464167024)
 (1.6588274462706611,0.34713764980958478)
 (-0.31611178018843822,-0.42253886865376339)
 (0.78558338501673408,-1.2688966160971837)
 (-0.64568522828535668,-0.39438793493276031)
 (-0.15644570748546116,-0.15034489027336922)
 (0.078714215440527535,-0.35415866710260502)
 (-0.028395686432412734,0.1899351706380677)
 (0.13995640716238844,0.46584471082904233)
 (0.50382140397650665,-0.2302884969369009)
 (-0.81585678928965721,-0.75089116984533211)
 (0.30803646438851928,-0.5027496860054822)
 (0.89615439540718334,-0.84530182764592143)
 (-0.35458811634904386,0.46351025354371123)
 (-0.024467060325327056,-0.1450819957576758)
 (0.45888636063150184,0.78486632279222768)
 (0.021011715810187889,-0.22582215948380852)
 (0.3421880737046652,0.33027682800651575)
 (-1.1068253428698167,0.44161902722174318)
 (0.17247201537140849,0.66751590728820576)
 (-0.70405399249499989,0.44767420409455816)
 (-0.69198589623138163,0.61006193728535485)
 (0.04034887533484241,-0.1045954400708665)
 (0.29842807742905925,-0.81122306994664317)
 (1.3742481342932802,-0.26431043113880581)
 (-0.037306010026181557,-0.51573498102353144)
 (1.2231253011698691,-1.5566625748485916)
