# Created by Octave 8.4.0, Thu Dec 11 09:47:22 2025 IST <gamana@Samsung>
# name: rician
# type: complex matrix
# rows: 2048
# columns: 1
 (-0.4454520103652293,0.045521482842946839)
 (-0.50829851146004756,0.17439749865462809)
 (-0.3803790722804451,0.32089570775207021)
 (-0.50687886866518095,0.48041961995722804)
 (0.53688228562956741,0.30501244040489833)
 (-0.52984205739817114,0.72674416786366069)
 (0.94942174269077151,0.41114324365594956)
 (0.26234326721348361,0.40470279657482916)
 (0.20573006777626762,-0.0095595533367346733)
 (0.25642399198726823,0.89822087781279958)
 (-0.53944434711277367,-0.8483094907565718)
 (-0.64361048651742037,1.2147380500934428)
 (-0.28126637985099295,0.044099292799569242)
 (-0.32841911644623145,0.38978610634082433)
 (0.42402365051259361,-0.3874328128567936)
 (1.0172975586637629,0.69746778042520508)
 (-0.85249656998893186,0.065636760283316331)
 (0.38901590697893407,-0.21982421174215228)
 (-0.25192974509921995,-0.33644553033476232)
 (0.74396839009930527,-0.76804204605086668)
 (-0.86055110653333278,-0.72459524477387016)
 (-0.62511731868475051,0.35054978256848146)
 (-0.093302944776246774,-0.11939451175846665)
 (0.46010790480987529,-0.71447732004325715)
 (0.25840832401993208,0.15863248329614824)
 (-1.3832642524506586,0.84397207937264451)
 (0.24247706601376862,0.37933561034342772)
 (-0.09436851717153269,0.011321037305153422)
 (-1.4842552195865584,1.6672153983303324)
 (0.28053199219756936,0.52539006774101893)
 (0.0093903361223006965,0.13957170310647043)
 (-0.24059272486261218,0.42437021015290488)
 (-0.62080978152957578,-0.43961863838330545)
 (0.55251860747948911,0.19238502009695399)
 (-0.39684303563596779,-0.5223068726184712)
 (-0.46075381724782694,0.4258475686321036)
 (-0.3888656243458975,-0.65029438710547305)
 (-0.38766882841125028,-0.18137463884809735)
 (-0.70486917279866634,0.35773960648276859)
 (0.061256618964558474,0.77353291368523958)
 (0.38980241068345084,-0.82731565463660683)
 (-0.43076076181018991,0.6979843910884882)
 (0.99590653287868436,-0.64214549096165296)
 (1.300008767740787,-0.53117841635158658)
 (0.97400058736714268,-0.21632156360977461)
 (0.70682695690499042,0.074876090580431209)
 (0.67236870025954998,-1.1776875778750957)
 (0.37404367992426613,0.80984512918758633)
 (-0.39775794615001731,-0.32790203314219629)
 (-0.35350528136850412,-0.6537870892771882)
 (0.46418389775970781,0.49797771105180888)
 (-0.97283469826245561,-0.13689199265784796)
 (0.52757418274831402,-0.27756684890398675)
 (1.1856146805545038,-0.2699979542416262)
 (-0.80139408443050641,-0.82772849944597848)
 (-0.58413136908965069,-0.045961864911392231)
 (-0.7508273358078279,-0.047185428249137296)
 (0.63999525763983922,0.4750499469640671)
 (-0.028090748054800024,-0.28371121617721173)
 (0.77062025700145609,-0.18106391512224829)
 (0.23327323690832402,1.7267743447007846)
 (0.60539349927916664,0.43069600727630786)
 (0.51976813513720299,0.63137668800176316)
 (0.78593953869219235,0.58877379951560727)
 (-0.37069303267282311,-0.39735045202963282)
 (-0.45960932431776369,-0.38725381688683769)
 (-0.68089859105663386,0.49758804075020374)
 (0.30788781821702116,-0.39868529683802545)
 (-0.86769607987661068,-1.1219586932280745)
 (-0.52367219370782736,0.50483791169979286)
 (0.13456314719505968,0.38887681546465802)
 (0.59806137356459854,-0.50059929906400191)
 (-0.85167752790592544,1.3556693423314006)
 (0.088911326826667511,0.095023582748448868)
 (0.16529677550587801,-0.91160697851198946)
 (1.2889270834230377,-1.1932005254163649)
 (-0.84089225932548417,-0.036436175692769357)
 (0.079880170408701434,-0.79311726636819113)
 (-0.64776070265014374,0.76573031195845043)
 (0.75903065291824068,0.4571838741218256)
 (-0.3583282084090752,-0.35244026425108882)
 (0.30245199581097199,-0.1743747516016253)
 (-0.89421224212876116,-0.29848896398085234)
 (-0.39042469680066572,0.39843794531536947)
 (0.25981409470157329,0.2485953388799183)
 (0.44294031358171082,0.030044173706143318)
 (0.83514368614836187,1.3097771028869849)
 (0.59920157361359128,0.0071461229292675288)
 (1.358384794404834,0.43535950393289297)
 (0.5851910792546583,1.5376720709578859)
 (-1.0773551129656034,-0.39569899257163083)
 (-0.95525633063600901,0.13599321377713336)
 (0.086436132467514692,-0.65599969392342472)
 (-0.5288876232570856,-0.37050104628955849)
 (0.49679542389999709,0.022105648984339282)
 (-1.4229268749855546,-0.49371382706833872)
 (0.34725814389762621,-0.54546893730550461)
 (0.097838932651761773,0.0043028891475342529)
 (0.85475842778502442,-0.44963174558142538)
 (0.85555433505640222,-0.052082053438406661)
 (0.13341499025008607,-0.32784563703245928)
 (0.37173229774174144,-0.39225613427721895)
 (1.0603200974731863,0.61045003435216139)
 (-0.07016714016312979,0.2949989177707833)
 (-0.44482085308960706,1.4164781981327828)
 (0.1561179526655887,-1.3299914464372695)
 (-1.6844941244731806,-1.3327245512055153)
 (-0.76945504452194369,-0.72829283937367695)
 (-0.50862740705679066,0.54685001107303732)
 (0.56680582500465426,-0.50747441872693189)
 (-0.6979891296384173,1.1875167056122495)
 (-0.51150623251804483,0.50824163871701677)
 (-0.41586915590340096,-0.64877531705478853)
 (-0.34638708138400137,0.40544395738020828)
 (-0.21281012879428218,-0.94766008025239867)
 (0.29682417234632846,1.0443012384434365)
 (0.65294566242722918,0.79605963487343812)
 (-0.42817113221676051,-0.40510576125704512)
 (0.33864449362093374,-0.11003439247275366)
 (0.18863224520103758,1.1771669665363076)
 (-0.89919575576819066,-0.070103367132977545)
 (-0.081427446948206944,1.0575914966809865)
 (0.7618693562958998,0.46547118326026937)
 (0.358079058490407,0.57475476926551672)
 (-0.10160708727808582,-1.1106690218422097)
 (-0.024502474001258268,-0.40569014040138635)
 (-1.2641862780387889,-0.49361942765190076)
 (0.13810133526552501,1.1963825888419426)
 (-0.42243380850053786,-0.42520170503491439)
 (-0.78649353376364151,0.020240528984029726)
 (-0.09167535066926448,0.30636700215606483)
 (-0.69151861293479411,0.35722488401647801)
 (0.071260801175069527,-0.80102730758236473)
 (1.0644647518242421,-0.7345363147441144)
 (-0.20059250865606371,-0.3723689152625802)
 (-0.57257900864640177,0.41970766218961764)
 (-0.14768299423202058,-0.75463563656938026)
 (0.86721143071735562,-0.89706158951752568)
 (0.98422382401533215,0.2072630642068633)
 (0.44322445060991028,0.32323720703127395)
 (-0.80836815719175859,-0.090555413547143471)
 (0.46598051549196384,0.96763456973612927)
 (-0.23584929460666132,0.3617463293137399)
 (-0.55709845567177707,-1.1219764910426333)
 (0.3929427996855101,-1.1966866286967299)
 (0.44558897956481852,0.35096073771824593)
 (-1.4755917074292138,0.96579566422984331)
 (-0.18301424021626997,-0.43888088559728167)
 (0.1307142522344788,0.24211825838000395)
 (-0.56484880284159289,0.072896454030846575)
 (0.71398612741945433,-0.30927982446317098)
 (-1.1572583528444682,-0.19138568966819841)
 (0.25137753690362691,0.30040732808308951)
 (-0.40563813727204456,-0.31163057100334413)
 (0.17437386022670454,1.7137969277794585)
 (-0.45584854393516433,1.2243607832744503)
 (0.14398577026178008,-0.61411233225989847)
 (-0.042524072251117012,-0.58198997405152897)
 (-0.28506813387512192,-0.51703146841341563)
 (0.93138203310138223,0.15150002059438777)
 (-0.57899955879370624,0.21370586358868351)
 (0.56871325022477071,-1.1288604566829019)
 (0.062936317774660522,-0.47060043029262105)
 (0.23295718373374491,-0.75457136196514285)
 (-0.25894515669656859,-0.027540891825879626)
 (-0.82329766056374265,-1.2754487758061614)
 (0.72254704570387307,0.97427429649576047)
 (0.38497739021892363,-0.1859143840397891)
 (-0.24930309230051242,0.2346873592861001)
 (0.6999290062110427,-0.79647356167283612)
 (0.086558427634873897,-0.57383085107565568)
 (-0.33050767492810701,0.25990675849234518)
 (0.28795277566048416,0.67170420403368269)
 (0.3030614270420624,-0.71923606485391434)
 (-1.5044840039315484,1.47499796764361)
 (-1.0892829595649938,-0.59676241201512814)
 (0.033131741191940386,-0.49875149478671327)
 (0.31006714009604713,0.4900127505661645)
 (0.87567267686605599,0.75426911260972473)
