# Created by Octave 8.4.0, Thu Dec 11 09:47:22 2025 IST <gamana@Samsung>
# name: rician
# type: complex matrix
# rows: 2048
# columns: 1
 (-0.20595597795062601,-0.30662137719790156)
 (-1.3083490341210029,0.44487581452911201)
 (0.11067784399674044,0.38717676980174054)
 (0.10326764968800101,-0.4065075192230887)
 (0.10545066957550103,0.21217767210610949)
 (0.89049221925657818,-0.20620195934160762)
 (0.35886588036221262,0.19272339994679608)
 (-0.28157795056646562,0.5859518986480059)
 (-0.024594524476275692,-0.53802105756118213)
 (0.048661958212434242,0.14699230175184363)
 (0.65586008071771085,1.0408350727955444)
 (1.8776339743779225,0.30461871934063978)
 (0.45607878160187681,-0.24268534878635512)
 (-0.15259069471191911,-0.36189576714465321)
 (-0.39316605341162991,1.5649250567540494)
 (-1.0546530364079663,-0.14171849559226465)
 (0.87878070176766021,0.43110295562624568)
 (0.095096791837750258,0.25814569785143049)
 (-0.29273788447085625,-0.1701406785610467)
 (-0.40270565003691022,0.46038334219731986)
 (-0.42380550943764161,-0.40639664272338727)
 (-0.11614620543545459,-0.41075328387479126)
 (0.82818045682634112,0.18068292516750606)
 (0.37967597611727943,0.30483164592046791)
 (-0.99341619203489473,-0.53369305764747621)
 (0.53034822046099805,-0.039405052366683735)
 (-1.3649699572783822,0.11743340585597484)
 (-0.15708329014866512,0.7215703733345139)
 (-0.78125234076767824,0.04525965509715893)
 (0.89297609826930557,-0.20410905505228236)
 (-0.70017565908915358,0.11525770065135776)
 (0.31029855411226903,0.011802558139197755)
 (0.98671387166241009,0.1257443031025581)
 (-0.52150756007867682,-1.7172919242419611)
 (1.4999956054937793,-0.59654292631085182)
 (0.10061102235988151,-1.0633356791705209)
 (-0.3767186816191288,1.0132178148364235)
 (-0.13349380847426884,-0.089765084849138477)
 (-0.34954405097863472,0.5819683255563125)
 (0.25480246090599223,0.40854690276772393)
 (-0.2843859287727063,0.26722860396246317)
 (-1.1196128094593283,-0.26675581411154037)
 (0.7787165098407669,-0.72259087889177553)
 (1.4637931562085684,-0.85126301821440609)
 (-0.082648945991310285,0.28257693310684867)
 (-0.59299316332095042,-0.14285441654788839)
 (1.2698911431552977,0.66634240583370408)
 (-0.2961691171073183,0.18437418684734752)
 (-1.6631119030394501,0.62305279096231425)
 (0.85936291695291589,-1.3092381556604387)
 (0.18647718220406365,-0.68094984925213475)
 (0.023600404313267917,-0.1454658507402749)
 (-0.23115000029281474,-0.10969723902504525)
 (-0.80382179081614513,0.34936737054006584)
 (-0.47964968419501747,-0.6223254527767601)
 (0.47455676895518706,-0.38441222334439712)
 (-0.68848060011889334,0.9486757431527838)
 (-0.41565496340880442,0.80404156156586026)
 (0.81096773538711497,-1.1042438045521716)
 (0.71538362131447819,1.2525732949344579)
 (-0.14581648907347358,0.12855846491348247)
 (0.12619533782480663,0.40145267845363303)
 (1.1571454855648775,0.52627035037772751)
 (-0.59163059963569897,0.61921945333408623)
 (-0.0061500054890189781,-0.73989256060844488)
 (-0.32110995116480162,-0.28168171240604373)
 (1.2868324721540227,-0.13026798860424066)
 (-0.56076538364125605,-0.28149791515710026)
 (0.44298939069970494,0.67371084780914137)
 (0.052107220887373545,-0.22811445006359779)
 (1.0495363876341584,0.76746337292846345)
 (0.39781807898694033,-0.23979789730990098)
 (0.96469752874885906,0.44623357582252138)
 (0.51655580437480886,1.7442845692845927)
 (-0.30357834801681099,-1.0023352299915222)
 (-1.5138606306303375,-0.057384532415238776)
 (0.26222536280442127,0.64865465702021141)
 (0.75570719678727238,0.81717235528115895)
 (0.27342395926354962,0.47513432195555033)
 (-1.3114672084796186,-0.59284185375343845)
 (-0.93545767004349811,-0.092361630845697151)
 (1.0565128546373668,-1.117834540152324)
 (-0.28168891436453269,-0.70851348151739901)
 (0.0010906644983548347,-0.22770899918290888)
 (-0.63150123898357224,0.20022945027753344)
 (0.3156329405779662,-0.5364381591065529)
 (-0.49014715963196481,-0.40481196268752112)
 (0.46408680620899684,1.4238986413285553)
 (-0.40171840218816268,-0.055680923233746349)
 (-0.43593941597957686,-0.26996355994064358)
 (-0.021726314602427965,0.27955065280789432)
 (-0.10090397669716122,-0.15840214272299802)
 (-0.0753060538435604,0.32263889526058864)
 (-0.11335892208751965,0.32699150602828658)
 (0.42375311862257453,-0.54069830057992607)
 (-1.072648181686324,-0.90264002462924653)
 (-0.742486648312076,0.58625215523665375)
 (0.052703029403272934,-0.16525368331905138)
 (-0.62249947090624502,0.38192664297527851)
 (0.5407571900869127,0.098555252549786532)
 (0.69025362228438558,0.57024775342358125)
 (0.53609899096001523,-0.092465076197771306)
 (-0.76844684298513255,0.22768440546059618)
 (1.5492329746700582,0.79899256692273313)
 (-0.88118647885084944,0.59517270889431395)
 (1.3308450979758755,0.63345361112417986)
 (-0.10445680763503307,1.2197040519185087)
 (-0.38220360924075081,-0.0081942186776548243)
 (1.0192599248517134,-0.019415204729108293)
 (0.36944578874920808,-0.41151660634171905)
 (-0.75780838451621035,0.2966367675886642)
 (0.28260411861268708,0.60905415284556741)
 (-1.0852087981287259,1.1334008525988444)
 (0.50533320901690049,1.3858984699885444)
 (-0.0060193052319655604,-0.40171426771664898)
 (-0.25758048939765754,-0.72894546139452343)
 (-1.3522068500758928,-1.0266234952121409)
 (-0.53378290918374827,-1.6100553660320993)
 (-0.92806854546916018,0.80508711700096169)
 (0.18972857138606478,0.22855355587229101)
 (0.30683803338641197,-0.67290902708016131)
 (0.41361314791030596,-1.2004028121999224)
 (-0.80350236475762071,0.44468207530892651)
 (-0.91253037967725315,-0.8671030454461589)
 (0.45954035087047274,-0.77858569251494492)
 (0.17369090829935016,1.1211011265493538)
 (0.92616072961405238,-0.071321836899851498)
 (-0.16845741574697584,-0.51798895699596947)
 (1.9284064135990433,-1.6207311581296402)
 (-0.2596602022659103,0.20431384260754729)
 (-0.23004023486166142,0.033645444388370971)
 (-0.36977557298508784,-0.35689090067088208)
 (0.3773805208845758,0.80658441068827169)
 (-0.31614207315965775,0.54708956788966667)
 (0.048241764722842362,0.41310495758460059)
 (-0.92473504793984651,-0.38873051124973379)
 (-0.74018220357946385,0.62618677026202296)
 (0.78753717206936202,0.62897382360114562)
 (1.7247183563749444,1.2235625238411325)
 (0.31074943579712011,0.57316449995745045)
 (0.74301373991502895,-0.20821849139004611)
 (-0.35345835105931289,0.15312583858461948)
 (-0.75437013361623251,0.38290906904282351)
 (0.65872820774590601,0.85744371038116007)
 (-0.91822624302134936,1.0844386184395169)
 (0.39208495843979341,-0.33399824447866794)
 (0.37284363212365518,-0.084127770888244746)
 (-0.49048650549649464,0.33907036365060472)
 (0.00068236530855314559,-1.2425902704435696)
 (-0.052166717761051529,-1.0340960144003948)
 (-0.046578912074185436,-0.62891963444415444)
 (-0.5132317551626262,1.112065744693528)
 (0.21786150449413502,-0.07497008276138846)
 (0.51825850140570529,0.30170271024104162)
 (-0.35043752660111105,-0.26122587557829613)
 (-0.60008795432199291,-0.62913566252688402)
 (-0.48485051905810334,0.41217287746645076)
 (-0.7869107764656863,1.2782910977259161)
 (0.30721738890588757,-0.47787461873598147)
 (0.85873683191426409,-0.99213825016030233)
 (0.32678886140364183,-0.22916585720493121)
 (0.61595687004132049,0.99816405960241639)
 (0.02021311250468269,0.33246063618462607)
 (-0.13894830024273866,-0.4070241618057473)
 (0.79707535133391216,0.6659220893937674)
 (0.987888090622002,-0.002526148418371954)
 (0.20745565092867391,1.2171835355606668)
 (0.37913078201014366,0.24876685388699676)
 (-0.16302392261569676,-0.74555008019343694)
 (-1.1343057001620254,-0.76828688260734257)
 (0.44308239017786172,1.4267225542792696)
 (-0.20683861712206347,-0.34019362352195875)
 (-0.44688665623059409,-1.590479369250029)
 (-0.52776619211193654,-1.4206439660053594)
 (-0.91534310166004063,-0.54697738374402149)
 (-1.1807984310053452,-0.15350145042827254)
 (-0.58712159772232475,-1.5520159223235486)
 (-1.1738824299855997,-0.89114140530625296)
 (0.99327712105139365,0.29637649734010507)
