# Created by Octave 8.4.0, Thu Dec 11 09:47:22 2025 IST <gamana@Samsung>
# name: rayl
# type: complex matrix
# rows: 2048
# columns: 1
 (-2.2987006836891162,0.73920333311785469)
 (0.38556110210085326,0.23624661868925056)
 (-0.77521088446504993,-0.30586289643890657)
 (-0.22050587600115207,-0.25238116883438594)
 (-0.60328711661112888,-1.493704514327685)
 (-0.84615946274104203,0.3563936900101547)
 (0.64082469346858884,-0.77305176163383726)
 (0.53705669133184286,-0.11872742780071478)
 (0.52353093482655255,-0.6328696715640395)
 (0.0069775080209712043,-0.43759165115390769)
 (-1.5404077160740184,0.047203485613137031)
 (-0.68678173239075602,0.58055771293468006)
 (-0.44699584808129789,-0.62071958197249544)
 (0.76077700492915645,-0.75718346239827983)
 (0.10211597496445923,1.1142129484249259)
 (0.44024728654472539,0.080978797934344982)
 (-0.32164563949183345,-0.15209362472280358)
 (-0.37573434380731169,0.10064067527761844)
 (-0.87819364973632386,-0.51167604647414922)
 (-1.0311071428533374,-0.19601061697741012)
 (-0.12953367081864564,-0.86643200736551429)
 (-0.2925604201133914,-1.080021715722117)
 (-0.19257922918394346,0.45340910569081527)
 (-0.32596591166185107,0.41382083089103361)
 (0.42794987803259382,-0.41391675618106932)
 (0.10143381399482054,-0.042114583007928662)
 (-1.1310299853601167,-0.60341676035744329)
 (1.050798458603651,-0.14951070499021069)
 (0.5491647740201544,-0.18812973344078809)
 (0.15183138254295792,-0.49517283708490273)
 (0.57902203708214106,0.74569270008963429)
 (0.3922940333369318,-0.33519820008038892)
 (0.726877623462584,0.42755233472561183)
 (-0.51143046935478798,-0.55687703055339677)
 (0.17956120837727738,0.26877474106369614)
 (1.018735766916995,-0.31015047138539131)
 (-0.065229475972326728,0.80498171578560218)
 (-0.54944340284136806,-1.1253948547110757)
 (-1.2864468583871416,0.41916525607452709)
 (-1.444763818849149,-0.23944814829300032)
 (0.54122933863592482,-0.52250696123275331)
 (-0.49765078156501769,0.17384714482258706)
 (0.74356589392545003,-0.80227870430690107)
 (-1.2224039056004041,1.0731543679751661)
 (0.86054578213127908,0.6694317515439282)
 (-0.48737014528881772,-0.40956825449259487)
 (-0.41945198127940841,0.072139462939935881)
 (0.77593505836132526,0.35796368525319278)
 (-0.84834925170919573,0.23189056616596057)
 (-0.21056884062060102,-0.58006418304320084)
 (-0.90941220152398949,-0.50292054834897337)
 (0.44982174347586645,-1.0788569972027902)
 (1.9023996264026115,1.1637820144296738)
 (0.50863140899952308,-1.0581111903844547)
 (0.29215106973224725,0.73564489945549538)
 (0.17298021209795078,0.87772366622945541)
 (0.2721521694062643,-0.011477874038982289)
 (-0.21107706650899563,0.11836145526493388)
 (0.48278994117423207,0.6462110383106402)
 (0.20852178447407432,-0.24361470907985605)
 (-1.266301265488093,-0.056277154059603318)
 (-0.37826997800772771,-0.95517608260069409)
 (-0.75273289419757883,0.24085206978876844)
 (-0.6045248368149978,0.10833030428845794)
 (0.13165263740561017,-0.29604434385947592)
 (0.067119357815363989,0.69627032912044973)
 (-1.717277626776434,1.4152082605512586)
 (0.29113263545502688,0.046840224561357141)
 (0.39525045662786795,-0.67542301981230513)
 (-0.48983696047055153,0.83414990595916971)
 (0.8458310641575022,0.70350140264238026)
 (-0.13479181372637081,-0.096439247635641157)
 (0.21027441930094193,0.37685769740665709)
 (-1.4336125599297889,-1.5956192945475731)
 (0.6051102681228584,0.31936672165899899)
 (0.19104892350717134,0.24043497734273572)
 (-0.10692490328967527,-0.14145671703502236)
 (0.52110381344537493,-1.5927654008005028)
 (0.085484001964768783,-0.25902664373046058)
 (0.33189274392026025,-0.093769932251101973)
 (1.5494563372176198,0.27741000994114451)
 (0.13283228960634824,0.93700529794226539)
 (0.84398401690116698,-0.81325584109797544)
 (0.15952690299977451,0.25896924520203335)
 (0.22854139826460312,0.018460932588055937)
 (0.33573135605239235,0.14917855636144983)
 (-0.27890847071679503,0.10742635206980962)
 (-2.3446877382996174,0.05126335541983118)
 (-1.1605983769024415,-0.45940459504800374)
 (-0.75140920056682492,-1.6975921642547782)
 (-0.11294352174319755,0.14122715921473628)
 (1.0131543974586461,-0.62571860851541106)
 (0.10355909308187491,0.20300544845657895)
 (2.533330124956847,-0.6497747007088498)
 (0.26691366938705724,-0.22602495500948369)
 (-0.2160264230370848,-0.53945074431211015)
 (0.2231739471378254,1.0746014003891773)
 (0.022659756881213244,-0.40867775024327929)
 (-0.37619827456207572,-1.109113486861155)
 (0.41474644394341509,0.16875150440199452)
 (-0.24309685545945459,-0.5653551881873734)
 (1.3185683789248617,0.10039255690865956)
 (-0.2296085127829432,-0.6186498181207587)
 (-0.2939322336652786,-0.39704085822116147)
 (-0.26288206637749928,-1.0636658763886875)
 (-1.1715823651076669,1.1824814935519357)
 (0.32887975128531366,-0.39329256172650817)
 (-0.83472074243950611,0.37464582507277322)
 (-0.37090218705740285,1.1284689287236447)
 (0.13924264765518898,0.32687076138509952)
 (1.0179126273576224,-0.5047107421462278)
 (-0.15436262357885308,0.61849993088720678)
 (0.095334807522846732,-0.063084685143225766)
 (1.2672956912511473,0.47913777234713284)
 (0.44973251445100659,0.34184940920666856)
 (2.3876469430161937,2.0060579146537623)
 (-1.1238130694760207,0.90658806859435792)
 (-1.2651933329230669,-0.57393389205097489)
 (-0.45911860289981438,-0.85116124186535069)
 (0.28262011488495481,0.020892046775625561)
 (-0.47067210432942769,0.031972924538086284)
 (0.61741122457245268,0.035597364758125721)
 (0.33902976910557336,-0.74399179988164921)
 (0.38200708925971932,0.50193441500156566)
 (-0.98909744724776294,-1.1647735027891348)
 (0.04247714946228448,-0.15784231307380261)
 (-0.12908810510070354,0.4672331471142363)
 (0.58222894550128546,-2.1573877072630188)
 (-0.1025188921193223,1.3140490271175989)
 (-0.54876818347592926,2.4964553269073626)
 (0.84446457606883341,-1.275066126245662)
 (-0.45962227297907043,0.1591828098528596)
 (-0.058638949830103468,0.054152700033603576)
 (0.56943788616690849,-0.58227187743205833)
 (1.2607063932063438,0.66886086296966174)
 (1.4150038420789999,0.38786825212695314)
 (0.69308643487986121,-0.95125528455607911)
 (-0.63021881256239221,0.21213204566733632)
 (0.57189323706962281,1.1495427525256348)
 (0.081297673053759012,0.42746436987045655)
 (-0.10108397658522456,0.15153486728289001)
 (0.032308255780672035,-0.45598893494860132)
 (0.058540373126792632,-0.12537715800243476)
 (0.75075837242610766,0.46569496550631323)
 (1.2391202878776064,1.2843276568771169)
 (-0.3777996308002054,-0.25374943898689639)
 (-0.28542150415858475,0.076727825520697027)
 (-0.32505439674230946,0.58106443440297129)
 (-0.21931347150129477,2.6304272478240138)
 (-0.5458177581423449,0.40980631068938345)
 (1.3719240076639974,0.87780715261592734)
 (-0.77531127450409887,0.6815156714514139)
 (-0.138225054609803,-0.79266621224001266)
 (0.029988580342638155,0.40650464513783346)
 (-1.1431749828451045,0.82745233353192427)
 (-0.061948208637374241,0.2523990631823313)
 (0.47089880732646816,0.45853397127374873)
 (-0.29215782066723905,-0.94614367048153192)
 (-0.50342792969449301,-0.0038238555607797153)
 (-1.439561247059479,-0.4339497079355672)
 (0.33278891239914982,0.5428793557793965)
 (-0.66988913690936991,-0.00075551792007422236)
 (-1.3325348530375682,-0.64045677621971842)
 (0.64010650712860995,-0.37016959848351527)
 (-0.19289807469813158,0.38869195181584948)
 (0.092227427044240487,0.62307943234635454)
 (-0.151746740042114,0.17434532939154138)
 (-0.64714649013347192,1.1066351409696691)
 (1.0930211709054203,0.30275961506181193)
 (-0.66234055793214419,-0.68437375205678852)
 (0.42114497418106223,1.2121385777895601)
 (-0.68872076823529982,-0.23688772857599533)
 (0.20072800314851538,0.45339476244518973)
 (-0.002426657532089288,-0.12607470143095495)
 (-0.40492558094524145,0.14975761218586425)
 (-1.1656589667410431,-0.60208048157445893)
 (-0.63338858797981235,0.22051884261654267)
 (-0.2635920697537496,-0.25536335231317475)
 (1.050355671130307,2.2132058461703883)
 (0.14630471102045584,0.25792275401566211)
