# Created by Octave 8.4.0, Thu Dec 11 09:47:22 2025 IST <gamana@Samsung>
# name: rician
# type: complex matrix
# rows: 2048
# columns: 1
 (-1.5074198751809422,0.37868874290344201)
 (-0.57650575732812626,0.69080370316173423)
 (-1.1363062067990202,-1.3605230466047133)
 (-0.94767412746278745,0.44278765668876163)
 (-0.34064733851552575,-0.092747916237186673)
 (-0.040809189258434353,1.0621392665244609)
 (-0.15526505635315993,-0.37549567257406524)
 (0.028095081572561756,-0.39781654548341755)
 (0.6259433009196016,0.94723555650040869)
 (0.38650007524321478,0.27569437781968337)
 (-0.94073864177373245,0.89507189543073773)
 (-0.49611237260235885,0.47494513046003339)
 (0.30324287218966089,0.22864093491743404)
 (0.47244392170194938,0.45079820692695638)
 (0.050432104219058471,-0.35374679271712456)
 (-0.25503905830044488,0.77035337849633534)
 (1.1850068233605107,0.7951836666002372)
 (-0.75266982469233468,0.44926539821067962)
 (0.30967636428461559,0.040516079348588363)
 (-0.3927022986680897,-0.34633992580411654)
 (0.21794194789765853,0.40614749498519498)
 (0.4214840724381162,0.46359338525759142)
 (1.0019808356459068,-0.79170434792255406)
 (-0.81463771714481625,0.9914270646608353)
 (-0.68802303376513363,0.54401163297266941)
 (-0.3727240315162702,0.1741651922723596)
 (-0.87322988591918305,0.37192800348782351)
 (0.12380487665864506,-0.39900670012127948)
 (0.20415052293284058,0.65652160314908437)
 (-0.77756188327405629,1.0166510280415963)
 (-1.7218345507900685,0.27690202663155888)
 (-0.17507254873739053,-0.37451782116494026)
 (-0.51404413104658209,0.71409414470766541)
 (1.511128125784809,-0.56638926163102887)
 (-0.86332561575612199,-0.34750966549177059)
 (-1.1965106462612667,-1.096077600432934)
 (-0.36143977379050074,-0.22756066711928524)
 (0.45512681610309275,-0.55728772963540019)
 (-0.61645496015550405,-0.6546513665071898)
 (-0.39727820024192628,-0.42125166022984661)
 (0.88753357221467521,-1.2364192595278263)
 (0.2583792039312357,-0.75216704931270584)
 (-0.3081944559467345,-0.25066685171538988)
 (0.45034309784066989,-0.094016039562777293)
 (-0.59877062839721051,0.82033130810634214)
 (0.044695063756717168,1.6188818584025044)
 (0.25041269554633627,-1.1770537570267843)
 (1.634124960125056,1.0480020391038394)
 (-0.58733899214293028,-0.26700677186129462)
 (1.0234224979431508,0.38819963115895217)
 (-0.28806311152223102,0.004986534705451684)
 (0.43364305005913967,-0.18837601219820693)
 (-0.86917077337268422,-0.26213584842624021)
 (0.33320746400525869,0.37565267398106583)
 (0.27949008413647836,-0.39952643642387553)
 (0.44711100135740012,0.093807795999822918)
 (-0.1233833989495092,0.97914058185360209)
 (-0.13488270432373548,1.0155967192941284)
 (-1.3028721707383049,-0.44402978951481059)
 (0.43905406573465716,-0.0029920940196206114)
 (0.17792245367272586,0.9511047341423674)
 (0.26653145329243394,-0.17627301029275544)
 (-1.1595868579575113,-1.3609776568042293)
 (-0.98176410005373216,-0.13982023930526852)
 (-0.64100804997272798,-0.66519739076512074)
 (-0.067909844086145726,0.16964940647057219)
 (0.44257601669148783,-0.29670618555951589)
 (-0.42574409240936789,0.25578565044962193)
 (-0.19493008635225595,0.71252978600416128)
 (-1.0567626651707704,1.3516621949817416)
 (-1.8303969680736358,-0.31214001237978228)
 (0.26031459618203234,-0.015105397121936787)
 (-0.11402706260841564,0.77412864022139405)
 (-0.35631990262839414,0.24771781438492205)
 (1.1818680735341054,-0.68747271231299723)
 (-0.72930258646121648,0.42816039427402974)
 (0.97154714830105138,0.79002261261709927)
 (-0.57114936404803196,0.24231360934208346)
 (0.96950397471993277,0.94289463121361861)
 (-0.0074734490857342878,0.13070337146097261)
 (-0.2606583297692715,-0.53185682043836446)
 (-0.34396813184878194,0.12761115678615351)
 (-0.79914695175787898,0.59246641677040768)
 (0.20311866620325453,-0.04032867752549503)
 (0.33632131437360818,-0.24422962780234417)
 (-1.0069282006217377,1.4553867895917585)
 (-0.31350817311585399,-0.84961623542663811)
 (-0.23953075688058251,-0.36892049064544336)
 (-0.91018027703086046,0.83702608097726561)
 (-0.37295844709139653,0.22759178739433855)
 (-0.70932783210365336,0.71000117372885041)
 (0.035019132620909305,-0.75578508296338465)
 (-0.76418391892476423,0.3423579923915232)
 (0.59718764061860641,0.57558711099948423)
 (-0.61647834089644427,0.21478375207244177)
 (-0.72979941130636083,-0.58147255281708876)
 (-0.29960120851293986,0.45871410249008732)
 (1.3110840926958507,-0.55451867562197965)
 (-0.96339768552352201,1.1841847921219411)
 (1.1118411979445457,0.23294328624272387)
 (0.50155562968413647,0.5425994349738148)
 (0.86608111513532093,-0.075477941327154019)
 (-1.0155897853368414,-0.54539434919386443)
 (0.49133900604188713,0.17947264576527883)
 (-1.9945663213543401,0.94932106291085749)
 (-0.063437124590756067,1.2054265835717448)
 (0.36130280470927684,1.1695609054102702)
 (0.23722139593654518,0.42930402446378907)
 (-1.0352423478663719,0.85630418465806135)
 (1.4996722162942393,-0.81217919046414977)
 (0.29179624425011941,0.093982953369768724)
 (0.86196303727870027,0.9130470896331514)
 (0.84590338289439648,-0.58273916296491435)
 (-0.5924612700993872,-0.4032141666781166)
 (0.28420233925047705,-0.012037023448406958)
 (0.11851644752926623,-0.27270010323183724)
 (-0.40918213821228155,0.46251291170241138)
 (-0.11123133889685226,-0.71140094578213631)
 (-1.094894649524712,-0.85471573921298982)
 (-1.1286003589447859,-0.64028337981104211)
 (1.3488603471590319,-0.83270778558218428)
 (-0.21994475948349915,-0.17015813133479465)
 (0.75165319567204758,-0.18669711768621958)
 (-0.44151900551805412,-0.2823516038963092)
 (-0.018793741475524414,-0.15704093988561185)
 (-0.11125097288567015,0.14491474394197074)
 (-0.77632444385619515,-0.13675678623878129)
 (-1.2084455039694868,0.43537868389126949)
 (0.10869754170463095,-0.75720226099874399)
 (0.7633577356839798,0.84968183265944597)
 (-0.15117573268927631,0.12526720039436967)
 (0.316262158925952,0.37106262491894182)
 (-0.33465026887150406,-0.35044011964131572)
 (-0.44445964378221742,0.2284742440253294)
 (-0.95833028547534549,-0.79371281167522123)
 (1.1396773827116804,-1.5054256953798488)
 (0.24456654701804426,0.98499660666893885)
 (1.2399956416537259,-0.58971801158162074)
 (-0.36722991561301493,0.45683615233531644)
 (-0.33684753833553438,0.35978348694249829)
 (-0.2612516561776253,0.69745663447674677)
 (-0.82378312088123573,0.95800584683809975)
 (-0.20022202977549841,0.33972685546078996)
 (0.38114743772735149,0.25605459596081348)
 (0.98835224159481938,-0.23904380015553678)
 (-0.59194060132393933,0.36226408291063161)
 (-0.10311541443929012,0.52186373843476375)
 (0.30814763872831852,1.0936993365770129)
 (0.37847246259041006,1.0229373832854316)
 (-0.38986156715165343,0.45631143649085426)
 (-0.53117966203605493,-0.35509663196717262)
 (1.1995758747773104,1.2642528595944804)
 (-1.0986876111583688,0.26412601802665076)
 (0.96854218107465317,-0.45108168367766666)
 (1.2751442592065576,0.51001338181062472)
 (0.2363935390306198,-0.7165364976938674)
 (1.0810302976326023,1.5131761157399635)
 (1.4156848052780708,0.025761720525239951)
 (0.36474993278861795,0.34285938231562979)
 (-0.77195554004018385,-1.3614361773279504)
 (0.081845783290678237,0.5189024229826501)
 (-0.49067704049866984,-0.83882400391526668)
 (-0.19848033144173394,-0.33686023289691014)
 (1.4055699126219974,0.18589896537082351)
 (-0.044931135639183217,-1.0458009329178009)
 (-0.33729055804936714,-0.48468965446692036)
 (0.55908758404456171,0.40944984948813723)
 (-0.17870499368186499,0.33910384718516495)
 (0.235701226511874,-0.32877318492300833)
 (0.35938125853196307,0.1496433388981217)
 (0.25774455536181429,-0.3156666644713757)
 (0.6663139536695889,0.96494863075390602)
 (0.90794866504804439,-0.23486484904735869)
 (0.18293864947791133,0.37954555870457635)
 (-0.19342165794976629,1.0973056276793773)
 (-0.76537535063049889,0.84764091476169734)
 (-0.36980872706455709,-0.019200081882326414)
 (-0.29590637234493367,-0.45218498599394918)
 (-1.6166278850573761,0.70578520557610736)
 (-1.086886334856459,-1.2350220092223234)
