# Created by Octave 8.4.0, Thu Dec 11 09:47:22 2025 IST <gamana@Samsung>
# name: rayl
# type: complex matrix
# rows: 2048
# columns: 1
 (0.16787785094180391,-0.21975747616910107)
 (0.24785495240431143,-0.028940835491543096)
 (0.24345942830026113,-0.053898738751336883)
 (-0.37430329239026594,-0.092454998919225706)
 (0.39761369859162299,0.28305591356512294)
 (-0.60498772037359838,-0.89403197741162388)
 (-0.32612669459404298,1.3843791424706473)
 (1.710480627858501,1.7614864419804277)
 (0.50037426109104521,0.1535158548370224)
 (-1.2188301036671472,1.2886951333580174)
 (-1.0491280092494555,0.86662439745383979)
 (-0.091654047468042357,-0.14085229327396986)
 (-0.37722867051773584,0.69488991652145504)
 (0.25499152350084942,-0.10407979743922006)
 (0.26219613749787607,0.86006225115033885)
 (0.45861993820999486,0.73080386847886603)
 (-1.40179829470252,-0.14999613472717965)
 (-0.37627681993273043,0.03706607521509353)
 (-0.23226801270954139,0.48134185328547358)
 (0.93212068230517253,-0.1433527804987903)
 (-0.0094251257264808957,-0.15173760423788846)
 (0.21577023554999808,0.23340672479106706)
 (0.84648821044000511,0.28754857539365042)
 (-0.33445809091922502,0.98499734293982966)
 (0.060050497724358123,0.075671741894978897)
 (0.61549226933885826,0.31335582863374634)
 (-0.47219889605831189,-0.82572885177716948)
 (-0.41390315205200251,0.53309635014342183)
 (-0.015553886292895107,0.11549526608090929)
 (-0.50364986094106079,0.27534545689862638)
 (1.1341225145945408,-0.09661585495713626)
 (-0.38737165517949285,0.61253351789746391)
 (0.12764837209675756,-0.83181872399330326)
 (-0.23456439255933245,0.19827476510063916)
 (0.1129190280015127,-0.27791962012553201)
 (0.87868570583015382,1.0413463177495814)
 (-0.65112854774727902,-1.4335331491468151)
 (-0.26724005409311652,-0.19356243264018469)
 (0.35373687403500276,-1.0885387448914223)
 (-0.4404048620040194,0.25670410208617345)
 (-0.052829247988099626,0.35280253726579508)
 (-0.67235312946009251,-1.0971524509347617)
 (0.54583149435512324,0.01301987686461592)
 (0.074666755181866398,0.017268694489795535)
 (-0.1793347078465842,-0.2603573100590677)
 (1.0976439073800117,1.1322235236634643)
 (-0.51812782736136853,-0.32657748031103306)
 (0.02216796270062546,-0.41507671714969452)
 (-0.60974776163764655,0.069837303065894085)
 (-0.39551464630438199,-0.25610139560915296)
 (0.065859507556729951,-0.2932771188745123)
 (-0.47163232273812905,0.10298139830199826)
 (0.083499599927453594,0.93737044329358821)
 (-0.99728474650800469,0.50661827957031713)
 (0.51635797938797978,1.2608363414881625)
 (0.56604652362314545,0.99051141845701873)
 (0.16185832027174085,-0.058044274743276537)
 (-0.4352386380004386,0.26292797322011519)
 (-0.25984658585964598,0.18574020972036281)
 (-0.6602730485108621,-0.35691554864097808)
 (1.1761258500044467,-0.6557618485978618)
 (-0.81158988319814762,-0.73966337375796942)
 (-0.2111476618397386,-0.44069406881167444)
 (-1.0258075042827191,0.10062014125665297)
 (-0.74770095645599044,-0.91574557738760842)
 (-1.3403436765227918,0.22125113817906233)
 (0.13932082804000787,-0.086121799440839947)
 (1.4406610305731382,-1.4129661328711756)
 (0.71973913403032319,-0.22716092194617962)
 (0.60908890916086722,-0.03664282039928754)
 (-0.43295675988628723,0.95566566721756718)
 (-0.29667441895341662,-1.3183089037179931)
 (-0.92505127853311442,-1.2487604956326854)
 (0.64852874398213134,-0.30297837585622689)
 (0.70281319305564394,-0.46642401057136218)
 (0.16853671050506727,-0.28359146512119504)
 (0.095119328036699646,0.57448972131324805)
 (-0.0021058800919500353,0.047272151939311439)
 (-0.80617209331976847,1.1945013709530956)
 (-0.20267280273912514,0.29855995203450725)
 (1.3283763016891879,-0.73700537748390005)
 (-1.0835815914290059,0.39241031564309892)
 (-0.50016445673681742,-1.1759619385133409)
 (0.41104049345483751,0.38527786604360981)
 (-0.044809428057776685,0.44239085336384676)
 (0.76645795561701324,0.97254462249830653)
 (0.75206744285130123,-0.5643646702666687)
 (-0.43938214484623023,0.19932569494506519)
 (0.361860320679674,-0.05761688511928767)
 (-0.32666205901101153,-0.72552680242770695)
 (0.2887701450743293,0.54075948204115254)
 (-0.050193848735581005,-0.10869573305114366)
 (0.25054031561393597,-0.031047662614125032)
 (0.40386508670852805,0.05934348518062435)
 (-0.50485648115473059,-0.39420489894128741)
 (1.470064125603834,-0.34076954046792673)
 (0.53533670783965004,-1.3178223917746232)
 (-0.0210564246637851,-0.36541749321672184)
 (0.071690763374362199,0.62531865577959467)
 (-0.36888012468056008,1.3413091998687123)
 (1.16001074025741,-1.8879776387166525)
 (-0.46268416736254253,0.5209892194568212)
 (-0.30924784695837704,-0.14739166766932596)
 (-0.51025249184749455,0.49198667787518169)
 (0.870586723535822,-1.2333179620884878)
 (-0.28436874778375087,0.19268434949120938)
 (-1.2271188272788607,0.78636181795442406)
 (-0.69191058996313015,0.61031220633683969)
 (0.35793913294170493,0.13574937431554879)
 (1.1458368106887027,-0.14794915047678636)
 (0.30462423271041422,0.24563703788623931)
 (0.78666546418181826,-0.016445488029686234)
 (-0.59618895741209843,0.04807128446301398)
 (-0.14851957956070216,-2.8201149569157531)
 (0.78885329455886666,-0.5690889267561916)
 (1.0114590127782173,-0.12215433385496322)
 (0.27989974744451102,-0.17196984263482107)
 (0.1464020247782899,-0.21841968002436118)
 (-1.5121642637595665,-0.93008006152223766)
 (-0.83617243201754965,0.018844368032973402)
 (0.34369714490035708,-0.16540137010563827)
 (-0.41104777157610706,-0.56782146546521473)
 (0.64271083696528408,-1.0580013982803547)
 (0.39774837606463459,-0.78077296659627304)
 (1.0529432668882068,0.21353699661938025)
 (-0.78782174404266925,-0.34598425573297031)
 (-1.0594532095452951,0.88634687379914556)
 (-0.15786959691722491,0.1495843883314848)
 (0.085357694745898244,-0.55981032058346702)
 (-1.2437111448798115,0.49532309252793794)
 (-1.1163943158068008,0.53608870511423201)
 (0.60093867521714661,-0.85123772238512796)
 (-0.88459299039285533,0.01649982430034197)
 (0.5224735014097297,0.059692347999136475)
 (0.47056319444839761,0.12839913674764822)
 (-0.28209788669432773,0.52844755508905161)
 (1.3169187603678623,-0.10726056112146282)
 (0.40792681643185574,1.1322269216011487)
 (-1.2496672665783342,0.06483399925649469)
 (-1.0582895219056476,-0.25458843949792059)
 (-1.2239165192927244,0.095664322949870706)
 (-0.15808089345579812,-1.2471750604781069)
 (-0.53887566527105113,1.4803410187344332)
 (0.64316212849877419,-0.40666447631654745)
 (0.31445334925798019,-0.38651759998015073)
 (0.38124761371393368,-0.38939008347792492)
 (-0.22118715880094594,0.2337131131405864)
 (-0.22095650067273975,0.25683298185849496)
 (-0.71375894387225192,-0.138921914890142)
 (1.0620251831528893,-1.0683724129967169)
 (1.1207201147464991,0.66512750352973393)
 (0.11051229079779998,-0.14635871938997955)
 (0.62382195269613705,1.3832208729635904)
 (0.5723318946706667,0.46449015195832344)
 (-0.025274734877014066,0.44712655744141827)
 (0.42448358908024558,0.32303478711191908)
 (-0.0094622940678069645,-0.56675877300963629)
 (-0.050204893781137294,-1.3579671602061478)
 (1.291045301136807,0.1611565147830154)
 (0.12163665619187053,0.07997120372448685)
 (-0.93893393770545575,-0.49023032243525022)
 (0.38635113439662172,-0.13813936025691176)
 (0.15683832097132078,0.87991140015909364)
 (-0.0050081759729945496,-0.090814373557345021)
 (0.6236603268291091,-0.90319684415085422)
 (0.29403242912431182,0.43718543509366081)
 (-0.99491498078070739,0.56142886663208968)
 (0.63367573424272883,-0.26678109240606773)
 (0.26143560043095043,-0.14922504253191052)
 (-0.36577614487167076,0.40450726526711461)
 (-0.19976853601657094,-0.68031547314214436)
 (-0.42760586480415702,0.24022790006607248)
 (-0.34325285510715253,0.87215148173544321)
 (-1.0833600902511249,1.0601875839334638)
 (-0.32291737600744275,0.58249444218937951)
 (1.2798729667487909,-0.36469421004348446)
 (-1.7766790507163233,-0.11742667060913836)
 (-0.38402343425731045,0.45026946746865509)
 (-0.13409873705818262,0.029631662659403368)
 (-0.51012309983645376,0.19766639797495261)
