# Created by Octave 8.4.0, Thu Dec 11 09:47:22 2025 IST <gamana@Samsung>
# name: awgn20
# type: complex matrix
# rows: 2048
# columns: 1
 (-0.22510406303770042,-0.38761569150479569)
 (0.27207873678771372,0.30049967029280722)
 (0.30013508642331105,0.9098381667951021)
 (-0.93781381060517144,1.010028609936783)
 (0.95010810575002536,-0.88486684295098184)
 (-0.35431895727750551,-0.25553480228552777)
 (0.32636372850266882,0.97160362000156286)
 (0.94172697987858778,0.7859113733680908)
 (-0.24069583528619354,-1.047520548910057)
 (0.35344933503806464,-0.99847950475631397)
 (0.39596030543094018,-0.35740889440651363)
 (-0.84162873699632357,0.26969775004322832)
 (0.93594290339447972,1.0160987532804542)
 (0.38307640996595993,0.34352292386267297)
 (0.24532536026791241,0.35062351740379505)
 (0.34823961971433753,-0.38608624749542508)
 (0.21655789994524743,0.84271421519152678)
 (0.36874376769483086,0.37810283950159429)
 (-1.0471723512223434,-0.34751880071979768)
 (-0.3515517372078692,-0.986385973395559)
 (-0.9135497071072467,-0.83679510411678337)
 (-0.87320425054063333,0.78759640389043162)
 (0.19081824501695946,0.83343081545246067)
 (-0.92654812748900295,0.93711276672918142)
 (-0.37466529361715162,0.91863961776931591)
 (0.78952644024849716,0.33330048601479639)
 (-0.92036946757470883,-0.80931961421332765)
 (0.98302119571840851,-0.421561598073255)
 (-0.9681672199272191,0.22619268228060535)
 (-0.33537795441346896,0.96218877457945351)
 (0.8720628756434442,-0.41129137525256526)
 (-1.0370038505334627,0.84193925871791309)
 (-0.4188594581674383,-0.93542923428311664)
 (0.9071127646075986,-0.3740782619233054)
 (-0.30426981960985522,-0.3938573438282148)
 (-0.95872090737718785,-0.17081335885038526)
 (-1.0012671251286529,-0.98529480528466262)
 (0.2418553434171804,0.89690324627529716)
 (0.97330604755728078,-1.0218335632997864)
 (0.32170188104222897,-0.42498921469703121)
 (0.91770764077252998,-0.90197479286560989)
 (0.40014877912071312,0.1325003168625872)
 (0.32264931506224848,0.96747541787625735)
 (-0.29975190828929299,0.17371118031490224)
 (0.23472115746004507,-0.34768958063262423)
 (0.9589644891771959,-1.0498827649555902)
 (0.80183300667500845,0.30528975663098024)
 (0.28837262470126068,0.23741630645199868)
 (-1.0694610117329499,0.97783936875144051)
 (0.92170105322150719,0.97584344806668533)
 (-0.26032265016000511,-0.93739343249924756)
 (0.81069862191282671,-0.88564185613036184)
 (-1.0122112397235679,-1.0449238583375731)
 (0.3425801252488867,0.22710425172066237)
 (0.24615161624436932,-0.89131841270837864)
 (-0.33478262734216546,-1.0702212098820905)
 (-0.17089238643119689,-0.99137879032265452)
 (-0.89271250473178787,-0.93539816413407706)
 (0.86257711555626604,-0.95779085229699512)
 (0.28166011997532225,-0.95870515321961547)
 (-0.27428144507329505,-0.85394684545431621)
 (-0.88996194350220492,-0.29505435551291537)
 (0.364660336789774,0.99106731147752303)
 (0.87651005076475319,-0.2772230023169529)
 (-0.22524649758108442,-0.84571202546098523)
 (0.97931740690821156,0.33895927702476636)
 (0.26591531578595334,-0.93242054167682875)
 (0.33244208949019732,-0.8908590454729467)
 (-0.20473159324838558,0.29820180784504302)
 (1.0414914244832629,0.41774523807121988)
 (-0.49647551854878247,0.91213374924160207)
 (-1.060418749248528,0.39087214493856037)
 (-0.41227227514649495,-0.3051654769223755)
 (0.32882918181316373,0.85345756806460937)
 (-0.41303292916902407,-0.92599502541671341)
 (1.0748456557830708,-0.27685587981180582)
 (0.36232564326380778,-0.99735690832231538)
 (0.92027616204562179,-0.87301059617008614)
 (1.0516147871036565,0.30764895809369081)
 (0.28821077988071403,-0.90170869041690038)
 (-1.0118750834624142,-0.31005587635531173)
 (-0.27634710571516119,1.1006398942106785)
 (-0.37192158376397022,0.40745601405837001)
 (-0.90903197264023428,1.040315822691503)
 (-0.26894907213797559,-0.97661516693555217)
 (0.92439206949341879,0.87070951919617023)
 (-0.31956659416906869,0.29205945655583143)
 (1.0310284173348065,0.32985043269646569)
 (0.98026241119697,1.1300823042174046)
 (0.25435881238494445,0.85582925603415627)
 (0.33637866789751458,0.33085181894882215)
 (-0.92234636806000281,-0.85325932536305193)
 (1.0998686139263283,0.37541012950494573)
 (0.37638455063350751,0.29980106660350658)
 (0.97827158491327204,-0.30828553688740906)
 (0.99485723455157271,0.41169485699436564)
 (-0.8487844380365861,0.23387934473292843)
 (-0.23813995016707071,-0.93187491556130109)
 (-1.0038335345764919,-0.99539556111377614)
 (0.32249311624962107,1.0219097730905982)
 (0.25021665250367836,-0.30976357257334103)
 (-0.97640367387085503,-0.34694972903399757)
 (0.33991444110420554,-0.3176341572829795)
 (0.87544445232334234,-1.0683149050516476)
 (-0.24987887991966434,-0.30254264346937682)
 (-0.73473904474921725,-0.20350352658973092)
 (-0.89603608352894326,0.27363261784074405)
 (-0.83016797708051937,-1.0038370924807924)
 (-0.94110341584058743,-0.78745547627974743)
 (0.28315884995124324,0.33615404215916989)
 (-0.85919716653276335,0.21881002650965159)
 (0.8743276093206982,-0.94244838022281163)
 (-1.1259479411147495,0.92724260423457205)
 (-0.34902993837013319,1.105862622359189)
 (-0.2724178979486257,0.35814067415955664)
 (0.44643113979668569,0.94215027688275665)
 (0.92615981644101442,-0.91910611976780732)
 (-0.23008332669824094,-0.34191519497218453)
 (-0.42838186547824991,-0.8503912249864668)
 (0.94993982906114494,1.0407177848567679)
 (0.9949135370587775,0.43823079851402663)
 (0.38862901736201039,0.22488814304576188)
 (-0.32906914345568589,-0.2671793405547227)
 (0.95353579766390517,-0.26202104288571887)
 (0.36281329008055296,-0.98773619848873695)
 (0.3716029707619013,-0.96097853840794745)
 (-0.35608713386011004,-0.37101729476948003)
 (0.36814139194357443,0.99158327543492353)
 (-0.94175002438302524,0.34834013272775605)
 (0.20663105274073607,-0.33973410521362246)
 (-0.20191614030958188,-0.26739549175209854)
 (-0.40931877695799868,-0.87159435477051161)
 (-0.8897674855878317,0.36388403486599591)
 (-0.95092413552004407,0.48994339653519514)
 (0.88153988385564919,-0.32339992923363925)
 (0.26252884139042193,-0.94383106303751763)
 (0.29901114064183515,-0.3268434357681656)
 (0.23373606355829502,-0.90561451638312396)
 (-0.78457583934867348,-0.95882344625588733)
 (0.88574031322119096,0.23884116578879838)
 (-0.37876818597668438,0.38772783353616713)
 (0.95998749083588841,0.36751940097360342)
 (-0.8647509638312737,-0.92915163124779032)
 (-0.29404684110435586,-0.27391931906672073)
 (0.85845591502094987,0.30326271919474074)
 (0.27687255980129044,-0.93922017672569813)
 (0.33634793074536429,-0.30175211058429946)
 (-1.0707193418266592,0.9699314442590764)
 (1.0134633212858348,0.92653717378224987)
 (-0.89625934849137667,-0.95266374192925152)
 (-0.36454116748985077,0.34566244238004273)
 (0.42377247354124581,-0.35965581073399017)
 (-0.33777137512101951,0.4287317516784287)
 (0.34511705523734459,-1.1359767354769292)
 (0.22820119416293128,1.0034214262015615)
 (-0.28376750703784126,0.33276244373444708)
 (0.31456961008730283,0.89775274275485661)
 (1.0587075432873354,-0.34703536430581317)
 (-0.26371681295572791,0.86734805796795944)
 (-0.43340803229646296,-0.46992416771843243)
 (-0.94679826186901217,-0.98478574904682381)
 (-0.8109862136824455,1.0076795665777154)
 (0.2638646652660589,0.90665285205189994)
 (0.36094946845136755,-0.39928360359195336)
 (0.33449014185409837,0.9083706567574874)
 (0.40688917356263449,1.0678275784301414)
 (-0.30140032268701628,-0.93570379255400082)
 (1.0432010060149974,-0.90560271204341658)
 (0.933394985929766,-0.24381543751066095)
 (-0.32464018449737347,-0.86280307365912479)
 (1.0196407402925156,0.94654919268536264)
 (0.96486549938104904,-0.31532884838451036)
 (-0.3011633858534134,-0.36371347668804999)
 (-0.35267182221930138,-0.88116406198087283)
 (-0.28828475606888876,-0.84832140085251218)
 (0.20538544300908423,0.91127614237873278)
 (-0.25092085900460037,-1.001318639154412)
 (0.88155419127304979,0.96509877432634039)
 (-0.34225854336899408,0.33029872720870646)
 (-0.21592623016304516,0.95311745833629857)
