# Created by Octave 8.4.0, Thu Dec 11 09:47:22 2025 IST <gamana@Samsung>
# name: rayl
# type: complex matrix
# rows: 2048
# columns: 1
 (-0.87788825520411573,-0.64636190431947782)
 (0.69462986567948404,-0.17752785736456039)
 (-0.53484016173038462,-1.7770866140019783)
 (-0.89662840658736198,-0.46280203519395924)
 (-0.47215026145110539,-0.057604964199391734)
 (-0.2144034179397146,-0.089403042121930093)
 (0.3354179091400874,0.70859402658063564)
 (0.28081186519927498,0.16243945266701426)
 (-0.20569457025271853,-0.91188340702103909)
 (0.016875616371009379,-0.11202828979483545)
 (-0.14325811865328586,-0.67522601375995572)
 (-0.56280303632082729,0.012410724656917727)
 (-0.84779196586788186,-0.61035534720474982)
 (-0.14146655347267301,-0.025904396436935463)
 (-1.3030443639351801,0.076477657224241768)
 (-0.17161850192453876,-0.036477368646916239)
 (-0.077390712699192982,-0.60175618020799415)
 (-0.22965952529522252,-0.2994969945185687)
 (0.41557501432344673,0.38647135417846906)
 (-0.91918016089651056,-0.10582183342601981)
 (0.03089416943857147,-0.19037471137916712)
 (0.22022662656808778,0.33789463036891476)
 (-0.22426855343994434,-0.51121291957136195)
 (-0.19146544267144538,0.80631992128039698)
 (-1.0785407220951875,0.34179018878756684)
 (0.46855246597424483,-0.34605043910471833)
 (1.6462155354484875,-0.48590022485062395)
 (-0.043276108849552811,0.16527822548039633)
 (-0.18995241994252782,-0.80647091545208693)
 (0.50658471412935191,-0.19169223839915778)
 (-0.65261156722685143,1.873104758353922)
 (-0.067273471113940914,0.57445154531943132)
 (-0.014563936208586453,0.2746802166079152)
 (1.4623226375698697,2.1237128396684923)
 (2.6847206171199196,-0.60743086769945975)
 (-0.95821294989475958,0.29201021550686612)
 (0.30902149070155738,-1.4880045667724369)
 (-0.58831435165926615,-0.80759247472548323)
 (0.86662814630180163,-0.26348956925786726)
 (0.83437945984479067,1.3098800413532909)
 (-0.15812574843901331,-0.14451886883464843)
 (-0.21656086684893727,0.078247501705340658)
 (0.050073311414886773,0.13411215540446908)
 (-0.10564740219937514,-0.15960217280071384)
 (0.16891393738870875,-0.4883387936292104)
 (0.57888450040178552,-1.250917251387218)
 (0.034020541597577419,0.0021714711902658876)
 (1.9760720492134185,-0.464588335583624)
 (0.81401672136784731,0.028466928869508606)
 (-0.092385566092012927,0.74847614098434567)
 (-0.068958904322388825,0.52646595702568977)
 (0.48231417326545567,-0.44398460455965921)
 (-0.72708416228742689,0.07426831703184289)
 (0.55776310159124165,-0.37134325462013223)
 (0.86061532408073727,-0.40354812406021656)
 (0.74132730593167784,-0.0088368613076070246)
 (0.18418321074315741,-1.2615607895299024)
 (0.058413156586314068,-0.35601842235888076)
 (-1.4342131214993299,-0.25264924266495326)
 (0.84027475158478349,1.4478237801809872)
 (0.91409408938919678,0.28375150308874614)
 (-0.23578859781777625,0.81838971042642727)
 (-0.81513030563554412,0.37638438014302616)
 (-0.070943023926846538,-0.34446607260220913)
 (-0.59757757262018352,-0.34037113439413325)
 (-0.19745000322880729,-1.0546266785393155)
 (0.36035042673157491,-1.4420215223792099)
 (-0.95226292932187029,-1.5118051670467323)
 (0.68219528005587238,-0.86500764466382174)
 (-0.15943520242118847,1.2183719027829463)
 (0.054364670406327753,0.64698798008293101)
 (2.5208330977237954,1.1995781542055921)
 (-0.4072690853055041,0.74064105897908472)
 (-0.15567518741309602,0.24299754360580417)
 (-1.0498831341683286,-1.0257734250758057)
 (0.80301625278797961,-0.72600800107716945)
 (0.87408784732547851,-0.16956722742558142)
 (0.19094713412331277,-1.1582472295847759)
 (-0.0015359512322588448,0.14364959095505278)
 (0.96336778292499492,-0.89997161325601804)
 (-1.2776662811050128,-0.61505839143232277)
 (0.72532827253850296,-0.39390944931545741)
 (0.15534681673278899,0.19234415540274535)
 (-0.40809635993514964,-1.5089422008074047)
 (-0.047970240759009658,-0.033655092711360357)
 (-0.32371378463658163,-0.17271150561556309)
 (0.039744949266335233,-0.23359621554698937)
 (0.098181958595296881,0.037313817931877824)
 (-0.34326692742739046,0.37392318628001442)
 (-0.67330138868839506,-1.7605901291498176)
 (0.48345091890532133,-2.1178007265551924)
 (-0.26476995538849529,0.28138723210977329)
 (0.2731389640485784,1.7365872713787465)
 (-0.9778466932477754,-0.9404252822190613)
 (-0.4943945465658266,0.044729471510149985)
 (-0.27596943045977929,0.53062641370782448)
 (-1.4263764772382375,0.33114566661174516)
 (0.15406765213768681,-1.291411487354893)
 (0.8873706736708179,0.64854238387634922)
 (-1.0342244417282087,-0.25427850438107741)
 (-0.43583495726750776,0.077773419511926692)
 (0.073916031163621373,0.15793211268272456)
 (-0.032408946648482123,0.3745708030109578)
 (0.72966316786776364,-0.284313226189021)
 (-0.10103315172405469,-1.1619812088186263)
 (0.8775809125194769,-0.51477589523944567)
 (0.65664268942926873,0.42352915995980212)
 (0.97944991272103032,0.60881662892849286)
 (0.23137123557568537,0.53797935749737413)
 (0.19232564957925719,-0.097390110913260955)
 (-1.3721608817606563,0.9398061483110467)
 (-0.70611269942155208,0.57120510023986792)
 (-0.80511594012899179,-0.79304918357634246)
 (1.7351678032913163,-0.22863881784089113)
 (0.48892357061057501,0.54670549308862992)
 (-0.3639016441115035,0.49402146127397611)
 (0.61032317188039675,0.13371348594892701)
 (-0.3182789537789591,0.093612128754942722)
 (-0.65309514120249323,-0.31753573202119756)
 (-0.079427085236225742,-0.30608400905241906)
 (-0.28402516645491788,1.2178858476794865)
 (0.023267173733602819,-1.1100170048258413)
 (-0.87561024313586189,-0.18703099888551616)
 (-0.05685260821318347,-0.67857088887210459)
 (-0.02243221097751219,-0.16760189241459053)
 (1.9924349962690933,-0.035664886842677324)
 (0.4593199747806655,0.703720356963493)
 (0.62090740721291315,-0.0074182853755085376)
 (0.57122519123650706,1.7452294114629843)
 (0.62881250252205501,0.35861722071225127)
 (-0.084367019375976821,-0.80239585832707472)
 (0.22629333200898402,0.29386535814295311)
 (-0.030870788084151848,-0.11330958338641318)
 (0.074339100296188731,-1.5893673835386193)
 (0.01922977884061805,1.533270390160566)
 (0.50612781392328288,-0.11053961155133754)
 (-0.41786170580164272,0.1329254230286685)
 (-0.16167815586256645,-0.34192107511742981)
 (1.237671934659806,-0.16220025062864479)
 (0.1127350361381573,-0.2191764017528712)
 (-0.33754015097443546,-1.4739733032435018)
 (0.42638370329965741,-1.0205713081238916)
 (1.0810448002754334,-0.26903518495534134)
 (-0.013476040137493095,0.084886312849648995)
 (-0.049100286259864706,-0.69386826557340309)
 (0.29686224611810724,0.29661827177071642)
 (0.25389258681758198,-1.5120167374176829)
 (0.25424374051058279,0.49192860420106421)
 (-0.084998709607069345,-0.41584778333107947)
 (0.1438883644289547,-0.22876391158608755)
 (-0.87110087960734961,1.5471108353939222)
 (0.62135182668171696,-0.21795236577150021)
 (-0.24324181397200337,0.29215645559660869)
 (0.87917882279878301,-1.101931686991654)
 (0.38108828012529478,-1.3004047541163102)
 (-0.048411285516947289,1.401717717622941)
 (-0.88940039961784156,-0.40604761786539911)
 (-0.44060995268690095,0.11057032659057348)
 (0.070330762180615625,0.20072517210520285)
 (-0.88366784999237324,-0.15403184024908823)
 (0.69383371169394237,1.8385104638976946)
 (1.0559803498500675,0.51519693400651045)
 (0.29835216936623266,1.0045206749902476)
 (-1.0810175507961639,-0.21301321039528442)
 (-0.050456689014687583,-0.23678184697290883)
 (-1.6407726465158539,0.2037148102306906)
 (-0.4045062282024261,0.070238683805232127)
 (-1.0384819026682044,0.23285208836612636)
 (-0.36312144474385172,1.2066556518483513)
 (0.21242918719267442,-0.12601902094595582)
 (0.33748231124507883,-0.58360017891757876)
 (-0.035598089947100536,-0.49394947466598071)
 (-0.10692707187642192,-0.76689987633342915)
 (-0.091546880413894555,-0.54727026437159731)
 (-0.11236442817269343,1.2430857764044561)
 (0.22889759429174245,0.4362559930135706)
 (0.22789639315175775,0.25693358558605667)
 (0.35078027608926848,-0.78648648419666756)
 (0.0025165118498383793,-0.085195520392096352)
