# Created by Octave 8.4.0, Thu Dec 11 09:47:22 2025 IST <gamana@Samsung>
# name: awgn20
# type: complex matrix
# rows: 2048
# columns: 1
 (-0.36559627144546902,-0.42989214489363192)
 (0.37978860410000026,0.38803956322758459)
 (-0.98432441224635492,0.9395470743199047)
 (0.87206667738272658,-0.9676380673998779)
 (-0.87605015855502644,0.98390492610078983)
 (0.34110123180496038,-0.35301633776780839)
 (0.34161231709095358,0.31617664772831872)
 (0.34440838488555375,-0.90696889979113682)
 (0.93339446041366037,0.32963332408682117)
 (0.37013999004287024,0.96340157196073972)
 (-0.35538778718179959,0.36565354933145955)
 (-1.1216182350295112,0.97570693022940225)
 (0.35301527520153292,0.94932978317365146)
 (0.96646465260408021,-0.87462379557315995)
 (0.24404765310347509,0.89671731089896045)
 (0.89853182408391996,0.15120289128489187)
 (-0.21679246080345166,0.33054420137371376)
 (1.0760879410037532,-0.94222311326735886)
 (-0.30212207354292325,0.89862253246930623)
 (0.33238500712096181,0.33716684624977494)
 (-1.0408587314694702,0.34382782134292345)
 (0.22728965558345665,-0.98198634865438406)
 (0.89087103134189183,0.7414865482426326)
 (0.24534441751583502,1.0242111625641095)
 (-0.43899133703635707,-0.82785786815995788)
 (0.37974380517495521,-0.89655826485948598)
 (-0.22352958455180685,0.97334257251501544)
 (-1.0151351069841263,-1.057032030890052)
 (-0.90119683051973831,0.96257793604567354)
 (-0.26834588909760448,-0.25884325642740702)
 (-0.34857201114264263,0.37411426681394155)
 (0.40091789122328858,0.95067105822527775)
 (0.2738342064091332,0.18699888018845451)
 (-1.0968499705105645,-0.86843882789715487)
 (-0.36662993396935617,0.37411452018295216)
 (-0.89027804119956566,0.32666615009540856)
 (-0.2855988059382395,0.4203820214672872)
 (-0.33565774028033823,0.25312783340780554)
 (-0.34748803613824381,1.1720844716355119)
 (-0.42005381964604832,0.96042472867780371)
 (0.17045710420388346,0.3507175562742908)
 (0.18676830540302469,0.26904569431280106)
 (-0.8731090851132175,0.18279666642742545)
 (-1.0907607246338746,0.95014174486313618)
 (1.0210671194133665,-0.28672749247767398)
 (-1.0472823802813689,-0.39226128425586509)
 (-0.45643829601711972,0.77226822643330151)
 (0.95166673230856536,-0.37804109919940426)
 (0.25023689250713932,0.30422562858296281)
 (0.34516807287341622,0.8802316674764189)
 (-0.9872010396541574,-0.32812842244740253)
 (0.89289816188761506,-0.21028052071602088)
 (-0.32508026040636245,0.2779092133002668)
 (-0.99930719268258505,-0.97819700583588376)
 (-0.89292985496619415,0.95763564063328677)
 (0.87444013466383763,-0.36424579421971603)
 (-0.94375592461803248,0.8975312788240577)
 (0.8895383447301326,-0.94521850405050289)
 (0.89833608973508061,-0.31847505328827513)
 (1.0658702596065628,-0.93308161674031387)
 (1.0156867856879066,-0.33900741289827213)
 (0.896200441766003,0.98944745230779663)
 (-1.0254130878641758,-0.93920782291452676)
 (0.9083472433231502,0.36337401691972376)
 (0.16471924370600541,0.94874943121422517)
 (-0.54936315533227176,-0.39801259027101632)
 (-0.85216571912005556,-0.29957803636633973)
 (-0.89997409248449489,-0.94251179241377669)
 (-0.28086222028890723,-0.82644344376501211)
 (0.15156751408798205,0.89816337113682743)
 (-0.44064533043923826,-0.29887868818501417)
 (-0.35586146612719555,0.24046254456466565)
 (0.96996584892131599,-0.94055345144280855)
 (0.98808239532336595,0.15554709828634472)
 (-0.21342490467431702,-0.26104346879257062)
 (0.29795012593385584,-0.31046230653660101)
 (0.85519419447692235,-0.93792224153618597)
 (-0.86294222564732526,0.32826668252599922)
 (1.0679472123491853,0.35750529860150321)
 (-0.37270516289685812,-0.95441672943186451)
 (-0.94686010664928966,0.90985362613930376)
 (-0.30403592206216185,-0.88274584949430346)
 (-1.0513581871342244,1.0034899222949254)
 (-0.3052913525012777,-0.36937531290582182)
 (-0.28770180260642036,0.28464216987552043)
 (-0.9317872700455464,0.96334843142709958)
 (0.33751369253969021,0.327944694657823)
 (0.26871459023089433,-0.94867417071256366)
 (0.34712050408618211,0.23813044565523739)
 (0.90642594204622751,-0.97810424579527488)
 (-0.44822981275509255,0.16058311862712138)
 (0.92468274035173326,0.8741660111614119)
 (0.99381715139636728,-0.29408835499049724)
 (1.0203579676971422,-0.36573168772370945)
 (0.94722208514793593,1.0402999878556018)
 (-0.99484455736221966,-0.32378816537958521)
 (-1.1297482581774434,1.0080359369139993)
 (0.96750388576468527,-0.45574688586191336)
 (-0.29009928620920478,1.0089514230133456)
 (-0.3236146050813582,1.0097886081402141)
 (-0.38323023064069928,-0.30263665057687783)
 (-0.90442444702908331,-0.37538890367851802)
 (0.98132585174445108,-0.94172489990244579)
 (-0.35613761639970065,0.37073070201771918)
 (0.21780851576336718,-0.97224935623028719)
 (0.90715899978437076,-0.91051972995117914)
 (-0.46369383559750188,0.22890655036784832)
 (0.35199317578774464,-0.92627901396067347)
 (0.32924126225076822,0.31403048656228355)
 (0.44475418463424965,0.28495195000147855)
 (0.92124524775774375,-0.86065653762193839)
 (0.45239065201885209,0.99271506588787073)
 (0.93309829199355776,0.84504880525216619)
 (0.26889983188123356,0.98936802874816532)
 (-0.28746188330711286,-0.85377995017648389)
 (-0.36239662648634768,0.36638652080962825)
 (0.25881552466354246,0.98108875580191712)
 (0.36963161133582245,0.36367818406099867)
 (-0.9518836277403564,0.91013897636849128)
 (0.35846279857590907,0.8544194945120257)
 (-1.0215263794097169,-0.33560403787225412)
 (0.25489330273781263,-1.0281472117769623)
 (0.32021350527187775,0.44288491801214597)
 (-0.38661447944748795,-0.92703184029306196)
 (-0.31424792576687222,0.92869540992826149)
 (-0.19631037540209523,-0.24788043444972541)
 (-0.92486385341788679,-0.95583070403908721)
 (1.0537699023452585,0.37225606418160651)
 (0.36319395640801222,0.96217754651713272)
 (0.30261699986293872,1.1512033836936946)
 (-0.99307614282331391,0.93247687511621957)
 (-0.27766787806816562,0.17049213255060822)
 (0.83008763565590393,-0.91821741496011267)
 (0.36916708461561537,-0.9177275933651301)
 (1.0637328471190755,-0.19365024680801413)
 (-0.38743686901844093,-0.91191259653578216)
 (1.0327610628332959,-0.34576771174951548)
 (-0.30776218125715288,-1.0267741966753381)
 (-0.35386177034147975,-0.94062545959005184)
 (1.0239613810224686,-1.0202881701210755)
 (0.95331891668029123,0.4163734804595085)
 (0.30356449897589521,1.0040247208527218)
 (-0.34273211684592514,-0.25772123930419549)
 (0.86578207421287356,0.8796262091305308)
 (-0.35982531292689535,0.91796157499911857)
 (-0.97208542152111932,-0.35127878116199568)
 (-0.93098507795020591,1.037826497196281)
 (0.19066570105080474,-0.22010380309742344)
 (0.30134475714537834,-0.27743067148644301)
 (0.33407259246883569,-0.15547880371074563)
 (-0.88284168669737728,-0.36152560304684966)
 (0.98627368280030714,-0.34847608810299446)
 (-0.36575478804051881,0.31838929839995006)
 (-0.92808460621402822,0.2361968333929306)
 (-0.97780046424925104,0.37146298543669437)
 (-0.96087865496546765,0.95133207861150915)
 (-0.88761775105147378,-0.38417380114629529)
 (0.27420577457352363,0.48384869672127129)
 (0.92836747751911419,1.0134483245233596)
 (-0.92684605542174647,-0.32532051445932741)
 (-0.9889569505149467,-0.35218739516800729)
 (-0.31013961628428527,0.23415989271623666)
 (-0.26481488262167957,0.22476460397701201)
 (0.47818204240880546,-0.97204221189367268)
 (-0.24185352760638806,-0.93543808468103251)
 (0.93057532754539007,-0.90312117360591337)
 (0.98821813485902432,0.32833953000180982)
 (-0.28693037689507667,0.89912324453293957)
 (1.0289544181083452,0.78513639645531608)
 (0.94559913158612574,0.9619003372759064)
 (0.30548465893784349,0.90385435869142694)
 (-0.2224127425644703,-0.9073556741692157)
 (0.91509088294655605,0.23184192932100275)
 (0.98052667491725864,1.0769301120196331)
 (0.41074156185192751,-0.35705164655840288)
 (0.24434897597178357,0.26918143172448383)
 (0.96563033940101295,-0.99588706680044847)
 (1.0228641581002533,-0.99414520244974791)
 (0.2390405004339988,0.22429485992909501)
 (0.93379062074465491,-0.2778314679654329)
