# Created by Octave 8.4.0, Thu Dec 11 09:47:22 2025 IST <gamana@Samsung>
# name: awgn20
# type: complex matrix
# rows: 2048
# columns: 1
 (-0.9001247577423519,0.87098739823856453)
 (-0.36288003182640582,-0.28093755796995129)
 (-0.26000274473208018,1.0326531402964667)
 (0.24929548354206699,-0.35904662503470841)
 (0.98532567277590366,-0.3919936406065978)
 (0.88652675785184809,0.94915276932835424)
 (-1.0302645285713878,-1.0626435586798895)
 (-1.0016483237097196,0.40837000937217222)
 (0.98797155815510573,-0.89713673418123374)
 (0.41311055188747881,-0.90824311349087494)
 (-0.91496899322159531,-0.94285007770308737)
 (0.1840450683855181,0.36216322359879732)
 (-0.94028009373419041,0.32321310325305769)
 (0.99093425315156658,0.83340996608160056)
 (1.0306699160150568,0.39994064707845689)
 (0.96459435006126593,-0.3852423879522418)
 (0.96455521529246746,1.0193785193961431)
 (0.18453686780008621,0.89322682428292721)
 (0.36236619015005173,-0.90075882078335412)
 (1.0705815677608321,-0.90448620170010163)
 (-0.79764861965963796,0.41836355553778959)
 (-0.99437578865126086,0.8686066767067897)
 (-1.0411578150295309,0.96267325557935124)
 (-0.36117600234708136,-0.20325938461480705)
 (0.30409759495713606,0.34113923208636204)
 (-0.28960619735679083,0.19772559776907361)
 (0.1442573351050036,1.0509123581327053)
 (0.83309770350228185,0.32744862410896897)
 (1.0056368024397893,0.32789010353302633)
 (0.85353284925668582,0.35430281286402032)
 (1.0053247296380847,-0.95836658677838304)
 (0.99985194260608212,-0.15384758295181866)
 (0.33378717084943804,-0.25000590006782003)
 (-0.3722842548963467,-0.41697525858844092)
 (0.3935845040303288,-0.29158606107832635)
 (-1.0281293836571803,-0.33025022958161487)
 (-0.25756702533693687,-0.95217110683894368)
 (-0.91599820542457933,0.92377683315298786)
 (0.84385385724223161,-0.92504130535012097)
 (1.020116074836382,0.9795181487858613)
 (0.44490878432658643,-0.22680982673505695)
 (0.99045206560799059,1.0167416879578302)
 (0.97525742081770805,-0.42314626988136855)
 (-1.0124752314334688,-0.31749415805560766)
 (-0.90068948535246873,-1.0507530542680223)
 (0.97593368180400886,-0.29961669970145965)
 (-0.82531140491281896,-0.33926761923053161)
 (0.3069043644467877,-1.1129568331317996)
 (-0.99303806657545146,-0.42778486049613973)
 (0.90532080744923604,0.2747945492751323)
 (-0.19381522565418435,1.1237927770411615)
 (1.0015739822160559,-1.0790599996877515)
 (-0.96216980533875396,-1.0387327070670487)
 (0.89772567566779571,-0.35992553102779007)
 (0.34684420765172785,-0.95201468291321578)
 (0.94362056982092846,0.35366506337557274)
 (-0.33777991149568393,0.17944635814874432)
 (-0.22235862264084805,0.40540337726392023)
 (-0.37789806349800326,-0.99963251879222526)
 (-0.93014712178306069,0.85573359235810109)
 (0.38064737631083623,0.93623214334385441)
 (0.855727656768829,0.88988213885842071)
 (0.83695773460791223,-0.99204464470713649)
 (-0.91896382606043669,-0.26597014537944935)
 (-0.31677727381344195,-0.28117200549497601)
 (0.83744266371337306,0.9240261812448195)
 (-0.88007589818429044,0.87352349895936776)
 (-0.28867376556279639,0.25990437448096315)
 (-0.95853042995297566,-0.29628851310869814)
 (0.41982929748258879,-0.98254971254621515)
 (-0.99057254721376109,0.92900250184618793)
 (0.29172297258369456,1.0356798280346942)
 (0.28518623183135688,-0.83054541699973461)
 (-0.86767152548417903,-0.92859809938132321)
 (0.83761646253805888,-0.24773680454492727)
 (-0.28772253153054356,0.27064378362643571)
 (0.38893346937869328,-0.373895623045711)
 (0.9396570504891113,0.89848750136667077)
 (0.25727958887434876,-0.36703418187731196)
 (0.73881050066488707,-0.85898538996856999)
 (0.94614222733858633,-0.30829065467179423)
 (0.33958166822212787,-0.9771063972917432)
 (-0.84149456686706181,-0.077639085416262493)
 (0.20209816296959821,0.23170153525096354)
 (0.25864174387755928,-0.44062609078955295)
 (-0.25922434776667902,-0.2927383286991333)
 (0.37793334983372162,-0.82868943684256957)
 (-0.84355230431424644,-0.83895608038996039)
 (-0.8889884152991091,-0.91047617594334829)
 (-0.96535283990342335,-0.82075307770313688)
 (0.29214454655782368,0.3735266173723234)
 (-0.36488980194558168,-0.96854737820897085)
 (-1.0607228440985825,-0.99085823172241361)
 (-0.93788209857246285,-1.0655067689967286)
 (-0.34761737300345802,-0.44386362300992832)
 (0.38040571310115401,-0.9117401410348912)
 (-0.13415475249133446,0.86673786237815009)
 (-0.30458773040016729,-0.36514295522720347)
 (-0.96102248323343065,-0.99182685420606254)
 (-0.43271539841686663,-0.28810446021385422)
 (0.94585354587857273,-0.90505827983275955)
 (1.0304762983678042,0.94006816052920072)
 (0.31072277022531031,0.24495176779379726)
 (-0.3649097236060338,0.15787098216437875)
 (-0.35264352132974774,-1.0071039753341844)
 (0.97516816378882409,-0.22990157845014558)
 (-0.21276115861558065,1.0155080776047998)
 (-1.0785628785274131,0.91981419034899659)
 (0.91796902753139342,0.27893915807053721)
 (-0.25849523143992653,-0.88023090854231456)
 (-1.0251078841800394,-0.87330016170442215)
 (-0.94652198474188587,-1.1522947407285062)
 (0.49906874618686781,-0.25635852621193556)
 (0.96289644291438159,0.27866857224051)
 (-0.79855388247059578,-0.29282015680816015)
 (-0.83286699904988915,-1.0019091402941838)
 (0.91343110405174921,0.89922190925935153)
 (0.28765885348156039,-1.1121711147028923)
 (-0.37135333294141382,-0.96521555684385618)
 (-0.30160794191299994,-0.34496678325222629)
 (0.26324262324375253,1.0268580929895168)
 (-0.96362672121188098,0.29085876633260555)
 (-0.97872120595742851,0.29809324735211862)
 (0.30776620229656337,-0.2081688972539848)
 (0.93982436853842433,-0.24742973122855605)
 (0.33400487962625713,-0.34117197362260865)
 (-0.94476152419352943,-0.26443794026687634)
 (-0.881025113710315,0.97910429536664068)
 (0.87918703926500019,-0.3899544377896984)
 (0.89531208409864527,0.95575871157158521)
 (0.86483854088642598,0.31127143749997188)
 (1.0406533992807478,0.32123667850494919)
 (-0.8277404515112774,0.88005626483865607)
 (0.91213598066553125,0.3051834367599715)
 (-0.34130198509624321,-0.93396918434408271)
 (0.23247456732875116,1.0214902212378973)
 (0.29201768349091439,0.99402882458824615)
 (0.93135028324201574,0.3049557909227269)
 (0.40445099926934108,0.85883587127124783)
 (-0.3782960167737569,-1.1127865632481708)
 (0.40791473001898382,-0.41850312534865464)
 (0.25850904209418352,0.26671886853631688)
 (0.37036475979094241,-0.24280701187325032)
 (-0.35123827356803372,-0.88301712120341636)
 (0.37335389658415441,-1.0162244457224348)
 (0.31418900286214191,0.36210350772488087)
 (-1.0400541639069463,0.13622631909189736)
 (-0.22083745070783786,-1.0675614802237847)
 (-0.97272869446019583,-0.97945068740029806)
 (0.9204794470393215,1.0141862559462937)
 (0.83186098272700693,0.8614541817191419)
 (-0.22010185295520796,1.0094056426501254)
 (-0.99796182637190622,0.43036116969565619)
 (0.26433907563659376,0.30635133746380006)
 (-0.96676468006570726,0.3315568308343822)
 (0.97966412594669516,0.85856705848771386)
 (0.31021549583425057,-0.37151064658249994)
 (-0.30935013432197006,-0.99463863839946742)
 (-0.33769996492870313,-0.22313759166025626)
 (-0.99712704819351861,0.80481194749216034)
 (0.33284618975337166,0.33519805098762845)
 (-0.90794783089955811,0.94826335397929362)
 (0.99031105526539653,-0.9710704714592544)
 (-0.87668878936333083,-0.80141003213218642)
 (-0.31600352917890734,0.25343396231825605)
 (-0.90226583254208204,0.45616428585886792)
 (-0.98918146133852736,-1.009709829534541)
 (0.27299233347272711,-1.0249273728309698)
 (0.28914589547538461,0.84409712228988965)
 (-0.39949186121105951,-0.94300269123979719)
 (-0.27892902972141714,0.9363753677272888)
 (0.36799334615628143,-0.3492116560366641)
 (-0.82103755836190273,-0.30274551730466032)
 (0.36278820405794898,-0.48161946864922967)
 (-0.93382771096589212,-0.25784056071930095)
 (-0.32144981972329806,-0.95675406459061929)
 (0.97110134142472215,-0.90511155947447786)
 (0.25875200572776913,-0.36500723579585792)
 (0.90393755100876971,-0.93484791284323654)
 (0.37595138835632447,-0.26728623449605887)
