# Created by Octave 8.4.0, Thu Dec 11 09:47:22 2025 IST <gamana@Samsung>
# name: rayl
# type: complex matrix
# rows: 2048
# columns: 1
 (0.57949891230642525,-0.59206147642800799)
 (-1.4523438792997605,0.3100522479164089)
 (0.008738567256273061,0.46970486653167498)
 (-0.95839062463154301,0.70869986629168702)
 (-1.0345572262745828,-0.3427882884822977)
 (-0.74982313816148571,-0.15661280375087067)
 (0.1464681291191342,1.5486215445178808)
 (-0.74757387229612371,-0.82288604088761141)
 (0.25846456457694966,-0.55084024485303607)
 (-0.12165138109438724,-0.096832180929030148)
 (-0.052997851343877328,-0.66492099774373226)
 (0.084128022280639092,-0.16306861276455983)
 (0.40029337908717394,0.95421699851456321)
 (-0.89382221433551068,0.80286759062446544)
 (1.0977318030830865,0.084564536224306153)
 (0.97806455129613257,1.8581809301393406)
 (0.30014404610674872,1.3997701654382317)
 (1.1645453961104888,0.25550764003780058)
 (1.4438984758290361,0.55501380878148154)
 (-1.2167297861432338,-0.24614613415244874)
 (-0.082796594343599136,-0.027196720747575644)
 (-0.12192238795879343,0.030512817328981541)
 (-1.0210025379873409,0.72922713706987041)
 (0.71919704852729671,0.33147450594397587)
 (0.49200307167018048,0.16437084407557218)
 (-0.01036644876124021,0.3272946089836748)
 (1.9422224450869126,2.1834739380709909)
 (0.54361187878232609,1.3867396134299075)
 (0.45667146423149363,-0.48782312088414753)
 (-0.39550375915785674,-0.056126262785685943)
 (0.23326386884768613,-2.046736864218226)
 (-0.10367362727617979,1.4182225710033824)
 (-0.21509170354014706,-0.25052509878060103)
 (-0.070218130878367674,0.48689629650536903)
 (-0.43722471653621814,0.10879764439289924)
 (0.50090260483413518,-0.018244072845478992)
 (-0.6932180265012442,-0.12479709439610454)
 (-0.50946019375401852,0.24896721929478227)
 (0.15849672714329924,-0.070504045208081761)
 (-0.98506762049897167,-0.70735993906082772)
 (0.63939694525068891,0.011873011732457084)
 (-0.13963724315063486,1.7333765010049156)
 (-0.015333703132646259,-0.26296191814345365)
 (0.28327306918046136,-0.77767640212128786)
 (-0.19159490620168967,-0.66561367510179381)
 (-0.095121132844949052,1.6264912278054853)
 (-0.24401057702992918,0.30139359452381748)
 (-2.6939300168410591,-0.65959311832227963)
 (-0.41931278026385077,-0.17362736986246172)
 (-0.16247564288456101,0.91674790850895727)
 (0.45721742020774847,-0.1609469919086024)
 (0.67084724061284107,-0.04863281324020502)
 (0.97626735869674963,0.20773753124358701)
 (-0.92810199096735113,-0.36735347488242548)
 (-0.24846238006069205,-0.039459952107934307)
 (-0.014737974279174226,-1.1281895410358076)
 (0.61898274803538,0.60588479264607875)
 (-0.78286351060688075,0.84217502386880372)
 (-1.2540483376922231,-0.54200802199095688)
 (0.047216689059595293,0.18779250178617879)
 (0.38845303257591735,-0.17705140576186285)
 (-0.12159013524024886,1.1572402743692376)
 (0.26122703100528488,-1.3574004017903494)
 (0.63680461833431301,-0.44163841420442623)
 (0.80412169296663538,2.0911650157644135)
 (-0.31353601126640152,-0.83677415295066315)
 (-0.14273128263537824,0.058544489491403374)
 (1.2303569795078881,-0.046366072586726759)
 (-0.94383497167165031,-0.070117998887702926)
 (-0.73560055892511389,-0.43614454337022235)
 (0.47063656808518139,0.7943256365105309)
 (0.25879334181704949,0.08282348439143486)
 (-0.32507994620535902,-0.023312223984606251)
 (-0.28992207280421695,-1.3056124779572622)
 (-0.94404506378844033,-1.5150110412257765)
 (0.23334487951567492,0.17165959809805523)
 (-0.030997385560557832,0.15528358651690138)
 (-0.45779071800206883,-0.23048087258479233)
 (-0.35057450908447851,0.40703220303115323)
 (0.34095576864084354,-0.35972723649774924)
 (-1.6419413471642712,0.19187481018422725)
 (0.88391037621840041,1.2412296066811825)
 (-1.6728856276529211,-0.53029269029305126)
 (-0.073712203403629162,0.82474350339219149)
 (-0.57769839129972389,0.60287630097495992)
 (0.26951588279224981,0.69796296251471435)
 (0.42828150400449294,-0.12889735093274837)
 (0.8069698843883194,-0.48242637045972192)
 (-1.4139892401544008,-0.82749486498316194)
 (0.26475771135043374,0.37918753309057895)
 (-0.14455827193640458,0.527680637893022)
 (0.44406440836672079,0.0027568619940329386)
 (0.14051357805185583,0.2320781100809278)
 (0.61636109852925192,-0.33684241684313493)
 (-1.1792954540617424,-1.0827324553655231)
 (0.13547670282062016,0.22185321643297726)
 (-0.20145530860508246,0.32312377829509176)
 (0.43099012551057098,-0.057467335346476148)
 (-0.7390704727278975,0.73307867579953667)
 (0.68767094398825834,-0.33185031542978527)
 (0.20789778360524813,0.10800923191622039)
 (-0.084849875315218773,0.21505941680737617)
 (1.0905350296873759,0.34246966490431346)
 (0.60597865759216063,-0.48783147897363688)
 (-0.75321942389340779,-0.62784527644466381)
 (-0.01478564274494204,0.66051240143337875)
 (1.8133275105059932,-0.45526001192153653)
 (0.5952538433692155,0.22661626968913012)
 (0.74087424826495896,-0.35844320696855714)
 (-0.10519168641484948,0.58621965261951881)
 (0.74730230028401967,0.20195305184511347)
 (-0.11968626408152738,-0.24371354931498454)
 (0.35920847246268184,-0.3365140017824404)
 (0.066655557515073738,-1.0413768764121356)
 (1.4683717531915526,0.75943966643112737)
 (1.1735549296986914,-0.039695186286216655)
 (-0.24826640774413911,-0.83024769649855323)
 (-0.11140087829987794,-0.1792742702594054)
 (-0.27468012473695569,-1.3097668219590135)
 (1.0953943371128165,0.46511332442232411)
 (-0.0010072890474478596,0.13469274482509147)
 (1.262296923717841,0.018920845852615775)
 (-0.087864377882444278,-1.0760303061317547)
 (1.3429458631508466,-0.84024567727950661)
 (0.10863336059661016,0.061026072635937956)
 (-2.3478479746974474,-1.9951646009554174)
 (1.1103167596665855,-0.74338925792398503)
 (0.022046148520708735,0.14058811621668421)
 (-0.41206710336526414,-0.63273214047788062)
 (-0.97286766087073562,0.52436386185562145)
 (0.27959775241133727,-0.37552659001058858)
 (-0.37976714845723192,-0.38056420857482948)
 (0.90105295697561827,-0.54979669699666434)
 (-0.42725579185214418,0.23060710046866156)
 (-0.55230807013865402,0.40086430880425028)
 (-0.60223580476220506,0.14681991782908976)
 (1.4050791939929133,0.39377759686889158)
 (0.089500100072584493,0.16864050728468807)
 (0.74763732847441955,0.77979369839063106)
 (0.22666332071240852,-0.28870246505511082)
 (0.1095232631166729,-0.37681368283659866)
 (-1.3285330223291094,-1.484753731339842)
 (1.258352208743857,0.41325918730922406)
 (0.13035152619550427,-1.4248479681128194)
 (0.12445304634199698,0.21301044530864532)
 (0.44585947884107446,-0.20797462958418084)
 (-0.79754769370771605,0.30325094795059865)
 (0.58895378357239425,0.1928593029051642)
 (0.56967918138463702,0.00834705655743051)
 (1.0585016520330193,0.23744161765583788)
 (0.26688937127818912,-0.67716047850058181)
 (-0.15612707409663024,0.53765906489381576)
 (-0.56426608162898295,-0.74530845578623017)
 (-0.59596978730242001,1.0968743446182783)
 (0.27762098631758653,-0.29822819665762579)
 (0.47506870132106882,-0.10122863187474943)
 (-0.3492041323193803,0.13801581346211733)
 (0.2167574552384946,0.47278580639945816)
 (-0.057523830144254662,0.31710723609014368)
 (-0.17758049708169554,0.12063567402932357)
 (-0.001861502128826758,-0.0062056022523213402)
 (0.27970824311837594,-1.4706338550309672)
 (-1.0419689946501705,0.53316923230924784)
 (-0.53237502622161681,0.49934890410924804)
 (-0.077799730445074697,-0.49122450881155516)
 (0.14569056022403487,0.18122126574364289)
 (-0.42395892871316443,0.10117949186815631)
 (-0.53916984583263972,-1.3758980971496364)
 (0.42714042577899552,0.7082127944827048)
 (-0.17219528593617461,-1.0773094756194199)
 (-0.025114586738276698,0.28514041268080403)
 (0.32444101316261126,0.28364887136233757)
 (0.28183522541330319,0.24192414672436)
 (1.3666997538285646,-0.7385745356467639)
 (0.37205729738586391,0.13622101161599651)
 (-0.61841376348633492,-0.19491775954884591)
 (0.12107412519242988,1.439798108804867)
 (0.22657329147864624,0.40291275773811241)
 (0.32054830881583285,-0.12213306180518038)
