# Created by Octave 8.4.0, Thu Dec 11 09:47:22 2025 IST <gamana@Samsung>
# name: clean
# type: complex matrix
# rows: 2048
# columns: 1
 (0.94775820441454772,0.94775820441454772)
 (0.31591940147151593,-0.94775820441454772)
 (0.31591940147151593,-0.31591940147151593)
 (-0.94775820441454772,0.94775820441454772)
 (0.31591940147151593,-0.31591940147151593)
 (-0.31591940147151593,0.31591940147151593)
 (-0.94775820441454772,0.94775820441454772)
 (0.31591940147151593,0.31591940147151593)
 (-0.94775820441454772,-0.94775820441454772)
 (0.31591940147151593,-0.94775820441454772)
 (0.94775820441454772,0.94775820441454772)
 (-0.94775820441454772,0.94775820441454772)
 (0.94775820441454772,-0.94775820441454772)
 (0.31591940147151593,0.94775820441454772)
 (0.94775820441454772,-0.94775820441454772)
 (-0.94775820441454772,0.94775820441454772)
 (0.31591940147151593,0.94775820441454772)
 (-0.94775820441454772,-0.94775820441454772)
 (0.94775820441454772,0.94775820441454772)
 (-0.94775820441454772,0.31591940147151593)
 (-0.31591940147151593,-0.94775820441454772)
 (-0.31591940147151593,0.31591940147151593)
 (0.94775820441454772,0.94775820441454772)
 (-0.94775820441454772,0.94775820441454772)
 (0.31591940147151593,-0.94775820441454772)
 (0.31591940147151593,-0.31591940147151593)
 (0.94775820441454772,0.31591940147151593)
 (-0.94775820441454772,0.94775820441454772)
 (0.94775820441454772,-0.94775820441454772)
 (-0.94775820441454772,0.31591940147151593)
 (-0.94775820441454772,-0.94775820441454772)
 (-0.31591940147151593,-0.94775820441454772)
 (-0.31591940147151593,-0.31591940147151593)
 (0.31591940147151593,-0.31591940147151593)
 (0.31591940147151593,0.31591940147151593)
 (0.94775820441454772,0.31591940147151593)
 (-0.31591940147151593,-0.31591940147151593)
 (-0.31591940147151593,0.94775820441454772)
 (0.94775820441454772,0.31591940147151593)
 (0.94775820441454772,0.31591940147151593)
 (-0.31591940147151593,0.94775820441454772)
 (0.31591940147151593,0.31591940147151593)
 (-0.31591940147151593,-0.94775820441454772)
 (-0.94775820441454772,0.31591940147151593)
 (-0.31591940147151593,-0.31591940147151593)
 (-0.31591940147151593,0.31591940147151593)
 (0.94775820441454772,-0.94775820441454772)
 (-0.31591940147151593,-0.94775820441454772)
 (-0.31591940147151593,0.31591940147151593)
 (-0.31591940147151593,0.31591940147151593)
 (0.94775820441454772,-0.94775820441454772)
 (-0.94775820441454772,-0.94775820441454772)
 (-0.31591940147151593,-0.31591940147151593)
 (0.31591940147151593,-0.31591940147151593)
 (0.94775820441454772,-0.31591940147151593)
 (-0.94775820441454772,0.94775820441454772)
 (-0.94775820441454772,0.94775820441454772)
 (0.31591940147151593,0.31591940147151593)
 (0.31591940147151593,0.94775820441454772)
 (0.94775820441454772,-0.94775820441454772)
 (-0.31591940147151593,0.94775820441454772)
 (-0.94775820441454772,-0.31591940147151593)
 (0.94775820441454772,-0.94775820441454772)
 (-0.94775820441454772,-0.31591940147151593)
 (-0.31591940147151593,0.94775820441454772)
 (-0.31591940147151593,-0.31591940147151593)
 (0.31591940147151593,-0.31591940147151593)
 (-0.94775820441454772,-0.94775820441454772)
 (0.31591940147151593,0.31591940147151593)
 (0.31591940147151593,0.31591940147151593)
 (-0.94775820441454772,0.31591940147151593)
 (-0.94775820441454772,0.31591940147151593)
 (-0.94775820441454772,0.94775820441454772)
 (-0.31591940147151593,-0.94775820441454772)
 (-0.94775820441454772,0.31591940147151593)
 (0.94775820441454772,-0.94775820441454772)
 (0.31591940147151593,-0.94775820441454772)
 (-0.31591940147151593,-0.31591940147151593)
 (-0.31591940147151593,-0.94775820441454772)
 (-0.31591940147151593,-0.31591940147151593)
 (0.94775820441454772,-0.31591940147151593)
 (0.31591940147151593,-0.94775820441454772)
 (-0.94775820441454772,0.94775820441454772)
 (0.94775820441454772,0.31591940147151593)
 (-0.31591940147151593,-0.31591940147151593)
 (0.31591940147151593,0.31591940147151593)
 (0.94775820441454772,0.31591940147151593)
 (-0.31591940147151593,-0.94775820441454772)
 (0.94775820441454772,-0.94775820441454772)
 (0.31591940147151593,0.94775820441454772)
 (0.94775820441454772,0.94775820441454772)
 (0.94775820441454772,0.31591940147151593)
 (0.94775820441454772,-0.94775820441454772)
 (-0.31591940147151593,0.31591940147151593)
 (-0.31591940147151593,-0.94775820441454772)
 (0.94775820441454772,-0.31591940147151593)
 (-0.94775820441454772,-0.31591940147151593)
 (0.94775820441454772,-0.94775820441454772)
 (-0.31591940147151593,-0.94775820441454772)
 (0.94775820441454772,-0.31591940147151593)
 (-0.31591940147151593,0.94775820441454772)
 (-0.31591940147151593,0.94775820441454772)
 (-0.94775820441454772,0.94775820441454772)
 (-0.94775820441454772,0.31591940147151593)
 (-0.31591940147151593,-0.31591940147151593)
 (-0.31591940147151593,0.31591940147151593)
 (0.31591940147151593,-0.94775820441454772)
 (-0.31591940147151593,0.31591940147151593)
 (-0.31591940147151593,0.31591940147151593)
 (-0.94775820441454772,-0.94775820441454772)
 (-0.94775820441454772,0.94775820441454772)
 (0.31591940147151593,-0.94775820441454772)
 (-0.94775820441454772,-0.31591940147151593)
 (0.31591940147151593,0.31591940147151593)
 (0.31591940147151593,0.94775820441454772)
 (-0.94775820441454772,0.94775820441454772)
 (-0.94775820441454772,0.31591940147151593)
 (0.31591940147151593,-0.94775820441454772)
 (-0.94775820441454772,0.94775820441454772)
 (-0.31591940147151593,0.94775820441454772)
 (-0.94775820441454772,-0.31591940147151593)
 (0.31591940147151593,0.94775820441454772)
 (-0.31591940147151593,-0.31591940147151593)
 (0.31591940147151593,-0.31591940147151593)
 (0.31591940147151593,0.31591940147151593)
 (0.31591940147151593,-0.31591940147151593)
 (-0.94775820441454772,-0.31591940147151593)
 (0.31591940147151593,-0.31591940147151593)
 (-0.94775820441454772,0.94775820441454772)
 (0.31591940147151593,0.94775820441454772)
 (0.94775820441454772,-0.31591940147151593)
 (-0.31591940147151593,0.31591940147151593)
 (-0.94775820441454772,-0.31591940147151593)
 (-0.94775820441454772,-0.31591940147151593)
 (-0.94775820441454772,0.31591940147151593)
 (-0.94775820441454772,-0.94775820441454772)
 (-0.94775820441454772,-0.94775820441454772)
 (0.31591940147151593,-0.31591940147151593)
 (0.94775820441454772,0.94775820441454772)
 (-0.94775820441454772,0.31591940147151593)
 (-0.94775820441454772,-0.94775820441454772)
 (0.94775820441454772,0.31591940147151593)
 (0.94775820441454772,-0.31591940147151593)
 (-0.94775820441454772,-0.94775820441454772)
 (-0.94775820441454772,-0.31591940147151593)
 (0.94775820441454772,0.94775820441454772)
 (0.31591940147151593,-0.94775820441454772)
 (-0.31591940147151593,0.31591940147151593)
 (0.94775820441454772,0.94775820441454772)
 (0.94775820441454772,-0.31591940147151593)
 (-0.31591940147151593,0.31591940147151593)
 (0.94775820441454772,-0.94775820441454772)
 (-0.94775820441454772,0.94775820441454772)
 (-0.94775820441454772,-0.94775820441454772)
 (0.94775820441454772,0.94775820441454772)
 (-0.31591940147151593,0.94775820441454772)
 (0.94775820441454772,0.31591940147151593)
 (-0.31591940147151593,-0.31591940147151593)
 (-0.31591940147151593,-0.94775820441454772)
 (-0.94775820441454772,-0.94775820441454772)
 (0.94775820441454772,0.94775820441454772)
 (-0.94775820441454772,-0.94775820441454772)
 (-0.31591940147151593,-0.31591940147151593)
 (-0.31591940147151593,0.94775820441454772)
 (0.31591940147151593,0.94775820441454772)
 (0.94775820441454772,0.94775820441454772)
 (0.94775820441454772,0.94775820441454772)
 (0.31591940147151593,-0.94775820441454772)
 (-0.94775820441454772,0.94775820441454772)
 (0.94775820441454772,-0.94775820441454772)
 (0.94775820441454772,-0.94775820441454772)
 (-0.94775820441454772,-0.31591940147151593)
 (0.94775820441454772,-0.94775820441454772)
 (-0.94775820441454772,0.31591940147151593)
 (-0.94775820441454772,-0.94775820441454772)
 (0.31591940147151593,-0.94775820441454772)
 (0.94775820441454772,-0.94775820441454772)
 (-0.31591940147151593,0.94775820441454772)
