# Created by Octave 8.4.0, Thu Dec 11 09:47:21 2025 IST <gamana@Samsung>
# name: rician
# type: complex matrix
# rows: 2048
# columns: 1
 (-0.49006688889324218,0.30727774060837981)
 (1.4553067113404365,0.19358141356026459)
 (1.3271131661359212,-0.67501963062717774)
 (0.29783787313074417,0.17873286639721564)
 (0.34663939262342147,0.21582908304059362)
 (-1.0000385184958918,0.48063895917798094)
 (0.94324257207939666,0.64990811608041499)
 (1.3514962858809954,0.13631326972085323)
 (-0.63362406756901402,-0.50605747252639022)
 (0.00096592045547674865,0.65442699915907299)
 (0.14039001410106738,1.1488241115190942)
 (0.86663109063991706,-0.84076161853938636)
 (-0.51641220968566093,-1.3027963024699771)
 (-1.0280842537827906,0.11199016778584148)
 (-0.46103171592265585,-0.17237769512692597)
 (0.7821356084032145,-0.56720022143682403)
 (-0.30478300102230954,-1.0729881431231714)
 (-0.61379411060623301,0.3141380056289006)
 (-0.80021000373514506,1.6998469192447714)
 (0.46001773256091949,-0.1278774401104569)
 (0.60146026444050593,1.0419167275545855)
 (-0.62190334322943119,-0.8691446364493518)
 (0.76119620166510171,1.4280023119805871)
 (0.39346750276882109,0.66125551134186678)
 (0.37545919600252353,-0.98761587402800011)
 (-0.59303950353499091,0.74834927198239831)
 (-0.10632369821257517,-0.22479461446705054)
 (0.22001894139466766,-0.84877191443053679)
 (0.14621087049161141,-0.24040774939473342)
 (-1.4748688380028028,1.109286064182714)
 (-0.30273815007933974,-0.26802146535694399)
 (0.42007980000276446,1.6599384184948551)
 (-1.5930469945662837,-0.7742083487092094)
 (-0.38913436987583805,-0.38604345157992437)
 (-0.46501536033293611,1.1796987590470793)
 (0.53492228117263618,0.40179874123311821)
 (-0.011648401685312462,-0.20185495201946752)
 (1.3791947849654898,0.2809805931035127)
 (-0.32290220029962835,-0.74736514047696201)
 (0.086119686891515834,-0.3656761047915626)
 (-0.0059409637697034334,-0.43982542935778396)
 (0.69394296731278637,-1.3468475925264436)
 (0.70546437712856791,-0.85478837857348311)
 (-0.43415041370596413,0.44944374829476036)
 (-0.39561172784431731,0.14454633748945533)
 (-1.3589706433565376,0.68020544686806284)
 (-1.6893530994423798,0.43602398638765594)
 (-0.65413363754025999,-1.2924967529476683)
 (1.3854470170383788,0.45355461680571829)
 (-0.63755205631235989,0.14802398704513148)
 (0.045353967328146227,-0.14700088496262728)
 (0.68251835974691255,0.09793608128734077)
 (-0.096609789808049129,-0.90701327414093447)
 (-1.1874439317679135,-0.75339441866613388)
 (-0.95766482814953968,-0.41487378514224033)
 (-1.4131978276026622,-0.71529875562587064)
 (-0.3366292599514551,1.265588565135416)
 (1.6528297522495519,1.4895953563970641)
 (0.094225948616650679,0.10099856770171872)
 (-0.36471593469851027,-0.14859313999329041)
 (-0.45446293462096177,-1.0689084832626978)
 (0.23532127118937185,0.22577103183965608)
 (-0.19868715365381345,-0.64882482084895399)
 (0.05520272113264732,0.55623282260950135)
 (1.1680375682775554,-0.23668122788201346)
 (0.69329429179857072,1.0641018789721679)
 (-0.51819230009583106,-0.45940785552292729)
 (0.14633321662832055,1.0958464163134396)
 (0.30371480708566378,-0.36706911307468937)
 (-0.39308978554044616,-0.48898117242240013)
 (-1.154541759048507,0.50561944609969456)
 (0.28519386098941818,0.22082447950242373)
 (0.23220482639239381,-0.11606070677238772)
 (1.6893703102656936,-1.0557323714463516)
 (-1.0771951282112453,0.48165267631149744)
 (0.15732944473081592,-0.48319394971012397)
 (-0.79528454460895948,0.079191131081788518)
 (0.16772667512694048,-0.48510186071891681)
 (-0.11131192270996298,-0.94736407458393024)
 (-0.5560303686023762,-0.26663591480780235)
 (0.29527929742188053,0.4050743033457247)
 (0.51846010560793043,0.1500653395892588)
 (0.13508072896120088,1.6337810124177226)
 (-0.88479823550722581,-0.85748088537167055)
 (-0.52875629925801304,-0.32388927133386924)
 (1.3923918551685019,1.4281759960106657)
 (0.75166124999831496,0.11857773615725814)
 (0.10682682147077374,-0.56996915973579321)
 (-0.79155960191205255,-0.37125324812959937)
 (1.3949321573216349,-0.97193609571637674)
 (0.039885380361097345,-0.61033520820390308)
 (-0.030893596383215982,0.25274026037191238)
 (0.24163190468263357,-0.26803638620460762)
 (0.86920285268437691,1.0271488341332737)
 (-0.51996878188221785,0.33974901175510608)
 (-0.022672415996955492,0.82845893200592602)
 (0.18968696581591768,-0.36987287464426166)
 (-0.46964612086301766,0.13508437410852175)
 (-0.37070875609709769,0.10767352364423022)
 (0.095584506356101606,-0.86027927897519085)
 (0.092293063488698313,-0.95210057529749781)
 (0.26656924596149911,0.48884381265476684)
 (-0.51639708477024915,-0.41856518988430458)
 (0.66762792239305546,0.81939885710579774)
 (-1.1128367184310486,-0.62558187838520196)
 (-0.5753830615713087,-1.237110142664523)
 (-0.36801830329923602,-0.15216818133251567)
 (-0.20979897352501567,0.092614014632010716)
 (-0.18395365806643901,-0.45117880654635711)
 (0.94551338658867401,-1.0127451750310568)
 (0.27666251018997273,-0.29971094543450943)
 (-0.59064046093245992,-1.0000553068613731)
 (-0.092228760687179945,1.3645734214750631)
 (1.5154591751738538,-0.18278875785883469)
 (0.10864434787834673,-0.0028367394428292295)
 (-0.079001934168822618,-0.91377614332262613)
 (-1.3858075186274523,-1.0843139969645219)
 (0.28474761153947492,0.36444520418426318)
 (-0.25546646147491303,1.1777546897519255)
 (1.027221543510082,-0.61252081140539194)
 (-0.88597126755778455,-0.24632930357910013)
 (-0.31464187974606705,-0.22586514331971005)
 (-1.2029145620067998,0.22962202236704471)
 (-0.51669847714627881,-0.055022059504660187)
 (0.81032530326736008,-1.5631635394819521)
 (0.27519410402254213,0.49678808625869547)
 (0.56635603598291528,-0.11249125301711974)
 (0.40137068730350256,0.00669874093122938)
 (1.2080289369349937,1.308469059678746)
 (-0.1476750614631977,1.6116231699805514)
 (-0.54830405474002863,-0.90856314521846926)
 (-0.016475732594994102,-0.42232414807762531)
 (-0.78034666198319225,-1.6850665469706823)
 (0.92540040689523362,0.53950220642177193)
 (0.73190668711330775,0.38983219744679776)
 (0.86348584020330299,0.090124916558444124)
 (-0.41956775217296066,-0.51611848476592981)
 (-1.3934961134092922,0.92896539596809435)
 (0.47733879048900785,-0.80088732352486569)
 (0.86544262629493396,0.66569507662064364)
 (0.44910423687258361,-0.079534745370284793)
 (-0.037845403107513317,-0.3547598502383193)
 (-0.28487454080934482,0.00014073583629897746)
 (0.92415573874890411,-0.61657400411402463)
 (-0.38050284667937234,0.42609259975339447)
 (0.64946979793582293,1.2540074503629259)
 (-0.60827318022598964,-1.2680101266882093)
 (0.48839623161315732,0.15469312373582594)
 (-0.5781836450619473,0.25197546444709917)
 (0.56593970323366272,-0.65532736934516667)
 (1.0382652013545945,0.084927476329224927)
 (-0.27803830474796853,0.27067297433303217)
 (0.89986831226520048,-0.52124601893856826)
 (0.028812096009953068,0.12988372471928178)
 (-0.41412383206163444,-0.2050705811583991)
 (0.37023670015063681,-1.2142262769459373)
 (0.8507861734672747,0.60119956511973272)
 (-0.99283837813666276,-1.099204159910669)
 (1.2502141440220407,0.93645182598600796)
 (0.91617919346541621,-1.5362619547634013)
 (-0.38917807878414507,1.3991495460406687)
 (0.18691091708848434,0.094593683568274203)
 (-1.7350489758986889,-0.1336744292131119)
 (0.43867065724086562,-0.13582210633211603)
 (-0.34186390583154058,0.96175315477851286)
 (0.64354938834444997,0.75070980011546362)
 (0.1435765518875618,0.72334676140728393)
 (0.85768596896705673,-0.81610742945252712)
 (-0.90528068912188453,-0.46842401376681886)
 (0.22394525586937061,1.1057139401633473)
 (-0.78328428589651478,-0.11457512306388851)
 (-0.71622772550802272,-0.15008930003292023)
 (0.27799639544770971,0.32407303883382832)
 (0.65429739701744227,0.64321588346353931)
 (-1.4628232318685597,-0.60220751238615688)
 (0.11114476611293446,-0.22584428793918243)
 (0.89354350196597332,0.42080477439536423)
 (-0.51595780291437454,-0.72066805796977906)
 (-0.2904478587231889,0.18614819396969626)
 (-0.14189969964414004,-0.32148660024396958)
