# Created by Octave 8.4.0, Thu Dec 11 09:47:22 2025 IST <gamana@Samsung>
# name: rayl
# type: complex matrix
# rows: 2048
# columns: 1
 (0.66017976441228976,0.0011327648161403858)
 (0.22511890137501761,-0.33188719346697865)
 (0.99996796467853744,-0.24335777479273438)
 (-0.24358733569547175,1.4204697992321662)
 (-0.8634026068096764,0.81595539543435047)
 (0.30425909344271795,1.5660023626606665)
 (0.68830665137517721,-0.0057414996908359828)
 (-0.66607904189381228,0.080345549054448462)
 (-0.038942879114845882,-0.067928349629355414)
 (2.1343678010160532,-1.3744879169629938)
 (0.65431925316436224,1.3566563744516031)
 (0.078333534537166793,-0.70230173236141624)
 (-0.5958228764453084,-0.48062044388926634)
 (0.13150194192005898,0.13273232971424792)
 (1.1710982851638705,1.0798836582804971)
 (-0.049169084555032272,-0.70181394511429462)
 (-0.1775412994314724,0.30208107568016479)
 (-0.1657440508582661,-0.21747887442968278)
 (0.14206914133251086,-1.1325408579762251)
 (0.53613217004058378,-0.23209366542607393)
 (0.45941010970744411,0.48927786345007551)
 (-0.9632395499778893,1.3736650345981434)
 (-0.81723248208186072,0.93936891468465034)
 (0.69472719839479136,0.37519449545747663)
 (1.1350153784469184,-0.46769868955030702)
 (-0.27756715532724002,0.16717723853572458)
 (0.63912971116037287,-0.68870024390677753)
 (0.088485448178627996,-0.37937434947436977)
 (1.4364209482870498,-1.2667282669652953)
 (-0.67555611040557684,0.77360855981861432)
 (1.0888653860751065,-0.76298822558434454)
 (-0.73515056532933121,-0.38827521484283245)
 (-0.33077161153582701,-0.65262808099619962)
 (0.094119364431958619,-0.17654632765927392)
 (-0.1901955973766172,0.080450465457669623)
 (-2.5881506575246198,-0.51131663020895379)
 (0.47146738749358624,0.19162403751914442)
 (-0.53690173472255487,-0.60042796520806441)
 (-0.095936667842256185,0.17883856168725598)
 (-1.7280742143023287,-0.88846697468019853)
 (-0.13687546081526841,0.33585289721970851)
 (0.99455903028052672,-0.085472766484258333)
 (-0.8839127505630322,1.0942479102719027)
 (0.038382326549911916,0.68654767654887061)
 (-0.77942592925995036,-0.26458154356076702)
 (-0.86862047411251797,1.2511558622488779)
 (0.34515882750536464,-0.70411612474730811)
 (0.45316933437193996,-0.064133682043722273)
 (-0.1493764465581274,0.3274492446312115)
 (0.35430924258432578,-1.4268437227131958)
 (-0.30868961830657221,0.44670484278546557)
 (0.4129877212915597,0.026803020546443651)
 (0.15931331350218725,-0.40670234125073479)
 (-0.172076536431015,0.66212353851548122)
 (-0.33901424375517919,-0.29961100813274993)
 (-0.27607970791345582,-0.46488077204046396)
 (-0.28914277632350283,0.6237812847990214)
 (0.16157672617002572,-0.32991543748427571)
 (-0.043689581038464459,0.94222899171898666)
 (-0.20026767108809251,0.32260041074791967)
 (0.041536015429663328,-0.088425317805449682)
 (0.38179031913393602,0.096146615721616188)
 (0.57652273732256976,0.56356171055221027)
 (-0.081617614457406312,-0.27986194173032819)
 (0.60298548216329184,-0.48682635556500431)
 (-0.44648521538198321,0.22167042227728856)
 (0.1311894747852014,-1.0850183860661284)
 (-0.38425169419730654,-0.4559163465552189)
 (-1.0137475936052656,-0.12119004564037805)
 (0.50115964295011473,-0.78203302201478697)
 (0.44505776335683256,-0.60762978163673098)
 (-2.1678546775790606,-0.38050179467550338)
 (1.5338267513795611,-0.094374388264086617)
 (0.59005018322851821,-0.3701383899153422)
 (-1.1322374695687141,0.63865950578298636)
 (1.0165611672508967,0.26020332523817041)
 (-0.029370367107706203,-0.076527946605550679)
 (0.086838573368044847,-1.2256013397092897)
 (1.04268056208385,-0.048642452223658872)
 (-0.81845343638973156,-0.19928193744853767)
 (-0.015636990453404095,0.40286043860607879)
 (0.20207328484763856,0.33942395866065078)
 (0.06270172301582036,0.052582497065778291)
 (-0.12752395150189597,0.15487367452225578)
 (-0.37258531604003814,0.077170613964294421)
 (-0.034114693764301623,-0.34374765863826728)
 (0.033534326860298364,0.5233905593016841)
 (-0.082302790872378309,0.24130211574279975)
 (0.025037036388898981,-0.15688213028892789)
 (0.36465752414864705,-0.065150720859600025)
 (2.2709511281695218,-0.0093513436862600052)
 (0.63499243968444519,0.058210254930875754)
 (1.1267295021783079,1.1056867238594232)
 (-0.97402872753167391,-0.49065079647470355)
 (-0.40292706687947794,-1.008335340685375)
 (0.63157362652750171,-0.088875481798764727)
 (0.64047195364265475,0.29831522462842314)
 (0.21650108477673657,-0.46416710374164927)
 (-0.77011878142273527,-0.33110734074777176)
 (-0.18060801479897787,0.13165209580914339)
 (-1.9124582783425677,-0.36502312961784833)
 (0.42999300447090222,0.23476519720500078)
 (0.66040703403819578,0.11205445217989712)
 (0.48283437014050568,-0.10170255645551265)
 (-0.22448039497071365,0.086250839971066265)
 (-0.59176759403050894,1.0938250521689614)
 (-0.17049364507345158,-0.0042232519739096863)
 (-1.4808422916812489,0.89974351090652149)
 (0.23438421053831454,-0.38168607384941855)
 (0.57371761905490759,-0.14606313280942826)
 (0.70832835615581424,1.0534824224624257)
 (-0.14354328145662862,0.44590767526521691)
 (-0.21294517716487182,-0.24677794427704819)
 (-0.27030133923308908,0.34682920530625971)
 (-0.15121967693342667,-0.55893791868569187)
 (0.89823509686459402,1.115190654344399)
 (0.078366917651631507,-2.2854913566181794)
 (0.72304189046190093,0.39137804238267315)
 (2.0454564179536971,-2.3002334623912599)
 (0.086657888053141091,-0.16689522631533835)
 (0.077372133991197717,-0.63228028325942021)
 (-0.13588008906722632,-0.73556485435238217)
 (-0.76877943724347997,-0.59173872768714098)
 (1.1319214970763027,-1.5421845313198328)
 (0.30214752676283396,1.3923006154761399)
 (0.36079123061375007,0.0068290039113489132)
 (0.49641223290080727,-0.44148954463066803)
 (-0.18988781351541559,-0.82935833805921577)
 (0.49269121386728831,-0.62584604256576248)
 (-0.60339424463924529,-0.66337353043464831)
 (-1.4033365112173604,0.15267776101297842)
 (0.8396967324984792,-0.86815646247122458)
 (-0.038381859741421054,-0.37898793964302246)
 (-0.18084918007217773,0.3591263242432437)
 (0.81293402499931267,0.27574738986172392)
 (0.20014480264059487,0.77122752749548495)
 (-1.208377293652517,0.54063783112666264)
 (1.3368748115442546,-0.19713617404904804)
 (0.65504989025449145,0.010185678641690676)
 (-0.64128855027701026,-0.12775845470391473)
 (-0.56959383980682632,0.70096675439746292)
 (-0.048520213579517579,0.73651806550112342)
 (1.1890288487398892,1.0377171952566757)
 (0.50997075914338397,0.14923603187382775)
 (0.29879124166870891,0.48539127070397198)
 (-0.78505284364835537,-0.021705045432410586)
 (-0.021050861497628331,-0.23086075219912802)
 (-0.065867918362963351,-0.24765261579477138)
 (0.014926825550902703,0.27424288816603137)
 (0.51360334997115853,0.1460719614799737)
 (-0.13238047317382334,-0.15950763476408913)
 (0.33900079434487407,-1.3599577480922456)
 (-0.19706998322766073,-0.3515972937587481)
 (0.14897837340213421,-0.12487088039821866)
 (1.1813502277988441,-0.84116147539227604)
 (-0.57430061220002449,-0.27142017107139771)
 (-0.020090568397120423,-0.93468224129507371)
 (0.68369708891478864,-0.68119840150061695)
 (0.64648173664513942,0.70168954258685101)
 (0.51872734408376853,-0.30554276712328376)
 (-0.21126964436119516,-0.0064172778625847804)
 (0.44376262999973493,-0.70190826098571324)
 (1.0112731175887326,0.44041999513894814)
 (1.3685967434951363,-2.8725921271344332)
 (-0.6958129841924301,-0.71566867114316535)
 (-0.927959115785711,0.41155803703782695)
 (-1.2171179278313811,0.77974147226625234)
 (-1.21690176509975,-0.39219613284198473)
 (0.97594384112892429,0.72443167592334312)
 (-0.14975806716202325,-0.31412459519660574)
 (0.46299637234207058,0.43800505201965967)
 (-0.36763892678444798,-0.15200031770732059)
 (-1.5545245536058667,0.12106388565191162)
 (0.078418204463069963,1.5916125225901661)
 (-0.35564983618091556,0.58168334852144166)
 (0.5541641734663677,0.70267140611922418)
 (-0.25076699674536024,-1.5926179231343838)
 (-0.14180563183148776,0.091540675051306655)
 (0.42676584187934813,-1.2361487170796925)
