# Created by Octave 8.4.0, Thu Dec 11 09:47:22 2025 IST <gamana@Samsung>
# name: rician
# type: complex matrix
# rows: 2048
# columns: 1
 (1.0464174364301537,-1.0282934756006972)
 (-0.2282198553994145,-0.30769957110314944)
 (0.078162587189779281,0.34259877308597486)
 (1.1877700037206285,1.5908515212907053)
 (0.82561865263568401,0.22522143595191149)
 (-0.084731595078536726,1.2465940930545065)
 (-1.1327032067468374,0.78067820702548829)
 (0.74992513127851801,1.1998863684597609)
 (-0.36180211559307973,-0.30503005545192252)
 (-0.94957436406746509,-0.33273494856755798)
 (1.0272857525263404,-0.84088675608330576)
 (-0.21046620585032816,-0.70386486661881253)
 (0.82640252930603819,-0.66687894909300249)
 (-0.40077408877214438,-0.099447224343814158)
 (-0.16988544939543898,0.79669626019090889)
 (1.4159153339153214,0.099320720575655552)
 (-0.54545548069095551,-0.95044426939264948)
 (0.74963292397331882,0.25528722164152318)
 (-1.0824178000353448,-1.5659459322836085)
 (0.57091481742611316,0.44363101641018049)
 (0.61258512021167799,-1.0317862025129418)
 (0.74584040545152674,0.39908150638564421)
 (0.98118348383652521,-1.4687734493505475)
 (-0.72287341949547346,-0.25679555130320686)
 (-0.89393854687509444,0.63428134898800326)
 (-0.89043466553908412,-0.71849111398051912)
 (-0.12398626168163282,-0.65877187785720026)
 (-1.0692390537335239,-0.014627269910378049)
 (-1.530574016908995,1.4047241488642606)
 (-0.31416306159379381,-0.131612692334619)
 (-0.29238107829172943,0.32392176903558478)
 (0.33093059136126468,-0.46301709728864138)
 (-0.33661622469577523,1.2025234481448503)
 (0.44333047031677686,0.88489766333295783)
 (-0.67813782990041327,-1.5156362815938387)
 (-0.38371135547475987,0.091939465468938164)
 (-0.41382235758852881,-0.15585316259238841)
 (0.64302060497471358,0.014376721340200849)
 (-0.5715870166380308,0.78928588371640529)
 (-0.012057308753004106,-0.44134297200885286)
 (0.43623172014413919,0.44409740462288938)
 (0.45539191579579608,-0.68777891806563063)
 (-0.22966898079944731,0.36524051163586557)
 (-1.2626644404024225,-0.13037365156769604)
 (0.96011027389696446,0.67270367858510949)
 (-0.089849299304493535,-0.69107901157672058)
 (-0.0988418080941567,0.63571998242165106)
 (1.0899961201341464,0.66306490222697512)
 (-0.43372327712860803,-0.25852177906517704)
 (-0.43946812423430737,0.97325242052298433)
 (-1.2032592217973344,-0.49020275219666726)
 (-0.53526403366481534,0.087301114204638361)
 (1.0870801672063748,0.81870332062755935)
 (0.994094901179852,-0.74685257160847685)
 (0.40804181646733684,0.82807713250037795)
 (1.4170217109868326,-0.74625135496104678)
 (0.49452770274976454,-0.5236303459113254)
 (-0.57884927218915472,-0.28111437825961372)
 (-0.73730703616861737,-0.071336033670044374)
 (0.88799361101895324,0.90023825077632902)
 (0.31283121851162726,-1.1802541239255084)
 (0.22082091755055941,0.51763240871175631)
 (-1.2012208106183284,-0.49493529386969937)
 (0.17533352631584145,-0.25660023243586866)
 (-0.92626741333458784,-0.43193905717114617)
 (0.32744549561307784,-0.25630755466308403)
 (-0.53022841859511061,-0.18972604429181014)
 (-0.65413121018213327,0.19647259588180885)
 (-0.01049677841090646,0.75265419997962713)
 (1.2735666460478929,0.43441798726573938)
 (-0.83752325548147766,-0.9972617943282881)
 (0.0048387889654520344,-1.5004590522494055)
 (0.24489686928767035,-1.5665754185332754)
 (-0.10476980113051926,-0.46051724770408808)
 (-0.74140479895491351,0.48590615840795848)
 (-0.47189580759277738,1.1744053382170772)
 (0.15417615313801142,0.12783766711186195)
 (-0.51269958575004626,0.80039876991570491)
 (-0.24769387688341216,-0.43471491031714937)
 (-0.06441123570080054,1.0840236904188303)
 (0.58859952716645592,-0.98032616201145673)
 (-1.3550273217434086,-0.051447292783727838)
 (-0.56133632884600204,0.1827725107021326)
 (-0.61817040119259259,1.1247408479456498)
 (-0.28184870710381771,-0.81841221996402991)
 (-0.6039443997169327,0.50491721767292275)
 (0.28590681760510062,1.4143285993874413)
 (-0.43365119457938894,0.37205069287401815)
 (-1.0352320322584292,0.84318912429770898)
 (-0.14819774908923888,1.6548650020537792)
 (0.12390164561844925,-0.19911898228362346)
 (0.18516543648755326,-0.18584510058501755)
 (0.71316399579734402,-0.19607078053090332)
 (-0.98324936143903352,-0.88554892275989083)
 (0.96253369124297694,0.38172937449615585)
 (-0.60960837904930187,0.10541766615824723)
 (0.2747780391242457,-1.2578005444670466)
 (0.53339759783981244,-0.1858831852207852)
 (0.31880920974806165,0.56401314102349587)
 (-0.048095008935001377,-0.32567799574359302)
 (-0.73657523784779877,-0.72347001477042694)
 (0.70407753915985227,0.5673759170234336)
 (-1.3752049635373549,-2.0192865796050028)
 (-0.39653956357954112,0.33123526871599862)
 (0.10700883088400862,0.41182868686285534)
 (-0.84013316325200349,0.55037187244241348)
 (0.39421335468971619,1.7291360027571334)
 (-1.1094613037343735,0.32826019286719516)
 (-0.50273291268607145,0.27927671573495516)
 (-0.4110496617998719,0.34623017802664979)
 (0.054229221868069652,-0.51443555531671492)
 (0.96494753064434802,-1.6033331193082705)
 (-0.41735089804351877,-0.32591103186107973)
 (-0.7239958009915386,-0.90429838587704015)
 (-0.33915305809072549,-0.37781848746656554)
 (0.52750075340468527,0.42329206704008621)
 (0.22281137415705279,0.23783864601490382)
 (-0.14098079332317348,-0.67557512242167583)
 (-0.69357814051627631,0.33627685276970209)
 (0.49872929715717151,1.2967167666152111)
 (-0.60783986162314108,-1.434192403717359)
 (-0.25833732168317114,-0.64958210475082256)
 (0.85510080364543573,0.77879932306044553)
 (0.24754414833198751,-0.24294476942034546)
 (0.69807846780484928,-0.33532891957744698)
 (0.14721683749298922,-0.55565768627175938)
 (0.79836687273951823,1.2515069297786305)
 (-0.093597263891596422,0.48689942474514103)
 (-0.24562053238637238,0.74583370841840635)
 (-0.7686759719500369,-0.62774542225464192)
 (0.21212553292411779,-0.50246732663899274)
 (-0.78346819849730764,1.0280064386422216)
 (-1.0635325706836702,1.0855571480993293)
 (-0.66939308987217827,-1.3037445917036588)
 (0.90126803903127151,-0.69310526706197839)
 (-0.65661969975908729,-0.34101368464727772)
 (-0.92544716122641235,0.71962884806509275)
 (-0.10595799421625535,-0.91215749587366812)
 (0.75203856080135401,0.65859864898779608)
 (0.18790570932750217,1.2817896517995038)
 (0.82779164896072899,1.0549473459987233)
 (0.16102583300677828,-0.042545688738035964)
 (-1.3303573550969467,1.3293660448105675)
 (0.59497332096232891,-0.25576499362519084)
 (-0.35916548297213685,0.23289997490821918)
 (0.464987728296266,0.070212971335448432)
 (-0.57102325926650521,-0.093519828594047755)
 (0.70837606567272782,-0.57454626477907567)
 (-0.81543140341513354,-0.18036639814941138)
 (0.81061654220416712,-0.0840397036328622)
 (-0.27362159550680792,-0.090798030606985825)
 (0.11246641908308186,-0.79855236050260181)
 (0.81876221002586769,0.695420459489276)
 (-0.031536525713666219,-1.1027615608177035)
 (-0.99905103669600381,1.8008566929907439)
 (-0.66648183500005076,0.13165933911114774)
 (-0.25372826561660516,-0.97963832389538563)
 (1.0134278883460039,0.67436916074680098)
 (1.3016305489872049,0.70797207395293793)
 (-0.70408662182565751,0.40171188030055116)
 (0.80120531594985223,-1.0076230768578285)
 (1.077400958765403,-0.048890935218282361)
 (0.95096889635150461,-0.41580216439648654)
 (0.54728183466813252,0.14340176094645338)
 (-0.56621852335616496,0.5649005581026576)
 (0.1386935362493194,-0.847486536596055)
 (0.23771041797564368,1.0839494589287253)
 (-0.19791555036617234,0.23275151935757901)
 (-0.38128556426336341,-0.24019297403080891)
 (-0.17262856678369531,0.25084303881177422)
 (-0.4008629377825878,0.28050766690213164)
 (1.3265242518678839,-0.14445163502411784)
 (1.146982034717358,-0.93917129164370539)
 (0.60853517518853895,0.94193338477291222)
 (-0.40395100554169328,-0.10698622111847569)
 (-0.51414347110735159,0.23802779875836635)
 (0.2896341986183702,-0.92924910713472941)
 (0.36594392988117819,-0.091396438542997921)
 (1.1987784086920572,0.047958253456819144)
 (-0.20521389235744042,-0.42592722099598784)
