# Created by Octave 8.4.0, Thu Dec 11 09:47:22 2025 IST <gamana@Samsung>
# name: rician
# type: complex matrix
# rows: 2048
# columns: 1
 (-0.46353611696278763,0.1764941823239401)
 (0.29400000936596571,0.30685309009234241)
 (0.095111732743244762,-0.4090673503159673)
 (-1.2211629838334646,0.28503004848213648)
 (0.033668491351208307,0.9283748929982405)
 (1.0562492496013722,1.1754045653598024)
 (-0.14806554244391867,-0.26317688546105228)
 (0.53617236082303177,0.80817665470037969)
 (1.2283060104125834,-0.30309064401018865)
 (-0.84825972149342088,0.61195600932802385)
 (-0.18967440516335388,-0.9934741773399105)
 (-0.97329683286703628,-0.23945497285191891)
 (-0.044439227564249562,0.76346527423964283)
 (-0.41516082899860224,0.32429967124104825)
 (0.92900822694583651,-0.43004868626127801)
 (-0.87663678762469077,0.14990542936793622)
 (-0.91033741982143945,-1.0222313219279093)
 (0.30777392203681841,0.41995292791532179)
 (0.775352681887857,0.58511808577279223)
 (-0.59203803971551883,0.5733215739021007)
 (-0.97817204146417047,0.10025275445772644)
 (-0.20822288764857505,0.74985433447697658)
 (0.37042488729572226,0.31467943739471688)
 (-0.45255940799443062,-0.29366137895143951)
 (-0.3364077838117483,0.29517982652493668)
 (0.17714399962464414,1.0269177833879026)
 (0.23733856800750505,-0.42168114077449304)
 (0.20144982105319797,-1.5348779437225664)
 (-0.75287430281832046,-0.44148483587042231)
 (-0.42602884530312413,-0.57228703642428758)
 (0.62530969492074562,-1.0942257257492893)
 (-0.4871677906268761,-1.0600921335975657)
 (-0.96936849205123299,0.13446431859150387)
 (-0.36961262363994629,-0.57665646399291304)
 (-0.20018551615964963,-1.1287068997591696)
 (0.67518681823406124,0.24838387645913773)
 (0.90017615409660123,0.69015910462121177)
 (-0.75351767109009915,-0.095021538753150864)
 (-0.42517150678997628,-0.1279302209203895)
 (-0.3327577745508134,0.4050268110514767)
 (-0.080192723872469118,0.055898988838487977)
 (-1.1632448982740713,0.70425836941776221)
 (-0.34131608050179896,1.380636783986267)
 (0.09037205760305464,0.56640938191099099)
 (0.29267894928348837,0.12886891189732502)
 (-0.76555340721131004,0.45816462627402993)
 (0.24949666345809962,1.0824106221926906)
 (-0.89798965389847663,-1.3536506280431455)
 (-1.9720042939758293,2.3066193894086364)
 (0.38166951023558349,0.043169824064552512)
 (0.12097117225562648,1.4680894833016063)
 (0.15211622860797708,0.16994623798697506)
 (-0.80119723509557705,0.78147937184310023)
 (0.82251701391378695,-1.9330631916204086)
 (1.0076273356010363,-0.30758021118110684)
 (-0.51058650748067602,-0.32149965721470786)
 (-0.20206239912042595,-0.016850032586719979)
 (-0.26086091466685224,-0.34271731834558017)
 (0.65313174047536282,0.79869417881276783)
 (0.68819629631127865,0.2116783714115785)
 (-0.64263952629659848,0.80339851007410235)
 (-0.87601437763056234,1.534256432534403)
 (0.098269912999519635,-0.28299160339673574)
 (-0.48067994379376544,0.086401347503120979)
 (-0.3336072548951341,0.74725988848977221)
 (0.12623920210577771,0.19502358627998331)
 (0.92457437995222524,0.56780704996842446)
 (-0.74762392395576738,0.44771442074375795)
 (0.43238508333209619,0.18998859791403849)
 (-0.83594976068821603,-0.19261467541633331)
 (-0.10884953473053412,-0.17821554357185065)
 (-1.4117966521272187,-0.81936147531919212)
 (-0.28144020121374319,-0.19936838877747279)
 (1.6696948257676523,-1.1451969761740499)
 (-0.39850893497860734,0.78139386162174007)
 (0.13357244326580026,1.3423612615128655)
 (0.75761945935717101,-1.3100578180854043)
 (-0.27663435725577601,0.11509708039172556)
 (1.3556873021221816,0.64594378122629703)
 (1.4215314009754603,0.2832653935963616)
 (-0.41719148934090799,-0.066378979508690442)
 (-0.37434204007798655,0.18770472754589537)
 (-0.14180877352278529,-0.60897830175677037)
 (-1.7262246960568253,0.50649785285808457)
 (-0.6110911359453628,0.27011953336790068)
 (1.20463150440004,-1.352355982153234)
 (0.42116689033664756,0.082294863087739117)
 (-0.78699411134943731,-0.43882311396413703)
 (0.025834401005990798,-0.16619158198109399)
 (0.43285061913355505,0.82031622812862381)
 (-1.0209110738128069,-0.41639571411981624)
 (0.12539291760026505,-0.36495358382323229)
 (0.47824334746469122,-1.3081601496773976)
 (-1.2567843600113431,1.2017107563054963)
 (-0.15347672984604305,0.61868145614748393)
 (-0.96909230684599212,0.25385521266777006)
 (0.3806576095008497,-0.62029442014428648)
 (1.1899793488040193,-0.79860769512620244)
 (1.1565323011434223,0.26512213275125862)
 (0.16197248002971865,1.227771605386021)
 (-0.4690836701213873,0.13713229920176026)
 (-0.47957299119754876,0.25450699748730871)
 (-0.37938640881168278,0.28315968985728951)
 (0.73901961367480817,-1.1866373815994151)
 (0.55938794613366727,0.76429204123523375)
 (-0.1163707245842298,-0.31563088770025088)
 (-1.7563977044086161,0.52606738416096854)
 (0.47753978552949372,-0.18825064763675983)
 (1.0601953441161061,0.66665597018913725)
 (0.81566583229820866,-0.069876304715723897)
 (-1.7203570652719207,-0.59233950172759664)
 (-0.34268215696661813,0.89297313219023466)
 (-0.071583521141547937,-0.30231562608892659)
 (0.36309600667939157,-0.36854851276496337)
 (-1.0677091103714411,0.5514604387973896)
 (0.34614833234049397,1.2181935854129786)
 (-1.1039643415489784,-1.2832260741179025)
 (-1.5437934339140045,-1.5955474645571932)
 (0.52322186198820109,-1.055043486729645)
 (-0.42744244438547085,0.09756612609862228)
 (0.46576721827574646,-1.2790864337237975)
 (0.10845542754348741,-0.83919281074345187)
 (-1.7860678671722412,0.97490636851258305)
 (0.33646758409302524,-0.63721909731827264)
 (-1.2597686182247292,-1.1432581954083976)
 (0.050116928690523289,-0.13820034518915461)
 (-0.33558386738656593,-1.1236261132320338)
 (0.68936721397135725,-0.35536018198523833)
 (-0.79348496971021254,1.3833075458300268)
 (-0.02537615940839244,-0.25220778083246348)
 (-0.26176896346956163,0.40743833607522945)
 (-0.96419700975265321,0.7387970413269741)
 (-0.95027065140317257,0.10347157687963049)
 (-0.28803676679038925,-0.75748727287934281)
 (-0.75181950091540006,0.26615878693505157)
 (0.16741666567078342,-0.11593363578774188)
 (1.1160165171143981,0.29880402552260538)
 (-0.25701533970555068,0.41143878353611613)
 (-0.36604581618453658,-0.75485833316213058)
 (0.23907949986275434,-0.012115915466963778)
 (-0.14472979984149564,-0.2710550141391711)
 (-0.88744971700322162,0.033564481145444469)
 (1.2239108171114723,-0.20829777079792222)
 (0.62619918614601522,-0.917108802521584)
 (-0.7807045266327528,-0.96524543723562417)
 (-0.97635238803466806,-0.51330124380914266)
 (0.084148153083640542,-1.2522985822056487)
 (-0.26484313104669355,1.2536073885993901)
 (0.32290028780239272,0.23890576353573606)
 (0.22661169543235596,-0.28989620631544827)
 (0.26917115544498482,-0.097610744421740531)
 (1.5907462420363938,0.081620941885360065)
 (1.0436953002343476,1.392346975686547)
 (-0.24418347892556841,-0.038794562560403992)
 (-0.14478905766614675,0.87260950760500333)
 (0.96275471677870383,0.64970999859423273)
 (0.32110167187891991,1.44274919338563)
 (0.28488064447325206,0.71039955946052347)
 (-0.84760618446086711,0.64587155259412055)
 (-0.0076373668419499885,0.7941449186145475)
 (-0.36773225701563023,-1.2035026892618401)
 (0.50144343132788283,0.38145901005833055)
 (0.38942018149681673,-1.1480931999652617)
 (-0.93913933364996471,-0.19492976501052101)
 (-1.106923513744325,-0.10793206314028114)
 (0.19075362826903444,-1.1952975078696311)
 (-1.033781574445682,0.96474687532661807)
 (0.57391302096376429,-0.90431778277169106)
 (-0.98589936849643633,-0.6699522956192181)
 (-0.86893194333179036,-0.10002929303046881)
 (0.26555690398608295,0.094206612392992717)
 (0.62098449597423666,-0.27691966430410886)
 (-0.13246648906682734,0.31279752735522265)
 (-0.79367855743657578,-0.43529530076828438)
 (-0.54005229843273772,-0.17094352027515775)
 (1.3069655804605897,-0.043047509668544648)
 (-0.14963898402276041,-0.31866751470030541)
 (-1.5233517982102169,0.086120660706457353)
 (0.94305832843714643,-0.54066365337926092)
 (0.53668651935112843,0.47266033926938067)
