# Created by Octave 8.4.0, Thu Dec 11 09:47:22 2025 IST <gamana@Samsung>
# name: rician
# type: complex matrix
# rows: 2048
# columns: 1
 (0.0764470436418066,-0.39178307098250681)
 (-0.12708970478657569,-0.14784211298712188)
 (-0.57651010340427167,-0.59219301202770502)
 (0.44980365483172402,1.5349663333409747)
 (0.37846498308471321,-0.85435875123882388)
 (0.43818446066863392,1.5843818528985083)
 (-0.52323164157638602,-0.92321725354024853)
 (0.39363198840497798,0.91414287822460605)
 (-0.0048524754867444453,-0.40032352631163559)
 (0.52812336840988761,-0.36636654412358366)
 (-0.24933520530854777,0.51211052695174097)
 (-0.43813348266211705,-1.0755599502223965)
 (-0.78461211091854444,-0.63392148666004977)
 (-0.85387354486402034,0.72507729856230918)
 (-0.25498019454793558,0.35159724507013951)
 (0.70791633588507685,0.53114003805784993)
 (-0.056295157902330389,-0.33486499774945777)
 (1.5468350822036194,-0.12096467610703565)
 (-0.39859268121962077,-1.0434387449403006)
 (-0.87337233190782537,-0.39575816070131997)
 (0.6825662190004228,0.8859079909979225)
 (-0.16086257013997268,-0.73374305264124684)
 (-1.0799894886432519,0.54450873257045851)
 (1.3251666578505277,-0.62985245824900071)
 (-0.68947592481487874,1.2243456138619992)
 (0.50283999320333217,-1.2432042249373991)
 (0.2970694791510935,0.59879380580213237)
 (0.6740653229814747,-1.7562580049015932)
 (0.36340227959426524,0.20872006303739668)
 (0.61705857704349354,-0.7931579907149342)
 (0.38948655592449749,-0.37077696458170645)
 (0.48473355252522454,0.91662065152364092)
 (-0.71139343390095888,-0.24669721993115828)
 (0.5138011547069854,0.85456743551650305)
 (-0.25572624440024266,0.32980022721467334)
 (1.1154623100562402,-0.87520632299843149)
 (-0.13578985382177114,0.047131746339852114)
 (1.33217929374674,-0.30367778734658757)
 (-0.11088440198141603,-1.0235632518520774)
 (-0.51517823628378956,-1.6744289932464422)
 (0.56393133871809487,-0.59135798474743162)
 (0.43165852824158552,0.9762131461180934)
 (-0.13659079155426856,1.1138515651539169)
 (1.0327447386634099,-0.17264988993341909)
 (-1.0356804062283804,1.1016853816963681)
 (-0.086944300451902018,0.47890045432884332)
 (-0.62182461423229074,-0.54016885250341984)
 (-0.96960050961155297,-0.50801022529470008)
 (-0.43410875273739358,0.44880604505676858)
 (0.37385780547225245,0.25341040606791509)
 (0.94814105281793748,1.0917333064815995)
 (-0.13821145071104771,-0.50086107265885504)
 (0.87301827557137668,0.89666235569758346)
 (0.36462870833281325,-0.053503632934663953)
 (0.71220781553181123,0.76848173875641335)
 (0.042312360151381123,-0.51209569745550665)
 (0.98498155655856001,0.1770904080205275)
 (0.56433099236730722,0.95083339450762661)
 (-0.056880660459204729,-0.38370438820203168)
 (0.066877536658201356,-0.38521787545049174)
 (-0.91380153722937552,0.6884526882872859)
 (0.29479082949705493,-0.669335832112119)
 (1.5262028760789019,1.2726788130717188)
 (0.72770759971408761,1.0691243233770795)
 (0.628337616362316,-0.83805216804902272)
 (0.31812459065790988,1.4200817028782169)
 (-0.60311781866175673,-1.7439221717396565)
 (-0.68824490917686432,0.26986625683868048)
 (0.99300672509895771,-0.32166573961449568)
 (0.49705215870913433,-0.12049953951098302)
 (-0.45126838977523093,-0.65749159602173168)
 (-0.82083562653813236,-0.49594230693059804)
 (1.0713765057935114,0.73041716545093049)
 (0.1347410781872394,-1.595828303581051)
 (0.29055558354414729,0.49889214887999772)
 (-0.71199101629043726,-0.86042480830430035)
 (-1.7100284831514119,-0.58417575142179712)
 (0.80675844000790009,1.0013739820716014)
 (0.16779820843972271,0.92396520468914622)
 (-0.325202010152425,0.59507622238538682)
 (0.45938878178600212,-0.28620559712286875)
 (1.1535465285884108,-0.67802366059727537)
 (0.43497146812976495,0.17626064478025566)
 (0.66807714905990323,-0.096054628061060437)
 (0.63538143604459618,0.82336166757294227)
 (-0.68333749510750319,0.45217561934470751)
 (-0.1003153749439355,1.2902904384857046)
 (-0.21966945752004799,0.86185895155781722)
 (-0.18215544714409521,-0.19004677913799359)
 (1.0876733019978855,0.38338870358974164)
 (1.8027344883844616,0.92193215794547956)
 (-0.15429069930949596,0.35028224396745683)
 (-0.68498739480061765,0.49117709670647047)
 (1.0267776092266212,0.019289358662078149)
 (-0.47933214564262239,-0.59405519516821093)
 (-0.042097402098365988,-2.1620100287340991)
 (0.80158122389620379,-0.38765607271446206)
 (0.20248285418301604,1.2916698423309925)
 (-1.0629165674895702,0.11925776886199577)
 (-0.13282694700192507,-0.46208560667958831)
 (-0.33125057904602762,0.99578427086035881)
 (1.1552180114538417,0.78372261552872347)
 (0.24672142640583258,-1.172589927008689)
 (0.17858429267640585,0.012887448195036691)
 (-1.0952198828906103,-1.1120500923251357)
 (-0.61181936752962729,-0.53222712429840491)
 (-0.47492060260003988,1.4034725130020034)
 (0.38415876894469203,-0.38726646103135381)
 (-1.2263700503915125,-0.741068428551935)
 (0.57189641827487481,0.94939688567737568)
 (1.1680695751849706,-0.36313383827945533)
 (-1.0840999309820392,0.78625439363147209)
 (0.58562440532565208,0.24113735711112702)
 (-0.26431907707348734,-0.030765128911721118)
 (-0.39880370018610345,0.25609456634953243)
 (-0.65844932440041593,0.96875249522656803)
 (0.63955312797147612,1.2782049582549155)
 (-0.70516380595155437,0.29275794214809403)
 (1.2939603963893538,1.8232216637740157)
 (-0.57662454814554454,0.054590356262494644)
 (-0.61946234902848551,-0.006402086128475537)
 (0.90030980081220435,-0.41326219147638305)
 (1.2132372863142455,-0.54142019382108975)
 (-0.26816010739455748,0.93313825008113138)
 (0.89115960832529895,-0.51627616607177129)
 (1.6621499825410055,-0.38247340643811512)
 (0.81813668752284918,0.34316003813278328)
 (1.2420687760747049,0.23316871008895718)
 (0.58465382911182018,0.82186871604942668)
 (-0.95170318248247976,0.31173345825321169)
 (-1.0595068858906544,-0.20147903788559088)
 (0.44400803860702048,0.56765074925768344)
 (-0.17691263843591762,0.6685331147863206)
 (-0.67173006321208206,-0.36420617408197736)
 (0.91063902198441826,-1.0620126828299981)
 (-0.57974051214374911,0.22904459280658368)
 (-0.82613778215186873,-0.29523130881112625)
 (0.30060183375276028,-0.11474763898404068)
 (0.48005229173288505,0.15812835393693941)
 (0.41280359378314269,-0.7029759843015293)
 (-1.0630229009753196,-0.17624482443384445)
 (-0.3594481081429296,0.29801037407594178)
 (0.049068140730025356,0.88170702686470048)
 (0.045990562393005419,-1.0172884171179593)
 (-0.54251206411102515,1.014510267546133)
 (0.35003947984731293,0.67311852788551618)
 (-1.242621551433569,-0.12074298512537668)
 (-0.9136945082229958,-0.11059227092697033)
 (0.75140397159594119,0.56898499719236961)
 (0.2056742808810357,-1.0562366375533001)
 (0.70149157266123952,0.80365641713770242)
 (1.4900981355355012,-0.54876146517117741)
 (-0.83322111495612117,-0.063226043495356793)
 (-0.089110429570116251,-0.70357832293448874)
 (-0.32299598978299132,-1.092762924659002)
 (-0.24205154064160445,-0.13362948149246578)
 (-0.35655455283992488,0.12168743731834196)
 (-0.20433100854780079,-0.31267904506333116)
 (0.039166729411979406,-0.79879492572489808)
 (0.46869183321865976,-1.4760014398817867)
 (-1.4153043456140924,-0.63068483586242208)
 (-0.23173216843330469,0.040766663448035853)
 (-0.047054257897127416,0.33283502677702093)
 (0.80237620878035731,1.1696983779210437)
 (0.47229353256388285,-0.17545964841422393)
 (0.061825190284815479,-0.023528236667111905)
 (1.5704791907382329,-1.2689613354729716)
 (0.51264471427184688,-0.35922433251250352)
 (0.50314670353862412,-0.33504900862827969)
 (0.65607671166960913,-1.49223696651991)
 (-0.9837676036777866,-0.025944926058018014)
 (0.08268204326614717,0.36505663826420043)
 (1.268387382300918,-0.83645261130050153)
 (0.17604174232454123,0.55631109461755357)
 (-0.43070436016678892,-0.59737958560240034)
 (-0.36212793088715978,-0.093506037434098382)
 (-1.4657424526292142,0.31604067875933234)
 (-0.16608820414820125,0.45945977827334183)
 (0.36899036102390331,-0.47565308410740986)
 (0.47376196045999452,1.0880877654556755)
