# Created by Octave 8.4.0, Thu Dec 11 09:47:22 2025 IST <gamana@Samsung>
# name: rician
# type: complex matrix
# rows: 2048
# columns: 1
 (0.20424635352566956,-0.34132100586433023)
 (-0.98297325192710661,1.2761371258240057)
 (1.4921805539937023,-1.2541505651221994)
 (-0.057347092467404048,1.1225219178407149)
 (-0.91371912913549458,0.4353990322537647)
 (0.88800546905970945,-0.33358348542332483)
 (-0.1564487991194945,-0.95256001623439523)
 (0.4250142120620618,1.9533855191939589)
 (-0.1610303418407244,-0.39413313784132009)
 (0.14635461988634316,0.25417166242367517)
 (0.5859555396795626,0.4311738612582412)
 (0.54828092797462935,0.35076473657816221)
 (0.10591918791872515,-0.39411058884795902)
 (-0.26646759692623023,1.4092972821273373)
 (-1.0890252316806335,-1.3281197404860638)
 (0.84174815958746707,-0.15098400437764903)
 (0.3113838502716017,-0.36261671536149137)
 (-0.13622248823952954,-0.9422876409683556)
 (-1.058779916238159,-0.25347272454318731)
 (0.091292101993357549,-0.14402644219812166)
 (0.80271340494694821,-0.48832241098129614)
 (-1.0219192417799898,-0.59063915386648991)
 (-1.8115697925716883,1.2300603803604626)
 (-1.0640165386539513,0.41229539297236156)
 (0.38172616189524838,-0.27951089107100929)
 (0.20840041121849265,0.48075243847318627)
 (-0.76325559022764577,-0.44010596115424905)
 (-0.77586078552133886,0.71435838847612043)
 (-0.5504783611883648,0.22419966951951115)
 (-1.2109835189876865,-0.34268607029130727)
 (-1.2525972682584829,0.23803526995573365)
 (-0.36514178695791133,0.96514984714021212)
 (0.86482715661109644,0.44417021344248003)
 (-0.78126193228637519,-0.57240858059346056)
 (-0.047576158572464,-0.96945236689040748)
 (-0.93475911382370147,-1.2387722064146158)
 (0.15110907547822611,-0.28937234051088034)
 (-0.20860414667622873,-1.0223677661647563)
 (-0.70341118650196732,0.23192845564171796)
 (-0.79317690899886339,-1.1917837910225972)
 (0.78109584067221061,-0.2183342425678633)
 (-0.50733814298779956,0.43567750408085426)
 (0.92102633119852972,1.1369132734053591)
 (0.41052636078664262,-0.29723316522281285)
 (-0.54357328391727378,0.56645121921732033)
 (0.32929658461446937,0.72177370845513356)
 (-0.26652135605128918,0.93506338479527618)
 (-0.74469064162647591,0.82703842363395808)
 (-0.63071406239834438,-1.0636620510425097)
 (1.2083619717752634,0.010904371629292253)
 (-0.67272032029611917,-0.61269601709848565)
 (0.22367024091329729,-0.280076790552307)
 (1.7859275657326545,0.87542747699425938)
 (-0.34130410603832118,-0.62133604642276274)
 (0.37166267532680392,-0.37594921427353617)
 (-0.08990495756073788,-1.0612351406016076)
 (-0.30768892614347065,0.86357369416496377)
 (1.0270462004155858,-0.070393985375720947)
 (0.30314723795642362,0.6239921673590938)
 (0.55430977503271661,-1.606702848230015)
 (0.12627254244507824,-0.89925068902426475)
 (0.2821769277507809,0.30658548801102564)
 (1.4770699230994571,0.46958849251106649)
 (-0.18669557657153085,0.84251458124102097)
 (-0.070932823867859568,0.95604657661456616)
 (0.30737327339179071,0.74817671883690451)
 (1.5317558860008502,-0.2043171739758865)
 (-1.7436539247583229,-1.1295410116436404)
 (0.26324490123225208,-0.14878654580328252)
 (1.1269603102414159,0.42403015337530703)
 (-0.62547619476381955,-0.13536784585739958)
 (-0.36091732092519568,-0.18220349912792358)
 (-0.38826128343852195,-0.064176751539150645)
 (-0.20567794101287473,0.36364294076489467)
 (-0.96337934738462283,-0.2972536046093206)
 (0.10021968661360625,-0.99068664268597206)
 (0.19021734322925285,0.19129019654441601)
 (0.24016315174576625,-0.27995200724533026)
 (-0.45987926480971264,-0.02793569073680624)
 (-1.1467269846620134,-0.43807990971608629)
 (0.38300758873298235,-0.62810044133862897)
 (0.56167044505305019,0.48320014095416985)
 (0.95775262930846017,0.0025891902266844125)
 (1.2701861864525297,1.3645820463136538)
 (-0.28797336834709081,0.43298402376013817)
 (-0.032224861888255407,0.38812718172636501)
 (0.64962832529337144,0.26754339196098786)
 (-0.39236054807391124,-0.37123210521303129)
 (-0.88495391240758969,0.97384818095705039)
 (-1.1385024881859613,-0.73918014389522013)
 (-0.21244227458502424,0.38117462080838965)
 (-0.020838960903756518,-0.33521022115457105)
 (1.5352816363295292,0.10863890973172746)
 (-0.59759994731940314,0.10399895189118297)
 (-0.85688034897625376,-0.87233891972577671)
 (-0.069872488874938923,-0.39920942332528286)
 (1.0553171145837543,-0.81506918751313073)
 (-0.2379118230636933,-1.2204813299514115)
 (0.7833913911324154,0.29755513743889039)
 (-0.59786702980985262,-0.3730676901058298)
 (0.93575037966686869,0.45765982075382144)
 (-0.48488954099196213,0.30037062803424674)
 (-0.78372694168247192,-0.5365114792215645)
 (0.279724232742593,0.22941734288174026)
 (0.44581958273391131,0.3704495488388394)
 (0.058463523123838845,-0.5774890992181666)
 (-0.65967637546827196,-0.19094601967906785)
 (-0.45938864302718124,-0.3642954723177117)
 (1.3513623579228831,0.29493271297307821)
 (-0.43814832052426483,-0.5037520940691782)
 (0.44707513816037803,-0.81669889631669768)
 (-0.063237518514004554,-1.0311197655882025)
 (-0.11616240178329823,0.36176713260798504)
 (-0.29425543532478793,-0.22599807805452846)
 (-1.2554704114289661,0.67068172551791827)
 (0.38699121535936037,-0.35166741312696637)
 (-0.69246032761893195,0.68463286810088686)
 (-0.22243258863350993,-0.96022437634054203)
 (-0.38487182119979946,0.19164769763114645)
 (1.0027157264435251,-0.34623164425606406)
 (0.46287357313757621,0.30313363580481217)
 (0.21755388199621609,-0.3580026669880656)
 (0.96196072940352306,-0.7513966853099785)
 (-1.0614751174690236,-0.36078495983726444)
 (-1.3926465875195966,0.044189551928195403)
 (0.89511762791240534,1.8733760414247185)
 (1.3164211892122717,0.48786599139168341)
 (-1.1495609457736795,0.035910940331791708)
 (0.22591429748236877,-0.3432523743994364)
 (1.2105576393061583,-1.7366772215610498)
 (-0.026659639462681267,0.56346391244382388)
 (-0.53225179146072665,1.6756181067250684)
 (1.2931929842212759,0.67999889626636101)
 (0.32661966568107109,0.20995310728505831)
 (0.22287735248164842,-0.34095324033260466)
 (1.1963778288511364,0.39546869137243962)
 (1.1532825298327438,1.1845849572329352)
 (-0.4290904675771422,-0.27150884473513137)
 (-0.38963291638000047,-0.57819175216464269)
 (1.2461847850645178,0.93709431167353252)
 (0.70259965916179157,-0.43048708784451706)
 (0.041511741331596352,-0.61341980217851355)
 (-1.1215476501886215,0.28625847754879663)
 (-0.12449716169360864,0.28797391439885794)
 (-0.029641326417125802,-1.2322587926881621)
 (0.25261178474302048,-0.74649661429837888)
 (-0.15565363349473632,0.12557777684384708)
 (0.41014458168870171,0.58205797945660309)
 (0.11081211733303259,0.47521598239462398)
 (1.8589808057853221,-1.4822749424273483)
 (-0.72819296836215974,-0.73791454741167284)
 (-0.20137793268377274,0.92949979931566706)
 (0.30765217160674657,0.42684855955021123)
 (-0.84052757626827423,0.26568723182000098)
 (-0.28260685100723215,-0.19597397249836623)
 (0.48808643551699848,-0.14202323205387712)
 (0.71899874257269625,0.12262205673389803)
 (-0.19907305309916315,-0.8221828243816709)
 (0.23536344357704522,-0.65198205336510584)
 (-0.66279871622486142,-1.0267743117070707)
 (1.6169305173616249,-1.1928003406070424)
 (-0.066842806416636036,1.3353970716572761)
 (-0.10764545516167917,-0.06580553246381092)
 (-0.70282518419831752,-1.8736170683967563)
 (-0.16767198221373175,0.72244451893017869)
 (-0.48780000094791587,-1.0682879141358534)
 (-0.89195463706213374,-0.64852316799817611)
 (-0.12150511050946408,-0.49963255427037445)
 (0.47098046699261908,0.28211229084618639)
 (-0.45447666559507921,0.65198643229206343)
 (0.24474996901157911,0.71168364479233914)
 (-0.83305138925211564,-0.13899320014001312)
 (-0.55118927416784902,-0.11144583547068851)
 (0.1680815796427606,0.92057960213606427)
 (0.97352565582665629,-0.36688529522699692)
 (0.62513051002040121,-0.53034463360120432)
 (1.0321304542550667,0.08834179121815261)
 (0.024867389274405266,-0.52284027686953471)
 (-0.0097696549463423127,-0.044593233232754784)
 (-0.017006796900046417,1.000766668804451)
