# Created by Octave 8.4.0, Thu Dec 11 09:47:22 2025 IST <gamana@Samsung>
# name: rayl
# type: complex matrix
# rows: 2048
# columns: 1
 (-0.11526012014654935,-0.91754540339998447)
 (-0.73787356541157112,-0.50004669607583119)
 (0.16218396193777695,0.77499840847682855)
 (0.10904699362055156,0.18541596749045289)
 (-0.32126185502089832,-0.16816207566022309)
 (-0.94950072094804017,0.79974667190200655)
 (0.40655755588376274,0.032529646271475893)
 (0.33263335444277586,-0.077874781788912273)
 (-1.0257274147496884,0.78720990178719674)
 (-0.25023891561710748,-0.20409106449562886)
 (1.3274865995018643,-0.36994223370612073)
 (-0.005416924733263038,-0.025120048581307296)
 (1.2882047149335678,-0.14385293881304184)
 (-0.39518011564772038,1.7326421656591562)
 (-0.015294579362225058,-0.54558797325016295)
 (-1.0286978115269403,0.084596573844555378)
 (0.70412743240544229,0.21393641521872214)
 (-0.76675171281837229,0.3591948259067923)
 (-0.38490259850499758,0.010816794986574674)
 (0.99305963982019541,-0.072457640595082251)
 (0.3801400915539806,1.2966679886598946)
 (-0.28491464332086675,0.19116308335982923)
 (-0.62632874675924088,-1.2038123532719402)
 (-1.3809855587582147,0.40797239712064276)
 (1.3516152060731728,0.01186890300443938)
 (0.76533432448837502,1.1798471691578905)
 (-0.53978819960947544,0.50717794983472908)
 (-1.5456102283634223,0.98643036357102509)
 (-0.048021700188676186,1.5939436704120076)
 (-0.35819210050272382,-0.34556542925733175)
 (-0.86914516126334762,0.046797420953434421)
 (0.24135375437546241,-0.10506191452494607)
 (0.25618275116306966,0.16886410826645495)
 (0.11186066332437655,0.77792989435088855)
 (-0.470285807567146,0.27193921041764757)
 (-1.3130667061595191,-1.1577836987503853)
 (0.94314135908895946,1.6676364444380074)
 (0.047821385031232538,-0.36168479040659762)
 (0.11445658988370458,-0.18487978061728363)
 (0.13183966402987002,-1.1135946352721955)
 (0.1118243917820077,-0.51850928435040333)
 (-0.040804264504286245,0.22364661372428846)
 (-0.91123977873337203,0.45434732164171077)
 (0.19701900300517083,-0.9457296699130181)
 (-0.18998898067777378,0.14374085693473318)
 (-0.3121171428667936,-0.02740515011692965)
 (-0.030359579887261207,0.048450209301713967)
 (0.22550673850059932,0.069318225713706549)
 (1.2706217023391582,1.5339572016014986)
 (-0.11303172278376461,0.26387710315339552)
 (-0.14056292693249461,-2.1169770726357835)
 (0.055423170787997245,0.053690969566811853)
 (0.017628096335281285,0.28091988346368069)
 (0.61296187771900867,-0.88101250992464386)
 (0.4990021703911135,0.66769600090281001)
 (0.075261298697189033,0.22300024958506223)
 (0.48975687346116259,-0.55615456942026698)
 (-0.44224946983864988,0.97859636873422751)
 (0.47165268068296395,0.12848671995603797)
 (-0.17295790322596732,0.1103536468956731)
 (0.87425479575468668,0.0056482891578642502)
 (0.019781540462957083,0.11381653254287838)
 (0.73479749545721118,0.18275398899566778)
 (-0.2794929433280755,-0.023608995418936629)
 (-0.14219105255345935,-0.40545935580869885)
 (-0.87246205744139516,-0.11183597218934463)
 (0.25115152826427772,0.74419199306003181)
 (-0.83049989457241824,-0.53118896058657561)
 (-0.29901200897764396,1.3113706188423566)
 (-1.1545194105846988,-1.2169732558452213)
 (0.23945459523592644,-1.7379936398081262)
 (0.87701251923091939,-1.9488667392540615)
 (-0.70196725189151454,0.1426210731337218)
 (-0.48819583432353286,-0.19334394493890583)
 (1.2535877552749646,0.34337225394028342)
 (-0.20719373729789264,0.13518955965393653)
 (-0.25685514934094988,0.48746477227964097)
 (-1.0796409018643096,-0.34232611529934953)
 (0.033455972210886087,-0.16900957800299338)
 (-0.14822794654338561,-0.32561881674230286)
 (0.25475176590231463,-0.20164790822344458)
 (-0.80093131548207341,-0.072991152475167631)
 (-0.60871811639132167,-0.32094644123847915)
 (-0.76526219926153993,-0.18482282262824234)
 (-0.25256416077066801,-1.0212601749786998)
 (-0.50685630324708986,1.4933131653156431)
 (0.32978041038764638,0.79508102085569277)
 (-0.13968594747616306,-0.83396913353462743)
 (-0.88893540150730488,0.30739122782398998)
 (0.47065527930770884,-1.2219006820925664)
 (0.38725779857197373,0.29719538810643598)
 (-1.3751695659149765,1.7497466039031278)
 (-0.55014534544752292,-0.60386246117201503)
 (0.046802207733971639,-0.16993566215532588)
 (1.372452282270394,-0.6651453559810323)
 (-0.4689889170069394,-0.083260629290328569)
 (0.061265182796066631,-1.4722072745480848)
 (0.35982742081793501,-0.83319652769454611)
 (-0.21324381043550017,0.074220602461545188)
 (-0.1210949402451094,0.30619101346910893)
 (0.78343597197064718,-0.42567844536382693)
 (0.32294417864453984,-0.34163564167923743)
 (0.23987890737377826,-0.080667344703888311)
 (0.0033793997798213238,0.8340719594237691)
 (0.91317210415423178,1.8938796363679491)
 (0.94885057630705971,-1.2113691410129031)
 (-0.29650962405796499,-0.083233671592765179)
 (0.58903270192764834,-0.08785029721260168)
 (0.69158121040451148,2.7023625774473805)
 (0.20651339692481488,0.095770652762370651)
 (-1.8095810992213144,2.6441225884765869)
 (-1.6844488138098199,0.43737908582791385)
 (-0.57929123875720434,0.082684023138012819)
 (0.46047518786856567,-0.85959366223628486)
 (0.1040405791910809,0.21249494296578536)
 (0.46753962988897302,0.59992000886437336)
 (-0.41578841665860278,-0.67647038469638554)
 (-0.28888356723984659,-0.4353487873041208)
 (0.12088900975446665,0.27597609968535397)
 (0.060380826185388925,-0.61484778661953521)
 (-0.11870619762112598,0.16527052051554295)
 (0.58394651089122496,-0.13405813707142472)
 (0.081622101915748535,-0.044041583886408026)
 (-0.022368054517975633,-0.38819008549045331)
 (0.26690604648007105,0.73212516886561141)
 (0.18628848116596353,-0.094506661596908015)
 (0.18296525014523596,-1.3445681284675974)
 (-0.27719956411309804,-0.32694853898219262)
 (-1.6694532105673658,-1.1559494398033323)
 (-1.701207703125958,-0.028320994867604754)
 (0.33012353890601309,-0.16987064557155523)
 (0.078640919645822871,-2.0668674055629062)
 (0.41118127933468124,0.27769307843516711)
 (1.9216637299114487,1.0831149003925806)
 (0.86247306155001691,0.081077101321648304)
 (0.66597566838176647,-0.90981403447415943)
 (-0.18405593540614007,0.10257535699442988)
 (0.44381835418458193,0.35281196612818921)
 (-2.1258288132905783,0.34522069397606903)
 (1.1343929122447549,-0.52055863596340868)
 (0.24061905315022022,-0.61797529197659995)
 (1.3691810898411814,-0.95337648201495062)
 (-0.15795275878268605,1.1418463325784769)
 (0.22103268716209074,-0.29550069290177511)
 (0.060471403588189199,0.56069948141095804)
 (-0.14040212553380202,-0.68509381370937594)
 (0.21181418865125798,-0.20234399098112985)
 (-0.58247441463397431,-0.84934556638601177)
 (-0.8965252330508281,0.83753613682591943)
 (0.51017390001018281,0.74865689991014395)
 (0.11992935741823196,-0.56273276808651862)
 (0.051122094219640604,-0.018922661702945789)
 (-0.15180080554425826,0.28837513952681337)
 (1.8431747438535728,1.8185345416816405)
 (0.72979914902388399,-1.132232614455986)
 (0.43481128013663084,-1.1974741865197487)
 (0.44499624193993109,-0.31599188292808794)
 (-1.2466715213646422,-0.37219247585355675)
 (-0.063229913695953405,-0.76568572259975276)
 (0.89220996970113342,0.80207919891785373)
 (-0.077532418909888046,0.4529118892125395)
 (2.724493682442648,0.58070350851905084)
 (1.1714861739713081,-0.58898588082907066)
 (1.1163116184548061,0.96132533351855654)
 (0.74066773903346295,-0.38068438051705622)
 (0.0088140995966293628,0.21619276178435021)
 (-0.037069125211370416,-0.19811580662244782)
 (-0.20659806413013485,-0.17034501401367316)
 (1.368691414893207,-0.58392398275234103)
 (0.95472028950126564,1.8862477680936087)
 (-0.048294778859504263,-0.34429108546160236)
 (-0.43714596956831508,-0.69685989610990573)
 (0.2263575822142132,-1.1370572468895932)
 (-0.036355945175408133,0.30119553617774242)
 (-0.36524227497170636,-2.6245674663345264)
 (-0.13137399796950239,0.85259762611052814)
 (-0.0071506065899934468,-0.35265394001014339)
 (-1.1449161781544048,-1.2724535194254625)
 (-0.78495229238322617,1.6505556355853828)
