# Created by Octave 8.4.0, Thu Dec 11 09:47:22 2025 IST <gamana@Samsung>
# name: awgn20
# type: complex matrix
# rows: 2048
# columns: 1
 (0.34725825443157521,0.9612146219831198)
 (-0.36214047113640779,0.97626065323298417)
 (0.30960291268954565,0.95243684623472402)
 (0.88563095813217441,0.42726496436140143)
 (-0.33178662183041047,-0.34583507956705239)
 (0.22572820651778608,-1.0111914347838429)
 (-0.91011169378552359,0.28545427473838064)
 (-0.33613358364943846,-0.96657775174069427)
 (-0.32827646925693305,0.3603704435875813)
 (-1.0847446311428453,-1.0654781805293219)
 (1.0301783303199539,0.9750707307412434)
 (-0.25614476562580102,-0.3370517926961677)
 (-0.33791124086225804,0.27517168491385291)
 (-1.0000997097098259,1.0288373452788258)
 (0.83955862973328121,0.38401045120436011)
 (0.92502601530010742,1.0178282047906273)
 (-0.43656041713867921,-0.96702526554580615)
 (0.88744522479416554,-1.0482102878969812)
 (1.0097882911805856,0.956591455210416)
 (-1.0255964295418987,-0.17375552321104618)
 (-0.29765444701689964,-0.92011339888783039)
 (1.041813996696491,-0.99995269409104348)
 (-0.91520321145106243,-0.94076204973175648)
 (0.29070062789995293,0.40114944153064513)
 (-0.90410913515528224,0.18735354277394736)
 (0.17285083926698777,-0.26692797882417663)
 (0.84039688965259896,-0.92669577127933211)
 (-0.32584608201591558,0.85425183367202073)
 (0.32517916020671112,-0.41467106717670033)
 (0.95953995421015614,0.29813268182602254)
 (-0.26974863448584124,-0.3172013215031278)
 (0.380213528571686,-0.83699347114735811)
 (0.45028109975654063,1.0046923499970264)
 (0.89543020882410107,-1.0112816029573819)
 (0.88739211703322196,0.36212330773330709)
 (0.38348214789435475,1.0454708957310406)
 (-0.84133725331438836,-0.31095060865341206)
 (-0.90703242774309589,0.97028923212038887)
 (-0.34520601986925986,0.93226904062223759)
 (1.0784360271884423,-0.88370965504508714)
 (0.36843313544206763,-0.18620125695598289)
 (0.17885146513047659,-0.98302790233084447)
 (-1.0398091311359035,-0.99503147182332474)
 (-0.75698805207036313,0.3377205759802458)
 (0.9828485819200613,0.89132336004989499)
 (-0.27475428759490633,-0.89902606121016782)
 (0.27243487586156628,-0.23411960513429736)
 (-0.30410595885794667,-0.43053012497867826)
 (-0.84681917174794274,1.0563817085408929)
 (-0.27707434824059018,0.42527143871146617)
 (0.3438263885970429,-0.35299808515299258)
 (-0.28363895009080264,-0.41273254624141126)
 (-0.89460204125724785,0.2647832674007381)
 (-0.23883758744327782,-0.20104005143250975)
 (0.32010508690481665,0.27846479289400478)
 (0.970045870374041,-0.28601721761375343)
 (0.27182309408209127,0.26014222267915554)
 (-1.0421115645011674,0.32144767116232115)
 (-0.31442308848613515,0.93527761144004273)
 (-0.9388240252653749,-0.98124645455698511)
 (0.41182259663889997,0.82600405187753323)
 (1.0550475633235379,0.31016260845846477)
 (-0.31307010931072959,-0.29560548579778978)
 (-0.37536281455842796,0.50217763926634651)
 (-0.32235752991783828,0.95696180349799498)
 (0.23938223767315625,0.26597394954402981)
 (0.34288261285853611,0.90727811644688372)
 (-0.29364112951985744,-0.9616261011449746)
 (0.34080858644159201,-0.43464007198493237)
 (0.34688018212562427,-0.94780672534414456)
 (-0.45849253255925837,0.27184305208772908)
 (-0.26326345700822351,-0.81485389226635796)
 (-0.34058826181125285,0.94600945822546878)
 (0.89403760571908097,0.3354385879638766)
 (-0.38240135698639793,-1.0214645972790384)
 (0.98321187428870305,-0.38778684178180234)
 (0.35808147116417594,-1.0058559724103169)
 (-0.41273150356445859,0.35794687032761618)
 (0.47360355470482729,0.86331186012273253)
 (-1.0507443160157617,0.33273525176839785)
 (0.95756399046844498,0.42125257913350078)
 (-0.90461996624091834,-0.93187384041024113)
 (-0.30206599132342549,0.25019341620360508)
 (0.80773198204610086,0.34253602471363426)
 (0.94162236773560437,0.36272358483180756)
 (-0.42721124633685759,0.34468972478439225)
 (0.94722863424421355,-0.85844376203623063)
 (0.88794665546913565,0.2270166355670811)
 (0.34276346681561037,-0.84465068471436544)
 (-0.38334685510013855,0.7982463576582367)
 (-0.21213310136194458,-0.90598617583614582)
 (-0.33089243041581262,-1.0619392400803656)
 (0.92482323555009927,-0.38793894759418324)
 (0.355918694961461,0.25792004849732941)
 (1.0549535449736696,0.18960193719381915)
 (0.2549470257956678,-0.32524492674684974)
 (-0.94731339056303954,-0.28145602373303774)
 (-0.89569701577842631,-0.87253137761319133)
 (0.9674576901826063,0.3768584551657212)
 (-0.86110722812817186,-0.24758701904741215)
 (-0.80128160598409781,-0.23038465293083271)
 (-1.0601516422814212,0.35112400226051005)
 (-0.26132752721916497,-0.82698988349902536)
 (0.98079538774793606,-0.29874278315416525)
 (-0.35748530639111864,0.17605883715756968)
 (0.39028641693854971,-0.90039722145428103)
 (0.24454220879401423,-0.83722540571062243)
 (-0.37226060539505856,-1.0603709868305033)
 (0.89152827996138428,0.47113527401408173)
 (-0.16530246882313582,-0.32919272052761572)
 (-0.91560864822482813,-0.88453493880724432)
 (1.0292899168059311,-0.29357206967763383)
 (0.80839071615378166,-0.35770699994209071)
 (0.36177447438086707,-1.0263052103135635)
 (0.88520634493985306,-0.98724385011185767)
 (-0.22808398277519326,0.91004524314563584)
 (0.38056639145724969,0.87681395793086914)
 (0.86782483192183901,-0.93218235605485189)
 (-0.23711851119607602,-0.38701302355037287)
 (-0.97278685103530593,-1.0307920849779815)
 (-0.39696812531225989,-0.18699710631880587)
 (-0.38072486979006742,-0.29520647287143992)
 (-0.92804840663404253,0.33989375198189392)
 (0.8474606054574656,-0.89139188786366341)
 (0.8802490275112711,-0.89932955373313062)
 (-0.96258723344406616,-0.96357620823319601)
 (-0.8982133765343614,-0.38880652181590841)
 (0.44992446511893414,0.80364131284708107)
 (-0.38026901681904202,1.0112763967896816)
 (-0.35756108776487439,0.94769910435889626)
 (-0.36481889087683611,0.35177982628524418)
 (0.87647308524874823,-0.92672629764565628)
 (-0.30507491222677219,0.94729404633459358)
 (0.94746068751846202,-0.1941932479341249)
 (-0.9687053962306984,-0.93000919408572602)
 (-0.90833126838430123,0.82653940887019561)
 (0.99064345245820395,0.24752113644074145)
 (0.98526275314818645,0.87060949771145479)
 (0.25885153347293055,0.89128102763022499)
 (0.31346730357871361,0.87929326863410606)
 (-1.1055741377730985,0.96283554816581307)
 (0.99869426228160507,-0.24993259261578205)
 (0.31124224347883461,0.30448661677396249)
 (-0.26253931184008794,-0.37059331276887597)
 (-0.28201357399562582,0.98457584015846189)
 (-0.8199215154622127,0.34901704116161308)
 (0.28317456933075136,0.34818802533531334)
 (0.76348055657135339,0.32065979416858126)
 (0.880010158328141,-1.0120291418331913)
 (0.33290831426455797,-0.96750987826708645)
 (0.9378619086451444,-0.24304794914276776)
 (-0.40570111466252406,-0.30420999620858696)
 (-1.0296254450063738,0.26039554553033795)
 (-0.27441497054920816,-0.82896401256409469)
 (-0.8671630802044642,1.0387552861358089)
 (-0.92590145845812766,0.50260051198431377)
 (-0.96179221896877132,0.1670646913938785)
 (-0.95659375559332194,-0.93204970135140996)
 (0.43820667928955281,0.3661270206134572)
 (0.87825499242050908,0.2910440267503086)
 (-0.16739584218624931,0.2686198234023357)
 (0.37146402307998994,0.97842355448336504)
 (0.26251681988313508,0.26970277055230246)
 (1.0530286004062481,-0.93232599926214266)
 (0.32891303479420586,0.33940946748142886)
 (0.26834173577779796,-0.38190612628310183)
 (0.22544857317301814,1.0162159615779243)
 (0.98862102101525162,-0.88933371287976537)
 (-0.47335270844288091,-0.86104751941596036)
 (-0.35971883171727809,-0.34286847714247409)
 (-0.38000009352674369,0.83785677370663958)
 (-0.94820089096709093,0.29874343734432396)
 (0.25595189726932488,-0.22438737187493904)
 (0.99222288070264775,0.34028517474415693)
 (-0.37678707590233101,0.26541878302477284)
 (0.33425958039107062,-0.48526656409824143)
 (0.89454487743051692,-0.32404411065897093)
 (-0.87736513820101114,1.0343052765820115)
 (-0.34926421829554405,-0.9639315230558736)
 (-0.39522343707543922,-0.94338734490911813)
