# Created by Octave 8.4.0, Thu Dec 11 09:47:22 2025 IST <gamana@Samsung>
# name: awgn20
# type: complex matrix
# rows: 2048
# columns: 1
 (0.32827504334364777,0.34650257250457966)
 (0.29882068222772351,0.96634452017760997)
 (-0.94585829753447748,1.1396672038469515)
 (-0.91311685008323529,-0.91906708671621185)
 (0.33631370051654219,0.22831584280030109)
 (-0.98529967551880004,-0.98444475491141981)
 (-0.93028477844059143,-0.97662990661907589)
 (-0.43076909224384929,0.23275668447351888)
 (-0.99445795098806089,0.86493463935340253)
 (1.0228768077233197,0.84501350408483134)
 (0.35860164351129498,-0.98700952334498249)
 (0.35902334999288193,-0.26368974241409321)
 (0.90478886872093156,-0.313601230030912)
 (-0.9732785502473279,-0.89215631757233549)
 (0.30790467765503549,-0.1751000796257923)
 (0.90467668536840873,0.93130413076303564)
 (-0.33326440057026113,-0.27870744348733945)
 (0.30392916862040242,-0.99058472499160022)
 (0.55482265545025966,0.97838304153989708)
 (-0.28631337715192468,-0.26968493448506908)
 (0.40240147476314231,0.23461918672128018)
 (0.93425083403156128,0.92132665403953917)
 (-0.97523655688979105,0.13946028431960122)
 (-0.98364707187583855,-0.93806517101675768)
 (0.23243130497619849,0.22150773942058533)
 (-0.9374870688621455,0.9197070091343702)
 (-0.31625265514314965,-0.91582649414575712)
 (-0.91445086783273188,0.9878001254484059)
 (0.33273910262060435,-0.34621282406757381)
 (-0.20132866666188598,-0.26089984505249353)
 (0.29765142112214027,-0.30932901670276175)
 (0.92983902428898013,0.94669694893985534)
 (-0.23576101568645713,0.80042172464200878)
 (0.28699461364235307,0.28496241556886542)
 (0.28845669740835561,0.81830386601424521)
 (1.0369957762273254,0.38116736018132136)
 (0.29981722379991532,-0.26563011602773318)
 (-0.29010362629116215,-0.26529963181108507)
 (0.92216371054480162,0.83899258587376113)
 (-0.1807972636514136,-0.92316826642487193)
 (-0.33188256942989375,0.29787314366976947)
 (0.35501018242463667,-0.93033035854506951)
 (-0.9343713641964434,-0.89023626982241055)
 (-0.99242031706306066,0.35009187379452439)
 (0.32746620244166985,-0.28834529680749321)
 (-0.85627808222543367,0.25991799690526296)
 (-0.33454840689654131,1.0245868092475989)
 (0.34311285768803979,-0.86084987499680032)
 (0.3465372743637869,-0.8715586024196692)
 (0.85799973850599298,-0.17975695250410592)
 (0.94943521919624774,0.32251788688124644)
 (1.013985117700259,-0.28990577167448411)
 (-0.2074328634403601,-0.25973386649788682)
 (-0.20228095658670003,0.96251675709449536)
 (0.24974321258588417,-0.29326010217638271)
 (-0.9820018631348767,-1.0567736557529761)
 (-1.0636417351723955,0.330676726589402)
 (0.18851745798165198,-1.0105764929276295)
 (0.98477189341198035,0.93168160736670869)
 (0.87430858749815554,-0.91279747493160712)
 (-0.26341600261713227,-0.10777249337587777)
 (-1.0349370101295619,-0.98457421324295424)
 (0.23151919330048243,-0.35735072735332585)
 (-0.82549710073714866,0.26064735364830621)
 (0.23855567091802637,-0.90583889230664749)
 (1.0846368665763635,0.92396548279043744)
 (-0.32474431828475009,-0.27006451955914629)
 (0.99069123927021652,0.96197378869269723)
 (-0.96364243655817661,0.79947554075998084)
 (1.0208045936206633,1.0064932618735563)
 (0.81201856846213727,0.34445608461618688)
 (0.96605589928526914,0.88228603385125215)
 (-0.25179601467948159,0.98163765819200166)
 (0.37789280124588692,-0.2847334584523547)
 (0.85334836568137851,1.037752542577826)
 (-0.31275063439610357,-0.3119017545620974)
 (-0.29379597584504175,0.27386249728196632)
 (1.10461449771564,-0.97513957985434252)
 (0.9638842685552641,-0.24172819205801704)
 (0.27929590761350798,-0.91956254614179145)
 (0.27025794372021816,0.94468519467917011)
 (-1.0062745435901612,0.27000185640207985)
 (-0.25415806374389227,0.96121940402322381)
 (0.33490500699070391,-0.4760494477825874)
 (0.89809967694509174,-1.0551953875916495)
 (1.0511234739570074,0.35346793543654542)
 (-0.30689721239080264,0.26449961837451436)
 (0.22380065582027053,0.98269763305249225)
 (0.96329620632385715,0.99533765491925241)
 (1.0200158684312988,0.98589149743630122)
 (0.33607220022379125,-0.20986265504561152)
 (0.27293545843314176,-0.29099800206506315)
 (0.35877089808321722,0.37115809099662028)
 (0.4557734061679457,-0.85486337152393732)
 (-1.0060676433799285,-0.40897923692880506)
 (0.3454805358126386,-0.40723330714685202)
 (-0.32753887318662539,-0.23339513412936025)
 (0.7837398074198112,-0.87382819156075042)
 (-0.94305417357814625,-0.35739897435851331)
 (0.92139541899724353,0.37550483236463106)
 (0.1843691623082139,1.0471774041253243)
 (0.33887894672447449,-0.98425672135717091)
 (-0.20805323050149799,-0.42621515022043055)
 (0.87075626325042332,1.0800171995471624)
 (1.0015128360690557,0.90236152707914918)
 (-1.124777243988913,0.99453805951151164)
 (-0.23275678258447807,1.0245296666065054)
 (0.3805292848520434,-0.25839627685332034)
 (1.0970311879124959,-0.36877354407059376)
 (-1.0120352639535093,1.0852771363156855)
 (0.93381621023808092,-0.87653290764174419)
 (0.21921345372627615,-0.84048664837670295)
 (-0.92212643828834284,-0.51772962493449493)
 (-0.92701797331431846,-1.0077394129303274)
 (0.28514938483526081,0.33587876001446082)
 (-1.0138264795108829,-0.37661734122186669)
 (-0.92457785319576946,-0.20045657818651391)
 (1.0104006821699136,0.92880352965864965)
 (-0.89504549588284099,0.34798354913111856)
 (0.96077476366025127,-0.96268702878464196)
 (0.85077463532466424,-0.93526415722585043)
 (0.31536676626513355,-0.99106682601034235)
 (-0.29274506982546467,-0.98975382862359118)
 (0.30130770481517227,0.878153193431921)
 (0.36195188157960101,-0.30827928066540949)
 (-0.92530185675179866,0.25232083638797165)
 (0.96778601267387654,-0.33801455821262816)
 (-0.93624951282962054,0.37555820519773153)
 (-0.28164993603406918,-0.2864619260363751)
 (-0.98613479674222082,-0.22652572343323668)
 (-0.92124839045796825,-0.3455092190990855)
 (0.85624032784352222,0.28103445598367882)
 (1.0757393567622513,-0.23411834102961226)
 (0.36970350978119743,1.0636896886422522)
 (0.23268183069300635,0.32223113249022506)
 (-0.87502259564495322,1.0036477708651621)
 (0.97533272972821794,-0.19504854994333248)
 (0.31820644518024505,-0.23469026140500582)
 (-0.38545590228065379,0.83405086145675211)
 (-0.33508420707426612,0.85924630114955203)
 (0.90688607822406297,-0.2762905382347014)
 (0.3399930229179664,-1.00095153824335)
 (0.31773911923550346,0.22049223633637399)
 (0.86918835975543796,-0.94038366869568035)
 (0.95582726120432882,1.0107292950702098)
 (0.45365219956222891,0.48052648056641667)
 (0.9534465488013798,-1.0516674042238037)
 (-0.39559601644638409,-0.35417725969563618)
 (-0.33490709557893344,0.88387655308013102)
 (0.21852752305333312,0.33125508378463547)
 (-1.040547851339759,0.94281090380815658)
 (0.38841322915793031,-0.28068697272560789)
 (1.0033659730116973,-0.42695612397116872)
 (0.95159227981534256,-0.27530784962261351)
 (0.89329995552856734,0.96598055039440711)
 (-1.0118425929379147,0.86093355403471894)
 (1.1059399880476926,0.1918061308125652)
 (-0.25066768463984168,0.33333031853864853)
 (0.4477755533227476,-0.46813727121573645)
 (-0.41805364282015323,1.0434782266398492)
 (0.25444008848644395,-0.82877250800823909)
 (0.3069779542988757,0.27222018235725753)
 (0.9145463223888991,0.99935275123852385)
 (0.29095648150459047,-0.3012234790591462)
 (0.32606446731503363,-0.2799824526279423)
 (-0.86331027202152988,0.23168197042773453)
 (-0.29157665544137662,0.30514775260128724)
 (1.0104837120934445,0.28122702724218623)
 (-0.98070267757773288,-0.27773583754346404)
 (0.20368253043569606,-0.23385797425777188)
 (-0.31383556205302859,0.99016383457447743)
 (-0.22050977735060973,0.32839553334731714)
 (0.92315667949325508,0.40105867243263232)
 (-0.38461565964144662,0.96132366207954845)
 (-0.35068114505627501,-0.34290168586486736)
 (0.82414208366673158,-0.86184418997484058)
 (-0.30687106919105017,-0.367695318301759)
 (0.89653082942464979,0.82681254937502113)
 (-0.24579803541645978,-0.9770655383187653)
 (0.36902944801837123,-0.33426042160153002)
 (-0.9859174420409208,-0.99417887007519457)
