# Created by Octave 8.4.0, Thu Dec 11 09:47:22 2025 IST <gamana@Samsung>
# name: rayl
# type: complex matrix
# rows: 2048
# columns: 1
 (1.1441030110425767,-0.8883283080016936)
 (0.019334402889648109,-0.029920642762591366)
 (0.026728956204901844,0.54061723949933804)
 (0.39594816787401688,1.0979689166115829)
 (-0.84841856053993114,-0.93957342035860492)
 (0.74378284285150043,-0.50455411384498561)
 (1.4577377168742773,-0.26221297627878881)
 (-0.46812098165885219,1.3910523090900775)
 (-0.19425642094567241,0.038739404316799536)
 (0.23894187503370107,-0.24353537383549534)
 (-1.0314032932174775,0.49317381973161506)
 (1.1370735681041995,-0.044252516797067876)
 (0.76131863393970911,1.2702607870452554)
 (0.70523501210884842,0.55643285558088795)
 (-0.50547714701261115,-0.30362995773818602)
 (0.12082515671591433,-0.43623637626596656)
 (-0.11750693741169432,-1.3225801972431104)
 (-1.0386061976099412,0.62220106363392946)
 (0.052497603694676979,0.35978961859526437)
 (0.67745178506381321,0.46917384024386893)
 (2.4260451155333165,-0.77902507012511624)
 (-1.0178228680961245,0.040904783455507576)
 (-0.21174511806618354,-0.060053215847079872)
 (-1.0130496275438432,0.52218209162928275)
 (0.4432990663948021,-0.37668051311798101)
 (-0.53113487735902443,0.4614543253804847)
 (-0.76041710942311136,0.17659507055698798)
 (1.2728893521151778,-0.093671125954546963)
 (0.21646038962317538,-0.16973998612707192)
 (-0.092063308251897027,-0.062076204939986876)
 (-0.67320036521476434,-0.58472829554968186)
 (0.54452371778232611,-0.080069984202396222)
 (-0.41751200553076373,-0.57202963080003877)
 (-0.14354841779396299,0.44671999771190574)
 (0.13736453839840745,-0.2947567898633241)
 (-0.75211614902974122,0.8352145353277356)
 (0.21705077434108486,0.16598884106234488)
 (0.26240100866966842,0.11541522535071649)
 (-0.17704889011459723,-0.37762038703219003)
 (-0.086882037094404355,-0.033524745931245228)
 (-0.07518160505115766,0.14110637341934201)
 (-0.39388821004136876,-0.51158991151766886)
 (-0.27537983406454519,0.024699952744793849)
 (0.25357357804508229,1.302489334353272)
 (0.15046769507502841,-0.159540327431651)
 (0.92091386442069956,-0.5850244628164587)
 (-0.34923859757454928,-1.2458277062528007)
 (0.96071448366844037,0.89102199644712299)
 (0.13287446454566151,-0.16901497071761049)
 (-0.82300280440563989,-1.4346729951745145)
 (0.47175575949191295,0.0045807028539737449)
 (-0.41340367885988111,-0.047469386800065183)
 (-0.61158594291312574,-0.19872231898320591)
 (0.35092695330672657,0.90714536946999536)
 (0.2475964474550861,0.07199734790811449)
 (0.32123563646193631,0.44779300760838814)
 (0.79593537962884076,-0.47156859553447783)
 (0.20635378339118665,-0.97399868959097591)
 (0.16621322852947223,0.43000832328001398)
 (-0.10753852077302309,-0.051697468249175517)
 (-1.5242929423248834,1.5582339766049493)
 (-0.28868158213774731,0.51555010739264917)
 (-0.33831641916646676,-0.86325753498166846)
 (0.71826562362172397,0.039200193330790167)
 (0.40813167849177368,0.68826524692979874)
 (-0.21075104418306001,0.10686855470254879)
 (0.25519641143750876,-0.91845244067206644)
 (-0.9484261377059825,0.30732835544022796)
 (0.96030528903126056,0.68668307106172743)
 (-0.46819944852563461,0.82233292750855091)
 (0.00078706992417587607,-1.1398408847210699)
 (-0.6582463685732286,0.32280656920677447)
 (-0.6382768796359648,-0.13209063843511709)
 (-1.0029123331926399,0.5332355158641956)
 (0.065468014179644929,-0.33869063967106017)
 (0.14146329605142202,-0.82667583622003693)
 (-1.63452506036323,0.16716445369157396)
 (0.047475862259118998,0.35600050536545408)
 (-1.0115586257626228,0.86226355594207549)
 (0.49081128243204797,-0.1197402011754474)
 (-0.56386922293217256,0.32476040610098844)
 (-0.77018016884090779,-0.14068769897065209)
 (-0.087890867267247458,-0.26789871713952929)
 (0.79129081270861557,0.058880835681721866)
 (1.242615856411615,0.043896276650224886)
 (-0.24423808238903291,-0.26038009598552897)
 (1.5233049491809201,0.38855868510511538)
 (0.16376534923833341,-0.092073769475715161)
 (-0.79072978233011637,1.1568524311842134)
 (0.47988246134339874,-0.26199634578863157)
 (0.92360719112955136,1.2534786296896767)
 (-0.22752520353780836,-0.45458465728678876)
 (0.99337540557746462,-0.8181821832664562)
 (-0.049990156076703485,0.28571144981690688)
 (0.57373754519921594,0.5284795777992648)
 (1.3230162906261549,-0.050181532898964099)
 (-0.96932351484241452,-0.038834634460682804)
 (-0.35582165330905002,0.34280774962684046)
 (0.15211080278397326,-2.3162416775390247)
 (0.087314567762368761,0.30379593769886487)
 (0.85901758083995872,0.042641734683404819)
 (1.4623911883894456,-0.1859341788198019)
 (-0.56028346836067655,0.0037507037514185049)
 (0.67449411299656448,-1.4434364895482614)
 (0.35286106522762312,0.13022739382472279)
 (1.2735546875031534,-0.85522669414663577)
 (-0.22894728885885682,0.13324718431333418)
 (1.101274373048752,0.65355130292470232)
 (-0.28336389247143623,-0.28978888625791743)
 (-1.8013182010395201,-0.16967628609511759)
 (0.024351611258087068,-0.095929231248106955)
 (1.1533498487385823,-0.64492687187948006)
 (-0.4447254553463742,-0.49137259423632629)
 (0.38487007239572518,-0.25001959543156166)
 (-0.61515004971753795,0.2959124093656576)
 (1.282496213417043,0.604489397691514)
 (-0.30059558569221623,-0.85784629234625442)
 (1.4580752798770078,0.81027149711971358)
 (0.41257553807953784,-0.15683369650865284)
 (0.93324937843202771,0.39011247600983812)
 (-0.026997862027828445,-0.44010505513689513)
 (-0.47463536923696825,-0.6994121819922724)
 (-0.10416295500349441,-0.021548361763573595)
 (-0.28623852371879294,0.080125773300696632)
 (0.16197463078664637,-0.41852249064489372)
 (1.0327011650111422,0.58234785338739681)
 (-0.16769905683983388,-0.3945762037155649)
 (-0.073995366496666604,0.011004469782614986)
 (-0.2540518377490848,0.059560682202634857)
 (-0.28913940114203313,0.29599549872005732)
 (0.073309547664275332,0.72155420839373663)
 (-0.22845556831266983,-0.9602507941469548)
 (0.29182185788214676,-0.11135362286866637)
 (-1.7323494197331621,-0.25546004849224724)
 (-0.3472639890106744,-0.012474059124219838)
 (0.79608471273329662,0.98330598017065285)
 (1.5007154194681875,0.32957371357304166)
 (0.42070443658090678,0.41411261731529037)
 (0.054526182405337298,-0.66150659090912511)
 (0.78534890116795786,0.84242710138466814)
 (0.048518510921243263,1.4319962530279688)
 (0.68922590712289877,-0.65486000837033953)
 (0.08433887040307092,-0.65540967865052679)
 (-0.36478702953722331,0.10292924932219824)
 (-1.622385305731288,0.26756570319349843)
 (0.60935870874649112,0.093910792517038183)
 (0.045837901541243856,0.27690234788833534)
 (0.31070576086828794,-0.81628595325307129)
 (-0.094183806020708888,-0.51692043853623071)
 (0.20659968638615106,0.10017916696800355)
 (-0.18356778992437264,-0.31514628975737347)
 (-0.10667491602744764,-0.48658237957841455)
 (1.4964522388951416,-0.43858943165496878)
 (-0.84614161925847875,0.051069982045154727)
 (0.107782719950307,0.73641351574506209)
 (-0.32919041695091772,0.011635029948781642)
 (-0.16083037309211173,-0.24943966214144669)
 (0.18165765885399271,0.72272897390863966)
 (-0.18571198770449723,1.2546381055799825)
 (-0.00064775120910953721,0.53551641589855747)
 (0.058305869088407791,1.1355787445211192)
 (0.19839364314194755,0.24354855747513396)
 (-0.05378833366733788,-0.04073419901750714)
 (0.39288372827258983,-0.097667161232543473)
 (-0.62068427674736593,1.0975249966817786)
 (-0.1508070527577805,-0.21633125427257593)
 (-0.32258327922299246,-0.074836795393730254)
 (0.22899906141652465,0.46799374742323818)
 (2.1855455520503373,0.90281153024819272)
 (-0.15483715214099325,0.52277348006544033)
 (1.6358582492880263,0.79112962812840659)
 (-0.18551518466484421,-0.48461681965629533)
 (1.6900547188312562,-0.27524208965185604)
 (0.1626496776588667,0.045923530925784883)
 (0.88567541062668931,-0.57977012818109164)
 (-1.3554407577804171,-0.13342452520366116)
 (-0.60266423448870832,0.72152967826320968)
 (-0.20112864624192567,1.6234949089693265)
 (-1.0630597967944344,0.71339651455406516)
