# Created by Octave 8.4.0, Thu Dec 11 09:47:22 2025 IST <gamana@Samsung>
# name: rayl
# type: complex matrix
# rows: 2048
# columns: 1
 (-0.073223172104556394,-0.092757847877701971)
 (-1.7435473822507115,-0.26781554464489182)
 (-0.78580713142880843,0.51967980071246012)
 (0.53654595774277758,0.89986989087026292)
 (0.23590868748651136,-0.077218830298782848)
 (0.77882620946423686,-0.63231652107658998)
 (2.0076482779687916,-0.068561435804040283)
 (0.38934906470423908,0.89964678914593543)
 (0.77099461847491069,-1.025997647377269)
 (-2.4226104415821164,0.40540896620019962)
 (-0.38266506322431426,-0.38437236092675164)
 (0.21648681725248692,0.20255422254170108)
 (-1.2089579339361385,-0.18616071053570193)
 (-0.7669957263867242,-0.71916802657109513)
 (-0.67148517413596087,-0.80084832148535767)
 (0.12793652126331082,0.26993497304586134)
 (0.23880536184687196,-0.052103249275740851)
 (-0.030827809436157927,1.8185173181121295)
 (-0.82017162041976943,-0.29954580165527389)
 (0.21425716526427599,-0.23612639765978388)
 (-1.0769220293014945,-0.56432563438193184)
 (0.26469813191161068,-0.3839512433089618)
 (0.058574160931370897,-0.030846818866901396)
 (0.91220898600191669,0.30002060463353492)
 (0.46735230482259149,-0.43310962000578812)
 (0.9087913857533314,0.34097444985391506)
 (0.95401314219365052,0.50781151852811035)
 (0.83179891012315887,-0.058087976329763646)
 (0.087763598070272425,-0.2439195522057028)
 (-0.35850384161325011,-0.078214229934038842)
 (-1.4540226572465635,1.1757180445204005)
 (0.39964562856123931,-0.55474139055756932)
 (0.071674202898811046,0.96371676812514173)
 (-0.34527498013361402,0.028383633189375673)
 (-0.33436743317599155,0.29264702305804796)
 (-0.062139169601065122,0.14455736824129828)
 (-1.197262913682992,-0.66728076935686254)
 (0.25604565311463445,-0.91440209155987484)
 (0.32982588891532871,1.0651904455511274)
 (-1.6448512874524004,0.79324527263789801)
 (0.78858787312593803,-0.58403928825126539)
 (-1.356240092057122,0.42218131006309856)
 (0.25282841824274643,-1.8676604755999899)
 (0.081635426384151277,-0.91872875925171527)
 (0.4819029760825691,-0.072244619140969343)
 (0.16520290239157653,-0.11826818167413139)
 (0.98064126889638825,0.28613275498393997)
 (-0.61884795090720013,-0.45755097455184501)
 (-0.1273727528407799,0.42638316185189279)
 (0.37537987045907806,0.85962520516792973)
 (0.90963715944334866,-0.82632933222598937)
 (-0.62707485121242657,0.95543929927991333)
 (-0.39796940442506579,0.59105116439917205)
 (1.6245687466905081,-1.5800124959830053)
 (0.088537180568061064,-0.071464726877928153)
 (-0.60982896260854647,1.15010104898899)
 (0.57908675921808461,0.073275808957343369)
 (-0.46828230055106879,-0.66495712574143162)
 (1.1142053502159532,-0.10650453244746561)
 (0.73080774224435041,0.42605237884316416)
 (0.10913906047216437,-0.4773805394161138)
 (-0.23351184480078205,-0.24294648689495821)
 (0.58819165803507412,-0.95234879504107872)
 (-1.2402619559739878,0.11693443848156709)
 (-0.45424054379382062,0.26787736139505475)
 (-1.340848849414739,0.140253856570556)
 (0.58141381721044649,0.10465987291899972)
 (0.02581531662893783,0.090226212228178226)
 (-2.2909304545659399,0.037942540845431472)
 (0.72592176367909766,0.095994516984802103)
 (0.18177475832465595,1.1183428970256768)
 (0.15621261355845431,-0.67558932948104011)
 (-0.72757855906117386,0.58842795606758969)
 (0.80919127655024226,-0.37352106653634909)
 (0.2413048370546573,0.22328514253871498)
 (1.1919001828869134,-1.7554523064965235)
 (0.95461809408494247,0.54509253578708661)
 (-0.43527510918680595,-0.21013575500347353)
 (-0.406479564455408,-0.5165987195952475)
 (-0.44797098583689832,-0.16921865446747719)
 (0.80933840495320752,0.30822097849615626)
 (-0.3809083067807314,0.82097310019370817)
 (0.18881544652543936,0.097764346211954123)
 (0.32792440333219164,0.21092797420239118)
 (-0.77091273283919315,-0.31272020036762993)
 (-0.17964735575606139,0.53288740889031572)
 (-0.63624767106824653,-1.0129318407502699)
 (-0.20472780220385045,0.35442477661099553)
 (0.17647300056299015,-0.61427374777722732)
 (0.32061432565281317,-0.40636442958963326)
 (1.2101041591554949,-0.063290361791619287)
 (-1.3010282507495563,-0.96236389350487173)
 (0.16048861330067235,-0.36377567823377144)
 (0.43671371653122998,0.43911904422579001)
 (-0.9687783975771308,0.48528527387836606)
 (-1.19811242442375,-1.3887220149658179)
 (-0.72682280990788184,0.83810157319845324)
 (0.35912379494563063,-0.75846350535255314)
 (0.27504779929142381,0.015368748023484632)
 (-0.39272410903933097,-0.25948082955942586)
 (-0.1635201553608919,0.33834140779344202)
 (0.83021719599291022,-0.59475973845191121)
 (0.80571996053023431,0.89573446782743615)
 (-0.2432265712455095,-0.25139212430850344)
 (-0.2556569889894606,0.27720250033849719)
 (-0.65749690915968562,-0.088546398523423706)
 (-0.53328256501804017,0.54855351163076449)
 (-0.081211640742722066,0.21161753139540601)
 (0.34081198838553978,-0.70390348661950419)
 (1.0674730433233122,0.33010367497088411)
 (-0.46767443655638907,0.36847201980204497)
 (0.75096643824910569,-1.8577209695162826)
 (-1.9315619370690764,-0.50562634817707963)
 (-0.62382452648657882,-0.13109832629596241)
 (0.33976629463587155,0.10064512367113182)
 (0.16859943366245078,-1.946383612944907)
 (0.4773737337276634,0.19205140598731518)
 (1.0555588707595045,0.11010779776780766)
 (-1.2550514434872435,-0.22020665600495748)
 (-1.389161297979125,0.8670336672300667)
 (-0.33759032014952861,1.2208624461025834)
 (-0.84861841522260661,0.31138774078791603)
 (0.26858310100833915,-0.19376318828943068)
 (-0.93871563592712404,0.71998417401222436)
 (0.62030643454515277,1.0796777542508424)
 (0.60692476345878998,0.9911717228294723)
 (0.85098659380428032,-0.26025334399213168)
 (-1.8575564291113333,2.0786791555646413)
 (1.1699184959158431,-0.41252123886720776)
 (0.24614782357654716,0.084086930253039288)
 (1.0540051722972061,-0.29397317418443225)
 (0.72673283321745841,-0.012854252978873271)
 (0.1859773277905073,0.07554437202176395)
 (1.0835646490011024,-0.52336080885772396)
 (-0.15850471267568045,-0.90175197705084986)
 (-0.19426220163434799,-0.069207073432293542)
 (-0.0012859765953405489,0.29385756195403728)
 (0.26236630017274276,0.20250289136358135)
 (0.2012605353008276,0.23133205509427274)
 (0.10253339694313335,-2.06427204984952)
 (-0.27937710003503258,0.11217584277437687)
 (-0.27002316480810851,0.48117668927029789)
 (-0.064330915360902297,0.17651515956376088)
 (0.078880389463275594,0.27811879555058755)
 (0.32525327520329117,0.4462220305929836)
 (-0.45772454484452474,-0.018292233126471574)
 (-0.0032754792796642323,0.034174902057886841)
 (1.2360426340173887,0.18645891438398021)
 (0.18974997414126649,-0.30110204704390731)
 (-0.014318626609028606,0.86115615061152095)
 (0.087532716998424215,0.11865697684270457)
 (-0.36896981835855952,1.2235295357497147)
 (-1.0719723441948799,-0.47103578450693201)
 (-0.58664117092350643,-0.51944731470076577)
 (-0.21580459025944343,0.90403272121022626)
 (0.46728785332153672,-1.2553420257933228)
 (0.61715621802947374,0.12288609859971689)
 (0.12861220638432719,-0.055042931758197619)
 (-0.24596720638354971,-0.27662957326380078)
 (-0.57638581728978688,0.92355483015092033)
 (0.6518462516676875,-1.2812152679695985)
 (-0.65836303688745701,-0.39334682080307143)
 (0.64284086599566703,0.32279288608722706)
 (-0.561100769759453,-0.76746374242450721)
 (-0.061086818868619275,-1.051386836788432)
 (0.61716596131018175,-1.8062816562766417)
 (0.81090722241033864,-0.67435278126572007)
 (-0.48345418680286922,0.099947736478780469)
 (0.38527159188473431,0.3802806331117915)
 (-0.29479450540152047,0.70896552334156104)
 (0.20404454836726274,0.020747767807451273)
 (-0.70640540723522371,-0.5084287474196556)
 (-1.2411342756921357,-0.41369821369741727)
 (2.1888181804788385,-0.30381819121426212)
 (-1.6973688968154321,0.037741146583960772)
 (0.72906090125287948,-0.44329223301144816)
 (-1.2053647507202854,0.67975629692067563)
 (0.23561294610156069,1.4470219178877386)
 (-0.22507601280506512,-0.96931299898897527)
 (-1.0649058372751168,0.27057214647250322)
