# Created by Octave 8.4.0, Thu Dec 11 09:47:22 2025 IST <gamana@Samsung>
# name: rician
# type: complex matrix
# rows: 2048
# columns: 1
 (0.43942066342479674,0.2462904959406203)
 (0.093147361401503231,0.31457366671556686)
 (-0.68239133729349088,0.50015331345700265)
 (0.99097069277517713,0.304648382357603)
 (0.49150655913490737,-0.4603243538358569)
 (-0.2412920367394758,0.76043849291845589)
 (-0.83155951058816546,-0.91611505589091036)
 (1.7866830481430567,1.5099642018737596)
 (-0.094260319653959701,1.0977788531338553)
 (-0.47705604217051045,-0.10764388451658102)
 (-0.74669222222896925,-0.17275967001182074)
 (-1.0058919983226797,-0.13231970469509019)
 (0.11766340775381826,-0.81842138021628486)
 (-0.10154248967407266,-0.30530292390398039)
 (1.2160493443419669,0.86849913536330914)
 (0.80742884242526047,-0.87690378275867342)
 (-0.40480643093319407,0.46694449597165544)
 (-0.023188343342371368,-0.24048195643022385)
 (-0.21132720544167685,-0.1843735086851381)
 (0.88848427705433752,-1.4405808792557615)
 (-0.18773913749713517,-0.16948215584183868)
 (0.19548050572281037,-0.041391623737589672)
 (-0.35494057736017232,-0.34400224102115856)
 (0.52341745044122323,-0.52321110423025941)
 (0.33569501455049067,0.098060349780834735)
 (-0.57614367673279177,0.38793675737532085)
 (0.69582599080428298,0.89647861207326729)
 (0.2258612827024867,-0.39231241123729199)
 (-0.89258201417342675,-0.40928764538003315)
 (0.26289572873004469,-0.47067194026962161)
 (-0.67990188964303599,-0.3685247231512141)
 (-0.36688602370785356,0.49935858147550921)
 (0.43525594287164543,-0.72894560792216057)
 (-0.21531092756477932,0.35551130470014669)
 (-0.2587226358060673,-0.22638508587736964)
 (-1.1423692576960567,-0.11623058446188106)
 (0.50100636803062581,-0.89564136785934589)
 (-0.032471092856490233,-0.0014778788085470541)
 (1.2605151707077491,-0.28982641805635362)
 (-1.3926291636160297,-0.39272332656979769)
 (0.052797971694042718,0.13605258390160327)
 (-0.70020453752437573,1.1364910108871644)
 (-1.3495112122829049,-1.0655899468740169)
 (-0.42488440432181074,0.26387599394496142)
 (0.12419048493970208,-0.42022745152154817)
 (-0.79665750671443536,-0.11483079190450596)
 (0.48632135141361404,-0.8715987375060652)
 (-0.32273941667371486,0.23971890421129735)
 (-0.39885701150339098,0.35170828776980018)
 (-1.4758468086581296,1.1045529638818712)
 (-1.1121466901025281,1.3219036994396332)
 (0.32375216302128657,-0.51343824524307391)
 (0.086087246772901083,-0.90238664047293105)
 (0.011065850760326013,-0.67630152728886528)
 (1.7115744805767434,0.57188669313586127)
 (0.64609914714384264,0.35112019160325258)
 (0.20570620525429942,0.18483897457848578)
 (-0.023794792762811157,1.3273254200645197)
 (-0.32531222097984974,0.19270802114802293)
 (0.40460116194803086,-0.45449147515319788)
 (-1.210243525887911,0.56543386311810051)
 (0.91462679971315108,0.48576179992740787)
 (-0.27203435227535872,-0.39221746563338206)
 (-0.68671424781061252,0.35124653563584352)
 (-0.68984059700043443,-1.29413722565234)
 (-0.98706523655988976,0.39097961059679198)
 (-0.32244507095784813,0.27204555336857095)
 (-0.39245637922772425,0.10825483750845909)
 (0.083739194433780917,0.33148601556859325)
 (0.10146844427496576,1.3256288968868681)
 (-0.29023718858521547,0.60244367247358976)
 (-0.20553212605344448,-0.13219828181622789)
 (1.2385515046623508,0.32392349953829169)
 (-0.84944925269193328,0.46179112937679567)
 (-0.073324268208287802,-1.1055555885601711)
 (0.11024645338452518,-0.40660244809582535)
 (0.14781714764973425,-0.62158838899778124)
 (0.17334557229605249,-0.019432705604053246)
 (0.95505600870529483,-0.12557017824457661)
 (0.48749730858256574,0.106021321653543)
 (-0.993119368534081,0.6688135965575287)
 (-0.020812009014324777,0.11763312697594834)
 (-1.0544086900311698,-0.099710864875862615)
 (0.41991777659414237,0.19039295101048631)
 (0.5412237180455346,-2.2236638842394156)
 (0.88811468625459467,-0.27594871199607907)
 (-0.37701774244266162,-0.97708239085296411)
 (-0.42457220768205861,0.17711936293259778)
 (-0.17937966951938067,0.42401301750088238)
 (-0.026480875713168005,0.25779835776232063)
 (0.282745703219139,0.095640075765760821)
 (0.32087899827840699,-0.33731150168806628)
 (-0.72120702389960223,1.4250601024490333)
 (-0.43970191424748573,-0.22018919056304687)
 (0.87197215996320476,0.54092817683402861)
 (0.93280041488069521,-0.6346701374303616)
 (0.39409004889185684,1.4751277143157753)
 (0.30427668457014678,0.2564051193582475)
 (0.40850746733357224,0.46790462716869485)
 (-0.082957385435555753,1.1942875779625359)
 (1.2796909347280241,0.47063325934771233)
 (-0.29362291520426753,-0.50674148271018604)
 (-0.37361934484101322,0.012467155318270612)
 (-0.89828606939525613,0.82167683829425653)
 (-0.19427104165409387,-0.9431066042438121)
 (0.92493794052558809,0.31355749169986641)
 (-0.94497032259237557,-0.1635562156114837)
 (-0.949977978412194,-0.50221067341553183)
 (-0.27880136503118935,0.022954300635814828)
 (0.42824791275319535,-1.2877032232148484)
 (0.27919178054676996,-0.059296580214494396)
 (0.66800005644443949,0.33545485449465728)
 (-0.29510144824767282,1.2909437258966452)
 (0.31918320949051143,1.163694736440696)
 (-1.376920500844582,0.80780800512232953)
 (-1.0179231369747945,0.6095701556613875)
 (1.381871585801816,-0.31621245383465468)
 (0.92673909322802017,-0.54604690676778977)
 (-1.1852174528930639,-0.46207090479953433)
 (-1.0446814263210829,-0.19817753468899507)
 (1.0311511760855718,-0.11761585005278977)
 (-1.1646708424423933,-0.15184620514359282)
 (-0.72532132514753922,-1.0218507821837173)
 (0.62880642451773539,0.96215570947488582)
 (-0.1073855342488246,-0.65436161238470536)
 (-0.19637139985595881,1.5657273879172529)
 (-0.66179432447885833,0.28030381935273907)
 (0.28376423595095568,-0.30472718084918082)
 (-0.60788859345939361,-0.097584161977108244)
 (-0.6286023196685967,-0.58528482570733076)
 (-1.0894507087918706,0.2610088072367554)
 (0.77605001631322756,-0.64034459258914023)
 (0.49545089417564347,0.79965269894709312)
 (-0.90753803333423133,-0.65046919130355929)
 (-1.1975402750717312,0.28346881678296559)
 (0.029300776561754636,-0.021025818733764797)
 (-1.6719633568360195,-0.25394653644344772)
 (0.3229002122349644,1.0200964527719663)
 (-1.4392033453642561,0.7505895407015355)
 (-0.17567955108662586,-1.2552050169057121)
 (-0.83089687347535945,-1.2672098540599837)
 (-0.77288576237549633,0.14298091413430469)
 (-1.1523070590588751,-0.70198158763950969)
 (-0.048523131892051929,-0.59409220009932973)
 (1.2729831078741451,0.92112667981561247)
 (-0.38555116661087513,-0.38673581174988819)
 (0.93065422440301471,0.69662734679414062)
 (-0.49912640041544909,-0.027302515127121368)
 (-0.19546049061699949,-0.70870692233626753)
 (-1.2637849129694196,0.47567007443382497)
 (-0.57854612230588409,-0.54919250620209004)
 (0.1716892932240352,-0.45199412935151356)
 (1.0774135422865727,0.88649252994807659)
 (-0.17801466296011648,1.0603489716940124)
 (-0.76417489841181829,-0.66055544360048102)
 (0.26501912082921031,0.33073737260754477)
 (0.45167089887763689,0.50920919861611746)
 (-0.27023279373376285,-0.59046830650757909)
 (0.8207996633039647,-1.0395872876435588)
 (0.3347077757021224,-0.4880453456200643)
 (0.74990849646873436,0.55657316143800606)
 (0.34077256120726773,-0.31496314208001341)
 (0.8751602852244722,-0.19936242334210014)
 (-0.53131199644135896,-0.34488666771236676)
 (-0.32587554092113807,0.85640596036549377)
 (-0.98036221089108955,-0.24582202055117927)
 (-1.2238047731885393,0.41857379825950247)
 (0.5794236578610743,0.30605260632353704)
 (0.12370932193573056,0.30451504022439824)
 (-0.30354952143217895,1.4200510799245341)
 (-0.9607206916454929,-1.1266953711769683)
 (-0.35948779559385474,0.34031157414518026)
 (-1.3606235891617422,0.14470245451634173)
 (0.017442942000710143,0.75705688521453307)
 (-0.7102001489873927,-0.51657988794117315)
 (0.3901525153798292,-0.44264826904389976)
 (-0.019294511578970497,-0.91428838681628677)
 (0.015717201415663407,-0.91976297680072039)
 (0.45951142895527419,-0.40421120586520143)
 (0.19860471910120808,0.86589187063655737)
