# Created by Octave 8.4.0, Thu Dec 11 09:47:22 2025 IST <gamana@Samsung>
# name: rician
# type: complex matrix
# rows: 2048
# columns: 1
 (-0.19551498646412366,-0.56263786091870194)
 (0.47120386915635593,0.25891895741501031)
 (0.49104266012474235,0.89546799413778522)
 (0.33618197378328396,-0.72337574602425436)
 (1.2401436971671063,0.0737669189687577)
 (-0.77135443035110385,0.36245190014848588)
 (-0.8886704653419556,0.92680039493933875)
 (0.60922978776863645,0.9823342698473837)
 (0.71790985042763233,1.2100040768220364)
 (-0.13317022127570444,0.60589113991534638)
 (-0.39086737122029913,-0.54582568494872763)
 (-0.18740354556225985,-0.40383115910101847)
 (0.35207854323350041,1.1009308275447041)
 (0.67950175053106698,-0.78389733247900084)
 (0.63364833147180621,-0.35832021207467168)
 (0.48210774912522025,-0.19814589097019922)
 (-0.77177265827071162,0.40617666878922043)
 (-0.71506835379482436,0.36933055605491322)
 (0.24906555833868707,1.2901032509504828)
 (-0.73557069107592521,-0.29911431265965915)
 (-1.2641317981887743,-0.57608638679157953)
 (0.0016518696097341523,0.69657916595874902)
 (0.022490599174579573,0.68808841523877429)
 (-0.39598223525837384,-1.2023894725530706)
 (-0.1968785919056335,0.23041741891237116)
 (0.56205391353743495,-0.33208090329988771)
 (0.40430904465671469,-0.37852229417199929)
 (-0.30037987813199296,0.1165260990773038)
 (0.36816010759530454,1.0828946623627507)
 (0.51134514116405005,-0.175483880293273)
 (0.53016197610169224,1.3361892770243167)
 (0.22676177655336177,-0.13548879249257034)
 (-0.40779674275639022,-0.65129071531513039)
 (-0.20815276900771265,0.32669559785110996)
 (0.43392513778229141,-0.64325958038879172)
 (-0.38553239918852072,0.057459546175895326)
 (-0.61058371378303522,-0.47970282043168683)
 (0.51911167564047311,-0.092248816578759052)
 (0.82900636766761204,1.4550698252599725)
 (-1.6019995630487156,-0.76064250258434263)
 (-1.9119275852690669,-0.51918705362264161)
 (0.9039256705723886,-0.60787411384202206)
 (-0.2228982265968325,0.98506414063950443)
 (0.34549825388173772,0.87598497273381803)
 (-0.10452839842953726,1.1176815782594185)
 (-0.41810224884175029,-0.62247802633163563)
 (-1.3661683070743569,1.0133301127283574)
 (-0.43859611203659787,-0.67330260097686845)
 (-0.13462817389666709,-1.1980490213646391)
 (0.72167771498157429,0.64061579816683922)
 (0.027570794034701362,-0.74803095596874325)
 (-0.75930076869996133,1.2211372287279443)
 (-0.61713239568137435,1.4943637213240273)
 (-0.72668105614930967,1.1045038300117289)
 (0.4161780491651238,0.14747186230818421)
 (1.4448249657951935,0.80091072325894785)
 (-2.2747177010363839,0.098108788898364274)
 (0.27327425811558759,1.0980185362608339)
 (-0.81641819360407297,-0.94275349941254516)
 (0.51962457661753036,-0.23796502370380956)
 (-0.16810717722564666,0.033613927487902054)
 (0.23228066947791981,-0.15809130868515403)
 (1.0314590087312989,-0.96000608477815008)
 (-1.1140410560777725,0.91217587510911868)
 (-0.090635030240042269,-1.0389746248971305)
 (-0.74100615364672962,0.27072718255450784)
 (-1.0767714285694923,-0.30764035491988917)
 (0.16066313958376188,-0.29916001211326776)
 (0.62970459785470645,-1.0280206743134237)
 (-0.45205920044795167,1.3003099614892215)
 (-0.22808820977831867,0.45636465690130423)
 (0.77515692851451612,0.48936238110705926)
 (-0.026517194877190564,-1.02747919835032)
 (-0.23056321393089829,-0.58697426135842556)
 (0.69257971378328242,0.72536760998608585)
 (-0.70868508943459207,-1.169822165942729)
 (0.53102129839397838,0.50456710863721088)
 (-0.95058099071674729,-0.61212730781299507)
 (-0.26677863926081968,-0.13005077024180309)
 (-1.2425783898038263,0.2706010055086524)
 (0.2351997144087046,0.91425979322269191)
 (-0.26092593226381888,0.50168072478783843)
 (0.11485013912659656,0.23621037288322719)
 (-0.99767590821759078,0.038445808903470269)
 (0.76622643250860478,0.53985927037478132)
 (1.0363136108953768,-0.51871586020366167)
 (1.7105811524535701,1.6104150926189984)
 (0.091241533602816116,-0.29055674308221757)
 (-0.60320998258067882,0.011530107103847026)
 (-0.54512603870164578,0.85192816902188484)
 (-1.1366294865745858,0.63246776076537259)
 (-0.43953191460335339,-0.56575116333034359)
 (-0.3657118161314965,-0.20580728751548535)
 (-0.60352843171034776,0.09898314227735433)
 (1.1588186988741878,-0.56775481808544703)
 (0.8906435083770905,-1.1190838071622982)
 (0.73032494392724934,0.014637843553187146)
 (-0.79156279970536947,-0.54247015753508909)
 (-0.39722837432015823,0.22080730169267826)
 (0.54639568918079995,0.62520784172182309)
 (0.45406024566121539,-0.37234958912808658)
 (0.72082526010973813,0.81332155421210417)
 (-0.76216796939657949,-1.1774901863718035)
 (0.61965112314006199,0.016828405910966265)
 (-0.39221000228880942,-0.45004018929831446)
 (0.46314671386840406,1.1370352941307786)
 (-0.074556996575834922,-0.45359241424288166)
 (0.27477779713383615,0.46848738648028793)
 (0.77334941759115972,0.0050921492006867908)
 (-0.71550322424566337,-0.6973031132745573)
 (0.49735026740655874,-0.43654491128720196)
 (-1.0483218971312294,-0.24890493586401158)
 (-0.13386396195793637,1.1590138392763771)
 (0.080273103484849964,0.24079503964587251)
 (0.057196448990393195,0.24498721758136946)
 (-0.56528174651968488,0.0061290805572104534)
 (-1.2661037797753476,0.027426831890378867)
 (-1.3248924884819084,-1.2431934382994561)
 (-1.0720427892108015,0.6119431687020167)
 (-0.3068312402716758,-0.32684614638852594)
 (-0.84753348634020786,0.28813586478956654)
 (-1.0092574262479834,-0.084211754544256612)
 (0.34000743659780874,1.3205478399455317)
 (-0.81928828091455086,-1.2369530410782645)
 (1.2608699143337185,0.32163498718103362)
 (0.30501476015665852,0.54596976492597382)
 (0.1087686402178932,1.1443113479136442)
 (-0.56795106879844581,-0.54354731277830193)
 (-1.5966324689295714,-0.57238088372743701)
 (0.73660600357057793,0.93722946090248827)
 (0.96282311766956119,1.1103080153425147)
 (-0.80463607294201178,-0.36029826295203782)
 (-0.063789692494973432,-0.34753989968278787)
 (-1.039349522314468,-1.170670098674113)
 (0.25292471875864841,0.14130966156221345)
 (-0.085800056779750319,0.078724111456276682)
 (0.11147771640353152,0.91705726967147105)
 (-0.30729912696883532,-0.10318821839655613)
 (-0.79916361357817955,-0.072097566391729401)
 (-0.55622117065576926,-0.22143787048213134)
 (0.45503408549271879,0.015686844768199371)
 (-0.47609597835779316,-0.30506219641948984)
 (-0.25210802865950932,-0.26895395616261886)
 (-0.24043575581766008,0.4507011951218447)
 (-0.21341541453898927,-0.34747673880264451)
 (0.49757248081691335,-0.69102295901222388)
 (0.15639024334698926,-0.2041794231767049)
 (-0.52406844197385949,-1.0899868254209333)
 (-0.5495241048402989,-0.73925178687874116)
 (1.6216422514029276,-0.82131330581167772)
 (-0.29202397666179575,-0.11830367626355598)
 (-1.0600384257920843,0.53536702311814022)
 (-0.21449091407427978,-0.33962865889352345)
 (-1.2233859093300699,0.49977682131394796)
 (0.030490821682155445,0.65792749975516673)
 (0.65472589164183859,-0.26898470721727075)
 (-1.2418183894842361,-1.0554675889110066)
 (-0.83719314871573391,0.0022729233208523825)
 (-0.0074812021500169912,0.29510392419464848)
 (0.41791457597838638,-0.3883299091565538)
 (0.63423012988638328,-0.42158317144756569)
 (-0.12295874660624684,0.8776750025079787)
 (0.39181454306186309,-0.45157065116544964)
 (0.71038387310746198,-0.44751537061008195)
 (-1.228819306733222,0.12113733877384614)
 (0.87353291969331381,-0.21634635573906785)
 (0.81281396481435053,0.56034790743275487)
 (0.51352712426149483,0.61209406736396488)
 (-0.67218862453190764,0.5933173113119965)
 (-0.13823240440759593,-1.0919914614605513)
 (0.072653993147729773,0.47494825729193058)
 (-0.29659221320215651,-1.0199758828258674)
 (-0.39111216503481139,-1.4290641620112408)
 (-1.4759033801828081,-1.1348028016222984)
 (-0.76070870743113239,-0.72548606147115224)
 (0.23166160067559499,-0.31054560192310421)
 (-0.63631487999554248,0.44396912246212478)
 (-1.9596532599765988,0.86324786018725053)
 (0.67265099086651214,0.20923113289571993)
