# Created by Octave 8.4.0, Thu Dec 11 09:47:22 2025 IST <gamana@Samsung>
# name: rician
# type: complex matrix
# rows: 2048
# columns: 1
 (-0.32537784240484813,-1.5226683102094267)
 (0.16067595800161055,-0.31008482443228025)
 (-0.27324134836981978,0.25681848586141959)
 (1.087578244050746,-0.3347459329359207)
 (0.58171884188197076,-0.54909660445265773)
 (-0.79668978625759534,-1.5356471521665924)
 (-1.0114127475163051,0.076731795819538928)
 (-0.87147544698233315,-1.2036893083559763)
 (-0.28072029335190679,-0.32479275302809446)
 (-0.41464756588046836,-0.27028548565627586)
 (-0.29910038754813317,-1.5629013189339891)
 (0.7860748139138678,-0.26800966223206096)
 (1.0641209610918991,-0.26117678678148382)
 (0.013444835983691875,-0.032040753962127175)
 (-0.015552965670900087,0.28198906474681357)
 (0.86505099754756365,-0.50396678127360317)
 (-0.69102695480153564,-0.70145728446430589)
 (0.80939671945516456,0.68912720567098895)
 (-0.13802137857680236,-0.79347123006739939)
 (0.32672280967349265,1.6118760301904391)
 (-0.53928811437163393,0.32854248150005322)
 (0.84041930112698404,-0.93320067645074323)
 (0.25371674046005949,0.4015672853084194)
 (-1.1059293551698497,0.19087857569452615)
 (0.34310277768516101,-0.39545380527963286)
 (-0.80270952058294553,0.17725327699836763)
 (-1.6386253503739625,1.1053228961584374)
 (-0.93749008838651793,-1.4968129333293176)
 (-0.89764484317060922,-0.53206751905225835)
 (0.10753740109719362,-0.46815540777414499)
 (-0.46525653177738829,-0.46276746079316999)
 (-0.3396826641529716,0.47172379448440183)
 (0.3034544811408818,0.84555727874396447)
 (0.27540030476146909,-0.41934881528983542)
 (-0.23458847538905878,-0.50408885574083717)
 (0.77655325630758387,0.14474293221580392)
 (0.14424921747204772,-0.39697452222780399)
 (-0.3528841923732951,-0.16040313298425651)
 (-0.25451118282227675,-0.22446826408538667)
 (0.1884916861036319,0.20347473812641476)
 (-0.50979097740400225,-0.24155718876451174)
 (-0.39448892043621397,-1.6455988303646332)
 (1.3139224617368936,0.4667963716416616)
 (-0.94642353272524682,0.56243298156509136)
 (-0.052598190172024828,0.32706865943464131)
 (-0.16194078941121834,-0.13693684147711122)
 (0.085612618670373092,0.23654354453510057)
 (0.58577925214735127,-1.0879528722190692)
 (0.33450643152926518,0.03961069660647723)
 (1.2426429415140308,-0.64432921914244923)
 (0.20204371687645944,0.23801203982125735)
 (0.076267628099824153,0.36983429025331616)
 (0.10634750200869754,0.019901304542793305)
 (0.2942938081538744,-0.87357886154860265)
 (-0.6293646011974442,-0.40111326732601615)
 (-0.24245191330279503,-0.3812041366400678)
 (-0.96331053146242074,0.11446983981715791)
 (0.53650151148633596,0.24620804966651724)
 (-0.63266122326105889,-0.56300947463261153)
 (0.93847763553352981,-0.23302930726090004)
 (-0.67195952555552052,-0.38604240288225122)
 (-0.27486886488253104,-0.21192026522749474)
 (-0.9851333584806049,0.38088306337851513)
 (0.33955283174603046,0.87032750796990688)
 (-0.39597190460627502,-0.24548703843428138)
 (0.45064185549639502,-0.42927044002003079)
 (0.81081482606529087,-0.75572696817433982)
 (-0.40697541587081226,0.59899398173361751)
 (1.1831045582317372,-0.46378054530036089)
 (1.0242065839065495,-0.54077067959862957)
 (0.75198809826816515,0.75659526472260985)
 (-0.440284899625701,0.65422122197482735)
 (-0.53166089357724533,0.19609024223755592)
 (-0.93271909255836827,-1.0207128729615202)
 (-0.66991974590541348,-0.17030204921903594)
 (-0.050343089607426103,0.3691552828165966)
 (0.62646247493547225,0.64501163180749932)
 (-0.34893448227973645,0.91331505046829453)
 (0.51686800531275146,1.4872267433994937)
 (0.38359492333421952,-0.77096722209932267)
 (-0.32331944179307665,0.31945249059588682)
 (0.48851829640993993,0.77342865599987243)
 (-0.34758616243813967,-0.004139591826222172)
 (0.081270888000508801,-1.0985118982694124)
 (-0.34888509594649975,-0.42748346217641975)
 (-0.62764405818018831,0.39950896635479027)
 (0.3519035036666544,0.92577735588585819)
 (-0.53373846362628019,-0.41245532323230116)
 (-2.0454617755726248,1.2881747867521804)
 (-1.5280614069125318,0.65593051675096259)
 (-0.092233807981220772,-0.96182492073542447)
 (-0.15912719431715577,1.0259612208211257)
 (-0.56010600412552336,-0.70054177037100163)
 (0.31402499299573128,0.65833365387173104)
 (0.70999557117093515,-0.99941228613831412)
 (-0.61038652548243988,-0.81850180331986333)
 (-0.034602304141837875,0.79717353486045683)
 (0.27809371637452091,-0.13530438130741135)
 (-1.0012451410063261,0.28008931331571607)
 (-0.074472810451474442,-0.64358772319365565)
 (0.54569896673364493,0.74588703228878506)
 (-0.57759632396607541,0.75891631985440988)
 (-0.036996723753856042,0.48066902305195031)
 (-0.55299402801618869,-0.71848548580123139)
 (0.46098079369414596,-0.4572005494167945)
 (-0.80283018289531971,1.3514602764271031)
 (-0.15621616192400678,-0.24039471890388658)
 (-0.96001246564196818,1.3350252393614161)
 (1.4896125566624989,1.2695020673891495)
 (-0.42620087783381244,-0.71956367966690993)
 (0.11920743264853138,0.1864134312435739)
 (1.3767167405509968,0.16914792797015871)
 (0.17748025022474972,0.022400874106822857)
 (0.070135357333026851,0.048398285261393115)
 (-0.3769396890706555,-0.36805898306807799)
 (1.370319372168705,-0.74259835568014987)
 (-0.68750173207402288,-0.082016767316839184)
 (0.19757995105476539,-0.90173619284126838)
 (-0.50118634586020416,0.41454428188281689)
 (1.851365111730829,-0.61998466754856429)
 (-0.15743271720109564,0.19059567700834934)
 (0.672619886244751,0.74978831420445902)
 (-0.25585061501784434,0.38940882214298489)
 (0.13643311189326629,0.0092479490716095153)
 (-1.5646239634610364,-0.046517748117954838)
 (-0.84409338151951152,-0.13137069794241846)
 (1.315712404866231,-0.70247814100282224)
 (-0.41756823279015942,1.0362830398682186)
 (0.25410319875649506,0.30549995294414217)
 (0.23324576992870538,0.023233652217248706)
 (-0.24242467681038304,-0.63654891441692052)
 (0.50173114280091702,0.76644254031142833)
 (0.30694738394752497,-0.63181046850882394)
 (0.44669368924829489,-0.43264584888575819)
 (-0.55902687147244834,-0.24438067334330166)
 (0.81850489656597658,-0.54982157271551568)
 (1.0473313774381328,-0.66407931802698794)
 (-1.0680099979734294,-0.88913601965448907)
 (-0.64536863579114856,-0.4221443117790723)
 (-0.71958815018311983,-0.40303644957252471)
 (0.21632956764862954,-0.16824480362256433)
 (0.92641820583348167,-0.46497804976225765)
 (-0.15088482360392749,0.15368144855800311)
 (0.13178919792778787,-0.32729294638192602)
 (-0.28857658869327157,1.0427427260718753)
 (-1.077505302584113,0.21180399779833181)
 (0.60357440152071307,-0.0016650755271077622)
 (0.4684533010839429,-0.0095767372733352174)
 (-0.54668459514900003,-0.40900996428794212)
 (0.28362463675222771,0.5070936823685831)
 (-0.22955693763606827,0.36265366873846011)
 (-0.28889113681982098,-0.460212067549643)
 (-1.7924164282171751,-1.221218803571597)
 (0.08177653825849418,-1.7510099307267566)
 (-0.66875802913228044,-0.19037411094566664)
 (1.0970786749224528,-0.29399037626609026)
 (0.030863786782640901,1.5570893215599531)
 (0.11916923424660118,-0.27662330055167128)
 (0.30100215143043052,-1.3684849763138209)
 (-0.26258928316871216,-0.57852818525081973)
 (0.44002853227873023,-0.087255073454333004)
 (0.12330346107073625,-0.54338641840464041)
 (-0.40474709860731872,0.32642088777220335)
 (-0.093282188482191358,0.72429766563277775)
 (1.3863112930329176,1.0184136262040977)
 (0.3137298679274737,0.37350205332357828)
 (0.17064834865196304,-0.38225413421969828)
 (1.1735487035407532,-0.48608285138856588)
 (-1.5254336743886476,-0.6182062662451866)
 (-0.64462177559725742,0.53828763193129681)
 (-1.2202050094784669,0.23211949537741178)
 (0.24982646874294284,-0.48468102460922663)
 (0.75678927523477568,-0.18702518538348789)
 (0.27622096417668623,0.31402923627208884)
 (-1.8813400423000253,0.0078039965545477763)
 (-0.17941925143532861,-0.33136489223703591)
 (1.6666327471886297,1.4948931337202127)
 (0.0692522072458715,1.4324411940115205)
 (1.4322247455207635,-0.29962538251643095)
