# Created by Octave 8.4.0, Thu Dec 11 09:47:22 2025 IST <gamana@Samsung>
# name: rayl
# type: complex matrix
# rows: 2048
# columns: 1
 (-0.21078148404708788,-0.020369809048513737)
 (0.52190610757106226,-0.048659976285718942)
 (-1.189994946181901,-0.19174067700779174)
 (0.1723443579090832,-0.12644469989921131)
 (-1.500267384433001,0.025863965841669168)
 (-0.20564891417880296,0.18084630567156537)
 (0.49806532958092919,-0.098500473842528885)
 (-1.4939741219831384,0.43478914492776977)
 (-1.1017285644486179,0.11293793783810416)
 (0.8899849026384673,0.64409609216002361)
 (-0.14819193982476159,0.18860972676564092)
 (-0.087272407430335625,0.12673572310361986)
 (0.93225676429378868,-0.17308623490755209)
 (-0.10303799857715337,-0.0052105118840260617)
 (0.61006154425073911,0.14368380445896403)
 (0.47581972043458842,0.22795827399937107)
 (-0.30509898171006755,-0.75025250599815596)
 (0.61202039826333665,0.31713158340707137)
 (-0.38592658439769117,-0.083043406259319455)
 (-0.52092811308021503,-0.60686450179061724)
 (1.0641930629467069,0.067363742672480464)
 (-1.3004326076735677,-0.41476524648246904)
 (-0.052505640826844724,-0.25195809962148558)
 (-0.017470931418728797,0.5687277050477656)
 (1.6821918419170183,-0.23160587259927817)
 (-0.045528199932157204,0.40854083552048492)
 (0.32123409053932872,-3.055486185902561)
 (1.2368774186297111,0.18477355338568946)
 (0.68936552303548337,-0.91324475623550794)
 (0.49537291795137006,-0.053801673620372109)
 (0.14069979892858889,0.16096516751212836)
 (-0.16950200318064979,-1.0745590969828998)
 (-0.26133041258903006,0.28949066616542674)
 (-0.27154298257039189,-0.38119704786685743)
 (-0.47424996240839895,0.49697604015438218)
 (0.77844877778370847,-0.39551928294519573)
 (-0.4859436521352456,0.46648842188755246)
 (0.093768184202229848,-0.34667097964126692)
 (0.36341017924099894,-1.531548309411666)
 (0.39074554738021133,0.059377704885856586)
 (-0.64648415229362932,0.71782061238946637)
 (0.35286593462805249,-0.60827252000406407)
 (-0.39826868610678379,-0.066479847252837093)
 (-0.4950023091789848,-0.27898117808356748)
 (-0.40324821578029046,-0.10150409003508817)
 (-0.5032219237473492,-1.5568425620089421)
 (1.1498581629042237,-0.16701940699947904)
 (-0.37770402702948425,0.21334848858030811)
 (-0.0062389428291825255,-0.73491437563599593)
 (1.6215787244728799,-2.2011305586131495)
 (0.65061964722605137,0.42652635878003919)
 (0.22819930608519862,-0.022618619039139753)
 (-0.83369064657105396,0.42856596502643851)
 (-0.22797270373485998,0.37331373663537293)
 (0.33253933276644593,-0.13587688196665909)
 (0.45248631863176825,0.25378531130706811)
 (-0.27774776736733242,0.22202543002993286)
 (0.46779219642057085,-0.83288257860422221)
 (-1.4196008062297929,-0.34985359299792673)
 (-0.51649641284006087,0.42318393190677694)
 (0.66939460354591951,1.5725045398628661)
 (0.7080898177989059,0.534515460160216)
 (0.08245513477882567,-0.43463122848336644)
 (0.63731299105365957,0.49024971568552544)
 (-1.1538599703761812,1.5669987157140157)
 (-0.3906176996496446,-0.47363157956179824)
 (0.64419709757009624,0.13661350147726847)
 (0.55735835101205033,-0.62386843892496613)
 (0.13318487789793632,-0.18741777258871412)
 (0.59075985789716379,0.57619083197444798)
 (-0.1655424836739896,1.3656306583231506)
 (0.16804623576665287,0.60495606558050063)
 (0.27339539461386492,-0.36674554592400782)
 (-0.22584899714227005,0.25160195005572106)
 (-1.4144742974933284,0.042236939806201135)
 (-0.068231071205300309,-0.035748427896338836)
 (-0.63243006774735444,-0.50355226665584363)
 (-1.0802760311708117,-2.0671472707046443)
 (1.010822155793516,-0.0087406009600410894)
 (-0.83203621803649397,1.4582959760531171)
 (0.41719347212280333,0.13561477279873835)
 (0.74635728322051631,0.27317051526819891)
 (0.42959510317654404,-0.03909309369440242)
 (0.56884498941973249,0.56228240572054378)
 (-1.0886419971640156,-0.34341121531282942)
 (1.3637922677248371,-0.85465774606062883)
 (-0.45352421793828229,-0.26244836699856905)
 (-0.68657442738707708,-0.50739315875595814)
 (-1.1078232799427117,0.83022151918120501)
 (0.80073583704374163,0.45824205209656921)
 (-0.17644292527598021,-0.032588588106101851)
 (-1.4122700406842525,-1.6733699011306056)
 (-0.21691890220186372,-0.8757389416317034)
 (-0.18564798614848349,-0.037080192752232663)
 (0.23204217110387479,-0.13245311079396818)
 (-1.2403170992197963,1.1703610653886225)
 (-0.49788622459550602,-0.11746768213694414)
 (-0.62842825827987892,0.92892115452781121)
 (-0.65357749985442926,-1.0457677580383231)
 (-0.3976312292593116,0.5142411331959974)
 (-0.043013886326456016,0.11145921349590786)
 (0.52000121106780961,-0.60468182665270898)
 (0.31246759307028632,0.068297928632325103)
 (-0.26768204643627058,-1.3304583870155813)
 (-0.02397603768372164,0.57464359580328161)
 (0.054480815111631324,0.15559517680680532)
 (0.24804545363569003,0.26150913273241455)
 (0.33318259465544808,0.65992542996416603)
 (-0.90053679398574549,0.80787495421219002)
 (0.44258097943425467,-0.60850385959920039)
 (0.7031812502796202,-0.6548762981743339)
 (-1.1843516477314333,0.55953862890651784)
 (-0.53213809551433355,0.098638973583437178)
 (0.97459092734558028,-0.32015202399732795)
 (-0.33134473078314208,-0.039646304515281811)
 (1.1879732239145413,0.66983625055801999)
 (-0.15385095491902673,0.2781724246736012)
 (0.015945243501555892,0.124896275102702)
 (-1.4418056027122121,0.28191160061019327)
 (-0.80674768710833678,-1.0994391342065541)
 (-0.018897908499464253,-0.34625839922117535)
 (-0.16022844662096333,0.12569882004821289)
 (0.2500937652373032,0.62176611618990085)
 (0.33006516865236302,1.3090127472868294)
 (-0.1390438972725539,-0.81979766529914277)
 (1.3092827341303603,0.9169834471731062)
 (-0.34156289332457401,0.34587557190878149)
 (-0.62692059032554681,1.0782991616561053)
 (-0.45093579472099254,0.193612464743668)
 (0.51674660364066216,-0.56660442645502684)
 (-0.48037039053832953,-0.093243574834820736)
 (-0.41224768430212794,0.33793399557080406)
 (0.42213848378281826,-0.59412702917313798)
 (-0.73221502527143745,-1.2094965343061701)
 (0.86125864842139954,0.1134943219297295)
 (0.42304211736721253,-0.14042677865147413)
 (-0.13642703657251895,-0.15338192231990302)
 (0.1452463818382575,1.1176559558640899)
 (-1.4210489177473655,0.27252043260605496)
 (-0.1681109207787406,0.41868615256028474)
 (-0.37707771797191864,0.12231210610991355)
 (0.0013200732863108133,0.59186257173667056)
 (-0.32171923568652755,-0.16709445446478355)
 (0.46930114584895088,-0.09261961401725885)
 (0.18080879285163431,-1.7935455277713568)
 (0.06402484414110049,-0.46603003238099244)
 (0.077164402598299098,0.035028764676160534)
 (-0.29585534715501699,1.1041507137300639)
 (-0.31462316071218849,-1.0445317732883543)
 (0.093298128512293577,0.097889169068935328)
 (-0.34511487481877645,-0.36339181911652085)
 (0.69889120730238752,-0.20116361796563639)
 (-0.23071666740828012,0.032872075038407958)
 (0.04829970120799091,0.11572488766586778)
 (0.12112328538526232,0.29852360171188541)
 (-0.46289861225438089,0.17369204113343439)
 (-0.47178905878241556,-0.11070072891750699)
 (-0.25525247305215748,0.1117660196811882)
 (-0.15315786651331531,0.78030926973478942)
 (-0.35525950616397284,-0.34770039461661595)
 (0.49550048965236348,-1.1349023760931343)
 (-1.1745052320851141,-1.5482021644485098)
 (-0.14289486915032978,0.045990455584529147)
 (-0.14483703536086728,-0.06188568461009885)
 (-0.91441922252203189,-0.10335713692569742)
 (-0.003921368413659268,-0.26064480977328308)
 (0.16852758974355939,0.99640227089972522)
 (-1.4174163514639626,-0.12481306105462997)
 (1.4279564786073127,0.47939797393961847)
 (0.30454132860648125,-1.4139996763946041)
 (0.29388996181857852,-0.11909486095278075)
 (0.20877594621462151,-0.44747233208124282)
 (0.053936881991389463,-0.12394296943663877)
 (0.36872067675710729,0.40532476458262179)
 (0.62138446048019391,0.81266195846032008)
 (-0.40019506922226683,1.0283008070742778)
 (-0.35220619551191934,-0.68026580294686601)
 (-0.34807443177677932,0.06861092841714686)
 (-0.70494492299037237,-0.018852992277043956)
