# Created by Octave 8.4.0, Thu Dec 11 09:47:22 2025 IST <gamana@Samsung>
# name: rician
# type: complex matrix
# rows: 2048
# columns: 1
 (-0.89236692497271919,-0.68789589598513123)
 (0.06008351407230772,-0.51887706357729535)
 (0.37250019641964249,0.36416995263762819)
 (-1.4619680219056648,1.5170589487027344)
 (-0.43676050806091971,1.2497391243066081)
 (0.55355487914058454,-1.0399002104362296)
 (0.73034268949878645,-0.14527613736641151)
 (0.4440079463522032,-0.85815989462093145)
 (-0.98517734290055459,-0.22820550581339361)
 (0.074769636123134975,0.89143461024848591)
 (1.0038922396605994,1.1829798960405604)
 (0.64784735719308484,-0.46166272819483745)
 (-0.47017995584563366,0.91829747377904969)
 (-0.74811036526419961,1.1624957714141899)
 (0.55160092974966779,-1.4258046122337464)
 (-0.32581779211026529,0.73329199588948435)
 (-1.2285018942387989,-0.69329726981808082)
 (0.10982671010444039,-0.058165481475645701)
 (0.25924475611457487,0.48335615881643923)
 (-0.94281734394175776,-0.070276674989298155)
 (0.34557590105161989,0.12027383960732667)
 (-0.10826009687189095,0.62913760102815941)
 (0.41722927828059114,1.1747905578394813)
 (-0.3145380595602974,-0.41116891976355557)
 (-0.24700564144270371,1.0265305463932883)
 (-1.1913653307156236,0.66515716039567785)
 (-0.41034193552498505,-0.18010548395753628)
 (0.73962974301380291,-0.059675117811951284)
 (0.0011020396605097571,1.0969792407840506)
 (0.12293084372032818,-0.77190668287652986)
 (-0.05148142672622516,-0.23994003987817811)
 (-0.36132870965932551,-0.12980070574279126)
 (0.16638099424493044,0.44728707193175132)
 (0.68662783587485199,-0.037316853318914989)
 (-0.52271812124365225,1.4714409560533097)
 (-0.14476407147003556,1.110241873649658)
 (0.70322250554732257,0.051812913108605585)
 (0.67854110353746178,0.56457535671245518)
 (0.5659978434005688,-0.1647640338793088)
 (-0.20833092299940328,0.43240274725261307)
 (0.68008721217525403,0.49682156066572625)
 (-1.2083033669919658,1.4391313047191063)
 (-0.086642449345825601,0.45552050603336208)
 (-0.50872465265220734,0.95458946172825521)
 (0.3551362554675247,0.26718447816770075)
 (-0.74926197907516401,-0.17968822101455312)
 (0.11809517851766214,0.33152799256532917)
 (-0.16414201418888863,1.1420099426179839)
 (0.12586641087974149,-0.23346012568211172)
 (0.75880246907644322,0.32229334022703604)
 (-0.46042838929217828,-0.15663291529837492)
 (-0.32341535546152334,-0.22235556324087458)
 (0.28686376922626766,0.69801348120141027)
 (-0.24491623420513908,0.715744197888593)
 (-0.13055657476299753,-1.604892377791725)
 (0.099569827028839153,-0.9026831645843113)
 (-0.31441492327040105,0.17599083111878011)
 (-0.90543902739844373,0.27125117610906851)
 (0.39710433566495712,-0.13700949488596664)
 (-0.29977518277408777,-0.10543206571019988)
 (-0.60485820723379613,0.33207974783184863)
 (-0.68161881674214553,-0.29881767235988321)
 (0.35516535911752783,0.34578110585590788)
 (-0.54293270810677408,0.14769580018841849)
 (-0.49573891781812918,-0.22737359754300793)
 (-0.03721030673022685,-0.96236197738613793)
 (0.062915625278002957,0.15430641891107832)
 (0.65253006372119704,0.46542614693748752)
 (-0.3231104462014926,-0.21573262930810863)
 (0.071754817549399497,0.39675967392909339)
 (-0.67695413174366914,-0.17365280480963563)
 (0.94565346670390271,-1.1734675165126764)
 (-0.29737393158520237,-0.38383083485395114)
 (-0.45843255827587021,-1.235367246792801)
 (0.99053852581188906,1.023895081929268)
 (-0.12836460453945797,1.0082711553252837)
 (-0.053095975573610843,-1.1500329156181432)
 (0.88175239495789615,-0.20807170223773364)
 (-0.16344928073936532,0.61351719617519851)
 (0.12657860520476177,0.31972828139131704)
 (-0.30759082971440521,1.0535946553807003)
 (-0.34935305316711462,0.33072218426259237)
 (-0.7603548310419419,-0.44427998550898307)
 (0.092275970028521476,0.013829722132328449)
 (-0.99650211329212812,0.10621056130405648)
 (0.12609743796009901,0.1871619955956941)
 (-0.27809132280661569,-0.9348280082230298)
 (0.31180485721850648,-0.32768406720105869)
 (0.97522053240710083,-0.65167206741583583)
 (0.55566004805049329,0.54079622994593646)
 (-0.63648372511757312,0.45985977442244946)
 (-0.40328935065859051,0.068457411780943889)
 (0.36657825028292668,0.61147560504204168)
 (0.0030733287855561897,0.4782112724450156)
 (-0.37581012674888692,0.46175269926292684)
 (-1.7444688638806944,0.39462792930113466)
 (-0.46780935676905172,0.5836744984115696)
 (0.73662521997219954,-0.029984748117758864)
 (-1.6326996050429177,-0.50240755680771831)
 (0.0011038796966579834,-1.0497934875387538)
 (-2.0170550851400377,0.40605839182380898)
 (-1.4977548515655303,-0.40602211066373178)
 (-1.1237213810616211,1.5559134118520928)
 (0.39518730235715116,0.30391054991118993)
 (-0.74867503211724784,-1.0897975371183453)
 (-0.0050356546186946516,0.7077130305719268)
 (0.87618103059836505,-1.123398878791354)
 (-0.8798512272128225,0.15903942875718441)
 (-1.0076303568703489,1.4069960513563782)
 (0.69386558388983233,0.025078610061275403)
 (-0.25421233972458229,0.49014750847563343)
 (0.25320230018836704,0.75419329885002551)
 (0.17805992598942672,-0.75924620160160217)
 (0.20156306301296206,0.39665237719470098)
 (-0.38120951068491338,0.24177568564626606)
 (-1.7157440690704691,0.65992103953769443)
 (0.86451664488015934,1.5643201008768346)
 (-0.41909951799759848,-0.20433642952173056)
 (-0.14626720484643052,-0.85173724482726321)
 (0.68509285896170147,-0.31441276911829807)
 (0.95398954857072993,-0.38934068120326171)
 (-0.038743950072461175,0.083859286941499286)
 (-0.12600281818103523,-1.0681072359631936)
 (0.68477338313222591,-2.123095616850684)
 (-0.5413159172024451,1.1360919502966065)
 (0.006070271287598239,-0.6956406364468285)
 (1.3906866942436922,0.078206021005990334)
 (-0.78249438025679796,0.32862248699748797)
 (0.82496241076290711,0.16626216268330854)
 (0.38702292737944877,-0.65736536439816651)
 (-0.91055129928192802,0.30838912751692532)
 (-0.21051517986604898,0.53337329601519279)
 (1.6192852666140618,0.49673782658138221)
 (-0.017371608108080944,-0.29472291029257081)
 (0.91658291051493201,1.0578481928688739)
 (-1.0280356789861833,-0.56890513596748105)
 (0.28666599515258068,-0.78154792942488593)
 (-0.20150104813663028,0.27882532328161441)
 (-0.092584341519362456,-1.1809119935100181)
 (-0.16483152004354684,0.22362907511245406)
 (-0.96487814785324921,-1.2047596212622484)
 (0.018826842428964652,-0.71236269353809667)
 (0.18201762268851421,-0.34715744008872373)
 (0.031963368598102948,-0.59356293222635137)
 (-0.23974646608161876,-1.2411613116631814)
 (-0.84545568711555874,-0.10891901041073429)
 (-1.6163352646266476,-0.16647522193393438)
 (-0.34053167534640394,0.74381393285640507)
 (-0.24203785254074914,0.56197138908446509)
 (-0.57902912823119812,0.9130255893085012)
 (-0.58852465504921836,0.57482848027205902)
 (-0.44139471034052397,-0.15516919410789792)
 (-0.52064110239044981,-1.0970901801448136)
 (-0.32388026400130321,-0.17870616927518312)
 (0.31991170405911207,0.0715041722325441)
 (-1.3149935173888319,-0.9225236301401083)
 (-0.70669098451183321,0.94734601676199526)
 (-0.45878587713236973,0.89983247991290705)
 (0.46558046649093565,-0.68198920130570329)
 (0.2177606851444269,-0.83651489302984217)
 (0.04397866352739338,1.2232439952771561)
 (-1.4126961051759184,0.031332298771467093)
 (-0.66460356747452998,0.90900661709098018)
 (1.0687187010080117,0.56485701203735439)
 (0.30424848741281418,0.16425612185986538)
 (-0.28123334369236286,-0.057954631683770214)
 (-0.62826622960633172,0.571689406046897)
 (1.9853252675804913,-0.93112266085617157)
 (0.52859599877613439,0.74226668884728964)
 (-0.1791586205723828,-0.0051989577731175879)
 (-1.1847667857460147,0.10527263499010603)
 (0.36131187443516904,0.5870157732407254)
 (1.2002498020292107,0.54218985509143269)
 (0.14495461528459064,-0.36349473881215144)
 (-0.77162760731196123,0.02550957284304195)
 (0.90033759323904894,0.45099883078758868)
 (-0.69730423429416599,0.39701379018044114)
 (0.28030919993214326,0.36786805893819202)
 (0.55765386532358907,-0.23818763521626568)
 (0.33158252407796618,1.0189438272512639)
