# Created by Octave 8.4.0, Thu Dec 11 09:47:22 2025 IST <gamana@Samsung>
# name: rician
# type: complex matrix
# rows: 2048
# columns: 1
 (-0.94405177878041679,1.313179102617487)
 (-0.1187909273007236,-0.33360115935343115)
 (0.5878192720503117,-0.93925507771782757)
 (0.22961914570005415,-0.3779285047420996)
 (0.017752423884510704,0.44710502166778138)
 (0.95260825872969868,-1.2617323061215395)
 (-0.92035477969571344,0.89683280016310407)
 (-0.76570174304376271,1.4079555415616982)
 (-0.48195520342113568,-0.35574568037666648)
 (0.27239632347615628,-0.036660824455983093)
 (-0.64150689855265641,1.0143711408684952)
 (1.3590465699426864,0.30278242434862657)
 (-0.15959634804315315,0.23456984808464987)
 (0.66231408443379869,-1.2297715768515152)
 (0.66291304919275884,-0.34194814701180221)
 (0.78482246959128699,-0.7495011151187464)
 (-0.8569537236274376,-0.10175561273189052)
 (-0.40556316961800948,-0.21175768365620623)
 (-0.61277851946735318,-0.5493418220554015)
 (0.37843868868107211,-0.1926110662008611)
 (-1.3660898047150447,-1.1405375315512474)
 (0.91580163105576484,-0.059545941459426488)
 (0.09408242819353288,0.33161678884631718)
 (0.34297276021249473,0.23886904782052962)
 (0.46546545455642713,0.23770096541174729)
 (-0.26543344507620292,0.28506506837705126)
 (-0.39062028200042986,1.0542256997145512)
 (0.43554367140518024,-0.76175290991686373)
 (0.98333416698387988,0.41649434454515161)
 (0.39682318166393782,0.40297979404936179)
 (0.48908838242031921,-0.37379338670600626)
 (-0.34614849971428785,0.20975108131637835)
 (-0.40091377632833125,-0.49755037485656128)
 (-0.35512981845852098,-0.24042815228511649)
 (-0.54609989724829266,1.0033289321133041)
 (-0.46305769384407974,-0.31777627379342727)
 (-1.087421725521784,-0.0048086762788350779)
 (-0.23465197768956383,-1.0215498290787295)
 (-1.5877463431011762,0.77531216945617132)
 (-0.72835694118997263,-0.045833533137496663)
 (0.73442967410759974,0.71667963771421839)
 (0.51617422434685101,0.98386331578433039)
 (0.21270211239708164,0.35635134022689247)
 (-0.79457201776930542,-1.1098712293975697)
 (1.0175854585584978,-0.51276212877531213)
 (-0.19469430057049469,-1.0909123056118288)
 (0.41460124541041571,-1.1191301378100378)
 (-0.26736753464284158,-0.23420712677060326)
 (-1.8476966118180189,-0.70161369502069493)
 (-0.21531387421133036,0.47639068465003803)
 (0.92947852339431847,1.7112917853252592)
 (0.57421063058887845,0.57549169085416707)
 (-0.53092626860585757,-0.34376574332313092)
 (-0.19367168040529231,-0.097934717344353384)
 (-0.48875661922842906,-0.10251133051544883)
 (1.076537431784619,-0.098561654825112449)
 (-0.066430839089403726,-1.4411669394150191)
 (0.90084323154478985,-0.38839320806147448)
 (1.2158821126307213,-0.13001415010085809)
 (0.80039114682977897,1.2431072482490728)
 (0.40921139566234199,0.85056305450003411)
 (1.1048799127760693,-0.84388501214784095)
 (0.44189352965590278,0.77408511394145696)
 (-1.1066644801423615,-0.2305573215099124)
 (0.4409357543852091,0.62967530338396493)
 (0.63431439954379587,1.0506430177713484)
 (0.32752084076111349,-1.0905348323757287)
 (1.3033927160497181,-1.7293884513485802)
 (-0.8098369481852199,0.081237904049145271)
 (0.81114454489279308,-1.0778187662780505)
 (1.1339096938382376,-0.54055953039267113)
 (-1.2433696561310297,-0.44363758941877951)
 (-0.22944529515430911,-1.3204918223873396)
 (0.24902748171903819,0.18341209113848481)
 (-0.81240822616437181,-0.56190945271753678)
 (-0.32353691291572417,0.79352238904919348)
 (0.21957088468974451,-0.16451885832318919)
 (0.53602842380391136,0.36552824775267723)
 (0.75572125476599394,0.31450079747483001)
 (-0.013349562007067717,0.27435701870008694)
 (1.0025905846478733,1.2216293293103928)
 (0.069436040496406226,1.3470927190585478)
 (1.3184024618160795,0.57124975034935743)
 (0.19077007471531232,-0.28067441112264707)
 (-0.73422918693207384,-0.7585990681341368)
 (0.29965020059863978,-1.4087428906382564)
 (0.12430972796716019,0.076745714670155868)
 (-0.91732961631383714,0.13368488180662333)
 (0.78977890528987871,0.31298221880891003)
 (0.26547939462817916,-0.44909251199674188)
 (-1.2819864910381422,-0.099795616868090242)
 (1.3251314310129891,-0.69421512035811928)
 (-0.46357338593218766,0.75897971655241292)
 (0.57578941506816039,0.58072670057090237)
 (-1.0401909343000704,-0.23472412311238222)
 (0.16247596890504576,0.06875572941153632)
 (-0.94776255683970689,-0.073309761599434031)
 (-0.88022240376527039,0.86079707993826404)
 (-0.48310993157542337,-0.56381949137693654)
 (1.6415898750558806,0.31191572100856607)
 (-0.0543418580017992,-0.050357957589772025)
 (-1.1725270546210436,-0.44049194780291084)
 (0.51577458639600471,-0.25810606347130988)
 (-0.11870902121358531,-0.3604292016775954)
 (-0.52986823858094256,-0.089956558425858868)
 (1.7356870951781023,-0.42789022097579221)
 (-0.46398417180097395,-0.94048846409895626)
 (-0.55732484628192158,-0.9383209321451621)
 (0.35860707396931835,0.076329492343362004)
 (0.053689711451478966,0.61069525400716596)
 (-0.16496355198787652,-0.041472833960370638)
 (-0.37655942248340285,-0.16001659714753264)
 (-0.27780882334473794,0.38581878074916293)
 (0.4034765472203331,-0.82285906827654176)
 (0.40811400307964285,0.25660402804125171)
 (0.22442285481429433,0.25571593026793543)
 (-0.45780065018911548,0.49394570536573912)
 (-0.32547207128528105,-0.22522008567729573)
 (0.2401394247117403,0.62873828398114473)
 (-0.37061597996483575,-0.15121359214298388)
 (-0.40559578184844258,-0.060885799074331032)
 (-1.0640232285479878,0.18646065944192838)
 (0.23883285232093487,-0.29607192118339143)
 (-0.14760842084124523,-0.76024189660331087)
 (-1.1810053037171349,-0.76909112338818364)
 (-0.24912956353915716,0.34863284996877686)
 (-1.1618979620578642,0.35612411781573272)
 (0.027015079876221398,-0.64742524828075876)
 (-0.42926769835036982,-0.60244060689055168)
 (-1.24613904383852,0.44120541332352836)
 (-1.0626602973024872,-0.6221880584136692)
 (-0.32602257104872012,0.10497829999965043)
 (0.93582351787184004,0.75567552094536017)
 (0.58124241237088092,-0.55496781761257763)
 (-0.19305411505179731,-0.047712565637021712)
 (1.2089047020264649,0.23548509469262752)
 (1.0577430788437612,-0.78201295028006634)
 (0.062595863250904771,0.72349800919812091)
 (-0.82746378377441065,-0.67706941389165809)
 (0.56272874776733595,-0.32808763407614572)
 (-0.26086022190182945,0.34129775408729235)
 (-0.25389892752008031,-0.52586076760579514)
 (-0.68937113397387473,-0.1581203062522436)
 (-0.88465813425381823,-0.8125232018833759)
 (-0.5234822677535339,-0.19920985928734336)
 (-1.2695029594785034,0.49722905063547573)
 (-0.38134797701018219,1.6285180085004367)
 (-0.56472854640414105,-0.24399046448524836)
 (-1.1682049367631233,1.5630048394635518)
 (0.43406968440055982,-0.15758954076960038)
 (-0.84609015629561868,0.053768701420817355)
 (-0.51024954494256081,0.035122383609030111)
 (-1.148471931628678,0.56220143104402598)
 (0.12725137783511048,-0.33588937287343285)
 (-0.76003186332924588,-0.89752072883569212)
 (-1.0021107663685196,0.59184165135088063)
 (-1.5874496536640816,0.65804776528229358)
 (1.7891235132327452,0.38520601604171273)
 (-1.1293164947340342,0.016010330963365405)
 (0.40598159866885764,-0.25452143896410961)
 (-0.29182305122132307,-1.1643694270431955)
 (-0.036610180016361127,-0.58756071114836783)
 (-0.50485514830742417,-0.19247972384159323)
 (0.16327614087748943,0.56376620618460094)
 (-0.73998120790328947,1.0632792279044092)
 (-0.046274588740155359,0.37677169840425273)
 (-1.1988428463400891,-0.0060079415019398397)
 (0.3195981150139352,0.42672652790984511)
 (0.70266178363514753,-0.59659076318299864)
 (-0.057172249173623318,-0.83219639316121696)
 (-0.36967320290869604,0.34916674386243091)
 (0.5533355520048695,-0.049244252235628866)
 (-0.37289868917688285,0.29980527137520913)
 (-0.40714885395752159,0.016011234993225501)
 (-0.13229899111949039,-0.060042824714073809)
 (-0.26535094954233102,-0.26519777307543208)
 (-0.6917209061211671,-1.1179851228959476)
 (-0.48364930262237293,0.72691245512015967)
 (1.098406219254993,-0.68250484740958228)
