# Created by Octave 8.4.0, Thu Dec 11 09:47:21 2025 IST <gamana@Samsung>
# name: clean
# type: complex matrix
# rows: 2048
# columns: 1
 (0.94923965620490502,-0.31641321873496836)
 (-0.94923965620490502,-0.94923965620490502)
 (0.31641321873496836,-0.31641321873496836)
 (-0.31641321873496836,-0.94923965620490502)
 (-0.94923965620490502,0.31641321873496836)
 (0.31641321873496836,-0.94923965620490502)
 (-0.94923965620490502,-0.31641321873496836)
 (-0.94923965620490502,-0.31641321873496836)
 (0.31641321873496836,-0.94923965620490502)
 (-0.94923965620490502,-0.31641321873496836)
 (0.94923965620490502,0.31641321873496836)
 (0.31641321873496836,0.31641321873496836)
 (0.31641321873496836,0.94923965620490502)
 (-0.31641321873496836,0.31641321873496836)
 (0.31641321873496836,-0.31641321873496836)
 (0.94923965620490502,0.31641321873496836)
 (0.31641321873496836,-0.94923965620490502)
 (0.31641321873496836,-0.31641321873496836)
 (-0.94923965620490502,0.31641321873496836)
 (-0.31641321873496836,0.94923965620490502)
 (0.94923965620490502,0.94923965620490502)
 (0.94923965620490502,0.94923965620490502)
 (-0.31641321873496836,-0.94923965620490502)
 (0.31641321873496836,-0.31641321873496836)
 (0.31641321873496836,-0.94923965620490502)
 (-0.31641321873496836,-0.31641321873496836)
 (0.94923965620490502,0.31641321873496836)
 (-0.31641321873496836,-0.94923965620490502)
 (-0.94923965620490502,0.94923965620490502)
 (-0.31641321873496836,0.94923965620490502)
 (-0.94923965620490502,0.31641321873496836)
 (0.94923965620490502,-0.31641321873496836)
 (0.94923965620490502,0.94923965620490502)
 (-0.94923965620490502,0.31641321873496836)
 (-0.94923965620490502,0.31641321873496836)
 (0.94923965620490502,0.31641321873496836)
 (-0.94923965620490502,-0.94923965620490502)
 (0.31641321873496836,0.94923965620490502)
 (-0.31641321873496836,0.31641321873496836)
 (-0.94923965620490502,-0.31641321873496836)
 (-0.31641321873496836,-0.94923965620490502)
 (0.31641321873496836,0.94923965620490502)
 (-0.94923965620490502,0.31641321873496836)
 (-0.94923965620490502,0.31641321873496836)
 (-0.94923965620490502,0.94923965620490502)
 (0.94923965620490502,-0.94923965620490502)
 (0.31641321873496836,0.94923965620490502)
 (-0.94923965620490502,0.94923965620490502)
 (-0.94923965620490502,0.94923965620490502)
 (0.31641321873496836,0.94923965620490502)
 (-0.31641321873496836,0.31641321873496836)
 (-0.94923965620490502,-0.94923965620490502)
 (-0.94923965620490502,-0.31641321873496836)
 (-0.94923965620490502,-0.94923965620490502)
 (0.94923965620490502,0.31641321873496836)
 (-0.94923965620490502,-0.31641321873496836)
 (0.94923965620490502,-0.94923965620490502)
 (0.31641321873496836,0.31641321873496836)
 (-0.31641321873496836,0.31641321873496836)
 (0.94923965620490502,-0.31641321873496836)
 (0.94923965620490502,0.94923965620490502)
 (-0.31641321873496836,0.31641321873496836)
 (0.94923965620490502,-0.94923965620490502)
 (-0.94923965620490502,-0.94923965620490502)
 (-0.31641321873496836,-0.31641321873496836)
 (-0.94923965620490502,0.94923965620490502)
 (-0.94923965620490502,0.31641321873496836)
 (0.94923965620490502,-0.94923965620490502)
 (0.31641321873496836,-0.94923965620490502)
 (-0.94923965620490502,-0.31641321873496836)
 (-0.94923965620490502,-0.31641321873496836)
 (0.31641321873496836,0.31641321873496836)
 (-0.31641321873496836,0.94923965620490502)
 (-0.31641321873496836,0.94923965620490502)
 (0.31641321873496836,-0.31641321873496836)
 (-0.31641321873496836,-0.31641321873496836)
 (-0.31641321873496836,-0.94923965620490502)
 (-0.94923965620490502,-0.31641321873496836)
 (-0.94923965620490502,0.94923965620490502)
 (0.31641321873496836,-0.31641321873496836)
 (-0.94923965620490502,-0.31641321873496836)
 (-0.31641321873496836,-0.31641321873496836)
 (0.94923965620490502,-0.94923965620490502)
 (0.31641321873496836,-0.94923965620490502)
 (-0.94923965620490502,-0.31641321873496836)
 (-0.31641321873496836,-0.94923965620490502)
 (0.94923965620490502,-0.31641321873496836)
 (0.31641321873496836,-0.31641321873496836)
 (0.94923965620490502,-0.31641321873496836)
 (-0.31641321873496836,-0.31641321873496836)
 (-0.94923965620490502,-0.31641321873496836)
 (-0.94923965620490502,0.31641321873496836)
 (0.94923965620490502,-0.31641321873496836)
 (0.94923965620490502,0.94923965620490502)
 (0.31641321873496836,-0.31641321873496836)
 (-0.31641321873496836,0.94923965620490502)
 (-0.31641321873496836,-0.31641321873496836)
 (0.94923965620490502,0.31641321873496836)
 (-0.94923965620490502,0.94923965620490502)
 (-0.94923965620490502,0.31641321873496836)
 (0.94923965620490502,0.31641321873496836)
 (0.94923965620490502,-0.94923965620490502)
 (0.31641321873496836,0.31641321873496836)
 (-0.94923965620490502,-0.31641321873496836)
 (-0.94923965620490502,0.31641321873496836)
 (0.94923965620490502,0.31641321873496836)
 (0.31641321873496836,-0.31641321873496836)
 (0.94923965620490502,0.94923965620490502)
 (-0.94923965620490502,0.31641321873496836)
 (0.31641321873496836,0.31641321873496836)
 (0.94923965620490502,-0.31641321873496836)
 (-0.94923965620490502,-0.31641321873496836)
 (-0.94923965620490502,-0.94923965620490502)
 (0.94923965620490502,0.94923965620490502)
 (0.31641321873496836,0.94923965620490502)
 (-0.31641321873496836,0.94923965620490502)
 (-0.94923965620490502,0.94923965620490502)
 (-0.94923965620490502,-0.31641321873496836)
 (0.94923965620490502,-0.94923965620490502)
 (0.94923965620490502,0.94923965620490502)
 (-0.94923965620490502,-0.31641321873496836)
 (-0.94923965620490502,0.94923965620490502)
 (0.31641321873496836,-0.31641321873496836)
 (0.94923965620490502,0.94923965620490502)
 (-0.31641321873496836,0.94923965620490502)
 (0.94923965620490502,-0.94923965620490502)
 (-0.31641321873496836,0.31641321873496836)
 (0.94923965620490502,-0.94923965620490502)
 (-0.31641321873496836,-0.94923965620490502)
 (-0.31641321873496836,0.31641321873496836)
 (-0.31641321873496836,0.94923965620490502)
 (0.31641321873496836,0.94923965620490502)
 (0.94923965620490502,0.94923965620490502)
 (-0.94923965620490502,-0.94923965620490502)
 (0.94923965620490502,0.31641321873496836)
 (0.31641321873496836,-0.94923965620490502)
 (0.94923965620490502,0.31641321873496836)
 (0.94923965620490502,0.31641321873496836)
 (-0.94923965620490502,0.31641321873496836)
 (-0.94923965620490502,0.94923965620490502)
 (0.94923965620490502,-0.94923965620490502)
 (0.94923965620490502,0.94923965620490502)
 (0.31641321873496836,-0.94923965620490502)
 (-0.31641321873496836,-0.94923965620490502)
 (-0.31641321873496836,0.94923965620490502)
 (0.94923965620490502,-0.94923965620490502)
 (0.31641321873496836,0.94923965620490502)
 (0.94923965620490502,0.94923965620490502)
 (-0.94923965620490502,-0.94923965620490502)
 (-0.31641321873496836,-0.94923965620490502)
 (-0.31641321873496836,0.31641321873496836)
 (0.94923965620490502,-0.31641321873496836)
 (-0.94923965620490502,0.31641321873496836)
 (-0.94923965620490502,-0.94923965620490502)
 (-0.31641321873496836,0.94923965620490502)
 (-0.31641321873496836,0.31641321873496836)
 (-0.31641321873496836,-0.31641321873496836)
 (0.94923965620490502,-0.94923965620490502)
 (-0.94923965620490502,0.94923965620490502)
 (0.94923965620490502,-0.94923965620490502)
 (0.31641321873496836,0.31641321873496836)
 (0.94923965620490502,0.94923965620490502)
 (0.31641321873496836,-0.94923965620490502)
 (0.94923965620490502,0.94923965620490502)
 (-0.94923965620490502,0.31641321873496836)
 (0.94923965620490502,0.94923965620490502)
 (-0.31641321873496836,0.94923965620490502)
 (-0.94923965620490502,0.31641321873496836)
 (-0.31641321873496836,-0.31641321873496836)
 (-0.94923965620490502,0.94923965620490502)
 (0.31641321873496836,0.94923965620490502)
 (0.94923965620490502,0.31641321873496836)
 (-0.94923965620490502,-0.31641321873496836)
 (0.94923965620490502,0.94923965620490502)
 (0.94923965620490502,0.94923965620490502)
 (-0.94923965620490502,-0.94923965620490502)
 (0.94923965620490502,-0.94923965620490502)
 (-0.31641321873496836,-0.31641321873496836)
