# Created by Octave 8.4.0, Thu Dec 11 09:47:22 2025 IST <gamana@Samsung>
# name: rayl
# type: complex matrix
# rows: 2048
# columns: 1
 (-0.75961944716563357,0.38758556695756863)
 (0.057854868514225444,0.5657841180839096)
 (-0.29283577365554386,0.52470537025868125)
 (0.079942963735846084,-1.2470751753558447)
 (0.3105983918797437,-0.21361215496500718)
 (-0.86840824712372899,-0.91536840532110897)
 (-0.14603483943028756,1.0251219617395055)
 (-0.69898482909968851,-0.17098524050946767)
 (-0.54905601883661714,0.051735924296990796)
 (-0.35315614788946625,-0.05790153028403508)
 (-0.16373310634971888,-0.48838156572550168)
 (0.61721092274212053,-1.3201761572619033)
 (-1.7474400252217859,0.39154037451194068)
 (0.81737754367622584,0.51827323513691803)
 (0.063329096597244436,0.27137703895852078)
 (0.072747387582342532,0.97933864196886633)
 (-0.27800582071403102,2.4561765253055841)
 (0.20388567153022658,0.78122552603591022)
 (-0.09235998170548021,0.62237826388542705)
 (0.69355200030709541,0.57677859026148559)
 (1.1082368620250769,-1.2071650340300764)
 (0.21555778714250101,0.22005827514681819)
 (0.30290354117263074,1.4265904217689425)
 (-0.94523535756676791,-0.37082108185715723)
 (0.012551869990960918,0.7801037243296155)
 (2.5894498620088999,-0.53260712845645752)
 (-0.056947308368260896,-0.39019319749870018)
 (0.041502136703841591,-0.44575079739466528)
 (0.70456056159005154,1.4703473180294508)
 (-0.84145454125399677,-0.29579083402849959)
 (-1.3253323820143543,1.28744163938344)
 (-0.13862116038645581,-0.12209910634322393)
 (-0.35268134703615089,0.13120018828498831)
 (-0.1396172784278622,0.11299361404726775)
 (0.72656137938704402,1.3309906955969717)
 (0.37099600545858508,0.48238780835562828)
 (0.0023999895405892591,0.32356748820233949)
 (0.40657138493052492,0.0047478127292524264)
 (-0.16017736853499318,-0.6151181698961774)
 (0.035927291529266075,-0.20887147254794272)
 (-0.99056866676648803,-0.86082219017370665)
 (-0.7975709808801581,0.88212145638888606)
 (-1.1565273002730485,-0.31578798105013761)
 (0.17846692517355839,0.1153951055917834)
 (-0.035871144607780792,-0.47117873700942442)
 (-0.17131448115399356,-0.23264457336640065)
 (-0.30618411592588829,-0.094546428919265471)
 (0.99638658709265826,-0.66000289069587459)
 (0.23129815710040524,0.84523284250764064)
 (-1.0761970091206225,-0.67368512910928224)
 (0.19315028880477947,0.014085741799666575)
 (0.65792919169534547,-0.092143777886809386)
 (1.1864533563392334,-0.048173640202844537)
 (0.87975449178352738,0.7676113482466258)
 (0.74529242014701347,-1.1535167480124024)
 (-0.6333117854251793,-0.98249931260299639)
 (-0.016202868422406369,-1.3272471385989879)
 (-0.56206621345352625,-0.81650896228759151)
 (-1.2844219785087427,-0.28260733552788675)
 (0.41297244743522715,-0.028782163504466024)
 (1.4793995665201316,0.3089844075025745)
 (0.45835084179806868,-0.46177689488667062)
 (0.001683386534514858,0.47268321480725972)
 (0.068508688055959957,0.067837914399006286)
 (-0.060691864051814426,0.51916894233481381)
 (-0.8816811097038888,-0.74787417786521082)
 (0.082837243903437885,0.5370415677251672)
 (-0.13294444456969967,-0.043638272144547532)
 (-0.58070601050072357,-1.1881424757975148)
 (-0.080988187029386594,1.6991123820951062)
 (0.39313488306313477,0.35073458873900659)
 (-0.040249804003722814,-0.21778934862052701)
 (-0.63906413150429053,0.38338923927869173)
 (0.28367317522471575,0.99650422515655257)
 (1.5004901450554764,0.32169275141678433)
 (-0.0077181291695637422,-0.48934909480064526)
 (-1.1367716244781767,1.2393459175065704)
 (-0.18463971398259621,-0.066788654323604688)
 (-0.22261487677304787,0.37097796136421368)
 (0.22912015338473871,-0.12463047091762178)
 (-0.13932020787161342,-0.99857333674593862)
 (0.45194426766739887,-0.01342024669093192)
 (-0.046860106124038042,0.058366974047847811)
 (-0.88376108717194779,-0.4660418454139264)
 (0.97650081918763298,0.82221817764416216)
 (0.4809427623736775,-0.23158603704975445)
 (0.060035293290916843,0.15274205848882502)
 (0.48889567423989733,-0.54925775491688278)
 (-0.23405587225615948,1.4070253100932986)
 (-1.5314958572244495,0.95357949619909954)
 (-0.70054931998684933,0.53527904028820195)
 (-1.4427641983610302,0.024850389942174145)
 (0.33227671437767781,-0.14224642325094386)
 (-0.38217418352379229,-0.13420721450189457)
 (0.084554235690488033,0.16977134117356896)
 (-0.3475047000381889,-0.76576657747208465)
 (-0.16769725462744697,0.086151324114854738)
 (0.85833350228146454,-0.13363895043836227)
 (1.2519891900587823,-0.17388872122917298)
 (-0.55413048058122905,0.30535514333250574)
 (-1.2446961536784662,0.63256733805604126)
 (0.57730430544621247,-0.40275790052012306)
 (0.52090761330557955,-1.1146658350915208)
 (0.11030350668141342,0.89780183531119362)
 (-0.0099292814707888088,0.55912182872263871)
 (0.14376225434075773,0.2927600940448466)
 (0.2349037591167514,-0.093520834252297874)
 (0.39498198064582457,0.77911528326972634)
 (-0.82513528626261179,0.54638804957638198)
 (0.15587450924064997,0.42847882638480794)
 (0.41833649418177382,-0.22415919043649329)
 (0.17702870771219115,-0.058817201500966684)
 (0.14155559745054391,0.28404458778910252)
 (1.0336906729076731,0.26247135978727654)
 (0.6211506032474976,1.0656300788877413)
 (-0.59185049800303013,0.82178782521852756)
 (-2.3496904386880284,-1.2842704211555334)
 (-0.50954329474736992,-0.64709924635544702)
 (-2.4848273908324074,-0.45511333692618483)
 (-1.4680952610614595,0.53874785702860273)
 (0.29134856354876681,-0.63688349833922553)
 (-0.25892148135919263,1.0721866267540558)
 (-0.8658903679862876,-0.84714788554893861)
 (-0.29482714370644347,-0.11209640989938371)
 (-1.5584908293456619,-0.53013867353476174)
 (0.4436773858486992,-0.12713912783977607)
 (0.2964198228780951,0.20262577063774745)
 (0.35174404490720035,0.39810899631305174)
 (0.30410322694668718,-0.13446380167991534)
 (0.48053535298544431,0.12505312336996727)
 (0.69453734694644687,0.27758742446382056)
 (0.021868494741917779,0.0032109022488777169)
 (0.12214697976299643,-0.48650746331347677)
 (2.6010714439434421,-0.18541951984333505)
 (0.20227932794648881,-0.11156225522147681)
 (-0.28438548686156773,1.1756513833757598)
 (-0.15056335229664752,2.1341628042013956)
 (0.261128355676431,0.94784341961080176)
 (0.12899020435934569,-0.39801546725523429)
 (0.52760911112777664,0.050229708608297591)
 (-0.56047834610090308,-1.4595960594534043)
 (1.2674384143179678,0.44876011975058666)
 (0.22711562884085804,-0.47589763045463718)
 (0.90848980109885868,-0.76542649344014957)
 (-0.04529793741842849,-0.15911871600771943)
 (-0.089040465627083495,-0.32848772599706338)
 (1.8754543506375283,-0.17381131380178427)
 (0.1706201603511884,0.1815245515726765)
 (-0.60447012933903044,1.4973710292441724)
 (-0.30562224661244985,1.6697229671108516)
 (-0.95504215060069753,0.93928157011977453)
 (1.2097576667615408,0.57629396585422699)
 (-0.12232098634548536,-0.53838568911412354)
 (0.41636456346066075,0.014846011016237809)
 (0.18744097181639024,0.22267544748240786)
 (-0.056975998749065226,0.64403027890224984)
 (0.58402617915941901,-0.18721396662128986)
 (1.2600740725728623,-0.7331688638303766)
 (-0.83803852249513289,0.33464907050720571)
 (-0.17182636442576976,0.22780590108189031)
 (0.18754980504076904,0.32481189063120242)
 (0.54251189023226964,-0.63990749658544144)
 (-0.69714392033782624,0.37741522456112392)
 (0.36342401268734664,0.96928635367201377)
 (-0.27082527077823981,0.15716140747039659)
 (0.24622855257222884,0.45550414322504607)
 (0.73970672485055844,0.29962311554534155)
 (-1.003066140290904,0.32536940933086361)
 (1.2268507288946375,-0.78459807193773745)
 (0.03495872886489837,0.7980416277112925)
 (0.063155282409389821,-0.12338048067889369)
 (-0.48721243304000972,0.042438401041563059)
 (-1.5751584418983724,1.3532842215176906)
 (-0.45100081599057168,0.2514202914775831)
 (1.43184539546214,-1.4045401494689838)
 (0.068062813882269979,-0.18734328549985468)
 (0.38435311752959844,0.25965248510377048)
 (-0.31092227029940378,0.55735009012739556)
 (-0.42074967042545441,0.74209523563849333)
