# Created by Octave 8.4.0, Thu Dec 11 09:47:22 2025 IST <gamana@Samsung>
# name: awgn20
# type: complex matrix
# rows: 2048
# columns: 1
 (-0.30537943786458932,-0.29657493995046941)
 (-1.0192210623920512,0.26117541651625414)
 (0.28913093697636805,0.32173639976487883)
 (0.88908009906022312,0.2401660762949713)
 (0.16614395646118094,-0.88406103972912464)
 (-0.92416849744918306,0.32194269997202485)
 (0.97488292516914843,-0.38670861316541971)
 (0.25877701904803241,-1.0045981897091534)
 (0.49086894688299265,-0.3487078657822742)
 (-0.85244782069956659,-0.2337492858030209)
 (-1.0438857691427881,-0.39637211595143185)
 (0.2429904594701805,0.32307584844404996)
 (0.30920940743269582,-0.9142302499286854)
 (1.0608137069308983,1.0258282625578321)
 (-0.91201444071830351,0.90778370914974682)
 (-0.9014859038684454,-0.91471746210340832)
 (0.9685114443442191,-0.87009120264198947)
 (0.9123687949586482,0.38201537821166753)
 (-0.95762604941170371,-0.2932293293182231)
 (0.28705689357477626,0.97424851991197692)
 (0.27726032174292953,-0.38747056693556964)
 (0.44896573149396246,-0.95805301058405845)
 (-0.98485779661689776,0.30372784194764735)
 (-0.29735496760612617,0.97351194928637863)
 (-0.31180765756985357,-0.97629611973746133)
 (0.2685712844117063,0.23718791570365949)
 (0.96356427769555852,-0.95703804141399706)
 (0.95236946330806238,-0.93114961424945797)
 (0.94909897560430379,-0.30928062371076742)
 (0.93585147622446097,-0.33993532078018007)
 (0.94929920535247803,-0.34380997721733292)
 (-0.33653828718492168,-0.96333665197877894)
 (-1.0146871941492717,-0.23831680178990378)
 (-0.37489288498009249,0.92231790583185724)
 (-1.0432296507798884,1.065752772212996)
 (-0.33588037542012017,-0.91655520556109416)
 (0.88309390397863408,0.92795262403784617)
 (-0.95266230952586894,1.0376747443873362)
 (-0.33252537285430489,0.38183965988748908)
 (-0.95596239370529001,0.29380127364560266)
 (-0.97684321891147419,-0.22405227268794387)
 (-0.88942542104539357,-0.89803311258338248)
 (-0.32612076595331313,-0.29075925193212315)
 (0.32370319251800994,0.98690460763030941)
 (1.0385690933099196,0.26566444181223003)
 (1.0339416263212478,-0.77670834896314889)
 (-0.3510338627327938,-0.31200564893684313)
 (1.0037935911829634,0.28879315993798593)
 (0.99090739578371767,-0.86861497959989309)
 (0.31759938748042693,1.0006019276584492)
 (0.427946396032025,0.93181323977301278)
 (-0.8085228546873291,-0.45466029181641199)
 (-0.94523006122191533,0.29497067381904601)
 (0.91766977776057579,0.29747239211374438)
 (-0.98088251014671179,0.26532930968654372)
 (0.92339829423823572,-0.84576394916740072)
 (-0.94199395461455926,-0.15484144635985736)
 (-0.33421003258170751,-1.0098813884022824)
 (-0.35946906106199705,0.92854728172926293)
 (-0.34134774307008647,0.32566997087170046)
 (0.95714998306702559,-0.9870637338123891)
 (-0.36447580512993394,-0.93570797414491946)
 (-1.0085552298469236,0.45042231506605807)
 (0.9452451401224109,-0.29856658075877845)
 (-0.23326675057273802,0.93905987167738536)
 (-0.44008231168193568,1.0361351731386348)
 (-0.37027249322838118,-0.22910154626515808)
 (-0.42612883543677099,-0.88042928451067182)
 (-0.86948023969445365,0.46957349718240859)
 (-0.28677014110620935,0.38863312403463268)
 (-0.92172358430878931,0.32637593986604757)
 (-0.88133295895205399,-0.33655997447028685)
 (0.31901081858726871,0.23802014851511505)
 (0.36737149606406455,0.93064422123235002)
 (-0.95991639623760183,0.8781324937133429)
 (0.94230450091257034,-1.000403587608844)
 (0.17960792263884537,-0.92845899396829079)
 (0.26785678024599996,-0.37999759487552165)
 (0.98053005927915449,0.18003205205793071)
 (-1.0028138337287396,-0.39231181992555858)
 (-0.25584279384260855,0.95765114277287133)
 (0.89252833671540555,0.85533555047019494)
 (-0.91648558273926928,0.98815354669068822)
 (0.17898683252748182,0.87693366447440102)
 (0.83889968450876728,-0.3153743487382995)
 (0.31135130264300309,-0.89972214388921845)
 (0.9466419433082861,0.95758037561572573)
 (-0.89275505229228047,0.21111706058869134)
 (1.0199608058171203,0.29539460834330628)
 (-0.29404740629732484,-1.0332935839899842)
 (-0.44979092513507313,-0.92224741403318378)
 (0.31892346720406478,0.81080887601962881)
 (0.27620267897921624,0.96229508147661713)
 (0.90616657994796523,-0.32958288947372399)
 (0.98716815265714186,0.32925399762486296)
 (-0.2962237400622299,0.18505085503269156)
 (0.27859061884103464,-0.28535302211556346)
 (0.99579306022307013,-0.4020548743944049)
 (0.94092557110241293,-0.25494646379026653)
 (-0.89397722494865584,-0.36166288782611283)
 (-0.35687240503435891,-1.1027726421405819)
 (-0.98996253882446261,-0.29594607250059651)
 (0.99221696964845252,-0.39010244747469791)
 (-0.27599406159847467,0.94909964565125993)
 (-0.29652479080759148,-0.32406394317748421)
 (-0.24774327778095867,-0.88053521091215781)
 (0.87454788938580674,-1.0062042520213128)
 (0.17037814523799802,-0.89201006365887658)
 (0.90338147162936577,-1.0709267389161012)
 (-0.96329363353972841,-0.32041142791052868)
 (0.98761336370783637,0.29565152365068775)
 (0.30421483268916161,-0.88356492587136704)
 (-0.98209785157148966,1.0724541273286721)
 (-0.94237512582647065,0.32596385252776833)
 (0.86098057266627515,0.42343066554475817)
 (-0.98873324995219425,-0.31977714867535117)
 (-0.40068391118463009,0.87545179243546711)
 (-0.84163244993546626,-0.97676429597656023)
 (0.88397128754346399,0.27129154379163084)
 (-0.87178171537791349,0.91358346590613793)
 (0.30530365171754298,0.29736630574973444)
 (-0.97342639380374163,-0.22518066673454529)
 (0.27643694428245275,-1.0001682156444647)
 (-1.0289845146625962,-1.1229426139066683)
 (-0.40728030804623844,-1.0095546690946882)
 (0.81859522553178232,0.90755963637244252)
 (-0.29160382020683301,1.0041015217439073)
 (0.3758233269425762,0.27111866106162763)
 (0.27287673525835277,0.36027682057342902)
 (-1.0253365958592739,0.24105779756176154)
 (0.26164477509808032,0.87871916229957936)
 (0.17247383860578647,-0.94244485763407837)
 (0.26523951962457909,-0.29687493921503255)
 (0.28142444965594787,-0.21455490741065592)
 (-0.99520561790078488,0.26654954795268154)
 (0.24651694266237473,0.9369170488137275)
 (1.0011525630480247,-0.15214878371547666)
 (0.21751730649220263,-0.33645961783778272)
 (0.98028453615803235,-0.35217541002484737)
 (-0.27036113284086793,0.35510098444221283)
 (1.0239128203415577,-0.98299829800124683)
 (-1.0602740600275207,0.88912269915071473)
 (0.27558493906288817,1.1070778274675608)
 (-0.26669912843274601,0.88265862552211771)
 (0.92605548255055481,0.8871649411734881)
 (-0.85279156311901161,0.42466719788876772)
 (-0.30234386793336043,-0.88858758642843982)
 (-0.91278678204540165,1.0906242291905199)
 (-0.21654628968897763,0.2301930192825403)
 (-0.96403938881092632,0.1503679776990226)
 (-0.38356731659894222,0.26188137754094393)
 (1.0089414749223451,-0.35816060229437702)
 (-0.23074095964335661,-0.98253511665978066)
 (-0.42017830071995904,0.9207005712423848)
 (0.94933546248592404,0.22163174719033391)
 (-0.96181631338918283,0.85745868156450422)
 (-0.3188874694167082,0.32851726066648335)
 (-0.39231277430103356,-0.90206051692971756)
 (-0.36283223126046482,0.30593266408215397)
 (0.30867748003275725,-0.25240284470658758)
 (-0.33484994369749355,-0.32049105211054235)
 (0.9665613232810556,-1.0029514585574444)
 (0.84811809467757193,0.2966622848846952)
 (0.94867890303156677,-0.33378931269548395)
 (0.98734357286629193,-0.37221356421295798)
 (-0.34015479488931349,1.0009277101761564)
 (-0.33869689190961505,-0.2831993689063067)
 (0.8998321709942978,-0.95896611351313088)
 (0.24255685842548408,-1.000878168123555)
 (0.86717282718839184,-1.0302407776281528)
 (-0.36363678681295336,0.9377968364857282)
 (0.36331587652297048,0.41617756420720764)
 (0.4283509855753807,-0.44023933292881018)
 (-0.87259982676233361,0.41557944592581064)
 (-0.4336101086619093,-0.28238495418347126)
 (0.32061964438565299,-0.34837996019999395)
 (-0.84575434275826611,-0.99778374523212721)
 (-0.37830922106923787,0.27189725372124973)
 (0.36170340065178325,-0.3018811664219197)
 (-0.38382924833491106,-0.99358194823038126)
