# Created by Octave 8.4.0, Thu Dec 11 09:47:22 2025 IST <gamana@Samsung>
# name: clean
# type: complex matrix
# rows: 2048
# columns: 1
 (-0.96386319468299864,0.32128773156099955)
 (0.96386319468299864,0.96386319468299864)
 (0.32128773156099955,0.32128773156099955)
 (-0.96386319468299864,0.32128773156099955)
 (0.96386319468299864,-0.96386319468299864)
 (0.96386319468299864,0.32128773156099955)
 (-0.32128773156099955,0.96386319468299864)
 (0.96386319468299864,-0.96386319468299864)
 (-0.32128773156099955,-0.32128773156099955)
 (-0.32128773156099955,0.96386319468299864)
 (0.32128773156099955,0.32128773156099955)
 (-0.96386319468299864,-0.32128773156099955)
 (0.96386319468299864,0.96386319468299864)
 (-0.32128773156099955,-0.32128773156099955)
 (0.96386319468299864,-0.96386319468299864)
 (0.96386319468299864,-0.32128773156099955)
 (0.32128773156099955,-0.32128773156099955)
 (-0.96386319468299864,0.32128773156099955)
 (-0.96386319468299864,-0.96386319468299864)
 (0.32128773156099955,0.32128773156099955)
 (0.96386319468299864,0.32128773156099955)
 (-0.32128773156099955,0.96386319468299864)
 (0.32128773156099955,-0.32128773156099955)
 (0.32128773156099955,-0.96386319468299864)
 (-0.32128773156099955,-0.32128773156099955)
 (0.96386319468299864,-0.96386319468299864)
 (-0.96386319468299864,0.96386319468299864)
 (0.32128773156099955,-0.96386319468299864)
 (0.32128773156099955,0.32128773156099955)
 (-0.32128773156099955,0.32128773156099955)
 (-0.32128773156099955,0.32128773156099955)
 (0.32128773156099955,-0.96386319468299864)
 (0.32128773156099955,0.96386319468299864)
 (-0.32128773156099955,-0.32128773156099955)
 (0.96386319468299864,-0.96386319468299864)
 (-0.32128773156099955,-0.32128773156099955)
 (-0.32128773156099955,-0.96386319468299864)
 (0.96386319468299864,-0.96386319468299864)
 (0.32128773156099955,-0.96386319468299864)
 (-0.32128773156099955,-0.96386319468299864)
 (-0.96386319468299864,0.32128773156099955)
 (-0.32128773156099955,0.32128773156099955)
 (-0.96386319468299864,-0.96386319468299864)
 (-0.96386319468299864,-0.96386319468299864)
 (-0.32128773156099955,0.96386319468299864)
 (0.32128773156099955,-0.96386319468299864)
 (-0.96386319468299864,0.32128773156099955)
 (0.32128773156099955,-0.96386319468299864)
 (0.32128773156099955,0.32128773156099955)
 (-0.32128773156099955,-0.96386319468299864)
 (0.32128773156099955,0.96386319468299864)
 (0.96386319468299864,-0.96386319468299864)
 (0.32128773156099955,-0.96386319468299864)
 (-0.96386319468299864,-0.32128773156099955)
 (-0.32128773156099955,0.32128773156099955)
 (0.96386319468299864,0.32128773156099955)
 (0.96386319468299864,0.96386319468299864)
 (-0.96386319468299864,0.96386319468299864)
 (-0.32128773156099955,0.32128773156099955)
 (-0.96386319468299864,0.96386319468299864)
 (-0.96386319468299864,0.96386319468299864)
 (-0.32128773156099955,-0.96386319468299864)
 (-0.96386319468299864,-0.96386319468299864)
 (-0.32128773156099955,0.96386319468299864)
 (-0.32128773156099955,-0.96386319468299864)
 (-0.32128773156099955,-0.96386319468299864)
 (-0.32128773156099955,0.96386319468299864)
 (-0.96386319468299864,0.32128773156099955)
 (-0.32128773156099955,-0.32128773156099955)
 (0.96386319468299864,-0.32128773156099955)
 (0.96386319468299864,0.32128773156099955)
 (-0.32128773156099955,-0.32128773156099955)
 (-0.96386319468299864,-0.32128773156099955)
 (-0.32128773156099955,0.32128773156099955)
 (-0.96386319468299864,-0.32128773156099955)
 (0.96386319468299864,0.96386319468299864)
 (0.96386319468299864,-0.32128773156099955)
 (-0.32128773156099955,-0.32128773156099955)
 (0.32128773156099955,-0.96386319468299864)
 (0.32128773156099955,-0.96386319468299864)
 (0.96386319468299864,-0.96386319468299864)
 (-0.96386319468299864,0.96386319468299864)
 (-0.32128773156099955,-0.96386319468299864)
 (0.96386319468299864,0.32128773156099955)
 (0.32128773156099955,-0.32128773156099955)
 (-0.32128773156099955,-0.96386319468299864)
 (-0.96386319468299864,0.96386319468299864)
 (-0.96386319468299864,-0.96386319468299864)
 (-0.32128773156099955,-0.32128773156099955)
 (0.96386319468299864,-0.96386319468299864)
 (-0.32128773156099955,-0.96386319468299864)
 (-0.96386319468299864,0.32128773156099955)
 (-0.32128773156099955,-0.32128773156099955)
 (-0.96386319468299864,0.96386319468299864)
 (0.32128773156099955,0.32128773156099955)
 (-0.96386319468299864,0.96386319468299864)
 (0.32128773156099955,-0.96386319468299864)
 (0.96386319468299864,-0.32128773156099955)
 (0.96386319468299864,-0.96386319468299864)
 (-0.32128773156099955,-0.32128773156099955)
 (0.32128773156099955,0.96386319468299864)
 (-0.96386319468299864,0.96386319468299864)
 (0.96386319468299864,0.96386319468299864)
 (-0.96386319468299864,-0.32128773156099955)
 (0.32128773156099955,-0.96386319468299864)
 (0.32128773156099955,-0.32128773156099955)
 (0.96386319468299864,0.96386319468299864)
 (-0.96386319468299864,-0.96386319468299864)
 (0.32128773156099955,0.32128773156099955)
 (-0.32128773156099955,-0.96386319468299864)
 (-0.96386319468299864,-0.96386319468299864)
 (-0.32128773156099955,-0.32128773156099955)
 (0.96386319468299864,0.32128773156099955)
 (-0.96386319468299864,0.32128773156099955)
 (-0.96386319468299864,-0.96386319468299864)
 (0.96386319468299864,-0.32128773156099955)
 (0.32128773156099955,-0.32128773156099955)
 (0.32128773156099955,0.32128773156099955)
 (-0.32128773156099955,0.32128773156099955)
 (-0.96386319468299864,0.32128773156099955)
 (-0.96386319468299864,-0.96386319468299864)
 (0.96386319468299864,0.32128773156099955)
 (-0.96386319468299864,-0.32128773156099955)
 (0.96386319468299864,-0.32128773156099955)
 (-0.96386319468299864,0.32128773156099955)
 (0.96386319468299864,-0.32128773156099955)
 (0.32128773156099955,0.32128773156099955)
 (-0.96386319468299864,-0.96386319468299864)
 (0.32128773156099955,0.96386319468299864)
 (0.96386319468299864,0.32128773156099955)
 (-0.32128773156099955,-0.32128773156099955)
 (0.32128773156099955,0.32128773156099955)
 (0.96386319468299864,0.96386319468299864)
 (0.32128773156099955,0.32128773156099955)
 (0.32128773156099955,0.96386319468299864)
 (-0.96386319468299864,0.32128773156099955)
 (0.96386319468299864,0.96386319468299864)
 (0.32128773156099955,0.32128773156099955)
 (-0.32128773156099955,-0.32128773156099955)
 (-0.32128773156099955,-0.32128773156099955)
 (-0.32128773156099955,-0.32128773156099955)
 (-0.96386319468299864,0.96386319468299864)
 (0.32128773156099955,-0.32128773156099955)
 (-0.32128773156099955,-0.32128773156099955)
 (-0.32128773156099955,0.96386319468299864)
 (0.32128773156099955,-0.32128773156099955)
 (0.96386319468299864,0.96386319468299864)
 (-0.32128773156099955,-0.96386319468299864)
 (0.96386319468299864,-0.96386319468299864)
 (0.32128773156099955,0.96386319468299864)
 (-0.32128773156099955,0.32128773156099955)
 (-0.96386319468299864,-0.96386319468299864)
 (-0.96386319468299864,0.32128773156099955)
 (0.32128773156099955,0.96386319468299864)
 (0.32128773156099955,-0.96386319468299864)
 (-0.96386319468299864,0.96386319468299864)
 (0.96386319468299864,-0.32128773156099955)
 (0.32128773156099955,-0.32128773156099955)
 (-0.32128773156099955,0.32128773156099955)
 (-0.32128773156099955,-0.32128773156099955)
 (0.32128773156099955,-0.96386319468299864)
 (0.32128773156099955,-0.96386319468299864)
 (-0.96386319468299864,0.32128773156099955)
 (0.32128773156099955,-0.32128773156099955)
 (0.32128773156099955,0.96386319468299864)
 (0.96386319468299864,0.96386319468299864)
 (0.96386319468299864,-0.32128773156099955)
 (-0.32128773156099955,0.32128773156099955)
 (-0.32128773156099955,0.96386319468299864)
 (0.96386319468299864,0.32128773156099955)
 (-0.32128773156099955,-0.96386319468299864)
 (-0.96386319468299864,-0.96386319468299864)
 (-0.32128773156099955,0.32128773156099955)
 (-0.96386319468299864,0.96386319468299864)
 (-0.96386319468299864,-0.32128773156099955)
 (-0.32128773156099955,-0.32128773156099955)
 (-0.32128773156099955,-0.32128773156099955)
 (-0.32128773156099955,-0.96386319468299864)
