# Created by Octave 8.4.0, Thu Dec 11 09:47:21 2025 IST <gamana@Samsung>
# name: awgn20
# type: complex matrix
# rows: 2048
# columns: 1
 (0.88478005220014699,0.80626159744187287)
 (-0.88486838274070501,-0.34151720831902149)
 (0.92881832410954501,0.25599387079396713)
 (0.28945301470977391,-0.31076622837710249)
 (0.24730426523133026,-0.20559316556986429)
 (-1.0874529409998919,-0.3165763999137623)
 (-0.95779003104231464,1.0389622021307408)
 (-0.30230951400681572,-1.0078016517253989)
 (-0.86870979840148188,0.80614853562880595)
 (0.75859441884830792,-0.28627415389164096)
 (-0.98385821223096659,0.32215559170952635)
 (-0.87113843110398181,1.0222491202113029)
 (0.26703310031240607,-0.90945841032219088)
 (-0.94549977565348076,0.91239920441701572)
 (0.97210707930834395,0.32450981145847307)
 (0.26774348217900001,-0.24131408154278261)
 (-0.82132011243291903,0.90074610907015151)
 (0.35017538525725256,-0.26019403710047073)
 (-0.49848702687555735,0.40833397693759632)
 (1.0866828751733437,0.48626625700838333)
 (0.33626699573468427,0.32949907772021597)
 (-0.88277743169771172,0.87603045477580133)
 (0.33193693392899315,0.90762238647544646)
 (-0.32173641881756332,-0.91007067787582985)
 (-0.94328516999698697,0.29093494726420827)
 (-0.18811393366393378,-0.31724190383534029)
 (0.40058622393039117,-0.88787407668098539)
 (1.013416660358335,-0.25138718097433599)
 (-0.91993187267216137,0.28678773028540211)
 (-0.33053079174170197,0.24036986477672462)
 (1.0007355626659298,-0.39146411052305885)
 (-0.4819067166319167,-0.97551552687066634)
 (-0.2524446918074964,-0.30162364504797506)
 (-0.8452387817462087,-0.30320892060580679)
 (0.38199901231755068,0.21850398878436955)
 (-0.15700403685137568,0.88757875350177162)
 (-0.43512302660591268,-0.9845263020147309)
 (0.40897652291622394,0.37944922706204171)
 (-1.0220349520434846,0.91146822263006655)
 (-0.96740842832438545,0.27066528305149312)
 (0.85513495972581266,-0.27351645925490431)
 (0.21485710050849893,0.49565509180490191)
 (1.068587649077916,0.21280384242730424)
 (-0.93644039412049751,-0.30746593279380841)
 (-0.94423414301095987,-0.9324234313729044)
 (0.215972840191924,1.1034744376988372)
 (0.85933842549924477,-0.28187156032066779)
 (-0.99301945207944398,0.83983598785508617)
 (-0.34904613060500217,0.93076634481379028)
 (0.27232573188348852,-0.33043181444652503)
 (0.35731485240393246,-0.92271061881798111)
 (0.96090796598373773,-0.29144284518827729)
 (1.0304707647512426,-0.90218890313757683)
 (0.44616139374248176,0.36887915818859546)
 (-0.25731067223695658,-1.0229554125368956)
 (-0.16977687971477817,-0.2505343784046381)
 (-1.0271238162089216,-0.393156797180436)
 (0.29554686195244828,1.0460600150493085)
 (0.47716274537031178,-0.90228021156102411)
 (0.27324223735437941,-0.88029879468009264)
 (-0.39507944852116544,-0.994066955271797)
 (-0.94654769645440551,0.29404219429988043)
 (-0.91642707715499072,-0.29584021695932344)
 (0.92131064575121902,-0.34984201802415715)
 (1.0983134498801117,-1.0296569633015542)
 (0.19135719715913668,0.95691713809664758)
 (0.41237253220208708,0.92839739547620004)
 (0.88815186041153149,0.31000884456652927)
 (0.32982392903230662,-1.0075460214670313)
 (0.20037940451074587,-0.96844672871459103)
 (0.90427723479922195,-0.98217877862573855)
 (-0.89670089023758204,0.83024678991009027)
 (0.35200159765800954,-0.93238790356785306)
 (0.9370490354807427,0.23123779357093777)
 (-0.28042863626236475,0.31079011640324561)
 (0.28883470276664963,0.86365871082208434)
 (0.90393514225522731,-0.29481456982280951)
 (0.85644868222599546,-0.31800398551655829)
 (0.88949938693322461,0.34911946565514973)
 (0.27064016085325604,0.3158625111918103)
 (0.96205981204344726,-1.0314652707367404)
 (0.96655245473252338,0.33320854233527064)
 (-0.29530036534370063,-0.93979012449080157)
 (0.8787392215226868,0.34252402627729106)
 (-0.87800371220028151,0.38292770970522305)
 (-0.19489549880760448,1.0330108705156489)
 (-0.4046481320492622,0.20463138287045016)
 (-0.87774179981279388,0.31144571995233378)
 (0.42178004601569141,-0.40220772966491231)
 (-0.83069829707677112,-0.80008320281938128)
 (0.84784212193430575,-0.9342555322991809)
 (1.0163186790351149,-0.96014077191024383)
 (-1.0267898995302494,-1.0057449069604254)
 (-0.24642853266926323,0.9400391589757362)
 (0.92758978670099335,-0.90127857336748829)
 (0.29539654169825424,-0.83260926628518572)
 (0.2775539541555338,1.0507258883133428)
 (0.97365465077504798,-0.15830573445933163)
 (0.95248398100753051,0.3679677515504583)
 (-0.9838417130111673,0.25046357915553136)
 (0.4233878993252943,0.98457501544919279)
 (-0.91544572290372184,0.23294932856878919)
 (1.0012727143512172,0.16157346353225105)
 (0.26407726384704655,0.28078777034040325)
 (0.97393326531161373,0.89571742903471041)
 (0.84870879933138377,-0.73724856975866404)
 (-0.18069845413092236,-0.26581702321894152)
 (1.1304567673946615,0.94643714675218604)
 (0.45863112897739822,-1.060199427734188)
 (0.89646364355262564,-0.76197032850287383)
 (0.92052235326447984,-0.32688574730827458)
 (1.018929226673986,-0.8763718069965678)
 (1.0056098537230267,0.83932705751919845)
 (-1.0108452375913095,0.95976899973811103)
 (0.98125636921428927,-0.33621695714135769)
 (0.35530101529492103,-1.0199717269045314)
 (-0.95055092901252292,0.27113147852073766)
 (0.33208887418682331,0.31757488097639025)
 (0.41866179172098672,0.79059639466967491)
 (-0.37816601105657255,0.83791303012139662)
 (0.30819516570944033,-0.82560290188245999)
 (-0.25747825656749218,-0.88210219599932582)
 (0.38892222441834706,0.97481815058646126)
 (-0.49906108915095743,0.9125667802437416)
 (-0.41775363660111092,-1.1032435661761508)
 (0.8812161791109806,-0.32657212596242907)
 (-0.92517002635604473,0.29300616535451907)
 (-0.98600016479191055,0.32882705221546732)
 (0.35842046415009488,0.91799100170488357)
 (-0.33656590533311875,-0.95752751904649214)
 (0.19718415049148555,-0.3417877071916085)
 (1.0587466957940295,0.87179755814523496)
 (1.0777969561445602,-0.95183680482473332)
 (-0.88827508128564969,-0.92657150351557283)
 (-0.89721383337248395,0.98570885710256861)
 (0.30626631086584039,-0.28491025904627826)
 (0.28101926258458659,-1.036776805618999)
 (-0.82332514945400925,-0.28579449316192262)
 (0.88447574633098269,-0.95540709708137839)
 (-1.065867505858366,0.49159021794032753)
 (-0.35724702839751915,0.2759969427431635)
 (0.45001833312884199,-0.43029812067592066)
 (-0.9936124478999574,-0.41495726090768015)
 (-0.8901427829260472,-0.41895673094032887)
 (0.92149996552400792,0.90430031075843464)
 (-0.31895264288816938,0.97961580813950022)
 (-1.0048199297984948,0.89016845642578968)
 (-0.21694865311853012,-0.31819060622268525)
 (-0.80619061909524581,-0.9813235678910901)
 (0.9345942447479072,0.93624791825492581)
 (-0.34929054435522733,1.0088704522131828)
 (0.98487820606857979,0.93651966261439379)
 (0.30283789611985179,-0.28511980680514082)
 (0.92322115779277047,0.35060390348034665)
 (0.26456717731938151,0.32014038359502689)
 (-0.89991633365138091,-0.34654082838785005)
 (0.97749638930753391,-0.86716129995419555)
 (0.39308442036723451,-0.28552995350822474)
 (-0.26085115243970991,0.97310835806395934)
 (0.41636395198885873,-1.1190848009539485)
 (-0.17863582772591133,-0.29764018063285697)
 (-0.34679886630095191,-0.32224937335073922)
 (-1.0344272611214829,-0.99020982488544362)
 (0.31998483711061082,0.86907674221543951)
 (-0.93945313372855876,-0.35702685963370434)
 (0.2220537914386552,-0.33880782315122127)
 (-0.96726940700004338,-1.0997411419037415)
 (-0.32665036704570971,-1.0196443429795539)
 (-0.82087151399136915,0.34184792148353654)
 (-0.87443681766250214,0.31154262571540697)
 (0.28460451892144667,-0.94022751851126318)
 (-0.21970701929945885,1.0176874106530795)
 (1.051302361155066,1.0345066820127129)
 (0.88875003150705101,-0.33908974541776843)
 (0.7876897335958879,0.91504927008938952)
 (-0.9896491260637561,0.27253352172613232)
 (0.97025968133422702,0.28786216424757627)
 (-0.90681815399357002,0.37140710887409539)
 (0.32097382475584035,0.39839302966098095)
 (0.24125667405589665,-0.94509716124319132)
