# Created by Octave 8.4.0, Thu Dec 11 09:47:22 2025 IST <gamana@Samsung>
# name: awgn20
# type: complex matrix
# rows: 2048
# columns: 1
 (0.36455116478832661,0.37742092678423983)
 (-0.98986440031887113,0.19832539461307747)
 (-0.88161099788924857,-0.98704943373715959)
 (-0.86378923291997867,-0.93448808872129385)
 (-0.46676672509012951,-0.96496127671434906)
 (0.20013719684813597,-0.29388896340578063)
 (-0.99249033427668987,-1.0215594150667424)
 (-0.31686449790439719,0.24922048374915412)
 (-1.0745017382953117,0.34782549154617703)
 (0.99148525880218064,0.92735854359710046)
 (0.45006759387160666,1.059579556939636)
 (-0.40415784375674252,-0.92194204150539405)
 (-0.337195981380913,-0.34338534042156676)
 (0.21397518625422102,0.31256390853165922)
 (0.94228193458905518,-0.97531010105531224)
 (0.95475300190223067,0.2799175645397548)
 (-0.32338492426620224,-1.023749344708144)
 (0.88923439350258837,-0.33899997373170154)
 (0.37275825917817745,0.25846814447527383)
 (0.43584103253696793,-0.29595651201045242)
 (0.37553624738616415,-0.26590412376255401)
 (-0.33247077420837828,-0.30339903756565856)
 (0.93209197488015194,0.35100161827064708)
 (-0.41426619787192659,-0.27731958570323595)
 (0.33510548272797824,-0.46505174422640139)
 (0.96397870897235793,-0.90820243568006676)
 (0.20390661983948094,0.93668993224242858)
 (0.97648599281194992,0.33631881390687107)
 (0.32106163816698674,0.33641742408125197)
 (1.0125621520247263,-1.0056547146538524)
 (0.25402239119685427,0.40549057686069329)
 (0.79938378112818886,0.2634785489329271)
 (-0.31928991553727554,-0.35143962373178333)
 (-0.98031195891824674,0.34601588485849433)
 (0.99454479821332109,0.97369463262990719)
 (0.95002549780226575,-0.38186372589478823)
 (-0.9682850520312194,0.34871245690262281)
 (-0.3186953943459786,-0.97431040279085879)
 (0.80930191976605181,-1.0119850334045957)
 (1.0003746702789609,0.90227947483459292)
 (0.26821703387473828,0.8818049648030909)
 (-0.34451023183137264,-1.0699861838353473)
 (-0.28738099141644108,0.37315971364836786)
 (0.91329352680476539,0.92514854671311619)
 (0.97243946530538683,0.38069003951747554)
 (0.48881419185650654,0.25672193808797072)
 (-0.31232829779695798,-0.97774055695025652)
 (-0.29554212968440369,0.88986173468104579)
 (0.88086108469432023,-0.8588243103591906)
 (0.80900639270379338,-0.29103990382216327)
 (0.91720296931943612,0.36893272953158951)
 (0.26357948053314523,-0.85042686368900544)
 (-0.35699286779910394,0.23701040375154697)
 (0.95108272718532705,0.93272526545786771)
 (-0.35796495276879536,0.27998272699504922)
 (0.93519262135973857,0.93151775978754248)
 (-0.89430383625714616,1.0755397922329455)
 (-0.91707775718001805,0.96697027071552311)
 (0.86897943312122006,-0.55417171675767152)
 (-0.81668251235751033,-0.84451936515604831)
 (0.29211770587657232,0.31120909230289928)
 (-0.88680160436702216,-0.3646342135233232)
 (0.98348242062684299,1.0274261371603328)
 (-0.96547450440155624,-1.0324783290208666)
 (-1.0265698520831166,0.9702007364464994)
 (1.0048007314116845,-0.87374699601002725)
 (0.30502305333612878,0.40455678797808442)
 (-0.33628525349704524,-0.82335469624454838)
 (1.0523015714525823,0.97986093608922065)
 (0.33111387034384554,0.25377483436616255)
 (-0.99985218285317301,-0.94495055119066007)
 (-0.23649768748967931,0.94108053901036803)
 (0.20280797360323682,-0.88874181774595762)
 (0.31293427879858143,-0.3259156006630704)
 (-1.0475530471793451,0.4209216481848993)
 (0.34675354359335464,0.98189495186377129)
 (0.32486419106202857,-0.90685612402746862)
 (1.0291282674422151,0.2942515930489123)
 (0.93413092486049576,-1.0560715869360902)
 (0.26916194701761531,0.38930099949990893)
 (0.99463199664205848,0.93511647426446642)
 (0.34407990299510105,-0.38130586560636659)
 (-0.34559426638604224,1.0882204739686421)
 (-0.1370028248581282,-0.93199751992333646)
 (-0.92239029849418686,-0.97711688486054293)
 (-0.25122119485325767,0.97527982942650904)
 (-0.25976753093423671,-0.42288248185077415)
 (0.33813730049210156,-0.9663853262163189)
 (0.94153343783729793,-0.24600351706146173)
 (-1.0179783119469374,-0.26099762533742604)
 (0.28052054364066242,-0.96470622552305718)
 (-0.32018642411558434,0.7885878720691244)
 (1.012444517507644,0.24553864892640265)
 (0.20653182555117749,0.31833262162116377)
 (-0.29586188352793719,1.0706550356622562)
 (-0.90321596527048054,1.0167020825740276)
 (0.3185154225513146,-0.90568392594859914)
 (0.35267526914926689,-0.30931050683129935)
 (-1.0118141112596823,-1.0093438588271502)
 (0.93872384658457741,0.3402610336255244)
 (0.87120611175571128,0.77682571782568988)
 (-0.95069308269666575,-0.31582355993273953)
 (-0.27060293019444304,-0.25665454569901747)
 (0.22510167001616604,0.32101112505952567)
 (0.33695686878041914,-0.22058616955608185)
 (-0.90070363714149637,0.27414355957535996)
 (-0.38259098564043537,-0.35575940667926564)
 (-0.30609607103196362,0.93878077547980843)
 (1.0508292773066736,0.42442639003928234)
 (0.33145219708753665,-0.2845372302817647)
 (0.88793560298695018,0.96998010029754844)
 (-1.0479632956317209,0.40411067712234328)
 (0.36099761993353552,0.39121950071513834)
 (-0.23558187586653762,1.1232427869931574)
 (-0.99069526081634829,0.96757002988646801)
 (-1.0572233654713907,-0.35605640626243945)
 (0.95452244984699819,-1.1160107835461317)
 (-0.42008712410743565,1.0192536686711788)
 (-0.9425341784114214,-1.105620843068579)
 (1.104267767047435,-0.41515707203390839)
 (-0.2264885030538103,-0.43642818745573603)
 (0.30338144069543216,-0.41362284837218982)
 (-0.39552009377805503,0.89301076162926896)
 (-0.40403497439848468,0.38931084779052166)
 (0.26300972996929955,0.85232702814540462)
 (-0.9621034091823728,1.0221269442191443)
 (1.0466330787975693,-0.35552055735394167)
 (1.1119745940270878,1.0649765330125658)
 (-1.0175449660112821,-0.92023603821639066)
 (0.98278542321467688,0.27424190798033038)
 (-1.0688714524389025,0.43975698850375172)
 (-0.28961846396480978,-1.0232742322973234)
 (0.21474439368566106,0.95317673464536212)
 (0.18547834153494205,-0.36407472226048082)
 (0.30223568431475473,-0.26447479302524679)
 (0.32728320531524707,-0.18149291274836993)
 (-0.82340699800770012,-1.0126523966220073)
 (-0.35230898660714954,-0.28523711888537645)
 (-0.31327507925540365,0.29583897592477204)
 (-0.28169985039831025,0.90669493078961683)
 (0.90596570005506238,-0.18201159363071023)
 (-0.26151443652172335,-1.016457316733044)
 (0.33139877318336808,1.0822095155463383)
 (-0.3189027117992192,0.28337772143482415)
 (0.9769644927277239,0.29632161984053068)
 (-0.78653860499899608,-0.38792877771335993)
 (-0.22468409742577405,-0.9306065782153421)
 (-0.92608522042353147,-0.28447524971244231)
 (0.33371995015934086,-0.83176900952498189)
 (-0.36028515898854024,-0.81929388138428771)
 (0.87873245693042412,0.85415784518457816)
 (-0.93842822454722763,-0.93412497714513298)
 (0.89265170225262014,-0.90767439083499091)
 (0.25626943526441381,0.96615352882760164)
 (-0.3749848849348425,-0.99643897187762387)
 (-1.064943354372518,0.35840012616011446)
 (-0.24692406551040116,0.91469190437188408)
 (-0.92977503175369791,1.0415579209278651)
 (-1.0943456897772748,-1.1423406935483416)
 (-0.39046268511633864,-1.0232999118736965)
 (-1.0072077511741204,0.32543043793247661)
 (-1.1505263257676839,0.23019744998999236)
 (0.81928593576024233,-0.2003403964108465)
 (-0.93518537109531286,0.98870957799618731)
 (0.28659167477293979,-0.31339382024340495)
 (-0.44166076160573586,-0.85705757952301931)
 (-0.35735573173428947,-0.95378131106642194)
 (-1.0163525960184268,0.25683445078071621)
 (0.32363546192903986,0.42144301011074559)
 (-0.36620199809916065,0.96614146720576211)
 (-0.97950401593991787,-0.35346001257371706)
 (1.0411637474704878,-0.38691783260297857)
 (-0.9374940776491909,0.23284311442310249)
 (0.3653791247728182,-0.26944327384527855)
 (-0.24635259863014353,0.19634021228404283)
 (-0.8118279461370862,-0.42688595314875805)
 (0.3794306844011483,-0.43228758947471263)
 (1.0869597708067233,0.9201901370934964)
 (-0.84987608705037676,0.38358813328989155)
 (0.30018999256735701,0.43980063767072258)
