# Created by Octave 8.4.0, Thu Dec 11 09:47:22 2025 IST <gamana@Samsung>
# name: rayl
# type: complex matrix
# rows: 2048
# columns: 1
 (-0.18237995721959319,0.1332443134596912)
 (-1.1839497296506036,1.3920213679902824)
 (0.073212517399141253,-0.15281135356237541)
 (-1.0828293329458063,-0.99436450793438813)
 (0.4274886625606249,0.57998483670369527)
 (1.6330021802683565,0.41218365618395592)
 (1.0987434795803712,-0.44518659418086243)
 (1.144745025843338,0.5098059325693749)
 (-0.69443415616605875,-1.6683398558405744)
 (1.5352388045519121,0.83213042749402066)
 (-0.33882114885068737,0.49765863388798282)
 (-0.60285632171033232,-0.30777975652487732)
 (0.088001898433480191,0.55670738763136973)
 (0.13008536140725652,-0.92090050348622421)
 (-0.53624786061521335,-0.50147681782107634)
 (-0.47712113220804353,-2.2044130244039355)
 (-0.067152626989846975,0.68352694283181437)
 (-1.142302256059978,1.0005130106221933)
 (0.35400591078354016,0.13155469879386833)
 (-1.1494653630186047,-0.2485950084332183)
 (-0.57564286809257981,-0.12734086016023247)
 (0.30947151405104045,0.73930639361941508)
 (0.2886577604336884,-0.35288252553707283)
 (0.86026306469476621,0.016795620463749994)
 (0.81000587998603946,0.061036092571064737)
 (-0.26606486112008065,0.40559366726622137)
 (-0.40673856368681371,-0.18718696408517732)
 (-1.3382858991178721,-0.51455962330759064)
 (0.60408228445135836,0.066258475767123681)
 (-0.38571375671237129,-0.31370882583247706)
 (0.25947955203536116,0.38764039450760224)
 (-0.34898104250830891,-0.4473466007530405)
 (0.65040463933569514,-1.09903041144305)
 (-0.62459624744698106,0.97314460218463816)
 (-0.17330988735324671,-0.18451562226155954)
 (0.13282562653424426,0.20063700411999838)
 (-0.98545899999978004,-0.19718121409028616)
 (-1.0421827972226743,0.65788265641458177)
 (-0.68517582488412221,0.41777793131966967)
 (0.61263557469117913,0.76407124730963649)
 (0.22508089402480913,0.3781255766558409)
 (-0.32139945438486989,0.76921983434022079)
 (0.3530808446267456,0.40713276737041526)
 (-0.23746981636041831,0.88630845814920378)
 (0.4985048306673171,-0.85520810094745225)
 (-1.3266173692612022,0.21268287651709783)
 (-0.68582161391547936,-1.5502262965115545)
 (0.97479832842003689,-0.34568910468566799)
 (0.16920390346183045,1.0091266006163393)
 (-0.25235935962713352,-0.58599077347990458)
 (-0.57787156937283246,-0.20740222772995448)
 (1.1567125586332241,1.8602379889307741)
 (0.04126535634984449,0.13494162790162795)
 (1.4250589172723003,-0.11292333175933944)
 (-0.84942853699491017,0.0040981469774643009)
 (0.94379133964855222,0.13265953317780271)
 (0.058507731628169038,0.08582831988360741)
 (0.38036496945499704,-0.042295914305682414)
 (-0.36633915186521371,-0.35046880276746417)
 (0.51605668215181943,0.45678585777658842)
 (-0.28982364888418599,-1.6675751066554905)
 (-0.085972176631772548,-0.067089628357237377)
 (-0.57948385407635983,-0.74365603271603631)
 (0.63355808521652068,-1.4046408347949204)
 (0.33683795398030481,0.39185550764420163)
 (0.25070956172368025,0.14590285346950457)
 (0.025231333904441267,0.72756241409078792)
 (-0.25727086962645507,1.0451897465208888)
 (-1.3759014548331709,-0.91716288005114432)
 (0.39822316440325994,-0.95761471471245518)
 (0.76370981398570414,0.6438115543257994)
 (-0.78850776558385682,0.17473178700568204)
 (0.12398479688762681,-0.089931939771410591)
 (0.030276303632406631,-0.20462574423345606)
 (0.70038752423496731,1.8427107273692156)
 (0.97619051617487318,0.84301529269928444)
 (-1.1698132648050832,0.31057689431876834)
 (0.92969982413417973,-0.012173314098949228)
 (0.38247523068390177,0.085900754516525277)
 (0.25627806602259517,0.21142772727227604)
 (-0.4052332918774868,-0.60380604480151645)
 (0.69725678408401293,-1.2121320190102027)
 (-0.2489243196292201,-0.23633541994735888)
 (-0.14461369414954917,1.2116888524766967)
 (-1.4289729632298926,-0.0051683669397143417)
 (-0.18032794529997287,0.46044075612863938)
 (-0.3972212578536653,0.12087336941629795)
 (-0.14302355749507922,-0.38324120124716543)
 (-0.46870693304394162,0.45813086621696414)
 (0.87172814802504228,0.17798871390601484)
 (-0.044846670562633674,-0.13584927335539074)
 (0.72243882049318198,0.020015129833727774)
 (-0.083901558271755106,1.4269647900386504)
 (0.40469251640654336,-0.63297248738633427)
 (-0.31530668250705551,-0.44896451185605579)
 (0.90252921767976624,0.70879250231049484)
 (-0.048888200836480655,0.61251282482429947)
 (0.19360004621443705,-0.94767465215815117)
 (-0.36483688193734337,-0.061001508354579986)
 (0.45632183405177318,-0.76210690009660564)
 (0.26379366589486053,2.352102998791981)
 (-0.76198818844013994,-0.84211856744031355)
 (-0.70479327001840975,0.30873101260646707)
 (0.060333428263628641,0.11016526096490591)
 (0.65699302610718613,0.07137300812194905)
 (-1.461485732551268,-0.13188166877235497)
 (0.55988699068741332,0.90408268437513706)
 (0.88834110726835203,0.1646821459954238)
 (0.049973963730479021,0.2294841099347196)
 (-0.37753438759981994,1.1817925468180721)
 (0.43368293602255109,-0.10410478783300799)
 (-0.39744012607357426,-0.074966115739505373)
 (-0.93265082604871208,-0.74464409417250121)
 (0.37779421088038334,-0.32687267856692215)
 (0.713294986040381,0.68162434035375341)
 (0.28928625708116362,-0.49130367219010396)
 (0.07368215863222792,0.15738176715127028)
 (-0.16871685031773115,0.095141294349521621)
 (0.4564190992713637,-2.6722497189764258)
 (0.55673471221801341,-1.1530495324196288)
 (-0.24887859622678271,0.81500563540531412)
 (0.90759286875921585,0.26440294239766449)
 (0.035679397311930927,-2.1489179298531758)
 (0.91582404924398697,-0.9664800755442311)
 (-0.31502444368721128,-0.046355465962104991)
 (-0.33844470470490307,0.78254160429319852)
 (-0.0071205432466523999,-0.49994454457455534)
 (0.67011496358045686,1.1759913633460555)
 (-0.02072749118797957,0.090954983658649374)
 (-0.27139542764301405,0.3052437699510821)
 (-0.31289177756282588,0.49791614200324419)
 (-1.830775977267491,0.15539976367570596)
 (-0.0056308522736761013,-0.38178436050346559)
 (0.063800433215891156,-0.055270052909284634)
 (0.72491471377328742,0.75646696364663035)
 (0.25295620722303691,-2.5806174263644648)
 (-0.054570748777288819,0.16060695072733377)
 (-0.34307714422599944,0.44132708170834084)
 (0.015700001794907395,-0.258850548436797)
 (0.56627448873329977,1.4046751420643964)
 (-0.72186134741978858,-0.066023895897939056)
 (0.2027931779719519,-0.61503073640328298)
 (-0.65025174082486226,1.489026126339541)
 (0.59784528366893264,-0.32913928715090224)
 (0.87699042335616384,-0.58057383509585958)
 (0.98277362927132006,-0.02145658013985402)
 (-0.51108166959489243,0.011203504539524733)
 (-0.1910209366585357,-0.37189453329072919)
 (-0.49436118089583292,1.7260339582048916)
 (-0.68052547278315267,-0.2556983431069112)
 (0.12189840799517221,-0.79156176821411561)
 (1.0171860677824891,0.53277975346071726)
 (0.0013132686272663285,1.9557776288752176)
 (0.58003326841233027,-0.10642770828726808)
 (0.24965246543447095,0.58613832001117783)
 (0.39348487619999278,-0.30481289522830829)
 (1.1794151060684901,-0.34339792399910751)
 (-0.27448729859456811,-0.49394708091375672)
 (-0.061521990762626932,0.20420565965348991)
 (0.73563686928644823,0.074535975952635947)
 (-0.14973756149002701,0.16398732919183776)
 (-0.14746264005573623,0.40101788889665163)
 (0.24574165095404329,0.043361275435073648)
 (-0.15107875757420611,0.044102385683289391)
 (0.19741575918747711,0.42576597978490166)
 (-0.9443603853898741,1.0060633865309816)
 (0.15150190713568065,-0.55826446062116863)
 (0.61363815074515138,-0.98516685050936426)
 (-0.19569843194168349,0.25726006984469924)
 (-0.70461449109305041,-0.50565282628759545)
 (-0.30500882503614879,0.21453246193826064)
 (0.28273666048920143,-0.032190817073281808)
 (0.1680950490139117,0.30888910031983702)
 (-0.32588301574803924,0.47085984322759145)
 (-0.571797891996075,0.29151905403140332)
 (0.42746110758195821,0.24171521146804009)
 (0.18098696853766885,-0.16921500730403674)
 (0.58127048407487425,-0.17123747805206141)
 (0.32213346503112444,0.70305255127140365)
