# Created by Octave 8.4.0, Thu Dec 11 09:47:22 2025 IST <gamana@Samsung>
# name: rayl
# type: complex matrix
# rows: 2048
# columns: 1
 (-0.025821262128029276,0.084091124006552054)
 (0.31553554462332128,-0.2399719461228314)
 (0.17290169765593597,1.0660747743492858)
 (1.0341352800738661,-0.57705625224280865)
 (1.7264066778952072,0.16381589333869928)
 (-1.5456300129892471,-0.48513097883699569)
 (0.10009435087054321,0.072803533967407186)
 (-0.17892175899454968,-0.116376728759475)
 (-1.2562976884843065,-0.87979902817363176)
 (0.5605940192293305,-0.80585603513820103)
 (-1.3828736638511963,1.0998280479308642)
 (0.29321585851157539,-0.054952283746842231)
 (-0.86697415511385956,-1.2841056568126059)
 (0.25225997590730431,0.74802923428794676)
 (-0.35041364388816165,0.019893514182816319)
 (0.44514203227402188,-0.26741704304265929)
 (0.16438474458278582,-0.079442746411942683)
 (2.0202376928373562,0.17212167787646893)
 (0.16878357613060671,0.084171492036569678)
 (-0.041450940513027668,-0.12731671005714171)
 (1.5116916835686074,0.6451351451875611)
 (-1.4156524830977129,0.077063931640869554)
 (-0.74599859666551049,0.026522536136817182)
 (0.30938870248683892,-0.20118251693346526)
 (1.2868086950567801,-0.75350638297728545)
 (0.2884457568822979,0.11533105248468201)
 (-0.30196671948192144,-0.36982454152516409)
 (-0.81896435075301754,-0.011423581985174652)
 (0.19655393836590021,0.033724173542268296)
 (0.33079107958606374,0.49482388283695256)
 (0.45474722529337613,-0.76374664828767003)
 (1.6737547413230471,0.21968160585334384)
 (0.55637504439550622,0.21936382803045823)
 (1.2387815527139292,-0.066893249987577175)
 (0.13974773698923648,-0.6951591091405861)
 (-0.44063036198084576,-0.39564668371264528)
 (-0.21732136036076044,0.043731840296743887)
 (0.11539013639127342,0.11862190631065887)
 (0.4456972011489575,0.87959636101932448)
 (-0.0099722407477718586,-0.0085750091579500885)
 (0.85241190551786006,-0.11236386712730798)
 (-0.022033710456712777,-0.16348261457799351)
 (0.33440235412818536,0.15292410861367634)
 (-0.13929116375846373,0.11521379893750994)
 (-0.22951584938452418,-1.3772718140527949)
 (0.28789551508466121,-0.28894481574631209)
 (-0.48616220621087441,1.3943477189849678)
 (-0.53445696413216537,-0.061974637977129876)
 (-0.033311536530458596,0.15896227636779683)
 (-0.87625920623321052,-0.18096117045906335)
 (0.63037886549920785,-1.0861019682505464)
 (-0.99458472355369731,0.89710893585584839)
 (0.43949176645967231,-0.60600236873738966)
 (1.0794962868550937,-0.10565377190809144)
 (0.34935429491044212,0.43557490019949174)
 (0.56127411178578335,-0.36570236522409927)
 (0.52733321654807552,0.49453195930401295)
 (-0.87583463430306063,0.5310686813558505)
 (0.38956525623254018,-0.42709370684046083)
 (1.3397237944742346,0.53008280232267324)
 (1.1172133733266183,-1.2843736227126736)
 (0.3137040334458831,-0.99031464232417488)
 (0.59111375714719139,0.22675929892040692)
 (0.39491534793350053,-0.53837926583485241)
 (-1.3496156189621886,-0.25551290854732217)
 (0.95934319220923647,-0.57972681532701487)
 (0.023647170297118159,0.27576907047595051)
 (0.9159142639447011,0.11154705851085975)
 (-0.16043317856048245,-0.11704443976455559)
 (-0.40239602784250439,-0.15396442549806566)
 (-0.4154433920683207,-0.31998593858442359)
 (0.30250817705871108,0.33249994631105267)
 (-0.466881162210039,0.28692721562171514)
 (1.3868012134747469,-0.18314729676986163)
 (0.14697781053969727,-0.30814569368580452)
 (-0.29646098214405303,-0.54318181917112729)
 (-1.0494825635062675,0.73814115716581308)
 (0.90826966644619311,0.29800147816365113)
 (2.1094628261463351,-0.12580611790985985)
 (-0.5292045573594828,-0.4884497515791697)
 (-0.25847212005663217,-0.10540760189181997)
 (-1.4717311030239535,0.10638318949361525)
 (0.33976834916411358,-0.30201209910960947)
 (0.014788010921549355,0.18002300118075742)
 (0.11394342347809733,1.1172048487953605)
 (-0.29732731920007593,0.19633551694636669)
 (-0.48432110507839476,-0.30580610595039681)
 (0.26109600580270276,-0.16930441171644117)
 (-0.46877388278688775,-0.0016537620261760644)
 (0.20784753240452958,0.38818905991276398)
 (-0.26202372829435217,-1.3166378403649395)
 (-0.40254620897313576,-0.59348656037424685)
 (1.0744298715761127,-0.62157822091376824)
 (-0.05808097259050457,-0.2555300715548916)
 (-0.68886907345922987,0.36259299840527459)
 (1.3222729265130708,0.2533700782579078)
 (-0.23539149231466377,-0.06931755806114083)
 (0.15147767475249854,0.35661488810172504)
 (-0.48165202302434268,-0.51593713768148863)
 (0.5502243791319914,0.34882238696355428)
 (-0.24383605763318816,2.1127059103488008)
 (0.043539734570021138,-0.073370622951975953)
 (1.1263530578023149,1.1106571169035693)
 (-0.59292265593191695,-1.7056058298445578)
 (0.39764253586111253,-1.2391425120433466)
 (-0.024623158874909373,-0.3974489268996696)
 (0.12538974962482716,-0.94844062490533132)
 (0.73084692006247742,0.16301185843289603)
 (-0.0041784737749281931,1.1364510137294275)
 (0.18514262349298977,0.62483951067009114)
 (0.27056176788306863,0.15493856973759115)
 (-1.1859161027278062,-0.34563857448167279)
 (0.11685062234196161,-0.55034582980405022)
 (0.27276531193926717,-0.35635937494991177)
 (-0.4201959123914244,-0.30787305449642954)
 (-0.13775382696631855,0.098402577136589758)
 (0.68265768259833515,-0.68589753060223124)
 (-0.44358401205298792,-0.077447053868281018)
 (-0.0053516658597701772,-0.43907184940967336)
 (0.17559503968322632,-0.03279453381415523)
 (-0.63103335093581747,0.30181897320219275)
 (0.67358272907958572,-0.053126241184032086)
 (0.2829975210340428,-0.32376583773650752)
 (0.42905375634945453,-0.13424241215028734)
 (-0.30164510717680743,0.86050450550601343)
 (-2.3331394022133858,-0.70793462918185002)
 (-0.084298944822918526,-0.29145078033726435)
 (-1.4881902310885575,0.81020971665836428)
 (0.84083157279353993,-0.81585420970368305)
 (-0.30810979785059722,-0.087730295412004569)
 (-0.60095043844903617,0.83498836508443974)
 (0.2645818219326011,-0.18107491325483016)
 (1.4119174139229478,-0.095386992996123521)
 (0.09574746044649711,-0.29360635439919253)
 (-0.18410214263875763,-0.36713098916595915)
 (0.42406361100522544,0.19081025341338981)
 (1.289680860195727,0.28760571381455646)
 (-0.13777444884044232,0.048342569889819373)
 (-0.56908593776929428,0.71748179573987625)
 (0.60555776320098165,1.0389423473598642)
 (-1.0066017934019029,-0.69668182204586593)
 (-0.13087441299103614,-0.12844243741926614)
 (-0.56835498854547262,-0.92952892686258548)
 (0.45434321482174012,1.2059969669671713)
 (0.25194515021138153,-0.46373309480820668)
 (0.061256177988180685,0.014107784347130208)
 (0.081199701955621942,0.31790166110977935)
 (-0.11476645771377007,-0.12223376519244027)
 (0.88010260256735617,0.41226910377437503)
 (1.093644807599796,-0.32079439583232333)
 (0.29352118776277136,0.64828460723092107)
 (-0.058655104021090226,-0.55369098540523054)
 (0.7490192525516669,0.14768529214597612)
 (0.17136692234356582,-1.0562164879075402)
 (-0.75174545911890445,1.0068314256054647)
 (-0.78999316824568133,-0.50527868472294601)
 (-0.19079671197521525,1.5732306390641571)
 (-0.45514130867688424,-0.60136521270871679)
 (-0.71533377759244066,0.60503960112452848)
 (-0.1602705417421445,-0.23745762657438235)
 (1.1468915100352233,0.23427981153667377)
 (0.51676768041340859,1.0459349789447274)
 (0.4000474890220842,-0.77272519040477494)
 (0.29064760013489632,-0.19437324688627294)
 (-1.0846771193400424,1.7933473199931922)
 (1.8466696931678115,0.026892823867057825)
 (0.37671269036611665,0.15916169599675092)
 (0.46286730106613949,-0.40692624479735373)
 (0.14717859095278957,-0.26077716610641088)
 (-0.027973303140449823,-0.85570627559084422)
 (0.54547075001054623,-0.62226600479398353)
 (1.2118327550447292,0.19131946441435577)
 (-0.72302278214288884,-0.22591296461929622)
 (0.22334650750493248,0.74825088445457877)
 (0.096852076014589839,0.05528568053317913)
 (0.71161316179697132,0.82118761796430029)
 (1.2583690188188958,0.73914169061021928)
 (-0.28989067048213424,0.30569124174890194)
 (0.077066706295527032,1.4028136975003571)
