# Created by Octave 8.4.0, Thu Dec 11 09:47:22 2025 IST <gamana@Samsung>
# name: rician
# type: complex matrix
# rows: 2048
# columns: 1
 (-1.3419817592984467,-1.4229154873807708)
 (-0.060384291091600539,-0.5521878329315778)
 (-0.37357055160539504,0.25867871353003502)
 (-0.73836923125747644,-0.11552960567296977)
 (0.66944361938491792,-0.31451789510401668)
 (0.51694987080432975,-0.69062900805442418)
 (-0.063400224728934418,-0.577951427743433)
 (-1.3612866067776102,-0.034468611794854387)
 (-0.38039394882732425,-0.8772782378599584)
 (-0.19685485415396381,0.21216167944660913)
 (-0.62483721597676023,0.93400040168801546)
 (-0.19765111076669276,-0.34824404781105578)
 (0.1841616463960731,0.16389015329404141)
 (-0.74800413742085214,-0.21420100478806284)
 (-1.111226924078045,0.42859891727050053)
 (0.19706296384667391,-0.35073224842751149)
 (0.25350525457641021,-0.1424116278920417)
 (1.0145212746079553,-0.84088089747251649)
 (1.4697545032917738,-0.41943962050712846)
 (-0.06796883333263859,-0.20393232365655209)
 (-0.56103636168748805,1.1015920509796331)
 (-0.91096271271622475,0.12587810335101446)
 (0.32138932079487126,0.18817185574594153)
 (-0.25165566067759898,-0.38196084124919055)
 (-0.00030637139213204878,-0.56110845822568034)
 (-0.26300880205016319,-0.81245273237897553)
 (-0.63282077167821538,1.3527904988300783)
 (-0.0051500564788177772,0.24691361468709605)
 (-1.5844838876027245,1.4133014770142769)
 (0.075106827904884835,-0.30685309251562698)
 (0.28534999626370722,0.37697413031976273)
 (-0.22535071731547029,0.42397970892040449)
 (1.0944452118152634,-0.37060650157772107)
 (0.90251316836281137,-0.047826623073054575)
 (-0.92180469006091326,-0.49624231502432886)
 (1.3929358904342621,0.25883374252791475)
 (0.98613948211896463,-0.32076745634195825)
 (-0.67940191363711122,0.26111026638516072)
 (1.321889161910895,-0.0012229200956305752)
 (0.40687838187006869,0.41885033570537072)
 (0.019374836756477859,-0.3247803094404571)
 (-1.3607528667989623,0.66146160543528487)
 (-0.42901805896370715,-0.080978797225227189)
 (1.0662165282007319,-0.44631754352473429)
 (-0.39093814774509911,0.054886659889264666)
 (-0.69971928253160165,-0.27540496940032272)
 (0.79529680008751291,-0.24900993603475727)
 (-0.49033397953224939,0.72685124123099187)
 (-0.10097375951211683,-0.24155972199061332)
 (0.71498473475742041,0.37779828850171304)
 (-0.63927518858889087,1.0256203978760965)
 (-0.42738429607399531,-0.28035770526398041)
 (0.79380268312452018,0.86957954440406304)
 (0.16119865793977811,0.66509391067703949)
 (0.24916123602660759,0.091640879070368469)
 (0.23690780372845188,-0.055897070154091177)
 (0.81453887004550696,0.25937423354040706)
 (-0.2710291221508187,0.29581902597130622)
 (-1.0849944088310182,-0.73674570835563313)
 (-0.79733561206046422,0.70721879446745306)
 (0.94199643300901692,-0.047273361225121824)
 (0.083613252750442846,0.60959301383834696)
 (-0.52914498247634967,-0.43806796424848166)
 (-0.16940657182469929,-0.13532654108158518)
 (-1.2778014559511766,0.69369177478201627)
 (1.6103460907577665,0.68875115347521609)
 (0.35731131074657191,-1.0013061316021192)
 (0.92879004067287108,0.22386353357888811)
 (-0.54739976279280367,-0.23511872702208766)
 (0.38381738341479482,1.0158009322743675)
 (0.094774769948822474,-0.25466525402242168)
 (-0.62323427219047289,-1.2989119428908122)
 (0.057787750112906086,0.28319069521908835)
 (0.49476122898434927,0.43648792365368616)
 (0.086812002116072901,-0.31348153863705858)
 (0.9603944150837932,-0.50209788974754233)
 (-0.11675977973872627,-0.24934031221888775)
 (0.18640202597412819,-0.22062929535472336)
 (-0.29184016219485787,-0.48736775622147277)
 (0.10661103254622889,0.35064277993906812)
 (-0.67999536094171886,-0.39484752201438411)
 (0.26438023607161965,0.22950137660205805)
 (-0.31825568706618779,-0.31272298195967529)
 (0.40233430862868669,-0.74623852332162555)
 (0.068599244645504473,-0.30949590435072571)
 (-0.58312053856042456,-0.41911636263589025)
 (0.84163268475176189,0.31466789251348481)
 (0.44668928887613935,-0.75908086863812574)
 (0.12931162733509499,-1.2190308763425206)
 (-0.23524619252803139,1.3336924930806335)
 (0.36295188937137607,0.77833442790608365)
 (-0.24470841680171662,1.2006032363705847)
 (-0.98544394221453091,-0.17350433316101238)
 (1.1019734446111147,0.70278573500116681)
 (0.36807187200454877,1.038538869286493)
 (0.24006654112516937,0.50464346352646849)
 (0.20178845000655915,-0.3654263368339708)
 (0.34384525654925246,-0.39974925198081046)
 (0.14641534394500239,0.01626395609529234)
 (-0.40817955098914899,-0.60897431517780531)
 (0.38458969372662288,0.32042599638418923)
 (0.39079257925200994,0.3669252183565801)
 (-0.58132861275553993,0.35459616059168075)
 (0.65350771215921977,0.30940649333014159)
 (0.010088113410551047,-1.260216804451388)
 (-0.086119660742256215,-0.57677077038519697)
 (0.023412307651319242,1.0128641170513699)
 (0.37995439078475446,0.93543593290484017)
 (-0.28283837279730201,-0.24256881028186014)
 (-0.15561847024454009,0.35996613233704589)
 (0.67478330983644019,0.17939758260377903)
 (0.78870860611324767,0.52600872680113153)
 (0.53333960375809419,-0.16111204049407674)
 (1.185710376987799,-1.0878528951050019)
 (-0.81511516426166175,-1.833147441741803)
 (0.28649642420996629,0.46216931627909191)
 (0.36430037034075002,1.0208308013956731)
 (0.91006727658550524,0.69471289570103678)
 (1.1565673365334925,-0.61299758759264256)
 (-1.223605318700949,-0.16452325814150842)
 (-1.3886211300632547,-1.0181079055639326)
 (1.1135938569066137,-0.11887649148732568)
 (-0.25650663796891388,0.37788798271710039)
 (0.54896901424951072,-0.64133858717227787)
 (0.62943286898336548,-0.50183055078996508)
 (-0.86188034517428413,1.1422495079156645)
 (-1.3550412231191173,-0.11316337757298767)
 (-0.19535626645273149,-0.29437886847233308)
 (-1.0323855215004156,-1.0400529445239928)
 (0.15791095795586008,0.27525561831871931)
 (-1.0828121370840238,0.94599151875368659)
 (1.198620111396711,0.0051604072434893178)
 (0.37133440056132461,0.27309965860088703)
 (-0.37551013701083613,0.47718793497598999)
 (0.17134137379890674,-0.37831160623491783)
 (-0.30473851298254051,0.19428279053695227)
 (0.27204314737015756,-0.51538988474178871)
 (-0.26061206470226772,0.57517258111092429)
 (-0.86979999590920509,-0.57347072724275372)
 (0.66061344580849701,-0.061923787728477148)
 (0.51600640469422432,-0.6409536018398202)
 (1.4428543206427786,0.041275569295973646)
 (0.052838642895781038,-0.18483369151126289)
 (0.54133163792764905,0.15749677200380155)
 (0.24535438266170431,-0.84410782855386468)
 (-0.36724262320558065,-1.0177907361476508)
 (-0.61234429536436641,-0.35220725437337608)
 (0.02978174357608443,-0.36578538191801685)
 (0.23766855376777307,-0.04037031498374237)
 (-0.25434535875267739,-0.22277403652182726)
 (0.47666811387324148,0.84576773343565459)
 (0.60888048749726031,0.36469207238739387)
 (0.34478168412755272,-0.66905887212325399)
 (-0.38119983410141245,-0.032883570518438598)
 (-0.1455598724441024,0.36034025921499679)
 (0.9450288218915156,1.1758316383123575)
 (0.15900211554751928,0.53970948001848751)
 (1.060522980025232,-0.90139664970786837)
 (-0.27433690283670514,-0.49187009272553678)
 (-0.69564092736421479,0.70884790903464623)
 (0.14341952077702153,-0.53846327098105806)
 (-0.4717237840191511,-0.35875220260596102)
 (0.38346248314723613,-1.3394415930843591)
 (-0.5964951548156312,-0.28599866183224215)
 (-0.62739339903537583,0.01472088634692445)
 (-0.43820115226663614,0.02282059193318553)
 (-0.62381941435963806,0.40230337273217948)
 (0.039442886918613085,-1.1115916647493682)
 (1.2545829989165398,0.61904514044339498)
 (0.76064580113720504,0.69538085229730906)
 (0.53950035119090645,-0.37989015115930524)
 (0.94660921402433196,-0.13424084926992144)
 (-0.63201820160757316,-0.1105497162566389)
 (-0.15490705852211256,1.3322547483163707)
 (0.20388449758648536,-0.84946887374363744)
 (-0.77045227732470845,0.17044696834957584)
 (0.26871531613598465,0.52892178426969028)
 (0.023991620983204204,0.84179892753074859)
 (-0.083603852829793324,0.068984945795868474)
