# Created by Octave 8.4.0, Thu Dec 11 09:47:22 2025 IST <gamana@Samsung>
# name: rician
# type: complex matrix
# rows: 2048
# columns: 1
 (-0.7524251980919322,1.5019742991428693)
 (-1.1518806058895517,1.1463215164299823)
 (0.91071293203903414,0.0053326742291890383)
 (-0.42772889641366774,-0.40833946176220759)
 (0.94108309647418298,-0.95334994802024164)
 (-0.8132039715374747,-1.0703909046092885)
 (-0.29766372572376038,0.062085873455576576)
 (0.0087753150720213946,-0.59140487816510001)
 (0.43345207464377156,0.092938685562505494)
 (0.76753963632786815,-0.25633790225189518)
 (0.32370355518544025,0.28973901198331764)
 (-0.11489292040117413,0.074255909004059817)
 (-0.38172015719037655,-0.16036172133915463)
 (0.40891404435511147,-0.17646271042836259)
 (-0.023758722724578574,1.2692943113824096)
 (-0.24638628333916751,-0.55348637466927553)
 (-0.39375920477543502,0.67773448938095349)
 (0.081929242613832859,0.44887093164564612)
 (0.034425780891301744,-0.46034922563652947)
 (0.088131159346274357,1.0509749477197341)
 (0.56458068753689084,-0.46949137545034403)
 (-0.74601571886456008,1.0591719193685707)
 (0.048496696468549511,-0.64592827851164514)
 (0.9286420178167476,-0.68300256097089984)
 (-0.16107534208718444,0.77200248128288418)
 (0.21783312822478509,-0.52175411435540509)
 (1.3143159189666902,-1.6194174135978667)
 (-1.1803142866104905,0.010518399726181293)
 (-1.8977917669117716,-1.249035799889552)
 (-0.36049338818814819,0.29436159879304019)
 (-0.40801804605098424,0.30677526850908277)
 (0.97345535107618753,-0.31259129646053452)
 (-0.078718242268317432,0.20486857598600619)
 (-1.1813623106290785,-0.71583868837459474)
 (1.2304449238826929,-0.0050276119373427464)
 (-0.39871834029750219,-1.0329964412171218)
 (0.90574697154818173,-0.060883990785605746)
 (-0.75403461076903033,0.19677360025623916)
 (0.32389217268569859,1.3661654476793541)
 (0.28001278827739218,0.003964306897446257)
 (-0.65634065022840993,-0.20185674951273894)
 (-0.79002318742304889,0.86462076063224169)
 (0.52404070022411431,-0.67945233949732031)
 (-0.060685832323299424,0.257217744652949)
 (-0.32987615768324702,-0.47047785815093446)
 (-0.97243378129480518,-1.052487175718176)
 (-1.4803930529956888,0.32410413296981183)
 (-1.4557117004625495,0.24984328755162899)
 (-0.088902737612039123,0.27467556204682153)
 (1.3623630046041646,0.26544241888324926)
 (-0.55309696765989991,0.43615392384050267)
 (0.8104190006414882,1.1268293233953659)
 (-0.16527249271028124,0.33580753992445322)
 (0.13871458232223036,0.45135300914240772)
 (0.25056841226072757,0.40009051089897674)
 (-0.48132398257547065,0.38280533734892447)
 (-0.59205708538968249,0.36612901624509286)
 (-1.0620272774821256,1.0729686410937604)
 (-0.0079888754485225588,-1.2167480884246484)
 (0.00081571442479507969,0.032684565974698182)
 (-1.0059930726447024,0.26630444556532817)
 (0.77157862718288073,1.2604062332390824)
 (0.074278251397496775,1.8967096471320897)
 (-0.93786014964514441,0.50423980002088498)
 (1.0144569421686063,0.090768086911931056)
 (0.50955209674178881,-0.022836176043160267)
 (-0.44662569780659633,0.75053104772507817)
 (1.6693931943688114,-0.50546866025046022)
 (-1.3740787983400533,-0.95971785739589621)
 (-0.48283196354506724,-0.41412263659666348)
 (-0.74305134924087168,1.44970392190005)
 (0.45701648444926424,0.96929298338360059)
 (-0.069865688472276005,0.15384730315151615)
 (0.030218951406016908,-0.64397474911860986)
 (-0.41490574220133386,-0.77985249803886136)
 (-1.0669296771192474,0.79186182071879441)
 (-0.046185181002436786,-0.051526628125930389)
 (0.035263537224492048,-1.4098695760638507)
 (-1.1353881364365255,-0.13603776620422303)
 (-1.1112660590505317,0.97389753220286657)
 (0.85230598021852055,0.43072189507831582)
 (-0.7984002289657296,0.74573415062929571)
 (-0.36043821451989078,1.0343143387178995)
 (-0.37368105276512376,-0.24397414096991663)
 (-0.59874744708155103,-0.95763745993860883)
 (-1.0813600577034903,-0.4754774023348991)
 (0.25655317253348853,0.91176000693136217)
 (1.342562181185228,-0.42726848404816326)
 (0.35427689393723888,-0.63098030551929263)
 (-0.4704313181257726,-0.40504068268209892)
 (-0.015465874326741208,0.45346764427270414)
 (-1.3687096159341599,-0.58438677875807754)
 (-0.75308280125473759,0.25797652207475608)
 (-0.23447779441204314,0.094889144980464718)
 (-0.463898193395341,-0.96400855969227506)
 (1.1266015952224666,0.35849655878073938)
 (1.1725336698809947,0.24576277581757738)
 (-0.063512163600275201,-1.0095677598669492)
 (-0.51498474107164294,-0.055318058586050906)
 (-0.41824605578834773,-0.36806865468903482)
 (0.2642243958171453,-0.21425210900198713)
 (-0.72831120613871603,0.68069503179526136)
 (-0.75457501672447425,-0.22565297261292488)
 (0.33782128052102112,-0.37181895253763853)
 (-0.070261624786576105,0.60977205995960748)
 (-0.87881995825488157,0.87241068780451403)
 (-0.70991423504209694,0.29655466444169776)
 (-1.2043861702667067,0.079143675180416206)
 (-0.38468864823247967,-0.3537292236891536)
 (-1.1822640647866056,0.083633853356073262)
 (-0.30893064985450097,0.056795149590181837)
 (-0.20400019380999401,-1.0187917475911856)
 (0.34653496741087497,0.68328933953013304)
 (-0.106397177620751,0.24475217228048252)
 (1.8168863039945466,-0.49557869022214462)
 (-1.6339380896099684,0.46341290623572318)
 (-0.61407805127975179,-0.059874660713614136)
 (-1.0278787352309653,-0.78593340733779382)
 (-0.39665000799758632,-0.71577690549006223)
 (-0.33914696729966437,0.19951632361554988)
 (0.070077921822656153,-1.1028504991069599)
 (-0.52983310436741848,0.45752880138282376)
 (-0.77347008893591429,-0.9043838761313101)
 (-0.32357698337303498,-0.50703033671893427)
 (0.20714644415102146,0.30257083624463743)
 (-0.15029114688470246,1.4643033899036562)
 (0.62992495104857904,-0.59303486275263628)
 (0.053781842648552583,-0.060822726510754682)
 (0.11330843611864092,-0.7411977702300977)
 (0.17325041940195512,0.15590175254014477)
 (-0.11860641313865676,-0.746128519623522)
 (-0.23595196522743761,-0.24215930125947033)
 (-0.242099741646089,-0.31729107481004332)
 (-0.1496967755802471,-0.54245753701243327)
 (-1.7045273453850349,0.65785422263120186)
 (0.80216738479076977,0.24125322429583407)
 (0.12342725781150751,-0.16542250799120553)
 (-0.54023032691126016,-0.29491853595415374)
 (0.88157094606218334,-0.51327995532727977)
 (1.0844906869524364,-0.14253319172875467)
 (0.11065864736794828,1.1301758589388813)
 (-0.35906309455027435,-0.0027639463385838725)
 (0.12981888203537437,-0.75622961104532471)
 (-0.099764009251931685,-1.4412169529558514)
 (-1.0860288757528078,1.1766409889074105)
 (-0.44399365359038412,-1.0306339712822123)
 (0.039889600532345582,0.58865946133656299)
 (0.29536268718803427,-0.064506961736762389)
 (-1.3902158399586761,0.023830926870322122)
 (-0.11795156280680681,-0.27891909389673808)
 (-0.056108733423265673,-0.020997895347253777)
 (0.31408936310555025,0.26680063584940938)
 (0.25860591160792956,-0.71138047762289103)
 (0.81195811856897993,-0.49685055081057605)
 (1.235691414229992,-0.89727879315524395)
 (-0.48333943106021582,0.44925051891860912)
 (-0.95251014315235571,-1.3297189858587626)
 (0.28523487812418952,0.19287705119063708)
 (1.1304639871283813,-0.80426845627471022)
 (-0.13356422078263255,0.3211903070407035)
 (-0.43927266431400014,-0.1866604196127617)
 (0.24750137258172022,1.2923737366025443)
 (-0.23444794798981219,-0.081453167706712098)
 (0.73179183713423057,0.71667927651283825)
 (0.1931667750173762,-1.3308310673120098)
 (0.27963438411827846,0.22922349116143168)
 (-0.35127202692892251,0.49638555535409629)
 (0.0049358586921743053,0.39884931559442527)
 (0.71846989043608656,-0.49842972792692564)
 (1.3687571240184655,-1.3266951476652766)
 (1.0284305079607037,-0.85502343056340524)
 (-0.66828373429438281,0.63276393996468561)
 (1.0514388139847162,-0.30267898107931518)
 (0.18610440235399489,0.052474552380801051)
 (0.72924307277172851,-0.87426374004094887)
 (-0.00016455247141042295,0.54541511154290689)
 (0.10397489703579413,0.51170357003643807)
 (-0.88484851405242249,0.71372199639835165)
 (-0.2799122048409457,0.6164010369869054)
