# Created by Octave 8.4.0, Thu Dec 11 09:47:22 2025 IST <gamana@Samsung>
# name: awgn20
# type: complex matrix
# rows: 2048
# columns: 1
 (1.0009462487171992,-0.3613541753838288)
 (-1.0497618083243951,-1.0032781068056367)
 (0.93242261394818315,-1.0483177004438775)
 (0.25971851373331067,-0.94243240175465104)
 (-0.18419747888438789,0.25019052498430105)
 (-0.30215477865419837,0.3098120402039104)
 (-0.95528525186718094,1.0554197882272547)
 (-0.99306189216533103,0.82818538042083523)
 (0.92989696370122266,0.94440063713356592)
 (-0.32618351252155348,0.2424375372097593)
 (0.40933605672279466,-1.0669879105356721)
 (-0.9495499390764911,-0.31181704334179883)
 (0.93694715683245589,0.22844996543620888)
 (-0.96449642195148744,0.44646379036313188)
 (0.31676826744281222,0.90429399716958148)
 (-0.32606590662530877,-0.26724702864733213)
 (-0.97128442685016281,0.27457971873724174)
 (0.26217427265902149,1.02657995696499)
 (-0.93154144374372716,-0.18456416500393419)
 (0.99216276653097657,0.362654871278555)
 (0.97548143281020894,0.25672276217716161)
 (0.29047351231471796,-1.0667134908993439)
 (1.0504231354053108,0.86431805576028431)
 (0.29538212424021448,0.90631272973874388)
 (-0.33867232964117333,0.32710392567312846)
 (0.84043529049817933,0.33024924005627115)
 (-0.28636213932800403,0.33180895657401099)
 (-0.94268567588087637,-0.89689515063443981)
 (0.34515294015759834,0.28034569106537138)
 (-0.94891897931815317,-0.94000828019610727)
 (-0.93186428277178546,1.1375255178761752)
 (-0.38593045322272373,0.2942854610718047)
 (-0.38097495257703884,0.97459480071378746)
 (0.97120637500231721,0.90577126364418681)
 (-0.38564127057917846,-0.88757559920978379)
 (-0.85718836795475528,-0.22374748803180683)
 (-0.35607491265804425,-0.35920512237175978)
 (0.39205807848307261,-0.26292819478753165)
 (-0.97423868486243836,-0.98633644383479635)
 (-0.90585780840964591,-0.97081405899369966)
 (-1.0178646851965196,0.28901941183178481)
 (-0.93780963505779735,0.39318006591121357)
 (-0.26965915630227816,-0.87956987852028201)
 (-0.30227503198320055,-0.92473534134584312)
 (0.3369565453462896,0.99450206735959557)
 (0.31026318273833253,0.37182261354965912)
 (-1.0333793236168245,-0.92000963779974032)
 (1.0539366843693669,-0.16273286505754911)
 (0.23716147680200819,-0.42839045271805126)
 (1.0607847760413736,-0.25337543282970537)
 (0.36452400647235927,-0.9683597977904479)
 (0.97633055936397284,-0.97012850176181176)
 (-0.90720486390518018,-0.30566940786339858)
 (-0.88564961014763366,0.97227504808270404)
 (0.91497048796396752,-0.44062402186701299)
 (-0.91141425153910227,-0.82103469240347593)
 (-0.93946124111181095,0.30045353796067442)
 (-0.86138142283753638,-0.29428359763393774)
 (0.29462734468943136,-1.0313002459622889)
 (0.30673273689078018,0.93047352953168649)
 (-0.90224753373090605,-1.0063578283462113)
 (-1.0118964117485312,0.28398284925013201)
 (-1.0313076800273571,0.29647795090991452)
 (-0.89217709427736303,0.97660208708502294)
 (-0.88848950916775205,0.84743158560717513)
 (-0.95685710141975366,0.91919050338225927)
 (-0.39535537520197706,0.94804794518431845)
 (0.98138054824105214,1.010129930554144)
 (-0.32483186215612636,0.95671000877538115)
 (-0.45832741787523423,0.33951219841805386)
 (0.94492299449975992,0.92315277827344955)
 (1.0361374292441585,0.43491744670837684)
 (0.90221295416240777,-1.0171646770399398)
 (0.93609215618578556,0.95534984208624196)
 (0.93557923600099069,-0.32619908591023988)
 (0.90981284824193054,-0.294340494766756)
 (0.32903305512717346,-0.98265529182173794)
 (0.27990683736936145,-0.84034313328709853)
 (-0.28523138081132671,0.21659068583445132)
 (-1.0525082913662012,-1.025193242886721)
 (-0.27380287292170702,-0.95057295613596715)
 (0.26525357515293579,-1.039032359795651)
 (-0.33021764410134491,0.93455424781277041)
 (0.94913889101516669,-0.36423396822991244)
 (0.40388854602704527,-0.26235679716236926)
 (-0.87953125315970193,-1.0043818435010552)
 (-0.31446246981538084,0.41376862138914039)
 (0.21733365969369117,-1.0177564163733486)
 (-0.37154525136822514,0.29175454828136727)
 (-1.1284264630067835,-0.8922009707896027)
 (0.30190600754170666,-0.23993701877981938)
 (-0.17621792018032692,0.95633935552272242)
 (0.78180988951816766,-0.22664502178786855)
 (0.97376726420480253,0.33078373769168246)
 (-0.35647094194716955,0.42116706681155031)
 (-0.87633097231408641,-0.45969426205606889)
 (1.0187278447413597,-0.3247217312703165)
 (-0.22133342142761148,0.92430541003175848)
 (0.3813044402068228,-0.26173037903109808)
 (0.29117625560151994,-0.90498838348658839)
 (-0.85152851224717718,-0.33093384113996016)
 (-1.0440552297834409,0.2939941501992176)
 (1.0628138697347975,0.90890019071895656)
 (-0.84237974743449451,0.34385796098757831)
 (-0.31583663688331159,-0.30868993549409779)
 (-0.94513022455416884,1.0395767757789049)
 (0.47699894418949484,0.90196222955253924)
 (-0.27592778776521709,-0.95754959161557396)
 (-1.077624378517684,0.85455509360632553)
 (0.93630073624869348,0.3006284325213574)
 (-0.87230157792749907,-0.29525249364216988)
 (0.96661538409702763,1.1362758551301204)
 (-0.40289105844941364,0.2869260936053537)
 (0.4080352449420076,-0.33386042795325116)
 (0.32625531379738504,0.92160327835021905)
 (0.83438082329732233,0.99581208382694641)
 (-0.3375711023895055,0.29703264129635953)
 (-1.0162113551682128,1.0093466501172428)
 (-0.94938231640363135,-1.0004846210159983)
 (-0.31499256150510102,-1.0444924407595149)
 (-0.26997851373958492,0.87654258272521202)
 (0.28074425108542655,-1.0052578361760587)
 (-0.95767999115996782,1.0065165984211393)
 (-0.25779932627848684,-0.99656837382270647)
 (0.98110208946259814,-0.89191133088581676)
 (0.85764218780783408,-1.0173945250310363)
 (-0.82940431247414836,0.42312463761782637)
 (0.97113680438590255,0.98859449395672372)
 (-1.0248533199636356,-0.34616810965748079)
 (0.87090338822388091,-0.33044083057688695)
 (-0.37631151381894179,0.39224455681962467)
 (-0.72774041748759322,-0.38550321775791141)
 (0.3457687429216863,-0.86892124970822915)
 (1.0056132757755782,0.94652083964880052)
 (0.8642713413603178,1.0937735225202831)
 (0.33442630762821507,-0.93920698839773165)
 (0.30221271831609003,-0.91995397780495924)
 (0.31332667808932979,-0.2461896091793401)
 (1.0678983919116904,0.30186656585672139)
 (1.038417210175653,0.25948243953605565)
 (-1.0073345174134054,0.94155329301376645)
 (-0.8857540360730749,0.3026045077150647)
 (-0.99705904154652536,1.0521834594178143)
 (-0.28493314205528542,-0.23032012199564839)
 (0.26603001330554388,-0.87784218281509074)
 (0.93896319886711876,0.86940227468458131)
 (-0.9752602174547268,0.26945110329936667)
 (-1.0023270815776044,-0.98188199823196776)
 (0.92570694136808551,0.27656596273569189)
 (0.4931723380282429,-0.31147017456127668)
 (-0.91380899732443888,-0.99719794486926427)
 (0.20825997578953354,0.32457971237217131)
 (-0.32958527481362104,0.28342071942727831)
 (0.17259409020563909,-0.21401329573745742)
 (0.94175011904510531,0.41765962580591692)
 (1.046081435896479,0.37479797510251195)
 (0.91614348086672448,-0.39744580283506248)
 (1.0375557858128157,-0.38451638501009883)
 (0.37051644064745748,-0.81718724190579306)
 (0.28951496396626702,0.29486966932212166)
 (-0.25633506378161663,0.31103248997403099)
 (0.24978320085711581,-0.29519710767128854)
 (0.28110119039826209,-0.96271364919668556)
 (0.26683949946565366,-0.35629522455008333)
 (0.36807916145468789,-0.26777200046940886)
 (-0.19646933633847652,0.91206856218881216)
 (0.95470708847203078,-0.86508792913750399)
 (-0.92874966480821375,-0.85887205981189729)
 (-0.91410026721286586,-0.40952846408743848)
 (0.29691147631809356,-0.23124921254388559)
 (-0.27414018175417415,0.9164277963887083)
 (-1.0163361140939438,-1.0153625972894917)
 (0.39763845040749796,0.86877860601154366)
 (-0.30806875880661522,-0.97652904527037676)
 (0.35951864568909031,0.859225811541934)
 (0.40397446607895499,-0.26085364708960895)
 (0.33907202608968812,-1.0025058236832955)
 (0.38215504765910174,0.24919448637984776)
 (-0.34714685656779753,-0.89115121161356992)
 (0.28505546036494278,0.38653925670841999)
