# Created by Octave 8.4.0, Thu Dec 11 09:47:22 2025 IST <gamana@Samsung>
# name: rician
# type: complex matrix
# rows: 2048
# columns: 1
 (-0.034261316282330187,0.11217550538413008)
 (-0.20045900842398656,0.80866122492658321)
 (0.16911056297257282,-0.66942098096578917)
 (-0.1771283738595405,-0.98223445616973715)
 (0.36758923392792509,0.18764632633352876)
 (0.58663511643563415,0.64713043705290829)
 (0.99917619709489058,-0.33623314875818017)
 (0.4516357614276163,0.86758181999883788)
 (-0.028649692391779447,1.1510096113808421)
 (-0.57012733453536379,-0.30475934637919699)
 (-0.41423694453978438,-1.0256604383737378)
 (-0.55823125658026285,-0.14965960978201903)
 (0.060088101352363033,0.51883975555658801)
 (-1.059902588307037,-0.24248938035893708)
 (-0.74601544197536174,-0.75319246112385319)
 (-0.44566832170275195,0.33992700398819609)
 (0.74762718380165138,0.68636100223977936)
 (-0.50878318359582453,-0.23990053731748595)
 (-0.68505511645703798,-0.47335856498401579)
 (-0.41233738812147724,-0.92996749562173797)
 (-0.082032185964417415,1.3711890540775133)
 (-0.67647686245160932,0.019459358398944249)
 (0.3994303477598688,0.82592980452729758)
 (1.1106991440192173,1.2652887454113162)
 (0.2623526467768128,-0.51763230371417845)
 (-0.25094854172646319,-0.74159626896287123)
 (-0.20975574514052231,0.38413194058353006)
 (-0.12802627117522469,-0.0097089965264412215)
 (0.46772495989043084,-1.4842429094076341)
 (-1.0444055530017777,-0.2733244686479272)
 (0.14190406365370339,-0.69149309342017173)
 (-0.67449006597840966,-1.0789942240208863)
 (-0.23378378831750529,-0.48676862239568003)
 (-0.52690307732849195,-0.4774177547842442)
 (-0.66137979640452427,0.74028428414449632)
 (0.61025255295639536,0.36591734679254484)
 (0.61311473495048607,0.50815079171718114)
 (0.51822045043258602,0.18264022747515438)
 (-0.93840380518840261,-0.49611665855574871)
 (-0.26112833269974045,0.39323905540026882)
 (0.43032208498369173,-0.61183992197897807)
 (-0.32452006930731681,0.46697881972575472)
 (0.063342347211779559,0.143831562357703)
 (-0.40066197834862888,-0.43703551079953579)
 (0.052373209927750741,-1.4889953694625075)
 (-0.9977230150987485,-0.026029771733222629)
 (0.44741895670062448,0.77523132425969998)
 (-1.1855999598925198,-0.32997499046659279)
 (-0.51457867854406936,0.64313726185813747)
 (0.42923818968281857,-0.38683901994086051)
 (-0.38606303572465078,0.27569974323736901)
 (0.21955582427958276,-1.1600672738773894)
 (-1.1230256116222352,1.0223765260502042)
 (1.5501598344447087,-0.11709186797669524)
 (-1.4475477132410288,-1.1733530148883078)
 (1.1451876495174167,-0.1307582299152994)
 (-0.083579423270875433,-0.58897793953537347)
 (2.3084813543380029,-1.8966906532471679)
 (0.23223759679245673,-0.25511892743815895)
 (-0.33488401651081739,0.26348107083907807)
 (-0.70441606127384426,-0.8850379989855971)
 (-0.44590328804534024,-0.3789124391832922)
 (-0.63132569958990326,-0.5789201094186408)
 (0.82474239679121797,-0.24115837849313887)
 (0.59278761275588632,-0.029737676393897711)
 (0.66296308631414169,-0.36666422144059652)
 (-0.40564460014193238,-0.34858608412593373)
 (-0.69955091820735027,-0.56631388703158159)
 (-0.19856117024375197,1.3160462022787562)
 (-0.12001907246556548,-0.74808917901953365)
 (0.97853987769557249,-0.085773335753763724)
 (-0.20898956220992754,1.1420217195660494)
 (0.090090218458662941,0.45492045457227176)
 (0.43692992123444196,-0.68532131884296699)
 (-0.19151806355004025,-0.24078911988995916)
 (-0.31653971817165488,0.52825798438152038)
 (1.1524944639940227,0.025756879399951305)
 (0.86578259244529243,-0.09370738932131481)
 (-0.80347866271288337,0.60093685878041092)
 (0.33064079642818317,1.0168055659403854)
 (0.4194233005929805,-0.32500002365795466)
 (0.36371234607801889,0.31383247283864352)
 (-1.0104957006108068,0.76628977171213708)
 (-1.5903897809991423,-0.51197793453687435)
 (-0.35380475716290383,-0.060492184117604916)
 (0.069882348411440809,-0.34077208110409918)
 (0.71267060845746433,0.6346638451124913)
 (0.44357065947181334,-0.70146075016908904)
 (0.46980758531706707,-0.082532308447052699)
 (0.48926824486275056,0.19509151745772083)
 (1.8931070059016986,-0.58356652387801666)
 (0.5175962722670262,1.0096322905809112)
 (-0.75792229322243998,0.91342241805354762)
 (-0.63795825052133814,-0.136572327175945)
 (-0.36126434738591728,0.64469280563221931)
 (-0.19840935195495846,0.030439084352464882)
 (0.3085278374842364,0.28663199074874179)
 (0.16410936804611626,1.0358239817509642)
 (0.46022487750169438,-0.13179692043600619)
 (0.36034063802816613,-0.98552394686444478)
 (0.5896299737443772,-0.47973287479356874)
 (-1.2620978161252554,0.85221911298927344)
 (0.35408014801275089,0.81284494364971893)
 (0.4128128258743059,-1.1440359167966894)
 (0.078596789917273605,-0.23575746131719727)
 (1.150227832746068,-0.59451797023751274)
 (-0.78117407957611895,-0.69421764054143598)
 (0.53784928520324071,1.0094386557186357)
 (-0.68873088370120783,-0.094499684071551182)
 (0.36952544425665562,-0.43471687219938032)
 (0.55764091413041528,-0.20568025260431722)
 (-0.71368595968217463,0.067906585851671253)
 (-1.1301163115021222,0.71350921310632232)
 (0.0066306343031407311,0.07340805966382874)
 (-0.26007268530613881,0.57714393751041504)
 (-1.0275665069574931,-0.87945645845964771)
 (0.64109861624620024,-1.0348292692658791)
 (-1.4171255524545772,-1.1262841519065945)
 (1.2740062955923666,-0.74778087956960559)
 (-0.089138093927064885,-0.66955823960975458)
 (-0.35200247327185297,-0.53633977442629388)
 (0.021897102960705989,0.52927984911816806)
 (0.54735577791317402,-0.82088777547485814)
 (0.047789095443625779,-0.69502269697582464)
 (1.5894860350647144,-0.59967855631955569)
 (-0.25538960044159625,0.45723407943312383)
 (0.65326598136108915,-0.46642030343802776)
 (0.26150140894383495,-0.23109221620130926)
 (-0.73965980432383471,0.63437396665730006)
 (0.17065841267665485,-0.47314095955428392)
 (0.65398012196819644,-1.1628388845925051)
 (-0.0042127078439550825,-0.79149765719241483)
 (0.4228337783108212,-0.55948221663404274)
 (0.16072489764060746,-0.46515444151139163)
 (0.54117487383910046,-0.28204684038173178)
 (0.19878471930791794,-0.38594382839823871)
 (-0.2650616000381581,-0.19529093413742993)
 (0.43262640118649298,-0.65288196139711274)
 (0.23503205572838817,-0.2100308424267652)
 (0.22521368227954347,-0.11153328675786589)
 (-0.59292032341639589,-0.49151966294076332)
 (-0.24203845326885434,-0.23314008114817728)
 (-0.68126580885862742,-0.77855469878624484)
 (-0.14037508670345386,-0.27539489770382208)
 (0.039737719722552932,-0.26482379472629614)
 (0.69709654586336123,-0.4735066569891187)
 (-0.64469583387245644,-0.68708168003630721)
 (-0.23912955317968157,0.41268208728662076)
 (0.33223743154049751,-0.29150869394048834)
 (0.26123860756759254,1.2235244294547016)
 (0.53799128607253111,-0.60075710863515996)
 (-0.4009974275982835,0.25304701171959754)
 (1.4588648925199323,0.60178870683823016)
 (-0.20124713672837133,-0.59028889787803518)
 (1.0548418924661498,0.85791505215421071)
 (-0.14612520573165566,0.16796274671941186)
 (-1.4433513138168372,-1.2801680979386196)
 (-0.47875566263493985,-0.32787101804573604)
 (-0.77688382597569328,-0.67060141108659654)
 (-0.086889641359030656,-1.1709219714330317)
 (-0.53187698228692859,-0.42821037792636596)
 (0.88176059317388644,1.0350547419566805)
 (-0.37568464732370926,-0.1157023119390112)
 (0.60064525425927329,-0.41957389427740355)
 (-0.2899649273522254,-0.29480874907570059)
 (-0.36362027593500573,-0.18649506007713684)
 (-0.55559627735357875,-0.6193445669744625)
 (0.47835823584925524,0.2467612076327434)
 (1.8407699087770966,0.78402002811752769)
 (-0.1257063889392851,-0.49551305962539771)
 (0.14911519048937358,-0.14318419373654998)
 (-0.68220248765028824,-0.18221651719693294)
 (0.20123308070173046,0.17208359418456975)
 (0.37533531520019686,0.204104854952672)
 (0.43169887301984999,-0.31793513374493809)
 (-0.67196782753798245,0.83543716810539725)
 (-0.89242497740468774,-0.25818645109849248)
 (0.14913536359742136,0.21661443473751191)
 (-0.9599755302444144,-0.18713432466524349)
