# Created by Octave 8.4.0, Thu Dec 11 09:47:22 2025 IST <gamana@Samsung>
# name: rayl
# type: complex matrix
# rows: 2048
# columns: 1
 (0.075771740614211797,0.78259464913653176)
 (-0.011008529843612641,0.28419196084031206)
 (0.34077539941956003,-0.049072284549391415)
 (-1.0625947222709309,0.42532918361678484)
 (0.24427866027821854,0.073735506103491888)
 (-0.64096375374318715,0.18952416676371936)
 (-1.3741524326363743,-0.96418694737839894)
 (-0.16890095730505836,-0.0022988807683007872)
 (-0.23606389000566025,0.19467270335144832)
 (0.057888829237395981,-0.32255165209251291)
 (-0.46497510521807889,0.62288712993132711)
 (2.4748322806658907,-0.51658708630555128)
 (0.41547105956837616,-0.20103127614597049)
 (-0.058958444961498602,0.57540357393413988)
 (-0.2890084369695366,0.13315735987428359)
 (-0.56965407962819326,-0.27912170146863413)
 (-0.11381935525753052,-0.28692369663943024)
 (0.47827853115115326,-0.069818130533462308)
 (-0.29706778328809869,-0.21105970153473719)
 (0.62439250467772556,0.5307012631707646)
 (-0.18133500500546679,-0.039497183803011197)
 (-0.56606634014342772,-0.38784782096134962)
 (0.076475840524132602,-0.18242195188493887)
 (0.2467919560545826,-0.40878322188664518)
 (0.21464400791789648,0.33498537198398004)
 (-0.71723867010545794,0.14449397362967165)
 (-1.1201604901114894,-0.30686580637172134)
 (-0.037711923976965628,0.43733569543129713)
 (1.0214962346190046,-0.10973954964230703)
 (0.21824140122331581,-0.34997096997808175)
 (0.72810234638935878,-0.41481486709894599)
 (-0.25362466461103494,-0.14735705086382841)
 (1.1179216663346154,0.61168012976610153)
 (0.55654973908951821,-1.1509694525354726)
 (-0.33685533434195736,0.52964137564149405)
 (-0.029002942048104441,-0.28328892983490905)
 (-0.52631664396749445,-0.65973967204775885)
 (-0.3125374715038407,0.56810567324512284)
 (-0.86610478813799929,-1.1413681636471349)
 (-0.14361214310112619,-0.33421826104650965)
 (0.57303685661076598,-0.61370707894020882)
 (-1.8699679475437847,-1.5722865061144153)
 (-0.39394746853019441,0.42436853424485027)
 (-0.6586710938127196,-0.34277000198268393)
 (-1.6700099011752789,-1.1012785073676785)
 (-2.0021538808206243,-0.32688923768536127)
 (0.7022361877127361,0.26867296999768564)
 (1.4690931679291195,-0.20791079351046232)
 (0.57746044105318484,-0.39370105408667888)
 (-1.0578121363680355,-1.1521670315000607)
 (-0.090045860000576322,-0.3756143548508647)
 (0.30907796942469545,0.48158844895423847)
 (-0.35580584301272161,0.4569996194656778)
 (0.40841820024406511,-1.5163379334938116)
 (-0.24362675386485444,0.48986353395243015)
 (-0.66066792878477176,0.046369444846597996)
 (0.14406821588847296,1.5212048908443694)
 (-0.96920974718504871,-0.16602362969181533)
 (0.21216192646480006,0.36080341255346027)
 (0.11069563047548302,0.30687292720392356)
 (-0.14201101570800789,-0.017281596949008146)
 (-0.068144943770443889,0.91623348479223599)
 (-0.74957173246637876,-0.71445011607513687)
 (0.48300148865442522,-1.2758994327939137)
 (-0.36245519221563005,-1.3675566104640682)
 (-0.22482516190049895,0.21629514490082491)
 (-0.24599451854489485,0.31070068453200389)
 (-0.27129589731640152,0.25107882607950388)
 (0.0045062334515652202,-0.00033248242022785928)
 (0.39598169382407533,-0.32133596523794228)
 (-0.50621933340419289,0.3881568231589419)
 (-1.4861057588223061,0.31920812108265567)
 (0.93734466315721565,0.99726012711794598)
 (0.63757421047841545,0.08704418124016966)
 (1.6347400806663215,0.35321018175716162)
 (-0.5854765206367859,1.9548298550194998)
 (0.23146682984019915,0.17144555682587226)
 (0.13615971094493612,-0.98039635911637601)
 (0.58177955636812739,-0.33985813682188759)
 (1.3417110438787001,0.25762045112036114)
 (0.3098575353333608,-0.61090975730067121)
 (-0.14335771019550952,0.61373740545868516)
 (0.36282323234878738,-1.1208238871466765)
 (-0.74165863927368614,0.26444662903363292)
 (-0.46668576866941347,0.0033105181432232511)
 (0.27018647237830884,0.025293711601453536)
 (1.4267554484393496,0.37572242339227691)
 (0.87012131208788113,-0.39683296539460744)
 (-0.17644592243468427,0.086121540351957612)
 (-0.090060807657801972,0.43930944456885596)
 (0.24982535511813564,1.5374982465862166)
 (0.2941646296590118,-0.98695839187013612)
 (2.0485484833128869,-0.27349720913330455)
 (0.55287870417360119,-0.24353261886872593)
 (0.51810023967395236,1.2069774996054004)
 (1.363110999919251,0.81485982679519608)
 (0.88039657808936345,-0.26839594969140124)
 (0.45074549108162559,0.085911311205716989)
 (0.13558328982521173,1.7805262488052249)
 (0.53436473127101625,-0.60312980868112953)
 (-0.075282295397204602,0.45617028409774335)
 (0.020844217998264102,-0.014565992322270051)
 (-1.0598288737449475,0.39981537835572678)
 (-0.41408377668336366,-0.28514986974249518)
 (-1.5931606569906394,-0.66329709045569807)
 (-0.63705902720187613,-0.91593205219724594)
 (-0.34822481680188794,0.41967499789578094)
 (1.1050893574201603,0.25668219625913302)
 (0.31667091069686137,-0.661504643151969)
 (-1.8609331088302115,-0.95576682563748094)
 (0.16582005395102617,0.87225874297100958)
 (0.0067993828473222329,-0.1726609872645733)
 (-0.049984386462565755,-1.990406541189484)
 (0.44859098895089344,-0.007188769576995796)
 (0.66165546191539004,0.37738607176528716)
 (-0.58429291403090056,-1.2942111685882376)
 (0.66434071613514678,-1.5461376092619359)
 (0.51740213621138365,0.57166573481296246)
 (0.5336452305574193,0.3124225252099973)
 (0.59245300553722968,-0.56632448279474357)
 (-1.1939056632722935,-0.4866804559168405)
 (0.61287476857388001,1.3340583072346033)
 (0.67516166041610959,-0.26064502374658949)
 (0.091074131460198535,0.14220480957101339)
 (0.40423831339418992,0.381621215211979)
 (-0.52712257246874128,-0.31776342629365267)
 (-1.1117526998196707,-0.32862268345394391)
 (0.3891469608558073,1.0129604562933467)
 (-0.70596561806221914,-1.5062544570482455)
 (-0.14158616822129344,0.35965432701927852)
 (0.61677005512477823,-0.031262978180471301)
 (0.80333022640318485,0.76810833325783523)
 (0.26242745941424617,-0.18205344363299758)
 (1.3076885120097907,-0.34823222134018389)
 (0.84037407432746458,-1.0590999062330217)
 (0.28139906816426513,0.32092073546486094)
 (-1.368826710229331,-0.89634269436257785)
 (-0.26235563857613314,0.029481600746544753)
 (0.8355756547942137,0.74889932585118224)
 (0.54416364728464384,0.21269592814975766)
 (-0.46269849479925029,0.17040847438381612)
 (0.54312847399084618,-0.66192531485311568)
 (-0.17814375779705002,-0.14435371952249562)
 (0.3100399693705379,0.15057140182690887)
 (-1.1036577716659539,0.18548249567647168)
 (-0.20043955967781951,0.42056592353683903)
 (1.18539974280947,1.4115062087301962)
 (0.092767040521149258,-0.20449903122057994)
 (-0.18378869937406772,-0.32572401243774296)
 (0.28334154094687386,0.53647184896518008)
 (0.40591061529543809,0.15971900752237214)
 (-0.35559244871544904,0.24685419876197467)
 (-0.14329888629591117,0.045363881696475185)
 (-0.051511425985732343,0.1766678169050675)
 (-0.93664775676154899,-0.76029794724902722)
 (0.21671405187628495,-0.72412612911018481)
 (0.79143492246035352,-0.88207994655050537)
 (0.19560241983367602,-1.2036771520848881)
 (0.090388927245320203,0.14044675206062851)
 (1.3708487132798881,-0.47980344779546369)
 (-0.50529500241869385,0.59477039323224101)
 (0.26932951088246759,-0.84284910104211141)
 (-0.44996601847906581,-0.11562376383112385)
 (0.1264608150352276,0.25520434921240259)
 (0.2160912769154586,0.094782373269949594)
 (-0.096193085372123122,0.62530967268075111)
 (-0.59449677753748276,-0.15056709596932288)
 (0.13411175093597885,-0.16841775017525482)
 (-0.73476608787930764,-0.05466010111011993)
 (0.34053396633584498,-0.12857909581014806)
 (-0.49201771522182086,0.037428275618920398)
 (0.012534358536895374,0.060794837732828622)
 (1.7430852526644776,0.22554880387906673)
 (0.28569025598438713,0.16360756996288173)
 (0.19947653667199494,-1.2027511472574712)
 (0.25850437385675568,-0.21648752350592498)
 (1.0186086636012928,-1.2443782169827966)
 (0.31978457298720425,-0.03565791053424594)
 (0.501103010229209,-0.13419597392834762)
