# Created by Octave 8.4.0, Thu Dec 11 09:47:22 2025 IST <gamana@Samsung>
# name: rayl
# type: complex matrix
# rows: 2048
# columns: 1
 (0.29770585813817363,0.15704607554091921)
 (-0.83799845196514655,-0.93262332765856437)
 (-0.605387161640765,0.16214105575108187)
 (-0.30183225246605216,-0.554189381527605)
 (0.14303285437323718,0.47315572991339017)
 (-2.5032713661854258,1.5722724039160552)
 (-0.017548838560165647,-0.18108226481942699)
 (-0.034470822436739934,-0.0053794000505836652)
 (-0.096378923078524012,0.29672552555963883)
 (-1.0838827391560089,-0.34757060426184927)
 (-0.049746687146760948,-0.41031235604205935)
 (0.29303577872622288,0.97925880222091821)
 (0.039585114135938543,-0.47594561086456177)
 (0.39143365629565519,-0.19755539538129441)
 (-0.75516376569121846,-0.046080726192109206)
 (-0.047040434374791662,-0.43281578563666517)
 (-0.76716075845646337,0.14417542785752571)
 (0.1391637836629489,-0.57219339697023597)
 (-0.51316605889990785,-0.050535515722802182)
 (0.010158411833539632,0.26062881120674902)
 (-0.8774811582024038,-0.15870400799584611)
 (-0.93622193269185572,0.85820779994284457)
 (-0.26094709887227069,0.037549427935989955)
 (-0.022953762496600916,-0.83279092574883529)
 (0.37644384982196077,-0.28541209543908969)
 (0.11947962889236416,-0.20760035267551721)
 (0.547623009935574,-0.33463274707293822)
 (-0.15401033485899424,0.86771306557591754)
 (-1.6163115257661105,-0.26346508806061242)
 (-0.4828596824528722,-0.45581053783999415)
 (0.063160910743808529,-0.82652217556850527)
 (0.44731245475700576,-0.11034212469861968)
 (0.19528029237263486,-0.7775004535219272)
 (0.32585946952643075,-0.51187152836830618)
 (-0.39639428526727061,0.15563778762686764)
 (-0.059442961758214008,-1.4440257822851592)
 (1.3979401432932252,-0.47750130778304217)
 (-0.33351024877211199,-0.30036838745929395)
 (1.0544795450970292,0.76976658157588784)
 (0.90781043670522632,0.72458351048628433)
 (0.087483808085097425,-0.91214260863093566)
 (-0.37084233263071836,0.55599461008229256)
 (1.7063468272122011,2.0317551303403034)
 (0.082854997918158008,-0.12358019336625736)
 (-0.022634536015233617,-0.18895833346959695)
 (-0.8693354427092348,-1.1627554060003431)
 (-1.0187393863234921,0.67072137185227843)
 (0.34764630986532385,0.93027424131545011)
 (0.7416453319350117,0.4455468885052345)
 (1.3681468790195623,-0.16509557070791125)
 (-0.64518285247590601,0.030299059576558707)
 (0.10386927122992431,-0.7224528519879504)
 (-0.6661088281174552,-0.2479505173594862)
 (0.32340773366468489,-0.087003339815108729)
 (0.96894822614713783,-0.094378007813208487)
 (-0.059468187631523658,-0.21302240351145257)
 (-0.50590869485637124,0.41826920983519494)
 (-0.87393918204220911,-0.094004032721864084)
 (0.16336042817705226,-0.10585919280749484)
 (-0.70658647224060323,-0.11796963396766685)
 (0.089348624366865415,0.14836455844508895)
 (-0.62868671331899162,0.5151367541234847)
 (-0.48390957243874977,-0.79977053904990891)
 (-0.21671485441831942,-0.34606141858500999)
 (-0.17468452492539865,-0.40444597104177393)
 (-0.28044732857618782,0.58679711755299147)
 (0.98855968765396862,-1.0644257076118731)
 (1.4460614562754477,-1.5463704656200157)
 (0.75138063945908651,-1.3344178599155401)
 (-0.54507551824274847,-0.35046420500482289)
 (1.8857606178153989,-0.38653489493941107)
 (-0.20763199677434532,0.11337727876748013)
 (0.756083119523144,-0.18843963787445306)
 (-0.058268451069045823,0.36485606316879138)
 (-1.6263469288789918,-0.90114393142857041)
 (1.3911921483451153,0.041846386665543633)
 (0.30608094392034263,-0.047132816037872338)
 (0.16956075119765601,0.31782230971036773)
 (0.82567648806004401,0.66944823926873021)
 (-0.78089415590252231,0.067564576266568199)
 (0.13761178443704758,0.47684558247503028)
 (0.061216229022437466,0.46634842977486091)
 (0.12404218556787824,-0.0092377180781205437)
 (0.0026668410334177994,-0.93512944525192865)
 (-0.096958129965977732,0.37259896947668764)
 (-0.27040460331594507,0.17334608411885749)
 (-0.28242878460527909,0.36998737919404423)
 (-0.74089385495887083,0.33421655601201417)
 (1.2204296618053749,0.16699698732403445)
 (-0.11567373138154577,-0.48174933044699797)
 (1.2308859127684739,0.70564577801863626)
 (-0.8568496193201417,-0.46321593274815587)
 (-0.06356186911996721,-0.097134700417605996)
 (0.63668233130054686,0.51283063877030455)
 (-0.80170548598907199,0.72802475872941574)
 (0.48390183189529834,1.4961265833235902)
 (-0.64489135481566418,0.098140978854106303)
 (0.30476300780225818,-0.33461662460891872)
 (0.5264599883182024,0.73554241482281557)
 (0.91356961485217869,0.094020748193654913)
 (0.056024453141888489,-0.29099217423695706)
 (-0.51914843847840098,-0.35118724316997918)
 (-1.8520812759475735,-0.31433471889643827)
 (-0.26264866041845059,-0.32628175028014594)
 (0.020372424665896449,-0.68063279246271491)
 (0.025128964571900725,-0.7880207969728471)
 (0.60321772954783248,0.03645008378875314)
 (0.63638120297710432,-0.6766507612713013)
 (-0.18231544004250774,-0.18062821174528401)
 (-0.35281291886558575,0.51635834475862663)
 (0.17067248839915705,0.11438754308046267)
 (0.31344744213205555,0.79163604370067875)
 (-0.53629300788580037,-0.5408782902971665)
 (-0.02334199667076256,-0.14670401588019871)
 (1.4733994953819929,0.68176328501243866)
 (-0.23925917956271978,0.30776885741236265)
 (0.43268534359086641,0.74161046678256159)
 (-0.37095078391582137,0.18010153312467481)
 (-0.17643418924472545,0.51022041916369143)
 (0.39357488002462016,-0.679886148949159)
 (0.56085693809783121,0.46820330849068892)
 (0.9973126993385909,-0.73368916904038062)
 (-0.71773372417860903,0.049502603041059856)
 (-0.089399111574389289,0.50245421615597141)
 (-0.79321082707554758,-1.9346335122230374)
 (-0.075901351640884976,-0.15639205719045884)
 (0.078866535846663505,0.70861567086764055)
 (1.4041594729430478,-0.0079585938331814265)
 (1.2190153635964747,-0.57018303197960285)
 (0.76676796758737775,-0.60685480146562554)
 (0.081609791352759087,0.55439698354456923)
 (-0.062704030273049605,0.15062331383497932)
 (-0.89644829932322445,1.5983124913065905)
 (-0.072456974701181287,0.0919599150284236)
 (0.0066922999135426084,0.045024222553234482)
 (0.43920272859351545,1.409769848579532)
 (-0.014798812502884909,-0.20611112367874573)
 (0.21092204463285649,0.063607496387099699)
 (0.23580404038988162,0.20149613594860055)
 (0.38641633772153061,-0.9583532116283151)
 (0.33306628551179207,-0.84165044188138194)
 (-0.41157890417897741,0.63989762120189853)
 (-0.11456138974351449,0.5240229806605371)
 (0.41044724615321393,-0.38066740722526815)
 (-1.2386427474823676,0.22313143768991028)
 (0.38897424522876534,-1.1567461909212229)
 (-0.81669110842873394,-0.74309165181806103)
 (-0.090284600551249816,-0.038580591595691369)
 (0.21268620738695532,-0.33522430730351371)
 (0.1714622019269231,-0.19625359791481242)
 (0.4433679440413254,-0.75047620466654208)
 (-0.21413803655242533,-0.27763385146231034)
 (0.054576547876665882,-1.1708754644101229)
 (-0.041495696951936389,0.95952773215267162)
 (0.2551263547257191,0.47697220503285331)
 (0.374837885088109,0.22748552373710362)
 (0.4224663893273205,1.4835408780233039)
 (0.5122569571305029,-0.34630008122829475)
 (0.67133459850792809,-0.53051522170756338)
 (-0.18768755663026848,-0.0020215097460744152)
 (0.11143225640303409,-0.35672094370327978)
 (0.16859575771629814,0.4076886240800302)
 (0.51080168543467896,0.77861706574739431)
 (-0.61714935161420692,-0.44297549583308593)
 (0.38583681856544766,0.28404325177797213)
 (-0.12040073253795387,-0.040914256367496994)
 (-1.4731092587582233,-0.86058376929171732)
 (-0.42179658203079057,0.93225789867929199)
 (-0.0052604068515601787,-0.68169393193376304)
 (-0.15132494130086638,-0.15920980347885427)
 (-1.5716377587311958,-1.8401100247135063)
 (0.85421988120701731,-0.10236908500398056)
 (-0.30196152668175658,0.35043753995869953)
 (-0.16306902052564592,0.09086306721701938)
 (-0.30182054021025084,0.086082886314612236)
 (1.2786378740730777,0.42693865636082995)
 (0.75314305457290753,0.10235080593997725)
 (-0.172244434749112,-1.0366021045177722)
