# Created by Octave 8.4.0, Thu Dec 11 09:47:22 2025 IST <gamana@Samsung>
# name: awgn20
# type: complex matrix
# rows: 2048
# columns: 1
 (-0.37924634066166324,0.94534756375010753)
 (0.29069234369993269,-0.96696612650781555)
 (1.0303142270700101,0.89102236121643663)
 (0.98568091590789197,1.0689414694188895)
 (0.90533857903494663,1.0125382287396232)
 (-0.9198527900990433,0.24718753508522215)
 (0.32597327972712636,0.90504398231458993)
 (0.47850353607014967,0.88899982059145)
 (0.88290250925447866,-0.84274889969546818)
 (-0.25932854498087066,-0.34437078031148882)
 (1.0630518203146266,1.007457642901231)
 (0.29117341497821236,0.28002532847991768)
 (0.95876032489295349,-0.99745835721966869)
 (0.96367735268710619,-0.98923065685504097)
 (-0.36244418388792005,-0.35036185401768716)
 (-1.0377597200023922,-0.18273085422386731)
 (0.9375257077870176,-0.9859916550465363)
 (0.24812800592765366,-0.18196588535069394)
 (-1.000481957610948,-0.85475429509558032)
 (0.23214567023719296,-0.95723050401885823)
 (0.84122533616385031,0.99983503331454848)
 (-0.37724306865087898,0.35186885298683918)
 (0.79591398367218913,0.88316775575903983)
 (-0.93354279308901922,-0.38366625550074412)
 (-0.84442239234570327,0.2152737685318038)
 (0.34404984817670714,-0.21975211264115185)
 (-0.95898791012711759,0.94491597651358572)
 (-1.0183240386012908,0.28287443157748982)
 (-0.35488866802674357,0.28706083160913476)
 (-0.90375362695614125,0.37516833488627827)
 (0.42955318055294156,-0.30532488077616682)
 (0.95176436697344635,0.87636625091036313)
 (1.0279010006764211,-0.31616766613208824)
 (-0.83847631222528463,-0.2755154852556656)
 (0.89537354590989005,-1.0136701571632964)
 (-1.0509969990862562,-0.30201030003325541)
 (0.82648228560880244,-0.81909047088833631)
 (-0.97581659746520033,0.9789731326526574)
 (0.88919192280524573,-0.9238034010408388)
 (-0.96880591628461765,-0.97486217099378947)
 (0.43899533041741118,-0.25347193513037775)
 (0.86380455508916409,-0.40731824342230627)
 (0.86969962082738672,0.30122204535168395)
 (-1.0166900492880278,0.31539152944683962)
 (-0.26685072183523922,-0.31700661221222132)
 (-0.25880168819580568,-0.36919760314873318)
 (1.0184118206520987,0.96114542279074244)
 (1.0352396758282434,-0.19134490777480437)
 (-0.77514846315610575,-0.86344431081873307)
 (0.34609775007536714,-0.28524025157752264)
 (-0.25628397760443683,-1.0005725166293364)
 (0.50454627356454229,0.25127997368042282)
 (0.3378161904303415,-1.0743362580154501)
 (-0.90378668738754431,0.94830522520294325)
 (-1.0080784760761574,-0.4648403639145699)
 (-0.9569149110126941,0.3753397866808818)
 (-1.0584721595635047,-0.28873046222886184)
 (-0.89524302168853198,0.43366322908746996)
 (-0.99330049218786465,-0.32676360848083108)
 (0.29848093071777698,-0.37520352061598722)
 (0.86263795711685187,-0.95111055124914889)
 (-0.99916415236275558,0.30307717671120149)
 (-0.26271941364805573,-0.858512233240039)
 (0.39004711133444647,-0.87581856091415278)
 (-0.93867462750852237,-0.45655460858863633)
 (-0.33540055609199954,1.0153627842209514)
 (-0.37811278946819549,0.2964910496717012)
 (1.0614109256127831,0.97061202203016417)
 (-1.0003954358505938,-0.86378693976301968)
 (-1.1215397138499579,0.21595089743432094)
 (-0.85555443877702619,-0.9414102702745879)
 (-0.95931858013766136,-0.32134855781877314)
 (-0.22695842943197417,-0.9866907052977385)
 (0.17361317840259669,-0.98469154757568367)
 (-1.0214730165485153,-0.90313621369546937)
 (-1.008821336045469,0.8692979614741545)
 (-0.27511206338690009,0.27432009757209103)
 (-0.26468255743078023,-0.96562877409399683)
 (-0.27291541067912312,0.98962968108522431)
 (0.90768113302622133,0.25641816927638716)
 (0.523987018595234,0.50552049940405763)
 (0.84068807105065091,0.31212011562953779)
 (0.30452595254969278,0.9765735745879871)
 (0.27026081635658594,-0.30401331261684494)
 (0.82316800680630187,-0.9764837350101444)
 (-0.35083255452165374,-1.0038196612449874)
 (-0.94320300952783664,-0.26657180002567604)
 (1.0833380378238586,0.87417723618156096)
 (0.29319743813541488,-0.97804970701193872)
 (0.94209996502830318,0.92478607994196271)
 (-1.0970939919421945,-0.91959784120603627)
 (-0.25245522793215841,0.23941498583032117)
 (-0.96391756881566415,0.28622540927601087)
 (0.45788555918169027,-0.92627671634641384)
 (-0.2857001232132988,-0.88132413739584403)
 (-0.35909582090079195,0.35891629937955855)
 (0.27213314974083408,-0.41339355235012365)
 (0.47415034121827082,0.36736351514907084)
 (-0.97806976755695541,-0.36972731153485694)
 (-0.29431784249591375,0.4225245913077077)
 (0.32953895693448904,0.99207483762903992)
 (0.91539853608406596,-1.0268368844158278)
 (0.94480675874174291,-1.0120060960084452)
 (0.25085140471187972,1.0374208858710001)
 (-0.92584702181860123,-0.98636312291342187)
 (-0.29717325601674227,-0.27734935813174577)
 (-1.0236726487868808,-0.98364668337224048)
 (0.94480167198148801,-0.96898615967626522)
 (-0.3995216556513691,0.33616963638061553)
 (0.96482955197349562,-0.88443631736448569)
 (-0.37245651856076012,-0.90722733269676836)
 (0.35120524028827821,-0.91561259384005966)
 (0.29655398525015275,0.33989710418717628)
 (-0.2936094599783825,-0.23080088650202252)
 (-0.91232933319305642,0.31618867656336919)
 (0.98294572973802441,0.94450713529922203)
 (-0.21555115684374385,-0.33511053282573261)
 (-0.79038787183861958,-0.42193063569268507)
 (-0.30699757666864197,0.34897880798844372)
 (-0.23897168273060998,0.31216575318105)
 (-0.30274986901427303,0.97319768515552019)
 (1.0526374798844529,-0.91505566168157637)
 (-0.95112578537494152,-1.0308589621425179)
 (-0.92841145298290484,0.41205351085251146)
 (0.94158306394123159,0.89248161798940784)
 (-0.33309721253425828,1.0188025460470422)
 (0.91046668620483151,0.32890306138734926)
 (-0.31255879936464187,0.3129346202527522)
 (-0.97833494241022978,-0.91975834462360084)
 (0.97394114706067381,0.29654031093839028)
 (-0.39882085427050468,-0.98735095658916461)
 (-0.92283072676556321,-0.85788367054623871)
 (-1.0381019080826104,-0.31891794069136131)
 (-0.41208140365561718,-0.91868307089490475)
 (-0.27222530577260984,1.051912988253205)
 (-0.89793485997289546,-0.9496253019024441)
 (0.3115867408084646,0.90982203155261576)
 (-0.32599936674706714,0.94472679320105768)
 (1.0529632894174443,0.95860800151575098)
 (-0.31428528696845276,0.27601921005396268)
 (-0.91808434461220467,0.36018561358308387)
 (-0.93028570378081832,0.33201638701816522)
 (0.26673329038458748,1.0040344820651157)
 (-0.15394347051108925,0.8644228149403087)
 (1.0012231212927456,-0.3621505249647613)
 (0.99779851784675255,-0.23757158505286924)
 (-0.34246729828875405,0.82727268385546382)
 (-0.29406804987888996,0.96620983617823064)
 (-0.23716576639781611,0.9471261810519076)
 (-0.30801119659755866,-1.0367313568181165)
 (-0.96334950164497357,0.20514400506385244)
 (0.98440743494603189,-0.2207821942865319)
 (-1.0164289809265759,0.91748673382773061)
 (-0.31062944137601917,0.31570947867651111)
 (-0.39933660046184094,-0.87301461762801857)
 (0.28668584244168266,0.92548999288826261)
 (0.99015021121167412,-0.9539670802770801)
 (-0.93098334232362945,-1.0208170389654347)
 (0.97401361186919466,0.29265263782752826)
 (0.86080216737100412,0.96157973594810164)
 (0.29704600868838738,1.0079669365485453)
 (0.3910405745383092,-0.97077816238971559)
 (-0.96999289264818245,0.84913866153037088)
 (-0.89957723895338493,1.0021165822519997)
 (0.27058832927104293,0.29578953773868238)
 (-0.42951600659919514,0.35536253801624512)
 (-0.83281780480544076,-0.37776438062728529)
 (0.30412222968764174,-0.39666209018014831)
 (-0.31084330274596711,0.94310126344077627)
 (0.35373786921556266,-1.0025943720992081)
 (0.298756617041742,0.23883840100949871)
 (-0.35027498635612381,0.43461558955807411)
 (-0.34727425533374889,-0.97559178743085784)
 (0.36866601006644545,0.97386035722584641)
 (0.40568833436369683,-0.31086440087013789)
 (0.33516796358154349,1.0280932691768745)
 (0.43244454937987381,-0.2667663698363919)
 (0.92878462126671335,0.1767687410832538)
 (0.31182524903874831,0.42882815147975201)
 (0.96019732535834101,-1.0357459283771535)
