# Created by Octave 8.4.0, Thu Dec 11 09:47:22 2025 IST <gamana@Samsung>
# name: rayl
# type: complex matrix
# rows: 2048
# columns: 1
 (-0.27428720720767641,1.0164906194186587)
 (-0.77574121444880451,0.11217921227347755)
 (-0.95547579041625219,-0.63586273087115353)
 (-0.089204878765981516,0.2983986982593414)
 (-0.41980150403036787,-0.31371147523437998)
 (-0.23153118074236112,-1.2192166116800758)
 (1.0450923690892877,-0.20374020626347969)
 (-0.62533022741981359,0.95272473310474937)
 (-1.0321360903156858,0.81540423442624221)
 (0.76267967949323034,0.17721881877178128)
 (0.04109863510863894,-0.29140542739721631)
 (-0.32875232889073336,-0.34852319342620763)
 (-0.42969064487383668,0.56381197887375567)
 (-1.2238660017986409,-0.14173393250436866)
 (0.053387507051049631,-0.17592645697828926)
 (-0.10548518264643753,-0.019207220555727485)
 (-0.69858712765139175,0.10201389438466529)
 (0.55741081058625475,-0.11758386202555624)
 (0.56204157977916247,-1.166971204791253)
 (-0.42276839119310683,-0.4550512694362352)
 (-1.9988643136305713,0.44488958395865508)
 (-0.63541491291637897,-0.41439623272852943)
 (1.5136537828621357,-1.1844255435221904)
 (0.20827300387486131,0.018363564688860481)
 (-0.80794613229831103,0.022912373144464343)
 (-0.309422314483904,0.15808619425631054)
 (0.63352732961875335,-0.073483511121837264)
 (-0.26043840578337085,0.072294649418368689)
 (-0.39906547799683056,-0.10079465613227409)
 (0.19455642419886915,0.24923243792038108)
 (-0.11438724074540885,-1.2312897960530369)
 (-0.068728272050277317,0.38702582216758286)
 (-2.316366992315499,-2.3417586667774715)
 (-0.35165647918964504,-0.043923729987096372)
 (1.305804503234997,-0.15302984430849731)
 (0.20927413453232313,-2.181053704821704)
 (-0.17738933447358363,0.38176565740475465)
 (-0.91831575488664674,-0.29029950000071969)
 (-0.48037834553735781,-0.76923460958195988)
 (-0.44374487525595185,0.19156773446844444)
 (-0.20063522503941394,-1.0674954166224704)
 (-0.17869408076273655,-0.72599685514172663)
 (-0.031766185852297735,0.41151328248159286)
 (-0.58302671518073268,0.47726350221772779)
 (0.65011968816628696,-0.198834385982259)
 (0.26897630985908438,0.052666500757369353)
 (-0.38018697117147915,0.0477592868215726)
 (-0.75921416991404178,1.0794817462401864)
 (1.0828511514613504,-1.8663979516971452)
 (0.2827944082867439,0.56606710121422621)
 (1.4575514252943289,0.36669694125350527)
 (0.39245993368534776,0.71478730520784783)
 (2.1951627726234779,-0.41797126768062964)
 (0.37117050723833578,-0.22728907317934866)
 (0.2471712724755753,0.97638294308957718)
 (0.46166990554901494,0.3049980528234128)
 (1.1682735469248102,-0.06285216344058453)
 (0.23992225670758699,0.50299409917338112)
 (-0.04312623419832598,0.20545036296611155)
 (-0.0070126704639790899,0.19544033254996351)
 (1.942012447806247,-0.62976289163683741)
 (0.18766170859291526,0.24952401816067613)
 (-0.30840897762517339,-0.31726950259954656)
 (0.35209888413999685,-0.33878036774565906)
 (0.17457566017917864,0.35799686518235374)
 (0.7026022460673147,-0.069529023870616269)
 (0.39061229449071383,0.18293385290876399)
 (0.14008604158541477,0.83322111802675591)
 (-0.67391873157524806,0.043458303864130798)
 (-0.37463886293486237,0.33371648567704126)
 (0.45256230142308318,-1.375269167165355)
 (-0.37721380388184772,-0.97632460283419642)
 (-2.2068079158400637,0.49283113162197412)
 (-0.43444961588510939,0.58544163652601011)
 (-0.21900907864750674,-0.0031394886893757606)
 (0.93147893559543748,-0.13477084898390204)
 (-0.39889203278503771,0.8732253646134055)
 (-0.69286860796115091,-0.25058019574501345)
 (0.015751479768949916,-0.67052894634250992)
 (-1.879647738732789,-0.46449681934122622)
 (0.0064001989519128673,-0.043072202546033195)
 (-0.25271221918602682,-0.049245972455556328)
 (-0.38475215014636965,0.16126914898119515)
 (0.96612504306624047,0.79657847085585054)
 (-0.7901176682673734,-0.79238534282901329)
 (1.281217833176675,-0.1576798402995)
 (-0.7561546435655635,-0.7098401566222956)
 (0.59185228599616346,-1.5004254668304275)
 (-0.37531702681319834,-0.35088545088156281)
 (-1.1717618380498114,0.83725678155719985)
 (0.15647064886741324,-0.4324335292058008)
 (-0.30336542265526939,-0.37917061179882333)
 (-0.71047316540546079,-0.47643544242774422)
 (3.0534190111977875,0.77817997564996766)
 (0.29082317799996427,0.56017053802622585)
 (0.49139168003831091,-0.41222955841025549)
 (-0.92706971156019435,0.362630468380013)
 (-1.1861802637691699,-0.4174084975893354)
 (1.9736839495031067,-0.065951064483887323)
 (-0.31525639383062243,-0.39178860085875156)
 (0.32931680886375225,-0.66688676783314238)
 (0.38072508197049759,0.12437133212973819)
 (0.2935357396680075,0.61279546944623076)
 (0.091543662889816413,0.39957038977799975)
 (0.64939970313888917,-0.042902893292761007)
 (0.69956548357455328,0.17766663635535521)
 (-0.16844498011594738,-0.1804737779956726)
 (-0.5503675968523396,0.1477392982544164)
 (0.46688008411462123,1.2146644221536631)
 (-0.30059555470008187,0.44103922486167108)
 (0.53884129036778683,-1.2866401519653958)
 (-1.8066502895350962,-0.61440991688442548)
 (0.47891672578126909,0.77503227646098982)
 (0.47094799186331204,-0.30084680318123957)
 (0.036356287931127024,-0.46188308757263397)
 (-1.2147321414927885,1.3814427567428527)
 (0.17410445002580521,0.91515706034178235)
 (0.018234520014933073,-0.17357661085106385)
 (0.80382356917381026,-1.2083438021877317)
 (0.22783963510409241,0.17643947839942162)
 (-0.016934982682819628,-0.19323476461850203)
 (0.80343703436694724,0.38319163226528735)
 (-0.026761143966263175,-0.015374488202525474)
 (0.61588746134812544,-0.46991103794288069)
 (-0.24711257947061432,0.096231017529429475)
 (-0.34820946617551035,0.39175095678085076)
 (0.48092411141977576,-0.07234349741338264)
 (0.061235105624409793,-0.067097093225062909)
 (0.063655058993240338,0.053449291637475055)
 (0.22946707188531523,0.00080816028351983482)
 (-0.86858400746434239,0.66874191529425631)
 (0.37852994300646398,0.16235597154844555)
 (0.62658990874738585,0.45940952071892627)
 (-0.26484812850520256,-0.33708742026933036)
 (0.81642798364425251,1.2284837086883229)
 (-0.75269260303883145,-0.13992151402717493)
 (-0.26608027364881093,0.013794504669502328)
 (-0.25617685528160128,-0.18107645498411512)
 (1.1460285779798352,-0.91953551625948393)
 (-0.41501760760315981,-0.088641827264913819)
 (0.1903403016968381,0.017474802187211369)
 (-0.50337048566890208,-2.5807545242977028)
 (-0.38433605125737813,0.08966756656790098)
 (-0.37428703261894686,-0.2473374650277903)
 (0.48006122528483136,0.58652277968314392)
 (1.2740422626843524,0.36679309438821833)
 (1.2741236295253082,-0.18665153686571362)
 (-0.24876069875375945,-1.1111123030317827)
 (0.59829612544533695,-0.63710602388703896)
 (0.40401381488107768,-0.060190692050638928)
 (-0.27964699699777035,0.22598902486913924)
 (0.87503716759511563,0.11866804326306613)
 (0.94574314980648699,0.32034684475994851)
 (-1.4864344176881388,0.54132643010302084)
 (0.66035104951583712,-0.68257740721263638)
 (-0.3835821328752646,0.17783435852087653)
 (-0.85236338764490738,0.00027609222003660561)
 (2.3739684930353153,-0.26539848724614878)
 (-0.7892479553148003,-0.87473115038222449)
 (0.65803050399649088,-0.65055187774211698)
 (1.1431101770666654,-0.84965071496681577)
 (-0.70567446408629253,0.98433903030662995)
 (0.79251802147347461,0.073826787030842944)
 (0.64396072656225001,0.33807576665289885)
 (-0.41333201267194608,0.11605541843156078)
 (-0.5043946008317356,-0.067403876991875389)
 (1.0243027449464877,-0.015971046905701114)
 (0.16218603915136098,0.35585777852504463)
 (-0.64871880068500398,0.39006780435556071)
 (-0.13495740740159826,-0.048843170479765753)
 (0.94565770429666562,-1.7200023813928396)
 (1.1716849751532807,0.91369526390210287)
 (0.052948366701918159,0.090266329739632167)
 (0.16984907467027302,-0.13768383797505271)
 (0.40117045239066357,1.0106486978189733)
 (-0.092208305403400165,-0.77627753636952601)
 (-0.86372434769591777,-0.11988075473804813)
 (0.68213581350200525,-0.49533829445714661)
 (0.27296201285467458,0.037392701076293042)
