# Created by Octave 8.4.0, Thu Dec 11 09:47:21 2025 IST <gamana@Samsung>
# name: rician
# type: complex matrix
# rows: 2048
# columns: 1
 (-1.5052186081653451,0.23628586169180454)
 (-0.42466760373097467,-0.15014982774378605)
 (0.96960986241850589,-0.45439532789162418)
 (-1.6967488921295109,-0.43056445055013692)
 (0.18940710511676434,-1.0379766036194737)
 (0.26414260122144395,0.64984946608602834)
 (0.83309774833275907,1.0026532628109712)
 (0.073754299962916381,-0.5909668239871535)
 (-0.79092552754534451,0.061827005536237822)
 (-0.62678227817781174,0.82685356969709589)
 (-0.079771772151605802,-0.81845703669953829)
 (0.50871972063375104,-0.35846991809740286)
 (-1.8087337576939126,0.4600989241301715)
 (-0.24437845910387923,1.2964220262767563)
 (-0.69145283278872638,-0.41502017528408541)
 (-0.65424511143595399,-1.0677173187763891)
 (0.73992726359179739,1.7527088610810759)
 (-0.59854691477021549,-0.22356681013447535)
 (0.4352869918414593,-0.53129177141863515)
 (-0.42682105888951272,0.3127782757250327)
 (-0.74251574112787866,0.26849588966626808)
 (-0.71623155530544669,-0.18422038430019716)
 (0.25936679456184869,-0.73833670051056144)
 (-1.0668207884364029,0.78860882344099603)
 (-0.2856869798215968,-0.22374384452313154)
 (-0.098573879142998616,0.34619047683445481)
 (-0.21844848331248365,-0.39976835922750054)
 (-0.73009382127488898,0.39474037893130887)
 (0.81189725447498962,-1.3885979681404383)
 (-0.43554623491970529,-0.27599977427249539)
 (0.25726773747336895,0.67985490785959979)
 (-0.48410535079364891,-0.87024614886998508)
 (0.43168284413992103,0.13974495319765087)
 (1.2043601888153752,-0.65132373799083165)
 (0.18741929854072709,-0.27501531893881453)
 (0.18408368974211403,-1.2500294711984634)
 (1.3064537306591744,0.014173921016995106)
 (0.8641488855730971,-1.0249168669594375)
 (-0.043550942994488751,-0.79977124211781159)
 (-0.27275238677819452,0.3574477696800375)
 (-0.19732547488443597,-0.37521021743765082)
 (-0.87653446322836492,-1.3541586376033012)
 (-0.85343679229977898,0.80576814197560587)
 (0.62646631082577398,-0.82276977354739467)
 (-0.10075713397658859,-0.66123784860525658)
 (0.66669131607450616,-0.62513983355975189)
 (-0.2097274691087706,0.15694070148418737)
 (-0.41800869983114664,0.53279376476328655)
 (-0.32939606339881417,1.0795735895019973)
 (-0.44448722768394661,0.82077883237686744)
 (-1.1246196339402703,0.46732291810917398)
 (-0.30695253333198591,-0.69215358474706679)
 (-0.51940073985350543,0.30977756999336897)
 (-0.32616427459666048,0.36912876192593863)
 (-0.37877527720535226,0.18705814645224267)
 (0.51913067674438407,-0.10931061403388323)
 (0.55023526597869665,-1.0056392725121166)
 (-0.4876356497083737,0.80182117234012162)
 (0.24187257930662834,0.47578567754860235)
 (1.3105851623140732,0.19473840369788964)
 (-0.28042839501245986,0.66088302255528997)
 (1.2972486148888249,-0.02369024221552829)
 (-0.40935625797696673,0.11896080922049254)
 (-0.24477657271989636,-0.74482836655564399)
 (-0.33093553581795404,0.33193850728882929)
 (0.12673236360888707,-0.72473629058989997)
 (0.72222308592161166,0.80124325756655557)
 (0.13983541281240661,-0.22740374751168216)
 (0.16155463385865018,0.45164178437026303)
 (0.94765297639986867,-0.023007844221217655)
 (0.19431977704016762,-0.73927370110706381)
 (1.5988034037636591,0.44105677568386459)
 (0.28803153492626415,-0.74236435916389754)
 (0.065291649585949685,0.94720693736652806)
 (-1.2437387211356543,0.39583398142987136)
 (-0.093171293819368117,-0.53236609615882968)
 (1.1849043042533716,0.85866964595995587)
 (-0.39653308705889556,-0.050222461773309746)
 (0.27891340805207687,-0.10019904924012588)
 (-0.90294708330716922,-0.74277613566511214)
 (0.42841731086477891,-0.36451058628377553)
 (-0.2862201127614814,-0.54425014826772589)
 (0.41452415152582484,1.0814949793109552)
 (0.65100106239415012,0.77005872406171227)
 (-0.063919097108908501,0.34024473594752624)
 (0.35294662492680173,-0.044217457476992059)
 (-0.21333358087287349,-1.3044514877832312)
 (0.18562994786359269,-0.082000267251198938)
 (0.17649953812057453,1.349608675568293)
 (-1.1014071994608963,-0.52099470147547955)
 (-0.33520633549753148,0.35410826292346603)
 (0.02186653703305462,0.39081570554191847)
 (-0.17222073398054591,-1.0303362048630396)
 (-0.010700951221632705,-0.16773680301743987)
 (-0.60308463549034275,-0.79204686950011038)
 (-0.22827995081782376,0.40810521582640341)
 (0.78599999387167185,1.6345758361770857)
 (0.20267349742921958,1.0027438282867311)
 (0.59637719263277789,-0.32658472271050665)
 (-0.23409885293154167,0.12593419526821018)
 (-0.28114542410586163,0.37436385131325178)
 (0.3791714347158876,0.38740213307086624)
 (-1.0746901883032827,-0.20821682350183515)
 (-0.084655631798438227,0.099177346278272308)
 (-0.44231564773012594,0.082430583672829461)
 (-0.70788467184491077,-1.2342650554216326)
 (0.21378874831092914,-1.0795135580109152)
 (-0.8627451151063843,0.67145024621161187)
 (0.56978200252706868,0.6300827399309189)
 (-0.43300172943310622,0.23571526161287204)
 (-1.5328381565206557,-0.16161180993995894)
 (-0.12752790913826884,-1.0290934475618849)
 (-1.1817213825293278,-0.39433289149789652)
 (0.34079092526027077,0.13988809961135315)
 (0.66879485847757736,0.065736479554225652)
 (1.2174759602208445,-0.47849839832785945)
 (-0.21963747944040635,0.20626663919580362)
 (-0.15941143724968718,-1.0932304801933614)
 (-0.76119534932259292,0.24926099104772342)
 (-0.44926782360550627,0.17007305276480339)
 (-0.44607612657698331,-1.171873195720474)
 (0.90348291208838782,0.646438471253314)
 (-0.16392652214672271,0.079298193979797996)
 (0.035239530120284024,-0.29010284660702401)
 (0.60168913142620295,0.38482993949858446)
 (-1.6069148648623042,0.11147954154936779)
 (0.39548174887646048,-0.12377761784503094)
 (-1.4837891065471207,0.78779271952812724)
 (-0.30537362600572571,0.79276877897059705)
 (0.49777768500508285,-0.72159151337964633)
 (-0.64783990967839356,1.2345266249171825)
 (0.73109079088973195,0.75394359082959617)
 (0.91508835843614345,0.87218094659663459)
 (-0.9048781680240785,0.74772092898657383)
 (0.21588584492415097,-0.98561754785279265)
 (-0.28363982288226397,0.075860054213137823)
 (-0.28332433619671954,0.37906230950105763)
 (-0.33255771550900942,-0.64386859147823394)
 (0.43604459379156763,0.878474237273832)
 (-0.66540805095796973,0.16921520677326807)
 (0.33634056005247615,1.4287437510933387)
 (-0.71801863546837164,-0.68393934098071474)
 (-0.19695109930086829,1.1947330732022929)
 (0.1571836472312434,-0.32993267478863358)
 (-0.37575321477043255,0.53277120429148239)
 (0.55744126263401506,0.58838853591567342)
 (-0.17300179918152087,-0.5438043189143833)
 (0.40189243908533023,-0.24934368923010652)
 (0.82629744702306618,-0.70587894873603563)
 (-1.2772057001103574,-0.63274766663031778)
 (0.97010090198603471,-0.15456676006347053)
 (0.69485349036404531,-0.54330975908558732)
 (0.62473987281731347,-0.19326620715223769)
 (0.18840052311218425,-0.37401822489985359)
 (-0.36693204141463481,0.23108911866957577)
 (0.64581197831261195,0.38433735392932322)
 (0.22650123224185809,-0.3401843814565077)
 (-0.20789905955139315,-0.92164249068070214)
 (0.49017366367750381,0.071514015366420908)
 (0.94325000441531492,-0.39829457520738981)
 (-0.21098373295399125,-0.079471897905282862)
 (0.32254639488040554,0.72674337331676908)
 (-0.31574820703972128,0.93732666916223317)
 (-0.11116588603970758,-0.23870281902589657)
 (0.20087867333806561,-0.2282462080895474)
 (0.30801902907727285,0.66197698119244097)
 (-0.64814977678049457,0.30624183554096063)
 (0.63267013169647779,-1.1158539505462113)
 (-1.1536415230067885,1.8345232597615841)
 (-1.2576093398010832,0.88151688599032962)
 (1.2947791770700348,0.67186736142688874)
 (0.52554172444948066,-0.27028939013608688)
 (1.3705345106331341,0.22319061714946298)
 (0.13567979434093272,-0.16327531588570501)
 (0.009746589826091917,0.72553965555729349)
 (-0.27953120688449007,0.57005525041213012)
 (1.0832879059089726,0.37404142492407466)
 (-0.43517472988724648,0.32008207632702712)
 (-0.23396941418809736,-1.0307584866076187)
