# Created by Octave 8.4.0, Thu Dec 11 09:47:22 2025 IST <gamana@Samsung>
# name: rician
# type: complex matrix
# rows: 2048
# columns: 1
 (-0.19138757294666925,-0.33674684385485426)
 (-0.5498441908437206,-1.1348335513601198)
 (-1.7851579900084154,-0.81755597262781587)
 (-0.15195251934983248,-1.1391289443237724)
 (0.30734170545820128,0.38773348609695391)
 (-0.94429797227795453,-0.32297713894214841)
 (-0.10944040888664708,-1.3048500411587487)
 (1.3132084861898341,-0.60356501975069154)
 (-1.4078678739359989,0.9931667135663409)
 (-0.06542882230505731,0.86924898852857246)
 (-0.63753713091437858,0.94800206139064802)
 (-1.1182164824118368,-1.2552775264285974)
 (-1.0712711209841388,0.73460317432863254)
 (-0.060245271783534171,0.53504321882069561)
 (-1.593456098189665,0.28521457066194877)
 (-0.68390026980142971,-1.025672425500934)
 (0.075769075141378595,-0.31661978472650626)
 (-0.059468244653767197,-0.27799248821185091)
 (0.12805290261905183,-0.28243387013897342)
 (-1.0291304479398646,-0.67581386861883852)
 (-0.19115757771675745,-1.4131502814802261)
 (-1.2034277962531148,-1.3864954092386583)
 (-0.34421624682256419,-0.16066701639176467)
 (-0.498590700086737,-0.010713043152004026)
 (-1.0413884815268208,-0.47704314207836274)
 (-0.13194518204187339,1.1312438976954915)
 (-1.2571003658382618,1.0698386160335698)
 (0.50534037236898555,-0.88419807817214036)
 (-0.3738393382429489,-0.95667657145231422)
 (-1.5934233108715625,0.67616420518443365)
 (0.21223071507903077,-0.70272550898730202)
 (-0.50437247088076775,0.25374933968355651)
 (1.6463163669517851,-0.36676712379677467)
 (0.26693069695366933,-0.82556481594677544)
 (0.26591432149528937,-0.42036319411311701)
 (0.71817841693220752,1.1571354378642107)
 (-0.87839674494737507,1.1392240982807611)
 (1.090233839312329,-0.30063876792061206)
 (-0.45273262270030207,-0.72240910957810844)
 (-0.24070442083016191,-0.11905164410774899)
 (-1.1883296635966418,-0.2637800199498424)
 (-0.17019467567785995,0.031239470770873523)
 (0.61391372923024534,-0.81628586011263482)
 (0.53293977106942614,1.5834768161414206)
 (1.4583515993976073,-0.95828278712850135)
 (-0.42264096080388153,-0.80550983311987756)
 (0.23889576534970353,-0.93722491755911919)
 (-1.0093018418909014,1.0019461783997323)
 (0.23731867301018053,-0.27410733248434183)
 (-0.65901021751924815,-0.29047378604670798)
 (-0.39968505038037594,-0.52211927260964308)
 (-0.12895024248062448,-0.24232971100944006)
 (-0.72968642208712187,-1.1324363745763992)
 (-1.0929638804424648,-0.1037686397638734)
 (1.0706454170437709,0.29471578686540162)
 (0.0021629651471722772,-0.17544132155004993)
 (-0.52475132626735399,0.78823101921658889)
 (0.43530457434470077,-0.79653063816458669)
 (0.24292884930125147,-0.48365734995422582)
 (0.61847214821281071,0.59226417196494252)
 (0.40909465820085023,-1.5531830067225609)
 (-0.1406353188344921,0.66051000223284828)
 (0.0088217254154145941,1.2238346545621244)
 (0.55514314813476751,1.287952940254171)
 (0.71042827291472432,0.1025506759112116)
 (0.32760046856009384,0.14171078585243366)
 (-0.35998301826630275,0.66129288669844766)
 (0.3869297720759407,-0.086751965415044902)
 (0.1464718327249811,1.0589782637403828)
 (0.019628133429756556,0.16540145159429079)
 (0.75917890725319781,-0.8137578217764494)
 (-0.20597607566345458,0.44115733111043576)
 (-0.82058721006056679,-0.10339501939453924)
 (0.88992303080124424,-0.99100341214596277)
 (0.37269873494997474,-0.48206890768153543)
 (0.0060759385530187518,-0.1075307044807477)
 (-0.92847242395016505,-0.43523269891822902)
 (0.32589038450558477,0.2950928566393311)
 (-0.23342442157104584,0.50229446289700741)
 (-0.17931692866586146,0.32172549496025171)
 (-0.45164188573795294,0.096539358209530718)
 (-0.33206374832062863,-0.26667781825923187)
 (0.46612156765651069,-0.14925558210781278)
 (-0.43007234975851233,1.0346963079757694)
 (0.65119287339681264,-0.18456865666820282)
 (-0.41595891475125363,-0.91519953625424788)
 (0.2477263957264792,-1.1115925611463022)
 (0.17826032083960111,-1.0761612270892602)
 (1.4958529358438175,-0.66256869408410002)
 (-0.59456235941129587,0.59613268185677426)
 (0.4537140040975296,0.73135215348255378)
 (-0.57904972398652632,0.34488497238763893)
 (-1.0094135616964153,-0.018355519723537828)
 (1.7506402122518663,-0.31531138471343367)
 (0.52713233195138509,0.40285222160823531)
 (-1.0420809250579441,1.3854777014261834)
 (0.070829274159065148,1.110005151296293)
 (-0.62521701125026707,-0.68082790104937829)
 (0.7449539724924239,0.52264872162842679)
 (-0.082200385924764668,0.07052685913460921)
 (-0.15646746935019717,0.36987344420208779)
 (-0.3392691044820379,-0.23891966981930429)
 (-0.38003859025014552,-0.50973050805100473)
 (0.50977111320186508,0.42905351713908113)
 (-0.56891728651066265,0.23582513582870393)
 (0.49469981813753255,0.4297274237680021)
 (0.19089786634824846,0.36940671347862486)
 (-0.59750335877809202,0.6919620525108936)
 (0.75757414985291094,-0.39569683367540459)
 (0.93939197794320084,0.42425661017163846)
 (-0.74015929837743122,-0.56362404894156026)
 (0.13193865964235896,-0.84070995256064507)
 (1.2397905511305602,0.85754177169350509)
 (1.4183451291360205,0.36967761990177717)
 (-0.45041610082089772,0.28331403650246151)
 (0.30612503066827929,0.28552784955619864)
 (-0.066968063783419157,-0.24551388366388657)
 (-0.67841822723938372,0.17055973954007891)
 (0.20710605197133769,-0.38221879690204363)
 (0.75125920269499646,0.097338106708913241)
 (-1.5880473118761147,-0.5083016459355908)
 (-0.19523936247509685,0.077957211316614289)
 (-1.0103006627437889,-0.53416440806835674)
 (0.54973273008833157,-0.38616613488351426)
 (0.089831530987678598,1.3031985836036597)
 (-1.526327480434041,-0.19234445098605812)
 (-0.50390250341361043,0.25979121820979123)
 (0.15381005879441173,-0.15083957505614537)
 (0.97462559084107625,0.33429665625352967)
 (-0.68474535676615733,0.11098357053427053)
 (1.1344652112820932,0.34593083504544647)
 (-0.29462001691300688,-0.077272350913189791)
 (1.5082716902554549,-0.2885439794696445)
 (0.20333049686805149,0.40730816206120746)
 (0.90918554351768033,1.0409552567145846)
 (0.1057828726367844,0.99591478671774814)
 (0.062583521581621115,-1.486248826978217)
 (0.3610998327903423,0.31703244843151368)
 (-1.453051264986281,0.036187530970926529)
 (0.077898759423429886,-0.090297899577997637)
 (-1.1987080949686322,1.230479412949008)
 (-0.75235052467783337,-0.35669576813937776)
 (-1.3901986356332463,0.342489803139987)
 (-0.1731605742853819,0.5706153462200152)
 (-0.65160751212773438,0.70139058423631417)
 (-0.55663481725477149,1.4646425433509351)
 (-0.19185523655470349,-0.20947726052059973)
 (-0.11810446210851437,-0.55962084640165377)
 (-0.1562729077516839,-0.72893341543369072)
 (0.45742910740159853,0.47436978649709671)
 (0.26671128101877162,-0.82446995944286872)
 (1.3921656007665975,-0.66084642913695357)
 (-0.59900863752666433,-0.44688983673134558)
 (-0.45551083726388453,0.18204414624600018)
 (0.43904656113701795,1.4142908391368518)
 (-0.39275355315846228,0.61513748643713462)
 (-0.56454706828328349,-0.48648937421859362)
 (-0.50216754172567413,-0.94433557842463656)
 (-1.2133636788492015,0.54697944699290435)
 (0.25810283100721898,1.0225940526451562)
 (0.79425591092453307,-0.13483647614624639)
 (-0.65295673214235683,0.10596523317496701)
 (0.75306410363591736,-0.020126422789703197)
 (0.34413418728004591,-0.183073432657058)
 (0.40611421627188704,-1.1048170593904669)
 (-0.12878769647835811,-0.9966894965619173)
 (-0.11806564118893122,-0.26428017732448855)
 (0.22346539476693661,-0.037481410420719605)
 (1.0888527300451665,0.36810046304693217)
 (-0.41761940928436564,0.10383086960748794)
 (0.48453994220375018,-0.95485796328111783)
 (0.20023135139929532,0.47274223780185959)
 (0.91732028625548412,0.65499495517005901)
 (0.2405040112543318,1.0089700499770624)
 (-0.97947802605144785,-0.62210656406791431)
 (1.2598897703234335,0.40365082308749439)
 (0.7083472091345292,0.80000326980015724)
 (0.53601946213023943,0.087137302850894466)
 (-0.70331776351495778,1.255613724896846)
 (-0.60615076319334316,0.87342835820035658)
