# Created by Octave 8.4.0, Thu Dec 11 09:47:21 2025 IST <gamana@Samsung>
# name: clean
# type: complex matrix
# rows: 2048
# columns: 1
 (-0.94009278977912947,-0.94009278977912947)
 (0.31336426325970984,0.31336426325970984)
 (-0.31336426325970984,0.31336426325970984)
 (0.31336426325970984,0.31336426325970984)
 (-0.94009278977912947,0.94009278977912947)
 (-0.94009278977912947,-0.31336426325970984)
 (0.94009278977912947,-0.31336426325970984)
 (-0.94009278977912947,-0.94009278977912947)
 (-0.31336426325970984,0.31336426325970984)
 (-0.31336426325970984,0.31336426325970984)
 (-0.94009278977912947,0.94009278977912947)
 (0.31336426325970984,-0.31336426325970984)
 (-0.94009278977912947,0.31336426325970984)
 (0.94009278977912947,0.94009278977912947)
 (0.94009278977912947,-0.31336426325970984)
 (0.31336426325970984,-0.94009278977912947)
 (0.31336426325970984,-0.94009278977912947)
 (0.94009278977912947,0.94009278977912947)
 (0.94009278977912947,-0.31336426325970984)
 (0.94009278977912947,0.31336426325970984)
 (0.94009278977912947,0.94009278977912947)
 (0.31336426325970984,-0.31336426325970984)
 (-0.31336426325970984,-0.94009278977912947)
 (0.31336426325970984,-0.31336426325970984)
 (0.31336426325970984,0.31336426325970984)
 (0.94009278977912947,0.31336426325970984)
 (0.94009278977912947,-0.31336426325970984)
 (-0.94009278977912947,0.94009278977912947)
 (0.31336426325970984,0.94009278977912947)
 (0.94009278977912947,0.94009278977912947)
 (0.31336426325970984,-0.31336426325970984)
 (0.31336426325970984,0.31336426325970984)
 (0.31336426325970984,0.31336426325970984)
 (-0.94009278977912947,-0.31336426325970984)
 (-0.31336426325970984,-0.94009278977912947)
 (-0.94009278977912947,0.94009278977912947)
 (-0.94009278977912947,-0.31336426325970984)
 (-0.94009278977912947,-0.31336426325970984)
 (-0.31336426325970984,0.31336426325970984)
 (-0.31336426325970984,0.31336426325970984)
 (0.94009278977912947,-0.94009278977912947)
 (0.31336426325970984,0.94009278977912947)
 (-0.94009278977912947,-0.31336426325970984)
 (0.31336426325970984,-0.94009278977912947)
 (-0.31336426325970984,0.31336426325970984)
 (-0.94009278977912947,0.94009278977912947)
 (0.31336426325970984,-0.94009278977912947)
 (0.94009278977912947,-0.94009278977912947)
 (0.31336426325970984,0.31336426325970984)
 (-0.94009278977912947,0.94009278977912947)
 (-0.31336426325970984,-0.31336426325970984)
 (0.94009278977912947,0.31336426325970984)
 (0.94009278977912947,0.31336426325970984)
 (0.31336426325970984,0.31336426325970984)
 (0.31336426325970984,0.94009278977912947)
 (0.31336426325970984,0.94009278977912947)
 (0.31336426325970984,-0.31336426325970984)
 (0.31336426325970984,0.31336426325970984)
 (-0.94009278977912947,0.94009278977912947)
 (0.94009278977912947,-0.31336426325970984)
 (0.31336426325970984,-0.31336426325970984)
 (0.31336426325970984,0.31336426325970984)
 (0.31336426325970984,-0.31336426325970984)
 (0.31336426325970984,-0.31336426325970984)
 (0.31336426325970984,0.31336426325970984)
 (-0.31336426325970984,-0.31336426325970984)
 (-0.31336426325970984,0.94009278977912947)
 (-0.94009278977912947,0.31336426325970984)
 (-0.94009278977912947,-0.94009278977912947)
 (0.94009278977912947,0.31336426325970984)
 (-0.31336426325970984,0.31336426325970984)
 (-0.94009278977912947,0.94009278977912947)
 (-0.31336426325970984,0.94009278977912947)
 (0.94009278977912947,0.31336426325970984)
 (-0.31336426325970984,-0.31336426325970984)
 (0.94009278977912947,-0.94009278977912947)
 (0.94009278977912947,-0.94009278977912947)
 (-0.31336426325970984,0.94009278977912947)
 (-0.94009278977912947,0.94009278977912947)
 (0.31336426325970984,0.31336426325970984)
 (-0.94009278977912947,-0.94009278977912947)
 (0.31336426325970984,-0.94009278977912947)
 (-0.31336426325970984,0.94009278977912947)
 (-0.94009278977912947,-0.94009278977912947)
 (-0.31336426325970984,-0.31336426325970984)
 (-0.94009278977912947,-0.31336426325970984)
 (0.31336426325970984,0.31336426325970984)
 (0.94009278977912947,0.94009278977912947)
 (-0.94009278977912947,0.31336426325970984)
 (-0.94009278977912947,0.94009278977912947)
 (0.31336426325970984,-0.31336426325970984)
 (-0.94009278977912947,0.94009278977912947)
 (-0.94009278977912947,-0.94009278977912947)
 (0.94009278977912947,-0.94009278977912947)
 (0.31336426325970984,-0.31336426325970984)
 (0.31336426325970984,-0.94009278977912947)
 (0.94009278977912947,-0.31336426325970984)
 (0.31336426325970984,0.94009278977912947)
 (0.31336426325970984,-0.31336426325970984)
 (0.94009278977912947,0.31336426325970984)
 (0.94009278977912947,-0.31336426325970984)
 (-0.31336426325970984,0.94009278977912947)
 (-0.94009278977912947,0.94009278977912947)
 (0.31336426325970984,0.31336426325970984)
 (-0.94009278977912947,-0.31336426325970984)
 (0.94009278977912947,-0.94009278977912947)
 (-0.94009278977912947,-0.94009278977912947)
 (0.31336426325970984,0.31336426325970984)
 (0.31336426325970984,0.94009278977912947)
 (0.31336426325970984,0.31336426325970984)
 (0.94009278977912947,-0.94009278977912947)
 (0.31336426325970984,0.94009278977912947)
 (0.94009278977912947,-0.94009278977912947)
 (0.31336426325970984,0.94009278977912947)
 (0.31336426325970984,0.31336426325970984)
 (-0.31336426325970984,0.31336426325970984)
 (-0.31336426325970984,-0.94009278977912947)
 (-0.94009278977912947,-0.94009278977912947)
 (-0.94009278977912947,-0.94009278977912947)
 (-0.31336426325970984,0.31336426325970984)
 (0.31336426325970984,-0.31336426325970984)
 (0.94009278977912947,-0.31336426325970984)
 (0.94009278977912947,-0.94009278977912947)
 (0.94009278977912947,0.94009278977912947)
 (0.94009278977912947,-0.94009278977912947)
 (-0.31336426325970984,-0.31336426325970984)
 (-0.31336426325970984,0.31336426325970984)
 (-0.94009278977912947,-0.31336426325970984)
 (0.94009278977912947,0.31336426325970984)
 (-0.94009278977912947,-0.31336426325970984)
 (-0.31336426325970984,0.94009278977912947)
 (-0.31336426325970984,-0.94009278977912947)
 (0.94009278977912947,0.31336426325970984)
 (0.94009278977912947,0.94009278977912947)
 (0.31336426325970984,0.94009278977912947)
 (-0.94009278977912947,-0.31336426325970984)
 (-0.31336426325970984,0.94009278977912947)
 (-0.94009278977912947,0.31336426325970984)
 (-0.94009278977912947,-0.94009278977912947)
 (0.94009278977912947,-0.94009278977912947)
 (-0.31336426325970984,0.94009278977912947)
 (-0.94009278977912947,0.31336426325970984)
 (-0.31336426325970984,-0.31336426325970984)
 (0.94009278977912947,0.31336426325970984)
 (0.94009278977912947,-0.94009278977912947)
 (0.94009278977912947,-0.94009278977912947)
 (0.94009278977912947,-0.31336426325970984)
 (-0.31336426325970984,-0.31336426325970984)
 (0.31336426325970984,0.31336426325970984)
 (0.31336426325970984,0.94009278977912947)
 (0.94009278977912947,0.94009278977912947)
 (-0.31336426325970984,0.94009278977912947)
 (-0.94009278977912947,0.31336426325970984)
 (-0.94009278977912947,0.31336426325970984)
 (0.94009278977912947,-0.94009278977912947)
 (0.94009278977912947,0.94009278977912947)
 (-0.31336426325970984,0.94009278977912947)
 (-0.94009278977912947,-0.31336426325970984)
 (0.94009278977912947,-0.94009278977912947)
 (-0.31336426325970984,0.94009278977912947)
 (-0.94009278977912947,0.94009278977912947)
 (-0.31336426325970984,0.94009278977912947)
 (0.94009278977912947,-0.31336426325970984)
 (0.94009278977912947,0.94009278977912947)
 (0.31336426325970984,-0.31336426325970984)
 (0.94009278977912947,0.94009278977912947)
 (0.31336426325970984,-0.94009278977912947)
 (0.31336426325970984,0.31336426325970984)
 (0.94009278977912947,0.31336426325970984)
 (0.94009278977912947,-0.94009278977912947)
 (-0.94009278977912947,-0.31336426325970984)
 (-0.94009278977912947,0.94009278977912947)
 (0.94009278977912947,-0.94009278977912947)
 (0.94009278977912947,0.31336426325970984)
 (0.31336426325970984,-0.94009278977912947)
 (-0.94009278977912947,-0.31336426325970984)
 (0.94009278977912947,0.31336426325970984)
 (-0.31336426325970984,0.94009278977912947)
 (-0.94009278977912947,-0.94009278977912947)
