# Created by Octave 8.4.0, Thu Dec 11 09:47:22 2025 IST <gamana@Samsung>
# name: clean
# type: complex matrix
# rows: 2048
# columns: 1
 (-0.3198081726273812,0.95942451788214367)
 (0.95942451788214367,-0.3198081726273812)
 (0.3198081726273812,-0.95942451788214367)
 (-0.3198081726273812,-0.3198081726273812)
 (0.3198081726273812,0.3198081726273812)
 (-0.95942451788214367,0.3198081726273812)
 (-0.3198081726273812,-0.3198081726273812)
 (0.3198081726273812,0.3198081726273812)
 (0.3198081726273812,0.95942451788214367)
 (-0.3198081726273812,0.3198081726273812)
 (0.95942451788214367,-0.3198081726273812)
 (0.3198081726273812,-0.95942451788214367)
 (-0.95942451788214367,0.3198081726273812)
 (-0.95942451788214367,0.95942451788214367)
 (0.95942451788214367,0.95942451788214367)
 (0.3198081726273812,-0.95942451788214367)
 (0.3198081726273812,-0.3198081726273812)
 (0.95942451788214367,-0.95942451788214367)
 (0.95942451788214367,0.95942451788214367)
 (-0.3198081726273812,0.95942451788214367)
 (0.95942451788214367,0.95942451788214367)
 (-0.3198081726273812,-0.3198081726273812)
 (-0.95942451788214367,0.95942451788214367)
 (0.95942451788214367,-0.95942451788214367)
 (-0.95942451788214367,-0.3198081726273812)
 (-0.95942451788214367,0.95942451788214367)
 (-0.3198081726273812,-0.95942451788214367)
 (0.3198081726273812,-0.95942451788214367)
 (0.3198081726273812,-0.95942451788214367)
 (-0.3198081726273812,-0.95942451788214367)
 (-0.95942451788214367,-0.3198081726273812)
 (-0.3198081726273812,0.3198081726273812)
 (0.95942451788214367,-0.95942451788214367)
 (-0.95942451788214367,0.95942451788214367)
 (0.95942451788214367,0.95942451788214367)
 (-0.3198081726273812,0.95942451788214367)
 (0.95942451788214367,0.95942451788214367)
 (0.95942451788214367,0.95942451788214367)
 (-0.3198081726273812,-0.3198081726273812)
 (-0.3198081726273812,0.95942451788214367)
 (0.3198081726273812,-0.3198081726273812)
 (0.95942451788214367,-0.3198081726273812)
 (-0.95942451788214367,-0.3198081726273812)
 (0.3198081726273812,-0.95942451788214367)
 (-0.3198081726273812,0.3198081726273812)
 (-0.3198081726273812,-0.3198081726273812)
 (-0.3198081726273812,-0.95942451788214367)
 (-0.95942451788214367,0.3198081726273812)
 (-0.95942451788214367,0.3198081726273812)
 (0.95942451788214367,-0.3198081726273812)
 (-0.95942451788214367,-0.3198081726273812)
 (-0.3198081726273812,0.3198081726273812)
 (-0.3198081726273812,0.3198081726273812)
 (0.3198081726273812,-0.95942451788214367)
 (-0.3198081726273812,-0.95942451788214367)
 (0.3198081726273812,-0.3198081726273812)
 (0.3198081726273812,-0.95942451788214367)
 (0.95942451788214367,-0.3198081726273812)
 (0.95942451788214367,-0.3198081726273812)
 (-0.3198081726273812,-0.3198081726273812)
 (-0.95942451788214367,-0.95942451788214367)
 (-0.95942451788214367,-0.95942451788214367)
 (-0.3198081726273812,-0.95942451788214367)
 (0.3198081726273812,-0.3198081726273812)
 (0.3198081726273812,0.3198081726273812)
 (-0.3198081726273812,0.95942451788214367)
 (0.3198081726273812,-0.95942451788214367)
 (-0.3198081726273812,-0.95942451788214367)
 (0.95942451788214367,-0.3198081726273812)
 (-0.95942451788214367,0.3198081726273812)
 (-0.3198081726273812,-0.95942451788214367)
 (0.95942451788214367,-0.3198081726273812)
 (-0.95942451788214367,0.95942451788214367)
 (0.3198081726273812,-0.3198081726273812)
 (-0.3198081726273812,0.95942451788214367)
 (0.3198081726273812,0.3198081726273812)
 (-0.3198081726273812,-0.95942451788214367)
 (-0.95942451788214367,-0.95942451788214367)
 (-0.3198081726273812,0.3198081726273812)
 (-0.95942451788214367,-0.3198081726273812)
 (0.3198081726273812,0.3198081726273812)
 (-0.3198081726273812,-0.3198081726273812)
 (0.3198081726273812,-0.95942451788214367)
 (-0.3198081726273812,0.95942451788214367)
 (0.3198081726273812,0.95942451788214367)
 (0.95942451788214367,-0.3198081726273812)
 (-0.95942451788214367,0.3198081726273812)
 (-0.95942451788214367,0.3198081726273812)
 (-0.95942451788214367,-0.3198081726273812)
 (-0.3198081726273812,0.95942451788214367)
 (-0.3198081726273812,0.3198081726273812)
 (0.3198081726273812,0.95942451788214367)
 (0.3198081726273812,0.95942451788214367)
 (-0.3198081726273812,-0.3198081726273812)
 (-0.95942451788214367,0.95942451788214367)
 (-0.3198081726273812,0.3198081726273812)
 (-0.3198081726273812,-0.95942451788214367)
 (0.3198081726273812,-0.95942451788214367)
 (0.95942451788214367,-0.3198081726273812)
 (-0.3198081726273812,-0.3198081726273812)
 (0.95942451788214367,0.3198081726273812)
 (-0.95942451788214367,-0.95942451788214367)
 (0.3198081726273812,-0.95942451788214367)
 (-0.3198081726273812,0.95942451788214367)
 (0.95942451788214367,0.95942451788214367)
 (0.3198081726273812,-0.95942451788214367)
 (-0.95942451788214367,-0.3198081726273812)
 (0.95942451788214367,0.3198081726273812)
 (-0.3198081726273812,-0.95942451788214367)
 (0.3198081726273812,0.3198081726273812)
 (0.95942451788214367,-0.95942451788214367)
 (0.95942451788214367,0.95942451788214367)
 (-0.3198081726273812,-0.3198081726273812)
 (-0.95942451788214367,-0.95942451788214367)
 (-0.95942451788214367,0.95942451788214367)
 (-0.3198081726273812,-0.3198081726273812)
 (0.3198081726273812,-0.3198081726273812)
 (-0.3198081726273812,-0.3198081726273812)
 (-0.95942451788214367,-0.3198081726273812)
 (0.3198081726273812,-0.3198081726273812)
 (-0.3198081726273812,-0.3198081726273812)
 (0.3198081726273812,-0.3198081726273812)
 (0.3198081726273812,-0.3198081726273812)
 (-0.3198081726273812,0.3198081726273812)
 (0.95942451788214367,0.95942451788214367)
 (0.95942451788214367,0.95942451788214367)
 (-0.3198081726273812,-0.95942451788214367)
 (-0.3198081726273812,0.3198081726273812)
 (-0.95942451788214367,0.95942451788214367)
 (-0.95942451788214367,-0.95942451788214367)
 (0.3198081726273812,0.3198081726273812)
 (-0.95942451788214367,0.95942451788214367)
 (0.95942451788214367,0.3198081726273812)
 (-0.95942451788214367,-0.95942451788214367)
 (0.95942451788214367,0.95942451788214367)
 (-0.95942451788214367,-0.3198081726273812)
 (-0.95942451788214367,-0.3198081726273812)
 (-0.95942451788214367,0.95942451788214367)
 (0.95942451788214367,0.95942451788214367)
 (-0.95942451788214367,-0.95942451788214367)
 (-0.3198081726273812,0.3198081726273812)
 (0.95942451788214367,0.3198081726273812)
 (-0.95942451788214367,0.95942451788214367)
 (-0.3198081726273812,0.3198081726273812)
 (0.95942451788214367,0.95942451788214367)
 (-0.95942451788214367,-0.3198081726273812)
 (0.3198081726273812,0.3198081726273812)
 (-0.95942451788214367,-0.95942451788214367)
 (0.95942451788214367,0.95942451788214367)
 (0.3198081726273812,0.3198081726273812)
 (-0.3198081726273812,-0.3198081726273812)
 (0.3198081726273812,-0.3198081726273812)
 (0.3198081726273812,0.3198081726273812)
 (0.95942451788214367,-0.95942451788214367)
 (-0.95942451788214367,0.3198081726273812)
 (0.95942451788214367,0.95942451788214367)
 (-0.95942451788214367,0.3198081726273812)
 (0.95942451788214367,0.95942451788214367)
 (-0.95942451788214367,0.3198081726273812)
 (0.95942451788214367,0.3198081726273812)
 (-0.95942451788214367,0.3198081726273812)
 (0.95942451788214367,-0.95942451788214367)
 (-0.95942451788214367,0.95942451788214367)
 (0.95942451788214367,0.3198081726273812)
 (-0.95942451788214367,0.3198081726273812)
 (-0.3198081726273812,0.3198081726273812)
 (0.3198081726273812,0.3198081726273812)
 (-0.3198081726273812,-0.3198081726273812)
 (-0.3198081726273812,0.95942451788214367)
 (-0.95942451788214367,-0.3198081726273812)
 (0.95942451788214367,-0.3198081726273812)
 (0.3198081726273812,0.95942451788214367)
 (-0.95942451788214367,0.3198081726273812)
 (-0.3198081726273812,0.3198081726273812)
 (-0.95942451788214367,-0.95942451788214367)
 (-0.95942451788214367,-0.95942451788214367)
 (-0.3198081726273812,0.3198081726273812)
 (-0.3198081726273812,-0.95942451788214367)
 (-0.95942451788214367,-0.95942451788214367)
 (-0.3198081726273812,-0.95942451788214367)
 (-0.95942451788214367,-0.95942451788214367)
 (0.3198081726273812,0.3198081726273812)
