# Created by Octave 8.4.0, Thu Dec 11 09:47:22 2025 IST <gamana@Samsung>
# name: rayl
# type: complex matrix
# rows: 2048
# columns: 1
 (-0.3826325411761668,0.015805800391416158)
 (0.43168818036815099,-0.32891112189220156)
 (-0.91857140566993722,0.82000468460686826)
 (0.60740382860282449,-0.44530522115793336)
 (0.66256819894536922,-0.38330100498430975)
 (-1.0261373330409769,1.0051624943310555)
 (0.67493306512408902,1.3248003636427346)
 (0.17865796172533202,-0.45045359587993361)
 (-1.0834236936559825,1.9858931014128249)
 (1.1000741297424279,-0.57790110772387915)
 (1.4894044622337508,-1.2472993277996798)
 (-0.9688958254893657,-0.061892543399412359)
 (-0.68386698790083045,-0.65849676126403811)
 (0.74780774554685403,-1.311235777698476)
 (0.00076097377532958338,-0.021324742659382216)
 (-0.050157086315473359,0.119646736703447)
 (0.106024400311856,0.6313066956128216)
 (0.1268018733200027,-0.7167243812949774)
 (-0.023579724810970357,-0.17197545259740449)
 (-0.21006838563169097,-1.1456402543018882)
 (0.28201158460048192,0.10201153963187473)
 (0.10072486486227862,-0.065462217895077737)
 (0.15898887441099707,0.05898063873119587)
 (-0.077871388821040333,-0.66292044254351445)
 (-0.50960188303307152,0.99674560487528163)
 (-0.39102378711065428,0.91368841734192308)
 (-0.40215997477310045,-0.11561475453932606)
 (0.40526238625639582,0.26789077639408038)
 (1.0436802383700818,-1.0255431373307833)
 (0.67370941904906745,-0.038821111575961992)
 (-0.43187444340406062,1.3671969234435748)
 (0.50543061675652112,-0.38070247934891466)
 (-0.33160328275286988,-0.38917933777053776)
 (-0.53359777862889823,-0.14216231513574204)
 (-0.2264120075214896,-1.0696492663252846)
 (0.052009367238491741,0.057948930996116289)
 (-0.16407832614344456,0.07861375388898359)
 (0.99681451164331891,-0.36740301550504295)
 (0.19023595112430686,-0.48787815120535472)
 (0.075904714009944335,-0.65912062405973448)
 (-0.37225683522883884,-0.63276190517431052)
 (0.30253676159792253,0.25279748426347037)
 (0.34229003380207618,0.28556743576983196)
 (-0.72177552640306797,-0.31617640880108933)
 (0.029148527287694379,-0.17168892579059891)
 (-1.2598145288535814,0.78877550921183737)
 (-0.057485406366271613,0.84696984904690387)
 (1.320824784255566,-0.18837779079601463)
 (0.1888277549475218,9.134448356179492e-05)
 (-0.075536222133649508,-0.20513057367625362)
 (-0.80996406970775037,-0.88310119457490643)
 (0.93126617622226548,-0.12520212712171686)
 (-0.52705740492212383,0.10058419857819254)
 (0.36179506347534807,-0.45964118649328517)
 (0.30619989163209144,0.14478297068001272)
 (-0.39127704139965019,-0.28902472857283529)
 (0.84797386243567463,-0.11722352668480049)
 (0.36388798898224306,-0.243454014099456)
 (0.064653825718345048,-0.97896643618477774)
 (0.23554802705563166,0.097229278481786627)
 (-0.2770390816171408,0.0611671533908935)
 (-0.21878241756120081,0.32696306451130469)
 (-0.30313114788156464,0.56579577242790324)
 (0.36307341084804956,0.50852620639528756)
 (-0.33438517606526036,-0.068720864065335105)
 (-0.85323778521180926,0.18893826743097425)
 (1.1276774674641481,-0.25569257831017828)
 (-0.21289199453346053,-0.46929231262401361)
 (-0.46475949384578219,0.58230263461538545)
 (-1.0529762662872666,0.15449399974851896)
 (-0.83781203491865064,-1.7006267071353829)
 (-0.26288781003839234,-2.1123796683003531)
 (-0.38214542370491233,-0.67417762800465164)
 (1.6164795803809828,-0.65022792794384809)
 (-0.23903699403285855,0.059924620679928993)
 (0.45576319712475388,1.5195117449555293)
 (0.4871028195883278,-0.18053879520765359)
 (-0.27088802397678091,-0.99064149160767467)
 (-0.3303369237285847,1.1568482486342817)
 (0.21219631034500933,0.48951497268668054)
 (0.44297343475386747,0.46540610980598435)
 (-0.33658323967091419,0.070269193559612794)
 (0.2904464616991807,-1.4422563224899778)
 (-0.28457589404277855,0.42381841247898344)
 (-0.31736999463892857,-0.012602221901815772)
 (1.4903969969373658,-0.34918103320620197)
 (0.26233272037466954,1.013866587028561)
 (0.48984453434995479,-1.732444314720857)
 (0.16733864155896683,0.61702832143515463)
 (-0.94205401584252002,0.3132293332020325)
 (-0.96394445775816584,-0.30075369886432407)
 (-0.30462207930643703,0.060847501230420667)
 (-0.097391819736928176,-0.066673696697747864)
 (1.0874511041656316,1.0600910951417621)
 (-0.15967644056510366,-2.2004875927752265)
 (0.21145716240788914,-0.37947616538967643)
 (-0.24783797156859178,1.2130026221307499)
 (0.0072741951159492751,-0.20782361604807897)
 (-0.32257779358342342,0.52988922805017658)
 (0.45836900506541794,-0.51433294927652362)
 (0.051404809835440018,0.22670558896541002)
 (0.67212105157140845,1.0508437593560529)
 (-0.16924089876445733,0.24036128078342625)
 (0.2937416131448623,0.46753064578355003)
 (2.0671950775306209,-0.55340020460030859)
 (-0.93801134463998814,-1.0419518010699462)
 (0.95500769370825556,-0.36966195294989468)
 (-0.35692097434057168,-0.24676489354918343)
 (-0.5460258532078236,0.084439796983624638)
 (-0.26019800085123956,-0.33980398226565667)
 (-0.30964995755907099,0.33614957406142099)
 (0.35347063396978001,0.12476011776946921)
 (-0.032865076406796,-0.15425508553793063)
 (-0.30247110859416038,-0.03114528120270646)
 (-0.026853174156200199,1.6181421908641478)
 (0.48632499662174855,-0.57469131952030683)
 (-0.34448103722526707,0.39598552097714901)
 (0.69858057818835761,-2.1334944861664713)
 (-0.036059144819619117,0.031229661505878435)
 (-0.44820355464579065,0.61167586820937769)
 (-0.70535279872760781,-0.63494509274235189)
 (0.16047116135571801,0.23373311360119378)
 (-0.66335696852405646,0.89165305923955196)
 (-0.21291134844423909,-0.044909649569189844)
 (-0.51047451841699931,0.33833827759731283)
 (0.46626366230053806,0.52639372945366536)
 (0.053990148132194798,-0.28305606784560022)
 (-1.5763575459724226,-0.40071430307913797)
 (-2.516700356623272,0.51426529892288997)
 (1.1685275759286711,-1.3659012767731764)
 (0.29912605734296116,0.22800662644446879)
 (-0.25335070017012773,-0.064677350432828198)
 (-0.034237283599065582,-0.37382579995902765)
 (-0.97163058506584055,-0.20641584384934014)
 (-0.41819667338517902,-1.3660369918420718)
 (0.080363923948249441,0.076035407816279141)
 (-0.15698351575457067,-0.46101614299382787)
 (-0.28962861144560248,-1.1986722494670814)
 (-0.60341752000516491,1.1552181216200534)
 (-0.063897759711159338,-0.47670003116866477)
 (-0.012272616786342311,-0.24066287133370914)
 (0.15491265145302471,-0.50917741206944189)
 (0.37009189024069528,-0.90257056160938798)
 (0.48823673101520437,-0.22403901720162706)
 (0.41795726516259935,0.27274765473568019)
 (0.34588313883416455,-1.5858806184947907)
 (0.29366267442285077,-0.55166516886462746)
 (-1.5438708706185604,0.055391563483682238)
 (0.4209838554034564,-0.38421456498109696)
 (0.062325138123919155,1.425371914483718)
 (0.098913255644960965,-0.61696025205432992)
 (1.1478284828528709,-0.2694703139526119)
 (-0.85810324076475919,0.42498898329788304)
 (1.1633377620161225,-0.66935069177857365)
 (-0.07503296841878998,-0.15324351046352952)
 (-0.55241176464062747,0.11775869290865582)
 (-0.71844460328119131,0.16884754468041924)
 (0.37229713879870996,-0.35427435156662024)
 (0.057546530537773373,0.050575870690088391)
 (-0.4640552093691554,-0.48034909194701925)
 (-1.094594220834741,-0.4218755709558008)
 (1.3177056886048184,1.0577357515896424)
 (-0.2621173589115412,0.41911223246901053)
 (1.4161952806618152,-0.73656199283870816)
 (-0.66793799057820047,-0.19643790575763387)
 (-0.2181254891116928,-0.20061365890603941)
 (0.57142002242560452,0.44001231865198398)
 (-0.18382512108660434,0.18616498394267381)
 (0.24149508366995384,0.41089159026223321)
 (1.1699457791549521,0.49558428282780925)
 (0.069412541744146905,0.087509936207628203)
 (1.088141157683403,0.26700403912316278)
 (-0.54517004787225687,0.14280231587314418)
 (-0.40877136407067977,0.40973717737101389)
 (-0.27291966245910815,-0.37358799304451751)
 (0.82636021464794207,0.48992928734957775)
 (-0.15257331988301265,0.15002036667713481)
 (0.43424724386569857,0.10214909517046136)
 (0.39786031985161835,-0.5446693538588403)
