# Created by Octave 8.4.0, Thu Dec 11 09:47:21 2025 IST <gamana@Samsung>
# name: awgn20
# type: complex matrix
# rows: 2048
# columns: 1
 (-0.49740738596114448,-0.98286688361041541)
 (-0.26976797349225756,0.92881777887633488)
 (0.33305124097241368,0.24987106693565447)
 (-0.33789080148061479,-0.21059307158959573)
 (0.92482345997121085,-0.35467856530031416)
 (-0.83998921446864117,0.8546345992747425)
 (1.0656478751238989,-0.8939428296876919)
 (0.2720292508287574,-0.28944679932947565)
 (-0.98740663839738108,0.33087668303208451)
 (0.9120420240651661,-0.88013402661282414)
 (-0.39189026971517027,-0.96806477806294289)
 (0.86891904170277567,0.32153932048533912)
 (-0.94642792891741989,0.95476345909226057)
 (0.36071415688712954,-0.20604693424450127)
 (-0.84329424701557332,-0.89684192942627772)
 (0.89557484059081671,0.2679809621773977)
 (0.39217452603590014,0.96801867297747979)
 (-1.0009198109903663,-0.34568533872515239)
 (0.95531895237947573,0.96555028515614139)
 (-0.89346214398461943,0.90320549694503649)
 (0.86155906993037323,0.935269616715101)
 (-0.33406559181977097,-0.8361757217383754)
 (-0.96179902621249547,0.93081551027492215)
 (-0.46023375861717397,0.41924462594073392)
 (-0.19798703675557011,-0.80486315672537656)
 (1.0123560622393384,0.35867062426268265)
 (-0.2928285203403867,-1.0062553526477453)
 (-0.96557407680403973,-0.86613378108053729)
 (0.35888963364982179,0.18566159341032928)
 (-0.96948076138442163,0.87939206362946476)
 (0.88621165146417746,-0.33516019907390138)
 (-0.9126394260898314,-0.29849380024760136)
 (0.91943052930214542,-0.3798620769394131)
 (0.79590173424800581,-0.98883954001662677)
 (-1.0118496519831348,-0.37911830964598925)
 (0.1759677758428155,0.33004075032865249)
 (-0.44558935405049988,-1.1081025262336559)
 (-0.93867405287751393,1.0494652464661789)
 (0.33255706959122144,-0.95626882754780207)
 (-0.37614591625116112,-0.33686525679873208)
 (0.30928620398564433,-0.37547371117162587)
 (-0.93035010585828837,-0.90602419246860688)
 (1.0431667969393414,1.0195054015024085)
 (-0.32381582743406545,0.35347949467915829)
 (0.2643437357145158,0.29690620294476477)
 (0.92176697641878158,0.97074847760721383)
 (0.40632738971543714,-0.97377199174731877)
 (0.38218830400224857,-0.93868585928072101)
 (-1.0134874371307629,-0.94154596745847197)
 (0.31584689979888547,0.94807827695309699)
 (1.0646084685198574,0.91195481747686991)
 (0.9181306279445407,0.86484175227767268)
 (-0.26416544872830261,-0.8996115521895296)
 (-1.0139568761167497,0.9257845602305671)
 (-0.91821266297819215,-0.33132312515707057)
 (0.28525751689137058,0.9290958694657816)
 (-0.84612636744862979,0.93951880888460249)
 (0.3150027999325804,0.29778520205720155)
 (-0.95312202044084604,-0.41555790125939779)
 (-0.32952154506729564,-0.34592250757092924)
 (0.55069521312795033,-0.25338442546102286)
 (0.38376195136284008,-0.87137894436574603)
 (0.98516934504827491,0.81636036071546736)
 (-0.33318156498374218,-0.91014289395910486)
 (0.3319295819996062,0.91975922193342075)
 (0.99777789726814381,0.88074402853661415)
 (0.25184765049418067,-0.478741032627793)
 (-0.97729714177681792,-0.39701079613060458)
 (0.37591037973967184,0.88199509636191975)
 (-0.19585996915416995,0.36518541831950413)
 (-0.37189990402195128,0.38743430721787886)
 (-0.97943711541413592,0.9552353313378914)
 (1.0245058470833261,0.9292629367001195)
 (-0.97382458106567027,0.9650231237205148)
 (-0.41726865518153861,-0.29679325078649538)
 (-0.34409226478953681,0.34105544047447794)
 (0.24251256214197711,1.0084020310808832)
 (-0.96902713184944833,0.32833510129478716)
 (-0.27979771855724184,-0.30843080201266282)
 (0.30119956679749021,-0.97832643388675622)
 (0.33949027785056451,0.40371673717841444)
 (0.89881549593950316,0.27300673066035253)
 (-0.26737592769390045,-0.22299821036285844)
 (0.44095401241250909,-0.94963053464173475)
 (-0.33446920704263983,-0.12983079132700109)
 (-0.91319180729923188,-0.97833784471264729)
 (-0.32141706699284101,0.94626352957785909)
 (0.98386672536806963,1.02190417655657)
 (0.30000412350880412,-0.36923303002841934)
 (1.0487412353320822,0.33853501953853349)
 (0.38842220920622139,0.97545996633229493)
 (0.20499555743768033,0.25089673593488115)
 (0.98748048014760403,0.91147418126217805)
 (-0.94057212805944268,1.0809368158734589)
 (0.90239106718461037,-0.1184268056855802)
 (-0.95300198341849407,0.33832903392464331)
 (-0.89248899683730931,-0.87024145274719911)
 (-0.36133592520754199,-0.91740113845263116)
 (-0.32199354018097032,0.28307822389100712)
 (-0.26173202203227669,-1.0645586909997762)
 (-0.95427753128630421,0.42464455807926649)
 (-0.33141543660279155,-0.34276909188414639)
 (-0.46538779957241971,0.4092469880475742)
 (-0.88514958331409754,-0.39585962695405913)
 (-0.9783024057431956,0.98153863339077752)
 (-0.89582927761125142,-0.99495659879377196)
 (0.95441297359118715,0.37929433012388625)
 (-0.97213439578768113,-0.89748544529243424)
 (-0.2103839484041376,0.31395818623251115)
 (-1.0302808252796063,-0.1953373229650163)
 (-0.89787384624676614,0.22324484593397445)
 (-0.90998957516222401,-0.31234282258541957)
 (-0.90446043516351637,0.23039785112888161)
 (0.24283776544221058,-0.28747054462963378)
 (-0.8181275779914311,-0.2992839887959427)
 (-0.22065096144912544,-0.2084861066112354)
 (1.0711004232953036,0.93015085397613551)
 (0.97962962419479238,-0.99761830267221807)
 (0.30658881520662284,0.4108051097213784)
 (-0.89325328767629708,-0.91221251142646831)
 (0.86066542681839131,-0.99477034456768676)
 (1.0246403038785505,-0.97549585905403058)
 (-0.39070906653894966,0.30815398271611277)
 (-0.40397265485925743,0.95372939536950874)
 (-0.37377633974843139,-0.26547757256522164)
 (-1.0656169972264455,0.92914206519259623)
 (-0.26514550970887246,-0.51007009847886453)
 (0.32496525444616631,0.34075690553573623)
 (1.0960611689878315,-0.31855760402031891)
 (-1.0690214708796704,-0.33030358216902589)
 (-0.99317480869104946,-0.29736202197105333)
 (-0.29472016133788942,-0.35400215413653752)
 (0.77332380973396375,1.0417634712071115)
 (0.3912459568888646,1.0056852400710243)
 (-0.40105822871964247,0.82335371564612292)
 (-0.25675108817294157,-0.35722546890952322)
 (0.27444053193609597,0.84723937683070982)
 (-0.9969079308578731,-0.91736606673902543)
 (-1.0150214932317843,0.35044664159698852)
 (0.4401770423568177,0.9315127955972633)
 (0.86932816825229153,1.0600318924255145)
 (-0.36213094789094225,0.25309983957658694)
 (0.29165044845499449,0.96344133890781214)
 (0.35587077196514133,0.23918558114851773)
 (-1.0327306256849118,0.93461843277166134)
 (0.28991623447267334,-0.34613856664228926)
 (0.26238590655661498,-0.41364715209340114)
 (0.35654216522317472,-0.43832474381664976)
 (-0.29055034809450397,0.38916546771522309)
 (0.29399603032453059,0.8849069710691726)
 (0.91818752010927518,-0.34367646664318768)
 (0.98624378753807673,0.91519967815693581)
 (-0.94798165349943997,-0.8700285853477836)
 (0.35633015650138966,0.23477847246599465)
 (0.87136601249308976,-0.34307097490994298)
 (0.37531060791905357,0.83992309342747984)
 (-0.93703702357710528,0.2984814655567582)
 (-0.95377355274429909,0.41896330373229318)
 (0.26205364493136679,-0.91135177993593719)
 (0.83361713620094235,0.83267557581978613)
 (-0.33338140877293743,-0.34997239110533346)
 (-0.44212861454303831,0.34352845004780114)
 (-0.90766351214355057,-0.3392965178239688)
 (0.34688328134640461,0.80833005930875002)
 (0.96074831620372581,-0.24475429085695949)
 (-0.96091057973750893,0.29700821185441789)
 (0.39827507028964398,0.9513970701756117)
 (0.92191570728426997,-0.90643341986089576)
 (-0.94285715305790829,0.9303498550787217)
 (0.25479291457606063,0.92897198487882415)
 (0.96128821085676541,-0.39440748851878077)
 (-0.33563448866974144,0.89247930453130886)
 (-0.37480168265837538,0.32204979527448108)
 (-0.98848723078073386,-0.97994677447522194)
 (-0.84467989593531179,-0.23040969543287221)
 (0.34254666238637399,-0.96553341193986442)
 (-0.97132587634994794,0.40231713722321105)
 (-0.26813327417093125,-0.31602914072303123)
 (1.0205464303780867,-0.92819795159585672)
 (-0.1680929687599981,-0.35044366881355399)
