# Created by Octave 8.4.0, Thu Dec 11 09:47:21 2025 IST <gamana@Samsung>
# name: clean
# type: complex matrix
# rows: 2048
# columns: 1
 (-0.95656255112649746,-0.95656255112649746)
 (0.31885418370883251,0.95656255112649746)
 (-0.31885418370883251,0.95656255112649746)
 (-0.31885418370883251,0.31885418370883251)
 (-0.95656255112649746,-0.31885418370883251)
 (-0.31885418370883251,0.31885418370883251)
 (-0.31885418370883251,0.31885418370883251)
 (-0.95656255112649746,-0.95656255112649746)
 (0.95656255112649746,0.95656255112649746)
 (0.31885418370883251,0.95656255112649746)
 (-0.31885418370883251,-0.95656255112649746)
 (-0.31885418370883251,-0.95656255112649746)
 (-0.95656255112649746,0.95656255112649746)
 (0.31885418370883251,0.31885418370883251)
 (0.31885418370883251,0.95656255112649746)
 (-0.31885418370883251,0.31885418370883251)
 (0.31885418370883251,-0.31885418370883251)
 (-0.31885418370883251,0.31885418370883251)
 (-0.95656255112649746,0.95656255112649746)
 (0.31885418370883251,-0.95656255112649746)
 (-0.31885418370883251,0.95656255112649746)
 (-0.31885418370883251,-0.95656255112649746)
 (0.95656255112649746,0.31885418370883251)
 (0.95656255112649746,0.31885418370883251)
 (0.31885418370883251,0.95656255112649746)
 (0.31885418370883251,-0.95656255112649746)
 (0.95656255112649746,0.31885418370883251)
 (0.95656255112649746,-0.31885418370883251)
 (-0.31885418370883251,0.95656255112649746)
 (0.31885418370883251,0.95656255112649746)
 (0.95656255112649746,-0.95656255112649746)
 (0.31885418370883251,0.31885418370883251)
 (-0.31885418370883251,-0.95656255112649746)
 (-0.31885418370883251,-0.95656255112649746)
 (0.31885418370883251,-0.31885418370883251)
 (-0.95656255112649746,0.31885418370883251)
 (-0.31885418370883251,0.95656255112649746)
 (0.31885418370883251,-0.95656255112649746)
 (-0.31885418370883251,-0.95656255112649746)
 (-0.95656255112649746,-0.95656255112649746)
 (0.31885418370883251,-0.95656255112649746)
 (0.95656255112649746,-0.31885418370883251)
 (0.95656255112649746,-0.95656255112649746)
 (0.31885418370883251,0.95656255112649746)
 (-0.31885418370883251,-0.95656255112649746)
 (0.31885418370883251,-0.31885418370883251)
 (-0.95656255112649746,-0.95656255112649746)
 (-0.95656255112649746,0.95656255112649746)
 (-0.31885418370883251,0.95656255112649746)
 (-0.31885418370883251,0.95656255112649746)
 (0.31885418370883251,0.31885418370883251)
 (-0.95656255112649746,-0.31885418370883251)
 (-0.95656255112649746,0.31885418370883251)
 (0.95656255112649746,0.31885418370883251)
 (-0.31885418370883251,0.31885418370883251)
 (-0.95656255112649746,0.31885418370883251)
 (0.31885418370883251,0.31885418370883251)
 (0.31885418370883251,-0.31885418370883251)
 (-0.95656255112649746,-0.31885418370883251)
 (0.31885418370883251,-0.95656255112649746)
 (-0.31885418370883251,0.95656255112649746)
 (-0.31885418370883251,-0.31885418370883251)
 (-0.31885418370883251,-0.95656255112649746)
 (0.31885418370883251,-0.95656255112649746)
 (0.31885418370883251,-0.95656255112649746)
 (0.95656255112649746,-0.95656255112649746)
 (-0.31885418370883251,0.95656255112649746)
 (-0.31885418370883251,0.95656255112649746)
 (0.95656255112649746,0.95656255112649746)
 (-0.95656255112649746,-0.31885418370883251)
 (0.95656255112649746,0.95656255112649746)
 (0.95656255112649746,0.31885418370883251)
 (0.31885418370883251,0.95656255112649746)
 (0.31885418370883251,0.31885418370883251)
 (-0.31885418370883251,0.95656255112649746)
 (-0.95656255112649746,0.31885418370883251)
 (0.31885418370883251,0.31885418370883251)
 (-0.31885418370883251,0.95656255112649746)
 (0.31885418370883251,0.95656255112649746)
 (-0.31885418370883251,-0.31885418370883251)
 (0.95656255112649746,0.95656255112649746)
 (-0.95656255112649746,-0.31885418370883251)
 (0.31885418370883251,-0.95656255112649746)
 (-0.31885418370883251,0.31885418370883251)
 (0.95656255112649746,-0.95656255112649746)
 (0.31885418370883251,-0.95656255112649746)
 (0.95656255112649746,0.95656255112649746)
 (-0.31885418370883251,0.31885418370883251)
 (0.31885418370883251,-0.95656255112649746)
 (0.31885418370883251,0.95656255112649746)
 (-0.95656255112649746,0.31885418370883251)
 (0.95656255112649746,0.95656255112649746)
 (-0.95656255112649746,0.95656255112649746)
 (-0.95656255112649746,-0.31885418370883251)
 (-0.31885418370883251,-0.95656255112649746)
 (0.31885418370883251,-0.95656255112649746)
 (0.31885418370883251,-0.95656255112649746)
 (0.95656255112649746,0.31885418370883251)
 (0.31885418370883251,0.95656255112649746)
 (-0.31885418370883251,0.95656255112649746)
 (-0.31885418370883251,-0.95656255112649746)
 (-0.95656255112649746,0.31885418370883251)
 (0.95656255112649746,-0.31885418370883251)
 (0.31885418370883251,-0.95656255112649746)
 (0.31885418370883251,-0.31885418370883251)
 (0.31885418370883251,-0.31885418370883251)
 (0.31885418370883251,-0.95656255112649746)
 (-0.31885418370883251,0.31885418370883251)
 (0.31885418370883251,-0.31885418370883251)
 (0.95656255112649746,0.95656255112649746)
 (-0.31885418370883251,0.31885418370883251)
 (0.31885418370883251,0.95656255112649746)
 (-0.95656255112649746,0.95656255112649746)
 (-0.31885418370883251,0.31885418370883251)
 (-0.31885418370883251,0.31885418370883251)
 (0.95656255112649746,0.31885418370883251)
 (0.95656255112649746,-0.95656255112649746)
 (-0.31885418370883251,-0.31885418370883251)
 (0.31885418370883251,-0.95656255112649746)
 (0.31885418370883251,0.95656255112649746)
 (0.31885418370883251,-0.31885418370883251)
 (-0.31885418370883251,-0.95656255112649746)
 (-0.95656255112649746,-0.31885418370883251)
 (-0.31885418370883251,-0.31885418370883251)
 (-0.95656255112649746,-0.31885418370883251)
 (0.31885418370883251,0.31885418370883251)
 (0.31885418370883251,0.95656255112649746)
 (0.95656255112649746,-0.95656255112649746)
 (0.95656255112649746,-0.95656255112649746)
 (0.95656255112649746,0.31885418370883251)
 (0.95656255112649746,0.95656255112649746)
 (0.31885418370883251,0.31885418370883251)
 (0.31885418370883251,0.95656255112649746)
 (-0.31885418370883251,-0.31885418370883251)
 (-0.31885418370883251,-0.31885418370883251)
 (0.95656255112649746,-0.95656255112649746)
 (-0.95656255112649746,-0.95656255112649746)
 (0.95656255112649746,-0.31885418370883251)
 (-0.31885418370883251,-0.31885418370883251)
 (0.31885418370883251,0.31885418370883251)
 (0.95656255112649746,0.31885418370883251)
 (-0.95656255112649746,0.31885418370883251)
 (-0.31885418370883251,-0.95656255112649746)
 (-0.31885418370883251,0.31885418370883251)
 (-0.95656255112649746,-0.95656255112649746)
 (-0.95656255112649746,0.31885418370883251)
 (0.95656255112649746,0.95656255112649746)
 (-0.95656255112649746,0.95656255112649746)
 (-0.95656255112649746,-0.31885418370883251)
 (0.31885418370883251,-0.31885418370883251)
 (-0.95656255112649746,-0.95656255112649746)
 (-0.95656255112649746,-0.95656255112649746)
 (0.31885418370883251,0.31885418370883251)
 (-0.95656255112649746,-0.31885418370883251)
 (-0.95656255112649746,-0.31885418370883251)
 (0.95656255112649746,-0.31885418370883251)
 (0.95656255112649746,0.31885418370883251)
 (-0.95656255112649746,0.95656255112649746)
 (0.31885418370883251,0.31885418370883251)
 (-0.95656255112649746,0.95656255112649746)
 (-0.31885418370883251,0.31885418370883251)
 (-0.31885418370883251,0.31885418370883251)
 (0.95656255112649746,0.31885418370883251)
 (-0.95656255112649746,-0.31885418370883251)
 (-0.95656255112649746,-0.31885418370883251)
 (0.31885418370883251,0.95656255112649746)
 (0.31885418370883251,0.95656255112649746)
 (0.95656255112649746,-0.31885418370883251)
 (0.95656255112649746,-0.95656255112649746)
 (0.95656255112649746,0.31885418370883251)
 (-0.95656255112649746,-0.31885418370883251)
 (-0.31885418370883251,0.95656255112649746)
 (0.31885418370883251,-0.31885418370883251)
 (0.95656255112649746,-0.95656255112649746)
 (0.31885418370883251,-0.31885418370883251)
 (0.95656255112649746,-0.31885418370883251)
 (-0.31885418370883251,0.95656255112649746)
 (0.31885418370883251,-0.31885418370883251)
