# Created by Octave 8.4.0, Thu Dec 11 09:47:22 2025 IST <gamana@Samsung>
# name: awgn20
# type: complex matrix
# rows: 2048
# columns: 1
 (-0.25857098303318332,1.0100119372276946)
 (0.34975233070270617,-0.30043759188683722)
 (0.35983163848742949,0.89539640157076839)
 (0.8680092519632836,-0.95163150328200963)
 (-0.29090386326489776,-0.46721530735306804)
 (-0.38649162120099556,0.2614243416469188)
 (0.29563527054965777,0.9511548362802893)
 (-0.34868273545093087,0.29281553423560813)
 (0.31382419112967203,0.34140985940313417)
 (-0.2966432207950177,0.85427191436363226)
 (0.33332212693835023,0.90182625841986941)
 (0.31741115473946419,0.46423831698079776)
 (-0.27099081394170565,0.9947065236339977)
 (-0.39883373907268665,-0.88166947670443219)
 (-0.26251560163592436,-0.26678588978506212)
 (0.30361694802569739,0.40226304284249914)
 (0.31713229520839892,-0.34572086337905245)
 (0.82242436389225004,-0.30950112085839976)
 (0.24310746464556832,0.34206657675878777)
 (-0.44938617276024551,-1.0634321335621195)
 (0.97541411942290335,0.38914375303735405)
 (-0.90465264781178656,0.40446211674840449)
 (-0.29736547062790331,-1.0050099580128005)
 (-0.37473309819570821,1.0306467116848832)
 (-0.35571918957419663,0.21884347490801936)
 (0.2305661443170052,0.31352644040287997)
 (0.36876674161443002,0.86661944947017144)
 (-0.41499558960553706,-0.96596809053366794)
 (-0.33458155268358009,-0.27922609239486607)
 (-0.88016331277816673,-0.23691782874769246)
 (-0.94327267488789079,0.34566657383880062)
 (0.35628749637556545,0.94734134646580492)
 (-0.34793166628327243,0.36737101689427076)
 (-0.13191271868068577,0.3718279343008376)
 (-0.2938159217637859,-1.0467891533316143)
 (0.93230617568458762,0.97117095722886981)
 (0.33818724606829043,0.83843480971305351)
 (0.33812308421587456,-0.87735450333117559)
 (-0.28989794442699518,0.31674659846578912)
 (1.0618313823974421,-0.33421148545939661)
 (-0.88087761330506154,-0.89681815756474625)
 (-1.0738463252790176,0.40150242634354349)
 (-0.92347094296485466,0.32579234505726901)
 (-0.26305293662191492,-0.29883172646363726)
 (-0.33160635766061947,0.35415664854089246)
 (-0.22596552421733646,-0.98943940887196635)
 (0.35435633994704291,0.41166928798242819)
 (-0.23938194831675966,0.96714550906430397)
 (-0.15693545219510802,0.34571058606835336)
 (0.8662980795695997,0.89154871793158952)
 (-0.38426924955843578,0.18755255715165556)
 (0.97977122141604145,-0.31070650033762015)
 (-0.18872245217991682,-1.04898757028978)
 (-0.42475592769804599,0.24421311585804423)
 (-0.37835239673763787,-0.19956655603448489)
 (-0.87029366411783748,0.37612519986992909)
 (-0.95623921238439369,-0.41169342678115162)
 (0.33074969412568761,-0.26483643522566991)
 (0.27681612787785576,0.25887712031232185)
 (-0.22807577669870438,0.98388101371264269)
 (0.35044364791184035,-0.44589537436241078)
 (0.84700138788357426,-0.26411523413852622)
 (-0.29206309219960924,0.27707561034626427)
 (0.3157369626483798,0.27445678101122173)
 (0.39980973850081625,0.87082203103598188)
 (-0.42749808269388245,-0.32840678330084522)
 (0.93192514066846777,0.87342145984259079)
 (-0.38437982919382813,-0.92323968196367501)
 (-0.96188307988251986,-0.98404792887575465)
 (0.26989423126069467,0.9952800035145577)
 (0.95722999428181588,-0.31207037696583023)
 (-0.8721626026145386,0.34963358288150298)
 (0.28474376914217775,-0.93803162799222028)
 (-0.27323935674423616,1.0607524505623014)
 (-0.26851364471071687,-0.34888269726597709)
 (0.27914937830846076,-0.81672687598173088)
 (0.34694603737203894,-0.88278461551706489)
 (0.28509610396875629,0.30573329652640741)
 (-0.39234809644553637,0.34159943533764614)
 (0.97900922231757803,-0.24433482473180823)
 (-0.99574472969774686,1.0348603823112932)
 (-0.27568424662367497,-0.90962148991962555)
 (0.79607544824955445,0.2776223228286932)
 (-0.83706961074991493,0.95734816967765313)
 (-0.85865027265347782,0.97666834467211594)
 (-0.89859588949884528,0.33113119987960138)
 (-1.0333903338989452,0.90703002711608982)
 (-0.98032757340702414,0.96125506194707067)
 (-0.39754336356016584,-1.0195498224086583)
 (-0.33467277649391219,-0.26592634793797298)
 (-0.97549106715541367,0.98753123522766439)
 (-1.0090070333968462,0.90880046819238436)
 (-0.30537050492561824,-0.96768666940614079)
 (0.92037626085515178,-0.2538556303756056)
 (0.34218965417740327,0.99377336531934213)
 (-0.29472380708729817,0.94643210547444656)
 (-0.34329744151276242,0.77800888918035904)
 (0.8016270620125634,-0.86481551007425228)
 (0.91018540664975511,0.31821180948989752)
 (0.92088270461340727,0.36089841560669822)
 (0.24371916758964315,0.85970559814496095)
 (0.71666756885716021,0.33274151980265965)
 (-0.39601047226306407,0.83239845980153404)
 (-0.29626090843218622,0.24654913600802658)
 (-0.881387675570516,0.90933706370640444)
 (-1.152610573295614,0.31598016520541367)
 (0.91761868192852802,-0.89691813963752232)
 (0.91761916609471006,0.40630565612872627)
 (0.23801018849646693,0.29954375000305522)
 (0.98773753360589223,0.32780865069735149)
 (-0.84871206141237532,-1.0208617675868155)
 (-0.3083681652799094,-1.0172541837323767)
 (-0.89892313921036748,-0.89598249808740205)
 (0.94411417909406337,-0.97400242660483394)
 (-0.89513806381384264,-0.16393411566721591)
 (-0.8717393281822009,-0.92776222862003699)
 (0.91304670147315659,-0.2999361039335865)
 (0.33831230103373067,-0.86838013123022284)
 (-1.0139375443778382,-0.90503575423596938)
 (0.27556236320925498,0.83727904491741478)
 (0.28340458218619891,-1.0936947548452243)
 (-1.0313295617836062,-0.95753424403958054)
 (-0.77823863282162775,0.87958528745189046)
 (0.91517989998134719,-0.894213452150182)
 (0.93977632152406865,-0.28354411385922862)
 (-0.37541538025675747,-0.41270368004371988)
 (0.9705584343784599,-0.35387707209172276)
 (-0.87021155186276666,0.90009084979972531)
 (0.30186945614409449,-0.34123611186121389)
 (-0.24565629775961212,0.32174741436999155)
 (-1.019947140802526,0.33400624333534323)
 (-0.20249906402583617,-1.0069499596011502)
 (-0.95596899132654178,-0.94021199705711211)
 (-0.28464304083923092,-0.30240294257586359)
 (-0.26731804501976636,-0.28695315462094978)
 (1.0098745394119708,-0.99986053973541389)
 (0.35891338392292432,-0.23301409200658851)
 (-0.88132190346285122,-0.37283909709173157)
 (-1.0287764037838765,-0.36195670163052168)
 (1.0462667229764464,-1.0292855341633791)
 (0.30905364734764201,0.36968366588380835)
 (-0.30760735136728223,-0.87749080840233862)
 (-0.35428411743078853,-1.0552785061698173)
 (-0.83534436183551686,-0.26691066334164609)
 (0.31769938391241642,-1.0540973404805134)
 (-0.99699065507145279,0.29103407657739522)
 (-0.30600865987231129,-0.36621946904800745)
 (0.84890006480374502,-0.25460345605034795)
 (-0.29908567087249205,0.28009903773348849)
 (0.28316624917953265,-0.20162255730919226)
 (0.92446187630812271,0.95159541686875215)
 (-0.94162102485190902,-0.88085527546568143)
 (-0.90997935034844846,0.31250922521757302)
 (0.85141112728025148,0.30457724056157742)
 (-0.281200801120503,-0.98121950577441464)
 (0.27103134379070026,0.35555309627170423)
 (-0.87561799544864327,-0.88201299091138874)
 (-0.21709902992553493,0.88954575019925441)
 (0.85809524402400972,-0.44024725638049333)
 (-1.0623710286903325,0.46296015440547755)
 (0.32422056457753073,-1.06566640728722)
 (-0.37211926142711593,0.25696189042208062)
 (-0.26377376857005075,1.0590256188544622)
 (1.0187622106089786,0.31521030589082216)
 (-0.98891098128832877,1.0291751804222451)
 (-0.91990483446280236,-1.0581093903902101)
 (-0.22157632586915604,-1.0007415736314322)
 (-0.23952467733884436,0.8455331030578418)
 (-0.31371652184273052,-0.46310053013544961)
 (0.3248629096328956,0.90673971691180133)
 (-0.86388437543143204,-0.31252210395444108)
 (0.95823408300013146,-0.93367773803793752)
 (0.90528680477856771,0.91589718179298873)
 (-0.29645024657277846,-1.0240027182893483)
 (-0.96664594570683626,0.87912005871281518)
 (-0.91301610731088756,-0.34733055243265748)
 (-1.063686612359025,-0.30678879299459549)
 (-0.82541199465896309,0.38621784900135814)
 (0.22425980864030187,0.98483795933030027)
 (-0.82078699466628424,-0.26152552958839703)
