# Created by Octave 8.4.0, Thu Dec 11 09:47:22 2025 IST <gamana@Samsung>
# name: awgn20
# type: complex matrix
# rows: 2048
# columns: 1
 (-0.32667734523401704,-0.26694450055955515)
 (-0.9361272851675827,0.34139406327802918)
 (-0.84704940990199806,-1.0480287741664449)
 (1.0116342749493579,0.91318575568543459)
 (-0.95300897297217935,-0.2689270092801892)
 (-0.4504140476243742,0.94305008287665137)
 (0.92839716302287412,0.28691999522541606)
 (-0.19147583262692286,-0.29594614290743149)
 (0.93897476608345387,-0.44363899457812661)
 (-1.0200899896157343,0.37304014523161322)
 (0.39458427050977074,-0.23803306027299076)
 (-0.41229620578068771,-1.0395939690726306)
 (-0.28642708280569379,0.44888066040365993)
 (0.34853779113492644,0.30958542061369515)
 (-0.96187179456035732,-0.84282752001193562)
 (-0.9951406266495979,-0.98909611617671456)
 (-0.82820209629905595,-0.39352355713417386)
 (1.0192305815983895,-0.98381988040101909)
 (-0.27806343551328661,1.0720057101290337)
 (-0.29320265221828545,-0.9965814105461499)
 (0.24234554340353553,0.85189927457637493)
 (0.96143973297009588,-0.26582944714435119)
 (-0.99278007079167108,-0.51791174256047989)
 (0.26505864249779576,0.83900014828383096)
 (1.0507677111417997,-0.34598170488298907)
 (0.94610295255061272,-1.1045650129132254)
 (-0.33899830495486943,1.0069673542960411)
 (-0.32059493469386025,0.38174714073228361)
 (-0.34288414025915481,-0.9536325336643221)
 (-0.82097021563750294,-0.8080286474809123)
 (0.98591609430882177,-0.84470189318149691)
 (-0.29875426966362351,0.27126241163143039)
 (-0.31461947434039722,-1.0416386221235381)
 (-0.92046823801653999,0.97816253972195588)
 (-0.32131423387772351,0.85181922433996038)
 (-0.97459488079041579,0.29885945461904384)
 (-0.93885323126978515,0.90017440878458066)
 (0.39505558713267969,0.28713962842775798)
 (-0.42605450702957737,0.9117796909687953)
 (-0.23423310293807653,-0.93667593830016238)
 (0.31251515368908417,0.88506916006927849)
 (0.28325290139754861,0.81870443464766662)
 (-1.0139664566657989,-0.94076815311548845)
 (0.20238532831905168,-0.29932918867845276)
 (-0.95813047788415617,-1.1034553173436921)
 (-0.39228869436076852,-0.3560862932995707)
 (0.92946202615906903,0.36140732846368612)
 (0.96204838211158339,0.30489883068804408)
 (0.97258304153071207,0.98140791564218333)
 (-0.35000199559647394,-0.93812482651219753)
 (1.0907318438690838,-0.27430019047291149)
 (0.7967731170023914,-0.8010397092865722)
 (0.29756526003579264,0.97174948130043359)
 (1.0868860468817192,0.40924632874231492)
 (0.32835193524975442,0.30120408174798602)
 (-1.066012997261599,1.0196294231761458)
 (-0.30313271553233401,1.066586576666362)
 (0.98115815102385406,0.35263102924753853)
 (-0.97485820776269461,-0.87147058341675265)
 (0.9775832666649098,-1.0125758362502346)
 (-1.0440444077291571,0.35151586784218614)
 (-0.42944541991430446,-0.99066732901871013)
 (-1.0486991821589009,-0.93510232897831536)
 (-0.34112163086167857,-0.28134331685297842)
 (0.87751911560273843,0.8479912753714518)
 (-1.0469064337832263,0.36834793501361324)
 (0.86250369410084093,0.92764150693493785)
 (-0.9805321049737703,-0.99480471421298555)
 (0.94729510599734845,0.24161928087027595)
 (0.88215245058773117,-0.37140606003812787)
 (0.96212138747922282,-0.98740744276634085)
 (0.97856080592878403,-0.32681444723981712)
 (0.34067192193549617,-0.8457794473234812)
 (-0.95061033634491043,0.98672526914010794)
 (0.41860722073919843,0.91548342478041467)
 (-0.13144824294610552,0.33315799950175212)
 (-0.94913674901524159,-0.98597600246659844)
 (-0.36660016925481254,0.99873883522351958)
 (-0.2586832511498437,-0.2949058677164153)
 (0.41057937311436654,0.94084527015751729)
 (-0.37308795563300645,0.26589757167677108)
 (-0.38760033838793417,1.0274045287789999)
 (-0.8919353656049509,0.98792320920554122)
 (0.99013545423144778,0.3035998033957335)
 (-0.9393683255126225,1.0141365451144873)
 (-0.30064921981469706,-0.86477417961913572)
 (-1.0542422089013268,-1.0359927561327449)
 (0.91202617248124274,0.95744087778447939)
 (0.93986432898684913,-0.33203416813793674)
 (0.83666857889546198,-0.32654495475848677)
 (0.40184874122194686,-0.39216732018212197)
 (-0.81094842156431612,0.29560139698366605)
 (-0.24681735608049377,0.4024571883822608)
 (-1.0371175351111543,-1.0237378548195464)
 (1.0409917711593977,0.93523837241986618)
 (-0.29460686203348285,-0.80810557692594265)
 (0.9111784785718493,0.80051811459333599)
 (1.0330440119639721,0.32293163097655248)
 (0.24693112648155119,-0.20534712101828728)
 (0.89733308468335748,1.01533164550263)
 (0.29652813890641749,-0.87478740652308851)
 (0.95982664420922592,0.3288948397759397)
 (-0.33685628320663596,-0.34411361348153585)
 (-0.42332882901590052,-0.35515834848526295)
 (0.27197251267654887,-0.92165626751311069)
 (0.30493299325328727,0.8942872685402774)
 (-1.1099836186283849,0.52553890608591125)
 (0.32454170413058397,0.40727458523028781)
 (-0.8998307145631701,-0.19969191246223164)
 (-0.92425998323432468,-0.29922840323690547)
 (0.98773397836621157,0.18852982614057789)
 (0.40299214642779174,0.88056551831648056)
 (-0.78415874988332446,-0.97866887677774783)
 (-0.93404437780685579,-0.37418134853641916)
 (0.84848366067219216,-1.0440016405885957)
 (0.29334533565904525,-0.22172484354867628)
 (0.98048164359120715,0.89040690733258399)
 (-0.40958671583790784,-0.95814177609364137)
 (-1.0150353469500453,0.30470830102268887)
 (0.20770859308959672,-0.2927827725817172)
 (0.21342868329936943,-1.1397800116433583)
 (0.98745796674420472,0.47054097742887613)
 (-0.38525458494129683,-0.42863142626505524)
 (0.34047056829179739,0.90979059957355357)
 (-0.78435276857188041,0.33250241989879581)
 (-0.98229452678839779,-0.91936125863568896)
 (0.90097027024346554,0.24303657896179703)
 (-0.36286703928054354,-0.29282206254284954)
 (-1.0653130987455051,-0.31631465396102554)
 (-0.37403480626322139,-1.0187014735071027)
 (0.9529221764703707,-1.032399365858407)
 (1.0460944970734547,0.33179893946100314)
 (-0.31210934945018598,-0.24446562851568521)
 (0.2519194041834541,-1.0942501665712305)
 (-0.28119406001943587,0.11630568837788072)
 (1.0085029806078263,-0.20989086640594007)
 (-0.92732011238140855,-0.28466365677044597)
 (0.4461114523289299,0.88435962043929239)
 (0.23903639170308155,-0.3459987372098845)
 (0.33603439887117986,0.19475718270853382)
 (-1.0020690313905134,0.96213383799471086)
 (-0.3326958953130863,-0.89578546767970635)
 (0.26231153176195826,0.36547878875833201)
 (-1.0181190004220713,-0.95352254417164739)
 (-0.28419792129939403,1.0487136853376609)
 (-0.89346136595076964,0.96239152454114929)
 (-0.23028964268325802,0.37544693287815945)
 (0.24718456454580545,0.80388020411468653)
 (-0.47265145698907046,1.0543330128245072)
 (-1.0120713036466586,0.34397948311550613)
 (0.96749659166106261,-0.25329789741976455)
 (-0.35778823875105981,0.96100873093656103)
 (0.33226187467784896,1.0400713825375425)
 (-0.36971698690881383,-0.34010300832291102)
 (-0.94895243337333202,0.29571807658268351)
 (0.14705086630392686,-0.44396051224504784)
 (-0.37261964382200835,0.31693586739966639)
 (-0.96901013896756183,-0.19416924669297608)
 (-0.38480193851529054,0.31843258755245579)
 (0.38403556261976285,0.85727469033580073)
 (0.31059734800702915,-0.95973432114189505)
 (0.40421372647350834,-0.32524012978364086)
 (0.25246723225464252,1.0174439839720864)
 (1.0144018086783286,-0.27521434775648357)
 (-0.36622537573993685,-0.98399759770964923)
 (-0.86791765961645051,0.9102166088846998)
 (-0.4033680486403794,-0.21207906233772744)
 (0.95069127305898848,0.91481230412017833)
 (0.25639736769782534,-0.32112375774276669)
 (-0.32791237280340785,0.43646072669942837)
 (-0.33648323430404542,0.28323963986001888)
 (0.89780410466776073,0.933308650008977)
 (0.37729920808745626,0.91368748005615419)
 (0.32011401312856536,0.94371961528607162)
 (1.0270178722129029,0.3484562737740291)
 (-0.85171803699480442,-1.0009635638484959)
 (-0.97357081401273304,0.33643599462209312)
 (0.25312892166703826,0.39761402743962188)
 (-0.22113095150344508,0.98750817467990792)
 (1.0451824709809399,0.35461436092847393)
