# Created by Octave 8.4.0, Thu Dec 11 09:47:21 2025 IST <gamana@Samsung>
# name: rayl
# type: complex matrix
# rows: 2048
# columns: 1
 (0.026291180898720491,0.083793011376435994)
 (-0.14625678251542937,0.23390199112466628)
 (0.28498796027677653,-1.3308662215509917)
 (-0.82153773090614868,-0.45857790103595747)
 (-0.4721078584405663,-0.059051461670208749)
 (-1.1909105195738254,2.2192600836025016)
 (-0.25059885513196795,0.25242989658884668)
 (-0.31110061976912196,0.84443498003569994)
 (-0.88733562473065608,0.75968412962272658)
 (0.31530636174981697,0.49754124641737674)
 (-0.30049701294669801,-0.99022236439999922)
 (1.0706504008102828,0.32457056289956032)
 (0.40596970794792153,-0.69678132711460383)
 (0.254416611981094,0.073333961609063858)
 (1.2779291149636549,-0.18183479274695091)
 (-0.030746147607071238,-0.057126316232412808)
 (0.47279081954459384,0.20896170811075793)
 (0.9079115995905831,1.5335318749722298)
 (-0.51447397631056124,-0.3486028455306881)
 (-1.09658085138082,0.31223170996744465)
 (-0.090769835644918778,-0.12666633816941494)
 (0.71715450886607801,0.7783664998942792)
 (-1.2491986821509977,-0.15437761877262879)
 (-1.0613636798277302,-0.49886288588598388)
 (0.15763052056156704,0.099308050366175682)
 (0.51518703746272509,0.92164818384621472)
 (0.35599878722975431,-0.35309714637604406)
 (0.51863084090037492,1.4192464525585473)
 (0.74707768523812401,0.23762578527626305)
 (0.21444714234330678,-0.5033022181438862)
 (0.60031845044683707,0.41520848601051641)
 (-0.23578354477761304,-1.0725501626961644)
 (1.2570142120242354,-0.0091430545365125404)
 (0.73994567581989512,0.13521399807445311)
 (-0.69610586699592636,-0.0024124298273064948)
 (-0.22677921608732782,-0.3037146562451839)
 (0.029409130476340424,-0.11315360035427871)
 (-0.046792924684453924,-0.033851745164291111)
 (-0.20829218924932005,-0.57565910097759831)
 (-1.0207477461278742,0.43651088567413193)
 (-0.79116398081599137,-0.23448217889897216)
 (0.59635444984090702,-0.19733064629551578)
 (0.084824931614700033,0.19143858514147941)
 (0.69919848592162159,1.4159640625205401)
 (0.14923743009876217,0.77534773367683274)
 (-0.037001034043184833,0.76134443629374982)
 (-0.16364810392182425,-1.1789835464227791)
 (-0.40386552034483647,-0.28002610118319304)
 (0.36680234560473823,-0.23804257509540591)
 (-0.23104335485555857,-0.0006873037394102971)
 (0.59316646258825589,0.53897524726355062)
 (0.79659508562828951,-0.8772360675142542)
 (-1.92595838745354,0.20220022654855041)
 (1.2587941077835401,-1.4161685153635362)
 (1.0884449718540696,0.64464384642541395)
 (0.17840533700618105,-0.55889280322515389)
 (-0.39991843195600446,-0.069140785120478485)
 (0.12180430727252593,0.081773400918150232)
 (1.6329382126080785,1.9902797989427459)
 (0.67237161750942998,0.18363669973111291)
 (-0.12342976813081072,-0.056128537524381183)
 (0.26901009408623427,0.87008631974031436)
 (-0.058545027059369849,0.039113823978459729)
 (-1.432201180985522,-0.77745971699079297)
 (-0.2014422738526018,-0.20605220753534823)
 (-1.0841393952072971,-0.3036632891800396)
 (-0.90108764304411482,0.25238927379105686)
 (0.36224332982361984,-0.029101076681787824)
 (0.087123501879145165,0.51909381848984226)
 (-0.059643502086780785,-0.13485226779887269)
 (0.10176920309672777,-0.67708473229201871)
 (0.86714400610908904,0.39084823980519345)
 (0.69103858564260989,0.16794469855519092)
 (-2.2630562117517288,0.53476588927955626)
 (-1.4651090991038727,0.83318339361353189)
 (-0.12580793687583286,0.11731560927300842)
 (0.39305452164260191,-0.44247631959335992)
 (-0.28344479646917631,2.0882428892048832)
 (-0.32763214644985794,0.97825991568509196)
 (-0.40502961557905559,-0.29907944658848695)
 (-0.92563004424903916,-0.775460854653795)
 (-0.0056517216259245329,1.15559802192299)
 (-0.023325289847192468,0.24423787587079265)
 (-1.193751933051221,0.36647315761114374)
 (-0.33424103493807455,-0.50664594402646146)
 (-0.6836152486286371,-0.067348231399494363)
 (0.34756801734285142,-0.98360040026026263)
 (-0.71745914514032394,0.20385033088397564)
 (-0.5976707216905599,-0.58745864954249671)
 (-0.31985323090416362,0.077858052923345966)
 (0.3200895044221389,-0.17263757699435095)
 (-0.58876133805234399,0.36551097251875259)
 (0.030335760717923793,0.18313083359469629)
 (0.026664085728159662,-0.1177683041757569)
 (0.29842416979005726,-0.13321134770420417)
 (-0.219982113651707,-0.071525421569428441)
 (-0.27001683155809902,0.68625564581123411)
 (0.71763024269011821,-0.35447054878973983)
 (-1.0940749214454131,0.035572370786435825)
 (0.48942132851996378,2.0360403681459984)
 (1.6458907726443623,0.90731712091801819)
 (-1.6114801834469328,-1.5156480193612365)
 (-0.058277983234034367,0.25206200103952969)
 (-1.0805836354008778,-1.9533956754171879)
 (-0.0088756758508405711,-0.10670473683734147)
 (0.11596453613420393,0.20680029924917298)
 (-0.30058968961372673,-0.45924263178738961)
 (0.11392538057374747,-0.44711361963192875)
 (-0.72333976350904472,0.72487158190918122)
 (-0.38965578540446533,-0.47699893510784319)
 (0.56079690131537296,0.22750719174412937)
 (0.088423838811515693,-0.12272684680122359)
 (1.3422875238073604,-0.54689071670779787)
 (-0.69658368497847423,-0.2495921307601289)
 (-0.32249363502935463,0.57787195722231077)
 (-0.50846602121668494,0.090095321814254586)
 (-0.20407981303186834,-0.76290267511849008)
 (0.43741238866314486,-0.1446693055660713)
 (0.38008981494318134,-0.84012256664766505)
 (-0.49775997097315278,0.046521728148371799)
 (-1.4333801917256848,-0.11639574697585203)
 (-0.67519947096905508,-0.72026826996235926)
 (-0.21365374508522383,-0.40203385899530597)
 (-0.22538297959107384,-0.49956815157194778)
 (-0.0018302708323945649,0.3653152013491367)
 (-0.11334496421359132,-0.15396940711561699)
 (0.6838196100285272,-0.4532348047799839)
 (-0.54853951042238869,0.42792848618532719)
 (0.29998885660383845,-0.23873959863497515)
 (0.039503714088534099,-0.1310839401794073)
 (-0.069624056577923504,-0.20653667688684296)
 (-0.11261158083351103,-0.86010136087021771)
 (-1.120590663317989,0.18813102174231069)
 (-0.12974070371891822,0.74020432588625262)
 (-0.57112835325941136,-0.98322545329435251)
 (0.63896847939463086,0.60966516118183534)
 (-0.38652451218964845,-0.11194796382121061)
 (-0.093005534076536889,0.70705662988201867)
 (-0.052870134033714072,0.24069745871049311)
 (-0.18200583677361487,-0.81920660684294866)
 (-0.014164363847712191,-0.56873767154805488)
 (1.0698052456460514,2.0357018498349766)
 (0.062371327442937115,-0.027033577234569763)
 (-0.014678631760600283,-0.051076703399115429)
 (-0.67566231019641942,-0.8029967161455821)
 (-0.83706497428819149,-0.055642965735311523)
 (0.061146288078356301,0.27113505591673609)
 (-2.5811873365371278,-0.073489814707422996)
 (-1.5184759383562965,0.6732890727863643)
 (-0.7171946826863691,2.0756857675686993)
 (0.4830075823401474,-0.78220278780412966)
 (0.13800237719285516,-0.41597588894325466)
 (-0.50856433091459996,0.27670230862398371)
 (-0.58686343361405335,0.15633762129741266)
 (0.0036269813407702189,-0.68263937367752425)
 (-0.2036780462261569,-0.52923973588691753)
 (-0.060962499461754166,0.23655616870738475)
 (-0.66450032423834804,0.11225804621996094)
 (0.14793499266052679,-0.30256125261581207)
 (-0.10349394662308169,-0.026623172368616683)
 (0.47888594444264343,-1.0587126181199524)
 (0.55516903819177188,-0.85855523704454362)
 (0.020785962811578879,0.38030100308108272)
 (-0.28924913420761461,-0.92722196785623034)
 (0.30856497929714805,-1.1886482403622987)
 (-0.31007492040324025,0.73555401556332645)
 (0.76044444353695018,1.3559356400280209)
 (-0.38157145028718448,-0.21882557391091245)
 (-0.81847368762830786,-0.20456746949132304)
 (-2.128114403108269,-0.13831212036043161)
 (0.11113994258622611,0.81741333471017563)
 (0.068261620650689053,0.055215129858535085)
 (0.21223399161154335,-0.20516135233473035)
 (0.65653051772770876,0.96223379188419966)
 (-0.16022138184997803,-1.2343124488068336)
 (0.1063273877631058,1.2222898348054341)
 (0.081668007577085477,0.66013976871284119)
 (-0.33785027450833116,0.87541258015644141)
