# Created by Octave 8.4.0, Thu Dec 11 09:47:22 2025 IST <gamana@Samsung>
# name: rayl
# type: complex matrix
# rows: 2048
# columns: 1
 (-0.1680871640825301,0.41239710435388777)
 (0.08793060131666644,-0.51280994751886566)
 (0.10869700878149555,-0.29995669709564665)
 (1.1733422056545231,0.92350418691272318)
 (-0.28023287463202862,0.39533262813010639)
 (0.090091147016267636,-0.18247019596810676)
 (0.031989285182399685,0.27119858823936921)
 (-0.41568191470469357,0.40686522969404976)
 (0.19246517778871039,0.067699933392853989)
 (-0.047184335200473881,0.37082005141456248)
 (0.44447610104029084,-0.16420024734941335)
 (1.4650457512127224,1.0168584917498917)
 (0.11405813655338223,0.28892672862545088)
 (-0.43928975342383764,-0.14929268441942728)
 (-0.2529430346497698,-0.77787276961515939)
 (1.1465079560486309,0.41110299723601618)
 (-0.47703625769451558,1.1897893219202027)
 (-0.031547012183425371,-0.52340911311635485)
 (-0.42653725804298387,-0.39837096713682435)
 (0.22158228057079335,0.39402989987680348)
 (-0.041519871127809714,-0.028281658012409328)
 (-0.59975902035939388,0.20546789861983175)
 (-0.57455894506227878,-0.3378798083948642)
 (-0.93970716794651787,1.5586669769051351)
 (0.025610015403186109,-0.035248308383213217)
 (0.89016366729812202,0.3082694057816362)
 (0.52484100773833675,-0.69976719749661886)
 (-0.075438692130069651,0.96142508268995219)
 (0.45811801387101397,0.39251996334602618)
 (-0.37977591564341351,-0.89477410225662835)
 (1.1865352336145871,-0.92336896803829527)
 (0.57301242023992605,0.034123403298140065)
 (0.63505604213482725,1.0801078687145311)
 (-1.1715158510823291,1.6606491294582344)
 (-1.1080453744678078,0.056507521069005251)
 (-0.31209290264059641,-0.82005453341861234)
 (0.61863890848611369,-1.4462048912139696)
 (-0.012196738520793549,0.040585934892043068)
 (2.1282224617063128,0.11731454079894821)
 (-0.81650692349109266,-0.48565344657338538)
 (-0.63192272831681817,-1.581162219588935)
 (-0.31224139814484425,-1.4955431056411514)
 (0.19317188231968177,0.041872163673335197)
 (0.24248172547817265,-0.28113704037188875)
 (-0.20979170246754414,-0.32404913483925385)
 (-0.43484269494835093,0.43103505291104871)
 (-0.64373668506111437,-0.86068005928647562)
 (-0.06499632229646829,0.21409223069749167)
 (0.26755736220953347,-0.28685447124913394)
 (0.28796437311575401,-0.46572852464459463)
 (-0.22313236244382134,-0.36051110332334141)
 (0.10580503677329353,-0.4087641089621703)
 (0.079085688952784394,-0.36241753133330956)
 (0.24931878655047146,-0.92226100901117292)
 (0.29012087839789402,-0.2297114329878028)
 (-0.47806630290222457,0.27574037664580542)
 (1.9849127590094566,1.8010230724691016)
 (0.3439338480797226,-0.24380649228812984)
 (-1.2138395593603941,-0.77650560788947942)
 (0.92380371653879845,0.69292467191111295)
 (0.27744564228061819,0.34474339029843581)
 (0.93557760081998231,-0.54647576780551099)
 (-0.00038748118650702712,-0.26116184953363664)
 (0.57448382825652011,-0.55040198188996758)
 (-0.077164614718895699,-0.1020097233176607)
 (0.032254322451507118,0.018260011729210723)
 (0.98786784616435797,-0.41043800279698783)
 (-0.15786245270713589,-0.055655975275835941)
 (0.28266991767754424,-1.0380707963385927)
 (-0.19992591920880434,0.47252615196792269)
 (-2.1614175754256615,0.16724025524837549)
 (-0.31483662593364725,0.44685867817285485)
 (0.49958778321856567,0.41065733101928925)
 (0.46248119960034129,-0.44510484847888088)
 (-0.32597317150634514,-1.0340043724945691)
 (-0.90525565296986987,-0.86154506716489965)
 (0.10573418831744531,-0.36821115389745579)
 (0.072618800256605054,-0.57683954336293286)
 (-1.0496985728670061,1.1687160097196407)
 (1.0824029215549915,-0.97114499068755955)
 (0.74729301017216421,0.17172723083828159)
 (2.7519807783785151,0.077270101915547507)
 (0.23729746840475077,-0.0080061018705371023)
 (-1.3362403151049056,-0.0054274177506579147)
 (0.39800004653197141,0.98793802403203546)
 (0.013655851356740788,-0.029663164883250943)
 (-0.49182384235205684,-0.18375366727220682)
 (-1.7901131984775338,-1.2101423479281097)
 (-0.07807447204823148,0.208140577334816)
 (-0.33337979013332936,-0.098682522314709489)
 (0.87232271769293157,0.038914977329614964)
 (-0.18916355303163293,0.21380016717665637)
 (-0.20742265777265015,-0.61649237133600499)
 (0.2480413187190092,0.38907718701102106)
 (-0.73571806953046237,0.17788168353247258)
 (-1.7662273477671855,0.63188004360817873)
 (-0.87817559126410072,-0.60513729280713424)
 (-0.44414637998696438,0.53555333523058724)
 (2.2440202458953618,0.57671525484498176)
 (-0.91665660725385045,0.071851558420792133)
 (-0.041056302046017956,1.3962955403870829)
 (-0.027508052045011749,0.42909333021602858)
 (-0.39542871281427916,-0.63746410685607691)
 (0.53676386407327759,1.5372811770942061)
 (0.13845546030339281,0.061046433058949613)
 (-0.1619977735499257,1.1055288470914442)
 (-0.53818787681237423,0.74818559116754813)
 (-0.11424078416359162,0.16008899932881143)
 (-1.8053657664767329,0.38836501017179548)
 (0.05701701781307103,0.029385498786299966)
 (-0.11459864124387278,-0.96582615269447936)
 (0.42523158485745222,-0.24529492662651428)
 (-0.68691026036192171,0.95925246210741255)
 (-0.0017372438225652931,0.37791344683512529)
 (-1.7854945814987344,-0.87701913912222551)
 (0.983960354986674,0.97590733148304531)
 (-0.52456660130773369,0.046587706838365217)
 (-0.74360078925455808,-2.3760754558224013)
 (0.062206049824085452,-0.61202780899864706)
 (-0.33034830251344011,-0.27042721077299486)
 (-0.36221351663458362,0.41145406465745399)
 (-0.52709142278871157,0.23206111070087071)
 (-0.29281563966116986,-1.1894132239342357)
 (0.70642743097387406,-0.26583513941686993)
 (-0.49714800283636001,-1.2280281780870612)
 (0.77783150263813439,-0.062638136358062646)
 (-0.53891007245013123,0.46368225146432884)
 (0.061416318757300546,0.092453076921044375)
 (1.6247245107722073,0.80760578976177066)
 (0.24782401808607402,0.028963533924577997)
 (0.047529908448126434,-0.19800784805650576)
 (-0.490308707908237,-0.4600343748045469)
 (0.10845019493808132,0.02751646376706254)
 (-0.16273479928053941,0.14723477442392616)
 (0.15957362546155346,-0.0056729871743461946)
 (1.5057972397936474,-0.12384887153717328)
 (-0.022155232371274369,-1.5674243579905145)
 (-0.19694320179613875,-0.98530501042368235)
 (0.15752150273373899,0.668643510171405)
 (1.0703902480629595,-0.75876344344760027)
 (1.5389560412005263,0.4051560174892041)
 (-0.11847916528777594,0.22459783969343203)
 (1.2894272552641761,0.55277215702824567)
 (-1.1648025478798461,-0.55901954835704903)
 (0.79461850506501785,-0.58449013467993405)
 (0.47404015707473135,1.2660377069376838)
 (-0.47043798867001385,-1.0910880436612569)
 (-0.80695391771830183,-0.94272476252029891)
 (-0.98792163034058544,-0.34960903367182911)
 (-0.68715723823659969,-0.14510718930205088)
 (-0.37180008842984141,-0.86402357320184009)
 (1.3182813149821975,0.3520485906250731)
 (-1.0273731227466538,0.19531343346196839)
 (0.014809190155540497,0.12933498171523855)
 (-0.22199925879841459,-0.10773587624223563)
 (-1.0685733174952059,-0.23970299721123908)
 (0.15263965255938616,0.028499677073041636)
 (-0.57551242927832247,0.11906974569495443)
 (0.16207657985745086,-0.061145677398818467)
 (-0.076136033425364166,-0.16097058857745938)
 (0.35486444469036177,0.50510269013157583)
 (0.85663149300885733,0.77822913201324195)
 (-0.17774879739975946,1.1070603311655209)
 (1.1428253600107978,0.56790202799016309)
 (-0.15166418978346802,-0.08590763758717701)
 (1.5067289613810553,0.025304845661695441)
 (1.526878915920151,-1.3904036775264805)
 (0.70917990356133187,-0.28758988046904543)
 (1.4013479666057194,0.76995365397866822)
 (1.1372654187347484,-0.23489348303756613)
 (0.88667660581802488,-0.50975508023494154)
 (-0.4579936077954449,0.064243937367643611)
 (0.4551007555363471,0.95043101240360217)
 (0.81195001639189113,0.021745128618275156)
 (1.4778137120543042,-1.1668515530036876)
 (0.49625001048257,0.054195407607969773)
 (1.9103271631108023,0.69450882303119521)
 (-0.61036253312528521,0.095654242938839174)
 (-0.043301750565229946,-1.6714265232224244)
