# Created by Octave 8.4.0, Thu Dec 11 09:47:21 2025 IST <gamana@Samsung>
# name: rician
# type: complex matrix
# rows: 2048
# columns: 1
 (0.00030342918803072383,-0.61226773303981652)
 (0.93069495716051909,0.48150109694749715)
 (-0.74342528425077936,-1.3580470633479862)
 (-0.21936256338791654,0.28237700826514261)
 (0.38084911813176425,0.32239898905746789)
 (0.48294954098096804,-0.33681560146848416)
 (-0.43937659779031935,-0.23450144074990023)
 (-0.96088019453118634,-0.80951772197328975)
 (-0.26096154322900927,-0.45575608616098323)
 (-0.27909151706935698,0.92641940931690991)
 (0.0094106090269567289,0.62840782951849383)
 (1.5255971899694325,0.050655981817858686)
 (0.22858429803859029,0.22299261622611208)
 (-0.2055262536134449,0.352056776977274)
 (-1.0912391662458738,-1.2007067346217895)
 (1.0680588336812864,1.1002613602451619)
 (-1.0502344370783789,-0.024253149293221976)
 (-0.52618090846288601,-0.22243543785601447)
 (1.744369366906976,-1.0181679030451083)
 (-0.21998107383254259,-0.32776922481304083)
 (0.25051495213413572,0.70539948595422375)
 (-0.07799476201813732,0.59443366786071294)
 (0.44877302933669622,-0.45723849994558075)
 (0.46293201780723153,0.91012581615113231)
 (-0.50121010746131034,-0.45989395444874459)
 (0.91881800825125715,0.46155441787466644)
 (0.18381503318723547,-0.28524395774529004)
 (0.2557058447782532,0.24585840817564944)
 (-0.82078819578422813,-0.067934688520492392)
 (-0.35863796584330032,-0.84490492001431616)
 (-0.35128889013353126,-1.0846742377536096)
 (-0.044924759628495667,0.1419424824069237)
 (1.0406634330541757,0.70642527005555744)
 (0.34206981878227471,0.39987140236215712)
 (0.23388911035267546,0.32907899333090673)
 (-1.3238713440698811,0.51959210468004513)
 (0.12026243431235506,0.84583329236569826)
 (0.49024395540416005,1.1060568414190681)
 (0.1462505430862337,0.49250146664900835)
 (0.71782008039030742,0.0098244151034327931)
 (-0.30939607391205204,-0.98719165162298195)
 (-0.8182175220894754,0.5027840460673747)
 (-1.1725171469787827,-0.048131403428012698)
 (0.5059160133094216,-0.67443217036165326)
 (-0.20556940316083791,1.235179354666319)
 (-0.44877801245704663,0.5129902186281734)
 (-0.79403714901091438,0.065630836031766671)
 (-0.41297886583551291,-1.1119741515333428)
 (0.73067681555278552,0.80819015527003624)
 (-0.36071485928901509,-0.67826828558649832)
 (-0.091179494109054432,0.5199120690225042)
 (1.650785213935863,-0.82861641972807765)
 (-0.13916577225433968,0.2538606323481914)
 (-0.40747943251154889,-0.79973430371503018)
 (0.37691269281632556,0.47803333679088411)
 (0.26085273869956316,-0.72673655954177152)
 (-0.27016412798319211,-0.48610231542713789)
 (-0.7251169510441533,-0.65603976645774176)
 (0.75068207212226834,0.47954624592542749)
 (0.28015574490352668,-0.26400422074954544)
 (-0.44038119845168028,-0.4962647088389906)
 (-0.16094373512944579,-0.19953451860765317)
 (-0.12672250175845778,-0.5500080132457259)
 (-0.011712106143781709,1.0327221039544425)
 (-0.29195818707821386,-0.23139843183366812)
 (1.1014251554076135,0.16030236343712612)
 (1.7239411987302864,-0.64993460082315646)
 (0.77159837052531821,0.48488875668562742)
 (-0.76533087397531019,1.3968296000171827)
 (0.69447108658205026,-0.37648111367522541)
 (0.073528726899668287,0.255899164593136)
 (-0.74380953626529078,-0.78200223276275138)
 (-0.41373043210094612,0.0034044381229336174)
 (-0.16444868030196214,-0.41656201851066832)
 (-0.97765465773176152,-0.13361271299750835)
 (0.7862068542344236,1.104085997828627)
 (-0.49529968529328738,-0.025688339708252073)
 (-0.12501788596465235,-1.0682511582121004)
 (-0.81753034406575331,0.16882980238332657)
 (-0.17769077896839477,-0.48922238516487226)
 (-0.23723504007044352,0.50426217708149612)
 (0.50126206361412651,1.2715298933692494)
 (-1.2501208889399891,-0.31848664115572145)
 (-0.25345357443102012,1.0643208180493862)
 (-0.097611284704792689,0.8219148948724283)
 (-0.45150817337420729,-0.98782842539135141)
 (-0.20830807190102396,-0.22519205130165831)
 (0.70359615260943253,0.45092736831040564)
 (-0.33502200285517458,-0.22479156858234942)
 (-0.79254247881643791,0.2636567773902474)
 (0.68719088922664995,-0.42416974130508051)
 (-0.05458071978660417,-0.021678877177859521)
 (-0.048346246315335101,0.90149436443254716)
 (-0.42572122592672879,1.3400759837030605)
 (0.37981908813747539,0.28230145864354123)
 (0.90197857666086412,-1.4076293073652382)
 (0.37441977748372707,-0.21911444259668639)
 (0.55961639771886773,-0.55237548363227651)
 (0.17017362868658889,0.22586189095351758)
 (0.36398691991674242,0.32396722398844119)
 (1.1990500223700129,-0.25959993311014612)
 (-0.17585707057856215,0.2036381781441553)
 (-1.2728927666161289,1.4753738791303141)
 (-0.22400340230496016,0.74259925234229829)
 (-0.4532810185192751,0.25033925287694425)
 (0.63915212861871529,0.45424052822873778)
 (0.74650577215351355,-0.74925564547738566)
 (0.45397487454473257,-0.20396268085199348)
 (-0.3331081045881259,-0.28630517480484774)
 (-0.33541269714806909,-0.38968009446090235)
 (-0.75226072419228662,0.61178119841079825)
 (0.45899393449754555,-0.34628084589469404)
 (-0.16750822461315373,0.17727112549517149)
 (-1.0157175687066133,-0.63228469476000393)
 (0.85480178049149558,1.1985226339445791)
 (0.19981829371579068,0.79314307712005028)
 (-0.4682907866361174,0.21413046167924316)
 (1.0466890288469999,1.181319765655388)
 (-1.040192309448531,0.69457401610123226)
 (-0.31872565565856409,-0.99707153687547778)
 (-0.6057270203293379,1.4316549605024094)
 (-0.81405533548869735,-1.3642130313194638)
 (0.37114927164699169,-0.29372348904103768)
 (-0.01857062821300387,0.81196862940204562)
 (0.21141498079060586,-0.70916452193196766)
 (0.3841982541401065,0.29656451128869171)
 (-0.67141268229003825,-1.6006211495536875)
 (0.41223773490182852,0.95922676653087302)
 (0.37858725255020875,-1.7067444376071261)
 (0.45259494865086358,-0.018099058452538314)
 (-0.32741599625681189,-1.156078897126628)
 (0.15538727253921192,-0.50763055338916419)
 (0.084928285120056332,-0.32165596773614247)
 (-0.67690456614631023,-0.39535099720657918)
 (-0.41147312974072897,-0.33578805046335397)
 (0.41836629167503703,-0.38427142591824315)
 (-0.68311663607343309,-1.103867061446576)
 (0.62123248222913618,-0.088208733184012511)
 (0.33528932178649618,-1.0343913801160751)
 (-0.66825850118571695,0.10786053290836559)
 (-0.14465809842605465,-1.2829765421867938)
 (-0.47836038915954376,1.2913462934987985)
 (1.1240766030471969,-0.42805367050604726)
 (0.89068529383394057,0.42523931145803184)
 (-0.25362854291233183,0.87370704350659634)
 (-0.21601277664926249,1.1163411355069994)
 (-0.35014463986260597,0.46948946278968079)
 (0.037963172752973798,-0.22242671069875275)
 (0.046793839189342462,0.6466724855949959)
 (0.043015087869618773,0.97173603878201131)
 (-0.41989153557432912,-0.56151025304297408)
 (0.80974409696557903,-0.18053465752099074)
 (1.1691839107487143,-1.0139211750758019)
 (-0.65396430688162532,0.25447729525470542)
 (-1.0056866537481899,-0.84113804904849643)
 (0.14567826938974779,0.86354365749669071)
 (-0.86506114371429332,0.75658275118773355)
 (-0.44904993204688354,-0.97890849060691587)
 (0.40944466253971989,0.86378848273243536)
 (0.20269836315346054,0.53602045207024929)
 (-0.42183549891721561,0.24732365760388755)
 (0.21231098283444244,-0.76921411487750391)
 (-0.036498003251093758,-1.3214205240996575)
 (1.5908202366557631,0.13143247873848735)
 (0.35683838398968942,0.07823946961041553)
 (0.28807347658108196,-1.0185555494932763)
 (-0.682384808286986,0.040712647435121846)
 (0.90884675515507185,-0.62717106417249879)
 (0.53005052781551587,-0.43125315482697141)
 (0.93135608604442854,-0.39140843202343584)
 (0.72714898497853686,0.84904212357526765)
 (0.43020599695533823,-0.30102804529880478)
 (-0.53368539608665122,-0.50917410438002642)
 (0.91959367394570035,0.76848933524047769)
 (-1.1048079864929194,-0.80702381133177425)
 (0.020193015303570427,1.366552068830079)
 (0.25898177256961818,0.86034578035678211)
 (-1.2130563763225677,0.18310029915379594)
 (-0.33151538056764529,0.37859268211968455)
 (0.28567405922869871,0.61105489682804603)
