# Created by Octave 8.4.0, Thu Dec 11 09:47:21 2025 IST <gamana@Samsung>
# name: rician
# type: complex matrix
# rows: 2048
# columns: 1
 (0.87412443357583236,0.083941796750693021)
 (-0.99842559443855849,-0.61317932708164813)
 (0.5142590096523133,0.49627598569926146)
 (0.36402659959207384,-0.49108135478535797)
 (0.32206799483263532,-0.42003370300063964)
 (-0.49887575008544321,-0.030292215868144998)
 (-1.0245072805082118,0.52463265762941158)
 (-0.17339392570859019,-0.68255350214588451)
 (-0.73146159969587143,0.66985716992465016)
 (0.63952162585119354,-0.26918863471509974)
 (0.021407794382498208,0.37035828290988104)
 (-0.91893292333670606,1.2047245100587767)
 (0.55889381084747602,-0.94662400323178886)
 (-1.0438281651633772,-0.011940524000253139)
 (1.1496200465792281,0.70188586317327084)
 (0.23819271133143158,-0.43862554273672705)
 (-1.5049171244297519,0.94158455053732593)
 (0.45553675092375923,-0.22394911737927667)
 (-0.37701848221452194,0.37298324770257296)
 (1.2803195337996387,0.22085937828894397)
 (0.34881595468994303,0.16428711248629518)
 (-0.64014508809578641,1.3711063652820699)
 (0.13684255144798152,0.85031388999761381)
 (-0.61604321280215169,-0.74751070067416747)
 (-0.78420039795803609,0.57341561073188541)
 (-0.58518412203266024,-0.033309472092211245)
 (-0.30355588994483496,-0.51210840693662274)
 (0.5919356650855836,-0.38933064981848864)
 (-1.1879336370236704,0.17916426588670178)
 (-0.40538273492214305,0.53480845604435689)
 (0.34736282097656673,-0.33443378752995301)
 (-0.11415720967647544,-0.41493921502668246)
 (-0.353042486819234,-0.29299722622294377)
 (-0.88126030648772191,-0.53553539350549106)
 (0.43946772432783515,0.16423321860879142)
 (0.033340802052723773,0.99973953854741671)
 (-0.59218816000992325,-0.63315494946235173)
 (0.26073178149035858,0.056481491676881795)
 (-0.48916352669217084,0.46201660004151807)
 (-1.6253231848668355,-0.12996947144661491)
 (0.70445940081009284,-0.33070474587452758)
 (0.16993204068878498,0.45196188245350133)
 (1.0489998879058606,0.6412260947120898)
 (-0.56476351440722217,-0.88267842840064659)
 (-0.38103094690199246,-0.92001765761614729)
 (-0.17719842122249652,0.88560323378782546)
 (0.70044213974734315,-0.18648946629877544)
 (-1.5331738509873269,0.88674729438859501)
 (0.027450455310208843,0.72061204336408269)
 (0.44007556873744952,-0.31298794173130023)
 (0.56072493613877517,-0.74995900674998328)
 (0.92159401348525094,-0.080874820421890897)
 (0.18869902478739986,-0.38155099464082198)
 (0.030008186875138287,0.31145053569640074)
 (0.28275174628065253,-1.0745612406919072)
 (-0.0752443758929595,-0.079208187441993302)
 (-0.74196196426235916,-0.65304544997000402)
 (0.061051295015704998,1.0833338807717265)
 (0.50209365952208207,-1.1863231093420297)
 (1.2051214522650084,-0.93917361029887303)
 (-0.05556222291848989,-1.2171450013779259)
 (-0.60726251563828859,0.41097170967101199)
 (-1.0953316101064079,-0.15656428436347755)
 (0.94570890201088742,-0.073666170338289594)
 (0.32048782934117642,-0.65910870004387601)
 (0.40650468806267848,1.4207899856687713)
 (0.21879119396406735,1.1164095394870266)
 (0.66835147664342709,0.016346879998378444)
 (0.29229443635776731,-0.7190522433734251)
 (0.186722763447533,-1.0013050621685951)
 (0.38298406910226068,-1.5081768943695644)
 (-0.73036655703901987,0.63705719080983125)
 (0.50676705614771334,-0.71992489568398188)
 (1.0828408875768381,0.5767670459326153)
 (-0.16209517758909625,0.39840254617028831)
 (0.79717004252215773,1.5315422547671735)
 (0.1868664752348875,-0.54078337082902883)
 (0.50600878327349874,-0.5578351857127708)
 (0.90010938512868233,-0.38377337720620441)
 (0.059932403304918058,0.18567971731422486)
 (0.38293497440861679,-0.84095167154991102)
 (1.0379171719348812,-0.21796558670622546)
 (-0.13425569364802445,-0.41248970624813425)
 (1.1032331144833034,0.62369020156769106)
 (-0.75140669474240407,0.4340308676243399)
 (-0.14973375396063471,0.41017670523648808)
 (-0.36362708245720798,0.36054589371219692)
 (-0.60832348920053791,-0.026268340156492431)
 (0.24861606307775516,-0.12288417143592381)
 (-0.77162768299236761,-0.96415914259825475)
 (0.7299605239512108,-0.093130482922593183)
 (1.1310907404752601,-0.64297513254334737)
 (-2.359995315956851,-1.5684758682745894)
 (-0.43279206354431998,0.6631074589358118)
 (0.27511641979529766,-1.4871662077332033)
 (-0.12772514884513692,-1.0900904291786402)
 (0.87092955234433522,0.95527220028225746)
 (0.27568483630060547,-0.15302024298523101)
 (1.1518015948978699,-0.34033510189645844)
 (-0.10757434322775365,0.31833091908221556)
 (0.29559449051776454,0.90676376480754561)
 (-0.67469732422619855,0.29574565431759264)
 (0.63194109960746925,0.042911499164126787)
 (0.25794225979041774,0.23049085284911619)
 (0.70176268112047313,0.25788354805857289)
 (0.53210625599502981,-0.88607622163195598)
 (-0.08795976553671131,-0.59960088267177403)
 (1.0018155846826411,0.38610787708902011)
 (0.56780423049713913,-1.5496586238140726)
 (0.26005969414111152,-0.18418617666292014)
 (0.92544869183011769,-0.68196629333193404)
 (0.99612228160935534,-0.7211071419348265)
 (0.54553056873214678,0.81021639271446277)
 (-0.14024707149591736,0.10511566596575368)
 (-0.10074607847971272,0.097765488505437106)
 (0.30080864237643323,-1.1945130005477986)
 (-0.99299518314184843,0.84469948587254162)
 (0.27915303670157537,0.15524013126438346)
 (0.70991893941495188,0.86920089372888909)
 (-0.13588380404577891,1.1399088822148955)
 (0.56646658066935296,-1.1452343808118588)
 (0.19691548866332603,-0.28161568515260804)
 (0.50166643395268429,1.1805193913837726)
 (-0.77371055046537052,0.30027396916006566)
 (-0.30033202846861612,-0.87858763660135752)
 (1.1952800585927754,-0.46909672857534479)
 (-0.46632770133553236,0.49866384857480722)
 (-0.84360152957552859,0.67075091760499594)
 (0.34649825694974334,0.64571408888924431)
 (0.075415207985878807,-1.0831533790189438)
 (0.35072655081272863,-0.27433358812040409)
 (0.197209079126762,1.5590341040678526)
 (1.1201183595474129,-0.081125378294405692)
 (-0.69178436354987916,-0.61669227455698394)
 (-1.0894954150584646,1.0892145108924509)
 (0.1578255183733441,-0.40724034564794909)
 (0.2668990736684998,-1.2022015677772142)
 (-1.2686940829874567,-0.6569412642019985)
 (0.30711714859341327,-0.87342056164943593)
 (-0.50097806586504356,-0.36354573176794996)
 (0.064643400714097646,0.2344319323664093)
 (0.36921303468226396,0.14511547337590447)
 (-1.1406861520364588,-0.13857314140387739)
 (-0.32937083838229969,-0.38965363316479873)
 (1.0478194781892853,0.72606839184076866)
 (-0.38483117925617338,0.65694160279565272)
 (-0.90595513819151796,1.2418427835950028)
 (-0.58946204815081138,-0.31924894799770009)
 (-1.8501461441954048,-1.6904809963951812)
 (0.55915170976193673,0.99827398845967386)
 (-0.11611365630806005,0.66029352006159892)
 (1.0090287961636661,1.1415801418089091)
 (0.28996558476483947,-0.67069926445979278)
 (1.1913630802597528,-0.15508152496663674)
 (0.37385917299252325,0.10974463988117197)
 (-0.47682656426496328,-0.56846641612908844)
 (1.0767342773821587,-1.0344428828585843)
 (0.38533364928101288,-0.63390777438466595)
 (0.10270829401471301,0.80715659526602468)
 (1.1165642243733152,-0.3347727210733713)
 (-0.45615812827140567,-0.31696764108420605)
 (-0.24617768238172499,-0.21469316393877641)
 (-0.79761665031577023,-0.39680741035131195)
 (0.33841169711075164,1.0692912168472444)
 (-0.79033806163592879,0.035341045266611498)
 (0.55617201126533611,-0.37681485542750182)
 (-0.80143108064991098,-1.107453066814059)
 (-0.61928662950578706,-0.74504934006018009)
 (-1.0112427451301755,0.88789523232712431)
 (-0.93075030773956846,0.42174194012524885)
 (-0.21521319796738581,-0.78402564832806709)
 (-0.31082286544783921,0.78951366894389907)
 (1.1335260333850303,0.69023272934230617)
 (1.2993432688720481,-0.1370193938480605)
 (0.99228722803192504,1.0971482926162626)
 (-0.51964808147937103,-0.046166298241960252)
 (0.2469965638614891,0.81651221412478026)
 (-0.65907554897072751,0.34559809238790501)
 (0.049751097282261555,0.25614404564766174)
 (0.2198892435018297,-1.2371853023617552)
