# Created by Octave 8.4.0, Thu Dec 11 09:47:22 2025 IST <gamana@Samsung>
# name: awgn20
# type: complex matrix
# rows: 2048
# columns: 1
 (-0.283331308611526,-0.95957547225531403)
 (0.77268151344575742,0.32735839409949008)
 (-0.29359401933294821,0.26696477959556458)
 (-0.88621096445383774,0.93052885854925493)
 (0.32505820755997317,-0.46101438857788507)
 (-0.37718352470314481,-0.35310421769979555)
 (-1.0681545552626608,0.99359609703462282)
 (0.28054847878696221,-0.90703679388516623)
 (-0.2815925004682458,-0.97456643600675974)
 (0.87066896823712947,0.30293424041529032)
 (0.9201237507470148,0.7821099923315451)
 (-1.0033413006958629,1.016159971277766)
 (0.34441818551106462,-1.0289206067800387)
 (-0.27351918965773392,-0.34003469047183021)
 (0.31875084700419265,-0.3207006989357391)
 (-0.27237585898153238,-0.85112516831487073)
 (-1.0325102184759065,0.97416756808435689)
 (-0.36847413770928011,-0.36673937264885886)
 (-0.30522635304877116,-0.32300055577051845)
 (-0.96649384074289313,-0.43350193321845498)
 (0.90873298211782483,-1.1235953864757475)
 (1.086103684258418,-0.8827042072015624)
 (-1.0021102615096404,0.21211008129799458)
 (0.35093189357375337,-0.25449015066256003)
 (-0.35979558249760474,1.0933520613285319)
 (0.31739563989956937,-0.27482713539327397)
 (0.29407884462327838,-0.97984013542631854)
 (0.98915710140024649,0.92653631546330706)
 (0.34717975498772907,-0.98345052754085505)
 (0.22899855409650874,0.30192455748497532)
 (0.41702789564124582,-0.33449267541075522)
 (-0.90094475025032406,0.32305067517319463)
 (-0.90802903715613381,0.88374744941522243)
 (0.41917216401136181,-0.93703962410749686)
 (-0.91013646308305041,0.39879397000913575)
 (-0.99781111651863608,0.92360525004986338)
 (-0.36666653622509843,-0.95428779458406887)
 (-0.93065938248288615,-0.41482789779713652)
 (0.38968388698270018,-0.90913260338723556)
 (-0.97823479081696729,-0.98645629040452643)
 (0.27194958144744064,-0.89625453357362406)
 (0.87406146816259667,0.39481864354993168)
 (0.33438693459305019,1.0183349574282896)
 (-0.89823257453613381,-1.0180562085722906)
 (-0.96462990371748469,1.0843607646715765)
 (-0.73979388380350364,0.24125186196632264)
 (0.19540105347540906,0.32873471531308784)
 (1.070690690659218,-0.91170464392753969)
 (0.90820170416064439,0.85988856988158602)
 (0.35155007524436088,0.93158965415856509)
 (-0.94548504028532832,0.91608523623112337)
 (-1.0159234871203544,-0.33295602251790279)
 (0.20302574142667679,1.0116229365173932)
 (-0.95438532428523259,-0.98842753154407093)
 (0.8705402779557716,0.2881389265967913)
 (0.93897377357982803,0.24241047191092935)
 (1.0341043049011602,0.95743419315407863)
 (0.87203236069456114,1.09179133795878)
 (0.22569194191456193,-0.30346485694967645)
 (-0.35327937404498866,-0.84120004048043973)
 (0.33119544629653536,0.18705299972874698)
 (-0.35078633424764577,-0.22327949144988637)
 (0.20808516161790824,-0.26053854069039206)
 (-0.98662523184967532,0.89598107362646529)
 (0.96015888060639187,0.99112273978951282)
 (0.98136333507646278,-0.91906367031655056)
 (0.38018016867603521,0.2852749617838316)
 (0.91128326152919314,-0.32987912416179699)
 (1.1438899406401519,-0.97470379451730083)
 (0.27143835550934481,0.95575493937668021)
 (0.98988560968407635,-0.3674572382575651)
 (0.96779757050314985,-1.0279145246377379)
 (-0.91551641177877363,0.26718818469409722)
 (0.38926684058286803,-0.50459349241411666)
 (0.28682753894302326,0.34901003747844561)
 (-0.37632549650953867,-0.20303627728422879)
 (0.23615149519003781,0.91573689803744562)
 (-0.31931622231156503,-1.0774828571934036)
 (-0.84051781811567261,-0.99217056236571444)
 (-0.92345280339800295,-0.29545076372649837)
 (-0.36550346587089583,-0.26140473758761201)
 (-1.0610088873747368,-1.027206196690287)
 (-0.21676053827585409,-0.34782498433589598)
 (-0.89637701880266463,0.44235442364539568)
 (0.90752615456378238,0.98072515876964861)
 (0.31626616038912897,-0.39965639265051578)
 (-0.28109026747032506,1.0585333888893671)
 (0.40679228896724562,0.34608043879679323)
 (0.87080078669797867,-0.32468533118854526)
 (0.36889632604817002,0.22818355790966449)
 (0.31974644366776911,0.8664302575009345)
 (0.30103455221540593,-0.99730729057487433)
 (-1.0075074922083889,0.30101180696431523)
 (0.23940590385280142,0.35336156082107201)
 (0.97727981254807972,0.38633575820566451)
 (-0.87358624340652513,0.34675420711970917)
 (-0.29307065845717906,-0.33565275718467669)
 (-0.40781480765585004,-0.98061211807529336)
 (0.22683522880027582,0.98039312689712488)
 (1.0604219349677304,0.95389279661280102)
 (0.33564476763703849,0.46519293414108126)
 (-0.82052799626438455,-0.32885020412307514)
 (0.37365044894990462,-0.22595743595598511)
 (0.32400599553143722,0.3596388354580653)
 (0.3614907858817607,0.92462991040578668)
 (0.1736519406061075,0.44813423675448161)
 (-0.33473235487914477,-0.35515021675643721)
 (0.93807408874769738,-0.83997335456525868)
 (0.16542025201583357,-0.34759833176675742)
 (-0.31951693614021176,-0.41896471245476624)
 (0.90873084224776268,0.26261845420106911)
 (0.94556180738093631,0.98241365148558879)
 (-0.19292887637233336,0.23593938296606767)
 (-0.31746114289050126,0.94146978935400305)
 (0.88736463947547117,1.0022428765494473)
 (0.95126842411849521,-1.0080666614839306)
 (0.32988584818581368,-0.32730877439185124)
 (-0.93579310983353425,-0.93789904639654509)
 (-0.88475663225115198,0.89687774265314391)
 (-0.97775288708944752,0.30619694169674383)
 (0.88284740925269434,0.90503529534918548)
 (-0.80857533285556393,-0.22358349478264836)
 (0.8870773685459592,-0.26779346671565019)
 (-1.007760192472229,-0.93788912490462029)
 (0.30069331118466541,1.041025495744484)
 (-0.28139824469106139,-0.4320743742368599)
 (0.26929069306959574,-0.29278101260436812)
 (0.37833238293540478,0.36271959660001252)
 (-1.0480811407017823,-0.29165127082151499)
 (-0.28521619376047341,-0.84414254566817715)
 (0.95122445301347436,0.92890908135432382)
 (-0.24509895694879194,0.83234261352563266)
 (-0.33187589071091889,0.31057966794728775)
 (0.80294726981031417,-0.92491130382734332)
 (1.2019914981804918,-0.22189771800783864)
 (-0.23311706072779353,-0.89086850397470219)
 (0.37985494125604574,0.3623119332848288)
 (-0.31030982259036155,0.31109178117654623)
 (0.23289378837172575,-0.39769838810765734)
 (-0.44719209697605594,-0.87781184483017838)
 (1.0268941690885984,-0.16886792177839727)
 (0.31513510394619454,-0.27598456582404157)
 (-0.96055202960857811,-0.49106858672120829)
 (-1.07194151879823,-0.22621292891557138)
 (0.86884147112545052,0.3795687454546981)
 (-0.89827513542605131,0.96456353234603942)
 (-0.2212693102719529,-0.30069982664426131)
 (0.91598021451429379,1.0127634732091484)
 (1.0369272139662493,-0.34042350011748834)
 (0.48608104516222489,1.0285067494519129)
 (0.31507532406986311,1.1258739987235156)
 (-0.23876775134207601,-0.35044264959968535)
 (-0.36317869853627782,0.22908122321334712)
 (0.97295623153770294,0.18140728890718469)
 (0.92186363542934691,-0.21194386282375666)
 (-0.96011949065666802,0.30085622719963084)
 (-0.83178577421952837,0.29830533461126185)
 (0.28738047130546501,0.31667323712742496)
 (-0.89304256471880095,-0.25867987652730851)
 (-0.25153117865654934,-0.34816032129936314)
 (0.29147055162627455,-0.29491240564652421)
 (-0.91290920008218057,-0.95164782529346503)
 (0.26711019493337496,-1.0783130364467917)
 (-0.9984214564535695,-0.88517182963281904)
 (-0.32274403112934757,-0.36267369718466846)
 (0.48956185962333099,0.35635315700419679)
 (0.98901354520442408,0.27341031577817587)
 (0.2305903476432587,-0.90866303991613795)
 (0.4053105864339237,-0.91087146416552656)
 (0.18983756306094249,0.31991235306166249)
 (0.974742219536613,-0.97476000557197506)
 (0.16802760971149144,-0.90841525902740361)
 (-0.91615717400821417,-1.0692879576111698)
 (0.37200933220519522,-0.83859148262652683)
 (-0.9039298012507041,-0.46085372623070864)
 (0.38310223903511742,0.99874633083786324)
 (-0.39772094607794461,0.39116521770863766)
 (0.39417103961076344,0.36146164257282642)
 (0.29568620007775404,0.89496864973267209)
 (0.29895616661970847,0.35544005879375634)
