# Created by Octave 8.4.0, Thu Dec 11 09:47:22 2025 IST <gamana@Samsung>
# name: awgn20
# type: complex matrix
# rows: 2048
# columns: 1
 (-0.39096024745775215,1.0184608134129247)
 (0.29257860598000018,0.31778510680554611)
 (0.98069418371265515,0.37720007716207132)
 (-0.95388366231252597,-0.33253039532314083)
 (-0.83432378209043845,0.89228628552232303)
 (-0.92400543336366503,0.27610163493655654)
 (-1.0373000994434525,-0.96796794864892866)
 (0.35420666933121092,-0.32732129104543434)
 (-0.96535403068413272,0.34807948212847956)
 (0.37933813508407782,-0.94671288409704346)
 (-0.96756485842522522,-0.98598678823878971)
 (0.32082039910843596,0.96000908121300266)
 (-0.17636013395045727,0.97571940278422831)
 (-0.28263716595447375,-0.88259640198654965)
 (0.93119836776486387,0.38391461432746488)
 (-0.93558559938796459,-0.82514141851200606)
 (-0.89620630713120319,-0.27369760561018103)
 (0.22654202778649191,0.96893957002527509)
 (-0.33966746919551277,0.27250842951521348)
 (-0.2063408500313671,0.99381885877398124)
 (0.39350721769540381,-0.29745745045514965)
 (-0.33074611221457473,-0.40576364547601307)
 (0.2119204387378566,1.0397370345598578)
 (1.0308106700493296,1.0453984170781776)
 (1.032698942191369,0.94607889148110447)
 (-0.92810345910805159,-0.90467661597444726)
 (-0.38720957450841603,-0.200378110079728)
 (1.014181374314405,-0.99885277414309859)
 (0.34096794706582789,-0.36129705978374915)
 (1.1043114430738921,1.030018384553594)
 (-0.91317647905434285,0.93146781728037786)
 (0.3002019900110679,-0.35398006044200386)
 (0.93470133899065355,0.88182656079944821)
 (-0.86897919046145589,0.30516271122233818)
 (-0.32801605407879297,0.37151759819808039)
 (-0.26968223233421335,-0.26075759269329446)
 (0.34424016481443348,0.74034931444884111)
 (0.31166010793104032,0.99859577680711142)
 (0.30135767412646564,0.16954889129954334)
 (0.38066369633182007,-0.24411756484559366)
 (-0.90216166261432551,0.31936420667939203)
 (0.97136381228063551,-0.25601352725720872)
 (0.92224718411457873,0.93043952608770208)
 (-0.32592347913408298,1.0133874074519718)
 (0.31750167158809489,-0.4226914880447617)
 (0.20466550734922773,-0.35465355024988693)
 (-0.30307215376502628,-0.37743127375441882)
 (-0.96251390685115146,0.92641535367537686)
 (0.94618765648966563,-0.90139554982821479)
 (-0.4049288332058224,0.88830702124641681)
 (1.0661320187457815,-0.34432222606301721)
 (-0.94101554488202965,-1.0131290775399771)
 (-0.23735659473892654,-0.3508881045858902)
 (-0.91221700458109545,0.88723531175997528)
 (0.96052690948096586,0.21444217894834236)
 (-0.39928102126243059,-0.34956028789787108)
 (0.29818919155722579,0.96981619651614659)
 (-0.89732465832277797,0.25696153083180484)
 (-0.2686833699981992,0.96164171965617085)
 (-0.17480792973613107,0.82602921393621598)
 (0.95100933018258649,0.95603228792658013)
 (-0.92942929424720899,-0.94028722724866554)
 (1.0088466750379297,0.46085153396021528)
 (0.92660027253343591,0.91974647160490808)
 (-0.39996794083966164,1.0783541909099386)
 (-0.22367847767052268,-0.38720418792295241)
 (-0.88429516815692932,0.40427608653248326)
 (-1.0121113766927168,-0.88419432608504811)
 (-0.3742428487262851,-0.96614592415118183)
 (-0.93027953980819023,0.2507379282662861)
 (0.38442133476211343,-0.31973909021886743)
 (-0.38369052251953695,-0.93806023032102581)
 (-0.96127629761656186,-1.0762850400916701)
 (-0.36908256192931277,1.001400302159722)
 (0.915722542795401,0.73432437697081854)
 (-0.3458925510776435,-0.26509143456737655)
 (-1.002887650725145,-0.2678522080046567)
 (-0.31733551964341322,-0.75551321614738209)
 (-0.37172894541766816,0.94720381092288153)
 (-0.95781032501005781,0.38142371105427558)
 (0.92391758195855112,0.29064790370582833)
 (-0.38287148196500531,-0.25774219234207535)
 (0.95351768169065598,0.16962635235964041)
 (-0.35691590200746387,0.33679671387948551)
 (0.33729339437575939,-0.20797514290109043)
 (-0.19066803485035555,-0.891404575930835)
 (0.78572468894943737,0.93963758597508962)
 (-0.34139008508151003,-0.21029077375000776)
 (-0.92461289857751316,0.39112139143379154)
 (-0.2293391549298055,0.9540171063176307)
 (1.0007531918992583,0.18134914751361109)
 (-0.28829745240661941,-0.33574490088441522)
 (0.87347114432168615,0.27942128662891697)
 (0.4003873302394616,0.87755298313760111)
 (0.93645484646749844,-0.42001724846254251)
 (0.79451332724337198,0.33294613832552333)
 (0.88370999969841313,-0.28853577044474366)
 (0.97769207100840427,-1.0387187789922099)
 (-0.9457238701241627,-0.98090522791028634)
 (-0.28883046519714922,-0.32677046233233498)
 (-0.99169500563485746,0.23479987977313221)
 (-1.0438741525209088,-0.33104700096818473)
 (-0.28400898265675312,0.30517308695712403)
 (-0.25611594204840982,-0.31709260325683647)
 (0.92547809424583549,0.24209749315793463)
 (-0.87217515042815708,0.93183998194988271)
 (-0.242548456442921,-0.91093103714732249)
 (0.90685854403092336,1.0427502574796268)
 (0.91911410538694338,0.97685606947069215)
 (-0.96861495918141527,0.27787223112391685)
 (0.90761139244735078,0.34912057524468043)
 (0.40791803762995699,-0.23861019039728615)
 (0.84611973874385715,-0.98595614072329785)
 (0.88489050704539407,-0.97680820195274198)
 (0.32953392641109319,1.0134528235304161)
 (-0.27645584113213501,-0.88477232666425243)
 (0.88103273589342956,0.30632271769660524)
 (-0.45945407512750813,1.0252109394660129)
 (-0.87412666168683784,0.35113045296454171)
 (0.15951486102871981,-0.26384787530517045)
 (0.95761284382974909,-0.25195065588318544)
 (-1.0340523601296108,0.98018403453934599)
 (-0.97650009035745056,0.4330087373770673)
 (-0.96850436486689639,0.85260078006973639)
 (-0.29568295130453337,0.2570852446289642)
 (-1.0229715773034365,0.3184074755095434)
 (-0.15733230642693374,0.9505964559483191)
 (0.31270183429035042,-0.2748379079726766)
 (0.9376534370988262,-1.0024546126803338)
 (0.30999816484723525,-0.98087387099262013)
 (-1.0161068739212422,-0.2674577089810295)
 (-0.92057347966601832,-0.23180441894057752)
 (0.2575110851096703,-0.82707656946208774)
 (0.33329270912333669,1.073365020577969)
 (-0.92580077887851209,0.9399404448560269)
 (0.34152693521366939,-0.33941030519661219)
 (-0.31529123376422619,0.36944862665150513)
 (0.24321584027036397,-0.45692289608015701)
 (0.35422842375058944,-0.34286536915775434)
 (-0.90352944891086495,-1.0583060013676948)
 (0.2614520497102677,-0.271405269911703)
 (0.87877681761435655,0.98523253893690244)
 (-0.91744649471560957,1.0546816394985006)
 (0.97143260381054075,0.2777968844134554)
 (0.9303503596496967,0.27816265582370042)
 (-1.0211806203450493,-0.21730542031561029)
 (-0.24203122568951985,0.99155674875155542)
 (-0.4712782716337568,0.99944481764466597)
 (0.27806875873400799,-0.90505903186978165)
 (-0.92091926769660182,0.33884623070480929)
 (-0.32205381574928754,0.42490732823229838)
 (0.98138917009264626,0.34937219309636192)
 (-1.0360967366181417,-0.41355584233530218)
 (0.15540200231788415,0.28919072088230802)
 (0.97827809273658273,-0.2655159335398054)
 (-0.9976883257500021,-0.97061603113867589)
 (0.871546318196039,0.96984145507740727)
 (0.46609105361996694,-0.96128513222986989)
 (-0.27677202966704939,0.91363797131803681)
 (-0.37863425562455549,1.0315645144934271)
 (0.93111003678597259,0.91936576594091202)
 (-0.36991037841703567,-0.32257883512156488)
 (-0.16197173359492367,0.90400130441328053)
 (-0.98344287132528529,-0.98941949642470317)
 (0.38271340738075121,1.0275466571737051)
 (1.0776937649534835,0.92774774857995002)
 (0.91121487912122212,0.90291304972342745)
 (0.21996718441726212,-0.39764099877186637)
 (0.19493389407774203,-0.2509699596477844)
 (-0.8737650849734836,-0.9315602181717112)
 (0.95858334023085379,0.26837066979191915)
 (1.0168427709405383,0.8579542360259651)
 (0.38310173531973402,0.2641161135155583)
 (0.31278494403893348,0.91701249850882038)
 (-0.22935647438305934,-0.3438291870182304)
 (0.48113485093763519,0.24869592960508446)
 (-0.33197767481409202,0.23870018002298793)
 (0.1840185141038731,-1.0324346701155147)
 (-0.30210373425925874,-0.90923359424376438)
 (-0.36566270628408093,0.94675426693745923)
