# Created by Octave 8.4.0, Thu Dec 11 09:47:22 2025 IST <gamana@Samsung>
# name: rayl
# type: complex matrix
# rows: 2048
# columns: 1
 (-2.9869257300051082,1.1674084468133141)
 (0.49455828823910308,-0.88758431540182126)
 (-0.73715184160043523,-0.1323896350199481)
 (-0.86635785830423695,-0.37293519854327672)
 (-0.43739923959198967,-0.13045085690759342)
 (-2.7808716012856802,0.26219375666434264)
 (-0.095609204063526868,-0.27227427338595284)
 (-1.3469442977714365,1.119120950313794)
 (-0.53765428078497424,-0.17726984320997607)
 (1.2321629978157871,1.3239801561190077)
 (0.27247662967436481,0.19874147005373893)
 (0.68394640085622704,0.15952138475466798)
 (0.01657645498346174,-0.13048048107264054)
 (-0.61243653122479313,-0.16012676637958437)
 (0.31352295296376537,-0.30064510269223516)
 (0.26627761838363717,-0.37434893636803412)
 (-0.71581333668605873,0.85755159312704998)
 (-1.000225088026802,0.63757805752376639)
 (0.34808398003861962,0.17018733331720903)
 (0.13513159962559124,0.061769243574751456)
 (-0.20371632959410227,0.17955629134812914)
 (0.5597162140756482,1.2242508754334653)
 (-1.0131722790758717,-0.59250361275311647)
 (0.67886918343299396,1.753593648476667)
 (0.27885664346937278,-0.50498031624262207)
 (-0.41158083942241019,-0.15649547671368119)
 (1.1588323860039826,0.96816537164537397)
 (0.18235751532456743,0.42646621719488309)
 (-0.63042467908984845,-0.71931984078513289)
 (0.35342901567641333,-0.11972843963028296)
 (0.60826271424139766,0.10212025458747473)
 (-0.63490788746743565,-0.43124325542274683)
 (-0.78084913162256597,0.28119389803973882)
 (0.86780042318535244,0.47954621331265268)
 (0.17597479448587677,0.29054468418483193)
 (0.10429464897221812,0.080269236963744245)
 (0.60693278872589662,-0.265309175329762)
 (0.088424871014405645,-0.046153884763600952)
 (-1.047119362210686,-0.5449538125265474)
 (-0.35030716805281426,0.04124400957202537)
 (-1.2996111859315451,-0.63498971577844898)
 (0.06064258089776367,-0.33002337862825493)
 (0.30665846306554617,0.17716802226332357)
 (0.37189565228526317,0.14478045359228775)
 (0.65284495371404871,0.99638608880076085)
 (-1.0845652474673659,-0.49338759323383752)
 (-0.099643452646386951,0.32714883027238645)
 (0.017681004720654141,-0.11439050928614494)
 (0.04708338127359496,-0.38093574699358557)
 (0.14441765826797059,-0.36470201253821544)
 (-0.047329988826947472,0.24587948374800325)
 (0.018976936959764018,0.41431953452998438)
 (-0.25753506776991686,-0.30895794326418302)
 (-0.021412912895427072,-0.7815219767860937)
 (-0.25786458970961895,0.45350716611627789)
 (0.5874110600384439,-0.52375336378613202)
 (0.16828814643193085,-0.6460424503697858)
 (0.42699296263966652,-1.3815203072747293)
 (0.51624914442488901,0.058347355515756275)
 (-0.58553497522818465,-0.67107780528557492)
 (-0.057112623393456831,-0.063224741743255528)
 (-0.45081945984255611,1.5834578999131836)
 (-0.37245261703749905,-0.80621561092065663)
 (0.6411748093286731,-0.11964562764312747)
 (0.025181730193482577,0.3915681479282927)
 (-0.30644540284368799,0.31048579063734599)
 (0.0092358448626571055,0.2567518468601756)
 (0.048506745231578829,-0.17978743894490914)
 (0.28648130371058655,0.14226002828438111)
 (-0.37502032103214705,-0.62718693567481631)
 (-0.99368973707744102,-0.98510399233940993)
 (-0.19418515337563844,0.67994877475956828)
 (-0.53298628110461665,-0.24379422710388959)
 (0.62163598777064499,0.43591794372233172)
 (0.66814447919436604,-0.16897464943788712)
 (1.4452164287339859,0.49999083169634928)
 (-1.0666805480719848,-0.56480178419784943)
 (-0.45239053004283025,-0.25553647354578291)
 (-2.0554471304529263,0.12894660880972475)
 (1.45352469375545,0.16790282904397824)
 (0.49323550485332024,-0.034310780768861598)
 (0.2009851221095485,0.28587743912084279)
 (-0.2294379769928637,0.5149637822656038)
 (0.054513147817512153,0.39306232560024135)
 (-0.36735168271532587,-0.27236523120483341)
 (0.35056945427325975,0.96259694066716062)
 (-0.24758057667069638,-0.17403640113948721)
 (-0.0096425688105734528,-0.064846151953633857)
 (-0.9282724752276309,0.6980782429161082)
 (-0.12393169842240889,0.25865395831158566)
 (-0.5025385795105638,0.095010975901141936)
 (0.14921648557097708,0.19281717049538205)
 (-0.58950697125548579,0.45965603178429193)
 (0.17275555092889289,-0.17413952237179425)
 (-1.9413024381022546,1.8639076937937988)
 (-0.39882849684016203,-0.43115289792537914)
 (-0.14458645897665817,-0.14165438661039453)
 (0.16660279623297458,1.043429643727793)
 (-0.59709244896254887,-0.56577258295504129)
 (-0.035845730882587655,-0.080668514290444887)
 (1.996822851984142,0.1316958220289286)
 (-0.34440888059016717,-0.2322473133728612)
 (-0.064798712915026091,-0.53224110977170414)
 (0.33075591243373592,0.17975690756523433)
 (-0.32462300342152228,0.68222211407490807)
 (-0.52489169666743374,-0.60662809741071466)
 (0.4832494485665132,-0.076105188613951963)
 (0.43213382648174747,0.076224603691171317)
 (2.2145092208825443,-1.4298716396779403)
 (-2.5807416541247008,0.53283765946425166)
 (0.42790963031486501,0.4494302648263459)
 (-0.78497071895949433,-0.11113843250092553)
 (-0.054499558072736209,-0.39090546302055179)
 (0.62471827195860818,0.96977735520088482)
 (0.39515082314076977,-0.64897664091636786)
 (0.27447843045780018,0.26179312996124182)
 (-0.31123678277931133,-1.5990320487085241)
 (-0.81623463913546257,-0.13612174615857733)
 (0.32660048848200057,0.91659927540927733)
 (0.8096470981152073,0.64443066420431039)
 (1.0137698032713534,-0.086211506537411053)
 (-0.32814589170141195,0.0033965731158211721)
 (0.15310295585255515,0.64321005767648753)
 (-0.35374438280672738,0.14530971635641413)
 (-0.25056147800879436,-0.27128336905763828)
 (-0.24108350129000428,0.053461658941811208)
 (0.80044539527553105,-0.38550467129937177)
 (-0.65344290866031418,-0.70486389125467419)
 (1.4936662023876666,1.1306826603101219)
 (-1.3240646548000146,-0.5965018990040829)
 (0.61800193253160762,0.13992341829856192)
 (0.67262327604320604,-0.20827120597224386)
 (-0.28082630936860148,0.82885820912503116)
 (0.10497179528298306,0.44601533634819546)
 (-0.80414159287398179,0.90138336421505427)
 (0.15073204374965726,0.99846579333245977)
 (-0.051008097854792572,-0.31293962399337233)
 (-1.5793478981798803,1.0389470740178297)
 (-1.1927439156087354,-1.6495892995073651)
 (0.53951613817865796,0.24585277001652003)
 (0.37524627904871033,-0.69564082475319133)
 (0.45891401875559928,0.066326968916572582)
 (-0.010286743310786439,0.57381369356648082)
 (-0.16081913740447945,0.32592760913667845)
 (-0.92556962756385808,-0.34568351720640228)
 (-0.30064003469374617,0.36438949377160956)
 (0.16093020726145746,-0.0049952351090058605)
 (-0.17800312102328619,0.45852714252390192)
 (-1.1225271105865651,-0.96119200083993039)
 (-0.15797678949666974,-0.25927258174094031)
 (1.3868960677809801,-0.62913805487558494)
 (-0.2115325023930712,-0.019519221724535171)
 (0.0055050559194528793,-0.022304567496455961)
 (-0.76854644605295308,0.80346035649606928)
 (0.53624972383083458,-0.27847524050776357)
 (-1.2839223307948917,0.20163876508162126)
 (1.2891352219796319,0.037171810247353609)
 (0.84810740824882425,0.3915162267047535)
 (0.32509312502332888,-0.20301638276835995)
 (0.46844075991185374,0.11144181511014351)
 (0.91592928490736092,-0.21479182964508267)
 (-1.7598035546726014,-0.088246478656018423)
 (-0.5762192271557649,-0.16494343207161669)
 (-0.093692358342450072,-0.19495158959188338)
 (0.87492393365762577,0.52099991902162701)
 (0.56345028766937599,0.59620340761311608)
 (0.022698790871077318,-0.35370462494703392)
 (0.38662720357140223,-0.04172389609191729)
 (0.25629332603910321,0.10378706305210496)
 (-0.36895252299764852,0.12799895143702239)
 (-0.41299840719052094,0.81676827939053798)
 (0.16837018841849749,1.2478059707864362)
 (-0.34644454767626731,-0.88366946709098171)
 (-0.39351349112004907,-0.22169212845449171)
 (1.2354901898339024,1.1296937847859811)
 (-0.29962223994137915,0.8611366826497876)
 (0.11059356671693574,-0.20889987049209982)
 (0.29435633098094666,-0.1752272272384795)
 (-0.9127224409307142,1.1674415078062315)
