# Created by Octave 8.4.0, Thu Dec 11 09:47:21 2025 IST <gamana@Samsung>
# name: rayl
# type: complex matrix
# rows: 2048
# columns: 1
 (-1.2985042572651484,0.16604959776421913)
 (0.17351648822665178,-0.35486971957445707)
 (-0.45994299806911976,0.029631641148845894)
 (-1.1190434042418818,-0.23088611971832229)
 (-1.2226939442977236,-0.90390282452232773)
 (0.44811851479955855,0.94108923887795815)
 (-0.95649884694990095,0.86450574846468919)
 (-0.49862982501484432,-1.003022862596552)
 (-0.48245500611544645,-0.25484962523460264)
 (-0.072168991001160032,0.3307083260450836)
 (0.38973660983762193,-1.1811754497961557)
 (-0.39155046626275347,-0.9139503475074845)
 (0.013351249545136806,-0.30408620352079774)
 (-0.38830355182565096,-0.10811286257949135)
 (-1.0343981728709561,0.059358877953862799)
 (0.30777364870800061,-0.059938423486936385)
 (-0.483463166203701,0.33633820711756424)
 (-0.76185269896960151,0.21219728365788518)
 (-0.48231153796181842,-0.32631852622013052)
 (0.14795177115386948,0.17974763229187318)
 (0.30523370698132762,-0.77770062530061945)
 (-0.85714679898997792,0.72749537767588723)
 (0.23051507535879753,0.25803103781443792)
 (0.28562517979309776,1.1392119157412046)
 (-0.9172399945495413,-0.40091719331495401)
 (-0.34302889892008748,0.50661277290046802)
 (0.65506169925618773,-0.031660642701277192)
 (0.0087457921735980548,0.51410995540691218)
 (0.21563522767747845,0.73145456078292581)
 (0.12718665657875866,-0.37557580150982006)
 (-0.32634588166130002,-0.32131601074292337)
 (-0.42566298128772384,-0.62068355424772104)
 (-0.14965112706367473,-0.42704129401227392)
 (-0.25977405575020462,2.0870878353978779)
 (0.028649382284768599,0.23096238656062479)
 (-0.60246502072613228,-0.23181576748354035)
 (-0.28046587305058607,-0.33704201956357421)
 (-1.5000707915837808,-0.3821959014165891)
 (-0.19959064653885664,0.14271291405805422)
 (-0.26460369957870067,0.95525199998541299)
 (0.38855109229807477,-1.2540626935951702)
 (-0.33529497148065845,0.094869755725826288)
 (-0.078668933175241013,0.044864295375992527)
 (0.029970847848724863,0.36494634132151937)
 (-0.22612458353722209,0.58586013515874957)
 (-0.16541279937439451,-0.059217949346584274)
 (-0.35440567051650146,0.63635188364499173)
 (0.04650491338238065,0.40954729244296778)
 (1.3756126383104341,0.19785393116060257)
 (1.0898726908470555,-0.69401636301944292)
 (0.24836495890702145,-0.19334513734419254)
 (-0.17281825221575969,-0.32277379296864972)
 (-0.073076982887254838,-0.51286530579815126)
 (0.48961701191123003,-0.27827229012511884)
 (0.82402658054801836,0.6098998730017281)
 (1.0049562379177353,-0.22325136415795444)
 (0.38187369853001485,0.70726901372181117)
 (-1.6112296633764331,0.086237366278031413)
 (0.022191013586021602,0.058383700956130172)
 (-0.23816024711476474,0.76398884063618655)
 (0.34361190892930044,0.061841988240117884)
 (0.67512240513102051,0.10284527504493018)
 (0.50909281567054965,1.0258809379050908)
 (-0.82057178417910159,-0.97465926310969553)
 (0.49335333858775421,1.1855426947148335)
 (0.78207192037591333,0.61162677050227532)
 (-0.03520170211001733,0.54807283157925046)
 (0.42239994983018841,0.38063149767834231)
 (-0.222893129790563,0.23496149588257945)
 (-0.68239400390899485,-0.52451555406909001)
 (0.69901239007418092,1.0998281816768187)
 (0.90451693850989323,0.43273081476540848)
 (0.57895299545631829,0.11785820545112705)
 (0.34897093639034543,-0.58293010706386106)
 (0.405539167898326,0.27513830442987242)
 (1.5107278128321759,-0.50139788245875672)
 (0.77030620753275647,1.1600607049121723)
 (0.27416423567743037,0.45309639878980529)
 (-0.16361695053060768,0.11197321935159452)
 (0.070234931255695604,-0.14342600940767877)
 (0.38316581301246705,1.3736539052650552)
 (0.64582285644876436,-0.24324094436212595)
 (0.74568374987100583,0.32733924951196602)
 (0.21090903007366499,-0.8238693626118353)
 (-0.038648718280552691,0.35158053721335253)
 (0.77282205989039721,-1.3315722432016672)
 (0.29895373997377794,-0.82874608594982502)
 (-0.90702313939186041,-0.35585406040351869)
 (-1.4185847290264724,1.070249088576505)
 (1.020486453350564,-3.6744508496049857)
 (-0.50549360759888617,-0.83652987098816123)
 (-0.015719308423899479,-0.085330128288757801)
 (-0.84987093145338577,0.83197080040464511)
 (0.037992282697316845,0.26692332755798887)
 (0.51920259717490835,0.15338135232833702)
 (-0.26200429137653025,-0.1728516808820236)
 (0.49943055110116208,-0.40061246892669961)
 (0.42670293170659868,0.5207186349761237)
 (0.5926837776841174,0.5553115222374827)
 (-0.11890105976445878,-0.43085388398337221)
 (-0.99864844927150831,-0.054560495639908002)
 (1.4804178564965911,1.0426412536877017)
 (-0.64931028716603123,1.2314997977782647)
 (-0.1768069617571508,0.16721732824306271)
 (-0.53783896375194806,0.37351407912451462)
 (-0.22421368333285208,-0.44763325113295072)
 (0.1014342837007659,0.57142679334268787)
 (0.24161296826510109,0.97257078921898188)
 (0.22903390736099202,-0.083863098580110873)
 (-0.067965174335382142,-0.19842576235570814)
 (0.078425166804691665,-0.36499049979407405)
 (-0.28409938865283568,-0.65576855842700155)
 (-0.23591645048262683,1.0677646890532624)
 (0.48155101496295982,-0.65394885812299464)
 (-0.076554331180238813,0.01902086030545479)
 (-1.2296072178652007,0.38003413068571984)
 (0.074275063617719572,-1.0454663564003395)
 (0.20780799969226399,0.037841873622087852)
 (-1.2156471148026711,0.96549091135950516)
 (0.11711517690597567,0.40575185798323449)
 (0.28689556576701136,0.054702950760603164)
 (-0.73359977393525666,-1.5064375777946049)
 (0.51042511013942726,-1.4497727691267772)
 (-0.34550680970398479,0.76478062720276774)
 (-0.35108685567411951,-0.18702965851751324)
 (-1.1352946471854894,-0.13697447304548419)
 (1.1059592680189287,-0.6046139400821029)
 (-1.8028784571926453,-0.35702052541919693)
 (-0.54305298833595139,0.55515168405330795)
 (0.026965229226149745,0.45957288967477145)
 (0.12942318033287659,-1.0671474166841979)
 (0.53393700644963804,-0.20508421014565986)
 (0.14267348649212799,-0.00077749065168252612)
 (0.11005687206077927,0.12717434447992479)
 (-0.28900388816678863,0.90961496182564017)
 (-0.14252336016650893,0.68106854628895064)
 (0.60238039250625597,1.2294128771325872)
 (-0.29625329220078972,0.36460868662934171)
 (-0.45598903721113904,-0.45437520044279267)
 (0.44801649442603592,0.3199665684158029)
 (0.60674081554310655,-1.0910996038731813)
 (0.018150455158883139,-0.96039068182469522)
 (-1.451612570193707,-0.095446308768252885)
 (-0.8660390528633779,0.42055437897860826)
 (0.004578257538472269,0.29011236709586452)
 (1.8820553389638142,-0.59516799555263278)
 (0.1938517554103302,-0.06832661339009552)
 (-0.19574484509042581,0.12855010355346955)
 (0.43657115639301763,0.26699254940367911)
 (0.35517282404839801,-0.5008616357741178)
 (1.2112874819145827,1.2778193396776338)
 (-0.7008918602875952,0.40872597950467449)
 (0.1424954560046503,1.8019865413173741)
 (0.162774899970547,-0.73178484507512431)
 (-0.29186059188389862,-0.15126364634668166)
 (-0.21736981469125788,-0.19820894860309518)
 (0.65983428084807905,-0.20428253972447927)
 (0.33370072693671093,1.1133966180994803)
 (0.3855551608654742,0.07021897662361265)
 (-0.5647356091562199,0.21751334669610661)
 (-0.18169032140102853,-0.36291415729561299)
 (-0.74223960684045565,0.02069856056730679)
 (0.34993701583986941,0.16566295210357343)
 (-0.051965392139638855,0.72284667556911963)
 (0.15737476317192503,0.037890963663374834)
 (0.56369755818934864,1.2552075326498555)
 (0.94001082678341641,0.58351043147453185)
 (0.49847244549195691,-0.20154137335862068)
 (-0.4813006699209445,-0.95200660381051627)
 (1.7516485026018966,-0.10936186159205041)
 (0.24190227703385908,-0.73435900708404733)
 (-0.66570083704326999,0.14411889068245015)
 (0.50904271056586148,-0.59194402483506159)
 (-0.5623412485358924,1.1694814766223194)
 (0.75432656281479127,-0.85487057965813895)
 (-0.35531922831524315,-0.1553255626396895)
 (1.9529468073378997,-0.42260527716618035)
 (1.7745372553036858,-0.93561534005088132)
 (0.063904888528908452,-0.18488746541554463)
 (-0.13709389585837428,0.13406028981704232)
