# Created by Octave 8.4.0, Thu Dec 11 09:47:22 2025 IST <gamana@Samsung>
# name: rayl
# type: complex matrix
# rows: 2048
# columns: 1
 (0.66697474669983237,0.17984474570257486)
 (-0.22643961710719704,-0.041024995261365022)
 (0.05745008030368004,-0.64325846746034887)
 (-0.34798919149113511,0.51102076107916461)
 (-0.29989478168238171,-0.23074062795027117)
 (-0.52884142933763523,-0.23792888643564125)
 (-0.92481523333780669,-1.0641105710266201)
 (-0.37364902874212985,0.90251257854082401)
 (-0.75198425662424961,-1.7033745874138575)
 (-0.29308697200490491,0.54497940402900147)
 (-0.054793232931397706,1.1825824531980786)
 (0.92239421760219131,1.3592087549631986)
 (1.5030371259792472,0.72671662247626523)
 (-0.084992982132548356,-0.56206382657255705)
 (0.18554319453511348,-0.21605146897005317)
 (-0.31111936875856877,0.61729275097244252)
 (-0.59576098604794747,-0.25836310271365259)
 (0.35677165548697132,0.57342827414854025)
 (-0.41187861558003941,-0.33813934577835886)
 (-0.41207854529142179,0.3686398876029966)
 (-0.62612605589254988,-0.10015619219802213)
 (0.7695340650168816,-0.71726869159249174)
 (-0.72017388647229608,0.58191799956462131)
 (-0.0064441215566897192,0.46790670856820776)
 (-0.83736732053213014,-0.5769785983283493)
 (0.37024137571345733,0.3790938125578564)
 (0.13890524520201369,1.2067094792214064)
 (-0.40172337005914099,-0.76583899641202446)
 (-1.1705284729195204,1.1984331468366693)
 (0.2252155820788567,-0.25944869037654938)
 (-0.20810550760104371,0.16296007237984719)
 (0.38289550362861252,-1.3312477276907435)
 (-0.30404730656197432,-0.22776692241079766)
 (-0.65600140428686693,0.93808284538096431)
 (-0.72682042111405376,-0.24138750401778308)
 (-0.80897145934304304,1.0328633431815319)
 (-1.4814461375910559,0.4562196261724355)
 (-0.2707799026997183,-0.62451860532314185)
 (0.72961976428067132,1.1105866597424261)
 (0.7549835170091318,1.9300072173226792)
 (-0.85619225374064201,0.3374417468379054)
 (0.48913604598797,-0.72019904154017156)
 (-0.35916732495842962,0.85919193374267389)
 (1.3208281467280565,-0.17703202145798469)
 (1.2058697948432673,-1.845373060492238)
 (1.0226489373092609,0.94135746583854929)
 (0.18304091363883895,-0.018562498524893598)
 (-2.1795615988492858,0.46870406287259725)
 (-0.74169184091824081,-0.51585527516527241)
 (-1.145102172873615,0.50430171708628868)
 (-1.1701941043551107,-0.6318685407856145)
 (0.79982178944898741,0.36513600770512417)
 (0.032954657249214314,-0.15752164513450059)
 (-0.24010361407654696,-0.90886402616238704)
 (0.43695940486755025,-0.10379522831520645)
 (1.135530851804162,-1.4123502107185906)
 (0.73116651988912751,0.2771204150536592)
 (0.21899912591861603,-0.84618159994365361)
 (-0.13575915283066634,0.081106508375503428)
 (-0.073958062274535968,0.33754333530996272)
 (0.40670332393390352,0.41079705592379312)
 (-0.31271119093954208,-0.20581515617971419)
 (0.080256309063213543,-0.53671920903623527)
 (1.0333619575764819,1.9258246164249933)
 (0.34804969817491654,-1.1310029323686603)
 (-0.67773454689680968,-0.45691455607980869)
 (-0.4487514887516606,0.027765526012516778)
 (-0.40664653908330972,-0.43694985707283374)
 (0.065125093861520877,1.3846174292534421)
 (0.98184560033073398,-0.52638163972166307)
 (1.3591795050057978,-0.3517105382820549)
 (-0.17384206912498906,0.78677236663078798)
 (-0.49453825578736044,-0.37379032074593188)
 (0.0079530537907683274,0.43630731654220428)
 (0.15490993648588952,-0.035006048892293862)
 (-0.45706623570040961,0.06022819390022216)
 (-0.52591649713863109,0.64732169045274468)
 (-0.66278041567232227,-0.71067492712386171)
 (0.11467583569864118,-0.30024329743903955)
 (0.83055503134533371,-0.50690492113814356)
 (-0.47071251395190083,0.54337425636577663)
 (0.34154728757189223,0.37109465384797147)
 (-0.22556270386944854,0.32492204599352548)
 (-0.12524370212425887,-0.34363947442321918)
 (-0.54266303416647033,0.13426630151376098)
 (0.60439159347632099,-0.0055647021842003541)
 (0.51668939461637464,-0.12072601024707905)
 (0.17550173503106034,0.54857260732974678)
 (-0.17365514746684857,0.039716192937900019)
 (0.24080203700724845,-0.76003833541125909)
 (1.0189194373075108,-0.77329745189713162)
 (-0.37143351680743825,-0.52733296490033355)
 (-0.82784732959033125,0.47042734254001284)
 (0.2344008430648567,-0.020796125376787988)
 (0.40535353572103461,-0.52611364237290281)
 (-0.25044812946796913,-0.44196392218511849)
 (0.19885783657695075,-0.14644849167966015)
 (-0.83973655513401135,0.30340608287633564)
 (1.0110055163156306,0.36201376301312255)
 (0.8195275969924507,0.1128472668765344)
 (0.21163179997648701,-0.60532914999246157)
 (0.050804606496774873,1.0969490021202046)
 (-0.73064007781230578,0.30014807917093578)
 (0.19649348566021452,-0.48332340305948684)
 (-0.5862625928475671,-1.152201474804595)
 (-0.078824478409922363,0.24213853687397163)
 (0.34106830536237442,0.15921305009590139)
 (2.0710552019400117,0.42054830068063354)
 (0.32966670200570436,-0.062465833673940346)
 (-0.2021277034354047,-0.39909516987497334)
 (-0.12937804678904638,0.20593477608811647)
 (-0.31108451838931517,-1.8876558505792658)
 (-0.31693301751798164,-0.12296824484327509)
 (0.98789976355330278,-0.32793624222395457)
 (0.40499237736735483,0.19794781509271253)
 (0.71050668326694533,1.1503654129916105)
 (-0.19890032057579221,0.30939194592938579)
 (0.5216923996022923,-0.23944682214563617)
 (-0.68303693796340159,-0.63225408851465259)
 (0.34473075006347892,1.2166917520278546)
 (0.054685082273676425,0.15685501705684762)
 (-1.1017134530163424,-0.47520029562664989)
 (0.6989834202104197,0.57540323704265173)
 (1.3213123162819449,-0.51315103759554437)
 (-0.44673289444473507,-1.0018860924259592)
 (-0.026360426830783504,0.096122737672817246)
 (-0.15021667661977703,-0.079854344790880327)
 (-0.1308518885109527,0.059368117613050504)
 (0.26798063962702412,0.55603249190769566)
 (-1.6600149947295242,0.4090275444230565)
 (0.094821633748912365,-0.55012431510154569)
 (-0.44702187910715341,-1.0026405283282747)
 (0.44363958940042642,-0.32115141004543918)
 (1.1312893355357059,-1.5336006357053364)
 (-0.66558873071173252,0.12618049662079611)
 (-2.215978962260698,-0.0059459633925332822)
 (0.11192966335267002,-0.39287449470472718)
 (-0.39189044656982963,-0.25872164221242855)
 (-0.4467259290548885,-0.872992437379016)
 (0.25449031596913574,-0.51838287079363299)
 (-0.09289892897899299,-0.32745493351718252)
 (0.063933004965009158,0.25086553606046991)
 (-1.2694946565767533,-0.1520982714823666)
 (-0.57634532944124561,-0.14187659716216053)
 (0.93105371119330083,-0.66416470148507634)
 (-0.65974601111348985,-0.65504604255813526)
 (-0.077883705296274461,-0.025734543500441007)
 (0.0012185110980958702,-0.29918918013751139)
 (0.091702803598040977,0.41407726383969268)
 (0.45096560378770417,-0.18478414742933605)
 (0.7147307635110306,-0.53364136974546938)
 (0.14146619446850417,0.025024702682404407)
 (-0.019230528413623778,-0.073432283570628309)
 (-1.1422581108815577,0.23428087075316462)
 (0.060076421636114097,-0.83244881942834625)
 (-0.76741139998536856,-0.41106830628940605)
 (0.50895485539171692,1.4149022724315983)
 (-0.20491525159885077,0.23856255772935547)
 (-1.1806973824732454,0.47445174529899664)
 (-0.32856412516089684,-0.13700839509018709)
 (-0.13157214697106367,-0.058953590237726498)
 (1.3631653422930268,-0.50323929120637101)
 (0.31374070657722974,0.37902324237188811)
 (0.73896915803356533,-0.22210367829177963)
 (-0.00016017000717766239,0.12878841704021493)
 (-0.18502455582458305,0.062781958968496032)
 (0.31681161975111527,1.8862168698724733)
 (0.67022712389384353,0.479134430750217)
 (-0.96839125411965021,-0.82522455236224568)
 (-0.20280675407166654,0.57944481133576131)
 (-0.67744684196436933,1.1000255360793663)
 (1.4100302436592438,-0.70634740312793842)
 (0.078682246684161572,0.93371885074943661)
 (0.78771703293831363,0.22615371638831128)
 (-1.0438590748331098,-0.11294249095056047)
 (0.36693829624038332,-0.026459012215781993)
 (-0.16113158922958576,0.59961318519110463)
 (-0.65142042513082088,0.1657984008983785)
 (0.5088704637250806,0.49963227086791034)
