# Created by Octave 8.4.0, Thu Dec 11 09:47:22 2025 IST <gamana@Samsung>
# name: awgn20
# type: complex matrix
# rows: 2048
# columns: 1
 (0.18048274185559024,-0.40904351040579467)
 (0.97722591818395699,0.8051720618145104)
 (0.35037175729649972,1.0021668568781299)
 (1.0341890397476423,0.880798397271087)
 (0.40752067454708635,0.87397198317940583)
 (0.81661663028867559,-0.29630431000393259)
 (0.87909564697696407,-0.34483236924869248)
 (0.35610096748144621,-1.0897473813694021)
 (0.40501596551277036,-0.42470624870185847)
 (0.24046419020765661,-0.35964853891376836)
 (0.91430375073124326,0.95336734212359053)
 (-0.93474164376750724,0.40381051987036187)
 (-0.97162153946001739,0.35545104870937511)
 (0.88661630352553367,-0.30655998256619577)
 (-0.3325597487914087,0.90636001072227723)
 (0.23458544256645181,0.26900410851901646)
 (0.3117063376987485,-0.31436557022155587)
 (-0.37636849936554945,-0.4259893549781294)
 (0.35998822995174729,0.92788055157646043)
 (-0.25916651951712283,0.41022258400077916)
 (0.97109705740696395,-0.28641978291288461)
 (-0.2832790489212228,0.84140983972221151)
 (0.92617009658440996,1.0326784097783133)
 (-0.9430332150556382,-0.95540463923693986)
 (-0.31098752955989306,-0.85593043031078542)
 (-0.40575114747939534,-0.46233367024976102)
 (-0.20789651814327365,-0.42411368187091159)
 (1.0022814522318961,-0.33003398049237903)
 (-0.87131782902376897,-0.93020734412000849)
 (0.87192866303566585,0.8970657382813686)
 (-0.25043602226279882,0.85001821336488625)
 (-1.0883791124215707,0.23478988524497504)
 (-0.12975863650792147,-0.31003910840767984)
 (-0.93445682355600623,0.25173671911062345)
 (0.251171929706411,-0.21037925888663855)
 (-0.9854681821241944,-1.1076069606383854)
 (0.94821216123053143,-1.0071265221210273)
 (-0.22824417578084918,-0.33611074479870962)
 (0.36905451156318325,-0.99991753473876122)
 (-0.21677175406991578,1.0459960370501178)
 (0.22131487863326865,0.91334300422264192)
 (0.36799101768789944,-0.94455550848246028)
 (0.89641964413751574,-0.26612234654156197)
 (-0.82773026360225577,0.9707564260220567)
 (0.93025178588188939,0.31632710693109023)
 (0.38022796290615174,-0.30219155214023075)
 (0.96984046138159996,0.93382107854368313)
 (-0.9244468066891196,-1.0169291654151933)
 (-0.82629165123772697,1.0005550538484136)
 (0.39033859438803808,1.0055772710800013)
 (-0.86211529523857378,0.28611952856855233)
 (-0.35536481416219901,0.22346351162662531)
 (-0.28515875505436128,0.36249380558626976)
 (-0.90320660780888917,-1.0539431290501797)
 (-0.21691539959002848,-0.96215619591154877)
 (0.36237769076403248,-0.24376695232892434)
 (0.9484533325754243,0.92885666590130966)
 (0.4033799748867638,-0.85189732831626319)
 (0.94681614594792152,0.26403938677479621)
 (-0.97147755494337618,-0.93969849787785242)
 (1.0846722436742509,-0.31744617357444538)
 (-1.0077991848080148,0.91268088527887725)
 (0.26753957774474701,-0.98720254955986841)
 (0.2809495675910052,-0.95256496730253148)
 (-0.94580376459224069,0.33396270716079601)
 (-0.82729141739723766,0.94821646991204434)
 (-1.0219668578102377,0.85588557237173457)
 (-0.95375756555243463,0.26031876897332817)
 (-0.3389443768693739,0.37381353189859673)
 (-0.3471657900021759,-0.43223042529768962)
 (0.93238189599663845,1.090133101646694)
 (-0.96551590051510638,0.86459370320910411)
 (-0.90082460104048456,-0.25686187115912051)
 (-0.45789785687047346,0.3225772303408036)
 (-0.24911356388907419,0.38367355448878282)
 (-0.2212106304065963,0.90792259345255633)
 (1.0295140634898259,0.8870696959806782)
 (-1.03471583472007,-0.9808401036893537)
 (0.37915667265555325,0.37121763641226097)
 (0.99740100474784754,-0.97802432121081329)
 (0.17574622449140156,-0.37791607778471897)
 (0.43499209190717725,0.28183632737249376)
 (-0.79772692115948907,-0.32382774025977101)
 (-0.41558966097137007,0.94476016862514289)
 (-0.18088638235429394,0.92200761069130377)
 (0.31093164845239712,0.27659673655148259)
 (0.99970201776548007,0.38446417966792734)
 (0.99650743903002692,0.39439510039775644)
 (0.43748064102582812,0.79762603584690117)
 (-0.31045073709473142,-0.28505619062438425)
 (-0.17297199475154559,0.9284497141624849)
 (0.86428641869427292,-0.37638537841627084)
 (-0.23739115923848186,0.30880309511589038)
 (-0.99094361372049411,0.25376248494049936)
 (0.47956215390987206,0.23732405888026462)
 (1.0212474235713076,-0.91766146506665669)
 (-0.42387095023358257,-0.88282208624593261)
 (-0.89844582723466604,-0.41371302746759048)
 (-0.90594636269192741,1.0331001870980396)
 (-0.23787944923208171,0.32470182898455863)
 (0.92160515437155488,0.37649119780182716)
 (-1.0548858810732975,-0.88940412361316512)
 (0.27724856496913525,0.8993838924870704)
 (0.90154748797126927,-0.90641987620570219)
 (-0.26117903816680621,0.38433480099775419)
 (0.96998149937590239,-0.26701180240710576)
 (0.37222855461294135,0.4188647981590099)
 (0.85201158332943328,0.82656487735298567)
 (-0.36970191082022308,1.0549407333244663)
 (0.37213273788564205,-0.44044318877628863)
 (1.0192949691353557,0.99523521351919486)
 (-0.9693209664027147,-1.1103055688249226)
 (-0.49858720389635891,0.34253086921009435)
 (1.078567969703321,-0.87842449320557714)
 (-0.42959091454323056,-0.89557939415331922)
 (-0.95081174658830026,-0.44644183229532819)
 (-0.99571407709579218,0.87781144523634591)
 (0.35910012944372094,-1.1231313812470056)
 (0.34123569089084321,0.87745617292486755)
 (-0.30642532400566863,-1.0121444894696059)
 (0.98457958905107368,-0.32552302389101206)
 (1.0302124695264676,0.20199796667980446)
 (-0.91778439198285588,0.35622159386034247)
 (1.0478975393906884,-0.24368300221500661)
 (-0.92384187064477663,0.24631229595918347)
 (0.90984713957696473,0.93949594986009899)
 (-1.043292258878612,0.9218388873793163)
 (-0.94882550662909659,-0.84863503075488322)
 (0.39161948201237767,1.0192981242037009)
 (-0.97432208304774071,0.27979387284846713)
 (0.90064232231465857,-0.35609587658797337)
 (-0.36252464735478995,0.98849775211641522)
 (0.38456483428812505,-1.0192319904907898)
 (-0.9755148899834708,0.2505659071097649)
 (-0.82647183364887777,-0.35527742684373131)
 (-1.0280305262899365,0.99581921102505722)
 (-0.39058080953122787,0.28928825675559494)
 (-1.0751090177573892,-0.28207866325935405)
 (-0.39265476950314177,-0.40617981487335847)
 (0.21710816409256772,0.4161473207436675)
 (-0.29274272054875516,0.98562142001333086)
 (-1.0729291216298606,0.30179939320473659)
 (-0.86347005448199876,-0.27731687448054421)
 (-1.0083847506687122,0.84706519761753085)
 (-0.98958947810536113,0.87037802372451722)
 (-0.3009960780345966,-0.46077992267242707)
 (0.2592100985666948,-0.98770425377171234)
 (-0.28293303886231885,0.90058762320895003)
 (0.31798041111386743,-0.89969028829813291)
 (0.2042109363117639,0.27692866355349155)
 (-0.98366245602865576,0.34324605233027772)
 (0.89438335249194345,-0.28361789752314903)
 (-0.29379847977653611,-0.3298566103766114)
 (0.32862770335099056,-0.89833456337095918)
 (-0.91303847954104334,0.31248391021565686)
 (-0.96673735696334528,-0.40203273236912718)
 (-0.84768383495136135,-0.97519632672737944)
 (0.22264691320347058,0.2925711833012003)
 (-0.28169863994021221,0.97387754348448086)
 (0.96127903384522018,-0.91295030807824151)
 (0.9685711164756734,0.98532870064206002)
 (-0.91290650502375992,0.17039927126400703)
 (0.2264970452889663,-0.25567598332452623)
 (-0.37876145338014988,0.83286243125333803)
 (-0.9862679091797264,0.89946986736024503)
 (-0.36167268233703415,-0.94331561627490945)
 (-0.28295516985632269,-0.27356111004503403)
 (-0.98260800854788088,-0.33637683197447288)
 (-0.2805815419881918,-0.30586837823697488)
 (-0.20839782905817034,-0.9765246276850974)
 (0.93311899374009755,0.86520230895062777)
 (0.23567956495226983,-0.90309212025123542)
 (0.26779379528609293,-0.31931667217967907)
 (-0.28332028084298216,-0.28248379835923504)
 (-0.97649822838091238,-0.3629052936860564)
 (0.94848098270163961,0.37400135304441845)
 (0.2962088904672151,0.99873506623155894)
 (1.0145412893733448,0.22146425177187884)
 (1.0823527637333876,-0.9243349325575535)
 (0.35805280427369507,-0.38857279417471768)
