# Created by Octave 8.4.0, Thu Dec 11 09:47:22 2025 IST <gamana@Samsung>
# name: rician
# type: complex matrix
# rows: 2048
# columns: 1
 (0.34099173429460161,1.2964635412053176)
 (0.20763605010148495,0.15843050961267918)
 (-0.45267222635582099,0.42665028105886804)
 (0.20792451950994056,-0.53235822254408904)
 (0.42693610524251513,-0.89859249914889683)
 (-0.39473030810429854,-0.19200155902412228)
 (0.45504131532221626,0.10986807179870103)
 (-0.35582761767089982,-0.23993192362198273)
 (0.21153372035931309,0.086640373309324253)
 (0.36776409986188341,0.56306970799738632)
 (0.47787500245451087,-0.72512070083346147)
 (-0.77850343720793114,0.45331564995883)
 (0.19037039758499147,0.44660111100519889)
 (-0.18820573264549098,-0.50997130881894537)
 (-0.49472578261074662,-0.5669087761507926)
 (0.70606422813769487,-0.19543392860902337)
 (0.43064718889104081,-0.42274511582815677)
 (-0.37212324620099374,-0.24365020389861675)
 (1.1258628687535781,0.3730828033048435)
 (-0.68249347380403835,-0.80345925211329683)
 (-0.9540394254740111,-1.4110164181937257)
 (0.76027413745450478,-0.93177653742841771)
 (0.24282116786913396,-0.3056136380654787)
 (-0.41269963598981768,0.96616940456952483)
 (-0.33884627515144716,1.193272042631905)
 (0.1310406209508527,0.072722905866674514)
 (-0.31232013046698398,0.29875515541573877)
 (0.38527742922533215,-0.74087666183668055)
 (0.092222159203277809,-0.4903287228606551)
 (1.100576542504083,-1.268447826452517)
 (1.3820278692295858,-1.3093331848305645)
 (-0.39722269113804265,0.31323700653093012)
 (0.09163376882850649,0.42109345220418115)
 (0.26887895913423199,-0.46460380068544144)
 (1.3567863563438833,0.4885166268401267)
 (-0.85323023961396371,-0.43407819879007459)
 (0.47022722429484676,0.57470541519961305)
 (-0.19316066425720946,0.46401037653599975)
 (-0.51746500434317122,-0.21164505172726744)
 (-0.16230849814244985,-0.19323189519197997)
 (0.46681662161497733,-0.39675107501564089)
 (-0.68880183877170365,-0.48977433719562335)
 (0.15196550361206745,0.087651196322441893)
 (-0.24264289618424342,0.90678358914740387)
 (1.7977706178052779,0.097175754007936543)
 (-0.056418870439233826,0.40939640276523215)
 (0.58413804389816093,-0.23567431721173687)
 (1.0473441681167914,0.22358119985526764)
 (0.55957574315329406,-0.040895990807510274)
 (-0.40505293576446971,1.1269596282694423)
 (-1.728391493772262,0.27470456658689335)
 (0.39866510984787018,0.22367244549420276)
 (-0.3277270183336628,-0.20435466115936848)
 (-1.1827774960486086,0.83197127839479823)
 (-0.37780742351839108,0.97896963744194865)
 (0.10299290645032375,-0.39550148009089348)
 (-1.1315608681488838,0.090682501306510899)
 (1.1331232936708675,-0.93330541414390078)
 (0.57055118955307815,0.12932035873475051)
 (0.21215123768081184,-0.26423562947226958)
 (-1.1753539483657125,-0.048060867849388511)
 (0.81288870881878394,-1.4923865123641009)
 (0.65726616295109175,1.2606003480939869)
 (-0.95007830074325961,-1.2578852059698673)
 (-0.99588142945318703,-0.50303790579909835)
 (-0.13434674689908316,0.057514522226223233)
 (0.31883719370826819,-0.48342014057599109)
 (-0.4957323990329402,0.36165993683120357)
 (0.88705007318130846,0.031068157328811602)
 (-1.3700140377856038,0.23817654603975938)
 (-0.71499102636387746,-0.15905237766752711)
 (-0.22781768503791866,0.23482522866007444)
 (-0.8877140524005025,1.2226624870039338)
 (-0.85620636893797242,-0.3023315901042351)
 (0.30547211979675043,-0.42555011896587097)
 (-0.21387537464346773,-1.568481748802339)
 (-0.91143890792503068,0.36290566705000321)
 (-1.2165581355015134,0.10104020676294007)
 (0.37278130301646417,-0.81856457466376553)
 (-0.6213973389148687,-0.55344361571850276)
 (-0.69188505642002474,0.72000538399802738)
 (-0.34352489739258929,-0.52389600418734328)
 (0.68134861313008566,1.1728406784307899)
 (-0.27967145260954984,0.19572105055901962)
 (-0.47879113124058903,-0.398357497834402)
 (0.79627274494659483,0.40245929068438058)
 (0.23699672540236655,-0.37352610475092979)
 (0.83940093336890076,-0.26843313283370546)
 (-0.71493765788528385,0.20015731139240855)
 (-0.6794729256904406,0.81075411014216359)
 (-1.4098599853353466,0.30514471457823694)
 (0.2250818856049519,0.35061212309355266)
 (-1.4474389934092831,0.41648513252347658)
 (-0.084154227161811146,1.1709427043355811)
 (-0.84201920389078788,-0.77049087195445298)
 (0.20280417086436264,0.30343788879158518)
 (0.85506852460125815,1.0643744500741514)
 (1.3597335487042881,-1.0027382500508999)
 (0.81055462214804574,-0.027664999018088166)
 (-0.67467984388280211,-1.2119332415993613)
 (0.42208510353773027,-0.36572501205523616)
 (-0.57676657791793229,-0.062735917814586484)
 (0.23549279362169193,-0.1438356942438368)
 (-0.22464417701558159,0.4463672876932635)
 (-0.64727623184435279,1.5611226595182317)
 (0.14020671327242987,0.394540989808562)
 (1.6113813341127858,0.92299202182328854)
 (1.251685469977551,0.19432964990487347)
 (-1.0645408390392579,-0.81345604045040776)
 (-0.19566483239495941,0.14171169268040884)
 (-1.4617933216402801,-0.62761677452540465)
 (0.23302834786417717,0.4077874809648131)
 (-0.61253446617401019,-0.3638478314708366)
 (-0.1957417955399276,0.79215111639385416)
 (-0.96123214086398379,-0.12500024770829826)
 (0.33445968391915259,-0.72371594780193405)
 (-0.84524830069223911,-1.5979695925475925)
 (0.95676260902944088,-0.9328258249397553)
 (-1.0631552210026729,0.78872343189838923)
 (-0.28652522319278073,1.3580243374958012)
 (0.13837432155737872,-0.28450235124993234)
 (0.34891915451358158,0.52363630075123557)
 (-0.22869268572930546,1.6620807807255085)
 (-0.81227363194583868,-0.15648075625937344)
 (0.30966464160914381,-0.89250892876421517)
 (-1.2551238687729314,-0.0012260581229743273)
 (-0.27161522669371907,-0.99334011530083743)
 (0.68545043691193808,1.0625244387637278)
 (0.38210745175911265,-0.94573670284211309)
 (0.13848053637211921,-0.4023352869676301)
 (0.25047799975729929,-0.89031749552543804)
 (0.80098734862998022,-0.98656025182118867)
 (1.0933236566064162,-0.6111572177300153)
 (-0.75646195956323026,0.83077591083963731)
 (-0.20113040903919577,0.59556598771122971)
 (-1.0595968202757859,0.1414213489417685)
 (0.17299503358874696,-0.99539176782365502)
 (0.14116929898506012,0.8538064804450507)
 (-1.0426750655710322,0.12758573918010402)
 (0.065688752856684726,0.33858809111064841)
 (0.81737802450900199,-0.12990602328681047)
 (0.16731416120291176,0.55613261364766275)
 (-0.46460958581635103,0.90686750678982508)
 (-0.92622599894504598,0.12517503354641124)
 (-1.2190406293961265,-1.3214232790646467)
 (0.39131715443925946,-0.35044797900259045)
 (0.9428959990631266,1.3646819679133242)
 (0.19762397026486195,-0.18530098402616846)
 (-1.2292679804765041,-1.6948154625828891)
 (-0.19132952582222396,0.54583892996871963)
 (-0.2819951997257989,-1.0590681485786706)
 (0.31718345392088454,0.65112094551198407)
 (-0.31340374219817191,-0.2579713073600729)
 (-0.15794586781648778,0.3617805569197754)
 (-0.34832118556983716,0.48036929174395193)
 (0.66585468083292343,-0.50905545337838198)
 (0.88228692385847041,0.74527772900993483)
 (0.8291809328636498,-0.71446116931426651)
 (0.076178576786805285,0.36488293675851818)
 (0.95278645656115457,-0.85701051667745842)
 (0.15253365837412647,0.06811296473099554)
 (0.54916106557023947,-0.33996397558700009)
 (0.69826977212467378,-0.16333463181840641)
 (0.21861708189194118,-0.36526599906435764)
 (-0.64487085991148263,0.6402261009731568)
 (-0.39669464212044819,0.021056831571424572)
 (0.27299044284191887,0.449954124970803)
 (0.40479042100807439,-0.15928750880746093)
 (-0.27577601687496767,-0.094330296653909573)
 (-0.34067330525202327,0.25481485072433513)
 (-1.593943149055465,1.6851680424790245)
 (0.52505029458337216,-0.50812507462251755)
 (-0.20090942020427455,0.14031702650869893)
 (-0.91019993121295761,-0.93039698197370901)
 (0.565950064186582,-0.53440228052637329)
 (0.25087648193579826,-0.92893866728295826)
 (-0.6029715522612038,0.36261184102126715)
 (-0.72318050923730481,-1.1443098219456975)
 (-0.27060391036344422,1.0544125108860511)
 (0.74055922474698854,-0.86005974567930443)
