# Created by Octave 8.4.0, Thu Dec 11 09:47:22 2025 IST <gamana@Samsung>
# name: rayl
# type: complex matrix
# rows: 2048
# columns: 1
 (2.0370963729487426,1.2169416984303365)
 (-1.2581605188189606,-0.65251779495697626)
 (-0.091233831504684365,0.69628519993577176)
 (1.4091003858187718,0.42308433273122464)
 (1.0153001870597145,-0.055866015359813226)
 (-0.097470469285465211,-0.66631037255266401)
 (0.11841470069456009,0.24926688786552478)
 (0.89423181058767387,-1.3292722652887679)
 (0.49708765545613265,-0.19778130071908107)
 (0.13891444042670276,0.11535042575540826)
 (-0.68955861868887747,-0.042365916246747348)
 (-0.48784924324217238,0.77334889389965455)
 (0.95895134482769895,0.88128783525829313)
 (-0.57799794912020463,-0.12280037689984599)
 (-0.98674803968550062,-0.21744800254583191)
 (-0.097782527027160726,-0.37488355916716742)
 (-0.12400847979846999,0.0010216862804211038)
 (0.81488091903670812,-0.71717098780196464)
 (-0.25092503034644492,-0.035935210515725347)
 (-0.46095706508326917,1.2460310895794493)
 (0.62119279832892416,-0.42271742817091151)
 (-0.84859260208378917,-0.18308421926948026)
 (-0.24346586200266862,-0.083853338905644226)
 (0.66045503770308689,-1.0277725329683103)
 (-0.038349504535761525,1.1362730318419412)
 (0.15527894462875186,-0.088645701637273977)
 (0.20352369702496892,1.5650745014750322)
 (0.28354349227093545,-0.58045112362171036)
 (1.4645451358493184,-0.59395647077100444)
 (-0.61100100615171582,0.98097404714080727)
 (-1.15551139618896,-0.027377279349972583)
 (-0.16717635998247876,-0.12356644074511876)
 (2.0932333531986873,-0.61860584234364968)
 (1.2798143504071169,1.1426120159196234)
 (-1.6142813404920577,-0.63655990748521718)
 (0.72364664647546961,1.0894012568727343)
 (0.9593919686951623,-0.20642781307101149)
 (0.90374113878274887,0.58098107891533635)
 (-0.1332110461180559,-0.45516266709646946)
 (0.49775239274384675,0.15273191497313376)
 (1.3043126082614429,0.1984361837044798)
 (-0.1206816634559659,-0.55507625016260531)
 (0.91653936590275498,0.84973974206976521)
 (0.4151130817058683,-0.057340076285175956)
 (0.48300247023504422,-0.35454145114652585)
 (-0.075679893919989583,0.19488107215779343)
 (-0.15266368027309668,0.20283781631911532)
 (-0.69159568569870133,1.2010757647854309)
 (-0.76033857182286835,1.6251210863350514)
 (-0.28280232303447028,1.5280640921889026)
 (0.37219321336479788,-0.28197685272941542)
 (0.51950479957158646,0.25312888690931329)
 (-0.37308765327357607,-0.95855751961410018)
 (1.0375163283955102,0.97874516353084151)
 (-0.37349206195094908,-0.24138026323041131)
 (-0.24631505701468634,0.57491595419825281)
 (0.50561173903055157,0.6448114635980865)
 (0.47547258310344209,-0.85133344421501012)
 (0.35646206247548279,0.30019053881566637)
 (-0.20138715062902529,-0.29560042594529684)
 (-0.75440222580753569,-0.73471478867135587)
 (0.77825972668925714,0.53998752196244881)
 (0.60232439013838368,-0.35088471550449685)
 (-1.043204210762267,-0.32259568399054833)
 (-0.20992633191520058,0.035766344496755115)
 (-1.429451090454547,0.065220760488273799)
 (1.2553807206893224,0.70920879043389995)
 (-0.055375857329555744,0.60286477109313408)
 (0.081083752156881225,0.068862486175754176)
 (0.45603352051166596,0.26212452868964453)
 (1.5303770639750682,1.3339016170194316)
 (-0.23833905047922865,-0.1475298879375222)
 (-0.034527472547902588,0.13513917891948149)
 (0.78338228789001674,0.097147334696932763)
 (-1.5496876876180887,0.53119781894479068)
 (-0.93601268796943204,1.2877614244192699)
 (-0.55742239433704233,0.4315563120525201)
 (-0.85381319190049854,0.49328126800481181)
 (-1.3642280400945621,0.30648532086159036)
 (1.6069089985636018,-0.45280941174657185)
 (0.18421521121964848,0.36892248171955838)
 (-0.012310417301640873,-0.0069535064108182682)
 (-0.69694278106057839,0.066347648132345394)
 (0.48550262632807739,-0.36376771670077801)
 (-0.092438577763122073,0.24588706545171446)
 (-1.4235052434117992,0.31971337079233869)
 (-1.1926070736551255,-0.66755202525221358)
 (-0.69755198149887199,-0.073388429487644874)
 (0.15047182774220422,0.11997867173450447)
 (-0.85154323832522327,0.047414362192648357)
 (0.44922081995853791,0.11718752525350087)
 (0.15321886601027568,-0.039718862895176288)
 (-0.53106892775204106,-0.00021022963752101442)
 (-0.071502824619967376,-0.81472680571672151)
 (0.40739641223093676,0.5994310266636167)
 (0.62757174704389862,-0.75259806752159131)
 (0.55041167681793046,0.44557881425566281)
 (0.19718496724753648,0.33706838214853474)
 (0.73005817365198733,-0.25816731132025766)
 (0.082276508744265175,-0.66058568609076795)
 (-0.39936204507240536,2.6629767089076095)
 (0.07622157687781192,-0.66376996154433698)
 (0.0088378503467796687,-0.46986604063960924)
 (0.84390987449616495,-0.25182024969816102)
 (0.30448963798895029,0.3737476421945608)
 (-0.039537221180113567,0.038206709395976285)
 (0.050441293968499806,0.25559272385131271)
 (-1.583189324957101,0.50781974991045664)
 (0.78635095434880464,0.6827090469558672)
 (1.4345604661059044,-0.16150150075401876)
 (0.1148466869209388,-1.6446855980679405)
 (0.72581005443521696,0.79564351431415337)
 (-0.14657365539717293,-1.0193395383376218)
 (-0.19806200445699157,-0.78212592994935304)
 (-0.45410819456275309,-0.96080989582483045)
 (1.3038892342210091,-0.24690360100242331)
 (1.068810418303449,-0.83499593609336542)
 (0.025663354270324595,-0.83129892043415976)
 (-0.085442804489077206,-0.90298100029539596)
 (0.20517496320340944,0.28008591791671833)
 (-1.1135649059934227,0.86986615471475992)
 (-1.6707532067896318,-1.3955240808632063)
 (-0.56765272977603065,-1.0094404837511721)
 (-0.27689696322555879,-0.91509673532177049)
 (0.38471913367381672,0.00063715230520106081)
 (-0.28371736406539588,-0.61358007768444767)
 (0.38330138611266151,-0.073408146539122004)
 (0.82515804393469827,-0.08964521720417834)
 (-0.46251250990789533,-0.994681869087509)
 (0.51717553393660587,-0.21813166723495622)
 (0.33931239944628744,-0.1116320823485594)
 (1.2244277222229558,-1.6762685227815073)
 (0.39778007083498113,0.39104419869023349)
 (-0.036069583441864617,-1.1576404786510386)
 (-0.57432194037477213,-0.12824911563903549)
 (-0.55634763029614742,-1.3532319341687837)
 (0.12976408563081149,-0.62245049487825632)
 (0.18560100001046542,-1.2711327789997275)
 (0.1595605925255793,0.88822042947262636)
 (-0.077503691019244786,-0.25594871156025312)
 (0.81894690468423492,0.53102114888359808)
 (0.25929858644473847,0.039864895652185997)
 (0.85423324178330051,-0.34602212949578132)
 (0.14912742787511019,0.040986817678093736)
 (0.29458351627627788,2.1945490241743548)
 (0.83353657999728836,1.0285888162977961)
 (0.36065670438214914,1.2781747023445382)
 (-0.77297469004564723,-1.0178249788950184)
 (-0.058831674112282226,0.26634422300330618)
 (-0.50959003090310473,-0.37241041925246587)
 (-0.58435154878125406,-0.19292244540631773)
 (-0.50817852742357827,0.34315707380777871)
 (-1.6140984003741439,1.4502684217732134)
 (-0.75448439826934632,0.023408974276395322)
 (-0.19875095125316969,0.38924511090954605)
 (-1.2767874892236004,-0.49151376063467411)
 (0.10097066131565291,-0.69521338625984164)
 (1.5291998597832379,0.27440477211218711)
 (-0.062625956814168188,0.17973487290429283)
 (0.35015698425928526,0.014124563508066734)
 (-0.22772085791565672,-0.73761026712805389)
 (1.3625298034724043,-2.4813150590000106)
 (0.41130367704990661,0.48810030128950704)
 (2.5969482224191376,-0.47747004654924541)
 (0.32777520907264163,0.086980273562046614)
 (0.017319205754604973,0.067007328368516875)
 (-0.35424023168853092,1.1017954376280452)
 (-0.61559009882650617,0.21059093566106529)
 (0.16354885532450003,-0.15818213005304199)
 (-2.5089988736205648,-1.5093443250648761)
 (0.99988817196950763,-0.13372949928494837)
 (-0.52598021122640681,-0.74499367626889057)
 (0.16061732678742752,-0.4216017333229386)
 (-0.043120193182000235,0.40789068903838194)
 (-1.2341081996930576,0.023636650245620117)
 (-0.25716284407536066,-0.31365975939498852)
 (-0.44951895453993729,-0.53217433419756965)
 (0.039163763521344749,-0.24042872481125682)
 (-1.4776310457750612,-1.7609896420902533)
