# Created by Octave 8.4.0, Thu Dec 11 09:47:21 2025 IST <gamana@Samsung>
# name: clean
# type: complex matrix
# rows: 2048
# columns: 1
 (-0.31555055207373861,0.31555055207373861)
 (0.94665165622121594,0.31555055207373861)
 (0.94665165622121594,-0.31555055207373861)
 (0.31555055207373861,0.31555055207373861)
 (0.94665165622121594,0.31555055207373861)
 (-0.94665165622121594,0.94665165622121594)
 (0.94665165622121594,0.94665165622121594)
 (0.94665165622121594,0.94665165622121594)
 (-0.94665165622121594,-0.31555055207373861)
 (0.31555055207373861,0.94665165622121594)
 (-0.31555055207373861,0.94665165622121594)
 (0.31555055207373861,-0.94665165622121594)
 (-0.31555055207373861,-0.94665165622121594)
 (-0.94665165622121594,0.94665165622121594)
 (0.31555055207373861,-0.94665165622121594)
 (0.31555055207373861,-0.94665165622121594)
 (0.31555055207373861,-0.94665165622121594)
 (-0.94665165622121594,-0.31555055207373861)
 (-0.94665165622121594,0.94665165622121594)
 (0.94665165622121594,0.94665165622121594)
 (0.31555055207373861,0.94665165622121594)
 (-0.94665165622121594,-0.94665165622121594)
 (0.94665165622121594,0.94665165622121594)
 (0.31555055207373861,0.94665165622121594)
 (0.94665165622121594,-0.94665165622121594)
 (-0.94665165622121594,0.94665165622121594)
 (0.31555055207373861,-0.31555055207373861)
 (0.31555055207373861,-0.94665165622121594)
 (0.31555055207373861,-0.31555055207373861)
 (-0.94665165622121594,0.94665165622121594)
 (-0.31555055207373861,-0.31555055207373861)
 (0.94665165622121594,0.94665165622121594)
 (-0.94665165622121594,-0.31555055207373861)
 (-0.31555055207373861,-0.31555055207373861)
 (-0.31555055207373861,0.94665165622121594)
 (0.31555055207373861,0.31555055207373861)
 (-0.31555055207373861,-0.31555055207373861)
 (0.94665165622121594,-0.31555055207373861)
 (-0.31555055207373861,-0.94665165622121594)
 (0.31555055207373861,-0.31555055207373861)
 (-0.31555055207373861,-0.31555055207373861)
 (0.94665165622121594,-0.94665165622121594)
 (0.31555055207373861,-0.94665165622121594)
 (-0.31555055207373861,0.31555055207373861)
 (-0.31555055207373861,0.31555055207373861)
 (-0.94665165622121594,0.94665165622121594)
 (-0.94665165622121594,0.94665165622121594)
 (-0.94665165622121594,-0.94665165622121594)
 (0.94665165622121594,0.31555055207373861)
 (-0.94665165622121594,0.31555055207373861)
 (-0.31555055207373861,-0.31555055207373861)
 (0.94665165622121594,0.31555055207373861)
 (0.31555055207373861,-0.94665165622121594)
 (-0.94665165622121594,-0.94665165622121594)
 (-0.94665165622121594,-0.94665165622121594)
 (-0.94665165622121594,-0.31555055207373861)
 (-0.31555055207373861,0.94665165622121594)
 (0.94665165622121594,0.94665165622121594)
 (0.31555055207373861,0.31555055207373861)
 (-0.94665165622121594,-0.31555055207373861)
 (-0.31555055207373861,-0.94665165622121594)
 (0.31555055207373861,0.31555055207373861)
 (-0.31555055207373861,-0.94665165622121594)
 (0.31555055207373861,0.94665165622121594)
 (0.94665165622121594,-0.31555055207373861)
 (0.94665165622121594,0.94665165622121594)
 (-0.31555055207373861,-0.94665165622121594)
 (0.31555055207373861,0.94665165622121594)
 (0.31555055207373861,-0.31555055207373861)
 (-0.31555055207373861,-0.31555055207373861)
 (-0.94665165622121594,0.31555055207373861)
 (0.31555055207373861,0.31555055207373861)
 (0.31555055207373861,0.31555055207373861)
 (0.94665165622121594,-0.94665165622121594)
 (-0.94665165622121594,0.31555055207373861)
 (0.31555055207373861,-0.94665165622121594)
 (-0.31555055207373861,0.94665165622121594)
 (0.31555055207373861,-0.94665165622121594)
 (0.31555055207373861,-0.94665165622121594)
 (-0.31555055207373861,-0.31555055207373861)
 (0.31555055207373861,0.31555055207373861)
 (0.31555055207373861,0.31555055207373861)
 (0.31555055207373861,0.94665165622121594)
 (-0.31555055207373861,-0.94665165622121594)
 (-0.31555055207373861,-0.31555055207373861)
 (0.94665165622121594,0.94665165622121594)
 (0.94665165622121594,0.31555055207373861)
 (0.31555055207373861,-0.94665165622121594)
 (-0.94665165622121594,-0.94665165622121594)
 (0.94665165622121594,-0.94665165622121594)
 (0.94665165622121594,-0.31555055207373861)
 (-0.31555055207373861,0.31555055207373861)
 (0.31555055207373861,-0.31555055207373861)
 (0.94665165622121594,0.31555055207373861)
 (-0.94665165622121594,-0.31555055207373861)
 (-0.31555055207373861,0.94665165622121594)
 (0.31555055207373861,-0.94665165622121594)
 (-0.94665165622121594,-0.31555055207373861)
 (-0.31555055207373861,0.31555055207373861)
 (-0.31555055207373861,-0.94665165622121594)
 (0.31555055207373861,-0.94665165622121594)
 (0.31555055207373861,0.31555055207373861)
 (-0.31555055207373861,-0.94665165622121594)
 (0.31555055207373861,0.94665165622121594)
 (-0.94665165622121594,-0.31555055207373861)
 (-0.94665165622121594,-0.94665165622121594)
 (-0.31555055207373861,-0.31555055207373861)
 (-0.31555055207373861,0.31555055207373861)
 (-0.31555055207373861,-0.31555055207373861)
 (0.94665165622121594,-0.94665165622121594)
 (0.31555055207373861,-0.31555055207373861)
 (-0.31555055207373861,-0.94665165622121594)
 (-0.31555055207373861,0.94665165622121594)
 (0.94665165622121594,-0.31555055207373861)
 (0.31555055207373861,0.31555055207373861)
 (0.31555055207373861,-0.94665165622121594)
 (-0.94665165622121594,-0.94665165622121594)
 (0.94665165622121594,0.94665165622121594)
 (-0.31555055207373861,0.94665165622121594)
 (0.94665165622121594,-0.31555055207373861)
 (-0.94665165622121594,-0.31555055207373861)
 (-0.31555055207373861,-0.31555055207373861)
 (-0.94665165622121594,0.31555055207373861)
 (-0.31555055207373861,-0.94665165622121594)
 (0.94665165622121594,-0.94665165622121594)
 (0.31555055207373861,0.31555055207373861)
 (0.94665165622121594,0.31555055207373861)
 (0.31555055207373861,0.31555055207373861)
 (0.94665165622121594,0.94665165622121594)
 (-0.31555055207373861,0.94665165622121594)
 (-0.31555055207373861,-0.94665165622121594)
 (-0.31555055207373861,-0.31555055207373861)
 (-0.94665165622121594,-0.94665165622121594)
 (0.94665165622121594,0.31555055207373861)
 (0.31555055207373861,0.94665165622121594)
 (0.94665165622121594,0.31555055207373861)
 (-0.31555055207373861,-0.94665165622121594)
 (-0.94665165622121594,0.94665165622121594)
 (0.94665165622121594,-0.94665165622121594)
 (0.31555055207373861,0.94665165622121594)
 (0.31555055207373861,0.31555055207373861)
 (-0.31555055207373861,-0.94665165622121594)
 (-0.31555055207373861,0.31555055207373861)
 (0.94665165622121594,-0.94665165622121594)
 (-0.31555055207373861,0.31555055207373861)
 (0.31555055207373861,0.94665165622121594)
 (-0.31555055207373861,-0.94665165622121594)
 (0.94665165622121594,-0.94665165622121594)
 (-0.94665165622121594,0.31555055207373861)
 (0.31555055207373861,-0.94665165622121594)
 (0.94665165622121594,-0.31555055207373861)
 (-0.31555055207373861,0.31555055207373861)
 (0.31555055207373861,-0.94665165622121594)
 (0.31555055207373861,0.31555055207373861)
 (-0.31555055207373861,-0.31555055207373861)
 (0.31555055207373861,-0.94665165622121594)
 (0.94665165622121594,0.31555055207373861)
 (-0.94665165622121594,-0.94665165622121594)
 (0.94665165622121594,0.94665165622121594)
 (0.94665165622121594,-0.94665165622121594)
 (-0.31555055207373861,0.94665165622121594)
 (0.31555055207373861,0.31555055207373861)
 (-0.94665165622121594,-0.31555055207373861)
 (0.31555055207373861,-0.31555055207373861)
 (-0.31555055207373861,0.94665165622121594)
 (0.94665165622121594,0.31555055207373861)
 (-0.31555055207373861,0.94665165622121594)
 (0.31555055207373861,-0.94665165622121594)
 (-0.94665165622121594,0.31555055207373861)
 (0.31555055207373861,0.94665165622121594)
 (-0.94665165622121594,0.94665165622121594)
 (-0.94665165622121594,-0.31555055207373861)
 (0.31555055207373861,0.31555055207373861)
 (0.94665165622121594,0.31555055207373861)
 (-0.94665165622121594,-0.94665165622121594)
 (-0.31555055207373861,-0.31555055207373861)
 (0.94665165622121594,0.31555055207373861)
 (-0.31555055207373861,-0.94665165622121594)
