# Created by Octave 8.4.0, Thu Dec 11 09:47:22 2025 IST <gamana@Samsung>
# name: rician
# type: complex matrix
# rows: 2048
# columns: 1
 (-0.14513079721180205,1.4104821080239054)
 (-0.28351992760666367,1.0204772358417065)
 (-0.01951340988273953,0.89533225236273839)
 (0.36046901751802185,-0.61677357034042923)
 (-0.23287373036873427,-0.28733754010980639)
 (0.58242331841637174,-0.87302102753758815)
 (-0.65943192257280414,0.55592813996806867)
 (-0.57098212487873745,-1.2400378383113722)
 (-0.23824325939833227,0.24407866716634322)
 (-0.39152274081258709,-1.2557355740427592)
 (0.54601039560661169,0.81649896844773828)
 (-0.26273083402738284,-0.21999319267338804)
 (-0.48644789482773521,0.22460674112041376)
 (-1.7723985612286195,0.80597367809356546)
 (0.034089015628521846,0.27235106400733777)
 (1.8175853418470149,0.6550941415035606)
 (0.18226026866088701,-0.4231544588010181)
 (0.58165942922641345,-0.03238589462373076)
 (0.10832957606638094,0.96302684920060599)
 (-0.71407631981270669,-0.23328299364249935)
 (-1.0022714954008907,-1.1333012641840732)
 (1.3214087776365842,-0.99909744679493973)
 (-0.6183620429785599,-0.42799143723600097)
 (0.24063839591262529,0.19583191649196521)
 (-1.2111696471098379,-0.17847064146308472)
 (0.13771813846776804,-0.36893326126289472)
 (0.72238759749875758,-0.90970887231463082)
 (-0.19487371312832108,1.0055044647955518)
 (0.2827946833399374,-0.41708172539879418)
 (0.89822169348349157,0.62093646220607757)
 (-0.19690677982380739,-0.47927369655976265)
 (0.75987363788317674,-0.49643512217599789)
 (-0.29413057040574503,1.0221162021556633)
 (1.1477457615142548,-0.55395178957244118)
 (1.2113039604649449,-0.02803081565302884)
 (0.71648205666518616,0.4254792861596689)
 (-0.61900294918582555,-0.10810434728478588)
 (-0.60559341624012863,0.8128350008677605)
 (0.10335024782263524,0.97325872726038376)
 (0.49025901069971684,-0.82392874681676243)
 (0.069880490503962445,0.0020810896409050941)
 (0.12350628109641849,-0.32831297669195508)
 (-1.6819126460573446,-0.80175641257738917)
 (-0.67600541019301597,0.23514018640188319)
 (1.167808495846909,1.3615263810291458)
 (-0.41947292578259149,-1.7015229143726169)
 (0.11537893894652032,-0.14029004480499538)
 (-0.33062492016418227,-0.19211472864723339)
 (-1.7514774287064265,1.5086989115258886)
 (-0.54418989190410694,0.41432106742403596)
 (0.046597940793279419,-0.30660610086421181)
 (-0.041132978167745124,-0.27403532715814694)
 (-0.8284882506085971,0.16210217794995074)
 (-0.27156178882929105,0.09473740603238244)
 (0.19952471143124972,0.72355050855705638)
 (1.1314912557953234,-0.57428308361869473)
 (0.189606793372113,0.41455023548583009)
 (-1.3369001863519616,0.48919422016285585)
 (-0.29860176018364309,0.91754172674093737)
 (-0.79151822482533751,-0.90779534416812668)
 (0.43814074568847694,0.93888122827224452)
 (0.070139689983715697,-0.092106463390959695)
 (-0.46225852857740696,-0.67170718389634132)
 (-0.32196275878992969,-0.049052139689560792)
 (-0.29355650312404202,0.57769798494074398)
 (0.36997047188528881,0.35028641191081461)
 (-0.16164034930043783,0.82521032067651334)
 (-0.38060399853022159,-0.56989440402497615)
 (0.46232778055795437,-0.29362514715427018)
 (0.025533792273048361,-1.0857247895244602)
 (-0.27776429773427719,0.54242090428798329)
 (-0.041013207706291993,-0.58535740919888701)
 (-0.31087004517528849,0.98331224457588107)
 (0.91698467135319595,0.46255583099375286)
 (-0.2134661497322479,-1.2050114754156178)
 (0.96852545738590845,-0.073135987748032427)
 (-0.12433816751476102,-0.14541094456279038)
 (-0.32252273681180987,0.15989952636637636)
 (-0.32626112425349851,0.51541839238447096)
 (-0.97875168319639494,-0.060277275702406818)
 (0.80240828137390352,0.63469834775525757)
 (-1.2763201892931739,-1.2529915529444675)
 (-0.21958996628185706,0.29325547297450677)
 (0.82776916852381333,0.19413837224838348)
 (1.3727851273308733,0.82782239035661287)
 (-0.347711894996661,0.03010480244932065)
 (0.67728921328028879,-0.73678924718675898)
 (0.62777646001912091,-0.56134010196097239)
 (0.32475138139698445,-0.86769355234098988)
 (-0.49648144004470612,1.2179190205113573)
 (0.033548959588335647,-0.96254787448128876)
 (-0.79382338451702883,-0.75095678517210884)
 (0.44442223055974983,-0.069061076060776147)
 (0.40077960134443552,0.054138586798835708)
 (0.69949394843981993,-0.28871175288485018)
 (-0.024841990289548817,0.047349481008867218)
 (-1.8262594399268104,0.055139424928288494)
 (-0.31431979988837455,-1.979777669987127)
 (0.93231252600738956,0.47600559962783889)
 (-0.82524570593999647,-0.36861690254473994)
 (-1.376347311822439,-0.41788396248352278)
 (-0.64521430706390326,0.042417237205973291)
 (-0.71280739107790403,-0.90035859293477127)
 (0.61358802982122163,-0.05031176383625946)
 (-0.2015225711061811,0.13665862401613377)
 (-0.40833251828161155,-0.33198635013783523)
 (0.35636557755068832,-0.30584817054619817)
 (-0.33060790085942132,-1.4317900480706238)
 (0.82937528859602538,-0.20864147000044669)
 (-0.5268169218084352,-0.10711946691069552)
 (-0.77877336100623751,-1.2213935951166244)
 (0.85688152190123124,-0.67414633568932625)
 (0.75377370291219004,-0.36619189636250532)
 (-0.16121590636866051,-0.84461665184795875)
 (0.63644170447183657,-1.497849877196991)
 (-0.42562627429870509,1.0582973439484513)
 (0.34749753127783334,1.2030683848679571)
 (-0.31067175118498802,-0.64213652909790897)
 (-0.20342795932424018,-0.27482046385730757)
 (-1.3605944189284203,0.0091697495757184777)
 (-0.13353021236795984,-0.43178495466552036)
 (-0.40636147932266137,-0.22754340251466626)
 (-0.839484619530797,0.78348115370223947)
 (0.91950270990685545,-1.1814204804262096)
 (0.6615163509034705,-0.75641643636770772)
 (-0.3067476842152384,-1.0718294203819341)
 (-0.90296505693168128,-0.38099450496065523)
 (0.59995268583663885,0.09363914915202956)
 (0.065027479081647604,0.75007167092238036)
 (-0.22609082853401702,0.82208353242114685)
 (-0.023168935887341344,0.073360959177899976)
 (1.3601404436210607,0.23752430678202807)
 (-0.40945558108949898,0.66037442861382201)
 (0.33461429049995317,0.089458325844724768)
 (-1.3555386441752417,-1.1241525017067588)
 (-1.4790858750870222,1.0494134078542483)
 (1.0510906557270581,0.55164308111855032)
 (1.0402651354318304,0.58261476204430107)
 (-0.053615965323755344,0.59303234622063994)
 (0.67794258868838575,0.41756781509588636)
 (-1.2028652216925253,1.3773457886711604)
 (0.42280878889918994,0.17700167298125458)
 (0.22065158185202263,0.24556281200267807)
 (-0.1402140450993517,-0.28985538389468318)
 (-0.41295324508137587,1.4334377507346518)
 (-1.4241902116711098,-0.11980004962948437)
 (0.59109850757295912,-0.24995932078178215)
 (0.58847650220730019,0.39851024563914633)
 (0.60599020963364647,-0.71018834750664173)
 (0.64381123145304364,-0.95766772357722407)
 (0.5193156471259418,-0.14608776860842473)
 (-0.25731289832872239,-0.23666744985754404)
 (-0.51122635118131132,0.25997718154236604)
 (-0.62550101357366183,-0.34581365915325496)
 (-1.6860066557996234,0.88279386908568025)
 (-1.3243952133195882,0.62418427702716583)
 (-0.99675840852220809,0.25132891982909283)
 (-0.88054610389099719,-1.0305825323066296)
 (0.46560320118982945,0.16980152124652639)
 (0.81397042438337264,0.60847651203212094)
 (-0.27123318110968969,0.19485773639262921)
 (0.065855134530632631,0.30219095486368741)
 (0.13423058416550523,0.40926505572011818)
 (0.69394551457704967,0.048529112656278683)
 (0.44113256953887525,0.34706162775706384)
 (0.45302516344562738,-0.29004215578805637)
 (0.47087042020877795,0.41940016107493039)
 (0.34624550534093879,-0.60959330393756661)
 (-0.17977868233024075,-0.44164262245783042)
 (-0.50644332765364841,-0.0079635826458471226)
 (-0.086738514558181184,0.91202456703622836)
 (-0.78680966288704102,0.21240253430620437)
 (0.1929865237803132,-0.44551992498168236)
 (1.1730218876354217,0.91796399646232474)
 (-0.46420361558003992,0.2036794719728709)
 (0.23947992091806508,-0.5056951593439889)
 (0.9282306671369589,-0.77368247230911025)
 (-1.272190851574416,1.401387773778024)
 (-0.94174801292197241,-0.13066445045807645)
