# Created by Octave 8.4.0, Thu Dec 11 09:47:21 2025 IST <gamana@Samsung>
# name: clean
# type: complex matrix
# rows: 2048
# columns: 1
 (0.94499907714978926,0.94499907714978926)
 (0.94499907714978926,-0.31499969238326309)
 (-0.31499969238326309,0.94499907714978926)
 (0.94499907714978926,-0.31499969238326309)
 (0.94499907714978926,-0.31499969238326309)
 (-0.94499907714978926,0.94499907714978926)
 (0.31499969238326309,0.31499969238326309)
 (0.94499907714978926,-0.31499969238326309)
 (-0.94499907714978926,-0.31499969238326309)
 (-0.31499969238326309,0.31499969238326309)
 (0.94499907714978926,0.94499907714978926)
 (0.31499969238326309,0.31499969238326309)
 (-0.31499969238326309,-0.94499907714978926)
 (0.31499969238326309,0.31499969238326309)
 (0.31499969238326309,0.31499969238326309)
 (-0.31499969238326309,0.31499969238326309)
 (-0.94499907714978926,0.94499907714978926)
 (0.31499969238326309,0.31499969238326309)
 (0.31499969238326309,0.31499969238326309)
 (0.94499907714978926,0.31499969238326309)
 (-0.94499907714978926,0.31499969238326309)
 (0.31499969238326309,0.31499969238326309)
 (-0.31499969238326309,0.94499907714978926)
 (0.31499969238326309,-0.31499969238326309)
 (-0.31499969238326309,0.94499907714978926)
 (-0.31499969238326309,0.31499969238326309)
 (-0.94499907714978926,-0.94499907714978926)
 (-0.94499907714978926,0.31499969238326309)
 (0.31499969238326309,0.31499969238326309)
 (0.94499907714978926,0.31499969238326309)
 (-0.31499969238326309,-0.94499907714978926)
 (0.31499969238326309,0.94499907714978926)
 (-0.94499907714978926,0.94499907714978926)
 (-0.94499907714978926,0.94499907714978926)
 (0.94499907714978926,-0.31499969238326309)
 (0.94499907714978926,0.31499969238326309)
 (-0.94499907714978926,-0.31499969238326309)
 (-0.31499969238326309,-0.94499907714978926)
 (-0.94499907714978926,0.94499907714978926)
 (0.94499907714978926,0.31499969238326309)
 (-0.94499907714978926,-0.31499969238326309)
 (0.94499907714978926,0.31499969238326309)
 (-0.94499907714978926,-0.94499907714978926)
 (0.31499969238326309,-0.31499969238326309)
 (0.31499969238326309,0.31499969238326309)
 (-0.31499969238326309,0.31499969238326309)
 (0.31499969238326309,0.31499969238326309)
 (0.31499969238326309,-0.94499907714978926)
 (-0.94499907714978926,-0.94499907714978926)
 (-0.94499907714978926,-0.31499969238326309)
 (-0.94499907714978926,-0.94499907714978926)
 (-0.94499907714978926,0.94499907714978926)
 (-0.94499907714978926,0.94499907714978926)
 (0.31499969238326309,-0.31499969238326309)
 (-0.31499969238326309,0.31499969238326309)
 (-0.31499969238326309,0.31499969238326309)
 (0.94499907714978926,-0.31499969238326309)
 (-0.94499907714978926,0.94499907714978926)
 (-0.31499969238326309,-0.94499907714978926)
 (-0.94499907714978926,-0.94499907714978926)
 (0.94499907714978926,0.94499907714978926)
 (0.94499907714978926,-0.94499907714978926)
 (-0.94499907714978926,-0.31499969238326309)
 (-0.94499907714978926,-0.31499969238326309)
 (0.31499969238326309,0.94499907714978926)
 (0.94499907714978926,-0.31499969238326309)
 (0.94499907714978926,-0.94499907714978926)
 (0.31499969238326309,0.94499907714978926)
 (0.94499907714978926,0.94499907714978926)
 (-0.94499907714978926,-0.31499969238326309)
 (0.94499907714978926,0.94499907714978926)
 (0.31499969238326309,0.31499969238326309)
 (-0.94499907714978926,-0.31499969238326309)
 (0.94499907714978926,-0.94499907714978926)
 (0.31499969238326309,0.94499907714978926)
 (0.94499907714978926,0.94499907714978926)
 (-0.94499907714978926,-0.94499907714978926)
 (-0.31499969238326309,-0.31499969238326309)
 (0.94499907714978926,0.94499907714978926)
 (-0.94499907714978926,0.31499969238326309)
 (-0.31499969238326309,0.94499907714978926)
 (0.94499907714978926,-0.94499907714978926)
 (0.94499907714978926,-0.94499907714978926)
 (-0.31499969238326309,0.94499907714978926)
 (0.94499907714978926,0.94499907714978926)
 (-0.31499969238326309,-0.31499969238326309)
 (-0.94499907714978926,0.31499969238326309)
 (0.94499907714978926,-0.94499907714978926)
 (0.31499969238326309,0.94499907714978926)
 (0.94499907714978926,-0.94499907714978926)
 (0.31499969238326309,0.94499907714978926)
 (-0.94499907714978926,0.94499907714978926)
 (-0.31499969238326309,0.94499907714978926)
 (0.31499969238326309,-0.31499969238326309)
 (-0.31499969238326309,0.31499969238326309)
 (-0.31499969238326309,0.31499969238326309)
 (0.94499907714978926,-0.94499907714978926)
 (-0.31499969238326309,0.94499907714978926)
 (0.31499969238326309,-0.31499969238326309)
 (0.31499969238326309,0.94499907714978926)
 (0.94499907714978926,0.31499969238326309)
 (0.94499907714978926,-0.31499969238326309)
 (0.31499969238326309,0.31499969238326309)
 (-0.94499907714978926,0.94499907714978926)
 (0.31499969238326309,0.94499907714978926)
 (0.31499969238326309,-0.31499969238326309)
 (-0.94499907714978926,0.31499969238326309)
 (-0.94499907714978926,-0.94499907714978926)
 (0.94499907714978926,0.94499907714978926)
 (0.31499969238326309,-0.94499907714978926)
 (-0.31499969238326309,0.94499907714978926)
 (-0.94499907714978926,-0.31499969238326309)
 (-0.31499969238326309,-0.31499969238326309)
 (-0.31499969238326309,0.94499907714978926)
 (0.31499969238326309,0.31499969238326309)
 (-0.31499969238326309,0.94499907714978926)
 (0.31499969238326309,0.31499969238326309)
 (-0.31499969238326309,0.94499907714978926)
 (-0.94499907714978926,-0.31499969238326309)
 (0.94499907714978926,-0.31499969238326309)
 (-0.94499907714978926,0.31499969238326309)
 (-0.31499969238326309,0.31499969238326309)
 (-0.94499907714978926,-0.94499907714978926)
 (0.94499907714978926,0.31499969238326309)
 (-0.94499907714978926,-0.31499969238326309)
 (0.31499969238326309,0.31499969238326309)
 (-0.94499907714978926,-0.94499907714978926)
 (0.94499907714978926,-0.94499907714978926)
 (-0.94499907714978926,-0.94499907714978926)
 (-0.94499907714978926,-0.31499969238326309)
 (0.94499907714978926,-0.31499969238326309)
 (-0.31499969238326309,0.94499907714978926)
 (0.31499969238326309,-0.31499969238326309)
 (0.31499969238326309,-0.94499907714978926)
 (-0.31499969238326309,-0.94499907714978926)
 (-0.31499969238326309,0.94499907714978926)
 (0.94499907714978926,-0.31499969238326309)
 (-0.94499907714978926,0.94499907714978926)
 (0.31499969238326309,0.31499969238326309)
 (0.31499969238326309,0.94499907714978926)
 (0.94499907714978926,-0.31499969238326309)
 (-0.31499969238326309,0.94499907714978926)
 (0.31499969238326309,-0.31499969238326309)
 (0.94499907714978926,-0.31499969238326309)
 (-0.31499969238326309,0.31499969238326309)
 (-0.94499907714978926,-0.31499969238326309)
 (-0.31499969238326309,0.31499969238326309)
 (0.94499907714978926,0.94499907714978926)
 (0.31499969238326309,-0.94499907714978926)
 (0.31499969238326309,-0.31499969238326309)
 (0.94499907714978926,0.31499969238326309)
 (0.31499969238326309,0.94499907714978926)
 (0.31499969238326309,0.94499907714978926)
 (-0.31499969238326309,0.31499969238326309)
 (-0.94499907714978926,0.94499907714978926)
 (0.31499969238326309,-0.31499969238326309)
 (0.94499907714978926,-0.31499969238326309)
 (-0.94499907714978926,0.94499907714978926)
 (0.94499907714978926,-0.31499969238326309)
 (0.94499907714978926,-0.94499907714978926)
 (-0.31499969238326309,0.31499969238326309)
 (-0.31499969238326309,0.94499907714978926)
 (0.31499969238326309,0.94499907714978926)
 (0.94499907714978926,0.31499969238326309)
 (0.94499907714978926,0.31499969238326309)
 (0.94499907714978926,-0.31499969238326309)
 (-0.31499969238326309,0.94499907714978926)
 (-0.94499907714978926,-0.31499969238326309)
 (-0.94499907714978926,-0.31499969238326309)
 (-0.94499907714978926,0.31499969238326309)
 (-0.94499907714978926,0.31499969238326309)
 (0.31499969238326309,0.94499907714978926)
 (0.94499907714978926,0.31499969238326309)
 (-0.94499907714978926,-0.94499907714978926)
 (0.94499907714978926,-0.94499907714978926)
 (-0.31499969238326309,-0.31499969238326309)
 (0.94499907714978926,0.94499907714978926)
 (0.94499907714978926,0.31499969238326309)
 (0.94499907714978926,-0.94499907714978926)
