# Created by Octave 8.4.0, Thu Dec 11 09:47:22 2025 IST <gamana@Samsung>
# name: rician
# type: complex matrix
# rows: 2048
# columns: 1
 (0.98826828617550966,0.18693898480379173)
 (0.51303854742854282,-0.042921078223729078)
 (-0.35598296206266772,-1.2390353320534675)
 (0.39665790691078046,0.32631175876948354)
 (-0.79612940301414414,-0.47419028780915951)
 (-0.29773890780297169,1.5093903396828732)
 (1.0136167187950496,-0.6083638779252607)
 (-0.21632072982542155,-1.3245692794461701)
 (0.83374694066212851,-0.18907910432901948)
 (0.99518771890276492,0.668537742779309)
 (-0.23407629513065709,0.35358138863281413)
 (-0.3861067802426818,0.19529641134839421)
 (-1.3178064170525643,-0.28362471658972205)
 (1.2327548059776101,-0.74324656420820667)
 (0.059360076310870105,0.16048391152610242)
 (0.20293037405441394,0.81812096768450138)
 (-0.13683849688049676,1.0310021999109609)
 (-0.012054025493730303,0.15392271143580621)
 (-0.40609608325187396,0.8175155476093533)
 (0.18924132457995715,-0.76404035142848692)
 (0.77015850768546712,1.2757061570460229)
 (1.1104428349091986,-0.67469253050723887)
 (0.83944085458131235,-0.84345210666543102)
 (0.41113019215951752,0.19472221189483041)
 (-0.65596800824499757,-0.54070385354797856)
 (-0.47298255471304479,0.12686165144449685)
 (-0.77425099135954145,-1.0717542270671392)
 (-0.2809514447935087,0.33094166513678686)
 (0.35787418222680223,-0.47913761398839838)
 (0.89324018062241017,-0.9586823242289535)
 (0.69954881881588094,-1.1777866393078602)
 (0.19779423381061506,-0.5758173641259634)
 (0.92260392174854389,0.9058296796950599)
 (-0.090534389622132838,0.11732475716916313)
 (-0.45201289060758221,-0.97322536649330216)
 (-0.078179325794804244,-1.1043638345335005)
 (0.27509678389119124,-0.26705673224785137)
 (-0.055781640783139796,-1.110579064813124)
 (-1.3263602579724985,-0.31936435707707034)
 (-0.27964267214347494,-0.51333044655478188)
 (0.65463150133383186,-0.17398135014030425)
 (0.75307016203307842,-0.40486932883166421)
 (-0.3621898320029438,0.10549917589175278)
 (-0.45239727846833089,-0.45982489714480002)
 (-0.2742623792470566,0.0029482301719868098)
 (-0.28332343148023742,-0.24673853881549504)
 (0.19951453750387024,0.56399795193174496)
 (-0.091568717042216877,-0.51426012615877625)
 (-1.0927068282959735,-0.60455275616014759)
 (0.1459512034382415,0.20904189296889894)
 (-0.46661805534452927,0.40588747038991302)
 (-0.74430621727215629,0.38998876612956213)
 (0.27542191315402342,-1.0710202441412904)
 (-0.29243460480100347,0.09647677273058046)
 (-0.23109396880511374,-0.40754770344765795)
 (0.43807127830656367,-0.39966799809401377)
 (1.4187715677076387,0.23586219755121152)
 (0.5130504736426359,-0.44351566011466481)
 (0.74636366087454853,0.64076014567290041)
 (-0.83612345731952875,0.50926081263135503)
 (-0.67003693989617064,-1.0889269877273584)
 (-0.37777672799862722,0.78541000583081577)
 (-0.37084467201511273,-0.31659350271143938)
 (0.35665749195771429,0.31535917935285879)
 (0.30096387778808631,-0.96502155462113626)
 (-0.06123604863129431,0.9612052699088014)
 (0.78393521353252904,-0.10245051981010384)
 (-1.0049694626878669,0.0067246808945067293)
 (0.75741625291513637,-0.14460909257708676)
 (-0.29992502487278216,-0.30568770489503083)
 (-1.2207671823654238,-0.018475090331399158)
 (0.64603323360101739,0.48984768543766488)
 (-1.4651520519014749,-0.88550241297735643)
 (-0.84058808403390417,0.75602004024858072)
 (-0.11302223903750225,0.11674886661498271)
 (1.1293011435931368,-0.18873425964848628)
 (-0.12046207508658599,-0.40371037103189478)
 (-0.95980311521271866,1.0561083033878538)
 (0.50239787173571937,-0.74016065880159188)
 (0.85712182102269108,-0.37929466154945285)
 (0.38540652688184679,-0.11814052746330078)
 (-0.75912447004567296,-1.3740247387185049)
 (-0.14302544921824811,0.34031191953572382)
 (-1.15859830151287,-0.28114170277212591)
 (-0.45469473735273985,-1.1391250809481266)
 (-0.95055433352324759,-1.2289578335662161)
 (-1.5690849559966136,0.63747468477441327)
 (0.34157570942280363,-1.0239081904049101)
 (-0.48393099734138578,-0.40196989026387248)
 (0.5117019625252377,-0.52068300147053104)
 (0.10153719537831171,0.34629650546266111)
 (0.23204565653509132,-0.62547545165323393)
 (-0.82199855918655862,-0.31622607206169928)
 (-0.47656120710613525,0.55842431637796586)
 (-0.715469648788293,-0.37554045351296383)
 (0.18642100895564845,0.35222742568077314)
 (0.8355959874376605,-0.15647374012562182)
 (-0.2285175642655011,-0.75771158130024396)
 (0.97200180092691568,0.68147051202896058)
 (0.55009032783997336,0.019518082289327415)
 (-1.2023132027682437,-0.030326632650982899)
 (-0.30184561538369759,-0.27603398823814795)
 (0.6880758695639978,-0.110747718141885)
 (-0.12411492641277608,-0.091443676895251291)
 (-1.062276985106777,0.074844307733200999)
 (-0.2085015515963512,-0.92768513435760847)
 (2.0006856955767285,-0.58585302737763523)
 (0.43179289229523887,-0.90344058730348642)
 (-0.62248850767499353,-0.41674772768629165)
 (0.027451762451030912,-0.21954063602197499)
 (0.60018710246754625,-0.90534054757533644)
 (-0.72297780600882822,-1.0780937810820497)
 (0.84610201769671223,-0.59140409691501628)
 (1.5796739649665863,0.11759791730106117)
 (-0.28110289014939721,0.22067365582396942)
 (0.13538741799780138,-0.39648482796342505)
 (1.3968951356747337,1.5777859611629068)
 (0.44156687293510483,0.40184466569191174)
 (0.71069480968510124,-0.62458480163524299)
 (-0.29584309299377398,-0.18085459095408146)
 (0.19658533803182288,0.56889086451047322)
 (1.1382930622637686,0.15330624058811484)
 (-0.18269479740198211,-0.19613734901701677)
 (-0.35019734445906603,0.61471127688191718)
 (-0.58582916462745427,-0.30844313884403102)
 (0.13166408744603164,1.0762227653233332)
 (-0.28622757621885148,0.62362091476930515)
 (-0.30601345174623629,0.24722290188083354)
 (0.17259979132817327,1.1106435826183274)
 (0.73217101151895125,0.024097094652169526)
 (-0.43809846687939807,0.25785722727636001)
 (-1.1606990888025459,1.9651229601482596)
 (0.77912959787949831,0.010983360637318335)
 (-0.13631645585210178,-0.44269465036699668)
 (-0.030374211004208285,-0.29674303823381393)
 (-0.19005784982043766,-0.64084462122743679)
 (0.31112275684397678,0.25503350582861023)
 (-0.27749720048100912,-0.33574979223228163)
 (0.80922614171830387,0.57065197528326517)
 (0.10637974310615084,-0.86097234263537903)
 (0.23069036835104989,0.46500067410289908)
 (0.61190649794507812,-0.097538661608146893)
 (0.62848359608080262,0.00030487418711694358)
 (0.57046641479196047,-0.29716822283845906)
 (0.72411665800825564,1.3702790841367822)
 (0.71647284552964619,1.1970072878582685)
 (-1.2702839444602934,-0.17027449207711737)
 (1.0137985124355957,1.0280255657937938)
 (0.1163493574712767,-0.83018897022837457)
 (0.21417283088467065,0.17962442486639418)
 (-0.20534726934600009,-0.30084918941406336)
 (0.89813558330436372,-0.043772500165130707)
 (-0.47693167183755303,-0.93652458491854329)
 (1.5186836108186501,-0.39229648035443054)
 (-1.1963079358677069,0.034930262427670167)
 (0.30443855597024971,-1.019692014057304)
 (0.17005425572424931,-0.4947076265486402)
 (-0.55453384516416016,-0.23067481474431223)
 (0.79528419831523101,-0.95162632331013952)
 (0.40985998002989221,-0.35864004381699621)
 (0.24449654680127991,0.36304434632254262)
 (1.5165955401639313,-0.64866202159022124)
 (-0.35447145135936131,0.17720594862851125)
 (-0.24045416752198034,-0.48214332510240854)
 (0.045605440174691536,-0.99483220308823084)
 (0.63468760792446,-0.59442288425489687)
 (0.85734501133385121,-0.34278900617856733)
 (0.018413855922537477,0.037943504021562727)
 (0.6023509895923379,0.19463799942806267)
 (0.48335664663339983,-0.30292890119696991)
 (0.80694769858411819,-0.18409971355683999)
 (0.85992342993262294,0.24115981551732305)
 (-0.28766380524600293,-0.22894017385374071)
 (0.16547811153823186,-0.18350681704736901)
 (-1.0103313411702539,0.2958069966640508)
 (0.7746078788359041,0.88079757623405075)
 (-0.7882031312484431,1.0338395309002084)
 (0.76968541912265453,-1.0181597054636682)
 (-0.010960395633949516,0.86610505991438902)
