# Created by Octave 8.4.0, Thu Dec 11 09:47:22 2025 IST <gamana@Samsung>
# name: awgn20
# type: complex matrix
# rows: 2048
# columns: 1
 (-0.44798571536810539,-0.36279640053932988)
 (-1.0067861857917992,-0.95284849259943216)
 (0.90578035158274706,0.90705168286032967)
 (0.95434194441034415,0.91381148325399253)
 (-0.9928971707598252,0.8761925124002371)
 (0.22549707301414409,-0.92235051562607495)
 (0.3061337199025691,-0.21595098467284835)
 (0.21155103534592445,0.89842666929451265)
 (0.93523978065911673,-0.2181425715340938)
 (0.97508459305562911,0.39155552404739252)
 (-1.0294531679162366,0.23571885063427317)
 (-0.97474412816171119,0.33920020214068924)
 (-0.25175439712126363,-0.30300214688089089)
 (-1.0918557392088326,1.0148383090927555)
 (0.92382493431310264,-0.43712468907004609)
 (0.39350759619835823,-0.90965168526521389)
 (0.28682359117776002,1.0044076669920317)
 (0.99471309993504997,-0.9999724688073357)
 (0.32228182999348415,0.93846375963497408)
 (1.0275215472564447,-0.24025334988470759)
 (0.88604179744783229,0.19625514780731301)
 (-0.28891247160039324,0.92192869061051452)
 (1.019841484097963,-0.99281296504755234)
 (-0.74421680312847049,-0.91130996341274884)
 (0.28612560282578237,-0.3159602153958761)
 (-0.93303857016652114,-0.40524519383056595)
 (-1.0489419906702218,0.2396101940201549)
 (0.94178501909027346,-0.34240166395873906)
 (0.84318616364666199,0.32169043895919935)
 (0.26886110882442721,-0.37380159029372301)
 (-1.0187808042985687,0.92703298473880791)
 (0.29967167447753595,0.34127090765946599)
 (0.38591887831409377,-0.44613736982540064)
 (-1.0021771505726189,0.94808276059612384)
 (-0.35314458463100701,-0.35373223909131413)
 (0.22535132214947959,-0.29646570414531498)
 (0.34089180670347419,0.94618516457729596)
 (0.88967721601716399,0.33909556946185221)
 (-1.0067436644561836,0.93696805159406948)
 (0.31352472759599043,0.26513280307163989)
 (-0.44405488408469929,-0.3330631086239394)
 (-0.31445400880564178,-0.89421652379451821)
 (0.43799406430467319,0.91716661116642195)
 (-0.89138601958589836,-0.80546462543814434)
 (-0.88793266969055729,-0.99884319471643002)
 (-0.91200872459666982,0.22493543550668579)
 (0.27761689279540358,0.32721369038499365)
 (0.9416226252364488,0.27887587882174825)
 (-0.3370977592975361,0.34892730001414268)
 (0.24562492564892702,-0.94576010186180337)
 (-0.8648534627798905,-0.2674986942096349)
 (-0.34243262302094429,-0.24989152601803849)
 (0.96041641370244757,-0.290190601857444)
 (-0.79315658320560156,0.86364323032688595)
 (-0.89119134421394453,0.80271403971224309)
 (-0.30746055830415026,-1.0015313108283437)
 (-0.38891742398280843,-0.29048307454741018)
 (-0.4061040294974998,0.36382619462610177)
 (0.34339400412054688,-0.43845861926824037)
 (-1.0344940067603319,-0.38189474805364421)
 (1.1140397159597721,1.1174475913369084)
 (-0.26290170091069975,-1.0351410144902087)
 (-0.41129222622088613,-0.9898044988172745)
 (-0.31299525404382905,0.86624672096494282)
 (0.96429158935167247,0.92553007956186428)
 (-0.90532776612064447,-0.90510918454847611)
 (-0.20085006118519466,0.29418431521230848)
 (-0.35739723991572481,-0.19949120129796105)
 (-0.82662366659719066,-1.072121294571188)
 (1.0477193039653907,0.86340993711870717)
 (0.9069766967857491,0.90264758376802068)
 (-0.29658852689065857,0.36463094671062984)
 (-0.81337428755190355,-0.23802958619787901)
 (-0.94759228946418972,0.88285756952189876)
 (0.97159452753557884,-0.96076377572769223)
 (0.2997720044369997,0.27768949289349665)
 (1.1337487322167679,-0.25006555497734434)
 (-0.9410598345676936,0.29407790530423017)
 (0.24601703654880508,0.30824700579006259)
 (0.9298780586860389,-0.88064999298964186)
 (-0.26708131970205373,0.18946479986435721)
 (0.95909852524677197,-0.92518114329429313)
 (0.78750657705492322,1.0123534131460925)
 (0.98535574143610039,-0.94665263413587275)
 (-0.26164794047645878,-0.31670473681878153)
 (-0.40203603694829959,1.0007718198681259)
 (0.98455184596622747,0.87206467841123592)
 (-0.36137095810692543,1.0154780181542526)
 (-0.44720254664398135,-0.82999075679040368)
 (-0.35305149982242501,1.0035821581973854)
 (-0.35047347551620089,-0.91221372701965386)
 (0.40027383322907456,-0.25382520654256369)
 (0.21601183993255232,-0.36148381144971975)
 (-0.91193726192636593,0.32106827902973417)
 (-0.37507050353790061,-0.22984660215089431)
 (0.97812121491726767,0.95786678379084589)
 (-0.37768207384355246,-0.86001266465855564)
 (-0.93997181793497186,-0.31298602593091435)
 (-0.90595665686868698,0.33439958277363302)
 (-1.0088248545836549,-0.92904109880405483)
 (0.22090424462501979,-0.84359152663117776)
 (0.29958514814673781,0.78567536424397788)
 (-0.89714164236797145,-0.32786846973345724)
 (0.90533682286913886,-0.32176887902747969)
 (-0.084893713355194855,-0.37077810209210904)
 (0.32774666891483917,0.33347456051569302)
 (0.9265029154889769,0.79150651742064804)
 (0.97146141708659306,0.80011911188098894)
 (-0.85720440030017775,0.90157135055449877)
 (0.32852038164084707,0.23788720559448651)
 (-0.34713507583609388,-0.8489748880144754)
 (-1.027678401085012,-0.24989655789450588)
 (0.32236244628838562,0.29413724402781743)
 (-0.99008809694238997,-0.26279063043676798)
 (0.92477211614986821,-0.25878502910586781)
 (0.94881446483139198,0.94085945743746535)
 (0.23392188842994399,0.88937416218998155)
 (0.95550644215433056,0.28318926975748299)
 (-1.0698908251419326,0.89479116039547935)
 (-0.90985105082130968,0.35851601395388194)
 (-0.23917952576731541,-0.97513800872524081)
 (-0.41556893502983444,-0.34659525712753386)
 (-0.88740409700130929,0.33105819206185227)
 (0.96331579695845992,0.99838224244787299)
 (-0.96069190768214741,0.84495806304558874)
 (0.39880703243325755,-0.83131589504297898)
 (0.18769649754488821,1.0598935432507586)
 (0.26706532646345926,-0.91435325077435448)
 (0.8433508161690122,-0.2196595590958067)
 (0.37311061845255356,-0.28961153324075262)
 (-0.93957091427747663,-1.0030102646291068)
 (0.86730380320233935,0.27441407634814441)
 (0.27637832326328426,-1.0457133873471969)
 (-0.93598239774574432,-0.87764326639477575)
 (-0.91430432046880394,0.34854301147393257)
 (0.49365103005953431,-0.46658183004644332)
 (1.0539784095180378,0.21092682054047424)
 (0.28805262676900306,-0.23499066131570828)
 (0.95904005619515997,-0.24849648159295923)
 (0.89023905323914188,0.97449045157541014)
 (-0.8610486639990258,-0.83165264494568059)
 (-0.28386872689079257,-0.3609694687671065)
 (0.36804107664952568,-0.91955268935501167)
 (0.3256465856514662,0.90631525721873052)
 (0.90782420281342247,1.056447225810472)
 (-0.26721869460381692,-0.28603632127691175)
 (0.35271503652714525,0.26911583620878854)
 (0.93548524173741499,0.19604836278399687)
 (1.0322374803597776,-0.93505133173448318)
 (-0.94249494158624725,0.27601535832203961)
 (0.43253094986198587,0.88148511303127519)
 (-0.89861169426898746,0.90435589595545229)
 (-0.97893037436660946,-0.43136264218966608)
 (-0.9775192947587692,0.28503338143502766)
 (0.93832087011125687,-0.93190710481200401)
 (-0.41679493254087568,-0.89357088501081372)
 (-0.17234866665968579,-0.89853271806507296)
 (-0.87285855031588955,-0.91059153563823936)
 (0.84019611681755513,-0.36559406312918352)
 (0.4194817630553197,0.95126732777670686)
 (-0.90964418795453783,0.93481315342039661)
 (0.34552409105656468,-0.34167873381845948)
 (0.80301100751461352,0.93053244960439419)
 (1.0117175892017636,-0.39248962624942718)
 (0.9009152686247941,-0.40348651505430688)
 (-0.40363862746777751,0.33772570963041143)
 (1.0695939812106567,-0.89443916952063562)
 (1.0035670318765368,-0.87943675724198578)
 (0.32859871311168465,0.9406814861767091)
 (-0.37512554205958515,0.94779170094598775)
 (0.94444340866437082,0.96125414725039193)
 (-0.41630252574449556,0.861879720457007)
 (-0.93445749521840149,0.32588746870715773)
 (-0.92661068677509739,-0.9725842196837694)
 (0.88874763380060318,0.24003557927441518)
 (-0.38806609778358475,-1.020186066164841)
 (-0.27395849495242597,0.44239784555301981)
 (-0.26828645684909674,0.3232897353306925)
 (0.27956934245840537,-0.26155178136802881)
 (-0.35371178637063749,0.97525029954636977)
