# Created by Octave 8.4.0, Thu Dec 11 09:47:22 2025 IST <gamana@Samsung>
# name: rician
# type: complex matrix
# rows: 2048
# columns: 1
 (0.88085945565133317,-0.35199560402853164)
 (-0.36130330438070685,0.26412870519377535)
 (0.93011663880815953,0.40995703993177879)
 (0.82206515573582406,1.1320478164927743)
 (-0.87150197624650638,0.26394298456840731)
 (1.0866603572365066,-0.24379519941323502)
 (-0.94325192334263386,-0.015435830788058158)
 (-0.47272228493535706,-0.43326449421207841)
 (-1.2235327141280323,2.2709114165380595)
 (0.28520552035123325,0.12751266978295195)
 (0.35167307867768871,0.25859018132436196)
 (-0.47958119223099971,1.0069264914081364)
 (-1.0059769581637361,1.0810217495684742)
 (-0.76599263257040451,-0.22813231914464974)
 (-0.52865008059353391,-1.1202872364750038)
 (0.97378710996788742,-0.61596008665612212)
 (-0.84850048366307274,0.11073593767370404)
 (0.26926258716674506,0.53772357235833357)
 (1.2727935605978005,0.62310789710732661)
 (0.34412185934545131,-0.20010843284406304)
 (-0.063727299096987683,-0.49499046122273493)
 (-0.31225396817117113,-0.21403168647834811)
 (0.29338043096406141,-0.18377296966115977)
 (-0.2734807090319693,0.24774520835358882)
 (-0.6916088110887223,-0.11563737324000622)
 (-0.66759470960031186,0.24998456969399971)
 (-0.31807599339424852,0.64883482748635113)
 (0.51051575370884716,-0.20977702248979113)
 (0.39373745768784107,0.37422730367865031)
 (1.0655268105683389,-0.1658650521971079)
 (0.06978268888992803,0.4789259675528944)
 (-0.62098763766917808,-0.14224951270813718)
 (-0.39342268234869993,-0.93603308177593747)
 (-0.52136169519439757,0.27071109528354692)
 (-1.1004067752892255,0.29934460467276064)
 (1.408768557678068,1.3943623161975811)
 (-0.21467935078442874,0.61243206988381793)
 (1.2902786351732429,0.99738674591857035)
 (0.55657156352681325,-0.019534518585369309)
 (0.25956071200787678,-0.19103643513580612)
 (-0.075561299174020324,-1.098075664412153)
 (0.20495337667714431,0.2336377184145485)
 (-0.59466159383229611,0.12300247101258252)
 (0.43379861669442565,-0.27310454470344925)
 (-0.60317637670085522,0.13443190340654701)
 (0.32164596120607347,-0.28665250245685159)
 (0.077088404233755403,-0.91894013547628295)
 (-0.59560152953186019,-0.36784352928738373)
 (-0.58624909010202308,0.1161709460895316)
 (-0.59879954018200587,-0.62829518464243184)
 (-0.021658988701617685,0.27939557091517986)
 (-0.84602092568619813,-0.77411265148624864)
 (-0.27270622816149231,-1.1395551855499575)
 (-0.83780868639759587,-0.69854196612978414)
 (0.64770822607468048,-0.30758014960140811)
 (0.46159130195657644,-0.77925340334351145)
 (0.80064984101771552,1.2101835550915874)
 (0.9588853272178941,0.77430216523604289)
 (0.76544401932773021,0.55043705948670207)
 (-1.3019857427243666,0.16469739975193864)
 (-1.2600083880878687,0.39437821499094894)
 (0.17253130497217667,-0.24221133245148774)
 (1.3951375836812512,-0.87261098493030409)
 (-0.10602536591287598,0.6782947045907306)
 (0.1063357383146845,0.31733816440141549)
 (-0.069573802626200915,0.33612430356878775)
 (-0.79193389810165549,-0.55042029638893064)
 (0.082562402626044751,0.043323892211418823)
 (-1.2851247141347952,-0.46414534192353912)
 (0.31241963709812043,-0.57486805911319816)
 (-0.54091461828899634,1.0841690950678438)
 (-0.70284872073381954,-0.41833015841382887)
 (0.14467932321345689,-0.99922267326993341)
 (0.10416034698470403,-0.39183844682982305)
 (-0.4720512366726094,-0.91970527967177074)
 (-0.69710899440521534,-0.91530089173365714)
 (-0.60266923913999881,-1.8269056619866666)
 (0.58156182663946598,-0.51872186883152882)
 (-0.1472000404272483,0.46040177015606065)
 (-0.097157148146874373,-0.63863375271765777)
 (0.25992196103868992,0.80706765171404493)
 (-0.44085932453818932,-0.22969343453581251)
 (0.48738313223913587,0.25210314456303362)
 (0.89633303177296031,0.028396140949293935)
 (0.041141608778310773,0.63707173475303669)
 (0.07436636119354248,-1.0015150415981782)
 (0.17659862128370618,0.33425490103190869)
 (-1.4799169918079604,0.890500538849893)
 (0.34264908161820384,1.120668238032184)
 (-1.0029959652941574,-0.8366610440611596)
 (-0.39749638886550587,0.52187424324583787)
 (-0.38393332560479532,0.03795204159278226)
 (-0.63198099993091472,-1.5414735073450261)
 (-1.4388095946258956,-0.088601554234164326)
 (0.29441139192638394,-0.13145147882612679)
 (-0.86087421176736878,-0.097653782067348233)
 (0.29326898842971161,-0.64940249633237557)
 (0.13361620000202301,-0.79606864670289834)
 (-0.94956092513340118,0.72450143658536681)
 (-0.93103841723016079,-0.15983184209719245)
 (1.2379673179756843,0.44217016625535066)
 (-0.91491652457803863,0.36788992864812303)
 (-0.38756931365300795,0.78806140539606639)
 (-1.3051660741603486,-0.65129159136827464)
 (0.34829711884647147,-0.42447873881253578)
 (1.1811700773471678,-0.22101596277210336)
 (-0.39887680598498132,0.99499319897208893)
 (0.24168304060764248,0.30449850753162433)
 (0.090326860077560134,0.042863547700888953)
 (0.61336547925790208,0.23971478364836735)
 (0.26956427486157425,-0.19181335476495481)
 (-0.49931333787238802,0.6907535403308821)
 (-0.19415863715966195,-0.79761309356616017)
 (-0.31615631122648424,0.37261950197618177)
 (0.58449093264947671,0.43998651608904149)
 (-0.23147699980324055,1.2389751679800489)
 (-0.47919853430509163,0.47399475810768171)
 (-0.37580818397359134,-0.10813029092505361)
 (0.36576161660220374,0.050284996243726982)
 (1.6840163889086277,0.20852365132383743)
 (-0.20849459663278336,-0.86400577334883677)
 (-0.75392153754037328,-0.38475401693606714)
 (0.95066772714022452,-0.13517551745465561)
 (-0.42915014590297679,0.53857444763812223)
 (-1.2352604200740396,-0.02820624674688943)
 (0.047676481598259976,0.087943914182349175)
 (0.58542408443325789,-0.21416351686500298)
 (0.31269485421960613,-0.2395507637330814)
 (0.86105428668419515,0.019270849438528914)
 (0.69111266139841498,-0.24834175374698142)
 (-0.68477705972131664,0.16409432742958724)
 (-0.46232326006597307,-0.022713213898578888)
 (0.59058183897268945,0.24072829885214159)
 (-0.34909755867157444,0.85360077292311698)
 (-0.18605830713320559,0.92740013846151514)
 (-0.22096453984997366,0.45802016815322338)
 (0.31328398661252277,-0.32259185913411215)
 (-0.4569120324382131,-0.16192210484504835)
 (0.18394121086844831,-0.15865700403868432)
 (0.36932742905746563,-0.42727302060398631)
 (-1.3206077246994117,0.52959447325628417)
 (0.67064156204667258,0.1290346385356822)
 (-0.34111315020982608,1.2282544826250723)
 (-0.64729889917894379,1.1312291437114514)
 (-1.0191365838745472,0.84513915240818394)
 (0.039030803828646224,-0.015764653993849777)
 (-0.90286578752584501,-0.50825315910882984)
 (-0.34983961572591116,-0.27968380855810526)
 (-0.3972822240878065,-0.56883481383204493)
 (0.41748163975595315,0.97621499617977903)
 (0.54561389076703048,-0.0098299977998770882)
 (0.24974424445930138,-0.032113039172569427)
 (-0.58311364676577215,-0.013374658812825346)
 (0.044538433932965651,0.17139309593051877)
 (-1.1427179321359482,0.093509607750898227)
 (0.966089071579459,-0.0040356381575510358)
 (1.5559910370489738,-0.93071566128892425)
 (0.66937091481442634,-1.2899587184642072)
 (0.15594508388265457,-0.20226941688971808)
 (-0.70957667529899815,0.61495050299821508)
 (-0.8413032408036909,0.18704438395966627)
 (-0.1910464367325598,-0.030696532865970128)
 (-0.90825449109490064,-0.40398888679332196)
 (-0.1656743185234108,0.049518389589940946)
 (0.39132993040199582,0.6614952951934886)
 (0.73773605614732385,-0.98924481541727149)
 (-0.26944686959550512,0.3896042306547548)
 (-0.34271312755241806,-0.17014510638363273)
 (-0.45756193491669139,0.25083378104493659)
 (-1.9797000468727839,0.58083545208897891)
 (1.6054776294627797,-0.72952984187401293)
 (0.5616707439468519,0.63959637243385281)
 (-0.43711053521056487,0.16240917912614006)
 (-0.23863224799088351,-0.12441203786651427)
 (0.77108169355920786,-0.18050116107350406)
 (-1.4977163072007937,-0.53815435416094914)
 (-0.38646624317945577,1.8493844958229122)
 (1.5010868074949588,0.56949678014557348)
 (-0.68178927789535915,0.42452053998467471)
