# Created by Octave 8.4.0, Thu Dec 11 09:47:21 2025 IST <gamana@Samsung>
# name: clean
# type: complex matrix
# rows: 2048
# columns: 1
 (-0.31815999267834322,0.95447997803502971)
 (-0.95447997803502971,0.95447997803502971)
 (0.95447997803502971,-0.31815999267834322)
 (-0.95447997803502971,0.31815999267834322)
 (0.95447997803502971,-0.95447997803502971)
 (-0.95447997803502971,-0.95447997803502971)
 (-0.31815999267834322,0.31815999267834322)
 (-0.95447997803502971,-0.95447997803502971)
 (0.95447997803502971,-0.31815999267834322)
 (0.95447997803502971,-0.31815999267834322)
 (0.31815999267834322,0.31815999267834322)
 (-0.31815999267834322,0.31815999267834322)
 (-0.31815999267834322,-0.31815999267834322)
 (0.31815999267834322,-0.31815999267834322)
 (0.95447997803502971,0.95447997803502971)
 (-0.31815999267834322,-0.31815999267834322)
 (0.31815999267834322,0.95447997803502971)
 (0.95447997803502971,0.31815999267834322)
 (-0.31815999267834322,-0.31815999267834322)
 (-0.31815999267834322,0.95447997803502971)
 (0.95447997803502971,-0.95447997803502971)
 (-0.95447997803502971,0.95447997803502971)
 (0.95447997803502971,-0.31815999267834322)
 (0.31815999267834322,-0.95447997803502971)
 (-0.31815999267834322,0.95447997803502971)
 (0.31815999267834322,-0.31815999267834322)
 (0.95447997803502971,-0.95447997803502971)
 (-0.95447997803502971,-0.31815999267834322)
 (-0.95447997803502971,-0.95447997803502971)
 (-0.31815999267834322,0.31815999267834322)
 (-0.31815999267834322,0.31815999267834322)
 (0.95447997803502971,-0.31815999267834322)
 (-0.31815999267834322,0.95447997803502971)
 (-0.95447997803502971,-0.95447997803502971)
 (0.95447997803502971,0.31815999267834322)
 (-0.31815999267834322,-0.95447997803502971)
 (0.95447997803502971,0.31815999267834322)
 (-0.95447997803502971,-0.31815999267834322)
 (-0.95447997803502971,0.95447997803502971)
 (0.31815999267834322,0.31815999267834322)
 (-0.95447997803502971,-0.95447997803502971)
 (-0.31815999267834322,0.95447997803502971)
 (0.95447997803502971,-0.31815999267834322)
 (-0.95447997803502971,-0.95447997803502971)
 (-0.95447997803502971,0.31815999267834322)
 (-0.31815999267834322,-0.95447997803502971)
 (-0.95447997803502971,0.31815999267834322)
 (-0.95447997803502971,0.31815999267834322)
 (-0.31815999267834322,0.31815999267834322)
 (0.95447997803502971,0.31815999267834322)
 (-0.95447997803502971,0.95447997803502971)
 (0.95447997803502971,0.31815999267834322)
 (-0.31815999267834322,0.31815999267834322)
 (0.31815999267834322,0.31815999267834322)
 (0.31815999267834322,0.31815999267834322)
 (0.95447997803502971,0.95447997803502971)
 (-0.31815999267834322,0.95447997803502971)
 (-0.95447997803502971,0.95447997803502971)
 (-0.31815999267834322,-0.95447997803502971)
 (-0.31815999267834322,0.31815999267834322)
 (-0.95447997803502971,0.31815999267834322)
 (0.31815999267834322,0.95447997803502971)
 (0.95447997803502971,0.95447997803502971)
 (-0.95447997803502971,0.31815999267834322)
 (0.95447997803502971,0.95447997803502971)
 (0.31815999267834322,-0.95447997803502971)
 (-0.95447997803502971,0.95447997803502971)
 (0.95447997803502971,-0.31815999267834322)
 (-0.95447997803502971,-0.95447997803502971)
 (-0.95447997803502971,0.31815999267834322)
 (-0.95447997803502971,0.95447997803502971)
 (-0.31815999267834322,0.95447997803502971)
 (-0.31815999267834322,0.31815999267834322)
 (0.31815999267834322,-0.95447997803502971)
 (0.31815999267834322,-0.95447997803502971)
 (-0.95447997803502971,0.95447997803502971)
 (0.31815999267834322,0.31815999267834322)
 (-0.95447997803502971,-0.95447997803502971)
 (-0.95447997803502971,0.31815999267834322)
 (-0.95447997803502971,0.31815999267834322)
 (0.95447997803502971,0.31815999267834322)
 (-0.95447997803502971,0.31815999267834322)
 (-0.31815999267834322,0.95447997803502971)
 (-0.31815999267834322,-0.31815999267834322)
 (-0.31815999267834322,-0.95447997803502971)
 (-0.95447997803502971,-0.31815999267834322)
 (0.95447997803502971,0.95447997803502971)
 (0.95447997803502971,-0.31815999267834322)
 (0.31815999267834322,-0.31815999267834322)
 (-0.31815999267834322,-0.95447997803502971)
 (0.31815999267834322,0.31815999267834322)
 (-0.95447997803502971,-0.31815999267834322)
 (-0.95447997803502971,0.31815999267834322)
 (-0.95447997803502971,-0.31815999267834322)
 (-0.31815999267834322,-0.95447997803502971)
 (0.95447997803502971,0.31815999267834322)
 (0.95447997803502971,0.95447997803502971)
 (-0.31815999267834322,-0.95447997803502971)
 (-0.95447997803502971,-0.31815999267834322)
 (-0.31815999267834322,-0.31815999267834322)
 (0.31815999267834322,-0.31815999267834322)
 (-0.95447997803502971,0.31815999267834322)
 (-0.95447997803502971,-0.31815999267834322)
 (0.31815999267834322,-0.31815999267834322)
 (0.31815999267834322,0.95447997803502971)
 (-0.95447997803502971,0.95447997803502971)
 (-0.95447997803502971,0.31815999267834322)
 (-0.95447997803502971,0.31815999267834322)
 (-0.95447997803502971,0.31815999267834322)
 (-0.95447997803502971,0.31815999267834322)
 (0.95447997803502971,0.95447997803502971)
 (-0.31815999267834322,-0.95447997803502971)
 (0.31815999267834322,0.31815999267834322)
 (-0.31815999267834322,0.31815999267834322)
 (0.95447997803502971,-0.31815999267834322)
 (-0.95447997803502971,0.95447997803502971)
 (-0.95447997803502971,-0.95447997803502971)
 (-0.31815999267834322,-0.95447997803502971)
 (-0.95447997803502971,-0.95447997803502971)
 (-0.31815999267834322,0.31815999267834322)
 (-0.95447997803502971,-0.31815999267834322)
 (-0.31815999267834322,0.95447997803502971)
 (-0.95447997803502971,-0.95447997803502971)
 (-0.31815999267834322,-0.95447997803502971)
 (0.31815999267834322,0.31815999267834322)
 (-0.31815999267834322,0.95447997803502971)
 (0.31815999267834322,-0.95447997803502971)
 (0.31815999267834322,-0.31815999267834322)
 (0.31815999267834322,-0.95447997803502971)
 (0.31815999267834322,0.31815999267834322)
 (-0.31815999267834322,-0.95447997803502971)
 (-0.31815999267834322,-0.95447997803502971)
 (-0.31815999267834322,-0.31815999267834322)
 (-0.31815999267834322,-0.95447997803502971)
 (-0.95447997803502971,0.95447997803502971)
 (0.95447997803502971,-0.31815999267834322)
 (0.31815999267834322,-0.31815999267834322)
 (-0.95447997803502971,-0.95447997803502971)
 (0.95447997803502971,0.31815999267834322)
 (0.95447997803502971,-0.31815999267834322)
 (0.31815999267834322,0.95447997803502971)
 (-0.95447997803502971,0.31815999267834322)
 (-0.31815999267834322,-0.95447997803502971)
 (-0.31815999267834322,-0.95447997803502971)
 (-0.95447997803502971,0.31815999267834322)
 (-0.31815999267834322,-0.95447997803502971)
 (-0.31815999267834322,0.95447997803502971)
 (0.95447997803502971,-0.95447997803502971)
 (-0.95447997803502971,0.31815999267834322)
 (-0.31815999267834322,-0.31815999267834322)
 (-0.31815999267834322,-0.31815999267834322)
 (0.31815999267834322,0.31815999267834322)
 (0.95447997803502971,-0.95447997803502971)
 (0.95447997803502971,-0.31815999267834322)
 (0.95447997803502971,-0.95447997803502971)
 (-0.95447997803502971,-0.31815999267834322)
 (-0.95447997803502971,-0.95447997803502971)
 (0.31815999267834322,0.31815999267834322)
 (0.95447997803502971,-0.95447997803502971)
 (-0.31815999267834322,0.31815999267834322)
 (-0.31815999267834322,-0.31815999267834322)
 (0.31815999267834322,0.95447997803502971)
 (-0.95447997803502971,-0.31815999267834322)
 (0.95447997803502971,0.31815999267834322)
 (0.31815999267834322,-0.95447997803502971)
 (0.31815999267834322,0.31815999267834322)
 (-0.31815999267834322,0.31815999267834322)
 (0.31815999267834322,0.31815999267834322)
 (0.31815999267834322,-0.95447997803502971)
 (0.95447997803502971,-0.95447997803502971)
 (0.95447997803502971,-0.95447997803502971)
 (-0.31815999267834322,0.95447997803502971)
 (0.95447997803502971,-0.31815999267834322)
 (-0.31815999267834322,0.31815999267834322)
 (0.95447997803502971,-0.31815999267834322)
 (0.31815999267834322,0.95447997803502971)
 (0.95447997803502971,0.31815999267834322)
 (-0.31815999267834322,0.95447997803502971)
