# Created by Octave 8.4.0, Thu Dec 11 09:47:22 2025 IST <gamana@Samsung>
# name: awgn20
# type: complex matrix
# rows: 2048
# columns: 1
 (-1.005889481991479,0.31637103716982651)
 (-0.25893138090435752,0.1497285734967328)
 (-0.27766778246514773,0.35077039339362265)
 (-0.93552906993862783,-0.33564074389421966)
 (0.31421608230567016,0.2883626055511388)
 (-0.94360886794871401,0.96746682693921526)
 (0.97441136884188473,0.4223433229517114)
 (0.41016540542936142,0.40721713159216139)
 (1.032063724989724,-0.22053398320060802)
 (0.98247998357828326,0.40744641842453699)
 (-0.96896562705301337,-1.0037698986032584)
 (-0.89610778826192306,0.95867579080397292)
 (-0.31997024551816799,0.3086886184294646)
 (-0.33524703970449365,0.32614738152373174)
 (0.99624849596190812,-0.40803757784633093)
 (1.0581809644414693,0.94067179580856874)
 (-0.97371295250680223,0.7665014575856659)
 (0.24868818398746509,-0.36178356720752769)
 (-0.18871765629393231,-0.32044015309455653)
 (0.26059715079518425,-0.97049833080008885)
 (-0.32380652990834419,-0.87579845507913689)
 (-0.94106195062492282,0.88902493487317935)
 (-0.23507725532883639,-0.42420972444166249)
 (0.27979105962441031,-0.92814570100792682)
 (0.31088273288955975,0.27631483289094377)
 (-1.0243610758509729,0.99204521995925821)
 (0.97528997774509463,0.14374975318177369)
 (-0.32826814936830079,0.33799789384412915)
 (-0.89084780984380552,1.0098815066559008)
 (0.32974682751293077,0.26698333521899492)
 (-0.35971304408101173,0.23340362021430217)
 (-0.30467511102016132,0.37183609554570712)
 (-1.1098643787996125,0.99973271601058844)
 (0.8932615760727417,0.2007323415657509)
 (-0.94824529379383327,0.32040625196266181)
 (-0.37486344181645626,0.13637208239001741)
 (-0.97547762691082451,-0.36085026120921548)
 (-0.29553505706759542,-0.36231332889719348)
 (-0.96121645389114396,0.32557703029824758)
 (-0.233007880308719,1.0003953787737063)
 (0.83320902851595235,-0.3961620793004515)
 (-1.0681187189121979,0.88524783786224182)
 (0.90254965829980049,-0.9055425157457675)
 (0.89458734462326872,-0.30648517095800432)
 (0.82499979492847186,-0.93611217150276815)
 (1.0529425791991434,-0.8569681444750965)
 (0.96341888300395939,-1.0283781956030114)
 (0.30475060403414489,0.91066708814031572)
 (-0.28327322772343211,-0.38663833010494453)
 (-1.1119667157632298,-0.3108365071695286)
 (0.36744614391625036,0.24991261093330758)
 (-0.99450098165004563,-0.25819160075028141)
 (0.27361285418664794,-0.9289675687715987)
 (1.008150432968316,-0.25778635274334)
 (-0.25227622000843108,-1.0940042323015002)
 (-1.0407708717693143,0.28527331449832999)
 (-0.92265349201905622,-0.14095371203800514)
 (0.91194187374790447,0.91059494295630239)
 (-0.39061827570422292,-0.4145689658743571)
 (0.85027829698992963,0.92393813973038397)
 (1.0126878328068778,0.99540005520641917)
 (0.97832160879004582,0.29086646071487915)
 (0.26631299526646129,1.0142776801435036)
 (0.34658318042589564,0.99694433337285748)
 (-0.92257680745374659,-0.37722245662408932)
 (-0.1383135762074027,-0.35278991175681346)
 (-0.91828564431407722,-0.3721491423907502)
 (0.26472022149749508,-0.4132146866354679)
 (-0.3050936010232087,-0.96164745673632557)
 (-0.33107381221283605,0.34827048710926117)
 (0.27647648333946995,0.23526528336452976)
 (0.41713895879487201,-1.0091766027011375)
 (-0.21535888959487021,0.93500765729838753)
 (-0.24758594881372545,0.96040781923916563)
 (-0.34812636632903998,-0.94306448162221579)
 (0.92416104488791817,-0.87668952916771525)
 (-0.92344839579404703,0.22697744321914839)
 (0.87035530169139619,-0.94301587293852263)
 (-0.88759512509350902,0.38477685149404817)
 (0.88723129540542223,0.3118377529886065)
 (-0.79780459540800863,-0.3231897853662265)
 (0.273021308856219,-0.92248089704364555)
 (-1.050694406228625,-0.24890518107108001)
 (0.3208559284381956,0.92846824922277604)
 (0.27968702887359503,0.32813914757542367)
 (0.32785296186958002,0.22345977976504655)
 (0.84989915986696596,1.0290242179079636)
 (0.86914716255989588,-0.40411300439422554)
 (0.87865209127731125,0.38055498191403986)
 (0.29155959762884059,0.85743466762858644)
 (-0.9673982405867867,-1.0004082862606647)
 (-0.99652083679208936,-0.30266610452519821)
 (-0.83799728850605515,-0.92798945049328241)
 (-0.97473898559815175,-0.28048315274003532)
 (0.95216801476643209,0.17077861689880208)
 (-0.82970502198851181,-0.35257866403004301)
 (0.39945837805553147,-1.0038712410672137)
 (0.39023576359347428,0.27572783719004512)
 (0.88951597895544077,-1.0507619449450809)
 (0.95692838694678406,0.28056617677784218)
 (0.35126232102941246,-0.29423328984519376)
 (0.26328737923762202,-0.22449889151321181)
 (0.89669179958796097,1.0377034987813099)
 (-0.29810500981264776,0.30443660030228631)
 (-0.92646925812343683,0.84687875365161613)
 (0.25009612139715254,-0.92646611253401079)
 (-1.0749459994365067,-1.0161990021207798)
 (-0.96365463165252097,-0.1940693246708709)
 (-0.32629755927135273,0.84208342941470216)
 (0.98330664842906645,-0.81933852534489582)
 (-0.95284504284314986,0.96254478615693351)
 (-0.35502628590073793,0.27002355640366626)
 (-0.8271801162347272,-0.903224579989648)
 (-0.28617632444565355,0.30668909788204174)
 (-0.36474379901203458,-0.92750648234085797)
 (0.99959028720082355,1.0599326864647158)
 (0.95799854679610597,0.92499581077938764)
 (-0.36158274903540244,-0.98436111259253944)
 (0.32767807722017761,-0.35788512391987953)
 (0.37981970017296685,0.95813889977321676)
 (-0.93321972886493842,-0.8475950669650415)
 (-0.4239760494519686,1.0844449228827568)
 (0.99835950107513438,0.36547243956316078)
 (0.26447343436123222,0.39257624770300048)
 (0.50252901639571557,-1.0772013025219629)
 (-0.29689108059735037,-0.38857246849060267)
 (-0.81473201462309131,0.32290918395960061)
 (0.32365275520735892,0.85761415480689696)
 (-0.96353970945223821,-0.38763373451161931)
 (-1.0167220716850276,0.37746629791915903)
 (-0.24353441186926095,1.0370723901255985)
 (-0.38052890132968648,0.95481177609509249)
 (0.31171440849358029,-1.0726707170850378)
 (0.8988512291362345,-0.32431695464684468)
 (-0.89846714058483956,-0.41781696729810947)
 (-0.37355428551245096,0.89293797261488284)
 (-0.41551858782399231,-0.9190438114675874)
 (0.76718059970339869,-0.98813995327620663)
 (0.26803941624671668,0.95529404813670382)
 (0.35456329951592452,0.28907412355796197)
 (-1.0682366527543521,-0.36035628626163929)
 (1.0466427710927324,1.0190532493305018)
 (-0.42891009592306839,0.17689751705743026)
 (-0.30873519374699959,-1.0625645723154307)
 (0.19983937309359631,-0.93659421511957219)
 (0.30823696639978493,0.32020562604627389)
 (-0.96238892968424239,0.91772349351844962)
 (-0.30279351369867413,-0.38636516671113852)
 (-0.30274893639590617,0.31057920779447684)
 (-0.88724022618361786,-0.32162986458437298)
 (0.93202714858212166,-0.27409798679144404)
 (-0.91498854472466518,0.40830461763298759)
 (0.21165038524151977,0.26788737796407613)
 (-1.0148075080185919,-0.35509178528720098)
 (0.92813068869256021,1.0625360061341254)
 (-0.9307490496102967,0.90532287677808965)
 (-0.31203379779470114,-0.82045028850792212)
 (0.31083737290860081,-0.92379796751445609)
 (-0.26045287693430269,-0.43269341261891353)
 (0.9980700853615736,0.95990101188428423)
 (-0.98140303499615622,0.40226050327674762)
 (0.27780468655611235,-0.91390959155397722)
 (0.35587104454779883,-0.31229712949174077)
 (0.31925689623015591,-0.89886202806040216)
 (-0.386732377734129,-0.32162981596344997)
 (-1.0612208208081557,-0.91007480297273169)
 (0.44693957323995243,0.93299731455134682)
 (0.2701895698180114,-0.36946627651221575)
 (-0.33425370016819334,0.27963040870764982)
 (1.0392108542784053,-0.98110536174467089)
 (0.47395183777550154,-0.89604190927031291)
 (-0.23879224424628964,0.41923533062355456)
 (1.0857019244282613,1.0576978575867837)
 (0.98297428557412292,-0.49710603212045079)
 (-0.90054689276399036,0.94718063354186921)
 (-1.0022782999857056,-0.97833448511324828)
 (0.1984126114159232,-0.94345283980141081)
 (0.30409992487560461,0.2540227163838823)
 (0.41587747685871379,0.93959501352260644)
 (1.0001984910485129,-0.93612655503460618)
