# Created by Octave 8.4.0, Thu Dec 11 09:47:22 2025 IST <gamana@Samsung>
# name: rayl
# type: complex matrix
# rows: 2048
# columns: 1
 (-0.52623466489246251,0.20730755318088057)
 (1.0652803605584658,-0.58912694177358438)
 (0.0095439195792872411,1.0929265748924393)
 (0.23807884448000116,0.13271200354823304)
 (-0.22794684486374855,1.1026984261092174)
 (1.5638421490286776,0.76568035641897292)
 (0.12236807101106757,-0.37485421116369744)
 (-0.40902777757758269,-0.15584057216746919)
 (1.0875790733156316,-0.060321640218408079)
 (-0.71511304804216302,-0.3602812518378351)
 (0.1118293027044642,0.0034992792966554859)
 (0.430576751766374,0.16759860765659781)
 (0.42115891674869177,0.047847651849654255)
 (0.2255011529448995,-1.1563893401620102)
 (0.40537057645324781,-1.0903892510073896)
 (-0.27696118662530034,-0.29374712742505382)
 (0.16120446347767683,-0.67765837142084195)
 (-0.22940789289402941,-0.065641909372846821)
 (-0.92840215981616458,-0.10747293505818245)
 (0.46460208373667644,-0.28108305224544983)
 (-1.6891086100824939,-0.84263512704746391)
 (-0.16205340151919567,2.2273267543698276)
 (1.5786063880245094,0.57181629251970834)
 (0.52641916033054303,2.0665287509663681)
 (0.12151991544447041,-0.51486337349865718)
 (-0.64973321847175136,0.44810391290902984)
 (0.27336956805788104,0.041772940556964483)
 (-0.90538704941124193,0.2634156205736784)
 (-0.2724005140217024,0.37502264427897186)
 (-0.85792797789186204,-1.4850697191328044)
 (0.11736965795657256,-1.3411227375488308)
 (-0.41918010827066976,-0.58330207590371674)
 (-0.28276390157905684,-0.91701867454263364)
 (-0.8547839235110215,0.14032182624409079)
 (-0.53281563104501317,-1.1797653369691754)
 (0.4662727317283113,-0.25887736004141243)
 (0.32459518852625491,0.14245504153171734)
 (-0.52282039704336736,-0.071280167536346001)
 (-0.37446048357835487,0.095978702529550652)
 (-0.42856605955614308,0.16229183873647035)
 (0.22274799401438566,-0.80995921345211674)
 (-0.83022590917681827,-0.081145298258548493)
 (-0.2073552318469602,1.2542562374464605)
 (-0.22316381857700457,-0.44093305440438157)
 (-0.38724390455651181,0.61295888776639895)
 (-1.2246314982112689,0.17276731626001307)
 (0.78137326245972372,-0.41262952813425413)
 (0.25881851073394879,0.037750519904289917)
 (1.1206245234758967,0.27355603577872645)
 (-0.03397937355838461,-0.15076871747462933)
 (-0.36563897791616029,0.38220148725343928)
 (0.23498516813817252,-0.88597855414131443)
 (-0.29043336256470864,-0.58992670066462438)
 (-0.39853084206079364,0.93175267771744363)
 (0.84615194520784398,1.5526798838774463)
 (-0.26435752840658244,1.1833281979316574)
 (0.081092348446536525,0.24154777960670709)
 (0.62424232611950936,-0.71504523421140553)
 (-0.38789173135656807,0.066333303034148777)
 (-0.24791541115888902,1.4534442351714596)
 (-0.10655597889088353,-0.81653647349373859)
 (-0.90088262023590726,0.021978077752981384)
 (0.033627455195566619,-0.37756905434777188)
 (-0.27852134663247341,0.17849443318019984)
 (0.098375212055858238,-0.37432753493982007)
 (-0.36213699850025144,0.2510353492926562)
 (-1.1505674728172148,-1.7441289543679477)
 (0.22648419385257862,-0.19932999683814023)
 (0.62787193964857846,0.14362982689295692)
 (0.055843181873911393,-0.23814607158918216)
 (-1.6650547291103197,-1.103958532269449)
 (0.31766244383271924,-0.10560711532347962)
 (-0.31089607537133629,-0.29763765774762613)
 (-0.05616543708065596,0.16107036029420108)
 (1.217913197289338,-0.89794238770540546)
 (0.30075427433099622,-1.0975225290652739)
 (0.72624421850524334,0.26521419716662642)
 (0.24190071008415007,0.18168389796489351)
 (-0.13620459626344555,0.37695844846290338)
 (-0.074106088668546066,0.9709643253374356)
 (0.16764804510331921,-0.51032938881060796)
 (-0.9722282897404827,0.86816687131241987)
 (-0.8833402107725733,0.64941034826065014)
 (0.85296830785884115,0.41901563507649031)
 (0.28969384341015036,-1.3312112706718762)
 (-1.160748893948494,0.14200073747271746)
 (0.71014063846955233,0.80755194078768655)
 (0.12011507921396852,0.10751063623485843)
 (-0.11068707446871177,0.10464691640501293)
 (0.14851657580310587,-0.12416991454290841)
 (-0.42419320067235994,0.35319662104672472)
 (0.10066232886401062,0.063377973740678453)
 (-0.21044977373135276,-1.3079740182357456)
 (-0.21931574000691212,0.41650536949267669)
 (-0.13238045662980927,-0.41185779297833802)
 (1.0791053139229152,-1.1038791011857667)
 (-0.06335841325532672,0.084555671130905216)
 (-1.3462939574614481,-0.68277591321578179)
 (-0.052479746360987269,0.11811891621575468)
 (-0.65924200443678183,-0.29129392324600467)
 (-0.084982959639313849,0.00064647472193085642)
 (0.10965656571424856,-0.31875812606841913)
 (0.15477550604831322,0.18802385966462662)
 (0.12982309206586476,-0.58292767427860137)
 (0.4677448102906725,-0.56008269188584303)
 (-0.34383455811467151,-1.0422658694896154)
 (-0.04819695336144339,0.50974300119209104)
 (-1.1210264763731697,0.4863754242590459)
 (-0.38206055237251479,0.1979807233692254)
 (-1.201313996453925,1.4997688526176662)
 (0.603123211066388,0.23970301998477112)
 (-0.18202741533208044,0.37050767033579768)
 (-0.2421494399204232,-0.23988296063173153)
 (0.31966783273152433,0.00083353199012739521)
 (-1.318262242731232,-0.0017285952563348417)
 (0.92183886644479607,-0.024793587508629977)
 (0.064716051705612676,-0.51366206573424356)
 (-0.25055207247764955,-0.83402753997128587)
 (0.15887261177204459,-0.34805405171913562)
 (0.28866272973516904,0.31541855332044516)
 (-0.31286496595569613,2.6789314299088227)
 (-0.10914405461149078,-0.28859224315978677)
 (0.99135211859629058,0.54645188218424834)
 (0.16726494071185688,-0.83963657550634474)
 (-0.18665641844243205,0.5839242921092811)
 (1.1606729772624544,-0.0046519478745009057)
 (0.11116757755304629,-0.69997655832155414)
 (-0.31895151374997299,-1.1012467028586714)
 (-0.055182331202355994,0.57078167157855231)
 (0.47864107977617731,-0.24842446904388982)
 (-0.011004589588653607,0.77385778119165327)
 (0.29851728831309837,-0.15174709794863739)
 (-0.15128082851714503,-0.51649404296940338)
 (-0.45554418721753009,-0.083016193055038018)
 (-0.30969850215907962,-0.89239054660466532)
 (-0.35229660528711421,0.56373513329739411)
 (1.085482867257223,0.0082771209913580779)
 (0.052075285329398063,0.33848468314475555)
 (0.16024143179555539,-0.20216133809871067)
 (-0.12333108912314752,0.89326526774360071)
 (0.032230449316714024,-0.13162902441031243)
 (0.43611776813670705,0.55973794848205793)
 (0.75229406515149211,0.50800752195441334)
 (-0.0051977858585736114,0.88060197162794118)
 (0.22206308533662966,-1.4791829792908959)
 (-1.27234798612029,-0.81094493419184022)
 (-0.45543482552541759,1.2511050627887603)
 (-0.63713753780762539,0.5341560370842664)
 (0.23209727013076176,0.36021961370914313)
 (-0.038461793111577464,-0.6950491880805133)
 (-0.47437797852158958,0.56817972418269413)
 (0.77389158572318695,-0.30847008531989162)
 (-0.41804158062099139,-0.95946025451478356)
 (1.0947887339620621,0.51140817493334567)
 (0.060106794647292613,-0.059100354373082933)
 (0.30098613797728802,-0.36369994170382702)
 (-0.74188396401263468,-0.72874194440088491)
 (-0.30667363705246076,0.9829489887174212)
 (0.34507113257141009,-0.19483294596765099)
 (1.6320850293353879,-0.37969706584480756)
 (-0.55330765475715493,-2.6752781569076824)
 (-0.26007908587871953,0.40679216119566641)
 (-0.067159774173393152,0.052341387561442049)
 (-0.80422230049100785,-1.0207965422278127)
 (0.40214845045109038,-0.28421627858198084)
 (0.32226233857191983,0.1251876947364137)
 (-0.52456861674334332,0.29521021570109884)
 (-0.51674791382025886,0.42087224079163055)
 (-1.6116576249320038,-0.28623067009561898)
 (0.52974911804392588,-0.56002135724731905)
 (-0.27657751545140785,0.19426243520258507)
 (-0.6918018442952415,-0.45334705678380938)
 (0.027969925805584911,-0.52349535424900473)
 (0.199000989541502,0.36697246864211097)
 (0.025124242934619123,-0.44339731390679127)
 (0.25033856796556675,-0.095888979610431205)
 (-0.39821883273857056,-0.2811747388766298)
 (-0.26906810692230604,0.13774532504471909)
 (0.44324880833139529,0.65476925564419108)
