# Created by Octave 8.4.0, Thu Dec 11 09:47:21 2025 IST <gamana@Samsung>
# name: rician
# type: complex matrix
# rows: 2048
# columns: 1
 (0.23755494668955124,-0.29081923212499983)
 (0.15180728197198345,0.061433908842208423)
 (-0.31494430848013,-0.06848904276261171)
 (-1.9441545589264284,0.86312402314344572)
 (-0.3497050732928666,0.091528124924683402)
 (0.66422726747467531,-1.4871645593159739)
 (0.25414781792241092,-0.27713776718600591)
 (0.71310502126328279,-0.50779383595643945)
 (1.176749445263072,-2.2391272545628933)
 (-1.1290443687739722,-0.38539281081298377)
 (0.74962264575377036,0.83892248110821177)
 (0.40463979816586482,-1.3229294390291977)
 (-0.59156441120620895,0.35138528966386795)
 (0.090160197170210954,0.35615204505143722)
 (1.7629085541463285,0.5192333151962758)
 (-0.39917256783168681,-0.26758341768959842)
 (-0.47307252238887765,-0.26009670862822509)
 (-1.3089319193002402,0.26265063682896206)
 (0.24131261988475847,-0.034822539208605924)
 (-0.33740075324139041,-0.48654219166816737)
 (0.38776369533072863,-0.45576483692945813)
 (-0.61295806299016553,0.2729905243651517)
 (-0.91607687196899268,-0.56666276768445889)
 (-0.78194775729024613,0.45112648621977247)
 (-0.40933260323393578,-0.61997665408613556)
 (-0.011642924444697972,-0.53846709000668813)
 (0.40875720439196944,-0.050751184092562407)
 (-0.70510751479196954,-0.15928712266155207)
 (1.7044708123663699,0.29004745017575895)
 (0.86366379061356469,0.016019956400283974)
 (-0.0012996538608912866,0.7161826666388097)
 (-0.9692616710276204,-1.0177913384080777)
 (1.0137664904782926,0.34175004723581587)
 (-0.16932069064443747,-0.64362393249967542)
 (0.11029745985206013,0.41569937832470877)
 (0.1298739557115266,-1.185782262207818)
 (0.025686495716300106,-0.39709519051042025)
 (-1.149797403092006,1.1326361142081822)
 (-0.44934582003012286,0.87387845833215838)
 (-1.105208798949525,-1.0619037881878937)
 (-0.28275209207057017,-0.6844813413399603)
 (-0.71397146624684693,0.22528111891934849)
 (-0.2601549937303767,0.3699264322540628)
 (0.26257969263046932,1.5386425112172211)
 (1.2018173002496262,0.80155772320102836)
 (-0.33436422261538973,0.62116837930451829)
 (0.65352375763984782,0.10309790023148216)
 (-0.52288749844991689,0.50699425203621262)
 (0.4001278016112722,-0.25177316783316067)
 (0.22317727533803283,0.87788582634197354)
 (0.42600098006359011,-0.94692382448213053)
 (-0.076625860183990369,-1.1426541300221293)
 (0.69136117508285877,0.91615949155811305)
 (-0.75921659078454429,0.34984610538676608)
 (-1.6399119396935677,-0.21655927463427949)
 (-0.35023646131544922,1.2034451981517671)
 (-0.17141659244419549,1.1756343541056862)
 (-0.047323635183762189,-0.2657672688591744)
 (0.86900468723626256,0.81909752827022919)
 (-0.9738214337420833,-0.76895594546921131)
 (-0.42661317600093185,-0.43030616787059078)
 (1.5418762520418188,-0.037950847897883278)
 (-0.24740741542826405,0.079253593570297043)
 (1.2843739377153875,0.30006187255278727)
 (0.5334984701357659,-0.67853989344926702)
 (0.26921202571931308,0.84983454518984747)
 (0.99499639543582363,-0.00072976368456012519)
 (0.7151859380777259,-0.20256082972924627)
 (0.1249065687312223,-1.1822630056201522)
 (0.3782992667452017,-0.35238205424057539)
 (-0.24599941685137033,-0.4342204253027741)
 (-0.13440240678520443,-0.75103992098388916)
 (-0.11766317653274699,-0.78109847592560855)
 (-1.0078900829792252,0.64020424170356005)
 (0.45532562466174914,0.10043065764395945)
 (0.78171035062741612,0.14718244173559875)
 (0.44172879884081184,-0.55124535936023789)
 (0.85243838319234144,1.2172146987501611)
 (1.2751526540466316,0.021099577910310363)
 (-0.20607083280980626,0.0879501657867615)
 (-0.55466103774805031,0.023679865904652347)
 (0.65253979645403803,-1.3787841259787867)
 (-0.13691098906360336,0.13555017726695837)
 (0.26219766300549663,0.69481562363616589)
 (1.2566573368919196,-0.74323804616169453)
 (0.34470131200991266,0.1625311817620741)
 (-0.43071665187793817,-0.87525922898844355)
 (-0.49452353706139673,-0.65568033602346931)
 (-0.20284373124969407,-0.95048243240555708)
 (0.79471147908568385,-0.75739647432773582)
 (-0.40539568813512167,-0.42151285197418592)
 (0.62327473531907152,1.0753930050121401)
 (0.086295499333256642,-0.2864640911019658)
 (0.060985926869989937,1.0560680555481394)
 (-0.5554131856073512,0.62390580736558998)
 (0.604224541316144,-0.048279103334370632)
 (-0.31100101478584452,0.21110482605124736)
 (-0.46013621698888557,0.63155620695227233)
 (-0.74704044748217013,1.1922109535585688)
 (0.80689625951095523,-0.75910604118237535)
 (-0.66983224931812702,-0.036643643214971766)
 (0.87475881394059818,0.79779412433318497)
 (-0.24322312910591851,0.26272359307730941)
 (-0.67793097494002197,0.25005185195120483)
 (-0.16584161466566386,-0.44122708498566587)
 (0.41942643496662241,0.49329068486577948)
 (-0.32283139705704006,-0.46557099799350926)
 (-0.64570915524284245,0.018785924066228338)
 (0.29542706482401243,0.39933896466183277)
 (-0.61873796591504404,0.65133160819310421)
 (-0.43597385977799408,-0.65337537312284799)
 (-0.17746517706610573,-0.26692928497858359)
 (0.75865069648039063,0.60166620727516118)
 (0.16328822200747412,1.3559951751090131)
 (-0.6840379426195965,-0.58154122403014108)
 (0.22756333402747439,-0.62603650694988255)
 (-0.22209493310365372,-0.43438318309903223)
 (0.12419286684760636,-0.64563157101109814)
 (-0.26919634702856121,0.77966394763999236)
 (-0.18309878979364799,0.22857269728340943)
 (1.4702197846005514,0.17526012670698471)
 (-0.17569989973007166,-0.99277639068796975)
 (0.49603032932134239,-0.58300515163154609)
 (-0.077329634982815004,0.69451529788858957)
 (0.07270528594317191,-0.0068641544834028359)
 (0.15124743180170641,0.060514912935696774)
 (0.49738922999919255,-0.20452315473073365)
 (0.67624964537608367,0.25148791682650606)
 (-0.092005764861047751,0.51548876294570756)
 (-0.11892943552516136,0.16112848255390325)
 (0.26080907085424782,-0.42041932685692174)
 (-0.076250447258724902,0.74421017022997493)
 (0.033624355901832659,0.95713684091512674)
 (0.17990508600262572,0.17653450624607131)
 (-0.82577131341901533,-0.6463755925036373)
 (0.99485743330990029,-0.49335796603147697)
 (0.30164095590619655,0.16292543260109679)
 (0.23827804019084298,-1.2636556401193209)
 (-0.060638242536562692,0.35562518387950293)
 (0.23964783908851123,0.39796727854620162)
 (0.35079580507213998,1.0710757620089086)
 (1.0180515650029194,1.1634237731556158)
 (0.17859112001445557,0.43490785796418285)
 (0.86616414974205758,-0.28695789103553876)
 (0.094232269675660396,1.1689153800023175)
 (0.49312522093281919,1.5024849585500986)
 (-1.8392651415765799,-0.68955808759710235)
 (-1.2244758806032146,0.2418609566390158)
 (1.0385822220542735,0.77517368189346303)
 (1.4563998207872553,-0.91648694094137007)
 (0.59360259862745868,0.26921960651117216)
 (0.12673880308057503,0.40142728999663002)
 (0.18214367297844924,0.24047009085393312)
 (0.81819463672726944,-1.5061956870373263)
 (0.21996083799327418,0.28241037408144154)
 (-0.47666966051511483,-0.15533267482597499)
 (-0.21549396256532921,0.59519362623868588)
 (-1.1904061662629704,-0.33584549560659877)
 (0.52485889205556524,0.30872386775150373)
 (0.84018164518142024,0.10375871382940344)
 (0.88078688430308205,0.32685969611171695)
 (-1.19557792665301,0.06693142859232537)
 (-0.30360006999084294,0.22827167135027276)
 (0.50771747885690754,0.92725616112315301)
 (0.83304149427852936,-1.0481173573407041)
 (0.68242419430017387,1.1733686247526598)
 (0.36051867647139929,-0.88734691488606587)
 (1.1401108549008017,-1.3460218108647146)
 (1.3467932597932915,-1.0259808704523203)
 (-0.11119168964318445,0.16938992437903252)
 (0.15120793833885185,0.86510720203403824)
 (-0.41002710036032841,0.29748702680490235)
 (-0.53208228142183878,0.32166320713010654)
 (-1.3062294172604512,-0.73345823521082032)
 (0.01759816238530712,-0.78515590049008444)
 (-0.061762365441182326,0.73196424669172067)
 (0.41482947848591811,-1.0956099604171394)
 (0.67242532988633685,0.84405259593631166)
 (0.24396367788829743,-0.78858375801542968)
 (1.3211168969318836,1.2035863272792173)
