# Created by Octave 8.4.0, Thu Dec 11 09:47:22 2025 IST <gamana@Samsung>
# name: awgn20
# type: complex matrix
# rows: 2048
# columns: 1
 (0.93141888216676427,1.0488504623760837)
 (0.35824110394437109,-1.0090942932176137)
 (0.40156868757395608,-0.4259129053661645)
 (-0.91800100841979904,0.9502753027022488)
 (0.38719663287698808,-0.13687756206353435)
 (-0.26826475025185947,0.29065961417526942)
 (-0.99430162047328208,1.0107607325545998)
 (0.36203315023031957,0.29879448412533693)
 (-0.82306263136803937,-0.9457922544809505)
 (0.40150365169044111,-0.94058329803403784)
 (0.98584163994954233,1.0846451969528175)
 (-0.89433866757267477,0.89576583925839259)
 (0.97871296158594023,-0.90993923461016146)
 (0.30527881654271516,1.1045239850550961)
 (0.98496776282142295,-0.86785545484226578)
 (-0.86924022890289721,0.82817408439950968)
 (0.25469655457940299,0.88727152836252221)
 (-0.82494594062462534,-1.0756928045712246)
 (0.89370366892069353,0.99993640585742027)
 (-1.1057294928049832,0.34837929159818437)
 (-0.25749976191752783,-0.87395502321062957)
 (-0.31489016928196922,0.32902118397471319)
 (0.96442255791837084,1.0389202825362127)
 (-0.88135032495369015,0.84092017335427793)
 (0.3193439457819553,-0.91109013953388074)
 (0.30304821765921497,-0.32627362097586604)
 (0.93360967107384041,0.34135910922535717)
 (-0.95169696150928984,0.87963117477313957)
 (0.86260118982342093,-0.8270754546740583)
 (-1.0612054383590386,0.33315437575613466)
 (-0.97245014371438909,-0.87605853553754653)
 (-0.32582364390292035,-0.91164690835578732)
 (-0.25859277937153879,-0.30758256810804707)
 (0.41343464417127707,-0.31042387812331168)
 (0.26220915939866302,0.25078913959391491)
 (0.91182731801730132,0.32064875792979125)
 (-0.3527976002451696,-0.26231157800079097)
 (-0.36949763593772517,0.92476794824866015)
 (0.88441075350833886,0.2916668820849182)
 (0.85483080234979636,0.18802479632941554)
 (-0.27252584034792693,0.96998774445477054)
 (0.41531373825867141,0.42372340819871052)
 (-0.33567288834212661,-0.94251616768333935)
 (-1.0177739655653988,0.31556227996068703)
 (-0.18976925073122508,-0.34112862025545115)
 (-0.27153351095970346,0.3274183209583752)
 (1.0096225001419861,-1.0525412955846698)
 (-0.28664497431311958,-0.96721250774334322)
 (-0.31039766768995397,0.2999535330009957)
 (-0.22844647322403677,0.25196901985849873)
 (1.0615409389212185,-0.81085336082281112)
 (-0.9048489985086795,-0.99294185822973768)
 (-0.28773757763883034,-0.41920122608863924)
 (0.18361065069142218,-0.46808195286817234)
 (0.81371813788830183,-0.2254163920992133)
 (-0.96700427013325596,0.90281412646462533)
 (-0.74305828217415004,0.91866430303990698)
 (0.29617513508341148,0.40246981982295549)
 (0.35384553348517422,1.048339259655974)
 (0.94170216966881704,-0.91441267311631425)
 (-0.25893798219901731,0.97736139799008126)
 (-1.0207366266921389,-0.39232823626060009)
 (0.85091127887588991,-0.97848130308509118)
 (-0.87125577451876091,-0.51125713646761761)
 (-0.25481126563037659,1.0430151024337404)
 (-0.37971304695686869,-0.30683745082590119)
 (0.19968850455876141,-0.3251860054149977)
 (-1.0192620553563707,-1.0313415409225106)
 (0.40041979744769762,0.39871703137651721)
 (0.31326358732097714,0.29068391673080513)
 (-0.95508076992962931,0.31010625263468161)
 (-0.85442237907703544,0.25918296847082672)
 (-1.012583339479479,0.91868579889518531)
 (-0.35704134382996411,-0.94776031830111063)
 (-0.91310388800699538,0.41946214621933275)
 (0.85114395743360727,-0.96388611219540798)
 (0.41469847705296581,-0.97855930170923522)
 (-0.32310535391739414,-0.35045843211355399)
 (-0.40562076314367629,-0.98561883616939772)
 (-0.3071203859522591,-0.26774132349382479)
 (0.91825915968866156,-0.46273325414823091)
 (0.30524755957198119,-0.9178353083483517)
 (-0.96186033712487162,0.91279786506566041)
 (1.0059782646796378,0.40240731155072096)
 (-0.26503738519321418,-0.28667344802759204)
 (0.19776003418448965,0.38531385452705719)
 (0.92422770468192228,0.26350606553476341)
 (-0.27906602977341577,-1.0128572583048798)
 (0.95240060966339612,-1.0272848975758984)
 (0.15847679137765486,1.0478553872066336)
 (0.86706653413745649,0.92549700150653813)
 (0.96672875543010583,0.28108968197166345)
 (0.98067193136110853,-0.91805911152200581)
 (-0.3387785894104805,0.33831140215328392)
 (-0.41359257250732062,-1.0078045961418503)
 (0.91555631183594399,-0.34941728060991317)
 (-0.89311864932334872,-0.20018379978936585)
 (0.94168071645268292,-0.89263377991149906)
 (-0.37964699206161379,-0.84544691180152887)
 (0.950687906042189,-0.2949821077362077)
 (-0.42283161562172111,0.95808792702528689)
 (-0.312266545178153,0.88580500998304468)
 (-1.0314359471264851,0.9815628868639299)
 (-0.97514814598573329,0.41716080256183896)
 (-0.32084533402028442,-0.30989932894032535)
 (-0.43982470740353041,0.41406299414524295)
 (0.28400966781459125,-0.88009167045107495)
 (-0.34565311151851708,0.3601494926501827)
 (-0.25056130371667662,0.35262615118698137)
 (-0.96819969358205527,-0.83675301761192988)
 (-0.99540829227761063,0.80593089423614883)
 (0.33890930628992538,-1.0480226754022852)
 (-1.0267753374926092,-0.27940602344617349)
 (0.32544187317790463,0.25023888205722045)
 (0.3289875873640925,0.92021331749939228)
 (-0.88080069912829162,0.91029756301532838)
 (-0.95206272785888635,0.28604614113846338)
 (0.3420878368697664,-0.81611390748242929)
 (-0.9879211353321069,0.94502562558800873)
 (-0.30725637906221481,1.0240923527468095)
 (-0.983279904537816,-0.39000202426318309)
 (0.25676831075412238,1.0335071228789026)
 (-0.26560084191970856,-0.35149278848231591)
 (0.43133765893806719,-0.33377075062395373)
 (0.34455994324930322,0.26583990705452581)
 (0.45913421005837163,-0.32326901238120698)
 (-1.0292610014004742,-0.41520724536743508)
 (0.38984890540361294,-0.2624867879732008)
 (-0.8804259827248323,1.0150169964817894)
 (0.29425317876438994,0.99292213986577083)
 (0.90920743779962654,-0.43388431946095868)
 (-0.49930498023000358,0.34042647376297963)
 (-0.85347782723303722,-0.35567985160347426)
 (-0.88247331343807023,-0.15896094760109508)
 (-1.0652811185588686,0.27503844074211536)
 (-0.91576399957095922,-0.84094671125188381)
 (-0.98627986704715243,-0.96982976735440352)
 (0.18716818062378066,-0.36326822536105752)
 (0.97816220190770475,0.86491409778279338)
 (-0.89760361096058294,0.49370948115007907)
 (-1.0089057218471977,-0.9119562091341451)
 (0.89471334778817624,0.19272549089030011)
 (0.87220290193143446,-0.29880669802552351)
 (-0.94148674201119331,-0.89106521799056393)
 (-1.0189502599752402,-0.42088699629582838)
 (0.99476674876018334,0.98665657255133665)
 (0.37034860390517998,-0.90007814701606015)
 (-0.27117280253624404,0.32562342709217734)
 (1.1111544270388274,0.84160406241105401)
 (0.77349665486440744,-0.48610978158343154)
 (-0.3290075699901317,0.26378908454895877)
 (0.9073166249311525,-1.0134517969373991)
 (-0.91449586037846864,0.92663051035064781)
 (-1.0267101349884455,-0.92848288379894228)
 (0.88042668792705581,0.99945574088263678)
 (-0.23878755741534635,0.8625173877809994)
 (0.97896545904721455,0.28581014094515567)
 (-0.40759726144259939,-0.23294663303085217)
 (-0.22432934753546141,-0.91521715306063844)
 (-0.93990275198577333,-0.89441975415104047)
 (1.0353664840876209,0.91936111843395019)
 (-0.80743345868596061,-1.0021819690835039)
 (-0.37723439610565135,-0.29363022316324172)
 (-0.32600643242594574,0.86745187285502756)
 (0.29353239729809855,0.87141968122152069)
 (0.96215362020233941,0.85904443367928396)
 (1.0848095766480563,0.89517347646677858)
 (0.31951372155699509,-0.97708429862038526)
 (-0.90761919568369431,0.92493531436627185)
 (0.97358377740557844,-0.94308435888035824)
 (0.92082142674362866,-0.91846093453734656)
 (-0.87127553791874868,-0.44523918767026682)
 (0.92492501082329726,-0.8144686467001897)
 (-1.0627656276968735,0.30786735343026655)
 (-1.0303182542035649,-0.88017982293545283)
 (0.24190000645713694,-1.0025035660639523)
 (0.91550546397492383,-0.90440168048458625)
 (-0.32015068608521052,0.89985023611943338)
 (-0.21751809197508123,-0.86048610304235096)
 (1.0658963976794158,0.26045098240122977)
