# Created by Octave 8.4.0, Thu Dec 11 09:47:22 2025 IST <gamana@Samsung>
# name: rician
# type: complex matrix
# rows: 2048
# columns: 1
 (-0.31534444620950064,0.43645473894481368)
 (-0.13446206435846658,0.25752875210156784)
 (-0.52461634926880574,0.5170991839115604)
 (-0.053886636943145237,0.10118939857039963)
 (0.052782674421030969,0.05186348706225645)
 (-0.29034460545453278,-0.34748122239500323)
 (-1.4420958870509901,-0.44028234182705828)
 (0.13749377655079981,-0.83868773809595598)
 (-0.84306145510263142,-0.65860497365676129)
 (-0.19744140721468206,0.12991812118372309)
 (0.70822939654824091,-1.3765760932004125)
 (-0.22159117511428178,0.57357266922269312)
 (-1.0561526944632855,0.30984598399937407)
 (-0.50599170933539983,-0.21475523138629224)
 (0.38577878256437564,0.52558915066830136)
 (-0.33247009414220452,0.17677966708395651)
 (-0.68040034970771679,0.46387207431892852)
 (0.00084917492162389641,-1.0000069949906099)
 (0.28865818497297252,-0.74693696525231146)
 (-0.92915485650969043,1.1220922600444627)
 (-0.88410186741695096,-1.5913298639492428)
 (0.9647158466426522,-0.55459860769850744)
 (0.15427862359119277,0.34559394850060215)
 (-1.0922589476801217,0.77814217731171598)
 (-0.30451838471006293,-0.84106619411316319)
 (-0.29132978797875564,0.1762584525609785)
 (-0.50755383705313006,0.38048235004996217)
 (1.1333522159287592,-0.95798189498968589)
 (0.86399806573059401,0.70185251212553312)
 (-0.1077457658335601,0.18501104469694638)
 (0.43401735402609176,-0.090273440216098649)
 (0.41831951201802892,-0.47313240313487642)
 (0.71965692744709209,-1.0701339213228336)
 (-0.50497136615003546,-0.087186675457362445)
 (-0.63373201459461825,0.39771736867142604)
 (-0.73130942962136181,-0.32268818290278284)
 (0.4142884985416424,0.092020138637240234)
 (-0.93994424696029399,-0.31634684666298352)
 (0.57356069733191672,0.29882400701549466)
 (-0.35200813980939372,0.75196836845900117)
 (-0.86985342516872111,-0.42101418707059746)
 (-1.4311711995670522,0.67294753123587014)
 (0.54733947956895967,0.98170632834152349)
 (-1.6568958670811269,1.0333897853319653)
 (1.5632532733485589,-0.0028004846723792554)
 (0.24374761409606094,0.05797374826141273)
 (-0.27432297999058197,-0.2151289756923373)
 (0.90504898563364267,0.17815132992046351)
 (0.02851016076293187,-0.15649479362981003)
 (-0.62689971983237791,-0.60259850659177117)
 (0.27481842338574297,-0.27503469485304327)
 (0.27987485963458852,0.39346616293098163)
 (0.66395564921527006,-0.47658128117042947)
 (0.74808034471685403,-0.77273889567008536)
 (0.46368430117046588,-0.61026920481143043)
 (0.57429394902567654,0.65619278409501502)
 (-0.38451203080348784,0.93575264349160558)
 (-0.48464707112299743,-0.202490981152219)
 (-0.51150445444636017,0.7428288085953646)
 (0.42868139115488668,-0.23454493658181669)
 (-0.4562200373623318,0.040916399068911674)
 (-0.53144026365914487,0.47101057917191524)
 (-1.3902535162623415,0.33786436211581944)
 (0.30965524531511301,-1.0310460045367122)
 (-0.84240792434821654,0.0052131134261741707)
 (0.26956306525994916,0.37489941651741715)
 (-0.23113607145944376,-0.10779120097592904)
 (0.19685984871818221,0.34175733269966158)
 (-0.51016609717950123,-0.57441219826610679)
 (-0.35410214137508933,1.1177280545342059)
 (-0.18890569760625403,-0.15186219422170227)
 (-0.62681027278595014,0.35305347174552082)
 (0.45085005391788552,-0.29457629315722439)
 (-0.95816858158945806,-1.2414999475936286)
 (-0.35623812517014702,1.0495290767270078)
 (-0.91392521235359792,0.20936565913978838)
 (0.87419481480337657,1.1145722657787751)
 (0.53575080938331865,-0.22210073401898775)
 (0.84475918305011544,-0.036636651728575359)
 (-0.3317592984098679,0.23402201138027806)
 (-0.5391801347512073,-1.2924608994591638)
 (-1.1442739150886849,-0.41174573434445888)
 (-0.36863304066709401,0.38764114707658059)
 (0.204827700252667,0.86422331996195267)
 (0.30215433577653761,1.2453303539806486)
 (0.67449002696311611,-0.93191405682630835)
 (-1.216301534289562,-0.92392325779185491)
 (-0.28448439825002736,-0.60955862283315854)
 (0.2146077440153322,-0.48314003674670392)
 (0.43804226510550676,-0.19280957742240373)
 (0.78089347705838263,-0.25540711745707756)
 (-0.59830744543112213,0.047262166351841217)
 (0.56630568427964301,0.14987945014398571)
 (-0.6208349408171302,0.36294025736699609)
 (-0.92976581753347631,-0.44833592462112321)
 (-0.55141037816283078,1.2464209894339149)
 (1.0669458114955597,-0.45761263555345899)
 (0.36838722761021797,1.0559158132838573)
 (0.89025267623717386,-0.76650715538460013)
 (0.056193498426756638,0.90939736459573817)
 (-0.96808134692484005,0.051311914237275658)
 (-0.65166535266265002,-0.072544147786735569)
 (-0.4024827251384766,-0.23654422194736011)
 (0.19156877445955456,1.473795569025337)
 (-0.58085706403281323,-1.591642259287501)
 (1.2427040646434873,-0.058515342041925378)
 (-0.06001175817819393,1.006878124804669)
 (-0.75669882108113762,-0.40578875013117416)
 (-0.46908364289803195,0.29888966925105498)
 (-1.0887997082335916,-0.86221263567065476)
 (0.65417499209707763,0.14752266427992616)
 (0.87239435939267773,0.30639666172122582)
 (-1.2555673348448242,-1.3806757380831651)
 (-0.95514919385713082,0.58035538993185953)
 (0.47481111740603693,0.4782295086728689)
 (-1.3896178857982071,0.23224702954809612)
 (0.9384575640661641,0.77264329774558116)
 (-1.1878028286315532,0.9316855854700381)
 (0.85167307320264096,0.628062897486518)
 (0.31509445282100201,0.21912323577702941)
 (1.067378279175121,-0.12714184155941555)
 (0.22920810651924206,1.233026962788538)
 (0.52925228009011183,-0.95195018313471969)
 (-1.26124064526142,0.44096059606829741)
 (-0.12396017591486716,0.75391310634565389)
 (-0.59161319408352253,-0.50951136306378486)
 (0.55990814063911865,0.92944436706382683)
 (0.27316362635784747,0.75130496584666373)
 (0.19474615739509052,0.17283232544483665)
 (0.68224074573487725,-0.2992263501828763)
 (-0.37529621343395514,-0.62661706453952914)
 (0.27993382950589796,-0.66013558346514689)
 (0.26024737256937075,-1.6479629502599522)
 (0.19363352562633623,-0.25120207188874621)
 (0.94200725173918698,0.096571532056923343)
 (-0.26041001211930925,-1.2181705909195994)
 (-0.60632119275526797,0.61477994216030696)
 (0.21767197723136153,1.0805154187681218)
 (-1.0798771557383449,-0.0775218780642421)
 (0.41936309160722446,0.87692311128019551)
 (-0.79583552158966797,-0.26371364240157913)
 (-0.29720827001644545,0.12836853763733425)
 (0.21855142081161086,-0.84006422671127967)
 (-0.15008810827464278,-0.88741098553887598)
 (-0.37413264347137787,-1.6038484635346397)
 (-1.0383680910439619,1.2455046464606778)
 (0.46392885079580826,-0.25474238448309194)
 (-0.63999334355113924,1.9791159358926871)
 (-0.70098974635287881,0.6517810979328077)
 (0.45183331131223131,-0.028266570509034639)
 (0.64854158654414629,-1.3717312143348073)
 (0.9083938817177285,0.39923299976094029)
 (-0.79534151951643439,0.76583945110339191)
 (0.058849923633820078,0.38686109744703917)
 (-0.85849667522194772,-0.48854282855836484)
 (0.95851941767249205,0.34435282896139363)
 (0.52000039688222943,0.076314093250382728)
 (-1.1000665406496934,0.35116328402073366)
 (0.87588989417952312,-0.89860552525513826)
 (0.24691480654447878,0.51962685795529129)
 (-0.13462596397317758,-0.42536269845700597)
 (0.36958948907313594,-1.1060591623203784)
 (-1.0460151344326336,-0.29086795955620842)
 (0.98363753338443993,-0.38978561801066502)
 (0.12396613919684354,1.1979713188381962)
 (0.14823077265765949,1.4316884149644507)
 (0.98228141832065941,-0.469226662627171)
 (0.53923309272951991,0.96542349390423765)
 (1.494158977411191,0.4143756324665715)
 (-0.34305447859446098,1.8284311190905946)
 (1.1509766439159406,0.24332530053445789)
 (-1.0105144427410815,-0.097487362293610047)
 (-0.25044245886181726,-0.57040112566164225)
 (-0.4517380201613711,-1.5066476732180778)
 (-0.2304488102542222,0.46342274442279158)
 (-0.44169768240473473,0.71383956519242764)
 (-0.23123497220771705,-0.37110510409987785)
 (1.3518447209850497,-1.6127803907530218)
 (-0.017784747377186438,-1.0522130564637548)
 (-1.0680532146133093,-0.37670956440409537)
