# Created by Octave 8.4.0, Thu Dec 11 09:47:22 2025 IST <gamana@Samsung>
# name: awgn20
# type: complex matrix
# rows: 2048
# columns: 1
 (-0.89572151321916738,0.48658693795868285)
 (-0.94615647359685029,1.1059064725254346)
 (0.7857925380783144,0.90543307766834713)
 (0.89663067707599164,-0.89326331987294627)
 (-0.2412404735424829,-0.25648352416566145)
 (-0.87621518318237679,-0.38261007389850288)
 (-0.27373911110152116,-0.26339957669247327)
 (-0.37695989080885789,-0.23074165294926072)
 (-0.96787576484590887,-0.37932400825457635)
 (0.44286472526328369,0.79406636723455692)
 (0.29088051144578564,0.80024188752597536)
 (-0.34931043345538965,-0.32383131354923278)
 (0.97967148908976553,-0.83915097305623021)
 (-0.31706178650651723,-1.0565107632381046)
 (-0.42855497321980679,-0.27179549109475321)
 (-0.95403603959940209,0.79592905618847554)
 (1.1359954873577531,-1.0134061541420623)
 (-0.99307162242056102,0.17360772080412448)
 (0.32386412170758705,-1.0002485793743225)
 (0.96381418622773696,-0.389363078863673)
 (1.0185948136159062,-0.34693767394227093)
 (0.96416726188160973,-0.90035846554835686)
 (-0.88425072534207083,0.35898695369995726)
 (0.32062177383178764,0.93659494734921367)
 (-0.22347856762396878,0.9938267633479364)
 (-0.23859804231237608,0.94533810346359193)
 (1.109564965432273,0.93170054254663892)
 (0.27954160486792556,-0.39495545349712835)
 (-0.37027651559312935,0.34479824376038171)
 (-0.8669125147399166,-0.40584678579128097)
 (0.24841954750681478,0.86426050081392924)
 (0.3568875670277849,-0.33774065414817345)
 (-0.91365590652211581,1.042927314607869)
 (-0.99198682550605521,0.87869594699493259)
 (-0.25603738811985255,0.96406888210330521)
 (-0.87271242742354205,-0.36424022026954672)
 (0.23566988772494518,0.94099658593237911)
 (-0.33130463176673308,0.86091988131863939)
 (-0.3822208300736134,0.43681390169720535)
 (-0.19074196122528683,-0.95213497813071157)
 (0.28098386020848987,0.3257116329219516)
 (-0.28528358958876354,-0.9571047568951192)
 (-0.15677492799274312,0.37603514244048419)
 (-1.0497678991523314,0.35732059237278396)
 (0.28459709917651904,-0.95289827996282483)
 (-1.085557764897259,-0.92466032348582616)
 (-0.22425307989720927,0.93315834756259686)
 (-0.93692186340459871,0.20149906554059677)
 (-1.0361066099047598,-0.97481952692352281)
 (-0.98298247199857547,-1.0601267259925484)
 (1.1046469119696729,-0.26245971940288126)
 (1.0132681876896998,-0.84760936186208968)
 (-0.9278091020565995,-0.26801325824960276)
 (-0.40970808193858888,-0.30020739425665904)
 (0.39740886517608387,0.35197518659491284)
 (0.37266454948215666,-0.94869251575418834)
 (0.99879319926435184,0.9112427976217522)
 (0.93454533594427991,-0.98135110135145165)
 (-0.37503964478145674,0.34034265948263132)
 (-0.27258751655168573,0.23213752961630824)
 (1.0146148722898927,0.88888344214977599)
 (-0.86664672806200427,-1.02307552536714)
 (-1.000938800369815,-0.35466756030447655)
 (-0.98091370583639981,-0.96350253403886876)
 (-1.008718971228979,-0.388894887070241)
 (-0.25038804206688248,-0.96036097779735419)
 (0.95261499251399717,0.92285409294647114)
 (0.78646871352657832,-0.28342052307947474)
 (0.92470692178992742,-0.19123302513119522)
 (-0.97115449753087002,-0.31344171740811855)
 (-1.0026419713368904,0.99902208952965155)
 (0.25877496327496197,0.2735100908720775)
 (0.96424204136698122,-0.41368031581388359)
 (-0.44469445799814111,0.33000092761748079)
 (-0.26381450321191124,0.85565827066314926)
 (-0.86061631748582024,0.23702962281785306)
 (-0.9447686923131039,-0.26905919673519185)
 (-0.98830113213850435,0.25550901286957134)
 (0.8853068782218676,-0.23516630812987899)
 (-0.93651646763275342,0.40674346544113715)
 (0.97448768493174009,0.31103058380037141)
 (-0.82670470866580059,-0.94913078598001943)
 (0.27639561984947891,-0.3151331690793821)
 (-0.36024126323116001,0.98114142893848277)
 (1.0387227756527673,-1.0141063889083335)
 (0.36149537485985178,0.83975432634495872)
 (-0.8916502233445166,-0.92163814293145463)
 (-0.31539451605664115,0.32232505634267328)
 (-0.41930888136924505,0.89005526081120656)
 (-0.94647774882266245,0.97438767213748279)
 (-0.93377440849182847,-1.0419527223457976)
 (-0.96387504225732068,1.0291203912228917)
 (-0.34623517862556341,-0.37835577959861139)
 (1.0073585601954707,-0.31294316950033435)
 (-0.94706288369449632,-0.3491056535067194)
 (0.13572013141133427,1.0915006302028802)
 (0.94921203375932195,-0.20719654000740062)
 (1.0352894976284706,-0.36597499441291248)
 (0.95667738815513836,0.85408318975406328)
 (0.28264374877926118,-0.27992237411793314)
 (0.90931785234956397,0.94315296710526841)
 (0.25870743471032892,-0.90660505696456306)
 (-0.35813757955973236,-1.0861437140876742)
 (0.29853113879595772,-0.96067452401378728)
 (0.23336819071651171,-0.91608436511790281)
 (0.31414656850206896,0.99191459376434443)
 (0.94312020982683453,1.0831898620809699)
 (-0.43438143900730158,0.99655143430636783)
 (0.89826266596304183,0.34868764151423715)
 (-0.96055801366819193,0.34034519778404876)
 (1.0437313379909627,-0.88259774371458)
 (0.96966249973532459,0.298586814072339)
 (0.90623711464615253,-0.35478633904046192)
 (0.37094984034458622,0.40224590590258658)
 (-0.26928779015132487,-0.28344940888899101)
 (0.44024409410962623,0.36349677854015155)
 (0.21116398545844173,-0.33734077677880836)
 (-0.89572632947186603,-1.009531499114976)
 (-0.38557194821923796,1.0704737620187197)
 (0.95205049967275235,1.1123565142545462)
 (0.34614001475033995,-0.90633645020763376)
 (0.92743069345395146,0.39530340834336375)
 (0.20516247514591468,0.17199971025882696)
 (-0.37006983203964811,-1.0428228282648242)
 (-0.8122616995819244,0.39736179484685286)
 (0.98091385901708261,0.3822017529924136)
 (-0.97922820853899539,0.39139871343973792)
 (-1.0285305629330024,0.9134663850357484)
 (-0.25717300826363709,0.29659624138522406)
 (0.35949869027859288,-0.35450858596933177)
 (-0.94840314987715302,-0.35907020317485178)
 (-0.41595405865057422,-0.24752767833557668)
 (-0.86810499577953282,0.28310263296362004)
 (0.95991540869055403,-0.33255657527368998)
 (-0.89642620654656502,-0.96628226927517236)
 (0.35698837717671128,0.93744348506698483)
 (1.0040344046350982,-0.36833473057950694)
 (-0.34713022314174835,0.1985621717453111)
 (-0.4243727766060712,-0.24839099630982547)
 (-0.43822988554122283,-0.16997480208825691)
 (-0.35875598719981672,0.34855065319618839)
 (0.92156208872064516,0.91369015984167945)
 (-0.31253835331760133,-0.99657912924575054)
 (0.8573552335649437,1.0122363453074013)
 (-0.33903351191184533,0.34452288921596014)
 (0.87098353596260292,0.92972588916988297)
 (-0.98474058942930598,-0.21200618701869448)
 (0.24949534566246145,-0.45206390347212289)
 (0.31881694153162515,-0.37514974278741825)
 (0.41926642534365466,0.26136785917561156)
 (0.34326293650305711,0.22059100575855539)
 (0.93101787245004197,-0.92539972802917336)
 (-0.30036549343032976,-0.23056942698679719)
 (0.33431513794710666,-0.23167409508421333)
 (0.92981505657603569,-0.25382332833912197)
 (-0.22435554896458357,0.26810861820800891)
 (0.25365571145980714,0.361492712653943)
 (0.39098327461450405,-1.0137388373615617)
 (-0.27220976127616836,0.47764674855631384)
 (0.31005069155416559,0.29405719326715341)
 (0.24174445709916154,0.21535852892519941)
 (0.37886836913211108,0.83039009579779244)
 (-0.30822064348862244,-0.35349597797419424)
 (0.31080210009228959,-0.36968751126174815)
 (-0.94355913866829078,-0.28873026051738537)
 (-0.90484983008344255,-0.95927288449301151)
 (0.31079048136997361,0.9500382675390231)
 (0.8341188283468407,1.048719785400873)
 (-0.92753149493150044,0.40711750274742409)
 (-0.36832083924267633,1.0356705096091645)
 (0.32990964014281804,-0.83850190562772942)
 (1.0075264595378659,0.30168085258910393)
 (0.97008552647391411,0.88521714765757786)
 (1.0455694310762347,-0.37818766859373543)
 (0.32190640996487291,0.37658228947222955)
 (-0.48933670725101719,0.90680012057433657)
 (0.84976978807596681,-0.42015946713442121)
 (-0.37513456059027744,-0.91310103176973056)
 (-1.0697321829734989,0.36253871018474437)
 (-0.31122636521316416,-0.99136863176463186)
