# Created by Octave 8.4.0, Thu Dec 11 09:47:22 2025 IST <gamana@Samsung>
# name: rician
# type: complex matrix
# rows: 2048
# columns: 1
 (-0.77561957103141144,0.9991694649945666)
 (0.45909333056989537,0.3641171287027577)
 (-0.40965532985792663,-1.5378214280922375)
 (0.11903290158497359,-0.89296616368051973)
 (-0.4705855905741162,-0.10202766188533088)
 (0.5755751646388142,0.43031195267446931)
 (-0.45747188439825148,0.84431410984195721)
 (0.45397639388318756,0.074954354033221621)
 (0.16680808437787142,0.20221964526097563)
 (-0.17797093191134908,1.3255862352031853)
 (0.63436192188441154,0.22824825691857023)
 (0.11335952959772938,0.95202568842162116)
 (0.46592875305405057,0.36722027526796452)
 (0.30116882539937062,0.66026753310273967)
 (0.71020892446726158,-1.0825923836918789)
 (-0.041206898552461291,-0.81925882625976676)
 (0.11760363522778335,0.21231318186265458)
 (0.41665090900089047,-1.3098592797305788)
 (-0.86383066919529794,0.38444192547570599)
 (0.4445005135229626,0.44095428742638787)
 (0.33013520188176121,0.35085095047541542)
 (0.94625521427362203,0.30355266875254605)
 (0.49185969355475923,-0.13461028575659673)
 (0.74852155648629337,-0.21472279385725557)
 (0.66782452035207696,-0.73300039604135403)
 (-0.071669983189347974,-1.1762720669302285)
 (-0.82221308147754346,0.29510681450414866)
 (0.29851203238596452,-0.43431684545476107)
 (-0.36379665383036958,0.26482754280209253)
 (0.60033558174212287,-0.50563529640593929)
 (-0.64822511152994833,0.15858380644710093)
 (0.26654035952082283,0.12449008641750879)
 (0.08371162177454608,-0.71375255965104689)
 (0.85914042379982691,0.053588319772816806)
 (-0.27031619672990564,-0.98240482005727703)
 (0.36912393587167258,0.37424160104276993)
 (0.65876073222488607,0.07692741828758809)
 (-0.24883670317183332,-0.12543449154406011)
 (0.19205941135814766,0.39380256916759626)
 (0.12954546672312989,0.44165656011706983)
 (-1.033530261223597,0.8392204618461806)
 (-0.30944604534845016,-0.06231688786651185)
 (0.34159333414932497,0.10963305475764656)
 (-0.14029744951384016,-0.36613247253383796)
 (0.76726524504451277,0.82445214674714939)
 (-0.80255478162028304,0.37608808176892239)
 (1.1828640858039203,0.52529310563947818)
 (-0.8933547205918595,0.79311350531549207)
 (-0.49858799923673275,-0.61286853657350104)
 (0.75329485586195111,-0.784917640068167)
 (0.37020649286320512,-0.12487434094046222)
 (0.17494222071787341,0.668272484477197)
 (-1.0215191140811295,0.37051507347640034)
 (-0.42755133592665895,-1.0537177447950197)
 (-0.97281967822282578,-1.0828108322876444)
 (-0.18826598927950983,-0.19300403119384851)
 (-0.52244221753700371,-1.0265397251417634)
 (-1.191413297526575,0.085009888306276093)
 (0.18759037501133574,-0.93674072943635778)
 (-0.55588928428440609,0.24414494087474206)
 (-0.14972056557824848,-1.1665299047896649)
 (0.51333132382345581,-0.33001351969701848)
 (0.92212543582514161,0.85675439904961914)
 (-0.2694449857002148,0.51403787285501945)
 (0.96624676482191474,-1.2305706263354559)
 (1.0480583956481073,0.38021919549116528)
 (-0.77207154018083213,-1.0569608646186426)
 (-0.38225291265645561,0.77287618143453152)
 (-1.8360478552264905,-0.72802768398490847)
 (-0.88582137525563343,-0.30270964827396368)
 (0.98037368878413333,-0.99735957762903038)
 (-0.83003856783004026,-0.66782136983573992)
 (-1.0717736390543982,0.6295236103022015)
 (1.4461132299325572,-0.68998477539396208)
 (-0.34079925211313433,-0.26730360209791448)
 (0.83424112601211264,1.4961962994883446)
 (-0.76148215664024477,-1.1009140725284376)
 (-0.7500690254149569,-0.63376798146515734)
 (1.2075383701509352,-0.9751431412481637)
 (0.45760364544607252,-1.1074140648370174)
 (0.88617073302423421,-0.75300825558291751)
 (-0.87908511309366644,-0.38865252459584854)
 (-0.49121708727156166,0.77537304011235808)
 (0.79851747295984543,-0.79394243414453625)
 (-0.36858086565872489,-0.38747820944132244)
 (-0.33199779576062471,-0.15377778520684707)
 (0.021451148903729067,-0.56629861763672795)
 (0.37034724973522232,-0.54989610889312313)
 (-0.073377955558798141,0.2592217422798952)
 (-0.20676503227972573,-0.38739342102769847)
 (-0.8495231792435799,0.19936438265453005)
 (-0.98201184988551304,0.42471242032602147)
 (-1.1004810460022996,-0.74597311818471412)
 (-0.33857546879443812,-0.31654698935684333)
 (0.85410187273661198,0.56134293130390711)
 (-0.27045217555521783,1.1693024882729779)
 (0.81321316748461459,-0.19930485250987756)
 (0.34741049299461058,-0.22150692161303187)
 (-0.26760308670526989,0.92914524694554723)
 (0.76297298143573267,0.002498701636463263)
 (-0.21777822690281587,-0.27110204296846685)
 (0.1865208792817408,0.72709339402586037)
 (-0.87277566527822192,1.4884132021624417)
 (-0.68181247173168225,0.45054902037352956)
 (0.32270449405746382,0.36644341523558777)
 (0.64413728935956005,-0.33249182271321481)
 (0.12194835754455456,-0.17995869874049303)
 (-0.50071338721498726,0.61211839095364362)
 (0.30382220413465444,-1.0624391631479737)
 (0.24283430694723013,0.15991491326925594)
 (0.16981151310154965,-0.5367275175919386)
 (1.094169367500605,-0.80725538374233141)
 (-1.2845518426118328,1.1069855943051312)
 (0.43958106449785261,-0.4479742295755228)
 (0.14580353699772022,0.49645493490117643)
 (0.5925129690557529,-0.03766332398385458)
 (-0.73418832714465321,0.14740718515269502)
 (-1.0081999841021503,-0.72101206673610485)
 (-0.40656925092453766,0.15646567656057334)
 (1.213526783088466,-0.12420361315010392)
 (0.1114968150056496,-0.27092958447807441)
 (0.16468887021973352,0.29880269372625012)
 (-0.12736027654270399,0.55158880202075566)
 (0.052505174015413936,1.4224059643837372)
 (0.5700168579779441,0.41051629497676367)
 (1.1238719273868876,-0.56181621976952034)
 (0.47880945203574432,-0.70006336378293554)
 (-0.50711485949622537,-0.85612426230317296)
 (-0.22852007006274724,0.47601580909917152)
 (0.31067417201583042,-0.37168792337835915)
 (-0.40868412976392154,-0.96965446145808709)
 (0.050900815078982586,-1.0174581767110837)
 (0.84200397784074277,-0.25033896810081763)
 (0.012265518817478942,-0.066205884397171316)
 (0.24544854282499834,-0.28879898246146091)
 (0.2957856203428269,0.39056304603538761)
 (0.23845498213292882,0.24511889527269443)
 (-0.92461982826892819,-0.47726737289065352)
 (-1.5513549309531356,0.93565273110286307)
 (0.35501176431178139,-1.170405161284749)
 (1.3095652265281461,-0.86378228235301346)
 (1.5463611946243205,-0.016273403574282475)
 (0.50759268687445958,0.38795376226608957)
 (0.39059625324596525,0.45071991145414103)
 (-0.062819206196819743,0.33571393613854467)
 (-0.70660039518281725,0.1563981360450491)
 (-0.59766958173045581,-1.1768931114436785)
 (1.0208828537012644,-0.0089467808478016497)
 (-1.261762693058486,-0.41649179414524551)
 (1.3676242708949193,0.5516022233338711)
 (0.65073037407324885,0.20524146101766799)
 (1.64085341827959,-1.1390716253572157)
 (-0.32564473191902532,-0.33981696564682184)
 (-0.92994244932868719,0.33517987965106089)
 (-1.1496449582269079,0.048242721664448152)
 (-0.084796632633054314,-0.33621155024296362)
 (-1.4327123509618265,0.38892542433990751)
 (0.1319085432298186,0.17368790873551809)
 (0.53792468147487538,0.049753225488266356)
 (0.65135656531071429,-1.2961231880954844)
 (-0.25402859717933235,-0.58180085726433839)
 (-1.2677967159759527,0.27068304340794003)
 (0.34954899685231666,-0.26090463138591086)
 (-1.1495399826315487,1.1660549358509475)
 (0.46030748792765103,-0.4184253584322099)
 (-0.14116265222207225,-0.3745295190932687)
 (1.3274911390769937,0.62302345006994486)
 (0.75709552205498487,-0.61916154214625574)
 (-0.69230217866674892,-1.1393173914293122)
 (-0.90124008842474768,1.5475432172545385)
 (0.82446441720594854,-1.6733151893096916)
 (-0.38244641822834657,0.11239815277599835)
 (0.098738387100647279,-0.37033156468771222)
 (0.74667970968437869,1.1044925381806858)
 (0.20416014257440512,-0.41135655474288141)
 (-0.33175992898358686,0.45981847458244623)
 (0.52344621704865768,-1.2440890096211215)
 (0.89633007844660473,-0.24665856633151945)
 (-1.1379492828271462,0.12280777972924822)
 (0.5570047160576419,-0.9257202903470495)
