# Created by Octave 8.4.0, Thu Dec 11 09:47:22 2025 IST <gamana@Samsung>
# name: rayl
# type: complex matrix
# rows: 2048
# columns: 1
 (-1.4517141175580608,-0.22718786086572434)
 (-0.055600756337940427,0.5798463423943877)
 (-0.97849621836197787,-0.53867327517211261)
 (-0.57853712834538995,-1.5149665856671954)
 (0.074096648636991169,0.040046886606555733)
 (-0.67907686272425205,0.72438601690809956)
 (-0.039458933193951995,0.94998734721400613)
 (0.075244592071265992,0.78699193931390876)
 (0.8325383614830778,-0.87229933671257165)
 (-1.0654472139232374,0.38372322620812782)
 (0.83372967691054534,-0.17605934810060364)
 (0.12167852351719287,0.28084128792616531)
 (0.016516553927030383,0.032002851574602739)
 (-1.8580132461636047,0.53294589875467946)
 (-0.68737479176936311,1.0870323750522335)
 (-0.19845115269535063,0.061955275847099076)
 (0.48866082753616863,-0.092458568109989453)
 (0.28775974410306532,-0.028042456372874766)
 (0.13909721559675692,0.54014949121074773)
 (-1.1098037889418619,-0.14460540388893867)
 (0.62550485805751121,-0.10173095074103201)
 (0.45455223941151257,0.15072331592719981)
 (-0.032974062716841911,0.091428994098656541)
 (-0.42441235498857299,0.19335541027829981)
 (-0.01370945163529394,0.49891822922916385)
 (0.22540239415303676,-0.34702593950161098)
 (-0.010039739301751602,0.14128368103881248)
 (0.15185131953018227,-0.12117888917324966)
 (-0.62407050535546271,-0.11088061779761682)
 (-0.067332553440741544,-0.11943635243337883)
 (0.10649441824238408,0.36440831113208622)
 (0.28883355013039319,-0.5228390504097431)
 (-0.17457856287306694,-0.12924361675183393)
 (-0.11932432200157972,0.36510129783916756)
 (0.092947167107700235,-0.47621168819477455)
 (-0.11446612142425819,0.17710780255711336)
 (-0.055525063835179606,0.010017286957634795)
 (-0.33852267218630228,-0.41193094943538155)
 (-0.78638590147015863,1.0560598607923091)
 (0.34448014958329531,-0.21502653137458094)
 (0.92950493413373503,0.37539426984314783)
 (0.23320529784057001,0.63747186030713687)
 (0.042758556006418161,0.048960129165921323)
 (-0.19724495650912596,-0.58893618157309058)
 (-1.1082089882080932,0.75135347778258932)
 (-0.47601741590208146,-1.3190627701698054)
 (-0.9959162442163968,-0.044957729622790654)
 (0.26628607619666173,-0.24339204455017122)
 (-0.32084311467386134,-0.16163779082237911)
 (-1.2012100050413466,-0.18902315411156367)
 (-1.3965725621240357,-0.293708995998891)
 (-0.97565975394526738,-0.6135551929758849)
 (0.68268775968286399,0.2348226812165628)
 (-0.53061728416276466,-0.50271843249020998)
 (-0.20449953936940329,-0.02765962899335693)
 (0.70729723115243981,-0.068660324939483375)
 (-0.062276569877712171,-0.018363218305373779)
 (0.038529003758053446,-0.094443843436920014)
 (-0.30934014826594314,0.46297593076029753)
 (-1.4133232895826069,-0.12585790369136429)
 (-0.48010756364186169,-0.76592070081890384)
 (-0.91837528754119879,0.52180395965384452)
 (0.85875795275104183,-0.22095408670895325)
 (0.12238544636004746,0.0097734955429432287)
 (2.1755616602054788,-0.31349241785603177)
 (0.82637387037787602,0.16317397748026252)
 (0.87271113401782963,0.40367146359202655)
 (0.1480892499763197,-0.082500949766208143)
 (1.8106922091933166,-1.2734595784618012)
 (-0.51771921836404766,0.23879837138517215)
 (0.62704592583615293,-0.60255829324354226)
 (-0.39888759808558316,0.21497796403959982)
 (-0.006009173196854253,0.0055756087201129182)
 (1.2581786832785722,0.43402953802884331)
 (-0.0010977443125368413,0.15130914930171416)
 (1.3208016142909218,-0.59268357021436269)
 (-0.066023944178191782,0.27016846765525493)
 (-2.1220411095130185,1.1845850961146374)
 (-0.062383984755627897,0.14140949405847067)
 (0.41907446420893568,0.0037015807066725775)
 (-0.38700249138488074,0.65275084047377308)
 (-0.89217009714036044,0.60269585322501917)
 (-0.7912481979530579,0.035799435854967643)
 (0.68921572062325376,0.4299801464928219)
 (-0.11631378373828921,-0.73669985536716864)
 (0.33958421213514944,0.21665038052783137)
 (0.94561757341719632,-0.30624945101192685)
 (1.0839471107839143,0.59983617760466168)
 (0.19773812740805405,-0.13157568811778739)
 (0.28619267533516157,-0.010785667328328724)
 (-0.62538833459470411,-0.29466124267586624)
 (0.58120607496570731,0.14565712123230914)
 (-0.080205015438246374,0.63537850555664432)
 (-0.55158083446004968,-0.67879461189188794)
 (-0.28963741399278742,0.52125945638656301)
 (0.189827761040921,-0.12786187353212156)
 (1.5433565845177479,0.10211503310731512)
 (0.02398582692007116,-0.24219964556966755)
 (-0.30615497562034916,-0.93807560139658375)
 (-0.66741645752059819,0.10869865830729307)
 (-0.084205158663577667,-0.064141453074147953)
 (-0.57864692122356043,-0.20765051933069889)
 (0.77555809374332285,0.3643927255813047)
 (-0.15408384489043239,0.34615671878865095)
 (0.24149108470151021,-0.084184644952388046)
 (-0.17585256322061033,-0.29638109945954)
 (-0.43859355377622283,0.45442685950597794)
 (0.58826600785683991,0.65766746314359437)
 (-1.160120379486371,0.65702869679024523)
 (0.65114530966761763,-0.57106719052113841)
 (-0.10181678275947925,0.8178573588177287)
 (1.5612853646125249,-0.32221200001784561)
 (-0.49917409157109716,-0.44792948323369475)
 (-0.37111250875270912,0.26326195077497522)
 (-1.7400214564862675,-1.6619707614030772)
 (0.070556306059040397,-0.81093587358402119)
 (1.484773747239466,-1.3191934780635242)
 (-0.83552114268337463,1.6014009599479013)
 (0.75511592017588147,-0.54844533739385093)
 (0.3811677704285566,1.0850811208004427)
 (-0.6174440151841607,-0.36933321377123263)
 (-0.13675402657857585,0.02803230682530309)
 (-0.33418077576429306,-1.9335142620708057)
 (-0.77294206006471222,0.43177066859220969)
 (0.59192347757974517,0.3007771179483445)
 (-0.21804448581115654,-0.46934841224081603)
 (-1.3298815267685056,0.16939823980799007)
 (-0.59783584046108451,2.0447776162846036)
 (0.45577420816910885,0.12836837616110741)
 (0.43127032497870815,-0.58016996241486085)
 (-0.17741748317886416,-0.094062555001258624)
 (0.3953826964330529,-0.016723446687363946)
 (-0.21286805889161173,0.55243390465982023)
 (1.1093341846791758,0.31915749898871376)
 (-0.11560568044555386,-0.72140881494493347)
 (0.68606113566244575,-0.56466170840772478)
 (-0.73134125755225332,-0.20806889889252647)
 (0.5169692897121988,-0.10369552834130577)
 (-0.15272704983354757,1.936351187920762)
 (0.051739180232746151,-0.79310714655981174)
 (-0.42084185006105462,0.51733333209626708)
 (0.0073229473184719951,0.36551839299027089)
 (-0.55247020671140001,-0.16038903274619359)
 (-0.45747923212371649,0.72770952136909095)
 (-0.91031713860829422,-0.051420820785670063)
 (-0.26218974938164685,0.14861656247813396)
 (0.50821649737221519,-0.51578466247631538)
 (-0.29750360696227524,-0.16924347695007369)
 (-0.12333700571040801,-0.5020181394262011)
 (-0.65933719339120589,0.57841835020794319)
 (-0.23466794700071708,0.30060739930253882)
 (-0.47902421068157464,-0.59705942874398499)
 (0.41401831876912892,-0.38974224087559545)
 (0.11320780821944199,-0.13340821715477691)
 (-1.2417222853263987,0.66237948999029328)
 (-0.23737598498311394,0.40954332294876383)
 (0.053642596618401067,0.33428761822998199)
 (0.077139768095804473,0.069429530516474103)
 (0.63887168403410499,-0.30872992911963193)
 (-0.099857277360554567,0.014131457126411947)
 (0.11291050378515155,0.046463872888765217)
 (1.8023685321033034,-1.7910012621828046)
 (0.92875995109011544,-1.3485644726674875)
 (-0.22965550047917646,0.25376273674324751)
 (-0.23076612751375236,1.6501489597994605)
 (-0.20045522614789874,-0.20143358234677328)
 (-0.07873073979485834,-1.2128837837635267)
 (0.90394289979768838,-0.43573872495518218)
 (-0.73069901330406895,0.31223952125175369)
 (1.342773497468067,-0.22679564032798838)
 (0.014846003824034337,0.31530237847365711)
 (0.34345285134233938,0.41586617147404065)
 (-0.1505375876098575,-0.98765751964078774)
 (1.6072334109397619,-0.23822053269811083)
 (-0.43049713242966331,-0.72677073993239871)
 (-0.43710034683676185,0.78649631125122443)
 (-1.8846600368280042,0.47247287667529414)
 (-0.13558504219130929,0.46638961656358946)
