# Created by Octave 8.4.0, Thu Dec 11 09:47:21 2025 IST <gamana@Samsung>
# name: rician
# type: complex matrix
# rows: 2048
# columns: 1
 (-1.3576172972442233,0.9330046323540615)
 (0.44646793718069633,-0.45482831443885707)
 (1.1388328148989748,-0.99372668614365478)
 (0.36036434863021805,1.0010345001442609)
 (0.096281746553582737,-0.81061750307497149)
 (-1.3787572622040076,0.079003827525400083)
 (0.49639298960625444,0.69810813236083935)
 (-0.92662374406222647,0.67611985399570895)
 (-0.32563474440286982,-0.49598827330215195)
 (-0.40012800399990689,-0.30202922555855738)
 (0.0039186694028565949,0.65369144397236334)
 (-0.45982283037298738,1.0153707760530657)
 (-0.48613226282754779,-0.32489324647925416)
 (-0.63434323073106647,1.4192295038185421)
 (0.31534524134220787,0.11565840804090428)
 (1.2556119577088243,-0.10471568527414854)
 (0.19776401084836878,0.46644192846882548)
 (0.50983780362081643,0.6441583549860046)
 (0.035659665206941096,-0.24746248208326344)
 (-0.041880389281700632,0.014235222915338483)
 (0.28089023418270542,1.3768840736803509)
 (-0.78371327345804653,0.49419821506631129)
 (-0.035078119356771686,0.22265196993709502)
 (1.5321483008677976,-1.7648396995050191)
 (0.37322029745482543,0.95409360627041595)
 (0.12536540086089931,-0.29210297342057329)
 (0.85088374526261723,0.69152432164387134)
 (0.27909472935194041,-0.89824829812768625)
 (-1.1138536370157883,0.017817518726518489)
 (0.31065004848948818,0.88489708482794693)
 (-1.2654366990550701,0.25212004285542838)
 (0.71955710123980987,1.1390629790875435)
 (0.057793404058486153,0.44091671809242217)
 (-0.55730554266166377,1.1850633710553418)
 (0.38259077302743227,-0.34359225801216042)
 (0.33091854528915304,-0.33300620330475078)
 (0.5330819731147034,-0.38668648686708584)
 (-1.1134926871602211,1.4889117395854043)
 (0.10528744342718585,0.14570725169778806)
 (0.97556176058812416,1.3913427883225615)
 (-0.62065422058371023,-0.076480103111267073)
 (0.41312146957195944,0.26433115888374176)
 (-0.20251005502660691,-0.51176099634397643)
 (-0.075070915242889474,-0.27161232607033503)
 (-1.2859579746018865,-0.73782352135752038)
 (-0.35867183238419564,-0.50028369714751775)
 (-0.46226462819523134,0.34991547183240101)
 (-0.19916009520394967,0.14363138412267479)
 (-0.9911275922033721,-0.50790369216460396)
 (1.1322401474630741,0.81116217869317986)
 (-0.13963821691699047,-0.021643496105243833)
 (0.49091830826513627,0.30074600120396988)
 (-0.82845227822034784,-0.47938732270108375)
 (0.59489826215208375,0.15488372648537779)
 (-0.78340093481929962,-0.29463711229339884)
 (-0.25929098331603145,-1.2327860444830641)
 (0.24701972289357457,-0.32755500773045387)
 (-0.087760971370034885,0.53439985322938877)
 (-0.46001223894891591,-0.35163982204376271)
 (-0.018434461094213483,-0.4233926746743143)
 (0.48929190665201194,-0.42849633629687889)
 (0.98853735443849788,-1.190104225915763)
 (-0.92950352549378734,-0.16615434015535757)
 (0.14462172481812274,-0.72204736242774403)
 (-0.21536459892820312,-0.71350604748607027)
 (1.2076259240847955,0.15932558245539311)
 (-0.49567397071018326,-0.0077936185660822388)
 (0.21737729522746729,-0.38920485749192979)
 (0.46799122874866106,2.0209472672872697)
 (0.8599733283973825,-0.55511138301251961)
 (-0.83226338894909013,-0.32675777294525332)
 (0.28251616081180442,0.43672383178940033)
 (-0.011267612737567961,-0.13930164378420354)
 (-1.7365675003376371,0.042268872421994508)
 (-1.3953952859790681,-0.68147223521786338)
 (-0.19323053233704768,1.4790066531928667)
 (-0.22359519624923607,0.46330048196371021)
 (0.37728673791251865,0.18732057433119073)
 (-0.21146850704611975,-0.061189912774080105)
 (0.012851349596820577,-0.69020483268038912)
 (-0.7718853508000032,-1.0686652239554997)
 (0.021978029323282022,-1.1453659306645165)
 (0.87110487866310748,0.74853928856698992)
 (1.3523730264807539,-0.20088914201628386)
 (-0.4337000635067042,1.1053295407136898)
 (0.95853219285107505,1.5011291250102201)
 (1.2017235391116725,-0.50104562328506019)
 (1.5570560804933209,0.43497626660740268)
 (-0.26419811978513674,-0.71210771688366714)
 (0.76134365086868616,0.5770912919213167)
 (0.77748533560524136,-0.12188406351787737)
 (0.27315896797225092,-0.2410052343822546)
 (-0.35416363273307738,-1.1454088034290859)
 (-0.17497360454056174,-0.64011638031913032)
 (-0.63243930691874373,-0.53856515572452579)
 (0.23870429143962818,0.15557160987383201)
 (-1.4362089224358381,-0.21740889478229625)
 (0.38534569721968182,0.40478433139595038)
 (-0.88706839012767957,-0.6053778029209933)
 (-0.71209512252257512,-0.87802341719371224)
 (0.51378345163433248,0.57506275890666958)
 (0.97917361786281765,-1.0539899789922513)
 (-0.73774094832383119,-0.23741189084844622)
 (0.2846025130444132,0.37206705908972992)
 (0.50020970227884409,0.42615090622423396)
 (0.54694430972274033,0.39893402163495295)
 (0.023417528926868575,0.48350226351331893)
 (0.72052459654483025,-0.88234778923477331)
 (0.6785486061127104,-0.29815666118898876)
 (0.34134092884136596,-0.37867203345561201)
 (-0.084025842460024425,0.017415290631152748)
 (-0.40975682040249145,0.91099422318923939)
 (-0.41742853743740244,-0.15624350672791226)
 (0.08590040509124186,0.90316105463475749)
 (0.115966551223319,-0.6238974291352688)
 (-0.50397721455370181,0.75729620790419661)
 (0.19939595550195577,-0.88515236566858224)
 (-0.61046120877012611,-0.32491558470552462)
 (-1.2177404254729889,-0.81514297644969791)
 (-0.010302200398165151,-0.19321383111985457)
 (-0.71230129242952955,-0.44536562768116639)
 (-0.80157799157367138,-0.47916833743519832)
 (0.54319710920506015,-0.35671273696042893)
 (-0.6663931675704432,-0.29254975789787008)
 (-0.034052510733198371,0.74708848316501586)
 (0.080017947526154987,1.1694930828673633)
 (0.33538173508620828,-0.80229779618756469)
 (-0.79133509858324635,0.40310280401593529)
 (-0.5500949091642322,-0.62494856200933557)
 (-0.29362895308118014,-0.23627697517255322)
 (-0.3089696178774764,-0.35124745491226433)
 (0.48387425712259924,-0.12566736840533418)
 (-0.075901390590817158,-0.80465706398504144)
 (0.24105475415738817,-0.57627735785620704)
 (-0.3862110203989067,0.50288952101527384)
 (0.78607815283469584,-0.45079302711488889)
 (0.22839621635341958,-0.5869056836086195)
 (1.2699526141990898,-0.90683934731982774)
 (1.0314925518248528,1.6683623653995239)
 (1.0811071439117965,0.22608270332457525)
 (0.65612057645783961,0.28292829196269959)
 (0.59255201161746429,-0.39614891399612356)
 (-0.65489248509906395,-0.71416017496018702)
 (-0.84260450650021479,-0.58264682437268633)
 (0.34737036614025568,0.38342383696957033)
 (-0.18113133833544098,-1.127524154309347)
 (-0.22223664367272591,0.69150341718059849)
 (0.98460046594086448,-0.46386016412215492)
 (0.46998291871343223,0.9745561636197283)
 (-0.11127223559367239,-0.78923269736661239)
 (0.72294145274358146,-0.93924924500406337)
 (1.1101295428414204,-0.82772005499633383)
 (1.292667281609668,0.91351184131618113)
 (1.2692865950351435,-0.5431799890116229)
 (-0.68297150550040375,-1.6823157790448173)
 (0.87192178995764502,1.1992377262475058)
 (1.3597250734869413,-0.30389755746918079)
 (-0.76577172336965904,-1.441951384638781)
 (0.22998133541386206,0.13977119766083934)
 (0.1028150322590104,0.27399018729597818)
 (-0.51445264046275851,0.31766978474101382)
 (1.3644674857649639,-0.60366629375458314)
 (0.24892096219271193,-0.74720743435107251)
 (0.10733621780103178,0.0021167277633913004)
 (-0.073109038985902763,-0.42727643135523591)
 (0.76660902598807634,0.93824953856051885)
 (1.2756951428627559,-0.36663054223147901)
 (-0.26252170123148605,-0.55424649975260265)
 (-1.0620349627092667,-0.028509535983232581)
 (-1.3287122466766799,0.31004239469146122)
 (0.31355772615969357,-0.71954446197044297)
 (1.7416770875468766,-0.46238605861525472)
 (0.26026905221263913,-0.043203702126603349)
 (0.59936269146583365,-0.23693962642637389)
 (-1.0524448254220669,-0.47625198022140625)
 (0.15172654517926548,-1.2950597632538876)
 (-1.5237950764513646,-1.1073793567976691)
 (0.36508917593421303,-1.1308896839173006)
 (0.36667940882083405,0.52257777244656956)
