# Created by Octave 8.4.0, Thu Dec 11 09:47:21 2025 IST <gamana@Samsung>
# name: awgn20
# type: complex matrix
# rows: 2048
# columns: 1
 (-0.9308279570313025,1.084781672173794)
 (0.22480590931562794,-0.31712115397358426)
 (-0.95640611124697228,-0.45572411926403344)
 (0.93481528423569671,-0.91049809687611749)
 (-1.012283145797926,0.32601942665631528)
 (-1.0717112419316743,0.14009401247297854)
 (0.33953293252026012,-1.0181048029771349)
 (0.92849599325423249,-0.29260913502753128)
 (0.38187921311205097,-0.27305072302805022)
 (1.0689522322707761,0.33315827015251021)
 (0.83374026183865746,-0.28506093346850803)
 (-0.43569250529655695,-0.28069132493885929)
 (-0.36498186176844072,-0.7718526935449872)
 (0.30617775900721583,-0.30487332296459246)
 (-0.74004970174257623,0.94311725273558134)
 (-1.001837562477127,0.32300684265222873)
 (0.30622360800753051,0.24755671691258052)
 (0.30059457155980307,0.31913141461148414)
 (-1.0864324283626978,-0.3797737442645015)
 (-0.91266412576045852,0.88667545626768118)
 (0.34844593930957873,-0.32829859892399299)
 (-0.28025790188290922,0.95370930585246694)
 (-0.98705295352801925,0.43526752801589463)
 (-0.90621721941004363,-0.9767557821633901)
 (-0.78783603759360399,0.89043266010330535)
 (0.98853576511120045,-1.0834748958563185)
 (-0.84971811511070694,0.34367210816680471)
 (0.87609048494359376,0.92071680790361288)
 (0.93186691636902963,1.0027292708188793)
 (0.95971280171648443,0.93757559641459476)
 (-1.0410837226727581,0.97131832388536554)
 (0.94552809089899714,-0.24987744305622411)
 (0.21322205347413259,0.39335068683773133)
 (0.94650459316258639,0.20132101115420495)
 (-0.83549150989401788,-1.0820229207791245)
 (0.96948957170163663,0.87228128851354547)
 (-0.79210868265869372,0.93460777861961986)
 (0.8635531187279728,0.28213087611226789)
 (-0.8331996690298612,-0.89463261884004686)
 (1.0595872554493653,1.053951059942521)
 (1.0169969501100637,-0.23858653982707329)
 (-0.26577126183103456,-0.92418223476789796)
 (0.29298219154486127,-0.28720548251840816)
 (-0.36087036314492993,-0.90514693518709177)
 (0.81782241596969085,-0.32419735958740009)
 (-0.37123317645183379,1.0105937288501237)
 (-0.34700756994933529,-0.95381150912467372)
 (-0.91594434049574736,-0.97092151788788394)
 (-0.93212931271931654,0.2075906844178976)
 (-0.33081717640613539,-0.77798460764119104)
 (0.84651117025593448,-0.29116716576638557)
 (0.83908453725700505,-0.86985286606206758)
 (-0.83710131604525173,-0.26675268748967823)
 (0.99659601976440904,1.021154363171944)
 (0.28183494304823803,0.31662566117518981)
 (-0.95915633824684454,0.76106969369613553)
 (1.0740829657486235,0.24045451775390589)
 (0.3625045222375548,0.4277876072392327)
 (0.33313312608346018,0.78462818280187296)
 (-0.30857620374479666,-0.92791602019081443)
 (0.3122099067891087,-0.97876873344704418)
 (0.27919237461110791,0.3387024384610664)
 (-0.40731598052425178,0.33773070582510373)
 (1.0596756860142309,0.28509526012638586)
 (0.95930641775652292,0.29466304616801392)
 (-0.83140659606879341,0.97939164549773694)
 (0.49967784613125976,0.17283713388963351)
 (0.24562252206223933,-0.4357269784853065)
 (0.87360539647101498,0.85662275414519107)
 (-0.85263309977293478,-0.33442681393814)
 (0.27473094589420705,-0.27593673947183511)
 (-0.83083348601729612,-0.8703175569870959)
 (0.95602844138183229,-0.97656913320044636)
 (0.41318283967402802,-0.24000108106223048)
 (-0.36252282986702383,0.16010649593178669)
 (0.37358384449370635,-0.94047185379706677)
 (-0.44701416918885978,0.87577027342542235)
 (-0.960210000798569,0.91720696698073467)
 (-1.0164357043660577,0.94976968780086379)
 (0.38495736182216922,-0.94520690140548003)
 (-1.0400077635201641,-0.88687798965340148)
 (0.98193057886876445,-0.28897920648033293)
 (-0.93285549631481435,-0.33302477832377719)
 (0.94879897473976116,-0.95802227566166909)
 (0.34609936963724125,-0.84849212093591819)
 (0.90439279453842325,-0.34306352328359568)
 (0.9322258435447589,0.32226423754025058)
 (0.27385336671139526,1.0383924980405663)
 (-0.35060277007533386,0.25153362540829904)
 (0.28071117417985636,-0.99911786178087958)
 (-0.91722873035638131,-0.21448790689229902)
 (-0.25170344097396846,1.01313641839756)
 (0.14274299655845102,0.91156183938107527)
 (0.28842195356530564,0.41700944341525059)
 (1.0189290578175632,0.95458910652677054)
 (-0.94297596677620055,-0.31963782368139521)
 (0.98449465783762913,-0.36352288553886591)
 (0.29200690834633491,-0.96233205549346978)
 (-0.31448965568392001,0.29411491642243226)
 (0.98170209898572536,-0.93630557989626118)
 (-0.36601401095454955,-0.85955068178490135)
 (0.87562617937647969,-0.37449910411150522)
 (-0.29326488271291862,0.99024593599167732)
 (-0.33192927051918086,0.83625807732474144)
 (-0.26774969012138183,0.35685232062298045)
 (0.90016775306278818,-1.0513720012243915)
 (-0.40227882484523053,0.24905191506404603)
 (-0.95024265306100875,-0.31564064685848231)
 (-0.97778086979093504,-0.90431922333085213)
 (-0.86587626445990384,0.97530388007184143)
 (-0.22551530318102531,0.38210763158269601)
 (-0.97371463327504759,-0.35372822080404676)
 (0.97318095273953265,-0.28952097590133735)
 (-0.3476126962218215,0.98754628681332812)
 (0.83928022583876238,0.9815336351815902)
 (-0.36478695929902605,0.34108802567087526)
 (-0.97372549696960287,1.0230899399752509)
 (-0.76064625113669315,-0.96765957461691909)
 (0.88696121927378957,-0.99052634678471474)
 (-0.39327875946149615,0.94624334186924031)
 (0.9335678426154993,0.98684570927123905)
 (-0.24836808520099335,0.31307147772335525)
 (-0.39117179521263823,0.35000314253179848)
 (-0.28370214957628809,0.42918373187338221)
 (0.99614154513914266,-0.36521475789757524)
 (1.0567805868768507,0.38326596579390559)
 (-0.31239004557591871,1.1118086040785535)
 (0.94076593716740053,0.22209320519310577)
 (-1.0013330514154568,-0.92903995718580024)
 (0.27828899583382999,1.0785914744142213)
 (-0.20571681401007891,-0.93432575731109646)
 (-0.30064017678151195,-0.95593918915061249)
 (-0.9872596040469348,0.28077431446876483)
 (-0.92831639653882336,-0.81021184897484722)
 (0.93050299823385196,0.41607779567286329)
 (-0.16844522697925027,-0.86460814561296262)
 (-0.38093231340428879,-0.38511546936141117)
 (-0.90549601678158209,0.33716725924508728)
 (1.0137045400580049,-0.12799832362481756)
 (-0.95401002006143876,-0.20817099803345515)
 (-1.0121553639329062,-0.29116121907637493)
 (-0.94762502640834789,-0.27659311159825373)
 (-0.37979303581628288,-0.38744495796563416)
 (0.33982948091945575,0.27797823601239668)
 (-0.20966917454700063,1.0024687916078474)
 (0.14238180492044919,-0.96059202743928029)
 (0.38948111384633738,-0.97560045049790167)
 (-1.0027395564214414,0.88611621084330794)
 (-0.38209570590969799,-0.6786416936944174)
 (-0.94949722515048873,0.34382544776034624)
 (-0.25611454428875358,-0.89020118231949441)
 (-0.27315627462404207,0.27924876264885262)
 (-0.27330768616209133,-0.89155130698806939)
 (0.36848131305893711,-0.22166374322821505)
 (-0.93907205181372488,-0.87754776524359834)
 (-0.86044321320089046,-0.93886834965263943)
 (0.92673654114180748,0.96887296974725401)
 (-0.22929791422614404,0.41911606905176729)
 (-0.23436461419720608,1.0401615159653739)
 (-0.30533800035698827,0.94054824483271904)
 (0.8794486407222184,0.3305444172170901)
 (0.96811517842820438,0.23760551868496993)
 (-0.2514422095550094,-0.20164689882540948)
 (0.31769208269651278,0.99233227846077143)
 (0.53230339448437969,0.25169637057469552)
 (0.33938581367772308,0.34218737523322751)
 (0.8645574056307892,-0.36291445106171644)
 (0.48722893269508111,-0.19695193031372543)
 (0.85179060487962655,-0.38161576403083486)
 (-0.38523561331360584,-0.91743702244057723)
 (0.34454736134150998,-0.35750807276685292)
 (0.95961369910279515,0.32725766936534273)
 (-0.3883597680678903,1.1672583761542157)
 (0.27540846431007632,-0.97274272608858459)
 (0.35667129828454924,1.0461146872749343)
 (0.40871748066177171,0.28196533944133206)
 (-0.24262489826314546,-0.32399215383355384)
 (0.36087130774345427,-0.98600239478448826)
 (-0.37453134291327034,1.0001019977290342)
 (-0.27044906290537407,0.99013521226592205)
