# Created by Octave 8.4.0, Thu Dec 11 09:47:22 2025 IST <gamana@Samsung>
# name: awgn20
# type: complex matrix
# rows: 2048
# columns: 1
 (0.37985682425467926,-0.99436131492173696)
 (-0.26748919161282708,1.0929292837297346)
 (0.94639289492867751,-0.25982284948694739)
 (0.28628544954748758,0.27898079891412791)
 (0.93524375124168613,0.25813785289102442)
 (-0.97371238552386385,0.3064300316114057)
 (0.98320081045356766,-0.33809556256303552)
 (0.41528105984295177,0.84671324717450713)
 (0.43641955318851983,-0.31289394772500123)
 (-0.22187933542072175,0.95393915245828231)
 (0.26486917227224527,0.94375381358806287)
 (0.96173061906890345,0.32260286084114831)
 (0.86894221190013032,-0.34243785893729251)
 (-1.0093601509162768,0.30516917994094261)
 (0.92717891066792324,0.30551449467241693)
 (0.35871061891359851,-0.92569880076058797)
 (-0.31931714505835324,0.18064651748236746)
 (-0.2784142313320398,0.7916266892686572)
 (-0.3877784980715403,0.92050150293051713)
 (-0.51093272324286154,0.45609768551644203)
 (-0.3712846957806909,0.33272350814780499)
 (-0.29849589517950703,0.28005317113846728)
 (0.83657541808281288,0.36543562413877473)
 (-0.29899558948516164,0.28504983873864331)
 (0.32078579165876508,-0.93270654757064619)
 (0.37749039418244312,0.85263501209420223)
 (-0.35196498116107727,-0.40931443999520639)
 (-0.91419902391648555,-0.29201395319881196)
 (0.35125309996560361,0.82150822532346313)
 (0.83573070071228717,-0.22376414405251446)
 (0.13299436262861117,0.27575338138822325)
 (-0.39697472036253778,-0.28609258171346097)
 (0.84321815913877574,-0.36122214993203239)
 (0.96270748166352604,-0.94519746355894907)
 (0.29217715848880854,-0.87401502836795009)
 (-0.91610549437749567,-0.93846347719681555)
 (0.8723352891571251,-1.0462458405483099)
 (0.19302872878569247,1.0263276846729625)
 (-0.34370975734573816,-0.31738830007085517)
 (0.44903025335419111,0.29727826141966568)
 (-0.26175828970738491,-0.24696389185897777)
 (0.86731867760861836,0.92048380852363931)
 (1.0286603544275414,-0.26692701547116277)
 (0.3266601149972006,-1.0626477048066907)
 (1.0563130859591605,-0.84922215720297822)
 (-0.96223432529760133,0.86933297310873181)
 (0.97600291448932952,0.9680501653832323)
 (1.0253327814196935,-0.39039163921978354)
 (-0.25070495225078587,-0.42989407103250538)
 (-0.27513037474308111,-0.16952451150301595)
 (0.96012625930668904,-0.92290671929939638)
 (-0.25754957417201663,0.23319175040851586)
 (0.35916614316428347,0.24900218419003023)
 (-0.32617027029559142,0.88659900387456891)
 (-0.39301212156422821,-1.0180916185133932)
 (0.85862916210456697,-0.91559242986739664)
 (-0.98338510894925624,-0.90802414197189707)
 (-0.32040315436415068,0.43933374669066932)
 (-0.34545114964423174,-1.0071890738197613)
 (1.077629469935337,-0.35877017717032933)
 (-0.82310607733829633,-0.97141488594730818)
 (-0.90577100945747269,0.99297105173610367)
 (-0.29531062897059224,-0.26703459923374456)
 (0.41961280154983971,-0.25493021921814651)
 (-0.95817256550810004,0.4028922672956175)
 (0.34966875569255546,-0.90701779268118621)
 (0.33130059534798956,0.3555822190542457)
 (-0.83466971652329924,-1.0885379529690642)
 (0.24096024934589577,0.30364902472159466)
 (0.21603160037479985,-0.33982614433067354)
 (0.36310685342300586,0.31255302878305424)
 (0.83577760804330137,-1.0122762297070111)
 (-0.3485631106962126,0.44849581248405607)
 (0.32642225257451629,0.8713002969386221)
 (1.0082681809666312,-0.29200501581701394)
 (1.0454644833979543,1.0070809537597396)
 (-0.93112019768996157,-1.026891492391981)
 (0.95525813395666004,0.95481828155529369)
 (-0.35038449167161612,-0.34786054621608298)
 (-0.94634045914791354,-0.37933810319038075)
 (-0.96773841823836904,-1.0110615014767899)
 (1.0253551985940788,-0.21286311905583438)
 (1.0003436840962336,-1.010408362922167)
 (0.16380076568187324,0.92609846068672408)
 (0.37604198977620784,0.87473466417926271)
 (-0.40346433815542571,1.0223205581496559)
 (0.35036171231740837,-0.8756456876382932)
 (0.91072861752617862,-0.98834160629766843)
 (-0.97820524988720436,-1.0854422676393261)
 (1.0618818821539715,-0.84024161497007044)
 (-0.43099043340359805,-1.0313751467620393)
 (-1.1161795713045497,-0.95039458678171373)
 (-0.27617742565447512,0.96404821597721224)
 (0.96947041803474776,0.32523971234502808)
 (-0.94751538974352978,-0.91870162225694285)
 (-0.9688786394467569,-1.0145851451991654)
 (0.94022913356854565,-0.31835507574496413)
 (0.90517725352235345,-1.0191877979374846)
 (0.29684441880750428,-0.34510757321643626)
 (1.0285904121398441,-0.92531873889539451)
 (-1.0661159043311939,0.3032261839382423)
 (-0.18523229555916398,0.35621408234528901)
 (0.93191990294010341,1.0100071866102234)
 (-0.97701203542261061,-0.36385699312181247)
 (-0.32050335216678472,0.2103453917262742)
 (0.18608494366519776,0.84093296582266708)
 (0.28195796757271235,-0.25920581082414773)
 (-0.92931775894806568,-1.0351759536977183)
 (-0.79988351226798482,0.97751767976644799)
 (0.93014492307946917,0.30416300616238484)
 (0.41237856212329999,-0.91031409495399562)
 (0.90653820782101135,0.30119067788243026)
 (0.30103586972039276,0.96821526710168815)
 (0.76986083303703379,-0.98632329528331053)
 (-0.91069846014869205,0.85539644159125272)
 (0.94224911731390626,-0.22755627552432306)
 (-0.36985829715942931,-0.93320836373886051)
 (0.91505023321400469,0.98485615382487157)
 (1.0304200186651531,0.34332006939095894)
 (-0.45372861342512072,-0.95135836984208455)
 (0.29068969869846162,0.97128260454042403)
 (-0.31554756007532336,0.95064600789906195)
 (0.27156137850100415,0.31126392483184012)
 (0.32380714321872972,-0.97595693059116373)
 (-0.8738410099954611,-0.99551498117496595)
 (-0.33544660232645696,0.90695897888427579)
 (-1.0595449890627435,0.33600149944470292)
 (0.83296224929645712,-1.0752601316984256)
 (-0.27035835139127079,0.24712694003881402)
 (-0.86968119164654789,-0.98883222211170319)
 (0.27269481604293205,0.97182812679436292)
 (1.0514198183210812,-0.34661973280896469)
 (-0.25759873806639572,-0.9218692153803284)
 (-0.33854990417216607,-0.91208871058088981)
 (0.34600462511052565,-0.99802022576289739)
 (1.0361236920217258,-0.39444854723990935)
 (-0.84322143163509344,0.29909552459835848)
 (-0.84111316200136588,0.28839539861059088)
 (0.22621736360593164,-0.86448191609986336)
 (-0.1856541037192829,-0.96239652631086159)
 (-0.31381471332718003,1.0005003356487114)
 (-0.42228625074081738,0.98553117019823067)
 (-0.41544162842385118,-0.3014584845504969)
 (0.25419724721386305,-0.98253101435188195)
 (-1.0228121518351092,0.33021478998359388)
 (0.22183524108104491,-1.1360031484743061)
 (0.9578543329245518,-0.27505483166805822)
 (-0.91047740995703086,-0.36621905378111469)
 (-0.2959930577826726,-0.92645893528659817)
 (0.35902693343553793,0.29897560229405329)
 (0.27699615754193618,-1.0509722755161048)
 (-0.26973711235796627,-0.95439029355151039)
 (0.37393091065406803,0.90883915893647871)
 (0.30112066083099642,0.94656919943761109)
 (0.3524198547341425,-0.26705801503594451)
 (0.38400526998590712,-0.94517960213423657)
 (-0.77023326886339227,-0.31198562650243167)
 (-0.88456454810786456,0.39523092612279609)
 (0.4085709086842032,0.33049770622283303)
 (-0.93875772001745417,0.46801894743529715)
 (-0.3223430390095659,0.93932361832319977)
 (-0.86513505108781719,0.31461658823018435)
 (-1.0343739172258404,-1.0309565563233012)
 (0.89119568114342806,0.2128593980979866)
 (-0.86991732532168853,-0.84237410448847905)
 (-1.0147333618097467,0.86671107023205585)
 (0.94625551399447128,-0.87624687439721538)
 (0.3008789032068358,-0.34898500435086077)
 (1.028483477452258,-1.0512392274856857)
 (0.97615060973825862,-0.22591229979817887)
 (-0.88269007719812576,-1.0939730046123592)
 (0.39487735317020356,0.82861679603889227)
 (-0.94025508497315258,0.37157612156214259)
 (0.33656546232055451,1.0468702311604161)
 (0.34074877299935818,-1.0519824033831544)
 (-0.38005598983530142,0.92442244553528874)
 (0.30460691480509233,-0.37788040908033549)
 (-0.26559434270079196,0.26801160055681916)
 (0.32403970586362907,0.95288646288831114)
 (-0.91981128356336062,-0.38101985628668411)
