# Created by Octave 8.4.0, Thu Dec 11 09:47:22 2025 IST <gamana@Samsung>
# name: rician
# type: complex matrix
# rows: 2048
# columns: 1
 (0.2533148569201078,-0.37551134212563997)
 (-0.080564989552778923,-0.25725785515918825)
 (-1.0083872890902996,-0.37042175312122866)
 (-0.38284826976790903,-0.89870076417620748)
 (-0.030114466708178605,0.32095829912008955)
 (0.96315430223511489,0.19724652161031581)
 (-0.38014940678040343,0.263288043675862)
 (-0.32713999495109491,-0.56999121626223137)
 (1.1610931560984106,-0.64453371516102864)
 (-0.74306753127894853,0.81740465621194069)
 (0.10204599368082368,-0.72814991268433138)
 (-0.43194614197034592,-0.36835159570039738)
 (-0.14657534787157467,-0.31726636163199301)
 (-0.3173789584616763,-0.18635063400932098)
 (0.027194687070088153,-0.35178229428768271)
 (-1.2332329909711923,-0.82051534176909913)
 (0.0013100223557312163,0.47133274020293525)
 (-0.41470716015363829,-0.37228449177669098)
 (-1.1698372210003325,-0.5897377503179253)
 (0.084252146663116423,0.20931373362081168)
 (-0.35384459107342209,-0.40114097045990532)
 (0.23010355530195159,0.57102595396079403)
 (-0.33408311271373614,0.21438728574923871)
 (0.08948673470014154,-0.43421753218318415)
 (0.48589056093977834,-1.0176210380370512)
 (0.75184879615298139,1.7192807711462643)
 (-0.36561251371794379,-1.0197791285453923)
 (-1.2422399038900742,0.32009548530147325)
 (-0.027755394702184244,1.0511443588785507)
 (-0.35522391349512045,0.84712298146681542)
 (-0.2085556743654966,0.40300483962434386)
 (-0.43472573619649657,-0.79007715027441405)
 (-0.9941452232294693,0.84783892282781614)
 (-1.2198344240871284,-0.6332541547108832)
 (0.63743798864467327,-0.0010897105296495679)
 (1.6222287951968484,-0.10221627480852524)
 (0.44731266550469156,1.1740732268368206)
 (0.023564501425107187,-1.243014100436763)
 (-0.24130686028658027,-1.0432340974771082)
 (-0.40365894749513248,0.19141643991807816)
 (-0.41104572292319685,-0.23552618154095087)
 (0.071166405315432169,-0.9262631795372035)
 (-0.011709388336419241,-0.37469699626251146)
 (-0.40081819068138469,-0.59881974918018988)
 (0.45152579981887397,0.43056775993717544)
 (-0.87479024275020589,-0.99783288358607813)
 (1.4652910814096176,0.82640709385111122)
 (-1.3864751782667568,-0.90337567529306151)
 (-1.3402814355685744,0.4980154424748699)
 (0.60297856148041173,0.21672846255492323)
 (1.0964963905082681,-0.068256726560959824)
 (-1.0468192824841256,-1.4468494195124366)
 (-0.38912043205466046,-0.82093111814714126)
 (-0.18280769806213948,-0.4239855445912335)
 (-0.91958097849571541,0.30768440042202055)
 (-1.0094570445076576,0.65022670047439435)
 (0.42177134451464887,0.17681480162834223)
 (-0.17314355860651084,-0.98871393395786145)
 (0.36974596446053837,-0.9780193930853005)
 (0.54534420022476016,0.37027418516934435)
 (0.75041232615510411,0.60171589437386297)
 (0.21500943739497194,-0.44840973950824226)
 (0.7427183727848381,-0.78804807786462638)
 (0.22833705666492549,-0.56161318344998046)
 (1.4864693845923274,-0.24727684452863444)
 (1.4903666584407467,0.14807241819999167)
 (-0.65087543319156194,-0.76138126452215282)
 (-0.25378979455959999,0.5170762818073833)
 (0.66044219280776895,0.16412642581006115)
 (0.15051823602994246,-0.35253746221714716)
 (-1.2568641222602361,-1.3766212624268164)
 (-1.2127973869042596,0.86491678090701773)
 (0.18052017234512507,0.62116500154918208)
 (-1.0512386440802737,0.67558958012043502)
 (-0.89581599377639631,0.20084711188009613)
 (-0.7323150379543264,0.39744302155049077)
 (-0.11480588845939746,0.6446579318202732)
 (1.5341990303197757,1.5094249385117413)
 (0.056421367698769376,-1.1299670460927953)
 (-0.074909108782165168,0.61441066015619428)
 (0.21574772213703589,0.31938304342369372)
 (-0.048062711424085469,0.32842991993234549)
 (0.15906653819802788,-0.034346955445788273)
 (0.24259444118582385,0.92888350730935509)
 (-0.11819775890649298,-0.46126254608158246)
 (-0.46185525171783731,-1.4238730933484429)
 (-0.34823920997123725,-0.61747764129992155)
 (0.73965014166397236,-1.3633243884459176)
 (0.16263966331946317,-0.40303415153775718)
 (1.2542776356519827,0.40645416446239557)
 (-0.86264085296023008,0.50283601831952507)
 (-1.4612131554696854,-0.49009428614754869)
 (0.61851805331999443,-0.22969689422082826)
 (-1.4824756138384259,-0.74173723596254604)
 (0.93820079389619082,0.095485662218562639)
 (0.0087500474506016224,-0.52678941857182104)
 (-0.22399656177327737,0.27747679494828031)
 (-0.24446494006019712,0.30999555044653421)
 (0.32536808150587204,-2.1466139817045913)
 (-0.54923845228668211,-0.20684406700585681)
 (1.0212919020441251,-0.66259505991979117)
 (-0.97635191103933949,-0.055201199033875659)
 (-0.71992365808143688,-0.39269638584900046)
 (-0.67459556737502124,-0.99214986569869323)
 (0.67146423154042356,-0.24181394376396342)
 (-1.1262373506246735,-0.045908661446401156)
 (0.16467821992962042,-0.64905084477992392)
 (1.0896336563722961,0.068317967121008127)
 (1.1565250263165809,-0.50672391661256411)
 (-1.6164760132957765,-0.53589631829782858)
 (-0.59400471115247055,-0.14472484891343942)
 (0.13346318122731271,0.078090131052238415)
 (0.40297537189554228,0.033837234942652894)
 (0.32120874325973442,-0.10490076593801734)
 (-1.2656735324641557,0.5122951406668339)
 (1.5078518283646345,0.61151613455024256)
 (-0.67838289591891165,-0.0163217026343625)
 (-0.38892372223072891,-0.3474773875043754)
 (-0.52613565851749,1.3945609580279994)
 (-0.80232746042017244,-0.17858448294636114)
 (0.14686976921640574,0.26098993121149344)
 (-1.3664931343840243,-0.35562869290073196)
 (-0.88281526829327883,1.2751390232795867)
 (0.20799893056472502,0.87329294063060259)
 (-0.15210356653451379,-0.42266460461728694)
 (-0.34357071301436753,-0.31143813302119533)
 (0.64842171411915028,-0.3351732038404337)
 (-0.39857355614057016,-0.31283431244145271)
 (1.2343218285308177,-0.83595540442969951)
 (-0.079054657458633659,0.64835223185956981)
 (-0.056081265778083589,0.21011285864544998)
 (0.02151007606899627,-0.31457558807967689)
 (0.32231282813362405,0.17918655717664556)
 (0.0065583627963666791,-0.8898230850469484)
 (-0.030124996023833311,-0.83855984435381903)
 (-1.3604597498991255,1.0213309002970958)
 (-0.62243840318030974,-0.45653256032445444)
 (0.61285232543356805,0.39166059252685759)
 (-0.22115543929376202,-0.55276486627661026)
 (-0.89742660808200569,-0.22210431029092351)
 (-0.70460681487170296,0.040085377482676432)
 (0.31140800442436234,-0.011391317596205874)
 (-0.66807229706412596,0.31535726273701586)
 (-0.56011436299897843,-0.92401862193580275)
 (0.66197764827143313,-0.019171657493143784)
 (0.71662118044298473,-1.1395583687859379)
 (-0.38884640256874531,-0.38890963767710901)
 (-0.1469003924299272,-0.6707122961656875)
 (1.0847044356219526,-0.37677551302621942)
 (0.2104422410189698,0.35083616518460259)
 (-0.43415749599965403,0.36074965795060931)
 (-0.39037505911390885,0.0026042102886520979)
 (0.87835042228828997,0.35122829096546465)
 (-0.61435517157965192,0.30463010759473008)
 (0.40374755720687094,0.62242716586769364)
 (0.26837682264668172,-0.77733697537740487)
 (1.1029924959380932,0.30037454405346181)
 (0.1835105166763551,0.46999136666815466)
 (1.0657924553840785,0.33344370040045546)
 (-0.19326007029109618,0.40865524126498687)
 (0.58803336112672588,0.64287888879750577)
 (-1.3887945428166582,0.22269042762510655)
 (1.0043317523362831,-0.83661586256993348)
 (-0.73681143332355858,0.61157955484201598)
 (0.35083260378400782,-0.21679060555687171)
 (0.72417211563946626,-0.98823441841075677)
 (-0.60791489377895513,-1.1805367997237528)
 (0.98467984595932634,-0.41002281257895701)
 (0.062540597178630225,0.010430833746073082)
 (-1.0954896241355632,-0.28293803402519668)
 (0.04323373949025322,-0.40385039459084082)
 (-0.051606429423175004,0.38643823470493288)
 (0.1600389768013987,0.11445425159356856)
 (-0.32071486320893078,-0.28021144129793257)
 (-0.16139617174342355,0.030553101702104176)
 (-0.94230137217004462,-0.23898743859488036)
 (0.50770547368291363,-0.55085586808125719)
 (0.12578198661137044,-0.14588192673836001)
 (1.0911249192758823,-0.54861014139374908)
