# Created by Octave 8.4.0, Thu Dec 11 09:47:21 2025 IST <gamana@Samsung>
# name: rayl
# type: complex matrix
# rows: 2048
# columns: 1
 (0.19634381388855027,-0.24343647245284314)
 (0.11420167570553895,0.13607570780699335)
 (-0.41079061945512385,-0.26039388735034347)
 (-0.70860593311060249,0.33225411363587387)
 (0.75710408989298428,-0.27866797276856448)
 (0.097328739865982741,0.064901785451969576)
 (1.0473881531805229,-0.22452894754066488)
 (-0.28381411067320428,0.39854289784284191)
 (-0.26783691629731127,0.012993558823725077)
 (0.86124385351266686,0.15515776095384132)
 (-0.67602735420821936,1.0963572308432514)
 (0.17158835637607153,-0.14341784723947218)
 (0.51592714933406914,-0.20045771686347008)
 (-0.12989426455597669,0.43996269186275472)
 (-0.086443993341454722,0.40568249113459343)
 (0.33113864629188927,-0.71093078442775237)
 (0.30267797191704215,0.18211521435543429)
 (0.15037095705534456,-0.0087951439399809941)
 (-0.63423053880369973,0.23654158197030781)
 (-0.11466614401796195,0.059781210733208065)
 (2.4971903749664497,0.77511214711501975)
 (-0.055241570144227536,-0.27186458219950638)
 (0.78273741840634803,-0.20041605533589454)
 (-1.3035475080902543,-1.0136275792832841)
 (-0.83199477664211885,-0.29202032891754837)
 (-0.13363051720995503,-0.13419901161871037)
 (0.21005618360547618,-1.3168735478117355)
 (-0.87059509758144116,0.67814778689294997)
 (-0.045185876816680071,1.2062986417618808)
 (-0.11802360139301052,0.17145743350880957)
 (0.91974614058394932,0.16124280934646473)
 (0.045782529510158404,-0.60368815781924812)
 (0.76586431323099735,-0.10528624081407859)
 (-0.51103879056208457,0.097695173979772149)
 (-0.52060501061825482,0.60691854752338747)
 (1.6899849385995407,0.068447975444884124)
 (1.6110397549232076,0.4124836486405159)
 (1.4771003360126631,0.79678129376369045)
 (1.0258182467798207,-0.33788019425072291)
 (-0.48556594914157347,-0.10815550515727113)
 (0.13932762205007732,-0.73590994643721774)
 (-0.097983866890025334,0.20888000730983405)
 (-1.492758276347208,0.75539956495465388)
 (0.31999944518971651,0.031663172710780091)
 (0.79919020179962419,-0.29352545902431709)
 (-0.93071040667328442,-0.50220052317022235)
 (-0.36895543177114232,0.0061604377154343692)
 (-0.81477801256829374,-1.5407493707845956)
 (1.228002765664082,1.0453144615768646)
 (0.014276105313718535,0.26958510350535086)
 (0.5884519215349332,-0.16178269421469846)
 (0.32050675142536345,0.28020312909574563)
 (-0.25929430405105669,0.35219111641120304)
 (-0.14802201217802857,0.74034962687826367)
 (-0.059561367128450615,0.40952908965223533)
 (-0.65510911654278359,0.71919871660441881)
 (-0.044170534188025273,0.17205366762545837)
 (0.49469514098544964,0.068401244663709324)
 (-0.19271401323910659,0.67982302661427862)
 (1.006396736740802,-0.35325016305559731)
 (0.45802142806636781,0.3216733393023094)
 (-0.042656496748961464,0.33857040641376085)
 (-0.034292446093884238,-0.23431765728416185)
 (0.20649605332542889,-0.99459925127603876)
 (-0.37623107574802162,0.42765128572179723)
 (0.59362279192896406,0.90030138812000726)
 (-0.88412662100330031,-1.010515433318901)
 (0.20725314760903796,0.36744778094356484)
 (0.16094052424968239,0.028389691074849066)
 (0.29917448643566635,-0.46902824389846215)
 (-0.36433339425159972,-0.70936105442063335)
 (-0.57966792587304117,-0.29107703649138517)
 (-0.31917307070168022,0.90213195371571975)
 (0.87864379125153746,-0.78523581439259127)
 (0.23126584306563192,-1.1746007182877252)
 (-1.0740333337526859,0.98955408463043082)
 (-0.44873007411217553,0.14487208139927887)
 (1.1555700792132189,0.61834927257542804)
 (-0.014421143382643857,0.018840412877774583)
 (1.6436588797670979,-0.13728021108582139)
 (0.079285139633653468,-0.30627344547564028)
 (1.4350983161291422,0.82770180889404477)
 (0.82027490435653116,-0.41673404888085364)
 (0.55034074520021559,-0.79224194549948512)
 (0.084767149979762993,-0.32305016037491824)
 (-1.7433084451189824,-0.88318411163684529)
 (-0.18868215038250047,-0.83831443213552703)
 (0.24349369841877813,-0.53075909041928393)
 (-0.09042830183919226,1.2334853881292702)
 (-0.37616547560866764,-0.018066307096894232)
 (-0.23974599191208534,0.1523532291623354)
 (-0.65453678218867384,0.011825134217350902)
 (0.14731880062800731,0.037736009112852867)
 (0.38279536693930905,-0.17466508171422987)
 (-1.1322010855715319,2.0237842754710855)
 (0.25119993981119371,0.14950540444426455)
 (-0.86527504763420726,-1.3136721819227426)
 (-1.7571689578284548,0.61418543979535511)
 (0.80367702265860719,-0.3477684369216576)
 (0.36411848529520863,0.19037702053607711)
 (0.25715766757699704,-0.1523879308758623)
 (-0.22571015316829338,0.68673161704141972)
 (1.2264517753374806,-0.88605152738965431)
 (0.14830757853062904,-0.325095724458142)
 (-0.087123876700428496,-0.2643198718264389)
 (0.67326194532068007,1.0718651080409478)
 (0.11601224252444504,-0.7143188662979455)
 (-0.18758971747707567,0.13600145493227694)
 (0.011388337483830557,-1.3339653313983817)
 (0.25548332032637933,0.00069902541958208331)
 (0.30013043514150473,-1.3017626348370679)
 (0.096171959144186303,-1.3181341102017807)
 (-0.64451618184074411,-0.94486593726116141)
 (0.10458883425620308,0.044883781543888529)
 (-1.4122054485500817,0.81948540678973336)
 (-0.47988086852883483,-1.0599566024166047)
 (-0.08326383712961119,0.16928448577298841)
 (-0.21247027863249857,0.31454128865710984)
 (0.24636113305280199,-0.29327762590904738)
 (-0.13514130008561123,-0.28520071388752355)
 (-0.84248855719019555,-0.063794063217612273)
 (0.56480196551756412,-0.37624567108722795)
 (0.026191774568175653,0.13598017569570101)
 (-0.39505101633876488,-0.59918597566672294)
 (0.47071349905463555,0.42249092507153535)
 (0.31102968412811405,1.5109668394279483)
 (0.3120461674887835,-0.52980625156464667)
 (0.39509156301878262,0.296481020192288)
 (-0.37063437138019639,-0.67893165400059452)
 (-0.078098692996975069,-0.094983187007151401)
 (-2.7612768710485422,-0.60195446864477131)
 (0.75597561463130769,0.99320752439272186)
 (1.7563948001627578,0.087300652317392535)
 (0.4289264495746693,0.26065302988786426)
 (-0.045309241395978694,0.31192313988334808)
 (0.11389564422149703,-0.36531281004067218)
 (-0.09101075722005543,0.27998460582547624)
 (-0.69962249736322446,0.98387040657244274)
 (0.45602518559460309,-0.0093290273495405807)
 (0.19106144075777842,0.35837556835165685)
 (-0.062844823614950959,-0.15513681800411583)
 (-0.58395713346220601,0.33543192031242558)
 (-0.34680645359390128,-0.20772859690494985)
 (-0.21358229281886762,0.25854071477695922)
 (0.42212348517161447,1.2284217321115773)
 (-0.26467456692941638,0.066645397622411756)
 (-0.19551774502750696,-0.050795905794019033)
 (-0.16485649667959704,-0.3390921513447771)
 (-0.76145412077179331,0.1374319799432856)
 (-1.2801436101086527,0.67859564660922245)
 (0.46303169381116738,0.41426372017339697)
 (-1.3877989859826438,-1.4379066972231864)
 (0.24291124918859641,0.2568349478112858)
 (-0.4051678887757213,0.20103670588463807)
 (1.3184241861473891,-1.0147565383673618)
 (0.17083217476549284,-0.087134144660329427)
 (0.24364627681325968,0.33243417831718358)
 (-1.2793918016187651,-1.4035548854074771)
 (0.75150208552306319,-0.10794726392274495)
 (-0.78138301409584066,-0.48644888356415539)
 (-1.5825177149243559,0.58765522185686025)
 (0.10896717145012991,0.70389068602312954)
 (1.3773588955693046,-0.81027906836244368)
 (-0.3326652651742435,-0.24841168081503515)
 (0.00946333286176676,-0.68607527625131715)
 (0.51992883019636893,1.7655175393901028)
 (-0.11501578312253447,1.2142970074447368)
 (-0.45109710631034627,-0.54481078231540991)
 (0.3962295218883376,1.6904970381366324)
 (-0.78551999294592889,-1.3672406031997584)
 (-0.1151333725919792,0.30885765095608592)
 (0.10972411696939705,0.12444836419815575)
 (-0.94671791186630205,0.49084302003568592)
 (0.24390876848655763,-0.060932988293044985)
 (0.75117760984833182,-0.1757890699058994)
 (-0.52963445312626845,0.67687444327842949)
 (-0.61955086717522623,-2.0725905637661075)
 (-0.014327351937293342,0.35589278414023706)
 (0.58457700303201687,-0.42626327878038811)
