# Created by Octave 8.4.0, Thu Dec 11 09:47:22 2025 IST <gamana@Samsung>
# name: rician
# type: complex matrix
# rows: 2048
# columns: 1
 (-0.21868468295134261,0.56428935116582379)
 (0.66665448366330327,-0.71590082922636467)
 (-1.8921820525831134,-0.22734062045555292)
 (0.99020174285687013,0.045282930681381728)
 (0.17176604377279936,-0.4191251515439971)
 (-0.73196858447648805,1.5470067887475529)
 (-0.42730553220619999,-1.8676309134257019)
 (-0.14332052305281684,-0.44031625648512418)
 (-0.51440435571314957,-0.47534459256100625)
 (0.87296041780181155,-0.40015847561683349)
 (-1.172856110303947,-1.0915338614727015)
 (-0.037543959033638497,-0.29632838846251447)
 (0.14923120741891965,-0.0080079551257946219)
 (-0.63649127385429349,-0.33630923777659694)
 (1.2619178877750088,-0.64155875382692718)
 (-0.094717149474159545,0.17358703346214033)
 (0.13169264546017212,0.73020356274948661)
 (-0.018151161722045922,0.48274505952948643)
 (1.0716420287952213,0.70662400911877787)
 (0.49387612407522413,1.1569724939251222)
 (-0.42809101691691059,0.38013252044483326)
 (-0.10044880047774808,-0.17317130338312275)
 (0.41071874204705427,0.045727249815201571)
 (0.080531340590055039,-0.48224105008892859)
 (0.20791726102471053,0.40544967233568541)
 (0.29255719835268595,-0.29313301169100453)
 (-0.84523622096005435,0.033974622463833121)
 (-0.47962997625606973,-0.5440358175213541)
 (-0.85283946069820371,-0.9312995573113263)
 (-0.017462311868551184,0.4464894008726753)
 (-0.34524625249334273,-0.48606095253088394)
 (0.62623561748795753,0.18400745273545902)
 (0.5088998077129,-0.47579933058681501)
 (0.4956449521545751,-0.1862214814039202)
 (-0.33859440804435653,-0.3665979534233002)
 (0.6371885163645804,-0.31588780087148266)
 (-0.28677921540737639,-0.46184662322409442)
 (-1.1418584397482836,-0.13658271076898262)
 (1.2056294370384633,-0.99549134078217316)
 (0.33757590869955295,-0.16762390173551406)
 (0.32389802671052637,-0.0222976055998476)
 (0.59166983339209156,0.75775314723094178)
 (-0.63717643892076159,-0.64591037734522849)
 (0.15316313265862147,-0.3205044996152886)
 (0.97022612311085521,0.5529068860399694)
 (0.26795329674836271,0.051738370478228227)
 (0.95758649998004741,-0.17600525765277322)
 (-0.23687204331834433,-0.37561971812889894)
 (0.41175724980378142,0.44317646537010452)
 (-0.095665796954978732,1.0399550064598495)
 (-0.022462419320876031,-0.87002032659655648)
 (0.36752999977425171,-1.1835375354478022)
 (-0.31570723636256548,0.22350996970592196)
 (0.3864810647619964,1.6285687659086463)
 (0.34176846930848193,0.31639222413351087)
 (0.96329791962061018,-0.14348720945408694)
 (0.31314247502973103,-0.28280269666381275)
 (-0.51507387611743338,0.27955863491436106)
 (-0.045542766177542965,0.43899127127045023)
 (1.0182384265627142,0.82030038496005953)
 (-0.0034709402799152911,-0.64286326161266361)
 (0.55592369218178184,0.84668719392925973)
 (1.1090709780222658,0.26377471038968919)
 (-0.13006757026865379,-0.60641895687382397)
 (-0.7880983516539255,-0.30125187978091228)
 (-0.24579388708870267,0.5689092141171308)
 (-0.52742316585917937,-0.31186760232185406)
 (0.23456615454156518,0.28023972086694959)
 (-0.22427181718897632,-0.86363110316709446)
 (0.33535363843541022,-1.4469205663569844)
 (-0.71685091311403903,1.2732673773229866)
 (-0.48050702826486064,-1.10202300375653)
 (0.72465604043603227,0.55216923328682599)
 (-0.69650264730426736,0.26106900725513649)
 (-0.23121160475886637,0.39504386285223936)
 (0.075443521166369293,0.64254625607430949)
 (-0.42914193555214403,0.16202471230129151)
 (-2.2052034027957115,-1.2179135611650449)
 (0.33372378131568325,0.30714406024067142)
 (-0.5525618638205424,0.89534180438793431)
 (-0.15055264842460853,0.2226327955997866)
 (-0.85292664989537348,0.24521989040443559)
 (0.20128648888614983,-0.21586169337948127)
 (0.50971817901972616,-0.30071076553589826)
 (0.91048011417596553,1.0204432257108735)
 (0.081764388035090424,0.84276860659449404)
 (-0.055151916963265379,0.8738309279315275)
 (0.78640515838200387,-0.36118719424564333)
 (0.16094262617661512,-0.39809578131882806)
 (0.36825234458906125,-0.32417927345588621)
 (-1.02822754285235,1.2399304441806578)
 (0.28797843787682287,-0.022449758826796395)
 (-0.82760820157558279,-0.71983052218457377)
 (-1.1629231322295495,0.90284417463124234)
 (0.61350856886459315,-1.2984408865876278)
 (-0.17698998403855132,-0.80466222966631795)
 (-0.69725490993449657,0.97652751226681223)
 (0.1785223681763794,-0.8696486118265041)
 (-1.4841489911191466,-0.66346754496396954)
 (-0.11764879900740782,1.0544319829626818)
 (-0.82412528955733411,1.3938766695815001)
 (-0.29425347399667501,1.0046314792355129)
 (0.13653276121676453,-0.31158576305441776)
 (0.78511537114277719,-0.33723433610836018)
 (0.090138933143449534,0.73298661198982074)
 (0.15494955770576518,0.028758853744947729)
 (0.87892157200636611,0.55329913391326624)
 (-0.081992561760241556,-1.1317842317482421)
 (-0.55861160547183697,0.59035794590631652)
 (0.36516734708066828,-0.7241683674097148)
 (0.048283951660578611,0.43647710594213962)
 (-0.51211133252850438,0.51757645184223455)
 (-0.47664750497013864,0.86757589899884646)
 (0.77379822249171704,-1.4857145926558732)
 (-0.37037903445436993,-0.53598170804125278)
 (-0.84030381778018892,0.9483657076992158)
 (-0.26048966304640808,-0.17193381611967368)
 (0.54783893390629235,-0.047802962361191248)
 (-0.8544409516133421,0.58534068305235176)
 (0.70216880725357256,1.4036789649384587)
 (0.39057230005547039,-0.63724824090367371)
 (0.46377496663289541,-0.70237954882715814)
 (0.32840511371512737,-1.8330699815024085)
 (0.098150015718512118,1.5514690714645192)
 (1.5378344248848665,0.40016451786610407)
 (-0.64705148750642094,0.17217016413888303)
 (0.94424314999975067,0.41562341399805941)
 (-0.41317307892754673,0.15426185180701571)
 (0.36869746113903079,1.135340654302355)
 (-0.97190277120774915,-0.65110114659881879)
 (0.32214054161306138,1.0878859570667856)
 (-0.38739820816556059,0.23207576249640549)
 (-0.28991356978378358,0.59262609494678364)
 (-0.3980432238094514,-0.93405789813150508)
 (1.1070994733958457,0.67206696863024118)
 (-1.5174533379116499,-0.077594529586786476)
 (0.48139752998483432,0.98783039261732319)
 (0.13724046814922722,0.10871005406995853)
 (-0.47701372508224082,-0.85095054231476031)
 (-0.59137344522179902,-0.6122236767834135)
 (-0.97378824875791437,-0.73934724312027988)
 (0.29579783811059213,0.040131476878927291)
 (0.18038251103626529,0.71524213591443242)
 (-0.93012775320799357,0.63061263886794616)
 (-0.85090136061558219,0.20395390915022613)
 (-0.26315242839290237,0.059791174889183688)
 (0.55634087306882296,-0.030654048296017838)
 (-0.27244369327875195,0.3565378709972481)
 (-0.41202590750824847,-0.39498211286166302)
 (0.2480523851937691,-0.55057679038300611)
 (-0.24051390995113814,0.17861478146389381)
 (0.42312571506055197,-1.2184119304896852)
 (0.49803983680782854,1.0425707582128645)
 (1.357845019984856,0.099101069742139281)
 (1.99564481638197,1.3246416561406136)
 (-1.0165113818813738,0.62865578993907745)
 (0.23880140900864594,0.1541189227228501)
 (0.31906582947671064,-0.26095709320572774)
 (-1.1261521481738284,-0.022898449557787359)
 (0.46555838161546143,-0.056254310556292847)
 (-0.57121705252350874,-0.53463821033648506)
 (-0.4702743270765814,0.46463666738137438)
 (-0.078487733494561188,0.47052009017429114)
 (0.12568330586513454,0.23691879728772719)
 (-1.2919907502201378,-0.83343718371299103)
 (-0.46812055529380081,0.57097225917979133)
 (-0.83025354884363756,1.5290174236704812)
 (-0.85696816929518338,-0.059240354290278241)
 (0.40965440171072148,1.0110175684376588)
 (-0.51645684641299638,-0.028334667974193178)
 (0.40771662442472412,0.18290709787173778)
 (0.017759772836987375,-0.99728038389845919)
 (1.0633931452073653,0.3874486693913804)
 (1.186621146399601,0.16028461594125709)
 (1.0708882548264709,-0.69936347039237834)
 (0.24221410103636684,0.29044546320300341)
 (-0.87437160280954873,0.1879238756875434)
 (0.13747195610749216,-0.081827197806457364)
 (1.2791468836938791,0.41488352419742142)
 (-0.22278272657446357,0.29987066082328279)
