# Created by Octave 8.4.0, Thu Dec 11 09:47:22 2025 IST <gamana@Samsung>
# name: awgn20
# type: complex matrix
# rows: 2048
# columns: 1
 (-1.0132096136742281,-0.85239713472539425)
 (-0.35327995296993803,-0.91487060384111862)
 (0.21053567570025289,1.000348568887339)
 (-0.93913125732121683,0.36815132610399576)
 (0.94752521488792518,-0.40951066713304207)
 (0.40044216195076676,-0.87027943646771999)
 (-0.28187356565258664,-0.88686661904115593)
 (-0.96463310827419235,-0.26865030275332058)
 (-0.84990992770425533,-0.97428528614182297)
 (-0.27669358666296473,0.31415670374679439)
 (0.45814678938800002,0.96722283043010759)
 (-0.39849063375978311,-0.28005967005610249)
 (0.306110799876748,0.21683091041201746)
 (-0.92660376867849914,0.34745956748493101)
 (-1.030451563404972,1.0222729895488138)
 (0.24843748033278035,-0.26465691817604609)
 (0.33946868831107657,-0.35206512265726669)
 (1.0450019310353504,-0.87270024206864005)
 (0.94035922253078619,-1.007673072646315)
 (-0.96389486434598959,-0.2804197828162095)
 (-0.98924415894209983,0.92444862666210936)
 (-0.8662495152923555,-0.30128795848009754)
 (0.39900690314198051,0.4268071602535437)
 (-0.30514639123749154,-0.32522379144744284)
 (-0.30023903479272696,-1.0098228674360532)
 (-0.91165810554280358,-0.83608323186159084)
 (-0.16736381800295749,0.9785014546728813)
 (0.28803298613839723,0.34610400845026429)
 (-0.92425496612743052,1.0798816897864834)
 (0.2758727393411301,-0.16519184570385503)
 (0.3178352391195946,0.32558050828742857)
 (-0.17232016600431746,0.83383368507096733)
 (0.95221351432166501,-0.45377443731165518)
 (0.89303299738497677,0.33627492965223327)
 (-0.84242922407790277,0.24448063858045066)
 (0.92492961282266617,0.197019077697351)
 (0.90101268809642976,-0.14714478114313478)
 (-0.25970074647475899,0.37725029434038959)
 (1.0199815532593919,-0.33119818392811978)
 (0.32654602406901706,0.24164947789417923)
 (0.33088678657925297,-0.31040602161980696)
 (-0.98992851697877615,0.8722271000610422)
 (-0.40188682740652776,-0.23891418555189509)
 (0.92462622440744258,-0.33750384152883139)
 (-0.97547137947396068,-0.29834865302655483)
 (-0.21381311800574093,-0.38249173583298268)
 (1.0090557686945156,-0.33027367475615566)
 (-0.97897060416053427,0.89068543340609185)
 (-0.97032050805900472,-0.95500939870801171)
 (0.89426830850536587,0.33579473626115347)
 (-0.84754691865480769,0.87136483166785217)
 (-0.43370770531057878,-0.3673873263158971)
 (0.88420761192288855,1.0982732990227306)
 (0.91463614245743907,0.85312736554685609)
 (0.30393047183487826,0.36531034173398647)
 (1.0236782274496496,0.94162807943496096)
 (0.96107813992881741,0.32092767405422368)
 (-0.44473195192814452,0.18751045052910878)
 (-0.98067453539617389,-0.28921284053835261)
 (-0.81548186116538146,0.30685034734393823)
 (0.87612126115859978,0.31878608515226559)
 (-0.88743012291771495,0.9501015791234223)
 (-0.93395674404651308,-0.84601976573819815)
 (-0.34937262817253034,-0.35763622439722603)
 (-1.0020648503307856,0.28807087643094481)
 (0.9780045476280792,0.94564871318426724)
 (0.86326829235216285,-1.0812842206156152)
 (0.89707841406900024,0.95972803003827623)
 (-0.99201027291292521,-0.26458778235059521)
 (0.30094037079012065,1.0182688016902111)
 (0.33373882948666023,-0.35547245234666425)
 (-1.0029025561732059,-0.94105439991155149)
 (0.31192195823732011,0.30835903292230044)
 (0.27280611388285664,0.28430503928901329)
 (-0.27892563653264613,-0.91267687544130094)
 (1.045301540729271,-0.3811712429248037)
 (0.32073312112167673,-1.0849047074826752)
 (0.35208034836822238,-0.80868374645139673)
 (-0.51919705935238125,-0.24921847673406322)
 (0.15673916698302556,0.19907718269666316)
 (-0.23321058369369058,-0.90507984288407151)
 (0.86990031879648855,-0.32742658701256644)
 (-0.18953176588798828,-0.31422170082314649)
 (0.24867325091615555,-0.92918177241770838)
 (0.3237088061996215,-0.4330221421721076)
 (-0.351614822846884,-0.37389850227524463)
 (0.93548732028373416,0.30167291262639406)
 (0.4171268752762376,-0.97675115090912679)
 (0.24987248250730687,-1.0327928422117736)
 (-0.28272081170168828,0.9973158928649698)
 (0.39257508141815262,1.0548214776271765)
 (-0.34444308227027542,0.89037558738356581)
 (-0.8940223171244025,-0.15817204156411099)
 (0.95891044963337613,0.94533431416342739)
 (0.32733037705106849,0.91500265492678279)
 (0.25922733744360366,0.28749059784636671)
 (0.43611892997353141,-0.25141801080932319)
 (1.0029334876973299,-0.42288170813429127)
 (0.3796204785268924,0.32375898992913693)
 (-0.89801737000658854,-0.44341745289974044)
 (0.30096563726135878,0.31981556431346891)
 (0.22170317120066546,0.26096472990413189)
 (-0.80177639596672412,0.37356719540029004)
 (-0.34108185935940977,0.93973510999412968)
 (-0.37751896828806153,-1.0016256336210143)
 (0.30190416836071859,-0.93951051124297069)
 (-0.27023021184063517,0.91242610833492799)
 (0.35104469793012444,0.89127918745044843)
 (-0.36598465808343816,-0.35661148271664406)
 (-0.28048650763639604,0.30822187255047523)
 (0.87267470391479118,0.28597832855523264)
 (0.2014892053153145,0.8757563735269428)
 (0.43535809842735385,-0.2973158802393624)
 (0.87832868105245532,-0.86286511851098657)
 (-0.94230305039296902,-0.88723193098490549)
 (0.42311781076067884,0.27859975651339958)
 (0.24973626949242986,0.95565957920992284)
 (0.92835093868155261,1.0594674680563663)
 (0.93682556237674275,-0.28692079630374584)
 (-1.0799066160833299,0.28783369437027106)
 (-0.96759831739246138,-0.97453169925359118)
 (0.88079820173501544,-0.35335292616654196)
 (-0.30912350835307928,0.33414800596566757)
 (-0.37735289910626763,-0.95917229331292597)
 (0.97665407980979702,0.29749520200523766)
 (-0.95915091724693546,0.90673174730661921)
 (-0.9266206220303036,-0.35528914989037519)
 (-0.373198152632777,-0.28441576320109574)
 (-1.0407695113152482,-0.85517397721703459)
 (-0.88222053360930086,0.96881441960924686)
 (-0.91183517329469876,0.97433180174678324)
 (0.99394989249994892,-1.0335569612915407)
 (0.17316483258703511,0.34673989587812337)
 (-0.33452965440753396,0.93628934411152587)
 (0.50127996055453905,-0.32829372692298847)
 (-0.39191557770662278,0.36255796618948033)
 (0.24849911620290838,-0.32000301901127048)
 (-0.30783703173367077,0.28915919059975365)
 (-0.87813675344385,-0.99147220583391094)
 (0.95268891443212167,-0.249976051533642)
 (0.22969910994564818,-0.90448274795747907)
 (0.93770333618163826,0.32884281498542844)
 (0.39806860506599062,-0.2182360088926211)
 (0.93809111888555552,1.0371139846933686)
 (0.29876493967963652,-0.80758644056299056)
 (-0.25218951479346863,-1.1180346020535508)
 (-1.0850005004004522,0.28309842592623097)
 (0.39246563884441982,-0.2772047712594134)
 (0.28837229035962597,0.28568878339763409)
 (-0.28758917397556893,-0.32960706567252462)
 (0.36737803522677526,0.84754192803274808)
 (0.83626234820848733,0.30033773547113296)
 (0.33963990414431511,-0.92646610049450506)
 (-0.37442749227979893,-1.0080601603392381)
 (-0.20996939976956569,0.4198249625343462)
 (0.9986916386648701,0.97193450858354924)
 (0.28693611435667649,0.26251206712381231)
 (0.75868749888735654,-0.97474776180354539)
 (-0.20136314196187294,-0.24955187038435844)
 (-0.87659134904948377,0.95165493894000186)
 (0.92445477170481816,-0.29313640153641446)
 (-0.33020360492178158,-0.2443930693850257)
 (0.23257768167717471,-0.90991836707722296)
 (-1.0195326265093845,-0.3780252583208803)
 (-0.9881361673200596,-0.31495874348604069)
 (-0.96131982238655611,0.31547254833221977)
 (-0.91946304903720621,0.99301337785733557)
 (0.47398395771060564,-0.90874665187046544)
 (1.0197139539228566,0.91065290922373454)
 (1.0635098003370416,1.0578086672195857)
 (0.40585671402482926,-1.0322145864152037)
 (1.0584341598269706,-0.34642172813032296)
 (-0.90996955206344254,0.88791693909525871)
 (0.2715319552884588,0.94308648084947944)
 (0.30919692514308406,-0.8462268894442293)
 (-0.90847985071862536,-0.33566806323176579)
 (0.25446017934837467,0.32140074690550313)
 (0.32117607922263997,0.91770258188706)
 (-0.36723078427680489,0.24188125426906704)
 (0.35110734887355782,0.95494147298532561)
