# Created by Octave 8.4.0, Thu Dec 11 09:47:22 2025 IST <gamana@Samsung>
# name: awgn20
# type: complex matrix
# rows: 2048
# columns: 1
 (0.9505418567819377,0.34203295780445253)
 (-0.41330562673282351,0.86301925229962551)
 (-0.81682466565712586,0.35593366566717521)
 (-0.27253243332164101,-0.91187532215745182)
 (0.45697166654169041,0.3461376543995246)
 (-0.2748854439349333,0.96137470124694779)
 (0.2962596982335291,0.31324020585562995)
 (-0.25496325552611371,-0.88144588057568418)
 (-0.47461527648040397,-0.47497958523620371)
 (0.98496955405143283,0.37985329029301251)
 (1.0308212155375136,0.91981282329913516)
 (-0.22150301974994879,-0.33853513297884524)
 (-0.48343156792643449,-0.26289209415323378)
 (-0.99221930759063648,-1.0704102634818231)
 (1.078901058807163,0.35456057571464683)
 (0.28902089269743925,0.98918287399710381)
 (0.90985438967345633,-1.0311106229053419)
 (-0.89815730843110853,-1.0477475226706654)
 (0.95646440139650724,-0.29915143649753517)
 (-0.26571036542374105,1.0357924251170918)
 (0.33319976880008756,-1.0246784466797221)
 (-0.28034891792865441,0.9483026874490047)
 (0.28102033409986582,-0.35640110457706975)
 (0.46216849408058513,-1.0349134131994933)
 (-0.38002394368380099,0.32368270712786329)
 (-1.028119067915626,0.8933039843057029)
 (-0.38511379789998629,-0.99908221039510892)
 (-0.46564079305399653,0.82710297066238381)
 (0.30489516267304512,-0.37501897568919795)
 (0.92825856277647611,-0.32127116471298933)
 (0.93693269869379803,0.30769097279119162)
 (-0.36638034903864708,-0.16991253847737084)
 (0.2579759465544299,-0.89272706273047808)
 (-0.31686455321386192,-0.29103523765312489)
 (-0.20047364467235396,-0.29065577416411092)
 (-0.34588248290697804,-1.0215433991983103)
 (-1.0263020866382944,-0.88277428202809638)
 (0.28994303037924485,0.3561860293551754)
 (0.16129735136705839,-1.01847511991218)
 (0.30200446414635679,0.95044493200462399)
 (-0.33712790878528348,-0.97831986161280404)
 (0.26778584122024629,-0.87713406310910846)
 (-0.93721690566875226,-0.205069377999966)
 (0.26162689130621603,-0.95716253204854085)
 (0.97515928740198821,-0.32476891290452997)
 (-0.94433341330707599,1.0388605254278853)
 (-0.78832551597964085,1.0677299362924031)
 (-0.23646680686311339,-0.23174274373718856)
 (-0.38535213583649153,1.0218312066640507)
 (0.82950267780384834,0.29628657917326273)
 (0.284993199823523,0.37412746353797982)
 (-0.33429673853914266,-0.84184442289729589)
 (-0.99379302723208796,0.21769625216772343)
 (0.2010004390264028,-1.0431698038737272)
 (1.0356840688061708,0.99227721259541035)
 (-0.92024012382809228,0.96720465469122752)
 (-0.32393194228480732,0.40806380295010619)
 (-0.13498434581373717,0.3180524107600754)
 (0.94103722363851972,-0.87479922092552709)
 (-0.30419005626935652,0.25456683915449635)
 (-0.92016068936352269,0.2930279792492243)
 (0.29840971689604395,0.83206926520152047)
 (0.88576372368729139,0.96095898666665913)
 (-0.94620546151879659,-0.97226592327193928)
 (-0.23035360434232721,-0.22180913928232981)
 (0.80802088427703311,0.88206944843671009)
 (0.86673718787350273,0.94237864927100978)
 (-0.94877468559606204,-0.43593721672727276)
 (-0.31920720572467604,0.37785519218329716)
 (0.90758833442568643,0.40631053663212069)
 (0.35916841485000123,0.3743523719313534)
 (1.0035349620605092,-0.46902662511466103)
 (-0.34127053721419709,-0.96405322463435839)
 (-0.93457836746698575,1.0788410676728797)
 (-0.82649148513309822,0.8731367139505064)
 (-0.90685388658423016,-0.79144951524479146)
 (0.26716152431983531,0.17877215061792154)
 (0.25249111651817546,-0.8964518844855407)
 (1.0563444344226514,-0.84364242685633584)
 (0.23199903488460594,-0.37053093938037401)
 (-0.22721586979155911,0.98411081001388434)
 (0.22329103300293532,-0.26171643175709008)
 (1.0230081842711209,0.94035981705469684)
 (-0.39910382901690034,0.40390219268973648)
 (0.15925652806798149,-0.25264262978808055)
 (-1.0475415918824438,0.95460732694374129)
 (-0.3020583197195868,0.47738849208729722)
 (0.42713406986452895,0.89685922253540629)
 (-0.87503995059142692,-1.0458704866632382)
 (1.001128935457791,-0.40358606748974707)
 (-0.36638477899728988,-0.34071474135393837)
 (0.88675980677854349,0.83893497787808702)
 (-1.0489179808520666,-0.41033933229048658)
 (0.97457207322848372,0.28388882400973459)
 (-0.92304519643990957,0.45026494536597128)
 (1.0395443514367042,0.28966567707385571)
 (0.28394409590885783,0.28990743728597379)
 (0.38794683968953492,-0.34233800620265736)
 (-0.16131684932471479,1.0294207614492397)
 (-0.17459989636528819,-0.9465022764365626)
 (0.27636989709895293,-0.779168316929294)
 (-0.25393672060700878,0.94884417640543917)
 (-0.34144219208375426,0.99460596636986121)
 (0.24714463058676417,-0.41729071760471059)
 (-0.30043154571959801,0.29536155086503463)
 (0.94293078984906231,-0.2624333989829889)
 (-0.92682728153915894,0.37914244448964218)
 (0.41598151235504605,-0.9298722906808955)
 (-0.30779910387124998,1.1057116557279751)
 (0.91333555832561364,0.36949079839909987)
 (-0.22644550049061124,0.34700245955047337)
 (-1.0545967316698952,0.98842891711219261)
 (0.18304823256553374,0.91788241497650036)
 (-0.23968087978807912,0.1528299998950591)
 (0.20810878039150418,-0.37197887274594549)
 (0.29634742389878338,0.92709889298742021)
 (-0.30433053065485322,0.94583032768482234)
 (0.38461259139239784,1.1445474240881803)
 (-0.87558655315986877,-0.27523068796847378)
 (0.90590468875231633,-0.41297186207524728)
 (0.96961843908736012,-0.20499205477281562)
 (-0.89973909746226566,0.28040367660520216)
 (-0.84081471688678167,-0.87646037077385752)
 (-1.0640168130773313,-0.30820182258106066)
 (-1.0285398143801894,1.0313701602146197)
 (-0.99574245700037989,0.39048714292019704)
 (-0.85258295584382671,-0.37245544024068555)
 (0.32703357105987302,-0.32292657133657415)
 (1.0318739430537491,0.94283718018399987)
 (-0.28993188247471768,-0.91737075602373519)
 (0.39715813293501395,-0.93757309796511101)
 (-0.98461682336341971,0.93299210530833909)
 (-1.0269884097168922,0.35018903940393159)
 (0.96585815745567971,1.1021522666756962)
 (-1.0180888054331725,0.3157784120931757)
 (0.36917940625062684,-1.064495821082782)
 (-0.82946323366255348,-0.8665250884048763)
 (0.20549143359331407,0.97517872708198095)
 (-0.4335097561736439,-0.32491973043295325)
 (0.18472691971392494,-0.94205348931011068)
 (0.9242631024054111,0.22268045507406409)
 (-0.204675926304073,0.77162485892148269)
 (-0.95179267037275173,-1.018455499448977)
 (-0.97595148672654441,0.92381522625774692)
 (0.23760618745861345,-0.94705875240793902)
 (-0.38198558922678211,-0.49992392692983972)
 (0.36096603507371716,-1.000394215818436)
 (-0.18686443437806829,0.49371677086058119)
 (1.1118961869232176,0.34690892648189742)
 (-0.45370785583708562,-0.30347073730259044)
 (0.9521656305186359,0.29499184474708101)
 (-0.33150426380411813,1.0196867917813619)
 (0.4084548558539654,0.86798542053002103)
 (0.36364781713295113,0.24252998319911984)
 (0.34911628805638456,0.94708027996794963)
 (-0.3136742336619498,0.97128983091805354)
 (0.35830093339956748,-1.0399431578554432)
 (0.48214504120307677,-0.88895055964913727)
 (-0.2805716055415779,0.35169585761792665)
 (-0.39814289990653468,-0.39451205439281767)
 (-0.26536944515329752,-1.0045605718927753)
 (-0.36217667733523812,0.38594203640487018)
 (0.82273575918672104,-0.96385336696532631)
 (0.26351539822142495,1.0097894490846628)
 (0.16713011183009954,-0.25053451804128674)
 (-0.88335114992520825,1.0817678219100382)
 (-0.86904542450739941,0.88542931504339684)
 (-0.29385822656685434,0.35773615981105567)
 (0.83125116216251427,1.049014918603171)
 (-0.31872469293721473,-1.0438710327324827)
 (-0.89578602881610125,1.0531005819544266)
 (-0.96306945012373502,-0.28205147022440591)
 (0.8847642887993945,1.0520454778087773)
 (1.0061126183381048,-0.97113049406857488)
 (0.26192515984422265,-0.91360939211845205)
 (0.39810893697713318,-0.97780323539577085)
 (-0.33520066846139934,-0.85482153912207082)
 (-0.1640808480470011,0.28420145168662747)
 (-0.28173360873845588,-0.29540592640081681)
 (-0.95758186497005282,0.92784688923611225)
