# Created by Octave 8.4.0, Thu Dec 11 09:47:22 2025 IST <gamana@Samsung>
# name: awgn20
# type: complex matrix
# rows: 2048
# columns: 1
 (-0.29095514925474991,-0.29116076794103873)
 (-0.30735285414461322,0.99318772780702658)
 (0.9139043185803819,-0.98693545994688647)
 (-0.2811126709250289,-0.91466854633449235)
 (0.92955209978477937,-0.89271743313680574)
 (0.91940177108250221,0.43596631078045722)
 (0.86676810165477258,-0.38751738408737552)
 (1.0510706794493487,0.97009686011618823)
 (0.22631756466647879,0.98698122993941173)
 (-0.85858370606696699,-0.35952873542683073)
 (-0.24755622523820664,-1.0484145480709268)
 (-0.80207601579467536,0.31921969577303955)
 (-0.37010689415964959,0.88038129000909038)
 (-0.95101893747513166,0.94679759363216309)
 (-0.93907868848330056,-1.0006111969359484)
 (-0.23034073271562241,1.0270720102808606)
 (0.93639684824239655,0.99265790092651018)
 (-0.29923582183010256,-0.41312266463043318)
 (-0.97367772902998773,-0.93115758260741277)
 (-0.7441879763279442,-0.35240025024965871)
 (0.3086892294761569,0.92479171241950708)
 (-0.97039159843530376,0.36093057605049456)
 (0.98706540612695071,0.91758260370334643)
 (0.9211224434868629,0.91195773958656745)
 (0.98737927383948365,-0.41829681018270415)
 (-0.34696237902957044,-1.0234291584870865)
 (-0.27803429288993919,0.33008012231388772)
 (-0.37305087550020072,-0.41344523700061853)
 (0.90959508651310494,-0.94413454749862447)
 (-0.87242060168077717,-0.17056464079618563)
 (0.9777157875075515,-1.0092496831270534)
 (-0.4381366777631347,-1.0491207976982233)
 (-0.35016651732014087,-0.18234426746580581)
 (-1.0510123878028845,-0.32084785390199533)
 (-1.0082963852562836,0.27928296050257828)
 (0.94760398465204188,0.26735833598856473)
 (0.23843315814513921,0.99881798234760566)
 (0.86084557473712464,0.38671587065214852)
 (-0.81969568018779215,-0.3998252867770053)
 (-0.34619709834561196,0.33340843802796677)
 (0.2965928239553321,-0.30607372068823785)
 (-0.22437131609917621,0.23975325656797483)
 (0.33705927705783661,0.37050217433875543)
 (-0.35593124689555783,-0.2912349889973892)
 (-0.96845348700654099,-0.99339011203216221)
 (-1.0345337911101979,-0.30773669011809152)
 (0.33648667233700069,0.97689054003344811)
 (-0.93330205087507112,-0.4492325144396061)
 (0.26319291791577348,0.85362010771471142)
 (-0.26543880797018071,-0.94429500183941095)
 (-0.9040453804099331,0.36786303577978918)
 (0.37648194302908872,-0.97390843575965147)
 (-0.87759769522087472,0.91946936656358924)
 (0.97756730785523405,0.81707501467608179)
 (-0.89671809198692309,-0.9266697795983061)
 (0.98465865552340937,0.29448161848820914)
 (-0.30711573898467925,-0.94915695384334631)
 (0.92144890680299585,-0.99765048239545329)
 (0.42374565252839208,-0.32552769211258287)
 (-1.062552334426726,0.95237536637065323)
 (-0.92628521872503078,-0.93133131294496629)
 (-0.35010796992188309,-1.0831527969342107)
 (-0.2852751392988922,-0.97314387808445568)
 (0.9673975399470317,-0.91165304356668875)
 (0.87075887419783737,-0.23262073170698824)
 (0.99967882798075358,0.39005450090705918)
 (-0.35175711668881954,-0.18286353830557489)
 (-0.93882720590950031,-0.28424307824542405)
 (0.88216356003138974,0.9364468925321926)
 (-0.94402651769112611,-0.92176620083500527)
 (0.83261816323454962,0.1816654417691872)
 (-0.38105979554028924,0.9386622929096784)
 (0.20413694091233114,0.82545596857886228)
 (0.33276907678099243,-1.0776474160485237)
 (-0.31029255893652979,-0.34829191432993412)
 (-0.84644735133237203,0.86680251846535239)
 (0.9567241179836633,-0.30065526743989202)
 (0.97817382339699832,-0.28804169564387577)
 (-0.84736125057242095,0.88971258847117729)
 (0.42943716673673482,1.0212552744101286)
 (0.28863809444389016,-0.28628268637494458)
 (0.23560169848274642,0.33894979577000989)
 (-1.106867655594364,0.34832589723272933)
 (-0.98362711188966634,0.42076099066185418)
 (-0.98632686860559948,0.43384237224128264)
 (0.20681756926610878,-0.35546765155763627)
 (0.39826013938922006,0.87224045235712266)
 (1.1341362605128424,-0.91958703138056408)
 (1.0199956277793698,-0.42061642608660788)
 (0.30214423754020048,0.38205739239072622)
 (0.91921945028577545,-0.43191000512039296)
 (1.0177430958249385,0.8007691466920005)
 (-0.91345100130546564,0.99842724873523814)
 (-0.31898617172677718,-0.964923549704919)
 (0.29045805484639509,1.021262806326366)
 (-0.24709742277671976,-0.31740507447857214)
 (0.28106970052490321,0.45067334997103026)
 (-0.91244219386586933,0.88459506527925824)
 (0.36647388064631037,-0.2358745665053342)
 (0.89429618419313084,-0.86597361209999391)
 (0.32405880853799091,-0.86248345198411913)
 (-0.88385865768418759,0.99509746566049651)
 (1.0875105979360762,0.94642096858501668)
 (0.3693195018295059,-0.95609943965695232)
 (0.38294455381146136,-0.33961087313229055)
 (0.84040059447694782,-0.20758605023109911)
 (-0.98348460073676092,-0.35901352409180337)
 (0.80028311243207728,1.038140419575635)
 (-0.2925764346570201,-0.27946636806968028)
 (0.30842626351647928,-0.39594155008744925)
 (0.96059314127889872,-0.27090094897875366)
 (-1.0131609774050301,0.30025898199179241)
 (-0.89282955875505587,0.93210885870991511)
 (-1.0246284361796842,-0.41229313178895949)
 (-0.092578564114318584,0.28426065013736707)
 (-0.98348551712754673,-1.0015404991116887)
 (0.24599463663116344,-1.0132240368223078)
 (-0.97065120605271304,-0.94713062840251605)
 (1.0480411073269282,-0.97603127478107832)
 (-0.28631981134208589,-0.88767745890159244)
 (-0.36019956560105237,-0.94351889645661358)
 (0.36619513107858936,0.85846394267959802)
 (0.25179229037561068,-0.97613700387404767)
 (0.36783749301883045,-1.0800551900936459)
 (1.000593874849429,-0.36115426182319099)
 (-0.39212567761697298,0.38539977940351017)
 (0.30034522493280563,-0.36547522875562199)
 (0.38365506827074103,-0.33419982509228718)
 (-0.90155291044869079,0.37050424848205976)
 (0.32154743061650598,-0.33124571722336227)
 (1.0341925356367585,-0.91575338267557183)
 (-0.22089138601174085,-1.0607928062293726)
 (0.24934862867618762,-1.0247637248746264)
 (0.38100562600581334,-0.19021306270940377)
 (0.19987888696085104,-0.95022251591267692)
 (0.34540735998426331,-0.31705370607212641)
 (-0.30426132391050287,-0.48040777045326333)
 (0.13906443156788037,-1.0525576669096772)
 (0.34615055357774827,-0.31653439901582514)
 (0.30662872728554075,-0.37044200768140184)
 (-1.0396094424773235,0.29018182463736408)
 (-0.38947433123954472,-0.21165574965485304)
 (-1.0444212924093947,-0.90944633083576676)
 (-0.25749880910664164,-0.37452424832517994)
 (0.36874705700346644,-0.9815185693024604)
 (0.86833768473397055,-0.86833569733994975)
 (-0.32617649927144488,-0.9982880621739133)
 (-0.96117724601844179,0.26674804198713431)
 (0.25403475945409204,-0.34125773885822513)
 (0.7936958828795555,0.7983710244997243)
 (0.94640146626158927,-0.30880698263819739)
 (-0.41494711910776344,0.23670463505905401)
 (0.91099984902388775,0.97429358978738834)
 (-0.33761437742434103,-0.30070718808044755)
 (0.99549147840809649,0.94168679335701078)
 (-0.3624753678783203,0.26962237262935085)
 (-0.91594062291680212,-1.0491086062252806)
 (-0.2748072688030988,-0.42160162786556177)
 (-0.96926872969971722,-0.40295394349545632)
 (0.30280287108791348,-0.86228163026552507)
 (-0.29263142147327181,-0.92521312534221722)
 (0.85486259009719712,1.0349452724039219)
 (-0.23099696495234992,-0.2603074697089901)
 (0.97299759248187767,-0.22336724597584234)
 (-0.22029061075366307,-0.26027113813530778)
 (-0.29193924963326845,-0.38676175542073993)
 (-0.27796689111233763,-0.83165359691196761)
 (0.27299366429057165,0.40197423540970345)
 (0.97329829899866027,1.0043051123406923)
 (-0.3216797860498164,-0.25416216815454701)
 (0.36957124792614465,-0.29319106695272107)
 (-0.81348540797883695,-0.31548437102062271)
 (0.43476084924331787,-0.3864430270784911)
 (0.50550838788811414,0.35129486852147435)
 (0.38079908511807492,-0.3434064380153462)
 (-1.0444036359657163,0.99425702491522083)
 (-1.0288058619876548,-0.32520533496143894)
 (-0.28113327580247927,0.91280310628105599)
 (-0.96826813107332876,0.37046897523082722)
 (0.30736494257053881,0.82070343013367342)
