# Created by Octave 8.4.0, Thu Dec 11 09:47:21 2025 IST <gamana@Samsung>
# name: awgn20
# type: complex matrix
# rows: 2048
# columns: 1
 (0.24597267672774606,-1.0065907208558578)
 (0.30180242585752581,0.25603168181549929)
 (0.94413015133536782,-1.0155778246541101)
 (0.31503217637396691,-0.2381283427405132)
 (0.90058429983115007,-0.4089527243438672)
 (0.28386436511693558,-0.95070436708513306)
 (0.25650639487422139,-0.95788634767176428)
 (0.35241905058527329,0.97401554553079595)
 (0.96258106204349569,-0.92522010908144869)
 (0.29276688066881373,-0.22079706764008056)
 (0.90185016600632983,-0.90036801029854874)
 (0.2535306594448572,-0.21698539370579817)
 (-0.28039564487247004,-0.81402014127651667)
 (-0.93487926834267587,0.95299410062217627)
 (0.2876386073809134,1.0142121513895184)
 (0.90434796973131792,-0.37410068205710478)
 (-0.27604564686247307,-0.38836509833513189)
 (-0.32619701225265491,-0.80067609408511142)
 (0.33984603295575927,-0.36892105736806069)
 (-0.31266567997443068,-0.89947098510042878)
 (0.96322265238419658,0.3040161518901649)
 (0.94815293007513812,0.33158033513839003)
 (-1.0039281957460275,0.41105777262544829)
 (0.31661905414941649,-0.28571953956914076)
 (1.022228145968707,0.39499618274883391)
 (-0.98494337615579208,0.36127483813516614)
 (0.275959416344849,0.29723322929627655)
 (-0.22432253758175141,0.30591460654470565)
 (0.31127002803673604,-0.97943378720080509)
 (-0.93124688190183003,1.0057025139925853)
 (0.98844600493463985,0.32872008962316485)
 (0.24453630202880325,-0.45023365755820133)
 (0.3124562837967475,-0.39159265358275774)
 (1.0515238728564555,-0.93224029489380444)
 (1.0538490834423053,0.3430597233664649)
 (0.34494884158921141,0.32683735906475592)
 (-0.29355621076185578,0.45368233426928883)
 (0.4705567195649506,-0.26396112332675958)
 (-0.34810855922014727,-0.30021625851973111)
 (-0.25088638706202515,0.15762773210887804)
 (-0.87098341814520608,-0.21985780506224339)
 (1.0580959246433841,0.38022904486462361)
 (-0.25959972562336531,0.39006051007283282)
 (-1.036035010148467,0.31057686219683744)
 (0.90225784306441903,0.30301795475481313)
 (-0.35830821349839109,-0.9390724337829256)
 (0.89366890199325899,0.3291938931781388)
 (0.32963067541087215,0.30150708425344386)
 (0.23701906231428596,-0.21717114633288725)
 (-0.99756452234572501,-0.89974987654875538)
 (-0.95150988589841135,-0.33401873368107088)
 (0.92717798261629969,1.0316503110962048)
 (0.40741834212141204,-0.2849501265591638)
 (0.32963713603186229,-0.34029849948812285)
 (0.19012474883938787,0.96236250827635572)
 (0.97641816588620778,0.19661356734189245)
 (0.28127317480957981,-0.3769384604223055)
 (0.3077599723181621,0.81874882192736531)
 (-0.887036272441587,-0.27961167465238207)
 (0.97569617416729093,0.22354956730122333)
 (0.92499671585165488,-0.30632983545761411)
 (0.23537303299654211,-0.32802275397008557)
 (-0.20759736873401047,-0.23627732863940698)
 (0.92170622075359776,0.96106232059319929)
 (-0.35757123462960111,0.34396887538095622)
 (0.93668109334622396,-0.4174416777318018)
 (0.97556251583022335,0.33796910448131295)
 (0.32770946284971197,0.39925735191614103)
 (-0.28569714961356152,-1.0127532696903729)
 (-0.40014707115408804,-0.86704648951670116)
 (0.40744911705403081,0.26958852034118241)
 (-0.25912850030392914,-1.1027342548756414)
 (0.43867684083387443,0.27351773975006721)
 (-0.30875654795942947,0.9227920221188427)
 (-0.92754595367287718,-0.32906544183705283)
 (-0.30072419246576282,0.91073922257862772)
 (0.26687032244528125,0.88083756161957449)
 (1.0011439207179864,0.46270405304623002)
 (0.87990871653814318,0.90630029299684778)
 (1.1358486937046257,-0.25462500844044517)
 (0.30363330028809898,0.88498992530358744)
 (-0.90754970783305866,-0.31723065705329251)
 (1.020909956213456,-0.20820862388539224)
 (-0.25482706523450332,0.32400112251313745)
 (0.99727276879212856,0.34756880038844346)
 (-1.1013579011503274,0.97822624544787817)
 (-0.97180688191806353,0.4052082782383552)
 (-0.85101426315248963,0.23178759765237653)
 (-0.97808386009329518,-0.38356449507317819)
 (-1.0315992304805277,-0.32634165342952853)
 (-0.82957012885809067,-0.97999981685330084)
 (-0.37281297386880774,0.94882385817143167)
 (1.071135635291919,0.26693562491149381)
 (0.32835612145206339,0.93603212894129662)
 (0.30610979004019973,-0.8728236624623017)
 (1.0050244932124175,1.0411845745291088)
 (1.0490017243139322,0.22029901846525848)
 (0.21450664026693511,-0.24552707290620612)
 (-1.0110632081766908,0.42256946665539102)
 (0.32002695759875976,0.36485790590466494)
 (0.28839056870507684,0.94196402119611833)
 (-0.31459921595949331,0.31661766719824053)
 (-0.32572048460980069,-0.28854746161750555)
 (-0.31071782246478258,0.34961950622050647)
 (-0.34908831623165898,0.30049566752902468)
 (-0.37999108184050001,0.37227571511270086)
 (-0.84794886900061939,0.20542781625818737)
 (-0.89101822912053985,-0.26480263614924848)
 (0.94980446562677578,-0.18275474257739435)
 (0.86533725423621499,-1.0112281759680253)
 (-0.28348324390333712,-0.91160167649090207)
 (0.85374752849918523,0.34327253859732698)
 (-0.36857596618617539,0.16954963176457161)
 (-0.32699019424890224,0.90649115050905293)
 (0.93878883306104188,-0.96173448427361097)
 (0.25007810972497579,-0.31505928561733371)
 (-0.29996592318237314,0.37009473495973)
 (-0.95016638426832734,1.019130023923817)
 (-1.0107937759465602,-0.28463075618649897)
 (0.92451352098301065,0.18672949576854839)
 (0.95558133566348358,-1.0324219575701568)
 (0.90660855145131258,-0.96085652470435656)
 (-0.97457688529191855,-0.97229409468799155)
 (-0.89038499146165917,0.88103930895770377)
 (0.88245941882426193,-0.29693144754512374)
 (-0.3389672077356522,-0.28012934886145197)
 (0.857025953134954,-0.30256442195898231)
 (-0.19940576476732397,-0.34296147884276612)
 (-0.96896005545863384,-0.95499746710685418)
 (-0.38561503260443336,0.24865600393501686)
 (0.35775800405209063,-0.94529137555334963)
 (-0.96458731556992361,-0.33131335274735546)
 (0.97644788370082902,0.32659429306746229)
 (1.0548762809220618,0.97246187922565075)
 (-1.0227880717721882,-0.88630394391173373)
 (0.33922982651449679,0.38562935209430527)
 (0.38781221408414696,0.42499383125962348)
 (-0.96583836966972769,0.30346262591304946)
 (-0.91815072350881233,0.21005275632517828)
 (-0.95454426545851145,1.0053071193128262)
 (-0.3361667939059424,0.40191793768000716)
 (0.37151499222404849,0.95527152878789123)
 (0.93923901861525261,-0.94864895965072615)
 (0.94055080359510057,0.33985880092406584)
 (0.32167894485442794,-0.41774608188327117)
 (0.25982588445301585,-0.84290971787246793)
 (-0.87603161647020356,1.0514315370085248)
 (0.29412487245161995,-0.89424722219238584)
 (-1.0152946677317469,-0.40199333310150687)
 (1.0114335639800998,0.88112463705528432)
 (0.95362616389635935,0.89283484480233355)
 (-1.0115754906885162,-0.30944464105666042)
 (-0.31602261926687925,0.38185954585749121)
 (-0.90135785498507892,0.48755328739470871)
 (0.97057229201859563,1.0684026265561644)
 (0.90753420943499652,0.25997979259505533)
 (-0.32035906921514029,0.95203135440903253)
 (0.4516375305109348,0.90692602926704813)
 (-0.32347263913203228,-1.0017931740562978)
 (-0.28122923820124213,-1.0134363071912511)
 (-0.35139582932753621,-0.29654624187317119)
 (0.25585799697501227,0.98852932764732993)
 (0.31183829060694224,-0.3702801634638847)
 (0.39987079382182905,-0.41787621252384743)
 (0.91681328340227564,0.31697812764471822)
 (0.30824843215317183,0.500283314038652)
 (-0.37056802305291114,1.0721702396899488)
 (1.097468495008449,-0.23606718291077372)
 (-0.8495342478405149,1.0888312893606806)
 (0.31182088526237445,0.98923549454767412)
 (0.94156988071350101,-0.2319315725496246)
 (-0.86310292616701478,-1.0670589244644579)
 (-0.17714811487318613,0.83470719297308793)
 (0.44776037272989277,0.28572288376167365)
 (0.76614558101035812,0.40662544039710041)
 (0.36718657961156376,-0.27392852123450506)
 (-0.21774520534119624,-0.83800657224630104)
 (-0.87097194389665999,-0.34784793493753713)
 (-0.39254724346957182,0.84749813397252227)
 (0.28851366612043849,-0.30554552267784457)
