# Created by Octave 8.4.0, Thu Dec 11 09:47:22 2025 IST <gamana@Samsung>
# name: rayl
# type: complex matrix
# rows: 2048
# columns: 1
 (0.93561935897354154,0.58028975677630257)
 (-0.14091395645926771,-0.17573962278628544)
 (0.18433186274889141,-0.54090534148086544)
 (-0.099690835187346061,0.37479517238154514)
 (-0.16974912762512731,-0.29056320159957905)
 (-0.3965762882165409,-0.15165337609762589)
 (1.0989415005775913,0.61099868843237037)
 (-0.49568952340910527,0.020086126956239514)
 (-1.4509551964175362,0.33205676365094972)
 (0.27786585663993674,-0.63639915217975696)
 (0.71288781086939501,-0.5292114486697419)
 (0.23361824347141391,-0.16421485242295392)
 (-0.050566558413408208,-0.19548866636235906)
 (0.39040703121131998,-0.32054103657861688)
 (0.27275017077418667,0.28457082340993672)
 (0.46149337049771072,0.49662734187474694)
 (0.18239163112583118,0.42036552430540969)
 (-0.26266839367540218,0.21573724219848728)
 (-1.4464476174773835,1.0011843512729874)
 (0.092625845008869834,0.62188597538626955)
 (-0.28534651056664601,0.81741292848882463)
 (-1.1990210411337245,0.30564161731459505)
 (-0.10976024109441444,-0.32464410976440528)
 (0.84551057386881945,-0.10950892189344613)
 (1.4107712201168237,0.85084895666061899)
 (0.73335681660005458,1.237416293578619)
 (1.7982243498290258,-0.97498195867769843)
 (0.82355214154954182,-0.23778569618794126)
 (0.43199345924302179,0.33377168336914709)
 (0.16330775295610667,-0.46028571890577707)
 (0.57717845253874933,-0.11475241922051607)
 (-1.1423324136490682,-1.402598084533051)
 (-1.2122069353138236,-0.96239768410086701)
 (-0.037105726599627548,0.42166825171564659)
 (1.2495947882342033,0.29660745736884153)
 (0.56620889616250536,-0.35829058189412866)
 (-0.099276805306626192,-1.1418972913021224)
 (0.019252921642385595,-0.10714990847330877)
 (-0.023829743349056687,0.24821562322009005)
 (-0.036176815215761576,-0.31013194039456471)
 (0.13383082797236787,-1.0777669788730295)
 (-0.49402396125695097,-0.3703978589056543)
 (-0.027988625839169223,0.62293568320651405)
 (-0.47561544609171713,0.26902271551910795)
 (-0.19327120692363156,0.10003237018012598)
 (1.2048612408408383,-0.49062063331636308)
 (-0.10243168162610927,-0.32586281907922182)
 (0.90355414453121696,-0.96524093316050119)
 (-0.50453965126294342,0.68600174450379114)
 (1.1462939240937744,-0.50791502896978258)
 (0.078354000248742589,0.063210671404972302)
 (0.25770284703321394,-0.2222121311804714)
 (-1.7991867046830865,1.1019644740318306)
 (0.66976137793670709,0.16356434543099355)
 (1.9894398604938968,-1.7125494362600879)
 (-0.58374239197944866,-1.0105069635262434)
 (-0.14809129025685502,-1.3327081910021841)
 (1.3510424378496477,0.030823249141595233)
 (-0.80397916256566582,-0.32362033969147441)
 (0.64919529948309884,-0.49998556168031993)
 (-0.33929502390632177,-0.31385177040221462)
 (0.046935753450046303,-0.90646071020869401)
 (-0.21860766818823749,0.40653130858745268)
 (-0.19167117901051567,0.19349956409895552)
 (0.46937278834196783,0.14661525916844897)
 (0.78304513824034294,0.37732132664497486)
 (-0.60112890631405325,-0.41059163548204869)
 (0.33688236693511336,-0.51815839793543628)
 (0.12368646567071948,-0.10784809533939102)
 (-0.60894599086224011,-0.010250862126364224)
 (-0.23845961042451225,0.81403101079288342)
 (0.30486507111835925,0.65808590156490354)
 (0.13604985797498875,-0.82686170987876417)
 (-0.89471758212025754,0.39850282635831141)
 (-0.53635524203070539,0.16333151149870512)
 (-0.30467414758481715,0.19582476977765936)
 (-0.28038284610861108,-0.34584092180508402)
 (0.085763975572158591,-0.067868022480066154)
 (0.18925093920568278,-0.076294844873063344)
 (-1.9091879900285544,-1.053671934431879)
 (-0.49883125778446269,0.26931795284150029)
 (-0.94050891187966734,0.28213019915033183)
 (0.20820139591168774,-1.9565154157976363)
 (0.10267630378861781,1.0217851863918179)
 (-0.21275127547984049,-0.29270359209723174)
 (0.72266914774630853,0.5223789303866081)
 (0.24475507736631874,1.1251413967342176)
 (0.091847584096955925,1.1320723280629941)
 (0.13724884116907429,0.21017795741784082)
 (-0.73032859359922275,0.34184194656519429)
 (-0.47254898847014376,-0.72444160549269698)
 (-0.43199874109540543,0.32337628495514686)
 (-0.20905564969919493,0.71687739686957497)
 (-0.48130922878120397,-0.017245707956544731)
 (1.1114427578879233,1.8835118894916194)
 (0.090443488492486249,0.25099781656748515)
 (-0.075965160617417704,0.75074778513575535)
 (0.26131386465416656,-0.85644693857525778)
 (-1.6308719261417497,-1.1373954373791895)
 (0.020934853415833801,-0.10456538662690658)
 (0.58940021752752003,0.49482468984921574)
 (-0.17776747255608902,-0.23626861915628711)
 (-0.33858810376464155,0.40120281703069105)
 (0.43035811562498916,-0.85812925395640904)
 (-0.39022402531913214,0.90899000365284899)
 (-0.11010393024028073,-0.22010169414335198)
 (-1.6997579985882161,0.025929412338890567)
 (-2.4146733685507509,-0.54054595459564281)
 (0.40021206245087987,-0.73256700067020053)
 (-0.40401228626889119,1.4868388475625958)
 (0.96464859995343288,-0.15792386406410833)
 (-1.1247059582956527,-0.57137480444321231)
 (-0.44283131688928767,0.27364388379346571)
 (0.16643209158536332,0.43622560717497649)
 (-0.6941980959624876,-0.63037982177391094)
 (-0.6243182634031107,-0.0053408058659789592)
 (-0.27846369689823103,-2.4749035363910581)
 (-0.05462332960176778,0.078149210000103511)
 (-0.74693130569637423,0.84019238703856169)
 (0.2074304755145949,-0.10861847256950721)
 (-0.28928165786606591,0.066124919310063035)
 (0.072771615928413413,-0.24188355891389446)
 (-0.72933219627392709,-1.0719540148985029)
 (-0.25989816763977897,-0.17154347330419467)
 (-1.2675916239152165,0.31320288206046243)
 (-0.62140635071438921,0.71037511813681431)
 (-0.56099786965637177,-0.11905376255019065)
 (-1.0913298202834942,-1.2940924681288759)
 (1.2546744319244261,-0.80025514066758396)
 (-0.0038836696190365158,-0.10179591773955901)
 (0.32658067658662304,-0.63627454168631514)
 (-0.60292721284824591,-0.67878274502299762)
 (0.84837651390730939,-0.73408370532750067)
 (-0.29514776156543204,-0.071310600931985491)
 (-1.5940939841590263,0.63935009332970871)
 (0.15168281421517074,-0.71671183779808045)
 (-0.23235278999297659,1.0994975781423928)
 (0.81976922431734522,-0.21134416372514878)
 (0.03248490868495188,0.29778660603291029)
 (-0.20374849466341186,0.34544396663799004)
 (-0.56499328607953092,-0.86512885809499862)
 (0.23098229386797586,0.13070726036081864)
 (0.75996508605127366,0.1082690746042374)
 (-0.2035715264983857,0.40511262040988144)
 (0.79490196336846475,-0.16248468830153207)
 (0.77069333414297692,-0.6018554981207378)
 (0.16064005401784381,-0.2643326741801893)
 (-0.42309303844118756,-1.392785389604337)
 (0.084752889420019101,-0.066718494073852636)
 (-1.4085452865626007,0.79651564241058259)
 (1.2468724727095357,0.39639846215281477)
 (-0.64573918238209793,0.3900483452183508)
 (-1.1077806599276361,-0.5134126120161997)
 (-0.72188702269951044,0.29016800627744221)
 (-0.38990710993302302,0.14418445621862622)
 (-0.86950760069144173,0.045037544190152962)
 (-0.4246371956571145,0.98589355675496138)
 (-0.16602080277764839,0.24253177388041908)
 (-0.29194527228630507,1.0501733843650443)
 (0.1548679787343446,0.17152238668081912)
 (-0.70216339690481167,-0.44778124524223017)
 (0.10647440918900523,-0.01194236459481186)
 (0.58906103913745578,0.40794061276010513)
 (0.27654318011004853,0.11726947119505435)
 (1.21778310558988,-0.11474443354945363)
 (0.2241134470784667,-0.88987003150765431)
 (0.10669898854228033,-0.20348335651596688)
 (-0.20738172168344909,0.4084188153165404)
 (-0.68224604496520846,0.61792002362917309)
 (-0.036295922497222716,0.33775801795789806)
 (-0.21380442074795961,0.40197034246695801)
 (0.1359965993229108,0.86235345132435071)
 (-0.60023736426293117,1.8522509086757157)
 (0.12035520451352821,-0.27801238294489861)
 (-0.063743493665092632,0.75196499831415919)
 (-0.11659921072506779,0.69224842694274935)
 (0.11713068451957714,0.99109468047208282)
 (0.050108999279390526,0.31159151191001033)
 (-0.31466078855446067,0.59387629935035757)
