# Created by Octave 8.4.0, Thu Dec 11 09:47:22 2025 IST <gamana@Samsung>
# name: clean
# type: complex matrix
# rows: 2048
# columns: 1
 (0.31722063428725766,0.31722063428725766)
 (-0.95166190286177299,0.31722063428725766)
 (-0.95166190286177299,-0.95166190286177299)
 (-0.95166190286177299,-0.95166190286177299)
 (-0.31722063428725766,-0.95166190286177299)
 (0.31722063428725766,-0.31722063428725766)
 (-0.95166190286177299,-0.95166190286177299)
 (-0.31722063428725766,0.31722063428725766)
 (-0.95166190286177299,0.31722063428725766)
 (0.95166190286177299,0.95166190286177299)
 (0.31722063428725766,0.95166190286177299)
 (-0.31722063428725766,-0.95166190286177299)
 (-0.31722063428725766,-0.31722063428725766)
 (0.31722063428725766,0.31722063428725766)
 (0.95166190286177299,-0.95166190286177299)
 (0.95166190286177299,0.31722063428725766)
 (-0.31722063428725766,-0.95166190286177299)
 (0.95166190286177299,-0.31722063428725766)
 (0.31722063428725766,0.31722063428725766)
 (0.31722063428725766,-0.31722063428725766)
 (0.31722063428725766,-0.31722063428725766)
 (-0.31722063428725766,-0.31722063428725766)
 (0.95166190286177299,0.31722063428725766)
 (-0.31722063428725766,-0.31722063428725766)
 (0.31722063428725766,-0.31722063428725766)
 (0.95166190286177299,-0.95166190286177299)
 (0.31722063428725766,0.95166190286177299)
 (0.95166190286177299,0.31722063428725766)
 (0.31722063428725766,0.31722063428725766)
 (0.95166190286177299,-0.95166190286177299)
 (0.31722063428725766,0.31722063428725766)
 (0.95166190286177299,0.31722063428725766)
 (-0.31722063428725766,-0.31722063428725766)
 (-0.95166190286177299,0.31722063428725766)
 (0.95166190286177299,0.95166190286177299)
 (0.95166190286177299,-0.31722063428725766)
 (-0.95166190286177299,0.31722063428725766)
 (-0.31722063428725766,-0.95166190286177299)
 (0.95166190286177299,-0.95166190286177299)
 (0.95166190286177299,0.95166190286177299)
 (0.31722063428725766,0.95166190286177299)
 (-0.31722063428725766,-0.95166190286177299)
 (-0.31722063428725766,0.31722063428725766)
 (0.95166190286177299,0.95166190286177299)
 (0.95166190286177299,0.31722063428725766)
 (0.31722063428725766,0.31722063428725766)
 (-0.31722063428725766,-0.95166190286177299)
 (-0.31722063428725766,0.95166190286177299)
 (0.95166190286177299,-0.95166190286177299)
 (0.95166190286177299,-0.31722063428725766)
 (0.95166190286177299,0.31722063428725766)
 (0.31722063428725766,-0.95166190286177299)
 (-0.31722063428725766,0.31722063428725766)
 (0.95166190286177299,0.95166190286177299)
 (-0.31722063428725766,0.31722063428725766)
 (0.95166190286177299,0.95166190286177299)
 (-0.95166190286177299,0.95166190286177299)
 (-0.95166190286177299,0.95166190286177299)
 (0.95166190286177299,-0.31722063428725766)
 (-0.95166190286177299,-0.95166190286177299)
 (0.31722063428725766,0.31722063428725766)
 (-0.95166190286177299,-0.31722063428725766)
 (0.95166190286177299,0.95166190286177299)
 (-0.95166190286177299,-0.95166190286177299)
 (-0.95166190286177299,0.95166190286177299)
 (0.95166190286177299,-0.95166190286177299)
 (0.31722063428725766,0.31722063428725766)
 (-0.31722063428725766,-0.95166190286177299)
 (0.95166190286177299,0.95166190286177299)
 (0.31722063428725766,0.31722063428725766)
 (-0.95166190286177299,-0.95166190286177299)
 (-0.31722063428725766,0.95166190286177299)
 (0.31722063428725766,-0.95166190286177299)
 (0.31722063428725766,-0.31722063428725766)
 (-0.95166190286177299,0.31722063428725766)
 (0.31722063428725766,0.95166190286177299)
 (0.31722063428725766,-0.95166190286177299)
 (0.95166190286177299,0.31722063428725766)
 (0.95166190286177299,-0.95166190286177299)
 (0.31722063428725766,0.31722063428725766)
 (0.95166190286177299,0.95166190286177299)
 (0.31722063428725766,-0.31722063428725766)
 (-0.31722063428725766,0.95166190286177299)
 (-0.31722063428725766,-0.95166190286177299)
 (-0.95166190286177299,-0.95166190286177299)
 (-0.31722063428725766,0.95166190286177299)
 (-0.31722063428725766,-0.31722063428725766)
 (0.31722063428725766,-0.95166190286177299)
 (0.95166190286177299,-0.31722063428725766)
 (-0.95166190286177299,-0.31722063428725766)
 (0.31722063428725766,-0.95166190286177299)
 (-0.31722063428725766,0.95166190286177299)
 (0.95166190286177299,0.31722063428725766)
 (0.31722063428725766,0.31722063428725766)
 (-0.31722063428725766,0.95166190286177299)
 (-0.95166190286177299,0.95166190286177299)
 (0.31722063428725766,-0.95166190286177299)
 (0.31722063428725766,-0.31722063428725766)
 (-0.95166190286177299,-0.95166190286177299)
 (0.95166190286177299,0.31722063428725766)
 (0.95166190286177299,0.95166190286177299)
 (-0.95166190286177299,-0.31722063428725766)
 (-0.31722063428725766,-0.31722063428725766)
 (0.31722063428725766,0.31722063428725766)
 (0.31722063428725766,-0.31722063428725766)
 (-0.95166190286177299,0.31722063428725766)
 (-0.31722063428725766,-0.31722063428725766)
 (-0.31722063428725766,0.95166190286177299)
 (0.95166190286177299,0.31722063428725766)
 (0.31722063428725766,-0.31722063428725766)
 (0.95166190286177299,0.95166190286177299)
 (-0.95166190286177299,0.31722063428725766)
 (0.31722063428725766,0.31722063428725766)
 (-0.31722063428725766,0.95166190286177299)
 (-0.95166190286177299,0.95166190286177299)
 (-0.95166190286177299,-0.31722063428725766)
 (0.95166190286177299,-0.95166190286177299)
 (-0.31722063428725766,0.95166190286177299)
 (-0.95166190286177299,-0.95166190286177299)
 (0.95166190286177299,-0.31722063428725766)
 (-0.31722063428725766,-0.31722063428725766)
 (0.31722063428725766,-0.31722063428725766)
 (-0.31722063428725766,0.95166190286177299)
 (-0.31722063428725766,0.31722063428725766)
 (0.31722063428725766,0.95166190286177299)
 (-0.95166190286177299,0.95166190286177299)
 (0.95166190286177299,-0.31722063428725766)
 (0.95166190286177299,0.95166190286177299)
 (-0.95166190286177299,-0.95166190286177299)
 (0.95166190286177299,0.31722063428725766)
 (-0.95166190286177299,0.31722063428725766)
 (-0.31722063428725766,-0.95166190286177299)
 (0.31722063428725766,0.95166190286177299)
 (0.31722063428725766,-0.31722063428725766)
 (0.31722063428725766,-0.31722063428725766)
 (0.31722063428725766,-0.31722063428725766)
 (-0.95166190286177299,-0.95166190286177299)
 (-0.31722063428725766,-0.31722063428725766)
 (-0.31722063428725766,0.31722063428725766)
 (-0.31722063428725766,0.95166190286177299)
 (0.95166190286177299,-0.31722063428725766)
 (-0.31722063428725766,-0.95166190286177299)
 (0.31722063428725766,0.95166190286177299)
 (-0.31722063428725766,0.31722063428725766)
 (0.95166190286177299,0.31722063428725766)
 (-0.95166190286177299,-0.31722063428725766)
 (-0.31722063428725766,-0.95166190286177299)
 (-0.95166190286177299,-0.31722063428725766)
 (0.31722063428725766,-0.95166190286177299)
 (-0.31722063428725766,-0.95166190286177299)
 (0.95166190286177299,0.95166190286177299)
 (-0.95166190286177299,-0.95166190286177299)
 (0.95166190286177299,-0.95166190286177299)
 (0.31722063428725766,0.95166190286177299)
 (-0.31722063428725766,-0.95166190286177299)
 (-0.95166190286177299,0.31722063428725766)
 (-0.31722063428725766,0.95166190286177299)
 (-0.95166190286177299,0.95166190286177299)
 (-0.95166190286177299,-0.95166190286177299)
 (-0.31722063428725766,-0.95166190286177299)
 (-0.95166190286177299,0.31722063428725766)
 (-0.95166190286177299,0.31722063428725766)
 (0.95166190286177299,-0.31722063428725766)
 (-0.95166190286177299,0.95166190286177299)
 (0.31722063428725766,-0.31722063428725766)
 (-0.31722063428725766,-0.95166190286177299)
 (-0.31722063428725766,-0.95166190286177299)
 (-0.95166190286177299,0.31722063428725766)
 (0.31722063428725766,0.31722063428725766)
 (-0.31722063428725766,0.95166190286177299)
 (-0.95166190286177299,-0.31722063428725766)
 (0.95166190286177299,-0.31722063428725766)
 (-0.95166190286177299,0.31722063428725766)
 (0.31722063428725766,-0.31722063428725766)
 (-0.31722063428725766,0.31722063428725766)
 (-0.95166190286177299,-0.31722063428725766)
 (0.31722063428725766,-0.31722063428725766)
 (0.95166190286177299,0.95166190286177299)
