# Created by Octave 8.4.0, Thu Dec 11 09:47:22 2025 IST <gamana@Samsung>
# name: clean
# type: complex matrix
# rows: 2048
# columns: 1
 (0.93847426440693005,-0.31282475480231003)
 (0.93847426440693005,-0.93847426440693005)
 (-0.93847426440693005,-0.31282475480231003)
 (-0.93847426440693005,0.31282475480231003)
 (0.93847426440693005,0.31282475480231003)
 (0.93847426440693005,-0.93847426440693005)
 (0.31282475480231003,0.31282475480231003)
 (0.93847426440693005,0.31282475480231003)
 (-0.31282475480231003,0.31282475480231003)
 (0.31282475480231003,-0.93847426440693005)
 (-0.93847426440693005,0.93847426440693005)
 (0.93847426440693005,0.31282475480231003)
 (0.93847426440693005,0.93847426440693005)
 (-0.31282475480231003,-0.93847426440693005)
 (-0.93847426440693005,0.31282475480231003)
 (0.31282475480231003,-0.31282475480231003)
 (0.31282475480231003,-0.31282475480231003)
 (0.93847426440693005,-0.31282475480231003)
 (0.93847426440693005,-0.31282475480231003)
 (-0.93847426440693005,0.31282475480231003)
 (-0.93847426440693005,-0.31282475480231003)
 (0.93847426440693005,-0.93847426440693005)
 (-0.31282475480231003,-0.31282475480231003)
 (-0.93847426440693005,-0.31282475480231003)
 (0.93847426440693005,0.31282475480231003)
 (-0.31282475480231003,-0.31282475480231003)
 (0.93847426440693005,0.31282475480231003)
 (-0.93847426440693005,0.93847426440693005)
 (-0.93847426440693005,0.31282475480231003)
 (0.93847426440693005,0.31282475480231003)
 (0.93847426440693005,0.93847426440693005)
 (-0.93847426440693005,-0.31282475480231003)
 (0.93847426440693005,0.93847426440693005)
 (0.93847426440693005,0.93847426440693005)
 (0.93847426440693005,0.31282475480231003)
 (-0.93847426440693005,-0.31282475480231003)
 (-0.93847426440693005,-0.31282475480231003)
 (-0.31282475480231003,0.93847426440693005)
 (-0.93847426440693005,-0.31282475480231003)
 (-0.31282475480231003,-0.31282475480231003)
 (-0.93847426440693005,-0.93847426440693005)
 (0.31282475480231003,-0.93847426440693005)
 (0.93847426440693005,0.93847426440693005)
 (0.31282475480231003,-0.93847426440693005)
 (0.93847426440693005,-0.31282475480231003)
 (-0.93847426440693005,0.31282475480231003)
 (-0.31282475480231003,-0.93847426440693005)
 (0.93847426440693005,-0.31282475480231003)
 (-0.93847426440693005,-0.93847426440693005)
 (-0.93847426440693005,-0.93847426440693005)
 (0.31282475480231003,0.93847426440693005)
 (-0.31282475480231003,-0.31282475480231003)
 (-0.93847426440693005,-0.31282475480231003)
 (0.31282475480231003,0.93847426440693005)
 (-0.31282475480231003,0.31282475480231003)
 (-0.93847426440693005,0.31282475480231003)
 (0.31282475480231003,0.93847426440693005)
 (-0.93847426440693005,-0.31282475480231003)
 (0.93847426440693005,0.31282475480231003)
 (-0.93847426440693005,-0.31282475480231003)
 (-0.93847426440693005,0.31282475480231003)
 (-0.31282475480231003,0.93847426440693005)
 (0.93847426440693005,-0.93847426440693005)
 (-0.31282475480231003,-0.93847426440693005)
 (-0.93847426440693005,0.93847426440693005)
 (0.93847426440693005,-0.31282475480231003)
 (0.93847426440693005,0.93847426440693005)
 (0.31282475480231003,-0.93847426440693005)
 (0.31282475480231003,-0.31282475480231003)
 (0.31282475480231003,0.93847426440693005)
 (0.93847426440693005,0.31282475480231003)
 (0.31282475480231003,-0.31282475480231003)
 (-0.31282475480231003,-0.31282475480231003)
 (-0.93847426440693005,-0.93847426440693005)
 (-0.31282475480231003,0.93847426440693005)
 (-0.93847426440693005,-0.31282475480231003)
 (0.31282475480231003,-0.93847426440693005)
 (0.93847426440693005,0.93847426440693005)
 (-0.93847426440693005,-0.31282475480231003)
 (0.93847426440693005,0.93847426440693005)
 (0.31282475480231003,-0.93847426440693005)
 (-0.93847426440693005,0.31282475480231003)
 (0.93847426440693005,-0.31282475480231003)
 (0.31282475480231003,-0.31282475480231003)
 (0.31282475480231003,0.31282475480231003)
 (-0.93847426440693005,-0.31282475480231003)
 (0.93847426440693005,0.31282475480231003)
 (-0.93847426440693005,-0.31282475480231003)
 (0.93847426440693005,-0.93847426440693005)
 (-0.31282475480231003,-0.93847426440693005)
 (0.93847426440693005,-0.31282475480231003)
 (-0.31282475480231003,-0.31282475480231003)
 (0.31282475480231003,0.93847426440693005)
 (0.31282475480231003,-0.93847426440693005)
 (0.93847426440693005,-0.31282475480231003)
 (-0.93847426440693005,0.93847426440693005)
 (0.31282475480231003,0.93847426440693005)
 (-0.93847426440693005,-0.31282475480231003)
 (-0.93847426440693005,-0.93847426440693005)
 (-0.31282475480231003,-0.93847426440693005)
 (-0.93847426440693005,0.93847426440693005)
 (0.31282475480231003,0.93847426440693005)
 (0.93847426440693005,0.93847426440693005)
 (0.31282475480231003,0.93847426440693005)
 (-0.31282475480231003,-0.93847426440693005)
 (-0.93847426440693005,0.31282475480231003)
 (-0.31282475480231003,0.31282475480231003)
 (0.93847426440693005,0.93847426440693005)
 (0.31282475480231003,0.93847426440693005)
 (-0.31282475480231003,-0.93847426440693005)
 (0.93847426440693005,0.93847426440693005)
 (0.31282475480231003,0.93847426440693005)
 (0.93847426440693005,-0.31282475480231003)
 (0.31282475480231003,-0.93847426440693005)
 (0.93847426440693005,0.93847426440693005)
 (0.93847426440693005,-0.31282475480231003)
 (0.93847426440693005,-0.93847426440693005)
 (0.31282475480231003,-0.93847426440693005)
 (-0.31282475480231003,0.93847426440693005)
 (0.93847426440693005,0.93847426440693005)
 (0.93847426440693005,0.93847426440693005)
 (0.93847426440693005,-0.31282475480231003)
 (0.93847426440693005,-0.93847426440693005)
 (-0.93847426440693005,-0.31282475480231003)
 (0.31282475480231003,0.31282475480231003)
 (-0.93847426440693005,0.31282475480231003)
 (-0.31282475480231003,-0.31282475480231003)
 (0.31282475480231003,0.93847426440693005)
 (-0.31282475480231003,0.93847426440693005)
 (0.31282475480231003,0.31282475480231003)
 (-0.31282475480231003,-0.93847426440693005)
 (0.93847426440693005,0.31282475480231003)
 (-0.93847426440693005,0.31282475480231003)
 (0.93847426440693005,-0.93847426440693005)
 (-0.93847426440693005,0.31282475480231003)
 (-0.93847426440693005,-0.93847426440693005)
 (0.93847426440693005,-0.93847426440693005)
 (-0.93847426440693005,0.93847426440693005)
 (0.31282475480231003,0.93847426440693005)
 (-0.93847426440693005,0.31282475480231003)
 (-0.93847426440693005,-0.31282475480231003)
 (-0.93847426440693005,-0.31282475480231003)
 (0.93847426440693005,0.31282475480231003)
 (0.31282475480231003,0.31282475480231003)
 (-0.93847426440693005,0.93847426440693005)
 (0.93847426440693005,-0.93847426440693005)
 (-0.93847426440693005,-0.31282475480231003)
 (-0.31282475480231003,0.93847426440693005)
 (0.31282475480231003,-0.31282475480231003)
 (-0.93847426440693005,-0.31282475480231003)
 (-0.93847426440693005,0.31282475480231003)
 (-0.93847426440693005,0.31282475480231003)
 (0.93847426440693005,0.31282475480231003)
 (-0.93847426440693005,-0.31282475480231003)
 (0.31282475480231003,0.31282475480231003)
 (-0.31282475480231003,0.93847426440693005)
 (0.93847426440693005,-0.93847426440693005)
 (-0.93847426440693005,0.31282475480231003)
 (0.31282475480231003,0.31282475480231003)
 (0.31282475480231003,-0.31282475480231003)
 (-0.31282475480231003,-0.93847426440693005)
 (-0.93847426440693005,-0.93847426440693005)
 (-0.93847426440693005,-0.93847426440693005)
 (-0.93847426440693005,-0.93847426440693005)
 (0.93847426440693005,0.31282475480231003)
 (0.93847426440693005,-0.31282475480231003)
 (-0.31282475480231003,0.93847426440693005)
 (0.93847426440693005,-0.31282475480231003)
 (0.31282475480231003,0.93847426440693005)
 (0.93847426440693005,0.93847426440693005)
 (-0.31282475480231003,-0.93847426440693005)
 (-0.31282475480231003,0.93847426440693005)
 (-0.93847426440693005,0.31282475480231003)
 (0.31282475480231003,-0.93847426440693005)
 (-0.93847426440693005,-0.93847426440693005)
 (0.31282475480231003,-0.31282475480231003)
 (0.31282475480231003,-0.31282475480231003)
 (0.31282475480231003,0.31282475480231003)
