# Created by Octave 8.4.0, Thu Dec 11 09:47:22 2025 IST <gamana@Samsung>
# name: rician
# type: complex matrix
# rows: 2048
# columns: 1
 (-0.27505789980962736,-0.68634014539471677)
 (0.3079723503785905,0.38595091501271461)
 (-0.82777846605906213,0.92790801159100944)
 (0.62473357337849367,-0.421482955767437)
 (-0.33790851300740465,0.39528791292567522)
 (0.34918494935288646,-0.35825928021631759)
 (0.16241614136331897,0.46337429500107341)
 (-0.22306343829953307,-0.72868003180108565)
 (1.0548736708459676,0.57975243063864679)
 (0.65679209203718525,0.59568989869222377)
 (-0.41652180097684954,0.34713924688373976)
 (-1.8004729877134653,0.96745880394726569)
 (0.9129205477451221,0.051359532659426499)
 (0.36640167892179065,-0.25043901855147011)
 (0.68570167118395287,0.1866320986997779)
 (0.5822572430741686,-0.358842795456214)
 (-0.33301257670253698,0.20047204613657138)
 (1.6692649746080117,-0.81105050350977415)
 (-0.31579616722150078,1.2558360817364604)
 (0.37302920676380302,0.48592615461140032)
 (-0.26868416259346239,0.6707257608309416)
 (0.81036796730638982,-0.20724718900920394)
 (1.632463654324996,0.6649415493599703)
 (0.27859451225168286,0.8652262972363205)
 (0.48665059570387781,-0.73348403114838667)
 (0.56022739435499747,-0.90621249632432122)
 (-0.76230150245599893,1.1395908703399211)
 (-1.0097569436020715,-0.27935985221614473)
 (-0.78447427552354909,0.92315332294197228)
 (0.083506406867084604,-0.3346649170296862)
 (-0.41735048769408112,0.34113898825346101)
 (0.38515302139653251,0.74526249629225805)
 (0.23397273159924203,0.24025797922520953)
 (-2.2554305252957043,-1.4861210763116914)
 (-0.30586480459364224,0.28859695188322659)
 (-1.2698086975251297,0.41529323403311103)
 (-0.087740715720194193,0.21399605329748589)
 (-0.1381577408476827,0.1509481903373516)
 (-0.60509705494305566,0.999207469174479)
 (-0.099259265990276097,-0.10414657869564514)
 (0.43028244354915368,0.49975769268238546)
 (0.45220605496477095,0.30605126335643296)
 (-1.5090301337385466,-0.22530472805276147)
 (-0.70057911697729325,0.9468206760297817)
 (1.1641182110093404,-0.1525225226702123)
 (-0.94791666423413856,-0.20456887782855993)
 (-0.16875514346489215,0.61114570811560132)
 (0.93514653705072304,-0.75454714209805984)
 (0.12877850806833804,0.14233418810449874)
 (0.2480094492804247,1.3864110129759526)
 (-0.72749103693464923,-0.16598325346428028)
 (0.77187482644583427,0.33736223658814235)
 (-0.47944921100979898,0.43528650426724569)
 (-0.6196346782209875,-1.0486397780791865)
 (-1.5112493776835534,1.3629257220670608)
 (0.47247984160552409,-0.31755724243414152)
 (-0.9228155845819872,1.4460758594725847)
 (0.9894403353042206,-0.4239383565738547)
 (1.211196050200849,-0.60820716790349438)
 (1.0137590025438679,-1.4567858595631542)
 (1.4070166158474173,-0.36717640922625872)
 (-0.20499792724993909,1.1993001974123736)
 (-0.24418399644625199,-0.50190648800171278)
 (0.3869858215614142,0.3708550386229072)
 (0.18155774926383572,1.6155618812134085)
 (-0.59260873570745176,-0.33926817174222024)
 (-0.30874013543038781,-0.082417138636596263)
 (-0.45046660772003838,-1.4178401905334586)
 (-0.1928010431013133,-0.24456924004119893)
 (1.0114617954434733,1.1351238053176056)
 (-0.23798515173231416,-0.22288813480584219)
 (0.18916193395423384,0.45485983181591794)
 (0.41641228260086782,-0.70105242380647192)
 (0.43763784595159938,0.85350728342004833)
 (-0.50254549388121184,-0.33627937634986987)
 (0.16789509806865066,-0.021951885613863562)
 (1.4147090474418609,0.68575149073723374)
 (-0.99079756097235394,0.028383445633006543)
 (1.0868832133586748,0.11604615466798318)
 (-0.44953313863535527,-0.87568735621916394)
 (-0.02779549821418692,0.6207107653263253)
 (0.0014676419982919131,-1.3741783250047717)
 (-1.0501558350732116,-0.1083688182753958)
 (-0.48175354405817139,-0.16417359484441288)
 (-0.25758731933149376,0.26759340420957484)
 (-1.5223239551056182,0.49897216494471486)
 (0.30664231765278716,0.22401347470381705)
 (1.1238557289706668,-1.0920661827339084)
 (-0.0045181574876789338,0.22350100439260567)
 (-0.11922990038687642,-0.93542248644157988)
 (-0.52739217928514825,0.21966564046833681)
 (0.49739098493270206,0.8636026775871386)
 (1.5532307736110627,-0.55653871322083981)
 (1.3609234458487747,-0.065909772428272007)
 (0.89055411352608227,1.2360989430497338)
 (-0.85605816177652749,0.54612234607443877)
 (-1.7463593622933009,1.265982754843731)
 (0.67201661447946281,0.013836998366751008)
 (-0.018757513258149117,1.0330701771878028)
 (-0.38485188012023147,0.81040397854301305)
 (-0.29196237916478107,-0.34504498510086357)
 (-0.63393588522333177,-0.3757785367170971)
 (0.72194090676820832,-1.0820678365987717)
 (-0.53152307391065323,0.41304927921458462)
 (0.45195445495968439,-1.0723928272712908)
 (1.345039538794059,-0.91816001957427895)
 (-0.45239235681735779,0.070608498592117902)
 (0.56607070698387174,-0.99444524220320563)
 (0.2630204561158293,0.40865069042700181)
 (0.20180403339389719,0.40860851412640753)
 (1.1889184860210584,-1.1686466604148704)
 (-0.080422164883911809,0.24291447318993767)
 (0.28119570649841275,1.2386836776456276)
 (0.31021900270298541,1.4263023927873255)
 (-0.21153249470749777,-0.77273128925130041)
 (-0.25019643987835782,0.37099412024274436)
 (-0.057301955445253155,0.80219909670346223)
 (0.035108744383565774,0.2565545021771542)
 (-0.77466481989688263,0.53332975832885055)
 (0.64290236720595662,0.096544060872988169)
 (-1.0084335516588121,-0.94481608280437268)
 (-0.0615595387936968,-0.98066539232460759)
 (0.24765788729583565,0.072074947116881519)
 (0.25118156776810946,-1.0615590747261474)
 (-0.29881804414161883,0.98395695125687133)
 (-0.31529598115262508,-0.13822399698347354)
 (-0.37585347339991937,-0.92874472440224698)
 (0.85707835032339885,-0.15422949742991318)
 (0.17859481140626432,0.76612145879784244)
 (0.36236557966707278,0.86252975002542043)
 (-1.1072318861016184,0.60472911279117292)
 (-0.48809961664111179,0.25512136421256992)
 (0.82069135504185708,-0.47938191854871803)
 (-0.23564230716364948,-1.151525620874847)
 (1.3806267882453094,-0.029032433442674421)
 (0.024065172586507533,-0.93323948979756732)
 (1.4091780606423456,-0.23824613589434018)
 (0.035067850717093701,-0.81091811655577339)
 (0.28045003116151951,-1.1678247272326301)
 (0.72450257898625781,-0.54759666467448831)
 (1.1096199784196037,0.50859106166886558)
 (0.710241457139972,0.61327700196049384)
 (-0.05063122834457337,-0.46586016470240932)
 (1.4790173294220861,1.2915709531473107)
 (0.61259075545331221,0.19533961638216982)
 (-0.47810101341202754,0.0050826683183467503)
 (-0.57350420119023127,0.37938969972460079)
 (0.18031417008205336,-0.14972389303357608)
 (0.11539568887748655,-0.41727225905925724)
 (0.11163800471272088,-0.16479626305801537)
 (-0.94632052324383942,-0.73474430716864869)
 (0.13161914454622578,-0.35335282752042763)
 (-0.39210865115281057,0.40264109368801426)
 (-0.78635190268664545,-0.47944389939592613)
 (-0.69336057707896448,0.49992399531053056)
 (-1.1700441660497538,1.7672798499118607)
 (-0.89505919435768666,-0.287083593520508)
 (0.31107208924507845,0.23298978897120848)
 (0.48504009628700739,1.0285668066193205)
 (-0.26204635331843934,0.1264963883524618)
 (-0.16578643845741128,-0.70274024242413269)
 (-0.58865877111342113,0.48987458589698318)
 (-0.13623786224362144,0.22061074294174682)
 (0.66020465767863978,-0.8176464946189097)
 (-0.53370404196072518,-0.39876355589441731)
 (0.51598684205351519,-1.6173693122317321)
 (1.3944479647246459,0.5748779873575125)
 (-0.50963471823874662,0.50919695518060171)
 (0.68714572956886322,0.098496349524145876)
 (0.19913341045151017,0.81192696447813395)
 (0.36161228274651552,0.068410143855275982)
 (-0.32202955137272443,-0.96173986489418761)
 (0.76286278632280047,0.16057920869299486)
 (0.62840558490236176,1.1624068178029534)
 (0.254324803788811,-0.22764765440076212)
 (0.12769637328955635,0.083076587831014945)
 (0.035516994836859883,-0.71658791615203554)
 (1.0443241257682527,-0.84714114083082115)
 (0.62832880167780503,0.47549468692820995)
 (1.6936602286529101,-0.99150188078265744)
