# Created by Octave 8.4.0, Thu Dec 11 09:47:22 2025 IST <gamana@Samsung>
# name: rician
# type: complex matrix
# rows: 2048
# columns: 1
 (0.57400504036917199,1.6365846623084161)
 (0.39019159063368725,0.45996547690662715)
 (-0.75326353436038473,0.098370577182045588)
 (0.71106508323479467,0.7820469006977393)
 (0.47451023285336075,0.40078762376069604)
 (-0.9078877436468934,-0.041362713287558639)
 (0.37296727519199235,-0.6504502084871161)
 (-0.30630501060257809,0.38776858543518145)
 (1.1306599023983677,-0.5168879555787832)
 (0.43439541201355719,0.19826270103758553)
 (0.03177940045631257,-0.23964591209706382)
 (0.23840929780416614,-0.092604984578902705)
 (0.22081791259070221,0.41218854309785008)
 (-0.50192473354130185,-0.28275366698491949)
 (1.3535524430605359,0.27966286969452847)
 (0.25768189615621429,0.28526550450045562)
 (-0.082323008677885182,-0.29649194979719495)
 (-0.83588952244733239,0.12625895831746692)
 (-1.9713094454638767,1.4707580574759236)
 (1.1206008931691365,0.26332299270545373)
 (-0.8815849212632284,0.42549434047725621)
 (1.2987367361996014,-1.5521098433735478)
 (-0.15850180101965883,1.1037162860060739)
 (-0.26044456962241563,-0.6646689114571489)
 (1.3384091741348967,-0.048657572808254224)
 (1.049144283578564,1.1987029992376292)
 (1.328536150997655,-0.92398971421314624)
 (0.19904369419720991,0.80572794121922531)
 (0.27113476840124628,-0.2610536952460184)
 (-0.54528874014282791,0.24526264306531745)
 (0.14818722222308436,0.043019412519198247)
 (-0.16009381536784451,-0.52972528325625257)
 (-0.89658879795362156,1.1670875164890859)
 (0.20006015870205329,-0.4251017677654928)
 (0.74547756393464226,0.10410643969358715)
 (-0.27385824648228063,-0.69465080482683828)
 (0.77440129494971566,-0.87930200223883581)
 (0.1886668533874028,-0.41669183521492675)
 (0.0058072541320632332,-0.10221818797770377)
 (-0.16620256606492162,0.044579625359897831)
 (0.12692719293006821,0.92516543665410844)
 (-0.32074160146093683,-0.43299257209613934)
 (-0.18107039834491251,0.31900279764767409)
 (0.11340238158739846,1.1956406604510996)
 (-0.60297244953419338,1.0117730023653051)
 (-0.9503779905124925,0.1033082621123152)
 (0.40970744020224037,0.0033208104270752159)
 (-0.92219413350891799,1.0123825781634184)
 (0.99882549689635991,-0.20891783077318254)
 (-1.0442605145527724,0.42961893704518705)
 (-0.3725544950704926,0.2741618392990976)
 (0.28204057273485739,0.14718219568503699)
 (1.0273207585485533,0.86010742378271932)
 (-1.2426796384283689,-0.61636359710936528)
 (0.54593993498700033,0.34101941310760947)
 (-0.68459413467768426,0.13442274279139302)
 (-0.23724376815555168,-0.76590832944751319)
 (0.76559875895779217,-0.55899057647567285)
 (1.0383950868636895,-0.54596635924785186)
 (0.049448699935690427,0.39870682210467023)
 (0.081933140637480528,-0.77058093067863598)
 (0.29228953776883559,-0.48350189557972978)
 (0.23183730280083376,-0.45874653679381389)
 (0.18993810003975647,-0.31213682997454345)
 (0.93341044731621392,-0.72310279285641066)
 (0.94478937165342403,0.12453006525903121)
 (-0.81257173135487659,-1.4684371442363255)
 (1.0062260162238117,-0.43829116592362777)
 (0.9879544773338016,-0.029986105728070256)
 (-0.4076024051909593,-1.3552153518506178)
 (0.43126335890841017,-0.23660090667496045)
 (1.2382804208144849,0.34557250326811406)
 (1.1690413019742674,-0.12850389410053809)
 (-0.6505350274948013,-0.21114825072455609)
 (-0.52388718840962278,1.5706727708399546)
 (-1.1990169072609738,0.19698079291762144)
 (1.1144897054956806,0.089919068906431254)
 (-0.37403879243329868,0.20324272186634779)
 (-0.17128709966512401,1.9570091799006102)
 (0.70308120653275918,-0.52223027859669102)
 (-0.88144896363292502,-0.31477198011970337)
 (1.0429413116875013,0.70200783032479985)
 (1.3891328609041389,1.5770568406953573)
 (-1.0280568645041699,0.94652942598825796)
 (0.72741500803465509,-1.6311833502726769)
 (-0.67885680883315402,0.51562174507104608)
 (0.22184451532442617,0.73969822035819399)
 (-0.65854607223452022,-1.3019447259087022)
 (0.035115006300018431,-0.37005585991380807)
 (-0.1007029428255356,1.4265400824267218)
 (1.1273658134755169,0.0096506378657558178)
 (-0.40409920372223573,0.72924203088153794)
 (-0.31004908276357079,0.17638298996623672)
 (0.14768655245480847,0.81162485632437564)
 (0.80260979652626152,1.2836460299494477)
 (-0.32304296819492506,0.20650703028227846)
 (-0.71476515161472298,0.9435733389079618)
 (0.22125531459624506,-0.64854169635201986)
 (-0.64437547469014844,-0.023464331695401408)
 (0.43201133979022477,-0.44898204360470617)
 (1.0735281247886093,-0.69681506284677097)
 (-1.5226899441200716,0.032700633515764299)
 (0.18170045115380498,-0.52570218918579958)
 (-1.4219238539882708,0.075209038789666394)
 (-0.70813988917450643,-0.45732201657265648)
 (0.51423104709333212,-0.46516894973059564)
 (-0.8137777844517301,0.010893732752327079)
 (1.2826596879442187,-0.11445217376654693)
 (-0.10843080349159162,1.136109510958258)
 (0.64019303919580861,0.71608062615385193)
 (0.37547563294319908,1.139452598358119)
 (-0.30127344300601688,-0.12803829779411108)
 (-1.0708343694573399,0.098446555265425645)
 (0.3363944134459585,-1.2014530113970743)
 (-0.24997752435002538,0.3599508591371442)
 (0.47376539355948255,-0.10261438576502757)
 (-0.41994699079951364,-0.8155359958869367)
 (0.56248780862405023,-0.43025267119001259)
 (1.5094039947998701,1.2446455544990134)
 (-0.60873586715093764,-1.7250064993074483)
 (0.27075208243983784,0.25269379776255008)
 (-0.41575906751659675,0.28538409924873676)
 (-0.20729113436884908,0.79892336570307854)
 (-0.080898384277627119,0.29621793172139282)
 (0.057146580366024824,-0.96618956228401731)
 (-0.66104572657739114,-1.3194136224377553)
 (0.59059211757885954,-0.023098128690919262)
 (0.60612908124809661,-1.0072154474318644)
 (-0.35887121612240502,0.68654959334707888)
 (0.43749973241004159,0.58183713085920141)
 (0.95954351456382858,-0.39586373928482549)
 (0.80323923568854361,-0.21215357929380899)
 (1.2502881663368386,0.64561907578589572)
 (0.17753195238603575,-0.5367830983126225)
 (1.0799814230959239,1.495129341040687)
 (0.50146364711078562,0.42817041952979534)
 (-0.94157101239484309,0.1736474367814238)
 (-0.99398074665536917,0.75174431427935795)
 (-0.23195871306283028,0.25276181100271949)
 (0.055294128148349025,-0.51337802798206811)
 (0.080702771506094617,1.5018116021554409)
 (-1.5476869646190115,0.80994843982780129)
 (-1.2759986864687765,-0.82141402053778245)
 (0.56054855423610594,1.3291822890046578)
 (1.1404026609666469,-0.49437219289966594)
 (-0.3093439614325913,-1.2020174522059153)
 (-0.1876910841345599,0.28439056407262292)
 (-0.55442409009805682,-1.6726023829055003)
 (-0.16329318330470702,0.24112668783805172)
 (0.095535763714812733,0.1316772807896183)
 (0.10626627269964166,-0.24434715301299209)
 (0.76285059182519932,0.24680804812643187)
 (-0.30497803773169946,0.54942504843982765)
 (0.91141772368012064,-0.073861437883219583)
 (-0.67859017499707075,-0.1475671563682234)
 (-0.25894237094627165,-0.43818616256761889)
 (-0.58668844212903026,0.36875474159238658)
 (-0.67026139700641729,-1.1572650805795619)
 (-0.19637051974825515,-0.33953054224332446)
 (-0.22098998820621429,-0.25851022591716194)
 (-1.7872192224378631,1.1130079298900215)
 (-1.0867771633552201,0.16927315534893059)
 (0.27334593511756783,-0.3289702272764527)
 (-0.67408776346265364,-0.34212124752687012)
 (-1.401700330112321,-0.67401422633721086)
 (-0.34914557871766339,-0.37434483493432336)
 (0.4742031808904742,0.31154988394806726)
 (0.29452205424284894,-0.074136991351411177)
 (-0.6819248381605385,-1.1051094822605254)
 (-0.87324441956390875,-1.0551104078185143)
 (-0.31786181179556272,0.64317226787024351)
 (-0.060796829711774497,0.42529581736302957)
 (1.6407416947218807,0.6167444727596384)
 (-0.1457270801597583,0.29741150841269715)
 (-0.51226281864652723,-0.1683032741753126)
 (-0.78513368035054365,0.43831004832518772)
 (0.27734230892940182,-0.95277496276642037)
 (0.027473814877788466,0.46499577482409438)
 (-0.58681090600028896,-0.92855636657109353)
 (0.36749362498804472,-0.36478663737754147)
