# Created by Octave 8.4.0, Thu Dec 11 09:47:22 2025 IST <gamana@Samsung>
# name: clean
# type: complex matrix
# rows: 2048
# columns: 1
 (0.93865368784120629,-0.93865368784120629)
 (0.31288456261373543,0.93865368784120629)
 (-0.31288456261373543,0.93865368784120629)
 (0.93865368784120629,-0.93865368784120629)
 (-0.31288456261373543,-0.93865368784120629)
 (0.93865368784120629,0.93865368784120629)
 (-0.93865368784120629,0.93865368784120629)
 (0.31288456261373543,0.93865368784120629)
 (0.31288456261373543,-0.31288456261373543)
 (-0.31288456261373543,0.93865368784120629)
 (-0.31288456261373543,0.93865368784120629)
 (-0.31288456261373543,-0.31288456261373543)
 (-0.31288456261373543,0.93865368784120629)
 (-0.93865368784120629,0.31288456261373543)
 (0.93865368784120629,-0.93865368784120629)
 (-0.93865368784120629,-0.93865368784120629)
 (0.93865368784120629,0.31288456261373543)
 (0.93865368784120629,-0.93865368784120629)
 (0.31288456261373543,0.93865368784120629)
 (-0.93865368784120629,-0.31288456261373543)
 (-0.31288456261373543,0.93865368784120629)
 (0.93865368784120629,0.93865368784120629)
 (-0.31288456261373543,0.31288456261373543)
 (0.93865368784120629,0.31288456261373543)
 (0.31288456261373543,0.31288456261373543)
 (0.93865368784120629,-0.31288456261373543)
 (-0.31288456261373543,-0.31288456261373543)
 (-0.31288456261373543,0.93865368784120629)
 (-0.31288456261373543,0.93865368784120629)
 (0.93865368784120629,-0.93865368784120629)
 (-0.31288456261373543,-0.93865368784120629)
 (-0.93865368784120629,0.93865368784120629)
 (-0.93865368784120629,-0.31288456261373543)
 (0.31288456261373543,0.31288456261373543)
 (-0.93865368784120629,-0.31288456261373543)
 (-0.31288456261373543,0.93865368784120629)
 (-0.31288456261373543,-0.31288456261373543)
 (-0.93865368784120629,-0.31288456261373543)
 (0.31288456261373543,-0.31288456261373543)
 (0.31288456261373543,-0.93865368784120629)
 (-0.93865368784120629,-0.31288456261373543)
 (-0.31288456261373543,0.93865368784120629)
 (-0.31288456261373543,0.31288456261373543)
 (-0.93865368784120629,0.31288456261373543)
 (0.31288456261373543,-0.93865368784120629)
 (0.93865368784120629,0.93865368784120629)
 (-0.31288456261373543,-0.31288456261373543)
 (-0.93865368784120629,-0.93865368784120629)
 (-0.31288456261373543,0.93865368784120629)
 (-0.93865368784120629,0.93865368784120629)
 (0.31288456261373543,-0.93865368784120629)
 (0.31288456261373543,-0.31288456261373543)
 (-0.31288456261373543,0.31288456261373543)
 (0.31288456261373543,0.31288456261373543)
 (0.93865368784120629,-0.31288456261373543)
 (-0.93865368784120629,0.93865368784120629)
 (0.31288456261373543,0.31288456261373543)
 (-0.31288456261373543,-0.31288456261373543)
 (-0.93865368784120629,0.31288456261373543)
 (-0.93865368784120629,0.31288456261373543)
 (-0.93865368784120629,-0.93865368784120629)
 (0.93865368784120629,0.31288456261373543)
 (0.93865368784120629,0.31288456261373543)
 (0.31288456261373543,0.93865368784120629)
 (-0.31288456261373543,-0.31288456261373543)
 (0.93865368784120629,-0.31288456261373543)
 (-0.93865368784120629,0.93865368784120629)
 (-0.93865368784120629,0.31288456261373543)
 (0.93865368784120629,0.31288456261373543)
 (-0.31288456261373543,0.93865368784120629)
 (0.93865368784120629,0.93865368784120629)
 (-0.93865368784120629,0.31288456261373543)
 (0.31288456261373543,-0.31288456261373543)
 (-0.31288456261373543,0.31288456261373543)
 (0.93865368784120629,0.93865368784120629)
 (0.31288456261373543,-0.93865368784120629)
 (0.93865368784120629,-0.31288456261373543)
 (0.93865368784120629,-0.31288456261373543)
 (0.93865368784120629,0.93865368784120629)
 (0.31288456261373543,-0.93865368784120629)
 (0.93865368784120629,-0.93865368784120629)
 (-0.93865368784120629,0.93865368784120629)
 (0.93865368784120629,0.31288456261373543)
 (0.31288456261373543,-0.93865368784120629)
 (0.31288456261373543,-0.93865368784120629)
 (0.93865368784120629,0.93865368784120629)
 (-0.93865368784120629,0.93865368784120629)
 (-0.31288456261373543,-0.93865368784120629)
 (-0.93865368784120629,0.31288456261373543)
 (0.93865368784120629,0.93865368784120629)
 (-0.93865368784120629,-0.31288456261373543)
 (0.93865368784120629,0.31288456261373543)
 (0.31288456261373543,0.93865368784120629)
 (-0.93865368784120629,-0.31288456261373543)
 (-0.93865368784120629,0.93865368784120629)
 (0.93865368784120629,0.93865368784120629)
 (-0.93865368784120629,-0.31288456261373543)
 (0.93865368784120629,-0.31288456261373543)
 (0.93865368784120629,-0.31288456261373543)
 (-0.31288456261373543,0.93865368784120629)
 (0.31288456261373543,-0.31288456261373543)
 (-0.93865368784120629,-0.93865368784120629)
 (-0.93865368784120629,-0.31288456261373543)
 (0.31288456261373543,0.31288456261373543)
 (-0.31288456261373543,-0.31288456261373543)
 (-0.31288456261373543,0.31288456261373543)
 (0.31288456261373543,-0.31288456261373543)
 (-0.93865368784120629,0.93865368784120629)
 (-0.31288456261373543,-0.31288456261373543)
 (0.31288456261373543,-0.93865368784120629)
 (0.93865368784120629,-0.31288456261373543)
 (-0.31288456261373543,0.31288456261373543)
 (-0.31288456261373543,-0.31288456261373543)
 (0.31288456261373543,-0.31288456261373543)
 (-0.31288456261373543,-0.93865368784120629)
 (0.93865368784120629,-0.93865368784120629)
 (-0.93865368784120629,0.93865368784120629)
 (0.31288456261373543,-0.93865368784120629)
 (-0.93865368784120629,0.93865368784120629)
 (0.93865368784120629,0.31288456261373543)
 (-0.93865368784120629,0.31288456261373543)
 (-0.31288456261373543,-0.93865368784120629)
 (0.31288456261373543,0.31288456261373543)
 (0.31288456261373543,0.31288456261373543)
 (0.31288456261373543,0.31288456261373543)
 (0.31288456261373543,-0.93865368784120629)
 (0.93865368784120629,0.93865368784120629)
 (-0.31288456261373543,0.93865368784120629)
 (-0.93865368784120629,0.93865368784120629)
 (0.31288456261373543,0.31288456261373543)
 (0.93865368784120629,0.93865368784120629)
 (0.93865368784120629,-0.93865368784120629)
 (0.93865368784120629,-0.31288456261373543)
 (-0.93865368784120629,-0.93865368784120629)
 (0.93865368784120629,0.31288456261373543)
 (-0.31288456261373543,-0.93865368784120629)
 (0.31288456261373543,-0.93865368784120629)
 (0.93865368784120629,-0.93865368784120629)
 (-0.93865368784120629,0.31288456261373543)
 (0.31288456261373543,-0.93865368784120629)
 (0.31288456261373543,-0.31288456261373543)
 (0.93865368784120629,0.93865368784120629)
 (-0.93865368784120629,0.31288456261373543)
 (0.93865368784120629,-0.31288456261373543)
 (0.93865368784120629,-0.31288456261373543)
 (-0.93865368784120629,0.93865368784120629)
 (0.31288456261373543,-0.31288456261373543)
 (0.93865368784120629,-0.31288456261373543)
 (0.93865368784120629,0.31288456261373543)
 (0.93865368784120629,-0.93865368784120629)
 (-0.93865368784120629,-0.31288456261373543)
 (-0.93865368784120629,0.31288456261373543)
 (0.31288456261373543,0.93865368784120629)
 (0.93865368784120629,-0.93865368784120629)
 (0.93865368784120629,0.93865368784120629)
 (0.93865368784120629,-0.31288456261373543)
 (0.31288456261373543,0.93865368784120629)
 (0.31288456261373543,0.93865368784120629)
 (-0.93865368784120629,0.31288456261373543)
 (0.31288456261373543,-0.93865368784120629)
 (-0.31288456261373543,0.93865368784120629)
 (-0.31288456261373543,-0.31288456261373543)
 (0.93865368784120629,0.93865368784120629)
 (-0.93865368784120629,0.93865368784120629)
 (0.31288456261373543,-0.93865368784120629)
 (-0.31288456261373543,-0.93865368784120629)
 (0.93865368784120629,-0.31288456261373543)
 (0.31288456261373543,0.31288456261373543)
 (-0.93865368784120629,0.93865368784120629)
 (-0.93865368784120629,0.93865368784120629)
 (0.31288456261373543,-0.93865368784120629)
 (-0.93865368784120629,0.93865368784120629)
 (-0.31288456261373543,-0.93865368784120629)
 (0.31288456261373543,-0.93865368784120629)
 (0.93865368784120629,-0.93865368784120629)
 (-0.93865368784120629,0.31288456261373543)
 (-0.93865368784120629,0.93865368784120629)
 (0.31288456261373543,-0.31288456261373543)
