# Created by Octave 8.4.0, Thu Dec 11 09:47:22 2025 IST <gamana@Samsung>
# name: rician
# type: complex matrix
# rows: 2048
# columns: 1
 (-0.29610148320123864,-0.20642261652078517)
 (-0.71384634150942883,0.20309968264068981)
 (-0.43006758236152243,-0.252457676532723)
 (-0.44141282857401021,1.2893208898698751)
 (-0.22357603193572168,-1.184589171653188)
 (1.2217331951976511,-0.81966418467187918)
 (0.66013951861629572,-0.71796247268889735)
 (-1.0062805218432342,0.080854021736251197)
 (-0.22096524037374843,-0.18870067116775469)
 (-0.68568684481178965,-0.41458200657504474)
 (0.38879263009660164,-0.59677332150853146)
 (-0.54563292943106323,-0.40410571231585257)
 (0.27340760404347203,-0.53846213035089208)
 (-1.2387572995556189,-0.88312492866119441)
 (-0.29902520404144239,-1.1219766213209268)
 (-0.38221127328449539,-0.019633885255640415)
 (0.85303234991039378,0.33087878895041833)
 (0.37311028848660421,0.38263876116000628)
 (0.53764739823555063,-0.16808431723433032)
 (-0.7339196784891332,0.71383160219512132)
 (1.0344766007716761,-0.10925396576953508)
 (0.075446239799970519,0.5469858863042556)
 (-1.1946160581480239,0.28386465828166202)
 (-0.50093771515723562,1.2837804266977939)
 (1.9465209560104948,0.070656828127280469)
 (-1.4634250112459046,-0.86103506807118002)
 (0.44614922286581782,-0.83090212828827836)
 (0.072653695268778379,-0.030974245889670259)
 (-0.52050464443331523,-0.76830621205273775)
 (0.61709459524864563,0.58026937078896401)
 (1.1967349078757141,-0.44077795131925224)
 (-0.40031198306138233,-0.36034473795045535)
 (0.40693915934300662,-0.27559543160908512)
 (0.29737167888801813,-0.24464811383012938)
 (-0.128159884071014,-0.12714582531014632)
 (-0.63671818911672506,-1.3944942374547096)
 (-0.2531045475220316,0.46463274040545899)
 (-0.84704769605898123,1.1207793578452274)
 (0.18924968320477206,0.081759907924874836)
 (-0.92917204227614081,-0.49134734149226778)
 (-0.14911862054674402,-0.11124038581460864)
 (0.83242604959333311,0.59188175182426617)
 (0.33248303221735187,-0.64309686225677098)
 (-1.4759921622427028,0.38746719702308097)
 (0.017417568329184733,0.092059979788446322)
 (0.82801876493106208,0.12725951337183861)
 (-0.56384439605488257,0.87199927101357411)
 (-0.15898586073471149,-0.31472120424226702)
 (0.025368904848832557,0.44338017921864648)
 (0.14459010950056669,-0.10828848258047977)
 (0.26400701517858804,-0.37654552918192519)
 (-0.32823509923342115,0.48592781378085531)
 (0.36516478115521311,-0.35254267900513725)
 (0.47928038462618433,0.21981053585890853)
 (-1.42745148447874,0.93767927992774414)
 (0.34457523664679307,-0.34054156282787468)
 (1.1845451177825257,-0.24006859953098594)
 (-0.88303352863692952,0.36025606473456934)
 (-0.17899427125495659,1.078560983395757)
 (1.2529488975793079,0.032108435053947781)
 (-0.75208541868410295,0.10363163932037764)
 (-0.25078339493472041,0.7385489704763617)
 (-1.1369897548350936,0.66624769487213298)
 (-1.017524534235106,-0.15175476084340772)
 (-0.31053791707274031,0.50683911777437252)
 (-0.23877022257462521,0.58331703240258803)
 (-0.31893827597846414,1.6361038661517537)
 (-0.45161256768098523,-0.4844284396783014)
 (0.8602882161653882,-0.96314203098442208)
 (-0.21033913483059782,0.68559356673332117)
 (-0.26106875446397132,-0.1885071958564758)
 (-0.77480731439797623,-0.67504202205854102)
 (0.14976347734845485,0.81011338215541628)
 (0.76146819851269776,-0.68012578496175202)
 (-0.7415040574259848,-0.37173330999534299)
 (-0.057339544574518647,0.38123754792601383)
 (0.22046917899448137,0.36580551316326237)
 (0.71191068481756115,-0.6638913938333636)
 (-0.45391650201813211,-0.86302407307789797)
 (-1.4571493449561197,1.8933693710454944)
 (-0.022031299633770013,0.63672361437692471)
 (1.5190631785585251,1.459367499458218)
 (-0.15940594782141573,0.22215910419267457)
 (-0.75355834508923425,-1.457223840089704)
 (-0.10248570800394946,-0.11905845653518335)
 (-0.89581204339806708,-0.41702846773379348)
 (0.51262536448878682,-0.019575579463983694)
 (-0.25958634339836312,-0.37415968653997705)
 (-0.060812517247549283,-0.20754968255730893)
 (0.1647660882491099,-0.20245785413268838)
 (-0.66276348370433724,0.43815575710074744)
 (-0.19393747561850344,-0.87968122668604809)
 (0.40190634233679867,-0.69868412466892293)
 (-0.28287423756550439,-1.1557002466599666)
 (0.56521796718063144,0.77924368613020534)
 (-0.62092721959462227,-0.029250635865590374)
 (-0.025327317850105141,-0.81562313317883417)
 (-1.1505751384219132,0.8919062518599532)
 (0.11007219865135143,0.23882694275042279)
 (0.21310861431866973,-0.34904174348817879)
 (-1.4392571718441463,-0.93990663697172683)
 (-0.16713923219594579,-1.6141594238975832)
 (-0.044168433364801946,0.30055206880548024)
 (0.88010584937547354,0.5894101780367822)
 (-0.55362495527700162,-0.30376015701980141)
 (-0.56316335183020327,0.16189745760578056)
 (0.51159765317513717,0.26479585776374964)
 (0.35709658208649719,-0.80691387796164782)
 (-0.5245160776601665,1.8287208365942975)
 (-0.33307440383960663,-1.0595424709471895)
 (0.81374468449556725,0.18364690531837252)
 (-0.91528769968238355,0.34974227755962112)
 (0.24850115582709173,-0.51917865553656162)
 (-0.24222841108241283,-0.18940610747981307)
 (-0.7287469904301046,0.81177360592577452)
 (-1.1825294353448474,0.48604416539322115)
 (-0.062518945806195825,-0.711254558770823)
 (-0.90053843169073211,-0.85116819183647574)
 (-0.093710115754303436,1.0660071548057328)
 (0.52087911311185664,-0.18315893222484927)
 (0.5696278278214848,-0.43916346337988516)
 (-1.354906563213202,0.36485160652190002)
 (-0.94322532233809675,-0.23400908213528576)
 (0.41938306592408964,0.323528502082708)
 (-0.62895112669717401,0.10054707659108698)
 (0.17661274928370993,-0.34516996897087282)
 (-0.15493358467532764,-0.35613112753803416)
 (-0.95671372026524515,0.48943405338670942)
 (0.62257144893109895,0.24257022323387162)
 (1.2409165638641753,0.14180168303185675)
 (-0.3237341147099736,-0.10720420264669629)
 (-0.98666996106787652,-0.185055835392266)
 (0.89659332924452162,-0.40593291205376536)
 (1.4659483314758477,-0.058932545815376991)
 (-1.6739524953740352,1.2588441737124481)
 (-0.37168992218652963,-0.34015163828517592)
 (-1.120216604993002,0.62790914150797406)
 (1.2593016037586098,0.70897144586608496)
 (0.74595713333112745,0.00061676434080581988)
 (-0.085189168126971054,0.4563071454595683)
 (0.57882533126011881,0.73664945268045523)
 (0.42229315115563676,0.21186886354684636)
 (1.2005616256009473,-0.58387034362005608)
 (0.62024968404493963,-0.26405589408094721)
 (-0.1376966013391264,-0.1111379670830106)
 (0.044153279579260435,0.80276216541603218)
 (0.11534075116465262,-0.40929053935969084)
 (0.16759956189613717,-0.18499327789800823)
 (-0.29420698219170938,0.70743342869192871)
 (0.17316322298390724,-0.4900622794944775)
 (-0.4059147305178773,-0.30377638127714501)
 (-0.15453297630338303,0.78977493138140131)
 (-0.4429300295972779,0.37850893996599411)
 (-1.2437994985527463,-0.048692354186797737)
 (-1.0104460991231561,0.058005547266348989)
 (1.3693180167314731,0.0089293035395821563)
 (-0.69603889133746732,0.05168674014782984)
 (-0.70578703983954605,0.98035464110155734)
 (1.8131092549954326,0.56434777165398053)
 (-0.24480464199425234,-0.02916192432442323)
 (0.68945207305085265,-0.50414314542968031)
 (-0.51369293508107394,1.2022584425779135)
 (-0.11609218489650514,-0.473390345058402)
 (-0.36015176521439862,-0.2697378538249855)
 (-0.4510483502178278,-1.1013986607484567)
 (0.42991485132071139,-1.0270711654125757)
 (-0.37746063092263016,-0.74815335866612809)
 (0.5922490903357096,0.14422914162497388)
 (0.66248607335787302,-0.62705845856876996)
 (-0.33915722650022573,0.26359899555898292)
 (-0.30980222024497767,-0.40825486776606096)
 (-0.20289706654919759,-0.33326520648188107)
 (1.0414441297689898,1.4435328344670546)
 (-0.5522012364395732,1.1837036610975082)
 (0.46690203715279965,-0.79600223060382369)
 (-0.4975047260609175,-0.47745818414942692)
 (-1.5269131659870347,-0.22668022638719282)
 (0.38387615867241331,0.14879607169635586)
 (-0.70771281407568254,-1.2508084730792786)
