# Created by Octave 8.4.0, Thu Dec 11 09:47:22 2025 IST <gamana@Samsung>
# name: clean
# type: complex matrix
# rows: 2048
# columns: 1
 (-0.94738892397800278,-0.94738892397800278)
 (0.31579630799266761,0.31579630799266761)
 (-0.31579630799266761,-0.94738892397800278)
 (-0.94738892397800278,0.94738892397800278)
 (-0.94738892397800278,0.94738892397800278)
 (0.94738892397800278,0.94738892397800278)
 (-0.31579630799266761,-0.31579630799266761)
 (0.94738892397800278,0.94738892397800278)
 (0.94738892397800278,0.31579630799266761)
 (-0.94738892397800278,-0.94738892397800278)
 (-0.31579630799266761,-0.94738892397800278)
 (-0.94738892397800278,0.31579630799266761)
 (0.31579630799266761,0.94738892397800278)
 (-0.31579630799266761,0.31579630799266761)
 (0.94738892397800278,-0.31579630799266761)
 (-0.94738892397800278,0.94738892397800278)
 (-0.94738892397800278,-0.94738892397800278)
 (0.31579630799266761,0.31579630799266761)
 (0.94738892397800278,0.31579630799266761)
 (-0.94738892397800278,0.31579630799266761)
 (-0.94738892397800278,0.31579630799266761)
 (-0.31579630799266761,0.94738892397800278)
 (0.31579630799266761,0.31579630799266761)
 (-0.31579630799266761,-0.31579630799266761)
 (-0.31579630799266761,0.31579630799266761)
 (0.31579630799266761,0.94738892397800278)
 (0.31579630799266761,-0.31579630799266761)
 (0.31579630799266761,-0.94738892397800278)
 (-0.94738892397800278,-0.31579630799266761)
 (0.31579630799266761,-0.94738892397800278)
 (0.94738892397800278,-0.94738892397800278)
 (-0.31579630799266761,-0.94738892397800278)
 (-0.94738892397800278,-0.31579630799266761)
 (-0.94738892397800278,-0.31579630799266761)
 (0.31579630799266761,-0.94738892397800278)
 (0.94738892397800278,0.94738892397800278)
 (0.94738892397800278,0.31579630799266761)
 (-0.94738892397800278,0.31579630799266761)
 (-0.31579630799266761,-0.31579630799266761)
 (-0.31579630799266761,0.31579630799266761)
 (-0.94738892397800278,-0.31579630799266761)
 (-0.94738892397800278,0.94738892397800278)
 (-0.31579630799266761,0.94738892397800278)
 (0.94738892397800278,0.31579630799266761)
 (0.31579630799266761,0.31579630799266761)
 (-0.94738892397800278,0.31579630799266761)
 (0.31579630799266761,0.94738892397800278)
 (-0.94738892397800278,-0.94738892397800278)
 (-0.94738892397800278,0.94738892397800278)
 (0.94738892397800278,-0.31579630799266761)
 (-0.31579630799266761,0.94738892397800278)
 (0.31579630799266761,0.31579630799266761)
 (-0.94738892397800278,0.94738892397800278)
 (0.94738892397800278,-0.94738892397800278)
 (0.94738892397800278,-0.31579630799266761)
 (-0.31579630799266761,-0.31579630799266761)
 (-0.31579630799266761,-0.31579630799266761)
 (-0.31579630799266761,-0.31579630799266761)
 (0.94738892397800278,0.94738892397800278)
 (0.94738892397800278,0.31579630799266761)
 (-0.31579630799266761,0.94738892397800278)
 (-0.94738892397800278,0.94738892397800278)
 (0.31579630799266761,-0.94738892397800278)
 (-0.31579630799266761,-0.31579630799266761)
 (0.31579630799266761,0.94738892397800278)
 (0.94738892397800278,0.31579630799266761)
 (0.94738892397800278,0.31579630799266761)
 (-0.94738892397800278,0.94738892397800278)
 (0.94738892397800278,-0.31579630799266761)
 (-0.94738892397800278,-0.94738892397800278)
 (-0.31579630799266761,-0.31579630799266761)
 (-0.94738892397800278,-0.94738892397800278)
 (-0.31579630799266761,-0.31579630799266761)
 (0.94738892397800278,-0.94738892397800278)
 (-0.31579630799266761,0.94738892397800278)
 (-0.31579630799266761,0.94738892397800278)
 (0.94738892397800278,-0.94738892397800278)
 (-0.31579630799266761,0.31579630799266761)
 (0.94738892397800278,0.94738892397800278)
 (0.94738892397800278,0.31579630799266761)
 (-0.94738892397800278,0.31579630799266761)
 (-0.31579630799266761,0.31579630799266761)
 (-0.31579630799266761,-0.94738892397800278)
 (-0.94738892397800278,0.94738892397800278)
 (-0.94738892397800278,-0.31579630799266761)
 (0.94738892397800278,-0.94738892397800278)
 (0.31579630799266761,0.31579630799266761)
 (-0.94738892397800278,-0.31579630799266761)
 (0.31579630799266761,-0.31579630799266761)
 (0.31579630799266761,0.94738892397800278)
 (-0.94738892397800278,-0.31579630799266761)
 (-0.94738892397800278,-0.94738892397800278)
 (0.94738892397800278,-0.94738892397800278)
 (-0.94738892397800278,0.94738892397800278)
 (-0.31579630799266761,0.94738892397800278)
 (-0.94738892397800278,-0.31579630799266761)
 (0.94738892397800278,-0.31579630799266761)
 (0.94738892397800278,-0.31579630799266761)
 (0.94738892397800278,0.31579630799266761)
 (-0.31579630799266761,0.94738892397800278)
 (-0.94738892397800278,0.31579630799266761)
 (-0.94738892397800278,0.94738892397800278)
 (-0.31579630799266761,0.31579630799266761)
 (0.94738892397800278,-0.94738892397800278)
 (0.31579630799266761,0.94738892397800278)
 (-0.31579630799266761,-0.31579630799266761)
 (-0.94738892397800278,0.94738892397800278)
 (0.31579630799266761,-0.31579630799266761)
 (0.94738892397800278,0.94738892397800278)
 (0.94738892397800278,0.31579630799266761)
 (-0.94738892397800278,-0.94738892397800278)
 (0.31579630799266761,0.94738892397800278)
 (0.94738892397800278,0.94738892397800278)
 (0.31579630799266761,-0.31579630799266761)
 (-0.94738892397800278,-0.31579630799266761)
 (0.31579630799266761,0.94738892397800278)
 (-0.94738892397800278,-0.94738892397800278)
 (-0.94738892397800278,-0.94738892397800278)
 (0.31579630799266761,-0.94738892397800278)
 (-0.31579630799266761,0.31579630799266761)
 (0.94738892397800278,-0.94738892397800278)
 (-0.31579630799266761,-0.94738892397800278)
 (-0.94738892397800278,0.94738892397800278)
 (-0.94738892397800278,-0.94738892397800278)
 (-0.94738892397800278,-0.94738892397800278)
 (0.31579630799266761,-0.31579630799266761)
 (-0.94738892397800278,-0.94738892397800278)
 (0.31579630799266761,-0.94738892397800278)
 (-0.94738892397800278,0.94738892397800278)
 (0.31579630799266761,-0.31579630799266761)
 (-0.31579630799266761,0.31579630799266761)
 (-0.94738892397800278,0.94738892397800278)
 (-0.94738892397800278,-0.94738892397800278)
 (0.94738892397800278,-0.94738892397800278)
 (-0.94738892397800278,0.31579630799266761)
 (0.31579630799266761,-0.31579630799266761)
 (0.94738892397800278,-0.31579630799266761)
 (-0.94738892397800278,0.31579630799266761)
 (-0.31579630799266761,-0.94738892397800278)
 (0.31579630799266761,-0.31579630799266761)
 (-0.31579630799266761,-0.31579630799266761)
 (-0.94738892397800278,0.94738892397800278)
 (0.94738892397800278,-0.94738892397800278)
 (0.94738892397800278,-0.31579630799266761)
 (-0.31579630799266761,-0.94738892397800278)
 (-0.94738892397800278,-0.94738892397800278)
 (-0.31579630799266761,-0.94738892397800278)
 (0.94738892397800278,0.94738892397800278)
 (0.31579630799266761,0.31579630799266761)
 (0.31579630799266761,-0.31579630799266761)
 (0.31579630799266761,-0.31579630799266761)
 (0.94738892397800278,0.31579630799266761)
 (0.94738892397800278,0.94738892397800278)
 (-0.31579630799266761,0.31579630799266761)
 (-0.94738892397800278,0.94738892397800278)
 (0.94738892397800278,0.31579630799266761)
 (0.94738892397800278,0.94738892397800278)
 (0.94738892397800278,0.94738892397800278)
 (-0.94738892397800278,0.31579630799266761)
 (0.31579630799266761,0.94738892397800278)
 (-0.31579630799266761,-0.94738892397800278)
 (0.94738892397800278,0.94738892397800278)
 (0.94738892397800278,-0.94738892397800278)
 (-0.94738892397800278,-0.31579630799266761)
 (-0.94738892397800278,-0.94738892397800278)
 (0.31579630799266761,-0.94738892397800278)
 (-0.94738892397800278,0.94738892397800278)
 (0.31579630799266761,-0.94738892397800278)
 (-0.94738892397800278,-0.31579630799266761)
 (-0.94738892397800278,0.31579630799266761)
 (0.31579630799266761,0.31579630799266761)
 (0.31579630799266761,0.94738892397800278)
 (-0.31579630799266761,0.31579630799266761)
 (-0.94738892397800278,-0.31579630799266761)
 (-0.94738892397800278,-0.31579630799266761)
 (0.94738892397800278,0.31579630799266761)
 (-0.31579630799266761,-0.31579630799266761)
 (-0.94738892397800278,0.31579630799266761)
