# Created by Octave 8.4.0, Thu Dec 11 09:47:22 2025 IST <gamana@Samsung>
# name: clean
# type: complex matrix
# rows: 2048
# columns: 1
 (-0.31666099733107167,-0.31666099733107167)
 (0.31666099733107167,0.31666099733107167)
 (0.9499829919932149,0.9499829919932149)
 (-0.9499829919932149,0.9499829919932149)
 (0.9499829919932149,0.31666099733107167)
 (-0.31666099733107167,-0.9499829919932149)
 (-0.31666099733107167,0.31666099733107167)
 (0.31666099733107167,-0.31666099733107167)
 (-0.31666099733107167,0.31666099733107167)
 (-0.9499829919932149,-0.31666099733107167)
 (-0.9499829919932149,-0.9499829919932149)
 (0.9499829919932149,0.9499829919932149)
 (0.31666099733107167,-0.9499829919932149)
 (0.9499829919932149,0.9499829919932149)
 (0.9499829919932149,-0.9499829919932149)
 (-0.31666099733107167,-0.31666099733107167)
 (-0.9499829919932149,-0.31666099733107167)
 (-0.9499829919932149,0.9499829919932149)
 (0.31666099733107167,-0.31666099733107167)
 (0.9499829919932149,-0.9499829919932149)
 (-0.31666099733107167,-0.9499829919932149)
 (0.9499829919932149,-0.31666099733107167)
 (-0.9499829919932149,-0.9499829919932149)
 (0.31666099733107167,0.9499829919932149)
 (-0.9499829919932149,-0.9499829919932149)
 (0.31666099733107167,-0.31666099733107167)
 (-0.31666099733107167,0.9499829919932149)
 (-0.9499829919932149,-0.9499829919932149)
 (-0.31666099733107167,-0.9499829919932149)
 (0.31666099733107167,-0.31666099733107167)
 (-0.31666099733107167,-0.31666099733107167)
 (0.9499829919932149,0.31666099733107167)
 (0.31666099733107167,0.9499829919932149)
 (-0.9499829919932149,-0.31666099733107167)
 (0.31666099733107167,0.31666099733107167)
 (-0.31666099733107167,0.31666099733107167)
 (0.9499829919932149,0.9499829919932149)
 (-0.31666099733107167,-0.9499829919932149)
 (0.9499829919932149,-0.9499829919932149)
 (-0.9499829919932149,-0.31666099733107167)
 (-0.9499829919932149,0.9499829919932149)
 (-0.31666099733107167,-0.31666099733107167)
 (-0.31666099733107167,0.9499829919932149)
 (0.31666099733107167,-0.31666099733107167)
 (-0.31666099733107167,0.9499829919932149)
 (-0.9499829919932149,-0.31666099733107167)
 (0.9499829919932149,0.9499829919932149)
 (0.31666099733107167,0.9499829919932149)
 (0.9499829919932149,-0.31666099733107167)
 (0.9499829919932149,0.9499829919932149)
 (-0.31666099733107167,-0.31666099733107167)
 (-0.9499829919932149,0.9499829919932149)
 (0.31666099733107167,-0.31666099733107167)
 (0.31666099733107167,0.9499829919932149)
 (0.31666099733107167,0.9499829919932149)
 (-0.9499829919932149,-0.31666099733107167)
 (0.31666099733107167,0.9499829919932149)
 (0.31666099733107167,0.31666099733107167)
 (-0.31666099733107167,0.9499829919932149)
 (0.9499829919932149,0.31666099733107167)
 (0.31666099733107167,0.9499829919932149)
 (-0.9499829919932149,0.9499829919932149)
 (0.9499829919932149,0.31666099733107167)
 (0.31666099733107167,-0.9499829919932149)
 (-0.31666099733107167,-0.9499829919932149)
 (0.9499829919932149,0.31666099733107167)
 (-0.31666099733107167,0.31666099733107167)
 (-0.31666099733107167,-0.9499829919932149)
 (0.9499829919932149,-0.31666099733107167)
 (-0.31666099733107167,0.9499829919932149)
 (-0.9499829919932149,-0.31666099733107167)
 (0.31666099733107167,-0.9499829919932149)
 (-0.9499829919932149,-0.31666099733107167)
 (0.9499829919932149,-0.31666099733107167)
 (-0.31666099733107167,-0.31666099733107167)
 (0.9499829919932149,0.9499829919932149)
 (0.31666099733107167,0.31666099733107167)
 (0.9499829919932149,0.9499829919932149)
 (-0.9499829919932149,0.9499829919932149)
 (0.31666099733107167,0.31666099733107167)
 (0.9499829919932149,0.31666099733107167)
 (-0.31666099733107167,0.31666099733107167)
 (0.31666099733107167,-0.31666099733107167)
 (0.31666099733107167,-0.9499829919932149)
 (-0.9499829919932149,0.9499829919932149)
 (-0.9499829919932149,0.31666099733107167)
 (0.9499829919932149,-0.9499829919932149)
 (0.9499829919932149,-0.31666099733107167)
 (0.31666099733107167,0.31666099733107167)
 (0.31666099733107167,-0.9499829919932149)
 (0.31666099733107167,-0.31666099733107167)
 (-0.9499829919932149,0.9499829919932149)
 (0.9499829919932149,0.31666099733107167)
 (0.31666099733107167,-0.9499829919932149)
 (-0.31666099733107167,-0.31666099733107167)
 (-0.31666099733107167,0.9499829919932149)
 (0.31666099733107167,0.9499829919932149)
 (0.9499829919932149,-0.9499829919932149)
 (0.31666099733107167,0.9499829919932149)
 (0.31666099733107167,-0.31666099733107167)
 (0.9499829919932149,-0.9499829919932149)
 (0.9499829919932149,0.9499829919932149)
 (-0.31666099733107167,0.31666099733107167)
 (-0.31666099733107167,-0.31666099733107167)
 (-0.9499829919932149,-0.9499829919932149)
 (-0.31666099733107167,-0.31666099733107167)
 (0.31666099733107167,0.9499829919932149)
 (0.31666099733107167,-0.9499829919932149)
 (0.31666099733107167,-0.31666099733107167)
 (-0.9499829919932149,0.31666099733107167)
 (0.9499829919932149,0.9499829919932149)
 (0.31666099733107167,-0.9499829919932149)
 (0.31666099733107167,-0.9499829919932149)
 (-0.31666099733107167,0.31666099733107167)
 (-0.31666099733107167,0.31666099733107167)
 (0.9499829919932149,-0.31666099733107167)
 (0.9499829919932149,0.9499829919932149)
 (0.31666099733107167,0.9499829919932149)
 (-0.9499829919932149,-0.31666099733107167)
 (0.9499829919932149,0.9499829919932149)
 (-0.9499829919932149,0.31666099733107167)
 (0.9499829919932149,-0.9499829919932149)
 (0.9499829919932149,-0.31666099733107167)
 (0.9499829919932149,-0.9499829919932149)
 (0.31666099733107167,-0.31666099733107167)
 (0.9499829919932149,0.31666099733107167)
 (0.31666099733107167,-0.9499829919932149)
 (-0.9499829919932149,-0.9499829919932149)
 (0.9499829919932149,-0.9499829919932149)
 (0.31666099733107167,-0.9499829919932149)
 (0.31666099733107167,-0.9499829919932149)
 (0.9499829919932149,0.31666099733107167)
 (-0.9499829919932149,0.31666099733107167)
 (-0.9499829919932149,-0.9499829919932149)
 (-0.9499829919932149,-0.9499829919932149)
 (-0.9499829919932149,-0.9499829919932149)
 (-0.9499829919932149,0.31666099733107167)
 (-0.31666099733107167,0.9499829919932149)
 (0.31666099733107167,-0.31666099733107167)
 (0.9499829919932149,0.31666099733107167)
 (-0.31666099733107167,0.31666099733107167)
 (-0.9499829919932149,0.9499829919932149)
 (0.9499829919932149,0.31666099733107167)
 (0.31666099733107167,-0.31666099733107167)
 (-0.9499829919932149,0.9499829919932149)
 (-0.31666099733107167,0.31666099733107167)
 (-0.31666099733107167,0.9499829919932149)
 (0.9499829919932149,-0.31666099733107167)
 (0.31666099733107167,-0.9499829919932149)
 (0.31666099733107167,-0.31666099733107167)
 (0.31666099733107167,0.31666099733107167)
 (-0.31666099733107167,0.9499829919932149)
 (0.9499829919932149,0.9499829919932149)
 (0.31666099733107167,-0.9499829919932149)
 (0.9499829919932149,-0.31666099733107167)
 (-0.31666099733107167,0.31666099733107167)
 (-0.31666099733107167,0.31666099733107167)
 (-0.31666099733107167,0.31666099733107167)
 (0.31666099733107167,0.9499829919932149)
 (0.9499829919932149,-0.9499829919932149)
 (-0.31666099733107167,0.9499829919932149)
 (-0.9499829919932149,0.9499829919932149)
 (-0.9499829919932149,0.31666099733107167)
 (-0.31666099733107167,-0.31666099733107167)
 (0.9499829919932149,-0.9499829919932149)
 (0.31666099733107167,0.9499829919932149)
 (-0.9499829919932149,0.9499829919932149)
 (0.31666099733107167,0.31666099733107167)
 (-0.9499829919932149,-0.9499829919932149)
 (0.31666099733107167,0.9499829919932149)
 (0.9499829919932149,0.9499829919932149)
 (-0.31666099733107167,-0.9499829919932149)
 (-0.31666099733107167,0.31666099733107167)
 (0.31666099733107167,0.9499829919932149)
 (0.31666099733107167,-0.9499829919932149)
 (-0.9499829919932149,-0.9499829919932149)
 (0.31666099733107167,0.9499829919932149)
 (-0.31666099733107167,0.31666099733107167)
 (-0.31666099733107167,0.9499829919932149)
 (0.31666099733107167,-0.31666099733107167)
 (0.31666099733107167,-0.31666099733107167)
 (-0.9499829919932149,0.9499829919932149)
 (0.9499829919932149,0.31666099733107167)
