# Created by Octave 8.4.0, Thu Dec 11 09:47:22 2025 IST <gamana@Samsung>
# name: rician
# type: complex matrix
# rows: 2048
# columns: 1
 (0.40775984667535081,-0.6240209060904941)
 (-1.4257856991667244,0.063431650110813531)
 (0.50714560241394002,-0.38181359115819036)
 (0.19789849654955383,-0.93973250749746273)
 (-0.40417644263242025,0.31264569730881919)
 (-0.5442343320747185,0.49401909816078637)
 (-0.52351702443522252,1.3169111450162343)
 (-1.0331975832129463,0.7097550933540766)
 (0.54965005873884698,0.94928535912088396)
 (-0.24554229314223225,0.31311507546872269)
 (0.12682674402253111,-0.78823292891817964)
 (-1.0423062719675138,-0.72017683218070383)
 (0.82374968825074157,-0.0063882757123537304)
 (-1.3495483908905261,0.75128227439551842)
 (0.47339342833234604,0.42286339220486729)
 (-0.10557253259727581,-0.3590998526455832)
 (-0.91645349171914359,0.26612131365237113)
 (0.46781095110410398,1.1874269263316499)
 (-0.89324708818857745,-0.14556521020544702)
 (0.46725767177052224,0.53595958595843429)
 (0.64469212109521501,0.77611360335914781)
 (0.22150821195815962,-1.2437333676179001)
 (1.2059453778005875,1.1038691510853598)
 (-0.023357894107586707,0.99703008902396895)
 (-0.25917059308015833,0.08146525304950053)
 (0.80090901458519526,0.40758982769078139)
 (-0.28005785686052037,0.15649773090535296)
 (-1.0105493207422327,-0.45246412743176395)
 (0.30681572492531661,0.19387264609062652)
 (-0.8171727007066012,-0.22100029669019067)
 (-0.47457117837697671,0.83735166181407827)
 (-0.55880545947005822,0.59498419732723828)
 (-0.57481109062162128,0.99201803286991819)
 (1.0623407955205713,1.1304892716275552)
 (-0.38169545423707174,-0.57812994543045448)
 (-0.86554124899099505,-0.97159398048382639)
 (-0.23768744132323893,-0.33212016145412104)
 (0.075376877364400977,-0.31058547220327481)
 (-1.2145032730748753,-1.0696165925966294)
 (-1.1486168321437462,-0.48580628850322644)
 (-0.98387521684651391,0.51630262261058313)
 (-0.66550874363914703,0.73663228736546849)
 (-0.99623307297686159,-0.91959873247130874)
 (-0.57153930412046561,-0.07329219653990704)
 (-0.20839032398298207,1.3905421094561761)
 (-0.084345271191539756,0.09754300871550825)
 (-0.18125366191788961,-0.87683585284768328)
 (0.67108598738615122,-0.89218932694577768)
 (0.44329059632953499,-0.14450546858334273)
 (0.37402352499953928,0.07400604085927634)
 (0.56028920218223677,-1.1068686014541127)
 (1.5155225082726782,-0.65034634470937269)
 (-1.1244496668358279,-0.087748843448320624)
 (-1.4708619117692725,0.85862706529582211)
 (0.92210497252071766,-1.0613432520576067)
 (-0.95980374703554761,-1.0244644042161994)
 (-0.9115421772544392,0.40119691297020832)
 (-0.55602475580470845,-0.26608418849130089)
 (0.53311165142862171,-1.2403640938010854)
 (0.37835730339086204,0.66914577367537931)
 (0.45124795432105108,-1.1575435183647347)
 (-0.34505126964861516,0.21419527716290282)
 (-0.32296064901541732,0.82014213966062066)
 (-1.3725324019632281,1.1355750000445526)
 (-0.58431812385041937,-0.073696436367738594)
 (-1.0493546731937293,0.61570554320527071)
 (-0.30053317584762429,0.90332511080480127)
 (0.53534740219049548,1.1673286256271567)
 (-0.28438729514348293,0.41484950090340833)
 (-0.3216435508984849,0.18277049080348623)
 (1.0808111761996864,0.99403744671496008)
 (0.92144562159958243,0.19937161323108629)
 (1.2473214329261724,-1.706715675496701)
 (0.23958829656891964,-0.15020553233204567)
 (0.54739520116627938,0.011267655223181877)
 (0.64456621618980348,-0.093649302151143657)
 (0.2423793556359837,-0.89132254991146964)
 (0.00028362447684682213,-1.3481234162194318)
 (-0.2637832049467243,0.20664998003635782)
 (-0.71930234828675732,-0.19238186753637715)
 (-0.04581813893054848,-1.0813684100896828)
 (0.4811488241288181,-1.1494274910178364)
 (-0.47782360290814679,1.029237551908589)
 (0.87846538686041076,-0.83355058976198282)
 (0.22584293594860244,-0.39016058703673767)
 (-0.59013855826349038,-0.21967870825630822)
 (-0.24127312331413034,0.47350609129099108)
 (-0.033066802773537379,-0.82083359494442554)
 (-0.1733636383894793,0.057528931413365715)
 (-0.1827340206363503,-0.39676037760257205)
 (0.18758021108600081,-0.47415020958522486)
 (-0.14141893248263859,0.78628724426450325)
 (0.73087892962134826,-0.48078796642171301)
 (1.2554465643189707,-0.18251429204149666)
 (-0.1701715636975856,0.21778949331064937)
 (-0.58144011926859474,-0.059906655826257676)
 (1.0973127577740145,-0.83636385029417071)
 (-0.24731681503420275,1.2429897807283981)
 (0.28827910554056607,-0.26752132245998067)
 (-0.012621259569678578,-0.52498798031860661)
 (-0.76038652358949144,-0.22724466535417345)
 (-0.97809599706429529,-0.30390202274127176)
 (0.27093692105781375,0.94364253966935585)
 (-1.1942161693531634,0.28629019155335506)
 (-0.32235947195898301,-0.44734875993339113)
 (-1.7075338393691826,1.4681087108582316)
 (0.38000008144751224,0.39733080441107571)
 (-0.400746007708918,-0.67966705235106095)
 (-1.2042088150267294,1.2343762879947489)
 (0.39735333152778202,0.64728834231152843)
 (-0.32529573523008481,-0.17561575308254265)
 (1.4069424125790309,0.75703883430349128)
 (-0.056666973979922347,0.083296172282179809)
 (0.050971577842050891,-0.25785420646517798)
 (-0.17585876717344925,0.44084182584947462)
 (1.4740016779263825,0.44630017473631511)
 (-0.18839574335363718,0.34238671782569541)
 (-0.93871170415423288,1.0104113792506504)
 (-0.33377905002019709,-0.5684389783789412)
 (-0.17862595095735539,-0.75916165789046419)
 (0.25266858390318053,1.1553232845441579)
 (-0.032523518925808986,-0.84023609909003116)
 (-1.1156412643663398,1.3907742834354846)
 (-0.13529990557627716,-1.0552561949390293)
 (1.2911554648336609,-0.4237440609724335)
 (1.3338341386415211,-0.49665778003329814)
 (-0.93216145528437067,0.052723232303315853)
 (0.81208626715635224,1.5615080795191802)
 (-1.1630234177111418,-0.64097550246974699)
 (1.1944046902863388,-0.11822966982372896)
 (-0.22041271041902383,-0.0777475856789447)
 (-1.1391076484858396,-0.40340696241076907)
 (0.43510563150217635,-1.0625068712719852)
 (1.3748890307965496,0.3921037704788663)
 (1.3433971670216112,1.1091534141689201)
 (0.44076626988380441,-0.77794217389131837)
 (0.30008660316079938,-1.0933531686805855)
 (0.027703807026156338,-0.16623981238567825)
 (0.91217719869858915,0.74407335066209601)
 (0.087879325925103585,0.14300537544378056)
 (-0.62940280621467581,0.5404306332020038)
 (-0.78020201452673565,0.33801390390324937)
 (-0.93878796506672846,0.53297778286563602)
 (-0.18971945221800887,-0.36897965146800515)
 (0.54523469626704213,-0.8329999112735732)
 (0.99049953590733597,1.0477493126637931)
 (-0.64199253290226521,0.58063032919667834)
 (-0.64658165114813315,-0.76668807480079504)
 (0.69009422612116422,0.12723816291812629)
 (0.26522111004006133,-0.38580167361323636)
 (-0.6801338441118292,-1.0743132638118364)
 (0.48827759372535184,0.58682771198518657)
 (-0.17143919213444514,0.30785385336529031)
 (0.037648541245658501,-0.16121564758791598)
 (0.81096601161369819,0.14669188164761576)
 (0.44365049589193406,0.42753302640584312)
 (0.90033729905864801,-0.64400568074975917)
 (0.46270568735790241,-0.26074387404575217)
 (0.33478921782796095,-1.0007786569043464)
 (0.31217431141886909,-0.032395546920511581)
 (-0.41473240464374989,0.3075859587310375)
 (0.40334930855507517,-0.37150821038469123)
 (0.25436758585480246,-0.90855731093065883)
 (0.33731715332496176,-0.11594614219811585)
 (0.4326277386531584,-0.25064145711691976)
 (-0.4306494029917306,0.98762463702960979)
 (1.0838851409797443,-0.78243119385830928)
 (-0.33461000363155324,-0.86875018445628072)
 (-0.64481609652708705,-0.065394798946976751)
 (0.38851889858151328,0.10735087862314313)
 (-0.16723051572437625,0.53916344957394247)
 (-1.0536683620688827,-0.66050752832283466)
 (-0.24638743234098753,1.2030346157383118)
 (0.17385030297850562,-0.78128473270390075)
 (-0.29244056936602869,0.91862842106846432)
 (0.3803463502457845,-0.45906051707243628)
 (0.55780803372859455,-1.3392730980150391)
 (0.26179215826968572,0.28717942082693682)
 (-0.506753719156668,-0.76316756848841061)
 (-0.017229848647270243,0.11345913799495198)
