# Created by Octave 8.4.0, Thu Dec 11 09:47:22 2025 IST <gamana@Samsung>
# name: rayl
# type: complex matrix
# rows: 2048
# columns: 1
 (-0.19816282994513224,-1.637589599693337)
 (0.55262573120955683,-0.150447111662382)
 (-0.46515472492063525,-0.72720169295256243)
 (-0.63427176319695433,0.036584938096356878)
 (0.026520638454522127,-1.0991262320920543)
 (-0.23072868172446492,0.4188388443953272)
 (-0.59701753760651466,-0.27786116908539882)
 (-0.88037754708042726,0.22256054681580323)
 (0.17162043203525254,0.12512274897040562)
 (0.006340518350606214,-0.22403299860085452)
 (-1.1874141384172474,-0.56927913220294446)
 (-0.47138474339778447,0.66722714542682793)
 (0.073917512821207024,0.047782355546614523)
 (-0.070203539407177953,0.22280730785901359)
 (1.2476216052098732,-0.4889034522401865)
 (0.13823492347653132,0.28948568795646168)
 (-0.18955354013998568,-0.28001882342086959)
 (1.2592958247489128,-0.42357097845613351)
 (1.0440054426332734,-0.38787134820262154)
 (-0.16197192672800978,-0.17907631745929734)
 (0.078975424768724545,1.6721651190248163)
 (-0.24080861595520633,-0.90725322094901883)
 (0.16498741590647187,0.058652119201154047)
 (-0.035482638019381035,0.41070388339683284)
 (-0.21235204699667662,-0.66955876185092589)
 (0.50225937406254118,-2.1200116526427513)
 (0.24618438951238159,0.014162937022483252)
 (0.073074529791291309,-0.040518710429339175)
 (0.41198005704233198,1.0972492108225524)
 (0.18332514917807213,0.10620436434158864)
 (0.094966927314837898,-0.061460804253415893)
 (0.4764070530677284,0.064835893280969781)
 (-0.87152439495539347,0.46824287295330524)
 (-0.38842516141519018,-0.87114010987927393)
 (-0.32543343022292182,0.33581450501027826)
 (-0.85063783279549576,0.20346836293220544)
 (1.1372806831175042,-0.69373969012745862)
 (-0.0012137854943848683,0.08144159393538139)
 (0.70204281892263765,-0.16412641415424867)
 (-0.38864218812895091,-0.11345405938754657)
 (-0.41834128113248109,0.17525359746427766)
 (0.98002016252900348,-0.5164483701708491)
 (-0.40537666483219353,0.27815126034618237)
 (-0.64213931547874492,0.68785047536599486)
 (0.37991882825388434,0.2664987730962004)
 (0.26309001415177879,0.1182625317229167)
 (0.9277107307757817,-0.19340274464750418)
 (-0.60903574435702845,1.154563511770704)
 (0.53881565087199179,-0.74416386272600554)
 (-0.14565498820509543,0.55221722549294505)
 (1.4656956570692428,0.098292547809199937)
 (-0.17355586548650651,0.2983886979225836)
 (-1.1724997397853911,-0.78363698951581839)
 (-0.33498713864431129,-0.94210258863914387)
 (-0.72712369435185198,-0.49450174021021809)
 (-1.0465037945785425,1.1856213463476855)
 (-0.013385250183275965,-0.28472494333837417)
 (-0.063285802787555148,-0.21123380407562153)
 (-0.5029495552803076,-0.28642027271651133)
 (0.066200970093875766,-0.17750066057201735)
 (0.83580356420177548,-0.84106860704862241)
 (-1.1110270702388738,-0.39788333681104482)
 (1.4111895698254953,1.651620922944012)
 (0.049555049224215657,-0.047644814718578989)
 (0.72168823429662987,0.012530262537765735)
 (0.99536436158696195,-0.73273424872012771)
 (1.3240238561116189,1.5772420323315441)
 (2.1432570965700357,0.037954918433456886)
 (-0.065359025707909357,1.5823824863115443)
 (-0.83829717948901417,0.29589609929584976)
 (-0.14240535372341326,-0.5314879139296127)
 (-0.34930637666892861,0.36523403458630155)
 (0.0040363800384268234,-0.32122792359617464)
 (0.39586905653088128,-0.10918889493699618)
 (0.0025907836432980808,-0.22032244598947687)
 (0.3938336584157045,0.63202528763287424)
 (1.4448279321647928,-0.03696437600840341)
 (-0.60981245607702517,-0.076608770277906066)
 (0.095993174173522905,0.26125753117887873)
 (-0.021034162844875082,-0.63051158398591034)
 (-0.5485628102889738,-0.21206054569408705)
 (-0.27911397251210152,0.74013225808153094)
 (0.5166625194418788,0.52753483028752779)
 (-0.14395859455526733,0.47529311707896826)
 (0.44009682083274987,0.17346452530489592)
 (0.40897523397107416,0.19933568587798678)
 (-0.22235066720977978,-0.79147559110881871)
 (-1.2739003627376044,-0.082050955402251935)
 (-0.75601288712413051,0.41860559015498533)
 (-0.60143366211810534,1.1688679937783946)
 (0.72303363347502547,0.44813397944273747)
 (-0.65344558905597516,0.53370517406909412)
 (-0.080232802701591485,0.3853376594176175)
 (1.2122215304342134,-0.060738769834612683)
 (0.74811795978079776,-0.13008350762357096)
 (-0.26517782238111937,0.12088587484707287)
 (0.38205472421501174,-0.27053078276872689)
 (0.49149762801393759,0.14560832077905098)
 (0.15078733254915391,0.11446771611709086)
 (0.48001627795206087,0.72473664802615967)
 (0.10144062232106466,0.54744787943710993)
 (-0.52471710547020212,-0.38370682407650092)
 (-0.34161241790888525,-0.61800601030536739)
 (0.035783801203799093,-1.0084303141459763)
 (-0.79954777913266228,0.45622305897157356)
 (-0.28509049878138282,0.13019091087800061)
 (-0.086559804973685595,0.07323735689219503)
 (0.31383713185949225,-0.30457680782666385)
 (0.13186483390129641,-0.50741902278918694)
 (0.2555303030339317,-0.91413326538294792)
 (-0.36977381926138375,-0.067936365001722329)
 (1.4130469253065081,-0.61531164933809501)
 (-0.095624628416013269,-0.36574807349610033)
 (0.94790125864582997,0.063042788552290174)
 (-1.1364559293948362,1.3017923558993412)
 (0.029069951715575956,0.26689869415099987)
 (0.69700250829203525,0.044735885263764208)
 (-0.42691435996950444,1.9134686510846826)
 (0.074264129735072404,1.4947586925435741)
 (-2.3317002345776134,-0.22611140538388441)
 (-0.46060768142933489,-0.91233793560056986)
 (0.47997756685671256,1.1142137630050353)
 (0.55506329429961387,-0.42470188760637473)
 (0.56969491984924203,0.78578821342048344)
 (0.79561502611572266,-0.75953530335130237)
 (-1.184815262426093,-0.66065987394936077)
 (-0.6904891703631223,0.5859817523898192)
 (0.25247144940960986,-0.076984713302496233)
 (-0.69942262714821779,-2.4557017487694068)
 (0.43708098661701278,-0.28617702896244868)
 (1.0172848215074421,-0.39450494486909721)
 (-0.17917011611547506,-3.2330166699161778)
 (-0.38391443610364562,-0.27736513934983464)
 (0.39592985305794648,-1.7191743620185604)
 (0.12163615047792969,-0.40294241184197427)
 (-0.21296222909900092,-0.0060131532639027124)
 (0.23820421828176491,0.43612060229536326)
 (-0.018829408655729296,-0.58538472677204223)
 (0.84333926127149772,-0.35075479850750091)
 (-0.43672215937506781,0.17089755272013601)
 (0.25759151142817743,0.40688139989936667)
 (-0.19490492571830684,-0.2006055435013919)
 (-0.033499187480535514,-0.096803435490357748)
 (2.35501206813854,0.18822840174156275)
 (0.14260535510377192,-0.63240000989976586)
 (-0.7422992312318516,-0.69301915367236155)
 (-0.76993182639617153,-0.84521325820022908)
 (-0.15982334775088058,0.036877635343193493)
 (-0.060983389705417272,0.18577037295968815)
 (-0.83187650779802624,0.23752605063740051)
 (-0.13300923413810173,-0.23710977887655904)
 (-0.16162827086520676,-0.30536728909057087)
 (-0.25139383455794784,1.2770375852918492)
 (-0.29446458368442197,-1.638798889478227)
 (-0.22254605611641987,-0.062454735076800896)
 (-0.67526058182305149,-1.6014663646830589)
 (0.21971196455921771,0.14307552818700076)
 (-1.2697855430467091,-0.92807321400861875)
 (-0.51985173908380433,0.37158080717306552)
 (-0.24617591826810969,-1.0593317733080951)
 (-0.60579005821036924,0.12197921776942282)
 (-0.75648246512430339,0.16093568197660668)
 (-0.87947133574436354,0.76659569948479533)
 (0.037841353510152609,0.64980605545587145)
 (0.14674597141213341,0.23698163270684786)
 (0.39591566544191426,1.2130916080858749)
 (-0.91489422370901752,-1.2158350807500273)
 (-0.11439310048448562,0.23363150362592788)
 (-1.4689720147985237,0.27538979495887472)
 (0.33944655935300222,-0.1316565934777626)
 (0.12980000043579887,0.82885469606280848)
 (0.30337804208911395,-0.16693976358096194)
 (1.24794958866031,-0.15298320936038778)
 (1.2174215620658724,-0.84524732379530831)
 (-0.60676375879447642,-0.52623528018293619)
 (-0.37372114571189563,-0.09088867384262754)
 (-0.10443932217899961,-0.10223711228758563)
 (0.31839656953524526,-0.090797006736431374)
 (-0.099263831721911278,0.37610203226854261)
