# Created by Octave 8.4.0, Thu Dec 11 09:47:21 2025 IST <gamana@Samsung>
# name: rayl
# type: complex matrix
# rows: 2048
# columns: 1
 (1.1391899201534139,-0.50106520223395135)
 (0.43982240545307139,0.22226813971988257)
 (0.98908194169083896,-1.2305824645269139)
 (-1.2231162316266346,-0.73230623340395107)
 (1.1821896029439265,0.61803273617759125)
 (0.83855953726855326,-0.046786054328504717)
 (1.0759518878344025,-0.43541233870408147)
 (0.22069777776255148,0.96291707286770889)
 (0.39199188950438885,-0.041664169280082042)
 (-0.12066677377407674,-0.27600839134803906)
 (1.6898533504981252,-1.4685737121512523)
 (0.82046116597918206,0.021330386469380902)
 (-0.26743331349276617,0.088253167044488837)
 (-0.16276567894643762,0.19851046766269287)
 (-0.24798461965354901,1.0785044972422164)
 (-0.74640520972402968,-0.85266724104240688)
 (0.49220603793662876,-0.21547832484517052)
 (-0.59082058325194231,0.091590656141112059)
 (-0.18660492038856785,-0.98906469158597321)
 (-0.67055207899394897,-0.42973366888611569)
 (-0.21135682271395209,-0.20074833402675143)
 (-1.028852605822431,0.26043027663524526)
 (-1.6528817510944582,-0.32675632610626781)
 (-0.30548728759640664,0.60083817205763512)
 (0.69319122182373483,-0.42901335390751028)
 (-0.49060668139495284,0.81607655402282564)
 (0.13421353243844514,-1.7550726491075621)
 (-0.18229899763715895,-1.3801709371637785)
 (1.1285086832316928,0.71584111258771344)
 (0.021691820333847867,-1.584287634428039)
 (-0.30526630969159013,-0.57387575927618206)
 (0.92788976393202371,-0.16637202067440168)
 (-0.16674319938681934,-0.16292947938162958)
 (-1.4641216712891689,-0.76934777803951171)
 (1.0676420961304116,-1.5271294843806433)
 (-0.34785968309019688,-0.29011009415039291)
 (-0.57705085940973233,0.29924916909133076)
 (-0.6796156250614569,-0.68350796397778757)
 (2.1280062343807682,0.43423421514138816)
 (0.60358674120793709,-1.006133892489312)
 (0.62976337099792312,0.56586856823422538)
 (0.30049196855307425,-0.52626089074291293)
 (-0.11686401846934912,-0.14435721472703422)
 (-0.39838657652246645,0.74807202553053076)
 (1.4929269033995463,-0.10416478724926548)
 (1.2452284355800476,0.18000527245374184)
 (0.34670343946379684,0.098224353763868483)
 (-0.46007162335270035,-0.0096316344152959366)
 (0.12837271405231376,-0.760362119357474)
 (1.6690994581795437,-0.29586000905149262)
 (0.30285841454347961,-0.44240906714728101)
 (-1.0155813406880394,0.47960634071198832)
 (-0.165845034233467,-0.046027489466211005)
 (-0.84821202617883995,-1.2899197406066143)
 (-0.44655156241282867,-0.030217660722140355)
 (1.2990670666472788,-0.41740687910243046)
 (-0.34944966425872981,-0.058760871182026365)
 (-0.31906064242385701,-0.081294506837303729)
 (0.90685210362828095,-1.4270444680980341)
 (-1.3285660408340019,-0.042467605516933515)
 (1.0913295715501523,0.80408146888708265)
 (-0.12984906484096634,0.55415503106965558)
 (0.041881937982907513,0.21366356694839211)
 (1.0724813920321312,-0.44934593128387468)
 (0.18448220230344028,0.7019489773773353)
 (1.2250759100290409,0.11722616493884164)
 (-0.09329256500994168,0.38833727290778774)
 (0.37535207012631072,0.055386665007372382)
 (2.3585509148927803,-1.4875162206118839)
 (0.58215590420919572,-0.23066418986150708)
 (-0.54043840298875723,-0.0029490134582376704)
 (-0.84296989808347678,-0.20891263855403253)
 (1.6905250769021265,0.66643765595356841)
 (0.23641685008124791,0.77789602413451842)
 (-0.021470677454104969,0.39015115996962302)
 (0.34146105557688339,0.84338143042814173)
 (0.67750048983045974,0.71935177108233539)
 (-0.19963498653709882,-1.0264754517496901)
 (0.38733746520902623,-0.60670864477381414)
 (0.41397435862540299,-0.022697947165527615)
 (-0.90065398593636148,1.1079484067371848)
 (0.04326293247175543,0.039958105315340685)
 (-0.098013471844311223,1.0923007207940585)
 (-0.14154742252595431,-0.8261348312700183)
 (0.37108405440990888,0.86542828690242246)
 (0.27703388052899097,-0.4702717769191867)
 (1.5659843575974572,-1.2761926429065955)
 (-1.3709271907102181,0.97171052798729696)
 (-0.52152119619127846,-0.1807393520445833)
 (0.0053786703963415172,0.38410156845736376)
 (0.73600153792013145,0.093810028858005212)
 (0.34390025314885492,-1.0959748159531695)
 (-0.53437837603133487,0.35266746865515419)
 (-0.51516558664225975,0.12775592181516196)
 (-0.4633503307029917,-1.15739003227882)
 (0.49127607541497809,-0.13760174019261218)
 (1.1440520424127716,0.37166082306221537)
 (-0.53034518527010732,0.33443683280954534)
 (0.49081183077382778,-0.017353798344859006)
 (1.4864700622154896,0.16748432270891067)
 (0.76709749497125179,0.20724173367983631)
 (-0.0013110075259688131,-0.31809985568350768)
 (0.84135720299568351,-0.13542489757921666)
 (-0.95758311574551191,1.0970086621938941)
 (-0.37777778865702211,0.016311383643778932)
 (-0.68693237946196417,0.1249077610121449)
 (0.24248817161236255,-0.31747879064029827)
 (0.35060654171309852,0.053547540292671225)
 (-0.92737550447827366,1.4364303798014284)
 (0.61733914684409241,0.21108928192142415)
 (-0.18757384428637508,0.52272513346759908)
 (-0.52761044225355525,0.23469915957149892)
 (0.37337800249962194,1.3476675147038062)
 (0.57773566279211042,0.58500088014704843)
 (-0.43573648489535738,0.22875499093525359)
 (0.098346009820671529,-0.056439814059748336)
 (0.0049413282524463781,-0.24001576797692753)
 (0.60744827028863524,0.48410335589701026)
 (-0.31578401259838329,1.3493493716100333)
 (-0.29347384416898747,0.20499730505618505)
 (0.33927239415782706,0.69166873160295084)
 (-0.13060080876839625,-0.46952354904925858)
 (-0.21564935067896362,0.77270849571469247)
 (-0.1747598746127336,-0.099795750404845979)
 (-1.3162749337474537,-0.45760827304163365)
 (-0.25598562243635975,-0.68860406662729612)
 (-0.48985754670034409,0.32223736591208546)
 (-0.19125768343096086,0.50550387125513596)
 (0.22580260737533941,1.0736590900581786)
 (1.036645960482377,0.17403236707515285)
 (-0.67718118644807368,-0.07202479643499593)
 (1.1429868491053823,0.16679967199454704)
 (-0.34204947284417953,0.54941609691570947)
 (-1.0405462228590081,0.15717757590413278)
 (-0.64174667249588091,0.67585681877622761)
 (-0.9925453164101623,-0.19154163977275046)
 (-0.098266540468518709,-0.065758376257288365)
 (-0.24318075468431186,0.61653101779848796)
 (-0.7693648887370873,0.10852851679661552)
 (-1.1996993080337703,0.38329972622805697)
 (-1.0849971320533682,0.30064221926867185)
 (0.17348102975779162,-0.47195627834653736)
 (0.24902194555990287,0.1032729394743855)
 (0.90091998447675081,-0.030037905706397305)
 (-0.80102332370102203,-0.43012581345490492)
 (0.33654356797988355,-1.0710691177732592)
 (0.25648899158295374,0.57028026447860558)
 (1.1911555687024304,1.9403554027896337)
 (-1.3975600151952305,1.0785638306205354)
 (0.48048304301673744,0.41299348943723269)
 (-0.31852141480355867,-0.46659039659679202)
 (0.49124323070004705,0.034044659260122456)
 (0.74212205623342009,0.46263778160887381)
 (-0.25800718298129977,-0.29641570517498217)
 (0.81349738578384467,-0.74990793303063319)
 (0.97322379462660635,0.62123448519395164)
 (0.96755360501612486,-0.34521019639107858)
 (0.037174876225208625,-0.076228928530816989)
 (0.28090592878875603,-0.60747055710457887)
 (-0.46900182039883853,0.19696398384902883)
 (0.70134934254564218,0.32944878049022963)
 (0.89524329245416845,-0.25383040048121552)
 (0.29003174989140923,-0.13516707690554286)
 (-1.4661856412219936,0.82263140576789251)
 (0.14748075825392953,-0.81006672641875577)
 (0.39772727822728693,-0.57725860696995601)
 (-0.19974722153040417,-0.77703338357306984)
 (-0.12497751515648943,0.29821404728780365)
 (0.49634438663451469,-0.73415886028333666)
 (0.48660617657249294,-0.747902463775177)
 (-0.33674031078645666,0.28097013567939505)
 (-0.44562357941867464,-0.55751843736828111)
 (-0.49831751508147898,-0.2403730253492859)
 (0.015399568783422662,0.39133452516347922)
 (0.050405606262863979,-0.14157909356674198)
 (-0.064617738725638807,-0.32895436868969091)
 (0.033282548940336804,0.14204559231875954)
 (-1.0366239414468288,-0.11699356792573901)
 (0.9379631051069437,0.64373764286988111)
