# Created by Octave 8.4.0, Thu Dec 11 09:47:21 2025 IST <gamana@Samsung>
# name: awgn20
# type: complex matrix
# rows: 2048
# columns: 1
 (-0.37521850318848482,-0.84524860927296319)
 (-0.94744819738774766,1.10526300615357)
 (-0.95835162892655434,-0.3108385527828984)
 (0.29687486036927396,-0.26066451579019873)
 (0.2006494884169705,-0.95963103236538116)
 (-1.0526034598703646,-0.84939145228290158)
 (-0.93228236624877048,0.33415092122325213)
 (0.9405925408068716,0.86815896171631679)
 (-0.38759793071177073,-0.84610902271493749)
 (0.79768993663092247,0.39006892777896351)
 (0.1890088497589732,0.93111493294700487)
 (-0.77390437485812891,0.88867815690549345)
 (-0.89861886240406119,0.33350981684528641)
 (0.92454718402492175,-0.3528555513308288)
 (-0.3747014080356858,-0.3074146240777092)
 (-0.93773690693866707,1.0305922454525742)
 (-0.29805186309259935,-0.87032643091992379)
 (-0.35518914488865128,-0.18556539092967717)
 (-1.0295591668702853,-1.0050846289195552)
 (0.37708919603231461,-0.26963714436966135)
 (-0.98024205104447582,0.82875595968181748)
 (0.27714785927468089,-0.35620268548462614)
 (-0.87064510752941637,-0.96415664823535219)
 (0.24822130123716291,0.89984062312589597)
 (-1.0265414974830767,0.34383078474515022)
 (0.15485344685553035,0.96685621410238787)
 (0.33003123342219004,-0.31747291247340048)
 (-0.84542664555304048,-0.3197645573529605)
 (-0.38428661719887602,0.41320805438914615)
 (0.5556429060930872,-0.8533401139473149)
 (0.27766972788814964,-0.33315292647939698)
 (-0.8843709359909866,-0.40913379986518328)
 (0.20982666806071981,0.96131823346579826)
 (1.0429222943159997,-0.22886946253760615)
 (0.87824283110148349,0.3528131802976503)
 (0.88962653084717824,-0.31777620407962864)
 (0.28406920492923327,0.86431972579340499)
 (0.26877485666707251,0.3846315271533256)
 (-1.0235660743214263,0.40135131269450891)
 (0.84775520931644732,0.31081555304508734)
 (1.0125684078236772,-0.95575585694625265)
 (-0.86944075836727808,-1.0589135183884093)
 (-1.0404393065571074,0.74762756431144695)
 (-0.89251033652235678,0.27498815702623564)
 (0.90470593244471365,0.17155965790814173)
 (-0.90025298412328048,-0.83699524759259891)
 (0.34518804596039776,0.25671266854927133)
 (-0.24231239922588368,-0.41319455973645558)
 (0.31925640749035383,-0.96067524665550974)
 (-0.89525774219022347,0.97936287887068751)
 (0.23533005686679265,-1.0167462208357039)
 (-0.18193985036640395,0.95123870257622967)
 (-0.24489602272607458,-0.38958971647678192)
 (-0.91992950378566085,0.26838799710770289)
 (0.38051245383981802,-0.32832358574825987)
 (1.0591022678258022,-0.22340942480099163)
 (0.31954982665989479,-0.33637274696575492)
 (0.35593170686032494,0.3273895580986963)
 (0.90554887156137465,0.39271453592716371)
 (-0.41395865717309605,-0.33068162634091142)
 (-0.2959327797752847,0.32673161043149679)
 (-0.82151105197965335,-0.90507973507542472)
 (-0.30368029840424288,0.97161046090660375)
 (0.86606585778739298,0.97861215714339855)
 (-0.29627771580490025,0.93755354148350967)
 (0.31190330375766256,0.41384688602123443)
 (-1.031434517398891,-0.93780950853903233)
 (-0.29616916578207275,-0.95755309553624546)
 (-0.95483737121018097,-0.21341858896013322)
 (-0.41405861850308978,0.29454887679459973)
 (-0.2751947261288496,0.36248830921357017)
 (-0.35082803382821698,-0.90501021435075746)
 (0.92090258268791181,0.28464139923507215)
 (0.33584487558603704,-0.26423891562607471)
 (0.76674133338787687,0.31920688642288675)
 (0.33291675486575217,0.93875890785918603)
 (0.91431556689011728,-1.0174989139954)
 (-0.17266304316768244,0.83486330714526458)
 (0.37821040699597658,-0.21728753440381127)
 (-0.38916362350520739,0.93414216501332892)
 (0.95182960502313674,-0.93829580769564547)
 (-0.35762197654696354,0.9599266543170325)
 (-0.90800114776914209,-0.26454903099788635)
 (-0.87286683266703935,-0.17270673311423887)
 (-0.24906808677767933,0.87259293618884737)
 (0.89175322876616225,-0.37054846953726145)
 (0.34898618081427796,0.86523390211310602)
 (-0.40632775653236469,1.0283664040532821)
 (1.0164710321322601,-0.88340387680180321)
 (-0.83610796696169665,1.0279362428291761)
 (-0.25841692008079575,1.0063695838282096)
 (-1.0823219947628024,0.94718717821879328)
 (0.30748517436745787,-1.0206578253814775)
 (-1.0332609656496465,0.92021995317879235)
 (0.98308596047435759,-0.40748995806276667)
 (0.29240439994227974,0.27285366498415742)
 (0.87714890048834238,-0.88753291854479954)
 (-0.35698141045871068,1.0544601145493993)
 (1.0530927909098293,0.29189372955740017)
 (-0.2406213818528728,0.27514333350923453)
 (0.28567795216240616,0.23203789272686096)
 (1.0179832496865446,1.061170484552493)
 (-0.27506547349325194,0.22821670733670413)
 (-0.11841646817024482,0.34039821468336096)
 (-0.21294110873058686,0.29507521568729467)
 (0.22608126121209959,0.41836351800462313)
 (0.89540850018693252,-0.2648766077531749)
 (0.20981604778065055,-0.39923342971817821)
 (-0.87147942607739703,-0.3934446451176043)
 (0.36473448822165538,-0.91928922217959164)
 (-0.33347670549498859,0.97877244800565144)
 (-0.38953683928255423,0.28165625356373508)
 (0.37947227107080322,0.4263064945445445)
 (-0.89588242131430273,0.33177520193338539)
 (-1.0431580187384892,-0.88813326814123739)
 (-0.3821322576192539,0.28935070231835086)
 (0.97014795026481848,-0.98163040173654037)
 (0.86711562011226306,0.28285064114300235)
 (-0.40914043485531493,0.87885495469954011)
 (-0.9648681407120806,-1.0072054135292006)
 (-0.97970464109553035,-1.0485825446347448)
 (-0.92386800849759609,-0.93758418083210893)
 (0.18441527430696977,0.87250682537945634)
 (0.20924450313284687,-0.33650620362822226)
 (-0.26908305937302268,-0.34622047592302707)
 (-0.89664405139456138,-0.35932163710918907)
 (-0.23666516524613518,-0.89359027954150949)
 (-0.91080356870488111,0.17820114942765866)
 (0.25437833732243154,-0.91898329271001389)
 (-0.2592064978953722,0.87660941519311864)
 (1.0333855211983012,0.30271690912154031)
 (0.93758792680566616,0.36522312892951275)
 (-0.94685448810111617,-0.30558616064636768)
 (-0.97658377049402101,-0.3858901418237381)
 (0.30423928131520467,0.9293596278514018)
 (-1.0401398485123612,0.25895425527505161)
 (-0.9035802444408797,-0.25198086802090619)
 (0.88032288797200764,0.71918258387291589)
 (0.9316440292409347,-0.38285484694421573)
 (0.35453015624211204,0.97757664914637166)
 (0.26829635149367004,0.33540759588221597)
 (0.26394226348014405,-0.39774073915173663)
 (0.92100227764301279,-0.3581378809140518)
 (0.35729229441560073,-1.0314668763749937)
 (0.95353838432995019,-0.98620959524260976)
 (0.91343966976803947,-0.92897153754762984)
 (-0.98944344021338027,0.28244257301777409)
 (0.47078127183914087,-0.34393641994142471)
 (0.46027928448475203,-0.93184641997825213)
 (-1.0419880175644241,-0.36022879391954937)
 (0.45340829370171537,0.29724882837777383)
 (-0.28426149121351324,-0.88553140217708581)
 (-0.96649187535173575,-0.38765289167655315)
 (-0.98904465030491528,0.33369754242358185)
 (0.99052629466323994,0.88490410352026327)
 (0.9531603218054725,-0.93193135725568899)
 (0.205936645938608,1.0073464194057371)
 (-0.8831607486056734,0.37079027249136753)
 (-0.27635569608374055,0.37375988818258177)
 (1.0356905862569015,0.40366128663075529)
 (-0.34083065339730889,-0.91134492706886472)
 (-0.46590092804600441,-0.87584253156340841)
 (0.2834412763058527,-0.92556513072573954)
 (0.25538729398036425,-0.27876476135301864)
 (-0.93037242821325705,0.36278549943034233)
 (-1.065193087822631,0.80155885665785642)
 (-0.85451907792563175,-0.34536086169483643)
 (-1.0606810463657916,-0.94386237434335929)
 (-0.27997552507804352,0.83632909665138644)
 (0.89442011968357638,-0.96899212667824119)
 (-0.29771692779164011,-1.019590075735354)
 (0.30778320619089022,-0.95190604454724581)
 (1.0392413690848619,0.98247103637396993)
 (-0.16324605223241709,0.25684841007511622)
 (0.96375981427664525,1.0070015566352488)
 (0.9519582071087781,1.0161887490057699)
 (0.26068965645824982,-0.27574649331966844)
 (-0.9604931276376828,0.97187102592700847)
 (0.97548956903139494,-0.87702074631544236)
 (0.35124795980975637,0.82500249299929618)
