# Created by Octave 8.4.0, Thu Dec 11 09:47:21 2025 IST <gamana@Samsung>
# name: rayl
# type: complex matrix
# rows: 2048
# columns: 1
 (1.6507640422205745,0.075606064028428177)
 (0.018649992018345482,-0.34042284220375013)
 (-0.48776451511003316,0.4245230579721776)
 (0.086632931109539318,0.53228373340042356)
 (1.8394572365708413,0.91885076794262543)
 (-0.18913482212301347,-0.9039039789344111)
 (0.090438293636639369,0.24088856774779238)
 (-0.36283589288397239,0.21787645792862242)
 (-0.76512037283618306,0.069018080042949376)
 (0.17359951120983222,-0.028418527827582113)
 (-0.22888819804054106,2.7110909119186708)
 (0.39161559206456154,-0.13790644012808595)
 (0.76362332368788999,0.65133380688184661)
 (-0.43612696547852509,0.2008604993695618)
 (0.1759728428151465,0.45913403587400525)
 (-0.58980126745617067,-0.19598947009479203)
 (0.3336474586711794,0.88943439855653905)
 (-0.138259848169276,-0.15740562579536149)
 (-0.39644405668344135,-0.10856168823752005)
 (-0.26071062647417165,-0.75850632645287963)
 (0.61449160041895468,-0.16600199228767509)
 (-0.29033837288859254,0.17324966734021852)
 (-0.34088123666798864,-0.59242613649075948)
 (-0.012035683186646884,-0.42371235562712717)
 (-1.2500276122982628,0.468562312375294)
 (-0.027063101439295995,-0.33801610686266548)
 (0.54150399769063429,0.42268210908514237)
 (-1.4350946528615327,-1.6984474300647341)
 (-0.4593023072116989,-0.15639995763869691)
 (-0.059449572866496991,-0.3020517175921138)
 (-1.3028391259166225,0.10996291497838501)
 (-0.6150622214480963,0.055861278366281408)
 (0.03778229609237263,0.3244829402352486)
 (-0.072644081535413491,0.52415140402869231)
 (-0.28634427549893471,-0.039510129900416177)
 (0.60040072487700835,0.24844192708192908)
 (0.056570966434324639,-0.16742930601062347)
 (0.28616476904982824,0.50169254371802552)
 (1.2706216041518716,0.085940986926118956)
 (-0.43835741507979803,-0.5002754756736667)
 (-0.33683974664168187,0.05691747867998434)
 (-0.95137635130488185,1.0249273205176068)
 (-0.14178513645141305,1.0189472948628557)
 (0.19505527156931501,-0.083682817785945995)
 (0.41624930427558332,-0.2163828016244555)
 (0.16915565117627399,-0.46344620269553727)
 (0.32157072108314816,0.19249090513613137)
 (-1.4507158335443135,0.83191440154923646)
 (0.82659171492297312,2.7710147285705773)
 (0.6100631371317552,1.2240835990394081)
 (-0.50347503845147457,2.1649439684523619)
 (0.99810473022118862,0.60094443260903219)
 (-1.9165723877675247,-1.1028185933115107)
 (0.26517941206632684,-0.55500500375967454)
 (0.18430239155574607,-0.54881045917925819)
 (-0.088398331562377599,-0.25962650133962067)
 (0.25386577282860812,0.24587632011839186)
 (0.79437448195639282,-0.029971403261668472)
 (-0.74512695038383614,0.46585663417831141)
 (-0.78871191445533906,0.14777120804640453)
 (0.72006239877080969,-0.93336535601493908)
 (0.1020324797941857,0.24213840128856021)
 (0.94134981993503464,0.10286950923904906)
 (0.40359781369306691,-0.91343910877306822)
 (0.14045670037177785,-0.16931391426744793)
 (-0.0025498776868396189,0.42777320892245746)
 (0.28004300074633792,0.59884224203443237)
 (0.44736127907225243,-0.21453830163837967)
 (-0.9651475818141434,-1.3587830812570991)
 (0.070593900266875953,0.94113943042133985)
 (0.0064616718466951051,-1.3959841662484922)
 (-0.17091281514836773,-0.30369701064700172)
 (-0.56087512984116883,-0.2039814158545461)
 (0.75474654226119953,-1.2581093459018997)
 (-0.59995637266186175,-0.13557217041789071)
 (0.01017264237364246,0.74037684537078907)
 (2.2037752920876383,-0.081461621572589404)
 (-0.41520146996793228,0.44418273572659461)
 (0.053929624690730926,-1.3867909367230902)
 (0.23577425571825383,1.0458003601963941)
 (-0.18776592208820825,-0.93891413041215399)
 (1.5506848496267485,0.95917575715947478)
 (-1.3369838574754742,-0.11698758415739086)
 (-0.89341512646535526,1.2356127239484804)
 (0.83203376294510878,1.6136023819529006)
 (0.070510737215268265,0.5467611685282836)
 (-0.31215710368042071,-0.5349328714827053)
 (-1.3348076528856132,-0.073947529795060696)
 (0.17797761679953533,0.378730327549548)
 (-0.021948925426054033,0.76353513789636929)
 (-0.46483978478455318,0.23482709425009218)
 (1.9498000132117803,-0.60999982023673971)
 (2.0611095072269703,-1.1955895208120828)
 (0.15476433244562487,0.23313045900271051)
 (-0.11125069598888947,0.22187729765454817)
 (0.22264837153978723,-0.30377859744681268)
 (-0.59724183771209716,0.82507961714624134)
 (-0.89754881537919684,1.0795160401508326)
 (-0.53178417093334296,-0.29694100586520816)
 (0.8252210999789733,0.83496085702464473)
 (0.25431789323946519,-0.4460468479399633)
 (-0.48459093892246796,1.3361718087068617)
 (-0.20233727990893413,0.79379253183837262)
 (0.85735511840663969,0.7977549584614867)
 (0.8775626174470732,1.2166659146394525)
 (0.18110386646699622,0.10314657590940712)
 (0.13366247774034373,-1.1107343627612125)
 (-0.564637572070954,-1.9806964578408839)
 (-0.10630455844437048,-0.013904185444965113)
 (0.074108655953437075,-0.065962064116659308)
 (-2.5476672806394767,-0.80932944918507266)
 (0.38498550361789863,-0.72815796521103004)
 (0.15746720870913625,-0.53169963208982718)
 (-0.31555757456453126,-0.61371146497043327)
 (0.038815995838343595,-0.21604434078741291)
 (-1.5965275003140902,0.44331114688449558)
 (0.34637857070347866,0.18517837053434494)
 (0.30019474362408577,0.12235090430868709)
 (-0.42641783137673983,0.91089209423991502)
 (-0.23279752852995242,-0.69898796433798993)
 (-0.92986903811239874,-1.1700505774006564)
 (0.26567949622188036,0.070326676066331709)
 (0.2219739281927724,0.11582117203753001)
 (-0.38790817818312168,-0.15644329988723168)
 (-0.1956340562273417,-0.47204065086355862)
 (-0.53514516457954819,-0.038126828617477793)
 (1.6810661694013749,1.1866672900802471)
 (0.89730752221658094,-0.33241584681248287)
 (-0.23808010686486791,0.46997873029480963)
 (-0.82954527127335598,-0.067653720110519844)
 (0.77042289655315432,-0.90064572072179327)
 (0.1319712005122039,-0.056528711658842212)
 (-0.073387366031313975,-0.26278044402681761)
 (-0.49621482226998992,0.92102388847722716)
 (-0.62938693055375927,0.32990847664112466)
 (0.93688515160466135,-1.5229389203676233)
 (0.55917603356432843,-0.68540116427317221)
 (-0.085871803451537998,-0.4836909315227047)
 (0.16668063276140918,-0.23693116137555584)
 (0.31902362989327193,-0.92065126234464789)
 (-0.48024216581872015,-0.32469054041192713)
 (0.22573162320735018,-0.053974465351625624)
 (-0.25288699686538441,0.35440614990730179)
 (-1.1902103341245416,0.34946625788824637)
 (-0.094476712149803743,-0.60184597723619659)
 (-0.88956711210034356,-0.046081810787770322)
 (-0.19967515485359796,0.082411068957770978)
 (1.0125481599510284,-0.078628034973298122)
 (0.82249704877879826,0.028018057662664103)
 (-0.31710771890285094,0.029360146694609929)
 (-0.39039938653307382,0.079741369348837937)
 (-1.0907563410490935,-0.22718693150837377)
 (0.31870128439309631,0.67858852576857542)
 (0.36645303309380006,-0.26911205333311272)
 (-0.026772344317770619,0.25991480811405865)
 (0.043052714280601458,0.12612648025835127)
 (-0.61016058002486884,0.75630278460919542)
 (0.44717460218940219,-0.4873092490398172)
 (-1.4857891845450497,0.44546510373719411)
 (-0.79084630985721671,1.226853135242153)
 (-0.44721664186551058,0.18867763773507584)
 (0.5550771934551979,0.063334864592281798)
 (-0.80287701268460387,-1.0471203438217791)
 (0.30032668653915445,0.19038322744348712)
 (-0.42593368972087026,-0.79529725246569272)
 (0.84063740476235305,0.70721363578104468)
 (0.077726608812146325,0.17653111213990375)
 (0.24294229875051823,-0.19000813705760505)
 (0.52725034343111377,0.21974959730668928)
 (-0.44294801929255712,0.22450646682186742)
 (0.37413392101961529,-0.24860432069708732)
 (0.25368304574631134,0.55220149486697545)
 (-0.23192451481191506,0.31378791785768007)
 (-0.88781715638397118,-1.1322885991244376)
 (-1.4892343923127238,1.3404906455981673)
 (-0.019312965999765758,-0.34113533842491106)
 (0.2894944962519459,0.84560725461034814)
 (-0.82698250081169966,-0.49666366911216708)
 (1.0399591581923342,0.37131293105367807)
