# Created by Octave 8.4.0, Thu Dec 11 09:47:22 2025 IST <gamana@Samsung>
# name: awgn20
# type: complex matrix
# rows: 2048
# columns: 1
 (-0.37669352670477252,-0.30521376218930601)
 (-0.93870571078614662,0.92972634133726295)
 (0.43731617717065613,0.18493337304443014)
 (0.97266022346481285,0.33878695479487636)
 (-0.34951300529382329,0.82478418154583333)
 (0.89739351707885695,-0.33447016574508215)
 (-0.18148853561767922,0.98573745878656438)
 (-0.20152571203307376,0.29730174914097679)
 (0.20541206526729847,-0.25019591403662966)
 (-0.18752285483882156,0.31373429020201421)
 (0.80392049735991455,0.93800474498808117)
 (0.95045717851486144,0.93952859267226174)
 (0.20337876705209312,-0.40491330627875149)
 (-0.27204194116447922,-0.38081683890802009)
 (-0.35931133346113653,0.94889705304477634)
 (-0.87111673547618995,-0.38681444779612162)
 (0.89603847785767199,0.35145363039469435)
 (0.38333261223417181,0.93674513135952042)
 (-0.21621071613950568,-0.37037689882494829)
 (-0.17854989111680319,0.22492464994403621)
 (-0.46620403974618752,-0.27192492313599681)
 (-0.39087413656917108,-0.23440786479303299)
 (0.87334788241395422,0.27261072515359003)
 (0.95090583565070441,0.27847886549422629)
 (-0.92181161078831964,0.28349550195194773)
 (0.94147338866424624,-0.30514209526984726)
 (-0.96597124063092366,0.8643874251019189)
 (-0.97908750354093366,0.28572036627255759)
 (-0.9645928673036851,-0.40212563078250069)
 (1.0352307138177805,0.3208506265886456)
 (-0.89904186522636675,0.26463154994225674)
 (0.33480115235727959,-0.30135563628028395)
 (0.95464850651730859,0.40325084480339407)
 (-0.87379370342486162,-1.0109330492591668)
 (0.88376211809007021,-0.32115929116659025)
 (-0.45822480171913993,-0.84816972592742601)
 (-0.21642745066837593,0.89397867956252419)
 (-0.30748231737918535,-0.37355288111475587)
 (-0.40779537435498142,1.1105096162620076)
 (0.35386551934172872,0.85719178580103539)
 (-0.83873795535411566,0.90200870154804047)
 (-0.94478389397458196,-0.32441945450582921)
 (0.29868255268215771,-0.92024334153795306)
 (0.83308561485568777,-1.0644145319332461)
 (-0.30288073380967817,0.3763062050451732)
 (-0.83945313972820879,-0.27574107266484033)
 (1.0734584281443009,0.93571201384597591)
 (-0.94833581887527341,0.34157446596322116)
 (-1.0656107008416624,0.96061221691826437)
 (0.93628029884020891,-0.97369321521703522)
 (0.38856229137172094,-0.96184510686352342)
 (-0.40431381532992455,-0.23545247347311193)
 (-0.21697869907060807,0.24307581055100097)
 (-0.97911195995164246,0.38529489625773045)
 (-0.40430959741098982,-0.28230754234506861)
 (0.79142914116223639,0.32490759257384294)
 (-0.98904088906968746,0.94009992710085744)
 (-0.26513022674035147,0.89264155352227947)
 (0.93175157917426044,-0.40563888054995889)
 (0.36683262279906992,0.89388941657518917)
 (-0.27349462299537153,0.26033240488282466)
 (0.31195320885604716,0.97287201697922321)
 (1.1075801732209201,0.31458088194914091)
 (-0.87536870875735995,0.34657702453544043)
 (0.33939311582413145,-0.9177568105995676)
 (-0.3721732774270376,-0.32352953694714903)
 (0.80545162989308539,-0.34581097053659232)
 (-0.29541735564581467,-0.15336095233386707)
 (0.97605656172918787,0.91816497857398016)
 (0.30902424945609647,-0.21039557609028825)
 (0.89922445297245512,0.99588182977583561)
 (0.26707466557020759,-0.33138571376242842)
 (0.96974102679513485,1.0330841874386645)
 (1.0072971089878768,0.98881186791991982)
 (-0.34265637873760918,-0.97883674173274493)
 (-0.97566457181582378,0.95843488668402288)
 (0.37098163371124304,0.91507364028635829)
 (0.90877665385491002,0.93233454417448125)
 (0.37745201473156087,0.86358620021325483)
 (-0.83738629675706289,-0.25614474486327804)
 (-0.94010211911135788,0.39834375541623807)
 (0.27395274301787226,-0.84898564559081491)
 (-0.98342351023953478,-0.82312046104620429)
 (0.92612711024090144,-0.92705180748004412)
 (-0.3205765933326109,0.85583338192888148)
 (0.29425365631945472,-0.20862916577564947)
 (-0.28978888673612302,-0.311160974284731)
 (0.7951148959889428,0.99825298701369469)
 (-0.34808638759930893,0.30035438654443503)
 (-0.32824314084897105,-0.25793598231325582)
 (-0.91848032620936781,0.89604131131768106)
 (-0.29300732384370837,0.26091476821471637)
 (-0.29801982129195148,0.27837418483620441)
 (-0.31941476881453951,0.340041353440031)
 (0.39759835223876738,-0.27754444121475208)
 (-0.95858747022401958,-1.0025132426187613)
 (-0.37684544902719741,0.96141452944509431)
 (0.991564693891409,-0.21747041658897476)
 (-0.90174530647044426,0.84801842832135221)
 (1.0107937632832227,-0.31446909266364798)
 (1.0602814859954428,-0.95169478216235237)
 (0.91501833713694725,0.3024454884971125)
 (-0.86939639592628026,0.24581218699008678)
 (0.91317619276752349,0.89479683780537655)
 (-0.97073828024845787,0.82839855650185001)
 (0.98032244513743771,0.2681928504240238)
 (0.95234597824702505,0.95806637749721502)
 (-0.14402643736957885,-0.38799942573027096)
 (1.0055793123892789,-0.45590833415034215)
 (0.22914059952046728,-0.22448312474296206)
 (-0.85274691124549906,0.38123108283929263)
 (0.40573596882910051,0.78207245819408844)
 (-0.8371261011813842,0.96337825648708797)
 (0.98901423208895856,1.0433938082389294)
 (0.37747210565718137,-0.94723146523805302)
 (-0.28041671986936062,-0.92947968754769827)
 (-0.18456392176316838,-0.88289950835237085)
 (-0.90476467416297002,-0.90832756654733415)
 (-0.89883502729529074,1.0444513029976674)
 (0.30020044443061239,0.32839788157355793)
 (0.22668568489757435,-0.94095325593351486)
 (0.98801516183424543,-0.96182540071781997)
 (-0.98007666997480525,0.2759562860995492)
 (-0.9671309315301363,-1.0515428678927727)
 (0.34086746958536407,-0.99687556158210289)
 (0.23426252347939147,0.96396699032932254)
 (0.94350209743841773,0.20532063914468088)
 (-0.28160306317993883,-0.36394932540103708)
 (0.88048107061889436,-0.94968360809116437)
 (-0.24056228499906901,0.34112151803832952)
 (-0.25958859712374416,0.25964264407060716)
 (-0.23722468537749875,-0.34651586157924136)
 (0.25744548068155937,0.85543365581230191)
 (-0.410100057605433,0.92284069499943222)
 (-0.24752454743328095,0.91814470368372247)
 (-0.78202330812208154,-0.85688236821072616)
 (-0.94311694854222561,0.95251138096239074)
 (0.31509502506914489,0.93714376255625964)
 (0.84268780656038689,1.0736363552944406)
 (0.98295283771891562,0.87365528542991)
 (-0.25104806927533113,-0.91880808681552728)
 (-0.251707213558719,0.36817625585514091)
 (-0.28983811065154269,0.89964727716989845)
 (0.26071170340162636,1.014540460355809)
 (-0.89719193884451709,0.88284600649922917)
 (0.26067121318605957,-0.91895470863246054)
 (0.8613848479864854,0.28470027965553618)
 (-0.30361656027459522,0.90347192597064274)
 (-0.44019376552522094,-0.8503680812831883)
 (-0.22346625591504859,-1.0033189991506646)
 (0.28312347809040772,-0.81676046066220387)
 (-0.97712485385955616,0.93873429665420083)
 (0.28435298812432663,-0.94374547619964588)
 (1.0059646664833901,1.0102918556341638)
 (-0.43493049923565824,-0.47255712229508995)
 (-0.98033886358203193,-0.31199311996965012)
 (-0.26113826957641589,0.24120262703176287)
 (-0.92378917553089679,0.82146811475149417)
 (0.54547442008856728,-0.31304822064225568)
 (0.26613933355890562,-0.99483805312802431)
 (1.0399638304307348,-0.26848675232788427)
 (0.45086011846471197,0.97003013653321779)
 (0.35898581859732726,0.92054177165448858)
 (-0.92103345772212919,-0.93529356385129114)
 (0.28253541597246284,0.86048179551553716)
 (0.99318919090939617,0.33513254751175026)
 (1.0824162111313291,0.93709508971695377)
 (0.29783029811124229,0.3611029004696612)
 (0.33658696615048944,-0.94319917464971736)
 (-0.98807780339030415,-0.90717970406529269)
 (1.0221323247422922,0.91556445787838903)
 (-0.32784183699181152,-0.27062856604974572)
 (-0.90901690370013843,-0.90419724344241281)
 (-0.29235553399204905,-0.90619384690721128)
 (-1.0863494629462505,-0.89320955713481154)
 (-0.78512792694263034,-0.2091350778903289)
 (-0.95889948179625151,-0.92112346978662984)
 (-1.0128912172683642,-0.89105231900518667)
 (0.88284381404248369,0.4422559752933653)
 (-0.3314604580608031,1.0521796449047112)
