# Created by Octave 8.4.0, Thu Dec 11 09:47:22 2025 IST <gamana@Samsung>
# name: rician
# type: complex matrix
# rows: 2048
# columns: 1
 (-0.14258181852578652,-0.35986937806967823)
 (-1.3560927418162441,0.63987343458647472)
 (0.32659946756467761,0.085502455390171359)
 (0.58627349543152241,0.27109208464934065)
 (-0.32456332627331852,-0.67884898571519092)
 (-0.32301349890846531,0.51520839437494459)
 (1.1505169962482877,0.17786178261226998)
 (-0.32203440880702372,-0.85486366296707628)
 (0.42143640031410662,-0.25304034065876729)
 (-1.1430242028667583,-1.0436027992660415)
 (-0.88497939124075098,0.73901671585801743)
 (0.19938437649409438,0.52193376970882499)
 (0.69974038892466484,-0.78719620686134029)
 (-0.11316969726379963,0.41822697042368562)
 (0.33088204419055872,-0.34912925910387432)
 (-0.69705033725776777,0.13359321560465953)
 (1.0234370943655413,-0.58057912986467475)
 (1.227124811580053,0.23755937149314388)
 (-1.1215755957701758,0.098393154247275683)
 (-0.062255163387923473,1.1413464748614421)
 (-0.041625789789451362,-0.21846101768134307)
 (0.18650852136263224,-0.17739219263517175)
 (-1.2921104673698003,0.55594237603059216)
 (0.0094438895580403193,1.1288909895207797)
 (0.063027381225604306,-1.0150884814951273)
 (0.091973551313482144,0.45649807976123502)
 (0.94439861099346556,-1.3424051309264553)
 (0.35829261754832198,0.27644004864803773)
 (0.59295793828860455,-0.89231030575909698)
 (0.71466798964388789,-0.62638909438383361)
 (1.1037165577820682,0.31679672711091744)
 (-0.042404886087593407,-1.030884135474841)
 (-0.52807842457627174,-1.0306136865662603)
 (-0.8088471509679479,0.55717805228118844)
 (-0.95657796249119831,1.1802215395478968)
 (-0.54304027845426905,-1.3789009753187624)
 (0.98192628576387175,0.77485459377794763)
 (-0.47266027626406371,0.13255894517155872)
 (-0.30098617449220189,0.17122843747679112)
 (-1.6023791900706665,-0.029630867294810181)
 (-0.89274398891056228,-0.21262303056671011)
 (-0.99102466632613861,-0.32984067950238577)
 (-0.3346599680922917,-0.12451273326154234)
 (-0.63128244560662938,0.37416226340561398)
 (1.1526503037867804,-0.16677308487777437)
 (1.0332745592392014,-1.020953855780349)
 (-0.39341179342079358,-0.25038463474003958)
 (0.23307540982211791,-0.087650110982409074)
 (0.7907512916242263,-0.84905032207843889)
 (-0.29064661947734577,1.0178895574197528)
 (0.020090571921919723,0.21867078585009481)
 (-1.3388708277067249,0.11820919422113352)
 (-0.87663507996221024,0.42806016565222793)
 (0.68138193029849703,-0.35492861199040515)
 (-0.97155621901285971,-0.052527374060105936)
 (0.0046751154143163665,-0.99343333866430927)
 (-0.85063685814334145,0.14103031364499113)
 (0.15533133398443133,-1.0419616174121558)
 (-0.70197599709962166,0.90101077520379891)
 (-0.24922390313121706,0.25253150794222007)
 (0.85637447096348351,-1.0346771079571073)
 (0.16499009774857304,-0.9241082131170788)
 (-0.60841117119718602,0.66533295065994724)
 (1.3357122430870878,-0.26807250978395991)
 (-0.14749301122003833,1.1369151461035263)
 (0.41252207669615415,0.44087968735118244)
 (-0.11238965858093827,-0.36903764354800372)
 (-0.95660063478072743,-0.53001509331471774)
 (-0.86770920780258687,-0.2344180230415206)
 (-0.41447258704985407,0.44369179008576359)
 (-0.9897858365943335,0.096399016949622246)
 (-0.71493195611401117,-0.27521470868973463)
 (0.40818399514187764,0.3530793640353076)
 (0.097488813109826461,0.20959129630206988)
 (-1.4503726772694616,0.2295314859444566)
 (1.7000123170879866,-0.61290456526719261)
 (0.58249941632502522,-1.1148299426648056)
 (0.40073368010978078,-0.32149413373452856)
 (0.60158614153185508,0.66283462660333858)
 (-1.1424937750633106,-0.30403186409690197)
 (-0.39241860150388064,0.75621842545928508)
 (0.44540191511638549,0.67047811888281972)
 (-0.8263717972800666,1.3253543354452166)
 (0.33748518638470104,1.498735904142549)
 (0.60395737260512905,-0.13904958533707446)
 (0.40325224125968706,-1.0937313856785951)
 (1.1032649968229227,0.52143198905466059)
 (-0.86770820510869473,0.016413704973546633)
 (0.77784868077742741,-0.12264732933274483)
 (0.10037234961368496,-0.16295594463204957)
 (-0.19040983681233528,-0.82774531449215571)
 (0.11799847675215688,0.84000970872754654)
 (0.48312139147006328,0.99182731097930454)
 (0.69272073063942052,-0.62911707482194901)
 (0.62139792832532814,-0.51734480688439877)
 (-0.062754036915971284,0.53306445262058821)
 (0.36861972209306759,-0.53132738931066437)
 (0.5175982239227086,-0.28013726643871856)
 (1.2864627765584211,-0.27902100624362652)
 (-1.0400230744682455,-0.8305989916290033)
 (-0.10907564749836368,-0.64470596816629899)
 (-0.89085517830790628,0.39113434001900382)
 (0.51649881653384211,-0.32958445055392382)
 (0.012431871685362361,0.94807878789057987)
 (-0.17366950110709942,-0.3766986761584995)
 (-0.24076762428530102,-0.66440596927505424)
 (0.98871506440946888,-0.3189688743849195)
 (-0.0363263090223922,-0.37060634763819483)
 (0.80737195255744032,-1.7648976334328652)
 (-1.3485330432897051,-0.078028112810601291)
 (0.74324069731018572,0.4643414408597577)
 (-0.032823397816573008,-1.0519766747686867)
 (0.67477377149335505,0.54328166579325132)
 (-0.6663391172852654,-0.23913559702894635)
 (0.98274062150962072,0.060039062306410068)
 (-0.90961208482940969,-0.55327250945516115)
 (-0.58946045435925853,0.80468534848473672)
 (-0.2280258516845578,-0.84121540437302655)
 (0.37753950713983209,0.5069429201742498)
 (0.1621716506075056,1.2498843666601513)
 (0.21549544625354147,0.48002748262165174)
 (-0.411218513725572,-0.2137528423973987)
 (0.2582569033633012,-0.59764420036081944)
 (-1.1505800182490276,0.013204947972466075)
 (-1.2121164987950845,-0.78807635429003664)
 (1.0588980007677204,1.3568723133978733)
 (-0.38059376301336728,1.7144124495075002)
 (0.30145859087733606,0.55296504515055789)
 (0.50687379449633285,0.33512086592618162)
 (-0.95362590746694764,-0.27372982604388857)
 (0.27756646586449829,0.86748085227559169)
 (-0.2732490885782608,-0.84683026224837632)
 (0.37271663617446882,-0.37200809005370705)
 (0.1623752243463841,-0.4412974985247885)
 (-0.87572849097645222,0.21310419177440881)
 (-0.036963688181304438,0.714696080587784)
 (0.78372390373000256,-0.63261208298177962)
 (0.36871868004640596,-0.43947408828035583)
 (-0.036641548947462105,0.44828781761417402)
 (-0.30434881859330182,0.18246130487269063)
 (0.34128589637253248,-0.64540822430608003)
 (-0.49530839866748799,0.76425240033463115)
 (-0.058361839391537329,0.93891098863991007)
 (0.095445795595965985,-0.0096656184127763591)
 (0.21472454828506279,0.30386310285848894)
 (-1.1912814591598604,0.23205803930019214)
 (-0.78484935145968282,-0.37602779295209121)
 (-0.41507366579072696,1.1511198425244957)
 (-0.18242614478701186,0.45903980745642387)
 (-0.66769060153344861,-0.033373635493103931)
 (-0.24425265606779789,0.098555492962595179)
 (0.86300930671550202,0.089420662675077617)
 (-0.812562070600793,-1.3736508183628175)
 (-0.3432639174817862,1.5092199403746085)
 (1.0312337535957918,0.73866587320585175)
 (-0.95492590820184187,1.1660553636324009)
 (-0.34802458548772419,0.25673159318843208)
 (-0.068440915998784185,-0.35209389630965604)
 (-0.51090294392633739,0.35267054820353483)
 (0.32286214866403867,-0.22525201716103629)
 (0.021658740902562229,-0.35036316268014378)
 (-0.72670030748577408,-1.3479075780874326)
 (1.1807274724846926,0.64222500884020273)
 (0.23164973584537593,-0.27815622856792899)
 (1.1032804250590882,-0.61255040000231786)
 (-0.27079999007439226,0.50522058634900213)
 (-0.22155654727100682,-0.19637670808339858)
 (0.17990524155703147,-0.4288510617242639)
 (0.48841864053788597,-0.96526742102839702)
 (0.95852727628763201,-0.23045741891190835)
 (-0.14390355589696524,1.4725262657905089)
 (0.12847458730996128,0.077862755733558678)
 (0.25240905929843921,-0.22943973848663524)
 (-0.95077828382752594,0.726194182966442)
 (-0.50404298099938549,-0.22341124992035086)
 (0.1209319967954731,-0.18000146816015583)
 (-0.79660179686560983,-0.66624592156913742)
 (-0.21466903236437831,0.24033773195947708)
 (0.60337698957186048,-0.24858693135098922)
