# Created by Octave 8.4.0, Thu Dec 11 09:47:22 2025 IST <gamana@Samsung>
# name: awgn20
# type: complex matrix
# rows: 2048
# columns: 1
 (-0.40998007983854323,0.38400672838205407)
 (1.0543035574716324,-1.0515267142093756)
 (0.97945031197981614,0.99892835008298397)
 (0.34850730663560026,0.99726446498152843)
 (1.1210582797205992,-0.30495467100663198)
 (-0.98202543716784074,0.30154934074136208)
 (0.30551769801733797,1.0232907261412114)
 (0.29412147668886174,0.23426819051598186)
 (-0.22686134700005139,-0.98696334132795571)
 (-0.33234817626650459,0.98153866112298516)
 (-0.3940859256331769,0.27987304526635781)
 (0.95928002155258896,1.0441922423473176)
 (-1.0771672346553658,0.19930069635496186)
 (0.34512049851114518,0.18628038787185477)
 (0.3096751334031913,0.96774931637944717)
 (-0.45086214333592434,0.2362310192620749)
 (0.24271818818999952,0.82004873633027187)
 (0.94578636772957181,-1.0175687116340735)
 (-1.0254146118987666,-0.85337847818522494)
 (-0.40672226542929868,-0.93412604865784188)
 (-0.85039665460274261,-0.33091664168233437)
 (-0.25288821453060245,0.37879962426754671)
 (0.34973771139823873,0.33550357372626921)
 (0.37720274897108252,-0.97486792232046726)
 (-0.17379188543779756,-0.23392552350902412)
 (1.0967958493883494,-0.32492240338438394)
 (-0.4768584855090981,-0.96863317232432167)
 (-0.2997163983238339,-0.9424946373963925)
 (1.0486556543376353,0.30992180199036923)
 (0.98971229207612321,-0.83835318719635832)
 (0.18577036901848834,1.0702183730492136)
 (1.0809570928096057,-0.38242339746071119)
 (0.24733655221305687,-0.34664968664637835)
 (0.33783791158064624,-0.93189111421844817)
 (-1.0748763685354101,0.49047860558430434)
 (-0.91075468389785741,-0.86255381769263584)
 (0.2589792271814742,0.89567392843687255)
 (0.37639269708538603,0.39152716002533922)
 (0.2151051845614626,0.94512706803231938)
 (0.35446190872633043,-0.32350909312627429)
 (0.89344428225109174,1.0083933518857533)
 (0.95089480747113275,-0.92228885591931398)
 (-0.29535544267676916,-0.91576293551183263)
 (1.0113982417659662,-0.99523248225560212)
 (-0.2815199211253796,-0.26881468773866202)
 (-0.29664682667699105,0.19333794770949897)
 (0.86770146095591705,-0.87576120089322806)
 (-0.33560222526366867,0.88948879069058029)
 (1.0653286634080108,-0.92475216654360537)
 (0.44770212531716702,0.25542173731974982)
 (0.92116660218792801,0.99211597608431434)
 (0.24807427300535262,0.27416300667776555)
 (0.95678240901755363,0.36088117604287989)
 (-0.85633372910621253,-0.95076182438730961)
 (0.31997071610272532,-0.87745162169913749)
 (0.95007096098359689,-0.20850389396039404)
 (-0.27530690078404035,0.28659152757725836)
 (-0.99482591330835823,0.91756713431662595)
 (0.050311144902263905,-0.89562090097117675)
 (-0.2453871289329303,0.31104166930576771)
 (-0.42481626425298064,-0.98514244502363857)
 (-0.32183476481939005,0.34615397636405126)
 (-0.93590630623160853,0.98178846225826599)
 (-0.34503769023903563,0.34575408709963162)
 (-0.4712411503060186,1.0426286155150828)
 (0.7449891042658392,0.96727232930804485)
 (0.93139585291326321,-0.36424264684836427)
 (-0.34628161282861225,0.2658044303620245)
 (0.92629742970539675,-0.29032269623107898)
 (-1.0360118494712816,0.38857556045846081)
 (0.27476366132013341,-0.32975740561660766)
 (0.21520967758206266,-0.27116371477699408)
 (0.94117464990264665,0.18496537751171255)
 (-0.93110328108947338,0.84333345889425382)
 (-0.33671567975054684,0.15744789732259276)
 (-0.24278347289079305,-1.0090144028003998)
 (-0.44696469867432442,-0.37187911106041188)
 (-0.38363654144335957,-0.93607403397530264)
 (-0.94505319578977598,1.0649232687492545)
 (0.36200163265316287,0.3118183248000343)
 (0.94979843963462907,-0.98516698275391013)
 (0.27746414857901891,-0.95549695480039409)
 (-1.0006726611512868,0.2854366404987414)
 (0.98844211438441898,0.90848846915459769)
 (0.35771777439874342,0.30807756408948256)
 (-0.88171274040846848,0.93691308470905477)
 (-0.28249961365117043,0.91124221790967297)
 (0.92113226314957786,0.9251186438046598)
 (0.22334566451356697,-0.95061559243922145)
 (-0.19655791672048534,-0.26870610053110083)
 (-0.99583944729899165,-0.98135645346649203)
 (-0.27085656196453761,-1.1329648939724031)
 (-1.0292347230834589,-1.0187978571866827)
 (-0.42714187860734654,0.28532760078383929)
 (-1.0219934854262578,-0.83784116385496687)
 (-0.23816169649578323,0.94309465300441309)
 (-0.3995794839677605,0.98077395869489836)
 (0.41280405733172926,-0.21633185439985395)
 (0.37451085084852709,-0.9764358422531878)
 (0.96366584913421682,-0.2808713756651246)
 (0.42298196608460592,-1.0241497714609615)
 (0.89963374395478879,-0.21211482394756767)
 (0.30014751994878147,-0.30887241938138493)
 (0.31949865063812899,-0.23815989448193192)
 (0.29361843821046246,0.32258965441135723)
 (-0.95409705788301691,-1.0089900787937867)
 (-0.36333836126972929,-0.88472899655510462)
 (0.94524981702614186,0.85819589943436436)
 (-0.21297742629876454,-1.0785152320366072)
 (0.94175799556508732,-0.94572437734270343)
 (-0.94997582886787746,-0.37986377687376138)
 (-0.92737711595891048,-0.81657960242185512)
 (-0.49155349392680103,0.22834584764861982)
 (-1.0127737199265616,0.37026584486982683)
 (0.89840937109424657,-0.89073750060454282)
 (-0.97486277141727751,0.34117386020545076)
 (-0.28278575532212974,-0.86535353917576996)
 (-0.30016011301331047,0.30923351798678284)
 (0.26608955290530456,-0.22122337698412137)
 (-0.37628376842392591,0.97726254715562655)
 (0.28889183987658584,-0.95279773242031096)
 (-0.86137303601588244,0.87164535462552784)
 (-0.99825241081194371,-0.28073136277649041)
 (-0.29870921360438468,0.37031056450611599)
 (0.22429210790406218,0.94156690682197097)
 (0.29748180516986034,-0.94061264861732186)
 (-0.17557444345618162,1.0565935533161532)
 (-1.0892773594390606,0.96865406780515029)
 (-0.2336212059986458,-0.38122556270202018)
 (0.24935621197514579,0.32271508842699459)
 (-0.95316955695832206,0.35429607845193406)
 (0.33306497466206847,-0.98869759013357861)
 (0.89426522917155915,-0.92907614017050122)
 (0.33679379276046906,-0.99022110994896151)
 (-0.94272877350892725,-0.99139047685883763)
 (-1.0730131521693016,0.83351469857573313)
 (-0.15326030063988857,-0.26535840836125935)
 (0.36812105729788486,-0.90778710728251666)
 (0.91662991073482747,0.37063369691368858)
 (0.34510375336038429,0.23879268367447259)
 (0.27326993222106161,-0.2949738587968902)
 (1.0056755518711471,0.27137564512115897)
 (0.88328787250956953,0.25247136237261097)
 (0.31781014697796145,-0.28266461390108999)
 (0.43753433102310191,-1.0420072556197228)
 (-0.35754212414466163,-0.18119034854363469)
 (-0.23962524196056317,-0.25252493078770594)
 (0.26451551518830951,0.2667627883249642)
 (0.97430007419154285,-0.77033481986175478)
 (0.40564810449692484,0.83236614739057768)
 (-0.99921307607026066,-0.94785750727358897)
 (-0.33815302868388741,-0.44651546434114064)
 (0.99843244785026397,0.3506727313611952)
 (0.28718149162446965,0.93075977416986055)
 (0.98659945197433985,-0.82404739542282601)
 (1.0146626837133366,-0.91227405777180148)
 (-0.33949438837673285,1.0292501436832304)
 (-0.97833580839720291,-1.0169994398643845)
 (0.85143254396354739,1.0645108895208923)
 (-0.8788342673309657,0.99819079323932913)
 (-0.90958316892969193,-0.88727985857028657)
 (0.33709555174796868,-0.35044934015855744)
 (1.0219815842679996,-0.3779822633893406)
 (-0.31199379831337065,0.96189602375345951)
 (0.40226599805186075,-0.93297349709151201)
 (0.78923645588487989,-0.98407050233260129)
 (-0.86110511948481561,1.04187352910062)
 (-1.0077960502626568,-0.94992137737160964)
 (-1.0016392495028899,-0.21887153509026069)
 (-0.89082638958720228,-0.25410859533080449)
 (-0.89262660490740564,-0.95723680322570259)
 (0.27060097773977521,-0.31847124009237904)
 (0.25697233687529858,1.0099597076515279)
 (0.23044096194728036,-0.92483526855919651)
 (-0.86709612694661664,0.85191373728270259)
 (-0.93396486236973386,0.33763227792889861)
 (0.375914495710582,0.90321532381512737)
 (-0.36773364171149558,0.20564416723310086)
 (0.29809327004619579,-0.41906445352040472)
 (0.93656250449871936,-0.34192017850391204)
