# Created by Octave 8.4.0, Thu Dec 11 09:47:22 2025 IST <gamana@Samsung>
# name: rayl
# type: complex matrix
# rows: 2048
# columns: 1
 (-0.6648506573455043,-0.28440206866004947)
 (-0.17810083097589469,0.82777318555739865)
 (1.5826551791179897,0.79213291393796192)
 (0.10299618117052653,0.25012202308830633)
 (0.64729422716148388,0.81995128361004821)
 (-0.9932281089084054,0.56489268020578942)
 (0.15244748341499464,-0.76937007281550063)
 (-0.80291271643153306,-1.348769035893655)
 (0.70855698810649093,-0.31556138418884039)
 (0.097666266442251209,-0.14447744159773168)
 (-0.84556847504384081,0.69542672457277777)
 (0.20927194627326876,-0.36930202320498617)
 (0.065683483785232422,0.12346797466008455)
 (0.21972838780188458,1.0252759085032142)
 (-0.0061790413242411857,0.26197987156639002)
 (-0.74203177316110369,1.3392062002613749)
 (0.5892305528027858,0.20556248641112873)
 (-0.97456475568929024,-0.78000334658058423)
 (0.50274733830929186,0.014403883891113356)
 (-0.15663763950827361,0.20852533781205293)
 (0.51936845685616673,-1.0913951626311389)
 (1.1700954229108715,1.010561288969805)
 (-0.42098726719356783,-0.82562497825602355)
 (0.81921637210709686,-0.64248453266602268)
 (-0.57409151952154602,-0.12166104224711097)
 (-1.0835811045405817,1.2844210694044624)
 (0.23999537560934914,0.31275305930767994)
 (0.073128643302847032,-0.081287633463856937)
 (0.28492905908539534,-0.0076265432709677755)
 (-0.079713458704403301,-0.45415974673348014)
 (0.37420757759998752,-0.63417693721693347)
 (0.27268952412875103,0.082885214741074076)
 (0.5925540726592784,-0.25839589439387589)
 (0.72197454349157208,-0.64138105606407714)
 (0.19821132102693953,0.42027635162099963)
 (0.10163687879926192,-0.096648268956366717)
 (0.0032568787332407367,0.56440767356404831)
 (0.46045889322339884,-0.54859125668245379)
 (-1.2613206534484402,-0.05581577779652469)
 (0.25078145650062933,0.11988519229708887)
 (0.19917731083818843,-0.3107200616621002)
 (0.21992720979631858,0.47766650442259079)
 (1.6227210755531782,0.77431130912593105)
 (0.44572462604982743,-1.7245515985468485)
 (-0.8217954569835394,-0.67537545076159533)
 (-0.57425261001906514,0.54292410843038574)
 (-0.0057045397193503655,-0.15082979555212619)
 (-0.45900595868111582,0.25528771263526251)
 (-0.51058355457957827,0.024791919248855515)
 (-0.82675147718702302,0.097969810488906461)
 (0.099653958145724419,-0.81241758498698546)
 (0.3488907274759166,0.49077125465078825)
 (-0.67908196363686102,0.038767624224562564)
 (0.050166876619640921,1.4241519244052285)
 (-0.49121002018143833,0.65911568296728962)
 (-0.21960387770725776,-0.65524194669191482)
 (0.42751691899049954,-0.095145958131925445)
 (0.55937440073899014,-0.24497525762623995)
 (0.0083129715886846867,0.45358551130912106)
 (-0.091981404933887789,0.43619014303886744)
 (1.1454653266143706,-1.8948625200483102)
 (0.26792272415877771,0.41705268017861824)
 (-0.58356397725625353,0.54207279735560499)
 (-0.77404140104410046,0.10437290384994483)
 (0.44202958699025618,-1.0363415920294978)
 (0.044432213908059459,0.34437625336762989)
 (0.76407566905705648,-0.25230501344872142)
 (0.37389243756304824,0.041759064548869906)
 (-0.85587594688645297,-1.444274815242593)
 (0.49316525416738177,1.0964983038828824)
 (-1.7414417996581821,1.0057027380037848)
 (0.25326489349206194,0.48335983499488988)
 (0.20600963103322062,-0.72548327402471635)
 (-1.0253259189036907,-0.25331594305320881)
 (0.065207219055746279,0.17126848939770237)
 (-0.075665323299678872,-0.27467614737879675)
 (-0.11318351660308307,0.12206114566906789)
 (0.70527017256122948,-0.050119598875194876)
 (-0.73786111392553211,-0.088955618598841268)
 (1.4598346259411632,-0.12098652787384645)
 (-0.19797500821605088,-0.32238591027526936)
 (0.90722432314941426,-0.81624722646587389)
 (-0.17180340584396991,-1.918204187674917)
 (0.72273009165580371,-0.27377293318566842)
 (0.33222449271016652,0.094870299140386027)
 (0.49293747585658454,0.76811112811792193)
 (-1.1384894388532505,0.012641240087969075)
 (0.13105107669898924,-1.1076887789933214)
 (-0.85201572082590915,-0.53415798202286346)
 (-1.2191752680406542,0.26263847191176387)
 (1.6690082780234943,-0.13255681070201114)
 (-0.33220356302504511,0.18986890793412964)
 (-0.19202897590402035,-0.30681228624020229)
 (-0.17096045440055596,0.1591057503737581)
 (0.11173412746905681,0.038991497509379226)
 (1.5855184569747118,0.31535094143635167)
 (0.40890791516832009,-0.029925560903367468)
 (-0.84918958365133368,-0.83577509816226003)
 (-0.061918678732675814,-0.86821558494894524)
 (1.2008678274629057,-0.20780769087930745)
 (-0.11650427306537797,-1.0304818241184937)
 (0.010917362140306475,-0.9955716171176171)
 (0.012193148529507813,-1.1618925617886255)
 (-0.26343157711885656,-0.50102904727653219)
 (0.066550826729193144,-0.31354392842591045)
 (0.27896494773237551,-0.13578415768535906)
 (-0.17078406787600928,-0.45564943608027608)
 (0.83164669799179158,-1.094222536244813)
 (-0.69813247408203805,0.37324727034314814)
 (0.29563101073307363,0.36682453290790229)
 (-1.144962445631905,0.49918083307132266)
 (0.35111095596670672,0.080922186492959389)
 (0.34123061916705349,0.47311614633878302)
 (0.42396538865112499,-0.6210724943906949)
 (0.080855300038472966,-0.69798983856837116)
 (-0.23114826938475558,0.32804393355616607)
 (-0.21995507752520072,-0.42897489044181786)
 (-0.93344636640682588,-0.034370819993090135)
 (-0.087410044616175187,-0.77636977078160041)
 (-0.23888452378687586,-0.36266180817420968)
 (1.5330254437851698,1.2126117225529682)
 (0.18499759520740588,0.047129230843325723)
 (2.1170338077062882,-0.36196553642612572)
 (-0.92983657795218977,0.56238091629984566)
 (1.078432003734211,0.049536028141154209)
 (-0.30496420453417278,0.018476925096550273)
 (0.2147643525904972,-0.22372332259664326)
 (0.076430461005985509,-0.44799097541194882)
 (-0.3260189026825181,0.36855156731122396)
 (-0.71223663921420077,-0.060982964983477772)
 (0.12637614757313412,0.46629669236403615)
 (1.1391038011574148,0.57218049631184842)
 (0.11058211798390423,0.10326350266533285)
 (-0.12300790229949884,-0.041415332751906404)
 (-0.63123232418844821,0.30547780668793106)
 (0.044043934634432402,0.30399726262364274)
 (1.0382645331441211,-0.87272582692922629)
 (-0.10234168472485922,0.20653032725843573)
 (0.032440167131923922,-0.27531753762860633)
 (1.9970481532055886,0.54884920156039663)
 (0.77040379055843078,-1.2370174946274064)
 (-0.27973508831103344,-0.43783156356818809)
 (-1.0274425499837192,0.20282630283484787)
 (-0.34622751206579555,-1.2572292490691404)
 (2.2255504634923575,-1.2213150758651969)
 (-0.57572231740314772,-0.14429858133893916)
 (-0.58507758330531834,-0.4650358567534903)
 (1.1867775791520316,-0.85022002083560078)
 (0.29726918812344405,-0.62333861194856566)
 (0.52936494684021762,-0.40447059324269707)
 (0.69174451645991031,0.031632862124058525)
 (-0.27421622511663263,-1.0297935756800602)
 (0.23996286923271773,-0.053473536694292501)
 (1.0144116594199701,-1.905451789984792)
 (-0.096223273815776666,1.7489771181561211)
 (-0.73380018858616214,-0.50117172546742139)
 (1.7056322336410037,-0.62405183967927447)
 (-0.45741158350473254,1.5277969152531141)
 (0.19922191541300555,-0.61208080937668075)
 (-0.68923594654618248,1.3018854474276711)
 (1.1046725591847006,0.084241861802680007)
 (0.16431859703652513,0.21712751678772546)
 (0.65250051220605665,-0.017715279410350226)
 (0.094331371750296822,-0.55206383640651835)
 (0.37365499280611747,-0.25368070110564755)
 (0.28003475770694153,-0.58760524493039157)
 (2.4906325731949162,-1.1533853102783413)
 (1.0727309061535153,-0.48771137697848499)
 (0.015603684720064091,-0.19095720682764755)
 (-0.24235196336316511,-1.1340623248534851)
 (-0.083302692938720169,-0.30551399060752554)
 (0.86590975961687988,-1.4787508875076489)
 (0.10694265683527737,-0.71071790294750248)
 (1.0697405256836259,-0.37917377674609337)
 (-0.035059583299545505,0.70809152924453567)
 (0.4523513055567967,0.049013570388607597)
 (-0.19429075010879732,0.70310811048480715)
 (0.042600500049207346,0.23848446656607758)
 (-0.010180037618636686,-0.22473313151760343)
