# Created by Octave 8.4.0, Thu Dec 11 09:47:21 2025 IST <gamana@Samsung>
# name: rayl
# type: complex matrix
# rows: 2048
# columns: 1
 (-0.013714080517474192,1.1670110649778622)
 (0.18130094863800369,0.0040551847565439766)
 (0.34266554287963868,0.30998848424861714)
 (0.37624201856311401,0.11878284502779185)
 (0.37505256383408914,-0.47511447988124467)
 (-0.46086333469472562,-0.73309029389584268)
 (-0.60306708020902766,1.5704774801404509)
 (0.27047448135334001,-0.0072069364705284467)
 (-0.66652270408964043,-0.052582335113389722)
 (0.68627124261242767,-1.433993650356185)
 (0.47771312391931808,-0.025967581010572088)
 (0.92504382837074717,0.44287780938674609)
 (-1.7087230844458636,-1.1065952173882261)
 (-0.53506489703658144,-0.074658194945409623)
 (-0.41323790679877859,-0.22684854767032323)
 (-0.37565548594788956,0.18759018029986063)
 (0.37867765362267714,0.087825507577243306)
 (0.49294954309855132,-1.0424163516880123)
 (-0.88271757951316698,2.6164562376266627)
 (0.056966176513807365,-0.9553220326990004)
 (-1.4616128552105154,0.98988192866800295)
 (0.3281172194106709,1.1684015760561979)
 (-0.26903048351324144,-0.080095236554908425)
 (0.099392581712429151,-0.1294495014500113)
 (-0.72830946562362464,1.3417937468696062)
 (-1.9517952917895953,0.59082123950978571)
 (0.6002324174178616,0.57968713561308871)
 (-1.2205709438158672,-1.4606440091256574)
 (-0.75381926439841229,0.33619644324189291)
 (0.29377996288470259,-0.95606593396885731)
 (-0.57748367262220035,-0.74031747929557967)
 (-1.0091071726015617,0.80742359368373307)
 (0.33913720421228299,1.8345286284568931)
 (-0.62668189881232994,0.34402922512691503)
 (-1.9668721656073742,0.63072171801414034)
 (0.042223432570715674,-0.50833210162095477)
 (-0.78710237958933482,-0.80497079469962707)
 (0.86471657400892754,-0.99279084036577325)
 (-0.13768103415038041,0.23082199973367953)
 (-0.40321664903133525,-0.58906685591711683)
 (-0.84532782454281419,-0.37957478853394222)
 (-0.14251011421452148,-0.36943355543439177)
 (-0.14220229087044001,1.3931140985840482)
 (-0.011437148334830061,-0.73709843835420119)
 (-0.37017575946864956,0.19871775682545634)
 (0.012763322286479917,1.1150107656842976)
 (-0.19850561436277359,-1.391489071007685)
 (-0.64183147612071145,-0.69602397510739844)
 (0.42846081525657614,-0.59275722119755414)
 (-0.39379158347664717,-0.24485769249877082)
 (-0.87040776986626622,-0.26627490853912517)
 (-1.3633734207559318,-0.44735350615778757)
 (0.86841465464431655,-0.29039260741105893)
 (-0.08985454053150789,-0.25140810002337005)
 (0.059195316233441125,-0.65747020447252269)
 (-0.71086998860545425,0.062693527665776433)
 (-1.284653697408231,-0.54859318987725669)
 (0.49085683897586174,-0.14159403272606938)
 (-0.15309615079186403,-0.49434576804524344)
 (-0.36272738571054908,0.32683124469614577)
 (0.089133442606972313,-0.36740929006753836)
 (0.12020950048279833,-1.1940851723715733)
 (-2.1678123462747405,-0.51761925886906501)
 (0.54420367992534824,-0.95521505069578905)
 (-0.84255798852565866,0.3840703156900831)
 (-0.022349162358022784,-0.32915986972618538)
 (0.72595683031028413,0.03936116446232335)
 (-2.0327930799405447,1.3021513064251682)
 (-0.49444354016650632,1.1823147831043688)
 (0.15460735240935647,0.081980648021350688)
 (0.13575462214934655,-0.11819774036956512)
 (1.8409288059446922,1.0844721805108959)
 (0.76920539703202551,-0.35641113314454687)
 (-0.39762485962699029,-0.48388375548261059)
 (0.35133751168591071,-0.18634327495166131)
 (0.10293501766317716,0.18692172625673736)
 (0.26915510628205652,-0.067679926922863204)
 (-0.51917391954981962,-0.4747918397703545)
 (0.15723225592297863,0.43143745854409143)
 (0.003443037561073975,-0.55940594111777298)
 (0.038379581397793572,-0.71377732056100407)
 (-0.25161523579034906,-0.6018360485301032)
 (0.028953346232725448,0.033016724586927393)
 (0.59463728010511629,-0.4591822859418363)
 (-0.29958028070316622,-0.25962824480733238)
 (0.81017018236621152,1.5831557299739767)
 (-0.11490038383805767,-2.4150251755033656)
 (0.4260072795017138,0.18380253469691621)
 (-0.076639397110554786,-0.86002245911219277)
 (-0.12258238985688583,-0.24166742218143702)
 (1.0118207706458633,0.92443368255529634)
 (-0.084533117088829116,-0.22491885189174632)
 (-0.27445122567603275,2.7338728649578243)
 (0.68258231713150042,-1.1316185460059014)
 (1.04924848981652,1.2796526621345579)
 (0.13780690804954168,-0.79415492015919242)
 (-0.4880238966997093,1.4684326159070453)
 (1.1825847395281917,-0.46120900203731435)
 (-0.39741698393205249,0.08556672645944613)
 (0.1006393872061831,-1.6245067675634213)
 (0.8158861741730985,0.60364705745497083)
 (0.083886243387358311,-0.13029468115920084)
 (-0.41295617653531314,0.098078943927868339)
 (0.6429346799960084,0.16328679551496678)
 (-1.6919320726140357,0.39585355784738463)
 (0.094407207882369781,1.1496486755941713)
 (-0.84941572096809814,0.89922259317783715)
 (-0.024652804208043388,-0.44209052541467819)
 (0.065982575983874497,-0.29942500224732194)
 (-0.42377052166677176,0.75008306314717299)
 (0.73079896797085198,0.36810088046954215)
 (0.9983834065406979,0.42321189608585846)
 (0.36477311724839623,0.092731500545867679)
 (0.50663665218341691,-0.32910090811770487)
 (0.44199692277929203,0.18075288839620288)
 (-0.21810004791443305,-0.27238764194096043)
 (2.4287340171733849,1.0514268744634452)
 (1.2276764499401716,0.015198399042089528)
 (-0.042991034207772866,0.35882448140147072)
 (0.14562523534814531,0.075344301022068919)
 (-0.95306771204895968,0.71985620403793171)
 (1.0804186818035126,0.14206758568661981)
 (0.14107100361834982,0.089948381565279401)
 (0.020617976956372117,0.34548223139534767)
 (0.054870964797144206,-0.3653778913959429)
 (0.51638547838631088,0.89471126067763307)
 (0.021785810955110396,0.2864979860499518)
 (-0.094099162528157976,0.61634000838070635)
 (-0.26398140000502562,-0.56690358057466328)
 (0.94539432517601973,-0.52118289006090124)
 (-0.36934105370126918,1.1513835456061252)
 (-0.16571581324317669,-0.016853983042487128)
 (-0.036901157640576721,0.20854264961470084)
 (-0.74905002337991189,1.0484241342336251)
 (-1.5835409840913983,0.65201274976679213)
 (0.25577146159337755,-0.34331712797333874)
 (0.29104802780616496,-0.301022369947197)
 (-1.2085929045956694,-0.29938870555177288)
 (0.45030705548606231,-0.23378414687750637)
 (0.34193353553288819,-0.64355841231101985)
 (-0.79729693846593985,0.098990205538084963)
 (0.014805000423353601,0.16887208027371337)
 (-0.3848346678136732,-1.5125080825399628)
 (-0.11328775006204547,-0.15952111719381099)
 (-0.77425528041761216,0.032357002883303621)
 (-0.10741703493254505,-0.22553986808187587)
 (-0.049814948553635115,-0.1458628680978642)
 (-0.47716000666289005,0.003803919573920761)
 (0.19447211693535371,0.094463518492905699)
 (0.24877771131915091,1.2852535572630457)
 (-0.067722770080515984,-0.38123158628917364)
 (0.022177976858127835,-2.2944106086978429)
 (1.1661259922704763,-0.81649684725377569)
 (-0.15473833881724841,-0.27354940391390714)
 (-0.27817206459472826,0.088478867602327343)
 (-0.16057711184774132,0.92880940983180049)
 (0.15040817652209712,0.66365863234022171)
 (-0.6297890649867196,1.040166389347291)
 (1.0653760401764247,-1.1190890536760674)
 (0.17793842957414352,2.5399089207986218)
 (0.39202060911877068,-0.76494293279997227)
 (0.30451540800847565,-0.24467298483239674)
 (-0.34407494918979886,-0.41279584638130784)
 (0.66306299987189599,-0.084851109594327331)
 (0.95179955208422462,0.38893981858525767)
 (-0.31823242184471556,-1.218082759224014)
 (-0.26874131694908837,0.5496261377730226)
 (0.71047512623205922,5.64784391515194e-05)
 (-1.1280627415909819,-0.5455289752860828)
 (0.5180050239634425,0.028848919561039854)
 (-0.27806528072347386,0.01769506358991832)
 (0.35552369518968696,-0.83610870628644685)
 (-0.20194806045767666,-0.23449040283105199)
 (0.5302476270168246,-0.48725137098925697)
 (0.77507281625914071,0.65028340843817412)
 (-0.34242347208858143,-0.75750697484131613)
 (1.1816055166200077,-0.33767956376666947)
 (-0.3988441765257309,-0.0011426233034394773)
 (-0.892377302885344,0.54202190866455113)
