# Created by Octave 8.4.0, Thu Dec 11 09:47:21 2025 IST <gamana@Samsung>
# name: awgn20
# type: complex matrix
# rows: 2048
# columns: 1
 (-0.94708794240501493,-0.8392002420596183)
 (0.25088586447204231,0.33443534694602628)
 (-0.33507271236818964,0.42492389093620497)
 (0.35525175429598882,0.29083524110570597)
 (-0.83513648746463276,1.0745173553398959)
 (-1.0231570067637423,-0.35298690828940454)
 (0.97264353180662744,-0.2476015371250552)
 (-0.94713923458360083,-0.91454169213280023)
 (-0.3087313243811704,0.38579888033992304)
 (-0.33357659158791819,0.35284725476898376)
 (-0.93167929927012372,0.90639370667204977)
 (0.30656848581732848,-0.36795031286827018)
 (-1.0066234881874714,0.36818413000396566)
 (1.019784036790859,0.98014443639520599)
 (1.001845320522063,-0.30760884498339353)
 (0.30003282954461485,-0.87670455214425524)
 (0.33719509459863212,-1.0593909706191944)
 (0.85910736234183516,0.8620681658885081)
 (0.84065661329624719,-0.33531308681086236)
 (0.97868295758265478,0.1838034505320478)
 (0.95719695692410645,0.95272895372518207)
 (0.3483110662202667,-0.19870415115739548)
 (-0.22920027042887373,-0.95442148474053734)
 (0.31915521232305949,-0.26131157842704927)
 (0.45961204270363087,0.2630774317318626)
 (0.91678039455822236,0.28824583777817092)
 (0.98161882750805207,-0.35318597801925006)
 (-0.89596226710752114,0.82824022821264598)
 (0.26168517495547439,1.010207603357421)
 (1.0203371458675885,0.89273943350371843)
 (0.21712327267690237,-0.39195865309331857)
 (0.39976710573191732,0.33969174735511992)
 (0.36703026636815089,0.38990402513815431)
 (-0.97324939718252079,-0.3136977539692421)
 (-0.32112325676799014,-0.93476162954059638)
 (-0.95278162065449368,0.90872917607075854)
 (-0.91098627925576481,-0.36416964911719152)
 (-0.95761251561129268,-0.32925049479628965)
 (-0.22719949876836787,0.45035896632157091)
 (-0.25641980445604468,0.26869118461236102)
 (0.91936061282645232,-0.93628567688999031)
 (0.20276199755495378,1.0137614912505977)
 (-0.85973715845613574,-0.25333274624377244)
 (0.13751388701208422,-0.92618203992785308)
 (-0.4100282817654497,0.35192291844162293)
 (-0.87460882276739216,0.93154629270206202)
 (0.39835953727372347,-0.90801447097220767)
 (1.0912092048198996,-0.93888649402114432)
 (0.37563491897830642,0.30543461769503383)
 (-1.0482699005150322,0.92761191441396462)
 (-0.20710207148488691,-0.18510926423286053)
 (0.82074782447671923,0.17156037736788185)
 (0.97965838031886709,0.28186795525840741)
 (0.36308679821694601,0.22665549203189389)
 (0.3593929247294429,0.88179286339712892)
 (0.28850566703936092,0.91671095099294952)
 (0.28948044335187056,-0.39125240652697529)
 (0.3796162227683833,0.27791458476206243)
 (-0.96506419997248771,0.88661922613050925)
 (1.0541424511701061,-0.28413498816512028)
 (0.33246185300883668,-0.28048288385675368)
 (0.39333987108991042,0.28210364361457785)
 (0.13173076897993014,-0.35697333845801438)
 (0.31704674128441368,-0.24508429777924229)
 (0.121751057115284,0.24015519166951549)
 (-0.26252847238004634,-0.30543244683072951)
 (-0.36357271710218797,0.92388127031227163)
 (-1.0072171867059558,0.28596592442494773)
 (-0.95037551006375998,-0.91814325309679556)
 (1.0547694199375681,0.23513199267291995)
 (-0.29049679494305303,0.25384789706261901)
 (-0.91163653902265507,0.9751339515297891)
 (-0.21749587892599481,0.96072491818716399)
 (0.79570284611872188,0.18965353226123866)
 (-0.29431087817186424,-0.28328840484196416)
 (0.91276394381158044,-0.97224873016325553)
 (1.0131219025349563,-1.0493086527292306)
 (-0.24451552948714067,1.0504648741832356)
 (-0.89805540368135617,0.9408770431624861)
 (0.36050620570078901,0.26095071487143612)
 (-0.90049393317965609,-0.9039522814386407)
 (0.24192488203310875,-0.96958123813240915)
 (-0.32099256267215848,0.87366986157714777)
 (-0.84657913048098221,-0.94806007553761795)
 (-0.29965313634705038,-0.29120253161220233)
 (-0.9337010371297515,-0.20738401753882835)
 (0.34318514523304872,0.31547728371006994)
 (0.94099895251295551,0.83716967763963646)
 (-0.92286913436291151,0.22608676361514179)
 (-0.96462899688064951,0.91132452163111011)
 (0.1861047086100526,-0.40573550241988987)
 (-0.96598420741629076,0.88266092292959253)
 (-0.89813970976743751,-0.93910455300742468)
 (0.94013010924376816,-0.85902774678273275)
 (0.21852524233159032,-0.31954119599024267)
 (0.34306597138027328,-0.94386510738280149)
 (0.9026820582027647,-0.27031444890321732)
 (0.35016444353839798,0.89236376001334394)
 (0.24423136646239027,-0.28260310424480278)
 (0.90621946371621742,0.33061428488616273)
 (0.95993761652986587,-0.2588200202165411)
 (-0.36665528033594946,0.88882603708845576)
 (-0.92035838849357443,0.85425085537365963)
 (0.24749401828515616,0.31702299077658735)
 (-0.88132095682625322,-0.30889441613093438)
 (0.94169710525488559,-0.94689502917331547)
 (-1.0204182906092438,-0.78793243688756587)
 (0.27671895160912574,0.33476052665322414)
 (0.25051524699207772,0.96010127696563718)
 (0.3585610814419295,0.36050156119186105)
 (0.90226944589497393,-0.96487704234812199)
 (0.34488307099600779,0.82232213609443217)
 (0.95670154384374062,-0.87554607315918853)
 (0.28749709007321922,0.9274364551451344)
 (0.32581285991858377,0.26443330748013011)
 (-0.23066572928614384,0.34241954447980166)
 (-0.28604255065369971,-0.90602579403068662)
 (-0.9435632857739561,-0.81826727036556868)
 (-1.0180068965188545,-0.95130353609657492)
 (-0.30956986801168557,0.41681421421727455)
 (0.35108378731458117,-0.25357582872225981)
 (0.87685607082224004,-0.41081482271342695)
 (0.91630091033807892,-0.90271948399983215)
 (0.7934446095614156,1.0802800758094686)
 (1.0697393424992985,-0.91658056726681991)
 (-0.41128043276043835,-0.31449064238336133)
 (-0.34928103688132967,0.31350483759892245)
 (-0.93648916779772218,-0.26947196583408328)
 (0.88281431419462708,0.2582038161917572)
 (-0.83842475547803685,-0.281202275049937)
 (-0.37255729951434435,0.96713797733680373)
 (-0.2454597972736059,-1.0050792120598713)
 (0.8957668331759302,0.37918345290136107)
 (0.95116111529374803,0.86155966058404332)
 (0.36999510171656064,1.0136345801657702)
 (-0.81181839782984333,-0.18965550630870193)
 (-0.35536006108935658,0.88436791184541852)
 (-0.96972980188379998,0.27334535327507409)
 (-1.0429867373767028,-1.0073221899251437)
 (0.96379793349314091,-1.0666457401652329)
 (-0.28120575033493239,1.0069921953608716)
 (-0.93597938382832124,0.30416987763066389)
 (-0.33778829035358804,-0.24855315234248965)
 (0.94118695734147362,0.19521020787955226)
 (1.0093564288404515,-0.99983539355446949)
 (0.95296967596779947,-0.88513221449696189)
 (0.87351872633117056,-0.34784308942690206)
 (-0.43022755243288913,-0.34688927489413612)
 (0.30390733617957405,0.36807339442719661)
 (0.42871980263228421,0.98521596280702661)
 (0.94139361893362239,1.0072671503999722)
 (-0.32211186314715878,1.0643644205785225)
 (-0.89130369072985416,0.24429443714826593)
 (-0.93447691075847272,0.22998010286954387)
 (0.88510347127919731,-0.97012355080449963)
 (0.96487244999749966,0.89189945229744483)
 (-0.41199394039738824,0.85590547616010593)
 (-0.98239083468196964,-0.25132137556780493)
 (0.85394360339855302,-0.93763842079057313)
 (-0.38622955057843278,0.87997575182725485)
 (-1.0558066796380094,0.93390339748226159)
 (-0.37420159479030396,0.88397844615726717)
 (0.9369323537215748,-0.21320159117021054)
 (0.8267414104919707,0.95679524113756098)
 (0.3021539226000064,-0.23910341233540178)
 (0.88287079173583849,0.97355493812199523)
 (0.41786677722142351,-0.9584499609027276)
 (0.39168321552966706,0.23759886885834744)
 (1.0117049787330441,0.30061971481752475)
 (1.0460577809901377,-0.96011804085115293)
 (-1.0254222808507074,-0.26541673065017846)
 (-0.95949160806540001,0.89099429813080322)
 (1.0039650581833028,-0.97514126612607832)
 (0.95414268643786015,0.31859685536251192)
 (0.34559868296339608,-0.95312958191349539)
 (-1.0266891978301591,-0.39598406167272943)
 (0.93526510327306811,0.36678527532506217)
 (-0.33826080658872465,0.81374674822433868)
 (-1.0811964146009425,-0.92072458909657007)
 (-0.33315805974866086,-0.88389775753666311)
