# Created by Octave 8.4.0, Thu Dec 11 09:47:22 2025 IST <gamana@Samsung>
# name: rayl
# type: complex matrix
# rows: 2048
# columns: 1
 (-0.014546510557296638,0.44385936625601563)
 (-1.1722443834502427,-0.46772732783773852)
 (0.015248781381534626,0.14971456621871526)
 (1.4438620272545721,0.65708054475732514)
 (0.36827554421890163,-1.0755969341845286)
 (-0.065220458767251258,-0.10419832207618708)
 (-1.4912226066424832,0.14628806082294377)
 (-2.025053445950141,-1.6226429157438091)
 (0.52373450931411003,1.544169756235396)
 (-0.6097303333175943,-0.21919827948574322)
 (-1.7111618384170884,-1.1286393454482084)
 (-0.4377771242275833,-0.15259651971989049)
 (-0.14404350276138983,0.57157959606330411)
 (-0.12996830927858072,1.2962676761652947)
 (-0.12775347185977423,-0.14651994509965827)
 (-0.1381661876772789,-0.71667416804659201)
 (0.026413932450732647,2.368602228023339)
 (-0.33398681096640359,-0.79637206934250093)
 (-0.0073181229499925116,-0.280579861370093)
 (-0.34519636381811075,0.16790073899574592)
 (1.0850427358402066,-0.9059632995610154)
 (0.22722562903660454,-0.33273061703441792)
 (0.1252028388020564,0.24415053219548916)
 (-0.57981175230030813,-0.24296317039038423)
 (0.68152524765989808,0.51098042638458718)
 (-0.12562929679498452,0.14234356369980627)
 (0.19154629016150906,-0.62331497273356384)
 (-0.41414057604487464,-0.87672904491943449)
 (-0.27024739601081593,-0.036793670005762752)
 (0.064991551858939567,1.0875825257432812)
 (-0.43355885894605622,-0.10038180070958186)
 (0.3014009278288341,0.11372917017626605)
 (-0.13879104529834066,0.58575259016807413)
 (-0.036866295617802955,-0.010730544354199682)
 (0.23880944189500611,-0.6397574450088056)
 (0.54954647791075728,0.67367522275977088)
 (0.31890620758296029,0.8400466193174585)
 (0.039528181125536965,-0.55426112064429511)
 (-0.52710613124946981,-0.21247049807179824)
 (-0.26830687390831376,-0.49848034666233099)
 (0.22627748130597364,-0.26486785096493282)
 (-0.90027662048220525,-0.088642319032077532)
 (-0.10363276966964896,-1.4670725239499234)
 (1.0719540663977163,0.86112765841186101)
 (-0.79231748116168055,-0.32092155048569487)
 (0.58861063803893821,1.0097532909915337)
 (-0.6963362514640975,0.15436512817555065)
 (-0.25280993751051489,-0.65205084690054527)
 (-0.22299210822142734,0.90342330661966919)
 (0.045744279638311125,1.5586082115796711)
 (-1.2837642584295934,0.95541216383912353)
 (0.14459624437211596,-0.23770840313068534)
 (-0.28513664873320438,0.41680972998403604)
 (0.21800360454641393,1.186070837602379)
 (0.24403612654335619,-0.21637921573578353)
 (0.18518006288229905,-0.29744104060078436)
 (0.31174471943233434,-0.1343861842980425)
 (0.50914512911785015,0.99723581340059875)
 (0.59405549719609563,0.36309606667567357)
 (-0.13484496151464376,0.023707639586011596)
 (-0.23246016331593855,-0.72768014902036571)
 (-1.5472794776172611,-0.30415279613899793)
 (-0.64402727059036313,-0.67071042745749132)
 (-0.30888932493294891,0.14720984038264842)
 (-0.35097804573902019,-0.19882550910900471)
 (0.14767987206147073,0.52950811338832227)
 (-1.1242101833939888,0.31766828285972964)
 (1.1507105188861737,-1.4828798439227788)
 (-0.069435400292825356,-0.92018174387907736)
 (0.05623046526546685,0.20528177092220032)
 (-0.68241318424207975,-0.40300273409298548)
 (-0.016955930048921319,-0.22073793591309784)
 (0.10652094173332993,-0.53281666324917265)
 (0.22004258077417088,0.58877582602358502)
 (1.119470514603512,1.6567262766579449)
 (-0.99959781167361239,-0.59405411319217971)
 (0.11298520986885141,1.3766612495288775)
 (-0.98492471769054935,-0.0051054571921778091)
 (-0.40492355704099819,-0.72137439932159886)
 (0.50047971053696583,0.0065492814475522354)
 (-0.56435852017709631,-0.76486911962525195)
 (1.5617990015598515,0.52277297993072691)
 (0.53421771137100305,0.14992670593437243)
 (0.61528004813100168,-0.027132885608109836)
 (-0.72964878196231642,-0.78214294083853542)
 (-1.007922684667494,-0.39281986717241429)
 (0.07689689790220576,0.13331659580369731)
 (-0.34365622359621617,-1.0940419957135439)
 (1.8642163137710599,1.0834405404076581)
 (-0.097676114566784406,0.006119154325709579)
 (-0.092180457187674758,-1.0192887577598717)
 (0.29903909694447833,-0.6366695419944407)
 (1.425170353804613,0.39426225307190405)
 (0.023710847969638738,-1.0891826490282179)
 (-0.063144290949367382,-0.28963499087190731)
 (-0.58791898200278803,-0.24091557579778539)
 (0.51511888519878901,-0.78919983777958602)
 (0.052956017237445724,0.3045583534023899)
 (-1.0688443716576157,-0.75980021730778269)
 (0.11558436992348525,0.11924448234072552)
 (0.39193389886874908,0.24526575207293799)
 (0.65910119167703396,0.019391864649375534)
 (-0.20767749168080585,-0.33881777796836976)
 (0.3558313572973828,0.11570682091616459)
 (-0.012092216446624567,0.13151340507719839)
 (-1.0312613175406766,0.19344167471685336)
 (-0.69260982194919996,-0.51647165436809961)
 (0.25311893546598885,0.19779332991010798)
 (0.87581982165289329,0.32845434655305872)
 (-0.016338249379871439,0.17158054304865369)
 (-0.20169132685785557,0.2706917683566335)
 (-2.5924313305903359,0.24826870359320696)
 (-0.70075989441840447,1.3457654130519259)
 (1.618290755615178,0.45636696740726862)
 (-0.90242484485479868,-0.19219141464974757)
 (1.2139051669229701,0.69051534037108442)
 (0.30184638409413156,0.46879976314497118)
 (0.28939336344720978,0.12488675068409757)
 (0.24747822873757722,0.61722681557309877)
 (-1.0429463866980646,-0.24529913341405579)
 (1.8253960750767539,0.8277753008121731)
 (-0.5955799556386504,-1.2267189353773729)
 (-0.1480954814101102,0.41002474698461111)
 (0.47025305487422958,-0.51238138485183349)
 (1.4028959902529334,0.17390138257311583)
 (-0.25442967796866656,-0.71946517672669341)
 (-0.0059388636518691584,0.23531437562075858)
 (0.23686684346609624,-0.24432226885418259)
 (-0.56950850926820373,-1.0756835261252005)
 (0.41784217769202009,-0.12273488161366718)
 (0.64634245146218461,-0.0068008484836444005)
 (1.0299154035964704,-1.8486084492538326)
 (1.0425675180342586,0.22014077140175581)
 (0.36860438470975898,-0.75197280210473627)
 (-1.9277028171307118,-0.13610012857134612)
 (0.17097518844561949,-0.40753777655526974)
 (0.14933465825354586,1.3867065285173483)
 (-0.63096001204255459,-1.8870913100249611)
 (-0.46395139146407943,0.47135210034533492)
 (-0.36927786163894127,-1.0894523782814514)
 (-0.21006677880839986,0.058450090472136271)
 (0.24119660982923158,-0.63010563124843544)
 (0.82373410809367076,0.54017445384797602)
 (1.8062186106550759,0.73755130219198883)
 (0.88072230108069482,0.18406764757314065)
 (-0.30015177847313645,0.37639116314437993)
 (1.4459447201403974,-0.72896661860316037)
 (0.69213209159484879,-0.68429131280293443)
 (0.37702784222425945,0.31087071168396696)
 (1.5595267393641148,1.3306239909223554)
 (0.63514332130443285,-1.6981075366782321)
 (-0.15181521814460031,-0.75680931115030126)
 (-0.044262957664449612,0.2260501488426182)
 (-0.061213056656830703,-0.28701686809723759)
 (0.51069846684225118,-0.5276003334491759)
 (0.63840529809675328,0.89153324775801357)
 (1.2297975396815397,0.82398933349517833)
 (-0.32172119925929871,0.30262859232989664)
 (-0.048529598571543875,0.80921941145122722)
 (-0.73826203282489211,-0.50471652293373115)
 (-0.2559051385147465,0.013612584409833456)
 (-0.32187904975609372,0.023729240821058512)
 (-0.95599538266670636,-0.21441142365211591)
 (0.38151156654190943,0.48900013380959412)
 (0.17900696979086753,0.2995332398544287)
 (-0.147034712233126,-0.11710266489400191)
 (1.0210550798819384,-1.1504845758475839)
 (0.23154589035166342,-0.11906015819974544)
 (-1.043273167251249,0.60617387692904001)
 (-0.15013747219601328,-0.24945978939493654)
 (-0.55432060519916082,0.21698217905043818)
 (-0.92008471695666016,-0.48333334898387714)
 (0.14922417703480856,0.30298137954583404)
 (0.052144240203462075,-0.11192615009611689)
 (0.046581065082928419,-0.47604884926182983)
 (-0.22605315838608767,0.88056184922635183)
 (-0.32565152091667865,0.18613387494029193)
 (-0.087502974941203182,-0.50814686586535418)
 (-0.38878736684382781,0.25259142100429705)
