# Created by Octave 8.4.0, Thu Dec 11 09:47:22 2025 IST <gamana@Samsung>
# name: awgn20
# type: complex matrix
# rows: 2048
# columns: 1
 (0.20717767127491873,-0.93839710631480888)
 (-0.27674700673067359,0.36771622049931074)
 (0.48004929931592322,-0.93863438240233066)
 (-0.92975336533366715,-0.86978046493930894)
 (0.33129036681801188,-0.15629866597585423)
 (-0.89082277631995854,-0.95394648348512778)
 (-0.88471045155502892,-1.0225764375492628)
 (-0.28717914134225792,-0.28218562595444013)
 (-0.94454961289632577,0.47768498733887182)
 (0.38249152905431671,-0.24461797041230296)
 (0.87373935018061921,0.92026764920930837)
 (0.99369890876480382,0.94662171069124323)
 (-0.85973937809312417,0.37971325830360703)
 (0.35977336171325047,-1.0844656864645101)
 (-0.97274790647888332,0.79154717280127818)
 (-0.45474770439219636,-0.84833206948908368)
 (-0.92056852525280886,0.88789823698887271)
 (-0.33940926062987986,0.30302227193220205)
 (0.93800079375292278,-0.39255528223356279)
 (0.9937035536701162,0.29683323574906306)
 (-0.90278584579705101,0.93344438569622856)
 (-0.26345588701367673,-1.0119310959842025)
 (0.27543826378137898,1.0002326954580369)
 (-1.0065572153897975,-0.98673583190388481)
 (0.9487205975143741,-0.99401214538897387)
 (-0.90362286303836581,-0.90713946330736217)
 (-0.37069587784757141,-0.32750233281971097)
 (-0.34936509369822744,-0.87480189996299185)
 (-0.21728327349510862,1.0963727430254413)
 (-0.27338470202870002,0.93689951013713224)
 (0.33995944376899523,-0.99517877978171843)
 (-0.27341329826354566,0.44492370528584779)
 (-0.93898418659852079,-0.80102062524051543)
 (0.21027791158184789,-0.41708675027990422)
 (0.85166172115157246,-0.85788426037615051)
 (0.97880066820415768,0.94205257201449255)
 (0.2655009508105371,-0.37801422205526802)
 (0.41947386141943377,1.0130630834877721)
 (0.39137515390323946,-0.28066182865564043)
 (0.31597914148019324,-0.32555169076732543)
 (-1.03006010713306,-1.0375782389649817)
 (-0.88334087903975822,0.28375021685834156)
 (-0.2852281264607478,-0.96054271112595568)
 (0.34088330389500304,0.27681745466735164)
 (-0.21261805874243839,-0.39332354308329837)
 (0.31043494957963041,0.28503476043986958)
 (0.34282378316366957,-0.32149357806314838)
 (-0.93601745264901948,0.84368452189591681)
 (-0.95771525581652817,0.29923353570870254)
 (-0.87517395132303466,-0.35316348150561611)
 (0.35528018488474167,0.8928785385412813)
 (0.972742787536097,0.89363725213044387)
 (0.34035781049448266,-0.96582897843362936)
 (-0.92148261375306917,-0.36405079231848797)
 (0.23445887220901451,1.0752712048196789)
 (-0.88551399526541341,0.95125792851057678)
 (0.85609587402072607,-0.37045100957101151)
 (-0.94334810747745101,-1.0539765850003477)
 (-0.24163987918347812,0.90545429153796431)
 (0.20560494378949004,0.98557827262837461)
 (-0.9731130188780438,0.24886614653868125)
 (-0.95817210501735206,-0.41419514039376876)
 (0.96516875605135988,0.29489401271983973)
 (0.26381001909183471,-0.28948407038292406)
 (0.88947502263663436,-1.0168237562736993)
 (-0.34267069770944703,1.0848823180365337)
 (1.1500234014618109,0.99695868082798977)
 (0.26736435056668378,0.39150215069560368)
 (0.23331809127812189,0.88626173948157416)
 (0.81842081960317481,0.93771236308156458)
 (-0.95113877344647568,-0.89450010620965603)
 (0.9284607407437232,-0.41995216586526252)
 (0.26775838830358922,-0.9365198724156053)
 (-1.0288803651439369,0.38579627148588974)
 (0.87566695073757772,-0.23589766576091908)
 (-0.90777959281022436,0.90409461086349197)
 (0.83037649236943689,1.0766495879523379)
 (-0.30679907177496935,0.92584430095051995)
 (-0.23401271243622696,-0.87556212953207924)
 (0.31990681639732688,-0.37465596834808762)
 (-0.23806119135113865,0.95519593319662022)
 (-0.90021075942882356,0.30516044095765715)
 (-0.35966391309665113,-0.16698232140519995)
 (0.21701348460774422,0.82842782845298268)
 (0.26222828377352558,0.87740094128100987)
 (-0.90401590647132835,0.87457634649120686)
 (-0.22875213820021875,0.28063090847334632)
 (0.40277619552517119,-0.83462377948411548)
 (-0.88389454841784243,0.44821254252859744)
 (0.92393541962732684,-0.35815900455300026)
 (0.96775474656020399,-0.18742301214993837)
 (-0.93207778915464157,0.95932319796405674)
 (0.86520990234977868,-0.28192230793454842)
 (-0.38796779063139164,-0.30062527297005631)
 (0.28955542521539496,-0.2527649895898616)
 (-0.22336859881493099,-0.96897799466152135)
 (-0.31687741066627573,-0.33132386256534174)
 (-0.27086171179504159,-0.82828753977952452)
 (0.32413518427939514,-0.88630539728130975)
 (-0.31541417069777816,-0.27614702814837849)
 (0.38077979628638331,0.91482134582356578)
 (0.24280770365773408,-0.32352175627531915)
 (0.96806987347370543,-0.90379535284471801)
 (-0.96372869549869267,-0.39203157503463332)
 (0.89218482078790728,-0.37795841877399461)
 (-1.0267614396675693,0.95536485555791917)
 (0.42156582079963378,0.36740475789495686)
 (0.99329123546787879,1.0323747386376125)
 (-1.0293939110652519,-0.30794258287423326)
 (-0.30334361192570219,-0.3586035143020096)
 (-0.36141533648021751,0.40720565427360988)
 (0.18827100270747163,-0.41484479671933583)
 (0.86965676261502756,-0.83432451813227893)
 (0.32459337598355364,-0.83794613705931131)
 (-0.99556289374410845,-0.40954375487820527)
 (1.0019152490443299,0.92418015968366474)
 (-1.0094492281344154,-1.0026482164797184)
 (-1.0180157223202633,0.30688334711469389)
 (-0.87556104972303705,0.97013648001241437)
 (0.9577093169728339,-1.0976597205761021)
 (-0.25280640981594571,-1.0509597904230925)
 (0.22716516273756482,0.92683960235252372)
 (-0.90620158525864636,-0.86825217832337254)
 (-0.81322250965814669,-0.95147906720247299)
 (-0.28084659688354618,-0.92352247559821832)
 (-0.2310726271496375,-0.29075430984623202)
 (-0.31742864518234787,0.28975831897513588)
 (-0.26818487321646456,-0.37520478339282148)
 (-0.34252707029482271,-0.94556038859512126)
 (-1.0345665799847588,-0.99189814301394963)
 (-0.23515390852749624,0.065501879592346102)
 (0.36037848933836292,-0.26204470844645933)
 (-0.99686263600227376,-0.85782483184009206)
 (-0.97720266667219025,0.90765960459460859)
 (0.20490553687976046,0.32570133758871345)
 (-0.35732066027513265,1.0439103402047307)
 (-0.93849453707676844,0.34928744678537033)
 (0.34840555267564843,0.89916017870106357)
 (-0.26634334299054085,0.32650458024906726)
 (-0.38379906785596912,1.0614131989584377)
 (-0.28184546150501461,1.0178661883762286)
 (0.86239326185350595,1.0184857396549019)
 (-0.23565134417613931,-0.36380297589653765)
 (-0.99574537947052255,1.0051140312391473)
 (-1.0005520950375879,-0.88733146238593508)
 (-0.24953327058747682,0.32553126764747542)
 (-0.365186523285843,0.87436511893639257)
 (0.99944127647783199,0.34447837851280072)
 (-1.0176154695546502,0.94976464866540189)
 (0.92059964413950279,-0.81383960269894318)
 (0.89241817222077624,-0.29073828623984388)
 (-0.95679516325750857,-0.29192578116285861)
 (0.3522766536954039,-0.40157636657606799)
 (-0.25460485325200977,-0.43109882892564511)
 (-0.31342260162094415,0.26401755504922975)
 (-0.3548596361980324,0.39183505976413474)
 (-0.25250873650173855,0.98068148626178742)
 (0.3484624927063682,-0.93120463054859937)
 (0.42468020160684278,-0.99179736884871494)
 (0.42219669245045693,-0.27437485896869762)
 (-0.33461825738977058,-0.34840752992236362)
 (-0.88584429139951015,-1.0117040162250235)
 (0.23924934745268164,-0.36881845978120781)
 (0.92305671626968611,1.0022243402789335)
 (1.0713832036321802,0.95332635828456758)
 (0.32627182899488888,0.33393080511682943)
 (-0.30380469017524875,-0.47421604209472917)
 (0.8100884634363128,-0.31704312119567635)
 (-0.92182716192231706,0.35247925983707179)
 (-0.31591638785458354,-0.36360567798323395)
 (0.41132927717122408,-0.24782701850469141)
 (-0.30977341744024928,-0.81450282340478486)
 (-0.83723646883452896,-0.91138477653520278)
 (-0.89631975104433503,-0.83241414715238982)
 (0.83631481474878322,0.9302946608897511)
 (-0.97546885296616204,-0.3359746171972432)
 (0.44468926772808809,-0.15858865032307337)
 (0.82173473808941444,0.42983604357723065)
 (0.21777456869635625,-0.93382504752006179)
