# Created by Octave 8.4.0, Thu Dec 11 09:47:22 2025 IST <gamana@Samsung>
# name: rayl
# type: complex matrix
# rows: 2048
# columns: 1
 (0.038070644405111487,-0.64570206041807454)
 (-0.57140616708349423,0.91505612012714688)
 (-0.38874393258382178,-0.12171766551675772)
 (-0.65321542384420606,0.27327870786580555)
 (0.23285802940266917,0.25467858631922546)
 (0.11548403976943128,0.73257739756228868)
 (0.11961100379513381,0.13053321825641889)
 (-0.0013797609366694927,0.083876480527320246)
 (0.16083657384468475,-0.15385190311430369)
 (-0.17057223050497111,-0.39446949787570978)
 (-0.10098119505427286,-1.074712330641459)
 (-1.7857237800620867,-0.42879177160429616)
 (-0.22178630221187673,0.4159353788967966)
 (0.35402204797498504,-0.41739062006859468)
 (0.10427966428746696,0.52323305669153974)
 (-0.039551546109237806,-0.73810810149963746)
 (-0.065491759743897274,0.21128293841649409)
 (0.93590773560646179,0.2101599473352545)
 (-0.25498823448583025,-0.34858609650092681)
 (-2.6644485412098362,-0.7199230010500669)
 (0.64292595191991087,0.42708617719137276)
 (-0.62986067882554919,-1.781710031660255)
 (-0.3094245062684674,-0.0030610251352436446)
 (0.15941895745918366,0.022181598177142145)
 (0.88838633491467034,-0.59308389756095758)
 (-0.97317126074018423,-1.2129484657825806)
 (-0.77190630175289687,0.42145853453404625)
 (-0.7340060521398718,0.64246413043313799)
 (0.27268148829563543,-0.26089882075461635)
 (-0.0076108506350479055,0.87030153122084664)
 (0.48464239674782633,1.4339670929560517)
 (0.62420375693176011,1.5454910774010615)
 (-1.8273319796192142,-0.52910003100979885)
 (0.67829572115728687,0.27693484358552611)
 (0.21916778708620657,-0.65971028718511826)
 (0.3166588783708284,-0.3611713180582814)
 (-1.3824050442688283,0.28784861616008095)
 (-0.26216083837029758,0.28926022781521465)
 (0.93311194203962622,-0.28477573508168008)
 (-0.23132517879309805,-0.10005855210469973)
 (0.19103728059492156,-0.25949124916326827)
 (0.33593938662008976,0.4698661511802556)
 (0.21947049187100487,-0.98971603832409705)
 (-0.077943664614491939,0.091817604704101566)
 (-1.7009594192546902,0.15001189439722651)
 (-0.17781524955468525,0.19653748313952249)
 (0.039087624071158955,-0.86703115546323994)
 (-1.142479320216756,0.70767129897862524)
 (-0.76353443995720094,0.052680061165402525)
 (-0.046719928348621043,-0.30835604358898239)
 (0.15817390018840624,-0.11863593307331607)
 (0.037399620641304421,0.1646486116683567)
 (0.45779753692505137,0.22125438651851675)
 (-1.0912337491028086,-0.11846918748843555)
 (0.5467317216624743,0.82673519960851161)
 (0.07114036824504967,0.11677910725474674)
 (0.051622092345596018,-0.12951637331325452)
 (1.1985793789928998,0.67753025385793963)
 (0.56325190126842783,0.4364990576462231)
 (0.31432996471580055,1.3764127579315431)
 (0.11506917165789658,0.088640770142441802)
 (0.53378586362006053,-0.58799706230674453)
 (0.38686123530295408,1.2925062341502815)
 (0.40178989162248957,-0.025188961889610062)
 (-0.18583839454969386,-0.27565333892072469)
 (0.77578130996596406,-0.4891597995078264)
 (0.8716911915335922,0.44437731151799176)
 (-0.042660126114675262,0.38116748277356749)
 (-0.40839190092422489,-0.44240896301793814)
 (-0.68448980098113488,-0.025529260054724834)
 (-0.16218297277519866,-0.018264055648136095)
 (-0.26568339301629473,0.47766950098197147)
 (-0.28647326960489577,1.2650667300493204)
 (-0.98354840724552872,0.36778181923586645)
 (-2.1854933445752134,0.90376737844938115)
 (-0.66645684661228355,0.16552995510885748)
 (-0.50810815059645376,-0.28632724907178042)
 (0.090758610283103947,-0.53453627724013186)
 (0.064548431704994552,-0.0074862488442638021)
 (0.21059415991679517,0.38768930011791269)
 (1.7290211472894996,-0.67626377905333834)
 (-1.416853656010294,0.9646853648494299)
 (-0.11208600857829099,0.64670706714122916)
 (0.67913790277161912,0.83194136247334927)
 (-0.39223277967977999,-0.20406466344542537)
 (0.66665233676799973,-0.47032150468957706)
 (0.4692648868487786,0.40129660345342449)
 (-0.24919039659111622,-0.37369493043519098)
 (-0.28047590942387135,0.04670656361875937)
 (1.1292688798933459,0.14413932939129662)
 (-0.38138315813792367,-0.45636636168340577)
 (0.08230268350080247,-0.68587277898459009)
 (0.64825251727059996,-0.092042535723659974)
 (0.80247397503125795,-0.030973477997288557)
 (-0.94964972117652469,0.50120293183123299)
 (1.9504090814328765,-0.76815542529284986)
 (0.13736434922567697,0.11815469635837583)
 (0.21496361139451281,2.2592339431604662)
 (0.13055095860172927,0.093386091388880155)
 (0.24318395682362037,0.37110052224043732)
 (-0.48710750978937506,-0.16901650734188273)
 (-0.02012545212219323,-0.1739987612345778)
 (-0.099777545885087138,-1.2820313862047725)
 (0.13654222867685162,0.12347679340702256)
 (0.77533998450863684,0.4939735348331149)
 (-0.5389459647070528,1.0379313789702194)
 (-0.030404620222691497,0.73672018426891395)
 (0.065534069606788786,-0.3889510782249842)
 (-0.1093461083630376,0.080700062429602412)
 (0.57194611652438154,0.32626482865792639)
 (1.6079663621652753,-0.95162786442019687)
 (-1.11368373631704,-0.68725680016864554)
 (0.039472455080992758,-0.63145109682110989)
 (-0.87006307450400699,-1.5175164205348435)
 (0.38412201331376178,-0.19251698047798066)
 (0.22386555093198052,-0.12525058570237818)
 (-0.16384125280203482,-0.30060126114425401)
 (-0.30713330291259189,0.47782220301253242)
 (0.044909117173497715,0.96357333713826876)
 (0.24016105329988102,-0.62517111436491613)
 (0.9056636910650272,1.6297884755313854)
 (-0.15857633255485612,-0.082138551719584188)
 (0.68388571405045773,0.22702720324428591)
 (0.17090423597632989,0.079083449872966977)
 (-0.63185352957994245,0.099327825885994203)
 (1.0229889487586585,0.0078982088064061262)
 (-0.62969109436416826,0.19316534365393959)
 (0.39468991790259889,-0.59172677228876092)
 (-0.56914975543275559,0.57151625592155741)
 (-1.1570909882611184,1.0868716765271391)
 (0.28693309375979525,0.38760960184804294)
 (-1.4692448954076074,0.12370331516792182)
 (-0.52200436499764036,0.067475657121096488)
 (0.038208078084962738,-1.1400141865236872)
 (1.551791392216775,0.069371956288037939)
 (0.092484469420762466,0.11583261695133812)
 (-0.22026538011202995,0.18790672841143707)
 (-0.15765768704363647,0.004496332319083321)
 (-0.74666911719463558,1.2214552554345106)
 (-2.3641692552356615,0.23793398436183266)
 (0.24628765634354627,0.10563118722128639)
 (-0.41759353510493002,-0.53785445533354892)
 (-0.86490068182679869,-0.23124151779964333)
 (-0.15932784987321857,-0.69239928570441123)
 (-1.2497018279459975,-0.71178263897717919)
 (-0.90026428724748098,0.28630006079891318)
 (-1.4107118686976021,-1.1110463431917159)
 (0.28287169770709264,-0.9100078012688142)
 (0.22351310693908619,0.0099850374069595307)
 (1.479830016307577,0.81728715309698241)
 (-0.54970159619622772,-0.14793537870024975)
 (0.65706954822393926,0.82803431476327727)
 (-0.42857150695838236,-0.12421021137091347)
 (0.27366710590159726,1.1479604506602568)
 (-1.338187696884195,0.17704528782896328)
 (-1.2192661634386475,-0.36770734012959549)
 (0.18462434192600535,0.166641881457811)
 (-0.48147457994722442,-0.36036545576436574)
 (-0.31936305407460402,-0.48103100650029956)
 (-0.33112743557431951,0.23206818576892491)
 (-0.17968071215580306,-0.5968908342669903)
 (-0.38982918242627329,0.14345929414499045)
 (-0.36450711099421956,0.61446910750653772)
 (0.024274523634279996,-0.16879714717935612)
 (-0.08160585193689919,0.10946730685369432)
 (-2.2371031592516659,0.48812140717629859)
 (-0.039161177186812002,1.2659736608705887)
 (-0.78492104327974133,0.33981609274131763)
 (-0.2923717011936261,-0.70462654628976951)
 (0.40584506867686515,0.34817033237853318)
 (-0.078900731044893757,0.21660133603318482)
 (0.28374943387529306,-0.28928889132358893)
 (0.26388022193848759,-0.42483966305994203)
 (-0.32754124663070017,-0.54343780041979428)
 (-0.67503810706659939,-0.48611202094974304)
 (0.044758800310212912,-0.087879959618173811)
 (0.080272375267051277,0.12081098135173629)
 (-0.2849131092408409,-0.29972521535276708)
 (-0.11685265881138274,-0.055276656553464698)
