# Created by Octave 8.4.0, Thu Dec 11 09:47:22 2025 IST <gamana@Samsung>
# name: rician
# type: complex matrix
# rows: 2048
# columns: 1
 (-0.28844159645277134,-0.55463694101222438)
 (0.55205788597829997,0.32711488525722754)
 (0.0009264905076383223,0.57097722104792026)
 (-1.2506527740466162,0.64036544108163262)
 (1.0837218084075906,-0.16698759611299452)
 (-0.38585485612377507,-0.17118182096183826)
 (0.27151160250902984,0.75451764056366222)
 (1.0777977452247067,-0.11838207520244259)
 (-0.64430606757601805,-0.65804763181874004)
 (0.66710408164898349,-1.3397386373730742)
 (0.39057978045422326,-0.20288782562683119)
 (-0.88355741399892684,0.35147049312884604)
 (0.34372291887256318,0.54037354678447214)
 (0.47090374165631049,0.39380324724688859)
 (0.62625541209113877,0.20947616679970074)
 (0.41550242367761192,-0.17086386367815401)
 (0.48493839670084171,0.52254766609461456)
 (0.16030704456682077,-0.07616249008755524)
 (-0.66564011359225228,-0.074218968997562029)
 (-0.34220680507751172,-1.0327511801563705)
 (-0.80283974222804155,-0.96797266265016657)
 (-0.65308927643295211,0.81323814639880454)
 (1.0363940597953998,0.37283321436396361)
 (-0.42917274707716579,0.24616210372209879)
 (0.28779921196040897,1.0922416623057054)
 (1.0169781853886892,-0.0063846603053029916)
 (-1.3936340833201659,-1.3118405539325622)
 (0.78233717628311117,-0.070247548958842471)
 (-0.16743250478262139,-0.61235712150353694)
 (-0.99214568004429493,0.71357072433645785)
 (0.74991523350403522,-0.22103359809039938)
 (-1.2171112419047323,0.08801774240944682)
 (-0.64779872643236736,-0.74464080754827011)
 (0.47509588338288505,0.65604424465345257)
 (-0.23457822905493023,-0.5347747501655814)
 (-0.93772918058942512,-0.18945839292267935)
 (-0.093199115953275513,0.025219814127373889)
 (0.89237107828180451,1.0868300381912215)
 (0.63751295310032652,-0.8257692469363862)
 (0.32526704094536613,-0.32632212984435877)
 (0.85890134062029944,-2.585854116787877)
 (0.39139756541006432,0.47159896610127328)
 (0.0074497227285350021,0.87862632649765926)
 (-0.38206563785142716,0.49917821597520512)
 (0.18153007256443146,-0.21515630662683263)
 (1.3455967680753251,-0.67891055749084572)
 (1.0717485714550525,0.43015006087747032)
 (0.48440607543002923,0.49471144039833304)
 (-1.4760453767543844,0.063303304332142041)
 (1.7489606320752482,1.1125542954130145)
 (0.16502983231015922,-0.063839473639063213)
 (0.49982715798649446,-0.59836785541730675)
 (-1.17606752397506,-1.7305972104650689)
 (0.45992559614072981,0.53090395932324208)
 (-0.41135487132004034,-1.2524959450731854)
 (0.025057608063437431,-1.2965448236996795)
 (-0.19206465560518793,-0.32074109138918216)
 (-1.2411009381113678,-1.1706167800820972)
 (0.96682407935398618,-1.3275258734424271)
 (0.33463468225592052,-0.7542292310036337)
 (-0.43736188057020964,-0.43334056441338004)
 (-1.2266374280749264,-0.7361301523196786)
 (0.70211237808320548,1.3656617633212467)
 (0.58017683753130722,-0.25256397768515587)
 (-0.79299269896734825,-0.24381832267123743)
 (0.34469694114423927,-0.33113835694644539)
 (-0.73593645509887384,-0.47171467991589344)
 (-0.36887163982133553,-0.72321214610725781)
 (-0.411703934476983,0.43485579496095045)
 (0.43164663177517321,0.45373131966500879)
 (0.25035739282541258,0.92809016751676576)
 (-0.89491218623442637,0.089074393077117203)
 (-0.44042368931521503,0.085830559012014779)
 (0.43776880380077843,1.0907402238537305)
 (-0.79643111791707022,-0.66574675893450364)
 (1.1012624196013856,-0.77217029225981304)
 (0.17750002938826889,-1.1785545921168186)
 (0.74321611375037033,-0.18861837644138008)
 (0.60738895277966698,-0.071254520056543202)
 (0.77670837913249868,-0.69547327427156813)
 (-0.83613404223237686,-0.0083826143543844212)
 (-0.084452492255108369,1.3192325303609684)
 (-0.26522870339491295,0.083061549509236762)
 (-0.24873592911147549,0.36803795798381994)
 (-0.060577034947179281,-0.7774593035035523)
 (1.0937071350187793,1.6156442867800773)
 (-0.49157735768700378,0.20854677454244525)
 (0.34426529959245195,0.63809929198625204)
 (0.66478458312014732,0.18810063710407837)
 (0.27536706359021956,1.2080630327452382)
 (0.1922396395206192,0.2681157952391407)
 (-1.5420715512880192,-0.633521156043653)
 (1.0081327128016913,0.13831248845794097)
 (0.33222319505400694,0.26652617474697265)
 (0.77920877149891443,-0.82642568080649292)
 (1.0868337341374787,-0.13052292078106276)
 (-0.73133527559430211,-0.042622217909906862)
 (-0.42691513885103471,-0.62033301092035464)
 (-1.0163792014615614,-0.79201173222160959)
 (0.071105632100742638,0.89151809426655682)
 (0.15819612849306142,-0.13321245149697664)
 (-0.96656329879805969,-0.30096446546315148)
 (0.164553668621857,-0.34894775981522991)
 (0.69430329698626292,-0.88253819580656734)
 (-0.50963244715255329,0.019195755598423708)
 (-0.75210010130654326,-0.29243419837532009)
 (-0.65477530007230911,0.32046306509409284)
 (-1.306241492119071,-0.72439664895069833)
 (-0.95089948369614474,-0.79753862191426961)
 (0.054035991473087699,0.20149751590342324)
 (-0.99330057409872752,0.93428537672368117)
 (1.2290091419200921,0.043720343614538248)
 (0.021423147033595491,0.045824923080830499)
 (-0.40224412806018928,0.62583119392012765)
 (-0.52320808072735492,0.40307784474634267)
 (0.18780187710611551,0.60187132925074904)
 (0.59733627439037651,-0.3730995463597776)
 (-0.15016814749670107,-0.36171023748410636)
 (-0.17155669967929943,-1.2431912433271031)
 (0.2914636457686639,1.7318415013115682)
 (0.84241925256431727,0.60828640543746004)
 (0.035614548399126117,0.28707403908385176)
 (-0.22024975205697461,-0.31613107148741737)
 (1.0657160821419638,-0.29865067858596689)
 (0.53767001741472487,-0.25103915050528958)
 (0.63889641511864825,-0.780011464984111)
 (-0.44085345000647452,-0.34913368879022061)
 (0.62981590029291246,0.68009256796448458)
 (-1.3726683375833038,0.62290544588649521)
 (0.020750698020317399,-0.43136737069454334)
 (-0.097054770011478983,-0.1072919856733834)
 (-0.22802454529186467,-0.88541337842782508)
 (-0.63020635326323204,0.2286263318148393)
 (-0.46237682702974575,0.12500456337603244)
 (1.077526624046625,-0.54143893238503349)
 (-0.023524130218087497,-0.61066848610149105)
 (0.22122077969046014,-0.30878972353495593)
 (0.2133038478375438,-0.41403808437187639)
 (-0.93724805631578101,-1.8191796384145043)
 (0.61261623883405558,0.65764898294563734)
 (-0.19974257629133427,0.13733636789346973)
 (1.566222910351772,0.35181963540885874)
 (-0.72517154346071777,-0.91918088562225986)
 (-0.29234650820464436,-0.53860564133267885)
 (0.90089936474995902,0.84972967159305801)
 (0.32554681729448504,-0.80122885995718951)
 (0.38961624536379341,-0.28042042073211287)
 (-0.53728284097194312,0.98258656544940581)
 (1.3892492999960002,0.52159863489525171)
 (-1.1274490339586312,-1.0280361942738339)
 (-0.33403075022784534,0.72379314421477747)
 (0.61834771287650858,-0.39323985637516451)
 (-0.36062808328176355,0.19476222254084843)
 (0.60821991785838825,-0.98693916120593417)
 (0.20788857510431424,1.44681631932322)
 (-0.26731983655997216,0.35524678220557127)
 (-0.20914392291298117,1.2099042937198674)
 (0.47430747788516303,-0.35316526353322941)
 (-0.29345445439790796,0.68742720862165396)
 (-0.22641990107400231,-0.34848555174914886)
 (-1.2619459409044833,-0.29408307682698026)
 (-1.0516419816540052,1.3055255335757971)
 (0.64262195758459284,0.95674046471153917)
 (0.23676375408521655,-0.3012346242131313)
 (0.69864101368158837,1.1115430311775285)
 (0.18690329176662085,0.34336194466642844)
 (0.088229005525882948,-0.59423101909800202)
 (1.4218074832629091,-0.53051538898470951)
 (0.66179366937904327,-0.6530412081770689)
 (-0.39069361792739038,-0.19838604341505828)
 (1.0907867739801,0.58735680879716812)
 (1.1703745858964274,-0.30733104280311585)
 (-0.22398671313433258,-0.60839616706224919)
 (0.19206241274182495,-0.97160550135278811)
 (-0.29594211293553285,-0.45762505494278)
 (-0.014974084183806774,0.66022900716054334)
 (-0.10804034663396639,-1.2548342100618428)
 (0.9960578734024339,0.46022767193683894)
 (-0.24614194886122753,0.32381418601044554)
 (-0.11000493672941641,1.0006060350555277)
