# Created by Octave 8.4.0, Thu Dec 11 09:47:22 2025 IST <gamana@Samsung>
# name: rician
# type: complex matrix
# rows: 2048
# columns: 1
 (1.0575110694101786,-0.89539087749952051)
 (-1.3692592924584897,0.80195678084883815)
 (0.030096732640231411,-0.69823499143224876)
 (0.20190137391010765,1.130003496874129)
 (-0.69455832414588736,1.0403773915422998)
 (-0.9953698816478791,-0.45307624598486945)
 (0.69234225470638833,0.10700010411861385)
 (-0.62117774128815406,-0.1941440491316086)
 (0.35469973431152241,-0.5472544717843234)
 (-0.37115771927823071,0.19490443671125596)
 (0.39106323404404447,-0.28539598621953238)
 (0.50807737939107267,0.53526703134020948)
 (-0.26018489024372343,0.6053191311784295)
 (1.2874301101249925,0.69394682963845278)
 (-0.30087456563643983,-0.94786329545510173)
 (0.20759847016542404,-0.31826538686047717)
 (0.077468326102050206,0.19039010498045636)
 (-0.084624462909043352,-1.0283868792271633)
 (-0.85749585870389078,0.24743479794273984)
 (-0.91180243011702977,0.87435932962507523)
 (-0.72789233347195292,0.11723994458625442)
 (0.020425700868776084,0.13002515233782957)
 (-0.22759628129353349,0.040038298181468868)
 (-0.47516155809043392,0.51764145065549683)
 (0.17787891723460086,0.42430577384680174)
 (0.52187527059519601,0.84365986031735563)
 (-0.0347943621770328,-1.0961488181729584)
 (-0.15025784612848705,-1.0370572377063754)
 (-0.36136878853658599,-0.25608585058180816)
 (-0.24690976401437503,-0.45797453190188664)
 (0.91271850621668771,-0.31506125990411271)
 (0.63831849067726021,-0.06786085689277005)
 (-0.50781341459017626,-0.64530775627598524)
 (-0.18152364965630841,-0.93364278091105357)
 (0.36508190903358867,-0.028172877096972637)
 (-0.24127612349824615,0.31152387278588356)
 (0.44962203524228983,-1.2707397666904674)
 (0.85029669178267175,-0.18207847879783606)
 (0.14893225479024016,-0.44413596052072579)
 (0.62331636679331115,0.60072427607122469)
 (1.1482801714480371,0.41192876987121463)
 (-0.45923869033793502,-0.42620903582656472)
 (-0.31639749433980413,-0.77124433702473505)
 (0.66429094992065707,0.86462545902998977)
 (-0.79153452132962099,0.23798611053283705)
 (0.27760428795848768,-0.41883012135747788)
 (1.3070924632713052,0.56758000135936182)
 (-0.26160825712136032,-0.37871958175547138)
 (-0.12078438372683514,0.032423114378799266)
 (0.12116179872080786,0.29072610719262587)
 (-0.88634938806938879,0.012302564629805168)
 (-1.0064245415127795,0.014126709010859606)
 (0.37302178402423292,0.2203148546440552)
 (0.36101299451205526,-0.93262678655083264)
 (-1.9885487013622658,-1.2798884109969508)
 (0.019017099480854546,-0.42104550166638383)
 (-0.12457015391294826,1.0930086806221084)
 (-0.35556719960618249,-0.36514827127010224)
 (0.14143223449894388,-0.52611277097274001)
 (-0.25559413135316633,0.47147734525612572)
 (0.56732388621515373,-1.3454839610585529)
 (-0.30171283087107292,0.99828968741735236)
 (1.5214983627622967,0.93091176632783035)
 (-0.49128281215872349,0.36388857913329964)
 (0.3507947874150345,0.15100150313134925)
 (-0.28798259440410645,-0.12160942496603623)
 (0.19974441596580256,0.17898526601742215)
 (0.29438589185540426,-1.239274154875242)
 (-0.25175924679960882,0.54639905733425387)
 (0.50073604377208514,-0.63525808619128754)
 (1.0876624387692955,-0.96277723669744397)
 (-0.59751257197718877,1.2274786779967486)
 (-0.69640859217106432,0.8725041973176797)
 (0.11983360222049338,-0.47092305330560441)
 (-1.3709154949805809,0.35936016858720632)
 (-1.3668882504076239,-0.81679525857598223)
 (0.70714967581992161,1.3341698873191699)
 (0.12596989167328554,-0.36364333929151654)
 (0.34988436084398394,0.068362836769857216)
 (0.59491217992101508,-0.71727052123986756)
 (0.053892949941094864,0.41084327175323287)
 (0.35441752307422281,-0.3152450141530081)
 (0.6903963747456523,-0.12828022346284729)
 (0.38630803425594734,-0.43213533043790525)
 (0.60335816613726234,0.046417920428884679)
 (-0.48919844865339457,-0.58600679220367236)
 (0.22912139115974445,0.46520921453663266)
 (-0.39088400591653572,0.32865503470459878)
 (-0.086093767419400197,0.021758490990183142)
 (0.90695588880800226,-0.89008677615423637)
 (-0.056187296975352408,-1.1805869734735639)
 (-0.18990372125136928,-0.35411699395763013)
 (0.3104749143296146,1.4769048535268636)
 (-0.25530137889083365,-0.29563429013580861)
 (0.53948826268525407,-0.86244901506176708)
 (0.71280838956445058,-0.96223863261418319)
 (-0.23367642514128492,0.27924055363497791)
 (-0.54580484494795434,0.66873597224624282)
 (-0.61871087193213881,-0.72102493522599886)
 (0.35796907946029494,-0.17692710651495608)
 (-0.036203967156465122,-0.21062725748755623)
 (-0.56597314652488606,-0.64725453818374667)
 (-1.0859921472175016,0.51484653318091622)
 (1.018758070096945,-1.2282130142669669)
 (-1.0772991322225147,-0.027804009080027559)
 (-1.0436936048725012,-0.39239376352008409)
 (0.46083898559524972,-1.0914360905365419)
 (0.30744394322293506,-0.95149582853844483)
 (-0.1063372920449554,0.80407140921826881)
 (-0.99040335778593824,-0.56165642020237172)
 (-0.84868245734878678,1.728297825373539)
 (-0.16946771710919245,0.37096087147406459)
 (0.40792525724305417,-0.50422713092907956)
 (-1.3447865845613443,-0.40850984224343445)
 (-0.058558344903484105,-0.88506200746528929)
 (1.2360788908529123,-1.373770174157511)
 (-0.051435738845177187,0.76953924791281214)
 (0.20796146220366468,-0.27793432547501817)
 (1.1712851095327197,0.17991353441925592)
 (0.2818360350095574,0.36650938777392489)
 (0.37694495531717831,-0.65419929106349439)
 (-0.67835838112486713,0.38680650069704187)
 (-0.57070739284793093,0.13022137144934043)
 (-0.8119840598548117,-0.15771786947647537)
 (0.26053571378244073,-0.36244453309766927)
 (-1.7490979598507934,0.93365903400444461)
 (-0.26962349259490637,0.16168124392673833)
 (-0.32071753690091398,0.1881532038832657)
 (-0.26398471150553499,0.61329959765405162)
 (-0.42707448081536625,0.022688610700120293)
 (-0.76677198832682469,1.0651142766880906)
 (0.48706120236469658,0.36140417376703354)
 (-0.06785392462777208,0.16389790778550292)
 (-0.86565858591273326,0.51601020388132435)
 (-0.64468692504678959,0.61394419342150208)
 (-0.62058707658804457,-0.88130778021204181)
 (0.81225574287690616,-0.11558999392658276)
 (0.43152601604302221,-0.22150760729700014)
 (-0.29870354504233143,0.5177817315994051)
 (0.089720720112925895,-0.12502502201032956)
 (-0.48759053998356233,-0.85819874334931878)
 (-0.18200916369686121,-0.98214956318397606)
 (0.4480205756356066,0.8738861409697497)
 (0.45183881499528977,0.36522466214331806)
 (-1.3418349122765838,-0.31408327097853739)
 (-0.21719014119812005,0.20235214448974362)
 (1.0731829594879929,-0.43140591422753083)
 (-1.0672388987554406,0.50849730884922595)
 (0.7860083728061622,-0.063613951614188619)
 (1.1280602132691191,-1.513990609581424)
 (0.7570290637297733,0.47427689904765191)
 (-0.07584600934827726,0.97252747129052208)
 (0.094942975996463883,-0.30645565059463559)
 (1.5499772791549051,-0.049479176129125668)
 (-1.4457402306151148,0.76205943836840828)
 (-0.42537425350721414,-0.69863503609702515)
 (0.15237863441433011,-0.10263646623514043)
 (0.13994950329980296,0.5349538705725746)
 (0.70295312079476158,-0.75642117457013924)
 (0.028266951054201406,-0.11212834852236073)
 (0.16461136048325292,-1.0093388549472349)
 (0.72662881973195892,-1.0520659130276608)
 (0.33081206983717037,0.22222110427406513)
 (-0.43952568786001178,-0.25592213324381019)
 (-0.25811066715594833,0.95037845014614131)
 (-1.1842249690277002,-0.30861226210720411)
 (-0.78063939144578276,-0.47012392253996915)
 (-0.19034321775955546,-1.2688266347600967)
 (1.5386972956179763,0.76992658104004275)
 (0.051660960121604899,-0.32661808428689565)
 (-1.2087723512281792,-0.63720925559493224)
 (0.34342909330978527,-0.19379013964099684)
 (-0.5020794388162173,0.67311684210550948)
 (0.04919256232410274,-1.0227489268468981)
 (-0.27026612844593545,0.31371445760261985)
 (0.50564849552583624,1.6334038608305734)
 (-0.48754959693983335,-0.28020747612754454)
 (-0.25170587075791589,0.20145393215759128)
 (-0.40537406192857373,-1.4151013362894607)
