# Created by Octave 8.4.0, Thu Dec 11 09:47:22 2025 IST <gamana@Samsung>
# name: clean
# type: complex matrix
# rows: 2048
# columns: 1
 (-0.31759537822688727,0.95278613468066187)
 (0.31759537822688727,-0.95278613468066187)
 (0.95278613468066187,0.95278613468066187)
 (0.95278613468066187,0.95278613468066187)
 (0.95278613468066187,0.95278613468066187)
 (-0.95278613468066187,0.31759537822688727)
 (0.31759537822688727,0.95278613468066187)
 (0.31759537822688727,0.95278613468066187)
 (0.95278613468066187,-0.95278613468066187)
 (-0.31759537822688727,-0.31759537822688727)
 (0.95278613468066187,0.95278613468066187)
 (0.31759537822688727,0.31759537822688727)
 (0.95278613468066187,-0.95278613468066187)
 (0.95278613468066187,-0.95278613468066187)
 (-0.31759537822688727,-0.31759537822688727)
 (-0.95278613468066187,-0.31759537822688727)
 (0.95278613468066187,-0.95278613468066187)
 (0.31759537822688727,-0.31759537822688727)
 (-0.95278613468066187,-0.95278613468066187)
 (0.31759537822688727,-0.95278613468066187)
 (0.95278613468066187,0.95278613468066187)
 (-0.31759537822688727,0.31759537822688727)
 (0.95278613468066187,0.95278613468066187)
 (-0.95278613468066187,-0.31759537822688727)
 (-0.95278613468066187,0.31759537822688727)
 (0.31759537822688727,-0.31759537822688727)
 (-0.95278613468066187,0.95278613468066187)
 (-0.95278613468066187,0.31759537822688727)
 (-0.31759537822688727,0.31759537822688727)
 (-0.95278613468066187,0.31759537822688727)
 (0.31759537822688727,-0.31759537822688727)
 (0.95278613468066187,0.95278613468066187)
 (0.95278613468066187,-0.31759537822688727)
 (-0.95278613468066187,-0.31759537822688727)
 (0.95278613468066187,-0.95278613468066187)
 (-0.95278613468066187,-0.31759537822688727)
 (0.95278613468066187,-0.95278613468066187)
 (-0.95278613468066187,0.95278613468066187)
 (0.95278613468066187,-0.95278613468066187)
 (-0.95278613468066187,-0.95278613468066187)
 (0.31759537822688727,-0.31759537822688727)
 (0.95278613468066187,-0.31759537822688727)
 (0.95278613468066187,0.31759537822688727)
 (-0.95278613468066187,0.31759537822688727)
 (-0.31759537822688727,-0.31759537822688727)
 (-0.31759537822688727,-0.31759537822688727)
 (0.95278613468066187,0.95278613468066187)
 (0.95278613468066187,-0.31759537822688727)
 (-0.95278613468066187,-0.95278613468066187)
 (0.31759537822688727,-0.31759537822688727)
 (-0.31759537822688727,-0.95278613468066187)
 (0.31759537822688727,0.31759537822688727)
 (0.31759537822688727,-0.95278613468066187)
 (-0.95278613468066187,0.95278613468066187)
 (-0.95278613468066187,-0.31759537822688727)
 (-0.95278613468066187,0.31759537822688727)
 (-0.95278613468066187,-0.31759537822688727)
 (-0.95278613468066187,0.31759537822688727)
 (-0.95278613468066187,-0.31759537822688727)
 (0.31759537822688727,-0.31759537822688727)
 (0.95278613468066187,-0.95278613468066187)
 (-0.95278613468066187,0.31759537822688727)
 (-0.31759537822688727,-0.95278613468066187)
 (0.31759537822688727,-0.95278613468066187)
 (-0.95278613468066187,-0.31759537822688727)
 (-0.31759537822688727,0.95278613468066187)
 (-0.31759537822688727,0.31759537822688727)
 (0.95278613468066187,0.95278613468066187)
 (-0.95278613468066187,-0.95278613468066187)
 (-0.95278613468066187,0.31759537822688727)
 (-0.95278613468066187,-0.95278613468066187)
 (-0.95278613468066187,-0.31759537822688727)
 (-0.31759537822688727,-0.95278613468066187)
 (0.31759537822688727,-0.95278613468066187)
 (-0.95278613468066187,-0.95278613468066187)
 (-0.95278613468066187,0.95278613468066187)
 (-0.31759537822688727,0.31759537822688727)
 (-0.31759537822688727,-0.95278613468066187)
 (-0.31759537822688727,0.95278613468066187)
 (0.95278613468066187,0.31759537822688727)
 (0.31759537822688727,0.31759537822688727)
 (0.95278613468066187,0.31759537822688727)
 (0.31759537822688727,0.95278613468066187)
 (0.31759537822688727,-0.31759537822688727)
 (0.95278613468066187,-0.95278613468066187)
 (-0.31759537822688727,-0.95278613468066187)
 (-0.95278613468066187,-0.31759537822688727)
 (0.95278613468066187,0.95278613468066187)
 (0.31759537822688727,-0.95278613468066187)
 (0.95278613468066187,0.95278613468066187)
 (-0.95278613468066187,-0.95278613468066187)
 (-0.31759537822688727,0.31759537822688727)
 (-0.95278613468066187,0.31759537822688727)
 (0.31759537822688727,-0.95278613468066187)
 (-0.31759537822688727,-0.95278613468066187)
 (-0.31759537822688727,0.31759537822688727)
 (0.31759537822688727,-0.31759537822688727)
 (0.31759537822688727,0.31759537822688727)
 (-0.95278613468066187,-0.31759537822688727)
 (-0.31759537822688727,0.31759537822688727)
 (0.31759537822688727,0.95278613468066187)
 (0.95278613468066187,-0.95278613468066187)
 (0.95278613468066187,-0.95278613468066187)
 (0.31759537822688727,0.95278613468066187)
 (-0.95278613468066187,-0.95278613468066187)
 (-0.31759537822688727,-0.31759537822688727)
 (-0.95278613468066187,-0.95278613468066187)
 (0.95278613468066187,-0.95278613468066187)
 (-0.31759537822688727,0.31759537822688727)
 (0.95278613468066187,-0.95278613468066187)
 (-0.31759537822688727,-0.95278613468066187)
 (0.31759537822688727,-0.95278613468066187)
 (0.31759537822688727,0.31759537822688727)
 (-0.31759537822688727,-0.31759537822688727)
 (-0.95278613468066187,0.31759537822688727)
 (0.95278613468066187,0.95278613468066187)
 (-0.31759537822688727,-0.31759537822688727)
 (-0.95278613468066187,-0.31759537822688727)
 (-0.31759537822688727,0.31759537822688727)
 (-0.31759537822688727,0.31759537822688727)
 (-0.31759537822688727,0.95278613468066187)
 (0.95278613468066187,-0.95278613468066187)
 (-0.95278613468066187,-0.95278613468066187)
 (-0.95278613468066187,0.31759537822688727)
 (0.95278613468066187,0.95278613468066187)
 (-0.31759537822688727,0.95278613468066187)
 (0.95278613468066187,0.31759537822688727)
 (-0.31759537822688727,0.31759537822688727)
 (-0.95278613468066187,-0.95278613468066187)
 (0.95278613468066187,0.31759537822688727)
 (-0.31759537822688727,-0.95278613468066187)
 (-0.95278613468066187,-0.95278613468066187)
 (-0.95278613468066187,-0.31759537822688727)
 (-0.31759537822688727,-0.95278613468066187)
 (-0.31759537822688727,0.95278613468066187)
 (-0.95278613468066187,-0.95278613468066187)
 (0.31759537822688727,0.95278613468066187)
 (-0.31759537822688727,0.95278613468066187)
 (0.95278613468066187,0.95278613468066187)
 (-0.31759537822688727,0.31759537822688727)
 (-0.95278613468066187,0.31759537822688727)
 (-0.95278613468066187,0.31759537822688727)
 (0.31759537822688727,0.95278613468066187)
 (-0.31759537822688727,0.95278613468066187)
 (0.95278613468066187,-0.31759537822688727)
 (0.95278613468066187,-0.31759537822688727)
 (-0.31759537822688727,0.95278613468066187)
 (-0.31759537822688727,0.95278613468066187)
 (-0.31759537822688727,0.95278613468066187)
 (-0.31759537822688727,-0.95278613468066187)
 (-0.95278613468066187,0.31759537822688727)
 (0.95278613468066187,-0.31759537822688727)
 (-0.95278613468066187,0.95278613468066187)
 (-0.31759537822688727,0.31759537822688727)
 (-0.31759537822688727,-0.95278613468066187)
 (0.31759537822688727,0.95278613468066187)
 (0.95278613468066187,-0.95278613468066187)
 (-0.95278613468066187,-0.95278613468066187)
 (0.95278613468066187,0.31759537822688727)
 (0.95278613468066187,0.95278613468066187)
 (0.31759537822688727,0.95278613468066187)
 (0.31759537822688727,-0.95278613468066187)
 (-0.95278613468066187,0.95278613468066187)
 (-0.95278613468066187,0.95278613468066187)
 (0.31759537822688727,0.31759537822688727)
 (-0.31759537822688727,0.31759537822688727)
 (-0.95278613468066187,-0.31759537822688727)
 (0.31759537822688727,-0.31759537822688727)
 (-0.31759537822688727,0.95278613468066187)
 (0.31759537822688727,-0.95278613468066187)
 (0.31759537822688727,0.31759537822688727)
 (-0.31759537822688727,0.31759537822688727)
 (-0.31759537822688727,-0.95278613468066187)
 (0.31759537822688727,0.95278613468066187)
 (0.31759537822688727,-0.31759537822688727)
 (0.31759537822688727,0.95278613468066187)
 (0.31759537822688727,-0.31759537822688727)
 (0.95278613468066187,0.31759537822688727)
