# Created by Octave 8.4.0, Thu Dec 11 09:47:22 2025 IST <gamana@Samsung>
# name: awgn20
# type: complex matrix
# rows: 2048
# columns: 1
 (0.28365090538379556,0.26235062889012439)
 (1.0199035039933289,-0.9409588815258364)
 (-0.84719957987247785,-0.31615803274848081)
 (-0.32925807928169915,-0.80566446083957843)
 (-1.0062588214003765,0.89282796948409149)
 (0.96814131253832236,0.89031855837833218)
 (0.31202399699926159,-1.0042099638728594)
 (0.93851907700922932,-0.98763864207818985)
 (0.33027790017091746,-0.22681656351949048)
 (-0.26811100210440669,0.29902691163365464)
 (0.38638164071134579,0.2525416158923085)
 (-0.98257020080630408,1.0077470116661813)
 (1.0053143546159145,-0.1705890632552553)
 (-0.31315167811474215,-1.0131309439311362)
 (-0.96495630243181219,0.92698094397289044)
 (0.98972215519387141,0.92160119104579286)
 (0.32007734499913065,0.85452979235789406)
 (0.31188256604487791,0.31754726040338604)
 (0.41999901457527195,0.3382877311346052)
 (-0.30032046867138634,-1.0022490863540026)
 (-0.34091988439201693,-1.0416340672458768)
 (-0.2777526697626499,0.97763570229687402)
 (-0.98040262322046212,-0.21838645273404056)
 (0.88769141872285984,0.95532994745089561)
 (-0.37902881292248003,0.92782239461681704)
 (-0.31034068608378657,-1.0181520024742352)
 (0.92441170807109807,0.25370390031754303)
 (0.34361365415603584,0.20290505294088379)
 (-0.20255215408176591,0.40192601723981325)
 (0.44302972912386873,-0.38873522843779235)
 (0.37533674369567482,0.30647210791797208)
 (-0.22342651587629847,1.0796876990563848)
 (-1.0514153139831142,0.96678472914108338)
 (0.24519233408881541,-0.94212571939007539)
 (0.44294187806431573,0.35223497947393878)
 (-1.0048252068077832,-0.83516868867622174)
 (0.89742924704383242,-0.95803897145868111)
 (-0.97758102899312116,0.32726147677547485)
 (0.44528172105606434,-0.45303123207193985)
 (0.88083291383169671,1.0279823015482885)
 (-0.13613116535938335,0.91536029473974145)
 (1.0061163391977241,-0.93159814113335748)
 (0.98370834835451482,1.0247889768798335)
 (-0.80794374003992542,-0.33017904389480507)
 (-0.32037901706324518,0.87788257712523754)
 (0.21480488913701029,0.25682124344293422)
 (-1.013821083611399,0.99119698282263213)
 (-0.36160344344727086,0.88140263233499583)
 (-0.34201296532754594,0.86410660859563215)
 (0.45641908117914387,0.89034007455057718)
 (-0.27369097651596136,1.0488914845854751)
 (-0.22086209647899824,-0.16846060558645856)
 (-0.39264473031791086,-0.31639478592054932)
 (-0.35069739909680542,0.36491966104487888)
 (0.47030383154535293,0.94895624284251523)
 (-0.39956268017136176,0.9121462236295097)
 (0.90819067794915387,1.088165095211012)
 (0.43565260806540002,0.18262033926445512)
 (0.35206312064317402,0.38094698660582077)
 (0.91260493290099964,0.40272155580833607)
 (-0.96941283289630253,0.36765994602923197)
 (-0.94032789986111975,-0.34228775773828124)
 (0.38448471427670555,1.0192405433269092)
 (1.0077461872468056,-0.87853677788672091)
 (-0.39189265695206105,0.9031660320567001)
 (-0.28341699467368708,0.34755778525162578)
 (-0.99852796684383915,-1.0359793324976727)
 (-0.33066536764230858,-0.8877452316046861)
 (-0.98061316836392931,-0.86360656397143809)
 (0.93404967587691867,0.27158577807515194)
 (0.16221724747401164,0.99868721799679183)
 (0.98333025466713309,0.86932928982007718)
 (0.95332990971863329,0.22629683894903885)
 (-0.94763775976549003,0.85752187139626612)
 (0.98052315836329784,-0.42247068561437412)
 (-0.91432537392380697,-0.27928795218521113)
 (0.9266264586797508,0.41630008556065917)
 (-0.31567502036238915,0.8231202334504889)
 (0.34990399907072228,0.93571979312561582)
 (0.31721633539948857,0.98775551245723592)
 (-0.36406742548531557,0.32594234572858466)
 (-0.36514988794199243,0.93363737024881022)
 (0.2471197654284229,0.87825538785228785)
 (0.91243428815710081,0.83205951431170377)
 (0.77478570143835246,-1.0185672034039683)
 (0.35466215902892084,0.4427789037422587)
 (0.33195249237716212,-0.37415177929275029)
 (-0.97011145559317125,0.50089981852044185)
 (0.95112440579134172,-0.88526706463132188)
 (-0.93233518253643521,-0.2143572190920161)
 (0.30850350535242455,-1.0051515444758234)
 (0.94804666018578432,-0.9258634673304752)
 (-0.97399530543207447,-0.24744623323229969)
 (-1.0256377044339646,-0.91095311813954505)
 (-0.50425535138986544,0.90155491944129829)
 (-0.33783798468555126,0.26113881726273536)
 (0.32426224009447985,0.91197019251992084)
 (-1.0126310788052812,-0.90719348886116791)
 (-0.24594755290529147,0.43203890026039526)
 (-0.21665918198170198,-0.22143944926055198)
 (-0.25979003220385732,0.34073634863414354)
 (1.1166536268227376,-0.87583464491659346)
 (-0.31813197810142779,1.0000440751331237)
 (1.0454588722349258,0.32759432709840824)
 (0.2224909322025746,0.26254756667944329)
 (-0.4465135841000667,1.034084761655)
 (-0.96295508030791388,-0.35768819460372414)
 (0.35293820065771414,-0.31798341796372825)
 (-0.43566300110828471,0.88265940578439606)
 (1.0872005421609456,0.34485120095027216)
 (0.39886371399433374,0.88150033829078756)
 (0.96666420338752179,0.98369807252696595)
 (0.27082370481964441,-0.30582440273132921)
 (-0.86712404094004381,0.36922536227867436)
 (1.0458820978638019,-0.35433679040019439)
 (1.0025757613530624,0.43389195630906868)
 (0.37672261062870382,0.37626801075664434)
 (1.0059193493102696,0.21953857982749042)
 (0.42506316249245152,-1.0408370999514704)
 (-0.20307166793127421,0.81023408663954699)
 (-0.20954245753785616,0.37767158779086024)
 (-0.30261958493675833,0.273356371516986)
 (0.32033868532564613,0.34290284347811895)
 (-0.93869136902501571,-0.30242515950545035)
 (0.20546396130605549,0.96069993008186416)
 (-0.79952170221915475,-1.1567945427982376)
 (0.26458883746533568,1.0455680655732555)
 (0.84393850266673698,0.94532330936925901)
 (-0.2833483498719257,0.96084202768838278)
 (-1.0013977850403921,0.77750926280610566)
 (1.0121848005788889,0.87171154530652117)
 (-0.99661407141898894,0.37359326956095196)
 (-0.36631351644645049,-0.83406161109345511)
 (-0.13518772585307642,1.0087976595959836)
 (0.3225447941274579,-0.90834720063513363)
 (0.2664135732552344,0.1456094652107191)
 (0.33737431798379997,-0.38666693964534349)
 (-0.97488208424310396,-0.32558911015292841)
 (0.35469406018070182,-0.33945961585025008)
 (-1.0076641217309361,-0.30837938091648964)
 (0.25527209919403088,0.92404734678696299)
 (-0.92404550004555863,0.35656462273154377)
 (0.18760289488797896,-0.28512914245156085)
 (0.94599795634183392,-0.98647443770694843)
 (1.0122423429661456,1.0053396790747517)
 (0.27613811974916191,0.28668706158166146)
 (-1.0442638048657467,-0.9773866197969292)
 (0.86339377903290671,-0.35226510397715327)
 (-1.0836391406970696,-0.93123616994327085)
 (-0.97615799317845331,-0.36557561818371359)
 (-0.80431646275720314,-0.25821426255190322)
 (-1.0158283343377128,-0.84228519508963029)
 (-0.96948621221397546,-0.30522216931166274)
 (0.90194721751395357,-0.35131800996233808)
 (0.93781358247019364,-0.35341660264537345)
 (1.029413314968288,-1.0046381874081944)
 (0.31075770732000657,-0.99696458972112711)
 (0.2641309479255457,-0.49278424823312339)
 (0.33660756633790212,-0.23311389519188325)
 (-0.15908630507611365,-0.460656858996984)
 (-0.35135797930912765,-0.99529994035456781)
 (0.9178853355307548,-0.97640247702509486)
 (-1.0006067721099587,-0.98519298079536943)
 (-0.33626352741608401,0.90475196694904281)
 (-1.1208117708733734,-0.40280696593155818)
 (-0.42752137086176267,0.34299638079806788)
 (-0.29015031967262184,-0.23287099095692537)
 (0.86691576801006043,1.005026173934352)
 (-0.32946427136024792,-0.97382376880083321)
 (1.0140941575087299,-0.37433195330921354)
 (-0.36088290859438221,0.8144528264661528)
 (0.95838524520031909,-0.96926062583302064)
 (0.95824745158831759,0.41185340089490602)
 (0.23028663806310901,-0.34423379349039213)
 (0.282178972531063,0.99506960820939561)
 (-0.99102879481189754,0.32371525617126956)
 (0.29495213393058023,0.40765606603234505)
 (0.87670352532796925,0.99850978338907381)
 (-0.85566936146309558,-0.33353416204995817)
 (0.29738526496042672,-0.98757153052696123)
 (-0.90249830511347007,-0.24041890289685755)
