# Created by Octave 8.4.0, Thu Dec 11 09:47:22 2025 IST <gamana@Samsung>
# name: rician
# type: complex matrix
# rows: 2048
# columns: 1
 (-1.1499532998693187,0.041950002245302653)
 (-0.39405865186177752,1.0534686865527463)
 (-0.39097261076956841,-0.17264750881353524)
 (1.5768833853087338,1.0989883834782699)
 (0.79818030507022386,-0.39665097246610181)
 (-0.52374903351858271,0.44645909417722512)
 (1.3244992338263042,1.06257455486867)
 (-0.42000401464226667,0.95984362552477998)
 (-0.2487588303039189,-0.23385922047783411)
 (0.71314865940211725,0.79748905881012089)
 (1.2958224746644262,-0.71743708016705121)
 (0.47906445763723005,0.34479758476938405)
 (0.44916795626688361,1.1890134738020928)
 (-0.62838213678418697,-0.20356034568339962)
 (-0.43724813227773479,0.28954137075061687)
 (0.35421059929562893,-0.17508612336757448)
 (-0.36396753603955612,-0.195873025039769)
 (0.92127440844097164,-1.1398297779350961)
 (-0.88577885397855161,-0.17445300261374411)
 (-0.3265777508323181,-0.8096390267732847)
 (0.92188546806561467,-0.49069758752450021)
 (0.82603825314708212,-0.15763034232419881)
 (0.391239912165672,-0.668011571693371)
 (0.65832990223600441,0.74281435642822513)
 (0.40379748979526037,-0.21044578531776298)
 (-0.036474235352918841,0.28397712507447886)
 (-0.18258340408643994,0.55866921954726922)
 (-0.5423902490208925,0.89113605730319279)
 (0.29874654803518064,-0.43626557248271458)
 (1.2769879515483533,0.32250257975895547)
 (-0.83624382183730539,-0.046081460184484918)
 (-0.15816242368263655,-0.60508373057970277)
 (-0.038157437829939522,1.6747266621027368)
 (1.0033579076256658,0.42091701823332978)
 (-0.94343455413947619,-0.55903050291125034)
 (0.57010282174452698,-0.84212149780621703)
 (1.6004615798718498,-1.0901110366351796)
 (0.66866871497911107,-0.85126192883472318)
 (-0.60559910854115473,1.3059301988569787)
 (0.74458045667744444,-1.3670405095247236)
 (0.29042837476438305,0.18716313798646184)
 (1.4128799881771226,-0.5184512536461986)
 (0.1999139132922369,0.21769643528822119)
 (-1.0643294012482614,-0.74455549069351656)
 (0.14349915375766453,0.37132792495900613)
 (-0.52389253213629972,0.44322047708972784)
 (0.96411281818441663,1.0552261664680471)
 (-1.0186166513798749,0.44175669533036677)
 (0.097959701470692384,-0.41624046262975362)
 (0.38467730620024487,-0.21634212054246468)
 (0.7099590906322284,-1.0893206608272739)
 (-0.24822739787717432,-0.74234852015942976)
 (-0.78195974974158711,0.29286428643397305)
 (-0.15561585426351679,0.6581350509552838)
 (-0.86254425504133103,-0.82829942282088476)
 (0.020437347600993805,0.855787307804044)
 (1.3425855782040976,-0.29645691015495079)
 (-0.26865155302643928,0.33867263944026521)
 (-0.52353478312289181,0.82482986844961192)
 (-0.10460127870743222,0.4614280111220288)
 (-0.022287723328211453,0.22320924697492234)
 (-0.67180058916413965,0.56459089825653486)
 (1.1629675219028126,0.06705023683210215)
 (-0.21446460779918616,-0.52743727106940397)
 (-0.2769702986802472,-0.25867021275664942)
 (0.023771798201199595,0.1884312861676978)
 (-0.48315987678132111,-1.2385355201405315)
 (-1.8728740663382033,-1.0199968588585029)
 (-0.69325061230135387,0.061518286644422993)
 (0.87525011422916577,0.18643536122642362)
 (0.36689928025643703,-0.5355209470578457)
 (-0.26535653501585899,0.41629288165910294)
 (-0.95494798126450364,-0.39981209424658293)
 (0.05866755804807175,0.42694219493814889)
 (0.71158326224601343,-1.0917467053118894)
 (0.38697885353844835,0.31227395438017169)
 (0.62342086007509734,-0.094963705240497048)
 (-0.99571184914995914,-0.47657379744231171)
 (-0.87560362845371997,0.051954354405448155)
 (1.1851656846290948,1.0324225003958003)
 (0.5293576424343015,0.18405152024730206)
 (-0.16606908004364979,-0.80009888099424242)
 (-0.26141315662731968,0.6261250367050879)
 (-0.070970273033076625,-0.15018085921639737)
 (0.15243633154174313,1.0710707661294081)
 (-2.1232233609647815,1.0641698040736567)
 (0.32265397794837974,1.2977954252727861)
 (0.92260157039938095,0.51856606159493113)
 (-0.27704708158340108,-0.53019428533037405)
 (-0.37148821234891283,0.86446296637654807)
 (0.23983764009523667,-0.9081636910382076)
 (0.54367076497601508,0.69416215904724432)
 (-0.51542840449078153,0.53731581706948894)
 (-0.84137091689455901,-0.49894099355239685)
 (0.354990314783798,-0.43097551616064261)
 (1.4413341159202593,-0.13912311920243259)
 (0.72797760357584018,-0.29865239130507731)
 (0.2078611854623881,0.094521965713158157)
 (-0.3936293275765862,-0.3576752184812384)
 (0.29591972237501385,0.58024782369059746)
 (-0.6415628257716125,-0.1739544051235947)
 (1.0259341092564949,-0.053171417467982318)
 (0.83975177150862268,0.71699818833126261)
 (0.86040897246633008,0.46334263371241452)
 (-0.54163976212477372,0.88843309747177024)
 (-0.304240781539241,1.0936065249421048)
 (1.1176562248455011,1.1035610504073419)
 (-0.43916992829567164,0.4870842848380888)
 (0.62420015217051117,-0.39298204344336896)
 (-0.17040673787691804,0.49432900200886898)
 (0.12804470309698282,0.099211163232981542)
 (-0.29445262064270683,0.29991887662986227)
 (-0.027829763486432964,-0.061560478754278662)
 (-0.30186739101956145,0.40380493089451558)
 (0.086213052044474936,-0.27139316408210234)
 (-0.11331260265141888,-0.8339931795347999)
 (-0.78660828908294023,0.85158912224851435)
 (-0.900128772061775,-0.74580562978152831)
 (-1.0452495959982928,1.6514253244263697)
 (1.3385971324063157,-0.32929988169277469)
 (0.68960779497157165,-0.37374669655157677)
 (1.6572518568502794,0.010458949099659554)
 (-0.97247226663753483,0.48105170262453889)
 (-0.50458002544399927,1.4369547781024923)
 (0.69776461452803673,0.72502397794488949)
 (-0.82131200034720786,-1.1504961037203087)
 (-0.17747742827697816,1.1638048186356644)
 (1.3390728941911567,-1.4454974313396567)
 (-0.12084160275869493,-1.4691900501147128)
 (0.23154683408705484,-0.64337877960010759)
 (-0.14299642682893141,0.60263747713147475)
 (0.42683171176020651,-0.51064048053193989)
 (-0.077693152239189087,-0.11462621929379981)
 (0.3441030129677693,-0.34873705644000047)
 (1.2828895097482305,0.74664058212140971)
 (0.25573747260360286,-1.1368587491489188)
 (-0.5463005831057044,-0.39019650268982231)
 (-1.0076364494626913,-0.23765435199546303)
 (-0.080081054511950023,0.54472481771124426)
 (0.86949735945769446,-0.0062384338219279023)
 (0.64978242622673754,0.38861136873821822)
 (-0.35964161755930346,-0.76092568815410055)
 (1.3307472386661887,1.2802716448265175)
 (0.3830868148629884,-0.31487391738376513)
 (-0.048790267375430851,-0.29991409068081137)
 (1.3754442545884413,0.1788015227060526)
 (0.38776410526502181,0.45048990956633089)
 (0.22933354686292493,1.2658965086440985)
 (-1.2755864224310707,0.0057339416955591305)
 (0.34168678868129104,0.78472078463831108)
 (0.71023349812751502,-0.41322087147548614)
 (-0.95886832807963251,0.64762732254021826)
 (0.36645999967630943,-0.94699050643943528)
 (-0.52615723085451782,-1.3312420263195026)
 (0.036459439825262896,-0.67013115137732182)
 (1.651248436504837,0.29495989110552273)
 (-1.1018693266188646,0.12337333206547463)
 (-0.18912738089861286,-0.25780803245925132)
 (0.087359045828424062,-0.32252642399686327)
 (0.28679203657058427,-1.0114023563773105)
 (-0.93192351694508468,-0.20469324279355172)
 (-0.19896053444499268,-0.71556188435622914)
 (1.1317598866188063,-0.81848760997062731)
 (1.1486846664046935,-0.98099191574752498)
 (0.7523041271778661,-0.35221318547938352)
 (0.84981796794803521,-1.120552560301421)
 (0.32070751625193039,-1.2190551227624142)
 (-0.40110706655302142,0.95797818725712269)
 (-1.0616236200166416,-0.55392819170702512)
 (-0.16026330517023066,0.4101038846207935)
 (0.64030353394205053,0.061783466419913502)
 (0.23643124659168807,0.40730918268299132)
 (0.30228576430872345,0.56601815933044741)
 (-0.074682334455307545,-0.24732194512131564)
 (-0.79297614222569057,-0.49696730331360894)
 (0.2932258046550289,-1.2640877003650037)
 (0.34531636933414206,0.44010734113203759)
 (-1.2870779668213674,1.4149672818851511)
 (0.59132219625666882,0.2580134234613588)
 (-0.71642434374038877,-0.73219222151032404)
