# Created by Octave 8.4.0, Thu Dec 11 09:47:22 2025 IST <gamana@Samsung>
# name: rayl
# type: complex matrix
# rows: 2048
# columns: 1
 (0.039467187776031545,-0.2812440903916017)
 (0.37411828427519295,-0.24297071770693096)
 (1.4912405566796649,-0.84861682815295492)
 (-1.0570662758262315,-0.21777007730042891)
 (0.014879985347709901,0.51040721578321668)
 (-0.60219973507364422,0.28026569362628934)
 (-0.37907815181523585,-0.33524212843480472)
 (0.27782597456631009,0.19985820773308807)
 (-0.82133343323962205,-0.45206973293420344)
 (-0.71095850241273328,-0.015933202019722509)
 (-0.59659767825924215,-0.28456706397109932)
 (0.47739674100223817,-0.16113127997596141)
 (0.080531509273154209,0.19146907652131506)
 (0.013010337337268876,-0.14697168837073055)
 (-0.56100975887651527,-0.4660807720185971)
 (-0.27245536727618053,-0.90997977324722257)
 (0.51277404629213741,-0.66783025039499633)
 (-0.24792793835131741,-0.63298670281026947)
 (0.13051747541213987,-2.2021166590380021)
 (0.38416470872684327,0.2028695016058373)
 (-0.65852389388816235,-0.1324868696925417)
 (-0.29301286361700762,0.23758320894662213)
 (-0.05343136692110146,0.080793247062618881)
 (-0.70340763849727561,-0.32895085818070546)
 (0.64432068447603885,1.4059305269784406)
 (-0.13845288649175636,-0.58529136701464901)
 (-1.20245587592904,-0.68961898347132422)
 (0.18858234903477583,-0.13568053887202747)
 (-1.3293178506166079,-1.2417157326698778)
 (-0.64619852914141329,-0.62052002463587885)
 (-0.050223008076194425,-0.40681505767286752)
 (-0.044320852723611581,0.35107903873075347)
 (1.005020398508869,0.034024420815511491)
 (-0.94250269907967132,-1.1879426650319034)
 (0.1333797129609034,0.33666652455833151)
 (-0.71606153396272865,-0.38921231442196336)
 (-0.20146088128559797,0.28613569823988949)
 (-0.36434026970947581,0.77890925087916496)
 (1.2326513771073866,0.43810060661758393)
 (-0.18550618176414921,0.61658660140302024)
 (0.10805105509950666,0.16366426482040972)
 (-1.5668230979789151,0.4884396200296236)
 (-0.37314828722505083,-0.21031234706712237)
 (-0.45060665506987713,-0.31344772860129394)
 (0.11863342626942744,0.39480251493498397)
 (-1.0947826227999007,0.12052285512643435)
 (1.9394919534476514,0.74648093452223507)
 (0.048414607838696666,-1.7206392748347965)
 (-0.45024365950143819,0.90222177732884201)
 (-0.068941682278618188,1.7319750824780749)
 (1.0844066940836949,0.18503909133185695)
 (0.041279447070193917,-0.1958532486571139)
 (-0.30256740002921434,-0.75874290189916305)
 (0.31014629690190076,0.52913074730188336)
 (-0.36863797736738507,-0.19726294350077936)
 (-0.50907939867098506,0.31352570061205964)
 (-0.021126019035954742,-0.00065618467120414151)
 (-1.3232494618711019,0.66934794317245838)
 (-0.77941201246741898,-0.33891881764883125)
 (0.0060335655567342883,0.66957626649282309)
 (-0.06942128494196334,-0.71055751582478577)
 (-0.25390508097461162,0.72033788329967097)
 (0.2092612826994194,0.51768657647120397)
 (-0.58967812177916201,-0.47191766383391665)
 (-0.64981980900318104,0.3245573351386421)
 (-0.75013964582643111,-0.74088219157981117)
 (1.7080244114581045,-0.16629640934430567)
 (0.8996367884185561,-0.94961994907719594)
 (-0.15347925969442303,0.096840958086376744)
 (0.53589142980745219,-0.14520127491869511)
 (0.86874094934667279,0.16233104528197331)
 (0.087732829321497841,1.2421723990992928)
 (-0.19217172078624437,0.66420486698057413)
 (0.016922339494574286,0.093563861453815456)
 (-1.3867916608048403,-0.13218520212525303)
 (-0.34279202175385992,-0.16478449465923206)
 (-0.15314137814446557,-0.023571712658875442)
 (1.3771437347727304,1.0361375465140972)
 (0.17829618866409605,1.0464390195388)
 (0.054196755635083527,0.31448907348999605)
 (0.4497634529400214,0.38610981697411717)
 (0.015542534957299186,-0.015424355564637353)
 (-0.93463696469653956,0.36388464204047838)
 (0.054016720079207714,0.78057236010995512)
 (-0.20404291506541422,-0.92042765707458629)
 (-0.42065561917388727,0.15101897890452401)
 (-1.0243968197126367,-0.20112563789482646)
 (0.032982176609628377,0.91317657702598543)
 (-0.26456693769858308,-0.17385128860699181)
 (0.20629565253585785,0.24929654890559105)
 (0.4966557196614253,-0.069347368191216896)
 (-0.99849062907810171,-1.0201350333665804)
 (0.28307816186648183,-1.7768695873374201)
 (-1.2525945190184047,0.46317253659579732)
 (-0.15296618037897308,-0.50580608612047828)
 (-0.57018292001018545,-0.31844838989423307)
 (-0.39431877573541696,-0.17659931116727914)
 (0.79429591858511173,0.83348400708567971)
 (1.1185530643380104,-0.65615680614046135)
 (-0.15162843418837046,0.008434279985463769)
 (-0.79954460991883591,-0.93163861137650805)
 (-0.1467602155311013,-0.21626250684533699)
 (-0.021461069463732302,0.41052088481726712)
 (0.15029250748064985,0.50587750905304474)
 (1.7562156080490878,0.4445609785473621)
 (1.3044837255202362,0.020992434608113619)
 (0.61667906919658155,-0.35548731682870016)
 (0.31775608216690115,-0.92179724151756359)
 (-0.13400700450175895,1.00669879954736)
 (0.82194654643241716,0.0054535427186532537)
 (0.53962291432953025,-0.25068234145550905)
 (-0.21771468333425922,0.072915637867319194)
 (-0.42173838259557839,-0.011922317891032541)
 (-0.21384535997233975,-0.52197525073176021)
 (0.21201730383269446,-0.99237921707653964)
 (-1.0559782223030063,0.14914066869539855)
 (-0.38059766958232943,-0.097924268711051227)
 (0.033921680897161688,-0.46796240895065017)
 (-0.028501090409688123,0.41470649778845131)
 (-0.69972939289923808,-0.44131882944482326)
 (0.37968948893864701,-0.42084878630988792)
 (-0.13556051240077058,-0.45867318233468113)
 (-0.034294788488101968,0.68623474222848757)
 (-0.27426612758132402,0.098222955357453359)
 (1.2560037146168479,-0.42398287974745286)
 (-0.17259480511784625,0.2826742398641609)
 (-0.60569942905266538,1.0866422219753757)
 (-0.22282440358155917,0.18142953948102039)
 (-0.66145226721887695,0.0050915025519162604)
 (-0.49021947084995215,-0.24261379372509623)
 (0.2068989828771774,0.040768050638921902)
 (-0.34362713931862499,-0.25851494331746117)
 (-0.094345151138074942,0.17232406084218987)
 (-0.22173795461884302,0.13024013791935454)
 (0.059123501307843843,-0.1710250985549357)
 (0.61114559505279642,0.032497547419500339)
 (-0.15108566470017185,-0.18042660166056876)
 (-0.26570288087914889,-0.032928864500006663)
 (-0.029104808679492666,0.40301696191319675)
 (1.3384214567615418,0.33919016782818678)
 (-0.52470145815014435,0.45669861807503459)
 (0.33963694971219488,0.20990461901505825)
 (0.88940973076551333,0.54955729557386823)
 (-0.17676863048283398,-0.10603396254692282)
 (0.64620669923052954,-0.49084644285212103)
 (0.93076821623154715,-0.86668257572645102)
 (1.0845635136158489,-0.45002442718091212)
 (-0.18825829649088058,-0.68538529163828243)
 (-0.32931331201169389,-0.41659307433130843)
 (-0.32612592756031134,-0.79183035689530157)
 (0.50011744523429924,0.051679550613059955)
 (0.54221437356849045,1.9622243163943822)
 (-0.33612040030124174,-0.34357758079954509)
 (-0.11614886394436465,0.5964550485932506)
 (2.4531488107964288,-0.68977139655268227)
 (-0.17966699901509275,0.17463759759700354)
 (0.6138049271944287,2.2455022008337782)
 (-0.16865296533695834,1.2550756242272392)
 (1.0271162860690219,0.13456706553966166)
 (0.051059603311765983,0.094600555734329295)
 (-0.30625760511110556,0.10430042196372286)
 (-0.75461129379697112,1.2074895656140829)
 (-0.5833853106229594,0.55411631076158385)
 (1.0412982855472719,0.83886071752194635)
 (-0.55974363908064717,0.053197111145029952)
 (-1.182463656082734,-1.3227744378328354)
 (1.6911710626049452,1.1208523006603273)
 (-0.75210566036852622,-0.30767505880466128)
 (-0.67442407916035652,-0.23784933837071587)
 (0.34364274840897657,1.8963855036514323)
 (0.11468123112087247,0.65885679181661594)
 (0.45338217010881854,0.06644068112204779)
 (0.40036814670111248,0.44449171803175486)
 (-0.04640349536801875,-0.16562378754526472)
 (-0.036158281516743419,-0.018836243457964318)
 (0.61590410627652981,-0.97319466699372503)
 (0.33902674782943121,0.88077813751685341)
 (0.21078579430351355,-0.27181692904831412)
 (-0.082351042572345212,0.79894113457365923)
