# Created by Octave 8.4.0, Thu Dec 11 09:47:22 2025 IST <gamana@Samsung>
# name: rayl
# type: complex matrix
# rows: 2048
# columns: 1
 (0.051156120333482741,0.3391194618698633)
 (0.60339153338688167,-0.624425712977281)
 (-0.54568143272618586,0.68810680263547375)
 (1.4239431964191307,-0.37919204643339011)
 (-0.69888821404787715,-0.85921350458034784)
 (0.020377000942306434,-0.11115852537402646)
 (0.15490240367426822,0.77258500937765129)
 (0.89593329957051493,1.1263118649029475)
 (-0.1981409164900115,-0.32635950304047923)
 (0.36743840244685655,-1.4495491130832638)
 (0.71964426033780371,-0.024073542963850197)
 (-0.1979273070931642,0.35698751822378683)
 (-0.23869880370344382,-0.30504520684771036)
 (-0.29426626652218052,0.10790407232755263)
 (0.17755725198784944,0.21046356219254758)
 (1.5898490169493791,-0.31655377932623341)
 (-1.7675803337474336,-0.25676746822102292)
 (0.90787014639451158,-0.54311455330211467)
 (0.64955184435732627,0.57073420272939124)
 (-0.34420187938386315,0.71749242964184468)
 (-0.14411707874726751,0.11841236457438369)
 (-0.67692890966415686,0.049913950271692542)
 (0.095317292226478709,0.051003900185179682)
 (0.033910618623907041,0.59654561670500272)
 (0.67545000189594828,1.2905462324446435)
 (-0.095118198716440922,0.19501325936789779)
 (-0.60446125594868438,0.4422872328640125)
 (0.73399897393579105,-0.030367553345168163)
 (-0.033739677256853992,-0.25630345115034386)
 (-0.36772682846940496,-1.3550153088627557)
 (1.1579316449585326,-0.34005163957513357)
 (-1.1730124380040929,-0.21575719399841903)
 (-0.49045762113547081,0.19932946600553986)
 (-1.4382178880412859,0.067807670153977151)
 (-0.23220247945493969,-0.5174995242455267)
 (0.30177413494730942,-1.4525925600901877)
 (1.0564413036128464,1.791918566899811)
 (0.30307897172380782,0.47331883712103451)
 (0.24116203935491209,-0.3744169129016075)
 (0.53655131493912622,-0.18455915302786616)
 (-0.22386106902680336,0.49708130583023324)
 (0.26251979855348695,-0.1022451294995063)
 (-0.54497970434602316,-0.27351713529130472)
 (0.78210940807142437,0.21838676649430064)
 (0.27401533104070591,-0.74998633882961574)
 (-0.15733041083364774,-0.074182418435756486)
 (-0.46679077083936865,0.31729689962715008)
 (-1.0004185278652067,-0.53718277020688898)
 (0.23016483836467796,-0.28044353357471807)
 (-0.32290254658823092,0.68004332636570719)
 (0.10131990171481078,-0.28344044503772003)
 (-0.17227656251711071,0.54017099551514791)
 (0.25621918362918028,0.2965778707219574)
 (-0.10516499029540037,0.072104637261589846)
 (0.11783353956554646,0.2390529458498501)
 (0.13176257675424699,-0.38543111135675878)
 (-0.090361835857625056,-0.44951488096399661)
 (-1.2573753597277906,-0.17143385295013375)
 (0.18803014203961194,-0.055010261145002584)
 (0.025759869010349434,0.19731173599675172)
 (-0.10228790328971721,1.2547433139175592)
 (1.0109897883645989,-0.108870862882055)
 (0.40178486618289055,-0.78031973221901629)
 (-1.0956681615014257,-0.47831071835612526)
 (0.42608038047425423,0.23064025535123178)
 (1.0031265169112145,-1.5155801383270677)
 (-0.42362194384900131,-0.12169468286105371)
 (0.19256786867501491,-0.42907384438488144)
 (0.094647764165471007,0.12582821310480771)
 (-0.054052533433497627,0.064024728730212019)
 (-0.71115146520991346,-0.19813632742618592)
 (0.042507703008990344,-0.43088413460161212)
 (0.58657603097266053,-0.39538860388661268)
 (0.61641956990023239,-1.4377612076587316)
 (0.30809922233387321,1.1023601869977748)
 (-0.26067652856761103,0.3665695489496531)
 (-0.58857577728043142,-0.021272935098832879)
 (1.2109873295174025,-0.44935311458150834)
 (0.024754069762021817,0.21411256931616707)
 (-0.55076782625336329,-0.38016049570261307)
 (0.91408702093493965,-0.077656392368238847)
 (0.59918264137083954,-0.81669601060563668)
 (0.0062983665625763186,-1.0326095575728833)
 (-0.24304275731164696,-0.39538093330306867)
 (-0.6557023756772774,-0.14297467894540494)
 (0.41334542297650012,0.87361900141067061)
 (-0.83706813937303171,0.25177620020335983)
 (-1.2118597971453915,0.3568424661441264)
 (0.36794142804826346,0.48830456870036049)
 (1.2511977388315052,0.44898614599758374)
 (-0.18553520717931521,-0.52003096845624519)
 (-0.35093545754306332,0.1853186301275872)
 (0.84119988790355782,-0.51181466230807016)
 (0.43901061388578466,-0.00074642926010193289)
 (1.1451840953416539,1.0172340455995685)
 (0.27846668151115161,0.59855071617566935)
 (2.3364297924256232,1.0983498325745007)
 (-0.43916293140879942,0.26454545291299297)
 (0.192256969030252,0.63851643315820727)
 (-0.0049784534550862403,0.69295702825701566)
 (0.34921530684611352,-0.94619689529725926)
 (0.71555269024412715,-0.10110145307411195)
 (0.42095359857364201,0.34633592212431719)
 (-0.16589075551622778,-1.7319216012844683)
 (-0.49996462732353297,0.47786070592536833)
 (-0.24612192481616932,-0.31047738955262105)
 (-0.73852562348131312,0.70430029295366758)
 (-0.47911183844712268,-1.3450277229326622)
 (-0.23012843775575634,0.125083861007564)
 (0.46274148413938865,-0.45372326357486026)
 (-0.41168743237350058,-0.30661770174949848)
 (-0.61572284469164762,0.68942271918072384)
 (0.48168043488093182,0.18481407826129545)
 (1.490885198505177,-0.98752656424127783)
 (-0.4237970081252519,0.20334160655503927)
 (0.13302652295485159,-0.57759996540401304)
 (-0.53104915429452892,-0.17714014317809459)
 (-0.57173314977442458,0.20242228175340163)
 (-0.40456913038235098,-0.013939042226659037)
 (-0.13711559128109296,-0.6615759601525153)
 (0.035085102733375839,0.051750452412234485)
 (-0.19772908617188506,0.26612583348832763)
 (-0.11019774578058775,-0.28962019522867588)
 (1.2483466845935514,-0.96605694617440241)
 (-0.56910342533241121,-0.4910070551422378)
 (-0.37617724971206495,0.4332185735576804)
 (-0.065827864862374741,0.0044794803393074026)
 (1.9506899138528206,1.0743487863767953)
 (1.2138267088712562,0.54425516324215351)
 (-0.27381482943955698,-1.1291822041634636)
 (0.43106339677203709,-0.076344683346534173)
 (0.18621376473117202,0.18585311649621933)
 (0.25227956445981548,-1.3586023566988541)
 (-1.2599316576654627,0.96317422855830781)
 (-0.44504861296960507,0.051571903720816242)
 (0.0025771778448295257,-0.51821944813093879)
 (-0.94750485845818355,-0.44257994873180573)
 (1.3892637993436441,-0.25292862125540838)
 (0.45677754759901845,0.59249984276581891)
 (1.0558843497638308,-0.10191269799004821)
 (-0.20885784431559987,-1.268390622561445)
 (0.5661323970457125,-0.37070972329856955)
 (-0.7494867557656496,-0.085959443645644534)
 (0.29942474983255085,0.40776161550204104)
 (0.22392482041896922,2.2827617794088977)
 (-0.31873880384169401,-0.3884550678141801)
 (-0.037111621755614999,0.14928835553612854)
 (1.1093650061502944,1.4488140373464096)
 (-0.44743787051075951,-0.39787087422800305)
 (0.52483365336702881,-1.4012196525662755)
 (-0.20102737962614634,0.3768707835572972)
 (-0.78952252638206,-0.47266580712496492)
 (-0.3962685407205781,-0.92787894144274063)
 (-1.6961771334219991,-0.20636894521679405)
 (-1.6246944577836988,1.4504747492288854)
 (0.27263389432094326,0.059911722905707621)
 (0.59990092188871436,2.0393806948038531)
 (-0.012889120381983754,-0.85902409000162494)
 (0.17995299047246063,1.3297214337401435)
 (0.46557450250850063,0.38645518955602631)
 (0.30383106895349166,0.51096962754611763)
 (0.92186308312279652,0.044837303576943044)
 (0.14830760829174153,-0.10908406915125288)
 (-1.4699645466073317,-0.83911734361750723)
 (1.790044762127688,0.90485455607423693)
 (-0.86336797798412968,-0.65752814111669666)
 (-0.41178765291729968,1.5312636556051702)
 (0.5432651297548482,-0.34297003531150982)
 (-0.083789404927484323,-2.1479129543135809)
 (0.84015932868747745,-0.37954020811063455)
 (-0.59040177616519285,0.14198054503761737)
 (-0.11762688593422482,0.065442973933584059)
 (-0.011042694469930649,-0.15515251751545539)
 (-0.048859097696420245,0.31097784428353381)
 (-1.3117593769373146,-1.2099794264239603)
 (0.20169252971446255,-0.29540255797584003)
 (1.2451199645819599,1.6180347161072399)
 (-0.85820270774720775,-0.092530595193337284)
 (0.66739141508192634,-0.51877949308865068)
