# Created by Octave 8.4.0, Thu Dec 11 09:47:21 2025 IST <gamana@Samsung>
# name: rayl
# type: complex matrix
# rows: 2048
# columns: 1
 (-1.1222698471434882,1.5741445312876405)
 (-0.97879012573699897,1.4423413018488298)
 (-0.69956588511857487,0.027196312881324403)
 (0.23695361723367986,0.27709351991196779)
 (0.85038299298418984,-0.5554273788761217)
 (0.59464458026755473,2.5629314355994071)
 (-0.5208582124794725,-0.29706349964277523)
 (0.95129023412185154,1.7549577622591483)
 (-1.4745420110746696,-0.32780362171696226)
 (0.33448667978229607,-0.22600085718551693)
 (-1.2022928490420242,-0.19174880817310924)
 (0.31460812854329379,-0.81124357147585457)
 (0.48368522386294777,0.53406954557462827)
 (0.021244687191349136,-0.057895937154451231)
 (0.22103635555313628,0.86269842864625512)
 (-0.93119718346039282,0.86282647392218192)
 (-0.24699221415575981,-0.80625557610111631)
 (0.32593783541680904,-0.55218863591278189)
 (0.3124620175179153,-0.59987958319389967)
 (0.049851523724366131,0.035208567643681993)
 (0.12777972288716746,0.45457362521823308)
 (0.041187940674995566,0.28134139084263055)
 (1.3755541353019289,-0.22895323529459455)
 (-0.52376690642606361,0.089338554690305161)
 (-0.20621528280429569,-0.095170278132656994)
 (0.49050555545504121,-0.2943170358868662)
 (-0.44673472701241373,0.22203457561746848)
 (1.3915536206089596,-0.44384545804173642)
 (0.26897711476850317,0.031716052939443837)
 (1.1745736319261455,-1.4649392630521465)
 (0.4164814649319023,0.32229891014356293)
 (0.67130893021957938,-1.1509936026135228)
 (-1.3229957434216779,0.95913765446989985)
 (0.20240003973655568,0.38094653537243384)
 (0.3581927520936401,-0.687336023749198)
 (-0.8423402244441125,0.43725173434515474)
 (-0.2476312484075629,0.49088891514354904)
 (0.0067619132172141994,-0.22702374515907095)
 (-0.39224129926790247,0.2329918261428694)
 (-0.64901229159597718,1.1187583435383854)
 (0.71519211171761254,-0.26654806032390943)
 (1.6362369527244354,1.4738614373086032)
 (-0.54220502791281078,-0.27505018652934388)
 (1.8242242722754649,-0.051490859501049924)
 (-1.1646025455671218,0.78984333161170528)
 (-0.77613045635572353,-0.68700072888631059)
 (0.59820916546641167,0.15812911221633785)
 (0.63502671415707512,0.42695020699765029)
 (0.53413667598291203,0.055274127490264474)
 (0.15676362209986394,1.9247342440259807)
 (-0.29722271600195649,0.49143244397331942)
 (-0.39479971824901178,-0.30413502653439128)
 (0.10290520238697409,0.11898368725264469)
 (-0.065908532138355014,0.86338428482132867)
 (-0.18870706488287092,-0.35971760669952391)
 (0.76214632579515817,-0.72701366791609923)
 (-0.068496796995692388,0.10087607771551604)
 (-0.10539692348248249,0.28853481565038541)
 (0.29745694214769847,-0.73051221776775233)
 (-0.25529069347036426,0.63622329896946539)
 (0.40783789530791026,0.015537051566251625)
 (-0.14482198586983369,0.68363731157048058)
 (-0.49620961616308917,-0.31768699868431538)
 (-1.1824254173974125,1.1976307533975481)
 (0.16872292374550568,0.85722519577914369)
 (-0.014994632448528833,0.28459118750078966)
 (1.3389629783654697,-1.7569241662919926)
 (0.36832808401252881,-0.27860966940646326)
 (0.72995290729041085,0.69419084162242362)
 (-0.11133012275503409,-0.32206678850999315)
 (-0.078596733190272688,-0.10161302946027775)
 (0.35925514490177379,-0.42656102114564398)
 (0.33698316515832283,-0.48980532654452941)
 (-0.34227975354628648,0.18937375182235364)
 (0.44219899200511326,0.046499565600559886)
 (0.17046021516069348,-1.5080062627752651)
 (-0.923552952958139,0.90739178821335398)
 (-1.4296390060039044,1.1996184440997584)
 (0.16978210722683756,0.086059607886063594)
 (-0.16983918955285687,1.3672230455496261)
 (-1.5709798919938238,-0.88139228091891941)
 (0.89419297493143723,1.0620993710056084)
 (-0.019764710875486036,0.53463304816440238)
 (-0.73422483507874592,-0.075153901621767799)
 (-0.12943607990558831,-1.5551669829524506)
 (1.7574468274005077,0.01287076291916367)
 (-0.015938045938841836,-0.42316149602495767)
 (0.60674297251241927,0.91963241299088971)
 (0.56118909204337075,0.16688639819554721)
 (0.1629378629536217,0.61444072753707013)
 (1.4604081344789526,-1.292423769795199)
 (0.41176703225213007,-1.2859687357037759)
 (0.22303031827952219,-0.046238796527081905)
 (0.52893432385525763,0.81391305339364883)
 (-0.64461131212309086,0.36220725143543092)
 (-0.27651621675558502,-0.35165833931661983)
 (-0.45136790615774147,0.85857682521271894)
 (-0.577138812020216,-1.0070663765693859)
 (0.034819117942049102,0.11404793269531285)
 (0.41472707132496545,-0.19417669770175561)
 (0.3649244360789804,0.057175865038693124)
 (-0.53377378856963908,1.7385247343294989)
 (-0.28305129011653296,0.089419523674099194)
 (0.13944206136605719,-0.7329584696623912)
 (0.55602179661845896,-0.082364585122664175)
 (-0.21283324817234445,-0.06491634006478314)
 (-0.21669942847301232,-0.26848954186775875)
 (0.36926846778447575,-0.079314844023711917)
 (0.76239529601245837,-0.79083079524494804)
 (0.24368449083281307,-0.21685539101131776)
 (-0.22570201959522732,-0.12071019958951087)
 (-0.30203725305578899,0.070880339495540554)
 (0.23418608394683654,0.30229426302153367)
 (0.047527799412747485,-1.1816222453779193)
 (-0.80553457306611964,0.34937214387076776)
 (-0.078532166993764099,0.2708269417133799)
 (-1.1533999205720726,0.27985985868915847)
 (0.5159406337590926,0.22911599836539287)
 (0.056082898917739959,0.290868073855994)
 (1.0429979939305338,2.1732205950325847)
 (0.37442084962786337,2.7064932436055109)
 (-0.46296558231403301,-1.1634612858497233)
 (-1.0153323701195842,0.591455615742983)
 (-0.21080887825120967,-0.10820767435134362)
 (0.0092292625019900418,0.091279268614981146)
 (0.7627212701695828,0.45068907434233985)
 (-0.20253715483109427,0.11619895428119066)
 (-1.5048013730777281,0.59618942942931996)
 (-1.3972329034814572,-0.82195002601218259)
 (0.61636671218105832,-0.55655862049385774)
 (0.21433403280389238,0.37431424629742849)
 (0.79262038897812637,0.085178656713413625)
 (-0.1710367641709224,-0.29763040281266379)
 (-0.19262500090992141,0.064794578854296236)
 (0.17261336442313405,-0.5267132187813004)
 (0.64749380065421347,1.224705914743329)
 (-0.31531777464027044,-0.53025339303322783)
 (-1.8440020675550515,-0.61828868917850366)
 (-0.69921639992212559,0.91782744844389952)
 (-0.77807027211409518,0.93146647498114588)
 (-0.029132858937432282,-0.77477538999898399)
 (0.72742555992360314,-0.35531505339430247)
 (0.82728377560703203,-0.33999062128092172)
 (-1.2485054455195201,0.42011637773233396)
 (-0.0061839737364179914,0.37049839986883304)
 (0.21465830938829256,0.78894218289173024)
 (-0.82000196179483675,0.41196230669125983)
 (0.29999799270606042,0.29018326549324436)
 (0.45044572623043688,-0.83267460093210166)
 (0.10156177563945717,0.93726493803892319)
 (0.4571636633702918,-0.098457528067628114)
 (0.76343385990323598,-0.86559195357470875)
 (0.47716183807385559,0.60878332712554517)
 (-0.50268174144298339,-1.1229730942937532)
 (-0.71512374495385012,0.6582405251720167)
 (0.35812794834587852,-0.76663202573610278)
 (-1.091625395824799,-0.5013458494441716)
 (-0.27174924091143271,-0.029142503712311946)
 (-0.15254447976158211,-0.22017829024293475)
 (-0.37721474913771819,0.41975593371167907)
 (0.39330335633513497,0.38617646148769258)
 (-0.084800207934236177,-0.74196569951266322)
 (0.49487090505301728,1.0404400120537769)
 (-0.097889328256488134,0.28700896927362918)
 (-0.55931805009203828,-0.80537836146230424)
 (0.17937859961840047,1.0890220154653789)
 (0.24209017376257325,-1.0434627211283114)
 (0.17994436024058735,0.32227612129779459)
 (-0.7310884939512905,-0.60927458483531605)
 (-1.248086826050731,-0.64929040949941164)
 (0.31366089811140535,-0.3304276603858739)
 (-0.61161326256553161,-0.709495222859168)
 (1.484047343934094,1.772997462217579)
 (-0.10163509715660972,-0.0728005047164446)
 (-0.82970244927335313,0.46449386807125953)
 (-0.99074471295718936,-0.35368579349939422)
 (-0.052690314825861895,0.26898674589250454)
 (0.50080492529923271,2.0258889523078367)
 (-0.23916960606396109,-2.083375116260036)
 (-0.33643922345589283,-0.35138701009291834)
