# Created by Octave 8.4.0, Thu Dec 11 09:47:22 2025 IST <gamana@Samsung>
# name: rician
# type: complex matrix
# rows: 2048
# columns: 1
 (-0.14012473577771631,-0.42504463710557261)
 (-0.26238596074484827,-0.20141427134301904)
 (-0.15855416021805549,-1.114210198568188)
 (-1.2122923469938323,0.31710603698868395)
 (-0.55003167991075497,0.63286040495504914)
 (-0.095790731463943013,0.42737280522216564)
 (-0.33482098551538503,-0.03649260960820537)
 (-0.30813276314654636,-0.3637883768241067)
 (-0.19771037625482257,0.57817051740115988)
 (-0.23038389536952592,-1.0769373642982591)
 (-0.67842772368361848,0.71511106954870129)
 (0.18583859631435268,0.12704575981757865)
 (-1.6459695615892871,0.25767992783388627)
 (-0.97069264967372038,-0.31880522624675278)
 (0.0083301382303859542,-0.12357954069082094)
 (0.61646232913098586,-0.56256706600233897)
 (0.099245120779370422,0.50546013608186691)
 (-1.4148408679142563,2.3571591029294967)
 (0.28499995380827453,0.27377359132960039)
 (-0.25033535118217531,0.80234103627415609)
 (0.38581309081527931,-0.80496605276168864)
 (0.14761973345737422,-1.343146286244995)
 (-0.62950820962311316,-0.42443720846412125)
 (0.2705922699392036,0.083206504790267977)
 (0.087244871767800158,-1.1885421782687469)
 (-1.1329398127690919,-1.3648370294011318)
 (0.53105038869843024,0.6700852457760399)
 (-0.54219274911633863,0.099519720525284378)
 (-0.0377079310040902,-1.274130129249003)
 (-0.52751569912293161,-0.53585982470716287)
 (1.0420788948482644,0.038892476916991103)
 (0.91743002775995042,1.1655737434258497)
 (-0.17898638827653371,-0.13222142525758004)
 (0.3717608205128618,-0.79549502692910823)
 (-0.3130261752882576,-0.31811705567849879)
 (0.32113439993127668,-0.3916900092885609)
 (0.25505900124922165,-0.36111496714798841)
 (0.38858752198463625,0.42779117781162762)
 (0.029321075050581791,-1.2135167476381508)
 (1.4855991965465929,1.1102174265746441)
 (0.31260399026661378,0.70466006896284528)
 (-0.56145657134433447,-0.16098801205462571)
 (-0.47502086555991924,0.30035999530353819)
 (0.311545725507968,-0.48281859671069227)
 (1.0518105031642964,0.14158342299189225)
 (1.1745187222319904,-0.325611503851374)
 (1.0938635475372276,-0.56175038388199194)
 (-1.2012034202262385,-0.58800172898350012)
 (-0.27564552596262137,0.2495620634015091)
 (-0.74864335458740738,1.3358379207275113)
 (-0.31696164247160963,0.85182518912814731)
 (0.46691139859347341,-1.1561234840477923)
 (-0.38517484171287281,-0.54716648614441454)
 (-1.0789949230772973,-0.33105732687456124)
 (-0.38888184713808349,-0.024223525575106652)
 (-0.11054963111579341,-0.59594737875072201)
 (0.9263717162573093,0.34552228030542648)
 (0.84333380430051252,-0.29209684014891857)
 (1.2302529428042583,-1.3343831870020253)
 (0.63352060886429584,-0.34401354061605488)
 (-1.1135393572707601,-0.92912677350010742)
 (-1.128684045431263,0.10305003279932701)
 (-0.16245198268001179,0.61029520131922621)
 (0.42719173432870194,0.018740143537773729)
 (-0.47128737596956738,0.8749511175906669)
 (-0.39324770484360277,1.1593436477505923)
 (-0.20374989212143982,0.43426830044890452)
 (-1.2125934968854963,-0.27841418618405267)
 (0.35789590216295386,0.28229051412511974)
 (0.16766244123505963,0.29160300566847769)
 (0.38748031425131757,-0.21356932077293445)
 (0.085768345475265115,0.22854872581157071)
 (-0.3779650707102134,0.093384585012805443)
 (1.8287777331077635,-0.85904030137578546)
 (-0.40500043566064936,0.60722013748264636)
 (-0.56186788708022761,0.50902848781738896)
 (-0.043576967374020975,-0.82863160661088497)
 (-0.40483929743258795,-0.34565344211239757)
 (-1.3312506661740451,1.1705755371575899)
 (0.07239859514543312,-0.79189890765076354)
 (0.22006928586689634,0.050949412474211364)
 (0.55902753899742774,0.40950849501446024)
 (-1.1631951820356654,-0.59259425533968169)
 (-0.70032213223527362,0.00074680048004704958)
 (-0.91624526944889795,0.65639121855056448)
 (-1.2096573351311934,0.21627664589319995)
 (0.36054107498118576,-0.45013435102500648)
 (-0.7625495700707644,-0.26834099224293262)
 (0.88172431919394845,1.0822618849789363)
 (0.49577693748772655,-0.17034091014974637)
 (-0.16621844087110799,0.94514237897648712)
 (0.020366237409154331,1.2104686311246489)
 (0.26092591386840452,0.45534935240025798)
 (-0.13996562555004191,0.52796017405215512)
 (-1.2260441547865939,0.70570884225740649)
 (-1.1067468209323612,-1.0608968051948102)
 (0.182516564283451,-0.28335568554563073)
 (-0.31177068211222436,1.22602192101927)
 (0.75022452136205697,0.35213775835344185)
 (-0.30333735633648679,0.11889669738623843)
 (1.0243074674976775,-0.98172852927483567)
 (-0.81241220203600317,0.73794066154241966)
 (-0.982399821309201,-1.3177149016096616)
 (0.88078850817098453,0.39525093853119431)
 (0.1636844177402261,0.98800995676253611)
 (0.38312495063374163,-0.36860662600056793)
 (1.042697576620073,0.95676369254742433)
 (-0.75511580104880172,0.70677538732554068)
 (0.50449272769193443,-0.43954679244079453)
 (0.30185271252460077,0.68490794967491464)
 (0.1554288791510442,2.4281710555143499e-05)
 (0.97785648514531387,-0.21454413810454745)
 (-0.42191657816315364,-0.15147203565164569)
 (-0.52916724169354767,-0.98247787393155361)
 (0.37547403377877925,-0.81721353238111583)
 (-0.16096483277740822,-0.44793762158513972)
 (1.0837936620325244,-0.98060923654166277)
 (-0.99083689754349236,-0.93139315260749445)
 (0.34337628820882404,-0.24702839480968442)
 (0.33826387702876709,0.46416694158192334)
 (-1.1507424346955724,-0.49141776480963822)
 (0.51345428812769056,-0.42902198039712569)
 (-0.48707871897392468,-0.25751891626906193)
 (0.32988452503930865,0.23413180287389881)
 (1.5017133112289474,-0.72885861515740191)
 (1.1504232198222939,-0.78254492278232579)
 (-0.18842304525400472,-0.35615979560290506)
 (0.17900958184373636,-0.28254823672946189)
 (-0.15457439875608575,0.70168321499826514)
 (-0.33543089817019101,-0.43657918638968252)
 (0.54189649467852163,-0.40085785508462929)
 (0.51208870117477878,0.11239781892394929)
 (-0.43009896841190831,0.95649291017750393)
 (0.14288951209363115,0.076016328398625987)
 (-0.49814553627220132,0.39597546098865805)
 (0.11640817842350601,0.37861137798965072)
 (0.13823401464598295,-1.6078530920817915)
 (-0.63826502873938806,-1.4118659652882328)
 (1.4151216995788645,-1.4198617368667728)
 (-1.0985044930910333,-0.52068127320191659)
 (-0.078618588327342365,-0.66040937110990439)
 (-0.10006166939859878,-0.2172612035834765)
 (0.97301616231277865,-0.94494968482462793)
 (-0.88320038698513736,-0.70813341017236209)
 (-0.47002018968965753,-0.71830312734601542)
 (-0.34680267200741144,-0.37375632249269208)
 (-1.1983737924130007,1.6195585759086439)
 (-0.18596147044023278,-0.21456448735102382)
 (0.5293977429244987,-0.36882765810443413)
 (-0.87301119729633136,0.17332405004583457)
 (1.3205861483342374,1.33967444814783)
 (-1.630305958920925,0.3879352098413491)
 (0.5880991820045538,0.65304556321721585)
 (0.66151944550757869,-0.49575930334524365)
 (-0.28810806418807555,2.270629211795006)
 (0.7048729083873948,-1.9940340516021939)
 (0.16600940479310378,-0.68326213202588204)
 (0.10322012452983678,1.1239359838695966)
 (-0.26558388113739506,-0.43001161926132336)
 (-0.55209860648014653,-0.7128051954987209)
 (-0.84782446992878857,0.56040009675710845)
 (-1.3275149397159813,1.007282112515052)
 (-0.85206488512949807,0.73001545412227764)
 (-0.32311414558807994,-0.2641704629237086)
 (0.47899365407341249,0.26906756666210868)
 (-0.13924585484788782,-1.0369671042837605)
 (0.065788799126748398,1.1417425841241511)
 (-0.92167209825433538,0.096122769429635713)
 (-0.39361813918221028,-0.24550442714985737)
 (-0.97109695583017619,-0.75219476249112394)
 (-0.82256971819061009,-0.14216938082405117)
 (-1.0930821199505554,0.51165748383604348)
 (0.33339069522894266,-0.30148494317638069)
 (-0.14179999390231554,0.077820467373066096)
 (-0.87675696591182373,0.079455293182985276)
 (0.67060312884087825,1.1396216468044953)
 (0.52321905675484126,0.82468539094622828)
 (-0.80966287680965976,0.09080124664682418)
 (-0.95466076487355955,-0.67791055087816243)
 (1.5024714177352552,0.61999154373243481)
