# Created by Octave 8.4.0, Thu Dec 11 09:47:22 2025 IST <gamana@Samsung>
# name: rayl
# type: complex matrix
# rows: 2048
# columns: 1
 (-0.77861504180736174,0.097655845400011182)
 (0.55299429330629868,0.20183822347384736)
 (0.28661521962848369,0.95259564865197188)
 (-0.84858532938256803,-0.62836362320310757)
 (0.33536485375813058,0.92067801216689782)
 (-1.6558511061874972,-0.52706645775077865)
 (0.1345040907869165,0.25562967952387261)
 (-0.53471507701937959,-0.38023822708201344)
 (1.4273489713359213,-0.7622229368927872)
 (-0.2107840819819515,0.32537227701898086)
 (-0.2138056134251102,0.05504008225570553)
 (0.12297850538218794,0.51637110410957754)
 (-0.10076676460021156,-0.087954633781682473)
 (-0.038860802413120961,-0.023589697563476432)
 (0.66778548084209532,2.232506157333372)
 (0.11121176727320074,0.34234516240398888)
 (-0.26242833107836144,-0.37338090865325163)
 (-0.17930015004358271,-0.064569642260892568)
 (-0.16677743579819471,0.80866345437099396)
 (-0.36412459240843709,-0.11653073904636167)
 (-0.21065117120409199,-0.38067764489748096)
 (0.24457817742998486,-0.36564272844798318)
 (-0.02999841126309602,0.39580732930236462)
 (-0.26660618448917861,0.44842442208840538)
 (0.76631052148324463,-0.14194712388456979)
 (-1.5546774835954307,-0.17478533420522713)
 (0.31983585645011514,1.4629853414731531)
 (0.14922944154196408,0.13360980783933488)
 (-0.013597563216219549,-0.18522101025538795)
 (0.073619540829873986,0.50363726860805791)
 (0.099430620439235132,0.21730305986141324)
 (-1.1471155561578408,-0.93746420518225149)
 (-0.51042593127759961,-1.3985339145307716)
 (0.043769309708610774,-0.058769202712127697)
 (1.1537538631738555,2.3101086399943305)
 (-0.56553614311980316,-0.18314387775451904)
 (-0.13788213108899716,-0.84880978288608777)
 (0.10866593963974794,0.50342667634942906)
 (1.0518400076575194,0.26270408961542208)
 (0.30644688520783309,0.27174794075570968)
 (-1.039503241241412,1.0233731788411866)
 (0.3161669816526414,0.48411638410694752)
 (-0.86857085770108622,0.31910432771991726)
 (0.26980508330175118,-0.21645081799423055)
 (-0.10220714717951296,2.0172225479990686)
 (-0.32800622637593535,-0.18203870441138148)
 (0.96003507452099535,-0.19873775824837298)
 (1.27240791793116,0.78733966040752446)
 (-0.25056867296890223,-0.61007649204003844)
 (-1.1325997223870869,0.81396872630480743)
 (-0.43951874284111708,0.71470943120812758)
 (-2.3763233063179179,-2.5512774017107036)
 (0.45068567130900561,-0.65231228144404896)
 (0.55661745355859704,-0.046559012020073121)
 (-0.1714711105250743,-0.054974519619885982)
 (-0.65114691537214209,-0.27895502181556059)
 (-0.59732469861286186,-0.82951193333187312)
 (0.9462669292989575,-0.69476747979109343)
 (-0.37154879048759176,-2.1132042289885469)
 (-0.089123731246258941,0.85570883122879371)
 (-0.39064363471416769,-0.24081175578814107)
 (-0.49664849882298567,-0.27275938441092051)
 (-0.50918064962576159,-0.058028795201679778)
 (0.63466166179736649,-0.26083100151127192)
 (0.50168397223695926,0.019784613776519994)
 (0.34955788477385641,0.54965729028483767)
 (-0.49835624405063389,0.22266069747308689)
 (-0.32688917784676241,0.14427874139600988)
 (-1.3456256163256048,0.21966271141184979)
 (0.78540702517822658,-0.65589792398961977)
 (0.54307361795221354,-0.77727618901168283)
 (-0.038973323535007209,0.029338014260017996)
 (0.14617794009155777,0.20334339342574076)
 (-0.083568782455475915,0.56113746753505511)
 (-0.71551520279757819,0.6759935137957277)
 (-0.45265261400187601,0.54657181568547575)
 (-0.45863765001070622,-0.030477181572001549)
 (-1.0017339813987238,1.0182524830306274)
 (0.19427002424319226,0.27702537727189602)
 (0.23190706785837897,-0.25589535794582646)
 (-1.9709821690192857,0.066725034011712037)
 (1.0987796847556486,0.21458969900880809)
 (0.13378702597957476,-0.014026918256289253)
 (0.044455699774533265,0.24348772198922652)
 (0.71752393692510119,-0.87407193953129869)
 (0.74600161852861113,-0.99111228936899809)
 (-0.20494981379023147,0.013164183858687062)
 (-0.47012015444235722,-2.377926961446446)
 (0.53219971754577367,0.64884284360750166)
 (-0.48038782156067189,0.5556960687162803)
 (0.51324095320037388,-0.20158676451330676)
 (-0.20367086105917367,-0.11618113428704485)
 (0.42350650948781554,-1.0401290842836506)
 (0.27135752407348973,0.27297221564938584)
 (0.2270217815050036,-0.00627171926603598)
 (-0.038653078631872506,-0.81139259615155612)
 (0.35195670051672007,0.18682832308168468)
 (0.61997164595163956,-0.51741823550343946)
 (-0.90681613363763702,0.088548504434748737)
 (-0.51192128575406903,-0.44120204857278938)
 (0.68556017584421802,-1.653042375782324)
 (0.48516112984168858,-0.60654228142168132)
 (0.2111389419416369,0.67612389678170637)
 (-0.34697249271406239,0.4935630220632915)
 (0.13044409979889376,-0.021972553804037544)
 (-0.75286171437332294,0.51074686773969602)
 (1.1780630540365005,-1.5925366102517118)
 (-0.16580647733135934,-0.12659457893917658)
 (0.014966569150274864,0.017599291045374981)
 (1.1781452566635799,-0.17655999769687031)
 (-0.21331685134192521,-0.30771682432050629)
 (0.64351587514479547,0.19320405207190547)
 (-0.030467034455927543,-0.11751039309480528)
 (0.37333981008724787,0.16691561164673557)
 (-0.73005895796667764,-0.87723149378676935)
 (-0.77676911521458125,1.9471205031189949)
 (-0.14485536856072706,-0.33962287980548644)
 (-1.036303626202034,-1.0639903883013646)
 (-0.28219999290250658,0.20113837047402489)
 (0.24854421054706863,0.63525750449970098)
 (0.71851365022565639,-0.39687519047371411)
 (-1.0342431500836076,-0.023246633825965979)
 (0.78019120199923875,1.4297954438650504)
 (-2.3913680359656322,-1.0203184900944406)
 (-0.042518653951288329,0.44216833255068222)
 (-0.82475160172057105,-0.11237861280084088)
 (-0.45189990723582513,0.033579133131942315)
 (-0.12994440391424966,0.046150163339270127)
 (0.99918951976387049,0.17024863328015788)
 (-0.6165914202721331,-0.2646962787465818)
 (0.13126307019693001,-1.5654544824092158)
 (-0.69056627709606067,-0.89362885144046034)
 (0.2757991675007978,-0.44240723545602967)
 (-0.22568941889236502,-0.26713765749920132)
 (-0.40990147328635562,1.4199651365636385)
 (0.47543511417850798,-0.1424109799825177)
 (0.40498461969499056,-0.011174543908733403)
 (0.46978409404866295,-0.19638611516361218)
 (0.20664091177719957,-1.185432057874519)
 (0.088471144218806974,-0.47686127523199617)
 (0.53405169743044145,0.35645359176383606)
 (-0.42533942747432496,-1.1670960346475165)
 (0.21248962432330412,-0.75219394905139536)
 (-0.44018058732384596,0.028330181200659665)
 (0.68245209637989823,-0.17945292917978523)
 (0.51883972258713751,0.51396083510723178)
 (0.39096986216195939,0.47710983255880812)
 (-0.21731284874682005,0.68831512245403537)
 (-0.37915562082359533,-0.056093588451978565)
 (0.078063374950446629,0.83764771485763967)
 (-1.2751305557787935,0.78537860835119333)
 (-0.56157444202318285,-0.46994054557368337)
 (0.84224092145157925,-0.13849000581993129)
 (-0.08790306729577943,0.079285970087182273)
 (-0.031321079493463522,-1.1752991668979553)
 (-0.80079016374901002,0.55896759715550659)
 (-0.5403208581980844,-0.072594191569468863)
 (-0.74429287667983779,0.1514063514181142)
 (0.002908199933250484,-0.076618093833836914)
 (-0.25378719653332538,-0.034343778379088377)
 (0.027940715202558971,-0.0035576206976262355)
 (0.087321935735207329,0.031794465511621128)
 (1.51045132959718,1.1121133916613153)
 (0.095220528301283872,-0.16682180094240218)
 (-0.27561145160393941,-0.069899105778137655)
 (-1.3995074745109903,0.61755951255976793)
 (-0.84947789180155209,-0.67120143555855938)
 (0.20913540894958732,0.13819696934222364)
 (0.30820991775481621,-0.092629024465281609)
 (0.3203693203392658,0.46462891607973567)
 (-0.033980201366613949,2.1150135572784725)
 (0.057520664455178457,-0.1222158545488394)
 (0.22163405695490632,-0.070423192236259285)
 (0.55154156510011809,-0.083234414835242077)
 (0.26336437351726844,0.089979892630866393)
 (0.58584983885481345,0.77599545637038858)
 (-0.4238604578935351,-0.59482604671915296)
 (-1.0820538493569456,-2.7158016966582919)
 (-0.63047854965230399,-0.71495012206790298)
