# Created by Octave 8.4.0, Thu Dec 11 09:47:22 2025 IST <gamana@Samsung>
# name: rician
# type: complex matrix
# rows: 2048
# columns: 1
 (0.54916713179265597,0.60896984988454184)
 (-0.63052959787356577,0.84457016964502218)
 (-1.0241712641263472,0.22965629812637745)
 (-0.56384211065492007,-0.78321791407063668)
 (0.3305902187731351,-0.091594065314460515)
 (-0.3922631544750082,0.62797509288343378)
 (0.021327834527269884,0.25217966285544918)
 (0.33184629209601774,0.1615058667043115)
 (-0.42744211991800257,-0.17204283243944757)
 (1.0210781393960182,0.40268020130469773)
 (0.71694477106820598,0.62006480392764729)
 (-0.44084525974998712,-0.072623533127255752)
 (-0.23873311015740609,-0.1081637792866493)
 (-0.5620199555545542,-1.5617537279098717)
 (0.4540147198269569,0.042764141269776457)
 (0.12726742407704622,1.1716676976830613)
 (0.96612587669257721,-0.69271301639858651)
 (-0.60623776306243171,0.28575776254172047)
 (1.6196516815585149,0.015213752079325626)
 (-0.68941375152704643,1.3361177321968396)
 (0.92748225213357416,-0.21031994379172475)
 (-0.069363120826367253,1.0583911536435786)
 (0.057203976539433543,-0.26702185382528082)
 (0.2629838080743514,-1.1234288627523243)
 (-0.5787918219470064,0.011814320659698119)
 (-1.0677145751871389,1.1273179757954144)
 (-0.81631514961972762,-1.4164688888503087)
 (-0.93207344548947113,1.1186030063397587)
 (0.47051646852117324,-0.53287063538902035)
 (0.55164316575203409,-0.31623927108407718)
 (0.21199346661097018,0.36632266137707642)
 (-0.47313959365874803,-0.01541922342996252)
 (0.57537041200318217,-0.72790858073720532)
 (-0.13133915047681025,-0.24041960476538274)
 (-0.1924241530466595,-0.35562310173986333)
 (0.092344951149991944,-0.75496524395761155)
 (-1.2584130756605822,-0.8393075260502435)
 (0.063121545666768128,0.20322840123671709)
 (0.2240401136089713,-0.51400466983436255)
 (-0.10535230559770406,0.72822731715256594)
 (0.18009342397433178,-0.2661751723064365)
 (0.25960204957379512,-1.3248760019852071)
 (-0.92917861869741047,0.0052555801757687703)
 (0.38221381366146723,-0.14678040589899882)
 (0.96074447023604326,-0.29707690862807073)
 (-0.98521141834355097,0.45828976497473034)
 (-0.97949890976689935,1.1600639212210331)
 (-0.17020965078144892,-0.062927692386901712)
 (0.11382411087039773,0.5952912492446043)
 (0.81505838788809093,0.23291991308196)
 (0.35262488510361517,0.020895552902266579)
 (-0.72075054642515002,-1.3350231442793175)
 (-0.4641647892219149,0.10104127249538371)
 (0.89402090422716896,-1.3643000609447533)
 (0.99843539789760427,0.95197946984906034)
 (-0.38769300620584624,1.1984227689158913)
 (-0.23579543132612574,0.023296435823044845)
 (-0.238112564465152,0.68229288099629892)
 (1.6287726606118536,-1.1819058514180971)
 (-0.23892940744149688,0.22779992639995666)
 (-0.69917435748691081,0.080027926378483161)
 (-0.26547682839014897,0.72592489945498162)
 (0.64311426794449134,0.36039667223014538)
 (-0.70685835028813326,-1.0746367870101892)
 (-0.39570131376502699,-0.32248000089059287)
 (1.5480064124014592,0.40001290544974955)
 (0.32018986163932184,0.76239649799696141)
 (-0.59235951243804164,-0.40975346013157998)
 (-0.17436132960487671,0.40723442966033929)
 (1.4854586233575566,0.010970400016404092)
 (0.2332955099725825,0.12038092648449258)
 (1.7092774770511978,0.11599039638744613)
 (0.026150303383977613,-0.54113451054806527)
 (-0.30409732497201392,0.92762896863808419)
 (-0.90319413296693052,0.97804709716485572)
 (-0.54653651139582915,-1.493450108552228)
 (0.072177555906761087,0.27360642867466245)
 (0.24170325239225587,-0.15090710387455353)
 (1.3096248084196489,-0.85100855606182313)
 (0.31172372542073773,-0.40122165940399074)
 (-0.22495286003961543,0.91003973303334973)
 (0.23122167735080976,-0.26336641619484896)
 (0.80992890674651263,0.23315814091835174)
 (-0.20111689221177817,0.0045414885033792929)
 (0.010978794625095045,-0.38154559766649271)
 (-0.71742190742558876,1.3046981751738791)
 (-0.46135709186365653,0.047754434093160436)
 (0.95129395306393483,1.3707338816474284)
 (-0.60833630751103107,-0.066211563679672292)
 (0.93872645033314484,-0.36631049901785118)
 (-0.00048104515179608898,-0.31445354237203282)
 (0.020295745841375168,1.146075633128659)
 (-0.46531856948783801,-0.13355685908709461)
 (0.87923145362264443,0.21376613260051888)
 (-1.4163691548909625,0.20993430925570636)
 (0.91281479067306592,0.21717868514845368)
 (0.39920574145991167,0.29564426595407084)
 (0.44230463446453999,-0.014546695938043308)
 (-0.61462110414078719,0.63354721703899475)
 (-0.28526364570666868,-1.1312023175278438)
 (0.38467256385320725,-0.9663970700885316)
 (-0.30529931895127882,1.0514735871019312)
 (-0.56271409954722684,0.60293906170121447)
 (0.067701193809351121,0.10856420948458227)
 (-0.59793080437283463,0.33369282127486471)
 (1.1062185695568021,-0.32497291165166547)
 (-0.3808989340998864,0.67060295983875506)
 (0.25891890990214572,-0.97845433906479351)
 (0.12981464028976514,1.0681860670455423)
 (0.5017805496275981,0.090795286035842721)
 (-0.0097697778465867247,0.51342132248300287)
 (-0.94543830851723887,0.82663703449051806)
 (-0.60796323141168174,0.81370276196317548)
 (-0.0573838959589415,0.41864731614661449)
 (0.21169425132329051,-0.20991662466054206)
 (-0.059775761995019938,0.67286324688433552)
 (-0.34125577423765097,0.48563565355895716)
 (-0.0013461933520630409,0.74271530685704046)
 (-1.0291611262183984,-0.46765139110584725)
 (0.4922751848399145,0.1717647699772657)
 (0.82580350056463403,-0.63563452585539415)
 (-1.3259566207255293,0.013695650710813079)
 (-1.5484561170932696,-0.10958999041197726)
 (-0.49253357449771218,0.13770486777013058)
 (-0.58680203588231539,1.0075654946643839)
 (-0.86686735264797421,0.15781639166498779)
 (-0.25567283347461006,-0.29805032377828627)
 (0.44292029080314371,-0.43419498329059308)
 (0.21759465882629414,0.034314875319130175)
 (-0.43020764205850864,-0.73301129886730498)
 (0.56033197365837073,-0.28532991828691778)
 (-1.3937575023877935,0.99493357919536052)
 (-0.38229253516526995,0.26516963369992919)
 (0.47670995917680853,1.3446001335115509)
 (-1.2852585442514828,0.2724387679047186)
 (0.66397042572735776,-0.55837140153584441)
 (-0.58272678355182883,-0.97745559856161357)
 (0.66363643932715732,0.47947090657798386)
 (-0.45782456573677699,-0.33711709692946279)
 (0.54655735596075172,-0.69323498268837891)
 (0.92702377219625531,0.0027184798980824931)
 (-0.26543839524249108,1.3513805784776591)
 (-0.75149609222632618,-1.0069144581361336)
 (-0.65567614593110057,1.4542536743463352)
 (0.50140377129265234,-0.57046705971496403)
 (-0.15724617239255123,-0.18077215845139705)
 (0.043092359789378809,-1.0773195095858259)
 (-0.26444741999740495,0.4615246281910359)
 (0.35575071687445303,0.67432618572951342)
 (-0.26138766127502239,-0.26399279029860662)
 (0.56359324213096595,0.9081002236675555)
 (0.0064280379015220213,1.3010170839419926)
 (0.45689431673029768,0.58413797416305224)
 (0.45554271663056412,0.49209998077507544)
 (0.46314607502179006,1.0274706572360519)
 (-0.77442395744399506,1.1073940710537002)
 (0.55234565594354446,-0.89568024248605449)
 (0.13614550233029138,-0.52524984136899755)
 (-0.14197186769737116,0.3922858719562341)
 (0.11859468934682474,-0.13966754033623516)
 (-0.51651291100349184,-1.0120806349401339)
 (-0.33847767023876002,0.49864824570681704)
 (0.52095730075699964,-0.9436706585201613)
 (-0.060807268108255555,0.38506703582714746)
 (0.41421046528179961,0.10559199646279407)
 (-0.2045757367962602,0.52571719381349891)
 (-0.49129749911848475,0.95571570899097946)
 (-0.35661948827896223,0.52847310091843402)
 (0.68847216370784348,0.85462239330939149)
 (0.21006648749966017,-1.259031222312784)
 (-1.3366519405579049,0.9378943543634588)
 (-0.92301493724423422,0.12475102692193596)
 (0.70276093976501286,1.7179877870658564)
 (0.7811391509451604,-1.2982498986339293)
 (0.33781988784680272,-0.4243877333643658)
 (-0.10676922725560825,-0.58585383191761353)
 (-0.47789642473669403,-0.57837501277944925)
 (-0.087534904318369855,0.11668954139056828)
 (0.032490188805115949,-0.38427185623542404)
 (0.026463190463879349,0.78947005081873367)
