# Created by Octave 8.4.0, Thu Dec 11 09:47:22 2025 IST <gamana@Samsung>
# name: awgn20
# type: complex matrix
# rows: 2048
# columns: 1
 (-0.9753593994117945,0.82415233691080558)
 (-0.98655774759720627,0.34565349768836762)
 (-0.95919269703422194,-0.86818573133369392)
 (-0.94584092652075646,0.29109746373497813)
 (-0.30689096801507243,-0.30848607781199)
 (1.0183558763629086,0.87192687537512337)
 (-0.313702662336166,-0.29770300400983613)
 (-0.22187999476943787,-0.99815074041882768)
 (0.86009187121636765,0.51024092134426713)
 (0.34155447559915247,0.88690563440544223)
 (-0.44412949956123127,0.80549935264277872)
 (-0.34028319544760721,0.31201242031428905)
 (0.26914324389198535,0.34373657378454819)
 (0.33966956352598132,0.3347035955798523)
 (0.34205517031595256,-0.3946340512353414)
 (-0.40762073936913834,1.0304611334652025)
 (0.91085740727398379,0.97248390772481974)
 (-1.0152410355138988,0.94638929502914726)
 (0.34237318028865982,0.3505194121056816)
 (-0.19752073325017838,-0.26511363595092713)
 (0.89366836266400784,0.8945947489682492)
 (0.8569402637167608,0.359790599624359)
 (0.97204070718685265,-0.93389004172311474)
 (-0.9405204538620926,0.33181888348762206)
 (-0.96044658118890036,0.43541403746804036)
 (-0.89309616051975282,-0.31335495284320425)
 (-0.9077039706495369,0.28239594367290338)
 (-0.357740038281675,-0.94798220946291623)
 (0.96078606785839671,0.97143267959722046)
 (-0.87473917320432737,0.80296893517085111)
 (-0.92494476804187831,0.26915968803478973)
 (-0.36104527597545805,-0.31544203772311352)
 (-0.25793494552971602,1.0133902665556385)
 (0.94181456635372507,-1.0193377955968523)
 (-0.95456296631248816,-0.7883557009429224)
 (-0.97203024484043954,-0.4686968198671122)
 (-1.0774904462344024,-0.99619974591890026)
 (0.24668911394311979,-0.30561433510899327)
 (-0.91461682887928542,-0.9609451106545952)
 (-0.26654093388272515,-0.30712272889626174)
 (0.96322104706531497,-0.93419046492822122)
 (0.94095332094503736,0.23109182405352446)
 (-0.31262350171257058,-0.32876407738905733)
 (0.25499725561202941,-1.009282596059663)
 (-0.92042315147722631,0.899001951472716)
 (0.21889497373208794,0.81866184190283053)
 (-0.90516907488595821,-1.0119733840594696)
 (0.92341637202117799,1.0860037175704822)
 (-0.85093327919383588,-0.38177989241578503)
 (0.98692506432689309,0.31813763840906356)
 (-0.22221292184025887,0.34390850363268299)
 (0.19171747767624578,-0.31355981622649781)
 (-0.93908806937480815,-0.52432919777847786)
 (0.17030010195721765,0.24714569152817306)
 (0.35249911798680744,-0.36177703204343248)
 (0.29511272008184752,0.31907981972832639)
 (-0.42896794248091075,1.0400654865768784)
 (-0.31860757775863002,0.94771254809200434)
 (-0.9048493411280597,-0.29478052906446528)
 (0.84534095822544675,-0.38150022436960795)
 (0.27185487724163265,0.95097921580991041)
 (1.0071131487265435,-0.80926975225987963)
 (-0.87490866786446353,-0.99029452461757339)
 (-1.0061781159864402,-0.1866827661359422)
 (-0.87936935708147645,-0.236599745105527)
 (-0.31204833649651098,0.41309534946044241)
 (0.45984786372274467,-0.28629669462137697)
 (-0.27426303165574906,0.2805570433284913)
 (-0.24673263370609588,0.88152504483380667)
 (-0.96475414911760848,0.88580257525051265)
 (-0.89901942997764439,-0.96674925690643176)
 (1.0266885330977022,0.52681779405167195)
 (-0.34222483278047622,0.95899166513156042)
 (-0.96061251098855704,1.0968131905678136)
 (0.90623267790125717,-0.38594650880223513)
 (-0.92313392474845013,0.27125504419836277)
 (1.0146351964889224,1.004803330128198)
 (-0.25545074924411543,0.29453228631453193)
 (0.89068526324571673,0.91527884923594083)
 (0.25992386694489233,1.0266690228112225)
 (-0.34455864401201974,-0.39008418293253905)
 (-0.33381389675326806,0.35734418520302558)
 (-0.90947451761801767,0.31107370252534705)
 (0.28825482321633961,-0.3252729332870396)
 (0.34797564565537059,-0.34074524312153398)
 (-0.90717237417897456,0.91452363827746608)
 (-0.89107922098888082,-0.97962258435292482)
 (-0.27520835631623025,-0.27095023288519599)
 (-0.9687814730022738,0.83531397470385804)
 (-0.32663974842957422,0.2650710884999587)
 (-0.14653577421339198,0.86976112041339859)
 (-0.84257341180222944,-0.23860949521211122)
 (-0.90466664275523923,0.3532835713986956)
 (0.89173245640735432,0.80350845388307279)
 (-0.99766780726158377,0.85924642672312113)
 (-0.99938042353313139,-0.35322546246214981)
 (-0.29879768371092835,0.34703647381567015)
 (0.98045026328604235,-0.39413479689303921)
 (-0.93523465988231114,0.92398109489163083)
 (1.0207643725714353,1.0682852378857453)
 (0.34091194010250236,1.0049216019297049)
 (1.0017125675025604,0.24335501334412263)
 (-0.99797307886469544,-1.0224198733746266)
 (0.32105386736634717,0.40122109107095594)
 (-0.9632643416100346,0.95310289841180118)
 (-0.3141054837918647,0.8083862585662962)
 (0.18361411022920721,0.85482081021584011)
 (0.29833833721913827,0.3147581747833994)
 (-0.91507526888651269,0.99025406223395729)
 (0.95842862022336861,-0.93666242855454662)
 (0.05591799150992155,0.43385837018737083)
 (1.0076485059775941,0.91284020856627124)
 (0.24800827150783666,-1.0384281831712245)
 (-0.88176810062333644,-0.92033253113473501)
 (0.31105665022641715,0.31554512163116105)
 (0.34540392108048695,-0.15534062548934019)
 (-0.9873521913519987,1.1067733195062293)
 (-0.393149005062014,-0.90856478778234451)
 (-1.0462096943121084,-1.0561345629675385)
 (-0.29133606833227221,-0.88152652811207044)
 (1.0123091835243723,-0.88280988016261386)
 (-0.31677749684954959,-0.30779645395699784)
 (0.79792195724140202,-0.1454039074176231)
 (-0.29553445824670338,-0.38677947729455786)
 (0.19934456778293796,-0.3209764913825317)
 (-0.31370299114131123,0.29738449391157884)
 (-0.89185787736596467,-0.34248877734068112)
 (-0.95850223585439842,0.28404570319838129)
 (0.42830135022470994,-1.0107461094224182)
 (0.95345291838919899,1.1116919014710689)
 (-0.25691434118658818,0.41679608358638104)
 (-0.3251152363347844,0.89167369714363576)
 (0.95706623335664298,-0.89544105430917154)
 (-0.35579205592160956,0.40229060711315734)
 (-0.91251372074037551,-1.0372469403490936)
 (0.33627059151785443,-0.94209776186399652)
 (-0.31161744665897684,0.80217586761282311)
 (0.97414894223298176,-0.98768620230100779)
 (-0.9900345071695289,0.98309511474033051)
 (-0.27505174327834925,-0.96212790331683895)
 (-0.94511010183711264,0.9960079374360028)
 (-0.95085823816915049,0.98991808798814329)
 (-0.15943782461909842,0.29411289101170734)
 (0.23119861806750894,0.48591231354099385)
 (0.90317343176108977,0.44795788072201093)
 (-0.92382260979279518,0.34233714622078837)
 (-0.40426756080106291,0.33448112839199801)
 (0.36546462764003951,0.93772675477849388)
 (0.33286350903786949,1.0279578191859591)
 (-0.22756781725262504,0.19262248812926563)
 (-0.29881886310120648,-0.87145242700854175)
 (0.92238190763231087,1.0070505917107688)
 (-0.92262861130734708,0.29644286698746797)
 (1.0756853598007963,-0.91222424629656063)
 (0.87742829355351548,0.31474924039628405)
 (0.39258922387419232,-0.96098210094003556)
 (0.93543958386632364,1.0298168469439362)
 (0.89792514937676637,0.18928742692970396)
 (0.29523598674366092,0.4469875197634845)
 (-0.94087824901782524,-0.87537323383663879)
 (0.27783929601817708,0.88296459988696829)
 (-0.40070811799607287,-0.78324333516090039)
 (-0.36971621912443708,-0.29299497252246248)
 (0.94990595481959916,0.96874499569274786)
 (0.27485968354820622,-0.8188928292505202)
 (-0.95446361483054021,-0.33728908804454061)
 (0.13497013884660639,0.38404919866159326)
 (-0.40869699310748386,0.24812698056705895)
 (0.3240521405505396,-0.30514049402910498)
 (0.36843637071756452,0.29784041098472058)
 (0.36923980891428154,-0.90816972424309961)
 (1.1384532556674993,0.96591668397205632)
 (0.77810179082209385,-0.33750001990888923)
 (0.36654000054196056,0.34738647565534719)
 (1.0296161373368573,0.96247415144831561)
 (-0.86638293607857775,1.0551657662006255)
 (-0.32639334776502527,-0.27138860245860025)
 (-0.23714756626418654,-0.2926622725627242)
 (-0.86550518025790124,0.93037228255383964)
 (-0.97902235689459327,-0.82019063881561904)
