# Created by Octave 8.4.0, Thu Dec 11 09:47:22 2025 IST <gamana@Samsung>
# name: rayl
# type: complex matrix
# rows: 2048
# columns: 1
 (-0.222854759618281,-0.013101511260331225)
 (0.87547233528850299,-0.45218923232910407)
 (-0.29924011390954242,0.30580088749305945)
 (-0.048300490913003022,0.2729353352757859)
 (-0.43781907841094175,-0.050499494779659537)
 (-0.255411641430972,0.85152838339814929)
 (-0.29197131395274456,0.0052943298611461687)
 (0.4365197596078762,-1.1391252172064668)
 (0.35018759790224901,-0.18536544811228614)
 (1.1019988421257958,0.65005607633164775)
 (0.27581632064949158,0.17965441503336332)
 (-0.11502147900710778,-0.003996690070562664)
 (-1.686408483052201,0.2456327727530071)
 (0.13016956125992266,-0.51407545827083867)
 (0.34797945038544997,0.229824554003353)
 (-0.60801522802761743,0.28069792985307201)
 (-0.68557045346049073,-0.15845657424552556)
 (-0.073966564525028852,-0.51455448452762009)
 (-1.7399838536649521,1.1018056322119363)
 (-0.38509877079683952,0.01660000902392636)
 (-0.97966419794768089,0.7018728010455878)
 (-0.13336870401277215,0.14667406547906278)
 (0.13558009091841827,-1.3385748483974713)
 (-0.50742891656947875,0.35084865964682049)
 (0.60999229442348502,0.79602026298862372)
 (-0.40562688048655965,0.9612067933681876)
 (1.1627349157504645,0.69178734128686492)
 (-1.4536511467608249,0.13710242147224916)
 (-1.6629136558991122,0.5914001212824378)
 (-0.25761496210792706,-0.76179288853407146)
 (0.10552409746287966,-0.80961955406352404)
 (0.7201757710658514,2.8676258390063922)
 (0.60129232525853016,-0.91734811976484287)
 (-0.47180772027362389,-0.78701430379616866)
 (-0.4067105303906694,0.52728962338935581)
 (0.75561795406280596,0.57977176010418074)
 (-0.29597606270055948,-0.28908572794608206)
 (0.21554506196285958,-0.14713835921722426)
 (-0.79391259269922432,-1.3004145368851658)
 (-0.019802270865359572,-0.15900115872997161)
 (-0.76376069670120228,0.78194532416446072)
 (-0.11823132951971764,0.65530535806252233)
 (-0.22851793971623652,0.35245863162276564)
 (0.87289796440529344,-0.079621878907262078)
 (0.034341478993319713,0.71917291284862006)
 (-1.1804062833149203,-0.064156918011039732)
 (-0.40977850804120408,-0.63474779336807152)
 (-0.11408207568894732,-0.19063571891305944)
 (0.21313951380447471,0.15277410754478032)
 (1.2929255083709901,-0.24708562579926163)
 (0.92759085387995377,-0.05638331965706106)
 (-0.4614427632573021,0.087762658723221143)
 (-0.5685612273762698,-0.41416628678256195)
 (0.30374938149764286,0.4543075411554881)
 (-0.31993128280471195,-0.055952514795101299)
 (0.12891606585864715,0.036954739763481743)
 (0.47296893798931111,-1.1743320882777941)
 (-0.22597388393801002,-0.54467808210408342)
 (0.16952371720292558,-0.66753704340075837)
 (-0.62491998937026016,-2.0779972213125935)
 (-0.3918370522632747,-0.21829930819452714)
 (-0.60604264242412353,1.0282225319157425)
 (0.16689234989340873,0.017755624941759772)
 (0.5760865029749811,0.52335392438689454)
 (1.1147141273573529,0.12332623260631903)
 (-0.19493100881810807,-0.50494737788195421)
 (1.030884320340302,1.5562707316155147)
 (-0.25918045708304532,0.39791759610426303)
 (-0.7983222955700815,0.040308648552358328)
 (0.42008359874651935,0.68792148050288771)
 (0.13335442535506009,0.30819761573799226)
 (0.44104820931487904,-0.42114675618874237)
 (0.86947755174123398,-0.53539254800038305)
 (0.084307871982351151,0.051331363923551955)
 (2.0098009012453928,0.59457226378221784)
 (0.052073176558923212,0.23396614390639039)
 (0.64454464687264923,-0.85009877684853508)
 (-1.8383139523348431,-1.5983240990894234)
 (1.4303918982922146,-1.112815779398546)
 (0.32557178159409761,0.036291092219540494)
 (-0.88002173220131541,0.2160648647509894)
 (0.38674055960335502,1.0936994744697008)
 (0.49879839332602988,0.76234207991515279)
 (-0.48664475385595624,-0.35308296054118976)
 (0.14995516556227587,-0.86529096088472002)
 (-0.097392343299400899,-0.31481221403124215)
 (0.1102970296525248,0.21801184088012376)
 (-0.22831133792086641,0.31039174364101191)
 (0.45201089392297911,-0.71010184040617685)
 (-1.2239317695543772,-0.56056721657208719)
 (-1.2705137345948396,0.57778893003327858)
 (-0.0024448516996468106,-1.4513789176856435)
 (-0.53107286013155486,0.99409327881972631)
 (-0.062267193497466414,0.0074994154948484944)
 (0.2248173230140422,0.53793709811896318)
 (-0.51226021992871862,0.066271211833417026)
 (-1.3284576359635984,0.6046165337598679)
 (-0.76220416109676326,-0.0327320980620526)
 (-0.12916739791799636,0.31455406212924769)
 (-0.66773693650385946,0.92788985283530478)
 (0.20889825471219511,0.17121152345248555)
 (1.079405871819594,0.6701373305932814)
 (-0.87736414082242598,-0.98473485141200101)
 (-0.63548832907782338,1.0750553672627463)
 (-2.3144919764248963,-1.5547174195714371)
 (0.72615743259739851,-0.57277208921839917)
 (-0.86293862176077996,-0.28435150541859094)
 (-0.60707091862850204,0.80980984402792588)
 (-0.34334565864330491,0.63020453733228343)
 (0.18698555368031067,0.058209747523239208)
 (0.37403411215521953,0.53502193141284782)
 (0.2554783169154452,-0.30172198543679618)
 (0.24188727207730501,-0.029053674602305304)
 (-0.0003099654996382567,-0.29309555768576651)
 (-1.0953656162429961,-1.6662453303405762)
 (1.2537143236656296,-0.46123763732641226)
 (0.37700102940193753,1.31456217560318)
 (-0.053932986869176844,0.5697767624584793)
 (-0.15004291572681738,0.29676990285896859)
 (-0.54611861928927063,-0.43570325357886414)
 (-1.322560015633425,-0.59539962380084477)
 (-0.79984022489302231,-0.21368196472161186)
 (1.8358468564371049,0.86342017275149008)
 (-0.55539537247726645,0.14682260261508365)
 (-0.12573097762853908,0.8238843146285546)
 (-2.0377128536047948,0.2232836083124724)
 (0.012095838460972397,-0.35225789997965634)
 (-0.11676411127319417,0.17173485732681795)
 (-1.2082205733669982,0.027663663344347555)
 (-0.065476031773416515,0.45339234214599466)
 (1.2830137701347832,1.2899836745953666)
 (0.59762639968577957,-0.75350864827174191)
 (-0.11861118061499817,0.527313794518252)
 (-0.24994356837203363,-1.0087703880907797)
 (0.27071527776818338,0.47903077500219782)
 (0.61379927491761466,0.17117160079930602)
 (0.71460497853243343,-1.7736643534856325)
 (-0.19657760274916186,0.44211903664217528)
 (-0.22911629753227389,-0.68522678447123631)
 (-0.22742933996007109,-0.42954895682091715)
 (-0.28923652370461822,0.3938684307444506)
 (0.46546378369312069,-0.15699598239620396)
 (-0.64022269401096521,0.10524045998203505)
 (-0.084509278926792386,-0.28871554803559724)
 (-0.33709324040432387,0.40134878510314931)
 (0.64959667490332995,0.043724756670098508)
 (0.86783145240943727,-0.19354587947713522)
 (-0.1630826407129824,0.31033196127576412)
 (-0.43654818563762599,-0.21652532163660265)
 (-0.030086088515953902,0.53938766223227286)
 (0.46627901472818828,-0.24631414140896229)
 (0.217534347923376,1.7402856027600824)
 (-0.90708557631743958,0.42872670281638448)
 (0.85571662834449636,0.88545123387680824)
 (0.80514375043369291,-1.4873600959242645)
 (0.30554111422296981,-0.49044072170385178)
 (-1.9709752225892563,-0.48759970259224916)
 (0.51234677849468702,-0.33573161552053171)
 (-1.2003400383038731,0.1412462904118017)
 (-0.29256768215173318,0.49978077692028761)
 (0.69794839207667703,0.53683912677628054)
 (-0.11532114835065477,-0.34661957148136119)
 (-0.28084962704133043,0.073755005005818025)
 (-0.097925341266325058,0.62921658625565602)
 (2.02526460242481,-0.47738674837896622)
 (-1.0706520394362165,0.87931933476972857)
 (-0.26017066082175255,-0.15915832762925919)
 (-0.4123614801041226,0.98298904959454558)
 (0.083697464367834984,1.1759965494684823)
 (0.42706909732125603,-0.13514286179271962)
 (0.031564370345630088,0.71598384337939514)
 (-1.6071772862316214,1.3122845872353406)
 (-2.2681711422056399,0.9596217476223724)
 (-0.11904362945989813,0.40295322156027591)
 (-0.029588067259425643,-0.62846688949433638)
 (0.73640796146107701,0.52529354893138192)
 (0.04863675893413661,0.1315090713200377)
 (-0.47352337181752902,-0.42189454485360967)
 (-1.3415706089593893,0.15506370293135169)
 (0.36207669956041366,-0.77841234804899284)
