# Created by Octave 8.4.0, Thu Dec 11 09:47:22 2025 IST <gamana@Samsung>
# name: rayl
# type: complex matrix
# rows: 2048
# columns: 1
 (0.24197851650380242,-0.26954073436025028)
 (-0.6430340870665312,0.039641814711901868)
 (0.1735756951211459,-1.7506266762155607)
 (0.93382876916593682,1.0073428526672472)
 (-0.64407797288196866,-0.035809453657481893)
 (-0.34859426195700061,0.25365666618722427)
 (-0.31975917307619151,0.45321118819636319)
 (0.62486652183889346,-1.1420137196950171)
 (-0.43479912620557726,0.15920115058514295)
 (-0.39787513158425925,-0.1682521944659241)
 (-2.1282517115926431,-0.91247993767022106)
 (1.0920427433507505,-1.3067416062235107)
 (-0.46280866860451536,-1.1537342662999965)
 (-0.56602811331280023,-0.15724829090763806)
 (-0.90973327356823142,-0.85111437180260252)
 (0.26365287218005706,-1.6625899398317849)
 (0.027676410492615433,0.39440273295214595)
 (2.0684154511070969,2.1450925223393988)
 (0.31905753167643447,-0.85218141150203852)
 (1.0946236813776646,0.062575934010544676)
 (-0.4332555969579947,-0.48677321336481832)
 (-0.21549114681510823,0.23727537998172521)
 (-0.28169124151510461,-0.89776931704104201)
 (-1.4547219002121314,-1.1548477982558154)
 (-0.062377828612393882,-1.2420258536552176)
 (-0.17812199307494236,0.31253495661341402)
 (1.3293442456418858,-0.33631865031243036)
 (0.47747491887288795,-0.053794443467933245)
 (-1.0201308025195339,1.3619754965793009)
 (0.4884673381099181,0.025387641401800803)
 (-0.30127894356655777,-0.25865125289616037)
 (-0.49196245541592776,-0.36280296594266465)
 (-0.00040525652946326457,-0.081462462229474092)
 (-0.25686042488213684,-1.2469244253930605)
 (0.065133500765848854,0.13237411090917778)
 (-0.72744873656943099,-0.70800045734213246)
 (1.0464331984493307,-0.2201321936673753)
 (-0.86014179448591199,-0.51388959055221317)
 (-1.4923248644188341,-0.2874135134035567)
 (-1.9115010616373946,0.14307222361150129)
 (-0.43814657429796094,-0.49621326135236593)
 (1.1773076799665434,1.3744668212624895)
 (-0.87666329150437217,-0.20116527687650204)
 (1.2517698978954279,-0.77250274041526523)
 (-1.0678651659518148,0.24340405088244133)
 (0.033244540198053119,-0.64059036089381849)
 (0.33541636025030486,0.067476310110643839)
 (0.2665717099598835,0.48272539836986966)
 (-0.19951035423241367,0.16445727986268127)
 (1.5939664858955673,0.011332487942125935)
 (0.31065794579479195,0.65923895302891622)
 (-1.253035979379179,-0.75244366119320083)
 (0.099512535707070693,-0.37874004985644455)
 (-0.71834560534918823,-0.6444628019429488)
 (0.39545675466177826,0.55174768000199181)
 (-0.062831656716234308,-1.0170389989152664)
 (0.58668845020755067,1.0918785062097771)
 (1.411411905659629,-0.37941887841936484)
 (0.21505107672380286,0.2897808693765408)
 (0.34669704769785981,-0.33905588090238087)
 (0.39294913145342197,-0.37357422820332159)
 (1.8864505102035123,-0.88395747673926184)
 (-0.22770406700929552,-1.8119644428280106)
 (-0.2833784229707651,-0.038769677333471891)
 (1.8079437917899086,-0.7797787207921284)
 (-0.10646701560199834,-0.048297975965369194)
 (-0.054191963304184104,-0.44212379189830098)
 (0.71021179469468798,0.098164173146334799)
 (0.037181789903985935,-0.13003063532834244)
 (-0.059335338037003499,0.9938169944929921)
 (0.51405929438068787,-0.9562925767913113)
 (-0.11499283265852768,-0.028078789167695763)
 (0.58115496475106887,-0.43543861258904137)
 (-0.6539195291112796,0.42587480544799861)
 (-0.24094582613056065,-0.20142710313172896)
 (0.51880040968291563,-1.156001827940436)
 (0.27615953477976557,0.29366182950812403)
 (-0.29793589482093918,0.05678707764338288)
 (-0.40990636636748734,0.10874613720129041)
 (-0.49240484810177676,-0.27994342819463336)
 (0.49974001172833826,-0.5653677755519565)
 (-0.032741118019164621,-0.033590157777291997)
 (-0.47262460314198784,-0.066993281804445415)
 (1.7223984409347879,-2.0315491190273347)
 (-0.030240374617049759,-1.1943734246759679)
 (-0.41254460643925028,-0.30819886808039731)
 (0.47313072733212858,0.40495270197069611)
 (0.78705019593644276,-0.53356890517232136)
 (-0.058598033266599708,-0.32799684153369774)
 (-0.14875664364100694,1.4339126381666314)
 (-0.067330038343971305,-0.10152089744121015)
 (0.65478553292542496,-0.0084196481743756268)
 (-0.95121327423960333,-0.45787849038761896)
 (0.15118748872476701,0.18770463509504312)
 (0.51438118420208856,0.83932439539178727)
 (0.39024869191338429,-0.17040631591098501)
 (-0.49696534371028978,-0.6939901429596963)
 (-0.058274031633630582,0.12021495184265067)
 (1.0259384771653601,0.40420663269154294)
 (-0.12900493225449675,0.74937271776555714)
 (0.72069175377434236,-0.29369529193801325)
 (-0.49830067356215929,0.28641452197394107)
 (-1.1562151642872156,0.75628260493249755)
 (0.62327081850893917,-0.20459733108560896)
 (-1.2517535847751682,0.27097996544472797)
 (-0.54008825221459056,0.45456185832204254)
 (-0.077074365620274837,0.29192293450912732)
 (0.78060783253734867,0.35540282613913349)
 (-0.11768722803909058,-0.24304019992942993)
 (0.31590909369940973,1.7509792446587256)
 (-0.63813155131220856,-0.31471345578497201)
 (0.1195524433643782,0.9137600115511435)
 (-0.66812499517213264,-1.3023146382482378)
 (0.45436409879272888,0.63070873350361445)
 (-0.1832946818034896,0.04371613343462815)
 (-0.91720577429044392,0.50972513126064223)
 (0.12790835912238971,-0.83370233360944113)
 (-0.481966681796278,0.33954209309462524)
 (-1.4645832454286238,-0.65102103571416414)
 (0.6793358285553972,0.24110340258356736)
 (-0.055742158222492025,0.15662178714982999)
 (-0.15298320343272581,-0.35952791078258167)
 (0.30054474030143674,-0.36080649858843805)
 (-0.60430151139477173,-0.57708469314370003)
 (0.29911795288684123,0.42382564226083391)
 (-0.078033399505076512,0.19207666864569875)
 (-0.58893942921792508,0.63585682116059483)
 (0.57507301784151654,-0.65296903586292332)
 (-0.30892253560944216,0.86334688041927887)
 (-0.26109889546006243,-0.25249593089346628)
 (-0.0012413479221209667,0.23944583268250536)
 (-0.33040383016047509,1.1680516611258935)
 (-0.11618456662341502,-0.042965513189788793)
 (0.57924763929387646,-1.7171484304336402)
 (-0.69214834227051025,-0.75059489007657343)
 (0.0043315416370846502,0.18314610057160202)
 (0.63882349360775836,0.55605304371855024)
 (0.93080540423613178,0.75517583878075389)
 (-0.016327615660545677,0.158020866512395)
 (0.35450212256250291,1.0262832682390437)
 (-0.84634028619652679,-0.23063609105482502)
 (0.0071016282437104533,-0.13243968400663425)
 (0.53793745787474334,-0.73654335686544714)
 (-0.59896149019407097,0.68397624200440266)
 (0.25107961266532314,-0.87898411292644196)
 (0.077123937956160349,0.77567763448803839)
 (1.0418693019951819,0.26015241635710062)
 (0.078676494092083216,-0.076910593265596988)
 (0.34310437105020408,-1.3556538109024374)
 (0.83478531314118998,-0.16456591360620537)
 (0.42419177940921227,0.25075985874517126)
 (0.085462635011217702,-0.096788267427307506)
 (1.612427078428037,-0.55250482304893733)
 (-0.14880097625574573,-0.34588584226393354)
 (0.31216680110266026,-0.17241663526642276)
 (0.057832494744181409,0.037032033900235281)
 (0.52847901274606046,-0.49695763856102237)
 (-0.26804079663836144,-0.29493255221555548)
 (0.63409546148323337,-0.50435129559098002)
 (1.259458211678844,-0.31883268570194451)
 (0.38598793809770282,-0.47052045431125161)
 (-0.94537742064566599,-0.071421187268328079)
 (-0.59109951717475195,0.52853441637586718)
 (-0.76427917950788671,0.34824312367794324)
 (1.1814633763562581,0.8438493836130585)
 (0.48415211546434533,-0.32819510570725641)
 (0.58396908625371902,-0.0018549882853441946)
 (0.77502626934953622,-0.21045595085856394)
 (0.14148805407813736,0.66204151091917407)
 (-0.65947737567514075,0.4434406430503704)
 (0.19162800796026896,0.36396151132579674)
 (1.0652749769152452,-0.59030619376878035)
 (-0.56709287485044668,-0.23312232971666427)
 (-0.34610454708652943,-0.33700188051172469)
 (-0.073532042013294663,0.7443041254297379)
 (-0.079112761378721377,0.12365383065376541)
 (0.43103877886715575,-0.40611392136701641)
 (-1.7547693103519713,-0.93469709286188873)
 (-0.15349497680263666,0.23071765375724712)
