# Created by Octave 8.4.0, Thu Dec 11 09:47:22 2025 IST <gamana@Samsung>
# name: rician
# type: complex matrix
# rows: 2048
# columns: 1
 (-0.36991041195514685,-0.78323054085911259)
 (0.8705043936206005,0.22558997901173786)
 (0.22783444888661344,-0.84675592877310857)
 (-0.42463727561363318,0.91502491095124106)
 (-0.19730648331863929,-1.1479491047969863)
 (-0.45925748800769561,0.25123389883868869)
 (-0.46456363110213084,0.7970808780590336)
 (0.50890281911178326,0.92682736864221038)
 (0.53491133887886211,0.95207269687880502)
 (-1.5461035604152227,0.99595103626006876)
 (0.81743984871850528,0.57649423247638532)
 (-0.090636148163693198,1.4128153045655485)
 (-0.24733590489847912,-0.17954203989050915)
 (1.3271999293590828,0.62902381118027362)
 (0.41192685345256552,0.10193739336880542)
 (-0.22758931210413241,-0.3038641673499976)
 (0.37374693981247792,0.28312043027062467)
 (-1.0217227964165101,-0.044494692017971682)
 (-0.27591085581466529,-0.15103229865277576)
 (0.64168413372219879,-0.095987060962989298)
 (0.14434378334471049,0.63132283945193512)
 (-0.49193264077758903,1.1877966265533348)
 (0.26172529878675116,1.1737883686596713)
 (1.6210897077621391,-0.46451797465161532)
 (0.28724365564121301,0.86671958263165161)
 (-0.97107335124049743,-0.84189302813158018)
 (-1.7046583148598358,-0.39185299763295467)
 (-0.022002838019729312,0.22023671428834701)
 (0.71659199272114016,-0.62523751937155725)
 (-0.10536236085322814,-0.85221815655145017)
 (0.87472340497239109,-1.7251816378812239)
 (0.79298582952284069,-0.5603635895991621)
 (0.22136473694891096,0.69540303371227852)
 (0.11450295307036447,-0.1353420605174312)
 (1.1231911151796465,0.87077747893478208)
 (0.17645107817989558,0.25616087305812463)
 (-0.33635794446768424,0.24917380823776655)
 (1.0882306135362718,-0.92285542011364763)
 (0.31109946445525466,0.13453082911268205)
 (0.24394719861922376,0.29238151527218575)
 (-0.781321333060637,-0.21742923624696042)
 (1.3597155701685195,-0.20197315228298562)
 (0.22324510801361078,-0.27506752244409477)
 (0.96444490639500102,-0.58934290031624359)
 (0.14882140280716727,0.34465913893606548)
 (-0.78335067101470046,-0.38487153427069232)
 (0.9519355806427815,1.4678898331655206)
 (-1.305730171052323,-1.5289211470007293)
 (0.2489413635068905,0.84022144340432758)
 (-1.2516006802632131,-0.42418336565194215)
 (-0.23169694581554623,0.088078823906277359)
 (-0.097515335500320335,0.27088978630379335)
 (0.27913347618826706,-0.2355822635447215)
 (-1.2004531241733991,1.1049008541703582)
 (0.87724812963843712,0.91309393399901206)
 (-0.59682184474928157,-0.52106084959469445)
 (0.8378965167012058,0.065716942043415938)
 (-0.4553869058847001,-0.09237709948149922)
 (0.26885208007272193,-1.1160603995030629)
 (1.0511792959323303,0.56492238905903114)
 (-0.52672979972244627,-0.78763715449522254)
 (0.20080491774865661,0.26160472656666278)
 (-1.1788220840302044,-0.44068792925842737)
 (1.2445011371936723,0.90196412631396461)
 (-0.72803904523051166,-0.64534277945804153)
 (0.5708193592184817,-1.4381831012331476)
 (-0.061235261956546383,-1.0488922921128798)
 (-0.46206053934015728,0.91564781529677319)
 (0.59638029965984574,0.85149734328205151)
 (0.73000401956228733,0.52469453648217157)
 (0.91198535448227847,0.1582141145951419)
 (-0.11146360077423159,0.12954116466210236)
 (-0.1706977569605288,-0.53192930919636638)
 (0.56193357849694725,-0.84305238167510588)
 (0.82414250578690007,0.19076289659107276)
 (0.46024857667776642,-1.0337415169923252)
 (-1.3375918159541342,0.43596750224765746)
 (-0.25519951260238871,-1.1148352098297569)
 (0.29438998484581053,0.32390662615252902)
 (0.45734514990578051,-1.1377876714039845)
 (-0.10646161628254303,-0.95796631443916136)
 (-0.37794355110226002,0.53428281211850659)
 (0.60600277525446411,0.30772478498549122)
 (0.42409814621687458,0.68863835094941994)
 (0.30514973534968798,0.66015660688242983)
 (0.028134523149522916,-0.80248173561024772)
 (-0.80232862954858941,0.18827634271893084)
 (-0.17181189458148249,-0.53676063542588326)
 (1.2500955941284846,-0.44645178736208602)
 (0.48504252074559734,-0.014017957473090814)
 (-0.23701841976079308,0.66194659595829519)
 (0.40756076037274253,-0.25219959757926397)
 (-0.49723556014071774,-0.56084603901454988)
 (0.84026092519583684,-0.70619422207590854)
 (-0.34646863201265621,0.14945195973721179)
 (0.23785116247876076,-0.79048270506875595)
 (-0.26481275106178642,-0.054090055402502321)
 (0.060552809463860047,-0.34593497664955197)
 (-0.76186404378198747,0.19540511402483787)
 (-0.005618322456207997,-0.093978014446076896)
 (1.0034649931287036,0.086745121927273017)
 (-1.8955295769136562,0.61303450144297145)
 (-0.74793439888631297,1.5861293423351766)
 (0.72070806083168182,-1.0348670927563466)
 (-0.4395820121027596,-0.5138679162897215)
 (0.44494257416513089,-0.29744271828034902)
 (-0.2991614182024932,0.2328885932998461)
 (0.99959414776081279,-0.38068915915366519)
 (-0.57601043361134374,-0.57798074455271475)
 (-0.60408884755817605,-0.72957899753336553)
 (-0.59556260846528575,-0.44784269608491917)
 (0.70743033553059942,-1.0879196404697697)
 (-0.14044738677114385,-0.4878375919771909)
 (0.71409560516850468,-0.16966960022043368)
 (0.37105374214960035,-0.016431818175889915)
 (-0.80969767957485539,-1.0629530566504002)
 (0.56153008054158116,0.7554866214862761)
 (-1.0650286727580749,-0.43901666944806006)
 (0.30234800362280212,-0.61959571907476385)
 (-0.14201291781296677,-1.4833448706467076)
 (0.31059551449841272,0.083014827706973451)
 (0.21583052731555594,-0.95032549759435925)
 (1.2228951597810207,0.60440438012897046)
 (-0.39506414563323455,0.8999528996410433)
 (-0.4092594618364287,-0.085178743131220119)
 (0.34789787059453681,0.79753772023849512)
 (-0.33062739384693862,0.1916320359523794)
 (-0.0027363890067918506,0.46010382659088683)
 (0.88089470791077884,-0.83128657832839947)
 (0.35894807028179582,-0.14455877273804379)
 (-0.81104255542647508,0.37594380361254326)
 (0.33267088263778466,-0.30920517763620348)
 (-0.4001573683758014,0.075000882513887868)
 (-0.95109733649978112,-0.56746097770429127)
 (-0.31075231261086261,-0.24014089440309347)
 (1.2459796486765606,-0.74643143135517775)
 (0.082437850124185086,0.42580618305795853)
 (0.1933942805616205,-1.0586724115823352)
 (0.37789249368856681,0.24521068183498862)
 (1.3990904504429476,-0.62744500296978412)
 (-0.17765137567176895,0.61760359392636321)
 (0.78453247275966431,0.31635997086191486)
 (0.37199226705814215,0.34189340649390582)
 (0.91961370539749476,-0.33616693274851667)
 (-1.289171916013006,0.023298132950914097)
 (0.25775678722820849,0.51047601612055149)
 (-1.0793651907556183,-0.17222370326923156)
 (0.13538131095396497,-0.15118618605375475)
 (-0.99334157033706205,0.026756886841578897)
 (0.35093605527034727,-0.0087383404208988824)
 (1.5842379878379118,0.45340430323649761)
 (-0.028044929862174994,1.0787560272270802)
 (-0.95667212200418961,-0.12165720425130927)
 (1.0149873224255008,-0.072978712936763557)
 (-0.86669915261016528,-0.38750767182850632)
 (-0.47874031499009317,-0.59189458406306816)
 (0.59614766241580797,-0.35158969637202997)
 (0.015201346555430262,-0.87349910770019346)
 (0.33485923352914854,-0.24135238150556665)
 (0.20228606207647704,-0.09229777316858917)
 (-0.43753543441676651,0.13178204454531189)
 (-0.1006196909935002,0.31530948747631127)
 (0.59585836562173444,0.13735214081548691)
 (0.7715617969552887,-0.15964879221455411)
 (1.1651127708856133,0.57769178520630504)
 (-0.43609366566739549,1.0574261335295057)
 (1.1808622604768955,-0.30415542146969476)
 (0.19064082821544556,-0.2940215271096423)
 (-0.88774798669262101,-1.3987064319208296)
 (0.20840418604906613,-0.33809107365442786)
 (0.77935012948719673,-0.11655361219090649)
 (0.32764867499564287,-0.50135211472523489)
 (0.40327635639523413,1.2721331749283051)
 (0.38816727071576251,-0.49544560505823398)
 (0.41295602176133728,-0.32408169351055116)
 (-0.52767768462807751,-0.85297153548337046)
 (1.7864818440883565,1.5850382749333545)
 (0.42788417908529708,-1.1452213127903876)
 (0.39680940950746491,0.44578115381682482)
 (-0.024503069959523394,-0.56281036805714091)
