# Created by Octave 8.4.0, Thu Dec 11 09:47:22 2025 IST <gamana@Samsung>
# name: rician
# type: complex matrix
# rows: 2048
# columns: 1
 (0.27699433825617253,-1.0304533863695915)
 (-0.151296795910739,0.63790589741686554)
 (0.26119295463062608,-0.71248620492211723)
 (0.28346826981140127,0.4229399026946149)
 (0.50108966787418419,-0.041399335224402783)
 (-0.69650044627262764,0.026575112178082061)
 (0.46847147527931821,-0.75489749423924124)
 (0.27501940201453184,0.90879067569311722)
 (0.29793581764552396,-0.39535153983423149)
 (-1.0916608845910094,1.3727001282259836)
 (0.19426698010411039,0.88397278176017957)
 (0.61127469030279702,0.033740472523184933)
 (1.1999272435893669,-0.53436147225686725)
 (-0.26506659565541413,-0.29644609954630524)
 (0.60049970975459765,-0.094348285266752374)
 (0.12673199682406558,-1.0539534883425592)
 (-0.053514222688981261,0.33180761658448349)
 (0.49110597095401298,0.80665372422370429)
 (-0.84484070340690209,0.90269526950178491)
 (-0.40535839625305164,0.39348334927642187)
 (-0.28698031947939651,-0.069286035338053331)
 (-0.35864541937490657,0.66764138696235753)
 (0.70805279213123673,0.34581105530185091)
 (-0.36581091887533107,0.12316413092549865)
 (0.35783105974738005,-0.49002699992109328)
 (0.50857569013101589,0.96658582106221069)
 (-0.2863113036864734,-0.304076561726214)
 (-0.96261136545043802,-0.80665005103480547)
 (0.14320604626017752,0.84854146731704594)
 (0.65247414619213084,-0.70382056341265398)
 (-0.04164740079538487,0.30646384465136439)
 (-0.15882372932934136,-0.18120408188280229)
 (1.1615020102118283,-0.31360987203553031)
 (0.56531794592002571,-1.3797270609711203)
 (0.20478199822481752,-1.4965062707582755)
 (-1.551609810176751,0.012227475164922619)
 (0.94218493145432403,-0.51517039233812723)
 (0.74227269273991903,1.0523262867477443)
 (0.030932571959400579,-0.40691953076367038)
 (0.4327548730417633,0.44643805695204986)
 (-0.53243198091147625,-0.094658500430841591)
 (1.1442311566032872,1.1591976998013016)
 (1.3996025909404473,-0.63899449216583981)
 (-0.30246677413963891,-0.84461031312312906)
 (1.478234488494522,-1.0604138567879915)
 (-0.9383810053803624,0.88555427276334509)
 (1.3158003397700635,-0.43796223529578421)
 (0.59314504385064093,-0.65851793519868129)
 (-0.22403094801054485,-0.23975521535352623)
 (-0.30931534915863212,-0.36667856981299074)
 (1.2445739655435615,-0.37571599285422941)
 (-0.094855943075263432,0.011789922108914608)
 (0.018104237434855938,0.18484980774804555)
 (-0.7272250351397298,1.6746610440785867)
 (0.36016843197947601,-0.72458616052278269)
 (0.04590418065938294,0.061841048666375409)
 (-0.52929557408385752,-0.10142855252041683)
 (-0.09605340016113792,0.27808597025479831)
 (-0.62374614441232112,-1.311119011961325)
 (0.99055596003390523,-0.54918662009455232)
 (0.21803076593653092,-0.80763298951935047)
 (-0.89128334431166989,0.92434264195041527)
 (-0.20572474899931245,-0.17557343651267474)
 (0.42398948287586979,-0.64312223439918215)
 (-1.1940338528678867,1.1534069410180203)
 (0.034581846158321015,-0.28443234626813069)
 (0.44861520778643071,0.25258062048928831)
 (-0.58098171773621665,-1.0573607591458933)
 (0.5926705045229419,0.11946362035700608)
 (0.23102277284006606,0.010518970475053721)
 (0.10158587717651385,0.50867730614103568)
 (0.13149284631730906,-0.86031577843162876)
 (-0.33053047888147491,0.0064696962436384675)
 (-0.053732598319602753,1.3073229870115712)
 (1.5086022818023317,-0.41440960212573141)
 (0.26011615633001706,1.2875154320391915)
 (-0.17832341144422492,-0.73895375776836814)
 (0.35666285075703758,-0.12693919527779474)
 (-0.36723582048745262,-0.49233291077189523)
 (-0.58279681704830533,-0.072343182705705597)
 (-0.91171307334584983,-0.20349632435521686)
 (0.47244987470778638,-0.13358250577013447)
 (0.095428326732838464,-0.69857129489848035)
 (-0.11151804347144523,1.2311548606121911)
 (0.77120066500495077,0.77658267533335368)
 (-0.47812750113242336,1.4228556392080574)
 (0.066149138153798984,-0.56653721025446191)
 (1.9248876841326075,-0.80429068417092842)
 (-1.2181500250389976,-1.1919191922648018)
 (0.87234579235232668,-0.66060874988221918)
 (-0.18021657783016906,-0.65573714464516719)
 (-1.1364674746956598,-0.36358843081665482)
 (-0.8643598557053267,1.0878590875373806)
 (0.89941883993048766,0.90389061663481551)
 (-0.16304642466464558,-1.0782855911822695)
 (-0.25827566636280008,-1.1159672975733372)
 (1.0933175917754765,-0.21534422812264686)
 (0.49709815611930325,-0.64963920998067581)
 (0.3048562276819427,-0.27941805836563)
 (0.57559605658434077,-0.63062894446075202)
 (-0.97939002060377334,0.050948462610834244)
 (-0.38419149411488618,0.42065908265633245)
 (1.1268493428707613,1.0238431019273986)
 (-0.37846518997817957,-0.46076415774094936)
 (-0.18921080712387972,0.12800423229901636)
 (0.14622050309930257,0.50089835137023675)
 (0.17994267869667707,-0.19918188309521367)
 (-0.89481078013844462,-1.4045706078223739)
 (-0.95171842187007971,0.94298466618442711)
 (0.78022801346517789,0.18173286941643427)
 (0.25219063957303028,-0.68259408817568568)
 (0.41041758520907234,0.35239235836890975)
 (0.55272907441176944,1.0947715221173813)
 (1.3568886706108407,-0.50373440884155962)
 (-0.85342768965853555,0.22198971819305213)
 (1.3112524584879071,-0.40541280736785656)
 (0.10663832984161309,-0.4264031572818624)
 (0.55194107914816648,0.25323418512309803)
 (0.076322176190215044,-0.08133536566808075)
 (-0.6330275801963926,-1.1859056461289383)
 (0.45337682910314026,0.47046649077538671)
 (0.39294387205814835,0.61975031602616104)
 (0.61601936279303604,0.38854648422913385)
 (-0.13810008665519719,-0.94640455779836452)
 (-1.2056784621252594,-0.30031653157728416)
 (-0.11441420258718893,1.0563422633042339)
 (-0.97152495887576873,-0.085529391562413404)
 (1.100650197316184,-1.5839368293000227)
 (-0.24326401685761806,0.27147738454754594)
 (-1.0850455716351899,-0.97665127874550051)
 (0.35926052173495182,0.62870704992460547)
 (0.49708369446951395,-0.59308110219944998)
 (-0.21276949149228447,-0.88887674136301431)
 (-0.7086483864310078,-0.50882637298463174)
 (-0.018247717801016944,-0.66490554378642286)
 (0.85854843508982359,-0.88795852590993318)
 (-0.79433744931950567,0.046956877510815814)
 (-0.35130480368381684,1.1419113237471172)
 (0.93871171805908515,-0.43892221390987257)
 (-0.11339054463225001,-0.97762721235221017)
 (-0.36808866951857272,0.65096878445771167)
 (-0.31283498534166554,0.51574346390395376)
 (-0.48437286289507397,-0.20079523631062812)
 (0.37581401891569627,-0.60444440891123974)
 (-1.2801045605202135,0.22106393874954008)
 (1.1383928986808534,-0.64322902577267427)
 (0.81986488141855796,-0.31397707678308584)
 (-0.92800124781730298,0.0081125846717472472)
 (-0.53296852330723854,-0.75875523831090785)
 (0.39916347910796485,0.35593966260555882)
 (-0.32766533387102892,-0.38657243893721127)
 (-0.39938188554048304,-0.56242878195267743)
 (0.18447832123292784,0.79541816405467147)
 (0.37257023904493058,0.58887995979086527)
 (0.14832053772737458,-0.15137280371958206)
 (0.14577818433107237,-1.4061478603218558)
 (-1.2396407295168046,-0.22936872187030871)
 (-0.087772054589216317,0.23815324529149412)
 (0.42925755428499257,0.30528946263139767)
 (-0.46721445956899121,0.0019225439016844759)
 (0.28967963050179796,0.23743457168585855)
 (-1.2514082341859301,-0.44368342340407974)
 (-0.71193210861763445,-1.8316914610356001)
 (0.26892304637548253,0.24626894757595968)
 (-0.81431784216782999,-0.76028420528112062)
 (-0.64067967850214624,0.085565926525651925)
 (-0.38887932676867237,-0.25682711473652725)
 (0.15546291546992891,-0.30316933980906025)
 (0.10635506418322402,-0.56092232453645341)
 (0.50245691148193694,0.24365890224273737)
 (-0.55197455782311633,-1.883591086988593)
 (0.56144455622291223,0.94688442113169957)
 (-1.211434905357653,0.6830355866871074)
 (-0.072869139499839142,1.3600757662946927)
 (0.31161526958178987,-1.2697183589128425)
 (-0.49640497579394216,0.82645464239715449)
 (0.36501107910035813,-0.46553539477948169)
 (-0.34723097817947868,0.025024038500081447)
 (-0.18498457451393663,0.46197000059854698)
