# Created by Octave 8.4.0, Thu Dec 11 09:47:22 2025 IST <gamana@Samsung>
# name: awgn20
# type: complex matrix
# rows: 2048
# columns: 1
 (1.0833002229991939,-0.32571140272770527)
 (-0.23214235740403233,0.34597818848217227)
 (0.96378856635824373,-0.32589244940759426)
 (0.38364375922223243,1.007589462352142)
 (-1.0095065201999074,-0.89614968187712218)
 (0.95864319944089771,-0.49980273403811848)
 (-0.84659818154935818,-0.24429565650904789)
 (-0.19518596832982685,-0.72442101613064602)
 (-0.85477061662770804,0.82207704441289997)
 (0.24089954380545037,0.29086354333318243)
 (0.2934988103838308,0.26602271592483928)
 (-0.22009616197979254,0.91982567803684689)
 (-0.95025180149942312,0.30945058348266802)
 (-0.89265532094556344,0.36784314588003714)
 (-0.97351225391555085,-0.89080508159212024)
 (0.95046879719214239,-0.31023247896471212)
 (-0.98328022354483324,0.94847986054939204)
 (0.27306428958631679,0.29483664464963966)
 (0.90221404052388088,0.39307385252778104)
 (0.27500267474554002,-0.43221793122925545)
 (0.2091684084533566,-0.85272606225997949)
 (-0.30052620126048873,-0.39298180903079577)
 (0.29639876528077891,-0.25738241297758235)
 (-0.23029248627811577,0.33438432640424909)
 (-0.97431386121645913,-0.28124533744864666)
 (-0.99358959691433602,1.1153961725400869)
 (-0.9806463732356645,0.94784555569316364)
 (0.46500558715180063,-0.33798797123032115)
 (0.24683209525862568,0.24268456195887878)
 (0.93992197666514588,-0.90413567960217145)
 (0.42035240784050593,0.40455111500320945)
 (-0.94928857247790799,-0.22448590775523541)
 (0.25360424990536989,-0.97840987380000299)
 (-0.19249975556895962,0.31494240838491594)
 (-1.0119718713986274,1.023041912416206)
 (0.97156953902908849,0.96095761135752455)
 (0.28885869687265547,0.95262849810221373)
 (0.86500697070748611,0.91485974377871959)
 (0.93105719288468303,0.21637523553466154)
 (0.2339205068399822,-0.2619647710830319)
 (0.25561145434498372,-1.0922038061878527)
 (0.37205325008800683,0.32142234194982716)
 (-0.98168851213865016,-0.31364874264867248)
 (0.29662844769262725,-0.28610912990548742)
 (-0.96556054620450382,-0.32317284015111347)
 (0.1852623484542705,-0.29960732741488022)
 (0.83080599514545672,-1.0648450040939856)
 (-0.98530062578137112,-0.29548972892217001)
 (-0.95296220551712796,0.29354318080467573)
 (-0.93311977891808717,-0.40228244781593903)
 (0.4668840245965506,0.91358703617881953)
 (-1.013294181176926,-0.8961398159508196)
 (-0.2539564303046391,-0.79491162727595477)
 (-0.88648432202274319,-0.93504464563554779)
 (0.31946285163623178,-0.4590507261392901)
 (0.95049835820196649,-1.0489258670877775)
 (0.95189842551089532,0.90010852905473959)
 (0.92855586383698041,0.31820935821616597)
 (0.34002974420057802,0.98119984687255812)
 (-0.9595342359057204,-0.87933746046738659)
 (-0.95571862601281321,0.32444434813640816)
 (0.35241210675928708,-0.27633638042318742)
 (1.0352546499158803,-0.83932779914905475)
 (0.92295958623929442,0.93504940604280418)
 (0.32106981317887551,0.43055708973483348)
 (-0.2846042928657011,0.37224258358131518)
 (-0.92859355859724246,0.26637222085924811)
 (0.28446936541950762,-0.3254539610891205)
 (-0.80019768475565889,-0.83340980579919532)
 (0.924294945598782,-0.27766509249252214)
 (-0.94236915889421058,0.8784636931800387)
 (-0.8134931117332227,-0.34235658015926279)
 (-0.38416713277705972,-0.84842123235580602)
 (-0.26963738304490803,-0.31011283664239059)
 (-0.36824384250169262,-0.95601409835881512)
 (-0.98741422473663631,-0.92770630902598983)
 (-0.91011368748177368,-1.0435164773853924)
 (0.3836072736515786,-0.93838081917017147)
 (-0.39762794978393323,0.26880074119781999)
 (-0.32652721994592354,-0.23998820515005947)
 (0.27214612811798161,0.88505108207473826)
 (-0.90965990351687742,-0.35135805605181092)
 (0.27244446888749191,0.31084921334602061)
 (1.0674453908105854,-0.31285903925800029)
 (-0.31590086924277366,1.0273568587685451)
 (0.31306402491067903,-0.97971719533839063)
 (0.23965085691299917,0.30664776883527944)
 (-0.8983462332379194,0.92144073428015905)
 (0.24392613831486842,1.0281940298652494)
 (-0.98451201427791679,-0.89085637999209077)
 (-0.9340816407236997,0.96159899661664749)
 (-0.31187340445179146,-0.85929764247380003)
 (-1.0695109786641968,-1.0061303905612262)
 (-0.8517423509599894,-0.36832184576071381)
 (0.29888034635349781,-0.34392628639046136)
 (-0.99749241188137983,0.36923882655354973)
 (0.30152057137849503,-0.80943328542921755)
 (0.34128985163445558,-0.74341930385702082)
 (-0.9662822251904124,0.32836540940590081)
 (-0.8922976569574651,-0.31715305152993439)
 (1.0020818260849058,0.82186756903852975)
 (-0.89083144536179493,0.31378201955771162)
 (-0.92137965939897626,0.22920121497146134)
 (-0.81455599655933864,-0.3164997358579334)
 (0.33156688569552489,-0.2062699936682692)
 (0.94312919178059085,-0.28464815719134295)
 (-0.96688079638791047,1.0037485216979727)
 (0.38351066527282712,0.18614994050552416)
 (0.31534825341889905,0.34284404179618266)
 (0.91712716739009659,0.34632536485856574)
 (0.38739258344194416,-0.31892251957103512)
 (-0.27263125834358992,1.0464920816105985)
 (-0.42697547627081744,-0.97805566429333857)
 (-0.42861687927749609,0.18180364357247555)
 (0.90063695028671131,0.34792338235567083)
 (-0.90835003539938652,0.94871546904561488)
 (-0.23808493606519929,0.87253489040737087)
 (-0.9624408775486174,0.3079947611763772)
 (0.2066824350170815,0.21395463343524568)
 (0.96348635665365101,0.27483000610462621)
 (0.25393887182700003,-0.93262795354281491)
 (-0.97711800034497731,-0.30087106311617662)
 (1.025220771910142,0.34600005136428919)
 (-0.91397946484053039,0.8034426723771485)
 (-0.95273368185478458,-0.19778343597707898)
 (-1.0212621487727596,-0.28763522091976018)
 (1.054399880748476,-0.43201996111471802)
 (0.23137221930818991,-0.27357074149413829)
 (0.81051244793441746,0.36400101974285459)
 (0.86599431209983768,-0.24514399290429145)
 (-0.95777846144478573,0.4098494385884513)
 (-0.99642986500389952,-0.23143140922404343)
 (0.96748978621364656,0.29615490869238115)
 (-0.3323210465914917,0.95641651664710736)
 (-0.238030134920586,0.92937515790788916)
 (-0.34851082781556869,0.87258607518352782)
 (0.45839558021563193,-0.44488390837825909)
 (-0.3188453541461394,-0.30546855128551792)
 (0.82688919425383545,-0.22152070521437012)
 (0.30637485794100461,-0.34447655132420113)
 (-0.94789043425115327,0.36288055630260013)
 (0.95017840136464571,0.99904073970283547)
 (-0.33499711857948783,0.86252857832894292)
 (-0.93896224623280933,0.80090212790800497)
 (-0.92850200230894564,0.43918288372007908)
 (-0.95816486753104302,-0.1878498137531337)
 (-0.35310403166085214,-0.84168508680985421)
 (-0.30199992828320138,-0.95385322069421974)
 (-0.28566990242748597,-0.27487586367495931)
 (0.31705702833275101,0.96657332428692)
 (1.0043290608512188,0.23572224358648558)
 (0.24822218833567339,-0.91854173333033939)
 (-1.0569993354555718,-0.40921509631839981)
 (0.32045800334258817,0.2155822796686766)
 (-0.92860651768629165,-1.0068640173891583)
 (0.97724254436701607,-0.41586611022163955)
 (0.8646809212641009,-0.99005707594761716)
 (1.0209964425671936,-0.91147731912815655)
 (0.30840756692194488,-0.1591572238617748)
 (-0.89434027178151509,0.3341844809449489)
 (-0.87696207400883919,0.27371526411418695)
 (-0.27856818221455831,-0.30257901755614913)
 (-0.97239667838378729,-0.87369482260156062)
 (-0.21751283373218186,0.30393298347976033)
 (-0.33485288855441808,0.99023531355893468)
 (-0.86800690282104354,-0.86605516937774396)
 (-0.29574877708375896,0.86150508247228996)
 (-0.35858450017497662,-0.31075415875399903)
 (-0.28814277832842816,0.39001621061844177)
 (-1.0190370117975494,0.85230984781246677)
 (0.92957086607618122,-0.92390168458635868)
 (0.90047581590193393,0.89410411120662014)
 (-0.16266804624816242,0.38244299185651315)
 (-0.36624572834168756,-0.25008395813665601)
 (0.97841642155137187,-0.28869099396561332)
 (-0.91788056902935289,-0.98907728203925938)
 (-0.89019457243830669,0.93771889713272116)
 (1.0792525199687162,0.94307322272189442)
 (-0.8436278274978668,0.39746277910848871)
 (0.89196105334443598,-0.86913729929339412)
