# Created by Octave 8.4.0, Thu Dec 11 09:47:22 2025 IST <gamana@Samsung>
# name: rician
# type: complex matrix
# rows: 2048
# columns: 1
 (-0.37010468741959501,-0.38557471770445995)
 (-1.0712671585072449,-2.047254383351794)
 (0.61211869880041725,1.0187446782564078)
 (1.1057211754440905,1.4683010359667394)
 (-0.99256930028053891,1.824606757580838)
 (0.061384199639126946,-1.0553630245041772)
 (0.24465488049482217,-0.39953996400779956)
 (0.53625143322420266,0.84458547262074057)
 (1.0235094382078265,-0.11165356362413448)
 (1.1551551873615071,0.44086531715220884)
 (-1.4160599096580528,0.39439174070578231)
 (-1.1448845634572162,0.5023352915519983)
 (-0.48535839105221645,-0.33434377701068296)
 (-0.30079677748638561,0.31712673564666599)
 (0.7791311106240878,-0.802036067966862)
 (0.375194809806565,-1.0461213716211626)
 (0.67046835584658626,1.1522393282937171)
 (1.3188081600898924,-1.1997342890031406)
 (0.84148701669922144,0.84087494111840544)
 (1.2170153519071822,-0.24981370081828425)
 (0.69462537835846772,0.1803056859553715)
 (-0.29377161283415504,1.3221920228064681)
 (0.33320127871229283,-0.97082216478198724)
 (-0.62661812513914927,-0.49354909393342472)
 (0.32598258999945651,-0.1981399838815906)
 (-0.95649053047374277,-0.028581504178001538)
 (-1.5703785560949557,0.24087591514177092)
 (1.0794729540643666,-0.57657127022853993)
 (1.3206862757174203,-0.39731371369874829)
 (0.34341948254842708,-0.2548933494668702)
 (-0.054777640879533074,1.1915441464632766)
 (0.38469169188269015,0.44468354100816088)
 (0.24673656626542259,-0.24373450605455124)
 (-0.15623729596478469,0.52712063476571824)
 (-0.38770910936812064,-0.1261508845647602)
 (0.39475794059779656,-0.27387184379166196)
 (0.63647660275941531,0.58917115158279854)
 (1.2730292694177199,0.075816895303565279)
 (-0.073162623787164982,1.0851466721622707)
 (0.15556509492983323,0.10057775000828129)
 (-0.30787315450357444,-0.47718884833228992)
 (-0.12712421783032588,-0.97336458285354233)
 (-0.04091693111736952,0.62693050504816328)
 (-1.4275829212703863,-0.38705199615142349)
 (-0.45887108138329175,-1.0521042026318084)
 (-1.3410146374717158,0.12472529277881117)
 (0.1600614863654467,0.36676018884289152)
 (1.1487685142463993,0.34782584494199131)
 (-0.44575041081920452,0.12178852258285053)
 (0.028582202333312656,-1.2561081852260885)
 (-0.17824589934343227,-0.61652482969545774)
 (-0.23903831243822254,-0.32227089271890691)
 (0.4466194198585644,0.073074300821881988)
 (-0.10374615580048613,0.75954506043981551)
 (-1.2750510967786741,0.57966821221020459)
 (-0.13703480541762597,-0.92711811160068702)
 (-0.4030133101572595,-0.25849560410667016)
 (0.058699466189806995,0.22311154992742127)
 (0.29424771372939823,-0.23277982955663751)
 (-1.087093060968999,-0.41751129959381117)
 (1.3871011124332575,1.560196836442908)
 (-0.11878970408369587,-0.75016567377944554)
 (-0.32523280584698022,-0.020045463272712311)
 (-0.35169876577721387,1.0110423767385248)
 (-0.11173826999629904,0.54598358961901305)
 (-0.65066974079975759,-0.33169755851312832)
 (-0.25043762044218959,0.23474631418938505)
 (-0.27639973004132257,-0.25720824427698508)
 (-0.77825973633256729,-1.4600505047211203)
 (1.1481792405744762,1.0430758455794145)
 (0.78421885746401154,0.44339656219448831)
 (-0.24777519777562035,0.16145514768673874)
 (-1.0615906534818274,-0.49660046678043468)
 (-0.53489731454538547,1.0306269161761712)
 (0.327568265679409,-1.5659733383785708)
 (0.45711700617050222,0.066773776680352198)
 (0.41424616645928825,0.19035300449745382)
 (-0.82422534353415733,-0.26156378620524795)
 (0.13589926368993915,0.27403075332874843)
 (0.77837430145818709,-0.75414244376508444)
 (-0.26355808617356835,0.22746502169691335)
 (0.74781358079872495,-1.0107849877414896)
 (0.37171069989888522,0.77967469297436764)
 (1.2255413372444222,-1.0663593217566818)
 (-0.23648553234075081,-0.19425823591186564)
 (-0.17976335367656684,0.36523194377487561)
 (0.71011646263123218,1.1578198034608516)
 (-1.0333261481732086,0.2602630707813009)
 (-0.98738548304213047,-0.73356209723757038)
 (0.41994946538017902,0.8828545825814087)
 (-0.47392745560319544,-1.1060925286810603)
 (0.30176642110678603,-0.29883323935541034)
 (0.4286921427821192,0.065375765581024592)
 (-1.636722599764213,0.15196393134001834)
 (-0.28629991395151905,-0.16718899858670655)
 (0.81834725062677682,0.20144970724107769)
 (-0.080349423535259173,-0.51071763599272302)
 (-0.74731016291876606,-0.54964718698309434)
 (-1.0862289736911077,-0.0058703582558293776)
 (-1.5279879377673629,-0.77367151288627467)
 (0.13606283841027664,-0.27698619982142175)
 (0.55846874995091933,0.90679099132250718)
 (-1.1264031776672598,-0.012033337179066905)
 (0.89907839731072581,0.10532030999941272)
 (-0.34205622960154114,-0.038012073505557575)
 (0.29623965504179983,-0.14651909655636375)
 (0.8423689408580225,0.65781084773993259)
 (1.3246395803814841,0.24884881885446775)
 (-0.22989720162124974,0.71945566701832309)
 (0.21977716603434427,0.37144119857192737)
 (-1.028458732223245,-1.0282435422793834)
 (-0.7385016233849131,-0.54649739481407411)
 (0.16599128291043222,0.22670835338392356)
 (-0.77931400787622795,-0.50328891354596306)
 (0.48697336704712502,-0.27705149697178649)
 (0.5198086677025846,1.4084081575281859)
 (-0.010149738119472396,1.2705556260572084)
 (0.69369569163702494,0.7077119797512319)
 (-0.34741385769491206,0.76463326765010786)
 (-0.90907084089679657,0.44686599707473745)
 (-0.94772423946094242,-0.71139816285840218)
 (-0.35472051460018,-0.24519144911097318)
 (-1.1531804790225182,-0.29588402263678887)
 (0.50766776000465652,0.63477430591744144)
 (-0.44748266380780305,0.90495519274463043)
 (-0.33659418785279749,-1.1971318381142302)
 (0.54336204557280476,1.085925182898511)
 (0.87716038791640671,-1.2521773907074361)
 (0.72692991331408918,-0.37534450728837976)
 (0.26043629182250383,-0.19614509998570917)
 (-1.708818037364684,-0.62807104147455672)
 (1.040759730307613,0.2628092729117858)
 (0.20930706815080441,-0.13073669179687467)
 (-1.0807721047602183,-0.64456229246150043)
 (0.33324663742190253,-0.53467788501734093)
 (0.27416645891303032,-0.26408902479204904)
 (0.9821953962890787,0.074140799031024135)
 (0.19268137039059693,-0.26392698939241849)
 (1.0347310534274285,-0.39842500292684674)
 (0.77029491147829443,0.88824038147643258)
 (-1.1118497857577261,-0.75608586133164357)
 (-0.40390769471836535,-0.26992932023793254)
 (0.22107948370107372,-0.97883470177189624)
 (-0.1897766408635736,0.84889264380767604)
 (0.41842908469730206,1.2504654854396779)
 (-0.44461140461476795,-0.44777721855812619)
 (0.15964603608166975,0.093991544610215833)
 (0.89957643870912873,0.27263427279874919)
 (0.26291745875716921,-0.29078565565727055)
 (-1.5211376116583208,0.2818470303383882)
 (-0.19247287737656635,0.53487712861967551)
 (-1.182993829714962,0.83404610967206483)
 (-0.79908366296315103,-0.051100079493097361)
 (-0.43345079077717286,0.94827674394718897)
 (0.74136766986231306,-1.4509470106388278)
 (-0.054176180748358782,-1.1585626104581721)
 (-0.13371546647973889,-0.77515055220276574)
 (-0.9001667560326978,-0.50846886948416659)
 (0.96772061369541129,0.085196959126289828)
 (0.092251012834715762,1.1849886523133564)
 (-0.8460507539868255,0.53159598573305733)
 (0.57010285469317845,-0.6062957034884332)
 (1.2024182387904963,1.6553134969536492)
 (0.46045337216298138,-0.40408057771741085)
 (0.65665353213797373,-0.43822305099691972)
 (-0.4281965610797368,0.096924652372933545)
 (1.0315114232687095,-0.20694146110361628)
 (0.93631996524380567,-1.0096478510949392)
 (0.67727656861223706,0.85899843550904442)
 (-0.061769480523240217,0.64481717605656419)
 (1.1409210043447824,0.44812609672948833)
 (-0.44814221084926797,1.1968713152242891)
 (-0.7857821308343147,-0.044541199476736265)
 (-1.1747873525620158,-1.3248590155483555)
 (0.26304499441320495,0.53212539558251559)
 (-0.43085415752561385,-0.54125124662821777)
 (-0.17542666642741434,0.43907382828270702)
 (-0.086271602748582088,0.14153059099819038)
 (0.29589555232602494,-0.32634719923859046)
 (-0.24837326183654024,0.7105563249938226)
