# Created by Octave 8.4.0, Thu Dec 11 09:47:21 2025 IST <gamana@Samsung>
# name: rayl
# type: complex matrix
# rows: 2048
# columns: 1
 (-0.79524699071724925,-1.2941470381071454)
 (0.10010462107707058,0.0045236071030685734)
 (-1.276609616325469,-0.13783497736957495)
 (1.0984256416616376,-0.28790132178573835)
 (-0.031109556476377795,0.26052890342177598)
 (1.5162970067384185,0.05561901206585762)
 (1.6589403411517671,0.49657545629256017)
 (-0.97437175179782365,0.39042516960817308)
 (-0.047742668429112511,-0.61689025097389982)
 (0.59965031095918775,1.3196778738786652)
 (-0.57004183288466825,-0.071579695988953057)
 (-0.78693811916438428,1.5475772026193857)
 (0.40485627101070587,-1.0422474608157231)
 (-0.097946430955517236,0.20825884225451963)
 (1.5352129808720714,-0.26255217816184201)
 (0.64162828825899798,0.44375055377828865)
 (-1.0016317732283384,-0.22026875470125079)
 (-0.48336180173392507,0.084002434121641795)
 (-0.046796647770195987,0.52881560621271062)
 (0.17543273678895444,-0.30680511157817575)
 (1.0910860639987987,-0.038816772586986958)
 (1.2978304528221398,-1.2172035109187394)
 (-0.38415927339533507,0.38334627875276228)
 (0.013378833234458654,1.8127453135087215)
 (-0.06432240833004671,0.63246593112479688)
 (-0.68179168183920535,-0.56906184213899746)
 (-0.56801463323661161,-0.85602079429604405)
 (-0.11243158329733008,-0.3587011554077244)
 (0.27985496052891501,0.19877315542021806)
 (0.11657605582510791,0.38316345047601141)
 (-0.045755824739848475,0.20912311540007367)
 (0.14617934998609117,1.8984665249014232)
 (-0.95518972044513117,-0.74865165366792119)
 (0.41409916701817062,-0.18490654233645676)
 (0.52309903861382878,-0.31178610539695362)
 (-0.36221892189814137,0.019393052227278038)
 (-0.42662137160571523,-0.72112681711636495)
 (-0.97795344551221508,-0.76750788161632633)
 (0.19109308922517376,1.3383811132069834)
 (-0.096309778763825932,-0.017712877230834492)
 (-0.91273998301368764,0.68535142729460141)
 (0.038598837753890003,1.1711499457263175)
 (-0.096422183665927919,0.25465132855369638)
 (-0.2377947002632626,-0.68417895496701675)
 (-0.20301871945577823,0.24337776998139191)
 (1.7808502128613661,-1.2784168254283963)
 (-0.23933357965556895,0.40546773573727729)
 (0.18280187513164203,0.063966349689983007)
 (0.56986356334495691,0.34742839731082603)
 (-1.3365439514837352,-0.41610740274104757)
 (0.011303532354550644,0.34134886778204987)
 (-0.16149453008176706,-1.6383370152933106)
 (0.5576675599544979,0.73490092064233747)
 (0.3388935456962443,-0.053041811863828198)
 (0.25630342883850171,0.1702444749503858)
 (0.87527375030754784,-0.53541353523186608)
 (-0.049405983875205534,-0.1032875918701993)
 (-1.0361626084977764,0.61655861855216021)
 (0.43322962504673967,0.50468758540084901)
 (-1.6412262333368237,0.23308534988078355)
 (0.70786778216800206,-1.2869278679437546)
 (0.24282141062136703,-0.63950928242935201)
 (-0.58761141535267947,0.31817171840084568)
 (0.36681851051172454,0.079284062416490581)
 (0.11884861427185545,-0.7707529779114678)
 (0.93548003731408524,0.96136851006480473)
 (-0.38813401096425826,0.55704221103965834)
 (0.47593785426166585,0.2440540837770272)
 (0.65678943223274544,0.49940938875394375)
 (-1.1767013725286768,-0.6603405030478251)
 (0.33464822673506872,-0.43232412464743447)
 (-1.0455228539532699,-0.86126122795528381)
 (-0.29196384789804586,0.40648423268204814)
 (0.96604491693507988,0.092552060255085222)
 (0.30385357515883304,0.64728800039930845)
 (-0.57784829241380065,-0.50660230996923283)
 (0.64399186769933159,0.50416710921526209)
 (-0.46593467472971362,-0.99782095825898598)
 (-0.032701713328431782,0.24073673221950509)
 (-0.79524004328446152,0.69441132196381528)
 (0.31515308438869222,0.057758070238442226)
 (0.42492141382805276,0.6763007493258214)
 (-0.48991719141736839,0.17167236139675462)
 (0.49109926485672606,0.012360982004151005)
 (0.25869494451406566,0.35891808909824346)
 (1.974665154704861,0.84658909190068843)
 (-0.25448204215725845,0.24394350013226296)
 (-1.3768582487890444,-0.62916717957087975)
 (0.8050463357190164,0.19327384341305076)
 (0.66772704523124349,0.11297484226000575)
 (0.63497893609147138,0.0523219154692037)
 (0.10331195507874999,-0.56782526950673762)
 (-0.79097200176028926,0.42110345692822837)
 (0.12635738413433129,0.50154115336519678)
 (0.86697260075032145,-0.47030276555028139)
 (0.055984464757888694,0.3180814460724512)
 (0.33006321427301527,1.0482531062434275)
 (0.62344491419458281,-1.1355298804299669)
 (-0.28153019181756439,-1.0223787098507477)
 (0.16006085988261112,-0.17514490860103843)
 (1.1674299608130103,-2.1139535352385792)
 (0.51232924744196606,1.9278302930181181)
 (-0.61865417031135539,-0.79499652070166349)
 (0.61006693465695483,0.097185796375537259)
 (0.5603037954519946,0.57322797526283165)
 (-0.79603374978853902,0.092201501106490252)
 (-0.23109761028588435,-0.20461543504111226)
 (-0.49440064061473588,-0.26277782802768801)
 (0.85033526801757653,0.15424915814379186)
 (-0.43494969659411875,0.58508250456056998)
 (-0.38799590352023855,-0.5499635214449583)
 (0.99521409665254534,0.89698115493902386)
 (-0.0089586559796572263,-1.182762183325053)
 (-0.23116473466791787,-0.15503086404967251)
 (-0.0063122272082533626,-0.71256465401951519)
 (-1.4641784919092173,-1.1099592146211843)
 (-1.5177587748450707,-0.27607357417491007)
 (0.47517028048989651,-0.024325225751899382)
 (0.33308300924659767,0.67331030350093046)
 (0.60015333541939242,0.89786911948218506)
 (0.21801473649033021,-1.0433228506473256)
 (-0.13331033353760963,0.81471465256534081)
 (-0.1566097095449438,-0.35204455206601482)
 (0.86804292882191691,-0.21100865922136502)
 (-0.46426566891531373,-2.2159779862347788)
 (-1.7052472643596368,1.1374556842758556)
 (0.26093818776575889,0.16214781435389738)
 (0.27070562139611931,-0.99601303666023933)
 (-0.28520943653998754,0.2394610727857257)
 (0.68178023474846228,-0.24012864487537264)
 (0.35497388986429446,1.749357000935309)
 (-1.2291868690793832,-0.16714800172397526)
 (-0.18838491040220082,-0.49003781626610166)
 (-0.061946173973162655,0.31555986270863073)
 (-0.3590890184112468,-0.33707490797067186)
 (-0.11551297629417978,0.30125583032597336)
 (0.22002103865205794,-0.29032578148420352)
 (0.28414512804636954,0.29226534519614938)
 (-0.32524651770833535,-1.0308692623470175)
 (-1.928526708253848,0.0033368607695405395)
 (0.15778076461340568,0.087614352327770609)
 (0.9653821766853814,0.073066635566459925)
 (-0.21751795478668856,0.04274277799455721)
 (0.3550536536556016,0.95992381216867884)
 (-0.73110629163373897,0.015916944341977185)
 (2.813943189772814,1.4509971765139444)
 (0.080145881568571969,0.39549645199631178)
 (-0.10152854553563968,-0.15337280288364641)
 (-0.053421937257290053,-0.25222916716804983)
 (-0.26918116202447501,-0.80071609373740982)
 (-0.90101129144276015,-0.11836819471599838)
 (-1.1871247892423338,-1.2117430750288427)
 (-0.21329804981526373,0.18143446984886835)
 (1.1845409519200034,-1.8421875280101614)
 (-0.72682823872923819,0.43821686966126505)
 (-0.02385738348582947,0.76054935878472296)
 (0.26295872861985942,1.3048803161370648)
 (0.35259008663560187,-0.078389996795062727)
 (-0.40016368833630411,-0.9908946174794554)
 (-0.37853760367809414,0.90715401020230502)
 (0.97882886789558765,0.18750082295992376)
 (1.5875187461311207,-0.72094110498905573)
 (-1.0525029461291531,1.4425511170942582)
 (-0.79757954729717995,0.10701068628158972)
 (-0.51556609251561447,-0.0038858700284041814)
 (-0.07278327608998858,0.45022648932252346)
 (-0.66673821832914004,0.24808325587093447)
 (-1.0507660118540094,0.3172942034392785)
 (-0.77629855127935821,-0.89402937816083761)
 (0.2026568422120606,-0.031677471735839513)
 (0.046032969800882395,-0.61625514051603547)
 (-0.56679098072989764,-0.96323330612204128)
 (-1.1074472230926551,2.3849176987364258)
 (-0.22831963244093198,0.24199896828767212)
 (0.60762138342781136,-0.58335810620049888)
 (-1.2269192537340139,-0.58005524891287774)
 (-0.48675067484635504,-0.86266125059108889)
 (0.39987489969005707,2.2862412462089896)
 (-0.38548631256544347,-0.22378282945887612)
