# Created by Octave 8.4.0, Thu Dec 11 09:47:22 2025 IST <gamana@Samsung>
# name: awgn20
# type: complex matrix
# rows: 2048
# columns: 1
 (-0.89629815123413459,-0.34748720283058815)
 (-0.84660910176101944,-0.97917412484294986)
 (0.94811901246403019,-0.39488271319148416)
 (-0.29908166935820457,-0.96939214633673221)
 (-0.36031180685649367,-1.1247622796229328)
 (-0.96904752408627193,-0.98873766138077079)
 (-0.96196611094192941,1.1620185938271175)
 (-0.39967936925442143,-0.42373956562850779)
 (0.93448565957697793,0.96771207351245492)
 (-1.0439287809763222,0.2665370235653044)
 (0.22202800328359862,-0.22120687757752949)
 (0.39327801553562802,0.23713374004352322)
 (0.30532428299831571,0.49191121044024011)
 (0.35829577665647788,0.32599520120098441)
 (-0.27796141124004259,-0.96522755217100276)
 (0.33174728142984361,0.40727512852210657)
 (0.32468739535317281,-0.99455740812411175)
 (0.38698749693983564,-0.32260846324575132)
 (0.89308484324580195,0.24977690431394073)
 (-1.0432715148650882,-1.0163763056464954)
 (-0.95332687559031271,-0.35287854068696561)
 (0.35766864689941164,-0.91679170103713081)
 (-0.40311709419871639,0.82348943607401914)
 (-0.34848405411214739,-0.3148108241538945)
 (0.31099208204073137,-0.4213794663812378)
 (0.95416917434568738,1.054962779055298)
 (-0.91483604949550879,-1.0777794860655263)
 (-0.32381687882005145,-0.26194524093125954)
 (0.99785694695772709,-0.24953871988018508)
 (0.90675712028732036,-0.30763382870173567)
 (0.32793834977646569,0.2708979730508434)
 (0.25767512065544396,-0.96638291448300528)
 (-0.3287353166040014,-0.35761608001711498)
 (0.97783364108729642,-1.0243689692414355)
 (-0.30837234769579247,-0.32459093299383895)
 (-0.1733943516726934,-0.27880031289430074)
 (0.40185662966936686,-0.27660349293579789)
 (1.0153660102854014,1.012103424555848)
 (1.0457940647136337,0.19197703533010615)
 (0.34100920949084995,1.0564565089228812)
 (-0.88386834760775568,-0.92689959904370223)
 (0.30639131743341502,0.27065616042054413)
 (0.29729837968030737,1.0800514937116434)
 (-0.29566309049628475,-0.27485791389162778)
 (-0.37857381814680025,1.0001706458472543)
 (0.34404573875769079,-0.44310213888323291)
 (-0.82500012000372391,-0.87100662934039019)
 (1.0536274839974284,0.93977895563963099)
 (0.87404618368245013,0.23423195909781569)
 (0.40628894559458967,0.25854884132239886)
 (0.38451109722453636,0.24036350434857845)
 (-0.29821389244801666,-0.92129695001990153)
 (-0.87656190707025683,-0.91959212925352529)
 (-1.0141185115663371,0.28977180946364628)
 (-0.91506132086149505,-1.0063564672062582)
 (-1.1237408383630374,0.91752368049054511)
 (-0.34328830204896826,0.91048251452988471)
 (-0.37675585364914721,-0.23659307933956769)
 (-1.0230152701368966,-0.92336470357630906)
 (-0.24310525164482377,-0.97022096118757717)
 (-0.16817480539517132,0.99892694341902988)
 (0.35746859245002816,-0.99535564251914188)
 (0.28347534783057216,-0.30425737522595619)
 (-0.24535832828947488,0.30510110466877916)
 (-0.31461023885851147,0.95097124528217858)
 (-0.9911386650757178,-0.93408458059410049)
 (0.2526136397597567,0.92028905518575999)
 (0.29907336581935717,-0.38366853976617477)
 (-0.95478685712539146,-0.29304486921660905)
 (0.98399603944919878,-0.33244135962321741)
 (0.38598360212575294,0.29130410520138061)
 (-0.2635896823392222,-0.21839511343217732)
 (-0.98996037934351389,0.92567386381893613)
 (-0.39407769230030343,0.95861056874261186)
 (-0.99667721669381326,0.25686595094246811)
 (0.89039360444614601,1.024720611659526)
 (0.96328604555877484,-0.2961996879339831)
 (0.3285296450515558,-0.8642381317627631)
 (-0.8789020922483739,-0.86411664051673298)
 (0.23291790801309709,0.20173037008792866)
 (-0.93168223903199454,0.89842066269176657)
 (-1.0044498973365816,-0.95068925027540063)
 (-0.28382738068065211,0.99715763760001697)
 (-0.29736912248971836,-0.88503884435721414)
 (-0.18486892636800878,-0.38913173057649714)
 (-0.20449287253442938,-0.4803770510973332)
 (-1.0175606232372605,0.32753613483265442)
 (-0.27678601603498582,-0.97370862031464578)
 (-0.34761518133730418,0.83955024921750487)
 (0.93795716655459338,-0.32537587775216259)
 (-0.28917221629828338,-0.34239770543018994)
 (0.31779084720464251,0.93578175221633486)
 (-1.0016654656134083,-0.32506910032599307)
 (0.90037498871134125,-0.39036484160565471)
 (-0.38569665332313069,-0.82686521839133331)
 (0.23078268198675378,-0.34643812895087001)
 (-0.2960921758996955,0.33393319939721888)
 (-0.95269615568791866,0.35216482380993552)
 (-0.96777932463346894,0.84218365759848601)
 (0.36257173670994247,-0.9482467650774421)
 (1.0611419317148172,-0.99757661889476767)
 (-0.30138617091674219,-0.28877337956648863)
 (-0.35971319523845563,-0.32249848248183477)
 (0.92811486358462503,0.34579903878025853)
 (0.42828636553909522,0.23721152180559132)
 (-0.86749478937604374,0.99622149431228346)
 (-0.36574122924854019,0.97477358689261051)
 (0.94861848881641442,-0.26104749978883524)
 (-0.3495082515191546,-1.0894008590993391)
 (-0.3161052075750006,0.78373836991919299)
 (-1.1124693322100463,-1.0539525216350387)
 (-0.89874700917666028,-0.33498454897516267)
 (-0.97358316756996033,-0.22945859785583389)
 (-1.073025896056842,0.9059423049362274)
 (-0.799085653419353,0.41404400582374862)
 (-0.31165314492635188,-0.85106022516311064)
 (-1.0549313868443362,0.30295009330174061)
 (0.41840872505368742,-0.27235084926918185)
 (0.91386303404843228,-0.34990273478757122)
 (-0.38881310435945393,1.0297552571110526)
 (0.32707727771463757,0.85324389740045148)
 (-0.32821623266260469,-0.99975443259425589)
 (-0.28222158765999816,-0.16156988804089489)
 (0.90595666571428679,0.37977603194844622)
 (-0.36398492677937189,1.0687306250040824)
 (0.33186523964512538,1.1025511044029339)
 (-0.32382583598980014,-0.85113179761200453)
 (0.32221350629734508,0.99883897102204666)
 (0.82023197493717825,0.40798697278455454)
 (0.76673879196545502,0.93910750562745338)
 (-0.93165360304470335,1.1026476645884997)
 (0.25415977734895556,-0.89041223501854183)
 (-0.8344999912083555,-0.87631023728793611)
 (0.29973209019873676,-0.29688570791461072)
 (-0.23416383003724944,-0.82145004576470482)
 (0.88312790279026132,1.0102897916996205)
 (-0.40882374027216611,0.3265805367807938)
 (0.30265353518339644,-0.39933175276979893)
 (1.049926419700518,0.21214675699490534)
 (0.85433681816521345,0.30082890560628478)
 (-1.0469610910599461,-0.33395224571710458)
 (-0.97334570429805944,-0.97466415890307956)
 (-0.87019777047330227,-0.37480959157682664)
 (0.26734367550452248,0.92293860350576051)
 (-0.87604258176785099,0.2732916841801773)
 (-0.36301261774944249,-1.0718867501201041)
 (1.0768806946871967,0.89081636678742004)
 (-0.92331163825913343,0.8644367060096465)
 (-0.93628066636384333,0.367761899791749)
 (0.93582274797286646,0.9375917340467208)
 (-0.9744788976203369,-0.35515273943169606)
 (0.40557628357456671,0.35928996466027957)
 (-0.40879709763914457,-0.87042825791546052)
 (-0.83923401848009438,0.95682723497351863)
 (-1.0920893514556909,-0.31672051324339473)
 (0.42771261658015197,0.98307284460986799)
 (0.40803586981373391,1.0591142590895233)
 (-0.97369448890974097,1.0095910211782204)
 (0.80165015151598418,-0.35032473726060731)
 (1.007929431561595,0.3144875880486393)
 (-0.31520650957383473,-0.49831985349590485)
 (-1.0095659141574429,-0.88058188607113652)
 (0.34628314467173393,-0.88939176882069737)
 (-0.29176655088645259,0.35318314686804247)
 (0.95658182076080744,-0.27905515292743188)
 (-0.26841768861635923,-0.32004604704108514)
 (0.95258326667257998,-0.37661391521523591)
 (-0.35577815623306197,1.0386030209425079)
 (0.35150758505385582,-0.24334104604197573)
 (-1.0228646109109201,-0.30243811892933514)
 (-0.39312236111970256,0.30329330802877374)
 (0.93438203550003718,-0.37988999352230707)
 (-0.95007062169091538,-1.0815962328708302)
 (-0.2940707617806228,-0.27193321308446783)
 (1.0002604831136053,0.3707648783724295)
 (-0.28881241280026609,-0.29926501004070516)
 (0.86190404604918691,0.90733729996929668)
 (0.31521013099498302,0.28926343965509482)
 (0.9587950979488179,-0.33968625309374084)
 (0.87334835349251871,1.1151964385786848)
