# Created by Octave 8.4.0, Thu Dec 11 09:47:22 2025 IST <gamana@Samsung>
# name: rayl
# type: complex matrix
# rows: 2048
# columns: 1
 (-0.4372865838464296,-0.76268512845205272)
 (-0.17291344831678443,0.041535458457352681)
 (-0.078747845597274047,-0.53146702249825162)
 (0.27290881092471975,-1.8091234143910115)
 (-0.08897217907795972,-0.027536208322890221)
 (1.8328410598748424,0.16942501323837411)
 (0.79270411891246617,0.20623306909052735)
 (-0.08871411674564432,-0.59331930322330251)
 (-0.26335658814025736,-1.1425439083894671)
 (0.14232028364735932,0.28323883457427484)
 (-0.021477564805776228,0.73890379678559859)
 (-0.10950358501563964,0.2609745972850695)
 (0.62985433744804842,-0.17838484476925839)
 (0.038211459347749832,-0.17135055537906327)
 (-0.15065481311995069,0.14079796107804907)
 (-0.43089699544699361,-0.055317759075056969)
 (-0.7841255740070554,-0.87908179197297753)
 (0.60268166537784118,-0.44130487239485761)
 (-0.024388517861890988,0.39583832493790033)
 (0.67369286401916195,0.13254916209036105)
 (0.44733874852473854,0.49072023963805933)
 (0.34937100567307056,0.75212440816679971)
 (-0.53884553209864772,-0.40372012304582672)
 (1.3905844036665456,0.16603179074332763)
 (-0.51921752465714699,0.59195013796565599)
 (-0.08920517637155706,0.11226478941903234)
 (-0.49379636472947319,0.040255974937551883)
 (1.0863969048725244,1.048424719745322)
 (0.61310833292635925,0.95403356039828791)
 (-0.60952696290521169,-0.49950960155700969)
 (-0.25337924103317266,-0.62147388237123025)
 (-0.13529132477032127,-0.1047983430561806)
 (0.46722308916168703,0.31802156901264678)
 (0.48336023304308856,0.16977901336913812)
 (0.24089309596876179,-0.46832485816714192)
 (0.57510526942353091,0.12080040518898408)
 (-0.093284627606152415,-0.56824870880352663)
 (1.1491814653140957,-0.42848174855578491)
 (0.18007447643506608,-0.99514545423733514)
 (-0.75891032621502019,-0.16295160368646944)
 (-0.33689695355710669,-0.069651277126444061)
 (-0.081912537939605429,-0.023823606918386538)
 (-0.78033225044024235,-0.42384612469834437)
 (1.3084694317049923,0.64282068371290435)
 (-0.22335090245602218,1.1635432321719326)
 (-0.58677056964981911,-0.30755124997124544)
 (-0.61245058200451918,-0.39030073303569579)
 (0.48861853541604372,0.55212003931803788)
 (-0.89666018364231648,0.33974616390540152)
 (-0.12140098873060212,0.00022158721802851417)
 (-0.41222384708852733,0.57468001009191483)
 (-0.45013659427884967,0.64175709688529448)
 (-0.82727524432136712,0.62286167556154948)
 (-1.2457097636857679,0.74244979172581016)
 (0.025747330069578633,0.60281448696919682)
 (-0.20132515417124464,0.1885790180000595)
 (0.19645052481900677,-1.0190665755076402)
 (0.078686695540649845,-0.20010612677671971)
 (0.39355240527290947,-0.25438416315689416)
 (1.0580553966762627,-0.052814505673340117)
 (-0.31172042731417171,0.63632288075354493)
 (0.49426101417299562,0.50317606955024008)
 (1.4091069162300793,-0.47146347299108571)
 (1.7607243431872295,1.4732381742374825)
 (0.076045688527276389,0.90566657582806309)
 (0.3791612950563012,-0.45823459448935816)
 (0.31923050785326634,-0.55857582137550899)
 (0.4240442302886816,-0.57318548026492144)
 (-0.18439203438339358,0.14938884743903769)
 (0.5424350438806449,0.0098106458752150183)
 (0.67458183844870778,-2.1838059695460985)
 (0.50527520372792323,-0.16646410270780654)
 (-0.6079152915187308,0.038896684326430231)
 (0.012324401941448182,-0.4261038995073031)
 (0.17463227062305872,0.075361648199706227)
 (-0.22788543641015782,-1.0225026916147288)
 (-1.952645054854639,-1.4878484297540169)
 (-1.190955933280136,-0.084351543956649677)
 (-0.46023710292721715,-0.5536965503405803)
 (-0.83571112899367272,-0.92954594959002135)
 (-0.45622238861808978,0.69007889375321319)
 (0.0033635052856254011,-0.79173432490857198)
 (0.84192071017360071,-0.82856580473039798)
 (-0.25242060969531122,0.90220460386518275)
 (0.16558689844691735,0.31607020236413375)
 (0.87006523343196995,-0.10855710255279422)
 (0.12693902619307582,0.31079335348332288)
 (0.19134809426410054,-0.78045907619885369)
 (-0.35665989573088702,0.64304199882110558)
 (1.9812265913900371,0.010154394810063083)
 (-0.14511412386756006,0.93387214442528188)
 (0.25372226994813335,-0.43142436290400105)
 (0.87202730696126296,-2.5183079580362646)
 (2.7822120171355147,1.1578297786822853)
 (-0.10807916772903824,-0.41237436335122579)
 (-0.80783624291816336,-1.0661430159785741)
 (0.54937982634317617,-0.23585628461532465)
 (0.29416352325871042,-0.68460866451778701)
 (-0.66393372201831979,-0.16322389263116582)
 (0.32049018873400131,0.8575058223366705)
 (1.1246654794787956,1.6743650290599863)
 (0.96554718723664867,-0.13321577236832982)
 (0.002492107620519865,-0.2227861775324311)
 (-0.21755259295106399,-0.43896397249893332)
 (-0.72493175939850152,-0.85605241989471692)
 (0.5537946435014367,-0.047495741014994819)
 (0.89538697560532232,-0.80232958771339091)
 (0.37418719311928883,-1.1786341020316313)
 (1.0983759395369161,1.4089666066393933)
 (1.5131115752054571,-0.50600011730221284)
 (-0.98053472994769908,-0.90153023558473644)
 (-0.50978345403570047,0.45366333046395724)
 (-0.0037718233108652412,0.019257051381889288)
 (0.40692905740096014,-0.057628410956731213)
 (0.20013390256745534,-0.1380746765498872)
 (0.43530023693167308,1.1154302024624654)
 (0.51230900437607374,-0.26241088225116116)
 (0.25521497849491737,0.58916898303480991)
 (-0.68230968680370729,-0.11342397963306833)
 (-0.024955728336373321,-0.24235973562409632)
 (-0.60898973779758925,-0.81107108589885557)
 (-0.581982535543204,-0.0067008763018353013)
 (1.0348327181370134,-0.62360147643973718)
 (-0.31399467224880834,-1.1722020257365235)
 (-0.88862224519123145,-0.093876324532284561)
 (0.84174660771219645,-1.4081244595993414)
 (-0.05405415453469338,0.21614422166857788)
 (0.56822413199069877,0.33815369927374817)
 (-0.86004106614507092,0.43829362084084939)
 (0.99316807242275051,0.054801167571865317)
 (-0.31636112384028792,0.58922121998977128)
 (-0.037155485850759784,0.59970355842291811)
 (1.2462629573670732,0.14761922936546207)
 (-0.22365023196126022,0.18806593767137197)
 (0.24643553995325207,2.3014818661148047)
 (-0.35169977345723324,-0.97120225296420515)
 (0.6775399080646749,0.0076656793849900207)
 (-0.086832965157011444,0.24500028637113269)
 (-0.28306043705171657,0.17654309848810187)
 (-0.91841248852256507,0.72465924463938347)
 (0.56963249134444061,-0.0021518054238318096)
 (0.016220977520667285,-0.17015026349374923)
 (-0.09490203621238319,1.4470306834410722)
 (-0.18370633255048247,0.25664602444322293)
 (-0.45771847599783577,0.52023074484784249)
 (-2.1947222174277017,-0.21993598926015318)
 (-0.34557352697336918,0.048271079676878138)
 (0.096533970325173385,-0.38246311866925647)
 (-1.1536120843219888,-1.3032889750504109)
 (-0.17988741231214275,0.10640766533832202)
 (0.5943922898921592,0.22586452498125553)
 (-2.4054089660815166,0.82618794220664238)
 (-0.063717481071602133,0.71154443804975509)
 (-0.39686621792541882,0.11400147247644839)
 (-0.2648462646708879,-1.3639155151782116)
 (0.55533737309262032,-0.15340329594750932)
 (0.1888795922383403,0.20254738798340291)
 (0.29781144467374931,-0.23907592516186896)
 (0.83112228097793894,0.51739991755301618)
 (-0.097595815056338325,-0.71115986665381969)
 (0.38286188482602501,-1.1710136393443389)
 (0.080420825679381192,-0.10945558286379134)
 (-0.32188446988512204,-0.26168127179624873)
 (-1.0198540601353201,0.029814088741928035)
 (-0.18102604252156884,0.010443839429947671)
 (0.28112096650272095,-0.05129868359022588)
 (-0.40270762725353121,-1.3649536063245784)
 (0.058937261768139113,-0.23111605076488179)
 (0.40822378180250929,0.061947046292603142)
 (0.51210662679906227,-0.48466416400921758)
 (-0.11204110855568375,0.3882545241932559)
 (-0.27548112845026673,-0.46825255549292244)
 (-0.18803034479496178,-0.6230802740715552)
 (1.3019587124062684,0.21887137749533331)
 (-0.1845293599191172,0.11752805308504974)
 (-0.031445533662014163,-0.21527959167467764)
 (-0.35221163042692122,0.43921661069328233)
 (-0.53997764213785071,-0.96298919059957311)
 (0.37860933492209142,0.28632092526740077)
