# Created by Octave 8.4.0, Thu Dec 11 09:47:21 2025 IST <gamana@Samsung>
# name: awgn20
# type: complex matrix
# rows: 2048
# columns: 1
 (-0.9696024161936263,-0.27389860646544739)
 (-0.25230460193480914,-0.35885425246446234)
 (0.8888219959604593,0.32936697961577033)
 (-0.91305048468475491,-0.32198650975876142)
 (0.95002911342201435,-0.81416957822701652)
 (0.13982625643733815,0.94277224785148117)
 (0.34494768073358406,0.91151202536948184)
 (0.33183247835435298,-0.28645162740687058)
 (-0.88878192870335182,-0.32998912046848589)
 (-0.20390177178353652,0.93455272020936531)
 (-0.27212835036374994,-0.98460324214748962)
 (0.25010504527009941,-0.19571097325001161)
 (-0.91539480449370958,0.99262717209884443)
 (-0.21165899910716096,0.9044677740227326)
 (-0.97698658129277838,-0.85414863690309839)
 (-0.9793345603733683,-0.98022460410265544)
 (0.94365292554278513,0.83415316383798754)
 (-0.79950358737027827,0.22001282918652537)
 (0.9938719468370657,-0.40649951707025594)
 (-0.29779860817216403,0.3114210516832126)
 (-1.0115032616703965,0.99775342528207844)
 (-0.26851498099359622,-0.34732830646742974)
 (0.16542019247354892,-0.99884524603369373)
 (-0.82442025232627703,0.97617008877580558)
 (-0.2985225522477587,-0.29306338573736607)
 (-0.31682885453182419,0.33849780992942469)
 (-0.3274884552274247,-0.90234748662436326)
 (-0.88182431458166488,0.37612769972768989)
 (0.89269507658075065,-0.95026492226607295)
 (-0.29870711605142791,-0.26355499457644854)
 (-0.38439994563979646,0.89756310457516686)
 (-0.7421922266542087,-0.3465022769810947)
 (0.83660355633891148,0.35499375302676878)
 (0.23142808407367571,-0.84123540431069999)
 (0.40701704966641239,-0.28037956397112335)
 (-0.33384855108253753,-0.84466680252869031)
 (0.92715649120846066,-0.21282598774202605)
 (0.85416630630228807,-0.93719392499531629)
 (1.0101942831122654,-0.95562305639260392)
 (-0.28777271724284043,0.30197954382032205)
 (-0.32965934704476674,-0.41228154600153677)
 (-0.98815992568062549,-0.93979808161336154)
 (-0.18262174542761672,1.0354194102765137)
 (0.26865561324782289,-0.94106577412881287)
 (0.32608722613104907,-1.0152976601751638)
 (0.92110817974667081,-0.92358299203897998)
 (-0.37372176553179515,0.23861153735859636)
 (-0.88953692171137722,0.3012659548309779)
 (-0.35928977172779214,0.92796503232618432)
 (-0.33039239916639196,1.0701884126213317)
 (-0.81977501184439894,0.41718861462948259)
 (-0.39048081538264567,-0.90549314594975672)
 (-0.34481413445728287,0.31382479123834389)
 (-1.0034650544664654,1.0159984748409023)
 (-0.36304320241342586,0.33079016283095997)
 (0.92951708788413423,0.47006853775487722)
 (0.9313855383251578,-0.97204489341438627)
 (-0.25851621138887321,0.85848015061178407)
 (0.34356672129876775,0.3692232819627016)
 (0.99639618672053387,-0.86699357221092455)
 (-0.46632457379597708,1.1015041868829967)
 (0.92197279499332574,-0.32436581268914916)
 (-0.36823608887236414,0.2819207469573306)
 (0.31087302989936855,-0.90682584593069926)
 (-0.19034963712994074,0.23854510142000296)
 (0.4023391147741176,-1.0365062013223816)
 (0.97600670191373273,1.0560035561520347)
 (0.25457168064212171,-0.35936000435491938)
 (0.25757773038272902,0.32959907062459126)
 (0.98902451036315298,0.39918837394509388)
 (-0.92902249309407503,-0.89154779092965863)
 (0.9094347101036967,0.3167600218760554)
 (0.29986874404254654,-0.94260191951031014)
 (-0.40090112531352678,0.91697406766021128)
 (-0.96477086537701429,0.33242079337520686)
 (0.33447118115858182,-0.93318493709553729)
 (0.91605494337273463,0.27043329735701838)
 (-0.9458886566338981,-0.33086521093068161)
 (0.34818178626568852,0.2970481875950341)
 (-0.93649388607256889,-0.34126166059544349)
 (1.0544923348574127,-0.33312353858645083)
 (-0.31628504032343668,-0.97036381509606107)
 (0.38929588814148514,1.0474893020091331)
 (0.46149194341080879,1.0144545236119691)
 (0.29192974766965624,0.27152265429810585)
 (0.37256143004644526,0.9354422826326807)
 (-0.36627233802634546,-0.97396407104520311)
 (0.2112893584127854,-0.35328847879604153)
 (0.37207924468560616,0.98937182807743596)
 (-1.0421551798286113,-0.31379055949466911)
 (-0.24117518107605401,0.15011146446012036)
 (-0.3253892170790661,0.89749060063132358)
 (-0.31934304796071294,-0.93008985566377911)
 (0.25619295012054699,-0.9915249114703506)
 (-0.94830960899279204,-0.87327249217295966)
 (-0.40089648860955862,0.30134593508680285)
 (0.81894468906300699,0.8975661301839527)
 (0.22871465002367491,0.89300560580003752)
 (0.26414310142140263,-0.91365345539037723)
 (-0.26769038005009116,0.19553658061159124)
 (-0.23239564201057927,0.31543955038519927)
 (0.97605046425353115,0.22897497817036264)
 (-0.91513576786418671,-0.37897945220648421)
 (-0.46664577771618332,0.4201262539735881)
 (-0.36063361257286841,0.3934605266852364)
 (-0.33627500574434693,-0.9257376620894352)
 (0.33858855944370331,-0.98453862902303957)
 (-0.97643654615084197,0.36953674085127791)
 (0.98629884209833718,0.34390371319913693)
 (-0.25002585423692697,0.2063533127862075)
 (-1.0081133407968319,-0.31595369629151399)
 (-0.28995132896971565,-0.91638960650786416)
 (-0.96658056395891456,-0.30439721725663998)
 (0.11419245106176557,0.15780571071844968)
 (1.0212734250475037,-0.42870108991521022)
 (0.81302281952164446,-0.90958013733888077)
 (-0.31438243921064452,0.32008333625205782)
 (-0.29062560129096587,-1.0017769568639463)
 (-0.8760809380293102,-0.4111044288589219)
 (-0.37801877834727327,0.32797492890736002)
 (-0.9834360366451631,-0.82530864972183815)
 (1.0655254246346426,1.0083025776778014)
 (-0.29069022701264002,0.31033956672591928)
 (-0.2735453979741459,-0.360204312188658)
 (0.97991598780016531,0.33022202073327739)
 (-0.92366414207528069,1.0239141018456013)
 (0.82803409733027822,0.74532717269786031)
 (-0.94236225521542238,0.85342612578213961)
 (-0.36893903056826854,0.89542948023473234)
 (0.30493521234736837,-0.1606996908422465)
 (-0.93139825419971944,0.95276037503816258)
 (1.0364454177802349,0.33874274599403342)
 (1.0079616181352082,0.3285550267956508)
 (-0.83993615457190174,0.28794997386697979)
 (-0.94513692592170306,-0.86119879700534963)
 (-0.28702764344092296,0.31060114602693784)
 (-0.33844226343270162,0.24440895643411548)
 (-0.30282367209519861,-0.9191835205918869)
 (0.41543972634531923,0.76037714223274278)
 (-0.14027298363964633,0.26833162276197547)
 (0.44014508301636124,0.85399050783702046)
 (-1.0568380833795965,-0.85908144280887988)
 (0.35076167391380442,0.94598208200936218)
 (0.36568994886849449,-0.28445450111323772)
 (-0.95443032615722023,0.99484470796592284)
 (0.33867617069044575,0.90166644448430622)
 (-0.28682314962533539,-0.22290049420796698)
 (0.31285222543863844,-0.30811232331337046)
 (0.38859838587819628,-0.96660141344209793)
 (-0.96453997497667754,-0.30159649001738226)
 (0.95802612291013878,-0.32257465348848513)
 (0.97563373118039975,-0.92636626318481174)
 (1.0085587474348712,-0.37584591360678027)
 (0.32538538980784593,-0.37400617175991252)
 (-0.77992472153723957,0.94723051941885061)
 (0.97130551437649992,0.39074240510502595)
 (0.39359230376048887,-0.2336238031155356)
 (0.45720907587365867,-0.91697057778928315)
 (0.97524990062456363,0.36891501665998927)
 (0.89415123488249815,0.19367617616632979)
 (-0.90096275670984904,-0.9520028617618097)
 (0.2353585711095697,0.99651319352940582)
 (-0.33107710129137435,0.8490244565263545)
 (-0.26759934240880834,-0.34230508918526081)
 (0.38914125254439752,-0.40537470932588099)
 (0.38016959962880875,1.0222229595209913)
 (-1.0087495599302916,0.29617334792137118)
 (1.0085193406975932,-0.38568902791013154)
 (-0.92267221562014257,0.84350697730650526)
 (-0.90143706405381829,0.85315346780010648)
 (0.80104402072095326,0.25145938774979604)
 (0.29840990695310593,-0.27167197273048788)
 (0.91972742813708075,0.89450464617762138)
 (0.31184747329229134,-0.2902049832486559)
 (0.33893913554526323,1.0285158848183895)
 (-0.9433159888754461,0.34390293520644211)
 (1.0138785691619248,1.0108452608907519)
 (-0.35023272443510417,0.93384710970565454)
 (-0.92456179519790571,-1.0227883831317734)
 (0.32252215623582176,-0.87567653737201112)
