# Created by Octave 8.4.0, Thu Dec 11 09:47:22 2025 IST <gamana@Samsung>
# name: rician
# type: complex matrix
# rows: 2048
# columns: 1
 (0.46551011773530337,-0.00094900057580163399)
 (0.5978669156412223,0.060373746740845446)
 (0.24237013691700071,0.083443746840157526)
 (-0.001306899287254748,1.1485048351653409)
 (1.3891235972398079,-1.5579018661397757)
 (-0.44666661120206358,0.38609324749182244)
 (-0.9931193904703981,-0.098826361100153803)
 (0.53647773050510239,-0.56925102469946964)
 (-0.3249332421592358,0.23993424345772119)
 (0.21933599097718817,-0.14980536378814854)
 (0.43286774557603613,-0.92200298792627655)
 (-0.40107317554112576,0.47344107004861252)
 (-0.29600167811591394,1.3579696010935516)
 (-0.37456140562547791,-0.83729992753227311)
 (-0.20752844011558763,-0.070760141659910833)
 (-0.041061305641755724,-0.76392105530523025)
 (0.42475250515400942,0.52069361134404168)
 (-0.41607794299677742,-0.40365527698820097)
 (-0.96730968813368201,-0.65285163704213278)
 (-1.1738659451376892,-1.0109765684206917)
 (-0.48507881229712063,-0.26460137627600455)
 (1.2770231220470927,0.31317544463526942)
 (0.64037992468095761,-0.90525418400846802)
 (-0.20521073328582326,-0.73746161752537565)
 (-0.94563515406428766,-0.88234486510138199)
 (-0.32947455406631959,-0.21795206178413912)
 (0.70530847943814079,0.24609751032394381)
 (0.95844169984710048,-0.83611410280531462)
 (-1.3212685683566177,-0.61758268724795939)
 (0.011447130783676956,-0.096613015290335003)
 (0.17166269766390729,1.2084984816865172)
 (-0.12553812844149748,1.4040947767013039)
 (-0.9121957423482665,0.71641675928213977)
 (1.1685055284619532,-0.34789602214115162)
 (-0.99429157189650275,-0.24850118889520481)
 (-0.46107064066164594,0.8781219615674819)
 (0.81588082561566,-0.15012148885438092)
 (0.62069747351602911,1.409679591103784)
 (-1.4612102346931888,-0.056701947907918326)
 (0.73562741823862954,1.1788571158112238)
 (-0.58703593537716892,0.77461085680043806)
 (0.30819956760530676,-0.74538026626928888)
 (0.56564006593802496,-0.97246434826913619)
 (-0.29005422040519696,-0.40594596731302851)
 (0.74203860987112791,-0.49201792797552424)
 (0.17738950966130365,-0.46178945543824246)
 (0.28359083270558516,-0.36015757406448368)
 (0.31972780222571312,1.2818117678594874)
 (-0.32704532956551502,-0.26325255038155615)
 (0.27896657278010228,0.44099001560789541)
 (-0.77649661390852898,-0.14250179883188202)
 (0.48106471903144266,0.91662305551849477)
 (0.86559008436058593,-0.42227188422878453)
 (-0.20264216524551865,-0.45661970933757784)
 (-1.089206510404729,-1.0097793740543413)
 (-0.6977392816682596,-1.1702334651128958)
 (0.64383029312488826,1.1307308556650904)
 (-0.59295842863176285,-0.1226425054926982)
 (0.2620773012834241,0.33003866972775175)
 (0.62834357892251935,-0.0028396932473500613)
 (-0.29881715278202814,0.18781640594970353)
 (-0.43720541154958525,-0.27550193637136156)
 (-0.33933703535753107,-0.2108415784239252)
 (1.1368892758060287,1.7703307071419974)
 (-0.29892012745655883,0.55595372366703955)
 (-0.43941486101104277,-0.13683193556364778)
 (1.0574058558901589,-0.89283558829269749)
 (1.3618626392961608,0.31502550783120625)
 (1.0388633230731543,-1.0940846895865277)
 (0.36372728598488141,-1.0974511128211111)
 (-0.1068940986027869,0.5928866611492567)
 (1.2309581490391366,0.49694161778076934)
 (1.0944539069048722,0.70665419139378205)
 (-1.4845040528787485,-0.40674668464714553)
 (-0.7821483099305987,-0.29196443597681854)
 (0.46081067508952178,0.14585171126800384)
 (0.31652227288021045,0.24250638816413578)
 (0.89034613336512602,-0.62338977522045647)
 (0.52561584452494547,0.45177289890281613)
 (0.28209791421194752,0.33702712854884886)
 (0.4526383446680638,-0.70031105308109665)
 (0.11126149303977401,0.2211545500842933)
 (0.088876862330464546,-1.0650273301923305)
 (-0.077125765212982811,-0.93735766283175836)
 (0.26129939937514668,-0.21901762790546944)
 (0.23598923611654488,-1.011609278654414)
 (0.37847782291223625,0.99668202386697047)
 (-0.44006927645303956,-0.42040929411871525)
 (0.45930892323684214,0.57632694613297208)
 (-1.5225211747521319,-0.3418030478640075)
 (0.75323507689753599,0.40769953208629189)
 (-0.4740146222695576,0.16362268538033953)
 (-0.24926313272087974,-0.019653921805260391)
 (-0.12111315236461212,-0.48496688867151216)
 (-0.48518021418431045,0.59756728128563541)
 (-0.82056023534592981,-0.16000909882493322)
 (0.058688451797793695,-0.10004395761378593)
 (-1.7920873847133776,-0.85346390809865813)
 (0.26969377086409346,1.1220500832050848)
 (-0.25354865525995829,-0.65386643321097238)
 (0.60911131572018018,-1.2116487628474346)
 (0.32958243875162585,-0.2406651874833392)
 (-0.71491977347866142,-0.9129460914321581)
 (0.29536683024773597,0.30847620609652121)
 (-0.73276342185329846,0.39209684006294643)
 (0.85506200863936965,-0.77483489783463622)
 (-0.62787503044842496,-1.1088024621138279)
 (-0.50181075079622084,-0.11643465034577391)
 (-1.0573325935649209,0.49035289982505709)
 (-1.4084522010294007,-0.034737254664392592)
 (0.40486067920639163,1.0309793580741418)
 (0.55302547765193188,-1.1083490173559021)
 (-0.46761090663166011,0.57351197134436127)
 (0.0080938171716155305,-0.4388067963118194)
 (-0.75512959024115767,0.67280238575161455)
 (0.79582740077849023,-0.88991926127788268)
 (-1.4482721273261714,-0.13302975565748798)
 (-0.52708990206737627,0.18379281736695646)
 (-0.49653036045846899,-0.10524638514591131)
 (-0.13707630365871204,0.242526699016479)
 (0.13519330539087338,-0.69056800906947402)
 (0.70355449946398219,0.78550711666433415)
 (0.44977676686637502,0.7611235468599824)
 (-0.33827395752777351,0.37220101226900398)
 (0.28637940947376295,0.095334647325606134)
 (0.82449151626789829,-0.050411410775035581)
 (-1.6458866911026786,0.77951713671763834)
 (0.79711909746370957,1.2423247284260954)
 (-0.62192567535487586,-0.43245817789026553)
 (0.06042095776526718,-0.6589378133466417)
 (0.069324378887451577,-1.3624488885278918)
 (1.3843410278009127,1.2275457536427754)
 (0.57025209286756129,0.52561549912122041)
 (0.60028911273965613,-0.30268933725530717)
 (0.51040177026860767,-0.69680523720450349)
 (-0.3257511588283733,-0.18391855778366922)
 (0.27873019208452565,0.60210820017280409)
 (-0.41538327396742841,0.12294203921790109)
 (-1.3515375483435448,0.0098011428855099281)
 (-0.88361175623711097,0.67501207310073585)
 (0.9993176686710914,0.65879613517096325)
 (0.9965968668450651,0.94005575629128069)
 (1.1512189662463423,-0.61625763278347323)
 (0.38031076725968205,-0.46541499536128417)
 (-0.66396144078129526,-1.1647639199213153)
 (0.0094571100710708067,-0.3395569159272025)
 (-0.98109163943875111,-0.69944151275879285)
 (-1.1363703471297799,-0.22212689410146358)
 (-0.094155544771426458,-1.1380671447231394)
 (0.26630595901684789,-0.46310970484575914)
 (0.10079177522508406,-0.38829851633381152)
 (0.66577664173800732,0.67120100438192676)
 (-1.0986946217574385,-0.10650221138532634)
 (0.57895372325790051,0.84586157777007465)
 (0.77354537810713264,-0.015077227761276069)
 (-1.2272549802284107,-0.43121916153669415)
 (0.22757571990550002,1.0575567225990901)
 (-1.098140975108548,-1.1154346263326773)
 (-0.089104604970453707,0.31997240098528157)
 (-0.30169487639980158,0.26867304503804884)
 (1.3551236557649864,-0.14229849462813915)
 (-0.17270014622310204,-1.0521325583524619)
 (-0.22032616525400206,0.76872427706809543)
 (0.099297708363996873,0.84938103410822907)
 (0.76056905441602096,-0.042175195648852692)
 (-0.523475702593732,-0.74092973695817999)
 (-0.096005437847933056,-0.91137409710141426)
 (-0.33742192868595489,-0.76634900570180864)
 (0.10246581440122715,1.1943845652571614)
 (-0.38050462920005168,0.55614820810833132)
 (0.29282895929198005,-0.46435788551520485)
 (-1.0514243094261206,0.041611741665760427)
 (1.2628528564474808,-0.45400313776675755)
 (0.54192835622200008,0.73417265615172711)
 (-1.3847642951206529,0.78334877645472123)
 (0.95502518117570401,-0.12015179955578814)
 (-0.32655518218990737,-0.31907674141563852)
 (-0.33141431426868434,1.2381106355632754)
 (0.35506245318506546,0.8461950636227018)
