# Created by Octave 8.4.0, Thu Dec 11 09:47:22 2025 IST <gamana@Samsung>
# name: rayl
# type: complex matrix
# rows: 2048
# columns: 1
 (0.35100490606888807,-0.07920036214923408)
 (0.20747576730477049,-0.46407962571980022)
 (-0.54802956488604215,-0.11211486636108489)
 (-0.052682321209506833,0.66867861966725894)
 (0.26461244556531177,-0.28167829014203966)
 (0.35342008463653191,0.12165118479359696)
 (-0.31947894759381412,0.90944593947460717)
 (-2.8046876402478045,0.22148463321308065)
 (-0.097291384404595421,-0.46076367863885348)
 (0.31657058510860536,0.18481397621083206)
 (-0.35194122607901279,0.538236916735646)
 (-0.20817769447530188,-0.16191511863625163)
 (-0.19034031293194709,1.0202682111514894)
 (1.1505865460404325,-0.90489793126628915)
 (0.056689977702166439,-0.26340987302005175)
 (0.47616101122539756,-0.97110405289676116)
 (0.7513314082593916,0.17682816715596195)
 (0.82811053601053897,-0.14050686123271722)
 (0.97902533192028174,0.39106113021947919)
 (0.58462006626203189,-0.030738694811890982)
 (-0.22882156077874055,0.65029048889158148)
 (0.8606333123101706,-0.57696280796239408)
 (-0.21530003807239134,0.57161014959880219)
 (0.15867576366570413,0.26113206793860239)
 (0.15418845672521531,-0.0635996262561484)
 (0.84967670080161439,-1.1335200660501439)
 (0.55751051948917252,0.71952691443785155)
 (0.18486040533565462,0.45631407325211948)
 (-0.79768939853904286,-0.9399627524756976)
 (-0.077980987037181065,0.51728962820640512)
 (-1.0962431605477327,-1.2216072381512624)
 (0.75172075934941307,-0.11631126804801289)
 (0.50716012879197792,1.8680473741264243)
 (-0.23899055309876366,0.58601631451638958)
 (-0.56899783723046782,-0.15450972315642197)
 (-0.026712484689189811,0.24819641610940202)
 (-0.60176694798133923,-0.092383052111735905)
 (-1.0209411875415459,1.4917241302391271)
 (0.60213171320175041,1.067264123066199)
 (-1.8787633242493309,0.98933827354802317)
 (0.15190827851504951,0.900294560194146)
 (-0.23688752379685865,-0.021239942945618172)
 (-0.042631413693511797,-0.13076079706506405)
 (-0.6004007232754589,-0.76071987472289204)
 (-0.5088249505345771,0.12692637215877972)
 (-0.65319297878440374,0.26198882481695918)
 (1.5431485585190043,0.58362466455687367)
 (-0.2506115733672003,-0.72494703282968154)
 (0.18512794506035207,-0.84968103680844631)
 (1.1073575277509318,-0.06421433170711055)
 (0.86564895405463249,-0.2587876123468163)
 (0.31493764631852755,-0.37552194986703086)
 (-0.032606583819663526,1.0078291911272645)
 (-0.60097561275798295,-0.2007263934228172)
 (-0.56492546446419423,-0.098832461402218463)
 (-0.0014553922447826384,0.27823971843343809)
 (0.23581980478266196,-0.38168936841989531)
 (0.30352513065124759,-1.1247204651444598)
 (-0.52581102326028417,0.2297984970755132)
 (0.46542003591588776,0.23321416486881943)
 (0.96502191950792571,0.094109072355751777)
 (0.21299682171012213,-0.38782419270795099)
 (-1.0554656296899916,0.73152105346408935)
 (-0.0071732225673315116,-0.019954328922473327)
 (-0.51159580326783471,0.099034065225633905)
 (-0.37101347779475924,-0.077128743956897144)
 (0.51759353002305331,-0.11215620599499573)
 (1.4553539884708551,1.6556469227422381)
 (-0.36389534771207138,0.19296933110039421)
 (-0.23948856722152917,-0.76643767935879359)
 (0.76470563475905728,-0.47608753427251538)
 (-0.30158493417973842,-0.15168387390247726)
 (0.16341146616438965,0.16095152978536623)
 (-0.12537915605333783,0.014354071718312301)
 (0.56354051864674515,1.2443143319114283)
 (0.92306631428884045,-1.2245434250595302)
 (-1.4904505107085118,0.79284886632505969)
 (-0.30515279486576175,0.52714544256880036)
 (0.90197305766807989,0.026428851977193135)
 (0.63865055337896348,0.29701800239738907)
 (-0.47420673165590022,0.13997430020045995)
 (-0.86592914675823651,0.35840413965009454)
 (0.92514051291891086,0.016549315172522283)
 (0.03852142177208473,-0.94555254515933296)
 (0.71282922728634401,0.73381400367303895)
 (1.2446398046234801,0.32196113938756571)
 (0.24984195909154416,-0.1956526915762184)
 (-0.37619896739298064,-0.58362862588378372)
 (-0.29249816706161796,-0.1207116981079822)
 (-0.4096248138004982,0.078774537223054192)
 (-0.29619506705235743,-0.74660881652531574)
 (-1.4328207646025684,-0.82637019775221232)
 (0.72011979733307596,-1.2809985068658083)
 (0.64978451361175127,-0.036968699541570227)
 (-0.017989216116211626,0.9216500351575061)
 (-0.063583528903928696,-0.59421113429578432)
 (-1.3948715526342439,0.70028791717658134)
 (-0.36850729339593785,-0.072471882005881727)
 (-0.97246505748132872,-0.29923401205737515)
 (-0.17178402533689668,-0.21277828154274603)
 (-1.3908588652940344,-0.71333314545457871)
 (0.13360917997352542,0.1087801286355707)
 (1.5226557183669498,1.1870545665128867)
 (0.25779746638552925,-0.36812892959418142)
 (-1.4220834831997777,-0.56374822110217027)
 (0.48952520171169794,1.0011033532772882)
 (-0.16622586800545591,-0.53425861708764721)
 (0.46226118362203306,1.6251605968307126)
 (0.19007174611258879,-0.33608597093889703)
 (-0.45689267270689188,0.1703129713641775)
 (0.39389066244475957,0.72385650423748038)
 (0.23241347314392138,-0.36287865052940738)
 (1.4276949403480019,0.19821499721578156)
 (0.93965002750689808,0.68348709202699109)
 (-0.35554477950223412,-1.1705739001929769)
 (-0.12004202426109718,0.24532594614278391)
 (-0.062114324071990655,0.11247160348494853)
 (0.64915277207479083,-0.58918280676654633)
 (0.31831703213712925,1.502194162897039)
 (-0.19847976064564066,0.63213479205603684)
 (-0.0040217269830152558,-0.29212928377371905)
 (-0.30349713572610559,-0.13393497123607798)
 (-0.21283734197007756,0.0010382261490915756)
 (-0.38997328891104732,1.6898281164281235)
 (-0.81739056398173415,0.33472522514873282)
 (0.85493604751411079,0.39258251102820463)
 (0.28504552024180541,-0.85610089481187412)
 (-0.40297639899013171,-0.31129092234167094)
 (1.7965850696420691,-0.92604401079919296)
 (-0.88390381644404215,0.33275890781843775)
 (0.34198036617495986,-0.42920496702331212)
 (1.450419674576469,0.058675257307652995)
 (1.2412082986684247,0.41613120898642614)
 (0.1340992973289804,0.30085913735880221)
 (0.83282202247845549,-1.1040179715576008)
 (0.15398472566685595,0.18357673092432031)
 (-0.54192837196994326,0.47796239330137441)
 (0.033787680143677473,0.43477500756144538)
 (-0.14280914257161426,0.7679316717770257)
 (0.74762209171357907,-0.41163145771709847)
 (1.0793442462732072,-0.81604799089753821)
 (0.086889730030638296,-0.57080228605339556)
 (-1.3587858242918505,1.4530015636203921)
 (0.22263289607723924,0.4790345717293048)
 (0.075654199641653125,0.049674605922262513)
 (0.084723857064063213,-0.33742866325929072)
 (0.1724429367373265,0.069794518598679328)
 (-0.73869061665257973,-0.85005537787521113)
 (0.5691141390859481,-1.4535857747346128)
 (0.037281297316982875,-0.3337134858087264)
 (-0.72724785529910163,0.23959534138974004)
 (-1.472699554076554,0.81525082320905817)
 (-0.11069703146120313,-0.17609887621121667)
 (0.30408375033054985,-0.097902163192723823)
 (0.14023372430836251,0.97028603278382408)
 (0.90319948037243258,1.0658740152500046)
 (-0.0095399333070283893,0.16632338558873166)
 (0.28850390427911288,0.48260358376957291)
 (0.86859874703697826,0.047842061724747087)
 (-0.0073208658119500447,-0.61556077270182918)
 (0.12514088181951333,-0.36497673512723372)
 (0.70939287044899313,-0.31543333356349063)
 (0.58524099623560077,-0.60808886995028077)
 (-0.70737342155819671,0.91064567948050745)
 (0.01274070516925109,0.32764712759627995)
 (-1.8229617410309369,0.45448457057016922)
 (-0.26218987907735708,0.40367574810752116)
 (0.63238012449858705,-0.36479366037136907)
 (0.61053139732985673,-0.050504808749758684)
 (1.3965596817003616,-0.80309658281157659)
 (-1.1035618070547921,-1.1405663791764635)
 (-0.40902170304614371,-0.15840630255104338)
 (0.15934245693866037,-0.027205815019598997)
 (-0.019010226413383569,-0.6222428280083252)
 (0.220050177904135,-0.13059311645017102)
 (-2.3731407417101771,-0.21069967940943335)
 (0.18103883433946144,0.8361003003020655)
 (0.051193768034349246,-0.025092741205858905)
 (-0.74835066701098829,-0.58840661675111194)
