# Created by Octave 8.4.0, Thu Dec 11 09:47:22 2025 IST <gamana@Samsung>
# name: rayl
# type: complex matrix
# rows: 2048
# columns: 1
 (-0.52375048229367227,-0.49562913201559522)
 (-0.30377868413915154,0.89356094644960249)
 (0.27491149514953483,-0.33637434517088688)
 (-0.1640545786880713,-0.16721825189961795)
 (-0.17752979378521955,-0.93448596754330759)
 (0.5952705329688176,0.14524804235562055)
 (-0.33697278998652258,-0.51825915628877084)
 (2.4124553923266006,0.10737404760728886)
 (-0.42064187982275059,-0.62379124933463304)
 (0.7095077485248299,0.01183849596153122)
 (0.286582629370015,-0.51691886104325058)
 (0.59504163809720167,0.01378286746152324)
 (0.55411635371871737,-0.82632873418531927)
 (0.50172168196292555,-1.4082588602330783)
 (-0.68884526084360653,-1.3364782894102665)
 (0.28946744122533163,-0.30737898061967561)
 (-0.98097805500175905,0.95322119890982826)
 (0.10476154361393436,-0.22855158388278107)
 (-0.036490940230141031,0.0148146626934582)
 (0.38666656280406597,0.058863558580054737)
 (-1.7765877286177836,0.31570150086083515)
 (1.3404436161866351,0.24800403813550087)
 (-0.10971323772134906,-0.21045530655489336)
 (0.014071395219680635,-0.09510030704608631)
 (-0.71063788822058804,-1.0872457818218466)
 (-0.36540006741935221,1.3410251383153067)
 (0.57575220804770366,2.0385976719883052)
 (-0.76322545303827638,-0.92074799538620389)
 (-0.94190334540723841,0.90497544540122488)
 (-0.36549217878416607,0.56209247170237819)
 (1.4570950360316348,0.27885626682990028)
 (0.4836140239949811,0.034273629416250867)
 (0.19666324970007265,-0.063622811751245914)
 (-1.7399384176205999,-0.60027736656977126)
 (-0.48133801421441996,0.21259729633924157)
 (0.25298143647425814,0.40204524223505372)
 (0.12495056513653419,-0.28539338945045334)
 (0.35927062390194864,-0.35337375155009465)
 (-1.4377361873407559,-0.77126424079691114)
 (0.81659558780188735,-0.07789566557468619)
 (-0.49738345242016135,0.80153609381519741)
 (1.2665503195752081,-0.72047306585434967)
 (0.38748296175203567,-1.8849987654435298)
 (0.63569275979013073,0.84143647159049695)
 (0.12730437872329475,0.27746332013228575)
 (-0.03446703374211843,0.074034927059571043)
 (0.17275321273886385,0.28273698182086143)
 (0.29824628354733335,1.7965334988861448)
 (-0.40064166840509363,-1.2793778963399043)
 (-0.5135953575970531,0.48009129136392742)
 (-0.28691021714238651,-0.1604338244625424)
 (-1.918183431714203,-0.55926831130921284)
 (0.11457356930546128,0.4484702933942416)
 (0.87161989430891906,0.18553300570775311)
 (0.052255107269980422,-0.7498164820114197)
 (-0.82608575580277588,1.6693250752988154)
 (0.15790996674423546,0.57324064428340837)
 (0.14441262958579051,0.14151141319487939)
 (-0.44662613932293482,-0.084328509120148665)
 (0.79267412479243737,1.2315360103533304)
 (-0.59992290829320005,-0.019938405710798024)
 (1.0045374235171127,-0.36456600921119003)
 (0.19344768788397501,0.13616085235100631)
 (-0.89610323949740867,-1.8273417216619754)
 (-0.82921558282069185,0.13385716485404758)
 (-0.54762286309872565,-0.63558507021756672)
 (-0.76989235412228485,-1.4405629734008758)
 (-0.3041514540018791,1.0750660339295941)
 (0.22741840050129258,-0.41837532033465424)
 (1.831327791840569,0.82696077456282679)
 (0.51095003313709642,0.41049634855874229)
 (-0.099055674935207616,-1.3061669026956695)
 (0.095612619142911817,0.22505799433172419)
 (0.19476337275618893,1.1088874436361773)
 (1.2194804763978491,0.97009139887134099)
 (-0.15437366735199076,-0.045538512680086532)
 (-2.9478465889287966,-0.30845686995259003)
 (-1.0651975218815251,0.88073377306055389)
 (-0.50582816111018891,-0.037481484302000267)
 (-0.29122290464483147,0.48378610425632185)
 (-0.033628627029799837,0.24065011730805957)
 (1.3393114122814154,0.13151659344188871)
 (-0.29250046675752539,-0.015968626425043653)
 (0.24550991199213459,-0.015569079189347503)
 (-0.21893506337044721,-0.57723090476285743)
 (-0.29872799283652879,0.23025126518368985)
 (-3.0800180728400095,0.55221428815859741)
 (0.98315141327064415,0.51028293848470507)
 (0.024330486656157585,-0.38688065726519372)
 (0.69670392689647176,0.74224082157201565)
 (0.8981576384722294,-0.0022182898183117916)
 (0.94801834472873592,-0.35415504746306226)
 (-0.23108322626330446,-0.20032243124680327)
 (0.82174610355143085,0.29958213492041902)
 (-0.51133408079273546,0.28898617313116393)
 (-0.10669468748631156,1.3957605012863408)
 (-0.33217616939138661,0.0070663580218175426)
 (-2.4737501636455619,-1.0014269502966926)
 (0.25648959819137196,1.5480047512733006)
 (-1.6130848233639778,-0.63116423872763838)
 (0.66517828558047831,0.23183576335823447)
 (0.23427670496698469,0.021527878766275627)
 (0.032294278629728987,0.18609903799539332)
 (0.3150243480598377,-0.49039631212091894)
 (0.55721022339860216,0.43435191823766417)
 (0.27853912680874338,-0.18387209032885271)
 (-0.53832791230286547,0.026664003586627516)
 (0.46843840587559593,-0.0014747722736713209)
 (0.14745302448082342,-0.554374763234454)
 (-0.19040277352602542,-1.7759464892625183)
 (-0.24139303386351493,0.047764042647615162)
 (-0.16261753285715455,0.2517962269333226)
 (0.13382274068580963,-0.14439855537064461)
 (-0.27702573058841545,-0.66198589450873369)
 (-0.23542180638136823,0.99166495760711437)
 (1.1805765648472801,0.75887303824054131)
 (0.22973613510730556,-0.36021478580503413)
 (-0.71332128375428971,0.87677660528186752)
 (-1.5144570368754875,-0.8959036399215099)
 (-1.1849662323263392,0.96203291135861635)
 (0.59494217738328359,-0.091486001555046798)
 (0.7823402823046105,-0.83479240345065131)
 (-0.37476580266091392,-0.085152584078288185)
 (0.14428318175109817,0.69480071346617445)
 (0.038658681376471771,0.3105046032361477)
 (0.1218560352925192,-0.11770855029098652)
 (-0.91301077298005739,0.039482274910627613)
 (-0.2644913680500649,-0.41068667445415563)
 (0.93112238320306284,-0.16613665140271028)
 (0.94574566925779358,-0.031921985693595889)
 (-0.92014726835811733,-0.98601274146291429)
 (-0.12860061118817623,-0.086851051239246913)
 (-0.18941680911303721,-0.063306701635123752)
 (-0.46663410758233614,-0.029794862477598522)
 (0.96439486500444238,-0.93534855914069259)
 (0.46080272517806187,0.16075019198918508)
 (-0.32544741997383814,0.24591176176629378)
 (-0.20586544293580991,0.19258971952990711)
 (-0.99684320914250812,2.1598753793071976)
 (-0.30710933230197157,-0.62090840305842765)
 (-0.61460501145767776,1.7483326746276131)
 (-0.8265422474967139,-0.53970318435853171)
 (0.35972720866240288,0.82757267736941653)
 (0.75929360225665077,0.030873707237282444)
 (0.4019926965436707,0.12361339394572451)
 (-0.6989052197764194,-0.47343476839417442)
 (0.48726118121026907,2.0639444001127569)
 (-0.23020325701271305,-0.3086396691908796)
 (0.84207454903408374,0.34047237857986701)
 (-0.26246102926029302,1.3484658869569079)
 (-0.56391811550211335,0.85392528297304249)
 (1.3779173725132994,0.18173090542220316)
 (-0.62574872041422547,1.4175307378078363)
 (0.072799921131885187,0.19098981478603072)
 (-0.13675692107311296,0.22260318131080695)
 (-0.50338246028907108,0.31119095904715016)
 (0.12329296627558362,1.7970348275080943)
 (0.5090769783430853,0.88700981079843577)
 (-0.13710130275355953,0.80240770240056269)
 (-1.3231354693141353,-0.69475105083242428)
 (-1.4843240408409759,0.19369721177207727)
 (0.09437835991134591,-1.5529570213943682)
 (0.37631237296293774,-0.039486137013401951)
 (-0.071145284760481223,-0.21767241387291336)
 (-1.7407105076671299,0.61476250323932191)
 (0.14613739599542999,-0.42982902371418402)
 (0.21747845714882272,-0.82350452337268332)
 (0.059017903145691969,0.86793045321158269)
 (-0.49009371464582963,-0.13519685897442238)
 (0.010711713608213824,-0.3060803447247083)
 (-0.45070367974330366,-0.84277659196428134)
 (0.51317164339554167,-0.37445084481571178)
 (1.2555774545682197,1.0763236532842981)
 (0.82465902259298118,-0.81079771695708192)
 (-0.36447027093512446,-0.40632108579515486)
 (-0.75467283609002678,0.068945508065782535)
 (0.50052341213827001,-1.3174522593230011)
 (0.09650578760212089,-0.35719663570537941)
 (-0.31359546845983849,0.34499949085087994)
