# Created by Octave 8.4.0, Thu Dec 11 09:47:22 2025 IST <gamana@Samsung>
# name: rician
# type: complex matrix
# rows: 2048
# columns: 1
 (0.77652552613290615,0.0039371546814674363)
 (0.50741335138565657,0.021005662637610861)
 (-0.98274218634287025,-0.027416161542592576)
 (-0.67704511102556686,0.0053458328669134247)
 (0.6944302372985196,-0.37201237479890842)
 (0.90688941407693546,-1.4827239543114801)
 (0.36375586953302463,0.54512685574146458)
 (0.57799150280131595,0.0023883021121425541)
 (-0.22465069341278213,0.32675161647262108)
 (0.52079794238822352,-1.1281711585562799)
 (-0.33218430223039197,0.32607239716399639)
 (0.9469039094329208,1.0022131812692376)
 (0.52398946168059379,0.62351386693320765)
 (-0.27610498264943661,-0.66443036730547711)
 (-1.1094359447875521,0.28171006156963968)
 (0.4654945938901508,-0.084148588710402872)
 (0.40582765262189169,-0.080386608529291831)
 (1.6785953763786963,-0.44404533440883198)
 (0.45296669589421368,-0.62653092894476226)
 (-1.3382715152459834,0.39317022039879962)
 (-0.97214958710344013,0.10630136322908551)
 (0.57649622786673016,-0.68583267039453377)
 (-0.1422895163303593,-0.25395783731508947)
 (-0.86166325255988052,-0.61327492656026394)
 (1.0039423448890799,0.72874165991692785)
 (-0.10943305849789539,-0.43974764488954876)
 (0.55148768326343256,-0.038129554793342901)
 (-0.78710824569019422,0.22393326071955377)
 (-0.28999343189321292,0.15949842980482887)
 (0.80756356477883939,-0.36111941945839798)
 (1.1102441793128528,0.9535160774751863)
 (-1.0168880432362568,-0.17271102989537349)
 (1.3558252369806796,1.094136358339197)
 (0.75431536961567214,0.28402617842937933)
 (0.58034097748703761,-0.071236997296733218)
 (-0.73920254562614029,-0.28368911018977111)
 (-0.52058934455767469,-0.2957155475300387)
 (-0.038300185351990479,1.5085082193918253)
 (-0.85446382408719357,-0.28552737519731014)
 (-0.32060139390958453,-0.15813194866082697)
 (-0.90628849013371049,-0.59361882960085999)
 (0.3410265796335526,-0.56155511011979731)
 (1.004180589831591,0.674145924024666)
 (0.46757254403469195,-0.87874918297439686)
 (1.5990447426201106,-0.3856953693519598)
 (-1.2233405294163731,0.34272126477064913)
 (-0.075115484939382027,-1.2388604213834145)
 (1.0851736682658544,0.069602734037261416)
 (-0.49766666630154016,-0.64989178789263802)
 (-0.88010989364448577,-0.5775588139558625)
 (0.63681282819467833,1.3447178050958319)
 (-0.11472928085006046,-0.41176060476836224)
 (-1.3534669579210357,0.037822768187324607)
 (0.18182312688449509,0.74418470080512689)
 (-0.38668122502770458,0.030976525469698923)
 (-0.3236806726502105,0.72292895306126437)
 (0.3797212301956161,0.52658582308212898)
 (-0.99311590017697482,-0.90747255776323454)
 (0.76831372257231778,-0.1698238614625612)
 (-1.0120091249454632,-0.1768555291633831)
 (-1.6753516928974459,0.32495440592820807)
 (0.2156995345516956,0.9346573904859552)
 (0.52248587218763387,-0.56080145972686879)
 (-0.94871568130157213,-0.73794708977465895)
 (-1.2375632785710911,0.49130227789375014)
 (1.6158431662103121,0.64606493015358502)
 (0.19297219527295628,0.20139881859866388)
 (0.60090698153966271,-1.1468114883266214)
 (0.070954598092375643,-0.023102847774117249)
 (0.15505690988484683,1.3833866451738155)
 (1.4805557311077302,-0.066868338408168693)
 (0.36909754233778691,-0.39722939910620447)
 (-0.44044757336056017,-0.31107136325540929)
 (-0.7664455141783858,-0.95937369702396291)
 (-0.4917060917927415,1.3705238000778102)
 (0.073016782173205425,-0.32913242667532178)
 (0.83196092458582804,-1.3134320142345639)
 (1.1490938416143144,0.27218714114344522)
 (-0.77762237331618655,-0.53365278743736266)
 (0.37971999553735097,0.89790859864263384)
 (0.1140722003141138,-1.2227303890046757)
 (-0.7430184687721989,0.59998581792143191)
 (1.071399719131066,-0.19826538033334912)
 (0.40315494141745456,-0.15435708106841825)
 (0.11744774591364374,0.37954254572074486)
 (-0.56003103434337564,0.13642588247885612)
 (0.097332295242548328,0.49969255807226154)
 (-0.20968172227814175,-0.23521748311799684)
 (1.1626476677498085,-1.2638193951474004)
 (-0.74891456857829919,-0.2931991012818066)
 (0.54325138193868994,-0.74044497327659808)
 (-0.34580175145614184,-0.38565200667186722)
 (0.18575743007276829,0.7004010012368127)
 (1.1569821819783486,-1.0115771427451548)
 (1.0168028794440289,-0.81194324794641415)
 (-0.69959001079448113,0.74704515363339252)
 (0.080368362594136211,0.8654980379995505)
 (-0.97903401209954155,0.0070904289913751861)
 (-0.41816980746002519,-0.33528563251797627)
 (-0.70749651460220153,-0.4556421762445616)
 (-0.16498944130590554,1.3587649536245201)
 (0.17442118958194708,0.37696617190107434)
 (0.97822476843483641,0.60340805615906956)
 (0.60092589334720936,1.6664633217944562)
 (-0.22947580219097707,-0.17042609256038821)
 (-0.86707996703095924,0.10190804734508799)
 (-0.32160727339272183,0.11040174891289266)
 (0.55510062159610252,0.95170415744509906)
 (0.19380646775079621,0.4964944254975564)
 (-0.54897756230522521,-0.6060298408498761)
 (0.89245132890162138,1.1560032563002385)
 (0.088154571185830172,0.64138672754167603)
 (0.65253080610627123,-0.28404473038422223)
 (0.56178316477490442,-1.2025181028480489)
 (0.57052196827790258,0.69670808392558636)
 (0.64644961223161901,-0.15465495253485428)
 (0.39886964899906757,-0.88993109263406311)
 (0.16014443441994924,-0.72427184669528233)
 (-0.46307864774489205,1.2720858228844023)
 (1.5835560887714943,2.1100128606109387)
 (0.97825519086566204,0.9095260049587246)
 (0.9321461802496841,-0.92653892185070075)
 (1.1262904937805489,-1.8330664168872186)
 (-0.82656996181408049,-0.27950821268469123)
 (0.62446062958780246,0.29512181449176422)
 (-0.64524244218742188,0.2067049281272309)
 (0.057120056604437898,-0.17379411595114136)
 (-0.54129862010060192,1.2785313954029427)
 (0.13683422069069329,1.1579813024899603)
 (0.031242733909073103,0.1922321157259031)
 (0.013003881017932983,-0.32421523476097791)
 (0.62193020352511941,0.21957683216277224)
 (-0.53406709330615909,-0.42012825681176685)
 (0.2237549583649982,-1.2076650062872134)
 (-0.48211390838122886,0.48806582667515941)
 (-1.1953804196495186,-0.67979744995986913)
 (0.73123852301217274,-1.0436200412647625)
 (-1.3713873892666433,1.2521604742674879)
 (-0.15670514723000453,0.78824709684521432)
 (-0.2670629867681138,0.29954716189291419)
 (0.12911316828465338,0.091674860070527497)
 (-0.96452130877830589,-0.21399883367476918)
 (0.27390204374169502,0.045942571676057524)
 (0.3774308231599135,0.19060345046817559)
 (-1.1057187504062602,0.4360795823961135)
 (0.095327907635475773,-1.0931957198419182)
 (-0.4231039502024595,-0.18847171815795674)
 (3.6449959967155277e-05,1.1922303294883128)
 (0.66147183387901365,-0.34166961792300821)
 (-0.7369079866067928,0.44433519007458511)
 (-1.0476452173637487,-0.15296017115877719)
 (-1.6468512222126248,-0.097293751942555406)
 (1.0981837335633142,0.351882450728425)
 (-0.57666182022041634,-0.016710944611127376)
 (0.37612114682965481,0.15632001037202103)
 (0.25245238529807462,0.93640389577878369)
 (0.38836317113304242,-0.69741975744882634)
 (-0.33691820139985657,0.47915842010869725)
 (0.12827801239585115,0.27581604335073617)
 (0.23006587709309914,-0.51037883945080054)
 (-0.87920060107997189,-0.56122093268495732)
 (-0.63982516920973365,-0.34196679367564387)
 (-0.9828270776559489,-1.2499137986598428)
 (-0.75660483435505277,-0.82364426582644701)
 (1.6105818269520094,0.76055794177032698)
 (1.6022615255622565,-0.32729168367296446)
 (-0.16581779956657811,0.9941822300006401)
 (0.547660642362786,-0.41918898096423574)
 (-0.099025477891541369,0.95112269419925188)
 (1.341287325749795,0.7764856278008353)
 (-0.47885613527759713,-0.46878346144882344)
 (-0.4885042624307101,0.5892215487084892)
 (-1.0498836233881335,0.32514511127693024)
 (0.65785056655151197,-0.78772575209141094)
 (-0.69960079800116681,-1.079674375152301)
 (0.33683312202024002,-0.2569547596286445)
 (0.20119662934978835,-0.22501888956795238)
 (0.17668656019877857,0.33665383320563014)
 (-1.8815444267421944,-0.30902678292699504)
 (0.41228780153483924,1.2654652315677748)
