# Created by Octave 8.4.0, Thu Dec 11 09:47:22 2025 IST <gamana@Samsung>
# name: rician
# type: complex matrix
# rows: 2048
# columns: 1
 (-0.24942331175716526,0.43428721556918931)
 (-0.10142779085366238,0.20950368096392258)
 (0.67829448153031291,0.06999787341263275)
 (-1.48133150897119,-0.08385168292199735)
 (-1.7627195922979113,0.87380361262287065)
 (-0.97680620285116204,-0.12158285129556257)
 (-0.85551027120244694,-0.43736868035193516)
 (0.2993056028274596,-0.36041613218056029)
 (-0.8392660129302153,0.0031695660729933184)
 (0.17174484055269912,-0.63732643761664298)
 (-0.71295906350117244,-0.99021904833379981)
 (-0.066821170886388115,0.23034973671739728)
 (-0.73267626313753631,-0.12138567480340351)
 (-0.39700319340610085,-1.2002774193692274)
 (0.49685508927457023,0.54107529261929777)
 (-0.6799616084394724,-0.18443162426051829)
 (-0.85797607106714646,0.14947127708480273)
 (0.12037879657836764,0.95099778198311813)
 (-0.50086774561478264,0.3439815158834526)
 (-0.19132786237199609,1.3113278186968063)
 (0.026527068136419474,-0.22156014625626372)
 (-0.055091667054289375,-0.27393521693076456)
 (-0.076975218879968971,0.59307247347185388)
 (-0.040252557251219095,0.44787469479753295)
 (1.4169927682813592,1.6188237637521155)
 (-1.1149690792509817,-0.27737160325994814)
 (-0.10160866691221207,-0.37690691122891751)
 (1.0677500584253914,-0.67862015263320663)
 (0.55669583724573801,-0.28933626558144904)
 (-0.14417134587052027,0.42785979057978807)
 (-1.0435176024425543,1.0715664559787312)
 (0.37257454737434631,-0.38459354634087256)
 (0.091214560992820909,-0.15064562532117423)
 (-1.0650306326989105,0.11125207323063324)
 (-0.35396324427053988,0.46554976131217279)
 (-0.31263932217839047,-0.39664889292000033)
 (0.51865237565835587,0.9257251995579725)
 (0.093600278177651708,1.2318323246064435)
 (0.12539756131917135,0.13845485554518444)
 (0.37899225082878985,-0.121783797248562)
 (-1.3356442744963781,0.38812301315232844)
 (0.53155488705438392,-0.38367233911831816)
 (0.53392388592594675,0.84009875724883565)
 (-0.32250114075954184,1.2245288305865574)
 (0.078704886757324594,-0.2346994473286049)
 (0.076940380982340573,-0.12953566544306577)
 (-0.33865768520371986,-0.29733628079020369)
 (-1.3898489041158644,0.26242824138599663)
 (1.9047938774386102,-1.1146552822947691)
 (-0.79965120244639498,1.0643943498273163)
 (0.93418608139306436,0.61508012606861207)
 (-1.0641419825912795,-0.43955708115440267)
 (-0.033480959680673918,-0.14068365879148098)
 (0.10203734498202731,-0.013741332567705558)
 (0.9581239202651064,0.40915591379740701)
 (-0.26265009597640709,0.045238710263674348)
 (0.53283244049005496,0.79248443681020486)
 (-1.1882049712536309,0.87083381698693574)
 (0.11736200525658236,1.4116358552630082)
 (0.17999255534742276,1.0708743198338071)
 (0.63568574158151581,0.30655811940926042)
 (-0.99497666958628506,-0.50881216316529565)
 (0.26475514642219694,0.46987255945597362)
 (0.85355453373426105,0.81060264611817578)
 (-0.75067016235439854,0.87555902920043982)
 (-0.0032890905953645785,-0.11733963941795464)
 (-0.35109191393136263,-0.20024177722261777)
 (-0.60983450269768835,-0.78386476560426321)
 (-0.55060229238373304,-0.92438812363086253)
 (-0.82728715500259442,0.12283230776735635)
 (0.16862746061856076,-0.223005195474753)
 (-0.45478077243379816,-1.0796949012223738)
 (0.031932462763189395,-0.90604073946368657)
 (-0.24360467881982356,0.80954015152740422)
 (0.66120992455199668,0.96939973760042153)
 (-0.13941403879887926,-0.46596498309283219)
 (-0.28396609418619034,0.15541236370775102)
 (-0.22116299821761734,-0.63008707653355422)
 (-0.44756290375337993,0.72248442609853469)
 (-1.4670981175372177,0.22940093584509841)
 (1.2138785030991492,0.062056102357615328)
 (-0.21960485199091018,-0.26986981198640236)
 (0.99032206107956711,-0.42801391610391537)
 (-0.32222230635769245,0.29659818182333497)
 (0.2453287710706995,-0.41064169339978218)
 (-0.43885311010473976,-0.67865680262762595)
 (1.2620671599860152,1.1284600915160419)
 (-0.065402969830790636,-0.36679868597910947)
 (-0.87534049403774272,0.36956542630323719)
 (-0.14305619321273461,0.65820683615841558)
 (0.7893525614414868,0.21168111000654996)
 (0.016425151682714315,-0.26471190876149348)
 (1.1634680913427138,-0.20445378607064546)
 (-0.086279291634227956,0.41459009691446319)
 (0.76810832740001478,-0.59179993372046735)
 (0.79679063124080829,0.41360922181743298)
 (0.80536416712638326,-0.63739629412465981)
 (1.1753459986562771,-0.26688812266854067)
 (0.17360231597432174,-1.1073620353162767)
 (-0.43807691618336125,-0.47995700563381644)
 (-0.91577863960127082,0.44607238484672118)
 (-0.49745761143555955,0.19164458080070262)
 (-0.63326200926542908,0.35712461924790545)
 (-0.39802920556420152,-0.46907738168641566)
 (0.75476126066083882,0.2903773615297619)
 (-1.2217834171382056,0.66491697839746922)
 (-0.2587580150502482,-0.85508954002426218)
 (0.88482468744675757,1.1136029660283324)
 (1.0971651011094119,1.5065342869432929)
 (-0.73161536380976044,-0.083550263477571357)
 (0.52645334924272824,-0.13728897909851603)
 (0.32345586481148042,0.077508360241229993)
 (0.51681009827857016,0.34838325039152418)
 (1.1237484660244672,-0.71779229849598747)
 (-0.5937767931167991,0.71156943107573589)
 (-0.2321534107525815,-0.81260671351337987)
 (0.74634468293374068,0.55620423085383885)
 (0.47587704851158391,1.1785608827537639)
 (-0.6396395644218712,-0.35120711084207401)
 (0.457392288833878,-0.16870052779803751)
 (1.2132161352772997,-0.23558531727188708)
 (-0.87243553026865583,1.4468415888113357)
 (-0.70283720001304817,0.7452499209660699)
 (-0.8584128208533035,0.856160100841171)
 (-0.22772020267556342,0.33105979659875812)
 (-0.8128462093656833,-0.061231302009336019)
 (0.041854292892752776,0.97729105213353562)
 (0.020061399959653337,-0.23900765704215743)
 (0.55159806934088884,-0.016408801962873754)
 (-0.063643335157959169,-1.1112722402689057)
 (-0.81803199698909068,-0.1561386754348057)
 (-0.40499302610020915,-0.085775613637633752)
 (0.49597493013453314,-0.91468901212024112)
 (0.83050733473078675,1.0651814670527018)
 (-0.67976653745845383,0.14572672348866128)
 (0.19596700952149038,-0.26651631690230909)
 (-0.49644243361211937,0.35084953268945596)
 (0.078536548150249699,-0.10414384865110894)
 (0.11862150286243443,-0.26112775731497312)
 (-0.36471007957276191,-1.4929844170225697)
 (0.070148252480908446,-0.38831619431116204)
 (1.0110443968076712,0.51020694827737256)
 (-0.99848727652838909,1.3843144621766055)
 (0.56386160571017419,0.12469385574942776)
 (0.70905922607658844,0.077635295279685629)
 (-0.6756742729202434,-1.0974126048620823)
 (-0.67776731655545852,0.13885073900329889)
 (-0.59748717605860169,0.78898071625413413)
 (-0.097344188569817025,-1.0127284568589694)
 (-0.22257956226113079,0.13268169008334282)
 (-0.09768909911739293,0.070391050823670587)
 (0.58615421175129001,-0.36282241133958471)
 (-0.77748332449979285,-0.0098783405065980268)
 (0.24664937688427471,0.22338368336750894)
 (1.4216806787661278,0.19039501669933845)
 (-0.035343225892610255,-0.26487849668790037)
 (2.5892331049106376,0.96491869828030263)
 (-0.046844512224772518,-0.20056549638167723)
 (-0.12070566179476935,0.86166547350678235)
 (-0.60318901117369694,1.5612491690946773)
 (0.83242217294491305,-0.50294969673862577)
 (-0.1700622842907446,-0.38070459240336824)
 (-0.31085777934680991,0.71318723268531992)
 (-1.119716221036049,-1.9741071372045811)
 (-0.2055232124460315,0.35716531454391753)
 (1.49007564411583,0.52980569647397957)
 (0.013672137297481513,0.94370471855490001)
 (0.17909483736733983,-0.11719605593467425)
 (0.2054126146429715,-0.37881747840151309)
 (-1.0337090321054283,-0.42943403439381717)
 (1.0707311177153696,0.038244804770526053)
 (0.47084991391087327,0.75797772396188767)
 (0.31509688944646536,0.30420776188458526)
 (0.10279834137998042,0.35331646534085193)
 (-0.48855415002621538,-0.16328933884820709)
 (0.34252911185243579,0.41400226018232905)
 (-0.3948949351175941,0.30463279908667917)
 (0.24181966672502919,-0.8935682418475579)
 (0.020126148683239087,-1.1880559254328871)
