# Created by Octave 8.4.0, Thu Dec 11 09:47:22 2025 IST <gamana@Samsung>
# name: rician
# type: complex matrix
# rows: 2048
# columns: 1
 (-0.016510591668310093,-0.89258067887079073)
 (0.026213806525419048,0.12394519544989904)
 (0.13601943859186938,1.4031058765694679)
 (-1.2815660273248553,0.79002735425956772)
 (-1.1150318804377517,0.79240585020939003)
 (0.18320820862941284,1.4158446447713566)
 (-0.21199417897963349,0.22433828724261259)
 (-0.19026585676296637,-0.16914250663566843)
 (0.27375770786397302,-1.3029883681050278)
 (0.36801740322688381,1.1081721364237684)
 (-0.22543619208121612,0.24541304199545672)
 (0.65964922468513043,-0.41570087228527441)
 (-0.13852521085154618,-1.1048069116580164)
 (-1.3164543738859453,0.25063865556692799)
 (-0.27810990994497164,-0.22109646874837077)
 (0.92282718940346353,-0.22892679962910403)
 (0.19670121711486788,-0.14745530145592667)
 (0.46334744051012411,1.1426036972601827)
 (-0.96051799194881837,-0.48419750812664486)
 (-1.3093151984071238,-0.31825011118198293)
 (-0.48003877120208449,0.23478971059405451)
 (0.39023301521954346,-1.064646666835265)
 (-1.2525821122342546,-0.43300951084137357)
 (0.34801868482056697,0.46168895859111925)
 (0.80957269365859041,0.50381926289135159)
 (0.41899296752170262,-1.2905209806825313)
 (1.3593897850338745,-0.15457797347907748)
 (-0.23406480386417422,0.43470172245724459)
 (0.27227678703667657,0.40756828723799943)
 (-0.028778116525542741,-1.3384091655830619)
 (-0.85759806737897415,0.59358307951990219)
 (0.076896278607757079,0.052517623847956857)
 (0.91297919549689843,0.62181866572669653)
 (-0.0061232247037030785,-0.5661842539356714)
 (1.2929789002718055,-0.10905925070649947)
 (0.74921105063961124,0.37315115939790461)
 (0.13321912707442352,1.5936097209312536)
 (-1.594503138039858,0.64340912933219474)
 (0.9018101764600206,-0.49296456888617546)
 (-0.44705128452504972,0.089769038902961062)
 (-1.1702781696297766,-0.31992124076566908)
 (0.33281459936405006,-0.47858828989859964)
 (-0.70016464403860423,-0.12533560509868916)
 (0.07700115559623899,0.96149769057364909)
 (-0.2066540542244974,0.12210408686338409)
 (1.3156803116667657,0.66651476355932648)
 (0.31494568021607711,0.21603559960251037)
 (0.0360782876053371,-0.36831189475260945)
 (0.56074649993436465,0.032836967930338967)
 (0.93964376942733707,-0.74661716289942537)
 (0.68852010153646381,-0.2452349242763624)
 (0.99463874082070047,-0.67978581955927431)
 (0.57887146060505934,0.023256252563227775)
 (-0.75094461184268224,0.69529628276808542)
 (-0.070848681477141545,0.94550932227704176)
 (-1.0314123268440445,-0.65465289066050047)
 (0.9404063083162757,0.26796074472731518)
 (0.35941734681360515,-0.82774519897232901)
 (1.1673978784310881,0.31167308685167561)
 (0.42619643023633563,-0.90440515995556203)
 (-1.6083342745108637,-0.47007518386174074)
 (-0.80221472103467129,-0.34326907763079872)
 (1.1721131473290303,1.0290073074444495)
 (-0.050608671781908504,0.92209059283843875)
 (-0.7494135342809739,-0.055809967904957569)
 (-0.65686585514152074,0.51169004326579171)
 (-0.35653360243875021,1.1988893917476502)
 (-0.47400314846569552,-0.20867924739903293)
 (0.34086308898965939,-0.30400297609536092)
 (-0.23928885948119161,0.64976071459095186)
 (0.41775644548414692,-0.27028433064294005)
 (-0.38831280274566848,-0.41534755218185149)
 (-0.25158583286171154,-0.49099395728445916)
 (1.2146020117015466,0.32312473333960967)
 (-1.0177193780953622,1.3041140655806656)
 (-0.29905490141781182,-0.26468731004571205)
 (0.74804240111798004,-0.41227858288294916)
 (-1.1768781247662485,-0.95816134064438807)
 (0.020664544444750799,-0.22292061152841194)
 (0.094479934763055343,0.0071588701647859743)
 (0.34987144867684966,-0.30132465058647467)
 (-0.20489836841046893,-0.16295331185767631)
 (0.00084084237301548792,-0.20608256801871142)
 (-0.92042023587417054,-0.82899279580498109)
 (-0.30769257728272215,-0.17796808064107456)
 (-1.2226602816255976,0.5942913083361705)
 (-0.50218712307684987,-0.1563881789681206)
 (0.63916432571197102,-0.49682740132302872)
 (0.63127081576897426,0.26625720793651175)
 (1.0271685277742175,-0.91663849509853734)
 (-0.63460513557485476,-0.86413061944288372)
 (-0.52960461255196911,0.083682103795943152)
 (-1.3418318602773147,0.62533255284898825)
 (-1.3002322649550961,-0.44602625310986627)
 (0.1484970625207363,-0.28738071760601119)
 (-0.85138223634472643,-0.33866370457545192)
 (0.27087984782881913,0.35207080893553888)
 (-1.0192258569005335,-0.40561478446498778)
 (1.0824222976130009,-0.78156065651656825)
 (0.896150729938752,0.34761387192232784)
 (-0.16781339185521194,0.3770384651605867)
 (0.52384742969160425,-0.97341445993537423)
 (0.86483558776363623,-0.80390363286509636)
 (0.94089450641865424,-0.63566790299190079)
 (0.021953816549216298,-0.92925723581359621)
 (0.53833427247499266,-0.015701170921124025)
 (-0.38186176623117662,-0.37142239460916948)
 (-0.63561085405314532,-0.73893787204014294)
 (0.51379591776303557,0.089868766909933562)
 (-0.80122178959011237,1.3145289074134712)
 (0.095105954760623557,1.8189335398986286)
 (-0.056759230169439345,0.90493529884633217)
 (0.27459167969198789,-1.0515512089850827)
 (1.3222513734614258,-0.67217203893091948)
 (0.040644213078348312,-1.2688018336529288)
 (-0.82115326557711676,0.025197838318989141)
 (-0.31495245071843053,-0.0061402454618604274)
 (-0.1529283916419191,-0.75366106816194778)
 (0.01417762163077585,1.2296607749667063)
 (0.59093196146439442,-0.22909620217196097)
 (-0.62160618950222024,0.53346605823038096)
 (0.42490330118534231,0.42861036204576075)
 (0.34261207015337791,0.69409068266169915)
 (1.2297996877531496,0.043131026474541201)
 (-0.53511456122702583,0.8113473729701568)
 (-0.97075537714131377,0.10808414240742675)
 (0.93322140841711299,0.096642800335545787)
 (1.7681998668665166,-0.85625300585641528)
 (0.99866833561505264,-0.3888514016982173)
 (-1.7799702331834468,-1.9123151295577001)
 (-0.61996046485319767,0.17348824118214839)
 (0.42252715421962295,-0.30866846523150404)
 (0.58767903180397596,-0.11793888038724727)
 (-1.2712127078446642,0.24802958223097862)
 (0.74629570720000116,-0.027410227828732203)
 (-0.71765441214430992,-1.4693613067313331)
 (0.73587584751700663,-0.33302737919596881)
 (1.1242502661358018,-0.18918832031874305)
 (-1.0786347655066848,-1.2951275972305361)
 (-0.17289164957002667,-0.11598942977809967)
 (0.56160226026167803,0.20985693782116879)
 (-1.0498963017434357,-1.8140986190999111)
 (-0.92218536011958763,-0.55066194817862424)
 (0.069178051603451363,-0.75964960143337656)
 (-0.29283928356337618,-0.24329704150276096)
 (0.12234984939412767,-0.37451669733074422)
 (-0.27181174833292404,-0.44348100631115245)
 (-0.44418169898117316,0.14862445387916148)
 (0.016651583262909941,0.5692615620730227)
 (-0.22457427995885304,0.01065306566589462)
 (-0.76345754750592554,0.61794690600556645)
 (-0.32738841249501688,0.18306750221586515)
 (0.15713003626704686,0.99530375145485717)
 (-0.31622482070082442,0.44966776921114743)
 (0.75968562785169869,-0.57947598279123114)
 (0.4418716894503536,-0.94002984575751913)
 (0.45899879045996722,0.36899123267488404)
 (0.27222758781624889,-0.94308448288518953)
 (0.47311806684338759,0.32033100230220013)
 (-0.38399901510537493,-0.68840549524032357)
 (0.49577805172473094,0.30549253839064988)
 (-1.1924211318324762,-0.24271371746357367)
 (-0.69444457501729606,0.91019323411010644)
 (1.2881783275999168,0.12499210565759922)
 (-0.8516962736042798,-0.4405752639432281)
 (-0.96506859960897595,-0.72066951215554931)
 (0.4685937648857692,-0.72183082031827439)
 (0.74783615398448078,0.053093943570883151)
 (-0.7638502345802316,0.48380721650030689)
 (-0.95607072902839674,1.2189618557457051)
 (-1.5155871063158191,-0.78664269457773384)
 (-0.68789370940889949,0.76303569557345097)
 (0.22867834136169171,-0.28560039102036416)
 (0.38965287860245457,-0.95610237506445972)
 (-0.76417313423929611,0.18375190642440856)
 (-1.174057262529729,-0.29403425255930304)
 (0.060420979471031921,-0.77372156307650874)
 (1.1872719131654745,-0.51342575454706763)
 (-0.58264327031153063,-0.47638221988036877)
