# Created by Octave 8.4.0, Thu Dec 11 09:47:22 2025 IST <gamana@Samsung>
# name: rayl
# type: complex matrix
# rows: 2048
# columns: 1
 (0.26693073840494441,-0.55420631174495472)
 (0.91694806690597541,0.82456982217835006)
 (0.37742492054026766,-1.5332452926137936)
 (0.26435292813204087,-1.0593088530655386)
 (-0.31561503359429316,-0.52150987986741104)
 (0.94716120844306051,0.051580067468054214)
 (0.67714294602558422,-0.89104580506215969)
 (-0.057466985191550732,-0.40839008047950009)
 (0.85364397857471186,-0.0014904642174803362)
 (0.34295753711467075,0.73069523506425349)
 (0.38858629438749914,0.52792680706912365)
 (-0.56799715597980061,1.9773645984316599)
 (0.15718355291993996,0.17966123441281481)
 (0.28693142949001971,0.11493752379356839)
 (0.26733606339680926,-1.1353499526692898)
 (1.6019693815135621,0.06627702223986226)
 (-0.11916540189402994,-1.1445251227343585)
 (0.83648052579573329,-0.0099790047585689157)
 (-0.42951252366082965,-0.39792440160138548)
 (-0.23673516416410217,0.37800843715042159)
 (-0.080473553857263805,-0.067185370894672095)
 (0.24197209858173421,-0.31535545235348866)
 (-0.32696144988282755,0.026391669237417315)
 (2.1769445412237332,-1.2313617210863594)
 (-0.0041864052702005883,0.76636554852489391)
 (0.15095318952529294,0.17301139860396567)
 (-0.067858474626993931,0.14515062178972654)
 (2.0952465825551752,-0.58957784292707538)
 (-1.5487500949035364,2.4857272576034122)
 (-0.29507023764326457,0.39558762174108908)
 (0.3556870479196762,-1.7022257433728378)
 (-0.0029850594195363067,0.31528871956117549)
 (0.443055737781756,0.031610961959575329)
 (0.051816231500378451,-0.24914309502295445)
 (0.46474712657660278,0.052205166547536458)
 (0.2428294730844236,0.41724471640135452)
 (-0.13635289694547773,0.58170197031924997)
 (-0.32548207742919566,1.5943416200105558)
 (0.40173649606619888,-0.6955978115167758)
 (0.12998630978775871,0.36083400116337994)
 (0.73287594491664731,0.5236223270464182)
 (1.6378185417826077,-0.0033333801614656711)
 (-0.26238972145936007,-0.77713148980567215)
 (-0.88091963685930152,-0.13033539969690761)
 (-0.089573423084890247,1.0301781682814222)
 (-0.317200104337861,0.81216085650453784)
 (0.33548915098135007,1.0523162670373787)
 (0.001910380502699649,0.18893679389941581)
 (-0.40801490696415188,0.30109243889315529)
 (0.51017614824543578,-0.23539460570840245)
 (0.090589905951351885,0.31996532229012331)
 (0.56919783631162946,-0.50527270240125888)
 (0.094843796363203003,1.6531729677553129)
 (0.39812550280043457,-1.3107879147115504)
 (0.42984586519848594,-0.026106434011836044)
 (0.0045673222900973198,-0.36913813369653398)
 (1.1264196019566952,-0.72245837303408689)
 (-1.1520346341773604,-0.22702398194662549)
 (0.50495474445399191,0.22728415308886488)
 (0.02781745644391187,0.32601210485020887)
 (-0.74865760063655173,0.42998844769348521)
 (-0.092670588583201652,0.67239630811455531)
 (-0.30447173784362364,0.35566069426768437)
 (-0.13509874637290481,1.3366066689841332)
 (-0.70939856197767381,-0.35140391343405941)
 (0.88840008516006597,-0.49749472662661431)
 (0.46396428039595794,1.595748553367673)
 (0.26833811644455813,0.58239615894687846)
 (0.92433064933826448,-0.098578270262792783)
 (1.0852639302074309,-0.45169916710581143)
 (-0.50293372552995175,0.62968127931107976)
 (-0.66228161008338093,0.30486564847413417)
 (-1.9589432655505798,-0.46794988381988167)
 (-0.039748475310475317,-1.3346737485283957)
 (-0.12909923065747891,0.10227444508707367)
 (-0.16122663046502445,-0.20105519403178473)
 (0.41963682725841178,0.37309214961062098)
 (-0.28940762654237939,0.11097345276432108)
 (-0.033964528634224035,-0.1553396427401309)
 (-0.5680662842612535,-0.22680312795788582)
 (0.90722402466972307,0.17378502309835409)
 (2.3008658883981683,-0.31597612487162197)
 (1.0098144767941664,0.18083487084633182)
 (0.22965093850954771,0.17707549848276716)
 (-0.26173585228437563,-0.28002335242580667)
 (-0.32230209334037901,1.0125725443487328)
 (-0.36241683937630365,0.4995310207914116)
 (0.40929837183429496,0.50215233496148082)
 (0.27496571661152902,-1.1366834277156139)
 (0.010040390808701644,-0.74272607413996206)
 (1.0759946077953266,2.1244980754206271)
 (-0.49965618059303007,0.00031913832589761104)
 (0.4148218377976931,-0.22087799426962917)
 (0.38176051643862963,-0.42947438303517249)
 (-0.65861723767156577,0.64522500947788886)
 (0.92982602646226908,0.59132416208809724)
 (-0.27077183812604744,-0.033919942382720177)
 (0.20668148755843629,-0.56233531987231489)
 (-0.96232129749251971,0.087942445822166121)
 (-1.1357476040426406,-0.87590128830221259)
 (-0.14439639703722529,-0.63157322517150083)
 (0.84267464687169014,-0.63811671009289317)
 (-0.10566431029019693,-0.18199526311715775)
 (0.42872022610666027,0.28874883720813649)
 (-0.25494581668976513,0.45597720966522859)
 (-0.9617749706543347,1.39263317305593)
 (0.99109550697217441,0.16673331529208107)
 (0.39025285358140083,-0.69341069135571354)
 (-1.0744871913748408,-1.2994043622812828)
 (0.14320704752084437,-0.40526837858889314)
 (-0.5173692285714887,0.08060187995246415)
 (0.8831198384178548,-1.0493697104814017)
 (-0.14075048378118959,0.1777344669498252)
 (-0.35828163991124101,0.31473210763604903)
 (0.02513172523198634,0.0034277495933025311)
 (0.71100952993779853,-0.079509227786968312)
 (0.35364225829959056,0.94075669637108827)
 (-0.63533299173452562,0.02152526402874011)
 (-0.075238669631957605,-0.396984093301049)
 (-1.2033635943205039,-1.8447694155470855)
 (0.16902422275870985,0.24317089250202442)
 (0.17480889860459367,0.68307709652869775)
 (0.67668636541376737,0.078728599710812502)
 (-1.2003128562245362,0.12184551353916423)
 (-0.020234161101982479,0.48896199884337699)
 (0.076893682284501108,0.57546985940213158)
 (0.47900409008945088,-0.19477233787335166)
 (0.22415030655738,-1.5983789830736379)
 (0.47818709191367131,-0.59771592380713079)
 (0.4716474768579858,0.23505307689235652)
 (-0.014391160444382212,0.48565703023099666)
 (1.4037797263362619,0.43726132745116802)
 (1.0358510163052868,-1.0258191176576024)
 (0.39582678789670411,0.47645374826357428)
 (-0.17434024644130316,0.15511352800491732)
 (-0.097185758894062363,-0.56991430164526935)
 (0.7092492020507446,-0.026915095227778463)
 (-0.053481406713871776,-0.65884253649133273)
 (0.35712833703726504,0.20378278843389125)
 (0.24233346341882073,-0.81705214591236675)
 (0.65282481252469671,0.46724227968813226)
 (-0.45864287866348274,0.20931788959934736)
 (-0.47122540606973556,0.47839225213002462)
 (-0.28099530480237112,1.1877328139587251)
 (0.081891492822744272,-0.066667140860071056)
 (-0.025691791797416576,0.1320123246326792)
 (0.42075904706173795,-1.3000814970954815)
 (-0.14495997142141517,-0.4617025392616918)
 (1.046510887862774,0.2311648382529804)
 (-0.072202970219257423,0.1251233390136503)
 (-0.44928142373236291,-1.7653155319316465)
 (-0.40154621213922337,0.35599779524302699)
 (0.44603802376297025,-1.1529892493553391)
 (0.22283982799037175,0.073351148116968495)
 (0.12805935198076634,0.22660313310874536)
 (0.43387196636299963,-0.54605799305464386)
 (0.22338139289972309,-0.40076041690176006)
 (1.2202661673802513,0.68889017937695551)
 (-0.11005372491360539,0.4257728296738762)
 (-0.12840601663953063,-0.18224338626722184)
 (0.92188190656101121,0.14124389963503897)
 (-0.50317191770933412,0.96600738627416305)
 (0.94158046556943842,-0.85174874225189545)
 (-0.16675848866526771,-1.0696124987551183)
 (-1.1869490796466948,-0.79454647400955702)
 (0.084090756227069741,-1.2051828205951209)
 (0.49631696238542822,0.044689379769184384)
 (0.098681401985704492,-0.56310542014815501)
 (0.9169891883071184,1.1690290231707514)
 (0.53624269087308463,-2.8952379371285168)
 (-1.0191060716154838,0.12923696899740308)
 (1.4479738938358178,-0.35172409925778303)
 (1.1814452387603753,1.3515817349766264)
 (-0.75725278310567146,1.6425577062291807)
 (0.55342116709521838,0.065766542635074754)
 (0.031997226544590751,0.34731758434835608)
 (-0.27887717452158178,0.25180933730919852)
 (1.3688174211951503,-0.41353203522830945)
 (1.0433968145389143,-0.32818087737930268)
 (-0.64606232390261553,-0.39447499430770999)
