# Created by Octave 8.4.0, Thu Dec 11 09:47:22 2025 IST <gamana@Samsung>
# name: clean
# type: complex matrix
# rows: 2048
# columns: 1
 (0.94190100993386761,-0.31396700331128918)
 (-0.31396700331128918,0.31396700331128918)
 (0.94190100993386761,-0.31396700331128918)
 (0.31396700331128918,0.94190100993386761)
 (-0.94190100993386761,-0.94190100993386761)
 (0.94190100993386761,-0.31396700331128918)
 (-0.94190100993386761,-0.31396700331128918)
 (-0.31396700331128918,-0.94190100993386761)
 (-0.94190100993386761,0.94190100993386761)
 (0.31396700331128918,0.31396700331128918)
 (0.31396700331128918,0.31396700331128918)
 (-0.31396700331128918,0.94190100993386761)
 (-0.94190100993386761,0.31396700331128918)
 (-0.94190100993386761,0.31396700331128918)
 (-0.94190100993386761,-0.94190100993386761)
 (0.94190100993386761,-0.31396700331128918)
 (-0.94190100993386761,0.94190100993386761)
 (0.31396700331128918,0.31396700331128918)
 (0.94190100993386761,0.31396700331128918)
 (0.31396700331128918,-0.31396700331128918)
 (0.31396700331128918,-0.94190100993386761)
 (-0.31396700331128918,-0.31396700331128918)
 (0.31396700331128918,-0.31396700331128918)
 (-0.31396700331128918,0.31396700331128918)
 (-0.94190100993386761,-0.31396700331128918)
 (-0.94190100993386761,0.94190100993386761)
 (-0.94190100993386761,0.94190100993386761)
 (0.31396700331128918,-0.31396700331128918)
 (0.31396700331128918,0.31396700331128918)
 (0.94190100993386761,-0.94190100993386761)
 (0.31396700331128918,0.31396700331128918)
 (-0.94190100993386761,-0.31396700331128918)
 (0.31396700331128918,-0.94190100993386761)
 (-0.31396700331128918,0.31396700331128918)
 (-0.94190100993386761,0.94190100993386761)
 (0.94190100993386761,0.94190100993386761)
 (0.31396700331128918,0.94190100993386761)
 (0.94190100993386761,0.94190100993386761)
 (0.94190100993386761,0.31396700331128918)
 (0.31396700331128918,-0.31396700331128918)
 (0.31396700331128918,-0.94190100993386761)
 (0.31396700331128918,0.31396700331128918)
 (-0.94190100993386761,-0.31396700331128918)
 (0.31396700331128918,-0.31396700331128918)
 (-0.94190100993386761,-0.31396700331128918)
 (0.31396700331128918,-0.31396700331128918)
 (0.94190100993386761,-0.94190100993386761)
 (-0.94190100993386761,-0.31396700331128918)
 (-0.94190100993386761,0.31396700331128918)
 (-0.94190100993386761,-0.31396700331128918)
 (0.31396700331128918,0.94190100993386761)
 (-0.94190100993386761,-0.94190100993386761)
 (-0.31396700331128918,-0.94190100993386761)
 (-0.94190100993386761,-0.94190100993386761)
 (0.31396700331128918,-0.31396700331128918)
 (0.94190100993386761,-0.94190100993386761)
 (0.94190100993386761,0.94190100993386761)
 (0.94190100993386761,0.31396700331128918)
 (0.31396700331128918,0.94190100993386761)
 (-0.94190100993386761,-0.94190100993386761)
 (-0.94190100993386761,0.31396700331128918)
 (0.31396700331128918,-0.31396700331128918)
 (0.94190100993386761,-0.94190100993386761)
 (0.94190100993386761,0.94190100993386761)
 (0.31396700331128918,0.31396700331128918)
 (-0.31396700331128918,0.31396700331128918)
 (-0.94190100993386761,0.31396700331128918)
 (0.31396700331128918,-0.31396700331128918)
 (-0.94190100993386761,-0.94190100993386761)
 (0.94190100993386761,-0.31396700331128918)
 (-0.94190100993386761,0.94190100993386761)
 (-0.94190100993386761,-0.31396700331128918)
 (-0.31396700331128918,-0.94190100993386761)
 (-0.31396700331128918,-0.31396700331128918)
 (-0.31396700331128918,-0.94190100993386761)
 (-0.94190100993386761,-0.94190100993386761)
 (-0.94190100993386761,-0.94190100993386761)
 (0.31396700331128918,-0.94190100993386761)
 (-0.31396700331128918,0.31396700331128918)
 (-0.31396700331128918,-0.31396700331128918)
 (0.31396700331128918,0.94190100993386761)
 (-0.94190100993386761,-0.31396700331128918)
 (0.31396700331128918,0.31396700331128918)
 (0.94190100993386761,-0.31396700331128918)
 (-0.31396700331128918,0.94190100993386761)
 (0.31396700331128918,-0.94190100993386761)
 (0.31396700331128918,0.31396700331128918)
 (-0.94190100993386761,0.94190100993386761)
 (0.31396700331128918,0.94190100993386761)
 (-0.94190100993386761,-0.94190100993386761)
 (-0.94190100993386761,0.94190100993386761)
 (-0.31396700331128918,-0.94190100993386761)
 (-0.94190100993386761,-0.94190100993386761)
 (-0.94190100993386761,-0.31396700331128918)
 (0.31396700331128918,-0.31396700331128918)
 (-0.94190100993386761,0.31396700331128918)
 (0.31396700331128918,-0.94190100993386761)
 (0.31396700331128918,-0.94190100993386761)
 (-0.94190100993386761,0.31396700331128918)
 (-0.94190100993386761,-0.31396700331128918)
 (0.94190100993386761,0.94190100993386761)
 (-0.94190100993386761,0.31396700331128918)
 (-0.94190100993386761,0.31396700331128918)
 (-0.94190100993386761,-0.31396700331128918)
 (0.31396700331128918,-0.31396700331128918)
 (0.94190100993386761,-0.31396700331128918)
 (-0.94190100993386761,0.94190100993386761)
 (0.31396700331128918,0.31396700331128918)
 (0.31396700331128918,0.31396700331128918)
 (0.94190100993386761,0.31396700331128918)
 (0.31396700331128918,-0.31396700331128918)
 (-0.31396700331128918,0.94190100993386761)
 (-0.31396700331128918,-0.94190100993386761)
 (-0.31396700331128918,0.31396700331128918)
 (0.94190100993386761,0.31396700331128918)
 (-0.94190100993386761,0.94190100993386761)
 (-0.31396700331128918,0.94190100993386761)
 (-0.94190100993386761,0.31396700331128918)
 (0.31396700331128918,0.31396700331128918)
 (0.94190100993386761,0.31396700331128918)
 (0.31396700331128918,-0.94190100993386761)
 (-0.94190100993386761,-0.31396700331128918)
 (0.94190100993386761,0.31396700331128918)
 (-0.94190100993386761,0.94190100993386761)
 (-0.94190100993386761,-0.31396700331128918)
 (-0.94190100993386761,-0.31396700331128918)
 (0.94190100993386761,-0.31396700331128918)
 (0.31396700331128918,-0.31396700331128918)
 (0.94190100993386761,0.31396700331128918)
 (0.94190100993386761,-0.31396700331128918)
 (-0.94190100993386761,0.31396700331128918)
 (-0.94190100993386761,-0.31396700331128918)
 (0.94190100993386761,0.31396700331128918)
 (-0.31396700331128918,0.94190100993386761)
 (-0.31396700331128918,0.94190100993386761)
 (-0.31396700331128918,0.94190100993386761)
 (0.31396700331128918,-0.31396700331128918)
 (-0.31396700331128918,-0.31396700331128918)
 (0.94190100993386761,-0.31396700331128918)
 (0.31396700331128918,-0.31396700331128918)
 (-0.94190100993386761,0.31396700331128918)
 (0.94190100993386761,0.94190100993386761)
 (-0.31396700331128918,0.94190100993386761)
 (-0.94190100993386761,0.94190100993386761)
 (-0.94190100993386761,0.31396700331128918)
 (-0.94190100993386761,-0.31396700331128918)
 (-0.31396700331128918,-0.94190100993386761)
 (-0.31396700331128918,-0.94190100993386761)
 (-0.31396700331128918,-0.31396700331128918)
 (0.31396700331128918,0.94190100993386761)
 (0.94190100993386761,0.31396700331128918)
 (0.31396700331128918,-0.94190100993386761)
 (-0.94190100993386761,-0.31396700331128918)
 (0.31396700331128918,0.31396700331128918)
 (-0.94190100993386761,-0.94190100993386761)
 (0.94190100993386761,-0.31396700331128918)
 (0.94190100993386761,-0.94190100993386761)
 (0.94190100993386761,-0.94190100993386761)
 (0.31396700331128918,-0.31396700331128918)
 (-0.94190100993386761,0.31396700331128918)
 (-0.94190100993386761,0.31396700331128918)
 (-0.31396700331128918,-0.31396700331128918)
 (-0.94190100993386761,-0.94190100993386761)
 (-0.31396700331128918,0.31396700331128918)
 (-0.31396700331128918,0.94190100993386761)
 (-0.94190100993386761,-0.94190100993386761)
 (-0.31396700331128918,0.94190100993386761)
 (-0.31396700331128918,-0.31396700331128918)
 (-0.31396700331128918,0.31396700331128918)
 (-0.94190100993386761,0.94190100993386761)
 (0.94190100993386761,-0.94190100993386761)
 (0.94190100993386761,0.94190100993386761)
 (-0.31396700331128918,0.31396700331128918)
 (-0.31396700331128918,-0.31396700331128918)
 (0.94190100993386761,-0.31396700331128918)
 (-0.94190100993386761,-0.94190100993386761)
 (-0.94190100993386761,0.94190100993386761)
 (0.94190100993386761,0.94190100993386761)
