# Created by Octave 8.4.0, Thu Dec 11 09:47:22 2025 IST <gamana@Samsung>
# name: awgn20
# type: complex matrix
# rows: 2048
# columns: 1
 (0.34348029716161349,-0.98594724373849418)
 (-0.22405602163007693,0.36812396806248304)
 (0.97320074395398981,0.92235367580303007)
 (-1.0144741080328599,0.44623950036939009)
 (-0.96379367878030764,0.36782976305239456)
 (-0.26058898273005887,0.92245309656931629)
 (-0.35292738902874116,0.30957214432380553)
 (-0.32192499722862311,-0.35049202728661111)
 (0.27362006861969013,-1.0918219382338148)
 (-0.32348366804649209,0.96132931285168555)
 (-0.93582752665376367,0.22951342003038927)
 (0.89283005732340237,-0.37538645475471766)
 (-1.0102087705422638,-0.93755408193564249)
 (-0.95275659607824936,0.96771047400896226)
 (-0.36702625914624565,-0.27131571662567233)
 (1.0081385584563949,-0.15522230996252645)
 (0.33418327897552369,-0.26437457480683907)
 (0.32945584101020597,1.0983356816333167)
 (-1.0276048593892202,-0.39817858607420031)
 (-0.99656660422448151,-0.22070832294668885)
 (-0.29273956821563651,0.27122938985562922)
 (0.19931020474349004,-0.9746446780479785)
 (-0.88159003131779823,-0.95629185684945683)
 (0.84410007359274553,0.37953551530517154)
 (0.95496907981794366,0.39437878106329682)
 (0.25898530814709758,-1.0354896328637253)
 (0.98204254198489449,0.3093406538310744)
 (-0.34802377402912632,0.9931719085540428)
 (0.39108486677933268,0.32278541375274722)
 (-1.0639812672705957,-0.88978865493985349)
 (-0.30409918451885254,0.91776210590333562)
 (0.4026863710195302,0.32807637748966251)
 (1.0923710413596059,0.24133414870004277)
 (0.33384674236734624,-0.33150020516490486)
 (0.99308100474583805,-0.399099955589021)
 (0.89687196724605645,0.31739716947714652)
 (-0.843943653323595,1.0394053474013751)
 (-0.88772671374683465,0.27189276206403196)
 (1.0686853078777165,-0.32092850480764473)
 (-0.28458471123249529,0.24943702227313191)
 (-1.0784072740338599,0.29854470786379944)
 (0.22560741405321971,-0.24676507911920079)
 (-0.92596464064000106,0.28541986382365231)
 (-0.40811118232944332,0.85210154986338615)
 (-1.0415651828872552,-0.32161900736089871)
 (1.0026358447719756,0.92708413447337967)
 (0.33541805360887728,0.42859803835345728)
 (0.3304378228092919,-0.27092694632292125)
 (0.24117117243590186,-0.36194183986951611)
 (0.90869088814032373,-0.36233756290716784)
 (0.96810915058048475,-0.99527513032099002)
 (1.054263054338219,-0.98608724436974882)
 (0.28698799519430973,0.39599107265835332)
 (-0.94609078387527168,0.34656685734493475)
 (-0.35718017272449026,0.87209285701074535)
 (-0.99031572947659441,-0.2810287930169213)
 (0.94996512821381951,0.98129622964090146)
 (1.0004200908916558,-0.20917299445598103)
 (0.98838532692795278,0.92678617172221756)
 (-0.26212789016134452,-0.86066792782843082)
 (-0.92731357933226188,-0.97252054809482791)
 (-0.25254254005400656,-0.86920659012135726)
 (1.0212232699603025,0.98900653099421343)
 (-0.22948578336366893,0.87761114990645417)
 (-0.90128272207349058,-0.22123964506988486)
 (-0.9624533957711241,0.44787215975265959)
 (-0.31299972328914832,0.98934604798170966)
 (-0.20342020714335152,-0.35250987704951364)
 (0.29853237292028895,-0.28763737742330026)
 (0.29671421327321512,0.97213571856378844)
 (0.85656182323432284,-0.3844478445441406)
 (-0.32321394491684557,-0.33411435402839118)
 (-0.35528608184617433,-0.44535370488119247)
 (0.96316981667695067,-1.0208533597956653)
 (-1.0893249981195128,1.0529790149150648)
 (-0.28877610326677949,-0.30910958128310628)
 (1.0410658674240159,-0.91150997656568478)
 (-1.0809028505407718,-1.0531540570389433)
 (0.13585813713549871,-0.38396604563015291)
 (0.31933889755786216,0.44018859010428313)
 (0.26064121564891318,-0.3323481747818306)
 (-0.33005041504521937,-0.23556155924435396)
 (0.23884304769950226,-0.4216656034581876)
 (-0.92673661033712373,-0.95192305933653731)
 (-0.24888898773725773,-0.86057209433881943)
 (-0.89818696462164804,1.0073972313683928)
 (-0.81736051300135648,0.23509633288495285)
 (1.0505747622961477,-0.31208845592696821)
 (0.94955532387184349,0.97350702711830117)
 (0.8058864975345611,-0.22240236912918232)
 (-0.39227530797038146,-0.88065670014878028)
 (-1.0258448591665061,-1.0795336765624766)
 (-1.0646203953405478,0.34659273219709152)
 (-1.0414732092817192,0.41425332349254318)
 (0.38753337950624162,-0.3530387806172206)
 (-1.0880234018922537,-0.4210498741551485)
 (0.31572510033155604,0.052804897149817953)
 (-1.0260625777920618,-0.21635429747180029)
 (0.91673626097979177,-0.95617281463550441)
 (1.0062441222235385,0.28007057497741394)
 (-0.31696469624138029,0.28721122733608484)
 (0.30380698291854852,-0.95749530934092975)
 (0.17933093433442748,-1.0712382928814927)
 (0.9674173635012786,-0.87823809481656434)
 (0.35312360085123529,-1.0198512227013907)
 (1.0456471102113745,0.38137401085370592)
 (-0.27685636405161151,-0.2385804812891395)
 (-0.92317151210037174,-1.0319997189503212)
 (0.34031160495515045,0.26488292677133507)
 (-0.99743938329827386,0.92661915205428425)
 (0.41181356660404489,0.90348368434974691)
 (0.39615794763762707,0.94419574029533115)
 (0.9250268775677879,-0.78768990693733087)
 (0.93439940505927999,-1.0691176572168504)
 (0.39725287024328643,-1.1019253794794268)
 (-1.0011510759574882,-0.31682725502355452)
 (-0.38011170040349707,-0.24232971294356281)
 (-0.27742777383935563,-0.96056067100822939)
 (-0.91562135550161972,1.1207143078478379)
 (0.25736516430512801,-0.42764483661561747)
 (-0.32673112637932422,1.0009435978149284)
 (0.93145619365962529,0.39586508036340134)
 (0.39448943304469913,0.95833654651192102)
 (0.84177542673815242,-0.22284253421008693)
 (-0.89626065545412448,0.32255945929470703)
 (-0.82394210662133238,-0.18470312614023326)
 (0.85103921878414035,-0.25035134284248239)
 (1.0045478604839215,-0.85270391657595557)
 (1.0052282626809694,-0.35772215618712788)
 (-0.98504969210241067,-0.87879145609671283)
 (-0.89823608677917011,0.5177625440811594)
 (0.29745283234543418,-0.22429736823195268)
 (1.0518670298643649,-0.33461215842355979)
 (-0.96150575161896623,0.29617990475723527)
 (1.0215526905959693,0.3723092938583899)
 (-0.31573862153831728,-0.97950567207624273)
 (0.21328710239739684,-0.95218351649813093)
 (1.0060806559580946,0.47596372183283575)
 (-0.91986001017907026,-0.91480695156594305)
 (-0.27233464737803148,-0.34199839444024938)
 (0.88774186548612988,0.95452038232078251)
 (-0.99144009685654255,-0.84815100252093045)
 (-1.0412308466843929,-0.96210654712089172)
 (-0.92174343080098697,-0.91788393303587645)
 (-1.0999917986620062,-0.33647321209958025)
 (-0.48385735398498469,-1.0012267833076427)
 (-0.22528898656347246,-0.28416042804056468)
 (-0.86474077584976961,0.32134077507045489)
 (0.27355875937679602,0.27406653109627732)
 (-0.90150982591466888,-0.28241070984558758)
 (-0.82052089614910551,0.34022186991175307)
 (-0.32097124839815588,0.32980355186889321)
 (-0.32924549485653554,1.0684812283689944)
 (-0.23657663781951083,0.26339638651638669)
 (0.93087946122919207,-1.0881728152033574)
 (-0.26766083975858679,-0.8115290845599793)
 (0.91504466310202415,0.94848950041091873)
 (0.3698949405747729,-1.0157663371142112)
 (0.78938635725971196,0.27938985566210961)
 (-0.33062462510804347,-0.92877923713534349)
 (0.26396088681025065,0.3953024726460021)
 (-0.99497432452760448,-0.27379821635106938)
 (-0.19904333456418266,0.93077470521623618)
 (0.87936743353290603,0.28673897976971896)
 (-0.37810863680786067,-1.0130249336122923)
 (-1.0164797074923391,-0.27978360834090671)
 (1.0134567657639353,-0.81997227215782342)
 (0.964144528569573,-0.3197788402590665)
 (-0.30401515098715121,0.93808156443852431)
 (-0.36379636358089035,0.91194326912794565)
 (-0.93785006179240038,-0.95223331746694195)
 (-0.98068889231063927,1.0488802023138457)
 (0.43805220377887538,-0.40465954417656885)
 (0.2617775893444293,-0.97184874283153999)
 (-0.44589673961495391,1.0471523628496835)
 (-0.92576800139503712,-0.34950305812910748)
 (-0.40427346274572684,-0.81005435723142782)
 (0.82298417082740383,-0.23962320084363656)
 (-0.2046858443994678,-0.92482566077467709)
 (-0.92495884929485395,-0.93834225865108045)
