# Created by Octave 8.4.0, Thu Dec 11 09:47:22 2025 IST <gamana@Samsung>
# name: rician
# type: complex matrix
# rows: 2048
# columns: 1
 (0.0075493529133016518,-0.33614303076599655)
 (-1.1811118652944466,-1.7510956438957723)
 (1.0780944544406783,-1.2149359059950777)
 (-0.255929381728769,-1.0702806161205984)
 (0.031591500157626823,-0.26643132584255319)
 (-0.96515033718580157,-1.0914511932446116)
 (-0.82887103630046821,1.8314373089266587)
 (-0.1371627824034039,-0.34757282336251505)
 (1.0277390441481742,0.85355348535755882)
 (-0.37220023890622395,0.47732945244459468)
 (0.13470459545859348,-0.23996482702340044)
 (0.42350802206325588,0.19515669599692664)
 (0.12887480155049663,0.10942042484411937)
 (0.31771865802614097,0.22359035595176083)
 (-0.28671148717112577,-1.0204624180933719)
 (0.18235668892460424,0.12473080533508399)
 (0.27552832771604985,-1.3289078412536048)
 (0.083065346187479822,-0.15915731677581779)
 (0.60758189909013782,-0.23642544786117378)
 (-0.67859693801423104,-0.77502003598302716)
 (-0.080870159794042523,-0.28432076372958703)
 (0.21630102302615928,-0.59586179253068605)
 (-0.16330914598198007,1.0860151217647156)
 (-0.5746471837576812,-0.1663020261170762)
 (0.27193508666966437,0.086100018032865849)
 (1.178744871192829,0.45446852020358908)
 (-1.1359647725062221,-0.52027600157567511)
 (0.13476770346588943,-0.43052079339762961)
 (0.8902756346009616,-0.3850585013814789)
 (0.88153349746805221,-0.091872860310445115)
 (0.33946970815654304,0.45828608467671977)
 (0.16554570504063418,-0.078255973066764517)
 (-0.4460209080504145,-0.23348365684997974)
 (0.69636477743297331,-1.0022561081511541)
 (-0.2071249123821477,-0.30818248939545156)
 (-0.059069595689181749,-0.17628345288636321)
 (0.23036726214532227,-0.41162319542506359)
 (0.48721551611889879,0.7956423685379107)
 (0.43505589369876502,0.35287469375922809)
 (0.081393523367276982,0.76979158968076955)
 (-0.58531035404468224,-0.85201174211195196)
 (0.21863020636032987,0.1913334306729399)
 (0.28722780627041133,1.1531202092646027)
 (-0.13873953155092705,-0.27525854016341805)
 (-0.36961892152149933,0.45645444016299414)
 (-0.034357686462851783,-0.29465991447610651)
 (-1.8247908863766238,-0.044414438321713545)
 (1.0529034990121511,0.64960469172785684)
 (1.0343004965761251,0.35892106879306396)
 (0.16014709902291183,0.38228162026919266)
 (0.12950801019121927,0.28134389449803021)
 (-0.8659171175606819,-0.54732081482084816)
 (-0.80605289762912291,-0.79214594509182568)
 (-1.442963056288505,0.34032835488302005)
 (-1.1639409694676284,-0.45739537408486042)
 (-0.69989968001617775,0.3904016259013493)
 (-0.69611197075323994,0.92496477991829462)
 (-0.089727787287248562,-0.280040101455794)
 (-0.90962571047782603,0.11806247111587465)
 (-0.84136536414962204,-1.0974019129812493)
 (-0.18068475958800412,1.0540459112830503)
 (0.23586545255438982,-0.50774791965215083)
 (0.48570867767786885,-0.3193864851128787)
 (-0.30831833706117573,0.21211242348365325)
 (-0.25495501027588707,0.69535400872903308)
 (-0.87789925692627946,-0.88522708941536299)
 (0.55214794165301428,1.241332933648243)
 (0.30952587931971826,-0.41918708479254113)
 (-1.7715003792086887,0.096899214296405023)
 (0.43697820221819511,-0.0097344532359725927)
 (0.14580150790174717,0.53248127594025518)
 (-0.38607836805526402,-0.14088086929190696)
 (-0.78241806223839827,0.6872411959218756)
 (-0.55933833229700236,0.34164779544772861)
 (-1.5533578700629689,0.6757014268151742)
 (0.79889856663365311,1.2948207086880061)
 (0.8407642960372127,-0.12561290652500656)
 (0.26997632581360348,-0.63506974318598142)
 (-0.41857917601701927,-0.66491490487082072)
 (0.32052664724993618,0.23694058262551754)
 (-0.78914373499948853,1.0459719302804107)
 (-0.43610176008798657,0.030242278682319268)
 (-0.3363267858448703,0.47533527224907351)
 (-0.48602701539544485,-0.66789080485897889)
 (-0.22991393881468991,-0.21611078479054646)
 (-0.37991810372540946,-0.3107577574247754)
 (-0.81596400543612735,0.52115825185049358)
 (-0.39064907666076898,-1.2774783076547696)
 (-0.4937700110545673,1.6276196805884162)
 (0.82073631754417353,-0.40726249885744098)
 (-0.31187151345239261,-0.043647823559636506)
 (0.60851348669835992,0.69760285923338239)
 (0.21276030995330084,-0.46328400946783904)
 (1.2311123623743334,0.065880767259550499)
 (-0.35126705428392607,-0.57698039388286715)
 (0.29112113764454967,-0.034132007320372859)
 (-0.27901263087109968,0.10842378901558357)
 (-0.74487641693975115,0.35325109522960518)
 (-0.61241121127183396,-0.11808146986532633)
 (0.12615517722252978,-0.80774564525366699)
 (0.81161952454822628,-1.055209581991535)
 (-0.49024805433014634,-0.14133575880936405)
 (0.10129287255175555,-0.27591481129369055)
 (1.153749111835606,0.1058972260284155)
 (0.018099578383121318,0.4837741241435401)
 (-0.66467285433916834,0.62324398439443274)
 (0.070565630650179068,0.86854574338248469)
 (0.4975147621389881,-0.48176104124066033)
 (0.11529650624926019,-0.79601119780404395)
 (-0.44147519200300922,1.2632911668926907)
 (-1.1888308486683101,-0.33769733847879774)
 (-0.67401596539909647,-0.87738432386325649)
 (-0.17379556591535419,-0.041482984968132068)
 (-0.30235673424672893,0.94168373177852438)
 (-1.3530711707983618,0.53952254630898855)
 (-0.060359027752533781,-0.30729340843517072)
 (-0.89620686774770686,-0.50256543517611041)
 (0.30223413863297943,-0.70835034913025274)
 (1.0305353555732037,-0.36954052255853975)
 (-0.90128471610940419,0.85348467291500318)
 (0.46569058739642177,0.44711708797240446)
 (-0.81675440569393776,-0.36898668515393296)
 (-0.20727205803901266,-0.28929598067922468)
 (1.1554871044222845,0.14675057791239421)
 (-0.19455805234254403,1.3390014425898538)
 (0.12357397031791528,1.2393927039940573)
 (-0.41463655345754746,-1.062464666580262)
 (0.86471729904012584,0.9357187114356269)
 (0.99741563441650927,0.21129311162450309)
 (0.6072416639495688,0.76200386077681803)
 (-1.3549779418418861,0.38964812346464756)
 (0.35881481667707726,-0.58821302127236319)
 (-0.84451277579560469,-1.2489212342916285)
 (0.30243566735977151,-0.13566625307010072)
 (-0.39953459693975502,-0.7604453234901194)
 (1.6298000695469133,0.65460399847147266)
 (-0.46585210630887658,0.18053530843399052)
 (0.2931466764622831,-0.4149640462933093)
 (0.5192992340673791,-0.61126797333472838)
 (0.23088563597643869,0.24246228354628618)
 (-0.73210384005727724,-0.01896949016678387)
 (-0.64428459345686073,-0.81872027544248438)
 (-1.1132183479260069,-0.4044813597541641)
 (0.49346606388446468,0.34905996581197818)
 (-1.2632364766544506,-0.050508388906442492)
 (-0.6093438438300065,-0.61714669060238247)
 (0.95792660527307194,1.1311977134305564)
 (-0.28824743096229416,0.54170958600844421)
 (-0.84478648510248922,0.76091273372225166)
 (1.0806587460005448,0.79445527820946515)
 (-0.73931924590022613,-0.63037071450977089)
 (0.21286817084492521,0.43554738529768827)
 (0.25215625830163901,-1.0465920927318899)
 (-1.5381035216934995,0.99710739594720721)
 (-1.3136753032409527,-0.21232611893314565)
 (-0.26247465555692484,0.45546747609206684)
 (0.23316562726149237,1.451268999777074)
 (-1.9024172643468289,0.98886058886316586)
 (0.71061789467808545,-0.66464434656251792)
 (1.1623148038323139,0.45203096925834607)
 (-0.34798174911054847,-0.33670283144681012)
 (-0.68789801912787152,-0.89899470745698096)
 (0.21942064595177208,-1.0500612833922438)
 (-0.067314458483244646,0.30296630808845476)
 (0.85576948589395085,0.22046016326782383)
 (-0.22814627664771853,-0.51811049162514533)
 (0.82300505571580074,-0.26607722300545034)
 (-0.59454165469934805,1.2829849316997208)
 (0.14046763307036575,-0.45990150589314421)
 (-1.1063115911958592,-0.21025128352213157)
 (-0.42191731560747303,0.328494755207975)
 (0.85921034735556234,-0.70278522722268943)
 (-1.0641741188133793,-1.1785957583334803)
 (-0.45711939839390231,-0.54837410212606641)
 (1.1483494677833292,0.44626234337630022)
 (-0.35264693424536742,-0.48826558856394753)
 (0.49361334681082303,1.4375260365871392)
 (0.059866227082083612,0.1716251646129365)
 (0.40706786204974121,-0.041538306374456102)
 (1.3723221873739773,0.63508890200450663)
