# Created by Octave 8.4.0, Thu Dec 11 09:47:22 2025 IST <gamana@Samsung>
# name: rician
# type: complex matrix
# rows: 2048
# columns: 1
 (0.37640459594547182,0.84680114065372558)
 (0.83352578870162197,-0.88813526496844197)
 (-0.21193333327665556,1.4186528323731067)
 (-0.22040118487041147,0.22683529321885335)
 (-1.1507968321007631,0.10911946584585269)
 (-0.14099837007626656,0.16305532479171006)
 (-0.79965796449132909,0.66896757702029808)
 (0.13136570310896067,0.087728864517012339)
 (-1.2090962065891373,-0.81657148850860017)
 (-0.64334040767453371,0.10631760901205389)
 (0.29946827020508432,-0.66686124219471155)
 (-0.13493838628921986,0.17045664126763541)
 (-0.86702771784053378,-0.83768782005709153)
 (-1.1393610676873116,-0.34746316385650072)
 (-1.0732638465215174,1.0592058366845476)
 (-0.23795203932550743,0.17573280863620103)
 (-0.18699174600103224,0.6280487603974525)
 (-0.0072046552656840068,0.325349941157554)
 (-0.56964422057595465,0.16681182336099559)
 (0.35593924969547464,0.37307937038318928)
 (1.1847348428212618,-0.39532573651397024)
 (-0.94471732941291831,0.26469820312099085)
 (0.52021747018403952,-0.33585332825388886)
 (0.22529429737423254,-0.097952648765859379)
 (0.7313014665171631,-0.85086277155115675)
 (0.77363282580196457,0.69454972041696428)
 (-0.44286953743235746,0.11227812633677996)
 (0.86963609238560924,-0.72059234408749684)
 (-1.1086566427804139,0.36234173581677864)
 (-0.41149048305425612,-1.1583852319477774)
 (-1.2758611086225764,-0.93437473951776329)
 (-0.50566232243757581,1.2209993702147632)
 (-0.20997030164626318,-0.30433595785676437)
 (-1.1902174695721253,0.42195217609782426)
 (0.37780076674249491,-0.039443039294400739)
 (0.4293644923285555,-0.53935433228636764)
 (0.48722249237066417,-0.4832965508623861)
 (-0.96065365226455046,-0.1090912446666302)
 (-0.66288585846498094,0.5742041201203979)
 (0.16663038918719358,0.74124572812855605)
 (0.048345654307767105,-0.45424181381147066)
 (0.58716849726141507,-0.69838528118679388)
 (-0.036341922475254917,-1.0806630331073981)
 (0.317527524181487,-0.18189538396498986)
 (0.87683557202916873,-0.20261632802984736)
 (0.25507841895389055,1.1221671705162519)
 (-0.40207289450499417,0.26339869670267058)
 (-0.79586568364029264,-0.18857924744852994)
 (1.4693053183681761,-1.2914564984762622)
 (-0.26256995081699308,0.14917222053340579)
 (-1.7218269368931005,-0.74942577035529379)
 (-1.198872696295652,0.41487749810950603)
 (0.32986236607092478,1.1203445080658789)
 (1.2911042274129823,0.68044122588242739)
 (-0.71249806863916909,0.33243595754432242)
 (-1.4003952197230418,0.60125520012031353)
 (0.063894347046088595,-1.4108697579676091)
 (0.38998052859226762,0.042195306330938043)
 (-0.15983397042360939,-0.15401851509060768)
 (-0.79664506316254202,-0.29541761021041063)
 (-1.2817506903066005,0.095973023708775584)
 (-0.12330045392162814,1.3684219371588349)
 (-0.23395428907329938,-0.12563749701554408)
 (-0.86363609775583694,0.28613373646869122)
 (-0.55166806653101053,-0.83391590949704453)
 (-1.0568662693854027,0.54274059696061494)
 (-0.60310351739054135,-0.10764573670753452)
 (-0.069226462218792723,0.81944228482185899)
 (-1.1642012992562845,-0.61594483112474308)
 (-1.0052527744634454,1.1490993395689504)
 (0.1283910387022873,-0.10330662795942057)
 (0.50156373079605099,-0.59960771238713839)
 (0.18465670857871369,-0.12768902254515713)
 (0.59988084738465564,0.5254972246994426)
 (-1.0399169471654457,0.97569133034982269)
 (0.33780700984003592,-0.16893313889981892)
 (-0.086101695772985265,-0.41220619897261707)
 (-0.80889820154955805,0.40372621858517255)
 (1.1078857463106071,-1.3372858484391394)
 (-0.89921541176096687,-0.85002491892314358)
 (0.36177577960310614,0.44732356121153583)
 (-0.93862620188975754,1.2417078024645454)
 (0.20880917811394573,-0.37914640827092272)
 (0.70957962423610732,1.3525635965626168)
 (0.36047595563388934,-0.45796188195561138)
 (-0.31587235626805893,0.24906366237334407)
 (-1.0843947320067207,-0.94991156172851632)
 (0.86757974196653698,0.037031361393515982)
 (0.24888140215119073,-0.19851277935412126)
 (-0.83109198839737586,-0.20038856135867056)
 (0.68520435752653419,0.69686395739783602)
 (-0.14592396407508323,-1.294412382748688)
 (1.1912802520750805,-1.0874666075201465)
 (1.2511840700108081,-0.72155737970078038)
 (1.6932384717384077,-1.3024668135826951)
 (-0.031342416534355808,-0.31402243926100787)
 (-0.62577012614657046,0.45930466619068411)
 (1.9385604673849477,-1.7789934667621334)
 (1.3372854234377303,-0.97153011754822538)
 (0.13465767938358186,-0.43249290380426386)
 (0.0039860566691821697,-0.63249215849957918)
 (-0.70802935008630918,-0.72229049106664478)
 (0.39092753337588476,-0.69723945413095167)
 (-0.1092748789601671,-0.1773447857437945)
 (0.043686679319736743,0.4878007572215638)
 (-0.30458805139532141,-0.42700048588588124)
 (0.19910846755191447,-1.4750918845270375)
 (0.64614204966505706,-0.49589934226496468)
 (-0.65579215167308402,0.5466025865757721)
 (-1.1352099073976805,-0.16714994246737641)
 (0.32228331466852012,0.3854419218414854)
 (-0.17303553220826878,-1.1085757918055306)
 (0.60977907356531413,0.71868747846680936)
 (0.84711843167971002,1.4053865453979739)
 (0.84979078949086351,0.85469380716881582)
 (0.91862790127077387,1.4740474459759536)
 (0.49028846423995598,0.37321027629432335)
 (0.95572332581575714,1.4438766638318461)
 (0.84481328885467621,0.56801642434942945)
 (-0.50904772881267912,1.793876821745902)
 (0.95310018764980997,-0.42302899761625279)
 (0.00095626497153239454,-1.1774413157282091)
 (1.2052108276430302,0.95019175491826335)
 (1.0940344243713782,0.17315860974065897)
 (-0.33255086528485989,0.58067963633040509)
 (0.55354558768973683,-1.3880501111924775)
 (-0.43433113644712723,-0.47299291816272637)
 (-0.43323074782007021,-0.39318901844464893)
 (0.08563491492775363,-0.36541588773398548)
 (-0.48036200972954324,0.37202040391403002)
 (1.2914930909500228,-0.15323536581626157)
 (-0.26949260258175312,-0.69750306537823892)
 (0.26047173477480889,0.18678752893798958)
 (0.44206396077691634,0.18398723426610056)
 (0.12750244942965697,0.38588529716244213)
 (0.32603278913503647,-0.04088964675661555)
 (-0.1115452837780806,-0.43152441840556732)
 (0.028725707695321817,0.81834082085510729)
 (-1.0485158600476105,0.5439355502623997)
 (-0.15744616543279702,1.176320132389266)
 (0.29426292266285731,-0.57161513252046925)
 (0.38905311086580036,0.97132063950363201)
 (0.42679129746327937,1.2118188641947243)
 (-0.63880937163109763,-0.29901838207275699)
 (0.4159230229399673,0.29863983183092913)
 (-0.58965403720533704,0.18082832640986538)
 (0.4743340987037436,0.57723289598958782)
 (-0.068257639055354716,-0.25566596862003022)
 (-0.096550167166773282,-0.71235367550423478)
 (0.96875601947299539,0.14311496023644471)
 (0.070626723959651971,-0.93226987179234111)
 (-1.2048230368997848,1.5355149555830794)
 (-0.7167718805881651,0.023078238862085099)
 (0.51981221986644321,0.95882621928392231)
 (0.36061125586184989,0.36608220221187665)
 (-0.085402088046121483,1.4239608852605992)
 (-1.0889751857180929,-0.19792027054355299)
 (-1.0523793730243109,0.6082392284193836)
 (-0.65201497927907248,-0.33273028025492213)
 (0.29621776112176013,-0.8103230572306751)
 (0.9989111625744217,-0.21723821537982585)
 (0.73986131500381902,-0.34040738065686316)
 (0.96767576062173211,0.48309172884531226)
 (-0.3978003437990032,-0.092975230212593768)
 (0.2701562977396238,-1.1641812861007852)
 (-0.92112573245469231,0.7457017714915346)
 (-0.65192739397736066,0.78769611504581616)
 (-0.20359146141957637,-0.70057229172493529)
 (0.97555616141222523,-1.1905742983898506)
 (0.26286358615063971,0.048581665302213514)
 (-0.052763789746338094,-0.076114328564072062)
 (-1.3293846233984405,0.59169807586115675)
 (0.19476341052260207,0.47307136347463535)
 (0.074416846989978636,-0.42228417191443302)
 (0.35452597363096594,-0.4885862212701092)
 (-0.36138506989925695,0.19271731765778072)
 (0.64292656893440214,-1.0396271645704538)
 (-0.49315633726450453,0.51590404744373664)
 (0.40470956375684858,-0.62559431974693858)
 (-0.563387099567771,-0.060984414763170458)
