# Created by Octave 8.4.0, Thu Dec 11 09:47:22 2025 IST <gamana@Samsung>
# name: rician
# type: complex matrix
# rows: 2048
# columns: 1
 (-0.55304029801022547,1.1512517320798343)
 (0.21613774496156829,-0.090476345151778659)
 (-0.20667054935296944,0.86222473923510645)
 (0.17198481374209074,-0.39516871237634499)
 (-0.31813506196746688,-0.40912691193652395)
 (-0.32008628684693019,0.20870160070246146)
 (0.42321433136400732,0.949405616427623)
 (-0.035187290169498064,0.22342205484907662)
 (0.14774489959493126,0.33433089347731854)
 (-0.81511890752653082,0.09609117898810185)
 (0.69760152143470822,0.61733936717479998)
 (0.2043747768017585,0.29246892716202194)
 (-0.29190295339641414,0.97023077058067786)
 (-0.072968474555325957,-1.0611038561326218)
 (-0.39833522487240691,-0.33838855206658902)
 (0.28573026079849434,0.3038400612597652)
 (0.30217535495653647,-0.12227919427971919)
 (0.67889072013878993,0.15001944786008492)
 (0.17343582500503643,0.46025185085031606)
 (0.022237798338657133,-1.830710554970211)
 (0.98967731972542516,0.24758887245652217)
 (-0.79459334057621178,-0.29915248556392754)
 (-0.36151904718956418,-0.56427687928366599)
 (-0.2276670181846184,1.3039248125140852)
 (-0.07004908819436563,0.27263183157264737)
 (0.097791228083977236,0.21333002242716315)
 (0.10890816180232077,0.37630425139469892)
 (-0.97249595158056834,-1.1941550217278363)
 (-0.46510400572671129,-0.2752095043542272)
 (-0.083796221848594199,-0.89381741836422002)
 (-1.0187179496156913,-0.39246536929116577)
 (0.79497297528250166,0.66399103651211511)
 (-0.33678634335401464,0.22335823021831486)
 (-0.2641427844873514,0.39268162858186373)
 (-0.1928428931092154,-0.72777291096628982)
 (1.2632276802149824,0.59843554731873971)
 (0.1475392805915704,0.69503825729276314)
 (0.13223679586399564,-1.0087326639464687)
 (-0.11223615802022899,0.46565928705016035)
 (0.50287447177692246,-0.22505313692013759)
 (-1.9016030813435476,0.17589819460278411)
 (0.0071867308820131974,0.00369341669040954)
 (-1.2281396156782112,0.60841502843398232)
 (-0.37447034204761415,-0.31848382282042126)
 (-0.37231092355876449,0.35290024449431123)
 (-0.056758590339921533,-0.83270223535013477)
 (0.34321950492155684,0.50940114840013229)
 (-0.42688758246738756,0.30704123164668273)
 (-0.43419061982931956,0.04242802039443927)
 (1.1490465344269243,0.82866111374954288)
 (-0.25492519733343616,0.27866020681238607)
 (0.64865348985327276,0.043931039521633186)
 (-0.43589821205326357,-0.13768357080420346)
 (-0.31118071901364608,0.48767849800704033)
 (-0.21320759309928,-0.13880389536970067)
 (-0.52547436980083917,0.22935518006632141)
 (-0.4102964707779877,-0.5615578818351864)
 (0.15620606507595866,-0.0885801749864987)
 (0.062377076446147525,0.29843325503748436)
 (-0.56326628082046426,0.83568894575779751)
 (0.45879945179135739,-0.33673994618390224)
 (1.5092633956114219,-0.35943406506955344)
 (0.017353034565295022,0.15231144148566175)
 (0.42324075892074869,0.13468176460583953)
 (0.19813762614141012,0.77087337866046979)
 (-0.19398867229846328,-0.060303443929196551)
 (0.90261347334391351,1.1800588654994653)
 (0.1312761921347923,-0.65805088294517744)
 (-0.76677856799216448,-0.74574442885955039)
 (0.015235782746397752,1.0663292617533697)
 (0.87081002074119607,-1.0775951161277046)
 (-0.1849542477598273,0.4759731406938067)
 (0.1323251246027802,-0.82228417091819894)
 (-0.68178615427084432,0.53055580704342065)
 (-0.33142122474038938,-0.30026600865920849)
 (0.44223968004687697,-0.87589475143912865)
 (0.2540647716467947,-0.61789504208778578)
 (0.17553600870465919,0.34920669687578582)
 (-0.47080683642514853,0.27750203408010654)
 (1.0643895604354732,-0.39548053090320795)
 (-0.72035828890796449,1.0431889863899126)
 (-0.35615864488166982,-0.70264343203772117)
 (0.61220686705048633,0.34214379537460216)
 (-1.1287547116546555,0.85303146172059729)
 (-0.38850095533240181,0.69796215709807685)
 (-0.82452245314314543,0.33540078973565096)
 (-0.40076326952466212,0.60607113726665829)
 (-0.58384463971047307,0.23431559392812173)
 (-0.40601816389830458,-0.31346311681733668)
 (-0.19395910320810983,-0.30011080098708492)
 (-1.1484115960548145,0.78152392326978704)
 (-0.59521716580751638,0.79896511139887239)
 (-0.8116051112907714,-0.86172936895352314)
 (0.54537958666242325,0.39798018562321053)
 (0.89593791235590792,0.80901924969474581)
 (-0.10371960725742109,0.71888652090734828)
 (-0.5546365416672131,0.95573370314583117)
 (0.32806028185645969,-0.49017374151352083)
 (0.80396725749574527,0.50244489642188106)
 (1.300408173173464,-0.20036442189829839)
 (0.57864788725155625,1.3196646387161786)
 (0.9652048800767371,0.078252630984751353)
 (-0.061460915677904737,1.0564141253231685)
 (-0.52341686693422051,0.6435413431697532)
 (-1.8461218464929114,0.7397383282531601)
 (-0.70581744795585966,-0.038234797943139914)
 (0.88867511100930097,-0.85992538923829098)
 (0.84585930209873228,-0.15179736663258867)
 (0.2558464377744521,0.21476737896121562)
 (0.97485423699159868,-0.67855109234331401)
 (-0.87322570335381178,-1.2098288991497843)
 (0.0081180457930060956,-0.71097529247699731)
 (-1.1916298311277862,-0.48213426801933851)
 (1.6573718187843274,-1.3360106293064007)
 (-0.60074074645324493,-0.25449066396040121)
 (-0.86774203930975191,-1.1412757586824609)
 (0.76759342742832171,-0.3626692781139837)
 (0.80984442565061665,-0.40280928537509308)
 (-0.95609336666948741,-0.035706569458552551)
 (0.31259142980091864,0.34779636205671349)
 (0.085393843107148648,-1.3860220457938899)
 (-0.63979842628852179,-1.2369792283103447)
 (-0.63967891601923743,0.95126938548162576)
 (0.67041033573798237,-1.2165364791555198)
 (1.0687082728528925,-0.46722912084586488)
 (-0.30070710057889694,-0.15487766427610494)
 (1.3140880359034528,0.3516462895314868)
 (-0.24214099121927413,-0.038808005534792397)
 (0.62370497481682663,-0.42310332889383434)
 (-0.22703266255283264,0.082499437519968771)
 (-0.8176121663787822,0.25856759635430909)
 (-0.59903298002198246,-0.95044683183096257)
 (-1.9300414371319632,-0.77827697618892089)
 (-0.34942545133457087,-0.37264175202922084)
 (-0.34616365697869711,0.24107905349059322)
 (0.28997415109753516,0.28758213762027612)
 (0.18564365514099232,-0.44319815862497602)
 (-0.68879208438761286,-0.096476501370386269)
 (-1.2782127720952166,-0.68839167243857169)
 (0.59209290171540041,-0.38104115225646046)
 (0.09991079924950208,0.087280866322854755)
 (-0.54357775288259791,-0.79082214840742837)
 (0.084477815858640004,-0.77131279403465847)
 (-0.0557561120343259,-0.62465221910113788)
 (0.05464835127317752,-1.3943052962590847)
 (-0.97594263543547088,0.19762149890546893)
 (-0.33916237228084567,-0.38018467717598514)
 (0.77459330640193091,0.040829261133315725)
 (-0.37219957765389977,0.22566779348697263)
 (0.41325061542503405,-0.48742918139014269)
 (1.4049921203253568,2.0177935531081852)
 (-1.4635465675185668,-0.24657944747423233)
 (-1.2920295043305181,-0.3053143702732834)
 (1.1149334482198159,0.56943123890503367)
 (-0.28319054806618948,-0.83544568726886914)
 (0.33165986334958469,0.58308505563497026)
 (-0.89038984585463787,-0.84004093547673475)
 (-0.52121424549471207,1.0429281783704407)
 (0.49826474220732653,-0.71055461571008938)
 (-0.39610383723591674,0.13343501050441231)
 (0.43830993329989076,-0.83794767558893857)
 (-0.21247631772829867,0.3601117729894221)
 (-0.34669360051967013,1.0211237688902843)
 (1.057202702470903,0.7678605790396551)
 (-1.245823089037662,0.32666449589619534)
 (-0.79510330665870321,-1.1476623072285224)
 (-0.29696083657085215,-1.415232058012825)
 (-1.1904724739602723,0.61161855395315423)
 (-0.21833949769070507,-0.34130421672502687)
 (0.20555187092435298,1.0423904040430578)
 (-1.1726239614653635,-0.41838236482406871)
 (0.14160077534204873,-0.88659861273584495)
 (0.64442367587281435,0.11210063063452153)
 (0.36218516457712069,-1.1208303667488808)
 (-1.3440931648277157,1.1538546317286509)
 (-0.37699750219714134,-0.77557597790805488)
 (-1.4869594818929865,-0.49047102450446961)
 (-1.4094394706946183,0.25733843170473691)
 (-0.22206593761365906,0.71627954745853273)
 (-0.72874242223673114,-0.67578528205468302)
