# Created by Octave 8.4.0, Thu Dec 11 09:47:22 2025 IST <gamana@Samsung>
# name: awgn20
# type: complex matrix
# rows: 2048
# columns: 1
 (-0.39114938296744939,0.94204622864286236)
 (0.92959010772219197,0.34596915455401284)
 (-0.94898408432438042,-0.99216560977593893)
 (-0.89188381982586518,-0.96339113234737961)
 (-0.27670453613354423,0.27951372473078984)
 (0.32504315509903881,0.29677573177953792)
 (-0.26312757250286833,1.0336163261538851)
 (0.3402709409152711,0.24720695676494348)
 (0.46540692120511917,0.36024391713796278)
 (-0.32996783739602376,0.78991837178006807)
 (0.8812690053413117,-0.38789963527313154)
 (-0.29663290197384812,0.98798427945218581)
 (0.30544321154933218,0.25133424504783008)
 (-0.31284824684411416,0.87583088497964701)
 (0.33225683070345857,-1.0806861476691436)
 (0.89864643802247657,-1.0283587852475211)
 (0.2507195716773859,0.44721065177699193)
 (0.95717657051078797,-0.89832150129119182)
 (-0.98432925729401999,0.34424142472919067)
 (1.0286814341257955,0.1598166703297417)
 (0.23133183826666492,0.24678667584562014)
 (0.88821405866853931,1.0048953362247623)
 (0.42911170986890435,-0.2690235042755254)
 (0.94995688851610305,-0.3139478922021614)
 (0.26344297261569055,-1.0311496612121387)
 (-0.43153655431845894,-0.93275002416942188)
 (-0.97486995484486449,0.38240930343079549)
 (0.29776243278339176,-0.43849215755947729)
 (-0.33112241555088306,1.0052499726236932)
 (0.28012378920180586,-0.85908904053253909)
 (-1.0220849655030673,0.34284305944383808)
 (-0.89885111331018763,1.0322292550027454)
 (0.36398899397240003,-0.89536264959038347)
 (0.30213700100756824,0.88580675289087507)
 (-0.32710075379088738,-0.99496516010944391)
 (0.30197902960384843,0.25597354426387114)
 (1.0318408337023284,0.43770758050023212)
 (-0.31379730518318472,-0.41237599073397702)
 (0.3816537906830656,0.37064064016369036)
 (0.91397034669273458,0.91373489174400424)
 (-1.0162780181279711,0.27905556611905841)
 (-0.33009458148860443,-0.49740074710947313)
 (0.42916154072615392,-0.41970510925679239)
 (-0.36842331822304203,-0.29914677942535794)
 (-0.2703985199561123,1.0293719114217965)
 (-0.95572972646186583,0.95487308821284655)
 (0.86470810012819299,0.97564484502854842)
 (-0.90397456172106905,0.79983268327556245)
 (-0.21008128889649752,-0.96899836399637507)
 (0.9122869311666113,-0.30795140540270777)
 (0.22518784991811616,-0.22243612139001023)
 (-0.15446177687458376,0.84158995088133215)
 (-1.0138869405730144,0.99943278905621724)
 (-0.22808074585530913,-0.96636507390732884)
 (-0.90017828339584172,-0.23808250910811266)
 (-0.34768139913072593,-0.4140560277840955)
 (-0.29141228841704453,-1.0059876964818157)
 (-0.8559803079599605,-0.37057153212514304)
 (0.32586841890847995,-0.86342068284741702)
 (-0.93258392655517974,0.946193574772483)
 (0.32034629775981249,-0.99208458230444685)
 (0.86517942778901324,0.18637557493435142)
 (0.91050066324592971,0.9794541865091454)
 (-0.2471340770111955,0.43004828602498479)
 (0.84983140640919808,-0.80257306735437173)
 (0.92169284060292744,0.29000903284373591)
 (-0.8154042814848449,-0.90847853131875222)
 (0.21329644358484195,0.95863527459432607)
 (-0.94801947400232223,-0.45233496944273122)
 (-1.0282018265762682,-0.91853609066748809)
 (0.96700699930260114,-0.91838756047588377)
 (-0.86759041121616731,-1.0026832181770389)
 (-0.91861874975400848,0.88391598121270398)
 (0.94689792560165065,-0.8598774006393437)
 (-0.21799464230538784,-0.2647290743714521)
 (1.0047732497545439,0.8631243103263827)
 (-0.25610196344080582,-0.99652482791844754)
 (-0.95007875997288427,-0.22995105733541138)
 (0.34335762771426992,-1.0109052757187218)
 (0.27914980722844451,-0.87198674725919356)
 (0.98428543559787929,-0.8983924421699867)
 (-1.0249183092557765,-0.27917118160417098)
 (-0.23382705189259678,0.25006430793860929)
 (0.25963708997304519,-0.96264115502981018)
 (-0.19306233087456831,-0.21060809614457038)
 (-0.92744648649903794,-0.28258964694179006)
 (0.91258116084526242,-0.33468519305715899)
 (0.35458634599986794,-0.42708680465997517)
 (-0.84227415746682111,-0.21415632341811461)
 (-0.20997836854634111,-0.2230609073798816)
 (-0.96622220948361603,0.93705707843523489)
 (-0.87356654294742098,0.27720848268355608)
 (-1.0613342374994781,-1.0340372812077492)
 (-0.2858744073183298,-0.31074323025812656)
 (0.93830977368726598,0.31346389816104381)
 (-0.37226600339177141,0.87549203183318713)
 (0.9834948990800173,-0.90102855353939615)
 (0.25156862155870952,-0.28400404407311108)
 (0.25097594960644576,1.0350190360155105)
 (1.0143542231757394,-0.31613258530939248)
 (-0.86645195057422142,-0.35300030296129509)
 (0.36425099064408656,0.90610600552245435)
 (-0.90000458800221206,0.99183789616206208)
 (-0.33825231260662708,0.87602561136277746)
 (0.33134233087986953,0.35582085169566252)
 (0.98678605396362062,-0.30446750328408978)
 (0.36097622741803354,-0.19672189159264875)
 (-0.33551486657532614,1.0189152715755847)
 (0.21210031435103369,-1.017250956450712)
 (0.3187406830461269,0.33966988315684965)
 (-0.27446434693738136,-0.98200111665743561)
 (0.3909743893397728,-1.0287376912813668)
 (-1.0657004168541604,1.019494339223864)
 (0.34527660055706511,-0.32056640453699714)
 (0.41374000825181201,0.23263159202904055)
 (0.94463560153628623,-0.16088881865779553)
 (-0.79699485441678508,0.33423585458640948)
 (-1.1220400152377497,-0.94143436458304885)
 (-0.27889425883580893,0.23661428850810079)
 (1.0088849369058883,-0.34515980696179832)
 (0.32782118147717626,-0.31396709202234163)
 (-0.95302345083009088,0.85692114167540667)
 (-0.20929339798777813,0.45817745337618848)
 (-0.44064283494810907,0.89945939955267806)
 (0.40914761483989187,0.87055227374544786)
 (0.85832117544702236,-0.18987736685277792)
 (0.27874026752659253,-0.8174952513133813)
 (-0.35823015681528175,-0.98322832544190386)
 (-0.2059557444295424,0.43558961382048533)
 (0.44196246307057252,-0.37657233637127191)
 (-0.25379557762949112,-0.97093221333405211)
 (-0.29056542831852822,-0.92887945538052363)
 (0.91760094268228476,-0.37637206158796066)
 (-0.36907644460300876,-0.30708300084685719)
 (0.32452338624992394,-0.22809185935888454)
 (0.39092971994482006,0.89103716126730037)
 (0.1898502863531101,1.0022078543691706)
 (-1.0289154383546379,-0.8171625652191683)
 (-0.96687004561448575,0.95771208290869714)
 (-0.29524919721161874,-0.87373956567906053)
 (0.84647589139250212,-0.26526149126675058)
 (1.0563832206661825,0.30970064803801139)
 (1.0126832656509146,-0.31057518631987302)
 (0.34563572647613711,0.34667485239235557)
 (-0.27113743453945899,0.29358288623977624)
 (-0.83410113849221856,0.42956563543978893)
 (-0.39746554477649221,-1.0149469896006833)
 (0.91475009238342797,-0.44354638052081219)
 (-0.94233935095862942,-0.30617580353637891)
 (0.95005080630092953,-0.34110469489204132)
 (1.0005932998940028,-1.0215660771311414)
 (0.82306976638144014,-0.98422376258336586)
 (-0.35239542146937902,-0.30960910167004357)
 (-0.94739491637365325,0.30093917582946644)
 (-0.98677476124110131,0.38108137413000398)
 (-0.38515532843167766,-0.31105695944614015)
 (-0.98068562011586369,0.30640105625079916)
 (1.0485102344864192,0.91503329875158546)
 (0.2771124694993512,0.36906786469694391)
 (-0.21023786863743552,-0.88885559452359741)
 (-0.38763155659980925,-0.90217732856819588)
 (-0.96959274210271629,-0.27744480562839552)
 (0.4097435120871773,-0.87827461631346737)
 (-0.8553950214995355,0.93871166864029643)
 (0.21030471750443785,-0.2662429053609211)
 (-0.29766997532790163,-0.33095954266941319)
 (0.93398517706042061,0.9092129515943167)
 (0.963633851484894,-1.0557271059826143)
 (-0.25927744063940394,-0.89749311741585724)
 (-0.93303224822430331,1.0167371918182155)
 (0.30777016872576263,-0.78284357730244369)
 (-0.87149355065361123,-0.38573505002763975)
 (0.90821222494037035,-0.92699530437384681)
 (0.88392089393065953,0.83935880787948647)
 (0.19596517618163706,-1.0099133617983334)
 (-0.31217886700564373,0.89183988729443331)
 (0.96338444831444126,-0.91493976272335875)
 (0.90025326956036733,-0.37130130021870178)
 (-1.0363002143385434,0.23661806269397706)
 (0.35756075050191094,-0.99969246442767468)
