# Created by Octave 8.4.0, Thu Dec 11 09:47:22 2025 IST <gamana@Samsung>
# name: rayl
# type: complex matrix
# rows: 2048
# columns: 1
 (-0.018408989298550373,-0.19937089827876187)
 (0.50791113527098486,0.039710848953994737)
 (0.85966154150255192,-1.687384319647824)
 (-0.74615781005009374,-1.4550420275643461)
 (0.6665303450931328,-0.53018240625982527)
 (-0.025134482136930949,0.004843729315268633)
 (-0.4022840046705673,-1.0235133665151457)
 (-0.50090607415724597,-0.51322446043987047)
 (-0.060066128999509923,-0.028299511869854667)
 (-0.1913430180457274,-0.39190309551987101)
 (-0.28336179288980712,-1.5825057868696426)
 (-0.33963168333302018,0.48834480716941764)
 (0.41971926070862703,0.57132121855192153)
 (0.081580533859525017,-0.58865427336829368)
 (0.40435947425540142,-0.78421826396011662)
 (0.41541711624435951,0.033074174595185551)
 (1.2534543043183017,0.28236160228645513)
 (-0.31524278592046456,0.16981279964979812)
 (-1.130448435987085,-0.28836838428634054)
 (-0.31846785609837819,-0.22180933491299099)
 (0.86235128417115126,0.1691554832944121)
 (0.63810290140977544,-0.75112491035224138)
 (0.092989687228233919,0.71316993488463609)
 (0.048329964977442103,0.42241395056495301)
 (-0.20271642194984429,-0.40483931329762446)
 (0.075468254167615087,0.30281764739827677)
 (-0.90809399401045809,-0.89380865585743896)
 (-0.30594037829141385,0.34462049959944724)
 (0.38364384160353826,0.19254093094723215)
 (0.24298567988937908,-0.21467479949329804)
 (-0.21333527900249399,0.33271171606507133)
 (-0.0413487615086396,-0.037633923355513479)
 (0.41721898031019977,-0.28805021599971103)
 (0.28601818326964262,0.22673624602986203)
 (-0.49760124156000657,-1.0575301864252036)
 (-0.70613541843300442,0.46697486410378325)
 (-0.16098119944506362,0.22914795938161187)
 (0.12379450710653539,-0.95049211454926219)
 (-2.07170457618829,-0.89596131208010166)
 (-0.24461599641948251,0.83217759588928908)
 (1.2084659341226671,-0.81578191891077712)
 (0.73226080582795927,0.31863499935054429)
 (0.14136012133388404,0.68151551872127958)
 (-0.50957099908117187,0.26452551865687468)
 (0.4287549411708077,-0.32500179920382333)
 (-1.1181000184014003,0.34292040010348462)
 (-0.48377381900510691,-0.35640724198490215)
 (-0.11987904780204692,-0.52953852724324546)
 (0.41435414030255968,0.57930198608273775)
 (-0.053625076882136732,0.034704219473237444)
 (0.093704306386926228,-1.0624169623890725)
 (0.46547121170995009,-0.7136247532069161)
 (0.38005214296108353,-0.89149102594772822)
 (0.053098948784032193,-0.24830639491430823)
 (0.44025222006434206,0.27613160046868135)
 (0.63721612898725299,0.57003044648531453)
 (0.48864419464933961,-2.325295038981769)
 (0.35777671230676239,-0.84792990283245417)
 (1.9302636123729791,1.6088610199932236)
 (1.4465779301921553,1.6714279367705922)
 (0.41101368675745842,-0.48058970125949579)
 (0.75656445218559809,-0.31787118951490867)
 (-0.49148987772294866,-0.41523583185990531)
 (0.34811685083406735,0.15733464713663411)
 (-1.072161118122372,0.11266219746761946)
 (1.1740989021678085,-0.089081581587848901)
 (-0.72384635101643924,0.49413404287391832)
 (1.5585625157353831,0.16371436455870836)
 (0.038017074962942043,-0.43153023599757645)
 (0.6850972551223965,1.084685703036685)
 (-1.3096347529299073,-0.79182778956261135)
 (0.11927013861157573,-0.080883022308512215)
 (0.70477641314419848,2.001618850747346)
 (0.2829463962209583,0.22285785708036984)
 (-0.81548572660783281,-0.53378118541435471)
 (-0.39866522619607603,-0.68895935623247451)
 (0.19121266522196795,0.17238495345478944)
 (-0.26189138926229943,-1.6926285687768954)
 (1.0070855618086278,-0.22768977532194068)
 (-0.046603449345834824,-0.59032307215157043)
 (1.4423797025727958,-0.51739379475668379)
 (-1.7823263752504523,-0.54303120847919928)
 (-1.6827297223533795,0.00053930071345487107)
 (-0.25618685079469283,0.49912426360400453)
 (-0.1304571612861716,0.731901600494133)
 (-0.11668279571561388,1.1504077932554471)
 (0.30617921344281201,-0.53900690349890579)
 (-0.52561340177991334,-0.41220650951096316)
 (0.82103156851824965,-0.91561405047600231)
 (-0.23978342382318768,-1.1588752924982766)
 (-0.85177472894582384,-0.66717349608294607)
 (-1.4957738992213827,0.62876898886868848)
 (-0.67048890811007722,0.71165022843226022)
 (-0.33324156984582376,-0.3055392271026347)
 (-0.5245284930057843,-0.4802006393144479)
 (0.064130715824785564,0.0065126944109641233)
 (0.18477297894469516,-0.19169330553439717)
 (-1.0194178834060892,-0.76584057776007786)
 (-0.25293272060656979,-0.13959186419981948)
 (0.010081023063049532,1.5365441863419189)
 (0.20332407904308492,0.2412285259247825)
 (-1.4750044127545934,1.0513085761067074)
 (-1.6508209030807479,-0.039969142763041809)
 (0.25125510024126307,-0.11609434010813595)
 (-0.21202736534754471,-0.16270469361889026)
 (0.32699173510188406,-0.23202861765645033)
 (-0.53049124271933989,0.61257515323422662)
 (-0.56780152451559218,-1.9684791663990315)
 (-0.14841810779881942,0.088726322777588643)
 (0.48624681133435943,0.90560163566871599)
 (-0.19819579549519295,0.46719688963152495)
 (-0.4814691733489801,-0.042538152247564437)
 (0.059071850980364327,-0.41240494455876148)
 (-0.17407747091092801,-0.36661558477024486)
 (-0.51718481952944018,0.040045615964415193)
 (0.033177299687056523,0.12039409803513604)
 (0.73875406810108846,0.77753077895167511)
 (-0.36828644649321718,-0.08404986577430143)
 (-0.50890764282109724,0.99161774750230203)
 (-0.19888063839641335,0.23696914509739558)
 (-0.15915715878486567,0.096674968620671958)
 (0.34453814724997006,-0.081547440512234837)
 (0.12332420015323033,0.26953101362934029)
 (0.20623450443584374,-0.98727094196329701)
 (0.57249830146884728,-0.640585225512742)
 (-0.035307338319274822,0.49419802994066009)
 (0.15512636395675805,0.22239003796339099)
 (-0.54774562727617027,-0.06070825559323792)
 (0.0044311343113742074,-0.42895001465900251)
 (-1.4992346226155775,-1.2362200297212074)
 (-1.5818627750859171,1.4354335446421673)
 (0.63163939911878364,0.13740621417576504)
 (0.78736449532630592,0.94061253046889304)
 (0.66901139339346072,0.30029605355574301)
 (0.55236755769181345,-0.28532297217607344)
 (0.39739015364384217,-1.184874614871315)
 (0.11051693771905355,0.44461064696131458)
 (0.086358754284624598,0.030500055931950241)
 (-1.2909092014951575,-1.0767560673273424)
 (-0.27570396067166797,-0.32221816914243329)
 (-0.019494464856463559,-0.0285447240755962)
 (0.17363167762284626,-0.086710510915264438)
 (-0.042653131007271618,-0.1228226577859423)
 (-0.12762810377470635,-1.550799550269623)
 (0.11661235520371786,-0.27200700040137871)
 (1.5686983768986402,-0.69343353370008476)
 (0.92481323650575331,0.19416679516245988)
 (-0.1165394195685289,-0.19017360966116409)
 (0.38091435798954332,0.38764319749299481)
 (-0.03756714721042291,0.24130320206703681)
 (-0.11137996428645378,-0.18921025717792619)
 (-0.098256696561169296,0.086000166323176766)
 (-0.066250271672532085,-0.29331920788135618)
 (0.448235931390016,-0.49073745225790427)
 (0.40561509290014286,-0.49875158583485502)
 (-0.16928437158078657,-0.35330685313776466)
 (0.78724330009190302,-0.026575009142333628)
 (-0.10778716827362678,-0.57564023413892096)
 (0.72066278015031271,-0.15561771946687436)
 (0.49826077660279106,-0.39963388918386705)
 (0.095212185376844949,2.8411342077627411)
 (0.85270357133552077,0.36125613094917275)
 (-0.15287134427669019,-0.23945908657352638)
 (0.61782292074681577,-0.091998347469331609)
 (1.9950976804013898,-1.2196128818890166)
 (0.19874548978072745,0.36315562394672263)
 (0.21511569700191849,-0.63165814042234358)
 (-1.1424919980647341,-1.1558437928040777)
 (-0.33088887287353941,0.032573086312136457)
 (-0.51700354838703266,-0.051281433139124741)
 (-0.44678663910833011,0.077919826860120611)
 (1.3499569420140016,0.45267501842319463)
 (0.08789604205092566,0.085246764406144052)
 (0.94604853980181125,-1.0989721223080566)
 (-0.59564541421806505,0.25183066882700561)
 (0.11073998972071514,-0.21405480644406505)
 (-0.61635665481045476,-0.76495678951531054)
 (-0.9274222177565008,0.42348016342911737)
 (-0.49780205868499994,0.73368121452412549)
