# Created by Octave 8.4.0, Thu Dec 11 09:47:22 2025 IST <gamana@Samsung>
# name: rician
# type: complex matrix
# rows: 2048
# columns: 1
 (-0.18829034535910158,0.58112973185319627)
 (-0.185746562097655,0.45386631037963121)
 (0.16220020596282583,-0.30555338355916567)
 (0.24454390139051754,-0.041035736328848688)
 (0.2548247056920655,0.57055116854300325)
 (-0.1202362891133671,0.35016183236246684)
 (-0.22183050587738351,-0.45049393977109659)
 (0.23385747734476953,-0.33739285524860146)
 (0.33038428788584806,-0.52611782116987471)
 (-1.1137009357363103,-0.32275756533934696)
 (-0.48822534155650255,-0.32625962557338084)
 (-0.34995263470492122,0.3301931563791759)
 (-0.96822916855728458,-0.54736236436550501)
 (0.10297764733882916,-0.73078569327447607)
 (1.1750638808723097,-0.78725473357905196)
 (-0.26689095646390681,-1.0099792357505364)
 (-0.51038202281839773,0.87620906197814219)
 (-0.40952428652233036,0.53874071063328854)
 (-0.069484341829082544,-0.26439821960576076)
 (0.88433811680875485,0.31637790636410534)
 (-1.0084834400876757,0.79033615922016665)
 (0.5140547595406062,-0.89762127311065076)
 (-0.39203410290220531,0.23803453628462942)
 (0.14912218460681698,0.75357597362205464)
 (0.16391514356439824,1.0304447558791119)
 (0.49183270380922767,-1.5482726323998637)
 (-0.42212367875406642,-0.76146119426552616)
 (0.4848342563506991,0.066885590955629889)
 (-2.1056051178327344,0.82784692661412906)
 (0.338817551342253,-0.17133146245985839)
 (-0.43479727300710935,0.86228955416687936)
 (0.49539965241420542,1.3959504547278814)
 (-0.38523824042153232,1.0500887597383115)
 (0.84164300404250159,0.1432091742325739)
 (-0.75452842600038506,0.66749174571421444)
 (0.51965583314389541,-0.19718965963929658)
 (0.25501111298371804,0.47194017420918399)
 (-0.24091890550421124,0.32725717582059632)
 (1.0543723003536243,-1.01617973761539)
 (-0.95804946220942555,-0.88054927896739499)
 (0.17109685326827437,1.2791117559311782)
 (-0.47387155421784888,0.55192577975287371)
 (-0.71169763560987087,0.98165734990018227)
 (-0.052050153831610553,0.013007878388699937)
 (-0.21624807991972039,-1.0848338457206803)
 (0.50429135999683716,-0.38359071934152278)
 (0.68876515490204149,-0.15758122827225635)
 (-0.41350469246413335,0.38150144954986909)
 (0.6353086644774375,0.67638873628793938)
 (0.0010456743807341351,-0.69260054545216287)
 (-0.51571907008806017,0.15560247697174123)
 (-0.31223024121700721,0.44233208359226245)
 (-0.038892715575069459,-0.48448810235877093)
 (0.46058389660534305,0.14176075390869125)
 (0.49955899090555472,-0.17368781902727953)
 (1.2510777897303704,-0.10092981164828502)
 (0.19641000208988296,-0.13114384756157005)
 (-0.83867082418211725,0.037373814612347317)
 (0.39158815560178184,-0.61515659615405438)
 (-0.40279301492875491,0.12324380001299656)
 (-1.1146672069277515,-1.1394044064646895)
 (-0.28895302039496523,0.52106777914254732)
 (0.71329827255785394,0.24367899165027707)
 (-0.28404966253122066,-0.16008475152299734)
 (-0.83647680429370685,-0.17983069316365341)
 (0.31310244213990712,-0.068284323628588925)
 (0.49855510212118359,0.81296480986510045)
 (0.18855574621076809,1.3070632564216302)
 (-0.47515308567750347,-0.73731008259907482)
 (-0.055961066216708377,-1.3215587463272667)
 (0.53937211904549653,-0.72626198189198621)
 (-1.045483397089999,-0.64551395643501741)
 (-1.0000646618335571,-0.53949034158189235)
 (-0.0051408275508415813,0.70616258034440327)
 (-0.50635146934400199,-0.010618558702268549)
 (1.1761243093379834,1.3290608182683812)
 (-0.17039895172874087,-1.3666991385319891)
 (0.57057116126826635,-0.44323434070956125)
 (0.28682743103058039,-0.062184705614189498)
 (0.31455614952839372,0.0647104988926267)
 (0.16998120549353668,1.2532050916452318)
 (-0.86607461689563869,0.90746716713859599)
 (-0.1838388646202132,0.04162035512350265)
 (0.10700331165016097,0.26417871492192968)
 (-1.0810197476440124,-0.41222490950664165)
 (0.38653387212117751,0.27268715504985119)
 (-0.055390100381260104,-0.43183295533234145)
 (-0.54793652162396622,0.086646314074909331)
 (-0.84902064520100906,-0.3138797350628757)
 (0.80688486424432648,0.30966821077611933)
 (-0.80075812829710546,-0.22604725866531172)
 (0.028742010154753625,-0.13098695329858961)
 (-0.31754744151302916,0.84803231389711808)
 (0.014356686022307191,-0.28062664379725399)
 (-0.2237599443862589,0.077959598402305139)
 (0.018563277760755337,0.88465776934458284)
 (0.30007054425238955,-0.27600657096142511)
 (1.0272050029553095,-0.24329289678303376)
 (-0.18064992142571845,0.42750146595522343)
 (-0.44773374419309087,-0.16778162707818253)
 (-1.1792302352010726,-0.86664587279000194)
 (0.51259989060629196,-0.76292215828385135)
 (0.23579466406639002,-0.27962414816555481)
 (0.59234143130901074,0.17416880512849797)
 (-0.9072385803494476,0.86311170320752062)
 (-0.78346412913704666,0.94266924304062827)
 (0.56320776736902634,0.010213936133724122)
 (-0.39140942077770968,0.3637944553334912)
 (0.098241239718691614,-0.46201458776799964)
 (-0.46099072945525882,0.094920938376471808)
 (-0.32830392275164227,0.51477862248955319)
 (-0.60388732520339861,-0.87779726732603713)
 (-0.93911991352767765,0.97963367647441035)
 (-0.54791288011424655,0.45099571349766721)
 (0.31250975638962614,0.22743273142268566)
 (-0.75854126816839496,-0.32199874061469486)
 (0.23518763562506562,-1.6651516337570791)
 (0.2014049922139465,-0.32892408747605184)
 (1.4532223467858736,0.64230058310504257)
 (0.41607240174910404,-0.40850858446310256)
 (-1.1318585908207455,0.32574803441976052)
 (0.92979757084401804,-0.73631998838758572)
 (1.3856287800466338,-1.1457573745037635)
 (-0.30140373886612792,-0.48132994075486846)
 (-0.23954542060432193,0.30557004579933977)
 (0.64424313172788827,0.059323831783523601)
 (0.71118007812013295,0.025745148042557758)
 (0.73867213059917758,0.1323058127947839)
 (-0.39801372590163897,0.14025586431606205)
 (0.22666517923476528,-0.80984972000357425)
 (0.26678105059491275,0.41421254715513323)
 (-0.30365955745385642,-0.50329384537467103)
 (-0.020198607592297524,-0.77158935052377342)
 (0.47529071093658376,0.63720790064663368)
 (1.1573245023165075,-0.17732696223490077)
 (-0.24384908392071547,-0.18755328223398043)
 (-0.18441521770426211,0.4050355155411659)
 (1.2498870105858335,-0.43237175005195505)
 (1.9685720994741005,-0.98297304051013779)
 (0.21687738986188437,0.25648739767621687)
 (-0.28939818917979787,1.369608240675261)
 (-1.0877568355333305,-0.61817538970463248)
 (0.19369588063596738,-0.044074072061602514)
 (-1.3727382629478733,1.3659169283397783)
 (-1.0803686669960286,-1.5882736153866195)
 (-0.76512772091547121,-1.3892757615398053)
 (0.84905973171790938,-0.50202513205973909)
 (0.48022621626951428,0.28167575937703887)
 (0.53561965105881948,-0.46968502850279942)
 (-0.20881533645719202,-1.2921377213685958)
 (-0.036214652100367312,0.47677034527065643)
 (0.173552266157178,0.29009438868293563)
 (-0.3319455350721392,0.09429741832669708)
 (-0.76152061399136839,0.90632739223732206)
 (-1.2419722565226756,0.65555395254728466)
 (-1.3342294675275268,-1.3127621041225617)
 (-1.0732617963738866,-1.2246672949350452)
 (0.13323007129944536,-0.39172823125523309)
 (-0.15673011286588145,0.79888470833941083)
 (1.1651277807347551,1.231655515612236)
 (-1.0147773220542871,-0.094567175556522942)
 (0.030101302193201507,-1.2536964980405847)
 (-0.34772244931100099,-0.44265350790010727)
 (-1.002029976709597,-0.54338211118828661)
 (-0.048219814913661091,-0.72623110441144811)
 (-1.339378324353212,-0.27583810300533063)
 (1.0337865165744404,0.2418012851806553)
 (-0.21080899396067693,-0.63979122609341621)
 (0.19029590348058417,-0.74401560021206758)
 (0.44445453468607521,-0.57247537761484713)
 (-1.2552694623116289,1.1217185318615412)
 (-0.37754956281953156,-0.21786892507676181)
 (-0.46374919240904805,-0.54285599094723302)
 (-0.64046391743532016,-0.78929252354386703)
 (-1.5781959007306048,0.037988541698127043)
 (0.91431051660789087,-0.52107225564038928)
 (-0.65285520399600483,0.62986242509963897)
 (-0.10565306577722525,-0.40726415448458997)
 (-0.044615245979185814,1.1416544264217465)
