# Created by Octave 8.4.0, Thu Dec 11 09:47:22 2025 IST <gamana@Samsung>
# name: rayl
# type: complex matrix
# rows: 2048
# columns: 1
 (-0.43671438270526941,1.386001305969895)
 (-0.70559081539430291,0.031785598454515118)
 (-0.39586878091724592,0.38817323244439322)
 (-1.3999338735944664,1.0987611863372799)
 (0.11023280887483096,0.25982259761944154)
 (1.9045767238449267,0.016536572522009796)
 (0.17550743928988516,-0.4344795473604422)
 (-0.41282813683714753,0.24297303628244199)
 (0.43646385313596331,-0.0036888428712293087)
 (-0.29600931857049062,-1.3855253382050365)
 (1.1343079544115691,1.7251735347563737)
 (-0.61033301701508547,0.2839554182410452)
 (0.85365532300915348,-0.33791438861466083)
 (0.85777455753893106,-0.38316606195768371)
 (0.24486554815972988,0.59220615233697027)
 (-0.68393063483307437,0.7551851542140039)
 (-0.28015616517420894,-0.046957771723656852)
 (-0.1792700498565413,0.4889875896131598)
 (0.91442766673605425,0.039235974532373596)
 (-0.57538138942293893,0.79112327108576974)
 (0.33364675720930609,0.31368083828366128)
 (-0.32245359428770531,0.0034880434741775962)
 (-0.65760131329433236,0.61397366638875439)
 (0.25861238853792434,0.092083063485993766)
 (0.065796650379853078,-0.6801716039243233)
 (1.8854159705943778,-0.13979452820314686)
 (-0.26178244345345736,-1.2597551750632343)
 (-1.2604049103249262,-0.029439464367857271)
 (-0.66710426653262433,-0.030719123323966313)
 (0.56102455766988446,0.86828936253079514)
 (0.27120220054307898,-0.42113947293362786)
 (0.26060672706672933,0.011124325111667707)
 (0.16968759334394845,0.35459163961464224)
 (0.54998564922386461,1.0160870515867433)
 (-0.74519983427648129,-0.75347530068967139)
 (-1.5185075758433053,1.021112997333969)
 (1.2248404894946305,-0.1408499915075469)
 (-0.62584744257891289,-0.6910665979915751)
 (-0.76757699101670862,-1.7216337009071641)
 (-0.33339286660426731,0.28890169960680873)
 (-1.2398868810390824,0.85352871106103256)
 (1.1327636203522109,-0.31488624180459213)
 (0.11111693827423601,-0.21755865230185845)
 (-0.46587548340086493,0.086302463187849371)
 (-0.79172440937958477,-0.28385911838388411)
 (0.66139925008105549,0.49067943895966426)
 (0.3553658904481749,-0.083551476828050447)
 (-0.62975877740470532,-0.12197328304625726)
 (0.21741524588205008,0.15779079380651206)
 (-1.4874624741283156,-0.52316236285980633)
 (-0.12367337574421897,0.023241591620979656)
 (-0.12649057434459751,0.16165328771236223)
 (1.1069678185420699,-0.20841941562613897)
 (0.82938335112716199,1.0507792070399939)
 (-0.29978481757586045,-0.057119697388209295)
 (-0.36088748687883282,-0.97987037535826282)
 (-0.61884356781085448,-0.02723379814138005)
 (-0.39458904003381828,-0.0083469508575086948)
 (-0.2250469257265485,-0.19011243791961635)
 (-0.13980117537378173,-0.099301845732479715)
 (0.8488268643700444,-0.45248182776925849)
 (-0.063273222026211356,0.050987373231037594)
 (0.27345769816061449,0.36704494502064733)
 (-0.040699677281585647,-0.092103377126069516)
 (0.33575393686142962,-0.2294619263569565)
 (1.1437057137558102,-0.40090179211477472)
 (0.18991028568342344,0.15943856907189144)
 (0.49240370886043444,-1.1285827651559095)
 (-0.5380967819711584,-0.27955209809930515)
 (-0.0063135793887302838,0.94604321666330371)
 (0.82748263085656415,-0.036150548221228207)
 (0.50213289740107814,-0.78491876245045455)
 (0.043068776691620458,-0.37564114069603144)
 (-0.68517746694058757,0.92089079909083105)
 (-1.3740800319360471,0.67021933787725307)
 (-0.15689852249926034,-1.5103265988452708)
 (0.78362380798400333,-0.51968262633581497)
 (-0.95736382284523813,0.30814956239277297)
 (-0.14179507893418164,0.063191849398818695)
 (-0.25534514443738388,0.18640944906192336)
 (-0.97436030335684154,0.16905685514303381)
 (-0.076322535127236912,-0.050297877316108158)
 (0.095389290659129294,-0.21535327858565287)
 (-0.050434827880848215,0.052210648138131685)
 (-0.084507596885232725,-0.25341167195315101)
 (-0.0021005622226357434,-0.29292736301402378)
 (-0.47219621727394168,1.8339994343153094)
 (-0.024773585218795441,-0.032430173218292155)
 (1.1081918227327929,-0.1309938139526044)
 (0.047436902931094968,0.091044592975434727)
 (0.16754605787492641,-0.70656199061418079)
 (0.060160237516919735,-0.10635331007376994)
 (0.36388639318941368,-0.078575510566913309)
 (-0.12785145857205765,0.94736519739690173)
 (-0.47611813918185658,-0.074026620580321112)
 (-1.0497826905581176,-0.83226375404740971)
 (-0.24142129344859428,-0.61277897008427118)
 (-1.1205510156859553,0.1813090085415679)
 (0.1579925855139428,1.4893118119417204)
 (1.5238485660875003,0.083478890689354546)
 (0.38352962580208072,0.13324676644622338)
 (-0.21727165908180407,1.6565359151420855)
 (0.51568265556231829,-0.24536296831915586)
 (-0.45986373619489573,-0.18138941628129437)
 (0.62215300504590942,-0.55475462405411591)
 (-0.070729388566617687,0.31017411334664796)
 (-0.11223080300012533,-0.92493592836493677)
 (0.054223895767145924,1.6865923286274076)
 (-0.54135210866654804,-1.9499296945616833)
 (0.63173314266559499,-0.20191460504132011)
 (-0.19496225345923901,-0.42188392357617355)
 (1.2257915822877001,-0.84766198284782224)
 (-1.4060768945649824,0.58362043089359106)
 (0.49082899434718591,0.18616021554748047)
 (-0.15074566193403174,-0.051511013032816501)
 (-0.29856703075631291,0.039027030629416537)
 (2.0113465341390708,-1.2158451881605445)
 (-0.034915087616810551,-0.10850698210736878)
 (1.5432193921791999,-0.58993870306879614)
 (1.1003225930869398,0.41496863331943429)
 (0.13373022389600558,-0.093360963594233196)
 (-0.11185731523495397,-0.10242547268611145)
 (-0.2185187147940873,-1.0409240213562136)
 (-1.4220234459708472,0.86908460556345046)
 (0.84041417471664626,0.031651563500547153)
 (1.1376528813041336,-0.66361490992941707)
 (-0.54951389570622444,0.44830916480911132)
 (0.4916997520016515,0.60766707256971686)
 (0.66161346399448318,0.18950461034185398)
 (0.48829348839657044,-0.4042793317852863)
 (-1.2035594366460267,-0.88076203410555443)
 (0.1152319068024608,0.20400518393052475)
 (-0.75040149783867505,2.6211281714876229)
 (0.39476887121831838,0.067136150596056182)
 (-0.14252323178083318,0.22883040244738306)
 (0.28662591677042859,-0.29915507939615521)
 (0.78946090136628355,-0.11182700717815736)
 (-0.38704433809365812,-0.1643990421430398)
 (1.4363601036116824,-0.4010910645885013)
 (-0.026133028240406586,0.82997559308200053)
 (0.28472461224888318,0.74816642520024579)
 (0.82232364884879672,0.91650785610415919)
 (-0.011109782107992849,-0.4671095901720807)
 (-0.17840600366195208,-1.136333154092354)
 (-1.058435024988571,-1.180648907025009)
 (0.28170857160995344,0.1573306840962283)
 (-0.68718773982957848,-1.0713237511634006)
 (-0.33915975400848258,-0.13774123480831271)
 (-0.40871418076805255,0.43730239153647632)
 (1.0337393210315229,-0.15492944124083652)
 (0.99679638396989589,-0.17793923555527469)
 (0.058807556953059628,-0.090644727727040283)
 (0.78670688589467286,-0.58485683775023989)
 (-1.2213335775608296,1.5224193993805966)
 (0.043938198186986577,0.35451389188273857)
 (0.35239405876823193,1.7726649698802954)
 (0.00098972552696702243,0.92053144985436919)
 (0.58291621896471801,-0.31017072168115312)
 (-0.53580844096532176,1.0540390825831596)
 (-0.35655057901055581,-0.17367065388444353)
 (1.1225613487422674,-0.59533164304733122)
 (-0.46325601544908224,-0.95909366851366828)
 (1.3145635721091835,-0.61098047274880263)
 (0.09994763746958979,-1.4497590726900613)
 (0.26155318378842796,0.093858568515681209)
 (0.062552879876746958,-0.012829211540108444)
 (0.32462785989310045,0.0072619463324262862)
 (-0.10488336290939808,-0.092822448502626595)
 (1.5604815108744665,0.23583757500871322)
 (-0.18394444855552899,0.13667636091385982)
 (0.058139646839106301,0.45419383902110444)
 (0.17587270859384346,-0.36099211358005334)
 (0.14079502985458564,1.0129693058630043)
 (0.1369471358574402,0.51443357459210748)
 (-0.1857825371134714,0.63048303654226612)
 (0.052164266645735577,0.35031942510390923)
 (-0.25350944249556107,-0.53382527319081563)
 (-0.45751811966420447,0.027816636605151102)
 (-0.44269335611853106,-0.14369284739671737)
