# Created by Octave 8.4.0, Thu Dec 11 09:47:22 2025 IST <gamana@Samsung>
# name: awgn20
# type: complex matrix
# rows: 2048
# columns: 1
 (-0.33282941882974898,-0.42685746271780889)
 (-0.9506645189570796,-0.35869879652916448)
 (-0.91246029696620767,0.39686821081557011)
 (-0.2962712075709053,1.0118497966452578)
 (-0.19708465706323613,-0.75036280461798111)
 (0.92181276922038569,-1.0224212260962673)
 (1.0903035966210957,-0.8532460013124008)
 (-0.96597958030466935,0.2990880012559376)
 (-0.3925789370455896,-0.29255242920565838)
 (-1.0050593280887961,-0.94857337092983796)
 (0.30700044455422953,-0.96827041583828088)
 (-0.37215058394340328,-0.32176693740092788)
 (0.88382500975204958,-0.93842638331470685)
 (-0.96406637896995195,-0.98432822797743103)
 (0.2234397199466055,-0.97358869716798424)
 (-0.39565915071686314,-0.34787572921735987)
 (0.80816912507691896,0.38120323623776631)
 (0.20317593105549131,0.42654578437036605)
 (0.94033926144647029,0.29439402929378722)
 (-0.32595237503559288,1.0018177857282216)
 (0.94556331725764708,-0.38056666078162188)
 (0.27338825640176556,0.89636589506513065)
 (-0.90820600228648896,0.99653788281451172)
 (-0.92859230215234823,0.92557110254258046)
 (0.94444271356960008,1.000473307125759)
 (-0.94527990409343732,-0.99303973669434054)
 (0.92577832977113861,-0.16503774914110159)
 (-1.0848910466411654,-0.17627028124877619)
 (-1.0419064274732315,-0.89705788881950421)
 (1.0128465237254778,1.0417759357607108)
 (0.99342933087470264,-0.980333550842164)
 (-0.81301784362510832,-0.85738315504104701)
 (0.95206019337157866,-0.35854089557044233)
 (0.35696833703088204,-0.23019500340500604)
 (-0.28786123718976647,-0.40248707980402798)
 (-0.96957673751204587,-0.91625229495665605)
 (-0.27035786426798353,0.36302632501945975)
 (-1.0075857970514819,0.39091144573845515)
 (0.22852314117639155,-0.25197371678739144)
 (-0.98119150499008623,-0.2666052594489281)
 (-0.28986873937404661,-0.33951982638071226)
 (0.4295303385894243,1.0141853370148235)
 (0.30960121207288971,-0.98498673055712949)
 (-0.9332262010202883,-0.87728593117170239)
 (0.3041307943588476,0.91975296058831979)
 (0.98338785521942607,-0.9718164889707035)
 (-0.90609114877153485,0.94004224939892012)
 (-0.25090072539111219,-0.39353924538996243)
 (0.24127033449169644,0.32445136993574614)
 (0.91354575799560322,-0.40434647050398664)
 (0.34677682873520455,-0.28982598384000302)
 (-0.43519825189706707,0.33735254421448785)
 (0.30709321379070115,-0.36794089692721677)
 (0.87467630006933939,0.26193498335544946)
 (-0.95599469776206325,0.27783232828611348)
 (0.17431359410657843,-0.43459018382669345)
 (0.86471578617716671,-0.39244331463293963)
 (-1.0140758714900238,-0.30284937785902949)
 (-0.38759201882254957,0.89447046428892185)
 (0.94824727808912135,-0.26328232733374446)
 (-0.84324812527686088,0.32300243495291908)
 (-0.40784586417691887,0.98850474480657824)
 (-0.93627492773537913,1.0689739923717323)
 (-0.92155032881056043,0.37788152495828958)
 (-0.22484530779445516,0.91405796725301736)
 (-0.38076342731036678,0.31893868835285666)
 (-0.22223934008720614,0.97477013678146895)
 (-0.26734623763232584,-0.97584340785519053)
 (0.9132378466223906,-0.96300420372811146)
 (-0.37437929013613702,0.94991004322536976)
 (-0.28816717086793558,-0.34447612446801756)
 (-1.0400025871073113,-0.91118804871582126)
 (0.39638364319203745,0.97834815589674362)
 (-0.26770219225493247,-0.94408175457213006)
 (-0.98235273052393934,-1.0962263874665383)
 (-0.99223477690905193,0.29179309249033775)
 (0.30300289094867605,0.25681391715392704)
 (0.99245664190214455,-0.27627782161293635)
 (-0.39488878801057187,-0.95909898663871662)
 (-1.0459141800410088,0.98919762420958024)
 (0.20402033487021454,0.75028818219544613)
 (0.85982163020567048,0.90924046143374726)
 (-0.40350561743171398,0.35023076695902389)
 (-0.30650995406813419,-0.90515510435864333)
 (-0.31563272895262706,-0.16589977247182364)
 (-0.84978587668229999,-0.30020890856564214)
 (0.3038531815903639,0.51667606547086309)
 (-0.32311834708357429,-0.32981730165294898)
 (-0.33021713910086031,-0.37136011271971464)
 (0.25740680536187022,-0.31588928769023084)
 (-0.83345702027309898,0.9410768390356683)
 (0.30415440741511063,-1.0324112023249201)
 (0.30314867651107774,-1.02250446849197)
 (-0.71080007587602023,-1.0634917756214421)
 (-0.34551095646948499,0.9785396591763138)
 (-0.78627627501281383,-0.42936113872991261)
 (-0.3609642047142046,-0.92215945708911551)
 (-0.96672678548556945,0.38327672933049484)
 (0.38286424425762,0.86413076532951794)
 (0.45575975165567834,-0.23598759715835982)
 (-1.0470977460225637,-1.0055123819375411)
 (-0.23384831322514432,-0.99973434940945083)
 (-0.3831368673958167,0.30901484081231329)
 (0.91448326028560945,0.35021682956219613)
 (-0.3375233654087812,-0.25325841023989848)
 (0.97835529741415683,0.93901522690451567)
 (0.30515016243596826,0.32633901329424259)
 (0.35112690215430264,-1.1369805752244835)
 (-0.35806222904809787,0.96345663133194415)
 (-0.34724480090186854,-1.0270348623767314)
 (0.87875626111876204,-0.34678775039673587)
 (-0.88799298090220558,0.24326763840798901)
 (0.32976913719278633,-0.32078753582510749)
 (-0.26416005457469216,-0.4453997840297218)
 (-0.98946018506598155,0.39256354991336173)
 (-0.97252784810642956,0.86347784005560624)
 (-1.0149591731694407,-0.8343398682711376)
 (-1.0272806191841504,-0.36989852870034284)
 (-0.91796786120722917,0.89388988114349299)
 (0.42770465583684558,-0.23312851962529366)
 (1.0074197670681821,-0.37764975950591329)
 (-0.94694045602354837,-0.38136215713070043)
 (-1.0044393241464202,0.32527836277493288)
 (1.001638635786265,0.33085677865501539)
 (-0.9767077231290755,0.2920479360701777)
 (0.15451467079554085,-0.22206997148974275)
 (-0.32497299554160902,-0.22235705438995845)
 (-0.34147129932413256,0.93970457999961876)
 (0.93086305294252825,-0.22574690352914753)
 (0.91053447602353177,0.23762349094828478)
 (-1.0691331143438771,-0.28657994439941975)
 (-0.80750120783101231,0.35660068695600189)
 (0.86000846012905718,-0.2454513368772081)
 (0.87114206458677157,0.27087181339135985)
 (-0.89543947635077648,1.072684349869699)
 (-0.25833971130642674,-0.24937761336286712)
 (-0.90852602251759484,0.85065294115982681)
 (0.97522641463064197,0.4122706378523906)
 (0.96979351689251769,-0.38090688235592091)
 (-0.3459374097763403,0.30897834497839766)
 (0.87845777229981703,0.19588954448147397)
 (0.29638947672570382,0.39636749754686762)
 (0.87480128364291954,-0.96020271901669907)
 (0.26984355828315371,-0.98188865621543731)
 (-0.28109435672414523,-0.37228136064966777)
 (-0.30085377556214493,0.91153602251549004)
 (0.3414122110439759,-0.42096392888650108)
 (0.24124784479303113,-0.28923817627653864)
 (-0.30639447757302746,0.9202802337942787)
 (0.33064528669881327,-0.26175229447503462)
 (-0.34925488613991046,-0.31030399861498692)
 (0.96752191900642193,1.0210535630976394)
 (-0.29418116764293695,0.39439026441824959)
 (-1.0502361569033756,-0.48448714863493259)
 (-1.0157004411234585,-0.1436247200866162)
 (0.89455554836421625,0.34526131623931094)
 (-1.0195255754486541,-0.37673984479856737)
 (-0.96902340226566819,0.26822109706063524)
 (0.98247449793165686,0.31628549441238918)
 (-0.403130840018595,-0.25446811611932474)
 (0.34831049757326926,-0.36512492754954057)
 (-0.31739926152701986,1.0095166561127167)
 (-0.97955708860056123,-0.84769685528513039)
 (-0.90601916672054228,-1.1083298582095171)
 (-0.26371763215830402,-0.80162028084898218)
 (0.25214709623548004,-0.89633868701502095)
 (-0.34087720196331261,-0.92073170017529449)
 (1.0722267945562887,-0.29146305640572862)
 (1.0142229743524973,-0.98162908605078369)
 (-0.33091197522106575,0.39158163143987329)
 (-0.34839462485195849,-0.34269845702797641)
 (-0.42448480109987441,-0.2509757600105989)
 (1.0062239285039722,0.91069429759858012)
 (-0.24860719462686975,0.99793062677730748)
 (0.9897296018681957,-0.94777417943489839)
 (-0.8692572174338582,-0.98912880804386061)
 (-0.95148515437376213,-0.29127829397445248)
 (0.45763344244746285,0.24816005247665512)
 (-0.93113299520387138,-0.90168709276366565)
