# Created by Octave 8.4.0, Thu Dec 11 09:47:22 2025 IST <gamana@Samsung>
# name: rician
# type: complex matrix
# rows: 2048
# columns: 1
 (0.028604949790560143,-0.13948908637131135)
 (-0.84290110610904179,-0.80797189226886801)
 (0.32678476198340234,0.072225843443911947)
 (-1.0830742146978252,0.1617543903056925)
 (-0.12725982956126122,0.53472370018797666)
 (0.27182859316481534,0.42108538493760861)
 (-0.41306648366582249,0.24171193998426593)
 (-0.49939887368043123,0.24405631537295924)
 (0.12584346393484042,0.14401751069537161)
 (-0.81772266854305087,1.0352778839781183)
 (-0.1154047266408353,0.17218044795762205)
 (-0.33356887632933985,1.5819820924257555)
 (-0.47490846500638351,1.0023588956513554)
 (-0.20975462442389997,-0.48396196366258609)
 (-1.0151978390597227,-0.65152497416056843)
 (-1.1234108990095677,0.2120800838496644)
 (-0.78392809773483907,0.89220109293645544)
 (-0.40484050042193148,-1.5825055557059295)
 (-0.42873945799069169,-0.095451264209725828)
 (-1.0421090507957436,0.62265620472979211)
 (1.1068015769904669,0.62709582534398434)
 (-0.16140881434892781,0.25309468090590687)
 (0.57419654233343864,-0.36009600201036474)
 (-0.74195671615320791,0.3020337262042625)
 (0.87889509688307377,0.060457400994827881)
 (-0.21324896155585338,0.42371518587523138)
 (0.72238204224107938,0.65476608073340636)
 (-1.0932550968281081,1.1660973747379761)
 (-0.65591298807323795,1.2754301140519739)
 (-0.67563221918522465,0.080399110180538663)
 (0.53826675998893503,-0.78853374416305577)
 (0.20199555325810167,-0.30144051365636915)
 (0.055669452827432575,-1.3319676903669921)
 (-0.057412591977791139,-0.65546181114698177)
 (0.34625474529151334,0.16354875072245312)
 (0.21928610718665129,-1.1980730741233905)
 (-0.03454849414860417,-0.95382985302813927)
 (0.57624872892158474,0.20386657439199557)
 (-1.4310947258915772,0.44474654575138889)
 (-0.87952438177017511,-0.32121536206428492)
 (-1.160386158007928,1.1613199762990858)
 (-0.95900613817064762,1.4897489750175248)
 (0.18863634299163359,-0.48525399527041757)
 (-0.73581412121104917,1.12028049371543)
 (0.29175177604106728,-0.20758289300651381)
 (-0.67873946233946425,0.88106150675533801)
 (0.71812295410244265,-0.72208135223351755)
 (0.11556852806224424,-0.03775414366279501)
 (0.28515599741415837,-0.029428489376046064)
 (0.71176565374843936,1.0844466898242793)
 (-1.5177829372148066,-1.157225120799477)
 (1.2406061819506562,0.042080244252625354)
 (-1.7078708304697896,0.84329556972334219)
 (0.895583955877439,0.0031970888698892308)
 (-0.35496500874228065,-0.96708415456612506)
 (-0.19377678691446082,-0.36694060391169131)
 (0.12734763663095972,-0.30921317029869344)
 (0.070226076105795121,0.41067750226736388)
 (-2.1249771647725422,1.093914129927767)
 (0.49318553295486467,-0.68540987226479455)
 (-0.54260673965004824,-0.46200964114824161)
 (1.1464572728741982,0.65813058327403218)
 (-0.28483552345687096,1.1755042925668076)
 (1.0974123866347514,-0.80649107437338519)
 (0.63339778324967866,0.2556684507334312)
 (0.50622026076438897,-1.1614325394896552)
 (-0.37975122237704806,-0.88053208711956354)
 (1.0544876524455489,1.0015281843309121)
 (-0.12772817255006394,-0.56150922253168811)
 (-0.2724955555025495,-0.98152747794500694)
 (-0.22722084011662122,0.45515182773831453)
 (-0.87548663223822409,-0.14152087982058523)
 (-0.14344156536871244,-0.91674205564791877)
 (-0.54285649877793263,-0.22219287094914228)
 (-0.66800198332553895,0.42287669191187194)
 (0.39064512127641204,-0.43729542345949568)
 (-0.50564207384874316,-0.25516505603672601)
 (0.61925960311030059,0.82955247239673757)
 (-0.91493004261726507,-0.2721930650845672)
 (-1.1931250109315128,0.59876602723662575)
 (-1.3285131834878565,1.4965017511974232)
 (-0.23294262003431815,-1.0447969970234288)
 (0.49745031215913194,-0.19898860641340133)
 (-0.84984179188580466,0.53093266445573206)
 (-0.36372041354469059,-0.11265774388326655)
 (0.11727534669344022,0.20574780774654597)
 (0.52240870424861141,0.35425006816555493)
 (1.6111792975990451,0.65883694785790048)
 (-0.69087401573446527,-0.61928624766428442)
 (0.00097790617802123725,0.28164627707641393)
 (-0.23798918477003153,-0.64572805951254542)
 (-0.97568312950530622,0.21431147422121855)
 (1.4560996781375295,0.41812372506327433)
 (0.63217852532762009,0.45596976423864544)
 (0.79429320555746397,-0.52215361338488031)
 (-0.26589509472193218,-0.42046239619063686)
 (-0.75125690071753859,-0.12672603514282565)
 (0.74611607247651601,0.47540430105699388)
 (-0.6647292720107012,0.43538924308070714)
 (-0.93536801541583992,-0.94971073610352019)
 (0.14191284683213753,0.15007664674185814)
 (-0.13792711750616851,1.1797791440417036)
 (0.15390729054341595,-0.72361716757216721)
 (0.25360358305392489,0.1931385676660155)
 (0.11200438594924392,-0.55964266530722617)
 (0.21465555279197823,0.26059460533479972)
 (0.22562505584047174,0.31977542364342265)
 (0.32268820892789962,0.23373094873211567)
 (-0.2724991246303714,-1.187351693666665)
 (-0.10703558132174489,-0.028139208459651441)
 (-0.48626258925513599,0.27552774809366187)
 (-0.38535873171165097,0.23115996024257141)
 (-0.011063662434495719,-0.45636617997904327)
 (0.098366965749208737,-0.22408785649038693)
 (-1.6094300818953946,0.97352278036582662)
 (0.7960097544088155,0.7652568647857908)
 (1.2973500047255269,0.63084499043748754)
 (0.36361944265331914,0.39185533881570356)
 (-0.12930309719872518,-0.33529592857755525)
 (0.97317423285828142,0.7820737826766172)
 (-0.23834744591246365,-0.31213509060760375)
 (0.1074775302054591,-0.57044364532406011)
 (1.4709831156748139,-0.68754809352452084)
 (-0.42824952545214762,0.23171391678219783)
 (0.0095054116510332465,0.84328858431952569)
 (0.82290407833267576,-0.18629717780318034)
 (-1.6641717605164796,-0.57633699640230329)
 (-0.14524746221408052,0.40796032568904761)
 (-0.15961904299037355,1.9431081048375609)
 (-0.72598270514223417,0.35385251110560778)
 (-0.20843229007892744,-0.20759276133712706)
 (-0.32186814270236547,-0.36569248972815743)
 (1.0692190226599736,-1.3525661097030837)
 (0.95589770812358577,0.22351040213328671)
 (0.16226973258609589,0.42093288362417502)
 (-0.11186007849668234,-1.1949066400642663)
 (0.050843713768096044,0.34586934114134504)
 (0.33115901677682963,-0.3741840047068265)
 (0.035407943703223005,0.51189805500744978)
 (0.56189265680290823,1.6937910333606649)
 (0.58124510079368186,1.666599929606094)
 (0.70684749148454618,0.35849332942590806)
 (0.08009828753781173,0.04407406210656184)
 (-1.8933879564348923,-1.1405946852293667)
 (-1.3212290173815777,-0.61464082768210671)
 (-0.50648874199287142,-0.30102643790565442)
 (-0.012982539106889818,0.71073432049876084)
 (0.12004981991101817,-0.16598926742822565)
 (0.015142463907282994,0.37511163150927918)
 (0.28246457097157052,0.18105581040684757)
 (-1.3009056029286794,0.7617244662800351)
 (-0.51775547526859989,0.21981359038502812)
 (-1.3414136163493358,0.10862823043200709)
 (0.29439084315999237,0.7708277485850501)
 (0.33814078251659752,-0.20964681987256117)
 (0.17488997422167163,1.0796665952398294)
 (1.2291571050626655,0.93075597192610193)
 (0.36206351176856189,-0.17560533022942623)
 (-0.74233032287987011,-0.87690498868521871)
 (-0.56419666443084726,0.24680055986075891)
 (-0.41802902555716615,0.17996275979487031)
 (-0.11984842131261739,0.1777004412671431)
 (-1.1042393254648459,0.93246721564016888)
 (-0.44877770623946095,0.22504302147320515)
 (-0.39314556427073338,-0.84021493305947104)
 (-0.41659077772193409,-0.4966978154894543)
 (0.31203257304109566,0.65392958036317661)
 (1.0973530006018337,-0.24161310715336481)
 (-0.30394245128739528,1.2873880778400857)
 (-0.23906707154442058,0.042769027041455521)
 (-0.51390053467781904,-0.043076242247778507)
 (-0.065008487633571366,-0.75755486802563965)
 (-0.22698184304957647,0.29994955068173967)
 (-0.20499296411405799,0.17210010669943199)
 (-0.35401504856884602,-0.43080365200132004)
 (0.3793413431816865,-0.029686150216867255)
 (-0.38309555321091449,0.047938014500421761)
 (0.77295932250902544,0.17565343504335701)
 (0.059600860827677821,0.86246588955774717)
 (-1.3105400973016108,-1.1051710796076004)
