# Created by Octave 8.4.0, Thu Dec 11 09:47:22 2025 IST <gamana@Samsung>
# name: rician
# type: complex matrix
# rows: 2048
# columns: 1
 (-0.46109220098056924,0.86381159217734615)
 (0.45888241296994664,0.37438611727171317)
 (0.88262591933541701,-1.2616681391202211)
 (-0.22513108055178793,-0.12059733041224162)
 (0.25342017938819794,0.46462673131713217)
 (-0.58766672548635601,0.70965293061305146)
 (-0.11986264482863224,-0.026590115099969801)
 (0.38846461726926745,0.21917831651189873)
 (-0.030099464408177623,1.2379411860865428)
 (-0.47223227352807046,0.3452004966243773)
 (0.84402931645462786,-0.0039470086344554622)
 (0.15556728890623442,-1.0933443020175193)
 (-0.30978673570063953,0.68104611394613945)
 (-0.33356034693008996,-0.027278170554826925)
 (1.2221991903067031,0.81258353884352763)
 (0.32530476432238026,-0.4944739359172392)
 (0.15033203668164496,-0.20016738980377846)
 (1.3583628260744174,0.52167324297074158)
 (0.84147463384466581,0.59705521081995305)
 (0.52413612756751493,-0.030589531508609547)
 (-0.27554450310780071,0.47309315619907361)
 (-0.24384084986900786,-0.25185437140308076)
 (-0.56348963982152112,0.66958419393521418)
 (0.84095023209768494,-0.10379935111147437)
 (-1.1171281451790473,0.66112948847623865)
 (-0.0089418546978530244,0.52139552399443156)
 (-0.53278483057051629,-1.3074890134093355)
 (0.053553685997048128,-0.98523779876135498)
 (0.31120546967782836,0.27060762535698152)
 (-0.71413527737982785,-0.38861555388784391)
 (-0.41685417074510678,0.2227802231766805)
 (-0.28471367139792469,0.32209212128096898)
 (0.24054078158466474,-0.68588902623300008)
 (-1.0431634228417228,0.93843133885107211)
 (1.0639374995685016,0.89761575742284305)
 (-0.13580742369240345,1.1156437143342639)
 (1.3880502568505371,0.90300559875315622)
 (0.78989750772288014,0.34382941841816084)
 (-0.34093721582683384,-0.41178026442394072)
 (0.044690495683035403,0.56962691201979465)
 (0.26575440762437852,-0.46500093824437372)
 (1.240165348320051,0.37191375124999287)
 (-1.1674274428912692,-0.18214241346487486)
 (0.73437403535637691,-0.65956658114992894)
 (-0.52322845500543114,0.25747582509988104)
 (-0.10354107283779727,-0.31790435904409725)
 (-0.081684817809109578,-0.45958847010612208)
 (-0.5635090451988739,0.13406443430580722)
 (-0.34360493064995634,0.51078212883012553)
 (1.3204779631907009,0.20475335770698094)
 (-0.56230650173274288,-0.32202630966149604)
 (-0.21839036684226878,0.25675053187061886)
 (-0.23371179227441691,0.41337193956836865)
 (-0.11219073043431327,-1.1678735596542864)
 (-0.20417068082589848,-0.6027872218788245)
 (0.058085353378162785,-0.59337160357358998)
 (-0.037439569316688431,-0.44259310064557078)
 (0.84056807456914329,-1.1567961928346768)
 (0.79999204980496019,0.26616470969462963)
 (-0.024400039961077008,-0.17699158827005199)
 (-0.99904826225546517,-0.76164614454595336)
 (-0.52361118646471227,-1.5364594801647882)
 (0.066985363937212133,-0.46945233326827696)
 (0.37846722693687057,-0.36593871925636862)
 (0.27524827019578318,0.25933431007335289)
 (0.066422222831907685,0.76016661483149373)
 (0.52216550544959184,-0.85737030786250445)
 (-0.50077034940574161,-0.91363675488448537)
 (1.2406101488342458,-0.71555674782819001)
 (-0.22272317972302039,0.52012467245965655)
 (0.14758645636517281,-0.66885101829406901)
 (0.67652376848919915,-0.19925787907411696)
 (-0.64531300955218696,0.58245871872747068)
 (0.21073732178338422,-0.12025473650228286)
 (0.38022116733969863,1.2569602252875829)
 (0.024510517783034258,0.48331248983506736)
 (-0.74673473312927741,-0.63442959066340909)
 (-0.27782426048742753,-0.52919633975717861)
 (-0.18402913729805434,0.18936781425221413)
 (-0.6284604903456863,-0.74537364296847208)
 (0.29612947239734805,0.25328964275030169)
 (-0.28627430165246298,-0.21595792939321992)
 (0.41323298308097134,-0.2513122741310358)
 (0.11151938636004113,0.56363620059293151)
 (0.27897985092201416,0.65156380180071238)
 (0.88527956843160049,-0.20342198786959031)
 (-1.2645820186669579,0.71680798672345314)
 (-0.46478552171412818,0.4960244608775094)
 (-0.90662704338609246,-0.29486770996015466)
 (-0.31968322801744981,0.65372768391795444)
 (-0.16887518474540247,0.23662371298151047)
 (0.59039047986001902,1.0130358712696625)
 (-0.088254471956644709,0.24185488321290899)
 (-0.42083125674702082,-0.26743996959598415)
 (-0.48116294031687823,1.0131150370739224)
 (-0.19900508396353053,0.11259016882216502)
 (-0.28414589809213231,-1.0910394563270915)
 (0.055683226319296397,-0.96279101983996995)
 (1.1058631827552596,0.17799201224809308)
 (-0.2990576911895807,-0.23168533351161424)
 (0.65409452261630507,0.34863608683477953)
 (-1.3040775688487627,-0.75400661792304768)
 (0.68795957219664794,-1.1426102128824571)
 (-0.51510158520603022,0.59677650592540532)
 (1.2844516299702116,0.92098779777360418)
 (0.59509327095335263,-1.0330579577866537)
 (-0.96988772415231739,-0.2358099129470751)
 (0.80155630703972536,0.1924161229351608)
 (-0.18793948276797731,-0.63053966436886677)
 (0.36678945166943588,0.269673883577216)
 (0.12124407200253573,-1.3304143594494282)
 (0.029951034272796953,0.1718145145228987)
 (-0.17320717992446655,-0.64630678349931792)
 (0.020149217276224207,-1.3186335756706105)
 (-1.0183642670360307,1.420385077281217)
 (0.024074744588627756,-0.059672268143705437)
 (0.16418897485461798,-0.24807217998626119)
 (-0.30464722314060982,-0.44545027175807411)
 (-0.44496791444196576,0.16059093156273585)
 (0.20732137087079322,-0.35105194660374134)
 (-0.35153320679710498,-0.41708658159055956)
 (0.27247006818380054,-0.43167175499493621)
 (0.52037112189073054,0.13374738424693591)
 (-0.43711709371043173,0.21952856744754712)
 (0.9628992085089435,0.54773299981316981)
 (0.70671524366923533,0.88768128506177002)
 (-0.44240365562925471,-1.2675371145426684)
 (-0.41138628728837118,0.44357564182650117)
 (-0.34297916984307297,1.5040932288036357)
 (-0.1430302956415907,-0.67419472093312871)
 (0.47756696534667853,0.2510348478703851)
 (-0.80618701549202376,0.82069096508182338)
 (0.35230883484275949,0.6602075554623531)
 (-1.1960518921810195,-0.60428501520851796)
 (0.62673939707003135,0.31902306362628474)
 (-0.89426746102815535,-0.050102314402052289)
 (-1.1125878397699982,-0.04607131917854651)
 (-0.57188150387782721,1.2594027020428027)
 (0.5389421185622193,0.64317619259547121)
 (-1.537038157135028,-0.51482681112023443)
 (-0.11201688368812858,0.29959029774725504)
 (0.15168766276659915,-0.086595289119732827)
 (-1.4590365012058584,0.91679397062249324)
 (-0.52756632311647056,0.002037335983215538)
 (0.55299326285287687,1.1250160160471132)
 (0.1252553757308838,-0.54990925558984238)
 (0.5582953906010778,0.38321432682768952)
 (-1.0442431559571397,-0.82367111671977189)
 (0.63060017519861278,0.54879421643343296)
 (0.60016721380187887,0.3317614819611765)
 (-0.30724608850291235,-0.0095979889104975125)
 (0.31588722491398324,-0.55188518377793183)
 (0.24648768445882863,0.21098369005970147)
 (0.35641843362925751,-1.2289292345128029)
 (-0.2458065574524807,0.2073483826091583)
 (0.54618871136057667,0.81876391515142666)
 (-0.84419356050674632,0.45530418503736914)
 (0.64119532882442021,0.54920266511060623)
 (-1.250847949500451,0.30560837403011853)
 (0.92070357967836025,0.18877042060693294)
 (-0.93366587162074799,0.060506748204170763)
 (0.12318278547621046,-0.26384064060986023)
 (-0.80888402296067086,0.59000672775333052)
 (1.2107103405484985,0.1112452426438606)
 (-0.61710780761945394,-0.082557887418617609)
 (-0.50990067623202218,0.2690722649629777)
 (0.31662151955960327,0.35677746244233055)
 (0.029988819187694304,-0.3095997091593064)
 (0.056490908009459717,0.72529414210251508)
 (-0.65590055242453937,-0.29154269451258896)
 (0.44551272686663523,0.018039775124184504)
 (0.45165438151706189,0.89513500907928156)
 (-0.30623530248224401,0.55958336860472435)
 (-0.18387721967516954,0.38589838885024919)
 (-0.68492646564522364,-2.1002325718278194)
 (-0.28938394245735566,-0.83897192537501541)
 (-0.59593533756671446,0.28062658545804386)
 (-0.39237978768973431,-0.24603670850403733)
 (-0.13114816781676297,-1.2257796652428941)
