# Created by Octave 8.4.0, Thu Dec 11 09:47:22 2025 IST <gamana@Samsung>
# name: rayl
# type: complex matrix
# rows: 2048
# columns: 1
 (-0.81494789188849814,-1.0162980158034367)
 (0.38675188682735484,0.32762593437550047)
 (-1.2349866351220111,-0.31875615301995203)
 (0.34937644609386387,-0.083891364251614947)
 (-0.38551094363870342,0.11855698932484118)
 (-0.98241501444924062,-0.38736191730942976)
 (0.54847314022158655,0.032193248038305838)
 (-0.71450506028547778,-0.69534730522836985)
 (-0.39827334693321725,-0.39853106611956179)
 (0.11613526269767523,-0.23456782787624156)
 (-1.1073261061220534,0.69342203116084866)
 (0.071139268612445017,2.1871130786377826)
 (0.55897195883930328,-0.24750663226366523)
 (0.2289962953727506,-0.0093598086525811738)
 (0.066646893833567256,-1.0547179963567526)
 (0.88496801248339019,0.066661348994694336)
 (-0.28927532725420568,0.049049885386362624)
 (0.4582426408685405,-0.11982804096752608)
 (-0.32899005575870555,-0.59349662245796553)
 (0.94596559704249317,-0.95379862876664656)
 (-0.080841475067807561,0.037877939244911507)
 (1.0373959411942728,2.1243760929634359)
 (0.14169813204199383,0.080427266010271864)
 (0.23812052629218755,-0.27257441299481761)
 (0.39999547362934601,0.04615901363640762)
 (-0.51192577195735611,0.17516406704451509)
 (-1.1019496116817034,1.3109244798126432)
 (1.5340280484162478,-0.63976656483460403)
 (0.33014340468123593,1.0385047963834095)
 (-1.6828971123844314,-0.78682663981842027)
 (0.2445344884962436,-0.60710900004419277)
 (0.21582978360689323,0.0074141605393401033)
 (0.0056428298048811498,-0.61143363498219494)
 (2.074906015841373,1.5576619072516653)
 (-0.93913407313423947,0.44310517330250621)
 (0.31270705325964421,-1.1894922931988106)
 (0.11295672152874262,-0.58508026668536151)
 (0.91356443969033652,-0.83239624556561875)
 (-0.51444180413381368,0.52294242627213361)
 (0.072863492445991745,-0.41767066308442735)
 (-0.6055878266164989,0.28978396112780003)
 (0.30296698929228871,-0.13855630821803727)
 (-0.57154891690568488,-0.6283958611503373)
 (-0.81767482038406036,0.81540309499811658)
 (-2.1058157073445445,0.69536391859784275)
 (-0.66608206908851231,1.7861796416304798)
 (0.33573027488421492,1.0372125433670727)
 (-0.87208159290707621,0.30331919957143239)
 (0.016605194384012423,-0.34856557666935245)
 (0.75089181892971801,-0.59908193340876381)
 (0.39555556951496196,-0.23172624667207281)
 (-0.52813714951237301,-0.13194729870875049)
 (0.035308826906789437,0.56398160669705577)
 (0.92836354912747909,0.5992021190492085)
 (-0.39018952073700458,1.4494544299774299)
 (0.2689138594664649,0.25818604810508677)
 (-0.69889959794702228,-1.2076577573749019)
 (-0.69445388180275769,-0.26478718563870057)
 (-0.036574042901154485,-0.40525852962721498)
 (-0.57004096655149938,-0.36173712692486598)
 (-0.0093698352526907225,-0.45771735404810049)
 (-1.128783656456918,0.024736705020912408)
 (0.69486027746607393,0.43778708638945657)
 (0.43303809790929876,0.49468125201784591)
 (-1.0686303567430402,-0.23106565472176249)
 (0.11513420406390043,0.40078886601558705)
 (-0.32373554053944398,-0.40245851105300134)
 (-0.16519272981326499,-0.37069420467267417)
 (0.2281098083209499,1.1632181492060623)
 (0.061086155375988174,0.23077900065621171)
 (0.16290179652180126,-1.7011357404520582)
 (0.40565019859972407,-0.71185910471860248)
 (0.056324934651083729,-0.28177581598736468)
 (0.004626185228221058,0.53059904641922184)
 (-0.15187073002367155,-0.13063954117887644)
 (-0.15842001082391988,0.33570921762229999)
 (0.7095746105818187,0.23495817374139488)
 (-0.00268197937245572,0.085519622384682734)
 (-0.87214015466384265,0.59082320092978213)
 (0.063442165827086602,-0.30633705787262844)
 (-0.15649870616263928,0.40601651201142214)
 (1.1426489852897972,-0.80360872238018399)
 (0.050241835416641845,-0.28963010351990165)
 (-0.61844198391136429,-0.24897766630458595)
 (0.23031751585115781,0.26442723910113453)
 (1.0867482411249867,-0.45977981716529559)
 (-0.32630321130732654,-1.4910666390814491)
 (0.67698240146547362,0.66626826987186183)
 (-1.2711653339039741,1.1316028015732817)
 (1.1831781829005763,0.14111463605860278)
 (-0.38467122254518427,0.20155384518298766)
 (0.55892587761845103,-0.49106116621757739)
 (-1.0120409052129002,0.057019949706766992)
 (-0.70399269901600647,0.74444019432371522)
 (0.41686724356826416,-0.47956833814214073)
 (-0.81972271039174571,-0.33295973080065377)
 (0.29248816425612256,0.27638071663315289)
 (-0.11694912404587017,0.3869368303150244)
 (0.27023305030989908,-2.2065299657334165)
 (0.16716559262653696,-0.00082143356091510245)
 (0.35194237104763848,0.91786409541690872)
 (0.18793915706827885,0.063340030528948724)
 (0.15300548024059046,0.39578131667759775)
 (0.36217697548153654,0.48722288586295026)
 (-1.1454347690905298,0.32103514092313751)
 (-0.67451298649190661,0.35016262190719338)
 (0.38224234650186661,-0.01267005258824247)
 (0.068180056796029564,-0.10536152472405125)
 (-0.45992364544589537,1.1387805376605351)
 (-0.63157955088490381,-0.98184387523467476)
 (-0.81423908501927,-1.4297989476205664)
 (-0.36913499701222752,0.097091584482970589)
 (-1.6664802016955451,-0.19251335356023586)
 (-0.20747681600912105,0.7476012152972149)
 (-0.17175589609828351,0.40241571230097301)
 (0.49855993576683549,-0.36865384183492661)
 (0.27131195154145205,-0.34070734434004302)
 (-0.89663965415405356,0.94460729460661863)
 (0.4805843865571281,-0.23624801832671619)
 (-0.98466011007550325,-0.12384793959988505)
 (0.077351186641056113,0.76601502788787046)
 (0.41517303571177844,-0.861643898204842)
 (-0.10604943051830035,-1.1862892800633804)
 (-0.34662213498210193,0.11712189618724628)
 (1.4030438841728359,1.7889357936428867)
 (-0.99021169628350236,-1.6812816247450919)
 (-0.11631790034413327,-0.12210529398211532)
 (0.53846588692086184,-0.57874132952890855)
 (0.55112889525138564,1.8559321247825238)
 (0.18572140906755541,-2.0973457105674682)
 (1.133256279323549,-1.0927870321383675)
 (0.04745055104809591,-0.22739302100064757)
 (0.57779526075436227,-0.3764701161518893)
 (-0.52955698294752596,0.0040771072669846253)
 (-0.67098577783603841,-1.5319421632736139)
 (-0.70309746598282219,0.5982671633188239)
 (1.4056689873060617,-0.83258367422545887)
 (0.39565087770241769,-0.69030190419880555)
 (-1.3186952426014495,-0.40433396202777433)
 (0.053250752728651277,0.21894744308300534)
 (1.0769652399780274,1.1893983895069742)
 (-1.0429641775935889,-0.42236477577149983)
 (0.72264092622585618,0.75970984103970174)
 (0.3977764549285091,0.57037758071605638)
 (-0.64573388658632436,-1.0235890794638487)
 (0.92582226113297694,-1.2919365836693786)
 (-0.28812961899324829,-0.006184823712799381)
 (-0.25726502009053337,0.094517638400365325)
 (0.77423197087703077,0.26555441348707209)
 (-0.93022938527179622,-1.2281045094136678)
 (-0.57960684616827574,-1.0196584778482944)
 (-0.20397066602413921,0.82623678364143038)
 (-0.5535954488447512,-0.13471083091675901)
 (-0.14117738993916237,0.13800025206320063)
 (1.8004880895800168,-1.1707868480464603)
 (0.62849890058948066,-0.22768780262054106)
 (0.47687607554943706,-0.24221562975944527)
 (0.77528902097585095,-1.0880134172688642)
 (0.42645718099305036,0.97025863192574824)
 (0.1207182000765758,-0.74781339799385793)
 (-1.7934186157464513,0.48859336063619602)
 (-0.035256285499529638,-0.68847664569386258)
 (1.0507783239719353,0.19282335577210763)
 (-0.04585025313253821,1.77892910264388)
 (0.98933391857293551,-1.0509597529077712)
 (-0.44155215696139893,-0.17411100606703345)
 (0.31909740387371999,0.14745409514336111)
 (1.0281317963542698,-0.47872269000459083)
 (0.35169824045364617,-0.53495396107581872)
 (-0.22157482480443219,0.32809819877715091)
 (-0.74502309527239352,0.32492954433236998)
 (0.21111516800304533,-0.1279117471764866)
 (0.12757408580554475,0.20928102655822178)
 (-0.73046147541793927,0.32473715373420808)
 (0.48078169819801053,0.5408734608469058)
 (1.5220205015399566,-1.3555371698995402)
 (-0.70384232195170815,0.14157912034940756)
 (0.42527918770439921,-1.4553276060073723)
 (-1.0729398826454766,0.61872564464965984)
 (-0.29547123659681368,-0.63635191222941923)
