# Created by Octave 8.4.0, Thu Dec 11 09:47:21 2025 IST <gamana@Samsung>
# name: awgn20
# type: complex matrix
# rows: 2048
# columns: 1
 (0.93570363191526384,-0.36800700296995403)
 (-0.95314814840242812,-0.94351317142445723)
 (0.23633536356646129,-0.22436962484962297)
 (-0.4202221184521624,-0.9408796649208635)
 (-0.91119795364176737,0.33705889124970989)
 (0.15375387534303281,-0.85621133062189581)
 (-1.0352254496830486,-0.25024935888988609)
 (-0.89361685064636376,-0.25517099652086644)
 (0.35551972205150095,-0.95476537738117062)
 (-0.8652711490809486,-0.28965532405710787)
 (0.95162656550422986,0.27467667714501431)
 (0.3345324407610929,0.33397353738050162)
 (0.22273109310041589,0.9615116584601876)
 (-0.15641359428682661,0.23671945797442484)
 (0.2061347905273791,-0.29866818111084875)
 (0.88099346369758591,0.38845575961336021)
 (0.19160160357772882,-1.0196863297008372)
 (0.1325932862309141,-0.34508333432124594)
 (-0.88308716606962867,0.44661656369616065)
 (-0.15517456652708697,0.83445447863915967)
 (0.85178808424392338,0.93827572462639686)
 (1.0663032805253743,0.99719158643451555)
 (-0.35904121960554469,-0.83467421041577383)
 (0.22091533815330849,-0.4026451480029638)
 (0.45840753335272028,-0.9650564499430091)
 (-0.30952099761228097,-0.25853192513165163)
 (1.0436307630480848,0.51171429944932623)
 (-0.28078086229193389,-0.95227323229636529)
 (-0.94970848487355619,0.96318652393156412)
 (-0.32116636597921966,0.92017730052576963)
 (-1.10429562603982,0.36118105420015745)
 (0.96677274577303407,-0.37862261920953055)
 (0.91152529038641616,1.0287398654781978)
 (-0.9008471869946536,0.20013804899210333)
 (-0.94965214224490357,0.37233446711078511)
 (1.0012760551890438,0.42653617966483265)
 (-0.95860370207831591,-1.0203366547653741)
 (0.29289260423387026,0.84751904858619553)
 (-0.32153361501633371,0.48176251966882339)
 (-0.85148613934266681,-0.31471480660839063)
 (-0.27814545893145443,-0.97957215204560055)
 (0.28587741632984326,0.85400866768569361)
 (-0.85975811964558879,0.25210456802335923)
 (-0.9202677024091096,0.33687987669504676)
 (-0.96537027026780786,0.92538099563016873)
 (1.0202006864072013,-0.92087572328876177)
 (0.3016193548935362,0.99516164259554352)
 (-0.82174757009312194,0.81771623757003786)
 (-0.87810678361300853,0.8432433211210647)
 (0.38316946936713048,1.0210935014603313)
 (-0.19364656026303156,0.35292709386407506)
 (-0.97600035683603992,-0.92661581073238442)
 (-0.9547797825040143,-0.23975195383751982)
 (-0.98862201026338015,-0.84105640792299385)
 (0.92887668519991151,0.31509723924539557)
 (-0.79304880942378941,-0.35127598786010761)
 (1.0118518670855234,-0.97689514259844135)
 (0.30706953039063528,0.38237629438431997)
 (-0.22344480064103042,0.41365362119049676)
 (0.93872575740395092,-0.25401490249829345)
 (0.87496619303257928,1.0312001414408229)
 (-0.31084810151242415,0.18171014264446606)
 (0.92756714289572395,-1.0205141015152792)
 (-1.020469718305133,-0.98567355247540445)
 (-0.1282615532035461,-0.23994780582336192)
 (-0.9727480295713401,1.0331820280767479)
 (-0.96822722402668238,0.19836012602051623)
 (0.95188206706226541,-1.0013204398045776)
 (0.16579394599370165,-0.84223668883412894)
 (-0.94162256076142303,-0.29782119355925235)
 (-1.0034022930206592,-0.31275532422146091)
 (0.28761704197986865,0.34930244118369425)
 (-0.43727200508978609,0.95138518665040461)
 (-0.29174105108608495,0.92820414902771953)
 (0.29557524500927462,-0.41433146684981426)
 (-0.24357821758847814,-0.27017937216091492)
 (-0.28090858407530461,-0.92044283697581586)
 (-0.99161181744270821,-0.28159445567981445)
 (-0.90868079272604263,0.83745600042377744)
 (0.42098993799825501,-0.33522104017913729)
 (-0.89426569561471714,-0.24992595613500462)
 (-0.29626702764597423,-0.35092535655529677)
 (1.0117649358185419,-1.0593468973876594)
 (0.39897080211325858,-1.0150050881904362)
 (-0.95370561210739646,-0.34430236914483048)
 (-0.39984183312269395,-1.0012803657353879)
 (0.85875826372750419,-0.29466279911334081)
 (0.27931021771077724,-0.32921526129628509)
 (0.91590732249037365,-0.23633077567533489)
 (-0.32354010931121385,-0.30529488510422942)
 (-0.9680687338723406,-0.35064186852524271)
 (-0.96648835674129552,0.43085613145175272)
 (1.1141111924765006,-0.12994837705156664)
 (0.88190354658984582,0.91510225062830164)
 (0.27288534499233974,-0.34521513095135825)
 (-0.2422585582445857,0.95258577425159652)
 (-0.33684488240119825,-0.31234434024350932)
 (1.0233409095805392,0.41423490823338949)
 (-0.97017270845156167,0.96314267261629483)
 (-0.97834205362693705,0.29144149370441563)
 (0.95992855167224533,0.32993883895938836)
 (0.94927770812868073,-0.98361533348818797)
 (0.20608819024898622,0.41168021074980249)
 (-0.97354726805636937,-0.27352188722920501)
 (-0.85089747301350682,0.36766431694946244)
 (0.97069439832473914,0.33865712534554693)
 (0.34273269552716124,-0.32348333860734202)
 (0.90738745446134506,0.93928079767250972)
 (-0.95617592534300277,0.42902620437421246)
 (0.36067375438813132,0.39870610671375373)
 (1.0124174429404911,-0.32803520475334091)
 (-1.0440835122292205,-0.39649611841420285)
 (-0.8238144912450458,-0.93249157435505325)
 (1.0270731880241166,0.96037106586135235)
 (0.29670653423819016,0.73157602110533981)
 (-0.2787560058030143,1.0479302095273766)
 (-0.95182993613719402,0.97889231034640467)
 (-0.92821799889564227,-0.27738705435199451)
 (0.83614218088434389,-0.95206228415047889)
 (1.0347264672466008,1.1165781194571871)
 (-0.95467990136775582,-0.35769814017942181)
 (-0.931913309441325,0.89042313217528468)
 (0.29113535162490167,-0.42024340754032707)
 (0.96711963544618429,0.86567558634908703)
 (-0.28577265397663743,0.88873272122029912)
 (0.87139525761046444,-0.9358828015998969)
 (-0.41886470175623625,0.25767673669032853)
 (0.84669983218834355,-0.92838658363351323)
 (-0.21580231330889366,-1.0146768086194335)
 (-0.29078382025748473,0.27277360965201036)
 (-0.12759453514390084,0.91749304544717392)
 (0.2467847595187328,1.0004608046697825)
 (0.97100508804160457,0.9512088269926211)
 (-0.90547204317552799,-0.97338565564766999)
 (0.96410395320786624,0.32559941258590402)
 (0.32408879628233744,-0.94124424812578589)
 (0.97846051532877354,0.28847793673918798)
 (1.0409401145671764,0.26859089387774587)
 (-0.89467509779262189,0.22380504785185595)
 (-0.77616990494144389,0.87600696792971744)
 (0.99070110626936769,-1.0069358099302632)
 (0.91782968526662423,1.0480591648849604)
 (0.21638825579155066,-1.000272335973492)
 (-0.37608595946794476,-1.0395985862706665)
 (-0.21935322286703712,0.93219200711385586)
 (0.89543465049392046,-0.97542909360265129)
 (0.47863619990666473,0.95654358311548027)
 (1.1020295388982342,0.89194091264355446)
 (-0.85084702173420412,-0.97623309351942145)
 (-0.26998254307234948,-0.99785894239825956)
 (-0.21707945791216496,0.37172705679294471)
 (1.030553176858882,-0.31265073253642844)
 (-0.99008929696921189,0.20346048904493208)
 (-0.90473035123561196,-0.91760959262321629)
 (-0.38950889161779073,0.95647623715606311)
 (-0.27442707133359751,0.3345881032058704)
 (-0.376099697977959,-0.33783424997290995)
 (1.0140436762700311,-1.0168998442570649)
 (-0.94232871227678694,0.91662753589611456)
 (1.0074037970844605,-0.92071027483304946)
 (0.21232856118339838,0.32344777438592881)
 (1.003902516700574,1.0463245751119947)
 (0.36170549000040197,-0.94144229631882059)
 (0.87312091064687292,0.86396128759095692)
 (-0.86322670977035787,0.34073994922913536)
 (0.96513686728108161,0.9710875947328419)
 (-0.34560117828815429,0.94829486857861278)
 (-1.0096692317692397,0.43875469690790003)
 (-0.37713371836286785,-0.34439849603520262)
 (-1.0301582218514251,0.95209458272283254)
 (0.28840677337011317,0.97506013298243344)
 (0.84205513402658871,0.44564787516854987)
 (-0.81209459378205584,-0.39025167711812736)
 (0.83463028858676047,1.0159970076622968)
 (0.94946315497645017,0.96463264874740484)
 (-0.80603719368458093,-0.98852686940265388)
 (0.86145386491061604,-0.84267493041931829)
 (-0.30952798253891961,-0.26343259914051376)
 (-0.9117873288416587,0.8986524906049409)
 (-0.34675016384636304,0.92802552072357647)
