# Created by Octave 8.4.0, Thu Dec 11 09:47:22 2025 IST <gamana@Samsung>
# name: awgn20
# type: complex matrix
# rows: 2048
# columns: 1
 (-0.29675567734139419,-0.17109223135735518)
 (0.18557935886935131,0.23247876168101583)
 (0.9273521735956799,-0.98778571354130962)
 (0.98998981929139351,1.0135185940748019)
 (0.20401242447203927,0.88671170604727301)
 (-0.95139689252911752,1.0255646050076419)
 (0.93575981803404562,-0.86225907620235964)
 (0.97924530629854345,-0.85862455367359014)
 (0.94079990799330215,1.0290493116531325)
 (0.93251418994943447,0.93524467832879887)
 (-0.91140779336939115,-0.90110779899739968)
 (-0.34857952577240947,0.88631764981373673)
 (0.95094120588202602,0.94571767158194497)
 (-0.9576305734444589,0.33238605160101198)
 (0.13616833867857214,-0.830351422629098)
 (-0.23154290830728547,-0.28972637112842869)
 (0.99285122804475467,-0.86522447393420476)
 (-0.96111164042135966,0.78611259413028545)
 (0.32634510799737021,0.2382177359497552)
 (-0.40251983972589606,-1.0820460204877576)
 (0.34145636667106216,-0.37390330808788425)
 (-0.26565540544502042,0.24916410851208573)
 (0.38738716263577072,0.37914614281039261)
 (1.1069660724329917,0.92020925387935337)
 (0.94545400596451412,0.91388991323587354)
 (0.85506313849515969,0.42629419174781141)
 (-1.0318994988602328,-0.39413990822552908)
 (-0.25214125106948626,0.27180383485051385)
 (-0.83054492442168648,0.8717539422013113)
 (0.29246250746519331,1.0090449736325853)
 (0.36566868946166031,0.97903120211668859)
 (-0.96968057621299941,0.3686080858851819)
 (-0.98381548936033547,0.31938663706590725)
 (0.40636016250838219,-0.27827949808478858)
 (0.83234390921342294,1.0532678834666931)
 (-0.89907383199181401,-0.36120310164291153)
 (-0.30864840313998765,-0.99703847237780363)
 (0.94987793770108131,-1.0404106677919456)
 (-0.92194292252050158,-0.31092464707066042)
 (0.34670652874658658,-0.94292583776324768)
 (1.0478750321469676,-0.29348283508818979)
 (-0.17226834728923515,0.24291854644458227)
 (-0.28585410665965078,-0.36128631405701561)
 (-0.98344141984991407,0.90632103815570231)
 (0.95753466423272593,0.34564687741199562)
 (0.90185650732693445,-0.94007022142891972)
 (0.99014116657244411,0.38864282982730758)
 (0.95330978907140795,0.29644715323056753)
 (-0.27385833549727739,0.39114165555883307)
 (0.85835793039194119,0.26353844252869335)
 (-0.9269258627893775,-0.33919432811953915)
 (-0.79437837436754,-0.91870838038326252)
 (-1.0493574463891764,-0.25967753672524885)
 (-0.90278458170883102,0.23809235522774413)
 (0.28197002595677478,0.31056805093677886)
 (0.10462346297490419,-0.35621314455218078)
 (-1.0150480121866929,-0.33747179652876647)
 (1.0045514265275939,-0.29006268005103553)
 (1.0467704271567966,0.41731538973559623)
 (0.39274418957222651,-0.1349178594534064)
 (-0.33832544992826202,-0.91405709968460713)
 (0.37454375382826155,0.28699390603986558)
 (-0.24547490901103297,0.98017417928168082)
 (0.97766309755929115,0.98873509570109808)
 (-0.36424634661842048,-0.99834569119369687)
 (-0.90007414184845169,0.38114538800176179)
 (0.8780646955741076,-0.82221612665530086)
 (-0.34069989365819525,-0.18701395289411088)
 (-0.96858051502659737,0.31078886176991444)
 (1.0007330484446177,-0.87489907219086138)
 (-0.96159985961474703,-0.85062687514055946)
 (0.90608126299821523,-0.94206981331982276)
 (0.88963157457183317,-0.28686266606924604)
 (-0.9807014179532495,0.33177822666345907)
 (0.076424673777140129,1.0105733125232776)
 (-0.93689794198119347,-0.87735022212921865)
 (0.24453961313643641,-0.2258458716427531)
 (-0.21115191902804673,-0.9557532130281442)
 (-0.40507968050162557,0.92873442265617467)
 (0.31213708696822168,0.84200760969652422)
 (0.90413061742893186,-0.93147991119412454)
 (0.92279045064412779,0.18878698582042597)
 (0.31380282406235116,1.1209782937509234)
 (0.32706755445388314,0.92836894675622572)
 (0.27094776644331348,1.0743980410074288)
 (-1.0087440290432568,-0.31610985999463198)
 (-0.28922199553465372,0.97497061902429993)
 (-0.23590845868433702,-0.99438226651503892)
 (0.33420549764800322,0.190083255789471)
 (0.93350045981835528,-0.33167934407692345)
 (0.86624911460050424,0.40536687990212034)
 (-0.93720627184779615,0.36525936428172601)
 (0.22819990373462007,-0.3045723562813572)
 (-1.022856712743299,-0.3767060706621001)
 (0.80490619410999897,-0.98415331772540293)
 (-0.28912381323893638,0.40648417685133054)
 (0.99117123912255667,0.84612009522429998)
 (-0.34815080766056938,-0.37337582843419193)
 (0.9967223337104214,0.21677792068743867)
 (0.44023303427948823,0.76061614391992005)
 (-0.28698957311480594,0.74510818341719465)
 (-0.92731164041626712,-0.47337021576252758)
 (0.36701898783656972,0.30280700436644947)
 (-0.41240992584098746,0.35352808781636519)
 (-0.389675250165195,0.85637797328127396)
 (-0.99373381047477283,0.93526548913699081)
 (-0.98738852517518716,-0.90301093360116802)
 (-0.4371777423823387,0.39316138543984686)
 (-0.38788900785865832,0.96861434963954984)
 (0.35844718406406673,-0.23385523718431572)
 (0.36236351686624874,0.27062312852524606)
 (-0.86038492168931024,-0.48120981670213009)
 (-0.96598582012880352,-0.31239023149467182)
 (1.0336004011191533,-0.27345008508570728)
 (-0.28677002945966906,0.95247199651474379)
 (0.92176308964934239,0.90019236661898339)
 (-0.42752526760429643,1.0336458588034101)
 (-0.89742864541410949,-0.89821953315977798)
 (-0.3017995037002304,0.1685997000919342)
 (-0.17148440234998144,-0.9228648618404971)
 (0.83917164027580293,-0.9064158121974023)
 (-0.85884242474929628,1.0072734190828831)
 (-0.98742880248982079,-0.25300653910902787)
 (-0.33090988379153796,0.37457865144929198)
 (0.32850906300288396,-0.92347284396198048)
 (-0.27911683138186349,-0.99622257577428353)
 (-0.32819816731762008,-0.38472684808297192)
 (0.20591263414910688,0.94143004935303831)
 (-0.98097577984221529,-0.99537484798311626)
 (0.98996443934327094,0.28157509624077931)
 (0.39497972649477836,-0.97028988104154235)
 (1.0600476516388186,-0.39001920106168592)
 (-0.82673325742900683,0.96005067651297327)
 (-0.95198784749957144,-0.31341001974367594)
 (-0.31300037746839598,-1.078252169149795)
 (-0.35818313740646407,0.32570087668023012)
 (-0.26277526273966267,-0.2608603853141343)
 (0.93395058550854226,-0.85845226902247673)
 (-0.24006069923945145,0.95470114093912095)
 (-0.42203576862129244,-1.0039228780587399)
 (-0.96572721943297235,-0.36114969576785588)
 (0.43420339198984537,0.32919327036315793)
 (-1.0270757870637675,-1.0469670044237505)
 (0.31090358803784607,0.89043081877176344)
 (-0.91658475890270652,0.96173615576705784)
 (0.89517074672809893,0.98373243558550749)
 (-0.31480738240313183,0.26371228061296581)
 (0.93290223292898855,-0.3611136845845096)
 (-0.41314744977645235,0.95767984434676101)
 (-0.9245351229843034,-0.98589879153299254)
 (0.8233387312396282,0.30424936006532377)
 (0.89690847013804431,-0.44900267688636047)
 (-0.97380029778224808,0.30372000442689556)
 (1.0456036532824333,1.0574644918687393)
 (-0.43948364739661738,0.36975260837273538)
 (0.14381592776730345,-0.20563682734396183)
 (0.94836737537504356,-0.32544125496118759)
 (-0.32199761036064689,1.0740974408983592)
 (0.20668405639856313,0.27668603631085065)
 (-0.96924856494903722,0.3026375411889386)
 (-0.91122153049733767,-0.34772727000349213)
 (-0.91433844334753778,1.0261274444162718)
 (-0.42609836954551755,-1.0710747685914475)
 (-0.26868619158118257,1.0393726909232872)
 (-0.93122213809066545,-0.20751433718483792)
 (0.94927544503017147,-0.8978381679756785)
 (-1.1057053604434843,0.34543156506811451)
 (0.14978174963194663,0.34631311855142111)
 (-0.89310212409745482,-0.94182207930489914)
 (-0.95320093278992468,0.98076713195228216)
 (0.27457975170154941,0.36217562567234757)
 (1.0642457227395856,-1.0234520744309912)
 (-0.33548960442258569,-0.89300700895168106)
 (1.0618751561384354,0.27224002288347571)
 (-0.97660756647974756,-0.99331613944455399)
 (-0.86861153876386965,0.35152525349548414)
 (0.96158315589959975,-0.28349545069984788)
 (-0.91581066466621464,-0.84684317708842616)
 (-0.18738333000909621,0.20876922156412581)
 (-0.25753161556022219,0.96306747708563678)
