# Created by Octave 8.4.0, Thu Dec 11 09:47:22 2025 IST <gamana@Samsung>
# name: clean
# type: complex matrix
# rows: 2048
# columns: 1
 (-0.94905409474165126,0.31635136491388377)
 (-0.94905409474165126,0.94905409474165126)
 (0.94905409474165126,0.94905409474165126)
 (0.94905409474165126,-0.94905409474165126)
 (-0.31635136491388377,-0.31635136491388377)
 (-0.94905409474165126,-0.31635136491388377)
 (-0.31635136491388377,-0.31635136491388377)
 (-0.31635136491388377,-0.31635136491388377)
 (-0.94905409474165126,-0.31635136491388377)
 (0.31635136491388377,0.94905409474165126)
 (0.31635136491388377,0.94905409474165126)
 (-0.31635136491388377,-0.31635136491388377)
 (0.94905409474165126,-0.94905409474165126)
 (-0.31635136491388377,-0.94905409474165126)
 (-0.31635136491388377,-0.31635136491388377)
 (-0.94905409474165126,0.94905409474165126)
 (0.94905409474165126,-0.94905409474165126)
 (-0.94905409474165126,0.31635136491388377)
 (0.31635136491388377,-0.94905409474165126)
 (0.94905409474165126,-0.31635136491388377)
 (0.94905409474165126,-0.31635136491388377)
 (0.94905409474165126,-0.94905409474165126)
 (-0.94905409474165126,0.31635136491388377)
 (0.31635136491388377,0.94905409474165126)
 (-0.31635136491388377,0.94905409474165126)
 (-0.31635136491388377,0.94905409474165126)
 (0.94905409474165126,0.94905409474165126)
 (0.31635136491388377,-0.31635136491388377)
 (-0.31635136491388377,0.31635136491388377)
 (-0.94905409474165126,-0.31635136491388377)
 (0.31635136491388377,0.94905409474165126)
 (0.31635136491388377,-0.31635136491388377)
 (-0.94905409474165126,0.94905409474165126)
 (-0.94905409474165126,0.94905409474165126)
 (-0.31635136491388377,0.94905409474165126)
 (-0.94905409474165126,-0.31635136491388377)
 (0.31635136491388377,0.94905409474165126)
 (-0.31635136491388377,0.94905409474165126)
 (-0.31635136491388377,0.31635136491388377)
 (-0.31635136491388377,-0.94905409474165126)
 (0.31635136491388377,0.31635136491388377)
 (-0.31635136491388377,-0.94905409474165126)
 (-0.31635136491388377,0.31635136491388377)
 (-0.94905409474165126,0.31635136491388377)
 (0.31635136491388377,-0.94905409474165126)
 (-0.94905409474165126,-0.94905409474165126)
 (-0.31635136491388377,0.94905409474165126)
 (-0.94905409474165126,0.31635136491388377)
 (-0.94905409474165126,-0.94905409474165126)
 (-0.94905409474165126,-0.94905409474165126)
 (0.94905409474165126,-0.31635136491388377)
 (0.94905409474165126,-0.94905409474165126)
 (-0.94905409474165126,-0.31635136491388377)
 (-0.31635136491388377,-0.31635136491388377)
 (0.31635136491388377,0.31635136491388377)
 (0.31635136491388377,-0.94905409474165126)
 (0.94905409474165126,0.94905409474165126)
 (0.94905409474165126,-0.94905409474165126)
 (-0.31635136491388377,0.31635136491388377)
 (-0.31635136491388377,0.31635136491388377)
 (0.94905409474165126,0.94905409474165126)
 (-0.94905409474165126,-0.94905409474165126)
 (-0.94905409474165126,-0.31635136491388377)
 (-0.94905409474165126,-0.94905409474165126)
 (-0.94905409474165126,-0.31635136491388377)
 (-0.31635136491388377,-0.94905409474165126)
 (0.94905409474165126,0.94905409474165126)
 (0.94905409474165126,-0.31635136491388377)
 (0.94905409474165126,-0.31635136491388377)
 (-0.94905409474165126,-0.31635136491388377)
 (-0.94905409474165126,0.94905409474165126)
 (0.31635136491388377,0.31635136491388377)
 (0.94905409474165126,-0.31635136491388377)
 (-0.31635136491388377,0.31635136491388377)
 (-0.31635136491388377,0.94905409474165126)
 (-0.94905409474165126,0.31635136491388377)
 (-0.94905409474165126,-0.31635136491388377)
 (-0.94905409474165126,0.31635136491388377)
 (0.94905409474165126,-0.31635136491388377)
 (-0.94905409474165126,0.31635136491388377)
 (0.94905409474165126,0.31635136491388377)
 (-0.94905409474165126,-0.94905409474165126)
 (0.31635136491388377,-0.31635136491388377)
 (-0.31635136491388377,0.94905409474165126)
 (0.94905409474165126,-0.94905409474165126)
 (0.31635136491388377,0.94905409474165126)
 (-0.94905409474165126,-0.94905409474165126)
 (-0.31635136491388377,0.31635136491388377)
 (-0.31635136491388377,0.94905409474165126)
 (-0.94905409474165126,0.94905409474165126)
 (-0.94905409474165126,-0.94905409474165126)
 (-0.94905409474165126,0.94905409474165126)
 (-0.31635136491388377,-0.31635136491388377)
 (0.94905409474165126,-0.31635136491388377)
 (-0.94905409474165126,-0.31635136491388377)
 (0.31635136491388377,0.94905409474165126)
 (0.94905409474165126,-0.31635136491388377)
 (0.94905409474165126,-0.31635136491388377)
 (0.94905409474165126,0.94905409474165126)
 (0.31635136491388377,-0.31635136491388377)
 (0.94905409474165126,0.94905409474165126)
 (0.31635136491388377,-0.94905409474165126)
 (-0.31635136491388377,-0.94905409474165126)
 (0.31635136491388377,-0.94905409474165126)
 (0.31635136491388377,-0.94905409474165126)
 (0.31635136491388377,0.94905409474165126)
 (0.94905409474165126,0.94905409474165126)
 (-0.31635136491388377,0.94905409474165126)
 (0.94905409474165126,0.31635136491388377)
 (-0.94905409474165126,0.31635136491388377)
 (0.94905409474165126,-0.94905409474165126)
 (0.94905409474165126,0.31635136491388377)
 (0.94905409474165126,-0.31635136491388377)
 (0.31635136491388377,0.31635136491388377)
 (-0.31635136491388377,-0.31635136491388377)
 (0.31635136491388377,0.31635136491388377)
 (0.31635136491388377,-0.31635136491388377)
 (-0.94905409474165126,-0.94905409474165126)
 (-0.31635136491388377,0.94905409474165126)
 (0.94905409474165126,0.94905409474165126)
 (0.31635136491388377,-0.94905409474165126)
 (0.94905409474165126,0.31635136491388377)
 (0.31635136491388377,0.31635136491388377)
 (-0.31635136491388377,-0.94905409474165126)
 (-0.94905409474165126,0.31635136491388377)
 (0.94905409474165126,0.31635136491388377)
 (-0.94905409474165126,0.31635136491388377)
 (-0.94905409474165126,0.94905409474165126)
 (-0.31635136491388377,0.31635136491388377)
 (0.31635136491388377,-0.31635136491388377)
 (-0.94905409474165126,-0.31635136491388377)
 (-0.31635136491388377,-0.31635136491388377)
 (-0.94905409474165126,0.31635136491388377)
 (0.94905409474165126,-0.31635136491388377)
 (-0.94905409474165126,-0.94905409474165126)
 (0.31635136491388377,0.94905409474165126)
 (0.94905409474165126,-0.31635136491388377)
 (-0.31635136491388377,0.31635136491388377)
 (-0.31635136491388377,-0.31635136491388377)
 (-0.31635136491388377,-0.31635136491388377)
 (-0.31635136491388377,0.31635136491388377)
 (0.94905409474165126,0.94905409474165126)
 (-0.31635136491388377,-0.94905409474165126)
 (0.94905409474165126,0.94905409474165126)
 (-0.31635136491388377,0.31635136491388377)
 (0.94905409474165126,0.94905409474165126)
 (-0.94905409474165126,-0.31635136491388377)
 (0.31635136491388377,-0.31635136491388377)
 (0.31635136491388377,-0.31635136491388377)
 (0.31635136491388377,0.31635136491388377)
 (0.31635136491388377,0.31635136491388377)
 (0.94905409474165126,-0.94905409474165126)
 (-0.31635136491388377,-0.31635136491388377)
 (0.31635136491388377,-0.31635136491388377)
 (0.94905409474165126,-0.31635136491388377)
 (-0.31635136491388377,0.31635136491388377)
 (0.31635136491388377,0.31635136491388377)
 (0.31635136491388377,-0.94905409474165126)
 (-0.31635136491388377,0.31635136491388377)
 (0.31635136491388377,0.31635136491388377)
 (0.31635136491388377,0.31635136491388377)
 (0.31635136491388377,0.94905409474165126)
 (-0.31635136491388377,-0.31635136491388377)
 (0.31635136491388377,-0.31635136491388377)
 (-0.94905409474165126,-0.31635136491388377)
 (-0.94905409474165126,-0.94905409474165126)
 (0.31635136491388377,0.94905409474165126)
 (0.94905409474165126,0.94905409474165126)
 (-0.94905409474165126,0.31635136491388377)
 (-0.31635136491388377,0.94905409474165126)
 (0.31635136491388377,-0.94905409474165126)
 (0.94905409474165126,0.31635136491388377)
 (0.94905409474165126,0.94905409474165126)
 (0.94905409474165126,-0.31635136491388377)
 (0.31635136491388377,0.31635136491388377)
 (-0.31635136491388377,0.94905409474165126)
 (0.94905409474165126,-0.31635136491388377)
 (-0.31635136491388377,-0.94905409474165126)
