# Created by Octave 8.4.0, Thu Dec 11 09:47:22 2025 IST <gamana@Samsung>
# name: rician
# type: complex matrix
# rows: 2048
# columns: 1
 (0.95263537240428331,-0.63170866928082303)
 (-0.76854719574570562,-0.54934067228910977)
 (1.6185545501082879,0.58123111997678267)
 (-0.29836038204293397,-0.87954426398662811)
 (-1.1801187643392925,1.3128132949229574)
 (-0.7270856802444956,0.28319259354059262)
 (0.27144029247556789,-0.90903151839449015)
 (-0.6454181529735239,-0.19203160633394659)
 (-0.31624080836678725,0.97674842840900633)
 (0.0010024066638341655,-0.45544086162104908)
 (0.29984251595603095,0.34526854037961452)
 (0.30505802780891939,-1.2763522443630557)
 (0.13182376369561963,-0.511283558866934)
 (1.4149279681551421,0.15458857964330991)
 (1.3300912586472158,-0.74031807741362021)
 (-0.77436303050508226,-0.091419246569161228)
 (0.81909016601494256,0.64558715329241201)
 (0.031386270300375635,0.25949621877436757)
 (-0.6477725488112569,-0.25958173539457063)
 (0.34742637382717922,-0.82443639305442196)
 (-0.20935744300168402,1.0085566575283118)
 (-0.94823048804276044,1.2999325855668893)
 (-0.56644121801667047,-0.98039595834187288)
 (-1.1690947837694874,-0.0039832972039828274)
 (1.0762442939554806,-1.7407156033823095)
 (0.375977447686277,-0.56624039359701528)
 (-1.2126674299693097,0.23673643207571846)
 (1.1778465750060789,-0.098561380797236586)
 (-0.9757301477502206,-0.35365192772605863)
 (-0.8255112598467953,-1.5347276138171502)
 (-0.10352554101231815,1.0794100610026476)
 (-1.3042531365329437,1.553107769682406)
 (0.481851942196179,-0.42748403611508556)
 (0.85137691307286634,-0.28832318801303697)
 (-0.70362967936728049,0.42093330403743745)
 (0.31572477155509737,-0.45499575015022531)
 (-1.4939846960457448,-0.086242681041673541)
 (0.1885547966528246,-0.010641527213073661)
 (-0.12821133688431807,0.47925841736179009)
 (0.67871774439050747,-0.19389525044945141)
 (0.34559881234173523,0.3058961324484511)
 (-0.42952778059266228,0.75428196933051017)
 (0.17378557311251647,-0.28454472348133109)
 (-1.1018559399808472,-0.25503074547004245)
 (-0.24234543053256027,0.58976037387332547)
 (0.23361253110758676,-0.39788143212291666)
 (-0.67713865420320352,0.49670484661207581)
 (0.10075080457982247,0.3798068688041385)
 (0.60847338911828774,0.59796493903130754)
 (-0.30565728702838718,0.52232554498435291)
 (1.5080136905478234,-0.33139979337029291)
 (0.93889576380892437,-0.56701008477736481)
 (0.60284740874490406,-0.22098980901575913)
 (-0.18916480193351504,0.68352824685642377)
 (-0.94366466792358639,0.85903381376638432)
 (-1.6188304011505639,0.0050331865409053989)
 (-0.15513287145608265,-0.29139826387198997)
 (0.038293089236745292,0.9581056038527076)
 (0.34834430696928548,0.55756947364474729)
 (0.16221004695837923,-0.67474164245900159)
 (-0.08061494649812917,-0.42956885822852742)
 (-1.1105756503814659,0.99310298213150838)
 (0.99953066553577863,-1.1088183063401784)
 (1.0078184619611854,1.3206423930024436)
 (0.3512783608065051,-0.48941856468427802)
 (-0.060504111901557966,-0.1527860244092154)
 (0.52379116935549086,-1.0721252393214977)
 (-0.29558494479811209,-0.32663630198382004)
 (-0.77150046039687825,0.18785824163299258)
 (0.3597853069023399,-0.38901176950239313)
 (-1.627580686527643,-1.1066413323592867)
 (-0.25407235605152106,-0.63008399186474384)
 (-0.069600525609541747,-0.27072461854209828)
 (0.1873514854215973,-0.24021274697434863)
 (0.23942351768833497,0.81917028844645223)
 (0.22008100308537859,1.0431600026416143)
 (-0.76996075503672656,-0.89941907578059455)
 (0.69584366453281177,-0.14386852411216805)
 (-0.30119414116934301,-0.96590893775679798)
 (0.54721384089196956,0.46798479526091663)
 (-0.01113667603761391,-0.409404153249537)
 (0.6914890051798861,-0.077929681015871499)
 (-0.83422225933856964,0.64947029127152511)
 (-0.55887355913466841,-0.051911991461991727)
 (-0.75765354874225355,0.31052953147761175)
 (-0.1035607815908165,-0.6213829050029116)
 (-0.59431785041482743,-0.21259186926838849)
 (0.29825876707696525,-0.3198705074703409)
 (0.36710569513332969,-0.31584422026964365)
 (0.11038206690206094,0.14308864488846068)
 (0.842407017486409,-0.55114003182560944)
 (-0.36160475457913127,0.020085517409968612)
 (-1.9744781970046388,-1.0564533889890466)
 (-0.37469613979024946,-0.64667573014282564)
 (-0.4798410999137398,0.046954163193678539)
 (-1.0429533389101049,0.048649627534625317)
 (0.15099917249793532,0.41944135294139046)
 (0.90224244391177333,0.33809012947537997)
 (-1.0158818652430144,-0.074464239438409463)
 (-0.85679602966627477,0.74869581380206951)
 (0.51869708860825181,0.85396060970409415)
 (0.09120382753307904,-0.15445330216928541)
 (0.061380695894856147,0.42944010702799618)
 (0.064214180738684193,0.19776440793143346)
 (-0.22270142792736353,-0.19526871209039648)
 (-1.7049426674085051,-0.18826166937150651)
 (0.53581918622247537,0.93971398219129953)
 (-0.056320252338822485,-1.2660785902462384)
 (-1.2809179775987334,-0.24020032203165945)
 (0.73483334259943756,0.88505623026277158)
 (1.2443995631519282,0.43491213682402374)
 (-0.35919534498864192,-0.2860800385618042)
 (1.2210728764128653,-0.24973489774996421)
 (0.50422441435457022,-0.019181627341727098)
 (-0.72891007047148193,-1.4506337635075108)
 (-0.25187803040020046,-0.32620028757504466)
 (-0.29134791174743191,-0.82941550368801287)
 (0.97947221299600717,-0.54009069003165822)
 (-0.42659079584937942,-0.44970784709954281)
 (-1.2976680924094464,-0.14743348703032361)
 (-0.7494025425558708,-1.1256528095909812)
 (0.069564480983184213,-0.39723589650146518)
 (-0.28311898796777635,-1.1199858750052663)
 (-0.32325352306504418,0.15859085670648018)
 (-0.5918851235088799,0.60780260971533195)
 (0.037686435992463407,0.84944284863335651)
 (-1.4079845328929776,1.4272470703845777)
 (0.40665287184801152,-1.1421001781232916)
 (-0.3017599368637694,-1.2161118319278803)
 (0.30927932073412673,0.43608454822358372)
 (0.64826899236690916,-0.79591070168667577)
 (-0.73165706152654564,-0.56125871681627904)
 (0.53454227771283602,-0.20117308443471418)
 (-0.35200850870388878,-0.2612472198852045)
 (-0.72336870483585758,0.76461614638370212)
 (-0.7024161085639149,-0.56249804361165023)
 (0.72157621534442473,-0.68564109560941988)
 (0.35285720934749343,-0.11480846499855132)
 (-0.4588667384609007,-0.16616658319119965)
 (-0.39263142604616796,-0.32882449384519341)
 (0.15702843521654533,-0.16857510553289132)
 (-0.42198553624586888,0.80122433943629334)
 (-0.1261771420212125,0.87625338315189183)
 (1.1656605359212457,0.74921224637988693)
 (0.84330904872971013,-0.49686149394585621)
 (-0.71399426747124639,-0.15817225983028094)
 (0.49803521804891204,0.41168641824572583)
 (-0.25553547229487805,-0.0196307308590907)
 (0.44615621555362567,-0.19684942402363023)
 (-1.0208946334230715,0.40284085155293653)
 (-0.48267959008424122,0.038709669614744119)
 (-0.039184982482504488,0.33662180672605257)
 (-0.57324918144794867,-0.74554456181329121)
 (0.94291180678575492,0.076587540915413366)
 (0.39262336955158467,0.36560772425744797)
 (0.22428418567746675,-0.54592971499241705)
 (0.12163587831851824,-1.1346312861786878)
 (-0.93298428560409119,0.35401781886810824)
 (0.77640668415513414,0.89118835850261779)
 (1.4933553550131453,0.20974967698605029)
 (-0.56898240024801305,-1.3262185160270907)
 (-0.42420158521611295,0.19817572025664679)
 (-0.084655211812596609,0.15467164555529164)
 (0.015556979557260875,-0.4713587113335504)
 (-0.20004230351399449,0.10516501793553536)
 (0.13003133894086694,0.35413443790227073)
 (-1.258008335959049,-0.54835012862322907)
 (-0.045856953957645274,1.3642032305124687)
 (-0.66740509253305835,-0.23085875159710545)
 (-0.73039445111838819,0.59350833791608792)
 (-1.1957966443753356,-0.23534303261593281)
 (0.092177794970128513,-0.72704108136459722)
 (0.34097868001038639,0.51158675418942545)
 (-0.055111434657156066,0.61216613742814907)
 (-0.42253082915381135,0.33109717483305245)
 (-0.29764288502715752,-1.3984167476178224)
 (0.27822625786725425,0.49542459840293679)
 (-0.39646609400887106,-0.21859822782204691)
 (-0.80948724245800086,-0.078451969473549987)
