# Created by Octave 8.4.0, Thu Dec 11 09:47:22 2025 IST <gamana@Samsung>
# name: rician
# type: complex matrix
# rows: 2048
# columns: 1
 (-0.12243394806540139,-0.19946222989451132)
 (0.067309095748745357,0.26090881492544482)
 (0.98854143790161564,-0.52294279678879818)
 (0.70050542789632542,1.0307682179492761)
 (0.64215085290794738,0.71062978082130446)
 (-1.7293631524435567,0.30455526364328167)
 (1.4220086662537694,-1.3525877810401972)
 (1.7692821830970948,-0.51397238810818868)
 (0.87041134339115178,0.04101609257651595)
 (0.10454769851627888,0.7098405962660348)
 (-0.87829209141807985,-1.060541440550135)
 (-0.31629167779863293,0.517086334115471)
 (0.99125334120356845,0.95743396575143125)
 (-0.75504445225729477,0.98276572781212934)
 (0.19959640365451009,-1.0077755708823755)
 (-0.25720452490624945,-0.018919673383464147)
 (0.73667954302824223,-0.30253202495523701)
 (-0.51003581490715932,0.73822769059854365)
 (0.18730285401241614,0.33340596288473573)
 (-0.19054991085119144,-1.3429544621219538)
 (0.24692745848463057,-0.19272952834100751)
 (-0.16098832466410326,0.41577928972253886)
 (0.18235908697131697,0.50840858218151885)
 (-0.17151274833999697,0.44865815654511765)
 (1.2455888279290896,0.28312377803850314)
 (0.55884060651435397,0.46195423224218812)
 (-0.774627826345899,-0.35740945242612243)
 (-0.32039193718535441,0.64537956687130482)
 (-1.0601380924331618,1.1154562506037862)
 (-0.27422875987929285,0.84672974639411269)
 (0.48428978254949206,0.16192420914530564)
 (-0.39770225224185135,-0.098271684766403009)
 (-0.36562537208822415,0.11601311402931536)
 (0.27337001932168575,-0.2560880222454826)
 (0.54753140974387737,0.33156479205916795)
 (-0.93940526509987499,-0.6503903916689987)
 (-0.41934196201331397,-0.43717164831483157)
 (-0.050620577481097162,-1.4497250323514623)
 (-0.32320636257257312,0.18670806870803311)
 (0.24211288946021381,-0.73271590072303416)
 (0.31117338591288241,-0.31935670000399563)
 (-0.26454340050509995,0.14446185840862069)
 (-0.20195111994043258,-0.58790169579902551)
 (-0.84962133627456859,0.66077605348356938)
 (1.0728501985799006,1.0455280358747776)
 (-0.18242943661473157,-0.12209667275881621)
 (1.2157463645674649,0.51381208635254749)
 (1.0039886059250838,0.2038754521589739)
 (-0.32570958141865758,0.2006339587345991)
 (1.3020353382120917,0.15068672743822442)
 (0.085624460364918747,-0.23770718856969955)
 (-0.19571582184377173,-0.89683217194341069)
 (-1.2870956617273912,-0.58936116528405613)
 (-0.55077004333587321,0.15663363937145552)
 (0.1923099557663224,0.23665060575238947)
 (0.13927782784022222,-0.17411466277218016)
 (-1.3592775301748599,-0.60091069603782121)
 (0.89163160312976208,-0.40231806724788965)
 (0.87137941822820975,0.058260450859412699)
 (0.31007996276273297,-0.087019736975228537)
 (-0.35765830610335664,-1.2939007957891091)
 (0.32331523177903648,0.5179848404555516)
 (-0.24567681703766778,1.2281468244638365)
 (0.92388064259558189,0.06039382598822246)
 (0.19907881927546361,-0.60471388624677869)
 (-0.93237978095878304,0.23056737410353512)
 (1.0564553920284987,0.67941653234063859)
 (-0.32675734271520573,-0.45973273710708262)
 (-0.54004959842352585,1.1814663622893715)
 (0.90660477650013449,-1.0036381887237091)
 (-0.89487063236687669,-0.041370080059075331)
 (0.9173545763489438,-1.0022854424056502)
 (1.2151908213514364,0.13700826445706987)
 (-0.76214698199512199,0.90838048530543858)
 (1.0549380994905151,0.61724353937422705)
 (-0.68437302197788741,-0.28009916032213833)
 (0.069654608815910513,-0.59205020212994475)
 (-0.85014733142189569,-1.2947714457937436)
 (-0.19112157250622047,0.44236274037302309)
 (-0.46381750370170749,0.44635843814696119)
 (1.758082706438501,-1.1511552529461864)
 (0.88749899137130761,0.43572249552085762)
 (0.23630054539357606,0.80698087200970625)
 (-0.31579993564788367,0.33166906700618959)
 (0.27232779865078999,1.1004595638438139)
 (-0.55609557079721528,-0.82894589925440954)
 (0.4378090702021043,1.2147149670273047)
 (0.1036504552736057,-0.12733393166104764)
 (0.26902256220011789,0.24507123830768374)
 (0.70676325307071441,-0.61402244139157824)
 (0.55115529685807374,0.30154166117310627)
 (-0.82336204951307479,-0.34759412960158004)
 (0.33333783180808513,-0.23817272477601711)
 (-0.97676623467381773,-0.41356668743545727)
 (1.6232657753365074,-0.96267464958298909)
 (-0.52232178935984397,0.42278768333534317)
 (0.60005710643704124,0.99604113009145023)
 (-0.27003461061161688,-0.4997823619953185)
 (0.79011242125196568,0.48068411396161093)
 (0.3069475318427542,0.86558282926446939)
 (-0.49416646549250853,1.2966950708386722)
 (-0.75692705824229922,-0.30239355444831806)
 (0.23571304530894982,0.28510433797736151)
 (-0.41095792914441198,0.047742774039049557)
 (-0.80568664867511564,0.27877785908916364)
 (-1.1707884061633489,0.21805268132341155)
 (0.19217054542625861,-0.96287747319998163)
 (0.022365716626854187,0.27207462506583913)
 (-0.32095526511045924,1.2667716376938596)
 (0.41794084466367803,-0.18476289503040993)
 (0.21084097843941155,0.27815155673285785)
 (-0.91047854117760618,-0.67818776363713673)
 (-0.71158486264393639,-0.62869542237699516)
 (0.3396217301326741,-0.29747232614175589)
 (-0.22260190440148353,1.0901087146916337)
 (0.33404549396009164,0.8689344487876034)
 (-0.6355939778573001,1.0274136248501295)
 (-0.31804824524701414,-0.70300802772756166)
 (-0.10025614612061219,0.33853616225341504)
 (0.036455033811570947,-0.73305389157742096)
 (0.66863366136893143,-0.76097957175055075)
 (-0.84764521833640938,1.4562673319782733)
 (-0.68519555056342696,0.054374822415223512)
 (-0.50038318128582049,0.34236818822532211)
 (0.82232557582234311,-0.9580452893636745)
 (-0.21292812035215772,-0.17932081967085223)
 (-0.20336298683430026,-0.35917640049043625)
 (0.28188704736637127,0.3817893425060791)
 (-1.3373964082094862,-2.0318688932813034)
 (1.1593305448321096,0.55443420371333085)
 (0.36445588710056581,-1.1589155823557089)
 (1.0798420775667221,-0.22495329572037326)
 (-0.89537730745017841,0.49896249907278312)
 (-0.90791161670678311,0.1491495121171903)
 (0.060278429247815485,-0.72198232572770604)
 (-0.36696192180878251,0.11540681914560755)
 (-0.25108950577154526,-0.17664345724588515)
 (0.94889876233796711,-0.7396506855082382)
 (-0.10531536264254263,0.75298409112574161)
 (-0.56940896845945888,-0.62469300065095823)
 (-1.2409015101075349,-0.13514514107337611)
 (0.19333879997489956,0.39018173364056941)
 (-0.8684744794525312,-0.94484749328451501)
 (0.078663510225215394,1.1148131845395097)
 (-0.14522501328957324,0.25894449985548057)
 (1.7268461615215951,0.98630687385867843)
 (-0.48734574840481737,0.12014045579365243)
 (1.2219400502901585,0.016685530167694362)
 (-0.52265532424423355,1.0362638227164742)
 (-1.0536732913511435,-1.0717411320598953)
 (0.83773759949805782,0.64224210461913156)
 (1.1350950095286065,0.20345128622343811)
 (-0.10308413119946254,0.38539121296145662)
 (-0.24013972045438747,0.4859788161727423)
 (0.055498284217379457,0.51168967931910703)
 (0.24171281978575845,-0.48706485256273635)
 (0.55217378771247261,0.1362886362369696)
 (0.075518103344399845,0.73162844260337656)
 (0.2011628837403065,0.29400176605876527)
 (-0.49352247885341632,0.22239155749594655)
 (-0.86570720895752351,-0.51179261263944187)
 (-0.069840774259492991,0.23298208652334568)
 (-0.25589355621455634,-0.99217760577195369)
 (-0.96441175050136885,1.3120653563627436)
 (-0.89317995597577271,-0.65035184357568698)
 (0.63560975156454491,-0.76198982902834111)
 (-0.5913672964756751,0.55679991256861816)
 (0.39265972671031601,0.18997584968765868)
 (-0.77816533792774145,-0.61613600836920812)
 (-0.75736948066290977,0.91016864393975794)
 (0.21542711802715103,0.18936263901603217)
 (1.8143533784952184,-1.1970420288913246)
 (-0.54962338767455299,-1.2771486062015276)
 (0.87098378275389776,0.52708001228740009)
 (-0.79629990620711677,-0.51246521152480895)
 (-0.53577372157126579,0.49439028619389536)
 (0.54646206496272565,-0.48796904860632456)
 (-1.2569753776085975,-1.3893934152284517)
 (-0.16398092982365747,0.14190665810753028)
 (-0.4305560511176878,0.64912559369810252)
