# Created by Octave 8.4.0, Thu Dec 11 09:47:22 2025 IST <gamana@Samsung>
# name: rician
# type: complex matrix
# rows: 2048
# columns: 1
 (0.49912699542812083,-0.67765061770512802)
 (-0.65525159641502162,0.70737746798375023)
 (0.29588810274369198,0.29310028179745257)
 (-0.085803443013169667,-0.16787994859675026)
 (0.018226572071135216,-0.090754583811031464)
 (-0.7327672059679291,0.021861093096481099)
 (-1.077658293569526,0.037171967749976609)
 (0.58904557295181947,0.55221326426461459)
 (-0.77662780081997251,-0.34197366677656782)
 (-0.5495660926932241,0.15178332165048483)
 (0.38673746943574849,0.82416998590738288)
 (-0.021108601614520273,-1.3828206599979684)
 (0.8587558391496164,1.1316502843234786)
 (0.13095544866171122,-1.0047548036682643)
 (-0.55695004137936954,-0.4298068885918)
 (1.4725682955730577,1.2981860494693838)
 (0.16803744487469774,0.74910411714511727)
 (0.48760056881176111,-1.0366530490263191)
 (-1.2507552866203602,-0.90522600713784362)
 (0.8955875103169596,0.9854369891151632)
 (-0.29325197282064042,-1.0997003684825446)
 (0.13508801208339838,-0.20759522181926038)
 (0.48744519066308178,-0.29061767993170523)
 (0.14570659527628216,0.55484784176830559)
 (-0.431391557668237,-0.76027731760816564)
 (0.48518930009130867,-0.31619542687681979)
 (0.13219824120017482,-0.011137075557098315)
 (-0.080274151684236517,-0.57092728113277114)
 (-1.2871451869260926,-0.71145707331921648)
 (0.46320526732855766,0.24664817520248114)
 (0.056853781529722924,-0.42861163338596586)
 (1.0786843957011258,-0.07169217663652433)
 (-0.63311656851157516,-1.1493264145667139)
 (0.4984335547937005,-0.23056200901178711)
 (-0.12796767896001904,0.70505425412793687)
 (-0.50609474529229193,0.58359100944239284)
 (-0.15944389078405646,1.0839747605904246)
 (-0.57981413339824639,0.94404792625896883)
 (-1.2602824781310908,-0.43094620565267017)
 (-0.7576630179141105,-0.6200238093189232)
 (-1.019681384245398,-0.15671241895173682)
 (1.0275897755632952,0.36358863141600084)
 (-0.73635820352616255,-0.7011693332746104)
 (0.63338733733023045,-0.44898671100602461)
 (-1.5587931384893632,-0.29308783953621775)
 (-1.1762676971003532,0.28142731076088312)
 (0.56669609475621074,-0.9387320501308698)
 (0.96985635013934501,-0.53147280886403714)
 (1.0849516673148463,0.53044575635854496)
 (0.078597138583657467,-1.4818045877160291)
 (-0.9088297999533349,-0.27500812211080333)
 (1.0723473093597635,-1.0347641097724998)
 (0.59621257563719132,-0.43360072031269875)
 (-0.67716210839391411,-0.64939807142666517)
 (0.74842385966552183,0.55458314260736852)
 (0.42533501291263742,0.79242498805038597)
 (-0.56121708632966139,0.73794457544335434)
 (-0.61194494749384598,-0.80850159580494296)
 (-1.2635371030099418,0.0073690799275411001)
 (-0.35142427153461142,0.31284763151063644)
 (1.4603219121073712,0.29964409537358816)
 (1.0171880469932695,0.72136738885578411)
 (-0.66685274084732593,0.14254245776190114)
 (0.42977672396724154,-0.71242455840710595)
 (1.3520260788104679,-0.2247020630525893)
 (0.6625925974535507,-0.52586326226812441)
 (-0.35067004286469372,0.28524929320364251)
 (1.4978755627944973,0.22880409015546577)
 (0.74365139630599941,0.62622091627824417)
 (-1.151265902765783,0.048693128217752735)
 (0.52679798111753318,-0.03791677918530556)
 (0.75448500828394038,-0.97899327877519349)
 (-0.26273988047755359,1.2976065196371449)
 (0.32892048412693287,0.5198399586684771)
 (-0.17520484601725855,-0.44399352178256274)
 (-0.79286807561808015,-0.86203611284574855)
 (-0.68660332453335859,0.6411412815568176)
 (-0.60066603746486402,1.1130678162736698)
 (0.22105876469258803,0.40900506427063665)
 (-0.56464741841499277,0.90986066750877459)
 (-1.6247371205776238,0.16853974587262166)
 (-1.6965271838326252,0.67487902988737747)
 (-0.15916709119310574,1.2033401038935208)
 (-0.66606126355320305,0.84767257745292168)
 (0.61247972880738399,0.49329664482324909)
 (-0.73302497407734646,-1.3035205521406816)
 (-0.076138343512354323,-0.6215778104881523)
 (1.3091398867033694,1.4654804623916164)
 (1.5379533295245404,0.7696710072561701)
 (0.61621902050980049,0.39416421772146459)
 (-1.2403855540612778,-1.4107259025875554)
 (-0.51985919107236045,-0.45431932585043744)
 (-0.027602544988235146,-0.098265812154546772)
 (0.92371970207271348,0.24247636108767795)
 (-0.23073362109342546,0.34964969547202462)
 (-0.60951559516821263,-0.0564734045410622)
 (0.20709113777473317,0.59712315761856716)
 (-0.5869868270842733,-0.87949209457984956)
 (-0.34588045015498387,0.5715048836302592)
 (-0.51278982451332511,-0.17468513710411668)
 (-0.86366579001728672,-0.37185066727120353)
 (0.66584293508615788,0.43977980107287112)
 (-0.88283264937835892,-0.068740925906416006)
 (0.58401441312342006,0.44814652004366151)
 (0.31567445033893882,0.475007137007736)
 (0.049911662750063153,-0.050525976209257716)
 (-0.65304258370033474,-1.1832089371096721)
 (-0.97486691041554663,-0.30577605965392307)
 (0.15662372967746346,0.51350319506888964)
 (-1.0596290767076675,0.069537185440702087)
 (0.23452363845541546,0.43679410664667717)
 (0.40466566569458634,0.44260843366679986)
 (-1.3910165384992361,-0.25158605304394643)
 (-0.30910206606303753,0.39297659224900555)
 (0.30676843055359865,-0.39091196872955286)
 (-0.24247903993959138,-0.23282590682627338)
 (-0.62940983886963664,0.31066214228959754)
 (0.42137022682468328,-0.87240941659399218)
 (-0.13280480979340714,-1.1438007692845846)
 (-0.096177731196801453,0.72743717072568903)
 (-0.90217796019847363,0.25719162296133252)
 (-0.15998717648291227,0.25627229550161207)
 (-0.18039290023489424,-0.66115723891971045)
 (-0.84769842906291326,-1.1041341589618037)
 (0.043224734667672848,-1.2523580729901025)
 (0.39542927182950105,-0.68113669688461476)
 (0.94995139232301185,-0.32302479657789773)
 (-0.93170692984766856,-0.96040708848279299)
 (0.19796236910714524,1.2106944086233509)
 (-0.75027633452391562,-0.25213395711556685)
 (-0.5977157860767921,-0.44796590328427588)
 (0.84197236636725559,1.0282617178434772)
 (-1.0247118278121885,0.20779220258176967)
 (-1.5398300341265245,-1.2112837722773024)
 (0.42491814664879157,-0.32160280350400705)
 (-1.0835520858135383,0.72335233994624759)
 (-0.0093624034445506932,0.32460723182022094)
 (0.31808217805901706,-0.82258119065022228)
 (-0.56219793312024635,-0.67108991286395769)
 (-0.86818754969582179,-0.86123472494023512)
 (-0.1280878819816412,0.41679764536825237)
 (0.064657314354199649,0.31096325358191307)
 (0.068623367611042763,-0.08138450808611708)
 (0.64086871224971009,-1.5202191556336582)
 (-0.0063748054263383924,-1.5448478116922444)
 (0.87806419723141527,-0.20661096262440959)
 (0.17740821864380243,0.37844779304113241)
 (-0.7017675875480569,1.0558684243028109)
 (0.92444636480637288,-0.67124245003781902)
 (0.18374485258204068,-0.36351636170501189)
 (-0.26484441264569175,0.24337574070116436)
 (-0.31031033946398279,-0.55858139027053033)
 (0.49878683411837432,-0.65425629579179123)
 (-0.30698361742865665,0.14344123048639165)
 (0.60342157156175436,-0.18996291289868733)
 (0.22773537892709161,-0.16919900195493015)
 (-1.0513500130100364,0.7121044133456722)
 (-0.63110093570525239,0.069260907784461784)
 (1.4942495439471788,-0.41326536816942494)
 (0.30861944114120421,0.024386573592832972)
 (0.49411799405804013,1.1009923563300448)
 (0.082375838660611433,0.22175624971307861)
 (-0.31462841524246676,-0.38806744214392452)
 (0.59325758849102539,-0.76065007734668788)
 (0.71564190585397913,-0.50636954126899703)
 (0.1840968126253395,1.5642579102107503)
 (0.47573434604162268,0.309444372936587)
 (-0.29866543642893012,-0.40246664014838635)
 (0.82263654252240548,1.0313968226289487)
 (0.1894834306414141,1.0430277596483837)
 (0.41518773770652728,-1.2612850889950356)
 (-0.3068910782074305,-0.021481416712012591)
 (-0.086614890795944463,0.33361414063110473)
 (-0.98930109370248354,-0.84707834968647711)
 (0.23835124075277464,0.33879268681250213)
 (-0.49156283744114765,-0.34605531401705308)
 (0.2002487499969598,-0.37881582314476364)
 (-0.94663661682159017,-0.76785592211961251)
 (0.76093719821497896,0.13318854916057396)
 (-0.8621360313830172,-0.68340331934051268)
