# Created by Octave 8.4.0, Thu Dec 11 09:47:22 2025 IST <gamana@Samsung>
# name: rayl
# type: complex matrix
# rows: 2048
# columns: 1
 (-0.94905404441628638,0.07423623067388041)
 (-0.096819854610883216,-0.01577498261749416)
 (0.46520728226703922,-0.14757430384460532)
 (0.19518216636804581,-1.4059469103503897)
 (0.33250846369630821,-0.27507580750515931)
 (0.55271425999528512,-1.537751328554098)
 (-0.22850115361177747,0.15612311206025953)
 (1.2508586781932722,1.2996848428879273)
 (-0.023418533355649515,0.21535587495090469)
 (-0.12126688692525006,-1.1046599414970015)
 (-0.37560970407758865,0.98962773201273635)
 (-0.11303808776980295,-0.036853993869968162)
 (0.22774366217434835,0.1654120816894539)
 (-0.0058642387541639265,-0.10145166204404607)
 (-1.0885396140441497,0.0012441756102531953)
 (-1.5712372165130557,-0.17343838883641366)
 (-0.68737516682759481,-0.4987106154887046)
 (-1.7577624659941891,0.010277200376174966)
 (-0.68568216178210839,-0.41772179244914992)
 (0.37491679777003112,-0.030876122532549427)
 (-1.0461437765131094,0.48292102500189255)
 (0.37024142602322152,-0.88735147904098177)
 (0.044655293741874977,-0.1521994106483015)
 (-0.67463051208506153,-0.15380725875351886)
 (-0.047271937884085291,0.03759613583878503)
 (-0.23805878495897126,-0.08477166475354625)
 (0.90907520321265689,-0.065206793641072874)
 (1.0432088240970969,-0.54268066675090854)
 (-0.03048226610545135,0.552749770151024)
 (-0.31077170023600775,-0.75603006961048702)
 (-0.14209033336496843,-0.5868541539381209)
 (-0.58866956444418883,0.10202047274719134)
 (1.2225275112624032,-0.54142887329240463)
 (0.15147040345295615,-0.14802691677369323)
 (0.16934585566967653,-0.0057641567279227285)
 (-0.013764220428648444,0.84654666126646672)
 (0.29026975818151124,0.14829898871424441)
 (-0.19364529075717296,-0.41464547290185705)
 (0.84000226979137338,-0.33095253231305266)
 (-0.42114810048324181,0.12586678304922988)
 (-0.25566320225393824,0.36645685602871902)
 (0.35796678626412409,0.7681140171111337)
 (0.99269158608861607,0.6628804038325129)
 (1.2796366104033963,0.27444014139915623)
 (0.61789908663625415,-1.8807697577903559)
 (0.12695961094366415,1.1965508363683879)
 (0.15746886512414837,-0.32038241239822413)
 (0.4615363271936993,-0.53910150811027646)
 (-1.2844872313560571,-0.024836854951087173)
 (0.34023863735024601,-0.16171815976534212)
 (-0.25380363077484192,-0.44016620356172098)
 (0.38413473705488965,-0.33281690813839415)
 (-1.3575302056880709,-0.15815980629633553)
 (0.59036365535206958,0.45883127070115104)
 (-0.48562029833440856,-0.35480024821007328)
 (-1.9857900594190008,-1.1162512270638436)
 (0.0024326403248842721,0.53240173168751181)
 (-1.0437909194375996,0.25591579903607187)
 (-0.1766737991748811,-0.023146325498713732)
 (0.18681255642237832,-0.15400587748586492)
 (-0.099991419487576394,0.36137015046273735)
 (-0.33482580581475352,1.8768862003172762)
 (-1.1596384263341726,-0.70336388128834859)
 (-0.30552466208562101,-0.47558102040950689)
 (0.026333536621996778,-0.61226477248763334)
 (0.46746092841768383,-1.2147905928682921)
 (0.063771858637511447,-1.0945926281488827)
 (0.3577995546344212,-1.2143440830334036)
 (0.043803924516926621,0.17659220482555055)
 (-1.132599321463772,-0.23044178541614566)
 (-0.18168061059859253,0.0057581095417934686)
 (-0.81205964432472522,0.93786815246180555)
 (-0.79589246006315251,-0.4924083317440282)
 (1.6936030544652911,-1.6643178944509469)
 (-1.1930508282427883,-0.13742411545700817)
 (-0.53201517145361743,-0.33881785696381228)
 (-0.24093300567924691,0.31264541882052921)
 (-0.17699370402086306,-0.37047602752950215)
 (-0.12582833680211092,-1.0903116801443657)
 (0.34709860889452054,-0.32647317217821864)
 (0.3484307409511288,0.56215770819587541)
 (0.17185925360302567,-0.12044716885304635)
 (0.52366480996205467,0.99166091989488292)
 (-0.20407441509092317,0.61481616949228246)
 (-0.1883622316656394,-0.097737116190665302)
 (-1.015873490821688,1.6195191452765634)
 (-0.80718959227925824,-0.48294905059361715)
 (-0.61899296260324332,1.0125545449551927)
 (-1.9589156893414703,2.1277154969878342)
 (-0.42355826993610779,0.69153429916401166)
 (-0.12523119724930798,-0.37482317461732428)
 (-0.28846544723606099,-0.62234117072102602)
 (1.3989030934514248,-1.2334373673257675)
 (1.1191017305100499,0.076742311847246281)
 (-0.26427186590478235,-0.018299458457995452)
 (0.69232950885775635,1.2611136547805581)
 (-0.23155601047981045,0.014259275436884017)
 (0.5222307575280809,-0.80476152752045294)
 (0.32103711420181708,0.36051642542122514)
 (-0.16347437728214476,-0.11183614158019256)
 (0.68390621569833676,-0.50912698170892567)
 (-0.45165439693024922,0.41665192444378607)
 (-0.021158992910688956,0.25614418178995391)
 (-0.6003386566430976,-0.38817519579772441)
 (0.17888209361886892,-0.19592812168718332)
 (0.25454707557943401,-0.65047410052525767)
 (-1.9736028831852124,0.2457518229236611)
 (1.0964876679599571,0.50510876900853519)
 (-0.046731584989126038,-0.19813220189840394)
 (-0.44805057622461464,-0.88608549977571571)
 (0.67198880584650778,-0.41908610495458509)
 (0.17093582477125729,0.095754286670908351)
 (-0.2464641448471703,-0.21550368410872631)
 (0.042461872260691536,-0.22478007673612821)
 (0.4998478085909473,0.33012371066957252)
 (-0.61789733488885967,0.31756430170989225)
 (0.25133685355923696,0.66473968540289552)
 (-0.98994766386746236,-0.40426731012569489)
 (-0.33027667742483413,0.086091438144081878)
 (-0.86164612400128382,-0.85262418464308953)
 (0.87398262140068017,-0.12678865256009225)
 (-0.013656174111867193,0.086244868522428866)
 (-0.79920541864068695,0.37992410483956007)
 (-1.0213212229033306,0.00090744110616364226)
 (-0.40536691067219305,-0.55880334232775564)
 (-1.1994222213483794,1.0462065949107511)
 (0.23144707168031725,0.93449782803391035)
 (-0.033234572305514298,0.35713394009791238)
 (0.18128164461182147,0.40579845078315169)
 (-0.74314991905634376,0.35123379404527416)
 (-0.19347949658353136,-0.62499108394416003)
 (1.5195918096159873,0.78113678280366239)
 (1.1971410486146561,0.17945094714819815)
 (1.4417375676476452,-0.36124156561467957)
 (1.7388669524217533,-0.70858494779035808)
 (1.4293252135082448,0.76577670284892918)
 (-0.31460760592596665,-0.14335492543442374)
 (-0.40599453930973456,-1.233864344517082)
 (0.16313512979405131,0.012843637569465174)
 (-0.88592368341070205,-0.004804151945239088)
 (-1.1313772497669534,0.8931148844159762)
 (-0.35842047121366843,0.75424558624985261)
 (0.022776704668488801,-0.92530532935322019)
 (-0.84963956157201437,-0.44177275355797663)
 (0.85332230002059006,-0.57623881459678494)
 (0.02991047281879498,-0.074482103574108574)
 (-0.20508661760146338,-0.83008097915726831)
 (0.056178575186510898,-0.43482379413962602)
 (0.12467057404096006,-0.36740436796884618)
 (0.007940169573257265,0.013777163240621688)
 (-0.58650767361509293,0.010832305634971534)
 (1.6136211568366423,-0.24374640980675533)
 (0.45874607989408878,-0.46519080304193083)
 (0.016202027254322682,-0.52469451445109083)
 (-0.00036775497320012951,0.37277256399919217)
 (-0.074830515668641726,0.12769184501363867)
 (0.71172221160355253,-0.52429947920848197)
 (-0.19578879506677496,0.55652258306161662)
 (-0.17749844883975752,0.034923691730512421)
 (0.29405200113035973,-0.25809549089427603)
 (0.53589918198235909,0.75302228429421425)
 (0.34888456103822402,-0.81412294838981514)
 (1.4622452814880891,0.11975787791131898)
 (-0.63361465794299476,-0.32932958741932794)
 (0.25516524120040018,-0.11308715859399023)
 (-0.7431470168219716,0.17532237621365082)
 (1.640360390736801,0.60656691828379783)
 (-0.054297889817638612,-0.6890984043795253)
 (-0.38397896044335927,0.23982738411715093)
 (0.24066339982550958,-0.57968262832307349)
 (-0.07114071509098141,-1.3225479930678645)
 (-0.032766056512726377,-0.52356494734154224)
 (0.38427718760703994,-0.34391401615755762)
 (0.33288781458323358,1.9536191183422007)
 (-0.74835664433063465,1.1805697636287473)
 (-0.52871314948524895,-0.67260416932234202)
 (0.48132411553536503,0.9382736818556614)
 (0.19339369919010463,-0.068864480162635466)
