# Created by Octave 8.4.0, Thu Dec 11 09:47:22 2025 IST <gamana@Samsung>
# name: rician
# type: complex matrix
# rows: 2048
# columns: 1
 (1.3655052147357984,-0.56944542135033527)
 (0.94078226868863046,1.3463142040665916)
 (-0.91379224770807777,1.632892400649969)
 (0.26792621213274959,-0.3308276795900732)
 (-0.23951639103345806,0.89411963121027616)
 (0.49367121957212823,-0.43749496851545538)
 (0.88566288407091887,-0.45677464716038907)
 (-0.46289977158716272,-0.8996454524898998)
 (0.3009202932056344,0.36287279594949695)
 (-1.178763767966807,0.87182497549770188)
 (-0.31490219897791738,-0.17367693161560785)
 (0.92578869021207133,0.62458730125896178)
 (-0.51446594851852745,-0.11918177310240236)
 (-0.4218689298615651,-0.51540743581282211)
 (-0.10802049634593654,-0.74006161031158413)
 (0.5660059403106017,0.24142978792919084)
 (-0.37525058491032209,-0.24439740549523609)
 (0.49589799596510348,-0.19648669664193266)
 (0.27740779710201502,0.52520149576264896)
 (0.90858164177339451,0.20361946684707105)
 (0.16813374276181439,0.2121232722294786)
 (-0.54580502936573805,0.91773157825518548)
 (-1.5789460431689,0.47979518617928463)
 (0.72694232441284823,0.90449612825546466)
 (-0.61722823652481362,-0.86593323249280951)
 (0.33836979719849092,-0.3790959951146331)
 (-0.78008769548619861,0.23677769030552925)
 (0.99457777342060993,-1.5468226621087244)
 (-0.20392623933973578,-1.1904691712008371)
 (-0.45233410535265278,0.025369855652523671)
 (-0.32075554924625149,-1.4065004322297341)
 (0.75313289830883856,0.60635138929322197)
 (1.4998784306984487,-0.85504790409466036)
 (-0.67384737766061686,-1.0002868446335318)
 (-0.25591646930455281,-1.3248016861681786)
 (-0.25191944445204284,1.3850136027040094)
 (0.36642774787596877,-0.42724513644428119)
 (0.17932153787186159,0.51641518924308771)
 (-0.56740767532224523,-0.04065869795428162)
 (1.1866583967225455,0.33809274039336301)
 (1.5081217786411143,-0.34921057630949059)
 (-1.4148330459569738,0.73710529152723381)
 (-0.079719584239298952,0.41560778178687957)
 (-0.7722251524660988,-0.037983885891952618)
 (0.74265631864072879,-0.1100659015883698)
 (-0.18604736658704424,-0.35831605742984973)
 (-0.39416744029439155,0.054542994172497472)
 (0.48548813713669547,0.25401852862708041)
 (-0.87732181570308665,0.17820507860891044)
 (0.38164693839716218,-0.26595600504256728)
 (1.2053387544575644,-0.017154502780086844)
 (-0.65396800389002563,0.36205192490993177)
 (-0.21762524422362478,-0.16058594417389821)
 (0.026547599395052635,-0.30651232750390822)
 (1.0856159699683223,-0.1155381562605394)
 (-1.3199387489158128,-1.2960282126052529)
 (0.11609014408108748,0.28407846913774903)
 (0.30826656009921977,1.0962115878683605)
 (0.43597662540844717,0.54867775028091947)
 (-0.59420574895657818,-1.2997721925189987)
 (0.20079348737310998,-0.92608634806714984)
 (-0.40342155378598621,-0.19808328513696119)
 (-0.36086440697278721,0.06886179761459979)
 (-1.3771552725716241,0.27000826721804783)
 (-0.46692202715935538,-0.41366277022376363)
 (-0.95989238553563427,-0.3363531472274594)
 (0.41789626788259471,1.7816715793406868)
 (-0.41816956538909328,-0.52425241772758668)
 (-0.17474238415681304,-0.38559427937486718)
 (-1.0559756241540721,-0.19772539446229165)
 (-0.82599896664547412,-0.0687307248234868)
 (0.31270315737912735,0.429794144256335)
 (-1.449666300977535,-0.85196503893275954)
 (0.38117288201767041,0.0226064481420504)
 (-0.86643212142922243,0.34050417788504345)
 (-0.60798631333025832,-0.17669836417660195)
 (-0.75273178903407911,-0.16859022775432234)
 (0.53005504304957696,0.17356022641295757)
 (0.43692735928530707,-0.43484883003350011)
 (-1.3801255251952729,-0.13953985046788125)
 (0.14443398874927668,0.8586450911177762)
 (-1.0839914475320214,0.4537185929145387)
 (0.28992464430490794,0.59643065902284009)
 (-0.46828946342539901,0.27350553425838509)
 (-0.31368383791311177,0.72065191980988674)
 (0.78911141039011723,0.018840498613114959)
 (0.069703880481228581,0.44612895450527962)
 (0.65097143070425434,0.65695186170218178)
 (-0.67678752869348302,0.33447434858523928)
 (0.50439911770278811,-1.3129987863535122)
 (0.70227607121686675,0.44141913944942685)
 (-0.36647263949768327,-0.37664574817286162)
 (1.8298954392540758,1.6094826461443108)
 (-0.29894270872379247,-0.30861461748256547)
 (-1.1443106707028539,0.20672573678820047)
 (0.43900501426416544,-0.28040281122407967)
 (-1.0594956097117481,-0.45216942223195616)
 (-0.12291920067766338,-0.70607532193740752)
 (0.248554349054665,0.12060087761297955)
 (-0.47150753066078177,0.35530448396370917)
 (1.0885010798985209,-0.70215680314552431)
 (0.13767174294097195,1.2560394518842752)
 (-0.20619236284371648,-0.33283674303389121)
 (-0.4341680792727553,0.11480405559721431)
 (-0.27171653321519817,-0.38774286371057465)
 (2.0031566671614458,0.10740377449421734)
 (-0.96576825928821119,-0.30737896340986126)
 (0.18999836777858276,-0.19992888752280524)
 (0.27881714850021599,-0.10900673453648664)
 (-0.54193557131344905,0.49236853087996013)
 (-0.28903592993484517,0.43219352216716744)
 (0.047786343172730339,1.1931460566586161)
 (-0.33598236640488299,-0.26018781145448333)
 (-0.27313146215529593,-0.1366187122887382)
 (0.56773907282692415,-0.49510537495371393)
 (-0.66766694070664989,-0.15093538874765822)
 (-0.021205397522392977,1.2726560496796915)
 (0.60485055737045845,-1.0737649193202927)
 (0.10095901822550402,-0.49501419516969181)
 (0.29971540435615807,-0.57359421742998173)
 (-1.3107926590487675,0.29495443838927754)
 (-0.15357414059883612,-0.80078308186988623)
 (-0.38877539603159528,1.070543622314339)
 (-0.40389945102363339,-0.35169121468359715)
 (-0.0078404155260488363,0.037858297946100142)
 (0.76510662705913923,1.0673093490284733)
 (-1.4208728608432055,-0.58170345294441783)
 (0.82912318304412325,0.60407783479856625)
 (1.0217356828277249,-0.043244297571438994)
 (0.60542138590977967,0.11748675730428171)
 (0.52011965577360009,-0.57270140971686101)
 (-1.2423236756467551,1.2425227535611756)
 (0.3337941511010642,0.30432637030845117)
 (-1.1957452868614944,0.79147694808233204)
 (0.49971869106986022,0.21555714104366175)
 (-0.13926340037811197,0.47551012112554458)
 (-0.3568602371532783,0.67165813856288237)
 (-0.15119491998646017,1.0936854888334926)
 (0.18203513529235482,0.23376599970424947)
 (-0.26297390345997584,-0.44047557663465986)
 (-1.0544425904961097,0.73472527142640431)
 (0.86618551257492404,0.18184630508394389)
 (-0.46094203713650689,-0.34686819744049008)
 (-1.3831367486415227,0.0034279952074852127)
 (-0.76337370758390344,0.37613982723248141)
 (-0.54117458443716793,0.28305039101374252)
 (0.2252655912723095,0.14039935412851984)
 (-0.15776197090757446,-0.13941270792065993)
 (0.42438460491099705,1.7301787049729755)
 (-0.6700489431750265,-0.48117966275604424)
 (0.95685165234258718,-0.82043564102908917)
 (1.2958114374335115,-0.34330358879526907)
 (-1.5550665245927602,-0.19201933605301935)
 (0.64675940188950309,0.13214004894977852)
 (-0.88526020680638218,-1.2672091173687658)
 (-0.75162149869270678,0.74102362777440667)
 (0.36851113764523102,-0.20115380788343251)
 (0.4999395068756165,-0.80693851726078292)
 (-1.0509399289036561,0.47397702612550341)
 (0.32158593647518607,0.44793746176221994)
 (-0.82730191643807549,-0.54927899932043223)
 (-1.0229779252472491,0.14681972135961052)
 (-0.59082001716568577,2.2003333444821558)
 (1.4471756149141084,-0.74067532353379462)
 (-0.098003524997007679,-0.22744213403947713)
 (-0.20322675128721038,-0.59451926999224347)
 (-0.11194790752474175,0.45357247008263268)
 (-0.71079992196747344,1.4413488079321153)
 (0.23502211540662116,-0.13609621574222297)
 (-0.95808400614824374,-0.95978798842598068)
 (0.086745255268672661,-1.2479615005928264)
 (-0.79520493958611971,-0.18752414773947385)
 (0.44296563535182609,-1.3892241495571322)
 (0.89869790043687803,-0.52968146652433057)
 (1.6825304306312012,0.63458163432636772)
 (-0.33146861899977104,0.7420804073670233)
 (0.68278230023515141,-1.2260325472364086)
 (-0.5194530112705511,0.66325334579854456)
 (-0.89491206342413077,-0.069320163692715153)
 (0.58955617599666754,0.72931474607800773)
