# Created by Octave 8.4.0, Thu Dec 11 09:47:22 2025 IST <gamana@Samsung>
# name: rayl
# type: complex matrix
# rows: 2048
# columns: 1
 (0.56356821742860208,-0.018028194835210676)
 (-0.12628464796507732,0.086785379137544152)
 (-1.4346977616763843,-0.76800719309411369)
 (-0.34431132757885369,0.36833914080916913)
 (0.3811831655401266,0.063049878188093905)
 (-0.13208410203075036,-0.56637504810391415)
 (0.9542510098938628,-0.0061423612948847128)
 (0.35154634433681403,-0.20312371097126641)
 (1.5130930867950183,0.65183919992385286)
 (1.071137300483517,-1.3928656386218163)
 (-0.10975147080373643,0.23821777220654899)
 (-0.49963807104408753,-0.31814384111104294)
 (-0.44485917897653615,0.024597400746962678)
 (-0.29910836425167997,0.076738658936936543)
 (-0.33147583522826862,-0.6545590780782069)
 (0.41329683530870243,0.62434127049168786)
 (-0.3861064697243724,0.82278181317544596)
 (0.25305783532999271,-0.50748756903780401)
 (-0.51395197619129307,-0.30249900103170446)
 (0.30563637069149979,0.10377110175979172)
 (-0.024273627388751409,0.083959618897783708)
 (-0.25346345699851486,0.45308161134596797)
 (0.52016573645166808,-0.55340976633847316)
 (0.50377476142117938,0.062381996323933403)
 (-0.39135108418017656,-0.24562073643747145)
 (-2.1000090611507369,0.8454174366862256)
 (-0.13769390075590029,0.82639070832236139)
 (-0.83692574397647523,0.021749235286418728)
 (-0.16715396098981911,-0.26230566760359192)
 (-1.0470834815397121,-1.6499048755026411)
 (-0.40984487890555166,-0.19624771784423845)
 (-0.38679406363192204,-0.11551319122978368)
 (0.10942950261672485,-0.24476201005067466)
 (1.0743739144046525,0.89180198783621301)
 (0.74664340146387553,-0.78135685352911477)
 (0.41512098337073211,-1.3670712932809013)
 (0.48827481337484041,-0.82908302463046746)
 (1.0520260862129363,0.092908227278978905)
 (-0.581498719746808,1.0501945780520194)
 (0.11773381506771707,0.6081292717561485)
 (-0.31898289462640311,0.60303351970832109)
 (0.17684736358946901,0.72620443349103703)
 (0.41193710353565038,-0.22278214788963557)
 (-1.1539478463983404,0.06681060811284234)
 (-0.62175063071052517,-0.83348704740644108)
 (0.32761253867508577,-0.062365829593365868)
 (0.017200004580631655,0.1512598897739344)
 (0.072284484848816277,-1.2088108739826871)
 (-0.91316535915715202,1.4335984663719297)
 (-0.10255296976493669,-0.44426261107275483)
 (-0.22717217493548897,0.28192081405202968)
 (0.25253082121655368,-0.54657587569411148)
 (-0.10564773665729443,-0.58145415821264612)
 (0.2422673338796994,0.24608994412667384)
 (0.4268479376440798,-0.17169423712120627)
 (1.8682508506374891,-0.36801588693148624)
 (-1.0365387736097993,-1.0442114906355242)
 (-1.0156480554525227,-0.55624954672815541)
 (-0.4647087629711576,-0.16590152488135729)
 (-0.13089862854863599,-2.6634768083801141)
 (0.11132124528442844,0.41825155676818826)
 (0.34544793579357652,-0.68752330739703726)
 (1.7011190999975199,0.25039888065127525)
 (-1.8947474980336692,-0.19357610791760249)
 (1.7289853785808669,0.89642266120091441)
 (0.30060845049662865,0.2034710783552458)
 (0.67665083817271876,-0.4211573701899507)
 (-0.65301570626892136,-1.2680235181802744)
 (-0.31209706391486591,0.6735454009093822)
 (-0.24743329904891914,-0.071076878085401363)
 (-1.5511130471442947,0.056155479291858046)
 (-0.019980261170878824,-0.41021900541608652)
 (-0.67137625247726707,-1.0054972639694602)
 (-0.32175415596600931,-0.17656866324950857)
 (0.19637314283627486,0.45856902636274116)
 (-0.1461399426317016,-0.73212267226571981)
 (0.17897375285968189,-1.1169650477001585)
 (0.74871110939455021,-0.54848134592803033)
 (0.50963905176400737,-0.4756374782943788)
 (-0.0059873527799085141,-0.17303277219464175)
 (0.61307180938549022,-0.87507190372186761)
 (-0.40310253965936482,-0.19285602939248822)
 (0.29773202594444143,-0.77780706891327311)
 (-0.49063125878667696,0.5907921593051304)
 (1.3180979828832853,-0.17581332464153521)
 (1.025809707346502,0.75992081841239267)
 (-0.070428922939057226,0.71520594632493395)
 (0.24904058533033652,0.064825013064951587)
 (-0.82459423612772398,-1.0727832587021804)
 (0.42955154716948679,-0.14246307228241079)
 (-0.54981128471472995,-0.49032540068074082)
 (-0.21170492958666112,0.38019820025428103)
 (0.21890134350624785,1.0439535708628438)
 (-0.28533574961572583,0.26838356976451472)
 (0.09869051348043778,0.63698565455302447)
 (-1.0503340606758567,-1.3363594541775679)
 (-0.68612958403793955,0.78262719308855733)
 (0.17984410722509214,0.064955132020877909)
 (-0.57888350296665425,-1.5182169155647292)
 (1.5236787806764651,1.0528680531448738)
 (-0.29514814838089742,-0.64571162458603615)
 (0.15227734471460858,0.80633743910263544)
 (-0.58086794126269892,0.44045546548211728)
 (-0.039344706938645432,0.20116421834790971)
 (0.33045933848116177,-0.25580553610084872)
 (-0.62648140440560118,0.36501010634491082)
 (-0.49774760414637254,-0.06946279908685879)
 (0.26476244655784176,0.23723419843515753)
 (0.31820772707314698,-0.84044367627534311)
 (0.066227869386121796,-0.6402451694715442)
 (-0.32696939003732117,1.3306437213506066)
 (-0.62077458713863787,0.15839131008240009)
 (-0.55200802137271188,-0.32862752486009644)
 (-0.090689665110618475,0.016996644069286134)
 (0.96308536257854616,-0.085793995515764832)
 (-0.19729943230611066,0.24348725708875779)
 (-1.0120100070596265,1.1127363254080247)
 (0.66293208537293391,0.45432666826673851)
 (-1.6425001233507954,-0.54911874377988379)
 (-0.34433139035167443,0.41252218982557659)
 (-0.13108645460125254,-0.20036220132126184)
 (0.064941203406141096,-0.25149836653782076)
 (-0.4459969065167827,-0.99337370858624496)
 (0.049583690627849633,-0.22669335318651346)
 (0.11728609153755054,0.02159969362201157)
 (-0.14221511620615465,-0.61005415495149629)
 (-0.38264824800915265,-0.026282494453805247)
 (-0.060048508824242619,0.61658307952172542)
 (-1.2214853537121959,-0.12532028754976909)
 (0.78356827993626577,-0.55486030968339051)
 (-0.3746104437716547,0.20076547576057502)
 (0.40893296951154212,-1.1072148048047481)
 (0.60890343142857728,0.29379447422323635)
 (-0.12800542088132924,-0.51492746486758179)
 (0.43904489731729701,-0.13614570144400426)
 (-0.12158921482810842,-0.1223318969214269)
 (0.85166922694475622,-1.1115565739097089)
 (0.24154008830485593,-0.34371347612420733)
 (-0.59712364787876238,-0.29944652059602961)
 (0.026739693060860451,0.20849927150585046)
 (-1.6590068996707779,-0.6513890834877889)
 (-0.687177520211256,-0.82134318805947704)
 (-1.5179958314048785,-0.79976808078077721)
 (0.33574908525616554,-0.51176574272345066)
 (-0.43746895492284182,-0.12630842722267965)
 (-0.088372958486443498,-1.1211370317612466)
 (-0.36171091078980866,-0.44328664539297574)
 (0.12702885187090096,-0.031199156404968911)
 (0.33231746042383492,0.11466821257820231)
 (-0.53716495552553234,0.46777343870151439)
 (-0.78175631816802416,0.3379556746988378)
 (-1.8620488961813806,1.1915339163696743)
 (-0.14615046877162013,0.026410390716792048)
 (-2.4361541920075744,-0.051769771876139181)
 (0.033385665081127724,0.89685419780673969)
 (-0.9762667499447123,-0.27012831003778814)
 (0.15544253356054391,-0.96459776406995357)
 (-1.1787246159254834,-0.82060217059464025)
 (-0.34166637792810234,-0.37678506710225163)
 (-0.24051870215911728,0.25303790158500705)
 (-0.57769545418036172,-0.31341883636992085)
 (-1.1491200100224315,2.2157086548399159)
 (0.31123144437122813,-1.5400354601989965)
 (0.55709112334766187,0.74123530315190034)
 (0.56653638909830251,-0.26113311001376116)
 (-1.0252034220558488,0.5247754164396653)
 (1.0310997082279414,-0.33535460197792361)
 (0.27287939899061647,-0.25648424356075361)
 (0.057705822046129285,-0.23828917782562509)
 (-0.22750944884244767,-0.96381166992538048)
 (1.0288640648687877,1.4923366731999805)
 (0.72492289589017633,0.33901862618373124)
 (1.6621105762196549,-0.13730648616204705)
 (0.79556608444095378,0.1794289507963413)
 (0.19836067968621862,-0.21785263060339921)
 (-0.019202036256805333,-1.0287134642812865)
 (-0.10190422536800192,0.064101441788564723)
 (0.027769357496549296,1.2971393702582965)
 (0.21760745513299151,0.00016510287300430804)
