# Created by Octave 8.4.0, Thu Dec 11 09:47:21 2025 IST <gamana@Samsung>
# name: awgn20
# type: complex matrix
# rows: 2048
# columns: 1
 (0.28113851580563259,-0.35510762636033183)
 (0.35125898457628807,-0.23664706397665441)
 (-0.94957406427075841,0.38097630893464518)
 (-0.91694826141094243,0.9626398445663763)
 (-0.2547474756933229,0.27538650002939169)
 (1.0693359475936026,-1.0054124873448642)
 (0.30932579316465381,-0.33694589355311538)
 (0.32119072432196011,-0.91777400096200368)
 (1.0088378115677856,-0.89928797012838591)
 (-0.95259269009836434,-0.92646656438454034)
 (0.88884679632017105,1.0279037400760489)
 (0.88703489470161179,-0.9361408424225004)
 (-0.90483106280101899,0.25970795101494165)
 (0.30160502297980052,0.25639840617127818)
 (0.87054255824051108,0.87878523542680576)
 (-0.36313722052884712,-0.3894159894758249)
 (-0.29052275592026994,-0.33508969442543668)
 (-1.0346195349365745,0.35426747997384478)
 (0.40483998553007128,0.36380183502152491)
 (0.80844555345002411,-0.87070147855378277)
 (0.36663349979791648,-0.37502894455644936)
 (0.30749946488985747,0.88163236555361169)
 (-0.95156770264296309,-0.97435857198258646)
 (-0.92062812811571115,0.72215314129658836)
 (0.40648892808079695,-0.92628144472501317)
 (-0.29829733600438607,-0.86931725888347766)
 (0.5032440528144031,0.44579335723624813)
 (-1.0206634806642392,-0.34525053225554159)
 (0.88009941543124603,0.95625965061723195)
 (0.90375989700297554,-0.24865241315114037)
 (-0.37066688640930445,0.92263761200921812)
 (-0.96000062665261043,-1.0080584921539282)
 (0.92010475232838795,-0.3748436584733531)
 (-0.39405163527842207,-0.40367906888658184)
 (0.38913532073289658,0.28916909423148468)
 (0.2461595138089554,-0.98306953949150555)
 (0.46398860341257697,-0.29113709941968252)
 (-0.8362114292247802,0.78655371152026621)
 (-0.3685107514689146,0.87865333099083798)
 (-0.86950234822935391,-0.9360764701116927)
 (0.36642152240657111,-1.0125703391314582)
 (-0.93405103140710222,0.21003798019215372)
 (-0.26813304718093345,0.21949993291396941)
 (0.91421646558949576,0.98232159218072856)
 (0.91225313602122315,0.26974122285974017)
 (-0.20009305619821982,0.89669798046062976)
 (0.90711671372556357,-0.40190682539285083)
 (-0.21803075682720185,0.20454306626052346)
 (0.38274405120097704,-0.33216819305848533)
 (0.29540162994292973,1.0052522792571514)
 (-0.23174544960808668,-0.93487142650357913)
 (0.42331005612888439,-0.92847259363096735)
 (0.89338217469041203,0.91892140109103759)
 (-0.32132672121902922,0.84988268145843349)
 (-1.0417843989797273,-0.86361618296690135)
 (-0.36334194475604031,1.0957008569190414)
 (-0.2606742824831963,0.83509564934397995)
 (-0.40726247372572866,-0.31884475694431957)
 (1.0088164759978242,1.0216579220581927)
 (-0.91331168585604616,-0.29288428859607091)
 (-0.87114719905904181,-0.21234505631432093)
 (0.87550894775654475,1.0780347458930433)
 (-0.41747216708560519,0.32672876975975385)
 (0.87178471902160115,0.35725198706953015)
 (1.0271062059754481,-0.85530049400491726)
 (-0.94412427808556332,0.92458140472640771)
 (0.88474720313820665,0.28848522892221118)
 (0.40251690103609927,-0.30909625984608335)
 (-1.0016994787931182,-1.0151519122913621)
 (0.24219200611517144,-0.15335952689202287)
 (-0.28054671508871065,-0.2924627842672512)
 (0.98629265825408319,-0.82990097519614148)
 (0.31449962208560084,-0.86858197978520491)
 (-1.0409984312900673,0.41859823503112259)
 (0.37517923896911282,1.0127809976317725)
 (0.9505596854692302,1.0474296216671508)
 (0.36434302471929281,-0.95631913361289422)
 (0.28660826018659763,0.98061213443329431)
 (0.92190674898716796,0.40429882890981794)
 (-0.2736663267778261,0.34916158812890918)
 (-0.8906250230332643,-0.41990778611567342)
 (0.92741855242437299,-0.89737340403305843)
 (0.34612133829572223,0.32099873199296408)
 (-0.31179139986863441,0.94976735425945291)
 (0.97181632822273856,-0.40529013277678988)
 (0.43384346428478759,0.20102955452626697)
 (-1.0317870943801009,-0.44328778988518891)
 (-0.88385937146748039,-1.0464779646437217)
 (-0.32008972772887789,-0.9965346912581563)
 (0.84862011402087889,-0.24812130036122235)
 (-0.34437546569877497,-0.23097466153465709)
 (0.85725073982002975,0.91725426452048175)
 (0.30233310957532916,-0.28229042937298854)
 (0.46861444934990482,0.80309641236369123)
 (-0.91354531369979053,0.3180990217778048)
 (0.94372466587763582,-0.89485032369980733)
 (-0.35667212853248181,0.27683209619166316)
 (-0.32769531678102304,0.84108317281796152)
 (-0.2716631504185989,0.91241282442670191)
 (1.0352003605056508,-0.93847660042515546)
 (-1.0209942811927974,-0.97853273833170329)
 (0.94652175691200457,1.0198318172633676)
 (-0.37166562147278714,0.32846176496018958)
 (-0.91489620163500618,0.36141078490541412)
 (-0.47175768797140516,-0.29339131856630712)
 (0.87642930638718863,0.30956379044303406)
 (-0.43631808445854653,-0.2701355486545427)
 (-0.91401636533179809,0.22452704579831395)
 (0.95037023613037941,0.29974114266340551)
 (-0.99688482592590544,0.80196739637793901)
 (-0.86913190072427082,-0.78434285486196509)
 (-0.40232643943295637,-0.38633247454527547)
 (0.88464148542613019,1.1025750090905531)
 (-0.41103009230584409,0.9583090067721991)
 (-1.0455707255192632,0.30310936249141518)
 (0.25514958092139312,-0.96690865233995094)
 (-0.36032217613680217,-0.89776628285866922)
 (-0.32754274025682839,-1.0498219829893052)
 (-0.40351785897891301,1.0276116396335941)
 (-0.48869900484183953,0.38404528121998338)
 (0.95435531002416485,0.35024173949851911)
 (0.30467940081307654,-0.97317275027297478)
 (0.99231839590078186,-0.36118158506874043)
 (-0.21765159179083854,1.007669389479334)
 (0.45100194912734926,0.39757659377294707)
 (0.30767309236139778,0.15400625082023123)
 (0.94767600866514923,-0.51156350502793635)
 (0.75289143077180287,-0.27482224190054894)
 (-0.39335045833412285,0.21107984913708178)
 (-0.18275872381652888,0.22897939285636498)
 (-0.20605111792628622,-0.89556794760204439)
 (0.29779385318346008,0.97478548564319212)
 (0.28786951536873628,1.0501124923181642)
 (0.35725008373584011,0.37685359631286042)
 (-1.026152249482374,-0.88154972923127828)
 (1.0039931145410341,-0.3021483549547066)
 (0.28569742757872962,0.32298502884073582)
 (0.33426404694059403,-0.93292190531694785)
 (-0.34021793777455056,0.31647155223827977)
 (0.29923860889566212,0.90685953359256843)
 (0.15210431655285533,0.97400311362871916)
 (1.033584730749826,1.051446607659674)
 (0.38817694098425581,0.27303892299104948)
 (0.97764528509534177,-0.22646288667888481)
 (-0.38488339688345197,0.97164236535618609)
 (0.87403454676170911,0.91921718301268085)
 (-0.93589687029973012,-0.95332376401061469)
 (-0.97316315128613717,0.94133395204411152)
 (0.8975593800579833,0.91716184647665355)
 (0.9670082482601301,-0.99468435512260811)
 (0.82476416321579038,0.36027046535872287)
 (0.36011898146549237,0.46018304429299894)
 (0.38136277393938844,0.38067908042363929)
 (1.1127121601565286,-0.89031125777406672)
 (-0.3572025689170481,0.36319448458950537)
 (-0.96685806213304071,-0.23557054721081511)
 (-0.25932305959670932,0.50753972354584742)
 (-0.36036844686950481,-0.9466143453405943)
 (0.34396381736877479,0.42489164187955336)
 (1.0140994272953947,0.47496399169447889)
 (0.85261970629260087,0.30752120517133846)
 (-0.89616068255321224,-0.92505724247577059)
 (-0.27985985903655664,0.28706581147669302)
 (0.9706437435364007,0.80652946927241265)
 (0.25170219586329806,-0.93854610824631857)
 (0.23390627349848042,0.97192092897434657)
 (-0.2595440256474113,-1.0753165868729175)
 (0.2894397347656385,-0.89297460682713725)
 (0.95848662403524432,-0.97539634348256454)
 (-0.30414609105867102,1.0169854590052643)
 (-0.30347408742351856,0.9618384513099596)
 (-0.18593247835832269,0.32329982275564362)
 (-0.24279980188983522,0.33617041651685808)
 (-1.0495012314741583,-0.87747393076081914)
 (-0.18124513834170128,-0.93720402561124128)
 (-0.36906391401502331,0.9989102539924879)
 (0.28606906077382033,-1.0201660751028274)
 (0.28207576870585838,0.94389949035655374)
 (0.3962615456866998,-0.91644296184284879)
 (1.0075435465297822,0.98717943627797422)
