# Created by Octave 8.4.0, Thu Dec 11 09:47:22 2025 IST <gamana@Samsung>
# name: rician
# type: complex matrix
# rows: 2048
# columns: 1
 (-0.093055465868852189,0.95512836979771376)
 (0.54648877710330845,-1.2712696853558481)
 (0.46816787332221249,0.05408171467375994)
 (0.13346322896786833,0.86491241628578475)
 (1.7053414367720365,0.10581462176616585)
 (-0.72145853573808061,0.25445010040181898)
 (-0.13943647979082102,0.92089329029401124)
 (0.26359571093005035,1.2902962832111953)
 (1.519978431500669,-0.084747530003132732)
 (-0.42041074179246274,-0.18366483574268588)
 (0.87396484231466054,1.6036655166165241)
 (0.33142684027476432,-0.099930732957154378)
 (1.3112053648880977,-1.2516380196974222)
 (0.61576186837998204,-0.43163790993082801)
 (-0.32861628922321595,-0.010339583160109828)
 (-0.50566852304881738,-0.42211888971807793)
 (0.81702918928555412,-0.40285074584127845)
 (0.26633626603149008,-0.30157890852154623)
 (0.48842028597815079,-0.69513790449543489)
 (0.54202095265636052,-1.3197765539193897)
 (0.32320436800453384,0.97027059824651563)
 (-0.060258084083610775,0.11164381281447894)
 (1.5155543860697684,0.3219619798708353)
 (-0.95899668105206903,-0.40321449992800529)
 (-0.71662680272760237,0.60568683731662554)
 (0.15547486302853633,0.099811157616950266)
 (-1.5187247155759778,0.63050055025906682)
 (-1.6584337757377916,0.56807465643204424)
 (-0.34136916842240622,0.2456676799970226)
 (-0.87111357296683489,0.67590337498508002)
 (0.37690156844859846,-0.36458346417652843)
 (0.62849474986708809,0.65978249265509237)
 (0.76553061340233042,0.11629426781337771)
 (-0.23811791749850186,-1.1158811749588091)
 (1.0954602830255173,-0.82787757828164799)
 (-0.88014832405024113,-0.31231217455145499)
 (-0.040440027696778624,-0.97232979186821877)
 (-0.89783455451328298,0.49531009432988504)
 (0.86772438812901331,-1.2656891268490478)
 (-0.60300063681388383,-1.0247059751344723)
 (0.40071553745758359,-0.17148382178041402)
 (0.97263850895194293,0.10892452963671079)
 (1.4459183842903029,-0.015010678169837532)
 (-0.84290768492386992,0.55394115938067057)
 (-0.29509698795103584,-0.23090902042334463)
 (-0.27910208191317093,-0.30686958020995087)
 (1.4548316895502216,0.58415233502847275)
 (0.69312087785609688,-0.66271957810329041)
 (-0.65470910846221742,-0.53750948383347885)
 (0.35781942351903895,-0.2708979252727266)
 (-0.47141911006299059,-0.85926384256783261)
 (0.21411170844183328,0.48982150222988274)
 (0.10358871525920571,-1.0169598524390531)
 (-1.1121032568153073,1.0332167661453864)
 (-0.69741547067998566,-0.16336661557223808)
 (-0.5503194990043786,0.18156849156067634)
 (-1.0442698439587383,-0.60078135435190072)
 (-0.9722185902033228,0.19010949766994778)
 (-1.403816766049538,-0.51528837367456559)
 (0.31758988204902239,-0.012606001369944775)
 (1.2519916874343755,-0.61698741590581863)
 (-0.6168506889084131,0.10290855511259257)
 (-0.022215832962005633,-0.79817335711591175)
 (0.4573321707924779,-0.45453325948073375)
 (-0.70547145523624111,-0.58699376647595991)
 (-0.023533322280125252,0.53011879536974993)
 (-0.19456417901029144,0.2713783341882875)
 (1.2137641481424359,0.59681411800804329)
 (-0.79176813718127947,-0.59014319137626359)
 (-1.251307231579176,0.32134494580593981)
 (-1.4420992424695258,-1.4394184638815382)
 (-0.93297025596512662,-0.35270282859707913)
 (0.18842792652631971,-0.66621821023355088)
 (0.60447173230177709,-1.198102250467977)
 (-1.3009836620512782,-0.6189413667217103)
 (0.029452396564323469,0.71377785566174934)
 (-0.25628631637813609,0.26998683185374778)
 (-0.33997316220596463,-0.21870781378711612)
 (-0.37317392639618441,1.2309156536346706)
 (0.95364644054546766,-0.71773468169920496)
 (0.37801294658924928,0.38025504062662036)
 (1.129203116155723,0.88961308190605037)
 (0.7306745960795209,0.75035745023437106)
 (0.52087283583243038,-0.15130362564848335)
 (0.59343590226880827,-1.1591527492045661)
 (-0.42665925924239378,-1.0349575951528194)
 (-0.38452553895251795,0.052505860411650965)
 (1.7172514985813216,0.74803252042046076)
 (-0.091688156513905952,-0.42530706026481202)
 (1.2485957128594416,-0.16455262872682586)
 (-1.5084384593088476,-1.6546792829211723)
 (-0.2910765386102187,0.4365316017885929)
 (-0.95806546446823493,-0.89462928846969736)
 (0.39401737483990795,-0.95669237411991637)
 (-0.17637056483396854,-0.83954948760622361)
 (-0.24030519907236983,0.16070882889276097)
 (0.1495318116848334,-0.42093205682078461)
 (0.342196237909697,0.20420320651016777)
 (-0.87489496459524596,-0.47904300182595783)
 (-0.26771622984226673,0.42308011477727236)
 (0.45359885596200872,1.2346990962683249)
 (0.71028615833595654,-0.51074901262251426)
 (0.82676831903726578,-0.40212521689868119)
 (0.62588179418948564,0.93287185563211128)
 (-1.1058786045207842,-0.81182619179858784)
 (-0.58473668523015954,-0.19797720910128322)
 (-0.77839891044616394,-0.70671474511989452)
 (0.82103920029966548,-0.66395750822533361)
 (-0.22758210848053304,0.052052156871809613)
 (1.5661802142097978,-1.1481222370420257)
 (0.1100574515143716,-0.10655136572593966)
 (0.44573721069003452,-0.80173776572764488)
 (0.26608134173593745,0.48954566602690819)
 (-0.26262966579198099,-0.33633357955717547)
 (-0.26257994067835777,0.2626060609260949)
 (0.29690177368765575,1.1503683306020169)
 (-0.52321449768990003,-0.25004406414828195)
 (-1.0284466639723453,-0.57710740921229298)
 (-0.22930193387752959,0.35196413604400517)
 (-0.16930503477060033,0.28176479720492398)
 (-0.22275244155456936,1.0744114107072329)
 (1.0667790666112364,-0.98821535744896172)
 (-1.1473994791477016,-0.51604952400912196)
 (-0.36871062141914934,0.37149037862703971)
 (1.3084659511614198,0.73431504907900358)
 (-0.49311440440724258,1.184954634996912)
 (0.59636963709797064,0.36017353713312433)
 (-0.30045421757278201,0.11464497753262123)
 (-0.1256744197823747,-0.75239133867281793)
 (1.345432021477555,0.72156853894002249)
 (-0.9245763457023165,-1.1580274500416432)
 (-0.73687377062995174,-0.5745957882703685)
 (-0.9213711851651355,0.19515320365319616)
 (-0.20067466117692889,-1.0393869522823407)
 (-0.48651722213161441,0.89997035287678706)
 (-1.540844417758755,-0.43248545185092246)
 (-0.321154381168959,0.94335238711455038)
 (-0.85147752118144227,0.74180403003148032)
 (0.17345204408922255,1.3371033438467212)
 (-0.05694225958045597,-0.022373316640702565)
 (-0.49288763716605255,-0.0051741302030313963)
 (-1.0872494379637361,-0.3082509611438336)
 (-0.1531686824233657,0.0034689953990751712)
 (-0.21426251879552682,0.88068809032014517)
 (0.97068578788181492,-0.6592392268664653)
 (1.2774292559396909,-0.2053805709150289)
 (-0.011383815604585013,1.4673085283756853)
 (-0.0040239504546512803,0.13368119028375114)
 (-0.65493455715410898,1.1780846215021585)
 (0.186362221827098,-1.0370682697606626)
 (-0.16713476617928663,0.47650695098302165)
 (0.63905223861027205,-0.23224947151646844)
 (-1.1214556377540323,1.6191555884775606)
 (-0.47753639557720606,0.013556730217613749)
 (-0.50903270532978961,-1.1399256733888607)
 (-0.51449924303920702,0.67632020457932518)
 (0.020597886444836289,-1.2551927614984932)
 (-0.20152524940018701,-0.66447441568690746)
 (0.84377748027713706,0.26255786026585404)
 (0.22238620581879681,0.021065359850977058)
 (0.44320033870917414,0.36995178630003944)
 (0.39394155280593224,-0.45214970570387364)
 (-0.86390720951591971,0.52810938692365372)
 (-0.34373082613904171,1.0252186806208774)
 (0.10291050291251283,0.30056419385246036)
 (-0.21052387773226749,0.29694342059219064)
 (-1.1898701841017902,-0.75040826449724696)
 (0.21369608895512773,-0.21283287900644562)
 (-0.038859508220946082,1.1175952548448589)
 (0.14771242350662367,-1.3356671093182046)
 (0.26666495509418175,0.11939831609197911)
 (-0.19525412961654987,0.17217108725059105)
 (-0.45548938526978611,-1.4114396857621923)
 (0.2498096917504733,0.76817839073811334)
 (0.15797537551287022,-0.41402677636945728)
 (0.70936376470812434,0.56104942902661936)
 (0.13875316440730712,-0.21190759839024892)
 (0.70686359072620508,-0.28330082758334429)
 (0.14900240370819234,0.39919033668557086)
 (1.4180538668379881,-0.14883684589365387)
