# Created by Octave 8.4.0, Thu Dec 11 09:47:21 2025 IST <gamana@Samsung>
# name: rayl
# type: complex matrix
# rows: 2048
# columns: 1
 (0.19325116817951499,0.35793195815717621)
 (0.068813845582011229,0.33055594902535035)
 (0.51891101051978206,-0.14235591924043833)
 (0.17405419559574323,1.0486213703639113)
 (-0.28835959060847327,0.6475725007067068)
 (1.1783367732570178,0.1949849969495436)
 (0.31723199227039289,0.045463485642431231)
 (0.54304941797178674,0.49168309996151055)
 (-0.24860566946021162,-0.46152014149233933)
 (0.79616164881663043,-0.96198163701794448)
 (0.19073558081901965,-0.25644627234151063)
 (-0.20102305980379365,-0.037830406147461249)
 (-0.55587801343171639,-0.46673718630065608)
 (-0.28283005023884406,-0.46895427414364194)
 (0.098590284882219589,0.063521643889208265)
 (-1.0056295025690429,0.40739998989232595)
 (0.42398080198093924,0.0013449754301438355)
 (0.07239906079541944,0.4206763302478046)
 (-1.2433395339320006,-0.54347449496575351)
 (0.34088133562639222,-0.06740881761127826)
 (-1.0574716224103105,1.4118768361636049)
 (-0.67838685110526398,-0.88135613702756355)
 (-0.41591838639952911,0.23627781880285331)
 (0.20084978680400001,-0.29287445990498245)
 (-0.14617997598999447,-0.17948738250883137)
 (0.2524192944253475,-0.36331352829410146)
 (0.15657317194574977,1.283171880055388)
 (0.6436728031446155,0.23285327441488407)
 (-1.7790096936701814,-0.54325889313179077)
 (-0.48187876870758062,0.55987107890273013)
 (-0.033882939032414149,0.012102069081016999)
 (-0.44898251980253184,-0.00048521405370841042)
 (0.78771674941334346,0.47035407560517667)
 (0.2122554521194735,0.11159928969424811)
 (-0.19293629569680976,-0.86006320436440242)
 (-0.039964861204810784,0.51238808334545782)
 (-0.87284288344632333,-0.42023879380260687)
 (-1.1744984244221559,1.2919389498815474)
 (-0.61739760692212409,0.36830753779830144)
 (-0.82949170828395524,0.35281479989591213)
 (-0.005864513219422024,0.38960825304387992)
 (1.1693293233156568,0.1284706354318052)
 (-0.31210286304474638,0.52754718277006529)
 (0.14974727070213439,-0.33011027352886091)
 (-0.62772547892286767,-0.021276372894686368)
 (1.3315274267036001,-0.86610941663353125)
 (0.99487859911382159,0.25834910163588931)
 (0.89059423609949628,-0.48854058750687313)
 (-1.5923268691268277,-0.85063609482920521)
 (0.52618647679808128,-0.61958502060966913)
 (0.36759228362118346,-0.55180876704969162)
 (1.4966584669065526,2.2976301993429753)
 (0.12591849786731696,-0.50058974047860594)
 (1.0225345497249601,0.8493094938923873)
 (-0.88703404269995367,-0.35003836537629601)
 (-1.0063024919582815,0.87581254447627366)
 (0.060859968645301965,0.18823362703246879)
 (-0.030290813522523524,0.23080227753590446)
 (-0.020952613721055412,0.10838081055607718)
 (-1.240733456030706,0.48337544410644284)
 (-1.3862569776723213,-1.5648811009329071)
 (0.49337223024343901,-0.078574215814169429)
 (0.0075898585961018394,0.61768905501079996)
 (0.7266569257880795,0.63786995285603565)
 (-0.38881202758499039,0.21311759498350019)
 (-1.9802021376881536,-0.67837838294414965)
 (1.3213467801696959,-0.73425652264725816)
 (0.23192556003060327,0.17088698003387631)
 (-0.70840239201494171,-0.34018396752923979)
 (0.91996765502010192,-0.50942094242359026)
 (0.46993049404129461,-0.87704829985415922)
 (0.091734259556608425,0.19021004172867206)
 (1.3190352540608132,-1.4908293311479328)
 (-1.4750191055918844,-0.76195116419472186)
 (0.067906242400234906,-0.26671933746924387)
 (0.026054122190699101,0.1423625240463893)
 (0.64010590486607777,0.6222210809923161)
 (0.32510305878100199,-0.61326797130498578)
 (-0.043808584419418276,-0.25378510549230093)
 (-0.097738296974762509,-0.31573002140406492)
 (-1.0792394658425073,-0.60414842404887314)
 (0.15156352715852522,0.36799480562968695)
 (1.2565287581721274,0.43943113306223958)
 (0.89479114481429578,0.65984122944210422)
 (-0.12305563758696109,0.12417347028472236)
 (1.0470035768372996,-0.64829871801365857)
 (0.35953782024198599,0.55482388923698855)
 (0.2742225166175008,0.048954848736087131)
 (1.3265879581913502,-0.85742413321273125)
 (0.59243324325961799,0.28444421505816386)
 (0.14842981715677511,-0.39825625643285339)
 (0.38567809949277077,-0.28308383125410352)
 (1.0882400230809715,0.81306142779213397)
 (-1.0139416421787146,-1.4527563311638683)
 (-0.01894101972190515,-0.48255845389997992)
 (-0.16021593296824496,-0.7150719649441758)
 (0.21003593041210136,-0.12865858044026365)
 (-0.11151337553406465,0.85220647545006567)
 (0.23464579346643338,-0.024562526694636197)
 (-0.12115328853640916,-0.58923470347547635)
 (-0.061391899117420906,0.95566055375419534)
 (0.42958551594741756,-0.73910907520366598)
 (0.13352498711331034,0.1056576184890637)
 (0.27627040852967116,0.43096353179940367)
 (0.013032041507242305,-0.058147572744618264)
 (0.18741143436633378,0.30884195197648762)
 (-0.76447683703749469,-0.59869187437874782)
 (1.1252854118078699,1.3517002373702178)
 (-0.49249761246926504,0.67023912685505993)
 (0.37030131419865009,0.079871784777491378)
 (0.45233890827821943,-0.66460297027629767)
 (-0.98584185380896183,-0.79061799484920492)
 (-1.5741006123056005,0.30183697771945572)
 (-0.62923116476999497,-0.70140614431772719)
 (-0.3828554141906238,0.88496811976321288)
 (-0.4380843465429981,-0.53746684404356104)
 (-0.010018690134855901,0.38974793662356944)
 (-0.84415108139830786,-0.34082968726258434)
 (-0.78072495726382884,-0.74584178333535323)
 (-0.40047949401766414,0.61798930920150119)
 (-0.28013125099315822,-1.0921333557033992)
 (-1.0894132149537255,-0.54973033254157211)
 (-0.19816941672109423,-0.027313464461762665)
 (-1.005468792101158,-1.1403316462674988)
 (0.10955961785735482,-0.14678114990197869)
 (1.9544577744213745,-0.76566496519991367)
 (0.66188702042622505,-0.4908904962765368)
 (0.95597877209139248,0.33463072769509827)
 (0.064974558685008343,0.57687521464203573)
 (0.18433590044134768,0.12606882362531285)
 (-0.12761052805561424,-1.8877258178319813)
 (1.4493945989555601,-0.035784805021288502)
 (-0.043576057219836484,-1.0847882819425476)
 (-0.49984622536074996,-0.82687491252712808)
 (0.13736416617159639,-0.1691383796390297)
 (1.107056078396373,-1.1227602292138297)
 (-0.32729092751688776,0.31240917202175378)
 (1.1130450897483108,0.85668868984184288)
 (-0.79593212190653051,0.31316257047740392)
 (-0.11113932832379414,0.95975921513993401)
 (1.7164441346914925,-0.62553840449284537)
 (-0.31131984353015368,-0.048007826945912269)
 (0.40861197055676513,-0.19945463963089305)
 (0.7804386998637497,1.3270502682941945)
 (-0.37715944821397729,0.70002287974537802)
 (-0.26814980856303572,-0.41990095582149622)
 (0.3566093625796567,-0.36678664902768598)
 (0.59550867548803166,1.5486048537090007)
 (-0.65018879075143476,2.4694338708397074)
 (-0.16294945141928574,0.41471853702212974)
 (0.64372257884522832,0.01191452629339379)
 (-1.4701391737367158,-0.27076908269897448)
 (-1.0907946917889468,0.5073020385221837)
 (0.58880059460606782,-0.74882108063340691)
 (0.40061916526333802,0.12961638099025649)
 (-0.070636241506972591,-0.42819900113810805)
 (-0.33951553072557883,-0.14856138081464362)
 (0.024734116755071422,1.2233247325653354)
 (0.71920778069840297,0.15258877302348545)
 (-1.6629825064234569,0.094857054755046577)
 (0.067473523388721202,-0.30070126459485264)
 (0.33647834369468654,0.91120717836473863)
 (-0.3646147306579075,1.5976170543849291)
 (-0.59090303754386575,0.38663610356716493)
 (0.39592248413458153,0.96881008631774679)
 (0.22151051067661964,-0.46367319197184675)
 (0.006646536834724992,-1.4017875967643545)
 (-1.0831823496217106,-0.91716437750183633)
 (0.028888783198162751,0.19656220216361814)
 (0.020113921116902578,2.1744248216423188)
 (-0.42888171072959691,0.32237265961089123)
 (0.65147713338809254,-0.13459426554004184)
 (0.092071776330721916,-0.18100848064581321)
 (0.30015965461054561,-1.6907791123240323)
 (-0.51021494147848057,0.98058339710684306)
 (-1.4626298863941738,1.0548604789691725)
 (0.090820705630194259,-0.52130790996879162)
 (-0.05162987055728821,0.24449888024672542)
 (-1.9327599033562095,1.0314913183172318)
