# Created by Octave 8.4.0, Thu Dec 11 09:47:22 2025 IST <gamana@Samsung>
# name: rayl
# type: complex matrix
# rows: 2048
# columns: 1
 (0.58730472627255326,-0.030815866892917015)
 (0.74572832286271284,0.3926017527240061)
 (-0.72091008108492605,1.1288296256955324)
 (-1.3152905042183343,-0.4734659734781364)
 (-0.30179929802820271,0.57371469328144142)
 (-0.81764140005946162,-0.90544164022319995)
 (0.22927638521389526,-1.0714410612105951)
 (-0.33403773342118337,-0.012378792665878935)
 (0.81276732675544217,0.54498064442832839)
 (0.38920540619680999,-0.57844125180552419)
 (0.24317807141040038,-0.7492958419482304)
 (0.78240123456622135,0.67912349631434055)
 (0.2209757945688291,0.2986275718242819)
 (-0.092647664395618279,0.062113396021622691)
 (0.61417128831771639,-0.002996771856065561)
 (-0.56712921095672164,0.32493683083240199)
 (0.55141707051490485,0.41524434233999852)
 (-0.13701791127902638,0.025146774933391146)
 (0.86604772082986781,0.55914766780371306)
 (-0.093126736065768934,1.6477750824922852)
 (-0.16700368272734661,-0.44254492516008048)
 (0.90275569202448502,-1.1623677694791563)
 (-0.22177470339300026,0.10256030663041232)
 (0.034803420828925791,-0.45128843318396988)
 (0.20261417651621672,-0.23183790804892412)
 (1.5482405750110015,1.3710100939357506)
 (1.747640117418765,0.080605072727886307)
 (-0.089157243418237608,-0.29978456119129016)
 (0.43649511947455311,0.78830932419190558)
 (0.58082300946859866,-0.29123845755549116)
 (-0.0026628090641259428,0.34572184823268437)
 (-0.36199229528974192,0.66431416581385205)
 (-0.46401249060847788,-0.3008213791841105)
 (-0.932304722778732,-0.43167645162636509)
 (-0.44492762768991639,0.29635426705951379)
 (0.16695582022574507,0.034716539415308584)
 (-0.52190401226555172,0.039186898746814386)
 (-1.8178313021757706,-1.171343822878367)
 (0.20718795428271605,0.88541850266681288)
 (0.25078966499099797,-0.16417217491689118)
 (0.63888757873986723,-0.081422187357465425)
 (0.21744590245921891,-0.50860906934636319)
 (-1.9619732474143814,0.53581669381689556)
 (0.32899338306028403,0.47638096001156272)
 (0.72120768883105635,-0.2394687915836019)
 (0.45417209051508844,0.0019061032272526257)
 (1.296872836270909,-0.69443311801277607)
 (-0.875905110621367,0.76886319676877612)
 (-0.055069688412543116,-0.3059861085608982)
 (0.38004590268544303,0.16963074591338309)
 (-0.11663056333494046,-0.15262882592679219)
 (0.93548554730336164,0.42441440424743482)
 (1.2962263071102835,-0.010259126023860254)
 (0.014585062565849904,1.5758524292865888)
 (0.73034912597111223,1.1792717438435951)
 (-0.21526057157005263,-0.75020743546688506)
 (-0.011228552617536192,1.5242635730457006)
 (-0.26097007346116152,0.64694083352345877)
 (-0.098193269570399977,-1.8842221624850557)
 (-0.36295746206247764,-0.044575328013848295)
 (0.43071155215211288,1.2122396682397352)
 (-0.58769316582591213,-0.15540537300724711)
 (-0.11875018232120439,0.072306364502147683)
 (0.17463695641082855,0.10654456358937327)
 (0.30074328294736974,0.067842820500158663)
 (0.85701617390081519,1.4969993313008825)
 (0.32213144511816627,0.8650342576962412)
 (-0.43854649270509671,0.057476858066494579)
 (0.17113551376738945,0.32064505818222072)
 (-0.42832033363865879,-1.2227141376379196)
 (0.49115678543758656,-0.03442695745736532)
 (0.39174216045518656,-0.080316476287179916)
 (0.27917407971080133,1.5693479004491528)
 (-0.59054314908929828,-0.52809509694438617)
 (-0.21996066316704305,-0.69651198158835281)
 (2.2301926621633514,0.66139477751478881)
 (-1.4828851656277708,-0.37275372082424357)
 (0.066566569421796146,-0.70008813248807922)
 (1.6005655020589293,-0.24105753377454908)
 (0.46532463336393171,-0.17038401317723209)
 (0.2161487361288198,0.16263043641806052)
 (-0.691420901781575,1.3199065704987705)
 (0.68575063233571132,0.51746451357997292)
 (0.2533400848376488,1.4806679986336007)
 (-0.32673740195717205,-0.054659331504395031)
 (0.081035059563071776,-0.034923753271010195)
 (-0.22338702901202445,0.70147226916320737)
 (-0.81432434375723095,-0.034235711054478674)
 (1.446172830074147,1.0079349352919222)
 (-0.032725010256569473,0.22761765828199693)
 (-0.21737993330362798,0.80905530931911307)
 (0.077386969248543908,-0.28366957917073671)
 (0.49786792011877523,-0.34538202714315724)
 (1.2967262104857611,-0.42743176628311558)
 (-0.43692949075968873,1.3109579071488817)
 (0.26426340691065814,-0.18164978847189411)
 (-0.32291590061118725,0.41890582481795646)
 (-0.053095738723900915,-0.22406058617698413)
 (-0.31136596211244649,-0.69869274976458406)
 (0.29636110985850661,-0.39266969911449162)
 (0.28896630601464607,-0.48178181078799848)
 (-0.49578595104615486,0.0040541925173885329)
 (-0.23667849035336636,-0.38499008986885613)
 (-0.43013648790844389,0.61486919560007924)
 (0.4755980921710185,-0.59472969234692452)
 (0.095436683629082419,0.36336952765549918)
 (0.63847282708590836,-0.0071213488222431065)
 (-1.4516772104031743,0.84655286327711399)
 (-0.65059830298169463,-1.1717083959561019)
 (0.27133224445375592,-0.57556926403389674)
 (1.7168277256965621,0.87364764898041103)
 (0.43331665767471039,-0.77355365999423009)
 (0.97764269165267192,1.5246872905900661)
 (1.6899782662980996,0.30212595631967065)
 (1.4394629291907104,-0.52396865803161019)
 (-0.64176009432012371,-0.042002114832970089)
 (-0.41305832303394141,-0.04716830359773326)
 (0.058714182767893294,0.096516979169793446)
 (-1.0542469499531664,-0.44827628473246617)
 (-0.72300426766720749,-0.88090949840540178)
 (0.52191584233410537,0.25162248925921249)
 (-0.39342375894424209,0.94044999758062664)
 (-0.47840370024223716,0.62119975783557169)
 (-0.10881406489173032,-0.45467263296086219)
 (-1.9199968754354757,-1.2724915903266649)
 (-0.85566280533845551,-0.17618759045621848)
 (0.15402846957266755,0.2889011724716497)
 (-0.19318988449756669,-0.10370097910807319)
 (0.65299890376828607,-0.36673339410620576)
 (2.2040351817755819,-0.764368488825931)
 (-1.1765426958891692,-1.2888720960731692)
 (-0.86438611211962291,-0.62279154750818733)
 (1.0186342404459587,0.36912709090909901)
 (0.030387795536741036,-0.72637720368783087)
 (-0.33686547037890108,0.71440746658871623)
 (-1.2742153300209482,-1.33011589930944)
 (0.85555727365734202,0.33868126409919586)
 (-0.4674245153078454,-0.20612195605304467)
 (1.017633085121699,0.61504882850449683)
 (0.13628903462028188,0.66125122938594327)
 (0.027391877008306809,-0.55931078821118696)
 (-0.54682177105703522,-0.38586253330585324)
 (0.32116298054690356,-0.026745455730329021)
 (-0.75445793096208302,0.50144993853631536)
 (0.50311002809203886,0.31340720144726858)
 (0.94824872840813534,0.78340613963512784)
 (-2.4804483207461194,-0.47579116121017351)
 (1.5052526470927767,-0.054179159155779977)
 (-0.48200350107566392,-0.56228416794222136)
 (0.32409763145560078,0.5947028174565071)
 (0.8005500943138264,-0.57938379906296278)
 (-0.11039583692345242,-0.2615388401322879)
 (0.57704781105145575,0.52376026297268663)
 (-0.053692537866370404,-1.1585009095091143)
 (0.2966688712486964,-0.26227345574336763)
 (1.2366558059046837,-1.1118679870826025)
 (0.94512758392130969,-0.79006102882756979)
 (-0.29558353819262256,0.62788725360745157)
 (0.30178184893595705,-0.61159021855632878)
 (0.21646233452776598,1.719935443443751)
 (0.057865142928930927,-0.052290792087807569)
 (-0.50713083754484556,1.7453131913474151)
 (-0.40805235296379466,0.62672023955038869)
 (-0.023489142662792131,-0.16908152896287387)
 (-0.28487841403344372,-0.89676121401660402)
 (-0.043635105543455177,-0.26567296862246426)
 (1.0699769706630127,-0.6205826468309571)
 (0.61363510483912242,-0.020943546824541193)
 (-0.20792805503483969,-0.24949272393328431)
 (0.42677777067850536,0.17061566075036033)
 (-0.19265530218876592,0.6953286450535735)
 (1.9537726131648001,0.040541908000580551)
 (1.9327725188025655,1.2928115619579381)
 (0.30070113151238964,-0.364306388323271)
 (0.25165955280713626,0.45917700010722595)
 (-0.12474906628860016,-0.57078737405980762)
 (0.34903020454782807,-1.785710615135617)
 (0.29010606676295336,-0.030130103109433676)
 (-1.2268630263315849,0.52329659477512191)
