# Created by Octave 8.4.0, Thu Dec 11 09:47:22 2025 IST <gamana@Samsung>
# name: rayl
# type: complex matrix
# rows: 2048
# columns: 1
 (-0.42516144641728715,0.79409716915999817)
 (-0.68986859474069839,-0.11287495704552275)
 (2.6514577034662867,-0.84316287434681936)
 (0.61271708475681597,0.41074131841948824)
 (0.54173995952503973,0.66454567727558722)
 (-0.35060877158780213,-0.48575714916280743)
 (-0.68962801045182431,0.12108080298384528)
 (0.041015245368103803,0.41886510558194612)
 (0.68184360595049709,0.46644948261789132)
 (0.90701737235152546,-0.33218415269249246)
 (0.41145448261837897,-0.31034733480715299)
 (0.65819859801098346,-0.5963405746490873)
 (0.8659447036167135,0.071373879862353773)
 (0.29178653059730497,0.14085133603836136)
 (0.030327564055969231,0.83707577145890155)
 (0.079019724701201055,0.42545796000678199)
 (0.40088852231223571,1.6224996730676484)
 (-0.087672747767965076,1.247292472442221)
 (-1.138790506738792,0.56995489679295153)
 (0.20808323769171339,1.259711096942228)
 (-0.010433069441337317,1.2364499428269318)
 (-0.12207920922414879,0.34267742754461217)
 (-0.25151853873952823,-0.22394804893862116)
 (-0.44728710855244236,0.13264003840931921)
 (0.054095482544074647,0.25651292267477976)
 (-1.2225236319125588,0.3073510353595415)
 (0.63045367901886784,-0.98972893663182604)
 (-1.5366517821056007,-0.22611228480910905)
 (0.68894800927531286,-0.29662688483655486)
 (1.6399178588800052,1.768153999238941)
 (-0.28983065940832825,-0.30476219541127969)
 (0.28990882949738395,0.53603198981811895)
 (0.34448133329430752,-0.1389745980110654)
 (0.82534651266025216,0.37762886488409869)
 (-0.49369100839040314,-0.43393669047790256)
 (0.23915269095570801,-0.4132775047180588)
 (1.1412065004503229,0.18513913345573024)
 (0.02006326214894881,-0.26711370185761391)
 (-0.6365666436930183,-1.310108487262754)
 (-0.19860068119368582,-0.31734745679419807)
 (-0.68775136564346784,-0.26385218689929058)
 (-0.32519116790793995,1.2180031833044787)
 (-0.56064693966958423,1.0145449644465292)
 (-1.2046224516480764,0.47989536723775422)
 (-0.30591891053965742,0.014220065369699331)
 (0.40818742025608429,-0.40153145121336548)
 (-1.5746182409883271,-0.21732263301168508)
 (0.31150681283511095,0.14559514718450411)
 (-0.34014028687224873,-0.77217321155483254)
 (-0.18269268449980031,-0.06440334646283305)
 (-0.27292165619240816,1.7888799745118313)
 (-0.12305449393333801,0.60176672372805018)
 (0.78998470445489255,-0.32075638990981348)
 (-0.48313806449327173,1.4678639262613411)
 (-0.38006502013921356,0.16608686230601546)
 (-0.34721978140549381,-0.67444875217368672)
 (-0.47314934508499845,0.59178438682985091)
 (-0.69456871639056073,-1.2396951732139905)
 (0.76406626081500317,-0.95310312868356439)
 (-0.27188799324830176,-0.37886071080369016)
 (-0.038224996087017488,-0.71316733445220326)
 (-0.44335133639420377,-0.033577299687215789)
 (1.1591269035293996,0.89064004386931006)
 (-0.015239603999072593,0.60958791584626337)
 (1.0040806824125699,-0.49326995583428135)
 (-0.22642514918436718,0.011100996795351342)
 (1.4255561691225322,0.92545951185948239)
 (0.23776729198221577,-0.04406610287289861)
 (-0.94565339879819499,0.47137347024016696)
 (1.1501685646590176,0.69123974441415625)
 (-0.43208778656096791,0.1902355926281166)
 (-0.096593907177312685,-0.22892917764392834)
 (0.56651166774430695,-0.4636888720737104)
 (0.96466321015230616,0.91807428629265131)
 (0.57442018016012453,-0.028874220922425697)
 (-0.18791293538826598,0.32041339484294595)
 (0.53286665337991312,-0.33297198316960647)
 (-0.29981175183996117,-0.013358782557775381)
 (-0.78894202223101051,-0.5487075781922911)
 (-0.24109042838541853,0.58517396907008778)
 (1.2653336873625356,-1.2977291055886131)
 (1.0923007380129506,-0.1503073422222776)
 (2.166342569827111,1.1108463215874753)
 (-1.2433961555194002,-0.34836214494708184)
 (0.20078642426806764,-0.20582593692568096)
 (1.6385245138429902,-0.61882276657270596)
 (-1.318509534643409,-0.49397697490709425)
 (1.3466897678093361,0.50318739336731455)
 (-0.51844419785949492,-0.73176930063831491)
 (-0.032926913248733258,-0.11240183975406098)
 (-0.1965091288348787,1.3986880720919053)
 (-0.37093533718018318,1.2275489015082517)
 (-1.0755924307822129,-0.055849155977546139)
 (0.0047674826894917588,0.29431412177443828)
 (1.2573347402615511,0.20498618553626335)
 (-0.46439896696530791,0.22314004711312815)
 (-0.14507152975356138,-0.3803242151709838)
 (0.56423772088020341,-0.39438110450056846)
 (0.14686908134845558,-0.38643415763079225)
 (-0.64526780746322077,-0.23376594244823901)
 (-0.70657212143704595,0.95032497943687588)
 (1.1193284714295302,-1.1975617998165755)
 (-0.053052398245953571,0.05435375294696853)
 (0.16972997394132761,0.29352129625741719)
 (0.37586135760265998,0.47732569732045665)
 (-1.5161225707763379,0.88622258881854765)
 (0.68481597652318227,-0.014818255273107067)
 (-0.074204333509882592,0.029172213330583865)
 (0.46234658659328498,1.7809081669934828)
 (0.61328040101553827,-1.9073556511456942)
 (0.79531750394020295,-0.17025754761115505)
 (0.16040130378935874,0.30908153048976783)
 (0.16766199708624555,-0.24680081112719401)
 (1.0802263621565964,-0.51228141032548413)
 (-0.96634207962029928,1.0328765735535617)
 (-0.87266468130303498,-0.24376139413958414)
 (-1.4732715094733657,-0.22501827435058003)
 (0.41883593139742892,0.553208289230814)
 (-0.47304198238815309,-0.099046602212158746)
 (-0.96279392143886078,0.17969104284510046)
 (1.7712818342171899,-0.67027143464772165)
 (1.183258380953178,0.86492512136948085)
 (0.28993137320203838,0.88904488617356547)
 (0.026568339564692938,-0.055159553592012953)
 (-0.012442707903909059,0.030345738765032198)
 (-1.265825697498304,0.098783909096497979)
 (1.2224074529331599,0.010856782903206796)
 (0.45726169688724272,-0.63031968824935314)
 (-0.087363533658292788,-0.10127124668172734)
 (0.37277486131568566,0.3023606482580305)
 (0.66828485048427366,1.123483335224029)
 (0.72391048319955442,0.41750189655083286)
 (0.83221468479422922,0.80444402061894926)
 (-0.086186400474037125,0.12569425151239097)
 (3.4276339441999983,0.20360741101144164)
 (0.22259633869355683,-0.86684561414487815)
 (-0.24742336511175009,-0.14414675146076891)
 (0.26995708906325805,-1.127176271978888)
 (0.20870341442542109,-0.97469165926801393)
 (-0.51792106323848486,-0.37836572348412328)
 (0.30030041200017787,-0.35483944880537654)
 (-0.17399661592459725,-0.045739364899467387)
 (-0.16142555381645263,-0.92807680315204788)
 (0.3036050284739113,-0.11210308487662396)
 (0.078495109888324241,-0.53562864838011237)
 (0.15661702640566169,-0.60901496782307474)
 (0.15824112218457848,0.23968243764183994)
 (0.40310306462912443,0.42557313042393091)
 (-2.4961309511404339,1.3414232058754219)
 (-0.99174448208183674,-0.05769179052339396)
 (0.058507076765608887,0.29847546628460453)
 (-0.41393655762227288,0.15588339320089442)
 (-0.096908230206598556,0.1469781791379475)
 (-1.0107582565845852,0.60997588727982222)
 (-0.54616987541658168,1.9795489686320367)
 (-0.17569943163082913,1.4092607127544383)
 (0.85364938672300328,0.36619211378437899)
 (-0.38022375007563486,0.14944223048022193)
 (0.87305790154243113,-1.1035291427999578)
 (-0.49137577686997269,0.89106282369807266)
 (0.13548068795902807,0.96917918716515872)
 (0.16036247199342643,0.4212600431135981)
 (0.36073119155014177,-0.77998812019502284)
 (0.94132409844071596,0.0018601423954166529)
 (-0.11684282259757101,-0.55443660219049939)
 (-1.3842458318282178,-0.18373292800142449)
 (0.77727590329128593,1.675980231728152)
 (0.57270528596034675,-0.21726323251339935)
 (0.80093784758651343,-0.2997368294350139)
 (-0.44607921320182492,0.032848268247591322)
 (0.54048178593022744,-1.1912676026576752)
 (-0.23908283058867405,-0.12231144183859918)
 (-1.4112278236096281,0.23285602384633636)
 (0.33531573879206616,-0.47750840593758992)
 (-0.28545319407786085,0.0064551505751257177)
 (-0.090754928871448259,-0.74639868597239034)
 (-1.1776893898234766,0.78010814480956481)
 (-0.20144152290650333,0.14278424556695343)
 (0.17709573445491084,-0.12058786004199586)
 (-0.29867117454534614,0.59376028904178935)
