# Created by Octave 8.4.0, Thu Dec 11 09:47:22 2025 IST <gamana@Samsung>
# name: awgn20
# type: complex matrix
# rows: 2048
# columns: 1
 (-0.26244099961948941,0.86139860451868377)
 (0.97345347155030015,-0.31786687488118653)
 (0.30606185067561004,-0.836601699130053)
 (-0.25427647763980787,-0.19505643537990963)
 (0.30041904285236509,0.28185152268967117)
 (-0.85679192269230242,0.26802096514492607)
 (-0.34415601493705855,-0.19534480576408034)
 (0.36461731655777524,0.22424632310830467)
 (0.31038005548844144,0.9398593949448234)
 (-0.30674386109504631,0.22884169538837706)
 (0.95162763490938207,-0.29403899730035099)
 (0.26255450161796062,-0.87749245287925115)
 (-0.89923359015201521,0.33077377469591485)
 (-0.9238133009845827,0.95718042531111469)
 (0.81205930243321445,1.0499711552708233)
 (0.21509250014195819,-0.86829499621781625)
 (0.33063106774707157,-0.49540016889536942)
 (0.86809586567685426,-0.95198279063074676)
 (0.87095964840720452,1.0872984594331581)
 (-0.32299323900602167,1.0255358143325088)
 (0.85300606272307133,0.96129914505164116)
 (-0.33676625208231065,-0.16500725782619435)
 (-0.9948632446076412,0.86947175026281576)
 (0.91197012253996479,-0.96412763248457645)
 (-1.0721148507230658,-0.49056753632476691)
 (-0.88030859905848258,1.0196194153034817)
 (-0.20044455546922862,-0.92946392904733233)
 (0.2909221648833058,-1.0322918966153054)
 (0.38932137887278162,-0.97163618359742099)
 (-0.41323476263056558,-0.95371460391835761)
 (-0.96170850177821376,-0.36859530555074549)
 (-0.22952363427321748,0.33489289972669989)
 (0.93590598296479643,-0.90623576163448194)
 (-1.1062304024449054,0.98051609236702231)
 (0.99174569661601941,1.0736416381464511)
 (-0.33063809888804235,0.92459072240295614)
 (0.92911374393814616,0.92247709890522511)
 (0.90669226022668747,0.97927351965311438)
 (-0.42533022406745868,-0.32933834649116789)
 (-0.32121814205276256,0.96908887543937605)
 (0.46646107398617437,-0.27428296110107103)
 (0.91533517229642203,-0.26320753294943089)
 (-0.92104909595019502,-0.3967198344955688)
 (0.22676710304492503,-1.0344869100235901)
 (-0.41525203549927214,0.46180499788181495)
 (-0.29985927209109897,-0.41291063905923991)
 (-0.38383658258476044,-0.85969137095432413)
 (-1.0760105640499218,0.33532481048218971)
 (-0.90356834945787834,0.33558465736447307)
 (0.82631059030758669,-0.24213038266175146)
 (-1.0837761057114343,-0.23794487285973376)
 (-0.16341777704598021,0.33271760000943568)
 (-0.39653163763694277,0.36485303765779087)
 (0.39235249184101345,-0.90326069775868179)
 (-0.27290176136581018,-0.93385699414069112)
 (0.24559746311958303,-0.32545312272035215)
 (0.30617085694960322,-1.0549627518271809)
 (0.91942554554964717,-0.37023564867990572)
 (0.98767841893431441,-0.27828181427002058)
 (-0.35069855109808412,-0.38705887910065895)
 (-0.96609583732111171,-0.99910221347917438)
 (-0.85039643511583807,-0.98332756118233267)
 (-0.32270040500132247,-1.0454464613048036)
 (0.44906995126358362,-0.31975360796634344)
 (0.39058281259249633,0.37048893871896871)
 (-0.27317502037549168,0.91195055319902651)
 (0.27674023461227965,-0.96543312219181887)
 (-0.25928851421493021,-0.98921904230716851)
 (1.0449449057258808,-0.16103464172094437)
 (-0.88746404966264281,0.34033398172132973)
 (-0.40132518690831465,-0.94802354596324612)
 (0.9688651388748154,-0.29297358829817294)
 (-0.92496342666049691,1.0652232640515131)
 (0.32194127552762253,-0.4692078388560163)
 (-0.31811603198259619,0.95603907975234181)
 (0.35286453439552157,0.33071798977134148)
 (-0.368213123538772,-1.0285426030715452)
 (-1.030984825337125,-0.97304289818411893)
 (-0.28869689132360038,0.36884527415879181)
 (-0.95566067061609261,-0.20580574600443896)
 (0.27628691805375083,0.27697227245961414)
 (-0.45711391096662291,-0.2804315479071664)
 (0.37219481109755959,-0.88916008788682643)
 (-0.30030942731148652,0.97784429105563075)
 (0.17049485684223498,0.89225994998649694)
 (0.81549923905823862,-0.25656078028159734)
 (-1.0822033501365764,0.35199522627271229)
 (-0.85037822363712845,0.3271516658483451)
 (-0.88157567585560814,-0.30069872686334503)
 (-0.3807910240819018,0.93897504042592683)
 (-0.28959130262279081,0.2620053893582921)
 (0.35769535697993565,0.90870164296858513)
 (0.37388690639395861,0.92968851249035467)
 (-0.18484027633288577,-0.46564939602326583)
 (-1.068568822425602,0.96860969442247713)
 (-0.31408906311100226,0.46126844907542697)
 (-0.31386901002626133,-1.0307140815428519)
 (0.1233934967709103,-0.97149600781473078)
 (0.83288739162780134,-0.31116485591559179)
 (-0.35965290728637839,-0.29500742643112865)
 (0.83439695215741461,0.45163237516682575)
 (-0.9776726691313351,-0.96696706383900766)
 (0.48997587122518366,-1.0857262016181539)
 (-0.25665162793779561,1.0077982558319762)
 (1.0263455173267388,1.0273980130149514)
 (0.072823983054920882,-0.85489455219181576)
 (-1.0042888001835173,-0.33735709229136229)
 (0.9365556208097584,0.39361362046193366)
 (-0.37529979021550797,-1.0003051622059451)
 (0.44466893741595681,0.45514821441658943)
 (0.94661366101553701,-0.80750726569132425)
 (0.86385114341163305,0.98956579834369596)
 (-0.36171810639312774,-0.30121195539677598)
 (-0.9364443183198059,-0.91391961418852197)
 (-1.0037610999909532,0.90955358384004659)
 (-0.39071460742868747,-0.24311320912803147)
 (0.27187672459745971,-0.30323092129279816)
 (-0.26732693750603975,-0.3489038829051806)
 (-0.83626772468481381,-0.16973842802427658)
 (0.27343145167644622,-0.2547291486297743)
 (-0.27802373957122561,-0.34521903982193181)
 (0.43669811203158693,-0.25989930360902219)
 (0.29571654045294826,-0.31898696538695115)
 (-0.42545130970165862,0.24510657705464345)
 (1.0624630425893151,0.95020452243634612)
 (0.96751913052014293,0.91213409613329088)
 (-0.30347854880583836,-1.0886652978011149)
 (-0.30689615349579058,0.3363578117522088)
 (-1.0408454589875487,0.94241388402794857)
 (-0.90712744029888803,-0.90150390794980828)
 (0.3094855234283182,0.32417726781193001)
 (-0.80154104553128791,1.0525949812855777)
 (0.90774864377722742,0.28000022676146774)
 (-0.97529605801383268,-0.97851578901368663)
 (0.93840398488671017,1.1152891173627715)
 (-0.98145507404629784,-0.43644617705727368)
 (-0.93236426579719744,-0.30933224546045868)
 (-0.98678379705667318,1.0278186299883696)
 (0.96596075351242761,0.97477331652513899)
 (-0.99599127577557345,-0.91626777870279297)
 (-0.27498986778374634,0.20594480917544405)
 (0.94484335847657452,0.24281745753428194)
 (-0.88666314392766821,0.86420176733870135)
 (-0.35047132440915701,0.37005203762111638)
 (1.0512949438919819,0.96275651117540961)
 (-0.94264492255446586,-0.30209270391252119)
 (0.32598629733406237,0.35699509868168017)
 (-1.0472047816667145,-1.0862097327405273)
 (0.93502415654895066,0.97421349704151927)
 (0.35009199722637091,0.31481790453114439)
 (-0.36259808521900716,-0.48755034002139541)
 (0.25524467526655809,-0.28974964694213906)
 (0.27330140501836581,0.2946232315357763)
 (0.94969395246852217,-0.90336420664392847)
 (-1.0731196753659233,0.38039026743251836)
 (0.89514610850620335,0.9362085896641763)
 (-0.96321429251522495,0.3651340425977414)
 (0.98162070379228361,0.86162074714405679)
 (-0.8722147892968839,0.42125253769727139)
 (0.9945245039975199,0.3725012005874177)
 (-1.0163776018689508,0.32280557135345012)
 (1.0038022093305907,-1.0205133535530184)
 (-0.95926731729599346,0.92598255286139486)
 (1.0346252480801077,0.29965324921836617)
 (-0.99121131917268168,0.38434928949354086)
 (-0.25941760214517245,0.30348099628119207)
 (0.19282253812845909,0.26602329473660019)
 (-0.31107825906761477,-0.34222803781168121)
 (-0.28937774340155464,0.93475032354552512)
 (-1.0286241203081439,-0.27276566955041559)
 (0.95308674440572838,-0.32017667662354726)
 (0.33463853687981548,0.91034816247612838)
 (-0.93101902125159119,0.21733582362298237)
 (-0.38201515599896629,0.21464527499908076)
 (-0.85639806584360745,-0.84221128699826986)
 (-0.97027927986397933,-0.91592211436760762)
 (-0.33372628791296044,0.41423199388610749)
 (-0.1836822475463552,-1.0205900530996788)
 (-1.134075248697096,-0.94010353905046173)
 (-0.3225375981309751,-0.90347517518298082)
