# Created by Octave 8.4.0, Thu Dec 11 09:47:22 2025 IST <gamana@Samsung>
# name: rician
# type: complex matrix
# rows: 2048
# columns: 1
 (0.17173511204595743,-0.35324667247396691)
 (-2.0214835309805754,1.0439520898605124)
 (-0.8611656652919264,0.79448264215651365)
 (0.46595058794498068,0.5715150951044573)
 (-0.49052394299702862,-0.56996024623130104)
 (-0.76632688075640631,-1.1966378985870831)
 (0.29936311833355017,-0.23528299908257838)
 (-0.90239406534330624,0.09827745665079074)
 (1.0539529617750658,-1.2286745590568893)
 (0.75935127031347971,-1.2961036472418137)
 (-0.05328251373406858,0.17417160746350338)
 (-0.28474366842740184,0.26568017615855843)
 (0.79070285041490918,0.77042301335887708)
 (-0.56947136122588293,0.9730122449652906)
 (-0.21082681935322442,0.66913190318211213)
 (1.1926356610903648,-1.1504791652040507)
 (-0.20228861802899883,0.75002101454664705)
 (-0.33405978323602153,0.24600182632412543)
 (-0.34466390559226723,0.31928373831561652)
 (0.86760776337810108,-0.82212061833351535)
 (-0.35684311948460501,0.37479659063193016)
 (0.70598316757668655,-1.5160976278980929)
 (0.44016413776525043,-0.11497784718740649)
 (-1.05782313223474,0.08414750254114417)
 (1.6383089502437269,-1.5822981092575932)
 (-0.60900045313576201,1.2446309063137335)
 (0.16029231758336732,0.11162113291824112)
 (-0.42602699819868795,0.46774426561200433)
 (0.17593629167061564,1.3225743345910046)
 (0.37113059091290651,0.42876181275043174)
 (0.57277116735568123,1.021482081359897)
 (1.0392828051897995,-0.59080193528187674)
 (0.37621158610329647,0.23517950769029033)
 (0.49484552921804942,-0.402958069455921)
 (0.28439961258661173,0.38014945703325043)
 (-0.79013106824593571,-0.70425339735326253)
 (0.34518602786363251,0.59845098696982291)
 (-1.10518274554346,0.17320200225119831)
 (-0.27600409963739075,-1.382466851287905)
 (-2.0786001088240043,-0.91584484348663986)
 (0.20457340816530042,0.57185492897193091)
 (-1.0715749892412163,0.75080240841405599)
 (-0.20721403358503454,-1.2062782990145777)
 (-0.24111160896951006,1.0898657347616632)
 (-0.3372133809765242,-0.19237800627506882)
 (-0.20433237945183813,-0.91940919428795709)
 (-0.015287209795439016,-0.57866929525427424)
 (1.0321743472142424,-0.38667367668980429)
 (1.0345118679966729,0.23731978921603042)
 (0.8426718614552049,0.049744212568763185)
 (-0.025191028430529783,-1.3321135303121723)
 (-0.91332249005090127,-0.32730193252869622)
 (-0.28017748691651023,-0.28400441068007576)
 (-0.76518142744860662,0.26693048194047342)
 (-0.13114901359283998,-0.20042604959737925)
 (-0.80978326029583148,-0.97827050119036474)
 (-1.3715050307555317,-1.0566815246272998)
 (0.2648207135384742,-0.27981013688121453)
 (-0.95647317320059133,0.46301419214064771)
 (-0.49226821945073768,0.37864726260762027)
 (0.11420274728721597,1.2215044241119575)
 (1.1096840806008128,0.87105236529517804)
 (-0.14381267755766819,1.1822920901861671)
 (-0.42468759736984563,-0.60118184788321261)
 (1.6080180367362766,0.06265112458521005)
 (0.51867024995293409,-0.30748054223857169)
 (-0.16229971367314763,0.37039071568961712)
 (-1.4668770114656593,-0.20271060410656222)
 (1.0872023553349042,0.31255688900342321)
 (-1.1633984934369119,-0.73762658191695407)
 (-0.34035349585461627,-0.026217490677588218)
 (0.30351414082505529,-0.36302122201219572)
 (-0.59930369492667968,-1.2996764326581411)
 (-0.037937218246363619,0.40702370234335372)
 (-0.029509767442317897,0.15928678320282677)
 (1.0245875293795368,-0.5479974225393347)
 (0.88152758920808716,0.036007406470453029)
 (1.3913026894011693,1.1963030972001338)
 (-1.0157971667718746,-1.3113810065615485)
 (0.48082269817070372,-0.46521098994146731)
 (0.59040723098728365,-0.66932163425947633)
 (-1.0778353572228863,0.8328709764678569)
 (-1.1375158255630882,0.086155560645803986)
 (0.48267995741524261,-0.31209183592580692)
 (0.94246899840116938,0.37003377221604422)
 (0.29311861830048569,0.6167992161712389)
 (-0.29125866815595319,0.21938098603849857)
 (-1.0661551493312857,-0.31250090575843087)
 (0.46218096249410956,1.4809880921516587)
 (-0.60068420324157457,-0.35828648894694437)
 (1.1160655221721389,0.46578411165101935)
 (-0.24874448770778546,0.42622201541476673)
 (-0.070077483832987203,-0.33976256029467378)
 (0.95621189554972352,0.18295821102379195)
 (-1.6383253203537049,-0.059762618344698981)
 (-0.4709248511705193,-0.58573176673705873)
 (-0.0787767868779949,0.19641072595938425)
 (0.66862454282849881,-0.38343710851391932)
 (0.30797220243946222,0.43016448684205555)
 (-0.62669751530669338,-0.69340902770975488)
 (0.81564373437801185,0.46622009984793383)
 (0.40634044382012946,-0.080413425866644572)
 (0.20843423899402258,0.1701652083502086)
 (-0.71218720965006943,-0.43026553947224833)
 (-0.66031533060722114,0.69120959874887888)
 (-0.25370519741917619,1.0869978931044231)
 (0.7740897385411375,0.11292414340695908)
 (-0.073424297647361775,-0.40922350393860274)
 (-0.87861897270022826,-0.071444916111719992)
 (-0.80909846946847641,-0.14230507604353881)
 (0.081898687811209125,-0.82889754421858253)
 (-0.31494751259458148,-0.22722247055437655)
 (-0.34061935607782795,0.24412080874187142)
 (0.95564635870873138,-0.095328928385832623)
 (0.32692266200906417,0.58914434325953435)
 (0.64254551836252716,-0.22748409951451506)
 (0.125505306945142,0.41384784176320605)
 (0.88881895778972142,0.51277299295886869)
 (0.24776063243735269,0.48872151918164197)
 (-0.55825454205947467,-0.054519796856718872)
 (0.89864197684717628,1.1233429880903303)
 (-0.24941856546782776,-0.26672563297771623)
 (0.54729113446549038,-0.31904441147439005)
 (0.78068885789744635,-0.12225727067381674)
 (-0.43705304363827496,0.22988118198886082)
 (1.1769516129786439,-1.5825525694006284)
 (0.61097227793220232,1.200674652510616)
 (0.34233929567138827,1.0939032532617492)
 (0.50212265642308729,-0.66432396845696606)
 (-1.3085970560908469,-0.40260039487971278)
 (0.99584535350941894,0.14597402006709576)
 (0.31341373344065671,1.5326657458269566)
 (-0.98608701497119899,-0.26428186702934109)
 (0.17852291082022356,0.00086382640527424281)
 (0.51524816257093586,0.44017719690192236)
 (-0.68121642331947296,-0.099346824855744531)
 (-0.59647663252856853,-0.83078908143764874)
 (0.32108783445346056,-0.3088800410446777)
 (-0.87012596640117656,-0.62099193639415562)
 (0.31120117968967526,-0.60636449816008064)
 (-0.6759542483401122,-0.98222213479029918)
 (0.25700433000848238,-1.0386670424075026)
 (-0.54502949048878468,0.46709672110348799)
 (-0.56922697003868417,-0.49914912058918115)
 (1.1644417297881009,-0.81637609497466512)
 (-0.47010991139064545,-1.2228428273391048)
 (0.50946270939116667,1.0112868035585187)
 (-0.094708904174974962,-0.036369073243833899)
 (0.18658578517162733,-0.069501039548083232)
 (-0.10828100030418034,0.11800378522588713)
 (1.0267546509575343,-0.55973462453753509)
 (-0.57046530032284171,0.52130637170253324)
 (0.41204050763555167,-0.17616835860009625)
 (0.36143880397892014,-1.0090792596691474)
 (-0.023398719079477659,0.95598543836514871)
 (0.35247856305817993,0.69941502889512797)
 (0.42922089572428379,-0.15300730376967042)
 (0.82334451074467963,-0.12071993834670158)
 (0.81493218650788823,-0.081412995751911549)
 (-0.14975825797906545,1.3764483809181429)
 (0.011850021261905694,0.14140442790433)
 (-1.0416611910997597,-0.85839180088569844)
 (-0.30820545223164475,-0.3430146880481405)
 (0.84607767658822508,0.65297329104505286)
 (-0.39141873901339569,-0.43266841996789157)
 (0.38234738372049515,-0.83959027584809776)
 (-0.35175915503266952,0.69553096458564578)
 (-0.67641782510737714,1.1078965359656514)
 (1.2472585684209092,-0.036471917935138765)
 (0.15700809738141047,0.25491037061832839)
 (0.46270401811430451,1.5429609513441387)
 (-0.30451057904367451,-0.022080823809668443)
 (0.70955141437772218,-0.42948428380683806)
 (-0.65669280664956498,0.08311838053534798)
 (0.16537229332349512,0.27726056439096353)
 (0.43280813183165606,1.3201270780566094)
 (-0.27707068658087236,0.093553965369476175)
 (-0.37241051410735093,-1.1784127273629794)
 (-0.86252766345594212,-0.50207103737250858)
 (-0.076126878120465091,-1.2633589675590942)
