# Created by Octave 8.4.0, Thu Dec 11 09:47:22 2025 IST <gamana@Samsung>
# name: rayl
# type: complex matrix
# rows: 2048
# columns: 1
 (-0.28058711262039754,0.52176625994046122)
 (0.14718663098389501,-0.11034411709155889)
 (-0.18056461123178588,-0.64360599854946876)
 (0.67313604800247684,-0.71376740736869704)
 (0.58916020933023416,0.078348699368678165)
 (-0.19523064340144786,0.15067497137885449)
 (-1.5190280219892613,0.47634118042009821)
 (-0.44811506362480563,-0.70326218994334777)
 (0.12099128988292351,0.0088226131166571353)
 (0.23931315587046736,-0.042116909471282687)
 (0.69479032534695673,-0.42502066989771448)
 (0.34234762306662536,0.017404398089769929)
 (-0.98832565139439388,-2.6022603646372886)
 (-0.67932543277961766,-0.11689611956670307)
 (-0.17263339981480952,-0.2833839706678386)
 (0.28629106215650968,-0.26537248620007525)
 (0.71317654891744664,0.08192555052078726)
 (-0.17440380366412767,1.2659765201291919)
 (0.42161484475606614,-0.23072293958630394)
 (0.31729915657346608,-0.1257333138124283)
 (0.2155395871353834,-2.1277844637244954)
 (0.28553410189413952,-0.16748500408893185)
 (1.4155888429876908,-0.83323681720288756)
 (0.80791538626654713,0.71980205907802164)
 (-0.86584021083580243,0.28380918732944804)
 (0.32248024020830712,-0.55270229593541298)
 (0.59277497269091661,0.24502107637809797)
 (0.055071767242341862,-0.70042935314623045)
 (-0.44801362161608704,-0.22283860900680674)
 (-0.26525912028587784,-1.3913784246340759)
 (-0.32477351679065136,0.36465306554681104)
 (1.0135770474275279,0.24316985064327151)
 (0.69220919053323282,0.050440287224028657)
 (-0.23796400213628444,-0.53431271715015516)
 (0.73320712035600422,0.5484859821620508)
 (0.74460100639216997,-0.70483413693602892)
 (-1.1618473179097408,0.08589358922382051)
 (0.72800760811437859,-0.24822349908193453)
 (-0.70384543647912157,0.24988678837928641)
 (-0.19865010535183172,0.21882299053267831)
 (-0.29680417052844932,0.096477661062825862)
 (0.90789233208129561,-1.1754719717426965)
 (-0.61464318719126321,-0.66096740359833828)
 (-0.34039218874270077,0.04966908871151321)
 (-0.039454157686091326,0.17819537022497617)
 (-0.50332792391435932,-1.0066252869984089)
 (0.28997822915038785,0.69203949212032723)
 (-0.33773523367090563,-0.57396356250615854)
 (-0.017050499552397846,-0.36460238176606663)
 (1.5134506997932098,-0.74547006674663663)
 (0.086832996258225964,0.28168705285156914)
 (1.1776532506327591,0.13407548809165265)
 (0.044652151824904895,-0.84112483325019971)
 (0.13657714725645093,-0.31123609112814582)
 (-0.034439703062951146,0.08422855084679752)
 (-0.77898501400244036,-0.11097530099143332)
 (0.32457396408355949,0.26275159725820735)
 (-0.073978277349799171,-0.32403064279621246)
 (-0.24859860480971963,-0.39746860839861087)
 (0.63109574517747924,0.2721370224552408)
 (-0.040403864204450461,-0.042203256629922685)
 (-0.21989910168548829,-0.84533117611511299)
 (0.33484132231723784,0.24934483606502314)
 (-0.38230756541983202,0.44291522306441622)
 (0.31138269343734859,-1.2460715396161566)
 (0.081739545999667637,-0.32938738813804302)
 (0.31778857656160098,-0.54690128201465205)
 (-0.32548824360507267,0.20122799029013408)
 (-0.27684048160532265,-0.54991247150404909)
 (-0.59199015323825344,-0.44191903861174497)
 (0.40000700384220222,-0.28581118847879955)
 (-0.71958002200062232,0.70247900332217639)
 (-0.45558424302860551,-1.0565040702619755)
 (-0.32084344571444229,-0.28539166806705968)
 (0.3822406400874952,-1.004818139225133)
 (0.081396302266798393,-0.25443537061859434)
 (0.68972569280766727,-0.56521742594309088)
 (-0.19163393994902456,0.11031397900253093)
 (0.37981875111952212,0.029225467845394315)
 (-0.64993211765461634,-0.91617722545061986)
 (1.6693765348282825,0.028455506779110129)
 (-1.6857126071457114,0.44664512011918023)
 (-0.89430912900213533,-0.28190812163081469)
 (-0.032043370421311557,-1.7297098095334444)
 (-0.3607916535993001,0.9940342404653284)
 (0.23642077519058843,0.70597119185921531)
 (-0.44271413946945326,0.070388695761069514)
 (1.2589376498107494,-0.12421321120199202)
 (-0.28631285607097201,-0.65249935350480126)
 (-0.61367317009797961,0.10041687363085933)
 (1.4819581287457511,-0.46488130783507176)
 (-0.94288700309380569,-0.1684100814181248)
 (-0.44312446955762641,-0.23792730563329145)
 (0.058601513171287492,0.33305297744388551)
 (0.2957419120863316,0.0043999334043420685)
 (-0.019745685514849176,1.3147972830603296)
 (1.5610059480441529,0.50741400258156732)
 (1.795673731671277,-1.5350924419189436)
 (0.12432405595414849,-0.31822268467150255)
 (0.42710679608907487,-0.19980989305110658)
 (0.61806808496327781,-0.12193077907371914)
 (-0.40395708477033954,1.3692473914674832)
 (1.3912577656023024,-0.1991175116009542)
 (-0.11062863495023251,0.090854159370597626)
 (0.16282114630162448,-1.1346163451027154)
 (0.48619845296293462,0.22375956140077391)
 (1.1452239090088987,1.775784739441667)
 (0.062472085189266613,0.92503467167936138)
 (-0.046050737364660949,0.086787059827470064)
 (1.1537518496532482,0.46289771968172899)
 (-0.079973324448618544,0.52784723973088798)
 (0.062935996896262239,0.43920716567482432)
 (0.25893310216837584,1.683186725038414)
 (-0.16939077822229337,-0.020505491900892028)
 (0.097118830789736238,-0.35966202147616877)
 (1.5193776826770593,1.462640056099977)
 (-0.7352459340695815,-0.82176275847152469)
 (-1.0481455234974382,-0.7239918415534552)
 (0.819801394061908,-0.55631942757033404)
 (0.65831994912867509,-0.56565955698526538)
 (-0.053729347175088947,0.30090637843702012)
 (-1.5189084068427325,0.65838200603463415)
 (-0.33900397403922211,0.047316310806200995)
 (2.3411064226124272,0.31721799603405154)
 (0.69707681685260692,-0.98275086051015181)
 (-0.069348878907413869,0.45966738564334458)
 (-0.53897905834510207,-0.48863384256632436)
 (1.5364609654918164,-0.62907771119917677)
 (-0.33996101739598866,0.52098336012721891)
 (-0.044674613800276715,-0.038089984940974951)
 (0.1042900877305688,0.84326285775604692)
 (0.77813282443461462,0.43573219161738752)
 (-0.080817103679248659,0.10773613804748533)
 (0.48170825424122587,0.015580984172945372)
 (0.32520894768987646,0.14140690362658787)
 (-1.3713072810950742,-0.944780119226864)
 (-0.093399574485535611,-0.0022408669197437475)
 (0.020812644588665163,-0.95144097296329144)
 (-1.042331099827831,0.573724917265237)
 (0.43841127151529463,0.15939182662164791)
 (0.5122555495656802,-0.36215843142971732)
 (-0.13737888013884683,0.5703987555817247)
 (-0.55065084760313165,-0.36630258073784361)
 (0.21781772158847651,-0.78149199626979404)
 (-0.026167921000426642,0.56370008936591898)
 (0.37366768978156567,1.3664274049009535)
 (0.56762975427320417,0.28193065798572092)
 (0.47949081620176287,0.3466158740684035)
 (0.067853096321213544,-0.21299629201521997)
 (0.28753592431165198,-0.096121254910250142)
 (0.61893022361296879,-0.57901677978099531)
 (-1.0478074152129584,2.745409979829998)
 (0.17850491959722406,-0.23172264245419183)
 (0.0010834825397322834,-1.0322163847374728)
 (-0.4066303514533966,0.9765630806168244)
 (0.40989837302419385,0.31411769842382931)
 (-0.464673835555166,-1.2125837252236034)
 (0.37287529324025265,-0.27927371413592611)
 (-0.5526094293016901,0.35904431743131371)
 (0.68587906262185461,-0.24992447345746585)
 (-0.44837464081510314,0.33990011340519832)
 (-0.40544784277851847,-0.28261054886145415)
 (0.21643842250808945,-0.57579824704706017)
 (-0.35515108449879401,0.42222171063382186)
 (-0.20177350114349438,-0.12398778812180652)
 (-0.57188675735093353,-0.98165855596052121)
 (0.26056499491087631,1.2525675077963458)
 (-0.16236146980663585,0.17313438842158924)
 (0.024055856699330198,0.010695073301446803)
 (0.88916611059902095,0.26864723738731183)
 (0.8473905152152813,0.3299646170831394)
 (2.1472279299580843,0.44143458110342682)
 (-1.6786204414017367,-0.30230843937177565)
 (-0.0095148011994402593,1.019608895008292)
 (-0.34243372275854667,-0.26309271658453126)
 (-0.76537018153485137,0.38947925717005105)
 (0.30684311977906825,0.79572596070635815)
 (-0.33684006241310233,-1.0272549775129611)
 (-0.76460216498264044,1.1012302761745958)
