# Created by Octave 8.4.0, Thu Dec 11 09:47:22 2025 IST <gamana@Samsung>
# name: rayl
# type: complex matrix
# rows: 2048
# columns: 1
 (1.3708167681906287,0.45148693763491532)
 (0.47156816570971011,0.056450418135518987)
 (0.72103517305441744,0.44063193387454092)
 (-0.56650973191940779,-1.5045114764652054)
 (1.0134324740734804,-0.84206081719897752)
 (-0.33077758501631871,-0.72884786526238343)
 (-1.2299906199658421,-1.2760081539004995)
 (-0.27550317902134347,-1.2439982118507396)
 (0.5956903322898468,-1.0716390024109763)
 (-0.10749410910250601,0.50898094632059943)
 (-0.049726484401152869,0.052828362606538344)
 (-0.085580012811485862,0.0058906756739948232)
 (0.27036021603279636,0.73144200855211328)
 (0.32873806160300556,0.64343782590255783)
 (-0.29805124543680961,-0.5215855257387042)
 (0.025332310356758529,0.049348265888780059)
 (2.0632149112660541,0.10951140478735755)
 (0.14290827048149768,0.5119324661638307)
 (0.63734564059985177,-1.0355471318614478)
 (-0.72327781670496716,1.8055953250546621)
 (-0.67488984863158163,0.40983777976588021)
 (-0.52388179843897342,0.3226634789169448)
 (-0.87534465651611915,0.85493346840288531)
 (-0.14668159811694276,-0.24503716186000488)
 (-1.0332564449079558,-0.8295698875395543)
 (0.18147585576440856,0.38402101074641376)
 (0.71093372305438574,-0.85915815470053492)
 (-0.81837243740427745,0.58111888480492313)
 (-0.074454669763943854,-0.39690587059883731)
 (-0.39700599596006964,0.22630128593759674)
 (-0.27628110784760684,0.049486707154696219)
 (0.31757848791097409,-1.8034013395512574)
 (-0.34593931387228949,-0.84677929631624427)
 (0.095322192217583576,-0.13057008714651039)
 (1.7836803271542483,-0.8116857195647682)
 (0.18814151635367116,-0.050852675208913317)
 (0.013432705146307372,-0.3933529684541387)
 (0.88312814349411939,0.66369629408561126)
 (0.66319288350401351,1.182046040341586)
 (-1.0824579701211587,0.6424341723333904)
 (-0.38861304320646445,-0.012854439328967737)
 (-0.29727000608368892,-0.16883183209172001)
 (1.1334631691106267,0.54656127333725957)
 (1.1928712841435836,0.5923292601579615)
 (-0.45476728897799795,0.39882158299631804)
 (0.35216248004695033,-0.36859973657511452)
 (1.8530255354810565,0.71062618714053116)
 (0.57383173454553538,-0.12818186756534369)
 (0.83179004305400206,-0.59633653116212859)
 (0.61139959710474123,-0.24221382777946915)
 (-0.26265369855828913,-0.12628233750155238)
 (-0.20616406910039031,-0.66065236074150036)
 (0.046851463431545753,0.56544405945869403)
 (1.1288387930272787,1.6691038900496078)
 (0.84152905405863765,0.4319010427375144)
 (0.50161071205042296,-0.56920769534320814)
 (-0.48161567638601682,-1.0612090898786832)
 (1.3249018436684203,-0.17126919340721178)
 (0.11179934917190681,-1.0763673955708104)
 (0.016570171426819491,-0.15328381758526671)
 (-0.69416164135295844,-0.10521622315278922)
 (1.4393232263170501,0.1157103562201513)
 (0.80345401439493735,0.55881268323487454)
 (-0.71267419203081128,-0.60072599269936733)
 (-0.45852158375665975,-0.34052951503900586)
 (0.7849040853485062,0.24470241609453405)
 (-0.070641776588069499,-0.0050795862940373679)
 (-1.1662905457805781,0.37717557683503111)
 (-0.053103404574043465,0.14620919142575828)
 (-0.40100364466457494,-0.09086429888936709)
 (1.4747313755367535,-1.3899822648217546)
 (0.10342898559957503,-0.61372676771894108)
 (1.1240174354532617,-0.80751903876098785)
 (0.065609860112929602,0.67724214591682208)
 (0.5655653531020759,0.083292569635600971)
 (-1.8662642721774576,-0.20162193974173004)
 (-0.49495620500202453,0.1313346456883305)
 (0.56555291922140816,0.75121442840699237)
 (-0.2781620626007224,-1.4940572660667455)
 (0.20969764066637542,0.64132667367961049)
 (0.37069219777784018,-0.21756789534348225)
 (-0.58630115530874682,-0.23480890201092786)
 (1.219444136089511,0.56441653061795716)
 (-0.52826047904258944,0.14177130823573905)
 (0.15399004189129573,-0.84959499886985823)
 (0.10845037052660096,0.35079932609004366)
 (-1.2246394926223734,0.23146012449638947)
 (0.69157343316106701,-0.34020052346249186)
 (-1.0076414757678336,-0.77328192614834046)
 (-0.89687187985416128,-0.89427003708703379)
 (-0.0046713959908507366,-0.098900269277312575)
 (-0.56572923877440462,-0.34902970406566391)
 (0.37294527551965306,-0.072505001666409635)
 (-0.13043802507929431,0.39426881798092717)
 (0.53944097561730753,-0.4988795750572832)
 (0.21812806316473554,0.04467897672343675)
 (0.12590971279879878,0.26987493580578281)
 (-0.32103037582531668,-0.32573446393618277)
 (0.83165480817771942,-0.88134785026197493)
 (0.48678984822618876,0.36799271732612249)
 (-0.73450214882304232,-0.14065583438471671)
 (-0.45781890626492816,-1.4932422112450991)
 (0.33338361733400279,2.1497154520759274)
 (-1.1175591623270489,1.5836877944316616)
 (1.2108916948050188,0.60984260278120539)
 (-0.11075167762141751,-0.26111098338220823)
 (-0.72589876301051248,-0.98864136905181832)
 (0.9507757222454698,1.7754310524477832)
 (0.65179542641608079,0.28179085343852961)
 (0.3522496318942489,0.38189116891211522)
 (0.22459558614608749,-0.37670243424146327)
 (1.4094739804218908,0.55972403111678726)
 (0.30744053171343505,0.099937163800462733)
 (0.2320759571054469,-0.43206888724486969)
 (-0.72740891388198259,0.83811049347354261)
 (-0.34773771887752436,-0.041835525335307377)
 (-0.36143065194766744,0.19736831031217217)
 (0.15836852591583028,-0.085761995902765217)
 (-0.38105877084531936,-0.13263501634778388)
 (-0.1592337760101212,0.099277507038811524)
 (-0.59544723920300946,0.27391157735846572)
 (-0.81331711586357103,-0.20228741549192875)
 (-0.057911787086702249,-0.57681408911923726)
 (0.010325777978642231,0.48789543768767074)
 (0.26872214471768768,-0.91029414117751584)
 (0.81435442317216522,0.55941980419501736)
 (0.40398946241377021,-0.059110155779356605)
 (-0.39874868746683573,-0.05359382430289944)
 (-1.4038971005662473,-1.3291301552116781)
 (-0.29843252373180823,0.12724927572433714)
 (0.60122026091065339,-0.10843326032092759)
 (-0.52628571010634584,-0.33383071152674637)
 (0.54584311159642618,0.55614728152853754)
 (0.39451052826291289,0.58207603245592165)
 (0.22528834020698937,-0.98427093877464467)
 (-0.37354586365071163,-0.82436802261460884)
 (1.2902316956947844,1.6414811133416891)
 (-0.75922145956605092,-1.26723973164766)
 (-0.081223992591941241,1.3028071847078868)
 (-0.17251593749874677,0.18236664216352338)
 (-0.51245834502785159,0.83725888869238552)
 (-0.72775351538919919,-0.67052317183904442)
 (-0.63294019634190746,-1.0411774865612833)
 (-0.66435889837523621,0.50041680798911725)
 (-0.37288494789225635,-1.1151356313266532)
 (0.12630752612932189,0.658639517064605)
 (-0.17892168838697575,-0.019927369727034842)
 (-0.65510282433697176,0.82795644838030058)
 (-0.75848781386346831,-0.065174055008544562)
 (-0.809984733006754,0.08710230655930043)
 (-0.3422471865965121,0.56779887381000615)
 (-1.4600635810157907,0.35236559528910644)
 (0.71143741918519632,0.43046676538314321)
 (-0.24515005487616098,-0.18671997788151717)
 (-0.46931679213844796,0.21867159324314456)
 (-0.47847058904841966,-0.74731495408165327)
 (1.2114484815494935,1.5038994252233051)
 (1.5480430356091768,0.99935752716222659)
 (0.38030396317299681,-0.62050479957075311)
 (-0.00037118500783783759,-0.77886252495181896)
 (-2.080983967013518,0.51715358624805763)
 (-0.12372117942741742,0.74509149315218559)
 (-1.3917765842518548,-1.1653196022895103)
 (0.96814236986535007,1.3954727974071681)
 (0.36472068007541358,-0.36353770350097303)
 (0.35643135824002931,0.037719534957990186)
 (0.11179780193818772,-0.40344453275204983)
 (0.12080523207418456,0.15783171020809975)
 (1.5903276998862175,-0.36109937860279206)
 (0.17193980549297855,0.35037025279390699)
 (0.40458662655109628,0.41536938729114864)
 (0.16839547840535718,-0.40034221237070189)
 (1.2287851184296763,-0.5630063040503015)
 (-0.042343986514747592,0.21642144965934362)
 (0.00563690017764433,-0.19485274330974589)
 (0.099341916056369939,-0.88908136857055287)
 (0.38831973399151826,-0.44545653991154704)
 (-0.26668701027825764,2.0171860407390119)
 (0.94508035621860564,-0.034801033949904747)
