# Created by Octave 8.4.0, Thu Dec 11 09:47:22 2025 IST <gamana@Samsung>
# name: awgn20
# type: complex matrix
# rows: 2048
# columns: 1
 (0.37913460801784138,-0.23343247688151403)
 (-1.0465551769110137,0.82351171197131301)
 (0.92569866722189065,-1.0031236995056581)
 (0.33977908494248443,0.99857664982002381)
 (-0.95785609115415693,0.31454276372895401)
 (0.95415685463369437,0.98923947839892357)
 (-0.96538070605560966,-0.29944043293744982)
 (0.88552073319097335,0.87488849982122774)
 (-0.2563081541348865,-0.31798135866231592)
 (0.30851543563733103,0.37275310753601831)
 (0.31271990383546561,0.94096670976097407)
 (0.95363369677443988,0.30632958017510792)
 (0.19800890665274021,-0.26620189846008024)
 (-0.23472325734601776,0.99955789790644289)
 (-0.9692247759743271,-0.99701955400424869)
 (0.96682965642456586,-0.25036653368540124)
 (0.34741962829938522,-0.3923063994552779)
 (1.021266794136757,-0.90594504185529501)
 (-0.88862486695552256,-0.40651779108275443)
 (0.34767508932270808,-0.836891337844752)
 (0.95646058816315849,-0.2905196535995998)
 (-1.0851034104298429,-0.24888512646333105)
 (-0.93514888683696806,0.9448728051267824)
 (-0.99451041755749281,0.32272720291682999)
 (0.82457965593997695,-0.93099347786332753)
 (0.39909016738845676,0.40049868188550464)
 (-1.0138524738274171,-0.33393414329805676)
 (-0.39073771524781575,0.87263143220459694)
 (-0.28516790512367285,0.33285598352113727)
 (-0.96760157169127081,-0.93634899133473104)
 (-0.89433471766203287,0.30378302402016216)
 (-0.34970361785415505,1.0592940273044325)
 (0.89740666340544706,0.27378138695643905)
 (-0.89084120226219998,-0.30172397159994657)
 (-0.99932750639480461,-0.88272728559265567)
 (-0.98168532847361589,-0.88158823160447908)
 (0.32215158557347079,-0.33878104174754015)
 (-0.27580436570085654,-0.86128967120473199)
 (-0.32737341746020993,0.22634449571090093)
 (-0.92326185845649678,-0.8960801964521099)
 (0.88861041166581889,0.22359959136325885)
 (-0.36159062324778124,0.23381570572707064)
 (0.35950773930820706,1.0000911346758516)
 (0.36736743669112881,-0.2922732683534458)
 (-0.30595108467138116,0.91363774120321595)
 (0.14299488619773984,0.90448015469869958)
 (-0.22991856984034309,0.91919033888081192)
 (-0.90294899091814962,0.29425208257154234)
 (-1.0336677279573689,-0.90966432170988043)
 (0.98201014918490115,0.33018051566146611)
 (-0.9782295521064226,-0.83785900982646577)
 (-0.96717409801860843,-0.88327490966450828)
 (0.91784360363012152,0.90785742862482233)
 (-0.93645628872831732,0.3433745139463743)
 (0.23995987949061187,-0.33510893900757793)
 (-0.30463298461428734,-0.99824566092669709)
 (-0.40018965034739806,1.0393917308638907)
 (0.83476570183477128,0.46119892786667915)
 (0.37571612550080585,0.91000637599749679)
 (0.42197689910838815,-0.93633794866281705)
 (-0.28602098791317238,-0.91877932456192546)
 (0.36884001588916865,0.3454490583832911)
 (1.0823140466087497,0.97280673885139946)
 (0.30522148101478602,0.90987938452885042)
 (-0.26586677684034932,1.0205771838135915)
 (0.28403823242666409,0.91421986911180486)
 (0.85488480409673617,0.26122999679018544)
 (-0.91733138626011046,-0.71449348001132762)
 (0.38342683204630235,-0.31099036330819063)
 (0.89113463494111256,0.41621403216013175)
 (-0.90535544444712379,-0.46382185445476404)
 (-0.2884659277571906,-0.29765322395459892)
 (-0.36884190493080565,-0.34904187880130694)
 (-0.44783174347782073,0.96990410281845985)
 (-0.94085051756088023,-0.37934718215540297)
 (-0.27916316238054756,-0.97610177018706545)
 (0.22720833111965841,0.30965328437886608)
 (0.35480590502446113,-0.31031992675020365)
 (-0.9808794286182676,0.38061078125264647)
 (-0.99298977428421398,-0.15030181208151214)
 (0.34745689307591698,-0.91592225260852222)
 (0.88175275363275307,-0.30101087038556307)
 (0.95458366041032805,0.29413695134135942)
 (0.91541040333227486,1.0104772707271976)
 (-0.23978775587686463,0.37787473982433573)
 (-0.34312560902821454,0.34129609962103785)
 (1.0018780178820801,0.32289543695922307)
 (-0.92178587727634087,-0.4769036444954991)
 (-0.95106710501294522,0.96709156090465154)
 (-0.85352813841635622,-0.31404485798319276)
 (-0.29301176172351745,0.39890489175106991)
 (-0.22991743287615457,-0.96987211996576861)
 (0.87685920595053624,0.27875734948245406)
 (-0.39791428861824779,0.33094121319698305)
 (-0.88974782506274663,-0.87794515686598995)
 (-0.88372255898977636,-0.37984600915171429)
 (0.86726704368981511,-0.968914481804098)
 (-0.21534713809320238,-0.8499146323894704)
 (0.98865232276283532,0.24161763279564952)
 (-1.0052981519294151,-0.30131003289695446)
 (0.93906521252163844,1.0424007482482875)
 (-0.3606625020246888,0.36573582302977869)
 (-0.8718561061177047,-0.38808190082065397)
 (0.25671402069044119,0.3997636836322993)
 (0.90096563000480867,0.8836392205908089)
 (-0.35611365522516297,-0.92150661125730127)
 (-0.38845305739472485,-0.23804594401803447)
 (-0.85906886070729438,-1.0533688951901932)
 (0.34088324046975688,0.96453101306615141)
 (-0.24313023711838222,-0.26036186020733854)
 (0.37018614356116847,-0.99644813381265207)
 (0.23326499911705539,-1.0007628282883474)
 (-0.29039428440957543,1.0033031762049969)
 (-0.98857584460984427,-0.94862025049643706)
 (-0.79257774297915773,0.31806553298873963)
 (0.99348061623322825,0.30376127313209039)
 (-0.34185101335234291,0.90974883692696629)
 (-0.23526235311559568,-0.92680007447595836)
 (-1.0366706648797088,0.42384487754034927)
 (0.89170564253018503,-0.30002685870043189)
 (0.31752608799104587,0.43715434994504432)
 (0.31056318173601072,-0.30741268620920864)
 (1.0683137750912877,-0.38245240204088993)
 (-1.0256468806036407,-0.39931869478136617)
 (-0.99854687869669623,-0.35650743811245533)
 (0.93846128423979058,0.95006946120168378)
 (0.98266926308249503,0.35405623474877412)
 (-1.0260931485916667,0.32886051139694522)
 (0.27151971508972267,-0.36116319128862095)
 (0.95441452755569534,-0.8351709518620708)
 (-0.41999713837476677,0.83634665907130201)
 (-1.0175182579350761,0.98496053564613273)
 (0.89217287659525135,0.26278638275397165)
 (0.39570348734831706,0.30308265653981764)
 (0.31156272583310707,-0.34680986728627944)
 (0.94582598876671053,0.15134740136122382)
 (0.98200459656187722,0.95144905656884238)
 (-0.2414763638743721,-0.21803746709440275)
 (0.29351602435097546,-0.89890097836484772)
 (0.859709663847951,0.89753663826956298)
 (0.95031072560486363,-0.14397630413091772)
 (-0.35536942421815165,-0.94721799623711977)
 (-0.99344429391046796,0.20549875957563152)
 (-0.92649684512717434,0.27261122010052119)
 (-0.92953355194761056,-1.0090161741910215)
 (0.15295363103176768,-0.87721317430349388)
 (-0.3598517087866891,0.22762696659788856)
 (0.96428604995237743,1.0912487022472348)
 (-0.35252349299883862,0.32701954502434782)
 (0.96869969028425051,-0.88173273816002184)
 (-0.83376668558049727,-0.94698119977462403)
 (-0.86701259482960413,0.88915139272543386)
 (0.2842241890870264,0.20957664119787989)
 (-1.0409708772067416,-0.41859586026800982)
 (-0.22865200822385928,-0.41409409575061396)
 (0.31659152861487527,-0.38498520797368896)
 (0.21987205210777511,0.22764566370480482)
 (0.3208113225347089,-0.9378199342411534)
 (0.37659827839057436,-1.0004405054828882)
 (-0.33319383940961911,-0.90327415868053862)
 (0.85410397068089405,-1.0408635974188361)
 (-0.41993914002191446,0.88771124551141622)
 (-0.95754612426084162,0.40477121342187283)
 (-0.98846775187226699,-0.95693373371484214)
 (-0.36791404321056287,0.99128528065858446)
 (-0.32030116832598826,-0.83264683036888987)
 (-1.0039375680056113,-0.96776028581739437)
 (-0.95077749247799037,-0.27577743440232788)
 (0.36313414281337902,0.18493338168292997)
 (0.2865206486365961,1.0168727874804238)
 (1.1053183497564356,0.8654225854440154)
 (-0.95724224641046962,0.25776394943014136)
 (-1.0444233244145285,1.0249249660057986)
 (-0.30530079443544555,0.90484389008526456)
 (0.87554359852525787,0.22312866229989314)
 (1.0500881819203245,-0.97882540160763876)
 (1.0527516682698816,-0.34817612580159912)
 (0.32869014116578993,-0.38649956400908858)
 (0.37134988760923343,0.38565780423412016)
 (-0.34659393762766816,0.87067411113174653)
