# Created by Octave 8.4.0, Thu Dec 11 09:47:22 2025 IST <gamana@Samsung>
# name: awgn20
# type: complex matrix
# rows: 2048
# columns: 1
 (0.36890888059073162,-0.96510040889446702)
 (-0.88973588660512204,0.44566626852644925)
 (0.38051091611213811,0.94149190062023769)
 (-0.93908669542631695,-0.94096035209901896)
 (0.87824320045161064,-1.0043924800780422)
 (-0.37039094728648381,-0.30022054457327718)
 (-0.28196949202922034,-0.97000688086146969)
 (-0.37944586774980932,0.39541329065177511)
 (0.33178498475462598,0.90188926558309723)
 (-0.94127291133123914,-0.928942398419074)
 (1.0819817481022276,0.90350393933883133)
 (0.24589818444070133,-0.35102980788244398)
 (-0.99530601386667716,-0.91563613131577792)
 (0.19545157532351071,-1.0073657447834439)
 (0.94671953158030242,0.21569972329190484)
 (-0.39895670778243497,-0.98382112519707399)
 (-0.96344080788978637,0.93308350330961565)
 (1.0603120036878286,0.41045634790888047)
 (-0.26431951134846071,-0.95753423709964314)
 (0.17736555833122272,-0.94759123520822852)
 (-0.30886995489585489,0.35898043462369589)
 (0.34856051606531857,0.25096005584867792)
 (-0.27973229647397141,0.3866313912439876)
 (-0.39081527877173228,0.32796520269323742)
 (-0.31941770532198688,-0.86508091743685833)
 (-0.21973109205577179,0.97784718838700913)
 (-0.39026551077789329,0.22013710837766981)
 (-0.38815295872381006,-1.1799504466383386)
 (0.3494040775380729,0.38516378591641354)
 (-0.27502182930462327,-0.30190895776560078)
 (0.32527166873731117,-1.0240639672918104)
 (-0.27802998848691002,0.33243631698064202)
 (0.3230430968365457,-1.0823518237615546)
 (-0.35232021547194953,0.88894373800182891)
 (0.34546274274306593,0.38618322582877412)
 (0.9193568463099302,-0.96176046978954011)
 (-0.2362365033108943,0.94936481303085718)
 (-0.2123571571700805,-0.24710777394596983)
 (-0.88870166698579234,-1.0659314930761716)
 (-0.25062770974648002,0.27934710876747643)
 (-0.96189724141016053,-0.96166767557044486)
 (0.33642475399822569,-0.26946956008483625)
 (0.94209239080087337,0.85959963885527124)
 (-0.30482996076494595,-0.8419672534490581)
 (-0.32611472780835871,0.82409366370123505)
 (0.31882505219004181,-0.91635940850381836)
 (1.0117593552039517,0.88816430893836507)
 (-0.89280993115270069,-0.95335933125617356)
 (0.96685397094243297,-0.79004140396012312)
 (-0.36816739381740715,-0.94994558096257886)
 (-0.30409456549235042,-0.45994103614211301)
 (1.0187920960755441,-0.29097387714014605)
 (0.30046320374750701,-0.96857377958045177)
 (-0.28292211475420098,0.94318886243247135)
 (-0.96583735108661006,0.96141649614823566)
 (0.98098102665367293,-0.38917314713768913)
 (-1.0316180090945017,-0.81076866529421099)
 (0.96839648834288017,0.21524025398241625)
 (-0.94680193690183756,-0.37816166436987353)
 (-0.31833933811575105,0.89675306796601861)
 (-0.3978498685528723,0.34616212635582111)
 (0.96353969725284794,0.21491392949352695)
 (-0.9817713010843766,0.93688093444375964)
 (0.88705076957415085,-1.0107294072658468)
 (0.31705161902320489,0.31896031792265717)
 (0.20987182408634902,-0.35964054077585539)
 (-0.92436071522718799,-0.94800986396273856)
 (-0.93444852015111191,0.9028456486059091)
 (-0.38414968775276798,-0.3145238598665141)
 (0.91857494554230668,-0.9458582300483549)
 (-0.93517998036071281,-0.92290649780014844)
 (0.87427624436075113,0.95042287828628635)
 (0.3188262658321393,0.94306261734740437)
 (-0.14410925437849545,-0.29211980269287191)
 (0.9090540162146884,-0.83328704479658089)
 (-0.25756657109476727,1.0427111930307433)
 (-0.96311439797263276,-0.32560372581743546)
 (-0.95141079041976218,-0.31380453108685663)
 (0.85093599916927676,0.80539698329320675)
 (-0.21596314667349603,0.93634061495005894)
 (0.86614093932465275,0.4019216396420599)
 (-0.31446193635541647,-0.41966745463042265)
 (-0.91988534665084909,0.98215723607178562)
 (-0.80627130050833973,-1.0156689882090812)
 (0.31897453712937673,-0.35104010241549721)
 (0.95730228950897134,0.9286967645447004)
 (-0.95989800710960871,-0.36780933450869002)
 (-1.004596409205855,-0.31634121424581541)
 (-1.0228095549196659,-0.9654678425193014)
 (-0.98782828253193022,-0.23529145660242889)
 (-0.22022788551885503,-0.31418223301847686)
 (0.89219290162364395,0.40512479760745729)
 (-0.36474509451729709,0.85064603112206838)
 (0.88790057854605409,0.96434406647693571)
 (-0.56848997728322781,0.26391564962973357)
 (-0.26673114599063474,0.2722321572618539)
 (-0.82833495296556903,-0.94759994189543972)
 (-0.30370946479643907,0.19429824283537531)
 (-1.0541148710564656,-0.22434158304664348)
 (0.88274509206488461,0.39941462557424845)
 (-0.97517983573136169,-0.86067864370994362)
 (-0.96501842826216977,-0.94720431580931386)
 (-0.32878733262502763,0.36853220970951389)
 (-0.82410550078155942,0.96334866722335744)
 (-0.31117570156948599,1.1013890410911931)
 (-0.95203517573897811,0.80414378969964095)
 (0.34631610720324524,0.87621546189485233)
 (-0.85884246540582243,0.36512819335567487)
 (0.31398261896883045,0.25974097755343012)
 (-0.98503656487228974,0.94305263252651306)
 (-0.38962387604658721,0.81649314958682573)
 (-0.25275102830228641,-0.95172951258168215)
 (-0.32696993880897313,0.26871692236783357)
 (0.92711355923325278,-0.34603390067156448)
 (0.21077371597878475,-0.28305738814870207)
 (-0.9665614731543275,1.1256408789894428)
 (-0.37967885957862901,-0.95647311155289139)
 (0.29663156988836437,1.0084974005031078)
 (0.16230137007758552,-0.81827786623998922)
 (0.32083195297711031,0.43797602260652491)
 (-0.88041217186119847,1.0224072441868974)
 (-0.22878824638251136,-0.24683346232810593)
 (-0.31591529069362706,0.37425796084709739)
 (0.25955591370669684,0.35061718489414051)
 (0.86175146704995265,-0.97555676103855393)
 (-0.42235159876691952,0.36792500365460068)
 (-0.92348095684109544,-0.34487450242675077)
 (0.19675310463177303,0.54531522659550058)
 (0.83389982728459899,0.8964772249882742)
 (0.25792637125058249,-0.91679722660953722)
 (0.18314805247307911,-0.2612402284151944)
 (-0.9557388951046828,0.7363599215997102)
 (0.92975099257544891,0.93144724835396775)
 (0.91401160274358151,-0.31790973562221153)
 (0.40052712007978575,-0.91397529328397953)
 (0.94849510128185477,0.87461246006380444)
 (-0.4908073257373442,1.0082424922484192)
 (1.0032288177493789,0.4419200226910639)
 (0.87599559894710011,0.36271276419689263)
 (1.0712289179513081,-0.22570039505780071)
 (-0.31064718892382048,-0.86460009762036749)
 (-0.98170291763899797,0.47563036232842176)
 (-0.88693792082387546,0.96070504117591871)
 (-0.99125547312697215,-0.42061934637095832)
 (0.29924387434528199,-0.23935331742149513)
 (0.89524724701077318,0.93968087460675487)
 (0.18713277215570909,0.35800120729538465)
 (0.34201157657430187,-1.0130840012751881)
 (-0.89820699307815932,-0.90598588713451622)
 (-0.86374704783552714,0.97809469372615943)
 (-0.86979070236826195,-0.32467218389418173)
 (-0.13625334519412147,0.37854633166458562)
 (0.17093150126207257,-0.30426849832468456)
 (0.41766042819734445,-0.35132317675508817)
 (-0.28497619803706642,-0.25726945123303191)
 (-0.91262864979525982,-0.9967344837489297)
 (0.24359834380539791,0.85976108739383328)
 (-0.87001569141124724,-0.34482840211393739)
 (-0.98246273933812511,-0.867272837235745)
 (0.31474589291741978,0.95954185899089417)
 (-0.28479603370488066,0.34377237684008483)
 (0.27149898254011468,0.39084202407874541)
 (-0.97216280208888051,0.91121349113344408)
 (-0.37963903793104814,-0.98237612712185485)
 (0.85768276826838474,0.23445265032301177)
 (-0.94539230234900828,-0.98528135668514771)
 (-0.26079107643868782,-0.3526226761316677)
 (0.38168678740919276,0.91023626101276589)
 (0.26864863304658554,0.87276577235943675)
 (-0.3266209745221158,-1.038096254525843)
 (0.23422559908138113,-0.32063783749261193)
 (1.0017616900841424,0.3093541017997396)
 (-0.89986084160161406,1.0293108762005383)
 (1.0121147154575634,0.86861399623211655)
 (0.33842842879668572,0.84555870031895941)
 (0.28820558997898871,-1.0255014822307869)
 (-0.20339156277339265,-0.98838896155828981)
 (-0.36042366446109525,-0.47037721686608147)
 (0.91201469899797005,-0.98223957808026352)
