# Created by Octave 8.4.0, Thu Dec 11 09:47:22 2025 IST <gamana@Samsung>
# name: rayl
# type: complex matrix
# rows: 2048
# columns: 1
 (-1.7581464620973919,0.45695605142583606)
 (1.5814203067168737,-0.13081485486596722)
 (-0.0094704972059139747,-1.4169626858220536)
 (0.02939581833791733,-0.09853344956634752)
 (-0.11384532800456168,-0.45479735881590344)
 (0.74645781400233624,-0.62834360709817227)
 (-1.2308589562548835,0.51381737491261048)
 (0.070727502128221723,0.25569215031326203)
 (-0.32741221133729748,-0.25426564087841619)
 (-0.3697335827823473,-1.0559476135276311)
 (0.41168449144529529,0.37585693425416133)
 (0.58859235723361736,-0.64408597396269629)
 (0.1709943851297529,-0.047040517284097624)
 (0.68632156712266768,-1.1541416722356796)
 (0.50528967627497379,-0.31080733074383077)
 (-0.48551332245503426,-0.27851124591358351)
 (-0.66566460137370431,0.49755612552563849)
 (-0.44762353000714344,1.2971988347703569)
 (-0.31292094181186292,-0.16067854128178549)
 (-0.21638372253129323,-1.4403259440682468)
 (-0.25890839458360176,0.1724763041829592)
 (0.069003242381370067,0.73819227098236528)
 (0.18725545049956752,-0.34304671011235321)
 (-0.89708372815882265,-0.71638466939380074)
 (-0.79683922324011613,0.38069300004284268)
 (-0.22742076931728411,0.33461125470526859)
 (1.1795808581749174,0.65065383433709223)
 (0.4348351045067802,0.60975546168110006)
 (-0.97017070392450566,0.9213893325876914)
 (0.50384485004254609,-0.75823430748649034)
 (-1.259745436358362,0.36054985896346448)
 (-0.66364424413117862,1.0156995042975083)
 (-1.5505069096334079,0.28715137444367533)
 (-1.5433344862455942,-0.79650653931738491)
 (1.374991578503781,-0.39569863083358597)
 (-0.25821266660904635,-0.32630979269103755)
 (-0.16428347235212271,-0.080117091025657283)
 (0.28810042692537158,0.099440971959244409)
 (-0.17137620220369254,0.065766515179656732)
 (0.61437763917836197,0.9139840927814582)
 (0.29461821132678523,1.3646738660293234)
 (1.0560936608752338,0.4921960400367128)
 (0.13414302641870723,0.61258416208236188)
 (-0.73944636020897114,-1.1340788748253656)
 (-1.4662770550400328,0.20803693048824295)
 (-0.20722150338467765,0.0031381664024924399)
 (0.09621601535003077,-0.92856488884065536)
 (0.50982527240882891,0.40781495489352892)
 (1.2284190533746364,-0.70379508632874521)
 (-0.098547252687106124,-0.02982010768964808)
 (-0.51535788815123107,-0.56133545119672656)
 (0.43408250269018323,0.45599644169871512)
 (0.18790854703925708,0.56769853842124574)
 (-0.95460759795711514,-0.30356119632451728)
 (-0.027330715621025292,-0.32986688432766165)
 (0.96475422898965102,0.16213167215015167)
 (0.076592936464369488,0.41414145976413264)
 (0.52498296542662981,1.3663091879280298)
 (1.602025001048164,0.61046952325316362)
 (0.021026769834593902,0.14516481530656317)
 (1.0278476954607185,1.708651700205386)
 (-0.13987744802236074,-0.45530619578399184)
 (0.086629499833770648,-0.023381053719788932)
 (0.36407186653777668,0.81140584910884117)
 (0.13287492836112771,-0.044950191516710231)
 (0.31241712110498809,-0.84082201595873263)
 (1.434268988002432,-1.2803767194028113)
 (-1.1655992471333079,0.28729460691223957)
 (0.040718627956131362,0.089739376234234905)
 (0.46758503845768806,0.52815507281551832)
 (0.90200808965835688,-0.91014024127615301)
 (0.11854444017606026,0.069546512076634245)
 (-0.3173782304735524,-0.76805915773227373)
 (0.41269226575695672,-0.90327386661127318)
 (-0.27654391393225031,-0.27960200171478988)
 (-0.10988729855416832,0.47312007995004879)
 (-0.23226221922938858,0.19367136195052656)
 (-1.007612997100932,0.26607768875196774)
 (-0.47928524494291974,0.49690111242514051)
 (0.44352779855006008,-0.2546867314717246)
 (-1.2293414645466609,-1.7895645354404817)
 (-0.27213698163011812,-0.76822370634163573)
 (0.35109272543095876,-0.13803277519089702)
 (0.33861285574032818,0.019254421324757492)
 (-0.95744561858557486,0.53359040516328959)
 (-0.19772781648432158,1.0443771637706429)
 (0.022628015254741285,-0.93099868654969919)
 (-1.3485903963463706,-0.77071040828132986)
 (0.023723817297195193,-1.2022575975364154)
 (-0.87843182257151164,1.0081903906195895)
 (0.23341291229870587,-1.273950225784632)
 (-0.66600349189078933,-0.067697318981900317)
 (-0.038010804776715229,-0.30298058792710514)
 (0.032147419251137177,0.47624338457953586)
 (-0.41571055006668634,-1.397326900255357)
 (0.17249961417394472,0.31687295306078561)
 (-0.26913407974372272,1.0230674199241476)
 (-0.63118635540288448,-0.30662622663115768)
 (-0.45823017339952354,0.26224935668632243)
 (0.46903572793200821,0.13788174766519548)
 (-1.6030707611848567,-0.86253892904159102)
 (-0.69036589198954124,1.437533773278159)
 (-0.15529358384467606,0.69995128071906254)
 (1.1995628915970249,1.1187887874117379)
 (-0.034731047604734222,-0.63140685223190252)
 (0.47849274730508007,-0.92986776832189577)
 (0.48722141596610402,0.31108435217178521)
 (0.1558768304425838,0.24369003639048323)
 (0.091813610376097837,0.38571292620829034)
 (-0.3386146899248671,-0.58411215086829649)
 (1.0345099428216553,0.33516668993210991)
 (-0.09216532032715638,-0.022083676425718166)
 (-0.56812362769730607,0.15407860273115639)
 (0.039047664135509447,-0.43015684450057423)
 (-0.41144966880718342,-0.54958414496240826)
 (-1.0184570865035356,0.15060748189009149)
 (0.50357057847007081,-0.82677484564606807)
 (-1.0154381548963647,0.22743933195194954)
 (0.1495587363425194,-0.57086317800293562)
 (0.34239795901766384,-0.63608173538490176)
 (0.88523625652272542,-0.10227214735485471)
 (-1.5623163851236039,1.3716867933046966)
 (0.40308706343796274,-0.38297945196806105)
 (-0.043338583108528242,0.2236516276637594)
 (-0.009328610850034405,-0.13817623415981861)
 (-0.10572197986374476,-2.8638372704224953)
 (-0.80074223364519426,1.2622468235044157)
 (-0.40156801590356828,-0.77255159483738778)
 (0.17297967939383965,0.39921306828112613)
 (-0.87138597082766611,-1.0221669055033522)
 (-0.60581775470334764,-0.68267262247949789)
 (-0.28427867436641718,1.7055225596869668)
 (-0.40541719197713411,0.19241021817512527)
 (-0.98481691466654619,-0.75027522452020512)
 (0.29670496586126299,-0.10470007972201169)
 (2.3739327098556395,-1.4234355078115615)
 (-0.0039300302413905752,-0.40787964120599518)
 (0.63240505338705788,0.29498383208285661)
 (0.049259763461798063,-0.12580017469135762)
 (0.29858263708410226,0.23361536613726383)
 (0.71013618977762027,-0.30439706105683922)
 (0.19235135328002007,-0.25595435064484118)
 (-0.1130220992345467,-0.36605699056888269)
 (0.72633879620243746,-1.5915129155817944)
 (-0.58047389218270151,-0.15589981482262524)
 (-0.079953336181435908,1.0063227930693119)
 (-0.13416621049867891,-0.10041538784289517)
 (-0.16365508862672765,0.045838044326761758)
 (-1.1946581934932836,-1.2025239799124829)
 (0.92123297874753307,1.2773289331588265)
 (0.36477329019557414,0.49306338795551641)
 (-0.23443695130587203,-0.14150347586381573)
 (0.69595070700355577,1.0404028063790076)
 (0.057414580539149607,-1.1731002269605173)
 (-0.59387364131570863,-1.1708509307908566)
 (0.70700592957470132,-1.6257096467610781)
 (-0.27552536690965579,0.16315385846491967)
 (0.0062093281772871711,0.3051787274530593)
 (0.47543545228985423,-1.5493941941940741)
 (-0.53308625236103713,-0.12917691050898683)
 (-1.1500272954276394,0.32211459389597796)
 (0.052359586019120247,-0.25486218636397517)
 (0.95958159771930518,1.5467741842657432)
 (-0.066214745475331349,0.42177907032307288)
 (0.40889140070712349,-0.51756704353432481)
 (-0.52768424089557131,-0.15757820513896659)
 (0.58247127856107084,0.1419813387208137)
 (0.75319187557689282,0.55254905445040714)
 (-3.0187936046436725,-0.26666291067496406)
 (0.23745837149105253,-0.71973288400261215)
 (0.066645416011129777,0.49150078306522793)
 (1.0152262750841095,0.5266066372660011)
 (-0.80906171376227443,-0.43040033824433976)
 (-0.44445486508366139,0.28501103086842272)
 (0.53996346710843135,-0.12307412484347369)
 (0.013068105480987732,0.38072612357083152)
 (-0.34502391732207127,-0.48960724397340233)
 (0.45355283857545159,-0.85207093045892457)
 (0.38896298817732766,-0.66145636769446869)
