# Created by Octave 8.4.0, Thu Dec 11 09:47:21 2025 IST <gamana@Samsung>
# name: awgn20
# type: complex matrix
# rows: 2048
# columns: 1
 (-0.37082913409702772,0.37509747306754831)
 (0.83585697976118123,0.23887218659224158)
 (0.9993414269088271,-0.36566100836065568)
 (0.33582324353717635,0.29748004161381769)
 (0.98877733838517434,0.26549897257698457)
 (-0.85546274033132963,1.0055582913679777)
 (0.95980230656456023,0.81981002792299384)
 (0.97096356068867429,1.0520827533438446)
 (-0.95070361319556063,-0.31287930987469059)
 (0.2288467530061187,0.9932003299658867)
 (-0.27789054959609627,0.77790054515991902)
 (0.31148420473507238,-0.90672880780017717)
 (-0.29896403389296367,-1.0238303941516007)
 (-0.88876223388229658,0.90916791371329519)
 (0.36451291790444101,-0.82384121414968114)
 (0.32085626087024177,-0.95372442388246303)
 (0.22181442795079748,-0.94399011378734066)
 (-0.96095486676234487,-0.29340382564028666)
 (-0.82382751714060953,0.97197864133624368)
 (1.0316029829992677,1.0021798720526089)
 (0.27394133321678005,0.86624455783266696)
 (-1.0674682787752796,-0.96860519724556737)
 (0.83918957191439247,1.0241378574916626)
 (0.24490148791840385,0.85918310209480331)
 (0.98359687531015716,-0.88826974753474186)
 (-0.85614800374552269,0.9300268260622232)
 (0.34003392607665867,-0.22661947057909676)
 (0.27947639208918457,-0.94648873024479407)
 (0.22561022383833051,-0.10495698702139294)
 (-1.0708576279408542,0.92357151430564277)
 (-0.3087509466558927,-0.40685063493153251)
 (0.8869229257498279,0.93994907379788462)
 (-0.97887919421130176,-0.23862564985801499)
 (-0.40281562906624979,-0.37175341878750684)
 (-0.31030495529758451,0.89508040263255617)
 (0.33356550605837498,0.28127926510253387)
 (-0.34812240986063991,-0.2831890925619342)
 (0.91093762411815582,-0.42179017182765011)
 (-0.27344471723518043,-0.88628425882434825)
 (0.34354267593838927,-0.30334871470925046)
 (-0.36297611262838236,-0.28997121826937644)
 (0.9056628549220499,-1.01224889523325)
 (0.38650646736949046,-0.8982287774508485)
 (-0.25520815601356706,0.40887343082050276)
 (-0.31689115750733793,0.24480265802151735)
 (-0.90354462039071404,1.00364991485606)
 (-0.93554102496397784,0.93155109830378335)
 (-0.90230556517703375,-1.0041996244388016)
 (0.98456464988580095,0.26534904684018179)
 (-0.98185899385431885,0.42994476015921496)
 (-0.40614902971405609,-0.39504593872013904)
 (1.0893894033331017,0.22321159588938672)
 (0.34276036581541641,-1.0218989712782047)
 (-0.96475673661297201,-0.91899382292418774)
 (-0.86831290464928224,-0.99145339780285513)
 (-0.97985472381970051,-0.31023392094070579)
 (-0.31767890044214137,1.0506493455889536)
 (0.98292664974596955,1.0953666764936816)
 (0.28026935191220714,0.23889761583368108)
 (-1.0111540170609852,-0.38960888148029499)
 (-0.19285275838585381,-0.93254248250059835)
 (0.22701027037656668,0.19284970633129761)
 (-0.30602667613398654,-0.9432361087837281)
 (0.25620496710828783,0.96431413872698613)
 (0.99852838265927235,-0.25097289293797387)
 (1.0008329370946207,0.96936040579753058)
 (-0.20117741898458727,-0.91968726391754674)
 (0.36526442494469313,1.0071826686918801)
 (0.26353174657224804,-0.31270029988597764)
 (-0.42211362342661396,-0.37228342785246582)
 (-0.95874053367428502,0.48563261881282349)
 (0.19565291258119083,0.38681019326239613)
 (0.42226370968426341,0.25340634836559356)
 (0.94511257032144957,-1.1169581443587524)
 (-0.97839033364608841,0.12546649905003052)
 (0.33238717390001304,-0.91403643998055994)
 (-0.21676237487152789,0.9015875030012459)
 (0.32333381976471215,-0.93467232906579079)
 (0.29523011972123742,-0.82998727532875471)
 (-0.32128685881080266,-0.33865286216340734)
 (0.25159076328389507,0.27707090233020781)
 (0.40195844716593049,0.24513437600417542)
 (0.24755427965350835,0.86736263779090561)
 (-0.31328282370291921,-0.9538750420735238)
 (-0.32552527065063536,-0.4371077657262542)
 (0.9004643557269989,0.91659683817519877)
 (0.97974437272928383,0.28072204699870928)
 (0.35562428171311178,-0.99182151710468924)
 (-1.0154885907184525,-1.0106664878213332)
 (0.8498428381316252,-0.88996284723221386)
 (0.98337715046937546,-0.36088738789283237)
 (-0.36661521153996518,0.30942990407314364)
 (0.29837536876781567,-0.15028200504720221)
 (0.88721039233741361,0.34438829418345435)
 (-0.99488566180272875,-0.47371747941374553)
 (-0.32129880147866774,0.9421055574125069)
 (0.25241206531801075,-0.77496922519505784)
 (-0.8817836618295658,-0.33931983228393531)
 (-0.32971449854235579,0.4149016674572622)
 (-0.21358361987822538,-0.97668702790725914)
 (0.38365872790097111,-1.0144765109097476)
 (0.32659749702844865,0.21385327957480871)
 (-0.25744208037470567,-0.90837061243253114)
 (0.46183843441812844,1.0404439043210809)
 (-0.88424514835914014,-0.2922119779175506)
 (-0.85359523867667642,-0.96050650389061987)
 (-0.20967382049099864,-0.35677722866219391)
 (-0.36783632556111112,0.43177326119751464)
 (-0.27321864288973008,-0.26915227934791064)
 (0.93554520077990699,-0.96268023708829731)
 (0.38351916475426412,-0.32105356827247528)
 (-0.30520577785433883,-0.89661182598802247)
 (-0.2950706347178762,1.0267414531945704)
 (1.0071261948051378,-0.29582422116964902)
 (0.36888196093989012,0.37250776622948728)
 (0.32726700261666203,-0.97900385848912452)
 (-1.0594943166747428,-1.0427028230802384)
 (0.9734532322297027,0.88747298263890084)
 (-0.3276036250437625,1.0148334289336352)
 (0.87661973656770964,-0.31052813973305599)
 (-0.84542946277637354,-0.25879855557780718)
 (-0.19855784265561291,-0.39514148097529034)
 (-1.0633996979175293,0.20952918927222858)
 (-0.34674108820086746,-0.93133563854528956)
 (1.0335204837420999,-0.90929479570030836)
 (0.35106588880526041,0.29666797039362264)
 (1.0324270054015572,0.24072093966431626)
 (0.48762473570190656,0.30064593423513769)
 (0.96901688024139188,0.88316084259610006)
 (-0.31473521011492156,0.93722614036264551)
 (-0.12021905593762824,-1.0306083393843479)
 (-0.38916543476865217,-0.25293976521980599)
 (-0.93614910254584305,-0.96336754868940622)
 (0.86945028193547491,0.37590905858241974)
 (0.24295642076256402,0.82835780402188597)
 (0.92547673417103804,0.31523092387018004)
 (-0.18288161488867669,-0.81331205118786598)
 (-0.8267929125370137,0.8747430961119298)
 (1.0165779496410066,-0.92606570502191343)
 (0.3512954828620794,1.014334687620124)
 (0.30466525371337611,0.33000797582043107)
 (-0.32700537759453868,-1.0058948471607838)
 (-0.19252829474130906,0.52366901404211541)
 (0.9453573861921104,-1.0241064451134241)
 (-0.34440473419405154,0.29040701650215317)
 (0.34653656934168181,0.95287103266352202)
 (-0.25555128572263514,-0.81837983951749915)
 (0.96077695504860683,-0.90517693807157251)
 (-0.89834164098176372,0.31444813623855233)
 (0.2012352038562335,-0.96085661599046523)
 (1.0083656042211522,-0.32242189546335398)
 (-0.24963020057868957,0.28076519389870636)
 (0.33630867565670036,-0.85097255329150878)
 (0.31996560043880867,0.29486028443812801)
 (-0.31570200350649669,-0.36676255440600092)
 (0.26510533922218715,-0.88169512746764778)
 (0.90462781385113999,0.3128849676527316)
 (-1.0203317047654097,-0.96175639363634691)
 (0.88858961429681493,0.92247071959845006)
 (0.93608263223134425,-0.88745318296637554)
 (-0.26481121993485013,0.94043654954874167)
 (0.29942758062389324,0.24894223239426161)
 (-1.051001002734719,-0.27357804854257822)
 (0.31027714165563303,-0.25709784936509644)
 (-0.34391532350670989,1.0049855877784202)
 (1.0156320158653618,0.22493385580207897)
 (-0.33466772558751129,0.9235091519553027)
 (0.35222843230098394,-0.81540420871060904)
 (-0.9382649437133822,0.40008892574384092)
 (0.29061485195154785,0.97284120900520688)
 (-1.040226342515143,0.95715209934186729)
 (-1.0712426222592306,-0.33595757400664217)
 (0.1847854850355852,0.37065103757960305)
 (0.88509585979495209,0.24214655285258657)
 (-1.0305052655789468,-0.92138466043943068)
 (-0.26994040978727712,-0.21001069674717127)
 (1.0018870861170324,0.21025820676636159)
 (-0.31032139835141792,-0.99742300951287166)
 (-0.27613992907666368,0.29167783060718444)
 (-0.98236748349782554,0.27334118294671073)
