# Created by Octave 8.4.0, Thu Dec 11 09:47:22 2025 IST <gamana@Samsung>
# name: rician
# type: complex matrix
# rows: 2048
# columns: 1
 (0.39661595430994556,0.41438854145587256)
 (-0.23698539165754295,1.0729581077570089)
 (-0.46855172605208872,-0.69355245852515579)
 (0.30165320001221629,0.41857270811931668)
 (-0.89081125109453541,0.11117189145432199)
 (0.1112580461606443,-1.0778818615448993)
 (-0.46756455659853302,-0.18477220307527714)
 (-0.30514724741462718,0.33470873634829856)
 (-0.29398369426604726,-0.26142442505330249)
 (1.0496329549327204,0.049079393607400545)
 (0.7145381022097882,0.58070573449002405)
 (-0.39238756891625942,-1.0117717925828542)
 (0.0087563782067179574,0.39855294290839527)
 (0.61768348794546823,0.41966911998714573)
 (-0.18446469787013764,0.72145420956962136)
 (-0.3360975419985513,-0.70240761661104967)
 (0.40488344450596608,-1.2253284310322303)
 (0.81060446444447887,-0.32458698922510487)
 (0.38139519508005754,-0.30601557168118004)
 (0.11564970884162135,-0.2044934930402138)
 (0.89675592395346915,-0.44228670950796434)
 (-0.70435058738140632,-1.3727247860543188)
 (-0.34875210323514733,0.45221957608411162)
 (1.2361206268307385,1.2800556273562878)
 (0.52131505352265795,-0.092472321245888472)
 (-0.32885690015021318,0.42683638156865744)
 (-0.03056807302206993,0.89228429098279782)
 (1.2241069570647487,-0.550182201741654)
 (0.0079071220836361422,-0.37721502062025702)
 (0.93638676747679506,0.4797953967957026)
 (-0.34978587823303714,-0.70142863976426184)
 (-0.32794276118474908,0.3759840634767978)
 (0.28497708353382789,0.094390547690740609)
 (1.0487913813593603,0.39510082757083198)
 (1.36666796344707,-0.21254716237120039)
 (0.85837402401298446,-0.67058299993426762)
 (0.65597164475981362,-0.92613453315810634)
 (-0.0081139410165024517,0.2162300481042152)
 (-0.28654951638711956,-0.29449370188539825)
 (0.49395333701101241,-0.044482315160353947)
 (-0.28986579133360973,-0.0092681904885816846)
 (0.90547749960432877,-0.44651613610520247)
 (1.1761293908860182,0.68410088536314895)
 (-1.1528335478340432,-0.40310899305631998)
 (0.0024773303703895522,-0.28666087218462316)
 (0.33243656007940875,-0.54610254519158075)
 (0.74658280455031101,0.28544717547507792)
 (-0.88724353219218821,-0.0080093101268912115)
 (-0.80094737621539758,1.5749340753669387)
 (0.50731568197389598,0.32709203216640431)
 (0.35478076684688653,-0.27417433299366656)
 (-0.30506825486634048,0.19938768224284364)
 (-0.41902262887926778,-0.33730838192299262)
 (-0.7336418390254833,-0.71137266923642795)
 (0.95039724320585661,-0.030740225060476578)
 (-0.53829491205272195,-0.97906869386548478)
 (0.44883991006185076,-0.55178686672258392)
 (-0.13456729971936751,0.1927092510158899)
 (-1.2474635687566742,0.46429567327604387)
 (-0.8103178682902431,-0.61689152035637074)
 (1.3308131179385436,1.40781532633216)
 (-0.14130775574277069,0.10203663121463617)
 (-0.56446220777092126,-0.56045673221390058)
 (-1.0001245643086036,0.1912340018073635)
 (-1.0579010376788931,-1.1734426977665224)
 (-0.94088242930925869,-0.65568999482353696)
 (0.10825804264834887,0.48682830050742404)
 (-0.21825332635054251,0.067107614013271727)
 (-0.74561241285488389,0.063337298645614604)
 (1.0483578364777282,-1.3071052673440517)
 (-0.34109341544178151,-0.37605970680421408)
 (0.34444701305715109,0.23419581805595069)
 (-0.030745263964400138,-0.97909921235659048)
 (-1.1166323833108114,-0.81884541252277498)
 (-0.44292009248311148,-1.2693315552807678)
 (0.46074362931343915,-0.85902429999249719)
 (-0.7788856215614568,0.08006179197129959)
 (-0.91287684261017099,-1.0841473002728872)
 (-0.43710555634807297,-0.23733135196197436)
 (0.65204169594359462,0.88376710328130703)
 (-0.48333908720790497,-1.126516635905896)
 (0.13014294524094813,-0.92827105131480214)
 (-0.89080640967668712,-0.058836403974654394)
 (0.89374614685823339,0.25109769627989148)
 (-1.3665525063142396,-1.3328755399400787)
 (0.71207868442972089,0.37092238952066153)
 (1.0523862880111459,-1.3169143098737308)
 (-0.12542454502482478,0.19452306260015959)
 (-0.072111265132747349,-0.63500597573631001)
 (0.26502578244469632,1.3352138140949068)
 (-0.99004460229917091,0.63573581646951105)
 (-0.57311103038237343,0.58990982496615363)
 (0.26249179343752643,-0.21526768381565914)
 (-0.3437311618378241,0.79018896059976174)
 (0.2093924030937496,0.32803718419850458)
 (-0.47034362028906718,0.52606051442589963)
 (1.3707803505309917,1.0385095271601719)
 (-0.30278264620630779,-0.23323366448838104)
 (0.14503547060415845,-0.99210768855339782)
 (-1.5344563345563604,-0.32394683356350307)
 (0.77346770444043744,0.42582013082753223)
 (-0.49046220155631781,0.1775162289423399)
 (-0.42079879902516076,-0.25423476653497296)
 (0.00049032153525935263,-1.1705628169929641)
 (0.45129601460206425,-1.9515381395295639)
 (0.55215922701201858,-0.68497779033902162)
 (1.1807529043835387,-0.21067304898296374)
 (-1.2988718217429236,-0.031519593332271667)
 (0.44831751557419064,0.50101561121121385)
 (-0.28470630396194918,0.18410185529799197)
 (-0.32528031140366809,-1.2043172300514766)
 (-0.2566890364016749,0.35351257647858408)
 (0.59186212925094739,-0.31943215852057272)
 (-0.059953955628438804,1.1372460845416674)
 (-0.040398587226514404,-0.69092458086296638)
 (0.094900439369193915,-0.078792669300724524)
 (-0.43509220738359333,-0.40904409206568682)
 (0.092715837793233558,1.181244863031496)
 (-0.12908668433193787,-0.38185308810475077)
 (0.25254608018571278,1.3991881935930697)
 (0.50979367121157626,0.24996666270252738)
 (0.4830162047905372,-0.39919739996226988)
 (-0.055137511131177652,-1.5908764575547021)
 (-0.2800786247775513,0.31676321644299166)
 (1.3572969363315768,-0.9796726384461697)
 (0.98610288553153358,-0.48142853355576321)
 (0.24401847005218263,-0.14957655449349777)
 (0.052095754310174713,1.2985143353992092)
 (-0.75098577043716208,-0.2708661867077245)
 (1.2449993648970714,0.50000519079980421)
 (-0.35365904305857204,-0.693246756503336)
 (-0.039894837214559331,0.61690617903070311)
 (0.10281772402072205,0.54259799833329225)
 (0.80958104732919778,-0.30648179283130023)
 (1.1347038411509558,-0.32076174199135693)
 (-0.10223709235483397,-0.013340416606360053)
 (-0.13133853429093362,-1.3440535724838232)
 (-1.0767692189425337,-1.0279801386973595)
 (0.89439470907347718,-1.0184243906044019)
 (-0.4996228688150906,-0.047994864253549457)
 (0.10407138961801385,0.11899240974110478)
 (-0.21468604543787334,0.3759612007428173)
 (0.521235197093734,0.49810914039481713)
 (1.286970460797511,0.11655085010889582)
 (-0.19047632938645231,1.2506227560036467)
 (0.42203004099592367,0.57725342046750372)
 (-0.56501859087914008,-1.0201339369759872)
 (-1.3910782737206797,0.21728027335514319)
 (-0.26546930874186603,0.25389183496090095)
 (1.7856055043813619,0.17580072855688078)
 (0.016165637177388378,-0.42465517133159769)
 (0.15483966665527285,0.27798254856517612)
 (-1.394863644825256,-0.70053737971877639)
 (0.24957034552794072,1.126811013641591)
 (-1.0461189909773401,0.33204298972633206)
 (0.18792070446832854,0.79322602246721308)
 (-0.21167457274171894,0.98170152075561234)
 (1.1736744870759308,-0.55812162543390886)
 (-1.1788818949255173,-2.031335425917268)
 (-0.17374368790350214,-0.3983883059853236)
 (-0.50564493196543747,-0.35750260290330366)
 (1.5823185201494916,1.1293473797142977)
 (-0.59490490659558992,0.9375515954245246)
 (-0.78417942130532459,0.34788145492087152)
 (-0.32402444039399281,-0.44200709022850376)
 (1.0466724256157227,0.28319447423768423)
 (0.59700744879634238,1.2839326882441191)
 (-0.88614376049138921,0.46043482276219272)
 (-0.063548815554650917,-0.36661368163790703)
 (0.37607486510732041,-0.31364462885286815)
 (-0.3880044314208993,-0.010234554965693643)
 (-0.23025666077087403,-0.03363769644881226)
 (-0.89695602811630737,0.16968992443343039)
 (-1.2128186581720748,-0.29887371792992784)
 (0.142010178142841,0.80653763889735341)
 (0.51359793270334808,0.90828765070475259)
 (-0.49175591051067863,-0.16075055535512056)
 (-0.17222601824301301,-0.77469551707465889)
 (0.11687051190528197,-0.17961214911990947)
 (-0.18353054347680159,-0.79582380861788327)
