# Created by Octave 8.4.0, Thu Dec 11 09:47:21 2025 IST <gamana@Samsung>
# name: rayl
# type: complex matrix
# rows: 2048
# columns: 1
 (-1.1520008242268625,0.055837491722330101)
 (-0.01576562657710795,1.2214897458101848)
 (-0.14550553758054796,1.3786577260733439)
 (-0.037600756538336388,0.31033500268272046)
 (-0.29400055726695723,-0.28844242456929031)
 (0.63980264407713761,-0.062757083948607462)
 (-1.275729519502685,0.53171547243106798)
 (-0.27923245044816436,-0.32331026271752011)
 (0.38579121581669634,0.6253389175859545)
 (-0.28820882934870151,-2.8896274350613136)
 (0.42712241630410663,-0.13308004445781985)
 (0.99365153723564803,-0.23428328394879899)
 (1.0219404811036958,-0.31789104340278895)
 (0.17416716601640614,-1.1336843135637225)
 (0.11961665629536711,-1.9756799977860031)
 (-0.34679107077506977,0.051050251577300892)
 (0.20268926262820489,-0.27922394255634198)
 (0.016606709846488044,-0.28377909564330778)
 (0.12298463555547849,-0.16633863113114453)
 (0.19049650145173627,0.80452664247423666)
 (-0.31312685474117119,-0.19016397504773275)
 (-1.0949551011484615,-0.024346391994303662)
 (1.8784906237264529,-0.48528560791219405)
 (-0.44867187698294897,-0.13807569214874438)
 (-0.56175349547007725,-0.34040679161227505)
 (0.21972744415647577,0.35587545209250732)
 (0.35131298025254853,-0.61849807104397558)
 (0.86828852957195579,1.6424963942284896)
 (0.89320796218543352,-0.11894047168057048)
 (-0.04969114120007756,0.6010475012916503)
 (-0.1062981640871184,0.85993864074717208)
 (1.1726237575852299,-0.0012041140682836904)
 (-0.39811047755787093,0.33754346634796101)
 (-0.22510669754838022,0.583176567283616)
 (-0.016787544501030816,0.65068591093523576)
 (0.642374832399212,0.96859484543422103)
 (-0.28338616469313843,0.1670866253235313)
 (0.290561176785743,0.45125774978875799)
 (1.9130893114448677,0.067786914758412697)
 (0.28731651269626296,-0.31996095596649693)
 (0.27165556171006228,-0.0084941102843968663)
 (0.1807659002467773,0.092644793032581163)
 (-0.24673962129253649,-0.89890738407625992)
 (-0.2773363447750401,0.24411469993488322)
 (-0.079430636789317277,-1.0931707679674694)
 (-0.068998134160570185,-0.32792352748771098)
 (0.57317150220631752,0.96173767063758131)
 (-0.45658624982890594,1.2497507501535232)
 (-0.66631894191645336,-0.38301481201187293)
 (0.15603422673973832,0.46141643752044836)
 (-1.3418678334445815,1.4107371873854335)
 (-0.37442444374350364,0.6072790979746534)
 (-1.0995255311999457,-0.44727894734544504)
 (0.12997654159220429,0.14113466654390561)
 (-0.43707373247692977,0.17271267768122267)
 (0.19569117378660372,-0.040504021012628996)
 (0.84419933645143008,-0.07417744165726825)
 (0.44322926485907388,-0.79348412851312478)
 (1.1696644679476227,-0.52912410829793077)
 (-0.2744638056869399,-0.070034544959487785)
 (0.55226260287075024,0.022649105501339833)
 (0.31570900215514136,0.17112694072406903)
 (0.75732184046211981,0.5345854044614613)
 (-0.22254291633337567,-0.02084221475354861)
 (0.74920949647411883,-1.9979372548259926)
 (0.8023085606605419,-0.71844364436902308)
 (1.419670665617812,-0.70222179791295436)
 (-0.37246273569296962,-0.49281586098150099)
 (0.66047575925719593,0.28237398495213634)
 (0.086182474722635433,-0.22436563848828989)
 (-0.49752261488275951,1.4132963019438605)
 (-0.36743710464554569,1.8433814110407831)
 (0.14711184857521722,0.21394136369018796)
 (0.30183240535959266,-0.8807653859041964)
 (0.24684630260813939,0.19012360242673199)
 (-0.28856065287125587,0.19775519565902402)
 (-1.2433537449950569,0.22881633231113491)
 (0.77598366047823186,-0.23694119648122433)
 (-0.37372496622849133,-0.42368597076744541)
 (-0.74107554647839968,0.28663876483563)
 (-0.063058984293211329,-0.86964088743141243)
 (-0.49075552359269664,-0.23215988782196423)
 (1.0213303956407098,1.0097243109615883)
 (-0.73576996322086385,0.44359879699643212)
 (-0.25885167302859979,0.15741449087735704)
 (-0.065257586112548754,-0.70173417249892389)
 (0.033576089158589034,0.42982958251713177)
 (0.33080508207888104,-0.46793966543700888)
 (-0.2424327606682061,0.59334223726337021)
 (-0.38442207521085314,-0.12976784627639429)
 (1.2284173880569846,0.71152965204225715)
 (-1.0556917726943993,1.2248127610210326)
 (0.40288019222858396,0.33223552959309777)
 (0.17297461343632087,-0.78149241540442338)
 (0.82412227741997968,0.21589935079968298)
 (0.95342079389311718,0.81098864206892407)
 (0.35881812050657708,1.540839279172862)
 (-0.6485724071705028,0.36600182702965894)
 (0.12288360799083553,0.83048586705899397)
 (-0.47784638051576656,1.5761922432977418)
 (0.9516841423399478,0.058574960998111214)
 (0.19013343064564081,0.55438231857366815)
 (-0.29066285956649668,-0.06756283960962875)
 (0.084904116070253666,-0.40673463444464963)
 (0.15018082165926139,0.11504146421793204)
 (0.054816830228190602,0.17944317564117723)
 (-0.099884915027262849,-0.47740198302636305)
 (0.79418395121119856,0.2010388794975978)
 (0.24838237865108248,0.21194614262801167)
 (-1.1483920305288873,1.3590161191351089)
 (-1.0994461959351933,-0.17719377950908194)
 (0.054590601957104738,-0.093535432695856069)
 (0.21118237640062784,-0.26054629465478768)
 (-0.55061113073724732,-0.48891620002220793)
 (0.73073062439556802,0.25589698110936399)
 (0.26116063327353883,0.0035887197383636799)
 (-0.85730389767950677,-0.37644014339020682)
 (-0.140162440438687,0.4237759054827307)
 (0.22907296949035327,-0.18349694888996043)
 (0.53043425351463003,0.94126491642760479)
 (-0.74230546455740909,0.19463138506437461)
 (-1.3665648182142942,-1.1733681340859028)
 (0.0094245237564906104,0.35001940385002916)
 (0.17979908916095105,0.9304348299079207)
 (0.22132878749555079,-0.74912692679194881)
 (-0.33748567259444251,0.43638849591579354)
 (0.93978725624582793,-0.63040754825027912)
 (-0.23378790749916187,-0.82875998367025683)
 (-0.4514923663340305,-0.15715105253977563)
 (-1.3118307689179403,-0.91267720177676859)
 (-0.66881313332403869,-0.54822882988020216)
 (-0.8352945986337772,1.5771180040573911)
 (-0.091778480443874877,-0.8996678699460281)
 (1.3401713013187051,-1.2339731878287525)
 (-0.37687402912000212,-0.70184039359012096)
 (0.3928596714532776,-0.018160900729973645)
 (-0.022365511077169997,-1.4354550836726345)
 (-0.95002932186775002,0.84738407026623563)
 (0.45656152242833448,0.21668612933194231)
 (0.48238471788380388,1.0034635232088298)
 (-0.32923019452315794,0.24004382518299025)
 (-0.49618554478665183,-0.097020106754585111)
 (0.44253385512968135,-0.33003135219498603)
 (0.57683649605503229,0.35640718879369243)
 (-1.5127887823570172,-0.4765761446859671)
 (0.51075023717741352,-1.2661090272109787)
 (0.030132365372541492,-1.320058656900986)
 (0.15374569578136937,-0.34602145355353031)
 (0.31286659898330849,-0.86970871370934921)
 (-0.84296147992675863,0.73314932878300709)
 (1.0581276593366409,0.22002034089837164)
 (1.6539888490365855,0.26320467009021742)
 (-0.27483953898972796,0.2470169158443612)
 (-0.35359767264809411,1.0409073566499032)
 (-0.1471804218931701,-0.48644549338836612)
 (0.59903816113192365,0.60217813133490017)
 (-0.6263793063747124,-0.27736697381455899)
 (-0.20924909545210363,0.25426791890109607)
 (0.39325970407971916,0.33938248360171314)
 (-0.96229328713246087,-1.3076184661934116)
 (-0.075364923102258188,0.12795918122359554)
 (-0.38843934128030022,-0.14870122027574251)
 (0.47728963684456022,1.0389471373050916)
 (-1.411674401126362,-0.8030308680785696)
 (0.54586509242279757,0.76255477287325135)
 (0.61255906614635325,-0.15577230657575789)
 (0.60625215668598731,-1.9811955618780761)
 (-1.7530997147727347,-0.74454714605466688)
 (-0.86830991601727359,0.84129406793605011)
 (-1.5221283523885558,-1.4307755362320609)
 (0.048802212716304708,0.24683624380920635)
 (0.47248199136529589,-0.2105124911558672)
 (-0.76036961830932293,1.0101083534086102)
 (-0.035140886527429693,-0.61371349703737998)
 (1.4171462984377605,-1.706570467614835)
 (-0.79800318367987699,-0.10819561227643573)
 (0.46747789567949694,1.1625787448232845)
 (0.065603127206802225,1.5865700105734921)
 (0.21621032166977017,-0.050010176028148612)
 (0.59737313705796524,-0.39186363439230121)
