# Created by Octave 8.4.0, Thu Dec 11 09:47:22 2025 IST <gamana@Samsung>
# name: clean
# type: complex matrix
# rows: 2048
# columns: 1
 (-0.31512185631742073,0.31512185631742073)
 (-0.31512185631742073,0.31512185631742073)
 (-0.31512185631742073,0.9453655689522622)
 (-0.31512185631742073,0.31512185631742073)
 (0.9453655689522622,0.31512185631742073)
 (-0.31512185631742073,-0.31512185631742073)
 (-0.9453655689522622,-0.31512185631742073)
 (0.31512185631742073,-0.9453655689522622)
 (-0.9453655689522622,-0.31512185631742073)
 (-0.31512185631742073,0.9453655689522622)
 (0.9453655689522622,-0.9453655689522622)
 (0.31512185631742073,0.9453655689522622)
 (-0.31512185631742073,0.9453655689522622)
 (-0.31512185631742073,-0.31512185631742073)
 (0.31512185631742073,0.9453655689522622)
 (-0.31512185631742073,0.31512185631742073)
 (-0.9453655689522622,0.9453655689522622)
 (-0.31512185631742073,-0.9453655689522622)
 (0.9453655689522622,-0.9453655689522622)
 (-0.9453655689522622,0.9453655689522622)
 (-0.9453655689522622,-0.9453655689522622)
 (0.9453655689522622,-0.9453655689522622)
 (0.31512185631742073,0.31512185631742073)
 (-0.9453655689522622,0.31512185631742073)
 (-0.31512185631742073,-0.9453655689522622)
 (-0.31512185631742073,0.31512185631742073)
 (-0.9453655689522622,0.9453655689522622)
 (0.9453655689522622,-0.31512185631742073)
 (0.9453655689522622,0.9453655689522622)
 (0.31512185631742073,0.9453655689522622)
 (0.31512185631742073,-0.31512185631742073)
 (0.31512185631742073,-0.31512185631742073)
 (0.31512185631742073,-0.9453655689522622)
 (-0.31512185631742073,0.31512185631742073)
 (-0.31512185631742073,0.9453655689522622)
 (-0.9453655689522622,-0.31512185631742073)
 (0.31512185631742073,0.31512185631742073)
 (-0.9453655689522622,0.31512185631742073)
 (0.9453655689522622,0.31512185631742073)
 (0.31512185631742073,0.9453655689522622)
 (-0.9453655689522622,-0.9453655689522622)
 (-0.9453655689522622,0.31512185631742073)
 (0.31512185631742073,0.9453655689522622)
 (-0.9453655689522622,0.31512185631742073)
 (0.9453655689522622,-0.31512185631742073)
 (0.31512185631742073,0.31512185631742073)
 (-0.31512185631742073,-0.31512185631742073)
 (0.9453655689522622,-0.31512185631742073)
 (0.31512185631742073,-0.9453655689522622)
 (-0.9453655689522622,-0.31512185631742073)
 (0.31512185631742073,-0.31512185631742073)
 (0.31512185631742073,0.31512185631742073)
 (0.9453655689522622,-0.9453655689522622)
 (0.9453655689522622,-0.9453655689522622)
 (0.31512185631742073,-0.9453655689522622)
 (0.31512185631742073,0.9453655689522622)
 (-0.9453655689522622,0.31512185631742073)
 (-0.31512185631742073,-0.31512185631742073)
 (-0.31512185631742073,0.9453655689522622)
 (0.9453655689522622,0.31512185631742073)
 (-0.9453655689522622,-0.31512185631742073)
 (-0.31512185631742073,0.31512185631742073)
 (-0.9453655689522622,0.31512185631742073)
 (-0.31512185631742073,-0.9453655689522622)
 (-0.31512185631742073,-0.9453655689522622)
 (0.31512185631742073,0.31512185631742073)
 (-0.31512185631742073,-0.31512185631742073)
 (0.31512185631742073,0.9453655689522622)
 (-0.9453655689522622,-0.9453655689522622)
 (-0.31512185631742073,0.9453655689522622)
 (-0.9453655689522622,-0.9453655689522622)
 (-0.31512185631742073,0.31512185631742073)
 (0.31512185631742073,-0.31512185631742073)
 (-0.9453655689522622,-0.9453655689522622)
 (-0.31512185631742073,0.9453655689522622)
 (-0.9453655689522622,0.31512185631742073)
 (0.31512185631742073,0.9453655689522622)
 (0.9453655689522622,-0.31512185631742073)
 (0.9453655689522622,-0.31512185631742073)
 (-0.31512185631742073,0.31512185631742073)
 (0.31512185631742073,-0.9453655689522622)
 (-0.9453655689522622,-0.31512185631742073)
 (-0.31512185631742073,0.31512185631742073)
 (-0.31512185631742073,0.9453655689522622)
 (-0.31512185631742073,0.9453655689522622)
 (0.9453655689522622,-0.9453655689522622)
 (-0.9453655689522622,-0.31512185631742073)
 (-0.31512185631742073,-0.31512185631742073)
 (0.31512185631742073,-0.9453655689522622)
 (0.31512185631742073,-0.31512185631742073)
 (0.9453655689522622,0.31512185631742073)
 (-0.9453655689522622,0.31512185631742073)
 (0.9453655689522622,0.9453655689522622)
 (-0.9453655689522622,0.31512185631742073)
 (-0.31512185631742073,-0.9453655689522622)
 (-0.31512185631742073,0.9453655689522622)
 (0.9453655689522622,-0.9453655689522622)
 (0.9453655689522622,0.9453655689522622)
 (0.9453655689522622,-0.31512185631742073)
 (0.31512185631742073,0.9453655689522622)
 (-0.9453655689522622,0.9453655689522622)
 (-0.31512185631742073,-0.31512185631742073)
 (-0.9453655689522622,-0.9453655689522622)
 (0.9453655689522622,0.9453655689522622)
 (-0.9453655689522622,-0.9453655689522622)
 (0.9453655689522622,-0.31512185631742073)
 (0.31512185631742073,0.9453655689522622)
 (-0.9453655689522622,-0.9453655689522622)
 (-0.31512185631742073,0.31512185631742073)
 (-0.9453655689522622,-0.31512185631742073)
 (0.9453655689522622,-0.31512185631742073)
 (0.9453655689522622,-0.31512185631742073)
 (-0.9453655689522622,-0.9453655689522622)
 (-0.9453655689522622,0.31512185631742073)
 (0.31512185631742073,0.9453655689522622)
 (-0.9453655689522622,0.31512185631742073)
 (0.9453655689522622,0.31512185631742073)
 (-0.9453655689522622,0.9453655689522622)
 (0.9453655689522622,0.31512185631742073)
 (0.31512185631742073,0.31512185631742073)
 (0.9453655689522622,0.31512185631742073)
 (0.9453655689522622,0.9453655689522622)
 (0.9453655689522622,-0.9453655689522622)
 (-0.9453655689522622,0.9453655689522622)
 (0.31512185631742073,0.9453655689522622)
 (-0.31512185631742073,-0.31512185631742073)
 (0.9453655689522622,0.9453655689522622)
 (0.31512185631742073,0.9453655689522622)
 (0.31512185631742073,0.31512185631742073)
 (0.9453655689522622,-0.31512185631742073)
 (-0.31512185631742073,-0.9453655689522622)
 (0.9453655689522622,-0.31512185631742073)
 (0.31512185631742073,-0.9453655689522622)
 (0.31512185631742073,-0.31512185631742073)
 (0.9453655689522622,0.31512185631742073)
 (-0.31512185631742073,-0.9453655689522622)
 (-0.31512185631742073,0.9453655689522622)
 (0.31512185631742073,0.9453655689522622)
 (-0.9453655689522622,0.31512185631742073)
 (0.9453655689522622,0.31512185631742073)
 (-0.9453655689522622,-0.31512185631742073)
 (-0.31512185631742073,0.31512185631742073)
 (0.31512185631742073,-0.9453655689522622)
 (-0.31512185631742073,-0.9453655689522622)
 (-0.31512185631742073,-0.9453655689522622)
 (-0.9453655689522622,0.9453655689522622)
 (0.31512185631742073,-0.31512185631742073)
 (-0.9453655689522622,0.9453655689522622)
 (-0.9453655689522622,0.9453655689522622)
 (0.31512185631742073,0.31512185631742073)
 (0.31512185631742073,-0.9453655689522622)
 (0.31512185631742073,0.9453655689522622)
 (-0.9453655689522622,0.9453655689522622)
 (0.31512185631742073,0.31512185631742073)
 (-0.9453655689522622,-0.31512185631742073)
 (0.9453655689522622,0.31512185631742073)
 (0.9453655689522622,0.31512185631742073)
 (-0.9453655689522622,0.31512185631742073)
 (0.9453655689522622,-0.9453655689522622)
 (0.31512185631742073,0.9453655689522622)
 (-0.31512185631742073,-0.9453655689522622)
 (-0.31512185631742073,-0.9453655689522622)
 (-0.9453655689522622,-0.31512185631742073)
 (0.9453655689522622,-0.9453655689522622)
 (0.31512185631742073,0.9453655689522622)
 (0.31512185631742073,0.9453655689522622)
 (0.9453655689522622,-0.9453655689522622)
 (0.9453655689522622,0.9453655689522622)
 (0.9453655689522622,0.9453655689522622)
 (-0.31512185631742073,0.9453655689522622)
 (0.9453655689522622,0.9453655689522622)
 (-0.9453655689522622,0.9453655689522622)
 (-0.31512185631742073,-0.31512185631742073)
 (-0.31512185631742073,-0.9453655689522622)
 (-0.31512185631742073,0.31512185631742073)
 (-0.31512185631742073,0.9453655689522622)
 (-0.31512185631742073,-0.31512185631742073)
 (0.9453655689522622,-0.9453655689522622)
 (0.31512185631742073,-0.9453655689522622)
 (-0.9453655689522622,-0.31512185631742073)
 (0.31512185631742073,0.9453655689522622)
 (0.9453655689522622,0.9453655689522622)
 (-0.31512185631742073,0.9453655689522622)
