# Created by Octave 8.4.0, Thu Dec 11 09:47:22 2025 IST <gamana@Samsung>
# name: awgn20
# type: complex matrix
# rows: 2048
# columns: 1
 (1.0268725843834523,-0.90542184188415742)
 (0.99452669718914855,0.95765315166631026)
 (-0.88232543955615284,1.090381874003983)
 (0.22692306434457737,-0.32386780497033779)
 (-0.28838137516862949,0.78941586898560301)
 (0.29579638609590392,-0.86977020919476344)
 (0.98440594544595861,-0.91805563151240732)
 (-0.95650278778597131,-0.8695862291330646)
 (0.31788505821890012,0.26956248986173631)
 (-0.89886458248517842,0.37088637831584642)
 (-0.31293849303348603,-0.37070354976798781)
 (1.0171805366424964,0.37570542901794662)
 (-0.8608776637680341,0.41909267627075047)
 (-1.0009145217333657,-0.90322554610920935)
 (-0.23621696965202005,-1.0400396090135042)
 (0.9708627636958983,1.028325404133716)
 (-0.41808249761110838,-0.21821181232523451)
 (1.1062533472231018,-0.21402625279644932)
 (0.33525234257067316,0.34994180158913635)
 (0.92847945837641488,0.90050352327899652)
 (0.45114010868137289,0.35800869040556549)
 (-0.26406465125570477,1.0363158218236286)
 (-0.91666059254008181,0.25172028691149184)
 (0.24640298901809299,0.91890989656902511)
 (-0.9391699539645223,-0.9501548756856858)
 (0.41882637438716241,-0.99262182123452036)
 (-1.0039208894123148,-0.39896466337493008)
 (0.97975593891392299,-0.91718010535764805)
 (-0.26502481089877949,-0.92660746641648439)
 (-0.99301198275843938,0.34010123464680575)
 (-0.39427123024761179,-1.0489830536659017)
 (0.25563073745018217,0.87854398185253324)
 (0.95586581740879972,-0.9801612809652458)
 (-0.83016526032596294,-1.0521290634960518)
 (0.39055966298762257,-1.0258817459402059)
 (0.37294478620701343,1.0337103283278746)
 (0.7894854257270516,-0.94965100366193611)
 (0.34631861941290903,0.22352004923408286)
 (-0.37214896863458502,-0.19368837505025827)
 (0.96577705486375887,0.1729004264070603)
 (0.95428070091115991,-0.89955504656999596)
 (-0.93578381467025651,0.90160504172598299)
 (0.24762590211643187,0.94444365983576439)
 (-0.8853600680666307,-0.38775945188575223)
 (1.0087308537876991,-0.43231712217673446)
 (-0.36192540298713333,-0.40765646208190226)
 (-0.32194283253725459,-0.36938622680669819)
 (0.89365494502463583,0.31886447212818786)
 (-0.93724411725550871,0.92755997136367507)
 (0.24823345908534958,-0.19146438867357113)
 (0.92186560135416007,0.25881844561449346)
 (-0.9032891243587039,-0.3543369596200262)
 (-0.34728118589676771,-0.30196624758009027)
 (-0.26595898203140494,-0.21582035508210992)
 (0.97235181831595541,-0.21524420122228491)
 (-0.97324521975181399,-0.81649669891477639)
 (0.32921626069508186,0.29873587655930006)
 (-0.21974892285289266,0.93894320489263927)
 (0.97889075645500379,0.8489605349282322)
 (-0.87016445342646098,-1.0688705620509968)
 (0.93732324592780236,-1.0008218392328061)
 (-0.87936490540680856,-0.93473619935569718)
 (-0.8569851087651652,0.44533895970296777)
 (-1.0241911411271578,0.28930123383808021)
 (-0.28792065219407698,-0.95444869155959045)
 (-0.87464314975210844,-1.060432389370968)
 (1.059931281887091,0.77555596763733103)
 (-0.4143917757432542,-0.98356128824636402)
 (-0.33074599646682679,-0.27805672562144396)
 (-0.94690934701386553,-0.99363597187402175)
 (-0.92107725311706168,-0.16140962980177267)
 (0.44341415264600326,0.29185765774496181)
 (-0.83183828687792016,-1.0292850276025276)
 (1.0312208221239116,-1.0382746073407951)
 (-0.95832146691505526,0.29574614330792798)
 (-0.40729135761114504,-0.31739249136133529)
 (-0.88642459992442468,-0.38377597326413043)
 (0.94344974481907684,0.20166977874716846)
 (0.31316545684719949,-0.32759061626241859)
 (-0.91312212118856873,-0.26042895428277457)
 (-0.30632457925883017,0.94119380729853741)
 (-1.0385501479795847,0.43353282813239824)
 (-0.35477045279910879,0.94719010111849433)
 (-0.28234725712486025,0.37179777057564239)
 (-0.28694607550231105,0.98132825453576)
 (0.97586831433830024,-0.37932648442116246)
 (0.26998123700601379,1.0450783460727782)
 (0.90377239725308289,0.84327815000405104)
 (-1.0417363681148544,0.88113728281017323)
 (0.30451071287730697,-0.84056631231335033)
 (0.96771699939891809,1.0108476280914602)
 (-0.43536800592723074,-0.82968722198803124)
 (0.87560818775539895,0.76887385799341201)
 (-0.48248615360339986,-0.30564926420554273)
 (-0.92010762404331425,0.2854077369031896)
 (0.51944408594643909,-0.43233225174374484)
 (-0.91967231003721717,-0.18854495009897682)
 (-0.97815860045642433,-0.3720477685964706)
 (0.30531359460910518,0.23663844927792865)
 (-0.29567235637527062,1.0508117011830109)
 (0.86156551148921667,-0.98275236694295576)
 (0.96711081019637024,0.92942605742958606)
 (-0.41746167597347061,-0.34233823024983318)
 (-0.8423731132217922,0.3743876351922068)
 (-0.31144684198493877,-0.45336377852337606)
 (0.93361111909348249,-0.84389776535981087)
 (-0.87624822118246648,-0.3082034838428685)
 (0.41009141466476989,-0.3844895676196029)
 (0.33502956900104863,-0.17660639027708014)
 (-0.85022136872232024,0.25917926760677695)
 (-0.97308513799922858,0.35081935578911239)
 (0.26464256580821471,0.97467562699110077)
 (-0.32371168320067512,-0.23587675721541121)
 (-0.12010757975934505,-0.36470434705004434)
 (0.89341526872633747,-0.34952572601023912)
 (-1.0195474825985331,-0.44057319080105711)
 (-0.29576859740436851,0.88828901373646041)
 (0.9321188656785202,-0.87956545006279552)
 (0.96514337431721797,-0.31252154405786053)
 (-0.3683326361161125,-1.0176322069549657)
 (-1.0337969125112429,0.39240161433020088)
 (-0.28631678721814885,-0.91943175582269487)
 (-0.35413727651779686,0.86981911128041922)
 (-0.24307238342146353,-0.36975048803515054)
 (0.23589863548353282,0.17954021955719274)
 (0.97579575001809471,0.98124977801968793)
 (-0.92554379680748111,-0.95134692654008801)
 (0.89527984524878212,0.37403438169804126)
 (1.0679562772621882,-0.27144721690233176)
 (0.96049779271642177,-1.0020722870742498)
 (1.0500201961531774,-0.86149518260959068)
 (-0.99686249611737654,1.0985042434548826)
 (0.37522668535708015,0.2836259386138123)
 (-0.8710201879728624,0.83195935322588555)
 (0.38224810363410705,0.24600506067507244)
 (-0.99589702056604223,0.2137976502500461)
 (-0.34873671968121861,0.4234200219694651)
 (0.44476961467932885,1.0830963856687168)
 (1.0390569994736483,0.32812607316210674)
 (-0.38506942183315285,-0.31040885781057365)
 (-0.84726774143709216,0.30014427241379593)
 (0.9523571316928956,1.0789326346896606)
 (-0.26308904830182256,-0.30419214912099463)
 (-0.99531587428688395,0.29851550644403957)
 (-0.92015741225863779,-0.36237207160807622)
 (-0.98469245889373958,0.27104055080087291)
 (0.1959287227185838,0.26158247436224358)
 (-0.37081081078916611,-0.35914094095653554)
 (0.89899429401401221,0.87637396247797661)
 (-0.94915664132744293,-0.9592176511225412)
 (0.90838440206873317,-0.29307176914921462)
 (1.0231698414497477,-0.43994406019930832)
 (-0.98463677002411021,-0.32647666116773744)
 (0.2927075081284306,1.0633341283411579)
 (-0.93253340632845905,-0.88000615959886652)
 (0.25143049343765456,0.89869263272579336)
 (0.38997877730262542,-0.38478889301449853)
 (0.28684146423307821,-0.9228343549470589)
 (-0.31339852901307047,0.89634013006984525)
 (0.40447507324645277,0.22996741170769827)
 (-0.41445526819683159,-0.96596287504869283)
 (-0.90360061052343332,-0.18529449504489121)
 (-1.0106908303575897,0.91888789868157406)
 (0.85734906078723583,-0.96418221127712012)
 (-0.37387097647944839,-0.36632784197914803)
 (-0.27356972744884789,-0.28376080318352848)
 (-0.18589840927734305,0.91652622941746076)
 (-0.90061797933251786,1.0194054267707062)
 (0.95888203714237674,-0.93123095274114354)
 (-0.39210918239240644,-1.0871280417255595)
 (0.35261544873166251,-0.94252753862184757)
 (-0.85755135726745002,-0.34372631386565072)
 (-0.33862021483484744,-0.79119216146188043)
 (0.19801830482920507,-0.88122994080686734)
 (0.90487888506271863,0.94939832567483839)
 (-0.32589129847825649,0.84759332158778222)
 (0.25743881636984473,-0.94619048572957842)
 (-0.92800440512838833,0.90428436692932523)
 (-0.36672255755432859,-0.95501268737118461)
 (0.35457438832094729,0.95479806376970422)
