# Created by Octave 8.4.0, Thu Dec 11 09:47:22 2025 IST <gamana@Samsung>
# name: awgn20
# type: complex matrix
# rows: 2048
# columns: 1
 (0.27134989111771968,-0.38382452417249141)
 (-0.29361533374186022,1.021749789956838)
 (-0.32337252245236048,0.41520071245236728)
 (0.86231496662642126,-0.36691640288044841)
 (0.97844291743838652,0.36897204878717238)
 (-0.30891562561694463,0.31931288090953353)
 (-1.0449593769830365,0.84873882422925018)
 (0.9698320673636931,-1.0041844838683707)
 (-0.92751757781647537,0.29516715537546379)
 (0.84898552137187511,0.31174211556155085)
 (-0.88755081408960379,-0.89330955646732702)
 (0.32393503337497137,0.21157349972366551)
 (0.32809103485659236,0.2936210260329607)
 (-0.94057790587145207,0.89224066269860858)
 (-0.3592790801712259,0.95366604635028995)
 (-1.0199512831177411,0.77844679859849364)
 (0.82770595131475844,-0.96736403163981077)
 (-0.33691799306472864,-0.97357251486303709)
 (0.94570125634254354,0.95270190557734569)
 (-0.35807874521413419,0.22844422819797244)
 (0.97516791959938598,-0.87995852162837496)
 (0.39923992558853039,0.30117036139208164)
 (-0.93821215685190873,-0.28947010342241059)
 (0.28498656825176583,0.94646671166964469)
 (-0.29353688062826711,0.37437653432973494)
 (-0.23959770578228951,-0.41240571344543109)
 (-0.95218590644360335,0.80409631207512688)
 (-0.30412817825245764,-0.30679384199863569)
 (-0.35428296231921563,-0.24932788560289815)
 (0.99904017209754881,0.93124375823149796)
 (0.44010109317939206,-0.88655446636442736)
 (-0.33399176421763055,0.95170380445138703)
 (0.37792548235084122,0.2699049812264091)
 (0.34264991671770317,0.96665788455060753)
 (1.0051783115786186,0.3008419715128316)
 (-0.97917508567419964,0.30511351258845393)
 (-1.0244818296155618,0.33360038317736945)
 (0.98708763763219032,-0.86104756608259847)
 (-0.82431211162704165,-0.35153079361833256)
 (-0.33200529378071236,-1.0027862407799477)
 (0.38378766447958301,0.9625453159567795)
 (-0.25079684047088013,-0.9775341242797535)
 (0.30941935261323544,-0.82686400260883974)
 (0.35193245347631957,-0.94581144501392223)
 (0.92784815868516202,0.32803098186308199)
 (0.91970507574891391,0.99582060230730063)
 (0.88886784252625295,0.29162109889748844)
 (-0.90577797760074974,-0.96830722709716677)
 (0.9550590791912944,0.25890863465556263)
 (-0.25519336633691619,0.93800551856097003)
 (0.91604243389924733,-0.8637484571309979)
 (-0.36225375523351505,0.98129770020517815)
 (0.36091977258908547,-0.35441701030837514)
 (-0.85581485671117585,-0.29565736037608431)
 (-0.3015243701940869,0.31522147257228944)
 (0.33052743731779638,0.97142296573764764)
 (-0.8349227530206127,0.41818688003612203)
 (-0.73419204752239164,0.9190163387190422)
 (-1.0251376383115769,0.37177375291476544)
 (-0.40127535790682883,0.26994835726131217)
 (-0.90513557270870237,-0.49838714478341395)
 (0.92042540516635607,0.26415233611151073)
 (-0.89329062456910124,0.98362671823948178)
 (-0.82739338576016064,0.26512626016401092)
 (-0.92091682731107327,-0.32340058287801898)
 (-0.28982591689873838,-0.33289211725817652)
 (-0.16000958181632569,0.98482417621571361)
 (1.1509050347532352,-0.28195464958528421)
 (0.28919452329709466,-0.94944211073548801)
 (-0.27860871828766709,-0.25519535099590618)
 (-0.20885652021248075,-1.0148292678235102)
 (-0.9140266333698972,-0.9784568310586671)
 (-0.91203710559909923,0.34491435261944536)
 (-0.90309782434246433,-0.26926848695943895)
 (0.45041510923267947,-0.95569178080037975)
 (-0.97967014722655843,-0.89487154069770747)
 (0.98591129024310775,1.0321339186333818)
 (-0.94752427337554046,0.37163724175340995)
 (1.0010103408655595,1.0697714890304608)
 (0.20629813216916326,-0.3538990667338584)
 (-0.92922515591062615,-0.44015422033028728)
 (-0.93457342174920355,0.90932343913409996)
 (0.2255326105418814,0.93342147629958572)
 (-0.28051480987557137,0.29829556118460115)
 (-1.0368934358904685,0.45053279014707703)
 (0.35456555664164763,1.0233010731681154)
 (-0.36885576010599641,-0.32739102071589821)
 (0.93112874901690312,-1.0419078944092912)
 (0.34430849272259278,-0.96211139677175872)
 (0.30330582428422997,0.46088452509961608)
 (-0.33948092347871373,0.33358625448029477)
 (-0.36949274417395517,-1.016375457824316)
 (1.0847595899645555,-0.28848673672167241)
 (-0.42168167743921992,-1.0199340932547656)
 (-0.34796690654931467,-0.86139084844559788)
 (-0.29504730010202018,0.90882571550949132)
 (0.29072518903029321,-1.0325097933630165)
 (0.25747784543155555,-0.34847046089820044)
 (0.81020927316088731,-0.23014103516056111)
 (-0.94069825910648119,0.20072537975962315)
 (-1.0426176511013072,-1.0166808873383504)
 (0.33042686060793508,0.30033625861719293)
 (1.0426762965012311,0.25358139089610893)
 (0.32367867123400484,1.0051037558129896)
 (0.29041995578378477,0.22999880793818839)
 (-0.84899007790000736,0.92558716871428204)
 (1.0584415101633751,-0.27683820961858685)
 (-0.17624774861887321,-0.43646575755043293)
 (0.95307147802734205,0.37671085474686955)
 (0.98526616968347491,0.88447626524902567)
 (0.94925278400005153,0.33429442450407776)
 (-0.90316214958182439,-1.0239812325013338)
 (-0.41946158056914895,0.87212070349906212)
 (-0.97513470158512328,-0.35039890672935708)
 (0.88883762338042904,0.33613269974010318)
 (-0.28482977637447893,0.8870357692071561)
 (-0.80956500568666823,0.9232499403603045)
 (-0.34721803250193417,0.17508156765627705)
 (-0.313185446622543,1.0058971811079296)
 (-0.91138523149278028,0.90276269812929899)
 (-0.89280435246956158,-0.95972095087001552)
 (-0.41725291842879686,1.1316876375540459)
 (-1.0415667801498767,0.92325297684696206)
 (0.92667657116139457,0.23357255388896825)
 (-0.90619270544414809,-0.35942722248961678)
 (1.0043318383334394,0.36932852644686243)
 (1.0385023425258666,-0.3001712067787734)
 (0.92658121429360307,-0.82444044540514017)
 (0.85703477493707736,-0.98657339842210434)
 (0.83481901421369764,-0.4580944313597024)
 (-1.0317993384375339,0.29064517135840573)
 (-0.91489282912250924,0.22617580535261528)
 (0.26702871809054307,-0.92862832400361695)
 (-1.0237992808444822,-0.33799567910269945)
 (0.93573918746146689,-0.9890829761076092)
 (0.33578431483101806,0.46062388281300881)
 (0.99178723998343266,-0.88017822489960751)
 (1.0593232984298542,-1.0437085034408506)
 (-0.35546559980161818,-0.88813168487117933)
 (1.0130924833812069,-0.40366560234374788)
 (-0.98045988377237714,0.22611943772490972)
 (0.34135466353310007,0.98986503559398731)
 (0.33712041718681501,-0.79577243558017929)
 (1.0046124276839457,-0.86590170698842917)
 (0.95697512265152263,-0.98786609449792717)
 (-0.33182148605841499,0.28632430046820428)
 (-0.3819467858765086,-0.99570220622241024)
 (-0.31115375099908077,-1.018220641304481)
 (-0.25501232200098861,-0.42067794063522379)
 (-0.3248636738539678,-0.9361488625237806)
 (1.0232796205842609,-0.88074400498289918)
 (-0.33805898605686729,-1.0811918351245939)
 (0.34349252956093107,-0.36129758557789005)
 (0.16409184681141392,-0.33825617772510869)
 (-0.30883584815881815,0.23490781893511026)
 (-0.39127183613483635,-0.81787032960226524)
 (0.30696629178981849,-0.91586388726869561)
 (0.27598077737500837,0.39365678380697094)
 (-0.9766948197925156,0.98301315001810474)
 (0.40793883515194984,0.2914110350943695)
 (-0.96771578073868336,-1.0183194393654245)
 (0.32929038748501521,0.35232452283896804)
 (-0.91317696373848112,0.40827025866601024)
 (-0.25895002598475203,-0.93091515090127308)
 (-0.39020358806246319,-0.3274161571992128)
 (-0.31005587272819279,0.28679411768520269)
 (-0.95714833566300417,-1.0550024922713657)
 (-0.22591649641769551,0.28257185252623918)
 (0.92107859994074937,0.9464253950372844)
 (-0.3610345408937205,0.31335897022342224)
 (0.34571176635794809,0.23365228543211597)
 (0.96735888381701784,-0.29649383980902499)
 (0.32381018011197138,0.41264475331957096)
 (1.1135327885431887,-0.2834035915255273)
 (0.38210046578000711,-0.2731273633225067)
 (-0.82890799035381213,-0.31173408809379743)
 (0.38892483714845377,-0.28366299909611575)
 (0.2483139251198514,-0.32274494665673231)
 (0.99736518309832201,-0.18344064778940791)
 (-0.41028305753281646,-0.77810123917650342)
