# Created by Octave 8.4.0, Thu Dec 11 09:47:22 2025 IST <gamana@Samsung>
# name: rician
# type: complex matrix
# rows: 2048
# columns: 1
 (1.3434950259907308,0.53622153785230575)
 (0.76699591465628081,-0.83845188288901051)
 (0.18606307704503908,-0.10898623347175038)
 (-1.2324788903899455,0.24583001654174624)
 (0.51806624740854401,-0.37492817684486934)
 (-0.32490905873063802,0.075106163230752448)
 (-1.1523801727068546,0.33630405892949394)
 (-0.091955810806127247,0.49110581224034033)
 (-0.43468045401272998,-1.0474015364983982)
 (0.33750034277579066,-1.4677943594236607)
 (1.4151904129324884,0.46728209315427255)
 (-0.77551267261421541,0.60316775548777035)
 (1.4055684648130069,-0.54128101601076695)
 (0.81744749089861668,1.1566945482396982)
 (1.2313166359092131,-1.2095477006130226)
 (-0.4875970837431679,0.99419552654674648)
 (0.31995712943460419,1.1864213911757606)
 (-1.2813032949536589,-0.84875947853068801)
 (1.0765590197892836,0.64182132333693176)
 (-0.94938710906792134,0.36305352061756624)
 (-0.011852846694031527,-1.7812013515285241)
 (0.029272432384832653,0.52185304370633823)
 (1.2613913274909287,-0.16377935449175329)
 (-1.326728134972224,1.3029459025930448)
 (0.11440389691182554,-1.1166843889003768)
 (0.33719096069214161,-0.45124305757579497)
 (0.43901462606387615,0.47188373676498918)
 (-0.91377398304520263,0.84653770324859379)
 (0.93895897868329226,-0.63109614494011856)
 (-0.32377361029970042,0.90855634907663474)
 (0.34337164099531031,-0.36178464443168784)
 (-0.15983216853987253,-0.62490977433604578)
 (-0.25280070093299689,-0.4164621055329335)
 (0.38363195249435789,-0.38823160655904709)
 (0.30267994091665074,0.20503885805773522)
 (0.5113657470769114,0.62159286211756626)
 (-0.16209416643258648,-0.17830234276297061)
 (-0.54945345126778944,0.57924172488298886)
 (2.0678174924407964,-0.026788087087554202)
 (1.4042408992090414,-0.73801248600543345)
 (-0.38951507434114374,0.094636197617712553)
 (0.17838263046559788,0.44630307511275569)
 (-0.11296416543248811,-0.10812864948719843)
 (-0.60912230991580774,-0.0098545546341261003)
 (-0.20791895099200891,-0.68472735959291353)
 (-0.3844623280177466,0.20908519982299656)
 (0.74037400812291343,-1.5581746314945844)
 (-0.14286353084334505,-0.98099162298027298)
 (-0.38635103288160622,0.44044850139892222)
 (-0.24328207704732044,0.27616481977587765)
 (1.6225132016277799,-0.75679674778212336)
 (-1.3585127508546349,-1.4829950115086279)
 (-0.22502331837390799,-0.069359125136735755)
 (0.30737806983330712,-0.21299489322210327)
 (0.96953348267358319,-0.59787273586232459)
 (-0.6282116658044814,1.0914851424589729)
 (0.19738017774587657,1.3405050170287678)
 (0.15413181421006827,0.13957786751347556)
 (0.46258521086394744,0.32291855370967754)
 (1.0006161742168573,-1.0986932158293827)
 (-0.072564380884747648,1.2632447689984039)
 (-0.33410670134014991,-0.32225387138000727)
 (0.82810846914434988,-1.6868737651163102)
 (-1.0578260788253719,0.073326912244717268)
 (0.0097487677601078015,1.5555576855569748)
 (0.064307897280309362,-0.42234158410733669)
 (0.35967592926907432,-0.45976367805208729)
 (-0.3686571794420152,-0.93410002112718193)
 (0.30635421029129695,0.19713335824758016)
 (0.37580474175901213,0.2826188209674686)
 (-1.3496098577222784,0.12330737356188964)
 (-1.2140192323522614,0.76214917573351837)
 (-1.2026484727552957,1.2860864794637115)
 (0.20571802646203879,-0.89516227392094261)
 (-0.29417877753242283,0.37263140385418086)
 (1.2390672554811228,-1.2940641381030864)
 (0.80522437582556461,-0.9482534643774625)
 (-0.33849342424580092,-0.4307656528025639)
 (-0.26883366527567715,-0.67927563554802572)
 (-0.30643066125828239,-0.48801020108082721)
 (0.72008260788080347,-0.51322202906987235)
 (0.64132127643983838,-0.9375643573548964)
 (-0.68108999739254683,1.2871498328182218)
 (0.96641225075812609,0.81440721047080344)
 (-0.47135778212051821,-0.2241625406353614)
 (0.25168886048186334,-0.0078246528664491499)
 (1.0954068856073629,9.3099920573880279e-05)
 (-0.43944034597190207,-0.92078750949242927)
 (0.43937966255921146,-0.99069493262551789)
 (-0.1601218913968554,1.2607252456817206)
 (0.83838557259122926,1.2354799763843003)
 (0.96813978759398966,0.26604809803713564)
 (1.8150987113297812,-0.62732284362849644)
 (-0.23665785258295091,0.44738508778951458)
 (0.17106528759143116,-0.48500236208854131)
 (0.61321046413394997,-0.64992539644833225)
 (-1.4820867811406322,-0.41314225362547724)
 (1.3352908424096925,-0.46837398400061231)
 (-0.053803189490022718,-1.3042092038653363)
 (0.62908431446131652,-0.60385203645513408)
 (-0.0030451033588197174,0.49143580784872692)
 (-0.23961738425021747,0.40182342294897483)
 (-0.6806778075208364,0.62472502081100356)
 (-0.83167977559246775,-0.0027182341807021337)
 (-0.33696267544213682,-0.42819997817498429)
 (0.051011818629803224,0.47120616917313762)
 (0.99046272483915088,-1.1708964049141817)
 (-0.090270640882472192,0.35076601818775976)
 (-0.18434650286620549,0.37173272988317752)
 (-0.69306189577116151,-0.68247122289326734)
 (-0.31500242660551264,0.40339792661853086)
 (0.027664494797849548,-1.1790370354741058)
 (-1.3839063933094096,-0.22289705610851693)
 (0.056660707324383316,0.012491120575815393)
 (0.044410285117649911,0.87805764138048015)
 (-0.51753313822828806,0.47411498597795815)
 (-0.39195451560371269,0.17121598957878931)
 (0.60186065093014141,-0.9805521456724946)
 (-0.63847264066154441,0.95923139379402622)
 (-0.12907682633432777,1.2967347247864243)
 (-1.0377077461713942,-0.2874382688472038)
 (0.40172472639831647,1.6178024945795757)
 (-0.16440644369958216,-0.22197561451016132)
 (0.29904767735178533,-0.42913524354220162)
 (0.27769492777250837,0.20434715422168637)
 (0.46816686659618389,-0.35332979756104277)
 (-0.73034767017656821,-0.28179191720016061)
 (0.22897387305931641,-0.46156685084311488)
 (-0.92783613897983253,1.1354780989895117)
 (-0.24321910979535177,0.67124069300441147)
 (0.92257425287335348,-0.65720337494707914)
 (-0.36041540797682536,0.10202522397656158)
 (-1.2656470132355302,-0.62734015103334184)
 (-1.0251448526741982,0.18952594276539209)
 (0.22905677307345482,0.33426994280700772)
 (-0.75836218614074813,-0.71029517968249345)
 (-0.48141861371336125,-1.4236762675761558)
 (0.38098532497818571,-0.29880001862327243)
 (1.1287151989947772,0.42184316764212626)
 (-0.5479245915675004,0.45833277582463228)
 (-0.63651580847236278,-0.36421112408660677)
 (1.3849356211561075,-0.32023133314725927)
 (0.072166369746199152,0.22433535225966639)
 (-0.94514618641851889,-1.2998458960186123)
 (-1.0458378046911336,-0.81478527155472125)
 (0.6207744009067071,0.89140605388638949)
 (0.025801331412729424,-0.23792456871188714)
 (-0.23252066064049465,0.74507217967908024)
 (1.3145742313771374,0.29613664359789993)
 (0.54836391108332472,-0.52651512172574511)
 (-0.074417771959454801,0.22444399311449598)
 (0.98763002075311346,-1.1340859978750004)
 (-0.00083602824284126354,0.37963986680795814)
 (-1.1067748146701846,-1.328574437750498)
 (1.2696034291665668,0.86196281006993924)
 (-0.41852889129674559,0.39132483173690058)
 (0.81894662090194015,0.10214708762823832)
 (-0.11525829398005372,-0.41716204086155328)
 (-0.42160182408886876,-0.55904316716172331)
 (-0.33296377390533116,-0.50641926923697211)
 (1.6914479579776018,0.53946522556584586)
 (-1.1504274357017963,-0.41071118553368463)
 (-0.29590445271140231,-0.24923058411939661)
 (0.021646218037330925,0.35123730864829567)
 (0.19398152092973125,1.0488527727621739)
 (1.3136422181891112,0.63359778050922433)
 (1.329649677665709,0.40269014885420534)
 (0.11987538735828344,-0.63312212263139356)
 (-0.79792789129180164,0.8108140556365121)
 (0.13969705958860767,0.29336462471715735)
 (-0.15310425450474263,-0.60979915879014779)
 (-1.8431567445129053,0.02294160207695195)
 (1.8110179197152481,-0.87053457478953922)
 (-1.3280664580674786,1.0960421056137504)
 (-0.91780578521370859,-0.25861469937752746)
 (0.18538130398796443,-1.242825214461456)
 (0.75048350724047586,-0.96592808967588062)
 (-0.31914362453090045,0.33745827041713755)
 (0.25198451938342104,-0.63332736107385856)
 (0.57567876831934894,0.37485625233629871)
