# Created by Octave 8.4.0, Thu Dec 11 09:47:22 2025 IST <gamana@Samsung>
# name: awgn20
# type: complex matrix
# rows: 2048
# columns: 1
 (-1.0270021980295267,0.35884630182999755)
 (0.95203354754816349,-0.34887274821306957)
 (-0.91257496112981906,-0.769759336047253)
 (1.0746322247625613,0.30211406337151436)
 (0.37483988275356422,-0.37127365126061446)
 (-0.95833174366103113,0.97960917204117615)
 (-0.29107659155298693,-0.99063291602001546)
 (-0.26897931199041147,-0.26532105052126592)
 (-0.88837326816981965,-0.91880116330967454)
 (0.89219111816329022,-0.39209089028831817)
 (-0.93742997637499081,-0.91242477081287632)
 (0.31194068546600612,-0.36430104914304051)
 (0.17785450463880317,0.38526181558362033)
 (-1.0025743419664002,-1.1356322129298797)
 (0.92002980754057728,-0.88097533736406841)
 (-0.32978058714564445,0.2616140398384863)
 (-0.37228717752673468,0.83370602898352886)
 (0.42958543812860744,0.80695667014843053)
 (0.9562387520762774,0.80510989141447364)
 (1.0141221445152631,1.0137021927269367)
 (-0.91706090127259832,0.17745931601734577)
 (-0.24686294268641013,-0.50223258764551804)
 (0.21465750815848111,0.42220628435417834)
 (0.25948573933162183,-0.28685409611618851)
 (0.38494558304554627,0.30609983386512984)
 (0.3421537539298064,-0.40755636066835443)
 (-1.0175419836627624,0.35501010871492683)
 (0.37569965777903591,-0.80694296567106494)
 (-0.88967659466153448,-0.85282643083720655)
 (0.25949547261415923,0.30147742087036283)
 (-0.25809878118040291,-0.92307329725767695)
 (0.24093542583486754,0.21049740532313474)
 (0.3150434964112464,-0.37459272032509283)
 (0.32184717646282957,-0.25557136840068256)
 (-0.4238181656110161,-0.30323305860723054)
 (0.95463003498478693,0.31153268195664474)
 (-0.29368946104362209,-0.25551871020764982)
 (-0.99280993277618756,-0.29428617773989296)
 (0.97505988394932452,-0.92648009457791669)
 (0.38370593971614586,-0.30951810404873037)
 (0.35637865016419901,-1.0411965683248012)
 (0.9392711472219657,0.90484108063306856)
 (-0.93760001656449365,-0.31936081717100739)
 (0.23876430008244287,-0.23475041493563803)
 (0.95812182369884569,0.92398305254039703)
 (0.36697454337850438,0.86929493744916975)
 (0.90781371281607104,-0.18160793755550197)
 (-0.19058825970292276,-0.25030771886653397)
 (0.2722297969703113,0.2918921552767505)
 (-0.888853845867559,0.95000585199998511)
 (-0.25674194973387254,-0.88083275911176695)
 (0.26881075134262011,-1.0663871373413847)
 (-0.29332769233979672,0.28279330533774771)
 (1.0247433505322119,0.91368462998293365)
 (0.46629081860177124,0.23543610833440701)
 (0.87838815673121595,0.26139729266300055)
 (0.34133741514186017,-0.34129541922228007)
 (-0.19647803678794037,0.3232726651811394)
 (-0.24158903080105676,0.31377833513563413)
 (0.90478947795209619,1.0182797978802611)
 (-0.40177598997832897,-0.96232879878266375)
 (0.47619966322130752,0.88286911734652485)
 (1.049373208355687,0.3075829355114178)
 (-0.97682682699371248,-0.28286897556285162)
 (-1.0465376349897473,-0.93171140519436679)
 (-0.35492611910524852,0.87103592095827875)
 (-0.18057755966239994,-0.29841512601974535)
 (0.34773887727105174,0.40611479254159988)
 (-0.88059575524256251,-1.0178784679575226)
 (-0.97460384108243947,-0.87536112701107216)
 (-0.94443029559411718,0.90087053790906324)
 (-0.34383260137210175,-1.0575173024577915)
 (0.4248620799108378,0.33317536212536336)
 (-0.94731118499044498,0.32869708156928262)
 (-0.27056220152036359,0.26016861181862078)
 (0.35344777627753876,0.97679159518795855)
 (-0.30080219902281474,0.30495097826946554)
 (-0.93421208708252523,-0.85391937213762636)
 (0.33443225387850251,0.33432885563991505)
 (-0.27528314269500831,0.85542829863743575)
 (-0.34123533741837109,0.25445555907733575)
 (-0.86776424268159247,0.35234632465859284)
 (0.18501692965233479,-0.18824325233910555)
 (0.23752051244523426,-0.91257806011086162)
 (0.91548429837111533,0.94059439769894471)
 (0.34069260106902721,0.96947695392650601)
 (-0.96633918300890764,0.95216065163181185)
 (0.84580699456737918,-0.38449974546955096)
 (0.24353798051729147,-0.3255231081654249)
 (0.34432910304515935,-0.2643675024926197)
 (-1.0319118320683998,0.99800559813153888)
 (0.40085351898086008,-0.26442600620758616)
 (-0.92121806694279629,-0.92063733721093044)
 (-0.35371847363941195,0.91182591642989408)
 (1.1245793508134885,-0.89311211508617772)
 (-0.98741130264793986,-1.006745456271454)
 (0.33940112492461572,0.97808750364997066)
 (0.24821842657707716,-0.81678918595120464)
 (-0.92044608734566546,-0.41318937717812537)
 (0.32913915266504257,0.87899849301748423)
 (-0.31374353470166516,1.0269691154577218)
 (-1.0674321293593547,0.94642217247050375)
 (0.34979891958875442,-0.17741877572913142)
 (0.91061935497495883,0.2532890954796746)
 (0.41440235895619515,0.87851116085287206)
 (0.36690206309673074,0.33583289898317503)
 (1.0005845902960664,0.27251863734639009)
 (0.3562376438158158,-0.98798885327707764)
 (-0.41862997458099016,1.0608517675723883)
 (-0.84764484361862413,-0.94636114264166704)
 (0.29569710176554914,0.95873479787820803)
 (-0.3792181129783288,0.91436595045091418)
 (-0.86683981329465709,0.88423254265757811)
 (0.86672723916957084,-0.96975876993408372)
 (0.956369940596972,-0.97735085838390823)
 (-0.85334220122963067,0.82629919576470079)
 (-0.95401256602407603,-0.42971633805708442)
 (0.94027311744998354,-0.89409640457667527)
 (-0.90116680484150613,0.27161497729537848)
 (0.29481178882294123,0.89597024243080681)
 (0.96398771349828627,-1.1054240658157848)
 (0.37246128868921802,-1.0901675623193854)
 (1.0532792944783373,-0.94670988203962581)
 (-0.91658526610060231,0.81970373784489436)
 (0.84824593972677553,0.84560585324112203)
 (-0.94868751490780523,0.24357278027517204)
 (0.96872222404898034,0.25659420749278278)
 (-0.90310265252666277,0.91559853802642499)
 (0.29861993847744905,1.0309077247311673)
 (-0.98482480652830762,-0.2191549511806315)
 (0.40443696287093112,0.89874530184129853)
 (-0.31119874513808965,0.38946881799888211)
 (-0.20093923260084356,0.90556156327514792)
 (-0.88739941169808179,-0.28043233353350555)
 (0.93060581907142959,0.46572948193812391)
 (-0.88759495906303876,0.37608292164770946)
 (-0.31849888759196882,1.0164902554581157)
 (0.48160874038865897,0.35332776129884003)
 (-0.39804471355041154,-0.87237913348818763)
 (-0.91672777880258483,-0.30799675143920946)
 (-0.90137853511719679,-0.89468868360925258)
 (0.27470675746677375,-0.37685053175844335)
 (0.23813340518825066,0.90404257556545287)
 (-0.94782756932157652,0.82556160641392573)
 (-0.94319334972388247,0.36516492132227818)
 (-0.29557104845789728,0.30373142960193084)
 (0.32583938343174063,-0.97647133497339023)
 (-0.37889865434457953,0.3642655650981792)
 (-0.32396666932271984,-0.32486409527245869)
 (1.0106362404646927,-0.41725556075335302)
 (-0.31145940187871451,0.36437192686553821)
 (0.18687172971462632,-0.97940607345796105)
 (0.83216523757509897,1.0108699402860164)
 (1.0361555314816941,1.0160311148077248)
 (0.9111997384292867,1.0105324911852116)
 (-1.0130712246163431,0.41596761217004674)
 (0.30074764167885631,0.42482360340519931)
 (0.2704773918295208,-0.37685112330044029)
 (-0.8910197431111494,-0.35140541283111704)
 (0.82204684863030741,0.25438690365995342)
 (-0.26974422760888805,-1.0604489632320042)
 (-0.89298772807138027,0.89706115822038968)
 (-0.2348296608783913,0.93892766286238416)
 (0.26393954995825464,0.2924696458778519)
 (-1.0511196279640769,-0.95231293930919669)
 (-0.24796191268272322,0.86564261606954507)
 (-0.35478105043758446,0.97467399116800502)
 (-0.3081808533112888,-1.003691495834496)
 (0.93990344834194128,0.99935223356482372)
 (-0.90624777449160188,-0.25197185290902513)
 (0.2429934741277589,0.2848514941280883)
 (-0.44504329983927415,-0.94570166782428611)
 (0.95875076529144831,-0.13487659391575621)
 (0.94733154240891082,1.1597519109346781)
 (1.0691821639281121,-0.35850879069752012)
 (0.96035806254482425,0.90209120783894814)
 (-0.91546937826274022,-0.41163443630430652)
 (-0.24848222544701637,-0.27457137012742394)
 (0.96090846673021779,0.22299722749411877)
 (-0.26977157698009974,0.32224954042758686)
