# Created by Octave 8.4.0, Thu Dec 11 09:47:22 2025 IST <gamana@Samsung>
# name: clean
# type: complex matrix
# rows: 2048
# columns: 1
 (-0.94117647058823528,0.94117647058823528)
 (-0.94117647058823528,0.31372549019607843)
 (-0.94117647058823528,-0.94117647058823528)
 (-0.94117647058823528,0.31372549019607843)
 (-0.31372549019607843,-0.31372549019607843)
 (0.94117647058823528,0.94117647058823528)
 (-0.31372549019607843,-0.31372549019607843)
 (-0.31372549019607843,-0.94117647058823528)
 (0.94117647058823528,0.31372549019607843)
 (0.31372549019607843,0.94117647058823528)
 (-0.31372549019607843,0.94117647058823528)
 (-0.31372549019607843,0.31372549019607843)
 (0.31372549019607843,0.31372549019607843)
 (0.31372549019607843,0.31372549019607843)
 (0.31372549019607843,-0.31372549019607843)
 (-0.31372549019607843,0.94117647058823528)
 (0.94117647058823528,0.94117647058823528)
 (-0.94117647058823528,0.94117647058823528)
 (0.31372549019607843,0.31372549019607843)
 (-0.31372549019607843,-0.31372549019607843)
 (0.94117647058823528,0.94117647058823528)
 (0.94117647058823528,0.31372549019607843)
 (0.94117647058823528,-0.94117647058823528)
 (-0.94117647058823528,0.31372549019607843)
 (-0.94117647058823528,0.31372549019607843)
 (-0.94117647058823528,-0.31372549019607843)
 (-0.94117647058823528,0.31372549019607843)
 (-0.31372549019607843,-0.94117647058823528)
 (0.94117647058823528,0.94117647058823528)
 (-0.94117647058823528,0.94117647058823528)
 (-0.94117647058823528,0.31372549019607843)
 (-0.31372549019607843,-0.31372549019607843)
 (-0.31372549019607843,0.94117647058823528)
 (0.94117647058823528,-0.94117647058823528)
 (-0.94117647058823528,-0.94117647058823528)
 (-0.94117647058823528,-0.31372549019607843)
 (-0.94117647058823528,-0.94117647058823528)
 (0.31372549019607843,-0.31372549019607843)
 (-0.94117647058823528,-0.94117647058823528)
 (-0.31372549019607843,-0.31372549019607843)
 (0.94117647058823528,-0.94117647058823528)
 (0.94117647058823528,0.31372549019607843)
 (-0.31372549019607843,-0.31372549019607843)
 (0.31372549019607843,-0.94117647058823528)
 (-0.94117647058823528,0.94117647058823528)
 (0.31372549019607843,0.94117647058823528)
 (-0.94117647058823528,-0.94117647058823528)
 (0.94117647058823528,0.94117647058823528)
 (-0.94117647058823528,-0.31372549019607843)
 (0.94117647058823528,0.31372549019607843)
 (-0.31372549019607843,0.31372549019607843)
 (0.31372549019607843,-0.31372549019607843)
 (-0.94117647058823528,-0.31372549019607843)
 (0.31372549019607843,0.31372549019607843)
 (0.31372549019607843,-0.31372549019607843)
 (0.31372549019607843,0.31372549019607843)
 (-0.31372549019607843,0.94117647058823528)
 (-0.31372549019607843,0.94117647058823528)
 (-0.94117647058823528,-0.31372549019607843)
 (0.94117647058823528,-0.31372549019607843)
 (0.31372549019607843,0.94117647058823528)
 (0.94117647058823528,-0.94117647058823528)
 (-0.94117647058823528,-0.94117647058823528)
 (-0.94117647058823528,-0.31372549019607843)
 (-0.94117647058823528,-0.31372549019607843)
 (-0.31372549019607843,0.31372549019607843)
 (0.31372549019607843,-0.31372549019607843)
 (-0.31372549019607843,0.31372549019607843)
 (-0.31372549019607843,0.94117647058823528)
 (-0.94117647058823528,0.94117647058823528)
 (-0.94117647058823528,-0.94117647058823528)
 (0.94117647058823528,0.31372549019607843)
 (-0.31372549019607843,0.94117647058823528)
 (-0.94117647058823528,0.94117647058823528)
 (0.94117647058823528,-0.31372549019607843)
 (-0.94117647058823528,0.31372549019607843)
 (0.94117647058823528,0.94117647058823528)
 (-0.31372549019607843,0.31372549019607843)
 (0.94117647058823528,0.94117647058823528)
 (0.31372549019607843,0.94117647058823528)
 (-0.31372549019607843,-0.31372549019607843)
 (-0.31372549019607843,0.31372549019607843)
 (-0.94117647058823528,0.31372549019607843)
 (0.31372549019607843,-0.31372549019607843)
 (0.31372549019607843,-0.31372549019607843)
 (-0.94117647058823528,0.94117647058823528)
 (-0.94117647058823528,-0.94117647058823528)
 (-0.31372549019607843,-0.31372549019607843)
 (-0.94117647058823528,0.94117647058823528)
 (-0.31372549019607843,0.31372549019607843)
 (-0.31372549019607843,0.94117647058823528)
 (-0.94117647058823528,-0.31372549019607843)
 (-0.94117647058823528,0.31372549019607843)
 (0.94117647058823528,0.94117647058823528)
 (-0.94117647058823528,0.94117647058823528)
 (-0.94117647058823528,-0.31372549019607843)
 (-0.31372549019607843,0.31372549019607843)
 (0.94117647058823528,-0.31372549019607843)
 (-0.94117647058823528,0.94117647058823528)
 (0.94117647058823528,0.94117647058823528)
 (0.31372549019607843,0.94117647058823528)
 (0.94117647058823528,0.31372549019607843)
 (-0.94117647058823528,-0.94117647058823528)
 (0.31372549019607843,0.31372549019607843)
 (-0.94117647058823528,0.94117647058823528)
 (-0.31372549019607843,0.94117647058823528)
 (0.31372549019607843,0.94117647058823528)
 (0.31372549019607843,0.31372549019607843)
 (-0.94117647058823528,0.94117647058823528)
 (0.94117647058823528,-0.94117647058823528)
 (0.31372549019607843,0.31372549019607843)
 (0.94117647058823528,0.94117647058823528)
 (0.31372549019607843,-0.94117647058823528)
 (-0.94117647058823528,-0.94117647058823528)
 (0.31372549019607843,0.31372549019607843)
 (0.31372549019607843,-0.31372549019607843)
 (-0.94117647058823528,0.94117647058823528)
 (-0.31372549019607843,-0.94117647058823528)
 (-0.94117647058823528,-0.94117647058823528)
 (-0.31372549019607843,-0.94117647058823528)
 (0.94117647058823528,-0.94117647058823528)
 (-0.31372549019607843,-0.31372549019607843)
 (0.94117647058823528,-0.31372549019607843)
 (-0.31372549019607843,-0.31372549019607843)
 (0.31372549019607843,-0.31372549019607843)
 (-0.31372549019607843,0.31372549019607843)
 (-0.94117647058823528,-0.31372549019607843)
 (-0.94117647058823528,0.31372549019607843)
 (0.31372549019607843,-0.94117647058823528)
 (0.94117647058823528,0.94117647058823528)
 (-0.31372549019607843,0.31372549019607843)
 (-0.31372549019607843,0.94117647058823528)
 (0.94117647058823528,-0.94117647058823528)
 (-0.31372549019607843,0.31372549019607843)
 (-0.94117647058823528,-0.94117647058823528)
 (0.31372549019607843,-0.94117647058823528)
 (-0.31372549019607843,0.94117647058823528)
 (0.94117647058823528,-0.94117647058823528)
 (-0.94117647058823528,0.94117647058823528)
 (-0.31372549019607843,-0.94117647058823528)
 (-0.94117647058823528,0.94117647058823528)
 (-0.94117647058823528,0.94117647058823528)
 (-0.31372549019607843,0.31372549019607843)
 (0.31372549019607843,0.31372549019607843)
 (0.94117647058823528,0.31372549019607843)
 (-0.94117647058823528,0.31372549019607843)
 (-0.31372549019607843,0.31372549019607843)
 (0.31372549019607843,0.94117647058823528)
 (0.31372549019607843,0.94117647058823528)
 (-0.31372549019607843,0.31372549019607843)
 (-0.31372549019607843,-0.94117647058823528)
 (0.94117647058823528,0.94117647058823528)
 (-0.94117647058823528,0.31372549019607843)
 (0.94117647058823528,-0.94117647058823528)
 (0.94117647058823528,0.31372549019607843)
 (0.31372549019607843,-0.94117647058823528)
 (0.94117647058823528,0.94117647058823528)
 (0.94117647058823528,0.31372549019607843)
 (0.31372549019607843,0.31372549019607843)
 (-0.94117647058823528,-0.94117647058823528)
 (0.31372549019607843,0.94117647058823528)
 (-0.31372549019607843,-0.94117647058823528)
 (-0.31372549019607843,-0.31372549019607843)
 (0.94117647058823528,0.94117647058823528)
 (0.31372549019607843,-0.94117647058823528)
 (-0.94117647058823528,-0.31372549019607843)
 (0.31372549019607843,0.31372549019607843)
 (-0.31372549019607843,0.31372549019607843)
 (0.31372549019607843,-0.31372549019607843)
 (0.31372549019607843,0.31372549019607843)
 (0.31372549019607843,-0.94117647058823528)
 (0.94117647058823528,0.94117647058823528)
 (0.94117647058823528,-0.31372549019607843)
 (0.31372549019607843,0.31372549019607843)
 (0.94117647058823528,0.94117647058823528)
 (-0.94117647058823528,0.94117647058823528)
 (-0.31372549019607843,-0.31372549019607843)
 (-0.31372549019607843,-0.31372549019607843)
