# Created by Octave 8.4.0, Thu Dec 11 09:47:22 2025 IST <gamana@Samsung>
# name: rayl
# type: complex matrix
# rows: 2048
# columns: 1
 (-0.0049469296946959007,-1.572967130689805)
 (-1.1381192307011827,-0.03787583413416673)
 (-1.1990763744003727,1.0741944164756851)
 (0.90086028482400071,0.59962887410529697)
 (-0.90993774246028714,0.26994078210202099)
 (0.061992269430931002,0.8134171708695519)
 (0.44340092140257592,-0.94036269753462209)
 (0.31670612867295311,0.14363163435440446)
 (0.2755691485232496,-0.13781982396126297)
 (-0.39874677459390862,-0.23619767220838087)
 (0.46010944141741439,0.76586069009898761)
 (0.044010226620793735,-0.26595846709804105)
 (-1.2225529780034274,-0.85909613104417382)
 (0.20240934614352071,0.61961259708670069)
 (0.2251457822431967,1.4794027262490377)
 (-0.6328913227631292,0.56354191380399432)
 (-0.79770638296588237,1.6586053007322048)
 (-1.2166469354151443,-0.030274321843717256)
 (0.33904671701438971,-0.34722741834654547)
 (-0.56141781971196114,-1.3612425762061784)
 (-0.59269876844537839,-0.97626068883959038)
 (-0.42197865606867452,0.40217752712107718)
 (-0.17105810761579668,0.23803076536841719)
 (0.58143951678387795,0.89636519501205247)
 (-0.46875844646716841,-0.23166903367670605)
 (0.18552481284212408,-0.38005868460711256)
 (-0.7145539957959095,-0.07689144617392113)
 (0.26032971896521029,-0.64321548270935869)
 (1.1073729262657932,-0.21749576253114539)
 (0.25767435880379114,1.2344593192908617)
 (-0.44973396311910158,-0.70589880692281504)
 (-0.46227505375943617,-0.98279022376160952)
 (-0.11579176270330896,0.91793498967494302)
 (0.047596769848638226,-0.25942870728738809)
 (0.31627038895163162,0.20721484544458785)
 (0.0020854055262964633,-0.49096441447617545)
 (0.23192609044795692,0.083242883228321685)
 (-0.6219121448560786,-0.20752744027599065)
 (0.3776621564503182,0.29058898613435746)
 (-0.57804362347623894,-0.56118527575966382)
 (-0.38646513015217576,-1.1671831032708619)
 (1.5615177118800128,-0.33080691518545646)
 (0.22896068158512251,0.042775825869977746)
 (-1.0303883293025182,-0.45253077603129149)
 (-0.029436934031741087,-0.12713052495604046)
 (0.027294691054232878,-0.44089368042517607)
 (-0.41168845094258599,-0.0635341912929481)
 (-0.23592468917901238,0.061711950839753907)
 (-2.0962701988880434,-0.14249584142408644)
 (-0.442136376383924,1.3822475161029582)
 (-0.36600412658807796,0.030624020372279279)
 (0.44186191865135732,0.14935563014368686)
 (-0.20291371948624232,0.32310829186117934)
 (-0.10594695557838836,0.13228488400862576)
 (0.41192386876019782,-0.13919386058002975)
 (0.1960756927215519,1.1982127231127067)
 (0.013432303674647816,-0.25633092914008998)
 (0.45576276266426657,0.23804504055052916)
 (-0.37514397548717671,0.65882961354715119)
 (-0.34345498186389556,1.2841625193304318)
 (0.17355225625448742,-0.57831588038920911)
 (0.63165481320024375,0.88067993768414798)
 (-0.3518840228737673,0.62309227621887286)
 (-0.88570287305416362,0.11460911834079876)
 (0.1407619092385492,0.27148134942380697)
 (0.20712487129096935,0.82072610302440752)
 (1.9851149664680847,2.0424873650519446)
 (-0.16798044672325138,-0.97211720802572987)
 (-0.42771449817133456,-1.3182038817775665)
 (-0.37566280949719733,-1.0097492749809593)
 (-0.65116644175650207,-1.8701573931103197)
 (-0.06877753806010739,1.0630253436214778)
 (0.24566276616973479,-0.44937739261840426)
 (0.43360291672846307,0.21225008495264133)
 (-0.80621162179165751,1.532769363201723)
 (0.56061114074993668,0.74463421880297997)
 (0.29813323219234866,-0.31223845004244088)
 (1.6230336081106975,-0.46059004038551171)
 (0.80311977803085421,-1.2936420500451606)
 (-1.0625233342614331,-1.0326464977309429)
 (-0.041840701879877651,2.5603457962662155)
 (-0.22159490414264471,1.5631107189516844)
 (0.90932893307185081,-0.60315745521239106)
 (-0.93539152963360084,-0.46299832251382106)
 (-0.93136630551784527,0.16825211931939943)
 (-0.15616037991113496,-1.2838338598403851)
 (0.2606621479484037,0.37365206581989874)
 (1.0590218767498436,0.28541071646576882)
 (-1.7522259531927551,-0.2029746544071922)
 (-0.0036315288686587979,-0.0017869654903592831)
 (1.0737901505399963,0.23781719731982998)
 (0.17762163241831685,-0.83853396871803909)
 (-0.42524025884193906,0.66021635315715999)
 (1.0502774521050224,0.59354775523684822)
 (0.50504417839498639,-0.36300254760202089)
 (-0.17760622410289428,0.22186141775227775)
 (-0.24630600894769678,-0.21597439128684792)
 (-0.70186259370158999,0.23323830994368286)
 (-0.089619965784244318,0.13698770287700088)
 (-0.36884168688270019,-1.0158656533031154)
 (0.10276644915930565,0.32479957038051988)
 (0.10447740613847625,0.063071895076207835)
 (0.28785572969054396,-0.32540599995778291)
 (0.6068796479998837,-0.26007034920106759)
 (-0.17164468094250485,-0.043677569716410583)
 (0.34764705080060843,0.088583806971604645)
 (-0.11886599305704,0.12883989516601874)
 (-0.20503350434599202,0.044999124900791027)
 (-0.16338684925323763,-0.53332484282315795)
 (-0.010707624272140615,-0.88423802814689201)
 (-0.17370956579291646,-0.083428042095807217)
 (0.3987453126919982,-0.23388619627471285)
 (-0.3102282021834154,0.05237195157702737)
 (-0.20656345006915922,-0.17541255589880961)
 (-0.86415437358199199,-1.8267295955289089)
 (-0.45228431750809717,1.0592705685752803)
 (-0.49711562919613084,1.6877818854884978)
 (-0.47893791100730576,0.38519584235331639)
 (-0.1470006104105484,-0.017493603028805788)
 (0.35222110259756506,-0.12024317479070827)
 (0.40363079976089133,-1.0825604570584166)
 (-0.06706056010060879,-0.27595004994966937)
 (0.31991132997971661,-0.16398236143652542)
 (0.38515566196578632,-0.10503900265394078)
 (-0.53574375619820935,0.22555235356373451)
 (0.59949149442653216,-0.42045702174277533)
 (-0.52369949772150104,2.0197246320027062)
 (0.056629373906485841,0.66299943327175104)
 (0.21050904241332963,-0.78127817463563209)
 (0.47061893807795552,-0.02820179681735277)
 (-0.79301410280960516,-1.3050115398621469)
 (0.025937591191506626,-0.084703727950294502)
 (0.075737439839251852,-1.2145572262101942)
 (0.44046030398551894,-0.13713282835169863)
 (-0.22899448376080153,-0.72697935575797468)
 (-0.30523271698948951,1.3492313735377626)
 (0.19128879021161077,-0.92895381013320477)
 (0.70109938663738092,0.5574655788272076)
 (-0.2746399770785215,0.27723911184187133)
 (-1.6378780765440524,-1.2215292424352227)
 (-0.65120252746371621,-0.04951801497650965)
 (-0.22781003462577176,1.3556050396244137)
 (0.081359801396436365,0.041435348628173913)
 (-0.434263739198331,0.30608902141135386)
 (-0.44982145761353337,0.2535445426470373)
 (1.4678686451305381,-0.23983833843198232)
 (-0.5890100154985396,-0.46366306972554966)
 (0.91676172630048436,-0.94835681126239901)
 (-0.50474835841163868,0.86477570903015033)
 (-0.38433208559047433,-0.96582275907758097)
 (-1.3320623023293314,-0.53418932339964642)
 (-0.18212982137610856,-0.65436380647161529)
 (0.76516943960909567,-1.0790661333050591)
 (-1.2520736297356934,-1.1248681866088395)
 (-0.93754744986370908,0.1964109446503271)
 (0.35209463211270775,0.82498709508826351)
 (-0.10398684220168831,0.33916217245711877)
 (-0.98837629074346345,1.0561933849994611)
 (-0.66498219238219414,0.19926960787803805)
 (-0.13721404152524364,-1.1555463128559378)
 (-0.11607214966112719,-0.51491827984182847)
 (-0.16564692262612579,-0.32052569836752798)
 (0.40053148921127524,0.51676907769558755)
 (-0.0054726146166702572,-0.94990404172102438)
 (0.41911785333917689,0.44320613880838056)
 (0.22748907762437498,0.19169387935157145)
 (-0.51640830976644381,-0.39287826655852232)
 (0.41610586546586958,-0.13462230843972736)
 (-0.51106794061930816,-0.64548270859124157)
 (-1.4622517709163463,-0.2942015242393945)
 (1.0460287432610513,0.36222485514722907)
 (-0.92007622727937322,0.94099234330322212)
 (0.80987752421344483,-0.26957053689430144)
 (0.57403035497055677,0.60326873174817042)
 (-0.48550523782500693,1.1598940884787177)
 (-0.38479921001806072,-0.45713539172356177)
 (-0.95110227179106288,-2.0952891643237974)
 (0.40321395025068441,0.30746868689565487)
 (-1.0278505856073761,-0.14737281479717806)
