# Created by Octave 8.4.0, Thu Dec 11 09:47:22 2025 IST <gamana@Samsung>
# name: clean
# type: complex matrix
# rows: 2048
# columns: 1
 (-0.31524416249564025,0.94573248748692074)
 (0.31524416249564025,-0.31524416249564025)
 (0.31524416249564025,0.94573248748692074)
 (0.94573248748692074,-0.94573248748692074)
 (-0.31524416249564025,-0.31524416249564025)
 (-0.31524416249564025,0.31524416249564025)
 (0.31524416249564025,0.94573248748692074)
 (-0.31524416249564025,0.31524416249564025)
 (0.31524416249564025,0.31524416249564025)
 (-0.31524416249564025,0.94573248748692074)
 (0.31524416249564025,0.94573248748692074)
 (0.31524416249564025,0.31524416249564025)
 (-0.31524416249564025,0.94573248748692074)
 (-0.31524416249564025,-0.94573248748692074)
 (-0.31524416249564025,-0.31524416249564025)
 (0.31524416249564025,0.31524416249564025)
 (0.31524416249564025,-0.31524416249564025)
 (0.94573248748692074,-0.31524416249564025)
 (0.31524416249564025,0.31524416249564025)
 (-0.31524416249564025,-0.94573248748692074)
 (0.94573248748692074,0.31524416249564025)
 (-0.94573248748692074,0.31524416249564025)
 (-0.31524416249564025,-0.94573248748692074)
 (-0.31524416249564025,0.94573248748692074)
 (-0.31524416249564025,0.31524416249564025)
 (0.31524416249564025,0.31524416249564025)
 (0.31524416249564025,0.94573248748692074)
 (-0.31524416249564025,-0.94573248748692074)
 (-0.31524416249564025,-0.31524416249564025)
 (-0.94573248748692074,-0.31524416249564025)
 (-0.94573248748692074,0.31524416249564025)
 (0.31524416249564025,0.94573248748692074)
 (-0.31524416249564025,0.31524416249564025)
 (-0.31524416249564025,0.31524416249564025)
 (-0.31524416249564025,-0.94573248748692074)
 (0.94573248748692074,0.94573248748692074)
 (0.31524416249564025,0.94573248748692074)
 (0.31524416249564025,-0.94573248748692074)
 (-0.31524416249564025,0.31524416249564025)
 (0.94573248748692074,-0.31524416249564025)
 (-0.94573248748692074,-0.94573248748692074)
 (-0.94573248748692074,0.31524416249564025)
 (-0.94573248748692074,0.31524416249564025)
 (-0.31524416249564025,-0.31524416249564025)
 (-0.31524416249564025,0.31524416249564025)
 (-0.31524416249564025,-0.94573248748692074)
 (0.31524416249564025,0.31524416249564025)
 (-0.31524416249564025,0.94573248748692074)
 (-0.31524416249564025,0.31524416249564025)
 (0.94573248748692074,0.94573248748692074)
 (-0.31524416249564025,0.31524416249564025)
 (0.94573248748692074,-0.31524416249564025)
 (-0.31524416249564025,-0.94573248748692074)
 (-0.31524416249564025,0.31524416249564025)
 (-0.31524416249564025,-0.31524416249564025)
 (-0.94573248748692074,0.31524416249564025)
 (-0.94573248748692074,-0.31524416249564025)
 (0.31524416249564025,-0.31524416249564025)
 (0.31524416249564025,0.31524416249564025)
 (-0.31524416249564025,0.94573248748692074)
 (0.31524416249564025,-0.31524416249564025)
 (0.94573248748692074,-0.31524416249564025)
 (-0.31524416249564025,0.31524416249564025)
 (0.31524416249564025,0.31524416249564025)
 (0.31524416249564025,0.94573248748692074)
 (-0.31524416249564025,-0.31524416249564025)
 (0.94573248748692074,0.94573248748692074)
 (-0.31524416249564025,-0.94573248748692074)
 (-0.94573248748692074,-0.94573248748692074)
 (0.31524416249564025,0.94573248748692074)
 (0.94573248748692074,-0.31524416249564025)
 (-0.94573248748692074,0.31524416249564025)
 (0.31524416249564025,-0.94573248748692074)
 (-0.31524416249564025,0.94573248748692074)
 (-0.31524416249564025,-0.31524416249564025)
 (0.31524416249564025,-0.94573248748692074)
 (0.31524416249564025,-0.94573248748692074)
 (0.31524416249564025,0.31524416249564025)
 (-0.31524416249564025,0.31524416249564025)
 (0.94573248748692074,-0.31524416249564025)
 (-0.94573248748692074,0.94573248748692074)
 (-0.31524416249564025,-0.94573248748692074)
 (0.94573248748692074,0.31524416249564025)
 (-0.94573248748692074,0.94573248748692074)
 (-0.94573248748692074,0.94573248748692074)
 (-0.94573248748692074,0.31524416249564025)
 (-0.94573248748692074,0.94573248748692074)
 (-0.94573248748692074,0.94573248748692074)
 (-0.31524416249564025,-0.94573248748692074)
 (-0.31524416249564025,-0.31524416249564025)
 (-0.94573248748692074,0.94573248748692074)
 (-0.94573248748692074,0.94573248748692074)
 (-0.31524416249564025,-0.94573248748692074)
 (0.94573248748692074,-0.31524416249564025)
 (0.31524416249564025,0.94573248748692074)
 (-0.31524416249564025,0.94573248748692074)
 (-0.31524416249564025,0.94573248748692074)
 (0.94573248748692074,-0.94573248748692074)
 (0.94573248748692074,0.31524416249564025)
 (0.94573248748692074,0.31524416249564025)
 (0.31524416249564025,0.94573248748692074)
 (0.94573248748692074,0.31524416249564025)
 (-0.31524416249564025,0.94573248748692074)
 (-0.31524416249564025,0.31524416249564025)
 (-0.94573248748692074,0.94573248748692074)
 (-0.94573248748692074,0.31524416249564025)
 (0.94573248748692074,-0.94573248748692074)
 (0.94573248748692074,0.31524416249564025)
 (0.31524416249564025,0.31524416249564025)
 (0.94573248748692074,0.31524416249564025)
 (-0.94573248748692074,-0.94573248748692074)
 (-0.31524416249564025,-0.94573248748692074)
 (-0.94573248748692074,-0.94573248748692074)
 (0.94573248748692074,-0.94573248748692074)
 (-0.94573248748692074,-0.31524416249564025)
 (-0.94573248748692074,-0.94573248748692074)
 (0.94573248748692074,-0.31524416249564025)
 (0.31524416249564025,-0.94573248748692074)
 (-0.94573248748692074,-0.94573248748692074)
 (0.31524416249564025,0.94573248748692074)
 (0.31524416249564025,-0.94573248748692074)
 (-0.94573248748692074,-0.94573248748692074)
 (-0.94573248748692074,0.94573248748692074)
 (0.94573248748692074,-0.94573248748692074)
 (0.94573248748692074,-0.31524416249564025)
 (-0.31524416249564025,-0.31524416249564025)
 (0.94573248748692074,-0.31524416249564025)
 (-0.94573248748692074,0.94573248748692074)
 (0.31524416249564025,-0.31524416249564025)
 (-0.31524416249564025,0.31524416249564025)
 (-0.94573248748692074,0.31524416249564025)
 (-0.31524416249564025,-0.94573248748692074)
 (-0.94573248748692074,-0.94573248748692074)
 (-0.31524416249564025,-0.31524416249564025)
 (-0.31524416249564025,-0.31524416249564025)
 (0.94573248748692074,-0.94573248748692074)
 (0.31524416249564025,-0.31524416249564025)
 (-0.94573248748692074,-0.31524416249564025)
 (-0.94573248748692074,-0.31524416249564025)
 (0.94573248748692074,-0.94573248748692074)
 (0.31524416249564025,0.31524416249564025)
 (-0.31524416249564025,-0.94573248748692074)
 (-0.31524416249564025,-0.94573248748692074)
 (-0.94573248748692074,-0.31524416249564025)
 (0.31524416249564025,-0.94573248748692074)
 (-0.94573248748692074,0.31524416249564025)
 (-0.31524416249564025,-0.31524416249564025)
 (0.94573248748692074,-0.31524416249564025)
 (-0.31524416249564025,0.31524416249564025)
 (0.31524416249564025,-0.31524416249564025)
 (0.94573248748692074,0.94573248748692074)
 (-0.94573248748692074,-0.94573248748692074)
 (-0.94573248748692074,0.31524416249564025)
 (0.94573248748692074,0.31524416249564025)
 (-0.31524416249564025,-0.94573248748692074)
 (0.31524416249564025,0.31524416249564025)
 (-0.94573248748692074,-0.94573248748692074)
 (-0.31524416249564025,0.94573248748692074)
 (0.94573248748692074,-0.31524416249564025)
 (-0.94573248748692074,0.31524416249564025)
 (0.31524416249564025,-0.94573248748692074)
 (-0.31524416249564025,0.31524416249564025)
 (-0.31524416249564025,0.94573248748692074)
 (0.94573248748692074,0.31524416249564025)
 (-0.94573248748692074,0.94573248748692074)
 (-0.94573248748692074,-0.94573248748692074)
 (-0.31524416249564025,-0.94573248748692074)
 (-0.31524416249564025,0.94573248748692074)
 (-0.31524416249564025,-0.31524416249564025)
 (0.31524416249564025,0.94573248748692074)
 (-0.94573248748692074,-0.31524416249564025)
 (0.94573248748692074,-0.94573248748692074)
 (0.94573248748692074,0.94573248748692074)
 (-0.31524416249564025,-0.94573248748692074)
 (-0.94573248748692074,0.94573248748692074)
 (-0.94573248748692074,-0.31524416249564025)
 (-0.94573248748692074,-0.31524416249564025)
 (-0.94573248748692074,0.31524416249564025)
