# Created by Octave 8.4.0, Thu Dec 11 09:47:22 2025 IST <gamana@Samsung>
# name: rayl
# type: complex matrix
# rows: 2048
# columns: 1
 (-0.14154560587130238,0.47704621504393019)
 (0.0024010483756417705,-0.377527256428559)
 (1.0686811574282682,0.087394268676430686)
 (0.18960446696068023,-1.1989473599430416)
 (0.90376487133341454,0.26874877132377245)
 (-0.23275942816271317,0.73987501794444688)
 (0.1205265099976533,0.94389935700941519)
 (-0.038171044215379743,-0.20790084102431461)
 (-0.5327179525060951,1.6362591389112429)
 (1.5586395425693773,-0.0044063424776509263)
 (0.059141804029368111,0.380093106762807)
 (-0.10524051353450975,0.42474432338361406)
 (0.53233238792629045,-0.69542233854185465)
 (-1.6157354382599207,0.80238269436355247)
 (0.17410768640809429,-0.11850799384856343)
 (0.34483891270150768,-0.57990380732587365)
 (-0.11305749063833881,0.46637133545173393)
 (-0.18088318238968604,0.5890265940684426)
 (0.033561719374292344,-0.017112092068174514)
 (-0.61339857191171465,0.13234652812060066)
 (-0.27333599245086504,0.096090148369130629)
 (1.0393709225113339,0.16294138526985902)
 (0.3573374113704999,-0.79779088866652437)
 (0.52905131897286861,-0.082011649525173036)
 (-0.042716815878006131,-0.49914537199076381)
 (1.3420202072198761,0.28989351278834719)
 (-0.62970596766861764,0.54232154046671055)
 (1.130302084523308,-1.8096199557466324)
 (0.57994387109291479,0.095693354631970318)
 (-0.27471461332196406,0.059437175330872893)
 (-0.20503878425854419,0.16794769229341536)
 (0.84369408807688573,-0.092105398966699392)
 (0.18863688552653596,1.3388272965439048)
 (0.42170902478295935,-0.20761253519820633)
 (-1.1379750892000096,-1.4039504542832932)
 (-0.87158984764698688,-0.31247138718422374)
 (-0.48663172355786671,-0.29883993445287177)
 (-0.34234689195209633,0.37264108938740292)
 (-1.5498742607483491,-0.60049856886042186)
 (0.0082316323894528476,1.2796985806144161)
 (-0.021904058983450853,-0.21209923117876603)
 (0.15714825428124696,-1.2304710982205642)
 (-0.90833109661053357,-0.00092133410600897525)
 (0.053188320931756405,-0.23074876182696213)
 (-0.16361712722442945,0.058754340600857997)
 (-0.43903618031216773,-0.90202396465319135)
 (-0.34308245933349463,0.48287514280286559)
 (-1.0188784757526494,-0.075043660753356167)
 (0.089716097992414534,1.0785864483617189)
 (1.459437886035821,-0.50417899858488724)
 (-1.0537348613312569,1.0101127670563808)
 (1.0067331544662377,0.69316391631517549)
 (-0.39991579621673301,0.56107183682433737)
 (0.17891171089805347,-0.7551741797164746)
 (0.18344747561167013,0.037163884999121502)
 (-0.8923901685326433,0.69051980322208262)
 (-0.3960694955629751,0.03366721943587539)
 (-1.6039388779969133,-0.16350274613993743)
 (-0.97875213422190876,0.34433802700756938)
 (-0.37259457211477298,-0.13647468925608267)
 (0.11654228510206324,-0.20637323889585371)
 (0.85290583152358335,-1.1694881119837188)
 (-0.097042760734557865,-0.64945920833990345)
 (-0.4940260010282162,-0.19359197926608046)
 (0.55135547358659809,0.2508400604281395)
 (-0.67907987043057227,0.4877780287861348)
 (0.21048960792953508,-0.16422209553043415)
 (1.1181967732574489,-1.2146168956190575)
 (-0.14479584117293037,0.062091630586278798)
 (0.26467083757441101,0.41639086688900062)
 (-0.25951517251169742,-1.0512867461698872)
 (-0.70440687743340713,1.0123360693552688)
 (-1.1634454539823937,-0.42374150522455367)
 (0.17711307653836858,-0.1759217726821988)
 (0.29454534418494993,-0.0013718758316342283)
 (0.46089057777868142,0.26400624728212857)
 (-0.60550299701783472,0.039210878910715508)
 (0.33151578637144813,1.2873008595909259)
 (-0.067219060855786245,-0.40100365611989636)
 (0.046414110726880953,-0.97271383219634888)
 (0.053217948394088554,1.4007275912146349)
 (0.33552302468945566,0.060265529104814822)
 (0.49784247778766966,-0.6083956545717053)
 (0.55499151471102293,-0.31259657367599841)
 (0.73705953975982341,-0.8537048692432565)
 (-0.025256415516376522,-0.1855881955812525)
 (0.096205994471849077,-0.51845113301947343)
 (-0.36777437713069971,-1.2501749916008802)
 (-0.60202731274307686,0.87598433517774121)
 (-0.47258761630151103,-0.0016501967287263775)
 (-0.17618686545703977,-0.30152182131646299)
 (0.11169770427808738,0.10698783581405703)
 (-0.39344285684124991,0.47001946068838518)
 (0.43343319495205773,1.1697953171219657)
 (0.27157501591220584,0.27820553521270142)
 (-0.41121260910450885,0.1474827057392567)
 (-0.23485415011896552,-0.20830029205768333)
 (0.18490858799884763,-0.27641037787882328)
 (-0.44202394460671857,-0.6150978599630692)
 (0.65356065353612181,0.6316750467945178)
 (0.40241263237567015,1.0509533482140754)
 (0.68668039309046658,-0.25304253052826003)
 (0.44050973569411112,0.54831490913857217)
 (0.5385812549357728,-0.33940608212372775)
 (-0.63391280244860393,0.45877636886345241)
 (-2.3572054511641705,-1.0059043436829449)
 (-0.89289924978010393,-0.79424824160843799)
 (-0.13481010665080939,0.0041061655100676636)
 (-0.73092842304441596,-0.13425785593699371)
 (0.63577863738204865,-0.51869405521770018)
 (0.12189076477474378,0.27020089261912339)
 (-1.3270960044349989,0.33003584562681343)
 (1.1391177533046843,-0.5384334614925731)
 (-0.94176078450937795,-0.56051192467647037)
 (-0.37745613499155223,-0.084541587375751681)
 (1.3272495864212859,0.30520664918281093)
 (-0.12702168858647103,0.76683168770530508)
 (0.59218874472117145,-1.7608640375198781)
 (0.32973039454127007,0.25621671137676177)
 (0.0043189351957374778,-0.051280529336596763)
 (0.81675572051773804,-0.084360297594218314)
 (-0.86492258272147704,-0.29904605227558112)
 (-0.31638485529850124,0.18448445670618235)
 (-0.52146578223826279,0.61748633784217866)
 (-0.16058893445810501,0.38753448270302809)
 (-1.0707054915549756,0.9461991794926139)
 (-1.5837512234093061,-0.27291921071704917)
 (-0.29026508229201714,-0.39803216982702944)
 (0.19023991619690744,0.18552186305286894)
 (0.45598740691923351,-1.169611097942197)
 (-0.79409165490935352,-0.31921217052568096)
 (-1.0091522223603531,-0.28273235477389758)
 (-1.0957935416682301,0.85686246115643838)
 (-0.55906310597685305,-0.058422897960978215)
 (0.2547922386678399,0.31868674881068387)
 (-0.30155252114771014,-0.39244714294620398)
 (-0.20628360525455025,0.21469102249951466)
 (-0.6306430936211922,-0.2528393576608518)
 (-0.04350736828165358,0.78596119791222274)
 (-0.58265826343936711,-0.25542344203163203)
 (0.70116272495390242,-0.31872459791134333)
 (-0.477976086604605,-1.6821782200056448)
 (0.0048806885528577815,0.25760037287619308)
 (1.5368655220134222,-0.35178100747183905)
 (0.075382614964614403,0.74028980307744419)
 (-0.13160075126696924,0.41741382471592992)
 (-0.079118142218013554,0.6150205873869028)
 (0.60405168871450321,-0.04613612813921153)
 (0.29073412147309718,-0.045238683017147563)
 (0.27673797509165216,0.28624400277711165)
 (0.23630198213350417,1.3998112361048287)
 (0.2475016902355173,0.70448062917292009)
 (1.0584885874742724,-1.0243199307609128)
 (-0.57602139460544888,0.38745808612947358)
 (-0.74617042697601266,0.95773137422728383)
 (0.36584486804329813,-1.0154158176589374)
 (-1.0451523581500146,-0.84286997260550467)
 (-0.2741485802507912,-0.38440746335595249)
 (0.5279061601894357,0.27991550319969316)
 (-0.0976530884885283,-0.81681608968826691)
 (0.37432865899305007,0.18921537706665492)
 (-0.24218598338741792,0.11358411614548612)
 (0.2762119827226075,-0.75731651643406739)
 (-0.49342390049906032,-0.13094818282052584)
 (-0.13378005821954431,0.2348043303823667)
 (-0.58103026424218696,-0.5581227707945059)
 (0.10562653224855731,-0.2928814164311826)
 (-0.15878688890073475,-0.74395117712135383)
 (0.64312225609163498,-0.81455390932127569)
 (-0.30813748598839075,0.58653823259424642)
 (0.98132669782769533,-1.3152866079147332)
 (0.28852643739061301,-0.40451178776599828)
 (0.57919759767069101,-0.71250916837750999)
 (-0.74543758689878969,0.50350502227351435)
 (-0.046357018264558458,-0.55658254601602142)
 (0.32971109975288604,-0.1316468940655276)
 (-0.10334449857811212,-0.077813128416646171)
 (0.1515743849364018,-0.33324466573335032)
 (0.84376689041940645,0.40541501630321619)
