# Created by Octave 8.4.0, Thu Dec 11 09:47:22 2025 IST <gamana@Samsung>
# name: awgn20
# type: complex matrix
# rows: 2048
# columns: 1
 (-0.35892704808999853,0.22925097619030244)
 (-0.23431689845311693,0.27429688614446812)
 (-0.27005104450872397,0.89197168339818789)
 (-0.34681323280355653,0.31377281818182651)
 (0.96903535949690933,0.33894305670724956)
 (-0.33379349116928958,-0.35814896440014704)
 (-0.87564947396741932,-0.34120854879104168)
 (0.37795867453816445,-0.99360495078306066)
 (-1.0817725279683275,-0.36524734248081925)
 (-0.33620597769980193,0.91630342347131266)
 (0.88593952460758241,-1.0154794179313453)
 (0.3358829388265358,0.93726982677902881)
 (-0.28194265729332102,0.95926056673044802)
 (-0.34676989658598756,-0.15548694748428049)
 (0.31867723295562023,0.86501187058996998)
 (-0.44442112716130355,0.27541378743782019)
 (-1.0032005840136429,0.8547431645722714)
 (-0.26587623653306947,-0.92702810929368862)
 (0.94134432905134169,-1.1525837378276733)
 (-1.0938754635774415,0.88424605511638177)
 (-0.9067128622724826,-0.91743435878380064)
 (0.83680339519843461,-0.99876703380555443)
 (0.32436452658402537,0.20411072442807937)
 (-0.97133028356379569,0.31997870177814547)
 (-0.33124832474353494,-0.97682896413745202)
 (-0.28732920641644616,0.33736767437110032)
 (-0.97842457720981191,0.94131527012079408)
 (1.0716054140313898,-0.26134099145879308)
 (0.89549234661661958,0.96775493134721713)
 (0.44875452177861519,0.95912280121909954)
 (0.19908304862982995,-0.34867217345452073)
 (0.39090393122083278,-0.2956269158716317)
 (0.32792289616988868,-0.93535059954827726)
 (-0.30597783689665325,0.39474016446033666)
 (-0.29241719881957517,0.97792645648667054)
 (-1.0631492435491929,-0.33672124644587215)
 (0.20249470086658,0.39439437856346865)
 (-0.93276560963995458,0.42844557957612062)
 (1.0127646979535112,0.17179627058562857)
 (0.41404613719673738,0.90791485520844972)
 (-0.96269691870401986,-0.84652917394191551)
 (-0.89289205728126109,0.23765949678263165)
 (0.43444127170564456,1.026696514205828)
 (-0.99007615622298339,0.2975864533942959)
 (1.0352276099582349,-0.33499074021816899)
 (0.37147075378852884,0.26894177610471492)
 (-0.27926112672329501,-0.25244539719528813)
 (0.97860563819348123,-0.32521117868550964)
 (0.36243186516698239,-0.88230396056645144)
 (-0.95230846967597227,-0.39750803291378395)
 (0.41694056563200216,-0.35836332243691882)
 (0.26603934739070723,0.36651964627752709)
 (0.85578507605818877,-0.94246312807201327)
 (0.93917982497940955,-0.94706345286834503)
 (0.46059394775729823,-0.9672136004593771)
 (0.40412635429257288,0.93636257928722999)
 (-1.02303837723358,0.34744370356851167)
 (-0.2126133980711668,-0.24482968142835654)
 (-0.22338114782155136,1.0241740394911145)
 (1.0675054175353274,0.29442834658928624)
 (-0.91545922049216322,-0.19638291222545068)
 (-0.35170930455068528,0.26101968625822414)
 (-1.056839494025329,0.30549324024145064)
 (-0.44160183922152818,-0.89761317953796105)
 (-0.16261836238299945,-0.96279324849488079)
 (0.3525096580168951,0.37049622575667851)
 (-0.33390517702726552,-0.37743061986519361)
 (0.37943012684993616,0.90887133657515951)
 (-1.0155287443695449,-0.96397386075362423)
 (-0.17320965608682876,0.9640164255641821)
 (-0.78090021227258621,-1.004021297629516)
 (-0.37974498315993044,0.28569948531800959)
 (0.31853770706456119,-0.20071835944372549)
 (-0.88451859242906816,-0.94640583483573637)
 (-0.40150119737426687,0.92367566493992193)
 (-0.92090136123277899,0.40929595893913007)
 (0.27300214678111606,0.92626743289596547)
 (0.92488325166084695,-0.37118213196683891)
 (0.8896333503929873,-0.34191756196894207)
 (-0.33047461398025929,0.2808133534297782)
 (0.36641351253286919,-1.0283054518243242)
 (-0.88135570285787113,-0.34414037141340892)
 (-0.2857634304610695,0.19069523836958546)
 (-0.33240313662070176,1.0094279135787754)
 (-0.19813164365102262,0.82636771910768614)
 (0.88687584075017356,-1.0144799630472816)
 (-1.0076237552051981,-0.25904288976299439)
 (-0.27662498600409796,-0.3039750166942618)
 (0.31039388104721283,-0.95231872680795593)
 (0.40114426835868933,-0.32856542308069031)
 (0.93044675803589838,0.30466283846423609)
 (-0.90288447476077716,0.27731321191975378)
 (0.94214290095178432,0.92817324733645057)
 (-0.99624770184650202,0.25236008610397215)
 (-0.36948280017275736,-0.95208084231689716)
 (-0.32162632361143978,1.1217198243651323)
 (0.81472175850762496,-0.88432293638223924)
 (1.0412311084006438,1.1049002783793878)
 (0.97910706039706574,-0.33277297467530237)
 (0.42461557481900136,0.93093599655527159)
 (-1.0258550968129811,1.0139394480799109)
 (-0.33341494270613037,-0.43870092049639831)
 (-0.83834573617804087,-0.88639250826006821)
 (1.0329327889303546,0.89544530755490537)
 (-0.97427431464963932,-1.1431690814031152)
 (0.92559619462334541,-0.37017388538201329)
 (0.27903524112995837,0.91663544261834007)
 (-0.94339917739496204,-0.84562305122848225)
 (-0.29138780331910064,0.29851870344734455)
 (-0.90095978454398451,-0.32561236021818307)
 (0.96180412925450531,-0.32190428797034798)
 (0.8750388488068247,-0.27969788011485164)
 (-1.0274428194258887,-0.97962112562908799)
 (-0.97881335855090423,0.53220319223005208)
 (0.30923313728592422,0.95476742498512956)
 (-0.81798326340940719,0.21851873684540421)
 (1.0310324633060211,0.28992587854694751)
 (-0.92784028979576505,0.88478425605501387)
 (0.97632249404495186,0.33563011317562641)
 (0.33997598609628016,0.40736099119130859)
 (0.95125727674994942,0.33329137296552436)
 (0.90419440344971924,0.9578359028313419)
 (1.0290530211705911,-0.8757785461352614)
 (-0.9876890585593725,0.75018109898029894)
 (0.25418857305757037,0.97434754935663692)
 (-0.49995746903879912,-0.28291294959026053)
 (0.90545467936518165,1.0290990772805739)
 (0.31342281803812222,0.80952662223306393)
 (0.42952134489800625,0.24109797924602322)
 (0.92017667928033731,-0.32956716467040759)
 (-0.22769482868650104,-1.0311579773898814)
 (0.95918644228540784,-0.31430186086711215)
 (0.40039117737896257,-0.86454010085184674)
 (0.39231832500411012,-0.29777830764368929)
 (1.0264266157967361,0.37297232032939359)
 (-0.36542589545926468,-0.99087616780019183)
 (-0.32500394215669071,1.0345498872415788)
 (0.27716432082919257,0.89789757705011763)
 (-0.92930317470868129,0.28295801900175971)
 (0.83714794426772154,0.26618603481903536)
 (-0.88584678277327356,-0.42764605233544983)
 (-0.36767883609865659,0.31481321409187962)
 (0.48071272735942894,-1.0032958298707875)
 (-0.28857928726232651,-0.98386387487038962)
 (-0.29348754877745614,-0.97461992697845656)
 (-0.92475143995038356,0.90214006171658301)
 (0.40948593629536661,-0.25469257199328854)
 (-0.8719652282248036,1.0381966682517614)
 (-0.98267948886160716,0.93007281839802891)
 (0.27471386386238583,0.26111522448499463)
 (0.19566867681600983,-1.0203671692752196)
 (0.26502082675356464,0.88521776479830394)
 (-0.99553364197926486,1.0000524822704091)
 (0.30204452945400484,0.44618388332735359)
 (-1.0090160021564341,-0.48987511333805533)
 (1.0142797755846389,0.27603985854335816)
 (0.93115320651763356,0.27968531462520663)
 (-0.92380351071632349,0.11407740431404076)
 (1.0495282087710172,-0.87336921167940451)
 (0.43385459280931921,0.93607207707973561)
 (-0.37369798760774159,-0.97180202136800997)
 (-0.3248717967906749,-1.0551062470834776)
 (-1.0066241830352582,-0.30489965593155621)
 (0.99841342056450111,-0.86560720851148965)
 (0.37127448551700032,0.90049674919142164)
 (0.2417588720013526,0.88125204742559837)
 (0.90633151102403298,-0.95790855360939742)
 (0.72044309671756701,0.90360899254206506)
 (1.0255999199730474,0.83250635050966515)
 (-0.3622166280438221,1.0680585936069382)
 (0.88377625199435439,0.92191295995003242)
 (-0.98905420931238219,0.90609229047028839)
 (-0.25079863442699668,-0.30596722506526253)
 (-0.35873517738347332,-0.93041101095019985)
 (-0.36819327560959969,0.32158200546858717)
 (-0.27947275064676302,1.01477903082688)
 (-0.25870073429518348,-0.43013836128226274)
 (1.0238500393602945,-0.86895273543330454)
 (0.30713121568062912,-0.89854860638529921)
 (-1.0591037258130518,-0.32680602018155214)
