# Created by Octave 8.4.0, Thu Dec 11 09:47:22 2025 IST <gamana@Samsung>
# name: rayl
# type: complex matrix
# rows: 2048
# columns: 1
 (-0.17657130829439055,0.64768646155566145)
 (-0.58677433535149259,-0.59369637854957291)
 (0.24831636649049565,0.13217565625058639)
 (-0.17971598412226164,0.00062152881489330181)
 (-0.038539311824305304,-0.13379489818862592)
 (0.0092701983279049535,-0.030233863834915133)
 (0.52446316694020167,-0.070457468221322359)
 (-0.64788057024924783,0.51081719553297189)
 (-0.08194999334981462,-0.43380477952895019)
 (-0.9867114786232013,0.078085538014847633)
 (-1.7564312469122114,-1.0668875402671321)
 (0.19159168427394768,-0.051111303649628667)
 (0.44027107559883849,0.055622545120346201)
 (-0.89281928895595108,0.83792447136260606)
 (1.2045446375101532,-0.58217793274085161)
 (-1.1828388083066881,0.64985506525254744)
 (0.21678367852171526,-1.4012130868618065)
 (1.3593224484983983,-0.43283254166975876)
 (0.41627593290965004,-0.10944950205978041)
 (-1.6859571544212826,0.94281445300586864)
 (0.39533981136519458,0.13136241777043378)
 (1.3438175868520141,-0.17374020631877019)
 (-0.037293702463401579,1.0641490518236667)
 (0.21902879271427972,-0.41505074779129852)
 (0.31356820107798855,2.4641740924654245)
 (-0.035357291386202472,0.1678831418315391)
 (-0.49197636118429211,1.6923172481625608)
 (0.64848194013676341,0.7237882598097567)
 (0.28241355610673607,-0.29290321537622971)
 (-0.25679140764835168,-1.3413941778076652)
 (-0.17078467616324794,-0.0035351111865431495)
 (0.090225178243019566,-0.31785999662382802)
 (-0.30238663753140943,1.0776432930699336)
 (-0.058015724900340848,0.17238050258621515)
 (0.057270591661751455,0.33430434457017072)
 (-0.40853904519461204,-0.55700165124940459)
 (0.53075280348961251,-0.38613735959119888)
 (0.61699276418769844,0.81830479879001716)
 (0.20935032952595078,0.86054409343367066)
 (-0.93766434498896267,-1.7400656543003299)
 (-0.24842092981820407,0.40816463943086578)
 (-0.59803646223960572,-0.019952247736204465)
 (-1.2091174627911903,-0.30063351029891339)
 (0.34435113768254755,-0.31669176462637671)
 (0.46774012073227977,2.7019777189877332)
 (-1.8676024669251672,1.2750321421806148)
 (0.099613687577173732,-0.47067586519365179)
 (-0.10164416592392611,-0.063028975395194087)
 (0.45933151261938376,1.686870518575396)
 (0.38576195387160755,-0.39349160851131521)
 (0.24602549344487684,-0.45859064795860688)
 (-0.24732384883703226,0.17511299354679863)
 (0.58055888748770879,-0.51190838215835233)
 (-0.5657406746322472,-0.57217099010250039)
 (0.18305424517423707,0.42979569500586279)
 (-0.49909986004068374,-0.28097608406249291)
 (-0.19795990223015242,0.14586410645195824)
 (0.3599069480232735,-0.46388254465496886)
 (0.8201362307882285,0.89661739590766021)
 (0.80834463040803217,-0.17353038292263928)
 (0.74125557281272592,0.94984602011939301)
 (-0.33379665707119643,1.6399773594410574)
 (-0.014109628523729989,-0.67682313353423329)
 (-0.22543380382467876,-0.045895493011661501)
 (-1.7456234151941088,-0.41013049287824815)
 (0.0084602878898940859,0.18616060710180909)
 (-0.030159464089781256,-0.14977969120504978)
 (0.17057152593207414,1.793127997833849)
 (-0.19249128890680756,0.025115227495064063)
 (0.11690767864976101,-0.21255980609000266)
 (-0.10033172208589389,-0.05930556878578986)
 (0.58064774599604219,0.50403802128468)
 (0.96752031366019375,0.28053783306593322)
 (-0.085771466999214674,1.2230277450259299)
 (-1.1411352005720956,0.083909134218363712)
 (-0.72239161930356599,-1.0189905237156567)
 (0.66815469098369962,-0.5145031501121089)
 (0.14007525091092007,0.45820190879043543)
 (0.67316078573137428,-0.28165867673667927)
 (-0.36522148506184476,0.46875634237561881)
 (-0.77084177692946587,0.1163177668057237)
 (-0.91877965933388317,0.59362906253871317)
 (0.031308201448263392,0.18533875297765651)
 (-0.69651127092574849,-0.82257704839134316)
 (-0.045905312020310285,-1.2381092718093631)
 (0.1188890592993305,0.2358479733939082)
 (0.92003415720917969,1.3453818842408571)
 (-0.71502410382968462,-0.046210196698605793)
 (-1.503260556076879,-0.35927789971044843)
 (-0.55839579839043552,-0.77569057970178734)
 (0.043050212166233448,-0.79514185695580686)
 (-0.082611116164360898,-1.6779142565331666)
 (-0.044619720217846742,-0.5293010209019744)
 (0.088315478337630579,-0.23666921836002169)
 (-0.22491203812979993,0.30750222623182816)
 (-0.57901432774061323,-0.050228781114779075)
 (0.31646098734201716,-0.069766980055230562)
 (-0.55855602023240369,-0.55256008651423605)
 (-0.36291128355771551,0.18461524941804647)
 (0.56208018565741757,0.1495892300236491)
 (-0.88529511343757428,0.36756406732672164)
 (0.38326825594556219,-0.300978150145922)
 (0.46601377650788689,-0.58677544450084718)
 (-0.16217248970766129,0.48294758832006168)
 (0.066350351231483251,0.55490196383187851)
 (0.39912283626096406,-0.034898332944935773)
 (0.07384633616129567,0.25990239767667433)
 (-0.55597587423512262,0.14608252845651395)
 (0.39176288500269796,-0.29111549158856176)
 (0.098141775618219171,-0.0082119424310961725)
 (0.67509698345078129,0.59188160380014854)
 (0.32114228528137045,-0.64187855006902117)
 (0.11318364710056565,0.32677634205310796)
 (-0.4982861423483062,-0.45295255402229051)
 (1.3804009277071001,0.80514275939718405)
 (0.07259127937193996,-0.1617008109059507)
 (0.36771361394645063,-2.3963231009623462)
 (0.20770564199782382,-0.065049151749123846)
 (0.091002951204027904,-0.16556774561760845)
 (0.29952533043306201,0.71553090418729615)
 (0.29716362937643553,0.99442950774445205)
 (-0.2567613698998702,-0.013580276992370272)
 (-0.42921113412093714,0.13569381831849117)
 (1.1241620628081983,1.2542143496751588)
 (0.30342997216142142,-0.40400570081720311)
 (-0.87528098120096676,-0.20240280713082409)
 (-0.24761184277951814,-0.11543251872667067)
 (1.6745988322117145,-0.61624007629007571)
 (1.0430404928283319,0.036557486481133994)
 (0.25610815657886771,0.066619635365450278)
 (-0.19779179696216725,-0.021357611417743241)
 (-0.18996104874814362,-0.30929171966940655)
 (0.83272492645596663,-0.24894481554480904)
 (0.21392760844765721,0.019726126503767337)
 (1.0746359315044951,0.8126831031816687)
 (0.17245259079082093,0.83128089297088859)
 (-0.86240531879882454,-1.2924950029007265)
 (0.88367426015371897,-0.70571426522941871)
 (0.29602154586391805,1.8439578695543652)
 (-1.0509738857868873,-0.44543441083209179)
 (-1.0778842983758856,0.9007264631321561)
 (1.5497789392692405,0.59388413619589953)
 (-0.071584495500695788,-0.62949330233946854)
 (0.30075911872308958,-0.087873724841322304)
 (-0.15862459834121945,-0.21777956884178623)
 (-0.23077738326117539,-0.22820068976892893)
 (-0.32339459494255091,-0.15877547798980507)
 (0.22516081374626701,-0.42813291258918751)
 (-1.0975050398233037,-0.60331171834792507)
 (0.23007905688856939,0.28155032879959896)
 (1.0668638778105535,-0.73148988892984024)
 (0.046731428597723293,-0.02210942563822069)
 (-0.59698626823478373,-0.6461729023698195)
 (-0.63759736203781092,0.43465652316005865)
 (-0.82198200381123032,-0.79280374865742498)
 (0.19476248771847823,-0.57412469672738187)
 (0.73100940223467537,-0.41006090175532417)
 (0.89176974468758108,-1.7457896330434655)
 (-0.3172741203878417,-0.32695714261422099)
 (1.5029692138529662,-1.1306637335348049)
 (0.26520564507850675,-0.50182087729033864)
 (-1.154979340307287,1.1997103876392705)
 (0.16384615185491883,0.52060610575550148)
 (0.028137767660235569,-1.6058449791146074)
 (-0.22840168798230687,-0.031654824987329092)
 (-0.2711828017150637,-0.14102103131462071)
 (-0.038349967182993688,0.27698243432183195)
 (0.71704058542450244,0.07550908172198556)
 (-1.0484248338516342,0.60245142603607449)
 (0.32282573558774064,0.069520142457839551)
 (0.6266860740571063,-0.15564388568568086)
 (0.11292949993835044,1.2990206137390614)
 (0.47107222022845635,-0.3444693366404285)
 (0.43550272162528847,1.2993474103755747)
 (0.27281302260286744,0.035001179199497315)
 (0.10324048226876706,0.16863412628847316)
 (0.037582162225895083,0.11815619752159112)
 (1.6030176888700278,1.7746825157028947)
 (-0.59867607437832093,-0.96119379781873493)
