# Created by Octave 8.4.0, Thu Dec 11 09:47:21 2025 IST <gamana@Samsung>
# name: rician
# type: complex matrix
# rows: 2048
# columns: 1
 (0.83043486752302509,-1.3529254913301443)
 (0.10379319962044981,0.19615221876260164)
 (0.39271332058061414,-0.66508112579833245)
 (0.3599634182216716,-0.12773196639911644)
 (1.3517667092060808,-0.47827680262823563)
 (0.41305927095460637,-1.1360671853131266)
 (0.60857770642858178,-1.0673860862394844)
 (0.17913947920002235,0.0036334367135908222)
 (0.42934662343535884,-0.70947663217515133)
 (0.42642702341082178,-0.36307152929861625)
 (1.2739707649471788,-0.63424185288700596)
 (0.38911224730102739,-0.21185736871114419)
 (0.19548722580440478,-0.89111646880358908)
 (-0.42072691312752053,1.2622086996526876)
 (0.23533823157796893,0.65299555410499932)
 (0.57708905124997401,-0.77197365625572179)
 (-0.33026587346460556,-0.21005324085744645)
 (-0.048136460218203947,-0.78951317658494036)
 (0.20641993861247582,-0.4086044592809544)
 (-0.33854351810882721,-0.44069255150301861)
 (0.62262398883719072,0.47513987716309836)
 (0.82783854412504509,0.57338943616724358)
 (-1.1148825491675163,0.013596127335060104)
 (0.31845225667786725,0.0023762819012906611)
 (1.821074974872209,0.62299951723872815)
 (-0.47486890197783788,0.024705865991373283)
 (0.34128358670928433,0.050437616769199278)
 (-0.23657084753478311,0.1558365777287046)
 (0.67112954978266326,-0.81702890712089427)
 (-0.27401983686527953,1.054622642700566)
 (0.86635988644100548,0.093928527240487641)
 (0.26513910965253107,-0.081779195202357616)
 (0.30674354902962137,-0.40276433831275554)
 (1.3563582226210777,-0.82173411437911137)
 (1.025556345864616,0.22279218877165072)
 (0.55009042063692126,0.21367489640378198)
 (-0.22668562148475097,0.24583654791809856)
 (0.25509319099438177,0.012770727406734822)
 (-0.14416884204712724,-0.55329122674180387)
 (-0.45649956360077792,0.33105641011970988)
 (-0.98292382253508559,-0.21985138645595542)
 (0.9662498964080144,0.81052707654547651)
 (-0.12964612010531096,0.17544005500349075)
 (-0.16691804224806286,0.10857180607887752)
 (0.49117895382472543,-0.088640506669390079)
 (0.087566928127285809,-0.86090621663741029)
 (0.75013379829377913,0.227126682929707)
 (0.21337543652954311,0.64327933125434611)
 (0.22330075375004094,-0.48671914024387336)
 (-0.48694173665266655,-1.2161351171123476)
 (-0.90778071426710016,-0.43759995170560101)
 (0.31369716872993375,0.88038018135617491)
 (0.42557928118277505,-0.14772133565098172)
 (0.077031939601637539,0.028266065385899569)
 (0.59133636183960492,1.3921410604401916)
 (0.48260193953480102,0.76826823346789841)
 (0.1938270491879199,-0.076903685140353589)
 (0.60660528448018181,0.5387982818017707)
 (-0.65611665777406503,-0.36703845802227547)
 (0.76837554079067794,0.6301200649516232)
 (1.064064494051189,-0.63743436704929801)
 (0.34046093399474742,-0.33357484772135826)
 (-0.12953077770123553,-0.61877714963853592)
 (0.34221225903301283,0.87433106009459216)
 (-0.22620424499378328,0.39578106300008226)
 (1.0223155427177053,0.2522746707361706)
 (0.4960279388081546,0.39373026418316248)
 (0.16294945031971117,0.37591809931861797)
 (0.39544067764243163,-0.92643082639794594)
 (-0.068131747977000529,-0.67461428281935798)
 (0.39245343948008593,0.084351268264405949)
 (-0.4790220607550556,-1.2278866046116335)
 (0.50945912004219962,0.097531463983605154)
 (-0.38823985042473197,0.95606072517874097)
 (-0.5098539237733799,-0.69681984760758298)
 (0.36704089747291613,0.88302322399175959)
 (-0.057015135335621761,0.029390667788424037)
 (0.81564808694424296,0.61311337737396765)
 (0.93190612502942172,0.66663057837659279)
 (1.0737944275218525,-0.1265413337777441)
 (1.4623757922296039,0.82589569183199996)
 (-0.70502768643714575,-0.90865878802014111)
 (1.3868478650352161,-0.16118814326581682)
 (-0.24213490081795638,0.33395538713685113)
 (0.96331242448079424,0.57465874505332215)
 (-1.4865876347687168,0.68561309061477926)
 (-0.88182703724760048,1.1028577439985985)
 (-1.1871797338923402,0.64786800003046574)
 (-0.66473394854181911,-0.79818507351580981)
 (-0.85689506278149319,-0.53845504796445498)
 (-0.99435579416930819,-0.31119513991215042)
 (-0.84018351440776773,0.77424713127913725)
 (1.1064383871564265,0.40432911173927782)
 (-0.46960562163021624,0.63736712655447314)
 (0.099373784868354464,-1.3643500311630492)
 (0.88561841807395314,0.47164270569892952)
 (0.49411926245477117,-0.51010989977772114)
 (0.24105471301282122,-0.44838903618897985)
 (-0.064274676691058408,-0.80355688577582607)
 (0.27817327552463023,0.36956505328479616)
 (0.1723837694622978,1.0077863835649099)
 (-0.3108400190303261,0.29172089769382903)
 (-0.32168518083626207,-0.084641884797372585)
 (-0.00074852438735734106,0.27733732237563546)
 (-0.080304250137347488,0.40738498150421115)
 (-0.34956330645658795,0.63804232216586443)
 (-1.0147290356346561,0.47258066420378869)
 (-1.2445037441113644,0.38675417273232904)
 (0.44169370216747816,-0.29077513617112405)
 (1.0638844388237061,-1.2074714536126501)
 (-0.4494782980702195,-0.65955788578969476)
 (0.17932506540871229,0.60457207022794657)
 (-0.29767797541284058,0.25796865868120644)
 (-0.04525298528386057,1.2915885319817799)
 (0.63889400627227155,-0.45542860363852139)
 (0.482290152755596,-0.091646024122364944)
 (-0.12926632996085186,0.43325821733161585)
 (-0.44401358537146912,0.28738349057932605)
 (-1.0259416100140104,-0.60504055551155156)
 (0.89717821261072594,0.3728944782139697)
 (1.5924128761182241,-0.25945519092584257)
 (0.35659884178687706,-1.3835779588095729)
 (-1.2142704019312642,-0.96214291418703279)
 (0.45913205690346076,1.2214260123055847)
 (0.95875089232239075,-0.18246761756903421)
 (-0.024795862944588395,-0.25471776869905283)
 (0.50755518882846962,-0.45448250790742484)
 (-0.44290533750452016,-0.35491931000224969)
 (-1.2624890951035959,-1.1189290493725321)
 (-0.42377321230571613,0.25519920274170388)
 (0.17355540110762127,-1.3103482166467182)
 (-0.54935248784609503,0.16116035479544841)
 (1.1951240082447763,0.18511020569624256)
 (0.39297396720319655,2.0020626188042505)
 (-1.446672573327848,-1.3220297167570461)
 (0.085137280767760518,0.1093693487137231)
 (0.2912938993592053,0.25261101701893213)
 (-0.59841379958828478,0.46603146031251796)
 (-1.2642199414496331,0.20985278717617775)
 (-1.913766503201378,-0.41666126870488784)
 (-0.31804526808720412,0.26919525097037567)
 (-0.37375865920220386,0.86884205633640332)
 (1.3526659651913531,-0.7188284091768824)
 (0.57926856562513174,0.28241586754560161)
 (0.18997987291380403,-0.49809929683802479)
 (0.61241656407734069,-0.9975108736577798)
 (-0.71958620985298005,0.34209063134852846)
 (-0.033014256505610629,-1.1852725534095103)
 (-0.7062837235939412,-0.029504594199819295)
 (1.1899292124428733,-0.1249338445193664)
 (0.70298151010728982,0.89341380707977103)
 (-0.80281457904101572,-0.87357019224234989)
 (-0.58115676142229233,0.26677683899626176)
 (-1.0651794245740471,1.5704741840713428)
 (0.90952764661029895,1.0808019389930648)
 (0.68738195322668638,0.2515452062072156)
 (0.25909658136658265,0.80770696454887481)
 (0.84312994405954045,0.47717237849384364)
 (-0.08918972031425132,-0.32554986037593719)
 (0.039737517508776243,-0.51936902324957113)
 (-0.50805576467834712,-0.17874896607465859)
 (-0.26574756829830826,0.96330592687356109)
 (0.25758764234521397,-0.072740562198093453)
 (0.4320078786994403,-0.4516878832588081)
 (0.82172165577138023,0.40469311683841303)
 (0.22611817991510549,0.12920082368004801)
 (-1.0292454414610752,0.93476004577929583)
 (1.3954714192170725,-0.33781055479358346)
 (-0.62536045464436474,1.7399248181572788)
 (-0.049736708884450143,1.1491257653999165)
 (0.41869953494711032,-0.021988246437588857)
 (-1.0468292927503939,-0.71590177414776712)
 (-0.26921497033723696,0.6014435834994466)
 (0.37204028249031867,0.3500120518839181)
 (0.76871250845601558,0.42525585742773292)
 (0.080693171715984668,-0.72618357788797006)
 (-0.12289534619294697,-0.60976320420007857)
 (-1.1000363254599108,-0.79680928136431595)
 (-0.7965636697996854,1.3022591375939574)
 (0.21051608820569895,-0.43696881639106006)
