# Created by Octave 8.4.0, Thu Dec 11 09:47:22 2025 IST <gamana@Samsung>
# name: awgn20
# type: complex matrix
# rows: 2048
# columns: 1
 (0.97330181041225894,0.46628012110922989)
 (-0.90439944944598694,0.95484046226404895)
 (-0.31270662542655703,-0.37542043540675274)
 (-0.85673279591655616,-1.0154750641181041)
 (0.40556790235132695,-0.37661476777587538)
 (0.37322659649896023,1.0628827480487595)
 (0.92509022323144086,-0.36631185360458168)
 (-0.98325293954779813,-0.81739024189080511)
 (0.32689250581055945,-0.28011539135654989)
 (-1.0352787253586579,-0.93270261291502066)
 (0.93625048474419348,0.88579213341957153)
 (0.32164852040021302,-0.27091033632757788)
 (-0.24925165299532623,-0.97626300058207249)
 (-0.91067279182088701,1.0378297346151244)
 (0.87253954789278254,-1.0289748597866186)
 (0.97216875880678055,0.84165617497683975)
 (0.29912425890805977,-1.0521385249181263)
 (-0.84817342024062881,1.0494288067455133)
 (0.33139861570303142,-0.95876145054162576)
 (0.43019181956549452,0.82234718589882982)
 (-0.89907007601982392,0.34154587484695664)
 (-0.33960709657621396,0.90717559429484096)
 (-0.17819675386583486,0.88329233220030301)
 (-0.3011397967312513,0.97637429880100446)
 (0.3452596807247798,-0.24345510535860843)
 (-0.31535975636790214,-1.0305773777845686)
 (-0.95348355622783387,-1.0218271581397451)
 (1.0132152173503781,0.90776053965445136)
 (0.90992475134638007,-0.95064675836664336)
 (-0.97672525938282806,-0.31660474316998499)
 (-0.96023160979738031,-0.94633419946334651)
 (-0.88033383628341499,-0.4148473438223188)
 (-0.93249694503682035,-1.0179639880886528)
 (0.84224592772118101,0.20446418851694687)
 (-0.90686921638437012,-0.40509050550786657)
 (0.3964531712688707,-0.2579532089614015)
 (0.87886091926963206,0.3487536062364206)
 (1.0049014158751355,-0.95566061693468729)
 (-0.31700918035191145,-1.0559695872739157)
 (-1.0000965412204508,-0.94312922326603754)
 (0.47386392223446316,-0.98551517045498194)
 (-0.23299051011156235,0.91277946544918431)
 (-0.34348016131751874,0.3241097630077438)
 (1.0439308353741981,0.3055804620175222)
 (-0.9007327099912571,0.33152731523555778)
 (-0.16838453666667674,1.0948166330778841)
 (-0.99188418180899118,0.2325711472132812)
 (1.0017596672537592,-0.31887606204526259)
 (-0.39636534839624771,0.9866247492548591)
 (-0.26618535209652189,0.83158420354888296)
 (-0.84681980661110123,0.31585199142763981)
 (-0.40552389800519306,-0.32335193991602273)
 (1.040402382729763,-0.24693381106887718)
 (-0.2253247486169313,-0.32206254109597271)
 (0.32430276591379775,-0.3773409367223301)
 (0.36630522479473743,-0.36412839636829258)
 (0.96855077322193561,0.92932032211502758)
 (-0.96640786593282535,0.91322757290497125)
 (0.30281595155045099,-0.47974785097238848)
 (0.88519545518960907,0.34222460216134859)
 (-0.24280396680823779,0.25644926833792026)
 (0.93183129308382162,-0.85652724037865202)
 (-0.88086744839529729,0.92086400185488804)
 (0.4316349712997673,0.93289307641931862)
 (-0.33331752158264466,0.89217810527540165)
 (-0.30677859176389666,0.28566370235844069)
 (0.23731905844393361,-0.97899300003816636)
 (-0.85264650975548628,0.28247608417327846)
 (-0.29580352020289769,-0.28646124204158158)
 (-0.41254377494494199,-0.96014412103789781)
 (1.0116801996488529,-0.33709366515679373)
 (0.1338566743283845,-0.93207351607998357)
 (0.3770237072349536,-0.38228966701778783)
 (-0.94315289607549324,-0.39203666046741531)
 (-0.93033628564375981,0.90239815669692058)
 (1.0096066859623678,-0.94342847849534028)
 (-0.89754688346254896,1.0539114439756585)
 (0.84005160243476618,1.0084166923161613)
 (-1.0882458263722081,-0.96679272688529594)
 (0.93278781196518235,-0.36221534564286334)
 (-0.23800572817614099,0.25024810281911275)
 (-0.3494384492664741,-1.0233888087249248)
 (0.28656010592056125,-0.95090398354533423)
 (-0.96102087092426747,0.93761774194395675)
 (-0.94227630798510598,0.39020609334740025)
 (0.86868785047864316,0.36401344576408229)
 (0.894769408358979,0.31064551603718926)
 (0.9407338092018046,0.87133916066939232)
 (0.33063342175812888,-1.0583067093341625)
 (0.33339526316135459,0.31992115856997544)
 (0.25639144849795487,-0.95346852070758026)
 (1.0228485112117909,1.0079230384186169)
 (-1.0112182704499406,0.98849890070691093)
 (1.0385528696205375,0.22359622797756218)
 (-1.0002200128558563,-1.0107307850966463)
 (-0.91034560520622332,0.28571358472923108)
 (-0.24717273367571904,-0.9150834958873918)
 (-0.23785556551969828,0.8247549960920938)
 (0.94977532275762033,-0.84840672481903256)
 (0.32588871676480713,-0.25336182740153962)
 (0.22354053247498945,0.82506416186544562)
 (-0.20794843956208847,-0.22925079651465896)
 (-1.010815999830607,0.97566249320857756)
 (0.22071473667674613,-0.9648438140898955)
 (-0.3869017765739553,-0.97986058225131933)
 (1.067262283128966,0.96590197364472197)
 (-0.31011575599505725,-0.94212333412201388)
 (1.0003313976352646,-0.95711219850410212)
 (-0.4665178191382246,-0.30094588940609895)
 (0.20031724065595818,-0.91254169417635433)
 (0.28215719426681957,0.8716401242103694)
 (0.96713282598217665,0.3452931649419439)
 (0.96201292091187118,-0.33917534226561352)
 (0.88521539398945448,-0.26973902381720866)
 (0.91114775904772838,0.97901171740851334)
 (0.32841362906164295,1.0497622713461647)
 (-0.37738207969562743,0.19123012530921471)
 (-0.41267731850856665,-0.99903587775268554)
 (0.95781963806170467,0.30443162790298905)
 (0.93047654897656662,0.96581151311135627)
 (0.28555154241184255,0.24739668395431097)
 (0.29012056818223642,-0.37170401334917075)
 (-0.33716371164765957,0.27590745575617637)
 (-1.0462921019171432,0.93200095749492518)
 (0.93426740540182629,-0.84563926387699695)
 (-0.93804908422199806,-0.91696135327288442)
 (1.0749187389220094,-0.33866968985940094)
 (-0.34895513882878892,1.0635819378297464)
 (-1.0487495888765517,-0.26277248124739772)
 (-0.31533488035244533,-0.95013095085518018)
 (0.49529211986993266,-0.39497051376020303)
 (-1.0450194601126348,-0.93983431548691942)
 (0.197359934802878,-0.99330543268246285)
 (-0.40182746323614271,-0.97194281772422597)
 (-0.30341444441767029,-0.93548101698038999)
 (-0.41907714723478939,-0.30179704310840888)
 (-1.0389688019788281,-0.98170647026633073)
 (0.39581211024296192,-0.23061999405839634)
 (-1.0615239279511821,0.37188010476246042)
 (0.19242229033366687,-0.91598368367858451)
 (-1.0276246229842918,0.9248410721482212)
 (-0.95340045491835446,0.30894153722024414)
 (0.91183012566783328,-1.0313504068093295)
 (0.33519567056086974,1.0312313754836115)
 (-0.40857686964335477,-0.92212453349170376)
 (-0.32328948684866071,-0.50715638773599103)
 (0.21470445534459487,0.35076271316445018)
 (-0.99675007114995273,-0.97632761948442304)
 (0.32884206332491972,-0.86019344826826405)
 (0.28900817250709132,-0.25848946651105131)
 (-0.90714375058806529,-0.93156176119444534)
 (1.1088938349181716,-1.0156033728425309)
 (0.37825079936558592,-0.42453460864734871)
 (0.98463330112804726,-0.34627389033710249)
 (-0.97935235712510604,-0.2484423290781026)
 (0.30684697489943913,-0.81147748960792065)
 (0.39033988549535609,-0.43926128053374963)
 (-1.0347128125042919,0.99457540804937772)
 (0.91544444875081055,-0.30828186077345837)
 (-0.44165573828374649,-0.99685259207838817)
 (0.34400059248402454,0.26129368172265621)
 (-0.96297644560809392,0.89035519308216049)
 (0.88551876784397709,0.92427144930591842)
 (-0.81045321870322184,-0.91443777426631101)
 (0.29369881043945678,-0.95497000831770729)
 (0.25238164366821386,1.0743226970203608)
 (-0.33406846479943803,0.94682853906557007)
 (-1.0378710147751822,-0.95457470949954937)
 (0.99741254877885122,0.29793403752596875)
 (-0.8671960536820057,-0.36209123244673086)
 (-0.30921841043847625,-0.99262365560997545)
 (0.3724041408507392,0.3353051699782289)
 (-0.41915964048827642,0.97259337939982249)
 (0.25511484931576162,0.96359651714694239)
 (-0.31504221529854137,0.40907114517011223)
 (0.95214228404247769,1.0169027371982238)
 (0.93673343895484906,-0.4078148954366223)
 (0.29672063952190886,0.32308143817301938)
 (1.0261684422780439,1.029511063174176)
 (0.94334682120890878,0.334004019669985)
