# Created by Octave 8.4.0, Thu Dec 11 09:47:22 2025 IST <gamana@Samsung>
# name: awgn20
# type: complex matrix
# rows: 2048
# columns: 1
 (0.97308135050291045,-0.98631173431101804)
 (0.20771167300301618,0.94391140852546873)
 (-0.3148028764605813,1.079133662968081)
 (0.9919000055425865,-0.90836440754662551)
 (-0.34933579080460858,-0.96270587618837189)
 (0.85304271773690132,0.9167151334824265)
 (-1.0164096418721185,0.92513740677769418)
 (0.29733315930841764,0.94679206411355776)
 (0.3113611164889446,-0.29714089934333754)
 (-0.14842917841768588,0.89423424936397111)
 (-0.26514089742539393,0.88520808866362444)
 (-0.4349466127298745,-0.33660347483536068)
 (-0.39679024047460498,1.0593030002362145)
 (-0.97397164053736252,0.35918496706193159)
 (0.98265652480644605,-0.93226528764657357)
 (-0.96759635056628257,-1.0325183549741059)
 (0.88342228933688305,0.18522053063240204)
 (0.84115606194131431,-0.90681532349289418)
 (0.41092027168485862,0.89796540720468809)
 (-1.0621684891632763,-0.20678905404350562)
 (-0.43904051031634417,1.0018115532849003)
 (0.88602041395237585,0.92358137732205114)
 (-0.32822741318887699,0.27456746787379099)
 (1.0115568821716474,0.13799431989071298)
 (0.23347977865981906,0.40853082457089984)
 (0.96968848430250287,-0.38121257777124434)
 (-0.28563467094050987,-0.31097631944050641)
 (-0.37636671092760515,1.0586632413397985)
 (-0.31609287808357217,0.95341405483839048)
 (0.87182999956726281,-0.93567443421259389)
 (-0.32773146776163919,-0.98544959820874534)
 (-1.0107667498170436,1.098042065900853)
 (-0.87421146706804209,-0.23048344327161321)
 (0.20715480061135827,0.42102776754055027)
 (-0.93279741043234088,-0.1963029328584936)
 (-0.21868872131695305,0.97584777335569139)
 (-0.33555191101782644,-0.30714736705335988)
 (-0.96580599142362267,-0.46025003789499092)
 (0.34990515695627,-0.46482820781218437)
 (0.32523895112595103,-1.047273752544537)
 (-0.9574247578529721,-0.33807921319937984)
 (-0.36349793065178826,0.96269735542167645)
 (-0.30448925816605438,0.33909032285360236)
 (-0.9718172234429161,0.20429673476504212)
 (0.42716205804494106,-0.80976436527098572)
 (1.0181490108094073,0.91555274199009795)
 (-0.43762140756191836,-0.24989710941695961)
 (-0.93781092224808604,-0.87678585085718663)
 (-0.19273162053607906,0.96303523625399956)
 (-1.0323280143591507,0.84554916054394202)
 (0.27727815227426966,-0.94027317345792771)
 (0.27283096141489926,-0.27038597041070561)
 (-0.37140670399078801,0.21964125014941294)
 (0.30766476575046736,0.40510346082536663)
 (0.86252308310598125,-0.32086293515585196)
 (-0.90555174163264673,1.0028873023731422)
 (0.33353279241711103,0.53677106787191509)
 (-0.35207387992289513,-0.29346585575101297)
 (-1.0254448131287772,0.081706798057884028)
 (-0.99563571120088712,0.29981011325827112)
 (-0.98009121138706579,-0.90601087280828496)
 (0.89767193282746971,0.41061937544289395)
 (0.98748602379436112,0.213800496890795)
 (0.34501435987661899,0.85470344951368338)
 (-0.34524157030801356,-0.31800522564197803)
 (0.8975881966320669,-0.30907203205483114)
 (-0.84971876862274232,0.96130849131270246)
 (-0.931786564002553,0.33992295904413844)
 (0.88083584530603987,0.34345069032454562)
 (-0.36477218383125826,0.87013899369225456)
 (1.0223188456182495,1.0445464228364507)
 (-0.77678897039454298,0.42986479859776222)
 (0.34512157748446576,-0.33122795683145645)
 (-0.37340776411146814,0.44197161175063482)
 (1.0096781771645793,0.84459175385694363)
 (0.23560125276887739,-0.93744607163348437)
 (0.95870540154134465,-0.34228434318720918)
 (0.91165877599914602,-0.18746989592120614)
 (0.90658943740504949,0.92458690204548588)
 (0.31361582072668437,-0.84930535987756395)
 (0.73445409545503593,-0.85382248197245492)
 (-0.91348574647886793,0.94957911648469884)
 (0.8149394403697785,0.39459286478713373)
 (0.30773923962653882,-1.0430166158526817)
 (0.24737225322349912,-0.94284347905266952)
 (1.0210963920887386,1.0096015269998262)
 (-1.1460022481642624,0.87029204252896775)
 (-0.33273280806431593,-1.074918642039014)
 (-0.83478625547571983,0.33889059399661353)
 (0.92048095376329608,0.9196756384895326)
 (-1.0663828476995598,-0.28572961126561097)
 (1.0776842487972231,0.38305768246906557)
 (0.29336934865297604,0.8936602889052131)
 (-0.91365509287355573,-0.16411769006999782)
 (-0.84193779357472009,0.80684076240958702)
 (0.92854396124241945,0.98968452242932758)
 (-0.9633924735830629,-0.31859299744626296)
 (0.92066578616688244,-0.39208858387188572)
 (0.98967237192234658,-0.21211999056386741)
 (-0.30253443624634302,1.0017423981483398)
 (0.41646970675135309,-0.28583463175304163)
 (-0.92543660287097285,-0.89897151714247092)
 (-0.91192282288652482,-0.29817412561456391)
 (0.25153362520632466,0.40432483165628197)
 (-0.3128600733399392,-0.26918715550395689)
 (-0.27187472691468978,0.39091166544538003)
 (0.49815065609402365,-0.37052557201658781)
 (-0.91009629034847117,0.85902807092573064)
 (-0.38613330223280046,-0.40481982522299126)
 (0.26790914309232822,-1.0421826316278717)
 (0.92845306094533009,-0.26427344351753523)
 (-0.28302293371081177,0.30640723157037464)
 (-0.21351592490889887,-0.36709522571312031)
 (0.30877443511683494,-0.2865861746231177)
 (-0.2492008674458836,-1.0065956637420959)
 (0.9214430756216323,-1.0023935802718189)
 (-0.91890340163102491,1.0232761003736897)
 (0.26994827783386882,-1.0910378761216182)
 (-0.88635962297274884,0.95156510942625405)
 (0.97693136573468609,0.37375249126500387)
 (-0.94261149823732693,0.36839544833798554)
 (-0.28630758069899415,-1.0005131018173494)
 (0.44488210373410436,0.39024890190096723)
 (0.22551220694167179,0.32343067450782786)
 (0.2563933759233224,0.38149031274808703)
 (0.30282237302178144,-1.0101160483320544)
 (0.95644847182361536,0.84921309733224726)
 (-0.43185200902334064,0.97924250942215707)
 (-1.0003750237970197,0.96090324988419829)
 (0.34506948653967306,0.26817988241735591)
 (0.82893837695371952,1.0457015722207703)
 (0.95074235972866994,-0.96619891770276711)
 (0.89757650338424988,-0.28615947902995509)
 (-0.91000189423973454,-0.85362220304266012)
 (0.97642317560132841,0.2920115212167137)
 (-0.31332165852543453,-0.96668610613857897)
 (0.24290919690340138,-0.90771492905873474)
 (0.90221635493149055,-0.97996699171496982)
 (-0.88789456386403642,0.36055681814062901)
 (0.3379918053569993,-0.88934896710687561)
 (0.39525391220216033,-0.33530348054695713)
 (0.89517174024761426,0.76707783218610959)
 (-0.812597200198655,0.42744504917692638)
 (0.71064221373791647,-0.25366540933336318)
 (1.0460712221228363,-0.16045319932739538)
 (-0.95355884138424318,0.78170867194916882)
 (0.42687975547602047,-0.27906274919315238)
 (0.85736371647905907,-0.328567212711525)
 (0.92971276252663615,0.32942794758024807)
 (0.93097108136828721,-1.0863997837640376)
 (-0.91376451941088499,-0.45752461131201888)
 (-0.91156571745429782,0.39542054418653994)
 (0.477998021994825,0.79017074383544761)
 (0.94783867696481405,-0.96321947235551464)
 (0.92040282304088872,0.97385702122273787)
 (0.91855347143018362,-0.35700033930169689)
 (0.29474999113205758,1.0027546287060201)
 (0.21729216767487569,1.0784853972072703)
 (-0.90701989480834644,0.27445539742522551)
 (0.29960123955399892,-0.94715906171042497)
 (-0.16698408547887514,0.97676626125425536)
 (-0.2605447334825623,-0.42084524542895341)
 (0.91306471192989502,0.94078344691834592)
 (-1.0227237011893089,1.0831128931515193)
 (0.29109256740815787,-1.0296539712156179)
 (-0.2777428732967881,-0.97771637074467566)
 (0.97188354477876093,-0.51493310119111857)
 (0.37529673040211725,0.18763125473473988)
 (-0.94354769431701713,1.0222612815003107)
 (-0.91751015577356621,0.89904719541631639)
 (0.31064096617252107,-0.93071817371049015)
 (-0.91706067914493949,0.95516747929879087)
 (-0.33275138239847085,-0.82687833196980676)
 (0.35892536942667685,-1.150586579305604)
 (0.82902000319975311,-0.92839368465315986)
 (-0.90956478236646765,0.28732855128401108)
 (-0.93575273860174812,0.81409176554995699)
 (0.33831178883001523,-0.24378770923335913)
 (0.19391198366971923,-0.92302486486110824)
 (0.40942421901060239,0.2790891421385619)
