# Created by Octave 8.4.0, Thu Dec 11 09:47:22 2025 IST <gamana@Samsung>
# name: rayl
# type: complex matrix
# rows: 2048
# columns: 1
 (-0.82295428809166193,0.0046896074560101031)
 (-0.024835100644737269,0.090598457746982747)
 (-0.42883047423706139,-1.2128923285268889)
 (-0.23759403329549403,1.2175785304877735)
 (-0.75401638637974078,1.0521085059084003)
 (-0.56856836782869347,-0.97103612162707098)
 (-0.55474655599870248,0.54425529997392197)
 (0.67761039079728391,0.14955610288056154)
 (-1.8732563412967873,-0.49001149175190106)
 (-0.63813675421256943,0.35480056189908904)
 (0.36853632586526197,-0.047950663176239611)
 (0.69507385206282268,-0.37353176450548609)
 (2.1751101982032921,0.24810376439114917)
 (1.2802146160125214,-0.9680851835175821)
 (0.46823824501447064,-0.11865413985420042)
 (-1.3614641533134684,2.0555098880836327)
 (0.6867398477742831,0.20452385613738785)
 (-0.48860297102322159,-0.43621890900596821)
 (-0.33618785074938268,-0.32619243304450091)
 (0.73756206587205175,0.78278915645853253)
 (-0.1372096359590726,-0.33732528153457031)
 (0.19426859115033671,-0.47702317714078624)
 (1.0452593545965179,0.38039153931798975)
 (0.52330747435907321,0.27837703503137878)
 (1.200453537471146,1.3046560064945594)
 (-0.41047560158059793,1.7540853340934388)
 (-0.096714125784008925,-0.34128713621583984)
 (-0.013119796387034532,-1.2992716007444143)
 (-0.042422798695288387,0.050728031123210386)
 (0.29273783034905076,-1.1633669342435264)
 (-0.34409481857143415,0.14835330664189744)
 (0.28825964423267075,0.028311464707572731)
 (-0.73690127665220029,0.93529470249581514)
 (0.48069102976798872,-0.75247201185434898)
 (-0.54322555440588949,0.29088214263128648)
 (0.13710165861022505,0.5147508967653428)
 (0.87431813959858484,0.74701424307115116)
 (0.78060347631878857,0.51976392109972946)
 (0.49849264302114393,-0.048069226491968986)
 (0.26872275657315309,-0.40199009424544269)
 (0.18449027355556757,-0.43389606805375047)
 (-0.47875513987616225,1.32853074042356)
 (-1.5478975711331913,-0.42515537067030773)
 (-1.2437665331366121,-0.24372863260718436)
 (0.38249446586687985,-0.27929922441637567)
 (0.029550255585274063,0.15236623127809973)
 (-0.16566287300519628,0.1564959346886991)
 (0.41700334166440356,-0.16363129570688228)
 (-0.88205256833835843,-1.8008970139238349)
 (-1.5640874175606192,0.38335056143730045)
 (0.80533512394177986,0.094400772037748909)
 (-2.7563068855494475,0.43805189525618249)
 (0.056420706613755575,-0.29218975746182524)
 (-0.59194468859768201,0.13700802877963142)
 (-0.83600465027014015,0.79713057316681146)
 (0.43080718264691387,0.40078201602763142)
 (0.24961748599974698,0.88673641726995811)
 (-0.15188361929823055,0.25343174524794015)
 (0.20410304981049926,-0.1438827883554557)
 (0.68421097751118132,0.19830693699295696)
 (2.3888124144830813,-2.0335897053941085)
 (1.416431854463472,0.38383218930603724)
 (1.2946421967687665,0.60647344814459392)
 (0.94747073189073738,-0.98558083172457578)
 (-0.038887442043373105,0.13270030056021259)
 (0.0743029703063669,-0.16203444427909408)
 (-0.38319092932102261,-0.83517866587402956)
 (0.022256265116261248,0.41221838627279184)
 (-0.33746680833273185,-1.8328401186483954)
 (0.50822546622288611,-0.56374454502742066)
 (-0.17992594002964546,-0.095558739576306465)
 (0.23519193283595238,0.71381425843350865)
 (-0.16045100547045754,1.3735428366006333)
 (-0.64886947873597567,0.15788269638783203)
 (-0.72194627810376755,1.1337883334623635)
 (-0.18450625255979525,0.39522875230309218)
 (1.1647389656733658,-0.61918090487202748)
 (-0.58702276351602101,0.095154247346406901)
 (-0.13055373209011661,0.80489632823373658)
 (-0.81055165837588972,0.42983591972660468)
 (-1.7367671393543722,-0.61770651460997261)
 (-0.22025785694569572,0.097014396124998306)
 (0.56397200192808339,-0.45270641281743784)
 (-0.23602521413470523,-0.47181749519843919)
 (0.45432332400941638,-0.050881829015862634)
 (-0.28991206103924438,0.33789024282269009)
 (-0.18712148724272937,1.2149903426879949)
 (0.12144639048471852,-0.29077203311331756)
 (-0.89066847744232813,-0.10533528696621036)
 (0.52691094067807565,-0.36820365829943219)
 (0.37435625866123201,0.60131076612621359)
 (-0.40718240302665615,0.10922553412719554)
 (-1.3357016831735182,0.63238390640739262)
 (-0.45702319652701562,0.51839001167246002)
 (0.58603425573826518,-0.10483886589569405)
 (-0.27370523078153963,1.6359676100918956)
 (-0.0069210546791090843,-1.3154567269904545)
 (-0.49396727900522774,1.6545243776982912)
 (0.58622878495767017,1.1000178577185244)
 (-0.20543650635492214,-0.13481485283074388)
 (-0.062596571856150279,-0.30676933293337516)
 (0.13000837577103141,-1.8196325966778595)
 (-0.67057048120673968,-0.084236182201068044)
 (-0.011647118045002333,0.17441112133063452)
 (0.68215338556014482,0.6178968434061709)
 (-0.22718650499185025,0.52425361864608244)
 (0.089211867484721735,-0.74905947593274336)
 (-0.64593386493070348,0.75899268066351755)
 (0.051307400016686266,-0.80584315637761406)
 (0.21185518610514048,0.66422928611620113)
 (-0.63548889600070013,0.10444577373012087)
 (0.35160725055406072,-0.0054906933951172632)
 (1.1217112434873331,0.43222949798103749)
 (1.2082651565836966,0.089016208338814407)
 (-0.78708572600344118,1.6488323344842379)
 (-0.65984802099635442,-0.64632800972490834)
 (-0.55860792630527045,0.18973471996521774)
 (-0.62836727295624561,0.081045060307881334)
 (0.13413128380971995,1.5792221902017465)
 (0.50004363361005599,-0.75197375556748791)
 (0.33875813134478427,-0.30312649651125834)
 (-0.63866597552473348,0.15389529187799439)
 (0.86399602606087589,-1.8317944911604047)
 (0.11514227082117012,-1.6738530893011374)
 (-0.43265659506563814,-0.14214081266606834)
 (-0.31935573688892493,-0.37145036819285249)
 (-0.31137528804583259,-0.50510219503778631)
 (-0.28591697965182283,-0.09498306395027524)
 (-1.2312719227283653,-0.21424703844931814)
 (0.57831022915472985,-0.23813475197193551)
 (0.26840363900781461,1.2539022195854101)
 (-0.65908637663706182,-1.0857714813712367)
 (0.097056027899448838,1.0471938881901011)
 (-0.11777338497560219,0.51220010625340806)
 (-0.61694695752572126,1.8814889127072099)
 (0.69738881217015436,0.10123878115823481)
 (-0.079278606023293979,0.25950543074789034)
 (-0.083621694023609333,0.038278535466743632)
 (0.13815822171438846,0.42782448753658492)
 (0.048802706924520045,-0.67373578222505148)
 (0.76207391039017192,-0.20563672802962335)
 (-1.2879646252062593,0.25179407055725567)
 (0.77223931668057766,0.93722021482656048)
 (0.17433784280385783,0.71583044757085734)
 (-1.0175235128558668,-1.3894178334074014)
 (-0.5513724301910512,0.072727812799707858)
 (-0.18859310009586988,0.61051635638005153)
 (0.96438653008878505,-0.057204983423506106)
 (-0.15282035067473312,-0.8680906238616638)
 (0.29552102987893991,-0.44503922994815759)
 (-0.080040311060636166,0.19846129960875505)
 (1.4016104086575678,-0.080746270548854304)
 (-0.030455604993862719,0.017418926682569887)
 (0.58419320055947654,0.56237792399811304)
 (0.27431992322584431,0.36979265287924978)
 (-1.1909384117580697,1.0240952260109506)
 (-1.6405582086670008,0.36435248932388942)
 (-0.66064500093755674,-0.37138046704748384)
 (0.30411018881275931,0.49340586395568475)
 (-1.0732609718955182,0.90367223972159549)
 (-0.53302214300966955,1.4618760770664356)
 (0.44657857578144822,0.34548897536940448)
 (-1.8865953985219672,0.32424024094053849)
 (0.4064136693383773,0.44572136330421708)
 (0.30443230097504342,-0.34105515329341435)
 (-2.2171269853923237,-0.2200420189509783)
 (0.32321418573017385,-0.25703749629323197)
 (-0.14515514367914395,-0.11509744015625806)
 (0.0078392169983802495,0.26253002688185095)
 (-0.87235048001114146,-0.60785394656118608)
 (1.6482277523240061,0.79251652506286863)
 (-0.82235198127791287,0.11562780218850233)
 (0.18972646092171153,-0.31080047501467534)
 (0.058134205484588253,-0.38208915720607001)
 (0.21665306985695401,0.54457759920960935)
 (0.50141120412038032,0.10726302231496518)
 (-0.28326507090997899,0.070315621878319565)
 (-0.058952997277153731,-0.19158587171318942)
 (0.54623375606416824,0.59213766367629639)
