# Created by Octave 8.4.0, Thu Dec 11 09:47:21 2025 IST <gamana@Samsung>
# name: clean
# type: complex matrix
# rows: 2048
# columns: 1
 (-0.94262722516120734,0.94262722516120734)
 (0.3142090750537358,-0.94262722516120734)
 (0.94262722516120734,-0.94262722516120734)
 (0.3142090750537358,0.94262722516120734)
 (0.3142090750537358,-0.94262722516120734)
 (-0.94262722516120734,0.3142090750537358)
 (0.94262722516120734,0.94262722516120734)
 (-0.94262722516120734,0.3142090750537358)
 (-0.3142090750537358,-0.3142090750537358)
 (-0.3142090750537358,-0.3142090750537358)
 (0.3142090750537358,0.94262722516120734)
 (-0.94262722516120734,0.3142090750537358)
 (-0.3142090750537358,-0.3142090750537358)
 (-0.3142090750537358,0.94262722516120734)
 (0.94262722516120734,0.94262722516120734)
 (0.94262722516120734,-0.94262722516120734)
 (0.3142090750537358,0.3142090750537358)
 (0.3142090750537358,0.94262722516120734)
 (0.3142090750537358,-0.3142090750537358)
 (-0.3142090750537358,-0.3142090750537358)
 (0.3142090750537358,0.94262722516120734)
 (-0.94262722516120734,0.3142090750537358)
 (-0.3142090750537358,0.3142090750537358)
 (0.94262722516120734,-0.94262722516120734)
 (0.3142090750537358,0.94262722516120734)
 (0.3142090750537358,-0.3142090750537358)
 (0.3142090750537358,0.94262722516120734)
 (0.94262722516120734,-0.94262722516120734)
 (-0.94262722516120734,0.94262722516120734)
 (0.3142090750537358,0.94262722516120734)
 (-0.94262722516120734,-0.3142090750537358)
 (0.94262722516120734,0.94262722516120734)
 (0.3142090750537358,0.3142090750537358)
 (-0.94262722516120734,0.94262722516120734)
 (0.3142090750537358,-0.3142090750537358)
 (0.3142090750537358,-0.3142090750537358)
 (0.3142090750537358,-0.3142090750537358)
 (-0.94262722516120734,0.94262722516120734)
 (0.3142090750537358,0.3142090750537358)
 (0.94262722516120734,0.94262722516120734)
 (-0.94262722516120734,0.3142090750537358)
 (0.3142090750537358,0.3142090750537358)
 (0.3142090750537358,-0.3142090750537358)
 (-0.3142090750537358,-0.3142090750537358)
 (-0.94262722516120734,-0.94262722516120734)
 (-0.3142090750537358,-0.3142090750537358)
 (-0.94262722516120734,0.3142090750537358)
 (-0.94262722516120734,0.3142090750537358)
 (-0.94262722516120734,-0.94262722516120734)
 (0.94262722516120734,0.94262722516120734)
 (-0.3142090750537358,0.3142090750537358)
 (0.3142090750537358,-0.94262722516120734)
 (-0.94262722516120734,-0.3142090750537358)
 (0.3142090750537358,0.3142090750537358)
 (-0.94262722516120734,-0.3142090750537358)
 (-0.94262722516120734,-0.94262722516120734)
 (0.3142090750537358,-0.3142090750537358)
 (-0.3142090750537358,0.94262722516120734)
 (-0.3142090750537358,-0.3142090750537358)
 (0.3142090750537358,-0.3142090750537358)
 (0.3142090750537358,-0.3142090750537358)
 (0.94262722516120734,-0.3142090750537358)
 (-0.94262722516120734,-0.3142090750537358)
 (0.94262722516120734,-0.3142090750537358)
 (-0.3142090750537358,-0.94262722516120734)
 (0.94262722516120734,0.3142090750537358)
 (-0.94262722516120734,0.3142090750537358)
 (0.3142090750537358,-0.3142090750537358)
 (0.94262722516120734,0.94262722516120734)
 (0.94262722516120734,-0.3142090750537358)
 (-0.94262722516120734,0.3142090750537358)
 (0.3142090750537358,0.94262722516120734)
 (-0.3142090750537358,0.3142090750537358)
 (-0.94262722516120734,-0.94262722516120734)
 (-0.94262722516120734,-0.94262722516120734)
 (0.3142090750537358,0.94262722516120734)
 (-0.94262722516120734,0.3142090750537358)
 (0.3142090750537358,0.3142090750537358)
 (-0.3142090750537358,-0.3142090750537358)
 (0.3142090750537358,-0.94262722516120734)
 (-0.94262722516120734,-0.94262722516120734)
 (-0.3142090750537358,-0.94262722516120734)
 (0.3142090750537358,0.94262722516120734)
 (0.94262722516120734,-0.3142090750537358)
 (-0.3142090750537358,0.94262722516120734)
 (0.94262722516120734,0.94262722516120734)
 (0.94262722516120734,-0.3142090750537358)
 (0.94262722516120734,0.3142090750537358)
 (-0.94262722516120734,-0.94262722516120734)
 (0.94262722516120734,0.94262722516120734)
 (0.94262722516120734,0.3142090750537358)
 (0.3142090750537358,-0.3142090750537358)
 (-0.3142090750537358,-0.94262722516120734)
 (-0.3142090750537358,-0.3142090750537358)
 (-0.94262722516120734,0.3142090750537358)
 (0.3142090750537358,0.3142090750537358)
 (-0.94262722516120734,-0.3142090750537358)
 (0.3142090750537358,0.3142090750537358)
 (-0.94262722516120734,-0.3142090750537358)
 (-0.3142090750537358,-0.94262722516120734)
 (0.3142090750537358,0.94262722516120734)
 (0.94262722516120734,-0.94262722516120734)
 (-0.94262722516120734,-0.3142090750537358)
 (0.3142090750537358,0.3142090750537358)
 (0.3142090750537358,0.94262722516120734)
 (0.3142090750537358,0.3142090750537358)
 (-0.3142090750537358,0.94262722516120734)
 (0.3142090750537358,-0.94262722516120734)
 (0.94262722516120734,-0.3142090750537358)
 (0.3142090750537358,-0.3142090750537358)
 (-0.3142090750537358,0.3142090750537358)
 (-0.94262722516120734,0.94262722516120734)
 (-0.94262722516120734,-0.3142090750537358)
 (-0.3142090750537358,0.94262722516120734)
 (0.3142090750537358,-0.94262722516120734)
 (-0.94262722516120734,0.3142090750537358)
 (0.3142090750537358,-0.94262722516120734)
 (-0.3142090750537358,-0.3142090750537358)
 (-0.94262722516120734,-0.3142090750537358)
 (-0.3142090750537358,-0.3142090750537358)
 (-0.94262722516120734,-0.3142090750537358)
 (-0.3142090750537358,-0.94262722516120734)
 (0.94262722516120734,-0.3142090750537358)
 (-0.94262722516120734,-0.3142090750537358)
 (-0.3142090750537358,0.94262722516120734)
 (-0.3142090750537358,0.94262722516120734)
 (0.94262722516120734,-0.3142090750537358)
 (-0.94262722516120734,0.94262722516120734)
 (-0.94262722516120734,-0.94262722516120734)
 (-0.94262722516120734,-0.94262722516120734)
 (-0.3142090750537358,-0.94262722516120734)
 (0.3142090750537358,-0.3142090750537358)
 (0.3142090750537358,-0.94262722516120734)
 (0.3142090750537358,-0.3142090750537358)
 (-0.94262722516120734,-0.3142090750537358)
 (0.94262722516120734,-0.3142090750537358)
 (-0.3142090750537358,-0.94262722516120734)
 (0.94262722516120734,-0.94262722516120734)
 (0.94262722516120734,0.94262722516120734)
 (0.94262722516120734,0.94262722516120734)
 (0.94262722516120734,-0.3142090750537358)
 (0.3142090750537358,-0.94262722516120734)
 (-0.94262722516120734,-0.94262722516120734)
 (-0.3142090750537358,-0.94262722516120734)
 (0.3142090750537358,0.3142090750537358)
 (0.3142090750537358,-0.94262722516120734)
 (0.3142090750537358,0.94262722516120734)
 (0.94262722516120734,0.3142090750537358)
 (0.3142090750537358,0.94262722516120734)
 (0.3142090750537358,-0.94262722516120734)
 (0.94262722516120734,-0.94262722516120734)
 (0.94262722516120734,-0.3142090750537358)
 (0.94262722516120734,0.3142090750537358)
 (0.94262722516120734,-0.94262722516120734)
 (-0.94262722516120734,-0.94262722516120734)
 (0.94262722516120734,0.94262722516120734)
 (0.94262722516120734,0.3142090750537358)
 (-0.94262722516120734,-0.94262722516120734)
 (0.3142090750537358,0.3142090750537358)
 (-0.94262722516120734,0.94262722516120734)
 (-0.3142090750537358,0.3142090750537358)
 (0.94262722516120734,-0.3142090750537358)
 (0.3142090750537358,-0.94262722516120734)
 (0.3142090750537358,0.3142090750537358)
 (-0.3142090750537358,-0.3142090750537358)
 (0.94262722516120734,0.94262722516120734)
 (0.94262722516120734,-0.94262722516120734)
 (-0.3142090750537358,-0.3142090750537358)
 (-0.94262722516120734,0.3142090750537358)
 (-0.94262722516120734,0.94262722516120734)
 (0.94262722516120734,-0.3142090750537358)
 (0.94262722516120734,-0.94262722516120734)
 (0.3142090750537358,-0.3142090750537358)
 (0.3142090750537358,-0.94262722516120734)
 (-0.3142090750537358,-0.94262722516120734)
 (0.3142090750537358,-0.94262722516120734)
 (-0.94262722516120734,-0.94262722516120734)
 (-0.3142090750537358,-0.94262722516120734)
 (0.3142090750537358,0.3142090750537358)
 (0.3142090750537358,-0.3142090750537358)
 (0.94262722516120734,0.3142090750537358)
 (-0.94262722516120734,0.94262722516120734)
