# Created by Octave 8.4.0, Thu Dec 11 09:47:22 2025 IST <gamana@Samsung>
# name: awgn20
# type: complex matrix
# rows: 2048
# columns: 1
 (0.35341187695633114,-0.36540295085920316)
 (0.86339514688970365,-0.33418061832629975)
 (0.29405739888280358,0.3969456398966083)
 (-0.28107437227576793,0.95472922754327461)
 (0.96760293112530393,-0.9673111256166057)
 (-0.21528050994840414,1.0106393886182838)
 (-0.97731235376152248,0.99121764520614131)
 (0.23132914288806589,-0.30442593890675979)
 (-1.0235142445199634,-0.32211886370454668)
 (0.31879048111080738,-0.28580362296467066)
 (0.871772587822359,-0.9585065866208855)
 (-0.39826806941628673,0.92318432716268872)
 (0.38481283029388902,0.96912339681264514)
 (-0.94858966743852569,-0.84846326009930073)
 (-0.98804436608171975,0.25299973464956055)
 (0.28244709251275896,-1.0334193431328436)
 (0.22660284024851315,0.90363466685045457)
 (-0.26811684216254794,-0.34496024267295744)
 (-0.97766109967476877,0.37935897635500293)
 (-0.91416710578276561,-1.0922855935588018)
 (-0.40057597996459154,-0.94404843008286665)
 (0.98410814764062016,0.3565807413040355)
 (1.043973521329111,-0.95010884526786166)
 (-0.3359898625268728,-0.99721240559828128)
 (-0.97902964100107859,-1.0205363685464706)
 (-0.38454848372784567,-0.36498591357056154)
 (0.95043277713574914,-0.33375832479010092)
 (1.0183120179643059,-1.0683018459243718)
 (-0.84782528722952111,-0.94203500391278006)
 (0.26409213699835304,-0.27642222587183424)
 (0.30525192435629123,1.0061465497207449)
 (-1.0422435902283471,0.98693649275321371)
 (-0.99200563847337908,0.88043192011337501)
 (0.9248808912489751,-0.9338483392981124)
 (-0.94447478650464101,-0.27775811107926479)
 (-0.41632307055430051,0.99069390405650548)
 (1.1477887172780175,-0.34299769083920995)
 (0.93784262624887704,0.91235806548663034)
 (-0.82045251867633362,-0.47622013507150229)
 (0.27620531743958693,0.92516880097159937)
 (-0.89365208169532906,0.92412130855472829)
 (0.21495989002965604,-0.92071166859522036)
 (0.28763411790961674,-0.88082866427754913)
 (-0.25847159279411985,-0.36023377859687128)
 (0.99132517300616319,-0.95693501973226713)
 (0.35350096908396256,-0.86226061354930983)
 (0.94043062999782479,-0.93298995953655128)
 (0.3329067226226744,0.93050483679483831)
 (-0.18536101287063694,-0.33110696497448261)
 (0.36733704811162549,0.29714433760054004)
 (-0.91458670254922847,-0.94540052676459085)
 (0.98663963683869793,0.9677354069748213)
 (0.95573535097354101,-0.18060036113685465)
 (-0.39937397317365719,-0.94797188470327576)
 (-0.36610287474732484,-0.97100097346510739)
 (-0.96439325056898295,-0.98050351866901586)
 (0.91270568011341224,0.88756550212450713)
 (-0.78717062163371521,0.17574753084775066)
 (0.36066730367150124,0.33164022332555826)
 (0.28483849461786254,0.23134027471423418)
 (-0.26376607681979247,0.28771629700922052)
 (-0.28964310472837973,-0.29635342214420746)
 (-0.24868121996883541,-0.35364958524472617)
 (0.84529849946011493,0.89952646592166907)
 (0.33257312124823019,0.89736590842897535)
 (-0.33914647635970757,-0.22620469493371881)
 (1.0038864508272631,-0.29040726046897369)
 (0.96588552586041954,0.4180456720010855)
 (0.93973803497248565,-0.90090769880339316)
 (0.34607014697408756,-1.0504945960341134)
 (-0.27717527236302802,0.28380783791259928)
 (0.98781295293501215,0.97603542005142818)
 (0.85760389737122167,0.92977307288876654)
 (-0.93585529681211421,-0.28601220725897397)
 (-0.92673722386945656,-0.31530696758699955)
 (0.92413033566749914,-0.28957312125598728)
 (0.4006784048909513,0.32109645986347363)
 (0.98425655746376073,-0.21626917792004066)
 (0.9974393130362218,0.87834961471310469)
 (0.40932937860354318,0.28621165560398543)
 (0.28157994166700312,-0.88080739959913679)
 (0.34850511345396734,0.22301197791319949)
 (-0.19301760512638416,-0.94492558747143651)
 (-1.0212805578529698,-0.94399809907337651)
 (0.21974926590436195,-0.23413607196216854)
 (0.31637096816985677,-0.91637541806458389)
 (0.22673220529159005,0.96801257668523288)
 (-0.29711750985177732,-0.38068394551188461)
 (-0.89632140753912648,1.0596216632096218)
 (-0.92046527988611138,-0.35113640673652441)
 (0.99764139422927534,0.95246320647487004)
 (-0.30411672236020609,0.25131051249544245)
 (-0.30069188542594838,0.35695504291557362)
 (0.39695196742106786,-0.84873518371634193)
 (-0.92656434652497233,1.009130709990895)
 (-1.0042783060810558,0.29378458033859312)
 (0.33943529589691601,-0.31613534944991051)
 (-0.96022376979118251,-0.95402065660894375)
 (0.6992795860428207,1.0235289406591854)
 (-0.31927892594571206,-0.94214119788989326)
 (0.31616745056593692,-0.92309271969505691)
 (0.21820868371382074,-0.30532260846074427)
 (-0.9411851844690684,-0.85939528132989307)
 (0.19162875124541101,0.34840191621243022)
 (-0.93196924918656865,0.7965795312764492)
 (0.96022360804720253,-0.84506543947703416)
 (-0.25240245561115082,-0.96487165290527943)
 (-0.3115313030631105,0.28708781758655327)
 (-0.96679414850797296,0.28710208633040724)
 (-0.83200866280913599,1.0939552651410818)
 (0.29671292679421152,1.038498117775589)
 (-0.93901806717936165,-0.92902773774674385)
 (-0.74721201637525769,0.41523228418205815)
 (-0.25292830306195668,-0.18212725975346905)
 (-0.88186728579103635,1.0093121285151962)
 (0.25035436167999114,-0.94891268512812499)
 (-1.0332487648552586,-0.24336876544803676)
 (-1.0404365113447496,0.2534811110055839)
 (-0.28713931176781315,-0.9410455083487016)
 (-0.37071239021196928,0.24174936530158994)
 (0.29819059670248982,-0.14471476314012999)
 (1.0753803662086443,1.0037229804277998)
 (0.97750557576708952,0.96140686946493847)
 (-0.36038291924801624,0.15413660661514558)
 (0.80891173557874374,0.42860782867713598)
 (1.0267348125806388,0.28366591249842471)
 (-1.0058366331374857,1.0391056300716068)
 (0.97864662643908107,0.93985978846125651)
 (-0.34842218304424466,-0.82102832047777385)
 (0.40160827625046536,-0.95199216797529218)
 (-0.37703115165346401,-0.98824220408134744)
 (0.22767247859399842,0.99867280485857868)
 (0.95383753735831911,0.32928580189329171)
 (0.83448972038775238,-0.97675709799805466)
 (0.9079577816501021,-1.0508744884580778)
 (-0.39490572934297763,-0.39717291295449575)
 (0.25456674455059758,0.96832628069944848)
 (-0.40393803324454913,0.2680862052056231)
 (-0.94751915120361352,0.98111098578713585)
 (-0.31517654029999809,0.83859377382640521)
 (0.95120731361006461,0.95652322984168625)
 (0.23865584965162887,0.86196996725206065)
 (1.0196110164599184,0.2379082198103365)
 (0.22576204222752649,-0.31923359162524279)
 (-0.24775128879690134,-0.94700335265972901)
 (0.26446888294627607,-0.30462259604655223)
 (-0.91438555776316199,-0.92356239087353442)
 (-0.97443921673796541,-0.34107091368674114)
 (0.24314971206331226,-0.86108051788783735)
 (0.30317789651540045,-0.3683292360171696)
 (0.27731750685360845,-0.26264347851506264)
 (1.0937353416110305,-0.24110391814288556)
 (-0.93011040393507216,-0.99487066035893434)
 (-0.37360098094718835,0.9913742404981476)
 (0.79068792792694109,-0.93729146110637962)
 (-0.90186731632134221,-0.96038439582648649)
 (-0.26493084042133236,0.87941765091407875)
 (-0.31412153610198268,-0.88003974777141269)
 (0.34826526737845048,0.2099381906018315)
 (-0.93772248663215818,1.0240544935908664)
 (0.89264332332322005,-0.25862257187499671)
 (-0.8622606212903603,-0.98822062708442104)
 (-0.2882821688648205,0.93467433941183031)
 (0.3702140073230723,0.95837214705537366)
 (1.0595165205965067,-0.33937625597825705)
 (-0.92800786237263022,-1.0421376032338676)
 (-0.39394300206109101,-0.98720236204503142)
 (-0.39179715283627281,-0.86127856658582225)
 (0.36325080527471121,1.0428153146455386)
 (-0.22950120813686692,0.94527743645722018)
 (0.2556012237546722,-0.34860883898654688)
 (-0.76739135944890768,-0.25809051252012527)
 (1.0006836029953969,0.32647772030434075)
 (0.39657470513623405,0.90289814598564411)
 (-0.86248038765417623,0.43749995333011504)
 (0.92161280771984999,0.27342427171481865)
 (-0.24014694923633037,-0.31548703857337462)
 (-0.19891584417735902,0.91015820637895728)
 (0.48748212817224934,0.83713796043507949)
 (0.32935001061037034,-0.8230087000639158)
