# Created by Octave 8.4.0, Thu Dec 11 09:47:22 2025 IST <gamana@Samsung>
# name: awgn20
# type: complex matrix
# rows: 2048
# columns: 1
 (-0.23621813410606471,-0.2801052339010689)
 (-0.86956463836273112,0.23321685925330304)
 (1.0049676720806191,0.22118660435262377)
 (0.31174538864299317,-0.98441676399613198)
 (0.89738051969317778,0.31371250902194286)
 (-0.99754461450321408,0.31798832889897011)
 (-1.0549350890669016,1.0724962870281223)
 (1.0447937719191192,1.0257109644247828)
 (0.92072152221870041,0.88543253605064043)
 (-0.90470014142184274,0.91248884567690791)
 (-0.3417319543097016,-0.40164014368481404)
 (0.39559347845526938,-0.22577247505437797)
 (1.0305699420225465,0.45241344766864222)
 (0.37936318252999851,-1.0426260556177307)
 (0.95842319745935989,-1.0081156987514301)
 (0.39026398978303295,-0.34571843790418672)
 (-0.41697079263146986,0.88687250138639306)
 (-1.0325109207301086,0.96934717272607662)
 (0.42826209598827908,0.96921235224106206)
 (-0.89185774146193542,0.3657338795085911)
 (-1.0202458306792368,-1.0106104604394746)
 (0.36069332621722228,0.94706104299006721)
 (-0.40826698910370485,0.95437362518570978)
 (-0.97490966929834388,-0.81822567985061145)
 (-0.1887631890606242,0.24648095214251964)
 (-1.0148603132014138,1.040224229391379)
 (0.93767607208362325,-0.34511002974034)
 (-1.0258331437476953,-0.33708101622689152)
 (0.31786002237230421,0.93407626928721565)
 (0.90002297239209261,0.34446700424415017)
 (1.0072427521204257,0.98013149224751761)
 (0.26595208420686967,-0.27740801057456477)
 (-0.2305418199017282,-1.007208004776031)
 (-0.33560907895588221,0.37128744415012443)
 (1.0131984188343517,-0.97643672270544069)
 (-0.3024927295822325,0.36383429047874205)
 (-1.0445036611568679,-0.89125815439270961)
 (0.96160153953190142,0.23120484798817958)
 (0.29842910371661041,0.98996148459004119)
 (-0.98955048276607216,-0.91475445032610314)
 (-1.0154564230074457,-0.91788152030356118)
 (1.1447444148838155,-1.0088803441431384)
 (-0.30284842664615824,0.8962720885509583)
 (-0.40485866380491786,0.93309536298999274)
 (0.19019021363997399,1.0277750719326266)
 (-0.98162821963231528,-0.42829643448106625)
 (-0.97665363125905191,0.87806601317533473)
 (-0.30159308326513112,-0.32538333783363343)
 (-0.22666058272704365,-1.0303831669885239)
 (0.88076316755899087,0.29214782729903349)
 (-1.0075866059102643,-1.0079572381687616)
 (-0.34715864849459438,0.86895931104578727)
 (-1.064660295924674,0.94125391410898762)
 (-0.94412081959844529,0.8949893762255916)
 (0.20680701465871021,0.2884317771667621)
 (0.89847791787035569,0.42974461813005993)
 (-0.9219408302780544,1.1187200974386444)
 (0.33276883915233674,0.90209420233689019)
 (-0.85506430689641211,-0.88821957493221948)
 (1.0056442211932231,-0.40123886859562152)
 (-0.31888550244008257,0.32304970881633316)
 (0.36726954139230678,-0.31805553452097995)
 (1.0550789558548392,-1.0188466291732394)
 (-0.78927591527923457,0.19795243270588661)
 (-0.2340461187397937,-0.9998544196109046)
 (-1.0598980289165143,0.16215091537069948)
 (-1.0915679677300529,0.98180253816429819)
 (0.3396888136895746,-0.33711488969211795)
 (1.0247028599959567,-0.89174808047893139)
 (-0.85402176056464219,1.0086771412645432)
 (-0.84981540590373295,0.30745103198140422)
 (0.25872770897873071,0.94281190748413324)
 (-0.31852719226668869,-1.0148187754741531)
 (-0.38441286216049086,-1.0131844793380678)
 (0.95037602496763651,0.96904133949004456)
 (-0.95978390354559706,-1.1157070400479092)
 (0.48221844792430418,1.0159796002155062)
 (-0.26783159325415418,-0.97790565792676853)
 (-0.38246657632800052,-0.26325772041792361)
 (-0.94708340686482806,0.27141418574005866)
 (0.24693840352328428,1.0620946618468272)
 (-0.9438505490073249,0.36181158604205871)
 (0.37453908106538891,0.37228095122986604)
 (-1.0215691994655201,-0.26050903746331433)
 (1.0111075431543506,0.97705297660425205)
 (0.33759142910905632,-0.90609609742384034)
 (0.99608027166201962,0.96123520955547914)
 (0.24612254850387011,-1.1001534480778752)
 (-0.87586038174175607,0.30316864363852214)
 (-0.26733237812552946,1.0369906654687098)
 (-0.98071810023981698,0.94539420428381393)
 (-0.30018969282698477,-0.96984514343693573)
 (-0.93048489482081775,-0.91128837460908296)
 (-0.95760137999388462,0.912321673769106)
 (0.85944015328429912,-0.97916281029278629)
 (1.120870472740557,-1.0471482960256784)
 (0.965963966609233,0.22571725499136547)
 (-0.94572111283500826,-0.9455815398776013)
 (-0.19122170676132286,0.97753123827627342)
 (1.0119839444610921,0.3994656599393604)
 (0.29823787834762727,-0.24573431915068075)
 (0.25461284072598167,1.1067731396187968)
 (-0.98416555231573399,-1.0049185791881099)
 (1.1080729640587332,-0.29319714568459304)
 (-0.22788000878367115,-0.23713371245264703)
 (0.93133253913647585,0.34583423894786897)
 (-0.34264958956386138,-0.34137056369510393)
 (0.30377731949826153,0.30213031680627356)
 (1.0567310072541363,0.99780918686462661)
 (-0.99160749830785211,-0.9225195140216822)
 (0.3354878736241817,-1.0411736906657476)
 (-0.8729599617699797,0.38272392545515471)
 (1.0338197885439642,1.008340789251031)
 (-0.32575400676459659,0.19919765304964426)
 (0.37875520203779639,0.29475368977034805)
 (-0.97996747329438405,-0.33203711475947606)
 (-1.0397288452529114,-0.41110263025388832)
 (-0.90674278600700753,-1.0558642765546431)
 (-0.91623876488063172,0.3327096226967805)
 (0.40214828405752684,-0.98924889896885226)
 (-0.90009138917514186,0.30166509152336796)
 (-0.97170458942291904,0.4720226716545402)
 (-0.26126891527803575,0.92762855747651718)
 (-0.9553293387962799,-1.0146921716331854)
 (1.0517981445594011,0.22457171203578943)
 (0.969822536234758,0.32625234095648858)
 (0.27714500798410052,0.90076253573418508)
 (-0.15885120954301843,-1.066151503493739)
 (-0.99066715486080537,-0.28888341065925865)
 (0.23713415797717485,1.1180968605663508)
 (0.18397391864812165,0.89846597183241395)
 (-1.0485744363132665,-0.28952014032533474)
 (0.3440685449433542,-0.45055453651423916)
 (-1.0448397320630218,-1.0304385620100456)
 (0.24646632725786077,-0.93870978049951836)
 (-0.23782867511093292,0.31949816404356696)
 (0.26441710547946218,0.85273169820187222)
 (-0.47610713712692732,-0.28860177768156681)
 (-1.0024967605093809,-0.35964450538119125)
 (-1.1250729647495943,-0.25356518106801823)
 (0.30557005704473361,0.35702753887439015)
 (-0.29007454336254801,-0.27890816485412528)
 (-0.43445848558319722,-0.23865041113741373)
 (-0.27161308411061968,0.34680373017648591)
 (-0.37651654117815636,-0.38098898632627876)
 (0.95075786462954903,-0.87622316161012892)
 (0.31061706331942579,-0.28739940861568203)
 (-1.0556349516885299,-0.82519316989333158)
 (-0.90872910986803301,-0.17339152740487968)
 (0.93233055614342586,-0.18413748058129115)
 (-0.33457260821442475,-0.34397165327193308)
 (-0.95904810762383441,0.99880676189822148)
 (0.34036766518001876,-1.0466969953268999)
 (-0.9123166457086348,0.47343549655242984)
 (0.44384998885934945,0.92490958047098648)
 (0.92984857070393023,-1.0032455366001445)
 (-0.94798505428410773,-1.0225056652746267)
 (-0.95504881316837931,-0.25157306877554086)
 (-0.29851579794885508,0.38729973059461686)
 (-0.29742354145557509,-1.057225242040907)
 (1.0025596361663722,-0.96776881585058572)
 (-0.33787827048792013,0.99345168137054174)
 (0.27886221286887519,-0.29183102407463773)
 (0.73036897386053201,-0.4344584010742969)
 (-1.0522625914654378,0.31533129524498499)
 (0.95548384391094843,0.25320164749111834)
 (0.96996332622523895,0.37183756565665704)
 (0.25240316798776141,0.9789000989243053)
 (-0.27218618232477582,1.0040128219019964)
 (0.42447924403889015,-0.95874532556595538)
 (0.35619399721505107,0.35089450975661385)
 (-0.96436610652337029,-0.8928751239120436)
 (-0.93895814013151135,-0.98615456182641992)
 (-0.9503136020592633,-0.94465698183815194)
 (-1.0836411486643984,-0.37920750225442301)
 (0.3747619077467983,-1.0509626877312845)
 (-0.94934228669163001,1.1703216419972349)
 (-1.0588418571953147,1.0494038328652397)
 (1.0884260993273789,0.23785136837545889)
 (-0.97763893707036686,0.35935049922702933)
 (-0.39707900495977033,-0.2947741027863735)
