# Created by Octave 8.4.0, Thu Dec 11 09:47:22 2025 IST <gamana@Samsung>
# name: rician
# type: complex matrix
# rows: 2048
# columns: 1
 (-0.33942831766653025,-1.2112002165548925)
 (0.7553074299885546,0.39304770270765765)
 (-0.3455297880268684,0.16866794806405427)
 (-1.0944401394723173,0.86150834855507974)
 (0.22486023824535531,-0.21796636956015533)
 (-0.39125301531876938,-0.21146218483696783)
 (-1.029373307506281,0.60776416932535293)
 (0.37408801672419023,-0.93341705154755494)
 (-0.31262623572172071,-0.83231988737056795)
 (1.0186597291907626,0.20871328976343256)
 (1.3440417543290137,-0.14936326279355572)
 (-0.20505381298435754,0.83903002978558527)
 (-0.50942517711906876,-0.52196333236350245)
 (-0.28497103620686276,-0.34645285470424053)
 (0.38212488632871161,-0.27822919983614419)
 (0.023723441164413273,-1.245577317849015)
 (-0.68695873059736146,1.1419568387333336)
 (-0.31670558700087204,-0.30280362350433476)
 (-0.53841637482654181,-0.46530584113630025)
 (-1.0619179000144423,-0.092338855655020757)
 (1.3000436296382885,-0.3886166644409999)
 (0.51158904324033749,-0.11767064055572996)
 (-0.50052203672750517,-0.41167754742650114)
 (0.31790599393439856,0.011984163560042921)
 (-0.62632028258523853,0.15565021261799622)
 (0.28036545512946026,-0.053794632512960239)
 (-0.38715350839759344,-0.41568811351465257)
 (0.57601232799490032,1.2457783457412424)
 (0.10869440394412661,-1.141271460819697)
 (0.10467210646131374,0.33080986822134784)
 (0.28168417501913129,-0.21582936833373906)
 (-0.56827761854125303,-0.16673329780736154)
 (-0.77118839055282074,0.1204501888509093)
 (-0.074108970178081934,-1.0474513370787193)
 (-0.56673534404823089,0.67960246751762088)
 (-1.1579064383179032,0.19033316693231445)
 (0.49680056337764605,-1.1093898349339053)
 (-0.99658558978449985,-0.65357136440831365)
 (0.96853221480880491,-0.98708389710822109)
 (-0.95875869754465481,-0.88606232048236067)
 (0.39959948832410191,-1.0477178243020544)
 (1.3669406829408721,0.2121130087511876)
 (0.77479730356902088,0.80732040389603099)
 (-0.98909190483141662,-0.58660091427612393)
 (-1.9122693603881642,1.1010105343719234)
 (-0.99095856277754368,-0.25149071947844681)
 (0.010913046123794089,0.12112279804464005)
 (0.72934157661535404,-0.44202475442644718)
 (0.58778224369896059,0.30132257972349341)
 (-0.16734293887888041,-0.23438104543563498)
 (-0.85082145406126097,1.0262290163272292)
 (-0.77976035543501721,-0.78173422915721136)
 (0.28109096622140139,1.2975076112921786)
 (-0.62367994399318405,-0.29636990663614937)
 (0.42665687076032405,0.32965359525077875)
 (0.93369057636130448,0.14387840053031178)
 (0.92124138130785738,0.44037549893148131)
 (0.87214491535958893,0.82734112160571349)
 (0.4489455933749511,-0.0751926549268844)
 (-0.14601383551149327,-0.94801203710690329)
 (0.3588299000154439,0.65157914276326701)
 (-0.077019746640913073,-0.12585507397234083)
 (0.31265498425783289,-0.20329343021078813)
 (-0.50761427005232951,0.38802125988572234)
 (0.62029806664935916,0.81426515715923675)
 (0.85244161968404453,-2.0610124461171093)
 (0.23274110075431531,0.13671473012558527)
 (0.41162535641587061,-0.19755796322414651)
 (0.81605620166779969,-1.4394939709630175)
 (0.58367407093788093,0.4155259797785823)
 (0.64641543273554991,-0.24290622902986678)
 (0.70686151939808251,-1.0614571847006518)
 (-0.46176645150671092,-0.24196189932356588)
 (0.41166768410298921,-0.38097699035174598)
 (0.41390685316477138,0.62964055587195111)
 (-0.45108319589870816,-0.2973771570524909)
 (0.09429615287879628,1.3037420157524349)
 (-0.62219230837682349,-0.52857915689753743)
 (-0.61828807522369511,-1.0072891152527754)
 (-1.2135951573625245,-0.17828642560437777)
 (-0.17343689976950019,-0.20180530520914905)
 (-1.2493916647343726,-0.26285435401279644)
 (-0.23783314138184036,-0.16949937347579275)
 (-0.010548218964317069,0.55450667595893943)
 (1.1263863703385515,0.59026009895239018)
 (0.21981580217622743,-0.61008687547355889)
 (-0.44020580843513546,0.82519403201350383)
 (0.28619240868835288,0.22593232782437209)
 (1.0329101670668435,0.18316026395989099)
 (0.34735471426639819,0.28510142754562806)
 (0.4408407562592907,0.56484800885893882)
 (-0.13046225858303656,-1.0279696197542254)
 (-1.5353263406774704,0.38889693696485245)
 (0.13555160884219253,0.1897467194217754)
 (0.82753295246479397,0.43634978879908581)
 (-0.75875842982478414,0.22999366834288321)
 (-0.30000986007566038,0.11732832690500278)
 (-0.59638892074480743,-0.9258301442029313)
 (0.13133565571150199,1.125846901542721)
 (0.58129056421530867,-0.21449743350998041)
 (0.077648315283073671,0.33785970820546862)
 (-1.0492883163047242,-0.25701887535072776)
 (0.1475156887835313,-0.4244436018841794)
 (0.24092324667393791,0.1985813736973974)
 (-0.048912544886757225,0.57892615597841812)
 (0.47741217807287717,0.439448096939)
 (-0.17251020586505128,-0.27429020244517222)
 (0.11880802247871725,-1.7116039279869537)
 (0.068977002486190805,-0.20420263632913815)
 (-0.25746424661933842,-0.43070589373661028)
 (0.61310632045404212,0.77122042847356431)
 (0.0089845022470116248,0.15924796678379283)
 (-0.48447059808710868,0.2941464816222038)
 (0.057500288933562571,0.78027941219444086)
 (0.29568767271137986,1.7457404115185842)
 (0.76557891796777044,-0.6039035849929274)
 (0.049919557845583828,0.15714660346388076)
 (-2.1787179926260505,-0.9406170365280353)
 (-1.478319722550369,0.98720668266467881)
 (-0.84967552431029092,0.24013384957063955)
 (0.63589051720410006,0.39973425330850576)
 (-1.159500993249198,-0.42904110104293663)
 (1.3734051227659303,0.229725474331616)
 (-0.75856382755698748,-0.61771555687700386)
 (0.58769968019350527,0.085828151506926215)
 (-0.35202863759311287,-0.4678563875009798)
 (0.42439928227640505,-0.073199301821933516)
 (0.56487343339484508,0.22355815616394911)
 (-0.6754381989907533,-0.25886904256561133)
 (0.21750964605707124,-1.3865858135891691)
 (0.41491967381447387,1.1463787266766412)
 (-0.47509515657655943,0.56291641688678973)
 (-0.16677288278455882,0.5316003532850585)
 (-0.054712859394767555,-0.76679239138028332)
 (0.57035128757521236,-0.81970510309701194)
 (-0.17581156440267809,-0.59801383448247847)
 (0.21701566268766478,0.097324250005158291)
 (-0.19880088130049278,0.4794941811969794)
 (0.11621072168087515,-0.38661828567968654)
 (0.12665741356170776,-0.10829468950204257)
 (0.61460474085712713,-0.72877596505701425)
 (0.32310312174088374,-0.34225306145915901)
 (-0.6312437312595699,-0.078137710055496939)
 (-0.83583607188645759,-0.37373972265403765)
 (1.2486235894618625,0.34944712221414481)
 (0.4915830133348032,1.2730800243765683)
 (-0.49606353892678662,-0.27184088662790301)
 (1.1384263068229943,0.86610014371386013)
 (1.0527151164007955,0.39655501153310957)
 (0.048692365874259749,0.41306010106632618)
 (-0.010836508299662234,0.19453466890366944)
 (-0.27747649112981049,-0.44646458209065149)
 (-0.57258728077869248,-0.093139359269486383)
 (1.0675015815482043,-0.156838924010759)
 (1.0158459348265549,-0.43102340376300063)
 (-0.96960045217187862,0.27298065047222925)
 (-0.34309447305419427,0.64234498829496034)
 (0.49491220803500952,-0.13349654184972332)
 (-0.31148344121523824,-0.50841029888837974)
 (-0.34465661207868531,-0.15365266159856472)
 (0.07612498584930652,-0.35314725664681623)
 (-0.70013053912162881,-0.0042445645686488009)
 (0.60529105905412672,-1.2015395532580087)
 (-0.81627833065153355,-0.55752920989976817)
 (-0.30512548324156402,-0.29947937275036302)
 (0.34263505528744531,0.33159676373372016)
 (0.873721720387032,0.13804755479766714)
 (0.067751350338022071,-0.68000304260465849)
 (0.42135357945545598,-1.6521186695647732)
 (0.15115507126409164,0.1784027575428023)
 (0.12125564000266587,-1.2878416304279283)
 (0.2420077530782106,-1.178687249532048)
 (-1.0842410858737137,-0.71435665410842253)
 (0.22298413285184659,-1.0217657640201407)
 (-0.71466873234591244,0.094391799539054966)
 (0.41685136264330652,0.78991965218624349)
 (-0.2053007867850197,0.24697837804484038)
 (0.21299996325491422,0.41589115283820433)
 (-0.2852841186053619,1.3169409255055544)
 (0.21370461098981378,0.28266667338651696)
