# Created by Octave 8.4.0, Thu Dec 11 09:47:22 2025 IST <gamana@Samsung>
# name: clean
# type: complex matrix
# rows: 2048
# columns: 1
 (0.95334974675874873,0.95334974675874873)
 (0.31778324891958293,-0.31778324891958293)
 (0.31778324891958293,-0.95334974675874873)
 (0.95334974675874873,-0.31778324891958293)
 (0.95334974675874873,0.31778324891958293)
 (0.95334974675874873,-0.95334974675874873)
 (-0.95334974675874873,0.31778324891958293)
 (-0.31778324891958293,-0.95334974675874873)
 (0.95334974675874873,0.31778324891958293)
 (0.31778324891958293,0.31778324891958293)
 (0.31778324891958293,-0.31778324891958293)
 (0.31778324891958293,0.95334974675874873)
 (0.95334974675874873,0.31778324891958293)
 (-0.31778324891958293,-0.95334974675874873)
 (0.95334974675874873,-0.31778324891958293)
 (0.31778324891958293,0.31778324891958293)
 (-0.95334974675874873,-0.31778324891958293)
 (0.31778324891958293,-0.31778324891958293)
 (0.95334974675874873,0.95334974675874873)
 (-0.95334974675874873,0.95334974675874873)
 (0.31778324891958293,-0.31778324891958293)
 (0.31778324891958293,-0.31778324891958293)
 (0.95334974675874873,-0.95334974675874873)
 (0.31778324891958293,0.95334974675874873)
 (0.95334974675874873,-0.95334974675874873)
 (0.95334974675874873,0.31778324891958293)
 (0.95334974675874873,-0.31778324891958293)
 (0.31778324891958293,-0.31778324891958293)
 (0.95334974675874873,0.31778324891958293)
 (-0.95334974675874873,-0.31778324891958293)
 (-0.95334974675874873,-0.95334974675874873)
 (0.95334974675874873,-0.31778324891958293)
 (-0.95334974675874873,0.95334974675874873)
 (-0.95334974675874873,-0.95334974675874873)
 (0.95334974675874873,-0.95334974675874873)
 (-0.95334974675874873,0.31778324891958293)
 (0.95334974675874873,-0.31778324891958293)
 (-0.31778324891958293,-0.95334974675874873)
 (0.95334974675874873,0.31778324891958293)
 (-0.95334974675874873,0.95334974675874873)
 (-0.95334974675874873,-0.31778324891958293)
 (-0.31778324891958293,-0.95334974675874873)
 (-0.95334974675874873,0.31778324891958293)
 (0.31778324891958293,-0.31778324891958293)
 (0.31778324891958293,0.95334974675874873)
 (0.95334974675874873,-0.31778324891958293)
 (0.31778324891958293,-0.95334974675874873)
 (0.95334974675874873,0.95334974675874873)
 (0.95334974675874873,0.31778324891958293)
 (-0.31778324891958293,-0.31778324891958293)
 (-0.31778324891958293,-0.31778324891958293)
 (-0.95334974675874873,-0.31778324891958293)
 (0.31778324891958293,-0.31778324891958293)
 (-0.95334974675874873,-0.95334974675874873)
 (0.95334974675874873,-0.95334974675874873)
 (-0.31778324891958293,0.95334974675874873)
 (-0.95334974675874873,-0.31778324891958293)
 (0.95334974675874873,0.31778324891958293)
 (0.95334974675874873,0.95334974675874873)
 (0.95334974675874873,-0.31778324891958293)
 (0.31778324891958293,-0.95334974675874873)
 (0.95334974675874873,-0.31778324891958293)
 (-0.31778324891958293,-0.95334974675874873)
 (0.95334974675874873,0.31778324891958293)
 (-0.31778324891958293,0.95334974675874873)
 (-0.95334974675874873,-0.95334974675874873)
 (0.95334974675874873,0.95334974675874873)
 (-0.95334974675874873,-0.95334974675874873)
 (0.31778324891958293,0.95334974675874873)
 (0.31778324891958293,0.95334974675874873)
 (-0.31778324891958293,-0.31778324891958293)
 (-0.95334974675874873,-0.95334974675874873)
 (0.95334974675874873,0.31778324891958293)
 (0.31778324891958293,0.95334974675874873)
 (0.95334974675874873,-0.31778324891958293)
 (-0.95334974675874873,0.95334974675874873)
 (-0.31778324891958293,-0.95334974675874873)
 (0.95334974675874873,-0.31778324891958293)
 (-0.31778324891958293,-0.95334974675874873)
 (-0.95334974675874873,-0.31778324891958293)
 (0.31778324891958293,-0.95334974675874873)
 (0.31778324891958293,-0.95334974675874873)
 (-0.31778324891958293,-0.95334974675874873)
 (0.31778324891958293,-0.95334974675874873)
 (-0.31778324891958293,-0.31778324891958293)
 (-0.95334974675874873,0.95334974675874873)
 (0.31778324891958293,-0.31778324891958293)
 (0.31778324891958293,0.31778324891958293)
 (-0.95334974675874873,0.31778324891958293)
 (-0.31778324891958293,-0.95334974675874873)
 (0.31778324891958293,0.95334974675874873)
 (-0.31778324891958293,0.31778324891958293)
 (0.95334974675874873,0.95334974675874873)
 (0.31778324891958293,0.95334974675874873)
 (0.95334974675874873,-0.31778324891958293)
 (0.95334974675874873,0.95334974675874873)
 (-0.95334974675874873,0.31778324891958293)
 (-0.31778324891958293,-0.95334974675874873)
 (-0.95334974675874873,0.31778324891958293)
 (-0.31778324891958293,0.95334974675874873)
 (0.31778324891958293,-0.95334974675874873)
 (-0.95334974675874873,-0.31778324891958293)
 (0.31778324891958293,-0.31778324891958293)
 (0.95334974675874873,0.31778324891958293)
 (-0.95334974675874873,-0.31778324891958293)
 (0.95334974675874873,-0.95334974675874873)
 (0.95334974675874873,-0.95334974675874873)
 (0.95334974675874873,-0.31778324891958293)
 (-0.31778324891958293,-0.31778324891958293)
 (-0.95334974675874873,-0.31778324891958293)
 (-0.95334974675874873,0.95334974675874873)
 (-0.95334974675874873,0.95334974675874873)
 (-0.95334974675874873,0.95334974675874873)
 (0.95334974675874873,0.95334974675874873)
 (0.95334974675874873,-0.31778324891958293)
 (0.95334974675874873,0.31778324891958293)
 (-0.31778324891958293,0.31778324891958293)
 (0.95334974675874873,0.95334974675874873)
 (-0.95334974675874873,-0.31778324891958293)
 (-0.31778324891958293,-0.95334974675874873)
 (-0.95334974675874873,-0.95334974675874873)
 (-0.95334974675874873,0.31778324891958293)
 (-0.95334974675874873,-0.95334974675874873)
 (0.95334974675874873,0.31778324891958293)
 (0.31778324891958293,0.31778324891958293)
 (-0.95334974675874873,-0.95334974675874873)
 (0.95334974675874873,0.95334974675874873)
 (0.95334974675874873,0.31778324891958293)
 (-0.95334974675874873,-0.95334974675874873)
 (-0.95334974675874873,0.95334974675874873)
 (-0.31778324891958293,-0.95334974675874873)
 (0.95334974675874873,-0.95334974675874873)
 (-0.31778324891958293,0.95334974675874873)
 (0.95334974675874873,0.95334974675874873)
 (-0.95334974675874873,0.95334974675874873)
 (-0.31778324891958293,0.95334974675874873)
 (0.31778324891958293,-0.95334974675874873)
 (-0.31778324891958293,0.31778324891958293)
 (0.95334974675874873,-0.31778324891958293)
 (-0.31778324891958293,0.31778324891958293)
 (-0.95334974675874873,-0.95334974675874873)
 (0.95334974675874873,-0.95334974675874873)
 (-0.95334974675874873,0.31778324891958293)
 (0.31778324891958293,-0.31778324891958293)
 (0.95334974675874873,-0.31778324891958293)
 (0.31778324891958293,-0.95334974675874873)
 (-0.95334974675874873,-0.95334974675874873)
 (-0.95334974675874873,-0.31778324891958293)
 (-0.95334974675874873,0.31778324891958293)
 (0.31778324891958293,-0.95334974675874873)
 (0.31778324891958293,0.95334974675874873)
 (-0.95334974675874873,-0.95334974675874873)
 (0.31778324891958293,0.31778324891958293)
 (-0.31778324891958293,-0.95334974675874873)
 (-0.95334974675874873,0.31778324891958293)
 (-0.31778324891958293,0.95334974675874873)
 (-0.31778324891958293,-0.95334974675874873)
 (0.31778324891958293,0.95334974675874873)
 (-0.31778324891958293,-0.31778324891958293)
 (-0.95334974675874873,0.95334974675874873)
 (-0.95334974675874873,0.95334974675874873)
 (0.95334974675874873,0.95334974675874873)
 (0.31778324891958293,-0.95334974675874873)
 (0.31778324891958293,-0.95334974675874873)
 (0.31778324891958293,-0.31778324891958293)
 (0.95334974675874873,0.95334974675874873)
 (-0.95334974675874873,0.31778324891958293)
 (-0.31778324891958293,-0.95334974675874873)
 (0.31778324891958293,0.95334974675874873)
 (-0.31778324891958293,0.31778324891958293)
 (-0.95334974675874873,0.31778324891958293)
 (-0.31778324891958293,-0.31778324891958293)
 (-0.31778324891958293,-0.95334974675874873)
 (0.95334974675874873,0.31778324891958293)
 (0.95334974675874873,0.31778324891958293)
 (0.31778324891958293,0.31778324891958293)
 (0.95334974675874873,-0.31778324891958293)
 (-0.95334974675874873,-0.31778324891958293)
