# Created by Octave 8.4.0, Thu Dec 11 09:47:22 2025 IST <gamana@Samsung>
# name: clean
# type: complex matrix
# rows: 2048
# columns: 1
 (-0.31923475378704885,-0.31923475378704885)
 (-0.95770426136114661,0.31923475378704885)
 (-0.95770426136114661,-0.95770426136114661)
 (0.95770426136114661,0.95770426136114661)
 (-0.95770426136114661,-0.31923475378704885)
 (-0.31923475378704885,0.95770426136114661)
 (0.95770426136114661,0.31923475378704885)
 (-0.31923475378704885,-0.31923475378704885)
 (0.95770426136114661,-0.31923475378704885)
 (-0.95770426136114661,0.31923475378704885)
 (0.31923475378704885,-0.31923475378704885)
 (-0.31923475378704885,-0.95770426136114661)
 (-0.31923475378704885,0.31923475378704885)
 (0.31923475378704885,0.31923475378704885)
 (-0.95770426136114661,-0.95770426136114661)
 (-0.95770426136114661,-0.95770426136114661)
 (-0.95770426136114661,-0.31923475378704885)
 (0.95770426136114661,-0.95770426136114661)
 (-0.31923475378704885,0.95770426136114661)
 (-0.31923475378704885,-0.95770426136114661)
 (0.31923475378704885,0.95770426136114661)
 (0.95770426136114661,-0.31923475378704885)
 (-0.95770426136114661,-0.31923475378704885)
 (0.31923475378704885,0.95770426136114661)
 (0.95770426136114661,-0.31923475378704885)
 (0.95770426136114661,-0.95770426136114661)
 (-0.31923475378704885,0.95770426136114661)
 (-0.31923475378704885,0.31923475378704885)
 (-0.31923475378704885,-0.95770426136114661)
 (-0.95770426136114661,-0.95770426136114661)
 (0.95770426136114661,-0.95770426136114661)
 (-0.31923475378704885,0.31923475378704885)
 (-0.31923475378704885,-0.95770426136114661)
 (-0.95770426136114661,0.95770426136114661)
 (-0.31923475378704885,0.95770426136114661)
 (-0.95770426136114661,0.31923475378704885)
 (-0.95770426136114661,0.95770426136114661)
 (0.31923475378704885,0.31923475378704885)
 (-0.31923475378704885,0.95770426136114661)
 (-0.31923475378704885,-0.95770426136114661)
 (0.31923475378704885,0.95770426136114661)
 (0.31923475378704885,0.95770426136114661)
 (-0.95770426136114661,-0.95770426136114661)
 (0.31923475378704885,-0.31923475378704885)
 (-0.95770426136114661,-0.95770426136114661)
 (-0.31923475378704885,-0.31923475378704885)
 (0.95770426136114661,0.31923475378704885)
 (0.95770426136114661,0.31923475378704885)
 (0.95770426136114661,0.95770426136114661)
 (-0.31923475378704885,-0.95770426136114661)
 (0.95770426136114661,-0.31923475378704885)
 (0.95770426136114661,-0.95770426136114661)
 (0.31923475378704885,0.95770426136114661)
 (0.95770426136114661,0.31923475378704885)
 (0.31923475378704885,0.31923475378704885)
 (-0.95770426136114661,0.95770426136114661)
 (-0.31923475378704885,0.95770426136114661)
 (0.95770426136114661,0.31923475378704885)
 (-0.95770426136114661,-0.95770426136114661)
 (0.95770426136114661,-0.95770426136114661)
 (-0.95770426136114661,0.31923475378704885)
 (-0.31923475378704885,-0.95770426136114661)
 (-0.95770426136114661,-0.95770426136114661)
 (-0.31923475378704885,-0.31923475378704885)
 (0.95770426136114661,0.95770426136114661)
 (-0.95770426136114661,0.31923475378704885)
 (0.95770426136114661,0.95770426136114661)
 (-0.95770426136114661,-0.95770426136114661)
 (0.95770426136114661,0.31923475378704885)
 (0.95770426136114661,-0.31923475378704885)
 (0.95770426136114661,-0.95770426136114661)
 (0.95770426136114661,-0.31923475378704885)
 (0.31923475378704885,-0.95770426136114661)
 (-0.95770426136114661,0.95770426136114661)
 (0.31923475378704885,0.95770426136114661)
 (-0.31923475378704885,0.31923475378704885)
 (-0.95770426136114661,-0.95770426136114661)
 (-0.31923475378704885,0.95770426136114661)
 (-0.31923475378704885,-0.31923475378704885)
 (0.31923475378704885,0.95770426136114661)
 (-0.31923475378704885,0.31923475378704885)
 (-0.31923475378704885,0.95770426136114661)
 (-0.95770426136114661,0.95770426136114661)
 (0.95770426136114661,0.31923475378704885)
 (-0.95770426136114661,0.95770426136114661)
 (-0.31923475378704885,-0.95770426136114661)
 (-0.95770426136114661,-0.95770426136114661)
 (0.95770426136114661,0.95770426136114661)
 (0.95770426136114661,-0.31923475378704885)
 (0.95770426136114661,-0.31923475378704885)
 (0.31923475378704885,-0.31923475378704885)
 (-0.95770426136114661,0.31923475378704885)
 (-0.31923475378704885,0.31923475378704885)
 (-0.95770426136114661,-0.95770426136114661)
 (0.95770426136114661,0.95770426136114661)
 (-0.31923475378704885,-0.95770426136114661)
 (0.95770426136114661,0.95770426136114661)
 (0.95770426136114661,0.31923475378704885)
 (0.31923475378704885,-0.31923475378704885)
 (0.95770426136114661,0.95770426136114661)
 (0.31923475378704885,-0.95770426136114661)
 (0.95770426136114661,0.31923475378704885)
 (-0.31923475378704885,-0.31923475378704885)
 (-0.31923475378704885,-0.31923475378704885)
 (0.31923475378704885,-0.95770426136114661)
 (0.31923475378704885,0.95770426136114661)
 (-0.95770426136114661,0.31923475378704885)
 (0.31923475378704885,0.31923475378704885)
 (-0.95770426136114661,-0.31923475378704885)
 (-0.95770426136114661,-0.31923475378704885)
 (0.95770426136114661,0.31923475378704885)
 (0.31923475378704885,0.95770426136114661)
 (-0.95770426136114661,-0.95770426136114661)
 (-0.95770426136114661,-0.31923475378704885)
 (0.95770426136114661,-0.95770426136114661)
 (0.31923475378704885,-0.31923475378704885)
 (0.95770426136114661,0.95770426136114661)
 (-0.31923475378704885,-0.95770426136114661)
 (-0.95770426136114661,0.31923475378704885)
 (0.31923475378704885,-0.31923475378704885)
 (0.31923475378704885,-0.95770426136114661)
 (0.95770426136114661,0.31923475378704885)
 (-0.31923475378704885,-0.31923475378704885)
 (0.31923475378704885,0.95770426136114661)
 (-0.95770426136114661,0.31923475378704885)
 (-0.95770426136114661,-0.95770426136114661)
 (0.95770426136114661,0.31923475378704885)
 (-0.31923475378704885,-0.31923475378704885)
 (-0.95770426136114661,-0.31923475378704885)
 (-0.31923475378704885,-0.95770426136114661)
 (0.95770426136114661,-0.95770426136114661)
 (0.95770426136114661,0.31923475378704885)
 (-0.31923475378704885,-0.31923475378704885)
 (0.31923475378704885,-0.95770426136114661)
 (-0.31923475378704885,0.31923475378704885)
 (0.95770426136114661,-0.31923475378704885)
 (-0.95770426136114661,-0.31923475378704885)
 (0.31923475378704885,0.95770426136114661)
 (0.31923475378704885,-0.31923475378704885)
 (0.31923475378704885,0.31923475378704885)
 (-0.95770426136114661,0.95770426136114661)
 (-0.31923475378704885,-0.95770426136114661)
 (0.31923475378704885,0.31923475378704885)
 (-0.95770426136114661,-0.95770426136114661)
 (-0.31923475378704885,0.95770426136114661)
 (-0.95770426136114661,0.95770426136114661)
 (-0.31923475378704885,0.31923475378704885)
 (0.31923475378704885,0.95770426136114661)
 (-0.31923475378704885,0.95770426136114661)
 (-0.95770426136114661,0.31923475378704885)
 (0.95770426136114661,-0.31923475378704885)
 (-0.31923475378704885,0.95770426136114661)
 (0.31923475378704885,0.95770426136114661)
 (-0.31923475378704885,-0.31923475378704885)
 (-0.95770426136114661,0.31923475378704885)
 (0.31923475378704885,-0.31923475378704885)
 (-0.31923475378704885,0.31923475378704885)
 (-0.95770426136114661,-0.31923475378704885)
 (-0.31923475378704885,0.31923475378704885)
 (0.31923475378704885,0.95770426136114661)
 (0.31923475378704885,-0.95770426136114661)
 (0.31923475378704885,-0.31923475378704885)
 (0.31923475378704885,0.95770426136114661)
 (0.95770426136114661,-0.31923475378704885)
 (-0.31923475378704885,-0.95770426136114661)
 (-0.95770426136114661,0.95770426136114661)
 (-0.31923475378704885,-0.31923475378704885)
 (0.95770426136114661,0.95770426136114661)
 (0.31923475378704885,-0.31923475378704885)
 (-0.31923475378704885,0.31923475378704885)
 (-0.31923475378704885,0.31923475378704885)
 (0.95770426136114661,0.95770426136114661)
 (0.31923475378704885,0.95770426136114661)
 (0.31923475378704885,0.95770426136114661)
 (0.95770426136114661,0.31923475378704885)
 (-0.95770426136114661,-0.95770426136114661)
 (-0.95770426136114661,0.31923475378704885)
 (0.31923475378704885,0.31923475378704885)
