# Created by Octave 8.4.0, Thu Dec 11 09:47:22 2025 IST <gamana@Samsung>
# name: awgn20
# type: complex matrix
# rows: 2048
# columns: 1
 (0.18845568638050861,-0.90116353254070458)
 (-0.36727966767877346,-0.87684640752290466)
 (0.89406218443685714,0.92014821776063993)
 (-0.25581891982435745,-0.79690052618659191)
 (-0.932424275094479,1.0477154676034992)
 (-0.9007614477289535,0.25842693724977001)
 (0.35334222474632654,-0.95392037706726229)
 (-0.92901825400388893,1.0394559629415061)
 (-0.23172117394966196,0.92420696171501127)
 (0.37714609899397245,-1.0103305337817596)
 (0.39232965881300513,0.26631885324283683)
 (-1.0225812555913396,-0.93068209017248371)
 (0.36669720011251455,-0.44564950796743319)
 (0.90928271321775844,0.34515745691564792)
 (1.0388471351606785,-0.19801737826162433)
 (-0.88954933439619854,-0.88014288003111651)
 (0.25574780832943478,1.0503787389007369)
 (0.44233936084242692,0.30394715758524632)
 (-0.82385697587529227,-0.32685223878185821)
 (0.31729372361302,-0.93951868701009034)
 (0.34944823743950737,0.9397038798247096)
 (-0.95764466197246123,0.93957064242527877)
 (-0.82666521527953507,-0.93498554601663109)
 (-0.89821091749724835,1.0051616039633109)
 (0.84810696365195082,-0.96854508488709412)
 (0.37503804123200402,-0.93154821475405902)
 (-0.97181925681757442,0.38622649333387449)
 (0.9180947270770865,0.27999567620040444)
 (-0.87905275520899029,-0.37353270539868677)
 (-0.83594194375866215,-0.98480021103329485)
 (-0.34150286087077886,0.91067836161462223)
 (-0.95328046797752752,0.99090118439344155)
 (0.92510972174298733,-0.82910873857683276)
 (0.89798093713615568,-1.0447793207089529)
 (-0.96088811397350038,0.40356276590983747)
 (0.98716509499023863,0.24650890880607762)
 (-0.90568696535798066,0.2429855801484965)
 (0.91296620249288007,-0.37983907098295949)
 (-0.28391866130082938,0.33393454986730525)
 (0.89602974232075261,-0.14324047797345352)
 (0.11773985218287567,0.35454613735900375)
 (0.42410434486204079,0.89421892529386382)
 (0.31229776776093177,-0.86936135461774178)
 (-0.91823894671218298,-0.37677903640738486)
 (-0.97239106510977513,0.311800016260113)
 (0.89590170319768936,-0.33104706838884013)
 (-0.85826926529930625,0.16153791632175374)
 (0.35036601284642138,0.35583991635870477)
 (0.90237175448356088,0.31865479344615044)
 (-0.3430465007454277,0.31183001129213989)
 (0.99143098339757318,-0.35073602017942318)
 (0.94249430574250048,-0.26308513289377172)
 (-0.34568901139541819,-0.89805828621458572)
 (-0.35202456264848375,0.89665107252034915)
 (-0.87253514152445844,0.96842011308032616)
 (-0.94897050994738363,0.3505253064639498)
 (-0.29225621025727483,-0.22887950621706432)
 (0.94800271173087414,0.22408582349756184)
 (0.43380928093425108,0.20733338609625085)
 (0.34450229938110721,-1.0367537583413684)
 (-0.25074717494829168,-0.34422499294309922)
 (-0.85676024092341785,0.99691848987631404)
 (0.80895822904265147,-1.0260649639049939)
 (0.87861554603529146,0.92093272946119731)
 (-0.33387100642175127,-0.95414767649475729)
 (-0.26805302113225632,-0.21801188795442156)
 (0.29321569700822903,-0.88490502884365085)
 (-0.32327382966164675,-0.30688283233108532)
 (-0.98956304304416753,0.29818679767978162)
 (0.17482139648427647,-0.21389348125753027)
 (-0.84555843015111487,-0.94379231622157933)
 (-0.37344679313504142,-0.3165009232041518)
 (-0.26210794372484342,-0.36488013620743065)
 (0.25122882491109627,-0.38310632215577689)
 (0.91583241550055572,0.90905869521479699)
 (-0.21899930041447158,1.0664486508764275)
 (-0.93761369510534431,-1.0209883366008652)
 (0.87107885335246593,0.31039241020783132)
 (-0.38286048434543207,-0.94197387850492875)
 (0.30108245660358796,0.23648120145789864)
 (0.30969520387263594,-1.0610365519676963)
 (0.88959082847274062,0.37527850867161588)
 (-0.21046929334392134,0.99938614261561298)
 (-1.0790761156733204,-0.36744981781594183)
 (-1.0026144544058524,-0.89367238874657751)
 (0.36163310917858033,-0.85916634004308157)
 (-0.95852822142506533,-0.24246890697541479)
 (0.37634493056284235,-0.32669774887180725)
 (0.20953650836242105,-0.41918954366788552)
 (0.27700387307622854,0.18253379225371871)
 (1.0040752945642388,-0.28003630828170228)
 (-0.2196362533037019,0.30918806637806723)
 (-0.91503828596582315,-0.98264790697541438)
 (-0.27671420297182775,-0.41003297053692073)
 (-0.15392478103490714,0.18737255941687114)
 (-0.9675003480135248,-0.97510772932083722)
 (0.39182003250413472,0.3162578402103346)
 (0.8865052942767796,0.21279501071773341)
 (-0.93439777556955583,0.28177941565567899)
 (-1.0212883172077594,0.36800344667958651)
 (1.0840259460197454,0.26805740401663336)
 (-0.18124493822700175,-0.21203046070745307)
 (0.32431570520629571,0.24089062596002372)
 (0.24058993655567373,0.26774604232681559)
 (-0.3117981991180388,-0.25784252640619143)
 (-1.1140570488354711,-0.30093541193315354)
 (0.93590433791836924,1.0342882143115542)
 (0.27976102674104752,-0.94949089941033826)
 (-0.93313287194434447,-0.33973441492968248)
 (0.9875797006023268,1.0469256110631147)
 (0.94816011460582628,0.33758041843436853)
 (-0.31618332402174787,-0.32898970591474924)
 (1.061196895723842,-0.85525947104982292)
 (0.40302878809146447,-0.42724622209329166)
 (-0.88991549126292402,-0.88526696585738995)
 (-0.96605683724098101,0.27513682742601159)
 (-0.24062044773520508,-1.0634937415096932)
 (1.0254224884626462,0.32349494861748374)
 (-0.30806033724389176,-0.39183111595095005)
 (-0.91516699329999962,0.30189710046204943)
 (-0.93856711959239236,-0.96495230378409846)
 (0.35987274229048305,-0.36804399846126989)
 (-0.27776834307257886,-0.74335238777134149)
 (-0.97090973308110029,0.27150681798147924)
 (-1.1486951748219136,0.24929886717145722)
 (0.23095987196338819,0.8787324716248851)
 (-0.9385133056564986,0.87630450891381673)
 (0.29789402384530761,-1.0438783643885947)
 (-0.950242647911825,-0.94667365320609242)
 (0.27663296567957918,0.28652208534285417)
 (0.21894856814513805,-1.0126973426605683)
 (-1.005841790150604,-0.21831152010582988)
 (0.3415686232760668,-0.30911091060551515)
 (-0.28387225000615918,-0.36740267817739947)
 (-0.99713073421175824,1.0375422589438248)
 (-0.86631325305817963,0.35356056063572694)
 (0.31300378371873311,-0.99333251811385836)
 (0.28509978815609288,-0.36903316730689734)
 (-0.34882514483470745,-0.42041626784196423)
 (0.29439698982443357,-0.86373131908644096)
 (0.3162129524838086,-0.34839320988521083)
 (0.2685615319067407,1.1429962104812967)
 (0.41211492762649621,0.92166735506396169)
 (0.92165397568705032,0.8910395485903525)
 (0.96741055435361745,-0.92962793609000283)
 (-0.93898467919342221,-0.42401979268723766)
 (0.882228330564371,0.24556032933652439)
 (-0.87682202792230768,0.26472491030234058)
 (1.0629670535785631,-0.39611633809921964)
 (-0.98327512772826298,0.38023871389969033)
 (-0.87815734733099982,-0.31811306236160497)
 (-0.36469638319314257,0.15924119995188579)
 (-0.20526464385524898,-0.88392768252958742)
 (0.96290090082407298,0.39919525842577247)
 (0.37188357490032403,0.4023394139922209)
 (0.26959785204881759,-0.3150232360557938)
 (-0.33792455046872022,-0.88651629038477453)
 (-0.93427581337990639,0.25893657939786707)
 (0.93341205685089645,0.94978760077672941)
 (0.90423982562432914,-0.97117759618057975)
 (-0.92745010515265858,-0.88153347997186005)
 (-0.40149832220546317,0.43299811267476418)
 (-0.23207393892170863,0.34017152609709678)
 (0.25914736330340987,-0.88714580947652388)
 (-0.30953666472679181,0.36214464851342054)
 (-0.38405072266955309,0.97174797833374993)
 (-0.99014418581054686,-0.33795384101263121)
 (-0.45326825042540486,0.84930119746179344)
 (-0.93950474119758476,-0.3860883919924753)
 (-0.27273487859944578,0.98863790846083155)
 (-0.99418933826575917,-0.36596379847789268)
 (0.17051696381541726,-0.87786035287117903)
 (0.39110873065900803,0.21599942726425708)
 (0.36575469174034358,0.36527294719202374)
 (-0.32794269129942138,0.31418847746963752)
 (-0.35603974042223507,-0.96566417499656987)
 (-0.36691721353170526,1.0256986938864043)
 (-0.42397869569953195,-0.46626922979009366)
 (-0.95506616408277556,0.32083474242596932)
 (0.3082233456613655,-0.98869182215250162)
