# Created by Octave 8.4.0, Thu Dec 11 09:47:23 2025 IST <gamana@Samsung>
# name: iq
# type: matrix
# rows: 2048
# columns: 1
 0.99706007033948296
 0.71979445629436789
 0.11267528621267162
 -0.54607854638925091
 -0.95458600820206962
 -0.97259255895290297
 -0.60163096747855127
 -0.10813648706951674
 0.54989853666459632
 0.89985447880301794
 0.99631865342087256
 0.81211680656676566
 0.39913916364882279
 -0.126277206267076
 -0.72923708866562187
 -0.97667740455693652
 -0.94898469904253735
 -0.53068550131166847
 -0.022214290997900961
 0.49251475324559779
 0.93404224138678449
 0.985250469487432
 0.75891061748844191
 0.17021463217652491
 -0.35801914740060525
 -0.78539783471713998
 -0.99152754231630602
 -0.91834089914126482
 -0.58645480711822251
 -0.089362596629136537
 0.43290333150358423
 0.90792318296106844
 0.966877464742528
 0.7000777311951929
 0.23606395286305812
 -0.29444976525794719
 -0.83573550265197849
 -0.99902631993877522
 -0.88088835778813113
 -0.37754595515819683
 0.14948593972267568
 0.63440718674615271
 0.94061398283979769
 0.94133585988494217
 0.51068044846592586
 -0.0012169927623786735
 -0.63793063058015309
 -0.942154470878239
 -0.93978491259906771
 -0.6325238404520197
 -0.14707886180448676
 0.37979868346574014
 0.79968577434407062
 0.9989159777961224
 0.74038218407304623
 0.29212281523455474
 -0.38401924169823431
 -0.80241937129473573
 -0.99869298312634636
 -0.83187074051656729
 -0.43070795804228468
 0.091786577666750149
 0.5884245528368427
 0.96864062457383049
 0.90496670557365255
 0.42658205447789677
 -0.24728841396539203
 -0.70829062570729828
 -0.99566640077387125
 -0.82676733230775934
 -0.27899323612809723
 0.25171070789058819
 0.71150697322336109
 0.99608070785101932
 0.90104289466802956
 0.41830364459012159
 -0.10541986916648706
 -0.71470848232620454
 -0.97195363997356965
 -0.89905278190790505
 -0.5483653950146985
 -0.043201793907063295
 0.6030952912798444
 0.92633675970593021
 0.98862632083086599
 0.66630283315164507
 0.038638901418714747
 -0.4781477145899844
 -0.92804736212390482
 -0.98792921227539277
 -0.76950837226522373
 -0.18638352895506891
 0.34262833256009806
 0.86255820721364196
 0.99997754868073285
 0.76658388232805563
 0.1818949019102846
 -0.34691504748586588
 -0.7779979636358787
 -0.99993652039743985
 -0.85332808163596185
 -0.32569291987586835
 0.20400626038883832
 0.78085896061920368
 0.99987463852894498
 0.76068700266561096
 0.17290636130483472
 -0.49411048094498033
 -0.86940874861318307
 -0.99979190436578935
 -0.84853061319897349
 -0.4582356449188979
 0.061145710446713887
 0.68293642097259744
 0.99176416681488366
 0.91761328397652675
 0.58496792371446682
 -0.065703233495606125
 -0.56706950284859436
 -0.90869055342431926
 -0.96640760301753192
 -0.58125796803355856
 0.070259386309538652
 0.570825047935834
 0.91058754221140992
 0.99383473207418238
 0.79711562872927277
 0.37584660714244433
 -0.15129955681067098
 -0.6358241714083338
 -0.98179031922762106
 -0.94071519142080873
 -0.63463770798433317
 0.0030514704809131319
 0.63934227975830582
 0.9826476087243925
 0.87564409572293345
 0.3673672521603934
 -0.1603214190796719
 -0.64284705468316239
 -0.94428070266461939
 -0.93757795681005873
 -0.50122002201802085
 0.1648273820018433
 0.75534086434437631
 0.99971126661039378
 0.78595322204321882
 0.35885725169557425
 -0.16932990746395193
 -0.64981631217011537
 -0.94724746803781934
 -0.97783610591117232
 -0.7329653126523108
 -0.13169602945785097
 0.52992437655048663
 0.94870123394978223
 0.93272554095342031
 0.48931833080765208
 -0.1783242704825769
 -0.65673136249930986
 -0.98662631820244562
 -0.86438914550077395
 -0.48533058049533734
 0.18281592046248438
 0.7671850584004416
 0.98736039633053196
 0.86208388551710813
 0.34174815640461548
 -0.18730375783299533
 -0.77010626153079897
 -0.98807388314734257
 -0.92769806037374358
 -0.47732479867057148
 0.19178768900065554
 0.77301140416510317
 0.98876676377317252
 0.85741947795759588
 0.47330693411798463
 -0.1962676204535162
 -0.77590042571686879
 -0.98943902375805948
 -0.85506042765754497
 -0.32884118840868792
 0.20074345876300026
 0.7787732659358052
 0.99992184282293362
 0.8526835451500393
 0.32452503005875494
 -0.20521511058589292
 -0.78162986490910868
 -0.99072162615565063
 -0.92072406568307263
 -0.46119445201813503
 0.057819868091764065
 0.68049887040798596
 0.95961663851846379
 0.91893247106273235
 0.58766690383236808
 -0.062378330857600917
 -0.68383802411548178
 -0.96089129691787012
 -0.96725854326979932
 -0.70114609033859421
 -0.086305000545913779
 0.43566822324319554
 0.83491237187186829
 0.99419861127584652
 0.69788263748098545
 0.081754434436132339
 -0.57183861803164726
 -0.96338046964987745
 -0.96490022720293422
 -0.57652725677815253
 -0.0772021633450269
 0.44387101636617432
 0.83990436892725195
 0.99933408385256284
 0.87724832130168195
 0.50803901515625172
 -0.0042864402721787022
 -0.64029139418445169
 -0.98287592588523542
 -0.9387314485023539
 -0.63014344195625305
 -0.14404209446919933
 0.51931244306408963
 0.88347991836137973
 0.99876839005325435
 0.83270074194778887
 0.28918587074155172
 -0.24140825635502416
 -0.80424732122389797
 -0.99853139581912675
 -0.83016336776258803
 -0.42793577198471555
 0.094842643710131319
 0.70723288415332175
 0.9693987167671404
 0.90365644320560368
 0.55722404967220118
 -0.099387774929510453
 -0.5945815881096792
 -0.97050969629949302
 -0.95716975147556826
 -0.55342621957623661
 0.10393083342588144
 0.59824718058907844
 0.92403546149932281
 0.95583758460567037
 0.54961684782678955
 0.044697608200154511
 -0.60190029667792921
 -0.92577170863838576
 -0.98885038991703345
 -0.6674185654672885
 -0.040135000622663876
 0.47683216543617946
 0.92748864889265203
 0.95311347734608709
 0.66401085889695832
 0.18785434424611683
 -0.48084130178777795
 -0.86179968962706266
 -0.98744908124580055
 -0.66058930444052788
 -0.03100736960251144
 0.4848404102377788
 0.93086446592366345
 0.9503098621214513
 0.65715397345424653
 0.17887579425213712
 -0.48882940738508918
 -0.93252327229805121
 -0.94887831184973592
 -0.65370493758158688
 -0.17438087676587846
 0.35406681205242768
 0.86866798729944894
 0.99982132737852258
 0.75869097778854966
 0.31846367064830305
 -0.35833399507441271
 -0.7856065269148238
 -0.99157128980546694
 -0.91820737812000286
 -0.58618163086786612
 0.06420913450765045
 0.68517537297528308
 0.9613976952714075
 0.96679133714720145
 0.69983689313803099
 0.084477219083943109
 -0.4373187200616811
 -0.9099676793875584
 -0.9656141565470755
 -0.69656758553488018
 -0.079925956665632389
 0.57334260201009113
 0.9638707429922535
 0.9644168381515249
 0.57502737266173032
 0.075373027398763642
 -0.57707819725182719
 -0.91371712100103808
 -0.9929591283905842
 -0.79248150281653562
 -0.36875940648814054
 0.15884334603799766
 0.75135307850657385
 0.98321230929285264
 0.93809761595957408
 0.62871794603502085
 -0.010687453590618137
 -0.64519521258985024
 -0.98403532181835085
 -0.93650605963703171
 -0.62516016716356593
 -0.13770473754745091
 0.52477213534678935
 0.88646056314994948
 0.99843033056584207
 0.82913921057920092
 0.28305228863950394
 -0.24761514744576363
 -0.80803501982829273
 -0.99569770465768859
 -0.90286929118684256
 -0.42214157768151089
 0.10121300589464162
 0.71174389087921641
 0.99611047806902719
 0.82399871852646989
 0.4179973205467552
 -0.10575520508773301
 -0.599716164981694
 -0.97203288982183245
 -0.89890508186728502
 -0.41384434611591675
 0.11029519876566761
 0.71812980225496226
 0.97309522087936695
 0.95393673023051972
 0.54425795057319359
 0.038301930067534518
 -0.60699974742872231
 -0.92817291142478686
 -0.98787691854701487
 -0.6626380579904444
 -0.033738176038133443
 0.61062258817443182
 0.97515897982580757
 0.89281827429515648
 0.40133398604391574
 -0.27406592047488221
 -0.72759618081039457
 -0.99786258122388205
 -0.89075204234264915
 -0.39714701031852595
 0.27845491328665334
 0.82645187614190396
 0.99571837246654993
 0.70868620867103405
 0.24783150212176325
 -0.42607501114555518
 -0.90472806512921378
 -0.96877974656918697
 -0.70545689928489297
