# Created by Octave 8.4.0, Thu Dec 11 09:47:23 2025 IST <gamana@Samsung>
# name: iq
# type: matrix
# rows: 2048
# columns: 1
 0.99706007033948296
 0.71979445629436789
 0.11267528621267162
 -0.54607854638925091
 -0.95458600820206962
 -0.92564415848608905
 -0.47251591134631593
 0.1971478373918564
 0.67106240716536125
 0.98956875465747796
 0.92390648709702716
 0.59797692748566744
 -0.049596092412049285
 -0.55370705885596561
 -0.9018370479926181
 -0.9704283499248888
 -0.710216724570086
 -0.24993486888935224
 0.42410929452530416
 0.82779791753061049
 0.9982933274023793
 0.88756644408310237
 0.39074826631547099
 -0.28513450973044718
 -0.73545624545231092
 -0.99854960836650131
 -0.80404686683955928
 -0.24108099541788655
 0.43236283667164604
 0.83288742170822871
 0.99878506466934591
 0.88332189054261379
 0.5190242297318719
 0.0085158509884466927
 -0.50439146910589572
 -0.8752101648306293
 -0.99947947189198894
 -0.74991820004097443
 -0.30576841154300655
 0.22451727661408843
 0.79380414593267479
 0.99932172244443662
 0.74688936492934765
 0.30141723570001927
 -0.37501452045592854
 -0.87959183670055963
 -0.99914313223323781
 -0.8372327419467338
 -0.29705977382799137
 0.37924403260955986
 0.88175517967331396
 0.99894370498287544
 0.834726723741544
 0.43536466339879998
 -0.23784618978820501
 -0.70138649497904204
 -0.9673440726117527
 -0.96079785708328713
 -0.5640436772560169
 -0.062041763045416379
 0.5879397169116356
 0.96849149417710867
 0.9052216213146459
 0.42712419847488775
 -0.24670748503358705
 -0.70786729603693477
 -0.96961871794042342
 -0.95822557211480941
 -0.55647836159153252
 -0.052923454120163547
 0.5953031768677769
 0.97072572039354965
 0.95690944055429616
 0.55267825629644496
 -0.10482368684166825
 -0.71428904737035315
 -0.9718124784500537
 -0.89931510730645936
 -0.41469690979581653
 0.25996060960367884
 0.71747761179131575
 0.99679924583888657
 0.8193268979110363
 0.41053706793381189
 -0.11390231364833965
 -0.60625506401228335
 -0.97392517113889421
 -0.89528358719251666
 -0.40636866435859498
 0.11843811123967478
 0.72380978565701937
 0.99748783614430614
 0.81405635073808913
 0.25757478171841441
 -0.4169432030477333
 -0.82334089515210096
 -0.99780093100154443
 -0.89117738323677409
 -0.53350643239463069
 0.12750220183209923
 0.61709316219078447
 0.97694182433784282
 0.94859455951793425
 0.65302529690071753
 0.020979600942368393
 -0.6206802229306233
 -0.9779066548749713
 -0.88699683797548301
 -0.38961117419928509
 0.286318003155562
 0.8310388742053465
 0.99861533733890595
 0.88487879609434716
 0.38540126954067483
 -0.29069053647477588
 -0.8335702757343435
 -0.99884516116837307
 -0.80058386130778225
 -0.38118332737363553
 0.29505700746927255
 0.83608429323105826
 0.99396695366690557
 0.69635356049630359
 0.2310056126214613
 -0.44168863140895431
 -0.91197430663594548
 -0.96433794116464788
 -0.69306877966779146
 -0.075075619233675853
 0.57732175167932231
 0.91383827581477584
 0.99292375390779652
 0.68976954495290488
 0.070521018712232431
 -0.58104452330167577
 -0.9663401593019374
 -0.90880001753352013
 -0.56728551795522719
 -0.065964947481356728
 0.45393815108493785
 0.84596547976384751
 0.99968173728826637
 0.7866939866963889
 0.21319525028735797
 -0.31679524492009564
 -0.75754354767471233
 -0.99978651948124719
 -0.78386655901666646
 -0.2087313118979876
 0.46205730526771932
 0.85080042299022818
 0.99987045121728202
 0.78102278387113822
 0.35144009166889539
 -0.32544492650933948
 -0.76347403916016077
 -0.99993353074598179
 -0.77816272056647606
 -0.19979046908747422
 0.3297596316796047
 0.85556439312483601
 0.99997575675182881
 0.86269088167818231
 0.48238333841559111
 -0.033813071278031646
 -0.54048423505083965
 -0.89489933155118495
 -0.99721854071469085
 -0.72124842059896455
 -0.11475844965649423
 0.40975110039236384
 0.89692797491782272
 0.99686777156496353
 0.7180776501989149
 0.26079267102047637
 -0.26995840372191243
 -0.72466136787698021
 -0.97522500136899581
 -0.95106475988945738
 -0.65898665758912811
 -0.028875590832584942
 0.48670460215319011
 0.93164157445709228
 0.98636883283935706
 0.6555449172576302
 0.02431048835748555
 -0.61806448346233855
 -0.93329130271644045
 -0.94820297322449965
 -0.65208950559648549
 -0.019744878889376392
 0.6216480510635094
 0.93492156727054621
 0.98482480954644724
 0.64862049466800065
 0.16778020311875363
 -0.36032428641518216
 -0.87196734401615261
 -0.98402198209493885
 -0.75430961863744106
 -0.3121059213139159
 0.36458047594628912
 0.87419394648307691
 0.98319863295447774
 0.75130362478232604
 0.3077640804358302
 -0.22247354961983337
 -0.69003969817690514
 -0.99296800256705919
 -0.84085803344299925
 -0.44544703957558268
 0.22692348795870262
 0.79530388498163285
 0.99922771763834428
 0.74524469498226609
 0.14974527051499953
 -0.37730307052849954
 -0.88076418263196576
 -0.98060562924582517
 -0.63107399296399125
 -0.1452284948088578
 0.51828741647559129
 0.94429254134249685
 0.97970036933262528
 0.73912359746495881
 0.29033344048779852
 -0.24024453744627602
 -0.70314489208791719
 -0.99496471019671173
 -0.83083124203139913
 -0.42901913846794526
 0.093648972674699113
 0.70638470056819525
 0.99541203730261552
 0.82828109530251082
 0.28158142740539416
 -0.24910034005624931
 -0.70960977745975928
 -0.97021996340050698
 -0.90220907079050061
 -0.55442447309244725
 -0.050456800295622002
 0.46772470795091431
 0.85414673094241289
 0.99995299922151237
 0.86406943966609229
 0.4847748679069947
 -0.18344064817265887
 -0.66064556209724501
 -0.95174459425370317
 -0.97473425416316417
 -0.60910936462077547
 0.035646446504003219
 0.66406688989070484
 0.9531361518906446
 0.97370403558786156
 0.60548122176772357
 -0.040209878126289261
 -0.54585880423761202
 -0.95450783195983091
 -0.97265351050344262
 -0.6018404516588296
 0.044772471175195144
 0.67086792725114253
 0.9558596058549732
 0.97158270081850562
 0.71360796805049342
 0.1038563009623451
 -0.41973116691975981
 -0.82507907730420516
 -0.99594041742242911
 -0.71040134292978407
 -0.25018881911059687
 0.28050266265589391
 0.82765074138205874
 0.99551896067913792
 0.80690864231013526
 0.24576473929266096
 -0.42800350042979229
 -0.83020514487898067
 -0.9985354528649969
 -0.8855752601742819
 -0.52314579966074126
 0.13959571509328172
 0.73836599107446921
 0.99877210533894034
 0.80148015353013036
 0.38256711674833077
 -0.14411625057484284
 -0.74143807910168669
 -0.99898792851145068
 -0.88129593516468974
 -0.51534017297971846
 -0.0042115029521947612
 0.50810356037829052
 0.8772842918386542
 0.98201002887823541
 0.63671910177639957
 0.15244614050682256
 -0.5120315473723116
 -0.94186526817621741
 -0.94007909346897933
 -0.63319109472817048
 -0.14793122191009037
 0.37900132998757796
 0.88163142853847265
 0.99895572273101452
 0.83487112493613869
 0.43560076978030499
 -0.086379658688501032
 -0.70119952048348844
 -0.99468715569620947
 -0.83234869697174474
 -0.43148555329274274
 0.090928394588826081
 0.5877275347374693
 0.96842614017032003
 0.95959555493752691
 0.56048409449701031
 -0.095475234185722443
 -0.70768200929684
 -0.99558588756232258
 -0.82725181834082195
 -0.42322821055179527
 0.25087657493206555
 0.71090114945891436
 0.9706626890687553
 0.9014163428770583
 0.55289682253873451
 0.048624570949613463
 -0.46934537146098876
 -0.85509928273339597
 -0.99996910253138693
 -0.7758531484989436
 -0.19619413942258937
 0.47337294548867787
 0.92601178368240689
 0.95429575624973262
 0.54526342836913111
 0.039500030374461016
 -0.47739064736666098
 -0.85979891506325046
 -0.99999919043919605
 -0.85849662577286689
 -0.47515292767449607
 0.04204280796555189
 0.66883926026355789
 0.98913292348678583
 0.85614577945751935
 0.47112971399971271
 -0.19868893592561135
 -0.77745624266941105
 -0.98979402472519373
 -0.92330379323078149
 -0.46709667495756185
 0.20316252151698605
 0.78032030606800395
 0.99988791254349441
 0.8513905716987602
 0.32218776733811588
 -0.35466104879522864
 -0.86898262245016622
 -0.98508355736215503
 -0.75827684451423649
 -0.16925605113976636
 0.49732814920591017
 0.93600637292428479
