# Created by Octave 8.4.0, Thu Dec 11 09:47:23 2025 IST <gamana@Samsung>
# name: iq
# type: matrix
# rows: 2048
# columns: 1
 0.99706007033948296
 0.8958330830115131
 0.54224716769547932
 0.035908561572159783
 -0.48054559651702428
 -0.86162858570636269
 -0.99998815874124891
 -0.76776059380909523
 -0.18369847411188231
 0.34519391021604329
 0.86393738386991581
 0.98677225365717247
 0.65740811854692949
 0.17920756624578818
 -0.48853519495787168
 -0.86622816469789188
 -0.98602164326815445
 -0.7618765189682617
 -0.17471292102219657
 0.49251475324559779
 0.86850088041626661
 0.99982764492782827
 0.75891061748844191
 0.17021463217652491
 -0.35801914740060525
 -0.87075548362775734
 -0.98445874839776404
 -0.64702319695337762
 -0.16571279352017626
 0.50044297299076146
 0.93726536135324057
 0.94457581101048138
 0.64353447266247155
 0.0085158509884466927
 -0.63040525104876677
 -0.9388476181633828
 -0.94306674230411036
 -0.64003232751865924
 -0.0039492221486906965
 0.63394365677250586
 0.98132503246572256
 0.94153800602658821
 0.51119579255227765
 -0.15340739435657474
 -0.63746884165893469
 -0.94195336044907441
 -0.93998963405957092
 -0.50726554167848714
 0.0051841873744737305
 0.64098073219064022
 0.9434767811546485
 0.98019252618813468
 0.62944609872927793
 0.14315364154996899
 -0.38346563566337838
 -0.8839001337219804
 -0.9792778829548171
 -0.73770965602296679
 -0.13863247807766196
 0.52397452491172358
 0.8860266541137356
 0.99848235643527605
 0.82966251550724124
 0.42712419847488775
 -0.095736315726760557
 -0.70786729603693477
 -0.99561046985879564
 -0.90327160727240496
 -0.42299056154802456
 0.10028104696026842
 0.5953031768677769
 0.92262657540312143
 0.95690944055429616
 0.55267825629644496
 0.048362596540172997
 -0.59896632268215722
 -0.92437830773569063
 -0.95557335273441868
 -0.67014628176077173
 -0.043800730362636646
 0.47360396434939761
 0.92611076224270938
 0.95421733651916474
 0.54504354703316671
 0.039237950724844595
 -0.60625506401228335
 -0.92782390279400195
 -0.95284142018813345
 -0.66333931775948618
 -0.18697249432793983
 0.48162826828313782
 0.862254728491333
 0.99998138620148591
 0.76696871253595067
 0.18248437222101171
 -0.48562539556399231
 -0.86455865896230799
 -0.98657129559318824
 -0.76403033079695037
 -0.32625967769526004
 0.20341932760986636
 0.78048430577675221
 0.99988395123660889
 0.76107601527488455
 0.17349680460094399
 -0.49358918395682855
 -0.9344826169515198
 -0.94713933381100757
 -0.5257592578226381
 0.13655565629267968
 0.62425433944085562
 0.97885109125774172
 0.88487879609434716
 0.38540126954067483
 -0.29069053647477588
 -0.73937491633562791
 -0.99884516116837307
 -0.80058386130778225
 -0.23544639110632265
 0.43758692169752444
 0.91009131831587664
 0.99396695366690557
 0.79783904858190768
 0.2310056126214613
 -0.29941732507672353
 -0.74549348365907853
 -0.98156184064759078
 -0.8784141246596503
 -0.37272368253927118
 0.15462763684080572
 0.74852947834240957
 0.99940963070714672
 0.79229956413757341
 0.22210969556110782
 -0.44986433135439413
 -0.91568318697947149
 -0.99237108747937297
 -0.68645592515687359
 -0.21765474250917091
 0.45393815108493785
 0.91750900165457205
 0.99179772524216159
 0.7866939866963889
 0.35997613844395193
 -0.16814809245020726
 -0.64890448980632387
 -0.98488950883147741
 -0.93478907361285146
 -0.62135568833296584
 0.020117995974901666
 0.65237239211708042
 0.98567011872926791
 0.86727390563586582
 0.35144009166889539
 -0.17714435260911662
 -0.76347403916016077
 -0.99993353074598179
 -0.77816272056647606
 -0.34716102986133418
 0.3297596316796047
 0.85556439312483601
 0.99997575675182881
 0.77528642874904019
 0.1953137511268089
 -0.3340674597427386
 -0.76934084225103916
 -0.98788854908409174
 -0.86037235870082118
 -0.47837805589467242
 0.19061080133807218
 0.77225020750110041
 0.99999764510740319
 0.85803589273615888
 0.33428076207929353
 -0.19509179197758988
 -0.66950638967362874
 -0.9553189832873622
 -0.92470671639000113
 -0.47033764499814956
 0.047501800152673058
 0.67289158612426403
 0.98992156108416685
 0.85330932712526242
 0.46630268430458355
 -0.20404147402606793
 -0.78088143098659768
 -0.99055796071614033
 -0.85091932605111698
 -0.32133775261549763
 0.20850997879023689
 0.78372601472296954
 0.99979116993674422
 0.84851157913180664
 0.31700989307908162
 -0.3597649881427738
 -0.78655425392458278
 -0.99176877315027423
 -0.84608613658067455
 -0.31267542233018686
 0.36402216922112618
 0.87390268411432048
 0.98330788905718081
 0.75169913641832509
 0.30833443076377964
 -0.22188903003718435
 -0.68960567029937603
 -0.96305827746042616
 -0.91393015311384551
 -0.44598370037160123
 0.22633958274977731
 0.69290561951778085
 0.99342983857627187
 0.83870414279906091
 0.29963324743650882
 -0.37674780822172083
 -0.88048012619630167
 -0.99906396941251208
 -0.83620842721902666
 -0.29527323713804587
 0.23522643458328552
 0.80044822951654881
 0.99443364532778944
 0.83369527258828502
 0.43368002019265883
 -0.088504224464064266
 -0.58575655754957578
 -0.91799947121487535
 -0.99163911732655918
 -0.78593098164131869
 -0.21198850245800571
 0.45909998940041041
 0.84904490976058899
 0.99103947981562102
 0.78309912728638964
 0.20752337767997792
 -0.46315219311821709
 -0.92158328696856939
 -0.95768892147117968
 -0.55492330104582444
 -0.051055531542802214
 0.59680504531265743
 0.92334638412697145
 0.98977821361547547
 0.77738648359190921
 0.34600259604254224
 -0.33092527949980316
 -0.76720813014383116
 -0.99998359356096644
 -0.77450581338902247
 -0.34171435165674641
 0.18733909135036172
 0.66361853754937716
 0.95295460567401891
 0.97384043762212691
 0.72039243045416079
 0.26400766539263876
 -0.4108773314811992
 -0.89747336933524535
 -0.97279257706834643
 -0.71721760370946219
 -0.10899318029827681
 0.41503646984552428
 0.89947824164676637
 0.97172442901384048
 0.71402781945683991
 0.25518738245147915
 -0.27554012313034693
 -0.82474019895780748
 -0.99796160082336238
 -0.89005415789296194
 -0.39573941326269363
 0.27992717644922605
 0.73176722055036192
 0.9774661934888772
 0.94780994075947012
 0.52754167927373141
 0.018510126722055167
 -0.62261493107687904
 -0.93535909167438946
 -0.94634402792105321
 -0.64768004358274611
 -0.16656260382129034
 0.49969667838260029
 0.93696457997385907
 0.98380134757385818
 0.64419386011276003
 0.16205795421785563
 -0.36573017458993407
 -0.87479295658324008
 -0.98297245168622671
 -0.75048801991438008
 -0.30658881036181568
 0.2236774077141763
 0.79327973525618889
 0.99311344578741001
 0.91318405167090688
 0.57600790846049943
 -0.076679152360381836
 -0.57609856620207622
 -0.91322924641777392
 -0.9635209932503046
 -0.5722688754972225
 0.08123161321943638
 0.57982529386499893
 0.91508041026796527
 0.99255456754202531
 0.687543920824081
 0.21911586356481605
 -0.31103780472960529
 -0.84516613577390332
 -0.99964284468553211
 -0.87251709724699622
 -0.4996006065460008
 0.014054907842664553
 0.52375111157019172
 0.94637986330795709
 0.93531985772929782
 0.49563946141864407
 -0.018621015841164639
 -0.52763589580741488
 -0.94784529645431592
 -0.97744277563395865
 -0.61894775499252752
 -0.12984163913676627
 0.53150967624598833
 0.94929096237321153
 0.9320494487080756
 0.61535446347816414
 0.12531223791860269
 -0.40003082953286218
 -0.89217673280036824
 -0.97547304664155143
 -0.72543551228183079
 -0.27104056840503038
 0.40421205162844998
 0.89423014886649888
 0.99732901840245536
 0.72228472937476751
 0.11624568987102067
 -0.54306418805411272
 -0.89626491584420609
 -0.97342194446667962
 -0.7191188832853358
 -0.26223782635529558
 0.26851643083041526
 0.72362878561645982
 0.99746922224264523
 0.89335768603351851
 0.40243190678191099
 -0.12271114227330605
 -0.61328608606029378
 -0.97589941772691657
 -0.95011184358475875
 -0.53372825194534723
 0.12724205514016593
 0.61688675308117347
 0.93275256001014872
 0.98585910900799767
 0.65322391081068121
 0.02124182547795625
 -0.62047455498489301
 -0.97785179306862535
 -0.94722344751826693
 -0.52598234640887054
 -0.016675928747218131
 0.62404941694819249
