# Created by Octave 8.4.0, Thu Dec 11 09:47:23 2025 IST <gamana@Samsung>
# name: iq
# type: matrix
# rows: 2048
# columns: 1
 0.99706007033948296
 0.81741217677477895
 0.40749676511192734
 -0.26757933088703667
 -0.72295709950342013
 -0.99739959216031482
 -0.89379434027545168
 -0.40332217000396425
 0.27197672523161615
 0.72610466550790553
 0.9977183133033527
 0.89173695753970295
 0.39913916364882279
 -0.126277206267076
 -0.6161208997466926
 -0.93240144544834269
 -0.94898469904253735
 -0.53068550131166847
 0.13080603864129745
 0.61971144815431445
 0.97764774684509548
 0.88756644408310237
 0.39074826631547099
 -0.28513450973044718
 -0.73545624545231092
 -0.97859770037839833
 -0.94606518067421075
 -0.64702319695337762
 -0.16571279352017626
 0.36227941227075194
 0.87299192731282182
 0.98364649651042202
 0.64353447266247155
 0.0085158509884466927
 -0.50439146910589572
 -0.9388476181633828
 -0.98281373076484568
 -0.74991820004097443
 -0.15669884238927639
 0.50832944618280662
 0.94041029539182541
 0.98196046852828767
 0.63651683455885644
 -0.00061748905173052778
 -0.51225682209534928
 -0.94195336044907441
 -0.93998963405957092
 -0.50726554167848714
 0.0051841873744737305
 0.51617351493844721
 0.9434767811546485
 0.93842165869421512
 0.50332471182795113
 -0.16242620102223765
 -0.75374355922055913
 -0.99964981960557098
 -0.87238892007601454
 -0.49937338518631758
 0.16693057028402239
 0.64796433750803051
 0.98467487951336408
 0.9352270289765664
 0.62232285500886353
 0.13410842343763146
 -0.52785867935254538
 -0.88813469650019505
 -0.97738734773531
 -0.73151281938767621
 -0.12958157197863263
 0.53173182534861707
 0.94937339120327868
 0.93195438336710679
 0.48745724964467341
 -0.1804224147503094
 -0.65833821591201358
 -0.95079812180511336
 -0.97541527964386687
 -0.61154083816441651
 -0.12051985628836237
 0.539444769141321
 0.95220302359858278
 0.92860399486731282
 0.47946219183674782
 -0.18939832058294218
 -0.66518560712459007
 -0.98840003545151311
 -0.9268997341204479
 -0.60428893386840432
 -0.11144808692793674
 0.5471127128822183
 0.95495322397815896
 0.92517614296391726
 0.60064404025869844
 -0.046268180162347322
 -0.67197750908508203
 -0.95629846520908701
 -0.92343325734306048
 -0.4673948212957868
 0.20283232172097065
 0.67535247435899426
 0.95762376292248608
 0.97012949938713156
 0.59331675018393693
 -0.055389785075590392
 -0.55852885519347406
 -0.90432863318207168
 -0.99537626063437679
 -0.70612049614130767
 -0.24431312492717491
 0.286318003155562
 0.8310388742053465
 0.99492723749659617
 0.70287948678186651
 0.23988225937810825
 -0.43347608615063532
 -0.90818935012412527
 -0.99445746524175327
 -0.6996238189346462
 -0.084180028237785337
 0.56984016634588963
 0.96272497207237551
 0.9655365738983589
 0.57851430337155152
 -0.073618372655640751
 -0.69201463713126821
 -0.99328774666866293
 -0.91257282341007628
 -0.57478333593399444
 -0.075075619233675853
 0.44578112974414197
 0.84105996677280404
 0.99940963070714672
 0.79229956413757341
 0.36848215629705672
 -0.15913780551172138
 -0.64192815925744795
 -0.98326668640036863
 -0.8740126725681886
 -0.50225718689379151
 0.1636446553781746
 0.75455457317662888
 0.98408835915254311
 0.93640143507562779
 0.62492735376650566
 -0.01555200480670464
 -0.64890448980632387
 -0.94686250148140771
 -0.93478907361285146
 -0.62135568833296584
 0.020117995974901666
 0.65237239211708042
 0.94832145702324677
 0.93315721720895184
 0.49036363995544646
 -0.17714435260911662
 -0.65582668926092402
 -0.94976063540733258
 -0.93150589989614585
 -0.61417355727376055
 -0.12382663922268553
 0.40140262300969998
 0.81355553479764497
 0.99754851296243552
 0.7244041494288006
 0.11929378837014401
 -0.54048423505083965
 -0.89489933155118495
 -0.99721854071469085
 -0.72124842059896455
 -0.26519862563593694
 0.26555843582412669
 0.81883250830413812
 0.99724628636823809
 0.81598685847420904
 0.40523994382358991
 -0.11966430631801073
 -0.6108587542280044
 -0.97522500136899581
 -0.89268389624526956
 -0.40106078858848004
 0.27435274166173773
 0.82404117545676947
 0.99610387225416208
 0.71169124950496054
 0.10113845243725826
 -0.42220951003176449
 -0.82661975814466226
 -0.99569075802413742
 -0.80799086900373729
 -0.39267747318977064
 0.28312416121273076
 0.82918110175267723
 0.99843452487561368
 0.80529176356133636
 0.24311538503196514
 -0.43047123510003577
 -0.90678977900899604
 -0.96756214780067518
 -0.70200049996152902
 -0.238683157476864
 0.43458867450450844
 0.83425185842333105
 0.99432686171969897
 0.69874087967110676
 0.2342459522062188
 -0.43869705060168168
 -0.91060240870657128
 -0.96521441310367007
 -0.69546668720317029
 -0.22980386175754194
 0.44279627771178393
 0.91248025753890827
 0.99331389873283826
 0.69217799084072595
 0.22535697877023961
 -0.30494778563713076
 -0.74934782322077675
 -0.99945129846568637
 -0.87562672307979927
 -0.50513541329369049
 0.0076540922221998405
 0.51828741647559129
 0.88291758535122433
 0.97970036933262528
 0.62752491551599232
 -0.012220584269222961
 -0.64636586979493948
 -0.98430703928709395
 -0.93596732934851423
 -0.49723192632059321
 0.01678682145707245
 0.64984365241436226
 0.98510263602475268
 0.86892773498615949
 0.49326458698302622
 -0.021352708557315411
 -0.5299548805848584
 -0.88926713679813862
 -0.9768620778668935
 -0.61679945874750275
 -0.12713204761900493
 0.53382203888218283
 0.95014643106409047
 0.93105599571948594
 0.61319848021496159
 -0.030483051619513885
 -0.66019539699024832
 -0.95156044072228874
 -0.92938000440517055
 -0.48130117906661279
 0.18733909135036172
 0.66361853754937716
 0.98807942122423364
 0.85974227639621204
 0.33741898084922123
 -0.33953019398050216
 -0.77303422290095891
 -0.99999420237146885
 -0.8574009664654576
 -0.3331165731995343
 0.34382207474108578
 0.86320055671283991
 0.99996822454106882
 0.85504177551553162
 0.46924743497528859
 -0.20077869665569509
 -0.6738046368887588
 -0.95701774361155723
 -0.92248257337838213
 -0.59500327583703394
 0.053296118647976481
 0.55678839327715213
 0.95833224313326493
 0.92071002898629983
 0.46116253536003488
 -0.05785577811559621
 -0.56057594138886369
 -0.90538014207092266
 -0.96839848471989642
 -0.70436938842955232
 -0.2419172743442409
 0.28868367814973406
 0.83241016300009274
 0.99467573224387973
 0.70112044247044591
 0.23748369154303745
 -0.29305294391531628
 -0.83493216873563958
 -0.99896078384832598
 -0.88157908124133344
 -0.51585384667759693
 -0.0048110008146279
 0.63327693330856272
 0.98115889740638251
 0.87941423751967451
 0.51193627774920858
 -0.15255575148393544
 -0.74713746579205531
 -0.98203096550372526
 -0.94028332926573244
 -0.63365499429213756
 0.0043224101772478462
 0.51543521658228852
 0.88134834107030124
 0.9803628365002256
 0.74136365275471117
 0.29352005345184312
 -0.38266958558590092
 -0.88349676873254213
 -0.97945204940088282
 -0.73829118999497911
 -0.28915143721775538
 0.24144316256866286
 0.80426869762729047
 0.99508772818509117
 0.83014331309076361
 0.4279032614774641
 -0.0948784517431875
 -0.7072583139584484
 -0.99552944227673668
 -0.90364103807373131
 -0.55719418098604745
 0.099423567006865637
 0.71047939542087601
 0.99595039469239666
 0.90167573810932744
 0.5533962596713089
 0.049223357009912677
 -0.46881591634326025
 -0.92404921256713268
 -0.95582701249938995
 -0.54958679732789917
 0.10850748238118077
 0.60192902108653212
 0.92578530777453982
 0.98884503286238323
 0.66739177861806664
 0.040099059340839509
 -0.60556948542610201
 -0.92750209581354159
 -0.98815452014295602
 -0.6639839626954176
 -0.18781901426813521
 0.48087284045658313
 0.86181793492797221
 0.98744339955086657
 0.66056229944760725
 0.18333162083533702
 -0.34554413784565774
 -0.86412526252136512
 -0.9999519177799836
 -0.7645860550062018
 -0.32707418657571408
 0.34982594267411621
 0.77994524803485288
 0.99989670866540481
 0.76163474164534373
 0.1743454575407879
 -0.49283950879051719
 -0.86868580620358304
 -0.99982064679589477
 -0.75866754446120943
 -0.16984687508465524
 0.35836757642181133
 0.87093892718268395
 0.9997237337577165
 0.75568452533440766
