# Created by Octave 8.4.0, Thu Dec 11 09:47:22 2025 IST <gamana@Samsung>
# name: iq
# type: matrix
# rows: 2048
# columns: 1
 0.99706007033948296
 0.8958330830115131
 0.54224716769547932
 -0.11721173552297842
 -0.72295709950342013
 -0.97467563508643473
 -0.89379434027545168
 -0.53840448048633571
 -0.031344426666491253
 0.48454544831307755
 0.9307412043625467
 0.98677225365717247
 0.65740811854692949
 0.17920756624578818
 -0.34947630729317497
 -0.86622816469789188
 -0.99990200276958874
 -0.7618765189682617
 -0.17471292102219657
 0.35375141607369498
 0.78256289391760381
 0.99982764492782827
 0.75891061748844191
 0.31878331613078459
 -0.2111462234393818
 -0.78539783471713998
 -0.99973243577145421
 -0.7559288889967074
 -0.16571279352017626
 0.36227941227075194
 0.78821639611625471
 0.99961637728604458
 0.75293139567673473
 0.1612074989385934
 -0.50439146910589572
 -0.9388476181633828
 -0.94306674230411036
 -0.64003232751865924
 -0.15669884238927639
 0.50832944618280662
 0.8774101499200383
 0.99932172244443662
 0.83972129973922371
 0.4435688105502032
 -0.22896505360363265
 -0.79657321781796253
 -0.99373479575595003
 -0.91095823285371369
 -0.5715619408474234
 0.082090521919315831
 0.58052721149389108
 0.91542760447624616
 0.96205395684648265
 0.68691788519972474
 0.21827493776079607
 -0.45337183085077554
 -0.84562645019083471
 -0.99187874960179634
 -0.78708613347960132
 -0.21381607161106853
 0.45743750616528306
 0.91906542379149492
 0.99128758100646241
 0.68025173333747047
 0.057483207986331115
 -0.46149364166221007
 -0.92085560177722303
 -0.95822557211480941
 -0.55647836159153252
 -0.052923454120163547
 0.5953031768677769
 0.97072572039354965
 0.95690944055429616
 0.67352883541892117
 0.048362596540172997
 -0.59896632268215722
 -0.9718124784500537
 -0.89931510730645936
 -0.54886662494658134
 0.10936414063460427
 0.60261697710835183
 0.97287896944569174
 0.89730870389519868
 0.54504354703316671
 -0.11390231364833965
 -0.7206512132819296
 -0.99715393876895353
 -0.81670014042814298
 -0.40636866435859498
 0.11843811123967478
 0.60988050752199152
 0.97495106171121826
 0.89323979943204135
 0.53736337067249562
 -0.1229714388149704
 -0.72695326304485031
 -0.9759566197678079
 -0.95003000237158464
 -0.65647701852210572
 -0.17799244441910247
 0.35063314737503665
 0.78048430577675221
 0.99047064063879786
 0.8512529665268137
 0.46282140941885924
 -0.055988358703845706
 -0.67915351091042064
 -0.99108925768113243
 -0.91965447150011992
 -0.58915019910744659
 0.06054731728429652
 0.56280668962743263
 0.90652169075643541
 0.99486675030193172
 0.70245292795551217
 0.088132491563609597
 -0.43401626026004414
 -0.83390129996400719
 -0.9943942548903667
 -0.80022448225587572
 -0.38062901780274139
 0.14619080877256765
 0.74284342228831535
 0.99908004304739784
 0.79747748196428803
 0.23042228230537098
 -0.44222640802835655
 -0.83890731960218134
 -0.99926546539418393
 -0.87812746374023176
 -0.37216731045212564
 0.15521990264824989
 0.63888119294273482
 0.98253623478184693
 0.93936212190982626
 0.5056837509888833
 -0.0070186351243288854
 -0.6423877224089799
 -0.98337572251258365
 -0.93778628091338123
 -0.62801956676063164
 -0.14133781382581198
 0.52164543106267169
 0.88475658864781193
 0.99862910069091138
 0.73646992327589755
 0.28656929572213435
 -0.38936960356123135
 -0.80586807279352213
 -0.99837964680481783
 -0.73337300308974884
 -0.28219113174004168
 0.39357185195279359
 0.88897629886156937
 0.97699778963959916
 0.73026078847632114
 0.27780708268757176
 -0.2529057306336317
 -0.71237422369576531
 -0.97116471230884116
 -0.90050656061068934
 -0.55114847945818168
 0.106647885100269
 0.71557170856524011
 0.97224333165312371
 0.89851137326958597
 0.41302690829119881
 -0.11118743406544458
 -0.71875427025180472
 -0.99694422685007722
 -0.89649744755550087
 -0.40886361669740878
 0.11572466422679378
 0.60771295218366916
 0.92850663698750324
 0.98773715340256729
 0.76871908322971561
 0.33315048880552711
 -0.3437882972126497
 -0.77590042571686879
 -0.99996851064241199
 -0.85506042765754497
 -0.46927919879232782
 0.20074345876300026
 0.67377805770053945
 0.99009064908208233
 0.8526835451500393
 0.32452503005875494
 -0.35235057260061453
 -0.86775773336314854
 -0.99985432172435307
 -0.7598847751608806
 -0.32020210376883135
 0.35662073253939414
 0.8700182802033074
 0.99976594875481661
 0.75690822893261911
 0.16718916734334063
 -0.36088345518522658
 -0.78729410116229492
 -0.99965672575733444
 -0.84544640193264708
 -0.31153630812522931
 0.36513865163940556
 0.87448489466216361
 0.99952665500974269
 0.84299868999530825
 0.30719361949593094
 -0.36938623316022245
 -0.87669086913002936
 -0.98224247935955056
 -0.74788412868125476
 -0.15366656742847584
 0.3736261111647376
 0.79566716792130066
 0.99356634228954255
 0.8380505755510308
 0.44081575119861865
 -0.080598222732407257
 -0.69705133323988455
 -0.96578927795253033
 -0.96246141992976164
 -0.68800522698678646
 -0.21973585073413712
 0.45203678212348919
 0.8448263018309673
 0.99962566030275579
 0.78800882612502365
 0.36196507827028734
 -0.31477163936862168
 -0.75614960898846761
 -0.98451791381517395
 -0.93554450172266268
 -0.62302533315261921
 0.017985648096398261
 0.650754512543403
 0.94764255991038049
 0.97757679069033354
 0.61944675186580489
 0.13047170763585367
 -0.39525761693508338
 -0.88981490952982212
 -0.97660494362994621
 -0.72900630000091904
 -0.27604434499882413
 0.39944833561707799
 0.89188951756697665
 0.99769548936931174
 0.7258727564103723
 0.12141102097190457
 -0.53868862145428353
 -0.89394552532936078
 -0.99737523200663469
 -0.81984127578264621
 -0.26725439117702826
 0.26350167441270839
 0.81760638753376536
 0.99708585282110707
 0.81721787306131521
 0.40718878950252729
 -0.26790424016846759
 -0.82022726859247486
 -0.99742383889171715
 -0.89364305358104223
 -0.53812027829209996
 -0.03100736960251144
 0.61278402605769577
 0.93086446592366345
 0.98671752975550331
 0.65715397345424653
 0.026442536515764517
 -0.61638647735605456
 -0.97674975441813594
 -0.8895069447213011
 -0.39463800471769866
 0.13114035477173422
 0.61997607397048027
 0.97771859182372267
 0.94742697280711508
 0.52652270811644564
 -0.13566625401455998
 -0.73568469520097368
 -0.9786670389969816
 -0.88529663390267133
 -0.52263478249728768
 -0.012745109367646898
 0.62711640397435597
 0.97959507615814501
 0.88316376227426374
 0.38201314970538847
 -0.29419909994775784
 -0.83559144587430434
 -0.99901471413331877
 -0.7983799583331106
 -0.231878994448591
 0.29856063441505654
 0.74489481655070955
 0.98138984345368674
 0.87884280898254086
 0.37355659917449718
 -0.15374061493672009
 -0.63772862612896031
 -0.94206652672674507
 -0.98102139639313612
 -0.74361952882577431
 -0.29673775849055872
 0.23373594883195828
 0.79952826721899239
 0.99892815261664103
 0.74055846159663596
 0.29237364760094314
 -0.3837770560290073
 -0.80226282355669942
 -0.99870635429799859
 -0.73748195008814421
 -0.13829850545761893
 0.38799006792188778
 0.88618295094858357
 0.97827295958773519
 0.62205885630624247
 -0.019220412485174646
 -0.52814506197965061
 -0.88828962711363857
 -0.99820027893006624
 -0.73128285119524605
 -0.12924718682223069
 0.39639172952169083
 0.89037777807928542
 0.99791601243492889
 0.72816039309250258
 0.12471743714137844
 -0.40058020401269867
 -0.8924473602973515
 -0.99761093449210159
 -0.72502274927095844
 -0.27046345643873931
 0.26028622188069594
 0.81568351013060969
 0.996826148420485
 0.8971598023399584
 0.54476078736602618
 -0.11423733350010555
 -0.72088496686581061
 -0.97400162091040132
 -0.89513330545907011
 -0.4060605193418762
 0.11877295193178608
 0.61014771823920522
 0.97502601079265327
 0.8930881406545097
 0.40188301863227083
 -0.27348932174976931
 -0.82353223714346102
 -0.99618264199878725
 -0.71232163022430739
 -0.10203156538250441
 0.5550155623611589
 0.95772083556631227
 0.97004763859141163
 0.70910904562404031
 0.24841225888832305
 -0.28226302332939512
 -0.73342394586459891
 -0.9779770926331931
 -0.94703109187740431
 -0.6493035269555244
 -0.1686651663634062
