# Created by Octave 8.4.0, Thu Dec 11 09:47:23 2025 IST <gamana@Samsung>
# name: iq
# type: matrix
# rows: 2048
# columns: 1
 0.99706007033948296
 0.81741217677477895
 0.2631763561998442
 -0.41166286191191009
 -0.82003431881388944
 -0.99739959216031482
 -0.89379434027545168
 -0.53840448048633571
 -0.031344426666491253
 0.48454544831307755
 0.86393738386991581
 0.98677225365717247
 0.7648265315825612
 0.32742682899836506
 -0.20221001589228241
 -0.77971163284007661
 -0.9902997991842033
 -0.85190037886372305
 -0.46391580451806957
 0.054755275299491701
 0.67824652386242867
 0.99092400356524601
 0.84949989429398942
 0.31878331613078459
 -0.35801914740060525
 -0.87075548362775734
 -0.99973243577145421
 -0.7559288889967074
 -0.16571279352017626
 0.36227941227075194
 0.87299192731282182
 0.99961637728604458
 0.84464582685674738
 0.31011321061357677
 -0.36653212183670031
 -0.79101851933410983
 -0.99947947189198894
 -0.84219234522037123
 -0.30576841154300655
 0.22451727661408843
 0.79380414593267479
 0.9932140410785969
 0.83972129973922371
 0.30141723570001927
 -0.22896505360363265
 -0.69484718481991314
 -0.99373479575595003
 -0.8372327419467338
 -0.43947131954170243
 0.23340805554780536
 0.69812411955698905
 0.99423482618450487
 0.90906497418168908
 0.43536466339879998
 -0.086640958364850085
 -0.70138649497904204
 -0.99471412193617259
 -0.83220329738643806
 -0.28832635562389775
 0.38767924157623307
 0.80478052944019018
 0.99848235643527605
 0.82966251550724124
 0.42712419847488775
 -0.24670748503358705
 -0.80748280845543519
 -0.99561046985879564
 -0.90327160727240496
 -0.42299056154802456
 0.10028104696026842
 0.5953031768677769
 0.97072572039354965
 0.90130275558293516
 0.55267825629644496
 -0.10482368684166825
 -0.59896632268215722
 -0.9718124784500537
 -0.89931510730645936
 -0.54886662494658134
 -0.043800730362636646
 0.47360396434939761
 0.85759296924080952
 0.99999540351778604
 0.86069606453987113
 0.33917914848910674
 -0.18998693966562338
 -0.77184632306809275
 -0.99999882230188708
 -0.76989109921219223
 -0.18697249432793983
 0.48162826828313782
 0.92951769366217263
 0.9514456324359305
 0.6599150493749707
 0.030110031711012196
 -0.61349323202917039
 -0.9759566197678079
 -0.95003000237158464
 -0.53350643239463069
 -0.025545082696878618
 0.61709316219078447
 0.9328470854580132
 0.98581512268540761
 0.76107601527488455
 0.32193945930560336
 -0.20788843009190797
 -0.78333115921436058
 -0.99980395440413061
 -0.75810582758173006
 -0.1689975465227028
 0.49755567898470887
 0.93609865989502394
 0.94566435559940187
 0.64608106957776812
 0.011847420072184065
 -0.62781543718359556
 -0.9376951805861069
 -0.94416965564365596
 -0.51796822483325666
 0.14559771938948285
 0.63136344189249582
 0.93927214572946993
 0.94265526511560149
 0.63908294668798704
 0.0027142508996653475
 -0.509392575397842
 -0.87800195033943063
 -0.98172620227317298
 -0.74606759889611551
 -0.15096620933205945
 0.51331707035921126
 0.88017868087772855
 0.9808469264002444
 0.74301898606732286
 0.14645026886832396
 -0.38038646433654111
 -0.80006716347485207
 -0.99436648797780181
 -0.83404602882728585
 -0.29151500094968152
 0.23904554590989419
 0.70226622907149605
 0.96765636088201856
 0.90663238476110664
 0.4301343611309012
 -0.092419350775549594
 -0.70551000982053125
 -0.9687983227001733
 -0.90469613978273211
 -0.55924348713722538
 0.096965548000683841
 0.70873907722246843
 0.99572529684553057
 0.9027410274486326
 0.55545184092149236
 0.051690166626058617
 -0.59629502905811249
 -0.97102161033957579
 -0.90076708853249832
 -0.55164861080812788
 -0.047129026907081685
 0.59995480435262905
 0.92484871853944095
 0.98920991118715429
 0.77490763686045938
 0.34231150373757346
 -0.18671483023342564
 -0.66314302366827793
 -0.98798139365844539
 -0.86006665733274223
 -0.47785151315373381
 0.038975868375956735
 0.54482362820236752
 0.89719290039186705
 0.99682017986520099
 0.71766028860472586
 0.26021386615355924
 -0.41445822861210652
 -0.89920037971003641
 -0.99644589250719506
 -0.8129895401913837
 -0.40051154007206008
 0.27492919280489736
 0.82438066428653922
 0.99792084509802448
 0.81032196923136679
 0.25138433026619494
 -0.27931705123175316
 -0.73133396242559634
 -0.99820477003535257
 -0.80763749908038651
 -0.39212605309391713
 0.13384850513027419
 0.73444091888983309
 0.9782884930647664
 0.9465491972583544
 0.52419790220779638
 0.01457942004615246
 -0.49914612947357034
 -0.87226068289134251
 -0.99965672575733444
 -0.75391589745208354
 -0.16268499548422688
 0.36513865163940556
 0.87448489466216361
 0.99952665500974269
 0.75090784312405601
 0.15817743084431238
 -0.36938623316022245
 -0.87669086913002936
 -0.99937573922465328
 -0.74788412868125476
 -0.15366656742847584
 0.3736261111647376
 0.79566716792130066
 0.99356634228954255
 0.9115748296758901
 0.44081575119861865
 -0.23195188933175362
 -0.69705133323988455
 -0.96578927795253033
 -0.96246141992976164
 -0.68800522698678646
 -0.21973585073413712
 0.45203678212348919
 0.91665869474579109
 0.99206806997202313
 0.78800882612502365
 0.21527846681165561
 -0.31477163936862168
 -0.75614960898846761
 -0.98451791381517395
 -0.93554450172266268
 -0.49619128868304263
 0.17054692241431579
 0.75913017088655255
 0.98530811818671238
 0.9339217455717761
 0.61944675186580489
 0.13047170763585367
 -0.53097128912241753
 -0.94909097831870182
 -0.93227951256782382
 -0.61585525207328862
 -0.12594267756543712
 0.534835532261557
 0.89188951756697665
 0.97561272956226286
 0.7258727564103723
 0.12141102097190457
 -0.40363072384035797
 -0.89394552532936078
 -0.99737523200663469
 -0.72272407480947987
 -0.11687683236262683
 0.5425304763448201
 0.95331735554538732
 0.92723629695034715
 0.60500399200341626
 0.11234020629758215
 -0.54636101681158478
 -0.95468642402066628
 -0.92551650307139577
 -0.47221868416594392
 0.045371365888891541
 0.67131238493471701
 0.95603558259739696
 0.9237774076299472
 0.59770660638150441
 0.10326002029297376
 -0.55398783516922856
 -0.9573648031389832
 -0.97034689319511946
 -0.70997928631879803
 -0.24960833620042683
 0.42441466144202417
 0.9039450729211691
 0.96923292646253989
 0.59035936055186145
 -0.059052735788742081
 -0.56156844030411857
 -0.95996331965004555
 -0.91844467662543139
 -0.58666723142977939
 -0.089623827187757507
 0.5653412151459779
 0.90781321933218118
 0.99455145437254244
 0.80112149333480798
 0.23631881496075158
 -0.29419909994775784
 -0.83559144587430434
 -0.99901471413331877
 -0.7983799583331106
 -0.37778881381560825
 0.1492265986468464
 0.74489481655070955
 0.99920696820001331
 0.87884280898254086
 0.37355659917449718
 -0.30291594242750181
 -0.84057399342575734
 -0.9930299656656284
 -0.79284699542711268
 -0.36931659404445405
 0.30726493315548692
 0.75095733059333059
 0.9831027439923048
 0.87444854332560251
 0.36506888685045302
 -0.31160751590123287
 -0.75396512742134258
 -0.99965868631257737
 -0.87222403267404025
 -0.49908119296237063
 0.014654350036806126
 0.64822115199523045
 0.94657336656161561
 0.93510758318871434
 0.49511868617650917
 -0.019220412485174646
 -0.52814506197965061
 -0.88828962711363857
 -0.99820027893006624
 -0.82691484959557615
 -0.42268497007417344
 0.10061656235602887
 0.5955741004690619
 0.92275658720024012
 0.95681146172407272
 0.55239718669227666
 -0.10515904404881884
 -0.71452501113115185
 -0.9964522021328357
 -0.89916758903474137
 -0.54858470737123244
 -0.043463830529603772
 0.47390094072350675
 0.92623792677698591
 0.95411641469722341
 0.66649838973862252
 0.038900987211602449
 -0.60652321135819354
 -0.92794963970399535
 -0.98796980750470442
 -0.76967584934310729
 -0.33456184298063663
 0.34238191350790442
 0.7749550010800943
 0.98922088721011936
 0.85583584132014823
 0.33025481062593198
 -0.19927645160890187
 -0.77783315318496116
 -0.9999394412608994
 -0.85346479989839097
 -0.32594089083721095
 0.35094893923134723
 0.78069508365013429
 0.99987875705686646
 0.76085722933077538
 0.32162017358082473
 -0.3552215182091768
 -0.86927912638004867
 -0.99979722047228137
 -0.75788587203879176
 -0.31729274896499249
