# Created by Octave 8.4.0, Thu Dec 11 09:47:23 2025 IST <gamana@Samsung>
# name: iq
# type: matrix
# rows: 2048
# columns: 1
 0.99706007033948296
 0.71979445629436789
 0.11267528621267162
 -0.41166286191191009
 -0.82003431881388944
 -0.99669975492155383
 -0.81477298767905471
 -0.25876789299367536
 0.41582037352034329
 0.89985447880301794
 0.99631865342087256
 0.71342420240216764
 0.10359543274975808
 -0.55370705885596561
 -0.9018370479926181
 -0.99591677378527643
 -0.710216724570086
 -0.24993486888935224
 0.28075440618218883
 0.82779791753061049
 0.9982933274023793
 0.80675369022336518
 0.39074826631547099
 -0.28513450973044718
 -0.73545624545231092
 -0.97859770037839833
 -0.94606518067421075
 -0.64702319695337762
 -0.013082302230897626
 0.62685369828083859
 0.93726536135324057
 0.98364649651042202
 0.75293139567673473
 0.31011321061357677
 -0.22006481733715735
 -0.79101851933410983
 -0.99267257301273648
 -0.9146877172569069
 -0.44765705097149988
 0.072984607991762596
 0.69155575910797984
 0.9932140410785969
 0.91283249357463192
 0.57530323197111466
 0.07570928483461975
 -0.44521220012329865
 -0.84071604235180275
 -0.99299901827171977
 -0.69022950739697697
 -0.22272925180653891
 0.44929670050794807
 0.84318003849283296
 0.99953697267526553
 0.87432127497765744
 0.50280659161546182
 -0.1630177147739201
 -0.75413739896883958
 -0.99966550404728993
 -0.78708613347960132
 -0.36056893869878703
 0.31619243755180926
 0.8480552264261183
 0.99977318748613397
 0.78426098528443078
 0.20935274634661827
 -0.46149364166221007
 -0.85046631654676685
 -0.99067573919877039
 -0.78141948139773487
 -0.3520349582153795
 0.32484398121003566
 0.85285967026973009
 0.99004323693862828
 0.67352883541892117
 0.20041309089354509
 -0.46957695504264702
 -0.85523523768182264
 -0.99997112992048121
 -0.86301208685108277
 -0.34347161125692577
 0.18550142810862433
 0.6622181460394142
 0.98778974619014315
 0.92838136871562715
 0.47893600348116838
 -0.18998693966562338
 -0.77184632306809275
 -0.99999882230188708
 -0.85836209249050632
 -0.33487961217098988
 0.34206505440574203
 0.77474182782419287
 0.99998138620148591
 0.85601021937775568
 0.33057309196900747
 -0.34635271246754379
 -0.86455865896230799
 -0.98657129559318824
 -0.65647701852210572
 -0.17799244441910247
 0.35063314737503665
 0.86684455914106351
 0.99988395123660889
 0.8512529665268137
 0.32193945930560336
 -0.35490626986012647
 -0.86911238135537339
 -0.99980395440413061
 -0.84884768600070171
 -0.458768420102943
 0.06054731728429652
 0.68249837391928281
 0.96038166485395848
 0.91785140651800046
 0.45470586321335715
 -0.065105013155937183
 -0.68582900348661102
 -0.96164433703970265
 -0.96656151042960048
 -0.69919534082601087
 -0.083582637076471816
 0.57033270963107596
 0.96288695422024306
 0.96538036905262048
 0.57802520069364793
 0.079031039481038554
 -0.44222640802835655
 -0.91222008763525775
 -0.96417909475583619
 -0.5742926551933929
 -0.074477793700477926
 0.44631769078305872
 0.84138411242655475
 0.99943004815055925
 0.79193364505529973
 0.36792477034572635
 -0.15972964099951256
 -0.6423877224089799
 -0.94408321150734609
 -0.93778628091338123
 -0.5017386946196043
 0.011585155087853634
 0.64588085493770186
 0.94557904321004638
 0.93619088246932725
 0.49778317453547566
 -0.016151433444036755
 -0.52553613306817071
 -0.88687569161064339
 -0.97796144940880547
 -0.73337300308974884
 -0.28219113174004168
 0.24848484721087891
 0.80856359383003795
 0.99810937180197989
 0.82607197240836805
 0.27780708268757176
 -0.2529057306336317
 -0.71237422369576531
 -0.99618918079676655
 -0.90050656061068934
 -0.41718158624638879
 0.25732133973037058
 0.71557170856524011
 0.97224333165312371
 0.95503102527647488
 0.54733224038238693
 0.041967936110490878
 -0.47521886452547285
 -0.92680126506087157
 -0.95366701163178647
 -0.66538142519188515
 -0.18965584981998099
 0.33949636032895242
 0.77301140416510317
 0.99999432420953505
 0.85741947795759588
 0.33315048880552711
 -0.3437882972126497
 -0.77590042571686879
 -0.98943902375805948
 -0.85506042765754497
 -0.46927919879232782
 0.048699420167262614
 0.55295926305115228
 0.95700731056670041
 0.92249645868675645
 0.59503218556979909
 -0.053260199497821945
 -0.6771455249584406
 -0.99072162615565063
 -0.92072406568307263
 -0.59135571103587237
 -0.095400638252584768
 0.56054615396318941
 0.90536486845262365
 0.99513952175078968
 0.80458031858614487
 0.38736837114448691
 -0.28864923917442065
 -0.73793727806691978
 -0.99874042183395029
 -0.88374237340992023
 -0.38315417169083399
 0.29301855271703736
 0.74101151269808929
 0.99895914375123918
 0.79912299636577122
 0.23308013572095032
 -0.43977420553022362
 -0.91109728423998393
 -0.99369705014212939
 -0.69460463034444542
 -0.22863677800280582
 0.30173875618225021
 0.83990436892725195
 0.9931747655467954
 0.69131213729148444
 0.072648282209853754
 -0.44795857031246838
 -0.84237411919693606
 -0.99949029421725744
 -0.790812165192052
 -0.3662183487781972
 0.16154030008025003
 0.7531532776590677
 0.98370717741206704
 0.87282740331773245
 0.50015098889807286
 -0.16604534267755786
 -0.64728028114969927
 -0.98451791381517395
 -0.87058961707697269
 -0.49619128868304263
 0.017985648096398261
 0.650754512543403
 0.98530811818671238
 0.9339217455717761
 0.61944675186580489
 0.13047170763585367
 -0.53097128912241753
 -0.88981490952982212
 -0.99799493988328547
 -0.82503673372531272
 -0.27604434499882413
 0.39944833561707799
 0.89188951756697665
 0.99769548936931174
 0.7258727564103723
 0.12141102097190457
 -0.53868862145428353
 -0.89394552532936078
 -0.99737523200663469
 -0.72272407480947987
 -0.26725439117702826
 0.4078046943816232
 0.89598288993909425
 0.99703417447419029
 0.7195603208637491
 0.11234020629758215
 -0.41197016019304566
 -0.89800156890714844
 -0.99667232388470672
 -0.8145774273355405
 -0.25844214320731507
 0.27230121880568781
 0.82283104388607065
 0.99774102377887197
 0.89158429610588674
 0.39882994629126045
 -0.27669251862572475
 -0.72946779440294807
 -0.99803740086770543
 -0.80924562749002904
 -0.39463800471769866
 0.13114035477173422
 0.73258388378708994
 0.97771859182372267
 0.88741104275028515
 0.39043783300440948
 -0.13566625401455998
 -0.62355274104028446
 -0.93578250779400085
 -0.94595587526113267
 -0.52263478249728768
 0.14018932395002348
 0.62711640397435597
 0.97959507615814501
 0.94446504989139402
 0.64327632135886925
 0.16087467946475087
 -0.50468262234372585
 -0.93896368106054662
 -0.94295452778891731
 -0.63977318806970362
 -0.15636577838437321
 0.50861981940315182
 0.87757187876108522
 0.99930924739545157
 0.83953813505979158
 0.30109568094123251
 -0.22929330316701357
 -0.79677703679194523
 -0.99377242836424529
 -0.91081907787510319
 -0.57128519866632965
 0.082426600067351322
 0.69836552224373061
 0.9942709280307731
 0.83454098068776961
 0.43506105404562229
 -0.086976906331164811
 -0.7016268198592065
 -0.96742949194927785
 -0.9607043079886981
 -0.68334577293270737
 -0.21348663706973042
 0.31651233945367091
 0.84823387425093655
 0.99124310746588995
 0.68000451891008395
 0.057146541344009039
 -0.59189945380494535
 -0.96970115421624037
 -0.90312686476827797
 -0.42268497007417344
 0.10061656235602887
 0.71132264799552403
 0.97080666254414638
 0.95681146172407272
 0.67327953654496719
 0.048025767413371868
 -0.5992363264894498
 -0.92450689724225354
 -0.98934103856410838
 -0.77547477392715181
 -0.19560625154617511
 0.33378632655868862
 0.85776636300026632
 0.99999636910856871
 0.77258336771307723
 0.19112572350826018
 -0.33808764542683351
 -0.77206068735916977
 -0.98854186490453733
 -0.92654776616293766
 -0.47462533683833424
 0.042641774270994789
 0.66928481552472607
 0.95523078406663564
 0.97208530999528753
 0.59989484973093987
 -0.047203881500806025
 -0.672670926025842
 -0.95657193676094487
 -0.92307337556835656
 -0.46656650589086629
 0.051765004297932744
 0.55551415395589532
 0.95789314023449235
 0.92130728613903012
 0.4625224530463129
 -0.20821827182906286
 -0.78354073279034975
 -0.99113411896468162
 -0.91952198293002108
 -0.58887768312041511
