# Created by Octave 8.4.0, Thu Dec 11 09:47:23 2025 IST <gamana@Samsung>
# name: iq
# type: matrix
# rows: 2048
# columns: 1
 0.99706007033948296
 0.8958330830115131
 0.40749676511192734
 -0.26757933088703667
 -0.82003431881388944
 -0.99669975492155383
 -0.81477298767905471
 -0.25876789299367536
 0.41582037352034329
 0.89985447880301794
 0.97152058492562143
 0.59797692748566744
 0.10359543274975808
 -0.55370705885596561
 -0.9018370479926181
 -0.9704283499248888
 -0.59431041673833829
 -0.099052217956670074
 0.55750403353697353
 0.95857806179479299
 0.92037337700240041
 0.46039768712535095
 -0.058716099949635919
 -0.56128938152206265
 -0.90574572222887484
 -0.96818318853898067
 -0.7037574015908532
 -0.08995968598691377
 0.43236283667164604
 0.83288742170822871
 0.99458655204620394
 0.80132327513146184
 0.23664647091041779
 -0.29387678624149521
 -0.74161405106639489
 -0.99899969140049327
 -0.88117195914959878
 -0.51511538248430411
 0.14889314503908596
 0.63394365677250586
 0.98132503246572256
 0.94153800602658821
 0.51119579255227765
 -0.15340739435657474
 -0.7477099918286475
 -0.99936643867810504
 -0.87681701130020206
 -0.36962995372724544
 0.15791844437680813
 0.75073460377554946
 0.98304095823534621
 0.87461208566586512
 0.36538281225045838
 -0.3112870671345041
 -0.75374355922055913
 -0.98386817811504812
 -0.87238892007601454
 -0.49937338518631758
 0.16693057028402239
 0.75673679541218208
 0.99976024002897124
 0.78463279521646101
 0.35686575795358699
 -0.17143145822393704
 -0.65143590665126416
 -0.94792886150570133
 -0.93360044124798824
 -0.61874172821212581
 -0.12958157197863263
 0.39608211065021354
 0.81016824749014416
 0.99602750333649714
 0.90130275558293516
 0.4188481031914722
 -0.25554820013760671
 -0.71428904737035315
 -0.99642376475119299
 -0.82193656840597684
 -0.27078809389396219
 0.40445193887085795
 0.81548838195195372
 0.99679924583888657
 0.89730870389519868
 0.54504354703316671
 -0.11390231364833965
 -0.60625506401228335
 -0.92782390279400195
 -0.9880219015039563
 -0.66333931775948618
 -0.18697249432793983
 0.48162826828313782
 0.92951769366217263
 0.9514456324359305
 0.6599150493749707
 0.18248437222101171
 -0.48562539556399231
 -0.93119209952337212
 -0.95003000237158464
 -0.65647701852210572
 -0.025545082696878618
 0.61709316219078447
 0.9328470854580132
 0.98581512268540761
 0.65302529690071753
 0.17349680460094399
 -0.35490626986012647
 -0.86911238135537339
 -0.98503839069289045
 -0.75810582758173006
 -0.1689975465227028
 0.49755567898470887
 0.93609865989502394
 0.98424111581431162
 0.75511982966047653
 0.164494764015997
 -0.50151179753412556
 -0.9376951805861069
 -0.98342331467676902
 -0.75211808378384382
 -0.15998855098596032
 0.50545745710063528
 0.93927214572946993
 0.98258500433542573
 0.63908294668798704
 0.0027142508996653475
 -0.63489827957422962
 -0.98156184064759078
 -0.94112121559772
 -0.51013398334824778
 0.15462763684080572
 0.6384198765100676
 0.98242450771086454
 0.93956753908246515
 0.63203151200921293
 -0.0064191446934956159
 -0.64192815925744795
 -0.94388538104184005
 -0.97994719505386085
 -0.73995487764514356
 -0.29151500094968152
 0.23904554590989419
 0.80279843518809202
 0.9986603018114758
 0.73687533753128009
 0.13740931956298558
 -0.38881734154671543
 -0.88659855654745923
 -0.97808644142219958
 -0.73378042994926174
 -0.13288449926953011
 0.39302066094081484
 0.88870159436007923
 0.9981460396596723
 0.82640968317723063
 0.27838293835848393
 -0.25232567056790139
 -0.81089157050291494
 -0.99785768142665632
 -0.82382969408846374
 -0.2739938510167535
 0.25674197731389409
 0.71515280292566097
 0.99652735636496814
 0.89877436420064549
 0.4135728135876256
 -0.26115292972931092
 -0.8162025324656873
 -0.99721854071469085
 -0.72124842059896455
 -0.11475844965649423
 0.544320815873372
 0.95395920953976465
 0.92643552890997793
 0.47436279684291277
 -0.042939754312555034
 -0.66950638967362874
 -0.98926451672805937
 -0.92470671639000113
 -0.5996561969540295
 -0.10568068703210141
 0.41806539666547804
 0.90092910367995849
 0.99610387225416208
 0.71169124950496054
 0.10113845243725826
 -0.42220951003176449
 -0.90290150563228622
 -0.99569075802413742
 -0.80799086900373729
 -0.39267747318977064
 0.28312416121273076
 0.73403391999699508
 0.97816407143006301
 0.88642587904608383
 0.52470834344777251
 0.015178857643599331
 -0.62521865425110601
 -0.97910298922187333
 -0.9452620882248215
 -0.64513795681808295
 -0.16327648362920538
 0.5025798571863066
 0.93812356967355703
 0.94376206025673304
 0.64164196467474266
 0.0060459607215172474
 -0.63232066979907131
 -0.98091954833887085
 -0.94224235021670077
 -0.63813259114658893
 -0.0014792755109328095
 0.5104549277021273
 0.87859241165578594
 0.98149043871780584
 0.74524469498226609
 0.29906123418645231
 -0.23136869382886627
 -0.69662135093078159
 -0.99400781605094846
 -0.9099366016055852
 -0.56953345471323735
 -0.068690986243704441
 0.58253657800469949
 0.96681048611430065
 0.90803308413177553
 0.56577382933686404
 -0.089101359923037027
 -0.58624234246306972
 -0.96796717331094617
 -0.96011013199408302
 -0.56200240479872954
 -0.059576378176591699
 0.45963249696403663
 0.92003604147862239
 0.99095922642125844
 0.78272615692098302
 0.20693688761713588
 -0.4636834374954496
 -0.92181583720699822
 -0.95751620892136058
 -0.55442447309244725
 0.10273824425630476
 0.71282005550396421
 0.99624440493583688
 0.90023004765829273
 0.55061812396139964
 -0.107279713530316
 -0.71601546775071334
 -0.97239181851561129
 -0.8982322503103175
 -0.54680029173942457
 0.111818945495629
 0.71919594755999483
 0.97344733857658416
 0.95347562768427552
 0.66490690711661848
 0.18903187081461517
 -0.34009402346415307
 -0.86119087502127423
 -0.98763773994962689
 -0.66148898157258573
 -0.032205778434699808
 0.48379140646894586
 0.86350306785080355
 0.99996326570703487
 0.76538144192408231
 0.32824098959001718
 -0.34866873046273772
 -0.77917174513612353
 -0.99991369601748914
 -0.85235138363122587
 -0.32392388406459971
 0.35294522144878099
 0.78202607935758106
 0.9908077913786828
 0.92047590867298401
 0.59084313838376756
 0.094768043247161982
 -0.5610722916725851
 -0.95979521066420526
 -0.96824878958938965
 -0.58715262114053235
 0.063012554892090303
 0.68430154950322508
 0.99200199459009886
 0.91686822237936105
 0.45250463239040833
 -0.067569528206502957
 -0.56860914539770646
 -0.9623189105935428
 -0.91503567851806067
 -0.44842749913276869
 0.072125092364577786
 0.57235982405592067
 0.91135903725470646
 0.99362561351995793
 0.69414733525730998
 0.22801809023772057
 -0.30234455038368657
 -0.84024909304288897
 -0.99310044604073633
 -0.79321220308449691
 -0.36987364886653651
 0.15765944704572057
 0.64077939301056042
 0.98299282535971388
 0.87473921650293274
 0.36562694772596338
 -0.16216739538656585
 -0.64427868567325608
 -0.98382122316867648
 -0.93692582017353565
 -0.4996006065460008
 0.014054907842664553
 0.52375111157019172
 0.88590502024865936
 0.99849676667961451
 0.82980891045096694
 0.28420205879244498
 -0.39164344489493441
 -0.80732806228184006
 -0.99823605081354361
 -0.73169162602727844
 -0.12984163913676627
 0.53150967624598833
 0.94929096237321153
 0.9320494487080756
 0.61535446347816414
 0.12531223791860269
 -0.40003082953286218
 -0.8126839849710944
 -0.99765217058657929
 -0.82208593102390259
 -0.27104056840503038
 0.2597073351704795
 0.81533655147607031
 0.99732901840245536
 0.72228472937476751
 0.26664197777726245
 -0.26411463704382998
 -0.72046934828005249
 -0.97386563363520129
 -0.95292098208008913
 -0.54142963429734614
 0.11817767027670485
 0.72362878561645982
 0.97489269133026779
 0.89335768603351851
 0.53758454875979766
 0.030372194738322415
 -0.61328608606029378
 -0.9310964577822689
 -0.98661410065177779
 -0.76419952433889138
 -0.17825053310852398
 0.35038750391824242
 0.78032030606800395
 0.99043448389922084
 0.8513905716987602
 0.46305389465675628
 -0.20763187017247733
 -0.7831680959575561
 -0.9910542876521572
 -0.91975744586342767
 -0.58936210966894675
 0.060285513420233333
 0.56258987015718354
