# Created by Octave 8.4.0, Thu Dec 11 09:47:23 2025 IST <gamana@Samsung>
# name: iq
# type: matrix
# rows: 2048
# columns: 1
 0.99706007033948296
 0.8958330830115131
 0.40749676511192734
 -0.26757933088703667
 -0.82003431881388944
 -0.99739959216031482
 -0.89379434027545168
 -0.53840448048633571
 0.12174574039319934
 0.61251750219373202
 0.9756866937503218
 0.95041478686084535
 0.5345505649007124
 0.026779638075654512
 -0.6161208997466926
 -0.97667740455693652
 -0.88966097771079677
 -0.39494783328271993
 0.13080603864129745
 0.61971144815431445
 0.97764774684509548
 0.94753482023462876
 0.65049842763434806
 0.17021463217652491
 -0.35801914740060525
 -0.78539783471713998
 -0.99152754231630602
 -0.84708169348121221
 -0.4558054392076315
 0.21560776862847272
 0.78821639611625471
 0.99961637728604458
 0.75293139567673473
 0.1612074989385934
 -0.50439146910589572
 -0.8752101648306293
 -0.99947947189198894
 -0.84219234522037123
 -0.30576841154300655
 0.22451727661408843
 0.69155575910797984
 0.9932140410785969
 0.91283249357463192
 0.4435688105502032
 -0.077538373483401396
 -0.69484718481991314
 -0.9649887322131383
 -0.96328999306189333
 -0.69022950739697697
 -0.071154896496347181
 0.44929670050794807
 0.84318003849283296
 0.99953697267526553
 0.87432127497765744
 0.50280659161546182
 -0.1630177147739201
 -0.75413739896883958
 -0.98397524954642002
 -0.93662425339424948
 -0.49885389310436667
 0.16752163237433296
 0.64842084563481195
 0.94665791726123827
 0.93501460739056352
 0.49489079104069511
 -0.019482646357389975
 -0.65189063542320946
 -0.98556272514868337
 -0.93338546174226766
 -0.49091736807458636
 0.17651889277400565
 0.65534683009168626
 0.98632564038788906
 0.93173685042504906
 0.48693370707140277
 -0.181012047936218
 -0.76600708392244765
 -0.98706798589555911
 -0.93006880782054413
 -0.61106639304019938
 0.033177953663624922
 0.53994946709703096
 0.95238598048070489
 0.92838136871562715
 0.47893600348116838
 -0.037741799180791728
 -0.66563312401798547
 -0.98849090621939795
 -0.92667456830169237
 -0.47492212768549869
 0.19446848906226558
 0.77474182782419287
 0.99998138620148591
 0.85601021937775568
 0.33057309196900747
 -0.19894598283625273
 -0.67242136389076779
 -0.98983136742132305
 -0.9232030263304648
 -0.46686474663636957
 0.20341932760986636
 0.6757944842168484
 0.99047064063879786
 0.92143835717186395
 0.59283406142640771
 0.097226591704109466
 -0.42576990720195163
 -0.9045843610622607
 -0.99531849785788795
 -0.80566836007221854
 -0.24373174421850885
 0.429897566468319
 0.90652169075643541
 0.99486675030193172
 0.70245292795551217
 0.23930021665734427
 -0.29126409986974627
 -0.73977842583670239
 -0.99887378497716794
 -0.80022448225587572
 -0.23486369851189498
 0.29562976825788428
 0.83641303144195311
 0.99390102147704307
 0.79747748196428803
 0.37640208904310912
 -0.15070692720004675
 -0.74589292680788943
 -0.99926546539418393
 -0.87812746374023176
 -0.37216731045212564
 0.3043425181213476
 0.84138411242655475
 0.99943004815055925
 0.87593347296118218
 0.36792477034572635
 -0.30868941789305326
 -0.7519452059868672
 -0.98337572251258365
 -0.87372121466920871
 -0.5017386946196043
 0.16423604820363752
 0.64588085493770186
 0.94557904321004638
 0.93619088246932725
 0.49778317453547566
 -0.1687390302799123
 -0.75793475849732128
 -0.99979872672709624
 -0.7834941685839707
 -0.20814497571020177
 0.46258889234239531
 0.85111530279515479
 0.99050672924155281
 0.67598778716342178
 0.051690166626058617
 -0.59629502905811249
 -0.92310219592082832
 -0.98986864202460945
 -0.77778605465602391
 -0.19920301606094334
 0.33032554306011602
 0.85587460041102437
 0.98920991118715429
 0.66922913426856767
 0.1947257580520656
 -0.4746912950254723
 -0.85822750015938709
 -0.98853055046695493
 -0.66582883744112153
 -0.19024443905519753
 0.47870574193700199
 0.860562501651286
 0.9999961643602806
 0.76910237975061224
 0.18575915252785319
 -0.34322527295248667
 -0.86287955619046985
 -0.98710999648029529
 -0.76617566150442962
 -0.32940729198072294
 0.34751098647196554
 0.86517861545497698
 0.99992915833028506
 0.76323296473450009
 0.17677705112349806
 -0.49068884864234602
 -0.93329130271644045
 -0.98560709856610962
 -0.76027435081049699
 -0.32076998583533983
 0.35606058235383559
 0.869722556749563
 0.98482480954644724
 0.64862049466800065
 0.16778020311875363
 -0.49862655892901125
 -0.87196734401615261
 -0.9996722530126475
 -0.84576642124300172
 -0.3121059213139159
 0.21801897161530401
 0.78973399687906265
 0.99241702790969344
 0.84332102103461049
 0.44953100410935642
 -0.070893275878694623
 -0.69003969817690514
 -0.99296800256705919
 -0.84085803344299925
 -0.30341582116580706
 0.3730699565266074
 0.87859241165578594
 0.99922771763834428
 0.74524469498226609
 0.29906123418645231
 -0.37730307052849954
 -0.88076418263196576
 -0.98060562924582517
 -0.74219188539576064
 -0.29470041031222721
 0.23580907452596009
 0.69989041958487663
 0.96681048611430065
 0.90803308413177553
 0.43313974907902392
 -0.089101359923037027
 -0.70314489208791719
 -0.96796717331094617
 -0.9061106297105701
 -0.56200240479872954
 0.093648972674699113
 0.70638470056819525
 0.96910367364021632
 0.90416927843456896
 0.42488958070177318
 -0.24910034005624931
 -0.70960977745975928
 -0.97021996340050698
 -0.90220907079050061
 -0.42075116190200801
 0.25352049505894858
 0.71282005550396421
 0.99624440493583688
 0.82312903420732286
 0.41660396837504898
 -0.25793536291477787
 -0.71601546775071334
 -0.99662942810420063
 -0.8982322503103175
 -0.4124480866102142
 0.2623448515520968
 0.71919594755999483
 0.99699366665647393
 0.8179083083455142
 0.40828360327801405
 -0.11635584548700217
 -0.60821749558721294
 -0.92874241110959266
 -0.95208896010981581
 -0.66148898157258573
 -0.032205778434699808
 0.48379140646894586
 0.86350306785080355
 0.99996326570703487
 0.76538144192408231
 0.18005533533182599
 -0.34866873046273772
 -0.77917174513612353
 -0.99991369601748914
 -0.85235138363122587
 -0.32392388406459971
 0.35294522144878099
 0.86807338083099939
 0.99984327321874167
 0.75947152679779528
 0.31960002313600977
 -0.35721435179430017
 -0.7848641044962863
 -0.99141523092163131
 -0.84753938649740079
 -0.45657232870511422
 0.21476617089501793
 0.68430154950322508
 0.96106708211217839
 0.96709706904209614
 0.58344985888275414
 -0.067569528206502957
 -0.68762445181076515
 -0.9623189105935428
 -0.91503567851806067
 -0.57973492883124911
 0.072125092364577786
 0.69093301377287253
 0.99311344578741001
 0.84018895336674537
 0.44434101396041331
 -0.22812607540270893
 -0.69422716638980897
 -0.99363811013704684
 -0.9113133804533976
 -0.44024526209659331
 0.23256998554265645
 0.79880753438500507
 0.99898293381570769
 0.83520096912764985
 0.29352005345184312
 -0.23700904545673229
 -0.8015464740955528
 -0.9946252616293646
 -0.83268082385064457
 -0.43202630015226667
 0.090331357797997905
 0.58724239511115484
 0.91872544800423994
 0.95976407268862951
 0.68088315202612171
 0.058343548505885939
 -0.59093261401139296
 -0.9205192458734156
 -0.95847169900927442
 -0.55719418098604745
 0.099423567006865637
 0.71047939542087601
 0.99595039469239666
 0.90167573810932744
 0.5533962596713089
 -0.10396660880109514
 -0.7136856599001008
 -0.99635057665314153
 -0.82242711891370257
 -0.4154809470225187
 0.25912835512017535
 0.71687704052978896
 0.99672997981321765
 0.81982067902291533
 0.26721972914681169
 -0.40783753743386086
 -0.89599886333126233
 -0.97355906735272113
 -0.71953534158774446
 -0.11230446368529416
 0.54639114332341265
 0.89801739495237454
 0.97250571827806354
 0.60133283008040084
 -0.045407299055298597
 -0.55021019941600258
 -0.90001719850236539
 -0.99628659142962239
 -0.7131626455444362
 -0.25399309810102083
 0.27672708435317411
 0.72949239811927913
 0.99803965270193906
 0.8092244955148935
 0.24957350437095055
 -0.28111256796162037
 -0.8280072300048078
 -0.99545866787097126
 -0.80653311988031673
 -0.24514870580811454
 0.42857774099502766
 0.83055922740508159
 0.99501356136680352
 0.70349222248000676
 0.24071879469133953
