# Created by Octave 8.4.0, Thu Dec 11 09:47:23 2025 IST <gamana@Samsung>
# name: iq
# type: matrix
# rows: 2048
# columns: 1
 0.99706007033948296
 0.71979445629436789
 0.11267528621267162
 -0.41166286191191009
 -0.82003431881388944
 -0.99739959216031482
 -0.89379434027545168
 -0.40332217000396425
 0.12174574039319934
 0.72610466550790553
 0.9756866937503218
 0.95041478686084535
 0.5345505649007124
 -0.126277206267076
 -0.6161208997466926
 -0.97667740455693652
 -0.88966097771079677
 -0.53068550131166847
 0.13080603864129745
 0.61971144815431445
 0.93404224138678449
 0.985250469487432
 0.65049842763434806
 0.17021463217652491
 -0.49648404018293579
 -0.87075548362775734
 -0.99973243577145421
 -0.7559288889967074
 -0.31445154230134043
 0.21560776862847272
 0.6849297096298741
 0.9613048499970458
 0.966877464742528
 0.58274974275466684
 0.084813229831986955
 -0.56931784686309095
 -0.90982778912911666
 -0.99403645175662203
 -0.79822199612300271
 -0.37754595515819683
 0.2988109445787136
 0.83823451315416331
 0.99921737728844184
 0.7954628564466879
 0.37331329069111102
 -0.30316589222440382
 -0.84071604235180275
 -0.99299901827171977
 -0.69022950739697697
 -0.071154896496347181
 0.44929670050794807
 0.91542760447624616
 0.99244923265600671
 0.7898948670650332
 0.21827493776079607
 -0.31185672933426212
 -0.84562645019083471
 -0.99187874960179634
 -0.78708613347960132
 -0.36056893869878703
 0.31619243755180926
 0.7571285669469523
 0.99977318748613397
 0.86985197422915883
 0.35630566381819206
 -0.32052155160483159
 -0.85046631654676685
 -0.99067573919877039
 -0.67689734269446189
 -0.20488505504967391
 0.46554015275120081
 0.92262657540312143
 0.99004323693862828
 0.67352883541892117
 0.20041309089354509
 -0.3291596362235587
 -0.76600708392244765
 -0.98706798589555911
 -0.86301208685108277
 -0.34347161125692577
 0.3334684266427943
 0.76893472152711884
 0.98778974619014315
 0.92838136871562715
 0.60744511130886403
 0.11538970234524717
 -0.40917133979595066
 -0.8184675601388407
 -0.99691782759704184
 -0.71851977171296921
 -0.1108522977199087
 0.41333399829856854
 0.82108283884711719
 0.99753012452978629
 0.81370802101913009
 0.40164283463597866
 -0.1235663705437246
 -0.61396655002752176
 -0.93141046865899646
 -0.98647320061060673
 -0.65602466714103314
 -0.024945769805903319
 0.61756479500956363
 0.977069646269493
 0.8888218168869445
 0.52912975935153383
 0.020380225184827103
 -0.49411048094498033
 -0.93469587767668683
 -0.98493489813929835
 -0.64910403070761957
 -0.015814255536007973
 0.62472257242825535
 0.93630935971701046
 0.984134927684575
 0.64562337082936083
 0.16390339698880679
 -0.3639886666551847
 -0.78934400614948819
 -0.99233871732669821
 -0.9157885672405065
 -0.4500985600028633
 0.070259386309538652
 0.68957962074360624
 0.96304859030171963
 0.91394475181720136
 0.44601589492410787
 -0.074814073870330539
 -0.57456868851859633
 -0.96426848850398295
 -0.96401990181623187
 -0.69220395107927979
 -0.22539202357372476
 0.3049135284973839
 0.74932400408618116
 0.9826476087243925
 0.93915636712574746
 0.6311018954839811
 0.1452640836018857
 -0.51825665415879041
 -0.94428070266461939
 -0.9797075795596828
 -0.62755292141098928
 -0.14074430265655777
 0.38571241797353167
 0.80351276705697883
 0.99496110440453156
 0.83085125981047836
 0.42905162994117213
 -0.093613160455026004
 -0.5899068363366895
 -0.92002194653030078
 -0.95883338360508497
 -0.67846566043449075
 -0.055053078647571203
 0.46365156753044229
 0.85174414460665848
 0.9998977829126533
 0.86637714798772159
 0.34975573867412846
 -0.32714500196387036
 -0.85412802471206384
 -0.99995264983142407
 -0.86408754554050993
 -0.34547381487239104
 0.18340528820230509
 0.76756945784073183
 0.99998666282861515
 0.86177992262610636
 0.4808071341945469
 -0.18789261811464369
 -0.66403999547906956
 -0.98816601751754429
 -0.92747408004081822
 -0.47679791263448917
 0.19237602954351787
 0.77339158582922674
 0.99999212465582799
 0.76833551042733583
 0.33258517246316216
 -0.34435119791359259
 -0.86348492593323356
 -0.99996357337194397
 -0.8547494142055011
 -0.32827496664948513
 0.20133072302999203
 0.77914919810931149
 0.99017465933090221
 0.92226488106604565
 0.4647109219745772
 -0.20580181833824582
 -0.67758654772169435
 -0.99080292478462006
 -0.92048996522184134
 -0.46066242984277994
 0.21026862166832103
 0.78484181438558576
 0.99975279918023063
 0.84755847652366645
 0.31530363260875299
 -0.36144249425195224
 -0.87255370827168033
 -0.98380779503866689
 -0.64422137197363261
 -0.0094135720807538813
 0.62970809852713572
 0.9802592560561354
 0.88159605993130463
 0.51588466120556886
 0.0048469706335147475
 -0.50755612643698156
 -0.87697910545821811
 -0.98212982640030599
 -0.63720898469723852
 -0.00028026810314381957
 0.51148559287361273
 0.94165156452784582
 0.94029557266769315
 0.63368282102553841
 0.14855967449948912
 -0.37841318812873614
 -0.7987858946523142
 -0.99413816389891141
 -0.83522075023473963
 -0.43617269752579141
 0.23697409994913654
 0.70074630799898874
 0.9671161311271711
 0.96104637290971962
 0.56478476833245372
 -0.090295534556014037
 -0.58721328002020379
 -0.96826752051269671
 -0.90560274921938144
 -0.56101025891130574
 -0.058379457433449272
 0.59090359568530659
 0.9693987167671404
 0.95848195665734937
 0.55722404967220118
 -0.099387774929510453
 -0.5945815881096792
 -0.92227994368472832
 -0.95716975147556826
 -0.67419215097034724
 -0.049259283613090801
 0.59824718058907844
 0.97160043594038459
 0.95583758460567037
 0.54961684782678955
 0.044697608200154511
 -0.4728130847931325
 -0.85713088116327518
 -0.98885038991703345
 -0.6674185654672885
 -0.19233778950696631
 0.47683216543617946
 0.8594742475238133
 0.99999979713272458
 0.85882233579194722
 0.47571198750746807
 -0.19358779290802877
 -0.77417388382841079
 -0.99998646081245512
 -0.85647397793049618
 -0.47169014771937318
 0.04597024429589211
 0.67175660134530502
 0.95621121573584256
 0.92354767364821833
 0.46765847087616669
 -0.20254025912300952
 -0.77992273563746839
 -0.99034659876718778
 -0.85172372649409922
 -0.46361704105805235
 0.055091987266559873
 0.55828143375058858
 0.90420128748488515
 0.96908518718169256
 0.58987537054189443
 -0.05965118289711676
 -0.56206438710514606
 -0.96013108362025967
 -0.91820737812000286
 -0.58618163086786612
 -0.089026719737560239
 0.56583561865804632
 0.9613976952714075
 0.91638893144898803
 0.58247566642925475
 -0.068765747042522973
 -0.68849451687399366
 -0.96264425706104728
 -0.91455137357013006
 -0.57875755451358868
 -0.079925956665632389
 0.57334260201009113
 0.91185190848861342
 0.9934897346948528
 0.79525845451364996
 0.22685050426344353
 -0.44551413093429654
 -0.91371712100103808
 -0.9929591283905842
 -0.79248150281653562
 -0.36875940648814054
 0.30783538028013108
 0.75135307850657385
 0.98321230929285264
 0.87415755586709232
 0.36451069476733244
 -0.16335041552555229
 -0.7543588147266056
 -0.98403532181835085
 -0.93650605963703171
 -0.49856160000648819
 0.015253786964101002
 0.52477213534678935
 0.88646056314994948
 0.99843033056584207
 0.73398302658285619
 0.28305228863950394
 -0.24761514744576363
 -0.80803501982829273
 -0.99569770465768859
 -0.90286929118684256
 -0.42214157768151089
 0.10121300589464162
 0.71174389087921641
 0.97095028710678111
 0.90089658058520161
 0.55189735231150727
 0.047426946616486047
 -0.47040377545094553
 -0.85572031072892407
 -0.9999778090407716
 -0.8625384905158805
 -0.34259172321987774
 0.18642181374216618
 0.66291975381261714
 0.95267116533126794
 0.97405218668758209
 0.60670074653023509
 0.11445918394335411
 -0.41002588193239153
 -0.89706114026852291
 -0.99684390151855462
 -0.81581267729597728
 -0.26050183327781062
 0.41418677936489257
 0.821617169620253
 0.99759548239157658
 0.89254808705245003
 0.53606715716560327
 -0.12449586238216011
 -0.72800731316679657
 -0.97629031191740334
 -0.94954933444649325
 -0.53220646707443442
 0.12902574144919371
 0.73113051537655083
 0.97726866500719145
 0.94810723334922808
 0.65186108517083774
 0.1719836693261251
 -0.49492465190025109
