# Created by Octave 8.4.0, Thu Dec 11 09:47:23 2025 IST <gamana@Samsung>
# name: iq
# type: matrix
# rows: 2048
# columns: 1
 0.99706007033948296
 0.81741217677477895
 0.2631763561998442
 -0.26757933088703667
 -0.72295709950342013
 -0.97467563508643473
 -0.95182505386520067
 -0.53840448048633571
 0.12174574039319934
 0.61251750219373202
 0.9756866937503218
 0.95041478686084535
 0.65740811854692949
 0.17920756624578818
 -0.34947630729317497
 -0.77971163284007661
 -0.99990200276958874
 -0.85190037886372305
 -0.46391580451806957
 0.054755275299491701
 0.55800162607063519
 0.95874864621098477
 0.96916833338707042
 0.59014764102010608
 0.093910099777458012
 -0.56178544187468848
 -0.90599964213760187
 -0.96803299318482094
 -0.70333136332568646
 -0.24049913052813435
 0.43290333150358423
 0.90792318296106844
 0.99452407799023024
 0.8009644889521762
 0.38177074593872068
 -0.29444976525794719
 -0.83573550265197849
 -0.99403645175662203
 -0.69680949900727573
 -0.23162385210571532
 0.44111841487869557
 0.83823451315416331
 0.99352809498320716
 0.7954628564466879
 0.22717892085399657
 -0.30316589222440382
 -0.74810794332050845
 -0.99938759605057081
 -0.79268712746483883
 -0.36907284080929581
 0.3075145173729773
 0.84318003849283296
 0.99953697267526553
 0.7898948670650332
 0.36482469394694789
 -0.1630177147739201
 -0.64493753308863866
 -0.98397524954642002
 -0.87209571834185651
 -0.49885389310436667
 0.014916604353269872
 0.64842084563481195
 0.98477925608846884
 0.86985197422915883
 0.35630566381819206
 -0.32052155160483159
 -0.85046631654676685
 -0.99986002074606939
 -0.78141948139773487
 -0.20488505504967391
 0.32484398121003566
 0.76306347130970409
 0.99992600201619608
 0.77856168107880996
 0.34775691095553296
 -0.3291596362235587
 -0.85523523768182264
 -0.98939008741680945
 -0.67014628176077173
 -0.043800730362636646
 0.47360396434939761
 0.92611076224270938
 0.98871630425468959
 0.66674975226285726
 0.19145671714048751
 -0.3377702626083236
 -0.85993281577640979
 -0.9880219015039563
 -0.76989109921219223
 -0.33487961217098988
 0.34206505440574203
 0.862254728491333
 0.99998138620148591
 0.85601021937775568
 0.33057309196900747
 -0.34635271246754379
 -0.77762117540992637
 -0.99994309558021077
 -0.85364049424972288
 -0.32625967769526004
 0.35063314737503665
 0.86684455914106351
 0.99988395123660889
 0.8512529665268137
 0.32193945930560336
 -0.35490626986012647
 -0.86911238135537339
 -0.98503839069289045
 -0.64955995649615195
 -0.016413681660202538
 0.62425433944085562
 0.93609865989502394
 0.94566435559940187
 0.52186918309512553
 -0.14107815892716888
 -0.62781543718359556
 -0.9376951805861069
 -0.94416965564365596
 -0.64258870869742002
 -0.15998855098596032
 0.50545745710063528
 0.87580690915030124
 0.99943886783086799
 0.74910065255297842
 0.30459234863209911
 -0.22572055441760619
 -0.69244728475509543
 -0.96410949048091532
 -0.96417909475583619
 -0.5742926551933929
 -0.074477793700477926
 0.44631769078305872
 0.84138411242655475
 0.99943004815055925
 0.79193364505529973
 0.36792477034572635
 -0.15972964099951256
 -0.6423877224089799
 -0.98337572251258365
 -0.87372121466920871
 -0.3636745572016995
 0.16423604820363752
 0.64588085493770186
 0.98419470203205239
 0.93619088246932725
 0.62445921898958623
 -0.016151433444036755
 -0.64936051767992853
 -0.98499315626050998
 -0.86924208047228424
 -0.35515146651018259
 0.17323849331905522
 0.76090585590764914
 0.98577106854626595
 0.86697529797926964
 0.48984107340721511
 -0.025282884424066471
 -0.6562791438151202
 -0.94994809580360839
 -0.97601375467033502
 -0.72713334434054777
 -0.12323172689716683
 0.53714215561870826
 0.89312185138248557
 0.97500936502297297
 0.61008834407497825
 -0.034412226326070341
 -0.66314302366827793
 -0.98798139365844539
 -0.86006665733274223
 -0.33801711923289846
 0.19119927952835253
 0.7726309446768147
 0.9999961643602806
 0.76910237975061224
 0.18575915252785319
 -0.34322527295248667
 -0.86287955619046985
 -0.98710999648029529
 -0.65898665758912811
 -0.18126999201027524
 0.34751098647196554
 0.86517861545497698
 0.99992915833028506
 0.76323296473450009
 0.32509202879037347
 -0.35178945268142309
 -0.86745963149813543
 -0.99986437470970757
 -0.76027435081049699
 -0.17228042356740925
 0.49466286186017294
 0.93492156727054621
 0.98482480954644724
 0.64862049466800065
 0.16778020311875363
 -0.49862655892901125
 -0.87196734401615261
 -0.9996722530126475
 -0.75430961863744106
 -0.16327648362920538
 0.5025798571863066
 0.93812356967355703
 0.94376206025673304
 0.64164196467474266
 0.0060459607215172474
 -0.50652267418638353
 -0.87640231771474386
 -0.9823547792959354
 -0.63813259114658893
 -0.15425892329711394
 0.3730699565266074
 0.79530388498163285
 0.99922771763834428
 0.74524469498226609
 0.29906123418645231
 -0.37730307052849954
 -0.79806397900131565
 -0.99400781605094846
 -0.9099366016055852
 -0.56953345471323735
 -0.068690986243704441
 0.58253657800469949
 0.91641892573554706
 0.9921432504235741
 0.68512078785332353
 0.21586387531466605
 -0.31420255319168883
 -0.84694227072087613
 -0.991561577885683
 -0.78556015859060346
 -0.35826403244495147
 0.31853470610870327
 0.75873979406764036
 0.98520555414963917
 0.93413588692046379
 0.49274300226057965
 -0.021952071972139286
 -0.53046318017922212
 -0.9489019627736488
 -0.97673368626990587
 -0.72941653362923886
 -0.27662050554376355
 0.2541003676522241
 0.7132403876757174
 0.97145840219953794
 0.89996885312693931
 0.41605889162941456
 -0.25851453458985668
 -0.7164338434351224
 -0.99667842946555951
 -0.82018439892390516
 -0.41190187573353687
 0.2629233102303789
 0.71961235803183343
 0.97358439673447417
 0.89594960831540404
 0.54246752419775235
 -0.11695125643708382
 -0.60869325477939451
 -0.92896449571977835
 -0.9519054479984026
 -0.66103926179696526
 -0.031606579698358631
 0.61231015769750341
 0.93064526108400769
 0.98681473911223938
 0.65760573526850563
 0.17946559704239815
 -0.34923055048859636
 -0.77954738047339189
 -0.99026332165106024
 -0.85203770817596947
 -0.3233566452854974
 0.35350608027650443
 0.86837084011363574
 0.98529531704751827
 0.75908138870197783
 0.1704730818139559
 -0.49625634944937436
 -0.93557096785863769
 -0.98450477561973526
 -0.7561005675315795
 -0.31470050977912667
 0.36203493382883944
 0.8728639727838754
 0.99962360723391863
 0.84478620458292519
 0.3103625522847524
 -0.21980895658447358
 -0.79085802944057393
 -0.99948789907851565
 -0.75009168245863234
 -0.30601812220757368
 0.37053358671614267
 0.7936446050741407
 0.99318350320331317
 0.83986369513887471
 0.30166731015025761
 -0.37477136626322854
 -0.87946703079104571
 -0.99915395334485979
 -0.74402022533661394
 -0.14793122191009037
 0.37900132998757796
 0.88163142853847265
 0.99895572273101452
 0.83487112493613869
 0.43560076978030499
 -0.23759142540159833
 -0.8019047929304397
 -0.99873665898641506
 -0.73788670264166656
 -0.28857749010972156
 0.38743745727073825
 0.88590502024865936
 0.99849676667961451
 0.73479682639496002
 0.13436833251938127
 -0.52763589580741488
 -0.88801412508603927
 -0.97744277563395865
 -0.61894775499252752
 0.023186735500072695
 0.65469565491376036
 0.94929096237321153
 0.97646809321439842
 0.61535446347816414
 0.12531223791860269
 -0.53537237209859767
 -0.89217673280036824
 -0.99765217058657929
 -0.72543551228183079
 -0.27104056840503038
 0.2597073351704795
 0.71729488562092358
 0.97281826606090593
 0.89742444567054214
 0.54526342836913111
 -0.11364173369556495
 -0.60604645730021167
 -0.92772603447345159
 -0.95292098208008913
 -0.54142963429734614
 0.11817767027670485
 0.60967262901388219
 0.97489269133026779
 0.89335768603351851
 0.40243190678191099
 -0.27291262473125366
 -0.7267731317403282
 -0.97589941772691657
 -0.89129633857472446
 -0.39824712012492786
 0.12724205514016593
 0.72990232107662467
 0.99807699315903253
 0.88921640321184137
 0.52986082427676207
 -0.13177031438553685
 -0.62047455498489301
 -0.97785179306862535
 -0.88711792332171879
 -0.52598234640887054
 0.13629582557301226
 0.62404941694819249
 0.97879740129708737
