# Created by Octave 8.4.0, Thu Dec 11 09:47:23 2025 IST <gamana@Samsung>
# name: iq
# type: matrix
# rows: 2048
# columns: 1
 0.99706007033948296
 0.81741217677477895
 0.2631763561998442
 -0.41166286191191009
 -0.89785314323009247
 -0.99669975492155383
 -0.71661680183738552
 -0.10813648706951674
 0.41582037352034329
 0.82263935911185238
 0.99631865342087256
 0.81211680656676566
 0.39913916364882279
 -0.27636844752632383
 -0.72923708866562187
 -0.97667740455693652
 -0.88966097771079677
 -0.53068550131166847
 -0.022214290997900961
 0.61971144815431445
 0.97764774684509548
 0.94753482023462876
 0.52680937032475517
 -0.13533214306748165
 -0.73545624545231092
 -0.99854960836650131
 -0.80404686683955928
 -0.24108099541788655
 0.28950866682443271
 0.83288742170822871
 0.99878506466934591
 0.80132327513146184
 0.23664647091041779
 -0.29387678624149521
 -0.83540614555488213
 -0.99410164801316581
 -0.69723937173125705
 -0.23220701116232156
 0.29823877688491174
 0.83790744708233544
 0.99919348408392272
 0.795826014291943
 0.22776270875812374
 -0.44467530925009219
 -0.91333608119151988
 -0.96345076458911849
 -0.69066317872013372
 -0.22331365638335027
 0.30694400810481892
 0.84285757488642232
 0.99951855157608782
 0.87461208566586512
 0.50332471182795113
 -0.0097507775814606734
 -0.64447925512746196
 -0.94498052573775193
 -0.93683411263050442
 -0.62589100331904679
 0.014317164436864309
 0.52397452491172358
 0.8860266541137356
 0.97834281697030223
 0.62232285500886353
 -0.018883252709112678
 -0.65143590665126416
 -0.98546104560661119
 -0.93360044124798824
 -0.61874172821212581
 0.023448947172842981
 0.53173182534861707
 0.94937339120327868
 0.97641149517605841
 0.72839148523155783
 0.27518135912083291
 -0.40027119857025584
 -0.89229517179135864
 -0.99763417391420772
 -0.72525496053724303
 -0.27078809389396219
 0.40445193887085795
 0.81548838195195372
 0.99730982697147408
 0.8193268979110363
 0.41053706793381189
 -0.26436759761487083
 -0.81812296642813798
 -0.99715393876895353
 -0.81670014042814298
 -0.40636866435859498
 0.26876907226385538
 0.72380978565701937
 0.97495106171121826
 0.9514456324359305
 0.53736337067249562
 -0.1229714388149704
 -0.72695326304485031
 -0.9759566197678079
 -0.95003000237158464
 -0.65647701852210572
 -0.025545082696878618
 0.4896123951713961
 0.9328470854580132
 0.94859455951793425
 0.65302529690071753
 0.020979600942368393
 -0.6206802229306233
 -0.9779066548749713
 -0.88699683797548301
 -0.5257592578226381
 -0.016413681660202538
 0.49755567898470887
 0.93609865989502394
 0.98424111581431162
 0.64608106957776812
 0.011847420072184065
 -0.50151179753412556
 -0.9376951805861069
 -0.94416965564365596
 -0.64258870869742002
 -0.15998855098596032
 0.36768087239880365
 0.79177346594786169
 0.99943886783086799
 0.84152583106705137
 0.30459234863209911
 -0.22572055441760619
 -0.79455462137295907
 -0.99927548207434191
 -0.74606759889611551
 -0.30023946390148659
 0.37615908234565687
 0.79731920643367349
 0.99909125651850716
 0.83655675988810607
 0.29588031770414369
 -0.38038646433654111
 -0.88233705536967755
 -0.97994719505386085
 -0.73995487764514356
 -0.29151500094968152
 0.38460591340230282
 0.88447702880257373
 0.97902702699783795
 0.73687533753128009
 0.13740931956298558
 -0.38881734154671543
 -0.88659855654745923
 -0.99841358164780036
 -0.82897243756720596
 -0.28276622004933655
 0.24790410159298104
 0.80821069513822219
 0.99572529684553057
 0.9027410274486326
 0.42187118343784913
 -0.25232567056790139
 -0.81089157050291494
 -0.99785768142665632
 -0.72754477087597536
 -0.2739938510167535
 0.25674197731389409
 0.71515280292566097
 0.97210288979435833
 0.95520861010101676
 0.54783387611315026
 -0.11059162740069406
 -0.71833732746926005
 -0.9968972164669998
 -0.89676289601115911
 -0.40941064781652259
 0.26555843582412669
 0.81883250830413812
 0.99724628636823809
 0.89473272591303799
 0.40523994382358991
 -0.26995840372191243
 -0.8214454074650902
 -0.99649621282851231
 -0.71489190435477024
 -0.25638127759757734
 0.41806539666547804
 0.82404117545676947
 0.99610387225416208
 0.81067312387003299
 0.25196453736646229
 -0.42220951003176449
 -0.82661975814466226
 -0.99816868423776495
 -0.80799086900373729
 -0.39267747318977064
 0.28312416121273076
 0.82918110175267723
 0.99843452487561368
 0.80529176356133636
 0.24311538503196514
 -0.28750105989676866
 -0.73712757417115904
 -0.99867954325224162
 -0.88430284225936873
 -0.52081531747420562
 -0.010612519844126429
 0.5025798571863066
 0.93812356967355703
 0.94376206025673304
 0.5169114299445664
 -0.14681942614894028
 -0.74326870013664503
 -0.99910709321684088
 -0.88000148718019999
 -0.37581327393081404
 0.15133511286020959
 0.74631604385532435
 0.99928961588829657
 0.79432796706929032
 0.37157741000626143
 -0.30494778563713076
 -0.74934782322077675
 -0.99945129846568637
 -0.79154546007749638
 -0.36733379686858686
 0.16035692393428203
 0.64287460727410239
 0.98349091491563567
 0.87341192645179322
 0.36308252301800925
 -0.31363335408881382
 -0.84662337135716437
 -0.99971213028545058
 -0.87117891489750021
 -0.35882367711440522
 0.1693653581618049
 0.64984365241436226
 0.94725899599774077
 0.9343496925360214
 0.49326458698302622
 -0.17386432407647334
 -0.65330788260348704
 -0.98587768853652424
 -0.86665843366590922
 -0.35028362457568873
 0.32661242523442358
 0.85383481617261225
 0.98977821361547547
 0.6721450926597492
 0.046494249356239692
 -0.47122753925634359
 -0.85620308428814818
 -0.99998359356096644
 -0.86206565647996014
 -0.48130117906661279
 0.18733909135036172
 0.77012920700967546
 0.99999932541371506
 0.77160899093784663
 0.33741898084922123
 -0.19182299137913775
 -0.66702783840427415
 -0.95432889684410671
 -0.97279257706834643
 -0.60231911715031505
 -0.10899318029827681
 0.41503646984552428
 0.89947824164676637
 0.97172442901384048
 0.71402781945683991
 0.10445254430529899
 -0.41918695266203876
 -0.90146435542135384
 -0.99599420274534867
 -0.71082314421899429
 -0.25076921210165404
 0.42332869337274925
 0.82731412497246393
 0.99824262928657892
 0.80726261004875843
 0.39154139392700543
 -0.13447823415134474
 -0.62261493107687904
 -0.97841999611775887
 -0.94634402792105321
 -0.64768004358274611
 -0.16656260382129034
 0.36147603246699667
 0.78768576136543023
 0.99200199459009886
 0.91686822237936105
 0.45250463239040833
 -0.21922407525367402
 -0.79049099111966836
 -0.9925680701471753
 -0.91503567851806067
 -0.44842749913276869
 0.072125092364577786
 0.69093301377287253
 0.96355067000154482
 0.91318405167090688
 0.44434101396041331
 -0.22812607540270893
 -0.69422716638980897
 -0.99363811013704684
 -0.9113133804533976
 -0.44024526209659331
 0.08123161321943638
 0.57982529386499893
 0.96595387926357601
 0.96228874613506621
 0.56851790791858747
 -0.085782380000612515
 -0.70077196909311512
 -0.9946252616293646
 -0.90751506135436888
 -0.43202630015226667
 0.24144316256866286
 0.70402248268821932
 0.96827650942448973
 0.90558749268644834
 0.4279032614774641
 -0.24587224440542177
 -0.7072583139584484
 -0.99552944227673668
 -0.82758848976759469
 -0.42377129891905568
 0.099423567006865637
 0.71047939542087601
 0.9705183667323255
 0.90167573810932744
 0.5533962596713089
 -0.10396660880109514
 -0.7136856599001008
 -0.99635057665314153
 -0.82242711891370257
 -0.4154809470225187
 0.10850748238118077
 0.60192902108653212
 0.92578530777453982
 0.95447475482355715
 0.66739177861806664
 0.19230249075247055
 -0.33695899876098812
 -0.77129810450025671
 -0.99999977357372771
 -0.77044078439315988
 -0.33569151589196344
 0.19362308257050309
 0.66839346461823534
 0.98904460426414087
 0.92527565750465257
 0.4716584301397076
 -0.046006176477052733
 -0.55071070202879191
 -0.9002783331845885
 -0.9712896402106419
 -0.5971970165752265
 0.050567566949850346
 0.67515901871115491
 0.95754818668849029
 0.97019309262396569
 0.59352785947128683
 0.098084259541188476
 -0.55831127615654674
 -0.90421665002543428
 -0.96907631174856235
 -0.70630619225598545
 -0.24456745138823813
 0.28606669089249703
 0.83089296006415125
 0.99495358820281887
