# Created by Octave 8.4.0, Thu Dec 11 09:47:23 2025 IST <gamana@Samsung>
# name: iq
# type: matrix
# rows: 2048
# columns: 1
 0.99706007033948296
 0.81741217677477895
 0.40749676511192734
 -0.26757933088703667
 -0.82003431881388944
 -0.99669975492155383
 -0.71661680183738552
 -0.25876789299367536
 0.27197672523161615
 0.72610466550790553
 0.9977183133033527
 0.89173695753970295
 0.39913916364882279
 -0.27636844752632383
 -0.82522724334078956
 -0.99801622712169602
 -0.88966097771079677
 -0.53068550131166847
 -0.022214290997900961
 0.49251475324559779
 0.86850088041626661
 0.99982764492782827
 0.75891061748844191
 0.17021463217652491
 -0.35801914740060525
 -0.78539783471713998
 -0.99973243577145421
 -0.7559288889967074
 -0.31445154230134043
 0.21560776862847272
 0.6849297096298741
 0.99211040285063745
 0.91652386521001739
 0.58274974275466684
 -0.068429320412764685
 -0.56931784686309095
 -0.90982778912911666
 -0.99403645175662203
 -0.79822199612300271
 -0.37754595515819683
 0.14948593972267568
 0.74506978139404401
 0.98144017484354107
 0.87871764054369417
 0.37331329069111102
 -0.1539997744139284
 -0.63793063058015309
 -0.942154470878239
 -0.93978491259906771
 -0.6325238404520197
 0.0057836823226367819
 0.64144077042886694
 0.94367531037086794
 0.98007362009303423
 0.62898014459081497
 0.14256028649333857
 -0.38401924169823431
 -0.80241937129473573
 -0.99477550209621857
 -0.90690032188843428
 -0.56354853854558129
 -0.061443402872273095
 0.45797052790453185
 0.84837275587215955
 0.99120843900269218
 0.67981218755884387
 0.056884685016295664
 -0.59211083662887876
 -0.96976519508238013
 -0.95805393366806602
 -0.55598015649044341
 0.10087751086643779
 0.71150697322336109
 0.99608070785101932
 0.90104289466802956
 0.41830364459012159
 -0.2561277524118542
 -0.71470848232620454
 -0.97195363997356965
 -0.9553964751913302
 -0.66970119209764278
 -0.043201793907063295
 0.47413188509153664
 0.92633675970593021
 0.98862632083086599
 0.66630283315164507
 0.19086826898829903
 -0.4781477145899844
 -0.92804736212390482
 -0.98792921227539277
 -0.76950837226522373
 -0.3343146628608224
 0.19505651278163802
 0.77512074157576627
 0.9892592595431221
 0.92472040895279062
 0.59968498202758747
 0.10571645577289666
 -0.5519298475756903
 -0.95664835839469498
 -0.97094096211380831
 -0.59602428583060985
 -0.10117423816771128
 0.5557322250071377
 0.90288604333125377
 0.99569409310606349
 0.7085011374022121
 0.096629910582989392
 -0.42631228071664012
 -0.90483976383030618
 -0.96871468726843024
 -0.70527098121422882
 -0.092083567790262444
 0.56330213157844045
 0.96054856688459667
 0.96757123444803605
 0.70202611666406234
 0.087535304603103034
 -0.56706950284859436
 -0.96180860780868604
 -0.96640760301753192
 -0.58125796803355856
 -0.08298521587512632
 0.570825047935834
 0.96304859030171963
 0.91394475181720136
 0.44601589492410787
 -0.074814073870330539
 -0.57456868851859633
 -0.91246554077811393
 -0.96401990181623187
 -0.69220395107927979
 -0.07387994139958845
 0.44685409141316507
 0.84170795568265511
 0.99278065370158464
 0.68890093284016052
 0.22094047744293438
 -0.45093483801550066
 -0.91616441098525458
 -0.9615517828446648
 -0.68558354763474372
 -0.21648432361859246
 0.45500618041280882
 0.91798520548608953
 0.99164375835976593
 0.78595322204321882
 0.21202365503335402
 -0.4590680336976013
 -0.91978685548894856
 -0.99104428369290198
 -0.67890595335821213
 -0.20755856471407064
 0.46312031316029723
 0.92156932342057896
 0.99042414088762409
 0.78027343914827174
 0.35031731564544222
 -0.1783242704825769
 -0.65673136249930986
 -0.95013521478378304
 -0.97588306195568009
 -0.72672165646975961
 -0.27284053070302011
 0.25790060966425687
 0.71599035702475844
 0.97238342408277312
 0.89824805940904495
 0.54683040793766702
 -0.11178320076887521
 -0.60455758547018779
 -0.92702624350260188
 -0.95348647101915107
 -0.66493377380123675
 -0.18906719242150347
 0.34006019714006264
 0.77339158582922674
 0.98885619194910468
 0.857110808271628
 0.47277874749732191
 -0.19685542898778999
 -0.67084125212111589
 -0.95584903632520846
 -0.92402056316002312
 -0.59821595481748824
 -0.10389207661767016
 0.55345867533186877
 0.95718103297928936
 0.97050030191356751
 0.71042665820872652
 0.25022364522785162
 -0.28046813632438389
 -0.82763055278471998
 -0.99552236145793405
 -0.80692988855390591
 -0.3910227903042498
 0.13503662767037736
 0.62305581332464688
 0.97853628148425009
 0.88559196763026304
 0.52317645471332352
 -0.13956009696432306
 -0.62662129028422675
 -0.93716134359552705
 -0.98370017111308861
 -0.753127642339529
 -0.16150184399745757
 0.36625460912711483
 0.79083601515553159
 0.99263648935220927
 0.84235311909883148
 0.30605236660041529
 -0.22422662777892702
 -0.79362272092752495
 -0.99933266123041298
 -0.83988321914591291
 -0.30170160445706029
 0.2286747134015723
 0.79639287576986018
 0.99915543202345991
 0.83739580350482012
 0.29734455035419366
 -0.37896804302315962
 -0.79914642191117558
 -0.99895736552083214
 -0.83489092405042653
 -0.29298129515776905
 0.23755648501086721
 0.80188330192653412
 0.99468345213335263
 0.90727822208785613
 0.56428993326169141
 -0.090892573300825938
 -0.70442257996085966
 -0.96841717214025003
 -0.9053483207109061
 -0.42739385794239843
 0.095439428204702317
 0.59138713460901471
 0.9695457157469568
 0.95831083395916361
 0.55672614413946964
 0.053221287007395146
 -0.59506350357818594
 -0.97065403956592933
 -0.90143191572797576
 -0.55292679437222758
 0.10452707208795833
 0.71408028284175851
 0.99639851903967125
 0.89944549379827754
 0.41496828973321476
 -0.25967259899758555
 -0.81531572463701174
 -0.99677535753715751
 -0.89744031401458657
 -0.41080901005781545
 0.11360599640634392
 0.60601784512847734
 0.97385746326781586
 0.89541641819476969
 0.40664116299784314
 -0.11814195202461263
 -0.6096441166906682
 -0.92940766323701485
 -0.95153739748293498
 -0.66013910966499056
 -0.030408148362403718
 0.61325767418022203
 0.9310833362059745
 0.95012306242617495
 0.65670197545551967
 0.17828592717302102
 -0.35035381379284491
 -0.78029781049337732
 -0.99988845044492602
 -0.76126944716425282
 -0.32222181928327015
 0.20759668369791792
 0.67893456395442775
 0.95901449450719023
 0.91977156312829089
 0.45903341434928396
 -0.21206173668037664
 -0.7859773146643847
 -0.99971032950275429
 -0.8465834875396222
 -0.3135621962710235
 0.21652236713460116
 0.68561191540660993
 0.99222740220420502
 0.84414400357421737
 0.30922253061480248
 -0.22097848203457671
 -0.68892917831117184
 -0.9628064113552679
 -0.91430872801111318
 -0.44681923025039266
 0.073918802608300443
 0.69223207366038986
 0.96403025988638702
 0.96425816416304733
 0.69285158515640288
 0.22626658887462139
 -0.30405839970124193
 -0.7487292042002629
 -0.99941993537090434
 -0.87607732087417323
 -0.36820208639785201
 0.15943521000682429
 0.75174855637980043
 0.99956503646147654
 0.78932008124946829
 0.36395237167729799
 -0.16394183763792963
 -0.75475223091153765
 -0.98414184066157395
 -0.87163696318853046
 -0.35969506676312935
 0.31708096505067956
 0.84855123219946904
 0.99116376507064319
 0.78367946803068511
 0.35543026044102649
 -0.17294474200973087
 -0.76071229679451158
 -0.9857208902953204
 -0.93304888471162306
 -0.61753414561920106
 0.024984725418574237
 0.53303224931372117
 0.89092295318197434
 0.99783792769991442
 0.72733806171726545
 0.27370411627369895
 -0.40167852086338901
 -0.89298765294404692
 -0.97507558271538564
 -0.61032463292808226
 0.034114148222200179
 0.66291975381261714
 0.95267116533126794
 0.97405218668758209
 0.60670074653023509
 -0.038677840047918133
 -0.66633189017258843
 -0.98863218055096425
 -0.92632207998686111
 -0.60306420744351308
 -0.10992129740319681
 0.54839798095114078
 0.8990698428787568
 0.9964709716330199
 0.81316317040762698
 0.25609008430907576
 -0.27464242069930522
 -0.82421180562099217
 -0.99607726043598532
 -0.71147959085644441
 -0.25167299460489323
 0.42248257415206769
 0.82678925275949267
 0.99566277613826715
 0.80781333690788515
 0.39240040222005296
 -0.2834130729102643
 -0.73423846992589381
