# Created by Octave 8.4.0, Thu Dec 11 09:47:22 2025 IST <gamana@Samsung>
# name: iq
# type: matrix
# rows: 2048
# columns: 1
 0.99706007033948296
 0.8958330830115131
 0.40749676511192734
 -0.11721173552297842
 -0.60890133064396568
 -0.97467563508643473
 -0.95182505386520067
 -0.53840448048633571
 -0.031344426666491253
 0.48454544831307755
 0.9307412043625467
 0.95041478686084535
 0.65740811854692949
 0.17920756624578818
 -0.48853519495787168
 -0.93240144544834269
 -0.98602164326815445
 -0.65396009222976592
 -0.17471292102219657
 0.35375141607369498
 0.86850088041626661
 0.99982764492782827
 0.75891061748844191
 0.17021463217652491
 -0.35801914740060525
 -0.87075548362775734
 -0.98445874839776404
 -0.64702319695337762
 -0.16571279352017626
 0.50044297299076146
 0.87299192731282182
 0.98364649651042202
 0.75293139567673473
 0.31011321061357677
 -0.22006481733715735
 -0.68824991106358091
 -0.99267257301273648
 -0.9146877172569069
 -0.44765705097149988
 0.072984607991762596
 0.69155575910797984
 0.9932140410785969
 0.83972129973922371
 0.4435688105502032
 -0.077538373483401396
 -0.69484718481991314
 -0.99373479575595003
 -0.8372327419467338
 -0.29705977382799137
 0.37924403260955986
 0.88175517967331396
 0.98019252618813468
 0.62944609872927793
 0.14315364154996899
 -0.38346563566337838
 -0.8839001337219804
 -0.9792778829548171
 -0.62589100331904679
 0.014317164436864309
 0.64796433750803051
 0.98467487951336408
 0.87014756089457157
 0.35686575795358699
 -0.17143145822393704
 -0.65143590665126416
 -0.98546104560661119
 -0.93360044124798824
 -0.49143957136519584
 0.023448947172842981
 0.53173182534861707
 0.94937339120327868
 0.93195438336710679
 0.48745724964467341
 -0.028014152610905268
 -0.65833821591201358
 -0.98697170672481427
 -0.93028888966230661
 -0.48346476204753758
 0.18491229583117941
 0.66176881208249749
 0.95220302359858278
 0.9743987219147211
 0.72210331071667855
 0.26638918140600432
 -0.40862424436305445
 -0.81812296642813798
 -0.9969646812229912
 -0.81670014042814298
 -0.40636866435859498
 0.11843811123967478
 0.60988050752199152
 0.92951769366217263
 0.98730689364631385
 0.76696871253595067
 0.18248437222101171
 -0.48562539556399231
 -0.86455865896230799
 -0.99994309558021077
 -0.76403033079695037
 -0.17799244441910247
 0.35063314737503665
 0.86684455914106351
 0.98581512268540761
 0.76107601527488455
 0.17349680460094399
 -0.35490626986012647
 -0.78333115921436058
 -0.99980395440413061
 -0.84884768600070171
 -0.31761252689779229
 0.3591719908072325
 0.87136207831000456
 0.99970310675110219
 0.84642470283328231
 0.31327897070961552
 -0.21681353546072546
 -0.68582900348661102
 -0.96164433703970265
 -0.91602919982827036
 -0.4506338234743309
 0.06966135126844894
 0.68914533015244894
 0.99282104490079037
 0.9141878894328731
 0.44655238580789536
 -0.074216236599828955
 -0.69244728475509543
 -0.99335691254234948
 -0.83905004463376487
 -0.30023946390148659
 0.37615908234565687
 0.79731920643367349
 0.99387206381583204
 0.91044811152414251
 0.43836165735905963
 -0.2346087439461009
 -0.80006716347485207
 -0.99436648797780181
 -0.83404602882728585
 -0.29151500094968152
 0.38460591340230282
 0.80279843518809202
 0.99484017471709107
 0.83151790381238011
 0.4301343611309012
 -0.092419350775549594
 -0.70551000982053125
 -0.9687983227001733
 -0.95917317570695038
 -0.67934600227974873
 -0.056250228351296921
 0.59262281808500161
 0.92133642208986943
 0.95787162097705481
 0.67598778716342178
 0.20367611970904997
 -0.32601173556565088
 -0.8535038514756933
 -0.99994026315875784
 -0.77778605465602391
 -0.34659874936696677
 0.33032554306011602
 0.85587460041102437
 0.99997975150891727
 0.86238753857084249
 0.48185811012784718
 -0.034412226326070341
 -0.54098853304387418
 -0.95276179274796713
 -0.92792170728734635
 -0.60646362901863526
 0.038975868375956735
 0.66655425462834572
 0.95413885114572949
 0.97293960590383544
 0.6028262662184477
 0.10962484661941579
 -0.5486473611136512
 -0.95549601106452198
 -0.92447833088141018
 -0.59917633153129735
 0.04810061880376932
 0.67333494291237483
 0.95683324420089355
 0.97078868493983261
 0.7112699746563621
 0.25138433026619494
 -0.42275288344574552
 -0.90315903864523062
 -0.9696828445732264
 -0.59183905123294156
 0.057221356716363872
 0.68005946213323143
 0.95944781899102105
 0.9191687592134139
 0.58815185864004971
 0.091450774980200711
 -0.43101227257150254
 -0.83205784055189824
 -0.99474101974739715
 -0.70157342122455979
 -0.08690225208096268
 0.56759280932219036
 0.90895566155885299
 0.96624408194516875
 0.698311884064443
 0.23366308595342544
 -0.43923570699769482
 -0.9108500101553022
 -0.96505749357654713
 -0.57701699460184863
 -0.077799864163606514
 0.44333372670715848
 0.83957884657315829
 0.99324451062833596
 0.6917451883744351
 0.073246188974974799
 -0.44742250073204154
 -0.84205089924673893
 -0.99947097594890577
 -0.7911789548115935
 -0.36677613873400783
 0.1609486409301393
 0.75275876160493482
 0.98359922291909652
 0.93735676535810908
 0.50067003238648233
 -0.16545413114529683
 -0.75575715845970359
 -0.99972633443905379
 -0.78556015859060346
 -0.35826403244495147
 0.16995617082962328
 0.75873979406764036
 0.98520555414963917
 0.8686308609726765
 0.35399672753549227
 -0.17445466609343432
 -0.76170660622616937
 -0.99989829655683926
 -0.86635918424039315
 -0.48876403164850379
 0.17894952312104839
 0.76465753306271111
 0.98672970031970908
 0.86406943966609229
 0.34544005915608184
 -0.18344064817265887
 -0.66064556209724501
 -0.98746091400676894
 -0.92915854587502744
 -0.48077559422967447
 0.035646446504003219
 0.66406688989070484
 0.98817153428625504
 0.85943593837696164
 0.3368545744428309
 -0.19241132777952227
 -0.77341438789128647
 -0.98886154633826362
 -0.85709227829338019
 -0.33255124967947286
 0.34438496802205415
 0.77630116135875893
 0.98953093577264317
 0.85473074362827628
 0.4687179486717028
 -0.2013659565870686
 -0.77917174513612353
 -0.99991369601748914
 -0.85235138363122587
 -0.46467907137845199
 0.20583701845338415
 0.67761300134487346
 0.95850332277440242
 0.96938031739622599
 0.59084313838376756
 0.094768043247161982
 -0.5610722916725851
 -0.90563452989963877
 -0.99507674247845379
 -0.80420278370808562
 -0.386782433394182
 0.13959571509328172
 0.62664932234565274
 0.97947441103636879
 0.88344480975007722
 0.38256711674833077
 -0.14411625057484284
 -0.63020162794834811
 -0.98038470181884685
 -0.88129593516468974
 -0.37834382170007552
 0.29798841980098012
 0.74449470450516952
 0.98127454676752734
 0.94162633855895717
 0.63671910177639957
 -0.00035520609580435376
 -0.63726673695191594
 -0.98214392732476352
 -0.94007909346897933
 -0.63319109472817048
 -0.14793122191009037
 0.37900132998757796
 0.7991680444144863
 0.99420666880394015
 0.83487112493613869
 0.43560076978030499
 -0.23759142540159833
 -0.70119952048348844
 -0.99468715569620947
 -0.83234869697174474
 -0.43148555329274274
 0.090928394588826081
 0.5877275347374693
 0.91896202514489145
 0.95959555493752691
 0.56048409449701031
 -0.095475234185722443
 -0.5914161401871515
 -0.96955452460525537
 -0.95830055564405059
 -0.55669626344285916
 0.10002008265532036
 0.59509241170698868
 0.9706626890687553
 0.9014163428770583
 0.55289682253873451
 -0.10456284521516176
 -0.59875627262871844
 -0.92427822099980073
 -0.9894281587390571
 -0.67034093276055851
 -0.044062760124450776
 0.47337294548867787
 0.85745804000306258
 0.99999457388324242
 0.77296386191977384
 0.19171414158187602
 -0.33752338274773352
 -0.85979891506325046
 -0.99999919043919605
 -0.85849662577286689
 -0.47515292767449607
 0.19421120669451822
 0.66883926026355789
 0.95505324215194976
 0.92504810217897204
 0.47112971399971271
 -0.19868893592561135
 -0.77745624266941105
 -0.999945859213213
 -0.8537770782998112
 -0.46709667495756185
 0.05116629481860268
 0.5550155623611589
 0.90251524314443954
 0.97004763859141163
 0.70910904562404031
 0.097487628719073738
 -0.55880854320983553
 -0.95902468630621518
 -0.96892820327769935
 -0.58936210966894675
 0.060285513420233333
 0.56258987015718354
