# Created by Octave 8.4.0, Thu Dec 11 09:47:23 2025 IST <gamana@Samsung>
# name: iq
# type: matrix
# rows: 2048
# columns: 1
 0.99706007033948296
 0.8958330830115131
 0.40749676511192734
 -0.11721173552297842
 -0.72295709950342013
 -0.99739959216031482
 -0.81477298767905471
 -0.40332217000396425
 0.27197672523161615
 0.72610466550790553
 0.9756866937503218
 0.95041478686084535
 0.65740811854692949
 0.17920756624578818
 -0.34947630729317497
 -0.86622816469789188
 -0.98602164326815445
 -0.7618765189682617
 -0.32310844176316006
 0.35375141607369498
 0.86850088041626661
 0.99982764492782827
 0.75891061748844191
 0.31878331613078459
 -0.2111462234393818
 -0.78539783471713998
 -0.99152754231630602
 -0.84708169348121221
 -0.4558054392076315
 0.06387260574650877
 0.5655575416944385
 0.90792318296106844
 0.99452407799023024
 0.8009644889521762
 0.23606395286305812
 -0.29444976525794719
 -0.74201608110504058
 -0.98055419032676894
 -0.94286717569706102
 -0.51460144259673235
 0.14948593972267568
 0.74506978139404401
 0.99921737728844184
 0.87871764054369417
 0.37331329069111102
 -0.30316589222440382
 -0.74810794332050845
 -0.99938759605057081
 -0.79268712746483883
 -0.36907284080929581
 0.15851039745388298
 0.75113050352384558
 0.98315072229002243
 0.93821436618430221
 0.50280659161546182
 -0.010350251264736661
 -0.52059139660806109
 -0.88418034830145964
 -0.97915629473220078
 -0.73730478749012174
 -0.28775225948871086
 0.38823179124436774
 0.80513623386238631
 0.99523132916447776
 0.82932768418888192
 0.28337570269565582
 -0.39243624425178625
 -0.80783630538709628
 -0.99818451591765156
 -0.73110392955089265
 -0.27899323612809723
 0.25171070789058819
 0.71150697322336109
 0.99608070785101932
 0.90104289466802956
 0.55217853356912594
 0.047763785425921447
 -0.4701061676157352
 -0.924606838619073
 -0.98930281167432299
 -0.66970119209764278
 -0.043201793907063295
 0.6030952912798444
 0.97301746871639383
 0.89704391948377393
 0.40999034014640989
 -0.26494572488577295
 -0.72106671853433502
 -0.97406100526838946
 -0.89501634929027651
 -0.40582081906933309
 0.11903337424526578
 0.61035550082890577
 0.97508422786670002
 0.95126092405016316
 0.65946449936692297
 0.029510794185211624
 -0.61396655002752176
 -0.93141046865899646
 -0.94984269133657262
 -0.65602466714103314
 -0.17740248146386889
 0.3511945275298724
 0.78085896061920368
 0.99055302875026752
 0.85093822053706958
 0.32137181495173944
 -0.20847479903427638
 -0.67959342251120436
 -0.99116893315155996
 -0.91941886397094896
 -0.4582356449188979
 0.061145710446713887
 0.56330213157844045
 0.90677461397837034
 0.9948059055471814
 0.80259732136130291
 0.38429460930068043
 -0.14226507325346605
 -0.74018166945770114
 -0.98001433309629538
 -0.88217830293203281
 -0.38007457143186141
 0.14678384561394461
 0.63229280300308699
 0.93968293784994705
 0.9422543971860986
 0.51302763845452037
 -0.15129955681067098
 -0.74629210187906125
 -0.99928825965359569
 -0.79434981808530758
 -0.37161080460618734
 0.15581211266888473
 0.63934227975830582
 0.94276776507499982
 0.93915636712574746
 0.6311018954839811
 -0.0076181230326295875
 -0.51825665415879041
 -0.8829006957461899
 -0.99882890251600831
 -0.83338394294207974
 -0.43317216973771422
 0.089065532696427044
 0.58621320130821164
 0.96795814139299452
 0.9061258460031163
 0.42905162994117213
 -0.24464011300195559
 -0.80622289134105818
 -0.99834535313919615
 -0.82830124935140881
 -0.28161594200985629
 0.39412290151306734
 0.80891620192005398
 0.99807234521878718
 0.82573396474510707
 0.42078379296997381
 -0.25348569980377744
 -0.81159264262521913
 -0.99624128978261961
 -0.9002457090423186
 -0.55064815002270362
 -0.04593131769919901
 0.60091361986429004
 0.97238342408277312
 0.89824805940904495
 0.54683040793766702
 0.041368952820961244
 -0.47574626322942415
 -0.92702624350260188
 -0.98834876453294618
 -0.66493377380123675
 -0.18906719242150347
 0.34006019714006264
 0.86117259145060643
 0.99999212465582799
 0.76833551042733583
 0.18458087970620446
 -0.48375992560273723
 -0.93041253877199881
 -0.95069359293406575
 -0.53530907675414618
 -0.027677062390549571
 0.48775166536439363
 0.93207659845760404
 0.94926739928405801
 0.65463900799968555
 0.17559679966514621
 -0.3529115658832479
 -0.78200366055506254
 -0.99080292478462006
 -0.84997319852775233
 -0.31963410662009878
 0.21026862166832103
 0.78484181438558576
 0.99975279918023063
 0.84755847652366645
 0.45660433063788697
 -0.062976656095421718
 -0.68427531959362287
 -0.99199745370587877
 -0.91688258074593865
 -0.45253670899120069
 0.067533640132021358
 0.6875983345796387
 0.99256369226162755
 0.84267605597806827
 0.44845964973260072
 -0.22364234870074773
 -0.6909070097649046
 -0.99310923099183313
 -0.84020845925899235
 -0.44437323788879984
 0.076643287975348376
 0.57606916446769518
 0.9647528694319546
 0.96353061944121765
 0.57229837309841147
 -0.081195761801170066
 -0.57979598706790159
 -0.91506590390669518
 -0.99255894810305934
 -0.79044509135062824
 -0.36566042720173336
 0.31100361850239777
 0.84514690900176237
 0.99199253296624257
 0.68424690285910295
 0.062937765640475776
 -0.58721328002020379
 -0.96826752051269671
 -0.95977417278507782
 -0.56101025891130574
 0.094842643710131319
 0.59090359568530659
 0.9693987167671404
 0.95848195665734937
 0.55722404967220118
 -0.099387774929510453
 -0.71045408205694227
 -0.97050969629949302
 -0.90169129151887883
 -0.4196631483833223
 0.25468014892050156
 0.71366046350530787
 0.99634750575784725
 0.8224475807887246
 0.41551366535015938
 -0.10847172445420077
 -0.60190029667792921
 -0.92577170863838576
 -0.98885038991703345
 -0.77336688246613405
 -0.34002355145909097
 0.18910545721954594
 0.6649628784053786
 0.9883546949159574
 0.85882233579194722
 0.47571198750746807
 -0.19358779290802877
 -0.66836670923880226
 -0.95486467296243449
 -0.92528930024995593
 -0.47169014771937318
 0.19806609134066691
 0.67175660134530502
 0.95621121573584256
 0.92354767364821833
 0.46765847087616669
 -0.20254025912300952
 -0.77992273563746839
 -0.99034659876718778
 -0.92178678654374213
 -0.59355680841868841
 -0.098120056271630993
 0.55828143375058858
 0.95884444852267436
 0.92000667565964611
 0.45956594254873184
 -0.21147582959131025
 -0.68184193980649765
 -0.99157128980546694
 -0.91820737812000286
 -0.45550525983347107
 0.21593704592681448
 0.68517537297528308
 0.99215262290844974
 0.91638893144898803
 0.58247566642925475
 -0.068765747042522973
 -0.56959504976055142
 -0.9099676793875584
 -0.9939996218610524
 -0.69656758553488018
 -0.079925956665632389
 0.44142102839570441
 0.83841835543494314
 0.9934897346948528
 0.79525845451364996
 0.37300042776503378
 -0.30348722560178526
 -0.74833167288643443
 -0.98236879196404914
 -0.87636622663844588
 -0.36875940648814054
 0.30783538028013108
 0.75135307850657385
 0.99954717667545245
 0.87415755586709232
 0.50251506956987901
 -0.16335041552555229
 -0.64519521258985024
 -0.94528653874540336
 -0.9790877467046103
 -0.62516016716356593
 -0.13770473754745091
 0.52477213534678935
 0.88646056314994948
 0.97814849400595127
 0.73398302658285619
 0.28305228863950394
 -0.3927463907825941
 -0.88856480988550313
 -0.97718884210939361
 -0.6180055709143798
 0.024385404138185334
 0.65560150530830985
 0.94966724670251723
 0.9316143409800689
 0.61440890274510263
 0.12412259154013992
 -0.53638468848563203
 -0.89271766704429001
 -0.97520842120142426
 -0.72460972568330329
 -0.26988624726652932
 0.26086501504268755
 0.81603017562444879
 0.99724072609621539
 0.8187894891587626
 0.40968274099887381
 -0.26527087964301094
 -0.81866126483892543
 -0.99689131497651151
 -0.71828519146551872
 -0.11051714876850045
 0.54789656673906506
 0.95523078406663564
 0.97208530999528753
 0.59989484973093987
 0.10597726537005564
 -0.55171111329001665
 -0.90079963176166622
 -0.97100369805400089
 -0.59623486975544926
 -0.10143517182540703
 0.55551415395589532
 0.90277326207257647
 0.99571837246654993
 0.80816656237513129
 0.39295175212837735
 -0.28283809894652973
 -0.73383133976659254
 -0.99841779827284749
