# Created by Octave 8.4.0, Thu Dec 11 09:47:23 2025 IST <gamana@Samsung>
# name: iq
# type: matrix
# rows: 2048
# columns: 1
 0.99706007033948296
 0.8958330830115131
 0.54224716769547932
 0.035908561572159783
 -0.48054559651702428
 -0.86162858570636269
 -0.99998815874124891
 -0.76776059380909523
 -0.33173838777682652
 0.19773553989807058
 0.67150675931165982
 0.98965494219090344
 0.85428309712852479
 0.32742682899836506
 -0.34947630729317497
 -0.86622816469789188
 -0.98602164326815445
 -0.7618765189682617
 -0.17471292102219657
 0.49251475324559779
 0.93404224138678449
 0.985250469487432
 0.65049842763434806
 0.17021463217652491
 -0.49648404018293579
 -0.87075548362775734
 -0.99973243577145421
 -0.84708169348121221
 -0.31445154230134043
 0.21560776862847272
 0.6849297096298741
 0.9613048499970458
 0.91652386521001739
 0.451735955545704
 -0.22006481733715735
 -0.68824991106358091
 -0.99267257301273648
 -0.84219234522037123
 -0.30576841154300655
 0.37077718740857579
 0.79380414593267479
 0.99932172244443662
 0.83972129973922371
 0.30141723570001927
 -0.22896505360363265
 -0.79657321781796253
 -0.99373479575595003
 -0.91095823285371369
 -0.43947131954170243
 0.23340805554780536
 0.79932567724122838
 0.99423482618450487
 0.90906497418168908
 0.56780872985143183
 0.066599024229182319
 -0.45337183085077554
 -0.91725607877992499
 -0.96079785708328713
 -0.68359193739244539
 -0.062041763045416379
 0.45743750616528306
 0.91906542379149492
 0.99128758100646241
 0.68025173333747047
 0.20935274634661827
 -0.46149364166221007
 -0.92085560177722303
 -0.99067573919877039
 -0.78141948139773487
 -0.20488505504967391
 0.32484398121003566
 0.76306347130970409
 0.99992600201619608
 0.77856168107880996
 0.34775691095553296
 -0.3291596362235587
 -0.76600708392244765
 -0.98706798589555911
 -0.86301208685108277
 -0.34347161125692577
 0.3334684266427943
 0.85759296924080952
 0.99999540351778604
 0.86069606453987113
 0.33917914848910674
 -0.3377702626083236
 -0.77184632306809275
 -0.98849090621939795
 -0.85836209249050632
 -0.33487961217098988
 0.34206505440574203
 0.77474182782419287
 0.99998138620148591
 0.85601021937775568
 0.33057309196900747
 -0.34635271246754379
 -0.77762117540992637
 -0.99994309558021077
 -0.76403033079695037
 -0.17799244441910247
 0.4896123951713961
 0.86684455914106351
 0.99988395123660889
 0.8512529665268137
 0.32193945930560336
 -0.35490626986012647
 -0.78333115921436058
 -0.99108925768113243
 -0.91965447150011992
 -0.458768420102943
 0.06054731728429652
 0.68249837391928281
 0.99168720564712287
 0.91785140651800046
 0.45470586321335715
 -0.065105013155937183
 -0.68582900348661102
 -0.99226447206662238
 -0.84398406755565658
 -0.30893888111699319
 0.36768087239880365
 0.79177346594786169
 0.99943886783086799
 0.84152583106705137
 0.30459234863209911
 -0.22572055441760619
 -0.69244728475509543
 -0.96410949048091532
 -0.96417909475583619
 -0.5742926551933929
 -0.074477793700477926
 0.44631769078305872
 0.91408155714959471
 0.9629577125917067
 0.57054813287203821
 0.069922994692288284
 -0.45039966562289363
 -0.91592396357618688
 -0.96171624803204947
 -0.68601985967528778
 -0.21706957207182662
 0.4544722474186727
 0.91774726849180999
 0.96045472696749501
 0.68269004969697578
 0.060809116983152368
 -0.45853535123706013
 -0.84870900418237416
 -0.99112415953073163
 -0.67934600227974873
 -0.056250228351296921
 0.59262281808500161
 0.96992008031741128
 0.95787162097705481
 0.55545184092149236
 0.051690166626058617
 -0.46663278619843457
 -0.8535038514756933
 -0.98986864202460945
 -0.67261547438327629
 -0.047129026907081685
 0.47066694847015184
 0.85587460041102437
 0.98920991118715429
 0.77490763686045938
 0.1947257580520656
 -0.4746912950254723
 -0.92657595352213129
 -0.98853055046695493
 -0.77201305843660495
 -0.33801711923289846
 0.33893240150115228
 0.860562501651286
 0.98783057403202179
 0.76910237975061224
 0.33371568541195351
 -0.34322527295248667
 -0.86287955619046985
 -0.9999730885191962
 -0.76617566150442962
 -0.18126999201027524
 0.34751098647196554
 0.77839705386729208
 0.99992915833028506
 0.85299658942327106
 0.46577226419855994
 -0.052661536885855127
 -0.55626042145876686
 -0.95815052266696876
 -0.9696828445732264
 -0.70805253408118418
 -0.24696165236387882
 0.28369908452689208
 0.8295160634890768
 0.99519837909198194
 0.80493618572279035
 0.3879209992123559
 -0.28807520130343556
 -0.83205784055189824
 -0.99871016201380958
 -0.88402276669574964
 -0.52030344573097032
 0.14289405503088268
 0.62924227162023949
 0.93833100971718231
 0.98308902348526839
 0.64118202727612839
 0.005446466656266781
 -0.63278499592379212
 -0.98103592407932882
 -0.87971658210087067
 -0.37525764885050583
 0.3011671405145831
 0.83957884657315829
 0.99324451062833596
 0.6917451883744351
 0.22477285582009482
 -0.30551867984392073
 -0.84205089924673893
 -0.99947097594890577
 -0.7911789548115935
 -0.22032066295107569
 0.45150194380135911
 0.84450539102537403
 0.99960907857219627
 0.87311982178659209
 0.36252386579059354
 -0.16545413114529683
 -0.75575715845970359
 -0.98441265345254958
 -0.87088442248734499
 -0.49671169676217664
 0.017386237901099992
 0.65029919933927494
 0.94745094821337439
 0.93413588692046379
 0.61991727432530874
 0.13106606358576089
 -0.39470685938945244
 -0.88954118301675544
 -0.97673368626990587
 -0.61632746616600498
 -0.1265373853312915
 0.53432888159210612
 0.89161822963160164
 0.99773598681172548
 0.82278845535517475
 0.27222911179731163
 -0.25851453458985668
 -0.8146208931956872
 -0.99741846053125105
 -0.72313828409462411
 -0.11747220654559611
 0.54202677389073506
 0.89571649608114523
 0.99708013317948641
 0.8175632376215648
 0.263429384064785
 -0.26732660262920321
 -0.72277586517827686
 -0.9973806551759018
 -0.81492502611226691
 -0.25902123359623186
 0.27172431995601209
 0.7259242988997987
 0.99770057115957789
 0.89185562410311559
 0.53477221143632692
 0.027041826074332108
 -0.61591429094295513
 -0.97662105565601998
 -0.88978071120295688
 -0.39518878000658209
 0.13054600469839833
 0.61950557935190098
 0.93394853159813018
 0.94761862707272504
 0.6506976111800985
 0.1704730818139559
 -0.49625634944937436
 -0.87062648486684047
 -0.98450477561973526
 -0.64722315768840744
 -0.013344562320217936
 0.50021587916838484
 0.9371738928716784
 0.94466188428579101
 0.64373520641664106
 0.16146634585720937
 -0.50416497693069873
 -0.93875727320841684
 -0.94315394611726344
 -0.64023383010566237
 -0.15695787985318554
 0.50810356037829052
 0.8772842918386542
 0.99933134669386681
 0.83986369513887471
 0.30166731015025761
 -0.22870973038454406
 -0.79641462932165763
 -0.99915395334485979
 -0.74402022533661394
 -0.29731020684864817
 0.37900132998757796
 0.88163142853847265
 0.98024443682979456
 0.74096119032825236
 0.1434132182211777
 -0.38322338967362934
 -0.88377743994263036
 -0.99873665898641506
 -0.73788670264166656
 -0.13889222366261242
 0.38743745727073825
 0.8046248177948423
 0.99514689847830351
 0.90533304465219033
 0.56048409449701031
 0.057745055301892521
 -0.46126094313928362
 -0.92075330497514141
 -0.99071143879023971
 -0.6770903799978768
 -0.20514176692661742
 0.32459591128292553
 0.76289392539196699
 0.98628238008474745
 0.9318320622966344
 0.61488179360742934
 -0.028351239645533603
 -0.53587862659085617
 -0.8924473602973515
 -0.99761093449210159
 -0.82174444767227495
 -0.27046345643873931
 0.26028622188069594
 0.81568351013060969
 0.99728505146395308
 0.72186998516592915
 0.11565022938906054
 -0.40893200362750154
 -0.8183168365787411
 -0.99693837014674846
 -0.8165054964834555
 -0.4060605193418762
 0.11877295193178608
 0.61014771823920522
 0.92964200032564304
 0.9513417760410976
 0.65966164416892148
 0.18215280322778285
 -0.34666904124527759
 -0.86472807410797525
 -0.98651616079302507
 -0.65622259989165388
 -0.17766059811468488
 0.35094893923134723
 0.86701264097890396
 0.98575846919369059
 0.76085722933077538
 0.32162017358082473
 -0.3552215182091768
 -0.78354073279034975
 -0.99113411896468162
 -0.84866937008156818
 -0.45846875433808681
 0.21268271497752866
