# Created by Octave 8.4.0, Thu Dec 11 09:47:23 2025 IST <gamana@Samsung>
# name: iq
# type: matrix
# rows: 2048
# columns: 1
 0.99706007033948296
 0.81741217677477895
 0.2631763561998442
 -0.41166286191191009
 -0.89785314323009247
 -0.97259255895290297
 -0.60163096747855127
 -0.10813648706951674
 0.54989853666459632
 0.95593663795513129
 0.97152058492562143
 0.71342420240216764
 0.25435403320662997
 -0.41996921323270014
 -0.82522724334078956
 -0.99801622712169602
 -0.80944368883232731
 -0.24993486888935224
 0.42410929452530416
 0.90380080945259256
 0.99549412439592866
 0.70699443523279637
 0.094506937438585861
 -0.56128938152206265
 -0.90574572222887484
 -0.99505071406714374
 -0.80404686683955928
 -0.38654055032865986
 0.13985542515412888
 0.73854284938133441
 0.99878506466934591
 0.88332189054261379
 0.5190242297318719
 -0.14437579056859726
 -0.74161405106639489
 -0.99899969140049327
 -0.79858297189933158
 -0.23220701116232156
 0.44058031145546378
 0.83790744708233544
 0.99919348408392272
 0.87900365099550504
 0.51119579255227765
 -0.15340739435657474
 -0.63746884165893469
 -0.94195336044907441
 -0.93998963405957092
 -0.50726554167848714
 0.15791844437680813
 0.75073460377554946
 0.99951855157608782
 0.87461208566586512
 0.50332471182795113
 -0.0097507775814606734
 -0.52007944302982734
 -0.8839001337219804
 -0.9792778829548171
 -0.73770965602296679
 -0.13863247807766196
 0.52397452491172358
 0.8860266541137356
 0.97834281697030223
 0.73461889791047752
 0.28395058142647778
 -0.39188476247376564
 -0.80748280845543519
 -0.99561046985879564
 -0.82710443109173448
 -0.27956888546549696
 0.25113046123705945
 0.81016824749014416
 0.99793771528696562
 0.82452909748853165
 0.27518135912083291
 -0.25554820013760671
 -0.71428904737035315
 -0.9718124784500537
 -0.95557335273441868
 -0.67014628176077173
 -0.19593694714062365
 0.47360396434939761
 0.92611076224270938
 0.95421733651916474
 0.54504354703316671
 -0.11390231364833965
 -0.7206512132819296
 -0.99715393876895353
 -0.81670014042814298
 -0.2619847133958928
 0.4127880280337809
 0.820740489024255
 0.99659874386674296
 0.81405635073808913
 0.25757478171841441
 -0.4169432030477333
 -0.90039247786769683
 -0.9962120225343184
 -0.81139558397687261
 -0.39800651997194264
 0.27755511442268971
 0.73008157988849232
 0.97694182433784282
 0.94859455951793425
 0.52963836788862773
 -0.1320303058023965
 -0.6206802229306233
 -0.9779066548749713
 -0.88699683797548301
 -0.5257592578226381
 -0.016413681660202538
 0.49755567898470887
 0.87136207831000456
 0.99970310675110219
 0.84642470283328231
 0.31327897070961552
 -0.36343022125511892
 -0.8735936030877316
 -0.99958141038069237
 -0.84398406755565658
 -0.4506338234743309
 0.06966135126844894
 0.68914533015244894
 0.99282104490079037
 0.9141878894328731
 0.57802520069364793
 0.079031039481038554
 -0.57407791745470427
 -0.96410949048091532
 -0.96417909475583619
 -0.69263648984203974
 -0.22597606066310341
 0.3043425181213476
 0.74892687579832318
 0.99943004815055925
 0.79193364505529973
 0.22152512631064028
 -0.45039966562289363
 -0.84384335826177637
 -0.99229699825105167
 -0.68601985967528778
 -0.065366737446402923
 0.5852413956952025
 0.96765636088201856
 0.96045472696749501
 0.56302347038087841
 -0.092419350775549594
 -0.70551000982053125
 -0.9687983227001733
 -0.95917317570695038
 -0.67934600227974873
 -0.056250228351296921
 0.59262281808500161
 0.92133642208986943
 0.99050672924155281
 0.78064825179414798
 0.20367611970904997
 -0.46663278619843457
 -0.92310219592082832
 -0.95655008992160562
 -0.55164861080812788
 0.10605178105953815
 0.59995480435262905
 0.92484871853944095
 0.95520861010101676
 0.66922913426856767
 0.042566904316534378
 -0.4746912950254723
 -0.85822750015938709
 -0.99999838537229402
 -0.86006665733274223
 -0.33801711923289846
 0.33893240150115228
 0.860562501651286
 0.98783057403202179
 0.76910237975061224
 0.18575915252785319
 -0.34322527295248667
 -0.77552208599333883
 -0.98935194803207749
 -0.85537113379660201
 -0.46980850632099586
 0.20015612234780542
 0.67333494291237483
 0.95683324420089355
 0.97078868493983261
 0.7112699746563621
 0.10054200436666021
 -0.42275288344574552
 -0.82695698694418485
 -0.99563498366487102
 -0.70805253408118418
 -0.095997390681856934
 0.42688702935371275
 0.8295160634890768
 0.9984678775029745
 0.80493618572279035
 0.3879209992123559
 -0.28807520130343556
 -0.7375325586554845
 -0.97922473141210453
 -0.94506629297245326
 -0.52030344573097032
 0.14289405503088268
 0.74060881724670391
 0.99893161851503542
 0.88187887015013433
 0.37948670914245436
 -0.14741240706340067
 -0.74366963050838819
 -0.99913224238819642
 -0.79673175151610309
 -0.37525764885050583
 0.3011671405145831
 0.83957884657315829
 0.99931202944930153
 0.87753594764229947
 0.50855529701815605
 -0.0036869410735316153
 -0.51489055655288429
 -0.88104792251660446
 -0.9990113855659839
 -0.74178997201371843
 -0.14463532063038551
 0.38208240309828206
 0.88319891056935484
 0.99879795529096516
 0.73871965688208541
 0.14011512559396239
 -0.5226986699188424
 -0.88533147958915415
 -0.97865164003263161
 -0.6234941541662522
 0.017386237901099992
 0.65029919933927494
 0.94745094821337439
 0.97770285810336988
 0.73253287317743021
 0.28100613039472744
 -0.24968090147450372
 -0.80928964907531076
 -0.99589306163665337
 -0.90195034323742196
 -0.42020723065496823
 0.10333455741059976
 0.59776668361302476
 0.9238061010348807
 0.95601360429414595
 0.67125684091562299
 0.04529650493705354
 -0.60142144191066849
 -0.92554488003732771
 -0.95466411877607582
 -0.54629825097485496
 0.1124146696063112
 0.71961235803183343
 0.99703993890935871
 0.8175632376215648
 0.263429384064785
 -0.41142381977103759
 -0.8977376304468816
 -0.99672101181221351
 -0.81492502611226691
 -0.25902123359623186
 0.41558182680600181
 0.89974004257597251
 0.99634110391888031
 0.81226981941563969
 0.39937963465958909
 -0.27611637049686544
 -0.7290575935360607
 -0.97662105565601998
 -0.88978071120295688
 -0.53090778593700405
 -0.022476508495481912
 0.61950557935190098
 0.93394853159813018
 0.98529531704751827
 0.6506976111800985
 0.017910722171062571
 -0.49625634944937436
 -0.93557096785863769
 -0.94615012161663581
 -0.52314579966074126
 -0.013344562320217936
 0.50021587916838484
 0.8728639727838754
 0.99962360723391863
 0.84478620458292519
 0.3103625522847524
 -0.21980895658447358
 -0.68805960798840127
 -0.96248175678768133
 -0.96576984171147617
 -0.57924634576443579
 0.072723021987780773
 0.57285131597583161
 0.96371087967815416
 0.91293956129574116
 0.57551774398311595
 0.075970812445554814
 -0.57658848534133278
 -0.96491990446587583
 -0.96336037320867463
 -0.69041926913453366
 -0.22298493867120009
 0.30726493315548692
 0.75095733059333059
 0.99952895764717375
 0.79005568291226769
 0.21853088889063887
 -0.31160751590123287
 -0.75396512742134258
 -0.99965868631257737
 -0.87222403267404025
 -0.49908119296237063
 0.16726305010571701
 0.64822115199523045
 0.94657336656161561
 0.93510758318871434
 0.62205885630624247
 -0.019220412485174646
 -0.52814506197965061
 -0.88828962711363857
 -0.97731598449780854
 -0.73128285119524605
 -0.12924718682223069
 0.39639172952169083
 0.89037777807928542
 0.99791601243492889
 0.82433824438349557
 0.41854186373866809
 -0.10515904404881884
 -0.5992363264894498
 -0.97189192478739406
 -0.95547390137131483
 -0.66989594845132772
 -0.19560625154617511
 0.33378632655868862
 0.76915027238281941
 0.98784222664825339
 0.92825599487008159
 0.47863994687511247
 -0.038078777750887242
 -0.66588474714962409
 -0.98854186490453733
 -0.92654776616293766
 -0.60354231895386923
 -0.11051714876850045
 0.54789656673906506
 0.95523078406663564
 0.92482021438637707
 0.59989484973093987
 -0.047203881500806025
 -0.672670926025842
 -0.9898792794040554
 -0.92307337556835656
 -0.46656650589086629
 0.051765004297932744
 0.67604300803596629
 0.9905170277556401
 0.92130728613903012
 0.5925624553559925
 -0.056325047540602191
 -0.55930560942458629
 -0.95919436693370819
 -0.91952198293002108
 -0.45846875433808681
