# Created by Octave 8.4.0, Thu Dec 11 09:47:23 2025 IST <gamana@Samsung>
# name: iq
# type: matrix
# rows: 2048
# columns: 1
 0.99706007033948296
 0.71979445629436789
 0.11267528621267162
 -0.41166286191191009
 -0.82003431881388944
 -0.99669975492155383
 -0.81477298767905471
 -0.25876789299367536
 0.41582037352034329
 0.82263935911185238
 0.99631865342087256
 0.71342420240216764
 0.25435403320662997
 -0.27636844752632383
 -0.82522724334078956
 -0.99801622712169602
 -0.80944368883232731
 -0.24993486888935224
 0.28075440618218883
 0.73235430365016874
 0.97764774684509548
 0.88756644408310237
 0.52680937032475517
 0.017648480643128749
 -0.49648404018293579
 -0.93566355795921996
 -0.94606518067421075
 -0.64702319695337762
 -0.013082302230897626
 0.62685369828083859
 0.93726536135324057
 0.94457581101048138
 0.5190242297318719
 -0.14437579056859726
 -0.74161405106639489
 -0.98043636236127607
 -0.88117195914959878
 -0.37810102247061
 0.14889314503908596
 0.63394365677250586
 0.98132503246572256
 0.94153800602658821
 0.51119579255227765
 -0.00061748905173052778
 -0.63746884165893469
 -0.94195336044907441
 -0.93998963405957092
 -0.50726554167848714
 0.15791844437680813
 0.64098073219064022
 0.98304095823534621
 0.87461208566586512
 0.50332471182795113
 -0.0097507775814606734
 -0.52007944302982734
 -0.94498052573775193
 -0.9792778829548171
 -0.62589100331904679
 -0.13863247807766196
 0.38767924157623307
 0.80478052944019018
 0.995172673015283
 0.82966251550724124
 0.42712419847488775
 -0.24670748503358705
 -0.70786729603693477
 -0.96961871794042342
 -0.95822557211480941
 -0.55647836159153252
 0.10028104696026842
 0.71108558651626785
 0.97072572039354965
 0.90130275558293516
 0.4188481031914722
 -0.25554820013760671
 -0.81283679053972591
 -0.99763417391420772
 -0.72525496053724303
 -0.27078809389396219
 0.25996060960367884
 0.81548838195195372
 0.99679924583888657
 0.8193268979110363
 0.41053706793381189
 -0.11390231364833965
 -0.60625506401228335
 -0.92782390279400195
 -0.9880219015039563
 -0.76989109921219223
 -0.18697249432793983
 0.48162826828313782
 0.862254728491333
 0.99998138620148591
 0.76696871253595067
 0.18248437222101171
 -0.48562539556399231
 -0.86455865896230799
 -0.98657129559318824
 -0.76403033079695037
 -0.17799244441910247
 0.35063314737503665
 0.86684455914106351
 0.99988395123660889
 0.8512529665268137
 0.46282140941885924
 -0.055988358703845706
 -0.67915351091042064
 -0.99108925768113243
 -0.84884768600070171
 -0.458768420102943
 0.06054731728429652
 0.56280668962743263
 0.90652169075643541
 0.99486675030193172
 0.70245292795551217
 0.088132491563609597
 -0.56657560757064096
 -0.90844011502318567
 -0.9943942548903667
 -0.80022448225587572
 -0.38062901780274139
 0.14619080877256765
 0.63182823598891091
 0.93947771061620244
 0.94245500051237052
 0.51354214370764828
 -0.15070692720004675
 -0.6353613396672978
 -0.94103251339940608
 -0.9409183725946465
 -0.5096182613695085
 0.002451968787792662
 0.51383147181467992
 0.88046307274605584
 0.9990655247378426
 0.74261762234268391
 0.29530760337493717
 -0.2351914734962077
 -0.80042666836970566
 -0.99442985469023693
 -0.90829909993624047
 -0.4337124315048439
 0.088468395322842105
 0.58572740375838628
 0.96780742505491923
 0.96028763077360757
 0.68225186464677556
 0.060210711553703992
 -0.4590680336976013
 -0.91978685548894856
 -0.95900345199133619
 -0.67890595335821213
 -0.055651663500177161
 0.59310560008093594
 0.970065839412798
 0.95769927327928239
 0.55495322438255723
 -0.10210611200314788
 -0.71237422369576531
 -0.99618918079676655
 -0.82348972479342486
 -0.27341723999365541
 0.40195163755402535
 0.89312185138248557
 0.97500936502297297
 0.61008834407497825
 -0.034412226326070341
 -0.66314302366827793
 -0.95276179274796713
 -0.92792170728734635
 -0.60646362901863526
 0.038975868375956735
 0.54482362820236752
 0.89719290039186705
 0.99682017986520099
 0.71766028860472586
 0.26021386615355924
 -0.27053560075472688
 -0.72507435890065097
 -0.99761610861221961
 -0.8129895401913837
 -0.25580176557114981
 0.41860992106483791
 0.82438066428653922
 0.99605082436071568
 0.7112699746563621
 0.25138433026619494
 -0.27931705123175316
 -0.82695698694418485
 -0.99563498366487102
 -0.80763749908038651
 -0.39212605309391713
 0.28369908452689208
 0.8295160634890768
 0.9984678775029745
 0.88614822702694929
 0.3879209992123559
 -0.28807520130343556
 -0.7375325586554845
 -0.97922473141210453
 -0.88402276669574964
 -0.52030344573097032
 -0.010013047761816983
 0.50309805648286454
 0.93833100971718231
 0.94356367941495367
 0.51639813837311055
 -0.14741240706340067
 -0.63278499592379212
 -0.98103592407932882
 -0.94204138792272474
 -0.63767090251296954
 -0.00087977196516395852
 0.51097035211053232
 0.87887856028953637
 0.98137545065624499
 0.63414647918112677
 0.14915249931032143
 -0.37785819723066766
 -0.88104792251660446
 -0.98048795545716472
 -0.63060883078210594
 -0.14463532063038551
 0.51880002299952621
 0.88319891056935484
 0.97958001227093605
 0.62705803109328695
 -0.012820041241621906
 -0.64682319170808622
 -0.98441265345254958
 -0.87088442248734499
 -0.35826403244495147
 0.31853470610870327
 0.84936148751235574
 0.99095922642125844
 0.78272615692098302
 0.20693688761713588
 -0.4636834374954496
 -0.85176299094723662
 -0.99033620859227778
 -0.67507720063547971
 -0.050456800295622002
 0.46772470795091431
 0.92357640854991629
 0.95618928038653395
 0.67170108749407231
 0.045895385394162144
 -0.60094237098948822
 -0.97239181851561129
 -0.9548424106112261
 -0.54680029173942457
 -0.04133301334864186
 0.60458623758386465
 0.92703973161485742
 0.95347562768427552
 0.66490690711661848
 0.18903187081461517
 -0.34009402346415307
 -0.86119087502127423
 -0.98763773994962689
 -0.76831248727644663
 -0.33255124967947286
 0.19689069525206784
 0.77630116135875893
 0.99996326570703487
 0.76538144192408231
 0.18005533533182599
 -0.48778306643467773
 -0.93208962847817134
 -0.94925608710775422
 -0.65461181617511821
 -0.17556138821270462
 0.4917645537289167
 0.86807338083099939
 0.98539757122753024
 0.65115271974429956
 0.018510126722055167
 -0.62261493107687904
 -0.93535909167438946
 -0.94634402792105321
 -0.52365662880302632
 0.13900205606516991
 0.62618201549604879
 0.97935339388659615
 0.88372553971140766
 0.38312094629479049
 -0.29305294391531628
 -0.74103566595754
 -0.98026636732946337
 -0.88157908124133344
 -0.51585384667759693
 0.14804090898369313
 0.63327693330856272
 0.98115889740638251
 0.87941423751967451
 0.37466853901919855
 -0.15255575148393544
 -0.63680461873801897
 -0.94166367111461102
 -0.94028332926573244
 -0.63365499429213756
 -0.14852410331082228
 0.51543521658228852
 0.88134834107030124
 0.99898293381570769
 0.83520096912764985
 0.29352005345184312
 -0.38266958558590092
 -0.8015464740955528
 -0.99876660472388257
 -0.83268082385064457
 -0.43202630015226667
 0.24144316256866286
 0.70402248268821932
 0.96827650942448973
 0.90558749268644834
 0.4279032614774641
 -0.24587224440542177
 -0.7072583139584484
 -0.99552944227673668
 -0.90364103807373131
 -0.42377129891905568
 0.099423567006865637
 0.59461050906572643
 0.9705183667323255
 0.95715933648978879
 0.5533962596713089
 0.049223357009912677
 -0.59827600357194244
 -0.92404921256713268
 -0.98951492330857693
 -0.77623124422519763
 -0.34428084209006543
 0.33265584354707201
 0.85714940883112156
 0.98884503286238323
 0.77334407831939256
 0.19230249075247055
 -0.47686378276431401
 -0.92750209581354159
 -0.98815452014295602
 -0.77044078439315988
 -0.33569151589196344
 0.34125512672565389
 0.77419665151661887
 0.99998627298824927
 0.85645540989183011
 0.4716584301397076
 -0.19810134883246783
 -0.67178324665396527
 -0.98970841430940926
 -0.9235338790531944
 -0.46762667614742659
 0.20257548370884521
 0.77994524803485288
 0.99989670866540481
 0.76163474164534373
 0.32275524529953897
 -0.20704539389190363
 -0.78279517765024942
 -0.99982064679589477
 -0.84930294363803938
 -0.45953399551266638
 0.059687089043996042
 0.56209413749109971
 0.96014113848566474
 0.91819312971456468
