# Created by Octave 8.4.0, Thu Dec 11 09:47:23 2025 IST <gamana@Samsung>
# name: iq
# type: matrix
# rows: 2048
# columns: 1
 0.99706007033948296
 0.8958330830115131
 0.40749676511192734
 -0.26757933088703667
 -0.82003431881388944
 -0.99739959216031482
 -0.81477298767905471
 -0.25876789299367536
 0.27197672523161615
 0.72610466550790553
 0.9756866937503218
 0.95041478686084535
 0.5345505649007124
 0.026779638075654512
 -0.48853519495787168
 -0.86622816469789188
 -0.98602164326815445
 -0.7618765189682617
 -0.17471292102219657
 0.49251475324559779
 0.86850088041626661
 0.99982764492782827
 0.75891061748844191
 0.31878331613078459
 -0.2111462234393818
 -0.78539783471713998
 -0.99973243577145421
 -0.84708169348121221
 -0.4558054392076315
 0.06387260574650877
 0.5655575416944385
 0.90792318296106844
 0.966877464742528
 0.7000777311951929
 0.23606395286305812
 -0.29444976525794719
 -0.74201608110504058
 -0.99902631993877522
 -0.88088835778813113
 -0.37754595515819683
 0.14948593972267568
 0.74506978139404401
 0.99921737728844184
 0.7954628564466879
 0.22717892085399657
 -0.44521220012329865
 -0.91358003901312201
 -0.96328999306189333
 -0.69022950739697697
 -0.071154896496347181
 0.58052721149389108
 0.96617647717373156
 0.90906497418168908
 0.43536466339879998
 -0.23784618978820501
 -0.70138649497904204
 -0.9673440726117527
 -0.96079785708328713
 -0.5640436772560169
 -0.062041763045416379
 0.5879397169116356
 0.91906542379149492
 0.99128758100646241
 0.68025173333747047
 0.20935274634661827
 -0.46149364166221007
 -0.85046631654676685
 -0.99067573919877039
 -0.78141948139773487
 -0.20488505504967391
 0.46554015275120081
 0.85285967026973009
 0.99992600201619608
 0.8653101111236956
 0.34775691095553296
 -0.181012047936218
 -0.76600708392244765
 -0.99997112992048121
 -0.86301208685108277
 -0.34347161125692577
 0.18550142810862433
 0.6622181460394142
 0.95238598048070489
 0.92838136871562715
 0.60744511130886403
 -0.037741799180791728
 -0.66563312401798547
 -0.98849090621939795
 -0.85836209249050632
 -0.33487961217098988
 0.34206505440574203
 0.862254728491333
 0.98730689364631385
 0.6599150493749707
 0.030110031711012196
 -0.48562539556399231
 -0.86455865896230799
 -0.98657129559318824
 -0.76403033079695037
 -0.32625967769526004
 0.20341932760986636
 0.6757944842168484
 0.95779626121622063
 0.92143835717186395
 0.59283406142640771
 0.097226591704109466
 -0.55902603440189202
 -0.9045843610622607
 -0.96886329631413692
 -0.70569586549307994
 -0.24373174421850885
 0.28689235719527861
 0.73669800137329189
 0.9789735583027539
 0.94546926027148714
 0.52135769715095059
 -0.14167164154906572
 -0.73977842583670239
 -0.99887378497716794
 -0.88246046011956136
 -0.51745531617108087
 0.14619080877256765
 0.63182823598891091
 0.93947771061620244
 0.9824734317532009
 0.63862173069241412
 0.0021147486843296568
 -0.6353613396672978
 -0.9816762563472855
 -0.9409183725946465
 -0.5096182613695085
 0.002451968787792662
 0.63888119294273482
 0.94256769103511717
 0.98072997867282441
 0.74261762234268391
 0.14585720244600886
 -0.5177438501891326
 -0.88261903416678134
 -0.99885772825792152
 -0.7395514844487685
 -0.14133781382581198
 0.38515923490199494
 0.80315574545163138
 0.99490081834697564
 0.90637927826073139
 0.56252791462795315
 -0.093016272330551625
 -0.70593475145094076
 -0.99535103343762399
 -0.90444055412780355
 -0.42546475484063667
 0.097562209492346161
 0.59310560008093594
 0.970065839412798
 0.95769927327928239
 0.55495322438255723
 0.051091454836268826
 -0.46716293429097694
 -0.85381609152676541
 -0.99994663618800206
 -0.77740910920537365
 -0.19861549143985219
 0.47119581278114436
 0.85618450009160074
 0.99998338686828148
 0.77452856646619817
 0.19413769499189698
 -0.33519734327953327
 -0.77010626153079897
 -0.98807388314734257
 -0.92769806037374358
 -0.47732479867057148
 0.19178768900065554
 0.77301140416510317
 0.99999432420953505
 0.76871908322971561
 0.33315048880552711
 -0.1962676204535162
 -0.67039653886251627
 -0.98943902375805948
 -0.85506042765754497
 -0.46927919879232782
 0.048699420167262614
 0.55295926305115228
 0.95700731056670041
 0.92249645868675645
 0.59503218556979909
 0.099945520160762913
 -0.4232961049202259
 -0.82729391853123047
 -0.99824049707315343
 -0.88797966488985158
 -0.52757223669842357
 0.1344425905599955
 0.62258678294217984
 0.93534636841227947
 0.94635565148416922
 0.6477074493356495
 0.013979977208803314
 -0.49966552062251407
 -0.87255370827168033
 -0.98380779503866689
 -0.75352190530558161
 -0.3109665829688219
 0.21918897986619457
 0.79046895978453746
 0.99950803184176107
 0.84267605597806827
 0.30662304814909491
 -0.22364234870074773
 -0.6909070097649046
 -0.96354104640787885
 -0.91319871065743574
 -0.44437323788879984
 0.22809105349444225
 0.69420127614731086
 0.9647528694319546
 0.91132818929290016
 0.44027755868150731
 -0.23253500146994419
 -0.7987858946523142
 -0.99413816389891141
 -0.83522075023473963
 -0.29355443911615486
 0.23697409994913654
 0.80152496580324284
 0.99462153661748143
 0.83270074194778887
 0.28918587074155172
 -0.24140825635502416
 -0.80424732122389797
 -0.99853139581912675
 -0.73522771206905113
 -0.13499801673067219
 0.52709597262535235
 0.94764255991038049
 0.9339217455717761
 0.49222124044383364
 -0.022551427497307118
 -0.53097128912241753
 -0.88981490952982212
 -0.97660494362994621
 -0.72900630000091904
 -0.27604434499882413
 0.39944833561707799
 0.89188951756697665
 0.99769548936931174
 0.7258727564103723
 0.27165220072888396
 -0.40363072384035797
 -0.81496845536821072
 -0.99672707261570836
 -0.81984127578264621
 -0.41135551681729121
 0.26350167441270839
 0.81760638753376536
 0.99703417447419029
 0.7195603208637491
 0.26285100805909306
 -0.41197016019304566
 -0.89800156890714844
 -0.97251409436198921
 -0.71638156055294167
 -0.25844214320731507
 0.41612703440426646
 0.82283104388607065
 0.99774102377887197
 0.89158429610588674
 0.39882994629126045
 -0.27669251862572475
 -0.72946779440294807
 -0.97674975441813594
 -0.8895069447213011
 -0.39463800471769866
 0.28107804804847464
 0.82798706032986946
 0.99546209140484987
 0.70675590591426907
 0.094171220419915477
 -0.42854524143090444
 -0.90588859223877527
 -0.99501714838476762
 -0.80384632102063036
 -0.24075370706548865
 0.43266688414771959
 0.90781321933218118
 0.96694437685696777
 0.70026499464550118
 0.085074564858861945
 -0.43677950363603685
 -0.83559144587430434
 -0.99406501908017475
 -0.7983799583331106
 -0.37778881381560825
 0.29856063441505654
 0.83809145881061864
 0.99920696820001331
 0.87884280898254086
 0.37355659917449718
 -0.15374061493672009
 -0.74793387261845989
 -0.99937838389625189
 -0.79284699542711268
 -0.36931659404445405
 0.1582514249800219
 0.75095733059333059
 0.99952895764717375
 0.79005568291226769
 0.36506888685045302
 -0.16275893470427472
 -0.75396512742134258
 -0.98392844930791656
 -0.93671610823552076
 -0.62562796553631705
 -0.13829850545761893
 0.52426171766965646
 0.88618295094858357
 0.97827295958773519
 0.73439005846064775
 0.28362722468448237
 -0.24703426848143711
 -0.80768168619747682
 -0.99564197502935825
 -0.82691484959557615
 -0.27924509506351897
 0.25145686109895288
 0.71132264799552403
 0.97080666254414638
 0.95681146172407272
 0.67327953654496719
 0.048025767413371868
 -0.5992363264894498
 -0.97189192478739406
 -0.95547390137131483
 -0.54858470737123244
 0.10969933265927975
 0.60288605549076435
 0.97295691831292452
 0.95411641469722341
 0.66649838973862252
 0.19112572350826018
 -0.33808764542683351
 -0.77206068735916977
 -0.98854186490453733
 -0.85818903436324712
 -0.33456184298063663
 0.34238191350790442
 0.8624254734116823
 0.99997927181881596
 0.85583584132014823
 0.47060082853334229
 -0.19927645160890187
 -0.672670926025842
 -0.95657193676094487
 -0.92307337556835656
 -0.59623486975544926
 -0.10143517182540703
 0.55551415395589532
 0.95789314023449235
 0.92130728613903012
 0.4625224530463129
 -0.20821827182906286
 -0.67940099123065623
 -0.95919436693370819
 -0.96877974656918697
 -0.58887768312041511
