# Created by Octave 8.4.0, Thu Dec 11 09:47:23 2025 IST <gamana@Samsung>
# name: iq
# type: matrix
# rows: 2048
# columns: 1
 0.99706007033948296
 0.81741217677477895
 0.2631763561998442
 -0.26757933088703667
 -0.82003431881388944
 -0.99669975492155383
 -0.81477298767905471
 -0.40332217000396425
 0.27197672523161615
 0.82263935911185238
 0.9977183133033527
 0.89173695753970295
 0.39913916364882279
 -0.126277206267076
 -0.72923708866562187
 -0.99801622712169602
 -0.88966097771079677
 -0.39494783328271993
 0.13080603864129745
 0.61971144815431445
 0.97764774684509548
 0.94753482023462876
 0.52680937032475517
 -0.13533214306748165
 -0.73545624545231092
 -0.97859770037839833
 -0.88545340033792985
 -0.5229222527763302
 0.13985542515412888
 0.73854284938133441
 0.99878506466934591
 0.80132327513146184
 0.23664647091041779
 -0.436476125398505
 -0.9095788398803798
 -0.96585726208474876
 -0.57952119936716195
 -0.08085964965199921
 0.5725748770931568
 0.96362080435019881
 0.91307712751093861
 0.44410603043884272
 -0.22838143455820345
 -0.69441592225238924
 -0.99366761431796047
 -0.83756042825524102
 -0.29763216210555926
 0.37868924545118077
 0.88147223082007942
 0.9989710731442647
 0.74118760822043406
 0.14374694515645056
 -0.38291189180906166
 -0.88361960146437235
 -0.97939911922006584
 -0.62635845028384995
 -0.13922616822972078
 0.52346381290539024
 0.88574854430223371
 0.97846673316342303
 0.62279201127752448
 -0.018283852274099913
 -0.65098094374999049
 -0.94773775986404585
 -0.93381508521304091
 -0.49196159802997164
 0.17533858594908089
 0.65444071485197186
 0.94918488649278743
 0.97654076341630303
 0.72880211116265148
 0.12564679357744535
 -0.3997217431937562
 -0.89202436391521112
 -0.99767520831983914
 -0.82227788557542325
 -0.27136515109077158
 0.40390358431741602
 0.89407915539517679
 0.97453333141863752
 0.72251790892291912
 0.2669669747278347
 -0.2637893753289251
 -0.72023544902386882
 -0.97378898697582128
 -0.95302317961660754
 -0.54171312072334321
 0.1178428056668413
 0.72339599813399258
 0.99744518925670833
 0.81440438788112834
 0.40274059281794244
 -0.1223764628896731
 -0.72654146088636362
 -0.97582577359981593
 -0.89144919105632836
 -0.5340133945577602
 0.12690756796250693
 0.72967177168263242
 0.99805603328968073
 0.80907037654641034
 0.24931951252214782
 -0.28136426466360176
 -0.82815426816345372
 -0.99543366566765779
 -0.70654487300629731
 -0.093874288442351989
 0.42881470021768864
 0.83070527218085843
 0.99498736710943547
 0.80366887320706504
 0.38595439198737208
 -0.29011686860415925
 -0.73897114109952011
 -0.99881617836963232
 -0.80094295262585335
 -0.2360289990801398
 0.29448414063569656
 0.74204019442823377
 0.99902790623321591
 0.88087133163768905
 0.37751264680246438
 -0.14952150569732761
 -0.74509377257618103
 -0.98144707216966398
 -0.94132372035711687
 -0.51064952198229419
 0.001252962973252197
 0.51280248441502019
 0.87989397266878122
 0.98096352160637057
 0.63249597962240589
 0.14704328265569405
 -0.3798319581783447
 -0.88205475945622291
 -0.99891430274812765
 -0.83437662218887998
 -0.29208841379980277
 0.38405245367332186
 0.88419715107186758
 0.99869114400853309
 0.73728048694998105
 0.2877178104297996
 -0.24289585603491534
 -0.80515756692702156
 -0.99523483715906136
 -0.90495140028534315
 -0.55974037747164063
 0.096368851659118598
 0.70831601739392114
 0.99566974524942542
 0.82674709693031978
 0.42241465133555023
 -0.25174551981506316
 -0.81054059722101113
 -0.99608388873779541
 -0.90102729271411663
 -0.41827097229126492
 0.10545563890326679
 0.59947507307049819
 0.97196209855695237
 0.95538585161881107
 0.54833531494967858
 0.043165857223819569
 -0.60312398323902328
 -0.97302576755243941
 -0.89702802216575994
 -0.54451065052342351
 -0.038602958016586891
 0.4781793062011695
 0.92806075907777474
 0.95264838130194684
 0.54067463037707986
 -0.1190690886672771
 -0.72424811640638931
 -0.99753265043221573
 -0.89295392225622183
 -0.40160989296164668
 0.12360206503732361
 0.72738948807433812
 0.9760949337410576
 0.89088891725362274
 0.53296884315862658
 0.02490981074519789
 -0.61759308592218221
 -0.97707730441884444
 -0.88880533284366903
 -0.39322875215538944
 0.13266019016688552
 0.73362665728868526
 0.99840081340589026
 0.80564705197399489
 0.38902583688725861
 -0.2869268151607966
 -0.83139216625035872
 -0.99864856556025028
 -0.88458260000012345
 -0.38481480852067629
 0.29129851034661169
 0.83392115188825189
 0.99439045090404654
 0.69916962414680361
 0.23482873426985917
 -0.43815823653575442
 -0.91035447998278018
 -0.96537098572791291
 -0.6958973407786585
 -0.078995181700921568
 0.44225866957321258
 0.83892689673559473
 0.99926684317760806
 0.7946920164696224
 0.22594102072595912
 -0.44634987934630893
 -0.91409614358344726
 -0.9629480125058526
 -0.57051859143524186
 0.083357114090993431
 0.69903352499438576
 0.99437030005890026
 0.90853469388695174
 0.43422013543957672
 -0.23908047315720563
 -0.70229183634856551
 -0.99484382341802924
 -0.90661720755910702
 -0.56299374274030201
 -0.060773213271548679
 0.5889673179924968
 0.91956556848935567
 0.95916300200484439
 0.55921366732374811
 -0.0970013486750953
 -0.70876445271345567
 -0.99572861856127415
 -0.82638942890574651
 -0.27834838983764681
 0.2523604767312928
 0.71197862273834034
 0.97103020629976522
 0.95653960153069051
 0.67258885625316023
 0.047093096608051478
 -0.59998358137434982
 -0.97211132615887064
 -0.95519796469216545
 -0.54780378351991932
 0.11062737692357695
 0.7183623513182088
 0.99690004719392877
 0.81859756778845527
 0.2651639431835171
 -0.26559311437078836
 -0.72153177674115343
 -0.97421272387328428
 -0.95245495771019029
 -0.6623877077349356
 -0.033404140967220962
 0.61088723289463276
 0.92998564000939599
 0.98710423904640465
 0.76615254541146671
 0.32937332910298223
 -0.3475447146731297
 -0.77841963448197271
 -0.99992872953432155
 -0.76320972302824819
 -0.32505801215933178
 0.20466353804474055
 0.78127824085505748
 0.99986378166439716
 0.85058534195083912
 0.32073591616037062
 -0.209131443286525
 -0.680085833523839
 -0.99125774675955358
 -0.91915459123950294
 -0.45763874119930242
 0.061815884688428781
 0.68342674226567857
 0.99184994014996286
 0.91734619520175331
 0.58442321255713936
 -0.066373212231157788
 -0.68675339820497772
 -0.99242144860006243
 -0.8433016897183474
 -0.44949887287336143
 0.070929155566638216
 0.57137622326591397
 0.96322921179124066
 0.96504806737464044
 0.69500992151651642
 0.077764002900878329
 -0.4433659685819033
 -0.91274005895799326
 -0.99324033598994754
 -0.69171921231890277
 -0.22473780587205375
 0.30555293000657063
 0.84207030097927726
 0.99947214517493566
 0.79115695545188447
 0.22028557644897184
 -0.45153403867869257
 -0.84452465423410472
 -0.99961008360734871
 -0.78835564838261452
 -0.36249034221163989
 0.31423670154884747
 0.75578071315259809
 0.99972717526236876
 0.78553790022798831
 0.21136742844243403
 -0.45966444216657898
 -0.84938047247117099
 -0.99982341769806149
 -0.86861303860315631
 -0.35396308626119494
 0.17449008462270341
 0.76172991164570547
 0.99989880890729843
 0.86634121937209052
 0.48873265031998275
 -0.026553405806970656
 -0.65723756720006099
 -0.95034438262936327
 -0.97573626972223748
 -0.72626025597982702
 -0.27219449989022293
 0.40311507037499639
 0.81464175518365933
 0.99741587692867684
 0.72311343886520452
 0.11743648528309746
 -0.54205700153334002
 -0.89573248879187117
 -0.9736958403367777
 -0.71995154128555261
 -0.26339468417229372
 0.41145660436818182
 0.89775347585420906
 0.99671810063837762
 0.81490417844386909
 0.40352924897579806
 -0.12152110799605782
 -0.61233859600670459
 -0.93065842280746569
 -0.98680891655207459
 -0.76497231087746009
 -0.32764065821860855
 0.34926425570076991
 0.86611506565767937
 0.99990514541943798
 0.85201887790951236
 0.32332260726105883
 -0.3535397277679227
 -0.86838867774697637
 -0.99983182094896295
 -0.75905797173923528
 -0.17043763798572772
 0.35780782679622924
 0.87064417966935348
 0.9997376450767832
 0.75607702612406347
 0.31466636694839695
 -0.36206846377481933
