# Created by Octave 8.4.0, Thu Dec 11 09:47:23 2025 IST <gamana@Samsung>
# name: iq
# type: matrix
# rows: 2048
# columns: 1
 0.99706007033948296
 0.8958330830115131
 0.40749676511192734
 -0.26757933088703667
 -0.72295709950342013
 -0.99739959216031482
 -0.81477298767905471
 -0.25876789299367536
 0.41582037352034329
 0.82263935911185238
 0.99631865342087256
 0.71342420240216764
 0.25435403320662997
 -0.27636844752632383
 -0.82522724334078956
 -0.99801622712169602
 -0.80944368883232731
 -0.24993486888935224
 0.28075440618218883
 0.73235430365016874
 0.97764774684509548
 0.88756644408310237
 0.39074826631547099
 -0.13533214306748165
 -0.62328907253604104
 -0.93566355795921996
 -0.94606518067421075
 -0.64702319695337762
 -0.16571279352017626
 0.50044297299076146
 0.87299192731282182
 0.99961637728604458
 0.84464582685674738
 0.31011321061357677
 -0.22006481733715735
 -0.68824991106358091
 -0.96255289322519511
 -0.9146877172569069
 -0.44765705097149988
 0.072984607991762596
 0.69155575910797984
 0.9932140410785969
 0.91283249357463192
 0.4435688105502032
 -0.22896505360363265
 -0.69484718481991314
 -0.99373479575595003
 -0.8372327419467338
 -0.43947131954170243
 0.23340805554780536
 0.69812411955698905
 0.99423482618450487
 0.834726723741544
 0.29269611680139745
 -0.38346563566337838
 -0.80206146680018797
 -0.99471412193617259
 -0.90715275704229548
 -0.5640436772560169
 -0.062041763045416379
 0.5879397169116356
 0.96849149417710867
 0.95952171996815627
 0.68025173333747047
 0.20935274634661827
 -0.32052155160483159
 -0.76010394507765244
 -0.99986002074606939
 -0.78141948139773487
 -0.3520349582153795
 0.32484398121003566
 0.85285967026973009
 0.99992600201619608
 0.8653101111236956
 0.34775691095553296
 -0.181012047936218
 -0.65878935756162205
 -0.98706798589555911
 -0.93006880782054413
 -0.61106639304019938
 -0.11992470052882938
 0.53994946709703096
 0.95238598048070489
 0.92838136871562715
 0.60744511130886403
 -0.037741799180791728
 -0.66563312401798547
 -0.98849090621939795
 -0.92667456830169237
 -0.47492212768549869
 0.042304857596161642
 0.66903422027829129
 0.95513095897934219
 0.92494844217390204
 0.47089834743204406
 -0.046867033747573464
 -0.55142982772784532
 -0.95647358368258695
 -0.97108426039629825
 -0.71213752157466126
 -0.25257945801771692
 0.42163336854287486
 0.82626197125556577
 0.99574948813708342
 0.80836512406540517
 0.39326182440105123
 -0.28251463140679067
 -0.82882571694540641
 -0.998398779306784
 -0.88671984235211354
 -0.38905897338469098
 0.28689235719527861
 0.73669800137329189
 0.9789735583027539
 0.94546926027148714
 0.64562337082936083
 0.011247956082341949
 -0.62828195559010802
 -0.97989489953272035
 -0.88246046011956136
 -0.38062901780274139
 0.29562976825788428
 0.83641303144195311
 0.99390102147704307
 0.79747748196428803
 0.23042228230537098
 -0.44222640802835655
 -0.83890731960218134
 -0.99926546539418393
 -0.87812746374023176
 -0.37216731045212564
 0.15521990264824989
 0.63888119294273482
 0.94256769103511717
 0.98072997867282441
 0.63156681724073349
 -0.0070186351243288854
 -0.6423877224089799
 -0.98337572251258365
 -0.93778628091338123
 -0.5017386946196043
 0.16423604820363752
 0.64588085493770186
 0.94557904321004638
 0.93619088246932725
 0.49778317453547566
 -0.1687390302799123
 -0.64936051767992853
 -0.98499315626050998
 -0.93457595984954878
 -0.49381727322850888
 0.17323849331905522
 0.65282663806760977
 0.98577106854626595
 0.93294154673311502
 0.48984107340721511
 -0.025282884424066471
 -0.6562791438151202
 -0.94994809580360839
 -0.93128767720556305
 -0.48585465799489252
 0.18222648701769353
 0.76680038323000432
 0.99997975150891727
 0.86238753857084249
 0.34231150373757346
 -0.18671483023342564
 -0.769723690212191
 -0.99999838537229402
 -0.86006665733274223
 -0.47785151315373381
 0.038975868375956735
 0.66655425462834572
 0.95413885114572949
 0.92620967709367286
 0.47383495062976799
 -0.043538697587652483
 -0.5486473611136512
 -0.89920037971003641
 -0.99644589250719506
 -0.8129895401913837
 -0.40051154007206008
 0.27492919280489736
 0.72821175405807848
 0.99792084509802448
 0.89034366212641014
 0.53195393787215595
 -0.12932149590627612
 -0.61853565886702822
 -0.93350642899691172
 -0.98550557398912264
 -0.7598847751608806
 -0.32020210376883135
 0.20968248266632986
 0.68049887040798596
 0.95961663851846379
 0.96840745536036532
 0.58766690383236808
 -0.062378330857600917
 -0.68383802411548178
 -0.99192158334645664
 -0.9171217121892673
 -0.58396584088904802
 0.066935492729034415
 0.68716291644317073
 0.99249053843869217
 0.84299868999530825
 0.30719361949593094
 -0.36938623316022245
 -0.79289266197034569
 -0.99303879523100436
 -0.84053339739696464
 -0.30284452437160619
 0.3736261111647376
 0.87887856028953637
 0.99920398154940382
 0.8380505755510308
 0.44081575119861865
 -0.23195188933175362
 -0.79842508030580706
 -0.99407316861236728
 -0.83555027623656908
 -0.29412747756966146
 0.23639162971772915
 0.7003184896409369
 0.96696348238648455
 0.90778178968163992
 0.56527940041679248
 0.063536069721895586
 -0.4561055667485257
 -0.84726086568929992
 -0.99148368207262383
 -0.68134843078258478
 -0.05897792840350171
 0.4601648393334698
 0.84967775999932593
 0.99983384877874237
 0.86833367476890355
 0.35343597986706526
 -0.32342755649263732
 -0.76209490119393808
 -0.99990666682747809
 -0.77950044137544672
 -0.20187974966664896
 0.46825450996007534
 0.9238061010348807
 0.95601360429414595
 0.67125684091562299
 0.19740496596936324
 -0.47228473929239162
 -0.92554488003732771
 -0.95466411877607582
 -0.66786488579440773
 -0.19292606540949148
 0.33636061951733709
 0.85916763922364559
 0.98825184187956794
 0.77084575096264307
 0.18844314139406976
 -0.34065773071631095
 -0.77379427491261488
 -0.99998940073362763
 -0.8567832820780219
 -0.47221868416594392
 0.19747842878373487
 0.77667892647719483
 0.98961727890937345
 0.85441940454648735
 0.46818829390851685
 -0.20195314414651017
 -0.67469011074952911
 -0.99026332165106024
 -0.85203770817596947
 -0.464148139626821
 0.20642364779482933
 0.67805376596341482
 0.99088871254122568
 0.84963824263651433
 0.31903190422298738
 -0.21088984649677303
 -0.68140328042767151
 -0.99149343853740313
 -0.91844467662543139
 -0.45603887622061912
 0.063610856130871932
 0.68473858428850043
 0.99207748702807963
 0.84478620458292519
 0.3103625522847524
 -0.36628807972477462
 -0.87508325720214741
 -0.98286211440631888
 -0.75009168245863234
 -0.30601812220757368
 0.22426168196300064
 0.6913662822677682
 0.99318350320331317
 0.83986369513887471
 0.30166731015025761
 -0.37477136626322854
 -0.87946703079104571
 -0.99915395334485979
 -0.83737614173914277
 -0.29731020684864817
 0.23315300908548614
 0.69793630702392573
 0.96610880593672932
 0.96212549010061099
 0.68710847180785017
 0.21853088889063887
 -0.31160751590123287
 -0.75396512742134258
 -0.99965868631257737
 -0.87222403267404025
 -0.36081356617801502
 0.16726305010571701
 0.64822115199523045
 0.94657336656161561
 0.97827295958773519
 0.73439005846064775
 0.28362722468448237
 -0.39219498831718441
 -0.88828962711363857
 -0.99820027893006624
 -0.82691484959557615
 -0.42268497007417344
 0.10061656235602887
 0.71132264799552403
 0.97080666254414638
 0.90115662367122262
 0.55239718669227666
 -0.10515904404881884
 -0.71452501113115185
 -0.97189192478739406
 -0.89916758903474137
 -0.54858470737123244
 -0.043463830529603772
 0.47390094072350675
 0.85776636300026632
 0.99999636910856871
 0.86052432995207551
 0.33886189807850309
 -0.33808764542683351
 -0.86010488691058218
 -0.99999824789995395
 -0.85818903436324712
 -0.33456184298063663
 0.34238191350790442
 0.7749550010800943
 0.98922088721011936
 0.85583584132014823
 0.33025481062593198
 -0.34666904124527759
 -0.77783315318496116
 -0.9999394412608994
 -0.76381271901443137
 -0.17766059811468488
 0.48990640385738971
 0.93296852388111462
 0.94848777721381872
 0.65276987015171895
 0.020642452992762857
 -0.49388243535298704
 -0.86927912638004867
 -0.99979722047228137
 -0.75788587203879176
 -0.31729274896499249
