# Created by Octave 8.4.0, Thu Dec 11 09:47:23 2025 IST <gamana@Samsung>
# name: iq
# type: matrix
# rows: 2048
# columns: 1
 0.99706007033948296
 0.8958330830115131
 0.40749676511192734
 -0.11721173552297842
 -0.60890133064396568
 -0.92906155275357227
 -0.95182505386520067
 -0.6608424346775631
 -0.18369847411188231
 0.48454544831307755
 0.86393738386991581
 0.98677225365717247
 0.7648265315825612
 0.17920756624578818
 -0.48853519495787168
 -0.86622816469789188
 -0.98602164326815445
 -0.7618765189682617
 -0.17471292102219657
 0.49251475324559779
 0.86850088041626661
 0.99982764492782827
 0.84949989429398942
 0.45986541708857864
 -0.2111462234393818
 -0.78539783471713998
 -0.99973243577145421
 -0.84708169348121221
 -0.31445154230134043
 0.36227941227075194
 0.78821639611625471
 0.99211040285063745
 0.91652386521001739
 0.451735955545704
 -0.22006481733715735
 -0.79101851933410983
 -0.99947947189198894
 -0.74991820004097443
 -0.15669884238927639
 0.50832944618280662
 0.8774101499200383
 0.99932172244443662
 0.83972129973922371
 0.30141723570001927
 -0.22896505360363265
 -0.79657321781796253
 -0.99914313223323781
 -0.74384495350793745
 -0.29705977382799137
 0.37924403260955986
 0.88175517967331396
 0.99894370498287544
 0.834726723741544
 0.43536466339879998
 -0.23784618978820501
 -0.70138649497904204
 -0.99471412193617259
 -0.90715275704229548
 -0.5640436772560169
 -0.062041763045416379
 0.45743750616528306
 0.8480552264261183
 0.99128758100646241
 0.68025173333747047
 0.20935274634661827
 -0.32052155160483159
 -0.76010394507765244
 -0.98556272514868337
 -0.93338546174226766
 -0.61827065004495774
 -0.12898709931501984
 0.39663251303703095
 0.81051952955911122
 0.99789905398277001
 0.72798059751291655
 0.12445719769369468
 -0.40082051008727831
 -0.81318585042005176
 -0.9975927809538645
 -0.82159495582841269
 -0.27021093937455071
 0.26053945541214196
 0.81583521236402634
 0.99726570321822938
 0.72168845298289652
 0.11538970234524717
 -0.54378762121797686
 -0.95376841510680677
 -0.92667456830169237
 -0.60381116136497703
 -0.1108522977199087
 0.54761443469753268
 0.89865934540983339
 0.99654916134521687
 0.81370802101913009
 0.2569954597374593
 -0.4174880367582457
 -0.90065314739641111
 -0.99615971215125476
 -0.81104502967743974
 -0.25257945801771692
 0.42163336854287486
 0.82626197125556577
 0.99813004161283114
 0.8888218168869445
 0.52912975935153383
 0.020380225184827103
 -0.62115016073397611
 -0.93469587767668683
 -0.94694682925076201
 -0.64910403070761957
 -0.16840663519935209
 0.35973142613265052
 0.87165606265217788
 0.999688319633386
 0.75472666710096414
 0.16390339698880679
 -0.50203036872450668
 -0.93790331511077729
 -0.94397197361676277
 -0.6421292465344145
 -0.15939674058782213
 0.50597464915570589
 0.93947771061620244
 0.9824734317532009
 0.74870337284051514
 0.30402127670330764
 -0.2263045458482901
 -0.69287968350990514
 -0.96426848850398295
 -0.91208187615920255
 -0.44192392822442306
 0.23075041581171793
 0.69616529633341284
 0.99393815228930615
 0.83622815318000376
 0.29530760337493717
 -0.2351914734962077
 -0.80042666836970566
 -0.99885772825792152
 -0.83371513570537759
 -0.4337124315048439
 0.088468395322842105
 0.7026928983702091
 0.96780742505491923
 0.90637927826073139
 0.42959307273497971
 -0.093016272330551625
 -0.70593475145094076
 -0.99535103343762399
 -0.82863699236744714
 -0.28219113174004168
 0.39357185195279359
 0.88897629886156937
 0.97699778963959916
 0.61729952884911965
 -0.025282884424066471
 -0.6562791438151202
 -0.98652842266602814
 -0.86469043479524876
 -0.34659874936696677
 0.18222648701769353
 0.76680038323000432
 0.99997975150891727
 0.86238753857084249
 0.34231150373757346
 -0.33463246164541943
 -0.85822750015938709
 -0.99999838537229402
 -0.86006665733274223
 -0.47785151315373381
 0.19119927952835253
 0.66655425462834572
 0.98867698022951811
 0.92620967709367286
 0.6028262662184477
 0.10962484661941579
 -0.5486473611136512
 -0.89920037971003641
 -0.97187427959669481
 -0.59917633153129735
 0.04810061880376932
 0.67333494291237483
 0.99000628298972737
 0.85299658942327106
 0.46577226419855994
 -0.20462832907820289
 -0.78125578834147202
 -0.99986437470970757
 -0.76027435081049699
 -0.32076998583533983
 0.20909626830340569
 0.78409822979723109
 0.99125300021650498
 0.9191687592134139
 0.45767072341707316
 -0.061779983200696019
 -0.68340048286253452
 -0.99184535648545624
 -0.91736051401446572
 -0.45360559371491849
 0.21801897161530401
 0.6867272513369036
 0.99241702790969344
 0.84332102103461049
 0.3077640804358302
 -0.22247354961983337
 -0.69003969817690514
 -0.96321954664810927
 -0.96505749357654713
 -0.57701699460184863
 0.075447752015456837
 0.69333775430174116
 0.96443664802979368
 0.96385077902166005
 0.6917451883744351
 0.073246188974974799
 -0.57881866479899224
 -0.91458168115546734
 -0.99270423190419643
 -0.7911789548115935
 -0.22032066295107569
 0.30986384760900021
 0.84450539102537403
 0.99960907857219627
 0.87311982178659209
 0.36252386579059354
 -0.31420255319168883
 -0.84694227072087613
 -0.99972633443905379
 -0.78556015859060346
 -0.35826403244495147
 0.31853470610870327
 0.84936148751235574
 0.99095922642125844
 0.78272615692098302
 0.35399672753549227
 -0.32286021601341536
 -0.76170660622616937
 -0.98597790847448374
 -0.86635918424039315
 -0.48876403164850379
 0.02651744823474227
 0.657210456600686
 0.95033318806978884
 0.97574414474424187
 0.72628498216555015
 0.12200606815118613
 -0.53818343962477888
 -0.95174459425370317
 -0.97473425416316417
 -0.72313828409462411
 -0.11747220654559611
 0.40725723252969975
 0.89571649608114523
 0.99708013317948641
 0.71997650504052346
 0.263429384064785
 -0.41142381977103759
 -0.81988418229177085
 -0.99672101181221351
 -0.81492502611226691
 -0.25902123359623186
 0.41558182680600181
 0.89974004257597251
 0.99634110391888031
 0.71360796805049342
 0.1038563009623451
 -0.41973116691975981
 -0.9017236907083076
 -0.99594041742242911
 -0.80959767290581042
 -0.25018881911059687
 0.28050266265589391
 0.73217568374252728
 0.97759256833212316
 0.94761862707272504
 0.6506976111800985
 0.1704730818139559
 -0.35777423772728167
 -0.78523545681431273
 -0.99149343853740313
 -0.84722105796878744
 -0.45603887622061912
 0.21535164711011798
 0.68473858428850043
 0.96123256142768809
 0.96694437685696777
 0.58296286741591263
 0.085074564858861945
 -0.43677950363603685
 -0.83559144587430434
 -0.99901471413331877
 -0.88101247234590618
 -0.51482631406600432
 -0.003612003576097977
 0.6342044204286742
 0.94052491117439774
 0.98189664881965666
 0.7466650879372424
 0.15185361630993485
 -0.51254640924252104
 -0.87975221252868729
 -0.9991291183794988
 -0.74361952882577431
 -0.14733828734210935
 0.37955604050049663
 0.79952826721899239
 0.99892815261664103
 0.83454098068776961
 0.29237364760094314
 -0.3837770560290073
 -0.88405779351868652
 -0.99870635429799859
 -0.83201627094256037
 -0.28800343928546723
 0.38799006792188778
 0.88618295094858357
 0.99846372804915795
 0.73439005846064775
 0.13377424106472693
 -0.39219498831718441
 -0.88828962711363857
 -0.97731598449780854
 -0.73128285119524605
 -0.27924509506351897
 0.25145686109895288
 0.71132264799552403
 0.97080666254414638
 0.90115662367122262
 0.55239718669227666
 -0.10515904404881884
 -0.5992363264894498
 -0.92450689724225354
 -0.95547390137131483
 -0.66989594845132772
 -0.19560625154617511
 0.33378632655868862
 0.76915027238281941
 0.99999636910856871
 0.86052432995207551
 0.33886189807850309
 -0.19031800790633269
 -0.66588474714962409
 -0.95386971012119892
 -0.92654776616293766
 -0.60354231895386923
 -0.11051714876850045
 0.41364104130242635
 0.82127528094718671
 0.9975537541960332
 0.89281827429515648
 0.53657314727135219
 0.029173718402167544
 -0.61423269444159323
 -0.9315331541943076
 -0.94973717885534303
 -0.53271392021889008
 -0.024608652350957341
 0.49042894838602247
 0.9331841524385166
 0.94829767569298717
 0.65231559488404356
 0.020043073088511783
 -0.62141440265368852
 -0.93481568921209757
 -0.94683839586884899
