# Created by Octave 8.4.0, Thu Dec 11 09:47:23 2025 IST <gamana@Samsung>
# name: iq
# type: matrix
# rows: 2048
# columns: 1
 0.99706007033948296
 0.71979445629436789
 0.2631763561998442
 -0.41166286191191009
 -0.89785314323009247
 -0.97259255895290297
 -0.71661680183738552
 -0.10813648706951674
 0.54989853666459632
 0.95593663795513129
 0.92390648709702716
 0.59797692748566744
 -0.049596092412049285
 -0.55370705885596561
 -0.95726733173653833
 -0.9704283499248888
 -0.59431041673833829
 -0.099052217956670074
 0.55750403353697353
 0.95857806179479299
 0.92037337700240041
 0.46039768712535095
 -0.21056019768431139
 -0.6811564268950393
 -0.99144949059920529
 -0.91857801197952549
 -0.58694028909782114
 -0.08995968598691377
 0.56506302386814056
 0.90767174576048582
 0.99458655204620394
 0.70050569115229744
 0.085410558434171072
 -0.436476125398505
 -0.9095788398803798
 -0.96585726208474876
 -0.57952119936716195
 -0.08085964965199921
 0.44058031145546378
 0.91146696481628098
 0.99359601208065884
 0.69395851144652154
 0.22776270875812374
 -0.30259454778575384
 -0.7477099918286475
 -0.99936643867810504
 -0.87681701130020206
 -0.50726554167848714
 0.0051841873744737305
 0.51617351493844721
 0.9434767811546485
 0.98019252618813468
 0.62944609872927793
 0.14315364154996899
 -0.52007944302982734
 -0.8839001337219804
 -0.99872344485238629
 -0.73770965602296679
 -0.13863247807766196
 0.38767924157623307
 0.80478052944019018
 0.99848235643527605
 0.82966251550724124
 0.42712419847488775
 -0.24670748503358705
 -0.80748280845543519
 -0.99561046985879564
 -0.90327160727240496
 -0.55647836159153252
 0.10028104696026842
 0.5953031768677769
 0.97072572039354965
 0.90130275558293516
 0.4188481031914722
 -0.10482368684166825
 -0.59896632268215722
 -0.9718124784500537
 -0.95557335273441868
 -0.67014628176077173
 -0.043800730362636646
 0.47360396434939761
 0.92611076224270938
 0.98871630425468959
 0.66674975226285726
 0.19145671714048751
 -0.3377702626083236
 -0.85993281577640979
 -0.99999882230188708
 -0.85836209249050632
 -0.47492212768549869
 0.19446848906226558
 0.66903422027829129
 0.95513095897934219
 0.97216437610049722
 0.60016461899422868
 0.10631258127998891
 -0.55142982772784532
 -0.90065314739641111
 -0.99615971215125476
 -0.71213752157466126
 -0.10177064770085427
 0.42163336854287486
 0.82626197125556577
 0.99574948813708342
 0.70892408580754163
 0.24815818877633955
 -0.42576990720195163
 -0.82882571694540641
 -0.998398779306784
 -0.88671984235211354
 -0.52524920526344476
 -0.015814255536007973
 0.62472257242825535
 0.93630935971701046
 0.94546926027148714
 0.64562337082936083
 0.16390339698880679
 -0.50203036872450668
 -0.87388519838325185
 -0.98331443318542888
 -0.6421292465344145
 -0.0066814220535604723
 0.50597464915570589
 0.93947771061620244
 0.94245500051237052
 0.51354214370764828
 -0.15070692720004675
 -0.74589292680788943
 -0.99926546539418393
 -0.79471385035233399
 -0.37216731045212564
 0.3043425181213476
 0.74892687579832318
 0.99943004815055925
 0.87593347296118218
 0.5056837509888833
 -0.15972964099951256
 -0.7519452059868672
 -0.99957378788416562
 -0.78913692405411384
 -0.21706957207182662
 0.4544722474186727
 0.91774726849180999
 0.99172092001569312
 0.78632374567415608
 0.21260949086681319
 -0.45853535123706013
 -0.84870900418237416
 -0.99979872672709624
 -0.86924208047228424
 -0.35515146651018259
 0.17323849331905522
 0.65282663806760977
 0.98577106854626595
 0.86697529797926964
 0.48984107340721511
 -0.025282884424066471
 -0.53328457614273284
 -0.94994809580360839
 -0.93128767720556305
 -0.48585465799489252
 0.18222648701769353
 0.76680038323000432
 0.98726520282524977
 0.86238753857084249
 0.34231150373757346
 -0.33463246164541943
 -0.769723690212191
 -0.99999838537229402
 -0.86006665733274223
 -0.47785151315373381
 0.038975868375956735
 0.54482362820236752
 0.95413885114572949
 0.97293960590383544
 0.71766028860472586
 0.26021386615355924
 -0.41445822861210652
 -0.89920037971003641
 -0.97187427959669481
 -0.59917633153129735
 -0.10508452125710538
 0.41860992106483791
 0.82438066428653922
 0.99792084509802448
 0.81032196923136679
 0.39632292922231288
 -0.12932149590627612
 -0.73133396242559634
 -0.99820477003535257
 -0.88825520681746439
 -0.52808142658504087
 0.13384850513027419
 0.73444091888983309
 0.9782884930647664
 0.88614822702694929
 0.3879209992123559
 -0.13837272295586953
 -0.62568642452632262
 -0.97922473141210453
 -0.94506629297245326
 -0.52030344573097032
 -0.010013047761816983
 0.50309805648286454
 0.93833100971718231
 0.98308902348526839
 0.64118202727612839
 0.005446466656266781
 -0.50703949142794102
 -0.87669086913002936
 -0.99937573922465328
 -0.84053339739696464
 -0.30284452437160619
 0.22750731161019144
 0.69376963989668572
 0.99356634228954255
 0.8380505755510308
 0.44081575119861865
 -0.080598222732407257
 -0.69705133323988455
 -0.96578927795253033
 -0.96246141992976164
 -0.68800522698678646
 -0.21973585073413712
 0.45203678212348919
 0.91665869474579109
 0.99206806997202313
 0.78800882612502365
 0.21527846681165561
 -0.4561055667485257
 -0.91847431573064442
 -0.99148368207262383
 -0.68134843078258478
 -0.05897792840350171
 0.4601648393334698
 0.92027078201715529
 0.95865273487232627
 0.55772175493586962
 0.054418557105745877
 -0.59409945894557603
 -0.9220480561402048
 -0.9573431522354271
 -0.55392544587614156
 -0.049858050913958639
 0.46825450996007534
 0.9238061010348807
 0.98960650546753481
 0.67125684091562299
 0.19740496596936324
 -0.47228473929239162
 -0.92554488003732771
 -0.98893948579507385
 -0.77374680424103814
 -0.34058727400126604
 0.33636061951733709
 0.85916763922364559
 0.99999999929803707
 0.77084575096264307
 0.18844314139406976
 -0.48031556574649814
 -0.92896449571977835
 -0.9519054479984026
 -0.53862548430978674
 -0.031606579698358631
 0.48431599538613296
 0.93064526108400769
 0.98681473911223938
 0.76499547748818508
 0.32767464277460195
 -0.20195314414651017
 -0.77954738047339189
 -0.99026332165106024
 -0.85203770817596947
 -0.464148139626821
 0.20642364779482933
 0.67805376596341482
 0.95867405792466798
 0.96923292646253989
 0.59035936055186145
 -0.059052735788742081
 -0.56156844030411857
 -0.90588859223877527
 -0.96809874646541105
 -0.70351778617963279
 -0.089623827187757507
 0.5653412151459779
 0.96123256142768809
 0.96694437685696777
 0.70026499464550118
 0.085074564858861945
 -0.56910219984820576
 -0.90971891406343963
 -0.99406501908017475
 -0.69699759914860648
 -0.231878994448591
 0.29856063441505654
 0.74489481655070955
 0.98138984345368674
 0.87884280898254086
 0.37355659917449718
 -0.15374061493672009
 -0.63772862612896031
 -0.94206652672674507
 -0.98102139639313612
 -0.74361952882577431
 -0.14733828734210935
 0.51646230997311038
 0.88191419914391256
 0.99892815261664103
 0.74055846159663596
 0.14281988564772793
 -0.52036743992919077
 -0.88405779351868652
 -0.99870635429799859
 -0.83201627094256037
 -0.43094465135510163
 0.24260652398668919
 0.80498064877621045
 0.99846372804915795
 0.73439005846064775
 0.13377424106472693
 -0.52814506197965061
 -0.88828962711363857
 -0.97731598449780854
 -0.73128285119524605
 -0.12924718682223069
 0.53201739187242914
 0.89037777807928542
 0.97633862757189327
 0.72816039309250258
 0.12471743714137844
 -0.53587862659085617
 -0.8924473602973515
 -0.97534090919269134
 -0.61127398981570313
 0.032915813935010765
 0.53972868560925691
 0.89449833060686224
 0.97432285016752296
 0.72186998516592915
 0.11565022938906054
 -0.54356748863500048
 -0.8965306462350312
 -0.97328447172790966
 -0.71870216652800389
 -0.11111296041333159
 0.41309515457527518
 0.82093309710364448
 0.99751166747468134
 0.81386045126370754
 0.40188301863227083
 -0.27348932174976931
 -0.82353223714346102
 -0.99618264199878725
 -0.71232163022430739
 -0.10203156538250441
 0.5550155623611589
 0.95772083556631227
 0.92154022886593456
 0.46305389465675628
 -0.20763187017247733
 -0.6789609728205056
 -0.9910542876521572
 -0.91975744586342767
 -0.58936210966894675
 -0.092941658960011372
