# Created by Octave 8.4.0, Thu Dec 11 09:47:23 2025 IST <gamana@Samsung>
# name: iq
# type: matrix
# rows: 2048
# columns: 1
 0.99706007033948296
 0.8958330830115131
 0.40749676511192734
 -0.11721173552297842
 -0.72295709950342013
 -0.97467563508643473
 -0.95182505386520067
 -0.6608424346775631
 -0.031344426666491253
 0.61251750219373202
 0.9307412043625467
 0.95041478686084535
 0.5345505649007124
 -0.126277206267076
 -0.72923708866562187
 -0.99801622712169602
 -0.88966097771079677
 -0.39494783328271993
 0.13080603864129745
 0.61971144815431445
 0.97764774684509548
 0.94753482023462876
 0.52680937032475517
 0.017648480643128749
 -0.49648404018293579
 -0.87075548362775734
 -0.99973243577145421
 -0.7559288889967074
 -0.31445154230134043
 0.21560776862847272
 0.78821639611625471
 0.99211040285063745
 0.91652386521001739
 0.451735955545704
 -0.068429320412764685
 -0.68824991106358091
 -0.96255289322519511
 -0.9146877172569069
 -0.57903252519821957
 -0.080262094262641887
 0.57306627895981621
 0.96378086250028872
 0.91283249357463192
 0.4435688105502032
 -0.22896505360363265
 -0.79657321781796253
 -0.99373479575595003
 -0.8372327419467338
 -0.43947131954170243
 0.23340805554780536
 0.69812411955698905
 0.96617647717373156
 0.90906497418168908
 0.56780872985143183
 0.066599024229182319
 -0.45337183085077554
 -0.84562645019083471
 -0.99187874960179634
 -0.68359193739244539
 -0.21381607161106853
 0.45743750616528306
 0.8480552264261183
 0.99128758100646241
 0.68025173333747047
 0.20935274634661827
 -0.32052155160483159
 -0.76010394507765244
 -0.99986002074606939
 -0.78141948139773487
 -0.20488505504967391
 0.46554015275120081
 0.85285967026973009
 0.99004323693862828
 0.77856168107880996
 0.34775691095553296
 -0.181012047936218
 -0.76600708392244765
 -0.98706798589555911
 -0.93006880782054413
 -0.48293989111003849
 0.18550142810862433
 0.6622181460394142
 0.98778974619014315
 0.92838136871562715
 0.60744511130886403
 0.11538970234524717
 -0.40917133979595066
 -0.8184675601388407
 -0.99719895765191047
 -0.89501634929027651
 -0.54070488933566718
 0.11903337424526578
 0.72422331303918408
 0.99753012452978629
 0.89297011361220469
 0.53685768197021277
 0.029510794185211624
 -0.61396655002752176
 -0.93141046865899646
 -0.94984269133657262
 -0.5329992784866211
 -0.024945769805903319
 0.61756479500956363
 0.93306290263883518
 0.94840464974003225
 0.65257115358035622
 0.020380225184827103
 -0.62115016073397611
 -0.97803180066825379
 -0.94694682925076201
 -0.52524920526344476
 -0.015814255536007973
 0.49807561849560866
 0.93630935971701046
 0.984134927684575
 0.75472666710096414
 0.16390339698880679
 -0.3639886666551847
 -0.87388519838325185
 -0.99956388649198535
 -0.7517228585266672
 -0.30836864826151417
 0.22185395632415195
 0.68957962074360624
 0.99289257270480324
 0.91394475181720136
 0.57753589027058483
 0.078433396498033117
 -0.4427640257093759
 -0.83923346343101557
 -0.99928825965359569
 -0.8778404872174177
 -0.50910235623141731
 0.0030514704809131319
 0.51434568859655982
 0.94276776507499982
 0.98061267846614775
 0.74221599171755737
 0.1452640836018857
 -0.51825665415879041
 -0.8829006957461899
 -0.99882890251600831
 -0.73914782545389124
 -0.29036786113974322
 0.24020962053452147
 0.80351276705697883
 0.99859754065805273
 0.7360642443295411
 0.1362215865015968
 -0.38992172563436439
 -0.80622289134105818
 -0.99540859498610534
 -0.82830124935140881
 -0.42492214231189135
 0.098158835919662429
 0.59358816891173982
 0.97021124986167029
 0.95752658137960533
 0.67510373713747729
 0.20250209885928502
 -0.32714500196387036
 -0.85412802471206384
 -0.98969768799621505
 -0.77703188434999237
 -0.19802789543536004
 0.33145700945584644
 0.76756945784073183
 0.99998666282861515
 0.77414921770248746
 0.34118468624566078
 -0.33576210444203203
 -0.77048855606936473
 -0.98816601751754429
 -0.92747408004081822
 -0.47679791263448917
 0.040173936952688574
 0.66744758357942269
 0.98885619194910468
 0.92575697488918363
 0.60186917768982406
 0.10843298654158431
 -0.41554910959842867
 -0.89972434363836185
 -0.97159121435794105
 -0.71363316636893814
 -0.10389207661767016
 0.41969851831642196
 0.82505875296457776
 0.99594365463607215
 0.80961878637905693
 0.25022364522785162
 -0.28046813632438389
 -0.73215118337030183
 -0.97758499574919422
 -0.88770380381791247
 -0.52706285719970591
 -0.017946686627818027
 0.62305581332464688
 0.93555826476904047
 0.98451108264352816
 0.64725057740346958
 0.16600691573910265
 -0.36200140341443776
 -0.87284642005185831
 -0.99962459340753718
 -0.84480545185406752
 -0.31039674604948286
 0.21977386593033604
 0.68803350558982612
 0.9624719957704142
 0.91480821899230513
 0.57927566662099061
 -0.072687146945316056
 -0.57282183226484695
 -0.91159084996183137
 -0.99356192837446866
 -0.79564356321863605
 -0.22746936555529312
 0.44494511690276889
 0.84055450792102993
 0.99937711515428773
 0.7928689159235397
 0.3693500210788998
 -0.15821590790576356
 -0.75093357713435194
 -0.99952785308171499
 -0.79007773341932019
 -0.21856598958803702
 0.31157333638711243
 0.75394149756449369
 0.99965774594666046
 0.78727007391579995
 0.21410741789964374
 -0.4571722665965488
 -0.91894783982949224
 -0.95960567572890887
 -0.56051388343360253
 0.095439428204702317
 0.70765659474751896
 0.9695457157469568
 0.95831083395916361
 0.6771168500534992
 0.053221287007395146
 -0.46527616996276433
 -0.92251149975723845
 -0.99008517609894975
 -0.67374926259620038
 -0.048660498608190064
 0.5987274625521033
 0.92426448986078769
 0.95566122138440301
 0.54911591336694676
 -0.1090676715453229
 -0.60237893511925844
 -0.9728099358068657
 -0.89744031401458657
 -0.54529358059925137
 -0.039535972514922295
 0.60601784512847734
 0.97385746326781586
 0.95293188831380915
 0.66356247673333901
 0.18726547958237305
 -0.4813668650123139
 -0.92940766323701485
 -0.98735421953569869
 -0.66013910966499056
 -0.18277760928289324
 0.34607290441379535
 0.86440873874642821
 0.99994623286191409
 0.76422272392564161
 0.17828592717302102
 -0.35035381379284491
 -0.78029781049337732
 -0.9904295199477865
 -0.85140943869846186
 -0.46308577586300043
 0.20759668369791792
 0.78314572879536848
 0.99104948644627844
 0.84900531608336505
 0.45903341434928396
 -0.21206173668037664
 -0.7859773146643847
 -0.99971032950275429
 -0.8465834875396222
 -0.45497147973542917
 0.21652236713460116
 0.68561191540660993
 0.96156248358398699
 0.96663794996779306
 0.58198825609795224
 -0.069363819495882412
 -0.57008769495754075
 -0.91021611766474197
 -0.96545812433611755
 -0.57826855525435861
 0.073918802608300443
 0.69223207366038986
 0.96403025988638702
 0.96425816416304733
 0.57453679467265428
 0.074775215262529449
 -0.44605077170474
 -0.9139605657447335
 -0.96303809447365774
 -0.68955139938468246
 -0.070220514796892591
 0.58128967641094287
 0.96641761755445421
 0.9617979407123759
 0.56703740584683626
 -0.087574122713836813
 -0.58499952832103697
 -0.91762877196428794
 -0.99175917517015522
 -0.68290795537107607
 -0.21290091574306116
 0.45827028031251482
 0.91943418850261982
 0.99116376507064319
 0.67956483567759041
 0.20843668732758511
 -0.32140871534676829
 -0.85095868832108312
 -0.99054768434094775
 -0.67620754372123348
 -0.051988018834646182
 0.59605557517882457
 0.92298746017821198
 0.95663700848568967
 0.55189735231150727
 0.047426946616486047
 -0.599716164981694
 -0.97203288982183245
 -0.89890508186728502
 -0.54808336655674661
 0.11029519876566761
 0.71812980225496226
 0.99687369533627246
 0.89689483656565461
 0.40968274099887381
 -0.1148328922472336
 -0.72130032636190611
 -0.99722412327535703
 -0.89486588660375632
 -0.54042118413959839
 0.11936819089927433
 0.61062258817443182
 0.97515897982580757
 0.95115687533519111
 0.53657314727135219
 0.029173718402167544
 -0.48644403644873635
 -0.86502901377401642
 -0.98641786637543472
 -0.76342563917189665
 -0.32537406714891443
 0.35151024841164807
 0.78106958064656473
 0.99059921561527775
 0.85076104151199938
 0.32105246423163464
 -0.3557818599547613
 -0.78391308801466753
 -0.9997849683101554
