# Created by Octave 8.4.0, Thu Dec 11 09:47:23 2025 IST <gamana@Samsung>
# name: iq
# type: matrix
# rows: 2048
# columns: 1
 0.99706007033948296
 0.81741217677477895
 0.40749676511192734
 -0.26757933088703667
 -0.82003431881388944
 -0.99669975492155383
 -0.81477298767905471
 -0.25876789299367536
 0.27197672523161615
 0.82263935911185238
 0.9977183133033527
 0.81211680656676566
 0.25435403320662997
 -0.41996921323270014
 -0.9018370479926181
 -0.9704283499248888
 -0.710216724570086
 -0.24993486888935224
 0.42410929452530416
 0.90380080945259256
 0.96931587672916597
 0.59063151170131145
 0.094506937438585861
 -0.56128938152206265
 -0.95986880079473902
 -0.96818318853898067
 -0.58694028909782114
 0.063274314483384275
 0.68449278249337897
 0.99203506640327987
 0.84496660483630381
 0.31068310305869751
 -0.36597427427218027
 -0.87492000179672103
 -0.99949863300164543
 -0.8425154327302159
 -0.3063391478407167
 0.22393303760226052
 0.79343940089101905
 0.99314413982746996
 0.84004669004139421
 0.44410603043884272
 -0.076940660499172919
 -0.57631293131307915
 -0.96483131411195144
 -0.91120536368867255
 -0.57205376644090067
 -0.071752868069691278
 0.44876103338158679
 0.84285757488642232
 0.99252258712934649
 0.79026236628191826
 0.36538281225045838
 -0.16242620102223765
 -0.64447925512746196
 -0.98386817811504812
 -0.87238892007601454
 -0.49937338518631758
 0.014317164436864309
 0.52397452491172358
 0.94646456283791902
 0.9352270289765664
 0.62232285500886353
 0.13410842343763146
 -0.52785867935254538
 -0.94792886150570133
 -0.97738734773531
 -0.61874172821212581
 0.023448947172842981
 0.53173182534861707
 0.89022421691831999
 0.99793771528696562
 0.72839148523155783
 0.27518135912083291
 -0.25554820013760671
 -0.71428904737035315
 -0.9718124784500537
 -0.95557335273441868
 -0.67014628176077173
 -0.19593694714062365
 0.47360396434939761
 0.92611076224270938
 0.98871630425468959
 0.77279742987957578
 0.19145671714048751
 -0.47762109668853364
 -0.85993281577640979
 -0.99999882230188708
 -0.85836209249050632
 -0.33487961217098988
 0.34206505440574203
 0.862254728491333
 0.98730689364631385
 0.6599150493749707
 0.030110031711012196
 -0.48562539556399231
 -0.86455865896230799
 -0.98657129559318824
 -0.76403033079695037
 -0.17799244441910247
 0.4896123951713961
 0.9328470854580132
 0.98581512268540761
 0.76107601527488455
 0.17349680460094399
 -0.35490626986012647
 -0.86911238135537339
 -0.99980395440413061
 -0.75810582758173006
 -0.1689975465227028
 0.3591719908072325
 0.87136207831000456
 0.98424111581431162
 0.75511982966047653
 0.31327897070961552
 -0.36343022125511892
 -0.8735936030877316
 -0.99958141038069237
 -0.75211808378384382
 -0.15998855098596032
 0.50545745710063528
 0.93927214572946993
 0.98258500433542573
 0.63908294668798704
 0.15547900140922769
 -0.509392575397842
 -0.87800195033943063
 -0.98172620227317298
 -0.63556385666181725
 -0.15096620933205945
 0.37615908234565687
 0.88017868087772855
 0.99909125651850716
 0.74301898606732286
 0.29588031770414369
 -0.38038646433654111
 -0.80006716347485207
 -0.99888619500537212
 -0.83404602882728585
 -0.43425253739356928
 0.23904554590989419
 0.70226622907149605
 0.99484017471709107
 0.90663238476110664
 0.4301343611309012
 -0.2434773626005656
 -0.80551296461297017
 -0.99529311415500421
 -0.82897243756720596
 -0.28276622004933655
 0.39302066094081484
 0.80821069513822219
 0.99572529684553057
 0.82640968317723063
 0.42187118343784913
 -0.10150972301813228
 -0.59629502905811249
 -0.92310219592082832
 -0.95655008992160562
 -0.55164861080812788
 0.10605178105953815
 0.71515280292566097
 0.97210288979435833
 0.89877436420064549
 0.54783387611315026
 -0.11059162740069406
 -0.71833732746926005
 -0.97316389613177423
 -0.95384720949172808
 -0.54400771639250467
 0.11512916736350326
 0.72150687115320833
 0.97420460722463287
 0.89473272591303799
 0.54017021144041599
 0.03344009110984917
 -0.48271020548381566
 -0.86287955619046985
 -0.98710999648029529
 -0.65898665758912811
 -0.028875590832584942
 0.48670460215319011
 0.93164157445709228
 0.9496437689242001
 0.6555449172576302
 0.17677705112349806
 -0.35178945268142309
 -0.86745963149813543
 -0.98560709856610962
 -0.76027435081049699
 -0.17228042356740925
 0.49466286186017294
 0.93492156727054621
 0.98482480954644724
 0.64862049466800065
 0.16778020311875363
 -0.36032428641518216
 -0.87196734401615261
 -0.98402198209493885
 -0.64513795681808295
 -0.16327648362920538
 0.5025798571863066
 0.93812356967355703
 0.94376206025673304
 0.64164196467474266
 0.15876935902343889
 -0.50652267418638353
 -0.93969524074499333
 -0.9823547792959354
 -0.74828196255844681
 -0.15425892329711394
 0.5104549277021273
 0.94124731455764654
 0.94070298979814415
 0.50907139610271857
 -0.1558476434914762
 -0.74934782322077675
 -0.99945129846568637
 -0.87562672307979927
 -0.36733379686858686
 0.16035692393428203
 0.7523639750055382
 0.99959213757713283
 0.87341192645179322
 0.36308252301800925
 -0.16486286014802159
 -0.75536443630799988
 -0.98430703928709395
 -0.93596732934851423
 -0.49723192632059321
 0.1693653581618049
 0.64984365241436226
 0.94725899599774077
 0.9343496925360214
 0.49326458698302622
 -0.021352708557315411
 -0.65330788260348704
 -0.98587768853652424
 -0.93271256994566776
 -0.61679945874750275
 0.025918150348734747
 0.65675848811613002
 0.98663218065874925
 0.93105599571948594
 0.48529913029658622
 -0.030483051619513885
 -0.66019539699024832
 -0.95156044072228874
 -0.97486798882213244
 -0.60958471348385557
 0.035047317168995125
 0.66361853754937716
 0.98807942122423364
 0.92768463095538856
 0.47729319034431805
 -0.039610851809863908
 -0.66702783840427415
 -0.98877213948541809
 -0.8574009664654576
 -0.3331165731995343
 0.19630289095690021
 0.67042322845423752
 0.95568328557184301
 0.9242358794802954
 0.46924743497528859
 -0.20077869665569509
 -0.77879582976059736
 -0.9999213924642798
 -0.85266475274713216
 -0.32449100642381107
 0.35238423577072658
 0.86777560955844846
 0.98549947125071691
 0.75986139193571056
 0.32016802718321224
 -0.20971765313373433
 -0.68052522712856411
 -0.95962675672318176
 -0.96839848471989642
 -0.70436938842955232
 -0.090817945239804979
 0.43158560315847505
 0.83241016300009274
 0.99467573224387973
 0.801838525669477
 0.38312094629479049
 -0.29305294391531628
 -0.74103566595754
 -0.99896078384832598
 -0.79910137170836293
 -0.23304515604101525
 0.29741609808837527
 0.74409432488454708
 0.98115889740638251
 0.87941423751967451
 0.51193627774920858
 -0.15255575148393544
 -0.74713746579205531
 -0.99933539569536944
 -0.79357712565744809
 -0.22415359729702769
 0.30612370781365272
 0.75016502521567563
 0.98288255343457998
 0.87502957529461356
 0.36618487719331999
 -0.16157579778514014
 -0.75317694001589408
 -0.98371364343916834
 -0.87280984823294372
 -0.36193154688014623
 0.31480578094371769
 0.75617314737950159
 0.98452421818517355
 0.87057191880125973
 0.49616005852542827
 -0.17058236556231213
 -0.75915358482092177
 -0.98531426076813822
 -0.86831583367136222
 -0.49218992910733028
 0.17508036017107351
 0.76211819018334714
 0.98608375471180088
 0.93226650013630397
 0.48820953511299425
 -0.1795747034948168
 -0.76506690164023927
 -0.9999589584465447
 -0.86374938489643793
 -0.34484363451068062
 0.33209042260241678
 0.76799965769645229
 0.99998990522421061
 0.77372401677528169
 0.3405534540986504
 -0.33639449366954688
 -0.77091639718964367
 -0.99999999730333922
 -0.8591108828376951
 -0.33625617147527714
 0.19303488885735581
 0.66794742874895874
 0.9546971286337752
 0.92550288028161243
 0.47218697676330368
 -0.045407299055298597
 -0.67133904472483685
 -0.9560461302759633
 -0.92376363295291208
 -0.5976777681181199
 0.049968820906833154
 0.5540177809248944
 0.95737519366304447
 0.92200512061763984
 0.59401024164033589
 -0.054529300663180097
 -0.55781380844334583
 -0.95868429107753084
 -0.92022737994943238
 -0.4600663684574049
 0.21092500762195274
 0.68142960689816001
 0.95997339521829839
 0.9680897328129594
 0.58663810134031158
 -0.063646753480351467
