# Created by Octave 8.4.0, Thu Dec 11 09:47:23 2025 IST <gamana@Samsung>
# name: iq
# type: matrix
# rows: 2048
# columns: 1
 0.99706007033948296
 0.81741217677477895
 0.2631763561998442
 -0.26757933088703667
 -0.82003431881388944
 -0.99739959216031482
 -0.89379434027545168
 -0.40332217000396425
 0.27197672523161615
 0.82263935911185238
 0.99631865342087256
 0.71342420240216764
 0.25435403320662997
 -0.27636844752632383
 -0.72923708866562187
 -0.99801622712169602
 -0.88966097771079677
 -0.53068550131166847
 0.13080603864129745
 0.73235430365016874
 0.9982933274023793
 0.80675369022336518
 0.39074826631547099
 -0.28513450973044718
 -0.73545624545231092
 -0.97859770037839833
 -0.88545340033792985
 -0.38654055032865986
 0.28950866682443271
 0.73854284938133441
 0.99878506466934591
 0.88332189054261379
 0.5190242297318719
 -0.14437579056859726
 -0.63040525104876677
 -0.98043636236127607
 -0.88117195914959878
 -0.37810102247061
 0.29823877688491174
 0.7446697864578582
 0.98132503246572256
 0.94153800602658821
 0.63651683455885644
 -0.00061748905173052778
 -0.63746884165893469
 -0.94195336044907441
 -0.98108672759545423
 -0.74384495350793745
 -0.29705977382799137
 0.23340805554780536
 0.79932567724122838
 0.99894370498287544
 0.834726723741544
 0.29269611680139745
 -0.38346563566337838
 -0.8839001337219804
 -0.9792778829548171
 -0.62589100331904679
 -0.13863247807766196
 0.52397452491172358
 0.94646456283791902
 0.97834281697030223
 0.62232285500886353
 0.13410842343763146
 -0.39188476247376564
 -0.88813469650019505
 -0.97738734773531
 -0.61874172821212581
 -0.12958157197863263
 0.53173182534861707
 0.94937339120327868
 0.93195438336710679
 0.6151476976129181
 -0.028014152610905268
 -0.53559388212582526
 -0.89229517179135864
 -0.99763417391420772
 -0.82193656840597684
 -0.41469690979581653
 0.25996060960367884
 0.71747761179131575
 0.99679924583888657
 0.89730870389519868
 0.54504354703316671
 -0.11390231364833965
 -0.7206512132819296
 -0.99715393876895353
 -0.81670014042814298
 -0.2619847133958928
 0.26876907226385538
 0.72380978565701937
 0.99748783614430614
 0.81405635073808913
 0.40219178600183031
 -0.27316494175828576
 -0.82334089515210096
 -0.99780093100154443
 -0.89117738323677409
 -0.53350643239463069
 -0.025545082696878618
 0.61709316219078447
 0.9328470854580132
 0.94859455951793425
 0.52963836788862773
 0.020979600942368393
 -0.6206802229306233
 -0.9779066548749713
 -0.88699683797548301
 -0.38961117419928509
 0.13655565629267968
 0.62425433944085562
 0.97885109125774172
 0.88487879609434716
 0.38540126954067483
 -0.14107815892716888
 -0.62781543718359556
 -0.97977511379001769
 -0.94416965564365596
 -0.51796822483325666
 -0.007280911407297354
 0.50545745710063528
 0.93927214572946993
 0.94265526511560149
 0.51405646439116126
 0.0027142508996653475
 -0.509392575397842
 -0.87800195033943063
 -0.98172620227317298
 -0.74606759889611551
 -0.30023946390148659
 0.23016704923830103
 0.79731920643367349
 0.99387206381583204
 0.83655675988810607
 0.43836165735905963
 -0.083321268984552388
 -0.69900780262412576
 -0.99436648797780181
 -0.83404602882728585
 -0.29151500094968152
 0.23904554590989419
 0.70226622907149605
 0.96765636088201856
 0.90663238476110664
 0.56302347038087841
 0.060809116983152368
 -0.45853535123706013
 -0.91955143387160576
 -0.95917317570695038
 -0.55924348713722538
 -0.056250228351296921
 0.59262281808500161
 0.92133642208986943
 0.99050672924155281
 0.67598778716342178
 0.20367611970904997
 -0.46663278619843457
 -0.92310219592082832
 -0.98986864202460945
 -0.67261547438327629
 -0.047129026907081685
 0.47066694847015184
 0.85587460041102437
 0.99997975150891727
 0.77490763686045938
 0.34231150373757346
 -0.33463246164541943
 -0.85822750015938709
 -0.98853055046695493
 -0.77201305843660495
 -0.19024443905519753
 0.33893240150115228
 0.860562501651286
 0.98783057403202179
 0.76910237975061224
 0.18575915252785319
 -0.34322527295248667
 -0.77552208599333883
 -0.9999730885191962
 -0.76617566150442962
 -0.18126999201027524
 0.48670460215319011
 0.93164157445709228
 0.9496437689242001
 0.53246148620005185
 -0.12872700293448133
 -0.61806448346233855
 -0.93329130271644045
 -0.94820297322449965
 -0.65208950559648549
 -0.019744878889376392
 0.6216480510635094
 0.93492156727054621
 0.98482480954644724
 0.64862049466800065
 0.015178857643599331
 -0.49862655892901125
 -0.9365323341203855
 -0.98402198209493885
 -0.64513795681808295
 -0.010612519844126429
 0.5025798571863066
 0.87419394648307691
 0.98319863295447774
 0.75130362478232604
 0.3077640804358302
 -0.22247354961983337
 -0.79252720497175122
 -0.99939673945465424
 -0.74828196255844681
 -0.15425892329711394
 0.5104549277021273
 0.87859241165578594
 0.98149043871780584
 0.63460990942125484
 0.14974527051499953
 -0.37730307052849954
 -0.88076418263196576
 -0.98060562924582517
 -0.63107399296399125
 -0.1452284948088578
 0.38152831590914027
 0.80080742946930705
 0.99882716155569551
 0.83336406185027223
 0.43313974907902392
 -0.089101359923037027
 -0.70314489208791719
 -0.99496471019671173
 -0.9061106297105701
 -0.42901913846794526
 0.093648972674699113
 0.58993588089067583
 0.92003604147862239
 0.99095922642125844
 0.67843923510325732
 0.20693688761713588
 -0.32286021601341536
 -0.76170660622616937
 -0.99989829655683926
 -0.86635918424039315
 -0.34972204005644508
 0.32717899269765544
 0.76465753306271111
 0.98672970031970908
 0.9308370836132025
 0.61272480455341882
 0.12200606815118613
 -0.53818343962477888
 -0.95174459425370317
 -0.97473425416316417
 -0.60910936462077547
 0.035646446504003219
 0.66406688989070484
 0.98817153428625504
 0.9274606306198625
 0.60548122176772357
 -0.040209878126289261
 -0.66747436862954301
 -0.98886154633826362
 -0.85709227829338019
 -0.33255124967947286
 0.34438496802205415
 0.86350306785080355
 0.99996326570703487
 0.85473074362827628
 0.4687179486717028
 -0.2013659565870686
 -0.77917174513612353
 -0.99991369601748914
 -0.85235138363122587
 -0.32392388406459971
 0.20583701845338415
 0.67761300134487346
 0.95850332277440242
 0.96938031739622599
 0.59084313838376756
 0.094768043247161982
 -0.5610722916725851
 -0.95979521066420526
 -0.96824878958938965
 -0.58715262114053235
 0.063012554892090303
 0.56484660844744916
 0.96106708211217839
 0.91686822237936105
 0.45250463239040833
 -0.067569528206502957
 -0.56860914539770646
 -0.90946982178178148
 -0.96592517977336534
 -0.57973492883124911
 0.072125092364577786
 0.57235982405592067
 0.96355067000154482
 0.964733146222856
 0.69414733525730998
 0.22801809023772057
 -0.30234455038368657
 -0.84024909304288897
 -0.99310044604073633
 -0.79321220308449691
 -0.22356930816004994
 0.30669437559828905
 0.84271640179536644
 0.99255456754202531
 0.79042305788477341
 0.36562694772596338
 -0.16216739538656585
 -0.75357116913722322
 -0.98382122316867648
 -0.93692582017353565
 -0.4996006065460008
 0.014054907842664553
 0.52375111157019172
 0.94637986330795709
 0.97839707357332473
 0.73479682639496002
 0.28420205879244498
 -0.24645330073170391
 -0.80732806228184006
 -0.99558588756232258
 -0.90338411376138905
 -0.55669626344285916
 0.10002008265532036
 0.59509241170698868
 0.9706626890687553
 0.9014163428770583
 0.55289682253873451
 -0.10456284521516176
 -0.714105463842164
 -0.99640156844884453
 -0.89942977303686911
 -0.54908585102167817
 -0.044062760124450776
 0.47337294548867787
 0.85745804000306258
 0.98875556026373002
 0.66694520403006563
 0.039500030374461016
 -0.60604645730021167
 -0.97386563363520129
 -0.89540040259902232
 -0.54142963429734614
 0.11817767027670485
 0.60967262901388219
 0.92942093762242273
 0.95152633483001159
 0.53758454875979766
 -0.12271114227330605
 -0.61328608606029378
 -0.9310964577822689
 -0.98661410065177779
 -0.65667484806848442
 -0.17825053310852398
 0.48938368325399473
 0.86671376067056971
 0.99988791254349441
 0.8513905716987602
 0.46305389465675628
 -0.20763187017247733
 -0.6789609728205056
 -0.9910542876521572
 -0.91975744586342767
 -0.58936210966894675
 -0.092941658960011372
 0.42966074223207928
