# Created by Octave 8.4.0, Thu Dec 11 09:47:23 2025 IST <gamana@Samsung>
# name: iq
# type: matrix
# rows: 2048
# columns: 1
 0.99706007033948296
 0.71979445629436789
 0.2631763561998442
 -0.26757933088703667
 -0.72295709950342013
 -0.97467563508643473
 -0.89379434027545168
 -0.40332217000396425
 0.12174574039319934
 0.72610466550790553
 0.9977183133033527
 0.89173695753970295
 0.5345505649007124
 -0.126277206267076
 -0.72923708866562187
 -0.99801622712169602
 -0.80944368883232731
 -0.24993486888935224
 0.28075440618218883
 0.82779791753061049
 0.9982933274023793
 0.80675369022336518
 0.24551049220311386
 -0.42824053105714127
 -0.83035132807013867
 -0.99854960836650131
 -0.80404686683955928
 -0.24108099541788655
 0.28950866682443271
 0.73854284938133441
 0.97952724534565039
 0.94457581101048138
 0.5190242297318719
 0.0085158509884466927
 -0.50439146910589572
 -0.8752101648306293
 -0.99947947189198894
 -0.74991820004097443
 -0.15669884238927639
 0.37077718740857579
 0.79380414593267479
 0.9932140410785969
 0.83972129973922371
 0.4435688105502032
 -0.077538373483401396
 -0.57680275981140672
 -0.9649887322131383
 -0.96328999306189333
 -0.69022950739697697
 -0.22272925180653891
 0.3075145173729773
 0.75113050352384558
 0.99953697267526553
 0.87432127497765744
 0.50280659161546182
 -0.1630177147739201
 -0.75413739896883958
 -0.99966550404728993
 -0.78708613347960132
 -0.21381607161106853
 0.31619243755180926
 0.8480552264261183
 0.99977318748613397
 0.78426098528443078
 0.20935274634661827
 -0.32052155160483159
 -0.85046631654676685
 -0.99986002074606939
 -0.86759008943263682
 -0.3520349582153795
 0.17651889277400565
 0.76306347130970409
 0.98632564038788906
 0.8653101111236956
 0.34775691095553296
 -0.181012047936218
 -0.76600708392244765
 -0.98706798589555911
 -0.93006880782054413
 -0.61106639304019938
 0.033177953663624922
 0.53994946709703096
 0.89461555903131029
 0.99726570321822938
 0.72168845298289652
 0.26581129234256295
 -0.26494572488577295
 -0.72106671853433502
 -0.97406100526838946
 -0.95265931830368522
 -0.66289057852064825
 -0.034075203119590815
 0.61035550082890577
 0.92973861019853599
 0.95126092405016316
 0.53685768197021277
 0.029510794185211624
 -0.48614937486377335
 -0.86485977345968701
 -0.99993652039743985
 -0.76364340535372321
 -0.32569291987586835
 0.3511945275298724
 0.86714330313380428
 0.9857143278662881
 0.65257115358035622
 0.17290636130483472
 -0.35546668344393723
 -0.78370367285990949
 -0.99979190436578935
 -0.84853061319897349
 -0.4582356449188979
 0.061145710446713887
 0.68293642097259744
 0.96054856688459667
 0.96757123444803605
 0.70202611666406234
 0.23871808793087176
 -0.29183755858294247
 -0.83423202448536526
 -0.99433068714871142
 -0.69876661142307306
 -0.23428092150626556
 0.43866472620209418
 0.91058754221140992
 0.96522381724434902
 0.57753589027058483
 -0.074814073870330539
 -0.57456868851859633
 -0.91246554077811393
 -0.99331805066669221
 -0.69220395107927979
 -0.07387994139958845
 0.57830034652362083
 0.96546827697460613
 0.96279588184073128
 0.68890093284016052
 0.069324945541670138
 -0.45093483801550066
 -0.91616441098525458
 -0.9615517828446648
 -0.56629770197952101
 -0.064768503918316747
 0.58572740375838628
 0.91798520548608953
 0.99164375835976593
 0.78595322204321882
 0.35885725169557425
 -0.16932990746395193
 -0.64981631217011537
 -0.98509644967807575
 -0.86894553749697701
 -0.35459098115184812
 0.17382890156623876
 0.65328064938898045
 0.98587166407221172
 0.93272554095342031
 0.48931833080765208
 -0.02588219217722993
 -0.5337916222166712
 -0.8913303145526621
 -0.99777852259038047
 -0.82314945953206031
 -0.27284053070302011
 0.40250050763492184
 0.81425215763961789
 0.99746389138161906
 0.72357706217531093
 0.26844424417016538
 -0.40667676316387258
 -0.89543376711611222
 -0.97384861061456984
 -0.72041737774703052
 -0.11356728084380324
 0.54532624471903801
 0.89745750341030195
 0.9967722299032804
 0.71724266907984957
 0.10902893617327254
 -0.41500374368247817
 -0.89946252330987009
 -0.99639521405824028
 -0.81264031596820996
 -0.25522216160828837
 0.27550554513713005
 0.72862249453939665
 0.99795930465553018
 0.80997052335894038
 0.25080403281712832
 -0.27989264407547659
 -0.73174270439393807
 -0.97745859982628591
 -0.88797966488985158
 -0.52757223669842357
 -0.018546090785699351
 0.49570454580256879
 0.93534636841227947
 0.98461601216628303
 0.6477074493356495
 0.013979977208803314
 -0.62615396992670891
 -0.97934612166406976
 -0.88374237340992023
 -0.38315417169083399
 0.1434873811730655
 0.62970809852713572
 0.93853811251994479
 0.94336495945166887
 0.51588466120556886
 -0.14800533499711871
 -0.6332490946224425
 -0.98115194723055799
 -0.94184008705436228
 -0.63720898469723852
 -0.15307415633124866
 0.51148559287361273
 0.94165156452784582
 0.98126010988344969
 0.63368282102553841
 0.14855967449948912
 -0.37841318812873614
 -0.7987858946523142
 -0.99898455506343076
 -0.74138779202865035
 -0.14404209446919933
 0.38263635296504467
 0.88347991836137973
 0.97945930314329099
 0.62659092130276683
 -0.013419493606462329
 -0.52320966358971066
 -0.94617437850265707
 -0.93554450172266268
 -0.49619128868304263
 0.017985648096398261
 0.52709597262535235
 0.88772174448364649
 0.97757679069033354
 0.7321246402313728
 0.28043073238907928
 -0.25026137315619335
 -0.71045408205694227
 -0.99594716016336071
 -0.82503673372531272
 -0.4196631483833223
 0.25468014892050156
 0.81231352710963023
 0.99769548936931174
 0.8224475807887246
 0.27165220072888396
 -0.25909361335349135
 -0.71685196162958531
 -0.97267091294254582
 -0.95448548382986664
 -0.6674185654672885
 -0.040135000622663876
 0.60554086019085052
 0.92748864889265203
 0.98816003957529952
 0.77046371533771096
 0.18785434424611683
 -0.48084130178777795
 -0.9291862464554993
 -0.98744908124580055
 -0.76754448025858624
 -0.18336698130000104
 0.4848404102377788
 0.93086446592366345
 0.98671752975550331
 0.76460923810912385
 0.17887579425213712
 -0.48882940738508918
 -0.86639660744903924
 -0.98596540036085667
 -0.76165805010351362
 -0.17438087676587846
 0.49280821003958597
 0.93416263098438557
 0.98519270874744136
 0.75869097778854966
 0.31846367064830305
 -0.35833399507441271
 -0.7856065269148238
 -0.99157128980546694
 -0.84690242494468848
 -0.31413140947528839
 0.36259370507354283
 0.78842387647310075
 0.99215262290844974
 0.84446525583110477
 0.30979259712026835
 -0.22039375891483476
 -0.79122478352314818
 -0.99271326475870159
 -0.91455137357013006
 -0.44735548072388992
 0.22484587561108255
 0.6917993022821437
 0.9638707429922535
 0.9644168381515249
 0.57502737266173032
 -0.077874574804260743
 -0.57707819725182719
 -0.96507712748675856
 -0.91081907787510319
 -0.57128519866632965
 0.082426600067351322
 0.58080175758021402
 0.91556327802600634
 0.99240781401398992
 0.78968802398976323
 0.21794583567536724
 -0.45367237737390509
 -0.91739034106205852
 -0.99183580306267727
 -0.78687807629106243
 -0.21348663706973042
 0.31651233945367091
 0.75734881886213667
 0.98483781237670287
 0.93489497256578857
 0.49459773298624216
 -0.019819802221215446
 -0.52865403833390945
 -0.94822677574888892
 -0.933264388344899
 -0.6180055709143798
 -0.12865268805560975
 0.53252491628911025
 0.94966724670251723
 0.97620881102840229
 0.61440890274510263
 0.12412259154013992
 -0.40112943452200633
 -0.89271766704429001
 -0.97520842120142426
 -0.61079942113405361
 0.033514987101304058
 0.66247079180869495
 0.98784222664825339
 0.92825599487008159
 0.60717720135664366
 0.11505472734182955
 -0.40947901636436274
 -0.81866126483892543
 -0.99689131497651151
 -0.81615923355558806
 -0.2610805915399585
 0.26967121204323496
 0.72445580781615626
 0.9975537541960332
 0.89281827429515648
 0.53657314727135219
 0.029173718402167544
 -0.61423269444159323
 -0.97616036467522127
 -0.94973717885534303
 -0.53271392021889008
 0.1284312254337609
 0.61782999094179081
 0.97714139178899262
 0.88866723383728807
 0.52884358346608917
 0.020043073088511783
 -0.62141440265368852
 -0.93481568921209757
 -0.98487652801327374
