# Created by Octave 8.4.0, Thu Dec 11 09:47:23 2025 IST <gamana@Samsung>
# name: iq
# type: matrix
# rows: 2048
# columns: 1
 0.99706007033948296
 0.81741217677477895
 0.2631763561998442
 -0.26757933088703667
 -0.82003431881388944
 -0.99669975492155383
 -0.71661680183738552
 -0.25876789299367536
 0.27197672523161615
 0.82263935911185238
 0.99631865342087256
 0.81211680656676566
 0.25435403320662997
 -0.27636844752632383
 -0.82522724334078956
 -0.99801622712169602
 -0.88966097771079677
 -0.39494783328271993
 0.28075440618218883
 0.82779791753061049
 0.99549412439592866
 0.70699443523279637
 0.24551049220311386
 -0.42824053105714127
 -0.90574572222887484
 -0.99505071406714374
 -0.7037574015908532
 -0.08995968598691377
 0.56506302386814056
 0.96113952181813156
 0.91676349009574332
 0.58323682590797477
 0.085410558434171072
 -0.436476125398505
 -0.83540614555488213
 -0.99899969140049327
 -0.79858297189933158
 -0.37810102247061
 0.29823877688491174
 0.7446697864578582
 0.99919348408392272
 0.795826014291943
 0.22776270875812374
 -0.30259454778575384
 -0.7477099918286475
 -0.99936643867810504
 -0.87681701130020206
 -0.50726554167848714
 0.0051841873744737305
 0.64098073219064022
 0.98304095823534621
 0.87461208566586512
 0.36538281225045838
 -0.16242620102223765
 -0.75374355922055913
 -0.99964981960557098
 -0.87238892007601454
 -0.36112805074835524
 0.31562363430071849
 0.75673679541218208
 0.99976024002897124
 0.78463279521646101
 0.20993892776505721
 -0.46096171270085173
 -0.92062168744411577
 -0.99075723812089034
 -0.67733850237256721
 -0.053522108383987854
 0.59482136777734718
 0.9223951842689625
 0.99012744735315783
 0.77893777070989356
 0.34831893420021354
 -0.32859348091960006
 -0.854924397079591
 -0.98947700756754897
 -0.67059113056997532
 -0.044399651076015546
 0.60213844635329805
 0.92588443193064862
 0.98880593232892833
 0.77317776783661152
 0.19204509648218823
 -0.33720593166871321
 -0.8596266700940336
 -0.99999956267601298
 -0.7702735494564491
 -0.33544444112374322
 0.34150165331148119
 0.86195093987035842
 0.98740193190355752
 0.76735326709145446
 0.33113883262464167
 -0.19835842695893965
 -0.77724410770302543
 -0.99994931137843202
 -0.76441698164385541
 -0.17858234340295434
 0.35007164120090067
 0.78010937042434225
 0.99038789654722414
 0.85156740657198415
 0.32250698795280197
 -0.2073019864333841
 -0.67871335521846821
 -0.99100922600826868
 -0.91988974850086858
 -0.45930103040332332
 0.21176732788170799
 0.6820600815726392
 0.99160988806202044
 0.91808919917908804
 0.45523972468607232
 -0.064506769417215074
 -0.68539258362582312
 -0.99218987018173066
 -0.91626950319055256
 -0.45116892498574845
 0.069063291190749512
 0.68871079187901341
 0.96272497207237551
 0.91443069848484515
 0.44708871619852197
 -0.22513648186182605
 -0.79419046418651007
 -0.99328774666866293
 -0.91257282341007628
 -0.57478333593399444
 -0.075075619233675853
 0.57732175167932231
 0.91383827581477584
 0.99292375390779652
 0.79229956413757341
 0.36848215629705672
 -0.30811913652456402
 -0.75154986251153877
 -0.98326668640036863
 -0.93799426797162899
 -0.62848598639690056
 -0.141931274197549
 0.52113386311773913
 0.88447702880257373
 0.97902702699783795
 0.62492735376650566
 0.13740931956298558
 -0.5250259978964078
 -0.88659855654745923
 -0.99841358164780036
 -0.73378042994926174
 -0.28276622004933655
 0.39302066094081484
 0.80821069513822219
 0.9981460396596723
 0.82640968317723063
 0.27838293835848393
 -0.39721578392478346
 -0.81089157050291494
 -0.99613671377553947
 -0.90076708853249832
 -0.41772635433529737
 0.25674197731389409
 0.81355553479764497
 0.99754851296243552
 0.7244041494288006
 0.11929378837014401
 -0.54048423505083965
 -0.95257954105960208
 -0.97412032261841397
 -0.72124842059896455
 -0.11475844965649423
 0.544320815873372
 0.95395920953976465
 0.97307795218369009
 0.7180776501989149
 0.11022071766582678
 -0.54814604493480013
 -0.9553189832873622
 -0.92470671639000113
 -0.47033764499814956
 0.19956871399551304
 0.77802056203898473
 0.99993611445809583
 0.76362018109799767
 0.32565891068230435
 -0.35122820632734286
 -0.86716121786379208
 -0.98570826891097341
 -0.76066365321370921
 -0.17287093272879953
 0.49414175311890252
 0.86942652071316784
 0.99979116993674422
 0.75769126175811474
 0.31700989307908162
 -0.3597649881427738
 -0.78655425392458278
 -0.99176877315027423
 -0.84608613658067455
 -0.45413979163061846
 0.21743384984906175
 0.78936608960874854
 0.99956282363450499
 0.84364304898011988
 0.30833443076377964
 -0.22188903003718435
 -0.79216146313491553
 -0.99289685302545105
 -0.84118236728048179
 -0.30398700891084429
 0.22633958274977731
 0.69290561951778085
 0.96427801736522922
 0.91206712747968488
 0.44189166074526115
 -0.079403057907437527
 -0.5783296915312206
 -0.96547764733967623
 -0.91018508076853288
 -0.43779040550849502
 0.083954516617641473
 0.69946209798473968
 0.96665714236557809
 0.90828405223027919
 0.43368002019265883
 -0.23966254836970011
 -0.80317717488938833
 -0.99862721721015457
 -0.83116473131843149
 -0.42956059051943918
 0.093052086562905839
 0.70596022788208712
 0.9689556295991556
 0.95899325760726251
 0.67887954266207917
 0.055615748970897251
 -0.46315219311821709
 -0.92158328696856939
 -0.95768892147117968
 -0.55492330104582444
 0.10214189417742749
 0.71239946714109803
 0.97117328732799246
 0.95636461281972895
 0.55111846527625574
 -0.10668365012596807
 -0.60046308408663684
 -0.92509022498049898
 -0.9891166112298605
 -0.66875680618638189
 -0.041931997536306498
 0.60410860025757918
 0.97330993055685211
 0.95365618886001025
 0.66535457285061506
 0.18962053229618869
 -0.47926357596950292
 -0.92851999270471819
 -0.95227213003567746
 -0.53963531540957743
 -0.032804965596094741
 0.61136176094555383
 0.93020584804791562
 0.95086821166267821
 0.65850854969441563
 0.18064500890849372
 -0.48725963289793067
 -0.93187230403273158
 -0.94944446301959384
 -0.53192347889090208
 0.12935716400866654
 0.73135849435739764
 0.99820692377477482
 0.80761628765316207
 0.24692679613479646
 -0.42691955714250579
 -0.82953615171385942
 -0.99846986724916631
 -0.80491484185151141
 -0.38788784545796373
 0.28810964649745013
 0.83207779230469148
 0.9947373349535289
 0.70154778848046817
 0.086866417867515991
 -0.5676224235910754
 -0.96199218067724479
 -0.96623481436641745
 -0.69828613634543923
 -0.23362811130563663
 0.43926802136331888
 0.91086485583293275
 0.99376006388912796
 0.69500992151651642
 0.22918534840865884
 -0.4433659685819033
 -0.83959838642488294
 -0.99324033598994754
 -0.69171921231890277
 -0.07321031530927255
 0.57884799658143959
 0.96564298446712404
 0.9099216824551839
 0.43721897686615652
 -0.084587730347577356
 -0.5825658143989505
 -0.91643332116512743
 -0.96136717155728879
 -0.5657441693341142
 -0.064098454741294691
 0.58627148285940189
 0.91825130322454218
 0.99155691418631753
 0.68176080629100644
 0.21136742844243403
 -0.45966444216657898
 -0.92005013523654233
 -0.95881295223976903
 -0.55818941511848663
 -0.0549812471313878
 0.5936460628385043
 0.97022867568400983
 0.95750583522421751
 0.55439453707690223
 -0.10277402408896466
 -0.59731482056096064
 -0.9713245721299657
 -0.95617874951155324
 -0.550588097187662
 0.10731547611059661
 0.71604057755024586
 0.97240021169030577
 0.95483172277801998
 0.54677017483370005
 -0.11185469007770495
 -0.60461488891528148
 -0.92705321852764988
 -0.95346478311572924
 -0.66488003957170505
 -0.036733833369181956
 0.47982121646219966
 0.92875574560000751
 0.98763210084594666
 0.66146200508878039
 0.032169826834794434
 -0.48382288670918466
 -0.93043890355573844
 -0.95067127944921492
 -0.65803017587591217
 -0.02760514940156529
 0.48781446687383984
 0.93210265729275721
 0.94924477370324789
 0.53138525677649406
 -0.12998727284491929
 -0.73179173575997314
 -0.97747378588676004
 -0.88794657841009883
 -0.391508295281426
 0.13451387756869826
 0.62264307840598065
 0.97842742787188564
 0.94633240313350231
 0.52362598436004293
 -0.13903767701782097
 -0.7379858265764957
 -0.97936066484198403
 -0.94484659904695634
