# Created by Octave 8.4.0, Thu Dec 11 09:47:23 2025 IST <gamana@Samsung>
# name: iq
# type: matrix
# rows: 2048
# columns: 1
 0.99706007033948296
 0.71979445629436789
 0.11267528621267162
 -0.54607854638925091
 -0.95458600820206962
 -0.97259255895290297
 -0.71661680183738552
 -0.10813648706951674
 0.54989853666459632
 0.95593663795513129
 0.97152058492562143
 0.71342420240216764
 0.25435403320662997
 -0.41996921323270014
 -0.82522724334078956
 -0.99801622712169602
 -0.80944368883232731
 -0.39494783328271993
 0.13080603864129745
 0.61971144815431445
 0.97764774684509548
 0.94753482023462876
 0.65049842763434806
 0.17021463217652491
 -0.49648404018293579
 -0.93566355795921996
 -0.98445874839776404
 -0.7559288889967074
 -0.16571279352017626
 0.50044297299076146
 0.87299192731282182
 0.98364649651042202
 0.75293139567673473
 0.1612074989385934
 -0.50439146910589572
 -0.8752101648306293
 -0.98281373076484568
 -0.74991820004097443
 -0.30576841154300655
 0.37077718740857579
 0.8774101499200383
 0.98196046852828767
 0.63651683455885644
 -0.00061748905173052778
 -0.63746884165893469
 -0.94195336044907441
 -0.98108672759545423
 -0.6329880670983572
 -0.14767181956608888
 0.51617351493844721
 0.9434767811546485
 0.98019252618813468
 0.74078502926765999
 0.14315364154996899
 -0.38346563566337838
 -0.80206146680018797
 -0.99872344485238629
 -0.83220329738643806
 -0.28832635562389775
 0.24227936376794221
 0.80478052944019018
 0.99848235643527605
 0.73461889791047752
 0.13410842343763146
 -0.52785867935254538
 -0.88813469650019505
 -0.99822044475942118
 -0.73151281938767621
 -0.12958157197863263
 0.39608211065021354
 0.89022421691831999
 0.99793771528696562
 0.82452909748853165
 0.4188481031914722
 -0.25554820013760671
 -0.71428904737035315
 -0.99642376475119299
 -0.82193656840597684
 -0.41469690979581653
 0.25996060960367884
 0.71747761179131575
 0.97287896944569174
 0.95421733651916474
 0.66674975226285726
 0.039237950724844595
 -0.60625506401228335
 -0.97392517113889421
 -0.89528358719251666
 -0.40636866435859498
 0.11843811123967478
 0.72380978565701937
 0.99748783614430614
 0.89323979943204135
 0.40219178600183031
 -0.27316494175828576
 -0.72695326304485031
 -0.9759566197678079
 -0.95003000237158464
 -0.53350643239463069
 0.12750220183209923
 0.73008157988849232
 0.97694182433784282
 0.88909638161822035
 0.39381295355228096
 -0.28193949870042923
 -0.82849014143618427
 -0.99537626063437679
 -0.70612049614130767
 -0.093277415011185888
 0.42935621049938855
 0.90626844172607091
 0.99492723749659617
 0.70287948678186651
 0.088729646848843727
 -0.43347608615063532
 -0.90818935012412527
 -0.99445746524175327
 -0.6996238189346462
 -0.23544639110632265
 0.43758692169752444
 0.83608429323105826
 0.99905415417283672
 0.79783904858190768
 0.2310056126214613
 -0.29941732507672353
 -0.74549348365907853
 -0.98156184064759078
 -0.94112121559772
 -0.63556385666181725
 -0.15096620933205945
 0.37615908234565687
 0.88017868087772855
 0.99909125651850716
 0.74301898606732286
 0.14645026886832396
 -0.38038646433654111
 -0.88233705536967755
 -0.97994719505386085
 -0.62848598639690056
 -0.141931274197549
 0.52113386311773913
 0.94538379920820492
 0.93640143507562779
 0.62492735376650566
 0.13740931956298558
 -0.38881734154671543
 -0.80551296461297017
 -0.99529311415500421
 -0.90469613978273211
 -0.55924348713722538
 0.096965548000683841
 0.59262281808500161
 0.96992008031741128
 0.95787162097705481
 0.55545184092149236
 0.051690166626058617
 -0.59629502905811249
 -0.97102161033957579
 -0.90076708853249832
 -0.55164861080812788
 0.10605178105953815
 0.59995480435262905
 0.92484871853944095
 0.98920991118715429
 0.77490763686045938
 0.34231150373757346
 -0.33463246164541943
 -0.85822750015938709
 -0.99999838537229402
 -0.86006665733274223
 -0.47785151315373381
 0.19119927952835253
 0.7726309446768147
 0.9999961643602806
 0.85772783948271503
 0.33371568541195351
 -0.19567974137969191
 -0.66995158466004767
 -0.98935194803207749
 -0.92447833088141018
 -0.59917633153129735
 -0.10508452125710538
 0.41860992106483791
 0.90118910628606363
 0.97078868493983261
 0.7112699746563621
 0.10054200436666021
 -0.42275288344574552
 -0.90315903864523062
 -0.99563498366487102
 -0.80763749908038651
 -0.24696165236387882
 0.28369908452689208
 0.8295160634890768
 0.99519837909198194
 0.70482032713478615
 0.091450774980200711
 -0.56382707900378393
 -0.9607251061180615
 -0.91736051401446572
 -0.45360559371491849
 0.066337321269096597
 0.56759280932219036
 0.90895566155885299
 0.96624408194516875
 0.58074075304553097
 -0.070893275878694623
 -0.57134670254418518
 -0.9108500101553022
 -0.96505749357654713
 -0.69503578367345586
 -0.077799864163606514
 0.44333372670715848
 0.83957884657315829
 0.99324451062833596
 0.6917451883744351
 0.073246188974974799
 -0.57881866479899224
 -0.96563363617287878
 -0.9099366016055852
 -0.43725132659997279
 0.23580907452596009
 0.80080742946930705
 0.99449663319225301
 0.90803308413177553
 0.56577382933686404
 -0.089101359923037027
 -0.70314489208791719
 -0.96796717331094617
 -0.9061106297105701
 -0.56200240479872954
 0.093648972674699113
 0.58993588089067583
 0.96910367364021632
 0.90416927843456896
 0.42488958070177318
 -0.24910034005624931
 -0.80893734916154614
 -0.99807011221661501
 -0.72982650510156966
 -0.12713204761900493
 0.39834885137739889
 0.81161365676743802
 0.99624440493583688
 0.90023004765829273
 0.55061812396139964
 -0.107279713530316
 -0.60094237098948822
 -0.92531771879083213
 -0.9548424106112261
 -0.54680029173942457
 0.111818945495629
 0.71919594755999483
 0.99699366665647393
 0.89621572041045716
 0.54297105604711338
 -0.11635584548700217
 -0.60821749558721294
 -0.92874241110959266
 -0.98763773994962689
 -0.66148898157258573
 -0.18454552741333063
 0.34438496802205415
 0.86350306785080355
 0.99996326570703487
 0.85473074362827628
 0.4687179486717028
 -0.049334130498314532
 -0.55348863374498325
 -0.9571914453849667
 -0.97049162886470242
 -0.71040134292978407
 -0.099313207688725244
 0.42387175357822654
 0.90368853347506051
 0.96938031739622599
 0.59084313838376756
 -0.058454267456547186
 -0.68096437614913996
 -0.99141523092163131
 -0.84753938649740079
 -0.3152694969780277
 0.21476617089501793
 0.78768576136543023
 0.99200199459009886
 0.91686822237936105
 0.45250463239040833
 -0.067569528206502957
 -0.56860914539770646
 -0.90946982178178148
 -0.96592517977336534
 -0.57973492883124911
 -0.081121071009057535
 0.44034484140373442
 0.91135903725470646
 0.99362561351995793
 0.79598480591584009
 0.22801809023772057
 -0.30234455038368657
 -0.74753580353931093
 -0.99935706938277469
 -0.79321220308449691
 -0.22356930816004994
 0.30669437559828905
 0.75056131278222915
 0.99951037938318776
 0.87473921650293274
 0.50355133254811568
 -0.0094885067303111005
 -0.64427868567325608
 -0.98382122316867648
 -0.87251709724699622
 -0.36137262146864441
 0.31537474719576175
 0.84759824388955052
 0.9997544625272542
 0.87027678172632683
 0.49563946141864407
 -0.018621015841164639
 -0.52763589580741488
 -0.94784529645431592
 -0.93369438927448234
 -0.49166797977536669
 0.17567057279463055
 0.76250619481193627
 0.99991514695253547
 0.8657417491556576
 0.34856478001605873
 -0.32834575082576262
 -0.76545281519641795
 -0.98692947304195144
 -0.86344712668334977
 -0.48369433845454268
 0.032316628938552507
 0.6615721536763477
 0.98765511914161686
 0.86113449709973433
 0.47969234506656072
 -0.036880612315026831
 -0.66498974329760363
 -0.98836016778358704
 -0.92699813941640441
 -0.60449789105443952
 0.04144382654965674
 0.66839346461823534
 0.98904460426414087
 0.92527565750465257
 0.4716584301397076
 -0.19810134883246783
 -0.67178324665396527
 -0.95622174279616212
 -0.9235338790531944
 -0.5971970165752265
 0.050567566949850346
 0.55451677129107713
 0.95754818668849029
 0.92177284038668272
 0.46358516984331394
 -0.055127902840609297
 -0.67852071038842732
 -0.99097410014976495
 -0.84930294363803938
 -0.31842957299204655
 0.21151098616212829
 0.68186825157796627
 0.96014113848566474
