# Created by Octave 8.4.0, Thu Dec 11 09:47:22 2025 IST <gamana@Samsung>
# name: iq
# type: matrix
# rows: 2048
# columns: 1
 0.99706007033948296
 0.8958330830115131
 0.40749676511192734
 -0.11721173552297842
 -0.72295709950342013
 -0.99739959216031482
 -0.81477298767905471
 -0.25876789299367536
 0.41582037352034329
 0.89985447880301794
 0.99631865342087256
 0.71342420240216764
 0.25435403320662997
 -0.27636844752632383
 -0.82522724334078956
 -0.99801622712169602
 -0.88966097771079677
 -0.39494783328271993
 0.13080603864129745
 0.61971144815431445
 0.97764774684509548
 0.94753482023462876
 0.65049842763434806
 0.17021463217652491
 -0.35801914740060525
 -0.87075548362775734
 -0.99973243577145421
 -0.84708169348121221
 -0.31445154230134043
 0.36227941227075194
 0.78821639611625471
 0.99211040285063745
 0.91652386521001739
 0.58274974275466684
 0.084813229831986955
 -0.43701543014966737
 -0.90982778912911666
 -0.96570177215863195
 -0.69680949900727573
 -0.23162385210571532
 0.2988109445787136
 0.74506978139404401
 0.98144017484354107
 0.87871764054369417
 0.51068044846592586
 -0.1539997744139284
 -0.74810794332050845
 -0.98230569151471603
 -0.87652859772277325
 -0.36907284080929581
 0.3075145173729773
 0.84318003849283296
 0.99953697267526553
 0.87432127497765744
 0.36482469394694789
 -0.31185672933426212
 -0.75413739896883958
 -0.98397524954642002
 -0.93662425339424948
 -0.62542333140588668
 -0.13803873810039718
 0.52448504859899803
 0.94665791726123827
 0.97821854915588147
 0.73421201448290707
 0.13351431092211144
 -0.52836776250192941
 -0.94811962245698522
 -0.97726040292067717
 -0.61827065004495774
 0.024048282052691987
 0.53223945734323408
 0.94956155470422277
 0.93173685042504906
 0.48693370707140277
 -0.181012047936218
 -0.76600708392244765
 -0.99997112992048121
 -0.86301208685108277
 -0.48293989111003849
 0.18550142810862433
 0.6622181460394142
 0.95238598048070489
 0.92838136871562715
 0.47893600348116838
 -0.18998693966562338
 -0.66563312401798547
 -0.98849090621939795
 -0.92667456830169237
 -0.60381116136497703
 0.042304857596161642
 0.66903422027829129
 0.95513095897934219
 0.97216437610049722
 0.71533610577853302
 0.2569954597374593
 -0.4174880367582457
 -0.82368099394745231
 -0.99615971215125476
 -0.81104502967743974
 -0.25257945801771692
 0.2781310138013558
 0.73049112569938079
 0.99813004161283114
 0.8888218168869445
 0.39326182440105123
 -0.28251463140679067
 -0.82882571694540641
 -0.998398779306784
 -0.80566836007221854
 -0.24373174421850885
 0.429897566468319
 0.83137217755029091
 0.99486675030193172
 0.80295479393864755
 0.23930021665734427
 -0.43401626026004414
 -0.83390129996400719
 -0.9943942548903667
 -0.80022448225587572
 -0.23486369851189498
 0.43812590268212964
 0.83641303144195311
 0.99390102147704307
 0.79747748196428803
 0.23042228230537098
 -0.44222640802835655
 -0.83890731960218134
 -0.99926546539418393
 -0.87812746374023176
 -0.5096182613695085
 0.002451968787792662
 0.51383147181467992
 0.94256769103511717
 0.93936212190982626
 0.5056837509888833
 -0.15972964099951256
 -0.6423877224089799
 -0.94408321150734609
 -0.93778628091338123
 -0.62801956676063164
 0.011585155087853634
 0.52164543106267169
 0.88475658864781193
 0.99862910069091138
 0.73646992327589755
 0.13681547761836058
 -0.52553613306817071
 -0.94705515494779313
 -0.97796144940880547
 -0.73337300308974884
 -0.13229028813657909
 0.39357185195279359
 0.88897629886156937
 0.97699778963959916
 0.73026078847632114
 0.27780708268757176
 -0.2529057306336317
 -0.71237422369576531
 -0.97116471230884116
 -0.95637512183597873
 -0.55114847945818168
 -0.046530180664730178
 0.60043432000801411
 0.92507656477813749
 0.95503102527647488
 0.54733224038238693
 0.041967936110490878
 -0.47521886452547285
 -0.85853505300654542
 -0.99999928298596319
 -0.85976064685240505
 -0.47732479867057148
 0.19178768900065554
 0.66700103896563889
 0.98876676377317252
 0.92598349239297739
 0.60234783019754723
 0.10902893617327254
 -0.54914848010589656
 -0.95567269543164057
 -0.97173292160015401
 -0.71405300238203884
 -0.10448831771420683
 0.41915429501371138
 0.90144878500030279
 0.97064466785397419
 0.71084844417378734
 0.099945520160762913
 -0.4232961049202259
 -0.82729391853123047
 -0.99824049707315343
 -0.88797966488985158
 -0.52757223669842357
 -0.018546090785699351
 0.62258678294217984
 0.97841256309769253
 0.88587025652170326
 0.38736837114448691
 -0.13896643493271216
 -0.73793727806691978
 -0.97934612166406976
 -0.88374237340992023
 -0.51979138698807437
 0.1434873811730655
 0.74101151269808929
 0.9802592560561354
 0.88159605993130463
 0.37893198159176017
 -0.29738175538438333
 -0.8374171025283168
 -0.99369705014212939
 -0.79636930825928232
 -0.22863677800280582
 0.44387101636617432
 0.91297014053824677
 0.9931747655467954
 0.79359901194327176
 0.22418865208546143
 -0.30608946424582323
 -0.75014123938655175
 -0.98287592588523542
 -0.9387314485023539
 -0.63014344195625305
 -0.14404209446919933
 0.51931244306408963
 0.94468646471431217
 0.97945930314329099
 0.62659092130276683
 0.13952151045415628
 -0.38685153795506044
 -0.88561006608120318
 -0.97852825047564906
 -0.73522771206905113
 -0.13499801673067219
 0.52709597262535235
 0.88772174448364649
 0.97757679069033354
 0.7321246402313728
 0.28043073238907928
 -0.39525761693508338
 -0.88981490952982212
 -0.97660494362994621
 -0.72900630000091904
 -0.12594267756543712
 0.534835532261557
 0.89188951756697665
 0.97561272956226286
 0.61225090867551668
 -0.031681480166081341
 -0.53868862145428353
 -0.89394552532936078
 -0.97460016917982983
 -0.60863379684069807
 -0.11687683236262683
 0.4078046943816232
 0.89598288993909425
 0.97356728359948941
 0.7195603208637491
 0.26285100805909306
 -0.41197016019304566
 -0.89800156890714844
 -0.97251409436198921
 -0.71638156055294167
 -0.25844214320731507
 0.27230121880568781
 0.72633649203427009
 0.99774102377887197
 0.81191999367161027
 0.39882994629126045
 -0.12661172060870704
 -0.61638647735605456
 -0.93252327229805121
 -0.98596540036085667
 -0.65370493758158688
 -0.17438087676587846
 0.49280821003958597
 0.86866798729944894
 0.99982132737852258
 0.75869097778854966
 0.16988232258226452
 -0.49677673522365212
 -0.87092125115799168
 -0.9843994710296855
 -0.75570808304221859
 -0.31413140947528839
 0.21593704592681448
 0.68517537297528308
 0.99215262290844974
 0.84446525583110477
 0.30979259712026835
 -0.22039375891483476
 -0.68849451687399366
 -0.96264425706104728
 -0.9656141565470755
 -0.57875755451358868
 0.073320925474022622
 0.6917993022821437
 0.9638707429922535
 0.9644168381515249
 0.69328375107809725
 0.075373027398763642
 -0.44551413093429654
 -0.8408985917021129
 -0.99939933922813762
 -0.87636622663844588
 -0.50645805922721576
 0.0061208973313193644
 0.64169944063822781
 0.98321230929285264
 0.93809761595957408
 0.50251506956987901
 -0.010687453590618137
 -0.52087928828453178
 -0.94528653874540336
 -0.93650605963703171
 -0.62516016716356593
 0.015253786964101002
 0.52477213534678935
 0.88646056314994948
 0.99843033056584207
 0.73398302658285619
 0.28305228863950394
 -0.24761514744576363
 -0.80803501982829273
 -0.99569770465768859
 -0.82657758365299772
 -0.27866938929790458
 0.25203705689095912
 0.81071699771620309
 0.99787714938844085
 0.72774935818324415
 0.2742806783315328
 -0.25645371012622509
 -0.81338206817485037
 -0.99756933985126051
 -0.72460972568330329
 -0.11958990645928266
 0.54023327442822866
 0.95248874330969102
 0.92825599487008159
 0.60717720135664366
 -0.038078777750887242
 -0.66588474714962409
 -0.95386971012119892
 -0.97314664918583926
 -0.71828519146551872
 -0.11051714876850045
 0.54789656673906506
 0.89880721535633923
 0.99652111377909025
 0.71510042164526089
 0.2566695505195406
 -0.41779443979418884
 -0.90079963176166622
 -0.99613013022446173
 -0.71190073847071889
 -0.10143517182540703
 0.42193912522092825
 0.90277326207257647
 0.96990183591888457
 0.70868620867103405
 0.24783150212176325
 -0.28283809894652973
 -0.73383133976659254
 -0.99841779827284749
 -0.80546855573193599
