# Created by Octave 8.4.0, Thu Dec 11 09:47:23 2025 IST <gamana@Samsung>
# name: iq
# type: matrix
# rows: 2048
# columns: 1
 0.99706007033948296
 0.81741217677477895
 0.40749676511192734
 -0.26757933088703667
 -0.82003431881388944
 -0.99739959216031482
 -0.81477298767905471
 -0.40332217000396425
 0.12174574039319934
 0.61251750219373202
 0.9756866937503218
 0.95041478686084535
 0.65740811854692949
 0.026779638075654512
 -0.6161208997466926
 -0.97667740455693652
 -0.94898469904253735
 -0.53068550131166847
 0.13080603864129745
 0.73235430365016874
 0.97764774684509548
 0.94753482023462876
 0.65049842763434806
 0.17021463217652491
 -0.35801914740060525
 -0.78539783471713998
 -0.99152754231630602
 -0.91834089914126482
 -0.58645480711822251
 0.06387260574650877
 0.6849297096298741
 0.99211040285063745
 0.91652386521001739
 0.58274974275466684
 -0.068429320412764685
 -0.56931784686309095
 -0.96255289322519511
 -0.9146877172569069
 -0.57903252519821957
 -0.080262094262641887
 0.44111841487869557
 0.91171342092136254
 0.96450593995209644
 0.57530323197111466
 0.07570928483461975
 -0.57680275981140672
 -0.91358003901312201
 -0.99299901827171977
 -0.69022950739697697
 -0.071154896496347181
 0.44929670050794807
 0.91542760447624616
 0.99244923265600671
 0.68691788519972474
 0.066599024229182319
 -0.45337183085077554
 -0.84562645019083471
 -0.99187874960179634
 -0.68359193739244539
 -0.21381607161106853
 0.31619243755180926
 0.7571285669469523
 0.99977318748613397
 0.86985197422915883
 0.35630566381819206
 -0.17202205632633658
 -0.65189063542320946
 -0.98556272514868337
 -0.86759008943263682
 -0.3520349582153795
 0.32484398121003566
 0.76306347130970409
 0.99992600201619608
 0.8653101111236956
 0.48693370707140277
 -0.028613416223251562
 -0.536100052379056
 -0.95098368393158716
 -0.93006880782054413
 -0.61106639304019938
 -0.11992470052882938
 0.53994946709703096
 0.95238598048070489
 0.97426376220703059
 0.72168845298289652
 0.26581129234256295
 -0.40917133979595066
 -0.89664680196432855
 -0.97322421740503984
 -0.71851977171296921
 -0.26140610184024543
 0.41333399829856854
 0.82108283884711719
 0.99753012452978629
 0.81370802101913009
 0.40164283463597866
 -0.27374159579893415
 -0.82368099394745231
 -0.99784048800762737
 -0.89090525512361429
 -0.39745647397782563
 0.12809678987676251
 0.73049112569938079
 0.977069646269493
 0.8888218168869445
 0.52912975935153383
 0.020380225184827103
 -0.62115016073397611
 -0.97803180066825379
 -0.94694682925076201
 -0.52524920526344476
 -0.015814255536007973
 0.62472257242825535
 0.9789735583027539
 0.94546926027148714
 0.64562337082936083
 0.011247956082341949
 -0.62828195559010802
 -0.93790331511077729
 -0.94397197361676277
 -0.51745531617108087
 0.14619080877256765
 0.63182823598891091
 0.93947771061620244
 0.9824734317532009
 0.63862173069241412
 0.15488675998232163
 -0.50990837753160867
 -0.94103251339940608
 -0.9409183725946465
 -0.5096182613695085
 0.002451968787792662
 0.63888119294273482
 0.98253623478184693
 0.87593347296118218
 0.5056837509888833
 -0.0070186351243288854
 -0.6423877224089799
 -0.98337572251258365
 -0.93778628091338123
 -0.5017386946196043
 0.011585155087853634
 0.64588085493770186
 0.94557904321004638
 0.97890471388091427
 0.73646992327589755
 0.28656929572213435
 -0.24405878165923398
 -0.70593475145094076
 -0.96894673588189228
 -0.90444055412780355
 -0.42546475484063667
 0.24848484721087891
 0.70916188232663657
 0.970065839412798
 0.90248296796936045
 0.55495322438255723
 0.051091454836268826
 -0.596776182900982
 -0.97116471230884116
 -0.90050656061068934
 -0.41718158624638879
 0.25732133973037058
 0.81390399247921841
 0.99750638142641856
 0.72399073590500151
 0.1186985440550069
 -0.54098853304387418
 -0.95276179274796713
 -0.92792170728734635
 -0.60646362901863526
 0.038975868375956735
 0.54482362820236752
 0.95413885114572949
 0.92620967709367286
 0.6028262662184477
 0.10962484661941579
 -0.41445822861210652
 -0.82178714924509855
 -0.99644589250719506
 -0.71447258176090922
 -0.25580176557114981
 0.27492919280489736
 0.72821175405807848
 0.99792084509802448
 0.81032196923136679
 0.39632292922231288
 -0.27931705123175316
 -0.73133396242559634
 -0.99820477003535257
 -0.88825520681746439
 -0.52808142658504087
 0.13384850513027419
 0.73444091888983309
 0.9782884930647664
 0.88614822702694929
 0.52419790220779638
 0.01457942004615246
 -0.49914612947357034
 -0.87226068289134251
 -0.98391506537880058
 -0.75391589745208354
 -0.16268499548422688
 0.50309805648286454
 0.93833100971718231
 0.98308902348526839
 0.75090784312405601
 0.15817743084431238
 -0.50703949142794102
 -0.87669086913002936
 -0.98224247935955056
 -0.74788412868125476
 -0.15366656742847584
 0.51097035211053232
 0.94144960872359518
 0.98137545065624499
 0.63414647918112677
 -0.0036869410735316153
 -0.63983078090230217
 -0.94297947361517021
 -0.93893789853280041
 -0.63060883078210594
 -0.14463532063038551
 0.51880002299952621
 0.88319891056935484
 0.97958001227093605
 0.73871965688208541
 0.14011512559396239
 -0.5226986699188424
 -0.94598017464972417
 -0.93575608369329677
 -0.6234941541662522
 0.017386237901099992
 0.65029919933927494
 0.94745094821337439
 0.93413588692046379
 0.61991727432530874
 -0.021952071972139286
 -0.65376164503981937
 -0.98597790847448374
 -0.86635918424039315
 -0.48876403164850379
 0.17894952312104839
 0.76465753306271111
 0.98672970031970908
 0.9308370836132025
 0.61272480455341882
 0.12200606815118613
 -0.53818343962477888
 -0.89367668162933689
 -0.99741846053125105
 -0.72313828409462411
 -0.11747220654559611
 0.54202677389073506
 0.89571649608114523
 0.97370403558786156
 0.60548122176772357
 0.11293589506784936
 -0.54585880423761202
 -0.8977376304468816
 -0.97265351050344262
 -0.71679971094190253
 -0.25902123359623186
 0.41558182680600181
 0.89974004257597251
 0.99634110391888031
 0.81226981941563969
 0.25460768126343408
 -0.41973116691975981
 -0.9017236907083076
 -0.97049162886470242
 -0.59452133364708126
 -0.099313207688725244
 0.55728627378607698
 0.90368853347506051
 0.99551896067913792
 0.70717990245368956
 0.24576473929266096
 -0.42800350042979229
 -0.83020514487898067
 -0.99507674247845379
 -0.80420278370808562
 -0.24133553407346375
 0.28925760604766027
 0.73836599107446921
 0.97947441103636879
 0.88344480975007722
 0.38256711674833077
 -0.29362607469684976
 -0.74143807910168669
 -0.99898792851145068
 -0.79874080855644036
 -0.37834382170007552
 0.29798841980098012
 0.74449470450516952
 0.98127454676752734
 0.94162633855895717
 0.51142119782764928
 -0.00035520609580435376
 -0.63726673695191594
 -0.94186526817621741
 -0.98113746362030607
 -0.63319109472817048
 -0.14793122191009037
 0.51594885599497475
 0.94338981799034627
 0.93851224311500481
 0.50355133254811568
 -0.16216739538656585
 -0.64427868567325608
 -0.98382122316867648
 -0.93692582017353565
 -0.6260955390552706
 0.014054907842664553
 0.52375111157019172
 0.94637986330795709
 0.93531985772929782
 0.49563946141864407
 -0.018621015841164639
 -0.65123688918118505
 -0.98541644943190609
 -0.86801831666252882
 -0.35284144865526218
 0.17567057279463055
 0.65469565491376036
 0.94929096237321153
 0.9320494487080756
 0.48768624444110664
 -0.18016442982835693
 -0.76545281519641795
 -0.98692947304195144
 -0.86344712668334977
 -0.34428084209006543
 0.33265584354707201
 0.76838347213204672
 0.98765511914161686
 0.86113449709973433
 0.33998972421839152
 -0.18914077831673098
 -0.66498974329760363
 -0.98836016778358704
 -0.85880390863449096
 -0.47568034773834422
 0.04144382654965674
 0.66839346461823534
 0.95487535698635206
 0.97236593164019758
 0.71593804003700734
 0.10716944470083213
 -0.41670479116656878
 -0.82319200887121757
 -0.99623479574009144
 -0.81154885978959945
 -0.25341320863550165
 0.27730312706414845
 0.82577623193527505
 0.99582849150478125
 0.80887214180542977
 0.24899292637427459
 -0.28168784626551813
 -0.82834323351112504
 -0.99834965947009091
 -0.88711792332171879
 -0.52598234640887054
 0.13629582557301226
 0.62404941694819249
