# Created by Octave 8.4.0, Thu Dec 11 09:47:23 2025 IST <gamana@Samsung>
# name: iq
# type: matrix
# rows: 2048
# columns: 1
 0.99706007033948296
 0.71979445629436789
 0.11267528621267162
 -0.54607854638925091
 -0.89785314323009247
 -0.97259255895290297
 -0.60163096747855127
 -0.10813648706951674
 0.41582037352034329
 0.89985447880301794
 0.99631865342087256
 0.71342420240216764
 0.25435403320662997
 -0.41996921323270014
 -0.82522724334078956
 -0.99801622712169602
 -0.88966097771079677
 -0.53068550131166847
 0.13080603864129745
 0.61971144815431445
 0.97764774684509548
 0.94753482023462876
 0.65049842763434806
 0.017648480643128749
 -0.62328907253604104
 -0.97859770037839833
 -0.94606518067421075
 -0.5229222527763302
 0.13985542515412888
 0.73854284938133441
 0.97952724534565039
 0.94457581101048138
 0.64353447266247155
 0.1612074989385934
 -0.50439146910589572
 -0.9388476181633828
 -0.94306674230411036
 -0.64003232751865924
 -0.0039492221486906965
 0.63394365677250586
 0.94041029539182541
 0.98196046852828767
 0.74688936492934765
 0.15218691789985109
 -0.51225682209534928
 -0.87959183670055963
 -0.98108672759545423
 -0.74384495350793745
 -0.29705977382799137
 0.37924403260955986
 0.88175517967331396
 0.99894370498287544
 0.74078502926765999
 0.29269611680139745
 -0.23784618978820501
 -0.70138649497904204
 -0.99471412193617259
 -0.90715275704229548
 -0.5640436772560169
 0.091189587921087126
 0.70463424304951916
 0.995172673015283
 0.9052216213146459
 0.56026686158099936
 0.057483207986331115
 -0.59162761605977232
 -0.92085560177722303
 -0.95822557211480941
 -0.55647836159153252
 -0.052923454120163547
 0.46554015275120081
 0.85285967026973009
 0.99992600201619608
 0.8653101111236956
 0.48693370707140277
 -0.028613416223251562
 -0.536100052379056
 -0.89256565897215878
 -0.97528298882685538
 -0.61106639304019938
 0.033177953663624922
 0.6622181460394142
 0.95238598048070489
 0.97426376220703059
 0.72168845298289652
 0.11538970234524717
 -0.40917133979595066
 -0.89664680196432855
 -0.99691782759704184
 -0.81635404255404231
 -0.26140610184024543
 0.41333399829856854
 0.82108283884711719
 0.99753012452978629
 0.81370802101913009
 0.40164283463597866
 -0.1235663705437246
 -0.72736480393270331
 -0.976087115172108
 -0.94984269133657262
 -0.5329992784866211
 -0.024945769805903319
 0.49013503876520476
 0.93306290263883518
 0.9857143278662881
 0.65257115358035622
 0.17290636130483472
 -0.35546668344393723
 -0.78370367285990949
 -0.99116893315155996
 -0.91941886397094896
 -0.58866567994252117
 -0.092083567790262444
 0.43043876792991398
 0.83170518209591671
 0.9948059055471814
 0.80259732136130291
 0.38429460930068043
 -0.14226507325346605
 -0.74018166945770114
 -0.98001433309629538
 -0.88217830293203281
 -0.5169422215328644
 -0.0060819302984870876
 0.50649165936094453
 0.87638499461233221
 0.99939798804634417
 0.74830582404032453
 0.30345009550774876
 -0.37303658298251563
 -0.7952820789143652
 -0.99349417321266609
 -0.91183591077944193
 -0.44138606228711419
 0.23133369945229509
 0.69659554402894908
 0.99400388353643554
 0.83589924592732856
 0.29473478291070099
 -0.23577411851732263
 -0.69986472738088246
 -0.99449286399960557
 -0.90804815142170425
 -0.56580348860755936
 -0.064170247112106324
 0.45553994987544799
 0.91822281255190064
 0.99156624030211227
 0.78558241593678013
 0.21143774299753279
 -0.4596005511667951
 -0.84934250145457979
 -0.99982206321654787
 -0.7827485430773421
 -0.35403036835172824
 0.17441924733844569
 0.65373442591801834
 0.98597190527095069
 0.93250919994749593
 0.48879541234463364
 -0.17891413338937334
 -0.65718334515096322
 -0.98672385914042748
 -0.93085022777459614
 -0.61275323130491544
 -0.12204176958964874
 0.53815312256223813
 0.89366054079246726
 0.97474228812232744
 0.72316312838840535
 0.26786669665209145
 -0.40722438016204138
 -0.89570050221150199
 -0.99708287930625972
 -0.81758395015242558
 -0.40776911381292757
 0.11691553296326762
 0.72275100630780531
 0.99737805275365465
 0.89392806025096938
 0.40359507107527787
 -0.27168970291739925
 -0.72589955901361203
 -0.97562128220467814
 -0.89187189359083541
 -0.39941261139910966
 0.27608179845129188
 0.72903297315013649
 0.99799740554147065
 0.80961878637905693
 0.39522182200926509
 -0.28046813632438389
 -0.82763055278471998
 -0.99552236145793405
 -0.80692988855390591
 -0.3910227903042498
 0.2848486250599977
 0.83018509244493799
 0.99853350618279191
 0.80422416227931737
 0.38681560385450109
 -0.13956009696432306
 -0.62662129028422675
 -0.97946715993414057
 -0.88346166250266167
 -0.51927914142955423
 -0.0088140930164201034
 0.63017369911379184
 0.93874487800741557
 0.94316590043829451
 0.51537099862649982
 0.0042474728687656475
 -0.50807257902778735
 -0.94030883498023976
 -0.94163844768396199
 -0.63674683786538955
 0.00031923585954923394
 0.63723901631627178
 0.98213715956934433
 0.94009135714542313
 0.50752255070260899
 -0.0048859379302577163
 -0.51591804285763432
 -0.88161445222490153
 -0.99895736552083214
 -0.74098534558510176
 -0.14344881653862027
 0.38319016531044081
 0.80188330192653412
 0.99468345213335263
 0.90727822208785613
 0.43151800247944805
 -0.090892573300825938
 -0.58769843231490726
 -0.91894783982949224
 -0.95960567572890887
 -0.56051388343360253
 0.095439428204702317
 0.70765659474751896
 0.9695457157469568
 0.90339953837705722
 0.42326080014528156
 -0.099984292727982482
 -0.59506350357818594
 -0.92251149975723845
 -0.99008517609894975
 -0.77874882065520912
 -0.20070528408614913
 0.32887798873448248
 0.85508063289626457
 0.99996881912549695
 0.86316272100472013
 0.4832010361090513
 -0.18520834312093926
 -0.76874400590054903
 -0.98774323653133267
 -0.86084787267776119
 -0.33945970671075087
 0.18969411019386812
 0.66541051425670217
 0.95367873490877664
 0.97329272995718019
 0.60404888032206194
 -0.042006869504546129
 -0.66881251930208108
 -0.9550425787210467
 -0.92506176487489222
 -0.60040315804615862
 -0.10660913950005184
 0.4172170007304869
 0.82351183179259257
 0.99618578131998348
 0.71234687558984466
 0.10206734783196263
 -0.55498564052037891
 -0.9024997516928992
 -0.9700563756655316
 -0.70913440773828773
 -0.097523427558587797
 0.42550001936434589
 0.9044571770741362
 0.96893709960678209
 0.70590715095312395
 0.2440209920836714
 -0.42962826117457042
 -0.8312063964776738
 -0.99863113967031658
 -0.80313252905472288
 -0.38512327320887718
 0.14137639029589028
 0.73957771308504316
 0.97983535014433554
 0.94407036283704926
 0.6423578578181528
 0.0069796683206632109
 -0.50571736882737595
 -0.87595227158625555
 -0.98252898325249005
 -0.63885121435033154
 -0.15518140706370073
 0.37220347870452092
 0.87814610629150636
 0.99926397133646527
 0.83888610981612755
 0.44219145737574639
 -0.079069885294103012
 -0.69595115489298887
 -0.99390531792445092
 -0.91032346588521007
 -0.57030070054448001
 0.083621468417119316
 0.58177738632325471
 0.91604482955208066
 0.96163364747631896
 0.68580064368420124
 0.065066128021649294
 -0.58548564104957779
 -0.91786687306612458
 -0.99168219083442521
 -0.78613759286648821
 -0.21231511789868246
 0.31764947668717658
 0.84886828517444479
 0.9998047252192015
 0.86909310667079476
 0.35486983856001397
 -0.17353518125920112
 -0.76110129162826068
 -0.98582166208559185
 -0.86682512999692407
 -0.35059665330094814
 0.17803078979926107
 0.65650641319710423
 0.95004216577130385
 0.97594812542521558
 0.72692650384231072
 0.12293276672054423
 -0.40222746283950234
 -0.89325731789954943
 -0.97494239378229308
 -0.6098496253683402
 -0.11839941766865417
 0.54124186939726804
 0.95285324495806334
 0.97391632980441289
 0.72062419647406539
 0.1138635994076755
 -0.54507621748921586
 -0.95422899160253716
 -0.92609606088599616
 -0.60258587918884199
 -0.10932540653168561
 0.54889919806623944
 0.8993321472709761
 0.97180329086122053
 0.59893511785142717
 -0.048401518663292627
 -0.67355763835262505
 -0.99004872142857403
 -0.92261154505489729
 -0.46550566488899814
 0.052962367227616054
 0.55651073800250028
 0.90328832645255697
 0.96960918486365943
 0.59159619936111119
