# Created by Octave 8.4.0, Thu Dec 11 09:47:23 2025 IST <gamana@Samsung>
# name: iq
# type: matrix
# rows: 2048
# columns: 1
 0.99706007033948296
 0.81741217677477895
 0.2631763561998442
 -0.41166286191191009
 -0.89785314323009247
 -0.99669975492155383
 -0.71661680183738552
 -0.25876789299367536
 0.41582037352034329
 0.82263935911185238
 0.9977183133033527
 0.89173695753970295
 0.39913916364882279
 -0.27636844752632383
 -0.72923708866562187
 -0.99801622712169602
 -0.80944368883232731
 -0.24993486888935224
 0.28075440618218883
 0.82779791753061049
 0.99549412439592866
 0.70699443523279637
 0.094506937438585861
 -0.56128938152206265
 -0.95986880079473902
 -0.91857801197952549
 -0.58694028909782114
 0.063274314483384275
 0.56506302386814056
 0.96113952181813156
 0.91676349009574332
 0.45227072281333514
 -0.067831209437063375
 -0.68781486305698147
 -0.99259995340625728
 -0.91492984919274301
 -0.57952119936716195
 0.072386689777034482
 0.69112259930416531
 0.96362080435019881
 0.96466407232768558
 0.69395851144652154
 0.076307054549183448
 -0.44467530925009219
 -0.91333608119151988
 -0.99306965479367471
 -0.79305245980539629
 -0.22331365638335027
 0.30694400810481892
 0.75073460377554946
 0.99951855157608782
 0.79026236628191826
 0.36538281225045838
 -0.16242620102223765
 -0.64447925512746196
 -0.98386817811504812
 -0.93683411263050442
 -0.49937338518631758
 0.16693057028402239
 0.75673679541218208
 0.98467487951336408
 0.9352270289765664
 0.49541164415814748
 -0.17143145822393704
 -0.65143590665126416
 -0.98546104560661119
 -0.86788805486487475
 -0.35259602275589552
 0.32427693142512543
 0.76267586066973059
 0.98622665999936832
 0.86561044910871676
 0.48745724964467341
 -0.1804224147503094
 -0.76562156587699015
 -0.99996639480875027
 -0.77606586166474079
 -0.19652479537939213
 0.33290317762689803
 0.85728447288167564
 0.98880593232892833
 0.6671964317408684
 0.19204509648218823
 -0.33720593166871321
 -0.8596266700940336
 -0.99999956267601298
 -0.7702735494564491
 -0.18756139250195419
 0.48110279110532905
 0.86195093987035842
 0.99998486432392741
 0.76735326709145446
 0.33113883262464167
 -0.19835842695893965
 -0.67197750908508203
 -0.98974591263666278
 -0.85395260006082463
 -0.4673948212957868
 0.050829512641400787
 0.67535247435899426
 0.99038789654722414
 0.92167111360559606
 0.59331675018393693
 0.097823237881506209
 -0.42522738066342897
 -0.90432863318207168
 -0.96901155714552578
 -0.70612049614130767
 -0.093277415011185888
 0.42935621049938855
 0.90626844172607091
 0.96787340625601292
 0.58593996609973664
 0.088729646848843727
 -0.56608150866258033
 -0.90818935012412527
 -0.96671507045462812
 -0.6996238189346462
 -0.23544639110632265
 0.29505700746927255
 0.74244194177693867
 0.98067870320139328
 0.88058739468803771
 0.51405646439116126
 -0.15011424342459914
 -0.74549348365907853
 -0.99924231199376601
 -0.8784141246596503
 -0.51013398334824778
 0.15462763684080572
 0.6384198765100676
 0.98242450771086454
 0.93956753908246515
 0.50620086350751381
 -0.15913780551172138
 -0.75154986251153877
 -0.99955610682356222
 -0.8740126725681886
 -0.50225718689379151
 0.01098568930287583
 0.6454230546514419
 0.98408835915254311
 0.87178458229700406
 0.49830303575211032
 -0.01555200480670464
 -0.64890448980632387
 -0.98488950883147741
 -0.86953831103763324
 -0.35571182422530373
 0.32112343421472683
 0.85080042299022818
 0.99987045121728202
 0.86727390563586582
 0.49036363995544646
 -0.17714435260911662
 -0.76347403916016077
 -0.98643017256636134
 -0.93150589989614585
 -0.48637856087585363
 0.1816369880798058
 0.65926730919879128
 0.98716965449191374
 0.86269088167818231
 0.34287472804206498
 -0.3340674597427386
 -0.85791963886098022
 -0.99999712835420362
 -0.86037235870082118
 -0.47837805589467242
 0.038376812967765628
 0.66610723072811973
 0.95395920953976465
 0.97307795218369009
 0.60330448558058436
 0.11022071766582678
 -0.54814604493480013
 -0.89893791293310132
 -0.99649621282851231
 -0.81333847222205879
 -0.40106078858848004
 0.27435274166173773
 0.72780075185382342
 0.97622505728464248
 0.89061644973602283
 0.53246148620005185
 -0.12872700293448133
 -0.61806448346233855
 -0.97720475411549423
 -0.94820297322449965
 -0.65208950559648549
 -0.17228042356740925
 0.49466286186017294
 0.869722556749563
 0.99977873900851999
 0.84819418306959704
 0.45767072341707316
 -0.21355984684494758
 -0.68340048286253452
 -0.9607251061180615
 -0.91736051401446572
 -0.45360559371491849
 0.21801897161530401
 0.6867272513369036
 0.99241702790969344
 0.84332102103461049
 0.44953100410935642
 -0.22247354961983337
 -0.69003969817690514
 -0.99296800256705919
 -0.91368666731604986
 -0.44544703957558268
 0.22692348795870262
 0.79530388498163285
 0.99349826896703219
 0.83837750983358095
 0.29906123418645231
 -0.37730307052849954
 -0.88076418263196576
 -0.99903785701884862
 -0.74219188539576064
 -0.1452284948088578
 0.38152831590914027
 0.88291758535122433
 0.99882716155569551
 0.83336406185027223
 0.43313974907902392
 -0.24024453744627602
 -0.80353417917116288
 -0.99496471019671173
 -0.83083124203139913
 -0.28596041578581616
 0.38995484850427714
 0.80624417124079983
 0.99541203730261552
 0.82828109530251082
 0.28158142740539416
 -0.24910034005624931
 -0.80893734916154614
 -0.99583860518100376
 -0.90220907079050061
 -0.55442447309244725
 -0.050456800295622002
 0.59728597179663523
 0.92357640854991629
 0.95618928038653395
 0.55061812396139964
 0.045895385394162144
 -0.60094237098948822
 -0.92531771879083213
 -0.98902822624331277
 -0.66831096608754659
 -0.19351427197345175
 0.33579598627634649
 0.77051148493708665
 0.99999984205834835
 0.77122750954177499
 0.3368545744428309
 -0.19241132777952227
 -0.77341438789128647
 -0.98886154633826362
 -0.92574337325759704
 -0.6018404516588296
 -0.10839722832228103
 0.41558182680600181
 0.89974004257597251
 0.97158270081850562
 0.5981871302220686
 0.1038563009623451
 -0.41973116691975981
 -0.82507907730420516
 -0.9979996801885721
 -0.80959767290581042
 -0.39518878000658209
 0.28050266265589391
 0.73217568374252728
 0.97759256833212316
 0.94761862707272504
 0.52703228840410865
 -0.13507226835580494
 -0.62308394802830314
 -0.93557096785863769
 -0.98450477561973526
 -0.64722315768840744
 -0.16597144449530166
 0.36203493382883944
 0.78805496053472135
 0.99962360723391863
 0.75310397795260287
 0.3103625522847524
 -0.21980895658447358
 -0.68805960798840127
 -0.96248175678768133
 -0.91479369043480918
 -0.57924634576443579
 0.072723021987780773
 0.6913662822677682
 0.99318350320331317
 0.91293956129574116
 0.44380386387911941
 -0.22870973038454406
 -0.79641462932165763
 -0.99915395334485979
 -0.83737614173914277
 -0.43970690185345124
 0.081829121348277425
 0.58031363000642855
 0.91532200863263968
 0.99248136912938811
 0.79005568291226769
 0.21853088889063887
 -0.31160751590123287
 -0.75396512742134258
 -0.98392844930791656
 -0.93671610823552076
 -0.49908119296237063
 0.014654350036806126
 0.52426171766965646
 0.94657336656161561
 0.93510758318871434
 0.62205885630624247
 -0.019220412485174646
 -0.52814506197965061
 -0.94803620646607956
 -0.9334795565583065
 -0.4911458537354722
 0.023786074093560219
 0.65514869784289442
 0.94947927516166009
 0.97633862757189327
 0.61488179360742934
 0.12471743714137844
 -0.40058020401269867
 -0.8924473602973515
 -0.99761093449210159
 -0.72502274927095844
 -0.27046345643873931
 0.40476032444000531
 0.89449833060686224
 0.99728505146395308
 0.72186998516592915
 0.26606413057519801
 -0.40893200362750154
 -0.8965306462350312
 -0.97328447172790966
 -0.60402021354809721
 0.04204280796555189
 0.66883926026355789
 0.95505324215194976
 0.92504810217897204
 0.47112971399971271
 -0.19868893592561135
 -0.67222720714079276
 -0.98979402472519373
 -0.92330379323078149
 -0.59671605039669295
 -0.10203156538250441
 0.42139552464273106
 0.82611420249337753
 0.995773610928675
 0.80851949738323936
 0.39350296080787661
 -0.28226302332939512
 -0.73342394586459891
 -0.99838390828355505
 -0.88684106715721245
 -0.52547237649733447
 0.13688971055489954
