# Created by Octave 8.4.0, Thu Dec 11 09:47:23 2025 IST <gamana@Samsung>
# name: iq
# type: matrix
# rows: 2048
# columns: 1
 0.99706007033948296
 0.81741217677477895
 0.40749676511192734
 -0.26757933088703667
 -0.82003431881388944
 -0.99669975492155383
 -0.71661680183738552
 -0.10813648706951674
 0.54989853666459632
 0.95593663795513129
 0.92390648709702716
 0.59797692748566744
 -0.049596092412049285
 -0.67444116920798691
 -0.95726733173653833
 -0.9704283499248888
 -0.59431041673833829
 0.054156660896962569
 0.67780586584135905
 0.99084323820616371
 0.8498160331918907
 0.31935148523341417
 -0.35745931769917083
 -0.87046054131309936
 -0.98456385395974688
 -0.6474801846370748
 -0.01368175251214607
 0.62638648994471469
 0.97940638220278364
 0.88360275942895394
 0.51953656816259619
 -0.14378254173206947
 -0.62993976311876387
 -0.9803181820220509
 -0.94326596996825585
 -0.64049284014193564
 -0.1572909121528088
 0.37022034837370582
 0.79343940089101905
 0.99314413982746996
 0.91307712751093861
 0.44410603043884272
 -0.076940660499172919
 -0.69441592225238924
 -0.96483131411195144
 -0.96345076458911849
 -0.57205376644090067
 -0.071752868069691278
 0.44876103338158679
 0.84285757488642232
 0.99252258712934649
 0.79026236628191826
 0.36538281225045838
 -0.3112870671345041
 -0.75374355922055913
 -0.98386817811504812
 -0.87238892007601454
 -0.49937338518631758
 0.16693057028402239
 0.64796433750803051
 0.94646456283791902
 0.97834281697030223
 0.73461889791047752
 0.28395058142647778
 -0.39188476247376564
 -0.80748280845543519
 -0.99561046985879564
 -0.82710443109173448
 -0.42299056154802456
 0.25113046123705945
 0.81016824749014416
 0.99793771528696562
 0.72839148523155783
 0.27518135912083291
 -0.25554820013760671
 -0.71428904737035315
 -0.9718124784500537
 -0.89931510730645936
 -0.54886662494658134
 -0.043800730362636646
 0.60261697710835183
 0.97287896944569174
 0.95421733651916474
 0.54504354703316671
 -0.11390231364833965
 -0.60625506401228335
 -0.92782390279400195
 -0.9880219015039563
 -0.76989109921219223
 -0.18697249432793983
 0.48162826828313782
 0.862254728491333
 0.98730689364631385
 0.6599150493749707
 0.030110031711012196
 -0.48562539556399231
 -0.86455865896230799
 -0.98657129559318824
 -0.65647701852210572
 -0.025545082696878618
 0.61709316219078447
 0.97694182433784282
 0.88909638161822035
 0.52963836788862773
 0.020979600942368393
 -0.6206802229306233
 -0.9779066548749713
 -0.94713933381100757
 -0.5257592578226381
 -0.016413681660202538
 0.49755567898470887
 0.93609865989502394
 0.94566435559940187
 0.52186918309512553
 0.011847420072184065
 -0.62781543718359556
 -0.97977511379001769
 -0.94416965564365596
 -0.51796822483325666
 0.14559771938948285
 0.74244194177693867
 0.98067870320139328
 0.88058739468803771
 0.37695743566298062
 -0.29941732507672353
 -0.83858087426586858
 -0.99345571300162749
 -0.69306877966779146
 -0.075075619233675853
 0.57732175167932231
 0.91383827581477584
 0.96311919725086403
 0.68976954495290488
 0.22210969556110782
 -0.44986433135439413
 -0.91568318697947149
 -0.96188036757380457
 -0.56728551795522719
 -0.065964947481356728
 0.58475517729333404
 0.96750494892858208
 0.96062147796914976
 0.56351882378034068
 0.06140750055749996
 -0.58845363626893432
 -0.91931568176287859
 -0.99120367915358121
 -0.78386655901666646
 -0.2087313118979876
 0.46205730526771932
 0.92110318962624171
 0.95804362441097179
 0.5559502578282578
 -0.10091329755001452
 -0.59581366090383858
 -0.9708781593802871
 -0.90102729271411663
 -0.41827097229126492
 0.10545563890326679
 0.59947507307049819
 0.92462053990548931
 0.95538585161881107
 0.54833531494967858
 0.043165857223819569
 -0.60312398323902328
 -0.92635030896735904
 -0.95402706453421626
 -0.66627601038814355
 -0.038602958016586891
 0.4781793062011695
 0.92806075907777474
 0.95264838130194684
 0.54067463037707986
 0.034039253748189412
 -0.61038399345321481
 -0.92975185456545484
 -0.95124983067432078
 -0.53682733451047515
 0.12360206503732361
 0.72738948807433812
 0.9760949337410576
 0.9498314418179753
 0.53296884315862658
 0.02490981074519789
 -0.49016639178090649
 -0.86716121786379208
 -0.99987406833880488
 -0.85091932605111698
 -0.32133775261549763
 0.20850997879023689
 0.78372601472296954
 0.99117370235192137
 0.9194047170102464
 0.45820367316874133
 -0.061181613339756163
 -0.68296269599202541
 -0.96055857002884482
 -0.91759898613570712
 -0.58493874944307467
 0.065739125967193737
 0.68629133941743792
 0.99234316070105133
 0.84364304898011988
 0.30833443076377964
 -0.36827175865024248
 -0.87611345131609575
 -0.98246672616909925
 -0.63859405043216355
 -0.0020787785250994868
 0.50993931983371721
 0.87830594725152855
 0.99925109459984429
 0.7456443049369389
 0.15033798790047845
 -0.37674780822172083
 -0.88048012619630167
 -0.99906396941251208
 -0.83620842721902666
 -0.43779040550849502
 0.23522643458328552
 0.69946209798473968
 0.99443364532778944
 0.83369527258828502
 0.43368002019265883
 -0.088504224464064266
 -0.58575655754957578
 -0.96781647784468805
 -0.96027759402617385
 -0.56249817485182096
 0.093052086562905839
 0.58945170536753178
 0.91980097027451235
 0.95899325760726251
 0.67887954266207917
 0.20752337767997792
 -0.46315219311821709
 -0.8514487414096451
 -0.99988956691775099
 -0.86665843366590922
 -0.48928696065732896
 0.025918150348734747
 0.65675848811613002
 0.98663218065874925
 0.86437105826285021
 0.34600259604254224
 -0.18285128438184373
 -0.76720813014383116
 -0.99998359356096644
 -0.77450581338902247
 -0.19410240898735903
 0.47525051326602891
 0.85855349636620693
 0.99999932541371506
 0.85974227639621204
 0.33741898084922123
 -0.33953019398050216
 -0.77303422290095891
 -0.98877213948541809
 -0.92596991072697832
 -0.47327524771594232
 0.04417356037004868
 0.67042322845423752
 0.95568328557184301
 0.97172442901384048
 0.71402781945683991
 0.10445254430529899
 -0.55298923339415484
 -0.95701774361155723
 -0.92248257337838213
 -0.4652098361220755
 0.053296118647976481
 0.55678839327715213
 0.95833224313326493
 0.96952735992977768
 0.5913267038636717
 -0.05785577811559621
 -0.56057594138886369
 -0.90538014207092266
 -0.99513597893657624
 -0.70436938842955232
 -0.2419172743442409
 0.28868367814973406
 0.83241016300009274
 0.99467573224387973
 0.801838525669477
 0.38312094629479049
 -0.14352297910378442
 -0.74103566595754
 -0.98026636732946337
 -0.88157908124133344
 -0.51585384667759693
 0.14804090898369313
 0.63327693330856272
 0.98115889740638251
 0.87941423751967451
 0.37466853901919855
 -0.30177304967578189
 -0.83992389067032491
 -0.99933539569536944
 -0.87723105369407695
 -0.37043057075417968
 0.15706741244782543
 0.75016502521567563
 0.98288255343457998
 0.93871905077095341
 0.50406919266205064
 -0.00888902807713364
 -0.51934318233455534
 -0.94469826143564273
 -0.97945204940088282
 -0.6265628875523116
 0.013455460597118806
 0.64730769912003305
 0.98452421818517355
 0.87057191880125973
 0.35767066851744866
 -0.17058236556231213
 -0.65078182389975114
 -0.98531426076813822
 -0.93390888641622483
 -0.61941851343682608
 0.022587388573213293
 0.65424237668371188
 0.98608375471180088
 0.93226650013630397
 0.61582691218738228
 0.12590699365792546
 -0.53486592519085507
 -0.89190578465060499
 -0.97560483350051963
 -0.7258480145675128
 -0.27161758295798555
 0.40366363354108759
 0.89396164573534742
 0.97459211294156811
 0.60860525581607272
 -0.03628150960682397
 -0.66454188279019533
 -0.95332821686977831
 -0.97355906735272113
 -0.71953534158774446
 -0.11230446368529416
 0.41200293591187848
 0.82024784439729825
 0.99742641851518576
 0.81455656209782656
 0.40298065029548513
 -0.27233582962657571
 -0.82285148473961667
 -0.99628659142962239
 -0.8118989948462213
 -0.39879696042893897
 0.27672708435317411
 0.8254379645890646
 0.99803965270193906
 0.8092244955148935
 0.24957350437095055
 -0.42444723106514864
 -0.8280072300048078
 -0.99831505184476921
 -0.88739446065160665
 -0.52649212727969652
 0.13570189160566723
 0.62358086149604175
 0.97867442854773012
 0.88527990620724095
