# Created by Octave 8.4.0, Thu Dec 11 09:47:23 2025 IST <gamana@Samsung>
# name: iq
# type: matrix
# rows: 2048
# columns: 1
 0.99706007033948296
 0.8958330830115131
 0.40749676511192734
 -0.26757933088703667
 -0.82003431881388944
 -0.99739959216031482
 -0.81477298767905471
 -0.40332217000396425
 0.12174574039319934
 0.72610466550790553
 0.9977183133033527
 0.81211680656676566
 0.25435403320662997
 -0.41996921323270014
 -0.82522724334078956
 -0.99801622712169602
 -0.88966097771079677
 -0.53068550131166847
 0.13080603864129745
 0.73235430365016874
 0.97764774684509548
 0.88756644408310237
 0.39074826631547099
 -0.28513450973044718
 -0.73545624545231092
 -0.97859770037839833
 -0.88545340033792985
 -0.5229222527763302
 0.13985542515412888
 0.73854284938133441
 0.99878506466934591
 0.80132327513146184
 0.3823247730738224
 -0.14437579056859726
 -0.74161405106639489
 -0.98043636236127607
 -0.94306674230411036
 -0.51511538248430411
 -0.0039492221486906965
 0.63394365677250586
 0.94041029539182541
 0.98196046852828767
 0.63651683455885644
 0.15218691789985109
 -0.51225682209534928
 -0.87959183670055963
 -0.98108672759545423
 -0.74384495350793745
 -0.14767181956608888
 0.37924403260955986
 0.88175517967331396
 0.99894370498287544
 0.834726723741544
 0.43536466339879998
 -0.23784618978820501
 -0.80206146680018797
 -0.99471412193617259
 -0.83220329738643806
 -0.28832635562389775
 0.24227936376794221
 0.70463424304951916
 0.995172673015283
 0.82966251550724124
 0.42712419847488775
 -0.24670748503358705
 -0.80748280845543519
 -0.99561046985879564
 -0.90327160727240496
 -0.55647836159153252
 -0.052923454120163547
 0.46554015275120081
 0.92262657540312143
 0.99004323693862828
 0.67352883541892117
 0.20041309089354509
 -0.46957695504264702
 -0.92437830773569063
 -0.95557335273441868
 -0.67014628176077173
 -0.19593694714062365
 0.3334684266427943
 0.85759296924080952
 0.98871630425468959
 0.77279742987957578
 0.33917914848910674
 -0.18998693966562338
 -0.66563312401798547
 -0.98849090621939795
 -0.85836209249050632
 -0.33487961217098988
 0.19446848906226558
 0.66903422027829129
 0.95513095897934219
 0.92494844217390204
 0.60016461899422868
 -0.046867033747573464
 -0.55142982772784532
 -0.95647358368258695
 -0.97108426039629825
 -0.71213752157466126
 -0.25257945801771692
 0.42163336854287486
 0.90262816634349929
 0.99574948813708342
 0.70892408580754163
 0.24815818877633955
 -0.42576990720195163
 -0.82882571694540641
 -0.99531849785788795
 -0.80566836007221854
 -0.38905897338469098
 0.1371495197763625
 0.62472257242825535
 0.93630935971701046
 0.984134927684575
 0.64562337082936083
 0.16390339698880679
 -0.50203036872450668
 -0.93790331511077729
 -0.98331443318542888
 -0.6421292465344145
 -0.0066814220535604723
 0.63182823598891091
 0.98079580514366582
 0.8803031412508725
 0.51354214370764828
 -0.15070692720004675
 -0.74589292680788943
 -0.9816762563472855
 -0.9409183725946465
 -0.63510089645229451
 0.002451968787792662
 0.63888119294273482
 0.98253623478184693
 0.87593347296118218
 0.5056837509888833
 -0.0070186351243288854
 -0.6423877224089799
 -0.94408321150734609
 -0.97982756338423382
 -0.62801956676063164
 0.011585155087853634
 0.52164543106267169
 0.94557904321004638
 0.97890471388091427
 0.73646992327589755
 0.28656929572213435
 -0.24405878165923398
 -0.70593475145094076
 -0.99535103343762399
 -0.82863699236744714
 -0.28219113174004168
 0.24848484721087891
 0.70916188232663657
 0.970065839412798
 0.90248296796936045
 0.42132756391753479
 -0.10210611200314788
 -0.71237422369576531
 -0.99618918079676655
 -0.82348972479342486
 -0.27341723999365541
 0.40195163755402535
 0.89312185138248557
 0.99750638142641856
 0.82089030337516489
 0.41302690829119881
 -0.11118743406544458
 -0.71875427025180472
 -0.99694422685007722
 -0.89649744755550087
 -0.40886361669740878
 0.11572466422679378
 0.60771295218366916
 0.92850663698750324
 0.95228310934829397
 0.66196542496401622
 0.032840916452987139
 -0.48323515238183556
 -0.93019264499265608
 -0.98701387251156136
 -0.65853561950740669
 -0.028276331692887669
 0.48722822131491544
 0.93185925391478641
 0.98627000753600025
 0.65509208035033761
 0.023711157232476316
 -0.49121112914774684
 -0.93350642899691172
 -0.98550557398912264
 -0.65163487930751562
 -0.1716898524875731
 0.49518379281713676
 0.93513413588735561
 0.98472058781311855
 0.75690822893261911
 0.3158724996931519
 -0.21414548183765864
 -0.68383802411548178
 -0.99192158334645664
 -0.84544640193264708
 -0.45307123277109945
 0.066935492729034415
 0.68716291644317073
 0.96214591601666388
 0.96608945909027666
 0.69788263748098545
 0.23308013572095032
 -0.43977420553022362
 -0.8374171025283168
 -0.99915703246642684
 -0.79636930825928232
 -0.37470188890066913
 0.15252020218339782
 0.63677688436544455
 0.94165156452784582
 0.94029557266769315
 0.50803901515625172
 -0.0042864402721787022
 -0.51540439232474189
 -0.88133134574818639
 -0.98036992927622912
 -0.74138779202865035
 -0.14404209446919933
 0.51931244306408963
 0.88347991836137973
 0.97945930314329099
 0.62659092130276683
 0.13952151045415628
 -0.52320966358971066
 -0.94617437850265707
 -0.93554450172266268
 -0.49619128868304263
 0.17054692241431579
 0.75913017088655255
 0.98530811818671238
 0.86833367476890355
 0.35343597986706526
 -0.32342755649263732
 -0.8520769343569492
 -0.99990666682747809
 -0.86605962344102483
 -0.34916032984535117
 0.32774544257114785
 0.85445833872757682
 0.9999586319136059
 0.77663172110021084
 0.19740496596936324
 -0.3320564935482308
 -0.85682192344726693
 -0.98893948579507385
 -0.66786488579440773
 -0.19292606540949148
 0.47630511916939311
 0.92726435688547848
 0.98825184187956794
 0.77084575096264307
 0.33629004696919496
 -0.34065773071631095
 -0.77379427491261488
 -0.9889505977893237
 -0.92551650307139577
 -0.47221868416594392
 0.045371365888891541
 0.55018016296902827
 0.95603558259739696
 0.97144062343148863
 0.71318786016985414
 0.10326002029297376
 -0.55398783516922856
 -0.90198270191125685
 -0.99588627415353737
 -0.80924562749002904
 -0.39463800471769866
 0.28107804804847464
 0.73258388378708994
 0.97771859182372267
 0.94742697280711508
 0.65024226875192148
 0.017311311182923683
 -0.62355274104028446
 -0.9786670389969816
 -0.94595587526113267
 -0.52263478249728768
 0.14018932395002348
 0.62711640397435597
 0.97959507615814501
 0.88316376227426374
 0.38201314970538847
 -0.14470947024985625
 -0.74184022576927944
 -0.98050268395307083
 -0.88101247234590618
 -0.37778881381560825
 0.1492265986468464
 0.6342044204286742
 0.94052491117439774
 0.94142434045552237
 0.51090593409880236
 -0.00095470993008341055
 -0.63772862612896031
 -0.94206652672674507
 -0.93987451980311765
 -0.50697489923478045
 0.1582514249800219
 0.64123953205676343
 0.94358849556734636
 0.98012568485461038
 0.62918402735208534
 -0.010087981973328627
 -0.52036743992919077
 -0.94509078595567964
 -0.97920953288405665
 -0.73748195008814421
 -0.28800343928546723
 0.38799006792188778
 0.80498064877621045
 0.99520571111073786
 0.8294742095736658
 0.42681926135309134
 -0.24703426848143711
 -0.80768168619747682
 -0.99820027893006624
 -0.82691484959557615
 -0.27924509506351897
 0.39639172952169083
 0.81036587949062577
 0.99605747492512753
 0.90115662367122262
 0.41854186373866809
 -0.10515904404881884
 -0.5992363264894498
 -0.92450689724225354
 -0.98934103856410838
 -0.66989594845132772
 -0.043463830529603772
 0.60288605549076435
 0.97295691831292452
 0.95411641469722341
 0.66649838973862252
 0.19112572350826018
 -0.47791734039237166
 -0.86010488691058218
 -0.99999824789995395
 -0.85818903436324712
 -0.47462533683833424
 0.042641774270994789
 0.66928481552472607
 0.95523078406663564
 0.92482021438637707
 0.59989484973093987
 0.10597726537005564
 -0.41779443979418884
 -0.82387216943413188
 -0.99786258122388205
 -0.81084771477814355
 -0.2522531566789874
 0.42193912522092825
 0.90277326207257647
 0.96990183591888457
 0.70868620867103405
 0.096890962859445942
 -0.55930560942458629
 -0.90472806512921378
 -0.99528584909253059
