# Created by Octave 8.4.0, Thu Dec 11 09:47:23 2025 IST <gamana@Samsung>
# name: iq
# type: matrix
# rows: 2048
# columns: 1
 0.99706007033948296
 0.81741217677477895
 0.40749676511192734
 -0.11721173552297842
 -0.60890133064396568
 -0.92906155275357227
 -0.95182505386520067
 -0.6608424346775631
 -0.031344426666491253
 0.61251750219373202
 0.9307412043625467
 0.95041478686084535
 0.65740811854692949
 0.026779638075654512
 -0.6161208997466926
 -0.93240144544834269
 -0.98602164326815445
 -0.7618765189682617
 -0.17471292102219657
 0.35375141607369498
 0.78256289391760381
 0.99092400356524601
 0.84949989429398942
 0.45986541708857864
 -0.2111462234393818
 -0.78539783471713998
 -0.99152754231630602
 -0.84708169348121221
 -0.4558054392076315
 0.21560776862847272
 0.78821639611625471
 0.99211040285063745
 0.91652386521001739
 0.451735955545704
 -0.22006481733715735
 -0.79101851933410983
 -0.99267257301273648
 -0.84219234522037123
 -0.44765705097149988
 0.072984607991762596
 0.69155575910797984
 0.96378086250028872
 0.91283249357463192
 0.4435688105502032
 -0.077538373483401396
 -0.69484718481991314
 -0.9649887322131383
 -0.96328999306189333
 -0.5715619408474234
 -0.071154896496347181
 0.44929670050794807
 0.84318003849283296
 0.99244923265600671
 0.68691788519972474
 0.066599024229182319
 -0.58423955633417979
 -0.91725607877992499
 -0.99187874960179634
 -0.78708613347960132
 -0.36056893869878703
 0.16752163237433296
 0.7571285669469523
 0.99977318748613397
 0.78426098528443078
 0.35630566381819206
 -0.32052155160483159
 -0.76010394507765244
 -0.99986002074606939
 -0.86759008943263682
 -0.3520349582153795
 0.32484398121003566
 0.85285967026973009
 0.99992600201619608
 0.77856168107880996
 0.34775691095553296
 -0.181012047936218
 -0.76600708392244765
 -0.98706798589555911
 -0.93006880782054413
 -0.61106639304019938
 0.033177953663624922
 0.6622181460394142
 0.98778974619014315
 0.92838136871562715
 0.47893600348116838
 -0.18998693966562338
 -0.77184632306809275
 -0.99999882230188708
 -0.76989109921219223
 -0.18697249432793983
 0.48162826828313782
 0.862254728491333
 0.98730689364631385
 0.76696871253595067
 0.33057309196900747
 -0.34635271246754379
 -0.77762117540992637
 -0.99994309558021077
 -0.85364049424972288
 -0.32625967769526004
 0.35063314737503665
 0.78048430577675221
 0.99047064063879786
 0.92143835717186395
 0.46282140941885924
 -0.055988358703845706
 -0.67915351091042064
 -0.95909896399592787
 -0.91965447150011992
 -0.58915019910744659
 -0.092680508055636157
 0.56280668962743263
 0.90652169075643541
 0.99486675030193172
 0.80295479393864755
 0.38484800857883378
 -0.29126409986974627
 -0.73977842583670239
 -0.99887378497716794
 -0.88246046011956136
 -0.51745531617108087
 -0.0066814220535604723
 0.50597464915570589
 0.93947771061620244
 0.9824734317532009
 0.63862173069241412
 0.0021147486843296568
 -0.50990837753160867
 -0.87828874934801482
 -0.9816119409268943
 -0.74566827301361671
 -0.29966756480902224
 0.23075041581171793
 0.69616529633341284
 0.99393815228930615
 0.83622815318000376
 0.43782274524140236
 -0.2351914734962077
 -0.6994363906929727
 -0.96664793069210975
 -0.90829909993624047
 -0.4337124315048439
 0.088468395322842105
 0.58572740375838628
 0.91798520548608953
 0.96028763077360757
 0.56252791462795315
 0.060210711553703992
 -0.58942264809752398
 -0.96894673588189228
 -0.90444055412780355
 -0.42546475484063667
 0.24848484721087891
 0.70916188232663657
 0.99578049057298412
 0.82607197240836805
 0.27780708268757176
 -0.39776589243916055
 -0.81124225234633263
 -0.99618918079676655
 -0.82348972479342486
 -0.27341723999365541
 0.40195163755402535
 0.89312185138248557
 0.99750638142641856
 0.82089030337516489
 0.41302690829119881
 -0.26173158241395567
 -0.71875427025180472
 -0.99694422685007722
 -0.81827376236426919
 -0.26462053999945312
 0.26613636670920432
 0.72192184238340473
 0.97433972013122938
 0.89446482546867812
 0.53966559836386452
 -0.12025948096078005
 -0.61133329545709125
 -0.9753574455450581
 -0.89241354939925388
 -0.40051154007206008
 0.27492919280489736
 0.72821175405807848
 0.97635482996805922
 0.89034366212641014
 0.53195393787215595
 -0.12932149590627612
 -0.61853565886702822
 -0.97733185259986799
 -0.94801236134682287
 -0.65163487930751562
 -0.019145488278022892
 0.62211752879892024
 0.93513413588735561
 0.98472058781311855
 0.64816408847853257
 0.01457942004615246
 -0.49914612947357034
 -0.87226068289134251
 -0.99965672575733444
 -0.84544640193264708
 -0.45307123277109945
 0.066935492729034415
 0.68716291644317073
 0.99249053843869217
 0.91529182682589483
 0.44899540760658252
 -0.071491258666853949
 -0.57183861803164726
 -0.96338046964987745
 -0.96490022720293422
 -0.57652725677815253
 0.076045533660961007
 0.57557902585817122
 0.91297014053824677
 0.96369087240910234
 0.69131213729148444
 0.22418865208546143
 -0.44795857031246838
 -0.91482395692723983
 -0.99263176838203893
 -0.68800522698678646
 -0.068092886001361541
 0.45203678212348919
 0.91665869474579109
 0.96121189540502372
 0.68468396839564494
 0.063536069721895586
 -0.4561055667485257
 -0.91847431573064442
 -0.95994232489362474
 -0.56150643275911605
 0.094245825128639826
 0.59041984438793671
 0.92027078201715529
 0.95865273487232627
 0.67799868370998118
 0.054418557105745877
 -0.46421451522251034
 -0.9220480561402048
 -0.9573431522354271
 -0.67463479703646312
 -0.049858050913958639
 0.59776668361302476
 0.9238061010348807
 0.95601360429414595
 0.55011758475158845
 -0.10787573837779833
 -0.60142144191066849
 -0.97253154049542179
 -0.95466411877607582
 -0.66786488579440773
 -0.19292606540949148
 0.47630511916939311
 0.92726435688547848
 0.98825184187956794
 0.66445900241171152
 0.036170674170068154
 -0.60869325477939451
 -0.97461694895946094
 -0.89391193743534891
 -0.53862548430978674
 0.12148540426003865
 0.7259242988997987
 0.99770057115957789
 0.89185562410311559
 0.39937963465958909
 -0.12601701851596336
 -0.7290575935360607
 -0.97662105565601998
 -0.88978071120295688
 -0.39518878000658209
 0.13054600469839833
 0.73217568374252728
 0.97759256833212316
 0.94761862707272504
 0.52703228840410865
 0.017910722171062571
 -0.62308394802830314
 -0.93557096785863769
 -0.98450477561973526
 -0.64722315768840744
 -0.16597144449530166
 0.50021587916838484
 0.8728639727838754
 0.98369370243437959
 0.75310397795260287
 0.3103625522847524
 -0.36628807972477462
 -0.87508325720214741
 -0.99948789907851565
 -0.84233373325760386
 -0.30601812220757368
 0.22426168196300064
 0.7936446050741407
 0.99318350320331317
 0.83986369513887471
 0.44380386387911941
 -0.077276877469169419
 -0.57658848534133278
 -0.91347334786286249
 -0.9930299656656284
 -0.69041926913453366
 -0.071416512219100281
 0.58031363000642855
 0.91532200863263968
 0.99248136912938811
 0.68710847180785017
 0.066860722607749459
 -0.58402667228351934
 -0.96727755929629
 -0.90726309490466162
 -0.43148555329274274
 0.2420248867701672
 0.70444811049079614
 0.96842614017032003
 0.90533304465219033
 0.56048409449701031
 0.057745055301892521
 -0.46126094313928362
 -0.85032831870432257
 -0.99985559799969492
 -0.86772048768357102
 -0.4911458537354722
 0.023786074093560219
 0.53201739187242914
 0.94947927516166009
 0.97633862757189327
 0.61488179360742934
 -0.028351239645533603
 -0.65859201221444852
 -0.98702590740807916
 -0.8631445581430458
 -0.4831695435136964
 0.18524369092832746
 0.66202159170945685
 0.9523059789588959
 0.97432285016752296
 0.72186998516592915
 0.26606413057519801
 -0.40893200362750154
 -0.8183168365787411
 -0.99717930598945514
 -0.8165054964834555
 -0.26165925596843598
 0.26909386979366645
 0.72404242682852316
 0.99751166747468134
 0.8930881406545097
 0.40188301863227083
 -0.27348932174976931
 -0.82353223714346102
 -0.997823225944791
 -0.81119843305825856
 -0.39769713668888385
 0.27787907011093738
 0.82611420249337753
 0.99811397490226272
 0.88894197826965471
 0.39350296080787661
 -0.13236456713272088
 -0.73342394586459891
 -0.9779770926331931
 -0.94703109187740431
 -0.52547237649733447
