# Created by Octave 8.4.0, Thu Dec 11 09:47:23 2025 IST <gamana@Samsung>
# name: iq
# type: matrix
# rows: 2048
# columns: 1
 0.99706007033948296
 0.8958330830115131
 0.40749676511192734
 -0.26757933088703667
 -0.72295709950342013
 -0.99739959216031482
 -0.89379434027545168
 -0.53840448048633571
 -0.031344426666491253
 0.48454544831307755
 0.86393738386991581
 0.98677225365717247
 0.65740811854692949
 0.17920756624578818
 -0.48853519495787168
 -0.93240144544834269
 -0.94898469904253735
 -0.65396009222976592
 -0.022214290997900961
 0.61971144815431445
 0.97764774684509548
 0.94753482023462876
 0.65049842763434806
 0.017648480643128749
 -0.49648404018293579
 -0.87075548362775734
 -0.98445874839776404
 -0.7559288889967074
 -0.31445154230134043
 0.36227941227075194
 0.78821639611625471
 0.99961637728604458
 0.84464582685674738
 0.31011321061357677
 -0.22006481733715735
 -0.79101851933410983
 -0.99947947189198894
 -0.74991820004097443
 -0.15669884238927639
 0.50832944618280662
 0.94041029539182541
 0.98196046852828767
 0.63651683455885644
 -0.00061748905173052778
 -0.51225682209534928
 -0.87959183670055963
 -0.98108672759545423
 -0.74384495350793745
 -0.14767181956608888
 0.37924403260955986
 0.88175517967331396
 0.98019252618813468
 0.74078502926765999
 0.14315364154996899
 -0.38346563566337838
 -0.80206146680018797
 -0.99872344485238629
 -0.83220329738643806
 -0.43124892776542673
 0.24227936376794221
 0.80478052944019018
 0.99848235643527605
 0.73461889791047752
 0.13410842343763146
 -0.52785867935254538
 -0.94792886150570133
 -0.93360044124798824
 -0.49143957136519584
 0.17592877097638684
 0.65489389015789878
 0.98622665999936832
 0.93195438336710679
 0.48745724964467341
 -0.028014152610905268
 -0.65833821591201358
 -0.98697170672481427
 -0.86331479112535514
 -0.34403458148482718
 0.33290317762689803
 0.76855130411611672
 0.9999934061281559
 0.8610011287905317
 0.33974305395953608
 -0.33720593166871321
 -0.8596266700940336
 -0.99999956267601298
 -0.85866951035546779
 -0.47544962248554806
 0.19388039544994554
 0.66858852978133054
 0.95495322397815896
 0.9723046650902295
 0.60064404025869844
 0.10690866857780772
 -0.55092960969335636
 -0.95629846520908701
 -0.9712272096662482
 -0.71255826934013666
 -0.25315947834227942
 0.42108968274909531
 0.90236996494666444
 0.97012949938713156
 0.59331675018393693
 0.097823237881506209
 -0.42522738066342897
 -0.90432863318207168
 -0.99537626063437679
 -0.70612049614130767
 -0.093277415011185888
 0.42935621049938855
 0.8310388742053465
 0.99492723749659617
 0.80331197793003184
 0.23988225937810825
 -0.29069053647477588
 -0.73937491633562791
 -0.97977511379001769
 -0.88274230014638688
 -0.38118332737363553
 0.29505700746927255
 0.83608429323105826
 0.99905415417283672
 0.79783904858190768
 0.2310056126214613
 -0.29941732507672353
 -0.74549348365907853
 -0.99924231199376601
 -0.79507759699523661
 -0.37272368253927118
 0.15462763684080572
 0.6384198765100676
 0.9423672782316922
 0.9808469264002444
 0.63203151200921293
 0.14645026886832396
 -0.51723086013975772
 -0.94388538104184005
 -0.93799426797162899
 -0.62848598639690056
 0.01098568930287583
 0.6454230546514419
 0.98408835915254311
 0.93640143507562779
 0.62492735376650566
 -0.01555200480670464
 -0.5250259978964078
 -0.94686250148140771
 -0.93478907361285146
 -0.62135568833296584
 0.020117995974901666
 0.65237239211708042
 0.98567011872926791
 0.86727390563586582
 0.35144009166889539
 -0.32544492650933948
 -0.76347403916016077
 -0.99993353074598179
 -0.86499141331565654
 -0.34716102986133418
 0.1816369880798058
 0.65926730919879128
 0.98716965449191374
 0.86269088167818231
 0.34287472804206498
 -0.3340674597427386
 -0.76934084225103916
 -0.99999712835420362
 -0.77239396840364405
 -0.19083295991561117
 0.33836832085936525
 0.77225020750110041
 0.99999764510740319
 0.76948539985226694
 0.18634818890040208
 -0.34266212533544399
 -0.86257640607982466
 -0.99997730700065079
 -0.855681532510988
 -0.47033764499814956
 0.19956871399551304
 0.67289158612426403
 0.95665883394443718
 0.9709323531193822
 0.59599540255201799
 0.10113845243725826
 -0.42220951003176449
 -0.82661975814466226
 -0.99569075802413742
 -0.70847575239886129
 -0.24754254243781962
 0.28312416121273076
 0.82918110175267723
 0.99525687875389923
 0.70524548009537236
 0.092047750319764185
 -0.56333185165924482
 -0.90678977900899604
 -0.96756214780067518
 -0.58493874944307467
 -0.087499472382893392
 0.43458867450450844
 0.83425185842333105
 0.9989037342578112
 0.88216136341728757
 0.38004130030372729
 -0.29623677868468345
 -0.83676116573580051
 -0.99910709321684088
 -0.88000148718019999
 -0.51299676227404978
 -0.0014792755109328095
 0.63585193404755169
 0.98179715177988591
 0.87782325859210852
 0.37157741000626143
 -0.30494778563713076
 -0.84172737665922182
 -0.99277633864348791
 -0.68887485916920677
 -0.069289061798163326
 0.5820491938319251
 0.91617882735973499
 0.99221807429387854
 0.6855573610751643
 0.064732609164222951
 -0.45503821119404869
 -0.84662337135716437
 -0.99163911732655918
 -0.78593098164131869
 -0.35882367711440522
 0.3179663723725924
 0.84904490976058899
 0.99103947981562102
 0.78309912728638964
 0.20752337767997792
 -0.46315219311821709
 -0.92158328696856939
 -0.95768892147117968
 -0.55492330104582444
 -0.051055531542802214
 0.59680504531265743
 0.97117328732799246
 0.95636461281972895
 0.6721450926597492
 0.046494249356239692
 -0.60046308408663684
 -0.97225174705330453
 -0.89849558354361903
 -0.54730213598123445
 0.11122318119671502
 0.7187792786055357
 0.99694703607907464
 0.89648151040107293
 0.54347439274991349
 -0.11576039271807594
 -0.60774151779862151
 -0.97434781577030116
 -0.89444874121815066
 -0.53963531540957743
 0.12029519006700186
 0.61136176094555383
 0.97536538104865667
 0.95086821166267821
 0.53578498402381136
 0.028240375819208914
 -0.48725963289793067
 -0.86549710806737856
 -0.98626406674528522
 -0.76282221590084875
 -0.32449100642381107
 0.35238423577072658
 0.78165230057120128
 0.99985370711778099
 0.85026994773283793
 0.46116253536003488
 -0.20971765313373433
 -0.78449247009414003
 -0.99133666698627432
 -0.84785741041611973
 -0.45710561709523079
 0.06241423100622457
 0.56435179874027119
 0.96090125738435272
 0.96724941364769379
 0.70112044247044591
 0.23748369154303745
 -0.4357006000363875
 -0.83493216873563958
 -0.99896078384832598
 -0.79910137170836293
 -0.23304515604101525
 0.29741609808837527
 0.74409432488454708
 0.98115889740638251
 0.87941423751967451
 0.37466853901919855
 -0.30177304967578189
 -0.83992389067032491
 -0.99317056949058025
 -0.69128614632389973
 -0.072612406971510488
 0.57933674933150503
 0.96579860542178197
 0.96245165631812535
 0.68797912273362927
 0.068056999206418209
 -0.58305297663764921
 -0.91667307041071988
 -0.96120197379681016
 -0.56524972821919961
 0.089734288541684554
 0.58675704442698662
 0.96812653067524623
 0.9599322454957403
 0.56147666801746809
 0.058942020740916222
 -0.4601967746182743
 -0.84969672663865436
 -0.99983450381207861
 -0.86831583367136222
 -0.35340233096551121
 0.32346159322696377
 0.76211819018334714
 0.99990715761573368
 0.86604163989372962
 0.48820953511299425
 -0.027152693583766686
 -0.65768928530242321
 -0.95053077758514126
 -0.97560483350051963
 -0.7258480145675128
 -0.27161758295798555
 0.25912835512017535
 0.71687704052978896
 0.99672997981321765
 0.89768876646229168
 0.41132273057892493
 -0.11304609304756041
 -0.60556948542610201
 -0.9737292963478219
 -0.95310259166351785
 -0.54193356757805911
 0.11758234614797786
 0.60919732066912191
 0.97475902148658577
 0.95171055163560181
 0.66056229944760725
 0.18333162083533702
 -0.48487186958946865
 -0.93087760757590121
 -0.95029866377066841
 -0.53423513016281687
 0.12664740128936935
 0.72949239811927913
 0.97675746518097772
 0.88949050856517931
 0.53036915912153626
 0.02184119032878816
 -0.62000429656354117
 -0.97772614205924446
 -0.94741546272226673
 -0.6502149407729344
 -0.0172753463236128
 0.49680795269426437
 0.87093892718268395
 0.98439314150312152
