# Created by Octave 8.4.0, Thu Dec 11 09:47:23 2025 IST <gamana@Samsung>
# name: iq
# type: matrix
# rows: 2048
# columns: 1
 0.99706007033948296
 0.81741217677477895
 0.2631763561998442
 -0.41166286191191009
 -0.82003431881388944
 -0.99669975492155383
 -0.71661680183738552
 -0.25876789299367536
 0.41582037352034329
 0.89985447880301794
 0.99631865342087256
 0.71342420240216764
 0.10359543274975808
 -0.55370705885596561
 -0.9018370479926181
 -0.9704283499248888
 -0.59431041673833829
 -0.099052217956670074
 0.42410929452530416
 0.90380080945259256
 0.96931587672916597
 0.59063151170131145
 -0.058716099949635919
 -0.56128938152206265
 -0.95986880079473902
 -0.96818318853898067
 -0.7037574015908532
 -0.08995968598691377
 0.43236283667164604
 0.90767174576048582
 0.96703030897644238
 0.70050569115229744
 0.23664647091041779
 -0.29387678624149521
 -0.83540614555488213
 -0.99410164801316581
 -0.69723937173125705
 -0.23220701116232156
 0.29823877688491174
 0.7446697864578582
 0.98132503246572256
 0.87900365099550504
 0.373869386604954
 -0.15340739435657474
 -0.63746884165893469
 -0.98219323712585571
 -0.87681701130020206
 -0.50726554167848714
 0.0051841873744737305
 0.51617351493844721
 0.88175517967331396
 0.98019252618813468
 0.62944609872927793
 -0.0097507775814606734
 -0.64447925512746196
 -0.94498052573775193
 -0.9792778829548171
 -0.73770965602296679
 -0.28832635562389775
 0.24227936376794221
 0.80478052944019018
 0.995172673015283
 0.9052216213146459
 0.42712419847488775
 -0.095736315726760557
 -0.59162761605977232
 -0.92085560177722303
 -0.99067573919877039
 -0.67689734269446189
 -0.20488505504967391
 0.32484398121003566
 0.76306347130970409
 0.99992600201619608
 0.77856168107880996
 0.34775691095553296
 -0.3291596362235587
 -0.85523523768182264
 -0.99997112992048121
 -0.77568764392683509
 -0.34347161125692577
 0.18550142810862433
 0.6622181460394142
 0.95238598048070489
 0.92838136871562715
 0.47893600348116838
 -0.037741799180791728
 -0.66563312401798547
 -0.98849090621939795
 -0.92667456830169237
 -0.60381116136497703
 -0.1108522977199087
 0.54761443469753268
 0.89865934540983339
 0.99654916134521687
 0.81370802101913009
 0.2569954597374593
 -0.27374159579893415
 -0.72736480393270331
 -0.976087115172108
 -0.94984269133657262
 -0.65602466714103314
 -0.024945769805903319
 0.49013503876520476
 0.86714330313380428
 0.9857143278662881
 0.65257115358035622
 0.020380225184827103
 -0.49411048094498033
 -0.86940874861318307
 -0.98493489813929835
 -0.64910403070761957
 -0.16840663519935209
 0.49807561849560866
 0.93630935971701046
 0.94546926027148714
 0.64562337082936083
 0.011247956082341949
 -0.50203036872450668
 -0.87388519838325185
 -0.99956388649198535
 -0.7517228585266672
 -0.30836864826151417
 0.22185395632415195
 0.68957962074360624
 0.99289257270480324
 0.84120181769794744
 0.30402127670330764
 -0.37248028622255525
 -0.79491849299250317
 -0.99342572139859497
 -0.83872373119254717
 -0.29966756480902224
 0.23075041581171793
 0.79768089846240808
 0.99393815228930615
 0.91019997911661832
 0.57005567924401146
 -0.083918673314793177
 -0.58201994412750735
 -0.91616441098525458
 -0.99222255238622448
 -0.78876855654392963
 -0.21648432361859246
 0.45500618041280882
 0.84660422771807708
 0.99164375835976593
 0.68225186464677556
 0.060210711553703992
 -0.4590680336976013
 -0.84902590539055167
 -0.99104428369290198
 -0.78312149655954333
 -0.35459098115184812
 0.17382890156623876
 0.76129471467094889
 0.98587166407221172
 0.86667637872741532
 0.48931833080765208
 -0.1783242704825769
 -0.65673136249930986
 -0.95013521478378304
 -0.93106911980553142
 -0.61322689374806227
 -0.12263677028153504
 0.53764773570711577
 0.95154938063428185
 0.92939328129582277
 0.60961322745036917
 0.11810325707900529
 -0.40667676316387258
 -0.81689469149932292
 -0.99699087892641325
 -0.81792900324223472
 -0.26404235925702368
 0.26671420194354067
 0.81952018909452262
 0.9967722299032804
 0.81529316103758886
 0.40414350730827459
 -0.12085461238169046
 -0.61180761696994546
 -0.97548953917277625
 -0.95069359293406575
 -0.65808434474469002
 -0.027677062390549571
 0.48775166536439363
 0.86577925251625287
 0.98617082776227227
 0.65463900799968555
 0.17559679966514621
 -0.3529115658832479
 -0.86805552335169234
 -0.98540369521650351
 -0.65118001881771093
 -0.018546090785699351
 0.62258678294217984
 0.93534636841227947
 0.94635565148416922
 0.6477074493356495
 0.013979977208803314
 -0.49966552062251407
 -0.93695201049059973
 -0.98380779503866689
 -0.64422137197363261
 -0.0094135720807538813
 0.50361607496346472
 0.87477552854699847
 0.99950803184176107
 0.84267605597806827
 0.30662304814909491
 -0.22364234870074773
 -0.6909070097649046
 -0.96354104640787885
 -0.91319871065743574
 -0.44437323788879984
 0.22809105349444225
 0.69420127614731086
 0.9647528694319546
 0.91132818929290016
 0.57229837309841147
 0.072050349334576741
 -0.44849447889429384
 -0.84269703639366167
 -0.99950925326379858
 -0.79044509135062824
 -0.36566042720173336
 0.31100361850239777
 0.75354752302614569
 0.98381477835576814
 0.93693839218237585
 0.62612358631238008
 0.13892784516962148
 -0.38740429620164429
 -0.80460345873856864
 -0.99514335834653123
 -0.82982898302084684
 -0.28423654559280548
 0.24641843984791292
 0.70765659474751896
 0.99558251093546968
 0.82727202701201186
 0.27985523359522341
 -0.39580823242314994
 -0.80999337618805034
 -0.99600090074167502
 -0.90143191572797576
 -0.41911891528269352
 0.25525983865551471
 0.81266302441925942
 0.99765463335015114
 0.8221064106305328
 0.41496828973321476
 -0.1090676715453229
 -0.71726982218390756
 -0.9728099358068657
 -0.89744031401458657
 -0.41080901005781545
 0.26407994389121814
 0.72044440292912149
 0.99713140837521086
 0.81687221478887484
 0.40664116299784314
 -0.26848178142166285
 -0.72360395887184703
 -0.97488468101992276
 -0.89337384854697799
 -0.40246483547342121
 0.2728780197889436
 0.7267484241197929
 0.97589156764066631
 0.89131264766880269
 0.3982801145814544
 -0.12720637719662148
 -0.72987773309544224
 -0.99807476284720509
 -0.88923285854642642
 -0.52989132973952036
 0.13173465771257073
 0.62044634576658009
 0.93437639462790911
 0.98508974636418734
 0.64978669262339928
 0.16929150229401671
 -0.49729694245383738
 -0.93599371140445042
 -0.98429381264154236
 -0.75531532694759285
 -0.3135621962710235
 0.21652236713460116
 0.68561191540660993
 0.99222740220420502
 0.84414400357421737
 0.45090005673276345
 -0.069363819495882412
 -0.68892917831117184
 -0.99278532689831345
 -0.91430872801111318
 -0.44681923025039266
 0.22542998844837681
 0.79437348885950676
 0.99928678894029288
 0.83921227324648817
 0.30052394351688672
 -0.37588271757288494
 -0.88003707807898368
 -0.98090497658196985
 -0.74321856505431882
 -0.14674529982003906
 0.38011061459907602
 0.7998882026690064
 0.99433482991166777
 0.83421053650119825
 0.43452118194782086
 -0.23875592890746625
 -0.80262056584572172
 -0.99867569066952333
 -0.73707693247992045
 -0.28742928495139086
 0.24318807400921305
 0.80533619044350724
 0.99843033056584207
 0.82913921057920092
 0.42627703109202647
 -0.096668695913488034
 -0.70852863678803535
 -0.96984743531178053
 -0.9579572357211904
 -0.55569982829719711
 -0.051988018834646182
 0.46636897503796382
 0.85334839777662097
 0.99993695870507238
 0.86484021046169868
 0.34687849949630217
 -0.18193321946930832
 -0.76660890466524856
 -0.9999778090407716
 -0.8625384905158805
 -0.48211943286002873
 0.034114148222200179
 0.5407376690846597
 0.95267116533126794
 0.97405218668758209
 0.7210397185663967
 0.11445918394335411
 -0.54457350353335932
 -0.95404952230694451
 -0.92632207998686111
 -0.47409757541945252
 0.04324072525082754
 0.66973013024156314
 0.9554079826666001
 0.97194447508911341
 0.599415091507563
 -0.047802708672315619
 -0.67311440314957505
 -0.95674651807965072
 -0.9708602034745818
 -0.59575347482441132
 0.052363695172689753
 0.67648463831794114
 0.95806510063107053
 0.92107401228967911
 0.59207943375671812
 0.09629426217672149
 -0.42661729849869584
 -0.90498328498132008
