# Created by Octave 8.4.0, Thu Dec 11 09:47:23 2025 IST <gamana@Samsung>
# name: iq
# type: matrix
# rows: 2048
# columns: 1
 0.99706007033948296
 0.71979445629436789
 0.2631763561998442
 -0.26757933088703667
 -0.72295709950342013
 -0.97467563508643473
 -0.95182505386520067
 -0.53840448048633571
 0.12174574039319934
 0.72610466550790553
 0.9756866937503218
 0.89173695753970295
 0.5345505649007124
 0.026779638075654512
 -0.48853519495787168
 -0.93240144544834269
 -0.98602164326815445
 -0.65396009222976592
 -0.17471292102219657
 0.49251475324559779
 0.86850088041626661
 0.985250469487432
 0.75891061748844191
 0.31878331613078459
 -0.2111462234393818
 -0.78539783471713998
 -0.99973243577145421
 -0.7559288889967074
 -0.31445154230134043
 0.36227941227075194
 0.87299192731282182
 0.99961637728604458
 0.84464582685674738
 0.451735955545704
 -0.068429320412764685
 -0.56931784686309095
 -0.96255289322519511
 -0.96570177215863195
 -0.69680949900727573
 -0.23162385210571532
 0.2988109445787136
 0.74506978139404401
 0.98144017484354107
 0.94133585988494217
 0.63605434508605452
 0.15159436979933635
 -0.37557020456623996
 -0.87987688011884446
 -0.99911814016401967
 -0.74344414005284531
 -0.14707886180448676
 0.51668688773089189
 0.94367531037086794
 0.98007362009303423
 0.74038218407304623
 0.14256028649333857
 -0.52059139660806109
 -0.94517646960071533
 -0.93662425339424948
 -0.62542333140588668
 0.014916604353269872
 0.64842084563481195
 0.98477925608846884
 0.93501460739056352
 0.49489079104069511
 -0.17202205632633658
 -0.65189063542320946
 -0.94811962245698522
 -0.97726040292067717
 -0.73110392955089265
 -0.12898709931501984
 0.39663251303703095
 0.81051952955911122
 0.99789905398277001
 0.82418973826910924
 0.41830364459012159
 -0.2561277524118542
 -0.71470848232620454
 -0.99647424175558452
 -0.82159495582841269
 -0.41415131091223267
 0.26053945541214196
 0.81583521236402634
 0.99726570321822938
 0.81898303909962988
 0.40999034014640989
 -0.26494572488577295
 -0.8184675601388407
 -0.99691782759704184
 -0.81635404255404231
 -0.40582081906933309
 0.26934646894041164
 0.82108283884711719
 0.99654916134521687
 0.81370802101913009
 0.2569954597374593
 -0.27374159579893415
 -0.82368099394745231
 -0.99615971215125476
 -0.81104502967743974
 -0.39745647397782563
 0.12809678987676251
 0.61756479500956363
 0.977069646269493
 0.94840464974003225
 0.52912975935153383
 -0.13262453776289626
 -0.62115016073397611
 -0.93469587767668683
 -0.98493489813929835
 -0.64910403070761957
 -0.015814255536007973
 0.49807561849560866
 0.93630935971701046
 0.984134927684575
 0.64562337082936083
 0.011247956082341949
 -0.62828195559010802
 -0.97989489953272035
 -0.94397197361676277
 -0.6421292465344145
 -0.0066814220535604723
 0.50597464915570589
 0.87609610931798187
 0.9824734317532009
 0.63862173069241412
 0.0021147486843296568
 -0.6353613396672978
 -0.94103251339940608
 -0.9409183725946465
 -0.5096182613695085
 0.15521990264824989
 0.74892687579832318
 0.98253623478184693
 0.93936212190982626
 0.63156681724073349
 -0.0070186351243288854
 -0.5177438501891326
 -0.88261903416678134
 -0.97982756338423382
 -0.62801956676063164
 0.011585155087853634
 0.64588085493770186
 0.98419470203205239
 0.93619088246932725
 0.49778317453547566
 -0.1687390302799123
 -0.64936051767992853
 -0.94705515494779313
 -0.93457595984954878
 -0.62088584817830406
 -0.13229028813657909
 0.39357185195279359
 0.80856359383003795
 0.99578049057298412
 0.90248296796936045
 0.55495322438255723
 0.051091454836268826
 -0.596776182900982
 -0.97116471230884116
 -0.95637512183597873
 -0.67217172528928704
 -0.046530180664730178
 0.60043432000801411
 0.92507656477813749
 0.95503102527647488
 0.54733224038238693
 -0.11118743406544458
 -0.60407993511190405
 -0.92680126506087157
 -0.98843983512506073
 -0.66538142519188515
 -0.18965584981998099
 0.47923200562359664
 0.92850663698750324
 0.98773715340256729
 0.66196542496401622
 0.18517004939254975
 -0.3437882972126497
 -0.77590042571686879
 -0.98943902375805948
 -0.85506042765754497
 -0.32884118840868792
 0.34807306442268504
 0.86547908951437158
 0.99992184282293362
 0.8526835451500393
 0.32452503005875494
 -0.20521511058589292
 -0.6771455249584406
 -0.99072162615565063
 -0.92072406568307263
 -0.46119445201813503
 0.20968248266632986
 0.68049887040798596
 0.99133194181980266
 0.91893247106273235
 0.4571376091762453
 -0.21414548183765864
 -0.78729410116229492
 -0.99965672575733444
 -0.75391589745208354
 -0.16268499548422688
 0.36513865163940556
 0.87448489466216361
 0.98308902348526839
 0.64118202727612839
 0.005446466656266781
 -0.50703949142794102
 -0.93990010998605222
 -0.94204138792272474
 -0.63767090251296954
 -0.00087977196516395852
 0.63631452355382023
 0.94144960872359518
 0.98137545065624499
 0.63414647918112677
 0.14915249931032143
 -0.37785819723066766
 -0.88104792251660446
 -0.9990113855659839
 -0.74178997201371843
 -0.14463532063038551
 0.38208240309828206
 0.80116634160787004
 0.99455926362965252
 0.8330325515970789
 0.43259932229274561
 -0.24082644017776364
 -0.70357104096355216
 -0.96811752088496095
 -0.90585685224972345
 -0.42847753222482732
 0.094245825128639826
 0.59041984438793671
 0.92027078201715529
 0.95865273487232627
 0.55772175493586962
 0.054418557105745877
 -0.59409945894557603
 -0.9220480561402048
 -0.9573431522354271
 -0.55392544587614156
 -0.049858050913958639
 0.59776668361302476
 0.97145840219953794
 0.89996885312693931
 0.41605889162941456
 -0.10787573837779833
 -0.7164338434351224
 -0.99667842946555951
 -0.82018439892390516
 -0.26783204073746153
 0.40725723252969975
 0.89571649608114523
 0.97370403558786156
 0.60548122176772357
 -0.040209878126289261
 -0.54585880423761202
 -0.8977376304468816
 -0.99672101181221351
 -0.81492502611226691
 -0.25902123359623186
 0.27172431995601209
 0.7259242988997987
 0.99770057115957789
 0.81226981941563969
 0.25460768126343408
 -0.27611637049686544
 -0.82507907730420516
 -0.9979996801885721
 -0.80959767290581042
 -0.25018881911059687
 0.42387175357822654
 0.90368853347506051
 0.96938031739622599
 0.59084313838376756
 0.094768043247161982
 -0.42800350042979229
 -0.83020514487898067
 -0.99507674247845379
 -0.70394371380501819
 -0.090220902426703026
 0.56484660844744916
 0.90756163939843948
 0.99461377204279167
 0.70069284447422997
 0.085671880057528363
 -0.43624013022962893
 -0.90946982178178148
 -0.99413005902736373
 -0.79874080855644036
 -0.37834382170007552
 0.14863378052513182
 0.74449470450516952
 0.98127454676752734
 0.94162633855895717
 0.63671910177639957
 -0.00035520609580435376
 -0.63726673695191594
 -0.94186526817621741
 -0.94007909346897933
 -0.50749155703303084
 0.15765944704572057
 0.75056131278222915
 0.98299282535971388
 0.87473921650293274
 0.50355133254811568
 -0.16216739538656585
 -0.75357116913722322
 -0.98382122316867648
 -0.87251709724699622
 -0.4996006065460008
 0.16667196174112739
 0.64776454196252897
 0.94637986330795709
 0.97839707357332473
 0.73479682639496002
 0.28420205879244498
 -0.24645330073170391
 -0.70768200929684
 -0.96955452460525537
 -0.95830055564405059
 -0.55669626344285916
 0.10002008265532036
 0.59509241170698868
 0.9706626890687553
 0.95698557107963933
 0.55289682253873451
 0.048624570949613463
 -0.59875627262871844
 -0.971750610450137
 -0.9556506286681602
 -0.67034093276055851
 -0.19619413942258937
 0.47337294548867787
 0.85745804000306258
 0.99999457388324242
 0.86082956821913825
 0.33942587214412534
 -0.18972942720639832
 -0.66543736480437243
 -0.95368955510989162
 -0.97328447172790966
 -0.71870216652800389
 -0.26165925596843598
 0.26909386979366645
 0.82093309710364448
 0.99751166747468134
 0.81386045126370754
 0.40188301863227083
 -0.27348932174976931
 -0.82353223714346102
 -0.99618264199878725
 -0.81119843305825856
 -0.25283322809198039
 0.27787907011093738
 0.73031198170342548
 0.97701376738129042
 0.88894197826965471
 0.39350296080787661
 -0.13236456713272088
 -0.62094459040458649
 -0.93460261744058193
 -0.94703109187740431
 -0.6493035269555244
 -0.1686651663634062
