# Created by Octave 8.4.0, Thu Dec 11 09:47:23 2025 IST <gamana@Samsung>
# name: iq
# type: matrix
# rows: 2048
# columns: 1
 0.99706007033948296
 0.81741217677477895
 0.40749676511192734
 -0.26757933088703667
 -0.82003431881388944
 -0.99669975492155383
 -0.81477298767905471
 -0.25876789299367536
 0.41582037352034329
 0.82263935911185238
 0.9977183133033527
 0.89173695753970295
 0.5345505649007124
 -0.126277206267076
 -0.6161208997466926
 -0.97667740455693652
 -0.88966097771079677
 -0.39494783328271993
 0.28075440618218883
 0.73235430365016874
 0.9982933274023793
 0.88756644408310237
 0.39074826631547099
 -0.13533214306748165
 -0.62328907253604104
 -0.93566355795921996
 -0.94606518067421075
 -0.64702319695337762
 -0.013082302230897626
 0.50044297299076146
 0.93726536135324057
 0.94457581101048138
 0.64353447266247155
 0.1612074989385934
 -0.36653212183670031
 -0.8752101648306293
 -0.99947947189198894
 -0.74991820004097443
 -0.15669884238927639
 0.37077718740857579
 0.8774101499200383
 0.98196046852828767
 0.74688936492934765
 0.15218691789985109
 -0.37501452045592854
 -0.79657321781796253
 -0.99373479575595003
 -0.8372327419467338
 -0.43947131954170243
 0.23340805554780536
 0.79932567724122838
 0.99423482618450487
 0.834726723741544
 0.43536466339879998
 -0.23784618978820501
 -0.80206146680018797
 -0.99872344485238629
 -0.83220329738643806
 -0.43124892776542673
 0.24227936376794221
 0.80478052944019018
 0.995172673015283
 0.82966251550724124
 0.42712419847488775
 -0.095736315726760557
 -0.70786729603693477
 -0.99561046985879564
 -0.90327160727240496
 -0.55647836159153252
 -0.052923454120163547
 0.5953031768677769
 0.92262657540312143
 0.95690944055429616
 0.67352883541892117
 0.048362596540172997
 -0.46957695504264702
 -0.85523523768182264
 -0.99997112992048121
 -0.86301208685108277
 -0.34347161125692577
 0.3334684266427943
 0.76893472152711884
 0.98778974619014315
 0.86069606453987113
 0.47893600348116838
 -0.18998693966562338
 -0.66563312401798547
 -0.95376841510680677
 -0.97322421740503984
 -0.60381116136497703
 -0.1108522977199087
 0.54761443469753268
 0.89865934540983339
 0.97216437610049722
 0.71533610577853302
 0.2569954597374593
 -0.27374159579893415
 -0.72736480393270331
 -0.99784048800762737
 -0.89090525512361429
 -0.5329992784866211
 -0.024945769805903319
 0.49013503876520476
 0.86714330313380428
 0.9857143278662881
 0.65257115358035622
 0.17290636130483472
 -0.35546668344393723
 -0.78370367285990949
 -0.99116893315155996
 -0.84853061319897349
 -0.4582356449188979
 0.21293898995673863
 0.7865320410317943
 0.999688319633386
 0.75472666710096414
 0.31270958881960326
 -0.3639886666551847
 -0.78934400614948819
 -0.99233871732669821
 -0.84366236101593606
 -0.30836864826151417
 0.36823831622717579
 0.79213950956971435
 0.99289257270480324
 0.91394475181720136
 0.44601589492410787
 -0.074814073870330539
 -0.57456868851859633
 -0.91246554077811393
 -0.96401990181623187
 -0.69220395107927979
 -0.22539202357372476
 0.3049135284973839
 0.84170795568265511
 0.99945010639381393
 0.79156744134812196
 0.22094047744293438
 -0.30925958831702183
 -0.7523402792093371
 -0.99959110969295029
 -0.78876855654392963
 -0.21648432361859246
 0.31359919855606849
 0.84660422771807708
 0.99164375835976593
 0.78595322204321882
 0.21202365503335402
 -0.4590680336976013
 -0.84902590539055167
 -0.99104428369290198
 -0.67890595335821213
 -0.055651663500177161
 0.46312031316029723
 0.8514298767049846
 0.99988903171155696
 0.86667637872741532
 0.35031731564544222
 -0.32657842745172744
 -0.85381609152676541
 -0.99994663618800206
 -0.77740910920537365
 -0.34603634430327534
 0.33089133571998847
 0.7671850584004416
 0.98736039633053196
 0.86208388551710813
 0.34174815640461548
 -0.33519734327953327
 -0.77010626153079897
 -0.99999928298596319
 -0.85976064685240505
 -0.33745284137923132
 0.19178768900065554
 0.66700103896563889
 0.95431814982942342
 0.92598349239297739
 0.60234783019754723
 0.10902893617327254
 -0.41500374368247817
 -0.89946252330987009
 -0.97173292160015401
 -0.71405300238203884
 -0.25522216160828837
 0.27550554513713005
 0.82471985682978322
 0.99795930465553018
 0.89007055452283868
 0.39577244673708739
 -0.12991594239927848
 -0.73174270439393807
 -0.97745859982628591
 -0.94782140874875742
 -0.65118001881771093
 -0.018546090785699351
 0.62258678294217984
 0.97841256309769253
 0.94635565148416922
 0.52368727256847247
 0.013979977208803314
 -0.49966552062251407
 -0.93695201049059973
 -0.94487015805853269
 -0.64422137197363261
 -0.0094135720807538813
 0.62970809852713572
 0.93853811251994479
 0.94336495945166887
 0.6407218594334867
 0.0048469706335147475
 -0.6332490946224425
 -0.98115194723055799
 -0.87943136084701534
 -0.37470188890066913
 0.30173875618225021
 0.74711355698670412
 0.99933408385256284
 0.87724832130168195
 0.50803901515625172
 -0.0042864402721787022
 -0.51540439232474189
 -0.88133134574818639
 -0.99898455506343076
 -0.74138779202865035
 -0.29355443911615486
 0.38263635296504467
 0.88347991836137973
 0.99876839005325435
 0.83270074194778887
 0.28918587074155172
 -0.24140825635502416
 -0.80424732122389797
 -0.99508416659435028
 -0.90560274921938144
 -0.56101025891130574
 0.094842643710131319
 0.70723288415332175
 0.9693987167671404
 0.95848195665734937
 0.67755788864056632
 0.053819931728175216
 -0.46474542610855263
 -0.85239057152594988
 -0.99016920947851395
 -0.77912477102599764
 -0.20129255304917421
 0.32831177465123523
 0.8547696394161699
 0.99996390521556577
 0.86346527092844227
 0.48372582062468594
 -0.18461917775397735
 -0.66154517983159566
 -0.95211187506516737
 -0.92871462706173769
 -0.47972390636529832
 0.18910545721954594
 0.6649628784053786
 0.9883546949159574
 0.927011630027469
 0.47571198750746807
 -0.19358779290802877
 -0.77417388382841079
 -0.99998646081245512
 -0.76754448025858624
 -0.33142024428079914
 0.19806609134066691
 0.67175660134530502
 0.95621121573584256
 0.971298196903853
 0.7127674959659509
 0.25344800457390221
 -0.27726856730996369
 -0.72987773309544224
 -0.99807476284720509
 -0.88923285854642642
 -0.39408708759389033
 0.13173465771257073
 0.62044634576658009
 0.93437639462790911
 0.94723497803151258
 0.52601293859388787
 -0.13626019091424113
 -0.73609062150147797
 -0.99859960296641448
 -0.80348956942675309
 -0.24017179352942708
 0.29040514975541359
 0.83340547957469346
 0.99448877925552626
 0.80076254521241408
 0.38145904536495701
 -0.1453026379155623
 -0.74224210581578476
 -0.9990411407042995
 -0.79801882116799649
 -0.37723367015195181
 0.14981936313580321
 0.63466782216768436
 0.94072840847183858
 0.98178291586250066
 0.63579409428747191
 -0.0015542134212349434
 -0.63819028610314688
 -0.98236879196404914
 -0.87636622663844588
 -0.50645805922721576
 0.0061208973313193644
 0.64169944063822781
 0.98321230929285264
 0.87415755586709232
 0.50251506956987901
 -0.16335041552555229
 -0.7543588147266056
 -0.99967416865729253
 -0.87193065461939046
 -0.36025438120915887
 0.31651233945367091
 0.75734881886213667
 0.99978031252525268
 0.86968556933719121
 0.35599055457862572
 -0.17235424060308335
 -0.65214631740722062
 -0.94822677574888892
 -0.97718884210939361
 -0.73087381353651881
 -0.27866938929790458
 0.25203705689095912
 0.71174389087921641
 0.99611047806902719
 0.82399871852646989
 0.2742806783315328
 -0.40112943452200633
 -0.81338206817485037
 -0.99650247768692635
 -0.89890508186728502
 -0.41384434611591675
 0.11029519876566761
 0.71812980225496226
 0.97309522087936695
 0.95393673023051972
 0.66605133590432475
 0.038301930067534518
 -0.47844386165224989
 -0.92817291142478686
 -0.98787691854701487
 -0.6626380579904444
 -0.18605220648153772
 0.48244897976528095
 0.86272877776806922
 0.99997523213711059
 0.8555255955910952
 0.32968888441963923
 -0.19986389567129473
 -0.77820978414336794
 -0.98996417831535322
 -0.92284262614875456
 -0.59575347482441132
 -0.10083874181194503
 0.55601254589604276
 0.90303095653948784
 0.96975568465880058
 0.70826311701261979
 0.09629426217672149
 -0.55980247462207999
 -0.95936370282194827
