# Created by Octave 8.4.0, Thu Dec 11 09:47:23 2025 IST <gamana@Samsung>
# name: iq
# type: matrix
# rows: 2048
# columns: 1
 0.99706007033948296
 0.81741217677477895
 0.2631763561998442
 -0.41166286191191009
 -0.82003431881388944
 -0.99669975492155383
 -0.81477298767905471
 -0.25876789299367536
 0.41582037352034329
 0.82263935911185238
 0.9977183133033527
 0.81211680656676566
 0.25435403320662997
 -0.27636844752632383
 -0.72923708866562187
 -0.97667740455693652
 -0.94898469904253735
 -0.53068550131166847
 -0.022214290997900961
 0.49251475324559779
 0.93404224138678449
 0.985250469487432
 0.65049842763434806
 0.17021463217652491
 -0.35801914740060525
 -0.87075548362775734
 -0.99973243577145421
 -0.7559288889967074
 -0.16571279352017626
 0.36227941227075194
 0.78821639611625471
 0.99961637728604458
 0.75293139567673473
 0.1612074989385934
 -0.36653212183670031
 -0.79101851933410983
 -0.99947947189198894
 -0.84219234522037123
 -0.44765705097149988
 0.22451727661408843
 0.79380414593267479
 0.99932172244443662
 0.74688936492934765
 0.15218691789985109
 -0.51225682209534928
 -0.94195336044907441
 -0.98108672759545423
 -0.74384495350793745
 -0.29705977382799137
 0.23340805554780536
 0.79932567724122838
 0.99423482618450487
 0.90906497418168908
 0.43536466339879998
 -0.086640958364850085
 -0.70138649497904204
 -0.9673440726117527
 -0.90715275704229548
 -0.43124892776542673
 0.24227936376794221
 0.70463424304951916
 0.995172673015283
 0.82966251550724124
 0.42712419847488775
 -0.095736315726760557
 -0.59162761605977232
 -0.96961871794042342
 -0.95822557211480941
 -0.55647836159153252
 -0.052923454120163547
 0.46554015275120081
 0.85285967026973009
 0.99004323693862828
 0.67352883541892117
 0.048362596540172997
 -0.59896632268215722
 -0.9718124784500537
 -0.89931510730645936
 -0.41469690979581653
 0.10936414063460427
 0.60261697710835183
 0.97287896944569174
 0.89730870389519868
 0.54504354703316671
 0.039237950724844595
 -0.47762109668853364
 -0.85993281577640979
 -0.9880219015039563
 -0.66333931775948618
 -0.034674352783172553
 0.60988050752199152
 0.92951769366217263
 0.9514456324359305
 0.6599150493749707
 0.18248437222101171
 -0.48562539556399231
 -0.86455865896230799
 -0.98657129559318824
 -0.76403033079695037
 -0.17799244441910247
 0.4896123951713961
 0.9328470854580132
 0.94859455951793425
 0.65302529690071753
 0.020979600942368393
 -0.6206802229306233
 -0.9344826169515198
 -0.94713933381100757
 -0.64955995649615195
 -0.1689975465227028
 0.49755567898470887
 0.87136207831000456
 0.98424111581431162
 0.75511982966047653
 0.164494764015997
 -0.36343022125511892
 -0.8735936030877316
 -0.99958141038069237
 -0.84398406755565658
 -0.30893888111699319
 0.22126935221527527
 0.79177346594786169
 0.99943886783086799
 0.84152583106705137
 0.44655238580789536
 -0.074216236599828955
 -0.57407791745470427
 -0.96410949048091532
 -0.91232751373217513
 -0.4424616353320619
 0.23016704923830103
 0.79731920643367349
 0.99387206381583204
 0.83655675988810607
 0.29588031770414369
 -0.38038646433654111
 -0.88233705536967755
 -0.99888619500537212
 -0.73995487764514356
 -0.29151500094968152
 0.38460591340230282
 0.88447702880257373
 0.9986603018114758
 0.83151790381238011
 0.2871436046763976
 -0.38881734154671543
 -0.88659855654745923
 -0.97808644142219958
 -0.73378042994926174
 -0.28276622004933655
 0.39302066094081484
 0.88870159436007923
 0.9981460396596723
 0.73067021944311417
 0.12835690768192648
 -0.5327773384036506
 -0.94976063540733258
 -0.97614409660076507
 -0.61417355727376055
 -0.12382663922268553
 0.53663638247872347
 0.8928520251403671
 0.97514237786239644
 0.7244041494288006
 0.11929378837014401
 -0.54048423505083965
 -0.89489933155118495
 -0.97412032261841397
 -0.60694019234694374
 0.038376812967765628
 0.544320815873372
 0.89692797491782272
 0.97307795218369009
 0.60330448558058436
 0.11022071766582678
 -0.54814604493480013
 -0.9553189832873622
 -0.92470671639000113
 -0.5996561969540295
 0.047501800152673058
 0.55195984246030783
 0.90092910367995849
 0.99610387225416208
 0.71169124950496054
 0.10113845243725826
 -0.42220951003176449
 -0.82661975814466226
 -0.99569075802413742
 -0.70847575239886129
 -0.096594108609186768
 0.42634481825710085
 0.90485507765582107
 0.96870575965363648
 0.70524548009537236
 0.24311538503196514
 -0.43047123510003577
 -0.90678977900899604
 -0.96756214780067518
 -0.58493874944307467
 0.065739125967193737
 0.56709913008595247
 0.90870556934378455
 0.96639835752710879
 0.58122869797873344
 -0.070295267611137371
 -0.57085458171187231
 -0.96305827746042616
 -0.91393015311384551
 -0.57750652504275102
 -0.078397537020469157
 0.44279627771178393
 0.83925302247024336
 0.99928961588829657
 0.87782325859210852
 0.37157741000626143
 -0.1558476434914762
 -0.63936993766176997
 -0.98265427993058763
 -0.93914401110428003
 -0.63107399296399125
 0.0076540922221998405
 0.51828741647559129
 0.94429254134249685
 0.97970036933262528
 0.62752491551599232
 0.14070869037571973
 -0.52218748838743356
 -0.88505257490451683
 -0.99859563564291698
 -0.73603989517876467
 -0.28596041578581616
 0.38995484850427714
 0.8871691067668438
 0.97782857412509716
 0.6203875739834438
 0.13166037242984119
 -0.5299548805848584
 -0.88926713679813862
 -0.99807011221661501
 -0.82571367484671732
 -0.42075116190200801
 0.10273824425630476
 0.71282005550396421
 0.97131601931168288
 0.95618928038653395
 0.67170108749407231
 0.045895385394162144
 -0.60094237098948822
 -0.97239181851561129
 -0.8982322503103175
 -0.4124480866102142
 0.2623448515520968
 0.81691543813106104
 0.99699366665647393
 0.89621572041045716
 0.54297105604711338
 0.036769779306858492
 -0.47978965707740173
 -0.86119087502127423
 -0.98763773994962689
 -0.76831248727644663
 -0.18454552741333063
 0.34438496802205415
 0.86350306785080355
 0.98691159380281812
 0.65805726073601745
 0.18005533533182599
 -0.48778306643467773
 -0.93208962847817134
 -0.94925608710775422
 -0.53141572791071234
 0.12995160770617539
 0.61903486207991809
 0.9774661934888772
 0.94780994075947012
 0.52754167927373141
 -0.13447823415134474
 -0.62261493107687904
 -0.97841999611775887
 -0.88585356816572791
 -0.52365662880302632
 0.13900205606516991
 0.73796155279912612
 0.9987422260085822
 0.88372553971140766
 0.38312094629479049
 -0.14352297910378442
 -0.62973604094625069
 -0.93855052796221816
 -0.94335302547137367
 -0.51585384667759693
 -0.0048110008146279
 0.63327693330856272
 0.94011690256467528
 0.98212305599750904
 0.74746213130601957
 0.15303860991380491
 -0.51151650147545191
 -0.87918153296854107
 -0.98125317822176994
 -0.7444206544429014
 -0.14852410331082228
 0.51543521658228852
 0.94319080135431788
 0.9803628365002256
 0.74136365275471117
 0.29352005345184312
 -0.23700904545673229
 -0.8015464740955528
 -0.99876660472388257
 -0.83268082385064457
 -0.28915143721775538
 0.38688470737265507
 0.88562677115001354
 0.99852944644533925
 0.73520333023961781
 0.13496237568132852
 -0.52712654000017511
 -0.88773830390172215
 -0.97756921547229858
 -0.61941851343682608
 0.022587388573213293
 0.65424237668371188
 0.98608375471180088
 0.93226650013630397
 0.48820953511299425
 -0.1795747034948168
 -0.65768928530242321
 -0.98683268396842572
 -0.93060467152328996
 -0.48421895955322453
 0.031717432327392985
 0.53871892620914363
 0.89396164573534742
 0.97459211294156811
 0.72269921399082238
 0.26721972914681169
 -0.40783753743386086
 -0.89599886333126233
 -0.97355906735272113
 -0.71953534158774446
 -0.26281630249254145
 0.26793889536101589
 0.72321488432855252
 0.97475902148658577
 0.95171055163560181
 0.53808995977901553
 -0.12211614707923074
 -0.72636121532247189
 -0.97576841811459181
 -0.95029866377066841
 -0.65712686023311162
 -0.17884040403822998
 0.48886078676360678
 0.86641456886100343
 0.98595939449961034
 0.76163474164534373
 0.1743454575407879
 -0.49283950879051719
 -0.93417546627170556
 -0.94741546272226673
 -0.6502149407729344
 -0.16984687508465524
 0.49680795269426437
 0.93579518949575502
 0.98439314150312152
 0.75568452533440766
