# Created by Octave 8.4.0, Thu Dec 11 09:47:23 2025 IST <gamana@Samsung>
# name: iq
# type: matrix
# rows: 2048
# columns: 1
 0.99706007033948296
 0.81741217677477895
 0.2631763561998442
 -0.26757933088703667
 -0.82003431881388944
 -0.99739959216031482
 -0.81477298767905471
 -0.40332217000396425
 0.12174574039319934
 0.72610466550790553
 0.9756866937503218
 0.95041478686084535
 0.65740811854692949
 0.17920756624578818
 -0.48853519495787168
 -0.86622816469789188
 -0.99990200276958874
 -0.7618765189682617
 -0.32310844176316006
 0.20668027481499857
 0.78256289391760381
 0.99092400356524601
 0.84949989429398942
 0.31878331613078459
 -0.35801914740060525
 -0.87075548362775734
 -0.98445874839776404
 -0.7559288889967074
 -0.16571279352017626
 0.50044297299076146
 0.87299192731282182
 0.98364649651042202
 0.75293139567673473
 0.1612074989385934
 -0.36653212183670031
 -0.79101851933410983
 -0.99947947189198894
 -0.84219234522037123
 -0.44765705097149988
 0.22451727661408843
 0.69155575910797984
 0.9932140410785969
 0.83972129973922371
 0.4435688105502032
 -0.22896505360363265
 -0.79657321781796253
 -0.99373479575595003
 -0.91095823285371369
 -0.43947131954170243
 0.23340805554780536
 0.69812411955698905
 0.99423482618450487
 0.834726723741544
 0.29269611680139745
 -0.38346563566337838
 -0.80206146680018797
 -0.99471412193617259
 -0.83220329738643806
 -0.43124892776542673
 0.091189587921087126
 0.70463424304951916
 0.96849149417710867
 0.9052216213146459
 0.56026686158099936
 0.057483207986331115
 -0.59162761605977232
 -0.92085560177722303
 -0.99067573919877039
 -0.78141948139773487
 -0.3520349582153795
 0.17651889277400565
 0.76306347130970409
 0.99992600201619608
 0.77856168107880996
 0.20041309089354509
 -0.46957695504264702
 -0.85523523768182264
 -0.98939008741680945
 -0.77568764392683509
 -0.34347161125692577
 0.18550142810862433
 0.76893472152711884
 0.98778974619014315
 0.86069606453987113
 0.33917914848910674
 -0.18998693966562338
 -0.77184632306809275
 -0.98849090621939795
 -0.85836209249050632
 -0.33487961217098988
 0.34206505440574203
 0.862254728491333
 0.99998138620148591
 0.76696871253595067
 0.33057309196900747
 -0.34635271246754379
 -0.77762117540992637
 -0.99994309558021077
 -0.76403033079695037
 -0.17799244441910247
 0.35063314737503665
 0.78048430577675221
 0.99988395123660889
 0.76107601527488455
 0.17349680460094399
 -0.49358918395682855
 -0.86911238135537339
 -0.99980395440413061
 -0.75810582758173006
 -0.1689975465227028
 0.49755567898470887
 0.93609865989502394
 0.94566435559940187
 0.52186918309512553
 0.011847420072184065
 -0.50151179753412556
 -0.9376951805861069
 -0.98342331467676902
 -0.64258870869742002
 -0.15998855098596032
 0.36768087239880365
 0.79177346594786169
 0.99282104490079037
 0.9141878894328731
 0.57802520069364793
 -0.074216236599828955
 -0.57407791745470427
 -0.91222008763525775
 -0.99338706034829882
 -0.69263648984203974
 -0.22597606066310341
 0.44631769078305872
 0.84138411242655475
 0.99943004815055925
 0.79193364505529973
 0.36792477034572635
 -0.30868941789305326
 -0.7519452059868672
 -0.99957378788416562
 -0.87372121466920871
 -0.3636745572016995
 0.16423604820363752
 0.7549478544265199
 0.99969668159732372
 0.78632374567415608
 0.35941675965785358
 -0.1687390302799123
 -0.75793475849732128
 -0.99979872672709624
 -0.86924208047228424
 -0.35515146651018259
 0.32169112912610048
 0.85111530279515479
 0.99987992114534174
 0.78064825179414798
 0.35087876671096063
 -0.32601173556565088
 -0.7638610846955558
 -0.98652842266602814
 -0.86469043479524876
 -0.34659874936696677
 0.18222648701769353
 0.65971796292075569
 0.9513648645896583
 0.92961438575819666
 0.48185811012784718
 -0.034412226326070341
 -0.54098853304387418
 -0.95276179274796713
 -0.92792170728734635
 -0.47785151315373381
 0.19119927952835253
 0.7726309446768147
 0.98867698022951811
 0.85772783948271503
 0.47383495062976799
 -0.19567974137969191
 -0.77552208599333883
 -0.98935194803207749
 -0.92447833088141018
 -0.59917633153129735
 0.04810061880376932
 0.67333494291237483
 0.95683324420089355
 0.97078868493983261
 0.59551390107624014
 0.10054200436666021
 -0.42275288344574552
 -0.82695698694418485
 -0.99563498366487102
 -0.70805253408118418
 -0.24696165236387882
 0.28369908452689208
 0.8295160634890768
 0.9984678775029745
 0.88614822702694929
 0.52419790220779638
 0.01457942004615246
 -0.49914612947357034
 -0.87226068289134251
 -0.98391506537880058
 -0.75391589745208354
 -0.31153630812522931
 0.21860401502443746
 0.79010162031504583
 0.99249053843869217
 0.91529182682589483
 0.44899540760658252
 -0.2230579892443621
 -0.69047347805072579
 -0.96338046964987745
 -0.91344285313471929
 -0.44491021868367014
 0.22750731161019144
 0.79566716792130066
 0.99920398154940382
 0.8380505755510308
 0.44081575119861865
 -0.23195188933175362
 -0.79842508030580706
 -0.99407316861236728
 -0.83555027623656908
 -0.29412747756966146
 0.23639162971772915
 0.7003184896409369
 0.99455926362965252
 0.8330325515970789
 0.43259932229274561
 -0.24082644017776364
 -0.70357104096355216
 -0.9950246172039402
 -0.83049745413946297
 -0.28538589488842303
 0.3905068220229197
 0.88744558510144256
 0.99830861010480987
 0.73253287317743021
 0.28100613039472744
 -0.24968090147450372
 -0.71003205735290709
 -0.99589306163665337
 -0.90195034323742196
 -0.42020723065496823
 0.2541003676522241
 0.81196373785045661
 0.99773598681172548
 0.72628498216555015
 0.12200606815118613
 -0.53818343962477888
 -0.89367668162933689
 -0.99741846053125105
 -0.72313828409462411
 -0.11747220654559611
 0.40725723252969975
 0.89571649608114523
 0.99708013317948641
 0.8175632376215648
 0.263429384064785
 -0.41142381977103759
 -0.81988418229177085
 -0.99672101181221351
 -0.81492502611226691
 -0.25902123359623186
 0.41558182680600181
 0.82249020627722469
 0.99770057115957789
 0.89185562410311559
 0.39937963465958909
 -0.12601701851596336
 -0.61591429094295513
 -0.97662105565601998
 -0.88978071120295688
 -0.39518878000658209
 0.28050266265589391
 0.73217568374252728
 0.97759256833212316
 0.88768724200696714
 0.3909896837275314
 -0.13507226835580494
 -0.62308394802830314
 -0.97854369340411895
 -0.8855752601742819
 -0.52314579966074126
 -0.013344562320217936
 0.50021587916838484
 0.9371738928716784
 0.98369370243437959
 0.75310397795260287
 0.16146634585720937
 -0.36628807972477462
 -0.79085802944057393
 -0.99264084583298418
 -0.91479369043480918
 -0.44789157041556454
 0.22426168196300064
 0.6913662822677682
 0.99318350320331317
 0.83986369513887471
 0.30166731015025761
 -0.22870973038454406
 -0.79641462932165763
 -0.99915395334485979
 -0.74402022533661394
 -0.29731020684864817
 0.23315300908548614
 0.69793630702392573
 0.96610880593672932
 0.96212549010061099
 0.56802461131976778
 -0.086379658688501032
 -0.58402667228351934
 -0.96727755929629
 -0.90726309490466162
 -0.56426023670636294
 -0.062303538622137125
 0.45720425744531024
 0.84791621144290719
 0.99132209360340251
 0.78442368682047992
 0.20960920998794641
 -0.46126094313928362
 -0.85032831870432257
 -0.99985559799969492
 -0.86772048768357102
 -0.35228043953203181
 0.17626072228136108
 0.65514869784289442
 0.98628238008474745
 0.9318320622966344
 0.48716277849229406
 -0.18075409140989987
 -0.76583845364504477
 -0.98702590740807916
 -0.8631445581430458
 -0.34371792593314032
 0.18524369092832746
 0.7687670104067964
 0.98774885039587357
 0.86082956821913825
 0.33942587214412534
 -0.33752338274773352
 -0.77167953460243732
 -0.99999919043919605
 -0.85849662577286689
 -0.33512673965938639
 0.19421120669451822
 0.77457596549159458
 0.98913292348678583
 0.85614577945751935
 0.33082061813699404
 -0.34610665174172517
 -0.86442682365432499
 -0.98661410065177779
 -0.76419952433889138
 -0.32650759738066742
 0.20316252151698605
 0.78032030606800395
 0.99043448389922084
 0.8513905716987602
 0.32218776733811588
 -0.35466104879522864
 -0.7831680959575561
 -0.9910542876521572
 -0.84898630942477415
 -0.31786121809897533
 0.35892719724832056
 0.87123336167618004
 0.99970946313293974
