# Created by Octave 8.4.0, Thu Dec 11 09:47:23 2025 IST <gamana@Samsung>
# name: iq
# type: matrix
# rows: 2048
# columns: 1
 0.99706007033948296
 0.81741217677477895
 0.40749676511192734
 -0.26757933088703667
 -0.82003431881388944
 -0.99669975492155383
 -0.71661680183738552
 -0.10813648706951674
 0.54989853666459632
 0.95593663795513129
 0.92390648709702716
 0.59797692748566744
 -0.049596092412049285
 -0.67444116920798691
 -0.99021632186749353
 -0.92214954772219393
 -0.46444680927567056
 0.054156660896962569
 0.67780586584135905
 0.99084323820616371
 0.92037337700240041
 0.59063151170131145
 0.094506937438585861
 -0.42824053105714127
 -0.90574572222887484
 -0.96818318853898067
 -0.58694028909782114
 -0.08995968598691377
 0.56506302386814056
 0.96113952181813156
 0.91676349009574332
 0.45227072281333514
 -0.067831209437063375
 -0.68781486305698147
 -0.96239019836420125
 -0.96585726208474876
 -0.69723937173125705
 -0.23220701116232156
 0.29823877688491174
 0.7446697864578582
 0.98132503246572256
 0.94153800602658821
 0.63651683455885644
 -0.00061748905173052778
 -0.63746884165893469
 -0.98219323712585571
 -0.87681701130020206
 -0.36962995372724544
 0.30694400810481892
 0.84285757488642232
 0.99252258712934649
 0.79026236628191826
 0.36538281225045838
 -0.3112870671345041
 -0.8453062979285888
 -0.99964981960557098
 -0.87238892007601454
 -0.36112805074835524
 0.16693057028402239
 0.64796433750803051
 0.98467487951336408
 0.9352270289765664
 0.62232285500886353
 0.13410842343763146
 -0.39188476247376564
 -0.88813469650019505
 -0.97738734773531
 -0.61874172821212581
 -0.12958157197863263
 0.39608211065021354
 0.81016824749014416
 0.99793771528696562
 0.72839148523155783
 0.27518135912083291
 -0.25554820013760671
 -0.71428904737035315
 -0.9718124784500537
 -0.95557335273441868
 -0.54886662494658134
 -0.043800730362636646
 0.60261697710835183
 0.92611076224270938
 0.98871630425468959
 0.66674975226285726
 0.19145671714048751
 -0.3377702626083236
 -0.85993281577640979
 -0.9880219015039563
 -0.66333931775948618
 -0.18697249432793983
 0.34206505440574203
 0.862254728491333
 0.98730689364631385
 0.6599150493749707
 0.030110031711012196
 -0.61349323202917039
 -0.9759566197678079
 -0.95003000237158464
 -0.65647701852210572
 -0.17799244441910247
 0.35063314737503665
 0.86684455914106351
 0.98581512268540761
 0.76107601527488455
 0.17349680460094399
 -0.35490626986012647
 -0.78333115921436058
 -0.99108925768113243
 -0.84884768600070171
 -0.458768420102943
 0.21235319707962388
 0.78616167635188161
 0.99970310675110219
 0.75511982966047653
 0.31327897070961552
 -0.21681353546072546
 -0.78897579815913343
 -0.99958141038069237
 -0.84398406755565658
 -0.4506338234743309
 0.22126935221527527
 0.79177346594786169
 0.99943886783086799
 0.74910065255297842
 0.30459234863209911
 -0.37192385559131702
 -0.87800195033943063
 -0.99927548207434191
 -0.83905004463376487
 -0.30023946390148659
 0.37615908234565687
 0.88017868087772855
 0.99909125651850716
 0.83655675988810607
 0.29588031770414369
 -0.38038646433654111
 -0.80006716347485207
 -0.99436648797780181
 -0.83404602882728585
 -0.43425253739356928
 0.23904554590989419
 0.70226622907149605
 0.96765636088201856
 0.96045472696749501
 0.56302347038087841
 0.060809116983152368
 -0.58893824801691086
 -0.9687983227001733
 -0.95917317570695038
 -0.67934600227974873
 -0.20814497571020177
 0.46258889234239531
 0.92133642208986943
 0.95787162097705481
 0.67598778716342178
 0.20367611970904997
 -0.46663278619843457
 -0.8535038514756933
 -0.98986864202460945
 -0.77778605465602391
 -0.34659874936696677
 0.33032554306011602
 0.85587460041102437
 0.99997975150891727
 0.77490763686045938
 0.34231150373757346
 -0.18671483023342564
 -0.66314302366827793
 -0.95276179274796713
 -0.9739846416439677
 -0.60646362901863526
 -0.1141628857655048
 0.54482362820236752
 0.95413885114572949
 0.97293960590383544
 0.6028262662184477
 0.10962484661941579
 -0.5486473611136512
 -0.89920037971003641
 -0.99644589250719506
 -0.8129895401913837
 -0.25580176557114981
 0.41860992106483791
 0.82438066428653922
 0.99792084509802448
 0.81032196923136679
 0.39632292922231288
 -0.12932149590627612
 -0.61853565886702822
 -0.93350642899691172
 -0.94801236134682287
 -0.52808142658504087
 0.13384850513027419
 0.62211752879892024
 0.93513413588735561
 0.9465491972583544
 0.64816408847853257
 0.16718916734334063
 -0.49914612947357034
 -0.87226068289134251
 -0.99965672575733444
 -0.75391589745208354
 -0.16268499548422688
 0.36513865163940556
 0.79010162031504583
 0.99952665500974269
 0.84299868999530825
 0.44899540760658252
 -0.071491258666853949
 -0.57183861803164726
 -0.91109728423998393
 -0.96490022720293422
 -0.69460463034444542
 -0.0772021633450269
 0.57557902585817122
 0.96459493207099567
 0.96369087240910234
 0.69131213729148444
 0.072648282209853754
 -0.57930743003644081
 -0.91482395692723983
 -0.99263176838203893
 -0.68800522698678646
 -0.21973585073413712
 0.45203678212348919
 0.8448263018309673
 0.99206806997202313
 0.78800882612502365
 0.21527846681165561
 -0.4561055667485257
 -0.84726086568929992
 -0.99974017928601222
 -0.78518905320560317
 -0.21081659327632549
 0.31910292536187457
 0.75913017088655255
 0.99983384877874237
 0.78235290523988077
 0.35343597986706526
 -0.32342755649263732
 -0.8520769343569492
 -0.99990666682747809
 -0.77950044137544672
 -0.34916032984535117
 0.17953931786032531
 0.76504373808146187
 0.9999586319136059
 0.86376751051845613
 0.48425043128684137
 -0.18402994603395961
 -0.66109548976492238
 -0.98755537645856961
 -0.92893675340063486
 -0.48024983659958298
 0.18851673627980456
 0.66451500356302839
 0.95331735554538732
 0.92723629695034715
 0.47623922634562982
 -0.19299959502625752
 -0.77379427491261488
 -0.99998940073362763
 -0.8567832820780219
 -0.33198580663880228
 0.34494773752928914
 0.77667892647719483
 0.98961727890937345
 0.9237774076299472
 0.59770660638150441
 0.10326002029297376
 -0.55398783516922856
 -0.9573648031389832
 -0.97034689319511946
 -0.59403917778321069
 0.054493383907177437
 0.67805376596341482
 0.99088871254122568
 0.92024145753600073
 0.59035936055186145
 -0.059052735788742081
 -0.56156844030411857
 -0.90588859223877527
 -0.99501714838476762
 -0.70351778617963279
 -0.089623827187757507
 0.5653412151459779
 0.90781321933218118
 0.99455145437254244
 0.70026499464550118
 0.23631881496075158
 -0.29419909994775784
 -0.74184022576927944
 -0.98050268395307083
 -0.94295452778891731
 -0.51482631406600432
 0.1492265986468464
 0.74489481655070955
 0.98138984345368674
 0.94142434045552237
 0.63625671236885806
 -0.00095470993008341055
 -0.51254640924252104
 -0.94206652672674507
 -0.93987451980311765
 -0.50697489923478045
 0.1582514249800219
 0.64123953205676343
 0.94358849556734636
 0.98012568485461038
 0.74055846159663596
 0.29237364760094314
 -0.3837770560290073
 -0.88405779351868652
 -0.97920953288405665
 -0.73748195008814421
 -0.13829850545761893
 0.38799006792188778
 0.88618295094858357
 0.99846372804915795
 0.73439005846064775
 0.13377424106472693
 -0.39219498831718441
 -0.80768168619747682
 -0.99564197502935825
 -0.82691484959557615
 -0.42268497007417344
 0.25145686109895288
 0.81036587949062577
 0.99605747492512753
 0.82433824438349557
 0.27485714181146442
 -0.25587420960649715
 -0.71452501113115185
 -0.9964522021328357
 -0.82174444767227495
 -0.41439002875065545
 0.10969933265927975
 0.71771247291264939
 0.97295691831292452
 0.95411641469722341
 0.66649838973862252
 0.038900987211602449
 -0.47791734039237166
 -0.86010488691058218
 -0.98796980750470442
 -0.76967584934310729
 -0.18664120956076188
 0.34238191350790442
 0.7749550010800943
 0.98922088721011936
 0.85583584132014823
 0.33025481062593198
 -0.19927645160890187
 -0.77783315318496116
 -0.9999394412608994
 -0.85346479989839097
 -0.46656650589086629
 0.051765004297932744
 0.55551415395589532
 0.90277326207257647
 0.96990183591888457
 0.5925624553559925
 -0.056325047540602191
 -0.67940099123065623
 -0.95919436693370819
 -0.96877974656918697
 -0.58887768312041511
