# Created by Octave 8.4.0, Thu Dec 11 09:47:23 2025 IST <gamana@Samsung>
# name: iq
# type: matrix
# rows: 2048
# columns: 1
 0.99706007033948296
 0.71979445629436789
 0.2631763561998442
 -0.41166286191191009
 -0.89785314323009247
 -0.97259255895290297
 -0.60163096747855127
 0.045034489605138867
 0.54989853666459632
 0.95593663795513129
 0.92390648709702716
 0.59797692748566744
 -0.049596092412049285
 -0.55370705885596561
 -0.9018370479926181
 -0.9704283499248888
 -0.710216724570086
 -0.099052217956670074
 0.55750403353697353
 0.90380080945259256
 0.99549412439592866
 0.80675369022336518
 0.39074826631547099
 -0.13533214306748165
 -0.73545624545231092
 -0.97859770037839833
 -0.88545340033792985
 -0.38654055032865986
 0.13985542515412888
 0.62685369828083859
 0.93726536135324057
 0.98364649651042202
 0.75293139567673473
 0.31011321061357677
 -0.36653212183670031
 -0.79101851933410983
 -0.99947947189198894
 -0.84219234522037123
 -0.44765705097149988
 0.072984607991762596
 0.57306627895981621
 0.91171342092136254
 0.99352809498320716
 0.7954628564466879
 0.22717892085399657
 -0.44521220012329865
 -0.91358003901312201
 -0.99299901827171977
 -0.79268712746483883
 -0.22272925180653891
 0.44929670050794807
 0.91542760447624616
 0.96205395684648265
 0.68691788519972474
 0.066599024229182319
 -0.45337183085077554
 -0.84562645019083471
 -0.99966550404728993
 -0.78708613347960132
 -0.21381607161106853
 0.45743750616528306
 0.91906542379149492
 0.95952171996815627
 0.56026686158099936
 -0.095736315726760557
 -0.70786729603693477
 -0.96961871794042342
 -0.90327160727240496
 -0.55647836159153252
 0.10028104696026842
 0.71108558651626785
 0.99602750333649714
 0.90130275558293516
 0.4188481031914722
 -0.25554820013760671
 -0.71428904737035315
 -0.99642376475119299
 -0.82193656840597684
 -0.41469690979581653
 0.25996060960367884
 0.71747761179131575
 0.97287896944569174
 0.95421733651916474
 0.54504354703316671
 0.039237950724844595
 -0.60625506401228335
 -0.92782390279400195
 -0.95284142018813345
 -0.66333931775948618
 -0.034674352783172553
 0.60988050752199152
 0.97495106171121826
 0.89323979943204135
 0.53736337067249562
 -0.1229714388149704
 -0.72695326304485031
 -0.9759566197678079
 -0.89117738323677409
 -0.39800651997194264
 0.12750220183209923
 0.73008157988849232
 0.99809321681110275
 0.88909638161822035
 0.39381295355228096
 -0.28193949870042923
 -0.82849014143618427
 -0.99836468747738893
 -0.80602334155402411
 -0.38961117419928509
 0.286318003155562
 0.8310388742053465
 0.99492723749659617
 0.70287948678186651
 0.23988225937810825
 -0.43347608615063532
 -0.90818935012412527
 -0.99445746524175327
 -0.80058386130778225
 -0.38118332737363553
 0.29505700746927255
 0.74244194177693867
 0.99905415417283672
 0.79783904858190768
 0.2310056126214613
 -0.29941732507672353
 -0.83858087426586858
 -0.99924231199376601
 -0.79507759699523661
 -0.37272368253927118
 0.3037713983630882
 0.74852947834240957
 0.98242450771086454
 0.87622253538456674
 0.36848215629705672
 -0.30811913652456402
 -0.84352151905061579
 -0.99955610682356222
 -0.8740126725681886
 -0.50225718689379151
 0.1636446553781746
 0.6454230546514419
 0.94538379920820492
 0.97902702699783795
 0.73687533753128009
 0.2871436046763976
 -0.38881734154671543
 -0.88659855654745923
 -0.97808644142219958
 -0.62135568833296584
 -0.13288449926953011
 0.52890718330563458
 0.88870159436007923
 0.97712545794276662
 0.73067021944311417
 0.12835690768192648
 -0.5327773384036506
 -0.89078609838175804
 -0.99785768142665632
 -0.82382969408846374
 -0.41772635433529737
 0.25674197731389409
 0.71515280292566097
 0.97210288979435833
 0.95520861010101676
 0.54783387611315026
 0.042566904316534378
 -0.60360206764425894
 -0.97316389613177423
 -0.95384720949172808
 -0.54400771639250467
 -0.038003893997068453
 0.60723674286965779
 0.97420460722463287
 0.89473272591303799
 0.54017021144041599
 0.03344009110984917
 -0.6108587542280044
 -0.97522500136899581
 -0.89268389624526956
 -0.40106078858848004
 0.27435274166173773
 0.82404117545676947
 0.99788202688277594
 0.81067312387003299
 0.39687326926709543
 -0.27874135800008448
 -0.73092495761217069
 -0.99816868423776495
 -0.88853042950170691
 -0.52859042667655221
 0.13325437159471662
 0.73403391999699508
 0.99843452487561368
 0.80529176356133636
 0.24311538503196514
 -0.28750105989676866
 -0.73712757417115904
 -0.97910298922187333
 -0.88430284225936873
 -0.52081531747420562
 -0.010612519844126429
 0.62877621856052379
 0.93812356967355703
 0.94376206025673304
 0.5169114299445664
 -0.14681942614894028
 -0.63232066979907131
 -0.98091954833887085
 -0.88000148718019999
 -0.37581327393081404
 0.30059541660593941
 0.83925302247024336
 0.99928961588829657
 0.79432796706929032
 0.22535697877023961
 -0.30494778563713076
 -0.84172737665922182
 -0.99277633864348791
 -0.79154546007749638
 -0.22090539598361061
 0.30929379500995663
 0.84418417670030432
 0.99221807429387854
 0.78874644547711348
 0.36308252301800925
 -0.16486286014802159
 -0.64636586979493948
 -0.98430703928709395
 -0.87117891489750021
 -0.35882367711440522
 0.1693653581618049
 0.75834914455383284
 0.99981127408820147
 0.86892773498615949
 0.49326458698302622
 -0.021352708557315411
 -0.65330788260348704
 -0.94871260618848463
 -0.93271256994566776
 -0.61679945874750275
 -0.12713204761900493
 0.39834885137739889
 0.89134662124414976
 0.99777612566283158
 0.72669694689027298
 0.12260107148084838
 -0.40253343524152485
 -0.89340751673744401
 -0.99746133057868402
 -0.72355223348021303
 -0.11806753850852328
 0.54152287662949261
 0.89544978029820765
 0.97384043762212691
 0.60595823391902881
 -0.039610851809863908
 -0.54535639547925485
 -0.89747336933524535
 -0.97279257706834643
 -0.71721760370946219
 -0.10899318029827681
 0.54917854097095864
 0.95568328557184301
 0.97172442901384048
 0.71402781945683991
 0.10445254430529899
 -0.41918695266203876
 -0.82474019895780748
 -0.99599420274534867
 -0.71082314421899429
 -0.099909729963979996
 0.42332869337274925
 0.9034316692387977
 0.9955754721589325
 0.7076036448290961
 0.09536483201435636
 -0.42746160560208135
 -0.90538014207092266
 -0.96839848471989642
 -0.70436938842955232
 -0.2419172743442409
 0.28868367814973406
 0.83241016300009274
 0.9987422260085822
 0.801838525669477
 0.38312094629479049
 -0.14352297910378442
 -0.74103566595754
 -0.98026636732946337
 -0.88157908124133344
 -0.51585384667759693
 0.14804090898369313
 0.63327693330856272
 0.94011690256467528
 0.98212305599750904
 0.63718126234391137
 0.15303860991380491
 -0.51151650147545191
 -0.94166367111461102
 -0.98125317822176994
 -0.63365499429213756
 0.0043224101772478462
 0.51543521658228852
 0.94319080135431788
 0.93871905077095341
 0.50406919266205064
 -0.00888902807713364
 -0.51934318233455534
 -0.88349676873254213
 -0.99876660472388257
 -0.73829118999497911
 -0.28915143721775538
 0.24144316256866286
 0.70402248268821932
 0.96827650942448973
 0.90558749268644834
 0.4279032614774641
 -0.24587224440542177
 -0.7072583139584484
 -0.99552944227673668
 -0.82758848976759469
 -0.2803962053016209
 0.25029619859891
 0.80966276941715232
 0.99595039469239666
 0.82501640716173019
 0.27600977220913953
 -0.25471493288791014
 -0.7136856599001008
 -0.99635057665314153
 -0.82242711891370257
 -0.27161758295798555
 0.40366363354108759
 0.89396164573534742
 0.97459211294156811
 0.60860525581607272
 -0.03628150960682397
 -0.66454188279019533
 -0.9882687863743751
 -0.8591108828376951
 -0.47620759684024633
 0.19303488885735581
 0.77381705929149447
 0.9889559295739101
 0.92550288028161243
 0.47218697676330368
 -0.19751369054073656
 -0.77670158350892426
 -0.98962244818747058
 -0.92376363295291208
 -0.46815650926987484
 0.049968820906833154
 0.67471665998600783
 0.95737519366304447
 0.92200512061763984
 0.46411627841504299
 -0.054529300663180097
 -0.55781380844334583
 -0.95868429107753084
 -0.92022737994943238
 -0.59033032713295708
 -0.094135409971857764
 0.42857774099502766
 0.83055922740508159
 0.99856963121797515
 0.88527990620724095
 0.38619633945051013
