# Created by Octave 8.4.0, Thu Dec 11 09:47:23 2025 IST <gamana@Samsung>
# name: iq
# type: matrix
# rows: 2048
# columns: 1
 0.99706007033948296
 0.81741217677477895
 0.2631763561998442
 -0.26757933088703667
 -0.72295709950342013
 -0.99739959216031482
 -0.89379434027545168
 -0.53840448048633571
 -0.031344426666491253
 0.48454544831307755
 0.9307412043625467
 0.95041478686084535
 0.65740811854692949
 0.17920756624578818
 -0.34947630729317497
 -0.77971163284007661
 -0.99990200276958874
 -0.7618765189682617
 -0.17471292102219657
 0.35375141607369498
 0.86850088041626661
 0.99982764492782827
 0.75891061748844191
 0.31878331613078459
 -0.2111462234393818
 -0.78539783471713998
 -0.99973243577145421
 -0.7559288889967074
 -0.31445154230134043
 0.36227941227075194
 0.87299192731282182
 0.99961637728604458
 0.84464582685674738
 0.451735955545704
 -0.22006481733715735
 -0.79101851933410983
 -0.99267257301273648
 -0.9146877172569069
 -0.57903252519821957
 -0.080262094262641887
 0.44111841487869557
 0.83823451315416331
 0.99921737728844184
 0.87871764054369417
 0.37331329069111102
 -0.30316589222440382
 -0.84071604235180275
 -0.99299901827171977
 -0.79268712746483883
 -0.36907284080929581
 0.3075145173729773
 0.84318003849283296
 0.99244923265600671
 0.68691788519972474
 0.066599024229182319
 -0.45337183085077554
 -0.91725607877992499
 -0.99187874960179634
 -0.78708613347960132
 -0.36056893869878703
 0.16752163237433296
 0.64842084563481195
 0.98477925608846884
 0.93501460739056352
 0.62185347507426159
 0.13351431092211144
 -0.39243624425178625
 -0.88841005886559066
 -0.99818451591765156
 -0.82676733230775934
 -0.27899323612809723
 0.39663251303703095
 0.81051952955911122
 0.99789905398277001
 0.82418973826910924
 0.41830364459012159
 -0.10541986916648706
 -0.71470848232620454
 -0.99647424175558452
 -0.89905278190790505
 -0.41415131091223267
 0.10996002894475143
 0.71789508624863763
 0.97301746871639383
 0.89704391948377393
 0.54454082034982465
 -0.11449789551660453
 -0.72106671853433502
 -0.97406100526838946
 -0.89501634929027651
 -0.54070488933566718
 -0.034075203119590815
 0.48215357236133188
 0.86255820721364196
 0.99997754868073285
 0.76658388232805563
 0.33000723250375069
 -0.34691504748586588
 -0.86485977345968701
 -0.99993652039743985
 -0.76364340535372321
 -0.17740248146386889
 0.49013503876520476
 0.86714330313380428
 0.99987463852894498
 0.85093822053706958
 0.46228989505802376
 -0.056586912209590688
 -0.67959342251120436
 -0.95926849380749435
 -0.91941886397094896
 -0.58866567994252117
 -0.092083567790262444
 0.56330213157844045
 0.90677461397837034
 0.9948059055471814
 0.70202611666406234
 0.087535304603103034
 -0.4345562783818383
 -0.90869055342431926
 -0.99433068714871142
 -0.79986481559928813
 -0.38007457143186141
 0.29620242279567877
 0.83674146904181346
 0.99910557284759449
 0.88001857142836226
 0.37584660714244433
 -0.30056110973383704
 -0.74629210187906125
 -0.98179031922762106
 -0.94071519142080873
 -0.63463770798433317
 0.0030514704809131319
 0.63934227975830582
 0.9826476087243925
 0.87564409572293345
 0.3673672521603934
 -0.1603214190796719
 -0.7523402792093371
 -0.99959110969295029
 -0.78876855654392963
 -0.36311603830396288
 0.1648273820018433
 0.75534086434437631
 0.99971126661039378
 0.87119657448638765
 0.4972631344130784
 -0.16932990746395193
 -0.75832569691438723
 -0.99981057464028267
 -0.78312149655954333
 -0.35459098115184812
 0.17382890156623876
 0.76129471467094889
 0.98587166407221172
 0.93272554095342031
 0.48931833080765208
 -0.02588219217722993
 -0.65673136249930986
 -0.95013521478378304
 -0.93106911980553142
 -0.61322689374806227
 -0.12263677028153504
 0.40250050763492184
 0.81425215763961789
 0.99746389138161906
 0.82054778761189784
 0.41248085455083544
 -0.11178320076887521
 -0.71917095471045989
 -0.97343910396101097
 -0.95348647101915107
 -0.66493377380123675
 -0.18906719242150347
 0.47975809707182404
 0.92872907541750638
 0.95209995995565033
 0.66151595720052903
 0.18458087970620446
 -0.34435119791359259
 -0.77627848657789622
 -0.99996357337194397
 -0.8547494142055011
 -0.32827496664948513
 0.34863501727421764
 0.86577925251625287
 0.99991416793867083
 0.85237019441807671
 0.4647109219745772
 -0.20580181833824582
 -0.67758654772169435
 -0.95849306770997056
 -0.96938914977365198
 -0.70720533416515197
 -0.094803851535846084
 0.56104251634036995
 0.95978511315488713
 0.91869585264312459
 0.58718173781428495
 -0.062976656095421718
 -0.56481692558811947
 -0.90754653422892317
 -0.96710621952071552
 -0.70071850745720687
 -0.085707717992430196
 0.43620776283750984
 0.83524217854793459
 0.99413395006243543
 0.69745314007501746
 0.23249710171829488
 -0.44031254600566511
 -0.83774461952564228
 -0.99362966781603679
 -0.79600657878331471
 -0.37414599428109951
 0.15311266472664142
 0.63723901631627178
 0.98213715956934433
 0.87696037967363016
 0.50752255070260899
 -0.15762392656564658
 -0.75053754313392529
 -0.98298621900666272
 -0.87475664689714616
 -0.36566042720173336
 0.16213190117196896
 0.75354752302614569
 0.98381477835576814
 0.87253467115035255
 0.36140616065792164
 -0.1666364945322362
 -0.64773713795558541
 -0.94636824229579519
 -0.97840450923072497
 -0.73482122407441952
 -0.13440397647307353
 0.52760533980484603
 0.88799758481421553
 0.97745037193131534
 0.73171614415609676
 0.12987730479379034
 -0.39580823242314994
 -0.89008831623897289
 -0.9764758499932793
 -0.72859580436412763
 -0.27546808524222111
 0.39999786249010028
 0.89216048495282396
 0.97548096374019555
 0.61177679275157582
 -0.03228067746727812
 -0.66154517983159566
 -0.95211187506516737
 -0.92871462706173769
 -0.60815801031463523
 0.036844666524188871
 0.54303398381073864
 0.95349821657310452
 0.927011630027469
 0.47571198750746807
 -0.041407887188901399
 -0.66836670923880226
 -0.95486467296243449
 -0.97237432869411289
 -0.71596315269290456
 -0.25786295993294456
 0.41667209244439368
 0.90026267422724404
 0.99623791357870883
 0.8115698761194744
 0.3982801145814544
 -0.27726856730996369
 -0.82575594426271981
 -0.9958317729581404
 -0.80889329122735509
 -0.39408708759389033
 0.13173465771257073
 0.62044634576658009
 0.93437639462790911
 0.94723497803151258
 0.52601293859388787
 -0.13626019091424113
 -0.73609062150147797
 -0.99859960296641448
 -0.88501768945102288
 -0.38567646528425986
 0.14078288242199291
 0.62758326021428712
 0.937591508117257
 0.94426787605151563
 0.64281720510437035
 0.16028295525309991
 -0.36740349485673862
 -0.87566291480781422
 -0.99944881352334003
 -0.84168691506239712
 -0.30487641615082528
 0.37164698154682685
 0.8778591502797668
 0.99928678894029288
 0.83921227324648817
 0.44272908539363282
 -0.22987679354026777
 -0.79713915789658085
 -0.99383905173970943
 -0.91057143551212072
 -0.57079305217832044
 -0.070220514796892591
 0.45013335704629115
 0.91580421836135173
 0.9617979407123759
 0.6862368330812747
 0.065664349888776924
 -0.58499952832103697
 -0.91762877196428794
 -0.99175917517015522
 -0.78650797591622545
 -0.35969506676312935
 0.16844504627689136
 0.64913367297479352
 0.94695935238992979
 0.97802367687270642
 0.73357573090793249
 0.28247725086411729
 -0.24819593741602278
 -0.80838806304726429
 -0.99812765890157551
 -0.82624002063433366
 -0.27809358337711793
 0.39749223131036948
 0.89092295318197434
 0.99783792769991442
 0.82365889652021573
 0.27370411627369895
 -0.25703311847520699
 -0.81373067133906707
 -0.99752738667901342
 -0.72419644166728869
 -0.11899468344761061
 0.5407376690846597
 0.89503372952979732
 0.99719604231517323
 0.7210397185663967
 0.11445918394335411
 -0.54457350353335932
 -0.89706114026852291
 -0.99684390151855462
 -0.7178679582477433
 -0.26050183327781062
 0.27024845737164843
 0.72486892843070949
 0.97529159838194734
 0.89254808705245003
 0.40078480921406678
 -0.12449586238216011
 -0.72800731316679657
 -0.97629031191740334
 -0.8904794139665555
 -0.3965967412115462
 0.27903065638425345
 0.73113051537655083
 0.97726866500719145
 0.94810723334922808
 0.65186108517083774
 0.1719836693261251
 -0.35634207383051281
