# Created by Octave 8.4.0, Thu Dec 11 09:47:23 2025 IST <gamana@Samsung>
# name: iq
# type: matrix
# rows: 2048
# columns: 1
 0.99706007033948296
 0.81741217677477895
 0.40749676511192734
 -0.26757933088703667
 -0.82003431881388944
 -0.99739959216031482
 -0.81477298767905471
 -0.40332217000396425
 0.12174574039319934
 0.72610466550790553
 0.9977183133033527
 0.81211680656676566
 0.25435403320662997
 -0.41996921323270014
 -0.9018370479926181
 -0.9704283499248888
 -0.59431041673833829
 0.054156660896962569
 0.67780586584135905
 0.95857806179479299
 0.92037337700240041
 0.46039768712535095
 -0.21056019768431139
 -0.78502660585285655
 -0.99144949059920529
 -0.84740015524068646
 -0.45633896342313512
 0.063274314483384275
 0.68449278249337897
 0.96113952181813156
 0.91676349009574332
 0.58323682590797477
 0.085410558434171072
 -0.56882488187623792
 -0.96239019836420125
 -0.91492984919274301
 -0.44819305013874217
 0.22393303760226052
 0.69112259930416531
 0.99314413982746996
 0.91307712751093861
 0.44410603043884272
 -0.076940660499172919
 -0.57631293131307915
 -0.91333608119151988
 -0.99306965479367471
 -0.79305245980539629
 -0.36962995372724544
 0.30694400810481892
 0.84285757488642232
 0.99951855157608782
 0.87461208566586512
 0.50332471182795113
 -0.16242620102223765
 -0.75374355922055913
 -0.98386817811504812
 -0.87238892007601454
 -0.36112805074835524
 0.31562363430071849
 0.75673679541218208
 0.99976024002897124
 0.78463279521646101
 0.35686575795358699
 -0.31995361916473464
 -0.85015080695475087
 -0.99075723812089034
 -0.67733850237256721
 -0.053522108383987854
 0.59482136777734718
 0.9223951842689625
 0.99012744735315783
 0.67397184428203039
 0.048961390272679664
 -0.46904757370125261
 -0.854924397079591
 -0.99996639480875027
 -0.77606586166474079
 -0.19652479537939213
 0.33290317762689803
 0.76855130411611672
 0.9999934061281559
 0.77317776783661152
 0.19204509648218823
 -0.33720593166871321
 -0.8596266700940336
 -0.99999956267601298
 -0.85866951035546779
 -0.47544962248554806
 0.041705882764596969
 0.66858852978133054
 0.98908328766509801
 0.92517614296391726
 0.47142713767571365
 -0.19835842695893965
 -0.77724410770302543
 -0.99994931137843202
 -0.76441698164385541
 -0.17858234340295434
 0.48908957560844996
 0.9326309330072855
 0.98591556319764284
 0.76146475434962702
 0.17408718554143396
 -0.35434572872122727
 -0.7829583640356752
 -0.99100922600826868
 -0.84916445372231864
 -0.45930103040332332
 0.059948902360856322
 0.6820600815726392
 0.99160988806202044
 0.84674379162518743
 0.3138482400055988
 -0.36287164523642723
 -0.78860730660693079
 -0.99959857501484162
 -0.84430547076328211
 -0.45116892498574845
 0.069063291190749512
 0.68871079187901341
 0.99274916027192672
 0.91443069848484515
 0.57851430337155152
 -0.073618372655640751
 -0.57358694006433752
 -0.91197430663594548
 -0.99345571300162749
 -0.79507759699523661
 -0.22656001653555566
 0.3037713983630882
 0.74852947834240957
 0.99940963070714672
 0.79229956413757341
 0.36848215629705672
 -0.30811913652456402
 -0.75154986251153877
 -0.98326668640036863
 -0.93799426797162899
 -0.50225718689379151
 0.01098568930287583
 0.52113386311773913
 0.88447702880257373
 0.9986603018114758
 0.73687533753128009
 0.13740931956298558
 -0.5250259978964078
 -0.88659855654745923
 -0.99841358164780036
 -0.82897243756720596
 -0.28276622004933655
 0.39302066094081484
 0.88870159436007923
 0.97712545794276662
 0.61777106458305009
 0.12835690768192648
 -0.39721578392478346
 -0.81089157050291494
 -0.99785768142665632
 -0.82382969408846374
 -0.2739938510167535
 0.25674197731389409
 0.71515280292566097
 0.97210288979435833
 0.89877436420064549
 0.54783387611315026
 -0.11059162740069406
 -0.60360206764425894
 -0.97316389613177423
 -0.89676289601115911
 -0.40941064781652259
 0.26555843582412669
 0.81883250830413812
 0.99686777156496353
 0.81598685847420904
 0.26079267102047637
 -0.41391256458337461
 -0.89893791293310132
 -0.99649621282851231
 -0.81333847222205879
 -0.25638127759757734
 0.27435274166173773
 0.82404117545676947
 0.99610387225416208
 0.81067312387003299
 0.25196453736646229
 -0.42220951003176449
 -0.82661975814466226
 -0.99569075802413742
 -0.70847575239886129
 -0.096594108609186768
 0.42634481825710085
 0.90485507765582107
 0.99525687875389923
 0.70524548009537236
 0.24311538503196514
 -0.43047123510003577
 -0.90678977900899604
 -0.99480224349196023
 -0.70200049996152902
 -0.238683157476864
 0.29187196277234689
 0.83425185842333105
 0.99432686171969897
 0.69874087967110676
 0.082949369652468824
 -0.43869705060168168
 -0.91060240870657128
 -0.96521441310367007
 -0.69546668720317029
 -0.078397537020469157
 0.44279627771178393
 0.91248025753890827
 0.99331389873283826
 0.69217799084072595
 0.22535697877023961
 -0.30494778563713076
 -0.84172737665922182
 -0.99277633864348791
 -0.79154546007749638
 -0.36733379686858686
 0.16035692393428203
 0.64287460727410239
 0.98349091491563567
 0.93756544664745745
 0.50118889593157823
 -0.16486286014802159
 -0.64636586979493948
 -0.94578563080678524
 -0.97877467785731409
 -0.73603989517876467
 -0.28596041578581616
 0.38995484850427714
 0.8871691067668438
 0.99834328410896789
 0.82828109530251082
 0.28158142740539416
 -0.39415595998417602
 -0.80893734916154614
 -0.99583860518100376
 -0.82571367484671732
 -0.42075116190200801
 0.25352049505894858
 0.71282005550396421
 0.97131601931168288
 0.90023004765829273
 0.55061812396139964
 -0.107279713530316
 -0.60094237098948822
 -0.92531771879083213
 -0.98902822624331277
 -0.77412644792750684
 -0.19351427197345175
 0.33579598627634649
 0.85886072213434583
 0.99999984205834835
 0.77122750954177499
 0.3368545744428309
 -0.19241132777952227
 -0.66747436862954301
 -0.95450783195983091
 -0.92574337325759704
 -0.47274705089475788
 0.19689069525206784
 0.67086792725114253
 0.9558596058549732
 0.92400680960145565
 0.5981871302220686
 0.1038563009623451
 -0.55348863374498325
 -0.9017236907083076
 -0.97049162886470242
 -0.71040134292978407
 -0.25018881911059687
 0.42387175357822654
 0.90368853347506051
 0.99551896067913792
 0.70717990245368956
 0.24576473929266096
 -0.42800350042979229
 -0.83020514487898067
 -0.99507674247845379
 -0.70394371380501819
 -0.24133553407346375
 0.28925760604766027
 0.73836599107446921
 0.97947441103636879
 0.88344480975007722
 0.51924840075931933
 0.0087781241696827904
 -0.50416497693069873
 -0.87508325720214741
 -0.99948789907851565
 -0.84233373325760386
 -0.44789157041556454
 0.072723021987780773
 0.57285131597583161
 0.96371087967815416
 0.91293956129574116
 0.44380386387911941
 -0.077276877469169419
 -0.69465853816616863
 -0.99370544782199999
 -0.91106639288515368
 -0.43970690185345124
 0.23315300908548614
 0.69793630702392573
 0.99420666880394015
 0.83487112493613869
 0.29294690316968425
 -0.23759142540159833
 -0.8019047929304397
 -0.99873665898641506
 -0.83234869697174474
 -0.43148555329274274
 0.2420248867701672
 0.70444811049079614
 0.99514689847830351
 0.82980891045096694
 0.4273613382131789
 -0.24645330073170391
 -0.80732806228184006
 -0.99558588756232258
 -0.90338411376138905
 -0.42322821055179527
 0.10002008265532036
 0.59509241170698868
 0.9706626890687553
 0.95698557107963933
 0.67372268159183635
 0.048624570949613463
 -0.59875627262871844
 -0.971750610450137
 -0.9556506286681602
 -0.67034093276055851
 -0.044062760124450776
 0.47337294548867787
 0.92601178368240689
 0.98875556026373002
 0.66694520403006563
 0.039500030374461016
 -0.60604645730021167
 -0.97386563363520129
 -0.95292098208008913
 -0.66353556621801379
 -0.187230145560146
 0.4813983933060807
 0.86212185909528127
 0.99998295210296995
 0.85614577945751935
 0.47112971399971271
 -0.046605037363985337
 -0.67222720714079276
 -0.95639701164548396
 -0.97114684364983439
 -0.71232163022430739
 -0.10203156538250441
 0.42139552464273106
 0.82611420249337753
 0.99811397490226272
 0.88894197826965471
 0.52935229899733338
 0.020642452992762857
 -0.62094459040458649
 -0.9779770926331931
 -0.94703109187740431
 -0.52547237649733447
 0.13688971055489954
