# Created by Octave 8.4.0, Thu Dec 11 09:47:23 2025 IST <gamana@Samsung>
# name: iq
# type: matrix
# rows: 2048
# columns: 1
 0.99706007033948296
 0.71979445629436789
 0.11267528621267162
 -0.54607854638925091
 -0.95458600820206962
 -0.97259255895290297
 -0.71661680183738552
 -0.10813648706951674
 0.54989853666459632
 0.89985447880301794
 0.99631865342087256
 0.81211680656676566
 0.25435403320662997
 -0.41996921323270014
 -0.82522724334078956
 -0.99801622712169602
 -0.80944368883232731
 -0.24993486888935224
 0.28075440618218883
 0.82779791753061049
 0.9982933274023793
 0.88756644408310237
 0.52680937032475517
 0.017648480643128749
 -0.62328907253604104
 -0.93566355795921996
 -0.94606518067421075
 -0.64702319695337762
 -0.16571279352017626
 0.36227941227075194
 0.78821639611625471
 0.99961637728604458
 0.75293139567673473
 0.1612074989385934
 -0.36653212183670031
 -0.8752101648306293
 -0.98281373076484568
 -0.74991820004097443
 -0.15669884238927639
 0.37077718740857579
 0.79380414593267479
 0.9932140410785969
 0.91283249357463192
 0.4435688105502032
 -0.077538373483401396
 -0.57680275981140672
 -0.9649887322131383
 -0.91095823285371369
 -0.5715619408474234
 0.082090521919315831
 0.69812411955698905
 0.99423482618450487
 0.834726723741544
 0.29269611680139745
 -0.38346563566337838
 -0.8839001337219804
 -0.9792778829548171
 -0.62589100331904679
 -0.13863247807766196
 0.52397452491172358
 0.8860266541137356
 0.97834281697030223
 0.62232285500886353
 -0.018883252709112678
 -0.65143590665126416
 -0.98546104560661119
 -0.93360044124798824
 -0.49143957136519584
 0.023448947172842981
 0.65489389015789878
 0.94937339120327868
 0.97641149517605841
 0.72839148523155783
 0.12505201810772687
 -0.40027119857025584
 -0.81283679053972591
 -0.99763417391420772
 -0.72525496053724303
 -0.27078809389396219
 0.25996060960367884
 0.81548838195195372
 0.99679924583888657
 0.8193268979110363
 0.26638918140600432
 -0.40862424436305445
 -0.81812296642813798
 -0.99715393876895353
 -0.81670014042814298
 -0.2619847133958928
 0.26876907226385538
 0.820740489024255
 0.99659874386674296
 0.71575489892035005
 0.10690866857780772
 -0.55092960969335636
 -0.90039247786769683
 -0.9712272096662482
 -0.71255826934013666
 -0.1023670206571104
 0.55473501691758409
 0.90236996494666444
 0.97012949938713156
 0.70934677942200919
 0.24873889534825208
 -0.42522738066342897
 -0.82849014143618427
 -0.99836468747738893
 -0.80602334155402411
 -0.38961117419928509
 0.13655565629267968
 0.62425433944085562
 0.97885109125774172
 0.94566435559940187
 0.64608106957776812
 0.011847420072184065
 -0.62781543718359556
 -0.9376951805861069
 -0.94416965564365596
 -0.51796822483325666
 0.14559771938948285
 0.74244194177693867
 0.98067870320139328
 0.94265526511560149
 0.63908294668798704
 0.0027142508996653475
 -0.63489827957422962
 -0.94082952243764828
 -0.98172620227317298
 -0.63556385666181725
 -0.15096620933205945
 0.37615908234565687
 0.79731920643367349
 0.99909125651850716
 0.74301898606732286
 0.29588031770414369
 -0.2346087439461009
 -0.69900780262412576
 -0.99436648797780181
 -0.83404602882728585
 -0.29151500094968152
 0.38460591340230282
 0.80279843518809202
 0.99484017471709107
 0.90663238476110664
 0.4301343611309012
 -0.092419350775549594
 -0.58893824801691086
 -0.91955143387160576
 -0.99112415953073163
 -0.67934600227974873
 -0.056250228351296921
 0.59262281808500161
 0.92133642208986943
 0.95787162097705481
 0.67598778716342178
 0.20367611970904997
 -0.46663278619843457
 -0.8535038514756933
 -0.99994026315875784
 -0.86469043479524876
 -0.34659874936696677
 0.18222648701769353
 0.65971796292075569
 0.98726520282524977
 0.86238753857084249
 0.34231150373757346
 -0.33463246164541943
 -0.769723690212191
 -0.99999838537229402
 -0.77201305843660495
 -0.33801711923289846
 0.33893240150115228
 0.7726309446768147
 0.98867698022951811
 0.85772783948271503
 0.47383495062976799
 -0.043538697587652483
 -0.5486473611136512
 -0.95549601106452198
 -0.92447833088141018
 -0.59917633153129735
 0.04810061880376932
 0.55245965203411107
 0.95683324420089355
 0.92272770475762633
 0.46577226419855994
 -0.052661536885855127
 -0.55626042145876686
 -0.90315903864523062
 -0.99563498366487102
 -0.80763749908038651
 -0.39212605309391713
 0.13384850513027419
 0.73444091888983309
 0.9984678775029745
 0.88614822702694929
 0.52419790220779638
 -0.13837272295586953
 -0.7375325586554845
 -0.97922473141210453
 -0.88402276669574964
 -0.52030344573097032
 -0.010013047761816983
 0.50309805648286454
 0.93833100971718231
 0.98308902348526839
 0.64118202727612839
 0.005446466656266781
 -0.63278499592379212
 -0.98103592407932882
 -0.94204138792272474
 -0.63767090251296954
 -0.00087977196516395852
 0.51097035211053232
 0.87887856028953637
 0.99920398154940382
 0.8380505755510308
 0.29848911345229245
 -0.23195188933175362
 -0.69705133323988455
 -0.99407316861236728
 -0.90968779540689537
 -0.56904057922395446
 0.08514923093521945
 0.7003184896409369
 0.99455926362965252
 0.8330325515970789
 0.43259932229274561
 -0.24082644017776364
 -0.80389089465875141
 -0.99856369517541654
 -0.73563393581916581
 -0.13559200846936478
 0.3905068220229197
 0.80659868263811108
 0.99546921963032331
 0.82794503673297959
 0.42434680629691318
 -0.24968090147450372
 -0.80928964907531076
 -0.99589306163665337
 -0.82537535260802997
 -0.27662050554376355
 0.39889866518032613
 0.89161822963160164
 0.99773598681172548
 0.82278845535517475
 0.41605889162941456
 -0.25851453458985668
 -0.7164338434351224
 -0.97253154049542179
 -0.89796859424785269
 -0.54629825097485496
 0.1124146696063112
 0.60506365761878733
 0.92726435688547848
 0.98825184187956794
 0.66445900241171152
 0.036170674170068154
 -0.48031556574649814
 -0.92896449571977835
 -0.9519054479984026
 -0.53862548430978674
 -0.031606579698358631
 0.61231015769750341
 0.97562917563660601
 0.95049632027062791
 0.53477221143632692
 -0.12601701851596336
 -0.7290575935360607
 -0.9979996801885721
 -0.80959767290581042
 -0.39518878000658209
 0.28050266265589391
 0.73217568374252728
 0.99827797602498924
 0.80690864231013526
 0.24576473929266096
 -0.28488310495740082
 -0.83020514487898067
 -0.9985354528649969
 -0.80420278370808562
 -0.24133553407346375
 0.28925760604766027
 0.83274223452308671
 0.99877210533894034
 0.80148015353013036
 0.23690129582362218
 -0.43624013022962893
 -0.90946982178178148
 -0.96592517977336534
 -0.57973492883124911
 -0.081121071009057535
 0.44034484140373442
 0.83776426097200107
 0.99362561351995793
 0.69414733525730998
 0.076568570188056032
 -0.44444036922624158
 -0.84024909304288897
 -0.99935706938277469
 -0.87694309315205521
 -0.36987364886653651
 0.15765944704572057
 0.64077939301056042
 0.94338981799034627
 0.93851224311500481
 0.62964988253721943
 0.1434132182211777
 -0.38322338967362934
 -0.88377743994263036
 -0.97933096713068779
 -0.73788670264166656
 -0.13889222366261242
 0.38743745727073825
 0.88590502024865936
 0.97839707357332473
 0.73479682639496002
 0.28420205879244498
 -0.24645330073170391
 -0.80732806228184006
 -0.99823605081354361
 -0.82725181834082195
 -0.27982070046704954
 0.25087657493206555
 0.81001447001553151
 0.99600411379319209
 0.9014163428770583
 0.55289682253873451
 0.048624570949613463
 -0.46934537146098876
 -0.92427822099980073
 -0.9894281587390571
 -0.67034093276055851
 -0.044062760124450776
 0.60240764654280876
 0.92601178368240689
 0.98875556026373002
 0.66694520403006563
 0.19171414158187602
 -0.47739064736666098
 -0.85979891506325046
 -0.99999919043919605
 -0.85849662577286689
 -0.47515292767449607
 0.04204280796555189
 0.66883926026355789
 0.95505324215194976
 0.97222579552915267
 0.7155193594217325
 0.25724892448168524
 -0.27348932174976931
 -0.72718478695228606
 -0.997823225944791
 -0.81119843305825856
 -0.39769713668888385
 0.27787907011093738
 0.82611420249337753
 0.99811397490226272
 0.80851949738323936
 0.39350296080787661
 -0.13236456713272088
 -0.73342394586459891
 -0.9779770926331931
 -0.88684106715721245
 -0.52547237649733447
 -0.016076505177411264
