# Created by Octave 8.4.0, Thu Dec 11 09:47:23 2025 IST <gamana@Samsung>
# name: iq
# type: matrix
# rows: 2048
# columns: 1
 0.99706007033948296
 0.81741217677477895
 0.2631763561998442
 -0.41166286191191009
 -0.89785314323009247
 -0.97259255895290297
 -0.71661680183738552
 -0.25876789299367536
 0.41582037352034329
 0.82263935911185238
 0.99631865342087256
 0.81211680656676566
 0.39913916364882279
 -0.27636844752632383
 -0.72923708866562187
 -0.97667740455693652
 -0.88966097771079677
 -0.53068550131166847
 0.13080603864129745
 0.73235430365016874
 0.97764774684509548
 0.94753482023462876
 0.52680937032475517
 -0.13533214306748165
 -0.73545624545231092
 -0.97859770037839833
 -0.88545340033792985
 -0.5229222527763302
 -0.013082302230897626
 0.62685369828083859
 0.93726536135324057
 0.94457581101048138
 0.5190242297318719
 -0.14437579056859726
 -0.74161405106639489
 -0.98043636236127607
 -0.88117195914959878
 -0.37810102247061
 0.29823877688491174
 0.7446697864578582
 0.99919348408392272
 0.87900365099550504
 0.373869386604954
 -0.30259454778575384
 -0.84039127412617853
 -0.99306965479367471
 -0.79305245980539629
 -0.36962995372724544
 0.15791844437680813
 0.75073460377554946
 0.99951855157608782
 0.79026236628191826
 0.36538281225045838
 -0.16242620102223765
 -0.75374355922055913
 -0.98386817811504812
 -0.93683411263050442
 -0.49937338518631758
 0.16693057028402239
 0.75673679541218208
 0.98467487951336408
 0.9352270289765664
 0.49541164415814748
 -0.018883252709112678
 -0.65143590665126416
 -0.98546104560661119
 -0.93360044124798824
 -0.49143957136519584
 0.17592877097638684
 0.76267586066973059
 0.99991852928111491
 0.86561044910871676
 0.48745724964467341
 -0.1804224147503094
 -0.65833821591201358
 -0.95079812180511336
 -0.97541527964386687
 -0.72525496053724303
 -0.27078809389396219
 0.25996060960367884
 0.71747761179131575
 0.99679924583888657
 0.89730870389519868
 0.41053706793381189
 -0.11390231364833965
 -0.7206512132819296
 -0.99715393876895353
 -0.81670014042814298
 -0.40636866435859498
 0.11843811123967478
 0.72380978565701937
 0.99748783614430614
 0.81405635073808913
 0.25757478171841441
 -0.27316494175828576
 -0.82334089515210096
 -0.99780093100154443
 -0.81139558397687261
 -0.39800651997194264
 0.12750220183209923
 0.61709316219078447
 0.9328470854580132
 0.94859455951793425
 0.52963836788862773
 -0.1320303058023965
 -0.73319467094717705
 -0.99836468747738893
 -0.88699683797548301
 -0.38961117419928509
 0.13655565629267968
 0.73629247129767361
 0.97885109125774172
 0.88487879609434716
 0.52186918309512553
 -0.14107815892716888
 -0.62781543718359556
 -0.9376951805861069
 -0.98342331467676902
 -0.75211808378384382
 -0.15998855098596032
 0.50545745710063528
 0.87580690915030124
 0.98258500433542573
 0.74910065255297842
 0.15547900140922769
 -0.509392575397842
 -0.94082952243764828
 -0.98172620227317298
 -0.74606759889611551
 -0.15096620933205945
 0.37615908234565687
 0.88017868087772855
 0.9808469264002444
 0.63203151200921293
 -0.0064191446934956159
 -0.51723086013975772
 -0.88233705536967755
 -0.99888619500537212
 -0.73995487764514356
 -0.141931274197549
 0.38460591340230282
 0.80279843518809202
 0.99484017471709107
 0.83151790381238011
 0.2871436046763976
 -0.38881734154671543
 -0.88659855654745923
 -0.97808644142219958
 -0.73378042994926174
 -0.28276622004933655
 0.39302066094081484
 0.80821069513822219
 0.9981460396596723
 0.82640968317723063
 0.27838293835848393
 -0.39721578392478346
 -0.81089157050291494
 -0.99785768142665632
 -0.82382969408846374
 -0.41772635433529737
 0.10605178105953815
 0.71515280292566097
 0.99652735636496814
 0.82123252410635128
 0.4135728135876256
 -0.11059162740069406
 -0.60360206764425894
 -0.97316389613177423
 -0.89676289601115911
 -0.40941064781652259
 0.11512916736350326
 0.60723674286965779
 0.92828386484757086
 0.98783057403202179
 0.66241465481381889
 0.03344009110984917
 -0.48271020548381566
 -0.92997241689742438
 -0.98710999648029529
 -0.65898665758912811
 -0.028875590832584942
 0.48670460215319011
 0.93164157445709228
 0.9496437689242001
 0.6555449172576302
 0.02431048835748555
 -0.49068884864234602
 -0.86745963149813543
 -0.98560709856610962
 -0.76027435081049699
 -0.17228042356740925
 0.49466286186017294
 0.93492156727054621
 0.94674240283801925
 0.52470834344777251
 0.015178857643599331
 -0.49862655892901125
 -0.87196734401615261
 -0.98402198209493885
 -0.64513795681808295
 -0.16327648362920538
 0.36458047594628912
 0.78973399687906265
 0.99241702790969344
 0.84332102103461049
 0.44953100410935642
 -0.22247354961983337
 -0.69003969817690514
 -0.99296800256705919
 -0.84085803344299925
 -0.30341582116580706
 0.3730699565266074
 0.79530388498163285
 0.99922771763834428
 0.83837750983358095
 0.29906123418645231
 -0.23136869382886627
 -0.79806397900131565
 -0.99400781605094846
 -0.83587950193743465
 -0.43725132659997279
 0.23580907452596009
 0.80080742946930705
 0.99449663319225301
 0.83336406185027223
 0.43313974907902392
 -0.089101359923037027
 -0.70314489208791719
 -0.99496471019671173
 -0.9061106297105701
 -0.56200240479872954
 0.093648972674699113
 0.58993588089067583
 0.92003604147862239
 0.99095922642125844
 0.78272615692098302
 0.20693688761713588
 -0.4636834374954496
 -0.85176299094723662
 -0.99033620859227778
 -0.67507720063547971
 -0.050456800295622002
 0.59728597179663523
 0.97131601931168288
 0.90023004765829273
 0.41660396837504898
 -0.107279713530316
 -0.71601546775071334
 -0.99662942810420063
 -0.8982322503103175
 -0.4124480866102142
 0.111818945495629
 0.60458623758386465
 0.92703973161485742
 0.95347562768427552
 0.54297105604711338
 -0.11635584548700217
 -0.60821749558721294
 -0.97448255748183354
 -0.8941805000132218
 -0.40411060522842152
 0.27114732344725678
 0.82214907306128493
 0.99639216196324176
 0.71402781945683991
 0.25518738245147915
 -0.41918695266203876
 -0.90146435542135384
 -0.99599420274534867
 -0.80994942734813913
 -0.39573941326269363
 0.27992717644922605
 0.82731412497246393
 0.99824262928657892
 0.88796312222442753
 0.52754167927373141
 -0.13447823415134474
 -0.73487204951963647
 -0.99850283949054042
 -0.88585356816572791
 -0.38733520903117857
 0.13900205606516991
 0.62618201549604879
 0.97935339388659615
 0.88372553971140766
 0.38312094629479049
 -0.29305294391531628
 -0.83493216873563958
 -0.99896078384832598
 -0.79910137170836293
 -0.23304515604101525
 0.29741609808837527
 0.74409432488454708
 0.98115889740638251
 0.94182799823717644
 0.63718126234391137
 0.00024429786608070703
 -0.63680461873801897
 -0.98203096550372526
 -0.94028332926573244
 -0.50800803243627723
 0.15706741244782543
 0.64031902366508242
 0.94319080135431788
 0.93871905077095341
 0.50406919266205064
 -0.16157579778514014
 -0.75317694001589408
 -0.98371364343916834
 -0.87280984823294372
 -0.36193154688014623
 0.31480578094371769
 0.75617314737950159
 0.99974099855076903
 0.78516677790719092
 0.21078143130994109
 -0.31913701487203916
 -0.84969672663865436
 -0.99087376897307133
 -0.67797224287591074
 -0.054382640132496808
 0.59412839271847329
 0.97037369558674735
 0.95733275789210193
 0.55389549791049986
 -0.10337033502096588
 -0.59779551949182408
 -0.92381987202654503
 -0.98960133224148428
 -0.77660906097009597
 -0.34484363451068062
 0.33209042260241678
 0.8568404695954106
 0.99998990522421061
 0.77372401677528169
 0.3405534540986504
 -0.33639449366954688
 -0.85918604443060387
 -0.99999999730333922
 -0.77082283663647577
 -0.1884078154729755
 0.4803471147789567
 0.92897781017997383
 0.95189442639165989
 0.66101227105375193
 0.031570627410806427
 -0.48434746518775251
 -0.93065842280746569
 -0.9504851424145031
 -0.65757863622301582
 -0.027005868972753318
 0.61594262837187586
 0.93231962663817081
 0.94905603615612644
 0.53087730334898209
 -0.13058166702803317
 -0.6195338153095219
 -0.97760013965018611
 -0.88767067904748709
 -0.39095657664494093
 0.13510790886644
 0.73530288338788963
 0.99853739825524113
 0.88555855157249197
 0.38674926243339519
 -0.28929203841766388
 -0.83276214929817549
