# Created by Octave 8.4.0, Thu Dec 11 09:47:23 2025 IST <gamana@Samsung>
# name: iq
# type: matrix
# rows: 2048
# columns: 1
 0.99706007033948296
 0.8958330830115131
 0.54224716769547932
 -0.11721173552297842
 -0.60890133064396568
 -0.92906155275357227
 -0.95182505386520067
 -0.53840448048633571
 0.12174574039319934
 0.72610466550790553
 0.9977183133033527
 0.89173695753970295
 0.39913916364882279
 -0.126277206267076
 -0.6161208997466926
 -0.93240144544834269
 -0.94898469904253735
 -0.53068550131166847
 -0.022214290997900961
 0.49251475324559779
 0.86850088041626661
 0.99982764492782827
 0.84949989429398942
 0.31878331613078459
 -0.35801914740060525
 -0.87075548362775734
 -0.99973243577145421
 -0.7559288889967074
 -0.31445154230134043
 0.36227941227075194
 0.87299192731282182
 0.98364649651042202
 0.64353447266247155
 0.1612074989385934
 -0.36653212183670031
 -0.79101851933410983
 -0.99267257301273648
 -0.9146877172569069
 -0.44765705097149988
 0.072984607991762596
 0.57306627895981621
 0.91171342092136254
 0.96450593995209644
 0.57530323197111466
 -0.077538373483401396
 -0.69484718481991314
 -0.9649887322131383
 -0.96328999306189333
 -0.69022950739697697
 -0.22272925180653891
 0.44929670050794807
 0.84318003849283296
 0.99244923265600671
 0.7898948670650332
 0.36482469394694789
 -0.31185672933426212
 -0.75413739896883958
 -0.99966550404728993
 -0.78708613347960132
 -0.21381607161106853
 0.31619243755180926
 0.8480552264261183
 0.99977318748613397
 0.78426098528443078
 0.20935274634661827
 -0.32052155160483159
 -0.85046631654676685
 -0.99067573919877039
 -0.78141948139773487
 -0.3520349582153795
 0.32484398121003566
 0.76306347130970409
 0.99992600201619608
 0.8653101111236956
 0.48693370707140277
 -0.028613416223251562
 -0.65878935756162205
 -0.98706798589555911
 -0.86301208685108277
 -0.34347161125692577
 0.18550142810862433
 0.6622181460394142
 0.95238598048070489
 0.92838136871562715
 0.47893600348116838
 -0.037741799180791728
 -0.66563312401798547
 -0.98849090621939795
 -0.92667456830169237
 -0.60381116136497703
 -0.1108522977199087
 0.54761443469753268
 0.89865934540983339
 0.97216437610049722
 0.60016461899422868
 0.10631258127998891
 -0.55142982772784532
 -0.95647358368258695
 -0.97108426039629825
 -0.59650556024492263
 -0.10177064770085427
 0.55523372073924604
 0.90262816634349929
 0.96998389281815456
 0.59283406142640771
 0.097226591704109466
 -0.55902603440189202
 -0.9045843610622607
 -0.99531849785788795
 -0.80566836007221854
 -0.24373174421850885
 0.429897566468319
 0.83137217755029091
 0.99864669548498619
 0.80295479393864755
 0.23930021665734427
 -0.29126409986974627
 -0.73977842583670239
 -0.99887378497716794
 -0.80022448225587572
 -0.23486369851189498
 0.29562976825788428
 0.83641303144195311
 0.99908004304739784
 0.8803031412508725
 0.51354214370764828
 0.0021147486843296568
 -0.50990837753160867
 -0.87828874934801482
 -0.99925248579709669
 -0.83872373119254717
 -0.44192392822442306
 0.23075041581171793
 0.79768089846240808
 0.99393815228930615
 0.83622815318000376
 0.29530760337493717
 -0.2351914734962077
 -0.6994363906929727
 -0.99442985469023693
 -0.83371513570537759
 -0.29094148332762448
 0.2396276262838915
 0.80315574545163138
 0.99490081834697564
 0.90637927826073139
 0.56252791462795315
 -0.093016272330551625
 -0.70593475145094076
 -0.96894673588189228
 -0.95900345199133619
 -0.55874639580788033
 -0.055651663500177161
 0.59310560008093594
 0.970065839412798
 0.90248296796936045
 0.42132756391753479
 -0.10210611200314788
 -0.71237422369576531
 -0.99618918079676655
 -0.90050656061068934
 -0.41718158624638879
 0.106647885100269
 0.60043432000801411
 0.97224333165312371
 0.95503102527647488
 0.54733224038238693
 0.041967936110490878
 -0.47521886452547285
 -0.92680126506087157
 -0.95366701163178647
 -0.54350458674249169
 -0.037404816318760435
 0.47923200562359664
 0.86086770125102496
 0.98773715340256729
 0.76871908322971561
 0.18517004939254975
 -0.48323515238183556
 -0.93019264499265608
 -0.98701387251156136
 -0.76579026388864402
 -0.18068038726057722
 0.34807306442268504
 0.7787732659358052
 0.99992184282293362
 0.8526835451500393
 0.465241676691655
 -0.053260199497821945
 -0.6771455249584406
 -0.95832196740132169
 -0.96953617140151371
 -0.70762906128587488
 -0.24638067353068496
 0.42742908702497839
 0.82985072709325425
 0.99850087127598641
 0.88587025652170326
 0.38736837114448691
 -0.13896643493271216
 -0.73793727806691978
 -0.97934612166406976
 -0.88374237340992023
 -0.51979138698807437
 -0.0094135720807538813
 0.50361607496346472
 0.87477552854699847
 0.98297906068894725
 0.6407218594334867
 0.15758544581541206
 -0.3699432713764611
 -0.87697910545821811
 -0.99935437981401531
 -0.84020845925899235
 -0.44437323788879984
 0.076643287975348376
 0.69420127614731086
 0.99363405851934006
 0.83772334006891236
 0.44027755868150731
 -0.081195761801170066
 -0.57979598706790159
 -0.96594457262267019
 -0.96229853049964109
 -0.68757003990861654
 -0.067494761286094856
 0.58351071807552257
 0.91689813430433831
 0.99199253296624257
 0.68424690285910295
 0.21469298093651523
 -0.31534061241499911
 -0.75654178775331737
 -0.98462282033713611
 -0.93533258351264548
 -0.62255628822060993
 -0.13440397647307353
 0.39161034781150611
 0.80730683561862249
 0.99558251093546968
 0.90339953837705722
 0.42326080014528156
 -0.099984292727982482
 -0.59506350357818594
 -0.92251149975723845
 -0.99008517609894975
 -0.67374926259620038
 -0.048660498608190064
 0.46931360890895563
 0.85508063289626457
 0.98943337464161174
 0.67036762415931983
 0.044098695398711543
 -0.47334126036248592
 -0.85743953082215774
 -0.98876093864122572
 -0.66697200526659872
 -0.1917494444772776
 0.33748952312738967
 0.77165665661608673
 0.99999923556248349
 0.77008140280426618
 0.18726547958237305
 -0.34178477771582166
 -0.86210363238193932
 -0.98735421953569869
 -0.76716006289163718
 -0.33085456280870268
 0.19865368271168296
 0.77743361915152409
 0.98978889813172288
 0.85379580524712417
 0.46712847976497285
 -0.051130371662921649
 -0.55498564052037891
 -0.9024997516928992
 -0.9700563756655316
 -0.70913440773828773
 -0.097523427558587797
 0.55877871284850988
 0.9044571770741362
 0.99534727955467817
 0.80584499956163036
 0.38933371078062429
 -0.13685407884127185
 -0.73649628324737004
 -0.97891267492501632
 -0.94556636267623406
 -0.52161218484139749
 -0.011546189936041543
 0.62804989089765573
 0.93779981031493309
 0.94407036283704926
 0.51771051148844038
 -0.14589575335871732
 -0.74264371909676485
 -0.98073759098652502
 -0.94255467449628894
 -0.51379804132986961
 0.15041207377887536
 0.63513099580390497
 0.98161937863543991
 0.9410193292635145
 0.50987485595987014
 -0.15492525736894086
 -0.7487292042002629
 -0.98248069470148414
 -0.93946435915820192
 -0.50594103719609163
 0.15943521000682429
 0.75174855637980043
 0.99956503646147654
 0.78932008124946829
 0.21736070412927222
 -0.31274660205987209
 -0.84612607961908715
 -0.99175917517015522
 -0.68290795537107607
 -0.21290091574306116
 0.31708096505067956
 0.84855123219946904
 0.99116376507064319
 0.67956483567759041
 0.20843668732758511
 -0.46232444854239274
 -0.92122043032456113
 -0.99054768434094775
 -0.78083461658108666
 -0.35115804165319037
 0.17744083099573082
 0.76366856384909765
 0.99993695870507238
 0.77797348089658391
 0.19949528290394211
 -0.33004401697533142
 -0.85572031072892407
 -0.98925356281503807
 -0.66945072337818479
 -0.19501829336789572
 0.47442876563596731
 0.92646373697704298
 0.95393673023051972
 0.54425795057319359
 -0.1148328922472336
 -0.60699974742872231
 -0.97413725812455376
 -0.89486588660375632
 -0.54042118413959839
 -0.033738176038133443
 0.48244897976528095
 0.86272877776806922
 0.99997523213711059
 0.76636729425171868
 0.32968888441963923
 -0.34723130615429604
 -0.77820978414336794
 -0.99993266392534941
 -0.8531522147574826
 -0.46603616913778467
 0.20433637786943065
 0.78106958064656473
 0.99986924220881324
 0.76046806291977498
 0.32105246423163464
 -0.20880459865101567
 -0.67984076546067163
