# Created by Octave 8.4.0, Thu Dec 11 09:47:23 2025 IST <gamana@Samsung>
# name: iq
# type: matrix
# rows: 2048
# columns: 1
 0.99706007033948296
 0.81741217677477895
 0.40749676511192734
 -0.11721173552297842
 -0.60890133064396568
 -0.92906155275357227
 -0.95182505386520067
 -0.6608424346775631
 -0.18369847411188231
 0.48454544831307755
 0.9307412043625467
 0.95041478686084535
 0.65740811854692949
 0.17920756624578818
 -0.34947630729317497
 -0.86622816469789188
 -0.99990200276958874
 -0.85190037886372305
 -0.32310844176316006
 0.35375141607369498
 0.86850088041626661
 0.985250469487432
 0.75891061748844191
 0.17021463217652491
 -0.35801914740060525
 -0.87075548362775734
 -0.99973243577145421
 -0.84708169348121221
 -0.31445154230134043
 0.36227941227075194
 0.87299192731282182
 0.98364649651042202
 0.64353447266247155
 0.1612074989385934
 -0.50439146910589572
 -0.8752101648306293
 -0.98281373076484568
 -0.74991820004097443
 -0.15669884238927639
 0.37077718740857579
 0.79380414593267479
 0.99932172244443662
 0.83972129973922371
 0.4435688105502032
 -0.22896505360363265
 -0.69484718481991314
 -0.9649887322131383
 -0.96328999306189333
 -0.69022950739697697
 -0.22272925180653891
 0.44929670050794807
 0.84318003849283296
 0.99244923265600671
 0.7898948670650332
 0.21827493776079607
 -0.31185672933426212
 -0.84562645019083471
 -0.99187874960179634
 -0.78708613347960132
 -0.36056893869878703
 0.31619243755180926
 0.7571285669469523
 0.98477925608846884
 0.93501460739056352
 0.62185347507426159
 0.13351431092211144
 -0.39243624425178625
 -0.88841005886559066
 -0.99818451591765156
 -0.73110392955089265
 -0.27899323612809723
 0.39663251303703095
 0.89049714453735651
 0.97628187600863758
 0.61467493103747084
 0.12445719769369468
 -0.536100052379056
 -0.95098368393158716
 -0.97528298882685538
 -0.72484208350577484
 -0.27021093937455071
 0.26053945541214196
 0.71789508624863763
 0.97301746871639383
 0.9540378449337561
 0.54454082034982465
 0.038638901418714747
 -0.6067317227218294
 -0.92804736212390482
 -0.98792921227539277
 -0.76950837226522373
 -0.3343146628608224
 0.19505651278163802
 0.66947967032100175
 0.95530835070168174
 0.97202373771002759
 0.59968498202758747
 0.10571645577289666
 -0.41803272042146317
 -0.82402079670773087
 -0.99787968638484825
 -0.89063280681465007
 -0.53249193301599296
 0.12869133188280588
 0.73090040896810038
 0.99816650768163051
 0.80801206196580788
 0.3927105539095615
 -0.13321872205747384
 -0.62161987529284335
 -0.97815659495201845
 -0.8864425280371977
 -0.5247389639270722
 0.13774333396782193
 0.625190580887238
 0.97909567349977289
 0.8843196366874182
 0.52084602382819967
 -0.14226507325346605
 -0.74018166945770114
 -0.99890204978572794
 -0.79986481559928813
 -0.23428092150626556
 0.29620242279567877
 0.83674146904181346
 0.99910557284759449
 0.79711562872927277
 0.37584660714244433
 -0.15129955681067098
 -0.6358241714083338
 -0.98179031922762106
 -0.94071519142080873
 -0.50910235623141731
 0.0030514704809131319
 0.51434568859655982
 0.8807471481715512
 0.99903943388803229
 0.83589924592732856
 0.29473478291070099
 -0.23577411851732263
 -0.80078588558721142
 -0.99449286399960557
 -0.83338394294207974
 -0.29036786113974322
 0.38571241797353167
 0.80351276705697883
 0.99859754065805273
 0.7360642443295411
 0.28599488377344656
 -0.38992172563436439
 -0.88715250792626166
 -0.99834535313919615
 -0.7329653126523108
 -0.13169602945785097
 0.39412290151306734
 0.80891620192005398
 0.99583532641194883
 0.82573396474510707
 0.42078379296997381
 -0.10270246429071617
 -0.71279482742527112
 -0.99624128978261961
 -0.9002457090423186
 -0.55064815002270362
 -0.04593131769919901
 0.60091361986429004
 0.97238342408277312
 0.89824805940904495
 0.41248085455083544
 -0.11178320076887521
 -0.71917095471045989
 -0.97343910396101097
 -0.95348647101915107
 -0.66493377380123675
 -0.18906719242150347
 0.47975809707182404
 0.92872907541750638
 0.95209995995565033
 0.66151595720052903
 0.032241729992935481
 -0.48375992560273723
 -0.93041253877199881
 -0.98691739380510735
 -0.65808434474469002
 -0.027677062390549571
 0.61541353166504653
 0.97648425174466691
 0.89007055452283868
 0.53144619835735418
 -0.12991594239927848
 -0.61900661196690854
 -0.97745859982628591
 -0.88797966488985158
 -0.52757223669842357
 -0.018546090785699351
 0.62258678294217984
 0.93534636841227947
 0.98461601216628303
 0.6477074493356495
 0.013979977208803314
 -0.62615396992670891
 -0.97934612166406976
 -0.88374237340992023
 -0.38315417169083399
 0.29301855271703736
 0.74101151269808929
 0.99895914375123918
 0.88159605993130463
 0.37893198159176017
 -0.29738175538438333
 -0.74407029360156574
 -0.98115194723055799
 -0.94184008705436228
 -0.51196717669537917
 0.15252020218339782
 0.63677688436544455
 0.94165156452784582
 0.98126010988344969
 0.74444467168266415
 0.14855967449948912
 -0.51540439232474189
 -0.88133134574818639
 -0.98036992927622912
 -0.63014344195625305
 -0.14404209446919933
 0.51931244306408963
 0.88347991836137973
 0.97945930314329099
 0.62659092130276683
 -0.013419493606462329
 -0.64728028114969927
 -0.94617437850265707
 -0.97852825047564906
 -0.73522771206905113
 -0.13499801673067219
 0.39105865519140504
 0.80695290413982168
 0.99552604418141488
 0.90365644320560368
 0.42380387937971431
 -0.099387774929510453
 -0.71045408205694227
 -0.97050969629949302
 -0.95716975147556826
 -0.55342621957623661
 -0.049259283613090801
 0.59824718058907844
 0.92403546149932281
 0.989520117873813
 0.67081235308410769
 0.044697608200154511
 -0.4728130847931325
 -0.92577170863838576
 -0.95448548382986664
 -0.54579601386796173
 0.11301035331454241
 0.72002850987141109
 0.99708585282110707
 0.8956831742115805
 0.40718878950252729
 -0.26790424016846759
 -0.82022726859247486
 -0.99667232388470672
 -0.71638156055294167
 -0.10780123738777925
 0.41612703440426646
 0.82283104388607065
 0.99774102377887197
 0.81191999367161027
 0.39882994629126045
 -0.27669251862572475
 -0.72946779440294807
 -0.99803740086770543
 -0.8895069447213011
 -0.39463800471769866
 0.13114035477173422
 0.73258388378708994
 0.99831296397730396
 0.88741104275028515
 0.39043783300440948
 -0.28545771561406558
 -0.73568469520097368
 -0.9786670389969816
 -0.94595587526113267
 -0.64676603917887232
 -0.012745109367646898
 0.50073490017408062
 0.93738286894452327
 0.98358570375047472
 0.75270942807255592
 0.30979259712026835
 -0.36684585321390023
 -0.87537324331174171
 -0.98275142388085146
 -0.63977318806970362
 -0.003612003576097977
 0.6342044204286742
 0.94052491117439774
 0.98189664881965666
 0.7466650879372424
 0.15185361630993485
 -0.51254640924252104
 -0.94206652672674507
 -0.93987451980311765
 -0.63272696759215707
 0.0055214035258760244
 0.64123953205676343
 0.94358849556734636
 0.93830509815306196
 0.50303329145536235
 -0.010087981973328627
 -0.52036743992919077
 -0.88405779351868652
 -0.97920953288405665
 -0.73748195008814421
 -0.13829850545761893
 0.52426171766965646
 0.94657336656161561
 0.97827295958773519
 0.62205885630624247
 0.13377424106472693
 -0.52814506197965061
 -0.94803620646607956
 -0.97731598449780854
 -0.61847677409526547
 -0.12924718682223069
 0.53201739187242914
 0.89037777807928542
 0.99791601243492889
 0.82433824438349557
 0.41854186373866809
 -0.10515904404881884
 -0.5992363264894498
 -0.92450689724225354
 -0.95547390137131483
 -0.66989594845132772
 -0.19560625154617511
 0.33378632655868862
 0.76915027238281941
 0.99999636910856871
 0.77258336771307723
 0.33886189807850309
 -0.19031800790633269
 -0.66588474714962409
 -0.98854186490453733
 -0.85818903436324712
 -0.33456184298063663
 0.34238191350790442
 0.7749550010800943
 0.98922088721011936
 0.92482021438637707
 0.47060082853334229
 -0.047203881500806025
 -0.672670926025842
 -0.9898792794040554
 -0.85346479989839097
 -0.46656650589086629
 0.051765004297932744
 0.55551415395589532
 0.95789314023449235
 0.92130728613903012
 0.4625224530463129
 -0.056325047540602191
 -0.67940099123065623
 -0.95919436693370819
 -0.91952198293002108
 -0.58887768312041511
