# Created by Octave 8.4.0, Thu Dec 11 09:47:23 2025 IST <gamana@Samsung>
# name: iq
# type: matrix
# rows: 2048
# columns: 1
 0.99706007033948296
 0.8958330830115131
 0.54224716769547932
 -0.11721173552297842
 -0.72295709950342013
 -0.99739959216031482
 -0.89379434027545168
 -0.40332217000396425
 0.12174574039319934
 0.61251750219373202
 0.9307412043625467
 0.98677225365717247
 0.65740811854692949
 0.026779638075654512
 -0.48853519495787168
 -0.93240144544834269
 -0.94898469904253735
 -0.53068550131166847
 -0.022214290997900961
 0.49251475324559779
 0.86850088041626661
 0.99982764492782827
 0.84949989429398942
 0.45986541708857864
 -0.2111462234393818
 -0.68159522404935846
 -0.96003675884366646
 -0.91834089914126482
 -0.58645480711822251
 -0.089362596629136537
 0.5655575416944385
 0.90792318296106844
 0.966877464742528
 0.7000777311951929
 0.084813229831986955
 -0.56931784686309095
 -0.96255289322519511
 -0.96570177215863195
 -0.57903252519821957
 0.072984607991762596
 0.57306627895981621
 0.91171342092136254
 0.96450593995209644
 0.69352673492061989
 0.07570928483461975
 -0.57680275981140672
 -0.9649887322131383
 -0.91095823285371369
 -0.5715619408474234
 0.082090521919315831
 0.58052721149389108
 0.96617647717373156
 0.90906497418168908
 0.43536466339879998
 -0.23784618978820501
 -0.70138649497904204
 -0.9673440726117527
 -0.90715275704229548
 -0.43124892776542673
 0.24227936376794221
 0.70463424304951916
 0.995172673015283
 0.9052216213146459
 0.56026686158099936
 -0.095736315726760557
 -0.70786729603693477
 -0.99561046985879564
 -0.82710443109173448
 -0.27956888546549696
 0.25113046123705945
 0.71108558651626785
 0.97072572039354965
 0.90130275558293516
 0.4188481031914722
 -0.10482368684166825
 -0.71428904737035315
 -0.99642376475119299
 -0.82193656840597684
 -0.27078809389396219
 0.25996060960367884
 0.81548838195195372
 0.99730982697147408
 0.8193268979110363
 0.26638918140600432
 -0.40862424436305445
 -0.81812296642813798
 -0.9969646812229912
 -0.71893660149723992
 -0.11144808692793674
 0.4127880280337809
 0.820740489024255
 0.99659874386674296
 0.81405635073808913
 0.25757478171841441
 -0.27316494175828576
 -0.82334089515210096
 -0.9962120225343184
 -0.71255826934013666
 -0.1023670206571104
 0.42108968274909531
 0.90236996494666444
 0.97012949938713156
 0.59331675018393693
 -0.055389785075590392
 -0.55852885519347406
 -0.95892908947939692
 -0.91988974850086858
 -0.58963450652884386
 -0.093277415011185888
 0.56231104540088572
 0.96021441765734661
 0.91808919917908804
 0.45523972468607232
 -0.064506769417215074
 -0.68539258362582312
 -0.96147972065093112
 -0.96671507045462812
 -0.58223320594591998
 0.069063291190749512
 0.68871079187901341
 0.99274916027192672
 0.91443069848484515
 0.57851430337155152
 0.079628654059893125
 -0.57358694006433752
 -0.96395014595207851
 -0.91257282341007628
 -0.44299918341678873
 0.078171918816064875
 0.69530405048119537
 0.99380561813976886
 0.91069591671206174
 0.57104038144222402
 -0.082723834708230817
 -0.69857896332837865
 -0.99430276388508065
 -0.83437662218887998
 -0.29208841379980277
 0.38405245367332186
 0.88419715107186758
 0.97914898824755436
 0.62539526394140865
 0.13800311212198571
 -0.38826493978930227
 -0.88632110283631971
 -0.99844715765594805
 -0.82930758483012479
 -0.28334120673102409
 0.39246932867525786
 0.80785750597143202
 0.99566974524942542
 0.9029987624782646
 0.42241465133555023
 -0.10091329755001452
 -0.71153224829542616
 -0.99608388873779541
 -0.90102729271411663
 -0.41827097229126492
 0.25616252262308059
 0.81320678472015173
 0.99647725898724537
 0.82157444968246929
 0.41411857024390175
 -0.26057418318499709
 -0.71792012651268722
 -0.99684984779407693
 -0.81896239820949557
 -0.40995753179140187
 0.26498040949601909
 0.81848822640838625
 0.99720164738798323
 0.89500030478597481
 0.40578794371185678
 -0.1190690886672771
 -0.72424811640638931
 -0.97509220669219054
 -0.95124983067432078
 -0.53682733451047515
 0.12360206503732361
 0.61399494209203975
 0.9760949337410576
 0.9498314418179753
 0.65599751855879018
 0.17736708165689485
 -0.35122820632734286
 -0.86716121786379208
 -0.98570826891097341
 -0.65254389752122577
 -0.020344262404307464
 0.49414175311890252
 0.86942652071316784
 0.98492867732881395
 0.64907666774001871
 0.015778289785674641
 -0.62475065926917805
 -0.93632199100592728
 -0.94545754374526758
 -0.64559590152393109
 -0.16386791309179902
 0.36402216922112618
 0.78936608960874854
 0.99956282363450499
 0.75169913641832509
 0.30833443076377964
 -0.36827175865024248
 -0.87611345131609575
 -0.98246672616909925
 -0.63859405043216355
 -0.15485122372437965
 0.37251366780532164
 0.79494031620580541
 0.99925109459984429
 0.83870414279906091
 0.29963324743650882
 -0.23078541517096848
 -0.79770259086867301
 -0.99394210623815205
 -0.91018508076853288
 -0.43779040550849502
 0.23522643458328552
 0.80044822951654881
 0.99885600883694825
 0.83369527258828502
 0.29090706894304647
 -0.38519242979194951
 -0.80317717488938833
 -0.99490444559418445
 -0.83116473131843149
 -0.28653483390760559
 0.24409366401549021
 0.80588937007528416
 0.99535449721884295
 0.90442520865067211
 0.55871656394038915
 -0.097598008068944031
 -0.70918724252932852
 -0.99578379081597379
 -0.90246747408512684
 -0.42129494192897587
 0.25294053134919425
 0.81126328398642855
 0.99781590590821168
 0.82346931722277905
 0.41714889539108185
 -0.10668365012596807
 -0.71559683472678381
 -0.97225174705330453
 -0.95502035927123841
 -0.54730213598123445
 -0.041931997536306498
 0.60410860025757918
 0.92681477316152028
 0.95365618886001025
 0.54347439274991349
 0.037368871228434644
 -0.60774151779862151
 -0.92851999270471819
 -0.95227213003567746
 -0.53963531540957743
 -0.032804965596094741
 0.48326664367465788
 0.86320055671283991
 0.99996822454106882
 0.76576713127802476
 0.32880721843400595
 -0.3481067851235935
 -0.77879582976059736
 -0.9999213924642798
 -0.76282221590084875
 -0.176151549395721
 0.35238423577072658
 0.78165230057120128
 0.99072651411486423
 0.85026994773283793
 0.46116253536003488
 -0.20971765313373433
 -0.78449247009414003
 -0.99976516991314335
 -0.84785741041611973
 -0.45710561709523079
 0.21418061749182643
 0.78731627909797197
 0.99192614562163972
 0.84542719111020892
 0.3115021277713011
 -0.21863911513264539
 -0.68718904849746187
 -0.96215571853719029
 -0.96608017067692131
 -0.58022330353842955
 -0.081718584555200383
 0.57186812642707308
 0.91111211027294425
 0.9936930172736631
 0.6945787532044726
 0.2286017604034839
 -0.4439032486745963
 -0.83992389067032491
 -0.99933539569536944
 -0.87723105369407695
 -0.50800803243627723
 0.0043224101772478462
 0.64031902366508242
 0.94319080135431788
 0.93871905077095341
 0.63011551142308064
 0.14400649925114328
 -0.38266958558590092
 -0.88349676873254213
 -0.97945204940088282
 -0.73829118999497911
 -0.13948589194904606
 0.52324031723198217
 0.94618601992062401
 0.93553179611124648
 0.62299719676952259
 0.13496237568132852
 -0.52712654000017511
 -0.94765404578221224
 -0.93390888641622483
 -0.61941851343682608
 0.022587388573213293
 0.53100176959233569
 0.88983132295181788
 0.99799266254604868
 0.82501640716173019
 0.41963049864871899
 -0.25471493288791014
 -0.7136856599001008
 -0.97160894686084376
 -0.89969163377941319
 -0.54958679732789917
 -0.044661673882949809
 0.47284478012124487
 0.85714940883112156
 0.98884503286238323
 0.66739177861806664
 0.040099059340839509
 -0.47686378276431401
 -0.92750209581354159
 -0.95310259166351785
 -0.54193356757805911
 -0.035535608536464744
 0.48087284045658313
 0.86181793492797221
 0.99998627298824927
 0.85645540989183011
 0.4716584301397076
 -0.046006176477052733
 -0.67178324665396527
 -0.95622174279616212
 -0.9235338790531944
 -0.5971970165752265
 -0.10262792226900343
 0.55451677129107713
 0.90225689984781032
 0.99582849150478125
 0.70953162771974909
 0.098084259541188476
 -0.42498997723381116
 -0.90421665002543428
 -0.99540141935684101
 -0.80617855486628232
 -0.38985271803506466
 0.28606669089249703
 0.83089296006415125
