# Created by Octave 8.4.0, Thu Dec 11 09:47:23 2025 IST <gamana@Samsung>
# name: iq
# type: matrix
# rows: 2048
# columns: 1
 0.99706007033948296
 0.71979445629436789
 0.2631763561998442
 -0.41166286191191009
 -0.89785314323009247
 -0.97259255895290297
 -0.71661680183738552
 -0.10813648706951674
 0.41582037352034329
 0.82263935911185238
 0.99631865342087256
 0.71342420240216764
 0.25435403320662997
 -0.41996921323270014
 -0.82522724334078956
 -0.99591677378527643
 -0.710216724570086
 -0.24993486888935224
 0.28075440618218883
 0.73235430365016874
 0.97764774684509548
 0.94753482023462876
 0.65049842763434806
 0.17021463217652491
 -0.35801914740060525
 -0.78539783471713998
 -0.99152754231630602
 -0.84708169348121221
 -0.4558054392076315
 0.06387260574650877
 0.5655575416944385
 0.90792318296106844
 0.99452407799023024
 0.8009644889521762
 0.23606395286305812
 -0.29444976525794719
 -0.83573550265197849
 -0.99403645175662203
 -0.69680949900727573
 -0.080262094262641887
 0.57306627895981621
 0.96378086250028872
 0.96450593995209644
 0.69352673492061989
 0.07570928483461975
 -0.44521220012329865
 -0.91358003901312201
 -0.96328999306189333
 -0.69022950739697697
 -0.071154896496347181
 0.58052721149389108
 0.96617647717373156
 0.90906497418168908
 0.43536466339879998
 -0.086640958364850085
 -0.58423955633417979
 -0.9673440726117527
 -0.90715275704229548
 -0.43124892776542673
 0.24227936376794221
 0.80478052944019018
 0.995172673015283
 0.82966251550724124
 0.42712419847488775
 -0.24670748503358705
 -0.70786729603693477
 -0.99561046985879564
 -0.90327160727240496
 -0.55647836159153252
 -0.052923454120163547
 0.46554015275120081
 0.85285967026973009
 0.99992600201619608
 0.77856168107880996
 0.34775691095553296
 -0.3291596362235587
 -0.76600708392244765
 -0.99997112992048121
 -0.86301208685108277
 -0.48293989111003849
 0.18550142810862433
 0.6622181460394142
 0.95238598048070489
 0.97426376220703059
 0.72168845298289652
 0.26581129234256295
 -0.40917133979595066
 -0.89664680196432855
 -0.99691782759704184
 -0.71851977171296921
 -0.1108522977199087
 0.54761443469753268
 0.95513095897934219
 0.92494844217390204
 0.60016461899422868
 0.10631258127998891
 -0.4174880367582457
 -0.82368099394745231
 -0.99784048800762737
 -0.89090525512361429
 -0.5329992784866211
 0.12809678987676251
 0.61756479500956363
 0.977069646269493
 0.94840464974003225
 0.65257115358035622
 0.020380225184827103
 -0.62115016073397611
 -0.93469587767668683
 -0.98493489813929835
 -0.75771473591924188
 -0.31704400784765441
 0.21293898995673863
 0.7865320410317943
 0.999688319633386
 0.84610530983210563
 0.31270958881960326
 -0.2173987400559155
 -0.78934400614948819
 -0.99233871732669821
 -0.84366236101593606
 -0.4500985600028633
 0.070259386309538652
 0.68957962074360624
 0.99289257270480324
 0.91394475181720136
 0.44601589492410787
 -0.074814073870330539
 -0.57456868851859633
 -0.96426848850398295
 -0.96401990181623187
 -0.69220395107927979
 -0.07387994139958845
 0.57830034652362083
 0.96546827697460613
 0.96279588184073128
 0.57005567924401146
 -0.083918673314793177
 -0.58201994412750735
 -0.96664793069210975
 -0.90829909993624047
 -0.4337124315048439
 0.2396276262838915
 0.80315574545163138
 0.99490081834697564
 0.90637927826073139
 0.56252791462795315
 0.060210711553703992
 -0.58942264809752398
 -0.91978685548894856
 -0.95900345199133619
 -0.55874639580788033
 -0.055651663500177161
 0.46312031316029723
 0.8514298767049846
 0.99042414088762409
 0.67554588354773948
 0.051091454836268826
 -0.596776182900982
 -0.92333257210777409
 -0.95637512183597873
 -0.67217172528928704
 -0.046530180664730178
 0.47119581278114436
 0.92507656477813749
 0.95503102527647488
 0.66878354895063952
 0.19413769499189698
 -0.33519734327953327
 -0.85853505300654542
 -0.98843983512506073
 -0.77163187100420239
 -0.18965584981998099
 0.47923200562359664
 0.92850663698750324
 0.98773715340256729
 0.76871908322971561
 0.33315048880552711
 -0.1962676204535162
 -0.67039653886251627
 -0.98943902375805948
 -0.92424961311068343
 -0.46927919879232782
 0.20074345876300026
 0.7787732659358052
 0.99992184282293362
 0.76284547406125769
 0.17618695705555892
 -0.35235057260061453
 -0.78162986490910868
 -0.99985432172435307
 -0.7598847751608806
 -0.1716898524875731
 0.49518379281713676
 0.8700182802033074
 0.99976594875481661
 0.84787648216215594
 0.3158724996931519
 -0.21414548183765864
 -0.68383802411548178
 -0.96089129691787012
 -0.96725854326979932
 -0.70114609033859421
 -0.086305000545913779
 0.43566822324319554
 0.9092054270907165
 0.99419861127584652
 0.79912299636577122
 0.37893198159176017
 -0.29738175538438333
 -0.8374171025283168
 -0.99369705014212939
 -0.79636930825928232
 -0.22863677800280582
 0.44387101636617432
 0.91297014053824677
 0.96369087240910234
 0.69131213729148444
 0.22418865208546143
 -0.30608946424582323
 -0.84237411919693606
 -0.99949029421725744
 -0.87504698682238213
 -0.5041002585096872
 0.16154030008025003
 0.64379255078461561
 0.98370717741206704
 0.87282740331773245
 0.50015098889807286
 -0.013419493606462329
 -0.52320966358971066
 -0.88561006608120318
 -0.99853139581912675
 -0.83016336776258803
 -0.42793577198471555
 0.094842643710131319
 0.70723288415332175
 0.9693987167671404
 0.90365644320560368
 0.55722404967220118
 -0.099387774929510453
 -0.71045408205694227
 -0.97050969629949302
 -0.95716975147556826
 -0.55342621957623661
 -0.049259283613090801
 0.59824718058907844
 0.97160043594038459
 0.95583758460567037
 0.54961684782678955
 -0.10847172445420077
 -0.60190029667792921
 -0.97267091294254582
 -0.95448548382986664
 -0.6674185654672885
 -0.19233778950696631
 0.47683216543617946
 0.8594742475238133
 0.98816003957529952
 0.66401085889695832
 0.035571556033356613
 -0.48084130178777795
 -0.86179968962706266
 -0.99998646081245512
 -0.76754448025858624
 -0.18336698130000104
 0.34551038306063547
 0.86410715897615442
 0.99995226986548125
 0.76460923810912385
 0.17887579425213712
 -0.34979224499924849
 -0.86639660744903924
 -0.98596540036085667
 -0.76165805010351362
 -0.17438087676587846
 0.35406681205242768
 0.7827727936038511
 0.99096927757341313
 0.84932193198522976
 0.31846367064830305
 -0.21147582959131025
 -0.68184193980649765
 -0.99157128980546694
 -0.84690242494468848
 -0.45550525983347107
 0.06420913450765045
 0.56583561865804632
 0.90806447299328763
 0.99448877925552626
 0.69983689313803099
 0.2357362491636617
 -0.2947720194620107
 -0.83592063402922945
 -0.9990411407042995
 -0.88072869288680666
 -0.37723367015195181
 0.29913274172497478
 0.83841835543494314
 0.99923065939848654
 0.79525845451364996
 0.22685050426344353
 -0.44551413093429654
 -0.8408985917021129
 -0.99939933922813762
 -0.79248150281653562
 -0.22240048904039264
 0.30783538028013108
 0.75135307850657385
 0.98321230929285264
 0.93809761595957408
 0.62871794603502085
 0.1422265017441251
 -0.38433058445293944
 -0.80262056584572172
 -0.99480987132116694
 -0.831683545882551
 -0.43040359453384869
 0.24318807400921305
 0.80533619044350724
 0.99526416606126766
 0.82913921057920092
 0.42627703109202647
 -0.24761514744576363
 -0.70852863678803535
 -0.99569770465768859
 -0.90286929118684256
 -0.42214157768151089
 0.10121300589464162
 0.59605557517882457
 0.92298746017821198
 0.98991094582936878
 0.67283614951806536
 0.19949528290394211
 -0.33004401697533142
 -0.85572031072892407
 -0.98925356281503807
 -0.77509612064586564
 -0.19501829336789572
 0.33435138821937543
 0.85807437771197825
 0.9885755490076189
 0.66605133590432475
 0.19053723674310338
 -0.33865178659559625
 -0.86041054963190122
 -0.99999694595634003
 -0.7692929668113283
 -0.18605220648153772
 0.34294512241960362
 0.86272877776806922
 0.98715768600311338
 0.76636729425171868
 0.32968888441963923
 -0.34723130615429604
 -0.86502901377401642
 -0.98641786637543472
 -0.76342563917189665
 -0.17707059926871024
 0.49042894838602247
 0.9331841524385166
 0.98565747509285939
 0.76046806291977498
 0.17257420962805015
 -0.49440363247218816
 -0.86957531788667963
 -0.9997849683101554
