# Created by Octave 8.4.0, Thu Dec 11 09:47:23 2025 IST <gamana@Samsung>
# name: iq
# type: matrix
# rows: 2048
# columns: 1
 0.99706007033948296
 0.81741217677477895
 0.40749676511192734
 -0.11721173552297842
 -0.60890133064396568
 -0.97467563508643473
 -0.95182505386520067
 -0.6608424346775631
 -0.031344426666491253
 0.61251750219373202
 0.9307412043625467
 0.95041478686084535
 0.65740811854692949
 0.17920756624578818
 -0.34947630729317497
 -0.86622816469789188
 -0.99990200276958874
 -0.7618765189682617
 -0.17471292102219657
 0.49251475324559779
 0.86850088041626661
 0.985250469487432
 0.75891061748844191
 0.31878331613078459
 -0.35801914740060525
 -0.78539783471713998
 -0.99973243577145421
 -0.84708169348121221
 -0.31445154230134043
 0.36227941227075194
 0.78821639611625471
 0.99961637728604458
 0.75293139567673473
 0.1612074989385934
 -0.36653212183670031
 -0.8752101648306293
 -0.99947947189198894
 -0.74991820004097443
 -0.30576841154300655
 0.37077718740857579
 0.8774101499200383
 0.99932172244443662
 0.83972129973922371
 0.30141723570001927
 -0.37501452045592854
 -0.87959183670055963
 -0.99914313223323781
 -0.74384495350793745
 -0.14767181956608888
 0.37924403260955986
 0.79932567724122838
 0.99423482618450487
 0.834726723741544
 0.43536466339879998
 -0.086640958364850085
 -0.58423955633417979
 -0.91725607877992499
 -0.99187874960179634
 -0.78708613347960132
 -0.36056893869878703
 0.16752163237433296
 0.64842084563481195
 0.94665791726123827
 0.93501460739056352
 0.49489079104069511
 -0.019482646357389975
 -0.52836776250192941
 -0.94811962245698522
 -0.93338546174226766
 -0.61827065004495774
 -0.12898709931501984
 0.39663251303703095
 0.89049714453735651
 0.99789905398277001
 0.72798059751291655
 0.2746049511819631
 -0.40082051008727831
 -0.89256565897215878
 -0.97528298882685538
 -0.61106639304019938
 0.033177953663624922
 0.53994946709703096
 0.95238598048070489
 0.97426376220703059
 0.72168845298289652
 0.26581129234256295
 -0.26494572488577295
 -0.72106671853433502
 -0.99719895765191047
 -0.89501634929027651
 -0.40582081906933309
 0.11903337424526578
 0.61035550082890577
 0.97508422786670002
 0.89297011361220469
 0.53685768197021277
 0.029510794185211624
 -0.48614937486377335
 -0.93141046865899646
 -0.98647320061060673
 -0.76364340535372321
 -0.32569291987586835
 0.3511945275298724
 0.78085896061920368
 0.99055302875026752
 0.85093822053706958
 0.32137181495173944
 -0.35546668344393723
 -0.86940874861318307
 -0.99979190436578935
 -0.75771473591924188
 -0.31704400784765441
 0.35973142613265052
 0.87165606265217788
 0.999688319633386
 0.75472666710096414
 0.16390339698880679
 -0.50203036872450668
 -0.87388519838325185
 -0.98331443318542888
 -0.7517228585266672
 -0.30836864826151417
 0.22185395632415195
 0.79213950956971435
 0.99289257270480324
 0.84120181769794744
 0.30402127670330764
 -0.2263045458482901
 -0.79491849299250317
 -0.99342572139859497
 -0.91208187615920255
 -0.5738017680491504
 0.079367201190443562
 0.57830034652362083
 0.96546827697460613
 0.91019997911661832
 0.57005567924401146
 0.069324945541670138
 -0.45093483801550066
 -0.84416489419142116
 -0.99222255238622448
 -0.78876855654392963
 -0.21648432361859246
 0.45500618041280882
 0.91798520548608953
 0.99164375835976593
 0.68225186464677556
 0.21202365503335402
 -0.4590680336976013
 -0.84902590539055167
 -0.99981057464028267
 -0.78312149655954333
 -0.20755856471407064
 0.32225870842005994
 0.8514298767049846
 0.99988903171155696
 0.78027343914827174
 0.20308914577979487
 -0.32657842745172744
 -0.85381609152676541
 -0.98978334287695413
 -0.67217172528928704
 -0.19861549143985219
 0.33089133571998847
 0.7671850584004416
 0.98736039633053196
 0.92939328129582277
 0.48133270865788846
 -0.035011369006196995
 -0.66359162882274891
 -0.98807388314734257
 -0.92769806037374358
 -0.47732479867057148
 0.19178768900065554
 0.66700103896563889
 0.95431814982942342
 0.97280090994462021
 0.60234783019754723
 -0.044137625214724266
 -0.54914848010589656
 -0.89946252330987009
 -0.99639521405824028
 -0.71405300238203884
 -0.10448831771420683
 0.55295926305115228
 0.95700731056670041
 0.97064466785397419
 0.59503218556979909
 0.099945520160762913
 -0.55675851408126154
 -0.90341624705829937
 -0.96953617140151371
 -0.59135571103587237
 0.057819868091764065
 0.56054615396318941
 0.95961663851846379
 0.91893247106273235
 0.58766690383236808
 0.090853766772771322
 -0.4315531551349901
 -0.83239022919382866
 -0.99874042183395029
 -0.88374237340992023
 -0.51979138698807437
 -0.0094135720807538813
 0.50361607496346472
 0.87477552854699847
 0.98297906068894725
 0.75051179158575143
 0.30662304814909491
 -0.22364234870074773
 -0.6909070097649046
 -0.99310923099183313
 -0.91319871065743574
 -0.44437323788879984
 0.22809105349444225
 0.79603016489417455
 0.99363405851934006
 0.83772334006891236
 0.29791688543962525
 -0.23253500146994419
 -0.6974810650252522
 -0.99413816389891141
 -0.83522075023473963
 -0.43617269752579141
 0.085746542296763081
 0.58351071807552257
 0.91689813430433831
 0.96104637290971962
 0.68424690285910295
 0.21469298093651523
 -0.45663899873170727
 -0.84757915614794599
 -0.99140542991536318
 -0.78481766561972999
 -0.35714435702152109
 0.31967102992783158
 0.84999372710788945
 0.99984459710808049
 0.78197937237721382
 0.35287510517200593
 -0.1756351618155684
 -0.76248292226100611
 -0.98617728521833581
 -0.86575975137549621
 -0.34859849414428834
 0.18012904807224545
 0.65811368479322485
 0.95070567735066669
 0.97548096374019555
 0.61177679275157582
 0.12081593015695125
 -0.40417915063802895
 -0.89421404774089186
 -0.97446573392032032
 -0.60815801031463523
 0.036844666524188871
 0.54303398381073864
 0.95349821657310452
 0.927011630027469
 0.47571198750746807
 -0.041407887188901399
 -0.66836670923880226
 -0.98903929380659694
 -0.92528930024995593
 -0.60088247193461142
 -0.10720520770894533
 0.55068067745181271
 0.95621121573584256
 0.971298196903853
 0.59722586772224207
 -0.050531642697646817
 -0.55448683748747507
 -0.95753781681130956
 -0.97020180877802364
 -0.59355680841868841
 -0.098120056271630993
 0.42495741676912124
 0.90420128748488515
 0.99540486435650744
 0.70633165536328146
 0.093574363747004757
 -0.42908682841071355
 -0.90614232899702107
 -0.96794835540191537
 -0.58618163086786612
 0.06420913450765045
 0.68517537297528308
 0.9613976952714075
 0.91638893144898803
 0.45143507759741341
 -0.22039375891483476
 -0.68849451687399366
 -0.96264425706104728
 -0.9656141565470755
 -0.57875755451358868
 -0.079925956665632389
 0.57334260201009113
 0.91185190848861342
 0.9934897346948528
 0.69328375107809725
 0.075373027398763642
 -0.44551413093429654
 -0.8408985917021129
 -0.99939933922813762
 -0.79248150281653562
 -0.36875940648814054
 0.15884334603799766
 0.75135307850657385
 0.98321230929285264
 0.93809761595957408
 0.62871794603502085
 0.1422265017441251
 -0.52087928828453178
 -0.8843378293599633
 -0.99867569066952333
 -0.831683545882551
 -0.43040359453384869
 0.092122369915500199
 0.58869718011918903
 0.91943418850261982
 0.99116376507064319
 0.67956483567759041
 0.20843668732758511
 -0.32140871534676829
 -0.85095868832108312
 -0.99987525477503025
 -0.78083461658108666
 -0.35115804165319037
 0.32572976269335335
 0.76366856384909765
 0.99993695870507238
 0.86484021046169868
 0.34687849949630217
 -0.33004401697533142
 -0.85572031072892407
 -0.9999778090407716
 -0.77509612064586564
 -0.19501829336789572
 0.47442876563596731
 0.85807437771197825
 0.9999978049301983
 0.86021878240829364
 0.33829780222421985
 -0.19090652020502316
 -0.77244156263341179
 -0.98863218055096425
 -0.92632207998686111
 -0.60306420744351308
 0.04324072525082754
 0.66973013024156314
 0.9554079826666001
 0.92459199420879312
 0.599415091507563
 0.10538111846440633
 -0.41833903896980068
 -0.82421180562099217
 -0.99790157786616684
 -0.8904794139665555
 -0.53220646707443442
 -0.024009325545807508
 0.49095131665198877
 0.86760946666219851
 0.99985936800275266
 0.85044581771036742
 0.46145907131781477
 -0.057522111266587191
