# Created by Octave 8.4.0, Thu Dec 11 09:47:23 2025 IST <gamana@Samsung>
# name: iq
# type: matrix
# rows: 2048
# columns: 1
 0.99706007033948296
 0.71979445629436789
 0.11267528621267162
 -0.41166286191191009
 -0.82003431881388944
 -0.99669975492155383
 -0.81477298767905471
 -0.40332217000396425
 0.12174574039319934
 0.72610466550790553
 0.9977183133033527
 0.89173695753970295
 0.5345505649007124
 0.026779638075654512
 -0.6161208997466926
 -0.93240144544834269
 -0.98602164326815445
 -0.65396009222976592
 -0.022214290997900961
 0.49251475324559779
 0.93404224138678449
 0.985250469487432
 0.65049842763434806
 0.017648480643128749
 -0.49648404018293579
 -0.87075548362775734
 -0.98445874839776404
 -0.64702319695337762
 -0.16571279352017626
 0.50044297299076146
 0.93726536135324057
 0.94457581101048138
 0.5190242297318719
 -0.14437579056859726
 -0.74161405106639489
 -0.99899969140049327
 -0.88117195914959878
 -0.37810102247061
 0.14889314503908596
 0.63394365677250586
 0.98132503246572256
 0.87900365099550504
 0.373869386604954
 -0.15340739435657474
 -0.7477099918286475
 -0.98219323712585571
 -0.93998963405957092
 -0.6329880670983572
 0.0051841873744737305
 0.64098073219064022
 0.98304095823534621
 0.87461208566586512
 0.50332471182795113
 -0.0097507775814606734
 -0.64447925512746196
 -0.94498052573775193
 -0.93683411263050442
 -0.49937338518631758
 0.014317164436864309
 0.64796433750803051
 0.98467487951336408
 0.87014756089457157
 0.35686575795358699
 -0.31995361916473464
 -0.85015080695475087
 -0.99075723812089034
 -0.78179343507867682
 -0.20547180431535203
 0.46500949206638426
 0.8525464919069532
 0.99991852928111491
 0.77893777070989356
 0.34831893420021354
 -0.1804224147503094
 -0.76562156587699015
 -0.99996639480875027
 -0.77606586166474079
 -0.34403458148482718
 0.33290317762689803
 0.76855130411611672
 0.9999934061281559
 0.8610011287905317
 0.47946219183674782
 -0.037142715594454159
 -0.66518560712459007
 -0.98840003545151311
 -0.9268997341204479
 -0.60428893386840432
 -0.11144808692793674
 0.4127880280337809
 0.820740489024255
 0.99659874386674296
 0.81405635073808913
 0.40219178600183031
 -0.27316494175828576
 -0.72695326304485031
 -0.9759566197678079
 -0.89117738323677409
 -0.39800651997194264
 0.27755511442268971
 0.73008157988849232
 0.99809321681110275
 0.88909638161822035
 0.52963836788862773
 -0.1320303058023965
 -0.6206802229306233
 -0.9344826169515198
 -0.94713933381100757
 -0.64955995649615195
 -0.016413681660202538
 0.49755567898470887
 0.87136207831000456
 0.99970310675110219
 0.84642470283328231
 0.45470586321335715
 -0.065105013155937183
 -0.68582900348661102
 -0.96164433703970265
 -0.96656151042960048
 -0.58174569153089484
 0.06966135126844894
 0.57033270963107596
 0.9103395938539478
 0.99390102147704307
 0.79747748196428803
 0.37640208904310912
 -0.15070692720004675
 -0.74589292680788943
 -0.99926546539418393
 -0.79471385035233399
 -0.37216731045212564
 0.15521990264824989
 0.74892687579832318
 0.99943004815055925
 0.87593347296118218
 0.5056837509888833
 -0.0070186351243288854
 -0.5177438501891326
 -0.88261903416678134
 -0.97982756338423382
 -0.62801956676063164
 0.011585155087853634
 0.64588085493770186
 0.94557904321004638
 0.93619088246932725
 0.62445921898958623
 0.13681547761836058
 -0.38936960356123135
 -0.88687569161064339
 -0.97796144940880547
 -0.73337300308974884
 -0.28219113174004168
 0.39357185195279359
 0.88897629886156937
 0.97699778963959916
 0.73026078847632114
 0.27780708268757176
 -0.39776589243916055
 -0.89105836659263005
 -0.99781828131895878
 -0.72713334434054777
 -0.12323172689716683
 0.40195163755402535
 0.89312185138248557
 0.97500936502297297
 0.61008834407497825
 -0.034412226326070341
 -0.54098853304387418
 -0.95276179274796713
 -0.9739846416439677
 -0.60646362901863526
 -0.1141628857655048
 0.41029789267069405
 0.89719290039186705
 0.99682017986520099
 0.71766028860472586
 0.26021386615355924
 -0.41445822861210652
 -0.82178714924509855
 -0.99644589250719506
 -0.8129895401913837
 -0.25580176557114981
 0.27492919280489736
 0.82438066428653922
 0.99605082436071568
 0.7112699746563621
 0.25138433026619494
 -0.27931705123175316
 -0.73133396242559634
 -0.99820477003535257
 -0.88825520681746439
 -0.52808142658504087
 0.13384850513027419
 0.73444091888983309
 0.9782884930647664
 0.88614822702694929
 0.3879209992123559
 -0.13837272295586953
 -0.7375325586554845
 -0.99871016201380958
 -0.80221808549423934
 -0.23810093781279595
 0.43512852706753002
 0.8345822651241197
 0.99426291516930421
 0.79948325508046658
 0.23366308595342544
 -0.29680932037190372
 -0.83708928455909648
 -0.99376407532853228
 -0.69503578367345586
 -0.077799864163606514
 0.44333372670715848
 0.91272536305760776
 0.99324451062833596
 0.6917451883744351
 0.22477285582009482
 -0.44742250073204154
 -0.84205089924673893
 -0.99270423190419643
 -0.7911789548115935
 -0.22032066295107569
 0.45150194380135911
 0.84450539102537403
 0.9921432504235741
 0.78837777747453541
 0.36252386579059354
 -0.16545413114529683
 -0.75575715845970359
 -0.99972633443905379
 -0.87088442248734499
 -0.49671169676217664
 0.017386237901099992
 0.65029919933927494
 0.98520555414963917
 0.93413588692046379
 0.49274300226057965
 -0.021952071972139286
 -0.53046318017922212
 -0.9489019627736488
 -0.97673368626990587
 -0.72941653362923886
 -0.1265373853312915
 0.53432888159210612
 0.89161822963160164
 0.99773598681172548
 0.72628498216555015
 0.27222911179731163
 -0.25851453458985668
 -0.8146208931956872
 -0.99741846053125105
 -0.82018439892390516
 -0.41190187573353687
 0.1124146696063112
 0.71961235803183343
 0.99703993890935871
 0.89594960831540404
 0.40773626966149795
 -0.26732660262920321
 -0.81988418229177085
 -0.99672101181221351
 -0.71679971094190253
 -0.25902123359623186
 0.41558182680600181
 0.89974004257597251
 0.97158270081850562
 0.71360796805049342
 0.25460768126343408
 -0.27611637049686544
 -0.82507907730420516
 -0.99594041742242911
 -0.71040134292978407
 -0.099313207688725244
 0.55728627378607698
 0.90368853347506051
 0.99551896067913792
 0.70717990245368956
 0.24576473929266096
 -0.42800350042979229
 -0.90563452989963877
 -0.96824878958938965
 -0.70394371380501819
 -0.090220902426703026
 0.56484660844744916
 0.90756163939843948
 0.99461377204279167
 0.80148015353013036
 0.23690129582362218
 -0.29362607469684976
 -0.83526195740363451
 -0.99413005902736373
 -0.69742736225788915
 -0.081121071009057535
 0.44034484140373442
 0.91135903725470646
 0.99362561351995793
 0.79598480591584009
 0.22801809023772057
 -0.30234455038368657
 -0.74753580353931093
 -0.98214392732476352
 -0.87694309315205521
 -0.36987364886653651
 0.15765944704572057
 0.64077939301056042
 0.94338981799034627
 0.98024443682979456
 0.62964988253721943
 -0.0094885067303111005
 -0.51985540455118928
 -0.94489469349560051
 -0.93692582017353565
 -0.4996006065460008
 0.16667196174112739
 0.64776454196252897
 0.9846291034754957
 0.87027678172632683
 0.49563946141864407
 -0.17117305216711148
 -0.75954367243008336
 -0.99984523058057562
 -0.78195695146681665
 -0.35284144865526218
 0.17567057279463055
 0.65469565491376036
 0.94929096237321153
 0.9320494487080756
 0.61535446347816414
 0.12531223791860269
 -0.40003082953286218
 -0.89217673280036824
 -0.99765217058657929
 -0.72543551228183079
 -0.1207802233251128
 0.53922390280909605
 0.89423014886649888
 0.97445765666701689
 0.72228472937476751
 0.26664197777726245
 -0.40838484391845892
 -0.81797211421139282
 -0.99713413031232534
 -0.81685146595519664
 -0.40660830075807419
 0.26851643083041526
 0.82059061821265755
 0.99746922224264523
 0.89335768603351851
 0.53758454875979766
 -0.12271114227330605
 -0.61328608606029378
 -0.97589941772691657
 -0.89129633857472446
 -0.39824712012492786
 0.12724205514016593
 0.61688675308117347
 0.93275256001014872
 0.94867753784339925
 0.52986082427676207
 0.02124182547795625
 -0.62047455498489301
 -0.97785179306862535
 -0.94722344751826693
 -0.64975935062759882
 -0.016675928747218131
 0.49732814920591017
 0.93600637292428479
