# Created by Octave 8.4.0, Thu Dec 11 09:47:23 2025 IST <gamana@Samsung>
# name: iq
# type: matrix
# rows: 2048
# columns: 1
 0.99706007033948296
 0.81741217677477895
 0.2631763561998442
 -0.41166286191191009
 -0.82003431881388944
 -0.99739959216031482
 -0.81477298767905471
 -0.25876789299367536
 0.27197672523161615
 0.82263935911185238
 0.9977183133033527
 0.89173695753970295
 0.5345505649007124
 0.026779638075654512
 -0.6161208997466926
 -0.93240144544834269
 -0.98602164326815445
 -0.7618765189682617
 -0.17471292102219657
 0.35375141607369498
 0.78256289391760381
 0.99092400356524601
 0.92013878115657166
 0.59014764102010608
 0.093910099777458012
 -0.56178544187468848
 -0.96003675884366646
 -0.96803299318482094
 -0.70333136332568646
 -0.089362596629136537
 0.43290333150358423
 0.90792318296106844
 0.966877464742528
 0.58274974275466684
 -0.068429320412764685
 -0.56931784686309095
 -0.90982778912911666
 -0.96570177215863195
 -0.57903252519821957
 0.072984607991762596
 0.57306627895981621
 0.96378086250028872
 0.91283249357463192
 0.4435688105502032
 -0.22896505360363265
 -0.79657321781796253
 -0.99914313223323781
 -0.8372327419467338
 -0.29705977382799137
 0.23340805554780536
 0.79932567724122838
 0.99423482618450487
 0.834726723741544
 0.29269611680139745
 -0.23784618978820501
 -0.70138649497904204
 -0.9673440726117527
 -0.96079785708328713
 -0.5640436772560169
 0.091189587921087126
 0.5879397169116356
 0.91906542379149492
 0.95952171996815627
 0.56026686158099936
 0.057483207986331115
 -0.59162761605977232
 -0.96961871794042342
 -0.95822557211480941
 -0.55647836159153252
 0.10028104696026842
 0.71108558651626785
 0.99602750333649714
 0.82452909748853165
 0.4188481031914722
 -0.25554820013760671
 -0.81283679053972591
 -0.99642376475119299
 -0.82193656840597684
 -0.41469690979581653
 0.10936414063460427
 0.71747761179131575
 0.99679924583888657
 0.89730870389519868
 0.54504354703316671
 -0.11390231364833965
 -0.60625506401228335
 -0.92782390279400195
 -0.9880219015039563
 -0.76989109921219223
 -0.18697249432793983
 0.48162826828313782
 0.862254728491333
 0.98730689364631385
 0.6599150493749707
 0.030110031711012196
 -0.48562539556399231
 -0.93119209952337212
 -0.95003000237158464
 -0.53350643239463069
 -0.025545082696878618
 0.4896123951713961
 0.9328470854580132
 0.98581512268540761
 0.76107601527488455
 0.32193945930560336
 -0.20788843009190797
 -0.67915351091042064
 -0.99108925768113243
 -0.91965447150011992
 -0.458768420102943
 0.06054731728429652
 0.56280668962743263
 0.90652169075643541
 0.96772249425417678
 0.70245292795551217
 0.088132491563609597
 -0.56657560757064096
 -0.96164433703970265
 -0.91602919982827036
 -0.4506338234743309
 0.06966135126844894
 0.68914533015244894
 0.99282104490079037
 0.84152583106705137
 0.30459234863209911
 -0.37192385559131702
 -0.87800195033943063
 -0.98172620227317298
 -0.74606759889611551
 -0.30023946390148659
 0.23016704923830103
 0.69573479843258723
 0.96531192032584046
 0.9629577125917067
 0.57054813287203821
 0.069922994692288284
 -0.45039966562289363
 -0.91592396357618688
 -0.96171624803204947
 -0.56679171182125632
 0.087871226153273418
 0.5852413956952025
 0.96765636088201856
 0.96045472696749501
 0.68269004969697578
 0.21260949086681319
 -0.31736381384729234
 -0.84870900418237416
 -0.99112415953073163
 -0.7834941685839707
 -0.35515146651018259
 0.32169112912610048
 0.85111530279515479
 0.99987992114534174
 0.86697529797926964
 0.48984107340721511
 -0.025282884424066471
 -0.6562791438151202
 -0.98652842266602814
 -0.86469043479524876
 -0.48585465799489252
 0.18222648701769353
 0.76680038323000432
 0.98726520282524977
 0.92961438575819666
 0.61008834407497825
 0.1186985440550069
 -0.40612900000404117
 -0.81654875871836308
 -0.99694422685007722
 -0.81827376236426919
 -0.40886361669740878
 0.26613636670920432
 0.72192184238340473
 0.99729056693318985
 0.89446482546867812
 0.53966559836386452
 0.032840916452987139
 -0.48323515238183556
 -0.86318239617788683
 -0.98701387251156136
 -0.65853561950740669
 -0.028276331692887669
 0.6149408894302183
 0.97635482996805922
 0.94945575472370036
 0.65509208035033761
 0.023711157232476316
 -0.49121112914774684
 -0.93350642899691172
 -0.94801236134682287
 -0.65163487930751562
 -0.1716898524875731
 0.35662073253939414
 0.8700182802033074
 0.98472058781311855
 0.75690822893261911
 0.16718916734334063
 -0.49914612947357034
 -0.93674234064043382
 -0.94506629297245326
 -0.64467978024642647
 -0.16268499548422688
 0.50309805648286454
 0.93833100971718231
 0.94356367941495367
 0.64118202727612839
 0.15817743084431238
 -0.50703949142794102
 -0.93990010998605222
 -0.94204138792272474
 -0.51248206157902254
 -0.00087977196516395852
 0.51097035211053232
 0.94144960872359518
 0.98137545065624499
 0.63414647918112677
 -0.0036869410735316153
 -0.63983078090230217
 -0.94297947361517021
 -0.93893789853280041
 -0.63060883078210594
 0.0082535772213779592
 0.64333369463803269
 0.98359922291909652
 0.87311982178659209
 0.36252386579059354
 -0.31420255319168883
 -0.75575715845970359
 -0.98441265345254958
 -0.87088442248734499
 -0.35826403244495147
 0.16995617082962328
 0.65029919933927494
 0.98520555414963917
 0.93413588692046379
 0.49274300226057965
 -0.17445466609343432
 -0.76170660622616937
 -0.99989829655683926
 -0.86635918424039315
 -0.34972204005644508
 0.32717899269765544
 0.76465753306271111
 0.99995299922151237
 0.77700924197656385
 0.34544005915608184
 -0.18344064817265887
 -0.76759251303591824
 -0.99998684795731974
 -0.86176167500221723
 -0.48077559422967447
 0.18792794758620526
 0.66406688989070484
 0.9531361518906446
 0.9274606306198625
 0.47676629402108173
 -0.040209878126289261
 -0.66747436862954301
 -0.98886154633826362
 -0.85709227829338019
 -0.33255124967947286
 0.19689069525206784
 0.77630116135875893
 0.98953093577264317
 0.92400680960145565
 0.4687179486717028
 -0.049334130498314532
 -0.55348863374498325
 -0.9017236907083076
 -0.97049162886470242
 -0.71040134292978407
 -0.099313207688725244
 0.55728627378607698
 0.90368853347506051
 0.99551896067913792
 0.80690864231013526
 0.3909896837275314
 -0.13507226835580494
 -0.62308394802830314
 -0.93557096785863769
 -0.94615012161663581
 -0.52314579966074126
 -0.013344562320217936
 0.62664932234565274
 0.9371738928716784
 0.94466188428579101
 0.51924840075931933
 -0.14411625057484284
 -0.74143807910168669
 -0.98038470181884685
 -0.94315394611726344
 -0.51534017297971846
 0.14863378052513182
 0.6337407907534014
 0.94032107584758051
 0.94162633855895717
 0.51142119782764928
 -0.00035520609580435376
 -0.5120315473723116
 -0.94186526817621741
 -0.98113746362030607
 -0.63319109472817048
 0.0049219077360410637
 0.64077939301056042
 0.94338981799034627
 0.93851224311500481
 0.62964988253721943
 0.1434132182211777
 -0.51985540455118928
 -0.94489469349560051
 -0.97933096713068779
 -0.6260955390552706
 -0.13889222366261242
 0.38743745727073825
 0.8046248177948423
 0.99514689847830351
 0.90533304465219033
 0.56048409449701031
 -0.095475234185722443
 -0.5914161401871515
 -0.96955452460525537
 -0.90338411376138905
 -0.42322821055179527
 0.10002008265532036
 0.71090114945891436
 0.99600411379319209
 0.8246774739692172
 0.41908625650456766
 -0.10456284521516176
 -0.59875627262871844
 -0.971750610450137
 -0.9556506286681602
 -0.54908585102167817
 -0.044062760124450776
 0.60240764654280876
 0.97281826606090593
 0.95429575624973262
 0.54526342836913111
 0.039500030374461016
 -0.60604645730021167
 -0.97386563363520129
 -0.95292098208008913
 -0.66353556621801379
 -0.187230145560146
 0.34181858154243305
 0.86212185909528127
 0.98734851654820388
 0.66011209043206842
 0.030372194738322415
 -0.61328608606029378
 -0.97589941772691657
 -0.95011184358475875
 -0.65667484806848442
 -0.17825053310852398
 0.35038750391824242
 0.86671376067056971
 0.99988791254349441
 0.76124612228590061
 0.32218776733811588
 -0.35466104879522864
 -0.86898262245016622
 -0.9998091133022865
 -0.75827684451423649
 -0.16925605113976636
 0.49732814920591017
 0.87123336167618004
