# Created by Octave 8.4.0, Thu Dec 11 09:47:23 2025 IST <gamana@Samsung>
# name: iq
# type: matrix
# rows: 2048
# columns: 1
 0.99706007033948296
 0.81741217677477895
 0.40749676511192734
 -0.11721173552297842
 -0.60890133064396568
 -0.97467563508643473
 -0.89379434027545168
 -0.53840448048633571
 0.12174574039319934
 0.61251750219373202
 0.9307412043625467
 0.95041478686084535
 0.65740811854692949
 0.17920756624578818
 -0.48853519495787168
 -0.86622816469789188
 -0.99990200276958874
 -0.85190037886372305
 -0.46391580451806957
 0.054755275299491701
 0.67824652386242867
 0.99092400356524601
 0.84949989429398942
 0.31878331613078459
 -0.2111462234393818
 -0.68159522404935846
 -0.96003675884366646
 -0.96803299318482094
 -0.58645480711822251
 0.06387260574650877
 0.6849297096298741
 0.99211040285063745
 0.84464582685674738
 0.31011321061357677
 -0.36653212183670031
 -0.8752101648306293
 -0.98281373076484568
 -0.74991820004097443
 -0.30576841154300655
 0.22451727661408843
 0.69155575910797984
 0.9932140410785969
 0.83972129973922371
 0.4435688105502032
 -0.077538373483401396
 -0.69484718481991314
 -0.99373479575595003
 -0.8372327419467338
 -0.43947131954170243
 0.082090521919315831
 0.69812411955698905
 0.96617647717373156
 0.96205395684648265
 0.68691788519972474
 0.21827493776079607
 -0.31185672933426212
 -0.84562645019083471
 -0.99187874960179634
 -0.68359193739244539
 -0.21381607161106853
 0.45743750616528306
 0.8480552264261183
 0.99977318748613397
 0.78426098528443078
 0.35630566381819206
 -0.17202205632633658
 -0.76010394507765244
 -0.98556272514868337
 -0.93338546174226766
 -0.61827065004495774
 0.024048282052691987
 0.53223945734323408
 0.94956155470422277
 0.97628187600863758
 0.61467493103747084
 0.12445719769369468
 -0.40082051008727831
 -0.89256565897215878
 -0.97528298882685538
 -0.61106639304019938
 -0.11992470052882938
 0.40500014806224366
 0.89461555903131029
 0.97426376220703059
 0.60744511130886403
 0.11538970234524717
 -0.54378762121797686
 -0.95376841510680677
 -0.92667456830169237
 -0.60381116136497703
 -0.1108522977199087
 0.54761443469753268
 0.95513095897934219
 0.92494844217390204
 0.60016461899422868
 -0.046867033747573464
 -0.55142982772784532
 -0.95647358368258695
 -0.9232030263304648
 -0.46686474663636957
 0.20341932760986636
 0.78048430577675221
 0.99047064063879786
 0.92143835717186395
 0.46282140941885924
 -0.055988358703845706
 -0.67915351091042064
 -0.99108925768113243
 -0.84884768600070171
 -0.31761252689779229
 0.3591719908072325
 0.87136207831000456
 0.98424111581431162
 0.75511982966047653
 0.31327897070961552
 -0.36343022125511892
 -0.78897579815913343
 -0.99226447206662238
 -0.91602919982827036
 -0.4506338234743309
 0.22126935221527527
 0.68914533015244894
 0.99282104490079037
 0.9141878894328731
 0.57802520069364793
 0.079031039481038554
 -0.57407791745470427
 -0.91222008763525775
 -0.96417909475583619
 -0.69263648984203974
 -0.22597606066310341
 0.44631769078305872
 0.84138411242655475
 0.99943004815055925
 0.87593347296118218
 0.36792477034572635
 -0.30868941789305326
 -0.7519452059868672
 -0.98337572251258365
 -0.87372121466920871
 -0.3636745572016995
 0.31302987997501996
 0.84628500582049038
 0.99172092001569312
 0.68269004969697578
 0.21260949086681319
 -0.45853535123706013
 -0.84870900418237416
 -0.99112415953073163
 -0.67934600227974873
 -0.056250228351296921
 0.46258889234239531
 0.85111530279515479
 0.99050672924155281
 0.78064825179414798
 0.35087876671096063
 -0.17773434348514575
 -0.7638610846955558
 -0.99994026315875784
 -0.86469043479524876
 -0.48585465799489252
 0.029847866612347472
 0.65971796292075569
 0.9513648645896583
 0.97500936502297297
 0.61008834407497825
 0.1186985440550069
 -0.54098853304387418
 -0.95276179274796713
 -0.9739846416439677
 -0.72083302870849542
 -0.1141628857655048
 0.54482362820236752
 0.89719290039186705
 0.97293960590383544
 0.71766028860472586
 0.26021386615355924
 -0.41445822861210652
 -0.89920037971003641
 -0.99644589250719506
 -0.8129895401913837
 -0.40051154007206008
 0.12479178969424104
 0.72821175405807848
 0.97635482996805922
 0.94945575472370036
 0.65509208035033761
 0.17618695705555892
 -0.35235057260061453
 -0.78162986490910868
 -0.99072162615565063
 -0.85028888000473257
 -0.46119445201813503
 0.20968248266632986
 0.78447016306265849
 0.99976594875481661
 0.75690822893261911
 0.16718916734334063
 -0.49914612947357034
 -0.93674234064043382
 -0.98391506537880058
 -0.64467978024642647
 -0.16268499548422688
 0.36513865163940556
 0.79010162031504583
 0.99952665500974269
 0.84299868999530825
 0.30719361949593094
 -0.2230579892443621
 -0.79289266197034569
 -0.99303879523100436
 -0.91344285313471929
 -0.57652725677815253
 -0.0772021633450269
 0.57557902585817122
 0.91297014053824677
 0.9931747655467954
 0.69131213729148444
 0.22418865208546143
 -0.44795857031246838
 -0.91482395692723983
 -0.96246141992976164
 -0.68800522698678646
 -0.21973585073413712
 0.45203678212348919
 0.91665869474579109
 0.96121189540502372
 0.68468396839564494
 0.21527846681165561
 -0.4561055667485257
 -0.84726086568929992
 -0.99148368207262383
 -0.68134843078258478
 -0.05897792840350171
 0.4601648393334698
 0.84967775999932593
 0.99087861687119372
 0.67799868370998118
 0.054418557105745877
 -0.46421451522251034
 -0.8520769343569492
 -0.99025288698631997
 -0.77950044137544672
 -0.20187974966664896
 0.46825450996007534
 0.85445833872757682
 0.9999586319136059
 0.77663172110021084
 0.19740496596936324
 -0.3320564935482308
 -0.76797662005141698
 -0.98755537645856961
 -0.86145738380298953
 -0.48024983659958298
 0.036245563027500163
 0.5425304763448201
 0.89598288993909425
 0.97356728359948941
 0.7195603208637491
 0.11234020629758215
 -0.41197016019304566
 -0.89800156890714844
 -0.97251409436198921
 -0.60136156986289846
 0.045371365888891541
 0.67131238493471701
 0.98961727890937345
 0.85441940454648735
 0.46818829390851685
 -0.049932895571018494
 -0.55398783516922856
 -0.90198270191125685
 -0.97034689319511946
 -0.70997928631879803
 -0.24960833620042683
 0.42441466144202417
 0.9039450729211691
 0.99546209140484987
 0.80655438456449347
 0.24518357827358583
 -0.28545771561406558
 -0.73568469520097368
 -0.99856770736082057
 -0.88529663390267133
 -0.52263478249728768
 0.14018932395002348
 0.73877016397742057
 0.97959507615814501
 0.88316376227426374
 0.51873595737724332
 0.0081786417543016701
 -0.63066698845287272
 -0.93896368106054662
 -0.98275142388085146
 -0.74969507541622005
 -0.3054473240688339
 0.22484587561108255
 0.6917993022821437
 0.9638707429922535
 0.91269474280555418
 0.57502737266173032
 -0.077874574804260743
 -0.57707819725182719
 -0.96507712748675856
 -0.96319940693050832
 -0.57128519866632965
 0.082426600067351322
 0.58080175758021402
 0.96626338538553846
 0.90892441789562195
 0.43506105404562229
 -0.23817371995497297
 -0.7016268198592065
 -0.96742949194927785
 -0.90701080238006038
 -0.56376518666406916
 -0.061705188177938824
 0.45773735113543396
 0.91919827200598381
 0.99124310746588995
 0.78405171832161935
 0.2090229862197191
 -0.46179277882615533
 -0.92098703315352426
 -0.99062973958423328
 -0.67664908345507713
 -0.20455497621431026
 0.32516289542069804
 0.76328138178410543
 0.98638116107680518
 0.9316143409800689
 0.61440890274510263
 0.12412259154013992
 -0.40112943452200633
 -0.81338206817485037
 -0.99650247768692635
 -0.89890508186728502
 -0.41384434611591675
 0.11029519876566761
 0.60336424775845621
 0.92646373697704298
 0.9885755490076189
 0.66605133590432475
 0.038301930067534518
 -0.47844386165224989
 -0.92817291142478686
 -0.98787691854701487
 -0.7692929668113283
 -0.33399682605863357
 0.1953872453297896
 0.66973013024156314
 0.9554079826666001
 0.97194447508911341
 0.71468122685808155
 0.25609008430907576
 -0.27464242069930522
 -0.72800731316679657
 -0.99790157786616684
 -0.8904794139665555
 -0.53220646707443442
 -0.024009325545807508
 0.49095131665198877
 0.86760946666219851
 0.98555612674180193
 0.76007862319274933
 0.32048463949455619
 -0.20939085042749581
