# Created by Octave 8.4.0, Thu Dec 11 09:47:23 2025 IST <gamana@Samsung>
# name: iq
# type: matrix
# rows: 2048
# columns: 1
 0.99706007033948296
 0.81741217677477895
 0.40749676511192734
 -0.11721173552297842
 -0.72295709950342013
 -0.99739959216031482
 -0.89379434027545168
 -0.40332217000396425
 0.12174574039319934
 0.61251750219373202
 0.9307412043625467
 0.98677225365717247
 0.7648265315825612
 0.32742682899836506
 -0.20221001589228241
 -0.77971163284007661
 -0.99990200276958874
 -0.85190037886372305
 -0.32310844176316006
 0.35375141607369498
 0.78256289391760381
 0.99982764492782827
 0.75891061748844191
 0.31878331613078459
 -0.2111462234393818
 -0.78539783471713998
 -0.99973243577145421
 -0.84708169348121221
 -0.4558054392076315
 0.21560776862847272
 0.78821639611625471
 0.99961637728604458
 0.84464582685674738
 0.451735955545704
 -0.22006481733715735
 -0.68824991106358091
 -0.99267257301273648
 -0.9146877172569069
 -0.57903252519821957
 0.072984607991762596
 0.57306627895981621
 0.91171342092136254
 0.99352809498320716
 0.69352673492061989
 0.07570928483461975
 -0.57680275981140672
 -0.91358003901312201
 -0.96328999306189333
 -0.69022950739697697
 -0.22272925180653891
 0.44929670050794807
 0.84318003849283296
 0.99953697267526553
 0.87432127497765744
 0.36482469394694789
 -0.31185672933426212
 -0.84562645019083471
 -0.99966550404728993
 -0.87209571834185651
 -0.36056893869878703
 0.16752163237433296
 0.7571285669469523
 0.99977318748613397
 0.86985197422915883
 0.35630566381819206
 -0.17202205632633658
 -0.65189063542320946
 -0.98556272514868337
 -0.86759008943263682
 -0.3520349582153795
 0.32484398121003566
 0.85285967026973009
 0.99004323693862828
 0.67352883541892117
 0.20041309089354509
 -0.46957695504264702
 -0.85523523768182264
 -0.99997112992048121
 -0.86301208685108277
 -0.48293989111003849
 0.033177953663624922
 0.53994946709703096
 0.95238598048070489
 0.97426376220703059
 0.72168845298289652
 0.11538970234524717
 -0.40917133979595066
 -0.8184675601388407
 -0.99719895765191047
 -0.81635404255404231
 -0.26140610184024543
 0.41333399829856854
 0.89865934540983339
 0.99654916134521687
 0.81370802101913009
 0.2569954597374593
 -0.4174880367582457
 -0.90065314739641111
 -0.97108426039629825
 -0.71213752157466126
 -0.10177064770085427
 0.55523372073924604
 0.90262816634349929
 0.96998389281815456
 0.70892408580754163
 0.24815818877633955
 -0.28251463140679067
 -0.82882571694540641
 -0.998398779306784
 -0.80566836007221854
 -0.24373174421850885
 0.28689235719527861
 0.73669800137329189
 0.9789735583027539
 0.88459937535560251
 0.38484800857883378
 -0.29126409986974627
 -0.73977842583670239
 -0.97989489953272035
 -0.88246046011956136
 -0.38062901780274139
 0.29562976825788428
 0.74284342228831535
 0.98079580514366582
 0.8803031412508725
 0.37640208904310912
 -0.15070692720004675
 -0.6353613396672978
 -0.9816762563472855
 -0.87812746374023176
 -0.5096182613695085
 0.002451968787792662
 0.51383147181467992
 0.94256769103511717
 0.93936212190982626
 0.5056837509888833
 -0.0070186351243288854
 -0.5177438501891326
 -0.94408321150734609
 -0.97982756338423382
 -0.7395514844487685
 -0.14133781382581198
 0.38515923490199494
 0.88475658864781193
 0.97890471388091427
 0.62445921898958623
 0.13681547761836058
 -0.38936960356123135
 -0.88687569161064339
 -0.99837964680481783
 -0.82863699236744714
 -0.42546475484063667
 0.097562209492346161
 0.59310560008093594
 0.92156932342057896
 0.99042414088762409
 0.78027343914827174
 0.20308914577979487
 -0.46716293429097694
 -0.92333257210777409
 -0.98978334287695413
 -0.77740910920537365
 -0.19861549143985219
 0.33089133571998847
 0.7671850584004416
 0.99998338686828148
 0.77452856646619817
 0.19413769499189698
 -0.47521886452547285
 -0.92680126506087157
 -0.95366701163178647
 -0.66538142519188515
 -0.18965584981998099
 0.47923200562359664
 0.92850663698750324
 0.95228310934829397
 0.53966559836386452
 0.032840916452987139
 -0.61133329545709125
 -0.9753574455450581
 -0.89241354939925388
 -0.53581535530827096
 0.12479178969424104
 0.6149408894302183
 0.93185925391478641
 0.98627000753600025
 0.65509208035033761
 0.023711157232476316
 -0.49121112914774684
 -0.86775773336314854
 -0.99985432172435307
 -0.7598847751608806
 -0.32020210376883135
 0.20968248266632986
 0.78447016306265849
 0.99976594875481661
 0.75690822893261911
 0.3158724996931519
 -0.36088345518522658
 -0.78729410116229492
 -0.99965672575733444
 -0.84544640193264708
 -0.31153630812522931
 0.21860401502443746
 0.79010162031504583
 0.99952665500974269
 0.84299868999530825
 0.44899540760658252
 -0.071491258666853949
 -0.57183861803164726
 -0.96338046964987745
 -0.96490022720293422
 -0.57652725677815253
 0.076045533660961007
 0.57557902585817122
 0.96459493207099567
 0.96369087240910234
 0.69131213729148444
 0.22418865208546143
 -0.44795857031246838
 -0.84237411919693606
 -0.99263176838203893
 -0.68800522698678646
 -0.21973585073413712
 0.31043378884142714
 0.8448263018309673
 0.99206806997202313
 0.78800882612502365
 0.36196507827028734
 -0.16604534267755786
 -0.64728028114969927
 -0.98451791381517395
 -0.87058961707697269
 -0.35770425901355962
 0.31910292536187457
 0.84967775999932593
 0.99087861687119372
 0.67799868370998118
 0.054418557105745877
 -0.46421451522251034
 -0.8520769343569492
 -0.99025288698631997
 -0.77950044137544672
 -0.34916032984535117
 0.17953931786032531
 0.76504373808146187
 0.98682686534507946
 0.93061783695940536
 0.48425043128684137
 -0.18402994603395961
 -0.76797662005141698
 -0.99998974295339804
 -0.77374680424103814
 -0.19292606540949148
 0.33636061951733709
 0.85916763922364559
 0.99999999929803707
 0.85912929147213657
 0.33629004696919496
 -0.34065773071631095
 -0.77379427491261488
 -0.9889505977893237
 -0.8567832820780219
 -0.47221868416594392
 0.045371365888891541
 0.55018016296902827
 0.90000152013413215
 0.97144062343148863
 0.71318786016985414
 0.25402788856811498
 -0.42027523032400022
 -0.90198270191125685
 -0.99588627415353737
 -0.80924562749002904
 -0.39463800471769866
 0.28107804804847464
 0.82798706032986946
 0.99546209140484987
 0.80655438456449347
 0.24518357827358583
 -0.28545771561406558
 -0.83053919395180253
 -0.99856770736082057
 -0.88529663390267133
 -0.52263478249728768
 -0.012745109367646898
 0.50073490017408062
 0.87315635203302644
 0.99960698059496689
 0.75270942807255592
 0.16087467946475087
 -0.50468262234372585
 -0.93896368106054662
 -0.94295452778891731
 -0.63977318806970362
 -0.003612003576097977
 0.50861981940315182
 0.87757187876108522
 0.98189664881965666
 0.7466650879372424
 0.30109568094123251
 -0.22929330316701357
 -0.79677703679194523
 -0.99377242836424529
 -0.91081907787510319
 -0.4391683835773984
 0.23373594883195828
 0.69836552224373061
 0.96626338538553846
 0.96196188827345819
 0.56753111057003847
 0.066262548155808801
 -0.45367237737390509
 -0.84580640228606607
 -0.99967416865729253
 -0.78687807629106243
 -0.36025438120915887
 0.16785407835510183
 0.64867752905396447
 0.94676652961209029
 0.97814849400595127
 0.62158935063365273
 0.13318010153099763
 -0.52865403833390945
 -0.94822677574888892
 -0.933264388344899
 -0.6180055709143798
 0.024385404138185334
 0.65560150530830985
 0.94966724670251723
 0.97620881102840229
 0.61440890274510263
 -0.028950497499741039
 -0.53638468848563203
 -0.95108791243206647
 -0.97520842120142426
 -0.61079942113405361
 -0.11958990645928266
 0.40530845177862374
 0.89476619086006459
 0.9741876934915108
 0.60717720135664366
 -0.038078777750887242
 -0.66588474714962409
 -0.98854186490453733
 -0.92654776616293766
 -0.60354231895386923
 0.042641774270994789
 0.66928481552472607
 0.98922088721011936
 0.92482021438637707
 0.47060082853334229
 -0.047203881500806025
 -0.672670926025842
 -0.95657193676094487
 -0.97100369805400089
 -0.71190073847071889
 -0.10143517182540703
 0.42193912522092825
 0.82645187614190396
 0.99571837246654993
 0.70868620867103405
 0.096890962859445942
 -0.42607501114555518
 -0.90472806512921378
 -0.96877974656918697
 -0.58887768312041511
