# Created by Octave 8.4.0, Thu Dec 11 09:47:23 2025 IST <gamana@Samsung>
# name: iq
# type: matrix
# rows: 2048
# columns: 1
 0.99706007033948296
 0.81741217677477895
 0.40749676511192734
 -0.26757933088703667
 -0.72295709950342013
 -0.99739959216031482
 -0.81477298767905471
 -0.25876789299367536
 0.27197672523161615
 0.82263935911185238
 0.99631865342087256
 0.81211680656676566
 0.39913916364882279
 -0.27636844752632383
 -0.72923708866562187
 -0.99801622712169602
 -0.80944368883232731
 -0.39494783328271993
 0.28075440618218883
 0.73235430365016874
 0.9982933274023793
 0.80675369022336518
 0.24551049220311386
 -0.28513450973044718
 -0.73545624545231092
 -0.99854960836650131
 -0.80404686683955928
 -0.38654055032865986
 0.13985542515412888
 0.73854284938133441
 0.99878506466934591
 0.88332189054261379
 0.5190242297318719
 0.0085158509884466927
 -0.50439146910589572
 -0.8752101648306293
 -0.98281373076484568
 -0.64003232751865924
 -0.0039492221486906965
 0.63394365677250586
 0.98132503246572256
 0.87900365099550504
 0.51119579255227765
 -0.15340739435657474
 -0.63746884165893469
 -0.98219323712585571
 -0.87681701130020206
 -0.36962995372724544
 0.30694400810481892
 0.84285757488642232
 0.99951855157608782
 0.79026236628191826
 0.36538281225045838
 -0.3112870671345041
 -0.75374355922055913
 -0.99964981960557098
 -0.87238892007601454
 -0.36112805074835524
 0.16693057028402239
 0.64796433750803051
 0.94646456283791902
 0.9352270289765664
 0.49541164415814748
 -0.018883252709112678
 -0.65143590665126416
 -0.98546104560661119
 -0.93360044124798824
 -0.61874172821212581
 -0.12958157197863263
 0.39608211065021354
 0.89022421691831999
 0.99793771528696562
 0.82452909748853165
 0.4188481031914722
 -0.25554820013760671
 -0.71428904737035315
 -0.99642376475119299
 -0.89931510730645936
 -0.41469690979581653
 0.10936414063460427
 0.60261697710835183
 0.97287896944569174
 0.95421733651916474
 0.66674975226285726
 0.19145671714048751
 -0.47762109668853364
 -0.92782390279400195
 -0.95284142018813345
 -0.54120910228613728
 -0.034674352783172553
 0.48162826828313782
 0.862254728491333
 0.99998138620148591
 0.85601021937775568
 0.47089834743204406
 -0.046867033747573464
 -0.67242136389076779
 -0.98983136742132305
 -0.85364049424972288
 -0.46686474663636957
 0.20341932760986636
 0.78048430577675221
 0.99047064063879786
 0.92143835717186395
 0.46282140941885924
 -0.20788843009190797
 -0.67915351091042064
 -0.95909896399592787
 -0.96886329631413692
 -0.70569586549307994
 -0.24373174421850885
 0.429897566468319
 0.83137217755029091
 0.99864669548498619
 0.80295479393864755
 0.38484800857883378
 -0.14167164154906572
 -0.73977842583670239
 -0.97989489953272035
 -0.88246046011956136
 -0.51745531617108087
 0.14619080877256765
 0.74284342228831535
 0.99908004304739784
 0.79747748196428803
 0.23042228230537098
 -0.44222640802835655
 -0.83890731960218134
 -0.99338706034829882
 -0.69263648984203974
 -0.22597606066310341
 0.3043425181213476
 0.74892687579832318
 0.99943004815055925
 0.87593347296118218
 0.36792477034572635
 -0.15972964099951256
 -0.7519452059868672
 -0.98337572251258365
 -0.87372121466920871
 -0.3636745572016995
 0.31302987997501996
 0.7549478544265199
 0.98419470203205239
 0.87149073500076379
 0.49778317453547566
 -0.016151433444036755
 -0.64936051767992853
 -0.98499315626050998
 -0.86924208047228424
 -0.49381727322850888
 0.020717374963544161
 0.65282663806760977
 0.98577106854626595
 0.93294154673311502
 0.48984107340721511
 -0.025282884424066471
 -0.6562791438151202
 -0.94994809580360839
 -0.97601375467033502
 -0.72713334434054777
 -0.12323172689716683
 0.53714215561870826
 0.9513648645896583
 0.92961438575819666
 0.48185811012784718
 -0.034412226326070341
 -0.66314302366827793
 -0.98798139365844539
 -0.86006665733274223
 -0.33801711923289846
 0.19119927952835253
 0.7726309446768147
 0.9999961643602806
 0.85772783948271503
 0.47383495062976799
 -0.043538697587652483
 -0.5486473611136512
 -0.89920037971003641
 -0.97187427959669481
 -0.71447258176090922
 -0.25580176557114981
 0.41860992106483791
 0.90118910628606363
 0.97078868493983261
 0.7112699746563621
 0.25138433026619494
 -0.42275288344574552
 -0.82695698694418485
 -0.99820477003535257
 -0.80763749908038651
 -0.24696165236387882
 0.28369908452689208
 0.8295160634890768
 0.99519837909198194
 0.80493618572279035
 0.24253382409876054
 -0.28807520130343556
 -0.7375325586554845
 -0.99871016201380958
 -0.88402276669574964
 -0.52030344573097032
 0.14289405503088268
 0.74060881724670391
 0.98014054811671381
 0.94356367941495367
 0.64118202727612839
 0.15817743084431238
 -0.36938623316022245
 -0.79289266197034569
 -0.99303879523100436
 -0.91344285313471929
 -0.44491021868367014
 0.22750731161019144
 0.69376963989668572
 0.96459493207099567
 0.9115748296758901
 0.44081575119861865
 -0.080598222732407257
 -0.57930743003644081
 -0.96578927795253033
 -0.90968779540689537
 -0.43671209054113685
 0.23639162971772915
 0.80116634160787004
 0.99455926362965252
 0.8330325515970789
 0.28975970768520559
 -0.24082644017776364
 -0.80389089465875141
 -0.99856369517541654
 -0.83049745413946297
 -0.28538589488842303
 0.3905068220229197
 0.80659868263811108
 0.99830861010480987
 0.73253287317743021
 0.28100613039472744
 -0.39470685938945244
 -0.80928964907531076
 -0.99589306163665337
 -0.82537535260802997
 -0.42020723065496823
 0.10333455741059976
 0.7132403876757174
 0.99629613438374887
 0.82278845535517475
 0.41605889162941456
 -0.25851453458985668
 -0.8146208931956872
 -0.99741846053125105
 -0.72313828409462411
 -0.11747220654559611
 0.54202677389073506
 0.9531361518906446
 0.9274606306198625
 0.47676629402108173
 -0.19241132777952227
 -0.77341438789128647
 -0.99999198125360811
 -0.76831248727644663
 -0.18454552741333063
 0.34438496802205415
 0.86350306785080355
 0.99996326570703487
 0.85473074362827628
 0.32824098959001718
 -0.2013659565870686
 -0.77917174513612353
 -0.99991369601748914
 -0.76243443461132976
 -0.17556138821270462
 0.4917645537289167
 0.93373409654612172
 0.98539757122753024
 0.75947152679779528
 0.1710637797767971
 -0.35721435179430017
 -0.87033140566819012
 -0.99975199877945442
 -0.75649278027463351
 -0.3152694969780277
 0.21476617089501793
 0.78768576136543023
 0.99200199459009886
 0.91686822237936105
 0.45250463239040833
 -0.067569528206502957
 -0.56860914539770646
 -0.90946982178178148
 -0.99413005902736373
 -0.69742736225788915
 -0.081121071009057535
 0.44034484140373442
 0.83776426097200107
 0.99918291788155822
 0.79598480591584009
 0.37411263632579783
 -0.30234455038368657
 -0.74753580353931093
 -0.98214392732476352
 -0.87694309315205521
 -0.50749155703303084
 0.0049219077360410637
 0.51594885599497475
 0.88163142853847265
 0.99895572273101452
 0.74096119032825236
 0.29294690316968425
 -0.38322338967362934
 -0.88377743994263036
 -0.99873665898641506
 -0.73788670264166656
 -0.28857749010972156
 0.38743745727073825
 0.8046248177948423
 0.99514689847830351
 0.82980891045096694
 0.4273613382131789
 -0.095475234185722443
 -0.5914161401871515
 -0.92075330497514141
 -0.95830055564405059
 -0.6770903799978768
 -0.053185367713742382
 0.46530800927823351
 0.92252538257895755
 0.95698557107963933
 0.55289682253873451
 -0.10456284521516176
 -0.714105463842164
 -0.99640156844884453
 -0.89942977303686911
 -0.54908585102167817
 0.10910342712637483
 0.71729488562092358
 0.97281826606090593
 0.95429575624973262
 0.66694520403006563
 0.039500030374461016
 -0.47739064736666098
 -0.92772603447345159
 -0.98806234138110383
 -0.66353556621801379
 -0.034936476854929815
 0.4813983933060807
 0.92942093762242273
 0.95152633483001159
 0.53758454875979766
 -0.12271114227330605
 -0.7267731317403282
 -0.97589941772691657
 -0.95011184358475875
 -0.65667484806848442
 -0.17825053310852398
 0.35038750391824242
 0.86671376067056971
 0.99988791254349441
 0.76124612228590061
 0.17375510394757721
 -0.35466104879522864
 -0.7831680959575561
 -0.9998091133022865
 -0.75827684451423649
 -0.16925605113976636
 0.49732814920591017
 0.87123336167618004
