# Created by Octave 8.4.0, Thu Dec 11 09:47:23 2025 IST <gamana@Samsung>
# name: iq
# type: matrix
# rows: 2048
# columns: 1
 0.99706007033948296
 0.81741217677477895
 0.2631763561998442
 -0.26757933088703667
 -0.82003431881388944
 -0.99669975492155383
 -0.81477298767905471
 -0.40332217000396425
 0.12174574039319934
 0.61251750219373202
 0.9307412043625467
 0.98677225365717247
 0.65740811854692949
 0.17920756624578818
 -0.48853519495787168
 -0.86622816469789188
 -0.98602164326815445
 -0.7618765189682617
 -0.17471292102219657
 0.35375141607369498
 0.86850088041626661
 0.985250469487432
 0.75891061748844191
 0.31878331613078459
 -0.2111462234393818
 -0.68159522404935846
 -0.96003675884366646
 -0.91834089914126482
 -0.4558054392076315
 0.21560776862847272
 0.6849297096298741
 0.99211040285063745
 0.91652386521001739
 0.451735955545704
 -0.22006481733715735
 -0.68824991106358091
 -0.96255289322519511
 -0.9146877172569069
 -0.44765705097149988
 0.22451727661408843
 0.69155575910797984
 0.96378086250028872
 0.96450593995209644
 0.57530323197111466
 -0.077538373483401396
 -0.57680275981140672
 -0.9649887322131383
 -0.96328999306189333
 -0.5715619408474234
 0.082090521919315831
 0.69812411955698905
 0.99423482618450487
 0.90906497418168908
 0.43536466339879998
 -0.086640958364850085
 -0.70138649497904204
 -0.9673440726117527
 -0.96079785708328713
 -0.5640436772560169
 0.091189587921087126
 0.5879397169116356
 0.96849149417710867
 0.9052216213146459
 0.56026686158099936
 -0.095736315726760557
 -0.59162761605977232
 -0.92085560177722303
 -0.99067573919877039
 -0.67689734269446189
 -0.052923454120163547
 0.5953031768677769
 0.97072572039354965
 0.90130275558293516
 0.55267825629644496
 -0.10482368684166825
 -0.59896632268215722
 -0.92437830773569063
 -0.95557335273441868
 -0.67014628176077173
 -0.043800730362636646
 0.47360396434939761
 0.92611076224270938
 0.98871630425468959
 0.77279742987957578
 0.33917914848910674
 -0.18998693966562338
 -0.77184632306809275
 -0.98849090621939795
 -0.92667456830169237
 -0.47492212768549869
 0.19446848906226558
 0.66903422027829129
 0.95513095897934219
 0.97216437610049722
 0.60016461899422868
 0.10631258127998891
 -0.55142982772784532
 -0.90065314739641111
 -0.99615971215125476
 -0.81104502967743974
 -0.39745647397782563
 0.12809678987676251
 0.61756479500956363
 0.93306290263883518
 0.94840464974003225
 0.52912975935153383
 -0.13262453776289626
 -0.62115016073397611
 -0.93469587767668683
 -0.94694682925076201
 -0.64910403070761957
 -0.015814255536007973
 0.62472257242825535
 0.93630935971701046
 0.984134927684575
 0.64562337082936083
 0.16390339698880679
 -0.50203036872450668
 -0.87388519838325185
 -0.99956388649198535
 -0.7517228585266672
 -0.30836864826151417
 0.22185395632415195
 0.79213950956971435
 0.99289257270480324
 0.84120181769794744
 0.30402127670330764
 -0.37248028622255525
 -0.79491849299250317
 -0.99342572139859497
 -0.83872373119254717
 -0.29966756480902224
 0.23075041581171793
 0.69616529633341284
 0.96546827697460613
 0.91019997911661832
 0.57005567924401146
 0.069324945541670138
 -0.58201994412750735
 -0.91616441098525458
 -0.99222255238622448
 -0.68558354763474372
 -0.21648432361859246
 0.31359919855606849
 0.75534086434437631
 0.99971126661039378
 0.78595322204321882
 0.21202365503335402
 -0.3179322687123336
 -0.75832569691438723
 -0.99981057464028267
 -0.78312149655954333
 -0.35459098115184812
 0.17382890156623876
 0.76129471467094889
 0.99988903171155696
 0.78027343914827174
 0.20308914577979487
 -0.32657842745172744
 -0.76424785569545672
 -0.98662631820244562
 -0.86438914550077395
 -0.34603634430327534
 0.18281592046248438
 0.66016837953679552
 0.95154938063428185
 0.92939328129582277
 0.48133270865788846
 -0.18730375783299533
 -0.66359162882274891
 -0.9529437020089786
 -0.92769806037374358
 -0.60598684772426525
 0.039574909776025805
 0.66700103896563889
 0.95431814982942342
 0.92598349239297739
 0.47330693411798463
 -0.1962676204535162
 -0.67039653886251627
 -0.95567269543164057
 -0.97173292160015401
 -0.71405300238203884
 -0.25522216160828837
 0.27550554513713005
 0.82471985682978322
 0.99795930465553018
 0.89007055452283868
 0.39577244673708739
 -0.27989264407547659
 -0.73174270439393807
 -0.97745859982628591
 -0.94782140874875742
 -0.52757223669842357
 0.1344425905599955
 0.73484765382093153
 0.99850087127598641
 0.80458031858614487
 0.24195217599768648
 -0.4315531551349901
 -0.83239022919382866
 -0.99467943848793638
 -0.80186001883484936
 -0.23751863257405997
 0.43566822324319554
 0.83491237187186829
 0.99895914375123918
 0.79912299636577122
 0.37893198159176017
 -0.29738175538438333
 -0.74407029360156574
 -0.99915703246642684
 -0.79636930825928232
 -0.22863677800280582
 0.44387101636617432
 0.83990436892725195
 0.99933408385256284
 0.87724832130168195
 0.37046398183577256
 -0.30608946424582323
 -0.75014123938655175
 -0.98287592588523542
 -0.9387314485023539
 -0.5041002585096872
 0.16154030008025003
 0.7531532776590677
 0.98370717741206704
 0.93714774717803118
 0.50015098889807286
 -0.16604534267755786
 -0.64728028114969927
 -0.94617437850265707
 -0.93554450172266268
 -0.62302533315261921
 0.017985648096398261
 0.52709597262535235
 0.88772174448364649
 0.97757679069033354
 0.61944675186580489
 -0.022551427497307118
 -0.65421517251090366
 -0.98607777404705177
 -0.86605962344102483
 -0.48824092697539156
 0.027116736590217863
 0.65766218888049544
 0.98682686534507946
 0.86376751051845613
 0.48425043128684137
 -0.18402994603395961
 -0.66109548976492238
 -0.95192840572335036
 -0.92893675340063486
 -0.60863379684069807
 -0.11687683236262683
 0.4078046943816232
 0.81760638753376536
 0.99703417447419029
 0.81721787306131521
 0.40718878950252729
 -0.26790424016846759
 -0.82022726859247486
 -0.99742383889171715
 -0.89364305358104223
 -0.53812027829209996
 0.12208044596978843
 0.72633649203427009
 0.99774102377887197
 0.81191999367161027
 0.25402788856811498
 -0.42027523032400022
 -0.82541765911308806
 -0.99803740086770543
 -0.80924562749002904
 -0.39463800471769866
 0.28107804804847464
 0.82798706032986946
 0.99546209140484987
 0.80655438456449347
 0.24518357827358583
 -0.28545771561406558
 -0.83053919395180253
 -0.99856770736082057
 -0.88529663390267133
 -0.38622951874564443
 0.28983142998495609
 0.83307400675438814
 0.99880162570560704
 0.80112149333480798
 0.38201314970538847
 -0.14470947024985625
 -0.63066698845287272
 -0.98050268395307083
 -0.94295452778891731
 -0.63977318806970362
 -0.15636577838437321
 0.37109035081734881
 0.79400918965226941
 0.99930924739545157
 0.7466650879372424
 0.15185361630993485
 -0.51254640924252104
 -0.87975221252868729
 -0.9991291183794988
 -0.83704828615673299
 -0.4391683835773984
 0.082426600067351322
 0.69836552224373061
 0.96626338538553846
 0.90892441789562195
 0.43506105404562229
 -0.23817371995497297
 -0.80226282355669942
 -0.99870635429799859
 -0.73748195008814421
 -0.28800343928546723
 0.38799006792188778
 0.88618295094858357
 0.97827295958773519
 0.62205885630624247
 -0.019220412485174646
 -0.52814506197965061
 -0.88828962711363857
 -0.99820027893006624
 -0.82691484959557615
 -0.42268497007417344
 0.25145686109895288
 0.81036587949062577
 0.99605747492512753
 0.90115662367122262
 0.55239718669227666
 0.048025767413371868
 -0.5992363264894498
 -0.97189192478739406
 -0.95547390137131483
 -0.54858470737123244
 -0.043463830529603772
 0.60288605549076435
 0.92623792677698591
 0.95411641469722341
 0.66649838973862252
 0.19112572350826018
 -0.33808764542683351
 -0.86010488691058218
 -0.98796980750470442
 -0.76967584934310729
 -0.18664120956076188
 0.34238191350790442
 0.7749550010800943
 0.98922088721011936
 0.92482021438637707
 0.47060082853334229
 -0.047203881500806025
 -0.672670926025842
 -0.95657193676094487
 -0.97100369805400089
 -0.59623486975544926
 -0.10143517182540703
 0.55551415395589532
 0.90277326207257647
 0.96990183591888457
 0.5925624553559925
 0.096890962859445942
 -0.42607501114555518
 -0.82901434727097012
 -0.99841779827284749
 -0.88656389225759114
