# Created by Octave 8.4.0, Thu Dec 11 09:47:23 2025 IST <gamana@Samsung>
# name: iq
# type: matrix
# rows: 2048
# columns: 1
 0.99706007033948296
 0.81741217677477895
 0.2631763561998442
 -0.26757933088703667
 -0.72295709950342013
 -0.99739959216031482
 -0.89379434027545168
 -0.53840448048633571
 0.12174574039319934
 0.72610466550790553
 0.9756866937503218
 0.95041478686084535
 0.65740811854692949
 0.17920756624578818
 -0.48853519495787168
 -0.86622816469789188
 -0.98602164326815445
 -0.65396009222976592
 -0.022214290997900961
 0.49251475324559779
 0.93404224138678449
 0.94753482023462876
 0.52680937032475517
 0.017648480643128749
 -0.62328907253604104
 -0.97859770037839833
 -0.94606518067421075
 -0.64702319695337762
 -0.013082302230897626
 0.50044297299076146
 0.93726536135324057
 0.98364649651042202
 0.64353447266247155
 0.1612074989385934
 -0.36653212183670031
 -0.79101851933410983
 -0.99947947189198894
 -0.84219234522037123
 -0.44765705097149988
 0.072984607991762596
 0.69155575910797984
 0.96378086250028872
 0.91283249357463192
 0.4435688105502032
 -0.22896505360363265
 -0.69484718481991314
 -0.9649887322131383
 -0.96328999306189333
 -0.69022950739697697
 -0.22272925180653891
 0.3075145173729773
 0.84318003849283296
 0.99244923265600671
 0.7898948670650332
 0.36482469394694789
 -0.31185672933426212
 -0.75413739896883958
 -0.99966550404728993
 -0.78708613347960132
 -0.36056893869878703
 0.16752163237433296
 0.64842084563481195
 0.94665791726123827
 0.93501460739056352
 0.62185347507426159
 0.13351431092211144
 -0.52836776250192941
 -0.94811962245698522
 -0.97726040292067717
 -0.73110392955089265
 -0.12898709931501984
 0.39663251303703095
 0.81051952955911122
 0.99789905398277001
 0.72798059751291655
 0.12445719769369468
 -0.536100052379056
 -0.95098368393158716
 -0.93006880782054413
 -0.48293989111003849
 0.18550142810862433
 0.6622181460394142
 0.98778974619014315
 0.92838136871562715
 0.47893600348116838
 -0.18998693966562338
 -0.77184632306809275
 -0.99999882230188708
 -0.76989109921219223
 -0.33487961217098988
 0.19446848906226558
 0.66903422027829129
 0.98917145136069295
 0.85601021937775568
 0.33057309196900747
 -0.19894598283625273
 -0.67242136389076779
 -0.98983136742132305
 -0.85364049424972288
 -0.46686474663636957
 0.051428232491258427
 0.55523372073924604
 0.95779626121622063
 0.96998389281815456
 0.70892408580754163
 0.24815818877633955
 -0.28251463140679067
 -0.73360221314005569
 -0.97803180066825379
 -0.94694682925076201
 -0.52524920526344476
 -0.015814255536007973
 0.49807561849560866
 0.93630935971701046
 0.94546926027148714
 0.52135769715095059
 0.011247956082341949
 -0.62828195559010802
 -0.97989489953272035
 -0.88246046011956136
 -0.38062901780274139
 0.29562976825788428
 0.83641303144195311
 0.99908004304739784
 0.79747748196428803
 0.37640208904310912
 -0.29998927131410252
 -0.74589292680788943
 -0.99926546539418393
 -0.87812746374023176
 -0.5096182613695085
 0.15521990264824989
 0.63888119294273482
 0.94256769103511717
 0.98072997867282441
 0.63156681724073349
 0.14585720244600886
 -0.38094083378193982
 -0.88261903416678134
 -0.97982756338423382
 -0.7395514844487685
 -0.14133781382581198
 0.52164543106267169
 0.94557904321004638
 0.97890471388091427
 0.73646992327589755
 0.13681547761836058
 -0.38936960356123135
 -0.88687569161064339
 -0.97796144940880547
 -0.62088584817830406
 -0.13229028813657909
 0.52941587506541732
 0.94851151593640592
 0.93294154673311502
 0.48984107340721511
 -0.17773434348514575
 -0.6562791438151202
 -0.98652842266602814
 -0.86469043479524876
 -0.34659874936696677
 0.33032554306011602
 0.85587460041102437
 0.98920991118715429
 0.77490763686045938
 0.1947257580520656
 -0.4746912950254723
 -0.92657595352213129
 -0.95384720949172808
 -0.54400771639250467
 0.11512916736350326
 0.60723674286965779
 0.92828386484757086
 0.98783057403202179
 0.76910237975061224
 0.18575915252785319
 -0.34322527295248667
 -0.77552208599333883
 -0.98935194803207749
 -0.92447833088141018
 -0.46980850632099586
 0.20015612234780542
 0.77839705386729208
 0.99992915833028506
 0.76323296473450009
 0.32509202879037347
 -0.20462832907820289
 -0.78125578834147202
 -0.99986437470970757
 -0.85060425588363664
 -0.46172630843791007
 0.057221356716363872
 0.56004959012291766
 0.90511013570477716
 0.96855678155907665
 0.58815185864004971
 0.091450774980200711
 -0.43101227257150254
 -0.83205784055189824
 -0.99474101974739715
 -0.70157342122455979
 -0.23810093781279595
 0.29244531029783893
 0.8345822651241197
 0.99893161851503542
 0.79948325508046658
 0.23366308595342544
 -0.29680932037190372
 -0.74366963050838819
 -0.98103592407932882
 -0.94204138792272474
 -0.51248206157902254
 0.15192768482357455
 0.63631452355382023
 0.981910840626954
 0.94049945024301207
 0.63414647918112677
 0.14915249931032143
 -0.37785819723066766
 -0.88104792251660446
 -0.98048795545716472
 -0.74178997201371843
 -0.29412747756966146
 0.38208240309828206
 0.88319891056935484
 0.97958001227093605
 0.62705803109328695
 -0.012820041241621906
 -0.64682319170808622
 -0.98441265345254958
 -0.87088442248734499
 -0.35826403244495147
 0.16995617082962328
 0.75873979406764036
 0.98520555414963917
 0.93413588692046379
 0.61991727432530874
 -0.021952071972139286
 -0.53046318017922212
 -0.9489019627736488
 -0.97673368626990587
 -0.61632746616600498
 -0.1265373853312915
 0.53432888159210612
 0.89161822963160164
 0.99773598681172548
 0.72628498216555015
 0.12200606815118613
 -0.40308215197583813
 -0.8146208931956872
 -0.99667842946555951
 -0.89796859424785269
 -0.54629825097485496
 -0.040734014305628702
 0.60506365761878733
 0.97358439673447417
 0.89594960831540404
 0.40773626966149795
 -0.26732660262920321
 -0.81988418229177085
 -0.9973806551759018
 -0.81492502611226691
 -0.25902123359623186
 0.27172431995601209
 0.82249020627722469
 0.99770057115957789
 0.81226981941563969
 0.25460768126343408
 -0.41973116691975981
 -0.82507907730420516
 -0.99594041742242911
 -0.80959767290581042
 -0.25018881911059687
 0.28050266265589391
 0.82765074138205874
 0.99827797602498924
 0.88768724200696714
 0.3909896837275314
 -0.28488310495740082
 -0.83020514487898067
 -0.99507674247845379
 -0.80420278370808562
 -0.386782433394182
 0.13959571509328172
 0.62664932234565274
 0.9371738928716784
 0.94466188428579101
 0.64373520641664106
 0.0087781241696827904
 -0.63020162794834811
 -0.98038470181884685
 -0.88129593516468974
 -0.37834382170007552
 0.14863378052513182
 0.74449470450516952
 0.98127454676752734
 0.94162633855895717
 0.51142119782764928
 -0.15314821073141613
 -0.63726673695191594
 -0.98214392732476352
 -0.87694309315205521
 -0.36987364886653651
 0.15765944704572057
 0.75056131278222915
 0.98299282535971388
 0.87473921650293274
 0.50355133254811568
 -0.16216739538656585
 -0.75357116913722322
 -0.98382122316867648
 -0.87251709724699622
 -0.36137262146864441
 0.31537474719576175
 0.75656530983403103
 0.9846291034754957
 0.93531985772929782
 0.49563946141864407
 -0.018621015841164639
 -0.52763589580741488
 -0.88801412508603927
 -0.99823605081354361
 -0.82725181834082195
 -0.42322821055179527
 0.10002008265532036
 0.59509241170698868
 0.9706626890687553
 0.9014163428770583
 0.55289682253873451
 0.048624570949613463
 -0.46934537146098876
 -0.85509928273339597
 -0.9894281587390571
 -0.7758531484989436
 -0.34371792593314032
 0.18524369092832746
 0.7687670104067964
 0.99999457388324242
 0.77296386191977384
 0.19171414158187602
 -0.33752338274773352
 -0.85979891506325046
 -0.99999919043919605
 -0.85849662577286689
 -0.47515292767449607
 0.04204280796555189
 0.66883926026355789
 0.98913292348678583
 0.85614577945751935
 0.33082061813699404
 -0.19868893592561135
 -0.77745624266941105
 -0.999945859213213
 -0.8537770782998112
 -0.32650759738066742
 0.35038750391824242
 0.86671376067056971
 0.98585910900799767
 0.65322391081068121
 0.17375510394757721
 -0.35466104879522864
 -0.86898262245016622
 -0.9998091133022865
 -0.84898630942477415
 -0.31786121809897533
 0.21209688868416976
 0.78599955294768586
