# Created by Octave 8.4.0, Thu Dec 11 09:47:23 2025 IST <gamana@Samsung>
# name: iq
# type: matrix
# rows: 2048
# columns: 1
 0.99706007033948296
 0.81741217677477895
 0.2631763561998442
 -0.41166286191191009
 -0.89785314323009247
 -0.99669975492155383
 -0.71661680183738552
 -0.10813648706951674
 0.54989853666459632
 0.89985447880301794
 0.99631865342087256
 0.71342420240216764
 0.25435403320662997
 -0.41996921323270014
 -0.9018370479926181
 -0.99591677378527643
 -0.710216724570086
 -0.099052217956670074
 0.55750403353697353
 0.95857806179479299
 0.96931587672916597
 0.59063151170131145
 -0.058716099949635919
 -0.56128938152206265
 -0.90574572222887484
 -0.96818318853898067
 -0.7037574015908532
 -0.24108099541788655
 0.28950866682443271
 0.83288742170822871
 0.99458655204620394
 0.80132327513146184
 0.23664647091041779
 -0.436476125398505
 -0.9095788398803798
 -0.99410164801316581
 -0.79858297189933158
 -0.23220701116232156
 0.29823877688491174
 0.83790744708233544
 0.99919348408392272
 0.795826014291943
 0.373869386604954
 -0.15340739435657474
 -0.7477099918286475
 -0.99936643867810504
 -0.87681701130020206
 -0.50726554167848714
 0.0051841873744737305
 0.64098073219064022
 0.98304095823534621
 0.87461208566586512
 0.50332471182795113
 -0.0097507775814606734
 -0.52007944302982734
 -0.94498052573775193
 -0.9792778829548171
 -0.62589100331904679
 0.014317164436864309
 0.64796433750803051
 0.94646456283791902
 0.9352270289765664
 0.62232285500886353
 0.13410842343763146
 -0.52785867935254538
 -0.88813469650019505
 -0.97738734773531
 -0.61874172821212581
 0.023448947172842981
 0.65489389015789878
 0.98622665999936832
 0.86561044910871676
 0.34831893420021354
 -0.1804224147503094
 -0.65833821591201358
 -0.98697170672481427
 -0.86331479112535514
 -0.48346476204753758
 0.18491229583117941
 0.66176881208249749
 0.98769617024506995
 0.8610011287905317
 0.33974305395953608
 -0.33720593166871321
 -0.8596266700940336
 -0.99999956267601298
 -0.7702735494564491
 -0.33544444112374322
 0.19388039544994554
 0.77436263562652718
 0.99998486432392741
 0.76735326709145446
 0.33113883262464167
 -0.19835842695893965
 -0.67197750908508203
 -0.95629846520908701
 -0.9712272096662482
 -0.59698662027215366
 0.050829512641400787
 0.55473501691758409
 0.95762376292248608
 0.97012949938713156
 0.59331675018393693
 -0.055389785075590392
 -0.67871335521846821
 -0.99100922600826868
 -0.91988974850086858
 -0.45930103040332332
 0.059948902360856322
 0.6820600815726392
 0.96021441765734661
 0.96787340625601292
 0.58593996609973664
 -0.064506769417215074
 -0.56608150866258033
 -0.90818935012412527
 -0.96671507045462812
 -0.6996238189346462
 -0.23544639110632265
 0.29505700746927255
 0.83608429323105826
 0.99396695366690557
 0.79783904858190768
 0.37695743566298062
 -0.29941732507672353
 -0.74549348365907853
 -0.98156184064759078
 -0.8784141246596503
 -0.37272368253927118
 0.15462763684080572
 0.6384198765100676
 0.98242450771086454
 0.87622253538456674
 0.36848215629705672
 -0.30811913652456402
 -0.75154986251153877
 -0.98326668640036863
 -0.8740126725681886
 -0.36423294539298129
 0.312460448889467
 0.84596547976384751
 0.99968173728826637
 0.87178458229700406
 0.49830303575211032
 -0.16814809245020726
 -0.64890448980632387
 -0.94686250148140771
 -0.97808644142219958
 -0.62135568833296584
 0.020117995974901666
 0.65237239211708042
 0.98567011872926791
 0.86727390563586582
 0.35144009166889539
 -0.17714435260911662
 -0.65582668926092402
 -0.94976063540733258
 -0.97614409660076507
 -0.72754477087597536
 -0.12382663922268553
 0.53663638247872347
 0.95118000661973989
 0.97514237786239644
 0.7244041494288006
 0.26959904955817621
 -0.26115292972931092
 -0.71833732746926005
 -0.97316389613177423
 -0.89676289601115911
 -0.54400771639250467
 -0.038003893997068453
 0.60723674286965779
 0.92828386484757086
 0.95246591648562962
 0.66241465481381889
 0.03344009110984917
 -0.6108587542280044
 -0.92997241689742438
 -0.95106475988945738
 -0.53632144128767723
 -0.028875590832584942
 0.48670460215319011
 0.93164157445709228
 0.9496437689242001
 0.53246148620005185
 -0.12872700293448133
 -0.73092495761217069
 -0.97720475411549423
 -0.88853042950170691
 -0.39267747318977064
 0.28312416121273076
 0.73403391999699508
 0.99843452487561368
 0.88642587904608383
 0.52470834344777251
 -0.1377789612471641
 -0.73712757417115904
 -0.97910298922187333
 -0.9452620882248215
 -0.52081531747420562
 -0.010612519844126429
 0.62877621856052379
 0.98002148790987431
 0.94376206025673304
 0.64164196467474266
 0.0060459607215172474
 -0.63232066979907131
 -0.93969524074499333
 -0.9823547792959354
 -0.74828196255844681
 -0.30341582116580706
 0.22692348795870262
 0.69333775430174116
 0.99349826896703219
 0.83837750983358095
 0.29906123418645231
 -0.37730307052849954
 -0.88076418263196576
 -0.99903785701884862
 -0.83587950193743465
 -0.43725132659997279
 0.084551888970616357
 0.58253657800469949
 0.96681048611430065
 0.96137707243596526
 0.56577382933686404
 -0.089101359923037027
 -0.70314489208791719
 -0.96796717331094617
 -0.96011013199408302
 -0.68178712078250292
 -0.21140258585673893
 0.45963249696403663
 0.84936148751235574
 0.99095922642125844
 0.78272615692098302
 0.35399672753549227
 -0.32286021601341536
 -0.85176299094723662
 -0.99989829655683926
 -0.77987583156855622
 -0.34972204005644508
 0.32717899269765544
 0.76465753306271111
 0.98672970031970908
 0.86406943966609229
 0.34544005915608184
 -0.18344064817265887
 -0.66064556209724501
 -0.98746091400676894
 -0.92915854587502744
 -0.48077559422967447
 0.18792794758620526
 0.77051148493708665
 0.99999984205834835
 0.77122750954177499
 0.3368545744428309
 -0.19241132777952227
 -0.77341438789128647
 -0.99999198125360811
 -0.85709227829338019
 -0.47274705089475788
 0.044772471175195144
 0.5496794507487891
 0.9558596058549732
 0.92400680960145565
 0.4687179486717028
 -0.2013659565870686
 -0.77917174513612353
 -0.99991369601748914
 -0.76243443461132976
 -0.32392388406459971
 0.35294522144878099
 0.86807338083099939
 0.99984327321874167
 0.84995424792359497
 0.31960002313600977
 -0.21030378760737023
 -0.68096437614913996
 -0.95979521066420526
 -0.91868164503724958
 -0.45657232870511422
 0.21476617089501793
 0.78768576136543023
 0.99963987460314707
 0.84510684971438899
 0.45250463239040833
 -0.067569528206502957
 -0.56860914539770646
 -0.9623189105935428
 -0.96592517977336534
 -0.57973492883124911
 -0.081121071009057535
 0.44034484140373442
 0.91135903725470646
 0.99362561351995793
 0.79598480591584009
 0.37411263632579783
 -0.30234455038368657
 -0.84024909304288897
 -0.99310044604073633
 -0.79321220308449691
 -0.22356930816004994
 0.44852662828523909
 0.84271640179536644
 0.99951037938318776
 0.79042305788477341
 0.21911586356481605
 -0.31103780472960529
 -0.75357116913722322
 -0.99964284468553211
 -0.78761742848407368
 -0.21465784932817325
 0.31537474719576175
 0.75656530983403103
 0.9997544625272542
 0.87027678172632683
 0.49563946141864407
 -0.018621015841164639
 -0.52763589580741488
 -0.94784529645431592
 -0.93369438927448234
 -0.61894775499252752
 0.023186735500072695
 0.53150967624598833
 0.94929096237321153
 0.9320494487080756
 0.48768624444110664
 -0.18016442982835693
 -0.76545281519641795
 -0.98692947304195144
 -0.93038507033518414
 -0.48369433845454268
 0.032316628938552507
 0.6615721536763477
 0.98765511914161686
 0.9287012888662467
 0.60812945617068503
 -0.036880612315026831
 -0.54306418805411272
 -0.89626491584420609
 -0.97342194446667962
 -0.60449789105443952
 -0.11170873212366551
 0.54689314774489595
 0.95487535698635206
 0.97236593164019758
 0.71593804003700734
 0.10716944470083213
 -0.41670479116656878
 -0.82319200887121757
 -0.99778351204304205
 -0.81154885978959945
 -0.39824712012492786
 0.12724205514016593
 0.72990232107662467
 0.99807699315903253
 0.80887214180542977
 0.39405402806044376
 -0.28168784626551813
 -0.73301628836640964
 -0.99834965947009091
 -0.80617855486628232
 -0.38985271803506466
 0.28606669089249703
 0.83089296006415125
 0.99495358820281887
