# Created by Octave 8.4.0, Thu Dec 11 09:47:23 2025 IST <gamana@Samsung>
# name: iq
# type: matrix
# rows: 2048
# columns: 1
 0.99706007033948296
 0.8958330830115131
 0.54224716769547932
 -0.11721173552297842
 -0.72295709950342013
 -0.97467563508643473
 -0.89379434027545168
 -0.40332217000396425
 0.12174574039319934
 0.61251750219373202
 0.9307412043625467
 0.95041478686084535
 0.5345505649007124
 0.026779638075654512
 -0.6161208997466926
 -0.93240144544834269
 -0.98602164326815445
 -0.7618765189682617
 -0.32310844176316006
 0.20668027481499857
 0.78256289391760381
 0.99982764492782827
 0.75891061748844191
 0.17021463217652491
 -0.49648404018293579
 -0.93566355795921996
 -0.98445874839776404
 -0.7559288889967074
 -0.31445154230134043
 0.21560776862847272
 0.78821639611625471
 0.99961637728604458
 0.75293139567673473
 0.31011321061357677
 -0.22006481733715735
 -0.68824991106358091
 -0.96255289322519511
 -0.9146877172569069
 -0.44765705097149988
 0.22451727661408843
 0.69155575910797984
 0.9932140410785969
 0.91283249357463192
 0.4435688105502032
 -0.077538373483401396
 -0.69484718481991314
 -0.99373479575595003
 -0.8372327419467338
 -0.29705977382799137
 0.37924403260955986
 0.79932567724122838
 0.99894370498287544
 0.74078502926765999
 0.14315364154996899
 -0.38346563566337838
 -0.80206146680018797
 -0.99471412193617259
 -0.90715275704229548
 -0.5640436772560169
 -0.062041763045416379
 0.45743750616528306
 0.91906542379149492
 0.99128758100646241
 0.78426098528443078
 0.20935274634661827
 -0.32052155160483159
 -0.76010394507765244
 -0.99986002074606939
 -0.86759008943263682
 -0.3520349582153795
 0.32484398121003566
 0.76306347130970409
 0.99992600201619608
 0.77856168107880996
 0.34775691095553296
 -0.3291596362235587
 -0.85523523768182264
 -0.98939008741680945
 -0.67014628176077173
 -0.19593694714062365
 0.47360396434939761
 0.85759296924080952
 0.99999540351778604
 0.86069606453987113
 0.47893600348116838
 -0.037741799180791728
 -0.54378762121797686
 -0.89664680196432855
 -0.97322421740503984
 -0.60381116136497703
 -0.1108522977199087
 0.54761443469753268
 0.89865934540983339
 0.99654916134521687
 0.81370802101913009
 0.40164283463597866
 -0.1235663705437246
 -0.61396655002752176
 -0.93141046865899646
 -0.98647320061060673
 -0.65602466714103314
 -0.024945769805903319
 0.49013503876520476
 0.86714330313380428
 0.9857143278662881
 0.76068700266561096
 0.17290636130483472
 -0.35546668344393723
 -0.78370367285990949
 -0.99116893315155996
 -0.91941886397094896
 -0.58866567994252117
 -0.092083567790262444
 0.43043876792991398
 0.83170518209591671
 0.99867769471244938
 0.80259732136130291
 0.38429460930068043
 -0.29183755858294247
 -0.74018166945770114
 -0.99890204978572794
 -0.79986481559928813
 -0.23428092150626556
 0.43866472620209418
 0.91058754221140992
 0.99383473207418238
 0.69549253346794615
 0.078433396498033117
 -0.4427640257093759
 -0.91246554077811393
 -0.99331805066669221
 -0.79434981808530758
 -0.37161080460618734
 0.15581211266888473
 0.63934227975830582
 0.94276776507499982
 0.98061267846614775
 0.74221599171755737
 0.1452640836018857
 -0.38149506631531072
 -0.8829006957461899
 -0.99882890251600831
 -0.73914782545389124
 -0.29036786113974322
 0.24020962053452147
 0.70311931511756987
 0.99496110440453156
 0.9061258460031163
 0.42905162994117213
 -0.093613160455026004
 -0.70635923936487
 -0.99540859498610534
 -0.90418464341241633
 -0.55824910366230951
 -0.055053078647571203
 0.59358816891173982
 0.92180189353466457
 0.95752658137960533
 0.67510373713747729
 0.20250209885928502
 -0.32714500196387036
 -0.76463435202085595
 -0.98672385914042748
 -0.93085022777459614
 -0.48480632856553174
 0.18340528820230509
 0.76756945784073183
 0.98745523497354937
 0.86177992262610636
 0.4808071341945469
 -0.035610499103062507
 -0.54199654554681242
 -0.89570050221150199
 -0.97371222957911074
 -0.60550984863517998
 0.040173936952688574
 0.66744758357942269
 0.98885619194910468
 0.857110808271628
 0.33258517246316216
 -0.34435119791359259
 -0.86348492593323356
 -0.99996357337194397
 -0.7654045910440076
 -0.18009071757344439
 0.34863501727421764
 0.86577925251625287
 0.98617082776227227
 0.76245770921753664
 0.32395791469121754
 -0.3529115658832479
 -0.86805552335169234
 -0.99984390938635448
 -0.75949492640487548
 -0.31963410662009878
 0.35718075455367776
 0.78484181438558576
 0.99141052713344413
 0.91869585264312459
 0.58718173781428495
 0.090256725912043756
 -0.43209388259611525
 -0.83272231867054769
 -0.99461749973571056
 -0.80150166398294964
 -0.38260035040052293
 0.29359168982388884
 0.83524217854793459
 0.99413395006243543
 0.79876245044226568
 0.23249710171829488
 -0.29795408351634561
 -0.74447068927212035
 -0.98126761775088112
 -0.94163844768396199
 -0.51145210780814754
 0.15311266472664142
 0.74751191084947555
 0.98213715956934433
 0.94009135714542313
 0.63321893512119687
 0.14796679629556678
 -0.51591804285763432
 -0.88161445222490153
 -0.98025155074543779
 -0.62967782665369532
 0.0094525381051465546
 0.51982467648521224
 0.88376060862630323
 0.97933824199306796
 0.62612358631238008
 0.13892784516962148
 -0.38740429620164429
 -0.80460345873856864
 -0.99849873758566077
 -0.73482122407441952
 -0.28423654559280548
 0.39161034781150611
 0.88799758481421553
 0.99823818571776068
 0.82727202701201186
 0.27985523359522341
 -0.39580823242314994
 -0.89008831623897289
 -0.99795681568327577
 -0.82469781832026712
 -0.41911891528269352
 0.25525983865551471
 0.71408028284175851
 0.97174212048318187
 0.89944549379827754
 0.41496828973321476
 -0.1090676715453229
 -0.60237893511925844
 -0.92599820451244008
 -0.95430650583680066
 -0.54529358059925137
 -0.039535972514922295
 0.60601784512847734
 0.97385746326781586
 0.89541641819476969
 0.54145987578349597
 0.034972425112049919
 -0.4813668650123139
 -0.86210363238193932
 -0.99998316149114752
 -0.76716006289163718
 -0.33085456280870268
 0.34607290441379535
 0.77743361915152409
 0.99994623286191409
 0.76422272392564161
 0.17828592717302102
 -0.48935231442271815
 -0.86669581794526285
 -0.98586513612975313
 -0.65325114578609056
 -0.17379052692632241
 0.35462741657494129
 0.86896482228164296
 0.98508974636418734
 0.64978669262339928
 0.16929150229401671
 -0.35889362363451377
 -0.87121570443566143
 -0.99971032950275429
 -0.75531532694759285
 -0.3135621962710235
 0.36315234600020213
 0.78879250904799558
 0.99958999469226695
 0.75231460766495706
 0.30922253061480248
 -0.36740349485673862
 -0.87566291480781422
 -0.99944881352334003
 -0.84168691506239712
 -0.30487641615082528
 0.22542998844837681
 0.69223207366038986
 0.99332254714470691
 0.9124495962882887
 0.44272908539363282
 -0.078472244150840392
 -0.69552053257264068
 -0.96523400365410972
 -0.91057143551212072
 -0.57079305217832044
 -0.070220514796892591
 0.58128967641094287
 0.91580421836135173
 0.99233390222225293
 0.78932008124946829
 0.21736070412927222
 -0.31274660205987209
 -0.84612607961908715
 -0.99175917517015522
 -0.68290795537107607
 -0.06110681555664401
 0.58869718011918903
 0.96872435743671836
 0.9592574848456541
 0.67956483567759041
 0.056548006847429534
 -0.46232444854239274
 -0.92122043032456113
 -0.9579572357211904
 -0.67620754372123348
 -0.051988018834646182
 0.59605557517882457
 0.97095028710678111
 0.90089658058520161
 0.4179973205467552
 -0.10575520508773301
 -0.599716164981694
 -0.97203288982183245
 -0.89890508186728502
 -0.41384434611591675
 0.11029519876566761
 0.60336424775845621
 0.97309522087936695
 0.89689483656565461
 0.40968274099887381
 -0.26527087964301094
 -0.81866126483892543
 -0.99689131497651151
 -0.71828519146551872
 -0.11051714876850045
 0.41364104130242635
 0.82127528094718671
 0.99652111377909025
 0.71510042164526089
 0.2566695505195406
 -0.27406592047488221
 -0.72759618081039457
 -0.99786258122388205
 -0.81084771477814355
 -0.2522531566789874
 0.42193912522092825
 0.82645187614190396
 0.99571837246654993
 0.80816656237513129
 0.24783150212176325
 -0.42607501114555518
 -0.82901434727097012
 -0.99528584909253059
 -0.80546855573193599
