# Created by Octave 8.4.0, Thu Dec 11 09:47:23 2025 IST <gamana@Samsung>
# name: iq
# type: matrix
# rows: 2048
# columns: 1
 0.99706007033948296
 0.81741217677477895
 0.40749676511192734
 -0.26757933088703667
 -0.82003431881388944
 -0.99669975492155383
 -0.71661680183738552
 -0.25876789299367536
 0.27197672523161615
 0.82263935911185238
 0.99631865342087256
 0.81211680656676566
 0.39913916364882279
 -0.27636844752632383
 -0.72923708866562187
 -0.99801622712169602
 -0.88966097771079677
 -0.53068550131166847
 -0.022214290997900961
 0.61971144815431445
 0.93404224138678449
 0.94753482023462876
 0.52680937032475517
 0.017648480643128749
 -0.62328907253604104
 -0.97859770037839833
 -0.94606518067421075
 -0.64702319695337762
 -0.16571279352017626
 0.50044297299076146
 0.93726536135324057
 0.98364649651042202
 0.64353447266247155
 0.0085158509884466927
 -0.63040525104876677
 -0.9388476181633828
 -0.98281373076484568
 -0.74991820004097443
 -0.30576841154300655
 0.22451727661408843
 0.69155575910797984
 0.96378086250028872
 0.96450593995209644
 0.69352673492061989
 0.07570928483461975
 -0.44521220012329865
 -0.84071604235180275
 -0.99299901827171977
 -0.69022950739697697
 -0.22272925180653891
 0.3075145173729773
 0.75113050352384558
 0.98315072229002243
 0.87432127497765744
 0.50280659161546182
 -0.010350251264736661
 -0.64493753308863866
 -0.94517646960071533
 -0.93662425339424948
 -0.62542333140588668
 -0.13803873810039718
 0.52448504859899803
 0.94665791726123827
 0.93501460739056352
 0.62185347507426159
 -0.019482646357389975
 -0.65189063542320946
 -0.98556272514868337
 -0.86759008943263682
 -0.3520349582153795
 0.32484398121003566
 0.85285967026973009
 0.99004323693862828
 0.77856168107880996
 0.20041309089354509
 -0.3291596362235587
 -0.85523523768182264
 -0.98939008741680945
 -0.67014628176077173
 -0.19593694714062365
 0.3334684266427943
 0.76893472152711884
 0.98778974619014315
 0.92838136871562715
 0.60744511130886403
 -0.037741799180791728
 -0.54378762121797686
 -0.95376841510680677
 -0.97322421740503984
 -0.71851977171296921
 -0.1108522977199087
 0.41333399829856854
 0.82108283884711719
 0.99753012452978629
 0.81370802101913009
 0.40164283463597866
 -0.1235663705437246
 -0.61396655002752176
 -0.93141046865899646
 -0.98647320061060673
 -0.65602466714103314
 -0.024945769805903319
 0.49013503876520476
 0.93306290263883518
 0.9857143278662881
 0.65257115358035622
 0.020380225184827103
 -0.49411048094498033
 -0.86940874861318307
 -0.99979190436578935
 -0.75771473591924188
 -0.16840663519935209
 0.35973142613265052
 0.7865320410317943
 0.999688319633386
 0.75472666710096414
 0.31270958881960326
 -0.2173987400559155
 -0.78934400614948819
 -0.99956388649198535
 -0.7517228585266672
 -0.15939674058782213
 0.36823831622717579
 0.87609610931798187
 0.9824734317532009
 0.63862173069241412
 0.15488675998232163
 -0.37248028622255525
 -0.87828874934801482
 -0.99925248579709669
 -0.74566827301361671
 -0.29966756480902224
 0.37671448817543773
 0.79768089846240808
 0.99393815228930615
 0.83622815318000376
 0.43782274524140236
 -0.2351914734962077
 -0.80042666836970566
 -0.99442985469023693
 -0.90829909993624047
 -0.4337124315048439
 0.088468395322842105
 0.7026928983702091
 0.99490081834697564
 0.83118473117740399
 0.42959307273497971
 -0.24405878165923398
 -0.80586807279352213
 -0.99535103343762399
 -0.82863699236744714
 -0.28219113174004168
 0.39357185195279359
 0.88897629886156937
 0.99810937180197989
 0.73026078847632114
 0.27780708268757176
 -0.2529057306336317
 -0.81124225234633263
 -0.99781828131895878
 -0.72713334434054777
 -0.12323172689716683
 0.40195163755402535
 0.89312185138248557
 0.97500936502297297
 0.61008834407497825
 0.1186985440550069
 -0.40612900000404117
 -0.81654875871836308
 -0.99694422685007722
 -0.81827376236426919
 -0.26462053999945312
 0.41029789267069405
 0.81917649590739106
 0.99682017986520099
 0.71766028860472586
 0.26021386615355924
 -0.41445822861210652
 -0.89920037971003641
 -0.97187427959669481
 -0.71447258176090922
 -0.25580176557114981
 0.27492919280489736
 0.82438066428653922
 0.99605082436071568
 0.7112699746563621
 0.25138433026619494
 -0.42275288344574552
 -0.90315903864523062
 -0.99563498366487102
 -0.80763749908038651
 -0.24696165236387882
 0.42688702935371275
 0.8295160634890768
 0.99519837909198194
 0.80493618572279035
 0.3879209992123559
 -0.28807520130343556
 -0.7375325586554845
 -0.99871016201380958
 -0.80221808549423934
 -0.23810093781279595
 0.29244531029783893
 0.8345822651241197
 0.99426291516930421
 0.698311884064443
 0.082351916843145981
 -0.43923570699769482
 -0.83708928455909648
 -0.99913224238819642
 -0.87971658210087067
 -0.37525764885050583
 0.3011671405145831
 0.74671493460754579
 0.981910840626954
 0.94049945024301207
 0.50855529701815605
 -0.0036869410735316153
 -0.63983078090230217
 -0.98276527951328996
 -0.87533701225132698
 -0.50461792658281668
 0.1609486409301393
 0.75275876160493482
 0.99960907857219627
 0.87311982178659209
 0.50067003238648233
 -0.012820041241621906
 -0.5226986699188424
 -0.94598017464972417
 -0.93575608369329677
 -0.49671169676217664
 0.16995617082962328
 0.65029919933927494
 0.94745094821337439
 0.97770285810336988
 0.73253287317743021
 0.28100613039472744
 -0.24968090147450372
 -0.71003205735290709
 -0.970365004227011
 -0.9573431522354271
 -0.67463479703646312
 -0.049858050913958639
 0.59776668361302476
 0.97145840219953794
 0.89996885312693931
 0.55011758475158845
 0.04529650493705354
 -0.47228473929239162
 -0.85682192344726693
 -0.98893948579507385
 -0.77374680424103814
 -0.19292606540949148
 0.47630511916939311
 0.92726435688547848
 0.95329472382463132
 0.54246752419775235
 -0.11695125643708382
 -0.60869325477939451
 -0.92896449571977835
 -0.9875435880617639
 -0.76792862176621013
 -0.33198580663880228
 0.19747842878373487
 0.67131238493471701
 0.98961727890937345
 0.9237774076299472
 0.46818829390851685
 -0.049932895571018494
 -0.67469011074952911
 -0.9573648031389832
 -0.92201904689465719
 -0.59403917778321069
 0.054493383907177437
 0.55778395400348058
 0.95867405792466798
 0.92024145753600073
 0.46009830557788145
 -0.21088984649677303
 -0.78523545681431273
 -0.99149343853740313
 -0.91844467662543139
 -0.58666723142977939
 -0.089623827187757507
 0.5653412151459779
 0.90781321933218118
 0.99455145437254244
 0.80112149333480798
 0.38201314970538847
 -0.29419909994775784
 -0.74184022576927944
 -0.99901471413331877
 -0.88101247234590618
 -0.51482631406600432
 -0.003612003576097977
 0.50861981940315182
 0.87757187876108522
 0.99930924739545157
 0.7466650879372424
 0.15185361630993485
 -0.51254640924252104
 -0.94206652672674507
 -0.98102139639313612
 -0.63272696759215707
 0.0055214035258760244
 0.51646230997311038
 0.88191419914391256
 0.98012568485461038
 0.62918402735208534
 0.14281988564772793
 -0.52036743992919077
 -0.94509078595567964
 -0.93671610823552076
 -0.49908119296237063
 0.16726305010571701
 0.64822115199523045
 0.98473363488519361
 0.93510758318871434
 0.62205885630624247
 0.13377424106472693
 -0.39219498831718441
 -0.80768168619747682
 -0.99820027893006624
 -0.73128285119524605
 -0.27924509506351897
 0.39639172952169083
 0.89037777807928542
 0.99791601243492889
 0.82433824438349557
 0.27485714181146442
 -0.40058020401269867
 -0.81303317267706665
 -0.9964522021328357
 -0.89916758903474137
 -0.54858470737123244
 -0.043463830529603772
 0.60288605549076435
 0.97295691831292452
 0.8971598023399584
 0.41022955169625069
 -0.26469280590935218
 -0.72088496686581061
 -0.97400162091040132
 -0.95273903001207627
 -0.5409255064241385
 0.11877295193178608
 0.61014771823920522
 0.92964200032564304
 0.98725327868753709
 0.65966164416892148
 0.18215280322778285
 -0.34666904124527759
 -0.86472807410797525
 -0.98651616079302507
 -0.65622259989165388
 -0.025207970311606029
 0.61735848295232298
 0.93296852388111462
 0.94848777721381872
 0.65276987015171895
 0.020642452992762857
 -0.62094459040458649
 -0.9779770926331931
 -0.88684106715721245
 -0.52547237649733447
 0.13688971055489954
