# Created by Octave 8.4.0, Thu Dec 11 09:47:23 2025 IST <gamana@Samsung>
# name: iq
# type: matrix
# rows: 2048
# columns: 1
 0.99706007033948296
 0.8958330830115131
 0.54224716769547932
 0.035908561572159783
 -0.60890133064396568
 -0.92906155275357227
 -0.98750228500057424
 -0.6608424346775631
 -0.031344426666491253
 0.48454544831307755
 0.9307412043625467
 0.95041478686084535
 0.5345505649007124
 -0.126277206267076
 -0.6161208997466926
 -0.97667740455693652
 -0.94898469904253735
 -0.65396009222976592
 -0.17471292102219657
 0.35375141607369498
 0.78256289391760381
 0.99982764492782827
 0.84949989429398942
 0.45986541708857864
 -0.2111462234393818
 -0.68159522404935846
 -0.99152754231630602
 -0.91834089914126482
 -0.58645480711822251
 0.06387260574650877
 0.5655575416944385
 0.90792318296106844
 0.99452407799023024
 0.8009644889521762
 0.23606395286305812
 -0.29444976525794719
 -0.74201608110504058
 -0.99902631993877522
 -0.88088835778813113
 -0.37754595515819683
 0.2988109445787136
 0.74506978139404401
 0.99921737728844184
 0.7954628564466879
 0.37331329069111102
 -0.30316589222440382
 -0.74810794332050845
 -0.99938759605057081
 -0.87652859772277325
 -0.36907284080929581
 0.15851039745388298
 0.75113050352384558
 0.99953697267526553
 0.7898948670650332
 0.21827493776079607
 -0.45337183085077554
 -0.91725607877992499
 -0.99187874960179634
 -0.78708613347960132
 -0.36056893869878703
 0.31619243755180926
 0.8480552264261183
 0.99977318748613397
 0.86985197422915883
 0.35630566381819206
 -0.17202205632633658
 -0.65189063542320946
 -0.94811962245698522
 -0.97726040292067717
 -0.61827065004495774
 0.024048282052691987
 0.65534683009168626
 0.94956155470422277
 0.97628187600863758
 0.61467493103747084
 -0.028613416223251562
 -0.536100052379056
 -0.95098368393158716
 -0.93006880782054413
 -0.48293989111003849
 0.033177953663624922
 0.6622181460394142
 0.95238598048070489
 0.92838136871562715
 0.47893600348116838
 -0.037741799180791728
 -0.54378762121797686
 -0.95376841510680677
 -0.92667456830169237
 -0.60381116136497703
 0.042304857596161642
 0.66903422027829129
 0.98917145136069295
 0.85601021937775568
 0.33057309196900747
 -0.34635271246754379
 -0.77762117540992637
 -0.98983136742132305
 -0.9232030263304648
 -0.59650556024492263
 -0.10177064770085427
 0.42163336854287486
 0.82626197125556577
 0.99574948813708342
 0.80836512406540517
 0.39326182440105123
 -0.28251463140679067
 -0.82882571694540641
 -0.998398779306784
 -0.88671984235211354
 -0.52524920526344476
 -0.015814255536007973
 0.62472257242825535
 0.93630935971701046
 0.984134927684575
 0.75472666710096414
 0.16390339698880679
 -0.3639886666551847
 -0.78934400614948819
 -0.99956388649198535
 -0.7517228585266672
 -0.15939674058782213
 0.50597464915570589
 0.87609610931798187
 0.9824734317532009
 0.63862173069241412
 0.0021147486843296568
 -0.50990837753160867
 -0.94103251339940608
 -0.9816119409268943
 -0.74566827301361671
 -0.29966756480902224
 0.37671448817543773
 0.79768089846240808
 0.9990655247378426
 0.74261762234268391
 0.29530760337493717
 -0.2351914734962077
 -0.80042666836970566
 -0.99885772825792152
 -0.7395514844487685
 -0.29094148332762448
 0.38515923490199494
 0.88475658864781193
 0.97890471388091427
 0.62445921898958623
 0.13681547761836058
 -0.38936960356123135
 -0.88687569161064339
 -0.97796144940880547
 -0.62088584817830406
 0.020717374963544161
 0.52941587506541732
 0.94851151593640592
 0.97699778963959916
 0.61729952884911965
 -0.025282884424066471
 -0.6562791438151202
 -0.94994809580360839
 -0.93128767720556305
 -0.61370033579439642
 0.029847866612347472
 0.53714215561870826
 0.9513648645896583
 0.97500936502297297
 0.72399073590500151
 0.1186985440550069
 -0.40612900000404117
 -0.81654875871836308
 -0.99717367862900375
 -0.72083302870849542
 -0.26462053999945312
 0.26613636670920432
 0.72192184238340473
 0.97433972013122938
 0.89446482546867812
 0.53966559836386452
 -0.12025948096078005
 -0.72507435890065097
 -0.99761610861221961
 -0.8129895401913837
 -0.40051154007206008
 0.12479178969424104
 0.6149408894302183
 0.97635482996805922
 0.89034366212641014
 0.53195393787215595
 0.023711157232476316
 -0.49121112914774684
 -0.86775773336314854
 -0.99985432172435307
 -0.7598847751608806
 -0.1716898524875731
 0.49518379281713676
 0.93513413588735561
 0.98472058781311855
 0.64816408847853257
 0.16718916734334063
 -0.36088345518522658
 -0.78729410116229492
 -0.99965672575733444
 -0.75391589745208354
 -0.16268499548422688
 0.36513865163940556
 0.79010162031504583
 0.99952665500974269
 0.84299868999530825
 0.30719361949593094
 -0.2230579892443621
 -0.79289266197034569
 -0.99937573922465328
 -0.84053339739696464
 -0.44491021868367014
 0.22750731161019144
 0.69376963989668572
 0.99356634228954255
 0.9115748296758901
 0.57278989074160702
 -0.080598222732407257
 -0.57930743003644081
 -0.91482395692723983
 -0.99263176838203893
 -0.790812165192052
 -0.21973585073413712
 0.31043378884142714
 0.8448263018309673
 0.99206806997202313
 0.68468396839564494
 0.063536069721895586
 -0.58672791667811064
 -0.96811752088496095
 -0.90585685224972345
 -0.42847753222482732
 0.094245825128639826
 0.70680891937608892
 0.99546921963032331
 0.90391302325552925
 0.42434680629691318
 -0.098791221410575017
 -0.71003205735290709
 -0.99589306163665337
 -0.82537535260802997
 -0.42020723065496823
 0.10333455741059976
 0.59776668361302476
 0.97145840219953794
 0.89996885312693931
 0.55011758475158845
 0.04529650493705354
 -0.60142144191066849
 -0.97253154049542179
 -0.95466411877607582
 -0.66786488579440773
 -0.19292606540949148
 0.33636061951733709
 0.85916763922364559
 0.99999999929803707
 0.85912929147213657
 0.47623922634562982
 -0.040808889991026519
 -0.54636101681158478
 -0.95468642402066628
 -0.97251409436198921
 -0.60136156986289846
 0.045371365888891541
 0.67131238493471701
 0.98961727890937345
 0.85441940454648735
 0.46818829390851685
 -0.20195314414651017
 -0.67469011074952911
 -0.99026332165106024
 -0.85203770817596947
 -0.464148139626821
 0.20642364779482933
 0.78239957707987662
 0.99983247997102931
 0.84963824263651433
 0.46009830557788145
 -0.059052735788742081
 -0.68140328042767151
 -0.95996331965004555
 -0.91844467662543139
 -0.45603887622061912
 0.21535164711011798
 0.68473858428850043
 0.96123256142768809
 0.91662874163464036
 0.45196993621406401
 -0.068167649874410111
 -0.68805960798840127
 -0.96248175678768133
 -0.91479369043480918
 -0.57924634576443579
 0.072723021987780773
 0.6913662822677682
 0.99318350320331317
 0.91293956129574116
 0.57551774398311595
 -0.077276877469169419
 -0.57658848534133278
 -0.91347334786286249
 -0.96336037320867463
 -0.57177713983155798
 -0.071416512219100281
 0.58031363000642855
 0.91532200863263968
 0.99248136912938811
 0.79005568291226769
 0.36506888685045302
 -0.16275893470427472
 -0.75396512742134258
 -0.99965868631257737
 -0.78724789385798333
 -0.36081356617801502
 0.3159436001005983
 0.84791621144290719
 0.99976756718698545
 0.86998133186959403
 0.49511868617650917
 -0.019220412485174646
 -0.52814506197965061
 -0.88828962711363857
 -0.99820027893006624
 -0.82691484959557615
 -0.27924509506351897
 0.39639172952169083
 0.81036587949062577
 0.99791601243492889
 0.72816039309250258
 0.12471743714137844
 -0.53587862659085617
 -0.8924473602973515
 -0.99761093449210159
 -0.82174444767227495
 -0.27046345643873931
 0.26028622188069594
 0.81568351013060969
 0.996826148420485
 0.81913351355534125
 0.41022955169625069
 -0.26469280590935218
 -0.8183168365787411
 -0.99717930598945514
 -0.8165054964834555
 -0.26165925596843598
 0.41309515457527518
 0.89854426479811322
 0.97222579552915267
 0.7155193594217325
 0.25724892448168524
 -0.41724969046119159
 -0.82353223714346102
 -0.99618264199878725
 -0.81119843305825856
 -0.39769713668888385
 0.12783666325953147
 0.73031198170342548
 0.99811397490226272
 0.80851949738323936
 0.24841225888832305
 -0.42553257065895028
 -0.90447252011329171
 -0.99534381309045672
 -0.70588167261913093
 -0.24398610906956891
 0.28664108997814214
