# Created by Octave 8.4.0, Thu Dec 11 09:47:23 2025 IST <gamana@Samsung>
# name: iq
# type: matrix
# rows: 2048
# columns: 1
 0.99706007033948296
 0.81741217677477895
 0.2631763561998442
 -0.26757933088703667
 -0.82003431881388944
 -0.99669975492155383
 -0.81477298767905471
 -0.25876789299367536
 0.41582037352034329
 0.82263935911185238
 0.99631865342087256
 0.81211680656676566
 0.25435403320662997
 -0.41996921323270014
 -0.9018370479926181
 -0.9704283499248888
 -0.59431041673833829
 0.054156660896962569
 0.67780586584135905
 0.95857806179479299
 0.96931587672916597
 0.70699443523279637
 0.094506937438585861
 -0.56128938152206265
 -0.95986880079473902
 -0.96818318853898067
 -0.58694028909782114
 -0.08995968598691377
 0.56506302386814056
 0.96113952181813156
 0.96703030897644238
 0.58323682590797477
 0.085410558434171072
 -0.436476125398505
 -0.83540614555488213
 -0.99410164801316581
 -0.69723937173125705
 -0.23220701116232156
 0.29823877688491174
 0.83790744708233544
 0.99919348408392272
 0.795826014291943
 0.22776270875812374
 -0.44467530925009219
 -0.91333608119151988
 -0.99306965479367471
 -0.79305245980539629
 -0.36962995372724544
 0.15791844437680813
 0.75073460377554946
 0.99951855157608782
 0.79026236628191826
 0.21885994682257345
 -0.45283739864252964
 -0.8453062979285888
 -0.99195482049672057
 -0.78745579190865311
 -0.36112805074835524
 0.16693057028402239
 0.64796433750803051
 0.98467487951336408
 0.87014756089457157
 0.35686575795358699
 -0.17143145822393704
 -0.75971424992675674
 -0.99984981054348077
 -0.86788805486487475
 -0.35259602275589552
 0.32427693142512543
 0.76267586066973059
 0.99991852928111491
 0.86561044910871676
 0.48745724964467341
 -0.028014152610905268
 -0.65833821591201358
 -0.98697170672481427
 -0.86331479112535514
 -0.48346476204753758
 0.032578773816362379
 0.539444769141321
 0.89434751792973222
 0.99730982697147408
 0.8193268979110363
 0.41053706793381189
 -0.11390231364833965
 -0.7206512132819296
 -0.99715393876895353
 -0.89528358719251666
 -0.54120910228613728
 -0.034674352783172553
 0.60988050752199152
 0.92951769366217263
 0.98730689364631385
 0.76696871253595067
 0.18248437222101171
 -0.48562539556399231
 -0.86455865896230799
 -0.98657129559318824
 -0.65647701852210572
 -0.025545082696878618
 0.4896123951713961
 0.86684455914106351
 0.98581512268540761
 0.65302529690071753
 0.020979600942368393
 -0.6206802229306233
 -0.9344826169515198
 -0.94713933381100757
 -0.64955995649615195
 -0.016413681660202538
 0.49755567898470887
 0.87136207831000456
 0.98424111581431162
 0.64608106957776812
 0.011847420072184065
 -0.62781543718359556
 -0.97977511379001769
 -0.94416965564365596
 -0.51796822483325666
 0.14559771938948285
 0.74244194177693867
 0.99905415417283672
 0.79783904858190768
 0.37695743566298062
 -0.15011424342459914
 -0.74549348365907853
 -0.99924231199376601
 -0.8784141246596503
 -0.37272368253927118
 0.15462763684080572
 0.6384198765100676
 0.9423672782316922
 0.93956753908246515
 0.63203151200921293
 0.14645026886832396
 -0.51723086013975772
 -0.94388538104184005
 -0.93799426797162899
 -0.50225718689379151
 0.1636446553781746
 0.6454230546514419
 0.98408835915254311
 0.87178458229700406
 0.49830303575211032
 -0.16814809245020726
 -0.75754354767471233
 -0.99978651948124719
 -0.86953831103763324
 -0.4943384925459326
 0.020117995974901666
 0.52890718330563458
 0.88870159436007923
 0.9981460396596723
 0.73067021944311417
 0.12835690768192648
 -0.5327773384036506
 -0.94976063540733258
 -0.93150589989614585
 -0.61417355727376055
 -0.12382663922268553
 0.53663638247872347
 0.95118000661973989
 0.97514237786239644
 0.7244041494288006
 0.26959904955817621
 -0.26115292972931092
 -0.8162025324656873
 -0.99721854071469085
 -0.81861822739462087
 -0.26519862563593694
 0.26555843582412669
 0.81883250830413812
 0.99686777156496353
 0.81598685847420904
 0.26079267102047637
 -0.41391256458337461
 -0.8214454074650902
 -0.99757455878886059
 -0.89268389624526956
 -0.40106078858848004
 0.12419694968429182
 0.72780075185382342
 0.97622505728464248
 0.89061644973602283
 0.53246148620005185
 0.02431048835748555
 -0.49068884864234602
 -0.93329130271644045
 -0.98560709856610962
 -0.76027435081049699
 -0.17228042356740925
 0.49466286186017294
 0.869722556749563
 0.98482480954644724
 0.64862049466800065
 0.16778020311875363
 -0.49862655892901125
 -0.9365323341203855
 -0.98402198209493885
 -0.75430961863744106
 -0.16327648362920538
 0.5025798571863066
 0.87419394648307691
 0.98319863295447774
 0.64164196467474266
 0.15876935902343889
 -0.50652267418638353
 -0.93969524074499333
 -0.9823547792959354
 -0.63813259114658893
 -0.0014792755109328095
 0.5104549277021273
 0.87859241165578594
 0.98149043871780584
 0.63460990942125484
 0.14974527051499953
 -0.37730307052849954
 -0.88076418263196576
 -0.98060562924582517
 -0.74219188539576064
 -0.1452284948088578
 0.38152831590914027
 0.88291758535122433
 0.99882716155569551
 0.83336406185027223
 0.43313974907902392
 -0.24024453744627602
 -0.70314489208791719
 -0.99496471019671173
 -0.83083124203139913
 -0.28596041578581616
 0.24467499008858307
 0.70638470056819525
 0.96910367364021632
 0.90416927843456896
 0.55821925975154996
 0.055017162925071701
 -0.4636834374954496
 -0.92181583720699822
 -0.95751620892136058
 -0.67507720063547971
 -0.050456800295622002
 0.59728597179663523
 0.97131601931168288
 0.95618928038653395
 0.67170108749407231
 0.19799263740971601
 -0.33149094609378238
 -0.76759251303591824
 -0.98746091400676894
 -0.86176167500221723
 -0.34115087413467143
 0.18792794758620526
 0.77051148493708665
 0.99999984205834835
 0.85943593837696164
 0.3368545744428309
 -0.34009402346415307
 -0.77341438789128647
 -0.98886154633826362
 -0.85709227829338019
 -0.47274705089475788
 0.044772471175195144
 0.67086792725114253
 0.98953093577264317
 0.85473074362827628
 0.32824098959001718
 -0.2013659565870686
 -0.77917174513612353
 -0.99991369601748914
 -0.76243443461132976
 -0.17556138821270462
 0.35294522144878099
 0.86807338083099939
 0.98539757122753024
 0.65115271974429956
 0.1710637797767971
 -0.49573578531813189
 -0.93535909167438946
 -0.98460972637384481
 -0.64768004358274611
 -0.16656260382129034
 0.36147603246699667
 0.78768576136543023
 0.99963987460314707
 0.75349825716331365
 0.31093239590335586
 -0.21922407525367402
 -0.68762445181076515
 -0.9925680701471753
 -0.84265668830487783
 -0.30658881036181568
 0.2236774077141763
 0.79327973525618889
 0.99311344578741001
 0.84018895336674537
 0.44434101396041331
 -0.22812607540270893
 -0.69422716638980897
 -0.96476233464793859
 -0.9113133804533976
 -0.44024526209659331
 0.08123161321943638
 0.57982529386499893
 0.96595387926357601
 0.96228874613506621
 0.56851790791858747
 0.06745887302961201
 -0.45260353336221676
 -0.84516613577390332
 -0.99198798940806454
 -0.78761742848407368
 -0.36137262146864441
 0.31537474719576175
 0.84759824388955052
 0.99140072345479668
 0.68088315202612171
 0.21019535842160308
 -0.31970511255027162
 -0.75954367243008336
 -0.99984523058057562
 -0.78195695146681665
 -0.20572848390994758
 0.32402881048370535
 0.85240938001516997
 0.99016417751102426
 0.67416558449940411
 0.2012573189494406
 -0.32834575082576262
 -0.76545281519641795
 -0.99996421018503501
 -0.77623124422519763
 -0.19678195678587651
 0.33265584354707201
 0.85714940883112156
 0.99999241925486515
 0.77334407831939256
 0.19230249075247055
 -0.33695899876098812
 -0.77129810450025671
 -0.98836016778358704
 -0.92699813941640441
 -0.47568034773834422
 0.19362308257050309
 0.66839346461823534
 0.98904460426414087
 0.85645540989183011
 0.4716584301397076
 -0.19810134883246783
 -0.67178324665396527
 -0.98970841430940926
 -0.85408904984946465
 -0.46762667614742659
 0.20257548370884521
 0.77994524803485288
 0.99989670866540481
 0.76163474164534373
 0.1743454575407879
 -0.35410045191432565
 -0.78279517765024942
 -0.99982064679589477
 -0.75866754446120943
 -0.16984687508465524
 0.35836757642181133
 0.78562878214341858
 0.99157594954908901
 0.84688329728278955
