# Created by Octave 8.4.0, Thu Dec 11 09:47:23 2025 IST <gamana@Samsung>
# name: iq
# type: matrix
# rows: 2048
# columns: 1
 0.99706007033948296
 0.8958330830115131
 0.54224716769547932
 -0.11721173552297842
 -0.60890133064396568
 -0.92906155275357227
 -0.98750228500057424
 -0.76776059380909523
 -0.33173838777682652
 0.34519391021604329
 0.86393738386991581
 0.99995550774600939
 0.85428309712852479
 0.32742682899836506
 -0.34947630729317497
 -0.77971163284007661
 -0.99990200276958874
 -0.85190037886372305
 -0.32310844176316006
 0.35375141607369498
 0.78256289391760381
 0.99982764492782827
 0.84949989429398942
 0.45986541708857864
 -0.2111462234393818
 -0.78539783471713998
 -0.99152754231630602
 -0.84708169348121221
 -0.4558054392076315
 0.21560776862847272
 0.6849297096298741
 0.9613048499970458
 0.91652386521001739
 0.451735955545704
 -0.068429320412764685
 -0.56931784686309095
 -0.96255289322519511
 -0.9146877172569069
 -0.57903252519821957
 -0.080262094262641887
 0.44111841487869557
 0.83823451315416331
 0.99921737728844184
 0.7954628564466879
 0.37331329069111102
 -0.1539997744139284
 -0.63793063058015309
 -0.942154470878239
 -0.93978491259906771
 -0.6325238404520197
 0.0057836823226367819
 0.64144077042886694
 0.94367531037086794
 0.93821436618430221
 0.62898014459081497
 -0.010350251264736661
 -0.64493753308863866
 -0.98397524954642002
 -0.93662425339424948
 -0.62542333140588668
 0.014916604353269872
 0.52448504859899803
 0.94665791726123827
 0.93501460739056352
 0.49489079104069511
 -0.019482646357389975
 -0.52836776250192941
 -0.88841005886559066
 -0.99818451591765156
 -0.82676733230775934
 -0.42244725458354832
 0.10087751086643779
 0.59578477200326174
 0.9228576349406773
 0.95673518074229291
 0.55217853356912594
 0.047763785425921447
 -0.59944628234040342
 -0.924606838619073
 -0.98930281167432299
 -0.66970119209764278
 -0.043201793907063295
 0.6030952912798444
 0.97301746871639383
 0.9540378449337561
 0.54454082034982465
 0.038638901418714747
 -0.6067317227218294
 -0.97406100526838946
 -0.89501634929027651
 -0.40582081906933309
 0.11903337424526578
 0.61035550082890577
 0.92973861019853599
 0.98721150054603468
 0.65946449936692297
 0.1818949019102846
 -0.34691504748586588
 -0.7779979636358787
 -0.99993652039743985
 -0.76364340535372321
 -0.32569291987586835
 0.20400626038883832
 0.78085896061920368
 0.99987463852894498
 0.76068700266561096
 0.32137181495173944
 -0.20847479903427638
 -0.78370367285990949
 -0.99116893315155996
 -0.91941886397094896
 -0.58866567994252117
 0.061145710446713887
 0.56330213157844045
 0.96054856688459667
 0.91761328397652675
 0.45417183831706781
 -0.2173987400559155
 -0.78934400614948819
 -0.99233871732669821
 -0.9157885672405065
 -0.58125796803355856
 0.070259386309538652
 0.68957962074360624
 0.96304859030171963
 0.91394475181720136
 0.57753589027058483
 0.078433396498033117
 -0.57456868851859633
 -0.96426848850398295
 -0.96401990181623187
 -0.69220395107927979
 -0.22539202357372476
 0.3049135284973839
 0.74932400408618116
 0.99945010639381393
 0.79156744134812196
 0.3673672521603934
 -0.1603214190796719
 -0.64284705468316239
 -0.98348440519464564
 -0.93757795681005873
 -0.62755292141098928
 0.012184616709068757
 0.64633842309115219
 0.98430069118706343
 0.87119657448638765
 0.4972631344130784
 -0.16932990746395193
 -0.64981631217011537
 -0.98509644967807575
 -0.86894553749697701
 -0.35459098115184812
 0.17382890156623876
 0.76129471467094889
 0.99988903171155696
 0.86667637872741532
 0.48931833080765208
 -0.1783242704825769
 -0.65673136249930986
 -0.98662631820244562
 -0.86438914550077395
 -0.34603634430327534
 0.33089133571998847
 0.85618450009160074
 0.98912190302467629
 0.77452856646619817
 0.34174815640461548
 -0.18730375783299533
 -0.66359162882274891
 -0.9529437020089786
 -0.97384861061456984
 -0.60598684772426525
 0.039574909776025805
 0.54532624471903801
 0.89745750341030195
 0.97280090994462021
 0.60234783019754723
 0.10902893617327254
 -0.41500374368247817
 -0.82212859567070329
 -0.99765729988735974
 -0.89214288181535151
 -0.39996214760978954
 0.27550554513713005
 0.82471985682978322
 0.99795930465553018
 0.89007055452283868
 0.39577244673708739
 -0.27989264407547659
 -0.73174270439393807
 -0.97745859982628591
 -0.88797966488985158
 -0.39157449206599887
 0.1344425905599955
 0.62258678294217984
 0.97841256309769253
 0.94635565148416922
 0.52368727256847247
 -0.13896643493271216
 -0.73793727806691978
 -0.99874042183395029
 -0.88374237340992023
 -0.38315417169083399
 0.29301855271703736
 0.83491237187186829
 0.99419861127584652
 0.69788263748098545
 0.23308013572095032
 -0.29738175538438333
 -0.8374171025283168
 -0.99915703246642684
 -0.79636930825928232
 -0.37470188890066913
 0.15252020218339782
 0.63677688436544455
 0.94165156452784582
 0.98126010988344969
 0.63368282102553841
 -0.0042864402721787022
 -0.64029139418445169
 -0.94317884957564335
 -0.9387314485023539
 -0.5041002585096872
 0.0088530592542075646
 0.64379255078461561
 0.98370717741206704
 0.87282740331773245
 0.36196507827028734
 -0.31477163936862168
 -0.75614960898846761
 -0.99974017928601222
 -0.87058961707697269
 -0.49619128868304263
 0.017985648096398261
 0.650754512543403
 0.98530811818671238
 0.86833367476890355
 0.35343597986706526
 -0.32342755649263732
 -0.76209490119393808
 -0.98607777404705177
 -0.86605962344102483
 -0.34916032984535117
 0.32774544257114785
 0.76504373808146187
 0.98682686534507946
 0.93061783695940536
 0.61225090867551668
 0.12141102097190457
 -0.40363072384035797
 -0.89394552532936078
 -0.97460016917982983
 -0.72272407480947987
 -0.11687683236262683
 0.4078046943816232
 0.89598288993909425
 0.99703417447419029
 0.7195603208637491
 0.26285100805909306
 -0.41197016019304566
 -0.89800156890714844
 -0.97251409436198921
 -0.60136156986289846
 -0.10780123738777925
 0.55018016296902827
 0.90000152013413215
 0.97144062343148863
 0.71318786016985414
 0.10326002029297376
 -0.55398783516922856
 -0.9573648031389832
 -0.92201904689465719
 -0.464148139626821
 0.054493383907177437
 0.55778395400348058
 0.9039450729211691
 0.96923292646253989
 0.59035936055186145
 0.094171220419915477
 -0.56156844030411857
 -0.90588859223877527
 -0.96809874646541105
 -0.58666723142977939
 0.063610856130871932
 0.5653412151459779
 0.90781321933218118
 0.96694437685696777
 0.58296286741591263
 -0.068167649874410111
 -0.56910219984820576
 -0.90971891406343963
 -0.96576984171147617
 -0.69699759914860648
 -0.231878994448591
 0.44088301412749958
 0.83809145881061864
 0.99920696820001331
 0.87884280898254086
 0.37355659917449718
 -0.30291594242750181
 -0.74793387261845989
 -0.99937838389625189
 -0.8766548174323272
 -0.36931659404445405
 0.1582514249800219
 0.64123953205676343
 0.94358849556734636
 0.98012568485461038
 0.62918402735208534
 -0.010087981973328627
 -0.64473706499241601
 -0.98392844930791656
 -0.87222403267404025
 -0.36081356617801502
 0.16726305010571701
 0.75695720037518566
 0.98473363488519361
 0.86998133186959403
 0.49511868617650917
 -0.17176367725145975
 -0.75993348705546881
 -0.98551828393206375
 -0.86772048768357102
 -0.35228043953203181
 0.32459591128292553
 0.85272269244596266
 0.99992277691483245
 0.77872625473123713
 0.20067004565239421
 -0.32891195782272448
 -0.85509928273339597
 -0.9894281587390571
 -0.7758531484989436
 -0.34371792593314032
 0.33322114493355337
 0.85745804000306258
 0.99999457388324242
 0.86082956821913825
 0.33942587214412534
 -0.33752338274773352
 -0.85979891506325046
 -0.98806234138110383
 -0.66353556621801379
 -0.034936476854929815
 0.60967262901388219
 0.97489269133026779
 0.89335768603351851
 0.53758454875979766
 -0.12271114227330605
 -0.7267731317403282
 -0.97589941772691657
 -0.89129633857472446
 -0.53372825194534723
 0.12724205514016593
 0.61688675308117347
 0.97688579182994772
 0.88921640321184137
 0.52986082427676207
 -0.13177031438553685
 -0.62047455498489301
 -0.93438920976822137
 -0.98508355736215503
 -0.64975935062759882
 -0.016675928747218131
 0.62404941694819249
 0.97879740129708737
