# Created by Octave 8.4.0, Thu Dec 11 09:47:23 2025 IST <gamana@Samsung>
# name: iq
# type: matrix
# rows: 2048
# columns: 1
 0.99706007033948296
 0.81741217677477895
 0.2631763561998442
 -0.26757933088703667
 -0.82003431881388944
 -0.99669975492155383
 -0.81477298767905471
 -0.40332217000396425
 0.12174574039319934
 0.61251750219373202
 0.9307412043625467
 0.95041478686084535
 0.5345505649007124
 -0.126277206267076
 -0.6161208997466926
 -0.93240144544834269
 -0.98602164326815445
 -0.7618765189682617
 -0.32310844176316006
 0.35375141607369498
 0.86850088041626661
 0.985250469487432
 0.65049842763434806
 0.017648480643128749
 -0.49648404018293579
 -0.93566355795921996
 -0.98445874839776404
 -0.7559288889967074
 -0.16571279352017626
 0.36227941227075194
 0.78821639611625471
 0.99961637728604458
 0.84464582685674738
 0.451735955545704
 -0.068429320412764685
 -0.68824991106358091
 -0.99267257301273648
 -0.9146877172569069
 -0.57903252519821957
 0.072984607991762596
 0.57306627895981621
 0.91171342092136254
 0.96450593995209644
 0.69352673492061989
 0.22717892085399657
 -0.30316589222440382
 -0.84071604235180275
 -0.99938759605057081
 -0.79268712746483883
 -0.36907284080929581
 0.3075145173729773
 0.84318003849283296
 0.99953697267526553
 0.87432127497765744
 0.50280659161546182
 -0.010350251264736661
 -0.64493753308863866
 -0.98397524954642002
 -0.93662425339424948
 -0.49885389310436667
 0.16752163237433296
 0.7571285669469523
 0.98477925608846884
 0.86985197422915883
 0.49489079104069511
 -0.17202205632633658
 -0.76010394507765244
 -0.98556272514868337
 -0.93338546174226766
 -0.49091736807458636
 0.024048282052691987
 0.65534683009168626
 0.98632564038788906
 0.93173685042504906
 0.48693370707140277
 -0.181012047936218
 -0.65878935756162205
 -0.98706798589555911
 -0.86301208685108277
 -0.34347161125692577
 0.18550142810862433
 0.76893472152711884
 0.98778974619014315
 0.86069606453987113
 0.33917914848910674
 -0.3377702626083236
 -0.77184632306809275
 -0.99999882230188708
 -0.85836209249050632
 -0.33487961217098988
 0.19446848906226558
 0.66903422027829129
 0.98917145136069295
 0.85601021937775568
 0.47089834743204406
 -0.046867033747573464
 -0.55142982772784532
 -0.90065314739641111
 -0.99615971215125476
 -0.81104502967743974
 -0.25257945801771692
 0.42163336854287486
 0.82626197125556577
 0.99574948813708342
 0.70892408580754163
 0.097226591704109466
 -0.55902603440189202
 -0.9045843610622607
 -0.96886329631413692
 -0.70569586549307994
 -0.24373174421850885
 0.28689235719527861
 0.73669800137329189
 0.99864669548498619
 0.80295479393864755
 0.38484800857883378
 -0.29126409986974627
 -0.73977842583670239
 -0.99887378497716794
 -0.88246046011956136
 -0.38062901780274139
 0.29562976825788428
 0.74284342228831535
 0.98079580514366582
 0.8803031412508725
 0.37640208904310912
 -0.29998927131410252
 -0.83890731960218134
 -0.99338706034829882
 -0.69263648984203974
 -0.074477793700477926
 0.44631769078305872
 0.84138411242655475
 0.99285238222274652
 0.79193364505529973
 0.36792477034572635
 -0.15972964099951256
 -0.6423877224089799
 -0.94408321150734609
 -0.93778628091338123
 -0.62801956676063164
 -0.14133781382581198
 0.52164543106267169
 0.94557904321004638
 0.93619088246932725
 0.49778317453547566
 -0.016151433444036755
 -0.52553613306817071
 -0.88687569161064339
 -0.99837964680481783
 -0.73337300308974884
 -0.28219113174004168
 0.39357185195279359
 0.80856359383003795
 0.99578049057298412
 0.82607197240836805
 0.27780708268757176
 -0.39776589243916055
 -0.81124225234633263
 -0.99618918079676655
 -0.90050656061068934
 -0.41718158624638879
 0.106647885100269
 0.71557170856524011
 0.97224333165312371
 0.89851137326958597
 0.54733224038238693
 -0.11118743406544458
 -0.60407993511190405
 -0.92680126506087157
 -0.95366701163178647
 -0.66538142519188515
 -0.037404816318760435
 0.47923200562359664
 0.92850663698750324
 0.98773715340256729
 0.76871908322971561
 0.33315048880552711
 -0.3437882972126497
 -0.86318239617788683
 -0.98701387251156136
 -0.65853561950740669
 -0.028276331692887669
 0.48722822131491544
 0.86547908951437158
 0.99992184282293362
 0.8526835451500393
 0.32452503005875494
 -0.35235057260061453
 -0.78162986490910868
 -0.99072162615565063
 -0.92072406568307263
 -0.59135571103587237
 -0.095400638252584768
 0.56054615396318941
 0.90536486845262365
 0.96840745536036532
 0.70439492085823896
 0.090853766772771322
 -0.4315531551349901
 -0.83239022919382866
 -0.99874042183395029
 -0.88374237340992023
 -0.38315417169083399
 0.1434873811730655
 0.74101151269808929
 0.99895914375123918
 0.79912299636577122
 0.23308013572095032
 -0.29738175538438333
 -0.74407029360156574
 -0.98115194723055799
 -0.87943136084701534
 -0.37470188890066913
 0.30173875618225021
 0.83990436892725195
 0.99933408385256284
 0.79359901194327176
 0.22418865208546143
 -0.44795857031246838
 -0.91482395692723983
 -0.96246141992976164
 -0.56904057922395446
 -0.068092886001361541
 0.58302375281096053
 0.91665869474579109
 0.99206806997202313
 0.78800882612502365
 0.21527846681165561
 -0.4561055667485257
 -0.84726086568929992
 -0.99148368207262383
 -0.78518905320560317
 -0.21081659327632549
 0.31910292536187457
 0.84967775999932593
 0.99983384877874237
 0.86833367476890355
 0.35343597986706526
 -0.17504494541054377
 -0.65421517251090366
 -0.98607777404705177
 -0.86605962344102483
 -0.48824092697539156
 0.17953931786032531
 0.76504373808146187
 0.98682686534507946
 0.93061783695940536
 0.61225090867551668
 -0.031681480166081341
 -0.53868862145428353
 -0.89394552532936078
 -0.99737523200663469
 -0.72272407480947987
 -0.11687683236262683
 0.5425304763448201
 0.89598288993909425
 0.99703417447419029
 0.81721787306131521
 0.40718878950252729
 -0.11754662535427075
 -0.72319004198412096
 -0.99742383889171715
 -0.8145774273355405
 -0.25844214320731507
 0.27230121880568781
 0.72633649203427009
 0.99774102377887197
 0.89158429610588674
 0.39882994629126045
 -0.27669251862572475
 -0.72946779440294807
 -0.97674975441813594
 -0.8895069447213011
 -0.53039965315243032
 0.13114035477173422
 0.73258388378708994
 0.99831296397730396
 0.88741104275028515
 0.52652270811644564
 -0.13566625401455998
 -0.62355274104028446
 -0.93578250779400085
 -0.9843994710296855
 -0.75570808304221859
 -0.16538022551828968
 0.50073490017408062
 0.87315635203302644
 0.98358570375047472
 0.64327632135886925
 0.0081786417543016701
 -0.50468262234372585
 -0.87537324331174171
 -0.99946853590792306
 -0.74969507541622005
 -0.3054473240688339
 0.22484587561108255
 0.6917993022821437
 0.99325320366409453
 0.83953813505979158
 0.44326655429247164
 -0.22929330316701357
 -0.79677703679194523
 -0.99377242836424529
 -0.91081907787510319
 -0.4391683835773984
 0.23373594883195828
 0.79952826721899239
 0.9942709280307731
 0.83454098068776961
 0.29237364760094314
 -0.23817371995497297
 -0.7016268198592065
 -0.99474869226751583
 -0.90701080238006038
 -0.56376518666406916
 -0.061705188177938824
 0.58821246313156828
 0.96857542285893772
 0.9594266923029664
 0.68000451891008395
 0.2090229862197191
 -0.46179277882615533
 -0.85064365637548023
 -0.99062973958423328
 -0.78120900902490753
 -0.20455497621431026
 0.32516289542069804
 0.85303569840394
 0.98999571220944627
 0.67327953654496719
 0.20008270023350191
 -0.46987465789359312
 -0.85540995045046719
 -0.98934103856410838
 -0.66989594845132772
 -0.19560625154617511
 0.33378632655868862
 0.76915027238281941
 0.98784222664825339
 0.92825599487008159
 0.47863994687511247
 -0.038078777750887242
 -0.66588474714962409
 -0.95386971012119892
 -0.92654776616293766
 -0.60354231895386923
 0.042641774270994789
 0.54789656673906506
 0.95523078406663564
 0.97208530999528753
 0.59989484973093987
 -0.047203881500806025
 -0.55171111329001665
 -0.95657193676094487
 -0.92307337556835656
 -0.59623486975544926
 -0.10143517182540703
 0.42193912522092825
 0.90277326207257647
 0.99571837246654993
 0.70868620867103405
 0.24783150212176325
 -0.28283809894652973
 -0.73383133976659254
 -0.99841779827284749
 -0.88656389225759114
