# Created by Octave 8.4.0, Thu Dec 11 09:47:23 2025 IST <gamana@Samsung>
# name: iq
# type: matrix
# rows: 2048
# columns: 1
 0.99706007033948296
 0.81741217677477895
 0.2631763561998442
 -0.41166286191191009
 -0.82003431881388944
 -0.99669975492155383
 -0.81477298767905471
 -0.40332217000396425
 0.12174574039319934
 0.61251750219373202
 0.9307412043625467
 0.95041478686084535
 0.5345505649007124
 -0.126277206267076
 -0.72923708866562187
 -0.99801622712169602
 -0.88966097771079677
 -0.53068550131166847
 0.13080603864129745
 0.61971144815431445
 0.97764774684509548
 0.94753482023462876
 0.52680937032475517
 -0.13533214306748165
 -0.73545624545231092
 -0.99854960836650131
 -0.80404686683955928
 -0.38654055032865986
 0.28950866682443271
 0.73854284938133441
 0.97952724534565039
 0.88332189054261379
 0.3823247730738224
 -0.29387678624149521
 -0.74161405106639489
 -0.98043636236127607
 -0.88117195914959878
 -0.51511538248430411
 0.14889314503908596
 0.63394365677250586
 0.98132503246572256
 0.94153800602658821
 0.51119579255227765
 -0.00061748905173052778
 -0.63746884165893469
 -0.98219323712585571
 -0.93998963405957092
 -0.50726554167848714
 0.0051841873744737305
 0.64098073219064022
 0.9434767811546485
 0.98019252618813468
 0.74078502926765999
 0.14315364154996899
 -0.38346563566337838
 -0.80206146680018797
 -0.99471412193617259
 -0.90715275704229548
 -0.5640436772560169
 -0.062041763045416379
 0.45743750616528306
 0.91906542379149492
 0.95952171996815627
 0.68025173333747047
 0.20935274634661827
 -0.46149364166221007
 -0.85046631654676685
 -0.99067573919877039
 -0.67689734269446189
 -0.20488505504967391
 0.32484398121003566
 0.85285967026973009
 0.99004323693862828
 0.67352883541892117
 0.048362596540172997
 -0.59896632268215722
 -0.92437830773569063
 -0.98939008741680945
 -0.77568764392683509
 -0.19593694714062365
 0.3334684266427943
 0.85759296924080952
 0.99999540351778604
 0.86069606453987113
 0.47893600348116838
 -0.037741799180791728
 -0.54378762121797686
 -0.95376841510680677
 -0.97322421740503984
 -0.71851977171296921
 -0.26140610184024543
 0.26934646894041164
 0.72422331303918408
 0.99753012452978629
 0.81370802101913009
 0.2569954597374593
 -0.4174880367582457
 -0.82368099394745231
 -0.99615971215125476
 -0.71213752157466126
 -0.10177064770085427
 0.42163336854287486
 0.82626197125556577
 0.99813004161283114
 0.8888218168869445
 0.52912975935153383
 0.020380225184827103
 -0.62115016073397611
 -0.97803180066825379
 -0.88671984235211354
 -0.38905897338469098
 0.1371495197763625
 0.73669800137329189
 0.9789735583027539
 0.94546926027148714
 0.64562337082936083
 0.011247956082341949
 -0.50203036872450668
 -0.93790331511077729
 -0.94397197361676277
 -0.51745531617108087
 -0.0066814220535604723
 0.50597464915570589
 0.93947771061620244
 0.94245500051237052
 0.63862173069241412
 0.0021147486843296568
 -0.50990837753160867
 -0.87828874934801482
 -0.99925248579709669
 -0.74566827301361671
 -0.29966756480902224
 0.23075041581171793
 0.79768089846240808
 0.99393815228930615
 0.83622815318000376
 0.43782274524140236
 -0.2351914734962077
 -0.80042666836970566
 -0.99885772825792152
 -0.83371513570537759
 -0.29094148332762448
 0.2396276262838915
 0.80315574545163138
 0.99490081834697564
 0.83118473117740399
 0.28656929572213435
 -0.38936960356123135
 -0.88687569161064339
 -0.97796144940880547
 -0.62088584817830406
 0.020717374963544161
 0.65282663806760977
 0.98577106854626595
 0.86697529797926964
 0.35087876671096063
 -0.17773434348514575
 -0.6562791438151202
 -0.98652842266602814
 -0.93128767720556305
 -0.61370033579439642
 0.029847866612347472
 0.65971796292075569
 0.98726520282524977
 0.86238753857084249
 0.48185811012784718
 -0.18671483023342564
 -0.66314302366827793
 -0.98798139365844539
 -0.86006665733274223
 -0.47785151315373381
 0.19119927952835253
 0.7726309446768147
 0.9999961643602806
 0.76910237975061224
 0.18575915252785319
 -0.34322527295248667
 -0.77552208599333883
 -0.9999730885191962
 -0.76617566150442962
 -0.18126999201027524
 0.34751098647196554
 0.77839705386729208
 0.99000628298972737
 0.92272770475762633
 0.59551390107624014
 -0.052661536885855127
 -0.67670425882568808
 -0.95815052266696876
 -0.92095783523147523
 -0.59183905123294156
 0.057221356716363872
 0.56004959012291766
 0.95944781899102105
 0.9191687592134139
 0.45767072341707316
 -0.061779983200696019
 -0.68340048286253452
 -0.99184535648545624
 -0.84576642124300172
 -0.45360559371491849
 0.066337321269096597
 0.6867272513369036
 0.9619823574103793
 0.96624408194516875
 0.698311884064443
 0.082351916843145981
 -0.57134670254418518
 -0.96321954664810927
 -0.91368666731604986
 -0.44544703957558268
 0.075447752015456837
 0.57508868038264338
 0.91272536305760776
 0.99324451062833596
 0.79396363218353128
 0.37102076259437583
 -0.30551867984392073
 -0.74974466603466505
 -0.98276527951328996
 -0.93893789853280041
 -0.63060883078210594
 0.0082535772213779592
 0.51880002299952621
 0.94448967275556528
 0.93735676535810908
 0.50067003238648233
 -0.16545413114529683
 -0.75575715845970359
 -0.98441265345254958
 -0.87088442248734499
 -0.35826403244495147
 0.31853470610870327
 0.84936148751235574
 0.99982274110411873
 0.78272615692098302
 0.35399672753549227
 -0.32286021601341536
 -0.85176299094723662
 -0.99989829655683926
 -0.77987583156855622
 -0.34972204005644508
 0.17894952312104839
 0.657210456600686
 0.98672970031970908
 0.9308370836132025
 0.4847748679069947
 -0.18344064817265887
 -0.76759251303591824
 -0.98746091400676894
 -0.92915854587502744
 -0.60910936462077547
 -0.11747220654559611
 0.40725723252969975
 0.89571649608114523
 0.97370403558786156
 0.60548122176772357
 -0.040209878126289261
 -0.66747436862954301
 -0.95450783195983091
 -0.92574337325759704
 -0.47274705089475788
 0.044772471175195144
 0.5496794507487891
 0.89974004257597251
 0.99634110391888031
 0.71360796805049342
 0.1038563009623451
 -0.55348863374498325
 -0.9571914453849667
 -0.92225097586733729
 -0.59452133364708126
 0.053894760962600277
 0.55728627378607698
 0.95850332277440242
 0.92047590867298401
 0.59084313838376756
 -0.058454267456547186
 -0.5610722916725851
 -0.90563452989963877
 -0.99507674247845379
 -0.80420278370808562
 -0.24133553407346375
 0.43212632130727791
 0.83274223452308671
 0.99877210533894034
 0.80148015353013036
 0.38256711674833077
 -0.14411625057484284
 -0.74143807910168669
 -0.98038470181884685
 -0.94315394611726344
 -0.64023383010566237
 -0.0042115029521947612
 0.50810356037829052
 0.94032107584758051
 0.98201002887823541
 0.74706374387085395
 0.15244614050682256
 -0.5120315473723116
 -0.94186526817621741
 -0.98113746362030607
 -0.74402022533661394
 -0.29731020684864817
 0.23315300908548614
 0.7991680444144863
 0.99895572273101452
 0.83487112493613869
 0.29294690316968425
 -0.23759142540159833
 -0.70119952048348844
 -0.99468715569620947
 -0.83234869697174474
 -0.28857749010972156
 0.38743745727073825
 0.8046248177948423
 0.99514689847830351
 0.82980891045096694
 0.28420205879244498
 -0.39164344489493441
 -0.88801412508603927
 -0.99823605081354361
 -0.82725181834082195
 -0.27982070046704954
 0.39584126483067594
 0.81001447001553151
 0.99600411379319209
 0.8246774739692172
 0.41908625650456766
 -0.25529461712429846
 -0.714105463842164
 -0.99640156844884453
 -0.82208593102390259
 -0.41493556245154528
 0.2597073351704795
 0.81533655147607031
 0.99677824324039432
 0.89742444567054214
 0.54526342836913111
 -0.11364173369556495
 -0.72046934828005249
 -0.97386563363520129
 -0.95292098208008913
 -0.54142963429734614
 -0.034936476854929815
 0.60967262901388219
 0.97489269133026779
 0.89335768603351851
 0.40243190678191099
 -0.27291262473125366
 -0.7267731317403282
 -0.99778351204304205
 -0.81154885978959945
 -0.25341320863550165
 0.27730312706414845
 0.82577623193527505
 0.99582849150478125
 0.80887214180542977
 0.24899292637427459
 -0.42498997723381116
 -0.82834323351112504
 -0.99540141935684101
 -0.80617855486628232
 -0.38985271803506466
 0.13629582557301226
 0.62404941694819249
