# Created by Octave 8.4.0, Thu Dec 11 09:47:23 2025 IST <gamana@Samsung>
# name: iq
# type: matrix
# rows: 2048
# columns: 1
 0.99706007033948296
 0.81741217677477895
 0.40749676511192734
 -0.11721173552297842
 -0.60890133064396568
 -0.92906155275357227
 -0.95182505386520067
 -0.53840448048633571
 -0.031344426666491253
 0.61251750219373202
 0.9756866937503218
 0.89173695753970295
 0.39913916364882279
 -0.126277206267076
 -0.6161208997466926
 -0.97667740455693652
 -0.94898469904253735
 -0.53068550131166847
 -0.022214290997900961
 0.61971144815431445
 0.97764774684509548
 0.94753482023462876
 0.52680937032475517
 -0.13533214306748165
 -0.73545624545231092
 -0.97859770037839833
 -0.94606518067421075
 -0.64702319695337762
 -0.16571279352017626
 0.50044297299076146
 0.87299192731282182
 0.99961637728604458
 0.75293139567673473
 0.31011321061357677
 -0.22006481733715735
 -0.68824991106358091
 -0.96255289322519511
 -0.9146877172569069
 -0.57903252519821957
 0.072984607991762596
 0.57306627895981621
 0.91171342092136254
 0.96450593995209644
 0.57530323197111466
 0.07570928483461975
 -0.57680275981140672
 -0.9649887322131383
 -0.96328999306189333
 -0.69022950739697697
 -0.22272925180653891
 0.44929670050794807
 0.84318003849283296
 0.99244923265600671
 0.68691788519972474
 0.21827493776079607
 -0.31185672933426212
 -0.84562645019083471
 -0.99187874960179634
 -0.78708613347960132
 -0.21381607161106853
 0.31619243755180926
 0.8480552264261183
 0.99977318748613397
 0.78426098528443078
 0.35630566381819206
 -0.17202205632633658
 -0.76010394507765244
 -0.99986002074606939
 -0.78141948139773487
 -0.3520349582153795
 0.17651889277400565
 0.65534683009168626
 0.98632564038788906
 0.8653101111236956
 0.48693370707140277
 -0.181012047936218
 -0.76600708392244765
 -0.98706798589555911
 -0.93006880782054413
 -0.61106639304019938
 0.033177953663624922
 0.6622181460394142
 0.98778974619014315
 0.86069606453987113
 0.47893600348116838
 -0.18998693966562338
 -0.77184632306809275
 -0.98849090621939795
 -0.85836209249050632
 -0.47492212768549869
 0.19446848906226558
 0.77474182782419287
 0.99998138620148591
 0.76696871253595067
 0.18248437222101171
 -0.34635271246754379
 -0.86455865896230799
 -0.99994309558021077
 -0.85364049424972288
 -0.46686474663636957
 0.051428232491258427
 0.6757944842168484
 0.99047064063879786
 0.8512529665268137
 0.32193945930560336
 -0.20788843009190797
 -0.78333115921436058
 -0.99980395440413061
 -0.75810582758173006
 -0.31761252689779229
 0.21235319707962388
 0.78616167635188161
 0.99168720564712287
 0.84642470283328231
 0.45470586321335715
 -0.21681353546072546
 -0.78897579815913343
 -0.99958141038069237
 -0.75211808378384382
 -0.15998855098596032
 0.36768087239880365
 0.79177346594786169
 0.99282104490079037
 0.84152583106705137
 0.30459234863209911
 -0.22572055441760619
 -0.69244728475509543
 -0.96410949048091532
 -0.96417909475583619
 -0.69263648984203974
 -0.22597606066310341
 0.3043425181213476
 0.84138411242655475
 0.99943004815055925
 0.87593347296118218
 0.36792477034572635
 -0.15972964099951256
 -0.7519452059868672
 -0.99957378788416562
 -0.87372121466920871
 -0.5017386946196043
 0.011585155087853634
 0.52164543106267169
 0.94557904321004638
 0.93619088246932725
 0.62445921898958623
 -0.016151433444036755
 -0.52553613306817071
 -0.94705515494779313
 -0.97796144940880547
 -0.73337300308974884
 -0.13229028813657909
 0.39357185195279359
 0.88897629886156937
 0.99810937180197989
 0.73026078847632114
 0.27780708268757176
 -0.39776589243916055
 -0.89105836659263005
 -0.99781828131895878
 -0.82348972479342486
 -0.27341723999365541
 0.25732133973037058
 0.81390399247921841
 0.99657709558577379
 0.82089030337516489
 0.41302690829119881
 -0.11118743406544458
 -0.71875427025180472
 -0.99694422685007722
 -0.81827376236426919
 -0.40886361669740878
 0.11572466422679378
 0.60771295218366916
 0.97433972013122938
 0.89446482546867812
 0.40469179829006041
 -0.27053560075472688
 -0.72507435890065097
 -0.99761610861221961
 -0.8129895401913837
 -0.25580176557114981
 0.27492919280489736
 0.82438066428653922
 0.99792084509802448
 0.89034366212641014
 0.39632292922231288
 -0.12932149590627612
 -0.61853565886702822
 -0.97733185259986799
 -0.88825520681746439
 -0.39212605309391713
 0.28369908452689208
 0.8295160634890768
 0.99519837909198194
 0.70482032713478615
 0.24253382409876054
 -0.28807520130343556
 -0.83205784055189824
 -0.99474101974739715
 -0.70157342122455979
 -0.23810093781279595
 0.29244531029783893
 0.74060881724670391
 0.99893161851503542
 0.79948325508046658
 0.23366308595342544
 -0.29680932037190372
 -0.74366963050838819
 -0.99913224238819642
 -0.79673175151610309
 -0.37525764885050583
 0.3011671405145831
 0.74671493460754579
 0.99931202944930153
 0.87753594764229947
 0.50855529701815605
 -0.15643979414568326
 -0.63983078090230217
 -0.94297947361517021
 -0.98048795545716472
 -0.74178997201371843
 -0.14463532063038551
 0.51880002299952621
 0.88319891056935484
 0.99879795529096516
 0.8330325515970789
 0.43259932229274561
 -0.089698463358592009
 -0.58672791667811064
 -0.91847431573064442
 -0.95994232489362474
 -0.68134843078258478
 -0.21081659327632549
 0.31910292536187457
 0.84967775999932593
 0.99087861687119372
 0.67799868370998118
 0.054418557105745877
 -0.46421451522251034
 -0.8520769343569492
 -0.99025288698631997
 -0.77950044137544672
 -0.34916032984535117
 0.32774544257114785
 0.85445833872757682
 0.98960650546753481
 0.67125684091562299
 0.04529650493705354
 -0.60142144191066849
 -0.97253154049542179
 -0.89796859424785269
 -0.54629825097485496
 -0.040734014305628702
 0.60506365761878733
 0.97358439673447417
 0.89594960831540404
 0.54246752419775235
 -0.11695125643708382
 -0.72277586517827686
 -0.97461694895946094
 -0.89391193743534891
 -0.53862548430978674
 -0.031606579698358631
 0.61231015769750341
 0.97562917563660601
 0.89185562410311559
 0.53477221143632692
 -0.12601701851596336
 -0.61591429094295513
 -0.97662105565601998
 -0.88978071120295688
 -0.39518878000658209
 0.28050266265589391
 0.82765074138205874
 0.99827797602498924
 0.88768724200696714
 0.52703228840410865
 -0.13507226835580494
 -0.62308394802830314
 -0.97854369340411895
 -0.8855752601742819
 -0.386782433394182
 0.28925760604766027
 0.83274223452308671
 0.99461377204279167
 0.70069284447422997
 0.23690129582362218
 -0.29362607469684976
 -0.83526195740363451
 -0.99413005902736373
 -0.69742736225788915
 -0.23246211701882688
 0.44034484140373442
 0.83776426097200107
 0.99362561351995793
 0.79598480591584009
 0.22801809023772057
 -0.30234455038368657
 -0.74753580353931093
 -0.99935706938277469
 -0.79321220308449691
 -0.36987364886653651
 0.30669437559828905
 0.75056131278222915
 0.99951037938318776
 0.87473921650293274
 0.36562694772596338
 -0.16216739538656585
 -0.75357116913722322
 -0.99964284468553211
 -0.78761742848407368
 -0.21465784932817325
 0.31537474719576175
 0.75656530983403103
 0.9846291034754957
 0.93531985772929782
 0.49563946141864407
 -0.018621015841164639
 -0.52763589580741488
 -0.88801412508603927
 -0.97744277563395865
 -0.73169162602727844
 -0.27982070046704954
 0.39584126483067594
 0.81001447001553151
 0.99600411379319209
 0.9014163428770583
 0.55289682253873451
 0.048624570949613463
 -0.59875627262871844
 -0.971750610450137
 -0.9556506286681602
 -0.54908585102167817
 0.10910342712637483
 0.71729488562092358
 0.99677824324039432
 0.81947724355123819
 0.41077621495512678
 -0.26411463704382998
 -0.72046934828005249
 -0.97386563363520129
 -0.95292098208008913
 -0.54142963429734614
 0.11817767027670485
 0.60967262901388219
 0.92942093762242273
 0.98734851654820388
 0.76713698908029604
 0.18274224487078436
 -0.48539609972578496
 -0.86442682365432499
 -0.999945859213213
 -0.76419952433889138
 -0.32650759738066742
 0.20316252151698605
 0.67560113478077399
 0.99043448389922084
 0.92154022886593456
 0.59304526398535662
 -0.055726485204822873
 -0.6789609728205056
 -0.95902468630621518
 -0.96892820327769935
 -0.70588167261913093
 -0.24398610906956891
