# Created by Octave 8.4.0, Thu Dec 11 09:47:23 2025 IST <gamana@Samsung>
# name: iq
# type: matrix
# rows: 2048
# columns: 1
 0.99706007033948296
 0.81741217677477895
 0.2631763561998442
 -0.41166286191191009
 -0.89785314323009247
 -0.99669975492155383
 -0.71661680183738552
 -0.25876789299367536
 0.27197672523161615
 0.82263935911185238
 0.99631865342087256
 0.71342420240216764
 0.25435403320662997
 -0.27636844752632383
 -0.72923708866562187
 -0.97667740455693652
 -0.94898469904253735
 -0.65396009222976592
 -0.022214290997900961
 0.61971144815431445
 0.97764774684509548
 0.88756644408310237
 0.39074826631547099
 -0.13533214306748165
 -0.62328907253604104
 -0.97859770037839833
 -0.94606518067421075
 -0.5229222527763302
 0.13985542515412888
 0.62685369828083859
 0.93726536135324057
 0.94457581101048138
 0.5190242297318719
 -0.14437579056859726
 -0.63040525104876677
 -0.9388476181633828
 -0.94306674230411036
 -0.64003232751865924
 -0.15669884238927639
 0.50832944618280662
 0.8774101499200383
 0.98196046852828767
 0.74688936492934765
 0.15218691789985109
 -0.37501452045592854
 -0.79657321781796253
 -0.99914313223323781
 -0.8372327419467338
 -0.43947131954170243
 0.082090521919315831
 0.58052721149389108
 0.91542760447624616
 0.99244923265600671
 0.68691788519972474
 0.066599024229182319
 -0.45337183085077554
 -0.84562645019083471
 -0.99966550404728993
 -0.78708613347960132
 -0.21381607161106853
 0.45743750616528306
 0.91906542379149492
 0.99128758100646241
 0.68025173333747047
 0.20935274634661827
 -0.46149364166221007
 -0.85046631654676685
 -0.99986002074606939
 -0.86759008943263682
 -0.3520349582153795
 0.32484398121003566
 0.76306347130970409
 0.98632564038788906
 0.93173685042504906
 0.48693370707140277
 -0.028613416223251562
 -0.536100052379056
 -0.95098368393158716
 -0.97528298882685538
 -0.72484208350577484
 -0.27021093937455071
 0.40500014806224366
 0.89461555903131029
 0.97426376220703059
 0.72168845298289652
 0.26581129234256295
 -0.40917133979595066
 -0.8184675601388407
 -0.99719895765191047
 -0.89501634929027651
 -0.40582081906933309
 0.26934646894041164
 0.82108283884711719
 0.99753012452978629
 0.81370802101913009
 0.2569954597374593
 -0.4174880367582457
 -0.90065314739641111
 -0.97108426039629825
 -0.71213752157466126
 -0.25257945801771692
 0.42163336854287486
 0.90262816634349929
 0.96998389281815456
 0.59283406142640771
 -0.055988358703845706
 -0.67915351091042064
 -0.95909896399592787
 -0.91965447150011992
 -0.458768420102943
 0.21235319707962388
 0.68249837391928281
 0.96038166485395848
 0.96772249425417678
 0.70245292795551217
 0.23930021665734427
 -0.29126409986974627
 -0.83390129996400719
 -0.99887378497716794
 -0.80022448225587572
 -0.23486369851189498
 0.29562976825788428
 0.83641303144195311
 0.99390102147704307
 0.6959231720412592
 0.23042228230537098
 -0.44222640802835655
 -0.91222008763525775
 -0.96417909475583619
 -0.5742926551933929
 0.07876957415834368
 0.69573479843258723
 0.99387206381583204
 0.83655675988810607
 0.43836165735905963
 -0.083321268984552388
 -0.69900780262412576
 -0.99436648797780181
 -0.90854972200353745
 -0.56679171182125632
 0.087871226153273418
 0.70226622907149605
 0.99484017471709107
 0.83151790381238011
 0.4301343611309012
 -0.092419350775549594
 -0.58893824801691086
 -0.9687983227001733
 -0.95917317570695038
 -0.67934600227974873
 -0.056250228351296921
 0.46258889234239531
 0.92133642208986943
 0.99050672924155281
 0.67598778716342178
 0.20367611970904997
 -0.32601173556565088
 -0.7638610846955558
 -0.98652842266602814
 -0.93128767720556305
 -0.61370033579439642
 0.029847866612347472
 0.53714215561870826
 0.89312185138248557
 0.97500936502297297
 0.61008834407497825
 0.1186985440550069
 -0.40612900000404117
 -0.89516671019734817
 -0.99717367862900375
 -0.81827376236426919
 -0.26462053999945312
 0.26613636670920432
 0.72192184238340473
 0.97433972013122938
 0.95228310934829397
 0.53966559836386452
 -0.12025948096078005
 -0.61133329545709125
 -0.9753574455450581
 -0.95087934728715373
 -0.65853561950740669
 -0.028276331692887669
 0.6149408894302183
 0.93185925391478641
 0.98627000753600025
 0.76284547406125769
 0.17618695705555892
 -0.35235057260061453
 -0.86775773336314854
 -0.99985432172435307
 -0.7598847751608806
 -0.32020210376883135
 0.20968248266632986
 0.68049887040798596
 0.99133194181980266
 0.91893247106273235
 0.4571376091762453
 -0.21414548183765864
 -0.68383802411548178
 -0.99192158334645664
 -0.9171217121892673
 -0.45307123277109945
 0.21860401502443746
 0.79010162031504583
 0.99952665500974269
 0.75090784312405601
 0.30719361949593094
 -0.2230579892443621
 -0.79289266197034569
 -0.99937573922465328
 -0.74788412868125476
 -0.30284452437160619
 0.22750731161019144
 0.69376963989668572
 0.96459493207099567
 0.9115748296758901
 0.44081575119861865
 -0.23195188933175362
 -0.69705133323988455
 -0.96578927795253033
 -0.96246141992976164
 -0.68800522698678646
 -0.21973585073413712
 0.45203678212348919
 0.91665869474579109
 0.99206806997202313
 0.68468396839564494
 0.063536069721895586
 -0.4561055667485257
 -0.91847431573064442
 -0.99148368207262383
 -0.78518905320560317
 -0.21081659327632549
 0.4601648393334698
 0.92027078201715529
 0.95865273487232627
 0.55772175493586962
 0.054418557105745877
 -0.59409945894557603
 -0.970365004227011
 -0.9573431522354271
 -0.55392544587614156
 0.10333455741059976
 0.59776668361302476
 0.9238061010348807
 0.98960650546753481
 0.77663172110021084
 0.34487739811668311
 -0.3320564935482308
 -0.76797662005141698
 -0.98755537645856961
 -0.92893675340063486
 -0.48024983659958298
 0.036245563027500163
 0.66451500356302839
 0.95331735554538732
 0.97356728359948941
 0.60500399200341626
 -0.040808889991026519
 -0.54636101681158478
 -0.89800156890714844
 -0.97251409436198921
 -0.60136156986289846
 0.045371365888891541
 0.67131238493471701
 0.98961727890937345
 0.9237774076299472
 0.46818829390851685
 -0.049932895571018494
 -0.67469011074952911
 -0.99026332165106024
 -0.85203770817596947
 -0.3233566452854974
 0.20642364779482933
 0.78239957707987662
 0.99983247997102931
 0.84963824263651433
 0.46009830557788145
 -0.21088984649677303
 -0.78523545681431273
 -0.99149343853740313
 -0.91844467662543139
 -0.58666723142977939
 -0.089623827187757507
 0.5653412151459779
 0.90781321933218118
 0.99455145437254244
 0.70026499464550118
 0.085074564858861945
 -0.56910219984820576
 -0.96248175678768133
 -0.91479369043480918
 -0.57924634576443579
 -0.080523528307652692
 0.57285131597583161
 0.91160563668947248
 0.99355785265223451
 0.69371566783016436
 0.22743433812111521
 -0.4449773300437953
 -0.91347334786286249
 -0.96336037320867463
 -0.69041926913453366
 -0.22298493867120009
 0.30726493315548692
 0.84303899794670245
 0.99248136912938811
 0.68710847180785017
 0.066860722607749459
 -0.58402667228351934
 -0.91715158044517486
 -0.99191207448445484
 -0.78724789385798333
 -0.36081356617801502
 0.3159436001005983
 0.84791621144290719
 0.99976756718698545
 0.86998133186959403
 0.35655072077143918
 -0.32027309532488762
 -0.85032831870432257
 -0.99985559799969492
 -0.78158312069830338
 -0.20514176692661742
 0.32459591128292553
 0.85272269244596266
 0.99992277691483245
 0.86544154726569933
 0.48716277849229406
 -0.028351239645533603
 -0.53587862659085617
 -0.95090254255329998
 -0.93016513476203078
 -0.61127398981570313
 -0.12018508648974423
 0.53972868560925691
 0.9523059789588959
 0.92847880871813848
 0.60765343796048421
 -0.03747970176815317
 -0.66543736480437243
 -0.95368955510989162
 -0.97328447172790966
 -0.60402021354809721
 -0.11111296041333159
 0.54739495561019913
 0.89854426479811322
 0.97222579552915267
 0.7155193594217325
 0.10657337418694574
 -0.55121100671340062
 -0.95639701164548396
 -0.97114684364983439
 -0.59671605039669295
 -0.10203156538250441
 0.5550155623611589
 0.90251524314443954
 0.97004763859141163
 0.59304526398535662
 -0.055726485204822873
 -0.6789609728205056
 -0.9910542876521572
 -0.91975744586342767
 -0.58936210966894675
 -0.092941658960011372
 0.42966074223207928
