# Created by Octave 8.4.0, Thu Dec 11 09:47:23 2025 IST <gamana@Samsung>
# name: iq
# type: matrix
# rows: 2048
# columns: 1
 0.99706007033948296
 0.8958330830115131
 0.40749676511192734
 -0.26757933088703667
 -0.72295709950342013
 -0.97467563508643473
 -0.95182505386520067
 -0.53840448048633571
 0.12174574039319934
 0.61251750219373202
 0.9756866937503218
 0.89173695753970295
 0.39913916364882279
 -0.27636844752632383
 -0.82522724334078956
 -0.99591677378527643
 -0.80944368883232731
 -0.39494783328271993
 0.28075440618218883
 0.82779791753061049
 0.9982933274023793
 0.80675369022336518
 0.39074826631547099
 -0.28513450973044718
 -0.83035132807013867
 -0.99505071406714374
 -0.7037574015908532
 -0.24108099541788655
 0.43236283667164604
 0.90767174576048582
 0.99458655204620394
 0.70050569115229744
 0.085410558434171072
 -0.436476125398505
 -0.83540614555488213
 -0.99410164801316581
 -0.69723937173125705
 -0.08085964965199921
 0.44058031145546378
 0.83790744708233544
 0.99359601208065884
 0.69395851144652154
 0.076307054549183448
 -0.57631293131307915
 -0.91333608119151988
 -0.96345076458911849
 -0.69066317872013372
 -0.071752868069691278
 0.44876103338158679
 0.91518615002584003
 0.99252258712934649
 0.79026236628191826
 0.36538281225045838
 -0.3112870671345041
 -0.8453062979285888
 -0.99964981960557098
 -0.87238892007601454
 -0.36112805074835524
 0.31562363430071849
 0.75673679541218208
 0.99976024002897124
 0.87014756089457157
 0.49541164415814748
 -0.17143145822393704
 -0.65143590665126416
 -0.98546104560661119
 -0.86788805486487475
 -0.49143957136519584
 0.17592877097638684
 0.65489389015789878
 0.94937339120327868
 0.97641149517605841
 0.72839148523155783
 0.27518135912083291
 -0.25554820013760671
 -0.71428904737035315
 -0.99642376475119299
 -0.82193656840597684
 -0.41469690979581653
 0.25996060960367884
 0.81548838195195372
 0.99730982697147408
 0.72210331071667855
 0.26638918140600432
 -0.40862424436305445
 -0.89638121253194536
 -0.9969646812229912
 -0.71893660149723992
 -0.11144808692793674
 0.4127880280337809
 0.820740489024255
 0.99748783614430614
 0.89323979943204135
 0.53736337067249562
 0.030110031711012196
 -0.61349323202917039
 -0.9759566197678079
 -0.95003000237158464
 -0.53350643239463069
 -0.025545082696878618
 0.61709316219078447
 0.97694182433784282
 0.94859455951793425
 0.52963836788862773
 0.020979600942368393
 -0.6206802229306233
 -0.9779066548749713
 -0.88699683797548301
 -0.5257592578226381
 0.13655565629267968
 0.73629247129767361
 0.97885109125774172
 0.94566435559940187
 0.52186918309512553
 0.011847420072184065
 -0.50151179753412556
 -0.9376951805861069
 -0.94416965564365596
 -0.51796822483325666
 -0.007280911407297354
 0.50545745710063528
 0.87580690915030124
 0.99943886783086799
 0.84152583106705137
 0.44655238580789536
 -0.22572055441760619
 -0.79455462137295907
 -0.99927548207434191
 -0.83905004463376487
 -0.4424616353320619
 0.23016704923830103
 0.69573479843258723
 0.96531192032584046
 0.91044811152414251
 0.43836165735905963
 -0.2346087439461009
 -0.69900780262412576
 -0.96649421867844976
 -0.96171624803204947
 -0.56679171182125632
 -0.065366737446402923
 0.5852413956952025
 0.96765636088201856
 0.90663238476110664
 0.56302347038087841
 0.060809116983152368
 -0.45853535123706013
 -0.84870900418237416
 -0.99979872672709624
 -0.7834941685839707
 -0.20814497571020177
 0.32169112912610048
 0.76090585590764914
 0.99987992114534174
 0.78064825179414798
 0.35087876671096063
 -0.32601173556565088
 -0.8535038514756933
 -0.99994026315875784
 -0.77778605465602391
 -0.34659874936696677
 0.18222648701769353
 0.76680038323000432
 0.98726520282524977
 0.92961438575819666
 0.61008834407497825
 0.1186985440550069
 -0.40612900000404117
 -0.81654875871836308
 -0.99717367862900375
 -0.72083302870849542
 -0.26462053999945312
 0.26613636670920432
 0.81917649590739106
 0.99729056693318985
 0.81564015632847064
 0.26021386615355924
 -0.27053560075472688
 -0.72507435890065097
 -0.9753574455450581
 -0.95087934728715373
 -0.53581535530827096
 -0.028276331692887669
 0.48722822131491544
 0.86547908951437158
 0.99992184282293362
 0.76284547406125769
 0.17618695705555892
 -0.35235057260061453
 -0.78162986490910868
 -0.99072162615565063
 -0.85028888000473257
 -0.46119445201813503
 0.057819868091764065
 0.68049887040798596
 0.99133194181980266
 0.91893247106273235
 0.58766690383236808
 -0.062378330857600917
 -0.56432210370605085
 -0.96089129691787012
 -0.96725854326979932
 -0.70114609033859421
 -0.086305000545913779
 0.43566822324319554
 0.9092054270907165
 0.96608945909027666
 0.58025259939119722
 0.081754434436132339
 -0.57183861803164726
 -0.91109728423998393
 -0.96490022720293422
 -0.69460463034444542
 -0.0772021633450269
 0.44387101636617432
 0.91297014053824677
 0.96369087240910234
 0.57278989074160702
 -0.080598222732407257
 -0.69705133323988455
 -0.99407316861236728
 -0.83555027623656908
 -0.43671209054113685
 0.08514923093521945
 0.58302375281096053
 0.91665869474579109
 0.96121189540502372
 0.56527940041679248
 -0.089698463358592009
 -0.70357104096355216
 -0.9950246172039402
 -0.90585685224972345
 -0.56150643275911605
 0.094245825128639826
 0.70680891937608892
 0.96925136938056977
 0.95865273487232627
 0.55772175493586962
 -0.098791221410575017
 -0.71003205735290709
 -0.99589306163665337
 -0.82537535260802997
 -0.42020723065496823
 0.2541003676522241
 0.7132403876757174
 0.99629613438374887
 0.82278845535517475
 0.27222911179731163
 -0.25851453458985668
 -0.7164338434351224
 -0.97253154049542179
 -0.89796859424785269
 -0.54629825097485496
 -0.040734014305628702
 0.47630511916939311
 0.85916763922364559
 0.98825184187956794
 0.77084575096264307
 0.18844314139406976
 -0.34065773071631095
 -0.86149543713703836
 -0.9875435880617639
 -0.76792862176621013
 -0.33198580663880228
 0.34494773752928914
 0.86380526864144591
 0.99995794748120204
 0.85441940454648735
 0.32767464277460195
 -0.20195314414651017
 -0.67469011074952911
 -0.99026332165106024
 -0.92201904689465719
 -0.464148139626821
 0.20642364779482933
 0.67805376596341482
 0.95867405792466798
 0.92024145753600073
 0.46009830557788145
 -0.059052735788742081
 -0.56156844030411857
 -0.95996331965004555
 -0.96809874646541105
 -0.58666723142977939
 0.063610856130871932
 0.68473858428850043
 0.96123256142768809
 0.91662874163464036
 0.45196993621406401
 -0.068167649874410111
 -0.56910219984820576
 -0.96248175678768133
 -0.91479369043480918
 -0.57924634576443579
 -0.080523528307652692
 0.57285131597583161
 0.91160563668947248
 0.96457516552375233
 0.57551774398311595
 -0.077276877469169419
 -0.57658848534133278
 -0.91347334786286249
 -0.9930299656656284
 -0.69041926913453366
 -0.22298493867120009
 0.30726493315548692
 0.84303899794670245
 0.99248136912938811
 0.79005568291226769
 0.21853088889063887
 -0.31160751590123287
 -0.845486420966024
 -0.99965868631257737
 -0.87222403267404025
 -0.49908119296237063
 0.16726305010571701
 0.64822115199523045
 0.94657336656161561
 0.93510758318871434
 0.62205885630624247
 0.13377424106472693
 -0.52814506197965061
 -0.88828962711363857
 -0.99820027893006624
 -0.82691484959557615
 -0.42268497007417344
 0.25145686109895288
 0.71132264799552403
 0.97080666254414638
 0.90115662367122262
 0.55239718669227666
 -0.10515904404881884
 -0.5992363264894498
 -0.92450689724225354
 -0.95547390137131483
 -0.54858470737123244
 0.10969933265927975
 0.60288605549076435
 0.92623792677698591
 0.95411641469722341
 0.54476078736602618
 0.038900987211602449
 -0.60652321135819354
 -0.92794963970399535
 -0.95273903001207627
 -0.66308693126258755
 -0.18664120956076188
 0.34238191350790442
 0.8624254734116823
 0.98725327868753709
 0.76675227945330937
 0.33025481062593198
 -0.19927645160890187
 -0.77783315318496116
 -0.9898792794040554
 -0.85346479989839097
 -0.46656650589086629
 0.20374948630750056
 0.67604300803596629
 0.95789314023449235
 0.92130728613903012
 0.5925624553559925
 0.096890962859445942
 -0.42607501114555518
 -0.82901434727097012
 -0.99528584909253059
