# Created by Octave 8.4.0, Thu Dec 11 09:47:23 2025 IST <gamana@Samsung>
# name: iq
# type: matrix
# rows: 2048
# columns: 1
 0.99706007033948296
 0.8958330830115131
 0.54224716769547932
 -0.11721173552297842
 -0.60890133064396568
 -0.92906155275357227
 -0.98750228500057424
 -0.6608424346775631
 -0.18369847411188231
 0.34519391021604329
 0.77684411094735351
 0.98965494219090344
 0.85428309712852479
 0.46795651702564361
 -0.20221001589228241
 -0.77971163284007661
 -0.9902997991842033
 -0.9219174737612722
 -0.5938281674466025
 0.054755275299491701
 0.67824652386242867
 0.99092400356524601
 0.92013878115657166
 0.59014764102010608
 -0.059314559022868391
 -0.56178544187468848
 -0.96003675884366646
 -0.91834089914126482
 -0.58645480711822251
 0.06387260574650877
 0.5655575416944385
 0.9613048499970458
 0.966877464742528
 0.7000777311951929
 0.084813229831986955
 -0.56931784686309095
 -0.96255289322519511
 -0.96570177215863195
 -0.69680949900727573
 -0.23162385210571532
 0.44111841487869557
 0.83823451315416331
 0.99921737728844184
 0.87871764054369417
 0.51068044846592586
 -0.0012169927623786735
 -0.51277160339566497
 -0.87987688011884446
 -0.98097050610764491
 -0.74344414005284531
 -0.14707886180448676
 0.37979868346574014
 0.88203781161932693
 0.98007362009303423
 0.62898014459081497
 -0.010350251264736661
 -0.52059139660806109
 -0.88418034830145964
 -0.97915629473220078
 -0.62542333140588668
 0.014916604353269872
 0.52448504859899803
 0.94665791726123827
 0.97821854915588147
 0.62185347507426159
 -0.019482646357389975
 -0.65189063542320946
 -0.94811962245698522
 -0.93338546174226766
 -0.49091736807458636
 0.17651889277400565
 0.65534683009168626
 0.98632564038788906
 0.8653101111236956
 0.34775691095553296
 -0.181012047936218
 -0.76600708392244765
 -0.98706798589555911
 -0.86301208685108277
 -0.34347161125692577
 0.3334684266427943
 0.76893472152711884
 0.98778974619014315
 0.86069606453987113
 0.47893600348116838
 -0.18998693966562338
 -0.66563312401798547
 -0.95376841510680677
 -0.97322421740503984
 -0.71851977171296921
 -0.1108522977199087
 0.41333399829856854
 0.89865934540983339
 0.97216437610049722
 0.71533610577853302
 0.2569954597374593
 -0.27374159579893415
 -0.82368099394745231
 -0.99784048800762737
 -0.89090525512361429
 -0.5329992784866211
 -0.024945769805903319
 0.49013503876520476
 0.93306290263883518
 0.9857143278662881
 0.76068700266561096
 0.17290636130483472
 -0.35546668344393723
 -0.86940874861318307
 -0.98493489813929835
 -0.75771473591924188
 -0.16840663519935209
 0.49807561849560866
 0.93630935971701046
 0.984134927684575
 0.64562337082936083
 0.16390339698880679
 -0.50203036872450668
 -0.87388519838325185
 -0.98331443318542888
 -0.6421292465344145
 -0.0066814220535604723
 0.50597464915570589
 0.87609610931798187
 0.9824734317532009
 0.74870337284051514
 0.30402127670330764
 -0.2263045458482901
 -0.69287968350990514
 -0.96426848850398295
 -0.96401990181623187
 -0.5738017680491504
 -0.07387994139958845
 0.44685409141316507
 0.91432450995893599
 0.96279588184073128
 0.57005567924401146
 -0.083918673314793177
 -0.6994363906929727
 -0.96664793069210975
 -0.90829909993624047
 -0.4337124315048439
 0.2396276262838915
 0.7026928983702091
 0.96780742505491923
 0.96028763077360757
 0.56252791462795315
 -0.093016272330551625
 -0.70593475145094076
 -0.96894673588189228
 -0.90444055412780355
 -0.42546475484063667
 0.097562209492346161
 0.70916188232663657
 0.99578049057298412
 0.82607197240836805
 0.27780708268757176
 -0.2529057306336317
 -0.81124225234633263
 -0.99781828131895878
 -0.82348972479342486
 -0.41718158624638879
 0.106647885100269
 0.71557170856524011
 0.97224333165312371
 0.95503102527647488
 0.66878354895063952
 0.041967936110490878
 -0.47521886452547285
 -0.85853505300654542
 -0.98843983512506073
 -0.77163187100420239
 -0.33745284137923132
 0.19178768900065554
 0.66700103896563889
 0.95431814982942342
 0.92598349239297739
 0.60234783019754723
 -0.044137625214724266
 -0.67039653886251627
 -0.98943902375805948
 -0.85506042765754497
 -0.32884118840868792
 0.20074345876300026
 0.7787732659358052
 0.99009064908208233
 0.8526835451500393
 0.32452503005875494
 -0.35235057260061453
 -0.86775773336314854
 -0.99985432172435307
 -0.7598847751608806
 -0.32020210376883135
 0.20968248266632986
 0.68049887040798596
 0.99133194181980266
 0.84787648216215594
 0.4571376091762453
 -0.21414548183765864
 -0.68383802411548178
 -0.96089129691787012
 -0.96725854326979932
 -0.58396584088904802
 -0.086305000545913779
 0.56808628456274546
 0.9092054270907165
 0.96608945909027666
 0.69788263748098545
 0.081754434436132339
 -0.43977420553022362
 -0.91109728423998393
 -0.96490022720293422
 -0.69460463034444542
 -0.22863677800280582
 0.30173875618225021
 0.83990436892725195
 0.99933408385256284
 0.87724832130168195
 0.50803901515625172
 -0.0042864402721787022
 -0.64029139418445169
 -0.94317884957564335
 -0.98036992927622912
 -0.74138779202865035
 -0.29355443911615486
 0.23697409994913654
 0.80152496580324284
 0.99462153661748143
 0.83270074194778887
 0.43205874002810724
 -0.24140825635502416
 -0.80424732122389797
 -0.99508416659435028
 -0.90560274921938144
 -0.42793577198471555
 0.24583737821367846
 0.80695290413982168
 0.99552604418141488
 0.82760868059582926
 0.42380387937971431
 -0.099387774929510453
 -0.71045408205694227
 -0.97050969629949302
 -0.90169129151887883
 -0.55342621957623661
 -0.049259283613090801
 0.59824718058907844
 0.92403546149932281
 0.989520117873813
 0.7762539210985151
 0.19681722358073409
 -0.4728130847931325
 -0.92577170863838576
 -0.95448548382986664
 -0.54579601386796173
 -0.040135000622663876
 0.60554086019085052
 0.92748864889265203
 0.98816003957529952
 0.66401085889695832
 0.18785434424611683
 -0.34122131553440338
 -0.77417388382841079
 -0.99998646081245512
 -0.76754448025858624
 -0.33142024428079914
 0.34551038306063547
 0.77705641245335788
 0.98970326637270012
 0.92354767364821833
 0.59722586772224207
 -0.050531642697646817
 -0.67513248402895309
 -0.95753781681130956
 -0.92178678654374213
 -0.46361704105805235
 0.20701020294663866
 0.67849428688606228
 0.99096927757341313
 0.84932193198522976
 0.31846367064830305
 -0.35833399507441271
 -0.87092125115799168
 -0.9843994710296855
 -0.64676603917887232
 -0.16538022551828968
 0.36259370507354283
 0.87315635203302644
 0.99960698059496689
 0.84446525583110477
 0.45143507759741341
 -0.068765747042522973
 -0.68849451687399366
 -0.96264425706104728
 -0.9656141565470755
 -0.69656758553488018
 -0.23129578853988478
 0.44142102839570441
 0.91185190848861342
 0.9934897346948528
 0.69328375107809725
 0.22685050426344353
 -0.30348722560178526
 -0.8408985917021129
 -0.99939933922813762
 -0.79248150281653562
 -0.22240048904039264
 0.30783538028013108
 0.84336129110560609
 0.99954717667545245
 0.78968802398976323
 0.36451069476733244
 -0.16335041552555229
 -0.64519521258985024
 -0.98403532181835085
 -0.93650605963703171
 -0.49856160000648819
 0.015253786964101002
 0.52477213534678935
 0.88646056314994948
 0.97814849400595127
 0.62158935063365273
 0.13318010153099763
 -0.52865403833390945
 -0.88856480988550313
 -0.97718884210939361
 -0.6180055709143798
 0.024385404138185334
 0.65560150530830985
 0.94966724670251723
 0.97620881102840229
 0.61440890274510263
 -0.028950497499741039
 -0.53638468848563203
 -0.95108791243206647
 -0.92994486488287587
 -0.48264457491927476
 0.033514987101304058
 0.66247079180869495
 0.98784222664825339
 0.86052432995207551
 0.47863994687511247
 -0.19031800790633269
 -0.66588474714962409
 -0.98854186490453733
 -0.85818903436324712
 -0.47462533683833424
 0.042641774270994789
 0.54789656673906506
 0.95523078406663564
 0.97208530999528753
 0.71510042164526089
 0.2566695505195406
 -0.41779443979418884
 -0.82387216943413188
 -0.99786258122388205
 -0.89075204234264915
 -0.53271392021889008
 0.1284312254337609
 0.73072137985246688
 0.99815059791834015
 0.80816656237513129
 0.24783150212176325
 -0.28283809894652973
 -0.82901434727097012
 -0.99841779827284749
