# Created by Octave 8.4.0, Thu Dec 11 09:47:23 2025 IST <gamana@Samsung>
# name: iq
# type: matrix
# rows: 2048
# columns: 1
 0.99706007033948296
 0.8958330830115131
 0.40749676511192734
 -0.26757933088703667
 -0.82003431881388944
 -0.99739959216031482
 -0.89379434027545168
 -0.40332217000396425
 0.27197672523161615
 0.82263935911185238
 0.9977183133033527
 0.89173695753970295
 0.39913916364882279
 -0.27636844752632383
 -0.82522724334078956
 -0.99591677378527643
 -0.710216724570086
 -0.24993486888935224
 0.28075440618218883
 0.82779791753061049
 0.99549412439592866
 0.80675369022336518
 0.39074826631547099
 -0.13533214306748165
 -0.62328907253604104
 -0.93566355795921996
 -0.98445874839776404
 -0.7559288889967074
 -0.16571279352017626
 0.36227941227075194
 0.78821639611625471
 0.99961637728604458
 0.75293139567673473
 0.1612074989385934
 -0.36653212183670031
 -0.79101851933410983
 -0.99267257301273648
 -0.84219234522037123
 -0.30576841154300655
 0.22451727661408843
 0.69155575910797984
 0.9932140410785969
 0.83972129973922371
 0.30141723570001927
 -0.22896505360363265
 -0.79657321781796253
 -0.99373479575595003
 -0.91095823285371369
 -0.5715619408474234
 0.082090521919315831
 0.58052721149389108
 0.91542760447624616
 0.99244923265600671
 0.68691788519972474
 0.066599024229182319
 -0.45337183085077554
 -0.91725607877992499
 -0.96079785708328713
 -0.68359193739244539
 -0.062041763045416379
 0.45743750616528306
 0.91906542379149492
 0.99128758100646241
 0.78426098528443078
 0.35630566381819206
 -0.17202205632633658
 -0.76010394507765244
 -0.98556272514868337
 -0.86759008943263682
 -0.49091736807458636
 0.024048282052691987
 0.65534683009168626
 0.94956155470422277
 0.97628187600863758
 0.61467493103747084
 0.12445719769369468
 -0.40082051008727831
 -0.81318585042005176
 -0.9975927809538645
 -0.82159495582841269
 -0.41415131091223267
 0.26053945541214196
 0.71789508624863763
 0.99684699428045553
 0.89704391948377393
 0.40999034014640989
 -0.11449789551660453
 -0.72106671853433502
 -0.99719895765191047
 -0.81635404255404231
 -0.40582081906933309
 0.26934646894041164
 0.72422331303918408
 0.97508422786670002
 0.89297011361220469
 0.40164283463597866
 -0.27374159579893415
 -0.72736480393270331
 -0.976087115172108
 -0.89090525512361429
 -0.5329992784866211
 -0.024945769805903319
 0.49013503876520476
 0.93306290263883518
 0.94840464974003225
 0.65257115358035622
 0.020380225184827103
 -0.49411048094498033
 -0.86940874861318307
 -0.98493489813929835
 -0.64910403070761957
 -0.015814255536007973
 0.49807561849560866
 0.93630935971701046
 0.94546926027148714
 0.64562337082936083
 0.011247956082341949
 -0.62828195559010802
 -0.97989489953272035
 -0.88246046011956136
 -0.38062901780274139
 0.29562976825788428
 0.74284342228831535
 0.98079580514366582
 0.94245500051237052
 0.63862173069241412
 0.15488675998232163
 -0.50990837753160867
 -0.87828874934801482
 -0.9816119409268943
 -0.74566827301361671
 -0.29966756480902224
 0.37671448817543773
 0.88046307274605584
 0.98072997867282441
 0.74261762234268391
 0.14585720244600886
 -0.5177438501891326
 -0.88261903416678134
 -0.97982756338423382
 -0.7395514844487685
 -0.14133781382581198
 0.38515923490199494
 0.88475658864781193
 0.97890471388091427
 0.73646992327589755
 0.28656929572213435
 -0.38936960356123135
 -0.88687569161064339
 -0.97796144940880547
 -0.62088584817830406
 -0.13229028813657909
 0.39357185195279359
 0.88897629886156937
 0.97699778963959916
 0.73026078847632114
 0.27780708268757176
 -0.2529057306336317
 -0.71237422369576531
 -0.97116471230884116
 -0.90050656061068934
 -0.55114847945818168
 -0.046530180664730178
 0.60043432000801411
 0.97224333165312371
 0.89851137326958597
 0.54733224038238693
 -0.11118743406544458
 -0.71875427025180472
 -0.99694422685007722
 -0.89649744755550087
 -0.40886361669740878
 0.11572466422679378
 0.60771295218366916
 0.97433972013122938
 0.95228310934829397
 0.66196542496401622
 0.032840916452987139
 -0.48323515238183556
 -0.93019264499265608
 -0.98701387251156136
 -0.76579026388864402
 -0.32884118840868792
 0.20074345876300026
 0.7787732659358052
 0.99992184282293362
 0.8526835451500393
 0.465241676691655
 -0.20521511058589292
 -0.6771455249584406
 -0.95832196740132169
 -0.92072406568307263
 -0.59135571103587237
 -0.095400638252584768
 0.42742908702497839
 0.90536486845262365
 0.99513952175078968
 0.70439492085823896
 0.24195217599768648
 -0.28864923917442065
 -0.83239022919382866
 -0.99467943848793638
 -0.80186001883484936
 -0.23751863257405997
 0.29301855271703736
 0.74101151269808929
 0.99895914375123918
 0.79912299636577122
 0.23308013572095032
 -0.29738175538438333
 -0.8374171025283168
 -0.99915703246642684
 -0.87943136084701534
 -0.51196717669537917
 -0.00028026810314381957
 0.63677688436544455
 0.98202417657034946
 0.87724832130168195
 0.50803901515625172
 -0.15703188857470202
 -0.75014123938655175
 -0.98287592588523542
 -0.87504698682238213
 -0.3662183487781972
 0.16154030008025003
 0.7531532776590677
 0.99962566030275579
 0.78800882612502365
 0.36196507827028734
 -0.31477163936862168
 -0.75614960898846761
 -0.98451791381517395
 -0.93554450172266268
 -0.62302533315261921
 0.017985648096398261
 0.52709597262535235
 0.88772174448364649
 0.99827357730354438
 0.82760868059582926
 0.42380387937971431
 -0.25026137315619335
 -0.71045408205694227
 -0.97050969629949302
 -0.95716975147556826
 -0.67419215097034724
 -0.20129255304917421
 0.46878414367617327
 0.92403546149932281
 0.989520117873813
 0.7762539210985151
 0.34431461312667594
 -0.33262192165991472
 -0.85713088116327518
 -0.98885038991703345
 -0.6674185654672885
 -0.19233778950696631
 0.33692513186863876
 0.77127520987753551
 0.99999979713272458
 0.77046371533771096
 0.18785434424611683
 -0.48084130178777795
 -0.86179968962706266
 -0.99998646081245512
 -0.76754448025858624
 -0.18336698130000104
 0.34551038306063547
 0.86410715897615442
 0.99995226986548125
 0.76460923810912385
 0.32710817819128124
 -0.20254025912300952
 -0.67513248402895309
 -0.95753781681130956
 -0.97020180877802364
 -0.70955697453770561
 -0.098120056271630993
 0.42495741676912124
 0.82832308169498958
 0.99540486435650744
 0.70633165536328146
 0.093574363747004757
 -0.42908682841071355
 -0.83087294452468408
 -0.99859960296641448
 -0.80348956942675309
 -0.24017179352942708
 0.43320729148554482
 0.83340547957469346
 0.99883078709797413
 0.80076254521241408
 0.2357362491636617
 -0.2947720194620107
 -0.74224210581578476
 -0.98062031368972058
 -0.94275477055799772
 -0.63931231609601769
 -0.0030125029018574635
 0.50913589562750616
 0.94072840847183858
 0.94122200399946154
 0.51039048674775866
 -0.0015542134212349434
 -0.63819028610314688
 -0.94226744669384188
 -0.93966960834163338
 -0.63226261305088494
 0.0061208973313193644
 0.64169944063822781
 0.94378683401392172
 0.93809761595957408
 0.62871794603502085
 0.1422265017441251
 -0.38433058445293944
 -0.80262056584572172
 -0.99867569066952333
 -0.73707693247992045
 -0.28742928495139086
 0.38854253912744019
 0.80533619044350724
 0.99843033056584207
 0.73398302658285619
 0.13318010153099763
 -0.52865403833390945
 -0.94822677574888892
 -0.933264388344899
 -0.6180055709143798
 -0.12865268805560975
 0.39694205174748343
 0.89065052568276315
 0.99787714938844085
 0.82399871852646989
 0.2742806783315328
 -0.40112943452200633
 -0.81338206817485037
 -0.99756933985126051
 -0.82140266898159908
 -0.26988624726652932
 0.26086501504268755
 0.81603017562444879
 0.99724072609621539
 0.72145498151342724
 0.2654861877484091
 -0.26527087964301094
 -0.72130032636190611
 -0.97413725812455376
 -0.9525567355248995
 -0.6626380579904444
 -0.033738176038133443
 0.48244897976528095
 0.92986272891087873
 0.98715768600311338
 0.65921096082010155
 0.029173718402167544
 -0.48644403644873635
 -0.86502901377401642
 -0.99993266392534941
 -0.8531522147574826
 -0.46603616913778467
 0.052363695172689753
 0.67648463831794114
 0.99059921561527775
 0.92107401228967911
 0.59207943375671812
 -0.056923589632934479
 -0.55980247462207999
