# Created by Octave 8.4.0, Thu Dec 11 09:47:23 2025 IST <gamana@Samsung>
# name: iq
# type: matrix
# rows: 2048
# columns: 1
 0.99706007033948296
 0.81741217677477895
 0.40749676511192734
 -0.26757933088703667
 -0.72295709950342013
 -0.99739959216031482
 -0.81477298767905471
 -0.25876789299367536
 0.27197672523161615
 0.82263935911185238
 0.9977183133033527
 0.81211680656676566
 0.25435403320662997
 -0.41996921323270014
 -0.82522724334078956
 -0.99801622712169602
 -0.88966097771079677
 -0.39494783328271993
 0.13080603864129745
 0.61971144815431445
 0.97764774684509548
 0.94753482023462876
 0.65049842763434806
 0.17021463217652491
 -0.35801914740060525
 -0.87075548362775734
 -0.99973243577145421
 -0.7559288889967074
 -0.31445154230134043
 0.36227941227075194
 0.78821639611625471
 0.99961637728604458
 0.84464582685674738
 0.31011321061357677
 -0.22006481733715735
 -0.79101851933410983
 -0.99947947189198894
 -0.74991820004097443
 -0.15669884238927639
 0.50832944618280662
 0.94041029539182541
 0.98196046852828767
 0.63651683455885644
 0.15218691789985109
 -0.51225682209534928
 -0.94195336044907441
 -0.98108672759545423
 -0.6329880670983572
 -0.14767181956608888
 0.51617351493844721
 0.88175517967331396
 0.98019252618813468
 0.74078502926765999
 0.14315364154996899
 -0.38346563566337838
 -0.80206146680018797
 -0.99872344485238629
 -0.73770965602296679
 -0.13863247807766196
 0.38767924157623307
 0.8860266541137356
 0.99848235643527605
 0.82966251550724124
 0.42712419847488775
 -0.095736315726760557
 -0.59162761605977232
 -0.92085560177722303
 -0.95822557211480941
 -0.55647836159153252
 0.10028104696026842
 0.71108558651626785
 0.99602750333649714
 0.82452909748853165
 0.27518135912083291
 -0.40027119857025584
 -0.81283679053972591
 -0.99763417391420772
 -0.72525496053724303
 -0.12051985628836237
 0.40445193887085795
 0.89434751792973222
 0.99730982697147408
 0.72210331071667855
 0.26638918140600432
 -0.26436759761487083
 -0.81812296642813798
 -0.99715393876895353
 -0.81670014042814298
 -0.2619847133958928
 0.26876907226385538
 0.820740489024255
 0.99659874386674296
 0.81405635073808913
 0.40219178600183031
 -0.1229714388149704
 -0.72695326304485031
 -0.99780093100154443
 -0.81139558397687261
 -0.39800651997194264
 0.27755511442268971
 0.82592413058045877
 0.99809321681110275
 0.88909638161822035
 0.52963836788862773
 0.020979600942368393
 -0.49358918395682855
 -0.86911238135537339
 -0.98503839069289045
 -0.75810582758173006
 -0.31761252689779229
 0.3591719908072325
 0.78616167635188161
 0.99970310675110219
 0.75511982966047653
 0.164494764015997
 -0.36343022125511892
 -0.78897579815913343
 -0.99958141038069237
 -0.75211808378384382
 -0.30893888111699319
 0.36768087239880365
 0.79177346594786169
 0.99282104490079037
 0.9141878894328731
 0.44655238580789536
 -0.074216236599828955
 -0.69244728475509543
 -0.99335691254234948
 -0.91232751373217513
 -0.4424616353320619
 0.07876957415834368
 0.69573479843258723
 0.96531192032584046
 0.91044811152414251
 0.57054813287203821
 0.069922994692288284
 -0.58153233821740702
 -0.96649421867844976
 -0.90854972200353745
 -0.43425253739356928
 0.23904554590989419
 0.80279843518809202
 0.99484017471709107
 0.83151790381238011
 0.4301343611309012
 -0.2434773626005656
 -0.70551000982053125
 -0.9687983227001733
 -0.95917317570695038
 -0.67934600227974873
 -0.056250228351296921
 0.46258889234239531
 0.92133642208986943
 0.99050672924155281
 0.67598778716342178
 0.20367611970904997
 -0.32601173556565088
 -0.7638610846955558
 -0.98652842266602814
 -0.86469043479524876
 -0.48585465799489252
 0.029847866612347472
 0.53714215561870826
 0.89312185138248557
 0.97500936502297297
 0.61008834407497825
 0.1186985440550069
 -0.54098853304387418
 -0.95276179274796713
 -0.92792170728734635
 -0.60646362901863526
 0.038975868375956735
 0.54482362820236752
 0.95413885114572949
 0.97293960590383544
 0.6028262662184477
 0.10962484661941579
 -0.41445822861210652
 -0.82178714924509855
 -0.99644589250719506
 -0.8129895401913837
 -0.40051154007206008
 0.27492919280489736
 0.82438066428653922
 0.99605082436071568
 0.81032196923136679
 0.25138433026619494
 -0.27931705123175316
 -0.73133396242559634
 -0.97733185259986799
 -0.94801236134682287
 -0.65163487930751562
 -0.019145488278022892
 0.62211752879892024
 0.93513413588735561
 0.98472058781311855
 0.64816408847853257
 0.01457942004615246
 -0.49914612947357034
 -0.93674234064043382
 -0.94506629297245326
 -0.64467978024642647
 -0.16268499548422688
 0.36513865163940556
 0.79010162031504583
 0.99952665500974269
 0.84299868999530825
 0.44899540760658252
 -0.071491258666853949
 -0.69047347805072579
 -0.99303879523100436
 -0.91344285313471929
 -0.57652725677815253
 -0.0772021633450269
 0.44387101636617432
 0.91297014053824677
 0.9931747655467954
 0.79359901194327176
 0.37046398183577256
 -0.30608946424582323
 -0.75014123938655175
 -0.99949029421725744
 -0.87504698682238213
 -0.3662183487781972
 0.16154030008025003
 0.64379255078461561
 0.98370717741206704
 0.93714774717803118
 0.62659092130276683
 0.13952151045415628
 -0.52320966358971066
 -0.94617437850265707
 -0.97852825047564906
 -0.62302533315261921
 0.017985648096398261
 0.650754512543403
 0.94764255991038049
 0.97757679069033354
 0.7321246402313728
 0.28043073238907928
 -0.25026137315619335
 -0.80964165812629452
 -0.99799493988328547
 -0.82503673372531272
 -0.4196631483833223
 0.25468014892050156
 0.71366046350530787
 0.99634750575784725
 0.8224475807887246
 0.27165220072888396
 -0.25909361335349135
 -0.81496845536821072
 -0.99672707261570836
 -0.8977046154509839
 -0.41135551681729121
 0.26350167441270839
 0.72002850987141109
 0.97372110498126263
 0.95311347734608709
 0.54196379738289779
 -0.11754662535427075
 -0.60916879520417599
 -0.9291862464554993
 -0.98744908124580055
 -0.76754448025858624
 -0.18336698130000104
 0.34551038306063547
 0.86410715897615442
 0.98671752975550331
 0.65715397345424653
 0.17887579425213712
 -0.34979224499924849
 -0.86639660744903924
 -0.99989722500485212
 -0.76165805010351362
 -0.17438087676587846
 0.35406681205242768
 0.7827727936038511
 0.99096927757341313
 0.84932193198522976
 0.31846367064830305
 -0.35833399507441271
 -0.87092125115799168
 -0.9997245785693325
 -0.75570808304221859
 -0.16538022551828968
 0.50073490017408062
 0.87315635203302644
 0.99960698059496689
 0.75270942807255592
 0.16087467946475087
 -0.50468262234372585
 -0.87537324331174171
 -0.99946853590792306
 -0.74969507541622005
 -0.3054473240688339
 0.37109035081734881
 0.79400918965226941
 0.99930924739545157
 0.7466650879372424
 0.30109568094123251
 -0.22929330316701357
 -0.79677703679194523
 -0.9991291183794988
 -0.83704828615673299
 -0.4391683835773984
 0.23373594883195828
 0.79952826721899239
 0.99892815261664103
 0.74055846159663596
 0.29237364760094314
 -0.3837770560290073
 -0.80226282355669942
 -0.99474869226751583
 -0.90701080238006038
 -0.43094465135510163
 0.091525398699506169
 0.58821246313156828
 0.96857542285893772
 0.90507827123668394
 0.55998750548639908
 0.057146541344009039
 -0.46179277882615533
 -0.92098703315352426
 -0.99062973958423328
 -0.78120900902490753
 -0.35171930379742294
 0.32516289542069804
 0.76328138178410543
 0.98638116107680518
 0.86514103433169209
 0.34744071794215031
 -0.18134368802751832
 -0.76622381684746443
 -0.98712198703216847
 -0.92994486488287587
 -0.61079942113405361
 0.033514987101304058
 0.54023327442822866
 0.89476619086006459
 0.99724072609621539
 0.8187894891587626
 0.2654861877484091
 -0.40947901636436274
 -0.89679605440828325
 -0.99689131497651151
 -0.71828519146551872
 -0.11051714876850045
 0.54789656673906506
 0.89880721535633923
 0.99652111377909025
 0.81351195702580037
 0.2566695505195406
 -0.27406592047488221
 -0.72759618081039457
 -0.99786258122388205
 -0.89075204234264915
 -0.39714701031852595
 0.27845491328665334
 0.82645187614190396
 0.99571837246654993
 0.70868620867103405
 0.096890962859445942
 -0.55930560942458629
 -0.95919436693370819
 -0.91952198293002108
 -0.58887768312041511
