# Created by Octave 8.4.0, Thu Dec 11 09:47:23 2025 IST <gamana@Samsung>
# name: iq
# type: matrix
# rows: 2048
# columns: 1
 0.99706007033948296
 0.81741217677477895
 0.40749676511192734
 -0.11721173552297842
 -0.60890133064396568
 -0.97467563508643473
 -0.95182505386520067
 -0.6608424346775631
 -0.18369847411188231
 0.48454544831307755
 0.86393738386991581
 0.98677225365717247
 0.7648265315825612
 0.32742682899836506
 -0.34947630729317497
 -0.86622816469789188
 -0.99990200276958874
 -0.7618765189682617
 -0.17471292102219657
 0.49251475324559779
 0.86850088041626661
 0.985250469487432
 0.75891061748844191
 0.31878331613078459
 -0.2111462234393818
 -0.68159522404935846
 -0.96003675884366646
 -0.96803299318482094
 -0.70333136332568646
 -0.24049913052813435
 0.29008244521409926
 0.83321906296188719
 0.99452407799023024
 0.7000777311951929
 0.23606395286305812
 -0.43701543014966737
 -0.90982778912911666
 -0.96570177215863195
 -0.57903252519821957
 0.072984607991762596
 0.69155575910797984
 0.9932140410785969
 0.83972129973922371
 0.4435688105502032
 -0.22896505360363265
 -0.79657321781796253
 -0.99914313223323781
 -0.74384495350793745
 -0.29705977382799137
 0.37924403260955986
 0.88175517967331396
 0.98019252618813468
 0.62944609872927793
 0.14315364154996899
 -0.38346563566337838
 -0.80206146680018797
 -0.99872344485238629
 -0.73770965602296679
 -0.13863247807766196
 0.38767924157623307
 0.80478052944019018
 0.995172673015283
 0.82966251550724124
 0.42712419847488775
 -0.24670748503358705
 -0.70786729603693477
 -0.99561046985879564
 -0.82710443109173448
 -0.27956888546549696
 0.25113046123705945
 0.81016824749014416
 0.99602750333649714
 0.82452909748853165
 0.27518135912083291
 -0.40027119857025584
 -0.89229517179135864
 -0.99763417391420772
 -0.72525496053724303
 -0.12051985628836237
 0.539444769141321
 0.95220302359858278
 0.9743987219147211
 0.60792122508734092
 0.11598518103835469
 -0.40862424436305445
 -0.89638121253194536
 -0.97336184318883701
 -0.71893660149723992
 -0.2619847133958928
 0.26876907226385538
 0.72380978565701937
 0.99748783614430614
 0.89323979943204135
 0.40219178600183031
 -0.27316494175828576
 -0.82334089515210096
 -0.99780093100154443
 -0.81139558397687261
 -0.39800651997194264
 0.12750220183209923
 0.73008157988849232
 0.97694182433784282
 0.94859455951793425
 0.52963836788862773
 0.020979600942368393
 -0.6206802229306233
 -0.9779066548749713
 -0.94713933381100757
 -0.64955995649615195
 -0.1689975465227028
 0.49755567898470887
 0.93609865989502394
 0.94566435559940187
 0.64608106957776812
 0.164494764015997
 -0.36343022125511892
 -0.78897579815913343
 -0.99226447206662238
 -0.91602919982827036
 -0.4506338234743309
 0.22126935221527527
 0.68914533015244894
 0.96288695422024306
 0.96538036905262048
 0.6959231720412592
 0.23042228230537098
 -0.44222640802835655
 -0.83890731960218134
 -0.99926546539418393
 -0.79471385035233399
 -0.37216731045212564
 0.15521990264824989
 0.74892687579832318
 0.99943004815055925
 0.87593347296118218
 0.36792477034572635
 -0.15972964099951256
 -0.6423877224089799
 -0.98337572251258365
 -0.93778628091338123
 -0.62801956676063164
 -0.14133781382581198
 0.52164543106267169
 0.88475658864781193
 0.99862910069091138
 0.73646992327589755
 0.28656929572213435
 -0.38936960356123135
 -0.80586807279352213
 -0.99535103343762399
 -0.90444055412780355
 -0.42546475484063667
 0.097562209492346161
 0.70916188232663657
 0.970065839412798
 0.95769927327928239
 0.55495322438255723
 -0.10210611200314788
 -0.71237422369576531
 -0.97116471230884116
 -0.95637512183597873
 -0.55114847945818168
 0.106647885100269
 0.60043432000801411
 0.92507656477813749
 0.98912190302467629
 0.77452856646619817
 0.34174815640461548
 -0.33519734327953327
 -0.85853505300654542
 -0.99999928298596319
 -0.85976064685240505
 -0.33745284137923132
 0.19178768900065554
 0.77301140416510317
 0.99999432420953505
 0.85741947795759588
 0.33315048880552711
 -0.1962676204535162
 -0.67039653886251627
 -0.95567269543164057
 -0.97173292160015401
 -0.59869625076160626
 -0.10448831771420683
 0.55295926305115228
 0.90144878500030279
 0.97064466785397419
 0.71084844417378734
 0.25080403281712832
 -0.27989264407547659
 -0.82729391853123047
 -0.99824049707315343
 -0.80728383888807087
 -0.39157449206599887
 0.28427390587818346
 0.73484765382093153
 0.99850087127598641
 0.88587025652170326
 0.52368727256847247
 0.013979977208803314
 -0.62615396992670891
 -0.93695201049059973
 -0.94487015805853269
 -0.64422137197363261
 -0.0094135720807538813
 0.62970809852713572
 0.93853811251994479
 0.94336495945166887
 0.51588466120556886
 0.0048469706335147475
 -0.50755612643698156
 -0.87697910545821811
 -0.98212982640030599
 -0.74748602601074754
 -0.15307415633124866
 0.51148559287361273
 0.94165156452784582
 0.94029557266769315
 0.50803901515625172
 -0.15703188857470202
 -0.64029139418445169
 -0.94317884957564335
 -0.9387314485023539
 -0.5041002585096872
 0.0088530592542075646
 0.64379255078461561
 0.98370717741206704
 0.87282740331773245
 0.36196507827028734
 -0.31477163936862168
 -0.84726086568929992
 -0.99148368207262383
 -0.68134843078258478
 -0.05897792840350171
 0.59041984438793671
 0.96925136938056977
 0.95865273487232627
 0.55772175493586962
 -0.098791221410575017
 -0.59409945894557603
 -0.9220480561402048
 -0.99025288698631997
 -0.77950044137544672
 -0.20187974966664896
 0.32774544257114785
 0.85445833872757682
 0.9999586319136059
 0.86376751051845613
 0.34487739811668311
 -0.18402994603395961
 -0.66109548976492238
 -0.95192840572335036
 -0.97460016917982983
 -0.60863379684069807
 0.036245563027500163
 0.66451500356302839
 0.98826329219449338
 0.92723629695034715
 0.60500399200341626
 -0.040808889991026519
 -0.66792065896118524
 -0.95468642402066628
 -0.97251409436198921
 -0.71638156055294167
 -0.25844214320731507
 0.27230121880568781
 0.82283104388607065
 0.99774102377887197
 0.89158429610588674
 0.5342655367518574
 -0.12661172060870704
 -0.61638647735605456
 -0.93252327229805121
 -0.98596540036085667
 -0.76165805010351362
 -0.17438087676587846
 0.49280821003958597
 0.86866798729944894
 0.99982132737852258
 0.84932193198522976
 0.31846367064830305
 -0.35833399507441271
 -0.87092125115799168
 -0.9997245785693325
 -0.84690242494468848
 -0.31413140947528839
 0.36259370507354283
 0.78842387647310075
 0.99960698059496689
 0.75270942807255592
 0.16087467946475087
 -0.50468262234372585
 -0.93896368106054662
 -0.98275142388085146
 -0.63977318806970362
 -0.003612003576097977
 0.50861981940315182
 0.94052491117439774
 0.94142434045552237
 0.51090593409880236
 -0.15374061493672009
 -0.63772862612896031
 -0.98225653615836761
 -0.93987451980311765
 -0.50697489923478045
 0.0055214035258760244
 0.64123953205676343
 0.94358849556734636
 0.93830509815306196
 0.62918402735208534
 0.14281988564772793
 -0.52036743992919077
 -0.88405779351868652
 -0.97920953288405665
 -0.62562796553631705
 -0.13829850545761893
 0.38799006792188778
 0.80498064877621045
 0.99846372804915795
 0.73439005846064775
 0.28362722468448237
 -0.24703426848143711
 -0.80768168619747682
 -0.99820027893006624
 -0.82691484959557615
 -0.42268497007417344
 0.25145686109895288
 0.71132264799552403
 0.97080666254414638
 0.90115662367122262
 0.55239718669227666
 -0.10515904404881884
 -0.5992363264894498
 -0.97189192478739406
 -0.89916758903474137
 -0.41439002875065545
 0.10969933265927975
 0.71771247291264939
 0.97295691831292452
 0.8971598023399584
 0.54476078736602618
 0.038900987211602449
 -0.47791734039237166
 -0.86010488691058218
 -0.98796980750470442
 -0.76967584934310729
 -0.18664120956076188
 0.34238191350790442
 0.8624254734116823
 0.98725327868753709
 0.65966164416892148
 0.029772961920549099
 -0.48592015540831529
 -0.9313149733479128
 -0.98651616079302507
 -0.76381271901443137
 -0.32594089083721095
 0.35094893923134723
 0.86701264097890396
 0.98575846919369059
 0.76085722933077538
 0.32162017358082473
 -0.20821827182906286
 -0.78354073279034975
 -0.99113411896468162
 -0.84866937008156818
 -0.45846875433808681
