# Created by Octave 8.4.0, Thu Dec 11 09:47:23 2025 IST <gamana@Samsung>
# name: iq
# type: matrix
# rows: 2048
# columns: 1
 0.99706007033948296
 0.81741217677477895
 0.40749676511192734
 -0.11721173552297842
 -0.60890133064396568
 -0.97467563508643473
 -0.89379434027545168
 -0.53840448048633571
 0.12174574039319934
 0.61251750219373202
 0.9756866937503218
 0.89173695753970295
 0.39913916364882279
 -0.126277206267076
 -0.6161208997466926
 -0.93240144544834269
 -0.98602164326815445
 -0.7618765189682617
 -0.17471292102219657
 0.49251475324559779
 0.86850088041626661
 0.99982764492782827
 0.84949989429398942
 0.31878331613078459
 -0.35801914740060525
 -0.87075548362775734
 -0.99973243577145421
 -0.84708169348121221
 -0.4558054392076315
 0.21560776862847272
 0.6849297096298741
 0.9613048499970458
 0.966877464742528
 0.7000777311951929
 0.084813229831986955
 -0.56931784686309095
 -0.90982778912911666
 -0.99403645175662203
 -0.69680949900727573
 -0.080262094262641887
 0.44111841487869557
 0.91171342092136254
 0.96450593995209644
 0.57530323197111466
 0.07570928483461975
 -0.57680275981140672
 -0.91358003901312201
 -0.96328999306189333
 -0.5715619408474234
 0.082090521919315831
 0.58052721149389108
 0.91542760447624616
 0.99244923265600671
 0.68691788519972474
 0.21827493776079607
 -0.31185672933426212
 -0.75413739896883958
 -0.99966550404728993
 -0.78708613347960132
 -0.21381607161106853
 0.31619243755180926
 0.8480552264261183
 0.99977318748613397
 0.78426098528443078
 0.35630566381819206
 -0.17202205632633658
 -0.76010394507765244
 -0.98556272514868337
 -0.93338546174226766
 -0.61827065004495774
 0.024048282052691987
 0.53223945734323408
 0.89049714453735651
 0.99789905398277001
 0.72798059751291655
 0.2746049511819631
 -0.40082051008727831
 -0.81318585042005176
 -0.9975927809538645
 -0.72484208350577484
 -0.11992470052882938
 0.40500014806224366
 0.81583521236402634
 0.99726570321822938
 0.81898303909962988
 0.26581129234256295
 -0.26494572488577295
 -0.72106671853433502
 -0.99719895765191047
 -0.89501634929027651
 -0.40582081906933309
 0.26934646894041164
 0.82108283884711719
 0.99654916134521687
 0.71533610577853302
 0.2569954597374593
 -0.4174880367582457
 -0.90065314739641111
 -0.97108426039629825
 -0.59650556024492263
 0.051428232491258427
 0.55523372073924604
 0.95779626121622063
 0.92143835717186395
 0.46282140941885924
 -0.055988358703845706
 -0.55902603440189202
 -0.9045843610622607
 -0.99531849785788795
 -0.80566836007221854
 -0.24373174421850885
 0.28689235719527861
 0.83137217755029091
 0.99864669548498619
 0.88459937535560251
 0.38484800857883378
 -0.14167164154906572
 -0.62828195559010802
 -0.93790331511077729
 -0.98331443318542888
 -0.6421292465344145
 -0.0066814220535604723
 0.50597464915570589
 0.93947771061620244
 0.94245500051237052
 0.51354214370764828
 -0.15070692720004675
 -0.74589292680788943
 -0.99926546539418393
 -0.79471385035233399
 -0.37216731045212564
 0.15521990264824989
 0.74892687579832318
 0.99943004815055925
 0.79193364505529973
 0.36792477034572635
 -0.30868941789305326
 -0.7519452059868672
 -0.99957378788416562
 -0.78913692405411384
 -0.3636745572016995
 0.16423604820363752
 0.7549478544265199
 0.99969668159732372
 0.87149073500076379
 0.35941675965785358
 -0.1687390302799123
 -0.75793475849732128
 -0.99979872672709624
 -0.7834941685839707
 -0.35515146651018259
 0.32169112912610048
 0.85111530279515479
 0.99050672924155281
 0.78064825179414798
 0.35087876671096063
 -0.17773434348514575
 -0.7638610846955558
 -0.98652842266602814
 -0.93128767720556305
 -0.61370033579439642
 -0.12323172689716683
 0.40195163755402535
 0.89312185138248557
 0.97500936502297297
 0.72399073590500151
 0.26902169520804903
 -0.26173158241395567
 -0.71875427025180472
 -0.99694422685007722
 -0.81827376236426919
 -0.40886361669740878
 0.11572466422679378
 0.60771295218366916
 0.92850663698750324
 0.95228310934829397
 0.66196542496401622
 0.18517004939254975
 -0.48323515238183556
 -0.86318239617788683
 -0.99996851064241199
 -0.85506042765754497
 -0.46927919879232782
 0.20074345876300026
 0.67377805770053945
 0.99009064908208233
 0.92249645868675645
 0.465241676691655
 -0.20521511058589292
 -0.78162986490910868
 -0.99985432172435307
 -0.7598847751608806
 -0.1716898524875731
 0.49518379281713676
 0.93513413588735561
 0.9465491972583544
 0.64816408847853257
 0.01457942004615246
 -0.49914612947357034
 -0.93674234064043382
 -0.94506629297245326
 -0.52030344573097032
 -0.010013047761816983
 0.62924227162023949
 0.93833100971718231
 0.94356367941495367
 0.51639813837311055
 -0.14741240706340067
 -0.74366963050838819
 -0.99913224238819642
 -0.87971658210087067
 -0.37525764885050583
 0.15192768482357455
 0.74671493460754579
 0.99931202944930153
 0.87753594764229947
 0.50855529701815605
 -0.0036869410735316153
 -0.51489055655288429
 -0.94297947361517021
 -0.93893789853280041
 -0.50461792658281668
 0.1609486409301393
 0.75275876160493482
 0.98359922291909652
 0.93735676535810908
 0.50067003238648233
 -0.16545413114529683
 -0.64682319170808622
 -0.98441265345254958
 -0.93575608369329677
 -0.6234941541662522
 -0.13559200846936478
 0.52658641600492995
 0.88744558510144256
 0.99830861010480987
 0.73253287317743021
 0.28100613039472744
 -0.39470685938945244
 -0.80928964907531076
 -0.99803270539892408
 -0.72941653362923886
 -0.1265373853312915
 0.39889866518032613
 0.81196373785045661
 0.99629613438374887
 0.82278845535517475
 0.41605889162941456
 -0.10787573837779833
 -0.7164338434351224
 -0.97253154049542179
 -0.95466411877607582
 -0.66786488579440773
 -0.040734014305628702
 0.60506365761878733
 0.92726435688547848
 0.95329472382463132
 0.54246752419775235
 -0.11695125643708382
 -0.72277586517827686
 -0.9973806551759018
 -0.89391193743534891
 -0.40356216028660752
 0.12148540426003865
 0.7259242988997987
 0.97562917563660601
 0.89185562410311559
 0.53477221143632692
 0.027041826074332108
 -0.4883063246597511
 -0.93230661792593683
 -0.94906737002852937
 -0.65415849443225915
 -0.17497116393201925
 0.35350608027650443
 0.86837084011363574
 0.98529531704751827
 0.6506976111800985
 0.017910722171062571
 -0.62308394802830314
 -0.93557096785863769
 -0.94615012161663581
 -0.52314579966074126
 0.13959571509328172
 0.73836599107446921
 0.97947441103636879
 0.94466188428579101
 0.64373520641664106
 0.0087781241696827904
 -0.63020162794834811
 -0.93875727320841684
 -0.98286211440631888
 -0.64023383010566237
 -0.15695787985318554
 0.50810356037829052
 0.94032107584758051
 0.94162633855895717
 0.51142119782764928
 -0.15314821073141613
 -0.74753580353931093
 -0.99935706938277469
 -0.87694309315205521
 -0.50749155703303084
 0.15765944704572057
 0.64077939301056042
 0.94338981799034627
 0.93851224311500481
 0.62964988253721943
 -0.0094885067303111005
 -0.51985540455118928
 -0.94489469349560051
 -0.97933096713068779
 -0.6260955390552706
 0.014054907842664553
 0.64776454196252897
 0.9846291034754957
 0.93531985772929782
 0.49563946141864407
 -0.018621015841164639
 -0.65123688918118505
 -0.94784529645431592
 -0.97744277563395865
 -0.73169162602727844
 -0.27982070046704954
 0.39584126483067594
 0.89010471046960693
 0.99795451682541114
 0.72857116629725449
 0.12531223791860269
 -0.40003082953286218
 -0.89217673280036824
 -0.97547304664155143
 -0.61174833880240098
 -0.1207802233251128
 0.40421205162844998
 0.81533655147607031
 0.99732901840245536
 0.81947724355123819
 0.26664197777726245
 -0.26411463704382998
 -0.81797211421139282
 -0.9969850670123489
 -0.81685146595519664
 -0.26223782635529558
 0.26851643083041526
 0.82059061821265755
 0.99662032358932839
 0.81420865299611456
 0.40243190678191099
 -0.27291262473125366
 -0.7267731317403282
 -0.97589941772691657
 -0.95011184358475875
 -0.65667484806848442
 -0.025807279212384109
 0.48938368325399473
 0.93275256001014872
 0.94867753784339925
 0.52986082427676207
 0.02124182547795625
 -0.49336106072996849
 -0.86898262245016622
 -0.98508355736215503
 -0.64975935062759882
 -0.16925605113976636
 0.49732814920591017
 0.87123336167618004
