# Created by Octave 8.4.0, Thu Dec 11 09:47:23 2025 IST <gamana@Samsung>
# name: iq
# type: matrix
# rows: 2048
# columns: 1
 0.99706007033948296
 0.81741217677477895
 0.40749676511192734
 -0.11721173552297842
 -0.72295709950342013
 -0.99739959216031482
 -0.89379434027545168
 -0.53840448048633571
 -0.031344426666491253
 0.61251750219373202
 0.9756866937503218
 0.95041478686084535
 0.5345505649007124
 0.026779638075654512
 -0.48853519495787168
 -0.86622816469789188
 -0.99990200276958874
 -0.85190037886372305
 -0.32310844176316006
 0.20668027481499857
 0.67824652386242867
 0.95874864621098477
 0.96916833338707042
 0.59014764102010608
 -0.059314559022868391
 -0.68159522404935846
 -0.99152754231630602
 -0.84708169348121221
 -0.31445154230134043
 0.21560776862847272
 0.78821639611625471
 0.99961637728604458
 0.84464582685674738
 0.31011321061357677
 -0.36653212183670031
 -0.8752101648306293
 -0.99947947189198894
 -0.84219234522037123
 -0.30576841154300655
 0.22451727661408843
 0.69155575910797984
 0.96378086250028872
 0.91283249357463192
 0.4435688105502032
 -0.077538373483401396
 -0.57680275981140672
 -0.9649887322131383
 -0.96328999306189333
 -0.69022950739697697
 -0.071154896496347181
 0.58052721149389108
 0.91542760447624616
 0.99244923265600671
 0.68691788519972474
 0.066599024229182319
 -0.58423955633417979
 -0.9673440726117527
 -0.96079785708328713
 -0.68359193739244539
 -0.062041763045416379
 0.5879397169116356
 0.96849149417710867
 0.95952171996815627
 0.56026686158099936
 0.057483207986331115
 -0.46149364166221007
 -0.92085560177722303
 -0.95822557211480941
 -0.67689734269446189
 -0.052923454120163547
 0.46554015275120081
 0.85285967026973009
 0.99004323693862828
 0.67352883541892117
 0.20041309089354509
 -0.3291596362235587
 -0.76600708392244765
 -0.98706798589555911
 -0.86301208685108277
 -0.34347161125692577
 0.18550142810862433
 0.6622181460394142
 0.98778974619014315
 0.86069606453987113
 0.33917914848910674
 -0.18998693966562338
 -0.77184632306809275
 -0.98849090621939795
 -0.85836209249050632
 -0.47492212768549869
 0.19446848906226558
 0.77474182782419287
 0.98917145136069295
 0.85601021937775568
 0.33057309196900747
 -0.34635271246754379
 -0.77762117540992637
 -0.99994309558021077
 -0.76403033079695037
 -0.17799244441910247
 0.35063314737503665
 0.86684455914106351
 0.99988395123660889
 0.76107601527488455
 0.17349680460094399
 -0.35490626986012647
 -0.86911238135537339
 -0.99980395440413061
 -0.75810582758173006
 -0.31761252689779229
 0.3591719908072325
 0.87136207831000456
 0.98424111581431162
 0.75511982966047653
 0.164494764015997
 -0.36343022125511892
 -0.8735936030877316
 -0.98342331467676902
 -0.75211808378384382
 -0.15998855098596032
 0.36768087239880365
 0.79177346594786169
 0.99943886783086799
 0.84152583106705137
 0.30459234863209911
 -0.22572055441760619
 -0.69244728475509543
 -0.99335691254234948
 -0.91232751373217513
 -0.5742926551933929
 -0.074477793700477926
 0.44631769078305872
 0.91408155714959471
 0.9629577125917067
 0.57054813287203821
 0.069922994692288284
 -0.45039966562289363
 -0.91592396357618688
 -0.96171624803204947
 -0.56679171182125632
 -0.065366737446402923
 0.4544722474186727
 0.84628500582049038
 0.99969668159732372
 0.78632374567415608
 0.21260949086681319
 -0.31736381384729234
 -0.84870900418237416
 -0.99112415953073163
 -0.7834941685839707
 -0.20814497571020177
 0.46258889234239531
 0.85111530279515479
 0.99050672924155281
 0.67598778716342178
 0.051690166626058617
 -0.59629502905811249
 -0.97102161033957579
 -0.90076708853249832
 -0.41772635433529737
 0.10605178105953815
 0.71515280292566097
 0.99652735636496814
 0.89877436420064549
 0.4135728135876256
 -0.26115292972931092
 -0.8162025324656873
 -0.99721854071469085
 -0.81861822739462087
 -0.26519862563593694
 0.26555843582412669
 0.72150687115320833
 0.97420460722463287
 0.89473272591303799
 0.40523994382358991
 -0.26995840372191243
 -0.72466136787698021
 -0.97522500136899581
 -0.89268389624526956
 -0.53632144128767723
 0.12419694968429182
 0.72780075185382342
 0.99788202688277594
 0.81067312387003299
 0.25196453736646229
 -0.27874135800008448
 -0.82661975814466226
 -0.99816868423776495
 -0.88853042950170691
 -0.52859042667655221
 0.13325437159471662
 0.73403391999699508
 0.99843452487561368
 0.80529176356133636
 0.38847348785946451
 -0.1377789612471641
 -0.62521865425110601
 -0.9365323341203855
 -0.98402198209493885
 -0.64513795681808295
 -0.010612519844126429
 0.5025798571863066
 0.87419394648307691
 0.98319863295447774
 0.75130362478232604
 0.3077640804358302
 -0.36882906218473727
 -0.79252720497175122
 -0.99296800256705919
 -0.84085803344299925
 -0.30341582116580706
 0.3730699565266074
 0.87859241165578594
 0.98149043871780584
 0.63460990942125484
 -0.0030874405497794671
 -0.63936993766176997
 -0.98265427993058763
 -0.87562672307979927
 -0.50513541329369049
 0.0076540922221998405
 0.51828741647559129
 0.88291758535122433
 0.97970036933262528
 0.62752491551599232
 0.14070869037571973
 -0.385745604551474
 -0.80353417917116288
 -0.99859563564291698
 -0.83083124203139913
 -0.28596041578581616
 0.24467499008858307
 0.70638470056819525
 0.96910367364021632
 0.95882316854271554
 0.55821925975154996
 -0.098194632385580516
 -0.59361711625913305
 -0.92181583720699822
 -0.95751620892136058
 -0.67507720063547971
 -0.050456800295622002
 0.59728597179663523
 0.92357640854991629
 0.98969253739172902
 0.67170108749407231
 0.045895385394162144
 -0.47175622405012824
 -0.85651265778517405
 -0.99998684795731974
 -0.77412644792750684
 -0.19351427197345175
 0.33579598627634649
 0.85886072213434583
 0.99999984205834835
 0.77122750954177499
 0.18903187081461517
 -0.47978965707740173
 -0.92874241110959266
 -0.95208896010981581
 -0.66148898157258573
 -0.032205778434699808
 0.48379140646894586
 0.93042572176579064
 0.98691159380281812
 0.65805726073601745
 0.027641105913960573
 -0.61544188316722392
 -0.97649200589141216
 -0.94925608710775422
 -0.53141572791071234
 0.12995160770617539
 0.73176722055036192
 0.9774661934888772
 0.94780994075947012
 0.52754167927373141
 0.018510126722055167
 -0.49573578531813189
 -0.87033140566819012
 -0.99975199877945442
 -0.84753938649740079
 -0.3152694969780277
 0.36147603246699667
 0.78768576136543023
 0.99200199459009886
 0.91686822237936105
 0.58344985888275414
 -0.067569528206502957
 -0.68762445181076515
 -0.9925680701471753
 -0.84265668830487783
 -0.44842749913276869
 0.2236774077141763
 0.69093301377287253
 0.96355067000154482
 0.964733146222856
 0.69414733525730998
 0.076568570188056032
 -0.57609856620207622
 -0.96476233464793859
 -0.9113133804533976
 -0.44024526209659331
 0.08123161321943638
 0.69750684096234183
 0.9941420522542519
 0.90942370387819937
 0.56851790791858747
 -0.085782380000612515
 -0.58353992932414578
 -0.91691249019940346
 -0.96103643057553478
 -0.56475508395065876
 -0.062901866674132029
 0.45667099943363915
 0.84759824388955052
 0.9997544625272542
 0.87027678172632683
 0.49563946141864407
 -0.17117305216711148
 -0.75954367243008336
 -0.99984523058057562
 -0.78195695146681665
 -0.35284144865526218
 0.17567057279463055
 0.76250619481193627
 0.99991514695253547
 0.8657417491556576
 0.48768624444110664
 -0.027751971601748842
 -0.53537237209859767
 -0.95071683091542147
 -0.93038507033518414
 -0.61174833880240098
 -0.1207802233251128
 0.53922390280909605
 0.95212287234456894
 0.97445765666701689
 0.72228472937476751
 0.11624568987102067
 -0.54306418805411272
 -0.95350905733780555
 -0.97342194446667962
 -0.60449789105443952
 -0.11170873212366551
 0.41254911937971112
 0.89828099129858441
 0.99662032358932839
 0.81420865299611456
 0.40243190678191099
 -0.27291262473125366
 -0.7267731317403282
 -0.99778351204304205
 -0.81154885978959945
 -0.25341320863550165
 0.27730312706414845
 0.82577623193527505
 0.99582849150478125
 0.80887214180542977
 0.24899292637427459
 -0.28168784626551813
 -0.73301628836640964
 -0.99834965947009091
 -0.88711792332171879
 -0.52598234640887054
 0.13629582557301226
 0.73611496866813952
