# Created by Octave 8.4.0, Thu Dec 11 09:47:23 2025 IST <gamana@Samsung>
# name: iq
# type: matrix
# rows: 2048
# columns: 1
 0.99706007033948296
 0.81741217677477895
 0.2631763561998442
 -0.41166286191191009
 -0.89785314323009247
 -0.99669975492155383
 -0.71661680183738552
 -0.10813648706951674
 0.41582037352034329
 0.82263935911185238
 0.99631865342087256
 0.71342420240216764
 0.10359543274975808
 -0.41996921323270014
 -0.82522724334078956
 -0.99801622712169602
 -0.88966097771079677
 -0.53068550131166847
 0.13080603864129745
 0.73235430365016874
 0.9982933274023793
 0.80675369022336518
 0.39074826631547099
 -0.13533214306748165
 -0.62328907253604104
 -0.93566355795921996
 -0.94606518067421075
 -0.5229222527763302
 -0.013082302230897626
 0.50044297299076146
 0.87299192731282182
 0.98364649651042202
 0.64353447266247155
 0.1612074989385934
 -0.36653212183670031
 -0.79101851933410983
 -0.99947947189198894
 -0.74991820004097443
 -0.30576841154300655
 0.37077718740857579
 0.79380414593267479
 0.99932172244443662
 0.74688936492934765
 0.30141723570001927
 -0.37501452045592854
 -0.87959183670055963
 -0.99914313223323781
 -0.74384495350793745
 -0.29705977382799137
 0.23340805554780536
 0.69812411955698905
 0.99423482618450487
 0.90906497418168908
 0.56780872985143183
 0.066599024229182319
 -0.45337183085077554
 -0.91725607877992499
 -0.99187874960179634
 -0.68359193739244539
 -0.062041763045416379
 0.5879397169116356
 0.96849149417710867
 0.95952171996815627
 0.56026686158099936
 -0.095736315726760557
 -0.59162761605977232
 -0.96961871794042342
 -0.90327160727240496
 -0.42299056154802456
 0.10028104696026842
 0.71108558651626785
 0.99602750333649714
 0.82452909748853165
 0.27518135912083291
 -0.40027119857025584
 -0.81283679053972591
 -0.99763417391420772
 -0.72525496053724303
 -0.12051985628836237
 0.539444769141321
 0.89434751792973222
 0.99730982697147408
 0.72210331071667855
 0.26638918140600432
 -0.40862424436305445
 -0.81812296642813798
 -0.99715393876895353
 -0.89528358719251666
 -0.54120910228613728
 -0.034674352783172553
 0.60988050752199152
 0.97495106171121826
 0.9514456324359305
 0.6599150493749707
 0.18248437222101171
 -0.48562539556399231
 -0.86455865896230799
 -0.99994309558021077
 -0.85364049424972288
 -0.46686474663636957
 0.051428232491258427
 0.6757944842168484
 0.99047064063879786
 0.92143835717186395
 0.59283406142640771
 -0.055988358703845706
 -0.55902603440189202
 -0.95909896399592787
 -0.96886329631413692
 -0.58915019910744659
 -0.092680508055636157
 0.429897566468319
 0.83137217755029091
 0.99486675030193172
 0.80295479393864755
 0.23930021665734427
 -0.29126409986974627
 -0.73977842583670239
 -0.99887378497716794
 -0.80022448225587572
 -0.23486369851189498
 0.43812590268212964
 0.9103395938539478
 0.99390102147704307
 0.79747748196428803
 0.37640208904310912
 -0.15070692720004675
 -0.74589292680788943
 -0.99926546539418393
 -0.79471385035233399
 -0.37216731045212564
 0.15521990264824989
 0.74892687579832318
 0.99943004815055925
 0.87593347296118218
 0.36792477034572635
 -0.15972964099951256
 -0.7519452059868672
 -0.98337572251258365
 -0.87372121466920871
 -0.3636745572016995
 0.16423604820363752
 0.7549478544265199
 0.99969668159732372
 0.87149073500076379
 0.49778317453547566
 -0.1687390302799123
 -0.75793475849732128
 -0.98499315626050998
 -0.93457595984954878
 -0.49381727322850888
 0.020717374963544161
 0.52941587506541732
 0.88897629886156937
 0.99810937180197989
 0.73026078847632114
 0.12776233975286863
 -0.53328457614273284
 -0.89105836659263005
 -0.97601375467033502
 -0.61370033579439642
 -0.12323172689716683
 0.40195163755402535
 0.81390399247921841
 0.99657709558577379
 0.89851137326958597
 0.41302690829119881
 -0.26173158241395567
 -0.71875427025180472
 -0.99694422685007722
 -0.89649744755550087
 -0.40886361669740878
 0.26613636670920432
 0.81917649590739106
 0.99729056693318985
 0.81564015632847064
 0.40469179829006041
 -0.27053560075472688
 -0.82178714924509855
 -0.99761610861221961
 -0.89241354939925388
 -0.53581535530827096
 -0.028276331692887669
 0.48722822131491544
 0.93185925391478641
 0.98627000753600025
 0.76284547406125769
 0.32452503005875494
 -0.20521511058589292
 -0.78162986490910868
 -0.99985432172435307
 -0.85028888000473257
 -0.46119445201813503
 0.057819868091764065
 0.56054615396318941
 0.90536486845262365
 0.96840745536036532
 0.70439492085823896
 0.090853766772771322
 -0.56432210370605085
 -0.96089129691787012
 -0.96725854326979932
 -0.70114609033859421
 -0.23751863257405997
 0.29301855271703736
 0.83491237187186829
 0.99419861127584652
 0.79912299636577122
 0.23308013572095032
 -0.29738175538438333
 -0.8374171025283168
 -0.99915703246642684
 -0.87943136084701534
 -0.51196717669537917
 0.15252020218339782
 0.74711355698670412
 0.98202417657034946
 0.87724832130168195
 0.50803901515625172
 -0.15703188857470202
 -0.75014123938655175
 -0.99949029421725744
 -0.790812165192052
 -0.21973585073413712
 0.31043378884142714
 0.7531532776590677
 0.99962566030275579
 0.78800882612502365
 0.36196507827028734
 -0.16604534267755786
 -0.75614960898846761
 -0.98451791381517395
 -0.93554450172266268
 -0.62302533315261921
 0.017985648096398261
 0.52709597262535235
 0.94764255991038049
 0.9339217455717761
 0.61944675186580489
 0.13047170763585367
 -0.39525761693508338
 -0.80964165812629452
 -0.99799493988328547
 -0.72900630000091904
 -0.27604434499882413
 0.39944833561707799
 0.81231352710963023
 0.99769548936931174
 0.8224475807887246
 0.41551366535015938
 -0.10847172445420077
 -0.60190029667792921
 -0.97267091294254582
 -0.8977046154509839
 -0.41135551681729121
 0.11301035331454241
 0.72002850987141109
 0.97372110498126263
 0.8956831742115805
 0.40718878950252729
 -0.11754662535427075
 -0.72319004198412096
 -0.99742383889171715
 -0.8145774273355405
 -0.25844214320731507
 0.27230121880568781
 0.72633649203427009
 0.99774102377887197
 0.81191999367161027
 0.39882994629126045
 -0.12661172060870704
 -0.72946779440294807
 -0.99803740086770543
 -0.80924562749002904
 -0.24960833620042683
 0.42441466144202417
 0.9039450729211691
 0.99546209140484987
 0.70675590591426907
 0.094171220419915477
 -0.56156844030411857
 -0.95996331965004555
 -0.91844467662543139
 -0.58666723142977939
 -0.089623827187757507
 0.43266688414771959
 0.90781321933218118
 0.96694437685696777
 0.70026499464550118
 0.23631881496075158
 -0.29419909994775784
 -0.83559144587430434
 -0.99901471413331877
 -0.88101247234590618
 -0.51482631406600432
 0.1492265986468464
 0.74489481655070955
 0.98138984345368674
 0.94142434045552237
 0.63625671236885806
 0.15185361630993485
 -0.51254640924252104
 -0.87975221252868729
 -0.9991291183794988
 -0.83704828615673299
 -0.4391683835773984
 0.082426600067351322
 0.69836552224373061
 0.9942709280307731
 0.90892441789562195
 0.43506105404562229
 -0.23817371995497297
 -0.7016268198592065
 -0.96742949194927785
 -0.9607043079886981
 -0.56376518666406916
 -0.061705188177938824
 0.45773735113543396
 0.91919827200598381
 0.9594266923029664
 0.68000451891008395
 0.057146541344009039
 -0.46179277882615533
 -0.85064365637548023
 -0.99062973958423328
 -0.67664908345507713
 -0.20455497621431026
 0.32516289542069804
 0.85303569840394
 0.98999571220944627
 0.67327953654496719
 0.048025767413371868
 -0.5992363264894498
 -0.92450689724225354
 -0.98934103856410838
 -0.77547477392715181
 -0.19560625154617511
 0.33378632655868862
 0.85776636300026632
 0.99999636910856871
 0.77258336771307723
 0.33886189807850309
 -0.19031800790633269
 -0.66588474714962409
 -0.98854186490453733
 -0.92654776616293766
 -0.47462533683833424
 0.042641774270994789
 0.54789656673906506
 0.95523078406663564
 0.97208530999528753
 0.59989484973093987
 -0.047203881500806025
 -0.55171111329001665
 -0.95657193676094487
 -0.97100369805400089
 -0.71190073847071889
 -0.2522531566789874
 0.42193912522092825
 0.90277326207257647
 0.96990183591888457
 0.5925624553559925
 -0.056325047540602191
 -0.55930560942458629
 -0.95919436693370819
 -0.91952198293002108
 -0.45846875433808681
