# Created by Octave 8.4.0, Thu Dec 11 09:47:23 2025 IST <gamana@Samsung>
# name: iq
# type: matrix
# rows: 2048
# columns: 1
 0.99706007033948296
 0.81741217677477895
 0.2631763561998442
 -0.26757933088703667
 -0.82003431881388944
 -0.99669975492155383
 -0.71661680183738552
 -0.10813648706951674
 0.41582037352034329
 0.82263935911185238
 0.9977183133033527
 0.81211680656676566
 0.39913916364882279
 -0.126277206267076
 -0.6161208997466926
 -0.97667740455693652
 -0.88966097771079677
 -0.53068550131166847
 -0.022214290997900961
 0.49251475324559779
 0.86850088041626661
 0.985250469487432
 0.65049842763434806
 0.17021463217652491
 -0.49648404018293579
 -0.93566355795921996
 -0.98445874839776404
 -0.64702319695337762
 -0.013082302230897626
 0.50044297299076146
 0.87299192731282182
 0.99961637728604458
 0.75293139567673473
 0.31011321061357677
 -0.22006481733715735
 -0.79101851933410983
 -0.99267257301273648
 -0.9146877172569069
 -0.44765705097149988
 0.072984607991762596
 0.57306627895981621
 0.96378086250028872
 0.91283249357463192
 0.57530323197111466
 0.07570928483461975
 -0.44521220012329865
 -0.91358003901312201
 -0.96328999306189333
 -0.5715619408474234
 -0.071154896496347181
 0.58052721149389108
 0.96617647717373156
 0.90906497418168908
 0.56780872985143183
 0.066599024229182319
 -0.45337183085077554
 -0.84562645019083471
 -0.99966550404728993
 -0.78708613347960132
 -0.36056893869878703
 0.16752163237433296
 0.7571285669469523
 0.99977318748613397
 0.86985197422915883
 0.35630566381819206
 -0.17202205632633658
 -0.76010394507765244
 -0.99986002074606939
 -0.86759008943263682
 -0.49091736807458636
 0.024048282052691987
 0.65534683009168626
 0.94956155470422277
 0.93173685042504906
 0.61467493103747084
 -0.028613416223251562
 -0.65878935756162205
 -0.98706798589555911
 -0.86301208685108277
 -0.34347161125692577
 0.18550142810862433
 0.6622181460394142
 0.95238598048070489
 0.97426376220703059
 0.72168845298289652
 0.26581129234256295
 -0.40917133979595066
 -0.8184675601388407
 -0.99719895765191047
 -0.81635404255404231
 -0.26140610184024543
 0.26934646894041164
 0.82108283884711719
 0.99753012452978629
 0.89297011361220469
 0.40164283463597866
 -0.27374159579893415
 -0.82368099394745231
 -0.99615971215125476
 -0.81104502967743974
 -0.39745647397782563
 0.12809678987676251
 0.73049112569938079
 0.977069646269493
 0.8888218168869445
 0.52912975935153383
 -0.13262453776289626
 -0.62115016073397611
 -0.93469587767668683
 -0.94694682925076201
 -0.52524920526344476
 0.1371495197763625
 0.62472257242825535
 0.9789735583027539
 0.88459937535560251
 0.52135769715095059
 -0.14167164154906572
 -0.73977842583670239
 -0.99887378497716794
 -0.80022448225587572
 -0.38062901780274139
 0.14619080877256765
 0.74284342228831535
 0.98079580514366582
 0.94245500051237052
 0.51354214370764828
 -0.15070692720004675
 -0.74589292680788943
 -0.99926546539418393
 -0.79471385035233399
 -0.37216731045212564
 0.15521990264824989
 0.63888119294273482
 0.98253623478184693
 0.93936212190982626
 0.63156681724073349
 -0.0070186351243288854
 -0.6423877224089799
 -0.94408321150734609
 -0.93778628091338123
 -0.5017386946196043
 0.16423604820363752
 0.7549478544265199
 0.98419470203205239
 0.87149073500076379
 0.35941675965785358
 -0.31736381384729234
 -0.75793475849732128
 -0.99979872672709624
 -0.7834941685839707
 -0.35515146651018259
 0.17323849331905522
 0.65282663806760977
 0.94851151593640592
 0.93294154673311502
 0.48984107340721511
 -0.17773434348514575
 -0.7638610846955558
 -0.99994026315875784
 -0.77778605465602391
 -0.19920301606094334
 0.47066694847015184
 0.85587460041102437
 0.98920991118715429
 0.77490763686045938
 0.34231150373757346
 -0.33463246164541943
 -0.769723690212191
 -0.98798139365844539
 -0.86006665733274223
 -0.33801711923289846
 0.19119927952835253
 0.7726309446768147
 0.98867698022951811
 0.92620967709367286
 0.6028262662184477
 0.10962484661941579
 -0.5486473611136512
 -0.89920037971003641
 -0.99644589250719506
 -0.8129895401913837
 -0.25580176557114981
 0.41860992106483791
 0.82438066428653922
 0.99792084509802448
 0.81032196923136679
 0.25138433026619494
 -0.42275288344574552
 -0.90315903864523062
 -0.99563498366487102
 -0.70805253408118418
 -0.24696165236387882
 0.42688702935371275
 0.90511013570477716
 0.99519837909198194
 0.80493618572279035
 0.24253382409876054
 -0.43101227257150254
 -0.83205784055189824
 -0.99871016201380958
 -0.88402276669574964
 -0.52030344573097032
 0.14289405503088268
 0.74060881724670391
 0.99893161851503542
 0.79948325508046658
 0.23366308595342544
 -0.29680932037190372
 -0.74366963050838819
 -0.99913224238819642
 -0.87971658210087067
 -0.37525764885050583
 0.15192768482357455
 0.63631452355382023
 0.981910840626954
 0.87753594764229947
 0.50855529701815605
 -0.0036869410735316153
 -0.51489055655288429
 -0.94297947361517021
 -0.93893789853280041
 -0.63060883078210594
 0.0082535772213779592
 0.64333369463803269
 0.98359922291909652
 0.93735676535810908
 0.62705803109328695
 0.14011512559396239
 -0.38629864067209896
 -0.88533147958915415
 -0.99856369517541654
 -0.83049745413946297
 -0.28538589488842303
 0.24525622822431584
 0.70680891937608892
 0.96925136938056977
 0.90391302325552925
 0.55772175493586962
 0.054418557105745877
 -0.46421451522251034
 -0.8520769343569492
 -0.99025288698631997
 -0.67463479703646312
 -0.049858050913958639
 0.46825450996007534
 0.85445833872757682
 0.9999586319136059
 0.77663172110021084
 0.34487739811668311
 -0.18402994603395961
 -0.66109548976492238
 -0.98755537645856961
 -0.86145738380298953
 -0.48024983659958298
 0.18851673627980456
 0.66451500356302839
 0.98826329219449338
 0.85912929147213657
 0.33629004696919496
 -0.19299959502625752
 -0.77379427491261488
 -0.9889505977893237
 -0.92551650307139577
 -0.47221868416594392
 0.045371365888891541
 0.55018016296902827
 0.90000152013413215
 0.99628968778454041
 0.81191999367161027
 0.39882994629126045
 -0.12661172060870704
 -0.61638647735605456
 -0.97674975441813594
 -0.8895069447213011
 -0.53039965315243032
 -0.021877151972351568
 0.61997607397048027
 0.93416263098438557
 0.94742697280711508
 0.52652270811644564
 0.017311311182923683
 -0.62355274104028446
 -0.93578250779400085
 -0.9843994710296855
 -0.75570808304221859
 -0.16538022551828968
 0.36259370507354283
 0.87315635203302644
 0.99960698059496689
 0.84446525583110477
 0.45143507759741341
 -0.22039375891483476
 -0.68849451687399366
 -0.99271326475870159
 -0.91455137357013006
 -0.57875755451358868
 0.073320925474022622
 0.57334260201009113
 0.91185190848861342
 0.9644168381515249
 0.57502737266173032
 0.075373027398763642
 -0.57707819725182719
 -0.96507712748675856
 -0.91081907787510319
 -0.4391683835773984
 0.23373594883195828
 0.79952826721899239
 0.99892815261664103
 0.74055846159663596
 0.29237364760094314
 -0.3837770560290073
 -0.80226282355669942
 -0.99474869226751583
 -0.83201627094256037
 -0.43094465135510163
 0.091525398699506169
 0.58821246313156828
 0.96857542285893772
 0.9594266923029664
 0.55998750548639908
 0.057146541344009039
 -0.46179277882615533
 -0.85064365637548023
 -0.99986560606571262
 -0.78120900902490753
 -0.35171930379742294
 0.32516289542069804
 0.85303569840394
 0.98999571220944627
 0.77835000768533547
 0.34744071794215031
 -0.32947804660705687
 -0.85540995045046719
 -0.99997363548384233
 -0.8628416793842707
 -0.34315488624227353
 0.18583278572983522
 0.66247079180869495
 0.95248874330969102
 0.92825599487008159
 0.60717720135664366
 0.11505472734182955
 -0.40947901636436274
 -0.89679605440828325
 -0.97314664918583926
 -0.71828519146551872
 -0.11051714876850045
 0.41364104130242635
 0.82127528094718671
 0.99652111377909025
 0.71510042164526089
 0.2566695505195406
 -0.27406592047488221
 -0.72759618081039457
 -0.97616036467522127
 -0.89075204234264915
 -0.39714701031852595
 0.1284312254337609
 0.61782999094179081
 0.9331841524385166
 0.98565747509285939
 0.76046806291977498
 0.17257420962805015
 -0.3557818599547613
 -0.86957531788667963
 -0.98487652801327374
