# Created by Octave 8.4.0, Thu Dec 11 09:47:23 2025 IST <gamana@Samsung>
# name: iq
# type: matrix
# rows: 2048
# columns: 1
 0.99706007033948296
 0.8958330830115131
 0.40749676511192734
 -0.26757933088703667
 -0.82003431881388944
 -0.99669975492155383
 -0.81477298767905471
 -0.40332217000396425
 0.27197672523161615
 0.82263935911185238
 0.99631865342087256
 0.81211680656676566
 0.25435403320662997
 -0.27636844752632383
 -0.72923708866562187
 -0.97667740455693652
 -0.94898469904253735
 -0.53068550131166847
 -0.022214290997900961
 0.49251475324559779
 0.86850088041626661
 0.985250469487432
 0.75891061748844191
 0.31878331613078459
 -0.2111462234393818
 -0.78539783471713998
 -0.99973243577145421
 -0.84708169348121221
 -0.31445154230134043
 0.36227941227075194
 0.78821639611625471
 0.99211040285063745
 0.91652386521001739
 0.451735955545704
 -0.22006481733715735
 -0.68824991106358091
 -0.99267257301273648
 -0.9146877172569069
 -0.44765705097149988
 0.072984607991762596
 0.69155575910797984
 0.96378086250028872
 0.91283249357463192
 0.57530323197111466
 -0.077538373483401396
 -0.57680275981140672
 -0.91358003901312201
 -0.99299901827171977
 -0.79268712746483883
 -0.36907284080929581
 0.3075145173729773
 0.84318003849283296
 0.99953697267526553
 0.87432127497765744
 0.36482469394694789
 -0.31185672933426212
 -0.84562645019083471
 -0.99187874960179634
 -0.68359193739244539
 -0.062041763045416379
 0.5879397169116356
 0.91906542379149492
 0.95952171996815627
 0.68025173333747047
 0.057483207986331115
 -0.59162761605977232
 -0.96961871794042342
 -0.90327160727240496
 -0.55647836159153252
 0.10028104696026842
 0.71108558651626785
 0.99602750333649714
 0.82452909748853165
 0.4188481031914722
 -0.25554820013760671
 -0.81283679053972591
 -0.99763417391420772
 -0.82193656840597684
 -0.41469690979581653
 0.25996060960367884
 0.71747761179131575
 0.97287896944569174
 0.89730870389519868
 0.54504354703316671
 -0.11390231364833965
 -0.60625506401228335
 -0.97392517113889421
 -0.95284142018813345
 -0.54120910228613728
 0.11843811123967478
 0.60988050752199152
 0.92951769366217263
 0.9514456324359305
 0.53736337067249562
 -0.1229714388149704
 -0.61349323202917039
 -0.9759566197678079
 -0.95003000237158464
 -0.65647701852210572
 -0.17799244441910247
 0.4896123951713961
 0.9328470854580132
 0.98581512268540761
 0.65302529690071753
 0.020979600942368393
 -0.6206802229306233
 -0.9344826169515198
 -0.94713933381100757
 -0.64955995649615195
 -0.016413681660202538
 0.62425433944085562
 0.93609865989502394
 0.98424111581431162
 0.75511982966047653
 0.31327897070961552
 -0.21681353546072546
 -0.78897579815913343
 -0.99958141038069237
 -0.75211808378384382
 -0.30893888111699319
 0.36768087239880365
 0.79177346594786169
 0.99282104490079037
 0.9141878894328731
 0.57802520069364793
 -0.074216236599828955
 -0.57407791745470427
 -0.96410949048091532
 -0.91232751373217513
 -0.5742926551933929
 -0.074477793700477926
 0.57781115293558072
 0.96531192032584046
 0.91044811152414251
 0.57054813287203821
 -0.083321268984552388
 -0.69900780262412576
 -0.99436648797780181
 -0.90854972200353745
 -0.56679171182125632
 0.087871226153273418
 0.70226622907149605
 0.96765636088201856
 0.96045472696749501
 0.56302347038087841
 -0.092419350775549594
 -0.70551000982053125
 -0.9687983227001733
 -0.90469613978273211
 -0.55924348713722538
 0.096965548000683841
 0.70873907722246843
 0.96992008031741128
 0.95787162097705481
 0.55545184092149236
 -0.10150972301813228
 -0.59629502905811249
 -0.97102161033957579
 -0.90076708853249832
 -0.55164861080812788
 0.10605178105953815
 0.59995480435262905
 0.97210288979435833
 0.95520861010101676
 0.66922913426856767
 0.1947257580520656
 -0.4746912950254723
 -0.85822750015938709
 -0.98853055046695493
 -0.66582883744112153
 -0.19024443905519753
 0.47870574193700199
 0.92828386484757086
 0.95246591648562962
 0.54017021144041599
 -0.11966430631801073
 -0.72466136787698021
 -0.97522500136899581
 -0.89268389624526956
 -0.40106078858848004
 0.27435274166173773
 0.82404117545676947
 0.99610387225416208
 0.71169124950496054
 0.25196453736646229
 -0.27874135800008448
 -0.82661975814466226
 -0.99569075802413742
 -0.70847575239886129
 -0.096594108609186768
 0.55955282499801029
 0.90485507765582107
 0.99525687875389923
 0.80529176356133636
 0.24311538503196514
 -0.43047123510003577
 -0.83172515286421833
 -0.99480224349196023
 -0.80257586383243718
 -0.38426140094988254
 0.29187196277234689
 0.83425185842333105
 0.99432686171969897
 0.69874087967110676
 0.082949369652468824
 -0.57085458171187231
 -0.91060240870657128
 -0.99383074335115618
 -0.69546668720317029
 -0.22980386175754194
 0.30059541660593941
 0.83925302247024336
 0.99331389873283826
 0.69217799084072595
 0.22535697877023961
 -0.30494778563713076
 -0.74934782322077675
 -0.99945129846568637
 -0.87562672307979927
 -0.50513541329369049
 0.0076540922221998405
 0.64287460727410239
 0.98349091491563567
 0.93756544664745745
 0.50118889593157823
 -0.012220584269222961
 -0.64636586979493948
 -0.94578563080678524
 -0.97877467785731409
 -0.73603989517876467
 -0.28596041578581616
 0.38995484850427714
 0.80624417124079983
 0.99834328410896789
 0.82828109530251082
 0.42488958070177318
 -0.24910034005624931
 -0.80893734916154614
 -0.99807011221661501
 -0.72982650510156966
 -0.12713204761900493
 0.53382203888218283
 0.95014643106409047
 0.93105599571948594
 0.61319848021496159
 -0.030483051619513885
 -0.53767806436940646
 -0.95156044072228874
 -0.97486798882213244
 -0.72355223348021303
 -0.11806753850852328
 0.40670962430749003
 0.81691543813106104
 0.99712573352919132
 0.72039243045416079
 0.11353154324839104
 -0.54535639547925485
 -0.89747336933524535
 -0.97279257706834643
 -0.71721760370946219
 -0.25960023089167666
 0.41503646984552428
 0.82214907306128493
 0.99639216196324176
 0.81261935322584999
 0.39992917948887952
 -0.27554012313034693
 -0.82474019895780748
 -0.99796160082336238
 -0.80994942734813913
 -0.25076921210165404
 0.27992717644922605
 0.82731412497246393
 0.9955754721589325
 0.7076036448290961
 0.09536483201435636
 -0.56057594138886369
 -0.90538014207092266
 -0.96839848471989642
 -0.58763779982569675
 -0.090817945239804979
 0.43158560315847505
 0.83241016300009274
 0.99467573224387973
 0.70112044247044591
 0.086269164465292605
 -0.4357006000363875
 -0.90922040263214432
 -0.99419474167923427
 -0.69785687470828972
 -0.081718584555200383
 0.43980651041788194
 0.83743676203674922
 0.99915850845176379
 0.79634755256079248
 0.2286017604034839
 -0.30177304967578189
 -0.74713746579205531
 -0.98203096550372526
 -0.94028332926573244
 -0.63365499429213756
 -0.14852410331082228
 0.51543521658228852
 0.94319080135431788
 0.93871905077095341
 0.63011551142308064
 -0.00888902807713364
 -0.64382007479711412
 -0.94469826143564273
 -0.93713519537574463
 -0.50011984057062497
 0.16608081347385717
 0.75617314737950159
 0.99974099855076903
 0.87057191880125973
 0.49616005852542827
 -0.17058236556231213
 -0.65078182389975114
 -0.94765404578221224
 -0.93390888641622483
 -0.49218992910733028
 0.17508036017107351
 0.65424237668371188
 0.94910230840484333
 0.93226650013630397
 0.48820953511299425
 -0.1795747034948168
 -0.65768928530242321
 -0.98683268396842572
 -0.86374938489643793
 -0.34484363451068062
 0.33209042260241678
 0.8568404695954106
 0.99998990522421061
 0.77372401677528169
 0.3405534540986504
 -0.33639449366954688
 -0.85918604443060387
 -0.99999999730333922
 -0.77082283663647577
 -0.1884078154729755
 0.34069154926004869
 0.77381705929149447
 0.9889559295739101
 0.85676473251175367
 0.33195187626005263
 -0.19751369054073656
 -0.77670158350892426
 -0.99995761695903373
 -0.8544007144352419
 -0.46815650926987484
 0.20198837309403453
 0.77956990968547879
 0.99990514541943798
 0.76202308726945134
 0.32332260726105883
 -0.3535397277679227
 -0.78242197800244073
 -0.99983182094896295
 -0.84961927260757886
 -0.31899781343993666
 0.35780782679622924
 0.87064417966935348
 0.98449846732212543
 0.64719573713595224
 0.013308595276146836
