# Created by Octave 8.4.0, Thu Dec 11 09:47:23 2025 IST <gamana@Samsung>
# name: iq
# type: matrix
# rows: 2048
# columns: 1
 0.99706007033948296
 0.81741217677477895
 0.40749676511192734
 -0.26757933088703667
 -0.82003431881388944
 -0.99669975492155383
 -0.81477298767905471
 -0.25876789299367536
 0.41582037352034329
 0.89985447880301794
 0.97152058492562143
 0.59797692748566744
 -0.049596092412049285
 -0.55370705885596561
 -0.95726733173653833
 -0.9704283499248888
 -0.710216724570086
 -0.24993486888935224
 0.28075440618218883
 0.73235430365016874
 0.97764774684509548
 0.88756644408310237
 0.52680937032475517
 0.017648480643128749
 -0.49648404018293579
 -0.93566355795921996
 -0.94606518067421075
 -0.64702319695337762
 -0.013082302230897626
 0.62685369828083859
 0.97952724534565039
 0.94457581101048138
 0.5190242297318719
 -0.14437579056859726
 -0.74161405106639489
 -0.98043636236127607
 -0.94306674230411036
 -0.64003232751865924
 -0.0039492221486906965
 0.63394365677250586
 0.98132503246572256
 0.94153800602658821
 0.51119579255227765
 -0.15340739435657474
 -0.7477099918286475
 -0.99936643867810504
 -0.87681701130020206
 -0.50726554167848714
 0.15791844437680813
 0.64098073219064022
 0.98304095823534621
 0.93842165869421512
 0.62944609872927793
 0.14315364154996899
 -0.52007944302982734
 -0.8839001337219804
 -0.99872344485238629
 -0.83220329738643806
 -0.28832635562389775
 0.24227936376794221
 0.80478052944019018
 0.99848235643527605
 0.73461889791047752
 0.28395058142647778
 -0.39188476247376564
 -0.88813469650019505
 -0.97738734773531
 -0.73151281938767621
 -0.27956888546549696
 0.25113046123705945
 0.71108558651626785
 0.99602750333649714
 0.90130275558293516
 0.4188481031914722
 -0.25554820013760671
 -0.71428904737035315
 -0.9718124784500537
 -0.89931510730645936
 -0.41469690979581653
 0.25996060960367884
 0.81548838195195372
 0.99730982697147408
 0.72210331071667855
 0.26638918140600432
 -0.26436759761487083
 -0.7206512132819296
 -0.97392517113889421
 -0.95284142018813345
 -0.66333931775948618
 -0.18697249432793983
 0.48162826828313782
 0.92951769366217263
 0.9514456324359305
 0.6599150493749707
 0.18248437222101171
 -0.48562539556399231
 -0.93119209952337212
 -0.98657129559318824
 -0.65647701852210572
 -0.025545082696878618
 0.61709316219078447
 0.9328470854580132
 0.98581512268540761
 0.65302529690071753
 0.17349680460094399
 -0.49358918395682855
 -0.86911238135537339
 -0.99980395440413061
 -0.75810582758173006
 -0.1689975465227028
 0.3591719908072325
 0.87136207831000456
 0.98424111581431162
 0.75511982966047653
 0.164494764015997
 -0.36343022125511892
 -0.8735936030877316
 -0.98342331467676902
 -0.75211808378384382
 -0.30893888111699319
 0.36768087239880365
 0.87580690915030124
 0.98258500433542573
 0.63908294668798704
 0.0027142508996653475
 -0.509392575397842
 -0.94082952243764828
 -0.94112121559772
 -0.63556385666181725
 -0.15096620933205945
 0.51331707035921126
 0.88017868087772855
 0.99909125651850716
 0.83655675988810607
 0.29588031770414369
 -0.2346087439461009
 -0.80006716347485207
 -0.99436648797780181
 -0.83404602882728585
 -0.29151500094968152
 0.38460591340230282
 0.80279843518809202
 0.9986603018114758
 0.73687533753128009
 0.2871436046763976
 -0.2434773626005656
 -0.80551296461297017
 -0.99529311415500421
 -0.82897243756720596
 -0.42600721445523398
 0.096965548000683841
 0.70873907722246843
 0.99572529684553057
 0.9027410274486326
 0.55545184092149236
 -0.10150972301813228
 -0.59629502905811249
 -0.97102161033957579
 -0.95655008992160562
 -0.55164861080812788
 0.10605178105953815
 0.59995480435262905
 0.92484871853944095
 0.98920991118715429
 0.66922913426856767
 0.1947257580520656
 -0.33463246164541943
 -0.85822750015938709
 -0.98853055046695493
 -0.66582883744112153
 -0.038003893997068453
 0.47870574193700199
 0.92828386484757086
 0.95246591648562962
 0.66241465481381889
 0.03344009110984917
 -0.6108587542280044
 -0.97522500136899581
 -0.95106475988945738
 -0.65898665758912811
 -0.028875590832584942
 0.48670460215319011
 0.86517861545497698
 0.98636883283935706
 0.76323296473450009
 0.17677705112349806
 -0.49068884864234602
 -0.93329130271644045
 -0.98560709856610962
 -0.76027435081049699
 -0.17228042356740925
 0.49466286186017294
 0.93492156727054621
 0.98482480954644724
 0.64862049466800065
 0.015178857643599331
 -0.49862655892901125
 -0.9365323341203855
 -0.9452620882248215
 -0.52081531747420562
 0.14230067753188994
 0.62877621856052379
 0.93812356967355703
 0.94376206025673304
 0.64164196467474266
 0.15876935902343889
 -0.36882906218473727
 -0.79252720497175122
 -0.99939673945465424
 -0.84085803344299925
 -0.44544703957558268
 0.22692348795870262
 0.69333775430174116
 0.96443664802979368
 0.91182114243432699
 0.5732812025212044
 -0.080000654696211773
 -0.69662135093078159
 -0.96563363617287878
 -0.9099366016055852
 -0.56953345471323735
 -0.068690986243704441
 0.58253657800469949
 0.91641892573554706
 0.96137707243596526
 0.68512078785332353
 0.21586387531466605
 -0.45557197083872231
 -0.91823705848225556
 -0.991561577885683
 -0.68178712078250292
 -0.059576378176591699
 0.45963249696403663
 0.84936148751235574
 0.99095922642125844
 0.67843923510325732
 0.20693688761713588
 -0.32286021601341536
 -0.76170660622616937
 -0.98597790847448374
 -0.86635918424039315
 -0.34972204005644508
 0.17894952312104839
 0.657210456600686
 0.98672970031970908
 0.86406943966609229
 0.34544005915608184
 -0.18344064817265887
 -0.66064556209724501
 -0.98746091400676894
 -0.92915854587502744
 -0.60910936462077547
 0.035646446504003219
 0.54202677389073506
 0.9531361518906446
 0.97370403558786156
 0.60548122176772357
 -0.040209878126289261
 -0.54585880423761202
 -0.8977376304468816
 -0.99672101181221351
 -0.71679971094190253
 -0.25902123359623186
 0.27172431995601209
 0.7259242988997987
 0.99770057115957789
 0.89185562410311559
 0.53477221143632692
 -0.12601701851596336
 -0.61591429094295513
 -0.93230661792593683
 -0.98606531023106403
 -0.76204637929906172
 -0.17497116393201925
 0.49228647034934875
 0.86837084011363574
 0.99983247997102931
 0.84963824263651433
 0.31903190422298738
 -0.35777423772728167
 -0.78523545681431273
 -0.99149343853740313
 -0.84722105796878744
 -0.45603887622061912
 0.063610856130871932
 0.68473858428850043
 0.99207748702807963
 0.91662874163464036
 0.45196993621406401
 -0.21980895658447358
 -0.79085802944057393
 -0.99264084583298418
 -0.91479369043480918
 -0.44789157041556454
 0.072723021987780773
 0.6913662822677682
 0.99318350320331317
 0.91293956129574116
 0.57551774398311595
 -0.077276877469169419
 -0.69465853816616863
 -0.99370544782199999
 -0.83737614173914277
 -0.29731020684864817
 0.23315300908548614
 0.69793630702392573
 0.96610880593672932
 0.90917422426779237
 0.56802461131976778
 0.066860722607749459
 -0.58402667228351934
 -0.96727755929629
 -0.96087054195295962
 -0.56426023670636294
 -0.062303538622137125
 0.5877275347374693
 0.91896202514489145
 0.99132209360340251
 0.78442368682047992
 0.35655072077143918
 -0.32027309532488762
 -0.85032831870432257
 -0.99985559799969492
 -0.86772048768357102
 -0.4911458537354722
 0.023786074093560219
 0.53201739187242914
 0.94947927516166009
 0.9318320622966344
 0.61488179360742934
 0.12471743714137844
 -0.40058020401269867
 -0.81303317267706665
 -0.99761093449210159
 -0.82174444767227495
 -0.41439002875065545
 0.10969933265927975
 0.60288605549076435
 0.92623792677698591
 0.98866573230137467
 0.77258336771307723
 0.33886189807850309
 -0.33808764542683351
 -0.86010488691058218
 -0.98796980750470442
 -0.76967584934310729
 -0.33456184298063663
 0.34238191350790442
 0.7749550010800943
 0.98922088721011936
 0.85583584132014823
 0.47060082853334229
 -0.19927645160890187
 -0.77783315318496116
 -0.9999394412608994
 -0.76381271901443137
 -0.32594089083721095
 0.35094893923134723
 0.78069508365013429
 0.9905170277556401
 0.85107595954585802
 0.4625224530463129
 -0.056325047540602191
 -0.55930560942458629
 -0.95919436693370819
 -0.96877974656918697
 -0.58887768312041511
