# Created by Octave 8.4.0, Thu Dec 11 09:47:23 2025 IST <gamana@Samsung>
# name: iq
# type: matrix
# rows: 2048
# columns: 1
 0.99706007033948296
 0.81741217677477895
 0.40749676511192734
 -0.11721173552297842
 -0.72295709950342013
 -0.99739959216031482
 -0.81477298767905471
 -0.25876789299367536
 0.27197672523161615
 0.82263935911185238
 0.99631865342087256
 0.71342420240216764
 0.25435403320662997
 -0.41996921323270014
 -0.82522724334078956
 -0.99591677378527643
 -0.710216724570086
 -0.099052217956670074
 0.55750403353697353
 0.90380080945259256
 0.99549412439592866
 0.70699443523279637
 0.094506937438585861
 -0.56128938152206265
 -0.90574572222887484
 -0.96818318853898067
 -0.58694028909782114
 -0.08995968598691377
 0.56506302386814056
 0.90767174576048582
 0.99458655204620394
 0.70050569115229744
 0.23664647091041779
 -0.436476125398505
 -0.83540614555488213
 -0.99410164801316581
 -0.79858297189933158
 -0.23220701116232156
 0.29823877688491174
 0.7446697864578582
 0.98132503246572256
 0.94153800602658821
 0.51119579255227765
 -0.00061748905173052778
 -0.51225682209534928
 -0.87959183670055963
 -0.98108672759545423
 -0.6329880670983572
 -0.14767181956608888
 0.37924403260955986
 0.79932567724122838
 0.99423482618450487
 0.90906497418168908
 0.56780872985143183
 -0.086640958364850085
 -0.70138649497904204
 -0.9673440726117527
 -0.96079785708328713
 -0.5640436772560169
 0.091189587921087126
 0.70463424304951916
 0.995172673015283
 0.82966251550724124
 0.28395058142647778
 -0.39188476247376564
 -0.88813469650019505
 -0.97738734773531
 -0.61874172821212581
 -0.12958157197863263
 0.39608211065021354
 0.89022421691831999
 0.99793771528696562
 0.72839148523155783
 0.12505201810772687
 -0.53559388212582526
 -0.95079812180511336
 -0.97541527964386687
 -0.72525496053724303
 -0.27078809389396219
 0.25996060960367884
 0.81548838195195372
 0.99730982697147408
 0.8193268979110363
 0.41053706793381189
 -0.11390231364833965
 -0.60625506401228335
 -0.97392517113889421
 -0.95284142018813345
 -0.66333931775948618
 -0.034674352783172553
 0.60988050752199152
 0.92951769366217263
 0.98730689364631385
 0.6599150493749707
 0.18248437222101171
 -0.48562539556399231
 -0.93119209952337212
 -0.98657129559318824
 -0.65647701852210572
 -0.17799244441910247
 0.4896123951713961
 0.9328470854580132
 0.98581512268540761
 0.76107601527488455
 0.32193945930560336
 -0.20788843009190797
 -0.67915351091042064
 -0.95909896399592787
 -0.91965447150011992
 -0.458768420102943
 0.06054731728429652
 0.68249837391928281
 0.99168720564712287
 0.84642470283328231
 0.45470586321335715
 -0.21681353546072546
 -0.78897579815913343
 -0.99226447206662238
 -0.84398406755565658
 -0.30893888111699319
 0.22126935221527527
 0.68914533015244894
 0.99282104490079037
 0.84152583106705137
 0.44655238580789536
 -0.22572055441760619
 -0.79455462137295907
 -0.99927548207434191
 -0.83905004463376487
 -0.4424616353320619
 0.23016704923830103
 0.79731920643367349
 0.99387206381583204
 0.83655675988810607
 0.29588031770414369
 -0.2346087439461009
 -0.69900780262412576
 -0.99436648797780181
 -0.90854972200353745
 -0.56679171182125632
 0.087871226153273418
 0.70226622907149605
 0.99484017471709107
 0.83151790381238011
 0.2871436046763976
 -0.38881734154671543
 -0.80551296461297017
 -0.99529311415500421
 -0.82897243756720596
 -0.42600721445523398
 0.24790410159298104
 0.80821069513822219
 0.9981460396596723
 0.73067021944311417
 0.27838293835848393
 -0.25232567056790139
 -0.81089157050291494
 -0.99613671377553947
 -0.82382969408846374
 -0.41772635433529737
 0.10605178105953815
 0.71515280292566097
 0.99652735636496814
 0.89877436420064549
 0.54783387611315026
 0.042566904316534378
 -0.60360206764425894
 -0.92657595352213129
 -0.98853055046695493
 -0.66582883744112153
 -0.19024443905519753
 0.47870574193700199
 0.860562501651286
 0.98783057403202179
 0.76910237975061224
 0.18575915252785319
 -0.34322527295248667
 -0.86287955619046985
 -0.98710999648029529
 -0.76617566150442962
 -0.32940729198072294
 0.20015612234780542
 0.67333494291237483
 0.99000628298972737
 0.85299658942327106
 0.32509202879037347
 -0.35178945268142309
 -0.78125578834147202
 -0.99063997145637572
 -0.85060425588363664
 -0.32076998583533983
 0.20909626830340569
 0.68005946213323143
 0.95944781899102105
 0.9191687592134139
 0.58815185864004971
 -0.061779983200696019
 -0.68340048286253452
 -0.99184535648545624
 -0.91736051401446572
 -0.58445240019361921
 -0.08690225208096268
 0.56759280932219036
 0.90895566155885299
 0.96624408194516875
 0.58074075304553097
 0.082351916843145981
 -0.57134670254418518
 -0.9108500101553022
 -0.99376407532853228
 -0.79673175151610309
 -0.37525764885050583
 0.15192768482357455
 0.63631452355382023
 0.94144960872359518
 0.94049945024301207
 0.63414647918112677
 0.14915249931032143
 -0.37785819723066766
 -0.88104792251660446
 -0.9990113855659839
 -0.74178997201371843
 -0.14463532063038551
 0.51880002299952621
 0.88319891056935484
 0.99879795529096516
 0.73871965688208541
 0.28975970768520559
 -0.38629864067209896
 -0.88533147958915415
 -0.97865164003263161
 -0.73563393581916581
 -0.28538589488842303
 0.3905068220229197
 0.88744558510144256
 0.99830861010480987
 0.73253287317743021
 0.28100613039472744
 -0.39470685938945244
 -0.88954118301675544
 -0.97673368626990587
 -0.61632746616600498
 0.02651744823474227
 0.657210456600686
 0.95033318806978884
 0.9308370836132025
 0.61272480455341882
 -0.031082271478345323
 -0.53818343962477888
 -0.89367668162933689
 -0.99741846053125105
 -0.72313828409462411
 -0.11747220654559611
 0.40725723252969975
 0.81726105969626939
 0.99703993890935871
 0.89594960831540404
 0.54246752419775235
 0.036170674170068154
 -0.60869325477939451
 -0.92896449571977835
 -0.9519054479984026
 -0.66103926179696526
 -0.031606579698358631
 0.61231015769750341
 0.93064526108400769
 0.95049632027062791
 0.53477221143632692
 0.027041826074332108
 -0.61591429094295513
 -0.93230661792593683
 -0.98606531023106403
 -0.65415849443225915
 -0.022476508495481912
 0.49228647034934875
 0.93394853159813018
 0.94761862707272504
 0.6506976111800985
 0.1704730818139559
 -0.49625634944937436
 -0.87062648486684047
 -0.98450477561973526
 -0.7561005675315795
 -0.31470050977912667
 0.21535164711011798
 0.68473858428850043
 0.96123256142768809
 0.96694437685696777
 0.70026499464550118
 0.085074564858861945
 -0.56910219984820576
 -0.96248175678768133
 -0.91479369043480918
 -0.57924634576443579
 0.072723021987780773
 0.57285131597583161
 0.91160563668947248
 0.96457516552375233
 0.69371566783016436
 0.22743433812111521
 -0.30291594242750181
 -0.84057399342575734
 -0.99937838389625189
 -0.8766548174323272
 -0.36931659404445405
 0.1582514249800219
 0.75095733059333059
 0.9831027439923048
 0.87444854332560251
 0.36506888685045302
 -0.31160751590123287
 -0.845486420966024
 -0.99965868631257737
 -0.78724789385798333
 -0.36081356617801502
 0.3159436001005983
 0.84791621144290719
 0.99132209360340251
 0.78442368682047992
 0.20960920998794641
 -0.32027309532488762
 -0.75993348705546881
 -0.99985559799969492
 -0.86772048768357102
 -0.4911458537354722
 0.17626072228136108
 0.76289392539196699
 0.98628238008474745
 0.9318320622966344
 0.61488179360742934
 0.12471743714137844
 -0.53587862659085617
 -0.8924473602973515
 -0.97534090919269134
 -0.61127398981570313
 0.032915813935010765
 0.66202159170945685
 0.9523059789588959
 0.92847880871813848
 0.47916623207818182
 -0.18972942720639832
 -0.66543736480437243
 -0.95368955510989162
 -0.9267731193331129
 -0.60402021354809721
 0.04204280796555189
 0.66883926026355789
 0.95505324215194976
 0.92504810217897204
 0.47112971399971271
 -0.046605037363985337
 -0.67222720714079276
 -0.98979402472519373
 -0.8537770782998112
 -0.46709667495756185
 0.05116629481860268
 0.67560113478077399
 0.99043448389922084
 0.8513905716987602
 0.46305389465675628
 -0.055726485204822873
 -0.6789609728205056
 -0.95902468630621518
 -0.96892820327769935
 -0.70588167261913093
 -0.24398610906956891
 0.28664108997814214
