# Created by Octave 8.4.0, Thu Dec 11 09:47:23 2025 IST <gamana@Samsung>
# name: iq
# type: matrix
# rows: 2048
# columns: 1
 0.99706007033948296
 0.81741217677477895
 0.40749676511192734
 -0.11721173552297842
 -0.72295709950342013
 -0.97467563508643473
 -0.89379434027545168
 -0.40332217000396425
 0.27197672523161615
 0.72610466550790553
 0.9756866937503218
 0.95041478686084535
 0.65740811854692949
 0.026779638075654512
 -0.6161208997466926
 -0.93240144544834269
 -0.98602164326815445
 -0.7618765189682617
 -0.32310844176316006
 0.35375141607369498
 0.86850088041626661
 0.99982764492782827
 0.75891061748844191
 0.17021463217652491
 -0.49648404018293579
 -0.93566355795921996
 -0.94606518067421075
 -0.5229222527763302
 -0.013082302230897626
 0.50044297299076146
 0.87299192731282182
 0.98364649651042202
 0.64353447266247155
 0.1612074989385934
 -0.50439146910589572
 -0.9388476181633828
 -0.94306674230411036
 -0.51511538248430411
 0.14889314503908596
 0.63394365677250586
 0.98132503246572256
 0.94153800602658821
 0.51119579255227765
 -0.15340739435657474
 -0.7477099918286475
 -0.99936643867810504
 -0.87681701130020206
 -0.50726554167848714
 0.0051841873744737305
 0.51617351493844721
 0.9434767811546485
 0.93842165869421512
 0.62944609872927793
 -0.0097507775814606734
 -0.64447925512746196
 -0.94498052573775193
 -0.9792778829548171
 -0.62589100331904679
 0.014317164436864309
 0.52397452491172358
 0.8860266541137356
 0.99848235643527605
 0.73461889791047752
 0.13410842343763146
 -0.52785867935254538
 -0.88813469650019505
 -0.97738734773531
 -0.61874172821212581
 0.023448947172842981
 0.65489389015789878
 0.98622665999936832
 0.93195438336710679
 0.6151476976129181
 0.12505201810772687
 -0.53559388212582526
 -0.89229517179135864
 -0.97541527964386687
 -0.61154083816441651
 -0.12051985628836237
 0.539444769141321
 0.89434751792973222
 0.9743987219147211
 0.60792122508734092
 0.11598518103835469
 -0.54328440608521777
 -0.89638121253194536
 -0.9969646812229912
 -0.81670014042814298
 -0.40636866435859498
 0.26876907226385538
 0.72380978565701937
 0.99748783614430614
 0.81405635073808913
 0.25757478171841441
 -0.4169432030477333
 -0.82334089515210096
 -0.9962120225343184
 -0.81139558397687261
 -0.25315947834227942
 0.27755511442268971
 0.82592413058045877
 0.99809321681110275
 0.80871789563453389
 0.24873889534825208
 -0.28193949870042923
 -0.73319467094717705
 -0.99836468747738893
 -0.80602334155402411
 -0.38961117419928509
 0.13655565629267968
 0.62425433944085562
 0.97885109125774172
 0.88487879609434716
 0.38540126954067483
 -0.14107815892716888
 -0.62781543718359556
 -0.9376951805861069
 -0.98342331467676902
 -0.64258870869742002
 -0.007280911407297354
 0.63136344189249582
 0.98067870320139328
 0.88058739468803771
 0.37695743566298062
 -0.29941732507672353
 -0.74549348365907853
 -0.99924231199376601
 -0.79507759699523661
 -0.37272368253927118
 0.3037713983630882
 0.74852947834240957
 0.98242450771086454
 0.87622253538456674
 0.36848215629705672
 -0.30811913652456402
 -0.75154986251153877
 -0.98326668640036863
 -0.93799426797162899
 -0.50225718689379151
 0.1636446553781746
 0.75455457317662888
 0.99968173728826637
 0.7866939866963889
 0.21319525028735797
 -0.31679524492009564
 -0.75754354767471233
 -0.98488950883147741
 -0.86953831103763324
 -0.35571182422530373
 0.17264802280907673
 0.76051672367098844
 0.98567011872926791
 0.93315721720895184
 0.61777106458305009
 -0.024683567584122105
 -0.65582668926092402
 -0.94976063540733258
 -0.97614409660076507
 -0.61417355727376055
 0.029248624419785225
 0.53663638247872347
 0.8928520251403671
 0.97514237786239644
 0.7244041494288006
 0.26959904955817621
 -0.26115292972931092
 -0.8162025324656873
 -0.99721854071469085
 -0.81861822739462087
 -0.26519862563593694
 0.26555843582412669
 0.72150687115320833
 0.97420460722463287
 0.89473272591303799
 0.40523994382358991
 -0.26995840372191243
 -0.72466136787698021
 -0.99757455878886059
 -0.81333847222205879
 -0.25638127759757734
 0.27435274166173773
 0.72780075185382342
 0.99788202688277594
 0.81067312387003299
 0.39687326926709543
 -0.27874135800008448
 -0.82661975814466226
 -0.99569075802413742
 -0.80799086900373729
 -0.24754254243781962
 0.28312416121273076
 0.73403391999699508
 0.99843452487561368
 0.88642587904608383
 0.38847348785946451
 -0.1377789612471641
 -0.73712757417115904
 -0.99867954325224162
 -0.80257586383243718
 -0.238683157476864
 0.43458867450450844
 0.83425185842333105
 0.9989037342578112
 0.79984322645688144
 0.38004130030372729
 -0.14681942614894028
 -0.63232066979907131
 -0.98091954833887085
 -0.94224235021670077
 -0.63813259114658893
 -0.15425892329711394
 0.3730699565266074
 0.79530388498163285
 0.99922771763834428
 0.74524469498226609
 0.14974527051499953
 -0.51437653572680986
 -0.88076418263196576
 -0.99903785701884862
 -0.83587950193743465
 -0.43725132659997279
 0.23580907452596009
 0.69989041958487663
 0.96681048611430065
 0.96137707243596526
 0.68512078785332353
 0.21586387531466605
 -0.45557197083872231
 -0.91823705848225556
 -0.96011013199408302
 -0.56200240479872954
 -0.059576378176591699
 0.45963249696403663
 0.84936148751235574
 0.99982274110411873
 0.78272615692098302
 0.20693688761713588
 -0.32286021601341536
 -0.76170660622616937
 -0.98597790847448374
 -0.93249620882864648
 -0.48876403164850379
 0.02651744823474227
 0.657210456600686
 0.98672970031970908
 0.9308370836132025
 0.4847748679069947
 -0.18344064817265887
 -0.76759251303591824
 -0.99998684795731974
 -0.86176167500221723
 -0.34115087413467143
 0.18792794758620526
 0.77051148493708665
 0.99999984205834835
 0.85943593837696164
 0.47676629402108173
 -0.040209878126289261
 -0.66747436862954301
 -0.95450783195983091
 -0.92574337325759704
 -0.47274705089475788
 0.19689069525206784
 0.77630116135875893
 0.98953093577264317
 0.85473074362827628
 0.4687179486717028
 -0.049334130498314532
 -0.55348863374498325
 -0.9017236907083076
 -0.99594041742242911
 -0.71040134292978407
 -0.099313207688725244
 0.55728627378607698
 0.95850332277440242
 0.92047590867298401
 0.46063050324539889
 -0.058454267456547186
 -0.68096437614913996
 -0.99141523092163131
 -0.84753938649740079
 -0.45657232870511422
 0.063012554892090303
 0.68430154950322508
 0.99200199459009886
 0.91686822237936105
 0.45250463239040833
 -0.21922407525367402
 -0.79049099111966836
 -0.99950690302815837
 -0.84265668830487783
 -0.44842749913276869
 0.072125092364577786
 0.57235982405592067
 0.96355067000154482
 0.964733146222856
 0.69414733525730998
 0.22801809023772057
 -0.44444036922624158
 -0.84024909304288897
 -0.99310044604073633
 -0.69085283187719815
 -0.072014472536457833
 0.44852662828523909
 0.84271640179536644
 0.99255456754202531
 0.79042305788477341
 0.21911586356481605
 -0.45260353336221676
 -0.91691249019940346
 -0.96103643057553478
 -0.68422067110503881
 -0.062901866674132029
 0.58724239511115484
 0.96827650942448973
 0.90558749268644834
 0.56098048206683471
 -0.0948784517431875
 -0.59093261401139296
 -0.96940754653152506
 -0.95847169900927442
 -0.67753143319096576
 -0.053784013588269716
 0.46477727545199815
 0.92229384639741663
 0.95715933648978879
 0.67416558449940411
 0.049223357009912677
 -0.59827600357194244
 -0.92404921256713268
 -0.95582701249938995
 -0.67078567614586326
 -0.19678195678587651
 0.47284478012124487
 0.92578530777453982
 0.98884503286238323
 0.66739177861806664
 0.040099059340839509
 -0.47686378276431401
 -0.85949263419991739
 -0.99999977357372771
 -0.85880390863449096
 -0.47568034773834422
 0.04144382654965674
 0.54689314774489595
 0.89828099129858441
 0.99662032358932839
 0.71593804003700734
 0.10716944470083213
 -0.55071070202879191
 -0.95622174279616212
 -0.9712896402106419
 -0.5971970165752265
 -0.10262792226900343
 0.42085177261292628
 0.90225689984781032
 0.97019309262396569
 0.59352785947128683
 0.098084259541188476
 -0.42498997723381116
 -0.82834323351112504
 -0.99834965947009091
 -0.80617855486628232
 -0.24456745138823813
 0.42911931872736814
 0.83089296006415125
 0.99860150528978953
