# Created by Octave 8.4.0, Thu Dec 11 09:47:23 2025 IST <gamana@Samsung>
# name: iq
# type: matrix
# rows: 2048
# columns: 1
 0.99706007033948296
 0.71979445629436789
 0.11267528621267162
 -0.54607854638925091
 -0.95458600820206962
 -0.97259255895290297
 -0.71661680183738552
 -0.25876789299367536
 0.41582037352034329
 0.89985447880301794
 0.97152058492562143
 0.59797692748566744
 -0.049596092412049285
 -0.67444116920798691
 -0.95726733173653833
 -0.92214954772219393
 -0.59431041673833829
 0.054156660896962569
 0.55750403353697353
 0.95857806179479299
 0.92037337700240041
 0.59063151170131145
 -0.058716099949635919
 -0.6811564268950393
 -0.99144949059920529
 -0.91857801197952549
 -0.58694028909782114
 -0.08995968598691377
 0.56506302386814056
 0.96113952181813156
 0.91676349009574332
 0.58323682590797477
 0.085410558434171072
 -0.56882488187623792
 -0.9095788398803798
 -0.96585726208474876
 -0.69723937173125705
 -0.08085964965199921
 0.5725748770931568
 0.91146696481628098
 0.96466407232768558
 0.69395851144652154
 0.076307054549183448
 -0.44467530925009219
 -0.84039127412617853
 -0.99936643867810504
 -0.87681701130020206
 -0.50726554167848714
 0.15791844437680813
 0.64098073219064022
 0.98304095823534621
 0.87461208566586512
 0.50332471182795113
 -0.16242620102223765
 -0.75374355922055913
 -0.98386817811504812
 -0.93683411263050442
 -0.62589100331904679
 -0.13863247807766196
 0.38767924157623307
 0.8860266541137356
 0.97834281697030223
 0.62232285500886353
 -0.018883252709112678
 -0.52785867935254538
 -0.88813469650019505
 -0.99822044475942118
 -0.73151281938767621
 -0.12958157197863263
 0.53173182534861707
 0.94937339120327868
 0.97641149517605841
 0.72839148523155783
 0.27518135912083291
 -0.40027119857025584
 -0.89229517179135864
 -0.97541527964386687
 -0.72525496053724303
 -0.12051985628836237
 0.539444769141321
 0.95220302359858278
 0.9743987219147211
 0.72210331071667855
 0.26638918140600432
 -0.26436759761487083
 -0.81812296642813798
 -0.9969646812229912
 -0.71893660149723992
 -0.11144808692793674
 0.4127880280337809
 0.89839621318548846
 0.9723046650902295
 0.60064404025869844
 0.10690866857780772
 -0.55092960969335636
 -0.90039247786769683
 -0.9962120225343184
 -0.71255826934013666
 -0.1023670206571104
 0.42108968274909531
 0.90236996494666444
 0.97012949938713156
 0.59331675018393693
 0.097823237881506209
 -0.42522738066342897
 -0.90432863318207168
 -0.96901155714552578
 -0.70612049614130767
 -0.093277415011185888
 0.56231104540088572
 0.96021441765734661
 0.91808919917908804
 0.58593996609973664
 0.088729646848843727
 -0.43347608615063532
 -0.8335702757343435
 -0.99884516116837307
 -0.80058386130778225
 -0.38118332737363553
 0.29505700746927255
 0.74244194177693867
 0.98067870320139328
 0.94265526511560149
 0.63908294668798704
 0.15547900140922769
 -0.509392575397842
 -0.87800195033943063
 -0.99927548207434191
 -0.83905004463376487
 -0.30023946390148659
 0.37615908234565687
 0.88017868087772855
 0.9808469264002444
 0.63203151200921293
 -0.0064191446934956159
 -0.51723086013975772
 -0.94388538104184005
 -0.97994719505386085
 -0.73995487764514356
 -0.141931274197549
 0.38460591340230282
 0.88447702880257373
 0.9986603018114758
 0.83151790381238011
 0.2871436046763976
 -0.38881734154671543
 -0.80551296461297017
 -0.99841358164780036
 -0.82897243756720596
 -0.28276622004933655
 0.39302066094081484
 0.80821069513822219
 0.99572529684553057
 0.82640968317723063
 0.27838293835848393
 -0.25232567056790139
 -0.71195336393539066
 -0.99613671377553947
 -0.90076708853249832
 -0.55164861080812788
 -0.047129026907081685
 0.47066694847015184
 0.85587460041102437
 0.98920991118715429
 0.66922913426856767
 0.1947257580520656
 -0.4746912950254723
 -0.92657595352213129
 -0.98853055046695493
 -0.77201305843660495
 -0.19024443905519753
 0.47870574193700199
 0.92828386484757086
 0.98783057403202179
 0.76910237975061224
 0.33371568541195351
 -0.19567974137969191
 -0.66995158466004767
 -0.98935194803207749
 -0.92447833088141018
 -0.46980850632099586
 0.04810061880376932
 0.67333494291237483
 0.95683324420089355
 0.97078868493983261
 0.59551390107624014
 0.10054200436666021
 -0.42275288344574552
 -0.82695698694418485
 -0.99820477003535257
 -0.80763749908038651
 -0.39212605309391713
 0.13384850513027419
 0.73444091888983309
 0.9782884930647664
 0.88614822702694929
 0.52419790220779638
 0.01457942004615246
 -0.49914612947357034
 -0.93674234064043382
 -0.98391506537880058
 -0.75391589745208354
 -0.31153630812522931
 0.36513865163940556
 0.79010162031504583
 0.99249053843869217
 0.84299868999530825
 0.44899540760658252
 -0.2230579892443621
 -0.79289266197034569
 -0.99937573922465328
 -0.84053339739696464
 -0.30284452437160619
 0.22750731161019144
 0.79566716792130066
 0.99356634228954255
 0.9115748296758901
 0.44081575119861865
 -0.23195188933175362
 -0.69705133323988455
 -0.99407316861236728
 -0.90968779540689537
 -0.43671209054113685
 0.23639162971772915
 0.7003184896409369
 0.99455926362965252
 0.90778178968163992
 0.56527940041679248
 0.063536069721895586
 -0.4561055667485257
 -0.84726086568929992
 -0.99974017928601222
 -0.78518905320560317
 -0.21081659327632549
 0.31910292536187457
 0.84967775999932593
 0.99087861687119372
 0.67799868370998118
 0.20635032318008584
 -0.32342755649263732
 -0.76209490119393808
 -0.99990666682747809
 -0.77950044137544672
 -0.34916032984535117
 0.17953931786032531
 0.65766218888049544
 0.95051960352096865
 0.93061783695940536
 0.48425043128684137
 -0.18402994603395961
 -0.66109548976492238
 -0.95192840572335036
 -0.92893675340063486
 -0.48024983659958298
 0.036245563027500163
 0.66451500356302839
 0.98826329219449338
 0.85912929147213657
 0.47623922634562982
 -0.040808889991026519
 -0.54636101681158478
 -0.89800156890714844
 -0.97251409436198921
 -0.60136156986289846
 -0.10780123738777925
 0.55018016296902827
 0.90000152013413215
 0.99628968778454041
 0.71318786016985414
 0.10326002029297376
 -0.42027523032400022
 -0.82541765911308806
 -0.99803740086770543
 -0.8895069447213011
 -0.53039965315243032
 -0.021877151972351568
 0.61997607397048027
 0.93416263098438557
 0.98519270874744136
 0.65024226875192148
 0.017311311182923683
 -0.49677673522365212
 -0.87092125115799168
 -0.9997245785693325
 -0.84690242494468848
 -0.45550525983347107
 0.06420913450765045
 0.68517537297528308
 0.99215262290844974
 0.91638893144898803
 0.58247566642925475
 -0.068765747042522973
 -0.68849451687399366
 -0.96264425706104728
 -0.91455137357013006
 -0.44735548072388992
 0.22484587561108255
 0.6917993022821437
 0.9638707429922535
 0.9644168381515249
 0.57502737266173032
 -0.077874574804260743
 -0.57707819725182719
 -0.96507712748675856
 -0.91081907787510319
 -0.57128519866632965
 -0.070818526234234347
 0.44959794231620176
 0.84336129110560609
 0.99954717667545245
 0.87415755586709232
 0.50251506956987901
 -0.010687453590618137
 -0.52087928828453178
 -0.94528653874540336
 -0.93650605963703171
 -0.62516016716356593
 -0.13770473754745091
 0.52477213534678935
 0.88646056314994948
 0.97814849400595127
 0.62158935063365273
 -0.019819802221215446
 -0.52865403833390945
 -0.94822677574888892
 -0.97718884210939361
 -0.73087381353651881
 -0.27866938929790458
 0.39694205174748343
 0.81071699771620309
 0.99787714938844085
 0.72774935818324415
 0.12412259154013992
 -0.40112943452200633
 -0.89271766704429001
 -0.97520842120142426
 -0.61079942113405361
 -0.11958990645928266
 0.40530845177862374
 0.81603017562444879
 0.99724072609621539
 0.8187894891587626
 0.40968274099887381
 -0.26527087964301094
 -0.81866126483892543
 -0.99689131497651151
 -0.71828519146551872
 -0.11051714876850045
 0.54789656673906506
 0.95523078406663564
 0.92482021438637707
 0.47060082853334229
 -0.047203881500806025
 -0.672670926025842
 -0.9898792794040554
 -0.85346479989839097
 -0.32594089083721095
 0.20374948630750056
 0.78069508365013429
 0.9905170277556401
 0.85107595954585802
 0.32162017358082473
 -0.20821827182906286
 -0.67940099123065623
 -0.99113411896468162
 -0.84866937008156818
