# Created by Octave 8.4.0, Thu Dec 11 09:47:23 2025 IST <gamana@Samsung>
# name: iq
# type: matrix
# rows: 2048
# columns: 1
 0.99706007033948296
 0.81741217677477895
 0.40749676511192734
 -0.11721173552297842
 -0.60890133064396568
 -0.92906155275357227
 -0.95182505386520067
 -0.6608424346775631
 -0.031344426666491253
 0.61251750219373202
 0.9756866937503218
 0.95041478686084535
 0.5345505649007124
 0.026779638075654512
 -0.6161208997466926
 -0.93240144544834269
 -0.94898469904253735
 -0.53068550131166847
 0.13080603864129745
 0.61971144815431445
 0.97764774684509548
 0.88756644408310237
 0.52680937032475517
 0.017648480643128749
 -0.49648404018293579
 -0.93566355795921996
 -0.94606518067421075
 -0.64702319695337762
 -0.16571279352017626
 0.36227941227075194
 0.78821639611625471
 0.99211040285063745
 0.91652386521001739
 0.451735955545704
 -0.22006481733715735
 -0.68824991106358091
 -0.96255289322519511
 -0.9146877172569069
 -0.44765705097149988
 0.072984607991762596
 0.69155575910797984
 0.9932140410785969
 0.91283249357463192
 0.57530323197111466
 0.07570928483461975
 -0.57680275981140672
 -0.91358003901312201
 -0.99299901827171977
 -0.79268712746483883
 -0.36907284080929581
 0.15851039745388298
 0.75113050352384558
 0.99953697267526553
 0.87432127497765744
 0.50280659161546182
 -0.1630177147739201
 -0.64493753308863866
 -0.94517646960071533
 -0.97915629473220078
 -0.73730478749012174
 -0.13803873810039718
 0.38823179124436774
 0.80513623386238631
 0.99844916080522506
 0.82932768418888192
 0.42658205447789677
 -0.24728841396539203
 -0.80783630538709628
 -0.99818451591765156
 -0.73110392955089265
 -0.12898709931501984
 0.53223945734323408
 0.94956155470422277
 0.97628187600863758
 0.61467493103747084
 0.12445719769369468
 -0.40082051008727831
 -0.89256565897215878
 -0.9975927809538645
 -0.72484208350577484
 -0.11992470052882938
 0.40500014806224366
 0.89461555903131029
 0.97426376220703059
 0.72168845298289652
 0.26581129234256295
 -0.26494572488577295
 -0.72106671853433502
 -0.97406100526838946
 -0.95265931830368522
 -0.66289057852064825
 -0.034075203119590815
 0.61035550082890577
 0.97508422786670002
 0.95126092405016316
 0.53685768197021277
 -0.1235663705437246
 -0.72736480393270331
 -0.976087115172108
 -0.94984269133657262
 -0.65602466714103314
 -0.17740248146386889
 0.3511945275298724
 0.86714330313380428
 0.99987463852894498
 0.76068700266561096
 0.32137181495173944
 -0.35546668344393723
 -0.86940874861318307
 -0.99979190436578935
 -0.84853061319897349
 -0.31704400784765441
 0.21293898995673863
 0.7865320410317943
 0.999688319633386
 0.84610530983210563
 0.45417183831706781
 -0.2173987400559155
 -0.68626517685702493
 -0.96180860780868604
 -0.96640760301753192
 -0.58125796803355856
 0.070259386309538652
 0.68957962074360624
 0.96304859030171963
 0.91394475181720136
 0.57753589027058483
 -0.074814073870330539
 -0.69287968350990514
 -0.96426848850398295
 -0.96401990181623187
 -0.69220395107927979
 -0.22539202357372476
 0.3049135284973839
 0.74932400408618116
 0.9826476087243925
 0.87564409572293345
 0.3673672521603934
 -0.1603214190796719
 -0.7523402792093371
 -0.98348440519464564
 -0.93757795681005873
 -0.50122002201802085
 0.1648273820018433
 0.64633842309115219
 0.94577394736605036
 0.97878204894073761
 0.62399085977890023
 -0.016750856276448699
 -0.52604607935961889
 -0.88715250792626166
 -0.97783610591117232
 -0.7329653126523108
 -0.13169602945785097
 0.39412290151306734
 0.80891620192005398
 0.99583532641194883
 0.82573396474510707
 0.42078379296997381
 -0.25348569980377744
 -0.71279482742527112
 -0.97130746523665168
 -0.9002457090423186
 -0.4166366682203187
 0.10724395081121656
 0.60091361986429004
 0.97238342408277312
 0.95485309720900591
 0.66833772326854834
 0.041368952820961244
 -0.47574626322942415
 -0.92702624350260188
 -0.98834876453294618
 -0.77125040624345509
 -0.18906719242150347
 0.34006019714006264
 0.86117259145060643
 0.99999212465582799
 0.857110808271628
 0.33258517246316216
 -0.34435119791359259
 -0.77627848657789622
 -0.98952574387470549
 -0.8547494142055011
 -0.46874972260236863
 0.049298204027954921
 0.67422093032950037
 0.95718103297928936
 0.97050030191356751
 0.71042665820872652
 0.099349000033945797
 -0.55725640660196163
 -0.90367313077905664
 -0.99552236145793405
 -0.80692988855390591
 -0.3910227903042498
 0.13503662767037736
 0.73525412464411766
 0.99853350618279191
 0.80422416227931737
 0.38681560385450109
 -0.13956009696432306
 -0.73834173226001609
 -0.97946715993414057
 -0.88346166250266167
 -0.51927914142955423
 -0.0088140930164201034
 0.50413391244192873
 0.87506584803313325
 0.99948904944559303
 0.75011547030974601
 0.15699340414954244
 -0.37050017663321139
 -0.87726702659573019
 -0.99933266123041298
 -0.7470876546900429
 -0.15248169021846031
 0.37473801739182966
 0.87944990983425675
 0.98114441644085237
 0.74404425862524859
 0.29734455035419366
 -0.37896804302315962
 -0.79914642191117558
 -0.99895736552083214
 -0.74098534558510176
 -0.29298129515776905
 0.38319016531044081
 0.88376060862630323
 0.99873846585318737
 0.73791097936295591
 0.28861192986304957
 -0.24198998576894995
 -0.80460345873856864
 -0.99514335834653123
 -0.9053483207109061
 -0.56051388343360253
 0.095439428204702317
 0.70765659474751896
 0.9695457157469568
 0.95831083395916361
 0.6771168500534992
 0.053221287007395146
 -0.46527616996276433
 -0.92251149975723845
 -0.99008517609894975
 -0.67374926259620038
 -0.20070528408614913
 0.32887798873448248
 0.76581532309867562
 0.99996881912549695
 0.77587584210731353
 0.34375170438822139
 -0.18520834312093926
 -0.66199463213557996
 -0.98774323653133267
 -0.86084787267776119
 -0.47919780371584236
 0.037443756778691752
 0.54353729610752732
 0.89651471149716899
 0.99694118206304239
 0.71872717681913734
 0.26169397284568613
 -0.41306239664840122
 -0.89852847749414688
 -0.9965738734202666
 -0.71554448751208999
 -0.10660913950005184
 0.55118099401715992
 0.9005235047614234
 0.97115542128678756
 0.5967449144169702
 -0.051130371662921649
 -0.55498564052037891
 -0.95771048633973899
 -0.9700563756655316
 -0.70913440773828773
 -0.24844710145726659
 0.42550001936434589
 0.9044571770741362
 0.99534727955467817
 0.70590715095312395
 0.2440209920836714
 -0.42962826117457042
 -0.90639574008318169
 -0.96779761645292528
 -0.70266517253854011
 -0.088429580290714641
 0.43374754312645158
 0.90831540029150459
 0.99442574671426887
 0.80040330929193937
 0.2351535986418401
 -0.43785777931279007
 -0.91021611766474197
 -0.96545812433611755
 -0.69613732157130026
 -0.23071249950231534
 0.44195888401493288
 0.8387449507275484
 0.99342125967229156
 0.69285158515640288
 0.22626658887462139
 -0.44605077170474
 -0.9139605657447335
 -0.96303809447365774
 -0.57079305217832044
 -0.070220514796892591
 0.58128967641094287
 0.96641761755445421
 0.9617979407123759
 0.56703740584683626
 0.065664349888776924
 -0.45420655489758949
 -0.84612607961908715
 -0.99968929171411081
 -0.87163696318853046
 -0.35969506676312935
 0.31708096505067956
 0.75774016515413423
 0.98494163591257178
 0.93468202593693384
 0.62111962155878608
 0.13258591413161741
 -0.39329765209298662
 -0.88883967330274394
 -0.99812765890157551
 -0.82624002063433366
 -0.42159803356900244
 0.10180941305679385
 0.71216487795861461
 0.9710935627050129
 0.95646221142718113
 0.55139731957606908
 -0.10635132811775407
 -0.60019578793292616
 -0.92496325282788283
 -0.95511941663496758
 -0.54758182875831007
 -0.042265924691819438
 0.60384222317401981
 0.9732331737105071
 0.95375670291416725
 0.66560404268784568
 0.18994868149788283
 -0.3392158060511597
 -0.77282216028829276
 -0.98872214087804944
 -0.85757292634240401
 -0.33343168909652754
 0.19597515941831592
 0.7757122365528567
 0.98939574803248798
 0.92436344172820051
 0.46954255038184678
 -0.048401518663292627
 -0.55271073140037885
 -0.95692075553888956
 -0.97071635996314998
 -0.71105818753282657
 -0.10024227555659143
 0.423025871240857
 0.90328832645255697
 0.96960918486365943
 0.70783977080091887
 0.24666972158175843
