# Created by Octave 8.4.0, Thu Dec 11 09:47:23 2025 IST <gamana@Samsung>
# name: iq
# type: matrix
# rows: 2048
# columns: 1
 0.99706007033948296
 0.81741217677477895
 0.2631763561998442
 -0.41166286191191009
 -0.82003431881388944
 -0.99739959216031482
 -0.89379434027545168
 -0.40332217000396425
 0.12174574039319934
 0.72610466550790553
 0.9756866937503218
 0.95041478686084535
 0.5345505649007124
 -0.126277206267076
 -0.72923708866562187
 -0.97667740455693652
 -0.94898469904253735
 -0.53068550131166847
 0.13080603864129745
 0.61971144815431445
 0.97764774684509548
 0.94753482023462876
 0.52680937032475517
 -0.13533214306748165
 -0.73545624545231092
 -0.97859770037839833
 -0.94606518067421075
 -0.5229222527763302
 0.13985542515412888
 0.73854284938133441
 0.97952724534565039
 0.88332189054261379
 0.3823247730738224
 -0.14437579056859726
 -0.63040525104876677
 -0.98043636236127607
 -0.88117195914959878
 -0.51511538248430411
 -0.0039492221486906965
 0.50832944618280662
 0.94041029539182541
 0.98196046852828767
 0.74688936492934765
 0.15218691789985109
 -0.51225682209534928
 -0.94195336044907441
 -0.98108672759545423
 -0.6329880670983572
 -0.14767181956608888
 0.37924403260955986
 0.88175517967331396
 0.98019252618813468
 0.74078502926765999
 0.29269611680139745
 -0.38346563566337838
 -0.8839001337219804
 -0.99872344485238629
 -0.73770965602296679
 -0.28832635562389775
 0.24227936376794221
 0.80478052944019018
 0.99848235643527605
 0.73461889791047752
 0.28395058142647778
 -0.39188476247376564
 -0.88813469650019505
 -0.97738734773531
 -0.61874172821212581
 0.023448947172842981
 0.65489389015789878
 0.94937339120327868
 0.93195438336710679
 0.6151476976129181
 0.12505201810772687
 -0.40027119857025584
 -0.81283679053972591
 -0.99763417391420772
 -0.72525496053724303
 -0.12051985628836237
 0.40445193887085795
 0.89434751792973222
 0.99730982697147408
 0.8193268979110363
 0.26638918140600432
 -0.26436759761487083
 -0.81812296642813798
 -0.9969646812229912
 -0.81670014042814298
 -0.40636866435859498
 0.11843811123967478
 0.72380978565701937
 0.97495106171121826
 0.89323979943204135
 0.53736337067249562
 -0.1229714388149704
 -0.61349323202917039
 -0.93119209952337212
 -0.95003000237158464
 -0.53350643239463069
 0.12750220183209923
 0.61709316219078447
 0.97694182433784282
 0.88909638161822035
 0.39381295355228096
 -0.1320303058023965
 -0.73319467094717705
 -0.9779066548749713
 -0.94713933381100757
 -0.5257592578226381
 0.13655565629267968
 0.62425433944085562
 0.93609865989502394
 0.98424111581431162
 0.64608106957776812
 0.011847420072184065
 -0.62781543718359556
 -0.97977511379001769
 -0.88274230014638688
 -0.51796822483325666
 -0.007280911407297354
 0.50545745710063528
 0.87580690915030124
 0.98258500433542573
 0.63908294668798704
 0.0027142508996653475
 -0.509392575397842
 -0.94082952243764828
 -0.94112121559772
 -0.63556385666181725
 -0.15096620933205945
 0.37615908234565687
 0.88017868087772855
 0.9808469264002444
 0.74301898606732286
 0.14645026886832396
 -0.38038646433654111
 -0.80006716347485207
 -0.99888619500537212
 -0.73995487764514356
 -0.29151500094968152
 0.23904554590989419
 0.80279843518809202
 0.99484017471709107
 0.90663238476110664
 0.4301343611309012
 -0.092419350775549594
 -0.70551000982053125
 -0.9687983227001733
 -0.95917317570695038
 -0.55924348713722538
 -0.056250228351296921
 0.46258889234239531
 0.92133642208986943
 0.99050672924155281
 0.78064825179414798
 0.35087876671096063
 -0.32601173556565088
 -0.8535038514756933
 -0.98986864202460945
 -0.77778605465602391
 -0.34659874936696677
 0.33032554306011602
 0.76680038323000432
 0.99997975150891727
 0.77490763686045938
 0.1947257580520656
 -0.33463246164541943
 -0.85822750015938709
 -0.98853055046695493
 -0.77201305843660495
 -0.33801711923289846
 0.19119927952835253
 0.7726309446768147
 0.98867698022951811
 0.85772783948271503
 0.33371568541195351
 -0.34322527295248667
 -0.77552208599333883
 -0.98935194803207749
 -0.92447833088141018
 -0.46980850632099586
 0.04810061880376932
 0.55245965203411107
 0.95683324420089355
 0.97078868493983261
 0.7112699746563621
 0.25138433026619494
 -0.27931705123175316
 -0.73133396242559634
 -0.97733185259986799
 -0.94801236134682287
 -0.52808142658504087
 0.13384850513027419
 0.73444091888983309
 0.9782884930647664
 0.9465491972583544
 0.52419790220779638
 -0.13837272295586953
 -0.62568642452632262
 -0.93674234064043382
 -0.94506629297245326
 -0.64467978024642647
 -0.16268499548422688
 0.50309805648286454
 0.87448489466216361
 0.98308902348526839
 0.75090784312405601
 0.15817743084431238
 -0.36938623316022245
 -0.79289266197034569
 -0.99303879523100436
 -0.91344285313471929
 -0.57652725677815253
 -0.0772021633450269
 0.44387101636617432
 0.91297014053824677
 0.96369087240910234
 0.69131213729148444
 0.22418865208546143
 -0.44795857031246838
 -0.91482395692723983
 -0.99263176838203893
 -0.68800522698678646
 -0.21973585073413712
 0.31043378884142714
 0.7531532776590677
 0.99962566030275579
 0.78800882612502365
 0.36196507827028734
 -0.16604534267755786
 -0.75614960898846761
 -0.99974017928601222
 -0.78518905320560317
 -0.21081659327632549
 0.4601648393334698
 0.84967775999932593
 0.99983384877874237
 0.78235290523988077
 0.35343597986706526
 -0.32342755649263732
 -0.8520769343569492
 -0.99025288698631997
 -0.67463479703646312
 -0.20187974966664896
 0.46825450996007534
 0.9238061010348807
 0.95601360429414595
 0.55011758475158845
 0.04529650493705354
 -0.47228473929239162
 -0.85682192344726693
 -0.99998974295339804
 -0.77374680424103814
 -0.19292606540949148
 0.47630511916939311
 0.92726435688547848
 0.95329472382463132
 0.66445900241171152
 0.18844314139406976
 -0.34065773071631095
 -0.77379427491261488
 -0.9889505977893237
 -0.92551650307139577
 -0.60136156986289846
 0.045371365888891541
 0.55018016296902827
 0.90000152013413215
 0.99628968778454041
 0.81191999367161027
 0.25402788856811498
 -0.42027523032400022
 -0.90198270191125685
 -0.99588627415353737
 -0.70997928631879803
 -0.09871664971980694
 0.42441466144202417
 0.9039450729211691
 0.96923292646253989
 0.70675590591426907
 0.094171220419915477
 -0.42854524143090444
 -0.83053919395180253
 -0.99856770736082057
 -0.80384632102063036
 -0.38622951874564443
 0.14018932395002348
 0.73877016397742057
 0.99880162570560704
 0.80112149333480798
 0.23631881496075158
 -0.43677950363603685
 -0.90971891406343963
 -0.96576984171147617
 -0.69699759914860648
 -0.080523528307652692
 0.57285131597583161
 0.96371087967815416
 0.96457516552375233
 0.57551774398311595
 0.075970812445554814
 -0.4449773300437953
 -0.84057399342575734
 -0.9930299656656284
 -0.79284699542711268
 -0.36931659404445405
 0.1582514249800219
 0.75095733059333059
 0.99952895764717375
 0.79005568291226769
 0.36506888685045302
 -0.16275893470427472
 -0.75396512742134258
 -0.99965868631257737
 -0.78724789385798333
 -0.21407228166829007
 0.3159436001005983
 0.84791621144290719
 0.99976756718698545
 0.86998133186959403
 0.49511868617650917
 -0.17176367725145975
 -0.75993348705546881
 -0.99985559799969492
 -0.78158312069830338
 -0.20514176692661742
 0.32459591128292553
 0.85272269244596266
 0.99992277691483245
 0.86544154726569933
 0.34800281151606666
 -0.18075409140989987
 -0.76583845364504477
 -0.99996910253138693
 -0.8631445581430458
 -0.4831695435136964
 0.18524369092832746
 0.66202159170945685
 0.9523059789588959
 0.97432285016752296
 0.60765343796048421
 -0.03747970176815317
 -0.54356748863500048
 -0.8965306462350312
 -0.99693837014674846
 -0.71870216652800389
 -0.11111296041333159
 0.41309515457527518
 0.82093309710364448
 0.99751166747468134
 0.8930881406545097
 0.5370789445299804
 0.029772961920549099
 -0.48592015540831529
 -0.86472807410797525
 -0.98651616079302507
 -0.76381271901443137
 -0.32594089083721095
 0.20374948630750056
 0.78069508365013429
 0.99987875705686646
 0.85107595954585802
 0.4625224530463129
 -0.056325047540602191
 -0.67940099123065623
 -0.95919436693370819
 -0.91952198293002108
 -0.58887768312041511
