# Created by Octave 8.4.0, Thu Dec 11 09:47:23 2025 IST <gamana@Samsung>
# name: iq
# type: matrix
# rows: 2048
# columns: 1
 0.99706007033948296
 0.8958330830115131
 0.54224716769547932
 0.035908561572159783
 -0.60890133064396568
 -0.97467563508643473
 -0.95182505386520067
 -0.53840448048633571
 -0.031344426666491253
 0.61251750219373202
 0.9756866937503218
 0.89173695753970295
 0.5345505649007124
 -0.126277206267076
 -0.72923708866562187
 -0.97667740455693652
 -0.94898469904253735
 -0.53068550131166847
 -0.022214290997900961
 0.49251475324559779
 0.93404224138678449
 0.985250469487432
 0.75891061748844191
 0.31878331613078459
 -0.35801914740060525
 -0.78539783471713998
 -0.99152754231630602
 -0.91834089914126482
 -0.4558054392076315
 0.21560776862847272
 0.6849297096298741
 0.9613048499970458
 0.966877464742528
 0.58274974275466684
 0.084813229831986955
 -0.56931784686309095
 -0.90982778912911666
 -0.96570177215863195
 -0.57903252519821957
 -0.080262094262641887
 0.44111841487869557
 0.91171342092136254
 0.99352809498320716
 0.69352673492061989
 0.07570928483461975
 -0.57680275981140672
 -0.91358003901312201
 -0.96328999306189333
 -0.69022950739697697
 -0.071154896496347181
 0.58052721149389108
 0.96617647717373156
 0.96205395684648265
 0.68691788519972474
 0.066599024229182319
 -0.58423955633417979
 -0.91725607877992499
 -0.99187874960179634
 -0.78708613347960132
 -0.21381607161106853
 0.45743750616528306
 0.91906542379149492
 0.99128758100646241
 0.68025173333747047
 0.057483207986331115
 -0.59162761605977232
 -0.96961871794042342
 -0.95822557211480941
 -0.67689734269446189
 -0.20488505504967391
 0.32484398121003566
 0.85285967026973009
 0.99004323693862828
 0.77856168107880996
 0.34775691095553296
 -0.3291596362235587
 -0.76600708392244765
 -0.98706798589555911
 -0.86301208685108277
 -0.34347161125692577
 0.18550142810862433
 0.6622181460394142
 0.98778974619014315
 0.86069606453987113
 0.47893600348116838
 -0.037741799180791728
 -0.66563312401798547
 -0.98849090621939795
 -0.85836209249050632
 -0.33487961217098988
 0.34206505440574203
 0.862254728491333
 0.98730689364631385
 0.76696871253595067
 0.18248437222101171
 -0.48562539556399231
 -0.86455865896230799
 -0.99994309558021077
 -0.76403033079695037
 -0.17799244441910247
 0.4896123951713961
 0.9328470854580132
 0.94859455951793425
 0.52963836788862773
 0.020979600942368393
 -0.6206802229306233
 -0.9344826169515198
 -0.98503839069289045
 -0.64955995649615195
 -0.016413681660202538
 0.62425433944085562
 0.97885109125774172
 0.94566435559940187
 0.64608106957776812
 0.011847420072184065
 -0.62781543718359556
 -0.9376951805861069
 -0.94416965564365596
 -0.51796822483325666
 0.14559771938948285
 0.74244194177693867
 0.99905415417283672
 0.88058739468803771
 0.51405646439116126
 -0.15011424342459914
 -0.63489827957422962
 -0.98156184064759078
 -0.8784141246596503
 -0.37272368253927118
 0.3037713983630882
 0.84105996677280404
 0.99940963070714672
 0.79229956413757341
 0.22210969556110782
 -0.30811913652456402
 -0.75154986251153877
 -0.98326668640036863
 -0.93799426797162899
 -0.62848598639690056
 -0.141931274197549
 0.38460591340230282
 0.80279843518809202
 0.9986603018114758
 0.73687533753128009
 0.13740931956298558
 -0.38881734154671543
 -0.88659855654745923
 -0.97808644142219958
 -0.73378042994926174
 -0.13288449926953011
 0.39302066094081484
 0.80821069513822219
 0.99572529684553057
 0.9027410274486326
 0.55545184092149236
 -0.10150972301813228
 -0.59629502905811249
 -0.92310219592082832
 -0.95655008992160562
 -0.67261547438327629
 -0.19920301606094334
 0.47066694847015184
 0.85587460041102437
 0.99997975150891727
 0.86238753857084249
 0.48185811012784718
 -0.034412226326070341
 -0.66314302366827793
 -0.98798139365844539
 -0.86006665733274223
 -0.47785151315373381
 0.038975868375956735
 0.54482362820236752
 0.89719290039186705
 0.99682017986520099
 0.71766028860472586
 0.10962484661941579
 -0.5486473611136512
 -0.89920037971003641
 -0.97187427959669481
 -0.59917633153129735
 -0.10508452125710538
 0.41860992106483791
 0.82438066428653922
 0.99792084509802448
 0.81032196923136679
 0.25138433026619494
 -0.42275288344574552
 -0.82695698694418485
 -0.99563498366487102
 -0.80763749908038651
 -0.24696165236387882
 0.42688702935371275
 0.8295160634890768
 0.9984678775029745
 0.80493618572279035
 0.24253382409876054
 -0.28807520130343556
 -0.7375325586554845
 -0.97922473141210453
 -0.88402276669574964
 -0.38370785527361939
 0.29244531029783893
 0.8345822651241197
 0.99426291516930421
 0.79948325508046658
 0.37948670914245436
 -0.29680932037190372
 -0.83708928455909648
 -0.99376407532853228
 -0.69503578367345586
 -0.22922036107167365
 0.44333372670715848
 0.91272536305760776
 0.96385077902166005
 0.6917451883744351
 0.22477285582009482
 -0.44742250073204154
 -0.84205089924673893
 -0.99947097594890577
 -0.87533701225132698
 -0.50461792658281668
 0.0082535772213779592
 0.51880002299952621
 0.88319891056935484
 0.97958001227093605
 0.73871965688208541
 0.14011512559396239
 -0.5226986699188424
 -0.88533147958915415
 -0.97865164003263161
 -0.73563393581916581
 -0.13559200846936478
 0.52658641600492995
 0.88744558510144256
 0.97770285810336988
 0.73253287317743021
 0.28100613039472744
 -0.24968090147450372
 -0.71003205735290709
 -0.99589306163665337
 -0.82537535260802997
 -0.42020723065496823
 0.10333455741059976
 0.7132403876757174
 0.97145840219953794
 0.95601360429414595
 0.67125684091562299
 0.04529650493705354
 -0.60142144191066849
 -0.97253154049542179
 -0.95466411877607582
 -0.66786488579440773
 -0.19292606540949148
 0.33636061951733709
 0.85916763922364559
 0.98825184187956794
 0.77084575096264307
 0.18844314139406976
 -0.34065773071631095
 -0.77379427491261488
 -0.99998940073362763
 -0.8567832820780219
 -0.47221868416594392
 0.045371365888891541
 0.67131238493471701
 0.95603558259739696
 0.9237774076299472
 0.59770660638150441
 0.10326002029297376
 -0.55398783516922856
 -0.90198270191125685
 -0.97034689319511946
 -0.59403917778321069
 0.054493383907177437
 0.67805376596341482
 0.95867405792466798
 0.92024145753600073
 0.46009830557788145
 -0.21088984649677303
 -0.68140328042767151
 -0.99149343853740313
 -0.91844467662543139
 -0.58666723142977939
 -0.089623827187757507
 0.43266688414771959
 0.83307400675438814
 0.99455145437254244
 0.70026499464550118
 0.085074564858861945
 -0.56910219984820576
 -0.96248175678768133
 -0.96576984171147617
 -0.69699759914860648
 -0.231878994448591
 0.44088301412749958
 0.91160563668947248
 0.96457516552375233
 0.57551774398311595
 0.075970812445554814
 -0.57658848534133278
 -0.91347334786286249
 -0.9930299656656284
 -0.69041926913453366
 -0.071416512219100281
 0.4490623659983633
 0.84303899794670245
 0.99248136912938811
 0.79005568291226769
 0.36506888685045302
 -0.16275893470427472
 -0.75396512742134258
 -0.98392844930791656
 -0.87222403267404025
 -0.49908119296237063
 0.16726305010571701
 0.75695720037518566
 0.99976756718698545
 0.86998133186959403
 0.49511868617650917
 -0.17176367725145975
 -0.65169172040484546
 -0.98551828393206375
 -0.86772048768357102
 -0.35228043953203181
 0.17626072228136108
 0.65514869784289442
 0.98628238008474745
 0.86544154726569933
 0.34800281151606666
 -0.32891195782272448
 -0.85509928273339597
 -0.9894281587390571
 -0.67034093276055851
 -0.044062760124450776
 0.60240764654280876
 0.92601178368240689
 0.95429575624973262
 0.66694520403006563
 0.039500030374461016
 -0.47739064736666098
 -0.85979891506325046
 -0.99999919043919605
 -0.85849662577286689
 -0.47515292767449607
 0.04204280796555189
 0.54739495561019913
 0.89854426479811322
 0.97222579552915267
 0.60037439234906187
 -0.046605037363985337
 -0.55121100671340062
 -0.95639701164548396
 -0.97114684364983439
 -0.59671605039669295
 -0.10203156538250441
 0.5550155623611589
 0.90251524314443954
 0.995773610928675
 0.70910904562404031
 0.097487628719073738
 -0.42553257065895028
 -0.90447252011329171
 -0.96892820327769935
 -0.70588167261913093
 -0.092941658960011372
 0.56258987015718354
