# Created by Octave 8.4.0, Thu Dec 11 09:47:23 2025 IST <gamana@Samsung>
# name: iq
# type: matrix
# rows: 2048
# columns: 1
 0.99706007033948296
 0.8958330830115131
 0.40749676511192734
 -0.11721173552297842
 -0.72295709950342013
 -0.97467563508643473
 -0.89379434027545168
 -0.53840448048633571
 -0.031344426666491253
 0.61251750219373202
 0.9307412043625467
 0.95041478686084535
 0.65740811854692949
 0.17920756624578818
 -0.34947630729317497
 -0.77971163284007661
 -0.9902997991842033
 -0.9219174737612722
 -0.5938281674466025
 0.054755275299491701
 0.67824652386242867
 0.95874864621098477
 0.92013878115657166
 0.45986541708857864
 -0.059314559022868391
 -0.56178544187468848
 -0.90599964213760187
 -0.99499096351463112
 -0.70333136332568646
 -0.089362596629136537
 0.43290333150358423
 0.83321906296188719
 0.99452407799023024
 0.7000777311951929
 0.084813229831986955
 -0.56931784686309095
 -0.96255289322519511
 -0.96570177215863195
 -0.57903252519821957
 0.072984607991762596
 0.57306627895981621
 0.96378086250028872
 0.96450593995209644
 0.57530323197111466
 -0.077538373483401396
 -0.57680275981140672
 -0.91358003901312201
 -0.99299901827171977
 -0.69022950739697697
 -0.22272925180653891
 0.3075145173729773
 0.75113050352384558
 0.99953697267526553
 0.7898948670650332
 0.21827493776079607
 -0.31185672933426212
 -0.84562645019083471
 -0.99187874960179634
 -0.78708613347960132
 -0.21381607161106853
 0.45743750616528306
 0.91906542379149492
 0.99128758100646241
 0.68025173333747047
 0.057483207986331115
 -0.46149364166221007
 -0.85046631654676685
 -0.99986002074606939
 -0.78141948139773487
 -0.20488505504967391
 0.46554015275120081
 0.92262657540312143
 0.95690944055429616
 0.67352883541892117
 0.048362596540172997
 -0.46957695504264702
 -0.92437830773569063
 -0.95557335273441868
 -0.67014628176077173
 -0.19593694714062365
 0.47360396434939761
 0.85759296924080952
 0.99999540351778604
 0.77279742987957578
 0.19145671714048751
 -0.3377702626083236
 -0.77184632306809275
 -0.99999882230188708
 -0.76989109921219223
 -0.33487961217098988
 0.19446848906226558
 0.66903422027829129
 0.98917145136069295
 0.92494844217390204
 0.47089834743204406
 -0.046867033747573464
 -0.55142982772784532
 -0.95647358368258695
 -0.97108426039629825
 -0.59650556024492263
 0.051428232491258427
 0.6757944842168484
 0.99047064063879786
 0.8512529665268137
 0.46282140941885924
 -0.20788843009190797
 -0.67915351091042064
 -0.95909896399592787
 -0.91965447150011992
 -0.58915019910744659
 0.06054731728429652
 0.56280668962743263
 0.90652169075643541
 0.96772249425417678
 0.70245292795551217
 0.23930021665734427
 -0.43401626026004414
 -0.83390129996400719
 -0.9943942548903667
 -0.80022448225587572
 -0.23486369851189498
 0.43812590268212964
 0.83641303144195311
 0.99390102147704307
 0.6959231720412592
 0.23042228230537098
 -0.29998927131410252
 -0.83890731960218134
 -0.99926546539418393
 -0.87812746374023176
 -0.37216731045212564
 0.15521990264824989
 0.63888119294273482
 0.94256769103511717
 0.98072997867282441
 0.74261762234268391
 0.14585720244600886
 -0.5177438501891326
 -0.94408321150734609
 -0.93778628091338123
 -0.5017386946196043
 0.011585155087853634
 0.52164543106267169
 0.88475658864781193
 0.99862910069091138
 0.73646992327589755
 0.28656929572213435
 -0.38936960356123135
 -0.88687569161064339
 -0.97796144940880547
 -0.73337300308974884
 -0.13229028813657909
 0.39357185195279359
 0.80856359383003795
 0.99810937180197989
 0.82607197240836805
 0.42132756391753479
 -0.2529057306336317
 -0.81124225234633263
 -0.99781828131895878
 -0.82348972479342486
 -0.41718158624638879
 0.106647885100269
 0.71557170856524011
 0.97224333165312371
 0.89851137326958597
 0.54733224038238693
 0.041967936110490878
 -0.47521886452547285
 -0.85853505300654542
 -0.98843983512506073
 -0.77163187100420239
 -0.18965584981998099
 0.47923200562359664
 0.86086770125102496
 0.98773715340256729
 0.76871908322971561
 0.18517004939254975
 -0.48323515238183556
 -0.86318239617788683
 -0.98701387251156136
 -0.65853561950740669
 -0.18068038726057722
 0.48722822131491544
 0.86547908951437158
 0.98627000753600025
 0.76284547406125769
 0.17618695705555892
 -0.49121112914774684
 -0.86775773336314854
 -0.99985432172435307
 -0.7598847751608806
 -0.32020210376883135
 0.35662073253939414
 0.78447016306265849
 0.99976594875481661
 0.75690822893261911
 0.3158724996931519
 -0.21414548183765864
 -0.78729410116229492
 -0.99192158334645664
 -0.84544640193264708
 -0.31153630812522931
 0.36513865163940556
 0.87448489466216361
 0.98308902348526839
 0.64118202727612839
 0.005446466656266781
 -0.50703949142794102
 -0.93990010998605222
 -0.94204138792272474
 -0.63767090251296954
 -0.15366656742847584
 0.51097035211053232
 0.94144960872359518
 0.98137545065624499
 0.63414647918112677
 0.14915249931032143
 -0.37785819723066766
 -0.79842508030580706
 -0.9990113855659839
 -0.83555027623656908
 -0.29412747756966146
 0.38208240309828206
 0.88319891056935484
 0.99879795529096516
 0.8330325515970789
 0.43259932229274561
 -0.089698463358592009
 -0.70357104096355216
 -0.9950246172039402
 -0.83049745413946297
 -0.42847753222482732
 0.24525622822431584
 0.70680891937608892
 0.96925136938056977
 0.90391302325552925
 0.55772175493586962
 0.054418557105745877
 -0.46421451522251034
 -0.8520769343569492
 -0.99990666682747809
 -0.86605962344102483
 -0.34916032984535117
 0.32774544257114785
 0.85445833872757682
 0.9999586319136059
 0.77663172110021084
 0.19740496596936324
 -0.3320564935482308
 -0.85682192344726693
 -0.99998974295339804
 -0.86145738380298953
 -0.48024983659958298
 0.18851673627980456
 0.77089348593878015
 0.98826329219449338
 0.85912929147213657
 0.33629004696919496
 -0.19299959502625752
 -0.66792065896118524
 -0.9889505977893237
 -0.92551650307139577
 -0.47221868416594392
 0.045371365888891541
 0.67131238493471701
 0.95603558259739696
 0.97144062343148863
 0.71318786016985414
 0.10326002029297376
 -0.42027523032400022
 -0.90198270191125685
 -0.97034689319511946
 -0.59403917778321069
 -0.09871664971980694
 0.42441466144202417
 0.82798706032986946
 0.99546209140484987
 0.80655438456449347
 0.39043783300440948
 -0.28545771561406558
 -0.83053919395180253
 -0.99856770736082057
 -0.80384632102063036
 -0.38622951874564443
 0.14018932395002348
 0.62711640397435597
 0.93738286894452327
 0.94446504989139402
 0.64327632135886925
 0.16087467946475087
 -0.50468262234372585
 -0.93896368106054662
 -0.98275142388085146
 -0.63977318806970362
 -0.003612003576097977
 0.6342044204286742
 0.94052491117439774
 0.98189664881965666
 0.7466650879372424
 0.30109568094123251
 -0.22929330316701357
 -0.69508966027877517
 -0.99377242836424529
 -0.83704828615673299
 -0.4391683835773984
 0.082426600067351322
 0.69836552224373061
 0.96626338538553846
 0.90892441789562195
 0.56753111057003847
 0.066262548155808801
 -0.5845132053407629
 -0.96742949194927785
 -0.90701080238006038
 -0.56376518666406916
 -0.061705188177938824
 0.45773735113543396
 0.91919827200598381
 0.9594266923029664
 0.55998750548639908
 0.057146541344009039
 -0.59189945380494535
 -0.92098703315352426
 -0.99062973958423328
 -0.67664908345507713
 -0.052586702724156269
 0.46583857587044308
 0.85303569840394
 0.98999571220944627
 0.67327953654496719
 0.048025767413371868
 -0.5992363264894498
 -0.97189192478739406
 -0.95547390137131483
 -0.66989594845132772
 -0.19560625154617511
 0.47390094072350675
 0.85776636300026632
 0.99999636910856871
 0.86052432995207551
 0.33886189807850309
 -0.33808764542683351
 -0.77206068735916977
 -0.98854186490453733
 -0.85818903436324712
 -0.33456184298063663
 0.34238191350790442
 0.7749550010800943
 0.99997927181881596
 0.76675227945330937
 0.18215280322778285
 -0.48592015540831529
 -0.86472807410797525
 -0.98651616079302507
 -0.76381271901443137
 -0.32594089083721095
 0.35094893923134723
 0.78069508365013429
 0.9905170277556401
 0.92130728613903012
 0.5925624553559925
 0.096890962859445942
 -0.55930560942458629
 -0.95919436693370819
 -0.96877974656918697
 -0.58887768312041511
