# Created by Octave 8.4.0, Thu Dec 11 09:47:23 2025 IST <gamana@Samsung>
# name: iq
# type: matrix
# rows: 2048
# columns: 1
 0.99706007033948296
 0.81741217677477895
 0.40749676511192734
 -0.26757933088703667
 -0.82003431881388944
 -0.99739959216031482
 -0.89379434027545168
 -0.40332217000396425
 0.27197672523161615
 0.82263935911185238
 0.99631865342087256
 0.81211680656676566
 0.39913916364882279
 -0.126277206267076
 -0.72923708866562187
 -0.99801622712169602
 -0.88966097771079677
 -0.53068550131166847
 0.13080603864129745
 0.73235430365016874
 0.9982933274023793
 0.88756644408310237
 0.39074826631547099
 -0.13533214306748165
 -0.62328907253604104
 -0.97859770037839833
 -0.88545340033792985
 -0.5229222527763302
 0.13985542515412888
 0.62685369828083859
 0.93726536135324057
 0.98364649651042202
 0.75293139567673473
 0.1612074989385934
 -0.36653212183670031
 -0.8752101648306293
 -0.98281373076484568
 -0.74991820004097443
 -0.30576841154300655
 0.37077718740857579
 0.8774101499200383
 0.99932172244443662
 0.83972129973922371
 0.30141723570001927
 -0.37501452045592854
 -0.79657321781796253
 -0.99914313223323781
 -0.74384495350793745
 -0.29705977382799137
 0.37924403260955986
 0.88175517967331396
 0.98019252618813468
 0.74078502926765999
 0.14315364154996899
 -0.52007944302982734
 -0.8839001337219804
 -0.9792778829548171
 -0.73770965602296679
 -0.13863247807766196
 0.38767924157623307
 0.8860266541137356
 0.97834281697030223
 0.73461889791047752
 0.28395058142647778
 -0.39188476247376564
 -0.80748280845543519
 -0.99822044475942118
 -0.73151281938767621
 -0.12958157197863263
 0.53173182534861707
 0.89022421691831999
 0.99793771528696562
 0.72839148523155783
 0.12505201810772687
 -0.40027119857025584
 -0.89229517179135864
 -0.97541527964386687
 -0.61154083816441651
 0.032578773816362379
 0.539444769141321
 0.95220302359858278
 0.92860399486731282
 0.47946219183674782
 -0.18939832058294218
 -0.66518560712459007
 -0.95358806728458312
 -0.9268997341204479
 -0.60428893386840432
 0.041705882764596969
 0.66858852978133054
 0.98908328766509801
 0.92517614296391726
 0.60064404025869844
 -0.046268180162347322
 -0.67197750908508203
 -0.98974591263666278
 -0.92343325734306048
 -0.4673948212957868
 0.20283232172097065
 0.78010937042434225
 0.99038789654722414
 0.85156740657198415
 0.46335275743937165
 -0.2073019864333841
 -0.7829583640356752
 -0.99100922600826868
 -0.84916445372231864
 -0.3181809317963995
 0.35861242639359125
 0.87106778079594227
 0.98434695020286866
 0.64653853612139678
 0.16508607192294633
 -0.36287164523642723
 -0.78860730660693079
 -0.99218987018173066
 -0.84430547076328211
 -0.45116892498574845
 0.069063291190749512
 0.68871079187901341
 0.99274916027192672
 0.84184954198756257
 0.44708871619852197
 -0.073618372655640751
 -0.69201463713126821
 -0.96395014595207851
 -0.91257282341007628
 -0.57478333593399444
 0.078171918816064875
 0.69530405048119537
 0.99380561813976886
 0.91069591671206174
 0.43890041192735763
 -0.082723834708230817
 -0.69857896332837865
 -0.99430276388508065
 -0.90880001753352013
 -0.43479248720976083
 0.23846337962173209
 0.70183930737479805
 0.994779173536672
 0.83185077759566284
 0.2877178104297996
 -0.24289585603491534
 -0.70508501462628548
 -0.99523483715906136
 -0.82930758483012479
 -0.42654952096069493
 0.2473232668771092
 0.70831601739392114
 0.96977397262789666
 0.9029987624782646
 0.5559502578282578
 -0.10091329755001452
 -0.59581366090383858
 -0.9708781593802871
 -0.90102729271411663
 -0.55214854389280421
 -0.047727856211025217
 0.47013791499912905
 0.92462053990548931
 0.95538585161881107
 0.54833531494967858
 -0.10999578098875952
 -0.60312398323902328
 -0.97302576755243941
 -0.89702802216575994
 -0.40995753179140187
 0.26498040949601909
 0.81848822640838625
 0.99720164738798323
 0.81633326735018108
 0.26137138215720318
 -0.41336675179237098
 -0.82110337045349413
 -0.99753265043221573
 -0.89295392225622183
 -0.40160989296164668
 0.27377619191481695
 0.82370139046247171
 0.99784285002373596
 0.81102398714872381
 0.39742346667364004
 -0.12813246369754377
 -0.61759308592218221
 -0.97707730441884444
 -0.94839324431328553
 -0.65254389752122577
 -0.020344262404307464
 0.49414175311890252
 0.93470866263824459
 0.94693526815372953
 0.5252185961049457
 0.015778289785674641
 -0.49810680917557304
 -0.93632199100592728
 -0.94545754374526758
 -0.64559590152393109
 -0.16386791309179902
 0.50206147726003447
 0.93791579246363377
 0.98330788905718081
 0.75169913641832509
 0.1593612301400637
 -0.36827175865024248
 -0.87611345131609575
 -0.98246672616909925
 -0.63859405043216355
 -0.0020787785250994868
 0.50993931983371721
 0.94104468210270542
 0.94090619125990704
 0.50958731222447518
 -0.15525543682479045
 -0.63890886462852803
 -0.94257970503136645
 -0.98072295059992354
 -0.74259353203032707
 -0.29527323713804587
 0.23522643458328552
 0.80044822951654881
 0.99443364532778944
 0.83369527258828502
 0.29090706894304647
 -0.38519242979194951
 -0.8847733521275708
 -0.97889736390548221
 -0.73644559000194398
 -0.13677984553588957
 0.5255667351739155
 0.94706670333249532
 0.9345631623416466
 0.62085765067118193
 0.13225463395452514
 -0.39360491891732846
 -0.808584758511669
 -0.9981071603229158
 -0.82605170031978015
 -0.42129494192897587
 0.10214189417742749
 0.59680504531265743
 0.92334638412697145
 0.95636461281972895
 0.6721450926597492
 0.046494249356239692
 -0.60046308408663684
 -0.97225174705330453
 -0.95502035927123841
 -0.66875680618638189
 -0.19410240898735903
 0.47525051326602891
 0.85855349636620693
 0.98843438090726554
 0.66535457285061506
 0.037368871228434644
 -0.47926357596950292
 -0.86088600338917332
 -0.99999420237146885
 -0.8574009664654576
 -0.3331165731995343
 0.34382207474108578
 0.77592311723380303
 0.99996822454106882
 0.76576713127802476
 0.18064500890849372
 -0.48725963289793067
 -0.86549710806737856
 -0.9999213924642798
 -0.85266475274713216
 -0.32449100642381107
 0.20525031513302944
 0.78165230057120128
 0.99072651411486423
 0.92071002898629983
 0.5913267038636717
 0.09536483201435636
 -0.42746160560208135
 -0.90538014207092266
 -0.99513597893657624
 -0.80455895736107197
 -0.2419172743442409
 0.28868367814973406
 0.83241016300009274
 0.9987422260085822
 0.801838525669477
 0.38312094629479049
 -0.14352297910378442
 -0.62973604094625069
 -0.93855052796221816
 -0.98297245168622671
 -0.75048801991438008
 -0.15754992491049469
 0.5075871187384684
 0.94011690256467528
 0.94182799823717644
 0.51193627774920858
 0.00024429786608070703
 -0.51151650147545191
 -0.94166367111461102
 -0.94028332926573244
 -0.63365499429213756
 0.0043224101772478462
 0.51543521658228852
 0.88134834107030124
 0.99898293381570769
 0.83520096912764985
 0.29352005345184312
 -0.23700904545673229
 -0.70077196909311512
 -0.96712527899890954
 -0.96103643057553478
 -0.56475508395065876
 0.090331357797997905
 0.70402248268821932
 0.99508772818509117
 0.83014331309076361
 0.28477679075671175
 -0.24587224440542177
 -0.7072583139584484
 -0.99552944227673668
 -0.82758848976759469
 -0.42377129891905568
 0.099423567006865637
 0.59461050906572643
 0.92229384639741663
 0.99016417751102426
 0.67416558449940411
 0.049223357009912677
 -0.59827600357194244
 -0.97160894686084376
 -0.95582701249938995
 -0.54958679732789917
 -0.044661673882949809
 0.47284478012124487
 0.92578530777453982
 0.95447475482355715
 0.54576587340178506
 0.040099059340839509
 -0.60556948542610201
 -0.92750209581354159
 -0.95310259166351785
 -0.6639839626954176
 -0.035535608536464744
 0.60919732066912191
 0.9291995408806899
 0.98744339955086657
 0.76752142299443016
 0.18333162083533702
 -0.34554413784565774
 -0.77707905273223465
 -0.9999519177799836
 -0.7645860550062018
 -0.32707418657571408
 0.34982594267411621
 0.86641456886100343
 0.99989670866540481
 0.85170487785764759
 0.46358516984331394
 -0.20704539389190363
 -0.67852071038842732
 -0.99097410014976495
 -0.84930294363803938
 -0.31842957299204655
 0.21151098616212829
 0.68186825157796627
 0.99157594954908901
 0.84688329728278955
