# Created by Octave 8.4.0, Thu Dec 11 09:47:23 2025 IST <gamana@Samsung>
# name: iq
# type: matrix
# rows: 2048
# columns: 1
 0.99706007033948296
 0.81741217677477895
 0.40749676511192734
 -0.26757933088703667
 -0.72295709950342013
 -0.99739959216031482
 -0.81477298767905471
 -0.40332217000396425
 0.12174574039319934
 0.72610466550790553
 0.9756866937503218
 0.95041478686084535
 0.65740811854692949
 0.026779638075654512
 -0.6161208997466926
 -0.97667740455693652
 -0.94898469904253735
 -0.53068550131166847
 -0.022214290997900961
 0.61971144815431445
 0.93404224138678449
 0.94753482023462876
 0.65049842763434806
 0.017648480643128749
 -0.62328907253604104
 -0.97859770037839833
 -0.94606518067421075
 -0.64702319695337762
 -0.013082302230897626
 0.50044297299076146
 0.93726536135324057
 0.98364649651042202
 0.75293139567673473
 0.1612074989385934
 -0.50439146910589572
 -0.9388476181633828
 -0.94306674230411036
 -0.51511538248430411
 -0.0039492221486906965
 0.50832944618280662
 0.94041029539182541
 0.94153800602658821
 0.63651683455885644
 -0.00061748905173052778
 -0.51225682209534928
 -0.87959183670055963
 -0.98108672759545423
 -0.6329880670983572
 -0.14767181956608888
 0.37924403260955986
 0.79932567724122838
 0.99894370498287544
 0.74078502926765999
 0.29269611680139745
 -0.38346563566337838
 -0.80206146680018797
 -0.99471412193617259
 -0.90715275704229548
 -0.5640436772560169
 0.091189587921087126
 0.70463424304951916
 0.96849149417710867
 0.9052216213146459
 0.42712419847488775
 -0.095736315726760557
 -0.59162761605977232
 -0.96961871794042342
 -0.95822557211480941
 -0.67689734269446189
 -0.052923454120163547
 0.5953031768677769
 0.97072572039354965
 0.90130275558293516
 0.4188481031914722
 -0.10482368684166825
 -0.71428904737035315
 -0.99642376475119299
 -0.82193656840597684
 -0.41469690979581653
 0.10936414063460427
 0.71747761179131575
 0.97287896944569174
 0.95421733651916474
 0.66674975226285726
 0.19145671714048751
 -0.47762109668853364
 -0.85993281577640979
 -0.9880219015039563
 -0.66333931775948618
 -0.034674352783172553
 0.60988050752199152
 0.92951769366217263
 0.98730689364631385
 0.76696871253595067
 0.33057309196900747
 -0.34635271246754379
 -0.86455865896230799
 -0.99994309558021077
 -0.76403033079695037
 -0.32625967769526004
 0.20341932760986636
 0.78048430577675221
 0.99988395123660889
 0.8512529665268137
 0.46282140941885924
 -0.055988358703845706
 -0.67915351091042064
 -0.95909896399592787
 -0.96886329631413692
 -0.58915019910744659
 -0.092680508055636157
 0.429897566468319
 0.90652169075643541
 0.99486675030193172
 0.80295479393864755
 0.38484800857883378
 -0.29126409986974627
 -0.73977842583670239
 -0.97989489953272035
 -0.94397197361676277
 -0.51745531617108087
 0.14619080877256765
 0.63182823598891091
 0.98079580514366582
 0.8803031412508725
 0.51354214370764828
 0.0021147486843296568
 -0.50990837753160867
 -0.87828874934801482
 -0.99925248579709669
 -0.74566827301361671
 -0.29966756480902224
 0.23075041581171793
 0.79768089846240808
 0.99393815228930615
 0.91019997911661832
 0.57005567924401146
 -0.083918673314793177
 -0.6994363906929727
 -0.99442985469023693
 -0.90829909993624047
 -0.56629770197952101
 -0.064768503918316747
 0.45500618041280882
 0.84660422771807708
 0.99971126661039378
 0.87119657448638765
 0.4972631344130784
 -0.016750856276448699
 -0.52604607935961889
 -0.94724746803781934
 -0.93436251019496674
 -0.62041578487416316
 -0.13169602945785097
 0.52992437655048663
 0.88925068386053163
 0.9768697701985396
 0.72985109505014845
 0.12716772590537276
 -0.5337916222166712
 -0.95013521478378304
 -0.97588306195568009
 -0.72672165646975961
 -0.12263677028153504
 0.53764773570711577
 0.95154938063428185
 0.92939328129582277
 0.60961322745036917
 0.11810325707900529
 -0.40667676316387258
 -0.89543376711611222
 -0.97384861061456984
 -0.60598684772426525
 0.039574909776025805
 0.66700103896563889
 0.95431814982942342
 0.92598349239297739
 0.47330693411798463
 -0.1962676204535162
 -0.77590042571686879
 -0.98943902375805948
 -0.92424961311068343
 -0.46927919879232782
 0.048699420167262614
 0.67377805770053945
 0.99009064908208233
 0.8526835451500393
 0.32452503005875494
 -0.35235057260061453
 -0.78162986490910868
 -0.99985432172435307
 -0.85028888000473257
 -0.46119445201813503
 0.20968248266632986
 0.78447016306265849
 0.99133194181980266
 0.84787648216215594
 0.4571376091762453
 -0.21414548183765864
 -0.68383802411548178
 -0.96089129691787012
 -0.96725854326979932
 -0.70114609033859421
 -0.086305000545913779
 0.43566822324319554
 0.83491237187186829
 0.99419861127584652
 0.69788263748098545
 0.081754434436132339
 -0.43977420553022362
 -0.91109728423998393
 -0.96490022720293422
 -0.69460463034444542
 -0.0772021633450269
 0.44387101636617432
 0.91297014053824677
 0.9931747655467954
 0.69131213729148444
 0.072648282209853754
 -0.57930743003644081
 -0.96578927795253033
 -0.90968779540689537
 -0.43671209054113685
 0.08514923093521945
 0.58302375281096053
 0.96696348238648455
 0.90778178968163992
 0.56527940041679248
 0.063536069721895586
 -0.58672791667811064
 -0.96811752088496095
 -0.95994232489362474
 -0.68134843078258478
 -0.05897792840350171
 0.4601648393334698
 0.84967775999932593
 0.99087861687119372
 0.67799868370998118
 0.054418557105745877
 -0.59409945894557603
 -0.970365004227011
 -0.9573431522354271
 -0.55392544587614156
 -0.049858050913958639
 0.59776668361302476
 0.97145840219953794
 0.95601360429414595
 0.67125684091562299
 0.19740496596936324
 -0.3320564935482308
 -0.76797662005141698
 -0.99998974295339804
 -0.86145738380298953
 -0.48024983659958298
 0.18851673627980456
 0.66451500356302839
 0.95331735554538732
 0.92723629695034715
 0.60500399200341626
 0.11234020629758215
 -0.54636101681158478
 -0.95468642402066628
 -0.97251409436198921
 -0.71638156055294167
 -0.25844214320731507
 0.27230121880568781
 0.82283104388607065
 0.99774102377887197
 0.89158429610588674
 0.5342655367518574
 0.026442536515764517
 -0.48882940738508918
 -0.93252327229805121
 -0.98596540036085667
 -0.65370493758158688
 -0.021877151972351568
 0.49280821003958597
 0.93416263098438557
 0.98519270874744136
 0.75869097778854966
 0.16988232258226452
 -0.49677673522365212
 -0.93578250779400085
 -0.9843994710296855
 -0.64676603917887232
 -0.16538022551828968
 0.36259370507354283
 0.78842387647310075
 0.99960698059496689
 0.84446525583110477
 0.45143507759741341
 -0.22039375891483476
 -0.68849451687399366
 -0.96264425706104728
 -0.9656141565470755
 -0.69656758553488018
 -0.23129578853988478
 0.44142102839570441
 0.91185190848861342
 0.9934897346948528
 0.69328375107809725
 0.22685050426344353
 -0.30348722560178526
 -0.8408985917021129
 -0.9929591283905842
 -0.79248150281653562
 -0.36875940648814054
 0.15884334603799766
 0.75135307850657385
 0.98321230929285264
 0.87415755586709232
 0.50251506956987901
 -0.010687453590618137
 -0.52087928828453178
 -0.94528653874540336
 -0.93650605963703171
 -0.62516016716356593
 -0.13770473754745091
 0.52477213534678935
 0.88646056314994948
 0.97814849400595127
 0.73398302658285619
 0.13318010153099763
 -0.3927463907825941
 -0.80803501982829273
 -0.99816414828841271
 -0.73087381353651881
 -0.12865268805560975
 0.53252491628911025
 0.94966724670251723
 0.97620881102840229
 0.61440890274510263
 -0.028950497499741039
 -0.65904302069962439
 -0.98712198703216847
 -0.92994486488287587
 -0.48264457491927476
 0.033514987101304058
 0.54023327442822866
 0.89476619086006459
 0.9741876934915108
 0.72145498151342724
 0.2654861877484091
 -0.26527087964301094
 -0.81866126483892543
 -0.99722412327535703
 -0.89486588660375632
 -0.40551259198549666
 0.26967121204323496
 0.82127528094718671
 0.9975537541960332
 0.81351195702580037
 0.40133398604391574
 -0.12390100013857708
 -0.72759618081039457
 -0.99786258122388205
 -0.89075204234264915
 -0.53271392021889008
 0.1284312254337609
 0.73072137985246688
 0.99815059791834015
 0.88866723383728807
 0.52884358346608917
 -0.1329587723074456
 -0.73383133976659254
 -0.97810204070790241
