# Created by Octave 8.4.0, Thu Dec 11 09:47:23 2025 IST <gamana@Samsung>
# name: iq
# type: matrix
# rows: 2048
# columns: 1
 0.99706007033948296
 0.8958330830115131
 0.54224716769547932
 -0.11721173552297842
 -0.60890133064396568
 -0.92906155275357227
 -0.95182505386520067
 -0.53840448048633571
 -0.031344426666491253
 0.48454544831307755
 0.86393738386991581
 0.99995550774600939
 0.7648265315825612
 0.32742682899836506
 -0.34947630729317497
 -0.77971163284007661
 -0.99990200276958874
 -0.85190037886372305
 -0.46391580451806957
 0.054755275299491701
 0.55800162607063519
 0.90405720677398727
 0.99543709859296892
 0.80639930563970652
 0.39019635417561327
 -0.13592610742041433
 -0.73586232050072153
 -0.99858170584926753
 -0.88517463485022252
 -0.38598757492505503
 0.29008244521409926
 0.83321906296188719
 0.99452407799023024
 0.8009644889521762
 0.38177074593872068
 -0.29444976525794719
 -0.83573550265197849
 -0.99403645175662203
 -0.79822199612300271
 -0.37754595515819683
 0.14948593972267568
 0.74506978139404401
 0.99921737728844184
 0.87871764054369417
 0.51068044846592586
 -0.0012169927623786735
 -0.51277160339566497
 -0.87987688011884446
 -0.98097050610764491
 -0.74344414005284531
 -0.14707886180448676
 0.51668688773089189
 0.88203781161932693
 0.9989159777961224
 0.74038218407304623
 0.29212281523455474
 -0.2384284469169469
 -0.70181368405008948
 -0.99477550209621857
 -0.83187074051656729
 -0.43070795804228468
 0.091786577666750149
 0.70505950685464613
 0.99523132916447776
 0.90496670557365255
 0.42658205447789677
 -0.24728841396539203
 -0.70829062570729828
 -0.96976519508238013
 -0.95805393366806602
 -0.67645593973606599
 -0.20429823214728229
 0.32541091424439439
 0.7634508077008495
 0.99993311537287111
 0.86500946214189989
 0.34719476272528599
 -0.32972567322589774
 -0.85554577090823614
 -0.98930281167432299
 -0.77530914740290158
 -0.34290851758361607
 0.18609049371592126
 0.76931786257913626
 0.99999704150406676
 0.77241681417527408
 0.19086826898829903
 -0.4781477145899844
 -0.92804736212390482
 -0.98792921227539277
 -0.76950837226522373
 -0.18638352895506891
 0.34262833256009806
 0.86255820721364196
 0.99997754868073285
 0.85570014665531058
 0.33000723250375069
 -0.34691504748586588
 -0.7779979636358787
 -0.99993652039743985
 -0.85332808163596185
 -0.32569291987586835
 0.3511945275298724
 0.86714330313380428
 0.99987463852894498
 0.76068700266561096
 0.17290636130483472
 -0.49411048094498033
 -0.86940874861318307
 -0.99979190436578935
 -0.84853061319897349
 -0.4582356449188979
 0.061145710446713887
 0.56330213157844045
 0.96054856688459667
 0.91761328397652675
 0.58496792371446682
 0.087535304603103034
 -0.56706950284859436
 -0.90869055342431926
 -0.99433068714871142
 -0.79986481559928813
 -0.23428092150626556
 0.29620242279567877
 0.7432446358180318
 0.98091255458302051
 0.88001857142836226
 0.37584660714244433
 -0.30056110973383704
 -0.74629210187906125
 -0.98179031922762106
 -0.8778404872174177
 -0.50910235623141731
 0.0030514704809131319
 0.63934227975830582
 0.94276776507499982
 0.93915636712574746
 0.6311018954839811
 0.1452640836018857
 -0.38149506631531072
 -0.80078588558721142
 -0.99882890251600831
 -0.83338394294207974
 -0.43317216973771422
 0.24020962053452147
 0.70311931511756987
 0.96795814139299452
 0.96012018944754285
 0.56203215669969375
 -0.093613160455026004
 -0.70635923936487
 -0.9690948008193081
 -0.90418464341241633
 -0.42492214231189135
 0.24906550352207987
 0.80891620192005398
 0.99807234521878718
 0.72985109505014845
 0.27723112717140469
 -0.39831585799448649
 -0.8913303145526621
 -0.99777852259038047
 -0.82314945953206031
 -0.27284053070302011
 0.40250050763492184
 0.81425215763961789
 0.99662647663178694
 0.89824805940904495
 0.54683040793766702
 0.041368952820961244
 -0.60455758547018779
 -0.97343910396101097
 -0.89623167689417627
 -0.40831643863066625
 0.11632011949804706
 0.60818894308261728
 0.97447448285525728
 0.95209995995565033
 0.53916079132880979
 0.032241729992935481
 -0.48375992560273723
 -0.93041253877199881
 -0.95069359293406575
 -0.53530907675414618
 -0.027677062390549571
 0.48775166536439363
 0.86577925251625287
 0.99991416793867083
 0.85237019441807671
 0.4647109219745772
 -0.053858842967806686
 -0.67758654772169435
 -0.99080292478462006
 -0.84997319852775233
 -0.31963410662009878
 0.35718075455367776
 0.8703136909681306
 0.98461601216628303
 0.6477074493356495
 0.013979977208803314
 -0.49966552062251407
 -0.87255370827168033
 -0.99964083922039459
 -0.75352190530558161
 -0.16209344886943333
 0.36569669609986438
 0.79046895978453746
 0.99950803184176107
 0.84267605597806827
 0.30662304814909491
 -0.3699432713764611
 -0.87697910545821811
 -0.98212982640030599
 -0.74748602601074754
 -0.30227311873356855
 0.22809105349444225
 0.79603016489417455
 0.99363405851934006
 0.91132818929290016
 0.44027755868150731
 -0.23253500146994419
 -0.6974810650252522
 -0.96594457262267019
 -0.96229853049964109
 -0.68757003990861654
 -0.067494761286094856
 0.4525714579813136
 0.91689813430433831
 0.99199253296624257
 0.68424690285910295
 0.21469298093651523
 -0.31534061241499911
 -0.75654178775331737
 -0.98462282033713611
 -0.87029449877232379
 -0.35714435702152109
 0.1711376127035914
 0.65120959186310456
 0.94783383101992913
 0.9337072685669523
 0.49169930172031201
 -0.023150774917322287
 -0.53147920723192421
 -0.94927965275571025
 -0.9764758499932793
 -0.61538281663915928
 0.027716015199802699
 0.53534199070844268
 0.95070567735066669
 0.93039825583691349
 0.48372582062468594
 -0.18461917775397735
 -0.76836045105227757
 -0.99999227854816175
 -0.86115278299169851
 -0.47972390636529832
 0.18910545721954594
 0.77127520987753551
 0.9883546949159574
 0.85882233579194722
 0.47571198750746807
 -0.041407887188901399
 -0.66836670923880226
 -0.98903929380659694
 -0.92528930024995593
 -0.60088247193461142
 -0.10720520770894533
 0.55068067745181271
 0.95621121573584256
 0.92354767364821833
 0.59722586772224207
 -0.050531642697646817
 -0.67513248402895309
 -0.99034659876718778
 -0.85172372649409922
 -0.32278929029045333
 0.35406681205242768
 0.86866798729944894
 0.99982132737852258
 0.84932193198522976
 0.45956594254873184
 -0.05965118289711676
 -0.56206438710514606
 -0.90614232899702107
 -0.99495719667694738
 -0.80348956942675309
 -0.38567646528425986
 0.14078288242199291
 0.62758326021428712
 0.97971538920854007
 0.88288239738496355
 0.38145904536495701
 -0.2947720194620107
 -0.74224210581578476
 -0.98062031368972058
 -0.88072869288680666
 -0.51431227012111369
 -0.0030125029018574635
 0.50913589562750616
 0.8778591502797668
 0.99928678894029288
 0.83921227324648817
 0.30052394351688672
 -0.22987679354026777
 -0.79713915789658085
 -0.99910392432213546
 -0.83672012973495158
 -0.29616520348346187
 0.23431880457256138
 0.69879448646745346
 0.99433482991166777
 0.83421053650119825
 0.29180028695165083
 -0.23875592890746625
 -0.80262056584572172
 -0.99867569066952333
 -0.73707693247992045
 -0.13770473754745091
 0.38854253912744019
 0.80533619044350724
 0.99526416606126766
 0.82913921057920092
 0.42627703109202647
 -0.096668695913488034
 -0.59238255469116108
 -0.92122043032456113
 -0.9579572357211904
 -0.55569982829719711
 0.10121300589464162
 0.71174389087921641
 0.99611047806902719
 0.82399871852646989
 0.4179973205467552
 -0.10575520508773301
 -0.71494430161629696
 -0.99650247768692635
 -0.89890508186728502
 -0.54808336655674661
 0.11029519876566761
 0.60336424775845621
 0.97309522087936695
 0.89689483656565461
 0.54425795057319359
 0.038301930067534518
 -0.47844386165224989
 -0.86041054963190122
 -0.99999694595634003
 -0.85788113451621073
 -0.47409757541945252
 0.04324072525082754
 0.54839798095114078
 0.9554079826666001
 0.92459199420879312
 0.47007177393068039
 -0.047802708672315619
 -0.67311440314957505
 -0.95674651807965072
 -0.9708602034745818
 -0.59575347482441132
 0.052363695172689753
 0.55601254589604276
 0.90303095653948784
 0.99566277613826715
 0.80781333690788515
 0.39240040222005296
 -0.13355292969609442
