# Created by Octave 8.4.0, Thu Dec 11 09:47:23 2025 IST <gamana@Samsung>
# name: iq
# type: matrix
# rows: 2048
# columns: 1
 0.99706007033948296
 0.81741217677477895
 0.40749676511192734
 -0.11721173552297842
 -0.60890133064396568
 -0.92906155275357227
 -0.95182505386520067
 -0.6608424346775631
 -0.18369847411188231
 0.48454544831307755
 0.9307412043625467
 0.98677225365717247
 0.7648265315825612
 0.17920756624578818
 -0.48853519495787168
 -0.93240144544834269
 -0.94898469904253735
 -0.53068550131166847
 0.13080603864129745
 0.73235430365016874
 0.9982933274023793
 0.80675369022336518
 0.24551049220311386
 -0.28513450973044718
 -0.73545624545231092
 -0.99854960836650131
 -0.88545340033792985
 -0.5229222527763302
 0.13985542515412888
 0.73854284938133441
 0.97952724534565039
 0.94457581101048138
 0.64353447266247155
 0.0085158509884466927
 -0.63040525104876677
 -0.9388476181633828
 -0.98281373076484568
 -0.74991820004097443
 -0.30576841154300655
 0.37077718740857579
 0.79380414593267479
 0.99932172244443662
 0.74688936492934765
 0.15218691789985109
 -0.37501452045592854
 -0.79657321781796253
 -0.99914313223323781
 -0.74384495350793745
 -0.14767181956608888
 0.51617351493844721
 0.88175517967331396
 0.98019252618813468
 0.74078502926765999
 0.14315364154996899
 -0.38346563566337838
 -0.80206146680018797
 -0.99872344485238629
 -0.73770965602296679
 -0.13863247807766196
 0.52397452491172358
 0.94646456283791902
 0.9352270289765664
 0.62232285500886353
 -0.018883252709112678
 -0.52785867935254538
 -0.94792886150570133
 -0.97738734773531
 -0.61874172821212581
 -0.12958157197863263
 0.39608211065021354
 0.89022421691831999
 0.99793771528696562
 0.72839148523155783
 0.27518135912083291
 -0.25554820013760671
 -0.71428904737035315
 -0.9718124784500537
 -0.95557335273441868
 -0.67014628176077173
 -0.043800730362636646
 0.60261697710835183
 0.92611076224270938
 0.98871630425468959
 0.66674975226285726
 0.039237950724844595
 -0.60625506401228335
 -0.92782390279400195
 -0.9880219015039563
 -0.66333931775948618
 -0.18697249432793983
 0.48162826828313782
 0.862254728491333
 0.98730689364631385
 0.6599150493749707
 0.18248437222101171
 -0.34635271246754379
 -0.86455865896230799
 -0.98657129559318824
 -0.76403033079695037
 -0.32625967769526004
 0.20341932760986636
 0.6757944842168484
 0.99047064063879786
 0.8512529665268137
 0.32193945930560336
 -0.20788843009190797
 -0.78333115921436058
 -0.99108925768113243
 -0.84884768600070171
 -0.31761252689779229
 0.3591719908072325
 0.87136207831000456
 0.98424111581431162
 0.75511982966047653
 0.31327897070961552
 -0.36343022125511892
 -0.78897579815913343
 -0.99226447206662238
 -0.84398406755565658
 -0.4506338234743309
 0.22126935221527527
 0.68914533015244894
 0.96288695422024306
 0.9141878894328731
 0.44655238580789536
 -0.22572055441760619
 -0.69244728475509543
 -0.96410949048091532
 -0.96417909475583619
 -0.5742926551933929
 -0.074477793700477926
 0.44631769078305872
 0.84138411242655475
 0.99285238222274652
 0.79193364505529973
 0.36792477034572635
 -0.30868941789305326
 -0.84384335826177637
 -0.99229699825105167
 -0.78913692405411384
 -0.21706957207182662
 0.4544722474186727
 0.91774726849180999
 0.96045472696749501
 0.56302347038087841
 -0.092419350775549594
 -0.58893824801691086
 -0.91955143387160576
 -0.95917317570695038
 -0.55924348713722538
 0.096965548000683841
 0.59262281808500161
 0.92133642208986943
 0.99050672924155281
 0.67598778716342178
 0.20367611970904997
 -0.32601173556565088
 -0.8535038514756933
 -0.99994026315875784
 -0.77778605465602391
 -0.34659874936696677
 0.18222648701769353
 0.76680038323000432
 0.99997975150891727
 0.86238753857084249
 0.34231150373757346
 -0.18671483023342564
 -0.769723690212191
 -0.98798139365844539
 -0.92792170728734635
 -0.60646362901863526
 0.038975868375956735
 0.54482362820236752
 0.95413885114572949
 0.97293960590383544
 0.6028262662184477
 -0.043538697587652483
 -0.5486473611136512
 -0.95549601106452198
 -0.92447833088141018
 -0.46980850632099586
 0.20015612234780542
 0.77839705386729208
 0.99000628298972737
 0.85299658942327106
 0.46577226419855994
 -0.20462832907820289
 -0.67670425882568808
 -0.95815052266696876
 -0.9696828445732264
 -0.70805253408118418
 -0.095997390681856934
 0.42688702935371275
 0.8295160634890768
 0.9984678775029745
 0.88614822702694929
 0.52419790220779638
 -0.13837272295586953
 -0.62568642452632262
 -0.93674234064043382
 -0.98391506537880058
 -0.64467978024642647
 -0.010013047761816983
 0.50309805648286454
 0.87448489466216361
 0.98308902348526839
 0.75090784312405601
 0.15817743084431238
 -0.36938623316022245
 -0.79289266197034569
 -0.99303879523100436
 -0.84053339739696464
 -0.30284452437160619
 0.22750731161019144
 0.79566716792130066
 0.99920398154940382
 0.74484481718296036
 0.14915249931032143
 -0.37785819723066766
 -0.88104792251660446
 -0.98048795545716472
 -0.74178997201371843
 -0.29412747756966146
 0.38208240309828206
 0.80116634160787004
 0.99879795529096516
 0.73871965688208541
 0.14011512559396239
 -0.5226986699188424
 -0.88533147958915415
 -0.99856369517541654
 -0.83049745413946297
 -0.28538589488842303
 0.24525622822431584
 0.70680891937608892
 0.96925136938056977
 0.90391302325552925
 0.42434680629691318
 -0.098791221410575017
 -0.59409945894557603
 -0.9220480561402048
 -0.9573431522354271
 -0.55392544587614156
 0.10333455741059976
 0.59776668361302476
 0.97145840219953794
 0.95601360429414595
 0.55011758475158845
 0.04529650493705354
 -0.60142144191066849
 -0.97253154049542179
 -0.95466411877607582
 -0.66786488579440773
 -0.19292606540949148
 0.47630511916939311
 0.92726435688547848
 0.95329472382463132
 0.66445900241171152
 0.18844314139406976
 -0.34065773071631095
 -0.77379427491261488
 -0.99998940073362763
 -0.76792862176621013
 -0.18395628741404277
 0.48431599538613296
 0.93064526108400769
 0.95049632027062791
 0.65760573526850563
 0.027041826074332108
 -0.4883063246597511
 -0.86609708556551335
 -0.99990564019671446
 -0.76204637929906172
 -0.3233566452854974
 0.20642364779482933
 0.67805376596341482
 0.95867405792466798
 0.92024145753600073
 0.46009830557788145
 -0.059052735788742081
 -0.68140328042767151
 -0.95996331965004555
 -0.96809874646541105
 -0.58666723142977939
 -0.089623827187757507
 0.43266688414771959
 0.83307400675438814
 0.99880162570560704
 0.88316376227426374
 0.51873595737724332
 -0.14470947024985625
 -0.74184022576927944
 -0.99901471413331877
 -0.7983799583331106
 -0.37778881381560825
 0.29856063441505654
 0.74489481655070955
 0.99920696820001331
 0.7956217731899673
 0.37355659917449718
 -0.30291594242750181
 -0.84057399342575734
 -0.99937838389625189
 -0.8766548174323272
 -0.36931659404445405
 0.30726493315548692
 0.75095733059333059
 0.9831027439923048
 0.93830509815306196
 0.62918402735208534
 -0.010087981973328627
 -0.52036743992919077
 -0.88405779351868652
 -0.99870635429799859
 -0.73748195008814421
 -0.28800343928546723
 0.38799006792188778
 0.80498064877621045
 0.99846372804915795
 0.8294742095736658
 0.42681926135309134
 -0.24703426848143711
 -0.80768168619747682
 -0.99820027893006624
 -0.82691484959557615
 -0.27924509506351897
 0.25145686109895288
 0.81036587949062577
 0.99605747492512753
 0.82433824438349557
 0.27485714181146442
 -0.25587420960649715
 -0.71452501113115185
 -0.97189192478739406
 -0.89916758903474137
 -0.54858470737123244
 0.10969933265927975
 0.60288605549076435
 0.97295691831292452
 0.8971598023399584
 0.54476078736602618
 -0.11423733350010555
 -0.60652321135819354
 -0.97400162091040132
 -0.89513330545907011
 -0.5409255064241385
 0.11877295193178608
 0.72404242682852316
 0.99751166747468134
 0.81386045126370754
 0.40188301863227083
 -0.12330609336432669
 -0.72718478695228606
 -0.97603006659610958
 -0.89102435057797791
 -0.53322118190329848
 -0.025207970311606029
 0.48990640385738971
 0.86701264097890396
 0.99987875705686646
 0.85107595954585802
 0.32162017358082473
 -0.20821827182906286
 -0.67940099123065623
 -0.95919436693370819
 -0.96877974656918697
 -0.70545689928489297
