# Created by Octave 8.4.0, Thu Dec 11 09:47:23 2025 IST <gamana@Samsung>
# name: iq
# type: matrix
# rows: 2048
# columns: 1
 0.99706007033948296
 0.71979445629436789
 0.2631763561998442
 -0.41166286191191009
 -0.82003431881388944
 -0.99739959216031482
 -0.89379434027545168
 -0.40332217000396425
 0.27197672523161615
 0.72610466550790553
 0.9756866937503218
 0.89173695753970295
 0.39913916364882279
 -0.27636844752632383
 -0.82522724334078956
 -0.99801622712169602
 -0.88966097771079677
 -0.53068550131166847
 0.13080603864129745
 0.73235430365016874
 0.9982933274023793
 0.80675369022336518
 0.24551049220311386
 -0.42824053105714127
 -0.83035132807013867
 -0.99854960836650131
 -0.80404686683955928
 -0.38654055032865986
 0.28950866682443271
 0.73854284938133441
 0.97952724534565039
 0.94457581101048138
 0.64353447266247155
 0.0085158509884466927
 -0.50439146910589572
 -0.8752101648306293
 -0.99947947189198894
 -0.74991820004097443
 -0.15669884238927639
 0.50832944618280662
 0.8774101499200383
 0.98196046852828767
 0.63651683455885644
 0.15218691789985109
 -0.37501452045592854
 -0.87959183670055963
 -0.98108672759545423
 -0.74384495350793745
 -0.14767181956608888
 0.37924403260955986
 0.79932567724122838
 0.99423482618450487
 0.90906497418168908
 0.43536466339879998
 -0.086640958364850085
 -0.70138649497904204
 -0.9673440726117527
 -0.90715275704229548
 -0.43124892776542673
 0.24227936376794221
 0.80478052944019018
 0.995172673015283
 0.82966251550724124
 0.42712419847488775
 -0.095736315726760557
 -0.59162761605977232
 -0.96961871794042342
 -0.90327160727240496
 -0.42299056154802456
 0.25113046123705945
 0.71108558651626785
 0.97072572039354965
 0.95690944055429616
 0.55267825629644496
 -0.10482368684166825
 -0.59896632268215722
 -0.92437830773569063
 -0.98939008741680945
 -0.77568764392683509
 -0.34347161125692577
 0.3334684266427943
 0.76893472152711884
 0.99999540351778604
 0.86069606453987113
 0.47893600348116838
 -0.18998693966562338
 -0.66563312401798547
 -0.95376841510680677
 -0.97322421740503984
 -0.60381116136497703
 -0.1108522977199087
 0.54761443469753268
 0.95513095897934219
 0.97216437610049722
 0.60016461899422868
 -0.046867033747573464
 -0.67242136389076779
 -0.95647358368258695
 -0.97108426039629825
 -0.71213752157466126
 -0.10177064770085427
 0.42163336854287486
 0.82626197125556577
 0.99574948813708342
 0.80836512406540517
 0.39326182440105123
 -0.13262453776289626
 -0.62115016073397611
 -0.97803180066825379
 -0.88671984235211354
 -0.38905897338469098
 0.28689235719527861
 0.83137217755029091
 0.99864669548498619
 0.80295479393864755
 0.38484800857883378
 -0.14167164154906572
 -0.62828195559010802
 -0.93790331511077729
 -0.98331443318542888
 -0.6421292465344145
 -0.0066814220535604723
 0.50597464915570589
 0.93947771061620244
 0.9824734317532009
 0.63862173069241412
 0.0021147486843296568
 -0.50990837753160867
 -0.87828874934801482
 -0.9816119409268943
 -0.63510089645229451
 -0.15037354922751256
 0.51383147181467992
 0.94256769103511717
 0.98072997867282441
 0.63156681724073349
 -0.0070186351243288854
 -0.6423877224089799
 -0.98337572251258365
 -0.87372121466920871
 -0.3636745572016995
 0.16423604820363752
 0.64588085493770186
 0.94557904321004638
 0.93619088246932725
 0.49778317453547566
 -0.1687390302799123
 -0.75793475849732128
 -0.99979872672709624
 -0.7834941685839707
 -0.20814497571020177
 0.32169112912610048
 0.85111530279515479
 0.99987992114534174
 0.86697529797926964
 0.35087876671096063
 -0.17773434348514575
 -0.6562791438151202
 -0.98652842266602814
 -0.86469043479524876
 -0.34659874936696677
 0.33032554306011602
 0.85587460041102437
 0.99997975150891727
 0.86238753857084249
 0.48185811012784718
 -0.18671483023342564
 -0.66314302366827793
 -0.95276179274796713
 -0.9739846416439677
 -0.72083302870849542
 -0.26462053999945312
 0.41029789267069405
 0.89719290039186705
 0.97293960590383544
 0.6028262662184477
 -0.043538697587652483
 -0.5486473611136512
 -0.95549601106452198
 -0.92447833088141018
 -0.46980850632099586
 0.04810061880376932
 0.67333494291237483
 0.95683324420089355
 0.97078868493983261
 0.7112699746563621
 0.25138433026619494
 -0.42275288344574552
 -0.90315903864523062
 -0.9696828445732264
 -0.70805253408118418
 -0.095997390681856934
 0.42688702935371275
 0.8295160634890768
 0.9984678775029745
 0.80493618572279035
 0.24253382409876054
 -0.28807520130343556
 -0.83205784055189824
 -0.99474101974739715
 -0.80221808549423934
 -0.38370785527361939
 0.29244531029783893
 0.74060881724670391
 0.98014054811671381
 0.88187887015013433
 0.51639813837311055
 -0.14741240706340067
 -0.63278499592379212
 -0.93990010998605222
 -0.98224247935955056
 -0.74788412868125476
 -0.30284452437160619
 0.22750731161019144
 0.79566716792130066
 0.99356634228954255
 0.9115748296758901
 0.44081575119861865
 -0.080598222732407257
 -0.69705133323988455
 -0.96578927795253033
 -0.96246141992976164
 -0.68800522698678646
 -0.21973585073413712
 0.31043378884142714
 0.8448263018309673
 0.99206806997202313
 0.78800882612502365
 0.36196507827028734
 -0.31477163936862168
 -0.84726086568929992
 -0.99148368207262383
 -0.78518905320560317
 -0.35770425901355962
 0.31910292536187457
 0.84967775999932593
 0.99087861687119372
 0.67799868370998118
 0.20635032318008584
 -0.32342755649263732
 -0.8520769343569492
 -0.99025288698631997
 -0.67463479703646312
 -0.049858050913958639
 0.59776668361302476
 0.9238061010348807
 0.98960650546753481
 0.67125684091562299
 0.19740496596936324
 -0.47228473929239162
 -0.92554488003732771
 -0.98893948579507385
 -0.66786488579440773
 -0.040734014305628702
 0.47630511916939311
 0.85916763922364559
 0.99999999929803707
 0.77084575096264307
 0.18844314139406976
 -0.34065773071631095
 -0.77379427491261488
 -0.99998940073362763
 -0.76792862176621013
 -0.18395628741404277
 0.34494773752928914
 0.77667892647719483
 0.98961727890937345
 0.9237774076299472
 0.59770660638150441
 -0.049932895571018494
 -0.55398783516922856
 -0.9573648031389832
 -0.92201904689465719
 -0.59403917778321069
 -0.09871664971980694
 0.42441466144202417
 0.82798706032986946
 0.99546209140484987
 0.70675590591426907
 0.24518357827358583
 -0.28545771561406558
 -0.83053919395180253
 -0.99501714838476762
 -0.70351778617963279
 -0.24075370706548865
 0.28983142998495609
 0.73877016397742057
 0.97959507615814501
 0.88316376227426374
 0.51873595737724332
 0.0081786417543016701
 -0.50468262234372585
 -0.87537324331174171
 -0.99946853590792306
 -0.74969507541622005
 -0.3054473240688339
 0.37109035081734881
 0.79400918965226941
 0.99325320366409453
 0.83953813505979158
 0.44326655429247164
 -0.077874574804260743
 -0.57707819725182719
 -0.96507712748675856
 -0.96319940693050832
 -0.68998545825173063
 -0.070818526234234347
 0.44959794231620176
 0.84336129110560609
 0.99954717667545245
 0.78968802398976323
 0.21794583567536724
 -0.31217711507956075
 -0.7543588147266056
 -0.98403532181835085
 -0.93650605963703171
 -0.62516016716356593
 -0.13770473754745091
 0.52477213534678935
 0.94676652961209029
 0.97814849400595127
 0.62158935063365273
 -0.019819802221215446
 -0.52865403833390945
 -0.94822677574888892
 -0.933264388344899
 -0.6180055709143798
 -0.12865268805560975
 0.53252491628911025
 0.89065052568276315
 0.97620881102840229
 0.72774935818324415
 0.2742806783315328
 -0.25645371012622509
 -0.71494430161629696
 -0.97203288982183245
 -0.95529683067236215
 -0.66945072337818479
 -0.04286488531363869
 0.60336424775845621
 0.97309522087936695
 0.89689483656565461
 0.54425795057319359
 0.038301930067534518
 -0.60699974742872231
 -0.97413725812455376
 -0.9525567355248995
 -0.6626380579904444
 -0.033738176038133443
 0.61062258817443182
 0.97515897982580757
 0.95115687533519111
 0.65921096082010155
 0.029173718402167544
 -0.48644403644873635
 -0.9315331541943076
 -0.98641786637543472
 -0.65577011586513889
 -0.17707059926871024
 0.35151024841164807
 0.86731120967855868
 0.99986924220881324
 0.85076104151199938
 0.32105246423163464
 -0.20880459865101567
 -0.67984076546067163
