# Created by Octave 8.4.0, Thu Dec 11 09:47:23 2025 IST <gamana@Samsung>
# name: iq
# type: matrix
# rows: 2048
# columns: 1
 0.99706007033948296
 0.71979445629436789
 0.11267528621267162
 -0.41166286191191009
 -0.89785314323009247
 -0.99669975492155383
 -0.71661680183738552
 -0.10813648706951674
 0.54989853666459632
 0.95593663795513129
 0.92390648709702716
 0.46848624543001655
 -0.049596092412049285
 -0.55370705885596561
 -0.9018370479926181
 -0.9704283499248888
 -0.59431041673833829
 -0.099052217956670074
 0.55750403353697353
 0.95857806179479299
 0.92037337700240041
 0.46039768712535095
 -0.21056019768431139
 -0.6811564268950393
 -0.99144949059920529
 -0.84740015524068646
 -0.31502057900881997
 0.21502232624927703
 0.78784732084417608
 0.99963280183650383
 0.75332579332272687
 0.31068310305869751
 -0.36597427427218027
 -0.87492000179672103
 -0.99949863300164543
 -0.75031465545842113
 -0.1572909121528088
 0.5078130844141947
 0.87712238562843992
 0.99934361971368713
 0.84004669004139421
 0.44410603043884272
 -0.076940660499172919
 -0.69441592225238924
 -0.99366761431796047
 -0.91120536368867255
 -0.44000974894806411
 0.23282506864009697
 0.79896529285674434
 0.9989710731442647
 0.83505669922252568
 0.43590429109398116
 -0.23726384717635296
 -0.80170327404073327
 -0.99875354763222546
 -0.83253555515828159
 -0.28890034813315035
 0.24169767759665903
 0.80442453577585094
 0.99511365919605155
 0.90547621171446713
 0.42766618896130559
 -0.095139548270323407
 -0.59114418285674741
 -0.92062168744411577
 -0.95839686617049169
 -0.55697636669152706
 0.099684547012589234
 0.59482136777734718
 0.9223951842689625
 0.99012744735315783
 0.77893777070989356
 0.34831893420021354
 -0.32859348091960006
 -0.854924397079591
 -0.98947700756754897
 -0.67059113056997532
 -0.19652479537939213
 0.33290317762689803
 0.76855130411611672
 0.9999934061281559
 0.77317776783661152
 0.19204509648218823
 -0.33720593166871321
 -0.8596266700940336
 -0.988114235632507
 -0.7702735494564491
 -0.18756139250195419
 0.48110279110532905
 0.86195093987035842
 0.99998486432392741
 0.76735326709145446
 0.1830737769459358
 -0.48510124172802771
 -0.86425723373821917
 -0.98666903599711187
 -0.76441698164385541
 -0.32682631825529179
 0.20283232172097065
 0.78010937042434225
 0.99989290458098001
 0.85156740657198415
 0.46335275743937165
 -0.2073019864333841
 -0.67871335521846821
 -0.99100922600826868
 -0.91988974850086858
 -0.45930103040332332
 0.21176732788170799
 0.78579102912153043
 0.99160988806202044
 0.84674379162518743
 0.3138482400055988
 -0.36287164523642723
 -0.87330169381830114
 -0.98353184272085126
 -0.75251303872601927
 -0.16058030388339911
 0.50494008338163898
 0.93906624326363042
 0.94285519092382031
 0.51457060032020996
 -0.14952150569732761
 -0.74509377257618103
 -0.98144707216966398
 -0.87870046987263228
 -0.37327992066766102
 0.30320016942785533
 0.74813181186125777
 0.99938885407091427
 0.79266519846341243
 0.36903940981405714
 -0.30754874441650254
 -0.8431993766735949
 -0.99953806651749477
 -0.87430381634263565
 -0.36479120267712084
 0.16305320373799007
 0.7541610207360504
 0.99966643368859243
 0.78706394497686827
 0.36053538785283901
 -0.16755709418725079
 -0.64844822871320018
 -0.98478550742822701
 -0.86983422908657126
 -0.49485953419562972
 0.019518609755765009
 0.65191791170065039
 0.98556881465749446
 0.86757220158988269
 0.49088603026454547
 -0.024084241872780097
 -0.53226990918172834
 -0.94957283366233869
 -0.93172378779885434
 -0.61464655801608759
 0.028649371715106869
 0.53613041646893878
 0.9509948067909697
 0.97527504023077227
 0.61103791934713192
 -0.033213904077406022
 -0.5399797428050559
 -0.89463163127373257
 -0.99726304439504687
 -0.81896239820949557
 -0.26577661595870833
 0.40920416084743882
 0.81848822640838625
 0.99691500498546315
 0.81633326735018108
 0.40578794371185678
 -0.26938110966468382
 -0.82110337045349413
 -0.99654617500410791
 -0.71531097001289545
 -0.25696069747930517
 0.27377619191481695
 0.72738948807433812
 0.9760949337410576
 0.89088891725362274
 0.53296884315862658
 0.02490981074519789
 -0.61759308592218221
 -0.97707730441884444
 -0.88880533284366903
 -0.39322875215538944
 0.2825491361423435
 0.82884584200444256
 0.99531502071551803
 0.70567037958720591
 0.24369685858828447
 -0.2869268151607966
 -0.83139216625035872
 -0.99864856556025028
 -0.88458260000012345
 -0.38481480852067629
 0.29129851034661169
 0.83392115188825189
 0.99887549098958961
 0.88244353963123456
 0.38059575487626929
 -0.29566413052848334
 -0.83643274617635666
 -0.99389705418604035
 -0.6958973407786585
 -0.23038727985080829
 0.44225866957321258
 0.91223482407026368
 0.96416955295105689
 0.5742632077835691
 0.074441923315138991
 -0.44634987934630893
 -0.84140355155070645
 -0.99943126177467179
 -0.8759161192036341
 -0.36789132298161498
 0.30872363124917623
 0.84386265897124968
 0.99957483732365726
 0.87370371720840734
 0.50170757934687815
 -0.16427152989820987
 -0.64590831557470985
 -0.98420107135676049
 -0.93617823861239224
 -0.49775197717141795
 0.016187398979834153
 0.64938787193239067
 0.98499936384905673
 0.86922429670266865
 0.49378599442371318
 -0.020753337468221285
 -0.65285388536507727
 -0.94852290863125577
 -0.93292859584112642
 -0.61727122964823489
 -0.12772666421476822
 0.53331500431394885
 0.9499593325710215
 0.93127457319958795
 0.48582321826729274
 -0.18226185487341837
 -0.65974499460572411
 -0.9513759451952839
 -0.97500137310866974
 -0.61005984325918605
 -0.11866282803733014
 0.54101878474226772
 0.89518274268614051
 0.99717097550692491
 0.818253085109094
 0.40883079015536106
 -0.11576039271807594
 -0.72194673240779583
 -0.97434781577030116
 -0.89444874121815066
 -0.53963531540957743
 0.12029519006700186
 0.61136176094555383
 0.97536538104865667
 0.89239731838805603
 0.40047858058162261
 -0.27496377673335742
 -0.82440102419562511
 -0.99792316278576199
 -0.89032728469305111
 -0.39628990428802863
 0.12935716400866654
 0.73135849435739764
 0.99820692377477482
 0.88823868330347466
 0.52805088054223615
 0.019109524620387223
 -0.49521504301691943
 -0.93514687931740559
 -0.94653759410469385
 -0.64813669669759433
 -0.014543453621551189
 0.6257144835934968
 0.97923202475231552
 0.88400595205735921
 0.38367463814563962
 -0.14292965604979324
 -0.62927022761382634
 -0.93834344539628523
 -0.94355176577966948
 -0.51636733497504728
 0.14744798423561131
 0.63281284826078299
 0.93991239139905336
 0.98223573013683352
 0.74786025009957557
 0.15363102431794545
 -0.37365947617480683
 -0.87889571916382347
 -0.9813685401559229
 -0.63411866611735257
 -0.14911693133124859
 0.37789150051623455
 0.79844673726010085
 0.99407707840494408
 0.90967285663719066
 0.4366797313844642
 -0.08518507048205097
 -0.58305297663764921
 -0.91667307041071988
 -0.96120197379681016
 -0.56524972821919961
 -0.063500172118824721
 0.58675704442698662
 0.96812653067524623
 0.9599322454957403
 0.56147666801746809
 -0.094281635200862468
 -0.70683436442792169
 -0.96926022004786716
 -0.90389763761296504
 -0.55769189827090759
 0.098827015625140222
 0.7100573860329894
 0.97037369558674735
 0.95733275789210193
 0.55389549791049986
 0.049822125379091198
 -0.59779551949182408
 -0.92381987202654503
 -0.98960133224148428
 -0.77660906097009597
 -0.19736970342468849
 0.33209042260241678
 0.76799965769645229
 0.99998990522421061
 0.86143911648428528
 0.3405534540986504
 -0.33639449366954688
 -0.77091639718964367
 -0.9882687863743751
 -0.927222826331907
 -0.60497535130121649
 0.040844830238671442
 0.66794742874895874
 0.9546971286337752
 0.97250571827806354
 0.60133283008040084
 0.10776547669751235
 -0.55021019941600258
 -0.90001719850236539
 -0.97143208768508127
 -0.5976777681181199
 0.049968820906833154
 0.5540177809248944
 0.90199823227553866
 0.99588301417514713
 0.8092244955148935
 0.39460495368804843
 -0.28111256796162037
 -0.73260836741846147
 -0.97772614205924446
 -0.94741546272226673
 -0.6502149407729344
 -0.16984687508465524
 0.49680795269426437
 0.87093892718268395
 0.98439314150312152
 0.75568452533440766
