# Created by Octave 8.4.0, Thu Dec 11 09:47:23 2025 IST <gamana@Samsung>
# name: iq
# type: matrix
# rows: 2048
# columns: 1
 0.99706007033948296
 0.8958330830115131
 0.40749676511192734
 -0.26757933088703667
 -0.82003431881388944
 -0.99669975492155383
 -0.81477298767905471
 -0.40332217000396425
 0.27197672523161615
 0.72610466550790553
 0.9756866937503218
 0.89173695753970295
 0.39913916364882279
 -0.27636844752632383
 -0.82522724334078956
 -0.99591677378527643
 -0.710216724570086
 -0.099052217956670074
 0.42410929452530416
 0.90380080945259256
 0.96931587672916597
 0.70699443523279637
 0.094506937438585861
 -0.42824053105714127
 -0.83035132807013867
 -0.99505071406714374
 -0.7037574015908532
 -0.08995968598691377
 0.43236283667164604
 0.83288742170822871
 0.99458655204620394
 0.80132327513146184
 0.3823247730738224
 -0.29387678624149521
 -0.83540614555488213
 -0.99899969140049327
 -0.79858297189933158
 -0.23220701116232156
 0.44058031145546378
 0.91146696481628098
 0.99359601208065884
 0.69395851144652154
 0.076307054549183448
 -0.44467530925009219
 -0.91333608119151988
 -0.96345076458911849
 -0.57205376644090067
 -0.071752868069691278
 0.58003896657922716
 0.91518615002584003
 0.96221736417247017
 0.56830211578808398
 0.067197185190656955
 -0.58375290518547418
 -0.91701713273622421
 -0.96096389680019023
 -0.68402937113825946
 -0.21440167295751505
 0.31562363430071849
 0.75673679541218208
 0.98467487951336408
 0.87014756089457157
 0.35686575795358699
 -0.17143145822393704
 -0.65143590665126416
 -0.94792886150570133
 -0.97738734773531
 -0.73151281938767621
 -0.27956888546549696
 0.39608211065021354
 0.81016824749014416
 0.99602750333649714
 0.90130275558293516
 0.4188481031914722
 -0.10482368684166825
 -0.71428904737035315
 -0.99642376475119299
 -0.89931510730645936
 -0.41469690979581653
 0.10936414063460427
 0.60261697710835183
 0.97287896944569174
 0.89730870389519868
 0.54504354703316671
 0.039237950724844595
 -0.47762109668853364
 -0.85993281577640979
 -0.99999882230188708
 -0.76989109921219223
 -0.33487961217098988
 0.19446848906226558
 0.77474182782419287
 0.99998138620148591
 0.85601021937775568
 0.33057309196900747
 -0.19894598283625273
 -0.67242136389076779
 -0.95647358368258695
 -0.97108426039629825
 -0.71213752157466126
 -0.10177064770085427
 0.55523372073924604
 0.90262816634349929
 0.99574948813708342
 0.70892408580754163
 0.097226591704109466
 -0.42576990720195163
 -0.9045843610622607
 -0.99531849785788795
 -0.70569586549307994
 -0.092680508055636157
 0.56280668962743263
 0.96038166485395848
 0.96772249425417678
 0.70245292795551217
 0.088132491563609597
 -0.56657560757064096
 -0.90844011502318567
 -0.9943942548903667
 -0.80022448225587572
 -0.23486369851189498
 0.43812590268212964
 0.83641303144195311
 0.99908004304739784
 0.79747748196428803
 0.23042228230537098
 -0.44222640802835655
 -0.83890731960218134
 -0.99338706034829882
 -0.69263648984203974
 -0.22597606066310341
 0.44631769078305872
 0.84138411242655475
 0.99285238222274652
 0.68933536277182117
 0.22152512631064028
 -0.45039966562289363
 -0.91592396357618688
 -0.96171624803204947
 -0.68601985967528778
 -0.065366737446402923
 0.5852413956952025
 0.91774726849180999
 0.96045472696749501
 0.68269004969697578
 0.21260949086681319
 -0.45853535123706013
 -0.84870900418237416
 -0.99112415953073163
 -0.7834941685839707
 -0.20814497571020177
 0.32169112912610048
 0.76090585590764914
 0.98577106854626595
 0.86697529797926964
 0.35087876671096063
 -0.32601173556565088
 -0.7638610846955558
 -0.99994026315875784
 -0.77778605465602391
 -0.34659874936696677
 0.18222648701769353
 0.76680038323000432
 0.98726520282524977
 0.92961438575819666
 0.61008834407497825
 -0.034412226326070341
 -0.66314302366827793
 -0.95276179274796713
 -0.9739846416439677
 -0.60646362901863526
 0.038975868375956735
 0.66655425462834572
 0.98867698022951811
 0.85772783948271503
 0.47383495062976799
 -0.043538697587652483
 -0.5486473611136512
 -0.89920037971003641
 -0.97187427959669481
 -0.59917633153129735
 0.04810061880376932
 0.55245965203411107
 0.90118910628606363
 0.97078868493983261
 0.7112699746563621
 0.10054200436666021
 -0.42275288344574552
 -0.90315903864523062
 -0.9696828445732264
 -0.70805253408118418
 -0.095997390681856934
 0.42688702935371275
 0.90511013570477716
 0.99519837909198194
 0.70482032713478615
 0.24253382409876054
 -0.43101227257150254
 -0.83205784055189824
 -0.99871016201380958
 -0.80221808549423934
 -0.38370785527361939
 0.14289405503088268
 0.74060881724670391
 0.99893161851503542
 0.88187887015013433
 0.51639813837311055
 -0.14741240706340067
 -0.63278499592379212
 -0.98103592407932882
 -0.94204138792272474
 -0.51248206157902254
 0.15192768482357455
 0.63631452355382023
 0.981910840626954
 0.94049945024301207
 0.63414647918112677
 0.14915249931032143
 -0.51489055655288429
 -0.94297947361517021
 -0.93893789853280041
 -0.50461792658281668
 0.0082535772213779592
 0.51880002299952621
 0.94448967275556528
 0.97958001227093605
 0.62705803109328695
 -0.012820041241621906
 -0.64682319170808622
 -0.94598017464972417
 -0.97865164003263161
 -0.73563393581916581
 -0.28538589488842303
 0.3905068220229197
 0.80659868263811108
 0.99830861010480987
 0.73253287317743021
 0.13106606358576089
 -0.53046318017922212
 -0.9489019627736488
 -0.93249620882864648
 -0.61632746616600498
 0.02651744823474227
 0.53432888159210612
 0.95033318806978884
 0.97574414474424187
 0.72628498216555015
 0.12200606815118613
 -0.40308215197583813
 -0.89367668162933689
 -0.99741846053125105
 -0.82018439892390516
 -0.41190187573353687
 0.2629233102303789
 0.81726105969626939
 0.99703993890935871
 0.8175632376215648
 0.40773626966149795
 -0.11695125643708382
 -0.72277586517827686
 -0.97461694895946094
 -0.89391193743534891
 -0.40356216028660752
 0.27172431995601209
 0.7259242988997987
 0.97562917563660601
 0.89185562410311559
 0.53477221143632692
 -0.12601701851596336
 -0.61591429094295513
 -0.97662105565601998
 -0.94906737002852937
 -0.65415849443225915
 -0.022476508495481912
 0.49228647034934875
 0.93394853159813018
 0.98529531704751827
 0.75908138870197783
 0.31903190422298738
 -0.21088984649677303
 -0.78523545681431273
 -0.99973846832989566
 -0.7561005675315795
 -0.31470050977912667
 0.21535164711011798
 0.68473858428850043
 0.99207748702807963
 0.84478620458292519
 0.3103625522847524
 -0.36628807972477462
 -0.87508325720214741
 -0.98286211440631888
 -0.75009168245863234
 -0.30601812220757368
 0.37053358671614267
 0.8772842918386542
 0.99933134669386681
 0.83986369513887471
 0.44380386387911941
 -0.077276877469169419
 -0.57658848534133278
 -0.91347334786286249
 -0.96336037320867463
 -0.69041926913453366
 -0.22298493867120009
 0.4490623659983633
 0.91532200863263968
 0.96212549010061099
 0.56802461131976778
 -0.086379658688501032
 -0.70119952048348844
 -0.99468715569620947
 -0.90726309490466162
 -0.43148555329274274
 0.090928394588826081
 0.5877275347374693
 0.96842614017032003
 0.90533304465219033
 0.56048409449701031
 -0.095475234185722443
 -0.70768200929684
 -0.96955452460525537
 -0.90338411376138905
 -0.42322821055179527
 0.10002008265532036
 0.59509241170698868
 0.9706626890687553
 0.9014163428770583
 0.55289682253873451
 -0.10456284521516176
 -0.59875627262871844
 -0.971750610450137
 -0.9556506286681602
 -0.67034093276055851
 -0.19619413942258937
 0.33322114493355337
 0.85745804000306258
 0.98875556026373002
 0.77296386191977384
 0.19171414158187602
 -0.47739064736666098
 -0.85979891506325046
 -0.99999919043919605
 -0.85849662577286689
 -0.33512673965938639
 0.19421120669451822
 0.77457596549159458
 0.99998295210296995
 0.85614577945751935
 0.33082061813699404
 -0.34610665174172517
 -0.77745624266941105
 -0.999945859213213
 -0.76419952433889138
 -0.32650759738066742
 0.20316252151698605
 0.78032030606800395
 0.99988791254349441
 0.76124612228590061
 0.17375510394757721
 -0.49336106072996849
 -0.93438920976822137
 -0.94722344751826693
 -0.52598234640887054
 0.13629582557301226
 0.73611496866813952
 0.97879740129708737
