# Created by Octave 8.4.0, Thu Dec 11 09:47:23 2025 IST <gamana@Samsung>
# name: iq
# type: matrix
# rows: 2048
# columns: 1
 0.99706007033948296
 0.71979445629436789
 0.2631763561998442
 -0.26757933088703667
 -0.82003431881388944
 -0.99669975492155383
 -0.71661680183738552
 -0.25876789299367536
 0.27197672523161615
 0.82263935911185238
 0.9977183133033527
 0.89173695753970295
 0.5345505649007124
 -0.126277206267076
 -0.6161208997466926
 -0.97667740455693652
 -0.94898469904253735
 -0.65396009222976592
 -0.022214290997900961
 0.49251475324559779
 0.93404224138678449
 0.985250469487432
 0.75891061748844191
 0.17021463217652491
 -0.49648404018293579
 -0.93566355795921996
 -0.94606518067421075
 -0.5229222527763302
 0.13985542515412888
 0.62685369828083859
 0.93726536135324057
 0.98364649651042202
 0.64353447266247155
 0.1612074989385934
 -0.36653212183670031
 -0.8752101648306293
 -0.99947947189198894
 -0.74991820004097443
 -0.15669884238927639
 0.50832944618280662
 0.94041029539182541
 0.98196046852828767
 0.74688936492934765
 0.15218691789985109
 -0.37501452045592854
 -0.79657321781796253
 -0.99914313223323781
 -0.8372327419467338
 -0.29705977382799137
 0.37924403260955986
 0.88175517967331396
 0.99894370498287544
 0.834726723741544
 0.29269611680139745
 -0.23784618978820501
 -0.80206146680018797
 -0.99471412193617259
 -0.83220329738643806
 -0.43124892776542673
 0.091189587921087126
 0.5879397169116356
 0.91906542379149492
 0.95952171996815627
 0.68025173333747047
 0.057483207986331115
 -0.46149364166221007
 -0.92085560177722303
 -0.95822557211480941
 -0.67689734269446189
 -0.052923454120163547
 0.46554015275120081
 0.92262657540312143
 0.95690944055429616
 0.67352883541892117
 0.048362596540172997
 -0.46957695504264702
 -0.85523523768182264
 -0.98939008741680945
 -0.77568764392683509
 -0.19593694714062365
 0.47360396434939761
 0.85759296924080952
 0.98871630425468959
 0.66674975226285726
 0.19145671714048751
 -0.3377702626083236
 -0.85993281577640979
 -0.99999882230188708
 -0.76989109921219223
 -0.33487961217098988
 0.34206505440574203
 0.77474182782419287
 0.98917145136069295
 0.92494844217390204
 0.47089834743204406
 -0.046867033747573464
 -0.67242136389076779
 -0.98983136742132305
 -0.9232030263304648
 -0.59650556024492263
 0.051428232491258427
 0.6757944842168484
 0.95779626121622063
 0.92143835717186395
 0.59283406142640771
 0.097226591704109466
 -0.55902603440189202
 -0.95909896399592787
 -0.91965447150011992
 -0.458768420102943
 0.21235319707962388
 0.68249837391928281
 0.99168720564712287
 0.84642470283328231
 0.45470586321335715
 -0.065105013155937183
 -0.68582900348661102
 -0.99226447206662238
 -0.84398406755565658
 -0.4506338234743309
 0.22126935221527527
 0.68914533015244894
 0.99282104490079037
 0.9141878894328731
 0.57802520069364793
 0.079031039481038554
 -0.44222640802835655
 -0.91222008763525775
 -0.99338706034829882
 -0.69263648984203974
 -0.22597606066310341
 0.44631769078305872
 0.84138411242655475
 0.99943004815055925
 0.87593347296118218
 0.5056837509888833
 -0.0070186351243288854
 -0.5177438501891326
 -0.88261903416678134
 -0.97982756338423382
 -0.62801956676063164
 -0.14133781382581198
 0.52164543106267169
 0.94557904321004638
 0.97890471388091427
 0.62445921898958623
 0.13681547761836058
 -0.38936960356123135
 -0.80586807279352213
 -0.99837964680481783
 -0.73337300308974884
 -0.28219113174004168
 0.39357185195279359
 0.80856359383003795
 0.99578049057298412
 0.90248296796936045
 0.42132756391753479
 -0.2529057306336317
 -0.71237422369576531
 -0.99618918079676655
 -0.90050656061068934
 -0.41718158624638879
 0.25732133973037058
 0.71557170856524011
 0.97224333165312371
 0.89851137326958597
 0.54733224038238693
 -0.11118743406544458
 -0.71875427025180472
 -0.99694422685007722
 -0.89649744755550087
 -0.40886361669740878
 0.26613636670920432
 0.81917649590739106
 0.99729056693318985
 0.89446482546867812
 0.40469179829006041
 -0.27053560075472688
 -0.82178714924509855
 -0.99761610861221961
 -0.89241354939925388
 -0.53581535530827096
 0.12479178969424104
 0.72821175405807848
 0.99792084509802448
 0.89034366212641014
 0.53195393787215595
 0.023711157232476316
 -0.49121112914774684
 -0.93350642899691172
 -0.94801236134682287
 -0.52808142658504087
 0.13384850513027419
 0.73444091888983309
 0.9984678775029745
 0.88614822702694929
 0.52419790220779638
 -0.13837272295586953
 -0.62568642452632262
 -0.93674234064043382
 -0.94506629297245326
 -0.64467978024642647
 -0.010013047761816983
 0.62924227162023949
 0.98014054811671381
 0.94356367941495367
 0.51639813837311055
 -0.14741240706340067
 -0.63278499592379212
 -0.93990010998605222
 -0.98224247935955056
 -0.74788412868125476
 -0.15366656742847584
 0.51097035211053232
 0.87887856028953637
 0.98137545065624499
 0.74484481718296036
 0.29848911345229245
 -0.23195188933175362
 -0.69705133323988455
 -0.96578927795253033
 -0.90968779540689537
 -0.56904057922395446
 -0.068092886001361541
 0.45203678212348919
 0.91665869474579109
 0.96121189540502372
 0.68468396839564494
 0.063536069721895586
 -0.4561055667485257
 -0.91847431573064442
 -0.95994232489362474
 -0.56150643275911605
 0.094245825128639826
 0.59041984438793671
 0.92027078201715529
 0.95865273487232627
 0.55772175493586962
 0.054418557105745877
 -0.46421451522251034
 -0.9220480561402048
 -0.99025288698631997
 -0.77950044137544672
 -0.20187974966664896
 0.46825450996007534
 0.85445833872757682
 0.98960650546753481
 0.67125684091562299
 0.04529650493705354
 -0.60142144191066849
 -0.97253154049542179
 -0.89796859424785269
 -0.41190187573353687
 0.2629233102303789
 0.81726105969626939
 0.99708013317948641
 0.71997650504052346
 0.263429384064785
 -0.26732660262920321
 -0.81988418229177085
 -0.9973806551759018
 -0.89391193743534891
 -0.40356216028660752
 0.12148540426003865
 0.7259242988997987
 0.99770057115957789
 0.81226981941563969
 0.25460768126343408
 -0.27611637049686544
 -0.82507907730420516
 -0.9979996801885721
 -0.88978071120295688
 -0.39518878000658209
 0.13054600469839833
 0.73217568374252728
 0.97759256833212316
 0.94761862707272504
 0.52703228840410865
 -0.13507226835580494
 -0.73527850449167176
 -0.97854369340411895
 -0.8855752601742819
 -0.52314579966074126
 -0.013344562320217936
 0.50021587916838484
 0.9371738928716784
 0.94466188428579101
 0.51924840075931933
 0.0087781241696827904
 -0.63020162794834811
 -0.93875727320841684
 -0.94315394611726344
 -0.51534017297971846
 -0.0042115029521947612
 0.50810356037829052
 0.94032107584758051
 0.98201002887823541
 0.74706374387085395
 0.15244614050682256
 -0.37477136626322854
 -0.79641462932165763
 -0.99370544782199999
 -0.83737614173914277
 -0.43970690185345124
 0.081829121348277425
 0.69793630702392573
 0.99420666880394015
 0.90917422426779237
 0.56802461131976778
 0.066860722607749459
 -0.45313803679809933
 -0.845486420966024
 -0.99965868631257737
 -0.87222403267404025
 -0.49908119296237063
 0.014654350036806126
 0.64822115199523045
 0.94657336656161561
 0.97827295958773519
 0.62205885630624247
 -0.019220412485174646
 -0.52814506197965061
 -0.94803620646607956
 -0.97731598449780854
 -0.61847677409526547
 -0.12924718682223069
 0.53201739187242914
 0.89037777807928542
 0.99791601243492889
 0.72816039309250258
 0.27485714181146442
 -0.40058020401269867
 -0.8924473602973515
 -0.99761093449210159
 -0.82174444767227495
 -0.41439002875065545
 0.10969933265927975
 0.71771247291264939
 0.97295691831292452
 0.95411641469722341
 0.66649838973862252
 0.038900987211602449
 -0.60652321135819354
 -0.97400162091040132
 -0.89513330545907011
 -0.4060605193418762
 0.26909386979366645
 0.72404242682852316
 0.99751166747468134
 0.8930881406545097
 0.40188301863227083
 -0.12330609336432669
 -0.61375950054506057
 -0.97603006659610958
 -0.89102435057797791
 -0.53322118190329848
 0.12783666325953147
 0.61735848295232298
 0.97701376738129042
 0.88894197826965471
 0.39350296080787661
 -0.28226302332939512
 -0.73342394586459891
 -0.99838390828355505
 -0.88684106715721245
 -0.38930057845837962
 0.28664108997814214
