# Created by Octave 8.4.0, Thu Dec 11 09:47:23 2025 IST <gamana@Samsung>
# name: iq
# type: matrix
# rows: 2048
# columns: 1
 0.99706007033948296
 0.8958330830115131
 0.54224716769547932
 0.035908561572159783
 -0.48054559651702428
 -0.92906155275357227
 -0.95182505386520067
 -0.6608424346775631
 -0.18369847411188231
 0.48454544831307755
 0.86393738386991581
 0.99995550774600939
 0.7648265315825612
 0.17920756624578818
 -0.34947630729317497
 -0.86622816469789188
 -0.99990200276958874
 -0.7618765189682617
 -0.17471292102219657
 0.49251475324559779
 0.93404224138678449
 0.985250469487432
 0.75891061748844191
 0.31878331613078459
 -0.35801914740060525
 -0.78539783471713998
 -0.99152754231630602
 -0.91834089914126482
 -0.58645480711822251
 -0.089362596629136537
 0.5655575416944385
 0.90792318296106844
 0.99452407799023024
 0.7000777311951929
 0.23606395286305812
 -0.29444976525794719
 -0.83573550265197849
 -0.99902631993877522
 -0.79822199612300271
 -0.23162385210571532
 0.44111841487869557
 0.91171342092136254
 0.99352809498320716
 0.7954628564466879
 0.37331329069111102
 -0.1539997744139284
 -0.63793063058015309
 -0.98230569151471603
 -0.93978491259906771
 -0.6325238404520197
 0.0057836823226367819
 0.64144077042886694
 0.98315072229002243
 0.93821436618430221
 0.50280659161546182
 -0.1630177147739201
 -0.75413739896883958
 -0.98397524954642002
 -0.87209571834185651
 -0.49885389310436667
 0.16752163237433296
 0.64842084563481195
 0.94665791726123827
 0.97821854915588147
 0.62185347507426159
 0.13351431092211144
 -0.39243624425178625
 -0.80783630538709628
 -0.99818451591765156
 -0.73110392955089265
 -0.27899323612809723
 0.39663251303703095
 0.89049714453735651
 0.97628187600863758
 0.61467493103747084
 0.12445719769369468
 -0.40082051008727831
 -0.89256565897215878
 -0.97528298882685538
 -0.72484208350577484
 -0.11992470052882938
 0.40500014806224366
 0.89461555903131029
 0.99726570321822938
 0.72168845298289652
 0.26581129234256295
 -0.26494572488577295
 -0.72106671853433502
 -0.97406100526838946
 -0.95265931830368522
 -0.54070488933566718
 -0.034075203119590815
 0.48215357236133188
 0.92973861019853599
 0.95126092405016316
 0.53685768197021277
 0.029510794185211624
 -0.61396655002752176
 -0.93141046865899646
 -0.98647320061060673
 -0.65602466714103314
 -0.024945769805903319
 0.49013503876520476
 0.93306290263883518
 0.9857143278662881
 0.65257115358035622
 0.020380225184827103
 -0.49411048094498033
 -0.93469587767668683
 -0.98493489813929835
 -0.64910403070761957
 -0.015814255536007973
 0.49807561849560866
 0.87165606265217788
 0.984134927684575
 0.75472666710096414
 0.16390339698880679
 -0.50203036872450668
 -0.93790331511077729
 -0.98331443318542888
 -0.7517228585266672
 -0.15939674058782213
 0.36823831622717579
 0.87609610931798187
 0.99941860753662914
 0.84120181769794744
 0.44601589492410787
 -0.2263045458482901
 -0.79491849299250317
 -0.99925248579709669
 -0.83872373119254717
 -0.44192392822442306
 0.079367201190443562
 0.57830034652362083
 0.91432450995893599
 0.99278065370158464
 0.68890093284016052
 0.22094047744293438
 -0.45093483801550066
 -0.91616441098525458
 -0.99222255238622448
 -0.68558354763474372
 -0.064768503918316747
 0.45500618041280882
 0.91798520548608953
 0.99164375835976593
 0.68225186464677556
 0.21202365503335402
 -0.4590680336976013
 -0.84902590539055167
 -0.99104428369290198
 -0.67890595335821213
 -0.20755856471407064
 0.46312031316029723
 0.92156932342057896
 0.95769927327928239
 0.55495322438255723
 0.051091454836268826
 -0.596776182900982
 -0.92333257210777409
 -0.95637512183597873
 -0.55114847945818168
 0.106647885100269
 0.71557170856524011
 0.97224333165312371
 0.95503102527647488
 0.66878354895063952
 0.041967936110490878
 -0.60407993511190405
 -0.92680126506087157
 -0.98843983512506073
 -0.66538142519188515
 -0.037404816318760435
 0.47923200562359664
 0.92850663698750324
 0.95228310934829397
 0.66196542496401622
 0.18517004939254975
 -0.48323515238183556
 -0.93019264499265608
 -0.95087934728715373
 -0.65853561950740669
 -0.028276331692887669
 0.48722822131491544
 0.86547908951437158
 0.98627000753600025
 0.65509208035033761
 0.17618695705555892
 -0.49121112914774684
 -0.93350642899691172
 -0.98550557398912264
 -0.7598847751608806
 -0.1716898524875731
 0.35662073253939414
 0.78447016306265849
 0.99133194181980266
 0.91893247106273235
 0.4571376091762453
 -0.21414548183765864
 -0.78729410116229492
 -0.99192158334645664
 -0.84544640193264708
 -0.45307123277109945
 0.21860401502443746
 0.68716291644317073
 0.99249053843869217
 0.84299868999530825
 0.30719361949593094
 -0.2230579892443621
 -0.79289266197034569
 -0.99937573922465328
 -0.74788412868125476
 -0.30284452437160619
 0.22750731161019144
 0.69376963989668572
 0.96459493207099567
 0.96369087240910234
 0.69131213729148444
 0.072648282209853754
 -0.44795857031246838
 -0.84237411919693606
 -0.99263176838203893
 -0.68800522698678646
 -0.21973585073413712
 0.31043378884142714
 0.7531532776590677
 0.99962566030275579
 0.78800882612502365
 0.21527846681165561
 -0.31477163936862168
 -0.75614960898846761
 -0.98451791381517395
 -0.87058961707697269
 -0.49619128868304263
 0.017985648096398261
 0.52709597262535235
 0.88772174448364649
 0.99827357730354438
 0.82760868059582926
 0.42380387937971431
 -0.25026137315619335
 -0.80964165812629452
 -0.99594716016336071
 -0.82503673372531272
 -0.27604434499882413
 0.39944833561707799
 0.81231352710963023
 0.99634750575784725
 0.89970733514225409
 0.54961684782678955
 0.044697608200154511
 -0.4728130847931325
 -0.92577170863838576
 -0.98885038991703345
 -0.6674185654672885
 -0.040135000622663876
 0.60554086019085052
 0.97372110498126263
 0.8956831742115805
 0.54196379738289779
 0.035571556033356613
 -0.60916879520417599
 -0.97475099015488875
 -0.89364305358104223
 -0.53812027829209996
 0.12208044596978843
 0.72633649203427009
 0.97576054698524961
 0.89158429610588674
 0.5342655367518574
 -0.12661172060870704
 -0.72946779440294807
 -0.99803740086770543
 -0.80924562749002904
 -0.39463800471769866
 0.28107804804847464
 0.82798706032986946
 0.99831296397730396
 0.80655438456449347
 0.39043783300440948
 -0.28545771561406558
 -0.73568469520097368
 -0.99856770736082057
 -0.80384632102063036
 -0.24075370706548865
 0.28983142998495609
 0.83307400675438814
 0.99880162570560704
 0.80112149333480798
 0.23631881496075158
 -0.43677950363603685
 -0.90971891406343963
 -0.96576984171147617
 -0.57924634576443579
 0.072723021987780773
 0.6913662822677682
 0.99318350320331317
 0.91293956129574116
 0.44380386387911941
 -0.077276877469169419
 -0.69465853816616863
 -0.96491990446587583
 -0.96336037320867463
 -0.57177713983155798
 0.081829121348277425
 0.69793630702392573
 0.96610880593672932
 0.90917422426779237
 0.56802461131976778
 -0.086379658688501032
 -0.70119952048348844
 -0.96727755929629
 -0.96087054195295962
 -0.6837833448964501
 -0.21407228166829007
 0.3159436001005983
 0.84791621144290719
 0.99976756718698545
 0.86998133186959403
 0.35655072077143918
 -0.32027309532488762
 -0.75993348705546881
 -0.98551828393206375
 -0.9334795565583065
 -0.4911458537354722
 0.17626072228136108
 0.76289392539196699
 0.99992277691483245
 0.86544154726569933
 0.34800281151606666
 -0.18075409140989987
 -0.76583845364504477
 -0.98702590740807916
 -0.93016513476203078
 -0.61127398981570313
 0.032915813935010765
 0.66202159170945685
 0.9523059789588959
 0.97432285016752296
 0.72186998516592915
 0.26606413057519801
 -0.26469280590935218
 -0.8183168365787411
 -0.99717930598945514
 -0.89513330545907011
 -0.4060605193418762
 0.11877295193178608
 0.72404242682852316
 0.97502601079265327
 0.9513417760410976
 0.5370789445299804
 0.029772961920549099
 -0.48592015540831529
 -0.9313149733479128
 -0.98651616079302507
 -0.76381271901443137
 -0.32594089083721095
 0.20374948630750056
 0.67604300803596629
 0.95789314023449235
 0.92130728613903012
 0.5925624553559925
 0.096890962859445942
 -0.42607501114555518
 -0.82901434727097012
 -0.99528584909253059
 -0.80546855573193599
