# Created by Octave 8.4.0, Thu Dec 11 09:47:23 2025 IST <gamana@Samsung>
# name: iq
# type: matrix
# rows: 2048
# columns: 1
 0.99706007033948296
 0.71979445629436789
 0.2631763561998442
 -0.41166286191191009
 -0.89785314323009247
 -0.97259255895290297
 -0.71661680183738552
 -0.25876789299367536
 0.27197672523161615
 0.72610466550790553
 0.9756866937503218
 0.95041478686084535
 0.65740811854692949
 0.026779638075654512
 -0.48853519495787168
 -0.93240144544834269
 -0.94898469904253735
 -0.65396009222976592
 -0.022214290997900961
 0.49251475324559779
 0.86850088041626661
 0.985250469487432
 0.75891061748844191
 0.17021463217652491
 -0.49648404018293579
 -0.87075548362775734
 -0.98445874839776404
 -0.7559288889967074
 -0.31445154230134043
 0.21560776862847272
 0.6849297096298741
 0.9613048499970458
 0.966877464742528
 0.7000777311951929
 0.23606395286305812
 -0.43701543014966737
 -0.83573550265197849
 -0.99403645175662203
 -0.79822199612300271
 -0.37754595515819683
 0.2988109445787136
 0.83823451315416331
 0.99921737728844184
 0.87871764054369417
 0.37331329069111102
 -0.1539997744139284
 -0.63793063058015309
 -0.98230569151471603
 -0.93978491259906771
 -0.6325238404520197
 0.0057836823226367819
 0.64144077042886694
 0.98315072229002243
 0.93821436618430221
 0.50280659161546182
 -0.010350251264736661
 -0.64493753308863866
 -0.98397524954642002
 -0.93662425339424948
 -0.49885389310436667
 0.014916604353269872
 0.64842084563481195
 0.98477925608846884
 0.86985197422915883
 0.35630566381819206
 -0.32052155160483159
 -0.85046631654676685
 -0.99986002074606939
 -0.86759008943263682
 -0.49091736807458636
 0.024048282052691987
 0.53223945734323408
 0.94956155470422277
 0.97628187600863758
 0.61467493103747084
 0.12445719769369468
 -0.40082051008727831
 -0.89256565897215878
 -0.97528298882685538
 -0.61106639304019938
 0.033177953663624922
 0.53994946709703096
 0.89461555903131029
 0.97426376220703059
 0.72168845298289652
 0.11538970234524717
 -0.54378762121797686
 -0.95376841510680677
 -0.97322421740503984
 -0.60381116136497703
 0.042304857596161642
 0.66903422027829129
 0.95513095897934219
 0.92494844217390204
 0.47089834743204406
 -0.046867033747573464
 -0.67242136389076779
 -0.98983136742132305
 -0.9232030263304648
 -0.46686474663636957
 0.051428232491258427
 0.55523372073924604
 0.95779626121622063
 0.96998389281815456
 0.70892408580754163
 0.24815818877633955
 -0.28251463140679067
 -0.82882571694540641
 -0.99531849785788795
 -0.80566836007221854
 -0.38905897338469098
 0.28689235719527861
 0.73669800137329189
 0.9789735583027539
 0.94546926027148714
 0.52135769715095059
 0.011247956082341949
 -0.50203036872450668
 -0.93790331511077729
 -0.98331443318542888
 -0.7517228585266672
 -0.30836864826151417
 0.36823831622717579
 0.87609610931798187
 0.99941860753662914
 0.84120181769794744
 0.30402127670330764
 -0.2263045458482901
 -0.69287968350990514
 -0.96426848850398295
 -0.91208187615920255
 -0.44192392822442306
 0.23075041581171793
 0.69616529633341284
 0.96546827697460613
 0.91019997911661832
 0.57005567924401146
 0.069324945541670138
 -0.58201994412750735
 -0.96664793069210975
 -0.9615517828446648
 -0.56629770197952101
 -0.064768503918316747
 0.45500618041280882
 0.84660422771807708
 0.99164375835976593
 0.78595322204321882
 0.35885725169557425
 -0.16932990746395193
 -0.64981631217011537
 -0.98509644967807575
 -0.86894553749697701
 -0.35459098115184812
 0.17382890156623876
 0.76129471467094889
 0.99988903171155696
 0.78027343914827174
 0.35031731564544222
 -0.1783242704825769
 -0.65673136249930986
 -0.95013521478378304
 -0.97588306195568009
 -0.61322689374806227
 -0.12263677028153504
 0.40250050763492184
 0.89339135663213731
 0.99746389138161906
 0.82054778761189784
 0.41248085455083544
 -0.11178320076887521
 -0.60455758547018779
 -0.92702624350260188
 -0.95348647101915107
 -0.54300126175421182
 0.11632011949804706
 0.72233655415129017
 0.97447448285525728
 0.89419660354919273
 0.40414350730827459
 -0.27111270055569336
 -0.82212859567070329
 -0.99639521405824028
 -0.81264031596820996
 -0.39996214760978954
 0.1253865848533969
 0.61541353166504653
 0.93207659845760404
 0.98617082776227227
 0.76245770921753664
 0.17559679966514621
 -0.49173323310941108
 -0.93372121977050349
 -0.98540369521650351
 -0.65118001881771093
 -0.018546090785699351
 0.49570454580256879
 0.93534636841227947
 0.98461601216628303
 0.75651630439459039
 0.31530363260875299
 -0.36144249425195224
 -0.78766360041144112
 -0.99199745370587877
 -0.91688258074593865
 -0.58347907170422131
 0.067533640132021358
 0.6875983345796387
 0.99256369226162755
 0.91505018734590982
 0.57976423719116554
 -0.07208921576071152
 -0.57233032799742667
 -0.91134423087174499
 -0.99362966781603679
 -0.79600657878331471
 -0.37414599428109951
 0.15311266472664142
 0.74751191084947555
 0.99935577909015838
 0.79323410647955839
 0.36990706793053491
 -0.30666013863758729
 -0.75053754313392529
 -0.98298621900666272
 -0.87475664689714616
 -0.50358240926045261
 0.0094525381051465546
 0.64425117554893574
 0.98381477835576814
 0.87253467115035255
 0.49963176565289641
 -0.014018941148241214
 -0.52372046921640902
 -0.94636824229579519
 -0.93533258351264548
 -0.49567070227032711
 0.1711376127035914
 0.75952027487028451
 0.99984459710808049
 0.78197937237721382
 0.35287510517200593
 -0.1756351618155684
 -0.76248292226100611
 -0.98617728521833581
 -0.93206248124107138
 -0.48771764682609792
 0.18012904807224545
 0.65811368479322485
 0.95070567735066669
 0.93039825583691349
 0.48372582062468594
 -0.18461917775397735
 -0.66154517983159566
 -0.95211187506516737
 -0.97446573392032032
 -0.72230960577372771
 -0.11628141617348299
 0.40835200966649993
 0.89624896177632396
 0.99698785742982976
 0.81687221478887484
 0.40664116299784314
 -0.11814195202461263
 -0.6096441166906682
 -0.92940766323701485
 -0.98735421953569869
 -0.66013910966499056
 -0.030408148362403718
 0.61325767418022203
 0.9310833362059745
 0.98661996576756117
 0.76422272392564161
 0.17828592717302102
 -0.35035381379284491
 -0.78029781049337732
 -0.9904295199477865
 -0.9215541948980237
 -0.59307422572688062
 -0.097523427558587797
 0.42550001936434589
 0.9044571770741362
 0.99534727955467817
 0.70590715095312395
 0.2440209920836714
 -0.28660662893612199
 -0.8312063964776738
 -0.99863113967031658
 -0.80313252905472288
 -0.23958979367442174
 0.43374754312645158
 0.8337366528649327
 0.99885958950556064
 0.88260071518332739
 0.38090480392628934
 -0.29534483303372555
 -0.83624952175009781
 -0.99393386739348821
 -0.79765739719094386
 -0.23071249950231534
 0.44195888401493288
 0.91209785256361786
 0.96425816416304733
 0.69285158515640288
 0.074775215262529449
 -0.44605077170474
 -0.9139605657447335
 -0.96303809447365774
 -0.68955139938468246
 -0.22181595947779248
 0.45013335704629115
 0.91580421836135173
 0.99233390222225293
 0.78932008124946829
 0.36395237167729799
 -0.16394183763792963
 -0.75475223091153765
 -0.99968929171411081
 -0.87163696318853046
 -0.35969506676312935
 0.31708096505067956
 0.84855123219946904
 0.99116376507064319
 0.78367946803068511
 0.35543026044102649
 -0.32140871534676829
 -0.76071229679451158
 -0.9857208902953204
 -0.86712389424355929
 -0.35115804165319037
 0.17744083099573082
 0.76366856384909765
 0.99993695870507238
 0.86484021046169868
 0.48611532151670039
 -0.029549744948994879
 -0.65949379232148519
 -0.95127294048507149
 -0.97507558271538564
 -0.61032463292808226
 0.034114148222200179
 0.5407376690846597
 0.89503372952979732
 0.97405218668758209
 0.7210397185663967
 0.11445918394335411
 -0.54457350353335932
 -0.95404952230694451
 -0.97300847688999603
 -0.60306420744351308
 0.04324072525082754
 0.54839798095114078
 0.9554079826666001
 0.92459199420879312
 0.47007177393068039
 -0.19986389567129473
 -0.77820978414336794
 -0.99993266392534941
 -0.76342563917189665
 -0.17707059926871024
 0.35151024841164807
 0.86731120967855868
 0.99986924220881324
 0.85076104151199938
 0.46199084520298667
 -0.056923589632934479
 -0.67984076546067163
 -0.95936370282194827
