# Created by Octave 8.4.0, Thu Dec 11 09:47:23 2025 IST <gamana@Samsung>
# name: iq
# type: matrix
# rows: 2048
# columns: 1
 0.99706007033948296
 0.8958330830115131
 0.40749676511192734
 -0.26757933088703667
 -0.82003431881388944
 -0.99669975492155383
 -0.81477298767905471
 -0.40332217000396425
 0.12174574039319934
 0.72610466550790553
 0.9756866937503218
 0.89173695753970295
 0.5345505649007124
 0.026779638075654512
 -0.48853519495787168
 -0.86622816469789188
 -0.99990200276958874
 -0.85190037886372305
 -0.32310844176316006
 0.20668027481499857
 0.67824652386242867
 0.95874864621098477
 0.96916833338707042
 0.70657032754456051
 0.24492929260571367
 -0.2857090755272424
 -0.73586232050072153
 -0.99858170584926753
 -0.88517463485022252
 -0.52241115341131306
 -0.012482847247804327
 0.62732068132261087
 0.97964775644152613
 0.94437882809997209
 0.64307548643582768
 0.0079163672605400172
 -0.50490903518565156
 -0.93905387838227961
 -0.98270288570694675
 -0.74952147509917832
 -0.30519756535060338
 0.22510143493328422
 0.69198867036319833
 0.9932835853636296
 0.83939560763702203
 0.300845559121518
 -0.37557020456623996
 -0.87987688011884446
 -0.99911814016401967
 -0.83690475473258974
 -0.29648727878565506
 0.37979868346574014
 0.88203781161932693
 0.9989159777961224
 0.83439644825560288
 0.43482487923137492
 -0.087238192357689898
 -0.58472599750426091
 -0.91749469515720072
 -0.96063147205082899
 -0.56354853854558129
 -0.061443402872273095
 0.45797052790453185
 0.84837275587215955
 0.99978577561981274
 0.78388889348508439
 0.35574544162475952
 -0.1726125926031557
 -0.76049336704339321
 -0.98566405047458161
 -0.93317014677314647
 -0.61779934966822581
 0.024647608289468145
 0.53274689804833397
 0.89076975210727194
 0.99786003402866397
 0.82385008283177674
 0.27402844454870046
 -0.2567072126325064
 -0.71512766041225284
 -0.99652436062215044
 -0.89879013338529046
 -0.54786396799755599
 -0.042602841924542036
 0.47465963542831108
 0.92656242423909208
 0.98853598208979909
 0.77203592086051065
 0.33805097204292189
 -0.19116397277267477
 -0.77260810827569382
 -0.9886715819169104
 -0.92622323759080061
 -0.60285496549166606
 -0.10966059999540001
 0.41442549296904752
 0.82176665306607277
 0.99644892182585432
 0.7144977483593804
 0.25583653888741897
 -0.41857725384163008
 -0.90117351526252032
 -0.97079731487027876
 -0.71129525835766527
 -0.25141914524211845
 0.42272028532366085
 0.90314359581724846
 0.99563834021760733
 0.80765870946263429
 0.24699650827340028
 -0.2836645920013437
 -0.73441650639852152
 -0.97828103768140784
 -0.94656079918730995
 -0.6481914794208169
 -0.167224631186488
 0.36084990871464806
 0.87224309139833922
 0.99965766752445151
 0.84546561166120526
 0.31157048807608723
 -0.21856891463338696
 -0.79007957091542169
 -0.99952776097621832
 -0.7509315976355827
 -0.307227850267837
 0.36935280664351539
 0.79287074258525947
 0.99303455773558003
 0.91345749124441034
 0.44494243244837794
 -0.076009667530834837
 -0.5755496109614997
 -0.91295546314167841
 -0.99317896031798181
 -0.79362089720229967
 -0.37049739243801116
 0.15699636449838761
 0.64026376387535289
 0.98286929706419168
 0.93874384501917396
 0.50413132370508962
 -0.1615048021663637
 -0.75312961432778658
 -0.99962467553029066
 -0.78803097119396348
 -0.21531359350581963
 0.31473749738622891
 0.84724175857724127
 0.99973935872773334
 0.78521132748809219
 0.35773784904686534
 -0.17051147904564193
 -0.75910675596997657
 -0.98530197433043765
 -0.86835151474295147
 -0.49225255114348498
 0.17500953042350276
 0.65418796749164465
 0.94907964700456671
 0.9766126780869111
 0.72903092140873182
 0.12597836130998269
 -0.5348051386402578
 -0.89187324932938272
 -0.97562062436170482
 -0.61227934863519273
 -0.12144672503534007
 0.40359781361742653
 0.89392940376672925
 0.97460822415709736
 0.60866233707786033
 -0.036209616401322343
 -0.66448812347609465
 -0.98825779673593706
 -0.92724976636906442
 -0.60503263192283807
 -0.11237594876451786
 0.4119373839411819
 0.89798574170002954
 0.97252246918761964
 0.60139030886730827
 0.10783699793855253
 -0.55015012581022271
 -0.9560250336818521
 -0.97144915792098296
 -0.7132130738725182
 -0.1032957981818157
 0.42024259077738596
 0.90196717037994978
 0.97035558717049852
 0.59406811315749453
 0.098752444200587042
 -0.55775409884192206
 -0.958663823531413
 -0.92025553393191284
 -0.46013024210303094
 0.21085468509873181
 0.78521318363243964
 0.99973929028948871
 0.84724016626842147
 0.31473465220265157
 -0.36200140341443776
 -0.87284642005185831
 -0.99962459340753718
 -0.753127642339529
 -0.31039674604948286
 0.36625460912711483
 0.87506584803313325
 0.98286874460503271
 0.6402614613121933
 0.15699340414954244
 -0.50807257902778735
 -0.94030883498023976
 -0.98201682045868977
 -0.63674683786538955
 0.00031923585954923394
 0.63723901631627178
 0.98213715956934433
 0.87696037967363016
 0.36990706793053491
 -0.30666013863758729
 -0.75053754313392529
 -0.99950925326379858
 -0.87475664689714616
 -0.36566042720173336
 0.16213190117196896
 0.64425117554893574
 0.98381477835576814
 0.87253467115035255
 0.36140616065792164
 -0.1666364945322362
 -0.64773713795558541
 -0.98462282033713611
 -0.93533258351264548
 -0.62255628822060993
 -0.13440397647307353
 0.39161034781150611
 0.88799758481421553
 0.99823818571776068
 0.82727202701201186
 0.42326080014528156
 -0.25084175489269384
 -0.71087585142026699
 -0.99600090074167502
 -0.82469781832026712
 -0.41911891528269352
 0.25525983865551471
 0.71408028284175851
 0.97174212048318187
 0.89944549379827754
 0.41496828973321476
 -0.25967259899758555
 -0.71726982218390756
 -0.99677535753715751
 -0.81949785798636476
 -0.26667664556397536
 0.40835200966649993
 0.89624896177632396
 0.97343018170617923
 0.60452654479767098
 -0.041407887188901399
 -0.54686303302069939
 -0.95486467296243449
 -0.97237432869411289
 -0.71596315269290456
 -0.10720520770894533
 0.41667209244439368
 0.82317158576534022
 0.99778111780504808
 0.89131264766880269
 0.53375867004965782
 -0.12720637719662148
 -0.72987773309544224
 -0.99807476284720509
 -0.88923285854642642
 -0.39408708759389033
 0.13173465771257073
 0.73299182053736001
 0.99834759313094301
 0.88713452455363617
 0.3898858419559777
 -0.13626019091424113
 -0.62402130994424754
 -0.93599371140445042
 -0.98429381264154236
 -0.64630868821834453
 -0.16478894710282554
 0.50125374121314881
 0.937591508117257
 0.94426787605151563
 0.64281720510437035
 0.16028295525309991
 -0.50520008637124525
 -0.87566291480781422
 -0.99944881352334003
 -0.84168691506239712
 -0.30487641615082528
 0.22542998844837681
 0.79437348885950676
 0.99928678894029288
 0.74626616364846388
 0.15126103753606987
 -0.51306108690093866
 -0.94226744669384188
 -0.98090497658196985
 -0.63226261305088494
 0.0061208973313193644
 0.64169944063822781
 0.98321230929285264
 0.93809761595957408
 0.50251506956987901
 -0.16335041552555229
 -0.7543588147266056
 -0.98403532181835085
 -0.93650605963703171
 -0.49856160000648819
 0.015253786964101002
 0.64867752905396447
 0.98483781237670287
 0.86968556933719121
 0.35599055457862572
 -0.17235424060308335
 -0.65214631740722062
 -0.94822677574888892
 -0.97718884210939361
 -0.73087381353651881
 -0.27866938929790458
 0.39694205174748343
 0.81071699771620309
 0.99787714938844085
 0.72774935818324415
 0.12412259154013992
 -0.40112943452200633
 -0.81338206817485037
 -0.99650247768692635
 -0.82140266898159908
 -0.41384434611591675
 0.11029519876566761
 0.60336424775845621
 0.92646373697704298
 0.9885755490076189
 0.66605133590432475
 0.19053723674310338
 -0.47844386165224989
 -0.92817291142478686
 -0.9525567355248995
 -0.6626380579904444
 -0.033738176038133443
 0.61062258817443182
 0.92986272891087873
 0.98715768600311338
 0.65921096082010155
 0.18156329611815283
 -0.34723130615429604
 -0.77820978414336794
 -0.98996417831535322
 -0.8531522147574826
 -0.32537406714891443
 0.35151024841164807
 0.78106958064656473
 0.99986924220881324
 0.76046806291977498
 0.17257420962805015
 -0.49440363247218816
 -0.86957531788667963
 -0.98487652801327374
