# Created by Octave 8.4.0, Thu Dec 11 09:47:23 2025 IST <gamana@Samsung>
# name: iq
# type: matrix
# rows: 2048
# columns: 1
 0.99706007033948296
 0.81741217677477895
 0.2631763561998442
 -0.41166286191191009
 -0.82003431881388944
 -0.99669975492155383
 -0.81477298767905471
 -0.25876789299367536
 0.41582037352034329
 0.82263935911185238
 0.99631865342087256
 0.81211680656676566
 0.25435403320662997
 -0.41996921323270014
 -0.9018370479926181
 -0.99591677378527643
 -0.80944368883232731
 -0.24993486888935224
 0.28075440618218883
 0.73235430365016874
 0.9982933274023793
 0.88756644408310237
 0.52680937032475517
 -0.13533214306748165
 -0.73545624545231092
 -0.99854960836650131
 -0.80404686683955928
 -0.24108099541788655
 0.28950866682443271
 0.73854284938133441
 0.99878506466934591
 0.88332189054261379
 0.5190242297318719
 0.0085158509884466927
 -0.50439146910589572
 -0.9388476181633828
 -0.94306674230411036
 -0.64003232751865924
 -0.0039492221486906965
 0.63394365677250586
 0.94041029539182541
 0.98196046852828767
 0.74688936492934765
 0.15218691789985109
 -0.51225682209534928
 -0.94195336044907441
 -0.98108672759545423
 -0.74384495350793745
 -0.29705977382799137
 0.37924403260955986
 0.88175517967331396
 0.99894370498287544
 0.74078502926765999
 0.29269611680139745
 -0.38346563566337838
 -0.80206146680018797
 -0.99872344485238629
 -0.73770965602296679
 -0.13863247807766196
 0.38767924157623307
 0.8860266541137356
 0.99848235643527605
 0.73461889791047752
 0.28395058142647778
 -0.39188476247376564
 -0.88813469650019505
 -0.99822044475942118
 -0.82710443109173448
 -0.42299056154802456
 0.25113046123705945
 0.81016824749014416
 0.99602750333649714
 0.90130275558293516
 0.55267825629644496
 0.048362596540172997
 -0.59896632268215722
 -0.9718124784500537
 -0.95557335273441868
 -0.67014628176077173
 -0.043800730362636646
 0.47360396434939761
 0.92611076224270938
 0.98871630425468959
 0.77279742987957578
 0.19145671714048751
 -0.3377702626083236
 -0.77184632306809275
 -0.98849090621939795
 -0.92667456830169237
 -0.60381116136497703
 -0.1108522977199087
 0.41333399829856854
 0.82108283884711719
 0.99753012452978629
 0.89297011361220469
 0.40164283463597866
 -0.1235663705437246
 -0.72736480393270331
 -0.976087115172108
 -0.89090525512361429
 -0.5329992784866211
 0.12809678987676251
 0.61756479500956363
 0.977069646269493
 0.94840464974003225
 0.52912975935153383
 0.020380225184827103
 -0.49411048094498033
 -0.93469587767668683
 -0.98493489813929835
 -0.64910403070761957
 -0.015814255536007973
 0.49807561849560866
 0.93630935971701046
 0.94546926027148714
 0.64562337082936083
 0.16390339698880679
 -0.3639886666551847
 -0.78934400614948819
 -0.99233871732669821
 -0.84366236101593606
 -0.4500985600028633
 0.070259386309538652
 0.570825047935834
 0.91058754221140992
 0.96522381724434902
 0.69549253346794615
 0.078433396498033117
 -0.57456868851859633
 -0.96426848850398295
 -0.96401990181623187
 -0.5738017680491504
 0.079367201190443562
 0.57830034652362083
 0.96546827697460613
 0.96279588184073128
 0.68890093284016052
 0.22094047744293438
 -0.45093483801550066
 -0.91616441098525458
 -0.99222255238622448
 -0.68558354763474372
 -0.21648432361859246
 0.45500618041280882
 0.84660422771807708
 0.99971126661039378
 0.87119657448638765
 0.4972631344130784
 -0.16932990746395193
 -0.64981631217011537
 -0.94724746803781934
 -0.97783610591117232
 -0.62041578487416316
 -0.13169602945785097
 0.52992437655048663
 0.88925068386053163
 0.9768697701985396
 0.72985109505014845
 0.12716772590537276
 -0.39831585799448649
 -0.81159264262521913
 -0.99777852259038047
 -0.82314945953206031
 -0.4166366682203187
 0.10724395081121656
 0.60091361986429004
 0.97238342408277312
 0.89824805940904495
 0.54683040793766702
 0.041368952820961244
 -0.60455758547018779
 -0.97343910396101097
 -0.95348647101915107
 -0.54300126175421182
 0.11632011949804706
 0.72233655415129017
 0.99733448906692401
 0.81529316103758886
 0.2596349677644772
 -0.41500374368247817
 -0.82212859567070329
 -0.99765729988735974
 -0.89214288181535151
 -0.53530907675414618
 0.1253865848533969
 0.72862249453939665
 0.97648425174466691
 0.94926739928405801
 0.65463900799968555
 0.17559679966514621
 -0.3529115658832479
 -0.78200366055506254
 -0.99080292478462006
 -0.84997319852775233
 -0.31963410662009878
 0.21026862166832103
 0.78484181438558576
 0.99141052713344413
 0.91869585264312459
 0.58718173781428495
 -0.062976656095421718
 -0.68427531959362287
 -0.96105714236854078
 -0.91688258074593865
 -0.45253670899120069
 0.067533640132021358
 0.56857955563023699
 0.90945486584959623
 0.96593448901800116
 0.57976423719116554
 0.081156922646151902
 -0.44031254600566511
 -0.91134423087174499
 -0.99362966781603679
 -0.69417322737101594
 -0.076604434779631983
 0.57606916446769518
 0.9647528694319546
 0.96353061944121765
 0.69087883774749392
 0.072050349334576741
 -0.57979598706790159
 -0.96594457262267019
 -0.96229853049964109
 -0.56854749921864145
 0.085746542296763081
 0.58351071807552257
 0.9671161311271711
 0.9075301689701889
 0.56478476833245372
 -0.090295534556014037
 -0.58721328002020379
 -0.96826752051269671
 -0.90560274921938144
 -0.42793577198471555
 0.24583737821367846
 0.70723288415332175
 0.99552604418141488
 0.82760868059582926
 0.42380387937971431
 -0.25026137315619335
 -0.80964165812629452
 -0.99594716016336071
 -0.82503673372531272
 -0.4196631483833223
 0.10393083342588144
 0.71366046350530787
 0.97160043594038459
 0.89970733514225409
 0.41551366535015938
 -0.10847172445420077
 -0.71685196162958531
 -0.97267091294254582
 -0.8977046154509839
 -0.41135551681729121
 0.11301035331454241
 0.72002850987141109
 0.97372110498126263
 0.8956831742115805
 0.54196379738289779
 0.035571556033356613
 -0.48084130178777795
 -0.86179968962706266
 -0.98744908124580055
 -0.76754448025858624
 -0.33142024428079914
 0.34551038306063547
 0.77705641245335788
 0.99995226986548125
 0.76460923810912385
 0.32710817819128124
 -0.20254025912300952
 -0.77992273563746839
 -0.99989722500485212
 -0.85172372649409922
 -0.32278929029045333
 0.20701020294663866
 0.67849428688606228
 0.95884444852267436
 0.96908518718169256
 0.58987537054189443
 -0.05965118289711676
 -0.68184193980649765
 -0.99157128980546694
 -0.84690242494468848
 -0.45550525983347107
 0.06420913450765045
 0.68517537297528308
 0.9613976952714075
 0.96679133714720145
 0.69983689313803099
 0.2357362491636617
 -0.4373187200616811
 -0.83592063402922945
 -0.9939996218610524
 -0.79801882116799649
 -0.37723367015195181
 0.14981936313580321
 0.74529466087728902
 0.98150478742342817
 0.8785566208718506
 0.37300042776503378
 -0.15433296388685006
 -0.74833167288643443
 -0.98236879196404914
 -0.93966960834163338
 -0.63226261305088494
 -0.14674529982003906
 0.51697557833208441
 0.94378683401392172
 0.93809761595957408
 0.62871794603502085
 -0.010687453590618137
 -0.64519521258985024
 -0.94528653874540336
 -0.93650605963703171
 -0.49856160000648819
 0.015253786964101002
 0.64867752905396447
 0.98483781237670287
 0.93489497256578857
 0.62158935063365273
 0.13318010153099763
 -0.3927463907825941
 -0.88856480988550313
 -0.97718884210939361
 -0.73087381353651881
 -0.27866938929790458
 0.25203705689095912
 0.81071699771620309
 0.99611047806902719
 0.82399871852646989
 0.2742806783315328
 -0.40112943452200633
 -0.89271766704429001
 -0.97520842120142426
 -0.72460972568330329
 -0.26988624726652932
 0.40530845177862374
 0.81603017562444879
 0.99687369533627246
 0.8187894891587626
 0.2654861877484091
 -0.26527087964301094
 -0.72130032636190611
 -0.97413725812455376
 -0.89486588660375632
 -0.40551259198549666
 0.11936819089927433
 0.61062258817443182
 0.92986272891087873
 0.95115687533519111
 0.53657314727135219
 -0.12390100013857708
 -0.61423269444159323
 -0.97616036467522127
 -0.89075204234264915
 -0.39714701031852595
 0.27845491328665334
 0.82645187614190396
 0.99815059791834015
 0.88866723383728807
 0.39295175212837735
 -0.28283809894652973
 -0.73383133976659254
 -0.99841779827284749
 -0.80546855573193599
