# Created by Octave 8.4.0, Thu Dec 11 09:16:06 2025 IST <gamana@Samsung>
# name: iq
# type: matrix
# rows: 2048
# columns: 1
 0.99706007033948296
 0.81741217677477895
 0.2631763561998442
 -0.41166286191191009
 -0.82003431881388944
 -0.99669975492155383
 -0.71661680183738552
 -0.10813648706951674
 0.41582037352034329
 0.82263935911185238
 0.99631865342087256
 0.71342420240216764
 0.25435403320662997
 -0.41996921323270014
 -0.82522724334078956
 -0.99591677378527643
 -0.80944368883232731
 -0.24993486888935224
 0.28075440618218883
 0.82779791753061049
 0.9982933274023793
 0.80675369022336518
 0.39074826631547099
 -0.13533214306748165
 -0.73545624545231092
 -0.97859770037839833
 -0.88545340033792985
 -0.5229222527763302
 0.13985542515412888
 0.62685369828083859
 0.93726536135324057
 0.98364649651042202
 0.75293139567673473
 0.31011321061357677
 -0.22006481733715735
 -0.68824991106358091
 -0.96255289322519511
 -0.96570177215863195
 -0.69680949900727573
 -0.080262094262641887
 0.44111841487869557
 0.91171342092136254
 0.99352809498320716
 0.7954628564466879
 0.37331329069111102
 -0.1539997744139284
 -0.74810794332050845
 -0.99938759605057081
 -0.87652859772277325
 -0.50674880414080337
 0.15851039745388298
 0.64144077042886694
 0.98315072229002243
 0.93821436618430221
 0.50280659161546182
 -0.010350251264736661
 -0.52059139660806109
 -0.94517646960071533
 -0.97915629473220078
 -0.62542333140588668
 0.014916604353269872
 0.64842084563481195
 0.94665791726123827
 0.93501460739056352
 0.62185347507426159
 -0.019482646357389975
 -0.65189063542320946
 -0.94811962245698522
 -0.93338546174226766
 -0.49091736807458636
 0.17651889277400565
 0.76306347130970409
 0.99992600201619608
 0.8653101111236956
 0.48693370707140277
 -0.181012047936218
 -0.65878935756162205
 -0.95098368393158716
 -0.93006880782054413
 -0.48293989111003849
 0.18550142810862433
 0.76893472152711884
 0.99999540351778604
 0.77279742987957578
 0.19145671714048751
 -0.47762109668853364
 -0.85993281577640979
 -0.99999882230188708
 -0.85836209249050632
 -0.33487961217098988
 0.34206505440574203
 0.862254728491333
 0.98730689364631385
 0.6599150493749707
 0.18248437222101171
 -0.48562539556399231
 -0.86455865896230799
 -0.99994309558021077
 -0.85364049424972288
 -0.32625967769526004
 0.35063314737503665
 0.78048430577675221
 0.99988395123660889
 0.8512529665268137
 0.32193945930560336
 -0.20788843009190797
 -0.67915351091042064
 -0.99108925768113243
 -0.84884768600070171
 -0.458768420102943
 0.21235319707962388
 0.78616167635188161
 0.99970310675110219
 0.75511982966047653
 0.31327897070961552
 -0.36343022125511892
 -0.8735936030877316
 -0.99958141038069237
 -0.84398406755565658
 -0.30893888111699319
 0.36768087239880365
 0.87580690915030124
 0.98258500433542573
 0.74910065255297842
 0.15547900140922769
 -0.509392575397842
 -0.87800195033943063
 -0.99927548207434191
 -0.74606759889611551
 -0.30023946390148659
 0.37615908234565687
 0.88017868087772855
 0.9808469264002444
 0.74301898606732286
 0.29588031770414369
 -0.38038646433654111
 -0.80006716347485207
 -0.99888619500537212
 -0.73995487764514356
 -0.141931274197549
 0.38460591340230282
 0.80279843518809202
 0.99484017471709107
 0.90663238476110664
 0.56302347038087841
 -0.092419350775549594
 -0.58893824801691086
 -0.9687983227001733
 -0.95917317570695038
 -0.67934600227974873
 -0.056250228351296921
 0.59262281808500161
 0.92133642208986943
 0.95787162097705481
 0.55545184092149236
 0.051690166626058617
 -0.46663278619843457
 -0.92310219592082832
 -0.95655008992160562
 -0.67261547438327629
 -0.19920301606094334
 0.47066694847015184
 0.92484871853944095
 0.98920991118715429
 0.77490763686045938
 0.34231150373757346
 -0.33463246164541943
 -0.769723690212191
 -0.98798139365844539
 -0.92792170728734635
 -0.60646362901863526
 0.038975868375956735
 0.54482362820236752
 0.89719290039186705
 0.99682017986520099
 0.81564015632847064
 0.40469179829006041
 -0.27053560075472688
 -0.82178714924509855
 -0.99761610861221961
 -0.8129895401913837
 -0.40051154007206008
 0.27492919280489736
 0.72821175405807848
 0.97635482996805922
 0.89034366212641014
 0.53195393787215595
 -0.12932149590627612
 -0.73133396242559634
 -0.99820477003535257
 -0.88825520681746439
 -0.52808142658504087
 -0.019145488278022892
 0.49518379281713676
 0.93513413588735561
 0.9465491972583544
 0.64816408847853257
 0.01457942004615246
 -0.49914612947357034
 -0.87226068289134251
 -0.98391506537880058
 -0.75391589745208354
 -0.31153630812522931
 0.36513865163940556
 0.87448489466216361
 0.99952665500974269
 0.84299868999530825
 0.30719361949593094
 -0.36938623316022245
 -0.79289266197034569
 -0.99303879523100436
 -0.91344285313471929
 -0.57652725677815253
 0.076045533660961007
 0.57557902585817122
 0.96459493207099567
 0.96369087240910234
 0.57278989074160702
 -0.080598222732407257
 -0.57930743003644081
 -0.96578927795253033
 -0.96246141992976164
 -0.68800522698678646
 -0.21973585073413712
 0.45203678212348919
 0.8448263018309673
 0.99206806997202313
 0.78800882612502365
 0.21527846681165561
 -0.31477163936862168
 -0.75614960898846761
 -0.98451791381517395
 -0.87058961707697269
 -0.49619128868304263
 0.17054692241431579
 0.75913017088655255
 0.99983384877874237
 0.86833367476890355
 0.49222124044383364
 -0.17504494541054377
 -0.65421517251090366
 -0.98607777404705177
 -0.86605962344102483
 -0.34916032984535117
 0.32774544257114785
 0.76504373808146187
 0.9999586319136059
 0.86376751051845613
 0.48425043128684137
 -0.18402994603395961
 -0.66109548976492238
 -0.95192840572335036
 -0.92893675340063486
 -0.60863379684069807
 0.036245563027500163
 0.5425304763448201
 0.89598288993909425
 0.99703417447419029
 0.81721787306131521
 0.40718878950252729
 -0.11754662535427075
 -0.72319004198412096
 -0.97475099015488875
 -0.89364305358104223
 -0.40301357030258678
 0.12208044596978843
 0.72633649203427009
 0.99774102377887197
 0.81191999367161027
 0.25402788856811498
 -0.27669251862572475
 -0.72946779440294807
 -0.97674975441813594
 -0.94887831184973592
 -0.53039965315243032
 0.13114035477173422
 0.61997607397048027
 0.97771859182372267
 0.88741104275028515
 0.39043783300440948
 -0.13566625401455998
 -0.73568469520097368
 -0.99856770736082057
 -0.80384632102063036
 -0.38622951874564443
 0.28983142998495609
 0.73877016397742057
 0.99880162570560704
 0.88316376227426374
 0.38201314970538847
 -0.14470947024985625
 -0.63066698845287272
 -0.93896368106054662
 -0.98275142388085146
 -0.74969507541622005
 -0.15636577838437321
 0.37109035081734881
 0.79400918965226941
 0.99325320366409453
 0.83953813505979158
 0.30109568094123251
 -0.22929330316701357
 -0.79677703679194523
 -0.9991291183794988
 -0.83704828615673299
 -0.29673775849055872
 0.37955604050049663
 0.79952826721899239
 0.99892815261664103
 0.83454098068776961
 0.29237364760094314
 -0.3837770560290073
 -0.88405779351868652
 -0.99870635429799859
 -0.73748195008814421
 -0.28800343928546723
 0.24260652398668919
 0.70487348511119874
 0.99520571111073786
 0.8294742095736658
 0.42681926135309134
 -0.096071982314009
 -0.59189945380494535
 -0.92098703315352426
 -0.99062973958423328
 -0.78120900902490753
 -0.35171930379742294
 0.32516289542069804
 0.85303569840394
 0.98999571220944627
 0.67327953654496719
 0.20008270023350191
 -0.46987465789359312
 -0.92450689724225354
 -0.95547390137131483
 -0.54858470737123244
 -0.043463830529603772
 0.60288605549076435
 0.92623792677698591
 0.95411641469722341
 0.54476078736602618
 -0.11423733350010555
 -0.60652321135819354
 -0.97400162091040132
 -0.89513330545907011
 -0.4060605193418762
 0.26909386979366645
 0.82093309710364448
 0.99751166747468134
 0.81386045126370754
 0.25724892448168524
 -0.41724969046119159
 -0.82353223714346102
 -0.997823225944791
 -0.89102435057797791
 -0.39769713668888385
 0.12783666325953147
 0.61735848295232298
 0.93296852388111462
 0.98575846919369059
 0.76085722933077538
 0.17316468790596914
 -0.3552215182091768
 -0.78354073279034975
 -0.99979722047228137
 -0.75788587203879176
 -0.31729274896499249
