# Created by Octave 8.4.0, Thu Dec 11 09:16:06 2025 IST <gamana@Samsung>
# name: iq
# type: matrix
# rows: 2048
# columns: 1
 0.99706007033948296
 0.81741217677477895
 0.2631763561998442
 -0.41166286191191009
 -0.82003431881388944
 -0.99669975492155383
 -0.71661680183738552
 -0.10813648706951674
 0.41582037352034329
 0.82263935911185238
 0.9977183133033527
 0.81211680656676566
 0.39913916364882279
 -0.27636844752632383
 -0.82522724334078956
 -0.99801622712169602
 -0.88966097771079677
 -0.39494783328271993
 0.13080603864129745
 0.73235430365016874
 0.9982933274023793
 0.80675369022336518
 0.39074826631547099
 -0.28513450973044718
 -0.73545624545231092
 -0.97859770037839833
 -0.94606518067421075
 -0.64702319695337762
 -0.013082302230897626
 0.62685369828083859
 0.97952724534565039
 0.88332189054261379
 0.5190242297318719
 -0.14437579056859726
 -0.74161405106639489
 -0.98043636236127607
 -0.88117195914959878
 -0.37810102247061
 0.29823877688491174
 0.7446697864578582
 0.99919348408392272
 0.87900365099550504
 0.373869386604954
 -0.15340739435657474
 -0.63746884165893469
 -0.94195336044907441
 -0.98108672759545423
 -0.74384495350793745
 -0.14767181956608888
 0.51617351493844721
 0.9434767811546485
 0.93842165869421512
 0.62944609872927793
 0.14315364154996899
 -0.52007944302982734
 -0.8839001337219804
 -0.9792778829548171
 -0.73770965602296679
 -0.13863247807766196
 0.38767924157623307
 0.80478052944019018
 0.995172673015283
 0.9052216213146459
 0.56026686158099936
 -0.095736315726760557
 -0.70786729603693477
 -0.99561046985879564
 -0.82710443109173448
 -0.42299056154802456
 0.25113046123705945
 0.81016824749014416
 0.99793771528696562
 0.82452909748853165
 0.4188481031914722
 -0.10482368684166825
 -0.71428904737035315
 -0.9718124784500537
 -0.95557335273441868
 -0.67014628176077173
 -0.043800730362636646
 0.47360396434939761
 0.92611076224270938
 0.98871630425468959
 0.77279742987957578
 0.19145671714048751
 -0.47762109668853364
 -0.85993281577640979
 -0.99999882230188708
 -0.85836209249050632
 -0.33487961217098988
 0.34206505440574203
 0.77474182782419287
 0.98917145136069295
 0.85601021937775568
 0.33057309196900747
 -0.34635271246754379
 -0.86455865896230799
 -0.99994309558021077
 -0.85364049424972288
 -0.46686474663636957
 0.051428232491258427
 0.6757944842168484
 0.95779626121622063
 0.92143835717186395
 0.59283406142640771
 0.097226591704109466
 -0.42576990720195163
 -0.9045843610622607
 -0.96886329631413692
 -0.70569586549307994
 -0.092680508055636157
 0.429897566468319
 0.83137217755029091
 0.99864669548498619
 0.88459937535560251
 0.38484800857883378
 -0.14167164154906572
 -0.62828195559010802
 -0.97989489953272035
 -0.94397197361676277
 -0.51745531617108087
 0.14619080877256765
 0.74284342228831535
 0.98079580514366582
 0.94245500051237052
 0.63862173069241412
 0.15488675998232163
 -0.50990837753160867
 -0.94103251339940608
 -0.9409183725946465
 -0.5096182613695085
 0.002451968787792662
 0.51383147181467992
 0.94256769103511717
 0.98072997867282441
 0.74261762234268391
 0.29530760337493717
 -0.2351914734962077
 -0.80042666836970566
 -0.99885772825792152
 -0.83371513570537759
 -0.4337124315048439
 0.088468395322842105
 0.58572740375838628
 0.96780742505491923
 0.90637927826073139
 0.42959307273497971
 -0.093016272330551625
 -0.70593475145094076
 -0.99535103343762399
 -0.90444055412780355
 -0.55874639580788033
 -0.055651663500177161
 0.59310560008093594
 0.970065839412798
 0.90248296796936045
 0.55495322438255723
 0.051091454836268826
 -0.46716293429097694
 -0.85381609152676541
 -0.98978334287695413
 -0.77740910920537365
 -0.19861549143985219
 0.47119581278114436
 0.85618450009160074
 0.99998338686828148
 0.77452856646619817
 0.34174815640461548
 -0.18730375783299533
 -0.66359162882274891
 -0.9529437020089786
 -0.97384861061456984
 -0.60598684772426525
 -0.11356728084380324
 0.41084453748590954
 0.89745750341030195
 0.9967722299032804
 0.81529316103758886
 0.2596349677644772
 -0.27111270055569336
 -0.82212859567070329
 -0.99765729988735974
 -0.89214288181535151
 -0.39996214760978954
 0.27550554513713005
 0.82471985682978322
 0.99795930465553018
 0.80997052335894038
 0.39577244673708739
 -0.27989264407547659
 -0.82729391853123047
 -0.99824049707315343
 -0.80728383888807087
 -0.39157449206599887
 0.1344425905599955
 0.73484765382093153
 0.97841256309769253
 0.94635565148416922
 0.52368727256847247
 -0.13896643493271216
 -0.62615396992670891
 -0.97934612166406976
 -0.94487015805853269
 -0.64422137197363261
 -0.16209344886943333
 0.50361607496346472
 0.87477552854699847
 0.98297906068894725
 0.6407218594334867
 0.15758544581541206
 -0.3699432713764611
 -0.87697910545821811
 -0.99935437981401531
 -0.74748602601074754
 -0.30227311873356855
 0.37418213151977475
 0.87916439304993654
 0.98126010988344969
 0.74444467168266415
 0.14855967449948912
 -0.37841318812873614
 -0.88133134574818639
 -0.98036992927622912
 -0.63014344195625305
 0.0088530592542075646
 0.51931244306408963
 0.88347991836137973
 0.99876839005325435
 0.73831545079963434
 0.28918587074155172
 -0.24140825635502416
 -0.70399693697221599
 -0.96826752051269671
 -0.95977417278507782
 -0.68090949590265359
 -0.21023052492737404
 0.46069701631730781
 0.9205051918057886
 0.95848195665734937
 0.67755788864056632
 0.20576368457975322
 -0.32399478073037791
 -0.76248292226100611
 -0.98617728521833581
 -0.93206248124107138
 -0.48771764682609792
 0.18012904807224545
 0.76542966813970337
 0.99996390521556577
 0.7762539210985151
 0.19681722358073409
 -0.4728130847931325
 -0.92577170863838576
 -0.95448548382986664
 -0.54579601386796173
 -0.040135000622663876
 0.47683216543617946
 0.92748864889265203
 0.98816003957529952
 0.77046371533771096
 0.18785434424611683
 -0.48084130178777795
 -0.86179968962706266
 -0.98744908124580055
 -0.76754448025858624
 -0.33142024428079914
 0.34551038306063547
 0.77705641245335788
 0.99995226986548125
 0.76460923810912385
 0.17887579425213712
 -0.48882940738508918
 -0.93252327229805121
 -0.94887831184973592
 -0.53039965315243032
 0.13114035477173422
 0.61997607397048027
 0.97771859182372267
 0.94742697280711508
 0.65024226875192148
 0.017311311182923683
 -0.62355274104028446
 -0.9786670389969816
 -0.88529663390267133
 -0.38622951874564443
 0.14018932395002348
 0.62711640397435597
 0.97959507615814501
 0.94446504989139402
 0.64327632135886925
 0.16087467946475087
 -0.50468262234372585
 -0.87537324331174171
 -0.98275142388085146
 -0.74969507541622005
 -0.3054473240688339
 0.22484587561108255
 0.6917993022821437
 0.99325320366409453
 0.91269474280555418
 0.44326655429247164
 -0.22929330316701357
 -0.79677703679194523
 -0.9991291183794988
 -0.74361952882577431
 -0.14733828734210935
 0.37955604050049663
 0.79952826721899239
 0.99892815261664103
 0.83454098068776961
 0.43506105404562229
 -0.086976906331164811
 -0.7016268198592065
 -0.99474869226751583
 -0.90701080238006038
 -0.56376518666406916
 -0.061705188177938824
 0.58821246313156828
 0.96857542285893772
 0.90507827123668394
 0.42681926135309134
 -0.24703426848143711
 -0.70810545029073779
 -0.99564197502935825
 -0.90312686476827797
 -0.42268497007417344
 0.10061656235602887
 0.5955741004690619
 0.92275658720024012
 0.95681146172407272
 0.55239718669227666
 -0.10515904404881884
 -0.5992363264894498
 -0.97189192478739406
 -0.89916758903474137
 -0.41439002875065545
 0.26028622188069594
 0.71771247291264939
 0.97295691831292452
 0.8971598023399584
 0.54476078736602618
 -0.11423733350010555
 -0.72088496686581061
 -0.97400162091040132
 -0.89513330545907011
 -0.4060605193418762
 0.11877295193178608
 0.72404242682852316
 0.97502601079265327
 0.8930881406545097
 0.5370789445299804
 -0.12330609336432669
 -0.72718478695228606
 -0.97603006659610958
 -0.89102435057797791
 -0.39769713668888385
 0.27787907011093738
 0.73031198170342548
 0.99811397490226272
 0.88894197826965471
 0.39350296080787661
 -0.13236456713272088
 -0.73342394586459891
 -0.9779770926331931
 -0.94703109187740431
 -0.6493035269555244
 -0.016076505177411264
