# Created by Octave 8.4.0, Thu Dec 11 09:16:06 2025 IST <gamana@Samsung>
# name: iq
# type: matrix
# rows: 2048
# columns: 1
 0.99706007033948296
 0.8958330830115131
 0.40749676511192734
 -0.11721173552297842
 -0.72295709950342013
 -0.97467563508643473
 -0.89379434027545168
 -0.40332217000396425
 0.12174574039319934
 0.72610466550790553
 0.9756866937503218
 0.95041478686084535
 0.5345505649007124
 0.026779638075654512
 -0.6161208997466926
 -0.93240144544834269
 -0.94898469904253735
 -0.53068550131166847
 0.13080603864129745
 0.61971144815431445
 0.93404224138678449
 0.985250469487432
 0.75891061748844191
 0.31878331613078459
 -0.2111462234393818
 -0.68159522404935846
 -0.96003675884366646
 -0.91834089914126482
 -0.58645480711822251
 0.06387260574650877
 0.5655575416944385
 0.9613048499970458
 0.91652386521001739
 0.58274974275466684
 0.084813229831986955
 -0.56931784686309095
 -0.96255289322519511
 -0.96570177215863195
 -0.57903252519821957
 0.072984607991762596
 0.57306627895981621
 0.91171342092136254
 0.96450593995209644
 0.69352673492061989
 0.22717892085399657
 -0.44521220012329865
 -0.84071604235180275
 -0.99299901827171977
 -0.69022950739697697
 -0.22272925180653891
 0.44929670050794807
 0.84318003849283296
 0.99244923265600671
 0.7898948670650332
 0.36482469394694789
 -0.31185672933426212
 -0.75413739896883958
 -0.99966550404728993
 -0.78708613347960132
 -0.36056893869878703
 0.31619243755180926
 0.8480552264261183
 0.99977318748613397
 0.78426098528443078
 0.20935274634661827
 -0.46149364166221007
 -0.85046631654676685
 -0.99067573919877039
 -0.78141948139773487
 -0.3520349582153795
 0.17651889277400565
 0.76306347130970409
 0.99992600201619608
 0.8653101111236956
 0.34775691095553296
 -0.3291596362235587
 -0.76600708392244765
 -0.98706798589555911
 -0.93006880782054413
 -0.48293989111003849
 0.033177953663624922
 0.53994946709703096
 0.95238598048070489
 0.92838136871562715
 0.47893600348116838
 -0.037741799180791728
 -0.66563312401798547
 -0.98849090621939795
 -0.85836209249050632
 -0.33487961217098988
 0.19446848906226558
 0.66903422027829129
 0.98917145136069295
 0.92494844217390204
 0.60016461899422868
 -0.046867033747573464
 -0.55142982772784532
 -0.95647358368258695
 -0.9232030263304648
 -0.46686474663636957
 0.20341932760986636
 0.6757944842168484
 0.95779626121622063
 0.92143835717186395
 0.59283406142640771
 -0.055988358703845706
 -0.55902603440189202
 -0.95909896399592787
 -0.91965447150011992
 -0.58915019910744659
 -0.092680508055636157
 0.56280668962743263
 0.96038166485395848
 0.96772249425417678
 0.70245292795551217
 0.23930021665734427
 -0.43401626026004414
 -0.90844011502318567
 -0.9943942548903667
 -0.80022448225587572
 -0.38062901780274139
 0.14619080877256765
 0.74284342228831535
 0.99908004304739784
 0.79747748196428803
 0.37640208904310912
 -0.15070692720004675
 -0.74589292680788943
 -0.9816762563472855
 -0.9409183725946465
 -0.5096182613695085
 0.002451968787792662
 0.63888119294273482
 0.98253623478184693
 0.87593347296118218
 0.36792477034572635
 -0.15972964099951256
 -0.7519452059868672
 -0.99957378788416562
 -0.78913692405411384
 -0.21706957207182662
 0.31302987997501996
 0.7549478544265199
 0.99969668159732372
 0.78632374567415608
 0.35941675965785358
 -0.1687390302799123
 -0.75793475849732128
 -0.98499315626050998
 -0.93457595984954878
 -0.49381727322850888
 0.17323849331905522
 0.76090585590764914
 0.98577106854626595
 0.93294154673311502
 0.48984107340721511
 -0.17773434348514575
 -0.7638610846955558
 -0.99994026315875784
 -0.86469043479524876
 -0.34659874936696677
 0.18222648701769353
 0.76680038323000432
 0.98726520282524977
 0.92961438575819666
 0.48185811012784718
 -0.18671483023342564
 -0.66314302366827793
 -0.95276179274796713
 -0.92792170728734635
 -0.60646362901863526
 0.038975868375956735
 0.54482362820236752
 0.95413885114572949
 0.97293960590383544
 0.6028262662184477
 -0.043538697587652483
 -0.5486473611136512
 -0.89920037971003641
 -0.97187427959669481
 -0.59917633153129735
 0.04810061880376932
 0.67333494291237483
 0.99000628298972737
 0.85299658942327106
 0.46577226419855994
 -0.20462832907820289
 -0.78125578834147202
 -0.99986437470970757
 -0.85060425588363664
 -0.32076998583533983
 0.20909626830340569
 0.78409822979723109
 0.99977873900851999
 0.84819418306959704
 0.45767072341707316
 -0.061779983200696019
 -0.56382707900378393
 -0.9607251061180615
 -0.9674105193813286
 -0.70157342122455979
 -0.08690225208096268
 0.56759280932219036
 0.90895566155885299
 0.96624408194516875
 0.698311884064443
 0.23366308595342544
 -0.43923570699769482
 -0.9108500101553022
 -0.99376407532853228
 -0.69503578367345586
 -0.22922036107167365
 0.3011671405145831
 0.83957884657315829
 0.99931202944930153
 0.87753594764229947
 0.37102076259437583
 -0.30551867984392073
 -0.74974466603466505
 -0.98276527951328996
 -0.93893789853280041
 -0.63060883078210594
 0.0082535772213779592
 0.64333369463803269
 0.98359922291909652
 0.93735676535810908
 0.50067003238648233
 -0.012820041241621906
 -0.64682319170808622
 -0.98441265345254958
 -0.93575608369329677
 -0.6234941541662522
 -0.13559200846936478
 0.52658641600492995
 0.94745094821337439
 0.93413588692046379
 0.49274300226057965
 -0.17445466609343432
 -0.65376164503981937
 -0.9489019627736488
 -0.97673368626990587
 -0.61632746616600498
 -0.1265373853312915
 0.53432888159210612
 0.95033318806978884
 0.9308370836132025
 0.61272480455341882
 -0.031082271478345323
 -0.53818343962477888
 -0.95174459425370317
 -0.97473425416316417
 -0.60910936462077547
 0.035646446504003219
 0.66406688989070484
 0.98817153428625504
 0.9274606306198625
 0.60548122176772357
 -0.040209878126289261
 -0.54585880423761202
 -0.95450783195983091
 -0.97265351050344262
 -0.6018404516588296
 -0.10839722832228103
 0.5496794507487891
 0.89974004257597251
 0.97158270081850562
 0.5981871302220686
 0.1038563009623451
 -0.41973116691975981
 -0.82507907730420516
 -0.9979996801885721
 -0.80959767290581042
 -0.25018881911059687
 0.42387175357822654
 0.90368853347506051
 0.99551896067913792
 0.70717990245368956
 0.094768043247161982
 -0.42800350042979229
 -0.90563452989963877
 -0.99507674247845379
 -0.70394371380501819
 -0.090220902426703026
 0.43212632130727791
 0.90756163939843948
 0.99461377204279167
 0.70069284447422997
 0.23690129582362218
 -0.43624013022962893
 -0.83526195740363451
 -0.99413005902736373
 -0.79874080855644036
 -0.37834382170007552
 0.29798841980098012
 0.83776426097200107
 0.99918291788155822
 0.79598480591584009
 0.37411263632579783
 -0.30234455038368657
 -0.84024909304288897
 -0.99935706938277469
 -0.79321220308449691
 -0.22356930816004994
 0.30669437559828905
 0.75056131278222915
 0.98299282535971388
 0.93851224311500481
 0.62964988253721943
 -0.0094885067303111005
 -0.51985540455118928
 -0.88377743994263036
 -0.99873665898641506
 -0.73788670264166656
 -0.28857749010972156
 0.38743745727073825
 0.8046248177948423
 0.99514689847830351
 0.90533304465219033
 0.4273613382131789
 -0.095475234185722443
 -0.5914161401871515
 -0.96955452460525537
 -0.95830055564405059
 -0.6770903799978768
 -0.20514176692661742
 0.46530800927823351
 0.85272269244596266
 0.99992277691483245
 0.77872625473123713
 0.34800281151606666
 -0.18075409140989987
 -0.76583845364504477
 -0.98702590740807916
 -0.93016513476203078
 -0.4831695435136964
 0.032915813935010765
 0.53972868560925691
 0.89449833060686224
 0.97432285016752296
 0.60765343796048421
 0.11565022938906054
 -0.40893200362750154
 -0.8183168365787411
 -0.99717930598945514
 -0.89513330545907011
 -0.4060605193418762
 0.11877295193178608
 0.72404242682852316
 0.97502601079265327
 0.9513417760410976
 0.5370789445299804
 -0.12330609336432669
 -0.61375950054506057
 -0.97603006659610958
 -0.89102435057797791
 -0.53322118190329848
 0.12783666325953147
 0.61735848295232298
 0.93296852388111462
 0.94848777721381872
 0.52935229899733338
 -0.13236456713272088
 -0.73342394586459891
 -0.99838390828355505
 -0.88684106715721245
 -0.38930057845837962
 0.28664108997814214
