# Created by Octave 8.4.0, Thu Dec 11 09:16:06 2025 IST <gamana@Samsung>
# name: iq
# type: matrix
# rows: 2048
# columns: 1
 0.99706007033948296
 0.81741217677477895
 0.2631763561998442
 -0.41166286191191009
 -0.82003431881388944
 -0.99669975492155383
 -0.71661680183738552
 -0.10813648706951674
 0.41582037352034329
 0.82263935911185238
 0.99631865342087256
 0.71342420240216764
 0.10359543274975808
 -0.55370705885596561
 -0.95726733173653833
 -0.92214954772219393
 -0.46444680927567056
 0.20609367790557251
 0.7821895192030589
 0.99983859538937303
 0.75930087495922316
 0.1708053569705982
 -0.49596355405984022
 -0.93545182887449485
 -0.94625923575956172
 -0.52343316420046815
 -0.01368175251214607
 0.49992385083580554
 0.93705619580710242
 0.94477245443572011
 0.64399322759960465
 0.0091153316557068265
 -0.62993976311876387
 -0.9803181820220509
 -0.88145524381345541
 -0.51562913723683423
 -0.0045487206998583761
 0.5078130844141947
 0.87712238562843992
 0.99934361971368713
 0.74728786985020945
 0.30198880394765848
 -0.22838143455820345
 -0.79621064932422614
 -0.99366761431796047
 -0.91120536368867255
 -0.44000974894806411
 0.23282506864009697
 0.69769476321970259
 0.99417036596071584
 0.83505669922252568
 0.29326931317178512
 -0.38291189180906166
 -0.80170327404073327
 -0.99875354763222546
 -0.73811425941926712
 -0.28890034813315035
 0.38712655257425316
 0.88574854430223371
 0.97846673316342303
 0.73502551731234655
 0.13470248775391336
 -0.39133313985040136
 -0.80712902131042263
 -0.99825601483576998
 -0.7319214463150987
 -0.28014443432444786
 0.39553156590950461
 0.80981667424265691
 0.9979760179273548
 0.72880211116265148
 0.27575766815815272
 -0.25496855601805113
 -0.71386935569545051
 -0.97167096765227257
 -0.89957710948666014
 -0.41524235963525041
 0.10876821301843798
 0.71705987946894678
 0.99675113914268321
 0.89757316580938418
 0.41108364817213194
 -0.2637893753289251
 -0.72023544902386882
 -0.99710856150388383
 -0.89555050332535791
 -0.40691636359691996
 0.26819157899035717
 0.82039784422314799
 0.99744518925670833
 0.89350916421702653
 0.40274059281794244
 -0.27258818954079106
 -0.72654146088636362
 -0.97582577359981593
 -0.89144919105632836
 -0.39855642292053223
 0.27697911528932728
 0.82558599306409242
 0.99805603328968073
 0.80907037654641034
 0.24931951252214782
 -0.42468470129604613
 -0.82815426816345372
 -0.99543366566765779
 -0.8063780333470093
 -0.24489441782848195
 0.2857435462117231
 0.73588667659484908
 0.99858362028547887
 0.80366887320706504
 0.38595439198737208
 -0.29011686860415925
 -0.83323895191536146
 -0.99452031818015307
 -0.80094295262585335
 -0.2360289990801398
 0.43704778344199097
 0.83575525452729449
 0.99403252862007374
 0.69678369867840584
 0.08022624001982534
 -0.57309575652395572
 -0.96379045497473814
 -0.96449644098558029
 -0.57527381009457879
 -0.075673417784320726
 0.44524440848923225
 0.84073551883789466
 0.99938885407091427
 0.87651128288918267
 0.50671779409502227
 -0.0058196519555612173
 -0.64146836539372498
 -0.94368721133921185
 -0.93820191791004059
 -0.6289521801521738
 0.010386219569572136
 0.52062210787470198
 0.88419715107186758
 0.97914898824755436
 0.73728048694998105
 0.2877178104297996
 -0.24289585603491534
 -0.70508501462628548
 -0.96864956132749536
 -0.90495140028534315
 -0.42654952096069493
 0.2473232668771092
 0.70831601739392114
 0.96977397262789666
 0.95804362441097179
 0.67642944782571257
 0.20426302043608899
 -0.46610247039574754
 -0.8531913046710683
 -0.98995358540852607
 -0.77816272056647606
 -0.34716102986133418
 0.1816369880798058
 0.65926730919879128
 0.98716965449191374
 0.92983515611251089
 0.48238333841559111
 -0.033813071278031646
 -0.54048423505083965
 -0.89489933155118495
 -0.99721854071469085
 -0.72124842059896455
 -0.11475844965649423
 0.40975110039236384
 0.81883250830413812
 0.99724628636823809
 0.89473272591303799
 0.54017021144041599
 -0.11966430631801073
 -0.6108587542280044
 -0.97522500136899581
 -0.95106475988945738
 -0.53632144128767723
 -0.028875590832584942
 0.6144680261825699
 0.93164157445709228
 0.9496437689242001
 0.6555449172576302
 0.02431048835748555
 -0.49068884864234602
 -0.93329130271644045
 -0.98560709856610962
 -0.65208950559648549
 -0.019744878889376392
 0.49466286186017294
 0.93492156727054621
 0.98482480954644724
 0.75729988143405402
 0.31644125325140804
 -0.21355984684494758
 -0.78692431895571124
 -0.99184535648545624
 -0.91736051401446572
 -0.58445240019361921
 -0.08690225208096268
 0.43512852706753002
 0.90895566155885299
 0.96624408194516875
 0.698311884064443
 0.23366308595342544
 -0.43923570699769482
 -0.83708928455909648
 -0.99376407532853228
 -0.69503578367345586
 -0.22922036107167365
 0.3011671405145831
 0.74671493460754579
 0.981910840626954
 0.94049945024301207
 0.63414647918112677
 -0.0036869410735316153
 -0.63983078090230217
 -0.98276527951328996
 -0.93893789853280041
 -0.63060883078210594
 -0.14463532063038551
 0.51880002299952621
 0.94448967275556528
 0.97958001227093605
 0.62705803109328695
 -0.012820041241621906
 -0.64682319170808622
 -0.94598017464972417
 -0.93575608369329677
 -0.49671169676217664
 0.16995617082962328
 0.65029919933927494
 0.94745094821337439
 0.93413588692046379
 0.61991727432530874
 -0.021952071972139286
 -0.65376164503981937
 -0.9489019627736488
 -0.93249620882864648
 -0.61632746616600498
 -0.1265373853312915
 0.53432888159210612
 0.89161822963160164
 0.97574414474424187
 0.61272480455341882
 -0.031082271478345323
 -0.66064556209724501
 -0.98746091400676894
 -0.86176167500221723
 -0.48077559422967447
 0.035646446504003219
 0.54202677389073506
 0.9531361518906446
 0.97370403558786156
 0.60548122176772357
 0.11293589506784936
 -0.54585880423761202
 -0.95450783195983091
 -0.97265351050344262
 -0.6018404516588296
 -0.10839722832228103
 0.41558182680600181
 0.82249020627722469
 0.99634110391888031
 0.71360796805049342
 0.1038563009623451
 -0.41973116691975981
 -0.82507907730420516
 -0.9979996801885721
 -0.88978071120295688
 -0.53090778593700405
 -0.022476508495481912
 0.61950557935190098
 0.93394853159813018
 0.94761862707272504
 0.52703228840410865
 0.017910722171062571
 -0.49625634944937436
 -0.87062648486684047
 -0.99973846832989566
 -0.7561005675315795
 -0.16597144449530166
 0.36203493382883944
 0.78805496053472135
 0.99207748702807963
 0.91662874163464036
 0.58296286741591263
 0.085074564858861945
 -0.43677950363603685
 -0.90971891406343963
 -0.99406501908017475
 -0.69699759914860648
 -0.080523528307652692
 0.57285131597583161
 0.96371087967815416
 0.96457516552375233
 0.69371566783016436
 0.075970812445554814
 -0.4449773300437953
 -0.84057399342575734
 -0.9930299656656284
 -0.79284699542711268
 -0.22298493867120009
 0.30726493315548692
 0.75095733059333059
 0.99952895764717375
 0.79005568291226769
 0.36506888685045302
 -0.31160751590123287
 -0.845486420966024
 -0.99191207448445484
 -0.6837833448964501
 -0.21407228166829007
 0.45720425744531024
 0.91896202514489145
 0.95959555493752691
 0.68044395774559407
 0.20960920998794641
 -0.32027309532488762
 -0.85032831870432257
 -0.99985559799969492
 -0.86772048768357102
 -0.35228043953203181
 0.17626072228136108
 0.76289392539196699
 0.99992277691483245
 0.77872625473123713
 0.34800281151606666
 -0.32891195782272448
 -0.85509928273339597
 -0.9894281587390571
 -0.67034093276055851
 -0.19619413942258937
 0.47337294548867787
 0.92601178368240689
 0.98875556026373002
 0.77296386191977384
 0.19171414158187602
 -0.33752338274773352
 -0.85979891506325046
 -0.99999919043919605
 -0.77005845524957273
 -0.187230145560146
 0.4813983933060807
 0.86212185909528127
 0.98734851654820388
 0.66011209043206842
 0.030372194738322415
 -0.48539609972578496
 -0.9310964577822689
 -0.95011184358475875
 -0.65667484806848442
 -0.025807279212384109
 0.61688675308117347
 0.93275256001014872
 0.94867753784339925
 0.52986082427676207
 -0.13177031438553685
 -0.62047455498489301
 -0.97785179306862535
 -0.88711792332171879
 -0.52598234640887054
 0.13629582557301226
 0.62404941694819249
 0.97879740129708737
