# Created by Octave 8.4.0, Thu Dec 11 09:16:06 2025 IST <gamana@Samsung>
# name: iq
# type: matrix
# rows: 2048
# columns: 1
 0.99706007033948296
 0.81741217677477895
 0.40749676511192734
 -0.11721173552297842
 -0.60890133064396568
 -0.97467563508643473
 -0.95182505386520067
 -0.53840448048633571
 -0.031344426666491253
 0.61251750219373202
 0.9307412043625467
 0.98677225365717247
 0.65740811854692949
 0.17920756624578818
 -0.34947630729317497
 -0.86622816469789188
 -0.99990200276958874
 -0.7618765189682617
 -0.32310844176316006
 0.20668027481499857
 0.67824652386242867
 0.99092400356524601
 0.92013878115657166
 0.45986541708857864
 -0.2111462234393818
 -0.78539783471713998
 -0.99973243577145421
 -0.7559288889967074
 -0.16571279352017626
 0.50044297299076146
 0.93726536135324057
 0.98364649651042202
 0.75293139567673473
 0.1612074989385934
 -0.50439146910589572
 -0.8752101648306293
 -0.99947947189198894
 -0.74991820004097443
 -0.30576841154300655
 0.22451727661408843
 0.79380414593267479
 0.99932172244443662
 0.74688936492934765
 0.30141723570001927
 -0.22896505360363265
 -0.69484718481991314
 -0.99373479575595003
 -0.8372327419467338
 -0.29705977382799137
 0.37924403260955986
 0.79932567724122838
 0.99894370498287544
 0.834726723741544
 0.43536466339879998
 -0.23784618978820501
 -0.80206146680018797
 -0.99872344485238629
 -0.83220329738643806
 -0.28832635562389775
 0.24227936376794221
 0.70463424304951916
 0.995172673015283
 0.82966251550724124
 0.28395058142647778
 -0.39188476247376564
 -0.88813469650019505
 -0.99822044475942118
 -0.82710443109173448
 -0.27956888546549696
 0.39608211065021354
 0.89022421691831999
 0.97641149517605841
 0.6151476976129181
 0.12505201810772687
 -0.53559388212582526
 -0.89229517179135864
 -0.97541527964386687
 -0.72525496053724303
 -0.12051985628836237
 0.40445193887085795
 0.89434751792973222
 0.99730982697147408
 0.72210331071667855
 0.11598518103835469
 -0.40862424436305445
 -0.81812296642813798
 -0.99715393876895353
 -0.81670014042814298
 -0.2619847133958928
 0.26876907226385538
 0.72380978565701937
 0.99748783614430614
 0.89323979943204135
 0.53736337067249562
 0.030110031711012196
 -0.48562539556399231
 -0.93119209952337212
 -0.98657129559318824
 -0.65647701852210572
 -0.17799244441910247
 0.4896123951713961
 0.9328470854580132
 0.94859455951793425
 0.52963836788862773
 -0.1320303058023965
 -0.6206802229306233
 -0.9344826169515198
 -0.98503839069289045
 -0.75810582758173006
 -0.1689975465227028
 0.3591719908072325
 0.78616167635188161
 0.99168720564712287
 0.84642470283328231
 0.45470586321335715
 -0.21681353546072546
 -0.68582900348661102
 -0.96164433703970265
 -0.96656151042960048
 -0.69919534082601087
 -0.23486369851189498
 0.29562976825788428
 0.74284342228831535
 0.98079580514366582
 0.94245500051237052
 0.63862173069241412
 0.0021147486843296568
 -0.50990837753160867
 -0.87828874934801482
 -0.99925248579709669
 -0.74566827301361671
 -0.15037354922751256
 0.37671448817543773
 0.79768089846240808
 0.99393815228930615
 0.83622815318000376
 0.43782274524140236
 -0.2351914734962077
 -0.80042666836970566
 -0.99442985469023693
 -0.90829909993624047
 -0.56629770197952101
 0.088468395322842105
 0.58572740375838628
 0.96780742505491923
 0.96028763077360757
 0.56252791462795315
 0.060210711553703992
 -0.58942264809752398
 -0.96894673588189228
 -0.90444055412780355
 -0.42546475484063667
 0.097562209492346161
 0.59310560008093594
 0.970065839412798
 0.90248296796936045
 0.42132756391753479
 -0.10210611200314788
 -0.596776182900982
 -0.92333257210777409
 -0.98978334287695413
 -0.77740910920537365
 -0.34603634430327534
 0.18281592046248438
 0.7671850584004416
 0.98736039633053196
 0.86208388551710813
 0.34174815640461548
 -0.33519734327953327
 -0.77010626153079897
 -0.98807388314734257
 -0.85976064685240505
 -0.33745284137923132
 0.19178768900065554
 0.77301140416510317
 0.98876676377317252
 0.92598349239297739
 0.47330693411798463
 -0.1962676204535162
 -0.77590042571686879
 -0.98943902375805948
 -0.85506042765754497
 -0.32884118840868792
 0.20074345876300026
 0.67377805770053945
 0.99009064908208233
 0.8526835451500393
 0.465241676691655
 -0.053260199497821945
 -0.6771455249584406
 -0.95832196740132169
 -0.96953617140151371
 -0.70762906128587488
 -0.24638067353068496
 0.42742908702497839
 0.82985072709325425
 0.99513952175078968
 0.80458031858614487
 0.24195217599768648
 -0.28864923917442065
 -0.73793727806691978
 -0.97934612166406976
 -0.94487015805853269
 -0.64422137197363261
 -0.0094135720807538813
 0.50361607496346472
 0.93853811251994479
 0.94336495945166887
 0.6407218594334867
 0.0048469706335147475
 -0.6332490946224425
 -0.94010464142229133
 -0.94184008705436228
 -0.51196717669537917
 -0.00028026810314381957
 0.63677688436544455
 0.98202417657034946
 0.94029557266769315
 0.63368282102553841
 0.14855967449948912
 -0.37841318812873614
 -0.7987858946523142
 -0.99898455506343076
 -0.74138779202865035
 -0.14404209446919933
 0.38263635296504467
 0.88347991836137973
 0.99876839005325435
 0.83270074194778887
 0.43205874002810724
 -0.24140825635502416
 -0.70399693697221599
 -0.99508416659435028
 -0.83016336776258803
 -0.28481127142188473
 0.39105865519140504
 0.80695290413982168
 0.99827357730354438
 0.7321246402313728
 0.13047170763585367
 -0.53097128912241753
 -0.88981490952982212
 -0.99799493988328547
 -0.72900630000091904
 -0.27604434499882413
 0.39944833561707799
 0.89188951756697665
 0.97561272956226286
 0.7258727564103723
 0.27165220072888396
 -0.40363072384035797
 -0.81496845536821072
 -0.99737523200663469
 -0.81984127578264621
 -0.41135551681729121
 0.11301035331454241
 0.60554086019085052
 0.97372110498126263
 0.95311347734608709
 0.66401085889695832
 0.035571556033356613
 -0.48084130178777795
 -0.86179968962706266
 -0.98744908124580055
 -0.76754448025858624
 -0.18336698130000104
 0.4848404102377788
 0.93086446592366345
 0.98671752975550331
 0.65715397345424653
 0.026442536515764517
 -0.61638647735605456
 -0.97674975441813594
 -0.94887831184973592
 -0.53039965315243032
 0.13114035477173422
 0.73258388378708994
 0.97771859182372267
 0.88741104275028515
 0.52652270811644564
 -0.13566625401455998
 -0.73568469520097368
 -0.9786670389969816
 -0.94595587526113267
 -0.52263478249728768
 0.14018932395002348
 0.62711640397435597
 0.93738286894452327
 0.98358570375047472
 0.75270942807255592
 0.16087467946475087
 -0.36684585321390023
 -0.87537324331174171
 -0.99946853590792306
 -0.84201047547138852
 -0.3054473240688339
 0.37109035081734881
 0.87757187876108522
 0.98189664881965666
 0.63625671236885806
 0.15185361630993485
 -0.51254640924252104
 -0.87975221252868729
 -0.98102139639313612
 -0.74361952882577431
 -0.14733828734210935
 0.51646230997311038
 0.94358849556734636
 0.93830509815306196
 0.62918402735208534
 0.14281988564772793
 -0.3837770560290073
 -0.80226282355669942
 -0.99870635429799859
 -0.73748195008814421
 -0.13829850545761893
 0.52426171766965646
 0.88618295094858357
 0.97827295958773519
 0.62205885630624247
 0.13377424106472693
 -0.39219498831718441
 -0.88828962711363857
 -0.99820027893006624
 -0.73128285119524605
 -0.27924509506351897
 0.25145686109895288
 0.81036587949062577
 0.99791601243492889
 0.72816039309250258
 0.27485714181146442
 -0.25587420960649715
 -0.71452501113115185
 -0.9964522021328357
 -0.89916758903474137
 -0.54858470737123244
 -0.043463830529603772
 0.60288605549076435
 0.92623792677698591
 0.95411641469722341
 0.66649838973862252
 0.19112572350826018
 -0.33808764542683351
 -0.86010488691058218
 -0.99999824789995395
 -0.76967584934310729
 -0.18664120956076188
 0.48192377313858803
 0.8624254734116823
 0.99997927181881596
 0.76675227945330937
 0.18215280322778285
 -0.34666904124527759
 -0.77783315318496116
 -0.9898792794040554
 -0.92307337556835656
 -0.46656650589086629
 0.051765004297932744
 0.67604300803596629
 0.9905170277556401
 0.85107595954585802
 0.4625224530463129
 -0.056325047540602191
 -0.55930560942458629
 -0.90472806512921378
 -0.99528584909253059
 -0.80546855573193599
