# Created by Octave 8.4.0, Thu Dec 11 09:16:06 2025 IST <gamana@Samsung>
# name: iq
# type: matrix
# rows: 2048
# columns: 1
 0.99706007033948296
 0.81741217677477895
 0.2631763561998442
 -0.41166286191191009
 -0.89785314323009247
 -0.97259255895290297
 -0.71661680183738552
 -0.25876789299367536
 0.41582037352034329
 0.82263935911185238
 0.99631865342087256
 0.81211680656676566
 0.39913916364882279
 -0.27636844752632383
 -0.82522724334078956
 -0.99801622712169602
 -0.80944368883232731
 -0.24993486888935224
 0.42410929452530416
 0.90380080945259256
 0.96931587672916597
 0.59063151170131145
 -0.058716099949635919
 -0.56128938152206265
 -0.90574572222887484
 -0.96818318853898067
 -0.58694028909782114
 -0.08995968598691377
 0.43236283667164604
 0.83288742170822871
 0.99878506466934591
 0.88332189054261379
 0.3823247730738224
 -0.14437579056859726
 -0.74161405106639489
 -0.99899969140049327
 -0.79858297189933158
 -0.23220701116232156
 0.29823877688491174
 0.83790744708233544
 0.99359601208065884
 0.69395851144652154
 0.076307054549183448
 -0.44467530925009219
 -0.84039127412617853
 -0.99936643867810504
 -0.79305245980539629
 -0.22331365638335027
 0.30694400810481892
 0.75073460377554946
 0.99951855157608782
 0.79026236628191826
 0.36538281225045838
 -0.3112870671345041
 -0.8453062979285888
 -0.99195482049672057
 -0.68402937113825946
 -0.21440167295751505
 0.31562363430071849
 0.84773739218477961
 0.99976024002897124
 0.87014756089457157
 0.35686575795358699
 -0.17143145822393704
 -0.75971424992675674
 -0.98546104560661119
 -0.86788805486487475
 -0.49143957136519584
 0.023448947172842981
 0.65489389015789878
 0.98622665999936832
 0.86561044910871676
 0.48745724964467341
 -0.028014152610905268
 -0.53559388212582526
 -0.89229517179135864
 -0.99763417391420772
 -0.72525496053724303
 -0.27078809389396219
 0.40445193887085795
 0.81548838195195372
 0.99730982697147408
 0.72210331071667855
 0.11598518103835469
 -0.40862424436305445
 -0.81812296642813798
 -0.9969646812229912
 -0.71893660149723992
 -0.11144808692793674
 0.4127880280337809
 0.820740489024255
 0.99748783614430614
 0.81405635073808913
 0.25757478171841441
 -0.27316494175828576
 -0.82334089515210096
 -0.9962120225343184
 -0.81139558397687261
 -0.39800651997194264
 0.27755511442268971
 0.73008157988849232
 0.99809321681110275
 0.80871789563453389
 0.39381295355228096
 -0.1320303058023965
 -0.6206802229306233
 -0.9344826169515198
 -0.94713933381100757
 -0.5257592578226381
 -0.016413681660202538
 0.62425433944085562
 0.97885109125774172
 0.94566435559940187
 0.64608106957776812
 0.164494764015997
 -0.36343022125511892
 -0.78897579815913343
 -0.99226447206662238
 -0.91602919982827036
 -0.4506338234743309
 0.06966135126844894
 0.68914533015244894
 0.96288695422024306
 0.96538036905262048
 0.57802520069364793
 -0.074216236599828955
 -0.57407791745470427
 -0.91222008763525775
 -0.99338706034829882
 -0.79471385035233399
 -0.37216731045212564
 0.15521990264824989
 0.63888119294273482
 0.98253623478184693
 0.93936212190982626
 0.63156681724073349
 0.14585720244600886
 -0.5177438501891326
 -0.88261903416678134
 -0.99885772825792152
 -0.7395514844487685
 -0.29094148332762448
 0.2396276262838915
 0.80315574545163138
 0.99862910069091138
 0.73646992327589755
 0.13681547761836058
 -0.52553613306817071
 -0.88687569161064339
 -0.99837964680481783
 -0.82863699236744714
 -0.42546475484063667
 0.24848484721087891
 0.70916188232663657
 0.99578049057298412
 0.82607197240836805
 0.42132756391753479
 -0.2529057306336317
 -0.71237422369576531
 -0.97116471230884116
 -0.95637512183597873
 -0.67217172528928704
 -0.19861549143985219
 0.33089133571998847
 0.7671850584004416
 0.99998338686828148
 0.77452856646619817
 0.34174815640461548
 -0.18730375783299533
 -0.66359162882274891
 -0.9529437020089786
 -0.92769806037374358
 -0.60598684772426525
 -0.11356728084380324
 0.54532624471903801
 0.95431814982942342
 0.92598349239297739
 0.47330693411798463
 -0.1962676204535162
 -0.67039653886251627
 -0.98943902375805948
 -0.92424961311068343
 -0.59869625076160626
 0.048699420167262614
 0.67377805770053945
 0.95700731056670041
 0.97064466785397419
 0.59503218556979909
 -0.053260199497821945
 -0.55675851408126154
 -0.95832196740132169
 -0.92072406568307263
 -0.59135571103587237
 0.057819868091764065
 0.68049887040798596
 0.99133194181980266
 0.84787648216215594
 0.3158724996931519
 -0.21414548183765864
 -0.78729410116229492
 -0.99192158334645664
 -0.9171217121892673
 -0.58396584088904802
 0.066935492729034415
 0.68716291644317073
 0.99249053843869217
 0.91529182682589483
 0.58025259939119722
 -0.071491258666853949
 -0.69047347805072579
 -0.99303879523100436
 -0.91344285313471929
 -0.44491021868367014
 0.22750731161019144
 0.79566716792130066
 0.99920398154940382
 0.74484481718296036
 0.29848911345229245
 -0.37785819723066766
 -0.88104792251660446
 -0.9990113855659839
 -0.74178997201371843
 -0.29412747756966146
 0.38208240309828206
 0.80116634160787004
 0.99455926362965252
 0.90778178968163992
 0.56527940041679248
 -0.089698463358592009
 -0.58672791667811064
 -0.91847431573064442
 -0.95994232489362474
 -0.68134843078258478
 -0.05897792840350171
 0.4601648393334698
 0.92027078201715529
 0.99087861687119372
 0.78235290523988077
 0.35343597986706526
 -0.32342755649263732
 -0.8520769343569492
 -0.99025288698631997
 -0.67463479703646312
 -0.049858050913958639
 0.46825450996007534
 0.85445833872757682
 0.9999586319136059
 0.86376751051845613
 0.48425043128684137
 -0.031681480166081341
 -0.53868862145428353
 -0.95192840572335036
 -0.97460016917982983
 -0.72272407480947987
 -0.26725439117702826
 0.26350167441270839
 0.81760638753376536
 0.99708585282110707
 0.8956831742115805
 0.54196379738289779
 0.035571556033356613
 -0.60916879520417599
 -0.9291862464554993
 -0.98744908124580055
 -0.66058930444052788
 -0.03100736960251144
 0.61278402605769577
 0.97576054698524961
 0.9503098621214513
 0.65715397345424653
 0.17887579425213712
 -0.34979224499924849
 -0.77992273563746839
 -0.99034659876718778
 -0.92178678654374213
 -0.46361704105805235
 0.20701020294663866
 0.67849428688606228
 0.95884444852267436
 0.92000667565964611
 0.58987537054189443
 0.093574363747004757
 -0.56206438710514606
 -0.90614232899702107
 -0.96794835540191537
 -0.58618163086786612
 -0.089026719737560239
 0.43320729148554482
 0.83340547957469346
 0.99883078709797413
 0.88288239738496355
 0.51822332755886968
 -0.1453026379155623
 -0.63113212229248328
 -0.93916975144443327
 -0.98264038014960697
 -0.74929819892961036
 -0.15577362071694617
 0.50913589562750616
 0.8778591502797668
 0.99928678894029288
 0.74626616364846388
 0.15126103753606987
 -0.51306108690093866
 -0.94226744669384188
 -0.93966960834163338
 -0.50645805922721576
 0.15884334603799766
 0.64169944063822781
 0.98321230929285264
 0.87415755586709232
 0.50251506956987901
 -0.010687453590618137
 -0.52087928828453178
 -0.8843378293599633
 -0.9790877467046103
 -0.73707693247992045
 -0.13770473754745091
 0.38854253912744019
 0.88646056314994948
 0.99843033056584207
 0.82913921057920092
 0.42627703109202647
 -0.096668695913488034
 -0.59238255469116108
 -0.92122043032456113
 -0.9579572357211904
 -0.67620754372123348
 -0.051988018834646182
 0.59605557517882457
 0.97095028710678111
 0.95663700848568967
 0.55189735231150727
 -0.10575520508773301
 -0.599716164981694
 -0.97203288982183245
 -0.95529683067236215
 -0.66945072337818479
 -0.04286488531363869
 0.47442876563596731
 0.92646373697704298
 0.9885755490076189
 0.66605133590432475
 0.19053723674310338
 -0.47844386165224989
 -0.92817291142478686
 -0.98787691854701487
 -0.7692929668113283
 -0.18605220648153772
 0.48244897976528095
 0.86272877776806922
 0.99997523213711059
 0.76636729425171868
 0.18156329611815283
 -0.34723130615429604
 -0.86502901377401642
 -0.99993266392534941
 -0.8531522147574826
 -0.32537406714891443
 0.20433637786943065
 0.78106958064656473
 0.99059921561527775
 0.85076104151199938
 0.46199084520298667
 -0.20880459865101567
 -0.78391308801466753
 -0.99121359405864662
