# Created by Octave 8.4.0, Thu Dec 11 09:16:06 2025 IST <gamana@Samsung>
# name: iq
# type: matrix
# rows: 2048
# columns: 1
 0.99706007033948296
 0.71979445629436789
 0.11267528621267162
 -0.54607854638925091
 -0.89785314323009247
 -0.99669975492155383
 -0.71661680183738552
 -0.10813648706951674
 0.54989853666459632
 0.95593663795513129
 0.97152058492562143
 0.59797692748566744
 0.10359543274975808
 -0.55370705885596561
 -0.95726733173653833
 -0.92214954772219393
 -0.46444680927567056
 0.20609367790557251
 0.7821895192030589
 0.99983859538937303
 0.8498160331918907
 0.31935148523341417
 -0.35745931769917083
 -0.87046054131309936
 -0.99974612342018332
 -0.84740015524068646
 -0.45633896342313512
 0.21502232624927703
 0.78784732084417608
 0.99203506640327987
 0.84496660483630381
 0.31068310305869751
 -0.21947997054318219
 -0.79065160535126155
 -0.99949863300164543
 -0.75031465545842113
 -0.1572909121528088
 0.37022034837370582
 0.79343940089101905
 0.99314413982746996
 0.84004669004139421
 0.44410603043884272
 -0.076940660499172919
 -0.69441592225238924
 -0.99366761431796047
 -0.91120536368867255
 -0.44000974894806411
 0.081493026630829843
 0.58003896657922716
 0.96602170240438701
 0.96221736417247017
 0.56830211578808398
 0.067197185190656955
 -0.58375290518547418
 -0.91701713273622421
 -0.99195482049672057
 -0.78745579190865311
 -0.36112805074835524
 0.31562363430071849
 0.84773739218477961
 0.99976024002897124
 0.87014756089457157
 0.49541164415814748
 -0.17143145822393704
 -0.75971424992675674
 -0.98546104560661119
 -0.86788805486487475
 -0.35259602275589552
 0.17592877097638684
 0.76267586066973059
 0.98622665999936832
 0.93195438336710679
 0.48745724964467341
 -0.1804224147503094
 -0.65833821591201358
 -0.95079812180511336
 -0.93028888966230661
 -0.48346476204753758
 0.032578773816362379
 0.539444769141321
 0.89434751792973222
 0.99730982697147408
 0.8193268979110363
 0.26638918140600432
 -0.40862424436305445
 -0.89638121253194536
 -0.97336184318883701
 -0.60428893386840432
 0.041705882764596969
 0.5471127128822183
 0.89839621318548846
 0.9723046650902295
 0.60064404025869844
 0.10690866857780772
 -0.4169432030477333
 -0.82334089515210096
 -0.9962120225343184
 -0.71255826934013666
 -0.25315947834227942
 0.42108968274909531
 0.90236996494666444
 0.97012949938713156
 0.70934677942200919
 0.24873889534825208
 -0.42522738066342897
 -0.82849014143618427
 -0.99836468747738893
 -0.80602334155402411
 -0.24431312492717491
 0.42935621049938855
 0.8310388742053465
 0.99492723749659617
 0.70287948678186651
 0.088729646848843727
 -0.56608150866258033
 -0.96147972065093112
 -0.91626950319055256
 -0.45116892498574845
 0.069063291190749512
 0.68871079187901341
 0.99274916027192672
 0.91443069848484515
 0.44708871619852197
 -0.22513648186182605
 -0.69201463713126821
 -0.99328774666866293
 -0.91257282341007628
 -0.44299918341678873
 0.2295835999416955
 0.79695722784443679
 0.9991166292207766
 0.74342008274722193
 0.14704328265569405
 -0.51671768419502473
 -0.88205475945622291
 -0.99891430274812765
 -0.83437662218887998
 -0.43479248720976083
 0.08727402540234655
 0.58475517729333404
 0.96750494892858208
 0.90688516541326225
 0.56351882378034068
 -0.091822396004584819
 -0.58845363626893432
 -0.96864956132749536
 -0.90495140028534315
 -0.42654952096069493
 0.2473232668771092
 0.70831601739392114
 0.99566974524942542
 0.9029987624782646
 0.42241465133555023
 -0.25174551981506316
 -0.71153224829542616
 -0.9708781593802871
 -0.95672471421835015
 -0.67305898173588963
 -0.047727856211025217
 0.47013791499912905
 0.92462053990548931
 0.98929756382264267
 0.6696744790621979
 0.1953137511268089
 -0.3340674597427386
 -0.85791963886098022
 -0.99999712835420362
 -0.86037235870082118
 -0.47837805589467242
 0.038376812967765628
 0.544320815873372
 0.89692797491782272
 0.99686777156496353
 0.7180776501989149
 0.11022071766582678
 -0.41391256458337461
 -0.89893791293310132
 -0.97201528829675887
 -0.71489190435477024
 -0.10568068703210141
 0.55195984246030783
 0.95665883394443718
 0.9709323531193822
 0.59599540255201799
 -0.052062855347068573
 -0.6762627494820509
 -0.95797873356852581
 -0.92119127378302013
 -0.46225799891092795
 0.20850997879023689
 0.67961980944169464
 0.99117370235192137
 0.84851157913180664
 0.31700989307908162
 -0.3597649881427738
 -0.78655425392458278
 -0.99176877315027423
 -0.84608613658067455
 -0.45413979163061846
 0.21743384984906175
 0.78936608960874854
 0.99234316070105133
 0.84364304898011988
 0.45006643904843924
 -0.22188903003718435
 -0.68960567029937603
 -0.96305827746042616
 -0.91393015311384551
 -0.44598370037160123
 0.22633958274977731
 0.69290561951778085
 0.99342983857627187
 0.83870414279906091
 0.29963324743650882
 -0.23078541517096848
 -0.69619111825248092
 -0.99394210623815205
 -0.91018508076853288
 -0.43779040550849502
 0.083954516617641473
 0.5820491938319251
 0.96665714236557809
 0.96154190394317862
 0.56626805491499155
 -0.088504224464064266
 -0.58575655754957578
 -0.96781647784468805
 -0.96027759402617385
 -0.56249817485182096
 0.093052086562905839
 0.70596022788208712
 0.9689556295991556
 0.95899325760726251
 0.55871656394038915
 0.055615748970897251
 -0.46315219311821709
 -0.8514487414096451
 -0.99041917426645698
 -0.67551936160833204
 -0.051055531542802214
 0.59680504531265743
 0.92334638412697145
 0.98977821361547547
 0.6721450926597492
 0.19858023769046895
 -0.33092527949980316
 -0.76720813014383116
 -0.99998359356096644
 -0.77450581338902247
 -0.34171435165674641
 0.33523123234859892
 0.85855349636620693
 0.98843438090726554
 0.77160899093784663
 0.18962053229618869
 -0.33953019398050216
 -0.77303422290095891
 -0.99999420237146885
 -0.76869607665133255
 -0.3331165731995343
 0.34382207474108578
 0.86320055671283991
 0.99996822454106882
 0.76576713127802476
 0.18064500890849372
 -0.48725963289793067
 -0.93187230403273158
 -0.98626406674528522
 -0.76282221590084875
 -0.32449100642381107
 0.20525031513302944
 0.78165230057120128
 0.99985370711778099
 0.75986139193571056
 0.32016802718321224
 -0.35665433747669401
 -0.78449247009414003
 -0.99976516991314335
 -0.84785741041611973
 -0.31583837086749472
 0.36091700118885989
 0.87227827325576435
 0.98390863913020177
 0.75389226556300082
 0.3115021277713011
 -0.21863911513264539
 -0.79012366869238182
 -0.99249493772744457
 -0.9152773377329243
 -0.44896326668288683
 0.22309305307457292
 0.69049949695323709
 0.99304303144157402
 0.8405139096265194
 0.44487800434332442
 -0.22754233843116597
 -0.79568895580523324
 -0.99357041533358725
 -0.911560040491043
 -0.44078346411343738
 0.23198687841301074
 0.79844673726010085
 0.99407707840494408
 0.83553051314377103
 0.29409309824142682
 -0.23642658032957473
 -0.8011878671808883
 -0.99879619149963428
 -0.83301265145989167
 -0.28972528040331647
 0.24086135159133346
 0.80391228840154616
 0.99502820025237515
 0.9058416152480564
 0.42844503095117697
 -0.094281635200862468
 -0.59044887545154334
 -0.9202848559324579
 -0.99087376897307133
 -0.67797224287591074
 -0.206315126953376
 0.46424637458248541
 0.92206197873886553
 0.95733275789210193
 0.55389549791049986
 -0.10337033502096588
 -0.59779551949182408
 -0.92381987202654503
 -0.98960133224148428
 -0.67123017844748323
 -0.045260571589763085
 0.60145017929395483
 0.92555849913481369
 0.98893415006519447
 0.77372401677528169
 0.1928907708085881
 -0.47633674677478843
 -0.92727782380473955
 -0.95328385869712551
 -0.54243730608508978
 0.11698697975956758
 0.72280072311361832
 0.9746250013096236
 0.95189442639165989
 0.53859517740601048
 -0.12152110799605782
 -0.72594903784674225
 -0.9756370678062174
 -0.9504851424145031
 -0.65757863622301582
 -0.17943021069180032
 0.34926425570076991
 0.77956990968547879
 0.99990514541943798
 0.85201887790951236
 0.46411627841504299
 -0.054529300663180097
 -0.55781380844334583
 -0.95868429107753084
 -0.9692240719285522
 -0.59033032713295708
 -0.094135409971857764
 0.42857774099502766
 0.90590382562655769
 0.9680897328129594
 0.58663810134031158
 0.089588001646971172
