# Created by Octave 8.4.0, Thu Dec 11 09:16:06 2025 IST <gamana@Samsung>
# name: iq
# type: matrix
# rows: 2048
# columns: 1
 0.99706007033948296
 0.71979445629436789
 0.2631763561998442
 -0.41166286191191009
 -0.82003431881388944
 -0.99739959216031482
 -0.81477298767905471
 -0.40332217000396425
 0.27197672523161615
 0.72610466550790553
 0.9977183133033527
 0.81211680656676566
 0.25435403320662997
 -0.27636844752632383
 -0.72923708866562187
 -0.99801622712169602
 -0.80944368883232731
 -0.24993486888935224
 0.28075440618218883
 0.82779791753061049
 0.99549412439592866
 0.80675369022336518
 0.39074826631547099
 -0.13533214306748165
 -0.62328907253604104
 -0.93566355795921996
 -0.94606518067421075
 -0.5229222527763302
 0.13985542515412888
 0.73854284938133441
 0.97952724534565039
 0.88332189054261379
 0.5190242297318719
 0.0085158509884466927
 -0.63040525104876677
 -0.9388476181633828
 -0.98281373076484568
 -0.74991820004097443
 -0.30576841154300655
 0.37077718740857579
 0.8774101499200383
 0.99932172244443662
 0.74688936492934765
 0.30141723570001927
 -0.37501452045592854
 -0.87959183670055963
 -0.99914313223323781
 -0.74384495350793745
 -0.29705977382799137
 0.37924403260955986
 0.79932567724122838
 0.99894370498287544
 0.834726723741544
 0.29269611680139745
 -0.38346563566337838
 -0.80206146680018797
 -0.99471412193617259
 -0.83220329738643806
 -0.28832635562389775
 0.24227936376794221
 0.80478052944019018
 0.99848235643527605
 0.73461889791047752
 0.13410842343763146
 -0.39188476247376564
 -0.80748280845543519
 -0.99822044475942118
 -0.82710443109173448
 -0.42299056154802456
 0.25113046123705945
 0.71108558651626785
 0.99602750333649714
 0.82452909748853165
 0.4188481031914722
 -0.10482368684166825
 -0.59896632268215722
 -0.92437830773569063
 -0.98939008741680945
 -0.77568764392683509
 -0.34347161125692577
 0.18550142810862433
 0.76893472152711884
 0.99999540351778604
 0.77279742987957578
 0.19145671714048751
 -0.47762109668853364
 -0.85993281577640979
 -0.9880219015039563
 -0.66333931775948618
 -0.034674352783172553
 0.48162826828313782
 0.92951769366217263
 0.9514456324359305
 0.53736337067249562
 0.030110031711012196
 -0.48562539556399231
 -0.93119209952337212
 -0.98657129559318824
 -0.65647701852210572
 -0.025545082696878618
 0.61709316219078447
 0.9328470854580132
 0.94859455951793425
 0.65302529690071753
 0.17349680460094399
 -0.49358918395682855
 -0.86911238135537339
 -0.98503839069289045
 -0.64955995649615195
 -0.1689975465227028
 0.3591719908072325
 0.87136207831000456
 0.99970310675110219
 0.75511982966047653
 0.31327897070961552
 -0.36343022125511892
 -0.8735936030877316
 -0.98342331467676902
 -0.64258870869742002
 -0.15998855098596032
 0.36768087239880365
 0.79177346594786169
 0.99943886783086799
 0.74910065255297842
 0.15547900140922769
 -0.509392575397842
 -0.87800195033943063
 -0.98172620227317298
 -0.74606759889611551
 -0.30023946390148659
 0.37615908234565687
 0.79731920643367349
 0.99909125651850716
 0.83655675988810607
 0.43836165735905963
 -0.083321268984552388
 -0.58153233821740702
 -0.91592396357618688
 -0.96171624803204947
 -0.56679171182125632
 -0.065366737446402923
 0.5852413956952025
 0.91774726849180999
 0.96045472696749501
 0.68269004969697578
 0.060809116983152368
 -0.45853535123706013
 -0.84870900418237416
 -0.99979872672709624
 -0.86924208047228424
 -0.35515146651018259
 0.17323849331905522
 0.65282663806760977
 0.94851151593640592
 0.97699778963959916
 0.61729952884911965
 0.12776233975286863
 -0.39776589243916055
 -0.89105836659263005
 -0.99781828131895878
 -0.72713334434054777
 -0.27341723999365541
 0.25732133973037058
 0.71557170856524011
 0.99657709558577379
 0.89851137326958597
 0.41302690829119881
 -0.11118743406544458
 -0.71875427025180472
 -0.99694422685007722
 -0.81827376236426919
 -0.40886361669740878
 0.11572466422679378
 0.60771295218366916
 0.92850663698750324
 0.98773715340256729
 0.66196542496401622
 0.032840916452987139
 -0.61133329545709125
 -0.93019264499265608
 -0.95087934728715373
 -0.65853561950740669
 -0.18068038726057722
 0.34807306442268504
 0.86547908951437158
 0.98627000753600025
 0.65509208035033761
 0.17618695705555892
 -0.35235057260061453
 -0.86775773336314854
 -0.98550557398912264
 -0.7598847751608806
 -0.1716898524875731
 0.35662073253939414
 0.8700182802033074
 0.99976594875481661
 0.75690822893261911
 0.16718916734334063
 -0.49914612947357034
 -0.87226068289134251
 -0.99965672575733444
 -0.84544640193264708
 -0.45307123277109945
 0.21860401502443746
 0.79010162031504583
 0.99249053843869217
 0.84299868999530825
 0.44899540760658252
 -0.071491258666853949
 -0.57183861803164726
 -0.96338046964987745
 -0.91344285313471929
 -0.57652725677815253
 0.076045533660961007
 0.69376963989668572
 0.99356634228954255
 0.8380505755510308
 0.29848911345229245
 -0.37785819723066766
 -0.79842508030580706
 -0.9990113855659839
 -0.83555027623656908
 -0.43671209054113685
 0.08514923093521945
 0.58302375281096053
 0.96696348238648455
 0.90778178968163992
 0.43259932229274561
 -0.089698463358592009
 -0.58672791667811064
 -0.96811752088496095
 -0.90585685224972345
 -0.56150643275911605
 0.094245825128639826
 0.70680891937608892
 0.96925136938056977
 0.95865273487232627
 0.55772175493586962
 0.054418557105745877
 -0.46421451522251034
 -0.9220480561402048
 -0.99025288698631997
 -0.77950044137544672
 -0.20187974966664896
 0.32774544257114785
 0.76504373808146187
 0.9999586319136059
 0.77663172110021084
 0.19740496596936324
 -0.3320564935482308
 -0.85682192344726693
 -0.99998974295339804
 -0.77374680424103814
 -0.34058727400126604
 0.18851673627980456
 0.66451500356302839
 0.98826329219449338
 0.85912929147213657
 0.33629004696919496
 -0.34065773071631095
 -0.77379427491261488
 -0.99998940073362763
 -0.76792862176621013
 -0.33198580663880228
 0.19747842878373487
 0.67131238493471701
 0.95603558259739696
 0.97144062343148863
 0.71318786016985414
 0.10326002029297376
 -0.42027523032400022
 -0.82541765911308806
 -0.99803740086770543
 -0.80924562749002904
 -0.39463800471769866
 0.13114035477173422
 0.61997607397048027
 0.93416263098438557
 0.98519270874744136
 0.75869097778854966
 0.31846367064830305
 -0.21147582959131025
 -0.68184193980649765
 -0.99157128980546694
 -0.84690242494468848
 -0.31413140947528839
 0.36259370507354283
 0.78842387647310075
 0.99960698059496689
 0.75270942807255592
 0.16087467946475087
 -0.50468262234372585
 -0.93896368106054662
 -0.94295452778891731
 -0.63977318806970362
 -0.003612003576097977
 0.6342044204286742
 0.98138984345368674
 0.94142434045552237
 0.51090593409880236
 -0.00095470993008341055
 -0.51254640924252104
 -0.87975221252868729
 -0.98102139639313612
 -0.74361952882577431
 -0.29673775849055872
 0.37955604050049663
 0.88191419914391256
 0.99892815261664103
 0.74055846159663596
 0.14281988564772793
 -0.52036743992919077
 -0.88405779351868652
 -0.99870635429799859
 -0.83201627094256037
 -0.43094465135510163
 0.24260652398668919
 0.70487348511119874
 0.96857542285893772
 0.90507827123668394
 0.42681926135309134
 -0.096071982314009
 -0.70810545029073779
 -0.99564197502935825
 -0.90312686476827797
 -0.55619814582020222
 0.10061656235602887
 0.5955741004690619
 0.92275658720024012
 0.98999571220944627
 0.77835000768533547
 0.20008270023350191
 -0.32947804660705687
 -0.85540995045046719
 -0.98934103856410838
 -0.77547477392715181
 -0.34315488624227353
 0.18583278572983522
 0.76915027238281941
 0.99999636910856871
 0.86052432995207551
 0.47863994687511247
 -0.038078777750887242
 -0.54407059385501433
 -0.89679605440828325
 -0.97314664918583926
 -0.60354231895386923
 0.042641774270994789
 0.66928481552472607
 0.98922088721011936
 0.92482021438637707
 0.47060082853334229
 -0.19927645160890187
 -0.77783315318496116
 -0.9898792794040554
 -0.92307337556835656
 -0.59623486975544926
 0.051765004297932744
 0.67604300803596629
 0.95789314023449235
 0.96990183591888457
 0.5925624553559925
 -0.056325047540602191
 -0.55930560942458629
 -0.95919436693370819
 -0.96877974656918697
