# Created by Octave 8.4.0, Thu Dec 11 09:16:06 2025 IST <gamana@Samsung>
# name: iq
# type: matrix
# rows: 2048
# columns: 1
 0.99706007033948296
 0.8958330830115131
 0.54224716769547932
 -0.11721173552297842
 -0.72295709950342013
 -0.97467563508643473
 -0.95182505386520067
 -0.6608424346775631
 -0.18369847411188231
 0.34519391021604329
 0.86393738386991581
 0.99995550774600939
 0.85428309712852479
 0.46795651702564361
 -0.05019484965983146
 -0.67488367890591883
 -0.95744053896247205
 -0.9219174737612722
 -0.5938281674466025
 -0.098455644439192053
 0.42465213567830951
 0.90405720677398727
 0.99543709859296892
 0.70657032754456051
 0.093910099777458012
 -0.42878220469788947
 -0.90599964213760187
 -0.99499096351463112
 -0.70333136332568646
 -0.089362596629136537
 0.5655575416944385
 0.9613048499970458
 0.91652386521001739
 0.451735955545704
 -0.22006481733715735
 -0.68824991106358091
 -0.96255289322519511
 -0.9146877172569069
 -0.44765705097149988
 0.22451727661408843
 0.79380414593267479
 0.9932140410785969
 0.91283249357463192
 0.4435688105502032
 -0.22896505360363265
 -0.79657321781796253
 -0.99914313223323781
 -0.74384495350793745
 -0.14767181956608888
 0.37924403260955986
 0.88175517967331396
 0.99894370498287544
 0.834726723741544
 0.43536466339879998
 -0.23784618978820501
 -0.80206146680018797
 -0.99872344485238629
 -0.83220329738643806
 -0.43124892776542673
 0.091189587921087126
 0.70463424304951916
 0.96849149417710867
 0.95952171996815627
 0.56026686158099936
 -0.095736315726760557
 -0.59162761605977232
 -0.96961871794042342
 -0.95822557211480941
 -0.55647836159153252
 -0.052923454120163547
 0.5953031768677769
 0.97072572039354965
 0.90130275558293516
 0.4188481031914722
 -0.25554820013760671
 -0.71428904737035315
 -0.99642376475119299
 -0.82193656840597684
 -0.41469690979581653
 0.25996060960367884
 0.81548838195195372
 0.99679924583888657
 0.89730870389519868
 0.41053706793381189
 -0.11390231364833965
 -0.7206512132819296
 -0.97392517113889421
 -0.95284142018813345
 -0.54120910228613728
 0.11843811123967478
 0.60988050752199152
 0.92951769366217263
 0.9514456324359305
 0.6599150493749707
 0.030110031711012196
 -0.48562539556399231
 -0.86455865896230799
 -0.98657129559318824
 -0.76403033079695037
 -0.32625967769526004
 0.20341932760986636
 0.6757944842168484
 0.95779626121622063
 0.92143835717186395
 0.46282140941885924
 -0.055988358703845706
 -0.55902603440189202
 -0.95909896399592787
 -0.96886329631413692
 -0.58915019910744659
 0.06054731728429652
 0.68249837391928281
 0.99168720564712287
 0.91785140651800046
 0.45470586321335715
 -0.21681353546072546
 -0.78897579815913343
 -0.99958141038069237
 -0.75211808378384382
 -0.30893888111699319
 0.36768087239880365
 0.87580690915030124
 0.99943886783086799
 0.84152583106705137
 0.44655238580789536
 -0.074216236599828955
 -0.69244728475509543
 -0.96410949048091532
 -0.96417909475583619
 -0.69263648984203974
 -0.22597606066310341
 0.3043425181213476
 0.74892687579832318
 0.98253623478184693
 0.93936212190982626
 0.63156681724073349
 0.14585720244600886
 -0.5177438501891326
 -0.88261903416678134
 -0.97982756338423382
 -0.62801956676063164
 -0.14133781382581198
 0.38515923490199494
 0.80315574545163138
 0.99490081834697564
 0.83118473117740399
 0.42959307273497971
 -0.093016272330551625
 -0.58942264809752398
 -0.91978685548894856
 -0.99104428369290198
 -0.78312149655954333
 -0.35459098115184812
 0.17382890156623876
 0.65328064938898045
 0.94870123394978223
 0.93272554095342031
 0.48931833080765208
 -0.02588219217722993
 -0.65673136249930986
 -0.95013521478378304
 -0.97588306195568009
 -0.61322689374806227
 -0.12263677028153504
 0.53764773570711577
 0.89339135663213731
 0.99746389138161906
 0.82054778761189784
 0.41248085455083544
 -0.26231014103096068
 -0.81689469149932292
 -0.99699087892641325
 -0.89623167689417627
 -0.54300126175421182
 0.11632011949804706
 0.60818894308261728
 0.92872907541750638
 0.98764337777544187
 0.76833551042733583
 0.18458087970620446
 -0.34435119791359259
 -0.77627848657789622
 -0.99996357337194397
 -0.8547494142055011
 -0.32827496664948513
 0.20133072302999203
 0.67422093032950037
 0.95718103297928936
 0.92226488106604565
 0.4647109219745772
 -0.053858842967806686
 -0.55725640660196163
 -0.95849306770997056
 -0.96938914977365198
 -0.59087215830261441
 -0.094803851535846084
 0.56104251634036995
 0.90561927580781421
 0.99508030675147618
 0.80422416227931737
 0.24137044093779028
 -0.28922317330342556
 -0.83272231867054769
 -0.99461749973571056
 -0.80150166398294964
 -0.38260035040052293
 0.29359168982388884
 0.83524217854793459
 0.99898630995653037
 0.88131293286243484
 0.51537099862649982
 -0.14859820973695104
 -0.74447068927212035
 -0.99918146344262382
 -0.79600657878331471
 -0.22805311276076412
 0.30231026340349926
 0.84022958941548398
 0.99935577909015838
 0.79323410647955839
 0.36990706793053491
 -0.15762392656564658
 -0.640751777342628
 -0.98298621900666272
 -0.87475664689714616
 -0.50358240926045261
 0.16213190117196896
 0.75354752302614569
 0.99964188276285504
 0.7876395915612161
 0.36140616065792164
 -0.31534061241499911
 -0.75654178775331737
 -0.98462282033713611
 -0.93533258351264548
 -0.49567070227032711
 0.1711376127035914
 0.75952027487028451
 0.99984459710808049
 0.78197937237721382
 0.35287510517200593
 -0.1756351618155684
 -0.6546684648538259
 -0.94927965275571025
 -0.93206248124107138
 -0.48771764682609792
 0.18012904807224545
 0.65811368479322485
 0.98692367569994355
 0.86346527092844227
 0.48372582062468594
 -0.18461917775397735
 -0.66154517983159566
 -0.98764948397803776
 -0.86115278299169851
 -0.47972390636529832
 0.036844666524188871
 0.54303398381073864
 0.95349821657310452
 0.927011630027469
 0.60452654479767098
 0.11174447715168292
 -0.41251635255096947
 -0.82057006009937994
 -0.99662327774818193
 -0.71596315269290456
 -0.10720520770894533
 0.41667209244439368
 0.90026267422724404
 0.99623791357870883
 0.7127674959659509
 0.25344800457390221
 -0.27726856730996369
 -0.72987773309544224
 -0.99807476284720509
 -0.80889329122735509
 -0.24902776357974482
 0.28165333242019913
 0.82832308169498958
 0.99834759313094301
 0.88713452455363617
 0.52601293859388787
 -0.13626019091424113
 -0.62402130994424754
 -0.93599371140445042
 -0.98429381264154236
 -0.64630868821834453
 -0.012145651834448228
 0.62758326021428712
 0.937591508117257
 0.9834773515609383
 0.75231460766495706
 0.30922253061480248
 -0.36740349485673862
 -0.79159125323554325
 -0.99278532689831345
 -0.84168691506239712
 -0.30487641615082528
 0.37164698154682685
 0.79437348885950676
 0.99332254714470691
 0.9124495962882887
 0.57453679467265428
 0.074775215262529449
 -0.44605077170474
 -0.9139605657447335
 -0.96303809447365774
 -0.68955139938468246
 -0.070220514796892591
 0.58128967641094287
 0.91580421836135173
 0.9617979407123759
 0.56703740584683626
 -0.087574122713836813
 -0.58499952832103697
 -0.96758107690326767
 -0.90675818387122842
 -0.43040359453384869
 0.24318807400921305
 0.7052986063965454
 0.96872435743671836
 0.9592574848456541
 0.55949071521347771
 0.056548006847429534
 -0.46232444854239274
 -0.85095868832108312
 -0.99054768434094775
 -0.67620754372123348
 -0.20396811198397719
 0.32572976269335335
 0.85334839777662097
 0.98991094582936878
 0.67283614951806536
 0.047426946616486047
 -0.47040377545094553
 -0.92473524121230355
 -0.98925356281503807
 -0.77509612064586564
 -0.34259172321987774
 0.33435138821937543
 0.85807437771197825
 0.9999978049301983
 0.86021878240829364
 0.47811348964640238
 -0.038677840047918133
 -0.66633189017258843
 -0.95404952230694451
 -0.97300847688999603
 -0.7178679582477433
 -0.26050183327781062
 0.27024845737164843
 0.821617169620253
 0.9964709716330199
 0.71468122685808155
 0.25609008430907576
 -0.27464242069930522
 -0.72800731316679657
 -0.97629031191740334
 -0.94954933444649325
 -0.65531739615156448
 -0.17648053678270462
 0.49095131665198877
 0.86760946666219851
 0.99985936800275266
 0.76007862319274933
 0.1719836693261251
 -0.49492465190025109
