# Created by Octave 8.4.0, Thu Dec 11 09:16:06 2025 IST <gamana@Samsung>
# name: iq
# type: matrix
# rows: 2048
# columns: 1
 0.99706007033948296
 0.71979445629436789
 0.11267528621267162
 -0.54607854638925091
 -0.89785314323009247
 -0.99669975492155383
 -0.81477298767905471
 -0.25876789299367536
 0.41582037352034329
 0.89985447880301794
 0.97152058492562143
 0.59797692748566744
 0.10359543274975808
 -0.55370705885596561
 -0.95726733173653833
 -0.9704283499248888
 -0.710216724570086
 -0.099052217956670074
 0.55750403353697353
 0.95857806179479299
 0.96931587672916597
 0.70699443523279637
 0.24551049220311386
 -0.42824053105714127
 -0.90574572222887484
 -0.96818318853898067
 -0.7037574015908532
 -0.08995968598691377
 0.56506302386814056
 0.96113952181813156
 0.96703030897644238
 0.70050569115229744
 0.23664647091041779
 -0.29387678624149521
 -0.83540614555488213
 -0.99899969140049327
 -0.79858297189933158
 -0.37810102247061
 0.29823877688491174
 0.83790744708233544
 0.99919348408392272
 0.87900365099550504
 0.51119579255227765
 -0.15340739435657474
 -0.63746884165893469
 -0.98219323712585571
 -0.87681701130020206
 -0.50726554167848714
 0.15791844437680813
 0.75073460377554946
 0.98304095823534621
 0.87461208566586512
 0.36538281225045838
 -0.3112870671345041
 -0.75374355922055913
 -0.98386817811504812
 -0.93683411263050442
 -0.62589100331904679
 0.014317164436864309
 0.52397452491172358
 0.8860266541137356
 0.97834281697030223
 0.73461889791047752
 0.13410842343763146
 -0.39188476247376564
 -0.88813469650019505
 -0.99822044475942118
 -0.82710443109173448
 -0.27956888546549696
 0.39608211065021354
 0.81016824749014416
 0.99793771528696562
 0.82452909748853165
 0.4188481031914722
 -0.25554820013760671
 -0.71428904737035315
 -0.9718124784500537
 -0.95557335273441868
 -0.67014628176077173
 -0.043800730362636646
 0.60261697710835183
 0.97287896944569174
 0.89730870389519868
 0.41053706793381189
 -0.26436759761487083
 -0.81812296642813798
 -0.99715393876895353
 -0.81670014042814298
 -0.40636866435859498
 0.11843811123967478
 0.72380978565701937
 0.97495106171121826
 0.9514456324359305
 0.53736337067249562
 -0.1229714388149704
 -0.61349323202917039
 -0.93119209952337212
 -0.95003000237158464
 -0.53350643239463069
 -0.025545082696878618
 0.61709316219078447
 0.97694182433784282
 0.94859455951793425
 0.65302529690071753
 0.17349680460094399
 -0.35490626986012647
 -0.78333115921436058
 -0.99980395440413061
 -0.84884768600070171
 -0.31761252689779229
 0.21235319707962388
 0.68249837391928281
 0.96038166485395848
 0.91785140651800046
 0.45470586321335715
 -0.21681353546072546
 -0.68582900348661102
 -0.99226447206662238
 -0.91602919982827036
 -0.4506338234743309
 0.06966135126844894
 0.68914533015244894
 0.99282104490079037
 0.84152583106705137
 0.30459234863209911
 -0.22572055441760619
 -0.79455462137295907
 -0.99927548207434191
 -0.74606759889611551
 -0.15096620933205945
 0.37615908234565687
 0.88017868087772855
 0.9808469264002444
 0.74301898606732286
 0.14645026886832396
 -0.51723086013975772
 -0.88233705536967755
 -0.97994719505386085
 -0.73995487764514356
 -0.141931274197549
 0.38460591340230282
 0.88447702880257373
 0.97902702699783795
 0.62492735376650566
 -0.01555200480670464
 -0.5250259978964078
 -0.94686250148140771
 -0.97808644142219958
 -0.73378042994926174
 -0.13288449926953011
 0.39302066094081484
 0.88870159436007923
 0.9981460396596723
 0.82640968317723063
 0.27838293835848393
 -0.39721578392478346
 -0.89078609838175804
 -0.99785768142665632
 -0.82382969408846374
 -0.2739938510167535
 0.40140262300969998
 0.81355553479764497
 0.99652735636496814
 0.82123252410635128
 0.4135728135876256
 -0.26115292972931092
 -0.8162025324656873
 -0.99721854071469085
 -0.72124842059896455
 -0.26519862563593694
 0.26555843582412669
 0.72150687115320833
 0.99724628636823809
 0.89473272591303799
 0.40523994382358991
 -0.11966430631801073
 -0.6108587542280044
 -0.92997241689742438
 -0.98710999648029529
 -0.76617566150442962
 -0.32940729198072294
 0.20015612234780542
 0.77839705386729208
 0.99992915833028506
 0.85299658942327106
 0.46577226419855994
 -0.20462832907820289
 -0.67670425882568808
 -0.95815052266696876
 -0.9696828445732264
 -0.70805253408118418
 -0.24696165236387882
 0.42688702935371275
 0.90511013570477716
 0.96855678155907665
 0.70482032713478615
 0.091450774980200711
 -0.56382707900378393
 -0.9607251061180615
 -0.9674105193813286
 -0.70157342122455979
 -0.23810093781279595
 0.43512852706753002
 0.90895566155885299
 0.96624408194516875
 0.58074075304553097
 0.082351916843145981
 -0.43923570699769482
 -0.83708928455909648
 -0.99376407532853228
 -0.69503578367345586
 -0.077799864163606514
 0.44333372670715848
 0.91272536305760776
 0.96385077902166005
 0.5732812025212044
 0.073246188974974799
 -0.44742250073204154
 -0.84205089924673893
 -0.99270423190419643
 -0.7911789548115935
 -0.22032066295107569
 0.45150194380135911
 0.84450539102537403
 0.99960907857219627
 0.87311982178659209
 0.50067003238648233
 -0.16545413114529683
 -0.75575715845970359
 -0.99972633443905379
 -0.87088442248734499
 -0.35826403244495147
 0.31853470610870327
 0.75873979406764036
 0.98520555414963917
 0.93413588692046379
 0.49274300226057965
 -0.021952071972139286
 -0.53046318017922212
 -0.9489019627736488
 -0.97673368626990587
 -0.72941653362923886
 -0.27662050554376355
 0.2541003676522241
 0.7132403876757174
 0.99629613438374887
 0.82278845535517475
 0.27222911179731163
 -0.40308215197583813
 -0.89367668162933689
 -0.99741846053125105
 -0.72313828409462411
 -0.11747220654559611
 0.54202677389073506
 0.9531361518906446
 0.9274606306198625
 0.47676629402108173
 -0.040209878126289261
 -0.66747436862954301
 -0.98886154633826362
 -0.85709227829338019
 -0.33255124967947286
 0.34438496802205415
 0.77630116135875893
 0.99996326570703487
 0.76538144192408231
 0.18005533533182599
 -0.34866873046273772
 -0.77917174513612353
 -0.99017968862934225
 -0.92225097586733729
 -0.59452133364708126
 0.053894760962600277
 0.55728627378607698
 0.90368853347506051
 0.96938031739622599
 0.59084313838376756
 -0.058454267456547186
 -0.5610722916725851
 -0.90563452989963877
 -0.99507674247845379
 -0.70394371380501819
 -0.24133553407346375
 0.43212632130727791
 0.90756163939843948
 0.96709706904209614
 0.58344985888275414
 -0.067569528206502957
 -0.68762445181076515
 -0.9623189105935428
 -0.96592517977336534
 -0.69742736225788915
 -0.081121071009057535
 0.57235982405592067
 0.96355067000154482
 0.91318405167090688
 0.44434101396041331
 -0.22812607540270893
 -0.69422716638980897
 -0.99363811013704684
 -0.83770369636441011
 -0.44024526209659331
 0.23256998554265645
 0.69750684096234183
 0.96595387926357601
 0.90942370387819937
 0.56851790791858747
 0.06745887302961201
 -0.58353992932414578
 -0.96712527899890954
 -0.90751506135436888
 -0.43202630015226667
 0.24144316256866286
 0.70402248268821932
 0.96827650942448973
 0.90558749268644834
 0.56098048206683471
 -0.0948784517431875
 -0.7072583139584484
 -0.99552944227673668
 -0.90364103807373131
 -0.55719418098604745
 0.099423567006865637
 0.71047939542087601
 0.99595039469239666
 0.90167573810932744
 0.41963049864871899
 -0.10396660880109514
 -0.59827600357194244
 -0.92404921256713268
 -0.98951492330857693
 -0.77623124422519763
 -0.34428084209006543
 0.18465452954925485
 0.6615721536763477
 0.95212287234456894
 0.9287012888662467
 0.60812945617068503
 -0.036880612315026831
 -0.54306418805411272
 -0.89626491584420609
 -0.97342194446667962
 -0.7191188832853358
 -0.11170873212366551
 0.41254911937971112
 0.82059061821265755
 0.99662032358932839
 0.81420865299611456
 0.25782820598727979
 -0.27291262473125366
 -0.82319200887121757
 -0.99778351204304205
 -0.81154885978959945
 -0.25341320863550165
 0.42085177261292628
 0.82577623193527505
 0.99807699315903253
 0.80887214180542977
 0.39405402806044376
 -0.13177031438553685
 -0.73301628836640964
 -0.97785179306862535
 -0.88711792332171879
 -0.38985271803506466
 0.28606669089249703
 0.83089296006415125
 0.99495358820281887
