# Created by Octave 8.4.0, Thu Dec 11 09:16:06 2025 IST <gamana@Samsung>
# name: iq
# type: matrix
# rows: 2048
# columns: 1
 0.99706007033948296
 0.81741217677477895
 0.2631763561998442
 -0.41166286191191009
 -0.89785314323009247
 -0.99669975492155383
 -0.81477298767905471
 -0.25876789299367536
 0.27197672523161615
 0.72610466550790553
 0.9756866937503218
 0.95041478686084535
 0.65740811854692949
 0.17920756624578818
 -0.34947630729317497
 -0.86622816469789188
 -0.99990200276958874
 -0.85190037886372305
 -0.46391580451806957
 0.20668027481499857
 0.78256289391760381
 0.99092400356524601
 0.92013878115657166
 0.45986541708857864
 -0.2111462234393818
 -0.78539783471713998
 -0.99152754231630602
 -0.91834089914126482
 -0.58645480711822251
 -0.089362596629136537
 0.43290333150358423
 0.90792318296106844
 0.966877464742528
 0.58274974275466684
 -0.068429320412764685
 -0.56931784686309095
 -0.96255289322519511
 -0.96570177215863195
 -0.69680949900727573
 -0.23162385210571532
 0.44111841487869557
 0.91171342092136254
 0.99352809498320716
 0.7954628564466879
 0.37331329069111102
 -0.1539997744139284
 -0.74810794332050845
 -0.98230569151471603
 -0.93978491259906771
 -0.50674880414080337
 0.15851039745388298
 0.64144077042886694
 0.98315072229002243
 0.87432127497765744
 0.36482469394694789
 -0.1630177147739201
 -0.64493753308863866
 -0.94517646960071533
 -0.93662425339424948
 -0.62542333140588668
 0.014916604353269872
 0.64842084563481195
 0.94665791726123827
 0.93501460739056352
 0.49489079104069511
 -0.17202205632633658
 -0.65189063542320946
 -0.94811962245698522
 -0.97726040292067717
 -0.73110392955089265
 -0.12898709931501984
 0.53223945734323408
 0.94956155470422277
 0.97628187600863758
 0.61467493103747084
 -0.028613416223251562
 -0.65878935756162205
 -0.95098368393158716
 -0.97528298882685538
 -0.61106639304019938
 -0.11992470052882938
 0.53994946709703096
 0.95238598048070489
 0.97426376220703059
 0.72168845298289652
 0.26581129234256295
 -0.40917133979595066
 -0.89664680196432855
 -0.99691782759704184
 -0.81635404255404231
 -0.40582081906933309
 0.26934646894041164
 0.82108283884711719
 0.99753012452978629
 0.89297011361220469
 0.53685768197021277
 0.029510794185211624
 -0.48614937486377335
 -0.86485977345968701
 -0.99993652039743985
 -0.76364340535372321
 -0.17740248146386889
 0.49013503876520476
 0.86714330313380428
 0.99987463852894498
 0.76068700266561096
 0.17290636130483472
 -0.49411048094498033
 -0.86940874861318307
 -0.99979190436578935
 -0.84853061319897349
 -0.31704400784765441
 0.21293898995673863
 0.68293642097259744
 0.96054856688459667
 0.96757123444803605
 0.70202611666406234
 0.087535304603103034
 -0.56706950284859436
 -0.96180860780868604
 -0.96640760301753192
 -0.58125796803355856
 0.070259386309538652
 0.570825047935834
 0.91058754221140992
 0.99383473207418238
 0.69549253346794615
 0.078433396498033117
 -0.4427640257093759
 -0.83923346343101557
 -0.99331805066669221
 -0.69220395107927979
 -0.22539202357372476
 0.3049135284973839
 0.74932400408618116
 0.9826476087243925
 0.93915636712574746
 0.6311018954839811
 -0.0076181230326295875
 -0.64284705468316239
 -0.98348440519464564
 -0.87342944275046142
 -0.36311603830396288
 0.31359919855606849
 0.75534086434437631
 0.99971126661039378
 0.78595322204321882
 0.35885725169557425
 -0.3179322687123336
 -0.75832569691438723
 -0.99981057464028267
 -0.86894553749697701
 -0.49329587643068734
 0.02131674650624427
 0.52992437655048663
 0.88925068386053163
 0.9768697701985396
 0.61682777125465127
 -0.02588219217722993
 -0.65673136249930986
 -0.98662631820244562
 -0.86438914550077395
 -0.48533058049533734
 0.18281592046248438
 0.7671850584004416
 0.98736039633053196
 0.86208388551710813
 0.48133270865788846
 -0.035011369006196995
 -0.54149263660292424
 -0.89543376711611222
 -0.99712845815410922
 -0.81792900324223472
 -0.40831643863066625
 0.11632011949804706
 0.60818894308261728
 0.97447448285525728
 0.95209995995565033
 0.53916079132880979
 0.032241729992935481
 -0.61180761696994546
 -0.93041253877199881
 -0.95069359293406575
 -0.65808434474469002
 -0.18009071757344439
 0.48775166536439363
 0.93207659845760404
 0.94926739928405801
 0.53144619835735418
 0.023111817585558577
 -0.49173323310941108
 -0.93372121977050349
 -0.98540369521650351
 -0.75949492640487548
 -0.31963410662009878
 0.21026862166832103
 0.68093803410804288
 0.99141052713344413
 0.84755847652366645
 0.31530363260875299
 -0.36144249425195224
 -0.87255370827168033
 -0.99964083922039459
 -0.75352190530558161
 -0.16209344886943333
 0.36569669609986438
 0.87477552854699847
 0.99950803184176107
 0.75051179158575143
 0.15758544581541206
 -0.50755612643698156
 -0.94010464142229133
 -0.94184008705436228
 -0.51196717669537917
 0.15252020218339782
 0.74711355698670412
 0.99933408385256284
 0.79359901194327176
 0.22418865208546143
 -0.30608946424582323
 -0.84237411919693606
 -0.99263176838203893
 -0.68800522698678646
 -0.068092886001361541
 0.45203678212348919
 0.8448263018309673
 0.99206806997202313
 0.78800882612502365
 0.36196507827028734
 -0.31477163936862168
 -0.84726086568929992
 -0.99148368207262383
 -0.68134843078258478
 -0.21081659327632549
 0.31910292536187457
 0.75913017088655255
 0.99983384877874237
 0.86833367476890355
 0.49222124044383364
 -0.17504494541054377
 -0.65421517251090366
 -0.94909097831870182
 -0.93227951256782382
 -0.61585525207328862
 0.027116736590217863
 0.65766218888049544
 0.98682686534507946
 0.93061783695940536
 0.61225090867551668
 0.12141102097190457
 -0.40363072384035797
 -0.81496845536821072
 -0.99672707261570836
 -0.81984127578264621
 -0.26725439117702826
 0.4078046943816232
 0.89598288993909425
 0.99703417447419029
 0.81721787306131521
 0.26285100805909306
 -0.26790424016846759
 -0.72319004198412096
 -0.97475099015488875
 -0.95172159376741927
 -0.53812027829209996
 -0.03100736960251144
 0.61278402605769577
 0.97576054698524961
 0.89158429610588674
 0.5342655367518574
 -0.12661172060870704
 -0.61638647735605456
 -0.93252327229805121
 -0.98596540036085667
 -0.76165805010351362
 -0.32278929029045333
 0.35406681205242768
 0.86866798729944894
 0.98519270874744136
 0.65024226875192148
 0.16988232258226452
 -0.35833399507441271
 -0.87092125115799168
 -0.9997245785693325
 -0.75570808304221859
 -0.31413140947528839
 0.21593704592681448
 0.68517537297528308
 0.9613976952714075
 0.91638893144898803
 0.58247566642925475
 -0.068765747042522973
 -0.56959504976055142
 -0.96264425706104728
 -0.9656141565470755
 -0.57875755451358868
 -0.079925956665632389
 0.44142102839570441
 0.83841835543494314
 0.99923065939848654
 0.8785566208718506
 0.51039048674775866
 -0.15433296388685006
 -0.63819028610314688
 -0.94226744669384188
 -0.98090497658196985
 -0.74321856505431882
 -0.14674529982003906
 0.38011061459907602
 0.88219665278495163
 0.99890022348249063
 0.83421053650119825
 0.29180028695165083
 -0.38433058445293944
 -0.80262056584572172
 -0.99480987132116694
 -0.90675818387122842
 -0.56326993400177106
 -0.06110681555664401
 0.45827028031251482
 0.84855123219946904
 0.99116376507064319
 0.67956483567759041
 0.056548006847429534
 -0.59238255469116108
 -0.96984743531178053
 -0.9579572357211904
 -0.55569982829719711
 0.10121300589464162
 0.59605557517882457
 0.92298746017821198
 0.95663700848568967
 0.55189735231150727
 -0.10575520508773301
 -0.71494430161629696
 -0.97203288982183245
 -0.95529683067236215
 -0.66945072337818479
 -0.19501829336789572
 0.47442876563596731
 0.92646373697704298
 0.95393673023051972
 0.54425795057319359
 0.038301930067534518
 -0.60699974742872231
 -0.92817291142478686
 -0.98787691854701487
 -0.6626380579904444
 -0.18605220648153772
 0.34294512241960362
 0.86272877776806922
 0.99997523213711059
 0.76636729425171868
 0.18156329611815283
 -0.48644403644873635
 -0.86502901377401642
 -0.99993266392534941
 -0.8531522147574826
 -0.32537406714891443
 0.35151024841164807
 0.78106958064656473
 0.99986924220881324
 0.76046806291977498
 0.32105246423163464
 -0.20880459865101567
 -0.78391308801466753
