# Created by Octave 8.4.0, Thu Dec 11 09:16:06 2025 IST <gamana@Samsung>
# name: iq
# type: matrix
# rows: 2048
# columns: 1
 0.99706007033948296
 0.71979445629436789
 0.2631763561998442
 -0.41166286191191009
 -0.82003431881388944
 -0.99739959216031482
 -0.89379434027545168
 -0.53840448048633571
 -0.031344426666491253
 0.48454544831307755
 0.9307412043625467
 0.98677225365717247
 0.7648265315825612
 0.17920756624578818
 -0.48853519495787168
 -0.86622816469789188
 -0.98602164326815445
 -0.65396009222976592
 -0.17471292102219657
 0.49251475324559779
 0.86850088041626661
 0.985250469487432
 0.75891061748844191
 0.17021463217652491
 -0.35801914740060525
 -0.87075548362775734
 -0.98445874839776404
 -0.64702319695337762
 -0.013082302230897626
 0.62685369828083859
 0.93726536135324057
 0.98364649651042202
 0.75293139567673473
 0.1612074989385934
 -0.36653212183670031
 -0.79101851933410983
 -0.99947947189198894
 -0.74991820004097443
 -0.15669884238927639
 0.37077718740857579
 0.79380414593267479
 0.9932140410785969
 0.91283249357463192
 0.57530323197111466
 -0.077538373483401396
 -0.69484718481991314
 -0.9649887322131383
 -0.91095823285371369
 -0.5715619408474234
 0.082090521919315831
 0.58052721149389108
 0.96617647717373156
 0.90906497418168908
 0.43536466339879998
 -0.23784618978820501
 -0.80206146680018797
 -0.99471412193617259
 -0.83220329738643806
 -0.28832635562389775
 0.38767924157623307
 0.8860266541137356
 0.99848235643527605
 0.73461889791047752
 0.13410842343763146
 -0.39188476247376564
 -0.80748280845543519
 -0.99822044475942118
 -0.82710443109173448
 -0.42299056154802456
 0.10028104696026842
 0.71108558651626785
 0.99602750333649714
 0.82452909748853165
 0.27518135912083291
 -0.25554820013760671
 -0.71428904737035315
 -0.9718124784500537
 -0.89931510730645936
 -0.54886662494658134
 0.10936414063460427
 0.71747761179131575
 0.97287896944569174
 0.89730870389519868
 0.41053706793381189
 -0.26436759761487083
 -0.81812296642813798
 -0.99715393876895353
 -0.81670014042814298
 -0.40636866435859498
 0.11843811123967478
 0.60988050752199152
 0.97495106171121826
 0.89323979943204135
 0.40219178600183031
 -0.1229714388149704
 -0.61349323202917039
 -0.9759566197678079
 -0.95003000237158464
 -0.53350643239463069
 0.12750220183209923
 0.61709316219078447
 0.97694182433784282
 0.94859455951793425
 0.65302529690071753
 0.020979600942368393
 -0.6206802229306233
 -0.9779066548749713
 -0.94713933381100757
 -0.64955995649615195
 -0.1689975465227028
 0.3591719908072325
 0.87136207831000456
 0.99970310675110219
 0.75511982966047653
 0.31327897070961552
 -0.21681353546072546
 -0.68582900348661102
 -0.96164433703970265
 -0.96656151042960048
 -0.58174569153089484
 -0.083582637076471816
 0.57033270963107596
 0.96288695422024306
 0.96538036905262048
 0.6959231720412592
 0.079031039481038554
 -0.44222640802835655
 -0.91222008763525775
 -0.99338706034829882
 -0.79471385035233399
 -0.22597606066310341
 0.3043425181213476
 0.74892687579832318
 0.99943004815055925
 0.87593347296118218
 0.5056837509888833
 -0.15972964099951256
 -0.6423877224089799
 -0.94408321150734609
 -0.97982756338423382
 -0.7395514844487685
 -0.14133781382581198
 0.52164543106267169
 0.94557904321004638
 0.97890471388091427
 0.62445921898958623
 0.13681547761836058
 -0.38936960356123135
 -0.80586807279352213
 -0.99535103343762399
 -0.82863699236744714
 -0.42546475484063667
 0.097562209492346161
 0.70916188232663657
 0.970065839412798
 0.95769927327928239
 0.55495322438255723
 -0.10210611200314788
 -0.71237422369576531
 -0.97116471230884116
 -0.90050656061068934
 -0.55114847945818168
 0.106647885100269
 0.71557170856524011
 0.97224333165312371
 0.89851137326958597
 0.41302690829119881
 -0.11118743406544458
 -0.71875427025180472
 -0.99694422685007722
 -0.89649744755550087
 -0.54350458674249169
 0.11572466422679378
 0.60771295218366916
 0.92850663698750324
 0.95228310934829397
 0.53966559836386452
 0.032840916452987139
 -0.48323515238183556
 -0.86318239617788683
 -0.99996851064241199
 -0.85506042765754497
 -0.32884118840868792
 0.34807306442268504
 0.86547908951437158
 0.99992184282293362
 0.76284547406125769
 0.32452503005875494
 -0.35235057260061453
 -0.86775773336314854
 -0.99985432172435307
 -0.85028888000473257
 -0.32020210376883135
 0.20968248266632986
 0.78447016306265849
 0.99976594875481661
 0.84787648216215594
 0.4571376091762453
 -0.062378330857600917
 -0.68383802411548178
 -0.96089129691787012
 -0.9171217121892673
 -0.58396584088904802
 0.066935492729034415
 0.68716291644317073
 0.96214591601666388
 0.96608945909027666
 0.58025259939119722
 -0.071491258666853949
 -0.57183861803164726
 -0.96338046964987745
 -0.96490022720293422
 -0.57652725677815253
 0.076045533660961007
 0.57557902585817122
 0.96459493207099567
 0.9115748296758901
 0.57278989074160702
 -0.080598222732407257
 -0.57930743003644081
 -0.96578927795253033
 -0.96246141992976164
 -0.68800522698678646
 -0.21973585073413712
 0.31043378884142714
 0.7531532776590677
 0.98370717741206704
 0.93714774717803118
 0.62659092130276683
 -0.013419493606462329
 -0.52320966358971066
 -0.88561006608120318
 -0.99853139581912675
 -0.83016336776258803
 -0.28481127142188473
 0.24583737821367846
 0.80695290413982168
 0.99827357730354438
 0.82760868059582926
 0.28043073238907928
 -0.39525761693508338
 -0.88981490952982212
 -0.97660494362994621
 -0.61585525207328862
 0.027116736590217863
 0.534835532261557
 0.89188951756697665
 0.99769548936931174
 0.7258727564103723
 0.12141102097190457
 -0.40363072384035797
 -0.81496845536821072
 -0.99737523200663469
 -0.81984127578264621
 -0.41135551681729121
 0.26350167441270839
 0.72002850987141109
 0.97372110498126263
 0.95311347734608709
 0.54196379738289779
 0.035571556033356613
 -0.60916879520417599
 -0.97475099015488875
 -0.95172159376741927
 -0.66058930444052788
 -0.03100736960251144
 0.61278402605769577
 0.97576054698524961
 0.89158429610588674
 0.39882994629126045
 -0.27669251862572475
 -0.82541765911308806
 -0.99588627415353737
 -0.80924562749002904
 -0.24960833620042683
 0.28107804804847464
 0.82798706032986946
 0.99831296397730396
 0.88741104275028515
 0.39043783300440948
 -0.28545771561406558
 -0.83053919395180253
 -0.99856770736082057
 -0.80384632102063036
 -0.38622951874564443
 0.28983142998495609
 0.83307400675438814
 0.99455145437254244
 0.70026499464550118
 0.085074564858861945
 -0.56910219984820576
 -0.90971891406343963
 -0.99406501908017475
 -0.69699759914860648
 -0.080523528307652692
 0.44088301412749958
 0.83809145881061864
 0.99920696820001331
 0.87884280898254086
 0.37355659917449718
 -0.15374061493672009
 -0.63772862612896031
 -0.94206652672674507
 -0.98102139639313612
 -0.74361952882577431
 -0.14733828734210935
 0.37955604050049663
 0.88191419914391256
 0.99892815261664103
 0.74055846159663596
 0.14281988564772793
 -0.52036743992919077
 -0.88405779351868652
 -0.99870635429799859
 -0.73748195008814421
 -0.13829850545761893
 0.52426171766965646
 0.88618295094858357
 0.99846372804915795
 0.73439005846064775
 0.13377424106472693
 -0.39219498831718441
 -0.88828962711363857
 -0.99820027893006624
 -0.82691484959557615
 -0.42268497007417344
 0.25145686109895288
 0.71132264799552403
 0.99605747492512753
 0.90115662367122262
 0.41854186373866809
 -0.25587420960649715
 -0.81303317267706665
 -0.99761093449210159
 -0.72502274927095844
 -0.27046345643873931
 0.26028622188069594
 0.81568351013060969
 0.996826148420485
 0.81913351355534125
 0.41022955169625069
 -0.26469280590935218
 -0.8183168365787411
 -0.99717930598945514
 -0.89513330545907011
 -0.4060605193418762
 0.26909386979366645
 0.72404242682852316
 0.97502601079265327
 0.8930881406545097
 0.40188301863227083
 -0.12330609336432669
 -0.72718478695228606
 -0.97603006659610958
 -0.89102435057797791
 -0.39769713668888385
 0.12783666325953147
 0.61735848295232298
 0.93296852388111462
 0.94848777721381872
 0.52935229899733338
 0.020642452992762857
 -0.49388243535298704
 -0.93460261744058193
 -0.94703109187740431
 -0.6493035269555244
 -0.016076505177411264
