# Created by Octave 8.4.0, Thu Dec 11 09:16:06 2025 IST <gamana@Samsung>
# name: iq
# type: matrix
# rows: 2048
# columns: 1
 0.99706007033948296
 0.81741217677477895
 0.2631763561998442
 -0.41166286191191009
 -0.82003431881388944
 -0.99669975492155383
 -0.81477298767905471
 -0.25876789299367536
 0.41582037352034329
 0.82263935911185238
 0.99631865342087256
 0.81211680656676566
 0.25435403320662997
 -0.41996921323270014
 -0.9018370479926181
 -0.9704283499248888
 -0.59431041673833829
 -0.099052217956670074
 0.42410929452530416
 0.90380080945259256
 0.96931587672916597
 0.70699443523279637
 0.094506937438585861
 -0.56128938152206265
 -0.95986880079473902
 -0.91857801197952549
 -0.58694028909782114
 -0.08995968598691377
 0.43236283667164604
 0.90767174576048582
 0.96703030897644238
 0.58323682590797477
 0.085410558434171072
 -0.436476125398505
 -0.83540614555488213
 -0.99410164801316581
 -0.69723937173125705
 -0.23220701116232156
 0.29823877688491174
 0.7446697864578582
 0.99919348408392272
 0.87900365099550504
 0.51119579255227765
 -0.00061748905173052778
 -0.51225682209534928
 -0.87959183670055963
 -0.99914313223323781
 -0.74384495350793745
 -0.14767181956608888
 0.37924403260955986
 0.79932567724122838
 0.99894370498287544
 0.834726723741544
 0.29269611680139745
 -0.23784618978820501
 -0.70138649497904204
 -0.9673440726117527
 -0.96079785708328713
 -0.68359193739244539
 -0.21381607161106853
 0.31619243755180926
 0.7571285669469523
 0.99977318748613397
 0.78426098528443078
 0.35630566381819206
 -0.32052155160483159
 -0.85046631654676685
 -0.99067573919877039
 -0.78141948139773487
 -0.20488505504967391
 0.46554015275120081
 0.85285967026973009
 0.99004323693862828
 0.77856168107880996
 0.34775691095553296
 -0.3291596362235587
 -0.76600708392244765
 -0.98706798589555911
 -0.86301208685108277
 -0.34347161125692577
 0.3334684266427943
 0.85759296924080952
 0.99999540351778604
 0.86069606453987113
 0.33917914848910674
 -0.18998693966562338
 -0.66563312401798547
 -0.95376841510680677
 -0.92667456830169237
 -0.60381116136497703
 -0.1108522977199087
 0.41333399829856854
 0.82108283884711719
 0.99654916134521687
 0.71533610577853302
 0.2569954597374593
 -0.4174880367582457
 -0.90065314739641111
 -0.97108426039629825
 -0.59650556024492263
 0.051428232491258427
 0.6757944842168484
 0.95779626121622063
 0.96998389281815456
 0.59283406142640771
 -0.055988358703845706
 -0.55902603440189202
 -0.95909896399592787
 -0.96886329631413692
 -0.70569586549307994
 -0.092680508055636157
 0.429897566468319
 0.90652169075643541
 0.99486675030193172
 0.80295479393864755
 0.38484800857883378
 -0.14167164154906572
 -0.73977842583670239
 -0.97989489953272035
 -0.88246046011956136
 -0.51745531617108087
 -0.0066814220535604723
 0.50597464915570589
 0.93947771061620244
 0.94245500051237052
 0.51354214370764828
 -0.15070692720004675
 -0.6353613396672978
 -0.9816762563472855
 -0.9409183725946465
 -0.5096182613695085
 0.15521990264824989
 0.74892687579832318
 0.99943004815055925
 0.87593347296118218
 0.5056837509888833
 -0.15972964099951256
 -0.7519452059868672
 -0.99957378788416562
 -0.87372121466920871
 -0.5017386946196043
 0.011585155087853634
 0.52164543106267169
 0.88475658864781193
 0.97890471388091427
 0.73646992327589755
 0.28656929572213435
 -0.24405878165923398
 -0.70593475145094076
 -0.96894673588189228
 -0.95900345199133619
 -0.55874639580788033
 -0.055651663500177161
 0.46312031316029723
 0.92156932342057896
 0.99042414088762409
 0.67554588354773948
 0.051091454836268826
 -0.596776182900982
 -0.92333257210777409
 -0.98978334287695413
 -0.67217172528928704
 -0.046530180664730178
 0.60043432000801411
 0.92507656477813749
 0.98912190302467629
 0.77452856646619817
 0.34174815640461548
 -0.33519734327953327
 -0.85853505300654542
 -0.99999928298596319
 -0.85976064685240505
 -0.47732479867057148
 0.19178768900065554
 0.77301140416510317
 0.99999432420953505
 0.85741947795759588
 0.47330693411798463
 -0.044137625214724266
 -0.67039653886251627
 -0.95567269543164057
 -0.97173292160015401
 -0.71405300238203884
 -0.10448831771420683
 0.41915429501371138
 0.90144878500030279
 0.99599741848162138
 0.71084844417378734
 0.099945520160762913
 -0.55675851408126154
 -0.90341624705829937
 -0.99557885146941183
 -0.80728383888807087
 -0.24638067353068496
 0.42742908702497839
 0.82985072709325425
 0.99513952175078968
 0.70439492085823896
 0.090853766772771322
 -0.4315531551349901
 -0.83239022919382866
 -0.99467943848793638
 -0.70114609033859421
 -0.086305000545913779
 0.56808628456274546
 0.9092054270907165
 0.96608945909027666
 0.58025259939119722
 0.081754434436132339
 -0.57183861803164726
 -0.91109728423998393
 -0.96490022720293422
 -0.57652725677815253
 -0.0772021633450269
 0.44387101636617432
 0.83990436892725195
 0.9931747655467954
 0.79359901194327176
 0.22418865208546143
 -0.30608946424582323
 -0.75014123938655175
 -0.98287592588523542
 -0.9387314485023539
 -0.63014344195625305
 -0.14404209446919933
 0.38263635296504467
 0.80152496580324284
 0.99876839005325435
 0.73831545079963434
 0.13952151045415628
 -0.38685153795506044
 -0.88561006608120318
 -0.97852825047564906
 -0.73522771206905113
 -0.13499801673067219
 0.39105865519140504
 0.80695290413982168
 0.99552604418141488
 0.82760868059582926
 0.42380387937971431
 -0.25026137315619335
 -0.71045408205694227
 -0.97050969629949302
 -0.90169129151887883
 -0.55342621957623661
 0.10393083342588144
 0.71366046350530787
 0.99634750575784725
 0.89970733514225409
 0.54961684782678955
 0.044697608200154511
 -0.4728130847931325
 -0.92577170863838576
 -0.95448548382986664
 -0.54579601386796173
 -0.040135000622663876
 0.47683216543617946
 0.92748864889265203
 0.95311347734608709
 0.66401085889695832
 0.035571556033356613
 -0.48084130178777795
 -0.9291862464554993
 -0.95172159376741927
 -0.66058930444052788
 -0.03100736960251144
 0.4848404102377788
 0.93086446592366345
 0.98671752975550331
 0.76460923810912385
 0.17887579425213712
 -0.48882940738508918
 -0.93252327229805121
 -0.98596540036085667
 -0.76165805010351362
 -0.32278929029045333
 0.20701020294663866
 0.67849428688606228
 0.95884444852267436
 0.92000667565964611
 0.58987537054189443
 -0.05965118289711676
 -0.56206438710514606
 -0.96013108362025967
 -0.91820737812000286
 -0.58618163086786612
 0.06420913450765045
 0.56583561865804632
 0.90806447299328763
 0.99448877925552626
 0.80076254521241408
 0.2357362491636617
 -0.4373187200616811
 -0.83592063402922945
 -0.9939996218610524
 -0.79801882116799649
 -0.37723367015195181
 0.29913274172497478
 0.83841835543494314
 0.99923065939848654
 0.79525845451364996
 0.22685050426344353
 -0.30348722560178526
 -0.8408985917021129
 -0.9929591283905842
 -0.79248150281653562
 -0.22240048904039264
 0.30783538028013108
 0.84336129110560609
 0.99954717667545245
 0.87415755586709232
 0.50251506956987901
 -0.010687453590618137
 -0.52087928828453178
 -0.94528653874540336
 -0.9790877467046103
 -0.62516016716356593
 -0.13770473754745091
 0.38854253912744019
 0.80533619044350724
 0.99843033056584207
 0.73398302658285619
 0.28305228863950394
 -0.3927463907825941
 -0.88856480988550313
 -0.97718884210939361
 -0.73087381353651881
 -0.12865268805560975
 0.39694205174748343
 0.89065052568276315
 0.97620881102840229
 0.61440890274510263
 -0.028950497499741039
 -0.53638468848563203
 -0.89271766704429001
 -0.99756933985126051
 -0.82140266898159908
 -0.41384434611591675
 0.11029519876566761
 0.60336424775845621
 0.97309522087936695
 0.89689483656565461
 0.54425795057319359
 0.038301930067534518
 -0.47844386165224989
 -0.92817291142478686
 -0.9525567355248995
 -0.54042118413959839
 -0.033738176038133443
 0.61062258817443182
 0.97515897982580757
 0.95115687533519111
 0.65921096082010155
 0.029173718402167544
 -0.61423269444159323
 -0.9315331541943076
 -0.98641786637543472
 -0.65577011586513889
 -0.17707059926871024
 0.35151024841164807
 0.86731120967855868
 0.98565747509285939
 0.76046806291977498
 0.17257420962805015
 -0.49440363247218816
 -0.93481568921209757
