# Created by Octave 8.4.0, Thu Dec 11 09:16:06 2025 IST <gamana@Samsung>
# name: iq
# type: matrix
# rows: 2048
# columns: 1
 0.99706007033948296
 0.81741217677477895
 0.2631763561998442
 -0.41166286191191009
 -0.89785314323009247
 -0.99669975492155383
 -0.71661680183738552
 -0.10813648706951674
 0.54989853666459632
 0.95593663795513129
 0.92390648709702716
 0.59797692748566744
 -0.049596092412049285
 -0.67444116920798691
 -0.99021632186749353
 -0.85221418830700335
 -0.32367573141182471
 0.35319061280632863
 0.7821895192030589
 0.99983859538937303
 0.75930087495922316
 0.1708053569705982
 -0.49596355405984022
 -0.87046054131309936
 -0.98456385395974688
 -0.6474801846370748
 -0.16630397896964264
 0.49992385083580554
 0.93705619580710242
 0.94477245443572011
 0.64399322759960465
 0.0091153316557068265
 -0.5038737217453233
 -0.87492000179672103
 -0.99949863300164543
 -0.75031465545842113
 -0.1572909121528088
 0.5078130844141947
 0.87712238562843992
 0.98207365006351321
 0.63697909526432994
 -1.798511915372843e-05
 -0.51174185668736971
 -0.94175191147715975
 -0.98120259647578767
 -0.63345206624561468
 0.0045846905630842561
 0.51565995663065967
 0.94327791284815621
 0.9803110799971394
 0.74118760822043406
 0.29326931317178512
 -0.38291189180906166
 -0.80170327404073327
 -0.99465238427089475
 -0.83253555515828159
 -0.28890034813315035
 0.38712655257425316
 0.80442453577585094
 0.99851519320577409
 0.82999704864074697
 0.28452535810403379
 -0.24612646743387806
 -0.7074437119555298
 -0.96947189231264996
 -0.90352867364395562
 -0.42353371648758381
 0.099684547012589234
 0.71066394424145851
 0.99597394084470992
 0.90156229256511944
 0.55317778038844045
 -0.10422746684268504
 -0.59848614775241882
 -0.97167096765227257
 -0.95574988683966289
 -0.67059113056997532
 -0.044399651076015546
 0.60213844635329805
 0.97274012051742387
 0.95439648515408815
 0.54554607782511999
 0.039836985928665802
 -0.60577818741163514
 -0.92760010999954801
 -0.988114235632507
 -0.7702735494564491
 -0.33544444112374322
 0.19388039544994554
 0.77436263562652718
 0.98908328766509801
 0.85631998444584667
 0.47142713767571365
 -0.19835842695893965
 -0.77724410770302543
 -0.99994931137843202
 -0.85395260006082463
 -0.32682631825529179
 0.35007164120090067
 0.86654550360005966
 0.99989290458098001
 0.85156740657198415
 0.46335275743937165
 -0.055389785075590392
 -0.55852885519347406
 -0.90432863318207168
 -0.99537626063437679
 -0.80602334155402411
 -0.38961117419928509
 0.286318003155562
 0.73629247129767361
 0.97885109125774172
 0.88487879609434716
 0.38540126954067483
 -0.14107815892716888
 -0.73937491633562791
 -0.97977511379001769
 -0.88274230014638688
 -0.51796822483325666
 0.14559771938948285
 0.63136344189249582
 0.98067870320139328
 0.94265526511560149
 0.63908294668798704
 0.15547900140922769
 -0.509392575397842
 -0.94082952243764828
 -0.98172620227317298
 -0.74606759889611551
 -0.15096620933205945
 0.37615908234565687
 0.88017868087772855
 0.9808469264002444
 0.63203151200921293
 -0.0064191446934956159
 -0.64192815925744795
 -0.94388538104184005
 -0.93799426797162899
 -0.50225718689379151
 0.1636446553781746
 0.75455457317662888
 0.99968173728826637
 0.7866939866963889
 0.35997613844395193
 -0.16814809245020726
 -0.75754354767471233
 -0.98488950883147741
 -0.86953831103763324
 -0.4943384925459326
 0.020117995974901666
 0.52890718330563458
 0.94832145702324677
 0.97712545794276662
 0.61777106458305009
 -0.024683567584122105
 -0.65582668926092402
 -0.94976063540733258
 -0.97614409660076507
 -0.61417355727376055
 -0.12382663922268553
 0.53663638247872347
 0.95118000661973989
 0.92983515611251089
 0.48238333841559111
 -0.1861258355276261
 -0.76934084225103916
 -0.99999712835420362
 -0.86037235870082118
 -0.3385812756015224
 0.19061080133807218
 0.66610723072811973
 0.95395920953976465
 0.97307795218369009
 0.7180776501989149
 0.26079267102047637
 -0.26995840372191243
 -0.72466136787698021
 -0.97522500136899581
 -0.95106475988945738
 -0.65898665758912811
 -0.028875590832584942
 0.6144680261825699
 0.93164157445709228
 0.98636883283935706
 0.6555449172576302
 0.17677705112349806
 -0.49068884864234602
 -0.86745963149813543
 -0.98560709856610962
 -0.76027435081049699
 -0.32076998583533983
 0.20909626830340569
 0.78409822979723109
 0.99125300021650498
 0.9191687592134139
 0.45767072341707316
 -0.061779983200696019
 -0.56382707900378393
 -0.90704235677475153
 -0.9674105193813286
 -0.70157342122455979
 -0.23810093781279595
 0.29244531029783893
 0.74060881724670391
 0.98014054811671381
 0.88187887015013433
 0.37948670914245436
 -0.29680932037190372
 -0.83708928455909648
 -0.99913224238819642
 -0.87971658210087067
 -0.37525764885050583
 0.3011671405145831
 0.74671493460754579
 0.981910840626954
 0.94049945024301207
 0.50855529701815605
 -0.0036869410735316153
 -0.51489055655288429
 -0.94297947361517021
 -0.93893789853280041
 -0.63060883078210594
 0.0082535772213779592
 0.64333369463803269
 0.94448967275556528
 0.93735676535810908
 0.62705803109328695
 -0.012820041241621906
 -0.64682319170808622
 -0.98441265345254958
 -0.93575608369329677
 -0.49671169676217664
 0.017386237901099992
 0.65029919933927494
 0.94745094821337439
 0.97770285810336988
 0.73253287317743021
 0.28100613039472744
 -0.39470685938945244
 -0.88954118301675544
 -0.97673368626990587
 -0.72941653362923886
 -0.1265373853312915
 0.39889866518032613
 0.89161822963160164
 0.99773598681172548
 0.72628498216555015
 0.12200606815118613
 -0.40308215197583813
 -0.89367668162933689
 -0.99741846053125105
 -0.72313828409462411
 -0.11747220654559611
 0.40725723252969975
 0.89571649608114523
 0.97370403558786156
 0.60548122176772357
 -0.040209878126289261
 -0.54585880423761202
 -0.8977376304468816
 -0.99672101181221351
 -0.71679971094190253
 -0.10839722832228103
 0.5496794507487891
 0.89974004257597251
 0.99634110391888031
 0.81226981941563969
 0.25460768126343408
 -0.27611637049686544
 -0.7290575935360607
 -0.97662105565601998
 -0.94906737002852937
 -0.53090778593700405
 0.13054600469839833
 0.61950557935190098
 0.93394853159813018
 0.94761862707272504
 0.52703228840410865
 0.017910722171062571
 -0.62308394802830314
 -0.93557096785863769
 -0.94615012161663581
 -0.64722315768840744
 -0.16597144449530166
 0.36203493382883944
 0.8728639727838754
 0.98369370243437959
 0.75310397795260287
 0.3103625522847524
 -0.21980895658447358
 -0.79085802944057393
 -0.99264084583298418
 -0.91479369043480918
 -0.57924634576443579
 0.072723021987780773
 0.57285131597583161
 0.91160563668947248
 0.96457516552375233
 0.57551774398311595
 -0.077276877469169419
 -0.69465853816616863
 -0.99370544782199999
 -0.83737614173914277
 -0.43970690185345124
 0.081829121348277425
 0.69793630702392573
 0.99420666880394015
 0.90917422426779237
 0.43560076978030499
 -0.23759142540159833
 -0.8019047929304397
 -0.99468715569620947
 -0.83234869697174474
 -0.43148555329274274
 0.090928394588826081
 0.5877275347374693
 0.96842614017032003
 0.95959555493752691
 0.68044395774559407
 0.20960920998794641
 -0.32027309532488762
 -0.85032831870432257
 -0.99985559799969492
 -0.78158312069830338
 -0.35228043953203181
 0.17626072228136108
 0.65514869784289442
 0.94947927516166009
 0.97633862757189327
 0.72816039309250258
 0.27485714181146442
 -0.25587420960649715
 -0.81303317267706665
 -0.9964522021328357
 -0.89916758903474137
 -0.54858470737123244
 -0.043463830529603772
 0.47390094072350675
 0.85776636300026632
 0.98866573230137467
 0.77258336771307723
 0.19112572350826018
 -0.47791734039237166
 -0.92794963970399535
 -0.95273903001207627
 -0.66308693126258755
 -0.034337332617050374
 0.48192377313858803
 0.8624254734116823
 0.98725327868753709
 0.76675227945330937
 0.33025481062593198
 -0.19927645160890187
 -0.77783315318496116
 -0.9999394412608994
 -0.76381271901443137
 -0.17766059811468488
 0.35094893923134723
 0.86701264097890396
 0.98575846919369059
 0.76085722933077538
 0.17316468790596914
 -0.49388243535298704
 -0.93460261744058193
 -0.98498021969111815
 -0.75788587203879176
