# Created by Octave 8.4.0, Thu Dec 11 09:16:06 2025 IST <gamana@Samsung>
# name: iq
# type: matrix
# rows: 2048
# columns: 1
 0.99706007033948296
 0.71979445629436789
 0.11267528621267162
 -0.41166286191191009
 -0.89785314323009247
 -0.99669975492155383
 -0.81477298767905471
 -0.25876789299367536
 0.41582037352034329
 0.89985447880301794
 0.99631865342087256
 0.81211680656676566
 0.39913916364882279
 -0.27636844752632383
 -0.82522724334078956
 -0.99801622712169602
 -0.80944368883232731
 -0.24993486888935224
 0.28075440618218883
 0.73235430365016874
 0.97764774684509548
 0.88756644408310237
 0.52680937032475517
 -0.13533214306748165
 -0.62328907253604104
 -0.97859770037839833
 -0.94606518067421075
 -0.64702319695337762
 -0.013082302230897626
 0.50044297299076146
 0.87299192731282182
 0.99961637728604458
 0.84464582685674738
 0.451735955545704
 -0.22006481733715735
 -0.79101851933410983
 -0.99267257301273648
 -0.9146877172569069
 -0.57903252519821957
 -0.080262094262641887
 0.44111841487869557
 0.83823451315416331
 0.99352809498320716
 0.69352673492061989
 0.07570928483461975
 -0.44521220012329865
 -0.84071604235180275
 -0.99299901827171977
 -0.69022950739697697
 -0.071154896496347181
 0.58052721149389108
 0.91542760447624616
 0.99244923265600671
 0.68691788519972474
 0.21827493776079607
 -0.45337183085077554
 -0.84562645019083471
 -0.99187874960179634
 -0.78708613347960132
 -0.36056893869878703
 0.16752163237433296
 0.7571285669469523
 0.98477925608846884
 0.86985197422915883
 0.35630566381819206
 -0.17202205632633658
 -0.65189063542320946
 -0.98556272514868337
 -0.86759008943263682
 -0.49091736807458636
 0.024048282052691987
 0.65534683009168626
 0.98632564038788906
 0.8653101111236956
 0.34775691095553296
 -0.181012047936218
 -0.65878935756162205
 -0.98706798589555911
 -0.86301208685108277
 -0.34347161125692577
 0.18550142810862433
 0.76893472152711884
 0.98778974619014315
 0.92838136871562715
 0.60744511130886403
 -0.037741799180791728
 -0.54378762121797686
 -0.95376841510680677
 -0.97322421740503984
 -0.71851977171296921
 -0.26140610184024543
 0.26934646894041164
 0.82108283884711719
 0.99654916134521687
 0.71533610577853302
 0.10631258127998891
 -0.55142982772784532
 -0.90065314739641111
 -0.97108426039629825
 -0.59650556024492263
 -0.10177064770085427
 0.55523372073924604
 0.90262816634349929
 0.96998389281815456
 0.59283406142640771
 0.097226591704109466
 -0.42576990720195163
 -0.9045843610622607
 -0.96886329631413692
 -0.58915019910744659
 0.06054731728429652
 0.68249837391928281
 0.99168720564712287
 0.91785140651800046
 0.58545405011465856
 0.088132491563609597
 -0.43401626026004414
 -0.83390129996400719
 -0.99887378497716794
 -0.88246046011956136
 -0.51745531617108087
 -0.0066814220535604723
 0.50597464915570589
 0.87609610931798187
 0.99941860753662914
 0.74870337284051514
 0.30402127670330764
 -0.2263045458482901
 -0.79491849299250317
 -0.99342572139859497
 -0.83872373119254717
 -0.44192392822442306
 0.23075041581171793
 0.69616529633341284
 0.99393815228930615
 0.83622815318000376
 0.43782274524140236
 -0.083918673314793177
 -0.58201994412750735
 -0.96664793069210975
 -0.90829909993624047
 -0.4337124315048439
 0.2396276262838915
 0.80315574545163138
 0.99490081834697564
 0.83118473117740399
 0.42959307273497971
 -0.24405878165923398
 -0.70593475145094076
 -0.96894673588189228
 -0.95900345199133619
 -0.55874639580788033
 -0.055651663500177161
 0.59310560008093594
 0.92156932342057896
 0.99042414088762409
 0.78027343914827174
 0.35031731564544222
 -0.32657842745172744
 -0.85381609152676541
 -0.99994663618800206
 -0.77740910920537365
 -0.34603634430327534
 0.18281592046248438
 0.7671850584004416
 0.99998338686828148
 0.77452856646619817
 0.19413769499189698
 -0.33519734327953327
 -0.85853505300654542
 -0.99999928298596319
 -0.85976064685240505
 -0.47732479867057148
 0.19178768900065554
 0.66700103896563889
 0.95431814982942342
 0.97280090994462021
 0.60234783019754723
 -0.044137625214724266
 -0.54914848010589656
 -0.89946252330987009
 -0.97173292160015401
 -0.59869625076160626
 0.048699420167262614
 0.67377805770053945
 0.99009064908208233
 0.8526835451500393
 0.465241676691655
 -0.053260199497821945
 -0.55675851408126154
 -0.95832196740132169
 -0.96953617140151371
 -0.59135571103587237
 -0.095400638252584768
 0.42742908702497839
 0.82985072709325425
 0.99850087127598641
 0.88587025652170326
 0.52368727256847247
 -0.13896643493271216
 -0.73793727806691978
 -0.97934612166406976
 -0.94487015805853269
 -0.64422137197363261
 -0.0094135720807538813
 0.50361607496346472
 0.93853811251994479
 0.94336495945166887
 0.51588466120556886
 -0.14800533499711871
 -0.6332490946224425
 -0.98115194723055799
 -0.94184008705436228
 -0.63720898469723852
 -0.15307415633124866
 0.51148559287361273
 0.94165156452784582
 0.94029557266769315
 0.63368282102553841
 -0.0042864402721787022
 -0.51540439232474189
 -0.94317884957564335
 -0.98036992927622912
 -0.74138779202865035
 -0.29355443911615486
 0.23697409994913654
 0.70074630799898874
 0.99462153661748143
 0.9075301689701889
 0.43205874002810724
 -0.090295534556014037
 -0.58721328002020379
 -0.91871124287477057
 -0.99140542991536318
 -0.78481766561972999
 -0.21023052492737404
 0.31967102992783158
 0.84999372710788945
 0.99984459710808049
 0.78197937237721382
 0.20576368457975322
 -0.46474542610855263
 -0.92227994368472832
 -0.95716975147556826
 -0.55342621957623661
 -0.049259283613090801
 0.59824718058907844
 0.92403546149932281
 0.989520117873813
 0.7762539210985151
 0.19681722358073409
 -0.4728130847931325
 -0.92577170863838576
 -0.95448548382986664
 -0.6674185654672885
 -0.19233778950696631
 0.47683216543617946
 0.8594742475238133
 0.98816003957529952
 0.66401085889695832
 0.035571556033356613
 -0.48084130178777795
 -0.86179968962706266
 -0.98744908124580055
 -0.76754448025858624
 -0.33142024428079914
 0.34551038306063547
 0.77705641245335788
 0.99995226986548125
 0.76460923810912385
 0.32710817819128124
 -0.34979224499924849
 -0.86639660744903924
 -0.98596540036085667
 -0.76165805010351362
 -0.32278929029045333
 0.35406681205242768
 0.7827727936038511
 0.99982132737852258
 0.84932193198522976
 0.45956594254873184
 -0.21147582959131025
 -0.68184193980649765
 -0.99157128980546694
 -0.91820737812000286
 -0.58618163086786612
 0.06420913450765045
 0.68517537297528308
 0.99215262290844974
 0.91638893144898803
 0.45143507759741341
 -0.22039375891483476
 -0.79122478352314818
 -0.99271326475870159
 -0.84201047547138852
 -0.3054473240688339
 0.22484587561108255
 0.79400918965226941
 0.99930924739545157
 0.7466650879372424
 0.30109568094123251
 -0.22929330316701357
 -0.69508966027877517
 -0.96507712748675856
 -0.96319940693050832
 -0.68998545825173063
 -0.22240048904039264
 0.44959794231620176
 0.84336129110560609
 0.99240781401398992
 0.68667277584135678
 0.21794583567536724
 -0.45367237737390509
 -0.91739034106205852
 -0.99183580306267727
 -0.68334577293270737
 -0.061705188177938824
 0.45773735113543396
 0.84823387425093655
 0.99124310746588995
 0.78405171832161935
 0.35599055457862572
 -0.17235424060308335
 -0.76032302855692135
 -0.9856197642320309
 -0.86742234684153008
 -0.35171930379742294
 0.17685080841905051
 0.76328138178410543
 0.98638116107680518
 0.86514103433169209
 0.48663913745476717
 -0.18134368802751832
 -0.65904302069962439
 -0.98712198703216847
 -0.92994486488287587
 -0.48264457491927476
 0.18583278572983522
 0.66247079180869495
 0.98784222664825339
 0.86052432995207551
 0.33886189807850309
 -0.19031800790633269
 -0.77206068735916977
 -0.99999824789995395
 -0.85818903436324712
 -0.47462533683833424
 0.042641774270994789
 0.54789656673906506
 0.89880721535633923
 0.99652111377909025
 0.71510042164526089
 0.2566695505195406
 -0.41779443979418884
 -0.82387216943413188
 -0.99613013022446173
 -0.81084771477814355
 -0.39714701031852595
 0.1284312254337609
 0.73072137985246688
 0.97714139178899262
 0.88866723383728807
 0.39295175212837735
 -0.28283809894652973
 -0.82901434727097012
 -0.99528584909253059
