# Created by Octave 8.4.0, Thu Dec 11 09:16:06 2025 IST <gamana@Samsung>
# name: iq
# type: matrix
# rows: 2048
# columns: 1
 0.99706007033948296
 0.81741217677477895
 0.2631763561998442
 -0.26757933088703667
 -0.72295709950342013
 -0.97467563508643473
 -0.95182505386520067
 -0.53840448048633571
 -0.031344426666491253
 0.48454544831307755
 0.86393738386991581
 0.98677225365717247
 0.7648265315825612
 0.17920756624578818
 -0.34947630729317497
 -0.86622816469789188
 -0.99990200276958874
 -0.85190037886372305
 -0.32310844176316006
 0.35375141607369498
 0.78256289391760381
 0.99982764492782827
 0.84949989429398942
 0.45986541708857864
 -0.2111462234393818
 -0.68159522404935846
 -0.96003675884366646
 -0.91834089914126482
 -0.4558054392076315
 0.21560776862847272
 0.6849297096298741
 0.99211040285063745
 0.91652386521001739
 0.451735955545704
 -0.068429320412764685
 -0.56931784686309095
 -0.90982778912911666
 -0.99403645175662203
 -0.69680949900727573
 -0.080262094262641887
 0.44111841487869557
 0.83823451315416331
 0.99921737728844184
 0.87871764054369417
 0.37331329069111102
 -0.1539997744139284
 -0.74810794332050845
 -0.99938759605057081
 -0.79268712746483883
 -0.36907284080929581
 0.3075145173729773
 0.75113050352384558
 0.98315072229002243
 0.87432127497765744
 0.50280659161546182
 -0.1630177147739201
 -0.64493753308863866
 -0.94517646960071533
 -0.93662425339424948
 -0.49885389310436667
 0.16752163237433296
 0.64842084563481195
 0.98477925608846884
 0.86985197422915883
 0.49489079104069511
 -0.019482646357389975
 -0.65189063542320946
 -0.98556272514868337
 -0.93338546174226766
 -0.49091736807458636
 0.024048282052691987
 0.53223945734323408
 0.94956155470422277
 0.97628187600863758
 0.72798059751291655
 0.12445719769369468
 -0.40082051008727831
 -0.89256565897215878
 -0.9975927809538645
 -0.72484208350577484
 -0.27021093937455071
 0.26053945541214196
 0.81583521236402634
 0.99684699428045553
 0.81898303909962988
 0.26581129234256295
 -0.40917133979595066
 -0.89664680196432855
 -0.99691782759704184
 -0.71851977171296921
 -0.1108522977199087
 0.41333399829856854
 0.82108283884711719
 0.99753012452978629
 0.89297011361220469
 0.53685768197021277
 -0.1235663705437246
 -0.61396655002752176
 -0.93141046865899646
 -0.98647320061060673
 -0.76364340535372321
 -0.32569291987586835
 0.3511945275298724
 0.78085896061920368
 0.99055302875026752
 0.92120526956857784
 0.46228989505802376
 -0.056586912209590688
 -0.55952301269355742
 -0.95926849380749435
 -0.91941886397094896
 -0.58866567994252117
 -0.092083567790262444
 0.43043876792991398
 0.90677461397837034
 0.9948059055471814
 0.80259732136130291
 0.38429460930068043
 -0.29183755858294247
 -0.83423202448536526
 -0.99890204978572794
 -0.79986481559928813
 -0.38007457143186141
 0.29620242279567877
 0.83674146904181346
 0.99910557284759449
 0.88001857142836226
 0.37584660714244433
 -0.30056110973383704
 -0.83923346343101557
 -0.99928825965359569
 -0.79434981808530758
 -0.22539202357372476
 0.44685409141316507
 0.91432450995893599
 0.96279588184073128
 0.57005567924401146
 -0.083918673314793177
 -0.58201994412750735
 -0.96664793069210975
 -0.9615517828446648
 -0.68558354763474372
 -0.064768503918316747
 0.45500618041280882
 0.84660422771807708
 0.99971126661039378
 0.87119657448638765
 0.4972631344130784
 -0.16932990746395193
 -0.75832569691438723
 -0.99981057464028267
 -0.86894553749697701
 -0.49329587643068734
 0.17382890156623876
 0.76129471467094889
 0.98587166407221172
 0.86667637872741532
 0.48931833080765208
 -0.02588219217722993
 -0.5337916222166712
 -0.8913303145526621
 -0.99777852259038047
 -0.72672165646975961
 -0.12263677028153504
 0.40250050763492184
 0.81425215763961789
 0.99662647663178694
 0.82054778761189784
 0.26844424417016538
 -0.40667676316387258
 -0.89543376711611222
 -0.99712845815410922
 -0.81792900324223472
 -0.26404235925702368
 0.26671420194354067
 0.72233655415129017
 0.99733448906692401
 0.81529316103758886
 0.40414350730827459
 -0.27111270055569336
 -0.72548708932898065
 -0.97548953917277625
 -0.89214288181535151
 -0.53530907675414618
 0.1253865848533969
 0.72862249453939665
 0.99795930465553018
 0.80997052335894038
 0.39577244673708739
 -0.27989264407547659
 -0.82729391853123047
 -0.99557885146941183
 -0.70762906128587488
 -0.095400638252584768
 0.42742908702497839
 0.90536486845262365
 0.96840745536036532
 0.58766690383236808
 -0.062378330857600917
 -0.56432210370605085
 -0.90729460854494737
 -0.96725854326979932
 -0.58396584088904802
 -0.086305000545913779
 0.56808628456274546
 0.96214591601666388
 0.96608945909027666
 0.58025259939119722
 0.081754434436132339
 -0.57183861803164726
 -0.91109728423998393
 -0.96490022720293422
 -0.57652725677815253
 -0.0772021633450269
 0.44387101636617432
 0.83990436892725195
 0.9931747655467954
 0.69131213729148444
 0.22418865208546143
 -0.44795857031246838
 -0.91482395692723983
 -0.99263176838203893
 -0.68800522698678646
 -0.068092886001361541
 0.45203678212348919
 0.91665869474579109
 0.96121189540502372
 0.68468396839564494
 0.063536069721895586
 -0.4561055667485257
 -0.91847431573064442
 -0.99148368207262383
 -0.78518905320560317
 -0.35770425901355962
 0.31910292536187457
 0.84967775999932593
 0.99983384877874237
 0.86833367476890355
 0.49222124044383364
 -0.022551427497307118
 -0.53097128912241753
 -0.94909097831870182
 -0.97660494362994621
 -0.61585525207328862
 0.027116736590217863
 0.534835532261557
 0.89188951756697665
 0.97561272956226286
 0.7258727564103723
 0.12141102097190457
 -0.53868862145428353
 -0.95192840572335036
 -0.97460016917982983
 -0.60863379684069807
 0.036245563027500163
 0.5425304763448201
 0.89598288993909425
 0.97356728359948941
 0.7195603208637491
 0.26285100805909306
 -0.41197016019304566
 -0.82022726859247486
 -0.99742383889171715
 -0.8145774273355405
 -0.25844214320731507
 0.27230121880568781
 0.82283104388607065
 0.99628968778454041
 0.81191999367161027
 0.25402788856811498
 -0.27669251862572475
 -0.72946779440294807
 -0.97674975441813594
 -0.94887831184973592
 -0.65370493758158688
 -0.17438087676587846
 0.49280821003958597
 0.86866798729944894
 0.98519270874744136
 0.75869097778854966
 0.31846367064830305
 -0.35833399507441271
 -0.87092125115799168
 -0.9843994710296855
 -0.64676603917887232
 -0.16538022551828968
 0.50073490017408062
 0.93738286894452327
 0.98358570375047472
 0.75270942807255592
 0.16087467946475087
 -0.36684585321390023
 -0.87537324331174171
 -0.98275142388085146
 -0.63977318806970362
 -0.15636577838437321
 0.50861981940315182
 0.94052491117439774
 0.94142434045552237
 0.63625671236885806
 0.15185361630993485
 -0.37532710936530322
 -0.79677703679194523
 -0.99377242836424529
 -0.83704828615673299
 -0.4391683835773984
 0.23373594883195828
 0.79952826721899239
 0.99892815261664103
 0.74055846159663596
 0.29237364760094314
 -0.23817371995497297
 -0.7016268198592065
 -0.99474869226751583
 -0.90701080238006038
 -0.43094465135510163
 0.24260652398668919
 0.80498064877621045
 0.99846372804915795
 0.73439005846064775
 0.13377424106472693
 -0.52814506197965061
 -0.88828962711363857
 -0.97731598449780854
 -0.73128285119524605
 -0.12924718682223069
 0.39639172952169083
 0.81036587949062577
 0.99605747492512753
 0.82433824438349557
 0.41854186373866809
 -0.10515904404881884
 -0.71452501113115185
 -0.97189192478739406
 -0.95547390137131483
 -0.66989594845132772
 -0.043463830529603772
 0.47390094072350675
 0.85776636300026632
 0.99999636910856871
 0.77258336771307723
 0.19112572350826018
 -0.33808764542683351
 -0.77206068735916977
 -0.98854186490453733
 -0.92654776616293766
 -0.47462533683833424
 0.042641774270994789
 0.66928481552472607
 0.98922088721011936
 0.85583584132014823
 0.33025481062593198
 -0.19927645160890187
 -0.672670926025842
 -0.95657193676094487
 -0.97100369805400089
 -0.59623486975544926
 -0.10143517182540703
 0.55551415395589532
 0.90277326207257647
 0.99571837246654993
 0.80816656237513129
 0.39295175212837735
 -0.28283809894652973
 -0.82901434727097012
 -0.99528584909253059
