# Created by Octave 8.4.0, Thu Dec 11 09:16:06 2025 IST <gamana@Samsung>
# name: iq
# type: matrix
# rows: 2048
# columns: 1
 0.99706007033948296
 0.81741217677477895
 0.40749676511192734
 -0.26757933088703667
 -0.72295709950342013
 -0.97467563508643473
 -0.89379434027545168
 -0.40332217000396425
 0.12174574039319934
 0.61251750219373202
 0.9307412043625467
 0.98677225365717247
 0.65740811854692949
 0.17920756624578818
 -0.34947630729317497
 -0.77971163284007661
 -0.9902997991842033
 -0.9219174737612722
 -0.46391580451806957
 0.054755275299491701
 0.67824652386242867
 0.95874864621098477
 0.92013878115657166
 0.59014764102010608
 -0.059314559022868391
 -0.68159522404935846
 -0.99152754231630602
 -0.91834089914126482
 -0.58645480711822251
 -0.089362596629136537
 0.5655575416944385
 0.90792318296106844
 0.99452407799023024
 0.7000777311951929
 0.084813229831986955
 -0.43701543014966737
 -0.90982778912911666
 -0.99403645175662203
 -0.79822199612300271
 -0.37754595515819683
 0.14948593972267568
 0.74506978139404401
 0.98144017484354107
 0.87871764054369417
 0.51068044846592586
 -0.1539997744139284
 -0.74810794332050845
 -0.98230569151471603
 -0.93978491259906771
 -0.6325238404520197
 -0.14707886180448676
 0.51668688773089189
 0.94367531037086794
 0.98007362009303423
 0.74038218407304623
 0.14256028649333857
 -0.38401924169823431
 -0.88418034830145964
 -0.99869298312634636
 -0.73730478749012174
 -0.28775225948871086
 0.38823179124436774
 0.88630444548282983
 0.97821854915588147
 0.62185347507426159
 0.13351431092211144
 -0.52836776250192941
 -0.88841005886559066
 -0.97726040292067717
 -0.73110392955089265
 -0.12898709931501984
 0.53223945734323408
 0.94956155470422277
 0.93173685042504906
 0.48693370707140277
 -0.181012047936218
 -0.65878935756162205
 -0.98706798589555911
 -0.93006880782054413
 -0.48293989111003849
 0.033177953663624922
 0.6622181460394142
 0.95238598048070489
 0.97426376220703059
 0.72168845298289652
 0.26581129234256295
 -0.40917133979595066
 -0.8184675601388407
 -0.99691782759704184
 -0.81635404255404231
 -0.26140610184024543
 0.41333399829856854
 0.82108283884711719
 0.99654916134521687
 0.71533610577853302
 0.2569954597374593
 -0.4174880367582457
 -0.82368099394745231
 -0.99784048800762737
 -0.81104502967743974
 -0.25257945801771692
 0.2781310138013558
 0.82626197125556577
 0.99574948813708342
 0.70892408580754163
 0.097226591704109466
 -0.55902603440189202
 -0.95909896399592787
 -0.96886329631413692
 -0.70569586549307994
 -0.24373174421850885
 0.429897566468319
 0.90652169075643541
 0.96772249425417678
 0.70245292795551217
 0.088132491563609597
 -0.56657560757064096
 -0.96164433703970265
 -0.96656151042960048
 -0.69919534082601087
 -0.23486369851189498
 0.43812590268212964
 0.9103395938539478
 0.99390102147704307
 0.79747748196428803
 0.37640208904310912
 -0.29998927131410252
 -0.83890731960218134
 -0.99926546539418393
 -0.87812746374023176
 -0.5096182613695085
 0.15521990264824989
 0.63888119294273482
 0.98253623478184693
 0.93936212190982626
 0.5056837509888833
 -0.15972964099951256
 -0.6423877224089799
 -0.94408321150734609
 -0.97982756338423382
 -0.7395514844487685
 -0.14133781382581198
 0.38515923490199494
 0.88475658864781193
 0.97890471388091427
 0.73646992327589755
 0.13681547761836058
 -0.52553613306817071
 -0.88687569161064339
 -0.99837964680481783
 -0.73337300308974884
 -0.13229028813657909
 0.39357185195279359
 0.88897629886156937
 0.99810937180197989
 0.73026078847632114
 0.12776233975286863
 -0.53328457614273284
 -0.89105836659263005
 -0.97601375467033502
 -0.61370033579439642
 0.029847866612347472
 0.53714215561870826
 0.89312185138248557
 0.99750638142641856
 0.82089030337516489
 0.26902169520804903
 -0.40612900000404117
 -0.81654875871836308
 -0.99717367862900375
 -0.72083302870849542
 -0.26462053999945312
 0.26613636670920432
 0.81917649590739106
 0.99729056693318985
 0.89446482546867812
 0.53966559836386452
 -0.12025948096078005
 -0.72507435890065097
 -0.99761610861221961
 -0.89241354939925388
 -0.53581535530827096
 -0.028276331692887669
 0.48722822131491544
 0.86547908951437158
 0.98627000753600025
 0.76284547406125769
 0.17618695705555892
 -0.49121112914774684
 -0.86775773336314854
 -0.99985432172435307
 -0.7598847751608806
 -0.1716898524875731
 0.49518379281713676
 0.93513413588735561
 0.98472058781311855
 0.64816408847853257
 0.16718916734334063
 -0.49914612947357034
 -0.87226068289134251
 -0.98391506537880058
 -0.64467978024642647
 -0.16268499548422688
 0.50309805648286454
 0.87448489466216361
 0.98308902348526839
 0.64118202727612839
 0.15817743084431238
 -0.36938623316022245
 -0.87669086913002936
 -0.98224247935955056
 -0.74788412868125476
 -0.15366656742847584
 0.3736261111647376
 0.87887856028953637
 0.98137545065624499
 0.63414647918112677
 -0.0036869410735316153
 -0.51489055655288429
 -0.94297947361517021
 -0.93893789853280041
 -0.63060883078210594
 -0.14463532063038551
 0.38208240309828206
 0.88319891056935484
 0.97958001227093605
 0.73871965688208541
 0.14011512559396239
 -0.38629864067209896
 -0.88533147958915415
 -0.97865164003263161
 -0.6234941541662522
 -0.13559200846936478
 0.3905068220229197
 0.80659868263811108
 0.99830861010480987
 0.82794503673297959
 0.42434680629691318
 -0.24968090147450372
 -0.71003205735290709
 -0.99589306163665337
 -0.90195034323742196
 -0.42020723065496823
 0.10333455741059976
 0.59776668361302476
 0.97145840219953794
 0.95601360429414595
 0.55011758475158845
 -0.10787573837779833
 -0.60142144191066849
 -0.92554488003732771
 -0.98893948579507385
 -0.66786488579440773
 -0.19292606540949148
 0.33636061951733709
 0.85916763922364559
 0.98825184187956794
 0.77084575096264307
 0.18844314139406976
 -0.48031556574649814
 -0.92896449571977835
 -0.9875435880617639
 -0.76792862176621013
 -0.33198580663880228
 0.34494773752928914
 0.86380526864144591
 0.98681473911223938
 0.65760573526850563
 0.027041826074332108
 -0.4883063246597511
 -0.86609708556551335
 -0.99990564019671446
 -0.85203770817596947
 -0.3233566452854974
 0.35350608027650443
 0.86837084011363574
 0.98529531704751827
 0.6506976111800985
 0.1704730818139559
 -0.49625634944937436
 -0.93557096785863769
 -0.98450477561973526
 -0.7561005675315795
 -0.16597144449530166
 0.36203493382883944
 0.8728639727838754
 0.98369370243437959
 0.75310397795260287
 0.16146634585720937
 -0.36628807972477462
 -0.87508325720214741
 -0.98286211440631888
 -0.75009168245863234
 -0.15695787985318554
 0.37053358671614267
 0.8772842918386542
 0.98201002887823541
 0.63671910177639957
 -0.00035520609580435376
 -0.63726673695191594
 -0.94186526817621741
 -0.98113746362030607
 -0.63319109472817048
 0.0049219077360410637
 0.64077939301056042
 0.98299282535971388
 0.87473921650293274
 0.50355133254811568
 -0.0094885067303111005
 -0.64427868567325608
 -0.94489469349560051
 -0.93692582017353565
 -0.4996006065460008
 0.014054907842664553
 0.52375111157019172
 0.94637986330795709
 0.97839707357332473
 0.73479682639496002
 0.13436833251938127
 -0.39164344489493441
 -0.88801412508603927
 -0.97744277563395865
 -0.73169162602727844
 -0.12984163913676627
 0.39584126483067594
 0.89010471046960693
 0.97646809321439842
 0.61535446347816414
 -0.027751971601748842
 -0.53537237209859767
 -0.95071683091542147
 -0.93038507033518414
 -0.48369433845454268
 0.18465452954925485
 0.6615721536763477
 0.95212287234456894
 0.9287012888662467
 0.60812945617068503
 -0.036880612315026831
 -0.54306418805411272
 -0.95350905733780555
 -0.97342194446667962
 -0.7191188832853358
 -0.26223782635529558
 0.41254911937971112
 0.82059061821265755
 0.99746922224264523
 0.81420865299611456
 0.25782820598727979
 -0.27291262473125366
 -0.82319200887121757
 -0.99623479574009144
 -0.71274226596593937
 -0.10262792226900343
 0.42085177261292628
 0.82577623193527505
 0.99582849150478125
 0.80887214180542977
 0.24899292637427459
 -0.42498997723381116
 -0.90421665002543428
 -0.99540141935684101
 -0.70630619225598545
 -0.24456745138823813
 0.28606669089249703
 0.83089296006415125
