# Created by Octave 8.4.0, Thu Dec 11 09:16:06 2025 IST <gamana@Samsung>
# name: iq
# type: matrix
# rows: 2048
# columns: 1
 0.99706007033948296
 0.81741217677477895
 0.40749676511192734
 -0.11721173552297842
 -0.72295709950342013
 -0.99739959216031482
 -0.81477298767905471
 -0.40332217000396425
 0.12174574039319934
 0.72610466550790553
 0.9977183133033527
 0.89173695753970295
 0.5345505649007124
 0.026779638075654512
 -0.6161208997466926
 -0.93240144544834269
 -0.98602164326815445
 -0.65396009222976592
 -0.022214290997900961
 0.61971144815431445
 0.97764774684509548
 0.94753482023462876
 0.65049842763434806
 0.017648480643128749
 -0.62328907253604104
 -0.97859770037839833
 -0.94606518067421075
 -0.64702319695337762
 -0.16571279352017626
 0.50044297299076146
 0.93726536135324057
 0.94457581101048138
 0.5190242297318719
 -0.14437579056859726
 -0.74161405106639489
 -0.98043636236127607
 -0.88117195914959878
 -0.37810102247061
 0.14889314503908596
 0.63394365677250586
 0.94041029539182541
 0.94153800602658821
 0.51119579255227765
 -0.15340739435657474
 -0.63746884165893469
 -0.98219323712585571
 -0.93998963405957092
 -0.6329880670983572
 0.0051841873744737305
 0.51617351493844721
 0.88175517967331396
 0.99894370498287544
 0.74078502926765999
 0.14315364154996899
 -0.38346563566337838
 -0.8839001337219804
 -0.9792778829548171
 -0.62589100331904679
 0.014317164436864309
 0.52397452491172358
 0.94646456283791902
 0.9352270289765664
 0.49541164415814748
 -0.018883252709112678
 -0.52785867935254538
 -0.94792886150570133
 -0.93360044124798824
 -0.49143957136519584
 0.17592877097638684
 0.76267586066973059
 0.99991852928111491
 0.77893777070989356
 0.20100039576986675
 -0.46904757370125261
 -0.854924397079591
 -0.99996639480875027
 -0.86331479112535514
 -0.48346476204753758
 0.18491229583117941
 0.66176881208249749
 0.95220302359858278
 0.92860399486731282
 0.47946219183674782
 -0.18939832058294218
 -0.77146501428768111
 -0.98840003545151311
 -0.9268997341204479
 -0.47544962248554806
 0.041705882764596969
 0.5471127128822183
 0.95495322397815896
 0.92517614296391726
 0.47142713767571365
 -0.046268180162347322
 -0.67197750908508203
 -0.98974591263666278
 -0.92343325734306048
 -0.59698662027215366
 -0.1023670206571104
 0.42108968274909531
 0.82592413058045877
 0.99580452529075758
 0.80871789563453389
 0.39381295355228096
 -0.1320303058023965
 -0.73319467094717705
 -0.99836468747738893
 -0.80602334155402411
 -0.24431312492717491
 0.42935621049938855
 0.8310388742053465
 0.99492723749659617
 0.80331197793003184
 0.23988225937810825
 -0.29069053647477588
 -0.8335702757343435
 -0.99445746524175327
 -0.6996238189346462
 -0.23544639110632265
 0.29505700746927255
 0.83608429323105826
 0.99905415417283672
 0.79783904858190768
 0.2310056126214613
 -0.29941732507672353
 -0.83858087426586858
 -0.99345571300162749
 -0.69306877966779146
 -0.22656001653555566
 0.3037713983630882
 0.74852947834240957
 0.99940963070714672
 0.79229956413757341
 0.36848215629705672
 -0.15913780551172138
 -0.75154986251153877
 -0.98326668640036863
 -0.8740126725681886
 -0.36423294539298129
 0.1636446553781746
 0.6454230546514419
 0.98408835915254311
 0.93640143507562779
 0.49830303575211032
 -0.16814809245020726
 -0.75754354767471233
 -0.98488950883147741
 -0.93478907361285146
 -0.62135568833296584
 0.020117995974901666
 0.65237239211708042
 0.98567011872926791
 0.86727390563586582
 0.35144009166889539
 -0.17714435260911662
 -0.65582668926092402
 -0.94976063540733258
 -0.97614409660076507
 -0.72754477087597536
 -0.12382663922268553
 0.53663638247872347
 0.8928520251403671
 0.99754851296243552
 0.7244041494288006
 0.11929378837014401
 -0.40558109087941591
 -0.8162025324656873
 -0.9968972164669998
 -0.81861822739462087
 -0.26519862563593694
 0.26555843582412669
 0.81883250830413812
 0.99686777156496353
 0.7180776501989149
 0.11022071766582678
 -0.41391256458337461
 -0.8214454074650902
 -0.99649621282851231
 -0.81333847222205879
 -0.25638127759757734
 0.41806539666547804
 0.82404117545676947
 0.99610387225416208
 0.71169124950496054
 0.25196453736646229
 -0.42220951003176449
 -0.90290150563228622
 -0.99569075802413742
 -0.70847575239886129
 -0.24754254243781962
 0.28312416121273076
 0.82918110175267723
 0.99843452487561368
 0.88642587904608383
 0.52470834344777251
 0.015178857643599331
 -0.62521865425110601
 -0.97910298922187333
 -0.9452620882248215
 -0.52081531747420562
 -0.010612519844126429
 0.62877621856052379
 0.93812356967355703
 0.94376206025673304
 0.5169114299445664
 0.0060459607215172474
 -0.50652267418638353
 -0.87640231771474386
 -0.9823547792959354
 -0.63813259114658893
 -0.15425892329711394
 0.5104549277021273
 0.94124731455764654
 0.98149043871780584
 0.63460990942125484
 0.14974527051499953
 -0.51437653572680986
 -0.94277975874313913
 -0.98060562924582517
 -0.63107399296399125
 0.0076540922221998405
 0.51828741647559129
 0.94429254134249685
 0.97970036933262528
 0.73912359746495881
 0.14070869037571973
 -0.385745604551474
 -0.80353417917116288
 -0.99496471019671173
 -0.9061106297105701
 -0.42901913846794526
 0.093648972674699113
 0.70638470056819525
 0.99541203730261552
 0.90416927843456896
 0.42488958070177318
 -0.24910034005624931
 -0.80893734916154614
 -0.99807011221661501
 -0.72982650510156966
 -0.12713204761900493
 0.53382203888218283
 0.89134662124414976
 0.97587520923888271
 0.61319848021496159
 0.12260107148084838
 -0.53767806436940646
 -0.89340751673744401
 -0.97486798882213244
 -0.72355223348021303
 -0.26840959403777453
 0.40670962430749003
 0.81691543813106104
 0.99712573352919132
 0.72039243045416079
 0.26400766539263876
 -0.4108773314811992
 -0.81954080132062368
 -0.99676934151320351
 -0.81527233200084659
 -0.25960023089167666
 0.27114732344725678
 0.7255118448645036
 0.97549745364196949
 0.89212663156298533
 0.39992917948887952
 -0.27554012313034693
 -0.72864713064226683
 -0.99796160082336238
 -0.80994942734813913
 -0.39573941326269363
 0.27992717644922605
 0.73176722055036192
 0.99824262928657892
 0.88796312222442753
 0.52754167927373141
 0.018510126722055167
 -0.49573578531813189
 -0.87033140566819012
 -0.98460972637384481
 -0.64768004358274611
 -0.16656260382129034
 0.36147603246699667
 0.87257127982306093
 0.99963987460314707
 0.75349825716331365
 0.31093239590335586
 -0.36573017458993407
 -0.79049099111966836
 -0.99950690302815837
 -0.84265668830487783
 -0.30658881036181568
 0.3699766894433123
 0.79327973525618889
 0.99311344578741001
 0.91318405167090688
 0.57600790846049943
 -0.076679152360381836
 -0.69422716638980897
 -0.96476233464793859
 -0.9635209932503046
 -0.69085283187719815
 -0.072014472536457833
 0.44852662828523909
 0.84271640179536644
 0.99951037938318776
 0.87473921650293274
 0.36562694772596338
 -0.31103780472960529
 -0.75357116913722322
 -0.99964284468553211
 -0.78761742848407368
 -0.21465784932817325
 0.45667099943363915
 0.84759824388955052
 0.9997544625272542
 0.78479537339350902
 0.21019535842160308
 -0.31970511255027162
 -0.75954367243008336
 -0.98541644943190609
 -0.93369438927448234
 -0.61894775499252752
 -0.12984163913676627
 0.53150967624598833
 0.89010471046960693
 0.99795451682541114
 0.72857116629725449
 0.12531223791860269
 -0.40003082953286218
 -0.8126839849710944
 -0.99765217058657929
 -0.82208593102390259
 -0.27104056840503038
 0.40421205162844998
 0.81533655147607031
 0.99732901840245536
 0.81947724355123819
 0.41077621495512678
 -0.26411463704382998
 -0.72046934828005249
 -0.99713413031232534
 -0.89540040259902232
 -0.40660830075807419
 0.26851643083041526
 0.72362878561645982
 0.99746922224264523
 0.81420865299611456
 0.40243190678191099
 -0.27291262473125366
 -0.82319200887121757
 -0.99778351204304205
 -0.81154885978959945
 -0.39824712012492786
 0.12724205514016593
 0.72990232107662467
 0.97688579182994772
 0.94867753784339925
 0.52986082427676207
 -0.13177031438553685
 -0.73301628836640964
 -0.99834965947009091
 -0.80617855486628232
 -0.38985271803506466
 0.28606669089249703
 0.83089296006415125
 0.99860150528978953
