# Created by Octave 8.4.0, Thu Dec 11 09:16:06 2025 IST <gamana@Samsung>
# name: iq
# type: matrix
# rows: 2048
# columns: 1
 0.99706007033948296
 0.71979445629436789
 0.11267528621267162
 -0.54607854638925091
 -0.89785314323009247
 -0.97259255895290297
 -0.60163096747855127
 0.045034489605138867
 0.67106240716536125
 0.98956875465747796
 0.92390648709702716
 0.46848624543001655
 -0.20162286006192071
 -0.77933612006197039
 -0.99991021581557793
 -0.76226469412163411
 -0.1753031728413719
 0.49199291400905637
 0.86820355766283963
 0.99983859538937303
 0.8498160331918907
 0.31935148523341417
 -0.35745931769917083
 -0.87046054131309936
 -0.98456385395974688
 -0.6474801846370748
 -0.16630397896964264
 0.49992385083580554
 0.8726993715879271
 0.98375429633035505
 0.75332579332272687
 0.31068310305869751
 -0.21947997054318219
 -0.68781486305698147
 -0.96239019836420125
 -0.91492984919274301
 -0.44819305013874217
 0.22393303760226052
 0.69112259930416531
 0.99314413982746996
 0.91307712751093861
 0.44410603043884272
 -0.076940660499172919
 -0.69441592225238924
 -0.96483131411195144
 -0.91120536368867255
 -0.44000974894806411
 0.081493026630829843
 0.58003896657922716
 0.96602170240438701
 0.90931459676141035
 0.43590429109398116
 -0.086043693232830662
 -0.58375290518547418
 -0.91701713273622421
 -0.96096389680019023
 -0.68402937113825946
 -0.062640100920432637
 0.45690432002071296
 0.91882899113769867
 0.95969038861323452
 0.68069103463022174
 0.20993892776505721
 -0.46096171270085173
 -0.92062168744411577
 -0.99075723812089034
 -0.67733850237256721
 -0.053522108383987854
 0.46500949206638426
 0.8525464919069532
 0.99991852928111491
 0.86561044910871676
 0.34831893420021354
 -0.32859348091960006
 -0.854924397079591
 -0.98947700756754897
 -0.67059113056997532
 -0.19652479537939213
 0.33290317762689803
 0.76855130411611672
 0.98769617024506995
 0.92860399486731282
 0.47946219183674782
 -0.037142715594454159
 -0.54328440608521777
 -0.95358806728458312
 -0.9268997341204479
 -0.47544962248554806
 0.041705882764596969
 0.5471127128822183
 0.95495322397815896
 0.9723046650902295
 0.60064404025869844
 -0.046268180162347322
 -0.55092960969335636
 -0.90039247786769683
 -0.9712272096662482
 -0.71255826934013666
 -0.25315947834227942
 0.27755511442268971
 0.82592413058045877
 0.99809321681110275
 0.88909638161822035
 0.52963836788862773
 0.020979600942368393
 -0.49358918395682855
 -0.9344826169515198
 -0.98503839069289045
 -0.64955995649615195
 -0.1689975465227028
 0.49755567898470887
 0.87136207831000456
 0.99970310675110219
 0.84642470283328231
 0.45470586321335715
 -0.065105013155937183
 -0.56657560757064096
 -0.90844011502318567
 -0.96656151042960048
 -0.58174569153089484
 -0.083582637076471816
 0.43812590268212964
 0.9103395938539478
 0.96538036905262048
 0.6959231720412592
 0.079031039481038554
 -0.57407791745470427
 -0.91222008763525775
 -0.99338706034829882
 -0.79471385035233399
 -0.37216731045212564
 0.15521990264824989
 0.63888119294273482
 0.94256769103511717
 0.93936212190982626
 0.5056837509888833
 -0.0070186351243288854
 -0.5177438501891326
 -0.94408321150734609
 -0.93778628091338123
 -0.5017386946196043
 0.16423604820363752
 0.7549478544265199
 0.98419470203205239
 0.87149073500076379
 0.35941675965785358
 -0.31736381384729234
 -0.84870900418237416
 -0.99112415953073163
 -0.67934600227974873
 -0.20814497571020177
 0.32169112912610048
 0.76090585590764914
 0.99987992114534174
 0.78064825179414798
 0.35087876671096063
 -0.32601173556565088
 -0.8535038514756933
 -0.98986864202460945
 -0.77778605465602391
 -0.19920301606094334
 0.33032554306011602
 0.76680038323000432
 0.98726520282524977
 0.86238753857084249
 0.48185811012784718
 -0.034412226326070341
 -0.54098853304387418
 -0.89516671019734817
 -0.9739846416439677
 -0.72083302870849542
 -0.1141628857655048
 0.54482362820236752
 0.95413885114572949
 0.92620967709367286
 0.6028262662184477
 0.10962484661941579
 -0.41445822861210652
 -0.89920037971003641
 -0.99644589250719506
 -0.8129895401913837
 -0.40051154007206008
 0.27492919280489736
 0.82438066428653922
 0.99605082436071568
 0.81032196923136679
 0.25138433026619494
 -0.42275288344574552
 -0.82695698694418485
 -0.99563498366487102
 -0.70805253408118418
 -0.095997390681856934
 0.42688702935371275
 0.8295160634890768
 0.99519837909198194
 0.70482032713478615
 0.091450774980200711
 -0.43101227257150254
 -0.90704235677475153
 -0.9674105193813286
 -0.70157342122455979
 -0.23810093781279595
 0.43512852706753002
 0.8345822651241197
 0.99893161851503542
 0.88187887015013433
 0.51639813837311055
 0.005446466656266781
 -0.50703949142794102
 -0.87669086913002936
 -0.99937573922465328
 -0.74788412868125476
 -0.15366656742847584
 0.51097035211053232
 0.94144960872359518
 0.98137545065624499
 0.74484481718296036
 0.14915249931032143
 -0.51489055655288429
 -0.88104792251660446
 -0.9990113855659839
 -0.74178997201371843
 -0.14463532063038551
 0.51880002299952621
 0.94448967275556528
 0.93735676535810908
 0.62705803109328695
 0.14011512559396239
 -0.5226986699188424
 -0.88533147958915415
 -0.99856369517541654
 -0.73563393581916581
 -0.13559200846936478
 0.3905068220229197
 0.88744558510144256
 0.97770285810336988
 0.73253287317743021
 0.28100613039472744
 -0.39470685938945244
 -0.80928964907531076
 -0.99589306163665337
 -0.90195034323742196
 -0.55392544587614156
 0.10333455741059976
 0.7132403876757174
 0.97145840219953794
 0.95601360429414595
 0.67125684091562299
 0.04529650493705354
 -0.60142144191066849
 -0.92554488003732771
 -0.95466411877607582
 -0.54629825097485496
 -0.040734014305628702
 0.47630511916939311
 0.92726435688547848
 0.98825184187956794
 0.77084575096264307
 0.33629004696919496
 -0.34065773071631095
 -0.77379427491261488
 -0.9889505977893237
 -0.8567832820780219
 -0.33198580663880228
 0.34494773752928914
 0.77667892647719483
 0.98961727890937345
 0.9237774076299472
 0.46818829390851685
 -0.20195314414651017
 -0.77954738047339189
 -0.99990564019671446
 -0.85203770817596947
 -0.464148139626821
 0.20642364779482933
 0.67805376596341482
 0.95867405792466798
 0.92024145753600073
 0.46009830557788145
 -0.059052735788742081
 -0.56156844030411857
 -0.90588859223877527
 -0.99501714838476762
 -0.80384632102063036
 -0.38622951874564443
 0.14018932395002348
 0.62711640397435597
 0.93738286894452327
 0.94446504989139402
 0.51873595737724332
 -0.14470947024985625
 -0.63066698845287272
 -0.98050268395307083
 -0.94295452778891731
 -0.51482631406600432
 -0.003612003576097977
 0.6342044204286742
 0.98138984345368674
 0.94142434045552237
 0.51090593409880236
 -0.00095470993008341055
 -0.63772862612896031
 -0.94206652672674507
 -0.93987451980311765
 -0.63272696759215707
 0.0055214035258760244
 0.64123953205676343
 0.9831027439923048
 0.93830509815306196
 0.50303329145536235
 -0.16275893470427472
 -0.64473706499241601
 -0.98392844930791656
 -0.87222403267404025
 -0.36081356617801502
 0.16726305010571701
 0.75695720037518566
 0.99976756718698545
 0.86998133186959403
 0.49511868617650917
 -0.019220412485174646
 -0.65169172040484546
 -0.98551828393206375
 -0.86772048768357102
 -0.35228043953203181
 0.17626072228136108
 0.76289392539196699
 0.99992277691483245
 0.77872625473123713
 0.34800281151606666
 -0.18075409140989987
 -0.65859201221444852
 -0.98702590740807916
 -0.93016513476203078
 -0.4831695435136964
 0.18524369092832746
 0.7687670104067964
 0.98774885039587357
 0.92847880871813848
 0.47916623207818182
 -0.18972942720639832
 -0.77167953460243732
 -0.99999919043919605
 -0.77005845524957273
 -0.187230145560146
 0.34181858154243305
 0.77457596549159458
 0.98913292348678583
 0.92504810217897204
 0.60037439234906187
 -0.046605037363985337
 -0.67222720714079276
 -0.95639701164548396
 -0.97114684364983439
 -0.71232163022430739
 -0.10203156538250441
 0.5550155623611589
 0.95772083556631227
 0.97004763859141163
 0.59304526398535662
 0.097487628719073738
 -0.55880854320983553
 -0.90447252011329171
 -0.96892820327769935
 -0.70588167261913093
 -0.24398610906956891
