# Created by Octave 8.4.0, Thu Dec 11 09:16:06 2025 IST <gamana@Samsung>
# name: iq
# type: matrix
# rows: 2048
# columns: 1
 0.99706007033948296
 0.81741217677477895
 0.40749676511192734
 -0.11721173552297842
 -0.60890133064396568
 -0.97467563508643473
 -0.89379434027545168
 -0.53840448048633571
 -0.031344426666491253
 0.61251750219373202
 0.9756866937503218
 0.95041478686084535
 0.65740811854692949
 0.17920756624578818
 -0.34947630729317497
 -0.86622816469789188
 -0.98602164326815445
 -0.7618765189682617
 -0.32310844176316006
 0.20668027481499857
 0.78256289391760381
 0.99092400356524601
 0.92013878115657166
 0.45986541708857864
 -0.059314559022868391
 -0.56178544187468848
 -0.96003675884366646
 -0.91834089914126482
 -0.58645480711822251
 -0.089362596629136537
 0.5655575416944385
 0.90792318296106844
 0.99452407799023024
 0.8009644889521762
 0.23606395286305812
 -0.29444976525794719
 -0.83573550265197849
 -0.99902631993877522
 -0.79822199612300271
 -0.37754595515819683
 0.14948593972267568
 0.63440718674615271
 0.98144017484354107
 0.94133585988494217
 0.51068044846592586
 -0.1539997744139284
 -0.74810794332050845
 -0.98230569151471603
 -0.93978491259906771
 -0.50674880414080337
 0.15851039745388298
 0.75113050352384558
 0.99953697267526553
 0.87432127497765744
 0.36482469394694789
 -0.31185672933426212
 -0.84562645019083471
 -0.99966550404728993
 -0.78708613347960132
 -0.36056893869878703
 0.16752163237433296
 0.7571285669469523
 0.99977318748613397
 0.78426098528443078
 0.20935274634661827
 -0.32052155160483159
 -0.76010394507765244
 -0.98556272514868337
 -0.86759008943263682
 -0.3520349582153795
 0.17651889277400565
 0.76306347130970409
 0.98632564038788906
 0.93173685042504906
 0.48693370707140277
 -0.028613416223251562
 -0.65878935756162205
 -0.98706798589555911
 -0.86301208685108277
 -0.34347161125692577
 0.3334684266427943
 0.85759296924080952
 0.99999540351778604
 0.86069606453987113
 0.47893600348116838
 -0.18998693966562338
 -0.66563312401798547
 -0.95376841510680677
 -0.92667456830169237
 -0.47492212768549869
 0.19446848906226558
 0.66903422027829129
 0.98917145136069295
 0.85601021937775568
 0.33057309196900747
 -0.34635271246754379
 -0.86455865896230799
 -0.98657129559318824
 -0.65647701852210572
 -0.17799244441910247
 0.4896123951713961
 0.9328470854580132
 0.94859455951793425
 0.52963836788862773
 0.020979600942368393
 -0.6206802229306233
 -0.9344826169515198
 -0.98503839069289045
 -0.75810582758173006
 -0.1689975465227028
 0.49755567898470887
 0.93609865989502394
 0.94566435559940187
 0.52186918309512553
 0.011847420072184065
 -0.62781543718359556
 -0.97977511379001769
 -0.94416965564365596
 -0.51796822483325666
 -0.007280911407297354
 0.50545745710063528
 0.87580690915030124
 0.98258500433542573
 0.74910065255297842
 0.30459234863209911
 -0.22572055441760619
 -0.79455462137295907
 -0.99335691254234948
 -0.83905004463376487
 -0.30023946390148659
 0.23016704923830103
 0.79731920643367349
 0.99387206381583204
 0.83655675988810607
 0.43836165735905963
 -0.083321268984552388
 -0.69900780262412576
 -0.96649421867844976
 -0.96171624803204947
 -0.68601985967528778
 -0.21706957207182662
 0.4544722474186727
 0.91774726849180999
 0.96045472696749501
 0.56302347038087841
 0.060809116983152368
 -0.45853535123706013
 -0.84870900418237416
 -0.99979872672709624
 -0.86924208047228424
 -0.35515146651018259
 0.17323849331905522
 0.76090585590764914
 0.98577106854626595
 0.93294154673311502
 0.61729952884911965
 0.12776233975286863
 -0.53328457614273284
 -0.94994809580360839
 -0.93128767720556305
 -0.61370033579439642
 0.029847866612347472
 0.65971796292075569
 0.98726520282524977
 0.86238753857084249
 0.34231150373757346
 -0.18671483023342564
 -0.769723690212191
 -0.99999838537229402
 -0.86006665733274223
 -0.47785151315373381
 0.19119927952835253
 0.7726309446768147
 0.9999961643602806
 0.85772783948271503
 0.47383495062976799
 -0.19567974137969191
 -0.66995158466004767
 -0.98935194803207749
 -0.85537113379660201
 -0.46980850632099586
 0.20015612234780542
 0.67333494291237483
 0.95683324420089355
 0.92272770475762633
 0.46577226419855994
 -0.052661536885855127
 -0.67670425882568808
 -0.99063997145637572
 -0.85060425588363664
 -0.46172630843791007
 0.20909626830340569
 0.68005946213323143
 0.95944781899102105
 0.9191687592134139
 0.45767072341707316
 -0.061779983200696019
 -0.56382707900378393
 -0.9607251061180615
 -0.9674105193813286
 -0.70157342122455979
 -0.08690225208096268
 0.43512852706753002
 0.90895566155885299
 0.96624408194516875
 0.58074075304553097
 -0.070893275878694623
 -0.69003969817690514
 -0.96321954664810927
 -0.91368666731604986
 -0.57701699460184863
 0.075447752015456837
 0.69333775430174116
 0.96443664802979368
 0.96385077902166005
 0.5732812025212044
 0.073246188974974799
 -0.57881866479899224
 -0.91458168115546734
 -0.96262396344641865
 -0.56953345471323735
 0.084551888970616357
 0.58253657800469949
 0.91641892573554706
 0.9921432504235741
 0.68512078785332353
 0.21586387531466605
 -0.45557197083872231
 -0.84694227072087613
 -0.99972633443905379
 -0.78556015859060346
 -0.21140258585673893
 0.31853470610870327
 0.84936148751235574
 0.99982274110411873
 0.8686308609726765
 0.49274300226057965
 -0.17445466609343432
 -0.76170660622616937
 -0.99989829655683926
 -0.86635918424039315
 -0.34972204005644508
 0.32717899269765544
 0.76465753306271111
 0.98672970031970908
 0.86406943966609229
 0.4847748679069947
 -0.18344064817265887
 -0.66064556209724501
 -0.98746091400676894
 -0.92915854587502744
 -0.48077559422967447
 0.18792794758620526
 0.77051148493708665
 0.99999984205834835
 0.77122750954177499
 0.3368545744428309
 -0.34009402346415307
 -0.77341438789128647
 -0.98886154633826362
 -0.92574337325759704
 -0.6018404516588296
 0.044772471175195144
 0.5496794507487891
 0.9558596058549732
 0.97158270081850562
 0.5981871302220686
 0.1038563009623451
 -0.55348863374498325
 -0.9571914453849667
 -0.92225097586733729
 -0.59452133364708126
 0.053894760962600277
 0.55728627378607698
 0.95850332277440242
 0.96938031739622599
 0.70717990245368956
 0.24576473929266096
 -0.42800350042979229
 -0.83020514487898067
 -0.9985354528649969
 -0.80420278370808562
 -0.386782433394182
 0.28925760604766027
 0.83274223452308671
 0.99877210533894034
 0.88344480975007722
 0.38256711674833077
 -0.29362607469684976
 -0.83526195740363451
 -0.99413005902736373
 -0.69742736225788915
 -0.081121071009057535
 0.44034484140373442
 0.91135903725470646
 0.964733146222856
 0.69414733525730998
 0.076568570188056032
 -0.44444036922624158
 -0.84024909304288897
 -0.99935706938277469
 -0.87694309315205521
 -0.36987364886653651
 0.15765944704572057
 0.64077939301056042
 0.98299282535971388
 0.93851224311500481
 0.50355133254811568
 -0.0094885067303111005
 -0.64427868567325608
 -0.94489469349560051
 -0.97933096713068779
 -0.6260955390552706
 -0.13889222366261242
 0.52375111157019172
 0.88590502024865936
 0.97839707357332473
 0.62252813840774579
 0.13436833251938127
 -0.39164344489493441
 -0.80732806228184006
 -0.99823605081354361
 -0.82725181834082195
 -0.27982070046704954
 0.39584126483067594
 0.89010471046960693
 0.99795451682541114
 0.72857116629725449
 0.12531223791860269
 -0.40003082953286218
 -0.89217673280036824
 -0.99765217058657929
 -0.82208593102390259
 -0.27104056840503038
 0.2597073351704795
 0.71729488562092358
 0.97281826606090593
 0.95429575624973262
 0.54526342836913111
 0.039500030374461016
 -0.60604645730021167
 -0.92772603447345159
 -0.95292098208008913
 -0.54142963429734614
 0.11817767027670485
 0.60967262901388219
 0.92942093762242273
 0.95152633483001159
 0.66011209043206842
 0.18274224487078436
 -0.48539609972578496
 -0.86442682365432499
 -0.98661410065177779
 -0.76419952433889138
 -0.17825053310852398
 0.48938368325399473
 0.93275256001014872
 0.98585910900799767
 0.65322391081068121
 0.17375510394757721
 -0.49336106072996849
 -0.86898262245016622
 -0.9998091133022865
 -0.84898630942477415
 -0.31786121809897533
 0.35892719724832056
 0.87123336167618004
