# Created by Octave 8.4.0, Thu Dec 11 09:16:06 2025 IST <gamana@Samsung>
# name: iq
# type: matrix
# rows: 2048
# columns: 1
 0.99706007033948296
 0.81741217677477895
 0.2631763561998442
 -0.41166286191191009
 -0.89785314323009247
 -0.99669975492155383
 -0.71661680183738552
 -0.10813648706951674
 0.54989853666459632
 0.89985447880301794
 0.99631865342087256
 0.71342420240216764
 0.25435403320662997
 -0.27636844752632383
 -0.82522724334078956
 -0.99801622712169602
 -0.88966097771079677
 -0.39494783328271993
 0.28075440618218883
 0.73235430365016874
 0.97764774684509548
 0.88756644408310237
 0.52680937032475517
 -0.13533214306748165
 -0.73545624545231092
 -0.99854960836650131
 -0.80404686683955928
 -0.38654055032865986
 0.28950866682443271
 0.83288742170822871
 0.99878506466934591
 0.80132327513146184
 0.3823247730738224
 -0.29387678624149521
 -0.74161405106639489
 -0.98043636236127607
 -0.88117195914959878
 -0.37810102247061
 0.29823877688491174
 0.83790744708233544
 0.99359601208065884
 0.69395851144652154
 0.076307054549183448
 -0.44467530925009219
 -0.91333608119151988
 -0.96345076458911849
 -0.57205376644090067
 -0.071752868069691278
 0.44876103338158679
 0.84285757488642232
 0.99951855157608782
 0.79026236628191826
 0.21885994682257345
 -0.3112870671345041
 -0.8453062979285888
 -0.99195482049672057
 -0.78745579190865311
 -0.36112805074835524
 0.16693057028402239
 0.64796433750803051
 0.94646456283791902
 0.97834281697030223
 0.73461889791047752
 0.28395058142647778
 -0.39188476247376564
 -0.88813469650019505
 -0.97738734773531
 -0.73151281938767621
 -0.12958157197863263
 0.53173182534861707
 0.94937339120327868
 0.93195438336710679
 0.6151476976129181
 -0.028014152610905268
 -0.53559388212582526
 -0.89229517179135864
 -0.97541527964386687
 -0.61154083816441651
 -0.12051985628836237
 0.539444769141321
 0.95220302359858278
 0.92860399486731282
 0.60792122508734092
 -0.037142715594454159
 -0.66518560712459007
 -0.95358806728458312
 -0.97336184318883701
 -0.60428893386840432
 0.041705882764596969
 0.66858852978133054
 0.95495322397815896
 0.9723046650902295
 0.60064404025869844
 0.10690866857780772
 -0.55092960969335636
 -0.90039247786769683
 -0.9962120225343184
 -0.71255826934013666
 -0.1023670206571104
 0.55473501691758409
 0.90236996494666444
 0.99580452529075758
 0.70934677942200919
 0.24873889534825208
 -0.42522738066342897
 -0.82849014143618427
 -0.99836468747738893
 -0.80602334155402411
 -0.38961117419928509
 0.13655565629267968
 0.73629247129767361
 0.99861533733890595
 0.88487879609434716
 0.38540126954067483
 -0.14107815892716888
 -0.62781543718359556
 -0.97977511379001769
 -0.88274230014638688
 -0.51796822483325666
 0.14559771938948285
 0.63136344189249582
 0.98067870320139328
 0.88058739468803771
 0.51405646439116126
 -0.15011424342459914
 -0.63489827957422962
 -0.98156184064759078
 -0.8784141246596503
 -0.51013398334824778
 0.15462763684080572
 0.6384198765100676
 0.9423672782316922
 0.9808469264002444
 0.74301898606732286
 0.14645026886832396
 -0.38038646433654111
 -0.80006716347485207
 -0.99436648797780181
 -0.83404602882728585
 -0.29151500094968152
 0.23904554590989419
 0.70226622907149605
 0.96765636088201856
 0.96045472696749501
 0.68269004969697578
 0.060809116983152368
 -0.45853535123706013
 -0.84870900418237416
 -0.99979872672709624
 -0.7834941685839707
 -0.20814497571020177
 0.32169112912610048
 0.76090585590764914
 0.98577106854626595
 0.93294154673311502
 0.48984107340721511
 -0.025282884424066471
 -0.53328457614273284
 -0.89105836659263005
 -0.97601375467033502
 -0.72713334434054777
 -0.12323172689716683
 0.40195163755402535
 0.81390399247921841
 0.99657709558577379
 0.82089030337516489
 0.41302690829119881
 -0.11118743406544458
 -0.60407993511190405
 -0.92680126506087157
 -0.98843983512506073
 -0.66538142519188515
 -0.18965584981998099
 0.47923200562359664
 0.92850663698750324
 0.98773715340256729
 0.66196542496401622
 0.18517004939254975
 -0.3437882972126497
 -0.77590042571686879
 -0.98943902375805948
 -0.92424961311068343
 -0.46927919879232782
 0.048699420167262614
 0.55295926305115228
 0.90144878500030279
 0.97064466785397419
 0.59503218556979909
 -0.053260199497821945
 -0.55675851408126154
 -0.90341624705829937
 -0.96953617140151371
 -0.70762906128587488
 -0.095400638252584768
 0.56054615396318941
 0.95961663851846379
 0.91893247106273235
 0.4571376091762453
 -0.062378330857600917
 -0.68383802411548178
 -0.99192158334645664
 -0.84544640193264708
 -0.31153630812522931
 0.36513865163940556
 0.87448489466216361
 0.98308902348526839
 0.64118202727612839
 0.005446466656266781
 -0.50703949142794102
 -0.93990010998605222
 -0.98224247935955056
 -0.74788412868125476
 -0.15366656742847584
 0.51097035211053232
 0.94144960872359518
 0.98137545065624499
 0.63414647918112677
 -0.0036869410735316153
 -0.51489055655288429
 -0.94297947361517021
 -0.93893789853280041
 -0.50461792658281668
 0.1609486409301393
 0.75275876160493482
 0.99960907857219627
 0.87311982178659209
 0.36252386579059354
 -0.16545413114529683
 -0.64682319170808622
 -0.94598017464972417
 -0.93575608369329677
 -0.49671169676217664
 0.017386237901099992
 0.65029919933927494
 0.94745094821337439
 0.93413588692046379
 0.61991727432530874
 -0.021952071972139286
 -0.65376164503981937
 -0.98597790847448374
 -0.86635918424039315
 -0.48876403164850379
 0.02651744823474227
 0.657210456600686
 0.95033318806978884
 0.97574414474424187
 0.61272480455341882
 -0.031082271478345323
 -0.53818343962477888
 -0.95174459425370317
 -0.97473425416316417
 -0.72313828409462411
 -0.26783204073746153
 0.2629233102303789
 0.71961235803183343
 0.99703993890935871
 0.8175632376215648
 0.263429384064785
 -0.26732660262920321
 -0.81988418229177085
 -0.99672101181221351
 -0.71679971094190253
 -0.25902123359623186
 0.27172431995601209
 0.82249020627722469
 0.99770057115957789
 0.81226981941563969
 0.25460768126343408
 -0.41973116691975981
 -0.9017236907083076
 -0.97049162886470242
 -0.71040134292978407
 -0.25018881911059687
 0.42387175357822654
 0.90368853347506051
 0.96938031739622599
 0.59084313838376756
 0.094768043247161982
 -0.42800350042979229
 -0.90563452989963877
 -0.96824878958938965
 -0.58715262114053235
 -0.090220902426703026
 0.43212632130727791
 0.83274223452308671
 0.99461377204279167
 0.80148015353013036
 0.38256711674833077
 -0.14411625057484284
 -0.74143807910168669
 -0.98038470181884685
 -0.94315394611726344
 -0.51534017297971846
 0.14863378052513182
 0.74449470450516952
 0.98127454676752734
 0.87912868123273025
 0.37411263632579783
 -0.30234455038368657
 -0.84024909304288897
 -0.99310044604073633
 -0.79321220308449691
 -0.36987364886653651
 0.15765944704572057
 0.75056131278222915
 0.98299282535971388
 0.87473921650293274
 0.50355133254811568
 -0.0094885067303111005
 -0.64427868567325608
 -0.98382122316867648
 -0.87251709724699622
 -0.4996006065460008
 0.014054907842664553
 0.52375111157019172
 0.88590502024865936
 0.97839707357332473
 0.73479682639496002
 0.13436833251938127
 -0.39164344489493441
 -0.80732806228184006
 -0.99558588756232258
 -0.82725181834082195
 -0.42322821055179527
 0.10002008265532036
 0.71090114945891436
 0.99600411379319209
 0.9014163428770583
 0.55289682253873451
 -0.10456284521516176
 -0.714105463842164
 -0.971750610450137
 -0.89942977303686911
 -0.41493556245154528
 0.2597073351704795
 0.71729488562092358
 0.99677824324039432
 0.81947724355123819
 0.26664197777726245
 -0.26411463704382998
 -0.81797211421139282
 -0.9969850670123489
 -0.7191188832853358
 -0.26223782635529558
 0.41254911937971112
 0.89828099129858441
 0.97236593164019758
 0.60085371918967001
 0.10716944470083213
 -0.41670479116656878
 -0.82319200887121757
 -0.99778351204304205
 -0.89129633857472446
 -0.53372825194534723
 0.12724205514016593
 0.61688675308117347
 0.97688579182994772
 0.94867753784339925
 0.65322391081068121
 0.02124182547795625
 -0.49336106072996849
 -0.86898262245016622
 -0.98508355736215503
 -0.75827684451423649
 -0.31786121809897533
 0.35892719724832056
 0.78599955294768586
