# Created by Octave 8.4.0, Thu Dec 11 09:16:06 2025 IST <gamana@Samsung>
# name: iq
# type: matrix
# rows: 2048
# columns: 1
 0.99706007033948296
 0.8958330830115131
 0.54224716769547932
 0.035908561572159783
 -0.60890133064396568
 -0.92906155275357227
 -0.98750228500057424
 -0.6608424346775631
 -0.031344426666491253
 0.48454544831307755
 0.86393738386991581
 0.98677225365717247
 0.7648265315825612
 0.32742682899836506
 -0.20221001589228241
 -0.77971163284007661
 -0.9902997991842033
 -0.85190037886372305
 -0.46391580451806957
 0.20668027481499857
 0.78256289391760381
 0.99092400356524601
 0.84949989429398942
 0.45986541708857864
 -0.059314559022868391
 -0.68159522404935846
 -0.96003675884366646
 -0.96803299318482094
 -0.58645480711822251
 0.06387260574650877
 0.6849297096298741
 0.99211040285063745
 0.84464582685674738
 0.31011321061357677
 -0.22006481733715735
 -0.68824991106358091
 -0.96255289322519511
 -0.96570177215863195
 -0.57903252519821957
 -0.080262094262641887
 0.57306627895981621
 0.91171342092136254
 0.99352809498320716
 0.7954628564466879
 0.37331329069111102
 -0.30316589222440382
 -0.84071604235180275
 -0.99299901827171977
 -0.79268712746483883
 -0.22272925180653891
 0.44929670050794807
 0.84318003849283296
 0.99953697267526553
 0.87432127497765744
 0.36482469394694789
 -0.1630177147739201
 -0.75413739896883958
 -0.99966550404728993
 -0.78708613347960132
 -0.36056893869878703
 0.31619243755180926
 0.8480552264261183
 0.99128758100646241
 0.68025173333747047
 0.20935274634661827
 -0.32052155160483159
 -0.76010394507765244
 -0.99986002074606939
 -0.86759008943263682
 -0.3520349582153795
 0.17651889277400565
 0.76306347130970409
 0.98632564038788906
 0.8653101111236956
 0.34775691095553296
 -0.181012047936218
 -0.76600708392244765
 -0.98706798589555911
 -0.86301208685108277
 -0.34347161125692577
 0.3334684266427943
 0.76893472152711884
 0.98778974619014315
 0.86069606453987113
 0.47893600348116838
 -0.18998693966562338
 -0.77184632306809275
 -0.99999882230188708
 -0.85836209249050632
 -0.33487961217098988
 0.19446848906226558
 0.66903422027829129
 0.95513095897934219
 0.97216437610049722
 0.60016461899422868
 0.10631258127998891
 -0.55142982772784532
 -0.90065314739641111
 -0.99615971215125476
 -0.71213752157466126
 -0.25257945801771692
 0.42163336854287486
 0.82626197125556577
 0.99813004161283114
 0.80836512406540517
 0.24815818877633955
 -0.28251463140679067
 -0.73360221314005569
 -0.998398779306784
 -0.80566836007221854
 -0.24373174421850885
 0.429897566468319
 0.83137217755029091
 0.99864669548498619
 0.88459937535560251
 0.38484800857883378
 -0.29126409986974627
 -0.73977842583670239
 -0.97989489953272035
 -0.88246046011956136
 -0.38062901780274139
 0.14619080877256765
 0.63182823598891091
 0.93947771061620244
 0.9824734317532009
 0.74870337284051514
 0.30402127670330764
 -0.2263045458482901
 -0.69287968350990514
 -0.96426848850398295
 -0.91208187615920255
 -0.5738017680491504
 0.079367201190443562
 0.57830034652362083
 0.91432450995893599
 0.99278065370158464
 0.68890093284016052
 0.069324945541670138
 -0.58201994412750735
 -0.91616441098525458
 -0.99222255238622448
 -0.78876855654392963
 -0.36311603830396288
 0.1648273820018433
 0.64633842309115219
 0.94577394736605036
 0.9359799933913362
 0.62399085977890023
 -0.016750856276448699
 -0.52604607935961889
 -0.94724746803781934
 -0.93436251019496674
 -0.62041578487416316
 -0.13169602945785097
 0.52992437655048663
 0.94870123394978223
 0.93272554095342031
 0.61682777125465127
 -0.02588219217722993
 -0.65673136249930986
 -0.98662631820244562
 -0.93106911980553142
 -0.61322689374806227
 0.030447098077451381
 0.66016837953679552
 0.95154938063428185
 0.9748760017603072
 0.60961322745036917
 0.11810325707900529
 -0.54149263660292424
 -0.9529437020089786
 -0.92769806037374358
 -0.60598684772426525
 0.039574909776025805
 0.54532624471903801
 0.89745750341030195
 0.97280090994462021
 0.60234783019754723
 0.10902893617327254
 -0.41500374368247817
 -0.89946252330987009
 -0.99639521405824028
 -0.81264031596820996
 -0.25522216160828837
 0.41915429501371138
 0.82471985682978322
 0.99795930465553018
 0.89007055452283868
 0.53144619835735418
 -0.12991594239927848
 -0.61900661196690854
 -0.93372121977050349
 -0.98540369521650351
 -0.75949492640487548
 -0.31963410662009878
 0.21026862166832103
 0.78484181438558576
 0.99141052713344413
 0.84755847652366645
 0.31530363260875299
 -0.2147310398654125
 -0.68427531959362287
 -0.99199745370587877
 -0.84512607876462709
 -0.3109665829688219
 0.36569669609986438
 0.79046895978453746
 0.99950803184176107
 0.84267605597806827
 0.30662304814909491
 -0.22364234870074773
 -0.6909070097649046
 -0.96354104640787885
 -0.9647426140393538
 -0.69417322737101594
 -0.22805311276076412
 0.44440814649572685
 0.84022958941548398
 0.9931046635132702
 0.79323410647955839
 0.36990706793053491
 -0.30666013863758729
 -0.75053754313392529
 -0.99950925326379858
 -0.87475664689714616
 -0.36566042720173336
 0.31100361850239777
 0.84514690900176237
 0.99199253296624257
 0.68424690285910295
 0.062937765640475776
 -0.45663899873170727
 -0.91871124287477057
 -0.99140542991536318
 -0.68090949590265359
 -0.21023052492737404
 0.31967102992783158
 0.84999372710788945
 0.99079765119439822
 0.78197937237721382
 0.20576368457975322
 -0.46474542610855263
 -0.92227994368472832
 -0.95716975147556826
 -0.55342621957623661
 0.10393083342588144
 0.59824718058907844
 0.97160043594038459
 0.95583758460567037
 0.67081235308410769
 0.19681722358073409
 -0.33262192165991472
 -0.76836045105227757
 -0.99999227854816175
 -0.86115278299169851
 -0.47972390636529832
 0.036844666524188871
 0.6649628784053786
 0.9883546949159574
 0.927011630027469
 0.60452654479767098
 0.11174447715168292
 -0.54686303302069939
 -0.89826518462114757
 -0.97237432869411289
 -0.71596315269290456
 -0.25786295993294456
 0.41667209244439368
 0.82317158576534022
 0.99778111780504808
 0.89131264766880269
 0.53375867004965782
 -0.12720637719662148
 -0.72987773309544224
 -0.97687810213150506
 -0.9486889126393494
 -0.65325114578609056
 -0.17379052692632241
 0.49332977261206301
 0.93437639462790911
 0.94723497803151258
 0.52601293859388787
 0.016711893972956141
 -0.49729694245383738
 -0.87121570443566143
 -0.99971032950275429
 -0.8465834875396222
 -0.3135621962710235
 0.21652236713460116
 0.78879250904799558
 0.99958999469226695
 0.84414400357421737
 0.45090005673276345
 -0.069363819495882412
 -0.68892917831117184
 -0.99278532689831345
 -0.91430872801111318
 -0.44681923025039266
 0.073918802608300443
 0.69223207366038986
 0.99332254714470691
 0.83921227324648817
 0.30052394351688672
 -0.22987679354026777
 -0.69552053257264068
 -0.96523400365410972
 -0.96303809447365774
 -0.68955139938468246
 -0.070220514796892591
 0.58128967641094287
 0.96641761755445421
 0.9617979407123759
 0.56703740584683626
 -0.087574122713836813
 -0.58499952832103697
 -0.96758107690326767
 -0.9605377287425112
 -0.56326993400177106
 -0.06110681555664401
 0.45827028031251482
 0.91943418850261982
 0.9592574848456541
 0.67956483567759041
 0.056548006847429534
 -0.59238255469116108
 -0.96984743531178053
 -0.90286929118684256
 -0.42214157768151089
 0.25203705689095912
 0.81071699771620309
 0.99611047806902719
 0.90089658058520161
 0.4179973205467552
 -0.25645371012622509
 -0.81338206817485037
 -0.99650247768692635
 -0.89890508186728502
 -0.54808336655674661
 -0.04286488531363869
 0.60336424775845621
 0.92646373697704298
 0.95393673023051972
 0.54425795057319359
 0.038301930067534518
 -0.47844386165224989
 -0.92817291142478686
 -0.98787691854701487
 -0.6626380579904444
 -0.18605220648153772
 0.34294512241960362
 0.77533375814590866
 0.99997523213711059
 0.76636729425171868
 0.32968888441963923
 -0.19986389567129473
 -0.77820978414336794
 -0.99993266392534941
 -0.76342563917189665
 -0.17707059926871024
 0.49042894838602247
 0.9331841524385166
 0.94829767569298717
 0.65231559488404356
 0.17257420962805015
 -0.3557818599547613
 -0.78391308801466753
 -0.9997849683101554
