# Created by Octave 8.4.0, Thu Dec 11 09:16:06 2025 IST <gamana@Samsung>
# name: iq
# type: matrix
# rows: 2048
# columns: 1
 0.99706007033948296
 0.81741217677477895
 0.40749676511192734
 -0.11721173552297842
 -0.60890133064396568
 -0.97467563508643473
 -0.95182505386520067
 -0.53840448048633571
 -0.031344426666491253
 0.61251750219373202
 0.9756866937503218
 0.89173695753970295
 0.5345505649007124
 -0.126277206267076
 -0.72923708866562187
 -0.99801622712169602
 -0.88966097771079677
 -0.53068550131166847
 -0.022214290997900961
 0.49251475324559779
 0.86850088041626661
 0.985250469487432
 0.65049842763434806
 0.17021463217652491
 -0.49648404018293579
 -0.93566355795921996
 -0.98445874839776404
 -0.64702319695337762
 -0.16571279352017626
 0.36227941227075194
 0.87299192731282182
 0.99961637728604458
 0.84464582685674738
 0.31011321061357677
 -0.36653212183670031
 -0.8752101648306293
 -0.99947947189198894
 -0.84219234522037123
 -0.44765705097149988
 0.22451727661408843
 0.79380414593267479
 0.9932140410785969
 0.83972129973922371
 0.4435688105502032
 -0.077538373483401396
 -0.57680275981140672
 -0.91358003901312201
 -0.96328999306189333
 -0.5715619408474234
 -0.071154896496347181
 0.44929670050794807
 0.84318003849283296
 0.99244923265600671
 0.68691788519972474
 0.21827493776079607
 -0.31185672933426212
 -0.84562645019083471
 -0.99187874960179634
 -0.78708613347960132
 -0.21381607161106853
 0.45743750616528306
 0.8480552264261183
 0.99977318748613397
 0.78426098528443078
 0.20935274634661827
 -0.46149364166221007
 -0.85046631654676685
 -0.99986002074606939
 -0.78141948139773487
 -0.3520349582153795
 0.17651889277400565
 0.65534683009168626
 0.98632564038788906
 0.8653101111236956
 0.34775691095553296
 -0.3291596362235587
 -0.85523523768182264
 -0.98939008741680945
 -0.77568764392683509
 -0.34347161125692577
 0.18550142810862433
 0.76893472152711884
 0.98778974619014315
 0.86069606453987113
 0.33917914848910674
 -0.3377702626083236
 -0.77184632306809275
 -0.98849090621939795
 -0.92667456830169237
 -0.47492212768549869
 0.042304857596161642
 0.66903422027829129
 0.98917145136069295
 0.85601021937775568
 0.47089834743204406
 -0.19894598283625273
 -0.77762117540992637
 -0.98983136742132305
 -0.9232030263304648
 -0.46686474663636957
 0.20341932760986636
 0.78048430577675221
 0.99047064063879786
 0.8512529665268137
 0.32193945930560336
 -0.20788843009190797
 -0.78333115921436058
 -0.99108925768113243
 -0.84884768600070171
 -0.458768420102943
 0.06054731728429652
 0.68249837391928281
 0.96038166485395848
 0.96772249425417678
 0.58545405011465856
 0.088132491563609597
 -0.43401626026004414
 -0.90844011502318567
 -0.9943942548903667
 -0.69919534082601087
 -0.083582637076471816
 0.57033270963107596
 0.96288695422024306
 0.96538036905262048
 0.57802520069364793
 0.079031039481038554
 -0.44222640802835655
 -0.83890731960218134
 -0.99926546539418393
 -0.87812746374023176
 -0.37216731045212564
 0.3043425181213476
 0.84138411242655475
 0.99943004815055925
 0.79193364505529973
 0.36792477034572635
 -0.15972964099951256
 -0.7519452059868672
 -0.99957378788416562
 -0.87372121466920871
 -0.5017386946196043
 0.011585155087853634
 0.52164543106267169
 0.94557904321004638
 0.97890471388091427
 0.73646992327589755
 0.28656929572213435
 -0.24405878165923398
 -0.80586807279352213
 -0.99837964680481783
 -0.73337300308974884
 -0.13229028813657909
 0.52941587506541732
 0.88897629886156937
 0.97699778963959916
 0.61729952884911965
 0.12776233975286863
 -0.39776589243916055
 -0.89105836659263005
 -0.97601375467033502
 -0.72713334434054777
 -0.12323172689716683
 0.53714215561870826
 0.89312185138248557
 0.97500936502297297
 0.72399073590500151
 0.26902169520804903
 -0.26173158241395567
 -0.71875427025180472
 -0.99694422685007722
 -0.81827376236426919
 -0.26462053999945312
 0.26613636670920432
 0.72192184238340473
 0.97433972013122938
 0.95228310934829397
 0.66196542496401622
 0.18517004939254975
 -0.3437882972126497
 -0.77590042571686879
 -0.99996851064241199
 -0.76579026388864402
 -0.18068038726057722
 0.48722822131491544
 0.93185925391478641
 0.94945575472370036
 0.53195393787215595
 0.023711157232476316
 -0.61853565886702822
 -0.97733185259986799
 -0.88825520681746439
 -0.52808142658504087
 0.13384850513027419
 0.73444091888983309
 0.9782884930647664
 0.9465491972583544
 0.52419790220779638
 -0.13837272295586953
 -0.7375325586554845
 -0.97922473141210453
 -0.88402276669574964
 -0.52030344573097032
 0.14289405503088268
 0.62924227162023949
 0.98014054811671381
 0.88187887015013433
 0.51639813837311055
 0.005446466656266781
 -0.63278499592379212
 -0.93990010998605222
 -0.94204138792272474
 -0.63767090251296954
 -0.15366656742847584
 0.51097035211053232
 0.87887856028953637
 0.98137545065624499
 0.74484481718296036
 0.29848911345229245
 -0.23195188933175362
 -0.69705133323988455
 -0.99407316861236728
 -0.90968779540689537
 -0.43671209054113685
 0.08514923093521945
 0.7003184896409369
 0.99455926362965252
 0.90778178968163992
 0.56527940041679248
 -0.089698463358592009
 -0.58672791667811064
 -0.96811752088496095
 -0.90585685224972345
 -0.56150643275911605
 -0.05897792840350171
 0.59041984438793671
 0.92027078201715529
 0.99087861687119372
 0.67799868370998118
 0.054418557105745877
 -0.46421451522251034
 -0.9220480561402048
 -0.99025288698631997
 -0.77950044137544672
 -0.20187974966664896
 0.32774544257114785
 0.76504373808146187
 0.98682686534507946
 0.86376751051845613
 0.34487739811668311
 -0.3320564935482308
 -0.76797662005141698
 -0.99998974295339804
 -0.86145738380298953
 -0.34058727400126604
 0.18851673627980456
 0.66451500356302839
 0.98826329219449338
 0.85912929147213657
 0.33629004696919496
 -0.34065773071631095
 -0.77379427491261488
 -0.9889505977893237
 -0.8567832820780219
 -0.33198580663880228
 0.34494773752928914
 0.77667892647719483
 0.99995794748120204
 0.76499547748818508
 0.17946559704239815
 -0.34923055048859636
 -0.77954738047339189
 -0.99990564019671446
 -0.76204637929906172
 -0.17497116393201925
 0.35350608027650443
 0.86837084011363574
 0.98529531704751827
 0.6506976111800985
 0.1704730818139559
 -0.49625634944937436
 -0.93557096785863769
 -0.98450477561973526
 -0.7561005675315795
 -0.31470050977912667
 0.36203493382883944
 0.8728639727838754
 0.98369370243437959
 0.64373520641664106
 0.16146634585720937
 -0.36628807972477462
 -0.87508325720214741
 -0.99948789907851565
 -0.75009168245863234
 -0.30601812220757368
 0.22426168196300064
 0.6913662822677682
 0.96371087967815416
 0.96457516552375233
 0.69371566783016436
 0.22743433812111521
 -0.4449773300437953
 -0.84057399342575734
 -0.9930299656656284
 -0.79284699542711268
 -0.36931659404445405
 0.1582514249800219
 0.64123953205676343
 0.94358849556734636
 0.93830509815306196
 0.62918402735208534
 -0.010087981973328627
 -0.64473706499241601
 -0.98392844930791656
 -0.93671610823552076
 -0.49908119296237063
 0.16726305010571701
 0.64822115199523045
 0.98473363488519361
 0.93510758318871434
 0.62205885630624247
 0.13377424106472693
 -0.52814506197965061
 -0.88828962711363857
 -0.97731598449780854
 -0.73128285119524605
 -0.12924718682223069
 0.39639172952169083
 0.89037777807928542
 0.97633862757189327
 0.72816039309250258
 0.12471743714137844
 -0.53587862659085617
 -0.95090254255329998
 -0.97534090919269134
 -0.61127398981570313
 0.032915813935010765
 0.53972868560925691
 0.89449833060686224
 0.99728505146395308
 0.72186998516592915
 0.26606413057519801
 -0.26469280590935218
 -0.8183168365787411
 -0.99717930598945514
 -0.89513330545907011
 -0.5409255064241385
 0.11877295193178608
 0.72404242682852316
 0.99751166747468134
 0.81386045126370754
 0.25724892448168524
 -0.27348932174976931
 -0.72718478695228606
 -0.97603006659610958
 -0.9499246819238828
 -0.65622259989165388
 -0.17766059811468488
 0.48990640385738971
 0.86701264097890396
 0.98575846919369059
 0.76085722933077538
 0.32162017358082473
 -0.20821827182906286
 -0.67940099123065623
 -0.95919436693370819
 -0.91952198293002108
 -0.45846875433808681
