# Created by Octave 8.4.0, Thu Dec 11 09:16:06 2025 IST <gamana@Samsung>
# name: iq
# type: matrix
# rows: 2048
# columns: 1
 0.99706007033948296
 0.8958330830115131
 0.40749676511192734
 -0.11721173552297842
 -0.72295709950342013
 -0.99739959216031482
 -0.81477298767905471
 -0.25876789299367536
 0.41582037352034329
 0.89985447880301794
 0.97152058492562143
 0.71342420240216764
 0.10359543274975808
 -0.55370705885596561
 -0.95726733173653833
 -0.92214954772219393
 -0.59431041673833829
 -0.099052217956670074
 0.55750403353697353
 0.90380080945259256
 0.99549412439592866
 0.70699443523279637
 0.094506937438585861
 -0.42824053105714127
 -0.90574572222887484
 -0.99505071406714374
 -0.7037574015908532
 -0.08995968598691377
 0.56506302386814056
 0.96113952181813156
 0.91676349009574332
 0.45227072281333514
 -0.067831209437063375
 -0.68781486305698147
 -0.99259995340625728
 -0.8425154327302159
 -0.3063391478407167
 0.37022034837370582
 0.87712238562843992
 0.98207365006351321
 0.63697909526432994
 -1.798511915372843e-05
 -0.51174185668736971
 -0.87930647715256949
 -0.99916776520541695
 -0.74424549962142816
 -0.14826472425370751
 0.37868924545118077
 0.79896529285674434
 0.9989710731442647
 0.83505669922252568
 0.29326931317178512
 -0.23726384717635296
 -0.80170327404073327
 -0.99875354763222546
 -0.83253555515828159
 -0.43178974249555363
 0.24169767759665903
 0.80442453577585094
 0.99511365919605155
 0.90547621171446713
 0.42766618896130559
 -0.24612646743387806
 -0.80712902131042263
 -0.99555418111633831
 -0.90352867364395562
 -0.55697636669152706
 0.099684547012589234
 0.59482136777734718
 0.97058155067745011
 0.95708335644826059
 0.55317778038844045
 0.048961390272679664
 -0.59848614775241882
 -0.92414944462611837
 -0.98947700756754897
 -0.67059113056997532
 -0.19652479537939213
 0.47307587339161261
 0.92588443193064862
 0.95439648515408815
 0.6671964317408684
 0.19204509648218823
 -0.47709430712766565
 -0.8596266700940336
 -0.988114235632507
 -0.7702735494564491
 -0.18756139250195419
 0.48110279110532905
 0.92929644305250125
 0.98740193190355752
 0.76735326709145446
 0.1830737769459358
 -0.34579025296833121
 -0.86425723373821917
 -0.98666903599711187
 -0.65692913396205443
 -0.026144386406823435
 0.61662130758564215
 0.9326309330072855
 0.98591556319764284
 0.65347920552052097
 0.17408718554143396
 -0.49306770957024304
 -0.93426902036862647
 -0.98514152921875819
 -0.75849664677718287
 -0.16958839710749007
 0.49703556064979726
 0.93588762363450229
 0.94585911105081744
 0.64653853612139678
 0.16508607192294633
 -0.36287164523642723
 -0.78860730660693079
 -0.99959857501484162
 -0.84430547076328211
 -0.45116892498574845
 0.069063291190749512
 0.68871079187901341
 0.99274916027192672
 0.84184954198756257
 0.44708871619852197
 -0.22513648186182605
 -0.69201463713126821
 -0.99328774666866293
 -0.83937605651620018
 -0.44299918341678873
 0.2295835999416955
 0.69530405048119537
 0.96515521673914639
 0.96311919725086403
 0.57104038144222402
 0.070521018712232431
 -0.58104452330167577
 -0.9663401593019374
 -0.96188036757380457
 -0.56728551795522719
 0.08727402540234655
 0.58475517729333404
 0.91750900165457205
 0.96062147796914976
 0.68312798938494734
 0.21319525028735797
 -0.31679524492009564
 -0.84839179794393582
 -0.99978651948124719
 -0.86953831103763324
 -0.4943384925459326
 0.17264802280907673
 0.76051672367098844
 0.99987045121728202
 0.78102278387113822
 0.35144009166889539
 -0.17714435260911662
 -0.76347403916016077
 -0.98643017256636134
 -0.86499141331565654
 -0.34716102986133418
 0.1816369880798058
 0.7664154324676743
 0.98716965449191374
 0.86269088167818231
 0.34287472804206498
 -0.3340674597427386
 -0.76934084225103916
 -0.98788854908409174
 -0.92814502070124638
 -0.47837805589467242
 0.19061080133807218
 0.66610723072811973
 0.98858684135041419
 0.92643552890997793
 0.47436279684291277
 -0.19509179197758988
 -0.77514346754330132
 -0.99997730700065079
 -0.855681532510988
 -0.47033764499814956
 0.047501800152673058
 0.67289158612426403
 0.98992156108416685
 0.92295861919554401
 0.46630268430458355
 -0.20404147402606793
 -0.78088143098659768
 -0.99987406833880488
 -0.76066365321370921
 -0.17287093272879953
 0.35550030419832296
 0.86942652071316784
 0.98492867732881395
 0.64907666774001871
 0.015778289785674641
 -0.62475065926917805
 -0.97898089513712505
 -0.88458260000012345
 -0.38481480852067629
 0.14170724888932196
 0.6283099395154792
 0.97990207547841335
 0.88244353963123456
 0.38059575487626929
 -0.14622639246684382
 -0.63185611641513939
 -0.98080282005102681
 -0.9424429738640635
 -0.63859405043216355
 -0.0020787785250994868
 0.50993931983371721
 0.94104468210270542
 0.94090619125990704
 0.63507311157945145
 0.15033798790047845
 -0.51386233003123594
 -0.88048012619630167
 -0.99906396941251208
 -0.83620842721902666
 -0.43779040550849502
 0.083954516617641473
 0.5820491938319251
 0.91617882735973499
 0.96154190394317862
 0.6855573610751643
 0.064732609164222951
 -0.58575655754957578
 -0.96781647784468805
 -0.96027759402617385
 -0.68222556574467841
 -0.21198850245800571
 0.3179663723725924
 0.84904490976058899
 0.99103947981562102
 0.67887954266207917
 0.20752337767997792
 -0.46315219311821709
 -0.92158328696856939
 -0.95768892147117968
 -0.67551936160833204
 -0.051055531542802214
 0.46719473783917909
 0.85383481617261225
 0.9999470071413098
 0.77738648359190921
 0.34600259604254224
 -0.33092527949980316
 -0.76720813014383116
 -0.98736609665656805
 -0.86206565647996014
 -0.34171435165674641
 0.33523123234859892
 0.85855349636620693
 0.98843438090726554
 0.66535457285061506
 0.037368871228434644
 -0.60774151779862151
 -0.92851999270471819
 -0.95227213003567746
 -0.53963531540957743
 0.12029519006700186
 0.72509913007662286
 0.97536538104865667
 0.89239731838805603
 0.40047858058162261
 -0.12482747867070643
 -0.61496925419855697
 -0.93187230403273158
 -0.98626406674528522
 -0.76282221590084875
 -0.176151549395721
 0.49124246036584446
 0.86777560955844846
 0.99985370711778099
 0.75986139193571056
 0.17165441625843225
 -0.49521504301691943
 -0.93514687931740559
 -0.94653759410469385
 -0.64813669669759433
 -0.16715370328390219
 0.36091700118885989
 0.78731627909797197
 0.99192614562163972
 0.84542719111020892
 0.45303916593437527
 -0.21863911513264539
 -0.68718904849746187
 -0.99249493772744457
 -0.84297934049710821
 -0.30715938832655992
 0.22309305307457292
 0.79291458032953266
 0.99304303144157402
 0.8405139096265194
 0.30281024310068022
 -0.37365947617480683
 -0.79568895580523324
 -0.99357041533358725
 -0.83803094991476368
 -0.29845478279474441
 0.37789150051623455
 0.88106493684112808
 0.99900978586093558
 0.83553051314377103
 0.4366797313844642
 -0.23642658032957473
 -0.8011878671808883
 -0.99456301008922599
 -0.83301265145989167
 -0.28972528040331647
 0.24086135159133346
 0.80391228840154616
 0.99856176733458835
 0.83047741737293346
 0.28535142037083011
 -0.39053993597287379
 -0.80661994410453486
 -0.99547263919289297
 -0.82792486375495711
 -0.28097160936039361
 0.24971573230804883
 0.80931077782195759
 0.99589631764204567
 0.82535504383922009
 0.4201745899756219
 -0.2541351571057559
 -0.713265599455842
 -0.99629922676406035
 -0.82276801121911514
 -0.27219449989022293
 0.25854928193784432
 0.71645893778949998
 0.99668135815629877
 0.89795276462020879
 0.54626812228350208
 0.040698073895358726
 -0.60509229590729041
 -0.92727782380473955
 -0.9882463437571315
 -0.77082283663647577
 -0.33625617147527714
 0.34069154926004869
 0.86151370101898694
 0.98753792766144177
 0.76790558105748985
 0.33195187626005263
 -0.34498149975932563
 -0.86382339081746407
 -0.99995761695903373
 -0.76497231087746009
 -0.32764065821860855
 0.34926425570076991
 0.86611506565767937
 0.99990514541943798
 0.85201887790951236
 0.46411627841504299
 -0.054529300663180097
 -0.67808020409257042
 -0.95868429107753084
 -0.9692240719285522
 -0.59033032713295708
 -0.094135409971857764
 0.5615982028055716
 0.95997339521829839
 0.91843044802288765
 0.58663810134031158
 0.089588001646971172
