# Created by Octave 8.4.0, Thu Dec 11 09:16:06 2025 IST <gamana@Samsung>
# name: iq
# type: matrix
# rows: 2048
# columns: 1
 0.99706007033948296
 0.71979445629436789
 0.11267528621267162
 -0.54607854638925091
 -0.95458600820206962
 -0.97259255895290297
 -0.71661680183738552
 -0.10813648706951674
 0.54989853666459632
 0.89985447880301794
 0.97152058492562143
 0.71342420240216764
 0.25435403320662997
 -0.41996921323270014
 -0.82522724334078956
 -0.99801622712169602
 -0.88966097771079677
 -0.53068550131166847
 0.13080603864129745
 0.73235430365016874
 0.97764774684509548
 0.94753482023462876
 0.65049842763434806
 0.017648480643128749
 -0.49648404018293579
 -0.87075548362775734
 -0.98445874839776404
 -0.64702319695337762
 -0.013082302230897626
 0.50044297299076146
 0.93726536135324057
 0.98364649651042202
 0.75293139567673473
 0.1612074989385934
 -0.50439146910589572
 -0.8752101648306293
 -0.99947947189198894
 -0.74991820004097443
 -0.30576841154300655
 0.37077718740857579
 0.79380414593267479
 0.9932140410785969
 0.91283249357463192
 0.57530323197111466
 0.07570928483461975
 -0.57680275981140672
 -0.9649887322131383
 -0.91095823285371369
 -0.5715619408474234
 -0.071154896496347181
 0.44929670050794807
 0.91542760447624616
 0.96205395684648265
 0.56780872985143183
 -0.086640958364850085
 -0.58423955633417979
 -0.91725607877992499
 -0.96079785708328713
 -0.5640436772560169
 0.091189587921087126
 0.5879397169116356
 0.96849149417710867
 0.9052216213146459
 0.42712419847488775
 -0.095736315726760557
 -0.70786729603693477
 -0.99561046985879564
 -0.82710443109173448
 -0.27956888546549696
 0.39608211065021354
 0.81016824749014416
 0.99602750333649714
 0.90130275558293516
 0.4188481031914722
 -0.25554820013760671
 -0.81283679053972591
 -0.99642376475119299
 -0.82193656840597684
 -0.41469690979581653
 0.10936414063460427
 0.71747761179131575
 0.97287896944569174
 0.89730870389519868
 0.54504354703316671
 0.039237950724844595
 -0.47762109668853364
 -0.92782390279400195
 -0.9880219015039563
 -0.76989109921219223
 -0.33487961217098988
 0.19446848906226558
 0.77474182782419287
 0.99998138620148591
 0.76696871253595067
 0.33057309196900747
 -0.34635271246754379
 -0.77762117540992637
 -0.99994309558021077
 -0.76403033079695037
 -0.17799244441910247
 0.4896123951713961
 0.9328470854580132
 0.94859455951793425
 0.65302529690071753
 0.17349680460094399
 -0.35490626986012647
 -0.86911238135537339
 -0.98503839069289045
 -0.64955995649615195
 -0.1689975465227028
 0.49755567898470887
 0.93609865989502394
 0.94566435559940187
 0.64608106957776812
 0.011847420072184065
 -0.62781543718359556
 -0.97977511379001769
 -0.94416965564365596
 -0.51796822483325666
 0.14559771938948285
 0.63136344189249582
 0.93927214572946993
 0.98258500433542573
 0.63908294668798704
 0.15547900140922769
 -0.509392575397842
 -0.87800195033943063
 -0.98172620227317298
 -0.63556385666181725
 -0.15096620933205945
 0.37615908234565687
 0.88017868087772855
 0.99909125651850716
 0.83655675988810607
 0.29588031770414369
 -0.2346087439461009
 -0.80006716347485207
 -0.99436648797780181
 -0.90854972200353745
 -0.56679171182125632
 -0.065366737446402923
 0.5852413956952025
 0.96765636088201856
 0.96045472696749501
 0.68269004969697578
 0.21260949086681319
 -0.31736381384729234
 -0.84870900418237416
 -0.99112415953073163
 -0.7834941685839707
 -0.35515146651018259
 0.32169112912610048
 0.85111530279515479
 0.99050672924155281
 0.78064825179414798
 0.35087876671096063
 -0.32601173556565088
 -0.8535038514756933
 -0.99994026315875784
 -0.86469043479524876
 -0.48585465799489252
 0.029847866612347472
 0.53714215561870826
 0.89312185138248557
 0.97500936502297297
 0.61008834407497825
 0.1186985440550069
 -0.40612900000404117
 -0.81654875871836308
 -0.99694422685007722
 -0.89649744755550087
 -0.54350458674249169
 0.11572466422679378
 0.72192184238340473
 0.97433972013122938
 0.89446482546867812
 0.53966559836386452
 -0.12025948096078005
 -0.61133329545709125
 -0.9753574455450581
 -0.95087934728715373
 -0.53581535530827096
 -0.028276331692887669
 0.6149408894302183
 0.97635482996805922
 0.89034366212641014
 0.53195393787215595
 0.023711157232476316
 -0.49121112914774684
 -0.93350642899691172
 -0.98550557398912264
 -0.7598847751608806
 -0.1716898524875731
 0.35662073253939414
 0.78447016306265849
 0.99133194181980266
 0.91893247106273235
 0.58766690383236808
 0.090853766772771322
 -0.4315531551349901
 -0.83239022919382866
 -0.99874042183395029
 -0.80186001883484936
 -0.23751863257405997
 0.43566822324319554
 0.83491237187186829
 0.99895914375123918
 0.88159605993130463
 0.51588466120556886
 0.0048469706335147475
 -0.50755612643698156
 -0.94010464142229133
 -0.98212982640030599
 -0.74748602601074754
 -0.15307415633124866
 0.37418213151977475
 0.79603016489417455
 0.99917988634155619
 0.74444467168266415
 0.29791688543962525
 -0.23253500146994419
 -0.7987858946523142
 -0.99413816389891141
 -0.90943866226183856
 -0.56854749921864145
 -0.067494761286094856
 0.4525714579813136
 0.84514690900176237
 0.99964188276285504
 0.7876395915612161
 0.36140616065792164
 -0.31534061241499911
 -0.75654178775331737
 -0.9997536648213502
 -0.87029449877232379
 -0.35714435702152109
 0.1711376127035914
 0.65120959186310456
 0.94783383101992913
 0.9337072685669523
 0.61897600677404019
 -0.023150774917322287
 -0.53147920723192421
 -0.89008831623897289
 -0.9764758499932793
 -0.61538281663915928
 -0.1253479245351545
 0.53534199070844268
 0.95070567735066669
 0.93039825583691349
 0.61177679275157582
 -0.03228067746727812
 -0.53919360967645114
 -0.95211187506516737
 -0.97446573392032032
 -0.72230960577372771
 -0.26667664556397536
 0.40835200966649993
 0.81795142151945277
 0.99713140837521086
 0.81687221478887484
 0.40664116299784314
 -0.11814195202461263
 -0.6096441166906682
 -0.92940766323701485
 -0.95153739748293498
 -0.53761487887129378
 -0.030408148362403718
 0.61325767418022203
 0.9310833362059745
 0.95012306242617495
 0.65670197545551967
 0.025843237453617048
 -0.61685844223677111
 -0.97687810213150506
 -0.88923285854642642
 -0.39408708759389033
 0.13173465771257073
 0.73299182053736001
 0.97784426391835821
 0.94723497803151258
 0.52601293859388787
 0.016711893972956141
 -0.49729694245383738
 -0.93599371140445042
 -0.98429381264154236
 -0.75531532694759285
 -0.16478894710282554
 0.50125374121314881
 0.937591508117257
 0.9834773515609383
 0.64281720510437035
 0.16028295525309991
 -0.36740349485673862
 -0.87566291480781422
 -0.98264038014960697
 -0.63931231609601769
 -0.15577362071694617
 0.37164698154682685
 0.8778591502797668
 0.98178291586250066
 0.63579409428747191
 0.15126103753606987
 -0.51306108690093866
 -0.88003707807898368
 -0.98090497658196985
 -0.74321856505431882
 -0.29616520348346187
 0.23431880457256138
 0.69879448646745346
 0.96641761755445421
 0.90867428485145785
 0.56703740584683626
 0.065664349888776924
 -0.58499952832103697
 -0.91762877196428794
 -0.9605377287425112
 -0.56326993400177106
 0.092122369915500199
 0.58869718011918903
 0.96872435743671836
 0.90482317253153222
 0.55949071521347771
 0.056548006847429534
 -0.59238255469116108
 -0.92122043032456113
 -0.99054768434094775
 -0.67620754372123348
 -0.051988018834646182
 0.59605557517882457
 0.97095028710678111
 0.95663700848568967
 0.55189735231150727
 0.047426946616486047
 -0.599716164981694
 -0.92473524121230355
 -0.98925356281503807
 -0.66945072337818479
 -0.04286488531363869
 0.60336424775845621
 0.97309522087936695
 0.89689483656565461
 0.54425795057319359
 0.038301930067534518
 -0.60699974742872231
 -0.92817291142478686
 -0.98787691854701487
 -0.6626380579904444
 -0.18605220648153772
 0.34294512241960362
 0.86272877776806922
 0.99997523213711059
 0.76636729425171868
 0.32968888441963923
 -0.34723130615429604
 -0.86502901377401642
 -0.98641786637543472
 -0.76342563917189665
 -0.17707059926871024
 0.35151024841164807
 0.86731120967855868
 0.99986924220881324
 0.85076104151199938
 0.46199084520298667
 -0.20880459865101567
 -0.67984076546067163
 -0.99121359405864662
