# Created by Octave 8.4.0, Thu Dec 11 09:16:06 2025 IST <gamana@Samsung>
# name: iq
# type: matrix
# rows: 2048
# columns: 1
 0.99706007033948296
 0.8958330830115131
 0.54224716769547932
 0.035908561572159783
 -0.60890133064396568
 -0.97467563508643473
 -0.95182505386520067
 -0.53840448048633571
 -0.031344426666491253
 0.48454544831307755
 0.9307412043625467
 0.95041478686084535
 0.65740811854692949
 0.17920756624578818
 -0.34947630729317497
 -0.77971163284007661
 -0.9902997991842033
 -0.9219174737612722
 -0.46391580451806957
 0.054755275299491701
 0.55800162607063519
 0.90405720677398727
 0.99543709859296892
 0.70657032754456051
 0.24492929260571367
 -0.42878220469788947
 -0.90599964213760187
 -0.99499096351463112
 -0.70333136332568646
 -0.24049913052813435
 0.43290333150358423
 0.90792318296106844
 0.99452407799023024
 0.7000777311951929
 0.084813229831986955
 -0.43701543014966737
 -0.90982778912911666
 -0.96570177215863195
 -0.57903252519821957
 0.072984607991762596
 0.69155575910797984
 0.96378086250028872
 0.91283249357463192
 0.57530323197111466
 -0.077538373483401396
 -0.57680275981140672
 -0.9649887322131383
 -0.91095823285371369
 -0.5715619408474234
 0.082090521919315831
 0.58052721149389108
 0.96617647717373156
 0.96205395684648265
 0.56780872985143183
 0.066599024229182319
 -0.58423955633417979
 -0.91725607877992499
 -0.99187874960179634
 -0.68359193739244539
 -0.21381607161106853
 0.45743750616528306
 0.8480552264261183
 0.99977318748613397
 0.78426098528443078
 0.20935274634661827
 -0.32052155160483159
 -0.85046631654676685
 -0.99067573919877039
 -0.78141948139773487
 -0.20488505504967391
 0.46554015275120081
 0.92262657540312143
 0.95690944055429616
 0.67352883541892117
 0.048362596540172997
 -0.46957695504264702
 -0.92437830773569063
 -0.95557335273441868
 -0.54886662494658134
 -0.043800730362636646
 0.60261697710835183
 0.97287896944569174
 0.95421733651916474
 0.66674975226285726
 0.19145671714048751
 -0.47762109668853364
 -0.85993281577640979
 -0.99999882230188708
 -0.76989109921219223
 -0.33487961217098988
 0.19446848906226558
 0.66903422027829129
 0.95513095897934219
 0.92494844217390204
 0.47089834743204406
 -0.19894598283625273
 -0.67242136389076779
 -0.98983136742132305
 -0.9232030263304648
 -0.46686474663636957
 0.051428232491258427
 0.6757944842168484
 0.99047064063879786
 0.92143835717186395
 0.59283406142640771
 0.097226591704109466
 -0.55902603440189202
 -0.95909896399592787
 -0.96886329631413692
 -0.58915019910744659
 0.06054731728429652
 0.68249837391928281
 0.96038166485395848
 0.91785140651800046
 0.45470586321335715
 -0.065105013155937183
 -0.68582900348661102
 -0.96164433703970265
 -0.96656151042960048
 -0.69919534082601087
 -0.083582637076471816
 0.57033270963107596
 0.9103395938539478
 0.99390102147704307
 0.79747748196428803
 0.23042228230537098
 -0.44222640802835655
 -0.91222008763525775
 -0.99338706034829882
 -0.69263648984203974
 -0.074477793700477926
 0.57781115293558072
 0.91408155714959471
 0.9629577125917067
 0.68933536277182117
 0.069922994692288284
 -0.58153233821740702
 -0.96649421867844976
 -0.96171624803204947
 -0.56679171182125632
 0.087871226153273418
 0.5852413956952025
 0.91774726849180999
 0.99172092001569312
 0.68269004969697578
 0.21260949086681319
 -0.31736381384729234
 -0.75793475849732128
 -0.98499315626050998
 -0.93457595984954878
 -0.62088584817830406
 -0.13229028813657909
 0.52941587506541732
 0.94851151593640592
 0.93294154673311502
 0.48984107340721511
 -0.025282884424066471
 -0.53328457614273284
 -0.94994809580360839
 -0.93128767720556305
 -0.48585465799489252
 0.18222648701769353
 0.65971796292075569
 0.9513648645896583
 0.92961438575819666
 0.48185811012784718
 -0.034412226326070341
 -0.54098853304387418
 -0.95276179274796713
 -0.92792170728734635
 -0.47785151315373381
 0.19119927952835253
 0.7726309446768147
 0.98867698022951811
 0.92620967709367286
 0.47383495062976799
 -0.19567974137969191
 -0.77552208599333883
 -0.9999730885191962
 -0.85537113379660201
 -0.46980850632099586
 0.20015612234780542
 0.67333494291237483
 0.95683324420089355
 0.97078868493983261
 0.59551390107624014
 0.10054200436666021
 -0.42275288344574552
 -0.90315903864523062
 -0.99563498366487102
 -0.70805253408118418
 -0.095997390681856934
 0.56004959012291766
 0.90511013570477716
 0.96855678155907665
 0.58815185864004971
 -0.061779983200696019
 -0.56382707900378393
 -0.9607251061180615
 -0.91736051401446572
 -0.58445240019361921
 -0.08690225208096268
 0.43512852706753002
 0.90895566155885299
 0.99426291516930421
 0.79948325508046658
 0.23366308595342544
 -0.29680932037190372
 -0.83708928455909648
 -0.99913224238819642
 -0.79673175151610309
 -0.37525764885050583
 0.3011671405145831
 0.74671493460754579
 0.99931202944930153
 0.87753594764229947
 0.50855529701815605
 -0.15643979414568326
 -0.74974466603466505
 -0.98276527951328996
 -0.87533701225132698
 -0.50461792658281668
 0.1609486409301393
 0.64333369463803269
 0.98359922291909652
 0.93735676535810908
 0.62705803109328695
 -0.012820041241621906
 -0.64682319170808622
 -0.98441265345254958
 -0.87088442248734499
 -0.49671169676217664
 0.017386237901099992
 0.65029919933927494
 0.94745094821337439
 0.97770285810336988
 0.61991727432530874
 -0.021952071972139286
 -0.65376164503981937
 -0.98597790847448374
 -0.86635918424039315
 -0.34972204005644508
 0.17894952312104839
 0.76465753306271111
 0.98672970031970908
 0.9308370836132025
 0.4847748679069947
 -0.18344064817265887
 -0.66064556209724501
 -0.98746091400676894
 -0.92915854587502744
 -0.48077559422967447
 0.035646446504003219
 0.54202677389073506
 0.9531361518906446
 0.9274606306198625
 0.47676629402108173
 -0.040209878126289261
 -0.66747436862954301
 -0.95450783195983091
 -0.97265351050344262
 -0.6018404516588296
 0.044772471175195144
 0.67086792725114253
 0.98953093577264317
 0.92400680960145565
 0.5981871302220686
 0.1038563009623451
 -0.55348863374498325
 -0.9017236907083076
 -0.97049162886470242
 -0.71040134292978407
 -0.25018881911059687
 0.42387175357822654
 0.82765074138205874
 0.99551896067913792
 0.70717990245368956
 0.24576473929266096
 -0.28488310495740082
 -0.73527850449167176
 -0.9985354528649969
 -0.80420278370808562
 -0.24133553407346375
 0.28925760604766027
 0.83274223452308671
 0.99461377204279167
 0.70069284447422997
 0.23690129582362218
 -0.43624013022962893
 -0.90946982178178148
 -0.99413005902736373
 -0.79874080855644036
 -0.23246211701882688
 0.44034484140373442
 0.91135903725470646
 0.99362561351995793
 0.69414733525730998
 0.22801809023772057
 -0.30234455038368657
 -0.84024909304288897
 -0.99310044604073633
 -0.79321220308449691
 -0.22356930816004994
 0.30669437559828905
 0.84271640179536644
 0.99951037938318776
 0.79042305788477341
 0.36562694772596338
 -0.16216739538656585
 -0.75357116913722322
 -0.99964284468553211
 -0.78761742848407368
 -0.21465784932817325
 0.45667099943363915
 0.91872544800423994
 0.99140072345479668
 0.78479537339350902
 0.21019535842160308
 -0.46072894167289669
 -0.9205192458734156
 -0.95847169900927442
 -0.55719418098604745
 -0.053784013588269716
 0.59461050906572643
 0.92229384639741663
 0.95715933648978879
 0.5533962596713089
 -0.10396660880109514
 -0.59827600357194244
 -0.92404921256713268
 -0.98951492330857693
 -0.67078567614586326
 -0.044661673882949809
 0.60192902108653212
 0.97267926417313699
 0.95447475482355715
 0.66739177861806664
 0.040099059340839509
 -0.60556948542610201
 -0.9737292963478219
 -0.89566717792756623
 -0.40715593603724126
 0.11758234614797786
 0.60919732066912191
 0.97475902148658577
 0.89362691033530683
 0.53808995977901553
 -0.12211614707923074
 -0.61281245115744043
 -0.97576841811459181
 -0.89156800623508348
 -0.53423513016281687
 -0.026406578837896964
 0.48886078676360678
 0.93253626090326813
 0.98595939449961034
 0.76163474164534373
 0.32275524529953897
 -0.20704539389190363
 -0.78279517765024942
 -0.99097410014976495
 -0.84930294363803938
 -0.45953399551266638
 0.059687089043996042
 0.56209413749109971
 0.90615754284706085
