# Created by Octave 8.4.0, Thu Dec 11 09:16:06 2025 IST <gamana@Samsung>
# name: iq
# type: matrix
# rows: 2048
# columns: 1
 0.99706007033948296
 0.81741217677477895
 0.40749676511192734
 -0.11721173552297842
 -0.72295709950342013
 -0.99739959216031482
 -0.89379434027545168
 -0.40332217000396425
 0.27197672523161615
 0.82263935911185238
 0.99631865342087256
 0.81211680656676566
 0.25435403320662997
 -0.41996921323270014
 -0.82522724334078956
 -0.99591677378527643
 -0.80944368883232731
 -0.39494783328271993
 0.13080603864129745
 0.73235430365016874
 0.97764774684509548
 0.94753482023462876
 0.65049842763434806
 0.17021463217652491
 -0.35801914740060525
 -0.78539783471713998
 -0.99152754231630602
 -0.91834089914126482
 -0.4558054392076315
 0.06387260574650877
 0.6849297096298741
 0.99211040285063745
 0.91652386521001739
 0.451735955545704
 -0.068429320412764685
 -0.56931784686309095
 -0.90982778912911666
 -0.99403645175662203
 -0.79822199612300271
 -0.23162385210571532
 0.2988109445787136
 0.83823451315416331
 0.99352809498320716
 0.69352673492061989
 0.07570928483461975
 -0.44521220012329865
 -0.91358003901312201
 -0.99299901827171977
 -0.69022950739697697
 -0.22272925180653891
 0.44929670050794807
 0.91542760447624616
 0.99244923265600671
 0.68691788519972474
 0.066599024229182319
 -0.58423955633417979
 -0.9673440726117527
 -0.90715275704229548
 -0.43124892776542673
 0.091189587921087126
 0.70463424304951916
 0.995172673015283
 0.82966251550724124
 0.28395058142647778
 -0.24670748503358705
 -0.70786729603693477
 -0.99561046985879564
 -0.82710443109173448
 -0.27956888546549696
 0.39608211065021354
 0.89022421691831999
 0.97641149517605841
 0.6151476976129181
 0.12505201810772687
 -0.40027119857025584
 -0.89229517179135864
 -0.99763417391420772
 -0.82193656840597684
 -0.27078809389396219
 0.40445193887085795
 0.81548838195195372
 0.99679924583888657
 0.89730870389519868
 0.54504354703316671
 -0.11390231364833965
 -0.60625506401228335
 -0.92782390279400195
 -0.9880219015039563
 -0.76989109921219223
 -0.33487961217098988
 0.19446848906226558
 0.66903422027829129
 0.98917145136069295
 0.92494844217390204
 0.47089834743204406
 -0.19894598283625273
 -0.67242136389076779
 -0.95647358368258695
 -0.9232030263304648
 -0.46686474663636957
 0.051428232491258427
 0.55523372073924604
 0.95779626121622063
 0.96998389281815456
 0.59283406142640771
 0.097226591704109466
 -0.55902603440189202
 -0.9045843610622607
 -0.96886329631413692
 -0.58915019910744659
 -0.092680508055636157
 0.56280668962743263
 0.96038166485395848
 0.96772249425417678
 0.58545405011465856
 -0.065105013155937183
 -0.68582900348661102
 -0.99226447206662238
 -0.91602919982827036
 -0.4506338234743309
 0.22126935221527527
 0.68914533015244894
 0.99282104490079037
 0.84152583106705137
 0.44655238580789536
 -0.22572055441760619
 -0.79455462137295907
 -0.99927548207434191
 -0.83905004463376487
 -0.4424616353320619
 0.23016704923830103
 0.79731920643367349
 0.99387206381583204
 0.91044811152414251
 0.43836165735905963
 -0.083321268984552388
 -0.58153233821740702
 -0.91592396357618688
 -0.96171624803204947
 -0.56679171182125632
 -0.065366737446402923
 0.4544722474186727
 0.84628500582049038
 0.99172092001569312
 0.78632374567415608
 0.35941675965785358
 -0.31736381384729234
 -0.84870900418237416
 -0.99979872672709624
 -0.86924208047228424
 -0.49381727322850888
 0.020717374963544161
 0.52941587506541732
 0.94851151593640592
 0.93294154673311502
 0.48984107340721511
 -0.17773434348514575
 -0.6562791438151202
 -0.98652842266602814
 -0.93128767720556305
 -0.61370033579439642
 -0.12323172689716683
 0.53714215561870826
 0.89312185138248557
 0.99750638142641856
 0.72399073590500151
 0.26902169520804903
 -0.26173158241395567
 -0.71875427025180472
 -0.99694422685007722
 -0.81827376236426919
 -0.26462053999945312
 0.26613636670920432
 0.81917649590739106
 0.99682017986520099
 0.71766028860472586
 0.10962484661941579
 -0.5486473611136512
 -0.89920037971003641
 -0.99644589250719506
 -0.71447258176090922
 -0.25580176557114981
 0.41860992106483791
 0.90118910628606363
 0.99605082436071568
 0.81032196923136679
 0.25138433026619494
 -0.27931705123175316
 -0.82695698694418485
 -0.99820477003535257
 -0.80763749908038651
 -0.39212605309391713
 0.28369908452689208
 0.73444091888983309
 0.9782884930647664
 0.9465491972583544
 0.52419790220779638
 -0.13837272295586953
 -0.62568642452632262
 -0.93674234064043382
 -0.98391506537880058
 -0.75391589745208354
 -0.31153630812522931
 0.36513865163940556
 0.79010162031504583
 0.99952665500974269
 0.84299868999530825
 0.30719361949593094
 -0.2230579892443621
 -0.69047347805072579
 -0.99303879523100436
 -0.84053339739696464
 -0.44491021868367014
 0.076045533660961007
 0.57557902585817122
 0.91297014053824677
 0.96369087240910234
 0.57278989074160702
 -0.080598222732407257
 -0.57930743003644081
 -0.96578927795253033
 -0.90968779540689537
 -0.43671209054113685
 0.23639162971772915
 0.80116634160787004
 0.99879795529096516
 0.73871965688208541
 0.14011512559396239
 -0.5226986699188424
 -0.88533147958915415
 -0.99856369517541654
 -0.83049745413946297
 -0.42847753222482732
 0.094245825128639826
 0.59041984438793671
 0.96925136938056977
 0.95865273487232627
 0.55772175493586962
 0.054418557105745877
 -0.59409945894557603
 -0.970365004227011
 -0.90195034323742196
 -0.42020723065496823
 0.10333455741059976
 0.7132403876757174
 0.97145840219953794
 0.89996885312693931
 0.41605889162941456
 -0.25851453458985668
 -0.7164338434351224
 -0.99667842946555951
 -0.89796859424785269
 -0.54629825097485496
 -0.040734014305628702
 0.47630511916939311
 0.92726435688547848
 0.95329472382463132
 0.66445900241171152
 0.18844314139406976
 -0.34065773071631095
 -0.86149543713703836
 -0.99998940073362763
 -0.8567832820780219
 -0.33198580663880228
 0.19747842878373487
 0.67131238493471701
 0.98961727890937345
 0.9237774076299472
 0.59770660638150441
 0.10326002029297376
 -0.42027523032400022
 -0.90198270191125685
 -0.97034689319511946
 -0.70997928631879803
 -0.09871664971980694
 0.55778395400348058
 0.9039450729211691
 0.96923292646253989
 0.59035936055186145
 -0.059052735788742081
 -0.56156844030411857
 -0.95996331965004555
 -0.91844467662543139
 -0.58666723142977939
 0.063610856130871932
 0.5653412151459779
 0.96123256142768809
 0.96694437685696777
 0.70026499464550118
 0.085074564858861945
 -0.43677950363603685
 -0.83559144587430434
 -0.99901471413331877
 -0.7983799583331106
 -0.37778881381560825
 0.1492265986468464
 0.6342044204286742
 0.98138984345368674
 0.94142434045552237
 0.51090593409880236
 -0.15374061493672009
 -0.74793387261845989
 -0.98225653615836761
 -0.8766548174323272
 -0.50697489923478045
 0.0055214035258760244
 0.51646230997311038
 0.88191419914391256
 0.99892815261664103
 0.74055846159663596
 0.29237364760094314
 -0.23817371995497297
 -0.7016268198592065
 -0.99474869226751583
 -0.90701080238006038
 -0.56376518666406916
 -0.061705188177938824
 0.58821246313156828
 0.91919827200598381
 0.9594266923029664
 0.55998750548639908
 0.057146541344009039
 -0.46179277882615533
 -0.85064365637548023
 -0.99986560606571262
 -0.78120900902490753
 -0.35171930379742294
 0.17685080841905051
 0.65560150530830985
 0.94966724670251723
 0.9316143409800689
 0.48663913745476717
 -0.028950497499741039
 -0.65904302069962439
 -0.95108791243206647
 -0.97520842120142426
 -0.61079942113405361
 0.033514987101304058
 0.66247079180869495
 0.98784222664825339
 0.92825599487008159
 0.60717720135664366
 0.11505472734182955
 -0.54407059385501433
 -0.95386971012119892
 -0.92654776616293766
 -0.60354231895386923
 0.042641774270994789
 0.66928481552472607
 0.95523078406663564
 0.92482021438637707
 0.59989484973093987
 -0.047203881500806025
 -0.672670926025842
 -0.9898792794040554
 -0.92307337556835656
 -0.59623486975544926
 -0.10143517182540703
 0.55551415395589532
 0.95789314023449235
 0.92130728613903012
 0.5925624553559925
 0.096890962859445942
 -0.42607501114555518
 -0.82901434727097012
 -0.99528584909253059
