# Created by Octave 8.4.0, Thu Dec 11 09:16:06 2025 IST <gamana@Samsung>
# name: iq
# type: matrix
# rows: 2048
# columns: 1
 0.99706007033948296
 0.81741217677477895
 0.40749676511192734
 -0.11721173552297842
 -0.60890133064396568
 -0.92906155275357227
 -0.98750228500057424
 -0.76776059380909523
 -0.18369847411188231
 0.34519391021604329
 0.86393738386991581
 0.99995550774600939
 0.7648265315825612
 0.17920756624578818
 -0.34947630729317497
 -0.77971163284007661
 -0.9902997991842033
 -0.9219174737612722
 -0.5938281674466025
 -0.098455644439192053
 0.42465213567830951
 0.90405720677398727
 0.99543709859296892
 0.80639930563970652
 0.24492929260571367
 -0.42878220469788947
 -0.90599964213760187
 -0.99499096351463112
 -0.80369027773976986
 -0.38598757492505503
 0.29008244521409926
 0.73894690613814729
 0.97964775644152613
 0.88304070418597003
 0.38177074593872068
 -0.14496898751574733
 -0.74201608110504058
 -0.99902631993877522
 -0.79822199612300271
 -0.37754595515819683
 0.2988109445787136
 0.83823451315416331
 0.99352809498320716
 0.69352673492061989
 0.07570928483461975
 -0.57680275981140672
 -0.9649887322131383
 -0.91095823285371369
 -0.43947131954170243
 0.23340805554780536
 0.79932567724122838
 0.99423482618450487
 0.90906497418168908
 0.43536466339879998
 -0.23784618978820501
 -0.80206146680018797
 -0.99872344485238629
 -0.83220329738643806
 -0.43124892776542673
 0.091189587921087126
 0.5879397169116356
 0.91906542379149492
 0.99128758100646241
 0.78426098528443078
 0.20935274634661827
 -0.46149364166221007
 -0.92085560177722303
 -0.95822557211480941
 -0.55647836159153252
 0.10028104696026842
 0.71108558651626785
 0.97072572039354965
 0.90130275558293516
 0.55267825629644496
 -0.10482368684166825
 -0.59896632268215722
 -0.92437830773569063
 -0.95557335273441868
 -0.67014628176077173
 -0.19593694714062365
 0.3334684266427943
 0.76893472152711884
 0.99999540351778604
 0.77279742987957578
 0.33917914848910674
 -0.3377702626083236
 -0.85993281577640979
 -0.9880219015039563
 -0.76989109921219223
 -0.18697249432793983
 0.48162826828313782
 0.92951769366217263
 0.9514456324359305
 0.6599150493749707
 0.18248437222101171
 -0.34635271246754379
 -0.77762117540992637
 -0.99994309558021077
 -0.76403033079695037
 -0.32625967769526004
 0.35063314737503665
 0.86684455914106351
 0.99988395123660889
 0.76107601527488455
 0.17349680460094399
 -0.35490626986012647
 -0.86911238135537339
 -0.98503839069289045
 -0.64955995649615195
 -0.016413681660202538
 0.62425433944085562
 0.93609865989502394
 0.98424111581431162
 0.75511982966047653
 0.164494764015997
 -0.36343022125511892
 -0.78897579815913343
 -0.99958141038069237
 -0.84398406755565658
 -0.4506338234743309
 0.22126935221527527
 0.79177346594786169
 0.99943886783086799
 0.74910065255297842
 0.15547900140922769
 -0.37192385559131702
 -0.79455462137295907
 -0.99927548207434191
 -0.74606759889611551
 -0.15096620933205945
 0.37615908234565687
 0.79731920643367349
 0.99387206381583204
 0.83655675988810607
 0.43836165735905963
 -0.083321268984552388
 -0.69900780262412576
 -0.99436648797780181
 -0.83404602882728585
 -0.29151500094968152
 0.38460591340230282
 0.80279843518809202
 0.99484017471709107
 0.90663238476110664
 0.4301343611309012
 -0.2434773626005656
 -0.80551296461297017
 -0.99841358164780036
 -0.82897243756720596
 -0.28276622004933655
 0.39302066094081484
 0.80821069513822219
 0.99572529684553057
 0.82640968317723063
 0.42187118343784913
 -0.10150972301813228
 -0.59629502905811249
 -0.97102161033957579
 -0.90076708853249832
 -0.41772635433529737
 0.25674197731389409
 0.81355553479764497
 0.99652735636496814
 0.82123252410635128
 0.26959904955817621
 -0.26115292972931092
 -0.8162025324656873
 -0.99721854071469085
 -0.81861822739462087
 -0.26519862563593694
 0.40975110039236384
 0.81883250830413812
 0.99724628636823809
 0.81598685847420904
 0.26079267102047637
 -0.41391256458337461
 -0.89893791293310132
 -0.99649621282851231
 -0.81333847222205879
 -0.40106078858848004
 0.12419694968429182
 0.6144680261825699
 0.97622505728464248
 0.9496437689242001
 0.6555449172576302
 0.02431048835748555
 -0.61806448346233855
 -0.97720475411549423
 -0.94820297322449965
 -0.52859042667655221
 -0.019744878889376392
 0.49466286186017294
 0.93492156727054621
 0.98482480954644724
 0.75729988143405402
 0.31644125325140804
 -0.21355984684494758
 -0.78692431895571124
 -0.99184535648545624
 -0.91736051401446572
 -0.58445240019361921
 -0.08690225208096268
 0.43512852706753002
 0.90895566155885299
 0.96624408194516875
 0.58074075304553097
 0.082351916843145981
 -0.43923570699769482
 -0.83708928455909648
 -0.99913224238819642
 -0.87971658210087067
 -0.51248206157902254
 0.15192768482357455
 0.74671493460754579
 0.99931202944930153
 0.79396363218353128
 0.37102076259437583
 -0.30551867984392073
 -0.74974466603466505
 -0.99947097594890577
 -0.7911789548115935
 -0.36677613873400783
 0.30986384760900021
 0.84450539102537403
 0.9921432504235741
 0.68512078785332353
 0.064134350968190881
 -0.58624234246306972
 -0.91823705848225556
 -0.96011013199408302
 -0.56200240479872954
 -0.059576378176591699
 0.45963249696403663
 0.92003604147862239
 0.99095922642125844
 0.78272615692098302
 0.35399672753549227
 -0.32286021601341536
 -0.76170660622616937
 -0.99989829655683926
 -0.86635918424039315
 -0.48876403164850379
 0.17894952312104839
 0.657210456600686
 0.98672970031970908
 0.9308370836132025
 0.4847748679069947
 -0.031082271478345323
 -0.66064556209724501
 -0.98746091400676894
 -0.92915854587502744
 -0.60910936462077547
 -0.11747220654559611
 0.54202677389073506
 0.9531361518906446
 0.97370403558786156
 0.71997650504052346
 0.11293589506784936
 -0.54585880423761202
 -0.95450783195983091
 -0.97265351050344262
 -0.6018404516588296
 0.044772471175195144
 0.5496794507487891
 0.89974004257597251
 0.99634110391888031
 0.81226981941563969
 0.39937963465958909
 -0.12601701851596336
 -0.61591429094295513
 -0.97662105565601998
 -0.88978071120295688
 -0.53090778593700405
 0.13054600469839833
 0.73217568374252728
 0.99827797602498924
 0.80690864231013526
 0.24576473929266096
 -0.42800350042979229
 -0.90563452989963877
 -0.99507674247845379
 -0.70394371380501819
 -0.090220902426703026
 0.43212632130727791
 0.83274223452308671
 0.99877210533894034
 0.80148015353013036
 0.23690129582362218
 -0.43624013022962893
 -0.83526195740363451
 -0.99898792851145068
 -0.79874080855644036
 -0.37834382170007552
 0.29798841980098012
 0.83776426097200107
 0.99362561351995793
 0.69414733525730998
 0.076568570188056032
 -0.44444036922624158
 -0.84024909304288897
 -0.99310044604073633
 -0.79321220308449691
 -0.36987364886653651
 0.30669437559828905
 0.84271640179536644
 0.99255456754202531
 0.687543920824081
 0.21911586356481605
 -0.45260353336221676
 -0.91691249019940346
 -0.99198798940806454
 -0.78761742848407368
 -0.36137262146864441
 0.31537474719576175
 0.75656530983403103
 0.9846291034754957
 0.87027678172632683
 0.35711075881816684
 -0.17117305216711148
 -0.65123688918118505
 -0.98541644943190609
 -0.86801831666252882
 -0.49166797977536669
 0.17567057279463055
 0.76250619481193627
 0.99991514695253547
 0.77910222189901035
 0.2012573189494406
 -0.46881591634326025
 -0.85478830768936565
 -0.99996421018503501
 -0.86344712668334977
 -0.34428084209006543
 0.18465452954925485
 0.6615721536763477
 0.98765511914161686
 0.86113449709973433
 0.33998972421839152
 -0.18914077831673098
 -0.66498974329760363
 -0.95350905733780555
 -0.97342194446667962
 -0.7191188832853358
 -0.11170873212366551
 0.41254911937971112
 0.82059061821265755
 0.99746922224264523
 0.81420865299611456
 0.40243190678191099
 -0.27291262473125366
 -0.7267731317403282
 -0.99778351204304205
 -0.81154885978959945
 -0.39824712012492786
 0.12724205514016593
 0.61688675308117347
 0.97688579182994772
 0.94867753784339925
 0.52986082427676207
 -0.13177031438553685
 -0.62047455498489301
 -0.97785179306862535
 -0.94722344751826693
 -0.52598234640887054
 -0.016675928747218131
 0.49732814920591017
 0.93600637292428479
