# Created by Octave 8.4.0, Thu Dec 11 09:16:06 2025 IST <gamana@Samsung>
# name: iq
# type: matrix
# rows: 2048
# columns: 1
 0.99706007033948296
 0.81741217677477895
 0.40749676511192734
 -0.11721173552297842
 -0.72295709950342013
 -0.97467563508643473
 -0.89379434027545168
 -0.40332217000396425
 0.12174574039319934
 0.61251750219373202
 0.9756866937503218
 0.89173695753970295
 0.39913916364882279
 -0.126277206267076
 -0.72923708866562187
 -0.97667740455693652
 -0.94898469904253735
 -0.53068550131166847
 -0.022214290997900961
 0.49251475324559779
 0.93404224138678449
 0.94753482023462876
 0.65049842763434806
 0.17021463217652491
 -0.35801914740060525
 -0.78539783471713998
 -0.99152754231630602
 -0.91834089914126482
 -0.4558054392076315
 0.21560776862847272
 0.78821639611625471
 0.99961637728604458
 0.75293139567673473
 0.1612074989385934
 -0.36653212183670031
 -0.79101851933410983
 -0.99947947189198894
 -0.84219234522037123
 -0.44765705097149988
 0.22451727661408843
 0.79380414593267479
 0.99932172244443662
 0.74688936492934765
 0.30141723570001927
 -0.22896505360363265
 -0.69484718481991314
 -0.9649887322131383
 -0.96328999306189333
 -0.5715619408474234
 0.082090521919315831
 0.58052721149389108
 0.96617647717373156
 0.90906497418168908
 0.56780872985143183
 0.066599024229182319
 -0.45337183085077554
 -0.84562645019083471
 -0.99966550404728993
 -0.87209571834185651
 -0.36056893869878703
 0.16752163237433296
 0.7571285669469523
 0.98477925608846884
 0.86985197422915883
 0.49489079104069511
 -0.17202205632633658
 -0.65189063542320946
 -0.94811962245698522
 -0.93338546174226766
 -0.61827065004495774
 0.024048282052691987
 0.65534683009168626
 0.98632564038788906
 0.8653101111236956
 0.48693370707140277
 -0.028613416223251562
 -0.536100052379056
 -0.89256565897215878
 -0.97528298882685538
 -0.72484208350577484
 -0.27021093937455071
 0.40500014806224366
 0.89461555903131029
 0.99726570321822938
 0.72168845298289652
 0.11538970234524717
 -0.40917133979595066
 -0.8184675601388407
 -0.99719895765191047
 -0.81635404255404231
 -0.26140610184024543
 0.26934646894041164
 0.72422331303918408
 0.99753012452978629
 0.81370802101913009
 0.2569954597374593
 -0.27374159579893415
 -0.72736480393270331
 -0.99784048800762737
 -0.81104502967743974
 -0.25257945801771692
 0.42163336854287486
 0.90262816634349929
 0.96998389281815456
 0.70892408580754163
 0.24815818877633955
 -0.28251463140679067
 -0.82882571694540641
 -0.99531849785788795
 -0.70569586549307994
 -0.24373174421850885
 0.429897566468319
 0.83137217755029091
 0.99864669548498619
 0.88459937535560251
 0.52135769715095059
 0.011247956082341949
 -0.62828195559010802
 -0.97989489953272035
 -0.88246046011956136
 -0.38062901780274139
 0.14619080877256765
 0.74284342228831535
 0.98079580514366582
 0.8803031412508725
 0.37640208904310912
 -0.29998927131410252
 -0.83890731960218134
 -0.99338706034829882
 -0.69263648984203974
 -0.22597606066310341
 0.3043425181213476
 0.74892687579832318
 0.98253623478184693
 0.87593347296118218
 0.5056837509888833
 -0.0070186351243288854
 -0.5177438501891326
 -0.88261903416678134
 -0.97982756338423382
 -0.7395514844487685
 -0.14133781382581198
 0.52164543106267169
 0.94557904321004638
 0.97890471388091427
 0.62445921898958623
 0.13681547761836058
 -0.52553613306817071
 -0.88687569161064339
 -0.97796144940880547
 -0.73337300308974884
 -0.13229028813657909
 0.39357185195279359
 0.80856359383003795
 0.99810937180197989
 0.73026078847632114
 0.12776233975286863
 -0.53328457614273284
 -0.89105836659263005
 -0.97601375467033502
 -0.61370033579439642
 -0.12323172689716683
 0.40195163755402535
 0.81390399247921841
 0.99657709558577379
 0.82089030337516489
 0.26902169520804903
 -0.40612900000404117
 -0.81654875871836308
 -0.99717367862900375
 -0.81827376236426919
 -0.40886361669740878
 0.26613636670920432
 0.81917649590739106
 0.99729056693318985
 0.89446482546867812
 0.40469179829006041
 -0.27053560075472688
 -0.82178714924509855
 -0.99761610861221961
 -0.8129895401913837
 -0.40051154007206008
 0.27492919280489736
 0.82438066428653922
 0.99605082436071568
 0.7112699746563621
 0.10054200436666021
 -0.42275288344574552
 -0.82695698694418485
 -0.99820477003535257
 -0.80763749908038651
 -0.39212605309391713
 0.28369908452689208
 0.73444091888983309
 0.9782884930647664
 0.9465491972583544
 0.64816408847853257
 0.16718916734334063
 -0.36088345518522658
 -0.87226068289134251
 -0.99965672575733444
 -0.75391589745208354
 -0.31153630812522931
 0.36513865163940556
 0.87448489466216361
 0.98308902348526839
 0.64118202727612839
 0.005446466656266781
 -0.50703949142794102
 -0.93990010998605222
 -0.98224247935955056
 -0.63767090251296954
 -0.00087977196516395852
 0.63631452355382023
 0.981910840626954
 0.87753594764229947
 0.37102076259437583
 -0.15643979414568326
 -0.63983078090230217
 -0.98276527951328996
 -0.87533701225132698
 -0.36677613873400783
 0.30986384760900021
 0.84450539102537403
 0.99960907857219627
 0.87311982178659209
 0.36252386579059354
 -0.16545413114529683
 -0.64682319170808622
 -0.98441265345254958
 -0.93575608369329677
 -0.49671169676217664
 0.16995617082962328
 0.75873979406764036
 0.98520555414963917
 0.93413588692046379
 0.61991727432530874
 0.13106606358576089
 -0.39470685938945244
 -0.80928964907531076
 -0.99589306163665337
 -0.82537535260802997
 -0.27662050554376355
 0.39889866518032613
 0.89161822963160164
 0.99773598681172548
 0.82278845535517475
 0.27222911179731163
 -0.40308215197583813
 -0.8146208931956872
 -0.99667842946555951
 -0.89796859424785269
 -0.54629825097485496
 -0.040734014305628702
 0.47630511916939311
 0.85916763922364559
 0.98825184187956794
 0.77084575096264307
 0.18844314139406976
 -0.48031556574649814
 -0.92896449571977835
 -0.9875435880617639
 -0.76792862176621013
 -0.18395628741404277
 0.34494773752928914
 0.86380526864144591
 0.99995794748120204
 0.85441940454648735
 0.46818829390851685
 -0.049932895571018494
 -0.55398783516922856
 -0.90198270191125685
 -0.97034689319511946
 -0.70997928631879803
 -0.24960833620042683
 0.28107804804847464
 0.73258388378708994
 0.97771859182372267
 0.88741104275028515
 0.39043783300440948
 -0.13566625401455998
 -0.62355274104028446
 -0.93578250779400085
 -0.94595587526113267
 -0.52263478249728768
 -0.012745109367646898
 0.62711640397435597
 0.93738286894452327
 0.98358570375047472
 0.64327632135886925
 0.0081786417543016701
 -0.63066698845287272
 -0.93896368106054662
 -0.98275142388085146
 -0.74969507541622005
 -0.15636577838437321
 0.37109035081734881
 0.87757187876108522
 0.98189664881965666
 0.7466650879372424
 0.15185361630993485
 -0.51254640924252104
 -0.94206652672674507
 -0.93987451980311765
 -0.63272696759215707
 0.0055214035258760244
 0.51646230997311038
 0.88191419914391256
 0.99892815261664103
 0.83454098068776961
 0.43506105404562229
 -0.086976906331164811
 -0.7016268198592065
 -0.96742949194927785
 -0.9607043079886981
 -0.68334577293270737
 -0.061705188177938824
 0.58821246313156828
 0.91919827200598381
 0.9594266923029664
 0.55998750548639908
 0.057146541344009039
 -0.46179277882615533
 -0.92098703315352426
 -0.95812906786081409
 -0.55619814582020222
 -0.052586702724156269
 0.46583857587044308
 0.85303569840394
 0.98999571220944627
 0.67327953654496719
 0.048025767413371868
 -0.46987465789359312
 -0.92450689724225354
 -0.95547390137131483
 -0.54858470737123244
 0.10969933265927975
 0.60288605549076435
 0.92623792677698591
 0.95411641469722341
 0.66649838973862252
 0.19112572350826018
 -0.47791734039237166
 -0.92794963970399535
 -0.95273903001207627
 -0.66308693126258755
 -0.034337332617050374
 0.61014771823920522
 0.92964200032564304
 0.98725327868753709
 0.76675227945330937
 0.33025481062593198
 -0.19927645160890187
 -0.77783315318496116
 -0.9898792794040554
 -0.92307337556835656
 -0.59623486975544926
 -0.10143517182540703
 0.55551415395589532
 0.90277326207257647
 0.96990183591888457
 0.70868620867103405
 0.24783150212176325
 -0.42607501114555518
 -0.90472806512921378
 -0.96877974656918697
