# Created by Octave 8.4.0, Thu Dec 11 09:16:06 2025 IST <gamana@Samsung>
# name: iq
# type: matrix
# rows: 2048
# columns: 1
 0.99706007033948296
 0.81741217677477895
 0.2631763561998442
 -0.41166286191191009
 -0.89785314323009247
 -0.97259255895290297
 -0.60163096747855127
 -0.10813648706951674
 0.54989853666459632
 0.95593663795513129
 0.97152058492562143
 0.71342420240216764
 0.10359543274975808
 -0.41996921323270014
 -0.9018370479926181
 -0.99591677378527643
 -0.80944368883232731
 -0.39494783328271993
 0.13080603864129745
 0.73235430365016874
 0.9982933274023793
 0.88756644408310237
 0.39074826631547099
 -0.13533214306748165
 -0.62328907253604104
 -0.97859770037839833
 -0.94606518067421075
 -0.64702319695337762
 -0.013082302230897626
 0.50044297299076146
 0.87299192731282182
 0.99961637728604458
 0.75293139567673473
 0.31011321061357677
 -0.36653212183670031
 -0.79101851933410983
 -0.99267257301273648
 -0.9146877172569069
 -0.44765705097149988
 0.072984607991762596
 0.69155575910797984
 0.9932140410785969
 0.83972129973922371
 0.4435688105502032
 -0.077538373483401396
 -0.57680275981140672
 -0.9649887322131383
 -0.96328999306189333
 -0.69022950739697697
 -0.071154896496347181
 0.44929670050794807
 0.91542760447624616
 0.99244923265600671
 0.7898948670650332
 0.36482469394694789
 -0.1630177147739201
 -0.75413739896883958
 -0.98397524954642002
 -0.87209571834185651
 -0.36056893869878703
 0.31619243755180926
 0.8480552264261183
 0.99128758100646241
 0.78426098528443078
 0.35630566381819206
 -0.17202205632633658
 -0.65189063542320946
 -0.98556272514868337
 -0.86759008943263682
 -0.3520349582153795
 0.32484398121003566
 0.76306347130970409
 0.98632564038788906
 0.93173685042504906
 0.61467493103747084
 0.12445719769369468
 -0.40082051008727831
 -0.81318585042005176
 -0.99647424175558452
 -0.89905278190790505
 -0.5483653950146985
 -0.043201793907063295
 0.6030952912798444
 0.97301746871639383
 0.9540378449337561
 0.54454082034982465
 0.038638901418714747
 -0.4781477145899844
 -0.86023865239462738
 -0.98792921227539277
 -0.66289057852064825
 -0.034075203119590815
 0.61035550082890577
 0.92973861019853599
 0.98721150054603468
 0.76658388232805563
 0.1818949019102846
 -0.48614937486377335
 -0.86485977345968701
 -0.98647320061060673
 -0.65602466714103314
 -0.17740248146386889
 0.3511945275298724
 0.78085896061920368
 0.99987463852894498
 0.76068700266561096
 0.17290636130483472
 -0.49411048094498033
 -0.86940874861318307
 -0.98493489813929835
 -0.64910403070761957
 -0.015814255536007973
 0.49807561849560866
 0.87165606265217788
 0.984134927684575
 0.64562337082936083
 0.16390339698880679
 -0.50203036872450668
 -0.87388519838325185
 -0.99956388649198535
 -0.7517228585266672
 -0.30836864826151417
 0.36823831622717579
 0.87609610931798187
 0.9824734317532009
 0.74870337284051514
 0.30402127670330764
 -0.2263045458482901
 -0.69287968350990514
 -0.96426848850398295
 -0.91208187615920255
 -0.5738017680491504
 -0.07387994139958845
 0.44685409141316507
 0.84170795568265511
 0.99278065370158464
 0.68890093284016052
 0.069324945541670138
 -0.58201994412750735
 -0.91616441098525458
 -0.9615517828446648
 -0.56629770197952101
 0.088468395322842105
 0.7026928983702091
 0.99490081834697564
 0.90637927826073139
 0.42959307273497971
 -0.24405878165923398
 -0.80586807279352213
 -0.99535103343762399
 -0.82863699236744714
 -0.28219113174004168
 0.24848484721087891
 0.80856359383003795
 0.99578049057298412
 0.82607197240836805
 0.27780708268757176
 -0.2529057306336317
 -0.81124225234633263
 -0.99618918079676655
 -0.90050656061068934
 -0.55114847945818168
 0.106647885100269
 0.60043432000801411
 0.92507656477813749
 0.98912190302467629
 0.77452856646619817
 0.34174815640461548
 -0.33519734327953327
 -0.77010626153079897
 -0.98807388314734257
 -0.85976064685240505
 -0.47732479867057148
 0.19178768900065554
 0.77301140416510317
 0.98876676377317252
 0.85741947795759588
 0.47330693411798463
 -0.1962676204535162
 -0.67039653886251627
 -0.95567269543164057
 -0.92424961311068343
 -0.46927919879232782
 0.20074345876300026
 0.67377805770053945
 0.99009064908208233
 0.92249645868675645
 0.59503218556979909
 -0.053260199497821945
 -0.55675851408126154
 -0.95832196740132169
 -0.96953617140151371
 -0.70762906128587488
 -0.24638067353068496
 0.42742908702497839
 0.82985072709325425
 0.99513952175078968
 0.80458031858614487
 0.24195217599768648
 -0.4315531551349901
 -0.83239022919382866
 -0.99874042183395029
 -0.80186001883484936
 -0.23751863257405997
 0.29301855271703736
 0.83491237187186829
 0.99419861127584652
 0.79912299636577122
 0.37893198159176017
 -0.29738175538438333
 -0.74407029360156574
 -0.98115194723055799
 -0.87943136084701534
 -0.37470188890066913
 0.15252020218339782
 0.63677688436544455
 0.94165156452784582
 0.98126010988344969
 0.63368282102553841
 0.14855967449948912
 -0.37841318812873614
 -0.7987858946523142
 -0.99898455506343076
 -0.74138779202865035
 -0.29355443911615486
 0.23697409994913654
 0.70074630799898874
 0.9671161311271711
 0.96104637290971962
 0.68424690285910295
 0.062937765640475776
 -0.45663899873170727
 -0.84757915614794599
 -0.99140542991536318
 -0.68090949590265359
 -0.058379457433449272
 0.46069701631730781
 0.84999372710788945
 0.99079765119439822
 0.78197937237721382
 0.35287510517200593
 -0.1756351618155684
 -0.6546684648538259
 -0.94927965275571025
 -0.93206248124107138
 -0.48771764682609792
 0.027716015199802699
 0.53534199070844268
 0.95070567735066669
 0.93039825583691349
 0.48372582062468594
 -0.18461917775397735
 -0.66154517983159566
 -0.95211187506516737
 -0.97446573392032032
 -0.72230960577372771
 -0.26667664556397536
 0.40835200966649993
 0.81795142151945277
 0.99698785742982976
 0.81687221478887484
 0.26227253758343416
 -0.41251635255096947
 -0.82057006009937994
 -0.99746666412841634
 -0.89337384854697799
 -0.40246483547342121
 0.12267544380321535
 0.7267484241197929
 0.99778111780504808
 0.89131264766880269
 0.3982801145814544
 -0.12720637719662148
 -0.61685844223677111
 -0.93273959151661701
 -0.98586513612975313
 -0.65325114578609056
 -0.021277787586463391
 0.49332977261206301
 0.93437639462790911
 0.94723497803151258
 0.52601293859388787
 -0.13626019091424113
 -0.62402130994424754
 -0.97879003285201549
 -0.94576128892435674
 -0.64630868821834453
 -0.16478894710282554
 0.50125374121314881
 0.937591508117257
 0.9834773515609383
 0.64281720510437035
 0.16028295525309991
 -0.50520008637124525
 -0.93916975144443327
 -0.94275477055799772
 -0.63931231609601769
 -0.0030125029018574635
 0.63466782216768436
 0.98150478742342817
 0.94122200399946154
 0.51039048674775866
 -0.15433296388685006
 -0.63819028610314688
 -0.98236879196404914
 -0.87636622663844588
 -0.36875940648814054
 0.30783538028013108
 0.75135307850657385
 0.98321230929285264
 0.87415755586709232
 0.50251506956987901
 -0.010687453590618137
 -0.52087928828453178
 -0.8843378293599633
 -0.99867569066952333
 -0.73707693247992045
 -0.13770473754745091
 0.38854253912744019
 0.80533619044350724
 0.99843033056584207
 0.73398302658285619
 0.13318010153099763
 -0.52865403833390945
 -0.94822677574888892
 -0.97718884210939361
 -0.6180055709143798
 -0.12865268805560975
 0.53252491628911025
 0.94966724670251723
 0.97620881102840229
 0.72774935818324415
 0.2742806783315328
 -0.25645371012622509
 -0.81338206817485037
 -0.99650247768692635
 -0.82140266898159908
 -0.26988624726652932
 0.26086501504268755
 0.71812980225496226
 0.97309522087936695
 0.89689483656565461
 0.40968274099887381
 -0.26527087964301094
 -0.72130032636190611
 -0.99722412327535703
 -0.81615923355558806
 -0.2610805915399585
 0.26967121204323496
 0.82127528094718671
 0.9975537541960332
 0.89281827429515648
 0.40133398604391574
 -0.12390100013857708
 -0.61423269444159323
 -0.97616036467522127
 -0.89075204234264915
 -0.53271392021889008
 -0.024608652350957341
 0.61782999094179081
 0.9331841524385166
 0.98565747509285939
 0.65231559488404356
 0.17257420962805015
 -0.49440363247218816
 -0.86957531788667963
 -0.98487652801327374
