# Created by Octave 8.4.0, Thu Dec 11 09:16:06 2025 IST <gamana@Samsung>
# name: iq
# type: matrix
# rows: 2048
# columns: 1
 0.99706007033948296
 0.81741217677477895
 0.2631763561998442
 -0.41166286191191009
 -0.89785314323009247
 -0.97259255895290297
 -0.60163096747855127
 0.045034489605138867
 0.67106240716536125
 0.98956875465747796
 0.85459457057271659
 0.46848624543001655
 -0.20162286006192071
 -0.67444116920798691
 -0.99021632186749353
 -0.85221418830700335
 -0.32367573141182471
 0.35319061280632863
 0.86820355766283963
 0.98535287859949761
 0.65095363853417287
 0.1708053569705982
 -0.49596355405984022
 -0.87046054131309936
 -0.99974612342018332
 -0.84740015524068646
 -0.31502057900881997
 0.3617205678104487
 0.8726993715879271
 0.98375429633035505
 0.75332579332272687
 0.16179913271432184
 -0.5038737217453233
 -0.93864102051795761
 -0.94326596996825585
 -0.64049284014193564
 -0.0045487206998583761
 0.63347989895634083
 0.98120953739477923
 0.87928934552900584
 0.51171095291230795
 -1.798511915372843e-05
 -0.51174185668736971
 -0.94175191147715975
 -0.94019401768309818
 -0.50778209690239207
 0.0045846905630842561
 0.64052046358073522
 0.98293084087083293
 0.9386286139306903
 0.50384265114302151
 -0.16183462889377317
 -0.75334944857307373
 -0.99963377588470703
 -0.87268180826923836
 -0.49989269779097623
 0.013717719374798241
 0.52346381290539024
 0.88574854430223371
 0.97846673316342303
 0.62279201127752448
 0.13470248775391336
 -0.5273494064881119
 -0.94773775986404585
 -0.93381508521304091
 -0.61921258400042767
 0.022849603865310875
 0.65444071485197186
 0.94918488649278743
 0.93217158136009537
 0.48798061702336432
 -0.02741487893012531
 -0.65788683765235245
 -0.95061221795703932
 -0.97554721989174975
 -0.72566757690844608
 -0.12111496873245624
 0.40390358431741602
 0.81514125844927376
 0.99735359228657894
 0.72251790892291912
 0.2669669747278347
 -0.2637893753289251
 -0.81777807867994523
 -0.99710856150388383
 -0.89555050332535791
 -0.54171312072334321
 0.1178428056668413
 0.72339599813399258
 0.97481754515344721
 0.89350916421702653
 0.40274059281794244
 -0.1223764628896731
 -0.72654146088636362
 -0.99776101538081541
 -0.81174584665667859
 -0.39855642292053223
 0.27697911528932728
 0.82558599306409242
 0.99805603328968073
 0.80907037654641034
 0.24931951252214782
 -0.28136426466360176
 -0.82815426816345372
 -0.99543366566765779
 -0.70654487300629731
 -0.24489441782848195
 0.2857435462117231
 0.83070527218085843
 0.99498736710943547
 0.80366887320706504
 0.24046421588398847
 -0.29011686860415925
 -0.83323895191536146
 -0.99452031818015307
 -0.80094295262585335
 -0.2360289990801398
 0.29448414063569656
 0.83575525452729449
 0.99902790623321591
 0.79820032845219147
 0.37751264680246438
 -0.14952150569732761
 -0.74509377257618103
 -0.99921879946066361
 -0.87870046987263228
 -0.51064952198229419
 0.15403531545940144
 0.74813181186125777
 0.98231242755160042
 0.87651128288918267
 0.50671779409502227
 -0.0058196519555612173
 -0.51671768419502473
 -0.88205475945622291
 -0.99891430274812765
 -0.74035800489803461
 -0.14252468355849027
 0.52062210787470198
 0.88419715107186758
 0.99869114400853309
 0.73728048694998105
 0.13800311212198571
 -0.5245156740276754
 -0.88632110283631971
 -0.9782110819064348
 -0.73418759308442771
 -0.28334120673102409
 0.2473232668771092
 0.80785750597143202
 0.99818234877868672
 0.82674709693031978
 0.42241465133555023
 -0.10091329755001452
 -0.59581366090383858
 -0.922871487966342
 -0.98995358540852607
 -0.77816272056647606
 -0.19979046908747422
 0.3297596316796047
 0.7664154324676743
 0.99997575675182881
 0.86269088167818231
 0.34287472804206498
 -0.3340674597427386
 -0.76934084225103916
 -0.98788854908409174
 -0.86037235870082118
 -0.47837805589467242
 0.19061080133807218
 0.77225020750110041
 0.98858684135041419
 0.85803589273615888
 0.33428076207929353
 -0.19509179197758988
 -0.66950638967362874
 -0.9553189832873622
 -0.92470671639000113
 -0.5996561969540295
 -0.10568068703210141
 0.41806539666547804
 0.82404117545676947
 0.99610387225416208
 0.81067312387003299
 0.25196453736646229
 -0.42220951003176449
 -0.82661975814466226
 -0.99816868423776495
 -0.80799086900373729
 -0.24754254243781962
 0.42634481825710085
 0.82918110175267723
 0.99525687875389923
 0.70524548009537236
 0.24311538503196514
 -0.43047123510003577
 -0.83172515286421833
 -0.99480224349196023
 -0.80257586383243718
 -0.38426140094988254
 0.14230067753188994
 0.74020585561680541
 0.98002148790987431
 0.88216136341728757
 0.38004130030372729
 -0.29623677868468345
 -0.83676116573580051
 -0.99383074335115618
 -0.69546668720317029
 -0.078397537020469157
 0.44279627771178393
 0.91248025753890827
 0.99331389873283826
 0.79432796706929032
 0.37157741000626143
 -0.30494778563713076
 -0.84172737665922182
 -0.99277633864348791
 -0.79154546007749638
 -0.22090539598361061
 0.45096694320722297
 0.91617882735973499
 0.96154190394317862
 0.56626805491499155
 0.064732609164222951
 -0.45503821119404869
 -0.84662337135716437
 -0.99971213028545058
 -0.87117891489750021
 -0.35882367711440522
 0.3179663723725924
 0.84904490976058899
 0.99981127408820147
 0.86892773498615949
 0.49326458698302622
 -0.021352708557315411
 -0.65330788260348704
 -0.98587768853652424
 -0.86665843366590922
 -0.48928696065732896
 0.025918150348734747
 0.53382203888218283
 0.95014643106409047
 0.97587520923888271
 0.72669694689027298
 0.27280592502520762
 -0.40253343524152485
 -0.81427303824434039
 -0.99746133057868402
 -0.82052722728675664
 -0.26840959403777453
 0.2623448515520968
 0.81691543813106104
 0.99712573352919132
 0.8179083083455142
 0.26400766539263876
 -0.4108773314811992
 -0.81954080132062368
 -0.99676934151320351
 -0.81527233200084659
 -0.40411060522842152
 0.27114732344725678
 0.82214907306128493
 0.99765975996171241
 0.89212663156298533
 0.53527869392098903
 -0.12542227113201657
 -0.72864713064226683
 -0.97649200589141216
 -0.89005415789296194
 -0.53141572791071234
 -0.023075856940442684
 0.61903486207991809
 0.9774661934888772
 0.94780994075947012
 0.52754167927373141
 -0.13447823415134474
 -0.62261493107687904
 -0.93535909167438946
 -0.94634402792105321
 -0.64768004358274611
 -0.013944010476629697
 0.62618201549604879
 0.97935339388659615
 0.88372553971140766
 0.51976065752092315
 -0.14352297910378442
 -0.62973604094625069
 -0.98026636732946337
 -0.88157908124133344
 -0.37889869360588097
 0.29741609808837527
 0.83743676203674922
 0.99915850845176379
 0.79634755256079248
 0.2286017604034839
 -0.30177304967578189
 -0.74713746579205531
 -0.98203096550372526
 -0.87723105369407695
 -0.37043057075417968
 0.30612370781365272
 0.84239350276754099
 0.99949144189017325
 0.87502957529461356
 0.50406919266205064
 -0.00888902807713364
 -0.64382007479711412
 -0.98371364343916834
 -0.87280984823294372
 -0.36193154688014623
 0.16608081347385717
 0.75617314737950159
 0.98452421818517355
 0.87057191880125973
 0.49616005852542827
 -0.17058236556231213
 -0.75915358482092177
 -0.98531426076813822
 -0.93390888641622483
 -0.49218992910733028
 0.17508036017107351
 0.76211819018334714
 0.99990715761573368
 0.77947790905354819
 0.2018445199136
 -0.32777942581974934
 -0.76506690164023927
 -0.98683268396842572
 -0.86374938489643793
 -0.34484363451068062
 0.18406530180447664
 0.76799965769645229
 0.99998990522421061
 0.86143911648428528
 0.3405534540986504
 -0.18855206144897776
 -0.77091639718964367
 -0.9882687863743751
 -0.8591108828376951
 -0.33625617147527714
 0.34069154926004869
 0.77381705929149447
 0.999989234473461
 0.76790558105748985
 0.33195187626005263
 -0.19751369054073656
 -0.77670158350892426
 -0.99995761695903373
 -0.76497231087746009
 -0.17943021069180032
 0.34926425570076991
 0.86611506565767937
 0.99990514541943798
 0.85201887790951236
 0.46411627841504299
 -0.20645884319820762
 -0.78242197800244073
 -0.99983182094896295
 -0.75905797173923528
 -0.31899781343993666
 0.21092500762195274
 0.78525772898020252
 0.9997376450767832
 0.84720194857297704
 0.31466636694839695
 -0.36206846377481933
