# Created by Octave 8.4.0, Thu Dec 11 09:16:06 2025 IST <gamana@Samsung>
# name: iq
# type: matrix
# rows: 2048
# columns: 1
 0.99706007033948296
 0.81741217677477895
 0.2631763561998442
 -0.26757933088703667
 -0.82003431881388944
 -0.99739959216031482
 -0.81477298767905471
 -0.25876789299367536
 0.27197672523161615
 0.82263935911185238
 0.9977183133033527
 0.81211680656676566
 0.39913916364882279
 -0.126277206267076
 -0.72923708866562187
 -0.99801622712169602
 -0.88966097771079677
 -0.39494783328271993
 0.13080603864129745
 0.61971144815431445
 0.93404224138678449
 0.94753482023462876
 0.52680937032475517
 0.017648480643128749
 -0.49648404018293579
 -0.87075548362775734
 -0.98445874839776404
 -0.64702319695337762
 -0.16571279352017626
 0.50044297299076146
 0.93726536135324057
 0.94457581101048138
 0.64353447266247155
 0.1612074989385934
 -0.36653212183670031
 -0.8752101648306293
 -0.99947947189198894
 -0.84219234522037123
 -0.30576841154300655
 0.22451727661408843
 0.69155575910797984
 0.96378086250028872
 0.91283249357463192
 0.4435688105502032
 -0.22896505360363265
 -0.79657321781796253
 -0.99914313223323781
 -0.8372327419467338
 -0.29705977382799137
 0.23340805554780536
 0.79932567724122838
 0.99423482618450487
 0.90906497418168908
 0.56780872985143183
 -0.086640958364850085
 -0.58423955633417979
 -0.91725607877992499
 -0.99187874960179634
 -0.78708613347960132
 -0.36056893869878703
 0.16752163237433296
 0.7571285669469523
 0.99977318748613397
 0.78426098528443078
 0.20935274634661827
 -0.32052155160483159
 -0.85046631654676685
 -0.99986002074606939
 -0.86759008943263682
 -0.3520349582153795
 0.17651889277400565
 0.76306347130970409
 0.98632564038788906
 0.8653101111236956
 0.34775691095553296
 -0.181012047936218
 -0.76600708392244765
 -0.98706798589555911
 -0.86301208685108277
 -0.48293989111003849
 0.18550142810862433
 0.6622181460394142
 0.98778974619014315
 0.92838136871562715
 0.60744511130886403
 -0.037741799180791728
 -0.54378762121797686
 -0.89664680196432855
 -0.97322421740503984
 -0.60381116136497703
 0.042304857596161642
 0.54761443469753268
 0.89865934540983339
 0.97216437610049722
 0.60016461899422868
 0.10631258127998891
 -0.55142982772784532
 -0.90065314739641111
 -0.97108426039629825
 -0.59650556024492263
 -0.10177064770085427
 0.42163336854287486
 0.90262816634349929
 0.96998389281815456
 0.70892408580754163
 0.097226591704109466
 -0.55902603440189202
 -0.9045843610622607
 -0.96886329631413692
 -0.58915019910744659
 0.06054731728429652
 0.56280668962743263
 0.90652169075643541
 0.99486675030193172
 0.70245292795551217
 0.088132491563609597
 -0.56657560757064096
 -0.90844011502318567
 -0.96656151042960048
 -0.69919534082601087
 -0.083582637076471816
 0.57033270963107596
 0.9103395938539478
 0.99390102147704307
 0.79747748196428803
 0.23042228230537098
 -0.44222640802835655
 -0.91222008763525775
 -0.99338706034829882
 -0.69263648984203974
 -0.074477793700477926
 0.57781115293558072
 0.91408155714959471
 0.9629577125917067
 0.68933536277182117
 0.069922994692288284
 -0.58153233821740702
 -0.96649421867844976
 -0.96171624803204947
 -0.56679171182125632
 0.087871226153273418
 0.5852413956952025
 0.96765636088201856
 0.90663238476110664
 0.56302347038087841
 0.060809116983152368
 -0.45853535123706013
 -0.84870900418237416
 -0.99112415953073163
 -0.7834941685839707
 -0.20814497571020177
 0.46258889234239531
 0.92133642208986943
 0.99050672924155281
 0.78064825179414798
 0.35087876671096063
 -0.17773434348514575
 -0.6562791438151202
 -0.94994809580360839
 -0.93128767720556305
 -0.48585465799489252
 0.18222648701769353
 0.76680038323000432
 0.98726520282524977
 0.92961438575819666
 0.61008834407497825
 0.1186985440550069
 -0.40612900000404117
 -0.81654875871836308
 -0.99717367862900375
 -0.81827376236426919
 -0.26462053999945312
 0.26613636670920432
 0.72192184238340473
 0.99729056693318985
 0.89446482546867812
 0.53966559836386452
 0.032840916452987139
 -0.48323515238183556
 -0.93019264499265608
 -0.95087934728715373
 -0.53581535530827096
 0.12479178969424104
 0.72821175405807848
 0.97635482996805922
 0.89034366212641014
 0.53195393787215595
 0.023711157232476316
 -0.49121112914774684
 -0.86775773336314854
 -0.99985432172435307
 -0.85028888000473257
 -0.46119445201813503
 0.057819868091764065
 0.68049887040798596
 0.95961663851846379
 0.96840745536036532
 0.70439492085823896
 0.090853766772771322
 -0.4315531551349901
 -0.90729460854494737
 -0.99467943848793638
 -0.70114609033859421
 -0.086305000545913779
 0.43566822324319554
 0.9092054270907165
 0.99419861127584652
 0.79912299636577122
 0.37893198159176017
 -0.14800533499711871
 -0.6332490946224425
 -0.94010464142229133
 -0.98212982640030599
 -0.74748602601074754
 -0.15307415633124866
 0.37418213151977475
 0.79603016489417455
 0.99917988634155619
 0.83772334006891236
 0.44027755868150731
 -0.081195761801170066
 -0.6974810650252522
 -0.96594457262267019
 -0.96229853049964109
 -0.56854749921864145
 0.085746542296763081
 0.58351071807552257
 0.91689813430433831
 0.96104637290971962
 0.56478476833245372
 -0.090295534556014037
 -0.58721328002020379
 -0.91871124287477057
 -0.95977417278507782
 -0.56101025891130574
 0.094842643710131319
 0.70723288415332175
 0.9693987167671404
 0.95848195665734937
 0.55722404967220118
 0.053819931728175216
 -0.46474542610855263
 -0.92227994368472832
 -0.95716975147556826
 -0.67419215097034724
 -0.049259283613090801
 0.46878414367617327
 0.92403546149932281
 0.989520117873813
 0.67081235308410769
 0.19681722358073409
 -0.4728130847931325
 -0.85713088116327518
 -0.99999227854816175
 -0.86115278299169851
 -0.47972390636529832
 0.18910545721954594
 0.6649628784053786
 0.9883546949159574
 0.85882233579194722
 0.33572539863128775
 -0.19358779290802877
 -0.77417388382841079
 -0.99998646081245512
 -0.85647397793049618
 -0.33142024428079914
 0.34551038306063547
 0.86410715897615442
 0.99995226986548125
 0.76460923810912385
 0.32710817819128124
 -0.34979224499924849
 -0.77992273563746839
 -0.99989722500485212
 -0.76165805010351362
 -0.17438087676587846
 0.35406681205242768
 0.86866798729944894
 0.98519270874744136
 0.75869097778854966
 0.31846367064830305
 -0.21147582959131025
 -0.7856065269148238
 -0.9997245785693325
 -0.75570808304221859
 -0.16538022551828968
 0.36259370507354283
 0.78842387647310075
 0.99215262290844974
 0.84446525583110477
 0.45143507759741341
 -0.22039375891483476
 -0.79122478352314818
 -0.99271326475870159
 -0.91455137357013006
 -0.44735548072388992
 0.22484587561108255
 0.6917993022821437
 0.9638707429922535
 0.91269474280555418
 0.57502737266173032
 -0.077874574804260743
 -0.69508966027877517
 -0.99377242836424529
 -0.91081907787510319
 -0.4391683835773984
 0.082426600067351322
 0.69836552224373061
 0.9942709280307731
 0.90892441789562195
 0.43506105404562229
 -0.23817371995497297
 -0.80226282355669942
 -0.99474869226751583
 -0.90701080238006038
 -0.56376518666406916
 -0.061705188177938824
 0.58821246313156828
 0.91919827200598381
 0.99124310746588995
 0.68000451891008395
 0.057146541344009039
 -0.59189945380494535
 -0.92098703315352426
 -0.95812906786081409
 -0.55619814582020222
 0.10061656235602887
 0.5955741004690619
 0.92275658720024012
 0.95681146172407272
 0.55239718669227666
 -0.10515904404881884
 -0.5992363264894498
 -0.92450689724225354
 -0.98934103856410838
 -0.77547477392715181
 -0.19560625154617511
 0.47390094072350675
 0.92623792677698591
 0.95411641469722341
 0.54476078736602618
 0.038900987211602449
 -0.60652321135819354
 -0.97400162091040132
 -0.95273903001207627
 -0.66308693126258755
 -0.18664120956076188
 0.34238191350790442
 0.8624254734116823
 0.99997927181881596
 0.76675227945330937
 0.18215280322778285
 -0.48592015540831529
 -0.9313149733479128
 -0.98651616079302507
 -0.76381271901443137
 -0.17766059811468488
 0.35094893923134723
 0.78069508365013429
 0.9905170277556401
 0.85107595954585802
 0.32162017358082473
 -0.3552215182091768
 -0.78354073279034975
 -0.99979722047228137
 -0.75788587203879176
 -0.1686651663634062
