# Created by Octave 8.4.0, Thu Dec 11 09:16:06 2025 IST <gamana@Samsung>
# name: iq
# type: matrix
# rows: 2048
# columns: 1
 0.99706007033948296
 0.71979445629436789
 0.11267528621267162
 -0.54607854638925091
 -0.89785314323009247
 -0.99669975492155383
 -0.71661680183738552
 -0.25876789299367536
 0.41582037352034329
 0.82263935911185238
 0.9977183133033527
 0.89173695753970295
 0.5345505649007124
 -0.126277206267076
 -0.6161208997466926
 -0.97667740455693652
 -0.88966097771079677
 -0.39494783328271993
 0.13080603864129745
 0.73235430365016874
 0.97764774684509548
 0.88756644408310237
 0.39074826631547099
 -0.28513450973044718
 -0.73545624545231092
 -0.97859770037839833
 -0.88545340033792985
 -0.5229222527763302
 -0.013082302230897626
 0.50044297299076146
 0.87299192731282182
 0.99961637728604458
 0.75293139567673473
 0.1612074989385934
 -0.50439146910589572
 -0.8752101648306293
 -0.99947947189198894
 -0.74991820004097443
 -0.15669884238927639
 0.37077718740857579
 0.8774101499200383
 0.99932172244443662
 0.74688936492934765
 0.15218691789985109
 -0.37501452045592854
 -0.87959183670055963
 -0.99914313223323781
 -0.74384495350793745
 -0.29705977382799137
 0.23340805554780536
 0.69812411955698905
 0.99423482618450487
 0.90906497418168908
 0.56780872985143183
 0.066599024229182319
 -0.58423955633417979
 -0.9673440726117527
 -0.96079785708328713
 -0.68359193739244539
 -0.21381607161106853
 0.31619243755180926
 0.8480552264261183
 0.99977318748613397
 0.78426098528443078
 0.35630566381819206
 -0.32052155160483159
 -0.76010394507765244
 -0.99986002074606939
 -0.86759008943263682
 -0.49091736807458636
 0.17651889277400565
 0.65534683009168626
 0.98632564038788906
 0.8653101111236956
 0.34775691095553296
 -0.181012047936218
 -0.65878935756162205
 -0.98706798589555911
 -0.86301208685108277
 -0.34347161125692577
 0.3334684266427943
 0.76893472152711884
 0.98778974619014315
 0.86069606453987113
 0.47893600348116838
 -0.18998693966562338
 -0.66563312401798547
 -0.95376841510680677
 -0.97322421740503984
 -0.71851977171296921
 -0.1108522977199087
 0.54761443469753268
 0.95513095897934219
 0.92494844217390204
 0.47089834743204406
 -0.046867033747573464
 -0.67242136389076779
 -0.98983136742132305
 -0.85364049424972288
 -0.46686474663636957
 0.20341932760986636
 0.6757944842168484
 0.99047064063879786
 0.92143835717186395
 0.59283406142640771
 -0.055988358703845706
 -0.67915351091042064
 -0.95909896399592787
 -0.91965447150011992
 -0.58915019910744659
 -0.092680508055636157
 0.56280668962743263
 0.90652169075643541
 0.96772249425417678
 0.58545405011465856
 -0.065105013155937183
 -0.68582900348661102
 -0.99226447206662238
 -0.91602919982827036
 -0.4506338234743309
 0.06966135126844894
 0.57033270963107596
 0.96288695422024306
 0.96538036905262048
 0.57802520069364793
 0.079031039481038554
 -0.44222640802835655
 -0.91222008763525775
 -0.96417909475583619
 -0.69263648984203974
 -0.22597606066310341
 0.44631769078305872
 0.84138411242655475
 0.99285238222274652
 0.79193364505529973
 0.22152512631064028
 -0.30868941789305326
 -0.84384335826177637
 -0.99229699825105167
 -0.78913692405411384
 -0.3636745572016995
 0.31302987997501996
 0.7549478544265199
 0.98419470203205239
 0.93619088246932725
 0.49778317453547566
 -0.1687390302799123
 -0.75793475849732128
 -0.98499315626050998
 -0.86924208047228424
 -0.35515146651018259
 0.17323849331905522
 0.76090585590764914
 0.98577106854626595
 0.93294154673311502
 0.48984107340721511
 -0.025282884424066471
 -0.6562791438151202
 -0.98652842266602814
 -0.93128767720556305
 -0.61370033579439642
 -0.12323172689716683
 0.53714215561870826
 0.9513648645896583
 0.92961438575819666
 0.61008834407497825
 -0.034412226326070341
 -0.54098853304387418
 -0.89516671019734817
 -0.9739846416439677
 -0.72083302870849542
 -0.1141628857655048
 0.41029789267069405
 0.89719290039186705
 0.97293960590383544
 0.71766028860472586
 0.10962484661941579
 -0.41445822861210652
 -0.89920037971003641
 -0.99644589250719506
 -0.71447258176090922
 -0.25580176557114981
 0.41860992106483791
 0.82438066428653922
 0.99792084509802448
 0.89034366212641014
 0.53195393787215595
 0.023711157232476316
 -0.61853565886702822
 -0.93350642899691172
 -0.98550557398912264
 -0.7598847751608806
 -0.1716898524875731
 0.49518379281713676
 0.93513413588735561
 0.9465491972583544
 0.52419790220779638
 -0.13837272295586953
 -0.7375325586554845
 -0.99871016201380958
 -0.80221808549423934
 -0.38370785527361939
 0.14289405503088268
 0.74060881724670391
 0.99893161851503542
 0.88187887015013433
 0.37948670914245436
 -0.29680932037190372
 -0.83708928455909648
 -0.99913224238819642
 -0.87971658210087067
 -0.51248206157902254
 -0.00087977196516395852
 0.63631452355382023
 0.981910840626954
 0.94049945024301207
 0.50855529701815605
 -0.0036869410735316153
 -0.63983078090230217
 -0.98276527951328996
 -0.93893789853280041
 -0.50461792658281668
 0.1609486409301393
 0.75275876160493482
 0.99960907857219627
 0.78837777747453541
 0.21586387531466605
 -0.31420255319168883
 -0.84694227072087613
 -0.99972633443905379
 -0.78556015859060346
 -0.21140258585673893
 0.45963249696403663
 0.92003604147862239
 0.99095922642125844
 0.67843923510325732
 0.055017162925071701
 -0.59361711625913305
 -0.92181583720699822
 -0.95751620892136058
 -0.67507720063547971
 -0.20246687372753197
 0.32717899269765544
 0.76465753306271111
 0.99995299922151237
 0.77700924197656385
 0.34544005915608184
 -0.18344064817265887
 -0.76759251303591824
 -0.98746091400676894
 -0.86176167500221723
 -0.48077559422967447
 0.18792794758620526
 0.77051148493708665
 0.98817153428625504
 0.85943593837696164
 0.3368545744428309
 -0.19241132777952227
 -0.66747436862954301
 -0.95450783195983091
 -0.92574337325759704
 -0.6018404516588296
 -0.10839722832228103
 0.5496794507487891
 0.89974004257597251
 0.97158270081850562
 0.5981871302220686
 0.1038563009623451
 -0.41973116691975981
 -0.9017236907083076
 -0.97049162886470242
 -0.71040134292978407
 -0.25018881911059687
 0.42387175357822654
 0.82765074138205874
 0.99551896067913792
 0.70717990245368956
 0.094768043247161982
 -0.5610722916725851
 -0.90563452989963877
 -0.96824878958938965
 -0.70394371380501819
 -0.090220902426703026
 0.43212632130727791
 0.90756163939843948
 0.99461377204279167
 0.70069284447422997
 0.23690129582362218
 -0.29362607469684976
 -0.74143807910168669
 -0.99898792851145068
 -0.79874080855644036
 -0.37834382170007552
 0.29798841980098012
 0.83776426097200107
 0.99918291788155822
 0.87912868123273025
 0.51142119782764928
 -0.00035520609580435376
 -0.5120315473723116
 -0.87946703079104571
 -0.99915395334485979
 -0.83737614173914277
 -0.43970690185345124
 0.081829121348277425
 0.69793630702392573
 0.99420666880394015
 0.90917422426779237
 0.56802461131976778
 0.066860722607749459
 -0.58402667228351934
 -0.91715158044517486
 -0.96087054195295962
 -0.56426023670636294
 0.090928394588826081
 0.5877275347374693
 0.96842614017032003
 0.90533304465219033
 0.4273613382131789
 -0.095475234185722443
 -0.70768200929684
 -0.99558588756232258
 -0.82725181834082195
 -0.27982070046704954
 0.25087657493206555
 0.71090114945891436
 0.99600411379319209
 0.8246774739692172
 0.41908625650456766
 -0.25529461712429846
 -0.714105463842164
 -0.971750610450137
 -0.9556506286681602
 -0.54908585102167817
 -0.044062760124450776
 0.47337294548867787
 0.92601178368240689
 0.98875556026373002
 0.66694520403006563
 0.039500030374461016
 -0.47739064736666098
 -0.85979891506325046
 -0.99999919043919605
 -0.85849662577286689
 -0.47515292767449607
 0.04204280796555189
 0.54739495561019913
 0.89854426479811322
 0.97222579552915267
 0.7155193594217325
 0.25724892448168524
 -0.27348932174976931
 -0.82353223714346102
 -0.99618264199878725
 -0.71232163022430739
 -0.25283322809198039
 0.42139552464273106
 0.82611420249337753
 0.99811397490226272
 0.88894197826965471
 0.52935229899733338
 0.020642452992762857
 -0.62094459040458649
 -0.93460261744058193
 -0.98498021969111815
 -0.75788587203879176
 -0.1686651663634062
