# Created by Octave 8.4.0, Thu Dec 11 09:16:06 2025 IST <gamana@Samsung>
# name: iq
# type: matrix
# rows: 2048
# columns: 1
 0.99706007033948296
 0.71979445629436789
 0.2631763561998442
 -0.41166286191191009
 -0.89785314323009247
 -0.97259255895290297
 -0.60163096747855127
 0.045034489605138867
 0.54989853666459632
 0.95593663795513129
 0.97152058492562143
 0.71342420240216764
 0.10359543274975808
 -0.55370705885596561
 -0.9018370479926181
 -0.9704283499248888
 -0.710216724570086
 -0.24993486888935224
 0.28075440618218883
 0.73235430365016874
 0.9982933274023793
 0.80675369022336518
 0.39074826631547099
 -0.13533214306748165
 -0.62328907253604104
 -0.93566355795921996
 -0.98445874839776404
 -0.7559288889967074
 -0.16571279352017626
 0.36227941227075194
 0.78821639611625471
 0.99211040285063745
 0.91652386521001739
 0.451735955545704
 -0.068429320412764685
 -0.68824991106358091
 -0.99267257301273648
 -0.9146877172569069
 -0.44765705097149988
 0.22451727661408843
 0.69155575910797984
 0.9932140410785969
 0.83972129973922371
 0.4435688105502032
 -0.22896505360363265
 -0.69484718481991314
 -0.9649887322131383
 -0.91095823285371369
 -0.43947131954170243
 0.082090521919315831
 0.58052721149389108
 0.96617647717373156
 0.90906497418168908
 0.43536466339879998
 -0.086640958364850085
 -0.58423955633417979
 -0.9673440726117527
 -0.96079785708328713
 -0.68359193739244539
 -0.062041763045416379
 0.5879397169116356
 0.96849149417710867
 0.95952171996815627
 0.56026686158099936
 0.057483207986331115
 -0.59162761605977232
 -0.92085560177722303
 -0.99067573919877039
 -0.67689734269446189
 -0.20488505504967391
 0.46554015275120081
 0.92262657540312143
 0.99004323693862828
 0.67352883541892117
 0.20041309089354509
 -0.46957695504264702
 -0.92437830773569063
 -0.95557335273441868
 -0.54886662494658134
 -0.043800730362636646
 0.47360396434939761
 0.92611076224270938
 0.98871630425468959
 0.77279742987957578
 0.33917914848910674
 -0.18998693966562338
 -0.66563312401798547
 -0.98849090621939795
 -0.85836209249050632
 -0.33487961217098988
 0.34206505440574203
 0.77474182782419287
 0.98917145136069295
 0.85601021937775568
 0.47089834743204406
 -0.19894598283625273
 -0.77762117540992637
 -0.99994309558021077
 -0.85364049424972288
 -0.32625967769526004
 0.20341932760986636
 0.78048430577675221
 0.99988395123660889
 0.8512529665268137
 0.46282140941885924
 -0.055988358703845706
 -0.67915351091042064
 -0.99108925768113243
 -0.84884768600070171
 -0.31761252689779229
 0.3591719908072325
 0.87136207831000456
 0.99970310675110219
 0.75511982966047653
 0.31327897070961552
 -0.21681353546072546
 -0.78897579815913343
 -0.99958141038069237
 -0.75211808378384382
 -0.30893888111699319
 0.22126935221527527
 0.68914533015244894
 0.96288695422024306
 0.9141878894328731
 0.44655238580789536
 -0.074216236599828955
 -0.69244728475509543
 -0.96410949048091532
 -0.96417909475583619
 -0.69263648984203974
 -0.074477793700477926
 0.57781115293558072
 0.91408155714959471
 0.9629577125917067
 0.68933536277182117
 0.069922994692288284
 -0.45039966562289363
 -0.91592396357618688
 -0.96171624803204947
 -0.68601985967528778
 -0.065366737446402923
 0.5852413956952025
 0.96765636088201856
 0.90663238476110664
 0.4301343611309012
 -0.092419350775549594
 -0.58893824801691086
 -0.9687983227001733
 -0.95917317570695038
 -0.55924348713722538
 0.096965548000683841
 0.59262281808500161
 0.92133642208986943
 0.95787162097705481
 0.55545184092149236
 0.051690166626058617
 -0.46663278619843457
 -0.92310219592082832
 -0.95655008992160562
 -0.55164861080812788
 0.10605178105953815
 0.59995480435262905
 0.92484871853944095
 0.98920991118715429
 0.66922913426856767
 0.1947257580520656
 -0.33463246164541943
 -0.769723690212191
 -0.99999838537229402
 -0.86006665733274223
 -0.33801711923289846
 0.33893240150115228
 0.860562501651286
 0.9999961643602806
 0.76910237975061224
 0.33371568541195351
 -0.34322527295248667
 -0.77552208599333883
 -0.9999730885191962
 -0.85537113379660201
 -0.32940729198072294
 0.34751098647196554
 0.86517861545497698
 0.98636883283935706
 0.76323296473450009
 0.17677705112349806
 -0.35178945268142309
 -0.78125578834147202
 -0.99063997145637572
 -0.92095783523147523
 -0.46172630843791007
 0.057221356716363872
 0.68005946213323143
 0.95944781899102105
 0.96855678155907665
 0.58815185864004971
 -0.061779983200696019
 -0.68340048286253452
 -0.9607251061180615
 -0.91736051401446572
 -0.58445240019361921
 0.066337321269096597
 0.6867272513369036
 0.9619823574103793
 0.91553313734541952
 0.58074075304553097
 0.082351916843145981
 -0.57134670254418518
 -0.9108500101553022
 -0.99376407532853228
 -0.69503578367345586
 -0.077799864163606514
 0.57508868038264338
 0.96443664802979368
 0.96385077902166005
 0.6917451883744351
 0.22477285582009482
 -0.44742250073204154
 -0.84205089924673893
 -0.99270423190419643
 -0.7911789548115935
 -0.36677613873400783
 0.30986384760900021
 0.75275876160493482
 0.99960907857219627
 0.87311982178659209
 0.50067003238648233
 -0.012820041241621906
 -0.64682319170808622
 -0.94598017464972417
 -0.97865164003263161
 -0.6234941541662522
 0.017386237901099992
 0.65029919933927494
 0.94745094821337439
 0.93413588692046379
 0.61991727432530874
 -0.021952071972139286
 -0.65376164503981937
 -0.9489019627736488
 -0.93249620882864648
 -0.61632746616600498
 0.02651744823474227
 0.657210456600686
 0.95033318806978884
 0.9308370836132025
 0.4847748679069947
 -0.031082271478345323
 -0.66064556209724501
 -0.95174459425370317
 -0.92915854587502744
 -0.48077559422967447
 0.035646446504003219
 0.66406688989070484
 0.98817153428625504
 0.9274606306198625
 0.60548122176772357
 0.11293589506784936
 -0.41142381977103759
 -0.8977376304468816
 -0.97265351050344262
 -0.71679971094190253
 -0.10839722832228103
 0.5496794507487891
 0.9558596058549732
 0.97158270081850562
 0.71360796805049342
 0.1038563009623451
 -0.41973116691975981
 -0.9017236907083076
 -0.99594041742242911
 -0.71040134292978407
 -0.25018881911059687
 0.28050266265589391
 0.73217568374252728
 0.97759256833212316
 0.88768724200696714
 0.3909896837275314
 -0.28488310495740082
 -0.83020514487898067
 -0.99507674247845379
 -0.80420278370808562
 -0.386782433394182
 0.13959571509328172
 0.73836599107446921
 0.99877210533894034
 0.80148015353013036
 0.23690129582362218
 -0.29362607469684976
 -0.74143807910168669
 -0.98038470181884685
 -0.94315394611726344
 -0.51534017297971846
 -0.0042115029521947612
 0.50810356037829052
 0.8772842918386542
 0.98201002887823541
 0.63671910177639957
 -0.00035520609580435376
 -0.63726673695191594
 -0.98214392732476352
 -0.87694309315205521
 -0.36987364886653651
 0.30669437559828905
 0.84271640179536644
 0.99951037938318776
 0.79042305788477341
 0.36562694772596338
 -0.16216739538656585
 -0.64427868567325608
 -0.98382122316867648
 -0.87251709724699622
 -0.4996006065460008
 0.014054907842664553
 0.52375111157019172
 0.94637986330795709
 0.97839707357332473
 0.73479682639496002
 0.28420205879244498
 -0.24645330073170391
 -0.70768200929684
 -0.99558588756232258
 -0.82725181834082195
 -0.42322821055179527
 0.10002008265532036
 0.71090114945891436
 0.9706626890687553
 0.95698557107963933
 0.67372268159183635
 0.048624570949613463
 -0.59875627262871844
 -0.971750610450137
 -0.9556506286681602
 -0.67034093276055851
 -0.044062760124450776
 0.47337294548867787
 0.92601178368240689
 0.95429575624973262
 0.66694520403006563
 0.039500030374461016
 -0.60604645730021167
 -0.92772603447345159
 -0.95292098208008913
 -0.66353556621801379
 -0.034936476854929815
 0.4813983933060807
 0.92942093762242273
 0.98734851654820388
 0.76713698908029604
 0.33082061813699404
 -0.34610665174172517
 -0.86442682365432499
 -0.999945859213213
 -0.8537770782998112
 -0.32650759738066742
 0.20316252151698605
 0.67560113478077399
 0.95772083556631227
 0.92154022886593456
 0.46305389465675628
 -0.20763187017247733
 -0.6789609728205056
 -0.9910542876521572
 -0.91975744586342767
 -0.45900145740906112
 0.060285513420233333
 0.68230665119091249
