# Created by Octave 8.4.0, Thu Dec 11 09:16:06 2025 IST <gamana@Samsung>
# name: iq
# type: matrix
# rows: 2048
# columns: 1
 0.99706007033948296
 0.71979445629436789
 0.2631763561998442
 -0.26757933088703667
 -0.82003431881388944
 -0.99669975492155383
 -0.71661680183738552
 -0.25876789299367536
 0.41582037352034329
 0.82263935911185238
 0.9977183133033527
 0.89173695753970295
 0.5345505649007124
 -0.126277206267076
 -0.6161208997466926
 -0.93240144544834269
 -0.94898469904253735
 -0.65396009222976592
 -0.17471292102219657
 0.35375141607369498
 0.86850088041626661
 0.985250469487432
 0.65049842763434806
 0.17021463217652491
 -0.35801914740060525
 -0.78539783471713998
 -0.99152754231630602
 -0.91834089914126482
 -0.58645480711822251
 -0.089362596629136537
 0.43290333150358423
 0.90792318296106844
 0.966877464742528
 0.58274974275466684
 0.084813229831986955
 -0.43701543014966737
 -0.90982778912911666
 -0.99403645175662203
 -0.79822199612300271
 -0.23162385210571532
 0.2988109445787136
 0.74506978139404401
 0.98144017484354107
 0.94133585988494217
 0.63605434508605452
 -0.0012169927623786735
 -0.63793063058015309
 -0.942154470878239
 -0.98097050610764491
 -0.74344414005284531
 -0.14707886180448676
 0.51668688773089189
 0.94367531037086794
 0.98007362009303423
 0.74038218407304623
 0.14256028649333857
 -0.38401924169823431
 -0.88418034830145964
 -0.99869298312634636
 -0.73730478749012174
 -0.13803873810039718
 0.38823179124436774
 0.80513623386238631
 0.99844916080522506
 0.73421201448290707
 0.28337570269565582
 -0.24728841396539203
 -0.70829062570729828
 -0.96976519508238013
 -0.95805393366806602
 -0.67645593973606599
 -0.20429823214728229
 0.32541091424439439
 0.7634508077008495
 0.99993311537287111
 0.86500946214189989
 0.48640998949172864
 -0.18160161606548425
 -0.65924026243904044
 -0.95116890426977074
 -0.92984839170739786
 -0.4824148466015396
 0.033777121586557879
 0.54045397099220183
 0.95256859507054448
 0.97412845234406953
 0.60696877921158154
 -0.038340869202523706
 -0.66608040167950699
 -0.98858142171870733
 -0.85805436612590835
 -0.47439446219605502
 0.19505651278163802
 0.77512074157576627
 0.9892592595431221
 0.85570014665531058
 0.33000723250375069
 -0.34691504748586588
 -0.86485977345968701
 -0.98647320061060673
 -0.65602466714103314
 -0.17740248146386889
 0.3511945275298724
 0.78085896061920368
 0.99987463852894498
 0.76068700266561096
 0.32137181495173944
 -0.20847479903427638
 -0.78370367285990949
 -0.99116893315155996
 -0.91941886397094896
 -0.4582356449188979
 0.061145710446713887
 0.56330213157844045
 0.90677461397837034
 0.96757123444803605
 0.70202611666406234
 0.087535304603103034
 -0.56706950284859436
 -0.96180860780868604
 -0.96640760301753192
 -0.69876661142307306
 -0.08298521587512632
 0.570825047935834
 0.96304859030171963
 0.96522381724434902
 0.69549253346794615
 0.22983886917435997
 -0.4427640257093759
 -0.91246554077811393
 -0.96401990181623187
 -0.5738017680491504
 0.079367201190443562
 0.57830034652362083
 0.96546827697460613
 0.96279588184073128
 0.68890093284016052
 0.22094047744293438
 -0.45093483801550066
 -0.84416489419142116
 -0.99222255238622448
 -0.68558354763474372
 -0.21648432361859246
 0.31359919855606849
 0.84660422771807708
 0.99971126661039378
 0.87119657448638765
 0.35885725169557425
 -0.3179322687123336
 -0.84902590539055167
 -0.99981057464028267
 -0.86894553749697701
 -0.35459098115184812
 0.17382890156623876
 0.76129471467094889
 0.98587166407221172
 0.86667637872741532
 0.48931833080765208
 -0.1783242704825769
 -0.76424785569545672
 -0.99994663618800206
 -0.86438914550077395
 -0.48533058049533734
 0.030447098077451381
 0.53764773570711577
 0.95154938063428185
 0.92939328129582277
 0.48133270865788846
 -0.18730375783299533
 -0.66359162882274891
 -0.9529437020089786
 -0.92769806037374358
 -0.60598684772426525
 0.039574909776025805
 0.54532624471903801
 0.89745750341030195
 0.97280090994462021
 0.71724266907984957
 0.10902893617327254
 -0.41500374368247817
 -0.82212859567070329
 -0.99765729988735974
 -0.89214288181535151
 -0.53530907675414618
 0.1253865848533969
 0.61541353166504653
 0.97648425174466691
 0.94926739928405801
 0.65463900799968555
 0.17559679966514621
 -0.49173323310941108
 -0.93372121977050349
 -0.98540369521650351
 -0.65118001881771093
 -0.018546090785699351
 0.49570454580256879
 0.93534636841227947
 0.94635565148416922
 0.52368727256847247
 -0.13896643493271216
 -0.73793727806691978
 -0.97934612166406976
 -0.94487015805853269
 -0.64422137197363261
 -0.0094135720807538813
 0.50361607496346472
 0.93853811251994479
 0.94336495945166887
 0.6407218594334867
 0.15758544581541206
 -0.50755612643698156
 -0.94010464142229133
 -0.94184008705436228
 -0.63720898469723852
 -0.00028026810314381957
 0.51148559287361273
 0.94165156452784582
 0.98126010988344969
 0.63368282102553841
 0.14855967449948912
 -0.37841318812873614
 -0.88133134574818639
 -0.98036992927622912
 -0.63014344195625305
 -0.14404209446919933
 0.38263635296504467
 0.80152496580324284
 0.99462153661748143
 0.83270074194778887
 0.28918587074155172
 -0.24140825635502416
 -0.70399693697221599
 -0.99508416659435028
 -0.90560274921938144
 -0.56101025891130574
 -0.058379457433449272
 0.59090359568530659
 0.9693987167671404
 0.90365644320560368
 0.55722404967220118
 -0.099387774929510453
 -0.5945815881096792
 -0.97050969629949302
 -0.90169129151887883
 -0.55342621957623661
 0.10393083342588144
 0.71366046350530787
 0.99634750575784725
 0.8224475807887246
 0.27165220072888396
 -0.25909361335349135
 -0.71685196162958531
 -0.97267091294254582
 -0.95448548382986664
 -0.6674185654672885
 -0.19233778950696631
 0.47683216543617946
 0.92748864889265203
 0.98816003957529952
 0.77046371533771096
 0.33572539863128775
 -0.34122131553440338
 -0.77417388382841079
 -0.98903929380659694
 -0.92528930024995593
 -0.60088247193461142
 -0.10720520770894533
 0.55068067745181271
 0.95621121573584256
 0.92354767364821833
 0.46765847087616669
 -0.20254025912300952
 -0.77992273563746839
 -0.99989722500485212
 -0.85172372649409922
 -0.32278929029045333
 0.20701020294663866
 0.7827727936038511
 0.99982132737852258
 0.75869097778854966
 0.16988232258226452
 -0.49677673522365212
 -0.87092125115799168
 -0.9997245785693325
 -0.75570808304221859
 -0.31413140947528839
 0.36259370507354283
 0.78842387647310075
 0.99215262290844974
 0.84446525583110477
 0.30979259712026835
 -0.22039375891483476
 -0.68849451687399366
 -0.96264425706104728
 -0.91455137357013006
 -0.44735548072388992
 0.22484587561108255
 0.79400918965226941
 0.99325320366409453
 0.83953813505979158
 0.44326655429247164
 -0.22929330316701357
 -0.69508966027877517
 -0.96507712748675856
 -0.91081907787510319
 -0.4391683835773984
 0.082426600067351322
 0.58080175758021402
 0.91556327802600634
 0.96196188827345819
 0.68667277584135678
 0.21794583567536724
 -0.31217711507956075
 -0.7543588147266056
 -0.98403532181835085
 -0.93650605963703171
 -0.62516016716356593
 0.015253786964101002
 0.52477213534678935
 0.94676652961209029
 0.93489497256578857
 0.62158935063365273
 -0.019819802221215446
 -0.52865403833390945
 -0.94822677574888892
 -0.933264388344899
 -0.49062355117527662
 0.17685080841905051
 0.76328138178410543
 0.98638116107680518
 0.86514103433169209
 0.34744071794215031
 -0.32947804660705687
 -0.85540995045046719
 -0.99997363548384233
 -0.77547477392715181
 -0.34315488624227353
 0.33378632655868862
 0.85776636300026632
 0.99999636910856871
 0.86052432995207551
 0.33886189807850309
 -0.33808764542683351
 -0.77206068735916977
 -0.99999824789995395
 -0.85818903436324712
 -0.47462533683833424
 0.042641774270994789
 0.66928481552472607
 0.98922088721011936
 0.85583584132014823
 0.33025481062593198
 -0.34666904124527759
 -0.86472807410797525
 -0.98651616079302507
 -0.76381271901443137
 -0.32594089083721095
 0.20374948630750056
 0.67604300803596629
 0.95789314023449235
 0.92130728613903012
 0.5925624553559925
 -0.056325047540602191
 -0.55930560942458629
 -0.90472806512921378
 -0.96877974656918697
