# Created by Octave 8.4.0, Thu Dec 11 09:16:06 2025 IST <gamana@Samsung>
# name: iq
# type: matrix
# rows: 2048
# columns: 1
 0.99706007033948296
 0.81741217677477895
 0.40749676511192734
 -0.26757933088703667
 -0.72295709950342013
 -0.99739959216031482
 -0.81477298767905471
 -0.40332217000396425
 0.12174574039319934
 0.72610466550790553
 0.9756866937503218
 0.95041478686084535
 0.5345505649007124
 -0.126277206267076
 -0.6161208997466926
 -0.93240144544834269
 -0.94898469904253735
 -0.65396009222976592
 -0.022214290997900961
 0.61971144815431445
 0.93404224138678449
 0.985250469487432
 0.75891061748844191
 0.17021463217652491
 -0.35801914740060525
 -0.87075548362775734
 -0.98445874839776404
 -0.64702319695337762
 -0.16571279352017626
 0.36227941227075194
 0.78821639611625471
 0.99211040285063745
 0.84464582685674738
 0.31011321061357677
 -0.36653212183670031
 -0.8752101648306293
 -0.98281373076484568
 -0.74991820004097443
 -0.15669884238927639
 0.37077718740857579
 0.79380414593267479
 0.9932140410785969
 0.91283249357463192
 0.4435688105502032
 -0.22896505360363265
 -0.79657321781796253
 -0.99373479575595003
 -0.91095823285371369
 -0.5715619408474234
 0.082090521919315831
 0.69812411955698905
 0.99423482618450487
 0.834726723741544
 0.29269611680139745
 -0.23784618978820501
 -0.80206146680018797
 -0.99471412193617259
 -0.90715275704229548
 -0.5640436772560169
 -0.062041763045416379
 0.45743750616528306
 0.8480552264261183
 0.99977318748613397
 0.78426098528443078
 0.35630566381819206
 -0.32052155160483159
 -0.85046631654676685
 -0.99067573919877039
 -0.78141948139773487
 -0.20488505504967391
 0.46554015275120081
 0.85285967026973009
 0.99004323693862828
 0.67352883541892117
 0.20041309089354509
 -0.46957695504264702
 -0.92437830773569063
 -0.98939008741680945
 -0.67014628176077173
 -0.19593694714062365
 0.47360396434939761
 0.85759296924080952
 0.99999540351778604
 0.77279742987957578
 0.33917914848910674
 -0.3377702626083236
 -0.77184632306809275
 -0.99999882230188708
 -0.76989109921219223
 -0.18697249432793983
 0.48162826828313782
 0.92951769366217263
 0.9514456324359305
 0.6599150493749707
 0.030110031711012196
 -0.48562539556399231
 -0.86455865896230799
 -0.99994309558021077
 -0.85364049424972288
 -0.46686474663636957
 0.051428232491258427
 0.55523372073924604
 0.90262816634349929
 0.96998389281815456
 0.59283406142640771
 -0.055988358703845706
 -0.55902603440189202
 -0.95909896399592787
 -0.91965447150011992
 -0.58915019910744659
 0.06054731728429652
 0.68249837391928281
 0.99168720564712287
 0.84642470283328231
 0.31327897070961552
 -0.21681353546072546
 -0.78897579815913343
 -0.99226447206662238
 -0.84398406755565658
 -0.30893888111699319
 0.22126935221527527
 0.79177346594786169
 0.99943886783086799
 0.74910065255297842
 0.30459234863209911
 -0.22572055441760619
 -0.69244728475509543
 -0.96410949048091532
 -0.96417909475583619
 -0.69263648984203974
 -0.074477793700477926
 0.44631769078305872
 0.84138411242655475
 0.99943004815055925
 0.79193364505529973
 0.36792477034572635
 -0.30868941789305326
 -0.7519452059868672
 -0.98337572251258365
 -0.87372121466920871
 -0.5017386946196043
 0.16423604820363752
 0.7549478544265199
 0.99969668159732372
 0.78632374567415608
 0.35941675965785358
 -0.31736381384729234
 -0.75793475849732128
 -0.99979872672709624
 -0.86924208047228424
 -0.35515146651018259
 0.17323849331905522
 0.76090585590764914
 0.98577106854626595
 0.86697529797926964
 0.48984107340721511
 -0.17773434348514575
 -0.7638610846955558
 -0.99994026315875784
 -0.77778605465602391
 -0.19920301606094334
 0.47066694847015184
 0.92484871853944095
 0.95520861010101676
 0.66922913426856767
 0.1947257580520656
 -0.4746912950254723
 -0.92657595352213129
 -0.95384720949172808
 -0.66582883744112153
 -0.19024443905519753
 0.47870574193700199
 0.92828386484757086
 0.95246591648562962
 0.54017021144041599
 0.03344009110984917
 -0.48271020548381566
 -0.86287955619046985
 -0.98710999648029529
 -0.76617566150442962
 -0.18126999201027524
 0.34751098647196554
 0.77839705386729208
 0.99992915833028506
 0.76323296473450009
 0.17677705112349806
 -0.49068884864234602
 -0.93329130271644045
 -0.98560709856610962
 -0.76027435081049699
 -0.32076998583533983
 0.20909626830340569
 0.78409822979723109
 0.99125300021650498
 0.84819418306959704
 0.31644125325140804
 -0.36032428641518216
 -0.78692431895571124
 -0.99184535648545624
 -0.91736051401446572
 -0.58445240019361921
 0.066337321269096597
 0.6867272513369036
 0.99241702790969344
 0.84332102103461049
 0.44953100410935642
 -0.070893275878694623
 -0.69003969817690514
 -0.99296800256705919
 -0.84085803344299925
 -0.44544703957558268
 0.075447752015456837
 0.57508868038264338
 0.91272536305760776
 0.99324451062833596
 0.6917451883744351
 0.22477285582009482
 -0.44742250073204154
 -0.84205089924673893
 -0.99270423190419643
 -0.68844016679241615
 -0.068690986243704441
 0.45150194380135911
 0.91641892573554706
 0.96137707243596526
 0.68512078785332353
 0.064134350968190881
 -0.58624234246306972
 -0.91823705848225556
 -0.96011013199408302
 -0.68178712078250292
 -0.059576378176591699
 0.45963249696403663
 0.84936148751235574
 0.99982274110411873
 0.78272615692098302
 0.20693688761713588
 -0.4636834374954496
 -0.85176299094723662
 -0.99989829655683926
 -0.77987583156855622
 -0.34972204005644508
 0.32717899269765544
 0.85414673094241289
 0.98969253739172902
 0.77700924197656385
 0.34544005915608184
 -0.33149094609378238
 -0.85651265778517405
 -0.99998684795731974
 -0.86176167500221723
 -0.34115087413467143
 0.33579598627634649
 0.85886072213434583
 0.99999984205834835
 0.85943593837696164
 0.3368545744428309
 -0.34009402346415307
 -0.77341438789128647
 -0.99999198125360811
 -0.85709227829338019
 -0.33255124967947286
 0.19689069525206784
 0.77630116135875893
 0.98953093577264317
 0.92400680960145565
 0.5981871302220686
 0.1038563009623451
 -0.41973116691975981
 -0.9017236907083076
 -0.99594041742242911
 -0.71040134292978407
 -0.099313207688725244
 0.55728627378607698
 0.90368853347506051
 0.99551896067913792
 0.70717990245368956
 0.094768043247161982
 -0.5610722916725851
 -0.95979521066420526
 -0.91868164503724958
 -0.45657232870511422
 0.21476617089501793
 0.78768576136543023
 0.99963987460314707
 0.84510684971438899
 0.45250463239040833
 -0.067569528206502957
 -0.68762445181076515
 -0.9925680701471753
 -0.91503567851806067
 -0.57973492883124911
 -0.081121071009057535
 0.57235982405592067
 0.96355067000154482
 0.91318405167090688
 0.44434101396041331
 -0.076679152360381836
 -0.69422716638980897
 -0.96476233464793859
 -0.9113133804533976
 -0.44024526209659331
 0.08123161321943638
 0.69750684096234183
 0.96595387926357601
 0.96228874613506621
 0.687543920824081
 0.06745887302961201
 -0.45260353336221676
 -0.91691249019940346
 -0.96103643057553478
 -0.68422067110503881
 -0.062901866674132029
 0.45667099943363915
 0.84759824388955052
 0.99140072345479668
 0.78479537339350902
 0.21019535842160308
 -0.46072894167289669
 -0.85001267542088443
 -0.99079278192959619
 -0.78195695146681665
 -0.35284144865526218
 0.32402881048370535
 0.85240938001516997
 0.99991514695253547
 0.77910222189901035
 0.2012573189494406
 -0.32834575082576262
 -0.76545281519641795
 -0.98692947304195144
 -0.86344712668334977
 -0.48369433845454268
 0.032316628938552507
 0.53922390280909605
 0.95212287234456894
 0.97445765666701689
 0.60812945617068503
 0.11624568987102067
 -0.40838484391845892
 -0.89626491584420609
 -0.9969850670123489
 -0.81685146595519664
 -0.40660830075807419
 0.26851643083041526
 0.72362878561645982
 0.97489269133026779
 0.95152633483001159
 0.53758454875979766
 -0.12271114227330605
 -0.7267731317403282
 -0.97589941772691657
 -0.89129633857472446
 -0.39824712012492786
 0.12724205514016593
 0.61688675308117347
 0.93275256001014872
 0.94867753784339925
 0.65322391081068121
 0.17375510394757721
 -0.49336106072996849
 -0.93438920976822137
 -0.94722344751826693
 -0.52598234640887054
 -0.016675928747218131
 0.62404941694819249
 0.97879740129708737
