# Created by Octave 8.4.0, Thu Dec 11 09:16:06 2025 IST <gamana@Samsung>
# name: iq
# type: matrix
# rows: 2048
# columns: 1
 0.99706007033948296
 0.71979445629436789
 0.2631763561998442
 -0.26757933088703667
 -0.82003431881388944
 -0.99669975492155383
 -0.81477298767905471
 -0.40332217000396425
 0.12174574039319934
 0.72610466550790553
 0.9756866937503218
 0.89173695753970295
 0.5345505649007124
 -0.126277206267076
 -0.6161208997466926
 -0.97667740455693652
 -0.94898469904253735
 -0.53068550131166847
 0.13080603864129745
 0.61971144815431445
 0.97764774684509548
 0.88756644408310237
 0.39074826631547099
 -0.28513450973044718
 -0.83035132807013867
 -0.99854960836650131
 -0.88545340033792985
 -0.38654055032865986
 0.13985542515412888
 0.62685369828083859
 0.93726536135324057
 0.98364649651042202
 0.64353447266247155
 0.0085158509884466927
 -0.63040525104876677
 -0.9388476181633828
 -0.94306674230411036
 -0.51511538248430411
 0.14889314503908596
 0.63394365677250586
 0.94041029539182541
 0.98196046852828767
 0.63651683455885644
 -0.00061748905173052778
 -0.51225682209534928
 -0.94195336044907441
 -0.98108672759545423
 -0.6329880670983572
 0.0051841873744737305
 0.64098073219064022
 0.98304095823534621
 0.87461208566586512
 0.50332471182795113
 -0.0097507775814606734
 -0.52007944302982734
 -0.8839001337219804
 -0.9792778829548171
 -0.73770965602296679
 -0.13863247807766196
 0.38767924157623307
 0.80478052944019018
 0.99848235643527605
 0.82966251550724124
 0.42712419847488775
 -0.24670748503358705
 -0.70786729603693477
 -0.99561046985879564
 -0.82710443109173448
 -0.42299056154802456
 0.10028104696026842
 0.71108558651626785
 0.97072572039354965
 0.90130275558293516
 0.55267825629644496
 -0.10482368684166825
 -0.71428904737035315
 -0.99642376475119299
 -0.89931510730645936
 -0.41469690979581653
 0.10936414063460427
 0.71747761179131575
 0.97287896944569174
 0.95421733651916474
 0.54504354703316671
 -0.11390231364833965
 -0.60625506401228335
 -0.97392517113889421
 -0.95284142018813345
 -0.54120910228613728
 0.11843811123967478
 0.60988050752199152
 0.92951769366217263
 0.9514456324359305
 0.53736337067249562
 -0.1229714388149704
 -0.61349323202917039
 -0.93119209952337212
 -0.95003000237158464
 -0.65647701852210572
 -0.025545082696878618
 0.4896123951713961
 0.9328470854580132
 0.94859455951793425
 0.65302529690071753
 0.020979600942368393
 -0.49358918395682855
 -0.86911238135537339
 -0.99980395440413061
 -0.84884768600070171
 -0.31761252689779229
 0.3591719908072325
 0.78616167635188161
 0.99970310675110219
 0.84642470283328231
 0.31327897070961552
 -0.36343022125511892
 -0.8735936030877316
 -0.98342331467676902
 -0.64258870869742002
 -0.15998855098596032
 0.50545745710063528
 0.93927214572946993
 0.98258500433542573
 0.74910065255297842
 0.30459234863209911
 -0.22572055441760619
 -0.69244728475509543
 -0.96410949048091532
 -0.96417909475583619
 -0.5742926551933929
 0.07876957415834368
 0.69573479843258723
 0.99387206381583204
 0.91044811152414251
 0.57054813287203821
 -0.083321268984552388
 -0.69900780262412576
 -0.96649421867844976
 -0.90854972200353745
 -0.43425253739356928
 0.23904554590989419
 0.70226622907149605
 0.96765636088201856
 0.96045472696749501
 0.68269004969697578
 0.060809116983152368
 -0.58893824801691086
 -0.9687983227001733
 -0.90469613978273211
 -0.55924348713722538
 0.096965548000683841
 0.70873907722246843
 0.96992008031741128
 0.9027410274486326
 0.42187118343784913
 -0.25232567056790139
 -0.71195336393539066
 -0.99613671377553947
 -0.90076708853249832
 -0.55164861080812788
 -0.047129026907081685
 0.47066694847015184
 0.85587460041102437
 0.98920991118715429
 0.66922913426856767
 0.1947257580520656
 -0.33463246164541943
 -0.85822750015938709
 -0.98853055046695493
 -0.77201305843660495
 -0.19024443905519753
 0.47870574193700199
 0.92828386484757086
 0.98783057403202179
 0.66241465481381889
 0.03344009110984917
 -0.48271020548381566
 -0.92997241689742438
 -0.98710999648029529
 -0.65898665758912811
 -0.18126999201027524
 0.34751098647196554
 0.86517861545497698
 0.98636883283935706
 0.6555449172576302
 0.17677705112349806
 -0.35178945268142309
 -0.86745963149813543
 -0.99986437470970757
 -0.76027435081049699
 -0.32076998583533983
 0.20909626830340569
 0.68005946213323143
 0.99125300021650498
 0.9191687592134139
 0.58815185864004971
 0.091450774980200711
 -0.43101227257150254
 -0.83205784055189824
 -0.99871016201380958
 -0.88402276669574964
 -0.52030344573097032
 0.14289405503088268
 0.62924227162023949
 0.93833100971718231
 0.98308902348526839
 0.64118202727612839
 0.005446466656266781
 -0.50703949142794102
 -0.87669086913002936
 -0.98224247935955056
 -0.63767090251296954
 -0.15366656742847584
 0.3736261111647376
 0.79566716792130066
 0.99356634228954255
 0.9115748296758901
 0.44081575119861865
 -0.23195188933175362
 -0.69705133323988455
 -0.99407316861236728
 -0.90968779540689537
 -0.43671209054113685
 0.23639162971772915
 0.80116634160787004
 0.99455926362965252
 0.90778178968163992
 0.56527940041679248
 -0.089698463358592009
 -0.58672791667811064
 -0.91847431573064442
 -0.95994232489362474
 -0.56150643275911605
 0.094245825128639826
 0.59041984438793671
 0.92027078201715529
 0.95865273487232627
 0.55772175493586962
 -0.098791221410575017
 -0.71003205735290709
 -0.970365004227011
 -0.9573431522354271
 -0.55392544587614156
 -0.049858050913958639
 0.46825450996007534
 0.9238061010348807
 0.98960650546753481
 0.77663172110021084
 0.19740496596936324
 -0.47228473929239162
 -0.85682192344726693
 -0.98893948579507385
 -0.77374680424103814
 -0.34058727400126604
 0.33636061951733709
 0.77089348593878015
 0.98826329219449338
 0.92723629695034715
 0.60500399200341626
 -0.040808889991026519
 -0.66792065896118524
 -0.9889505977893237
 -0.8567832820780219
 -0.33198580663880228
 0.34494773752928914
 0.77667892647719483
 0.99995794748120204
 0.76499547748818508
 0.32767464277460195
 -0.34923055048859636
 -0.77954738047339189
 -0.99990564019671446
 -0.85203770817596947
 -0.464148139626821
 0.054493383907177437
 0.67805376596341482
 0.95867405792466798
 0.96923292646253989
 0.59035936055186145
 -0.059052735788742081
 -0.56156844030411857
 -0.95996331965004555
 -0.91844467662543139
 -0.58666723142977939
 0.063610856130871932
 0.5653412151459779
 0.90781321933218118
 0.99455145437254244
 0.80112149333480798
 0.38201314970538847
 -0.29419909994775784
 -0.74184022576927944
 -0.98050268395307083
 -0.88101247234590618
 -0.37778881381560825
 0.29856063441505654
 0.83809145881061864
 0.99920696820001331
 0.87884280898254086
 0.51090593409880236
 -0.15374061493672009
 -0.74793387261845989
 -0.98225653615836761
 -0.93987451980311765
 -0.50697489923478045
 0.1582514249800219
 0.75095733059333059
 0.99952895764717375
 0.79005568291226769
 0.36506888685045302
 -0.16275893470427472
 -0.64473706499241601
 -0.98392844930791656
 -0.87222403267404025
 -0.36081356617801502
 0.3159436001005983
 0.84791621144290719
 0.99132209360340251
 0.68044395774559407
 0.057745055301892521
 -0.5914161401871515
 -0.92075330497514141
 -0.99071143879023971
 -0.78158312069830338
 -0.20514176692661742
 0.46530800927823351
 0.92252538257895755
 0.99008012278011326
 0.67372268159183635
 0.20067004565239421
 -0.46934537146098876
 -0.92427822099980073
 -0.9556506286681602
 -0.54908585102167817
 -0.044062760124450776
 0.47337294548867787
 0.85745804000306258
 0.98875556026373002
 0.66694520403006563
 0.039500030374461016
 -0.47739064736666098
 -0.92772603447345159
 -0.95292098208008913
 -0.66353556621801379
 -0.187230145560146
 0.4813983933060807
 0.92942093762242273
 0.95152633483001159
 0.53758454875979766
 -0.12271114227330605
 -0.61328608606029378
 -0.97589941772691657
 -0.89129633857472446
 -0.39824712012492786
 0.27730312706414845
 0.72990232107662467
 0.97688579182994772
 0.94867753784339925
 0.65322391081068121
 0.17375510394757721
 -0.35466104879522864
 -0.7831680959575561
 -0.9998091133022865
 -0.75827684451423649
 -0.31786121809897533
 0.21209688868416976
 0.68230665119091249
