# Created by Octave 8.4.0, Thu Dec 11 09:16:06 2025 IST <gamana@Samsung>
# name: iq
# type: matrix
# rows: 2048
# columns: 1
 0.99706007033948296
 0.71979445629436789
 0.2631763561998442
 -0.41166286191191009
 -0.82003431881388944
 -0.99739959216031482
 -0.81477298767905471
 -0.40332217000396425
 0.27197672523161615
 0.72610466550790553
 0.9977183133033527
 0.81211680656676566
 0.25435403320662997
 -0.27636844752632383
 -0.82522724334078956
 -0.99591677378527643
 -0.710216724570086
 -0.099052217956670074
 0.55750403353697353
 0.95857806179479299
 0.96931587672916597
 0.70699443523279637
 0.094506937438585861
 -0.56128938152206265
 -0.95986880079473902
 -0.96818318853898067
 -0.58694028909782114
 0.063274314483384275
 0.68449278249337897
 0.99203506640327987
 0.91676349009574332
 0.45227072281333514
 -0.21947997054318219
 -0.79065160535126155
 -0.99949863300164543
 -0.8425154327302159
 -0.44819305013874217
 0.072386689777034482
 0.5725748770931568
 0.96362080435019881
 0.91307712751093861
 0.44410603043884272
 -0.22838143455820345
 -0.79621064932422614
 -0.99366761431796047
 -0.83756042825524102
 -0.29763216210555926
 0.37868924545118077
 0.88147223082007942
 0.9803110799971394
 0.62991182664167045
 0.14374694515645056
 -0.51956730253244665
 -0.88361960146437235
 -0.97939911922006584
 -0.62635845028384995
 0.013717719374798241
 0.52346381290539024
 0.94627086825050444
 0.97846673316342303
 0.62279201127752448
 0.13470248775391336
 -0.5273494064881119
 -0.94773775986404585
 -0.97751394127204028
 -0.61921258400042767
 -0.13017599806998736
 0.53122400224692279
 0.94918488649278743
 0.93217158136009537
 0.61562024310120633
 -0.02741487893012531
 -0.53508751937746257
 -0.89202436391521112
 -0.97554721989174975
 -0.61201506349779211
 -0.12111496873245624
 0.40390358431741602
 0.89407915539517679
 0.99735359228657894
 0.72251790892291912
 0.2669669747278347
 -0.40807700206854813
 -0.89611530093566794
 -0.9970111765348485
 -0.81704594477612835
 -0.26256323079292387
 0.26819157899035717
 0.72339599813399258
 0.99744518925670833
 0.89350916421702653
 0.40274059281794244
 -0.27258818954079106
 -0.72654146088636362
 -0.99776101538081541
 -0.81174584665667859
 -0.39855642292053223
 0.12690756796250693
 0.72967177168263242
 0.99805603328968073
 0.80907037654641034
 0.24931951252214782
 -0.42468470129604613
 -0.90407258028164894
 -0.99543366566765779
 -0.70654487300629731
 -0.093874288442351989
 0.56181519907693667
 0.90601486697828981
 0.96802397039930621
 0.70330579298981777
 0.089326770244199008
 -0.43293575624775316
 -0.90793825881727608
 -0.96686828303742434
 -0.70005204559499201
 -0.084777389144375701
 0.43704778344199097
 0.90984271568643982
 0.99403252862007374
 0.79820032845219147
 0.23158885991297906
 -0.2988452712272604
 -0.74509377257618103
 -0.99921879946066361
 -0.79544105788326558
 -0.2271438909812048
 0.44524440848923225
 0.91359466604190998
 0.96328033576016481
 0.57153242477762911
 0.071119017386569741
 -0.44932883540239127
 -0.8431993766735949
 -0.99953806651749477
 -0.87430381634263565
 -0.36479120267712084
 0.16305320373799007
 0.7541610207360504
 0.98398166258675568
 0.87207811626950527
 0.36053538785283901
 -0.16755709418725079
 -0.64844822871320018
 -0.94666950770789882
 -0.9782110819064348
 -0.73418759308442771
 -0.28334120673102409
 0.2473232668771092
 0.70831601739392114
 0.99566974524942542
 0.82674709693031978
 0.42241465133555023
 -0.10091329755001452
 -0.71153224829542616
 -0.99608388873779541
 -0.90102729271411663
 -0.41827097229126492
 0.25616252262308059
 0.81320678472015173
 0.99647725898724537
 0.89903703210770958
 0.54833531494967858
 -0.10999578098875952
 -0.71792012651268722
 -0.99684984779407693
 -0.89702802216575994
 -0.40995753179140187
 0.26498040949601909
 0.81848822640838625
 0.99720164738798323
 0.81633326735018108
 0.26137138215720318
 -0.41336675179237098
 -0.82110337045349413
 -0.99654617500410791
 -0.71531097001289545
 -0.25696069747930517
 0.41752072201131074
 0.9006687772754276
 0.99615656214289483
 0.71211226856815435
 0.10173486415819069
 -0.421665984873561
 -0.90264364811202491
 -0.96997514533746954
 -0.70889871608680954
 -0.24812334354373261
 0.42580245393004174
 0.90459969439742438
 0.96885438959050851
 0.58912113392698906
 -0.060583221489838482
 -0.56283642185043248
 -0.90653687533845884
 -0.9948631096996231
 -0.80293335372085539
 -0.23926529135701152
 0.29129851034661169
 0.83392115188825189
 0.99887549098958961
 0.88244353963123456
 0.38059575487626929
 -0.14622639246684382
 -0.63185611641513939
 -0.93949003377277474
 -0.9424429738640635
 -0.51351127859547496
 0.15074248650624819
 0.74591688487338392
 0.98168311007002196
 0.94090619125990704
 0.63507311157945145
 -0.0024879389163857432
 -0.63890886462852803
 -0.94257970503136645
 -0.98072295059992354
 -0.74259353203032707
 -0.14582161679153896
 0.38097409159686613
 0.88263594280809776
 0.97982037428510194
 0.73952727240315297
 0.14130220458601372
 -0.52167611917927825
 -0.8847733521275708
 -0.99862721721015457
 -0.73644559000194398
 -0.13677984553588957
 0.5255667351739155
 0.94706670333249532
 0.9345631623416466
 0.62085765067118193
 -0.020753337468221285
 -0.65285388536507727
 -0.94852290863125577
 -0.97699011837476468
 -0.61727122964823489
 0.025318843147671181
 0.53331500431394885
 0.891074692502277
 0.99781590590821168
 0.82346931722277905
 0.41714889539108185
 -0.25735609853649444
 -0.8139248906391745
 -0.99750384213352616
 -0.82086976074805118
 -0.2689870508702823
 0.40616186991180714
 0.81656952296235841
 0.99717097550692491
 0.818253085109094
 0.40883079015536106
 -0.11576039271807594
 -0.72194673240779583
 -0.97434781577030116
 -0.89444874121815066
 -0.4046589049308108
 0.12029519006700186
 0.72509913007662286
 0.99761859019993548
 0.89239731838805603
 0.53578498402381136
 0.028240375819208914
 -0.61496925419855697
 -0.9763626051706934
 -0.89032728469305111
 -0.53192347889090208
 0.12935716400866654
 0.73135849435739764
 0.9773394673393806
 0.94800091379856377
 0.52805088054223615
 -0.1338841516147628
 -0.6221456903544903
 -0.93514687931740559
 -0.9847143232542942
 -0.64813669669759433
 -0.014543453621551189
 0.6257144835934968
 0.93675493032628354
 0.98390863913020177
 0.75389226556300082
 0.16264950433406258
 -0.36517213800978665
 -0.87450234155939643
 -0.98308243568091913
 -0.64115442370244891
 -0.0054104969479632833
 0.5070704946692971
 0.93991239139905336
 0.94202931941770252
 0.51245117367828497
 0.0008438017402207363
 -0.63634227165335722
 -0.98191765073584636
 -0.87751869895484325
 -0.37098735950724943
 0.15647532139911671
 0.7497684680360226
 0.98277192825655091
 0.93892552104658034
 0.50458687161097215
 -0.16098414211250847
 -0.64336123252881727
 -0.98360571015805665
 -0.93734423376685749
 -0.50063889484972646
 0.012856008515613224
 0.52272933483858575
 0.88534820375270329
 0.97864424657762372
 0.73560956984852155
 0.13555637033717927
 -0.52661699474106882
 -0.88746216365981845
 -0.99830651825468786
 -0.73250838662359352
 -0.28097160936039361
 0.3947399088445982
 0.88955761562422675
 0.99803044958313381
 0.82535504383922009
 0.27658593871262194
 -0.39893164945144616
 -0.81198473343668831
 -0.99773356707730965
 -0.72626025597982702
 -0.27219449989022293
 0.40311507037499639
 0.89369282130990946
 0.97472621894283307
 0.60908083672573265
 0.11743648528309746
 -0.40729008437041209
 -0.89573248879187117
 -0.9736958403367777
 -0.71995154128555261
 -0.11290015488413688
 0.54588894252626718
 0.89775347585420906
 0.9726451553925104
 0.60181172484915035
 0.10836146996268475
 -0.41561454347585819
 -0.82251066487109292
 -0.99633802904877444
 -0.81224883810228365
 -0.39934665740332792
 0.12605270192086335
 0.72908221297869769
 0.97662878748047732
 0.88976429423120562
 0.39515573749260696
 -0.28053718862445975
 -0.82767092890856686
 -0.99551555861228291
 -0.8068873950223141
 -0.39095657664494093
 0.13510790886644
 0.73530288338788963
 0.97855110405788837
 0.94613847642405335
 0.64719573713595224
 0.013308595276146836
 -0.50024702550037847
