# Created by Octave 8.4.0, Thu Dec 11 09:16:06 2025 IST <gamana@Samsung>
# name: iq
# type: matrix
# rows: 2048
# columns: 1
 0.99706007033948296
 0.81741217677477895
 0.40749676511192734
 -0.26757933088703667
 -0.72295709950342013
 -0.97467563508643473
 -0.89379434027545168
 -0.53840448048633571
 -0.031344426666491253
 0.61251750219373202
 0.9756866937503218
 0.95041478686084535
 0.5345505649007124
 -0.126277206267076
 -0.6161208997466926
 -0.97667740455693652
 -0.94898469904253735
 -0.65396009222976592
 -0.17471292102219657
 0.35375141607369498
 0.86850088041626661
 0.985250469487432
 0.65049842763434806
 0.17021463217652491
 -0.49648404018293579
 -0.93566355795921996
 -0.94606518067421075
 -0.64702319695337762
 -0.013082302230897626
 0.50044297299076146
 0.93726536135324057
 0.94457581101048138
 0.64353447266247155
 0.0085158509884466927
 -0.50439146910589572
 -0.8752101648306293
 -0.99947947189198894
 -0.84219234522037123
 -0.30576841154300655
 0.37077718740857579
 0.79380414593267479
 0.99932172244443662
 0.74688936492934765
 0.30141723570001927
 -0.37501452045592854
 -0.79657321781796253
 -0.99914313223323781
 -0.8372327419467338
 -0.29705977382799137
 0.37924403260955986
 0.79932567724122838
 0.99423482618450487
 0.90906497418168908
 0.56780872985143183
 0.066599024229182319
 -0.45337183085077554
 -0.91725607877992499
 -0.96079785708328713
 -0.5640436772560169
 -0.062041763045416379
 0.5879397169116356
 0.91906542379149492
 0.99128758100646241
 0.78426098528443078
 0.20935274634661827
 -0.46149364166221007
 -0.85046631654676685
 -0.99986002074606939
 -0.78141948139773487
 -0.3520349582153795
 0.17651889277400565
 0.76306347130970409
 0.98632564038788906
 0.8653101111236956
 0.34775691095553296
 -0.3291596362235587
 -0.85523523768182264
 -0.99997112992048121
 -0.86301208685108277
 -0.48293989111003849
 0.033177953663624922
 0.6622181460394142
 0.95238598048070489
 0.92838136871562715
 0.47893600348116838
 -0.037741799180791728
 -0.54378762121797686
 -0.95376841510680677
 -0.97322421740503984
 -0.60381116136497703
 0.042304857596161642
 0.66903422027829129
 0.95513095897934219
 0.97216437610049722
 0.60016461899422868
 0.10631258127998891
 -0.4174880367582457
 -0.90065314739641111
 -0.97108426039629825
 -0.71213752157466126
 -0.25257945801771692
 0.2781310138013558
 0.82626197125556577
 0.99813004161283114
 0.80836512406540517
 0.39326182440105123
 -0.28251463140679067
 -0.73360221314005569
 -0.998398779306784
 -0.88671984235211354
 -0.38905897338469098
 0.1371495197763625
 0.73669800137329189
 0.99864669548498619
 0.80295479393864755
 0.38484800857883378
 -0.29126409986974627
 -0.73977842583670239
 -0.99887378497716794
 -0.88246046011956136
 -0.38062901780274139
 0.14619080877256765
 0.63182823598891091
 0.93947771061620244
 0.94245500051237052
 0.51354214370764828
 -0.15070692720004675
 -0.74589292680788943
 -0.9816762563472855
 -0.87812746374023176
 -0.37216731045212564
 0.3043425181213476
 0.84138411242655475
 0.99943004815055925
 0.87593347296118218
 0.5056837509888833
 -0.0070186351243288854
 -0.5177438501891326
 -0.88261903416678134
 -0.99885772825792152
 -0.7395514844487685
 -0.29094148332762448
 0.2396276262838915
 0.7026928983702091
 0.96780742505491923
 0.96028763077360757
 0.68225186464677556
 0.21202365503335402
 -0.4590680336976013
 -0.91978685548894856
 -0.95900345199133619
 -0.67890595335821213
 -0.20755856471407064
 0.46312031316029723
 0.8514298767049846
 0.99042414088762409
 0.78027343914827174
 0.35031731564544222
 -0.1783242704825769
 -0.65673136249930986
 -0.95013521478378304
 -0.93106911980553142
 -0.48533058049533734
 0.030447098077451381
 0.66016837953679552
 0.95154938063428185
 0.9748760017603072
 0.60961322745036917
 0.11810325707900529
 -0.54149263660292424
 -0.9529437020089786
 -0.92769806037374358
 -0.47732479867057148
 0.19178768900065554
 0.77301140416510317
 0.98876676377317252
 0.85741947795759588
 0.47330693411798463
 -0.1962676204535162
 -0.77590042571686879
 -0.98943902375805948
 -0.85506042765754497
 -0.46927919879232782
 0.048699420167262614
 0.67377805770053945
 0.95700731056670041
 0.97064466785397419
 0.59503218556979909
 0.099945520160762913
 -0.55675851408126154
 -0.95832196740132169
 -0.92072406568307263
 -0.59135571103587237
 0.057819868091764065
 0.68049887040798596
 0.99133194181980266
 0.84787648216215594
 0.4571376091762453
 -0.21414548183765864
 -0.68383802411548178
 -0.99192158334645664
 -0.9171217121892673
 -0.58396584088904802
 0.066935492729034415
 0.68716291644317073
 0.96214591601666388
 0.91529182682589483
 0.58025259939119722
 -0.071491258666853949
 -0.69047347805072579
 -0.96338046964987745
 -0.96490022720293422
 -0.69460463034444542
 -0.22863677800280582
 0.44387101636617432
 0.91297014053824677
 0.96369087240910234
 0.57278989074160702
 0.072648282209853754
 -0.44795857031246838
 -0.84237411919693606
 -0.99949029421725744
 -0.87504698682238213
 -0.5041002585096872
 0.0088530592542075646
 0.51931244306408963
 0.88347991836137973
 0.99876839005325435
 0.83270074194778887
 0.43205874002810724
 -0.24140825635502416
 -0.70399693697221599
 -0.96826752051269671
 -0.90560274921938144
 -0.42793577198471555
 0.094842643710131319
 0.70723288415332175
 0.9693987167671404
 0.95848195665734937
 0.67755788864056632
 0.053819931728175216
 -0.5945815881096792
 -0.97050969629949302
 -0.90169129151887883
 -0.55342621957623661
 -0.049259283613090801
 0.46878414367617327
 0.8547696394161699
 0.989520117873813
 0.67081235308410769
 0.044697608200154511
 -0.60190029667792921
 -0.92577170863838576
 -0.98885038991703345
 -0.6674185654672885
 -0.040135000622663876
 0.47683216543617946
 0.8594742475238133
 0.99999979713272458
 0.77046371533771096
 0.18785434424611683
 -0.34122131553440338
 -0.77417388382841079
 -0.98903929380659694
 -0.85647397793049618
 -0.33142024428079914
 0.19806609134066691
 0.67175660134530502
 0.98970326637270012
 0.92354767364821833
 0.46765847087616669
 -0.050531642697646817
 -0.55448683748747507
 -0.95753781681130956
 -0.92178678654374213
 -0.46361704105805235
 0.20701020294663866
 0.67849428688606228
 0.99096927757341313
 0.84932193198522976
 0.45956594254873184
 -0.21147582959131025
 -0.68184193980649765
 -0.99157128980546694
 -0.91820737812000286
 -0.58618163086786612
 0.06420913450765045
 0.68517537297528308
 0.99215262290844974
 0.84446525583110477
 0.30979259712026835
 -0.22039375891483476
 -0.68849451687399366
 -0.96264425706104728
 -0.91455137357013006
 -0.44735548072388992
 0.22484587561108255
 0.6917993022821437
 0.99325320366409453
 0.83953813505979158
 0.44326655429247164
 -0.077874574804260743
 -0.69508966027877517
 -0.96507712748675856
 -0.96319940693050832
 -0.68998545825173063
 -0.22240048904039264
 0.30783538028013108
 0.75135307850657385
 0.99954717667545245
 0.87415755586709232
 0.50251506956987901
 -0.010687453590618137
 -0.64519521258985024
 -0.98403532181835085
 -0.93650605963703171
 -0.62516016716356593
 0.015253786964101002
 0.52477213534678935
 0.88646056314994948
 0.99843033056584207
 0.82913921057920092
 0.42627703109202647
 -0.24761514744576363
 -0.70852863678803535
 -0.99569770465768859
 -0.90286929118684256
 -0.42214157768151089
 0.10121300589464162
 0.71174389087921641
 0.99611047806902719
 0.90089658058520161
 0.55189735231150727
 -0.10575520508773301
 -0.599716164981694
 -0.92473524121230355
 -0.95529683067236215
 -0.66945072337818479
 -0.04286488531363869
 0.60336424775845621
 0.97309522087936695
 0.89689483656565461
 0.54425795057319359
 0.038301930067534518
 -0.47844386165224989
 -0.86041054963190122
 -0.99999694595634003
 -0.85788113451621073
 -0.47409757541945252
 0.1953872453297896
 0.66973013024156314
 0.9554079826666001
 0.97194447508911341
 0.599415091507563
 0.10538111846440633
 -0.55221102157892299
 -0.95674651807965072
 -0.9708602034745818
 -0.59575347482441132
 0.052363695172689753
 0.55601254589604276
 0.95806510063107053
 0.96975568465880058
 0.59207943375671812
 0.09629426217672149
 -0.42661729849869584
 -0.82934945728329645
