# Created by Octave 8.4.0, Thu Dec 11 09:16:06 2025 IST <gamana@Samsung>
# name: iq
# type: matrix
# rows: 2048
# columns: 1
 0.99706007033948296
 0.8958330830115131
 0.40749676511192734
 -0.11721173552297842
 -0.72295709950342013
 -0.99739959216031482
 -0.89379434027545168
 -0.40332217000396425
 0.12174574039319934
 0.61251750219373202
 0.9307412043625467
 0.98677225365717247
 0.65740811854692949
 0.17920756624578818
 -0.34947630729317497
 -0.86622816469789188
 -0.98602164326815445
 -0.7618765189682617
 -0.17471292102219657
 0.35375141607369498
 0.78256289391760381
 0.99092400356524601
 0.92013878115657166
 0.45986541708857864
 -0.059314559022868391
 -0.68159522404935846
 -0.99152754231630602
 -0.84708169348121221
 -0.4558054392076315
 0.21560776862847272
 0.78821639611625471
 0.99211040285063745
 0.91652386521001739
 0.58274974275466684
 -0.068429320412764685
 -0.68824991106358091
 -0.96255289322519511
 -0.9146877172569069
 -0.44765705097149988
 0.072984607991762596
 0.69155575910797984
 0.9932140410785969
 0.91283249357463192
 0.4435688105502032
 -0.22896505360363265
 -0.69484718481991314
 -0.9649887322131383
 -0.91095823285371369
 -0.43947131954170243
 0.082090521919315831
 0.58052721149389108
 0.96617647717373156
 0.90906497418168908
 0.43536466339879998
 -0.086640958364850085
 -0.70138649497904204
 -0.99471412193617259
 -0.90715275704229548
 -0.5640436772560169
 -0.062041763045416379
 0.5879397169116356
 0.91906542379149492
 0.99128758100646241
 0.78426098528443078
 0.35630566381819206
 -0.32052155160483159
 -0.85046631654676685
 -0.99986002074606939
 -0.86759008943263682
 -0.3520349582153795
 0.32484398121003566
 0.85285967026973009
 0.99992600201619608
 0.8653101111236956
 0.34775691095553296
 -0.181012047936218
 -0.65878935756162205
 -0.98706798589555911
 -0.93006880782054413
 -0.61106639304019938
 0.033177953663624922
 0.6622181460394142
 0.98778974619014315
 0.92838136871562715
 0.60744511130886403
 0.11538970234524717
 -0.54378762121797686
 -0.95376841510680677
 -0.92667456830169237
 -0.60381116136497703
 0.042304857596161642
 0.66903422027829129
 0.95513095897934219
 0.97216437610049722
 0.71533610577853302
 0.10631258127998891
 -0.55142982772784532
 -0.90065314739641111
 -0.97108426039629825
 -0.59650556024492263
 -0.10177064770085427
 0.55523372073924604
 0.90262816634349929
 0.99574948813708342
 0.70892408580754163
 0.24815818877633955
 -0.42576990720195163
 -0.82882571694540641
 -0.99531849785788795
 -0.70569586549307994
 -0.092680508055636157
 0.56280668962743263
 0.96038166485395848
 0.91785140651800046
 0.58545405011465856
 -0.065105013155937183
 -0.56657560757064096
 -0.96164433703970265
 -0.96656151042960048
 -0.69919534082601087
 -0.083582637076471816
 0.57033270963107596
 0.96288695422024306
 0.9141878894328731
 0.57802520069364793
 0.079031039481038554
 -0.57407791745470427
 -0.91222008763525775
 -0.99338706034829882
 -0.79471385035233399
 -0.37216731045212564
 0.3043425181213476
 0.84138411242655475
 0.99943004815055925
 0.87593347296118218
 0.36792477034572635
 -0.30868941789305326
 -0.84384335826177637
 -0.99957378788416562
 -0.78913692405411384
 -0.21706957207182662
 0.4544722474186727
 0.84628500582049038
 0.99969668159732372
 0.78632374567415608
 0.35941675965785358
 -0.31736381384729234
 -0.84870900418237416
 -0.99112415953073163
 -0.67934600227974873
 -0.20814497571020177
 0.46258889234239531
 0.92133642208986943
 0.95787162097705481
 0.55545184092149236
 -0.10150972301813228
 -0.59629502905811249
 -0.97102161033957579
 -0.90076708853249832
 -0.55164861080812788
 0.10605178105953815
 0.59995480435262905
 0.92484871853944095
 0.98920991118715429
 0.66922913426856767
 0.042566904316534378
 -0.4746912950254723
 -0.92657595352213129
 -0.98853055046695493
 -0.66582883744112153
 -0.038003893997068453
 0.47870574193700199
 0.92828386484757086
 0.95246591648562962
 0.54017021144041599
 0.03344009110984917
 -0.48271020548381566
 -0.86287955619046985
 -0.98710999648029529
 -0.65898665758912811
 -0.18126999201027524
 0.48670460215319011
 0.93164157445709228
 0.98636883283935706
 0.6555449172576302
 0.02431048835748555
 -0.61806448346233855
 -0.93329130271644045
 -0.98560709856610962
 -0.65208950559648549
 -0.019744878889376392
 0.6216480510635094
 0.93492156727054621
 0.98482480954644724
 0.64862049466800065
 0.16778020311875363
 -0.49862655892901125
 -0.87196734401615261
 -0.98402198209493885
 -0.75430961863744106
 -0.3121059213139159
 0.36458047594628912
 0.78973399687906265
 0.99954491894284536
 0.84332102103461049
 0.3077640804358302
 -0.36882906218473727
 -0.87640231771474386
 -0.99939673945465424
 -0.74828196255844681
 -0.15425892329711394
 0.5104549277021273
 0.87859241165578594
 0.98149043871780584
 0.63460990942125484
 0.14974527051499953
 -0.37730307052849954
 -0.79806397900131565
 -0.99903785701884862
 -0.83587950193743465
 -0.43725132659997279
 0.084551888970616357
 0.69989041958487663
 0.96681048611430065
 0.90803308413177553
 0.43313974907902392
 -0.089101359923037027
 -0.58624234246306972
 -0.96796717331094617
 -0.96011013199408302
 -0.68178712078250292
 -0.21140258585673893
 0.31853470610870327
 0.75873979406764036
 0.99982274110411873
 0.8686308609726765
 0.35399672753549227
 -0.17445466609343432
 -0.65376164503981937
 -0.9489019627736488
 -0.97673368626990587
 -0.61632746616600498
 0.02651744823474227
 0.53432888159210612
 0.95033318806978884
 0.97574414474424187
 0.61272480455341882
 0.12200606815118613
 -0.53818343962477888
 -0.95174459425370317
 -0.92915854587502744
 -0.60910936462077547
 -0.11747220654559611
 0.40725723252969975
 0.81726105969626939
 0.99708013317948641
 0.8175632376215648
 0.40773626966149795
 -0.11695125643708382
 -0.60869325477939451
 -0.97461694895946094
 -0.9519054479984026
 -0.66103926179696526
 -0.031606579698358631
 0.61231015769750341
 0.93064526108400769
 0.98681473911223938
 0.65760573526850563
 0.17946559704239815
 -0.34923055048859636
 -0.86609708556551335
 -0.99990564019671446
 -0.85203770817596947
 -0.464148139626821
 0.054493383907177437
 0.67805376596341482
 0.99088871254122568
 0.84963824263651433
 0.46009830557788145
 -0.059052735788742081
 -0.56156844030411857
 -0.90588859223877527
 -0.96809874646541105
 -0.58666723142977939
 0.063610856130871932
 0.5653412151459779
 0.90781321933218118
 0.99455145437254244
 0.70026499464550118
 0.23631881496075158
 -0.43677950363603685
 -0.90971891406343963
 -0.99406501908017475
 -0.69699759914860648
 -0.080523528307652692
 0.44088301412749958
 0.83809145881061864
 0.99355785265223451
 0.69371566783016436
 0.22743433812111521
 -0.30291594242750181
 -0.74793387261845989
 -0.98225653615836761
 -0.93987451980311765
 -0.63272696759215707
 0.0055214035258760244
 0.64123953205676343
 0.9831027439923048
 0.93830509815306196
 0.50303329145536235
 -0.16275893470427472
 -0.64473706499241601
 -0.98392844930791656
 -0.93671610823552076
 -0.49908119296237063
 0.16726305010571701
 0.75695720037518566
 0.99976756718698545
 0.78442368682047992
 0.35655072077143918
 -0.17176367725145975
 -0.75993348705546881
 -0.98551828393206375
 -0.86772048768357102
 -0.4911458537354722
 0.17626072228136108
 0.65514869784289442
 0.94947927516166009
 0.9318320622966344
 0.48716277849229406
 -0.18075409140989987
 -0.76583845364504477
 -0.98702590740807916
 -0.8631445581430458
 -0.4831695435136964
 0.18524369092832746
 0.66202159170945685
 0.9523059789588959
 0.97432285016752296
 0.60765343796048421
 0.11565022938906054
 -0.40893200362750154
 -0.8183168365787411
 -0.99717930598945514
 -0.8165054964834555
 -0.4060605193418762
 0.11877295193178608
 0.72404242682852316
 0.99751166747468134
 0.81386045126370754
 0.25724892448168524
 -0.41724969046119159
 -0.90053914430225124
 -0.99618264199878725
 -0.71232163022430739
 -0.25283322809198039
 0.27787907011093738
 0.73031198170342548
 0.97701376738129042
 0.88894197826965471
 0.39350296080787661
 -0.13236456713272088
 -0.73342394586459891
 -0.99838390828355505
 -0.88684106715721245
 -0.38930057845837962
 0.13688971055489954
