# Created by Octave 8.4.0, Thu Dec 11 09:16:06 2025 IST <gamana@Samsung>
# name: iq
# type: matrix
# rows: 2048
# columns: 1
 0.99706007033948296
 0.71979445629436789
 0.11267528621267162
 -0.54607854638925091
 -0.95458600820206962
 -0.97259255895290297
 -0.60163096747855127
 -0.10813648706951674
 0.54989853666459632
 0.89985447880301794
 0.99631865342087256
 0.81211680656676566
 0.39913916364882279
 -0.27636844752632383
 -0.82522724334078956
 -0.99801622712169602
 -0.80944368883232731
 -0.39494783328271993
 0.13080603864129745
 0.61971144815431445
 0.97764774684509548
 0.88756644408310237
 0.39074826631547099
 -0.28513450973044718
 -0.83035132807013867
 -0.99854960836650131
 -0.88545340033792985
 -0.5229222527763302
 0.13985542515412888
 0.73854284938133441
 0.99878506466934591
 0.80132327513146184
 0.3823247730738224
 -0.14437579056859726
 -0.63040525104876677
 -0.9388476181633828
 -0.98281373076484568
 -0.74991820004097443
 -0.15669884238927639
 0.37077718740857579
 0.8774101499200383
 0.99932172244443662
 0.83972129973922371
 0.4435688105502032
 -0.077538373483401396
 -0.57680275981140672
 -0.9649887322131383
 -0.91095823285371369
 -0.5715619408474234
 0.082090521919315831
 0.58052721149389108
 0.96617647717373156
 0.90906497418168908
 0.43536466339879998
 -0.086640958364850085
 -0.70138649497904204
 -0.99471412193617259
 -0.90715275704229548
 -0.5640436772560169
 -0.062041763045416379
 0.5879397169116356
 0.91906542379149492
 0.99128758100646241
 0.78426098528443078
 0.20935274634661827
 -0.32052155160483159
 -0.76010394507765244
 -0.98556272514868337
 -0.86759008943263682
 -0.49091736807458636
 0.024048282052691987
 0.65534683009168626
 0.98632564038788906
 0.93173685042504906
 0.61467493103747084
 -0.028613416223251562
 -0.65878935756162205
 -0.98706798589555911
 -0.86301208685108277
 -0.48293989111003849
 0.18550142810862433
 0.6622181460394142
 0.98778974619014315
 0.92838136871562715
 0.60744511130886403
 0.11538970234524717
 -0.54378762121797686
 -0.95376841510680677
 -0.97322421740503984
 -0.60381116136497703
 0.042304857596161642
 0.66903422027829129
 0.98917145136069295
 0.92494844217390204
 0.47089834743204406
 -0.19894598283625273
 -0.67242136389076779
 -0.95647358368258695
 -0.9232030263304648
 -0.59650556024492263
 0.051428232491258427
 0.55523372073924604
 0.90262816634349929
 0.99574948813708342
 0.80836512406540517
 0.24815818877633955
 -0.28251463140679067
 -0.73360221314005569
 -0.97803180066825379
 -0.88671984235211354
 -0.52524920526344476
 0.1371495197763625
 0.62472257242825535
 0.9789735583027539
 0.88459937535560251
 0.52135769715095059
 -0.14167164154906572
 -0.73977842583670239
 -0.99887378497716794
 -0.80022448225587572
 -0.23486369851189498
 0.43812590268212964
 0.83641303144195311
 0.99390102147704307
 0.79747748196428803
 0.37640208904310912
 -0.29998927131410252
 -0.74589292680788943
 -0.9816762563472855
 -0.87812746374023176
 -0.5096182613695085
 0.002451968787792662
 0.51383147181467992
 0.88046307274605584
 0.9990655247378426
 0.74261762234268391
 0.14585720244600886
 -0.5177438501891326
 -0.88261903416678134
 -0.99885772825792152
 -0.7395514844487685
 -0.29094148332762448
 0.38515923490199494
 0.88475658864781193
 0.99862910069091138
 0.83118473117740399
 0.28656929572213435
 -0.38936960356123135
 -0.80586807279352213
 -0.99535103343762399
 -0.90444055412780355
 -0.42546475484063667
 0.097562209492346161
 0.70916188232663657
 0.99578049057298412
 0.82607197240836805
 0.27780708268757176
 -0.2529057306336317
 -0.81124225234633263
 -0.99618918079676655
 -0.82348972479342486
 -0.27341723999365541
 0.40195163755402535
 0.89312185138248557
 0.99750638142641856
 0.72399073590500151
 0.1186985440550069
 -0.40612900000404117
 -0.81654875871836308
 -0.99694422685007722
 -0.89649744755550087
 -0.40886361669740878
 0.11572466422679378
 0.72192184238340473
 0.97433972013122938
 0.95228310934829397
 0.53966559836386452
 0.032840916452987139
 -0.48323515238183556
 -0.93019264499265608
 -0.98701387251156136
 -0.65853561950740669
 -0.028276331692887669
 0.6149408894302183
 0.93185925391478641
 0.94945575472370036
 0.53195393787215595
 0.023711157232476316
 -0.49121112914774684
 -0.93350642899691172
 -0.98550557398912264
 -0.7598847751608806
 -0.32020210376883135
 0.20968248266632986
 0.78447016306265849
 0.99133194181980266
 0.84787648216215594
 0.4571376091762453
 -0.21414548183765864
 -0.68383802411548178
 -0.96089129691787012
 -0.9171217121892673
 -0.58396584088904802
 0.066935492729034415
 0.68716291644317073
 0.99249053843869217
 0.84299868999530825
 0.30719361949593094
 -0.2230579892443621
 -0.79289266197034569
 -0.99303879523100436
 -0.84053339739696464
 -0.30284452437160619
 0.22750731161019144
 0.79566716792130066
 0.99356634228954255
 0.9115748296758901
 0.44081575119861865
 -0.080598222732407257
 -0.69705133323988455
 -0.96578927795253033
 -0.90968779540689537
 -0.56904057922395446
 -0.068092886001361541
 0.58302375281096053
 0.96696348238648455
 0.96121189540502372
 0.68468396839564494
 0.063536069721895586
 -0.58672791667811064
 -0.96811752088496095
 -0.90585685224972345
 -0.56150643275911605
 0.094245825128639826
 0.59041984438793671
 0.96925136938056977
 0.90391302325552925
 0.55772175493586962
 -0.098791221410575017
 -0.59409945894557603
 -0.970365004227011
 -0.90195034323742196
 -0.42020723065496823
 0.10333455741059976
 0.7132403876757174
 0.97145840219953794
 0.89996885312693931
 0.55011758475158845
 0.04529650493705354
 -0.60142144191066849
 -0.92554488003732771
 -0.98893948579507385
 -0.66786488579440773
 -0.040734014305628702
 0.60506365761878733
 0.97358439673447417
 0.95329472382463132
 0.54246752419775235
 0.036170674170068154
 -0.60869325477939451
 -0.92896449571977835
 -0.9875435880617639
 -0.76792862176621013
 -0.18395628741404277
 0.34494773752928914
 0.86380526864144591
 0.98681473911223938
 0.65760573526850563
 0.17946559704239815
 -0.34923055048859636
 -0.77954738047339189
 -0.99990564019671446
 -0.76204637929906172
 -0.17497116393201925
 0.49228647034934875
 0.93394853159813018
 0.98529531704751827
 0.75908138870197783
 0.31903190422298738
 -0.21088984649677303
 -0.68140328042767151
 -0.99149343853740313
 -0.91844467662543139
 -0.58666723142977939
 -0.089623827187757507
 0.43266688414771959
 0.83307400675438814
 0.99880162570560704
 0.80112149333480798
 0.38201314970538847
 -0.29419909994775784
 -0.74184022576927944
 -0.99901471413331877
 -0.88101247234590618
 -0.51482631406600432
 0.1492265986468464
 0.6342044204286742
 0.98138984345368674
 0.94142434045552237
 0.63625671236885806
 -0.00095470993008341055
 -0.51254640924252104
 -0.87975221252868729
 -0.9991291183794988
 -0.83704828615673299
 -0.4391683835773984
 0.082426600067351322
 0.69836552224373061
 0.9942709280307731
 0.83454098068776961
 0.43506105404562229
 -0.086976906331164811
 -0.5845132053407629
 -0.96742949194927785
 -0.90701080238006038
 -0.43094465135510163
 0.091525398699506169
 0.70487348511119874
 0.96857542285893772
 0.90507827123668394
 0.55998750548639908
 -0.096071982314009
 -0.59189945380494535
 -0.92098703315352426
 -0.99062973958423328
 -0.67664908345507713
 -0.052586702724156269
 0.5955741004690619
 0.92275658720024012
 0.98999571220944627
 0.77835000768533547
 0.34744071794215031
 -0.18134368802751832
 -0.65904302069962439
 -0.98712198703216847
 -0.92994486488287587
 -0.61079942113405361
 0.033514987101304058
 0.66247079180869495
 0.95248874330969102
 0.9741876934915108
 0.72145498151342724
 0.11505472734182955
 -0.40947901636436274
 -0.81866126483892543
 -0.99689131497651151
 -0.81615923355558806
 -0.2610805915399585
 0.26967121204323496
 0.82127528094718671
 0.99652111377909025
 0.81351195702580037
 0.2566695505195406
 -0.41779443979418884
 -0.90079963176166622
 -0.97100369805400089
 -0.59623486975544926
 -0.10143517182540703
 0.42193912522092825
 0.90277326207257647
 0.99571837246654993
 0.80816656237513129
 0.24783150212176325
 -0.28283809894652973
 -0.73383133976659254
 -0.97810204070790241
