# Created by Octave 8.4.0, Thu Dec 11 09:16:06 2025 IST <gamana@Samsung>
# name: iq
# type: matrix
# rows: 2048
# columns: 1
 0.99706007033948296
 0.81741217677477895
 0.40749676511192734
 -0.26757933088703667
 -0.72295709950342013
 -0.99739959216031482
 -0.89379434027545168
 -0.40332217000396425
 0.12174574039319934
 0.61251750219373202
 0.9756866937503218
 0.89173695753970295
 0.39913916364882279
 -0.126277206267076
 -0.6161208997466926
 -0.93240144544834269
 -0.94898469904253735
 -0.65396009222976592
 -0.17471292102219657
 0.49251475324559779
 0.93404224138678449
 0.94753482023462876
 0.52680937032475517
 0.017648480643128749
 -0.49648404018293579
 -0.93566355795921996
 -0.94606518067421075
 -0.5229222527763302
 0.13985542515412888
 0.73854284938133441
 0.97952724534565039
 0.88332189054261379
 0.5190242297318719
 -0.14437579056859726
 -0.63040525104876677
 -0.98043636236127607
 -0.88117195914959878
 -0.51511538248430411
 -0.0039492221486906965
 0.63394365677250586
 0.94041029539182541
 0.98196046852828767
 0.74688936492934765
 0.30141723570001927
 -0.22896505360363265
 -0.69484718481991314
 -0.99373479575595003
 -0.8372327419467338
 -0.29705977382799137
 0.23340805554780536
 0.69812411955698905
 0.99423482618450487
 0.834726723741544
 0.43536466339879998
 -0.086640958364850085
 -0.58423955633417979
 -0.9673440726117527
 -0.90715275704229548
 -0.5640436772560169
 0.091189587921087126
 0.70463424304951916
 0.96849149417710867
 0.9052216213146459
 0.56026686158099936
 0.057483207986331115
 -0.46149364166221007
 -0.92085560177722303
 -0.99067573919877039
 -0.78141948139773487
 -0.3520349582153795
 0.32484398121003566
 0.76306347130970409
 0.99992600201619608
 0.77856168107880996
 0.34775691095553296
 -0.181012047936218
 -0.65878935756162205
 -0.95098368393158716
 -0.93006880782054413
 -0.61106639304019938
 0.033177953663624922
 0.53994946709703096
 0.95238598048070489
 0.97426376220703059
 0.72168845298289652
 0.26581129234256295
 -0.40917133979595066
 -0.89664680196432855
 -0.99691782759704184
 -0.71851977171296921
 -0.26140610184024543
 0.26934646894041164
 0.82108283884711719
 0.99753012452978629
 0.81370802101913009
 0.40164283463597866
 -0.27374159579893415
 -0.72736480393270331
 -0.976087115172108
 -0.94984269133657262
 -0.65602466714103314
 -0.024945769805903319
 0.49013503876520476
 0.93306290263883518
 0.94840464974003225
 0.52912975935153383
 0.020380225184827103
 -0.49411048094498033
 -0.93469587767668683
 -0.94694682925076201
 -0.52524920526344476
 -0.015814255536007973
 0.49807561849560866
 0.93630935971701046
 0.94546926027148714
 0.64562337082936083
 0.011247956082341949
 -0.50203036872450668
 -0.93790331511077729
 -0.98331443318542888
 -0.6421292465344145
 -0.15939674058782213
 0.50597464915570589
 0.93947771061620244
 0.94245500051237052
 0.63862173069241412
 0.15488675998232163
 -0.37248028622255525
 -0.87828874934801482
 -0.99925248579709669
 -0.74566827301361671
 -0.15037354922751256
 0.51383147181467992
 0.88046307274605584
 0.98072997867282441
 0.74261762234268391
 0.14585720244600886
 -0.5177438501891326
 -0.94408321150734609
 -0.97982756338423382
 -0.62801956676063164
 0.011585155087853634
 0.52164543106267169
 0.88475658864781193
 0.97890471388091427
 0.73646992327589755
 0.13681547761836058
 -0.38936960356123135
 -0.80586807279352213
 -0.99535103343762399
 -0.90444055412780355
 -0.42546475484063667
 0.097562209492346161
 0.59310560008093594
 0.92156932342057896
 0.99042414088762409
 0.78027343914827174
 0.35031731564544222
 -0.32657842745172744
 -0.85381609152676541
 -0.98978334287695413
 -0.67217172528928704
 -0.046530180664730178
 0.47119581278114436
 0.92507656477813749
 0.95503102527647488
 0.66878354895063952
 0.19413769499189698
 -0.33519734327953327
 -0.77010626153079897
 -0.99999928298596319
 -0.77163187100420239
 -0.33745284137923132
 0.19178768900065554
 0.77301140416510317
 0.99999432420953505
 0.76871908322971561
 0.33315048880552711
 -0.3437882972126497
 -0.86318239617788683
 -0.98701387251156136
 -0.65853561950740669
 -0.028276331692887669
 0.6149408894302183
 0.97635482996805922
 0.94945575472370036
 0.65509208035033761
 0.17618695705555892
 -0.35235057260061453
 -0.86775773336314854
 -0.99985432172435307
 -0.85028888000473257
 -0.32020210376883135
 0.35662073253939414
 0.78447016306265849
 0.99976594875481661
 0.84787648216215594
 0.3158724996931519
 -0.36088345518522658
 -0.78729410116229492
 -0.99965672575733444
 -0.84544640193264708
 -0.31153630812522931
 0.36513865163940556
 0.79010162031504583
 0.99249053843869217
 0.84299868999530825
 0.44899540760658252
 -0.2230579892443621
 -0.79289266197034569
 -0.99303879523100436
 -0.84053339739696464
 -0.30284452437160619
 0.3736261111647376
 0.87887856028953637
 0.99920398154940382
 0.74484481718296036
 0.14915249931032143
 -0.37785819723066766
 -0.79842508030580706
 -0.9990113855659839
 -0.74178997201371843
 -0.14463532063038551
 0.51880002299952621
 0.88319891056935484
 0.99879795529096516
 0.73871965688208541
 0.14011512559396239
 -0.38629864067209896
 -0.80389089465875141
 -0.99856369517541654
 -0.73563393581916581
 -0.28538589488842303
 0.24525622822431584
 0.80659868263811108
 0.99830861010480987
 0.82794503673297959
 0.28100613039472744
 -0.24968090147450372
 -0.71003205735290709
 -0.99589306163665337
 -0.90195034323742196
 -0.55392544587614156
 0.10333455741059976
 0.59776668361302476
 0.97145840219953794
 0.89996885312693931
 0.55011758475158845
 -0.10787573837779833
 -0.7164338434351224
 -0.99667842946555951
 -0.89796859424785269
 -0.41190187573353687
 0.2629233102303789
 0.71961235803183343
 0.97358439673447417
 0.95329472382463132
 0.66445900241171152
 0.036170674170068154
 -0.48031556574649814
 -0.92896449571977835
 -0.9519054479984026
 -0.53862548430978674
 0.12148540426003865
 0.7259242988997987
 0.97562917563660601
 0.89185562410311559
 0.39937963465958909
 -0.27611637049686544
 -0.82507907730420516
 -0.9979996801885721
 -0.88978071120295688
 -0.39518878000658209
 0.13054600469839833
 0.73217568374252728
 0.97759256833212316
 0.88768724200696714
 0.52703228840410865
 -0.13507226835580494
 -0.62308394802830314
 -0.97854369340411895
 -0.94615012161663581
 -0.52314579966074126
 -0.013344562320217936
 0.50021587916838484
 0.9371738928716784
 0.98369370243437959
 0.64373520641664106
 0.16146634585720937
 -0.36628807972477462
 -0.87508325720214741
 -0.99948789907851565
 -0.75009168245863234
 -0.15695787985318554
 0.37053358671614267
 0.8772842918386542
 0.99933134669386681
 0.83986369513887471
 0.44380386387911941
 -0.077276877469169419
 -0.69465853816616863
 -0.99370544782199999
 -0.91106639288515368
 -0.57177713983155798
 0.081829121348277425
 0.69793630702392573
 0.99420666880394015
 0.90917422426779237
 0.43560076978030499
 -0.23759142540159833
 -0.8019047929304397
 -0.99873665898641506
 -0.83234869697174474
 -0.28857749010972156
 0.38743745727073825
 0.88590502024865936
 0.97839707357332473
 0.73479682639496002
 0.13436833251938127
 -0.52763589580741488
 -0.94784529645431592
 -0.93369438927448234
 -0.61894775499252752
 -0.12984163913676627
 0.53150967624598833
 0.94929096237321153
 0.97646809321439842
 0.61535446347816414
 -0.027751971601748842
 -0.53537237209859767
 -0.89217673280036824
 -0.97547304664155143
 -0.72543551228183079
 -0.1207802233251128
 0.40421205162844998
 0.89423014886649888
 0.97445765666701689
 0.72228472937476751
 0.26664197777726245
 -0.26411463704382998
 -0.72046934828005249
 -0.99713413031232534
 -0.89540040259902232
 -0.40660830075807419
 0.26851643083041526
 0.72362878561645982
 0.97489269133026779
 0.95152633483001159
 0.66011209043206842
 0.18274224487078436
 -0.48539609972578496
 -0.86442682365432499
 -0.999945859213213
 -0.76419952433889138
 -0.17825053310852398
 0.48938368325399473
 0.86671376067056971
 0.98585910900799767
 0.76124612228590061
 0.32218776733811588
 -0.20763187017247733
 -0.6789609728205056
 -0.9910542876521572
 -0.84898630942477415
 -0.45900145740906112
 0.060285513420233333
 0.68230665119091249
