# Created by Octave 8.4.0, Thu Dec 11 09:16:06 2025 IST <gamana@Samsung>
# name: iq
# type: matrix
# rows: 2048
# columns: 1
 0.99706007033948296
 0.81741217677477895
 0.40749676511192734
 -0.11721173552297842
 -0.72295709950342013
 -0.97467563508643473
 -0.95182505386520067
 -0.53840448048633571
 -0.031344426666491253
 0.61251750219373202
 0.9756866937503218
 0.95041478686084535
 0.65740811854692949
 0.026779638075654512
 -0.48853519495787168
 -0.93240144544834269
 -0.98602164326815445
 -0.7618765189682617
 -0.17471292102219657
 0.35375141607369498
 0.78256289391760381
 0.99092400356524601
 0.92013878115657166
 0.45986541708857864
 -0.059314559022868391
 -0.68159522404935846
 -0.96003675884366646
 -0.91834089914126482
 -0.4558054392076315
 0.21560776862847272
 0.78821639611625471
 0.99961637728604458
 0.75293139567673473
 0.31011321061357677
 -0.36653212183670031
 -0.8752101648306293
 -0.98281373076484568
 -0.74991820004097443
 -0.15669884238927639
 0.37077718740857579
 0.79380414593267479
 0.99932172244443662
 0.74688936492934765
 0.30141723570001927
 -0.22896505360363265
 -0.79657321781796253
 -0.99373479575595003
 -0.91095823285371369
 -0.5715619408474234
 -0.071154896496347181
 0.44929670050794807
 0.91542760447624616
 0.96205395684648265
 0.56780872985143183
 0.066599024229182319
 -0.58423955633417979
 -0.91725607877992499
 -0.96079785708328713
 -0.68359193739244539
 -0.062041763045416379
 0.45743750616528306
 0.91906542379149492
 0.99128758100646241
 0.68025173333747047
 0.057483207986331115
 -0.59162761605977232
 -0.92085560177722303
 -0.99067573919877039
 -0.78141948139773487
 -0.3520349582153795
 0.17651889277400565
 0.65534683009168626
 0.98632564038788906
 0.8653101111236956
 0.48693370707140277
 -0.181012047936218
 -0.76600708392244765
 -0.98706798589555911
 -0.86301208685108277
 -0.48293989111003849
 0.033177953663624922
 0.53994946709703096
 0.95238598048070489
 0.92838136871562715
 0.60744511130886403
 0.11538970234524717
 -0.40917133979595066
 -0.89664680196432855
 -0.97322421740503984
 -0.71851977171296921
 -0.1108522977199087
 0.54761443469753268
 0.95513095897934219
 0.92494844217390204
 0.60016461899422868
 0.10631258127998891
 -0.55142982772784532
 -0.90065314739641111
 -0.99615971215125476
 -0.71213752157466126
 -0.10177064770085427
 0.55523372073924604
 0.95779626121622063
 0.96998389281815456
 0.59283406142640771
 0.097226591704109466
 -0.55902603440189202
 -0.9045843610622607
 -0.96886329631413692
 -0.58915019910744659
 -0.092680508055636157
 0.429897566468319
 0.83137217755029091
 0.99864669548498619
 0.88459937535560251
 0.38484800857883378
 -0.29126409986974627
 -0.73977842583670239
 -0.99887378497716794
 -0.80022448225587572
 -0.23486369851189498
 0.29562976825788428
 0.74284342228831535
 0.99908004304739784
 0.8803031412508725
 0.51354214370764828
 0.0021147486843296568
 -0.50990837753160867
 -0.87828874934801482
 -0.9816119409268943
 -0.63510089645229451
 -0.15037354922751256
 0.51383147181467992
 0.94256769103511717
 0.93936212190982626
 0.63156681724073349
 0.14585720244600886
 -0.38094083378193982
 -0.80042666836970566
 -0.99442985469023693
 -0.90829909993624047
 -0.56629770197952101
 -0.064768503918316747
 0.58572740375838628
 0.96780742505491923
 0.96028763077360757
 0.56252791462795315
 -0.093016272330551625
 -0.58942264809752398
 -0.91978685548894856
 -0.99104428369290198
 -0.78312149655954333
 -0.20755856471407064
 0.46312031316029723
 0.92156932342057896
 0.95769927327928239
 0.67554588354773948
 0.20308914577979487
 -0.32657842745172744
 -0.85381609152676541
 -0.99994663618800206
 -0.86438914550077395
 -0.34603634430327534
 0.33089133571998847
 0.85618450009160074
 0.98912190302467629
 0.66878354895063952
 0.19413769499189698
 -0.47521886452547285
 -0.85853505300654542
 -0.98843983512506073
 -0.77163187100420239
 -0.18965584981998099
 0.47923200562359664
 0.92850663698750324
 0.98773715340256729
 0.66196542496401622
 0.032840916452987139
 -0.61133329545709125
 -0.93019264499265608
 -0.95087934728715373
 -0.65853561950740669
 -0.18068038726057722
 0.48722822131491544
 0.93185925391478641
 0.98627000753600025
 0.65509208035033761
 0.023711157232476316
 -0.61853565886702822
 -0.97733185259986799
 -0.88825520681746439
 -0.39212605309391713
 0.28369908452689208
 0.73444091888983309
 0.9984678775029745
 0.88614822702694929
 0.52419790220779638
 0.01457942004615246
 -0.62568642452632262
 -0.97922473141210453
 -0.88402276669574964
 -0.38370785527361939
 0.29244531029783893
 0.8345822651241197
 0.99426291516930421
 0.79948325508046658
 0.23366308595342544
 -0.29680932037190372
 -0.74366963050838819
 -0.98103592407932882
 -0.87971658210087067
 -0.37525764885050583
 0.3011671405145831
 0.74671493460754579
 0.99931202944930153
 0.79396363218353128
 0.22477285582009482
 -0.30551867984392073
 -0.74974466603466505
 -0.98276527951328996
 -0.93893789853280041
 -0.50461792658281668
 0.1609486409301393
 0.75275876160493482
 0.98359922291909652
 0.93735676535810908
 0.62705803109328695
 0.14011512559396239
 -0.38629864067209896
 -0.88533147958915415
 -0.97865164003263161
 -0.73563393581916581
 -0.28538589488842303
 0.3905068220229197
 0.80659868263811108
 0.99546921963032331
 0.90391302325552925
 0.42434680629691318
 -0.098791221410575017
 -0.59409945894557603
 -0.970365004227011
 -0.90195034323742196
 -0.55392544587614156
 -0.049858050913958639
 0.46825450996007534
 0.85445833872757682
 0.98960650546753481
 0.67125684091562299
 0.04529650493705354
 -0.60142144191066849
 -0.92554488003732771
 -0.95466411877607582
 -0.54629825097485496
 -0.040734014305628702
 0.47630511916939311
 0.85916763922364559
 0.98825184187956794
 0.77084575096264307
 0.18844314139406976
 -0.34065773071631095
 -0.77379427491261488
 -0.9889505977893237
 -0.92551650307139577
 -0.47221868416594392
 0.19747842878373487
 0.77667892647719483
 0.98961727890937345
 0.85441940454648735
 0.32767464277460195
 -0.20195314414651017
 -0.77954738047339189
 -0.99026332165106024
 -0.85203770817596947
 -0.464148139626821
 0.054493383907177437
 0.67805376596341482
 0.95867405792466798
 0.96923292646253989
 0.59035936055186145
 -0.059052735788742081
 -0.56156844030411857
 -0.90588859223877527
 -0.96809874646541105
 -0.58666723142977939
 -0.089623827187757507
 0.5653412151459779
 0.96123256142768809
 0.96694437685696777
 0.58296286741591263
 -0.068167649874410111
 -0.56910219984820576
 -0.96248175678768133
 -0.96576984171147617
 -0.57924634576443579
 -0.080523528307652692
 0.44088301412749958
 0.91160563668947248
 0.96457516552375233
 0.57551774398311595
 0.075970812445554814
 -0.4449773300437953
 -0.84057399342575734
 -0.9930299656656284
 -0.79284699542711268
 -0.36931659404445405
 0.30726493315548692
 0.75095733059333059
 0.99952895764717375
 0.87444854332560251
 0.36506888685045302
 -0.16275893470427472
 -0.75396512742134258
 -0.99965868631257737
 -0.87222403267404025
 -0.49908119296237063
 0.16726305010571701
 0.75695720037518566
 0.99976756718698545
 0.78442368682047992
 0.35655072077143918
 -0.17176367725145975
 -0.75993348705546881
 -0.99985559799969492
 -0.86772048768357102
 -0.4911458537354722
 0.17626072228136108
 0.65514869784289442
 0.98628238008474745
 0.9318320622966344
 0.61488179360742934
 -0.028351239645533603
 -0.65859201221444852
 -0.98702590740807916
 -0.8631445581430458
 -0.4831695435136964
 0.032915813935010765
 0.53972868560925691
 0.9523059789588959
 0.97432285016752296
 0.72186998516592915
 0.26606413057519801
 -0.40893200362750154
 -0.8183168365787411
 -0.99717930598945514
 -0.89513330545907011
 -0.5409255064241385
 -0.034337332617050374
 0.48192377313858803
 0.92964200032564304
 0.9513417760410976
 0.65966164416892148
 0.029772961920549099
 -0.61375950054506057
 -0.9313149733479128
 -0.98651616079302507
 -0.76381271901443137
 -0.17766059811468488
 0.35094893923134723
 0.86701264097890396
 0.98575846919369059
 0.65276987015171895
 0.17316468790596914
 -0.3552215182091768
 -0.78354073279034975
 -0.99979722047228137
 -0.84866937008156818
