# Created by Octave 8.4.0, Thu Dec 11 09:16:06 2025 IST <gamana@Samsung>
# name: iq
# type: matrix
# rows: 2048
# columns: 1
 0.99706007033948296
 0.71979445629436789
 0.11267528621267162
 -0.54607854638925091
 -0.95458600820206962
 -0.97259255895290297
 -0.71661680183738552
 -0.10813648706951674
 0.41582037352034329
 0.89985447880301794
 0.99631865342087256
 0.71342420240216764
 0.10359543274975808
 -0.55370705885596561
 -0.95726733173653833
 -0.9704283499248888
 -0.710216724570086
 -0.099052217956670074
 0.55750403353697353
 0.95857806179479299
 0.92037337700240041
 0.59063151170131145
 -0.058716099949635919
 -0.56128938152206265
 -0.90574572222887484
 -0.99505071406714374
 -0.7037574015908532
 -0.08995968598691377
 0.43236283667164604
 0.90767174576048582
 0.96703030897644238
 0.58323682590797477
 0.085410558434171072
 -0.436476125398505
 -0.83540614555488213
 -0.99410164801316581
 -0.69723937173125705
 -0.23220701116232156
 0.29823877688491174
 0.83790744708233544
 0.99919348408392272
 0.87900365099550504
 0.373869386604954
 -0.15340739435657474
 -0.63746884165893469
 -0.98219323712585571
 -0.87681701130020206
 -0.36962995372724544
 0.15791844437680813
 0.64098073219064022
 0.98304095823534621
 0.93842165869421512
 0.50332471182795113
 -0.16242620102223765
 -0.75374355922055913
 -0.99964981960557098
 -0.78745579190865311
 -0.36112805074835524
 0.16693057028402239
 0.75673679541218208
 0.99976024002897124
 0.87014756089457157
 0.35686575795358699
 -0.17143145822393704
 -0.75971424992675674
 -0.98546104560661119
 -0.93360044124798824
 -0.61874172821212581
 0.023448947172842981
 0.53173182534861707
 0.89022421691831999
 0.99793771528696562
 0.72839148523155783
 0.27518135912083291
 -0.40027119857025584
 -0.81283679053972591
 -0.99763417391420772
 -0.72525496053724303
 -0.12051985628836237
 0.40445193887085795
 0.81548838195195372
 0.99679924583888657
 0.89730870389519868
 0.54504354703316671
 -0.11390231364833965
 -0.60625506401228335
 -0.92782390279400195
 -0.95284142018813345
 -0.66333931775948618
 -0.034674352783172553
 0.48162826828313782
 0.862254728491333
 0.99998138620148591
 0.85601021937775568
 0.47089834743204406
 -0.046867033747573464
 -0.55142982772784532
 -0.95647358368258695
 -0.97108426039629825
 -0.71213752157466126
 -0.10177064770085427
 0.55523372073924604
 0.90262816634349929
 0.96998389281815456
 0.59283406142640771
 -0.055988358703845706
 -0.67915351091042064
 -0.95909896399592787
 -0.91965447150011992
 -0.458768420102943
 0.06054731728429652
 0.68249837391928281
 0.99168720564712287
 0.91785140651800046
 0.45470586321335715
 -0.21681353546072546
 -0.78897579815913343
 -0.99958141038069237
 -0.75211808378384382
 -0.15998855098596032
 0.50545745710063528
 0.93927214572946993
 0.98258500433542573
 0.74910065255297842
 0.30459234863209911
 -0.37192385559131702
 -0.87800195033943063
 -0.98172620227317298
 -0.74606759889611551
 -0.30023946390148659
 0.37615908234565687
 0.88017868087772855
 0.9808469264002444
 0.63203151200921293
 -0.0064191446934956159
 -0.51723086013975772
 -0.94388538104184005
 -0.97994719505386085
 -0.62848598639690056
 -0.141931274197549
 0.38460591340230282
 0.80279843518809202
 0.9986603018114758
 0.83151790381238011
 0.4301343611309012
 -0.2434773626005656
 -0.80551296461297017
 -0.99841358164780036
 -0.73378042994926174
 -0.13288449926953011
 0.39302066094081484
 0.88870159436007923
 0.97712545794276662
 0.73067021944311417
 0.12835690768192648
 -0.5327773384036506
 -0.89078609838175804
 -0.97614409660076507
 -0.72754477087597536
 -0.12382663922268553
 0.40140262300969998
 0.81355553479764497
 0.99652735636496814
 0.82123252410635128
 0.4135728135876256
 -0.11059162740069406
 -0.71833732746926005
 -0.97316389613177423
 -0.89676289601115911
 -0.40941064781652259
 0.26555843582412669
 0.72150687115320833
 0.97420460722463287
 0.95246591648562962
 0.54017021144041599
 0.03344009110984917
 -0.6108587542280044
 -0.97522500136899581
 -0.89268389624526956
 -0.40106078858848004
 0.27435274166173773
 0.72780075185382342
 0.97622505728464248
 0.9496437689242001
 0.53246148620005185
 0.02431048835748555
 -0.61806448346233855
 -0.97720475411549423
 -0.88853042950170691
 -0.52859042667655221
 -0.019744878889376392
 0.49466286186017294
 0.869722556749563
 0.98482480954644724
 0.64862049466800065
 0.16778020311875363
 -0.49862655892901125
 -0.9365323341203855
 -0.98402198209493885
 -0.75430961863744106
 -0.16327648362920538
 0.36458047594628912
 0.87419394648307691
 0.99954491894284536
 0.84332102103461049
 0.44953100410935642
 -0.070893275878694623
 -0.57134670254418518
 -0.9108500101553022
 -0.96505749357654713
 -0.57701699460184863
 0.075447752015456837
 0.57508868038264338
 0.96443664802979368
 0.91182114243432699
 0.5732812025212044
 -0.080000654696211773
 -0.69662135093078159
 -0.99400781605094846
 -0.9099366016055852
 -0.43725132659997279
 0.084551888970616357
 0.58253657800469949
 0.96681048611430065
 0.90803308413177553
 0.43313974907902392
 -0.089101359923037027
 -0.58624234246306972
 -0.91823705848225556
 -0.96011013199408302
 -0.56200240479872954
 0.093648972674699113
 0.58993588089067583
 0.92003604147862239
 0.95882316854271554
 0.67843923510325732
 0.20693688761713588
 -0.4636834374954496
 -0.92181583720699822
 -0.95751620892136058
 -0.67507720063547971
 -0.20246687372753197
 0.46772470795091431
 0.85414673094241289
 0.98969253739172902
 0.67170108749407231
 0.19799263740971601
 -0.33149094609378238
 -0.85651265778517405
 -0.98902822624331277
 -0.77412644792750684
 -0.34115087413467143
 0.18792794758620526
 0.77051148493708665
 0.98817153428625504
 0.9274606306198625
 0.60548122176772357
 -0.040209878126289261
 -0.66747436862954301
 -0.95450783195983091
 -0.92574337325759704
 -0.6018404516588296
 0.044772471175195144
 0.67086792725114253
 0.9558596058549732
 0.92400680960145565
 0.5981871302220686
 -0.049334130498314532
 -0.55348863374498325
 -0.9017236907083076
 -0.97049162886470242
 -0.59452133364708126
 -0.099313207688725244
 0.55728627378607698
 0.95850332277440242
 0.92047590867298401
 0.59084313838376756
 -0.058454267456547186
 -0.5610722916725851
 -0.90563452989963877
 -0.96824878958938965
 -0.58715262114053235
 0.063012554892090303
 0.56484660844744916
 0.96106708211217839
 0.96709706904209614
 0.58344985888275414
 -0.067569528206502957
 -0.56860914539770646
 -0.90946982178178148
 -0.99413005902736373
 -0.69742736225788915
 -0.23246211701882688
 0.29798841980098012
 0.74449470450516952
 0.99918291788155822
 0.87912868123273025
 0.37411263632579783
 -0.15314821073141613
 -0.63726673695191594
 -0.98214392732476352
 -0.94007909346897933
 -0.50749155703303084
 0.15765944704572057
 0.75056131278222915
 0.98299282535971388
 0.93851224311500481
 0.50355133254811568
 -0.0094885067303111005
 -0.51985540455118928
 -0.94489469349560051
 -0.97933096713068779
 -0.6260955390552706
 -0.13889222366261242
 0.38743745727073825
 0.88590502024865936
 0.97839707357332473
 0.62252813840774579
 0.13436833251938127
 -0.52763589580741488
 -0.88801412508603927
 -0.97744277563395865
 -0.73169162602727844
 -0.12984163913676627
 0.39584126483067594
 0.81001447001553151
 0.99795451682541114
 0.8246774739692172
 0.41908625650456766
 -0.25529461712429846
 -0.714105463842164
 -0.971750610450137
 -0.9556506286681602
 -0.54908585102167817
 -0.044062760124450776
 0.60240764654280876
 0.92601178368240689
 0.98875556026373002
 0.66694520403006563
 0.039500030374461016
 -0.47739064736666098
 -0.92772603447345159
 -0.95292098208008913
 -0.54142963429734614
 0.11817767027670485
 0.72362878561645982
 0.99746922224264523
 0.81420865299611456
 0.40243190678191099
 -0.27291262473125366
 -0.82319200887121757
 -0.99778351204304205
 -0.89129633857472446
 -0.39824712012492786
 0.27730312706414845
 0.72990232107662467
 0.97688579182994772
 0.88921640321184137
 0.39405402806044376
 -0.13177031438553685
 -0.62047455498489301
 -0.97785179306862535
 -0.94722344751826693
 -0.52598234640887054
 -0.016675928747218131
 0.49732814920591017
