# Created by Octave 8.4.0, Thu Dec 11 09:16:06 2025 IST <gamana@Samsung>
# name: iq
# type: matrix
# rows: 2048
# columns: 1
 0.99706007033948296
 0.81741217677477895
 0.2631763561998442
 -0.41166286191191009
 -0.82003431881388944
 -0.99669975492155383
 -0.81477298767905471
 -0.40332217000396425
 0.12174574039319934
 0.72610466550790553
 0.9756866937503218
 0.95041478686084535
 0.5345505649007124
 -0.126277206267076
 -0.6161208997466926
 -0.97667740455693652
 -0.88966097771079677
 -0.53068550131166847
 0.13080603864129745
 0.73235430365016874
 0.9982933274023793
 0.80675369022336518
 0.24551049220311386
 -0.42824053105714127
 -0.83035132807013867
 -0.99854960836650131
 -0.80404686683955928
 -0.24108099541788655
 0.43236283667164604
 0.90767174576048582
 0.99458655204620394
 0.70050569115229744
 0.085410558434171072
 -0.436476125398505
 -0.83540614555488213
 -0.99899969140049327
 -0.79858297189933158
 -0.37810102247061
 0.14889314503908596
 0.63394365677250586
 0.98132503246572256
 0.94153800602658821
 0.51119579255227765
 -0.15340739435657474
 -0.63746884165893469
 -0.94195336044907441
 -0.98108672759545423
 -0.74384495350793745
 -0.14767181956608888
 0.51617351493844721
 0.88175517967331396
 0.98019252618813468
 0.74078502926765999
 0.29269611680139745
 -0.38346563566337838
 -0.80206146680018797
 -0.99872344485238629
 -0.73770965602296679
 -0.28832635562389775
 0.24227936376794221
 0.80478052944019018
 0.99848235643527605
 0.82966251550724124
 0.42712419847488775
 -0.24670748503358705
 -0.80748280845543519
 -0.99561046985879564
 -0.82710443109173448
 -0.42299056154802456
 0.10028104696026842
 0.71108558651626785
 0.99602750333649714
 0.82452909748853165
 0.4188481031914722
 -0.10482368684166825
 -0.59896632268215722
 -0.92437830773569063
 -0.98939008741680945
 -0.77568764392683509
 -0.34347161125692577
 0.18550142810862433
 0.6622181460394142
 0.95238598048070489
 0.92838136871562715
 0.47893600348116838
 -0.18998693966562338
 -0.66563312401798547
 -0.95376841510680677
 -0.92667456830169237
 -0.47492212768549869
 0.19446848906226558
 0.66903422027829129
 0.95513095897934219
 0.97216437610049722
 0.71533610577853302
 0.2569954597374593
 -0.27374159579893415
 -0.72736480393270331
 -0.976087115172108
 -0.89090525512361429
 -0.5329992784866211
 0.12809678987676251
 0.61756479500956363
 0.93306290263883518
 0.9857143278662881
 0.76068700266561096
 0.32137181495173944
 -0.35546668344393723
 -0.86940874861318307
 -0.98493489813929835
 -0.64910403070761957
 -0.16840663519935209
 0.35973142613265052
 0.7865320410317943
 0.999688319633386
 0.75472666710096414
 0.16390339698880679
 -0.50203036872450668
 -0.93790331511077729
 -0.98331443318542888
 -0.7517228585266672
 -0.15939674058782213
 0.50597464915570589
 0.93947771061620244
 0.9824734317532009
 0.74870337284051514
 0.15488675998232163
 -0.37248028622255525
 -0.79491849299250317
 -0.99342572139859497
 -0.83872373119254717
 -0.29966756480902224
 0.37671448817543773
 0.79768089846240808
 0.99393815228930615
 0.83622815318000376
 0.43782274524140236
 -0.083918673314793177
 -0.6994363906929727
 -0.99442985469023693
 -0.90829909993624047
 -0.4337124315048439
 0.2396276262838915
 0.7026928983702091
 0.99490081834697564
 0.83118473117740399
 0.28656929572213435
 -0.38936960356123135
 -0.88687569161064339
 -0.97796144940880547
 -0.62088584817830406
 -0.13229028813657909
 0.39357185195279359
 0.88897629886156937
 0.99810937180197989
 0.73026078847632114
 0.12776233975286863
 -0.53328457614273284
 -0.89105836659263005
 -0.99781828131895878
 -0.72713334434054777
 -0.27341723999365541
 0.40195163755402535
 0.89312185138248557
 0.99750638142641856
 0.82089030337516489
 0.26902169520804903
 -0.26173158241395567
 -0.81654875871836308
 -0.99694422685007722
 -0.89649744755550087
 -0.40886361669740878
 0.11572466422679378
 0.60771295218366916
 0.92850663698750324
 0.95228310934829397
 0.53966559836386452
 0.032840916452987139
 -0.61133329545709125
 -0.9753574455450581
 -0.95087934728715373
 -0.65853561950740669
 -0.18068038726057722
 0.48722822131491544
 0.93185925391478641
 0.94945575472370036
 0.53195393787215595
 0.023711157232476316
 -0.49121112914774684
 -0.86775773336314854
 -0.98550557398912264
 -0.7598847751608806
 -0.1716898524875731
 0.35662073253939414
 0.8700182802033074
 0.99976594875481661
 0.75690822893261911
 0.16718916734334063
 -0.49914612947357034
 -0.87226068289134251
 -0.98391506537880058
 -0.64467978024642647
 -0.010013047761816983
 0.50309805648286454
 0.87448489466216361
 0.98308902348526839
 0.75090784312405601
 0.30719361949593094
 -0.2230579892443621
 -0.69047347805072579
 -0.99303879523100436
 -0.91344285313471929
 -0.44491021868367014
 0.076045533660961007
 0.69376963989668572
 0.96459493207099567
 0.9115748296758901
 0.44081575119861865
 -0.23195188933175362
 -0.69705133323988455
 -0.99407316861236728
 -0.90968779540689537
 -0.43671209054113685
 0.08514923093521945
 0.58302375281096053
 0.96696348238648455
 0.90778178968163992
 0.43259932229274561
 -0.24082644017776364
 -0.80389089465875141
 -0.99856369517541654
 -0.83049745413946297
 -0.42847753222482732
 0.094245825128639826
 0.70680891937608892
 0.96925136938056977
 0.90391302325552925
 0.55772175493586962
 -0.098791221410575017
 -0.59409945894557603
 -0.9220480561402048
 -0.9573431522354271
 -0.55392544587614156
 -0.049858050913958639
 0.59776668361302476
 0.9238061010348807
 0.95601360429414595
 0.67125684091562299
 0.19740496596936324
 -0.3320564935482308
 -0.76797662005141698
 -0.99998974295339804
 -0.86145738380298953
 -0.34058727400126604
 0.18851673627980456
 0.66451500356302839
 0.98826329219449338
 0.92723629695034715
 0.60500399200341626
 0.11234020629758215
 -0.54636101681158478
 -0.89800156890714844
 -0.97251409436198921
 -0.60136156986289846
 0.045371365888891541
 0.67131238493471701
 0.95603558259739696
 0.9237774076299472
 0.59770660638150441
 -0.049932895571018494
 -0.55398783516922856
 -0.9573648031389832
 -0.92201904689465719
 -0.464148139626821
 0.20642364779482933
 0.67805376596341482
 0.99088871254122568
 0.92024145753600073
 0.46009830557788145
 -0.059052735788742081
 -0.56156844030411857
 -0.95996331965004555
 -0.91844467662543139
 -0.45603887622061912
 0.063610856130871932
 0.5653412151459779
 0.90781321933218118
 0.96694437685696777
 0.70026499464550118
 0.23631881496075158
 -0.43677950363603685
 -0.90971891406343963
 -0.99406501908017475
 -0.7983799583331106
 -0.37778881381560825
 0.1492265986468464
 0.74489481655070955
 0.99920696820001331
 0.7956217731899673
 0.37355659917449718
 -0.15374061493672009
 -0.74793387261845989
 -0.98225653615836761
 -0.93987451980311765
 -0.50697489923478045
 0.0055214035258760244
 0.64123953205676343
 0.94358849556734636
 0.93830509815306196
 0.62918402735208534
 -0.010087981973328627
 -0.52036743992919077
 -0.94509078595567964
 -0.97920953288405665
 -0.73748195008814421
 -0.13829850545761893
 0.38799006792188778
 0.88618295094858357
 0.99846372804915795
 0.8294742095736658
 0.28362722468448237
 -0.24703426848143711
 -0.70810545029073779
 -0.99564197502935825
 -0.90312686476827797
 -0.55619814582020222
 -0.052586702724156269
 0.5955741004690619
 0.97080666254414638
 0.90115662367122262
 0.55239718669227666
 -0.10515904404881884
 -0.5992363264894498
 -0.92450689724225354
 -0.95547390137131483
 -0.54858470737123244
 -0.043463830529603772
 0.47390094072350675
 0.92623792677698591
 0.95411641469722341
 0.66649838973862252
 0.19112572350826018
 -0.33808764542683351
 -0.86010488691058218
 -0.98796980750470442
 -0.76967584934310729
 -0.18664120956076188
 0.48192377313858803
 0.8624254734116823
 0.98725327868753709
 0.76675227945330937
 0.33025481062593198
 -0.19927645160890187
 -0.77783315318496116
 -0.9898792794040554
 -0.85346479989839097
 -0.32594089083721095
 0.35094893923134723
 0.78069508365013429
 0.9905170277556401
 0.85107595954585802
 0.4625224530463129
 -0.20821827182906286
 -0.78354073279034975
 -0.99979722047228137
 -0.84866937008156818
 -0.31729274896499249
