# Created by Octave 8.4.0, Thu Dec 11 09:16:06 2025 IST <gamana@Samsung>
# name: iq
# type: matrix
# rows: 2048
# columns: 1
 0.99706007033948296
 0.81741217677477895
 0.2631763561998442
 -0.26757933088703667
 -0.72295709950342013
 -0.97467563508643473
 -0.95182505386520067
 -0.53840448048633571
 -0.031344426666491253
 0.48454544831307755
 0.86393738386991581
 0.99995550774600939
 0.7648265315825612
 0.32742682899836506
 -0.20221001589228241
 -0.77971163284007661
 -0.99990200276958874
 -0.85190037886372305
 -0.46391580451806957
 0.20668027481499857
 0.78256289391760381
 0.99092400356524601
 0.92013878115657166
 0.59014764102010608
 0.093910099777458012
 -0.56178544187468848
 -0.96003675884366646
 -0.91834089914126482
 -0.4558054392076315
 0.06387260574650877
 0.6849297096298741
 0.9613048499970458
 0.91652386521001739
 0.451735955545704
 -0.22006481733715735
 -0.79101851933410983
 -0.99267257301273648
 -0.9146877172569069
 -0.57903252519821957
 -0.080262094262641887
 0.44111841487869557
 0.83823451315416331
 0.99921737728844184
 0.7954628564466879
 0.22717892085399657
 -0.44521220012329865
 -0.91358003901312201
 -0.96328999306189333
 -0.5715619408474234
 -0.071154896496347181
 0.58052721149389108
 0.91542760447624616
 0.96205395684648265
 0.56780872985143183
 0.066599024229182319
 -0.45337183085077554
 -0.84562645019083471
 -0.99187874960179634
 -0.78708613347960132
 -0.21381607161106853
 0.45743750616528306
 0.91906542379149492
 0.95952171996815627
 0.68025173333747047
 0.057483207986331115
 -0.59162761605977232
 -0.96961871794042342
 -0.90327160727240496
 -0.42299056154802456
 0.25113046123705945
 0.81016824749014416
 0.99793771528696562
 0.82452909748853165
 0.4188481031914722
 -0.25554820013760671
 -0.71428904737035315
 -0.9718124784500537
 -0.95557335273441868
 -0.54886662494658134
 0.10936414063460427
 0.60261697710835183
 0.92611076224270938
 0.95421733651916474
 0.66674975226285726
 0.19145671714048751
 -0.47762109668853364
 -0.85993281577640979
 -0.9880219015039563
 -0.66333931775948618
 -0.18697249432793983
 0.34206505440574203
 0.862254728491333
 0.99998138620148591
 0.76696871253595067
 0.18248437222101171
 -0.34635271246754379
 -0.86455865896230799
 -0.99994309558021077
 -0.85364049424972288
 -0.32625967769526004
 0.35063314737503665
 0.78048430577675221
 0.99988395123660889
 0.76107601527488455
 0.32193945930560336
 -0.20788843009190797
 -0.67915351091042064
 -0.99108925768113243
 -0.84884768600070171
 -0.458768420102943
 0.21235319707962388
 0.78616167635188161
 0.99168720564712287
 0.91785140651800046
 0.58545405011465856
 0.088132491563609597
 -0.56657560757064096
 -0.90844011502318567
 -0.96656151042960048
 -0.58174569153089484
 -0.083582637076471816
 0.43812590268212964
 0.9103395938539478
 0.96538036905262048
 0.6959231720412592
 0.23042228230537098
 -0.29998927131410252
 -0.83890731960218134
 -0.99926546539418393
 -0.87812746374023176
 -0.5096182613695085
 0.15521990264824989
 0.63888119294273482
 0.94256769103511717
 0.93936212190982626
 0.5056837509888833
 -0.0070186351243288854
 -0.5177438501891326
 -0.94408321150734609
 -0.97982756338423382
 -0.7395514844487685
 -0.14133781382581198
 0.38515923490199494
 0.80315574545163138
 0.99490081834697564
 0.90637927826073139
 0.56252791462795315
 -0.093016272330551625
 -0.70593475145094076
 -0.99535103343762399
 -0.90444055412780355
 -0.42546475484063667
 0.097562209492346161
 0.70916188232663657
 0.99578049057298412
 0.82607197240836805
 0.27780708268757176
 -0.2529057306336317
 -0.81124225234633263
 -0.99781828131895878
 -0.82348972479342486
 -0.41718158624638879
 0.106647885100269
 0.60043432000801411
 0.97224333165312371
 0.89851137326958597
 0.54733224038238693
 -0.11118743406544458
 -0.60407993511190405
 -0.97330167495113762
 -0.95366701163178647
 -0.66538142519188515
 -0.18965584981998099
 0.47923200562359664
 0.92850663698750324
 0.95228310934829397
 0.53966559836386452
 -0.12025948096078005
 -0.61133329545709125
 -0.93019264499265608
 -0.95087934728715373
 -0.65853561950740669
 -0.18068038726057722
 0.48722822131491544
 0.93185925391478641
 0.94945575472370036
 0.53195393787215595
 -0.12932149590627612
 -0.73133396242559634
 -0.97733185259986799
 -0.88825520681746439
 -0.39212605309391713
 0.28369908452689208
 0.73444091888983309
 0.9984678775029745
 0.88614822702694929
 0.52419790220779638
 0.01457942004615246
 -0.62568642452632262
 -0.97922473141210453
 -0.88402276669574964
 -0.52030344573097032
 0.14289405503088268
 0.62924227162023949
 0.98014054811671381
 0.94356367941495367
 0.64118202727612839
 0.15817743084431238
 -0.36938623316022245
 -0.79289266197034569
 -0.99937573922465328
 -0.74788412868125476
 -0.30284452437160619
 0.22750731161019144
 0.69376963989668572
 0.99356634228954255
 0.8380505755510308
 0.44081575119861865
 -0.080598222732407257
 -0.69705133323988455
 -0.96578927795253033
 -0.90968779540689537
 -0.56904057922395446
 0.08514923093521945
 0.58302375281096053
 0.91665869474579109
 0.96121189540502372
 0.68468396839564494
 0.21527846681165561
 -0.4561055667485257
 -0.91847431573064442
 -0.95994232489362474
 -0.68134843078258478
 -0.05897792840350171
 0.4601648393334698
 0.84967775999932593
 0.99983384877874237
 0.78235290523988077
 0.20635032318008584
 -0.46421451522251034
 -0.8520769343569492
 -0.99990666682747809
 -0.77950044137544672
 -0.34916032984535117
 0.17953931786032531
 0.65766218888049544
 0.98682686534507946
 0.93061783695940536
 0.48425043128684137
 -0.031681480166081341
 -0.66109548976492238
 -0.98755537645856961
 -0.86145738380298953
 -0.48024983659958298
 0.036245563027500163
 0.66451500356302839
 0.98826329219449338
 0.92723629695034715
 0.47623922634562982
 -0.19299959502625752
 -0.66792065896118524
 -0.95468642402066628
 -0.97251409436198921
 -0.60136156986289846
 -0.10780123738777925
 0.55018016296902827
 0.95603558259739696
 0.97144062343148863
 0.71318786016985414
 0.25402788856811498
 -0.27669251862572475
 -0.72946779440294807
 -0.97674975441813594
 -0.8895069447213011
 -0.53039965315243032
 0.13114035477173422
 0.73258388378708994
 0.97771859182372267
 0.94742697280711508
 0.65024226875192148
 0.017311311182923683
 -0.62355274104028446
 -0.93578250779400085
 -0.94595587526113267
 -0.52263478249728768
 -0.012745109367646898
 0.50073490017408062
 0.87315635203302644
 0.98358570375047472
 0.75270942807255592
 0.16087467946475087
 -0.36684585321390023
 -0.79122478352314818
 -0.99946853590792306
 -0.84201047547138852
 -0.3054473240688339
 0.22484587561108255
 0.79400918965226941
 0.99930924739545157
 0.7466650879372424
 0.15185361630993485
 -0.51254640924252104
 -0.94206652672674507
 -0.93987451980311765
 -0.63272696759215707
 -0.14733828734210935
 0.51646230997311038
 0.94358849556734636
 0.98012568485461038
 0.62918402735208534
 -0.010087981973328627
 -0.52036743992919077
 -0.88405779351868652
 -0.99870635429799859
 -0.73748195008814421
 -0.28800343928546723
 0.38799006792188778
 0.88618295094858357
 0.99846372804915795
 0.8294742095736658
 0.28362722468448237
 -0.24703426848143711
 -0.80768168619747682
 -0.99564197502935825
 -0.90312686476827797
 -0.42268497007417344
 0.25145686109895288
 0.71132264799552403
 0.99605747492512753
 0.82433824438349557
 0.41854186373866809
 -0.25587420960649715
 -0.81303317267706665
 -0.99761093449210159
 -0.72502274927095844
 -0.12018508648974423
 0.40476032444000531
 0.89449833060686224
 0.99728505146395308
 0.81913351355534125
 0.41022955169625069
 -0.11423733350010555
 -0.72088496686581061
 -0.97400162091040132
 -0.95273903001207627
 -0.66308693126258755
 -0.034337332617050374
 0.61014771823920522
 0.92964200032564304
 0.9513417760410976
 0.5370789445299804
 0.029772961920549099
 -0.61375950054506057
 -0.9313149733479128
 -0.98651616079302507
 -0.76381271901443137
 -0.17766059811468488
 0.48990640385738971
 0.86701264097890396
 0.99987875705686646
 0.76085722933077538
 0.32162017358082473
 -0.3552215182091768
 -0.86927912638004867
 -0.98498021969111815
 -0.6493035269555244
 -0.1686651663634062
