# Created by Octave 8.4.0, Thu Dec 11 09:16:06 2025 IST <gamana@Samsung>
# name: iq
# type: matrix
# rows: 2048
# columns: 1
 0.99706007033948296
 0.81741217677477895
 0.40749676511192734
 -0.11721173552297842
 -0.60890133064396568
 -0.92906155275357227
 -0.95182505386520067
 -0.6608424346775631
 -0.18369847411188231
 0.34519391021604329
 0.77684411094735351
 0.98965494219090344
 0.85428309712852479
 0.46795651702564361
 -0.20221001589228241
 -0.67488367890591883
 -0.9902997991842033
 -0.85190037886372305
 -0.32310844176316006
 0.35375141607369498
 0.78256289391760381
 0.99092400356524601
 0.92013878115657166
 0.45986541708857864
 -0.059314559022868391
 -0.68159522404935846
 -0.96003675884366646
 -0.96803299318482094
 -0.70333136332568646
 -0.24049913052813435
 0.43290333150358423
 0.90792318296106844
 0.966877464742528
 0.7000777311951929
 0.23606395286305812
 -0.43701543014966737
 -0.83573550265197849
 -0.99902631993877522
 -0.88088835778813113
 -0.51460144259673235
 0.14948593972267568
 0.74506978139404401
 0.99921737728844184
 0.7954628564466879
 0.37331329069111102
 -0.1539997744139284
 -0.63793063058015309
 -0.942154470878239
 -0.98097050610764491
 -0.74344414005284531
 -0.14707886180448676
 0.37979868346574014
 0.79968577434407062
 0.99429892907532436
 0.83439644825560288
 0.29212281523455474
 -0.2384284469169469
 -0.80241937129473573
 -0.99477550209621857
 -0.90690032188843428
 -0.56354853854558129
 -0.061443402872273095
 0.5884245528368427
 0.91930152612857829
 0.95935270646617288
 0.55977018449616223
 0.056884685016295664
 -0.46202540476045184
 -0.85078152047693878
 -0.99986987159396545
 -0.78104524687072752
 -0.20429823214728229
 0.46607064611856436
 0.9228576349406773
 0.98995867069760579
 0.67308558448618505
 0.1998257139877562
 -0.4701061676157352
 -0.85554577090823614
 -0.98930281167432299
 -0.66970119209764278
 -0.19534902848114336
 0.33403355580847022
 0.85790115737674111
 0.99999704150406676
 0.86039069095073661
 0.47840964299360017
 -0.038340869202523706
 -0.54429064091074519
 -0.89691206913736665
 -0.9968706156738385
 -0.71810268368909402
 -0.1102564686710175
 0.41387982000904344
 0.89892215465151504
 0.99649922065893815
 0.81335939884943442
 0.40109373891767702
 -0.27431815145547706
 -0.82402079670773087
 -0.99787968638484825
 -0.81069418388436676
 -0.39690628513585752
 0.12869133188280588
 0.73090040896810038
 0.97719711703742551
 0.94821439910075345
 0.65211677572266391
 0.17231585586531439
 -0.49463160034735398
 -0.93490880246748564
 -0.94675398435309455
 -0.64864787162786286
 -0.16781566334981443
 0.36029073216879487
 0.78690212302815765
 0.99967317322268789
 0.84578561273644137
 0.45363765018916097
 -0.066301430221190144
 -0.68670110358031222
 -0.96197253289884532
 -0.91554760551375136
 -0.44956313476372212
 0.07085739609902518
 0.69001366349639881
 0.9632098802587199
 0.9137012857252147
 0.57704637227824573
 0.077835725325658536
 -0.44330148425879001
 -0.91271066597628525
 -0.99324868398161015
 -0.79398550032498361
 -0.37105416520145407
 0.15640426668988103
 0.74972086306323504
 0.99946980542970176
 0.87535440377381724
 0.36680960194141937
 -0.16091313953951139
 -0.64330615591489837
 -0.98359273440749351
 -0.87313735691680394
 -0.50070116927545472
 0.16541865656026361
 0.64679575894735153
 0.98440632657948313
 0.93576876791745933
 0.62352227630276724
 0.1356276464261135
 -0.39047370756769212
 -0.88742900539483149
 -0.97771041097435196
 -0.73255735878347339
 -0.28104065106549286
 0.39467380942359903
 0.88952474925835712
 0.97674139966559592
 0.72944113931183219
 0.27665507201699757
 -0.25406557786989492
 -0.71321517497275089
 -0.99629304071437164
 -0.82280889842666305
 -0.2722637233521335
 0.40304923305512275
 0.81460003015372773
 0.99667549948526102
 0.89798442271365886
 0.54632837895937547
 -0.11237892729686441
 -0.60503501854745168
 -0.92725088876646378
 -0.98825733872334243
 -0.7708686642914454
 -0.18847846707131743
 0.48028401609257942
 0.8614771721404515
 0.9999895656999499
 0.85680183053574155
 0.33201973658802286
 -0.34491397485299269
 -0.77665626844055302
 -0.99995827670956638
 -0.85443809355223543
 -0.46822007794141474
 0.20191791493770106
 0.77952485025269902
 0.99025831370599715
 0.9220329719787238
 0.46418000023806977
 -0.054457467080668079
 -0.55775409884192206
 -0.958663823531413
 -0.96924177974248138
 -0.70678135287129484
 -0.24521845042178306
 0.28542324186579143
 0.83051915942393939
 0.99502073411532355
 0.70354334896897641
 0.089659652612597479
 -0.43263445476053791
 -0.90779813373614138
 -0.99455520351298077
 -0.80114302106735169
 -0.23635376620974868
 0.43674714565657252
 0.83557168503379231
 0.99406893155230902
 0.79840161743955762
 0.23191398415504591
 -0.29852630456214718
 -0.74487081737622385
 -0.99920553530800427
 -0.79564356321863605
 -0.37358996519164095
 0.30288166197292765
 0.84055450792102993
 0.99303420455296532
 0.69044528989819376
 0.22302000310262091
 -0.44903022628501127
 -0.84301965072085761
 -0.99952785308171499
 -0.79007773341932019
 -0.36510237420503017
 0.31157333638711243
 0.75394149756449369
 0.98392202571150722
 0.87224162538964778
 0.36084711315437429
 -0.16722758649698105
 -0.75693369461324622
 -0.9997667910402207
 -0.78444599596649767
 -0.20964438102052046
 0.32023901960242163
 0.85030938872444128
 0.99985498608826884
 0.78160555846728474
 0.2051769720268676
 -0.32456188852277384
 -0.85270390234153093
 -0.99992232925150604
 -0.8654595681516114
 -0.48719419138859299
 0.18071871354488481
 0.76581532309867562
 0.99996881912549695
 0.77587584210731353
 0.34375170438822139
 -0.18520834312093926
 -0.66199463213557996
 -0.95229500221321473
 -0.9284921669381585
 -0.47919780371584236
 0.18969411019386812
 0.77165665661608673
 0.99999923556248349
 0.85851507144671502
 0.47518457769598876
 -0.19417592121335117
 -0.66881251930208108
 -0.9550425787210467
 -0.92506176487489222
 -0.47116144174500413
 0.046569106180985358
 0.55118099401715992
 0.95638650520719459
 0.97115542128678756
 0.5967449144169702
 -0.051130371662921649
 -0.67557461466238566
 -0.95771048633973899
 -0.9215541948980237
 -0.59307422572688062
 0.055690570825634923
 0.55877871284850988
 0.9044571770741362
 0.96893709960678209
 0.589391168527723
 0.092977473443056291
 -0.5625601318974216
 -0.90639574008318169
 -0.99489688737652882
 -0.80313252905472288
 -0.38512327320887718
 0.14137639029589028
 0.73957771308504316
 0.97983535014433554
 0.94407036283704926
 0.51771051148844038
 -0.14589575335871732
 -0.74264371909676485
 -0.98073759098652502
 -0.94255467449628894
 -0.51379804132986961
 -0.0024130011449083398
 0.63513099580390497
 0.98161937863543991
 0.9410193292635145
 0.50987485595987014
 -0.15492525736894086
 -0.6386517167085527
 -0.98248069470148414
 -0.93946435915820192
 -0.50594103719609163
 0.0067203889368247479
 0.64215911858974739
 0.94398483325878868
 0.93788979660911109
 0.5019966670780156
 -0.011286921366840215
 -0.52139094943325148
 -0.88461754736578802
 -0.97896560863614257
 -0.73667164996259904
 -0.13711092014551146
 0.38909487068886073
 0.88673785675294214
 0.97802367687270642
 0.62111962155878608
 0.13258591413161741
 -0.39329765209298662
 -0.80838806304726429
 -0.99575307642728383
 -0.90261139310969274
 -0.55520131105284709
 -0.051389316260382116
 0.46689920659011724
 0.92321800142985255
 0.98982582367035443
 0.77759667450023651
 0.34631615638058649
 -0.33060986872416237
 -0.7669937169599218
 -0.98731308191619627
 -0.92950332252334567
 -0.6098496253683402
 -0.11839941766865417
 0.54124186939726804
 0.89530094651995662
 0.97391632980441289
 0.72062419647406539
 0.26433001605133527
 -0.26642674088350266
 -0.72213026748807363
 -0.97440748217481488
 -0.89433008413149206
 -0.5394119570616146
 -0.032539826718693002
 0.48349887264623848
 0.93030318341017226
 0.98696543630050748
 0.65830888351337591
 0.18038408634651792
 -0.34835546138023937
 -0.86562996031078954
 -0.98622021400516025
 -0.65486444091364027
 -0.17589041086871141
 0.35263248756693377
 0.78181773234395358
 0.999849134442235
 0.7596889102896649
