# Created by Octave 8.4.0, Thu Dec 11 09:16:06 2025 IST <gamana@Samsung>
# name: iq
# type: matrix
# rows: 2048
# columns: 1
 0.99706007033948296
 0.71979445629436789
 0.2631763561998442
 -0.26757933088703667
 -0.72295709950342013
 -0.97467563508643473
 -0.95182505386520067
 -0.6608424346775631
 -0.18369847411188231
 0.34519391021604329
 0.86393738386991581
 0.99995550774600939
 0.7648265315825612
 0.17920756624578818
 -0.34947630729317497
 -0.77971163284007661
 -0.9902997991842033
 -0.9219174737612722
 -0.5938281674466025
 0.054755275299491701
 0.67824652386242867
 0.95874864621098477
 0.96916833338707042
 0.59014764102010608
 0.093910099777458012
 -0.42878220469788947
 -0.90599964213760187
 -0.96803299318482094
 -0.70333136332568646
 -0.24049913052813435
 0.43290333150358423
 0.90792318296106844
 0.99452407799023024
 0.7000777311951929
 0.23606395286305812
 -0.29444976525794719
 -0.74201608110504058
 -0.98055419032676894
 -0.94286717569706102
 -0.63957158486456334
 -0.15610671630739281
 0.37133389318427351
 0.7941686056771482
 0.99929946601396091
 0.83939560763702203
 0.44303143124071781
 -0.22954859035787645
 -0.79693550001929825
 -0.99911814016401967
 -0.83690475473258974
 -0.43893273218715684
 0.082687987704054125
 0.6985532249849753
 0.96633090469441607
 0.9088150248794723
 0.56731513984147641
 -0.087238192357689898
 -0.58472599750426091
 -0.91749469515720072
 -0.99180232222068954
 -0.68315425796027018
 -0.2132303934180565
 0.45797052790453185
 0.84837275587215955
 0.99120843900269218
 0.78388889348508439
 0.35574544162475952
 -0.1726125926031557
 -0.76049336704339321
 -0.99986987159396545
 -0.86729181218418505
 -0.49039498834581952
 0.17710895112985151
 0.65579953449055062
 0.98642426628604285
 0.86500946214189989
 0.34719476272528599
 -0.32972567322589774
 -0.76639232666112789
 -0.99997550563758664
 -0.86270907240594652
 -0.4824148466015396
 0.18609049371592126
 0.76931786257913626
 0.98788296711864221
 0.92815840889903434
 0.47840964299360017
 -0.038340869202523706
 -0.54429064091074519
 -0.89691206913736665
 -0.9968706156738385
 -0.81600765127821184
 -0.40527282792603908
 0.26992376881249303
 0.72463658013187282
 0.9975720543979506
 0.89270010685443668
 0.40109373891767702
 -0.12416125786210723
 -0.72777608340200306
 -0.97621725976581863
 -0.89063280681465007
 -0.39690628513585752
 0.12869133188280588
 0.73090040896810038
 0.99816650768163051
 0.80801206196580788
 0.3927105539095615
 -0.28308966257598067
 -0.82916099457052039
 -0.99843251230666519
 -0.80531308902917487
 -0.24315027591144867
 0.28746660812444713
 0.83170518209591671
 0.9948059055471814
 0.70202611666406234
 0.087535304603103034
 -0.4345562783818383
 -0.83423202448536526
 -0.99433068714871142
 -0.69876661142307306
 -0.08298521587512632
 0.43866472620209418
 0.91058754221140992
 0.99383473207418238
 0.69549253346794615
 0.078433396498033117
 -0.57456868851859633
 -0.96426848850398295
 -0.96401990181623187
 -0.5738017680491504
 -0.07387994139958845
 0.57830034652362083
 0.91432450995893599
 0.99278065370158464
 0.68890093284016052
 0.069324945541670138
 -0.58201994412750735
 -0.96664793069210975
 -0.90829909993624047
 -0.56629770197952101
 -0.064768503918316747
 0.45500618041280882
 0.91798520548608953
 0.99164375835976593
 0.68225186464677556
 0.21202365503335402
 -0.4590680336976013
 -0.84902590539055167
 -0.99104428369290198
 -0.78312149655954333
 -0.35459098115184812
 0.32225870842005994
 0.8514298767049846
 0.99042414088762409
 0.78027343914827174
 0.20308914577979487
 -0.32657842745172744
 -0.85381609152676541
 -0.98978334287695413
 -0.67217172528928704
 -0.19861549143985219
 0.47119581278114436
 0.85618450009160074
 0.99998338686828148
 0.86208388551710813
 0.34174815640461548
 -0.18730375783299533
 -0.77010626153079897
 -0.99999928298596319
 -0.85976064685240505
 -0.33745284137923132
 0.33949636032895242
 0.77301140416510317
 0.99999432420953505
 0.85741947795759588
 0.33315048880552711
 -0.1962676204535162
 -0.77590042571686879
 -0.98943902375805948
 -0.92424961311068343
 -0.46927919879232782
 0.048699420167262614
 0.55295926305115228
 0.95700731056670041
 0.97064466785397419
 0.59503218556979909
 -0.053260199497821945
 -0.6771455249584406
 -0.95832196740132169
 -0.96953617140151371
 -0.59135571103587237
 0.057819868091764065
 0.68049887040798596
 0.99133194181980266
 0.91893247106273235
 0.4571376091762453
 -0.21414548183765864
 -0.78729410116229492
 -0.99965672575733444
 -0.84544640193264708
 -0.31153630812522931
 0.21860401502443746
 0.68716291644317073
 0.99249053843869217
 0.91529182682589483
 0.58025259939119722
 -0.071491258666853949
 -0.57183861803164726
 -0.91109728423998393
 -0.96490022720293422
 -0.69460463034444542
 -0.0772021633450269
 0.44387101636617432
 0.91297014053824677
 0.9931747655467954
 0.69131213729148444
 0.22418865208546143
 -0.44795857031246838
 -0.91482395692723983
 -0.96246141992976164
 -0.68800522698678646
 -0.21973585073413712
 0.45203678212348919
 0.91665869474579109
 0.96121189540502372
 0.56527940041679248
 -0.089698463358592009
 -0.58672791667811064
 -0.91847431573064442
 -0.95994232489362474
 -0.56150643275911605
 0.094245825128639826
 0.59041984438793671
 0.92027078201715529
 0.95865273487232627
 0.67799868370998118
 0.20635032318008584
 -0.32342755649263732
 -0.8520769343569492
 -0.99025288698631997
 -0.77950044137544672
 -0.34916032984535117
 0.17953931786032531
 0.76504373808146187
 0.98682686534507946
 0.86376751051845613
 0.48425043128684137
 -0.031681480166081341
 -0.53868862145428353
 -0.95192840572335036
 -0.92893675340063486
 -0.48024983659958298
 0.18851673627980456
 0.77089348593878015
 0.98826329219449338
 0.92723629695034715
 0.47623922634562982
 -0.19299959502625752
 -0.66792065896118524
 -0.95468642402066628
 -0.97251409436198921
 -0.60136156986289846
 0.045371365888891541
 0.67131238493471701
 0.95603558259739696
 0.9237774076299472
 0.59770660638150441
 -0.049932895571018494
 -0.55398783516922856
 -0.9573648031389832
 -0.92201904689465719
 -0.464148139626821
 0.054493383907177437
 0.55778395400348058
 0.95867405792466798
 0.92024145753600073
 0.46009830557788145
 -0.059052735788742081
 -0.68140328042767151
 -0.99149343853740313
 -0.91844467662543139
 -0.45603887622061912
 0.063610856130871932
 0.5653412151459779
 0.90781321933218118
 0.96694437685696777
 0.58296286741591263
 -0.068167649874410111
 -0.68805960798840127
 -0.96248175678768133
 -0.91479369043480918
 -0.57924634576443579
 0.072723021987780773
 0.6913662822677682
 0.96371087967815416
 0.91293956129574116
 0.44380386387911941
 -0.077276877469169419
 -0.69465853816616863
 -0.99370544782199999
 -0.91106639288515368
 -0.43970690185345124
 0.081829121348277425
 0.69793630702392573
 0.99420666880394015
 0.83487112493613869
 0.43560076978030499
 -0.086379658688501032
 -0.70119952048348844
 -0.96727755929629
 -0.90726309490466162
 -0.43148555329274274
 0.090928394588826081
 0.70444811049079614
 0.96842614017032003
 0.90533304465219033
 0.4273613382131789
 -0.24645330073170391
 -0.70768200929684
 -0.99558588756232258
 -0.82725181834082195
 -0.27982070046704954
 0.25087657493206555
 0.71090114945891436
 0.99600411379319209
 0.8246774739692172
 0.41908625650456766
 -0.25529461712429846
 -0.714105463842164
 -0.99640156844884453
 -0.89942977303686911
 -0.54908585102167817
 0.10910342712637483
 0.71729488562092358
 0.99677824324039432
 0.81947724355123819
 0.26664197777726245
 -0.40838484391845892
 -0.81797211421139282
 -0.99713413031232534
 -0.81685146595519664
 -0.40660830075807419
 0.26851643083041526
 0.72362878561645982
 0.97489269133026779
 0.95152633483001159
 0.66011209043206842
 0.18274224487078436
 -0.48539609972578496
 -0.9310964577822689
 -0.98661410065177779
 -0.65667484806848442
 -0.025807279212384109
 0.48938368325399473
 0.86671376067056971
 0.98585910900799767
 0.65322391081068121
 0.17375510394757721
 -0.49336106072996849
 -0.93438920976822137
 -0.94722344751826693
 -0.64975935062759882
 -0.016675928747218131
 0.49732814920591017
