# Created by Octave 8.4.0, Thu Dec 11 09:16:06 2025 IST <gamana@Samsung>
# name: iq
# type: matrix
# rows: 2048
# columns: 1
 0.99706007033948296
 0.71979445629436789
 0.2631763561998442
 -0.26757933088703667
 -0.72295709950342013
 -0.97467563508643473
 -0.89379434027545168
 -0.40332217000396425
 0.27197672523161615
 0.72610466550790553
 0.9977183133033527
 0.81211680656676566
 0.39913916364882279
 -0.27636844752632383
 -0.72923708866562187
 -0.99801622712169602
 -0.80944368883232731
 -0.24993486888935224
 0.42410929452530416
 0.90380080945259256
 0.96931587672916597
 0.70699443523279637
 0.24551049220311386
 -0.28513450973044718
 -0.73545624545231092
 -0.99854960836650131
 -0.80404686683955928
 -0.24108099541788655
 0.43236283667164604
 0.83288742170822871
 0.99458655204620394
 0.70050569115229744
 0.085410558434171072
 -0.436476125398505
 -0.9095788398803798
 -0.96585726208474876
 -0.57952119936716195
 -0.08085964965199921
 0.44058031145546378
 0.91146696481628098
 0.96466407232768558
 0.57579348696443622
 0.076307054549183448
 -0.57631293131307915
 -0.96483131411195144
 -0.96345076458911849
 -0.57205376644090067
 -0.071752868069691278
 0.58003896657922716
 0.96602170240438701
 0.96221736417247017
 0.56830211578808398
 0.067197185190656955
 -0.58375290518547418
 -0.91701713273622421
 -0.96096389680019023
 -0.68402937113825946
 -0.062640100920432637
 0.58745466967796534
 0.91882899113769867
 0.99136636673651912
 0.78463279521646101
 0.35686575795358699
 -0.17143145822393704
 -0.75971424992675674
 -0.98546104560661119
 -0.93360044124798824
 -0.49143957136519584
 0.023448947172842981
 0.65489389015789878
 0.98622665999936832
 0.93195438336710679
 0.6151476976129181
 0.12505201810772687
 -0.53559388212582526
 -0.89229517179135864
 -0.97541527964386687
 -0.72525496053724303
 -0.12051985628836237
 0.539444769141321
 0.89434751792973222
 0.9743987219147211
 0.60792122508734092
 0.11598518103835469
 -0.40862424436305445
 -0.81812296642813798
 -0.9969646812229912
 -0.81670014042814298
 -0.40636866435859498
 0.26876907226385538
 0.72380978565701937
 0.97495106171121826
 0.9514456324359305
 0.6599150493749707
 0.030110031711012196
 -0.61349323202917039
 -0.93119209952337212
 -0.98657129559318824
 -0.76403033079695037
 -0.17799244441910247
 0.4896123951713961
 0.9328470854580132
 0.94859455951793425
 0.52963836788862773
 -0.1320303058023965
 -0.73319467094717705
 -0.99836468747738893
 -0.80602334155402411
 -0.38961117419928509
 0.286318003155562
 0.73629247129767361
 0.97885109125774172
 0.94566435559940187
 0.52186918309512553
 0.011847420072184065
 -0.62781543718359556
 -0.9376951805861069
 -0.94416965564365596
 -0.64258870869742002
 -0.15998855098596032
 0.36768087239880365
 0.87580690915030124
 0.99943886783086799
 0.84152583106705137
 0.44655238580789536
 -0.074216236599828955
 -0.57407791745470427
 -0.96410949048091532
 -0.96417909475583619
 -0.69263648984203974
 -0.22597606066310341
 0.44631769078305872
 0.84138411242655475
 0.99285238222274652
 0.68933536277182117
 0.069922994692288284
 -0.45039966562289363
 -0.84384335826177637
 -0.99957378788416562
 -0.87372121466920871
 -0.5017386946196043
 0.16423604820363752
 0.7549478544265199
 0.99969668159732372
 0.87149073500076379
 0.49778317453547566
 -0.016151433444036755
 -0.52553613306817071
 -0.88687569161064339
 -0.97796144940880547
 -0.73337300308974884
 -0.13229028813657909
 0.39357185195279359
 0.80856359383003795
 0.99578049057298412
 0.82607197240836805
 0.27780708268757176
 -0.39776589243916055
 -0.81124225234633263
 -0.99781828131895878
 -0.72713334434054777
 -0.27341723999365541
 0.40195163755402535
 0.89312185138248557
 0.99750638142641856
 0.82089030337516489
 0.26902169520804903
 -0.40612900000404117
 -0.89516671019734817
 -0.99717367862900375
 -0.81827376236426919
 -0.40886361669740878
 0.26613636670920432
 0.81917649590739106
 0.99682017986520099
 0.81564015632847064
 0.40469179829006041
 -0.27053560075472688
 -0.72507435890065097
 -0.99761610861221961
 -0.8129895401913837
 -0.25580176557114981
 0.41860992106483791
 0.82438066428653922
 0.99792084509802448
 0.89034366212641014
 0.39632292922231288
 -0.12932149590627612
 -0.73133396242559634
 -0.97733185259986799
 -0.88825520681746439
 -0.52808142658504087
 -0.019145488278022892
 0.49518379281713676
 0.8700182802033074
 0.98472058781311855
 0.64816408847853257
 0.16718916734334063
 -0.49914612947357034
 -0.93674234064043382
 -0.98391506537880058
 -0.64467978024642647
 -0.010013047761816983
 0.62924227162023949
 0.98014054811671381
 0.94356367941495367
 0.51639813837311055
 -0.14741240706340067
 -0.63278499592379212
 -0.93990010998605222
 -0.98224247935955056
 -0.74788412868125476
 -0.15366656742847584
 0.51097035211053232
 0.94144960872359518
 0.98137545065624499
 0.74484481718296036
 0.29848911345229245
 -0.23195188933175362
 -0.79842508030580706
 -0.9990113855659839
 -0.74178997201371843
 -0.29412747756966146
 0.23639162971772915
 0.7003184896409369
 0.96696348238648455
 0.90778178968163992
 0.56527940041679248
 -0.089698463358592009
 -0.58672791667811064
 -0.96811752088496095
 -0.90585685224972345
 -0.42847753222482732
 0.094245825128639826
 0.70680891937608892
 0.96925136938056977
 0.95865273487232627
 0.55772175493586962
 -0.098791221410575017
 -0.59409945894557603
 -0.9220480561402048
 -0.99025288698631997
 -0.67463479703646312
 -0.20187974966664896
 0.46825450996007534
 0.85445833872757682
 0.9999586319136059
 0.77663172110021084
 0.19740496596936324
 -0.3320564935482308
 -0.85682192344726693
 -0.99998974295339804
 -0.86145738380298953
 -0.34058727400126604
 0.18851673627980456
 0.66451500356302839
 0.95331735554538732
 0.97356728359948941
 0.7195603208637491
 0.26285100805909306
 -0.26790424016846759
 -0.82022726859247486
 -0.99742383889171715
 -0.8145774273355405
 -0.25844214320731507
 0.27230121880568781
 0.82283104388607065
 0.99774102377887197
 0.89158429610588674
 0.39882994629126045
 -0.27669251862572475
 -0.72946779440294807
 -0.99803740086770543
 -0.8895069447213011
 -0.39463800471769866
 0.13114035477173422
 0.61997607397048027
 0.97771859182372267
 0.94742697280711508
 0.52652270811644564
 0.017311311182923683
 -0.49677673522365212
 -0.87092125115799168
 -0.9843994710296855
 -0.64676603917887232
 -0.012745109367646898
 0.62711640397435597
 0.93738286894452327
 0.98358570375047472
 0.64327632135886925
 0.0081786417543016701
 -0.63066698845287272
 -0.93896368106054662
 -0.94295452778891731
 -0.51482631406600432
 0.1492265986468464
 0.6342044204286742
 0.94052491117439774
 0.98189664881965666
 0.7466650879372424
 0.30109568094123251
 -0.22929330316701357
 -0.69508966027877517
 -0.99377242836424529
 -0.91081907787510319
 -0.4391683835773984
 0.082426600067351322
 0.69836552224373061
 0.96626338538553846
 0.90892441789562195
 0.43506105404562229
 -0.086976906331164811
 -0.7016268198592065
 -0.96742949194927785
 -0.9607043079886981
 -0.68334577293270737
 -0.21348663706973042
 0.31651233945367091
 0.75734881886213667
 0.99978031252525268
 0.86968556933719121
 0.35599055457862572
 -0.17235424060308335
 -0.76032302855692135
 -0.9856197642320309
 -0.86742234684153008
 -0.35171930379742294
 0.17685080841905051
 0.65560150530830985
 0.98638116107680518
 0.9316143409800689
 0.61440890274510263
 -0.028950497499741039
 -0.53638468848563203
 -0.95108791243206647
 -0.92994486488287587
 -0.48264457491927476
 0.033514987101304058
 0.66247079180869495
 0.95248874330969102
 0.92825599487008159
 0.60717720135664366
 -0.038078777750887242
 -0.66588474714962409
 -0.95386971012119892
 -0.92654776616293766
 -0.60354231895386923
 -0.11051714876850045
 0.41364104130242635
 0.82127528094718671
 0.99652111377909025
 0.81351195702580037
 0.2566695505195406
 -0.41779443979418884
 -0.90079963176166622
 -0.97100369805400089
 -0.59623486975544926
 -0.10143517182540703
 0.55551415395589532
 0.95789314023449235
 0.92130728613903012
 0.5925624553559925
 -0.056325047540602191
 -0.67940099123065623
 -0.99113411896468162
 -0.84866937008156818
