# Created by Octave 8.4.0, Thu Dec 11 09:16:06 2025 IST <gamana@Samsung>
# name: iq
# type: matrix
# rows: 2048
# columns: 1
 0.99706007033948296
 0.81741217677477895
 0.2631763561998442
 -0.41166286191191009
 -0.89785314323009247
 -0.99669975492155383
 -0.81477298767905471
 -0.25876789299367536
 0.41582037352034329
 0.89985447880301794
 0.99631865342087256
 0.71342420240216764
 0.10359543274975808
 -0.41996921323270014
 -0.9018370479926181
 -0.9704283499248888
 -0.59431041673833829
 0.054156660896962569
 0.55750403353697353
 0.90380080945259256
 0.96931587672916597
 0.59063151170131145
 0.094506937438585861
 -0.42824053105714127
 -0.90574572222887484
 -0.99505071406714374
 -0.80404686683955928
 -0.38654055032865986
 0.28950866682443271
 0.83288742170822871
 0.99878506466934591
 0.80132327513146184
 0.23664647091041779
 -0.436476125398505
 -0.83540614555488213
 -0.99410164801316581
 -0.69723937173125705
 -0.23220701116232156
 0.29823877688491174
 0.83790744708233544
 0.99359601208065884
 0.795826014291943
 0.373869386604954
 -0.15340739435657474
 -0.7477099918286475
 -0.99936643867810504
 -0.87681701130020206
 -0.36962995372724544
 0.15791844437680813
 0.64098073219064022
 0.9434767811546485
 0.93842165869421512
 0.50332471182795113
 -0.0097507775814606734
 -0.52007944302982734
 -0.8839001337219804
 -0.99872344485238629
 -0.73770965602296679
 -0.28832635562389775
 0.24227936376794221
 0.80478052944019018
 0.99848235643527605
 0.73461889791047752
 0.13410842343763146
 -0.39188476247376564
 -0.88813469650019505
 -0.99822044475942118
 -0.73151281938767621
 -0.12958157197863263
 0.53173182534861707
 0.89022421691831999
 0.97641149517605841
 0.72839148523155783
 0.12505201810772687
 -0.53559388212582526
 -0.89229517179135864
 -0.99763417391420772
 -0.82193656840597684
 -0.27078809389396219
 0.40445193887085795
 0.89434751792973222
 0.9743987219147211
 0.60792122508734092
 0.11598518103835469
 -0.54328440608521777
 -0.95358806728458312
 -0.9268997341204479
 -0.47544962248554806
 0.041705882764596969
 0.5471127128822183
 0.95495322397815896
 0.9723046650902295
 0.60064404025869844
 0.10690866857780772
 -0.4169432030477333
 -0.82334089515210096
 -0.99780093100154443
 -0.81139558397687261
 -0.25315947834227942
 0.42108968274909531
 0.90236996494666444
 0.99580452529075758
 0.80871789563453389
 0.24873889534825208
 -0.42522738066342897
 -0.90432863318207168
 -0.96901155714552578
 -0.70612049614130767
 -0.24431312492717491
 0.42935621049938855
 0.90626844172607091
 0.99492723749659617
 0.80331197793003184
 0.23988225937810825
 -0.43347608615063532
 -0.90818935012412527
 -0.99445746524175327
 -0.80058386130778225
 -0.23544639110632265
 0.29505700746927255
 0.74244194177693867
 0.98067870320139328
 0.88058739468803771
 0.51405646439116126
 -0.15011424342459914
 -0.74549348365907853
 -0.99924231199376601
 -0.8784141246596503
 -0.37272368253927118
 0.15462763684080572
 0.74852947834240957
 0.98242450771086454
 0.87622253538456674
 0.50620086350751381
 -0.0064191446934956159
 -0.51723086013975772
 -0.94388538104184005
 -0.93799426797162899
 -0.62848598639690056
 0.01098568930287583
 0.52113386311773913
 0.94538379920820492
 0.97902702699783795
 0.62492735376650566
 0.13740931956298558
 -0.38881734154671543
 -0.88659855654745923
 -0.97808644142219958
 -0.62135568833296584
 -0.13288449926953011
 0.52890718330563458
 0.88870159436007923
 0.97712545794276662
 0.61777106458305009
 0.12835690768192648
 -0.39721578392478346
 -0.89078609838175804
 -0.99785768142665632
 -0.82382969408846374
 -0.2739938510167535
 0.25674197731389409
 0.71515280292566097
 0.97210288979435833
 0.89877436420064549
 0.4135728135876256
 -0.11059162740069406
 -0.71833732746926005
 -0.97316389613177423
 -0.89676289601115911
 -0.40941064781652259
 0.26555843582412669
 0.81883250830413812
 0.99686777156496353
 0.7180776501989149
 0.11022071766582678
 -0.41391256458337461
 -0.89893791293310132
 -0.97201528829675887
 -0.5996561969540295
 0.047501800152673058
 0.55195984246030783
 0.95665883394443718
 0.9709323531193822
 0.71169124950496054
 0.10113845243725826
 -0.55576212891349452
 -0.90290150563228622
 -0.99569075802413742
 -0.80799086900373729
 -0.24754254243781962
 0.28312416121273076
 0.82918110175267723
 0.99525687875389923
 0.80529176356133636
 0.38847348785946451
 -0.1377789612471641
 -0.62521865425110601
 -0.97910298922187333
 -0.9452620882248215
 -0.64513795681808295
 -0.010612519844126429
 0.5025798571863066
 0.87419394648307691
 0.99954491894284536
 0.84332102103461049
 0.44953100410935642
 -0.22247354961983337
 -0.79252720497175122
 -0.99296800256705919
 -0.84085803344299925
 -0.44544703957558268
 0.22692348795870262
 0.69333775430174116
 0.99349826896703219
 0.83837750983358095
 0.44135378528429337
 -0.23136869382886627
 -0.69662135093078159
 -0.96563363617287878
 -0.9099366016055852
 -0.43725132659997279
 0.23580907452596009
 0.69989041958487663
 0.96681048611430065
 0.96137707243596526
 0.68512078785332353
 0.21586387531466605
 -0.45557197083872231
 -0.84694227072087613
 -0.99972633443905379
 -0.87088442248734499
 -0.49671169676217664
 0.16995617082962328
 0.75873979406764036
 0.98520555414963917
 0.8686308609726765
 0.35399672753549227
 -0.17445466609343432
 -0.65376164503981937
 -0.9489019627736488
 -0.93249620882864648
 -0.48876403164850379
 0.02651744823474227
 0.657210456600686
 0.98672970031970908
 0.9308370836132025
 0.61272480455341882
 0.12200606815118613
 -0.40308215197583813
 -0.89367668162933689
 -0.97473425416316417
 -0.60910936462077547
 0.035646446504003219
 0.66406688989070484
 0.9531361518906446
 0.9274606306198625
 0.47676629402108173
 -0.19241132777952227
 -0.66747436862954301
 -0.95450783195983091
 -0.92574337325759704
 -0.6018404516588296
 0.044772471175195144
 0.67086792725114253
 0.9558596058549732
 0.92400680960145565
 0.4687179486717028
 -0.049334130498314532
 -0.67424749498310488
 -0.9571914453849667
 -0.92225097586733729
 -0.46467907137845199
 0.20583701845338415
 0.78202607935758106
 0.99984327321874167
 0.75947152679779528
 0.1710637797767971
 -0.35721435179430017
 -0.7848641044962863
 -0.99141523092163131
 -0.91868164503724958
 -0.45657232870511422
 0.21476617089501793
 0.78768576136543023
 0.99200199459009886
 0.91686822237936105
 0.58344985888275414
 -0.067569528206502957
 -0.68762445181076515
 -0.9925680701471753
 -0.84265668830487783
 -0.44842749913276869
 0.072125092364577786
 0.57235982405592067
 0.96355067000154482
 0.964733146222856
 0.57600790846049943
 -0.076679152360381836
 -0.57609856620207622
 -0.96476233464793859
 -0.9635209932503046
 -0.5722688754972225
 0.08123161321943638
 0.69750684096234183
 0.9941420522542519
 0.83520096912764985
 0.43614032895789234
 -0.23700904545673229
 -0.8015464740955528
 -0.9946252616293646
 -0.90751506135436888
 -0.43202630015226667
 0.24144316256866286
 0.70402248268821932
 0.99508772818509117
 0.83014331309076361
 0.4279032614774641
 -0.24587224440542177
 -0.7072583139584484
 -0.99552944227673668
 -0.82758848976759469
 -0.2803962053016209
 0.39529065787235679
 0.88983132295181788
 0.9765972079093872
 0.61582691218738228
 0.12590699365792546
 -0.39948131127991876
 -0.89190578465060499
 -0.97560483350051963
 -0.7258480145675128
 -0.27161758295798555
 0.40366363354108759
 0.81498929978546353
 0.99737262689592032
 0.81982067902291533
 0.26721972914681169
 -0.40783753743386086
 -0.89599886333126233
 -0.97355906735272113
 -0.71953534158774446
 -0.11230446368529416
 0.54639114332341265
 0.9546971286337752
 0.97250571827806354
 0.60133283008040084
 0.10776547669751235
 -0.41615974210615986
 -0.90001719850236539
 -0.97143208768508127
 -0.5976777681181199
 -0.10322424227048561
 0.420307869326838
 0.8254379645890646
 0.99588301417514713
 0.70995395480620216
 0.24957350437095055
 -0.42444723106514864
 -0.8280072300048078
 -0.99545866787097126
 -0.70673045804282175
 -0.24514870580811454
 0.28549218899299805
 0.83055922740508159
 0.99501356136680352
 0.70349222248000676
 0.089588001646971172
 -0.43269931297509179
