# Created by Octave 8.4.0, Thu Dec 11 09:16:06 2025 IST <gamana@Samsung>
# name: iq
# type: matrix
# rows: 2048
# columns: 1
 0.99706007033948296
 0.81741217677477895
 0.40749676511192734
 -0.26757933088703667
 -0.82003431881388944
 -0.99669975492155383
 -0.71661680183738552
 -0.10813648706951674
 0.41582037352034329
 0.82263935911185238
 0.9977183133033527
 0.81211680656676566
 0.25435403320662997
 -0.27636844752632383
 -0.82522724334078956
 -0.99801622712169602
 -0.80944368883232731
 -0.39494783328271993
 0.28075440618218883
 0.82779791753061049
 0.99549412439592866
 0.80675369022336518
 0.24551049220311386
 -0.42824053105714127
 -0.83035132807013867
 -0.99505071406714374
 -0.80404686683955928
 -0.38654055032865986
 0.13985542515412888
 0.73854284938133441
 0.99878506466934591
 0.80132327513146184
 0.3823247730738224
 -0.29387678624149521
 -0.83540614555488213
 -0.99410164801316581
 -0.69723937173125705
 -0.08085964965199921
 0.5725748770931568
 0.96362080435019881
 0.96466407232768558
 0.57579348696443622
 0.076307054549183448
 -0.57631293131307915
 -0.91333608119151988
 -0.96345076458911849
 -0.57205376644090067
 -0.071752868069691278
 0.44876103338158679
 0.84285757488642232
 0.99951855157608782
 0.87461208566586512
 0.36538281225045838
 -0.16242620102223765
 -0.64447925512746196
 -0.94498052573775193
 -0.93683411263050442
 -0.49937338518631758
 0.16693057028402239
 0.64796433750803051
 0.98467487951336408
 0.9352270289765664
 0.49541164415814748
 -0.018883252709112678
 -0.65143590665126416
 -0.98546104560661119
 -0.93360044124798824
 -0.61874172821212581
 0.023448947172842981
 0.53173182534861707
 0.89022421691831999
 0.99793771528696562
 0.72839148523155783
 0.12505201810772687
 -0.40027119857025584
 -0.81283679053972591
 -0.99763417391420772
 -0.82193656840597684
 -0.41469690979581653
 0.25996060960367884
 0.71747761179131575
 0.97287896944569174
 0.95421733651916474
 0.54504354703316671
 -0.11390231364833965
 -0.7206512132819296
 -0.99715393876895353
 -0.89528358719251666
 -0.54120910228613728
 -0.034674352783172553
 0.48162826828313782
 0.92951769366217263
 0.9514456324359305
 0.6599150493749707
 0.030110031711012196
 -0.61349323202917039
 -0.9759566197678079
 -0.95003000237158464
 -0.65647701852210572
 -0.025545082696878618
 0.4896123951713961
 0.9328470854580132
 0.94859455951793425
 0.52963836788862773
 -0.1320303058023965
 -0.73319467094717705
 -0.9779066548749713
 -0.94713933381100757
 -0.64955995649615195
 -0.016413681660202538
 0.62425433944085562
 0.93609865989502394
 0.98424111581431162
 0.75511982966047653
 0.164494764015997
 -0.36343022125511892
 -0.8735936030877316
 -0.99958141038069237
 -0.84398406755565658
 -0.4506338234743309
 0.06966135126844894
 0.57033270963107596
 0.96288695422024306
 0.9141878894328731
 0.44655238580789536
 -0.22572055441760619
 -0.69244728475509543
 -0.96410949048091532
 -0.96417909475583619
 -0.5742926551933929
 -0.074477793700477926
 0.44631769078305872
 0.84138411242655475
 0.99285238222274652
 0.79193364505529973
 0.36792477034572635
 -0.15972964099951256
 -0.7519452059868672
 -0.98337572251258365
 -0.93778628091338123
 -0.5017386946196043
 0.011585155087853634
 0.52164543106267169
 0.94557904321004638
 0.93619088246932725
 0.49778317453547566
 -0.016151433444036755
 -0.64936051767992853
 -0.98499315626050998
 -0.86924208047228424
 -0.49381727322850888
 0.020717374963544161
 0.52941587506541732
 0.94851151593640592
 0.97699778963959916
 0.61729952884911965
 0.12776233975286863
 -0.39776589243916055
 -0.81124225234633263
 -0.99618918079676655
 -0.90050656061068934
 -0.55114847945818168
 0.106647885100269
 0.71557170856524011
 0.97224333165312371
 0.95503102527647488
 0.66878354895063952
 0.19413769499189698
 -0.33519734327953327
 -0.85853505300654542
 -0.98843983512506073
 -0.66538142519188515
 -0.18965584981998099
 0.47923200562359664
 0.92850663698750324
 0.95228310934829397
 0.66196542496401622
 0.032840916452987139
 -0.48323515238183556
 -0.93019264499265608
 -0.95087934728715373
 -0.53581535530827096
 0.12479178969424104
 0.6149408894302183
 0.97635482996805922
 0.94945575472370036
 0.65509208035033761
 0.023711157232476316
 -0.49121112914774684
 -0.86775773336314854
 -0.98550557398912264
 -0.7598847751608806
 -0.1716898524875731
 0.49518379281713676
 0.8700182802033074
 0.98472058781311855
 0.64816408847853257
 0.16718916734334063
 -0.49914612947357034
 -0.87226068289134251
 -0.99965672575733444
 -0.84544640193264708
 -0.31153630812522931
 0.36513865163940556
 0.79010162031504583
 0.99249053843869217
 0.91529182682589483
 0.58025259939119722
 -0.071491258666853949
 -0.57183861803164726
 -0.96338046964987745
 -0.96490022720293422
 -0.69460463034444542
 -0.22863677800280582
 0.30173875618225021
 0.74711355698670412
 0.99933408385256284
 0.87724832130168195
 0.50803901515625172
 -0.0042864402721787022
 -0.64029139418445169
 -0.98287592588523542
 -0.87504698682238213
 -0.3662183487781972
 0.31043378884142714
 0.8448263018309673
 0.99206806997202313
 0.68468396839564494
 0.21527846681165561
 -0.31477163936862168
 -0.84726086568929992
 -0.99148368207262383
 -0.78518905320560317
 -0.35770425901355962
 0.17054692241431579
 0.75913017088655255
 0.99983384877874237
 0.78235290523988077
 0.35343597986706526
 -0.32342755649263732
 -0.76209490119393808
 -0.99990666682747809
 -0.77950044137544672
 -0.34916032984535117
 0.17953931786032531
 0.65766218888049544
 0.95051960352096865
 0.97561272956226286
 0.61225090867551668
 0.12141102097190457
 -0.40363072384035797
 -0.89394552532936078
 -0.97460016917982983
 -0.72272407480947987
 -0.11687683236262683
 0.5425304763448201
 0.89598288993909425
 0.99703417447419029
 0.7195603208637491
 0.11234020629758215
 -0.41197016019304566
 -0.82022726859247486
 -0.99667232388470672
 -0.71638156055294167
 -0.25844214320731507
 0.41612703440426646
 0.82283104388607065
 0.99774102377887197
 0.81191999367161027
 0.25402788856811498
 -0.42027523032400022
 -0.82541765911308806
 -0.99588627415353737
 -0.80924562749002904
 -0.39463800471769866
 0.13114035477173422
 0.61997607397048027
 0.97771859182372267
 0.88741104275028515
 0.39043783300440948
 -0.28545771561406558
 -0.83053919395180253
 -0.99501714838476762
 -0.70351778617963279
 -0.089623827187757507
 0.5653412151459779
 0.90781321933218118
 0.99455145437254244
 0.80112149333480798
 0.23631881496075158
 -0.29419909994775784
 -0.83559144587430434
 -0.99901471413331877
 -0.7983799583331106
 -0.37778881381560825
 0.29856063441505654
 0.74489481655070955
 0.99920696820001331
 0.7956217731899673
 0.22743433812111521
 -0.30291594242750181
 -0.74793387261845989
 -0.98225653615836761
 -0.93987451980311765
 -0.63272696759215707
 0.0055214035258760244
 0.64123953205676343
 0.94358849556734636
 0.93830509815306196
 0.62918402735208534
 0.14281988564772793
 -0.52036743992919077
 -0.88405779351868652
 -0.97920953288405665
 -0.73748195008814421
 -0.13829850545761893
 0.38799006792188778
 0.88618295094858357
 0.99846372804915795
 0.73439005846064775
 0.28362722468448237
 -0.24703426848143711
 -0.70810545029073779
 -0.96970115421624037
 -0.90312686476827797
 -0.42268497007417344
 0.25145686109895288
 0.71132264799552403
 0.97080666254414638
 0.90115662367122262
 0.55239718669227666
 -0.10515904404881884
 -0.71452501113115185
 -0.9964522021328357
 -0.89916758903474137
 -0.54858470737123244
 0.10969933265927975
 0.60288605549076435
 0.92623792677698591
 0.95411641469722341
 0.54476078736602618
 0.038900987211602449
 -0.60652321135819354
 -0.97400162091040132
 -0.89513330545907011
 -0.4060605193418762
 0.26909386979366645
 0.72404242682852316
 0.99751166747468134
 0.8930881406545097
 0.5370789445299804
 -0.12330609336432669
 -0.72718478695228606
 -0.97603006659610958
 -0.9499246819238828
 -0.65622259989165388
 -0.025207970311606029
 0.48990640385738971
 0.93296852388111462
 0.94848777721381872
 0.65276987015171895
 0.17316468790596914
 -0.49388243535298704
 -0.86927912638004867
 -0.98498021969111815
 -0.6493035269555244
 -0.016076505177411264
