# Created by Octave 8.4.0, Thu Dec 11 09:16:06 2025 IST <gamana@Samsung>
# name: iq
# type: matrix
# rows: 2048
# columns: 1
 0.99706007033948296
 0.81741217677477895
 0.2631763561998442
 -0.41166286191191009
 -0.82003431881388944
 -0.99669975492155383
 -0.71661680183738552
 -0.25876789299367536
 0.41582037352034329
 0.89985447880301794
 0.97152058492562143
 0.71342420240216764
 0.10359543274975808
 -0.41996921323270014
 -0.9018370479926181
 -0.99591677378527643
 -0.80944368883232731
 -0.24993486888935224
 0.42410929452530416
 0.82779791753061049
 0.9982933274023793
 0.88756644408310237
 0.52680937032475517
 0.017648480643128749
 -0.49648404018293579
 -0.87075548362775734
 -0.99973243577145421
 -0.84708169348121221
 -0.31445154230134043
 0.36227941227075194
 0.78821639611625471
 0.99211040285063745
 0.84464582685674738
 0.31011321061357677
 -0.22006481733715735
 -0.79101851933410983
 -0.99267257301273648
 -0.84219234522037123
 -0.30576841154300655
 0.22451727661408843
 0.79380414593267479
 0.99932172244443662
 0.74688936492934765
 0.30141723570001927
 -0.37501452045592854
 -0.79657321781796253
 -0.99373479575595003
 -0.91095823285371369
 -0.5715619408474234
 0.082090521919315831
 0.69812411955698905
 0.99423482618450487
 0.834726723741544
 0.43536466339879998
 -0.086640958364850085
 -0.58423955633417979
 -0.91725607877992499
 -0.99187874960179634
 -0.68359193739244539
 -0.21381607161106853
 0.31619243755180926
 0.8480552264261183
 0.99128758100646241
 0.78426098528443078
 0.20935274634661827
 -0.46149364166221007
 -0.92085560177722303
 -0.99067573919877039
 -0.78141948139773487
 -0.3520349582153795
 0.32484398121003566
 0.85285967026973009
 0.99004323693862828
 0.77856168107880996
 0.34775691095553296
 -0.181012047936218
 -0.76600708392244765
 -0.98706798589555911
 -0.93006880782054413
 -0.61106639304019938
 0.033177953663624922
 0.53994946709703096
 0.95238598048070489
 0.97426376220703059
 0.72168845298289652
 0.26581129234256295
 -0.40917133979595066
 -0.8184675601388407
 -0.99719895765191047
 -0.81635404255404231
 -0.40582081906933309
 0.26934646894041164
 0.72422331303918408
 0.97508422786670002
 0.95126092405016316
 0.65946449936692297
 0.029510794185211624
 -0.48614937486377335
 -0.86485977345968701
 -0.98647320061060673
 -0.65602466714103314
 -0.024945769805903319
 0.49013503876520476
 0.86714330313380428
 0.99987463852894498
 0.85093822053706958
 0.32137181495173944
 -0.35546668344393723
 -0.78370367285990949
 -0.99116893315155996
 -0.84853061319897349
 -0.4582356449188979
 0.21293898995673863
 0.68293642097259744
 0.99176416681488366
 0.91761328397652675
 0.58496792371446682
 0.087535304603103034
 -0.56706950284859436
 -0.96180860780868604
 -0.96640760301753192
 -0.69876661142307306
 -0.23428092150626556
 0.43866472620209418
 0.83674146904181346
 0.99910557284759449
 0.88001857142836226
 0.51302763845452037
 -0.15129955681067098
 -0.6358241714083338
 -0.94123516614937197
 -0.94071519142080873
 -0.63463770798433317
 -0.14978083507796
 0.37726975861216061
 0.79804230380062968
 0.99903943388803229
 0.74221599171755737
 0.29473478291070099
 -0.23577411851732263
 -0.69986472738088246
 -0.96680129528766523
 -0.90804815142170425
 -0.56580348860755936
 -0.064170247112106324
 0.58621320130821164
 0.91822281255190064
 0.96012018944754285
 0.68181343439185327
 0.21143774299753279
 -0.31850060931094082
 -0.75871636278541432
 -0.98519938904705062
 -0.93414872472583044
 -0.49277430233986058
 0.17441924733844569
 0.76168329982111138
 0.9998977829126533
 0.86637714798772159
 0.48879541234463364
 -0.026481490628189865
 -0.53429847644323081
 -0.89160194216412103
 -0.99773840525520874
 -0.82280889842666305
 -0.2722637233521335
 0.25847978690737416
 0.81460003015372773
 0.99667549948526102
 0.82020497693964378
 0.41193465256280293
 -0.26288860537240277
 -0.81724033068424484
 -0.99703717267924208
 -0.81758395015242558
 -0.26346408361643603
 0.26729194131945894
 0.72275100630780531
 0.99737805275365465
 0.89392806025096938
 0.40359507107527787
 -0.27168970291739925
 -0.72589955901361203
 -0.97562128220467814
 -0.95050749689694547
 -0.65763283346315771
 -0.027077783140936822
 0.6158859527171735
 0.97661332256795064
 0.94907870267296035
 0.53093826783813081
 -0.13051034219984139
 -0.73215118337030183
 -0.97758499574919422
 -0.94763011549894172
 -0.52706285719970591
 -0.017946686627818027
 0.49622512062933249
 0.93555826476904047
 0.9461617655850344
 0.64725057740346958
 0.16600691573910265
 -0.50018473218917059
 -0.93716134359552705
 -0.98370017111308861
 -0.64376273216445556
 -0.16150184399745757
 0.36625460912711483
 0.87506584803313325
 0.98286874460503271
 0.6402614613121933
 0.15699340414954244
 -0.37050017663321139
 -0.87726702659573019
 -0.99933266123041298
 -0.83988321914591291
 -0.44383609738396534
 0.077241014743698058
 0.6946326628985664
 0.96491046005590719
 0.96337002017561679
 0.69044528989819376
 0.071452390564100507
 -0.58028433571778482
 -0.91530752200688814
 -0.99248577109342961
 -0.68713460571437668
 -0.21856598958803702
 0.45310597118269247
 0.91713724432509891
 0.99191663943339137
 0.78727007391579995
 0.21410741789964374
 -0.31590947212643722
 -0.8478971419823893
 -0.9997667910402207
 -0.8699990676795073
 -0.49514993771103277
 0.17172824148515309
 0.65166443713484334
 0.94802476147324022
 0.97732360187174472
 0.61850503921920286
 -0.023750114016889992
 -0.65512152190560613
 -0.98627644195257136
 -0.8654595681516114
 -0.48719419138859299
 0.18071871354488481
 0.76581532309867562
 0.98702013134949329
 0.86316272100472013
 0.4832010361090513
 -0.18520834312093926
 -0.76874400590054903
 -0.99999445474069881
 -0.77298668273926852
 -0.1917494444772776
 0.33748952312738967
 0.8597805469246087
 0.99999923556248349
 0.77008140280426618
 0.18726547958237305
 -0.4813668650123139
 -0.86210363238193932
 -0.99998316149114752
 -0.76716006289163718
 -0.18277760928289324
 0.48536465083533137
 0.9310833362059745
 0.95012306242617495
 0.53375867004965782
 0.025843237453617048
 -0.61685844223677111
 -0.93273959151661701
 -0.9486889126393494
 -0.52989132973952036
 -0.021277787586463391
 0.49332977261206301
 0.86896482228164296
 0.98508974636418734
 0.75830029419775258
 0.3178953226161827
 -0.21206173668037664
 -0.7859773146643847
 -0.99971032950275429
 -0.8465834875396222
 -0.3135621962710235
 0.21652236713460116
 0.68561191540660993
 0.96156248358398699
 0.96663794996779306
 0.699408540105661
 0.083879842947545857
 -0.57008769495754075
 -0.91021611766474197
 -0.99393386739348821
 -0.69613732157130026
 -0.079328356297880168
 0.5738336819821519
 0.91209785256361786
 0.99342125967229156
 0.69285158515640288
 0.22626658887462139
 -0.44605077170474
 -0.9139605657447335
 -0.96303809447365774
 -0.68955139938468246
 -0.070220514796892591
 0.58128967641094287
 0.96641761755445421
 0.9617979407123759
 0.6862368330812747
 0.065664349888776924
 -0.45420655489758949
 -0.84612607961908715
 -0.99968929171411081
 -0.87163696318853046
 -0.35969506676312935
 0.31708096505067956
 0.75774016515413423
 0.98494163591257178
 0.86938949423547329
 0.35543026044102649
 -0.32140871534676829
 -0.76071229679451158
 -0.9857208902953204
 -0.86712389424355929
 -0.35115804165319037
 0.32572976269335335
 0.85334839777662097
 0.99993695870507238
 0.77797348089658391
 0.19949528290394211
 -0.47040377545094553
 -0.92473524121230355
 -0.95529683067236215
 -0.54808336655674661
 -0.04286488531363869
 0.47442876563596731
 0.92646373697704298
 0.9885755490076189
 0.77220259583605411
 0.33829780222421985
 -0.19090652020502316
 -0.77244156263341179
 -0.99999694595634003
 -0.85788113451621073
 -0.33399682605863357
 0.34294512241960362
 0.86272877776806922
 0.99997523213711059
 0.76636729425171868
 0.18156329611815283
 -0.34723130615429604
 -0.86502901377401642
 -0.99993266392534941
 -0.8531522147574826
 -0.46603616913778467
 0.20433637786943065
 0.67648463831794114
 0.95806510063107053
 0.96975568465880058
 0.59207943375671812
 -0.056923589632934479
 -0.67984076546067163
 -0.95936370282194827
