# Created by Octave 8.4.0, Thu Dec 11 09:16:06 2025 IST <gamana@Samsung>
# name: iq
# type: matrix
# rows: 2048
# columns: 1
 0.99706007033948296
 0.71979445629436789
 0.2631763561998442
 -0.26757933088703667
 -0.72295709950342013
 -0.99739959216031482
 -0.89379434027545168
 -0.53840448048633571
 0.12174574039319934
 0.61251750219373202
 0.9756866937503218
 0.89173695753970295
 0.39913916364882279
 -0.126277206267076
 -0.72923708866562187
 -0.97667740455693652
 -0.88966097771079677
 -0.39494783328271993
 0.28075440618218883
 0.73235430365016874
 0.97764774684509548
 0.88756644408310237
 0.52680937032475517
 0.017648480643128749
 -0.49648404018293579
 -0.87075548362775734
 -0.98445874839776404
 -0.7559288889967074
 -0.16571279352017626
 0.36227941227075194
 0.78821639611625471
 0.99961637728604458
 0.84464582685674738
 0.31011321061357677
 -0.36653212183670031
 -0.79101851933410983
 -0.99947947189198894
 -0.74991820004097443
 -0.15669884238927639
 0.50832944618280662
 0.94041029539182541
 0.98196046852828767
 0.63651683455885644
 -0.00061748905173052778
 -0.51225682209534928
 -0.87959183670055963
 -0.99914313223323781
 -0.8372327419467338
 -0.29705977382799137
 0.37924403260955986
 0.79932567724122838
 0.99423482618450487
 0.90906497418168908
 0.56780872985143183
 0.066599024229182319
 -0.58423955633417979
 -0.91725607877992499
 -0.99187874960179634
 -0.78708613347960132
 -0.36056893869878703
 0.16752163237433296
 0.64842084563481195
 0.94665791726123827
 0.93501460739056352
 0.49489079104069511
 -0.019482646357389975
 -0.52836776250192941
 -0.94811962245698522
 -0.93338546174226766
 -0.49091736807458636
 0.17651889277400565
 0.76306347130970409
 0.98632564038788906
 0.93173685042504906
 0.48693370707140277
 -0.028613416223251562
 -0.65878935756162205
 -0.98706798589555911
 -0.86301208685108277
 -0.48293989111003849
 0.18550142810862433
 0.76893472152711884
 0.98778974619014315
 0.86069606453987113
 0.47893600348116838
 -0.037741799180791728
 -0.66563312401798547
 -0.98849090621939795
 -0.85836209249050632
 -0.47492212768549869
 0.042304857596161642
 0.66903422027829129
 0.98917145136069295
 0.85601021937775568
 0.33057309196900747
 -0.34635271246754379
 -0.77762117540992637
 -0.99994309558021077
 -0.76403033079695037
 -0.17799244441910247
 0.4896123951713961
 0.86684455914106351
 0.99988395123660889
 0.76107601527488455
 0.32193945930560336
 -0.35490626986012647
 -0.86911238135537339
 -0.98503839069289045
 -0.75810582758173006
 -0.1689975465227028
 0.49755567898470887
 0.93609865989502394
 0.94566435559940187
 0.52186918309512553
 0.011847420072184065
 -0.50151179753412556
 -0.8735936030877316
 -0.99958141038069237
 -0.84398406755565658
 -0.4506338234743309
 0.06966135126844894
 0.57033270963107596
 0.9103395938539478
 0.96538036905262048
 0.6959231720412592
 0.23042228230537098
 -0.29998927131410252
 -0.83890731960218134
 -0.99338706034829882
 -0.69263648984203974
 -0.074477793700477926
 0.57781115293558072
 0.96531192032584046
 0.91044811152414251
 0.57054813287203821
 0.069922994692288284
 -0.58153233821740702
 -0.96649421867844976
 -0.96171624803204947
 -0.68601985967528778
 -0.21706957207182662
 0.31302987997501996
 0.7549478544265199
 0.99969668159732372
 0.87149073500076379
 0.35941675965785358
 -0.1687390302799123
 -0.75793475849732128
 -0.99979872672709624
 -0.86924208047228424
 -0.35515146651018259
 0.17323849331905522
 0.65282663806760977
 0.98577106854626595
 0.93294154673311502
 0.61729952884911965
 -0.025282884424066471
 -0.53328457614273284
 -0.89105836659263005
 -0.97601375467033502
 -0.72713334434054777
 -0.27341723999365541
 0.25732133973037058
 0.71557170856524011
 0.97224333165312371
 0.89851137326958597
 0.54733224038238693
 -0.11118743406544458
 -0.71875427025180472
 -0.97330167495113762
 -0.89649744755550087
 -0.54350458674249169
 -0.037404816318760435
 0.47923200562359664
 0.92850663698750324
 0.98773715340256729
 0.76871908322971561
 0.18517004939254975
 -0.48323515238183556
 -0.86318239617788683
 -0.98701387251156136
 -0.65853561950740669
 -0.18068038726057722
 0.48722822131491544
 0.93185925391478641
 0.94945575472370036
 0.65509208035033761
 0.023711157232476316
 -0.61853565886702822
 -0.97733185259986799
 -0.94801236134682287
 -0.65163487930751562
 -0.1716898524875731
 0.49518379281713676
 0.93513413588735561
 0.98472058781311855
 0.64816408847853257
 0.01457942004615246
 -0.49914612947357034
 -0.93674234064043382
 -0.94506629297245326
 -0.64467978024642647
 -0.16268499548422688
 0.36513865163940556
 0.79010162031504583
 0.99952665500974269
 0.75090784312405601
 0.15817743084431238
 -0.50703949142794102
 -0.93990010998605222
 -0.94204138792272474
 -0.63767090251296954
 -0.15366656742847584
 0.3736261111647376
 0.79566716792130066
 0.99356634228954255
 0.8380505755510308
 0.44081575119861865
 -0.080598222732407257
 -0.57930743003644081
 -0.91482395692723983
 -0.96246141992976164
 -0.56904057922395446
 -0.068092886001361541
 0.58302375281096053
 0.96696348238648455
 0.90778178968163992
 0.56527940041679248
 -0.089698463358592009
 -0.58672791667811064
 -0.96811752088496095
 -0.95994232489362474
 -0.68134843078258478
 -0.05897792840350171
 0.59041984438793671
 0.96925136938056977
 0.90391302325552925
 0.55772175493586962
 -0.098791221410575017
 -0.59409945894557603
 -0.9220480561402048
 -0.99025288698631997
 -0.67463479703646312
 -0.049858050913958639
 0.46825450996007534
 0.9238061010348807
 0.95601360429414595
 0.67125684091562299
 0.04529650493705354
 -0.47228473929239162
 -0.92554488003732771
 -0.95466411877607582
 -0.66786488579440773
 -0.040734014305628702
 0.60506365761878733
 0.97358439673447417
 0.95329472382463132
 0.66445900241171152
 0.18844314139406976
 -0.34065773071631095
 -0.77379427491261488
 -0.9889505977893237
 -0.92551650307139577
 -0.60136156986289846
 0.045371365888891541
 0.67131238493471701
 0.95603558259739696
 0.9237774076299472
 0.46818829390851685
 -0.049932895571018494
 -0.55398783516922856
 -0.9573648031389832
 -0.97034689319511946
 -0.70997928631879803
 -0.09871664971980694
 0.55778395400348058
 0.95867405792466798
 0.92024145753600073
 0.46009830557788145
 -0.059052735788742081
 -0.68140328042767151
 -0.99149343853740313
 -0.91844467662543139
 -0.58666723142977939
 0.063610856130871932
 0.5653412151459779
 0.90781321933218118
 0.96694437685696777
 0.70026499464550118
 0.23631881496075158
 -0.29419909994775784
 -0.74184022576927944
 -0.98050268395307083
 -0.88101247234590618
 -0.37778881381560825
 0.1492265986468464
 0.6342044204286742
 0.94052491117439774
 0.98189664881965666
 0.7466650879372424
 0.15185361630993485
 -0.51254640924252104
 -0.87975221252868729
 -0.98102139639313612
 -0.74361952882577431
 -0.29673775849055872
 0.23373594883195828
 0.79952826721899239
 0.99892815261664103
 0.83454098068776961
 0.29237364760094314
 -0.23817371995497297
 -0.80226282355669942
 -0.99474869226751583
 -0.83201627094256037
 -0.43094465135510163
 0.091525398699506169
 0.70487348511119874
 0.96857542285893772
 0.9594266923029664
 0.68000451891008395
 0.2090229862197191
 -0.46179277882615533
 -0.92098703315352426
 -0.95812906786081409
 -0.55619814582020222
 0.10061656235602887
 0.71132264799552403
 0.99605747492512753
 0.82433824438349557
 0.41854186373866809
 -0.25587420960649715
 -0.71452501113115185
 -0.9964522021328357
 -0.89916758903474137
 -0.41439002875065545
 0.10969933265927975
 0.60288605549076435
 0.97295691831292452
 0.95411641469722341
 0.54476078736602618
 -0.11423733350010555
 -0.60652321135819354
 -0.97400162091040132
 -0.89513330545907011
 -0.5409255064241385
 0.11877295193178608
 0.72404242682852316
 0.97502601079265327
 0.9513417760410976
 0.5370789445299804
 0.029772961920549099
 -0.48592015540831529
 -0.9313149733479128
 -0.9499246819238828
 -0.53322118190329848
 0.12783666325953147
 0.73031198170342548
 0.99811397490226272
 0.88894197826965471
 0.39350296080787661
 -0.28226302332939512
 -0.82867893930670933
 -0.99838390828355505
 -0.80582370010764326
 -0.24398610906956891
