# Created by Octave 8.4.0, Thu Dec 11 09:16:06 2025 IST <gamana@Samsung>
# name: iq
# type: matrix
# rows: 2048
# columns: 1
 0.99706007033948296
 0.8958330830115131
 0.54224716769547932
 0.035908561572159783
 -0.60890133064396568
 -0.97467563508643473
 -0.95182505386520067
 -0.53840448048633571
 0.12174574039319934
 0.72610466550790553
 0.9977183133033527
 0.89173695753970295
 0.39913916364882279
 -0.27636844752632383
 -0.72923708866562187
 -0.97667740455693652
 -0.94898469904253735
 -0.65396009222976592
 -0.17471292102219657
 0.35375141607369498
 0.86850088041626661
 0.99982764492782827
 0.75891061748844191
 0.31878331613078459
 -0.2111462234393818
 -0.68159522404935846
 -0.99152754231630602
 -0.91834089914126482
 -0.58645480711822251
 0.06387260574650877
 0.5655575416944385
 0.90792318296106844
 0.966877464742528
 0.58274974275466684
 0.084813229831986955
 -0.56931784686309095
 -0.96255289322519511
 -0.9146877172569069
 -0.44765705097149988
 0.072984607991762596
 0.57306627895981621
 0.91171342092136254
 0.99352809498320716
 0.7954628564466879
 0.37331329069111102
 -0.1539997744139284
 -0.63793063058015309
 -0.98230569151471603
 -0.93978491259906771
 -0.50674880414080337
 0.0057836823226367819
 0.51668688773089189
 0.94367531037086794
 0.98007362009303423
 0.62898014459081497
 -0.010350251264736661
 -0.52059139660806109
 -0.94517646960071533
 -0.93662425339424948
 -0.62542333140588668
 -0.13803873810039718
 0.38823179124436774
 0.88630444548282983
 0.97821854915588147
 0.73421201448290707
 0.13351431092211144
 -0.52836776250192941
 -0.94811962245698522
 -0.93338546174226766
 -0.61827065004495774
 0.024048282052691987
 0.53223945734323408
 0.89049714453735651
 0.97628187600863758
 0.72798059751291655
 0.2746049511819631
 -0.2561277524118542
 -0.71470848232620454
 -0.99647424175558452
 -0.82159495582841269
 -0.27021093937455071
 0.26053945541214196
 0.81583521236402634
 0.99726570321822938
 0.81898303909962988
 0.26581129234256295
 -0.40917133979595066
 -0.89664680196432855
 -0.97322421740503984
 -0.71851977171296921
 -0.26140610184024543
 0.41333399829856854
 0.89865934540983339
 0.99654916134521687
 0.71533610577853302
 0.10631258127998891
 -0.55142982772784532
 -0.95647358368258695
 -0.97108426039629825
 -0.59650556024492263
 0.051428232491258427
 0.55523372073924604
 0.95779626121622063
 0.96998389281815456
 0.59283406142640771
 -0.055988358703845706
 -0.55902603440189202
 -0.9045843610622607
 -0.99531849785788795
 -0.70569586549307994
 -0.092680508055636157
 0.56280668962743263
 0.96038166485395848
 0.96772249425417678
 0.70245292795551217
 0.23930021665734427
 -0.29126409986974627
 -0.73977842583670239
 -0.99887378497716794
 -0.88246046011956136
 -0.38062901780274139
 0.14619080877256765
 0.74284342228831535
 0.98079580514366582
 0.94245500051237052
 0.51354214370764828
 0.0021147486843296568
 -0.6353613396672978
 -0.94103251339940608
 -0.9816119409268943
 -0.63510089645229451
 0.002451968787792662
 0.51383147181467992
 0.88046307274605584
 0.9990655247378426
 0.74261762234268391
 0.14585720244600886
 -0.38094083378193982
 -0.80042666836970566
 -0.99885772825792152
 -0.83371513570537759
 -0.29094148332762448
 0.38515923490199494
 0.88475658864781193
 0.97890471388091427
 0.62445921898958623
 0.13681547761836058
 -0.52553613306817071
 -0.88687569161064339
 -0.97796144940880547
 -0.62088584817830406
 -0.13229028813657909
 0.52941587506541732
 0.88897629886156937
 0.97699778963959916
 0.61729952884911965
 0.12776233975286863
 -0.53328457614273284
 -0.89105836659263005
 -0.99781828131895878
 -0.82348972479342486
 -0.27341723999365541
 0.40195163755402535
 0.89312185138248557
 0.97500936502297297
 0.61008834407497825
 -0.034412226326070341
 -0.66314302366827793
 -0.95276179274796713
 -0.9739846416439677
 -0.60646362901863526
 -0.1141628857655048
 0.54482362820236752
 0.95413885114572949
 0.97293960590383544
 0.6028262662184477
 -0.043538697587652483
 -0.5486473611136512
 -0.95549601106452198
 -0.97187427959669481
 -0.59917633153129735
 0.04810061880376932
 0.55245965203411107
 0.95683324420089355
 0.92272770475762633
 0.46577226419855994
 -0.052661536885855127
 -0.55626042145876686
 -0.90315903864523062
 -0.9696828445732264
 -0.59183905123294156
 0.057221356716363872
 0.56004959012291766
 0.90511013570477716
 0.99519837909198194
 0.80493618572279035
 0.3879209992123559
 -0.13837272295586953
 -0.62568642452632262
 -0.93674234064043382
 -0.94506629297245326
 -0.64467978024642647
 -0.010013047761816983
 0.50309805648286454
 0.93833100971718231
 0.98308902348526839
 0.75090784312405601
 0.30719361949593094
 -0.36938623316022245
 -0.87669086913002936
 -0.98224247935955056
 -0.74788412868125476
 -0.30284452437160619
 0.3736261111647376
 0.79566716792130066
 0.99356634228954255
 0.9115748296758901
 0.57278989074160702
 -0.080598222732407257
 -0.57930743003644081
 -0.91482395692723983
 -0.99263176838203893
 -0.790812165192052
 -0.21973585073413712
 0.45203678212348919
 0.91665869474579109
 0.96121189540502372
 0.56527940041679248
 -0.089698463358592009
 -0.58672791667811064
 -0.96811752088496095
 -0.90585685224972345
 -0.42847753222482732
 0.094245825128639826
 0.70680891937608892
 0.99546921963032331
 0.90391302325552925
 0.42434680629691318
 -0.098791221410575017
 -0.59409945894557603
 -0.970365004227011
 -0.9573431522354271
 -0.67463479703646312
 -0.20187974966664896
 0.46825450996007534
 0.85445833872757682
 0.98960650546753481
 0.77663172110021084
 0.19740496596936324
 -0.3320564935482308
 -0.85682192344726693
 -0.98893948579507385
 -0.66786488579440773
 -0.19292606540949148
 0.33636061951733709
 0.85916763922364559
 0.98825184187956794
 0.66445900241171152
 0.036170674170068154
 -0.48031556574649814
 -0.92896449571977835
 -0.9875435880617639
 -0.66103926179696526
 -0.031606579698358631
 0.61231015769750341
 0.93064526108400769
 0.98681473911223938
 0.76499547748818508
 0.32767464277460195
 -0.20195314414651017
 -0.77954738047339189
 -0.99026332165106024
 -0.92201904689465719
 -0.59403917778321069
 -0.09871664971980694
 0.55778395400348058
 0.95867405792466798
 0.92024145753600073
 0.46009830557788145
 -0.21088984649677303
 -0.68140328042767151
 -0.95996331965004555
 -0.91844467662543139
 -0.45603887622061912
 0.063610856130871932
 0.68473858428850043
 0.96123256142768809
 0.96694437685696777
 0.58296286741591263
 0.085074564858861945
 -0.56910219984820576
 -0.96248175678768133
 -0.96576984171147617
 -0.57924634576443579
 -0.080523528307652692
 0.57285131597583161
 0.91160563668947248
 0.96457516552375233
 0.57551774398311595
 -0.077276877469169419
 -0.69465853816616863
 -0.96491990446587583
 -0.96336037320867463
 -0.69041926913453366
 -0.22298493867120009
 0.30726493315548692
 0.84303899794670245
 0.99248136912938811
 0.68710847180785017
 0.21853088889063887
 -0.31160751590123287
 -0.75396512742134258
 -0.98392844930791656
 -0.93671610823552076
 -0.49908119296237063
 0.16726305010571701
 0.64822115199523045
 0.94657336656161561
 0.97827295958773519
 0.62205885630624247
 -0.019220412485174646
 -0.52814506197965061
 -0.94803620646607956
 -0.9334795565583065
 -0.4911458537354722
 0.17626072228136108
 0.76289392539196699
 0.98628238008474745
 0.86544154726569933
 0.34800281151606666
 -0.32891195782272448
 -0.85509928273339597
 -0.9894281587390571
 -0.67034093276055851
 -0.044062760124450776
 0.60240764654280876
 0.92601178368240689
 0.98875556026373002
 0.77296386191977384
 0.33942587214412534
 -0.33752338274773352
 -0.77167953460243732
 -0.98845119397121139
 -0.85849662577286689
 -0.47515292767449607
 0.19421120669451822
 0.66883926026355789
 0.95505324215194976
 0.97222579552915267
 0.60037439234906187
 -0.046605037363985337
 -0.67222720714079276
 -0.95639701164548396
 -0.97114684364983439
 -0.59671605039669295
 -0.10203156538250441
 0.5550155623611589
 0.95772083556631227
 0.97004763859141163
 0.70910904562404031
 0.24841225888832305
 -0.28226302332939512
 -0.73342394586459891
 -0.99838390828355505
 -0.80582370010764326
 -0.24398610906956891
