# Created by Octave 8.4.0, Thu Dec 11 09:16:06 2025 IST <gamana@Samsung>
# name: iq
# type: matrix
# rows: 2048
# columns: 1
 0.99706007033948296
 0.81741217677477895
 0.40749676511192734
 -0.26757933088703667
 -0.82003431881388944
 -0.99669975492155383
 -0.81477298767905471
 -0.40332217000396425
 0.12174574039319934
 0.72610466550790553
 0.9977183133033527
 0.89173695753970295
 0.39913916364882279
 -0.27636844752632383
 -0.72923708866562187
 -0.97667740455693652
 -0.94898469904253735
 -0.53068550131166847
 0.13080603864129745
 0.61971144815431445
 0.97764774684509548
 0.94753482023462876
 0.52680937032475517
 0.017648480643128749
 -0.62328907253604104
 -0.97859770037839833
 -0.88545340033792985
 -0.38654055032865986
 0.28950866682443271
 0.83288742170822871
 0.99878506466934591
 0.80132327513146184
 0.23664647091041779
 -0.29387678624149521
 -0.74161405106639489
 -0.99899969140049327
 -0.79858297189933158
 -0.37810102247061
 0.29823877688491174
 0.7446697864578582
 0.99919348408392272
 0.795826014291943
 0.22776270875812374
 -0.30259454778575384
 -0.84039127412617853
 -0.99936643867810504
 -0.79305245980539629
 -0.22331365638335027
 0.30694400810481892
 0.75073460377554946
 0.98304095823534621
 0.93842165869421512
 0.50332471182795113
 -0.0097507775814606734
 -0.64447925512746196
 -0.98386817811504812
 -0.87238892007601454
 -0.36112805074835524
 0.16693057028402239
 0.64796433750803051
 0.94646456283791902
 0.9352270289765664
 0.49541164415814748
 -0.018883252709112678
 -0.52785867935254538
 -0.94792886150570133
 -0.93360044124798824
 -0.61874172821212581
 0.023448947172842981
 0.53173182534861707
 0.94937339120327868
 0.93195438336710679
 0.48745724964467341
 -0.1804224147503094
 -0.76562156587699015
 -0.98697170672481427
 -0.86331479112535514
 -0.34403458148482718
 0.18491229583117941
 0.66176881208249749
 0.98769617024506995
 0.92860399486731282
 0.47946219183674782
 -0.037142715594454159
 -0.66518560712459007
 -0.98840003545151311
 -0.9268997341204479
 -0.47544962248554806
 0.19388039544994554
 0.77436263562652718
 0.98908328766509801
 0.85631998444584667
 0.47142713767571365
 -0.19835842695893965
 -0.67197750908508203
 -0.95629846520908701
 -0.9712272096662482
 -0.59698662027215366
 0.050829512641400787
 0.55473501691758409
 0.90236996494666444
 0.97012949938713156
 0.59331675018393693
 0.097823237881506209
 -0.42522738066342897
 -0.82849014143618427
 -0.99836468747738893
 -0.88699683797548301
 -0.5257592578226381
 -0.016413681660202538
 0.49755567898470887
 0.87136207831000456
 0.99970310675110219
 0.84642470283328231
 0.31327897070961552
 -0.21681353546072546
 -0.68582900348661102
 -0.99226447206662238
 -0.84398406755565658
 -0.4506338234743309
 0.22126935221527527
 0.68914533015244894
 0.99282104490079037
 0.84152583106705137
 0.30459234863209911
 -0.22572055441760619
 -0.69244728475509543
 -0.99335691254234948
 -0.91232751373217513
 -0.4424616353320619
 0.23016704923830103
 0.69573479843258723
 0.96531192032584046
 0.9629577125917067
 0.57054813287203821
 -0.083321268984552388
 -0.58153233821740702
 -0.91592396357618688
 -0.96171624803204947
 -0.68601985967528778
 -0.065366737446402923
 0.5852413956952025
 0.91774726849180999
 0.96045472696749501
 0.68269004969697578
 0.060809116983152368
 -0.58893824801691086
 -0.91955143387160576
 -0.99112415953073163
 -0.7834941685839707
 -0.35515146651018259
 0.32169112912610048
 0.76090585590764914
 0.99987992114534174
 0.86697529797926964
 0.48984107340721511
 -0.17773434348514575
 -0.7638610846955558
 -0.99994026315875784
 -0.86469043479524876
 -0.34659874936696677
 0.33032554306011602
 0.76680038323000432
 0.98726520282524977
 0.92961438575819666
 0.48185811012784718
 -0.18671483023342564
 -0.769723690212191
 -0.98798139365844539
 -0.92792170728734635
 -0.60646362901863526
 0.038975868375956735
 0.66655425462834572
 0.98867698022951811
 0.85772783948271503
 0.33371568541195351
 -0.19567974137969191
 -0.66995158466004767
 -0.98935194803207749
 -0.85537113379660201
 -0.32940729198072294
 0.34751098647196554
 0.86517861545497698
 0.99992915833028506
 0.76323296473450009
 0.17677705112349806
 -0.35178945268142309
 -0.78125578834147202
 -0.99986437470970757
 -0.76027435081049699
 -0.32076998583533983
 0.35606058235383559
 0.869722556749563
 0.98482480954644724
 0.64862049466800065
 0.015178857643599331
 -0.49862655892901125
 -0.9365323341203855
 -0.98402198209493885
 -0.75430961863744106
 -0.3121059213139159
 0.21801897161530401
 0.78973399687906265
 0.99241702790969344
 0.91553313734541952
 0.44953100410935642
 -0.22247354961983337
 -0.69003969817690514
 -0.96321954664810927
 -0.91368666731604986
 -0.44544703957558268
 0.22692348795870262
 0.69333775430174116
 0.96443664802979368
 0.91182114243432699
 0.5732812025212044
 0.073246188974974799
 -0.44742250073204154
 -0.84205089924673893
 -0.99270423190419643
 -0.68844016679241615
 -0.068690986243704441
 0.58253657800469949
 0.91641892573554706
 0.9921432504235741
 0.68512078785332353
 0.064134350968190881
 -0.58624234246306972
 -0.91823705848225556
 -0.96011013199408302
 -0.68178712078250292
 -0.059576378176591699
 0.45963249696403663
 0.92003604147862239
 0.95882316854271554
 0.55821925975154996
 -0.098194632385580516
 -0.59361711625913305
 -0.97021996340050698
 -0.90220907079050061
 -0.55442447309244725
 -0.050456800295622002
 0.46772470795091431
 0.85414673094241289
 0.99995299922151237
 0.86406943966609229
 0.4847748679069947
 -0.031082271478345323
 -0.53818343962477888
 -0.95174459425370317
 -0.97473425416316417
 -0.60910936462077547
 0.035646446504003219
 0.66406688989070484
 0.98817153428625504
 0.85943593837696164
 0.47676629402108173
 -0.19241132777952227
 -0.77341438789128647
 -0.99999198125360811
 -0.85709227829338019
 -0.47274705089475788
 0.19689069525206784
 0.67086792725114253
 0.98953093577264317
 0.92400680960145565
 0.4687179486717028
 -0.049334130498314532
 -0.55348863374498325
 -0.9017236907083076
 -0.97049162886470242
 -0.71040134292978407
 -0.25018881911059687
 0.42387175357822654
 0.90368853347506051
 0.96938031739622599
 0.70717990245368956
 0.094768043247161982
 -0.42800350042979229
 -0.90563452989963877
 -0.96824878958938965
 -0.58715262114053235
 -0.090220902426703026
 0.56484660844744916
 0.96106708211217839
 0.91686822237936105
 0.58344985888275414
 0.085671880057528363
 -0.56860914539770646
 -0.9623189105935428
 -0.91503567851806067
 -0.57973492883124911
 -0.081121071009057535
 0.57235982405592067
 0.91135903725470646
 0.99362561351995793
 0.69414733525730998
 0.22801809023772057
 -0.30234455038368657
 -0.74753580353931093
 -0.98214392732476352
 -0.87694309315205521
 -0.36987364886653651
 0.30669437559828905
 0.84271640179536644
 0.99951037938318776
 0.87473921650293274
 0.36562694772596338
 -0.31103780472960529
 -0.75357116913722322
 -0.99964284468553211
 -0.87251709724699622
 -0.4996006065460008
 0.014054907842664553
 0.64776454196252897
 0.9846291034754957
 0.93531985772929782
 0.49563946141864407
 -0.018621015841164639
 -0.52763589580741488
 -0.88801412508603927
 -0.97744277563395865
 -0.61894775499252752
 0.023186735500072695
 0.53150967624598833
 0.94929096237321153
 0.97646809321439842
 0.72857116629725449
 0.27543350650641918
 -0.25529461712429846
 -0.8126839849710944
 -0.99765217058657929
 -0.72543551228183079
 -0.1207802233251128
 0.53922390280909605
 0.89423014886649888
 0.99732901840245536
 0.81947724355123819
 0.26664197777726245
 -0.40838484391845892
 -0.81797211421139282
 -0.99713413031232534
 -0.81685146595519664
 -0.26223782635529558
 0.41254911937971112
 0.82059061821265755
 0.99746922224264523
 0.81420865299611456
 0.40243190678191099
 -0.12271114227330605
 -0.61328608606029378
 -0.9310964577822689
 -0.95011184358475875
 -0.65667484806848442
 -0.025807279212384109
 0.61688675308117347
 0.93275256001014872
 0.98585910900799767
 0.76124612228590061
 0.32218776733811588
 -0.20763187017247733
 -0.6789609728205056
 -0.9910542876521572
 -0.84898630942477415
 -0.45900145740906112
 0.060285513420233333
