# Created by Octave 8.4.0, Thu Dec 11 09:16:06 2025 IST <gamana@Samsung>
# name: iq
# type: matrix
# rows: 2048
# columns: 1
 0.99706007033948296
 0.81741217677477895
 0.2631763561998442
 -0.26757933088703667
 -0.82003431881388944
 -0.99669975492155383
 -0.71661680183738552
 -0.10813648706951674
 0.54989853666459632
 0.89985447880301794
 0.97152058492562143
 0.59797692748566744
 0.10359543274975808
 -0.41996921323270014
 -0.82522724334078956
 -0.99801622712169602
 -0.88966097771079677
 -0.39494783328271993
 0.13080603864129745
 0.61971144815431445
 0.97764774684509548
 0.88756644408310237
 0.52680937032475517
 -0.13533214306748165
 -0.62328907253604104
 -0.93566355795921996
 -0.94606518067421075
 -0.64702319695337762
 -0.013082302230897626
 0.50044297299076146
 0.87299192731282182
 0.99961637728604458
 0.75293139567673473
 0.31011321061357677
 -0.36653212183670031
 -0.8752101648306293
 -0.98281373076484568
 -0.74991820004097443
 -0.15669884238927639
 0.50832944618280662
 0.8774101499200383
 0.98196046852828767
 0.74688936492934765
 0.15218691789985109
 -0.51225682209534928
 -0.94195336044907441
 -0.93998963405957092
 -0.6329880670983572
 -0.14767181956608888
 0.51617351493844721
 0.88175517967331396
 0.99894370498287544
 0.834726723741544
 0.29269611680139745
 -0.23784618978820501
 -0.70138649497904204
 -0.9673440726117527
 -0.96079785708328713
 -0.68359193739244539
 -0.062041763045416379
 0.45743750616528306
 0.8480552264261183
 0.99128758100646241
 0.78426098528443078
 0.35630566381819206
 -0.17202205632633658
 -0.65189063542320946
 -0.94811962245698522
 -0.93338546174226766
 -0.49091736807458636
 0.024048282052691987
 0.53223945734323408
 0.94956155470422277
 0.93173685042504906
 0.48693370707140277
 -0.181012047936218
 -0.65878935756162205
 -0.95098368393158716
 -0.97528298882685538
 -0.61106639304019938
 -0.11992470052882938
 0.40500014806224366
 0.89461555903131029
 0.99726570321822938
 0.72168845298289652
 0.11538970234524717
 -0.54378762121797686
 -0.89664680196432855
 -0.97322421740503984
 -0.71851977171296921
 -0.1108522977199087
 0.41333399829856854
 0.82108283884711719
 0.99654916134521687
 0.81370802101913009
 0.40164283463597866
 -0.27374159579893415
 -0.72736480393270331
 -0.976087115172108
 -0.94984269133657262
 -0.5329992784866211
 0.12809678987676251
 0.73049112569938079
 0.99813004161283114
 0.8888218168869445
 0.52912975935153383
 0.020380225184827103
 -0.62115016073397611
 -0.97803180066825379
 -0.88671984235211354
 -0.52524920526344476
 0.1371495197763625
 0.62472257242825535
 0.93630935971701046
 0.984134927684575
 0.75472666710096414
 0.16390339698880679
 -0.3639886666551847
 -0.87388519838325185
 -0.98331443318542888
 -0.6421292465344145
 -0.15939674058782213
 0.50597464915570589
 0.93947771061620244
 0.94245500051237052
 0.63862173069241412
 0.15488675998232163
 -0.50990837753160867
 -0.87828874934801482
 -0.99925248579709669
 -0.83872373119254717
 -0.29966756480902224
 0.37671448817543773
 0.79768089846240808
 0.9990655247378426
 0.83622815318000376
 0.29530760337493717
 -0.38094083378193982
 -0.88261903416678134
 -0.99885772825792152
 -0.83371513570537759
 -0.29094148332762448
 0.2396276262838915
 0.7026928983702091
 0.99490081834697564
 0.83118473117740399
 0.42959307273497971
 -0.24405878165923398
 -0.70593475145094076
 -0.96894673588189228
 -0.90444055412780355
 -0.55874639580788033
 0.097562209492346161
 0.59310560008093594
 0.970065839412798
 0.95769927327928239
 0.67554588354773948
 0.051091454836268826
 -0.46716293429097694
 -0.92333257210777409
 -0.95637512183597873
 -0.55114847945818168
 0.106647885100269
 0.60043432000801411
 0.92507656477813749
 0.95503102527647488
 0.66878354895063952
 0.041967936110490878
 -0.60407993511190405
 -0.92680126506087157
 -0.98843983512506073
 -0.66538142519188515
 -0.037404816318760435
 0.60771295218366916
 0.97433972013122938
 0.89446482546867812
 0.53966559836386452
 -0.12025948096078005
 -0.61133329545709125
 -0.9753574455450581
 -0.89241354939925388
 -0.40051154007206008
 0.27492919280489736
 0.82438066428653922
 0.99605082436071568
 0.7112699746563621
 0.25138433026619494
 -0.42275288344574552
 -0.90315903864523062
 -0.9696828445732264
 -0.70805253408118418
 -0.24696165236387882
 0.28369908452689208
 0.73444091888983309
 0.9782884930647664
 0.88614822702694929
 0.52419790220779638
 -0.13837272295586953
 -0.7375325586554845
 -0.99871016201380958
 -0.80221808549423934
 -0.23810093781279595
 0.43512852706753002
 0.90895566155885299
 0.96624408194516875
 0.698311884064443
 0.23366308595342544
 -0.29680932037190372
 -0.74366963050838819
 -0.98103592407932882
 -0.94204138792272474
 -0.51248206157902254
 0.15192768482357455
 0.74671493460754579
 0.99931202944930153
 0.87753594764229947
 0.50855529701815605
 -0.15643979414568326
 -0.63983078090230217
 -0.98276527951328996
 -0.93893789853280041
 -0.63060883078210594
 -0.14463532063038551
 0.51880002299952621
 0.94448967275556528
 0.97958001227093605
 0.62705803109328695
 -0.012820041241621906
 -0.5226986699188424
 -0.94598017464972417
 -0.97865164003263161
 -0.73563393581916581
 -0.13559200846936478
 0.3905068220229197
 0.88744558510144256
 0.97770285810336988
 0.73253287317743021
 0.28100613039472744
 -0.24968090147450372
 -0.71003205735290709
 -0.970365004227011
 -0.9573431522354271
 -0.67463479703646312
 -0.20187974966664896
 0.32774544257114785
 0.85445833872757682
 0.98960650546753481
 0.77663172110021084
 0.34487739811668311
 -0.3320564935482308
 -0.76797662005141698
 -0.99998974295339804
 -0.77374680424103814
 -0.34058727400126604
 0.18851673627980456
 0.77089348593878015
 0.99999999929803707
 0.85912929147213657
 0.33629004696919496
 -0.34065773071631095
 -0.77379427491261488
 -0.9889505977893237
 -0.92551650307139577
 -0.47221868416594392
 0.045371365888891541
 0.67131238493471701
 0.98961727890937345
 0.85441940454648735
 0.46818829390851685
 -0.20195314414651017
 -0.77954738047339189
 -0.99990564019671446
 -0.85203770817596947
 -0.3233566452854974
 0.35350608027650443
 0.86837084011363574
 0.99983247997102931
 0.75908138870197783
 0.1704730818139559
 -0.35777423772728167
 -0.78523545681431273
 -0.99973846832989566
 -0.84722105796878744
 -0.31470050977912667
 0.21535164711011798
 0.68473858428850043
 0.99207748702807963
 0.84478620458292519
 0.3103625522847524
 -0.21980895658447358
 -0.79085802944057393
 -0.99948789907851565
 -0.84233373325760386
 -0.30601812220757368
 0.22426168196300064
 0.6913662822677682
 0.99318350320331317
 0.91293956129574116
 0.57551774398311595
 0.075970812445554814
 -0.57658848534133278
 -0.91347334786286249
 -0.96336037320867463
 -0.69041926913453366
 -0.22298493867120009
 0.30726493315548692
 0.75095733059333059
 0.99952895764717375
 0.87444854332560251
 0.50303329145536235
 -0.16275893470427472
 -0.64473706499241601
 -0.98392844930791656
 -0.93671610823552076
 -0.49908119296237063
 0.014654350036806126
 0.64822115199523045
 0.94657336656161561
 0.97827295958773519
 0.62205885630624247
 0.13377424106472693
 -0.39219498831718441
 -0.88828962711363857
 -0.99820027893006624
 -0.73128285119524605
 -0.27924509506351897
 0.25145686109895288
 0.81036587949062577
 0.99605747492512753
 0.82433824438349557
 0.41854186373866809
 -0.10515904404881884
 -0.71452501113115185
 -0.97189192478739406
 -0.89916758903474137
 -0.41439002875065545
 0.10969933265927975
 0.60288605549076435
 0.92623792677698591
 0.98866573230137467
 0.77258336771307723
 0.33886189807850309
 -0.33808764542683351
 -0.77206068735916977
 -0.98854186490453733
 -0.92654776616293766
 -0.60354231895386923
 -0.11051714876850045
 0.41364104130242635
 0.89880721535633923
 0.99652111377909025
 0.81351195702580037
 0.40133398604391574
 -0.12390100013857708
 -0.61423269444159323
 -0.9315331541943076
 -0.94973717885534303
 -0.65577011586513889
 -0.024608652350957341
 0.49042894838602247
 0.86731120967855868
 0.98565747509285939
 0.76046806291977498
 0.32105246423163464
 -0.3557818599547613
 -0.78391308801466753
 -0.9997849683101554
