# Created by Octave 8.4.0, Thu Dec 11 09:16:06 2025 IST <gamana@Samsung>
# name: iq
# type: matrix
# rows: 2048
# columns: 1
 0.99706007033948296
 0.81741217677477895
 0.40749676511192734
 -0.26757933088703667
 -0.72295709950342013
 -0.97467563508643473
 -0.89379434027545168
 -0.53840448048633571
 0.12174574039319934
 0.72610466550790553
 0.9756866937503218
 0.95041478686084535
 0.65740811854692949
 0.026779638075654512
 -0.6161208997466926
 -0.93240144544834269
 -0.98602164326815445
 -0.7618765189682617
 -0.17471292102219657
 0.35375141607369498
 0.78256289391760381
 0.99982764492782827
 0.75891061748844191
 0.31878331613078459
 -0.2111462234393818
 -0.78539783471713998
 -0.99152754231630602
 -0.84708169348121221
 -0.31445154230134043
 0.21560776862847272
 0.6849297096298741
 0.99211040285063745
 0.91652386521001739
 0.58274974275466684
 -0.068429320412764685
 -0.56931784686309095
 -0.96255289322519511
 -0.9146877172569069
 -0.57903252519821957
 -0.080262094262641887
 0.57306627895981621
 0.96378086250028872
 0.96450593995209644
 0.57530323197111466
 -0.077538373483401396
 -0.69484718481991314
 -0.9649887322131383
 -0.96328999306189333
 -0.5715619408474234
 -0.071154896496347181
 0.58052721149389108
 0.96617647717373156
 0.90906497418168908
 0.56780872985143183
 0.066599024229182319
 -0.58423955633417979
 -0.9673440726117527
 -0.90715275704229548
 -0.43124892776542673
 0.091189587921087126
 0.70463424304951916
 0.96849149417710867
 0.9052216213146459
 0.56026686158099936
 -0.095736315726760557
 -0.70786729603693477
 -0.99561046985879564
 -0.82710443109173448
 -0.27956888546549696
 0.39608211065021354
 0.89022421691831999
 0.97641149517605841
 0.72839148523155783
 0.27518135912083291
 -0.40027119857025584
 -0.81283679053972591
 -0.99763417391420772
 -0.72525496053724303
 -0.12051985628836237
 0.40445193887085795
 0.81548838195195372
 0.99730982697147408
 0.8193268979110363
 0.41053706793381189
 -0.26436759761487083
 -0.7206512132819296
 -0.97392517113889421
 -0.95284142018813345
 -0.54120910228613728
 0.11843811123967478
 0.72380978565701937
 0.97495106171121826
 0.9514456324359305
 0.53736337067249562
 0.030110031711012196
 -0.61349323202917039
 -0.93119209952337212
 -0.98657129559318824
 -0.65647701852210572
 -0.17799244441910247
 0.35063314737503665
 0.78048430577675221
 0.99047064063879786
 0.8512529665268137
 0.46282140941885924
 -0.055988358703845706
 -0.67915351091042064
 -0.99108925768113243
 -0.91965447150011992
 -0.58915019910744659
 -0.092680508055636157
 0.56280668962743263
 0.90652169075643541
 0.96772249425417678
 0.58545405011465856
 -0.065105013155937183
 -0.68582900348661102
 -0.99226447206662238
 -0.91602919982827036
 -0.58174569153089484
 0.06966135126844894
 0.68914533015244894
 0.96288695422024306
 0.96538036905262048
 0.6959231720412592
 0.23042228230537098
 -0.44222640802835655
 -0.91222008763525775
 -0.99338706034829882
 -0.69263648984203974
 -0.22597606066310341
 0.3043425181213476
 0.74892687579832318
 0.98253623478184693
 0.87593347296118218
 0.5056837509888833
 -0.0070186351243288854
 -0.6423877224089799
 -0.98337572251258365
 -0.93778628091338123
 -0.62801956676063164
 -0.14133781382581198
 0.38515923490199494
 0.80315574545163138
 0.99862910069091138
 0.83118473117740399
 0.42959307273497971
 -0.093016272330551625
 -0.58942264809752398
 -0.96894673588189228
 -0.90444055412780355
 -0.55874639580788033
 0.097562209492346161
 0.59310560008093594
 0.92156932342057896
 0.99042414088762409
 0.78027343914827174
 0.20308914577979487
 -0.32657842745172744
 -0.85381609152676541
 -0.99994663618800206
 -0.77740910920537365
 -0.34603634430327534
 0.33089133571998847
 0.85618450009160074
 0.98912190302467629
 0.66878354895063952
 0.19413769499189698
 -0.33519734327953327
 -0.85853505300654542
 -0.99999928298596319
 -0.85976064685240505
 -0.47732479867057148
 0.19178768900065554
 0.66700103896563889
 0.98876676377317252
 0.92598349239297739
 0.47330693411798463
 -0.044137625214724266
 -0.67039653886251627
 -0.98943902375805948
 -0.85506042765754497
 -0.32884118840868792
 0.20074345876300026
 0.67377805770053945
 0.95700731056670041
 0.97064466785397419
 0.71084844417378734
 0.099945520160762913
 -0.4232961049202259
 -0.82729391853123047
 -0.99557885146941183
 -0.70762906128587488
 -0.095400638252584768
 0.56054615396318941
 0.95961663851846379
 0.91893247106273235
 0.58766690383236808
 -0.062378330857600917
 -0.56432210370605085
 -0.90729460854494737
 -0.99467943848793638
 -0.70114609033859421
 -0.23751863257405997
 0.43566822324319554
 0.83491237187186829
 0.99419861127584652
 0.69788263748098545
 0.081754434436132339
 -0.57183861803164726
 -0.96338046964987745
 -0.96490022720293422
 -0.69460463034444542
 -0.22863677800280582
 0.30173875618225021
 0.74711355698670412
 0.99933408385256284
 0.87724832130168195
 0.50803901515625172
 -0.0042864402721787022
 -0.64029139418445169
 -0.94317884957564335
 -0.9387314485023539
 -0.5041002585096872
 0.16154030008025003
 0.7531532776590677
 0.99962566030275579
 0.87282740331773245
 0.50015098889807286
 -0.16604534267755786
 -0.64728028114969927
 -0.94617437850265707
 -0.97852825047564906
 -0.62302533315261921
 0.017985648096398261
 0.650754512543403
 0.94764255991038049
 0.97757679069033354
 0.7321246402313728
 0.28043073238907928
 -0.25026137315619335
 -0.71045408205694227
 -0.97050969629949302
 -0.90169129151887883
 -0.55342621957623661
 -0.049259283613090801
 0.59824718058907844
 0.92403546149932281
 0.95583758460567037
 0.67081235308410769
 0.19681722358073409
 -0.33262192165991472
 -0.76836045105227757
 -0.99999227854816175
 -0.77336688246613405
 -0.19233778950696631
 0.33692513186863876
 0.8594742475238133
 0.99999979713272458
 0.85882233579194722
 0.33572539863128775
 -0.19358779290802877
 -0.66836670923880226
 -0.98903929380659694
 -0.92528930024995593
 -0.47169014771937318
 0.04597024429589211
 0.55068067745181271
 0.95621121573584256
 0.92354767364821833
 0.59722586772224207
 0.10266370251137813
 -0.42081914267924664
 -0.90224138893712413
 -0.9958317729581404
 -0.80889329122735509
 -0.39408708759389033
 0.13173465771257073
 0.62044634576658009
 0.97784426391835821
 0.94723497803151258
 0.52601293859388787
 0.016711893972956141
 -0.49729694245383738
 -0.93599371140445042
 -0.98429381264154236
 -0.64630868821834453
 -0.012145651834448228
 0.50125374121314881
 0.937591508117257
 0.9834773515609383
 0.64281720510437035
 0.007579156399447378
 -0.50520008637124525
 -0.87566291480781422
 -0.98264038014960697
 -0.63931231609601769
 -0.0030125029018574635
 0.63466782216768436
 0.94072840847183858
 0.98178291586250066
 0.74626616364846388
 0.15126103753606987
 -0.51306108690093866
 -0.88003707807898368
 -0.99910392432213546
 -0.74321856505431882
 -0.29616520348346187
 0.38011061459907602
 0.88219665278495163
 0.98000658061734724
 0.74015546670460453
 0.1422265017441251
 -0.52087928828453178
 -0.8843378293599633
 -0.9790877467046103
 -0.73707693247992045
 -0.28742928495139086
 0.24318807400921305
 0.7052986063965454
 0.96872435743671836
 0.90482317253153222
 0.55949071521347771
 -0.096668695913488034
 -0.70852863678803535
 -0.99569770465768859
 -0.90286929118684256
 -0.55569982829719711
 -0.051988018834646182
 0.59605557517882457
 0.92298746017821198
 0.98991094582936878
 0.67283614951806536
 0.19949528290394211
 -0.47040377545094553
 -0.92473524121230355
 -0.98925356281503807
 -0.77509612064586564
 -0.19501829336789572
 0.47442876563596731
 0.92646373697704298
 0.9885755490076189
 0.66605133590432475
 0.038301930067534518
 -0.47844386165224989
 -0.86041054963190122
 -0.99999694595634003
 -0.7692929668113283
 -0.18605220648153772
 0.34294512241960362
 0.77533375814590866
 0.99997523213711059
 0.8555255955910952
 0.47007177393068039
 -0.047802708672315619
 -0.67311440314957505
 -0.95674651807965072
 -0.9708602034745818
 -0.59575347482441132
 -0.10083874181194503
 0.42248257415206769
 0.90303095653948784
 0.99566277613826715
 0.80781333690788515
 0.24725065628332207
 -0.2834130729102643
