# Created by Octave 8.4.0, Thu Dec 11 09:16:06 2025 IST <gamana@Samsung>
# name: iq
# type: matrix
# rows: 2048
# columns: 1
 0.99706007033948296
 0.71979445629436789
 0.11267528621267162
 -0.54607854638925091
 -0.89785314323009247
 -0.99669975492155383
 -0.71661680183738552
 -0.10813648706951674
 0.41582037352034329
 0.82263935911185238
 0.9977183133033527
 0.81211680656676566
 0.25435403320662997
 -0.27636844752632383
 -0.72923708866562187
 -0.97667740455693652
 -0.88966097771079677
 -0.39494783328271993
 0.28075440618218883
 0.82779791753061049
 0.99549412439592866
 0.80675369022336518
 0.24551049220311386
 -0.42824053105714127
 -0.83035132807013867
 -0.99854960836650131
 -0.80404686683955928
 -0.38654055032865986
 0.28950866682443271
 0.73854284938133441
 0.99878506466934591
 0.80132327513146184
 0.23664647091041779
 -0.29387678624149521
 -0.83540614555488213
 -0.99899969140049327
 -0.79858297189933158
 -0.23220701116232156
 0.29823877688491174
 0.83790744708233544
 0.99359601208065884
 0.69395851144652154
 0.076307054549183448
 -0.44467530925009219
 -0.84039127412617853
 -0.99936643867810504
 -0.87681701130020206
 -0.36962995372724544
 0.15791844437680813
 0.75073460377554946
 0.99951855157608782
 0.87461208566586512
 0.50332471182795113
 -0.16242620102223765
 -0.64447925512746196
 -0.94498052573775193
 -0.93683411263050442
 -0.62589100331904679
 0.014317164436864309
 0.64796433750803051
 0.94646456283791902
 0.9352270289765664
 0.49541164415814748
 -0.018883252709112678
 -0.65143590665126416
 -0.94792886150570133
 -0.93360044124798824
 -0.61874172821212581
 -0.12958157197863263
 0.39608211065021354
 0.81016824749014416
 0.99793771528696562
 0.82452909748853165
 0.4188481031914722
 -0.10482368684166825
 -0.59896632268215722
 -0.92437830773569063
 -0.95557335273441868
 -0.67014628176077173
 -0.19593694714062365
 0.47360396434939761
 0.85759296924080952
 0.98871630425468959
 0.66674975226285726
 0.19145671714048751
 -0.3377702626083236
 -0.85993281577640979
 -0.99999882230188708
 -0.76989109921219223
 -0.18697249432793983
 0.34206505440574203
 0.862254728491333
 0.99998138620148591
 0.85601021937775568
 0.33057309196900747
 -0.19894598283625273
 -0.67242136389076779
 -0.95647358368258695
 -0.9232030263304648
 -0.46686474663636957
 0.20341932760986636
 0.78048430577675221
 0.99047064063879786
 0.92143835717186395
 0.46282140941885924
 -0.20788843009190797
 -0.67915351091042064
 -0.99108925768113243
 -0.84884768600070171
 -0.31761252689779229
 0.21235319707962388
 0.68249837391928281
 0.96038166485395848
 0.91785140651800046
 0.58545405011465856
 -0.065105013155937183
 -0.56657560757064096
 -0.96164433703970265
 -0.96656151042960048
 -0.58174569153089484
 0.06966135126844894
 0.68914533015244894
 0.96288695422024306
 0.96538036905262048
 0.57802520069364793
 -0.074216236599828955
 -0.57407791745470427
 -0.91222008763525775
 -0.96417909475583619
 -0.5742926551933929
 0.07876957415834368
 0.57781115293558072
 0.91408155714959471
 0.99285238222274652
 0.79193364505529973
 0.36792477034572635
 -0.30868941789305326
 -0.84384335826177637
 -0.99957378788416562
 -0.78913692405411384
 -0.21706957207182662
 0.31302987997501996
 0.84628500582049038
 0.99969668159732372
 0.78632374567415608
 0.35941675965785358
 -0.31736381384729234
 -0.84870900418237416
 -0.99979872672709624
 -0.86924208047228424
 -0.49381727322850888
 0.17323849331905522
 0.65282663806760977
 0.98577106854626595
 0.86697529797926964
 0.35087876671096063
 -0.17773434348514575
 -0.6562791438151202
 -0.98652842266602814
 -0.93128767720556305
 -0.48585465799489252
 0.029847866612347472
 0.65971796292075569
 0.98726520282524977
 0.92961438575819666
 0.61008834407497825
 0.1186985440550069
 -0.40612900000404117
 -0.89516671019734817
 -0.99717367862900375
 -0.72083302870849542
 -0.1141628857655048
 0.54482362820236752
 0.95413885114572949
 0.92620967709367286
 0.47383495062976799
 -0.043538697587652483
 -0.5486473611136512
 -0.89920037971003641
 -0.99644589250719506
 -0.8129895401913837
 -0.40051154007206008
 0.27492919280489736
 0.72821175405807848
 0.99792084509802448
 0.81032196923136679
 0.25138433026619494
 -0.42275288344574552
 -0.82695698694418485
 -0.99563498366487102
 -0.70805253408118418
 -0.095997390681856934
 0.56004959012291766
 0.95944781899102105
 0.9191687592134139
 0.58815185864004971
 -0.061779983200696019
 -0.68340048286253452
 -0.9607251061180615
 -0.9674105193813286
 -0.58445240019361921
 0.066337321269096597
 0.6867272513369036
 0.9619823574103793
 0.91553313734541952
 0.58074075304553097
 0.082351916843145981
 -0.57134670254418518
 -0.9108500101553022
 -0.96505749357654713
 -0.69503578367345586
 -0.077799864163606514
 0.57508868038264338
 0.96443664802979368
 0.91182114243432699
 0.44135378528429337
 -0.23136869382886627
 -0.79806397900131565
 -0.99903785701884862
 -0.83587950193743465
 -0.29470041031222721
 0.38152831590914027
 0.80080742946930705
 0.99882716155569551
 0.73912359746495881
 0.29033344048779852
 -0.385745604551474
 -0.88505257490451683
 -0.97877467785731409
 -0.62396275109292332
 0.01678682145707245
 0.52607667012671588
 0.94725899599774077
 0.97782857412509716
 0.6203875739834438
 0.13166037242984119
 -0.5299548805848584
 -0.94871260618848463
 -0.9768620778668935
 -0.72982650510156966
 -0.12713204761900493
 0.53382203888218283
 0.95014643106409047
 0.93105599571948594
 0.61319848021496159
 0.12260107148084838
 -0.40253343524152485
 -0.81427303824434039
 -0.99746133057868402
 -0.72355223348021303
 -0.11806753850852328
 0.40670962430749003
 0.89544978029820765
 0.97384043762212691
 0.72039243045416079
 0.11353154324839104
 -0.54535639547925485
 -0.89747336933524535
 -0.97279257706834643
 -0.60231911715031505
 -0.10899318029827681
 0.41503646984552428
 0.89947824164676637
 0.97172442901384048
 0.5986674390711636
 0.10445254430529899
 -0.55298923339415484
 -0.95701774361155723
 -0.92248257337838213
 -0.4652098361220755
 0.053296118647976481
 0.55678839327715213
 0.9034316692387977
 0.96952735992977768
 0.5913267038636717
 -0.05785577811559621
 -0.56057594138886369
 -0.90538014207092266
 -0.96839848471989642
 -0.58763779982569675
 0.06241423100622457
 0.68386426877659179
 0.96090125738435272
 0.96724941364769379
 0.70112044247044591
 0.086269164465292605
 -0.4357006000363875
 -0.90922040263214432
 -0.99419474167923427
 -0.69785687470828972
 -0.081718584555200383
 0.43980651041788194
 0.91111211027294425
 0.9936930172736631
 0.6945787532044726
 0.077166300411430175
 -0.4439032486745963
 -0.83992389067032491
 -0.99933539569536944
 -0.87723105369407695
 -0.37043057075417968
 0.30612370781365272
 0.75016502521567563
 0.99949144189017325
 0.79079014877531362
 0.36618487719331999
 -0.16157579778514014
 -0.75317694001589408
 -0.99962664378184729
 -0.78798668003652106
 -0.36193154688014623
 0.16608081347385717
 0.64730769912003305
 0.98452421818517355
 0.87057191880125973
 0.35767066851744866
 -0.31913701487203916
 -0.75915358482092177
 -0.99983450381207861
 -0.86831583367136222
 -0.35340233096551121
 0.17508036017107351
 0.76211819018334714
 0.99990715761573368
 0.86604163989372962
 0.34912662324007221
 -0.1795747034948168
 -0.65768928530242321
 -0.95053077758514126
 -0.93060467152328996
 -0.61222246792368618
 0.031717432327392985
 0.6611224778708763
 0.95193942353251981
 0.97459211294156811
 0.60860525581607272
 0.11684110857369846
 -0.54256069229323955
 -0.89599886333126233
 -0.99703140555652559
 -0.71953534158774446
 -0.26281630249254145
 0.41200293591187848
 0.82024784439729825
 0.99742641851518576
 0.81455656209782656
 0.25840739482815506
 -0.27233582962657571
 -0.82285148473961667
 -0.99774343953291222
 -0.89156800623508348
 -0.53423513016281687
 -0.026406578837896964
 0.48886078676360678
 0.93253626090326813
 0.94886695751352801
 0.65367771669768138
 0.1743454575407879
 -0.35410045191432565
 -0.86868580620358304
 -0.99982064679589477
 -0.84930294363803938
 -0.31842957299204655
 0.35836757642181133
 0.87093892718268395
 0.9997237337577165
 0.75568452533440766
