# Created by Octave 8.4.0, Thu Dec 11 09:16:06 2025 IST <gamana@Samsung>
# name: iq
# type: matrix
# rows: 2048
# columns: 1
 0.99706007033948296
 0.8958330830115131
 0.40749676511192734
 -0.26757933088703667
 -0.82003431881388944
 -0.99739959216031482
 -0.89379434027545168
 -0.40332217000396425
 0.12174574039319934
 0.61251750219373202
 0.9307412043625467
 0.98677225365717247
 0.7648265315825612
 0.32742682899836506
 -0.20221001589228241
 -0.77971163284007661
 -0.9902997991842033
 -0.85190037886372305
 -0.32310844176316006
 0.20668027481499857
 0.78256289391760381
 0.99092400356524601
 0.92013878115657166
 0.45986541708857864
 -0.2111462234393818
 -0.78539783471713998
 -0.99152754231630602
 -0.91834089914126482
 -0.4558054392076315
 0.21560776862847272
 0.6849297096298741
 0.9613048499970458
 0.91652386521001739
 0.58274974275466684
 0.084813229831986955
 -0.56931784686309095
 -0.90982778912911666
 -0.99403645175662203
 -0.69680949900727573
 -0.080262094262641887
 0.57306627895981621
 0.91171342092136254
 0.96450593995209644
 0.57530323197111466
 -0.077538373483401396
 -0.57680275981140672
 -0.91358003901312201
 -0.96328999306189333
 -0.5715619408474234
 -0.071154896496347181
 0.44929670050794807
 0.84318003849283296
 0.99953697267526553
 0.7898948670650332
 0.21827493776079607
 -0.31185672933426212
 -0.75413739896883958
 -0.99966550404728993
 -0.87209571834185651
 -0.49885389310436667
 0.014916604353269872
 0.52448504859899803
 0.94665791726123827
 0.97821854915588147
 0.73421201448290707
 0.13351431092211144
 -0.39243624425178625
 -0.88841005886559066
 -0.99818451591765156
 -0.73110392955089265
 -0.12898709931501984
 0.39663251303703095
 0.81051952955911122
 0.99608070785101932
 0.90104289466802956
 0.55217853356912594
 0.047763785425921447
 -0.59944628234040342
 -0.97195363997356965
 -0.9553964751913302
 -0.66970119209764278
 -0.043201793907063295
 0.6030952912798444
 0.92633675970593021
 0.9540378449337561
 0.54454082034982465
 0.038638901418714747
 -0.4781477145899844
 -0.86023865239462738
 -0.98792921227539277
 -0.66289057852064825
 -0.034075203119590815
 0.61035550082890577
 0.97508422786670002
 0.95126092405016316
 0.65946449936692297
 0.1818949019102846
 -0.48614937486377335
 -0.93141046865899646
 -0.94984269133657262
 -0.65602466714103314
 -0.024945769805903319
 0.61756479500956363
 0.977069646269493
 0.8888218168869445
 0.39326182440105123
 -0.28251463140679067
 -0.82882571694540641
 -0.998398779306784
 -0.80566836007221854
 -0.38905897338469098
 0.28689235719527861
 0.73669800137329189
 0.99864669548498619
 0.80295479393864755
 0.23930021665734427
 -0.29126409986974627
 -0.83390129996400719
 -0.99887378497716794
 -0.80022448225587572
 -0.38062901780274139
 0.14619080877256765
 0.63182823598891091
 0.93947771061620244
 0.9824734317532009
 0.63862173069241412
 0.0021147486843296568
 -0.6353613396672978
 -0.9816762563472855
 -0.9409183725946465
 -0.5096182613695085
 0.002451968787792662
 0.51383147181467992
 0.94256769103511717
 0.98072997867282441
 0.63156681724073349
 0.14585720244600886
 -0.5177438501891326
 -0.88261903416678134
 -0.97982756338423382
 -0.62801956676063164
 0.011585155087853634
 0.64588085493770186
 0.94557904321004638
 0.97890471388091427
 0.62445921898958623
 0.13681547761836058
 -0.38936960356123135
 -0.88687569161064339
 -0.97796144940880547
 -0.73337300308974884
 -0.28219113174004168
 0.39357185195279359
 0.80856359383003795
 0.99578049057298412
 0.90248296796936045
 0.55495322438255723
 -0.10210611200314788
 -0.596776182900982
 -0.97116471230884116
 -0.95637512183597873
 -0.67217172528928704
 -0.19861549143985219
 0.47119581278114436
 0.85618450009160074
 0.99998338686828148
 0.86208388551710813
 0.48133270865788846
 -0.18730375783299533
 -0.77010626153079897
 -0.98807388314734257
 -0.85976064685240505
 -0.33745284137923132
 0.33949636032895242
 0.86086770125102496
 0.98773715340256729
 0.66196542496401622
 0.032840916452987139
 -0.61133329545709125
 -0.93019264499265608
 -0.95087934728715373
 -0.65853561950740669
 -0.028276331692887669
 0.48722822131491544
 0.86547908951437158
 0.98627000753600025
 0.65509208035033761
 0.17618695705555892
 -0.35235057260061453
 -0.86775773336314854
 -0.98550557398912264
 -0.7598847751608806
 -0.32020210376883135
 0.35662073253939414
 0.8700182802033074
 0.98472058781311855
 0.75690822893261911
 0.16718916734334063
 -0.36088345518522658
 -0.87226068289134251
 -0.98391506537880058
 -0.75391589745208354
 -0.31153630812522931
 0.36513865163940556
 0.79010162031504583
 0.99249053843869217
 0.91529182682589483
 0.58025259939119722
 0.081754434436132339
 -0.57183861803164726
 -0.91109728423998393
 -0.96490022720293422
 -0.57652725677815253
 -0.0772021633450269
 0.57557902585817122
 0.96459493207099567
 0.96369087240910234
 0.69131213729148444
 0.072648282209853754
 -0.44795857031246838
 -0.84237411919693606
 -0.99949029421725744
 -0.87504698682238213
 -0.3662183487781972
 0.31043378884142714
 0.8448263018309673
 0.99206806997202313
 0.78800882612502365
 0.36196507827028734
 -0.31477163936862168
 -0.84726086568929992
 -0.99974017928601222
 -0.78518905320560317
 -0.21081659327632549
 0.31910292536187457
 0.84967775999932593
 0.99087861687119372
 0.67799868370998118
 0.054418557105745877
 -0.59409945894557603
 -0.970365004227011
 -0.90195034323742196
 -0.42020723065496823
 0.2541003676522241
 0.7132403876757174
 0.99629613438374887
 0.89996885312693931
 0.55011758475158845
 -0.10787573837779833
 -0.60142144191066849
 -0.92554488003732771
 -0.98893948579507385
 -0.66786488579440773
 -0.040734014305628702
 0.60506365761878733
 0.92726435688547848
 0.95329472382463132
 0.54246752419775235
 -0.11695125643708382
 -0.60869325477939451
 -0.92896449571977835
 -0.9519054479984026
 -0.66103926179696526
 -0.18395628741404277
 0.34494773752928914
 0.77667892647719483
 0.98961727890937345
 0.9237774076299472
 0.59770660638150441
 -0.049932895571018494
 -0.55398783516922856
 -0.9573648031389832
 -0.92201904689465719
 -0.464148139626821
 0.054493383907177437
 0.55778395400348058
 0.9039450729211691
 0.96923292646253989
 0.59035936055186145
 -0.059052735788742081
 -0.68140328042767151
 -0.95996331965004555
 -0.91844467662543139
 -0.58666723142977939
 -0.089623827187757507
 0.5653412151459779
 0.90781321933218118
 0.99455145437254244
 0.80112149333480798
 0.23631881496075158
 -0.29419909994775784
 -0.83559144587430434
 -0.99406501908017475
 -0.69699759914860648
 -0.231878994448591
 0.44088301412749958
 0.91160563668947248
 0.96457516552375233
 0.69371566783016436
 0.22743433812111521
 -0.4449773300437953
 -0.84057399342575734
 -0.9930299656656284
 -0.69041926913453366
 -0.071416512219100281
 0.58031363000642855
 0.91532200863263968
 0.96212549010061099
 0.56802461131976778
 0.066860722607749459
 -0.45313803679809933
 -0.845486420966024
 -0.99191207448445484
 -0.78724789385798333
 -0.21407228166829007
 0.3159436001005983
 0.75695720037518566
 0.98473363488519361
 0.93510758318871434
 0.62205885630624247
 0.13377424106472693
 -0.52814506197965061
 -0.94803620646607956
 -0.97731598449780854
 -0.73128285119524605
 -0.12924718682223069
 0.39639172952169083
 0.89037777807928542
 0.99791601243492889
 0.72816039309250258
 0.27485714181146442
 -0.40058020401269867
 -0.8924473602973515
 -0.99761093449210159
 -0.82174444767227495
 -0.41439002875065545
 0.26028622188069594
 0.81568351013060969
 0.996826148420485
 0.8971598023399584
 0.54476078736602618
 -0.11423733350010555
 -0.72088496686581061
 -0.99717930598945514
 -0.8165054964834555
 -0.26165925596843598
 0.26909386979366645
 0.82093309710364448
 0.99751166747468134
 0.8930881406545097
 0.40188301863227083
 -0.12330609336432669
 -0.72718478695228606
 -0.97603006659610958
 -0.89102435057797791
 -0.39769713668888385
 0.27787907011093738
 0.73031198170342548
 0.97701376738129042
 0.94848777721381872
 0.65276987015171895
 0.17316468790596914
 -0.3552215182091768
 -0.78354073279034975
 -0.99113411896468162
 -0.91952198293002108
 -0.45846875433808681
