# Created by Octave 8.4.0, Thu Dec 11 09:16:06 2025 IST <gamana@Samsung>
# name: iq
# type: matrix
# rows: 2048
# columns: 1
 0.99706007033948296
 0.71979445629436789
 0.2631763561998442
 -0.26757933088703667
 -0.72295709950342013
 -0.99739959216031482
 -0.81477298767905471
 -0.25876789299367536
 0.27197672523161615
 0.72610466550790553
 0.9756866937503218
 0.89173695753970295
 0.5345505649007124
 0.026779638075654512
 -0.6161208997466926
 -0.93240144544834269
 -0.94898469904253735
 -0.53068550131166847
 -0.022214290997900961
 0.49251475324559779
 0.86850088041626661
 0.985250469487432
 0.75891061748844191
 0.31878331613078459
 -0.35801914740060525
 -0.78539783471713998
 -0.99973243577145421
 -0.84708169348121221
 -0.4558054392076315
 0.06387260574650877
 0.6849297096298741
 0.9613048499970458
 0.91652386521001739
 0.451735955545704
 -0.068429320412764685
 -0.68824991106358091
 -0.99267257301273648
 -0.84219234522037123
 -0.30576841154300655
 0.22451727661408843
 0.69155575910797984
 0.96378086250028872
 0.91283249357463192
 0.4435688105502032
 -0.22896505360363265
 -0.79657321781796253
 -0.99914313223323781
 -0.74384495350793745
 -0.14767181956608888
 0.51617351493844721
 0.88175517967331396
 0.98019252618813468
 0.74078502926765999
 0.14315364154996899
 -0.52007944302982734
 -0.8839001337219804
 -0.9792778829548171
 -0.62589100331904679
 -0.13863247807766196
 0.52397452491172358
 0.8860266541137356
 0.97834281697030223
 0.62232285500886353
 0.13410842343763146
 -0.39188476247376564
 -0.88813469650019505
 -0.97738734773531
 -0.61874172821212581
 0.023448947172842981
 0.53173182534861707
 0.89022421691831999
 0.97641149517605841
 0.72839148523155783
 0.12505201810772687
 -0.40027119857025584
 -0.81283679053972591
 -0.99642376475119299
 -0.89931510730645936
 -0.41469690979581653
 0.10936414063460427
 0.71747761179131575
 0.97287896944569174
 0.95421733651916474
 0.54504354703316671
 -0.11390231364833965
 -0.7206512132819296
 -0.97392517113889421
 -0.95284142018813345
 -0.54120910228613728
 -0.034674352783172553
 0.48162826828313782
 0.862254728491333
 0.98730689364631385
 0.76696871253595067
 0.18248437222101171
 -0.48562539556399231
 -0.93119209952337212
 -0.98657129559318824
 -0.65647701852210572
 -0.025545082696878618
 0.61709316219078447
 0.9328470854580132
 0.94859455951793425
 0.65302529690071753
 0.17349680460094399
 -0.49358918395682855
 -0.86911238135537339
 -0.98503839069289045
 -0.75810582758173006
 -0.31761252689779229
 0.3591719908072325
 0.87136207831000456
 0.99970310675110219
 0.75511982966047653
 0.164494764015997
 -0.50151179753412556
 -0.9376951805861069
 -0.98342331467676902
 -0.64258870869742002
 -0.007280911407297354
 0.50545745710063528
 0.87580690915030124
 0.98258500433542573
 0.63908294668798704
 0.15547900140922769
 -0.37192385559131702
 -0.87800195033943063
 -0.98172620227317298
 -0.63556385666181725
 -0.15096620933205945
 0.37615908234565687
 0.88017868087772855
 0.99909125651850716
 0.83655675988810607
 0.29588031770414369
 -0.38038646433654111
 -0.80006716347485207
 -0.99436648797780181
 -0.90854972200353745
 -0.43425253739356928
 0.23904554590989419
 0.70226622907149605
 0.96765636088201856
 0.96045472696749501
 0.56302347038087841
 -0.092419350775549594
 -0.70551000982053125
 -0.9687983227001733
 -0.90469613978273211
 -0.55924348713722538
 0.096965548000683841
 0.59262281808500161
 0.96992008031741128
 0.95787162097705481
 0.67598778716342178
 0.051690166626058617
 -0.46663278619843457
 -0.92310219592082832
 -0.95655008992160562
 -0.55164861080812788
 -0.047129026907081685
 0.47066694847015184
 0.85587460041102437
 0.99997975150891727
 0.77490763686045938
 0.34231150373757346
 -0.33463246164541943
 -0.85822750015938709
 -0.98853055046695493
 -0.66582883744112153
 -0.19024443905519753
 0.33893240150115228
 0.7726309446768147
 0.98867698022951811
 0.85772783948271503
 0.33371568541195351
 -0.34322527295248667
 -0.77552208599333883
 -0.9999730885191962
 -0.85537113379660201
 -0.46980850632099586
 0.04810061880376932
 0.67333494291237483
 0.99000628298972737
 0.92272770475762633
 0.46577226419855994
 -0.20462832907820289
 -0.67670425882568808
 -0.99063997145637572
 -0.92095783523147523
 -0.59183905123294156
 0.057221356716363872
 0.68005946213323143
 0.95944781899102105
 0.9191687592134139
 0.45767072341707316
 -0.21355984684494758
 -0.68340048286253452
 -0.99184535648545624
 -0.84576642124300172
 -0.45360559371491849
 0.21801897161530401
 0.78973399687906265
 0.99954491894284536
 0.75130362478232604
 0.15876935902343889
 -0.50652267418638353
 -0.93969524074499333
 -0.94224235021670077
 -0.63813259114658893
 -0.0014792755109328095
 0.63585193404755169
 0.98179715177988591
 0.94070298979814415
 0.63460990942125484
 -0.0030874405497794671
 -0.63936993766176997
 -0.98265427993058763
 -0.93914401110428003
 -0.63107399296399125
 -0.1452284948088578
 0.38152831590914027
 0.80080742946930705
 0.99449663319225301
 0.90803308413177553
 0.56577382933686404
 -0.089101359923037027
 -0.58624234246306972
 -0.96796717331094617
 -0.96011013199408302
 -0.68178712078250292
 -0.059576378176591699
 0.45963249696403663
 0.92003604147862239
 0.95882316854271554
 0.55821925975154996
 0.055017162925071701
 -0.59361711625913305
 -0.97021996340050698
 -0.90220907079050061
 -0.55442447309244725
 0.10273824425630476
 0.59728597179663523
 0.97131601931168288
 0.90023004765829273
 0.55061812396139964
 -0.107279713530316
 -0.60094237098948822
 -0.92531771879083213
 -0.98902822624331277
 -0.77412644792750684
 -0.34115087413467143
 0.33579598627634649
 0.77051148493708665
 0.98817153428625504
 0.85943593837696164
 0.3368545744428309
 -0.34009402346415307
 -0.77341438789128647
 -0.99999198125360811
 -0.85709227829338019
 -0.33255124967947286
 0.19689069525206784
 0.67086792725114253
 0.9558596058549732
 0.92400680960145565
 0.5981871302220686
 0.1038563009623451
 -0.41973116691975981
 -0.9017236907083076
 -0.99594041742242911
 -0.80959767290581042
 -0.39518878000658209
 0.13054600469839833
 0.73217568374252728
 0.99827797602498924
 0.88768724200696714
 0.3909896837275314
 -0.13507226835580494
 -0.62308394802830314
 -0.93557096785863769
 -0.94615012161663581
 -0.52314579966074126
 0.13959571509328172
 0.73836599107446921
 0.97947441103636879
 0.94466188428579101
 0.51924840075931933
 -0.14411625057484284
 -0.74143807910168669
 -0.99898792851145068
 -0.79874080855644036
 -0.23246211701882688
 0.44034484140373442
 0.83776426097200107
 0.99918291788155822
 0.87912868123273025
 0.37411263632579783
 -0.15314821073141613
 -0.74753580353931093
 -0.99935706938277469
 -0.79321220308449691
 -0.22356930816004994
 0.30669437559828905
 0.75056131278222915
 0.98299282535971388
 0.87473921650293274
 0.36562694772596338
 -0.16216739538656585
 -0.75357116913722322
 -0.99964284468553211
 -0.78761742848407368
 -0.36137262146864441
 0.16667196174112739
 0.75656530983403103
 0.9997544625272542
 0.78479537339350902
 0.21019535842160308
 -0.46072894167289669
 -0.85001267542088443
 -0.99984523058057562
 -0.86801831666252882
 -0.35284144865526218
 0.17567057279463055
 0.65469565491376036
 0.94929096237321153
 0.9320494487080756
 0.61535446347816414
 0.12531223791860269
 -0.40003082953286218
 -0.89217673280036824
 -0.97547304664155143
 -0.61174833880240098
 0.032316628938552507
 0.6615721536763477
 0.95212287234456894
 0.97445765666701689
 0.60812945617068503
 0.11624568987102067
 -0.40838484391845892
 -0.81797211421139282
 -0.99713413031232534
 -0.81685146595519664
 -0.26223782635529558
 0.41254911937971112
 0.89828099129858441
 0.97236593164019758
 0.60085371918967001
 0.10716944470083213
 -0.55071070202879191
 -0.95622174279616212
 -0.9235338790531944
 -0.5971970165752265
 -0.10262792226900343
 0.42085177261292628
 0.82577623193527505
 0.99807699315903253
 0.88921640321184137
 0.39405402806044376
 -0.13177031438553685
 -0.73301628836640964
 -0.99834965947009091
 -0.88711792332171879
 -0.38985271803506466
 0.28606669089249703
 0.73611496866813952
 0.97879740129708737
