# Created by Octave 8.4.0, Thu Dec 11 09:16:06 2025 IST <gamana@Samsung>
# name: iq
# type: matrix
# rows: 2048
# columns: 1
 0.99706007033948296
 0.81741217677477895
 0.40749676511192734
 -0.11721173552297842
 -0.72295709950342013
 -0.97467563508643473
 -0.89379434027545168
 -0.53840448048633571
 0.12174574039319934
 0.72610466550790553
 0.9977183133033527
 0.81211680656676566
 0.25435403320662997
 -0.27636844752632383
 -0.82522724334078956
 -0.99801622712169602
 -0.88966097771079677
 -0.39494783328271993
 0.28075440618218883
 0.82779791753061049
 0.99549412439592866
 0.70699443523279637
 0.094506937438585861
 -0.42824053105714127
 -0.83035132807013867
 -0.99505071406714374
 -0.80404686683955928
 -0.38654055032865986
 0.13985542515412888
 0.62685369828083859
 0.97952724534565039
 0.94457581101048138
 0.5190242297318719
 0.0085158509884466927
 -0.50439146910589572
 -0.8752101648306293
 -0.99947947189198894
 -0.84219234522037123
 -0.30576841154300655
 0.22451727661408843
 0.69155575910797984
 0.96378086250028872
 0.96450593995209644
 0.57530323197111466
 -0.077538373483401396
 -0.69484718481991314
 -0.99373479575595003
 -0.91095823285371369
 -0.43947131954170243
 0.082090521919315831
 0.58052721149389108
 0.96617647717373156
 0.90906497418168908
 0.43536466339879998
 -0.23784618978820501
 -0.80206146680018797
 -0.99471412193617259
 -0.83220329738643806
 -0.43124892776542673
 0.24227936376794221
 0.70463424304951916
 0.995172673015283
 0.82966251550724124
 0.28395058142647778
 -0.24670748503358705
 -0.70786729603693477
 -0.96961871794042342
 -0.95822557211480941
 -0.55647836159153252
 0.10028104696026842
 0.71108558651626785
 0.97072572039354965
 0.90130275558293516
 0.4188481031914722
 -0.25554820013760671
 -0.71428904737035315
 -0.9718124784500537
 -0.95557335273441868
 -0.54886662494658134
 -0.043800730362636646
 0.60261697710835183
 0.97287896944569174
 0.95421733651916474
 0.54504354703316671
 -0.11390231364833965
 -0.60625506401228335
 -0.97392517113889421
 -0.89528358719251666
 -0.54120910228613728
 -0.034674352783172553
 0.60988050752199152
 0.92951769366217263
 0.9514456324359305
 0.6599150493749707
 0.030110031711012196
 -0.61349323202917039
 -0.93119209952337212
 -0.95003000237158464
 -0.65647701852210572
 -0.17799244441910247
 0.4896123951713961
 0.9328470854580132
 0.94859455951793425
 0.52963836788862773
 -0.1320303058023965
 -0.73319467094717705
 -0.99836468747738893
 -0.88699683797548301
 -0.5257592578226381
 0.13655565629267968
 0.62425433944085562
 0.97885109125774172
 0.88487879609434716
 0.38540126954067483
 -0.29069053647477588
 -0.73937491633562791
 -0.97977511379001769
 -0.94416965564365596
 -0.64258870869742002
 -0.15998855098596032
 0.36768087239880365
 0.79177346594786169
 0.99943886783086799
 0.84152583106705137
 0.30459234863209911
 -0.22572055441760619
 -0.79455462137295907
 -0.99927548207434191
 -0.74606759889611551
 -0.30023946390148659
 0.37615908234565687
 0.79731920643367349
 0.99909125651850716
 0.74301898606732286
 0.14645026886832396
 -0.51723086013975772
 -0.88233705536967755
 -0.99888619500537212
 -0.73995487764514356
 -0.141931274197549
 0.38460591340230282
 0.80279843518809202
 0.99484017471709107
 0.90663238476110664
 0.4301343611309012
 -0.2434773626005656
 -0.70551000982053125
 -0.9687983227001733
 -0.90469613978273211
 -0.42600721445523398
 0.24790410159298104
 0.80821069513822219
 0.9981460396596723
 0.73067021944311417
 0.27838293835848393
 -0.25232567056790139
 -0.71195336393539066
 -0.99613671377553947
 -0.82382969408846374
 -0.41772635433529737
 0.10605178105953815
 0.71515280292566097
 0.97210288979435833
 0.95520861010101676
 0.66922913426856767
 0.042566904316534378
 -0.4746912950254723
 -0.92657595352213129
 -0.98853055046695493
 -0.66582883744112153
 -0.038003893997068453
 0.60723674286965779
 0.92828386484757086
 0.98783057403202179
 0.76910237975061224
 0.33371568541195351
 -0.34322527295248667
 -0.86287955619046985
 -0.9999730885191962
 -0.76617566150442962
 -0.18126999201027524
 0.48670460215319011
 0.93164157445709228
 0.9496437689242001
 0.53246148620005185
 -0.12872700293448133
 -0.61806448346233855
 -0.97720475411549423
 -0.88853042950170691
 -0.39267747318977064
 0.13325437159471662
 0.6216480510635094
 0.93492156727054621
 0.94674240283801925
 0.64862049466800065
 0.16778020311875363
 -0.49862655892901125
 -0.87196734401615261
 -0.98402198209493885
 -0.75430961863744106
 -0.16327648362920538
 0.36458047594628912
 0.87419394648307691
 0.98319863295447774
 0.64164196467474266
 0.0060459607215172474
 -0.50652267418638353
 -0.87640231771474386
 -0.9823547792959354
 -0.74828196255844681
 -0.30341582116580706
 0.22692348795870262
 0.79530388498163285
 0.99922771763834428
 0.74524469498226609
 0.14974527051499953
 -0.37730307052849954
 -0.88076418263196576
 -0.98060562924582517
 -0.63107399296399125
 -0.1452284948088578
 0.51828741647559129
 0.94429254134249685
 0.97970036933262528
 0.62752491551599232
 0.14070869037571973
 -0.385745604551474
 -0.88505257490451683
 -0.97877467785731409
 -0.73603989517876467
 -0.13618595147561138
 0.52607667012671588
 0.94725899599774077
 0.97782857412509716
 0.73294084284748995
 0.28158142740539416
 -0.24910034005624931
 -0.70960977745975928
 -0.97021996340050698
 -0.90220907079050061
 -0.55442447309244725
 -0.050456800295622002
 0.46772470795091431
 0.85414673094241289
 0.99995299922151237
 0.86406943966609229
 0.4847748679069947
 -0.18344064817265887
 -0.76759251303591824
 -0.98746091400676894
 -0.86176167500221723
 -0.34115087413467143
 0.18792794758620526
 0.77051148493708665
 0.98817153428625504
 0.85943593837696164
 0.47676629402108173
 -0.19241132777952227
 -0.66747436862954301
 -0.98886154633826362
 -0.92574337325759704
 -0.47274705089475788
 0.19689069525206784
 0.67086792725114253
 0.9558596058549732
 0.92400680960145565
 0.4687179486717028
 -0.2013659565870686
 -0.67424749498310488
 -0.9571914453849667
 -0.97049162886470242
 -0.59452133364708126
 0.053894760962600277
 0.67761300134487346
 0.95850332277440242
 0.92047590867298401
 0.59084313838376756
 0.094768043247161982
 -0.42800350042979229
 -0.90563452989963877
 -0.99507674247845379
 -0.70394371380501819
 -0.090220902426703026
 0.43212632130727791
 0.90756163939843948
 0.96709706904209614
 0.70069284447422997
 0.085671880057528363
 -0.43624013022962893
 -0.90946982178178148
 -0.96592517977336534
 -0.57973492883124911
 -0.081121071009057535
 0.44034484140373442
 0.91135903725470646
 0.99362561351995793
 0.69414733525730998
 0.22801809023772057
 -0.44444036922624158
 -0.84024909304288897
 -0.99310044604073633
 -0.79321220308449691
 -0.22356930816004994
 0.44852662828523909
 0.84271640179536644
 0.99255456754202531
 0.79042305788477341
 0.36562694772596338
 -0.16216739538656585
 -0.75357116913722322
 -0.99964284468553211
 -0.78761742848407368
 -0.36137262146864441
 0.16667196174112739
 0.75656530983403103
 0.9997544625272542
 0.87027678172632683
 0.35711075881816684
 -0.31970511255027162
 -0.75954367243008336
 -0.99984523058057562
 -0.78195695146681665
 -0.35284144865526218
 0.32402881048370535
 0.76250619481193627
 0.98618324461786944
 0.8657417491556576
 0.34856478001605873
 -0.18016442982835693
 -0.76545281519641795
 -0.99996421018503501
 -0.77623124422519763
 -0.34428084209006543
 0.33265584354707201
 0.85714940883112156
 0.99999241925486515
 0.77334407831939256
 0.33998972421839152
 -0.18914077831673098
 -0.77129810450025671
 -0.99999977357372771
 -0.85880390863449096
 -0.33569151589196344
 0.34125512672565389
 0.77419665151661887
 0.98904460426414087
 0.92527565750465257
 0.4716584301397076
 -0.046006176477052733
 -0.55071070202879191
 -0.95622174279616212
 -0.9712896402106419
 -0.5971970165752265
 -0.10262792226900343
 0.55451677129107713
 0.95754818668849029
 0.97019309262396569
 0.70953162771974909
 0.24899292637427459
 -0.28168784626551813
 -0.73301628836640964
 -0.97785179306862535
 -0.88711792332171879
 -0.38985271803506466
 0.13629582557301226
 0.73611496866813952
 0.97879740129708737
