# Created by Octave 8.4.0, Thu Dec 11 09:16:06 2025 IST <gamana@Samsung>
# name: iq
# type: matrix
# rows: 2048
# columns: 1
 0.99706007033948296
 0.8958330830115131
 0.54224716769547932
 -0.11721173552297842
 -0.72295709950342013
 -0.99739959216031482
 -0.89379434027545168
 -0.40332217000396425
 0.27197672523161615
 0.82263935911185238
 0.9977183133033527
 0.89173695753970295
 0.39913916364882279
 -0.27636844752632383
 -0.72923708866562187
 -0.97667740455693652
 -0.94898469904253735
 -0.53068550131166847
 -0.022214290997900961
 0.49251475324559779
 0.93404224138678449
 0.94753482023462876
 0.65049842763434806
 0.017648480643128749
 -0.49648404018293579
 -0.87075548362775734
 -0.99973243577145421
 -0.7559288889967074
 -0.16571279352017626
 0.36227941227075194
 0.78821639611625471
 0.99961637728604458
 0.75293139567673473
 0.1612074989385934
 -0.50439146910589572
 -0.9388476181633828
 -0.94306674230411036
 -0.64003232751865924
 -0.15669884238927639
 0.37077718740857579
 0.8774101499200383
 0.99932172244443662
 0.74688936492934765
 0.30141723570001927
 -0.37501452045592854
 -0.79657321781796253
 -0.99373479575595003
 -0.91095823285371369
 -0.5715619408474234
 0.082090521919315831
 0.69812411955698905
 0.99423482618450487
 0.90906497418168908
 0.43536466339879998
 -0.23784618978820501
 -0.80206146680018797
 -0.99872344485238629
 -0.83220329738643806
 -0.43124892776542673
 0.091189587921087126
 0.5879397169116356
 0.91906542379149492
 0.99128758100646241
 0.78426098528443078
 0.20935274634661827
 -0.46149364166221007
 -0.92085560177722303
 -0.95822557211480941
 -0.67689734269446189
 -0.20488505504967391
 0.46554015275120081
 0.92262657540312143
 0.99004323693862828
 0.67352883541892117
 0.20041309089354509
 -0.46957695504264702
 -0.92437830773569063
 -0.98939008741680945
 -0.67014628176077173
 -0.043800730362636646
 0.60261697710835183
 0.92611076224270938
 0.98871630425468959
 0.77279742987957578
 0.33917914848910674
 -0.18998693966562338
 -0.77184632306809275
 -0.98849090621939795
 -0.85836209249050632
 -0.47492212768549869
 0.19446848906226558
 0.77474182782419287
 0.99998138620148591
 0.85601021937775568
 0.33057309196900747
 -0.19894598283625273
 -0.67242136389076779
 -0.95647358368258695
 -0.97108426039629825
 -0.71213752157466126
 -0.10177064770085427
 0.55523372073924604
 0.95779626121622063
 0.92143835717186395
 0.46282140941885924
 -0.055988358703845706
 -0.67915351091042064
 -0.99108925768113243
 -0.91965447150011992
 -0.458768420102943
 0.21235319707962388
 0.78616167635188161
 0.99970310675110219
 0.84642470283328231
 0.31327897070961552
 -0.21681353546072546
 -0.68582900348661102
 -0.96164433703970265
 -0.91602919982827036
 -0.4506338234743309
 0.06966135126844894
 0.68914533015244894
 0.99282104490079037
 0.9141878894328731
 0.44655238580789536
 -0.074216236599828955
 -0.57407791745470427
 -0.96410949048091532
 -0.91232751373217513
 -0.4424616353320619
 0.07876957415834368
 0.69573479843258723
 0.96531192032584046
 0.9629577125917067
 0.57054813287203821
 -0.083321268984552388
 -0.58153233821740702
 -0.96649421867844976
 -0.90854972200353745
 -0.56679171182125632
 -0.065366737446402923
 0.5852413956952025
 0.96765636088201856
 0.90663238476110664
 0.4301343611309012
 -0.2434773626005656
 -0.80551296461297017
 -0.99841358164780036
 -0.73378042994926174
 -0.13288449926953011
 0.52890718330563458
 0.88870159436007923
 0.97712545794276662
 0.61777106458305009
 0.12835690768192648
 -0.39721578392478346
 -0.89078609838175804
 -0.99785768142665632
 -0.82382969408846374
 -0.41772635433529737
 0.10605178105953815
 0.59995480435262905
 0.97210288979435833
 0.89877436420064549
 0.54783387611315026
 0.042566904316534378
 -0.60360206764425894
 -0.97316389613177423
 -0.95384720949172808
 -0.66582883744112153
 -0.19024443905519753
 0.33893240150115228
 0.860562501651286
 0.98783057403202179
 0.76910237975061224
 0.18575915252785319
 -0.34322527295248667
 -0.86287955619046985
 -0.98710999648029529
 -0.65898665758912811
 -0.028875590832584942
 0.48670460215319011
 0.86517861545497698
 0.99992915833028506
 0.76323296473450009
 0.17677705112349806
 -0.35178945268142309
 -0.86745963149813543
 -0.99986437470970757
 -0.76027435081049699
 -0.17228042356740925
 0.35606058235383559
 0.869722556749563
 0.98482480954644724
 0.64862049466800065
 0.015178857643599331
 -0.49862655892901125
 -0.9365323341203855
 -0.9452620882248215
 -0.52081531747420562
 -0.010612519844126429
 0.5025798571863066
 0.93812356967355703
 0.94376206025673304
 0.5169114299445664
 0.0060459607215172474
 -0.50652267418638353
 -0.93969524074499333
 -0.9823547792959354
 -0.74828196255844681
 -0.15425892329711394
 0.3730699565266074
 0.87859241165578594
 0.98149043871780584
 0.74524469498226609
 0.14974527051499953
 -0.37730307052849954
 -0.88076418263196576
 -0.99903785701884862
 -0.74219188539576064
 -0.1452284948088578
 0.38152831590914027
 0.88291758535122433
 0.97970036933262528
 0.73912359746495881
 0.14070869037571973
 -0.52218748838743356
 -0.88505257490451683
 -0.99859563564291698
 -0.83083124203139913
 -0.28596041578581616
 0.24467499008858307
 0.70638470056819525
 0.96910367364021632
 0.90416927843456896
 0.55821925975154996
 0.055017162925071701
 -0.4636834374954496
 -0.92181583720699822
 -0.95751620892136058
 -0.55442447309244725
 0.10273824425630476
 0.71282005550396421
 0.99624440493583688
 0.90023004765829273
 0.55061812396139964
 0.045895385394162144
 -0.60094237098948822
 -0.97239181851561129
 -0.9548424106112261
 -0.54680029173942457
 -0.04133301334864186
 0.60458623758386465
 0.92703973161485742
 0.98834328900117741
 0.77122750954177499
 0.3368545744428309
 -0.19241132777952227
 -0.77341438789128647
 -0.99999198125360811
 -0.85709227829338019
 -0.33255124967947286
 0.19689069525206784
 0.77630116135875893
 0.99996326570703487
 0.76538144192408231
 0.32824098959001718
 -0.2013659565870686
 -0.67424749498310488
 -0.99017968862934225
 -0.92225097586733729
 -0.59452133364708126
 0.053894760962600277
 0.55728627378607698
 0.95850332277440242
 0.92047590867298401
 0.59084313838376756
 -0.058454267456547186
 -0.5610722916725851
 -0.95979521066420526
 -0.96824878958938965
 -0.58715262114053235
 0.063012554892090303
 0.56484660844744916
 0.90756163939843948
 0.99461377204279167
 0.70069284447422997
 0.23690129582362218
 -0.29362607469684976
 -0.83526195740363451
 -0.99413005902736373
 -0.69742736225788915
 -0.081121071009057535
 0.44034484140373442
 0.91135903725470646
 0.964733146222856
 0.69414733525730998
 0.22801809023772057
 -0.44444036922624158
 -0.91322924641777392
 -0.9635209932503046
 -0.5722688754972225
 -0.072014472536457833
 0.57982529386499893
 0.96595387926357601
 0.90942370387819937
 0.43614032895789234
 -0.085782380000612515
 -0.70077196909311512
 -0.96712527899890954
 -0.96103643057553478
 -0.68422067110503881
 -0.062901866674132029
 0.45667099943363915
 0.91872544800423994
 0.99140072345479668
 0.68088315202612171
 0.058343548505885939
 -0.46072894167289669
 -0.85001267542088443
 -0.99984523058057562
 -0.86801831666252882
 -0.35284144865526218
 0.32402881048370535
 0.76250619481193627
 0.99991514695253547
 0.77910222189901035
 0.34856478001605873
 -0.18016442982835693
 -0.76545281519641795
 -0.99996421018503501
 -0.77623124422519763
 -0.34428084209006543
 0.33265584354707201
 0.85714940883112156
 0.99999241925486515
 0.77334407831939256
 0.33998972421839152
 -0.18914077831673098
 -0.77129810450025671
 -0.98836016778358704
 -0.85880390863449096
 -0.47568034773834422
 0.19362308257050309
 0.66839346461823534
 0.98904460426414087
 0.92527565750465257
 0.60085371918967001
 -0.046006176477052733
 -0.67178324665396527
 -0.98970841430940926
 -0.85408904984946465
 -0.46762667614742659
 0.20257548370884521
 0.67515901871115491
 0.99035158407570223
 0.92177284038668272
 0.46358516984331394
 -0.20704539389190363
 -0.67852071038842732
 -0.99097410014976495
 -0.91999257823139702
 -0.45953399551266638
 0.21151098616212829
 0.68186825157796627
 0.99157594954908901
