# Created by Octave 8.4.0, Thu Dec 11 09:16:06 2025 IST <gamana@Samsung>
# name: iq
# type: matrix
# rows: 2048
# columns: 1
 0.99706007033948296
 0.8958330830115131
 0.54224716769547932
 0.035908561572159783
 -0.48054559651702428
 -0.86162858570636269
 -0.99998815874124891
 -0.76776059380909523
 -0.18369847411188231
 0.34519391021604329
 0.77684411094735351
 0.98965494219090344
 0.85428309712852479
 0.32742682899836506
 -0.34947630729317497
 -0.77971163284007661
 -0.9902997991842033
 -0.9219174737612722
 -0.5938281674466025
 -0.098455644439192053
 0.55800162607063519
 0.95874864621098477
 0.92013878115657166
 0.45986541708857864
 -0.059314559022868391
 -0.68159522404935846
 -0.96003675884366646
 -0.91834089914126482
 -0.4558054392076315
 0.06387260574650877
 0.5655575416944385
 0.9613048499970458
 0.91652386521001739
 0.58274974275466684
 0.084813229831986955
 -0.43701543014966737
 -0.83573550265197849
 -0.99403645175662203
 -0.79822199612300271
 -0.23162385210571532
 0.44111841487869557
 0.91171342092136254
 0.96450593995209644
 0.69352673492061989
 0.22717892085399657
 -0.44521220012329865
 -0.84071604235180275
 -0.99299901827171977
 -0.79268712746483883
 -0.22272925180653891
 0.3075145173729773
 0.84318003849283296
 0.99244923265600671
 0.68691788519972474
 0.066599024229182319
 -0.45337183085077554
 -0.91725607877992499
 -0.99187874960179634
 -0.68359193739244539
 -0.21381607161106853
 0.45743750616528306
 0.91906542379149492
 0.95952171996815627
 0.68025173333747047
 0.057483207986331115
 -0.46149364166221007
 -0.85046631654676685
 -0.99067573919877039
 -0.78141948139773487
 -0.20488505504967391
 0.46554015275120081
 0.92262657540312143
 0.99004323693862828
 0.77856168107880996
 0.34775691095553296
 -0.181012047936218
 -0.76600708392244765
 -0.99997112992048121
 -0.77568764392683509
 -0.34347161125692577
 0.3334684266427943
 0.85759296924080952
 0.98871630425468959
 0.77279742987957578
 0.19145671714048751
 -0.47762109668853364
 -0.92782390279400195
 -0.95284142018813345
 -0.54120910228613728
 0.11843811123967478
 0.60988050752199152
 0.92951769366217263
 0.98730689364631385
 0.6599150493749707
 0.18248437222101171
 -0.34635271246754379
 -0.86455865896230799
 -0.98657129559318824
 -0.65647701852210572
 -0.025545082696878618
 0.61709316219078447
 0.97694182433784282
 0.88909638161822035
 0.39381295355228096
 -0.1320303058023965
 -0.6206802229306233
 -0.9344826169515198
 -0.94713933381100757
 -0.64955995649615195
 -0.016413681660202538
 0.49755567898470887
 0.93609865989502394
 0.94566435559940187
 0.52186918309512553
 0.011847420072184065
 -0.62781543718359556
 -0.9376951805861069
 -0.94416965564365596
 -0.64258870869742002
 -0.007280911407297354
 0.50545745710063528
 0.93927214572946993
 0.98258500433542573
 0.74910065255297842
 0.30459234863209911
 -0.37192385559131702
 -0.79455462137295907
 -0.99335691254234948
 -0.83905004463376487
 -0.30023946390148659
 0.37615908234565687
 0.88017868087772855
 0.9808469264002444
 0.63203151200921293
 -0.0064191446934956159
 -0.64192815925744795
 -0.94388538104184005
 -0.97994719505386085
 -0.73995487764514356
 -0.29151500094968152
 0.38460591340230282
 0.88447702880257373
 0.97902702699783795
 0.73687533753128009
 0.13740931956298558
 -0.5250259978964078
 -0.88659855654745923
 -0.99841358164780036
 -0.82897243756720596
 -0.28276622004933655
 0.24790410159298104
 0.80821069513822219
 0.99572529684553057
 0.9027410274486326
 0.55545184092149236
 0.051690166626058617
 -0.59629502905811249
 -0.97102161033957579
 -0.95655008992160562
 -0.55164861080812788
 0.10605178105953815
 0.59995480435262905
 0.92484871853944095
 0.95520861010101676
 0.66922913426856767
 0.042566904316534378
 -0.60360206764425894
 -0.97316389613177423
 -0.95384720949172808
 -0.66582883744112153
 -0.038003893997068453
 0.60723674286965779
 0.97420460722463287
 0.95246591648562962
 0.54017021144041599
 -0.11966430631801073
 -0.72466136787698021
 -0.97522500136899581
 -0.89268389624526956
 -0.40106078858848004
 0.27435274166173773
 0.72780075185382342
 0.97622505728464248
 0.89061644973602283
 0.39687326926709543
 -0.27874135800008448
 -0.82661975814466226
 -0.99569075802413742
 -0.70847575239886129
 -0.096594108609186768
 0.55955282499801029
 0.90485507765582107
 0.99525687875389923
 0.70524548009537236
 0.24311538503196514
 -0.28750105989676866
 -0.73712757417115904
 -0.99867954325224162
 -0.80257586383243718
 -0.238683157476864
 0.43458867450450844
 0.83425185842333105
 0.99432686171969897
 0.79984322645688144
 0.2342459522062188
 -0.43869705060168168
 -0.91060240870657128
 -0.99383074335115618
 -0.69546668720317029
 -0.078397537020469157
 0.57459812821741396
 0.91248025753890827
 0.99331389873283826
 0.69217799084072595
 0.073844069414992483
 -0.5783296915312206
 -0.91433907667847591
 -0.96278616099122405
 -0.57002612550934817
 -0.069289061798163326
 0.5820491938319251
 0.91617882735973499
 0.99221807429387854
 0.6855573610751643
 0.21644920623506456
 -0.31363335408881382
 -0.75536443630799988
 -0.99971213028545058
 -0.87117891489750021
 -0.49723192632059321
 0.01678682145707245
 0.64984365241436226
 0.94725899599774077
 0.9343496925360214
 0.49326458698302622
 -0.021352708557315411
 -0.5299548805848584
 -0.94871260618848463
 -0.9768620778668935
 -0.61679945874750275
 -0.12713204761900493
 0.53382203888218283
 0.89134662124414976
 0.99777612566283158
 0.72669694689027298
 0.12260107148084838
 -0.40253343524152485
 -0.81427303824434039
 -0.99662942810420063
 -0.8982322503103175
 -0.54680029173942457
 0.111818945495629
 0.60458623758386465
 0.92703973161485742
 0.98834328900117741
 0.66490690711661848
 0.036769779306858492
 -0.60821749558721294
 -0.97448255748183354
 -0.8941805000132218
 -0.40411060522842152
 0.27114732344725678
 0.82214907306128493
 0.99765975996171241
 0.89212663156298533
 0.39992917948887952
 -0.12542227113201657
 -0.72864713064226683
 -0.99796160082336238
 -0.80994942734813913
 -0.39573941326269363
 0.27992717644922605
 0.82731412497246393
 0.99824262928657892
 0.88796312222442753
 0.52754167927373141
 -0.13447823415134474
 -0.62261493107687904
 -0.93535909167438946
 -0.94634402792105321
 -0.52365662880302632
 -0.013944010476629697
 0.62618201549604879
 0.97935339388659615
 0.88372553971140766
 0.51976065752092315
 -0.14352297910378442
 -0.74103566595754
 -0.99896078384832598
 -0.79910137170836293
 -0.37889869360588097
 0.14804090898369313
 0.74409432488454708
 0.99915850845176379
 0.87941423751967451
 0.37466853901919855
 -0.30177304967578189
 -0.74713746579205531
 -0.99933539569536944
 -0.79357712565744809
 -0.22415359729702769
 0.44799072936945222
 0.84239350276754099
 0.99949144189017325
 0.79079014877531362
 0.21970075948765599
 -0.4520688672583606
 -0.91667307041071988
 -0.96120197379681016
 -0.56524972821919961
 0.089734288541684554
 0.70359660185644102
 0.99502820025237515
 0.83047741737293346
 0.42844503095117697
 -0.24529109971148036
 -0.80661994410453486
 -0.99830651825468786
 -0.73250838662359352
 -0.28097160936039361
 0.3947399088445982
 0.80931077782195759
 0.99803044958313381
 0.82535504383922009
 0.27658593871262194
 -0.2541351571057559
 -0.81198473343668831
 -0.99629922676406035
 -0.89995317116830897
 -0.41602618226756172
 0.10791149863785485
 0.60145017929395483
 0.97253991269956919
 0.89795276462020879
 0.54626812228350208
 -0.11245041177028113
 -0.71963733443714317
 -0.9735926090972632
 -0.89593363134887194
 -0.54243730608508978
 0.11698697975956758
 0.60872179337582033
 0.9746250013096236
 0.95189442639165989
 0.66101227105375193
 0.031570627410806427
 -0.61233859600670459
 -0.93065842280746569
 -0.98680891655207459
 -0.76497231087746009
 -0.32764065821860855
 0.34926425570076991
 0.86611506565767937
 0.99990514541943798
 0.76202308726945134
 0.17493574847331317
 -0.49231777972205676
 -0.86838867774697637
 -0.99983182094896295
 -0.75905797173923528
 -0.31899781343993666
 0.21092500762195274
 0.68142960689816001
 0.95997339521829839
 0.91843044802288765
 0.45600686385751488
 -0.063646753480351467
