# Created by Octave 8.4.0, Thu Dec 11 09:16:06 2025 IST <gamana@Samsung>
# name: iq
# type: matrix
# rows: 2048
# columns: 1
 0.99706007033948296
 0.81741217677477895
 0.2631763561998442
 -0.41166286191191009
 -0.89785314323009247
 -0.99669975492155383
 -0.81477298767905471
 -0.25876789299367536
 0.27197672523161615
 0.72610466550790553
 0.9977183133033527
 0.81211680656676566
 0.25435403320662997
 -0.27636844752632383
 -0.72923708866562187
 -0.97667740455693652
 -0.94898469904253735
 -0.65396009222976592
 -0.022214290997900961
 0.61971144815431445
 0.97764774684509548
 0.94753482023462876
 0.65049842763434806
 0.017648480643128749
 -0.62328907253604104
 -0.97859770037839833
 -0.94606518067421075
 -0.64702319695337762
 -0.013082302230897626
 0.50044297299076146
 0.93726536135324057
 0.94457581101048138
 0.5190242297318719
 0.0085158509884466927
 -0.50439146910589572
 -0.9388476181633828
 -0.98281373076484568
 -0.74991820004097443
 -0.15669884238927639
 0.50832944618280662
 0.94041029539182541
 0.98196046852828767
 0.74688936492934765
 0.30141723570001927
 -0.22896505360363265
 -0.69484718481991314
 -0.99373479575595003
 -0.8372327419467338
 -0.43947131954170243
 0.23340805554780536
 0.69812411955698905
 0.99423482618450487
 0.834726723741544
 0.43536466339879998
 -0.086640958364850085
 -0.58423955633417979
 -0.9673440726117527
 -0.96079785708328713
 -0.68359193739244539
 -0.062041763045416379
 0.5879397169116356
 0.96849149417710867
 0.95952171996815627
 0.56026686158099936
 -0.095736315726760557
 -0.59162761605977232
 -0.92085560177722303
 -0.99067573919877039
 -0.78141948139773487
 -0.3520349582153795
 0.17651889277400565
 0.65534683009168626
 0.94956155470422277
 0.93173685042504906
 0.61467493103747084
 -0.028613416223251562
 -0.65878935756162205
 -0.98706798589555911
 -0.93006880782054413
 -0.48293989111003849
 0.033177953663624922
 0.53994946709703096
 0.89461555903131029
 0.99726570321822938
 0.81898303909962988
 0.40999034014640989
 -0.26494572488577295
 -0.8184675601388407
 -0.99691782759704184
 -0.81635404255404231
 -0.26140610184024543
 0.41333399829856854
 0.89865934540983339
 0.99654916134521687
 0.81370802101913009
 0.2569954597374593
 -0.27374159579893415
 -0.82368099394745231
 -0.99784048800762737
 -0.81104502967743974
 -0.25257945801771692
 0.42163336854287486
 0.82626197125556577
 0.99813004161283114
 0.80836512406540517
 0.24815818877633955
 -0.28251463140679067
 -0.82882571694540641
 -0.99531849785788795
 -0.80566836007221854
 -0.38905897338469098
 0.28689235719527861
 0.73669800137329189
 0.9789735583027539
 0.88459937535560251
 0.52135769715095059
 0.011247956082341949
 -0.50203036872450668
 -0.93790331511077729
 -0.94397197361676277
 -0.51745531617108087
 -0.0066814220535604723
 0.50597464915570589
 0.93947771061620244
 0.94245500051237052
 0.63862173069241412
 0.15488675998232163
 -0.37248028622255525
 -0.87828874934801482
 -0.9816119409268943
 -0.63510089645229451
 -0.15037354922751256
 0.51383147181467992
 0.88046307274605584
 0.9990655247378426
 0.83622815318000376
 0.43782274524140236
 -0.083918673314793177
 -0.58201994412750735
 -0.96664793069210975
 -0.9615517828446648
 -0.56629770197952101
 0.088468395322842105
 0.7026928983702091
 0.96780742505491923
 0.90637927826073139
 0.42959307273497971
 -0.093016272330551625
 -0.70593475145094076
 -0.96894673588189228
 -0.95900345199133619
 -0.55874639580788033
 0.097562209492346161
 0.59310560008093594
 0.970065839412798
 0.90248296796936045
 0.55495322438255723
 0.051091454836268826
 -0.46716293429097694
 -0.92333257210777409
 -0.98978334287695413
 -0.67217172528928704
 -0.19861549143985219
 0.33089133571998847
 0.85618450009160074
 0.99998338686828148
 0.77452856646619817
 0.34174815640461548
 -0.18730375783299533
 -0.66359162882274891
 -0.9529437020089786
 -0.97384861061456984
 -0.60598684772426525
 0.039574909776025805
 0.66700103896563889
 0.95431814982942342
 0.97280090994462021
 0.60234783019754723
 0.10902893617327254
 -0.54914848010589656
 -0.95567269543164057
 -0.97173292160015401
 -0.59869625076160626
 -0.10448831771420683
 0.55295926305115228
 0.95700731056670041
 0.97064466785397419
 0.71084844417378734
 0.099945520160762913
 -0.4232961049202259
 -0.90341624705829937
 -0.99557885146941183
 -0.80728383888807087
 -0.39157449206599887
 0.28427390587818346
 0.73484765382093153
 0.99850087127598641
 0.88587025652170326
 0.38736837114448691
 -0.28864923917442065
 -0.73793727806691978
 -0.97934612166406976
 -0.94487015805853269
 -0.64422137197363261
 -0.16209344886943333
 0.50361607496346472
 0.93853811251994479
 0.98297906068894725
 0.75051179158575143
 0.30662304814909491
 -0.3699432713764611
 -0.87697910545821811
 -0.98212982640030599
 -0.74748602601074754
 -0.30227311873356855
 0.22809105349444225
 0.79603016489417455
 0.99363405851934006
 0.91132818929290016
 0.57229837309841147
 0.072050349334576741
 -0.44849447889429384
 -0.91506590390669518
 -0.99255894810305934
 -0.79044509135062824
 -0.21915095954309027
 0.31100361850239777
 0.84514690900176237
 0.99199253296624257
 0.7876395915612161
 0.21469298093651523
 -0.31534061241499911
 -0.75654178775331737
 -0.9997536648213502
 -0.87029449877232379
 -0.49567070227032711
 0.018585051827564647
 0.65120959186310456
 0.98541032809912954
 0.9337072685669523
 0.61897600677404019
 -0.023150774917322287
 -0.53147920723192421
 -0.89008831623897289
 -0.99795681568327577
 -0.72859580436412763
 -0.27546808524222111
 0.39999786249010028
 0.81266302441925942
 0.99639851903967125
 0.89944549379827754
 0.54911591336694676
 0.044098695398711543
 -0.47334126036248592
 -0.85743953082215774
 -0.99999445474069881
 -0.77298668273926852
 -0.1917494444772776
 0.47735904032707566
 0.8597805469246087
 0.99999923556248349
 0.77008140280426618
 0.18726547958237305
 -0.4813668650123139
 -0.86210363238193932
 -0.99998316149114752
 -0.85616436596190981
 -0.33085456280870268
 0.19865368271168296
 0.67220057632316854
 0.98978889813172288
 0.85379580524712417
 0.32654159604364524
 -0.20312730130549891
 -0.78029781049337732
 -0.99988845044492602
 -0.76126944716425282
 -0.32222181928327015
 0.20759668369791792
 0.67893456395442775
 0.99104948644627844
 0.91977156312829089
 0.589391168527723
 0.092977473443056291
 -0.42962826117457042
 -0.90639574008318169
 -0.96779761645292528
 -0.70266517253854011
 -0.088429580290714641
 0.5663298188059166
 0.96156248358398699
 0.91614879190854781
 0.58198825609795224
 -0.069363819495882412
 -0.57008769495754075
 -0.91021611766474197
 -0.96545812433611755
 -0.69613732157130026
 -0.079328356297880168
 0.44195888401493288
 0.91209785256361786
 0.99342125967229156
 0.69285158515640288
 0.22626658887462139
 -0.44605077170474
 -0.84122288775530896
 -0.99941993537090434
 -0.87607732087417323
 -0.36820208639785201
 0.15943521000682429
 0.75174855637980043
 0.98332152122197891
 0.87386625423198439
 0.5019966670780156
 -0.011286921366840215
 -0.52139094943325148
 -0.88461754736578802
 -0.99864466811201003
 -0.83135052191134728
 -0.42986238302334001
 0.092719308022253741
 0.58918168552607597
 0.96887294385010581
 0.90456774862840683
 0.55899372385679502
 -0.097265374769810842
 -0.59286544267210095
 -0.92145349640436791
 -0.9904652730898702
 -0.78045994350139924
 -0.20338117444642889
 0.32629651289707595
 0.85366079045161969
 0.98982582367035443
 0.67239252067048605
 0.19890779387472421
 -0.33060986872416237
 -0.85603036345722139
 -0.9891657315232979
 -0.66900525770106134
 -0.042265924691819438
 0.47495642003635669
 0.92668921420137795
 0.95375670291416725
 0.66560404268784568
 0.18994868149788283
 -0.47897021095696141
 -0.92839584955559185
 -0.95237409868406786
 -0.53991666762498181
 -0.033139007333575714
 0.48297401299739762
 0.93008312329877818
 0.98706173852927093
 0.65876004054756543
 0.028574464398634095
 -0.48696774265868809
 -0.93175100024300717
 -0.94954933444649325
 -0.53220646707443442
 -0.024009325545807508
 0.61830127688002512
 0.97726866500719145
 0.94810723334922808
 0.65186108517083774
 0.019443685980708409
