# Created by Octave 8.4.0, Thu Dec 11 09:16:06 2025 IST <gamana@Samsung>
# name: iq
# type: matrix
# rows: 2048
# columns: 1
 0.99706007033948296
 0.71979445629436789
 0.2631763561998442
 -0.26757933088703667
 -0.72295709950342013
 -0.99739959216031482
 -0.81477298767905471
 -0.40332217000396425
 0.12174574039319934
 0.72610466550790553
 0.9977183133033527
 0.81211680656676566
 0.25435403320662997
 -0.27636844752632383
 -0.82522724334078956
 -0.99801622712169602
 -0.88966097771079677
 -0.53068550131166847
 0.13080603864129745
 0.61971144815431445
 0.93404224138678449
 0.94753482023462876
 0.65049842763434806
 0.17021463217652491
 -0.49648404018293579
 -0.93566355795921996
 -0.94606518067421075
 -0.5229222527763302
 -0.013082302230897626
 0.62685369828083859
 0.97952724534565039
 0.88332189054261379
 0.3823247730738224
 -0.14437579056859726
 -0.63040525104876677
 -0.9388476181633828
 -0.98281373076484568
 -0.64003232751865924
 -0.0039492221486906965
 0.63394365677250586
 0.94041029539182541
 0.98196046852828767
 0.74688936492934765
 0.30141723570001927
 -0.37501452045592854
 -0.79657321781796253
 -0.99914313223323781
 -0.74384495350793745
 -0.29705977382799137
 0.37924403260955986
 0.88175517967331396
 0.99894370498287544
 0.834726723741544
 0.29269611680139745
 -0.23784618978820501
 -0.70138649497904204
 -0.9673440726117527
 -0.90715275704229548
 -0.5640436772560169
 -0.062041763045416379
 0.45743750616528306
 0.8480552264261183
 0.99128758100646241
 0.68025173333747047
 0.20935274634661827
 -0.46149364166221007
 -0.85046631654676685
 -0.99067573919877039
 -0.67689734269446189
 -0.052923454120163547
 0.5953031768677769
 0.97072572039354965
 0.95690944055429616
 0.67352883541892117
 0.048362596540172997
 -0.59896632268215722
 -0.92437830773569063
 -0.95557335273441868
 -0.54886662494658134
 -0.043800730362636646
 0.60261697710835183
 0.92611076224270938
 0.98871630425468959
 0.77279742987957578
 0.33917914848910674
 -0.18998693966562338
 -0.77184632306809275
 -0.99999882230188708
 -0.85836209249050632
 -0.33487961217098988
 0.34206505440574203
 0.862254728491333
 0.98730689364631385
 0.6599150493749707
 0.030110031711012196
 -0.61349323202917039
 -0.93119209952337212
 -0.98657129559318824
 -0.65647701852210572
 -0.17799244441910247
 0.35063314737503665
 0.78048430577675221
 0.99047064063879786
 0.8512529665268137
 0.32193945930560336
 -0.35490626986012647
 -0.86911238135537339
 -0.99980395440413061
 -0.75810582758173006
 -0.1689975465227028
 0.49755567898470887
 0.87136207831000456
 0.98424111581431162
 0.75511982966047653
 0.164494764015997
 -0.50151179753412556
 -0.9376951805861069
 -0.98342331467676902
 -0.64258870869742002
 -0.007280911407297354
 0.50545745710063528
 0.93927214572946993
 0.98258500433542573
 0.74910065255297842
 0.30459234863209911
 -0.22572055441760619
 -0.69244728475509543
 -0.96410949048091532
 -0.91232751373217513
 -0.4424616353320619
 0.23016704923830103
 0.79731920643367349
 0.99387206381583204
 0.83655675988810607
 0.43836165735905963
 -0.2346087439461009
 -0.69900780262412576
 -0.99436648797780181
 -0.90854972200353745
 -0.56679171182125632
 -0.065366737446402923
 0.4544722474186727
 0.84628500582049038
 0.99969668159732372
 0.78632374567415608
 0.21260949086681319
 -0.45853535123706013
 -0.84870900418237416
 -0.99979872672709624
 -0.86924208047228424
 -0.35515146651018259
 0.17323849331905522
 0.65282663806760977
 0.94851151593640592
 0.93294154673311502
 0.61729952884911965
 -0.025282884424066471
 -0.6562791438151202
 -0.94994809580360839
 -0.97601375467033502
 -0.61370033579439642
 -0.12323172689716683
 0.40195163755402535
 0.81390399247921841
 0.99657709558577379
 0.82089030337516489
 0.41302690829119881
 -0.11118743406544458
 -0.60407993511190405
 -0.92680126506087157
 -0.98843983512506073
 -0.77163187100420239
 -0.18965584981998099
 0.47923200562359664
 0.86086770125102496
 0.98773715340256729
 0.66196542496401622
 0.18517004939254975
 -0.48323515238183556
 -0.93019264499265608
 -0.98701387251156136
 -0.76579026388864402
 -0.18068038726057722
 0.34807306442268504
 0.7787732659358052
 0.99992184282293362
 0.76284547406125769
 0.17618695705555892
 -0.35235057260061453
 -0.78162986490910868
 -0.99985432172435307
 -0.85028888000473257
 -0.46119445201813503
 0.20968248266632986
 0.78447016306265849
 0.99133194181980266
 0.84787648216215594
 0.4571376091762453
 -0.21414548183765864
 -0.68383802411548178
 -0.99192158334645664
 -0.84544640193264708
 -0.45307123277109945
 0.066935492729034415
 0.56808628456274546
 0.9092054270907165
 0.96608945909027666
 0.58025259939119722
 -0.071491258666853949
 -0.57183861803164726
 -0.91109728423998393
 -0.99369705014212939
 -0.69460463034444542
 -0.0772021633450269
 0.44387101636617432
 0.91297014053824677
 0.9931747655467954
 0.69131213729148444
 0.072648282209853754
 -0.44795857031246838
 -0.84237411919693606
 -0.99263176838203893
 -0.68800522698678646
 -0.21973585073413712
 0.31043378884142714
 0.8448263018309673
 0.99206806997202313
 0.68468396839564494
 0.21527846681165561
 -0.4561055667485257
 -0.84726086568929992
 -0.99974017928601222
 -0.78518905320560317
 -0.35770425901355962
 0.31910292536187457
 0.75913017088655255
 0.99983384877874237
 0.86833367476890355
 0.35343597986706526
 -0.32342755649263732
 -0.76209490119393808
 -0.99990666682747809
 -0.86605962344102483
 -0.34916032984535117
 0.17953931786032531
 0.65766218888049544
 0.98682686534507946
 0.93061783695940536
 0.48425043128684137
 -0.031681480166081341
 -0.53868862145428353
 -0.89394552532936078
 -0.97460016917982983
 -0.60863379684069807
 -0.11687683236262683
 0.5425304763448201
 0.95331735554538732
 0.92723629695034715
 0.60500399200341626
 0.11234020629758215
 -0.54636101681158478
 -0.89800156890714844
 -0.99667232388470672
 -0.71638156055294167
 -0.25844214320731507
 0.41612703440426646
 0.90000152013413215
 0.99628968778454041
 0.81191999367161027
 0.25402788856811498
 -0.27669251862572475
 -0.72946779440294807
 -0.99803740086770543
 -0.80924562749002904
 -0.24960833620042683
 0.42441466144202417
 0.82798706032986946
 0.99546209140484987
 0.70675590591426907
 0.094171220419915477
 -0.42854524143090444
 -0.83053919395180253
 -0.99501714838476762
 -0.80384632102063036
 -0.38622951874564443
 0.28983142998495609
 0.83307400675438814
 0.99880162570560704
 0.80112149333480798
 0.23631881496075158
 -0.43677950363603685
 -0.83559144587430434
 -0.99901471413331877
 -0.7983799583331106
 -0.37778881381560825
 0.1492265986468464
 0.74489481655070955
 0.98138984345368674
 0.94142434045552237
 0.63625671236885806
 0.15185361630993485
 -0.51254640924252104
 -0.87975221252868729
 -0.9991291183794988
 -0.74361952882577431
 -0.14733828734210935
 0.37955604050049663
 0.79952826721899239
 0.99892815261664103
 0.83454098068776961
 0.43506105404562229
 -0.086976906331164811
 -0.7016268198592065
 -0.96742949194927785
 -0.90701080238006038
 -0.56376518666406916
 0.091525398699506169
 0.58821246313156828
 0.96857542285893772
 0.90507827123668394
 0.42681926135309134
 -0.096071982314009
 -0.70810545029073779
 -0.99564197502935825
 -0.90312686476827797
 -0.42268497007417344
 0.10061656235602887
 0.71132264799552403
 0.99605747492512753
 0.90115662367122262
 0.41854186373866809
 -0.10515904404881884
 -0.71452501113115185
 -0.97189192478739406
 -0.89916758903474137
 -0.41439002875065545
 0.26028622188069594
 0.71771247291264939
 0.996826148420485
 0.8971598023399584
 0.54476078736602618
 0.038900987211602449
 -0.47791734039237166
 -0.92794963970399535
 -0.95273903001207627
 -0.5409255064241385
 0.11877295193178608
 0.61014771823920522
 0.92964200032564304
 0.9513417760410976
 0.5370789445299804
 -0.12330609336432669
 -0.72718478695228606
 -0.97603006659610958
 -0.9499246819238828
 -0.65622259989165388
 -0.025207970311606029
 0.61735848295232298
 0.97701376738129042
 0.88894197826965471
 0.39350296080787661
 -0.13236456713272088
 -0.73342394586459891
 -0.99838390828355505
 -0.88684106715721245
 -0.38930057845837962
 0.13688971055489954
