# Created by Octave 8.4.0, Thu Dec 11 09:16:06 2025 IST <gamana@Samsung>
# name: iq
# type: matrix
# rows: 2048
# columns: 1
 0.99706007033948296
 0.71979445629436789
 0.11267528621267162
 -0.54607854638925091
 -0.89785314323009247
 -0.97259255895290297
 -0.60163096747855127
 0.045034489605138867
 0.67106240716536125
 0.95593663795513129
 0.97152058492562143
 0.71342420240216764
 0.25435403320662997
 -0.41996921323270014
 -0.9018370479926181
 -0.99591677378527643
 -0.710216724570086
 -0.099052217956670074
 0.42410929452530416
 0.82779791753061049
 0.99549412439592866
 0.70699443523279637
 0.24551049220311386
 -0.42824053105714127
 -0.90574572222887484
 -0.99505071406714374
 -0.7037574015908532
 -0.24108099541788655
 0.43236283667164604
 0.90767174576048582
 0.96703030897644238
 0.58323682590797477
 -0.067831209437063375
 -0.56882488187623792
 -0.96239019836420125
 -0.91492984919274301
 -0.57952119936716195
 0.072386689777034482
 0.5725748770931568
 0.96362080435019881
 0.96466407232768558
 0.69395851144652154
 0.076307054549183448
 -0.44467530925009219
 -0.91333608119151988
 -0.96345076458911849
 -0.57205376644090067
 -0.071752868069691278
 0.58003896657922716
 0.96602170240438701
 0.96221736417247017
 0.56830211578808398
 -0.086043693232830662
 -0.7009590538261754
 -0.96719194440206513
 -0.96096389680019023
 -0.68402937113825946
 -0.21440167295751505
 0.31562363430071849
 0.84773739218477961
 0.99136636673651912
 0.68069103463022174
 0.20993892776505721
 -0.46096171270085173
 -0.85015080695475087
 -0.99984981054348077
 -0.78179343507867682
 -0.20547180431535203
 0.32427693142512543
 0.76267586066973059
 0.98622665999936832
 0.86561044910871676
 0.34831893420021354
 -0.1804224147503094
 -0.65833821591201358
 -0.95079812180511336
 -0.97541527964386687
 -0.72525496053724303
 -0.27078809389396219
 0.40445193887085795
 0.81548838195195372
 0.99679924583888657
 0.89730870389519868
 0.41053706793381189
 -0.26436759761487083
 -0.81812296642813798
 -0.99715393876895353
 -0.89528358719251666
 -0.40636866435859498
 0.26876907226385538
 0.820740489024255
 0.99748783614430614
 0.89323979943204135
 0.40219178600183031
 -0.1229714388149704
 -0.61349323202917039
 -0.93119209952337212
 -0.95003000237158464
 -0.53350643239463069
 0.12750220183209923
 0.73008157988849232
 0.97694182433784282
 0.88909638161822035
 0.39381295355228096
 -0.28193949870042923
 -0.82849014143618427
 -0.99836468747738893
 -0.88699683797548301
 -0.38961117419928509
 0.286318003155562
 0.73629247129767361
 0.97885109125774172
 0.88487879609434716
 0.38540126954067483
 -0.29069053647477588
 -0.73937491633562791
 -0.99884516116837307
 -0.80058386130778225
 -0.38118332737363553
 0.14559771938948285
 0.63136344189249582
 0.98067870320139328
 0.94265526511560149
 0.63908294668798704
 0.0027142508996653475
 -0.509392575397842
 -0.94082952243764828
 -0.94112121559772
 -0.51013398334824778
 0.15462763684080572
 0.6384198765100676
 0.98242450771086454
 0.93956753908246515
 0.63203151200921293
 0.14645026886832396
 -0.51723086013975772
 -0.94388538104184005
 -0.93799426797162899
 -0.62848598639690056
 -0.141931274197549
 0.52113386311773913
 0.94538379920820492
 0.93640143507562779
 0.49830303575211032
 -0.01555200480670464
 -0.5250259978964078
 -0.88659855654745923
 -0.99841358164780036
 -0.82897243756720596
 -0.42600721445523398
 0.24790410159298104
 0.80821069513822219
 0.99572529684553057
 0.9027410274486326
 0.42187118343784913
 -0.25232567056790139
 -0.71195336393539066
 -0.99613671377553947
 -0.90076708853249832
 -0.41772635433529737
 0.25674197731389409
 0.71515280292566097
 0.99652735636496814
 0.89877436420064549
 0.4135728135876256
 -0.26115292972931092
 -0.8162025324656873
 -0.99721854071469085
 -0.81861822739462087
 -0.26519862563593694
 0.26555843582412669
 0.72150687115320833
 0.99724628636823809
 0.81598685847420904
 0.40523994382358991
 -0.26995840372191243
 -0.72466136787698021
 -0.99757455878886059
 -0.89268389624526956
 -0.40106078858848004
 0.12419694968429182
 0.72780075185382342
 0.97622505728464248
 0.89061644973602283
 0.53246148620005185
 -0.12872700293448133
 -0.61806448346233855
 -0.97720475411549423
 -0.94820297322449965
 -0.52859042667655221
 -0.019744878889376392
 0.49466286186017294
 0.93492156727054621
 0.94674240283801925
 0.64862049466800065
 0.16778020311875363
 -0.49862655892901125
 -0.87196734401615261
 -0.98402198209493885
 -0.75430961863744106
 -0.3121059213139159
 0.21801897161530401
 0.6867272513369036
 0.99241702790969344
 0.84332102103461049
 0.44953100410935642
 -0.22247354961983337
 -0.79252720497175122
 -0.99296800256705919
 -0.91368666731604986
 -0.44544703957558268
 0.22692348795870262
 0.79530388498163285
 0.99349826896703219
 0.83837750983358095
 0.29906123418645231
 -0.23136869382886627
 -0.79806397900131565
 -0.99400781605094846
 -0.83587950193743465
 -0.43725132659997279
 0.084551888970616357
 0.69989041958487663
 0.99449663319225301
 0.83336406185027223
 0.29033344048779852
 -0.385745604551474
 -0.80353417917116288
 -0.99859563564291698
 -0.73603989517876467
 -0.13618595147561138
 0.38995484850427714
 0.8871691067668438
 0.97782857412509716
 0.6203875739834438
 -0.021352708557315411
 -0.65330788260348704
 -0.94871260618848463
 -0.93271256994566776
 -0.61679945874750275
 0.025918150348734747
 0.53382203888218283
 0.89134662124414976
 0.99777612566283158
 0.72669694689027298
 0.12260107148084838
 -0.53767806436940646
 -0.89340751673744401
 -0.97486798882213244
 -0.72355223348021303
 -0.26840959403777453
 0.2623448515520968
 0.81691543813106104
 0.99699366665647393
 0.8179083083455142
 0.40828360327801405
 -0.26674886901136602
 -0.81954080132062368
 -0.99733711299649053
 -0.8941805000132218
 -0.40411060522842152
 0.12089031888782699
 0.61183606927000023
 0.93042572176579064
 0.98691159380281812
 0.65805726073601745
 0.027641105913960573
 -0.48778306643467773
 -0.93208962847817134
 -0.98616486570447182
 -0.65461181617511821
 -0.17556138821270462
 0.4917645537289167
 0.93373409654612172
 0.94780994075947012
 0.65115271974429956
 0.018510126722055167
 -0.49573578531813189
 -0.93535909167438946
 -0.98460972637384481
 -0.64768004358274611
 -0.16656260382129034
 0.49969667838260029
 0.93696457997385907
 0.98380134757385818
 0.64419386011276003
 0.16205795421785563
 -0.36573017458993407
 -0.79049099111966836
 -0.99950690302815837
 -0.75048801991438008
 -0.15754992491049469
 0.5075871187384684
 0.94011690256467528
 0.94182799823717644
 0.63718126234391137
 0.00024429786608070703
 -0.63680461873801897
 -0.94166367111461102
 -0.98125317822176994
 -0.63365499429213756
 -0.14852410331082228
 0.51543521658228852
 0.94319080135431788
 0.93871905077095341
 0.50406919266205064
 -0.00888902807713364
 -0.64382007479711412
 -0.98371364343916834
 -0.93713519537574463
 -0.6265628875523116
 -0.13948589194904606
 0.38688470737265507
 0.80426869762729047
 0.99852944644533925
 0.73520333023961781
 0.13496237568132852
 -0.52712654000017511
 -0.94765404578221224
 -0.93390888641622483
 -0.49218992910733028
 0.17508036017107351
 0.65424237668371188
 0.98608375471180088
 0.93226650013630397
 0.48820953511299425
 -0.1795747034948168
 -0.76506690164023927
 -0.9999589584465447
 -0.77660906097009597
 -0.19736970342468849
 0.33209042260241678
 0.8568404695954106
 0.98893415006519447
 0.77372401677528169
 0.3405534540986504
 -0.18855206144897776
 -0.77091639718964367
 -0.9882687863743751
 -0.8591108828376951
 -0.47620759684024633
 0.19303488885735581
 0.77381705929149447
 0.999989234473461
 0.76790558105748985
 0.18392093090953235
 -0.34498149975932563
 -0.86382339081746407
 -0.98680891655207459
 -0.76497231087746009
 -0.17943021069180032
 0.48833771457423181
 0.93231962663817081
 0.94905603615612644
 0.53087730334898209
 0.022440547329730196
 -0.6195338153095219
 -0.97760013965018611
 -0.88767067904748709
 -0.52700171892661862
 -0.017874757691161602
 0.62311208192578837
 0.97855110405788837
 0.94613847642405335
 0.52311514393130676
 0.013308595276146836
 -0.50024702550037847
