# Created by Octave 8.4.0, Thu Dec 11 09:16:06 2025 IST <gamana@Samsung>
# name: iq
# type: matrix
# rows: 2048
# columns: 1
 0.99706007033948296
 0.71979445629436789
 0.2631763561998442
 -0.41166286191191009
 -0.82003431881388944
 -0.99739959216031482
 -0.89379434027545168
 -0.53840448048633571
 -0.031344426666491253
 0.61251750219373202
 0.9756866937503218
 0.89173695753970295
 0.39913916364882279
 -0.126277206267076
 -0.6161208997466926
 -0.97667740455693652
 -0.88966097771079677
 -0.53068550131166847
 0.13080603864129745
 0.73235430365016874
 0.9982933274023793
 0.88756644408310237
 0.52680937032475517
 -0.13533214306748165
 -0.62328907253604104
 -0.93566355795921996
 -0.98445874839776404
 -0.7559288889967074
 -0.16571279352017626
 0.36227941227075194
 0.78821639611625471
 0.99961637728604458
 0.75293139567673473
 0.31011321061357677
 -0.22006481733715735
 -0.79101851933410983
 -0.99947947189198894
 -0.84219234522037123
 -0.30576841154300655
 0.22451727661408843
 0.79380414593267479
 0.99932172244443662
 0.83972129973922371
 0.4435688105502032
 -0.077538373483401396
 -0.57680275981140672
 -0.9649887322131383
 -0.96328999306189333
 -0.5715619408474234
 0.082090521919315831
 0.58052721149389108
 0.91542760447624616
 0.96205395684648265
 0.56780872985143183
 0.066599024229182319
 -0.45337183085077554
 -0.91725607877992499
 -0.96079785708328713
 -0.68359193739244539
 -0.21381607161106853
 0.45743750616528306
 0.8480552264261183
 0.99128758100646241
 0.78426098528443078
 0.20935274634661827
 -0.32052155160483159
 -0.85046631654676685
 -0.99986002074606939
 -0.78141948139773487
 -0.3520349582153795
 0.32484398121003566
 0.76306347130970409
 0.98632564038788906
 0.93173685042504906
 0.61467493103747084
 -0.028613416223251562
 -0.65878935756162205
 -0.98706798589555911
 -0.93006880782054413
 -0.61106639304019938
 0.033177953663624922
 0.6622181460394142
 0.98778974619014315
 0.86069606453987113
 0.47893600348116838
 -0.037741799180791728
 -0.66563312401798547
 -0.95376841510680677
 -0.97322421740503984
 -0.71851977171296921
 -0.1108522977199087
 0.54761443469753268
 0.89865934540983339
 0.97216437610049722
 0.71533610577853302
 0.2569954597374593
 -0.27374159579893415
 -0.72736480393270331
 -0.976087115172108
 -0.89090525512361429
 -0.39745647397782563
 0.12809678987676251
 0.73049112569938079
 0.99813004161283114
 0.8888218168869445
 0.52912975935153383
 -0.13262453776289626
 -0.62115016073397611
 -0.97803180066825379
 -0.88671984235211354
 -0.38905897338469098
 0.1371495197763625
 0.62472257242825535
 0.93630935971701046
 0.94546926027148714
 0.64562337082936083
 0.16390339698880679
 -0.3639886666551847
 -0.78934400614948819
 -0.99956388649198535
 -0.7517228585266672
 -0.30836864826151417
 0.22185395632415195
 0.79213950956971435
 0.99289257270480324
 0.84120181769794744
 0.30402127670330764
 -0.37248028622255525
 -0.79491849299250317
 -0.99342572139859497
 -0.91208187615920255
 -0.44192392822442306
 0.23075041581171793
 0.69616529633341284
 0.96546827697460613
 0.91019997911661832
 0.57005567924401146
 -0.083918673314793177
 -0.58201994412750735
 -0.96664793069210975
 -0.90829909993624047
 -0.4337124315048439
 0.088468395322842105
 0.7026928983702091
 0.96780742505491923
 0.96028763077360757
 0.56252791462795315
 -0.093016272330551625
 -0.58942264809752398
 -0.96894673588189228
 -0.90444055412780355
 -0.42546475484063667
 0.24848484721087891
 0.70916188232663657
 0.970065839412798
 0.90248296796936045
 0.55495322438255723
 0.051091454836268826
 -0.46716293429097694
 -0.85381609152676541
 -0.99994663618800206
 -0.77740910920537365
 -0.19861549143985219
 0.47119581278114436
 0.85618450009160074
 0.99998338686828148
 0.86208388551710813
 0.34174815640461548
 -0.33519734327953327
 -0.77010626153079897
 -0.98807388314734257
 -0.92769806037374358
 -0.60598684772426525
 -0.11356728084380324
 0.41084453748590954
 0.81952018909452262
 0.99733448906692401
 0.81529316103758886
 0.2596349677644772
 -0.41500374368247817
 -0.89946252330987009
 -0.99639521405824028
 -0.81264031596820996
 -0.25522216160828837
 0.27550554513713005
 0.82471985682978322
 0.99599741848162138
 0.80997052335894038
 0.39577244673708739
 -0.27989264407547659
 -0.73174270439393807
 -0.97745859982628591
 -0.88797966488985158
 -0.39157449206599887
 0.28427390587818346
 0.82985072709325425
 0.99850087127598641
 0.80458031858614487
 0.24195217599768648
 -0.4315531551349901
 -0.90729460854494737
 -0.99467943848793638
 -0.80186001883484936
 -0.23751863257405997
 0.43566822324319554
 0.83491237187186829
 0.99419861127584652
 0.79912299636577122
 0.23308013572095032
 -0.43977420553022362
 -0.91109728423998393
 -0.96490022720293422
 -0.57652725677815253
 0.076045533660961007
 0.69376963989668572
 0.96459493207099567
 0.9115748296758901
 0.57278989074160702
 -0.080598222732407257
 -0.69705133323988455
 -0.96578927795253033
 -0.96246141992976164
 -0.56904057922395446
 -0.068092886001361541
 0.45203678212348919
 0.8448263018309673
 0.99962566030275579
 0.87282740331773245
 0.50015098889807286
 -0.16604534267755786
 -0.64728028114969927
 -0.94617437850265707
 -0.93554450172266268
 -0.62302533315261921
 0.017985648096398261
 0.52709597262535235
 0.94764255991038049
 0.9339217455717761
 0.61944675186580489
 0.13047170763585367
 -0.39525761693508338
 -0.80964165812629452
 -0.99799493988328547
 -0.82503673372531272
 -0.4196631483833223
 0.25468014892050156
 0.71366046350530787
 0.97160043594038459
 0.95583758460567037
 0.67081235308410769
 0.19681722358073409
 -0.4728130847931325
 -0.92577170863838576
 -0.95448548382986664
 -0.54579601386796173
 -0.040135000622663876
 0.60554086019085052
 0.97372110498126263
 0.95311347734608709
 0.66401085889695832
 0.035571556033356613
 -0.48084130178777795
 -0.9291862464554993
 -0.95172159376741927
 -0.53812027829209996
 -0.03100736960251144
 0.4848404102377788
 0.93086446592366345
 0.98671752975550331
 0.76460923810912385
 0.17887579425213712
 -0.48882940738508918
 -0.93252327229805121
 -0.94887831184973592
 -0.53039965315243032
 -0.021877151972351568
 0.61997607397048027
 0.97771859182372267
 0.88741104275028515
 0.52652270811644564
 0.017311311182923683
 -0.49677673522365212
 -0.93578250779400085
 -0.9843994710296855
 -0.64676603917887232
 -0.16538022551828968
 0.50073490017408062
 0.93738286894452327
 0.98358570375047472
 0.64327632135886925
 0.16087467946475087
 -0.36684585321390023
 -0.87537324331174171
 -0.98275142388085146
 -0.74969507541622005
 -0.3054473240688339
 0.22484587561108255
 0.79400918965226941
 0.99325320366409453
 0.83953813505979158
 0.30109568094123251
 -0.37532710936530322
 -0.87975221252868729
 -0.98102139639313612
 -0.74361952882577431
 -0.29673775849055872
 0.23373594883195828
 0.69836552224373061
 0.9942709280307731
 0.90892441789562195
 0.43506105404562229
 -0.23817371995497297
 -0.7016268198592065
 -0.99474869226751583
 -0.83201627094256037
 -0.28800343928546723
 0.24260652398668919
 0.80498064877621045
 0.99846372804915795
 0.8294742095736658
 0.28362722468448237
 -0.39219498831718441
 -0.88828962711363857
 -0.99820027893006624
 -0.82691484959557615
 -0.27924509506351897
 0.39639172952169083
 0.81036587949062577
 0.99605747492512753
 0.82433824438349557
 0.27485714181146442
 -0.25587420960649715
 -0.71452501113115185
 -0.97189192478739406
 -0.95547390137131483
 -0.66989594845132772
 -0.19560625154617511
 0.33378632655868862
 0.85776636300026632
 0.98866573230137467
 0.77258336771307723
 0.19112572350826018
 -0.33808764542683351
 -0.77206068735916977
 -0.98854186490453733
 -0.92654776616293766
 -0.47462533683833424
 0.19479926101805431
 0.66928481552472607
 0.95523078406663564
 0.92482021438637707
 0.59989484973093987
 0.10597726537005564
 -0.55171111329001665
 -0.95657193676094487
 -0.92307337556835656
 -0.59623486975544926
 -0.10143517182540703
 0.42193912522092825
 0.90277326207257647
 0.96990183591888457
 0.70868620867103405
 0.24783150212176325
 -0.28283809894652973
 -0.73383133976659254
 -0.97810204070790241
 -0.94683839586884899
