# Created by Octave 8.4.0, Thu Dec 11 09:16:06 2025 IST <gamana@Samsung>
# name: iq
# type: matrix
# rows: 2048
# columns: 1
 0.99706007033948296
 0.81741217677477895
 0.40749676511192734
 -0.26757933088703667
 -0.72295709950342013
 -0.97467563508643473
 -0.89379434027545168
 -0.53840448048633571
 0.12174574039319934
 0.72610466550790553
 0.9977183133033527
 0.89173695753970295
 0.5345505649007124
 0.026779638075654512
 -0.6161208997466926
 -0.97667740455693652
 -0.88966097771079677
 -0.39494783328271993
 0.13080603864129745
 0.61971144815431445
 0.93404224138678449
 0.94753482023462876
 0.52680937032475517
 -0.13533214306748165
 -0.62328907253604104
 -0.97859770037839833
 -0.88545340033792985
 -0.5229222527763302
 0.13985542515412888
 0.62685369828083859
 0.97952724534565039
 0.94457581101048138
 0.64353447266247155
 0.0085158509884466927
 -0.50439146910589572
 -0.8752101648306293
 -0.99947947189198894
 -0.74991820004097443
 -0.30576841154300655
 0.22451727661408843
 0.69155575910797984
 0.96378086250028872
 0.96450593995209644
 0.69352673492061989
 0.07570928483461975
 -0.57680275981140672
 -0.9649887322131383
 -0.91095823285371369
 -0.43947131954170243
 0.082090521919315831
 0.69812411955698905
 0.96617647717373156
 0.90906497418168908
 0.56780872985143183
 0.066599024229182319
 -0.45337183085077554
 -0.84562645019083471
 -0.99187874960179634
 -0.78708613347960132
 -0.21381607161106853
 0.31619243755180926
 0.7571285669469523
 0.99977318748613397
 0.78426098528443078
 0.35630566381819206
 -0.32052155160483159
 -0.76010394507765244
 -0.98556272514868337
 -0.86759008943263682
 -0.49091736807458636
 0.17651889277400565
 0.65534683009168626
 0.98632564038788906
 0.8653101111236956
 0.34775691095553296
 -0.3291596362235587
 -0.76600708392244765
 -0.99997112992048121
 -0.77568764392683509
 -0.34347161125692577
 0.18550142810862433
 0.76893472152711884
 0.99999540351778604
 0.77279742987957578
 0.19145671714048751
 -0.3377702626083236
 -0.77184632306809275
 -0.99999882230188708
 -0.76989109921219223
 -0.33487961217098988
 0.19446848906226558
 0.66903422027829129
 0.95513095897934219
 0.92494844217390204
 0.60016461899422868
 0.10631258127998891
 -0.55142982772784532
 -0.90065314739641111
 -0.97108426039629825
 -0.71213752157466126
 -0.10177064770085427
 0.42163336854287486
 0.90262816634349929
 0.99574948813708342
 0.80836512406540517
 0.39326182440105123
 -0.28251463140679067
 -0.82882571694540641
 -0.998398779306784
 -0.88671984235211354
 -0.38905897338469098
 0.1371495197763625
 0.73669800137329189
 0.99864669548498619
 0.80295479393864755
 0.38484800857883378
 -0.14167164154906572
 -0.62828195559010802
 -0.97989489953272035
 -0.88246046011956136
 -0.51745531617108087
 0.14619080877256765
 0.63182823598891091
 0.93947771061620244
 0.9824734317532009
 0.74870337284051514
 0.15488675998232163
 -0.50990837753160867
 -0.87828874934801482
 -0.9816119409268943
 -0.74566827301361671
 -0.29966756480902224
 0.23075041581171793
 0.79768089846240808
 0.99393815228930615
 0.91019997911661832
 0.43782274524140236
 -0.2351914734962077
 -0.6994363906929727
 -0.99442985469023693
 -0.90829909993624047
 -0.56629770197952101
 0.088468395322842105
 0.7026928983702091
 0.96780742505491923
 0.96028763077360757
 0.68225186464677556
 0.21202365503335402
 -0.4590680336976013
 -0.84902590539055167
 -0.99104428369290198
 -0.78312149655954333
 -0.35459098115184812
 0.32225870842005994
 0.8514298767049846
 0.99042414088762409
 0.67554588354773948
 0.051091454836268826
 -0.596776182900982
 -0.97116471230884116
 -0.90050656061068934
 -0.41718158624638879
 0.25732133973037058
 0.81390399247921841
 0.99657709558577379
 0.89851137326958597
 0.41302690829119881
 -0.26173158241395567
 -0.71875427025180472
 -0.99694422685007722
 -0.89649744755550087
 -0.40886361669740878
 0.26613636670920432
 0.81917649590739106
 0.99729056693318985
 0.81564015632847064
 0.40469179829006041
 -0.12025948096078005
 -0.61133329545709125
 -0.9753574455450581
 -0.95087934728715373
 -0.65853561950740669
 -0.18068038726057722
 0.48722822131491544
 0.93185925391478641
 0.94945575472370036
 0.53195393787215595
 0.023711157232476316
 -0.49121112914774684
 -0.93350642899691172
 -0.94801236134682287
 -0.52808142658504087
 -0.019145488278022892
 0.49518379281713676
 0.8700182802033074
 0.99976594875481661
 0.75690822893261911
 0.3158724996931519
 -0.36088345518522658
 -0.78729410116229492
 -0.99192158334645664
 -0.84544640193264708
 -0.31153630812522931
 0.36513865163940556
 0.87448489466216361
 0.99952665500974269
 0.75090784312405601
 0.15817743084431238
 -0.50703949142794102
 -0.87669086913002936
 -0.99937573922465328
 -0.84053339739696464
 -0.30284452437160619
 0.22750731161019144
 0.69376963989668572
 0.99356634228954255
 0.8380505755510308
 0.44081575119861865
 -0.23195188933175362
 -0.69705133323988455
 -0.96578927795253033
 -0.96246141992976164
 -0.56904057922395446
 0.08514923093521945
 0.58302375281096053
 0.96696348238648455
 0.96121189540502372
 0.56527940041679248
 -0.089698463358592009
 -0.70357104096355216
 -0.9950246172039402
 -0.83049745413946297
 -0.42847753222482732
 0.094245825128639826
 0.70680891937608892
 0.99546921963032331
 0.82794503673297959
 0.28100613039472744
 -0.24968090147450372
 -0.71003205735290709
 -0.970365004227011
 -0.9573431522354271
 -0.67463479703646312
 -0.049858050913958639
 0.59776668361302476
 0.97145840219953794
 0.89996885312693931
 0.41605889162941456
 -0.10787573837779833
 -0.60142144191066849
 -0.97253154049542179
 -0.89796859424785269
 -0.54629825097485496
 -0.040734014305628702
 0.60506365761878733
 0.92726435688547848
 0.98825184187956794
 0.77084575096264307
 0.18844314139406976
 -0.48031556574649814
 -0.86149543713703836
 -0.9875435880617639
 -0.66103926179696526
 -0.18395628741404277
 0.48431599538613296
 0.93064526108400769
 0.98681473911223938
 0.65760573526850563
 0.027041826074332108
 -0.61591429094295513
 -0.93230661792593683
 -0.94906737002852937
 -0.53090778593700405
 -0.022476508495481912
 0.61950557935190098
 0.97759256833212316
 0.94761862707272504
 0.6506976111800985
 0.1704730818139559
 -0.49625634944937436
 -0.87062648486684047
 -0.99973846832989566
 -0.7561005675315795
 -0.16597144449530166
 0.36203493382883944
 0.8728639727838754
 0.99962360723391863
 0.75310397795260287
 0.16146634585720937
 -0.36628807972477462
 -0.79085802944057393
 -0.99264084583298418
 -0.84233373325760386
 -0.44789157041556454
 0.072723021987780773
 0.6913662822677682
 0.96371087967815416
 0.96457516552375233
 0.57551774398311595
 0.075970812445554814
 -0.57658848534133278
 -0.96491990446587583
 -0.91106639288515368
 -0.43970690185345124
 0.23315300908548614
 0.7991680444144863
 0.99895572273101452
 0.74096119032825236
 0.29294690316968425
 -0.23759142540159833
 -0.8019047929304397
 -0.99873665898641506
 -0.73788670264166656
 -0.13889222366261242
 0.38743745727073825
 0.88590502024865936
 0.97839707357332473
 0.62252813840774579
 0.13436833251938127
 -0.39164344489493441
 -0.80732806228184006
 -0.99558588756232258
 -0.82725181834082195
 -0.42322821055179527
 0.10002008265532036
 0.71090114945891436
 0.9706626890687553
 0.95698557107963933
 0.55289682253873451
 0.048624570949613463
 -0.59875627262871844
 -0.92427822099980073
 -0.9894281587390571
 -0.7758531484989436
 -0.19619413942258937
 0.47337294548867787
 0.85745804000306258
 0.98875556026373002
 0.77296386191977384
 0.33942587214412534
 -0.18972942720639832
 -0.77167953460243732
 -0.99999919043919605
 -0.85849662577286689
 -0.47515292767449607
 0.19421120669451822
 0.77457596549159458
 0.98913292348678583
 0.85614577945751935
 0.33082061813699404
 -0.34610665174172517
 -0.86442682365432499
 -0.98661410065177779
 -0.65667484806848442
 -0.17825053310852398
 0.35038750391824242
 0.86671376067056971
 0.98585910900799767
 0.76124612228590061
 0.32218776733811588
 -0.20763187017247733
 -0.6789609728205056
 -0.95902468630621518
 -0.96892820327769935
 -0.58936210966894675
 0.060285513420233333
 0.56258987015718354
