# Created by Octave 8.4.0, Thu Dec 11 09:16:06 2025 IST <gamana@Samsung>
# name: iq
# type: matrix
# rows: 2048
# columns: 1
 0.99706007033948296
 0.8958330830115131
 0.40749676511192734
 -0.26757933088703667
 -0.72295709950342013
 -0.97467563508643473
 -0.89379434027545168
 -0.40332217000396425
 0.12174574039319934
 0.72610466550790553
 0.9977183133033527
 0.81211680656676566
 0.39913916364882279
 -0.27636844752632383
 -0.82522724334078956
 -0.99801622712169602
 -0.88966097771079677
 -0.53068550131166847
 0.13080603864129745
 0.61971144815431445
 0.93404224138678449
 0.985250469487432
 0.75891061748844191
 0.17021463217652491
 -0.35801914740060525
 -0.78539783471713998
 -0.99973243577145421
 -0.84708169348121221
 -0.4558054392076315
 0.06387260574650877
 0.6849297096298741
 0.99211040285063745
 0.91652386521001739
 0.451735955545704
 -0.22006481733715735
 -0.68824991106358091
 -0.96255289322519511
 -0.9146877172569069
 -0.57903252519821957
 0.072984607991762596
 0.57306627895981621
 0.96378086250028872
 0.91283249357463192
 0.57530323197111466
 -0.077538373483401396
 -0.57680275981140672
 -0.91358003901312201
 -0.99299901827171977
 -0.69022950739697697
 -0.071154896496347181
 0.58052721149389108
 0.96617647717373156
 0.96205395684648265
 0.68691788519972474
 0.066599024229182319
 -0.58423955633417979
 -0.91725607877992499
 -0.96079785708328713
 -0.68359193739244539
 -0.21381607161106853
 0.31619243755180926
 0.7571285669469523
 0.99977318748613397
 0.86985197422915883
 0.35630566381819206
 -0.17202205632633658
 -0.65189063542320946
 -0.94811962245698522
 -0.97726040292067717
 -0.61827065004495774
 -0.12898709931501984
 0.53223945734323408
 0.94956155470422277
 0.97628187600863758
 0.72798059751291655
 0.2746049511819631
 -0.2561277524118542
 -0.71470848232620454
 -0.99647424175558452
 -0.82159495582841269
 -0.41415131091223267
 0.10996002894475143
 0.71789508624863763
 0.97301746871639383
 0.89704391948377393
 0.54454082034982465
 0.038638901418714747
 -0.4781477145899844
 -0.86023865239462738
 -0.99999772252318309
 -0.85805436612590835
 -0.47439446219605502
 0.042903817223141814
 0.66947967032100175
 0.95530835070168174
 0.92472040895279062
 0.59968498202758747
 0.10571645577289666
 -0.5519298475756903
 -0.95664835839469498
 -0.97094096211380831
 -0.59602428583060985
 -0.10117423816771128
 0.5557322250071377
 0.95796841527318854
 0.92120526956857784
 0.46228989505802376
 -0.20847479903427638
 -0.78370367285990949
 -0.99979190436578935
 -0.75771473591924188
 -0.16840663519935209
 0.35973142613265052
 0.87165606265217788
 0.999688319633386
 0.84610530983210563
 0.45417183831706781
 -0.065703233495606125
 -0.56706950284859436
 -0.90869055342431926
 -0.96640760301753192
 -0.58125796803355856
 -0.08298521587512632
 0.43866472620209418
 0.91058754221140992
 0.96522381724434902
 0.69549253346794615
 0.22983886917435997
 -0.4427640257093759
 -0.91246554077811393
 -0.96401990181623187
 -0.5738017680491504
 0.079367201190443562
 0.69616529633341284
 0.96546827697460613
 0.96279588184073128
 0.57005567924401146
 0.069324945541670138
 -0.58201994412750735
 -0.96664793069210975
 -0.9615517828446648
 -0.68558354763474372
 -0.064768503918316747
 0.45500618041280882
 0.91798520548608953
 0.96028763077360757
 0.56252791462795315
 -0.093016272330551625
 -0.58942264809752398
 -0.91978685548894856
 -0.99104428369290198
 -0.78312149655954333
 -0.20755856471407064
 0.46312031316029723
 0.8514298767049846
 0.99988903171155696
 0.78027343914827174
 0.35031731564544222
 -0.1783242704825769
 -0.65673136249930986
 -0.98662631820244562
 -0.93106911980553142
 -0.61322689374806227
 0.030447098077451381
 0.53764773570711577
 0.89339135663213731
 0.99746389138161906
 0.72357706217531093
 0.11810325707900529
 -0.54149263660292424
 -0.89543376711611222
 -0.97384861061456984
 -0.60598684772426525
 0.039574909776025805
 0.54532624471903801
 0.95431814982942342
 0.97280090994462021
 0.71724266907984957
 0.2596349677644772
 -0.41500374368247817
 -0.89946252330987009
 -0.99639521405824028
 -0.71405300238203884
 -0.10448831771420683
 0.55295926305115228
 0.90144878500030279
 0.97064466785397419
 0.59503218556979909
 0.099945520160762913
 -0.55675851408126154
 -0.95832196740132169
 -0.92072406568307263
 -0.46119445201813503
 0.057819868091764065
 0.68049887040798596
 0.95961663851846379
 0.91893247106273235
 0.58766690383236808
 0.090853766772771322
 -0.4315531551349901
 -0.90729460854494737
 -0.99467943848793638
 -0.70114609033859421
 -0.23751863257405997
 0.43566822324319554
 0.9092054270907165
 0.99419861127584652
 0.69788263748098545
 0.081754434436132339
 -0.43977420553022362
 -0.91109728423998393
 -0.96490022720293422
 -0.57652725677815253
 -0.0772021633450269
 0.57557902585817122
 0.91297014053824677
 0.9931747655467954
 0.79359901194327176
 0.37046398183577256
 -0.15703188857470202
 -0.75014123938655175
 -0.98287592588523542
 -0.9387314485023539
 -0.5041002585096872
 0.0088530592542075646
 0.64379255078461561
 0.94468646471431217
 0.97945930314329099
 0.62659092130276683
 -0.013419493606462329
 -0.52320966358971066
 -0.88561006608120318
 -0.97852825047564906
 -0.62302533315261921
 0.017985648096398261
 0.52709597262535235
 0.88772174448364649
 0.97757679069033354
 0.61944675186580489
 -0.022551427497307118
 -0.65421517251090366
 -0.98607777404705177
 -0.93227951256782382
 -0.48824092697539156
 0.17953931786032531
 0.76504373808146187
 0.98682686534507946
 0.86376751051845613
 0.48425043128684137
 -0.031681480166081341
 -0.53868862145428353
 -0.89394552532936078
 -0.97460016917982983
 -0.60863379684069807
 -0.11687683236262683
 0.5425304763448201
 0.89598288993909425
 0.97356728359948941
 0.7195603208637491
 0.11234020629758215
 -0.41197016019304566
 -0.82022726859247486
 -0.99742383889171715
 -0.89364305358104223
 -0.53812027829209996
 -0.03100736960251144
 0.61278402605769577
 0.97576054698524961
 0.9503098621214513
 0.65715397345424653
 0.026442536515764517
 -0.61638647735605456
 -0.97674975441813594
 -0.8895069447213011
 -0.53039965315243032
 -0.021877151972351568
 0.61997607397048027
 0.97771859182372267
 0.94742697280711508
 0.65024226875192148
 0.16988232258226452
 -0.35833399507441271
 -0.7856065269148238
 -0.99157128980546694
 -0.84690242494468848
 -0.45550525983347107
 0.21593704592681448
 0.68517537297528308
 0.9613976952714075
 0.91638893144898803
 0.45143507759741341
 -0.22039375891483476
 -0.79122478352314818
 -0.99271326475870159
 -0.91455137357013006
 -0.44735548072388992
 0.073320925474022622
 0.6917993022821437
 0.9638707429922535
 0.9644168381515249
 0.69328375107809725
 0.22685050426344353
 -0.30348722560178526
 -0.74833167288643443
 -0.99939933922813762
 -0.87636622663844588
 -0.50645805922721576
 0.15884334603799766
 0.75135307850657385
 0.99954717667545245
 0.78968802398976323
 0.36451069476733244
 -0.16335041552555229
 -0.64519521258985024
 -0.98403532181835085
 -0.93650605963703171
 -0.49856160000648819
 0.16785407835510183
 0.75734881886213667
 0.98483781237670287
 0.86968556933719121
 0.35599055457862572
 -0.32084096299175136
 -0.85064365637548023
 -0.99986560606571262
 -0.78120900902490753
 -0.35171930379742294
 0.17685080841905051
 0.76328138178410543
 0.99993004749988235
 0.77835000768533547
 0.34744071794215031
 -0.32947804660705687
 -0.85540995045046719
 -0.99997363548384233
 -0.77547477392715181
 -0.34315488624227353
 0.33378632655868862
 0.76915027238281941
 0.98784222664825339
 0.92825599487008159
 0.60717720135664366
 0.11505472734182955
 -0.40947901636436274
 -0.89679605440828325
 -0.99689131497651151
 -0.81615923355558806
 -0.2610805915399585
 0.26967121204323496
 0.82127528094718671
 0.9975537541960332
 0.89281827429515648
 0.53657314727135219
 -0.12390100013857708
 -0.72759618081039457
 -0.99786258122388205
 -0.81084771477814355
 -0.39714701031852595
 0.27845491328665334
 0.82645187614190396
 0.99571837246654993
 0.70868620867103405
 0.096890962859445942
 -0.55930560942458629
 -0.90472806512921378
 -0.96877974656918697
