# Created by Octave 8.4.0, Thu Dec 11 09:16:06 2025 IST <gamana@Samsung>
# name: iq
# type: matrix
# rows: 2048
# columns: 1
 0.99706007033948296
 0.71979445629436789
 0.2631763561998442
 -0.41166286191191009
 -0.82003431881388944
 -0.99739959216031482
 -0.81477298767905471
 -0.40332217000396425
 0.27197672523161615
 0.72610466550790553
 0.9977183133033527
 0.89173695753970295
 0.5345505649007124
 0.026779638075654512
 -0.6161208997466926
 -0.93240144544834269
 -0.98602164326815445
 -0.65396009222976592
 -0.17471292102219657
 0.49251475324559779
 0.86850088041626661
 0.985250469487432
 0.75891061748844191
 0.17021463217652491
 -0.35801914740060525
 -0.78539783471713998
 -0.99152754231630602
 -0.91834089914126482
 -0.58645480711822251
 -0.089362596629136537
 0.5655575416944385
 0.90792318296106844
 0.99452407799023024
 0.7000777311951929
 0.084813229831986955
 -0.56931784686309095
 -0.90982778912911666
 -0.96570177215863195
 -0.69680949900727573
 -0.23162385210571532
 0.2988109445787136
 0.83823451315416331
 0.99352809498320716
 0.7954628564466879
 0.22717892085399657
 -0.30316589222440382
 -0.84071604235180275
 -0.99938759605057081
 -0.79268712746483883
 -0.36907284080929581
 0.15851039745388298
 0.75113050352384558
 0.99953697267526553
 0.87432127497765744
 0.50280659161546182
 -0.1630177147739201
 -0.75413739896883958
 -0.98397524954642002
 -0.87209571834185651
 -0.36056893869878703
 0.16752163237433296
 0.7571285669469523
 0.99977318748613397
 0.78426098528443078
 0.35630566381819206
 -0.32052155160483159
 -0.76010394507765244
 -0.99986002074606939
 -0.86759008943263682
 -0.49091736807458636
 0.024048282052691987
 0.53223945734323408
 0.94956155470422277
 0.97628187600863758
 0.72798059751291655
 0.12445719769369468
 -0.536100052379056
 -0.89256565897215878
 -0.97528298882685538
 -0.72484208350577484
 -0.11992470052882938
 0.40500014806224366
 0.89461555903131029
 0.99726570321822938
 0.72168845298289652
 0.26581129234256295
 -0.40917133979595066
 -0.89664680196432855
 -0.99691782759704184
 -0.71851977171296921
 -0.26140610184024543
 0.26934646894041164
 0.72422331303918408
 0.99753012452978629
 0.89297011361220469
 0.40164283463597866
 -0.27374159579893415
 -0.82368099394745231
 -0.99615971215125476
 -0.71213752157466126
 -0.10177064770085427
 0.55523372073924604
 0.95779626121622063
 0.96998389281815456
 0.59283406142640771
 -0.055988358703845706
 -0.55902603440189202
 -0.95909896399592787
 -0.96886329631413692
 -0.58915019910744659
 -0.092680508055636157
 0.56280668962743263
 0.96038166485395848
 0.96772249425417678
 0.58545405011465856
 -0.065105013155937183
 -0.56657560757064096
 -0.96164433703970265
 -0.96656151042960048
 -0.69919534082601087
 -0.083582637076471816
 0.43812590268212964
 0.83641303144195311
 0.99908004304739784
 0.79747748196428803
 0.23042228230537098
 -0.29998927131410252
 -0.83890731960218134
 -0.99338706034829882
 -0.69263648984203974
 -0.22597606066310341
 0.3043425181213476
 0.74892687579832318
 0.99943004815055925
 0.87593347296118218
 0.5056837509888833
 -0.0070186351243288854
 -0.6423877224089799
 -0.94408321150734609
 -0.93778628091338123
 -0.5017386946196043
 0.16423604820363752
 0.64588085493770186
 0.98419470203205239
 0.93619088246932725
 0.62445921898958623
 -0.016151433444036755
 -0.52553613306817071
 -0.88687569161064339
 -0.99837964680481783
 -0.82863699236744714
 -0.42546475484063667
 0.24848484721087891
 0.70916188232663657
 0.99578049057298412
 0.90248296796936045
 0.55495322438255723
 -0.10210611200314788
 -0.71237422369576531
 -0.99618918079676655
 -0.82348972479342486
 -0.27341723999365541
 0.25732133973037058
 0.71557170856524011
 0.99657709558577379
 0.82089030337516489
 0.26902169520804903
 -0.26173158241395567
 -0.81654875871836308
 -0.99717367862900375
 -0.72083302870849542
 -0.1141628857655048
 0.54482362820236752
 0.89719290039186705
 0.99682017986520099
 0.81564015632847064
 0.26021386615355924
 -0.27053560075472688
 -0.82178714924509855
 -0.99761610861221961
 -0.8129895401913837
 -0.40051154007206008
 0.27492919280489736
 0.72821175405807848
 0.99792084509802448
 0.89034366212641014
 0.53195393787215595
 -0.12932149590627612
 -0.73133396242559634
 -0.99820477003535257
 -0.88825520681746439
 -0.39212605309391713
 0.13384850513027419
 0.73444091888983309
 0.9984678775029745
 0.80493618572279035
 0.24253382409876054
 -0.43101227257150254
 -0.90704235677475153
 -0.9674105193813286
 -0.70157342122455979
 -0.23810093781279595
 0.29244531029783893
 0.8345822651241197
 0.99426291516930421
 0.698311884064443
 0.082351916843145981
 -0.57134670254418518
 -0.9108500101553022
 -0.96505749357654713
 -0.57701699460184863
 -0.077799864163606514
 0.44333372670715848
 0.83957884657315829
 0.99931202944930153
 0.79396363218353128
 0.22477285582009482
 -0.30551867984392073
 -0.84205089924673893
 -0.99270423190419643
 -0.68844016679241615
 -0.068690986243704441
 0.58253657800469949
 0.91641892573554706
 0.96137707243596526
 0.68512078785332353
 0.064134350968190881
 -0.45557197083872231
 -0.91823705848225556
 -0.96011013199408302
 -0.68178712078250292
 -0.21140258585673893
 0.45963249696403663
 0.92003604147862239
 0.95882316854271554
 0.55821925975154996
 0.055017162925071701
 -0.59361711625913305
 -0.92181583720699822
 -0.95751620892136058
 -0.67507720063547971
 -0.20246687372753197
 0.46772470795091431
 0.92357640854991629
 0.95618928038653395
 0.55061812396139964
 -0.107279713530316
 -0.71601546775071334
 -0.99662942810420063
 -0.8982322503103175
 -0.4124480866102142
 0.2623448515520968
 0.81691543813106104
 0.99712573352919132
 0.8179083083455142
 0.40828360327801405
 -0.26674886901136602
 -0.81954080132062368
 -0.99733711299649053
 -0.81527233200084659
 -0.25960023089167666
 0.27114732344725678
 0.7255118448645036
 0.97549745364196949
 0.89212663156298533
 0.53527869392098903
 0.027641105913960573
 -0.48778306643467773
 -0.93208962847817134
 -0.94925608710775422
 -0.65461181617511821
 -0.17556138821270462
 0.35294522144878099
 0.86807338083099939
 0.98539757122753024
 0.75947152679779528
 0.1710637797767971
 -0.49573578531813189
 -0.93535909167438946
 -0.98460972637384481
 -0.64768004358274611
 -0.013944010476629697
 0.49969667838260029
 0.93696457997385907
 0.98380134757385818
 0.64419386011276003
 0.0093776034301621802
 -0.62973604094625069
 -0.98026636732946337
 -0.88157908124133344
 -0.37889869360588097
 0.29741609808837527
 0.74409432488454708
 0.99915850845176379
 0.79634755256079248
 0.37466853901919855
 -0.30177304967578189
 -0.83992389067032491
 -0.99317056949058025
 -0.69128614632389973
 -0.072612406971510488
 0.57933674933150503
 0.91483848301881454
 0.96245165631812535
 0.56901100018922768
 0.068056999206418209
 -0.4520688672583606
 -0.91667307041071988
 -0.96120197379681016
 -0.68465775140129626
 -0.2152433398389518
 0.31480578094371769
 0.75617314737950159
 0.98452421818517355
 0.87057191880125973
 0.35767066851744866
 -0.31913701487203916
 -0.75915358482092177
 -0.98531426076813822
 -0.93390888641622483
 -0.49218992910733028
 0.17508036017107351
 0.76211819018334714
 0.99990715761573368
 0.77947790905354819
 0.34912662324007221
 -0.1795747034948168
 -0.65768928530242321
 -0.98683268396842572
 -0.86374938489643793
 -0.34484363451068062
 0.33209042260241678
 0.8568404695954106
 0.99998990522421061
 0.86143911648428528
 0.3405534540986504
 -0.18855206144897776
 -0.66454188279019533
 -0.95332821686977831
 -0.97355906735272113
 -0.71953534158774446
 -0.26281630249254145
 0.41200293591187848
 0.89801739495237454
 0.99666939121783504
 0.81455656209782656
 0.25840739482815506
 -0.41615974210615986
 -0.90001719850236539
 -0.97143208768508127
 -0.7131626455444362
 -0.10322424227048561
 0.420307869326838
 0.8254379645890646
 0.99588301417514713
 0.70995395480620216
 0.24957350437095055
 -0.28111256796162037
 -0.8280072300048078
 -0.99545866787097126
 -0.70673045804282175
 -0.24514870580811454
 0.42857774099502766
 0.83055922740508159
 0.99501356136680352
 0.80382492407085182
 0.24071879469133953
