# Created by Octave 8.4.0, Thu Dec 11 09:16:06 2025 IST <gamana@Samsung>
# name: iq
# type: matrix
# rows: 2048
# columns: 1
 0.99706007033948296
 0.8958330830115131
 0.40749676511192734
 -0.26757933088703667
 -0.72295709950342013
 -0.97467563508643473
 -0.95182505386520067
 -0.6608424346775631
 -0.031344426666491253
 0.61251750219373202
 0.9756866937503218
 0.95041478686084535
 0.65740811854692949
 0.17920756624578818
 -0.34947630729317497
 -0.77971163284007661
 -0.99990200276958874
 -0.7618765189682617
 -0.32310844176316006
 0.20668027481499857
 0.67824652386242867
 0.95874864621098477
 0.96916833338707042
 0.70657032754456051
 0.093910099777458012
 -0.56178544187468848
 -0.96003675884366646
 -0.91834089914126482
 -0.58645480711822251
 -0.089362596629136537
 0.5655575416944385
 0.90792318296106844
 0.99452407799023024
 0.8009644889521762
 0.38177074593872068
 -0.29444976525794719
 -0.74201608110504058
 -0.98055419032676894
 -0.88088835778813113
 -0.51460144259673235
 0.14948593972267568
 0.74506978139404401
 0.99921737728844184
 0.87871764054369417
 0.51068044846592586
 -0.0012169927623786735
 -0.63793063058015309
 -0.98230569151471603
 -0.93978491259906771
 -0.6325238404520197
 -0.14707886180448676
 0.51668688773089189
 0.94367531037086794
 0.98007362009303423
 0.74038218407304623
 0.14256028649333857
 -0.52059139660806109
 -0.88418034830145964
 -0.99869298312634636
 -0.73730478749012174
 -0.28775225948871086
 0.38823179124436774
 0.80513623386238631
 0.99844916080522506
 0.73421201448290707
 0.13351431092211144
 -0.52836776250192941
 -0.94811962245698522
 -0.93338546174226766
 -0.61827065004495774
 -0.12898709931501984
 0.53223945734323408
 0.89049714453735651
 0.97628187600863758
 0.72798059751291655
 0.2746049511819631
 -0.40082051008727831
 -0.89256565897215878
 -0.97528298882685538
 -0.61106639304019938
 -0.11992470052882938
 0.53994946709703096
 0.89461555903131029
 0.97426376220703059
 0.60744511130886403
 0.11538970234524717
 -0.54378762121797686
 -0.95376841510680677
 -0.92667456830169237
 -0.60381116136497703
 0.042304857596161642
 0.66903422027829129
 0.95513095897934219
 0.97216437610049722
 0.60016461899422868
 -0.046867033747573464
 -0.55142982772784532
 -0.90065314739641111
 -0.97108426039629825
 -0.59650556024492263
 -0.10177064770085427
 0.55523372073924604
 0.90262816634349929
 0.99574948813708342
 0.80836512406540517
 0.24815818877633955
 -0.28251463140679067
 -0.73360221314005569
 -0.97803180066825379
 -0.94694682925076201
 -0.64910403070761957
 -0.015814255536007973
 0.49807561849560866
 0.93630935971701046
 0.984134927684575
 0.64562337082936083
 0.011247956082341949
 -0.50203036872450668
 -0.87388519838325185
 -0.99956388649198535
 -0.7517228585266672
 -0.30836864826151417
 0.36823831622717579
 0.87609610931798187
 0.9824734317532009
 0.74870337284051514
 0.15488675998232163
 -0.50990837753160867
 -0.94103251339940608
 -0.9816119409268943
 -0.74566827301361671
 -0.29966756480902224
 0.23075041581171793
 0.79768089846240808
 0.9990655247378426
 0.83622815318000376
 0.43782274524140236
 -0.2351914734962077
 -0.6994363906929727
 -0.99442985469023693
 -0.83371513570537759
 -0.4337124315048439
 0.088468395322842105
 0.7026928983702091
 0.96780742505491923
 0.90637927826073139
 0.42959307273497971
 -0.093016272330551625
 -0.70593475145094076
 -0.96894673588189228
 -0.90444055412780355
 -0.55874639580788033
 -0.055651663500177161
 0.46312031316029723
 0.8514298767049846
 0.99042414088762409
 0.67554588354773948
 0.051091454836268826
 -0.596776182900982
 -0.97116471230884116
 -0.90050656061068934
 -0.41718158624638879
 0.106647885100269
 0.60043432000801411
 0.92507656477813749
 0.98912190302467629
 0.77452856646619817
 0.19413769499189698
 -0.47521886452547285
 -0.85853505300654542
 -0.98843983512506073
 -0.66538142519188515
 -0.037404816318760435
 0.47923200562359664
 0.86086770125102496
 0.98773715340256729
 0.66196542496401622
 0.18517004939254975
 -0.48323515238183556
 -0.93019264499265608
 -0.95087934728715373
 -0.53581535530827096
 0.12479178969424104
 0.6149408894302183
 0.93185925391478641
 0.94945575472370036
 0.53195393787215595
 -0.12932149590627612
 -0.73133396242559634
 -0.99820477003535257
 -0.88825520681746439
 -0.39212605309391713
 0.28369908452689208
 0.8295160634890768
 0.99519837909198194
 0.80493618572279035
 0.24253382409876054
 -0.43101227257150254
 -0.83205784055189824
 -0.99871016201380958
 -0.80221808549423934
 -0.23810093781279595
 0.29244531029783893
 0.74060881724670391
 0.98014054811671381
 0.94356367941495367
 0.64118202727612839
 0.15817743084431238
 -0.36938623316022245
 -0.79289266197034569
 -0.99303879523100436
 -0.84053339739696464
 -0.44491021868367014
 0.22750731161019144
 0.69376963989668572
 0.96459493207099567
 0.96369087240910234
 0.57278989074160702
 0.072648282209853754
 -0.57930743003644081
 -0.91482395692723983
 -0.99263176838203893
 -0.68800522698678646
 -0.068092886001361541
 0.45203678212348919
 0.8448263018309673
 0.99206806997202313
 0.78800882612502365
 0.21527846681165561
 -0.31477163936862168
 -0.75614960898846761
 -0.98451791381517395
 -0.87058961707697269
 -0.35770425901355962
 0.31910292536187457
 0.84967775999932593
 0.99087861687119372
 0.67799868370998118
 0.054418557105745877
 -0.59409945894557603
 -0.970365004227011
 -0.9573431522354271
 -0.55392544587614156
 0.10333455741059976
 0.7132403876757174
 0.97145840219953794
 0.89996885312693931
 0.55011758475158845
 -0.10787573837779833
 -0.60142144191066849
 -0.92554488003732771
 -0.95466411877607582
 -0.54629825097485496
 -0.040734014305628702
 0.47630511916939311
 0.92726435688547848
 0.95329472382463132
 0.66445900241171152
 0.18844314139406976
 -0.48031556574649814
 -0.92896449571977835
 -0.9875435880617639
 -0.76792862176621013
 -0.18395628741404277
 0.34494773752928914
 0.77667892647719483
 0.98961727890937345
 0.85441940454648735
 0.46818829390851685
 -0.049932895571018494
 -0.55398783516922856
 -0.9573648031389832
 -0.92201904689465719
 -0.464148139626821
 0.20642364779482933
 0.67805376596341482
 0.95867405792466798
 0.96923292646253989
 0.70675590591426907
 0.094171220419915477
 -0.42854524143090444
 -0.83053919395180253
 -0.99501714838476762
 -0.80384632102063036
 -0.38622951874564443
 0.28983142998495609
 0.83307400675438814
 0.99455145437254244
 0.80112149333480798
 0.23631881496075158
 -0.29419909994775784
 -0.83559144587430434
 -0.99901471413331877
 -0.7983799583331106
 -0.231878994448591
 0.29856063441505654
 0.74489481655070955
 0.99920696820001331
 0.7956217731899673
 0.37355659917449718
 -0.15374061493672009
 -0.74793387261845989
 -0.98225653615836761
 -0.8766548174323272
 -0.36931659404445405
 0.30726493315548692
 0.75095733059333059
 0.99952895764717375
 0.79005568291226769
 0.21853088889063887
 -0.45313803679809933
 -0.91715158044517486
 -0.96087054195295962
 -0.56426023670636294
 0.090928394588826081
 0.70444811049079614
 0.96842614017032003
 0.90533304465219033
 0.56048409449701031
 -0.095475234185722443
 -0.70768200929684
 -0.99558588756232258
 -0.90338411376138905
 -0.42322821055179527
 0.10002008265532036
 0.59509241170698868
 0.92252538257895755
 0.95698557107963933
 0.67372268159183635
 0.048624570949613463
 -0.59875627262871844
 -0.92427822099980073
 -0.9894281587390571
 -0.67034093276055851
 -0.19619413942258937
 0.33322114493355337
 0.7687670104067964
 0.98774885039587357
 0.86082956821913825
 0.33942587214412534
 -0.18972942720639832
 -0.66543736480437243
 -0.95368955510989162
 -0.9267731193331129
 -0.47515292767449607
 0.04204280796555189
 0.66883926026355789
 0.98913292348678583
 0.85614577945751935
 0.47112971399971271
 -0.046605037363985337
 -0.67222720714079276
 -0.95639701164548396
 -0.92330379323078149
 -0.59671605039669295
 -0.10203156538250441
 0.5550155623611589
 0.95772083556631227
 0.97004763859141163
 0.70910904562404031
 0.097487628719073738
 -0.42553257065895028
 -0.82867893930670933
 -0.99534381309045672
 -0.80582370010764326
 -0.24398610906956891
 0.42966074223207928
