# Created by Octave 8.4.0, Thu Dec 11 09:16:06 2025 IST <gamana@Samsung>
# name: iq
# type: matrix
# rows: 2048
# columns: 1
 0.99706007033948296
 0.81741217677477895
 0.2631763561998442
 -0.26757933088703667
 -0.82003431881388944
 -0.99669975492155383
 -0.71661680183738552
 -0.10813648706951674
 0.54989853666459632
 0.89985447880301794
 0.99631865342087256
 0.71342420240216764
 0.10359543274975808
 -0.55370705885596561
 -0.9018370479926181
 -0.99591677378527643
 -0.710216724570086
 -0.24993486888935224
 0.28075440618218883
 0.73235430365016874
 0.97764774684509548
 0.88756644408310237
 0.52680937032475517
 0.017648480643128749
 -0.49648404018293579
 -0.87075548362775734
 -0.99973243577145421
 -0.7559288889967074
 -0.16571279352017626
 0.36227941227075194
 0.78821639611625471
 0.99211040285063745
 0.84464582685674738
 0.451735955545704
 -0.22006481733715735
 -0.68824991106358091
 -0.99267257301273648
 -0.9146877172569069
 -0.44765705097149988
 0.22451727661408843
 0.79380414593267479
 0.9932140410785969
 0.83972129973922371
 0.4435688105502032
 -0.077538373483401396
 -0.57680275981140672
 -0.9649887322131383
 -0.91095823285371369
 -0.43947131954170243
 0.082090521919315831
 0.58052721149389108
 0.96617647717373156
 0.96205395684648265
 0.56780872985143183
 -0.086640958364850085
 -0.70138649497904204
 -0.9673440726117527
 -0.96079785708328713
 -0.68359193739244539
 -0.21381607161106853
 0.45743750616528306
 0.91906542379149492
 0.95952171996815627
 0.56026686158099936
 0.057483207986331115
 -0.59162761605977232
 -0.96961871794042342
 -0.90327160727240496
 -0.42299056154802456
 0.10028104696026842
 0.71108558651626785
 0.97072572039354965
 0.95690944055429616
 0.55267825629644496
 -0.10482368684166825
 -0.71428904737035315
 -0.99642376475119299
 -0.82193656840597684
 -0.41469690979581653
 0.10936414063460427
 0.60261697710835183
 0.97287896944569174
 0.89730870389519868
 0.54504354703316671
 -0.11390231364833965
 -0.60625506401228335
 -0.92782390279400195
 -0.95284142018813345
 -0.54120910228613728
 -0.034674352783172553
 0.48162826828313782
 0.92951769366217263
 0.98730689364631385
 0.6599150493749707
 0.18248437222101171
 -0.34635271246754379
 -0.86455865896230799
 -0.98657129559318824
 -0.76403033079695037
 -0.32625967769526004
 0.35063314737503665
 0.78048430577675221
 0.99047064063879786
 0.8512529665268137
 0.46282140941885924
 -0.055988358703845706
 -0.67915351091042064
 -0.99108925768113243
 -0.91965447150011992
 -0.458768420102943
 0.06054731728429652
 0.56280668962743263
 0.96038166485395848
 0.96772249425417678
 0.70245292795551217
 0.088132491563609597
 -0.43401626026004414
 -0.90844011502318567
 -0.96656151042960048
 -0.69919534082601087
 -0.23486369851189498
 0.29562976825788428
 0.74284342228831535
 0.99908004304739784
 0.8803031412508725
 0.37640208904310912
 -0.15070692720004675
 -0.74589292680788943
 -0.9816762563472855
 -0.87812746374023176
 -0.37216731045212564
 0.15521990264824989
 0.63888119294273482
 0.98253623478184693
 0.87593347296118218
 0.36792477034572635
 -0.30868941789305326
 -0.7519452059868672
 -0.98337572251258365
 -0.93778628091338123
 -0.5017386946196043
 0.16423604820363752
 0.7549478544265199
 0.99969668159732372
 0.78632374567415608
 0.21260949086681319
 -0.45853535123706013
 -0.84870900418237416
 -0.99979872672709624
 -0.7834941685839707
 -0.35515146651018259
 0.17323849331905522
 0.65282663806760977
 0.98577106854626595
 0.86697529797926964
 0.48984107340721511
 -0.17773434348514575
 -0.7638610846955558
 -0.98652842266602814
 -0.93128767720556305
 -0.61370033579439642
 -0.12323172689716683
 0.53714215561870826
 0.89312185138248557
 0.99750638142641856
 0.72399073590500151
 0.26902169520804903
 -0.26173158241395567
 -0.71875427025180472
 -0.99694422685007722
 -0.89649744755550087
 -0.40886361669740878
 0.26613636670920432
 0.72192184238340473
 0.97433972013122938
 0.89446482546867812
 0.40469179829006041
 -0.27053560075472688
 -0.72507435890065097
 -0.9753574455450581
 -0.89241354939925388
 -0.40051154007206008
 0.12479178969424104
 0.6149408894302183
 0.97635482996805922
 0.89034366212641014
 0.39632292922231288
 -0.27931705123175316
 -0.73133396242559634
 -0.99820477003535257
 -0.80763749908038651
 -0.24696165236387882
 0.42688702935371275
 0.90511013570477716
 0.96855678155907665
 0.58815185864004971
 -0.061779983200696019
 -0.56382707900378393
 -0.90704235677475153
 -0.99474101974739715
 -0.70157342122455979
 -0.23810093781279595
 0.43512852706753002
 0.8345822651241197
 0.99893161851503542
 0.88187887015013433
 0.51639813837311055
 0.005446466656266781
 -0.63278499592379212
 -0.93990010998605222
 -0.98224247935955056
 -0.74788412868125476
 -0.15366656742847584
 0.3736261111647376
 0.87887856028953637
 0.98137545065624499
 0.63414647918112677
 0.14915249931032143
 -0.51489055655288429
 -0.94297947361517021
 -0.98048795545716472
 -0.63060883078210594
 -0.14463532063038551
 0.51880002299952621
 0.94448967275556528
 0.93735676535810908
 0.50067003238648233
 -0.16545413114529683
 -0.75575715845970359
 -0.98441265345254958
 -0.93575608369329677
 -0.6234941541662522
 -0.13559200846936478
 0.3905068220229197
 0.88744558510144256
 0.97770285810336988
 0.73253287317743021
 0.13106606358576089
 -0.39470685938945244
 -0.88954118301675544
 -0.99803270539892408
 -0.82537535260802997
 -0.42020723065496823
 0.10333455741059976
 0.59776668361302476
 0.9238061010348807
 0.95601360429414595
 0.67125684091562299
 0.04529650493705354
 -0.60142144191066849
 -0.97253154049542179
 -0.95466411877607582
 -0.54629825097485496
 -0.040734014305628702
 0.60506365761878733
 0.97358439673447417
 0.95329472382463132
 0.54246752419775235
 -0.11695125643708382
 -0.60869325477939451
 -0.92896449571977835
 -0.9875435880617639
 -0.76792862176621013
 -0.18395628741404277
 0.48431599538613296
 0.86380526864144591
 0.99995794748120204
 0.76499547748818508
 0.32767464277460195
 -0.34923055048859636
 -0.86609708556551335
 -0.98606531023106403
 -0.76204637929906172
 -0.17497116393201925
 0.35350608027650443
 0.86837084011363574
 0.98529531704751827
 0.6506976111800985
 0.017910722171062571
 -0.62308394802830314
 -0.97854369340411895
 -0.8855752601742819
 -0.386782433394182
 0.13959571509328172
 0.62664932234565274
 0.97947441103636879
 0.88344480975007722
 0.51924840075931933
 0.0087781241696827904
 -0.50416497693069873
 -0.93875727320841684
 -0.94315394611726344
 -0.51534017297971846
 -0.0042115029521947612
 0.6337407907534014
 0.94032107584758051
 0.98201002887823541
 0.63671910177639957
 0.15244614050682256
 -0.37477136626322854
 -0.79641462932165763
 -0.99915395334485979
 -0.74402022533661394
 -0.29731020684864817
 0.37900132998757796
 0.7991680444144863
 0.99895572273101452
 0.74096119032825236
 0.29294690316968425
 -0.38322338967362934
 -0.8019047929304397
 -0.99873665898641506
 -0.83234869697174474
 -0.28857749010972156
 0.2420248867701672
 0.8046248177948423
 0.99514689847830351
 0.90533304465219033
 0.56048409449701031
 0.057745055301892521
 -0.46126094313928362
 -0.92075330497514141
 -0.99071143879023971
 -0.78158312069830338
 -0.35228043953203181
 0.32459591128292553
 0.76289392539196699
 0.99992277691483245
 0.86544154726569933
 0.34800281151606666
 -0.18075409140989987
 -0.76583845364504477
 -0.98702590740807916
 -0.93016513476203078
 -0.4831695435136964
 0.032915813935010765
 0.66202159170945685
 0.98774885039587357
 0.92847880871813848
 0.60765343796048421
 0.11565022938906054
 -0.54356748863500048
 -0.95368955510989162
 -0.9267731193331129
 -0.60402021354809721
 -0.11111296041333159
 0.41309515457527518
 0.82093309710364448
 0.99657089777049301
 0.7155193594217325
 0.10657337418694574
 -0.41724969046119159
 -0.90053914430225124
 -0.97114684364983439
 -0.71232163022430739
 -0.10203156538250441
 0.5550155623611589
 0.90251524314443954
 0.995773610928675
 0.80851949738323936
 0.39350296080787661
 -0.28226302332939512
 -0.73342394586459891
 -0.9779770926331931
 -0.94703109187740431
 -0.52547237649733447
 -0.016076505177411264
