# Created by Octave 8.4.0, Thu Dec 11 09:16:06 2025 IST <gamana@Samsung>
# name: iq
# type: matrix
# rows: 2048
# columns: 1
 0.99706007033948296
 0.8958330830115131
 0.40749676511192734
 -0.11721173552297842
 -0.60890133064396568
 -0.97467563508643473
 -0.89379434027545168
 -0.40332217000396425
 0.12174574039319934
 0.72610466550790553
 0.9977183133033527
 0.89173695753970295
 0.5345505649007124
 -0.126277206267076
 -0.6161208997466926
 -0.97667740455693652
 -0.88966097771079677
 -0.53068550131166847
 0.13080603864129745
 0.61971144815431445
 0.97764774684509548
 0.94753482023462876
 0.52680937032475517
 0.017648480643128749
 -0.49648404018293579
 -0.87075548362775734
 -0.99973243577145421
 -0.7559288889967074
 -0.31445154230134043
 0.21560776862847272
 0.6849297096298741
 0.9613048499970458
 0.91652386521001739
 0.451735955545704
 -0.22006481733715735
 -0.79101851933410983
 -0.99947947189198894
 -0.74991820004097443
 -0.30576841154300655
 0.22451727661408843
 0.79380414593267479
 0.99932172244443662
 0.74688936492934765
 0.15218691789985109
 -0.37501452045592854
 -0.87959183670055963
 -0.99914313223323781
 -0.8372327419467338
 -0.29705977382799137
 0.23340805554780536
 0.79932567724122838
 0.99894370498287544
 0.834726723741544
 0.43536466339879998
 -0.086640958364850085
 -0.70138649497904204
 -0.9673440726117527
 -0.90715275704229548
 -0.43124892776542673
 0.24227936376794221
 0.80478052944019018
 0.99848235643527605
 0.82966251550724124
 0.42712419847488775
 -0.095736315726760557
 -0.70786729603693477
 -0.99561046985879564
 -0.90327160727240496
 -0.42299056154802456
 0.10028104696026842
 0.5953031768677769
 0.97072572039354965
 0.90130275558293516
 0.4188481031914722
 -0.25554820013760671
 -0.71428904737035315
 -0.9718124784500537
 -0.95557335273441868
 -0.54886662494658134
 0.10936414063460427
 0.60261697710835183
 0.97287896944569174
 0.89730870389519868
 0.41053706793381189
 -0.26436759761487083
 -0.7206512132819296
 -0.97392517113889421
 -0.95284142018813345
 -0.66333931775948618
 -0.034674352783172553
 0.60988050752199152
 0.97495106171121826
 0.89323979943204135
 0.53736337067249562
 -0.1229714388149704
 -0.61349323202917039
 -0.93119209952337212
 -0.95003000237158464
 -0.65647701852210572
 -0.025545082696878618
 0.61709316219078447
 0.97694182433784282
 0.88909638161822035
 0.39381295355228096
 -0.28193949870042923
 -0.73319467094717705
 -0.99836468747738893
 -0.88699683797548301
 -0.5257592578226381
 -0.016413681660202538
 0.49755567898470887
 0.87136207831000456
 0.98424111581431162
 0.75511982966047653
 0.164494764015997
 -0.50151179753412556
 -0.8735936030877316
 -0.99958141038069237
 -0.84398406755565658
 -0.4506338234743309
 0.06966135126844894
 0.68914533015244894
 0.99282104490079037
 0.9141878894328731
 0.57802520069364793
 0.079031039481038554
 -0.57407791745470427
 -0.96410949048091532
 -0.96417909475583619
 -0.5742926551933929
 -0.074477793700477926
 0.57781115293558072
 0.96531192032584046
 0.91044811152414251
 0.43836165735905963
 -0.2346087439461009
 -0.69900780262412576
 -0.99436648797780181
 -0.83404602882728585
 -0.43425253739356928
 0.087871226153273418
 0.5852413956952025
 0.91774726849180999
 0.96045472696749501
 0.56302347038087841
 -0.092419350775549594
 -0.70551000982053125
 -0.99529311415500421
 -0.82897243756720596
 -0.42600721445523398
 0.24790410159298104
 0.70873907722246843
 0.99572529684553057
 0.9027410274486326
 0.42187118343784913
 -0.10150972301813228
 -0.71195336393539066
 -0.99613671377553947
 -0.82382969408846374
 -0.2739938510167535
 0.40140262300969998
 0.8928520251403671
 0.97514237786239644
 0.61056324143078522
 0.11929378837014401
 -0.54048423505083965
 -0.95257954105960208
 -0.92814502070124638
 -0.47837805589467242
 0.038376812967765628
 0.544320815873372
 0.95395920953976465
 0.92643552890997793
 0.47436279684291277
 -0.19509179197758988
 -0.77514346754330132
 -0.99997730700065079
 -0.76656078375285053
 -0.18185953161064547
 0.4861808080673965
 0.93142356016275163
 0.98646730363681967
 0.76362018109799767
 0.17736708165689485
 -0.49016639178090649
 -0.93307584100640717
 -0.94839324431328553
 -0.65254389752122577
 -0.17287093272879953
 0.49414175311890252
 0.86942652071316784
 0.98492867732881395
 0.64907666774001871
 0.015778289785674641
 -0.62475065926917805
 -0.97898089513712505
 -0.94545754374526758
 -0.52132700203382321
 -0.011211988112243165
 0.6283099395154792
 0.97990207547841335
 0.88244353963123456
 0.51742453573548108
 -0.14622639246684382
 -0.63185611641513939
 -0.93949003377277474
 -0.9424429738640635
 -0.63859405043216355
 -0.15485122372437965
 0.37251366780532164
 0.87830594725152855
 0.99925109459984429
 0.83870414279906091
 0.44189166074526115
 -0.079403057907437527
 -0.5783296915312206
 -0.96547764733967623
 -0.96278616099122405
 -0.57002612550934817
 -0.069289061798163326
 0.5820491938319251
 0.91617882735973499
 0.99221807429387854
 0.78874644547711348
 0.21644920623506456
 -0.45503821119404869
 -0.91799947121487535
 -0.99163911732655918
 -0.68222556574467841
 -0.0601748065376334
 0.45909998940041041
 0.91980097027451235
 0.95899325760726251
 0.55871656394038915
 -0.097598008068944031
 -0.70918724252932852
 -0.97007457387208185
 -0.90246747408512684
 -0.42129494192897587
 0.25294053134919425
 0.71239946714109803
 0.99619231743270309
 0.90049091864248931
 0.55111846527625574
 0.046494249356239692
 -0.60046308408663684
 -0.92509022498049898
 -0.9891166112298605
 -0.77450581338902247
 -0.34171435165674641
 0.33523123234859892
 0.77012920700967546
 0.98807942122423364
 0.92768463095538856
 0.47729319034431805
 -0.19182299137913775
 -0.66702783840427415
 -0.98877213948541809
 -0.8574009664654576
 -0.47327524771594232
 0.19630289095690021
 0.77592311723380303
 0.98944423699355366
 0.85504177551553162
 0.32880721843400595
 -0.3481067851235935
 -0.86549710806737856
 -0.9999213924642798
 -0.85266475274713216
 -0.4652098361220755
 0.20525031513302944
 0.78165230057120128
 0.99072651411486423
 0.92071002898629983
 0.5913267038636717
 0.09536483201435636
 -0.56057594138886369
 -0.95962675672318176
 -0.96839848471989642
 -0.70436938842955232
 -0.2419172743442409
 0.28868367814973406
 0.83241016300009274
 0.99467573224387973
 0.70112044247044591
 0.086269164465292605
 -0.56811588658623646
 -0.96215571853719029
 -0.9152773377329243
 -0.58022330353842955
 -0.081718584555200383
 0.57186812642707308
 0.91111211027294425
 0.96489078019203434
 0.57649786591780627
 0.077166300411430175
 -0.4439032486745963
 -0.83992389067032491
 -0.99933539569536944
 -0.87723105369407695
 -0.37043057075417968
 0.30612370781365272
 0.75016502521567563
 0.99949144189017325
 0.87502957529461356
 0.36618487719331999
 -0.31046798176943508
 -0.75317694001589408
 -0.99962664378184729
 -0.87280984823294372
 -0.36193154688014623
 0.31480578094371769
 0.75617314737950159
 0.99974099855076903
 0.78516677790719092
 0.35767066851744866
 -0.17058236556231213
 -0.75915358482092177
 -0.99983450381207861
 -0.7823305011960906
 -0.35340233096551121
 0.17508036017107351
 0.76211819018334714
 0.99990715761573368
 0.77947790905354819
 0.2018445199136
 -0.32777942581974934
 -0.76506690164023927
 -0.9999589584465447
 -0.86374938489643793
 -0.34484363451068062
 0.18406530180447664
 0.6611224778708763
 0.98756103291917052
 0.92892343523448795
 0.48021828565106178
 -0.03628150960682397
 -0.66454188279019533
 -0.9882687863743751
 -0.927222826331907
 -0.60497535130121649
 0.040844830238671442
 0.54639114332341265
 0.89801739495237454
 0.97250571827806354
 0.71635646334053027
 0.10776547669751235
 -0.55021019941600258
 -0.9560461302759633
 -0.92376363295291208
 -0.5976777681181199
 0.049968820906833154
 0.67471665998600783
 0.99026832831486333
 0.92200512061763984
 0.59401024164033589
 -0.054529300663180097
 -0.55781380844334583
 -0.90396045495759048
 -0.9692240719285522
 -0.70673045804282175
 -0.24514870580811454
 0.42857774099502766
 0.83055922740508159
 0.99501356136680352
 0.70349222248000676
 0.24071879469133953
 -0.43269931297509179
