# Created by Octave 8.4.0, Thu Dec 11 09:16:06 2025 IST <gamana@Samsung>
# name: iq
# type: matrix
# rows: 2048
# columns: 1
 0.99706007033948296
 0.71979445629436789
 0.11267528621267162
 -0.54607854638925091
 -0.95458600820206962
 -0.97259255895290297
 -0.71661680183738552
 -0.25876789299367536
 0.41582037352034329
 0.89985447880301794
 0.97152058492562143
 0.71342420240216764
 0.25435403320662997
 -0.41996921323270014
 -0.9018370479926181
 -0.9704283499248888
 -0.59431041673833829
 0.054156660896962569
 0.67780586584135905
 0.99084323820616371
 0.92037337700240041
 0.46039768712535095
 -0.21056019768431139
 -0.6811564268950393
 -0.99144949059920529
 -0.84740015524068646
 -0.45633896342313512
 0.063274314483384275
 0.56506302386814056
 0.96113952181813156
 0.96703030897644238
 0.58323682590797477
 0.085410558434171072
 -0.56882488187623792
 -0.96239019836420125
 -0.96585726208474876
 -0.69723937173125705
 -0.23220701116232156
 0.44058031145546378
 0.83790744708233544
 0.99359601208065884
 0.69395851144652154
 0.22776270875812374
 -0.44467530925009219
 -0.84039127412617853
 -0.99306965479367471
 -0.79305245980539629
 -0.22331365638335027
 0.30694400810481892
 0.84285757488642232
 0.99951855157608782
 0.79026236628191826
 0.21885994682257345
 -0.3112870671345041
 -0.8453062979285888
 -0.99964981960557098
 -0.78745579190865311
 -0.21440167295751505
 0.45690432002071296
 0.84773739218477961
 0.99136636673651912
 0.68069103463022174
 0.20993892776505721
 -0.46096171270085173
 -0.92062168744411577
 -0.95839686617049169
 -0.55697636669152706
 -0.053522108383987854
 0.46500949206638426
 0.9223951842689625
 0.95708335644826059
 0.67397184428203039
 0.048961390272679664
 -0.46904757370125261
 -0.854924397079591
 -0.98947700756754897
 -0.77606586166474079
 -0.19652479537939213
 0.47307587339161261
 0.92588443193064862
 0.95439648515408815
 0.54554607782511999
 -0.11330669084300651
 -0.72023544902386882
 -0.97378898697582128
 -0.95302317961660754
 -0.54171312072334321
 -0.035273489984604271
 0.48110279110532905
 0.92929644305250125
 0.98740193190355752
 0.66036536220624364
 0.030709258415109672
 -0.61301969353828867
 -0.93097339571264726
 -0.95021697196106436
 -0.65692913396205443
 -0.026144386406823435
 0.61662130758564215
 0.97681365128841635
 0.94878412836620951
 0.65347920552052097
 0.17408718554143396
 -0.35434572872122727
 -0.86881570173422706
 -0.9998156451079302
 -0.75849664677718287
 -0.16958839710749007
 0.49703556064979726
 0.87106778079594227
 0.99971753457052182
 0.75551272082614551
 0.16508607192294633
 -0.36287164523642723
 -0.78860730660693079
 -0.99218987018173066
 -0.84430547076328211
 -0.45116892498574845
 0.069063291190749512
 0.56984016634588963
 0.96272497207237551
 0.91443069848484515
 0.57851430337155152
 0.079628654059893125
 -0.57358694006433752
 -0.91197430663594548
 -0.96433794116464788
 -0.69306877966779146
 -0.075075619233675853
 0.44578112974414197
 0.91383827581477584
 0.99292375390779652
 0.79229956413757341
 0.22210969556110782
 -0.44986433135439413
 -0.84352151905061579
 -0.99237108747937297
 -0.78950500794454959
 -0.21765474250917091
 0.312460448889467
 0.75455457317662888
 0.99968173728826637
 0.87178458229700406
 0.35997613844395193
 -0.31679524492009564
 -0.75754354767471233
 -0.98488950883147741
 -0.86953831103763324
 -0.4943384925459326
 0.17264802280907673
 0.76051672367098844
 0.99987045121728202
 0.78102278387113822
 0.35144009166889539
 -0.17714435260911662
 -0.76347403916016077
 -0.99993353074598179
 -0.77816272056647606
 -0.34716102986133418
 0.3297596316796047
 0.85556439312483601
 0.99997575675182881
 0.86269088167818231
 0.34287472804206498
 -0.1861258355276261
 -0.76934084225103916
 -0.99999712835420362
 -0.86037235870082118
 -0.3385812756015224
 0.19061080133807218
 0.66610723072811973
 0.95395920953976465
 0.92643552890997793
 0.60330448558058436
 0.11022071766582678
 -0.54814604493480013
 -0.89893791293310132
 -0.99649621282851231
 -0.81333847222205879
 -0.25638127759757734
 0.41806539666547804
 0.90092910367995849
 0.9709323531193822
 0.59599540255201799
 0.10113845243725826
 -0.42220951003176449
 -0.82661975814466226
 -0.99816868423776495
 -0.88853042950170691
 -0.52859042667655221
 -0.019744878889376392
 0.49466286186017294
 0.93492156727054621
 0.94674240283801925
 0.64862049466800065
 0.015178857643599331
 -0.62521865425110601
 -0.9365323341203855
 -0.98402198209493885
 -0.75430961863744106
 -0.16327648362920538
 0.36458047594628912
 0.78973399687906265
 0.99954491894284536
 0.84332102103461049
 0.3077640804358302
 -0.36882906218473727
 -0.87640231771474386
 -0.9823547792959354
 -0.74828196255844681
 -0.15425892329711394
 0.3730699565266074
 0.87859241165578594
 0.98149043871780584
 0.63460990942125484
 0.14974527051499953
 -0.51437653572680986
 -0.94277975874313913
 -0.93914401110428003
 -0.50513541329369049
 0.0076540922221998405
 0.51828741647559129
 0.88291758535122433
 0.99882716155569551
 0.83336406185027223
 0.29033344048779852
 -0.385745604551474
 -0.88505257490451683
 -0.97877467785731409
 -0.62396275109292332
 -0.13618595147561138
 0.52607667012671588
 0.8871691067668438
 0.99834328410896789
 0.73294084284748995
 0.13166037242984119
 -0.39415595998417602
 -0.88926713679813862
 -0.9768620778668935
 -0.61679945874750275
 0.025918150348734747
 0.65675848811613002
 0.95014643106409047
 0.97587520923888271
 0.61319848021496159
 -0.030483051619513885
 -0.53767806436940646
 -0.89340751673744401
 -0.99746133057868402
 -0.72355223348021303
 -0.11806753850852328
 0.54152287662949261
 0.95295460567401891
 0.92768463095538856
 0.60595823391902881
 0.11353154324839104
 -0.54535639547925485
 -0.95432889684410671
 -0.97279257706834643
 -0.71721760370946219
 -0.25960023089167666
 0.41503646984552428
 0.89947824164676637
 0.99639216196324176
 0.81261935322584999
 0.25518738245147915
 -0.41918695266203876
 -0.90146435542135384
 -0.99599420274534867
 -0.80994942734813913
 -0.39573941326269363
 0.27992717644922605
 0.73176722055036192
 0.99824262928657892
 0.80726261004875843
 0.24634581198271471
 -0.28430839191232327
 -0.73487204951963647
 -0.99850283949054042
 -0.88585356816572791
 -0.38733520903117857
 0.13900205606516991
 0.73796155279912612
 0.9987422260085822
 0.88372553971140766
 0.51976065752092315
 0.0093776034301621802
 -0.50364715031830654
 -0.87479295658324008
 -0.98297245168622671
 -0.64069424203842407
 -0.0048110008146279
 0.5075871187384684
 0.94011690256467528
 0.94182799823717644
 0.51193627774920858
 -0.15255575148393544
 -0.63680461873801897
 -0.98203096550372526
 -0.94028332926573244
 -0.50800803243627723
 0.15706741244782543
 0.75016502521567563
 0.99949144189017325
 0.79079014877531362
 0.21970075948765599
 -0.4520688672583606
 -0.91667307041071988
 -0.99206354780623662
 -0.78798668003652106
 -0.2152433398389518
 0.31480578094371769
 0.84727997170513081
 0.99974099855076903
 0.87057191880125973
 0.35767066851744866
 -0.31913701487203916
 -0.84969672663865436
 -0.99087376897307133
 -0.7823305011960906
 -0.35340233096551121
 0.17508036017107351
 0.76211819018334714
 0.98608375471180088
 0.86604163989372962
 0.48820953511299425
 -0.027152693583766686
 -0.65768928530242321
 -0.95053077758514126
 -0.93060467152328996
 -0.61222246792368618
 0.031717432327392985
 0.53871892620914363
 0.95193942353251981
 0.97459211294156811
 0.60860525581607272
 0.11684110857369846
 -0.54256069229323955
 -0.89599886333126233
 -0.99703140555652559
 -0.71953534158774446
 -0.26281630249254145
 0.41200293591187848
 0.89801739495237454
 0.97250571827806354
 0.71635646334053027
 0.25840739482815506
 -0.27233582962657571
 -0.72636121532247189
 -0.97576841811459181
 -0.89156800623508348
 -0.39879696042893897
 0.12664740128936935
 0.72949239811927913
 0.97675746518097772
 0.94886695751352801
 0.65367771669768138
 0.02184119032878816
 -0.49283950879051719
 -0.93417546627170556
 -0.98518654098922476
 -0.75866754446120943
 -0.16984687508465524
 0.35836757642181133
 0.78562878214341858
 0.9997237337577165
