# Created by Octave 8.4.0, Thu Dec 11 09:16:06 2025 IST <gamana@Samsung>
# name: iq
# type: matrix
# rows: 2048
# columns: 1
 0.99706007033948296
 0.71979445629436789
 0.11267528621267162
 -0.41166286191191009
 -0.82003431881388944
 -0.99669975492155383
 -0.71661680183738552
 -0.25876789299367536
 0.41582037352034329
 0.89985447880301794
 0.99631865342087256
 0.71342420240216764
 0.10359543274975808
 -0.41996921323270014
 -0.9018370479926181
 -0.99591677378527643
 -0.710216724570086
 -0.24993486888935224
 0.42410929452530416
 0.90380080945259256
 0.96931587672916597
 0.59063151170131145
 0.094506937438585861
 -0.42824053105714127
 -0.90574572222887484
 -0.99505071406714374
 -0.80404686683955928
 -0.24108099541788655
 0.43236283667164604
 0.83288742170822871
 0.99878506466934591
 0.88332189054261379
 0.5190242297318719
 -0.14437579056859726
 -0.63040525104876677
 -0.98043636236127607
 -0.94306674230411036
 -0.64003232751865924
 -0.0039492221486906965
 0.50832944618280662
 0.8774101499200383
 0.99932172244443662
 0.83972129973922371
 0.30141723570001927
 -0.37501452045592854
 -0.87959183670055963
 -0.98108672759545423
 -0.6329880670983572
 -0.14767181956608888
 0.37924403260955986
 0.79932567724122838
 0.99423482618450487
 0.834726723741544
 0.29269611680139745
 -0.38346563566337838
 -0.80206146680018797
 -0.99471412193617259
 -0.90715275704229548
 -0.5640436772560169
 0.091189587921087126
 0.5879397169116356
 0.96849149417710867
 0.95952171996815627
 0.68025173333747047
 0.057483207986331115
 -0.59162761605977232
 -0.96961871794042342
 -0.90327160727240496
 -0.55647836159153252
 0.10028104696026842
 0.71108558651626785
 0.97072572039354965
 0.95690944055429616
 0.67352883541892117
 0.20041309089354509
 -0.3291596362235587
 -0.85523523768182264
 -0.99997112992048121
 -0.86301208685108277
 -0.48293989111003849
 0.033177953663624922
 0.6622181460394142
 0.98778974619014315
 0.92838136871562715
 0.47893600348116838
 -0.18998693966562338
 -0.66563312401798547
 -0.98849090621939795
 -0.92667456830169237
 -0.47492212768549869
 0.19446848906226558
 0.77474182782419287
 0.99998138620148591
 0.85601021937775568
 0.33057309196900747
 -0.34635271246754379
 -0.86455865896230799
 -0.99994309558021077
 -0.85364049424972288
 -0.46686474663636957
 0.051428232491258427
 0.6757944842168484
 0.99047064063879786
 0.8512529665268137
 0.32193945930560336
 -0.35490626986012647
 -0.78333115921436058
 -0.99980395440413061
 -0.84884768600070171
 -0.31761252689779229
 0.21235319707962388
 0.68249837391928281
 0.99168720564712287
 0.91785140651800046
 0.45470586321335715
 -0.065105013155937183
 -0.68582900348661102
 -0.96164433703970265
 -0.96656151042960048
 -0.69919534082601087
 -0.23486369851189498
 0.29562976825788428
 0.74284342228831535
 0.98079580514366582
 0.8803031412508725
 0.37640208904310912
 -0.29998927131410252
 -0.83890731960218134
 -0.99926546539418393
 -0.79471385035233399
 -0.22597606066310341
 0.3043425181213476
 0.84138411242655475
 0.99943004815055925
 0.87593347296118218
 0.5056837509888833
 -0.15972964099951256
 -0.7519452059868672
 -0.98337572251258365
 -0.87372121466920871
 -0.3636745572016995
 0.31302987997501996
 0.84628500582049038
 0.99969668159732372
 0.78632374567415608
 0.21260949086681319
 -0.45853535123706013
 -0.84870900418237416
 -0.99112415953073163
 -0.7834941685839707
 -0.20814497571020177
 0.32169112912610048
 0.76090585590764914
 0.98577106854626595
 0.86697529797926964
 0.35087876671096063
 -0.32601173556565088
 -0.7638610846955558
 -0.98652842266602814
 -0.86469043479524876
 -0.34659874936696677
 0.33032554306011602
 0.85587460041102437
 0.98920991118715429
 0.77490763686045938
 0.1947257580520656
 -0.4746912950254723
 -0.85822750015938709
 -0.99999838537229402
 -0.77201305843660495
 -0.19024443905519753
 0.47870574193700199
 0.860562501651286
 0.9999961643602806
 0.76910237975061224
 0.33371568541195351
 -0.19567974137969191
 -0.77552208599333883
 -0.9999730885191962
 -0.76617566150442962
 -0.32940729198072294
 0.20015612234780542
 0.67333494291237483
 0.95683324420089355
 0.92272770475762633
 0.59551390107624014
 -0.052661536885855127
 -0.55626042145876686
 -0.90315903864523062
 -0.99563498366487102
 -0.80763749908038651
 -0.39212605309391713
 0.28369908452689208
 0.8295160634890768
 0.99519837909198194
 0.70482032713478615
 0.091450774980200711
 -0.56382707900378393
 -0.9607251061180615
 -0.9674105193813286
 -0.70157342122455979
 -0.23810093781279595
 0.43512852706753002
 0.90895566155885299
 0.99426291516930421
 0.79948325508046658
 0.23366308595342544
 -0.43923570699769482
 -0.83708928455909648
 -0.99376407532853228
 -0.79673175151610309
 -0.22922036107167365
 0.3011671405145831
 0.74671493460754579
 0.99931202944930153
 0.79396363218353128
 0.37102076259437583
 -0.30551867984392073
 -0.74974466603466505
 -0.99947097594890577
 -0.87533701225132698
 -0.50461792658281668
 0.0082535772213779592
 0.51880002299952621
 0.88319891056935484
 0.99879795529096516
 0.73871965688208541
 0.28975970768520559
 -0.38629864067209896
 -0.88533147958915415
 -0.99856369517541654
 -0.83049745413946297
 -0.42847753222482732
 0.24525622822431584
 0.80659868263811108
 0.99830861010480987
 0.73253287317743021
 0.13106606358576089
 -0.53046318017922212
 -0.9489019627736488
 -0.97673368626990587
 -0.61632746616600498
 0.02651744823474227
 0.53432888159210612
 0.89161822963160164
 0.99773598681172548
 0.72628498216555015
 0.27222911179731163
 -0.40308215197583813
 -0.8146208931956872
 -0.99667842946555951
 -0.89796859424785269
 -0.41190187573353687
 0.2629233102303789
 0.81726105969626939
 0.99708013317948641
 0.71997650504052346
 0.11293589506784936
 -0.41142381977103759
 -0.81988418229177085
 -0.99672101181221351
 -0.71679971094190253
 -0.25902123359623186
 0.27172431995601209
 0.82249020627722469
 0.99770057115957789
 0.89185562410311559
 0.53477221143632692
 -0.12601701851596336
 -0.61591429094295513
 -0.93230661792593683
 -0.94906737002852937
 -0.65415849443225915
 -0.17497116393201925
 0.35350608027650443
 0.78239957707987662
 0.99983247997102931
 0.84963824263651433
 0.31903190422298738
 -0.35777423772728167
 -0.87062648486684047
 -0.99973846832989566
 -0.7561005675315795
 -0.31470050977912667
 0.36203493382883944
 0.8728639727838754
 0.99962360723391863
 0.75310397795260287
 0.3103625522847524
 -0.21980895658447358
 -0.68805960798840127
 -0.99264084583298418
 -0.84233373325760386
 -0.30601812220757368
 0.37053358671614267
 0.7936446050741407
 0.99318350320331317
 0.83986369513887471
 0.44380386387911941
 -0.22870973038454406
 -0.79641462932165763
 -0.99915395334485979
 -0.74402022533661394
 -0.14793122191009037
 0.37900132998757796
 0.7991680444144863
 0.99895572273101452
 0.74096119032825236
 0.29294690316968425
 -0.23759142540159833
 -0.8019047929304397
 -0.99873665898641506
 -0.83234869697174474
 -0.28857749010972156
 0.2420248867701672
 0.70444811049079614
 0.99514689847830351
 0.90533304465219033
 0.56048409449701031
 -0.095475234185722443
 -0.5914161401871515
 -0.92075330497514141
 -0.99071143879023971
 -0.78158312069830338
 -0.35228043953203181
 0.32459591128292553
 0.76289392539196699
 0.98628238008474745
 0.9318320622966344
 0.61488179360742934
 -0.028351239645533603
 -0.53587862659085617
 -0.95090254255329998
 -0.93016513476203078
 -0.4831695435136964
 0.18524369092832746
 0.7687670104067964
 0.98774885039587357
 0.92847880871813848
 0.60765343796048421
 0.11565022938906054
 -0.40893200362750154
 -0.8183168365787411
 -0.99717930598945514
 -0.8165054964834555
 -0.26165925596843598
 0.41309515457527518
 0.82093309710364448
 0.99751166747468134
 0.8930881406545097
 0.5370789445299804
 0.029772961920549099
 -0.61375950054506057
 -0.97603006659610958
 -0.9499246819238828
 -0.65622259989165388
 -0.025207970311606029
 0.61735848295232298
 0.97701376738129042
 0.94848777721381872
 0.52935229899733338
 0.020642452992762857
 -0.62094459040458649
 -0.93460261744058193
 -0.94703109187740431
 -0.52547237649733447
 -0.016076505177411264
