# Created by Octave 8.4.0, Thu Dec 11 09:16:06 2025 IST <gamana@Samsung>
# name: iq
# type: matrix
# rows: 2048
# columns: 1
 0.99706007033948296
 0.71979445629436789
 0.11267528621267162
 -0.54607854638925091
 -0.95458600820206962
 -0.97259255895290297
 -0.71661680183738552
 -0.10813648706951674
 0.54989853666459632
 0.89985447880301794
 0.97152058492562143
 0.71342420240216764
 0.25435403320662997
 -0.41996921323270014
 -0.9018370479926181
 -0.9704283499248888
 -0.710216724570086
 -0.24993486888935224
 0.28075440618218883
 0.73235430365016874
 0.97764774684509548
 0.88756644408310237
 0.39074826631547099
 -0.13533214306748165
 -0.62328907253604104
 -0.93566355795921996
 -0.98445874839776404
 -0.7559288889967074
 -0.16571279352017626
 0.36227941227075194
 0.87299192731282182
 0.99961637728604458
 0.84464582685674738
 0.451735955545704
 -0.068429320412764685
 -0.68824991106358091
 -0.99267257301273648
 -0.84219234522037123
 -0.44765705097149988
 0.22451727661408843
 0.69155575910797984
 0.96378086250028872
 0.96450593995209644
 0.69352673492061989
 0.22717892085399657
 -0.44521220012329865
 -0.91358003901312201
 -0.96328999306189333
 -0.5715619408474234
 0.082090521919315831
 0.58052721149389108
 0.96617647717373156
 0.96205395684648265
 0.56780872985143183
 -0.086640958364850085
 -0.70138649497904204
 -0.9673440726117527
 -0.96079785708328713
 -0.5640436772560169
 0.091189587921087126
 0.5879397169116356
 0.91906542379149492
 0.95952171996815627
 0.68025173333747047
 0.20935274634661827
 -0.32052155160483159
 -0.85046631654676685
 -0.99986002074606939
 -0.86759008943263682
 -0.3520349582153795
 0.17651889277400565
 0.65534683009168626
 0.98632564038788906
 0.8653101111236956
 0.48693370707140277
 -0.028613416223251562
 -0.65878935756162205
 -0.98706798589555911
 -0.86301208685108277
 -0.34347161125692577
 0.3334684266427943
 0.76893472152711884
 0.98778974619014315
 0.92838136871562715
 0.47893600348116838
 -0.037741799180791728
 -0.66563312401798547
 -0.95376841510680677
 -0.92667456830169237
 -0.60381116136497703
 0.042304857596161642
 0.54761443469753268
 0.95513095897934219
 0.97216437610049722
 0.60016461899422868
 -0.046867033747573464
 -0.55142982772784532
 -0.95647358368258695
 -0.97108426039629825
 -0.71213752157466126
 -0.10177064770085427
 0.42163336854287486
 0.90262816634349929
 0.96998389281815456
 0.59283406142640771
 -0.055988358703845706
 -0.67915351091042064
 -0.95909896399592787
 -0.96886329631413692
 -0.70569586549307994
 -0.24373174421850885
 0.28689235719527861
 0.73669800137329189
 0.9789735583027539
 0.94546926027148714
 0.64562337082936083
 0.011247956082341949
 -0.62828195559010802
 -0.97989489953272035
 -0.94397197361676277
 -0.51745531617108087
 -0.0066814220535604723
 0.50597464915570589
 0.87609610931798187
 0.99941860753662914
 0.74870337284051514
 0.30402127670330764
 -0.37248028622255525
 -0.79491849299250317
 -0.99925248579709669
 -0.74566827301361671
 -0.15037354922751256
 0.51383147181467992
 0.88046307274605584
 0.98072997867282441
 0.74261762234268391
 0.14585720244600886
 -0.38094083378193982
 -0.88261903416678134
 -0.97982756338423382
 -0.7395514844487685
 -0.14133781382581198
 0.52164543106267169
 0.94557904321004638
 0.93619088246932725
 0.49778317453547566
 -0.1687390302799123
 -0.75793475849732128
 -0.99979872672709624
 -0.86924208047228424
 -0.35515146651018259
 0.32169112912610048
 0.76090585590764914
 0.98577106854626595
 0.86697529797926964
 0.35087876671096063
 -0.32601173556565088
 -0.7638610846955558
 -0.98652842266602814
 -0.93128767720556305
 -0.48585465799489252
 0.029847866612347472
 0.65971796292075569
 0.98726520282524977
 0.86238753857084249
 0.34231150373757346
 -0.18671483023342564
 -0.769723690212191
 -0.99999838537229402
 -0.86006665733274223
 -0.47785151315373381
 0.19119927952835253
 0.7726309446768147
 0.9999961643602806
 0.76910237975061224
 0.18575915252785319
 -0.48271020548381566
 -0.92997241689742438
 -0.95106475988945738
 -0.65898665758912811
 -0.028875590832584942
 0.6144680261825699
 0.93164157445709228
 0.98636883283935706
 0.6555449172576302
 0.02431048835748555
 -0.49068884864234602
 -0.86745963149813543
 -0.98560709856610962
 -0.65208950559648549
 -0.019744878889376392
 0.6216480510635094
 0.93492156727054621
 0.94674240283801925
 0.52470834344777251
 0.015178857643599331
 -0.49862655892901125
 -0.9365323341203855
 -0.98402198209493885
 -0.75430961863744106
 -0.16327648362920538
 0.5025798571863066
 0.93812356967355703
 0.98319863295447774
 0.75130362478232604
 0.3077640804358302
 -0.36882906218473727
 -0.79252720497175122
 -0.99939673945465424
 -0.74828196255844681
 -0.30341582116580706
 0.22692348795870262
 0.79530388498163285
 0.99349826896703219
 0.91182114243432699
 0.44135378528429337
 -0.23136869382886627
 -0.79806397900131565
 -0.99400781605094846
 -0.9099366016055852
 -0.43725132659997279
 0.084551888970616357
 0.58253657800469949
 0.91641892573554706
 0.9921432504235741
 0.78837777747453541
 0.36252386579059354
 -0.31420255319168883
 -0.75575715845970359
 -0.98441265345254958
 -0.87088442248734499
 -0.49671169676217664
 0.16995617082962328
 0.65029919933927494
 0.94745094821337439
 0.97770285810336988
 0.73253287317743021
 0.13106606358576089
 -0.39470685938945244
 -0.80928964907531076
 -0.99589306163665337
 -0.82537535260802997
 -0.42020723065496823
 0.10333455741059976
 0.7132403876757174
 0.97145840219953794
 0.95601360429414595
 0.67125684091562299
 0.04529650493705354
 -0.60142144191066849
 -0.92554488003732771
 -0.95466411877607582
 -0.66786488579440773
 -0.19292606540949148
 0.33636061951733709
 0.85916763922364559
 0.99999999929803707
 0.85912929147213657
 0.47623922634562982
 -0.040808889991026519
 -0.66792065896118524
 -0.95468642402066628
 -0.92551650307139577
 -0.60136156986289846
 -0.10780123738777925
 0.41612703440426646
 0.82283104388607065
 0.99774102377887197
 0.81191999367161027
 0.25402788856811498
 -0.42027523032400022
 -0.90198270191125685
 -0.97034689319511946
 -0.70997928631879803
 -0.09871664971980694
 0.55778395400348058
 0.9039450729211691
 0.96923292646253989
 0.70675590591426907
 0.094171220419915477
 -0.42854524143090444
 -0.83053919395180253
 -0.99856770736082057
 -0.88529663390267133
 -0.52263478249728768
 0.14018932395002348
 0.62711640397435597
 0.93738286894452327
 0.98358570375047472
 0.64327632135886925
 0.16087467946475087
 -0.50468262234372585
 -0.87537324331174171
 -0.99946853590792306
 -0.84201047547138852
 -0.3054473240688339
 0.22484587561108255
 0.79400918965226941
 0.99325320366409453
 0.91269474280555418
 0.44326655429247164
 -0.077874574804260743
 -0.69508966027877517
 -0.96507712748675856
 -0.91081907787510319
 -0.4391683835773984
 0.082426600067351322
 0.69836552224373061
 0.96626338538553846
 0.90892441789562195
 0.56753111057003847
 0.066262548155808801
 -0.5845132053407629
 -0.91739034106205852
 -0.99183580306267727
 -0.68334577293270737
 -0.061705188177938824
 0.45773735113543396
 0.91919827200598381
 0.9594266923029664
 0.68000451891008395
 0.057146541344009039
 -0.46179277882615533
 -0.85064365637548023
 -0.99986560606571262
 -0.86742234684153008
 -0.35171930379742294
 0.32516289542069804
 0.76328138178410543
 0.99993004749988235
 0.86514103433169209
 0.48663913745476717
 -0.028950497499741039
 -0.65904302069962439
 -0.95108791243206647
 -0.97520842120142426
 -0.61079942113405361
 -0.11958990645928266
 0.40530845177862374
 0.81603017562444879
 0.99687369533627246
 0.89689483656565461
 0.54425795057319359
 0.038301930067534518
 -0.47844386165224989
 -0.92817291142478686
 -0.98787691854701487
 -0.7692929668113283
 -0.33399682605863357
 0.1953872453297896
 0.66973013024156314
 0.9554079826666001
 0.92459199420879312
 0.599415091507563
 -0.047802708672315619
 -0.67311440314957505
 -0.98996417831535322
 -0.92284262614875456
 -0.59575347482441132
 0.052363695172689753
 0.67648463831794114
 0.95806510063107053
 0.96975568465880058
 0.70826311701261979
 0.24725065628332207
 -0.42661729849869584
 -0.82934945728329645
