# Created by Octave 8.4.0, Thu Dec 11 09:16:06 2025 IST <gamana@Samsung>
# name: iq
# type: matrix
# rows: 2048
# columns: 1
 0.99706007033948296
 0.81741217677477895
 0.2631763561998442
 -0.41166286191191009
 -0.82003431881388944
 -0.99739959216031482
 -0.89379434027545168
 -0.40332217000396425
 0.27197672523161615
 0.82263935911185238
 0.99631865342087256
 0.81211680656676566
 0.39913916364882279
 -0.126277206267076
 -0.72923708866562187
 -0.99801622712169602
 -0.88966097771079677
 -0.53068550131166847
 0.13080603864129745
 0.61971144815431445
 0.97764774684509548
 0.94753482023462876
 0.52680937032475517
 -0.13533214306748165
 -0.73545624545231092
 -0.97859770037839833
 -0.88545340033792985
 -0.5229222527763302
 0.13985542515412888
 0.73854284938133441
 0.99878506466934591
 0.80132327513146184
 0.23664647091041779
 -0.29387678624149521
 -0.74161405106639489
 -0.99899969140049327
 -0.79858297189933158
 -0.37810102247061
 0.14889314503908596
 0.63394365677250586
 0.94041029539182541
 0.98196046852828767
 0.63651683455885644
 0.15218691789985109
 -0.51225682209534928
 -0.94195336044907441
 -0.93998963405957092
 -0.50726554167848714
 0.0051841873744737305
 0.51617351493844721
 0.88175517967331396
 0.99894370498287544
 0.834726723741544
 0.29269611680139745
 -0.38346563566337838
 -0.8839001337219804
 -0.9792778829548171
 -0.73770965602296679
 -0.13863247807766196
 0.38767924157623307
 0.80478052944019018
 0.995172673015283
 0.82966251550724124
 0.42712419847488775
 -0.095736315726760557
 -0.70786729603693477
 -0.99561046985879564
 -0.82710443109173448
 -0.42299056154802456
 0.25113046123705945
 0.71108558651626785
 0.99602750333649714
 0.82452909748853165
 0.27518135912083291
 -0.40027119857025584
 -0.89229517179135864
 -0.97541527964386687
 -0.61154083816441651
 -0.12051985628836237
 0.539444769141321
 0.95220302359858278
 0.92860399486731282
 0.47946219183674782
 -0.18939832058294218
 -0.66518560712459007
 -0.95358806728458312
 -0.9268997341204479
 -0.47544962248554806
 0.19388039544994554
 0.77436263562652718
 0.99998486432392741
 0.76735326709145446
 0.1830737769459358
 -0.34579025296833121
 -0.86425723373821917
 -0.99994931137843202
 -0.76441698164385541
 -0.32682631825529179
 0.35007164120090067
 0.86654550360005966
 0.98591556319764284
 0.76146475434962702
 0.32250698795280197
 -0.35434572872122727
 -0.86881570173422706
 -0.98514152921875819
 -0.65001564882957641
 -0.017013101885223616
 0.62378588209331298
 0.97872827240875171
 0.94585911105081744
 0.52238048147690586
 0.012446879804004154
 -0.50099304609792072
 -0.87330169381830114
 -0.99959857501484162
 -0.84430547076328211
 -0.45116892498574845
 0.069063291190749512
 0.56984016634588963
 0.91009131831587664
 0.9655365738983589
 0.57851430337155152
 -0.073618372655640751
 -0.69201463713126821
 -0.96395014595207851
 -0.91257282341007628
 -0.44299918341678873
 0.2295835999416955
 0.79695722784443679
 0.99380561813976886
 0.91069591671206174
 0.43890041192735763
 -0.082723834708230817
 -0.58104452330167577
 -0.9663401593019374
 -0.90880001753352013
 -0.43479248720976083
 0.08727402540234655
 0.58475517729333404
 0.96750494892858208
 0.96062147796914976
 0.56351882378034068
 0.06140750055749996
 -0.4580025039766078
 -0.84839179794393582
 -0.99978651948124719
 -0.86953831103763324
 -0.4943384925459326
 0.020117995974901666
 0.65237239211708042
 0.94832145702324677
 0.93315721720895184
 0.61777106458305009
 -0.024683567584122105
 -0.65582668926092402
 -0.94976063540733258
 -0.93150589989614585
 -0.48637856087585363
 0.1816369880798058
 0.7664154324676743
 0.98716965449191374
 0.92983515611251089
 0.48238333841559111
 -0.033813071278031646
 -0.54048423505083965
 -0.95257954105960208
 -0.92814502070124638
 -0.47837805589467242
 0.19061080133807218
 0.66610723072811973
 0.98858684135041419
 0.92643552890997793
 0.47436279684291277
 -0.042939754312555034
 -0.66950638967362874
 -0.98926451672805937
 -0.855681532510988
 -0.32997327716214314
 0.19956871399551304
 0.67289158612426403
 0.98992156108416685
 0.85330932712526242
 0.32565891068230435
 -0.35122820632734286
 -0.78088143098659768
 -0.99987406833880488
 -0.85091932605111698
 -0.32133775261549763
 0.35550030419832296
 0.86942652071316784
 0.99979116993674422
 0.84851157913180664
 0.45820367316874133
 -0.21297413509775945
 -0.78655425392458278
 -0.99176877315027423
 -0.91759898613570712
 -0.58493874944307467
 0.065739125967193737
 0.56709913008595247
 0.96181845306282432
 0.91577411881776138
 0.58122869797873344
 0.082949369652468824
 -0.57085458171187231
 -0.91060240870657128
 -0.96521441310367007
 -0.57750652504275102
 0.074849943253653239
 0.69290561951778085
 0.96427801736522922
 0.91206712747968488
 0.57377230826071701
 -0.079403057907437527
 -0.69619111825248092
 -0.99394210623815205
 -0.83620842721902666
 -0.43779040550849502
 0.083954516617641473
 0.69946209798473968
 0.96665714236557809
 0.90828405223027919
 0.43368002019265883
 -0.088504224464064266
 -0.58575655754957578
 -0.96781647784468805
 -0.96027759402617385
 -0.56249817485182096
 0.093052086562905839
 0.58945170536753178
 0.9689556295991556
 0.90442520865067211
 0.55871656394038915
 -0.097598008068944031
 -0.70918724252932852
 -0.97007457387208185
 -0.95768892147117968
 -0.55492330104582444
 0.10214189417742749
 0.71239946714109803
 0.97117328732799246
 0.95636461281972895
 0.55111846527625574
 0.046494249356239692
 -0.47122753925634359
 -0.85620308428814818
 -0.9891166112298605
 -0.77450581338902247
 -0.34171435165674641
 0.33523123234859892
 0.85855349636620693
 0.98843438090726554
 0.66535457285061506
 0.037368871228434644
 -0.60774151779862151
 -0.92851999270471819
 -0.98773153687553772
 -0.66193846360575792
 -0.032804965596094741
 0.61136176094555383
 0.93020584804791562
 0.98700809379243404
 0.76576713127802476
 0.32880721843400595
 -0.20077869665569509
 -0.6738046368887588
 -0.95701774361155723
 -0.92248257337838213
 -0.59500327583703394
 -0.099909729963979996
 0.42332869337274925
 0.82731412497246393
 0.99824262928657892
 0.88796312222442753
 0.39154139392700543
 -0.28430839191232327
 -0.82987079742627756
 -0.99850283949054042
 -0.88585356816572791
 -0.52365662880302632
 -0.013944010476629697
 0.62618201549604879
 0.93696457997385907
 0.98380134757385818
 0.75349825716331365
 0.16205795421785563
 -0.50364715031830654
 -0.87479295658324008
 -0.99950690302815837
 -0.84265668830487783
 -0.44842749913276869
 0.2236774077141763
 0.69093301377287253
 0.99311344578741001
 0.84018895336674537
 0.44434101396041331
 -0.22812607540270893
 -0.69422716638980897
 -0.96476233464793859
 -0.9113133804533976
 -0.44024526209659331
 0.08123161321943638
 0.57982529386499893
 0.91508041026796527
 0.96228874613506621
 0.56851790791858747
 -0.085782380000612515
 -0.70077196909311512
 -0.96712527899890954
 -0.96103643057553478
 -0.56475508395065876
 0.090331357797997905
 0.70402248268821932
 0.96827650942448973
 0.95976407268862951
 0.56098048206683471
 0.058343548505885939
 -0.46072894167289669
 -0.85001267542088443
 -0.99984523058057562
 -0.86801831666252882
 -0.35284144865526218
 0.32402881048370535
 0.76250619481193627
 0.98618324461786944
 0.8657417491556576
 0.48768624444110664
 -0.18016442982835693
 -0.65814076702796687
 -0.98692947304195144
 -0.86344712668334977
 -0.34428084209006543
 0.18465452954925485
 0.76838347213204672
 0.99999241925486515
 0.86113449709973433
 0.47969234506656072
 -0.036880612315026831
 -0.54306418805411272
 -0.89626491584420609
 -0.97342194446667962
 -0.60449789105443952
 -0.11170873212366551
 0.54689314774489595
 0.89828099129858441
 0.97236593164019758
 0.71593804003700734
 0.25782820598727979
 -0.27291262473125366
 -0.82319200887121757
 -0.99623479574009144
 -0.81154885978959945
 -0.25341320863550165
 0.27730312706414845
 0.82577623193527505
 0.99582849150478125
 0.80887214180542977
 0.24899292637427459
 -0.42498997723381116
 -0.82834323351112504
 -0.99540141935684101
 -0.80617855486628232
 -0.38985271803506466
 0.28606669089249703
 0.73611496866813952
