# Created by Octave 8.4.0, Thu Dec 11 09:16:06 2025 IST <gamana@Samsung>
# name: iq
# type: matrix
# rows: 2048
# columns: 1
 0.99706007033948296
 0.71979445629436789
 0.2631763561998442
 -0.26757933088703667
 -0.72295709950342013
 -0.99739959216031482
 -0.81477298767905471
 -0.40332217000396425
 0.12174574039319934
 0.61251750219373202
 0.9307412043625467
 0.95041478686084535
 0.5345505649007124
 -0.126277206267076
 -0.6161208997466926
 -0.93240144544834269
 -0.98602164326815445
 -0.7618765189682617
 -0.32310844176316006
 0.35375141607369498
 0.78256289391760381
 0.99092400356524601
 0.84949989429398942
 0.45986541708857864
 -0.2111462234393818
 -0.68159522404935846
 -0.96003675884366646
 -0.91834089914126482
 -0.4558054392076315
 0.21560776862847272
 0.6849297096298741
 0.99211040285063745
 0.84464582685674738
 0.31011321061357677
 -0.36653212183670031
 -0.8752101648306293
 -0.99947947189198894
 -0.74991820004097443
 -0.15669884238927639
 0.50832944618280662
 0.94041029539182541
 0.94153800602658821
 0.63651683455885644
 0.15218691789985109
 -0.51225682209534928
 -0.87959183670055963
 -0.98108672759545423
 -0.74384495350793745
 -0.29705977382799137
 0.37924403260955986
 0.79932567724122838
 0.99894370498287544
 0.74078502926765999
 0.29269611680139745
 -0.23784618978820501
 -0.80206146680018797
 -0.99872344485238629
 -0.73770965602296679
 -0.13863247807766196
 0.52397452491172358
 0.8860266541137356
 0.97834281697030223
 0.62232285500886353
 -0.018883252709112678
 -0.52785867935254538
 -0.88813469650019505
 -0.97738734773531
 -0.61874172821212581
 0.023448947172842981
 0.53173182534861707
 0.89022421691831999
 0.99793771528696562
 0.82452909748853165
 0.4188481031914722
 -0.10482368684166825
 -0.59896632268215722
 -0.92437830773569063
 -0.95557335273441868
 -0.54886662494658134
 0.10936414063460427
 0.60261697710835183
 0.97287896944569174
 0.95421733651916474
 0.66674975226285726
 0.039237950724844595
 -0.60625506401228335
 -0.97392517113889421
 -0.89528358719251666
 -0.40636866435859498
 0.26876907226385538
 0.72380978565701937
 0.97495106171121826
 0.9514456324359305
 0.53736337067249562
 -0.1229714388149704
 -0.61349323202917039
 -0.93119209952337212
 -0.98657129559318824
 -0.76403033079695037
 -0.17799244441910247
 0.4896123951713961
 0.86684455914106351
 0.99988395123660889
 0.8512529665268137
 0.46282140941885924
 -0.20788843009190797
 -0.67915351091042064
 -0.95909896399592787
 -0.91965447150011992
 -0.458768420102943
 0.06054731728429652
 0.56280668962743263
 0.96038166485395848
 0.91785140651800046
 0.58545405011465856
 0.088132491563609597
 -0.56657560757064096
 -0.90844011502318567
 -0.9943942548903667
 -0.80022448225587572
 -0.38062901780274139
 0.14619080877256765
 0.63182823598891091
 0.93947771061620244
 0.94245500051237052
 0.51354214370764828
 -0.15070692720004675
 -0.74589292680788943
 -0.9816762563472855
 -0.87812746374023176
 -0.5096182613695085
 0.15521990264824989
 0.63888119294273482
 0.94256769103511717
 0.98072997867282441
 0.63156681724073349
 -0.0070186351243288854
 -0.6423877224089799
 -0.94408321150734609
 -0.93778628091338123
 -0.5017386946196043
 0.16423604820363752
 0.7549478544265199
 0.98419470203205239
 0.93619088246932725
 0.62445921898958623
 0.13681547761836058
 -0.52553613306817071
 -0.88687569161064339
 -0.99837964680481783
 -0.82863699236744714
 -0.42546475484063667
 0.097562209492346161
 0.70916188232663657
 0.99578049057298412
 0.82607197240836805
 0.42132756391753479
 -0.10210611200314788
 -0.71237422369576531
 -0.99618918079676655
 -0.82348972479342486
 -0.41718158624638879
 0.106647885100269
 0.60043432000801411
 0.97224333165312371
 0.89851137326958597
 0.41302690829119881
 -0.11118743406544458
 -0.60407993511190405
 -0.97330167495113762
 -0.95366701163178647
 -0.54350458674249169
 0.11572466422679378
 0.72192184238340473
 0.97433972013122938
 0.95228310934829397
 0.53966559836386452
 0.032840916452987139
 -0.48323515238183556
 -0.93019264499265608
 -0.95087934728715373
 -0.65853561950740669
 -0.18068038726057722
 0.48722822131491544
 0.93185925391478641
 0.94945575472370036
 0.53195393787215595
 -0.12932149590627612
 -0.73133396242559634
 -0.97733185259986799
 -0.94801236134682287
 -0.52808142658504087
 0.13384850513027419
 0.62211752879892024
 0.93513413588735561
 0.9465491972583544
 0.64816408847853257
 0.01457942004615246
 -0.62568642452632262
 -0.93674234064043382
 -0.98391506537880058
 -0.64467978024642647
 -0.010013047761816983
 0.62924227162023949
 0.93833100971718231
 0.98308902348526839
 0.64118202727612839
 0.005446466656266781
 -0.50703949142794102
 -0.93990010998605222
 -0.94204138792272474
 -0.63767090251296954
 -0.15366656742847584
 0.51097035211053232
 0.87887856028953637
 0.99920398154940382
 0.8380505755510308
 0.29848911345229245
 -0.37785819723066766
 -0.88104792251660446
 -0.98048795545716472
 -0.63060883078210594
 -0.14463532063038551
 0.51880002299952621
 0.94448967275556528
 0.97958001227093605
 0.73871965688208541
 0.28975970768520559
 -0.24082644017776364
 -0.70357104096355216
 -0.9950246172039402
 -0.83049745413946297
 -0.28538589488842303
 0.3905068220229197
 0.80659868263811108
 0.99830861010480987
 0.82794503673297959
 0.42434680629691318
 -0.098791221410575017
 -0.71003205735290709
 -0.99589306163665337
 -0.82537535260802997
 -0.27662050554376355
 0.39889866518032613
 0.89161822963160164
 0.99773598681172548
 0.82278845535517475
 0.27222911179731163
 -0.40308215197583813
 -0.89367668162933689
 -0.99741846053125105
 -0.72313828409462411
 -0.26783204073746153
 0.40725723252969975
 0.89571649608114523
 0.97370403558786156
 0.60548122176772357
 0.11293589506784936
 -0.41142381977103759
 -0.81988418229177085
 -0.9973806551759018
 -0.81492502611226691
 -0.40356216028660752
 0.12148540426003865
 0.7259242988997987
 0.99770057115957789
 0.89185562410311559
 0.53477221143632692
 -0.12601701851596336
 -0.7290575935360607
 -0.97662105565601998
 -0.88978071120295688
 -0.39518878000658209
 0.28050266265589391
 0.73217568374252728
 0.99827797602498924
 0.88768724200696714
 0.52703228840410865
 0.017910722171062571
 -0.49625634944937436
 -0.93557096785863769
 -0.98450477561973526
 -0.64722315768840744
 -0.013344562320217936
 0.50021587916838484
 0.8728639727838754
 0.98369370243437959
 0.64373520641664106
 0.16146634585720937
 -0.50416497693069873
 -0.87508325720214741
 -0.99948789907851565
 -0.84233373325760386
 -0.44789157041556454
 0.22426168196300064
 0.6913662822677682
 0.96371087967815416
 0.96457516552375233
 0.69371566783016436
 0.22743433812111521
 -0.4449773300437953
 -0.91347334786286249
 -0.96336037320867463
 -0.57177713983155798
 -0.071416512219100281
 0.4490623659983633
 0.84303899794670245
 0.99952895764717375
 0.87444854332560251
 0.36506888685045302
 -0.31160751590123287
 -0.75396512742134258
 -0.98392844930791656
 -0.93671610823552076
 -0.62562796553631705
 0.014654350036806126
 0.52426171766965646
 0.88618295094858357
 0.97827295958773519
 0.73439005846064775
 0.28362722468448237
 -0.24703426848143711
 -0.80768168619747682
 -0.99820027893006624
 -0.82691484959557615
 -0.27924509506351897
 0.39639172952169083
 0.81036587949062577
 0.99605747492512753
 0.90115662367122262
 0.41854186373866809
 -0.25587420960649715
 -0.71452501113115185
 -0.9964522021328357
 -0.82174444767227495
 -0.27046345643873931
 0.40476032444000531
 0.89449833060686224
 0.99728505146395308
 0.72186998516592915
 0.11565022938906054
 -0.40893200362750154
 -0.8183168365787411
 -0.99693837014674846
 -0.71870216652800389
 -0.11111296041333159
 0.41309515457527518
 0.89854426479811322
 0.99657089777049301
 0.81386045126370754
 0.40188301863227083
 -0.12330609336432669
 -0.72718478695228606
 -0.997823225944791
 -0.81119843305825856
 -0.25283322809198039
 0.27787907011093738
 0.82611420249337753
 0.99811397490226272
 0.88894197826965471
 0.52935229899733338
 -0.13236456713272088
 -0.62094459040458649
 -0.9779770926331931
 -0.88684106715721245
 -0.38930057845837962
 0.28664108997814214
