# Created by Octave 8.4.0, Thu Dec 11 09:16:06 2025 IST <gamana@Samsung>
# name: iq
# type: matrix
# rows: 2048
# columns: 1
 0.99706007033948296
 0.81741217677477895
 0.40749676511192734
 -0.11721173552297842
 -0.60890133064396568
 -0.97467563508643473
 -0.95182505386520067
 -0.53840448048633571
 -0.031344426666491253
 0.48454544831307755
 0.86393738386991581
 0.98677225365717247
 0.7648265315825612
 0.17920756624578818
 -0.48853519495787168
 -0.86622816469789188
 -0.99990200276958874
 -0.7618765189682617
 -0.17471292102219657
 0.35375141607369498
 0.78256289391760381
 0.99982764492782827
 0.75891061748844191
 0.17021463217652491
 -0.35801914740060525
 -0.87075548362775734
 -0.98445874839776404
 -0.64702319695337762
 -0.16571279352017626
 0.50044297299076146
 0.87299192731282182
 0.99961637728604458
 0.75293139567673473
 0.31011321061357677
 -0.22006481733715735
 -0.68824991106358091
 -0.96255289322519511
 -0.9146877172569069
 -0.44765705097149988
 0.072984607991762596
 0.57306627895981621
 0.96378086250028872
 0.96450593995209644
 0.69352673492061989
 0.22717892085399657
 -0.44521220012329865
 -0.91358003901312201
 -0.96328999306189333
 -0.5715619408474234
 -0.071154896496347181
 0.58052721149389108
 0.91542760447624616
 0.99244923265600671
 0.68691788519972474
 0.066599024229182319
 -0.45337183085077554
 -0.91725607877992499
 -0.99187874960179634
 -0.68359193739244539
 -0.062041763045416379
 0.45743750616528306
 0.8480552264261183
 0.99977318748613397
 0.86985197422915883
 0.49489079104069511
 -0.17202205632633658
 -0.65189063542320946
 -0.98556272514868337
 -0.93338546174226766
 -0.49091736807458636
 0.024048282052691987
 0.53223945734323408
 0.94956155470422277
 0.93173685042504906
 0.48693370707140277
 -0.181012047936218
 -0.65878935756162205
 -0.95098368393158716
 -0.93006880782054413
 -0.48293989111003849
 0.18550142810862433
 0.76893472152711884
 0.98778974619014315
 0.86069606453987113
 0.47893600348116838
 -0.037741799180791728
 -0.66563312401798547
 -0.98849090621939795
 -0.92667456830169237
 -0.60381116136497703
 -0.1108522977199087
 0.54761443469753268
 0.95513095897934219
 0.92494844217390204
 0.47089834743204406
 -0.19894598283625273
 -0.67242136389076779
 -0.95647358368258695
 -0.9232030263304648
 -0.59650556024492263
 -0.10177064770085427
 0.42163336854287486
 0.90262816634349929
 0.96998389281815456
 0.59283406142640771
 0.097226591704109466
 -0.55902603440189202
 -0.95909896399592787
 -0.91965447150011992
 -0.458768420102943
 0.06054731728429652
 0.68249837391928281
 0.96038166485395848
 0.96772249425417678
 0.70245292795551217
 0.23930021665734427
 -0.43401626026004414
 -0.83390129996400719
 -0.99887378497716794
 -0.88246046011956136
 -0.51745531617108087
 0.14619080877256765
 0.74284342228831535
 0.98079580514366582
 0.8803031412508725
 0.37640208904310912
 -0.29998927131410252
 -0.74589292680788943
 -0.99926546539418393
 -0.87812746374023176
 -0.5096182613695085
 0.15521990264824989
 0.63888119294273482
 0.98253623478184693
 0.87593347296118218
 0.5056837509888833
 -0.15972964099951256
 -0.6423877224089799
 -0.98337572251258365
 -0.87372121466920871
 -0.5017386946196043
 0.011585155087853634
 0.52164543106267169
 0.94557904321004638
 0.97890471388091427
 0.73646992327589755
 0.28656929572213435
 -0.38936960356123135
 -0.80586807279352213
 -0.99535103343762399
 -0.90444055412780355
 -0.42546475484063667
 0.24848484721087891
 0.70916188232663657
 0.99578049057298412
 0.82607197240836805
 0.27780708268757176
 -0.2529057306336317
 -0.71237422369576531
 -0.99618918079676655
 -0.90050656061068934
 -0.55114847945818168
 -0.046530180664730178
 0.60043432000801411
 0.97224333165312371
 0.89851137326958597
 0.41302690829119881
 -0.26173158241395567
 -0.71875427025180472
 -0.97330167495113762
 -0.89649744755550087
 -0.40886361669740878
 0.11572466422679378
 0.72192184238340473
 0.97433972013122938
 0.95228310934829397
 0.53966559836386452
 -0.12025948096078005
 -0.61133329545709125
 -0.93019264499265608
 -0.98701387251156136
 -0.76579026388864402
 -0.18068038726057722
 0.48722822131491544
 0.86547908951437158
 0.98627000753600025
 0.76284547406125769
 0.32452503005875494
 -0.35235057260061453
 -0.78162986490910868
 -0.99072162615565063
 -0.85028888000473257
 -0.46119445201813503
 0.20968248266632986
 0.78447016306265849
 0.99976594875481661
 0.75690822893261911
 0.3158724996931519
 -0.36088345518522658
 -0.87226068289134251
 -0.99965672575733444
 -0.75391589745208354
 -0.31153630812522931
 0.36513865163940556
 0.79010162031504583
 0.99952665500974269
 0.75090784312405601
 0.15817743084431238
 -0.50703949142794102
 -0.87669086913002936
 -0.99937573922465328
 -0.84053339739696464
 -0.44491021868367014
 0.076045533660961007
 0.57557902585817122
 0.96459493207099567
 0.96369087240910234
 0.57278989074160702
 0.072648282209853754
 -0.57930743003644081
 -0.91482395692723983
 -0.99263176838203893
 -0.68800522698678646
 -0.068092886001361541
 0.58302375281096053
 0.91665869474579109
 0.96121189540502372
 0.68468396839564494
 0.21527846681165561
 -0.31477163936862168
 -0.84726086568929992
 -0.99974017928601222
 -0.87058961707697269
 -0.35770425901355962
 0.31910292536187457
 0.84967775999932593
 0.99087861687119372
 0.78235290523988077
 0.20635032318008584
 -0.32342755649263732
 -0.8520769343569492
 -0.99025288698631997
 -0.67463479703646312
 -0.20187974966664896
 0.32774544257114785
 0.85445833872757682
 0.98960650546753481
 0.67125684091562299
 0.19740496596936324
 -0.47228473929239162
 -0.85682192344726693
 -0.98893948579507385
 -0.66786488579440773
 -0.040734014305628702
 0.60506365761878733
 0.92726435688547848
 0.95329472382463132
 0.54246752419775235
 0.036170674170068154
 -0.48031556574649814
 -0.92896449571977835
 -0.9519054479984026
 -0.53862548430978674
 -0.031606579698358631
 0.48431599538613296
 0.86380526864144591
 0.99995794748120204
 0.76499547748818508
 0.17946559704239815
 -0.34923055048859636
 -0.86609708556551335
 -0.99990564019671446
 -0.76204637929906172
 -0.17497116393201925
 0.35350608027650443
 0.86837084011363574
 0.98529531704751827
 0.6506976111800985
 0.1704730818139559
 -0.49625634944937436
 -0.87062648486684047
 -0.98450477561973526
 -0.7561005675315795
 -0.31470050977912667
 0.36203493382883944
 0.8728639727838754
 0.99962360723391863
 0.84478620458292519
 0.45196993621406401
 -0.068167649874410111
 -0.56910219984820576
 -0.96248175678768133
 -0.96576984171147617
 -0.69699759914860648
 -0.080523528307652692
 0.57285131597583161
 0.96371087967815416
 0.91293956129574116
 0.44380386387911941
 -0.077276877469169419
 -0.57658848534133278
 -0.96491990446587583
 -0.96336037320867463
 -0.57177713983155798
 -0.071416512219100281
 0.58031363000642855
 0.91532200863263968
 0.99248136912938811
 0.79005568291226769
 0.36506888685045302
 -0.31160751590123287
 -0.845486420966024
 -0.99191207448445484
 -0.6837833448964501
 -0.062303538622137125
 0.45720425744531024
 0.84791621144290719
 0.99976756718698545
 0.86998133186959403
 0.35655072077143918
 -0.17176367725145975
 -0.65169172040484546
 -0.94803620646607956
 -0.9334795565583065
 -0.4911458537354722
 0.023786074093560219
 0.65514869784289442
 0.98628238008474745
 0.86544154726569933
 0.48716277849229406
 -0.028351239645533603
 -0.53587862659085617
 -0.8924473602973515
 -0.97534090919269134
 -0.72502274927095844
 -0.27046345643873931
 0.40476032444000531
 0.89449833060686224
 0.97432285016752296
 0.60765343796048421
 0.11565022938906054
 -0.54356748863500048
 -0.95368955510989162
 -0.97328447172790966
 -0.71870216652800389
 -0.11111296041333159
 0.41309515457527518
 0.89854426479811322
 0.99657089777049301
 0.7155193594217325
 0.10657337418694574
 -0.41724969046119159
 -0.90053914430225124
 -0.99618264199878725
 -0.71232163022430739
 -0.10203156538250441
 0.42139552464273106
 0.82611420249337753
 0.995773610928675
 0.80851949738323936
 0.39350296080787661
 -0.28226302332939512
 -0.73342394586459891
 -0.9779770926331931
 -0.94703109187740431
 -0.6493035269555244
