# Created by Octave 8.4.0, Thu Dec 11 09:16:06 2025 IST <gamana@Samsung>
# name: iq
# type: matrix
# rows: 2048
# columns: 1
 0.99706007033948296
 0.8958330830115131
 0.40749676511192734
 -0.11721173552297842
 -0.60890133064396568
 -0.97467563508643473
 -0.95182505386520067
 -0.53840448048633571
 0.12174574039319934
 0.72610466550790553
 0.9756866937503218
 0.89173695753970295
 0.39913916364882279
 -0.27636844752632383
 -0.72923708866562187
 -0.99801622712169602
 -0.88966097771079677
 -0.39494783328271993
 0.28075440618218883
 0.82779791753061049
 0.99549412439592866
 0.80675369022336518
 0.24551049220311386
 -0.28513450973044718
 -0.83035132807013867
 -0.99854960836650131
 -0.80404686683955928
 -0.24108099541788655
 0.28950866682443271
 0.83288742170822871
 0.99458655204620394
 0.70050569115229744
 0.085410558434171072
 -0.436476125398505
 -0.83540614555488213
 -0.99899969140049327
 -0.88117195914959878
 -0.37810102247061
 0.29823877688491174
 0.7446697864578582
 0.98132503246572256
 0.87900365099550504
 0.373869386604954
 -0.30259454778575384
 -0.7477099918286475
 -0.99936643867810504
 -0.79305245980539629
 -0.22331365638335027
 0.30694400810481892
 0.75073460377554946
 0.99951855157608782
 0.87461208566586512
 0.50332471182795113
 -0.16242620102223765
 -0.75374355922055913
 -0.99964981960557098
 -0.78745579190865311
 -0.36112805074835524
 0.16693057028402239
 0.75673679541218208
 0.99976024002897124
 0.87014756089457157
 0.35686575795358699
 -0.31995361916473464
 -0.75971424992675674
 -0.98546104560661119
 -0.93360044124798824
 -0.49143957136519584
 0.023448947172842981
 0.65489389015789878
 0.98622665999936832
 0.86561044910871676
 0.48745724964467341
 -0.1804224147503094
 -0.76562156587699015
 -0.98697170672481427
 -0.86331479112535514
 -0.34403458148482718
 0.33290317762689803
 0.85728447288167564
 0.9999934061281559
 0.8610011287905317
 0.47946219183674782
 -0.037142715594454159
 -0.66518560712459007
 -0.95358806728458312
 -0.9268997341204479
 -0.47544962248554806
 0.041705882764596969
 0.66858852978133054
 0.95495322397815896
 0.92517614296391726
 0.60064404025869844
 0.10690866857780772
 -0.4169432030477333
 -0.90039247786769683
 -0.9712272096662482
 -0.71255826934013666
 -0.1023670206571104
 0.55473501691758409
 0.95762376292248608
 0.92167111360559606
 0.59331675018393693
 -0.055389785075590392
 -0.55852885519347406
 -0.95892908947939692
 -0.91988974850086858
 -0.58963450652884386
 0.059948902360856322
 0.56231104540088572
 0.90626844172607091
 0.99492723749659617
 0.70287948678186651
 0.23988225937810825
 -0.43347608615063532
 -0.8335702757343435
 -0.99445746524175327
 -0.6996238189346462
 -0.23544639110632265
 0.29505700746927255
 0.74244194177693867
 0.98067870320139328
 0.88058739468803771
 0.37695743566298062
 -0.29941732507672353
 -0.74549348365907853
 -0.99924231199376601
 -0.79507759699523661
 -0.37272368253927118
 0.15462763684080572
 0.6384198765100676
 0.9423672782316922
 0.93956753908246515
 0.50620086350751381
 -0.15913780551172138
 -0.75154986251153877
 -0.98326668640036863
 -0.8740126725681886
 -0.50225718689379151
 0.01098568930287583
 0.52113386311773913
 0.94538379920820492
 0.97902702699783795
 0.73687533753128009
 0.2871436046763976
 -0.2434773626005656
 -0.80551296461297017
 -0.99529311415500421
 -0.82897243756720596
 -0.42600721445523398
 0.096965548000683841
 0.70873907722246843
 0.99572529684553057
 0.9027410274486326
 0.55545184092149236
 0.051690166626058617
 -0.59629502905811249
 -0.97102161033957579
 -0.90076708853249832
 -0.41772635433529737
 0.25674197731389409
 0.71515280292566097
 0.97210288979435833
 0.95520861010101676
 0.66922913426856767
 0.042566904316534378
 -0.4746912950254723
 -0.92657595352213129
 -0.95384720949172808
 -0.66582883744112153
 -0.19024443905519753
 0.47870574193700199
 0.860562501651286
 0.98783057403202179
 0.76910237975061224
 0.18575915252785319
 -0.34322527295248667
 -0.86287955619046985
 -0.98710999648029529
 -0.76617566150442962
 -0.18126999201027524
 0.34751098647196554
 0.77839705386729208
 0.99000628298972737
 0.92272770475762633
 0.46577226419855994
 -0.052661536885855127
 -0.67670425882568808
 -0.99063997145637572
 -0.92095783523147523
 -0.59183905123294156
 0.057221356716363872
 0.68005946213323143
 0.99125300021650498
 0.84819418306959704
 0.31644125325140804
 -0.36032428641518216
 -0.78692431895571124
 -0.99184535648545624
 -0.91736051401446572
 -0.58445240019361921
 -0.08690225208096268
 0.56759280932219036
 0.9619823574103793
 0.91553313734541952
 0.58074075304553097
 -0.070893275878694623
 -0.57134670254418518
 -0.96321954664810927
 -0.96505749357654713
 -0.69503578367345586
 -0.22922036107167365
 0.3011671405145831
 0.83957884657315829
 0.99931202944930153
 0.79396363218353128
 0.37102076259437583
 -0.30551867984392073
 -0.84205089924673893
 -0.99270423190419643
 -0.68844016679241615
 -0.22032066295107569
 0.30986384760900021
 0.75275876160493482
 0.98359922291909652
 0.93735676535810908
 0.62705803109328695
 0.14011512559396239
 -0.38629864067209896
 -0.80389089465875141
 -0.9950246172039402
 -0.83049745413946297
 -0.28538589488842303
 0.24525622822431584
 0.80659868263811108
 0.99546921963032331
 0.90391302325552925
 0.42434680629691318
 -0.24968090147450372
 -0.80928964907531076
 -0.99803270539892408
 -0.72941653362923886
 -0.27662050554376355
 0.2541003676522241
 0.81196373785045661
 0.99629613438374887
 0.89996885312693931
 0.55011758475158845
 -0.10787573837779833
 -0.60142144191066849
 -0.92554488003732771
 -0.98893948579507385
 -0.66786488579440773
 -0.040734014305628702
 0.60506365761878733
 0.92726435688547848
 0.95329472382463132
 0.66445900241171152
 0.18844314139406976
 -0.48031556574649814
 -0.92896449571977835
 -0.9875435880617639
 -0.66103926179696526
 -0.031606579698358631
 0.61231015769750341
 0.97562917563660601
 0.89185562410311559
 0.39937963465958909
 -0.27611637049686544
 -0.82507907730420516
 -0.99594041742242911
 -0.71040134292978407
 -0.099313207688725244
 0.55728627378607698
 0.95850332277440242
 0.92047590867298401
 0.59084313838376756
 0.094768043247161982
 -0.42800350042979229
 -0.90563452989963877
 -0.96824878958938965
 -0.58715262114053235
 0.063012554892090303
 0.56484660844744916
 0.96106708211217839
 0.96709706904209614
 0.58344985888275414
 -0.067569528206502957
 -0.68762445181076515
 -0.9925680701471753
 -0.84265668830487783
 -0.30658881036181568
 0.2236774077141763
 0.79327973525618889
 0.99311344578741001
 0.91318405167090688
 0.44434101396041331
 -0.22812607540270893
 -0.69422716638980897
 -0.96476233464793859
 -0.9113133804533976
 -0.5722688754972225
 0.08123161321943638
 0.69750684096234183
 0.96595387926357601
 0.90942370387819937
 0.56851790791858747
 -0.085782380000612515
 -0.58353992932414578
 -0.96712527899890954
 -0.90751506135436888
 -0.56475508395065876
 -0.062901866674132029
 0.58724239511115484
 0.96827650942448973
 0.95976407268862951
 0.68088315202612171
 0.21019535842160308
 -0.31970511255027162
 -0.85001267542088443
 -0.99984523058057562
 -0.86801831666252882
 -0.49166797977536669
 0.17567057279463055
 0.65469565491376036
 0.94929096237321153
 0.9320494487080756
 0.61535446347816414
 0.12531223791860269
 -0.53537237209859767
 -0.89217673280036824
 -0.97547304664155143
 -0.72543551228183079
 -0.1207802233251128
 0.53922390280909605
 0.89423014886649888
 0.97445765666701689
 0.72228472937476751
 0.11624568987102067
 -0.40838484391845892
 -0.89626491584420609
 -0.9969850670123489
 -0.81685146595519664
 -0.26223782635529558
 0.41254911937971112
 0.82059061821265755
 0.99662032358932839
 0.71593804003700734
 0.10716944470083213
 -0.55071070202879191
 -0.9002783331845885
 -0.99623479574009144
 -0.81154885978959945
 -0.39824712012492786
 0.27730312706414845
 0.82577623193527505
 0.99807699315903253
 0.80887214180542977
 0.24899292637427459
 -0.28168784626551813
 -0.82834323351112504
 -0.99540141935684101
 -0.80617855486628232
 -0.38985271803506466
 0.13629582557301226
 0.73611496866813952
 0.97879740129708737
