# Created by Octave 8.4.0, Thu Dec 11 09:16:06 2025 IST <gamana@Samsung>
# name: iq
# type: matrix
# rows: 2048
# columns: 1
 0.99706007033948296
 0.81741217677477895
 0.40749676511192734
 -0.26757933088703667
 -0.82003431881388944
 -0.99739959216031482
 -0.81477298767905471
 -0.40332217000396425
 0.12174574039319934
 0.72610466550790553
 0.9977183133033527
 0.89173695753970295
 0.39913916364882279
 -0.27636844752632383
 -0.72923708866562187
 -0.97667740455693652
 -0.88966097771079677
 -0.39494783328271993
 0.28075440618218883
 0.82779791753061049
 0.9982933274023793
 0.80675369022336518
 0.24551049220311386
 -0.28513450973044718
 -0.83035132807013867
 -0.99505071406714374
 -0.7037574015908532
 -0.24108099541788655
 0.43236283667164604
 0.83288742170822871
 0.99458655204620394
 0.70050569115229744
 0.085410558434171072
 -0.56882488187623792
 -0.9095788398803798
 -0.99410164801316581
 -0.79858297189933158
 -0.23220701116232156
 0.44058031145546378
 0.83790744708233544
 0.99359601208065884
 0.795826014291943
 0.373869386604954
 -0.30259454778575384
 -0.84039127412617853
 -0.99306965479367471
 -0.79305245980539629
 -0.22331365638335027
 0.44876103338158679
 0.84285757488642232
 0.99951855157608782
 0.79026236628191826
 0.36538281225045838
 -0.16242620102223765
 -0.64447925512746196
 -0.94498052573775193
 -0.9792778829548171
 -0.62589100331904679
 0.014317164436864309
 0.64796433750803051
 0.94646456283791902
 0.9352270289765664
 0.62232285500886353
 -0.018883252709112678
 -0.65143590665126416
 -0.98546104560661119
 -0.86788805486487475
 -0.49143957136519584
 0.17592877097638684
 0.76267586066973059
 0.99991852928111491
 0.86561044910871676
 0.34831893420021354
 -0.1804224147503094
 -0.65833821591201358
 -0.98697170672481427
 -0.93028888966230661
 -0.48346476204753758
 0.18491229583117941
 0.66176881208249749
 0.95220302359858278
 0.92860399486731282
 0.60792122508734092
 0.11598518103835469
 -0.40862424436305445
 -0.89638121253194536
 -0.9969646812229912
 -0.71893660149723992
 -0.11144808692793674
 0.5471127128822183
 0.95495322397815896
 0.9723046650902295
 0.71575489892035005
 0.10690866857780772
 -0.55092960969335636
 -0.90039247786769683
 -0.9962120225343184
 -0.81139558397687261
 -0.25315947834227942
 0.27755511442268971
 0.73008157988849232
 0.97694182433784282
 0.88909638161822035
 0.39381295355228096
 -0.28193949870042923
 -0.73319467094717705
 -0.99836468747738893
 -0.88699683797548301
 -0.5257592578226381
 0.13655565629267968
 0.73629247129767361
 0.99861533733890595
 0.80331197793003184
 0.23988225937810825
 -0.29069053647477588
 -0.8335702757343435
 -0.99884516116837307
 -0.88274230014638688
 -0.38118332737363553
 0.29505700746927255
 0.83608429323105826
 0.99905415417283672
 0.79783904858190768
 0.2310056126214613
 -0.44168863140895431
 -0.83858087426586858
 -0.99924231199376601
 -0.79507759699523661
 -0.37272368253927118
 0.15462763684080572
 0.74852947834240957
 0.99940963070714672
 0.87622253538456674
 0.50620086350751381
 -0.15913780551172138
 -0.64192815925744795
 -0.98326668640036863
 -0.8740126725681886
 -0.36423294539298129
 0.312460448889467
 0.84596547976384751
 0.99968173728826637
 0.7866939866963889
 0.35997613844395193
 -0.31679524492009564
 -0.84839179794393582
 -0.99120367915358121
 -0.78386655901666646
 -0.2087313118979876
 0.46205730526771932
 0.85080042299022818
 0.99058896160240917
 0.67642944782571257
 0.20426302043608899
 -0.46610247039574754
 -0.922871487966342
 -0.95672471421835015
 -0.67305898173588963
 -0.19979046908747422
 0.47013791499912905
 0.85556439312483601
 0.99997575675182881
 0.77528642874904019
 0.1953137511268089
 -0.47416355491905871
 -0.92635030896735904
 -0.95402706453421626
 -0.54451065052342351
 -0.038602958016586891
 0.60676031531172414
 0.92806075907777474
 0.98792363963022523
 0.66286364658848163
 0.034039253748189412
 -0.48218508509733365
 -0.92975185456545484
 -0.98720576567675733
 -0.76656078375285053
 -0.32997327716214314
 0.19956871399551304
 0.77802056203898473
 0.98992156108416685
 0.92295861919554401
 0.59599540255201799
 -0.052062855347068573
 -0.6762627494820509
 -0.95797873356852581
 -0.92119127378302013
 -0.5923221787200843
 -0.096594108609186768
 0.55955282499801029
 0.95927865463323758
 0.9194047170102464
 0.45820367316874133
 -0.061181613339756163
 -0.56333185165924482
 -0.90678977900899604
 -0.96756214780067518
 -0.70200049996152902
 -0.087499472382893392
 0.43458867450450844
 0.90870556934378455
 0.96639835752710879
 0.69874087967110676
 0.2342459522062188
 -0.43869705060168168
 -0.91060240870657128
 -0.96521441310367007
 -0.69546668720317029
 -0.22980386175754194
 0.44279627771178393
 0.91248025753890827
 0.9640103392214272
 0.69217799084072595
 0.22535697877023961
 -0.44688627034575557
 -0.91433907667847591
 -0.99277633864348791
 -0.79154546007749638
 -0.36733379686858686
 0.30929379500995663
 0.7523639750055382
 0.98349091491563567
 0.93756544664745745
 0.62752491551599232
 -0.012220584269222961
 -0.64636586979493948
 -0.94578563080678524
 -0.93596732934851423
 -0.49723192632059321
 0.01678682145707245
 0.52607667012671588
 0.8871691067668438
 0.99834328410896789
 0.73294084284748995
 0.28158142740539416
 -0.39415595998417602
 -0.80893734916154614
 -0.99583860518100376
 -0.90220907079050061
 -0.55442447309244725
 -0.050456800295622002
 0.59728597179663523
 0.92357640854991629
 0.98969253739172902
 0.77700924197656385
 0.34544005915608184
 -0.33149094609378238
 -0.76759251303591824
 -0.99998684795731974
 -0.77412644792750684
 -0.19351427197345175
 0.47577790171621476
 0.92703973161485742
 0.98834328900117741
 0.66490690711661848
 0.036769779306858492
 -0.60821749558721294
 -0.97448255748183354
 -0.95208896010981581
 -0.66148898157258573
 -0.032205778434699808
 0.61183606927000023
 0.93042572176579064
 0.95068243680667319
 0.65805726073601745
 0.027641105913960573
 -0.61544188316722392
 -0.93208962847817134
 -0.98616486570447182
 -0.65461181617511821
 -0.17556138821270462
 0.35294522144878099
 0.78202607935758106
 0.99984327321874167
 0.84995424792359497
 0.46063050324539889
 -0.21030378760737023
 -0.7848641044962863
 -0.99975199877945442
 -0.75649278027463351
 -0.16656260382129034
 0.36147603246699667
 0.87257127982306093
 0.98380134757385818
 0.64419386011276003
 0.0093776034301621802
 -0.50364715031830654
 -0.93855052796221816
 -0.94335302547137367
 -0.51585384667759693
 -0.0048110008146279
 0.63327693330856272
 0.98115889740638251
 0.94182799823717644
 0.63718126234391137
 0.00024429786608070703
 -0.63680461873801897
 -0.94166367111461102
 -0.94028332926573244
 -0.50800803243627723
 0.15706741244782543
 0.64031902366508242
 0.98288255343457998
 0.87502957529461356
 0.36618487719331999
 -0.31046798176943508
 -0.84484554682487667
 -0.99206354780623662
 -0.78798668003652106
 -0.36193154688014623
 0.16608081347385717
 0.75617314737950159
 0.98452421818517355
 0.87057191880125973
 0.49616005852542827
 -0.17058236556231213
 -0.65078182389975114
 -0.98531426076813822
 -0.93390888641622483
 -0.61941851343682608
 -0.13043604478556736
 0.39529065787235679
 0.80966276941715232
 0.99799266254604868
 0.7289816776498852
 0.12590699365792546
 -0.53486592519085507
 -0.95053077758514126
 -0.93060467152328996
 -0.48421895955322453
 0.031717432327392985
 0.53871892620914363
 0.95193942353251981
 0.92892343523448795
 0.60860525581607272
 -0.03628150960682397
 -0.54256069229323955
 -0.89599886333126233
 -0.99703140555652559
 -0.71953534158774446
 -0.11230446368529416
 0.41200293591187848
 0.89801739495237454
 0.99666939121783504
 0.71635646334053027
 0.25840739482815506
 -0.27233582962657571
 -0.72636121532247189
 -0.99774343953291222
 -0.89156800623508348
 -0.39879696042893897
 0.27672708435317411
 0.8254379645890646
 0.99588301417514713
 0.70995395480620216
 0.098680855111301494
 -0.55781380844334583
 -0.90396045495759048
 -0.9692240719285522
 -0.59033032713295708
 0.059088643215892057
 0.5615982028055716
 0.95997339521829839
 0.91843044802288765
 0.45600686385751488
 -0.063646753480351467
