# Created by Octave 8.4.0, Thu Dec 11 09:16:06 2025 IST <gamana@Samsung>
# name: iq
# type: matrix
# rows: 2048
# columns: 1
 0.99706007033948296
 0.71979445629436789
 0.2631763561998442
 -0.26757933088703667
 -0.72295709950342013
 -0.99739959216031482
 -0.81477298767905471
 -0.40332217000396425
 0.27197672523161615
 0.82263935911185238
 0.9977183133033527
 0.81211680656676566
 0.39913916364882279
 -0.27636844752632383
 -0.72923708866562187
 -0.97667740455693652
 -0.88966097771079677
 -0.53068550131166847
 0.13080603864129745
 0.61971144815431445
 0.93404224138678449
 0.94753482023462876
 0.52680937032475517
 -0.13533214306748165
 -0.62328907253604104
 -0.93566355795921996
 -0.98445874839776404
 -0.7559288889967074
 -0.31445154230134043
 0.21560776862847272
 0.78821639611625471
 0.99961637728604458
 0.75293139567673473
 0.31011321061357677
 -0.22006481733715735
 -0.68824991106358091
 -0.99267257301273648
 -0.84219234522037123
 -0.30576841154300655
 0.22451727661408843
 0.79380414593267479
 0.9932140410785969
 0.83972129973922371
 0.4435688105502032
 -0.077538373483401396
 -0.69484718481991314
 -0.99373479575595003
 -0.8372327419467338
 -0.29705977382799137
 0.23340805554780536
 0.79932567724122838
 0.99894370498287544
 0.834726723741544
 0.29269611680139745
 -0.38346563566337838
 -0.8839001337219804
 -0.99872344485238629
 -0.73770965602296679
 -0.28832635562389775
 0.24227936376794221
 0.80478052944019018
 0.995172673015283
 0.9052216213146459
 0.56026686158099936
 -0.095736315726760557
 -0.59162761605977232
 -0.96961871794042342
 -0.90327160727240496
 -0.42299056154802456
 0.25113046123705945
 0.81016824749014416
 0.99602750333649714
 0.90130275558293516
 0.55267825629644496
 -0.10482368684166825
 -0.71428904737035315
 -0.99642376475119299
 -0.82193656840597684
 -0.41469690979581653
 0.10936414063460427
 0.60261697710835183
 0.92611076224270938
 0.95421733651916474
 0.66674975226285726
 0.19145671714048751
 -0.47762109668853364
 -0.92782390279400195
 -0.95284142018813345
 -0.66333931775948618
 -0.18697249432793983
 0.48162826828313782
 0.92951769366217263
 0.9514456324359305
 0.53736337067249562
 0.030110031711012196
 -0.48562539556399231
 -0.93119209952337212
 -0.98657129559318824
 -0.65647701852210572
 -0.025545082696878618
 0.4896123951713961
 0.86684455914106351
 0.98581512268540761
 0.65302529690071753
 0.020979600942368393
 -0.6206802229306233
 -0.9344826169515198
 -0.98503839069289045
 -0.64955995649615195
 -0.1689975465227028
 0.49755567898470887
 0.93609865989502394
 0.98424111581431162
 0.64608106957776812
 0.011847420072184065
 -0.50151179753412556
 -0.9376951805861069
 -0.98342331467676902
 -0.64258870869742002
 -0.007280911407297354
 0.63136344189249582
 0.98067870320139328
 0.88058739468803771
 0.37695743566298062
 -0.15011424342459914
 -0.63489827957422962
 -0.98156184064759078
 -0.8784141246596503
 -0.51013398334824778
 0.15462763684080572
 0.6384198765100676
 0.98242450771086454
 0.93956753908246515
 0.50620086350751381
 -0.15913780551172138
 -0.64192815925744795
 -0.98326668640036863
 -0.93799426797162899
 -0.62848598639690056
 -0.141931274197549
 0.38460591340230282
 0.88447702880257373
 0.9986603018114758
 0.73687533753128009
 0.13740931956298558
 -0.38881734154671543
 -0.80551296461297017
 -0.99529311415500421
 -0.90469613978273211
 -0.42600721445523398
 0.096965548000683841
 0.70873907722246843
 0.96992008031741128
 0.95787162097705481
 0.55545184092149236
 0.051690166626058617
 -0.46663278619843457
 -0.8535038514756933
 -0.98986864202460945
 -0.67261547438327629
 -0.047129026907081685
 0.59995480435262905
 0.92484871853944095
 0.98920991118715429
 0.66922913426856767
 0.042566904316534378
 -0.4746912950254723
 -0.92657595352213129
 -0.98853055046695493
 -0.66582883744112153
 -0.19024443905519753
 0.33893240150115228
 0.7726309446768147
 0.98867698022951811
 0.85772783948271503
 0.47383495062976799
 -0.19567974137969191
 -0.77552208599333883
 -0.9999730885191962
 -0.76617566150442962
 -0.18126999201027524
 0.34751098647196554
 0.77839705386729208
 0.99000628298972737
 0.92272770475762633
 0.59551390107624014
 -0.052661536885855127
 -0.55626042145876686
 -0.90315903864523062
 -0.9696828445732264
 -0.70805253408118418
 -0.095997390681856934
 0.42688702935371275
 0.90511013570477716
 0.99519837909198194
 0.70482032713478615
 0.091450774980200711
 -0.43101227257150254
 -0.90704235677475153
 -0.9674105193813286
 -0.70157342122455979
 -0.23810093781279595
 0.43512852706753002
 0.8345822651241197
 0.99426291516930421
 0.79948325508046658
 0.23366308595342544
 -0.29680932037190372
 -0.74366963050838819
 -0.99913224238819642
 -0.87971658210087067
 -0.37525764885050583
 0.15192768482357455
 0.74671493460754579
 0.99931202944930153
 0.79396363218353128
 0.22477285582009482
 -0.44742250073204154
 -0.84205089924673893
 -0.99270423190419643
 -0.7911789548115935
 -0.36677613873400783
 0.30986384760900021
 0.75275876160493482
 0.99960907857219627
 0.87311982178659209
 0.36252386579059354
 -0.16545413114529683
 -0.64682319170808622
 -0.98441265345254958
 -0.87088442248734499
 -0.49671169676217664
 0.16995617082962328
 0.75873979406764036
 0.99982274110411873
 0.78272615692098302
 0.35399672753549227
 -0.32286021601341536
 -0.85176299094723662
 -0.99989829655683926
 -0.86635918424039315
 -0.34972204005644508
 0.17894952312104839
 0.76465753306271111
 0.98672970031970908
 0.86406943966609229
 0.4847748679069947
 -0.031082271478345323
 -0.66064556209724501
 -0.98746091400676894
 -0.86176167500221723
 -0.48077559422967447
 0.035646446504003219
 0.66406688989070484
 0.98817153428625504
 0.85943593837696164
 0.47676629402108173
 -0.040209878126289261
 -0.66747436862954301
 -0.98886154633826362
 -0.85709227829338019
 -0.47274705089475788
 0.19689069525206784
 0.77630116135875893
 0.98953093577264317
 0.92400680960145565
 0.4687179486717028
 -0.2013659565870686
 -0.77917174513612353
 -0.99991369601748914
 -0.76243443461132976
 -0.32392388406459971
 0.35294522144878099
 0.86807338083099939
 0.98539757122753024
 0.75947152679779528
 0.31960002313600977
 -0.21030378760737023
 -0.68096437614913996
 -0.99141523092163131
 -0.84753938649740079
 -0.3152694969780277
 0.36147603246699667
 0.87257127982306093
 0.99963987460314707
 0.75349825716331365
 0.16205795421785563
 -0.36573017458993407
 -0.87479295658324008
 -0.98297245168622671
 -0.75048801991438008
 -0.15754992491049469
 0.5075871187384684
 0.94011690256467528
 0.94182799823717644
 0.63718126234391137
 0.15303860991380491
 -0.37421548846650315
 -0.79605193561595178
 -0.99363811013704684
 -0.9113133804533976
 -0.44024526209659331
 0.23256998554265645
 0.69750684096234183
 0.9941420522542519
 0.83520096912764985
 0.29352005345184312
 -0.23700904545673229
 -0.70077196909311512
 -0.9946252616293646
 -0.83268082385064457
 -0.43202630015226667
 0.24144316256866286
 0.70402248268821932
 0.96827650942448973
 0.95976407268862951
 0.56098048206683471
 -0.0948784517431875
 -0.59093261401139296
 -0.96940754653152506
 -0.90364103807373131
 -0.42377129891905568
 0.25029619859891
 0.71047939542087601
 0.9705183667323255
 0.90167573810932744
 0.5533962596713089
 -0.10396660880109514
 -0.59827600357194244
 -0.97160894686084376
 -0.95582701249938995
 -0.67078567614586326
 -0.044661673882949809
 0.60192902108653212
 0.97267926417313699
 0.95447475482355715
 0.54576587340178506
 -0.11304609304756041
 -0.72005347075400716
 -0.99708859626020208
 -0.81719714184640257
 -0.40715593603724126
 0.26793889536101589
 0.82024784439729825
 0.99742641851518576
 0.89362691033530683
 0.53808995977901553
 -0.12211614707923074
 -0.72636121532247189
 -0.99774343953291222
 -0.89156800623508348
 -0.39879696042893897
 0.27672708435317411
 0.8254379645890646
 0.99588301417514713
 0.70995395480620216
 0.098680855111301494
 -0.55781380844334583
 -0.95868429107753084
 -0.9692240719285522
 -0.59033032713295708
 0.059088643215892057
 0.68142960689816001
 0.95997339521829839
 0.9680897328129594
 0.58663810134031158
 0.089588001646971172
