# Created by Octave 8.4.0, Thu Dec 11 09:16:06 2025 IST <gamana@Samsung>
# name: iq
# type: matrix
# rows: 2048
# columns: 1
 0.99706007033948296
 0.81741217677477895
 0.2631763561998442
 -0.26757933088703667
 -0.72295709950342013
 -0.97467563508643473
 -0.89379434027545168
 -0.53840448048633571
 -0.031344426666491253
 0.48454544831307755
 0.86393738386991581
 0.99995550774600939
 0.85428309712852479
 0.32742682899836506
 -0.20221001589228241
 -0.67488367890591883
 -0.95744053896247205
 -0.97028346167186075
 -0.5938281674466025
 -0.098455644439192053
 0.42465213567830951
 0.82813410630084805
 0.99832815838181299
 0.80639930563970652
 0.39019635417561327
 -0.13592610742041433
 -0.73586232050072153
 -0.97872089209140889
 -0.94587078556830084
 -0.64656597672630733
 -0.16512154851271008
 0.50096191528401002
 0.87328416928005159
 0.99959959346846017
 0.84432474530725454
 0.45120102592190792
 -0.2206495850387365
 -0.68868471170972012
 -0.96271524213986592
 -0.96554593515447018
 -0.57854364292209159
 0.07358249997546111
 0.57355747486358877
 0.9639405742627164
 0.96434746092824941
 0.69309470913774351
 0.2265950513006221
 -0.44574893098500734
 -0.91382366848948904
 -0.96312887532342584
 -0.5710699098317259
 0.082687987704054125
 0.6985532249849753
 0.99429892907532436
 0.83439644825560288
 0.29212281523455474
 -0.38401924169823431
 -0.88418034830145964
 -0.97915629473220078
 -0.73730478749012174
 -0.28775225948871086
 0.24286096286281719
 0.80513623386238631
 0.99844916080522506
 0.73421201448290707
 0.28337570269565582
 -0.24728841396539203
 -0.80783630538709628
 -0.99818451591765156
 -0.82676733230775934
 -0.27899323612809723
 0.39663251303703095
 0.81051952955911122
 0.99608070785101932
 0.90104289466802956
 0.55217853356912594
 -0.10541986916648706
 -0.59944628234040342
 -0.924606838619073
 -0.9553964751913302
 -0.5483653950146985
 -0.043201793907063295
 0.6030952912798444
 0.97301746871639383
 0.89704391948377393
 0.54454082034982465
 -0.11449789551660453
 -0.6067317227218294
 -0.92804736212390482
 -0.98792921227539277
 -0.76950837226522373
 -0.18638352895506891
 0.34262833256009806
 0.86255820721364196
 0.98721150054603468
 0.65946449936692297
 0.029510794185211624
 -0.61396655002752176
 -0.93141046865899646
 -0.94984269133657262
 -0.65602466714103314
 -0.17740248146386889
 0.49013503876520476
 0.93306290263883518
 0.94840464974003225
 0.52912975935153383
 0.020380225184827103
 -0.62115016073397611
 -0.97803180066825379
 -0.88671984235211354
 -0.52524920526344476
 -0.015814255536007973
 0.62472257242825535
 0.93630935971701046
 0.94546926027148714
 0.64562337082936083
 0.011247956082341949
 -0.62828195559010802
 -0.93790331511077729
 -0.98331443318542888
 -0.6421292465344145
 -0.15939674058782213
 0.50597464915570589
 0.93947771061620244
 0.9824734317532009
 0.74870337284051514
 0.15488675998232163
 -0.50990837753160867
 -0.94103251339940608
 -0.9816119409268943
 -0.74566827301361671
 -0.29966756480902224
 0.37671448817543773
 0.88046307274605584
 0.9990655247378426
 0.74261762234268391
 0.29530760337493717
 -0.2351914734962077
 -0.80042666836970566
 -0.99442985469023693
 -0.90829909993624047
 -0.4337124315048439
 0.088468395322842105
 0.58572740375838628
 0.91798520548608953
 0.99164375835976593
 0.68225186464677556
 0.21202365503335402
 -0.4590680336976013
 -0.91978685548894856
 -0.95900345199133619
 -0.67890595335821213
 -0.20755856471407064
 0.46312031316029723
 0.8514298767049846
 0.99988903171155696
 0.78027343914827174
 0.20308914577979487
 -0.32657842745172744
 -0.85381609152676541
 -0.98978334287695413
 -0.77740910920537365
 -0.19861549143985219
 0.33089133571998847
 0.7671850584004416
 0.99998338686828148
 0.86208388551710813
 0.48133270865788846
 -0.18730375783299533
 -0.77010626153079897
 -0.99999928298596319
 -0.77163187100420239
 -0.18965584981998099
 0.47923200562359664
 0.86086770125102496
 0.98773715340256729
 0.76871908322971561
 0.18517004939254975
 -0.48323515238183556
 -0.93019264499265608
 -0.98701387251156136
 -0.76579026388864402
 -0.32884118840868792
 0.34807306442268504
 0.86547908951437158
 0.99992184282293362
 0.8526835451500393
 0.32452503005875494
 -0.35235057260061453
 -0.78162986490910868
 -0.99072162615565063
 -0.92072406568307263
 -0.59135571103587237
 0.057819868091764065
 0.56054615396318941
 0.95961663851846379
 0.91893247106273235
 0.4571376091762453
 -0.062378330857600917
 -0.68383802411548178
 -0.99192158334645664
 -0.84544640193264708
 -0.31153630812522931
 0.21860401502443746
 0.79010162031504583
 0.99952665500974269
 0.84299868999530825
 0.30719361949593094
 -0.2230579892443621
 -0.79289266197034569
 -0.99303879523100436
 -0.91344285313471929
 -0.44491021868367014
 0.076045533660961007
 0.69376963989668572
 0.99356634228954255
 0.9115748296758901
 0.57278989074160702
 0.072648282209853754
 -0.44795857031246838
 -0.91482395692723983
 -0.99263176838203893
 -0.68800522698678646
 -0.068092886001361541
 0.58302375281096053
 0.96696348238648455
 0.90778178968163992
 0.56527940041679248
 0.063536069721895586
 -0.58672791667811064
 -0.96811752088496095
 -0.95994232489362474
 -0.68134843078258478
 -0.05897792840350171
 0.4601648393334698
 0.84967775999932593
 0.99983384877874237
 0.86833367476890355
 0.49222124044383364
 -0.17504494541054377
 -0.65421517251090366
 -0.98607777404705177
 -0.86605962344102483
 -0.34916032984535117
 0.17953931786032531
 0.76504373808146187
 0.9999586319136059
 0.77663172110021084
 0.19740496596936324
 -0.47228473929239162
 -0.85682192344726693
 -0.99998974295339804
 -0.86145738380298953
 -0.34058727400126604
 0.18851673627980456
 0.66451500356302839
 0.95331735554538732
 0.97356728359948941
 0.7195603208637491
 0.26285100805909306
 -0.41197016019304566
 -0.82022726859247486
 -0.99742383889171715
 -0.89364305358104223
 -0.40301357030258678
 0.27230121880568781
 0.82283104388607065
 0.99628968778454041
 0.71318786016985414
 0.25402788856811498
 -0.42027523032400022
 -0.90198270191125685
 -0.97034689319511946
 -0.70997928631879803
 -0.09871664971980694
 0.42441466144202417
 0.82798706032986946
 0.99546209140484987
 0.80655438456449347
 0.39043783300440948
 -0.28545771561406558
 -0.73568469520097368
 -0.99856770736082057
 -0.88529663390267133
 -0.38622951874564443
 0.28983142998495609
 0.83307400675438814
 0.99880162570560704
 0.80112149333480798
 0.38201314970538847
 -0.14470947024985625
 -0.74184022576927944
 -0.99901471413331877
 -0.7983799583331106
 -0.231878994448591
 0.29856063441505654
 0.83809145881061864
 0.99920696820001331
 0.7956217731899673
 0.37355659917449718
 -0.30291594242750181
 -0.74793387261845989
 -0.99937838389625189
 -0.79284699542711268
 -0.36931659404445405
 0.1582514249800219
 0.75095733059333059
 0.99952895764717375
 0.79005568291226769
 0.36506888685045302
 -0.16275893470427472
 -0.75396512742134258
 -0.99965868631257737
 -0.87222403267404025
 -0.36081356617801502
 0.3159436001005983
 0.75695720037518566
 0.99976756718698545
 0.86998133186959403
 0.49511868617650917
 -0.17176367725145975
 -0.65169172040484546
 -0.94803620646607956
 -0.97731598449780854
 -0.73128285119524605
 -0.12924718682223069
 0.39639172952169083
 0.81036587949062577
 0.99791601243492889
 0.72816039309250258
 0.12471743714137844
 -0.40058020401269867
 -0.81303317267706665
 -0.9964522021328357
 -0.89916758903474137
 -0.54858470737123244
 -0.043463830529603772
 0.47390094072350675
 0.92623792677698591
 0.98866573230137467
 0.77258336771307723
 0.33886189807850309
 -0.19031800790633269
 -0.77206068735916977
 -0.98854186490453733
 -0.92654776616293766
 -0.47462533683833424
 0.19479926101805431
 0.7749550010800943
 0.99997927181881596
 0.85583584132014823
 0.47060082853334229
 -0.047203881500806025
 -0.55171111329001665
 -0.90079963176166622
 -0.97100369805400089
 -0.71190073847071889
 -0.2522531566789874
 0.27845491328665334
 0.73072137985246688
 0.97714139178899262
 0.88866723383728807
 0.39295175212837735
 -0.1329587723074456
 -0.73383133976659254
 -0.99841779827284749
 -0.88656389225759114
