# Created by Octave 8.4.0, Thu Dec 11 09:16:06 2025 IST <gamana@Samsung>
# name: iq
# type: matrix
# rows: 2048
# columns: 1
 0.99706007033948296
 0.8958330830115131
 0.54224716769547932
 -0.11721173552297842
 -0.60890133064396568
 -0.92906155275357227
 -0.98750228500057424
 -0.76776059380909523
 -0.18369847411188231
 0.34519391021604329
 0.77684411094735351
 0.98965494219090344
 0.9236769398608935
 0.46795651702564361
 -0.05019484965983146
 -0.55420617319341026
 -0.95744053896247205
 -0.97028346167186075
 -0.5938281674466025
 0.054755275299491701
 0.55800162607063519
 0.95874864621098477
 0.92013878115657166
 0.45986541708857864
 -0.059314559022868391
 -0.68159522404935846
 -0.96003675884366646
 -0.96803299318482094
 -0.58645480711822251
 -0.089362596629136537
 0.43290333150358423
 0.90792318296106844
 0.966877464742528
 0.58274974275466684
 0.084813229831986955
 -0.43701543014966737
 -0.83573550265197849
 -0.99403645175662203
 -0.69680949900727573
 -0.080262094262641887
 0.44111841487869557
 0.91171342092136254
 0.96450593995209644
 0.69352673492061989
 0.22717892085399657
 -0.44521220012329865
 -0.84071604235180275
 -0.99299901827171977
 -0.79268712746483883
 -0.22272925180653891
 0.44929670050794807
 0.91542760447624616
 0.99244923265600671
 0.7898948670650332
 0.21827493776079607
 -0.31185672933426212
 -0.84562645019083471
 -0.99187874960179634
 -0.68359193739244539
 -0.062041763045416379
 0.5879397169116356
 0.91906542379149492
 0.99128758100646241
 0.68025173333747047
 0.057483207986331115
 -0.46149364166221007
 -0.85046631654676685
 -0.99986002074606939
 -0.78141948139773487
 -0.20488505504967391
 0.46554015275120081
 0.92262657540312143
 0.95690944055429616
 0.67352883541892117
 0.20041309089354509
 -0.3291596362235587
 -0.85523523768182264
 -0.99997112992048121
 -0.86301208685108277
 -0.34347161125692577
 0.3334684266427943
 0.76893472152711884
 0.99999540351778604
 0.77279742987957578
 0.33917914848910674
 -0.3377702626083236
 -0.85993281577640979
 -0.99999882230188708
 -0.85836209249050632
 -0.47492212768549869
 0.042304857596161642
 0.66903422027829129
 0.98917145136069295
 0.85601021937775568
 0.33057309196900747
 -0.34635271246754379
 -0.86455865896230799
 -0.99994309558021077
 -0.76403033079695037
 -0.17799244441910247
 0.35063314737503665
 0.86684455914106351
 0.98581512268540761
 0.76107601527488455
 0.32193945930560336
 -0.35490626986012647
 -0.86911238135537339
 -0.99980395440413061
 -0.84884768600070171
 -0.31761252689779229
 0.3591719908072325
 0.87136207831000456
 0.98424111581431162
 0.64608106957776812
 0.164494764015997
 -0.36343022125511892
 -0.8735936030877316
 -0.98342331467676902
 -0.75211808378384382
 -0.30893888111699319
 0.36768087239880365
 0.87580690915030124
 0.98258500433542573
 0.63908294668798704
 0.15547900140922769
 -0.37192385559131702
 -0.79455462137295907
 -0.99335691254234948
 -0.83905004463376487
 -0.30023946390148659
 0.37615908234565687
 0.79731920643367349
 0.99909125651850716
 0.74301898606732286
 0.29588031770414369
 -0.38038646433654111
 -0.88233705536967755
 -0.97994719505386085
 -0.62848598639690056
 -0.141931274197549
 0.52113386311773913
 0.94538379920820492
 0.97902702699783795
 0.62492735376650566
 -0.01555200480670464
 -0.64890448980632387
 -0.94686250148140771
 -0.97808644142219958
 -0.62135568833296584
 0.020117995974901666
 0.65237239211708042
 0.98567011872926791
 0.86727390563586582
 0.49036363995544646
 -0.17714435260911662
 -0.76347403916016077
 -0.99993353074598179
 -0.77816272056647606
 -0.34716102986133418
 0.1816369880798058
 0.65926730919879128
 0.98716965449191374
 0.86269088167818231
 0.34287472804206498
 -0.3340674597427386
 -0.76934084225103916
 -0.99999712835420362
 -0.77239396840364405
 -0.19083295991561117
 0.4781793062011695
 0.92806075907777474
 0.98792363963022523
 0.76948539985226694
 0.18634818890040208
 -0.48218508509733365
 -0.92975185456545484
 -0.95124983067432078
 -0.53682733451047515
 -0.029474839594250447
 0.4861808080673965
 0.93142356016275163
 0.9498314418179753
 0.53296884315862658
 -0.12813246369754377
 -0.73051569010065964
 -0.97707730441884444
 -0.88880533284366903
 -0.39322875215538944
 0.2825491361423435
 0.73362665728868526
 0.97803929823829716
 0.88670321247933059
 0.5252185961049457
 -0.13718515002001092
 -0.62475065926917805
 -0.93632199100592728
 -0.94545754374526758
 -0.64559590152393109
 -0.16386791309179902
 0.50206147726003447
 0.87390268411432048
 0.98330788905718081
 0.75169913641832509
 0.1593612301400637
 -0.36827175865024248
 -0.87611345131609575
 -0.99941738049646756
 -0.84118236728048179
 -0.30398700891084429
 0.37251366780532164
 0.79494031620580541
 0.99925109459984429
 0.7456443049369389
 0.15033798790047845
 -0.37674780822172083
 -0.88048012619630167
 -0.98072295059992354
 -0.74259353203032707
 -0.14582161679153896
 0.38097409159686613
 0.80044822951654881
 0.99885600883694825
 0.73952727240315297
 0.14130220458601372
 -0.52167611917927825
 -0.94559074704375101
 -0.97889736390548221
 -0.62443112376430543
 -0.13677984553588957
 0.38940273483396398
 0.88689230957924392
 0.97795393871035619
 0.73334854909494496
 0.13225463395452514
 -0.39360491891732846
 -0.88899277097245211
 -0.97699011837476468
 -0.730236214270643
 -0.27777252817016895
 0.39779889440590216
 0.81126328398642855
 0.99619231743270309
 0.82346931722277905
 0.41714889539108185
 -0.25735609853649444
 -0.71559683472678381
 -0.97225174705330453
 -0.89849558354361903
 -0.41299414925093453
 0.11122318119671502
 0.7187792786055357
 0.99694703607907464
 0.89648151040107293
 0.40883079015536106
 -0.11576039271807594
 -0.72194673240779583
 -0.97434781577030116
 -0.89444874121815066
 -0.4046589049308108
 0.2705702294867699
 0.72509913007662286
 0.99761859019993548
 0.81296859497656737
 0.25576699192390262
 -0.41864258774640456
 -0.90120469614360221
 -0.99604763010297526
 -0.81030089069055922
 -0.25134951496500213
 0.42278548102084801
 0.90317448030465008
 0.99563162582392295
 0.70802713288821362
 0.24692679613479646
 -0.42691955714250579
 -0.82953615171385942
 -0.99846986724916631
 -0.88613155777694452
 -0.38788784545796373
 0.13840834707902394
 0.6257144835934968
 0.93675493032628354
 0.98390863913020177
 0.64465228228240545
 0.0099770793202839953
 -0.62927022761382634
 -0.93834344539628523
 -0.98308243568091913
 -0.75088408764096115
 -0.15814191334362898
 0.5070704946692971
 0.87670817219620611
 0.99937446778883332
 0.8405139096265194
 0.44487800434332442
 -0.22754233843116597
 -0.69379554510477459
 -0.96460441808960795
 -0.9636812669976782
 -0.69128614632389973
 -0.072612406971510488
 0.44799072936945222
 0.91483848301881454
 0.99262740922558323
 0.79079014877531362
 0.21970075948765599
 -0.31046798176943508
 -0.84484554682487667
 -0.99962664378184729
 -0.87280984823294372
 -0.36193154688014623
 0.31480578094371769
 0.84727997170513081
 0.9914789969918123
 0.78516677790719092
 0.21078143130994109
 -0.31913701487203916
 -0.84969672663865436
 -0.99983450381207861
 -0.86831583367136222
 -0.49218992910733028
 0.17508036017107351
 0.65424237668371188
 0.94910230840484333
 0.93226650013630397
 0.48820953511299425
 -0.1795747034948168
 -0.76506690164023927
 -0.98683268396842572
 -0.86374938489643793
 -0.48421895955322453
 0.18406530180447664
 0.76799965769645229
 0.99998990522421061
 0.86143911648428528
 0.3405534540986504
 -0.18855206144897776
 -0.66454188279019533
 -0.9882687863743751
 -0.8591108828376951
 -0.47620759684024633
 0.19303488885735581
 0.77381705929149447
 0.9889559295739101
 0.85676473251175367
 0.33195187626005263
 -0.19751369054073656
 -0.77670158350892426
 -0.98962244818747058
 -0.92376363295291208
 -0.5976777681181199
 -0.10322424227048561
 0.5540177809248944
 0.95737519366304447
 0.97033819796425613
 0.70995395480620216
 0.098680855111301494
 -0.42444723106514864
 -0.8280072300048078
 -0.99545866787097126
 -0.70673045804282175
 -0.24514870580811454
 0.28549218899299805
 0.73570905823678179
 0.97867442854773012
 0.88527990620724095
 0.52260411549241992
