# Created by Octave 8.4.0, Thu Dec 11 09:16:06 2025 IST <gamana@Samsung>
# name: iq
# type: matrix
# rows: 2048
# columns: 1
 0.99706007033948296
 0.81741217677477895
 0.2631763561998442
 -0.26757933088703667
 -0.82003431881388944
 -0.99739959216031482
 -0.89379434027545168
 -0.53840448048633571
 0.12174574039319934
 0.61251750219373202
 0.9756866937503218
 0.95041478686084535
 0.5345505649007124
 -0.126277206267076
 -0.6161208997466926
 -0.93240144544834269
 -0.94898469904253735
 -0.65396009222976592
 -0.022214290997900961
 0.61971144815431445
 0.97764774684509548
 0.94753482023462876
 0.65049842763434806
 0.017648480643128749
 -0.49648404018293579
 -0.93566355795921996
 -0.94606518067421075
 -0.64702319695337762
 -0.013082302230897626
 0.62685369828083859
 0.93726536135324057
 0.94457581101048138
 0.64353447266247155
 0.0085158509884466927
 -0.50439146910589572
 -0.9388476181633828
 -0.98281373076484568
 -0.74991820004097443
 -0.15669884238927639
 0.50832944618280662
 0.8774101499200383
 0.98196046852828767
 0.74688936492934765
 0.15218691789985109
 -0.51225682209534928
 -0.87959183670055963
 -0.99914313223323781
 -0.74384495350793745
 -0.14767181956608888
 0.37924403260955986
 0.79932567724122838
 0.99423482618450487
 0.834726723741544
 0.43536466339879998
 -0.23784618978820501
 -0.80206146680018797
 -0.99471412193617259
 -0.83220329738643806
 -0.43124892776542673
 0.24227936376794221
 0.70463424304951916
 0.995172673015283
 0.82966251550724124
 0.42712419847488775
 -0.095736315726760557
 -0.70786729603693477
 -0.96961871794042342
 -0.90327160727240496
 -0.55647836159153252
 0.10028104696026842
 0.71108558651626785
 0.97072572039354965
 0.90130275558293516
 0.4188481031914722
 -0.10482368684166825
 -0.59896632268215722
 -0.9718124784500537
 -0.89931510730645936
 -0.54886662494658134
 0.10936414063460427
 0.60261697710835183
 0.97287896944569174
 0.95421733651916474
 0.66674975226285726
 0.19145671714048751
 -0.3377702626083236
 -0.77184632306809275
 -0.98849090621939795
 -0.85836209249050632
 -0.33487961217098988
 0.19446848906226558
 0.77474182782419287
 0.99998138620148591
 0.85601021937775568
 0.47089834743204406
 -0.046867033747573464
 -0.67242136389076779
 -0.98983136742132305
 -0.85364049424972288
 -0.46686474663636957
 0.20341932760986636
 0.6757944842168484
 0.99047064063879786
 0.8512529665268137
 0.46282140941885924
 -0.055988358703845706
 -0.67915351091042064
 -0.99108925768113243
 -0.91965447150011992
 -0.458768420102943
 0.06054731728429652
 0.56280668962743263
 0.90652169075643541
 0.99486675030193172
 0.80295479393864755
 0.23930021665734427
 -0.29126409986974627
 -0.83390129996400719
 -0.9943942548903667
 -0.80022448225587572
 -0.23486369851189498
 0.29562976825788428
 0.83641303144195311
 0.99908004304739784
 0.8803031412508725
 0.37640208904310912
 -0.29998927131410252
 -0.83890731960218134
 -0.99338706034829882
 -0.69263648984203974
 -0.074477793700477926
 0.44631769078305872
 0.91408155714959471
 0.99285238222274652
 0.68933536277182117
 0.22152512631064028
 -0.45039966562289363
 -0.91592396357618688
 -0.99229699825105167
 -0.78913692405411384
 -0.3636745572016995
 0.16423604820363752
 0.64588085493770186
 0.94557904321004638
 0.97890471388091427
 0.73646992327589755
 0.28656929572213435
 -0.38936960356123135
 -0.80586807279352213
 -0.99535103343762399
 -0.90444055412780355
 -0.42546475484063667
 0.24848484721087891
 0.70916188232663657
 0.99578049057298412
 0.82607197240836805
 0.27780708268757176
 -0.2529057306336317
 -0.81124225234633263
 -0.99618918079676655
 -0.90050656061068934
 -0.55114847945818168
 -0.046530180664730178
 0.47119581278114436
 0.92507656477813749
 0.98912190302467629
 0.66878354895063952
 0.19413769499189698
 -0.33519734327953327
 -0.85853505300654542
 -0.98843983512506073
 -0.66538142519188515
 -0.18965584981998099
 0.33949636032895242
 0.86086770125102496
 0.98773715340256729
 0.66196542496401622
 0.18517004939254975
 -0.48323515238183556
 -0.93019264499265608
 -0.95087934728715373
 -0.65853561950740669
 -0.028276331692887669
 0.48722822131491544
 0.93185925391478641
 0.98627000753600025
 0.65509208035033761
 0.17618695705555892
 -0.35235057260061453
 -0.78162986490910868
 -0.99985432172435307
 -0.85028888000473257
 -0.32020210376883135
 0.35662073253939414
 0.78447016306265849
 0.99976594875481661
 0.75690822893261911
 0.16718916734334063
 -0.36088345518522658
 -0.87226068289134251
 -0.99965672575733444
 -0.75391589745208354
 -0.31153630812522931
 0.21860401502443746
 0.79010162031504583
 0.99952665500974269
 0.84299868999530825
 0.30719361949593094
 -0.2230579892443621
 -0.69047347805072579
 -0.99303879523100436
 -0.84053339739696464
 -0.44491021868367014
 0.22750731161019144
 0.69376963989668572
 0.99356634228954255
 0.9115748296758901
 0.44081575119861865
 -0.080598222732407257
 -0.57930743003644081
 -0.96578927795253033
 -0.90968779540689537
 -0.56904057922395446
 -0.068092886001361541
 0.58302375281096053
 0.96696348238648455
 0.90778178968163992
 0.43259932229274561
 -0.24082644017776364
 -0.80389089465875141
 -0.9950246172039402
 -0.90585685224972345
 -0.42847753222482732
 0.24525622822431584
 0.80659868263811108
 0.99546921963032331
 0.90391302325552925
 0.55772175493586962
 0.054418557105745877
 -0.46421451522251034
 -0.9220480561402048
 -0.99025288698631997
 -0.77950044137544672
 -0.34916032984535117
 0.32774544257114785
 0.76504373808146187
 0.9999586319136059
 0.77663172110021084
 0.34487739811668311
 -0.18402994603395961
 -0.76797662005141698
 -0.98755537645856961
 -0.92893675340063486
 -0.48024983659958298
 0.18851673627980456
 0.77089348593878015
 0.98826329219449338
 0.85912929147213657
 0.33629004696919496
 -0.19299959502625752
 -0.77379427491261488
 -0.9889505977893237
 -0.8567832820780219
 -0.33198580663880228
 0.19747842878373487
 0.67131238493471701
 0.98961727890937345
 0.85441940454648735
 0.46818829390851685
 -0.20195314414651017
 -0.77954738047339189
 -0.99990564019671446
 -0.76204637929906172
 -0.17497116393201925
 0.35350608027650443
 0.78239957707987662
 0.99983247997102931
 0.75908138870197783
 0.31903190422298738
 -0.35777423772728167
 -0.87062648486684047
 -0.98450477561973526
 -0.7561005675315795
 -0.31470050977912667
 0.21535164711011798
 0.68473858428850043
 0.99207748702807963
 0.91662874163464036
 0.45196993621406401
 -0.21980895658447358
 -0.79085802944057393
 -0.99948789907851565
 -0.84233373325760386
 -0.44789157041556454
 0.22426168196300064
 0.7936446050741407
 0.99933134669386681
 0.83986369513887471
 0.30166731015025761
 -0.37477136626322854
 -0.79641462932165763
 -0.99370544782199999
 -0.83737614173914277
 -0.43970690185345124
 0.081829121348277425
 0.69793630702392573
 0.99420666880394015
 0.83487112493613869
 0.43560076978030499
 -0.086379658688501032
 -0.70119952048348844
 -0.99468715569620947
 -0.90726309490466162
 -0.56426023670636294
 0.090928394588826081
 0.5877275347374693
 0.96842614017032003
 0.90533304465219033
 0.56048409449701031
 -0.095475234185722443
 -0.5914161401871515
 -0.92075330497514141
 -0.99071143879023971
 -0.78158312069830338
 -0.20514176692661742
 0.32459591128292553
 0.85272269244596266
 0.99992277691483245
 0.77872625473123713
 0.34800281151606666
 -0.32891195782272448
 -0.85509928273339597
 -0.9894281587390571
 -0.7758531484989436
 -0.34371792593314032
 0.33322114493355337
 0.85745804000306258
 0.98875556026373002
 0.77296386191977384
 0.19171414158187602
 -0.33752338274773352
 -0.77167953460243732
 -0.98845119397121139
 -0.85849662577286689
 -0.47515292767449607
 0.04204280796555189
 0.54739495561019913
 0.95505324215194976
 0.92504810217897204
 0.47112971399971271
 -0.19868893592561135
 -0.67222720714079276
 -0.95639701164548396
 -0.97114684364983439
 -0.59671605039669295
 -0.10203156538250441
 0.5550155623611589
 0.90251524314443954
 0.97004763859141163
 0.59304526398535662
 -0.055726485204822873
 -0.6789609728205056
 -0.95902468630621518
 -0.96892820327769935
 -0.70588167261913093
 -0.24398610906956891
 0.42966074223207928
