# Created by Octave 8.4.0, Thu Dec 11 09:16:06 2025 IST <gamana@Samsung>
# name: iq
# type: matrix
# rows: 2048
# columns: 1
 0.99706007033948296
 0.8958330830115131
 0.40749676511192734
 -0.11721173552297842
 -0.72295709950342013
 -0.99739959216031482
 -0.89379434027545168
 -0.40332217000396425
 0.12174574039319934
 0.72610466550790553
 0.9977183133033527
 0.81211680656676566
 0.39913916364882279
 -0.126277206267076
 -0.72923708866562187
 -0.99801622712169602
 -0.80944368883232731
 -0.39494783328271993
 0.28075440618218883
 0.82779791753061049
 0.9982933274023793
 0.80675369022336518
 0.39074826631547099
 -0.28513450973044718
 -0.73545624545231092
 -0.97859770037839833
 -0.88545340033792985
 -0.5229222527763302
 -0.013082302230897626
 0.50044297299076146
 0.93726536135324057
 0.94457581101048138
 0.5190242297318719
 -0.14437579056859726
 -0.74161405106639489
 -0.98043636236127607
 -0.94306674230411036
 -0.51511538248430411
 -0.0039492221486906965
 0.63394365677250586
 0.94041029539182541
 0.98196046852828767
 0.63651683455885644
 -0.00061748905173052778
 -0.51225682209534928
 -0.87959183670055963
 -0.99914313223323781
 -0.74384495350793745
 -0.14767181956608888
 0.37924403260955986
 0.88175517967331396
 0.98019252618813468
 0.62944609872927793
 -0.0097507775814606734
 -0.52007944302982734
 -0.8839001337219804
 -0.99872344485238629
 -0.83220329738643806
 -0.28832635562389775
 0.38767924157623307
 0.80478052944019018
 0.99848235643527605
 0.82966251550724124
 0.28395058142647778
 -0.24670748503358705
 -0.70786729603693477
 -0.96961871794042342
 -0.95822557211480941
 -0.55647836159153252
 0.10028104696026842
 0.5953031768677769
 0.97072572039354965
 0.90130275558293516
 0.4188481031914722
 -0.10482368684166825
 -0.71428904737035315
 -0.9718124784500537
 -0.95557335273441868
 -0.54886662494658134
 -0.043800730362636646
 0.47360396434939761
 0.92611076224270938
 0.98871630425468959
 0.77279742987957578
 0.19145671714048751
 -0.47762109668853364
 -0.92782390279400195
 -0.9880219015039563
 -0.76989109921219223
 -0.18697249432793983
 0.34206505440574203
 0.77474182782419287
 0.99998138620148591
 0.76696871253595067
 0.33057309196900747
 -0.19894598283625273
 -0.77762117540992637
 -0.99994309558021077
 -0.76403033079695037
 -0.17799244441910247
 0.4896123951713961
 0.86684455914106351
 0.99988395123660889
 0.76107601527488455
 0.32193945930560336
 -0.20788843009190797
 -0.78333115921436058
 -0.99108925768113243
 -0.91965447150011992
 -0.458768420102943
 0.21235319707962388
 0.68249837391928281
 0.96038166485395848
 0.96772249425417678
 0.58545405011465856
 -0.065105013155937183
 -0.56657560757064096
 -0.96164433703970265
 -0.96656151042960048
 -0.58174569153089484
 -0.083582637076471816
 0.57033270963107596
 0.96288695422024306
 0.9141878894328731
 0.57802520069364793
 0.079031039481038554
 -0.44222640802835655
 -0.91222008763525775
 -0.96417909475583619
 -0.5742926551933929
 -0.074477793700477926
 0.57781115293558072
 0.96531192032584046
 0.9629577125917067
 0.68933536277182117
 0.22152512631064028
 -0.45039966562289363
 -0.91592396357618688
 -0.99229699825105167
 -0.68601985967528778
 -0.065366737446402923
 0.4544722474186727
 0.91774726849180999
 0.99172092001569312
 0.68269004969697578
 0.21260949086681319
 -0.45853535123706013
 -0.84870900418237416
 -0.99112415953073163
 -0.67934600227974873
 -0.20814497571020177
 0.32169112912610048
 0.85111530279515479
 0.99987992114534174
 0.86697529797926964
 0.35087876671096063
 -0.32601173556565088
 -0.8535038514756933
 -0.98986864202460945
 -0.67261547438327629
 -0.19920301606094334
 0.33032554306011602
 0.85587460041102437
 0.98920991118715429
 0.77490763686045938
 0.1947257580520656
 -0.4746912950254723
 -0.85822750015938709
 -0.98853055046695493
 -0.77201305843660495
 -0.19024443905519753
 0.47870574193700199
 0.860562501651286
 0.9999961643602806
 0.76910237975061224
 0.18575915252785319
 -0.34322527295248667
 -0.86287955619046985
 -0.98710999648029529
 -0.65898665758912811
 -0.028875590832584942
 0.6144680261825699
 0.97622505728464248
 0.9496437689242001
 0.6555449172576302
 0.17677705112349806
 -0.35178945268142309
 -0.86745963149813543
 -0.98560709856610962
 -0.65208950559648549
 -0.17228042356740925
 0.35606058235383559
 0.78409822979723109
 0.99125300021650498
 0.9191687592134139
 0.45767072341707316
 -0.21355984684494758
 -0.78692431895571124
 -0.99184535648545624
 -0.84576642124300172
 -0.45360559371491849
 0.066337321269096597
 0.6867272513369036
 0.9619823574103793
 0.96624408194516875
 0.58074075304553097
 0.082351916843145981
 -0.57134670254418518
 -0.96321954664810927
 -0.96505749357654713
 -0.69503578367345586
 -0.077799864163606514
 0.57508868038264338
 0.91272536305760776
 0.96385077902166005
 0.5732812025212044
 -0.080000654696211773
 -0.69662135093078159
 -0.96563363617287878
 -0.9099366016055852
 -0.43725132659997279
 0.084551888970616357
 0.69989041958487663
 0.96681048611430065
 0.96137707243596526
 0.56577382933686404
 0.064134350968190881
 -0.58624234246306972
 -0.96796717331094617
 -0.9061106297105701
 -0.56200240479872954
 -0.059576378176591699
 0.45963249696403663
 0.84936148751235574
 0.99982274110411873
 0.8686308609726765
 0.35399672753549227
 -0.32286021601341536
 -0.76170660622616937
 -0.98597790847448374
 -0.86635918424039315
 -0.34972204005644508
 0.17894952312104839
 0.657210456600686
 0.95033318806978884
 0.97574414474424187
 0.72628498216555015
 0.27222911179731163
 -0.40308215197583813
 -0.8146208931956872
 -0.99667842946555951
 -0.82018439892390516
 -0.41190187573353687
 0.2629233102303789
 0.81726105969626939
 0.99708013317948641
 0.71997650504052346
 0.11293589506784936
 -0.54585880423761202
 -0.8977376304468816
 -0.99672101181221351
 -0.71679971094190253
 -0.25902123359623186
 0.41558182680600181
 0.89974004257597251
 0.97158270081850562
 0.5981871302220686
 0.1038563009623451
 -0.41973116691975981
 -0.82507907730420516
 -0.99594041742242911
 -0.71040134292978407
 -0.099313207688725244
 0.55728627378607698
 0.90368853347506051
 0.96938031739622599
 0.70717990245368956
 0.094768043247161982
 -0.42800350042979229
 -0.83020514487898067
 -0.9985354528649969
 -0.80420278370808562
 -0.24133553407346375
 0.43212632130727791
 0.90756163939843948
 0.99461377204279167
 0.80148015353013036
 0.23690129582362218
 -0.29362607469684976
 -0.83526195740363451
 -0.99413005902736373
 -0.69742736225788915
 -0.23246211701882688
 0.44034484140373442
 0.83776426097200107
 0.99918291788155822
 0.79598480591584009
 0.22801809023772057
 -0.44444036922624158
 -0.91322924641777392
 -0.9635209932503046
 -0.69085283187719815
 -0.072014472536457833
 0.57982529386499893
 0.96595387926357601
 0.96228874613506621
 0.56851790791858747
 -0.085782380000612515
 -0.70077196909311512
 -0.9946252616293646
 -0.83268082385064457
 -0.28915143721775538
 0.24144316256866286
 0.70402248268821932
 0.96827650942448973
 0.95976407268862951
 0.56098048206683471
 0.058343548505885939
 -0.59093261401139296
 -0.9205192458734156
 -0.99079278192959619
 -0.67753143319096576
 -0.20572848390994758
 0.46477727545199815
 0.92229384639741663
 0.99016417751102426
 0.77910222189901035
 0.2012573189494406
 -0.46881591634326025
 -0.92404921256713268
 -0.98951492330857693
 -0.67078567614586326
 -0.19678195678587651
 0.33265584354707201
 0.85714940883112156
 0.99999241925486515
 0.77334407831939256
 0.33998972421839152
 -0.33695899876098812
 -0.77129810450025671
 -0.98836016778358704
 -0.85880390863449096
 -0.47568034773834422
 0.19362308257050309
 0.66839346461823534
 0.98904460426414087
 0.85645540989183011
 0.4716584301397076
 -0.046006176477052733
 -0.67178324665396527
 -0.95622174279616212
 -0.9712896402106419
 -0.5971970165752265
 -0.10262792226900343
 0.55451677129107713
 0.90225689984781032
 0.99582849150478125
 0.70953162771974909
 0.098084259541188476
 -0.42498997723381116
 -0.82834323351112504
 -0.99834965947009091
 -0.80617855486628232
 -0.24456745138823813
 0.28606669089249703
 0.83089296006415125
 0.99495358820281887
