# Created by Octave 8.4.0, Thu Dec 11 09:16:06 2025 IST <gamana@Samsung>
# name: iq
# type: matrix
# rows: 2048
# columns: 1
 0.99706007033948296
 0.71979445629436789
 0.2631763561998442
 -0.41166286191191009
 -0.82003431881388944
 -0.99739959216031482
 -0.81477298767905471
 -0.25876789299367536
 0.41582037352034329
 0.89985447880301794
 0.99631865342087256
 0.81211680656676566
 0.25435403320662997
 -0.27636844752632383
 -0.82522724334078956
 -0.99591677378527643
 -0.80944368883232731
 -0.24993486888935224
 0.42410929452530416
 0.82779791753061049
 0.99549412439592866
 0.80675369022336518
 0.24551049220311386
 -0.42824053105714127
 -0.83035132807013867
 -0.99854960836650131
 -0.80404686683955928
 -0.24108099541788655
 0.43236283667164604
 0.90767174576048582
 0.96703030897644238
 0.70050569115229744
 0.085410558434171072
 -0.436476125398505
 -0.9095788398803798
 -0.99410164801316581
 -0.69723937173125705
 -0.08085964965199921
 0.44058031145546378
 0.83790744708233544
 0.99919348408392272
 0.795826014291943
 0.373869386604954
 -0.30259454778575384
 -0.7477099918286475
 -0.99936643867810504
 -0.79305245980539629
 -0.36962995372724544
 0.30694400810481892
 0.84285757488642232
 0.99951855157608782
 0.79026236628191826
 0.36538281225045838
 -0.3112870671345041
 -0.8453062979285888
 -0.99195482049672057
 -0.68402937113825946
 -0.062640100920432637
 0.45690432002071296
 0.91882899113769867
 0.95969038861323452
 0.68069103463022174
 0.058081710296607025
 -0.59114418285674741
 -0.92062168744411577
 -0.99075723812089034
 -0.78179343507867682
 -0.20547180431535203
 0.32427693142512543
 0.8525464919069532
 0.99991852928111491
 0.86561044910871676
 0.34831893420021354
 -0.32859348091960006
 -0.76562156587699015
 -0.98697170672481427
 -0.93028888966230661
 -0.48346476204753758
 0.032578773816362379
 0.539444769141321
 0.89434751792973222
 0.99730982697147408
 0.72210331071667855
 0.11598518103835469
 -0.54328440608521777
 -0.89638121253194536
 -0.9969646812229912
 -0.71893660149723992
 -0.11144808692793674
 0.4127880280337809
 0.820740489024255
 0.99659874386674296
 0.81405635073808913
 0.25757478171841441
 -0.4169432030477333
 -0.90039247786769683
 -0.9962120225343184
 -0.71255826934013666
 -0.1023670206571104
 0.42108968274909531
 0.90236996494666444
 0.99580452529075758
 0.80871789563453389
 0.39381295355228096
 -0.28193949870042923
 -0.73319467094717705
 -0.99836468747738893
 -0.80602334155402411
 -0.38961117419928509
 0.13655565629267968
 0.62425433944085562
 0.97885109125774172
 0.88487879609434716
 0.38540126954067483
 -0.29069053647477588
 -0.8335702757343435
 -0.99884516116837307
 -0.80058386130778225
 -0.23544639110632265
 0.29505700746927255
 0.83608429323105826
 0.99396695366690557
 0.79783904858190768
 0.37695743566298062
 -0.29941732507672353
 -0.83858087426586858
 -0.99924231199376601
 -0.79507759699523661
 -0.37272368253927118
 0.3037713983630882
 0.84105996677280404
 0.99292375390779652
 0.68976954495290488
 0.070521018712232431
 -0.44986433135439413
 -0.84352151905061579
 -0.99955610682356222
 -0.8740126725681886
 -0.36423294539298129
 0.312460448889467
 0.75455457317662888
 0.99968173728826637
 0.87178458229700406
 0.35997613844395193
 -0.16814809245020726
 -0.75754354767471233
 -0.98488950883147741
 -0.86953831103763324
 -0.35571182422530373
 0.17264802280907673
 0.65237239211708042
 0.94832145702324677
 0.93315721720895184
 0.61777106458305009
 0.12835690768192648
 -0.39721578392478346
 -0.81089157050291494
 -0.99613671377553947
 -0.82382969408846374
 -0.41772635433529737
 0.10605178105953815
 0.59995480435262905
 0.97210288979435833
 0.95520861010101676
 0.66922913426856767
 0.1947257580520656
 -0.4746912950254723
 -0.85822750015938709
 -0.98853055046695493
 -0.66582883744112153
 -0.038003893997068453
 0.47870574193700199
 0.860562501651286
 0.9999961643602806
 0.85772783948271503
 0.33371568541195351
 -0.34322527295248667
 -0.77552208599333883
 -0.9999730885191962
 -0.76617566150442962
 -0.32940729198072294
 0.20015612234780542
 0.77839705386729208
 0.99992915833028506
 0.85299658942327106
 0.46577226419855994
 -0.052661536885855127
 -0.67670425882568808
 -0.99063997145637572
 -0.92095783523147523
 -0.46172630843791007
 0.057221356716363872
 0.68005946213323143
 0.95944781899102105
 0.96855678155907665
 0.70482032713478615
 0.091450774980200711
 -0.43101227257150254
 -0.90704235677475153
 -0.99474101974739715
 -0.80221808549423934
 -0.38370785527361939
 0.29244531029783893
 0.74060881724670391
 0.99893161851503542
 0.79948325508046658
 0.23366308595342544
 -0.29680932037190372
 -0.74366963050838819
 -0.99913224238819642
 -0.87971658210087067
 -0.37525764885050583
 0.3011671405145831
 0.74671493460754579
 0.99931202944930153
 0.87753594764229947
 0.50855529701815605
 -0.15643979414568326
 -0.63983078090230217
 -0.98276527951328996
 -0.93893789853280041
 -0.63060883078210594
 -0.14463532063038551
 0.38208240309828206
 0.88319891056935484
 0.99879795529096516
 0.8330325515970789
 0.43259932229274561
 -0.089698463358592009
 -0.70357104096355216
 -0.96811752088496095
 -0.95994232489362474
 -0.56150643275911605
 -0.05897792840350171
 0.4601648393334698
 0.92027078201715529
 0.99087861687119372
 0.78235290523988077
 0.35343597986706526
 -0.32342755649263732
 -0.8520769343569492
 -0.99990666682747809
 -0.86605962344102483
 -0.48824092697539156
 0.027116736590217863
 0.534835532261557
 0.89188951756697665
 0.97561272956226286
 0.61225090867551668
 -0.031681480166081341
 -0.53868862145428353
 -0.89394552532936078
 -0.97460016917982983
 -0.60863379684069807
 0.036245563027500163
 0.66451500356302839
 0.95331735554538732
 0.97356728359948941
 0.7195603208637491
 0.11234020629758215
 -0.41197016019304566
 -0.89800156890714844
 -0.97251409436198921
 -0.71638156055294167
 -0.25844214320731507
 0.27230121880568781
 0.82283104388607065
 0.99628968778454041
 0.71318786016985414
 0.10326002029297376
 -0.55398783516922856
 -0.90198270191125685
 -0.97034689319511946
 -0.59403917778321069
 0.054493383907177437
 0.67805376596341482
 0.99088871254122568
 0.84963824263651433
 0.46009830557788145
 -0.21088984649677303
 -0.78523545681431273
 -0.99149343853740313
 -0.91844467662543139
 -0.45603887622061912
 0.063610856130871932
 0.68473858428850043
 0.99207748702807963
 0.84478620458292519
 0.3103625522847524
 -0.21980895658447358
 -0.68805960798840127
 -0.99264084583298418
 -0.91479369043480918
 -0.44789157041556454
 0.22426168196300064
 0.7936446050741407
 0.99933134669386681
 0.74706374387085395
 0.15244614050682256
 -0.5120315473723116
 -0.87946703079104571
 -0.99915395334485979
 -0.74402022533661394
 -0.14793122191009037
 0.51594885599497475
 0.88163142853847265
 0.99895572273101452
 0.83487112493613869
 0.43560076978030499
 -0.086379658688501032
 -0.58402667228351934
 -0.91715158044517486
 -0.96087054195295962
 -0.56426023670636294
 0.090928394588826081
 0.5877275347374693
 0.96842614017032003
 0.95959555493752691
 0.56048409449701031
 -0.095475234185722443
 -0.70768200929684
 -0.96955452460525537
 -0.95830055564405059
 -0.55669626344285916
 -0.053185367713742382
 0.59509241170698868
 0.92252538257895755
 0.99008012278011326
 0.67372268159183635
 0.20067004565239421
 -0.32891195782272448
 -0.76583845364504477
 -0.98702590740807916
 -0.8631445581430458
 -0.34371792593314032
 0.18524369092832746
 0.7687670104067964
 0.99999457388324242
 0.86082956821913825
 0.47916623207818182
 -0.03747970176815317
 -0.54356748863500048
 -0.8965306462350312
 -0.97328447172790966
 -0.71870216652800389
 -0.26165925596843598
 0.41309515457527518
 0.89854426479811322
 0.97222579552915267
 0.60037439234906187
 -0.046605037363985337
 -0.67222720714079276
 -0.95639701164548396
 -0.92330379323078149
 -0.46709667495756185
 0.20316252151698605
 0.67560113478077399
 0.99043448389922084
 0.8513905716987602
 0.32218776733811588
 -0.20763187017247733
 -0.7831680959575561
 -0.9910542876521572
 -0.84898630942477415
 -0.31786121809897533
 0.21209688868416976
 0.68230665119091249
