# Created by Octave 8.4.0, Thu Dec 11 09:16:06 2025 IST <gamana@Samsung>
# name: iq
# type: matrix
# rows: 2048
# columns: 1
 0.99706007033948296
 0.8958330830115131
 0.54224716769547932
 0.035908561572159783
 -0.60890133064396568
 -0.92906155275357227
 -0.98750228500057424
 -0.6608424346775631
 -0.18369847411188231
 0.48454544831307755
 0.86393738386991581
 0.98677225365717247
 0.65740811854692949
 0.026779638075654512
 -0.48853519495787168
 -0.93240144544834269
 -0.98602164326815445
 -0.7618765189682617
 -0.17471292102219657
 0.35375141607369498
 0.78256289391760381
 0.99092400356524601
 0.84949989429398942
 0.45986541708857864
 -0.2111462234393818
 -0.68159522404935846
 -0.99152754231630602
 -0.91834089914126482
 -0.4558054392076315
 0.21560776862847272
 0.78821639611625471
 0.99961637728604458
 0.75293139567673473
 0.1612074989385934
 -0.50439146910589572
 -0.9388476181633828
 -0.94306674230411036
 -0.51511538248430411
 -0.0039492221486906965
 0.63394365677250586
 0.98132503246572256
 0.94153800602658821
 0.63651683455885644
 0.15218691789985109
 -0.51225682209534928
 -0.87959183670055963
 -0.99914313223323781
 -0.8372327419467338
 -0.29705977382799137
 0.37924403260955986
 0.88175517967331396
 0.99894370498287544
 0.834726723741544
 0.29269611680139745
 -0.23784618978820501
 -0.80206146680018797
 -0.99872344485238629
 -0.73770965602296679
 -0.28832635562389775
 0.24227936376794221
 0.70463424304951916
 0.995172673015283
 0.9052216213146459
 0.42712419847488775
 -0.24670748503358705
 -0.80748280845543519
 -0.99561046985879564
 -0.90327160727240496
 -0.42299056154802456
 0.25113046123705945
 0.71108558651626785
 0.99602750333649714
 0.82452909748853165
 0.4188481031914722
 -0.10482368684166825
 -0.71428904737035315
 -0.9718124784500537
 -0.89931510730645936
 -0.54886662494658134
 -0.043800730362636646
 0.47360396434939761
 0.85759296924080952
 0.99999540351778604
 0.86069606453987113
 0.47893600348116838
 -0.18998693966562338
 -0.77184632306809275
 -0.98849090621939795
 -0.85836209249050632
 -0.33487961217098988
 0.34206505440574203
 0.77474182782419287
 0.99998138620148591
 0.76696871253595067
 0.18248437222101171
 -0.34635271246754379
 -0.86455865896230799
 -0.98657129559318824
 -0.76403033079695037
 -0.17799244441910247
 0.35063314737503665
 0.78048430577675221
 0.99047064063879786
 0.8512529665268137
 0.32193945930560336
 -0.20788843009190797
 -0.78333115921436058
 -0.99108925768113243
 -0.84884768600070171
 -0.31761252689779229
 0.21235319707962388
 0.68249837391928281
 0.99168720564712287
 0.84642470283328231
 0.45470586321335715
 -0.21681353546072546
 -0.78897579815913343
 -0.99958141038069237
 -0.84398406755565658
 -0.4506338234743309
 0.06966135126844894
 0.57033270963107596
 0.9103395938539478
 0.99390102147704307
 0.6959231720412592
 0.23042228230537098
 -0.44222640802835655
 -0.91222008763525775
 -0.96417909475583619
 -0.69263648984203974
 -0.074477793700477926
 0.44631769078305872
 0.84138411242655475
 0.99285238222274652
 0.79193364505529973
 0.36792477034572635
 -0.15972964099951256
 -0.6423877224089799
 -0.98337572251258365
 -0.87372121466920871
 -0.5017386946196043
 0.16423604820363752
 0.7549478544265199
 0.98419470203205239
 0.93619088246932725
 0.49778317453547566
 -0.016151433444036755
 -0.64936051767992853
 -0.98499315626050998
 -0.93457595984954878
 -0.49381727322850888
 0.020717374963544161
 0.52941587506541732
 0.88897629886156937
 0.97699778963959916
 0.61729952884911965
 -0.025282884424066471
 -0.6562791438151202
 -0.98652842266602814
 -0.86469043479524876
 -0.48585465799489252
 0.029847866612347472
 0.53714215561870826
 0.9513648645896583
 0.97500936502297297
 0.72399073590500151
 0.26902169520804903
 -0.40612900000404117
 -0.81654875871836308
 -0.99694422685007722
 -0.81827376236426919
 -0.26462053999945312
 0.26613636670920432
 0.81917649590739106
 0.99682017986520099
 0.71766028860472586
 0.10962484661941579
 -0.41445822861210652
 -0.89920037971003641
 -0.99644589250719506
 -0.71447258176090922
 -0.25580176557114981
 0.27492919280489736
 0.82438066428653922
 0.99792084509802448
 0.81032196923136679
 0.25138433026619494
 -0.27931705123175316
 -0.82695698694418485
 -0.99820477003535257
 -0.80763749908038651
 -0.39212605309391713
 0.28369908452689208
 0.8295160634890768
 0.9984678775029745
 0.80493618572279035
 0.24253382409876054
 -0.28807520130343556
 -0.83205784055189824
 -0.99871016201380958
 -0.88402276669574964
 -0.52030344573097032
 -0.010013047761816983
 0.62924227162023949
 0.98014054811671381
 0.94356367941495367
 0.64118202727612839
 0.15817743084431238
 -0.36938623316022245
 -0.87669086913002936
 -0.98224247935955056
 -0.63767090251296954
 -0.15366656742847584
 0.3736261111647376
 0.87887856028953637
 0.99920398154940382
 0.74484481718296036
 0.29848911345229245
 -0.37785819723066766
 -0.88104792251660446
 -0.98048795545716472
 -0.74178997201371843
 -0.14463532063038551
 0.38208240309828206
 0.80116634160787004
 0.99879795529096516
 0.8330325515970789
 0.43259932229274561
 -0.24082644017776364
 -0.80389089465875141
 -0.9950246172039402
 -0.90585685224972345
 -0.56150643275911605
 0.094245825128639826
 0.59041984438793671
 0.92027078201715529
 0.99087861687119372
 0.67799868370998118
 0.20635032318008584
 -0.32342755649263732
 -0.76209490119393808
 -0.98607777404705177
 -0.93227951256782382
 -0.61585525207328862
 -0.12594267756543712
 0.39944833561707799
 0.89188951756697665
 0.97561272956226286
 0.61225090867551668
 0.12141102097190457
 -0.53868862145428353
 -0.95192840572335036
 -0.97460016917982983
 -0.60863379684069807
 -0.11687683236262683
 0.4078046943816232
 0.89598288993909425
 0.99703417447419029
 0.81721787306131521
 0.26285100805909306
 -0.26790424016846759
 -0.82022726859247486
 -0.99667232388470672
 -0.71638156055294167
 -0.10780123738777925
 0.55018016296902827
 0.90000152013413215
 0.99628968778454041
 0.81191999367161027
 0.39882994629126045
 -0.12661172060870704
 -0.72946779440294807
 -0.97674975441813594
 -0.8895069447213011
 -0.53039965315243032
 -0.021877151972351568
 0.61997607397048027
 0.93416263098438557
 0.98519270874744136
 0.65024226875192148
 0.16988232258226452
 -0.35833399507441271
 -0.7856065269148238
 -0.9997245785693325
 -0.84690242494468848
 -0.45550525983347107
 0.21593704592681448
 0.68517537297528308
 0.99215262290844974
 0.84446525583110477
 0.30979259712026835
 -0.22039375891483476
 -0.79122478352314818
 -0.99946853590792306
 -0.84201047547138852
 -0.3054473240688339
 0.22484587561108255
 0.6917993022821437
 0.9638707429922535
 0.91269474280555418
 0.44326655429247164
 -0.077874574804260743
 -0.57707819725182719
 -0.91371712100103808
 -0.96319940693050832
 -0.57128519866632965
 0.082426600067351322
 0.58080175758021402
 0.91556327802600634
 0.96196188827345819
 0.68667277584135678
 0.066262548155808801
 -0.45367237737390509
 -0.84580640228606607
 -0.99183580306267727
 -0.78687807629106243
 -0.21348663706973042
 0.31651233945367091
 0.84823387425093655
 0.99124310746588995
 0.68000451891008395
 0.057146541344009039
 -0.59189945380494535
 -0.96970115421624037
 -0.95812906786081409
 -0.67664908345507713
 -0.052586702724156269
 0.5955741004690619
 0.92275658720024012
 0.95681146172407272
 0.55239718669227666
 0.048025767413371868
 -0.5992363264894498
 -0.92450689724225354
 -0.98934103856410838
 -0.77547477392715181
 -0.34315488624227353
 0.33378632655868862
 0.76915027238281941
 0.98784222664825339
 0.86052432995207551
 0.33886189807850309
 -0.19031800790633269
 -0.77206068735916977
 -0.99999824789995395
 -0.76967584934310729
 -0.33456184298063663
 0.19479926101805431
 0.7749550010800943
 0.99997927181881596
 0.85583584132014823
 0.33025481062593198
 -0.34666904124527759
 -0.86472807410797525
 -0.9999394412608994
 -0.85346479989839097
 -0.46656650589086629
 0.20374948630750056
 0.67604300803596629
 0.95789314023449235
 0.92130728613903012
 0.5925624553559925
 -0.056325047540602191
 -0.55930560942458629
 -0.95919436693370819
 -0.96877974656918697
 -0.58887768312041511
