# Created by Octave 8.4.0, Thu Dec 11 09:16:06 2025 IST <gamana@Samsung>
# name: iq
# type: matrix
# rows: 2048
# columns: 1
 0.99706007033948296
 0.81741217677477895
 0.2631763561998442
 -0.41166286191191009
 -0.82003431881388944
 -0.99739959216031482
 -0.81477298767905471
 -0.40332217000396425
 0.27197672523161615
 0.72610466550790553
 0.9977183133033527
 0.81211680656676566
 0.25435403320662997
 -0.27636844752632383
 -0.82522724334078956
 -0.99591677378527643
 -0.710216724570086
 -0.24993486888935224
 0.28075440618218883
 0.82779791753061049
 0.9982933274023793
 0.80675369022336518
 0.39074826631547099
 -0.28513450973044718
 -0.83035132807013867
 -0.99505071406714374
 -0.7037574015908532
 -0.24108099541788655
 0.28950866682443271
 0.73854284938133441
 0.97952724534565039
 0.94457581101048138
 0.5190242297318719
 0.0085158509884466927
 -0.63040525104876677
 -0.9388476181633828
 -0.94306674230411036
 -0.64003232751865924
 -0.0039492221486906965
 0.50832944618280662
 0.94041029539182541
 0.94153800602658821
 0.63651683455885644
 -0.00061748905173052778
 -0.63746884165893469
 -0.94195336044907441
 -0.93998963405957092
 -0.6329880670983572
 0.0051841873744737305
 0.51617351493844721
 0.9434767811546485
 0.93842165869421512
 0.62944609872927793
 -0.0097507775814606734
 -0.64447925512746196
 -0.94498052573775193
 -0.93683411263050442
 -0.62589100331904679
 0.014317164436864309
 0.52397452491172358
 0.8860266541137356
 0.97834281697030223
 0.62232285500886353
 0.13410842343763146
 -0.39188476247376564
 -0.80748280845543519
 -0.99822044475942118
 -0.73151281938767621
 -0.12958157197863263
 0.39608211065021354
 0.81016824749014416
 0.99793771528696562
 0.82452909748853165
 0.27518135912083291
 -0.25554820013760671
 -0.81283679053972591
 -0.99642376475119299
 -0.82193656840597684
 -0.41469690979581653
 0.10936414063460427
 0.71747761179131575
 0.97287896944569174
 0.95421733651916474
 0.66674975226285726
 0.039237950724844595
 -0.47762109668853364
 -0.92782390279400195
 -0.95284142018813345
 -0.54120910228613728
 -0.034674352783172553
 0.60988050752199152
 0.97495106171121826
 0.89323979943204135
 0.40219178600183031
 -0.27316494175828576
 -0.82334089515210096
 -0.99780093100154443
 -0.81139558397687261
 -0.39800651997194264
 0.12750220183209923
 0.73008157988849232
 0.97694182433784282
 0.94859455951793425
 0.52963836788862773
 0.020979600942368393
 -0.6206802229306233
 -0.9779066548749713
 -0.94713933381100757
 -0.5257592578226381
 -0.016413681660202538
 0.49755567898470887
 0.93609865989502394
 0.98424111581431162
 0.64608106957776812
 0.164494764015997
 -0.36343022125511892
 -0.78897579815913343
 -0.99958141038069237
 -0.84398406755565658
 -0.4506338234743309
 0.06966135126844894
 0.57033270963107596
 0.9103395938539478
 0.99390102147704307
 0.6959231720412592
 0.079031039481038554
 -0.44222640802835655
 -0.83890731960218134
 -0.99338706034829882
 -0.79471385035233399
 -0.37216731045212564
 0.15521990264824989
 0.74892687579832318
 0.98253623478184693
 0.87593347296118218
 0.36792477034572635
 -0.30868941789305326
 -0.84384335826177637
 -0.99229699825105167
 -0.68601985967528778
 -0.21706957207182662
 0.31302987997501996
 0.7549478544265199
 0.99969668159732372
 0.87149073500076379
 0.49778317453547566
 -0.016151433444036755
 -0.64936051767992853
 -0.98499315626050998
 -0.86924208047228424
 -0.35515146651018259
 0.17323849331905522
 0.76090585590764914
 0.99987992114534174
 0.78064825179414798
 0.35087876671096063
 -0.32601173556565088
 -0.8535038514756933
 -0.98986864202460945
 -0.77778605465602391
 -0.19920301606094334
 0.47066694847015184
 0.85587460041102437
 0.99997975150891727
 0.77490763686045938
 0.34231150373757346
 -0.18671483023342564
 -0.66314302366827793
 -0.98798139365844539
 -0.86006665733274223
 -0.33801711923289846
 0.19119927952835253
 0.7726309446768147
 0.9999961643602806
 0.76910237975061224
 0.18575915252785319
 -0.34322527295248667
 -0.86287955619046985
 -0.98710999648029529
 -0.76617566150442962
 -0.18126999201027524
 0.34751098647196554
 0.86517861545497698
 0.99992915833028506
 0.85299658942327106
 0.32509202879037347
 -0.35178945268142309
 -0.78125578834147202
 -0.99986437470970757
 -0.85060425588363664
 -0.32076998583533983
 0.35606058235383559
 0.869722556749563
 0.99977873900851999
 0.84819418306959704
 0.45767072341707316
 -0.061779983200696019
 -0.68340048286253452
 -0.9607251061180615
 -0.9674105193813286
 -0.70157342122455979
 -0.08690225208096268
 0.43512852706753002
 0.8345822651241197
 0.99426291516930421
 0.79948325508046658
 0.23366308595342544
 -0.29680932037190372
 -0.74366963050838819
 -0.99913224238819642
 -0.79673175151610309
 -0.37525764885050583
 0.15192768482357455
 0.74671493460754579
 0.981910840626954
 0.87753594764229947
 0.37102076259437583
 -0.30551867984392073
 -0.84205089924673893
 -0.99270423190419643
 -0.68844016679241615
 -0.22032066295107569
 0.45150194380135911
 0.84450539102537403
 0.9921432504235741
 0.78837777747453541
 0.21586387531466605
 -0.45557197083872231
 -0.91823705848225556
 -0.96011013199408302
 -0.68178712078250292
 -0.21140258585673893
 0.31853470610870327
 0.84936148751235574
 0.99982274110411873
 0.78272615692098302
 0.20693688761713588
 -0.32286021601341536
 -0.85176299094723662
 -0.99989829655683926
 -0.86635918424039315
 -0.34972204005644508
 0.17894952312104839
 0.657210456600686
 0.95033318806978884
 0.9308370836132025
 0.4847748679069947
 -0.18344064817265887
 -0.76759251303591824
 -0.98746091400676894
 -0.86176167500221723
 -0.34115087413467143
 0.18792794758620526
 0.77051148493708665
 0.99999984205834835
 0.77122750954177499
 0.18903187081461517
 -0.47978965707740173
 -0.86119087502127423
 -0.99999198125360811
 -0.85709227829338019
 -0.47274705089475788
 0.044772471175195144
 0.5496794507487891
 0.9558596058549732
 0.92400680960145565
 0.4687179486717028
 -0.2013659565870686
 -0.67424749498310488
 -0.99017968862934225
 -0.85235138363122587
 -0.46467907137845199
 0.053894760962600277
 0.67761300134487346
 0.95850332277440242
 0.96938031739622599
 0.70717990245368956
 0.24576473929266096
 -0.28488310495740082
 -0.83020514487898067
 -0.99507674247845379
 -0.80420278370808562
 -0.24133553407346375
 0.43212632130727791
 0.90756163939843948
 0.96709706904209614
 0.70069284447422997
 0.23690129582362218
 -0.29362607469684976
 -0.74143807910168669
 -0.98038470181884685
 -0.94315394611726344
 -0.64023383010566237
 -0.15695787985318554
 0.37053358671614267
 0.8772842918386542
 0.99933134669386681
 0.83986369513887471
 0.44380386387911941
 -0.22870973038454406
 -0.69465853816616863
 -0.99370544782199999
 -0.91106639288515368
 -0.43970690185345124
 0.081829121348277425
 0.58031363000642855
 0.96610880593672932
 0.90917422426779237
 0.56802461131976778
 -0.086379658688501032
 -0.58402667228351934
 -0.91715158044517486
 -0.99191207448445484
 -0.6837833448964501
 -0.21407228166829007
 0.3159436001005983
 0.84791621144290719
 0.99976756718698545
 0.78442368682047992
 0.35655072077143918
 -0.32027309532488762
 -0.75993348705546881
 -0.99985559799969492
 -0.78158312069830338
 -0.35228043953203181
 0.32459591128292553
 0.76289392539196699
 0.99992277691483245
 0.77872625473123713
 0.20067004565239421
 -0.46934537146098876
 -0.85509928273339597
 -0.99996910253138693
 -0.8631445581430458
 -0.4831695435136964
 0.18524369092832746
 0.66202159170945685
 0.9523059789588959
 0.92847880871813848
 0.47916623207818182
 -0.03747970176815317
 -0.66543736480437243
 -0.95368955510989162
 -0.97328447172790966
 -0.60402021354809721
 -0.11111296041333159
 0.41309515457527518
 0.89854426479811322
 0.99657089777049301
 0.7155193594217325
 0.10657337418694574
 -0.41724969046119159
 -0.90053914430225124
 -0.97114684364983439
 -0.71232163022430739
 -0.25283322809198039
 0.27787907011093738
 0.73031198170342548
 0.97701376738129042
 0.94848777721381872
 0.52935229899733338
 0.020642452992762857
 -0.62094459040458649
 -0.93460261744058193
 -0.94703109187740431
 -0.6493035269555244
 -0.1686651663634062
