# Created by Octave 8.4.0, Thu Dec 11 09:16:06 2025 IST <gamana@Samsung>
# name: iq
# type: matrix
# rows: 2048
# columns: 1
 0.99706007033948296
 0.8958330830115131
 0.40749676511192734
 -0.26757933088703667
 -0.82003431881388944
 -0.99669975492155383
 -0.81477298767905471
 -0.40332217000396425
 0.27197672523161615
 0.72610466550790553
 0.9977183133033527
 0.81211680656676566
 0.39913916364882279
 -0.27636844752632383
 -0.82522724334078956
 -0.99591677378527643
 -0.80944368883232731
 -0.24993486888935224
 0.28075440618218883
 0.73235430365016874
 0.97764774684509548
 0.88756644408310237
 0.39074826631547099
 -0.28513450973044718
 -0.83035132807013867
 -0.99505071406714374
 -0.7037574015908532
 -0.08995968598691377
 0.56506302386814056
 0.96113952181813156
 0.96703030897644238
 0.58323682590797477
 0.085410558434171072
 -0.436476125398505
 -0.9095788398803798
 -0.99410164801316581
 -0.79858297189933158
 -0.37810102247061
 0.14889314503908596
 0.63394365677250586
 0.98132503246572256
 0.94153800602658821
 0.51119579255227765
 -0.00061748905173052778
 -0.51225682209534928
 -0.87959183670055963
 -0.98108672759545423
 -0.6329880670983572
 0.0051841873744737305
 0.51617351493844721
 0.9434767811546485
 0.93842165869421512
 0.62944609872927793
 -0.0097507775814606734
 -0.52007944302982734
 -0.94498052573775193
 -0.93683411263050442
 -0.49937338518631758
 0.16693057028402239
 0.64796433750803051
 0.94646456283791902
 0.97834281697030223
 0.73461889791047752
 0.28395058142647778
 -0.39188476247376564
 -0.80748280845543519
 -0.99822044475942118
 -0.82710443109173448
 -0.27956888546549696
 0.39608211065021354
 0.81016824749014416
 0.99602750333649714
 0.82452909748853165
 0.27518135912083291
 -0.40027119857025584
 -0.89229517179135864
 -0.97541527964386687
 -0.72525496053724303
 -0.27078809389396219
 0.40445193887085795
 0.89434751792973222
 0.9743987219147211
 0.72210331071667855
 0.11598518103835469
 -0.54328440608521777
 -0.89638121253194536
 -0.97336184318883701
 -0.71893660149723992
 -0.2619847133958928
 0.26876907226385538
 0.820740489024255
 0.99659874386674296
 0.71575489892035005
 0.10690866857780772
 -0.4169432030477333
 -0.82334089515210096
 -0.99780093100154443
 -0.81139558397687261
 -0.25315947834227942
 0.27755511442268971
 0.73008157988849232
 0.97694182433784282
 0.88909638161822035
 0.39381295355228096
 -0.28193949870042923
 -0.73319467094717705
 -0.99836468747738893
 -0.80602334155402411
 -0.24431312492717491
 0.286318003155562
 0.73629247129767361
 0.97885109125774172
 0.88487879609434716
 0.52186918309512553
 0.011847420072184065
 -0.62781543718359556
 -0.9376951805861069
 -0.98342331467676902
 -0.75211808378384382
 -0.15998855098596032
 0.50545745710063528
 0.93927214572946993
 0.98258500433542573
 0.63908294668798704
 0.15547900140922769
 -0.37192385559131702
 -0.79455462137295907
 -0.99335691254234948
 -0.83905004463376487
 -0.4424616353320619
 0.07876957415834368
 0.69573479843258723
 0.96531192032584046
 0.91044811152414251
 0.57054813287203821
 0.069922994692288284
 -0.58153233821740702
 -0.91592396357618688
 -0.99229699825105167
 -0.78913692405411384
 -0.21706957207182662
 0.4544722474186727
 0.84628500582049038
 0.99172092001569312
 0.78632374567415608
 0.21260949086681319
 -0.31736381384729234
 -0.75793475849732128
 -0.98499315626050998
 -0.93457595984954878
 -0.49381727322850888
 0.17323849331905522
 0.76090585590764914
 0.98577106854626595
 0.93294154673311502
 0.48984107340721511
 -0.17773434348514575
 -0.7638610846955558
 -0.99994026315875784
 -0.86469043479524876
 -0.48585465799489252
 0.029847866612347472
 0.65971796292075569
 0.9513648645896583
 0.97500936502297297
 0.61008834407497825
 0.1186985440550069
 -0.54098853304387418
 -0.89516671019734817
 -0.99717367862900375
 -0.72083302870849542
 -0.26462053999945312
 0.26613636670920432
 0.72192184238340473
 0.99729056693318985
 0.89446482546867812
 0.53966559836386452
 0.032840916452987139
 -0.48323515238183556
 -0.86318239617788683
 -0.99996851064241199
 -0.76579026388864402
 -0.18068038726057722
 0.48722822131491544
 0.93185925391478641
 0.98627000753600025
 0.65509208035033761
 0.17618695705555892
 -0.49121112914774684
 -0.86775773336314854
 -0.98550557398912264
 -0.65163487930751562
 -0.019145488278022892
 0.49518379281713676
 0.93513413588735561
 0.9465491972583544
 0.64816408847853257
 0.01457942004615246
 -0.49914612947357034
 -0.87226068289134251
 -0.98391506537880058
 -0.75391589745208354
 -0.16268499548422688
 0.36513865163940556
 0.87448489466216361
 0.98308902348526839
 0.64118202727612839
 0.15817743084431238
 -0.36938623316022245
 -0.87669086913002936
 -0.98224247935955056
 -0.74788412868125476
 -0.30284452437160619
 0.22750731161019144
 0.69376963989668572
 0.99356634228954255
 0.9115748296758901
 0.57278989074160702
 -0.080598222732407257
 -0.69705133323988455
 -0.99407316861236728
 -0.90968779540689537
 -0.56904057922395446
 0.08514923093521945
 0.58302375281096053
 0.91665869474579109
 0.96121189540502372
 0.68468396839564494
 0.21527846681165561
 -0.31477163936862168
 -0.75614960898846761
 -0.98451791381517395
 -0.87058961707697269
 -0.49619128868304263
 0.17054692241431579
 0.650754512543403
 0.94764255991038049
 0.97757679069033354
 0.61944675186580489
 -0.022551427497307118
 -0.53097128912241753
 -0.88981490952982212
 -0.97660494362994621
 -0.72900630000091904
 -0.27604434499882413
 0.25468014892050156
 0.71366046350530787
 0.97160043594038459
 0.95583758460567037
 0.67081235308410769
 0.19681722358073409
 -0.33262192165991472
 -0.76836045105227757
 -0.98764948397803776
 -0.92871462706173769
 -0.47972390636529832
 0.036844666524188871
 0.54303398381073864
 0.95349821657310452
 0.97343018170617923
 0.60452654479767098
 -0.041407887188901399
 -0.66836670923880226
 -0.95486467296243449
 -0.92528930024995593
 -0.60088247193461142
 0.04597024429589211
 0.55068067745181271
 0.95621121573584256
 0.971298196903853
 0.59722586772224207
 -0.050531642697646817
 -0.55448683748747507
 -0.90224138893712413
 -0.97020180877802364
 -0.59355680841868841
 0.055091987266559873
 0.55828143375058858
 0.95884444852267436
 0.96908518718169256
 0.70633165536328146
 0.093574363747004757
 -0.42908682841071355
 -0.83087294452468408
 -0.99859960296641448
 -0.88501768945102288
 -0.52212357749623084
 0.14078288242199291
 0.62758326021428712
 0.937591508117257
 0.9834773515609383
 0.64281720510437035
 0.16028295525309991
 -0.36740349485673862
 -0.87566291480781422
 -0.99944881352334003
 -0.74929819892961036
 -0.30487641615082528
 0.37164698154682685
 0.79437348885950676
 0.99332254714470691
 0.83921227324648817
 0.44272908539363282
 -0.078472244150840392
 -0.57756770175748473
 -0.96523400365410972
 -0.91057143551212072
 -0.57079305217832044
 -0.070220514796892591
 0.58128967641094287
 0.91580421836135173
 0.99233390222225293
 0.78932008124946829
 0.36395237167729799
 -0.16394183763792963
 -0.64565312830089816
 -0.94548195179442662
 -0.97896560863614257
 -0.62469214410512397
 0.015853218409108551
 0.5252823644182405
 0.88673785675294214
 0.99839657424167505
 0.82880391358795702
 0.42573464762486468
 -0.24819593741602278
 -0.70895156863657716
 -0.99575307642728383
 -0.82624002063433366
 -0.42159803356900244
 0.25261716209958657
 0.71216487795861461
 0.996163123205834
 0.82365889652021573
 0.27370411627369895
 -0.40167852086338901
 -0.89298765294404692
 -0.97507558271538564
 -0.72419644166728869
 -0.26930894109585224
 0.40585643344740935
 0.81637654783292857
 0.99719604231517323
 0.81844517048514653
 0.40913578305941894
 -0.2658488580369614
 -0.72171542661905685
 -0.99726858215391734
 -0.89459814612914179
 -0.53991666762498181
 -0.033139007333575714
 0.48297401299739762
 0.86303177205538983
 0.99997083305930512
 0.76598203361388939
 0.18097372375373816
 -0.48696774265868809
 -0.86532964254430378
 -0.99992552720899897
 -0.76303828495033232
 -0.17648053678270462
 0.35207143125740753
 0.86760946666219851
 0.99985936800275266
 0.76007862319274933
 0.1719836693261251
 -0.49492465190025109
