# Created by Octave 8.4.0, Thu Dec 11 09:16:06 2025 IST <gamana@Samsung>
# name: iq
# type: matrix
# rows: 2048
# columns: 1
 0.99706007033948296
 0.81741217677477895
 0.2631763561998442
 -0.26757933088703667
 -0.72295709950342013
 -0.97467563508643473
 -0.89379434027545168
 -0.53840448048633571
 -0.031344426666491253
 0.48454544831307755
 0.86393738386991581
 0.99995550774600939
 0.85428309712852479
 0.32742682899836506
 -0.34947630729317497
 -0.77971163284007661
 -0.99990200276958874
 -0.85190037886372305
 -0.32310844176316006
 0.20668027481499857
 0.78256289391760381
 0.99092400356524601
 0.92013878115657166
 0.45986541708857864
 -0.059314559022868391
 -0.68159522404935846
 -0.96003675884366646
 -0.96803299318482094
 -0.70333136332568646
 -0.089362596629136537
 0.43290333150358423
 0.90792318296106844
 0.99452407799023024
 0.7000777311951929
 0.084813229831986955
 -0.43701543014966737
 -0.83573550265197849
 -0.99902631993877522
 -0.88088835778813113
 -0.51460144259673235
 0.14948593972267568
 0.74506978139404401
 0.98144017484354107
 0.87871764054369417
 0.51068044846592586
 -0.1539997744139284
 -0.63793063058015309
 -0.942154470878239
 -0.93978491259906771
 -0.6325238404520197
 0.0057836823226367819
 0.51668688773089189
 0.88203781161932693
 0.98007362009303423
 0.62898014459081497
 -0.010350251264736661
 -0.52059139660806109
 -0.88418034830145964
 -0.97915629473220078
 -0.62542333140588668
 0.014916604353269872
 0.52448504859899803
 0.88630444548282983
 0.99844916080522506
 0.82932768418888192
 0.28337570269565582
 -0.39243624425178625
 -0.80783630538709628
 -0.99566640077387125
 -0.82676733230775934
 -0.42244725458354832
 0.25171070789058819
 0.71150697322336109
 0.99608070785101932
 0.90104289466802956
 0.41830364459012159
 -0.2561277524118542
 -0.71470848232620454
 -0.97195363997356965
 -0.89905278190790505
 -0.5483653950146985
 0.10996002894475143
 0.71789508624863763
 0.97301746871639383
 0.9540378449337561
 0.54454082034982465
 -0.11449789551660453
 -0.6067317227218294
 -0.97406100526838946
 -0.89501634929027651
 -0.54070488933566718
 0.11903337424526578
 0.72422331303918408
 0.97508422786670002
 0.95126092405016316
 0.65946449936692297
 0.1818949019102846
 -0.34691504748586588
 -0.86485977345968701
 -0.99993652039743985
 -0.85332808163596185
 -0.46633450418342737
 0.052026933857566293
 0.5557322250071377
 0.95796841527318854
 0.92120526956857784
 0.5923511596013461
 -0.056586912209590688
 -0.55952301269355742
 -0.90483976383030618
 -0.99526037735895301
 -0.80531308902917487
 -0.38850663274036912
 0.13774333396782193
 0.73710326667596382
 0.97909567349977289
 0.94527382513719149
 0.52084602382819967
 0.01064848804992816
 -0.50254875948263777
 -0.93811111254830526
 -0.98320519828596609
 -0.64166955358693534
 -0.15880487290171219
 0.50649165936094453
 0.93968293784994705
 0.98236150606511097
 0.74830582404032453
 0.30345009550774876
 -0.22688845594400225
 -0.7952820789143652
 -0.99922913038351158
 -0.83839711630982561
 -0.44138606228711419
 0.23133369945229509
 0.69659554402894908
 0.99400388353643554
 0.83589924592732856
 0.43728367576806071
 -0.23577411851732263
 -0.80078588558721142
 -0.99882890251600831
 -0.83338394294207974
 -0.43317216973771422
 0.24020962053452147
 0.70311931511756987
 0.99496110440453156
 0.9061258460031163
 0.42905162994117213
 -0.24464011300195559
 -0.80622289134105818
 -0.99540859498610534
 -0.90418464341241633
 -0.42492214231189135
 0.098158835919662429
 0.59358816891173982
 0.97021124986167029
 0.95752658137960533
 0.55445440839064575
 0.050492724683968829
 -0.46769291448281164
 -0.85412802471206384
 -0.98969768799621505
 -0.67172773461341784
 -0.04593131769919901
 0.47172450774198005
 0.92530407853968999
 0.95485309720900591
 0.66833772326854834
 0.19354956215768376
 -0.33576210444203203
 -0.85884229729190442
 -0.99999982119488862
 -0.77125040624345509
 -0.33688844224332515
 0.34006019714006264
 0.77339158582922674
 0.98885619194910468
 0.857110808271628
 0.47277874749732191
 -0.044736536978526989
 -0.54964940173143162
 -0.95584903632520846
 -0.97159121435794105
 -0.59821595481748824
 0.049298204027954921
 0.67422093032950037
 0.99017465933090221
 0.85237019441807671
 0.32395791469121754
 -0.3529115658832479
 -0.86805552335169234
 -0.98540369521650351
 -0.65118001881771093
 -0.018546090785699351
 0.62258678294217984
 0.97841256309769253
 0.88587025652170326
 0.38736837114448691
 -0.13896643493271216
 -0.62615396992670891
 -0.93695201049059973
 -0.94487015805853269
 -0.64422137197363261
 -0.0094135720807538813
 0.62970809852713572
 0.93853811251994479
 0.98297906068894725
 0.75051179158575143
 0.15758544581541206
 -0.50755612643698156
 -0.94010464142229133
 -0.94184008705436228
 -0.63720898469723852
 -0.00028026810314381957
 0.63677688436544455
 0.98202417657034946
 0.87724832130168195
 0.50803901515625172
 -0.15703188857470202
 -0.64029139418445169
 -0.94317884957564335
 -0.98036992927622912
 -0.74138779202865035
 -0.14404209446919933
 0.51931244306408963
 0.94468646471431217
 0.93714774717803118
 0.50015098889807286
 -0.16604534267755786
 -0.75614960898846761
 -0.98451791381517395
 -0.87058961707697269
 -0.49619128868304263
 0.17054692241431579
 0.650754512543403
 0.94764255991038049
 0.9339217455717761
 0.61944675186580489
 -0.022551427497307118
 -0.53097128912241753
 -0.88981490952982212
 -0.97660494362994621
 -0.72900630000091904
 -0.27604434499882413
 0.39944833561707799
 0.89188951756697665
 0.97561272956226286
 0.7258727564103723
 0.12141102097190457
 -0.53868862145428353
 -0.95192840572335036
 -0.97460016917982983
 -0.60863379684069807
 0.036245563027500163
 0.66451500356302839
 0.98826329219449338
 0.92723629695034715
 0.47623922634562982
 -0.19299959502625752
 -0.66792065896118524
 -0.9889505977893237
 -0.92551650307139577
 -0.60136156986289846
 -0.10780123738777925
 0.55018016296902827
 0.95603558259739696
 0.97144062343148863
 0.59770660638150441
 -0.049932895571018494
 -0.67469011074952911
 -0.99026332165106024
 -0.85203770817596947
 -0.3233566452854974
 0.20642364779482933
 0.78239957707987662
 0.99088871254122568
 0.84963824263651433
 0.46009830557788145
 -0.059052735788742081
 -0.68140328042767151
 -0.95996331965004555
 -0.96809874646541105
 -0.58666723142977939
 -0.089623827187757507
 0.5653412151459779
 0.96123256142768809
 0.91662874163464036
 0.45196993621406401
 -0.068167649874410111
 -0.56910219984820576
 -0.90971891406343963
 -0.96576984171147617
 -0.57924634576443579
 0.072723021987780773
 0.6913662822677682
 0.99318350320331317
 0.91293956129574116
 0.44380386387911941
 -0.077276877469169419
 -0.69465853816616863
 -0.99370544782199999
 -0.83737614173914277
 -0.43970690185345124
 0.081829121348277425
 0.69793630702392573
 0.96610880593672932
 0.90917422426779237
 0.43560076978030499
 -0.23759142540159833
 -0.8019047929304397
 -0.99873665898641506
 -0.83234869697174474
 -0.43148555329274274
 0.2420248867701672
 0.70444811049079614
 0.99514689847830351
 0.90533304465219033
 0.56048409449701031
 0.057745055301892521
 -0.46126094313928362
 -0.85032831870432257
 -0.99985559799969492
 -0.86772048768357102
 -0.35228043953203181
 0.17626072228136108
 0.65514869784289442
 0.94947927516166009
 0.97633862757189327
 0.61488179360742934
 0.12471743714137844
 -0.53587862659085617
 -0.95090254255329998
 -0.93016513476203078
 -0.61127398981570313
 -0.12018508648974423
 0.40476032444000531
 0.89449833060686224
 0.99728505146395308
 0.72186998516592915
 0.11565022938906054
 -0.40893200362750154
 -0.8965306462350312
 -0.97328447172790966
 -0.60402021354809721
 0.04204280796555189
 0.54739495561019913
 0.89854426479811322
 0.99657089777049301
 0.81386045126370754
 0.25724892448168524
 -0.27348932174976931
 -0.82353223714346102
 -0.99618264199878725
 -0.81119843305825856
 -0.39769713668888385
 0.12783666325953147
 0.73031198170342548
 0.97701376738129042
 0.94848777721381872
 0.52935229899733338
 -0.13236456713272088
 -0.62094459040458649
 -0.93460261744058193
 -0.94703109187740431
 -0.6493035269555244
