# Created by Octave 8.4.0, Thu Dec 11 09:16:06 2025 IST <gamana@Samsung>
# name: iq
# type: matrix
# rows: 2048
# columns: 1
 0.99706007033948296
 0.71979445629436789
 0.11267528621267162
 -0.54607854638925091
 -0.89785314323009247
 -0.97259255895290297
 -0.60163096747855127
 -0.10813648706951674
 0.54989853666459632
 0.89985447880301794
 0.97152058492562143
 0.71342420240216764
 0.10359543274975808
 -0.41996921323270014
 -0.82522724334078956
 -0.99591677378527643
 -0.80944368883232731
 -0.39494783328271993
 0.13080603864129745
 0.73235430365016874
 0.9982933274023793
 0.88756644408310237
 0.52680937032475517
 -0.13533214306748165
 -0.62328907253604104
 -0.93566355795921996
 -0.94606518067421075
 -0.64702319695337762
 -0.16571279352017626
 0.50044297299076146
 0.87299192731282182
 0.98364649651042202
 0.75293139567673473
 0.1612074989385934
 -0.36653212183670031
 -0.79101851933410983
 -0.99267257301273648
 -0.9146877172569069
 -0.44765705097149988
 0.072984607991762596
 0.57306627895981621
 0.96378086250028872
 0.91283249357463192
 0.57530323197111466
 0.07570928483461975
 -0.44521220012329865
 -0.91358003901312201
 -0.99299901827171977
 -0.79268712746483883
 -0.36907284080929581
 0.15851039745388298
 0.75113050352384558
 0.98315072229002243
 0.93821436618430221
 0.62898014459081497
 0.14256028649333857
 -0.38401924169823431
 -0.88418034830145964
 -0.99869298312634636
 -0.73730478749012174
 -0.13803873810039718
 0.52448504859899803
 0.94665791726123827
 0.93501460739056352
 0.49489079104069511
 -0.17202205632633658
 -0.76010394507765244
 -0.99986002074606939
 -0.78141948139773487
 -0.20488505504967391
 0.46554015275120081
 0.92262657540312143
 0.99004323693862828
 0.67352883541892117
 0.048362596540172997
 -0.59896632268215722
 -0.9718124784500537
 -0.95557335273441868
 -0.67014628176077173
 -0.043800730362636646
 0.60261697710835183
 0.92611076224270938
 0.95421733651916474
 0.66674975226285726
 0.19145671714048751
 -0.3377702626083236
 -0.77184632306809275
 -0.99999882230188708
 -0.85836209249050632
 -0.33487961217098988
 0.34206505440574203
 0.77474182782419287
 0.99998138620148591
 0.76696871253595067
 0.18248437222101171
 -0.34635271246754379
 -0.86455865896230799
 -0.98657129559318824
 -0.76403033079695037
 -0.17799244441910247
 0.35063314737503665
 0.86684455914106351
 0.98581512268540761
 0.65302529690071753
 0.020979600942368393
 -0.49358918395682855
 -0.9344826169515198
 -0.98503839069289045
 -0.64955995649615195
 -0.1689975465227028
 0.49755567898470887
 0.87136207831000456
 0.98424111581431162
 0.64608106957776812
 0.011847420072184065
 -0.50151179753412556
 -0.8735936030877316
 -0.99958141038069237
 -0.75211808378384382
 -0.30893888111699319
 0.22126935221527527
 0.68914533015244894
 0.99282104490079037
 0.9141878894328731
 0.44655238580789536
 -0.074216236599828955
 -0.57407791745470427
 -0.91222008763525775
 -0.96417909475583619
 -0.69263648984203974
 -0.22597606066310341
 0.44631769078305872
 0.84138411242655475
 0.99285238222274652
 0.79193364505529973
 0.22152512631064028
 -0.30868941789305326
 -0.84384335826177637
 -0.99229699825105167
 -0.78913692405411384
 -0.21706957207182662
 0.4544722474186727
 0.84628500582049038
 0.99172092001569312
 0.78632374567415608
 0.35941675965785358
 -0.31736381384729234
 -0.75793475849732128
 -0.99979872672709624
 -0.86924208047228424
 -0.35515146651018259
 0.17323849331905522
 0.65282663806760977
 0.98577106854626595
 0.93294154673311502
 0.48984107340721511
 -0.17773434348514575
 -0.7638610846955558
 -0.98652842266602814
 -0.93128767720556305
 -0.48585465799489252
 0.18222648701769353
 0.65971796292075569
 0.98726520282524977
 0.86238753857084249
 0.34231150373757346
 -0.33463246164541943
 -0.85822750015938709
 -0.99999838537229402
 -0.86006665733274223
 -0.47785151315373381
 0.19119927952835253
 0.7726309446768147
 0.98867698022951811
 0.85772783948271503
 0.47383495062976799
 -0.043538697587652483
 -0.5486473611136512
 -0.89920037971003641
 -0.97187427959669481
 -0.59917633153129735
 0.04810061880376932
 0.67333494291237483
 0.95683324420089355
 0.97078868493983261
 0.59551390107624014
 0.10054200436666021
 -0.42275288344574552
 -0.90315903864523062
 -0.9696828445732264
 -0.59183905123294156
 0.057221356716363872
 0.56004959012291766
 0.90511013570477716
 0.96855678155907665
 0.58815185864004971
 -0.061779983200696019
 -0.56382707900378393
 -0.9607251061180615
 -0.9674105193813286
 -0.70157342122455979
 -0.23810093781279595
 0.43512852706753002
 0.90895566155885299
 0.99426291516930421
 0.79948325508046658
 0.37948670914245436
 -0.29680932037190372
 -0.83708928455909648
 -0.99376407532853228
 -0.79673175151610309
 -0.37525764885050583
 0.3011671405145831
 0.83957884657315829
 0.99324451062833596
 0.79396363218353128
 0.37102076259437583
 -0.30551867984392073
 -0.84205089924673893
 -0.99947097594890577
 -0.7911789548115935
 -0.22032066295107569
 0.45150194380135911
 0.84450539102537403
 0.9921432504235741
 0.78837777747453541
 0.36252386579059354
 -0.31420255319168883
 -0.75575715845970359
 -0.99972633443905379
 -0.78556015859060346
 -0.35826403244495147
 0.31853470610870327
 0.84936148751235574
 0.99982274110411873
 0.78272615692098302
 0.20693688761713588
 -0.32286021601341536
 -0.76170660622616937
 -0.99989829655683926
 -0.77987583156855622
 -0.34972204005644508
 0.17894952312104839
 0.657210456600686
 0.98672970031970908
 0.9308370836132025
 0.4847748679069947
 -0.18344064817265887
 -0.66064556209724501
 -0.98746091400676894
 -0.92915854587502744
 -0.60910936462077547
 0.035646446504003219
 0.66406688989070484
 0.98817153428625504
 0.9274606306198625
 0.47676629402108173
 -0.19241132777952227
 -0.77341438789128647
 -0.99999198125360811
 -0.76831248727644663
 -0.33255124967947286
 0.34438496802205415
 0.77630116135875893
 0.99996326570703487
 0.85473074362827628
 0.32824098959001718
 -0.2013659565870686
 -0.77917174513612353
 -0.99017968862934225
 -0.85235138363122587
 -0.32392388406459971
 0.35294522144878099
 0.78202607935758106
 0.9908077913786828
 0.84995424792359497
 0.46063050324539889
 -0.058454267456547186
 -0.68096437614913996
 -0.99141523092163131
 -0.84753938649740079
 -0.3152694969780277
 0.36147603246699667
 0.78768576136543023
 0.99200199459009886
 0.91686822237936105
 0.58344985888275414
 0.085671880057528363
 -0.56860914539770646
 -0.90946982178178148
 -0.99413005902736373
 -0.79874080855644036
 -0.37834382170007552
 0.29798841980098012
 0.83776426097200107
 0.99918291788155822
 0.87912868123273025
 0.51142119782764928
 -0.15314821073141613
 -0.74753580353931093
 -0.99935706938277469
 -0.79321220308449691
 -0.22356930816004994
 0.30669437559828905
 0.84271640179536644
 0.99255456754202531
 0.79042305788477341
 0.36562694772596338
 -0.31103780472960529
 -0.75357116913722322
 -0.98382122316867648
 -0.93692582017353565
 -0.4996006065460008
 0.16667196174112739
 0.64776454196252897
 0.94637986330795709
 0.97839707357332473
 0.62252813840774579
 -0.018621015841164639
 -0.52763589580741488
 -0.88801412508603927
 -0.97744277563395865
 -0.73169162602727844
 -0.27982070046704954
 0.39584126483067594
 0.89010471046960693
 0.99795451682541114
 0.8246774739692172
 0.27543350650641918
 -0.40003082953286218
 -0.89217673280036824
 -0.99765217058657929
 -0.82208593102390259
 -0.41493556245154528
 0.2597073351704795
 0.71729488562092358
 0.97281826606090593
 0.89742444567054214
 0.41077621495512678
 -0.11364173369556495
 -0.72046934828005249
 -0.97386563363520129
 -0.95292098208008913
 -0.66353556621801379
 -0.034936476854929815
 0.60967262901388219
 0.92942093762242273
 0.95152633483001159
 0.66011209043206842
 0.18274224487078436
 -0.34610665174172517
 -0.86442682365432499
 -0.999945859213213
 -0.8537770782998112
 -0.32650759738066742
 0.20316252151698605
 0.78032030606800395
 0.99988791254349441
 0.76124612228590061
 0.32218776733811588
 -0.35466104879522864
 -0.86898262245016622
 -0.98508355736215503
 -0.75827684451423649
 -0.16925605113976636
 0.35892719724832056
 0.87123336167618004
