# Created by Octave 8.4.0, Thu Dec 11 09:16:06 2025 IST <gamana@Samsung>
# name: iq
# type: matrix
# rows: 2048
# columns: 1
 0.99706007033948296
 0.71979445629436789
 0.11267528621267162
 -0.54607854638925091
 -0.89785314323009247
 -0.97259255895290297
 -0.60163096747855127
 0.045034489605138867
 0.67106240716536125
 0.98956875465747796
 0.85459457057271659
 0.46848624543001655
 -0.20162286006192071
 -0.77933612006197039
 -0.99991021581557793
 -0.85221418830700335
 -0.46444680927567056
 0.054156660896962569
 0.67780586584135905
 0.95857806179479299
 0.92037337700240041
 0.46039768712535095
 -0.21056019768431139
 -0.6811564268950393
 -0.99144949059920529
 -0.91857801197952549
 -0.58694028909782114
 0.063274314483384275
 0.68449278249337897
 0.99203506640327987
 0.84496660483630381
 0.45227072281333514
 -0.067831209437063375
 -0.68781486305698147
 -0.99259995340625728
 -0.91492984919274301
 -0.44819305013874217
 0.22393303760226052
 0.79343940089101905
 0.99314413982746996
 0.84004669004139421
 0.44410603043884272
 -0.22838143455820345
 -0.79621064932422614
 -0.99366761431796047
 -0.91120536368867255
 -0.57205376644090067
 -0.071752868069691278
 0.44876103338158679
 0.84285757488642232
 0.99951855157608782
 0.87461208566586512
 0.36538281225045838
 -0.16242620102223765
 -0.64447925512746196
 -0.98386817811504812
 -0.93683411263050442
 -0.62589100331904679
 0.014317164436864309
 0.52397452491172358
 0.94646456283791902
 0.9352270289765664
 0.62232285500886353
 -0.018883252709112678
 -0.52785867935254538
 -0.88813469650019505
 -0.97738734773531
 -0.61874172821212581
 0.023448947172842981
 0.65489389015789878
 0.98622665999936832
 0.86561044910871676
 0.48745724964467341
 -0.028014152610905268
 -0.53559388212582526
 -0.95079812180511336
 -0.97541527964386687
 -0.72525496053724303
 -0.27078809389396219
 0.25996060960367884
 0.81548838195195372
 0.99679924583888657
 0.8193268979110363
 0.26638918140600432
 -0.26436759761487083
 -0.7206512132819296
 -0.97392517113889421
 -0.89528358719251666
 -0.54120910228613728
 0.11843811123967478
 0.60988050752199152
 0.97495106171121826
 0.89323979943204135
 0.40219178600183031
 -0.27316494175828576
 -0.82334089515210096
 -0.99780093100154443
 -0.81139558397687261
 -0.39800651997194264
 0.27755511442268971
 0.82592413058045877
 0.99580452529075758
 0.70934677942200919
 0.24873889534825208
 -0.42522738066342897
 -0.90432863318207168
 -0.99537626063437679
 -0.70612049614130767
 -0.093277415011185888
 0.42935621049938855
 0.90626844172607091
 0.96787340625601292
 0.58593996609973664
 -0.064506769417215074
 -0.56608150866258033
 -0.90818935012412527
 -0.99445746524175327
 -0.80058386130778225
 -0.23544639110632265
 0.29505700746927255
 0.83608429323105826
 0.99396695366690557
 0.69635356049630359
 0.2310056126214613
 -0.44168863140895431
 -0.83858087426586858
 -0.99345571300162749
 -0.79507759699523661
 -0.22656001653555566
 0.3037713983630882
 0.74852947834240957
 0.98242450771086454
 0.93956753908246515
 0.63203151200921293
 -0.0064191446934956159
 -0.64192815925744795
 -0.94388538104184005
 -0.93799426797162899
 -0.50225718689379151
 0.01098568930287583
 0.52113386311773913
 0.94538379920820492
 0.93640143507562779
 0.49830303575211032
 -0.16814809245020726
 -0.64890448980632387
 -0.94686250148140771
 -0.97808644142219958
 -0.73378042994926174
 -0.28276622004933655
 0.39302066094081484
 0.88870159436007923
 0.9981460396596723
 0.82640968317723063
 0.42187118343784913
 -0.25232567056790139
 -0.71195336393539066
 -0.97102161033957579
 -0.90076708853249832
 -0.55164861080812788
 0.10605178105953815
 0.71515280292566097
 0.99652735636496814
 0.89877436420064549
 0.4135728135876256
 -0.26115292972931092
 -0.71833732746926005
 -0.97316389613177423
 -0.89676289601115911
 -0.54400771639250467
 -0.038003893997068453
 0.47870574193700199
 0.860562501651286
 0.9999961643602806
 0.85772783948271503
 0.33371568541195351
 -0.19567974137969191
 -0.77552208599333883
 -0.98935194803207749
 -0.85537113379660201
 -0.32940729198072294
 0.34751098647196554
 0.86517861545497698
 0.98636883283935706
 0.76323296473450009
 0.17677705112349806
 -0.49068884864234602
 -0.93329130271644045
 -0.98560709856610962
 -0.76027435081049699
 -0.17228042356740925
 0.49466286186017294
 0.869722556749563
 0.98482480954644724
 0.64862049466800065
 0.015178857643599331
 -0.49862655892901125
 -0.9365323341203855
 -0.9452620882248215
 -0.64513795681808295
 -0.010612519844126429
 0.62877621856052379
 0.98002148790987431
 0.88216136341728757
 0.38004130030372729
 -0.29623677868468345
 -0.74326870013664503
 -0.99910709321684088
 -0.88000148718019999
 -0.37581327393081404
 0.30059541660593941
 0.74631604385532435
 0.99928961588829657
 0.87782325859210852
 0.50907139610271857
 -0.0030874405497794671
 -0.51437653572680986
 -0.94277975874313913
 -0.93914401110428003
 -0.63107399296399125
 -0.1452284948088578
 0.51828741647559129
 0.94429254134249685
 0.93756544664745745
 0.62752491551599232
 -0.012220584269222961
 -0.64636586979493948
 -0.98430703928709395
 -0.87117891489750021
 -0.49723192632059321
 0.1693653581618049
 0.75834914455383284
 0.99981127408820147
 0.78309912728638964
 0.20752337767997792
 -0.46315219311821709
 -0.8514487414096451
 -0.99041917426645698
 -0.67551936160833204
 -0.051055531542802214
 0.59680504531265743
 0.97117328732799246
 0.90049091864248931
 0.55111846527625574
 -0.10668365012596807
 -0.71559683472678381
 -0.97225174705330453
 -0.95502035927123841
 -0.54730213598123445
 -0.041931997536306498
 0.60410860025757918
 0.92681477316152028
 0.98843438090726554
 0.77160899093784663
 0.18962053229618869
 -0.33953019398050216
 -0.86088600338917332
 -0.98773153687553772
 -0.76869607665133255
 -0.18513470108600502
 0.34382207474108578
 0.77592311723380303
 0.99996822454106882
 0.76576713127802476
 0.32880721843400595
 -0.20077869665569509
 -0.6738046368887588
 -0.95701774361155723
 -0.92248257337838213
 -0.59500327583703394
 -0.099909729963979996
 0.55678839327715213
 0.9034316692387977
 0.9955754721589325
 0.7076036448290961
 0.09536483201435636
 -0.42746160560208135
 -0.90538014207092266
 -0.96839848471989642
 -0.58763779982569675
 0.06241423100622457
 0.56435179874027119
 0.96090125738435272
 0.96724941364769379
 0.58393664065484441
 -0.066971382253769418
 -0.56811588658623646
 -0.90922040263214432
 -0.99419474167923427
 -0.69785687470828972
 -0.23304515604101525
 0.29741609808837527
 0.74409432488454708
 0.99915850845176379
 0.79634755256079248
 0.2286017604034839
 -0.4439032486745963
 -0.83992389067032491
 -0.99317056949058025
 -0.69128614632389973
 -0.072612406971510488
 0.57933674933150503
 0.91483848301881454
 0.96245165631812535
 0.68797912273362927
 0.21970075948765599
 -0.4520688672583606
 -0.91667307041071988
 -0.99206354780623662
 -0.68465775140129626
 -0.2152433398389518
 0.45613757729217741
 0.84727997170513081
 0.9914789969918123
 0.78516677790719092
 0.21078143130994109
 -0.31913701487203916
 -0.84969672663865436
 -0.99983450381207861
 -0.86831583367136222
 -0.49218992910733028
 0.022587388573213293
 0.65424237668371188
 0.98608375471180088
 0.93226650013630397
 0.48820953511299425
 -0.027152693583766686
 -0.53486592519085507
 -0.95053077758514126
 -0.93060467152328996
 -0.61222246792368618
 0.031717432327392985
 0.6611224778708763
 0.98756103291917052
 0.92892343523448795
 0.48021828565106178
 -0.03628150960682397
 -0.54256069229323955
 -0.89599886333126233
 -0.99703140555652559
 -0.71953534158774446
 -0.26281630249254145
 0.26793889536101589
 0.82024784439729825
 0.99742641851518576
 0.89362691033530683
 0.40298065029548513
 -0.12211614707923074
 -0.61281245115744043
 -0.93087760757590121
 -0.98671168591647906
 -0.7645860550062018
 -0.32707418657571408
 0.34982594267411621
 0.86641456886100343
 0.98595939449961034
 0.65367771669768138
 0.02184119032878816
 -0.62000429656354117
 -0.97772614205924446
 -0.94741546272226673
 -0.6502149407729344
 -0.0172753463236128
 0.49680795269426437
 0.87093892718268395
 0.98439314150312152
