# Created by Octave 8.4.0, Thu Dec 11 09:16:06 2025 IST <gamana@Samsung>
# name: iq
# type: matrix
# rows: 2048
# columns: 1
 0.99706007033948296
 0.8958330830115131
 0.40749676511192734
 -0.26757933088703667
 -0.82003431881388944
 -0.99669975492155383
 -0.71661680183738552
 -0.10813648706951674
 0.41582037352034329
 0.82263935911185238
 0.99631865342087256
 0.81211680656676566
 0.39913916364882279
 -0.126277206267076
 -0.72923708866562187
 -0.99801622712169602
 -0.80944368883232731
 -0.24993486888935224
 0.42410929452530416
 0.82779791753061049
 0.9982933274023793
 0.80675369022336518
 0.39074826631547099
 -0.28513450973044718
 -0.83035132807013867
 -0.99505071406714374
 -0.7037574015908532
 -0.08995968598691377
 0.43236283667164604
 0.90767174576048582
 0.96703030897644238
 0.70050569115229744
 0.085410558434171072
 -0.436476125398505
 -0.83540614555488213
 -0.99410164801316581
 -0.69723937173125705
 -0.08085964965199921
 0.5725748770931568
 0.91146696481628098
 0.99359601208065884
 0.795826014291943
 0.373869386604954
 -0.15340739435657474
 -0.7477099918286475
 -0.98219323712585571
 -0.93998963405957092
 -0.6329880670983572
 -0.14767181956608888
 0.51617351493844721
 0.9434767811546485
 0.98019252618813468
 0.62944609872927793
 -0.0097507775814606734
 -0.52007944302982734
 -0.94498052573775193
 -0.93683411263050442
 -0.62589100331904679
 -0.13863247807766196
 0.52397452491172358
 0.8860266541137356
 0.99848235643527605
 0.73461889791047752
 0.28395058142647778
 -0.39188476247376564
 -0.80748280845543519
 -0.99561046985879564
 -0.90327160727240496
 -0.55647836159153252
 -0.052923454120163547
 0.46554015275120081
 0.85285967026973009
 0.99992600201619608
 0.77856168107880996
 0.20041309089354509
 -0.46957695504264702
 -0.85523523768182264
 -0.99997112992048121
 -0.86301208685108277
 -0.48293989111003849
 0.033177953663624922
 0.6622181460394142
 0.95238598048070489
 0.97426376220703059
 0.72168845298289652
 0.26581129234256295
 -0.26494572488577295
 -0.8184675601388407
 -0.99719895765191047
 -0.89501634929027651
 -0.54070488933566718
 0.11903337424526578
 0.72422331303918408
 0.97508422786670002
 0.95126092405016316
 0.65946449936692297
 0.029510794185211624
 -0.61396655002752176
 -0.976087115172108
 -0.89090525512361429
 -0.39745647397782563
 0.2781310138013558
 0.82626197125556577
 0.99574948813708342
 0.70892408580754163
 0.097226591704109466
 -0.42576990720195163
 -0.82882571694540641
 -0.99531849785788795
 -0.70569586549307994
 -0.092680508055636157
 0.429897566468319
 0.83137217755029091
 0.99486675030193172
 0.80295479393864755
 0.23930021665734427
 -0.43401626026004414
 -0.90844011502318567
 -0.96656151042960048
 -0.58174569153089484
 0.06966135126844894
 0.57033270963107596
 0.96288695422024306
 0.9141878894328731
 0.44655238580789536
 -0.074216236599828955
 -0.69244728475509543
 -0.96410949048091532
 -0.91232751373217513
 -0.4424616353320619
 0.23016704923830103
 0.79731920643367349
 0.99909125651850716
 0.74301898606732286
 0.29588031770414369
 -0.2346087439461009
 -0.80006716347485207
 -0.99436648797780181
 -0.90854972200353745
 -0.43425253739356928
 0.087871226153273418
 0.5852413956952025
 0.91774726849180999
 0.99172092001569312
 0.68269004969697578
 0.21260949086681319
 -0.31736381384729234
 -0.75793475849732128
 -0.99979872672709624
 -0.86924208047228424
 -0.49381727322850888
 0.17323849331905522
 0.76090585590764914
 0.98577106854626595
 0.93294154673311502
 0.48984107340721511
 -0.025282884424066471
 -0.6562791438151202
 -0.94994809580360839
 -0.97601375467033502
 -0.72713334434054777
 -0.12323172689716683
 0.53714215561870826
 0.9513648645896583
 0.92961438575819666
 0.61008834407497825
 0.1186985440550069
 -0.40612900000404117
 -0.81654875871836308
 -0.99717367862900375
 -0.81827376236426919
 -0.40886361669740878
 0.26613636670920432
 0.81917649590739106
 0.99682017986520099
 0.81564015632847064
 0.26021386615355924
 -0.41445822861210652
 -0.82178714924509855
 -0.99644589250719506
 -0.71447258176090922
 -0.10508452125710538
 0.55245965203411107
 0.90118910628606363
 0.99605082436071568
 0.7112699746563621
 0.25138433026619494
 -0.27931705123175316
 -0.73133396242559634
 -0.97733185259986799
 -0.88825520681746439
 -0.52808142658504087
 0.13384850513027419
 0.73444091888983309
 0.9984678775029745
 0.88614822702694929
 0.52419790220779638
 0.01457942004615246
 -0.62568642452632262
 -0.97922473141210453
 -0.88402276669574964
 -0.38370785527361939
 0.14289405503088268
 0.62924227162023949
 0.98014054811671381
 0.94356367941495367
 0.64118202727612839
 0.005446466656266781
 -0.50703949142794102
 -0.87669086913002936
 -0.99937573922465328
 -0.84053339739696464
 -0.44491021868367014
 0.22750731161019144
 0.79566716792130066
 0.99356634228954255
 0.8380505755510308
 0.29848911345229245
 -0.23195188933175362
 -0.69705133323988455
 -0.99407316861236728
 -0.83555027623656908
 -0.43671209054113685
 0.23639162971772915
 0.80116634160787004
 0.99455926362965252
 0.90778178968163992
 0.56527940041679248
 0.063536069721895586
 -0.58672791667811064
 -0.91847431573064442
 -0.99148368207262383
 -0.68134843078258478
 -0.21081659327632549
 0.4601648393334698
 0.92027078201715529
 0.99087861687119372
 0.78235290523988077
 0.20635032318008584
 -0.32342755649263732
 -0.8520769343569492
 -0.99990666682747809
 -0.77950044137544672
 -0.34916032984535117
 0.32774544257114785
 0.76504373808146187
 0.98682686534507946
 0.86376751051845613
 0.48425043128684137
 -0.18402994603395961
 -0.66109548976492238
 -0.95192840572335036
 -0.97460016917982983
 -0.60863379684069807
 0.036245563027500163
 0.5425304763448201
 0.95331735554538732
 0.92723629695034715
 0.60500399200341626
 0.11234020629758215
 -0.41197016019304566
 -0.82022726859247486
 -0.99667232388470672
 -0.8145774273355405
 -0.25844214320731507
 0.41612703440426646
 0.82283104388607065
 0.99628968778454041
 0.81191999367161027
 0.25402788856811498
 -0.42027523032400022
 -0.82541765911308806
 -0.99588627415353737
 -0.80924562749002904
 -0.39463800471769866
 0.13114035477173422
 0.73258388378708994
 0.99831296397730396
 0.88741104275028515
 0.52652270811644564
 0.017311311182923683
 -0.62355274104028446
 -0.9786670389969816
 -0.94595587526113267
 -0.64676603917887232
 -0.012745109367646898
 0.50073490017408062
 0.87315635203302644
 0.99960698059496689
 0.84446525583110477
 0.30979259712026835
 -0.22039375891483476
 -0.68849451687399366
 -0.99271326475870159
 -0.91455137357013006
 -0.57875755451358868
 -0.079925956665632389
 0.57334260201009113
 0.9638707429922535
 0.91269474280555418
 0.57502737266173032
 0.075373027398763642
 -0.44551413093429654
 -0.8408985917021129
 -0.9929591283905842
 -0.79248150281653562
 -0.22240048904039264
 0.44959794231620176
 0.84336129110560609
 0.99240781401398992
 0.68667277584135678
 0.21794583567536724
 -0.45367237737390509
 -0.91739034106205852
 -0.99183580306267727
 -0.68334577293270737
 -0.21348663706973042
 0.31651233945367091
 0.84823387425093655
 0.99978031252525268
 0.86968556933719121
 0.35599055457862572
 -0.32084096299175136
 -0.85064365637548023
 -0.99062973958423328
 -0.78120900902490753
 -0.35171930379742294
 0.32516289542069804
 0.85303569840394
 0.99993004749988235
 0.77835000768533547
 0.34744071794215031
 -0.18134368802751832
 -0.76622381684746443
 -0.99997363548384233
 -0.8628416793842707
 -0.34315488624227353
 0.33378632655868862
 0.76915027238281941
 0.99999636910856871
 0.77258336771307723
 0.33886189807850309
 -0.19031800790633269
 -0.77206068735916977
 -0.98854186490453733
 -0.92654776616293766
 -0.47462533683833424
 0.19479926101805431
 0.66928481552472607
 0.98922088721011936
 0.92482021438637707
 0.59989484973093987
 -0.047203881500806025
 -0.672670926025842
 -0.95657193676094487
 -0.92307337556835656
 -0.59623486975544926
 -0.10143517182540703
 0.55551415395589532
 0.95789314023449235
 0.92130728613903012
 0.4625224530463129
 -0.20821827182906286
 -0.78354073279034975
 -0.99113411896468162
 -0.91952198293002108
 -0.58887768312041511
