# Created by Octave 8.4.0, Thu Dec 11 09:16:06 2025 IST <gamana@Samsung>
# name: iq
# type: matrix
# rows: 2048
# columns: 1
 0.99706007033948296
 0.71979445629436789
 0.2631763561998442
 -0.26757933088703667
 -0.72295709950342013
 -0.97467563508643473
 -0.89379434027545168
 -0.53840448048633571
 -0.031344426666491253
 0.48454544831307755
 0.86393738386991581
 0.98677225365717247
 0.7648265315825612
 0.17920756624578818
 -0.48853519495787168
 -0.86622816469789188
 -0.99990200276958874
 -0.85190037886372305
 -0.32310844176316006
 0.20668027481499857
 0.78256289391760381
 0.99982764492782827
 0.75891061748844191
 0.31878331613078459
 -0.2111462234393818
 -0.78539783471713998
 -0.99973243577145421
 -0.84708169348121221
 -0.4558054392076315
 0.06387260574650877
 0.5655575416944385
 0.90792318296106844
 0.99452407799023024
 0.8009644889521762
 0.23606395286305812
 -0.29444976525794719
 -0.74201608110504058
 -0.99902631993877522
 -0.79822199612300271
 -0.37754595515819683
 0.2988109445787136
 0.83823451315416331
 0.99352809498320716
 0.7954628564466879
 0.37331329069111102
 -0.30316589222440382
 -0.74810794332050845
 -0.99938759605057081
 -0.79268712746483883
 -0.36907284080929581
 0.15851039745388298
 0.75113050352384558
 0.98315072229002243
 0.87432127497765744
 0.36482469394694789
 -0.1630177147739201
 -0.75413739896883958
 -0.99966550404728993
 -0.87209571834185651
 -0.36056893869878703
 0.31619243755180926
 0.7571285669469523
 0.98477925608846884
 0.93501460739056352
 0.62185347507426159
 0.13351431092211144
 -0.52836776250192941
 -0.94811962245698522
 -0.93338546174226766
 -0.49091736807458636
 0.17651889277400565
 0.65534683009168626
 0.94956155470422277
 0.93173685042504906
 0.48693370707140277
 -0.181012047936218
 -0.65878935756162205
 -0.95098368393158716
 -0.93006880782054413
 -0.48293989111003849
 0.18550142810862433
 0.6622181460394142
 0.95238598048070489
 0.97426376220703059
 0.72168845298289652
 0.26581129234256295
 -0.26494572488577295
 -0.8184675601388407
 -0.99691782759704184
 -0.81635404255404231
 -0.26140610184024543
 0.41333399829856854
 0.89865934540983339
 0.97216437610049722
 0.71533610577853302
 0.10631258127998891
 -0.4174880367582457
 -0.90065314739641111
 -0.99615971215125476
 -0.71213752157466126
 -0.10177064770085427
 0.42163336854287486
 0.90262816634349929
 0.99574948813708342
 0.80836512406540517
 0.39326182440105123
 -0.28251463140679067
 -0.82882571694540641
 -0.998398779306784
 -0.80566836007221854
 -0.38905897338469098
 0.1371495197763625
 0.62472257242825535
 0.93630935971701046
 0.984134927684575
 0.75472666710096414
 0.31270958881960326
 -0.2173987400559155
 -0.78934400614948819
 -0.99233871732669821
 -0.84366236101593606
 -0.30836864826151417
 0.22185395632415195
 0.68957962074360624
 0.96304859030171963
 0.91394475181720136
 0.57753589027058483
 0.078433396498033117
 -0.57456868851859633
 -0.96426848850398295
 -0.91208187615920255
 -0.5738017680491504
 -0.07387994139958845
 0.57830034652362083
 0.96546827697460613
 0.91019997911661832
 0.57005567924401146
 0.069324945541670138
 -0.45093483801550066
 -0.91616441098525458
 -0.9615517828446648
 -0.56629770197952101
 -0.064768503918316747
 0.58572740375838628
 0.91798520548608953
 0.99164375835976593
 0.78595322204321882
 0.35885725169557425
 -0.16932990746395193
 -0.75832569691438723
 -0.99981057464028267
 -0.78312149655954333
 -0.20755856471407064
 0.32225870842005994
 0.76129471467094889
 0.99988903171155696
 0.78027343914827174
 0.35031731564544222
 -0.32657842745172744
 -0.76424785569545672
 -0.98662631820244562
 -0.93106911980553142
 -0.61322689374806227
 -0.12263677028153504
 0.53764773570711577
 0.89339135663213731
 0.99746389138161906
 0.82054778761189784
 0.41248085455083544
 -0.11178320076887521
 -0.60455758547018779
 -0.97343910396101097
 -0.89623167689417627
 -0.40831643863066625
 0.11632011949804706
 0.60818894308261728
 0.97447448285525728
 0.89419660354919273
 0.40414350730827459
 -0.12085461238169046
 -0.61180761696994546
 -0.97548953917277625
 -0.95069359293406575
 -0.65808434474469002
 -0.027677062390549571
 0.48775166536439363
 0.93207659845760404
 0.94926739928405801
 0.53144619835735418
 0.023111817585558577
 -0.49173323310941108
 -0.93372121977050349
 -0.94782140874875742
 -0.52757223669842357
 -0.018546090785699351
 0.49570454580256879
 0.93534636841227947
 0.94635565148416922
 0.6477074493356495
 0.16659807147931871
 -0.49966552062251407
 -0.93695201049059973
 -0.98380779503866689
 -0.64422137197363261
 -0.0094135720807538813
 0.62970809852713572
 0.9802592560561354
 0.94336495945166887
 0.6407218594334867
 0.0048469706335147475
 -0.6332490946224425
 -0.98115194723055799
 -0.94184008705436228
 -0.63720898469723852
 -0.15307415633124866
 0.51148559287361273
 0.94165156452784582
 0.94029557266769315
 0.50803901515625172
 -0.0042864402721787022
 -0.64029139418445169
 -0.98287592588523542
 -0.9387314485023539
 -0.63014344195625305
 -0.14404209446919933
 0.51931244306408963
 0.88347991836137973
 0.99876839005325435
 0.73831545079963434
 0.13952151045415628
 -0.38685153795506044
 -0.88561006608120318
 -0.97852825047564906
 -0.62302533315261921
 -0.13499801673067219
 0.52709597262535235
 0.94764255991038049
 0.97757679069033354
 0.7321246402313728
 0.28043073238907928
 -0.39525761693508338
 -0.80964165812629452
 -0.99799493988328547
 -0.72900630000091904
 -0.12594267756543712
 0.534835532261557
 0.95051960352096865
 0.97561272956226286
 0.61225090867551668
 0.12141102097190457
 -0.53868862145428353
 -0.89394552532936078
 -0.97460016917982983
 -0.72272407480947987
 -0.11687683236262683
 0.4078046943816232
 0.81760638753376536
 0.99703417447419029
 0.81721787306131521
 0.26285100805909306
 -0.26790424016846759
 -0.72319004198412096
 -0.97475099015488875
 -0.95172159376741927
 -0.66058930444052788
 -0.03100736960251144
 0.61278402605769577
 0.93086446592366345
 0.9503098621214513
 0.5342655367518574
 -0.12661172060870704
 -0.61638647735605456
 -0.93252327229805121
 -0.98596540036085667
 -0.65370493758158688
 -0.021877151972351568
 0.49280821003958597
 0.93416263098438557
 0.98519270874744136
 0.65024226875192148
 0.017311311182923683
 -0.49677673522365212
 -0.93578250779400085
 -0.94595587526113267
 -0.64676603917887232
 -0.012745109367646898
 0.62711640397435597
 0.97959507615814501
 0.88316376227426374
 0.38201314970538847
 -0.14470947024985625
 -0.63066698845287272
 -0.98050268395307083
 -0.94295452778891731
 -0.51482631406600432
 0.1492265986468464
 0.74489481655070955
 0.98138984345368674
 0.87884280898254086
 0.37355659917449718
 -0.15374061493672009
 -0.74793387261845989
 -0.98225653615836761
 -0.93987451980311765
 -0.50697489923478045
 0.1582514249800219
 0.64123953205676343
 0.9831027439923048
 0.93830509815306196
 0.62918402735208534
 -0.010087981973328627
 -0.52036743992919077
 -0.94509078595567964
 -0.93671610823552076
 -0.62562796553631705
 -0.13829850545761893
 0.38799006792188778
 0.88618295094858357
 0.97827295958773519
 0.73439005846064775
 0.28362722468448237
 -0.24703426848143711
 -0.70810545029073779
 -0.99564197502935825
 -0.82691484959557615
 -0.27924509506351897
 0.39639172952169083
 0.89037777807928542
 0.97633862757189327
 0.61488179360742934
 0.12471743714137844
 -0.40058020401269867
 -0.8924473602973515
 -0.97534090919269134
 -0.72502274927095844
 -0.27046345643873931
 0.40476032444000531
 0.81568351013060969
 0.996826148420485
 0.81913351355534125
 0.41022955169625069
 -0.11423733350010555
 -0.72088496686581061
 -0.99717930598945514
 -0.8165054964834555
 -0.26165925596843598
 0.26909386979366645
 0.82093309710364448
 0.99657089777049301
 0.81386045126370754
 0.40188301863227083
 -0.27348932174976931
 -0.82353223714346102
 -0.99618264199878725
 -0.81119843305825856
 -0.39769713668888385
 0.27787907011093738
 0.73031198170342548
 0.97701376738129042
 0.88894197826965471
 0.39350296080787661
 -0.28226302332939512
 -0.82867893930670933
 -0.99534381309045672
 -0.80582370010764326
 -0.24398610906956891
 0.42966074223207928
