# Created by Octave 8.4.0, Thu Dec 11 09:16:06 2025 IST <gamana@Samsung>
# name: iq
# type: matrix
# rows: 2048
# columns: 1
 0.99706007033948296
 0.8958330830115131
 0.54224716769547932
 0.035908561572159783
 -0.48054559651702428
 -0.92906155275357227
 -0.95182505386520067
 -0.6608424346775631
 -0.031344426666491253
 0.61251750219373202
 0.9307412043625467
 0.95041478686084535
 0.5345505649007124
 0.026779638075654512
 -0.48853519495787168
 -0.86622816469789188
 -0.99990200276958874
 -0.85190037886372305
 -0.46391580451806957
 0.20668027481499857
 0.67824652386242867
 0.95874864621098477
 0.92013878115657166
 0.45986541708857864
 -0.059314559022868391
 -0.68159522404935846
 -0.96003675884366646
 -0.96803299318482094
 -0.58645480711822251
 0.06387260574650877
 0.5655575416944385
 0.9613048499970458
 0.91652386521001739
 0.451735955545704
 -0.22006481733715735
 -0.79101851933410983
 -0.99947947189198894
 -0.74991820004097443
 -0.30576841154300655
 0.37077718740857579
 0.8774101499200383
 0.98196046852828767
 0.63651683455885644
 0.15218691789985109
 -0.51225682209534928
 -0.94195336044907441
 -0.98108672759545423
 -0.6329880670983572
 0.0051841873744737305
 0.51617351493844721
 0.9434767811546485
 0.93842165869421512
 0.50332471182795113
 -0.0097507775814606734
 -0.64447925512746196
 -0.98386817811504812
 -0.87238892007601454
 -0.36112805074835524
 0.16693057028402239
 0.75673679541218208
 0.98467487951336408
 0.9352270289765664
 0.62232285500886353
 -0.018883252709112678
 -0.65143590665126416
 -0.98546104560661119
 -0.86788805486487475
 -0.35259602275589552
 0.17592877097638684
 0.65489389015789878
 0.94937339120327868
 0.93195438336710679
 0.6151476976129181
 0.12505201810772687
 -0.40027119857025584
 -0.81283679053972591
 -0.99642376475119299
 -0.82193656840597684
 -0.41469690979581653
 0.25996060960367884
 0.71747761179131575
 0.97287896944569174
 0.89730870389519868
 0.54504354703316671
 -0.11390231364833965
 -0.60625506401228335
 -0.92782390279400195
 -0.9880219015039563
 -0.76989109921219223
 -0.33487961217098988
 0.19446848906226558
 0.77474182782419287
 0.99998138620148591
 0.76696871253595067
 0.18248437222101171
 -0.48562539556399231
 -0.86455865896230799
 -0.99994309558021077
 -0.76403033079695037
 -0.17799244441910247
 0.35063314737503665
 0.78048430577675221
 0.99988395123660889
 0.8512529665268137
 0.46282140941885924
 -0.055988358703845706
 -0.67915351091042064
 -0.99108925768113243
 -0.91965447150011992
 -0.458768420102943
 0.21235319707962388
 0.68249837391928281
 0.96038166485395848
 0.91785140651800046
 0.58545405011465856
 0.088132491563609597
 -0.56657560757064096
 -0.96164433703970265
 -0.91602919982827036
 -0.4506338234743309
 0.22126935221527527
 0.79177346594786169
 0.99943886783086799
 0.84152583106705137
 0.30459234863209911
 -0.37192385559131702
 -0.79455462137295907
 -0.99335691254234948
 -0.83905004463376487
 -0.4424616353320619
 0.23016704923830103
 0.69573479843258723
 0.96531192032584046
 0.91044811152414251
 0.57054813287203821
 0.069922994692288284
 -0.45039966562289363
 -0.84384335826177637
 -0.99957378788416562
 -0.78913692405411384
 -0.3636745572016995
 0.16423604820363752
 0.7549478544265199
 0.99969668159732372
 0.78632374567415608
 0.21260949086681319
 -0.45853535123706013
 -0.91955143387160576
 -0.99112415953073163
 -0.7834941685839707
 -0.35515146651018259
 0.17323849331905522
 0.76090585590764914
 0.98577106854626595
 0.86697529797926964
 0.35087876671096063
 -0.17773434348514575
 -0.6562791438151202
 -0.94994809580360839
 -0.93128767720556305
 -0.61370033579439642
 0.029847866612347472
 0.53714215561870826
 0.89312185138248557
 0.97500936502297297
 0.72399073590500151
 0.1186985440550069
 -0.54098853304387418
 -0.89516671019734817
 -0.9739846416439677
 -0.72083302870849542
 -0.26462053999945312
 0.26613636670920432
 0.81917649590739106
 0.99682017986520099
 0.71766028860472586
 0.10962484661941579
 -0.5486473611136512
 -0.89920037971003641
 -0.97187427959669481
 -0.71447258176090922
 -0.10508452125710538
 0.41860992106483791
 0.90118910628606363
 0.97078868493983261
 0.7112699746563621
 0.10054200436666021
 -0.42275288344574552
 -0.90315903864523062
 -0.99563498366487102
 -0.70805253408118418
 -0.095997390681856934
 0.56004959012291766
 0.90511013570477716
 0.99519837909198194
 0.70482032713478615
 0.24253382409876054
 -0.43101227257150254
 -0.83205784055189824
 -0.99871016201380958
 -0.80221808549423934
 -0.38370785527361939
 0.29244531029783893
 0.8345822651241197
 0.99426291516930421
 0.79948325508046658
 0.37948670914245436
 -0.14741240706340067
 -0.74366963050838819
 -0.98103592407932882
 -0.87971658210087067
 -0.51248206157902254
 -0.00087977196516395852
 0.63631452355382023
 0.981910840626954
 0.94049945024301207
 0.63414647918112677
 -0.0036869410735316153
 -0.51489055655288429
 -0.88104792251660446
 -0.98048795545716472
 -0.74178997201371843
 -0.14463532063038551
 0.51880002299952621
 0.88319891056935484
 0.99879795529096516
 0.73871965688208541
 0.14011512559396239
 -0.5226986699188424
 -0.94598017464972417
 -0.97865164003263161
 -0.73563393581916581
 -0.13559200846936478
 0.3905068220229197
 0.80659868263811108
 0.99546921963032331
 0.90391302325552925
 0.55772175493586962
 0.054418557105745877
 -0.59409945894557603
 -0.970365004227011
 -0.9573431522354271
 -0.55392544587614156
 0.10333455741059976
 0.7132403876757174
 0.97145840219953794
 0.95601360429414595
 0.55011758475158845
 0.04529650493705354
 -0.60142144191066849
 -0.92554488003732771
 -0.95466411877607582
 -0.54629825097485496
 0.1124146696063112
 0.60506365761878733
 0.97358439673447417
 0.95329472382463132
 0.54246752419775235
 -0.11695125643708382
 -0.72277586517827686
 -0.97461694895946094
 -0.9519054479984026
 -0.66103926179696526
 -0.031606579698358631
 0.48431599538613296
 0.86380526864144591
 0.98681473911223938
 0.76499547748818508
 0.17946559704239815
 -0.34923055048859636
 -0.86609708556551335
 -0.99990564019671446
 -0.76204637929906172
 -0.3233566452854974
 0.35350608027650443
 0.78239957707987662
 0.99983247997102931
 0.75908138870197783
 0.1704730818139559
 -0.49625634944937436
 -0.87062648486684047
 -0.98450477561973526
 -0.64722315768840744
 -0.16597144449530166
 0.36203493382883944
 0.8728639727838754
 0.99962360723391863
 0.75310397795260287
 0.3103625522847524
 -0.36628807972477462
 -0.79085802944057393
 -0.99948789907851565
 -0.84233373325760386
 -0.30601812220757368
 0.37053358671614267
 0.7936446050741407
 0.99933134669386681
 0.74706374387085395
 0.15244614050682256
 -0.5120315473723116
 -0.94186526817621741
 -0.98113746362030607
 -0.74402022533661394
 -0.14793122191009037
 0.37900132998757796
 0.7991680444144863
 0.99420666880394015
 0.90917422426779237
 0.43560076978030499
 -0.086379658688501032
 -0.70119952048348844
 -0.99468715569620947
 -0.90726309490466162
 -0.56426023670636294
 -0.062303538622137125
 0.5877275347374693
 0.91896202514489145
 0.95959555493752691
 0.56048409449701031
 0.057745055301892521
 -0.5914161401871515
 -0.96955452460525537
 -0.90338411376138905
 -0.55669626344285916
 -0.053185367713742382
 0.59509241170698868
 0.92252538257895755
 0.99008012278011326
 0.77872625473123713
 0.20067004565239421
 -0.32891195782272448
 -0.85509928273339597
 -0.99996910253138693
 -0.8631445581430458
 -0.4831695435136964
 0.18524369092832746
 0.7687670104067964
 0.98774885039587357
 0.86082956821913825
 0.47916623207818182
 -0.18972942720639832
 -0.77167953460243732
 -0.98845119397121139
 -0.85849662577286689
 -0.33512673965938639
 0.19421120669451822
 0.66883926026355789
 0.98913292348678583
 0.92504810217897204
 0.60037439234906187
 -0.046605037363985337
 -0.55121100671340062
 -0.90053914430225124
 -0.97114684364983439
 -0.71232163022430739
 -0.25283322809198039
 0.27787907011093738
 0.73031198170342548
 0.99811397490226272
 0.88894197826965471
 0.52935229899733338
 0.020642452992762857
 -0.62094459040458649
 -0.9779770926331931
 -0.94703109187740431
 -0.6493035269555244
 -0.016076505177411264
