# Created by Octave 8.4.0, Thu Dec 11 09:16:06 2025 IST <gamana@Samsung>
# name: iq
# type: matrix
# rows: 2048
# columns: 1
 0.99706007033948296
 0.81741217677477895
 0.2631763561998442
 -0.41166286191191009
 -0.82003431881388944
 -0.99669975492155383
 -0.71661680183738552
 -0.10813648706951674
 0.41582037352034329
 0.82263935911185238
 0.9977183133033527
 0.89173695753970295
 0.5345505649007124
 0.026779638075654512
 -0.48853519495787168
 -0.86622816469789188
 -0.99990200276958874
 -0.7618765189682617
 -0.17471292102219657
 0.49251475324559779
 0.93404224138678449
 0.94753482023462876
 0.65049842763434806
 0.17021463217652491
 -0.49648404018293579
 -0.87075548362775734
 -0.98445874839776404
 -0.7559288889967074
 -0.16571279352017626
 0.50044297299076146
 0.93726536135324057
 0.98364649651042202
 0.64353447266247155
 0.0085158509884466927
 -0.63040525104876677
 -0.98043636236127607
 -0.94306674230411036
 -0.64003232751865924
 -0.0039492221486906965
 0.50832944618280662
 0.8774101499200383
 0.98196046852828767
 0.63651683455885644
 0.15218691789985109
 -0.37501452045592854
 -0.79657321781796253
 -0.99373479575595003
 -0.91095823285371369
 -0.43947131954170243
 0.082090521919315831
 0.69812411955698905
 0.99423482618450487
 0.90906497418168908
 0.56780872985143183
 0.066599024229182319
 -0.45337183085077554
 -0.84562645019083471
 -0.99187874960179634
 -0.68359193739244539
 -0.062041763045416379
 0.5879397169116356
 0.91906542379149492
 0.95952171996815627
 0.56026686158099936
 0.057483207986331115
 -0.46149364166221007
 -0.92085560177722303
 -0.99067573919877039
 -0.78141948139773487
 -0.20488505504967391
 0.46554015275120081
 0.85285967026973009
 0.99004323693862828
 0.67352883541892117
 0.20041309089354509
 -0.3291596362235587
 -0.85523523768182264
 -0.98939008741680945
 -0.77568764392683509
 -0.19593694714062365
 0.47360396434939761
 0.85759296924080952
 0.98871630425468959
 0.66674975226285726
 0.039237950724844595
 -0.60625506401228335
 -0.92782390279400195
 -0.9880219015039563
 -0.66333931775948618
 -0.18697249432793983
 0.34206505440574203
 0.862254728491333
 0.99998138620148591
 0.85601021937775568
 0.33057309196900747
 -0.34635271246754379
 -0.86455865896230799
 -0.99994309558021077
 -0.85364049424972288
 -0.46686474663636957
 0.051428232491258427
 0.6757944842168484
 0.99047064063879786
 0.92143835717186395
 0.46282140941885924
 -0.055988358703845706
 -0.55902603440189202
 -0.9045843610622607
 -0.99531849785788795
 -0.70569586549307994
 -0.092680508055636157
 0.429897566468319
 0.83137217755029091
 0.99864669548498619
 0.88459937535560251
 0.52135769715095059
 0.011247956082341949
 -0.62828195559010802
 -0.93790331511077729
 -0.98331443318542888
 -0.7517228585266672
 -0.15939674058782213
 0.36823831622717579
 0.87609610931798187
 0.9824734317532009
 0.74870337284051514
 0.30402127670330764
 -0.2263045458482901
 -0.69287968350990514
 -0.99342572139859497
 -0.83872373119254717
 -0.29966756480902224
 0.37671448817543773
 0.79768089846240808
 0.9990655247378426
 0.74261762234268391
 0.29530760337493717
 -0.2351914734962077
 -0.6994363906929727
 -0.96664793069210975
 -0.9615517828446648
 -0.56629770197952101
 -0.064768503918316747
 0.45500618041280882
 0.84660422771807708
 0.99164375835976593
 0.68225186464677556
 0.21202365503335402
 -0.4590680336976013
 -0.91978685548894856
 -0.99104428369290198
 -0.67890595335821213
 -0.055651663500177161
 0.46312031316029723
 0.8514298767049846
 0.99988903171155696
 0.78027343914827174
 0.35031731564544222
 -0.1783242704825769
 -0.65673136249930986
 -0.95013521478378304
 -0.93106911980553142
 -0.48533058049533734
 0.18281592046248438
 0.66016837953679552
 0.95154938063428185
 0.92939328129582277
 0.48133270865788846
 -0.035011369006196995
 -0.54149263660292424
 -0.9529437020089786
 -0.92769806037374358
 -0.47732479867057148
 0.039574909776025805
 0.54532624471903801
 0.95431814982942342
 0.97280090994462021
 0.71724266907984957
 0.2596349677644772
 -0.41500374368247817
 -0.89946252330987009
 -0.99639521405824028
 -0.71405300238203884
 -0.25522216160828837
 0.41915429501371138
 0.90144878500030279
 0.99599741848162138
 0.80997052335894038
 0.39577244673708739
 -0.12991594239927848
 -0.73174270439393807
 -0.97745859982628591
 -0.88797966488985158
 -0.39157449206599887
 0.28427390587818346
 0.82985072709325425
 0.99850087127598641
 0.88587025652170326
 0.52368727256847247
 -0.13896643493271216
 -0.73793727806691978
 -0.99874042183395029
 -0.88374237340992023
 -0.38315417169083399
 0.1434873811730655
 0.62970809852713572
 0.93853811251994479
 0.98297906068894725
 0.6407218594334867
 0.15758544581541206
 -0.50755612643698156
 -0.87697910545821811
 -0.98212982640030599
 -0.63720898469723852
 -0.00028026810314381957
 0.63677688436544455
 0.98202417657034946
 0.94029557266769315
 0.50803901515625172
 -0.0042864402721787022
 -0.51540439232474189
 -0.94317884957564335
 -0.9387314485023539
 -0.5041002585096872
 0.16154030008025003
 0.64379255078461561
 0.98370717741206704
 0.87282740331773245
 0.50015098889807286
 -0.16604534267755786
 -0.75614960898846761
 -0.99974017928601222
 -0.78518905320560317
 -0.35770425901355962
 0.17054692241431579
 0.650754512543403
 0.94764255991038049
 0.9339217455717761
 0.61944675186580489
 -0.022551427497307118
 -0.53097128912241753
 -0.94909097831870182
 -0.97660494362994621
 -0.72900630000091904
 -0.27604434499882413
 0.39944833561707799
 0.81231352710963023
 0.99769548936931174
 0.8224475807887246
 0.27165220072888396
 -0.40363072384035797
 -0.89394552532936078
 -0.99737523200663469
 -0.72272407480947987
 -0.11687683236262683
 0.5425304763448201
 0.89598288993909425
 0.99703417447419029
 0.81721787306131521
 0.26285100805909306
 -0.26790424016846759
 -0.82022726859247486
 -0.99667232388470672
 -0.71638156055294167
 -0.25844214320731507
 0.41612703440426646
 0.82283104388607065
 0.99774102377887197
 0.81191999367161027
 0.25402788856811498
 -0.27669251862572475
 -0.82541765911308806
 -0.99803740086770543
 -0.80924562749002904
 -0.39463800471769866
 0.13114035477173422
 0.61997607397048027
 0.97771859182372267
 0.94742697280711508
 0.52652270811644564
 0.017311311182923683
 -0.62355274104028446
 -0.9786670389969816
 -0.88529663390267133
 -0.52263478249728768
 0.14018932395002348
 0.73877016397742057
 0.97959507615814501
 0.88316376227426374
 0.38201314970538847
 -0.29419909994775784
 -0.74184022576927944
 -0.98050268395307083
 -0.88101247234590618
 -0.37778881381560825
 0.1492265986468464
 0.6342044204286742
 0.98138984345368674
 0.94142434045552237
 0.63625671236885806
 -0.00095470993008341055
 -0.63772862612896031
 -0.98225653615836761
 -0.93987451980311765
 -0.50697489923478045
 0.1582514249800219
 0.75095733059333059
 0.9831027439923048
 0.87444854332560251
 0.36506888685045302
 -0.16275893470427472
 -0.64473706499241601
 -0.98392844930791656
 -0.93671610823552076
 -0.49908119296237063
 0.16726305010571701
 0.75695720037518566
 0.99976756718698545
 0.78442368682047992
 0.20960920998794641
 -0.32027309532488762
 -0.75993348705546881
 -0.98551828393206375
 -0.9334795565583065
 -0.4911458537354722
 0.17626072228136108
 0.76289392539196699
 0.98628238008474745
 0.86544154726569933
 0.34800281151606666
 -0.18075409140989987
 -0.65859201221444852
 -0.95090254255329998
 -0.97534090919269134
 -0.72502274927095844
 -0.27046345643873931
 0.26028622188069594
 0.71771247291264939
 0.996826148420485
 0.8971598023399584
 0.41022955169625069
 -0.11423733350010555
 -0.72088496686581061
 -0.99717930598945514
 -0.8165054964834555
 -0.26165925596843598
 0.26909386979366645
 0.72404242682852316
 0.97502601079265327
 0.8930881406545097
 0.40188301863227083
 -0.12330609336432669
 -0.72718478695228606
 -0.97603006659610958
 -0.9499246819238828
 -0.65622259989165388
 -0.025207970311606029
 0.61735848295232298
 0.93296852388111462
 0.94848777721381872
 0.52935229899733338
 0.020642452992762857
 -0.62094459040458649
 -0.9779770926331931
 -0.94703109187740431
 -0.52547237649733447
 0.13688971055489954
