# Created by Octave 8.4.0, Thu Dec 11 09:16:06 2025 IST <gamana@Samsung>
# name: iq
# type: matrix
# rows: 2048
# columns: 1
 0.99706007033948296
 0.81741217677477895
 0.40749676511192734
 -0.26757933088703667
 -0.82003431881388944
 -0.99669975492155383
 -0.71661680183738552
 -0.10813648706951674
 0.54989853666459632
 0.95593663795513129
 0.97152058492562143
 0.59797692748566744
 0.10359543274975808
 -0.55370705885596561
 -0.9018370479926181
 -0.99591677378527643
 -0.710216724570086
 -0.24993486888935224
 0.28075440618218883
 0.73235430365016874
 0.97764774684509548
 0.94753482023462876
 0.65049842763434806
 0.17021463217652491
 -0.49648404018293579
 -0.93566355795921996
 -0.94606518067421075
 -0.64702319695337762
 -0.16571279352017626
 0.50044297299076146
 0.87299192731282182
 0.98364649651042202
 0.75293139567673473
 0.31011321061357677
 -0.22006481733715735
 -0.68824991106358091
 -0.99267257301273648
 -0.84219234522037123
 -0.44765705097149988
 0.22451727661408843
 0.79380414593267479
 0.99932172244443662
 0.83972129973922371
 0.30141723570001927
 -0.22896505360363265
 -0.69484718481991314
 -0.9649887322131383
 -0.96328999306189333
 -0.69022950739697697
 -0.22272925180653891
 0.3075145173729773
 0.84318003849283296
 0.99953697267526553
 0.87432127497765744
 0.50280659161546182
 -0.1630177147739201
 -0.75413739896883958
 -0.98397524954642002
 -0.93662425339424948
 -0.49885389310436667
 0.16752163237433296
 0.64842084563481195
 0.98477925608846884
 0.93501460739056352
 0.49489079104069511
 -0.019482646357389975
 -0.52836776250192941
 -0.88841005886559066
 -0.97726040292067717
 -0.73110392955089265
 -0.27899323612809723
 0.39663251303703095
 0.81051952955911122
 0.99789905398277001
 0.72798059751291655
 0.2746049511819631
 -0.2561277524118542
 -0.81318585042005176
 -0.99647424175558452
 -0.89905278190790505
 -0.41415131091223267
 0.10996002894475143
 0.71789508624863763
 0.97301746871639383
 0.89704391948377393
 0.54454082034982465
 0.038638901418714747
 -0.6067317227218294
 -0.97406100526838946
 -0.95265931830368522
 -0.66289057852064825
 -0.18638352895506891
 0.48215357236133188
 0.92973861019853599
 0.98721150054603468
 0.76658388232805563
 0.33000723250375069
 -0.19953346721139156
 -0.7779979636358787
 -0.98991646645563824
 -0.92297246351408135
 -0.59602428583060985
 0.052026933857566293
 0.67623625119079023
 0.99055302875026752
 0.85093822053706958
 0.32137181495173944
 -0.35546668344393723
 -0.78370367285990949
 -0.99979190436578935
 -0.75771473591924188
 -0.31704400784765441
 0.35973142613265052
 0.7865320410317943
 0.999688319633386
 0.75472666710096414
 0.31270958881960326
 -0.2173987400559155
 -0.78934400614948819
 -0.99956388649198535
 -0.7517228585266672
 -0.15939674058782213
 0.36823831622717579
 0.87609610931798187
 0.9824734317532009
 0.63862173069241412
 0.0021147486843296568
 -0.50990837753160867
 -0.94103251339940608
 -0.9816119409268943
 -0.74566827301361671
 -0.15037354922751256
 0.37671448817543773
 0.88046307274605584
 0.98072997867282441
 0.63156681724073349
 -0.0070186351243288854
 -0.6423877224089799
 -0.98337572251258365
 -0.93778628091338123
 -0.62801956676063164
 -0.14133781382581198
 0.52164543106267169
 0.88475658864781193
 0.99862910069091138
 0.73646992327589755
 0.13681547761836058
 -0.38936960356123135
 -0.80586807279352213
 -0.99837964680481783
 -0.73337300308974884
 -0.13229028813657909
 0.39357185195279359
 0.80856359383003795
 0.99578049057298412
 0.82607197240836805
 0.42132756391753479
 -0.2529057306336317
 -0.71237422369576531
 -0.99618918079676655
 -0.82348972479342486
 -0.41718158624638879
 0.25732133973037058
 0.81390399247921841
 0.99750638142641856
 0.72399073590500151
 0.1186985440550069
 -0.40612900000404117
 -0.81654875871836308
 -0.99717367862900375
 -0.72083302870849542
 -0.1141628857655048
 0.54482362820236752
 0.89719290039186705
 0.99682017986520099
 0.71766028860472586
 0.10962484661941579
 -0.5486473611136512
 -0.95549601106452198
 -0.97187427959669481
 -0.71447258176090922
 -0.25580176557114981
 0.41860992106483791
 0.82438066428653922
 0.99792084509802448
 0.81032196923136679
 0.25138433026619494
 -0.42275288344574552
 -0.82695698694418485
 -0.99563498366487102
 -0.70805253408118418
 -0.24696165236387882
 0.42688702935371275
 0.8295160634890768
 0.9984678775029745
 0.80493618572279035
 0.3879209992123559
 -0.13837272295586953
 -0.7375325586554845
 -0.97922473141210453
 -0.94506629297245326
 -0.52030344573097032
 -0.010013047761816983
 0.62924227162023949
 0.93833100971718231
 0.94356367941495367
 0.51639813837311055
 0.005446466656266781
 -0.50703949142794102
 -0.93990010998605222
 -0.98224247935955056
 -0.63767090251296954
 -0.00087977196516395852
 0.51097035211053232
 0.94144960872359518
 0.94049945024301207
 0.50855529701815605
 -0.0036869410735316153
 -0.63983078090230217
 -0.98276527951328996
 -0.93893789853280041
 -0.50461792658281668
 0.0082535772213779592
 0.64333369463803269
 0.98359922291909652
 0.93735676535810908
 0.62705803109328695
 -0.012820041241621906
 -0.5226986699188424
 -0.94598017464972417
 -0.97865164003263161
 -0.73563393581916581
 -0.13559200846936478
 0.3905068220229197
 0.88744558510144256
 0.97770285810336988
 0.73253287317743021
 0.28100613039472744
 -0.24968090147450372
 -0.71003205735290709
 -0.99589306163665337
 -0.82537535260802997
 -0.27662050554376355
 0.39889866518032613
 0.81196373785045661
 0.99629613438374887
 0.89996885312693931
 0.55011758475158845
 0.04529650493705354
 -0.60142144191066849
 -0.97253154049542179
 -0.89796859424785269
 -0.54629825097485496
 -0.040734014305628702
 0.60506365761878733
 0.97358439673447417
 0.95329472382463132
 0.66445900241171152
 0.18844314139406976
 -0.48031556574649814
 -0.92896449571977835
 -0.9519054479984026
 -0.66103926179696526
 -0.031606579698358631
 0.61231015769750341
 0.93064526108400769
 0.95049632027062791
 0.53477221143632692
 -0.12601701851596336
 -0.61591429094295513
 -0.93230661792593683
 -0.94906737002852937
 -0.53090778593700405
 0.13054600469839833
 0.73217568374252728
 0.99827797602498924
 0.88768724200696714
 0.3909896837275314
 -0.13507226835580494
 -0.73527850449167176
 -0.9985354528649969
 -0.8855752601742819
 -0.386782433394182
 0.28925760604766027
 0.83274223452308671
 0.99877210533894034
 0.80148015353013036
 0.38256711674833077
 -0.29362607469684976
 -0.74143807910168669
 -0.99898792851145068
 -0.88129593516468974
 -0.51534017297971846
 0.14863378052513182
 0.74449470450516952
 0.98127454676752734
 0.87912868123273025
 0.51142119782764928
 -0.00035520609580435376
 -0.5120315473723116
 -0.87946703079104571
 -0.99915395334485979
 -0.83737614173914277
 -0.29731020684864817
 0.23315300908548614
 0.7991680444144863
 0.99420666880394015
 0.83487112493613869
 0.29294690316968425
 -0.23759142540159833
 -0.70119952048348844
 -0.96727755929629
 -0.96087054195295962
 -0.56426023670636294
 0.090928394588826081
 0.70444811049079614
 0.99514689847830351
 0.82980891045096694
 0.4273613382131789
 -0.095475234185722443
 -0.5914161401871515
 -0.96955452460525537
 -0.95830055564405059
 -0.55669626344285916
 -0.053185367713742382
 0.59509241170698868
 0.9706626890687553
 0.9014163428770583
 0.41908625650456766
 -0.10456284521516176
 -0.59875627262871844
 -0.92427822099980073
 -0.9556506286681602
 -0.54908585102167817
 -0.044062760124450776
 0.60240764654280876
 0.92601178368240689
 0.98875556026373002
 0.66694520403006563
 0.039500030374461016
 -0.47739064736666098
 -0.85979891506325046
 -0.99999919043919605
 -0.77005845524957273
 -0.187230145560146
 0.4813983933060807
 0.86212185909528127
 0.98734851654820388
 0.76713698908029604
 0.33082061813699404
 -0.34610665174172517
 -0.77745624266941105
 -0.999945859213213
 -0.8537770782998112
 -0.32650759738066742
 0.35038750391824242
 0.86671376067056971
 0.98585910900799767
 0.65322391081068121
 0.02124182547795625
 -0.49336106072996849
 -0.93438920976822137
 -0.98508355736215503
 -0.64975935062759882
 -0.16925605113976636
 0.35892719724832056
 0.78599955294768586
