# Created by Octave 8.4.0, Thu Dec 11 09:16:06 2025 IST <gamana@Samsung>
# name: iq
# type: matrix
# rows: 2048
# columns: 1
 0.99706007033948296
 0.71979445629436789
 0.11267528621267162
 -0.41166286191191009
 -0.82003431881388944
 -0.99739959216031482
 -0.89379434027545168
 -0.40332217000396425
 0.12174574039319934
 0.72610466550790553
 0.9977183133033527
 0.89173695753970295
 0.39913916364882279
 -0.126277206267076
 -0.6161208997466926
 -0.97667740455693652
 -0.94898469904253735
 -0.53068550131166847
 -0.022214290997900961
 0.49251475324559779
 0.93404224138678449
 0.94753482023462876
 0.52680937032475517
 -0.13533214306748165
 -0.62328907253604104
 -0.93566355795921996
 -0.94606518067421075
 -0.5229222527763302
 -0.013082302230897626
 0.62685369828083859
 0.97952724534565039
 0.88332189054261379
 0.3823247730738224
 -0.29387678624149521
 -0.83540614555488213
 -0.99899969140049327
 -0.79858297189933158
 -0.37810102247061
 0.14889314503908596
 0.63394365677250586
 0.94041029539182541
 0.98196046852828767
 0.63651683455885644
 -0.00061748905173052778
 -0.63746884165893469
 -0.98219323712585571
 -0.87681701130020206
 -0.36962995372724544
 0.15791844437680813
 0.75073460377554946
 0.99951855157608782
 0.79026236628191826
 0.36538281225045838
 -0.16242620102223765
 -0.75374355922055913
 -0.99964981960557098
 -0.87238892007601454
 -0.49937338518631758
 0.16693057028402239
 0.75673679541218208
 0.99976024002897124
 0.87014756089457157
 0.35686575795358699
 -0.31995361916473464
 -0.85015080695475087
 -0.99075723812089034
 -0.67733850237256721
 -0.20547180431535203
 0.46500949206638426
 0.8525464919069532
 0.99012744735315783
 0.77893777070989356
 0.20100039576986675
 -0.32859348091960006
 -0.854924397079591
 -0.98947700756754897
 -0.67059113056997532
 -0.19652479537939213
 0.47307587339161261
 0.85728447288167564
 0.98880593232892833
 0.77317776783661152
 0.19204509648218823
 -0.33720593166871321
 -0.8596266700940336
 -0.99999956267601298
 -0.7702735494564491
 -0.33544444112374322
 0.19388039544994554
 0.66858852978133054
 0.98908328766509801
 0.92517614296391726
 0.47142713767571365
 -0.046268180162347322
 -0.55092960969335636
 -0.95629846520908701
 -0.92343325734306048
 -0.4673948212957868
 0.20283232172097065
 0.78010937042434225
 0.99989290458098001
 0.76146475434962702
 0.32250698795280197
 -0.2073019864333841
 -0.7829583640356752
 -0.99100922600826868
 -0.91988974850086858
 -0.58963450652884386
 0.059948902360856322
 0.6820600815726392
 0.99160988806202044
 0.91808919917908804
 0.45523972468607232
 -0.2162282529416803
 -0.78860730660693079
 -0.99218987018173066
 -0.91626950319055256
 -0.58223320594591998
 0.069063291190749512
 0.68871079187901341
 0.99274916027192672
 0.91443069848484515
 0.57851430337155152
 0.079628654059893125
 -0.57358694006433752
 -0.96395014595207851
 -0.91257282341007628
 -0.44299918341678873
 0.078171918816064875
 0.57732175167932231
 0.96515521673914639
 0.96311919725086403
 0.68976954495290488
 0.22210969556110782
 -0.44986433135439413
 -0.91568318697947149
 -0.96188036757380457
 -0.56728551795522719
 -0.065964947481356728
 0.45393815108493785
 0.91750900165457205
 0.99179772524216159
 0.68312798938494734
 0.06140750055749996
 -0.58845363626893432
 -0.91931568176287859
 -0.959342554690928
 -0.55974037747164063
 0.096368851659118598
 0.59213982309746238
 0.92110318962624171
 0.99058896160240917
 0.78102278387113822
 0.20426302043608899
 -0.32544492650933948
 -0.76347403916016077
 -0.98643017256636134
 -0.93150589989614585
 -0.61417355727376055
 -0.12382663922268553
 0.40140262300969998
 0.8928520251403671
 0.97514237786239644
 0.7244041494288006
 0.26959904955817621
 -0.40558109087941591
 -0.8162025324656873
 -0.99721854071469085
 -0.72124842059896455
 -0.11475844965649423
 0.544320815873372
 0.89692797491782272
 0.99686777156496353
 0.81598685847420904
 0.40523994382358991
 -0.11966430631801073
 -0.72466136787698021
 -0.97522500136899581
 -0.95106475988945738
 -0.53632144128767723
 0.12419694968429182
 0.72780075185382342
 0.99788202688277594
 0.81067312387003299
 0.39687326926709543
 -0.27874135800008448
 -0.73092495761217069
 -0.97720475411549423
 -0.94820297322449965
 -0.52859042667655221
 -0.019744878889376392
 0.49466286186017294
 0.869722556749563
 0.99977873900851999
 0.75729988143405402
 0.16778020311875363
 -0.49862655892901125
 -0.87196734401615261
 -0.98402198209493885
 -0.64513795681808295
 -0.16327648362920538
 0.5025798571863066
 0.93812356967355703
 0.98319863295447774
 0.64164196467474266
 0.15876935902343889
 -0.36882906218473727
 -0.79252720497175122
 -0.99939673945465424
 -0.84085803344299925
 -0.30341582116580706
 0.22692348795870262
 0.79530388498163285
 0.99922771763834428
 0.83837750983358095
 0.44135378528429337
 -0.080000654696211773
 -0.69662135093078159
 -0.99400781605094846
 -0.9099366016055852
 -0.43725132659997279
 0.084551888970616357
 0.58253657800469949
 0.91641892573554706
 0.96137707243596526
 0.68512078785332353
 0.064134350968190881
 -0.45557197083872231
 -0.84694227072087613
 -0.991561577885683
 -0.68178712078250292
 -0.059576378176591699
 0.45963249696403663
 0.92003604147862239
 0.95882316854271554
 0.67843923510325732
 0.055017162925071701
 -0.4636834374954496
 -0.85176299094723662
 -0.99989829655683926
 -0.77987583156855622
 -0.34972204005644508
 0.32717899269765544
 0.85414673094241289
 0.99995299922151237
 0.86406943966609229
 0.4847748679069947
 -0.18344064817265887
 -0.66064556209724501
 -0.95174459425370317
 -0.92915854587502744
 -0.60910936462077547
 0.035646446504003219
 0.66406688989070484
 0.98817153428625504
 0.9274606306198625
 0.47676629402108173
 -0.19241132777952227
 -0.77341438789128647
 -0.98886154633826362
 -0.85709227829338019
 -0.47274705089475788
 0.044772471175195144
 0.67086792725114253
 0.98953093577264317
 0.85473074362827628
 0.32824098959001718
 -0.2013659565870686
 -0.77917174513612353
 -0.99017968862934225
 -0.85235138363122587
 -0.46467907137845199
 0.053894760962600277
 0.67761300134487346
 0.9908077913786828
 0.84995424792359497
 0.31960002313600977
 -0.21030378760737023
 -0.7848641044962863
 -0.99141523092163131
 -0.84753938649740079
 -0.3152694969780277
 0.36147603246699667
 0.78768576136543023
 0.99200199459009886
 0.84510684971438899
 0.45250463239040833
 -0.21922407525367402
 -0.79049099111966836
 -0.99950690302815837
 -0.84265668830487783
 -0.30658881036181568
 0.2236774077141763
 0.69093301377287253
 0.96355067000154482
 0.964733146222856
 0.69414733525730998
 0.22801809023772057
 -0.30234455038368657
 -0.84024909304288897
 -0.99935706938277469
 -0.87694309315205521
 -0.36987364886653651
 0.30669437559828905
 0.84271640179536644
 0.99951037938318776
 0.87473921650293274
 0.50355133254811568
 -0.0094885067303111005
 -0.51985540455118928
 -0.88377743994263036
 -0.97933096713068779
 -0.73788670264166656
 -0.13889222366261242
 0.38743745727073825
 0.8046248177948423
 0.99514689847830351
 0.90533304465219033
 0.4273613382131789
 -0.24645330073170391
 -0.70768200929684
 -0.96955452460525537
 -0.95830055564405059
 -0.6770903799978768
 -0.20514176692661742
 0.32459591128292553
 0.85272269244596266
 0.99992277691483245
 0.77872625473123713
 0.20067004565239421
 -0.46934537146098876
 -0.92427822099980073
 -0.9556506286681602
 -0.54908585102167817
 -0.044062760124450776
 0.47337294548867787
 0.85745804000306258
 0.99999457388324242
 0.86082956821913825
 0.33942587214412534
 -0.18972942720639832
 -0.66543736480437243
 -0.95368955510989162
 -0.97328447172790966
 -0.71870216652800389
 -0.26165925596843598
 0.26909386979366645
 0.82093309710364448
 0.99657089777049301
 0.81386045126370754
 0.40188301863227083
 -0.27348932174976931
 -0.82353223714346102
 -0.997823225944791
 -0.89102435057797791
 -0.39769713668888385
 0.27787907011093738
 0.82611420249337753
 0.995773610928675
 0.70910904562404031
 0.24841225888832305
 -0.28226302332939512
 -0.73342394586459891
 -0.99838390828355505
 -0.88684106715721245
 -0.38930057845837962
 0.13688971055489954
