# Created by Octave 8.4.0, Thu Dec 11 09:16:06 2025 IST <gamana@Samsung>
# name: iq
# type: matrix
# rows: 2048
# columns: 1
 0.99706007033948296
 0.8958330830115131
 0.54224716769547932
 0.035908561572159783
 -0.48054559651702428
 -0.86162858570636269
 -0.99998815874124891
 -0.76776059380909523
 -0.33173838777682652
 0.34519391021604329
 0.86393738386991581
 0.99995550774600939
 0.7648265315825612
 0.17920756624578818
 -0.48853519495787168
 -0.86622816469789188
 -0.98602164326815445
 -0.7618765189682617
 -0.17471292102219657
 0.49251475324559779
 0.93404224138678449
 0.985250469487432
 0.75891061748844191
 0.17021463217652491
 -0.35801914740060525
 -0.87075548362775734
 -0.99973243577145421
 -0.84708169348121221
 -0.31445154230134043
 0.21560776862847272
 0.6849297096298741
 0.9613048499970458
 0.966877464742528
 0.7000777311951929
 0.23606395286305812
 -0.43701543014966737
 -0.83573550265197849
 -0.99902631993877522
 -0.88088835778813113
 -0.37754595515819683
 0.2988109445787136
 0.74506978139404401
 0.98144017484354107
 0.87871764054369417
 0.37331329069111102
 -0.30316589222440382
 -0.74810794332050845
 -0.98230569151471603
 -0.93978491259906771
 -0.6325238404520197
 -0.14707886180448676
 0.51668688773089189
 0.88203781161932693
 0.98007362009303423
 0.62898014459081497
 0.14256028649333857
 -0.52059139660806109
 -0.88418034830145964
 -0.99869298312634636
 -0.83187074051656729
 -0.43070795804228468
 0.24286096286281719
 0.70505950685464613
 0.99523132916447776
 0.90496670557365255
 0.42658205447789677
 -0.096333048775079949
 -0.70829062570729828
 -0.96976519508238013
 -0.90301421626052403
 -0.42244725458354832
 0.25171070789058819
 0.71150697322336109
 0.99608070785101932
 0.82418973826910924
 0.2746049511819631
 -0.2561277524118542
 -0.71470848232620454
 -0.99647424175558452
 -0.89905278190790505
 -0.41415131091223267
 0.10996002894475143
 0.71789508624863763
 0.97301746871639383
 0.9540378449337561
 0.66630283315164507
 0.038638901418714747
 -0.4781477145899844
 -0.86023865239462738
 -0.99999772252318309
 -0.76950837226522373
 -0.3343146628608224
 0.19505651278163802
 0.77512074157576627
 0.99997754868073285
 0.76658388232805563
 0.33000723250375069
 -0.34691504748586588
 -0.86485977345968701
 -0.98647320061060673
 -0.76364340535372321
 -0.32569291987586835
 0.3511945275298724
 0.86714330313380428
 0.9857143278662881
 0.76068700266561096
 0.32137181495173944
 -0.35546668344393723
 -0.78370367285990949
 -0.99979190436578935
 -0.84853061319897349
 -0.4582356449188979
 0.061145710446713887
 0.56330213157844045
 0.90677461397837034
 0.9948059055471814
 0.70202611666406234
 0.23871808793087176
 -0.29183755858294247
 -0.74018166945770114
 -0.98001433309629538
 -0.88217830293203281
 -0.38007457143186141
 0.29620242279567877
 0.7432446358180318
 0.98091255458302051
 0.9422543971860986
 0.51302763845452037
 -0.15129955681067098
 -0.6358241714083338
 -0.94123516614937197
 -0.94071519142080873
 -0.63463770798433317
 0.0030514704809131319
 0.51434568859655982
 0.94276776507499982
 0.98061267846614775
 0.6311018954839811
 -0.0076181230326295875
 -0.51825665415879041
 -0.94428070266461939
 -0.93757795681005873
 -0.50122002201802085
 0.012184616709068757
 0.52215681152561511
 0.88503583050710721
 0.99859754065805273
 0.7360642443295411
 0.1362215865015968
 -0.38992172563436439
 -0.80622289134105818
 -0.99540859498610534
 -0.90418464341241633
 -0.42492214231189135
 0.24906550352207987
 0.70958443255447734
 0.99583532641194883
 0.82573396474510707
 0.27723112717140469
 -0.39831585799448649
 -0.8913303145526621
 -0.99777852259038047
 -0.72672165646975961
 -0.27284053070302011
 0.25790060966425687
 0.81425215763961789
 0.99746389138161906
 0.82054778761189784
 0.41248085455083544
 -0.26231014103096068
 -0.81689469149932292
 -0.99699087892641325
 -0.81792900324223472
 -0.26404235925702368
 0.26671420194354067
 0.81952018909452262
 0.9967722299032804
 0.81529316103758886
 0.40414350730827459
 -0.27111270055569336
 -0.82212859567070329
 -0.99639521405824028
 -0.81264031596820996
 -0.25522216160828837
 0.41915429501371138
 0.82471985682978322
 0.99599741848162138
 0.71084844417378734
 0.099945520160762913
 -0.55675851408126154
 -0.95832196740132169
 -0.96953617140151371
 -0.59135571103587237
 0.057819868091764065
 0.56054615396318941
 0.90536486845262365
 0.96840745536036532
 0.58766690383236808
 0.090853766772771322
 -0.56432210370605085
 -0.90729460854494737
 -0.99467943848793638
 -0.80186001883484936
 -0.23751863257405997
 0.43566822324319554
 0.9092054270907165
 0.96608945909027666
 0.58025259939119722
 -0.071491258666853949
 -0.57183861803164726
 -0.91109728423998393
 -0.96490022720293422
 -0.57652725677815253
 -0.0772021633450269
 0.57557902585817122
 0.96459493207099567
 0.9115748296758901
 0.57278989074160702
 -0.080598222732407257
 -0.57930743003644081
 -0.91482395692723983
 -0.96246141992976164
 -0.68800522698678646
 -0.068092886001361541
 0.45203678212348919
 0.91665869474579109
 0.96121189540502372
 0.68468396839564494
 0.063536069721895586
 -0.4561055667485257
 -0.84726086568929992
 -0.99148368207262383
 -0.68134843078258478
 -0.05897792840350171
 0.59041984438793671
 0.96925136938056977
 0.90391302325552925
 0.42434680629691318
 -0.098791221410575017
 -0.71003205735290709
 -0.99589306163665337
 -0.82537535260802997
 -0.27662050554376355
 0.2541003676522241
 0.7132403876757174
 0.99629613438374887
 0.82278845535517475
 0.27222911179731163
 -0.25851453458985668
 -0.7164338434351224
 -0.99667842946555951
 -0.82018439892390516
 -0.26783204073746153
 0.2629233102303789
 0.71961235803183343
 0.97358439673447417
 0.89594960831540404
 0.54246752419775235
 0.036170674170068154
 -0.60869325477939451
 -0.97461694895946094
 -0.9519054479984026
 -0.66103926179696526
 -0.031606579698358631
 0.48431599538613296
 0.86380526864144591
 0.98681473911223938
 0.65760573526850563
 0.17946559704239815
 -0.34923055048859636
 -0.77954738047339189
 -0.99026332165106024
 -0.85203770817596947
 -0.3233566452854974
 0.20642364779482933
 0.67805376596341482
 0.99088871254122568
 0.84963824263651433
 0.46009830557788145
 -0.21088984649677303
 -0.68140328042767151
 -0.95996331965004555
 -0.96809874646541105
 -0.58666723142977939
 -0.089623827187757507
 0.43266688414771959
 0.83307400675438814
 0.99880162570560704
 0.80112149333480798
 0.23631881496075158
 -0.29419909994775784
 -0.74184022576927944
 -0.99901471413331877
 -0.88101247234590618
 -0.51482631406600432
 -0.003612003576097977
 0.6342044204286742
 0.94052491117439774
 0.98189664881965666
 0.7466650879372424
 0.15185361630993485
 -0.37532710936530322
 -0.87975221252868729
 -0.9991291183794988
 -0.74361952882577431
 -0.29673775849055872
 0.23373594883195828
 0.79952826721899239
 0.9942709280307731
 0.83454098068776961
 0.29237364760094314
 -0.23817371995497297
 -0.80226282355669942
 -0.99870635429799859
 -0.83201627094256037
 -0.43094465135510163
 0.24260652398668919
 0.70487348511119874
 0.96857542285893772
 0.90507827123668394
 0.42681926135309134
 -0.24703426848143711
 -0.70810545029073779
 -0.99564197502935825
 -0.90312686476827797
 -0.42268497007417344
 0.25145686109895288
 0.81036587949062577
 0.99605747492512753
 0.82433824438349557
 0.41854186373866809
 -0.25587420960649715
 -0.71452501113115185
 -0.97189192478739406
 -0.89916758903474137
 -0.54858470737123244
 0.10969933265927975
 0.60288605549076435
 0.97295691831292452
 0.8971598023399584
 0.41022955169625069
 -0.11423733350010555
 -0.60652321135819354
 -0.97400162091040132
 -0.95273903001207627
 -0.5409255064241385
 -0.034337332617050374
 0.61014771823920522
 0.97502601079265327
 0.9513417760410976
 0.65966164416892148
 0.18215280322778285
 -0.34666904124527759
 -0.77783315318496116
 -0.9898792794040554
 -0.85346479989839097
 -0.46656650589086629
 0.20374948630750056
 0.78069508365013429
 0.9905170277556401
 0.85107595954585802
 0.32162017358082473
 -0.3552215182091768
 -0.78354073279034975
 -0.99979722047228137
 -0.75788587203879176
 -0.1686651663634062
