# Created by Octave 8.4.0, Thu Dec 11 09:16:06 2025 IST <gamana@Samsung>
# name: iq
# type: matrix
# rows: 2048
# columns: 1
 0.99706007033948296
 0.71979445629436789
 0.2631763561998442
 -0.41166286191191009
 -0.89785314323009247
 -0.99669975492155383
 -0.81477298767905471
 -0.40332217000396425
 0.12174574039319934
 0.72610466550790553
 0.9977183133033527
 0.89173695753970295
 0.5345505649007124
 -0.126277206267076
 -0.72923708866562187
 -0.97667740455693652
 -0.94898469904253735
 -0.53068550131166847
 -0.022214290997900961
 0.61971144815431445
 0.93404224138678449
 0.985250469487432
 0.65049842763434806
 0.017648480643128749
 -0.62328907253604104
 -0.97859770037839833
 -0.94606518067421075
 -0.5229222527763302
 0.13985542515412888
 0.62685369828083859
 0.97952724534565039
 0.94457581101048138
 0.5190242297318719
 0.0085158509884466927
 -0.63040525104876677
 -0.9388476181633828
 -0.98281373076484568
 -0.74991820004097443
 -0.30576841154300655
 0.37077718740857579
 0.79380414593267479
 0.9932140410785969
 0.91283249357463192
 0.4435688105502032
 -0.22896505360363265
 -0.69484718481991314
 -0.9649887322131383
 -0.91095823285371369
 -0.5715619408474234
 -0.071154896496347181
 0.44929670050794807
 0.91542760447624616
 0.96205395684648265
 0.68691788519972474
 0.21827493776079607
 -0.45337183085077554
 -0.84562645019083471
 -0.99187874960179634
 -0.78708613347960132
 -0.21381607161106853
 0.45743750616528306
 0.8480552264261183
 0.99977318748613397
 0.78426098528443078
 0.35630566381819206
 -0.32052155160483159
 -0.76010394507765244
 -0.99986002074606939
 -0.86759008943263682
 -0.3520349582153795
 0.17651889277400565
 0.65534683009168626
 0.98632564038788906
 0.8653101111236956
 0.48693370707140277
 -0.028613416223251562
 -0.536100052379056
 -0.89256565897215878
 -0.9975927809538645
 -0.82159495582841269
 -0.41415131091223267
 0.10996002894475143
 0.6030952912798444
 0.97301746871639383
 0.89704391948377393
 0.54454082034982465
 0.038638901418714747
 -0.6067317227218294
 -0.97406100526838946
 -0.89501634929027651
 -0.40582081906933309
 0.11903337424526578
 0.61035550082890577
 0.97508422786670002
 0.89297011361220469
 0.40164283463597866
 -0.1235663705437246
 -0.61396655002752176
 -0.976087115172108
 -0.89090525512361429
 -0.39745647397782563
 0.2781310138013558
 0.82626197125556577
 0.99813004161283114
 0.80836512406540517
 0.24815818877633955
 -0.28251463140679067
 -0.73360221314005569
 -0.998398779306784
 -0.88671984235211354
 -0.38905897338469098
 0.1371495197763625
 0.73669800137329189
 0.9789735583027539
 0.88459937535560251
 0.52135769715095059
 0.011247956082341949
 -0.62828195559010802
 -0.97989489953272035
 -0.94397197361676277
 -0.51745531617108087
 -0.0066814220535604723
 0.50597464915570589
 0.87609610931798187
 0.9824734317532009
 0.74870337284051514
 0.15488675998232163
 -0.37248028622255525
 -0.79491849299250317
 -0.99342572139859497
 -0.91208187615920255
 -0.5738017680491504
 -0.07387994139958845
 0.44685409141316507
 0.91432450995893599
 0.96279588184073128
 0.68890093284016052
 0.069324945541670138
 -0.58201994412750735
 -0.91616441098525458
 -0.99222255238622448
 -0.78876855654392963
 -0.36311603830396288
 0.31359919855606849
 0.84660422771807708
 0.99164375835976593
 0.78595322204321882
 0.35885725169557425
 -0.16932990746395193
 -0.64981631217011537
 -0.98509644967807575
 -0.93436251019496674
 -0.49329587643068734
 0.02131674650624427
 0.52992437655048663
 0.88925068386053163
 0.9768697701985396
 0.61682777125465127
 0.12716772590537276
 -0.5337916222166712
 -0.8913303145526621
 -0.97588306195568009
 -0.72672165646975961
 -0.27284053070302011
 0.40250050763492184
 0.81425215763961789
 0.99662647663178694
 0.89824805940904495
 0.54683040793766702
 0.041368952820961244
 -0.47574626322942415
 -0.85884229729190442
 -0.99999982119488862
 -0.77125040624345509
 -0.33688844224332515
 0.19237602954351787
 0.77339158582922674
 0.98885619194910468
 0.92575697488918363
 0.47277874749732191
 -0.19685542898778999
 -0.67084125212111589
 -0.95584903632520846
 -0.97159121435794105
 -0.59821595481748824
 -0.10389207661767016
 0.55345867533186877
 0.90170813972933395
 0.97050030191356751
 0.71042665820872652
 0.099349000033945797
 -0.42383917425996903
 -0.90367313077905664
 -0.99552236145793405
 -0.80692988855390591
 -0.3910227903042498
 0.2848486250599977
 0.73525412464411766
 0.97853628148425009
 0.88559196763026304
 0.52317645471332352
 0.01338052934698044
 -0.62662129028422675
 -0.97946715993414057
 -0.94467368355354686
 -0.51927914142955423
 0.14408065574513776
 0.74141394182623088
 0.98037761168548043
 0.88131293286243484
 0.51537099862649982
 -0.14859820973695104
 -0.74447068927212035
 -0.98126761775088112
 -0.94163844768396199
 -0.63674683786538955
 0.00031923585954923394
 0.63723901631627178
 0.98213715956934433
 0.94009135714542313
 0.50752255070260899
 -0.0048859379302577163
 -0.640751777342628
 -0.98298621900666272
 -0.87475664689714616
 -0.50358240926045261
 0.0094525381051465546
 0.51982467648521224
 0.94488291714801886
 0.93693839218237585
 0.62612358631238008
 0.13892784516962148
 -0.52372046921640902
 -0.88588833428059166
 -0.99849873758566077
 -0.73482122407441952
 -0.28423654559280548
 0.39161034781150611
 0.88799758481421553
 0.99823818571776068
 0.82727202701201186
 0.27985523359522341
 -0.25084175489269384
 -0.71087585142026699
 -0.99600090074167502
 -0.90143191572797576
 -0.55292679437222758
 -0.048660498608190064
 0.46931360890895563
 0.85508063289626457
 0.99996881912549695
 0.77587584210731353
 0.34375170438822139
 -0.18520834312093926
 -0.66199463213557996
 -0.98774323653133267
 -0.9284921669381585
 -0.60768200521349669
 0.037443756778691752
 0.66541051425670217
 0.95367873490877664
 0.97329272995718019
 0.60404888032206194
 -0.042006869504546129
 -0.54736485268445711
 -0.9550425787210467
 -0.97223421355003958
 -0.71554448751208999
 -0.25728368398136398
 0.4172170007304869
 0.82351183179259257
 0.99618578131998348
 0.71234687558984466
 0.25286802948918152
 -0.27784451634243812
 -0.73028740946622861
 -0.97700609874999833
 -0.88895845277678898
 -0.39353602883323785
 0.13232891330731239
 0.62091639457111547
 0.97796958457088667
 0.88685768751640215
 0.38933371078062429
 -0.28660662893612199
 -0.8312063964776738
 -0.99489688737652882
 -0.80313252905472288
 -0.23958979367442174
 0.29097876515275345
 0.8337366528649327
 0.99885958950556064
 0.80040330929193937
 0.2351535986418401
 -0.43785777931279007
 -0.83624952175009781
 -0.99906720821490014
 -0.88044459688942356
 -0.51379804132986961
 0.15041207377887536
 0.63513099580390497
 0.94093156766680375
 0.98166883004765981
 0.63533124769850835
 0.15066840439828766
 -0.37643819068639067
 -0.88032162733955266
 -0.98078820422864343
 -0.74281733416643192
 -0.2955925420331097
 0.2349015760978142
 0.69922319954094303
 0.96657150238804468
 0.96163364747631896
 0.68580064368420124
 0.065066128021649294
 -0.58548564104957779
 -0.96773231410377925
 -0.90650523946899408
 -0.42986238302334001
 0.092719308022253741
 0.58918168552607597
 0.91966977455000998
 0.9910840664461894
 0.78330693608139512
 0.20785031352226321
 -0.4628559520969362
 -0.92145349640436791
 -0.95778505928696145
 -0.6757657609550165
 -0.20338117444642889
 0.46689920659011724
 0.92321800142985255
 0.98982582367035443
 0.77759667450023651
 0.34631615638058649
 -0.33060986872416237
 -0.85603036345722139
 -0.9891657315232979
 -0.77471718879115714
 -0.19443026509906633
 0.33491632971244756
 0.85838208402743799
 0.99999888134761539
 0.771821546425556
 0.18994868149788283
 -0.3392158060511597
 -0.77282216028829276
 -0.99999528460882237
 -0.7689098077917732
 -0.18546313653424795
 0.48297401299739762
 0.93008312329877818
 0.95097163277874652
 0.65876004054756543
 0.18097372375373816
 -0.34779344626659309
 -0.77858613540928612
 -0.99004872142857403
 -0.92261154505489729
 -0.46550566488899814
 0.20492319599184455
 0.78144379692264598
 0.99068104744861074
 0.92084040740172146
 0.46145907131781477
 -0.20939085042749581
