# Created by Octave 8.4.0, Thu Dec 11 09:16:06 2025 IST <gamana@Samsung>
# name: iq
# type: matrix
# rows: 2048
# columns: 1
 0.99706007033948296
 0.71979445629436789
 0.2631763561998442
 -0.41166286191191009
 -0.82003431881388944
 -0.99669975492155383
 -0.81477298767905471
 -0.25876789299367536
 0.27197672523161615
 0.82263935911185238
 0.9977183133033527
 0.89173695753970295
 0.39913916364882279
 -0.126277206267076
 -0.72923708866562187
 -0.99801622712169602
 -0.80944368883232731
 -0.39494783328271993
 0.13080603864129745
 0.73235430365016874
 0.97764774684509548
 0.88756644408310237
 0.39074826631547099
 -0.28513450973044718
 -0.83035132807013867
 -0.99854960836650131
 -0.88545340033792985
 -0.38654055032865986
 0.28950866682443271
 0.83288742170822871
 0.99458655204620394
 0.70050569115229744
 0.23664647091041779
 -0.29387678624149521
 -0.83540614555488213
 -0.99410164801316581
 -0.79858297189933158
 -0.23220701116232156
 0.29823877688491174
 0.83790744708233544
 0.99359601208065884
 0.795826014291943
 0.22776270875812374
 -0.44467530925009219
 -0.91333608119151988
 -0.99306965479367471
 -0.79305245980539629
 -0.36962995372724544
 0.15791844437680813
 0.75073460377554946
 0.99951855157608782
 0.87461208566586512
 0.36538281225045838
 -0.3112870671345041
 -0.75374355922055913
 -0.98386817811504812
 -0.93683411263050442
 -0.49937338518631758
 0.014317164436864309
 0.52397452491172358
 0.8860266541137356
 0.99848235643527605
 0.82966251550724124
 0.42712419847488775
 -0.24670748503358705
 -0.70786729603693477
 -0.99561046985879564
 -0.90327160727240496
 -0.55647836159153252
 -0.052923454120163547
 0.46554015275120081
 0.85285967026973009
 0.99004323693862828
 0.67352883541892117
 0.20041309089354509
 -0.46957695504264702
 -0.92437830773569063
 -0.98939008741680945
 -0.77568764392683509
 -0.34347161125692577
 0.18550142810862433
 0.76893472152711884
 0.99999540351778604
 0.77279742987957578
 0.33917914848910674
 -0.3377702626083236
 -0.77184632306809275
 -0.99999882230188708
 -0.85836209249050632
 -0.47492212768549869
 0.19446848906226558
 0.66903422027829129
 0.95513095897934219
 0.92494844217390204
 0.47089834743204406
 -0.046867033747573464
 -0.55142982772784532
 -0.95647358368258695
 -0.9232030263304648
 -0.59650556024492263
 0.051428232491258427
 0.55523372073924604
 0.90262816634349929
 0.99574948813708342
 0.80836512406540517
 0.39326182440105123
 -0.13262453776289626
 -0.62115016073397611
 -0.97803180066825379
 -0.94694682925076201
 -0.64910403070761957
 -0.16840663519935209
 0.35973142613265052
 0.87165606265217788
 0.984134927684575
 0.64562337082936083
 0.16390339698880679
 -0.3639886666551847
 -0.78934400614948819
 -0.99956388649198535
 -0.7517228585266672
 -0.15939674058782213
 0.36823831622717579
 0.87609610931798187
 0.99941860753662914
 0.84120181769794744
 0.30402127670330764
 -0.2263045458482901
 -0.69287968350990514
 -0.99342572139859497
 -0.83872373119254717
 -0.29966756480902224
 0.23075041581171793
 0.79768089846240808
 0.9990655247378426
 0.83622815318000376
 0.43782274524140236
 -0.2351914734962077
 -0.80042666836970566
 -0.99442985469023693
 -0.90829909993624047
 -0.4337124315048439
 0.088468395322842105
 0.58572740375838628
 0.91798520548608953
 0.99164375835976593
 0.68225186464677556
 0.060210711553703992
 -0.58942264809752398
 -0.91978685548894856
 -0.95900345199133619
 -0.67890595335821213
 -0.20755856471407064
 0.46312031316029723
 0.92156932342057896
 0.95769927327928239
 0.67554588354773948
 0.051091454836268826
 -0.596776182900982
 -0.97116471230884116
 -0.95637512183597873
 -0.67217172528928704
 -0.19861549143985219
 0.33089133571998847
 0.85618450009160074
 0.98912190302467629
 0.66878354895063952
 0.19413769499189698
 -0.47521886452547285
 -0.92680126506087157
 -0.95366701163178647
 -0.66538142519188515
 -0.18965584981998099
 0.47923200562359664
 0.92850663698750324
 0.95228310934829397
 0.53966559836386452
 -0.12025948096078005
 -0.72507435890065097
 -0.99761610861221961
 -0.8129895401913837
 -0.25580176557114981
 0.41860992106483791
 0.82438066428653922
 0.99792084509802448
 0.89034366212641014
 0.39632292922231288
 -0.27931705123175316
 -0.82695698694418485
 -0.99563498366487102
 -0.70805253408118418
 -0.095997390681856934
 0.56004959012291766
 0.90511013570477716
 0.99519837909198194
 0.70482032713478615
 0.091450774980200711
 -0.56382707900378393
 -0.9607251061180615
 -0.91736051401446572
 -0.45360559371491849
 0.21801897161530401
 0.78973399687906265
 0.99241702790969344
 0.84332102103461049
 0.44953100410935642
 -0.22247354961983337
 -0.69003969817690514
 -0.96321954664810927
 -0.91368666731604986
 -0.44544703957558268
 0.075447752015456837
 0.69333775430174116
 0.96443664802979368
 0.96385077902166005
 0.5732812025212044
 -0.080000654696211773
 -0.57881866479899224
 -0.91458168115546734
 -0.99270423190419643
 -0.68844016679241615
 -0.068690986243704441
 0.45150194380135911
 0.91641892573554706
 0.96137707243596526
 0.68512078785332353
 0.064134350968190881
 -0.45557197083872231
 -0.84694227072087613
 -0.99972633443905379
 -0.78556015859060346
 -0.35826403244495147
 0.31853470610870327
 0.75873979406764036
 0.99982274110411873
 0.8686308609726765
 0.35399672753549227
 -0.32286021601341536
 -0.85176299094723662
 -0.99033620859227778
 -0.67507720063547971
 -0.050456800295622002
 0.59728597179663523
 0.97131601931168288
 0.95618928038653395
 0.67170108749407231
 0.19799263740971601
 -0.33149094609378238
 -0.85651265778517405
 -0.98902822624331277
 -0.77412644792750684
 -0.19351427197345175
 0.33579598627634649
 0.85886072213434583
 0.99999984205834835
 0.85943593837696164
 0.3368545744428309
 -0.19241132777952227
 -0.77341438789128647
 -0.99999198125360811
 -0.85709227829338019
 -0.33255124967947286
 0.34438496802205415
 0.86350306785080355
 0.99996326570703487
 0.76538144192408231
 0.32824098959001718
 -0.2013659565870686
 -0.77917174513612353
 -0.99017968862934225
 -0.85235138363122587
 -0.46467907137845199
 0.20583701845338415
 0.67761300134487346
 0.9908077913786828
 0.92047590867298401
 0.59084313838376756
 -0.058454267456547186
 -0.68096437614913996
 -0.95979521066420526
 -0.91868164503724958
 -0.45657232870511422
 0.063012554892090303
 0.56484660844744916
 0.90756163939843948
 0.99461377204279167
 0.70069284447422997
 0.23690129582362218
 -0.43624013022962893
 -0.83526195740363451
 -0.99898792851145068
 -0.79874080855644036
 -0.23246211701882688
 0.44034484140373442
 0.91135903725470646
 0.99362561351995793
 0.69414733525730998
 0.22801809023772057
 -0.44444036922624158
 -0.84024909304288897
 -0.99935706938277469
 -0.79321220308449691
 -0.36987364886653651
 0.15765944704572057
 0.64077939301056042
 0.98299282535971388
 0.87473921650293274
 0.36562694772596338
 -0.31103780472960529
 -0.84516613577390332
 -0.99198798940806454
 -0.78761742848407368
 -0.21465784932817325
 0.45667099943363915
 0.91872544800423994
 0.95976407268862951
 0.56098048206683471
 0.058343548505885939
 -0.59093261401139296
 -0.96940754653152506
 -0.95847169900927442
 -0.67753143319096576
 -0.053784013588269716
 0.46477727545199815
 0.85240938001516997
 0.99016417751102426
 0.67416558449940411
 0.049223357009912677
 -0.46881591634326025
 -0.92404921256713268
 -0.98951492330857693
 -0.77623124422519763
 -0.19678195678587651
 0.47284478012124487
 0.85714940883112156
 0.99999241925486515
 0.77334407831939256
 0.19230249075247055
 -0.33695899876098812
 -0.77129810450025671
 -0.99999977357372771
 -0.85880390863449096
 -0.47568034773834422
 0.04144382654965674
 0.66839346461823534
 0.98904460426414087
 0.92527565750465257
 0.60085371918967001
 -0.046006176477052733
 -0.67178324665396527
 -0.98970841430940926
 -0.85408904984946465
 -0.32707418657571408
 0.34982594267411621
 0.77994524803485288
 0.99035158407570223
 0.92177284038668272
 0.46358516984331394
 -0.055127902840609297
 -0.55831127615654674
 -0.90421665002543428
 -0.99540141935684101
 -0.70630619225598545
 -0.24456745138823813
 0.28606669089249703
 0.83089296006415125
