# Created by Octave 8.4.0, Thu Dec 11 09:16:06 2025 IST <gamana@Samsung>
# name: iq
# type: matrix
# rows: 2048
# columns: 1
 0.99706007033948296
 0.71979445629436789
 0.2631763561998442
 -0.41166286191191009
 -0.82003431881388944
 -0.99669975492155383
 -0.81477298767905471
 -0.40332217000396425
 0.27197672523161615
 0.82263935911185238
 0.9977183133033527
 0.81211680656676566
 0.39913916364882279
 -0.27636844752632383
 -0.82522724334078956
 -0.99801622712169602
 -0.88966097771079677
 -0.53068550131166847
 -0.022214290997900961
 0.49251475324559779
 0.93404224138678449
 0.985250469487432
 0.75891061748844191
 0.17021463217652491
 -0.49648404018293579
 -0.93566355795921996
 -0.98445874839776404
 -0.7559288889967074
 -0.31445154230134043
 0.36227941227075194
 0.78821639611625471
 0.99211040285063745
 0.91652386521001739
 0.451735955545704
 -0.068429320412764685
 -0.68824991106358091
 -0.96255289322519511
 -0.9146877172569069
 -0.44765705097149988
 0.072984607991762596
 0.57306627895981621
 0.91171342092136254
 0.96450593995209644
 0.69352673492061989
 0.07570928483461975
 -0.44521220012329865
 -0.84071604235180275
 -0.99299901827171977
 -0.69022950739697697
 -0.071154896496347181
 0.44929670050794807
 0.91542760447624616
 0.99244923265600671
 0.68691788519972474
 0.066599024229182319
 -0.58423955633417979
 -0.91725607877992499
 -0.96079785708328713
 -0.5640436772560169
 -0.062041763045416379
 0.45743750616528306
 0.8480552264261183
 0.99128758100646241
 0.68025173333747047
 0.20935274634661827
 -0.32052155160483159
 -0.85046631654676685
 -0.99986002074606939
 -0.86759008943263682
 -0.3520349582153795
 0.32484398121003566
 0.76306347130970409
 0.98632564038788906
 0.93173685042504906
 0.48693370707140277
 -0.028613416223251562
 -0.536100052379056
 -0.89256565897215878
 -0.97528298882685538
 -0.72484208350577484
 -0.27021093937455071
 0.40500014806224366
 0.89461555903131029
 0.99726570321822938
 0.72168845298289652
 0.11538970234524717
 -0.54378762121797686
 -0.89664680196432855
 -0.97322421740503984
 -0.71851977171296921
 -0.26140610184024543
 0.41333399829856854
 0.89865934540983339
 0.97216437610049722
 0.60016461899422868
 0.10631258127998891
 -0.4174880367582457
 -0.82368099394745231
 -0.99784048800762737
 -0.89090525512361429
 -0.39745647397782563
 0.2781310138013558
 0.82626197125556577
 0.99813004161283114
 0.8888218168869445
 0.52912975935153383
 -0.13262453776289626
 -0.62115016073397611
 -0.93469587767668683
 -0.94694682925076201
 -0.64910403070761957
 -0.16840663519935209
 0.35973142613265052
 0.7865320410317943
 0.999688319633386
 0.75472666710096414
 0.31270958881960326
 -0.2173987400559155
 -0.68626517685702493
 -0.99233871732669821
 -0.9157885672405065
 -0.4500985600028633
 0.070259386309538652
 0.68957962074360624
 0.96304859030171963
 0.96522381724434902
 0.69549253346794615
 0.078433396498033117
 -0.4427640257093759
 -0.83923346343101557
 -0.99331805066669221
 -0.69220395107927979
 -0.22539202357372476
 0.44685409141316507
 0.84170795568265511
 0.99278065370158464
 0.68890093284016052
 0.069324945541670138
 -0.58201994412750735
 -0.91616441098525458
 -0.9615517828446648
 -0.56629770197952101
 -0.064768503918316747
 0.45500618041280882
 0.84660422771807708
 0.99164375835976593
 0.78595322204321882
 0.35885725169557425
 -0.16932990746395193
 -0.64981631217011537
 -0.98509644967807575
 -0.93436251019496674
 -0.62041578487416316
 0.02131674650624427
 0.65328064938898045
 0.98587166407221172
 0.93272554095342031
 0.48931833080765208
 -0.1783242704825769
 -0.76424785569545672
 -0.98662631820244562
 -0.93106911980553142
 -0.61322689374806227
 0.030447098077451381
 0.53764773570711577
 0.95154938063428185
 0.92939328129582277
 0.48133270865788846
 -0.18730375783299533
 -0.66359162882274891
 -0.9529437020089786
 -0.92769806037374358
 -0.47732479867057148
 0.19178768900065554
 0.77301140416510317
 0.99999432420953505
 0.85741947795759588
 0.33315048880552711
 -0.1962676204535162
 -0.67039653886251627
 -0.98943902375805948
 -0.85506042765754497
 -0.46927919879232782
 0.20074345876300026
 0.7787732659358052
 0.99009064908208233
 0.8526835451500393
 0.465241676691655
 -0.20521511058589292
 -0.78162986490910868
 -0.99072162615565063
 -0.85028888000473257
 -0.32020210376883135
 0.35662073253939414
 0.8700182802033074
 0.99976594875481661
 0.84787648216215594
 0.4571376091762453
 -0.21414548183765864
 -0.78729410116229492
 -0.99192158334645664
 -0.9171217121892673
 -0.45307123277109945
 0.21860401502443746
 0.79010162031504583
 0.99952665500974269
 0.84299868999530825
 0.44899540760658252
 -0.071491258666853949
 -0.57183861803164726
 -0.96338046964987745
 -0.91344285313471929
 -0.57652725677815253
 -0.0772021633450269
 0.57557902585817122
 0.96459493207099567
 0.96369087240910234
 0.57278989074160702
 -0.080598222732407257
 -0.69705133323988455
 -0.96578927795253033
 -0.90968779540689537
 -0.56904057922395446
 -0.068092886001361541
 0.45203678212348919
 0.8448263018309673
 0.99206806997202313
 0.68468396839564494
 0.063536069721895586
 -0.58672791667811064
 -0.91847431573064442
 -0.95994232489362474
 -0.56150643275911605
 -0.05897792840350171
 0.4601648393334698
 0.84967775999932593
 0.99087861687119372
 0.67799868370998118
 0.20635032318008584
 -0.32342755649263732
 -0.8520769343569492
 -0.99990666682747809
 -0.86605962344102483
 -0.34916032984535117
 0.17953931786032531
 0.65766218888049544
 0.95051960352096865
 0.97561272956226286
 0.7258727564103723
 0.12141102097190457
 -0.53868862145428353
 -0.89394552532936078
 -0.97460016917982983
 -0.60863379684069807
 -0.11687683236262683
 0.5425304763448201
 0.95331735554538732
 0.92723629695034715
 0.47623922634562982
 -0.19299959502625752
 -0.77379427491261488
 -0.9889505977893237
 -0.8567832820780219
 -0.33198580663880228
 0.19747842878373487
 0.67131238493471701
 0.95603558259739696
 0.97144062343148863
 0.71318786016985414
 0.10326002029297376
 -0.42027523032400022
 -0.82541765911308806
 -0.99803740086770543
 -0.8895069447213011
 -0.53039965315243032
 0.13114035477173422
 0.73258388378708994
 0.97771859182372267
 0.88741104275028515
 0.52652270811644564
 0.017311311182923683
 -0.62355274104028446
 -0.9786670389969816
 -0.94595587526113267
 -0.64676603917887232
 -0.012745109367646898
 0.62711640397435597
 0.97959507615814501
 0.88316376227426374
 0.51873595737724332
 0.0081786417543016701
 -0.63066698845287272
 -0.93896368106054662
 -0.98275142388085146
 -0.74969507541622005
 -0.15636577838437321
 0.50861981940315182
 0.94052491117439774
 0.94142434045552237
 0.63625671236885806
 0.15185361630993485
 -0.37532710936530322
 -0.87975221252868729
 -0.9991291183794988
 -0.74361952882577431
 -0.29673775849055872
 0.37955604050049663
 0.79952826721899239
 0.9942709280307731
 0.83454098068776961
 0.29237364760094314
 -0.3837770560290073
 -0.80226282355669942
 -0.99474869226751583
 -0.90701080238006038
 -0.43094465135510163
 0.091525398699506169
 0.70487348511119874
 0.99520571111073786
 0.8294742095736658
 0.28362722468448237
 -0.24703426848143711
 -0.80768168619747682
 -0.99564197502935825
 -0.90312686476827797
 -0.42268497007417344
 0.10061656235602887
 0.71132264799552403
 0.97080666254414638
 0.90115662367122262
 0.41854186373866809
 -0.25587420960649715
 -0.81303317267706665
 -0.99761093449210159
 -0.82174444767227495
 -0.27046345643873931
 0.26028622188069594
 0.71771247291264939
 0.97295691831292452
 0.8971598023399584
 0.41022955169625069
 -0.26469280590935218
 -0.72088496686581061
 -0.99717930598945514
 -0.89513330545907011
 -0.5409255064241385
 -0.034337332617050374
 0.61014771823920522
 0.92964200032564304
 0.98725327868753709
 0.65966164416892148
 0.029772961920549099
 -0.48592015540831529
 -0.9313149733479128
 -0.98651616079302507
 -0.65622259989165388
 -0.17766059811468488
 0.48990640385738971
 0.93296852388111462
 0.94848777721381872
 0.52935229899733338
 0.020642452992762857
 -0.49388243535298704
 -0.86927912638004867
 -0.98498021969111815
 -0.6493035269555244
 -0.1686651663634062
