# Created by Octave 8.4.0, Thu Dec 11 09:16:06 2025 IST <gamana@Samsung>
# name: iq
# type: matrix
# rows: 2048
# columns: 1
 0.99706007033948296
 0.81741217677477895
 0.40749676511192734
 -0.11721173552297842
 -0.72295709950342013
 -0.97467563508643473
 -0.95182505386520067
 -0.6608424346775631
 -0.18369847411188231
 0.48454544831307755
 0.86393738386991581
 0.98677225365717247
 0.65740811854692949
 0.026779638075654512
 -0.48853519495787168
 -0.93240144544834269
 -0.94898469904253735
 -0.53068550131166847
 -0.022214290997900961
 0.49251475324559779
 0.93404224138678449
 0.94753482023462876
 0.52680937032475517
 0.017648480643128749
 -0.49648404018293579
 -0.93566355795921996
 -0.98445874839776404
 -0.7559288889967074
 -0.16571279352017626
 0.50044297299076146
 0.87299192731282182
 0.99961637728604458
 0.75293139567673473
 0.1612074989385934
 -0.36653212183670031
 -0.8752101648306293
 -0.99947947189198894
 -0.84219234522037123
 -0.30576841154300655
 0.37077718740857579
 0.8774101499200383
 0.98196046852828767
 0.74688936492934765
 0.30141723570001927
 -0.37501452045592854
 -0.87959183670055963
 -0.98108672759545423
 -0.6329880670983572
 0.0051841873744737305
 0.51617351493844721
 0.88175517967331396
 0.99894370498287544
 0.834726723741544
 0.43536466339879998
 -0.23784618978820501
 -0.80206146680018797
 -0.99872344485238629
 -0.83220329738643806
 -0.28832635562389775
 0.38767924157623307
 0.80478052944019018
 0.99848235643527605
 0.73461889791047752
 0.13410842343763146
 -0.39188476247376564
 -0.80748280845543519
 -0.99822044475942118
 -0.82710443109173448
 -0.27956888546549696
 0.39608211065021354
 0.81016824749014416
 0.99602750333649714
 0.90130275558293516
 0.4188481031914722
 -0.10482368684166825
 -0.71428904737035315
 -0.99642376475119299
 -0.89931510730645936
 -0.41469690979581653
 0.25996060960367884
 0.71747761179131575
 0.99679924583888657
 0.89730870389519868
 0.41053706793381189
 -0.11390231364833965
 -0.7206512132819296
 -0.97392517113889421
 -0.95284142018813345
 -0.54120910228613728
 0.11843811123967478
 0.60988050752199152
 0.92951769366217263
 0.9514456324359305
 0.53736337067249562
 -0.1229714388149704
 -0.72695326304485031
 -0.99780093100154443
 -0.81139558397687261
 -0.39800651997194264
 0.27755511442268971
 0.82592413058045877
 0.99580452529075758
 0.70934677942200919
 0.24873889534825208
 -0.42522738066342897
 -0.90432863318207168
 -0.96901155714552578
 -0.70612049614130767
 -0.24431312492717491
 0.286318003155562
 0.8310388742053465
 0.99861533733890595
 0.88487879609434716
 0.38540126954067483
 -0.14107815892716888
 -0.73937491633562791
 -0.99884516116837307
 -0.88274230014638688
 -0.51796822483325666
 -0.007280911407297354
 0.50545745710063528
 0.87580690915030124
 0.99943886783086799
 0.84152583106705137
 0.30459234863209911
 -0.22572055441760619
 -0.69244728475509543
 -0.99335691254234948
 -0.91232751373217513
 -0.5742926551933929
 -0.074477793700477926
 0.57781115293558072
 0.96531192032584046
 0.9629577125917067
 0.68933536277182117
 0.22152512631064028
 -0.45039966562289363
 -0.84384335826177637
 -0.99957378788416562
 -0.78913692405411384
 -0.21706957207182662
 0.4544722474186727
 0.91774726849180999
 0.96045472696749501
 0.68269004969697578
 0.060809116983152368
 -0.58893824801691086
 -0.91955143387160576
 -0.95917317570695038
 -0.55924348713722538
 0.096965548000683841
 0.70873907722246843
 0.99572529684553057
 0.9027410274486326
 0.42187118343784913
 -0.10150972301813228
 -0.71195336393539066
 -0.99613671377553947
 -0.90076708853249832
 -0.41772635433529737
 0.25674197731389409
 0.71515280292566097
 0.99652735636496814
 0.89877436420064549
 0.54783387611315026
 -0.11059162740069406
 -0.71833732746926005
 -0.9968972164669998
 -0.89676289601115911
 -0.40941064781652259
 0.26555843582412669
 0.81883250830413812
 0.99686777156496353
 0.7180776501989149
 0.11022071766582678
 -0.54814604493480013
 -0.89893791293310132
 -0.97201528829675887
 -0.71489190435477024
 -0.10568068703210141
 0.41806539666547804
 0.82404117545676947
 0.99788202688277594
 0.81067312387003299
 0.39687326926709543
 -0.27874135800008448
 -0.73092495761217069
 -0.97720475411549423
 -0.88853042950170691
 -0.52859042667655221
 -0.019744878889376392
 0.49466286186017294
 0.869722556749563
 0.98482480954644724
 0.64862049466800065
 0.16778020311875363
 -0.36032428641518216
 -0.87196734401615261
 -0.9996722530126475
 -0.75430961863744106
 -0.3121059213139159
 0.21801897161530401
 0.6867272513369036
 0.99241702790969344
 0.91553313734541952
 0.44953100410935642
 -0.070893275878694623
 -0.69003969817690514
 -0.96321954664810927
 -0.96505749357654713
 -0.57701699460184863
 0.075447752015456837
 0.69333775430174116
 0.99349826896703219
 0.83837750983358095
 0.29906123418645231
 -0.23136869382886627
 -0.79806397900131565
 -0.99903785701884862
 -0.74219188539576064
 -0.29470041031222721
 0.38152831590914027
 0.80080742946930705
 0.99882716155569551
 0.73912359746495881
 0.14070869037571973
 -0.385745604551474
 -0.80353417917116288
 -0.99496471019671173
 -0.9061106297105701
 -0.56200240479872954
 -0.059576378176591699
 0.58993588089067583
 0.96910367364021632
 0.90416927843456896
 0.42488958070177318
 -0.098194632385580516
 -0.59361711625913305
 -0.97021996340050698
 -0.95751620892136058
 -0.67507720063547971
 -0.050456800295622002
 0.46772470795091431
 0.92357640854991629
 0.98969253739172902
 0.67170108749407231
 0.19799263740971601
 -0.33149094609378238
 -0.85651265778517405
 -0.98902822624331277
 -0.77412644792750684
 -0.34115087413467143
 0.18792794758620526
 0.77051148493708665
 0.99999984205834835
 0.85943593837696164
 0.47676629402108173
 -0.19241132777952227
 -0.66747436862954301
 -0.98886154633826362
 -0.92574337325759704
 -0.47274705089475788
 0.19689069525206784
 0.67086792725114253
 0.98953093577264317
 0.85473074362827628
 0.4687179486717028
 -0.049334130498314532
 -0.55348863374498325
 -0.9571914453849667
 -0.92225097586733729
 -0.59452133364708126
 0.053894760962600277
 0.67761300134487346
 0.95850332277440242
 0.92047590867298401
 0.59084313838376756
 -0.058454267456547186
 -0.68096437614913996
 -0.95979521066420526
 -0.96824878958938965
 -0.58715262114053235
 -0.090220902426703026
 0.43212632130727791
 0.90756163939843948
 0.96709706904209614
 0.70069284447422997
 0.23690129582362218
 -0.43624013022962893
 -0.83526195740363451
 -0.99898792851145068
 -0.79874080855644036
 -0.23246211701882688
 0.29798841980098012
 0.74449470450516952
 0.99918291788155822
 0.87912868123273025
 0.51142119782764928
 -0.15314821073141613
 -0.63726673695191594
 -0.94186526817621741
 -0.94007909346897933
 -0.50749155703303084
 0.0049219077360410637
 0.64077939301056042
 0.94338981799034627
 0.98024443682979456
 0.74096119032825236
 0.29294690316968425
 -0.23759142540159833
 -0.70119952048348844
 -0.96727755929629
 -0.90726309490466162
 -0.43148555329274274
 0.2420248867701672
 0.70444811049079614
 0.96842614017032003
 0.95959555493752691
 0.56048409449701031
 0.057745055301892521
 -0.5914161401871515
 -0.92075330497514141
 -0.99071143879023971
 -0.6770903799978768
 -0.20514176692661742
 0.32459591128292553
 0.76289392539196699
 0.99992277691483245
 0.77872625473123713
 0.34800281151606666
 -0.32891195782272448
 -0.85509928273339597
 -0.9894281587390571
 -0.67034093276055851
 -0.044062760124450776
 0.60240764654280876
 0.92601178368240689
 0.95429575624973262
 0.66694520403006563
 0.039500030374461016
 -0.60604645730021167
 -0.97386563363520129
 -0.95292098208008913
 -0.66353556621801379
 -0.187230145560146
 0.4813983933060807
 0.92942093762242273
 0.95152633483001159
 0.66011209043206842
 0.18274224487078436
 -0.48539609972578496
 -0.9310964577822689
 -0.98661410065177779
 -0.65667484806848442
 -0.17825053310852398
 0.35038750391824242
 0.78032030606800395
 0.99988791254349441
 0.8513905716987602
 0.46305389465675628
 -0.055726485204822873
 -0.55880854320983553
 -0.90447252011329171
 -0.96892820327769935
 -0.58936210966894675
 0.060285513420233333
 0.56258987015718354
