# Created by Octave 8.4.0, Thu Dec 11 09:16:06 2025 IST <gamana@Samsung>
# name: iq
# type: matrix
# rows: 2048
# columns: 1
 0.99706007033948296
 0.81741217677477895
 0.40749676511192734
 -0.11721173552297842
 -0.72295709950342013
 -0.99739959216031482
 -0.89379434027545168
 -0.40332217000396425
 0.12174574039319934
 0.61251750219373202
 0.9756866937503218
 0.89173695753970295
 0.5345505649007124
 -0.126277206267076
 -0.72923708866562187
 -0.97667740455693652
 -0.94898469904253735
 -0.65396009222976592
 -0.022214290997900961
 0.61971144815431445
 0.97764774684509548
 0.88756644408310237
 0.52680937032475517
 -0.13533214306748165
 -0.62328907253604104
 -0.97859770037839833
 -0.94606518067421075
 -0.64702319695337762
 -0.16571279352017626
 0.50044297299076146
 0.87299192731282182
 0.99961637728604458
 0.84464582685674738
 0.451735955545704
 -0.068429320412764685
 -0.56931784686309095
 -0.96255289322519511
 -0.96570177215863195
 -0.57903252519821957
 -0.080262094262641887
 0.57306627895981621
 0.91171342092136254
 0.99352809498320716
 0.69352673492061989
 0.07570928483461975
 -0.44521220012329865
 -0.84071604235180275
 -0.99299901827171977
 -0.69022950739697697
 -0.22272925180653891
 0.44929670050794807
 0.91542760447624616
 0.96205395684648265
 0.56780872985143183
 -0.086640958364850085
 -0.70138649497904204
 -0.99471412193617259
 -0.90715275704229548
 -0.43124892776542673
 0.24227936376794221
 0.80478052944019018
 0.99848235643527605
 0.73461889791047752
 0.28395058142647778
 -0.39188476247376564
 -0.80748280845543519
 -0.99561046985879564
 -0.90327160727240496
 -0.42299056154802456
 0.25113046123705945
 0.81016824749014416
 0.99793771528696562
 0.72839148523155783
 0.27518135912083291
 -0.25554820013760671
 -0.71428904737035315
 -0.99642376475119299
 -0.82193656840597684
 -0.27078809389396219
 0.25996060960367884
 0.71747761179131575
 0.97287896944569174
 0.89730870389519868
 0.41053706793381189
 -0.26436759761487083
 -0.7206512132819296
 -0.97392517113889421
 -0.95284142018813345
 -0.54120910228613728
 -0.034674352783172553
 0.60988050752199152
 0.97495106171121826
 0.89323979943204135
 0.53736337067249562
 -0.1229714388149704
 -0.61349323202917039
 -0.93119209952337212
 -0.98657129559318824
 -0.65647701852210572
 -0.17799244441910247
 0.35063314737503665
 0.78048430577675221
 0.99988395123660889
 0.8512529665268137
 0.32193945930560336
 -0.20788843009190797
 -0.78333115921436058
 -0.99108925768113243
 -0.91965447150011992
 -0.58915019910744659
 -0.092680508055636157
 0.429897566468319
 0.90652169075643541
 0.96772249425417678
 0.58545405011465856
 -0.065105013155937183
 -0.68582900348661102
 -0.99226447206662238
 -0.91602919982827036
 -0.4506338234743309
 0.06966135126844894
 0.57033270963107596
 0.96288695422024306
 0.9141878894328731
 0.44655238580789536
 -0.074216236599828955
 -0.57407791745470427
 -0.96410949048091532
 -0.96417909475583619
 -0.5742926551933929
 0.07876957415834368
 0.69573479843258723
 0.99387206381583204
 0.91044811152414251
 0.43836165735905963
 -0.083321268984552388
 -0.58153233821740702
 -0.96649421867844976
 -0.96171624803204947
 -0.56679171182125632
 -0.065366737446402923
 0.4544722474186727
 0.91774726849180999
 0.96045472696749501
 0.56302347038087841
 -0.092419350775549594
 -0.70551000982053125
 -0.9687983227001733
 -0.90469613978273211
 -0.42600721445523398
 0.096965548000683841
 0.59262281808500161
 0.96992008031741128
 0.95787162097705481
 0.67598778716342178
 0.051690166626058617
 -0.46663278619843457
 -0.92310219592082832
 -0.98986864202460945
 -0.77778605465602391
 -0.19920301606094334
 0.33032554306011602
 0.85587460041102437
 0.99997975150891727
 0.77490763686045938
 0.1947257580520656
 -0.33463246164541943
 -0.85822750015938709
 -0.99999838537229402
 -0.86006665733274223
 -0.33801711923289846
 0.19119927952835253
 0.66655425462834572
 0.95413885114572949
 0.92620967709367286
 0.6028262662184477
 -0.043538697587652483
 -0.5486473611136512
 -0.95549601106452198
 -0.97187427959669481
 -0.71447258176090922
 -0.25580176557114981
 0.41860992106483791
 0.90118910628606363
 0.99605082436071568
 0.7112699746563621
 0.10054200436666021
 -0.42275288344574552
 -0.90315903864523062
 -0.9696828445732264
 -0.70805253408118418
 -0.095997390681856934
 0.42688702935371275
 0.8295160634890768
 0.99519837909198194
 0.70482032713478615
 0.091450774980200711
 -0.43101227257150254
 -0.90704235677475153
 -0.99474101974739715
 -0.80221808549423934
 -0.38370785527361939
 0.29244531029783893
 0.8345822651241197
 0.99426291516930421
 0.698311884064443
 0.082351916843145981
 -0.43923570699769482
 -0.83708928455909648
 -0.99376407532853228
 -0.69503578367345586
 -0.077799864163606514
 0.57508868038264338
 0.96443664802979368
 0.91182114243432699
 0.5732812025212044
 0.073246188974974799
 -0.57881866479899224
 -0.96563363617287878
 -0.96262396344641865
 -0.68844016679241615
 -0.22032066295107569
 0.45150194380135911
 0.84450539102537403
 0.99960907857219627
 0.78837777747453541
 0.21586387531466605
 -0.45557197083872231
 -0.91823705848225556
 -0.991561577885683
 -0.68178712078250292
 -0.21140258585673893
 0.45963249696403663
 0.84936148751235574
 0.99095922642125844
 0.78272615692098302
 0.35399672753549227
 -0.32286021601341536
 -0.76170660622616937
 -0.99989829655683926
 -0.86635918424039315
 -0.34972204005644508
 0.32717899269765544
 0.85414673094241289
 0.99995299922151237
 0.86406943966609229
 0.34544005915608184
 -0.33149094609378238
 -0.85651265778517405
 -0.98902822624331277
 -0.66831096608754659
 -0.04133301334864186
 0.47577790171621476
 0.85886072213434583
 0.98834328900117741
 0.66490690711661848
 0.18903187081461517
 -0.47978965707740173
 -0.86119087502127423
 -0.98763773994962689
 -0.66148898157258573
 -0.032205778434699808
 0.48379140646894586
 0.86350306785080355
 0.99996326570703487
 0.85473074362827628
 0.32824098959001718
 -0.34866873046273772
 -0.77917174513612353
 -0.99017968862934225
 -0.85235138363122587
 -0.46467907137845199
 0.20583701845338415
 0.67761300134487346
 0.9908077913786828
 0.92047590867298401
 0.46063050324539889
 -0.058454267456547186
 -0.5610722916725851
 -0.95979521066420526
 -0.96824878958938965
 -0.58715262114053235
 -0.090220902426703026
 0.43212632130727791
 0.90756163939843948
 0.99461377204279167
 0.80148015353013036
 0.23690129582362218
 -0.43624013022962893
 -0.90946982178178148
 -0.96592517977336534
 -0.57973492883124911
 0.072125092364577786
 0.69093301377287253
 0.99311344578741001
 0.91318405167090688
 0.57600790846049943
 -0.076679152360381836
 -0.69422716638980897
 -0.96476233464793859
 -0.9635209932503046
 -0.69085283187719815
 -0.22356930816004994
 0.44852662828523909
 0.84271640179536644
 0.99951037938318776
 0.79042305788477341
 0.36562694772596338
 -0.16216739538656585
 -0.75357116913722322
 -0.99964284468553211
 -0.78761742848407368
 -0.21465784932817325
 0.45667099943363915
 0.84759824388955052
 0.9997544625272542
 0.78479537339350902
 0.21019535842160308
 -0.46072894167289669
 -0.9205192458734156
 -0.95847169900927442
 -0.67753143319096576
 -0.053784013588269716
 0.46477727545199815
 0.92229384639741663
 0.95715933648978879
 0.67416558449940411
 0.2012573189494406
 -0.32834575082576262
 -0.85478830768936565
 -0.98951492330857693
 -0.67078567614586326
 -0.19678195678587651
 0.47284478012124487
 0.92578530777453982
 0.95447475482355715
 0.54576587340178506
 0.040099059340839509
 -0.47686378276431401
 -0.85949263419991739
 -0.99999977357372771
 -0.77044078439315988
 -0.33569151589196344
 0.19362308257050309
 0.66839346461823534
 0.98904460426414087
 0.85645540989183011
 0.4716584301397076
 -0.19810134883246783
 -0.67178324665396527
 -0.98970841430940926
 -0.9235338790531944
 -0.46762667614742659
 0.20257548370884521
 0.77994524803485288
 0.99035158407570223
 0.92177284038668272
 0.59352785947128683
 0.098084259541188476
 -0.55831127615654674
 -0.95885466100045336
 -0.91999257823139702
 -0.45953399551266638
 0.21151098616212829
 0.78562878214341858
 0.9997237337577165
