# Created by Octave 8.4.0, Thu Dec 11 09:16:06 2025 IST <gamana@Samsung>
# name: iq
# type: matrix
# rows: 2048
# columns: 1
 0.99706007033948296
 0.81741217677477895
 0.2631763561998442
 -0.26757933088703667
 -0.82003431881388944
 -0.99739959216031482
 -0.89379434027545168
 -0.40332217000396425
 0.12174574039319934
 0.72610466550790553
 0.9977183133033527
 0.81211680656676566
 0.25435403320662997
 -0.41996921323270014
 -0.9018370479926181
 -0.99591677378527643
 -0.710216724570086
 -0.24993486888935224
 0.42410929452530416
 0.90380080945259256
 0.99549412439592866
 0.80675369022336518
 0.24551049220311386
 -0.42824053105714127
 -0.83035132807013867
 -0.99854960836650131
 -0.80404686683955928
 -0.38654055032865986
 0.28950866682443271
 0.73854284938133441
 0.99878506466934591
 0.88332189054261379
 0.3823247730738224
 -0.29387678624149521
 -0.83540614555488213
 -0.99899969140049327
 -0.79858297189933158
 -0.37810102247061
 0.29823877688491174
 0.83790744708233544
 0.99919348408392272
 0.795826014291943
 0.22776270875812374
 -0.30259454778575384
 -0.7477099918286475
 -0.98219323712585571
 -0.93998963405957092
 -0.6329880670983572
 -0.14767181956608888
 0.51617351493844721
 0.88175517967331396
 0.99894370498287544
 0.74078502926765999
 0.29269611680139745
 -0.23784618978820501
 -0.70138649497904204
 -0.99471412193617259
 -0.83220329738643806
 -0.28832635562389775
 0.24227936376794221
 0.80478052944019018
 0.995172673015283
 0.9052216213146459
 0.42712419847488775
 -0.095736315726760557
 -0.70786729603693477
 -0.96961871794042342
 -0.90327160727240496
 -0.55647836159153252
 0.10028104696026842
 0.5953031768677769
 0.97072572039354965
 0.95690944055429616
 0.67352883541892117
 0.20041309089354509
 -0.46957695504264702
 -0.85523523768182264
 -0.98939008741680945
 -0.67014628176077173
 -0.19593694714062365
 0.3334684266427943
 0.76893472152711884
 0.98778974619014315
 0.92838136871562715
 0.60744511130886403
 -0.037741799180791728
 -0.66563312401798547
 -0.98849090621939795
 -0.85836209249050632
 -0.47492212768549869
 0.19446848906226558
 0.66903422027829129
 0.98917145136069295
 0.85601021937775568
 0.47089834743204406
 -0.046867033747573464
 -0.67242136389076779
 -0.98983136742132305
 -0.85364049424972288
 -0.32625967769526004
 0.20341932760986636
 0.78048430577675221
 0.99988395123660889
 0.76107601527488455
 0.17349680460094399
 -0.35490626986012647
 -0.78333115921436058
 -0.99108925768113243
 -0.91965447150011992
 -0.458768420102943
 0.06054731728429652
 0.68249837391928281
 0.99168720564712287
 0.84642470283328231
 0.31327897070961552
 -0.36343022125511892
 -0.8735936030877316
 -0.99958141038069237
 -0.84398406755565658
 -0.30893888111699319
 0.36768087239880365
 0.87580690915030124
 0.99943886783086799
 0.84152583106705137
 0.44655238580789536
 -0.22572055441760619
 -0.79455462137295907
 -0.99927548207434191
 -0.83905004463376487
 -0.30023946390148659
 0.23016704923830103
 0.79731920643367349
 0.99387206381583204
 0.91044811152414251
 0.57054813287203821
 -0.083321268984552388
 -0.58153233821740702
 -0.91592396357618688
 -0.96171624803204947
 -0.56679171182125632
 0.087871226153273418
 0.70226622907149605
 0.96765636088201856
 0.96045472696749501
 0.68269004969697578
 0.060809116983152368
 -0.45853535123706013
 -0.84870900418237416
 -0.99112415953073163
 -0.67934600227974873
 -0.20814497571020177
 0.32169112912610048
 0.85111530279515479
 0.99050672924155281
 0.67598778716342178
 0.051690166626058617
 -0.46663278619843457
 -0.92310219592082832
 -0.95655008992160562
 -0.55164861080812788
 -0.047129026907081685
 0.47066694847015184
 0.92484871853944095
 0.98920991118715429
 0.66922913426856767
 0.042566904316534378
 -0.60360206764425894
 -0.92657595352213129
 -0.98853055046695493
 -0.66582883744112153
 -0.038003893997068453
 0.60723674286965779
 0.97420460722463287
 0.95246591648562962
 0.66241465481381889
 0.18575915252785319
 -0.34322527295248667
 -0.86287955619046985
 -0.98710999648029529
 -0.76617566150442962
 -0.18126999201027524
 0.34751098647196554
 0.77839705386729208
 0.99992915833028506
 0.76323296473450009
 0.17677705112349806
 -0.35178945268142309
 -0.86745963149813543
 -0.98560709856610962
 -0.65208950559648549
 -0.17228042356740925
 0.49466286186017294
 0.93492156727054621
 0.98482480954644724
 0.64862049466800065
 0.16778020311875363
 -0.36032428641518216
 -0.87196734401615261
 -0.9996722530126475
 -0.75430961863744106
 -0.16327648362920538
 0.5025798571863066
 0.87419394648307691
 0.98319863295447774
 0.75130362478232604
 0.15876935902343889
 -0.36882906218473727
 -0.87640231771474386
 -0.9823547792959354
 -0.74828196255844681
 -0.30341582116580706
 0.3730699565266074
 0.87859241165578594
 0.98149043871780584
 0.63460990942125484
 0.14974527051499953
 -0.51437653572680986
 -0.88076418263196576
 -0.98060562924582517
 -0.74219188539576064
 -0.29470041031222721
 0.23580907452596009
 0.69989041958487663
 0.96681048611430065
 0.90803308413177553
 0.43313974907902392
 -0.24024453744627602
 -0.70314489208791719
 -0.99496471019671173
 -0.9061106297105701
 -0.56200240479872954
 -0.059576378176591699
 0.58993588089067583
 0.92003604147862239
 0.99095922642125844
 0.67843923510325732
 0.055017162925071701
 -0.4636834374954496
 -0.85176299094723662
 -0.99033620859227778
 -0.77987583156855622
 -0.34972204005644508
 0.32717899269765544
 0.85414673094241289
 0.98969253739172902
 0.77700924197656385
 0.34544005915608184
 -0.18344064817265887
 -0.76759251303591824
 -0.99998684795731974
 -0.77412644792750684
 -0.34115087413467143
 0.33579598627634649
 0.77051148493708665
 0.99999984205834835
 0.77122750954177499
 0.3368545744428309
 -0.19241132777952227
 -0.66747436862954301
 -0.98886154633826362
 -0.85709227829338019
 -0.47274705089475788
 0.19689069525206784
 0.77630116135875893
 0.99996326570703487
 0.76538144192408231
 0.18005533533182599
 -0.48778306643467773
 -0.86579725240239158
 -0.98616486570447182
 -0.65461181617511821
 -0.17556138821270462
 0.4917645537289167
 0.86807338083099939
 0.98539757122753024
 0.75947152679779528
 0.1710637797767971
 -0.49573578531813189
 -0.87033140566819012
 -0.99975199877945442
 -0.84753938649740079
 -0.3152694969780277
 0.21476617089501793
 0.78768576136543023
 0.99200199459009886
 0.91686822237936105
 0.58344985888275414
 -0.067569528206502957
 -0.68762445181076515
 -0.9623189105935428
 -0.96592517977336534
 -0.57973492883124911
 0.072125092364577786
 0.57235982405592067
 0.96355067000154482
 0.964733146222856
 0.57600790846049943
 -0.076679152360381836
 -0.69422716638980897
 -0.96476233464793859
 -0.9635209932503046
 -0.69085283187719815
 -0.22356930816004994
 0.30669437559828905
 0.75056131278222915
 0.98299282535971388
 0.87473921650293274
 0.50355133254811568
 -0.0094885067303111005
 -0.51985540455118928
 -0.88377743994263036
 -0.99873665898641506
 -0.73788670264166656
 -0.13889222366261242
 0.38743745727073825
 0.88590502024865936
 0.97839707357332473
 0.73479682639496002
 0.28420205879244498
 -0.39164344489493441
 -0.88801412508603927
 -0.97744277563395865
 -0.73169162602727844
 -0.12984163913676627
 0.39584126483067594
 0.81001447001553151
 0.99795451682541114
 0.72857116629725449
 0.27543350650641918
 -0.25529461712429846
 -0.714105463842164
 -0.99640156844884453
 -0.89942977303686911
 -0.54908585102167817
 -0.044062760124450776
 0.60240764654280876
 0.97281826606090593
 0.89742444567054214
 0.41077621495512678
 -0.11364173369556495
 -0.72046934828005249
 -0.99713413031232534
 -0.89540040259902232
 -0.40660830075807419
 0.26851643083041526
 0.82059061821265755
 0.99746922224264523
 0.89335768603351851
 0.40243190678191099
 -0.12271114227330605
 -0.7267731317403282
 -0.99778351204304205
 -0.89129633857472446
 -0.39824712012492786
 0.12724205514016593
 0.61688675308117347
 0.97688579182994772
 0.88921640321184137
 0.39405402806044376
 -0.13177031438553685
 -0.62047455498489301
 -0.97785179306862535
 -0.94722344751826693
 -0.64975935062759882
 -0.16925605113976636
 0.35892719724832056
 0.78599955294768586
