# Created by Octave 8.4.0, Thu Dec 11 09:16:06 2025 IST <gamana@Samsung>
# name: iq
# type: matrix
# rows: 2048
# columns: 1
 0.99706007033948296
 0.81741217677477895
 0.2631763561998442
 -0.41166286191191009
 -0.82003431881388944
 -0.99669975492155383
 -0.81477298767905471
 -0.25876789299367536
 0.41582037352034329
 0.82263935911185238
 0.9977183133033527
 0.81211680656676566
 0.39913916364882279
 -0.126277206267076
 -0.72923708866562187
 -0.97667740455693652
 -0.88966097771079677
 -0.53068550131166847
 0.13080603864129745
 0.73235430365016874
 0.97764774684509548
 0.88756644408310237
 0.52680937032475517
 0.017648480643128749
 -0.49648404018293579
 -0.93566355795921996
 -0.98445874839776404
 -0.64702319695337762
 -0.16571279352017626
 0.36227941227075194
 0.87299192731282182
 0.98364649651042202
 0.64353447266247155
 0.1612074989385934
 -0.50439146910589572
 -0.8752101648306293
 -0.98281373076484568
 -0.64003232751865924
 -0.0039492221486906965
 0.50832944618280662
 0.8774101499200383
 0.99932172244443662
 0.83972129973922371
 0.4435688105502032
 -0.077538373483401396
 -0.69484718481991314
 -0.9649887322131383
 -0.91095823285371369
 -0.43947131954170243
 0.23340805554780536
 0.69812411955698905
 0.96617647717373156
 0.90906497418168908
 0.43536466339879998
 -0.086640958364850085
 -0.58423955633417979
 -0.91725607877992499
 -0.99187874960179634
 -0.78708613347960132
 -0.36056893869878703
 0.31619243755180926
 0.7571285669469523
 0.99977318748613397
 0.86985197422915883
 0.49489079104069511
 -0.019482646357389975
 -0.52836776250192941
 -0.88841005886559066
 -0.99818451591765156
 -0.82676733230775934
 -0.42244725458354832
 0.25171070789058819
 0.81051952955911122
 0.99608070785101932
 0.90104289466802956
 0.41830364459012159
 -0.10541986916648706
 -0.71470848232620454
 -0.99647424175558452
 -0.89905278190790505
 -0.41415131091223267
 0.26053945541214196
 0.71789508624863763
 0.97301746871639383
 0.89704391948377393
 0.40999034014640989
 -0.26494572488577295
 -0.8184675601388407
 -0.99691782759704184
 -0.71851977171296921
 -0.26140610184024543
 0.41333399829856854
 0.82108283884711719
 0.99654916134521687
 0.81370802101913009
 0.2569954597374593
 -0.27374159579893415
 -0.82368099394745231
 -0.99615971215125476
 -0.81104502967743974
 -0.39745647397782563
 0.12809678987676251
 0.73049112569938079
 0.99813004161283114
 0.80836512406540517
 0.24815818877633955
 -0.28251463140679067
 -0.82882571694540641
 -0.99531849785788795
 -0.70569586549307994
 -0.24373174421850885
 0.429897566468319
 0.90652169075643541
 0.96772249425417678
 0.58545405011465856
 -0.065105013155937183
 -0.68582900348661102
 -0.99226447206662238
 -0.91602919982827036
 -0.4506338234743309
 0.06966135126844894
 0.68914533015244894
 0.99282104490079037
 0.9141878894328731
 0.44655238580789536
 -0.074216236599828955
 -0.69244728475509543
 -0.99335691254234948
 -0.83905004463376487
 -0.4424616353320619
 0.07876957415834368
 0.57781115293558072
 0.91408155714959471
 0.99285238222274652
 0.79193364505529973
 0.36792477034572635
 -0.15972964099951256
 -0.7519452059868672
 -0.99957378788416562
 -0.87372121466920871
 -0.5017386946196043
 0.011585155087853634
 0.52164543106267169
 0.88475658864781193
 0.99862910069091138
 0.83118473117740399
 0.28656929572213435
 -0.38936960356123135
 -0.88687569161064339
 -0.97796144940880547
 -0.62088584817830406
 0.020717374963544161
 0.65282663806760977
 0.98577106854626595
 0.93294154673311502
 0.61729952884911965
 -0.025282884424066471
 -0.6562791438151202
 -0.98652842266602814
 -0.86469043479524876
 -0.48585465799489252
 0.029847866612347472
 0.53714215561870826
 0.89312185138248557
 0.97500936502297297
 0.61008834407497825
 -0.034412226326070341
 -0.66314302366827793
 -0.95276179274796713
 -0.92792170728734635
 -0.60646362901863526
 -0.1141628857655048
 0.41029789267069405
 0.81917649590739106
 0.99729056693318985
 0.81564015632847064
 0.40469179829006041
 -0.12025948096078005
 -0.61133329545709125
 -0.9753574455450581
 -0.89241354939925388
 -0.53581535530827096
 0.12479178969424104
 0.6149408894302183
 0.97635482996805922
 0.94945575472370036
 0.65509208035033761
 0.023711157232476316
 -0.49121112914774684
 -0.86775773336314854
 -0.98550557398912264
 -0.65163487930751562
 -0.1716898524875731
 0.49518379281713676
 0.8700182802033074
 0.99976594875481661
 0.84787648216215594
 0.4571376091762453
 -0.21414548183765864
 -0.68383802411548178
 -0.99192158334645664
 -0.9171217121892673
 -0.45307123277109945
 0.066935492729034415
 0.56808628456274546
 0.9092054270907165
 0.96608945909027666
 0.69788263748098545
 0.23308013572095032
 -0.43977420553022362
 -0.8374171025283168
 -0.99915703246642684
 -0.87943136084701534
 -0.51196717669537917
 0.15252020218339782
 0.63677688436544455
 0.98202417657034946
 0.87724832130168195
 0.37046398183577256
 -0.15703188857470202
 -0.75014123938655175
 -0.99949029421725744
 -0.87504698682238213
 -0.5041002585096872
 0.16154030008025003
 0.64379255078461561
 0.94468646471431217
 0.97945930314329099
 0.62659092130276683
 0.13952151045415628
 -0.38685153795506044
 -0.88561006608120318
 -0.97852825047564906
 -0.62302533315261921
 -0.13499801673067219
 0.52709597262535235
 0.94764255991038049
 0.9339217455717761
 0.49222124044383364
 -0.17504494541054377
 -0.65421517251090366
 -0.94909097831870182
 -0.97660494362994621
 -0.72900630000091904
 -0.27604434499882413
 0.25468014892050156
 0.71366046350530787
 0.99634750575784725
 0.89970733514225409
 0.41551366535015938
 -0.25909361335349135
 -0.71685196162958531
 -0.99672707261570836
 -0.81984127578264621
 -0.26725439117702826
 0.26350167441270839
 0.81760638753376536
 0.99703417447419029
 0.81721787306131521
 0.26285100805909306
 -0.41197016019304566
 -0.89800156890714844
 -0.97251409436198921
 -0.60136156986289846
 0.045371365888891541
 0.67131238493471701
 0.95603558259739696
 0.97144062343148863
 0.59770660638150441
 -0.049932895571018494
 -0.67469011074952911
 -0.9573648031389832
 -0.97034689319511946
 -0.59403917778321069
 -0.09871664971980694
 0.42441466144202417
 0.9039450729211691
 0.96923292646253989
 0.59035936055186145
 0.094171220419915477
 -0.56156844030411857
 -0.90588859223877527
 -0.96809874646541105
 -0.58666723142977939
 -0.089623827187757507
 0.43266688414771959
 0.90781321933218118
 0.96694437685696777
 0.58296286741591263
 0.085074564858861945
 -0.43677950363603685
 -0.90971891406343963
 -0.96576984171147617
 -0.57924634576443579
 0.072723021987780773
 0.6913662822677682
 0.99318350320331317
 0.91293956129574116
 0.44380386387911941
 -0.077276877469169419
 -0.57658848534133278
 -0.91347334786286249
 -0.9930299656656284
 -0.79284699542711268
 -0.22298493867120009
 0.4490623659983633
 0.84303899794670245
 0.99952895764717375
 0.79005568291226769
 0.21853088889063887
 -0.31160751590123287
 -0.845486420966024
 -0.99191207448445484
 -0.78724789385798333
 -0.21407228166829007
 0.45720425744531024
 0.84791621144290719
 0.99132209360340251
 0.78442368682047992
 0.20960920998794641
 -0.46126094313928362
 -0.92075330497514141
 -0.95830055564405059
 -0.55669626344285916
 -0.053185367713742382
 0.46530800927823351
 0.92252538257895755
 0.95698557107963933
 0.67372268159183635
 0.20067004565239421
 -0.46934537146098876
 -0.92427822099980073
 -0.9894281587390571
 -0.67034093276055851
 -0.19619413942258937
 0.33322114493355337
 0.7687670104067964
 0.99999457388324242
 0.86082956821913825
 0.33942587214412534
 -0.33752338274773352
 -0.77167953460243732
 -0.98845119397121139
 -0.85849662577286689
 -0.47515292767449607
 0.19421120669451822
 0.77457596549159458
 0.99998295210296995
 0.85614577945751935
 0.33082061813699404
 -0.19868893592561135
 -0.67222720714079276
 -0.95639701164548396
 -0.92330379323078149
 -0.59671605039669295
 0.05116629481860268
 0.5550155623611589
 0.95772083556631227
 0.97004763859141163
 0.70910904562404031
 0.097487628719073738
 -0.55880854320983553
 -0.90447252011329171
 -0.96892820327769935
 -0.58936210966894675
 0.060285513420233333
 0.56258987015718354
