# Created by Octave 8.4.0, Thu Dec 11 09:16:06 2025 IST <gamana@Samsung>
# name: iq
# type: matrix
# rows: 2048
# columns: 1
 0.99706007033948296
 0.8958330830115131
 0.54224716769547932
 0.035908561572159783
 -0.48054559651702428
 -0.86162858570636269
 -0.99998815874124891
 -0.76776059380909523
 -0.18369847411188231
 0.34519391021604329
 0.86393738386991581
 0.99995550774600939
 0.85428309712852479
 0.32742682899836506
 -0.34947630729317497
 -0.86622816469789188
 -0.99990200276958874
 -0.7618765189682617
 -0.17471292102219657
 0.49251475324559779
 0.86850088041626661
 0.99982764492782827
 0.75891061748844191
 0.17021463217652491
 -0.35801914740060525
 -0.78539783471713998
 -0.99973243577145421
 -0.84708169348121221
 -0.4558054392076315
 0.21560776862847272
 0.78821639611625471
 0.99961637728604458
 0.75293139567673473
 0.1612074989385934
 -0.50439146910589572
 -0.8752101648306293
 -0.99947947189198894
 -0.74991820004097443
 -0.30576841154300655
 0.22451727661408843
 0.79380414593267479
 0.9932140410785969
 0.91283249357463192
 0.57530323197111466
 -0.077538373483401396
 -0.57680275981140672
 -0.9649887322131383
 -0.91095823285371369
 -0.5715619408474234
 -0.071154896496347181
 0.58052721149389108
 0.91542760447624616
 0.99244923265600671
 0.68691788519972474
 0.066599024229182319
 -0.45337183085077554
 -0.91725607877992499
 -0.99187874960179634
 -0.78708613347960132
 -0.36056893869878703
 0.31619243755180926
 0.7571285669469523
 0.98477925608846884
 0.93501460739056352
 0.62185347507426159
 -0.019482646357389975
 -0.65189063542320946
 -0.94811962245698522
 -0.97726040292067717
 -0.61827065004495774
 0.024048282052691987
 0.53223945734323408
 0.94956155470422277
 0.93173685042504906
 0.48693370707140277
 -0.028613416223251562
 -0.536100052379056
 -0.95098368393158716
 -0.93006880782054413
 -0.48293989111003849
 0.18550142810862433
 0.6622181460394142
 0.98778974619014315
 0.86069606453987113
 0.47893600348116838
 -0.037741799180791728
 -0.54378762121797686
 -0.95376841510680677
 -0.97322421740503984
 -0.60381116136497703
 0.042304857596161642
 0.66903422027829129
 0.95513095897934219
 0.97216437610049722
 0.60016461899422868
 -0.046867033747573464
 -0.55142982772784532
 -0.90065314739641111
 -0.99615971215125476
 -0.81104502967743974
 -0.39745647397782563
 0.2781310138013558
 0.82626197125556577
 0.99813004161283114
 0.8888218168869445
 0.52912975935153383
 -0.13262453776289626
 -0.73360221314005569
 -0.97803180066825379
 -0.88671984235211354
 -0.52524920526344476
 0.1371495197763625
 0.62472257242825535
 0.93630935971701046
 0.94546926027148714
 0.52135769715095059
 0.011247956082341949
 -0.62828195559010802
 -0.97989489953272035
 -0.94397197361676277
 -0.6421292465344145
 -0.15939674058782213
 0.50597464915570589
 0.87609610931798187
 0.99941860753662914
 0.74870337284051514
 0.15488675998232163
 -0.37248028622255525
 -0.87828874934801482
 -0.9816119409268943
 -0.74566827301361671
 -0.29966756480902224
 0.23075041581171793
 0.79768089846240808
 0.9990655247378426
 0.74261762234268391
 0.14585720244600886
 -0.38094083378193982
 -0.88261903416678134
 -0.97982756338423382
 -0.62801956676063164
 -0.14133781382581198
 0.38515923490199494
 0.80315574545163138
 0.99490081834697564
 0.83118473117740399
 0.42959307273497971
 -0.24405878165923398
 -0.80586807279352213
 -0.99837964680481783
 -0.82863699236744714
 -0.42546475484063667
 0.24848484721087891
 0.70916188232663657
 0.99578049057298412
 0.90248296796936045
 0.42132756391753479
 -0.10210611200314788
 -0.596776182900982
 -0.97116471230884116
 -0.95637512183597873
 -0.55114847945818168
 -0.046530180664730178
 0.47119581278114436
 0.85618450009160074
 0.98912190302467629
 0.77452856646619817
 0.34174815640461548
 -0.18730375783299533
 -0.77010626153079897
 -0.99999928298596319
 -0.85976064685240505
 -0.33745284137923132
 0.19178768900065554
 0.66700103896563889
 0.95431814982942342
 0.92598349239297739
 0.47330693411798463
 -0.044137625214724266
 -0.67039653886251627
 -0.95567269543164057
 -0.97173292160015401
 -0.71405300238203884
 -0.25522216160828837
 0.41915429501371138
 0.90144878500030279
 0.97064466785397419
 0.59503218556979909
 0.099945520160762913
 -0.55675851408126154
 -0.95832196740132169
 -0.92072406568307263
 -0.46119445201813503
 0.057819868091764065
 0.56054615396318941
 0.95961663851846379
 0.96840745536036532
 0.70439492085823896
 0.24195217599768648
 -0.4315531551349901
 -0.90729460854494737
 -0.99467943848793638
 -0.70114609033859421
 -0.086305000545913779
 0.43566822324319554
 0.83491237187186829
 0.99895914375123918
 0.88159605993130463
 0.51588466120556886
 0.0048469706335147475
 -0.50755612643698156
 -0.94010464142229133
 -0.94184008705436228
 -0.63720898469723852
 -0.00028026810314381957
 0.51148559287361273
 0.87916439304993654
 0.98126010988344969
 0.74444467168266415
 0.14855967449948912
 -0.37841318812873614
 -0.88133134574818639
 -0.99898455506343076
 -0.83522075023473963
 -0.29355443911615486
 0.23697409994913654
 0.70074630799898874
 0.99462153661748143
 0.83270074194778887
 0.43205874002810724
 -0.24140825635502416
 -0.80424732122389797
 -0.99508416659435028
 -0.83016336776258803
 -0.42793577198471555
 0.24583737821367846
 0.80695290413982168
 0.99827357730354438
 0.7321246402313728
 0.28043073238907928
 -0.25026137315619335
 -0.80964165812629452
 -0.99799493988328547
 -0.72900630000091904
 -0.12594267756543712
 0.39944833561707799
 0.81231352710963023
 0.99769548936931174
 0.7258727564103723
 0.27165220072888396
 -0.25909361335349135
 -0.71685196162958531
 -0.97267091294254582
 -0.95448548382986664
 -0.6674185654672885
 -0.19233778950696631
 0.33692513186863876
 0.77127520987753551
 0.99999979713272458
 0.85882233579194722
 0.47571198750746807
 -0.19358779290802877
 -0.77417388382841079
 -0.98903929380659694
 -0.92528930024995593
 -0.47169014771937318
 0.04597024429589211
 0.67175660134530502
 0.98970326637270012
 0.92354767364821833
 0.46765847087616669
 -0.050531642697646817
 -0.55448683748747507
 -0.90224138893712413
 -0.9958317729581404
 -0.70955697453770561
 -0.098120056271630993
 0.55828143375058858
 0.90420128748488515
 0.96908518718169256
 0.70633165536328146
 0.093574363747004757
 -0.56206438710514606
 -0.96013108362025967
 -0.96794835540191537
 -0.70309160570639617
 -0.089026719737560239
 0.56583561865804632
 0.90806447299328763
 0.96679133714720145
 0.58247566642925475
 -0.068765747042522973
 -0.68849451687399366
 -0.99271326475870159
 -0.91455137357013006
 -0.57875755451358868
 -0.079925956665632389
 0.57334260201009113
 0.9638707429922535
 0.91269474280555418
 0.44326655429247164
 -0.22929330316701357
 -0.79677703679194523
 -0.99377242836424529
 -0.83704828615673299
 -0.4391683835773984
 0.082426600067351322
 0.58080175758021402
 0.91556327802600634
 0.99240781401398992
 0.68667277584135678
 0.21794583567536724
 -0.45367237737390509
 -0.84580640228606607
 -0.99967416865729253
 -0.78687807629106243
 -0.36025438120915887
 0.16785407835510183
 0.75734881886213667
 0.99978031252525268
 0.78405171832161935
 0.2090229862197191
 -0.32084096299175136
 -0.76032302855692135
 -0.99986560606571262
 -0.78120900902490753
 -0.20455497621431026
 0.32516289542069804
 0.85303569840394
 0.98999571220944627
 0.77835000768533547
 0.34744071794215031
 -0.32947804660705687
 -0.76622381684746443
 -0.98712198703216847
 -0.8628416793842707
 -0.34315488624227353
 0.33378632655868862
 0.85776636300026632
 0.99999636910856871
 0.86052432995207551
 0.33886189807850309
 -0.19031800790633269
 -0.77206068735916977
 -0.99999824789995395
 -0.85818903436324712
 -0.47462533683833424
 0.042641774270994789
 0.54789656673906506
 0.95523078406663564
 0.92482021438637707
 0.59989484973093987
 -0.047203881500806025
 -0.672670926025842
 -0.9898792794040554
 -0.85346479989839097
 -0.46656650589086629
 0.051765004297932744
 0.55551415395589532
 0.90277326207257647
 0.96990183591888457
 0.5925624553559925
 -0.056325047540602191
 -0.55930560942458629
 -0.95919436693370819
 -0.91952198293002108
