# Created by Octave 8.4.0, Thu Dec 11 09:16:06 2025 IST <gamana@Samsung>
# name: iq
# type: matrix
# rows: 2048
# columns: 1
 0.99706007033948296
 0.71979445629436789
 0.2631763561998442
 -0.26757933088703667
 -0.82003431881388944
 -0.99739959216031482
 -0.89379434027545168
 -0.53840448048633571
 0.12174574039319934
 0.61251750219373202
 0.9307412043625467
 0.98677225365717247
 0.7648265315825612
 0.32742682899836506
 -0.20221001589228241
 -0.67488367890591883
 -0.95744053896247205
 -0.97028346167186075
 -0.70979455630350563
 -0.098455644439192053
 0.55800162607063519
 0.95874864621098477
 0.96916833338707042
 0.59014764102010608
 -0.059314559022868391
 -0.68159522404935846
 -0.96003675884366646
 -0.96803299318482094
 -0.58645480711822251
 0.06387260574650877
 0.6849297096298741
 0.9613048499970458
 0.91652386521001739
 0.451735955545704
 -0.22006481733715735
 -0.68824991106358091
 -0.96255289322519511
 -0.96570177215863195
 -0.69680949900727573
 -0.23162385210571532
 0.44111841487869557
 0.91171342092136254
 0.96450593995209644
 0.69352673492061989
 0.07570928483461975
 -0.57680275981140672
 -0.91358003901312201
 -0.99299901827171977
 -0.69022950739697697
 -0.071154896496347181
 0.58052721149389108
 0.91542760447624616
 0.96205395684648265
 0.68691788519972474
 0.21827493776079607
 -0.31185672933426212
 -0.84562645019083471
 -0.99966550404728993
 -0.78708613347960132
 -0.36056893869878703
 0.16752163237433296
 0.64842084563481195
 0.98477925608846884
 0.93501460739056352
 0.62185347507426159
 -0.019482646357389975
 -0.52836776250192941
 -0.88841005886559066
 -0.97726040292067717
 -0.73110392955089265
 -0.12898709931501984
 0.53223945734323408
 0.89049714453735651
 0.97628187600863758
 0.72798059751291655
 0.12445719769369468
 -0.536100052379056
 -0.95098368393158716
 -0.93006880782054413
 -0.61106639304019938
 0.033177953663624922
 0.53994946709703096
 0.89461555903131029
 0.97426376220703059
 0.60744511130886403
 0.11538970234524717
 -0.54378762121797686
 -0.89664680196432855
 -0.99691782759704184
 -0.71851977171296921
 -0.26140610184024543
 0.26934646894041164
 0.72422331303918408
 0.97508422786670002
 0.95126092405016316
 0.53685768197021277
 -0.1235663705437246
 -0.61396655002752176
 -0.976087115172108
 -0.94984269133657262
 -0.5329992784866211
 -0.024945769805903319
 0.61756479500956363
 0.977069646269493
 0.94840464974003225
 0.65257115358035622
 0.020380225184827103
 -0.49411048094498033
 -0.86940874861318307
 -0.98493489813929835
 -0.64910403070761957
 -0.16840663519935209
 0.49807561849560866
 0.93630935971701046
 0.94546926027148714
 0.64562337082936083
 0.011247956082341949
 -0.62828195559010802
 -0.97989489953272035
 -0.94397197361676277
 -0.6421292465344145
 -0.15939674058782213
 0.36823831622717579
 0.87609610931798187
 0.99941860753662914
 0.74870337284051514
 0.15488675998232163
 -0.37248028622255525
 -0.79491849299250317
 -0.99342572139859497
 -0.83872373119254717
 -0.29966756480902224
 0.23075041581171793
 0.69616529633341284
 0.99393815228930615
 0.83622815318000376
 0.29530760337493717
 -0.2351914734962077
 -0.6994363906929727
 -0.96664793069210975
 -0.90829909993624047
 -0.56629770197952101
 -0.064768503918316747
 0.45500618041280882
 0.91798520548608953
 0.96028763077360757
 0.56252791462795315
 -0.093016272330551625
 -0.58942264809752398
 -0.91978685548894856
 -0.95900345199133619
 -0.55874639580788033
 -0.055651663500177161
 0.59310560008093594
 0.970065839412798
 0.95769927327928239
 0.67554588354773948
 0.051091454836268826
 -0.596776182900982
 -0.92333257210777409
 -0.98978334287695413
 -0.77740910920537365
 -0.34603634430327534
 0.18281592046248438
 0.7671850584004416
 0.99998338686828148
 0.77452856646619817
 0.34174815640461548
 -0.18730375783299533
 -0.66359162882274891
 -0.98807388314734257
 -0.85976064685240505
 -0.47732479867057148
 0.039574909776025805
 0.66700103896563889
 0.98876676377317252
 0.85741947795759588
 0.47330693411798463
 -0.044137625214724266
 -0.54914848010589656
 -0.89946252330987009
 -0.97173292160015401
 -0.71405300238203884
 -0.10448831771420683
 0.55295926305115228
 0.95700731056670041
 0.97064466785397419
 0.59503218556979909
 -0.053260199497821945
 -0.55675851408126154
 -0.90341624705829937
 -0.96953617140151371
 -0.59135571103587237
 0.057819868091764065
 0.56054615396318941
 0.95961663851846379
 0.91893247106273235
 0.4571376091762453
 -0.21414548183765864
 -0.78729410116229492
 -0.99965672575733444
 -0.75391589745208354
 -0.16268499548422688
 0.36513865163940556
 0.87448489466216361
 0.98308902348526839
 0.75090784312405601
 0.30719361949593094
 -0.36938623316022245
 -0.87669086913002936
 -0.99937573922465328
 -0.84053339739696464
 -0.30284452437160619
 0.3736261111647376
 0.79566716792130066
 0.99920398154940382
 0.8380505755510308
 0.44081575119861865
 -0.080598222732407257
 -0.57930743003644081
 -0.91482395692723983
 -0.99263176838203893
 -0.68800522698678646
 -0.068092886001361541
 0.45203678212348919
 0.8448263018309673
 0.99206806997202313
 0.78800882612502365
 0.36196507827028734
 -0.16604534267755786
 -0.64728028114969927
 -0.94617437850265707
 -0.97852825047564906
 -0.73522771206905113
 -0.13499801673067219
 0.39105865519140504
 0.80695290413982168
 0.99552604418141488
 0.82760868059582926
 0.42380387937971431
 -0.25026137315619335
 -0.80964165812629452
 -0.99594716016336071
 -0.82503673372531272
 -0.4196631483833223
 0.10393083342588144
 0.71366046350530787
 0.99634750575784725
 0.89970733514225409
 0.41551366535015938
 -0.25909361335349135
 -0.81496845536821072
 -0.99737523200663469
 -0.72272407480947987
 -0.26725439117702826
 0.4078046943816232
 0.81760638753376536
 0.99708585282110707
 0.8956831742115805
 0.40718878950252729
 -0.26790424016846759
 -0.82022726859247486
 -0.99742383889171715
 -0.89364305358104223
 -0.40301357030258678
 0.27230121880568781
 0.82283104388607065
 0.99774102377887197
 0.81191999367161027
 0.25402788856811498
 -0.42027523032400022
 -0.82541765911308806
 -0.99803740086770543
 -0.8895069447213011
 -0.53039965315243032
 0.13114035477173422
 0.73258388378708994
 0.99831296397730396
 0.80655438456449347
 0.39043783300440948
 -0.13566625401455998
 -0.62355274104028446
 -0.9786670389969816
 -0.88529663390267133
 -0.52263478249728768
 0.14018932395002348
 0.73877016397742057
 0.99880162570560704
 0.88316376227426374
 0.51873595737724332
 0.0081786417543016701
 -0.63066698845287272
 -0.93896368106054662
 -0.98275142388085146
 -0.74969507541622005
 -0.15636577838437321
 0.37109035081734881
 0.79400918965226941
 0.99930924739545157
 0.7466650879372424
 0.15185361630993485
 -0.51254640924252104
 -0.87975221252868729
 -0.98102139639313612
 -0.74361952882577431
 -0.14733828734210935
 0.51646230997311038
 0.88191419914391256
 0.99892815261664103
 0.74055846159663596
 0.29237364760094314
 -0.23817371995497297
 -0.7016268198592065
 -0.96742949194927785
 -0.90701080238006038
 -0.56376518666406916
 0.091525398699506169
 0.58821246313156828
 0.91919827200598381
 0.99124310746588995
 0.68000451891008395
 0.2090229862197191
 -0.46179277882615533
 -0.92098703315352426
 -0.99062973958423328
 -0.67664908345507713
 -0.20455497621431026
 0.46583857587044308
 0.92275658720024012
 0.95681146172407272
 0.55239718669227666
 0.048025767413371868
 -0.5992363264894498
 -0.92450689724225354
 -0.95547390137131483
 -0.54858470737123244
 0.10969933265927975
 0.71771247291264939
 0.97295691831292452
 0.95411641469722341
 0.66649838973862252
 0.19112572350826018
 -0.33808764542683351
 -0.86010488691058218
 -0.99999824789995395
 -0.85818903436324712
 -0.33456184298063663
 0.34238191350790442
 0.7749550010800943
 0.98922088721011936
 0.92482021438637707
 0.59989484973093987
 0.10597726537005564
 -0.55171111329001665
 -0.95657193676094487
 -0.92307337556835656
 -0.46656650589086629
 0.051765004297932744
 0.67604300803596629
 0.9905170277556401
 0.92130728613903012
 0.4625224530463129
 -0.056325047540602191
 -0.55930560942458629
 -0.95919436693370819
 -0.91952198293002108
