# Created by Octave 8.4.0, Thu Dec 11 09:16:06 2025 IST <gamana@Samsung>
# name: iq
# type: matrix
# rows: 2048
# columns: 1
 0.99706007033948296
 0.81741217677477895
 0.2631763561998442
 -0.26757933088703667
 -0.72295709950342013
 -0.97467563508643473
 -0.95182505386520067
 -0.6608424346775631
 -0.18369847411188231
 0.34519391021604329
 0.86393738386991581
 0.98677225365717247
 0.7648265315825612
 0.17920756624578818
 -0.48853519495787168
 -0.93240144544834269
 -0.94898469904253735
 -0.53068550131166847
 0.13080603864129745
 0.73235430365016874
 0.9982933274023793
 0.80675369022336518
 0.39074826631547099
 -0.13533214306748165
 -0.73545624545231092
 -0.99854960836650131
 -0.80404686683955928
 -0.38654055032865986
 0.28950866682443271
 0.73854284938133441
 0.99878506466934591
 0.80132327513146184
 0.3823247730738224
 -0.29387678624149521
 -0.83540614555488213
 -0.99410164801316581
 -0.79858297189933158
 -0.37810102247061
 0.14889314503908596
 0.7446697864578582
 0.99919348408392272
 0.795826014291943
 0.22776270875812374
 -0.44467530925009219
 -0.84039127412617853
 -0.99936643867810504
 -0.87681701130020206
 -0.36962995372724544
 0.30694400810481892
 0.84285757488642232
 0.99252258712934649
 0.79026236628191826
 0.21885994682257345
 -0.45283739864252964
 -0.91701713273622421
 -0.96096389680019023
 -0.56453861324632804
 -0.062640100920432637
 0.58745466967796534
 0.96834201569969813
 0.90547621171446713
 0.56076333730312433
 -0.095139548270323407
 -0.7074437119555298
 -0.99555418111633831
 -0.90352867364395562
 -0.42353371648758381
 0.25055012432599388
 0.80981667424265691
 0.99597394084470992
 0.90156229256511944
 0.41939241125671961
 -0.25496855601805113
 -0.71386935569545051
 -0.99637292962711677
 -0.82227788557542325
 -0.27136515109077158
 0.40390358431741602
 0.81514125844927376
 0.99735359228657894
 0.81967046225225382
 0.41108364817213194
 -0.2637893753289251
 -0.81777807867994523
 -0.99710856150388383
 -0.81704594477612835
 -0.26256323079292387
 0.41224190941091793
 0.82039784422314799
 0.99744518925670833
 0.89350916421702653
 0.40274059281794244
 -0.27258818954079106
 -0.82300050044391804
 -0.99626397487379925
 -0.71297876100860635
 -0.25373940768005926
 0.27697911528932728
 0.82558599306409242
 0.9958592045473037
 0.80907037654641034
 0.24931951252214782
 -0.28136426466360176
 -0.732786865240457
 -0.99833023683073185
 -0.88727351480775274
 -0.52626912142131255
 0.13596174373021105
 0.73588667659484908
 0.97872827240875171
 0.94585911105081744
 0.64653853612139678
 0.012446879804004154
 -0.50099304609792072
 -0.87330169381830114
 -0.99959857501484162
 -0.84430547076328211
 -0.45116892498574845
 0.22068466858110061
 0.79140713775866534
 0.99945876892177954
 0.74949766303491105
 0.30516331108887712
 -0.22513648186182605
 -0.79419046418651007
 -0.99328774666866293
 -0.83937605651620018
 -0.44299918341678873
 0.2295835999416955
 0.79695722784443679
 0.99380561813976886
 0.83688506593351708
 0.43890041192735763
 -0.082723834708230817
 -0.58104452330167577
 -0.91568318697947149
 -0.99237108747937297
 -0.68645592515687359
 -0.065964947481356728
 0.45393815108493785
 0.91750900165457205
 0.99179772524216159
 0.68312798938494734
 0.06140750055749996
 -0.4580025039766078
 -0.91931568176287859
 -0.99120367915358121
 -0.78386655901666646
 -0.35571182422530373
 0.17264802280907673
 0.65237239211708042
 0.94832145702324677
 0.93315721720895184
 0.61777106458305009
 -0.024683567584122105
 -0.5327773384036506
 -0.94976063540733258
 -0.93150589989614585
 -0.61417355727376055
 0.029248624419785225
 0.65926730919879128
 0.98716965449191374
 0.86269088167818231
 0.34287472804206498
 -0.3340674597427386
 -0.76934084225103916
 -0.98788854908409174
 -0.86037235870082118
 -0.3385812756015224
 0.33836832085936525
 0.86025699276107992
 0.99999764510740319
 0.76948539985226694
 0.33428076207929353
 -0.19509179197758988
 -0.77514346754330132
 -0.99997730700065079
 -0.855681532510988
 -0.47033764499814956
 0.047501800152673058
 0.67289158612426403
 0.95665883394443718
 0.9709323531193822
 0.71169124950496054
 0.10113845243725826
 -0.55576212891349452
 -0.90290150563228622
 -0.99569075802413742
 -0.70847575239886129
 -0.24754254243781962
 0.42634481825710085
 0.82918110175267723
 0.99843452487561368
 0.80529176356133636
 0.24311538503196514
 -0.28750105989676866
 -0.83172515286421833
 -0.99480224349196023
 -0.80257586383243718
 -0.238683157476864
 0.29187196277234689
 0.74020585561680541
 0.98002148790987431
 0.88216136341728757
 0.38004130030372729
 -0.14681942614894028
 -0.74326870013664503
 -0.98091954833887085
 -0.88000148718019999
 -0.51299676227404978
 0.15133511286020959
 0.63585193404755169
 0.94124731455764654
 0.98149043871780584
 0.63460990942125484
 0.14974527051499953
 -0.37730307052849954
 -0.88076418263196576
 -0.99903785701884862
 -0.83587950193743465
 -0.29470041031222721
 0.23580907452596009
 0.80080742946930705
 0.99449663319225301
 0.90803308413177553
 0.43313974907902392
 -0.089101359923037027
 -0.70314489208791719
 -0.99496471019671173
 -0.9061106297105701
 -0.56200240479872954
 -0.059576378176591699
 0.45963249696403663
 0.92003604147862239
 0.95882316854271554
 0.67843923510325732
 0.055017162925071701
 -0.4636834374954496
 -0.85176299094723662
 -0.99989829655683926
 -0.86635918424039315
 -0.48876403164850379
 0.02651744823474227
 0.657210456600686
 0.95033318806978884
 0.97574414474424187
 0.72628498216555015
 0.27222911179731163
 -0.25851453458985668
 -0.7164338434351224
 -0.97253154049542179
 -0.95466411877607582
 -0.54629825097485496
 -0.040734014305628702
 0.47630511916939311
 0.92726435688547848
 0.98825184187956794
 0.66445900241171152
 0.036170674170068154
 -0.60869325477939451
 -0.92896449571977835
 -0.9875435880617639
 -0.76792862176621013
 -0.33198580663880228
 0.34494773752928914
 0.86380526864144591
 0.98681473911223938
 0.65760573526850563
 0.17946559704239815
 -0.4883063246597511
 -0.93230661792593683
 -0.94906737002852937
 -0.53090778593700405
 -0.022476508495481912
 0.49228647034934875
 0.93394853159813018
 0.94761862707272504
 0.6506976111800985
 0.1704730818139559
 -0.35777423772728167
 -0.78523545681431273
 -0.99973846832989566
 -0.84722105796878744
 -0.31470050977912667
 0.36203493382883944
 0.8728639727838754
 0.98369370243437959
 0.64373520641664106
 0.0087781241696827904
 -0.50416497693069873
 -0.87508325720214741
 -0.99948789907851565
 -0.84233373325760386
 -0.30601812220757368
 0.22426168196300064
 0.6913662822677682
 0.99318350320331317
 0.83986369513887471
 0.30166731015025761
 -0.37477136626322854
 -0.87946703079104571
 -0.98113746362030607
 -0.74402022533661394
 -0.29731020684864817
 0.23315300908548614
 0.69793630702392573
 0.96610880593672932
 0.90917422426779237
 0.43560076978030499
 -0.23759142540159833
 -0.70119952048348844
 -0.96727755929629
 -0.96087054195295962
 -0.6837833448964501
 -0.21407228166829007
 0.3159436001005983
 0.75695720037518566
 0.98473363488519361
 0.93510758318871434
 0.49511868617650917
 -0.019220412485174646
 -0.52814506197965061
 -0.94803620646607956
 -0.97731598449780854
 -0.61847677409526547
 0.023786074093560219
 0.65514869784289442
 0.98628238008474745
 0.86544154726569933
 0.48716277849229406
 -0.028351239645533603
 -0.65859201221444852
 -0.95090254255329998
 -0.97534090919269134
 -0.72502274927095844
 -0.27046345643873931
 0.40476032444000531
 0.81568351013060969
 0.996826148420485
 0.81913351355534125
 0.41022955169625069
 -0.26469280590935218
 -0.72088496686581061
 -0.97400162091040132
 -0.89513330545907011
 -0.5409255064241385
 0.11877295193178608
 0.61014771823920522
 0.97502601079265327
 0.8930881406545097
 0.40188301863227083
 -0.27348932174976931
 -0.82353223714346102
 -0.997823225944791
 -0.89102435057797791
 -0.39769713668888385
 0.12783666325953147
 0.61735848295232298
 0.93296852388111462
 0.98575846919369059
 0.65276987015171895
 0.17316468790596914
 -0.3552215182091768
 -0.78354073279034975
 -0.99979722047228137
 -0.75788587203879176
 -0.1686651663634062
