# Created by Octave 8.4.0, Thu Dec 11 09:16:06 2025 IST <gamana@Samsung>
# name: iq
# type: matrix
# rows: 2048
# columns: 1
 0.99706007033948296
 0.8958330830115131
 0.40749676511192734
 -0.11721173552297842
 -0.60890133064396568
 -0.97467563508643473
 -0.95182505386520067
 -0.53840448048633571
 -0.031344426666491253
 0.48454544831307755
 0.86393738386991581
 0.98677225365717247
 0.65740811854692949
 0.17920756624578818
 -0.34947630729317497
 -0.77971163284007661
 -0.9902997991842033
 -0.85190037886372305
 -0.32310844176316006
 0.35375141607369498
 0.86850088041626661
 0.985250469487432
 0.75891061748844191
 0.17021463217652491
 -0.35801914740060525
 -0.87075548362775734
 -0.98445874839776404
 -0.64702319695337762
 -0.013082302230897626
 0.50044297299076146
 0.93726536135324057
 0.94457581101048138
 0.5190242297318719
 0.0085158509884466927
 -0.63040525104876677
 -0.9388476181633828
 -0.94306674230411036
 -0.51511538248430411
 -0.0039492221486906965
 0.63394365677250586
 0.98132503246572256
 0.94153800602658821
 0.63651683455885644
 -0.00061748905173052778
 -0.63746884165893469
 -0.94195336044907441
 -0.93998963405957092
 -0.50726554167848714
 0.0051841873744737305
 0.64098073219064022
 0.9434767811546485
 0.98019252618813468
 0.74078502926765999
 0.14315364154996899
 -0.38346563566337838
 -0.8839001337219804
 -0.9792778829548171
 -0.62589100331904679
 0.014317164436864309
 0.64796433750803051
 0.94646456283791902
 0.97834281697030223
 0.73461889791047752
 0.28395058142647778
 -0.24670748503358705
 -0.80748280845543519
 -0.99822044475942118
 -0.82710443109173448
 -0.27956888546549696
 0.25113046123705945
 0.81016824749014416
 0.99793771528696562
 0.72839148523155783
 0.27518135912083291
 -0.25554820013760671
 -0.71428904737035315
 -0.9718124784500537
 -0.89931510730645936
 -0.54886662494658134
 0.10936414063460427
 0.60261697710835183
 0.92611076224270938
 0.98871630425468959
 0.77279742987957578
 0.33917914848910674
 -0.18998693966562338
 -0.66563312401798547
 -0.95376841510680677
 -0.97322421740503984
 -0.60381116136497703
 -0.1108522977199087
 0.41333399829856854
 0.89865934540983339
 0.99654916134521687
 0.81370802101913009
 0.2569954597374593
 -0.27374159579893415
 -0.72736480393270331
 -0.99784048800762737
 -0.81104502967743974
 -0.25257945801771692
 0.2781310138013558
 0.73049112569938079
 0.99813004161283114
 0.8888218168869445
 0.52912975935153383
 -0.13262453776289626
 -0.62115016073397611
 -0.93469587767668683
 -0.94694682925076201
 -0.64910403070761957
 -0.015814255536007973
 0.62472257242825535
 0.9789735583027539
 0.94546926027148714
 0.64562337082936083
 0.011247956082341949
 -0.62828195559010802
 -0.93790331511077729
 -0.98331443318542888
 -0.6421292465344145
 -0.0066814220535604723
 0.63182823598891091
 0.98079580514366582
 0.8803031412508725
 0.51354214370764828
 -0.15070692720004675
 -0.6353613396672978
 -0.94103251339940608
 -0.9409183725946465
 -0.63510089645229451
 0.002451968787792662
 0.51383147181467992
 0.88046307274605584
 0.98072997867282441
 0.63156681724073349
 -0.0070186351243288854
 -0.6423877224089799
 -0.98337572251258365
 -0.93778628091338123
 -0.62801956676063164
 -0.14133781382581198
 0.38515923490199494
 0.88475658864781193
 0.99862910069091138
 0.83118473117740399
 0.28656929572213435
 -0.24405878165923398
 -0.70593475145094076
 -0.99535103343762399
 -0.90444055412780355
 -0.42546475484063667
 0.24848484721087891
 0.80856359383003795
 0.99810937180197989
 0.82607197240836805
 0.42132756391753479
 -0.10210611200314788
 -0.71237422369576531
 -0.97116471230884116
 -0.90050656061068934
 -0.41718158624638879
 0.106647885100269
 0.60043432000801411
 0.92507656477813749
 0.98912190302467629
 0.66878354895063952
 0.19413769499189698
 -0.33519734327953327
 -0.85853505300654542
 -0.99999928298596319
 -0.85976064685240505
 -0.33745284137923132
 0.33949636032895242
 0.77301140416510317
 0.98876676377317252
 0.85741947795759588
 0.33315048880552711
 -0.1962676204535162
 -0.67039653886251627
 -0.98943902375805948
 -0.85506042765754497
 -0.32884118840868792
 0.20074345876300026
 0.7787732659358052
 0.99009064908208233
 0.92249645868675645
 0.59503218556979909
 0.099945520160762913
 -0.4232961049202259
 -0.82729391853123047
 -0.99824049707315343
 -0.80728383888807087
 -0.39157449206599887
 0.1344425905599955
 0.73484765382093153
 0.99850087127598641
 0.80458031858614487
 0.24195217599768648
 -0.28864923917442065
 -0.83239022919382866
 -0.99874042183395029
 -0.88374237340992023
 -0.51979138698807437
 -0.0094135720807538813
 0.62970809852713572
 0.9802592560561354
 0.88159605993130463
 0.51588466120556886
 0.0048469706335147475
 -0.50755612643698156
 -0.94010464142229133
 -0.94184008705436228
 -0.63720898469723852
 -0.00028026810314381957
 0.63677688436544455
 0.94165156452784582
 0.98126010988344969
 0.63368282102553841
 -0.0042864402721787022
 -0.64029139418445169
 -0.94317884957564335
 -0.98036992927622912
 -0.63014344195625305
 0.0088530592542075646
 0.51931244306408963
 0.88347991836137973
 0.99876839005325435
 0.83270074194778887
 0.43205874002810724
 -0.090295534556014037
 -0.58721328002020379
 -0.91871124287477057
 -0.99140542991536318
 -0.68090949590265359
 -0.21023052492737404
 0.31967102992783158
 0.84999372710788945
 0.99984459710808049
 0.86803617648167908
 0.49169930172031201
 -0.023150774917322287
 -0.53147920723192421
 -0.89008831623897289
 -0.99795681568327577
 -0.72859580436412763
 -0.1253479245351545
 0.53534199070844268
 0.95070567735066669
 0.93039825583691349
 0.61177679275157582
 -0.03228067746727812
 -0.53919360967645114
 -0.89421404774089186
 -0.99733164502037164
 -0.72230960577372771
 -0.26667664556397536
 0.40835200966649993
 0.89624896177632396
 0.97343018170617923
 0.60452654479767098
 0.11174447715168292
 -0.54686303302069939
 -0.89826518462114757
 -0.97237432869411289
 -0.60088247193461142
 -0.10720520770894533
 0.41667209244439368
 0.82317158576534022
 0.99623791357870883
 0.7127674959659509
 0.25344800457390221
 -0.27726856730996369
 -0.82575594426271981
 -0.9958317729581404
 -0.70955697453770561
 -0.098120056271630993
 0.42495741676912124
 0.90420128748488515
 0.96908518718169256
 0.70633165536328146
 0.24460232913425128
 -0.28603222367582692
 -0.73609062150147797
 -0.97879003285201549
 -0.88501768945102288
 -0.52212357749623084
 0.14078288242199291
 0.739174071362661
 0.97971538920854007
 0.94426787605151563
 0.51822332755886968
 0.007579156399447378
 -0.50520008637124525
 -0.93916975144443327
 -0.98264038014960697
 -0.74929819892961036
 -0.30487641615082528
 0.37164698154682685
 0.79437348885950676
 0.99332254714470691
 0.9124495962882887
 0.44272908539363282
 -0.22987679354026777
 -0.69552053257264068
 -0.96523400365410972
 -0.96303809447365774
 -0.57079305217832044
 0.083024049161836255
 0.69879448646745346
 0.96641761755445421
 0.9617979407123759
 0.6862368330812747
 0.065664349888776924
 -0.58499952832103697
 -0.91762877196428794
 -0.99175917517015522
 -0.78650797591622545
 -0.35969506676312935
 0.16844504627689136
 0.64913367297479352
 0.98494163591257178
 0.93468202593693384
 0.4940766020351256
 -0.17294474200973087
 -0.76071229679451158
 -0.9857208902953204
 -0.93304888471162306
 -0.61753414561920106
 0.024984725418574237
 0.65605407714726538
 0.94985487692820725
 0.93139628483667047
 0.61393579106118823
 -0.029549744948994879
 -0.65949379232148519
 -0.95127294048507149
 -0.92972426077688541
 -0.61032463292808226
 0.034114148222200179
 0.5407376690846597
 0.95267116533126794
 0.9280328474021986
 0.60670074653023509
 -0.038677840047918133
 -0.54457350353335932
 -0.95404952230694451
 -0.92632207998686111
 -0.47409757541945252
 0.1953872453297896
 0.77533375814590866
 0.98930849540251009
 0.92459199420879312
 0.47007177393068039
 -0.19986389567129473
 -0.67311440314957505
 -0.98996417831535322
 -0.8531522147574826
 -0.46603616913778467
 0.20433637786943065
 0.78106958064656473
 0.99986924220881324
 0.76046806291977498
 0.17257420962805015
 -0.49440363247218816
 -0.93481568921209757
