# Created by Octave 8.4.0, Thu Dec 11 09:16:06 2025 IST <gamana@Samsung>
# name: iq
# type: matrix
# rows: 2048
# columns: 1
 0.99706007033948296
 0.81741217677477895
 0.2631763561998442
 -0.26757933088703667
 -0.82003431881388944
 -0.99739959216031482
 -0.89379434027545168
 -0.40332217000396425
 0.27197672523161615
 0.82263935911185238
 0.9977183133033527
 0.81211680656676566
 0.25435403320662997
 -0.41996921323270014
 -0.82522724334078956
 -0.99801622712169602
 -0.80944368883232731
 -0.39494783328271993
 0.13080603864129745
 0.61971144815431445
 0.93404224138678449
 0.985250469487432
 0.75891061748844191
 0.17021463217652491
 -0.49648404018293579
 -0.87075548362775734
 -0.98445874839776404
 -0.64702319695337762
 -0.013082302230897626
 0.62685369828083859
 0.97952724534565039
 0.94457581101048138
 0.64353447266247155
 0.0085158509884466927
 -0.63040525104876677
 -0.9388476181633828
 -0.98281373076484568
 -0.64003232751865924
 -0.0039492221486906965
 0.50832944618280662
 0.94041029539182541
 0.98196046852828767
 0.74688936492934765
 0.15218691789985109
 -0.51225682209534928
 -0.94195336044907441
 -0.98108672759545423
 -0.74384495350793745
 -0.14767181956608888
 0.51617351493844721
 0.9434767811546485
 0.98019252618813468
 0.74078502926765999
 0.29269611680139745
 -0.38346563566337838
 -0.8839001337219804
 -0.9792778829548171
 -0.73770965602296679
 -0.28832635562389775
 0.24227936376794221
 0.70463424304951916
 0.96849149417710867
 0.95952171996815627
 0.56026686158099936
 -0.095736315726760557
 -0.59162761605977232
 -0.92085560177722303
 -0.99067573919877039
 -0.78141948139773487
 -0.20488505504967391
 0.32484398121003566
 0.76306347130970409
 0.99992600201619608
 0.77856168107880996
 0.20041309089354509
 -0.3291596362235587
 -0.85523523768182264
 -0.98939008741680945
 -0.67014628176077173
 -0.19593694714062365
 0.3334684266427943
 0.76893472152711884
 0.99999540351778604
 0.86069606453987113
 0.47893600348116838
 -0.18998693966562338
 -0.77184632306809275
 -0.98849090621939795
 -0.85836209249050632
 -0.47492212768549869
 0.042304857596161642
 0.54761443469753268
 0.95513095897934219
 0.97216437610049722
 0.71533610577853302
 0.2569954597374593
 -0.27374159579893415
 -0.72736480393270331
 -0.99784048800762737
 -0.89090525512361429
 -0.39745647397782563
 0.2781310138013558
 0.82626197125556577
 0.99813004161283114
 0.80836512406540517
 0.39326182440105123
 -0.13262453776289626
 -0.62115016073397611
 -0.97803180066825379
 -0.88671984235211354
 -0.38905897338469098
 0.28689235719527861
 0.73669800137329189
 0.99864669548498619
 0.80295479393864755
 0.38484800857883378
 -0.29126409986974627
 -0.83390129996400719
 -0.99887378497716794
 -0.88246046011956136
 -0.51745531617108087
 0.14619080877256765
 0.74284342228831535
 0.99908004304739784
 0.8803031412508725
 0.37640208904310912
 -0.15070692720004675
 -0.74589292680788943
 -0.99926546539418393
 -0.79471385035233399
 -0.22597606066310341
 0.44631769078305872
 0.84138411242655475
 0.99285238222274652
 0.68933536277182117
 0.069922994692288284
 -0.58153233821740702
 -0.91592396357618688
 -0.96171624803204947
 -0.68601985967528778
 -0.065366737446402923
 0.4544722474186727
 0.84628500582049038
 0.99969668159732372
 0.78632374567415608
 0.21260949086681319
 -0.45853535123706013
 -0.84870900418237416
 -0.99979872672709624
 -0.7834941685839707
 -0.20814497571020177
 0.46258889234239531
 0.92133642208986943
 0.95787162097705481
 0.67598778716342178
 0.20367611970904997
 -0.46663278619843457
 -0.8535038514756933
 -0.99994026315875784
 -0.86469043479524876
 -0.48585465799489252
 0.18222648701769353
 0.76680038323000432
 0.99997975150891727
 0.77490763686045938
 0.34231150373757346
 -0.33463246164541943
 -0.769723690212191
 -0.99999838537229402
 -0.86006665733274223
 -0.47785151315373381
 0.038975868375956735
 0.66655425462834572
 0.98867698022951811
 0.85772783948271503
 0.47383495062976799
 -0.043538697587652483
 -0.5486473611136512
 -0.89920037971003641
 -0.97187427959669481
 -0.71447258176090922
 -0.10508452125710538
 0.55245965203411107
 0.90118910628606363
 0.99605082436071568
 0.7112699746563621
 0.25138433026619494
 -0.42275288344574552
 -0.90315903864523062
 -0.99563498366487102
 -0.80763749908038651
 -0.24696165236387882
 0.42688702935371275
 0.90511013570477716
 0.96855678155907665
 0.58815185864004971
 -0.061779983200696019
 -0.68340048286253452
 -0.9607251061180615
 -0.91736051401446572
 -0.45360559371491849
 0.066337321269096597
 0.56759280932219036
 0.90895566155885299
 0.96624408194516875
 0.58074075304553097
 0.082351916843145981
 -0.57134670254418518
 -0.9108500101553022
 -0.96505749357654713
 -0.69503578367345586
 -0.077799864163606514
 0.44333372670715848
 0.83957884657315829
 0.99324451062833596
 0.6917451883744351
 0.073246188974974799
 -0.44742250073204154
 -0.84205089924673893
 -0.99270423190419643
 -0.7911789548115935
 -0.36677613873400783
 0.30986384760900021
 0.75275876160493482
 0.98359922291909652
 0.93735676535810908
 0.62705803109328695
 -0.012820041241621906
 -0.5226986699188424
 -0.88533147958915415
 -0.99856369517541654
 -0.83049745413946297
 -0.28538589488842303
 0.24525622822431584
 0.70680891937608892
 0.99546921963032331
 0.82794503673297959
 0.42434680629691318
 -0.098791221410575017
 -0.71003205735290709
 -0.970365004227011
 -0.9573431522354271
 -0.55392544587614156
 -0.049858050913958639
 0.46825450996007534
 0.9238061010348807
 0.98960650546753481
 0.77663172110021084
 0.19740496596936324
 -0.3320564935482308
 -0.76797662005141698
 -0.98755537645856961
 -0.92893675340063486
 -0.60863379684069807
 -0.11687683236262683
 0.4078046943816232
 0.89598288993909425
 0.99703417447419029
 0.7195603208637491
 0.26285100805909306
 -0.41197016019304566
 -0.89800156890714844
 -0.99667232388470672
 -0.8145774273355405
 -0.40301357030258678
 0.27230121880568781
 0.82283104388607065
 0.99628968778454041
 0.71318786016985414
 0.25402788856811498
 -0.27669251862572475
 -0.82541765911308806
 -0.99803740086770543
 -0.8895069447213011
 -0.39463800471769866
 0.28107804804847464
 0.73258388378708994
 0.99831296397730396
 0.80655438456449347
 0.24518357827358583
 -0.28545771561406558
 -0.73568469520097368
 -0.99856770736082057
 -0.80384632102063036
 -0.24075370706548865
 0.28983142998495609
 0.73877016397742057
 0.97959507615814501
 0.88316376227426374
 0.38201314970538847
 -0.14470947024985625
 -0.74184022576927944
 -0.99901471413331877
 -0.7983799583331106
 -0.231878994448591
 0.44088301412749958
 0.91160563668947248
 0.99355785265223451
 0.69371566783016436
 0.22743433812111521
 -0.4449773300437953
 -0.91347334786286249
 -0.96336037320867463
 -0.69041926913453366
 -0.22298493867120009
 0.4490623659983633
 0.84303899794670245
 0.99248136912938811
 0.68710847180785017
 0.21853088889063887
 -0.31160751590123287
 -0.75396512742134258
 -0.99965868631257737
 -0.87222403267404025
 -0.36081356617801502
 0.16726305010571701
 0.75695720037518566
 0.99976756718698545
 0.86998133186959403
 0.49511868617650917
 -0.019220412485174646
 -0.65169172040484546
 -0.98551828393206375
 -0.9334795565583065
 -0.4911458537354722
 0.17626072228136108
 0.65514869784289442
 0.98628238008474745
 0.9318320622966344
 0.48716277849229406
 -0.18075409140989987
 -0.76583845364504477
 -0.98702590740807916
 -0.93016513476203078
 -0.61127398981570313
 -0.12018508648974423
 0.40476032444000531
 0.81568351013060969
 0.996826148420485
 0.81913351355534125
 0.26606413057519801
 -0.40893200362750154
 -0.8965306462350312
 -0.99693837014674846
 -0.71870216652800389
 -0.26165925596843598
 0.26909386979366645
 0.82093309710364448
 0.99751166747468134
 0.81386045126370754
 0.25724892448168524
 -0.41724969046119159
 -0.82353223714346102
 -0.997823225944791
 -0.81119843305825856
 -0.25283322809198039
 0.27787907011093738
 0.82611420249337753
 0.99811397490226272
 0.80851949738323936
 0.24841225888832305
 -0.28226302332939512
 -0.73342394586459891
 -0.9779770926331931
 -0.88684106715721245
 -0.38930057845837962
 0.28664108997814214
