# Created by Octave 8.4.0, Thu Dec 11 09:16:06 2025 IST <gamana@Samsung>
# name: iq
# type: matrix
# rows: 2048
# columns: 1
 0.99706007033948296
 0.81741217677477895
 0.2631763561998442
 -0.41166286191191009
 -0.82003431881388944
 -0.99669975492155383
 -0.71661680183738552
 -0.10813648706951674
 0.54989853666459632
 0.95593663795513129
 0.97152058492562143
 0.59797692748566744
 0.10359543274975808
 -0.41996921323270014
 -0.82522724334078956
 -0.99591677378527643
 -0.80944368883232731
 -0.39494783328271993
 0.13080603864129745
 0.73235430365016874
 0.9982933274023793
 0.80675369022336518
 0.39074826631547099
 -0.13533214306748165
 -0.73545624545231092
 -0.97859770037839833
 -0.88545340033792985
 -0.5229222527763302
 -0.013082302230897626
 0.50044297299076146
 0.87299192731282182
 0.99961637728604458
 0.75293139567673473
 0.1612074989385934
 -0.36653212183670031
 -0.8752101648306293
 -0.98281373076484568
 -0.64003232751865924
 -0.0039492221486906965
 0.50832944618280662
 0.8774101499200383
 0.98196046852828767
 0.63651683455885644
 0.15218691789985109
 -0.51225682209534928
 -0.87959183670055963
 -0.99914313223323781
 -0.8372327419467338
 -0.29705977382799137
 0.23340805554780536
 0.69812411955698905
 0.99423482618450487
 0.834726723741544
 0.43536466339879998
 -0.086640958364850085
 -0.70138649497904204
 -0.9673440726117527
 -0.90715275704229548
 -0.5640436772560169
 -0.062041763045416379
 0.45743750616528306
 0.8480552264261183
 0.99977318748613397
 0.78426098528443078
 0.35630566381819206
 -0.17202205632633658
 -0.76010394507765244
 -0.98556272514868337
 -0.86759008943263682
 -0.3520349582153795
 0.17651889277400565
 0.65534683009168626
 0.98632564038788906
 0.93173685042504906
 0.61467493103747084
 -0.028613416223251562
 -0.65878935756162205
 -0.98706798589555911
 -0.93006880782054413
 -0.61106639304019938
 -0.11992470052882938
 0.53994946709703096
 0.95238598048070489
 0.97426376220703059
 0.60744511130886403
 0.11538970234524717
 -0.40917133979595066
 -0.8184675601388407
 -0.99719895765191047
 -0.81635404255404231
 -0.26140610184024543
 0.26934646894041164
 0.82108283884711719
 0.99753012452978629
 0.81370802101913009
 0.40164283463597866
 -0.1235663705437246
 -0.61396655002752176
 -0.93141046865899646
 -0.94984269133657262
 -0.5329992784866211
 0.12809678987676251
 0.73049112569938079
 0.977069646269493
 0.94840464974003225
 0.52912975935153383
 -0.13262453776289626
 -0.62115016073397611
 -0.97803180066825379
 -0.94694682925076201
 -0.64910403070761957
 -0.015814255536007973
 0.49807561849560866
 0.93630935971701046
 0.94546926027148714
 0.52135769715095059
 -0.14167164154906572
 -0.73977842583670239
 -0.97989489953272035
 -0.88246046011956136
 -0.51745531617108087
 -0.0066814220535604723
 0.50597464915570589
 0.87609610931798187
 0.9824734317532009
 0.63862173069241412
 0.15488675998232163
 -0.37248028622255525
 -0.87828874934801482
 -0.9816119409268943
 -0.74566827301361671
 -0.15037354922751256
 0.37671448817543773
 0.88046307274605584
 0.9990655247378426
 0.74261762234268391
 0.14585720244600886
 -0.5177438501891326
 -0.88261903416678134
 -0.99885772825792152
 -0.7395514844487685
 -0.14133781382581198
 0.38515923490199494
 0.80315574545163138
 0.99490081834697564
 0.83118473117740399
 0.42959307273497971
 -0.093016272330551625
 -0.70593475145094076
 -0.99535103343762399
 -0.90444055412780355
 -0.42546475484063667
 0.097562209492346161
 0.70916188232663657
 0.99578049057298412
 0.90248296796936045
 0.55495322438255723
 -0.10210611200314788
 -0.71237422369576531
 -0.97116471230884116
 -0.90050656061068934
 -0.55114847945818168
 0.106647885100269
 0.60043432000801411
 0.97224333165312371
 0.95503102527647488
 0.54733224038238693
 0.041967936110490878
 -0.60407993511190405
 -0.92680126506087157
 -0.95366701163178647
 -0.66538142519188515
 -0.18965584981998099
 0.33949636032895242
 0.77301140416510317
 0.99999432420953505
 0.76871908322971561
 0.18517004939254975
 -0.3437882972126497
 -0.77590042571686879
 -0.99996851064241199
 -0.85506042765754497
 -0.32884118840868792
 0.34807306442268504
 0.7787732659358052
 0.99009064908208233
 0.92249645868675645
 0.465241676691655
 -0.20521511058589292
 -0.6771455249584406
 -0.99072162615565063
 -0.85028888000473257
 -0.32020210376883135
 0.35662073253939414
 0.78447016306265849
 0.99976594875481661
 0.75690822893261911
 0.3158724996931519
 -0.36088345518522658
 -0.78729410116229492
 -0.99965672575733444
 -0.84544640193264708
 -0.31153630812522931
 0.21860401502443746
 0.68716291644317073
 0.96214591601666388
 0.91529182682589483
 0.44899540760658252
 -0.2230579892443621
 -0.79289266197034569
 -0.99303879523100436
 -0.91344285313471929
 -0.44491021868367014
 0.22750731161019144
 0.69376963989668572
 0.99356634228954255
 0.8380505755510308
 0.44081575119861865
 -0.23195188933175362
 -0.79842508030580706
 -0.9990113855659839
 -0.83555027623656908
 -0.29412747756966146
 0.38208240309828206
 0.80116634160787004
 0.99455926362965252
 0.8330325515970789
 0.43259932229274561
 -0.24082644017776364
 -0.80389089465875141
 -0.99856369517541654
 -0.73563393581916581
 -0.13559200846936478
 0.3905068220229197
 0.80659868263811108
 0.99830861010480987
 0.73253287317743021
 0.28100613039472744
 -0.24968090147450372
 -0.71003205735290709
 -0.970365004227011
 -0.9573431522354271
 -0.67463479703646312
 -0.20187974966664896
 0.46825450996007534
 0.9238061010348807
 0.98960650546753481
 0.77663172110021084
 0.34487739811668311
 -0.3320564935482308
 -0.85682192344726693
 -0.99998974295339804
 -0.77374680424103814
 -0.34058727400126604
 0.18851673627980456
 0.66451500356302839
 0.95331735554538732
 0.92723629695034715
 0.47623922634562982
 -0.19299959502625752
 -0.77379427491261488
 -0.99998940073362763
 -0.8567832820780219
 -0.47221868416594392
 0.19747842878373487
 0.67131238493471701
 0.98961727890937345
 0.9237774076299472
 0.46818829390851685
 -0.049932895571018494
 -0.67469011074952911
 -0.9573648031389832
 -0.92201904689465719
 -0.464148139626821
 0.20642364779482933
 0.78239957707987662
 0.99983247997102931
 0.84963824263651433
 0.31903190422298738
 -0.21088984649677303
 -0.78523545681431273
 -0.99973846832989566
 -0.7561005675315795
 -0.16597144449530166
 0.36203493382883944
 0.8728639727838754
 0.98369370243437959
 0.75310397795260287
 0.3103625522847524
 -0.36628807972477462
 -0.79085802944057393
 -0.99264084583298418
 -0.91479369043480918
 -0.44789157041556454
 0.22426168196300064
 0.6913662822677682
 0.96371087967815416
 0.96457516552375233
 0.57551774398311595
 0.075970812445554814
 -0.4449773300437953
 -0.91347334786286249
 -0.9930299656656284
 -0.69041926913453366
 -0.071416512219100281
 0.58031363000642855
 0.91532200863263968
 0.96212549010061099
 0.56802461131976778
 -0.086379658688501032
 -0.70119952048348844
 -0.99468715569620947
 -0.83234869697174474
 -0.28857749010972156
 0.2420248867701672
 0.8046248177948423
 0.99849676667961451
 0.82980891045096694
 0.4273613382131789
 -0.095475234185722443
 -0.5914161401871515
 -0.92075330497514141
 -0.99071143879023971
 -0.6770903799978768
 -0.053185367713742382
 0.59509241170698868
 0.92252538257895755
 0.99008012278011326
 0.67372268159183635
 0.20067004565239421
 -0.46934537146098876
 -0.92427822099980073
 -0.9894281587390571
 -0.7758531484989436
 -0.34371792593314032
 0.18524369092832746
 0.66202159170945685
 0.9523059789588959
 0.92847880871813848
 0.47916623207818182
 -0.03747970176815317
 -0.66543736480437243
 -0.95368955510989162
 -0.97328447172790966
 -0.71870216652800389
 -0.26165925596843598
 0.26909386979366645
 0.82093309710364448
 0.99751166747468134
 0.8930881406545097
 0.40188301863227083
 -0.27348932174976931
 -0.72718478695228606
 -0.997823225944791
 -0.81119843305825856
 -0.39769713668888385
 0.12783666325953147
 0.61735848295232298
 0.97701376738129042
 0.88894197826965471
 0.39350296080787661
 -0.13236456713272088
 -0.62094459040458649
 -0.93460261744058193
 -0.98498021969111815
 -0.75788587203879176
 -0.31729274896499249
 0.35948668907454695
